	CA7	CA8	CB7	CB8	CC7	CC8	CD7	CD8	CE7	CE8	CF7	CF8	CG7	CG8	CH7	CH8	CA1	CA2	CB1	CB2	CC1	CC2	CD1	CD2	CE1	CE2	CF1	CF2	CG1	CG2	CH1	CH2	CA5	CA6	CB5	CB6	CC5	CC6	CD6	CE5	CE6	CF5	CF6	CG5	CG6	CH5	CH6	CA11	CA12	CB11	CB12	CC11	CC12	CD11	CD12	CE11	CE12	CF11	CF12	CG11	CG12	CH11	CH12	CA3	CA4	CB3	CB4	CC4	CD3	CD4	CE4	CF3	CF4	CG3	CG4	CH3	CH4	CA9	CA10	CB9	CC9	CC10	CD9	CD10	CE9	CE10	CF9	CG9	CG10	CH9	CH10
CA7	0.0	0.399201596806	0.674650698603	0.545908183633	0.718562874251	0.65369261477	0.412175648703	0.427145708583	0.414171656687	0.416167664671	0.665668662675	0.692614770459	0.592814371257	0.645708582834	0.400199600798	0.319361277445	0.928143712575	0.905189620758	0.923153692615	0.920159680639	0.739520958084	0.779441117764	0.949101796407	0.924151696607	0.828343313373	0.862275449102	0.823353293413	0.837325349301	0.821357285429	0.865269461078	0.85129740519	0.894211576846	0.551896207585	0.513972055888	0.556886227545	0.501996007984	0.580838323353	0.575848303393	0.611776447106	0.547904191617	0.620758483034	0.597804391218	0.619760479042	0.530938123752	0.553892215569	0.521956087824	0.516966067864	0.73253493014	0.710578842315	0.687624750499	0.695608782435	0.602794411178	0.677644710579	0.63872255489	0.718562874251	0.63373253493	0.543912175649	0.612774451098	0.644710578842	0.705588822355	0.686626746507	0.718562874251	0.703592814371	0.929141716567	0.940119760479	0.888223552894	0.73253493014	0.928143712575	0.907185628743	0.73253493014	0.908183632735	0.873253493014	0.923153692615	0.75249500998	0.893213572854	0.963073852295	0.932135728543	0.7375249501	0.734530938124	0.700598802395	0.627744510978	0.641716566866	0.571856287425	0.584830339321	0.562874251497	0.536926147705	0.768463073852	0.750499001996	0.691616766467	0.698602794411	0.73253493014
CA8	0.399201596806	0.0	0.64371257485	0.49001996008	0.659680638723	0.583832335329	0.358283433134	0.455089820359	0.452095808383	0.39121756487	0.604790419162	0.632734530938	0.565868263473	0.60878243513	0.304391217565	0.339321357285	0.870259481038	0.857285429142	0.905189620758	0.89620758483	0.719560878244	0.740518962076	0.888223552894	0.862275449102	0.764471057884	0.806387225549	0.774451097804	0.779441117764	0.763473053892	0.822355289421	0.832335329341	0.854291417166	0.549900199601	0.50998003992	0.564870259481	0.508982035928	0.588822355289	0.579840319361	0.609780439122	0.545908183633	0.60878243513	0.592814371257	0.626746506986	0.534930139721	0.558882235529	0.522954091816	0.513972055888	0.719560878244	0.703592814371	0.650698602794	0.656686626747	0.587824351297	0.636726546906	0.616766467066	0.691616766467	0.614770459082	0.51996007984	0.619760479042	0.645708582834	0.677644710579	0.655688622754	0.707584830339	0.659680638723	0.940119760479	0.949101796407	0.887225548902	0.705588822355	0.937125748503	0.903193612774	0.705588822355	0.910179640719	0.87624750499	0.921157684631	0.736526946108	0.893213572854	0.962075848303	0.936127744511	0.694610778443	0.715568862275	0.678642714571	0.634730538922	0.647704590818	0.527944111776	0.533932135729	0.494011976048	0.488023952096	0.774451097804	0.708582834331	0.639720558882	0.677644710579	0.706586826347
CB7	0.674650698603	0.64371257485	0.0	0.550898203593	0.667664670659	0.658682634731	0.662674650699	0.672654690619	0.689620758483	0.672654690619	0.659680638723	0.663672654691	0.537924151697	0.438123752495	0.649700598802	0.670658682635	0.826347305389	0.809381237525	0.845309381238	0.848303393214	0.744510978044	0.744510978044	0.797405189621	0.769461077844	0.662674650699	0.700598802395	0.758483033932	0.746506986028	0.685628742515	0.785429141717	0.792415169661	0.788423153693	0.741516966068	0.746506986028	0.693612774451	0.738522954092	0.680638722555	0.730538922156	0.744510978044	0.743512974052	0.74750499002	0.746506986028	0.675648702595	0.739520958084	0.695608782435	0.746506986028	0.746506986028	0.780439121756	0.740518962076	0.770459081836	0.773453093812	0.698602794411	0.768463073852	0.692614770459	0.754491017964	0.702594810379	0.651696606786	0.711576846307	0.720558882236	0.794411177645	0.787425149701	0.759481037924	0.781437125749	0.884231536926	0.816367265469	0.88123752495	0.77245508982	0.805389221557	0.864271457086	0.776447105788	0.89620758483	0.813373253493	0.90119760479	0.776447105788	0.868263473054	0.842315369261	0.90119760479	0.863273453094	0.808383233533	0.855289421158	0.710578842315	0.678642714571	0.721556886228	0.721556886228	0.728542914172	0.718562874251	0.90119760479	0.882235528942	0.822355289421	0.859281437126	0.89620758483
CB8	0.545908183633	0.49001996008	0.550898203593	0.0	0.615768463074	0.605788423154	0.502994011976	0.567864271457	0.567864271457	0.517964071856	0.614770459082	0.632734530938	0.458083832335	0.496007984032	0.50499001996	0.521956087824	0.865269461078	0.850299401198	0.85628742515	0.845309381238	0.661676646707	0.697604790419	0.839321357285	0.830339321357	0.728542914172	0.763473053892	0.74750499002	0.745508982036	0.705588822355	0.783433133733	0.808383233533	0.832335329341	0.622754491018	0.629740518962	0.61377245509	0.637724550898	0.607784431138	0.631736526946	0.654690618762	0.644710578842	0.655688622754	0.663672654691	0.605788423154	0.662674650699	0.604790419162	0.644710578842	0.62375249501	0.697604790419	0.660678642715	0.678642714571	0.676646706587	0.601796407186	0.675648702595	0.601796407186	0.687624750499	0.61876247505	0.518962075848	0.624750499002	0.619760479042	0.712574850299	0.698602794411	0.679640718563	0.675648702595	0.895209580838	0.89620758483	0.873253493014	0.723552894212	0.88622754491	0.867265469062	0.718562874251	0.89121756487	0.843313373253	0.90119760479	0.72754491018	0.865269461078	0.919161676647	0.905189620758	0.760479041916	0.721556886228	0.746506986028	0.620758483034	0.612774451098	0.581836327345	0.586826347305	0.569860279441	0.549900199601	0.784431137725	0.76746506986	0.700598802395	0.739520958084	0.766467065868
CC7	0.718562874251	0.659680638723	0.667664670659	0.615768463074	0.0	0.525948103792	0.677644710579	0.770459081836	0.769461077844	0.691616766467	0.51497005988	0.442115768463	0.634730538922	0.660678642715	0.661676646707	0.702594810379	0.796407185629	0.796407185629	0.863273453094	0.868263473054	0.715568862275	0.709580838323	0.65369261477	0.652694610778	0.572854291417	0.572854291417	0.678642714571	0.682634730539	0.745508982036	0.808383233533	0.776447105788	0.77744510978	0.797405189621	0.805389221557	0.835329341317	0.819361277445	0.831337325349	0.824351297405	0.831337325349	0.817365269461	0.832335329341	0.845309381238	0.834331337325	0.842315369261	0.831337325349	0.820359281437	0.802395209581	0.721556886228	0.710578842315	0.711576846307	0.716566866267	0.697604790419	0.699600798403	0.700598802395	0.708582834331	0.699600798403	0.700598802395	0.704590818363	0.705588822355	0.72754491018	0.700598802395	0.708582834331	0.713572854291	0.949101796407	0.947105788423	0.913173652695	0.774451097804	0.938123752495	0.925149700599	0.774451097804	0.929141716567	0.853293413174	0.940119760479	0.781437125749	0.911177644711	0.978043912176	0.952095808383	0.764471057884	0.728542914172	0.755489021956	0.835329341317	0.810379241517	0.743512974052	0.745508982036	0.74251497006	0.74251497006	0.815369261477	0.771457085828	0.750499001996	0.755489021956	0.788423153693
CC8	0.65369261477	0.583832335329	0.658682634731	0.605788423154	0.525948103792	0.0	0.62874251497	0.741516966068	0.728542914172	0.654690618762	0.464071856287	0.489021956088	0.60379241517	0.657684630739	0.594810379242	0.632734530938	0.800399201597	0.802395209581	0.862275449102	0.86626746507	0.701596806387	0.698602794411	0.74251497006	0.738522954092	0.63872255489	0.671656686627	0.697604790419	0.701596806387	0.733532934132	0.804391217565	0.794411177645	0.799401197605	0.763473053892	0.774451097804	0.800399201597	0.781437125749	0.795409181637	0.791417165669	0.800399201597	0.783433133733	0.798403193613	0.815369261477	0.800399201597	0.806387225549	0.793413173653	0.790419161677	0.77245508982	0.726546906188	0.708582834331	0.669660678643	0.689620758483	0.65369261477	0.656686626747	0.675648702595	0.697604790419	0.663672654691	0.661676646707	0.658682634731	0.681636726547	0.682634730539	0.667664670659	0.709580838323	0.687624750499	0.931137724551	0.922155688623	0.890219560878	0.703592814371	0.916167664671	0.899201596806	0.709580838323	0.910179640719	0.857285429142	0.916167664671	0.734530938124	0.897205588822	0.950099800399	0.927145708583	0.699600798403	0.72255489022	0.707584830339	0.804391217565	0.77744510978	0.655688622754	0.669660678643	0.664670658683	0.652694610778	0.798403193613	0.711576846307	0.675648702595	0.702594810379	0.744510978044
CD7	0.412175648703	0.358283433134	0.662674650699	0.502994011976	0.677644710579	0.62874251497	0.0	0.437125748503	0.422155688623	0.330339321357	0.632734530938	0.657684630739	0.569860279441	0.620758483034	0.375249500998	0.394211576846	0.88123752495	0.873253493014	0.910179640719	0.898203592814	0.711576846307	0.740518962076	0.904191616766	0.879241516966	0.785429141717	0.820359281437	0.779441117764	0.783433133733	0.77245508982	0.828343313373	0.838323353293	0.860279441118	0.552894211577	0.502994011976	0.568862275449	0.512974051896	0.590818363273	0.576846307385	0.60878243513	0.549900199601	0.612774451098	0.592814371257	0.624750499002	0.535928143713	0.556886227545	0.520958083832	0.508982035928	0.678642714571	0.660678642715	0.644710578842	0.652694610778	0.569860279441	0.632734530938	0.579840319361	0.681636726547	0.586826347305	0.494011976048	0.585828343313	0.607784431138	0.678642714571	0.652694610778	0.661676646707	0.659680638723	0.937125748503	0.941117764471	0.88123752495	0.745508982036	0.931137724551	0.90618762475	0.749500998004	0.902195608782	0.873253493014	0.908183632735	0.756487025948	0.89121756487	0.955089820359	0.938123752495	0.713572854291	0.714570858283	0.668662674651	0.59381237525	0.597804391218	0.525948103792	0.521956087824	0.501996007984	0.486027944112	0.739520958084	0.721556886228	0.652694610778	0.674650698603	0.711576846307
CD8	0.427145708583	0.455089820359	0.672654690619	0.567864271457	0.770459081836	0.741516966068	0.437125748503	0.0	0.343313373253	0.415169660679	0.74251497006	0.770459081836	0.649700598802	0.635728542914	0.460079840319	0.426147704591	0.923153692615	0.912175648703	0.917165668663	0.918163672655	0.748502994012	0.77744510978	0.948103792415	0.934131736527	0.823353293413	0.867265469062	0.857285429142	0.840319361277	0.788423153693	0.844311377246	0.854291417166	0.895209580838	0.588822355289	0.536926147705	0.555888223553	0.516966067864	0.574850299401	0.581836327345	0.61876247505	0.562874251497	0.617764471058	0.588822355289	0.617764471058	0.531936127745	0.556886227545	0.535928143713	0.542914171657	0.735528942116	0.724550898204	0.728542914172	0.738522954092	0.644710578842	0.714570858283	0.649700598802	0.711576846307	0.649700598802	0.568862275449	0.663672654691	0.669660678643	0.760479041916	0.721556886228	0.725548902196	0.740518962076	0.920159680639	0.915169660679	0.855289421158	0.786427145709	0.908183632735	0.888223552894	0.791417165669	0.885229540918	0.842315369261	0.889221556886	0.797405189621	0.85628742515	0.932135728543	0.912175648703	0.788423153693	0.765469061876	0.761477045908	0.584830339321	0.594810379242	0.611776447106	0.619760479042	0.60379241517	0.576846307385	0.828343313373	0.797405189621	0.735528942116	0.763473053892	0.782435129741
CE7	0.414171656687	0.452095808383	0.689620758483	0.567864271457	0.769461077844	0.728542914172	0.422155688623	0.343313373253	0.0	0.408183632735	0.730538922156	0.758483033932	0.637724550898	0.64371257485	0.453093812375	0.420159680639	0.924151696607	0.910179640719	0.926147704591	0.925149700599	0.739520958084	0.766467065868	0.960079840319	0.939121756487	0.820359281437	0.875249500998	0.845309381238	0.832335329341	0.796407185629	0.858283433134	0.85628742515	0.892215568862	0.571856287425	0.516966067864	0.548902195609	0.493013972056	0.574850299401	0.569860279441	0.60379241517	0.542914171657	0.606786427146	0.59381237525	0.606786427146	0.521956087824	0.543912175649	0.516966067864	0.526946107784	0.731536926148	0.712574850299	0.720558882236	0.735528942116	0.631736526946	0.701596806387	0.62375249501	0.710578842315	0.639720558882	0.541916167665	0.64371257485	0.659680638723	0.751497005988	0.730538922156	0.719560878244	0.734530938124	0.930139720559	0.925149700599	0.862275449102	0.780439121756	0.923153692615	0.885229540918	0.780439121756	0.894211576846	0.854291417166	0.899201596806	0.791417165669	0.865269461078	0.936127744511	0.920159680639	0.77744510978	0.76746506986	0.749500998004	0.589820359281	0.600798403194	0.589820359281	0.602794411178	0.579840319361	0.550898203593	0.805389221557	0.783433133733	0.710578842315	0.74750499002	0.771457085828
CE8	0.416167664671	0.39121756487	0.672654690619	0.517964071856	0.691616766467	0.654690618762	0.330339321357	0.415169660679	0.408183632735	0.0	0.652694610778	0.689620758483	0.586826347305	0.635728542914	0.390219560878	0.404191616766	0.89121756487	0.884231536926	0.918163672655	0.914171656687	0.721556886228	0.760479041916	0.926147704591	0.905189620758	0.806387225549	0.842315369261	0.798403193613	0.798403193613	0.782435129741	0.844311377246	0.850299401198	0.874251497006	0.560878243513	0.50998003992	0.571856287425	0.5	0.587824351297	0.581836327345	0.614770459082	0.550898203593	0.614770459082	0.601796407186	0.622754491018	0.534930139721	0.561876247505	0.520958083832	0.51497005988	0.706586826347	0.693612774451	0.685628742515	0.688622754491	0.607784431138	0.667664670659	0.592814371257	0.676646706587	0.590818363273	0.5	0.617764471058	0.634730538922	0.709580838323	0.687624750499	0.696606786427	0.700598802395	0.935129740519	0.938123752495	0.887225548902	0.750499001996	0.926147704591	0.903193612774	0.755489021956	0.905189620758	0.875249500998	0.909181636727	0.763473053892	0.889221556886	0.948103792415	0.927145708583	0.733532934132	0.72255489022	0.700598802395	0.604790419162	0.625748502994	0.544910179641	0.558882235529	0.539920159681	0.512974051896	0.760479041916	0.73253493014	0.660678642715	0.694610778443	0.735528942116
CF7	0.665668662675	0.604790419162	0.659680638723	0.614770459082	0.51497005988	0.464071856287	0.632734530938	0.74251497006	0.730538922156	0.652694610778	0.0	0.48003992016	0.605788423154	0.658682634731	0.622754491018	0.657684630739	0.815369261477	0.809381237525	0.868263473054	0.865269461078	0.699600798403	0.692614770459	0.749500998004	0.736526946108	0.641716566866	0.668662674651	0.687624750499	0.691616766467	0.750499001996	0.808383233533	0.788423153693	0.788423153693	0.761477045908	0.775449101796	0.800399201597	0.786427145709	0.799401197605	0.790419161677	0.795409181637	0.787425149701	0.797405189621	0.816367265469	0.799401197605	0.806387225549	0.792415169661	0.786427145709	0.774451097804	0.723552894212	0.706586826347	0.686626746507	0.703592814371	0.649700598802	0.654690618762	0.671656686627	0.686626746507	0.660678642715	0.660678642715	0.650698602794	0.681636726547	0.694610778443	0.676646706587	0.703592814371	0.705588822355	0.940119760479	0.919161676647	0.880239520958	0.718562874251	0.917165668663	0.907185628743	0.72754491018	0.90618762475	0.843313373253	0.915169660679	0.741516966068	0.887225548902	0.945109780439	0.930139720559	0.716566866267	0.724550898204	0.709580838323	0.800399201597	0.769461077844	0.675648702595	0.680638722555	0.690618762475	0.680638722555	0.809381237525	0.73253493014	0.686626746507	0.716566866267	0.763473053892
CF8	0.692614770459	0.632734530938	0.663672654691	0.632734530938	0.442115768463	0.489021956088	0.657684630739	0.770459081836	0.758483033932	0.689620758483	0.48003992016	0.0	0.62375249501	0.656686626747	0.640718562874	0.678642714571	0.795409181637	0.801397205589	0.864271457086	0.867265469062	0.704590818363	0.698602794411	0.693612774451	0.688622754491	0.599800399202	0.602794411178	0.672654690619	0.672654690619	0.741516966068	0.808383233533	0.771457085828	0.770459081836	0.788423153693	0.802395209581	0.827345309381	0.814371257485	0.827345309381	0.820359281437	0.821357285429	0.812375249501	0.826347305389	0.840319361277	0.826347305389	0.833333333333	0.820359281437	0.818363273453	0.795409181637	0.703592814371	0.691616766467	0.667664670659	0.677644710579	0.675648702595	0.664670658683	0.697604790419	0.697604790419	0.677644710579	0.676646706587	0.672654690619	0.690618762475	0.687624750499	0.676646706587	0.692614770459	0.688622754491	0.935129740519	0.933133732535	0.897205588822	0.735528942116	0.924151696607	0.911177644711	0.735528942116	0.914171656687	0.835329341317	0.921157684631	0.753493013972	0.898203592814	0.962075848303	0.932135728543	0.724550898204	0.712574850299	0.712574850299	0.828343313373	0.799401197605	0.702594810379	0.712574850299	0.709580838323	0.702594810379	0.801397205589	0.739520958084	0.718562874251	0.717564870259	0.75748502994
CG7	0.592814371257	0.565868263473	0.537924151697	0.458083832335	0.634730538922	0.60379241517	0.569860279441	0.649700598802	0.637724550898	0.586826347305	0.605788423154	0.62375249501	0.0	0.49500998004	0.575848303393	0.587824351297	0.860279441118	0.835329341317	0.85628742515	0.848303393214	0.676646706587	0.702594810379	0.838323353293	0.818363273453	0.731536926148	0.76746506986	0.749500998004	0.744510978044	0.715568862275	0.776447105788	0.808383233533	0.828343313373	0.670658682635	0.674650698603	0.659680638723	0.687624750499	0.654690618762	0.680638722555	0.702594810379	0.689620758483	0.698602794411	0.709580838323	0.652694610778	0.707584830339	0.656686626747	0.685628742515	0.668662674651	0.723552894212	0.684630738523	0.706586826347	0.711576846307	0.641716566866	0.714570858283	0.637724550898	0.720558882236	0.642714570858	0.601796407186	0.65369261477	0.658682634731	0.736526946108	0.736526946108	0.708582834331	0.718562874251	0.899201596806	0.90618762475	0.889221556886	0.730538922156	0.89620758483	0.87125748503	0.729540918164	0.90618762475	0.857285429142	0.913173652695	0.745508982036	0.88123752495	0.931137724551	0.915169660679	0.769461077844	0.75249500998	0.763473053892	0.704590818363	0.662674650699	0.622754491018	0.62874251497	0.63373253493	0.627744510978	0.813373253493	0.789421157685	0.72754491018	0.766467065868	0.806387225549
CG8	0.645708582834	0.60878243513	0.438123752495	0.496007984032	0.660678642715	0.657684630739	0.620758483034	0.635728542914	0.64371257485	0.635728542914	0.658682634731	0.656686626747	0.49500998004	0.0	0.62375249501	0.631736526946	0.850299401198	0.836327345309	0.85129740519	0.847305389222	0.708582834331	0.712574850299	0.819361277445	0.792415169661	0.696606786427	0.733532934132	0.751497005988	0.7375249501	0.678642714571	0.776447105788	0.782435129741	0.810379241517	0.707584830339	0.702594810379	0.660678642715	0.703592814371	0.64870259481	0.691616766467	0.707584830339	0.712574850299	0.709580838323	0.706586826347	0.64371257485	0.705588822355	0.661676646707	0.706586826347	0.704590818363	0.76746506986	0.730538922156	0.753493013972	0.756487025948	0.677644710579	0.743512974052	0.679640718563	0.743512974052	0.681636726547	0.62375249501	0.693612774451	0.696606786427	0.784431137725	0.769461077844	0.74750499002	0.75748502994	0.882235528942	0.828343313373	0.877245508982	0.745508982036	0.820359281437	0.860279441118	0.746506986028	0.888223552894	0.830339321357	0.899201596806	0.746506986028	0.867265469062	0.854291417166	0.899201596806	0.829341317365	0.797405189621	0.823353293413	0.678642714571	0.649700598802	0.677644710579	0.680638722555	0.683632734531	0.677644710579	0.870259481038	0.844311377246	0.780439121756	0.822355289421	0.857285429142
CH7	0.400199600798	0.304391217565	0.649700598802	0.50499001996	0.661676646707	0.594810379242	0.375249500998	0.460079840319	0.453093812375	0.390219560878	0.622754491018	0.640718562874	0.575848303393	0.62375249501	0.0	0.360279441118	0.883233532934	0.864271457086	0.904191616766	0.900199600798	0.702594810379	0.738522954092	0.894211576846	0.873253493014	0.776447105788	0.812375249501	0.783433133733	0.785429141717	0.76746506986	0.829341317365	0.826347305389	0.858283433134	0.548902195609	0.506986027944	0.561876247505	0.507984031936	0.583832335329	0.578842315369	0.605788423154	0.537924151697	0.605788423154	0.592814371257	0.620758483034	0.530938123752	0.558882235529	0.51996007984	0.513972055888	0.726546906188	0.713572854291	0.680638722555	0.682634730539	0.606786427146	0.669660678643	0.625748502994	0.698602794411	0.622754491018	0.525948103792	0.629740518962	0.654690618762	0.710578842315	0.680638722555	0.719560878244	0.696606786427	0.929141716567	0.935129740519	0.890219560878	0.708582834331	0.917165668663	0.893213572854	0.713572854291	0.903193612774	0.863273453094	0.902195608782	0.73253493014	0.887225548902	0.950099800399	0.921157684631	0.708582834331	0.72255489022	0.709580838323	0.634730538922	0.651696606786	0.556886227545	0.561876247505	0.523952095808	0.510978043912	0.783433133733	0.715568862275	0.661676646707	0.698602794411	0.735528942116
CH8	0.319361277445	0.339321357285	0.670658682635	0.521956087824	0.702594810379	0.632734530938	0.394211576846	0.426147704591	0.420159680639	0.404191616766	0.657684630739	0.678642714571	0.587824351297	0.631736526946	0.360279441118	0.0	0.919161676647	0.89121756487	0.911177644711	0.910179640719	0.74251497006	0.775449101796	0.924151696607	0.908183632735	0.810379241517	0.849301397206	0.813373253493	0.816367265469	0.805389221557	0.843313373253	0.84630738523	0.883233532934	0.552894211577	0.515968063872	0.558882235529	0.5	0.581836327345	0.576846307385	0.611776447106	0.544910179641	0.614770459082	0.595808383234	0.619760479042	0.52994011976	0.551896207585	0.527944111776	0.517964071856	0.723552894212	0.703592814371	0.652694610778	0.654690618762	0.596806387226	0.645708582834	0.636726546906	0.713572854291	0.635728542914	0.52994011976	0.620758483034	0.646706586826	0.679640718563	0.669660678643	0.707584830339	0.667664670659	0.936127744511	0.944111776447	0.890219560878	0.711576846307	0.929141716567	0.90618762475	0.710578842315	0.909181636727	0.877245508982	0.919161676647	0.749500998004	0.894211576846	0.966067864271	0.936127744511	0.704590818363	0.72754491018	0.685628742515	0.63373253493	0.64371257485	0.552894211577	0.560878243513	0.527944111776	0.508982035928	0.775449101796	0.725548902196	0.661676646707	0.680638722555	0.717564870259
CA1	0.928143712575	0.870259481038	0.826347305389	0.865269461078	0.796407185629	0.800399201597	0.88123752495	0.923153692615	0.924151696607	0.89121756487	0.815369261477	0.795409181637	0.860279441118	0.850299401198	0.883233532934	0.919161676647	0.0	0.358283433134	0.493013972056	0.507984031936	0.841317365269	0.704590818363	0.75249500998	0.726546906188	0.716566866267	0.712574850299	0.482035928144	0.531936127745	0.498003992016	0.471057884232	0.489021956088	0.424151696607	0.966067864271	0.964071856287	0.967065868263	0.964071856287	0.965069860279	0.963073852295	0.967065868263	0.963073852295	0.964071856287	0.964071856287	0.964071856287	0.965069860279	0.966067864271	0.964071856287	0.964071856287	0.928143712575	0.927145708583	0.929141716567	0.934131736527	0.941117764471	0.935129740519	0.929141716567	0.913173652695	0.923153692615	0.926147704591	0.939121756487	0.937125748503	0.935129740519	0.939121756487	0.928143712575	0.943113772455	0.944111776447	0.950099800399	0.925149700599	0.936127744511	0.944111776447	0.934131736527	0.938123752495	0.924151696607	0.925149700599	0.927145708583	0.934131736527	0.929141716567	0.972055888224	0.949101796407	0.922155688623	0.922155688623	0.928143712575	0.951097804391	0.940119760479	0.937125748503	0.928143712575	0.931137724551	0.927145708583	0.952095808383	0.922155688623	0.926147704591	0.933133732535	0.932135728543
CA2	0.905189620758	0.857285429142	0.809381237525	0.850299401198	0.796407185629	0.802395209581	0.873253493014	0.912175648703	0.910179640719	0.884231536926	0.809381237525	0.801397205589	0.835329341317	0.836327345309	0.864271457086	0.89121756487	0.358283433134	0.0	0.468063872255	0.461077844311	0.840319361277	0.692614770459	0.755489021956	0.731536926148	0.713572854291	0.725548902196	0.469061876248	0.527944111776	0.479041916168	0.437125748503	0.449101796407	0.383233532934	0.952095808383	0.945109780439	0.949101796407	0.944111776447	0.946107784431	0.945109780439	0.951097804391	0.947105788423	0.947105788423	0.946107784431	0.948103792415	0.946107784431	0.948103792415	0.944111776447	0.949101796407	0.915169660679	0.908183632735	0.911177644711	0.920159680639	0.914171656687	0.917165668663	0.908183632735	0.907185628743	0.910179640719	0.908183632735	0.918163672655	0.918163672655	0.917165668663	0.914171656687	0.910179640719	0.922155688623	0.942115768463	0.944111776447	0.945109780439	0.927145708583	0.932135728543	0.931137724551	0.923153692615	0.920159680639	0.913173652695	0.920159680639	0.924151696607	0.947105788423	0.9750499002	0.948103792415	0.914171656687	0.909181636727	0.923153692615	0.947105788423	0.918163672655	0.921157684631	0.917165668663	0.929141716567	0.918163672655	0.938123752495	0.923153692615	0.923153692615	0.924151696607	0.930139720559
CB1	0.923153692615	0.905189620758	0.845309381238	0.85628742515	0.863273453094	0.862275449102	0.910179640719	0.917165668663	0.926147704591	0.918163672655	0.868263473054	0.864271457086	0.85628742515	0.85129740519	0.904191616766	0.911177644711	0.493013972056	0.468063872255	0.0	0.25249500998	0.87624750499	0.728542914172	0.822355289421	0.806387225549	0.780439121756	0.803393213573	0.533932135729	0.580838323353	0.51497005988	0.410179640719	0.450099800399	0.448103792415	0.971057884232	0.967065868263	0.939121756487	0.959081836327	0.940119760479	0.948103792415	0.968063872255	0.962075848303	0.967065868263	0.968063872255	0.939121756487	0.957085828343	0.941117764471	0.963073852295	0.97005988024	0.912175648703	0.913173652695	0.910179640719	0.911177644711	0.921157684631	0.916167664671	0.928143712575	0.925149700599	0.929141716567	0.920159680639	0.922155688623	0.925149700599	0.918163672655	0.919161676647	0.914171656687	0.912175648703	0.923153692615	0.931137724551	0.946107784431	0.928143712575	0.926147704591	0.939121756487	0.924151696607	0.934131736527	0.907185628743	0.935129740519	0.926147704591	0.951097804391	0.959081836327	0.935129740519	0.963073852295	0.922155688623	0.961077844311	0.935129740519	0.915169660679	0.949101796407	0.951097804391	0.950099800399	0.945109780439	0.955089820359	0.963073852295	0.963073852295	0.957085828343	0.958083832335
CB2	0.920159680639	0.89620758483	0.848303393214	0.845309381238	0.868263473054	0.86626746507	0.898203592814	0.918163672655	0.925149700599	0.914171656687	0.865269461078	0.867265469062	0.848303393214	0.847305389222	0.900199600798	0.910179640719	0.507984031936	0.461077844311	0.25249500998	0.0	0.864271457086	0.720558882236	0.830339321357	0.810379241517	0.787425149701	0.801397205589	0.528942115768	0.571856287425	0.492015968064	0.38123752495	0.437125748503	0.428143712575	0.971057884232	0.966067864271	0.932135728543	0.959081836327	0.935129740519	0.948103792415	0.967065868263	0.963073852295	0.968063872255	0.967065868263	0.931137724551	0.956087824351	0.934131736527	0.965069860279	0.969061876248	0.908183632735	0.909181636727	0.910179640719	0.909181636727	0.922155688623	0.913173652695	0.927145708583	0.928143712575	0.926147704591	0.921157684631	0.923153692615	0.922155688623	0.917165668663	0.925149700599	0.909181636727	0.908183632735	0.917165668663	0.922155688623	0.939121756487	0.916167664671	0.917165668663	0.925149700599	0.909181636727	0.923153692615	0.902195608782	0.925149700599	0.908183632735	0.938123752495	0.948103792415	0.922155688623	0.951097804391	0.920159680639	0.955089820359	0.927145708583	0.910179640719	0.942115768463	0.943113772455	0.945109780439	0.938123752495	0.954091816367	0.953093812375	0.953093812375	0.954091816367	0.952095808383
CC1	0.739520958084	0.719560878244	0.744510978044	0.661676646707	0.715568862275	0.701596806387	0.711576846307	0.748502994012	0.739520958084	0.721556886228	0.699600798403	0.704590818363	0.676646706587	0.708582834331	0.702594810379	0.74251497006	0.841317365269	0.840319361277	0.87624750499	0.864271457086	0.0	0.489021956088	0.888223552894	0.875249500998	0.761477045908	0.801397205589	0.743512974052	0.734530938124	0.74251497006	0.795409181637	0.804391217565	0.838323353293	0.7624750499	0.761477045908	0.758483033932	0.779441117764	0.759481037924	0.769461077844	0.792415169661	0.783433133733	0.793413173653	0.806387225549	0.758483033932	0.799401197605	0.75748502994	0.781437125749	0.760479041916	0.675648702595	0.696606786427	0.699600798403	0.72754491018	0.726546906188	0.691616766467	0.697604790419	0.680638722555	0.680638722555	0.73253493014	0.718562874251	0.714570858283	0.735528942116	0.733532934132	0.679640718563	0.720558882236	0.859281437126	0.830339321357	0.779441117764	0.694610778443	0.820359281437	0.828343313373	0.669660678643	0.813373253493	0.739520958084	0.807385229541	0.679640718563	0.77245508982	0.860279441118	0.854291417166	0.701596806387	0.701596806387	0.738522954092	0.776447105788	0.730538922156	0.731536926148	0.725548902196	0.744510978044	0.716566866267	0.818363273453	0.709580838323	0.723552894212	0.744510978044	0.766467065868
CC2	0.779441117764	0.740518962076	0.744510978044	0.697604790419	0.709580838323	0.698602794411	0.740518962076	0.77744510978	0.766467065868	0.760479041916	0.692614770459	0.698602794411	0.702594810379	0.712574850299	0.738522954092	0.775449101796	0.704590818363	0.692614770459	0.728542914172	0.720558882236	0.489021956088	0.0	0.796407185629	0.763473053892	0.681636726547	0.704590818363	0.559880239521	0.542914171657	0.636726546906	0.656686626747	0.640718562874	0.666666666667	0.820359281437	0.818363273453	0.801397205589	0.817365269461	0.807385229541	0.810379241517	0.832335329341	0.825349301397	0.829341317365	0.84630738523	0.802395209581	0.841317365269	0.800399201597	0.819361277445	0.821357285429	0.702594810379	0.72754491018	0.730538922156	0.74251497006	0.75249500998	0.724550898204	0.730538922156	0.730538922156	0.721556886228	0.75249500998	0.754491017964	0.744510978044	0.73253493014	0.74750499002	0.705588822355	0.740518962076	0.867265469062	0.84630738523	0.813373253493	0.743512974052	0.837325349301	0.85129740519	0.710578842315	0.832335329341	0.755489021956	0.834331337325	0.723552894212	0.808383233533	0.885229540918	0.867265469062	0.728542914172	0.702594810379	0.770459081836	0.802395209581	0.766467065868	0.773453093812	0.766467065868	0.789421157685	0.756487025948	0.844311377246	0.7375249501	0.775449101796	0.781437125749	0.790419161677
CD1	0.949101796407	0.888223552894	0.797405189621	0.839321357285	0.65369261477	0.74251497006	0.904191616766	0.948103792415	0.960079840319	0.926147704591	0.749500998004	0.693612774451	0.838323353293	0.819361277445	0.894211576846	0.924151696607	0.75249500998	0.755489021956	0.822355289421	0.830339321357	0.888223552894	0.796407185629	0.0	0.432135728543	0.573852295409	0.49001996008	0.715568862275	0.729540918164	0.805389221557	0.822355289421	0.814371257485	0.787425149701	0.986027944112	0.984031936128	0.984031936128	0.98502994012	0.98502994012	0.981037924152	0.984031936128	0.986027944112	0.984031936128	0.98502994012	0.983033932136	0.983033932136	0.98502994012	0.984031936128	0.987025948104	0.957085828343	0.950099800399	0.954091816367	0.958083832335	0.952095808383	0.955089820359	0.951097804391	0.950099800399	0.953093812375	0.953093812375	0.955089820359	0.954091816367	0.956087824351	0.951097804391	0.953093812375	0.956087824351	0.962075848303	0.957085828343	0.977045908184	0.971057884232	0.958083832335	0.98003992016	0.968063872255	0.978043912176	0.955089820359	0.976047904192	0.968063872255	0.981037924152	0.987025948104	0.973053892216	0.9750499002	0.956087824351	0.976047904192	0.964071856287	0.958083832335	0.974051896208	0.9750499002	0.976047904192	0.973053892216	0.982035928144	0.98003992016	0.978043912176	0.976047904192	0.979041916168
CD2	0.924151696607	0.862275449102	0.769461077844	0.830339321357	0.652694610778	0.738522954092	0.879241516966	0.934131736527	0.939121756487	0.905189620758	0.736526946108	0.688622754491	0.818363273453	0.792415169661	0.873253493014	0.908183632735	0.726546906188	0.731536926148	0.806387225549	0.810379241517	0.875249500998	0.763473053892	0.432135728543	0.0	0.553892215569	0.47005988024	0.681636726547	0.697604790419	0.775449101796	0.794411177645	0.780439121756	0.759481037924	0.971057884232	0.971057884232	0.97005988024	0.97005988024	0.97005988024	0.966067864271	0.973053892216	0.969061876248	0.97005988024	0.969061876248	0.968063872255	0.97005988024	0.968063872255	0.972055888224	0.972055888224	0.931137724551	0.925149700599	0.927145708583	0.932135728543	0.928143712575	0.926147704591	0.925149700599	0.923153692615	0.929141716567	0.929141716567	0.930139720559	0.925149700599	0.932135728543	0.926147704591	0.925149700599	0.927145708583	0.959081836327	0.957085828343	0.962075848303	0.953093812375	0.948103792415	0.965069860279	0.947105788423	0.963073852295	0.928143712575	0.966067864271	0.947105788423	0.967065868263	0.989021956088	0.965069860279	0.961077844311	0.933133732535	0.959081836327	0.944111776447	0.935129740519	0.956087824351	0.957085828343	0.957085828343	0.952095808383	0.963073852295	0.966067864271	0.962075848303	0.961077844311	0.960079840319
CE1	0.828343313373	0.764471057884	0.662674650699	0.728542914172	0.572854291417	0.63872255489	0.785429141717	0.823353293413	0.820359281437	0.806387225549	0.641716566866	0.599800399202	0.731536926148	0.696606786427	0.776447105788	0.810379241517	0.716566866267	0.713572854291	0.780439121756	0.787425149701	0.761477045908	0.681636726547	0.573852295409	0.553892215569	0.0	0.456087824351	0.662674650699	0.640718562874	0.679640718563	0.739520958084	0.708582834331	0.703592814371	0.875249500998	0.875249500998	0.87624750499	0.874251497006	0.877245508982	0.874251497006	0.878243512974	0.878243512974	0.87624750499	0.874251497006	0.878243512974	0.874251497006	0.877245508982	0.878243512974	0.877245508982	0.783433133733	0.77245508982	0.778443113772	0.819361277445	0.756487025948	0.768463073852	0.778443113772	0.750499001996	0.770459081836	0.782435129741	0.760479041916	0.754491017964	0.803393213573	0.785429141717	0.768463073852	0.795409181637	0.953093812375	0.933133732535	0.900199600798	0.870259481038	0.928143712575	0.941117764471	0.869261477046	0.939121756487	0.821357285429	0.940119760479	0.88123752495	0.900199600798	0.967065868263	0.952095808383	0.87624750499	0.796407185629	0.868263473054	0.836327345309	0.820359281437	0.843313373253	0.84630738523	0.848303393214	0.838323353293	0.929141716567	0.88123752495	0.852295409182	0.872255489022	0.902195608782
CE2	0.862275449102	0.806387225549	0.700598802395	0.763473053892	0.572854291417	0.671656686627	0.820359281437	0.867265469062	0.875249500998	0.842315369261	0.668662674651	0.602794411178	0.76746506986	0.733532934132	0.812375249501	0.849301397206	0.712574850299	0.725548902196	0.803393213573	0.801397205589	0.801397205589	0.704590818363	0.49001996008	0.47005988024	0.456087824351	0.0	0.661676646707	0.63872255489	0.719560878244	0.74750499002	0.72255489022	0.725548902196	0.918163672655	0.920159680639	0.919161676647	0.918163672655	0.919161676647	0.914171656687	0.920159680639	0.918163672655	0.918163672655	0.918163672655	0.918163672655	0.916167664671	0.918163672655	0.919161676647	0.920159680639	0.834331337325	0.834331337325	0.836327345309	0.841317365269	0.834331337325	0.836327345309	0.831337325349	0.826347305389	0.828343313373	0.828343313373	0.838323353293	0.831337325349	0.839321357285	0.836327345309	0.837325349301	0.842315369261	0.954091816367	0.942115768463	0.909181636727	0.89121756487	0.932135728543	0.947105788423	0.888223552894	0.943113772455	0.859281437126	0.952095808383	0.892215568862	0.908183632735	0.9750499002	0.955089820359	0.893213572854	0.840319361277	0.89121756487	0.878243512974	0.868263473054	0.890219560878	0.895209580838	0.892215568862	0.887225548902	0.936127744511	0.89620758483	0.892215568862	0.89620758483	0.916167664671
CF1	0.823353293413	0.774451097804	0.758483033932	0.74750499002	0.678642714571	0.697604790419	0.779441117764	0.857285429142	0.845309381238	0.798403193613	0.687624750499	0.672654690619	0.749500998004	0.751497005988	0.783433133733	0.813373253493	0.482035928144	0.469061876248	0.533932135729	0.528942115768	0.743512974052	0.559880239521	0.715568862275	0.681636726547	0.662674650699	0.661676646707	0.0	0.333333333333	0.491017964072	0.50499001996	0.453093812375	0.444111776447	0.883233532934	0.885229540918	0.899201596806	0.887225548902	0.897205588822	0.88622754491	0.90119760479	0.890219560878	0.904191616766	0.921157684631	0.898203592814	0.907185628743	0.889221556886	0.893213572854	0.88622754491	0.785429141717	0.797405189621	0.790419161677	0.802395209581	0.801397205589	0.787425149701	0.789421157685	0.77744510978	0.785429141717	0.799401197605	0.802395209581	0.793413173653	0.792415169661	0.791417165669	0.788423153693	0.803393213573	0.914171656687	0.912175648703	0.924151696607	0.834331337325	0.894211576846	0.905189620758	0.829341317365	0.888223552894	0.842315369261	0.89620758483	0.826347305389	0.926147704591	0.953093812375	0.919161676647	0.837325349301	0.786427145709	0.843313373253	0.915169660679	0.882235528942	0.847305389222	0.832335329341	0.844311377246	0.832335329341	0.865269461078	0.841317365269	0.839321357285	0.838323353293	0.841317365269
CF2	0.837325349301	0.779441117764	0.746506986028	0.745508982036	0.682634730539	0.701596806387	0.783433133733	0.840319361277	0.832335329341	0.798403193613	0.691616766467	0.672654690619	0.744510978044	0.7375249501	0.785429141717	0.816367265469	0.531936127745	0.527944111776	0.580838323353	0.571856287425	0.734530938124	0.542914171657	0.729540918164	0.697604790419	0.640718562874	0.63872255489	0.333333333333	0.0	0.520958083832	0.535928143713	0.474051896208	0.474051896208	0.885229540918	0.884231536926	0.884231536926	0.882235528942	0.882235528942	0.875249500998	0.89121756487	0.885229540918	0.883233532934	0.900199600798	0.882235528942	0.889221556886	0.878243512974	0.883233532934	0.884231536926	0.793413173653	0.793413173653	0.784431137725	0.794411177645	0.792415169661	0.780439121756	0.793413173653	0.779441117764	0.787425149701	0.797405189621	0.801397205589	0.786427145709	0.798403193613	0.785429141717	0.792415169661	0.801397205589	0.920159680639	0.916167664671	0.907185628743	0.844311377246	0.904191616766	0.903193612774	0.825349301397	0.897205588822	0.825349301397	0.904191616766	0.832335329341	0.911177644711	0.948103792415	0.923153692615	0.833333333333	0.796407185629	0.842315369261	0.88622754491	0.854291417166	0.845309381238	0.831337325349	0.849301397206	0.838323353293	0.868263473054	0.842315369261	0.845309381238	0.845309381238	0.849301397206
CG1	0.821357285429	0.763473053892	0.685628742515	0.705588822355	0.745508982036	0.733532934132	0.77245508982	0.788423153693	0.796407185629	0.782435129741	0.750499001996	0.741516966068	0.715568862275	0.678642714571	0.76746506986	0.805389221557	0.498003992016	0.479041916168	0.51497005988	0.492015968064	0.74251497006	0.636726546906	0.805389221557	0.775449101796	0.679640718563	0.719560878244	0.491017964072	0.520958083832	0.0	0.392215568862	0.4750499002	0.48502994012	0.875249500998	0.868263473054	0.812375249501	0.855289421158	0.797405189621	0.854291417166	0.868263473054	0.865269461078	0.86626746507	0.86626746507	0.792415169661	0.86127744511	0.815369261477	0.86626746507	0.870259481038	0.818363273453	0.786427145709	0.813373253493	0.814371257485	0.816367265469	0.817365269461	0.823353293413	0.820359281437	0.820359281437	0.811377245509	0.819361277445	0.824351297405	0.840319361277	0.830339321357	0.802395209581	0.816367265469	0.893213572854	0.880239520958	0.87125748503	0.790419161677	0.867265469062	0.855289421158	0.787425149701	0.885229540918	0.86127744511	0.892215568862	0.800399201597	0.85628742515	0.890219560878	0.899201596806	0.847305389222	0.845309381238	0.844311377246	0.841317365269	0.802395209581	0.830339321357	0.830339321357	0.829341317365	0.828343313373	0.88622754491	0.858283433134	0.834331337325	0.842315369261	0.87624750499
