	CA7	CA8	CB7	CB8	CC7	CC8	CD7	CD8	CE7	CE8	CF7	CF8	CG7	CG8	CH7	CH8	CA1	CA2	CB1	CB2	CC1	CC2	CD1	CD2	CE1	CE2	CF1	CF2	CG1	CG2	CH1	CH2	CA5	CA6	CB5	CB6	CC5	CC6	CD6	CE5	CE6	CF5	CF6	CG5	CG6	CH5	CH6	CA11	CA12	CB11	CB12	CC11	CC12	CD11	CD12	CE11	CE12	CF11	CF12	CG11	CG12	CH11	CH12	CA3	CA4	CB3	CB4	CC4	CD3	CD4	CE4	CF3	CF4	CG3	CG4	CH3	CH4	CA9	CA10	CB9	CC9	CC10	CD9	CD10	CE9	CE10	CF9	CG9	CG10	CH9	CH10
CA7	0.0	0.40119760479	0.641716566866	0.546906187625	0.705588822355	0.655688622754	0.419161676647	0.413173652695	0.400199600798	0.436127744511	0.672654690619	0.685628742515	0.579840319361	0.635728542914	0.383233532934	0.304391217565	0.927145708583	0.917165668663	0.910179640719	0.898203592814	0.72255489022	0.75748502994	0.929141716567	0.920159680639	0.810379241517	0.860279441118	0.845309381238	0.834331337325	0.822355289421	0.852295409182	0.858283433134	0.854291417166	0.548902195609	0.525948103792	0.567864271457	0.474051896208	0.605788423154	0.571856287425	0.590818363273	0.574850299401	0.629740518962	0.599800399202	0.599800399202	0.530938123752	0.564870259481	0.525948103792	0.52994011976	0.7375249501	0.698602794411	0.688622754491	0.700598802395	0.596806387226	0.676646706587	0.636726546906	0.705588822355	0.611776447106	0.523952095808	0.609780439122	0.640718562874	0.693612774451	0.690618762475	0.707584830339	0.708582834331	0.919161676647	0.926147704591	0.887225548902	0.736526946108	0.914171656687	0.900199600798	0.735528942116	0.903193612774	0.87125748503	0.923153692615	0.760479041916	0.893213572854	0.956087824351	0.910179640719	0.739520958084	0.719560878244	0.72255489022	0.629740518962	0.607784431138	0.588822355289	0.610778443114	0.566866267465	0.547904191617	0.787425149701	0.744510978044	0.690618762475	0.720558882236	0.750499001996
CA8	0.40119760479	0.0	0.624750499002	0.500998003992	0.63373253493	0.589820359281	0.372255489022	0.469061876248	0.466067864271	0.39620758483	0.604790419162	0.611776447106	0.556886227545	0.617764471058	0.319361277445	0.37125748503	0.85628742515	0.845309381238	0.910179640719	0.888223552894	0.694610778443	0.728542914172	0.873253493014	0.864271457086	0.764471057884	0.799401197605	0.796407185629	0.779441117764	0.768463073852	0.840319361277	0.830339321357	0.802395209581	0.539920159681	0.52994011976	0.580838323353	0.539920159681	0.621756487026	0.584830339321	0.581836327345	0.578842315369	0.62874251497	0.600798403194	0.617764471058	0.549900199601	0.582834331337	0.531936127745	0.52994011976	0.736526946108	0.694610778443	0.658682634731	0.668662674651	0.61377245509	0.64870259481	0.622754491018	0.685628742515	0.590818363273	0.51996007984	0.620758483034	0.649700598802	0.661676646707	0.665668662675	0.715568862275	0.683632734531	0.921157684631	0.944111776447	0.89121756487	0.712574850299	0.930139720559	0.907185628743	0.729540918164	0.897205588822	0.873253493014	0.919161676647	0.760479041916	0.89620758483	0.960079840319	0.927145708583	0.676646706587	0.712574850299	0.681636726547	0.642714570858	0.610778443114	0.546906187625	0.550898203593	0.513972055888	0.505988023952	0.786427145709	0.692614770459	0.639720558882	0.674650698603	0.703592814371
CB7	0.641716566866	0.624750499002	0.0	0.525948103792	0.671656686627	0.655688622754	0.625748502994	0.662674650699	0.656686626747	0.644710578842	0.664670658683	0.642714570858	0.518962075848	0.414171656687	0.657684630739	0.649700598802	0.849301397206	0.835329341317	0.869261477046	0.847305389222	0.741516966068	0.717564870259	0.794411177645	0.77744510978	0.669660678643	0.703592814371	0.782435129741	0.75249500998	0.728542914172	0.778443113772	0.807385229541	0.789421157685	0.736526946108	0.72255489022	0.676646706587	0.724550898204	0.677644710579	0.720558882236	0.73253493014	0.729540918164	0.731536926148	0.731536926148	0.641716566866	0.72255489022	0.683632734531	0.726546906188	0.733532934132	0.7624750499	0.716566866267	0.765469061876	0.786427145709	0.693612774451	0.758483033932	0.679640718563	0.756487025948	0.655688622754	0.640718562874	0.712574850299	0.709580838323	0.77245508982	0.77744510978	0.748502994012	0.77744510978	0.887225548902	0.811377245509	0.875249500998	0.783433133733	0.805389221557	0.879241516966	0.760479041916	0.885229540918	0.811377245509	0.893213572854	0.786427145709	0.865269461078	0.84630738523	0.875249500998	0.847305389222	0.784431137725	0.855289421158	0.690618762475	0.668662674651	0.706586826347	0.72255489022	0.707584830339	0.687624750499	0.903193612774	0.862275449102	0.811377245509	0.849301397206	0.878243512974
CB8	0.546906187625	0.500998003992	0.525948103792	0.0	0.605788423154	0.600798403194	0.508982035928	0.59880239521	0.602794411178	0.542914171657	0.626746506986	0.59880239521	0.444111776447	0.513972055888	0.535928143713	0.552894211577	0.865269461078	0.842315369261	0.879241516966	0.862275449102	0.656686626747	0.691616766467	0.844311377246	0.829341317365	0.735528942116	0.77744510978	0.790419161677	0.766467065868	0.726546906188	0.782435129741	0.822355289421	0.802395209581	0.664670658683	0.641716566866	0.625748502994	0.690618762475	0.641716566866	0.65369261477	0.691616766467	0.682634730539	0.679640718563	0.675648702595	0.640718562874	0.695608782435	0.630738522954	0.665668662675	0.660678642715	0.716566866267	0.662674650699	0.684630738523	0.694610778443	0.610778443114	0.687624750499	0.62874251497	0.686626746507	0.595808383234	0.561876247505	0.629740518962	0.62874251497	0.698602794411	0.705588822355	0.690618762475	0.678642714571	0.898203592814	0.90618762475	0.875249500998	0.724550898204	0.900199600798	0.877245508982	0.717564870259	0.889221556886	0.858283433134	0.895209580838	0.730538922156	0.864271457086	0.927145708583	0.893213572854	0.740518962076	0.711576846307	0.743512974052	0.655688622754	0.625748502994	0.585828343313	0.587824351297	0.577844311377	0.566866267465	0.788423153693	0.745508982036	0.689620758483	0.740518962076	0.764471057884
CC7	0.705588822355	0.63373253493	0.671656686627	0.605788423154	0.0	0.50998003992	0.670658682635	0.780439121756	0.783433133733	0.687624750499	0.498003992016	0.432135728543	0.626746506986	0.671656686627	0.667664670659	0.712574850299	0.802395209581	0.791417165669	0.885229540918	0.859281437126	0.707584830339	0.696606786427	0.658682634731	0.649700598802	0.574850299401	0.590818363273	0.726546906188	0.689620758483	0.759481037924	0.818363273453	0.789421157685	0.77245508982	0.808383233533	0.798403193613	0.811377245509	0.840319361277	0.827345309381	0.820359281437	0.837325349301	0.830339321357	0.827345309381	0.830339321357	0.830339321357	0.847305389222	0.817365269461	0.817365269461	0.802395209581	0.730538922156	0.687624750499	0.697604790419	0.711576846307	0.683632734531	0.683632734531	0.699600798403	0.680638722555	0.691616766467	0.690618762475	0.688622754491	0.690618762475	0.700598802395	0.691616766467	0.711576846307	0.717564870259	0.939121756487	0.938123752495	0.909181636727	0.775449101796	0.934131736527	0.927145708583	0.774451097804	0.926147704591	0.859281437126	0.945109780439	0.779441117764	0.910179640719	0.978043912176	0.938123752495	0.740518962076	0.710578842315	0.759481037924	0.836327345309	0.807385229541	0.730538922156	0.731536926148	0.731536926148	0.725548902196	0.815369261477	0.755489021956	0.740518962076	0.750499001996	0.778443113772
CC8	0.655688622754	0.589820359281	0.655688622754	0.600798403194	0.50998003992	0.0	0.634730538922	0.733532934132	0.739520958084	0.652694610778	0.454091816367	0.4750499002	0.601796407186	0.640718562874	0.61876247505	0.672654690619	0.805389221557	0.782435129741	0.877245508982	0.858283433134	0.683632734531	0.674650698603	0.746506986028	0.73253493014	0.630738522954	0.677644710579	0.731536926148	0.706586826347	0.74750499002	0.808383233533	0.787425149701	0.75249500998	0.779441117764	0.751497005988	0.779441117764	0.797405189621	0.790419161677	0.785429141717	0.796407185629	0.799401197605	0.791417165669	0.799401197605	0.796407185629	0.808383233533	0.785429141717	0.775449101796	0.768463073852	0.738522954092	0.690618762475	0.683632734531	0.700598802395	0.646706586826	0.664670658683	0.667664670659	0.673652694611	0.661676646707	0.657684630739	0.649700598802	0.671656686627	0.683632734531	0.682634730539	0.717564870259	0.712574850299	0.914171656687	0.913173652695	0.879241516966	0.730538922156	0.909181636727	0.902195608782	0.72255489022	0.898203592814	0.84630738523	0.917165668663	0.738522954092	0.880239520958	0.962075848303	0.910179640719	0.693612774451	0.713572854291	0.72255489022	0.791417165669	0.761477045908	0.660678642715	0.677644710579	0.674650698603	0.669660678643	0.810379241517	0.713572854291	0.685628742515	0.715568862275	0.750499001996
CD7	0.419161676647	0.372255489022	0.625748502994	0.508982035928	0.670658682635	0.634730538922	0.0	0.432135728543	0.433133732535	0.321357285429	0.660678642715	0.645708582834	0.568862275449	0.617764471058	0.387225548902	0.420159680639	0.882235528942	0.875249500998	0.910179640719	0.897205588822	0.700598802395	0.740518962076	0.898203592814	0.880239520958	0.789421157685	0.824351297405	0.807385229541	0.798403193613	0.780439121756	0.839321357285	0.828343313373	0.817365269461	0.541916167665	0.51996007984	0.578842315369	0.534930139721	0.61876247505	0.571856287425	0.586826347305	0.576846307385	0.629740518962	0.596806387226	0.612774451098	0.544910179641	0.574850299401	0.525948103792	0.532934131737	0.695608782435	0.64371257485	0.655688622754	0.665668662675	0.575848303393	0.637724550898	0.592814371257	0.663672654691	0.577844311377	0.500998003992	0.590818363273	0.594810379242	0.659680638723	0.656686626747	0.667664670659	0.673652694611	0.925149700599	0.944111776447	0.892215568862	0.753493013972	0.936127744511	0.903193612774	0.751497005988	0.90119760479	0.879241516966	0.920159680639	0.765469061876	0.893213572854	0.964071856287	0.929141716567	0.728542914172	0.715568862275	0.684630738523	0.592814371257	0.560878243513	0.533932135729	0.536926147705	0.510978043912	0.498003992016	0.751497005988	0.731536926148	0.651696606786	0.671656686627	0.726546906188
CD8	0.413173652695	0.469061876248	0.662674650699	0.59880239521	0.780439121756	0.733532934132	0.432135728543	0.0	0.325349301397	0.441117764471	0.764471057884	0.7624750499	0.630738522954	0.64870259481	0.461077844311	0.412175648703	0.931137724551	0.924151696607	0.931137724551	0.918163672655	0.743512974052	0.774451097804	0.959081836327	0.943113772455	0.833333333333	0.88622754491	0.857285429142	0.845309381238	0.805389221557	0.862275449102	0.859281437126	0.855289421158	0.550898203593	0.550898203593	0.570858283433	0.462075848303	0.607784431138	0.576846307385	0.580838323353	0.576846307385	0.624750499002	0.585828343313	0.59381237525	0.517964071856	0.561876247505	0.536926147705	0.548902195609	0.748502994012	0.725548902196	0.739520958084	0.756487025948	0.664670658683	0.736526946108	0.647704590818	0.72255489022	0.620758483034	0.561876247505	0.675648702595	0.680638722555	0.745508982036	0.748502994012	0.731536926148	0.755489021956	0.90119760479	0.916167664671	0.85628742515	0.788423153693	0.920159680639	0.882235528942	0.783433133733	0.877245508982	0.850299401198	0.89620758483	0.796407185629	0.864271457086	0.941117764471	0.904191616766	0.783433133733	0.764471057884	0.77744510978	0.612774451098	0.579840319361	0.620758483034	0.62874251497	0.614770459082	0.597804391218	0.832335329341	0.786427145709	0.730538922156	0.77245508982	0.801397205589
CE7	0.400199600798	0.466067864271	0.656686626747	0.602794411178	0.783433133733	0.739520958084	0.433133732535	0.325349301397	0.0	0.424151696607	0.76746506986	0.760479041916	0.627744510978	0.645708582834	0.447105788423	0.414171656687	0.927145708583	0.916167664671	0.929141716567	0.922155688623	0.738522954092	0.761477045908	0.954091816367	0.941117764471	0.835329341317	0.875249500998	0.857285429142	0.843313373253	0.803393213573	0.862275449102	0.85628742515	0.852295409182	0.554890219561	0.541916167665	0.569860279441	0.462075848303	0.602794411178	0.576846307385	0.575848303393	0.564870259481	0.619760479042	0.591816367265	0.585828343313	0.51497005988	0.562874251497	0.533932135729	0.543912175649	0.74750499002	0.725548902196	0.740518962076	0.75748502994	0.667664670659	0.729540918164	0.650698602794	0.729540918164	0.615768463074	0.556886227545	0.672654690619	0.675648702595	0.744510978044	0.746506986028	0.730538922156	0.766467065868	0.895209580838	0.914171656687	0.858283433134	0.793413173653	0.909181636727	0.883233532934	0.783433133733	0.873253493014	0.847305389222	0.892215568862	0.798403193613	0.865269461078	0.929141716567	0.90119760479	0.779441117764	0.761477045908	0.778443113772	0.609780439122	0.578842315369	0.620758483034	0.631736526946	0.610778443114	0.579840319361	0.826347305389	0.779441117764	0.728542914172	0.769461077844	0.807385229541
CE8	0.436127744511	0.39620758483	0.644710578842	0.542914171657	0.687624750499	0.652694610778	0.321357285429	0.441117764471	0.424151696607	0.0	0.671656686627	0.674650698603	0.570858283433	0.641716566866	0.39121756487	0.440119760479	0.897205588822	0.889221556886	0.925149700599	0.90618762475	0.704590818363	0.745508982036	0.915169660679	0.903193612774	0.798403193613	0.844311377246	0.828343313373	0.809381237525	0.798403193613	0.85129740519	0.833333333333	0.827345309381	0.544910179641	0.520958083832	0.575848303393	0.533932135729	0.619760479042	0.578842315369	0.583832335329	0.573852295409	0.62375249501	0.59381237525	0.61377245509	0.541916167665	0.576846307385	0.526946107784	0.530938123752	0.704590818363	0.671656686627	0.680638722555	0.700598802395	0.60379241517	0.656686626747	0.592814371257	0.677644710579	0.572854291417	0.511976047904	0.60878243513	0.61377245509	0.685628742515	0.685628742515	0.677644710579	0.713572854291	0.927145708583	0.941117764471	0.89620758483	0.759481037924	0.934131736527	0.910179640719	0.751497005988	0.897205588822	0.88123752495	0.920159680639	0.766467065868	0.898203592814	0.962075848303	0.930139720559	0.728542914172	0.714570858283	0.701596806387	0.609780439122	0.574850299401	0.544910179641	0.555888223553	0.532934131737	0.506986027944	0.763473053892	0.735528942116	0.668662674651	0.700598802395	0.743512974052
CF7	0.672654690619	0.604790419162	0.664670658683	0.626746506986	0.498003992016	0.454091816367	0.660678642715	0.764471057884	0.76746506986	0.671656686627	0.0	0.473053892216	0.620758483034	0.650698602794	0.629740518962	0.678642714571	0.805389221557	0.789421157685	0.882235528942	0.859281437126	0.694610778443	0.683632734531	0.74750499002	0.74251497006	0.636726546906	0.670658682635	0.729540918164	0.706586826347	0.761477045908	0.817365269461	0.786427145709	0.753493013972	0.798403193613	0.780439121756	0.799401197605	0.824351297405	0.811377245509	0.808383233533	0.821357285429	0.818363273453	0.808383233533	0.815369261477	0.814371257485	0.831337325349	0.809381237525	0.800399201597	0.787425149701	0.725548902196	0.685628742515	0.668662674651	0.689620758483	0.660678642715	0.647704590818	0.686626746507	0.667664670659	0.677644710579	0.679640718563	0.657684630739	0.686626746507	0.674650698603	0.667664670659	0.705588822355	0.696606786427	0.922155688623	0.914171656687	0.885229540918	0.724550898204	0.914171656687	0.904191616766	0.720558882236	0.89620758483	0.853293413174	0.920159680639	0.753493013972	0.88622754491	0.959081836327	0.919161676647	0.684630738523	0.708582834331	0.715568862275	0.820359281437	0.779441117764	0.675648702595	0.684630738523	0.688622754491	0.678642714571	0.812375249501	0.709580838323	0.691616766467	0.708582834331	0.745508982036
CF8	0.685628742515	0.611776447106	0.642714570858	0.59880239521	0.432135728543	0.4750499002	0.645708582834	0.7624750499	0.760479041916	0.674650698603	0.473053892216	0.0	0.609780439122	0.645708582834	0.65369261477	0.689620758483	0.789421157685	0.786427145709	0.888223552894	0.857285429142	0.700598802395	0.691616766467	0.676646706587	0.65369261477	0.575848303393	0.601796407186	0.715568862275	0.698602794411	0.74750499002	0.813373253493	0.785429141717	0.761477045908	0.803393213573	0.785429141717	0.803393213573	0.828343313373	0.810379241517	0.806387225549	0.823353293413	0.822355289421	0.816367265469	0.822355289421	0.819361277445	0.833333333333	0.813373253493	0.802395209581	0.795409181637	0.731536926148	0.685628742515	0.694610778443	0.707584830339	0.677644710579	0.683632734531	0.688622754491	0.675648702595	0.682634730539	0.678642714571	0.675648702595	0.682634730539	0.695608782435	0.694610778443	0.709580838323	0.716566866267	0.928143712575	0.929141716567	0.90119760479	0.758483033932	0.926147704591	0.910179640719	0.753493013972	0.912175648703	0.85129740519	0.932135728543	0.771457085828	0.903193612774	0.97005988024	0.921157684631	0.725548902196	0.715568862275	0.744510978044	0.822355289421	0.795409181637	0.704590818363	0.713572854291	0.715568862275	0.704590818363	0.809381237525	0.745508982036	0.72255489022	0.7375249501	0.77245508982
CG7	0.579840319361	0.556886227545	0.518962075848	0.444111776447	0.626746506986	0.601796407186	0.568862275449	0.630738522954	0.627744510978	0.570858283433	0.620758483034	0.609780439122	0.0	0.479041916168	0.585828343313	0.586826347305	0.845309381238	0.840319361277	0.875249500998	0.848303393214	0.657684630739	0.680638722555	0.825349301397	0.813373253493	0.725548902196	0.763473053892	0.77744510978	0.764471057884	0.720558882236	0.769461077844	0.811377245509	0.784431137725	0.680638722555	0.65369261477	0.632734530938	0.698602794411	0.647704590818	0.668662674651	0.703592814371	0.695608782435	0.689620758483	0.686626746507	0.647704590818	0.705588822355	0.637724550898	0.676646706587	0.668662674651	0.734530938124	0.695608782435	0.72255489022	0.7375249501	0.645708582834	0.725548902196	0.640718562874	0.726546906188	0.61377245509	0.61377245509	0.663672654691	0.663672654691	0.728542914172	0.748502994012	0.705588822355	0.72754491018	0.899201596806	0.905189620758	0.888223552894	0.753493013972	0.899201596806	0.88123752495	0.740518962076	0.89121756487	0.860279441118	0.902195608782	0.755489021956	0.875249500998	0.931137724551	0.889221556886	0.766467065868	0.74750499002	0.774451097804	0.692614770459	0.660678642715	0.614770459082	0.632734530938	0.630738522954	0.614770459082	0.816367265469	0.776447105788	0.726546906188	0.778443113772	0.807385229541
CG8	0.635728542914	0.617764471058	0.414171656687	0.513972055888	0.671656686627	0.640718562874	0.617764471058	0.64870259481	0.645708582834	0.641716566866	0.650698602794	0.645708582834	0.479041916168	0.0	0.644710578842	0.655688622754	0.837325349301	0.827345309381	0.864271457086	0.839321357285	0.711576846307	0.707584830339	0.788423153693	0.785429141717	0.690618762475	0.72754491018	0.771457085828	0.754491017964	0.712574850299	0.758483033932	0.808383233533	0.76746506986	0.730538922156	0.715568862275	0.672654690619	0.724550898204	0.674650698603	0.709580838323	0.728542914172	0.728542914172	0.72754491018	0.723552894212	0.645708582834	0.72255489022	0.680638722555	0.720558882236	0.731536926148	0.771457085828	0.725548902196	0.770459081836	0.787425149701	0.696606786427	0.768463073852	0.690618762475	0.765469061876	0.659680638723	0.660678642715	0.709580838323	0.708582834331	0.784431137725	0.799401197605	0.759481037924	0.778443113772	0.882235528942	0.806387225549	0.872255489022	0.76746506986	0.801397205589	0.867265469062	0.744510978044	0.878243512974	0.835329341317	0.887225548902	0.768463073852	0.858283433134	0.840319361277	0.87125748503	0.830339321357	0.797405189621	0.840319361277	0.678642714571	0.651696606786	0.687624750499	0.690618762475	0.699600798403	0.684630738523	0.883233532934	0.843313373253	0.787425149701	0.837325349301	0.870259481038
CH7	0.383233532934	0.319361277445	0.657684630739	0.535928143713	0.667664670659	0.61876247505	0.387225548902	0.461077844311	0.447105788423	0.39121756487	0.629740518962	0.65369261477	0.585828343313	0.644710578842	0.0	0.36626746507	0.89121756487	0.878243512974	0.920159680639	0.907185628743	0.707584830339	0.741516966068	0.902195608782	0.89620758483	0.790419161677	0.834331337325	0.828343313373	0.803393213573	0.804391217565	0.859281437126	0.842315369261	0.822355289421	0.539920159681	0.5249500998	0.579840319361	0.521956087824	0.621756487026	0.580838323353	0.581836327345	0.575848303393	0.624750499002	0.597804391218	0.611776447106	0.534930139721	0.580838323353	0.526946107784	0.526946107784	0.74750499002	0.705588822355	0.679640718563	0.690618762475	0.620758483034	0.667664670659	0.622754491018	0.692614770459	0.59381237525	0.527944111776	0.622754491018	0.65369261477	0.681636726547	0.685628742515	0.728542914172	0.711576846307	0.918163672655	0.940119760479	0.893213572854	0.714570858283	0.934131736527	0.903193612774	0.72255489022	0.892215568862	0.878243512974	0.916167664671	0.750499001996	0.893213572854	0.959081836327	0.925149700599	0.685628742515	0.719560878244	0.701596806387	0.649700598802	0.620758483034	0.556886227545	0.559880239521	0.530938123752	0.508982035928	0.796407185629	0.694610778443	0.651696606786	0.693612774451	0.721556886228
CH8	0.304391217565	0.37125748503	0.649700598802	0.552894211577	0.712574850299	0.672654690619	0.420159680639	0.412175648703	0.414171656687	0.440119760479	0.678642714571	0.689620758483	0.586826347305	0.655688622754	0.36626746507	0.0	0.921157684631	0.917165668663	0.921157684631	0.909181636727	0.715568862275	0.769461077844	0.941117764471	0.929141716567	0.825349301397	0.873253493014	0.843313373253	0.830339321357	0.825349301397	0.86127744511	0.859281437126	0.859281437126	0.547904191617	0.531936127745	0.571856287425	0.48003992016	0.606786427146	0.580838323353	0.592814371257	0.577844311377	0.632734530938	0.604790419162	0.602794411178	0.530938123752	0.571856287425	0.525948103792	0.534930139721	0.7375249501	0.700598802395	0.667664670659	0.683632734531	0.609780439122	0.666666666667	0.640718562874	0.704590818363	0.60878243513	0.522954091816	0.620758483034	0.647704590818	0.673652694611	0.681636726547	0.715568862275	0.687624750499	0.922155688623	0.933133732535	0.887225548902	0.715568862275	0.926147704591	0.90618762475	0.730538922156	0.900199600798	0.872255489022	0.920159680639	0.759481037924	0.89121756487	0.954091816367	0.920159680639	0.706586826347	0.715568862275	0.705588822355	0.640718562874	0.624750499002	0.570858283433	0.581836327345	0.554890219561	0.52994011976	0.794411177645	0.724550898204	0.669660678643	0.702594810379	0.738522954092
CA1	0.927145708583	0.85628742515	0.849301397206	0.865269461078	0.802395209581	0.805389221557	0.882235528942	0.931137724551	0.927145708583	0.897205588822	0.805389221557	0.789421157685	0.845309381238	0.837325349301	0.89121756487	0.921157684631	0.0	0.325349301397	0.497005988024	0.48502994012	0.852295409182	0.728542914172	0.74251497006	0.735528942116	0.704590818363	0.719560878244	0.486027944112	0.52994011976	0.466067864271	0.4750499002	0.488023952096	0.422155688623	0.962075848303	0.957085828343	0.965069860279	0.961077844311	0.964071856287	0.965069860279	0.962075848303	0.964071856287	0.962075848303	0.962075848303	0.962075848303	0.964071856287	0.963073852295	0.962075848303	0.961077844311	0.924151696607	0.933133732535	0.929141716567	0.936127744511	0.937125748503	0.928143712575	0.922155688623	0.911177644711	0.922155688623	0.927145708583	0.941117764471	0.929141716567	0.937125748503	0.933133732535	0.932135728543	0.931137724551	0.945109780439	0.948103792415	0.940119760479	0.938123752495	0.943113772455	0.940119760479	0.937125748503	0.924151696607	0.920159680639	0.927145708583	0.933133732535	0.938123752495	0.971057884232	0.950099800399	0.924151696607	0.934131736527	0.929141716567	0.951097804391	0.939121756487	0.930139720559	0.929141716567	0.937125748503	0.932135728543	0.951097804391	0.927145708583	0.930139720559	0.928143712575	0.927145708583
CA2	0.917165668663	0.845309381238	0.835329341317	0.842315369261	0.791417165669	0.782435129741	0.875249500998	0.924151696607	0.916167664671	0.889221556886	0.789421157685	0.786427145709	0.840319361277	0.827345309381	0.878243512974	0.917165668663	0.325349301397	0.0	0.482035928144	0.460079840319	0.850299401198	0.715568862275	0.736526946108	0.735528942116	0.691616766467	0.712574850299	0.483033932136	0.515968063872	0.451097804391	0.446107784431	0.442115768463	0.38622754491	0.962075848303	0.952095808383	0.961077844311	0.959081836327	0.960079840319	0.962075848303	0.957085828343	0.961077844311	0.958083832335	0.960079840319	0.959081836327	0.958083832335	0.957085828343	0.961077844311	0.959081836327	0.922155688623	0.923153692615	0.922155688623	0.927145708583	0.933133732535	0.928143712575	0.920159680639	0.915169660679	0.917165668663	0.925149700599	0.927145708583	0.931137724551	0.929141716567	0.927145708583	0.926147704591	0.921157684631	0.936127744511	0.941117764471	0.950099800399	0.934131736527	0.937125748503	0.936127744511	0.930139720559	0.925149700599	0.918163672655	0.925149700599	0.932135728543	0.946107784431	0.968063872255	0.936127744511	0.924151696607	0.928143712575	0.932135728543	0.945109780439	0.929141716567	0.934131736527	0.930139720559	0.931137724551	0.924151696607	0.951097804391	0.932135728543	0.933133732535	0.928143712575	0.928143712575
CB1	0.910179640719	0.910179640719	0.869261477046	0.879241516966	0.885229540918	0.877245508982	0.910179640719	0.931137724551	0.929141716567	0.925149700599	0.882235528942	0.888223552894	0.875249500998	0.864271457086	0.920159680639	0.921157684631	0.497005988024	0.482035928144	0.0	0.261477045908	0.88123752495	0.750499001996	0.832335329341	0.822355289421	0.786427145709	0.814371257485	0.554890219561	0.580838323353	0.499001996008	0.414171656687	0.442115768463	0.456087824351	0.97005988024	0.961077844311	0.948103792415	0.963073852295	0.946107784431	0.958083832335	0.97005988024	0.964071856287	0.968063872255	0.968063872255	0.947105788423	0.961077844311	0.947105788423	0.968063872255	0.972055888224	0.931137724551	0.932135728543	0.927145708583	0.932135728543	0.933133732535	0.933133732535	0.944111776447	0.942115768463	0.944111776447	0.936127744511	0.937125748503	0.936127744511	0.933133732535	0.943113772455	0.930139720559	0.930139720559	0.927145708583	0.937125748503	0.948103792415	0.940119760479	0.933133732535	0.947105788423	0.938123752495	0.945109780439	0.923153692615	0.945109780439	0.937125748503	0.952095808383	0.964071856287	0.930139720559	0.967065868263	0.936127744511	0.967065868263	0.936127744511	0.930139720559	0.949101796407	0.955089820359	0.959081836327	0.945109780439	0.967065868263	0.968063872255	0.965069860279	0.969061876248	0.966067864271
CB2	0.898203592814	0.888223552894	0.847305389222	0.862275449102	0.859281437126	0.858283433134	0.897205588822	0.918163672655	0.922155688623	0.90618762475	0.859281437126	0.857285429142	0.848303393214	0.839321357285	0.907185628743	0.909181636727	0.48502994012	0.460079840319	0.261477045908	0.0	0.87125748503	0.735528942116	0.810379241517	0.802395209581	0.765469061876	0.795409181637	0.531936127745	0.561876247505	0.463073852295	0.384231536926	0.419161676647	0.428143712575	0.969061876248	0.959081836327	0.941117764471	0.959081836327	0.942115768463	0.954091816367	0.969061876248	0.962075848303	0.967065868263	0.963073852295	0.941117764471	0.957085828343	0.941117764471	0.963073852295	0.967065868263	0.915169660679	0.915169660679	0.914171656687	0.917165668663	0.919161676647	0.919161676647	0.925149700599	0.929141716567	0.927145708583	0.920159680639	0.921157684631	0.918163672655	0.915169660679	0.923153692615	0.916167664671	0.914171656687	0.928143712575	0.935129740519	0.944111776447	0.931137724551	0.926147704591	0.941117764471	0.929141716567	0.941117764471	0.919161676647	0.941117764471	0.929141716567	0.945109780439	0.965069860279	0.928143712575	0.957085828343	0.922155688623	0.956087824351	0.926147704591	0.923153692615	0.941117764471	0.946107784431	0.951097804391	0.934131736527	0.955089820359	0.959081836327	0.957085828343	0.958083832335	0.957085828343
CC1	0.72255489022	0.694610778443	0.741516966068	0.656686626747	0.707584830339	0.683632734531	0.700598802395	0.743512974052	0.738522954092	0.704590818363	0.694610778443	0.700598802395	0.657684630739	0.711576846307	0.707584830339	0.715568862275	0.852295409182	0.850299401198	0.88123752495	0.87125748503	0.0	0.477045908184	0.88622754491	0.875249500998	0.761477045908	0.813373253493	0.775449101796	0.736526946108	0.741516966068	0.786427145709	0.809381237525	0.798403193613	0.790419161677	0.763473053892	0.746506986028	0.807385229541	0.754491017964	0.779441117764	0.810379241517	0.804391217565	0.799401197605	0.802395209581	0.756487025948	0.814371257485	0.755489021956	0.788423153693	0.783433133733	0.671656686627	0.669660678643	0.689620758483	0.726546906188	0.703592814371	0.677644710579	0.673652694611	0.65369261477	0.651696606786	0.713572854291	0.707584830339	0.692614770459	0.694610778443	0.721556886228	0.65369261477	0.707584830339	0.849301397206	0.828343313373	0.785429141717	0.682634730539	0.832335329341	0.836327345309	0.682634730539	0.814371257485	0.754491017964	0.826347305389	0.680638722555	0.769461077844	0.869261477046	0.853293413174	0.675648702595	0.672654690619	0.741516966068	0.768463073852	0.740518962076	0.711576846307	0.690618762475	0.734530938124	0.713572854291	0.806387225549	0.689620758483	0.726546906188	0.729540918164	0.754491017964
CC2	0.75748502994	0.728542914172	0.717564870259	0.691616766467	0.696606786427	0.674650698603	0.740518962076	0.774451097804	0.761477045908	0.745508982036	0.683632734531	0.691616766467	0.680638722555	0.707584830339	0.741516966068	0.769461077844	0.728542914172	0.715568862275	0.750499001996	0.735528942116	0.477045908184	0.0	0.791417165669	0.776447105788	0.664670658683	0.711576846307	0.594810379242	0.559880239521	0.635728542914	0.672654690619	0.662674650699	0.642714570858	0.818363273453	0.798403193613	0.779441117764	0.827345309381	0.790419161677	0.804391217565	0.834331337325	0.828343313373	0.828343313373	0.829341317365	0.793413173653	0.837325349301	0.788423153693	0.811377245509	0.813373253493	0.688622754491	0.721556886228	0.716566866267	0.743512974052	0.7375249501	0.72255489022	0.730538922156	0.714570858283	0.712574850299	0.748502994012	0.741516966068	0.7375249501	0.712574850299	0.748502994012	0.686626746507	0.726546906188	0.847305389222	0.835329341317	0.808383233533	0.73253493014	0.834331337325	0.850299401198	0.72255489022	0.806387225549	0.743512974052	0.837325349301	0.719560878244	0.799401197605	0.887225548902	0.845309381238	0.724550898204	0.704590818363	0.775449101796	0.800399201597	0.773453093812	0.761477045908	0.758483033932	0.790419161677	0.759481037924	0.840319361277	0.756487025948	0.783433133733	0.763473053892	0.779441117764
CD1	0.929141716567	0.873253493014	0.794411177645	0.844311377246	0.658682634731	0.746506986028	0.898203592814	0.959081836327	0.954091816367	0.915169660679	0.74750499002	0.676646706587	0.825349301397	0.788423153693	0.902195608782	0.941117764471	0.74251497006	0.736526946108	0.832335329341	0.810379241517	0.88622754491	0.791417165669	0.0	0.428143712575	0.577844311377	0.483033932136	0.74251497006	0.739520958084	0.791417165669	0.811377245509	0.823353293413	0.792415169661	0.984031936128	0.981037924152	0.984031936128	0.986027944112	0.984031936128	0.986027944112	0.98502994012	0.98502994012	0.982035928144	0.984031936128	0.982035928144	0.983033932136	0.98502994012	0.98502994012	0.983033932136	0.950099800399	0.952095808383	0.953093812375	0.954091816367	0.950099800399	0.950099800399	0.949101796407	0.943113772455	0.944111776447	0.945109780439	0.950099800399	0.949101796407	0.951097804391	0.951097804391	0.949101796407	0.951097804391	0.961077844311	0.957085828343	0.98003992016	0.974051896208	0.954091816367	0.98003992016	0.97005988024	0.977045908184	0.952095808383	0.978043912176	0.972055888224	0.981037924152	0.989021956088	0.965069860279	0.973053892216	0.951097804391	0.974051896208	0.958083832335	0.960079840319	0.97005988024	0.9750499002	0.976047904192	0.967065868263	0.982035928144	0.977045908184	0.9750499002	0.976047904192	0.977045908184
CD2	0.920159680639	0.864271457086	0.77744510978	0.829341317365	0.649700598802	0.73253493014	0.880239520958	0.943113772455	0.941117764471	0.903193612774	0.74251497006	0.65369261477	0.813373253493	0.785429141717	0.89620758483	0.929141716567	0.735528942116	0.735528942116	0.822355289421	0.802395209581	0.875249500998	0.776447105788	0.428143712575	0.0	0.551896207585	0.461077844311	0.719560878244	0.728542914172	0.791417165669	0.809381237525	0.809381237525	0.784431137725	0.979041916168	0.973053892216	0.974051896208	0.9750499002	0.976047904192	0.9750499002	0.98003992016	0.9750499002	0.977045908184	0.976047904192	0.9750499002	0.973053892216	0.9750499002	0.974051896208	0.978043912176	0.927145708583	0.927145708583	0.927145708583	0.929141716567	0.927145708583	0.928143712575	0.919161676647	0.925149700599	0.920159680639	0.921157684631	0.926147704591	0.930139720559	0.930139720559	0.928143712575	0.927145708583	0.929141716567	0.956087824351	0.946107784431	0.965069860279	0.961077844311	0.948103792415	0.969061876248	0.961077844311	0.964071856287	0.931137724551	0.966067864271	0.960079840319	0.969061876248	0.986027944112	0.958083832335	0.965069860279	0.931137724551	0.967065868263	0.948103792415	0.948103792415	0.956087824351	0.961077844311	0.966067864271	0.952095808383	0.972055888224	0.973053892216	0.968063872255	0.966067864271	0.969061876248
CE1	0.810379241517	0.764471057884	0.669660678643	0.735528942116	0.574850299401	0.630738522954	0.789421157685	0.833333333333	0.835329341317	0.798403193613	0.636726546906	0.575848303393	0.725548902196	0.690618762475	0.790419161677	0.825349301397	0.704590818363	0.691616766467	0.786427145709	0.765469061876	0.761477045908	0.664670658683	0.577844311377	0.551896207585	0.0	0.445109780439	0.676646706587	0.645708582834	0.681636726547	0.733532934132	0.725548902196	0.700598802395	0.883233532934	0.872255489022	0.878243512974	0.88123752495	0.878243512974	0.882235528942	0.878243512974	0.879241516966	0.879241516966	0.877245508982	0.878243512974	0.879241516966	0.880239520958	0.877245508982	0.88123752495	0.789421157685	0.763473053892	0.783433133733	0.813373253493	0.758483033932	0.760479041916	0.776447105788	0.738522954092	0.751497005988	0.790419161677	0.755489021956	0.754491017964	0.776447105788	0.780439121756	0.768463073852	0.806387225549	0.939121756487	0.929141716567	0.892215568862	0.868263473054	0.930139720559	0.952095808383	0.858283433134	0.940119760479	0.820359281437	0.951097804391	0.87624750499	0.893213572854	0.97005988024	0.941117764471	0.864271457086	0.787425149701	0.879241516966	0.818363273453	0.823353293413	0.843313373253	0.841317365269	0.848303393214	0.843313373253	0.937125748503	0.874251497006	0.863273453094	0.87125748503	0.900199600798
CE2	0.860279441118	0.799401197605	0.703592814371	0.77744510978	0.590818363273	0.677644710579	0.824351297405	0.88622754491	0.875249500998	0.844311377246	0.670658682635	0.601796407186	0.763473053892	0.72754491018	0.834331337325	0.873253493014	0.719560878244	0.712574850299	0.814371257485	0.795409181637	0.813373253493	0.711576846307	0.483033932136	0.461077844311	0.445109780439	0.0	0.702594810379	0.675648702595	0.72754491018	0.7624750499	0.7624750499	0.731536926148	0.930139720559	0.919161676647	0.925149700599	0.928143712575	0.923153692615	0.928143712575	0.931137724551	0.925149700599	0.929141716567	0.926147704591	0.924151696607	0.925149700599	0.924151696607	0.927145708583	0.930139720559	0.830339321357	0.835329341317	0.838323353293	0.840319361277	0.838323353293	0.834331337325	0.844311377246	0.825349301397	0.821357285429	0.854291417166	0.836327345309	0.837325349301	0.832335329341	0.843313373253	0.828343313373	0.836327345309	0.942115768463	0.935129740519	0.913173652695	0.902195608782	0.936127744511	0.955089820359	0.895209580838	0.941117764471	0.862275449102	0.946107784431	0.90119760479	0.916167664671	0.969061876248	0.945109780439	0.903193612774	0.833333333333	0.90618762475	0.885229540918	0.887225548902	0.898203592814	0.907185628743	0.903193612774	0.89121756487	0.933133732535	0.90618762475	0.902195608782	0.909181636727	0.916167664671
CF1	0.845309381238	0.796407185629	0.782435129741	0.790419161677	0.726546906188	0.731536926148	0.807385229541	0.857285429142	0.857285429142	0.828343313373	0.729540918164	0.715568862275	0.77744510978	0.771457085828	0.828343313373	0.843313373253	0.486027944112	0.483033932136	0.554890219561	0.531936127745	0.775449101796	0.594810379242	0.74251497006	0.719560878244	0.676646706587	0.702594810379	0.0	0.352295409182	0.49500998004	0.508982035928	0.460079840319	0.457085828343	0.89620758483	0.88622754491	0.892215568862	0.903193612774	0.895209580838	0.890219560878	0.900199600798	0.89620758483	0.89121756487	0.893213572854	0.895209580838	0.908183632735	0.89121756487	0.890219560878	0.89620758483	0.820359281437	0.816367265469	0.818363273453	0.822355289421	0.825349301397	0.818363273453	0.823353293413	0.813373253493	0.814371257485	0.825349301397	0.830339321357	0.818363273453	0.822355289421	0.826347305389	0.813373253493	0.825349301397	0.920159680639	0.921157684631	0.930139720559	0.86626746507	0.914171656687	0.905189620758	0.859281437126	0.885229540918	0.84630738523	0.90618762475	0.858283433134	0.928143712575	0.963073852295	0.914171656687	0.852295409182	0.820359281437	0.874251497006	0.90618762475	0.879241516966	0.865269461078	0.855289421158	0.873253493014	0.860279441118	0.884231536926	0.872255489022	0.858283433134	0.870259481038	0.87125748503
CF2	0.834331337325	0.779441117764	0.75249500998	0.766467065868	0.689620758483	0.706586826347	0.798403193613	0.845309381238	0.843313373253	0.809381237525	0.706586826347	0.698602794411	0.764471057884	0.754491017964	0.803393213573	0.830339321357	0.52994011976	0.515968063872	0.580838323353	0.561876247505	0.736526946108	0.559880239521	0.739520958084	0.728542914172	0.645708582834	0.675648702595	0.352295409182	0.0	0.516966067864	0.521956087824	0.474051896208	0.467065868263	0.89121756487	0.877245508982	0.880239520958	0.89121756487	0.88123752495	0.884231536926	0.892215568862	0.885229540918	0.889221556886	0.887225548902	0.883233532934	0.897205588822	0.880239520958	0.885229540918	0.892215568862	0.791417165669	0.797405189621	0.791417165669	0.799401197605	0.805389221557	0.796407185629	0.796407185629	0.785429141717	0.785429141717	0.804391217565	0.808383233533	0.799401197605	0.789421157685	0.797405189621	0.791417165669	0.801397205589	0.90119760479	0.903193612774	0.904191616766	0.849301397206	0.898203592814	0.903193612774	0.840319361277	0.877245508982	0.820359281437	0.894211576846	0.840319361277	0.904191616766	0.951097804391	0.90618762475	0.832335329341	0.794411177645	0.849301397206	0.887225548902	0.858283433134	0.841317365269	0.835329341317	0.848303393214	0.838323353293	0.870259481038	0.847305389222	0.853293413174	0.853293413174	0.852295409182
CG1	0.822355289421	0.768463073852	0.728542914172	0.726546906188	0.759481037924	0.74750499002	0.780439121756	0.805389221557	0.803393213573	0.798403193613	0.761477045908	0.74750499002	0.720558882236	0.712574850299	0.804391217565	0.825349301397	0.466067864271	0.451097804391	0.499001996008	0.463073852295	0.741516966068	0.635728542914	0.791417165669	0.791417165669	0.681636726547	0.72754491018	0.49500998004	0.516966067864	0.0	0.369261477046	0.457085828343	0.425149700599	0.882235528942	0.868263473054	0.818363273453	0.870259481038	0.816367265469	0.870259481038	0.87624750499	0.877245508982	0.880239520958	0.877245508982	0.815369261477	0.869261477046	0.819361277445	0.87624750499	0.880239520958	0.818363273453	0.803393213573	0.817365269461	0.838323353293	0.830339321357	0.832335329341	0.832335329341	0.834331337325	0.833333333333	0.839321357285	0.839321357285	0.830339321357	0.828343313373	0.845309381238	0.813373253493	0.835329341317	0.894211576846	0.899201596806	0.865269461078	0.818363273453	0.890219560878	0.87624750499	0.805389221557	0.883233532934	0.865269461078	0.888223552894	0.825349301397	0.852295409182	0.911177644711	0.890219560878	0.852295409182	0.835329341317	0.862275449102	0.848303393214	0.832335329341	0.842315369261	0.844311377246	0.850299401198	0.838323353293	0.894211576846	0.852295409182	0.849301397206	0.853293413174	0.88622754491
