	CA7	CA8	CB7	CB8	CC7	CC8	CD7	CD8	CE7	CE8	CF7	CF8	CG7	CG8	CH7	CH8	CA1	CA2	CB1	CB2	CC1	CC2	CD1	CD2	CE1	CE2	CF1	CF2	CG1	CG2	CH1	CH2	CA5	CA6	CB5	CB6	CC5	CC6	CD6	CE5	CE6	CF5	CF6	CG5	CG6	CH5	CH6	CA11	CA12	CB11	CB12	CC11	CC12	CD11	CD12	CE11	CE12	CF11	CF12	CG11	CG12	CH11	CH12	CA3	CA4	CB3	CB4	CC4	CD3	CD4	CE4	CF3	CF4	CG3	CG4	CH3	CH4	CA9	CA10	CB9	CC9	CC10	CD9	CD10	CE9	CE10	CF9	CG9	CG10	CH9	CH10
CA7	0.0	0.354291417166	0.651696606786	0.539920159681	0.687624750499	0.644710578842	0.40119760479	0.454091816367	0.446107784431	0.452095808383	0.661676646707	0.686626746507	0.552894211577	0.651696606786	0.39620758483	0.310379241517	0.917165668663	0.899201596806	0.921157684631	0.900199600798	0.744510978044	0.763473053892	0.926147704591	0.922155688623	0.819361277445	0.872255489022	0.811377245509	0.842315369261	0.818363273453	0.860279441118	0.864271457086	0.859281437126	0.535928143713	0.503992015968	0.539920159681	0.496007984032	0.591816367265	0.562874251497	0.596806387226	0.556886227545	0.610778443114	0.600798403194	0.62375249501	0.510978043912	0.536926147705	0.50998003992	0.526946107784	0.744510978044	0.717564870259	0.684630738523	0.699600798403	0.627744510978	0.659680638723	0.646706586826	0.699600798403	0.641716566866	0.537924151697	0.617764471058	0.644710578842	0.685628742515	0.689620758483	0.726546906188	0.701596806387	0.927145708583	0.940119760479	0.903193612774	0.718562874251	0.931137724551	0.909181636727	0.73253493014	0.925149700599	0.882235528942	0.922155688623	0.765469061876	0.897205588822	0.964071856287	0.926147704591	0.731536926148	0.7375249501	0.718562874251	0.635728542914	0.601796407186	0.578842315369	0.617764471058	0.543912175649	0.530938123752	0.782435129741	0.740518962076	0.692614770459	0.712574850299	0.754491017964
CA8	0.354291417166	0.0	0.641716566866	0.516966067864	0.65369261477	0.59880239521	0.359281437126	0.443113772455	0.429141716567	0.408183632735	0.632734530938	0.645708582834	0.538922155689	0.63373253493	0.322355289421	0.327345309381	0.86626746507	0.858283433134	0.926147704591	0.889221556886	0.740518962076	0.734530938124	0.890219560878	0.884231536926	0.788423153693	0.830339321357	0.780439121756	0.810379241517	0.775449101796	0.84630738523	0.840319361277	0.831337325349	0.533932135729	0.507984031936	0.549900199601	0.499001996008	0.600798403194	0.566866267465	0.594810379242	0.557884231537	0.610778443114	0.601796407186	0.636726546906	0.51497005988	0.543912175649	0.501996007984	0.526946107784	0.712574850299	0.690618762475	0.647704590818	0.659680638723	0.612774451098	0.616766467066	0.602794411178	0.652694610778	0.602794411178	0.498003992016	0.589820359281	0.61876247505	0.652694610778	0.664670658683	0.693612774451	0.671656686627	0.928143712575	0.945109780439	0.893213572854	0.705588822355	0.932135728543	0.90618762475	0.720558882236	0.916167664671	0.88622754491	0.918163672655	0.748502994012	0.894211576846	0.958083832335	0.937125748503	0.688622754491	0.714570858283	0.666666666667	0.617764471058	0.586826347305	0.523952095808	0.553892215569	0.49001996008	0.4750499002	0.761477045908	0.704590818363	0.630738522954	0.669660678643	0.698602794411
CB7	0.651696606786	0.641716566866	0.0	0.537924151697	0.659680638723	0.667664670659	0.654690618762	0.671656686627	0.677644710579	0.650698602794	0.675648702595	0.676646706587	0.516966067864	0.423153692615	0.661676646707	0.664670658683	0.833333333333	0.816367265469	0.87125748503	0.841317365269	0.778443113772	0.710578842315	0.796407185629	0.778443113772	0.679640718563	0.706586826347	0.74251497006	0.75748502994	0.729540918164	0.784431137725	0.790419161677	0.794411177645	0.738522954092	0.735528942116	0.684630738523	0.731536926148	0.677644710579	0.728542914172	0.740518962076	0.738522954092	0.741516966068	0.736526946108	0.655688622754	0.729540918164	0.691616766467	0.741516966068	0.74251497006	0.75249500998	0.72754491018	0.75748502994	0.769461077844	0.680638722555	0.725548902196	0.693612774451	0.750499001996	0.680638722555	0.650698602794	0.701596806387	0.695608782435	0.75748502994	0.781437125749	0.73253493014	0.765469061876	0.89121756487	0.809381237525	0.887225548902	0.768463073852	0.814371257485	0.867265469062	0.771457085828	0.903193612774	0.807385229541	0.89121756487	0.779441117764	0.874251497006	0.847305389222	0.892215568862	0.853293413174	0.791417165669	0.852295409182	0.689620758483	0.675648702595	0.703592814371	0.738522954092	0.712574850299	0.707584830339	0.89620758483	0.869261477046	0.818363273453	0.854291417166	0.893213572854
CB8	0.539920159681	0.516966067864	0.537924151697	0.0	0.627744510978	0.616766467066	0.517964071856	0.599800399202	0.597804391218	0.533932135729	0.632734530938	0.64870259481	0.429141716567	0.50998003992	0.527944111776	0.539920159681	0.862275449102	0.831337325349	0.887225548902	0.855289421158	0.692614770459	0.678642714571	0.845309381238	0.836327345309	0.758483033932	0.790419161677	0.754491017964	0.794411177645	0.726546906188	0.787425149701	0.825349301397	0.801397205589	0.617764471058	0.640718562874	0.60878243513	0.64870259481	0.59381237525	0.640718562874	0.657684630739	0.668662674651	0.675648702595	0.660678642715	0.601796407186	0.666666666667	0.609780439122	0.63872255489	0.639720558882	0.714570858283	0.686626746507	0.713572854291	0.708582834331	0.629740518962	0.690618762475	0.641716566866	0.703592814371	0.629740518962	0.555888223553	0.658682634731	0.644710578842	0.717564870259	0.734530938124	0.689620758483	0.712574850299	0.898203592814	0.894211576846	0.893213572854	0.713572854291	0.885229540918	0.879241516966	0.72255489022	0.910179640719	0.860279441118	0.90119760479	0.7375249501	0.874251497006	0.917165668663	0.902195608782	0.764471057884	0.746506986028	0.764471057884	0.640718562874	0.61377245509	0.602794411178	0.636726546906	0.579840319361	0.580838323353	0.803393213573	0.774451097804	0.717564870259	0.766467065868	0.793413173653
CC7	0.687624750499	0.65369261477	0.659680638723	0.627744510978	0.0	0.505988023952	0.669660678643	0.787425149701	0.779441117764	0.694610778443	0.50499001996	0.463073852295	0.582834331337	0.65369261477	0.662674650699	0.699600798403	0.820359281437	0.788423153693	0.884231536926	0.855289421158	0.741516966068	0.698602794411	0.674650698603	0.678642714571	0.590818363273	0.614770459082	0.694610778443	0.717564870259	0.74750499002	0.799401197605	0.782435129741	0.779441117764	0.786427145709	0.814371257485	0.826347305389	0.822355289421	0.820359281437	0.822355289421	0.824351297405	0.836327345309	0.835329341317	0.818363273453	0.832335329341	0.839321357285	0.827345309381	0.805389221557	0.798403193613	0.719560878244	0.688622754491	0.685628742515	0.691616766467	0.688622754491	0.670658682635	0.692614770459	0.680638722555	0.690618762475	0.689620758483	0.681636726547	0.688622754491	0.684630738523	0.684630738523	0.701596806387	0.689620758483	0.945109780439	0.943113772455	0.926147704591	0.759481037924	0.944111776447	0.927145708583	0.765469061876	0.945109780439	0.863273453094	0.943113772455	0.787425149701	0.922155688623	0.98502994012	0.950099800399	0.7375249501	0.715568862275	0.746506986028	0.836327345309	0.810379241517	0.715568862275	0.723552894212	0.720558882236	0.725548902196	0.799401197605	0.754491017964	0.730538922156	0.74251497006	0.776447105788
CC8	0.644710578842	0.59880239521	0.667664670659	0.616766467066	0.505988023952	0.0	0.63373253493	0.744510978044	0.738522954092	0.664670658683	0.465069860279	0.484031936128	0.565868263473	0.645708582834	0.60379241517	0.646706586826	0.809381237525	0.801397205589	0.894211576846	0.850299401198	0.712574850299	0.669660678643	0.749500998004	0.744510978044	0.646706586826	0.686626746507	0.711576846307	0.72255489022	0.743512974052	0.793413173653	0.787425149701	0.77744510978	0.756487025948	0.780439121756	0.793413173653	0.787425149701	0.780439121756	0.781437125749	0.791417165669	0.802395209581	0.802395209581	0.790419161677	0.793413173653	0.802395209581	0.795409181637	0.77245508982	0.771457085828	0.713572854291	0.701596806387	0.668662674651	0.694610778443	0.664670658683	0.642714570858	0.667664670659	0.657684630739	0.665668662675	0.655688622754	0.640718562874	0.664670658683	0.667664670659	0.675648702595	0.704590818363	0.697604790419	0.917165668663	0.913173652695	0.888223552894	0.696606786427	0.909181636727	0.898203592814	0.711576846307	0.916167664671	0.855289421158	0.918163672655	0.738522954092	0.88622754491	0.943113772455	0.927145708583	0.693612774451	0.729540918164	0.709580838323	0.794411177645	0.773453093812	0.654690618762	0.669660678643	0.662674650699	0.654690618762	0.794411177645	0.709580838323	0.668662674651	0.705588822355	0.75249500998
CD7	0.40119760479	0.359281437126	0.654690618762	0.517964071856	0.669660678643	0.63373253493	0.0	0.423153692615	0.422155688623	0.362275449102	0.668662674651	0.684630738523	0.537924151697	0.641716566866	0.39620758483	0.398203592814	0.88123752495	0.875249500998	0.922155688623	0.897205588822	0.735528942116	0.734530938124	0.90119760479	0.900199600798	0.804391217565	0.847305389222	0.778443113772	0.809381237525	0.791417165669	0.849301397206	0.843313373253	0.835329341317	0.536926147705	0.50499001996	0.543912175649	0.510978043912	0.597804391218	0.557884231537	0.595808383234	0.555888223553	0.614770459082	0.599800399202	0.625748502994	0.528942115768	0.539920159681	0.50499001996	0.531936127745	0.681636726547	0.666666666667	0.658682634731	0.671656686627	0.587824351297	0.626746506986	0.587824351297	0.652694610778	0.600798403194	0.50499001996	0.59381237525	0.597804391218	0.665668662675	0.660678642715	0.673652694611	0.667664670659	0.928143712575	0.935129740519	0.897205588822	0.738522954092	0.931137724551	0.909181636727	0.755489021956	0.918163672655	0.877245508982	0.914171656687	0.769461077844	0.899201596806	0.958083832335	0.931137724551	0.729540918164	0.709580838323	0.674650698603	0.590818363273	0.559880239521	0.536926147705	0.569860279441	0.492015968064	0.48502994012	0.740518962076	0.733532934132	0.663672654691	0.674650698603	0.730538922156
CD8	0.454091816367	0.443113772455	0.671656686627	0.599800399202	0.787425149701	0.744510978044	0.423153692615	0.0	0.334331337325	0.447105788423	0.774451097804	0.804391217565	0.63872255489	0.668662674651	0.489021956088	0.412175648703	0.919161676647	0.919161676647	0.925149700599	0.912175648703	0.783433133733	0.780439121756	0.956087824351	0.944111776447	0.842315369261	0.889221556886	0.85628742515	0.857285429142	0.806387225549	0.86626746507	0.87125748503	0.868263473054	0.577844311377	0.5249500998	0.547904191617	0.503992015968	0.605788423154	0.574850299401	0.61377245509	0.558882235529	0.621756487026	0.616766467066	0.627744510978	0.50998003992	0.543912175649	0.538922155689	0.565868263473	0.753493013972	0.745508982036	0.744510978044	0.758483033932	0.663672654691	0.719560878244	0.660678642715	0.725548902196	0.651696606786	0.568862275449	0.674650698603	0.678642714571	0.744510978044	0.741516966068	0.743512974052	0.761477045908	0.910179640719	0.918163672655	0.873253493014	0.795409181637	0.918163672655	0.883233532934	0.805389221557	0.890219560878	0.864271457086	0.893213572854	0.825349301397	0.87125748503	0.936127744511	0.924151696607	0.799401197605	0.778443113772	0.773453093812	0.592814371257	0.565868263473	0.626746506986	0.661676646707	0.595808383234	0.578842315369	0.831337325349	0.805389221557	0.738522954092	0.778443113772	0.810379241517
CE7	0.446107784431	0.429141716567	0.677644710579	0.597804391218	0.779441117764	0.738522954092	0.422155688623	0.334331337325	0.0	0.434131736527	0.76746506986	0.793413173653	0.635728542914	0.669660678643	0.48502994012	0.398203592814	0.919161676647	0.910179640719	0.928143712575	0.911177644711	0.779441117764	0.773453093812	0.949101796407	0.940119760479	0.832335329341	0.882235528942	0.844311377246	0.857285429142	0.800399201597	0.864271457086	0.868263473054	0.864271457086	0.574850299401	0.521956087824	0.554890219561	0.501996007984	0.607784431138	0.572854291417	0.611776447106	0.555888223553	0.619760479042	0.615768463074	0.63373253493	0.511976047904	0.544910179641	0.540918163673	0.562874251497	0.744510978044	0.743512974052	0.744510978044	0.761477045908	0.657684630739	0.712574850299	0.64870259481	0.728542914172	0.644710578842	0.559880239521	0.673652694611	0.667664670659	0.739520958084	0.751497005988	0.741516966068	0.7624750499	0.912175648703	0.924151696607	0.875249500998	0.796407185629	0.923153692615	0.888223552894	0.811377245509	0.899201596806	0.872255489022	0.904191616766	0.830339321357	0.87624750499	0.936127744511	0.922155688623	0.795409181637	0.775449101796	0.77245508982	0.59381237525	0.560878243513	0.607784431138	0.647704590818	0.590818363273	0.570858283433	0.820359281437	0.803393213573	0.731536926148	0.759481037924	0.802395209581
CE8	0.452095808383	0.408183632735	0.650698602794	0.533932135729	0.694610778443	0.664670658683	0.362275449102	0.447105788423	0.434131736527	0.0	0.682634730539	0.712574850299	0.562874251497	0.650698602794	0.422155688623	0.455089820359	0.890219560878	0.870259481038	0.920159680639	0.89620758483	0.724550898204	0.73253493014	0.90618762475	0.90618762475	0.799401197605	0.843313373253	0.791417165669	0.825349301397	0.778443113772	0.847305389222	0.844311377246	0.832335329341	0.538922155689	0.528942115768	0.549900199601	0.534930139721	0.596806387226	0.557884231537	0.59880239521	0.550898203593	0.612774451098	0.600798403194	0.632734530938	0.550898203593	0.543912175649	0.51996007984	0.521956087824	0.690618762475	0.686626746507	0.681636726547	0.702594810379	0.597804391218	0.659680638723	0.596806387226	0.676646706587	0.594810379242	0.518962075848	0.617764471058	0.612774451098	0.689620758483	0.690618762475	0.680638722555	0.703592814371	0.918163672655	0.923153692615	0.890219560878	0.758483033932	0.917165668663	0.900199600798	0.774451097804	0.907185628743	0.869261477046	0.912175648703	0.790419161677	0.882235528942	0.946107784431	0.937125748503	0.741516966068	0.731536926148	0.706586826347	0.587824351297	0.553892215569	0.556886227545	0.595808383234	0.522954091816	0.502994011976	0.7624750499	0.748502994012	0.672654690619	0.705588822355	0.74750499002
CF7	0.661676646707	0.632734530938	0.675648702595	0.632734530938	0.50499001996	0.465069860279	0.668662674651	0.774451097804	0.76746506986	0.682634730539	0.0	0.48003992016	0.595808383234	0.655688622754	0.635728542914	0.667664670659	0.815369261477	0.798403193613	0.882235528942	0.857285429142	0.729540918164	0.674650698603	0.739520958084	0.731536926148	0.642714570858	0.681636726547	0.705588822355	0.728542914172	0.758483033932	0.791417165669	0.790419161677	0.776447105788	0.780439121756	0.809381237525	0.817365269461	0.818363273453	0.810379241517	0.813373253493	0.813373253493	0.828343313373	0.823353293413	0.815369261477	0.822355289421	0.829341317365	0.818363273453	0.795409181637	0.796407185629	0.726546906188	0.705588822355	0.678642714571	0.702594810379	0.692614770459	0.647704590818	0.693612774451	0.681636726547	0.683632734531	0.682634730539	0.664670658683	0.686626746507	0.673652694611	0.680638722555	0.711576846307	0.700598802395	0.928143712575	0.920159680639	0.894211576846	0.708582834331	0.922155688623	0.911177644711	0.721556886228	0.924151696607	0.867265469062	0.921157684631	0.759481037924	0.895209580838	0.950099800399	0.940119760479	0.701596806387	0.735528942116	0.705588822355	0.819361277445	0.792415169661	0.681636726547	0.692614770459	0.699600798403	0.689620758483	0.808383233533	0.721556886228	0.701596806387	0.705588822355	0.753493013972
CF8	0.686626746507	0.645708582834	0.676646706587	0.64870259481	0.463073852295	0.484031936128	0.684630738523	0.804391217565	0.793413173653	0.712574850299	0.48003992016	0.0	0.604790419162	0.671656686627	0.655688622754	0.681636726547	0.803393213573	0.788423153693	0.885229540918	0.85628742515	0.736526946108	0.681636726547	0.663672654691	0.661676646707	0.604790419162	0.600798403194	0.687624750499	0.699600798403	0.753493013972	0.793413173653	0.770459081836	0.761477045908	0.809381237525	0.837325349301	0.843313373253	0.845309381238	0.835329341317	0.836327345309	0.842315369261	0.853293413174	0.849301397206	0.842315369261	0.84630738523	0.854291417166	0.84630738523	0.821357285429	0.819361277445	0.724550898204	0.705588822355	0.674650698603	0.683632734531	0.719560878244	0.664670658683	0.714570858283	0.700598802395	0.709580838323	0.699600798403	0.678642714571	0.710578842315	0.665668662675	0.673652694611	0.721556886228	0.673652694611	0.928143712575	0.924151696607	0.910179640719	0.725548902196	0.929141716567	0.918163672655	0.721556886228	0.927145708583	0.849301397206	0.930139720559	0.768463073852	0.907185628743	0.968063872255	0.934131736527	0.713572854291	0.726546906188	0.713572854291	0.848303393214	0.830339321357	0.697604790419	0.719560878244	0.713572854291	0.707584830339	0.799401197605	0.719560878244	0.718562874251	0.708582834331	0.749500998004
CG7	0.552894211577	0.538922155689	0.516966067864	0.429141716567	0.582834331337	0.565868263473	0.537924151697	0.63872255489	0.635728542914	0.562874251497	0.595808383234	0.604790419162	0.0	0.479041916168	0.548902195609	0.559880239521	0.852295409182	0.817365269461	0.884231536926	0.844311377246	0.672654690619	0.658682634731	0.822355289421	0.817365269461	0.723552894212	0.768463073852	0.729540918164	0.770459081836	0.715568862275	0.765469061876	0.817365269461	0.803393213573	0.659680638723	0.683632734531	0.644710578842	0.688622754491	0.631736526946	0.674650698603	0.696606786427	0.702594810379	0.710578842315	0.700598802395	0.635728542914	0.708582834331	0.655688622754	0.673652694611	0.676646706587	0.694610778443	0.654690618762	0.674650698603	0.677644710579	0.609780439122	0.655688622754	0.616766467066	0.673652694611	0.609780439122	0.566866267465	0.614770459082	0.617764471058	0.675648702595	0.699600798403	0.670658682635	0.678642714571	0.897205588822	0.873253493014	0.889221556886	0.689620758483	0.872255489022	0.87624750499	0.699600798403	0.90618762475	0.849301397206	0.898203592814	0.721556886228	0.877245508982	0.909181636727	0.902195608782	0.730538922156	0.728542914172	0.729540918164	0.675648702595	0.654690618762	0.588822355289	0.612774451098	0.59880239521	0.589820359281	0.788423153693	0.744510978044	0.687624750499	0.731536926148	0.769461077844
CG8	0.651696606786	0.63373253493	0.423153692615	0.50998003992	0.65369261477	0.645708582834	0.641716566866	0.668662674651	0.669660678643	0.650698602794	0.655688622754	0.671656686627	0.479041916168	0.0	0.656686626747	0.666666666667	0.833333333333	0.803393213573	0.870259481038	0.840319361277	0.740518962076	0.688622754491	0.790419161677	0.784431137725	0.695608782435	0.749500998004	0.745508982036	0.763473053892	0.721556886228	0.760479041916	0.800399201597	0.775449101796	0.729540918164	0.719560878244	0.678642714571	0.721556886228	0.671656686627	0.716566866267	0.730538922156	0.730538922156	0.735528942116	0.735528942116	0.651696606786	0.725548902196	0.687624750499	0.731536926148	0.733532934132	0.765469061876	0.746506986028	0.769461077844	0.773453093812	0.685628742515	0.74251497006	0.693612774451	0.761477045908	0.688622754491	0.662674650699	0.705588822355	0.697604790419	0.776447105788	0.794411177645	0.748502994012	0.774451097804	0.893213572854	0.815369261477	0.888223552894	0.74750499002	0.809381237525	0.87125748503	0.750499001996	0.905189620758	0.845309381238	0.892215568862	0.761477045908	0.87624750499	0.847305389222	0.894211576846	0.832335329341	0.809381237525	0.833333333333	0.685628742515	0.668662674651	0.697604790419	0.718562874251	0.709580838323	0.703592814371	0.874251497006	0.849301397206	0.795409181637	0.836327345309	0.872255489022
CH7	0.39620758483	0.322355289421	0.661676646707	0.527944111776	0.662674650699	0.60379241517	0.39620758483	0.489021956088	0.48502994012	0.422155688623	0.635728542914	0.655688622754	0.548902195609	0.656686626747	0.0	0.378243512974	0.873253493014	0.873253493014	0.925149700599	0.905189620758	0.733532934132	0.744510978044	0.89620758483	0.893213572854	0.786427145709	0.836327345309	0.793413173653	0.812375249501	0.791417165669	0.853293413174	0.845309381238	0.836327345309	0.536926147705	0.544910179641	0.555888223553	0.546906187625	0.609780439122	0.574850299401	0.60379241517	0.558882235529	0.614770459082	0.609780439122	0.642714570858	0.564870259481	0.552894211577	0.530938123752	0.533932135729	0.729540918164	0.712574850299	0.658682634731	0.682634730539	0.62874251497	0.631736526946	0.624750499002	0.668662674651	0.617764471058	0.523952095808	0.604790419162	0.635728542914	0.664670658683	0.661676646707	0.718562874251	0.684630738523	0.931137724551	0.939121756487	0.900199600798	0.709580838323	0.932135728543	0.905189620758	0.716566866267	0.919161676647	0.882235528942	0.920159680639	0.750499001996	0.895209580838	0.955089820359	0.937125748503	0.671656686627	0.733532934132	0.671656686627	0.634730538922	0.60878243513	0.535928143713	0.561876247505	0.497005988024	0.487025948104	0.783433133733	0.685628742515	0.634730538922	0.676646706587	0.712574850299
CH8	0.310379241517	0.327345309381	0.664670658683	0.539920159681	0.699600798403	0.646706586826	0.398203592814	0.412175648703	0.398203592814	0.455089820359	0.667664670659	0.681636726547	0.559880239521	0.666666666667	0.378243512974	0.0	0.924151696607	0.911177644711	0.923153692615	0.908183632735	0.748502994012	0.75748502994	0.939121756487	0.934131736527	0.837325349301	0.880239520958	0.816367265469	0.847305389222	0.815369261477	0.870259481038	0.86626746507	0.86127744511	0.52994011976	0.507984031936	0.536926147705	0.494011976048	0.587824351297	0.562874251497	0.59381237525	0.554890219561	0.615768463074	0.599800399202	0.619760479042	0.508982035928	0.532934131737	0.506986027944	0.530938123752	0.730538922156	0.707584830339	0.651696606786	0.669660678643	0.61377245509	0.632734530938	0.627744510978	0.680638722555	0.62874251497	0.51996007984	0.601796407186	0.635728542914	0.654690618762	0.670658682635	0.708582834331	0.671656686627	0.917165668663	0.932135728543	0.889221556886	0.698602794411	0.925149700599	0.90618762475	0.705588822355	0.915169660679	0.875249500998	0.914171656687	0.753493013972	0.892215568862	0.956087824351	0.925149700599	0.695608782435	0.723552894212	0.690618762475	0.625748502994	0.594810379242	0.549900199601	0.592814371257	0.522954091816	0.502994011976	0.780439121756	0.714570858283	0.655688622754	0.683632734531	0.720558882236
CA1	0.917165668663	0.86626746507	0.833333333333	0.862275449102	0.820359281437	0.809381237525	0.88123752495	0.919161676647	0.919161676647	0.890219560878	0.815369261477	0.803393213573	0.852295409182	0.833333333333	0.873253493014	0.924151696607	0.0	0.326347305389	0.502994011976	0.48003992016	0.841317365269	0.709580838323	0.751497005988	0.746506986028	0.707584830339	0.734530938124	0.486027944112	0.518962075848	0.476047904192	0.437125748503	0.455089820359	0.402195608782	0.97005988024	0.969061876248	0.97005988024	0.969061876248	0.97005988024	0.968063872255	0.97005988024	0.97005988024	0.968063872255	0.967065868263	0.969061876248	0.967065868263	0.97005988024	0.969061876248	0.971057884232	0.920159680639	0.936127744511	0.931137724551	0.942115768463	0.938123752495	0.925149700599	0.922155688623	0.904191616766	0.905189620758	0.922155688623	0.934131736527	0.927145708583	0.929141716567	0.932135728543	0.926147704591	0.935129740519	0.936127744511	0.939121756487	0.935129740519	0.941117764471	0.933133732535	0.936127744511	0.933133732535	0.920159680639	0.903193612774	0.923153692615	0.936127744511	0.936127744511	0.957085828343	0.944111776447	0.924151696607	0.926147704591	0.930139720559	0.957085828343	0.945109780439	0.929141716567	0.923153692615	0.930139720559	0.919161676647	0.958083832335	0.921157684631	0.914171656687	0.926147704591	0.927145708583
CA2	0.899201596806	0.858283433134	0.816367265469	0.831337325349	0.788423153693	0.801397205589	0.875249500998	0.919161676647	0.910179640719	0.870259481038	0.798403193613	0.788423153693	0.817365269461	0.803393213573	0.873253493014	0.911177644711	0.326347305389	0.0	0.492015968064	0.454091816367	0.827345309381	0.698602794411	0.748502994012	0.741516966068	0.696606786427	0.725548902196	0.465069860279	0.499001996008	0.449101796407	0.422155688623	0.439121756487	0.37624750499	0.956087824351	0.952095808383	0.961077844311	0.955089820359	0.960079840319	0.955089820359	0.962075848303	0.958083832335	0.962075848303	0.958083832335	0.958083832335	0.960079840319	0.960079840319	0.957085828343	0.960079840319	0.905189620758	0.916167664671	0.905189620758	0.922155688623	0.915169660679	0.905189620758	0.90119760479	0.899201596806	0.899201596806	0.913173652695	0.920159680639	0.910179640719	0.913173652695	0.919161676647	0.90618762475	0.915169660679	0.931137724551	0.928143712575	0.936127744511	0.934131736527	0.925149700599	0.932135728543	0.923153692615	0.921157684631	0.898203592814	0.922155688623	0.924151696607	0.933133732535	0.959081836327	0.934131736527	0.919161676647	0.911177644711	0.917165668663	0.936127744511	0.922155688623	0.926147704591	0.917165668663	0.930139720559	0.916167664671	0.952095808383	0.923153692615	0.919161676647	0.920159680639	0.923153692615
CB1	0.921157684631	0.926147704591	0.87125748503	0.887225548902	0.884231536926	0.894211576846	0.922155688623	0.925149700599	0.928143712575	0.920159680639	0.882235528942	0.885229540918	0.884231536926	0.870259481038	0.925149700599	0.923153692615	0.502994011976	0.492015968064	0.0	0.269461077844	0.89121756487	0.769461077844	0.841317365269	0.832335329341	0.795409181637	0.825349301397	0.545908183633	0.591816367265	0.513972055888	0.416167664671	0.433133732535	0.465069860279	0.968063872255	0.961077844311	0.949101796407	0.959081836327	0.947105788423	0.956087824351	0.969061876248	0.965069860279	0.968063872255	0.967065868263	0.949101796407	0.960079840319	0.946107784431	0.968063872255	0.971057884232	0.916167664671	0.915169660679	0.918163672655	0.917165668663	0.918163672655	0.914171656687	0.926147704591	0.925149700599	0.921157684631	0.914171656687	0.916167664671	0.917165668663	0.918163672655	0.923153692615	0.917165668663	0.915169660679	0.939121756487	0.934131736527	0.956087824351	0.939121756487	0.928143712575	0.949101796407	0.932135728543	0.944111776447	0.914171656687	0.945109780439	0.938123752495	0.956087824351	0.97005988024	0.946107784431	0.966067864271	0.925149700599	0.959081836327	0.940119760479	0.930139720559	0.949101796407	0.955089820359	0.955089820359	0.950099800399	0.964071856287	0.965069860279	0.961077844311	0.963073852295	0.964071856287
CB2	0.900199600798	0.889221556886	0.841317365269	0.855289421158	0.855289421158	0.850299401198	0.897205588822	0.912175648703	0.911177644711	0.89620758483	0.857285429142	0.85628742515	0.844311377246	0.840319361277	0.905189620758	0.908183632735	0.48003992016	0.454091816367	0.269461077844	0.0	0.865269461078	0.740518962076	0.825349301397	0.808383233533	0.773453093812	0.801397205589	0.515968063872	0.563872255489	0.464071856287	0.379241516966	0.411177644711	0.441117764471	0.958083832335	0.950099800399	0.929141716567	0.947105788423	0.931137724551	0.941117764471	0.959081836327	0.954091816367	0.954091816367	0.956087824351	0.930139720559	0.947105788423	0.930139720559	0.955089820359	0.959081836327	0.903193612774	0.903193612774	0.902195608782	0.90618762475	0.912175648703	0.904191616766	0.919161676647	0.917165668663	0.907185628743	0.907185628743	0.910179640719	0.907185628743	0.904191616766	0.914171656687	0.90618762475	0.904191616766	0.917165668663	0.929141716567	0.937125748503	0.915169660679	0.922155688623	0.925149700599	0.910179640719	0.930139720559	0.905189620758	0.922155688623	0.912175648703	0.937125748503	0.957085828343	0.927145708583	0.947105788423	0.913173652695	0.947105788423	0.921157684631	0.911177644711	0.935129740519	0.940119760479	0.939121756487	0.934131736527	0.950099800399	0.947105788423	0.949101796407	0.944111776447	0.951097804391
CC1	0.744510978044	0.740518962076	0.778443113772	0.692614770459	0.741516966068	0.712574850299	0.735528942116	0.783433133733	0.779441117764	0.724550898204	0.729540918164	0.736526946108	0.672654690619	0.740518962076	0.733532934132	0.748502994012	0.841317365269	0.827345309381	0.89121756487	0.865269461078	0.0	0.456087824351	0.895209580838	0.887225548902	0.788423153693	0.836327345309	0.750499001996	0.75249500998	0.756487025948	0.801397205589	0.826347305389	0.809381237525	0.781437125749	0.795409181637	0.775449101796	0.811377245509	0.758483033932	0.791417165669	0.818363273453	0.819361277445	0.822355289421	0.815369261477	0.766467065868	0.824351297405	0.771457085828	0.790419161677	0.796407185629	0.666666666667	0.702594810379	0.711576846307	0.728542914172	0.730538922156	0.698602794411	0.705588822355	0.677644710579	0.664670658683	0.721556886228	0.72255489022	0.703592814371	0.726546906188	0.729540918164	0.684630738523	0.724550898204	0.853293413174	0.825349301397	0.776447105788	0.669660678643	0.823353293413	0.818363273453	0.692614770459	0.822355289421	0.754491017964	0.810379241517	0.695608782435	0.760479041916	0.85129740519	0.860279441118	0.697604790419	0.704590818363	0.731536926148	0.784431137725	0.758483033932	0.735528942116	0.72754491018	0.749500998004	0.731536926148	0.816367265469	0.688622754491	0.721556886228	0.74251497006	0.765469061876
CC2	0.763473053892	0.734530938124	0.710578842315	0.678642714571	0.698602794411	0.669660678643	0.734530938124	0.780439121756	0.773453093812	0.73253493014	0.674650698603	0.681636726547	0.658682634731	0.688622754491	0.744510978044	0.75748502994	0.709580838323	0.698602794411	0.769461077844	0.740518962076	0.456087824351	0.0	0.789421157685	0.776447105788	0.649700598802	0.723552894212	0.574850299401	0.576846307385	0.634730538922	0.679640718563	0.681636726547	0.662674650699	0.809381237525	0.809381237525	0.780439121756	0.813373253493	0.769461077844	0.799401197605	0.822355289421	0.829341317365	0.837325349301	0.823353293413	0.778443113772	0.828343313373	0.779441117764	0.813373253493	0.819361277445	0.672654690619	0.703592814371	0.715568862275	0.73253493014	0.7375249501	0.703592814371	0.723552894212	0.694610778443	0.696606786427	0.731536926148	0.739520958084	0.713572854291	0.720558882236	0.735528942116	0.692614770459	0.725548902196	0.848303393214	0.822355289421	0.821357285429	0.720558882236	0.814371257485	0.826347305389	0.718562874251	0.819361277445	0.744510978044	0.818363273453	0.739520958084	0.802395209581	0.86127744511	0.86626746507	0.72754491018	0.721556886228	0.755489021956	0.796407185629	0.765469061876	0.7624750499	0.7624750499	0.770459081836	0.746506986028	0.843313373253	0.7375249501	0.75249500998	0.754491017964	0.780439121756
CD1	0.926147704591	0.890219560878	0.796407185629	0.845309381238	0.674650698603	0.749500998004	0.90119760479	0.956087824351	0.949101796407	0.90618762475	0.739520958084	0.663672654691	0.822355289421	0.790419161677	0.89620758483	0.939121756487	0.751497005988	0.748502994012	0.841317365269	0.825349301397	0.895209580838	0.789421157685	0.0	0.403193612774	0.579840319361	0.472055888224	0.750499001996	0.74251497006	0.807385229541	0.785429141717	0.805389221557	0.783433133733	0.986027944112	0.98502994012	0.98502994012	0.984031936128	0.98502994012	0.984031936128	0.987025948104	0.98502994012	0.98502994012	0.983033932136	0.98502994012	0.984031936128	0.98502994012	0.986027944112	0.988023952096	0.947105788423	0.949101796407	0.951097804391	0.954091816367	0.948103792415	0.947105788423	0.948103792415	0.945109780439	0.944111776447	0.952095808383	0.947105788423	0.949101796407	0.953093812375	0.950099800399	0.949101796407	0.952095808383	0.962075848303	0.952095808383	0.977045908184	0.972055888224	0.952095808383	0.98003992016	0.964071856287	0.976047904192	0.952095808383	0.9750499002	0.968063872255	0.978043912176	0.98502994012	0.968063872255	0.978043912176	0.951097804391	0.976047904192	0.958083832335	0.960079840319	0.972055888224	0.974051896208	0.976047904192	0.976047904192	0.982035928144	0.98003992016	0.977045908184	0.977045908184	0.98003992016
CD2	0.922155688623	0.884231536926	0.778443113772	0.836327345309	0.678642714571	0.744510978044	0.900199600798	0.944111776447	0.940119760479	0.90618762475	0.731536926148	0.661676646707	0.817365269461	0.784431137725	0.893213572854	0.934131736527	0.746506986028	0.741516966068	0.832335329341	0.808383233533	0.887225548902	0.776447105788	0.403193612774	0.0	0.563872255489	0.465069860279	0.728542914172	0.721556886228	0.792415169661	0.779441117764	0.790419161677	0.7624750499	0.978043912176	0.978043912176	0.978043912176	0.977045908184	0.978043912176	0.976047904192	0.979041916168	0.978043912176	0.977045908184	0.977045908184	0.977045908184	0.978043912176	0.976047904192	0.978043912176	0.98003992016	0.935129740519	0.933133732535	0.940119760479	0.941117764471	0.934131736527	0.932135728543	0.933133732535	0.933133732535	0.925149700599	0.936127744511	0.934131736527	0.935129740519	0.937125748503	0.932135728543	0.939121756487	0.939121756487	0.954091816367	0.951097804391	0.973053892216	0.964071856287	0.951097804391	0.971057884232	0.955089820359	0.967065868263	0.936127744511	0.965069860279	0.956087824351	0.973053892216	0.987025948104	0.958083832335	0.968063872255	0.941117764471	0.964071856287	0.951097804391	0.954091816367	0.960079840319	0.962075848303	0.963073852295	0.964071856287	0.971057884232	0.968063872255	0.967065868263	0.964071856287	0.968063872255
CE1	0.819361277445	0.788423153693	0.679640718563	0.758483033932	0.590818363273	0.646706586826	0.804391217565	0.842315369261	0.832335329341	0.799401197605	0.642714570858	0.604790419162	0.723552894212	0.695608782435	0.786427145709	0.837325349301	0.707584830339	0.696606786427	0.795409181637	0.773453093812	0.788423153693	0.649700598802	0.579840319361	0.563872255489	0.0	0.465069860279	0.64870259481	0.641716566866	0.675648702595	0.705588822355	0.691616766467	0.696606786427	0.893213572854	0.893213572854	0.890219560878	0.890219560878	0.890219560878	0.887225548902	0.89121756487	0.894211576846	0.890219560878	0.892215568862	0.889221556886	0.889221556886	0.89121756487	0.889221556886	0.895209580838	0.776447105788	0.769461077844	0.774451097804	0.825349301397	0.758483033932	0.756487025948	0.781437125749	0.7624750499	0.774451097804	0.794411177645	0.753493013972	0.755489021956	0.776447105788	0.778443113772	0.765469061876	0.809381237525	0.942115768463	0.927145708583	0.899201596806	0.864271457086	0.927145708583	0.938123752495	0.867265469062	0.956087824351	0.816367265469	0.948103792415	0.890219560878	0.895209580838	0.965069860279	0.952095808383	0.86626746507	0.800399201597	0.86626746507	0.841317365269	0.839321357285	0.850299401198	0.85129740519	0.854291417166	0.85129740519	0.925149700599	0.87624750499	0.864271457086	0.874251497006	0.915169660679
CE2	0.872255489022	0.830339321357	0.706586826347	0.790419161677	0.614770459082	0.686626746507	0.847305389222	0.889221556886	0.882235528942	0.843313373253	0.681636726547	0.600798403194	0.768463073852	0.749500998004	0.836327345309	0.880239520958	0.734530938124	0.725548902196	0.825349301397	0.801397205589	0.836327345309	0.723552894212	0.472055888224	0.465069860279	0.465069860279	0.0	0.666666666667	0.665668662675	0.738522954092	0.731536926148	0.725548902196	0.72754491018	0.940119760479	0.937125748503	0.938123752495	0.939121756487	0.938123752495	0.937125748503	0.941117764471	0.939121756487	0.937125748503	0.936127744511	0.938123752495	0.936127744511	0.938123752495	0.940119760479	0.942115768463	0.844311377246	0.844311377246	0.847305389222	0.857285429142	0.844311377246	0.844311377246	0.848303393214	0.838323353293	0.840319361277	0.857285429142	0.847305389222	0.839321357285	0.84630738523	0.845309381238	0.845309381238	0.848303393214	0.944111776447	0.932135728543	0.924151696607	0.909181636727	0.936127744511	0.946107784431	0.900199600798	0.957085828343	0.855289421158	0.950099800399	0.903193612774	0.918163672655	0.972055888224	0.948103792415	0.910179640719	0.852295409182	0.907185628743	0.89121756487	0.897205588822	0.90618762475	0.909181636727	0.905189620758	0.904191616766	0.928143712575	0.912175648703	0.907185628743	0.911177644711	0.923153692615
CF1	0.811377245509	0.780439121756	0.74251497006	0.754491017964	0.694610778443	0.711576846307	0.778443113772	0.85628742515	0.844311377246	0.791417165669	0.705588822355	0.687624750499	0.729540918164	0.745508982036	0.793413173653	0.816367265469	0.486027944112	0.465069860279	0.545908183633	0.515968063872	0.750499001996	0.574850299401	0.750499001996	0.728542914172	0.64870259481	0.666666666667	0.0	0.336327345309	0.467065868263	0.476047904192	0.419161676647	0.427145708583	0.875249500998	0.880239520958	0.878243512974	0.88123752495	0.872255489022	0.869261477046	0.88622754491	0.893213572854	0.89620758483	0.88622754491	0.882235528942	0.897205588822	0.88123752495	0.87624750499	0.879241516966	0.7624750499	0.771457085828	0.768463073852	0.776447105788	0.769461077844	0.766467065868	0.775449101796	0.760479041916	0.765469061876	0.788423153693	0.77245508982	0.771457085828	0.769461077844	0.768463073852	0.7624750499	0.768463073852	0.915169660679	0.917165668663	0.914171656687	0.831337325349	0.907185628743	0.90119760479	0.823353293413	0.902195608782	0.839321357285	0.908183632735	0.826347305389	0.916167664671	0.951097804391	0.921157684631	0.829341317365	0.77744510978	0.834331337325	0.893213572854	0.879241516966	0.834331337325	0.835329341317	0.832335329341	0.827345309381	0.859281437126	0.832335329341	0.833333333333	0.833333333333	0.837325349301
CF2	0.842315369261	0.810379241517	0.75748502994	0.794411177645	0.717564870259	0.72255489022	0.809381237525	0.857285429142	0.857285429142	0.825349301397	0.728542914172	0.699600798403	0.770459081836	0.763473053892	0.812375249501	0.847305389222	0.518962075848	0.499001996008	0.591816367265	0.563872255489	0.75249500998	0.576846307385	0.74251497006	0.721556886228	0.641716566866	0.665668662675	0.336327345309	0.0	0.520958083832	0.526946107784	0.469061876248	0.465069860279	0.905189620758	0.90119760479	0.90119760479	0.902195608782	0.902195608782	0.89620758483	0.905189620758	0.904191616766	0.907185628743	0.904191616766	0.90119760479	0.900199600798	0.902195608782	0.90618762475	0.909181636727	0.801397205589	0.807385229541	0.805389221557	0.820359281437	0.803393213573	0.790419161677	0.797405189621	0.785429141717	0.785429141717	0.814371257485	0.815369261477	0.800399201597	0.811377245509	0.808383233533	0.796407185629	0.806387225549	0.917165668663	0.90618762475	0.910179640719	0.857285429142	0.897205588822	0.903193612774	0.847305389222	0.89620758483	0.821357285429	0.905189620758	0.853293413174	0.913173652695	0.947105788423	0.923153692615	0.847305389222	0.810379241517	0.854291417166	0.890219560878	0.870259481038	0.865269461078	0.853293413174	0.86127744511	0.855289421158	0.888223552894	0.850299401198	0.853293413174	0.855289421158	0.85628742515
CG1	0.818363273453	0.775449101796	0.729540918164	0.726546906188	0.74750499002	0.743512974052	0.791417165669	0.806387225549	0.800399201597	0.778443113772	0.758483033932	0.753493013972	0.715568862275	0.721556886228	0.791417165669	0.815369261477	0.476047904192	0.449101796407	0.513972055888	0.464071856287	0.756487025948	0.634730538922	0.807385229541	0.792415169661	0.675648702595	0.738522954092	0.467065868263	0.520958083832	0.0	0.37125748503	0.464071856287	0.436127744511	0.878243512974	0.868263473054	0.826347305389	0.868263473054	0.821357285429	0.858283433134	0.879241516966	0.87624750499	0.882235528942	0.879241516966	0.821357285429	0.870259481038	0.826347305389	0.874251497006	0.880239520958	0.798403193613	0.786427145709	0.808383233533	0.818363273453	0.820359281437	0.806387225549	0.825349301397	0.820359281437	0.816367265469	0.814371257485	0.821357285429	0.809381237525	0.808383233533	0.827345309381	0.788423153693	0.817365269461	0.882235528942	0.889221556886	0.867265469062	0.795409181637	0.884231536926	0.860279441118	0.808383233533	0.89121756487	0.850299401198	0.88123752495	0.825349301397	0.862275449102	0.905189620758	0.893213572854	0.844311377246	0.845309381238	0.841317365269	0.828343313373	0.816367265469	0.830339321357	0.835329341317	0.835329341317	0.829341317365	0.889221556886	0.859281437126	0.837325349301	0.841317365269	0.879241516966
