	CA7	CA8	CB7	CB8	CC7	CC8	CD7	CD8	CE7	CE8	CF7	CF8	CG7	CG8	CH7	CH8	CA1	CA2	CB1	CB2	CC1	CC2	CD1	CD2	CE1	CE2	CF1	CF2	CG1	CG2	CH1	CH2	CA5	CA6	CB5	CB6	CC5	CC6	CD6	CE5	CE6	CF5	CF6	CG5	CG6	CH5	CH6	CA11	CA12	CB11	CB12	CC11	CC12	CD11	CD12	CE11	CE12	CF11	CF12	CG11	CG12	CH11	CH12	CA3	CA4	CB3	CB4	CC4	CD3	CD4	CE4	CF3	CF4	CG3	CG4	CH3	CH4	CA9	CA10	CB9	CC9	CC10	CD9	CD10	CE9	CE10	CF9	CG9	CG10	CH9	CH10
CA7	0.0	0.388223552894	0.679640718563	0.52994011976	0.724550898204	0.631736526946	0.400199600798	0.445109780439	0.450099800399	0.434131736527	0.660678642715	0.692614770459	0.570858283433	0.62874251497	0.374251497006	0.302395209581	0.920159680639	0.90618762475	0.926147704591	0.900199600798	0.749500998004	0.758483033932	0.938123752495	0.920159680639	0.804391217565	0.86626746507	0.829341317365	0.842315369261	0.824351297405	0.855289421158	0.860279441118	0.862275449102	0.536926147705	0.522954091816	0.551896207585	0.508982035928	0.627744510978	0.585828343313	0.587824351297	0.567864271457	0.590818363273	0.564870259481	0.611776447106	0.513972055888	0.576846307385	0.518962075848	0.516966067864	0.704590818363	0.693612774451	0.671656686627	0.684630738523	0.606786427146	0.644710578842	0.636726546906	0.718562874251	0.634730538922	0.552894211577	0.604790419162	0.630738522954	0.670658682635	0.676646706587	0.709580838323	0.681636726547	0.914171656687	0.935129740519	0.89620758483	0.716566866267	0.919161676647	0.914171656687	0.72754491018	0.916167664671	0.870259481038	0.910179640719	0.764471057884	0.895209580838	0.963073852295	0.919161676647	0.704590818363	0.720558882236	0.710578842315	0.615768463074	0.600798403194	0.572854291417	0.583832335329	0.548902195609	0.52994011976	0.781437125749	0.716566866267	0.669660678643	0.708582834331	0.735528942116
CA8	0.388223552894	0.0	0.654690618762	0.483033932136	0.656686626747	0.579840319361	0.388223552894	0.498003992016	0.506986027944	0.414171656687	0.610778443114	0.629740518962	0.537924151697	0.60379241517	0.341317365269	0.372255489022	0.85129740519	0.847305389222	0.916167664671	0.888223552894	0.716566866267	0.716566866267	0.879241516966	0.859281437126	0.75249500998	0.804391217565	0.787425149701	0.797405189621	0.776447105788	0.812375249501	0.832335329341	0.836327345309	0.552894211577	0.562874251497	0.562874251497	0.564870259481	0.631736526946	0.585828343313	0.585828343313	0.569860279441	0.584830339321	0.572854291417	0.62375249501	0.547904191617	0.589820359281	0.550898203593	0.544910179641	0.701596806387	0.679640718563	0.64870259481	0.655688622754	0.59880239521	0.607784431138	0.612774451098	0.690618762475	0.614770459082	0.539920159681	0.596806387226	0.619760479042	0.635728542914	0.662674650699	0.700598802395	0.652694610778	0.918163672655	0.936127744511	0.884231536926	0.683632734531	0.921157684631	0.913173652695	0.710578842315	0.899201596806	0.870259481038	0.909181636727	0.745508982036	0.880239520958	0.958083832335	0.917165668663	0.656686626747	0.708582834331	0.658682634731	0.611776447106	0.59880239521	0.528942115768	0.528942115768	0.499001996008	0.469061876248	0.774451097804	0.667664670659	0.61377245509	0.664670658683	0.685628742515
CB7	0.679640718563	0.654690618762	0.0	0.566866267465	0.665668662675	0.661676646707	0.680638722555	0.697604790419	0.697604790419	0.693612774451	0.655688622754	0.674650698603	0.517964071856	0.425149700599	0.668662674651	0.688622754491	0.823353293413	0.824351297405	0.874251497006	0.844311377246	0.76746506986	0.74750499002	0.785429141717	0.776447105788	0.662674650699	0.703592814371	0.7624750499	0.778443113772	0.706586826347	0.764471057884	0.801397205589	0.791417165669	0.763473053892	0.761477045908	0.721556886228	0.758483033932	0.709580838323	0.755489021956	0.76746506986	0.76746506986	0.765469061876	0.7624750499	0.685628742515	0.75748502994	0.717564870259	0.758483033932	0.770459081836	0.7624750499	0.729540918164	0.791417165669	0.798403193613	0.716566866267	0.743512974052	0.700598802395	0.761477045908	0.687624750499	0.665668662675	0.709580838323	0.699600798403	0.782435129741	0.776447105788	0.773453093812	0.791417165669	0.877245508982	0.819361277445	0.878243512974	0.768463073852	0.799401197605	0.887225548902	0.781437125749	0.900199600798	0.823353293413	0.890219560878	0.773453093812	0.853293413174	0.848303393214	0.88622754491	0.850299401198	0.803393213573	0.867265469062	0.715568862275	0.698602794411	0.723552894212	0.734530938124	0.728542914172	0.729540918164	0.904191616766	0.86626746507	0.821357285429	0.863273453094	0.88622754491
CB8	0.52994011976	0.483033932136	0.566866267465	0.0	0.629740518962	0.590818363273	0.502994011976	0.607784431138	0.604790419162	0.527944111776	0.60878243513	0.642714570858	0.429141716567	0.496007984032	0.508982035928	0.523952095808	0.848303393214	0.836327345309	0.884231536926	0.858283433134	0.690618762475	0.684630738523	0.850299401198	0.826347305389	0.733532934132	0.788423153693	0.768463073852	0.778443113772	0.724550898204	0.763473053892	0.828343313373	0.822355289421	0.657684630739	0.65369261477	0.60878243513	0.658682634731	0.61876247505	0.646706586826	0.666666666667	0.673652694611	0.673652694611	0.667664670659	0.610778443114	0.64870259481	0.629740518962	0.64371257485	0.644710578842	0.705588822355	0.657684630739	0.697604790419	0.697604790419	0.616766467066	0.663672654691	0.630738522954	0.716566866267	0.625748502994	0.550898203593	0.61876247505	0.624750499002	0.688622754491	0.691616766467	0.697604790419	0.693612774451	0.892215568862	0.913173652695	0.88123752495	0.716566866267	0.897205588822	0.89121756487	0.729540918164	0.90618762475	0.858283433134	0.890219560878	0.729540918164	0.86626746507	0.936127744511	0.894211576846	0.734530938124	0.718562874251	0.746506986028	0.641716566866	0.635728542914	0.59880239521	0.596806387226	0.573852295409	0.560878243513	0.789421157685	0.750499001996	0.695608782435	0.74750499002	0.76746506986
CC7	0.724550898204	0.656686626747	0.665668662675	0.629740518962	0.0	0.527944111776	0.680638722555	0.785429141717	0.787425149701	0.704590818363	0.510978043912	0.466067864271	0.626746506986	0.670658682635	0.668662674651	0.715568862275	0.786427145709	0.800399201597	0.892215568862	0.87125748503	0.734530938124	0.707584830339	0.65369261477	0.639720558882	0.611776447106	0.595808383234	0.704590818363	0.705588822355	0.746506986028	0.798403193613	0.783433133733	0.774451097804	0.825349301397	0.834331337325	0.823353293413	0.845309381238	0.838323353293	0.838323353293	0.838323353293	0.840319361277	0.850299401198	0.848303393214	0.835329341317	0.828343313373	0.847305389222	0.826347305389	0.819361277445	0.711576846307	0.694610778443	0.702594810379	0.713572854291	0.694610778443	0.695608782435	0.704590818363	0.72255489022	0.699600798403	0.708582834331	0.701596806387	0.703592814371	0.703592814371	0.693612774451	0.698602794411	0.702594810379	0.931137724551	0.950099800399	0.914171656687	0.776447105788	0.937125748503	0.923153692615	0.784431137725	0.930139720559	0.849301397206	0.931137724551	0.774451097804	0.910179640719	0.978043912176	0.935129740519	0.748502994012	0.709580838323	0.756487025948	0.843313373253	0.812375249501	0.739520958084	0.741516966068	0.735528942116	0.7375249501	0.800399201597	0.748502994012	0.746506986028	0.749500998004	0.775449101796
CC8	0.631736526946	0.579840319361	0.661676646707	0.590818363273	0.527944111776	0.0	0.636726546906	0.745508982036	0.75249500998	0.657684630739	0.442115768463	0.497005988024	0.600798403194	0.64870259481	0.579840319361	0.626746506986	0.790419161677	0.800399201597	0.894211576846	0.87125748503	0.712574850299	0.675648702595	0.755489021956	0.74750499002	0.63872255489	0.689620758483	0.726546906188	0.728542914172	0.739520958084	0.792415169661	0.801397205589	0.797405189621	0.781437125749	0.790419161677	0.782435129741	0.798403193613	0.794411177645	0.793413173653	0.799401197605	0.802395209581	0.806387225549	0.807385229541	0.791417165669	0.788423153693	0.806387225549	0.787425149701	0.77744510978	0.705588822355	0.686626746507	0.673652694611	0.685628742515	0.649700598802	0.629740518962	0.681636726547	0.702594810379	0.685628742515	0.680638722555	0.64870259481	0.684630738523	0.673652694611	0.664670658683	0.710578842315	0.696606786427	0.922155688623	0.930139720559	0.892215568862	0.709580838323	0.913173652695	0.907185628743	0.717564870259	0.914171656687	0.86626746507	0.916167664671	0.74750499002	0.889221556886	0.957085828343	0.922155688623	0.677644710579	0.711576846307	0.695608782435	0.796407185629	0.770459081836	0.649700598802	0.65369261477	0.650698602794	0.63872255489	0.801397205589	0.689620758483	0.658682634731	0.693612774451	0.731536926148
CD7	0.400199600798	0.388223552894	0.680638722555	0.502994011976	0.680638722555	0.636726546906	0.0	0.448103792415	0.449101796407	0.35129740519	0.641716566866	0.671656686627	0.570858283433	0.626746506986	0.37125748503	0.39121756487	0.873253493014	0.868263473054	0.923153692615	0.903193612774	0.729540918164	0.74251497006	0.910179640719	0.888223552894	0.781437125749	0.832335329341	0.803393213573	0.810379241517	0.794411177645	0.831337325349	0.85129740519	0.838323353293	0.534930139721	0.522954091816	0.558882235529	0.527944111776	0.63373253493	0.587824351297	0.584830339321	0.565868263473	0.588822355289	0.563872255489	0.624750499002	0.515968063872	0.588822355289	0.517964071856	0.516966067864	0.686626746507	0.659680638723	0.668662674651	0.675648702595	0.583832335329	0.637724550898	0.596806387226	0.702594810379	0.617764471058	0.539920159681	0.599800399202	0.606786427146	0.664670658683	0.660678642715	0.681636726547	0.680638722555	0.930139720559	0.945109780439	0.897205588822	0.750499001996	0.937125748503	0.918163672655	0.75748502994	0.913173652695	0.878243512974	0.912175648703	0.766467065868	0.898203592814	0.963073852295	0.933133732535	0.709580838323	0.72754491018	0.683632734531	0.588822355289	0.578842315369	0.542914171657	0.539920159681	0.517964071856	0.498003992016	0.74750499002	0.719560878244	0.658682634731	0.685628742515	0.715568862275
CD8	0.445109780439	0.498003992016	0.697604790419	0.607784431138	0.785429141717	0.745508982036	0.448103792415	0.0	0.331337325349	0.445109780439	0.761477045908	0.797405189621	0.645708582834	0.64870259481	0.48003992016	0.443113772455	0.920159680639	0.912175648703	0.940119760479	0.912175648703	0.776447105788	0.786427145709	0.959081836327	0.943113772455	0.828343313373	0.888223552894	0.84630738523	0.870259481038	0.822355289421	0.85628742515	0.87624750499	0.870259481038	0.556886227545	0.534930139721	0.571856287425	0.50998003992	0.641716566866	0.591816367265	0.597804391218	0.574850299401	0.591816367265	0.561876247505	0.630738522954	0.537924151697	0.582834331337	0.544910179641	0.551896207585	0.726546906188	0.736526946108	0.751497005988	0.749500998004	0.667664670659	0.710578842315	0.655688622754	0.708582834331	0.645708582834	0.573852295409	0.666666666667	0.655688622754	0.750499001996	0.725548902196	0.744510978044	0.754491017964	0.914171656687	0.929141716567	0.867265469062	0.804391217565	0.921157684631	0.89620758483	0.817365269461	0.890219560878	0.86626746507	0.895209580838	0.808383233533	0.86626746507	0.945109780439	0.914171656687	0.780439121756	0.780439121756	0.775449101796	0.579840319361	0.577844311377	0.636726546906	0.639720558882	0.611776447106	0.587824351297	0.828343313373	0.787425149701	0.7375249501	0.769461077844	0.798403193613
CE7	0.450099800399	0.506986027944	0.697604790419	0.604790419162	0.787425149701	0.75249500998	0.449101796407	0.331337325349	0.0	0.444111776447	0.774451097804	0.794411177645	0.641716566866	0.642714570858	0.4750499002	0.441117764471	0.923153692615	0.918163672655	0.938123752495	0.914171656687	0.765469061876	0.769461077844	0.962075848303	0.941117764471	0.822355289421	0.888223552894	0.854291417166	0.870259481038	0.815369261477	0.855289421158	0.875249500998	0.86626746507	0.545908183633	0.522954091816	0.567864271457	0.506986027944	0.635728542914	0.59381237525	0.591816367265	0.575848303393	0.585828343313	0.551896207585	0.620758483034	0.533932135729	0.575848303393	0.533932135729	0.542914171657	0.734530938124	0.741516966068	0.75249500998	0.764471057884	0.687624750499	0.713572854291	0.658682634731	0.730538922156	0.65369261477	0.578842315369	0.685628742515	0.663672654691	0.758483033932	0.750499001996	0.748502994012	0.7624750499	0.90618762475	0.925149700599	0.85628742515	0.798403193613	0.915169660679	0.884231536926	0.809381237525	0.880239520958	0.85628742515	0.888223552894	0.798403193613	0.860279441118	0.940119760479	0.899201596806	0.780439121756	0.782435129741	0.785429141717	0.579840319361	0.566866267465	0.632734530938	0.636726546906	0.621756487026	0.591816367265	0.836327345309	0.794411177645	0.7375249501	0.781437125749	0.806387225549
CE8	0.434131736527	0.414171656687	0.693612774451	0.527944111776	0.704590818363	0.657684630739	0.35129740519	0.445109780439	0.444111776447	0.0	0.670658682635	0.705588822355	0.582834331337	0.636726546906	0.40618762475	0.426147704591	0.888223552894	0.889221556886	0.938123752495	0.913173652695	0.729540918164	0.74251497006	0.928143712575	0.911177644711	0.796407185629	0.850299401198	0.822355289421	0.832335329341	0.813373253493	0.849301397206	0.865269461078	0.857285429142	0.535928143713	0.526946107784	0.562874251497	0.538922155689	0.632734530938	0.583832335329	0.585828343313	0.566866267465	0.583832335329	0.560878243513	0.61876247505	0.525948103792	0.587824351297	0.515968063872	0.513972055888	0.682634730539	0.660678642715	0.675648702595	0.689620758483	0.601796407186	0.640718562874	0.592814371257	0.696606786427	0.609780439122	0.528942115768	0.60379241517	0.597804391218	0.675648702595	0.668662674651	0.674650698603	0.690618762475	0.922155688623	0.941117764471	0.888223552894	0.745508982036	0.922155688623	0.904191616766	0.750499001996	0.899201596806	0.873253493014	0.902195608782	0.754491017964	0.888223552894	0.954091816367	0.923153692615	0.713572854291	0.711576846307	0.698602794411	0.584830339321	0.570858283433	0.550898203593	0.552894211577	0.528942115768	0.497005988024	0.753493013972	0.723552894212	0.662674650699	0.694610778443	0.72255489022
CF7	0.660678642715	0.610778443114	0.655688622754	0.60878243513	0.510978043912	0.442115768463	0.641716566866	0.761477045908	0.774451097804	0.670658682635	0.0	0.48003992016	0.611776447106	0.647704590818	0.622754491018	0.666666666667	0.788423153693	0.796407185629	0.888223552894	0.86626746507	0.702594810379	0.678642714571	0.744510978044	0.729540918164	0.62874251497	0.659680638723	0.710578842315	0.705588822355	0.748502994012	0.794411177645	0.788423153693	0.784431137725	0.793413173653	0.804391217565	0.796407185629	0.811377245509	0.805389221557	0.808383233533	0.810379241517	0.803393213573	0.816367265469	0.818363273453	0.801397205589	0.799401197605	0.812375249501	0.797405189621	0.788423153693	0.707584830339	0.682634730539	0.688622754491	0.702594810379	0.661676646707	0.64870259481	0.691616766467	0.707584830339	0.679640718563	0.689620758483	0.663672654691	0.694610778443	0.681636726547	0.671656686627	0.707584830339	0.705588822355	0.922155688623	0.924151696607	0.892215568862	0.734530938124	0.917165668663	0.908183632735	0.741516966068	0.90618762475	0.854291417166	0.910179640719	0.761477045908	0.887225548902	0.955089820359	0.927145708583	0.700598802395	0.709580838323	0.723552894212	0.817365269461	0.77744510978	0.684630738523	0.688622754491	0.689620758483	0.685628742515	0.812375249501	0.717564870259	0.689620758483	0.724550898204	0.755489021956
CF8	0.692614770459	0.629740518962	0.674650698603	0.642714570858	0.466067864271	0.497005988024	0.671656686627	0.797405189621	0.794411177645	0.705588822355	0.48003992016	0.0	0.627744510978	0.675648702595	0.63872255489	0.693612774451	0.782435129741	0.801397205589	0.885229540918	0.869261477046	0.717564870259	0.678642714571	0.694610778443	0.680638722555	0.631736526946	0.619760479042	0.678642714571	0.707584830339	0.746506986028	0.799401197605	0.773453093812	0.766467065868	0.824351297405	0.838323353293	0.830339321357	0.84630738523	0.837325349301	0.839321357285	0.838323353293	0.842315369261	0.847305389222	0.853293413174	0.837325349301	0.830339321357	0.85129740519	0.830339321357	0.821357285429	0.72255489022	0.689620758483	0.670658682635	0.677644710579	0.682634730539	0.671656686627	0.706586826347	0.723552894212	0.703592814371	0.711576846307	0.675648702595	0.709580838323	0.669660678643	0.676646706587	0.692614770459	0.682634730539	0.925149700599	0.937125748503	0.895209580838	0.736526946108	0.926147704591	0.913173652695	0.734530938124	0.916167664671	0.840319361277	0.921157684631	0.760479041916	0.890219560878	0.968063872255	0.925149700599	0.709580838323	0.705588822355	0.717564870259	0.848303393214	0.817365269461	0.701596806387	0.714570858283	0.715568862275	0.701596806387	0.809381237525	0.716566866267	0.726546906188	0.715568862275	0.749500998004
CG7	0.570858283433	0.537924151697	0.517964071856	0.429141716567	0.626746506986	0.600798403194	0.570858283433	0.645708582834	0.641716566866	0.582834331337	0.611776447106	0.627744510978	0.0	0.460079840319	0.569860279441	0.578842315369	0.841317365269	0.833333333333	0.887225548902	0.855289421158	0.677644710579	0.670658682635	0.826347305389	0.798403193613	0.718562874251	0.7624750499	0.769461077844	0.768463073852	0.693612774451	0.755489021956	0.830339321357	0.813373253493	0.686626746507	0.686626746507	0.645708582834	0.699600798403	0.642714570858	0.681636726547	0.701596806387	0.700598802395	0.703592814371	0.702594810379	0.62375249501	0.679640718563	0.661676646707	0.680638722555	0.678642714571	0.698602794411	0.661676646707	0.72255489022	0.726546906188	0.650698602794	0.686626746507	0.639720558882	0.725548902196	0.631736526946	0.591816367265	0.641716566866	0.639720558882	0.706586826347	0.723552894212	0.701596806387	0.712574850299	0.884231536926	0.89121756487	0.887225548902	0.721556886228	0.880239520958	0.892215568862	0.733532934132	0.907185628743	0.860279441118	0.892215568862	0.734530938124	0.857285429142	0.926147704591	0.892215568862	0.758483033932	0.741516966068	0.763473053892	0.685628742515	0.668662674651	0.62375249501	0.632734530938	0.630738522954	0.626746506986	0.808383233533	0.771457085828	0.72754491018	0.769461077844	0.794411177645
CG8	0.62874251497	0.60379241517	0.425149700599	0.496007984032	0.670658682635	0.64870259481	0.626746506986	0.64870259481	0.642714570858	0.636726546906	0.647704590818	0.675648702595	0.460079840319	0.0	0.61876247505	0.634730538922	0.836327345309	0.826347305389	0.87624750499	0.84630738523	0.735528942116	0.702594810379	0.806387225549	0.796407185629	0.687624750499	0.734530938124	0.750499001996	0.755489021956	0.703592814371	0.75249500998	0.797405189621	0.790419161677	0.708582834331	0.706586826347	0.674650698603	0.713572854291	0.672654690619	0.707584830339	0.72255489022	0.724550898204	0.717564870259	0.709580838323	0.639720558882	0.715568862275	0.674650698603	0.710578842315	0.718562874251	0.738522954092	0.706586826347	0.75748502994	0.766467065868	0.688622754491	0.724550898204	0.672654690619	0.741516966068	0.672654690619	0.620758483034	0.681636726547	0.673652694611	0.750499001996	0.75748502994	0.751497005988	0.756487025948	0.878243512974	0.847305389222	0.873253493014	0.744510978044	0.826347305389	0.882235528942	0.753493013972	0.888223552894	0.835329341317	0.87125748503	0.750499001996	0.850299401198	0.878243512974	0.88622754491	0.815369261477	0.780439121756	0.825349301397	0.671656686627	0.652694610778	0.686626746507	0.688622754491	0.680638722555	0.680638722555	0.874251497006	0.833333333333	0.785429141717	0.831337325349	0.853293413174
CH7	0.374251497006	0.341317365269	0.668662674651	0.508982035928	0.668662674651	0.579840319361	0.37125748503	0.48003992016	0.4750499002	0.40618762475	0.622754491018	0.63872255489	0.569860279441	0.61876247505	0.0	0.359281437126	0.869261477046	0.859281437126	0.925149700599	0.899201596806	0.712574850299	0.715568862275	0.889221556886	0.867265469062	0.763473053892	0.822355289421	0.804391217565	0.807385229541	0.783433133733	0.824351297405	0.84630738523	0.830339321357	0.530938123752	0.521956087824	0.560878243513	0.52994011976	0.631736526946	0.585828343313	0.581836327345	0.560878243513	0.584830339321	0.555888223553	0.622754491018	0.51497005988	0.591816367265	0.51497005988	0.511976047904	0.721556886228	0.700598802395	0.690618762475	0.700598802395	0.625748502994	0.64870259481	0.626746506986	0.716566866267	0.627744510978	0.559880239521	0.614770459082	0.636726546906	0.686626746507	0.679640718563	0.718562874251	0.703592814371	0.923153692615	0.940119760479	0.884231536926	0.705588822355	0.923153692615	0.90119760479	0.72255489022	0.90119760479	0.867265469062	0.903193612774	0.740518962076	0.882235528942	0.955089820359	0.923153692615	0.679640718563	0.729540918164	0.702594810379	0.61876247505	0.606786427146	0.556886227545	0.560878243513	0.531936127745	0.500998003992	0.792415169661	0.687624750499	0.652694610778	0.702594810379	0.728542914172
CH8	0.302395209581	0.372255489022	0.688622754491	0.523952095808	0.715568862275	0.626746506986	0.39121756487	0.443113772455	0.441117764471	0.426147704591	0.666666666667	0.693612774451	0.578842315369	0.634730538922	0.359281437126	0.0	0.914171656687	0.89620758483	0.931137724551	0.903193612774	0.736526946108	0.746506986028	0.940119760479	0.920159680639	0.813373253493	0.864271457086	0.826347305389	0.837325349301	0.823353293413	0.844311377246	0.862275449102	0.86127744511	0.531936127745	0.521956087824	0.553892215569	0.508982035928	0.629740518962	0.585828343313	0.587824351297	0.570858283433	0.590818363273	0.561876247505	0.619760479042	0.513972055888	0.585828343313	0.521956087824	0.516966067864	0.707584830339	0.686626746507	0.657684630739	0.682634730539	0.60379241517	0.63373253493	0.63373253493	0.723552894212	0.640718562874	0.554890219561	0.599800399202	0.626746506986	0.660678642715	0.676646706587	0.707584830339	0.676646706587	0.917165668663	0.937125748503	0.894211576846	0.705588822355	0.924151696607	0.912175648703	0.721556886228	0.911177644711	0.874251497006	0.909181636727	0.755489021956	0.893213572854	0.956087824351	0.920159680639	0.682634730539	0.717564870259	0.678642714571	0.61876247505	0.604790419162	0.554890219561	0.565868263473	0.537924151697	0.50998003992	0.770459081836	0.698602794411	0.649700598802	0.687624750499	0.709580838323
CA1	0.920159680639	0.85129740519	0.823353293413	0.848303393214	0.786427145709	0.790419161677	0.873253493014	0.920159680639	0.923153692615	0.888223552894	0.788423153693	0.782435129741	0.841317365269	0.836327345309	0.869261477046	0.914171656687	0.0	0.345309381238	0.506986027944	0.499001996008	0.842315369261	0.714570858283	0.753493013972	0.724550898204	0.705588822355	0.717564870259	0.491017964072	0.50499001996	0.459081836327	0.455089820359	0.468063872255	0.433133732535	0.955089820359	0.959081836327	0.961077844311	0.957085828343	0.962075848303	0.959081836327	0.960079840319	0.960079840319	0.958083832335	0.959081836327	0.958083832335	0.959081836327	0.959081836327	0.960079840319	0.961077844311	0.927145708583	0.927145708583	0.929141716567	0.936127744511	0.930139720559	0.931137724551	0.922155688623	0.914171656687	0.911177644711	0.924151696607	0.930139720559	0.930139720559	0.927145708583	0.930139720559	0.925149700599	0.932135728543	0.932135728543	0.949101796407	0.930139720559	0.939121756487	0.934131736527	0.937125748503	0.935129740519	0.918163672655	0.908183632735	0.924151696607	0.927145708583	0.926147704591	0.967065868263	0.948103792415	0.919161676647	0.925149700599	0.923153692615	0.942115768463	0.931137724551	0.935129740519	0.918163672655	0.926147704591	0.926147704591	0.946107784431	0.915169660679	0.916167664671	0.922155688623	0.927145708583
CA2	0.90618762475	0.847305389222	0.824351297405	0.836327345309	0.800399201597	0.800399201597	0.868263473054	0.912175648703	0.918163672655	0.889221556886	0.796407185629	0.801397205589	0.833333333333	0.826347305389	0.859281437126	0.89620758483	0.345309381238	0.0	0.498003992016	0.472055888224	0.839321357285	0.696606786427	0.769461077844	0.750499001996	0.719560878244	0.729540918164	0.48502994012	0.487025948104	0.447105788423	0.427145708583	0.448103792415	0.409181636727	0.952095808383	0.951097804391	0.950099800399	0.952095808383	0.956087824351	0.952095808383	0.957085828343	0.956087824351	0.955089820359	0.955089820359	0.951097804391	0.951097804391	0.951097804391	0.953093812375	0.960079840319	0.918163672655	0.912175648703	0.914171656687	0.921157684631	0.913173652695	0.916167664671	0.90618762475	0.89620758483	0.893213572854	0.90618762475	0.915169660679	0.912175648703	0.915169660679	0.912175648703	0.918163672655	0.914171656687	0.922155688623	0.936127744511	0.934131736527	0.929141716567	0.920159680639	0.936127744511	0.925149700599	0.922155688623	0.898203592814	0.922155688623	0.920159680639	0.928143712575	0.962075848303	0.931137724551	0.917165668663	0.918163672655	0.928143712575	0.935129740519	0.921157684631	0.929141716567	0.912175648703	0.926147704591	0.918163672655	0.939121756487	0.916167664671	0.919161676647	0.927145708583	0.925149700599
CB1	0.926147704591	0.916167664671	0.874251497006	0.884231536926	0.892215568862	0.894211576846	0.923153692615	0.940119760479	0.938123752495	0.938123752495	0.888223552894	0.885229540918	0.887225548902	0.87624750499	0.925149700599	0.931137724551	0.506986027944	0.498003992016	0.0	0.271457085828	0.897205588822	0.760479041916	0.847305389222	0.843313373253	0.812375249501	0.826347305389	0.567864271457	0.59381237525	0.506986027944	0.451097804391	0.463073852295	0.472055888224	0.977045908184	0.973053892216	0.944111776447	0.966067864271	0.946107784431	0.963073852295	0.98003992016	0.977045908184	0.978043912176	0.974051896208	0.943113772455	0.965069860279	0.943113772455	0.971057884232	0.979041916168	0.936127744511	0.927145708583	0.938123752495	0.930139720559	0.943113772455	0.938123752495	0.947105788423	0.944111776447	0.938123752495	0.931137724551	0.937125748503	0.941117764471	0.929141716567	0.945109780439	0.933133732535	0.928143712575	0.929141716567	0.938123752495	0.946107784431	0.938123752495	0.926147704591	0.947105788423	0.939121756487	0.943113772455	0.920159680639	0.942115768463	0.942115768463	0.947105788423	0.957085828343	0.931137724551	0.977045908184	0.939121756487	0.9750499002	0.938123752495	0.935129740519	0.961077844311	0.965069860279	0.965069860279	0.965069860279	0.9750499002	0.977045908184	0.976047904192	0.981037924152	0.98003992016
CB2	0.900199600798	0.888223552894	0.844311377246	0.858283433134	0.87125748503	0.87125748503	0.903193612774	0.912175648703	0.914171656687	0.913173652695	0.86626746507	0.869261477046	0.855289421158	0.84630738523	0.899201596806	0.903193612774	0.499001996008	0.472055888224	0.271457085828	0.0	0.864271457086	0.7375249501	0.85129740519	0.834331337325	0.788423153693	0.814371257485	0.545908183633	0.559880239521	0.479041916168	0.414171656687	0.438123752495	0.453093812375	0.955089820359	0.951097804391	0.922155688623	0.949101796407	0.923153692615	0.942115768463	0.959081836327	0.958083832335	0.956087824351	0.953093812375	0.922155688623	0.946107784431	0.920159680639	0.950099800399	0.961077844311	0.90119760479	0.893213572854	0.907185628743	0.905189620758	0.911177644711	0.909181636727	0.918163672655	0.914171656687	0.907185628743	0.899201596806	0.909181636727	0.90618762475	0.90119760479	0.918163672655	0.900199600798	0.898203592814	0.907185628743	0.922155688623	0.928143712575	0.907185628743	0.907185628743	0.918163672655	0.909181636727	0.916167664671	0.892215568862	0.918163672655	0.905189620758	0.927145708583	0.947105788423	0.913173652695	0.945109780439	0.911177644711	0.945109780439	0.919161676647	0.912175648703	0.933133732535	0.938123752495	0.936127744511	0.936127744511	0.945109780439	0.947105788423	0.946107784431	0.949101796407	0.947105788423
CC1	0.749500998004	0.716566866267	0.76746506986	0.690618762475	0.734530938124	0.712574850299	0.729540918164	0.776447105788	0.765469061876	0.729540918164	0.702594810379	0.717564870259	0.677644710579	0.735528942116	0.712574850299	0.736526946108	0.842315369261	0.839321357285	0.897205588822	0.864271457086	0.0	0.464071856287	0.89620758483	0.874251497006	0.793413173653	0.819361277445	0.766467065868	0.7624750499	0.758483033932	0.799401197605	0.827345309381	0.813373253493	0.792415169661	0.791417165669	0.753493013972	0.805389221557	0.753493013972	0.787425149701	0.805389221557	0.809381237525	0.812375249501	0.807385229541	0.75249500998	0.784431137725	0.768463073852	0.782435129741	0.787425149701	0.698602794411	0.708582834331	0.723552894212	0.7375249501	0.726546906188	0.705588822355	0.703592814371	0.688622754491	0.680638722555	0.703592814371	0.72255489022	0.723552894212	0.719560878244	0.739520958084	0.685628742515	0.738522954092	0.837325349301	0.832335329341	0.776447105788	0.678642714571	0.817365269461	0.828343313373	0.693612774451	0.814371257485	0.759481037924	0.805389221557	0.673652694611	0.754491017964	0.857285429142	0.850299401198	0.677644710579	0.709580838323	0.743512974052	0.781437125749	0.761477045908	0.729540918164	0.72754491018	0.74251497006	0.734530938124	0.824351297405	0.684630738523	0.719560878244	0.739520958084	0.763473053892
CC2	0.758483033932	0.716566866267	0.74750499002	0.684630738523	0.707584830339	0.675648702595	0.74251497006	0.786427145709	0.769461077844	0.74251497006	0.678642714571	0.678642714571	0.670658682635	0.702594810379	0.715568862275	0.746506986028	0.714570858283	0.696606786427	0.760479041916	0.7375249501	0.464071856287	0.0	0.820359281437	0.796407185629	0.703592814371	0.726546906188	0.597804391218	0.599800399202	0.644710578842	0.677644710579	0.689620758483	0.672654690619	0.811377245509	0.814371257485	0.775449101796	0.823353293413	0.790419161677	0.810379241517	0.833333333333	0.832335329341	0.837325349301	0.834331337325	0.780439121756	0.812375249501	0.801397205589	0.812375249501	0.810379241517	0.709580838323	0.725548902196	0.724550898204	0.735528942116	0.74251497006	0.726546906188	0.730538922156	0.708582834331	0.711576846307	0.723552894212	0.7375249501	0.740518962076	0.719560878244	0.754491017964	0.697604790419	0.738522954092	0.847305389222	0.844311377246	0.808383233533	0.723552894212	0.827345309381	0.843313373253	0.73253493014	0.813373253493	0.76746506986	0.822355289421	0.716566866267	0.795409181637	0.875249500998	0.859281437126	0.717564870259	0.706586826347	0.750499001996	0.792415169661	0.77744510978	0.759481037924	0.751497005988	0.770459081836	0.74750499002	0.837325349301	0.730538922156	0.753493013972	0.755489021956	0.768463073852
CD1	0.938123752495	0.879241516966	0.785429141717	0.850299401198	0.65369261477	0.755489021956	0.910179640719	0.959081836327	0.962075848303	0.928143712575	0.744510978044	0.694610778443	0.826347305389	0.806387225549	0.889221556886	0.940119760479	0.753493013972	0.769461077844	0.847305389222	0.85129740519	0.89620758483	0.820359281437	0.0	0.437125748503	0.583832335329	0.489021956088	0.741516966068	0.73253493014	0.800399201597	0.811377245509	0.814371257485	0.803393213573	0.987025948104	0.98502994012	0.986027944112	0.986027944112	0.986027944112	0.984031936128	0.989021956088	0.986027944112	0.987025948104	0.983033932136	0.984031936128	0.983033932136	0.984031936128	0.98502994012	0.989021956088	0.950099800399	0.944111776447	0.948103792415	0.951097804391	0.951097804391	0.946107784431	0.943113772455	0.944111776447	0.941117764471	0.943113772455	0.950099800399	0.946107784431	0.948103792415	0.946107784431	0.947105788423	0.945109780439	0.968063872255	0.968063872255	0.982035928144	0.976047904192	0.963073852295	0.983033932136	0.9750499002	0.981037924152	0.948103792415	0.982035928144	0.9750499002	0.982035928144	0.992015968064	0.968063872255	0.98502994012	0.949101796407	0.98003992016	0.961077844311	0.961077844311	0.978043912176	0.977045908184	0.979041916168	0.9750499002	0.982035928144	0.986027944112	0.982035928144	0.98502994012	0.98502994012
CD2	0.920159680639	0.859281437126	0.776447105788	0.826347305389	0.639720558882	0.74750499002	0.888223552894	0.943113772455	0.941117764471	0.911177644711	0.729540918164	0.680638722555	0.798403193613	0.796407185629	0.867265469062	0.920159680639	0.724550898204	0.750499001996	0.843313373253	0.834331337325	0.874251497006	0.796407185629	0.437125748503	0.0	0.59381237525	0.47005988024	0.734530938124	0.717564870259	0.778443113772	0.792415169661	0.805389221557	0.782435129741	0.971057884232	0.971057884232	0.972055888224	0.973053892216	0.973053892216	0.972055888224	0.974051896208	0.972055888224	0.972055888224	0.969061876248	0.972055888224	0.969061876248	0.971057884232	0.972055888224	0.974051896208	0.942115768463	0.938123752495	0.940119760479	0.946107784431	0.943113772455	0.938123752495	0.937125748503	0.936127744511	0.936127744511	0.936127744511	0.946107784431	0.940119760479	0.945109780439	0.942115768463	0.939121756487	0.937125748503	0.954091816367	0.961077844311	0.964071856287	0.959081836327	0.958083832335	0.968063872255	0.957085828343	0.963073852295	0.937125748503	0.969061876248	0.954091816367	0.963073852295	0.989021956088	0.964071856287	0.964071856287	0.942115768463	0.960079840319	0.949101796407	0.949101796407	0.960079840319	0.958083832335	0.959081836327	0.960079840319	0.965069860279	0.961077844311	0.959081836327	0.961077844311	0.963073852295
CE1	0.804391217565	0.75249500998	0.662674650699	0.733532934132	0.611776447106	0.63872255489	0.781437125749	0.828343313373	0.822355289421	0.796407185629	0.62874251497	0.631736526946	0.718562874251	0.687624750499	0.763473053892	0.813373253493	0.705588822355	0.719560878244	0.812375249501	0.788423153693	0.793413173653	0.703592814371	0.583832335329	0.59381237525	0.0	0.449101796407	0.656686626747	0.677644710579	0.680638722555	0.718562874251	0.706586826347	0.716566866267	0.87125748503	0.87125748503	0.87125748503	0.872255489022	0.872255489022	0.87125748503	0.873253493014	0.874251497006	0.869261477046	0.868263473054	0.870259481038	0.869261477046	0.867265469062	0.869261477046	0.87624750499	0.7624750499	0.770459081836	0.783433133733	0.818363273453	0.74750499002	0.748502994012	0.765469061876	0.748502994012	0.745508982036	0.775449101796	0.748502994012	0.74750499002	0.795409181637	0.765469061876	0.782435129741	0.803393213573	0.944111776447	0.938123752495	0.90618762475	0.885229540918	0.929141716567	0.939121756487	0.892215568862	0.945109780439	0.825349301397	0.949101796407	0.882235528942	0.902195608782	0.967065868263	0.956087824351	0.86127744511	0.787425149701	0.885229540918	0.814371257485	0.816367265469	0.833333333333	0.833333333333	0.833333333333	0.830339321357	0.934131736527	0.870259481038	0.843313373253	0.880239520958	0.908183632735
CE2	0.86626746507	0.804391217565	0.703592814371	0.788423153693	0.595808383234	0.689620758483	0.832335329341	0.888223552894	0.888223552894	0.850299401198	0.659680638723	0.619760479042	0.7624750499	0.734530938124	0.822355289421	0.864271457086	0.717564870259	0.729540918164	0.826347305389	0.814371257485	0.819361277445	0.726546906188	0.489021956088	0.47005988024	0.449101796407	0.0	0.658682634731	0.681636726547	0.712574850299	0.735528942116	0.724550898204	0.724550898204	0.926147704591	0.923153692615	0.924151696607	0.925149700599	0.925149700599	0.923153692615	0.931137724551	0.928143712575	0.926147704591	0.924151696607	0.924151696607	0.921157684631	0.922155688623	0.924151696607	0.931137724551	0.828343313373	0.827345309381	0.829341317365	0.843313373253	0.832335329341	0.837325349301	0.843313373253	0.829341317365	0.821357285429	0.845309381238	0.836327345309	0.838323353293	0.838323353293	0.837325349301	0.829341317365	0.837325349301	0.942115768463	0.945109780439	0.911177644711	0.899201596806	0.937125748503	0.949101796407	0.899201596806	0.946107784431	0.852295409182	0.952095808383	0.89620758483	0.911177644711	0.974051896208	0.954091816367	0.912175648703	0.830339321357	0.902195608782	0.88622754491	0.884231536926	0.903193612774	0.900199600798	0.907185628743	0.904191616766	0.936127744511	0.913173652695	0.90119760479	0.907185628743	0.921157684631
CF1	0.829341317365	0.787425149701	0.7624750499	0.768463073852	0.704590818363	0.726546906188	0.803393213573	0.84630738523	0.854291417166	0.822355289421	0.710578842315	0.678642714571	0.769461077844	0.750499001996	0.804391217565	0.826347305389	0.491017964072	0.48502994012	0.567864271457	0.545908183633	0.766467065868	0.597804391218	0.741516966068	0.734530938124	0.656686626747	0.658682634731	0.0	0.335329341317	0.498003992016	0.506986027944	0.440119760479	0.466067864271	0.89121756487	0.892215568862	0.883233532934	0.892215568862	0.889221556886	0.88622754491	0.898203592814	0.900199600798	0.899201596806	0.899201596806	0.88622754491	0.888223552894	0.88622754491	0.892215568862	0.902195608782	0.790419161677	0.796407185629	0.790419161677	0.795409181637	0.790419161677	0.793413173653	0.802395209581	0.779441117764	0.775449101796	0.795409181637	0.795409181637	0.798403193613	0.791417165669	0.800399201597	0.782435129741	0.805389221557	0.900199600798	0.916167664671	0.910179640719	0.854291417166	0.89620758483	0.900199600798	0.852295409182	0.884231536926	0.818363273453	0.883233532934	0.85129740519	0.909181636727	0.947105788423	0.907185628743	0.854291417166	0.793413173653	0.85628742515	0.888223552894	0.87125748503	0.857285429142	0.853293413174	0.854291417166	0.855289421158	0.88123752495	0.863273453094	0.854291417166	0.85628742515	0.864271457086
CF2	0.842315369261	0.797405189621	0.778443113772	0.778443113772	0.705588822355	0.728542914172	0.810379241517	0.870259481038	0.870259481038	0.832335329341	0.705588822355	0.707584830339	0.768463073852	0.755489021956	0.807385229541	0.837325349301	0.50499001996	0.487025948104	0.59381237525	0.559880239521	0.7624750499	0.599800399202	0.73253493014	0.717564870259	0.677644710579	0.681636726547	0.335329341317	0.0	0.5249500998	0.52994011976	0.506986027944	0.49500998004	0.894211576846	0.898203592814	0.894211576846	0.903193612774	0.90119760479	0.893213572854	0.903193612774	0.90618762475	0.903193612774	0.903193612774	0.897205588822	0.897205588822	0.903193612774	0.897205588822	0.903193612774	0.828343313373	0.821357285429	0.818363273453	0.830339321357	0.814371257485	0.814371257485	0.819361277445	0.820359281437	0.821357285429	0.823353293413	0.820359281437	0.821357285429	0.823353293413	0.827345309381	0.821357285429	0.823353293413	0.914171656687	0.919161676647	0.935129740519	0.862275449102	0.904191616766	0.911177644711	0.860279441118	0.902195608782	0.85628742515	0.90119760479	0.860279441118	0.932135728543	0.953093812375	0.918163672655	0.86127744511	0.834331337325	0.863273453094	0.900199600798	0.87624750499	0.869261477046	0.854291417166	0.860279441118	0.862275449102	0.885229540918	0.863273453094	0.862275449102	0.868263473054	0.863273453094
CG1	0.824351297405	0.776447105788	0.706586826347	0.724550898204	0.746506986028	0.739520958084	0.794411177645	0.822355289421	0.815369261477	0.813373253493	0.748502994012	0.746506986028	0.693612774451	0.703592814371	0.783433133733	0.823353293413	0.459081836327	0.447105788423	0.506986027944	0.479041916168	0.758483033932	0.644710578842	0.800399201597	0.778443113772	0.680638722555	0.712574850299	0.498003992016	0.5249500998	0.0	0.342315369261	0.463073852295	0.448103792415	0.887225548902	0.885229540918	0.840319361277	0.882235528942	0.823353293413	0.875249500998	0.890219560878	0.89121756487	0.890219560878	0.88622754491	0.809381237525	0.882235528942	0.833333333333	0.883233532934	0.894211576846	0.832335329341	0.792415169661	0.831337325349	0.836327345309	0.845309381238	0.839321357285	0.844311377246	0.840319361277	0.834331337325	0.828343313373	0.838323353293	0.841317365269	0.824351297405	0.844311377246	0.818363273453	0.833333333333	0.888223552894	0.897205588822	0.868263473054	0.805389221557	0.880239520958	0.87624750499	0.814371257485	0.888223552894	0.86626746507	0.879241516966	0.811377245509	0.842315369261	0.90618762475	0.89121756487	0.858283433134	0.847305389222	0.867265469062	0.853293413174	0.839321357285	0.844311377246	0.849301397206	0.848303393214	0.849301397206	0.897205588822	0.857285429142	0.854291417166	0.858283433134	0.885229540918
