	CA7	CA8	CB7	CB8	CC7	CC8	CD7	CD8	CE7	CE8	CF7	CF8	CG7	CG8	CH7	CH8	CA1	CA2	CB1	CB2	CC1	CC2	CD1	CD2	CE1	CE2	CF1	CF2	CG1	CG2	CH1	CH2	CA5	CA6	CB5	CB6	CC5	CC6	CD6	CE5	CE6	CF5	CF6	CG5	CG6	CH5	CH6	CA11	CA12	CB11	CB12	CC11	CC12	CD11	CD12	CE11	CE12	CF11	CF12	CG11	CG12	CH11	CH12	CA3	CA4	CB3	CB4	CC4	CD3	CD4	CE4	CF3	CF4	CG3	CG4	CH3	CH4	CA9	CA10	CB9	CC9	CC10	CD9	CD10	CE9	CE10	CF9	CG9	CG10	CH9	CH10
CA7	0.0	0.369261477046	0.640718562874	0.541916167665	0.711576846307	0.646706586826	0.39620758483	0.415169660679	0.389221556886	0.405189620758	0.659680638723	0.674650698603	0.565868263473	0.617764471058	0.394211576846	0.290419161677	0.920159680639	0.893213572854	0.915169660679	0.90618762475	0.739520958084	0.754491017964	0.925149700599	0.918163672655	0.800399201597	0.875249500998	0.836327345309	0.822355289421	0.800399201597	0.842315369261	0.826347305389	0.873253493014	0.547904191617	0.51497005988	0.549900199601	0.492015968064	0.60878243513	0.562874251497	0.591816367265	0.553892215569	0.625748502994	0.554890219561	0.601796407186	0.503992015968	0.542914171657	0.528942115768	0.549900199601	0.718562874251	0.694610778443	0.695608782435	0.702594810379	0.62375249501	0.687624750499	0.642714570858	0.698602794411	0.610778443114	0.570858283433	0.60379241517	0.660678642715	0.705588822355	0.702594810379	0.714570858283	0.698602794411	0.929141716567	0.944111776447	0.89121756487	0.74251497006	0.930139720559	0.905189620758	0.74750499002	0.913173652695	0.88123752495	0.917165668663	0.766467065868	0.895209580838	0.960079840319	0.932135728543	0.728542914172	0.730538922156	0.717564870259	0.62375249501	0.655688622754	0.590818363273	0.621756487026	0.550898203593	0.536926147705	0.764471057884	0.734530938124	0.684630738523	0.72255489022	0.760479041916
CA8	0.369261477046	0.0	0.647704590818	0.52994011976	0.671656686627	0.595808383234	0.364271457086	0.457085828343	0.441117764471	0.387225548902	0.635728542914	0.627744510978	0.566866267465	0.61876247505	0.313373253493	0.362275449102	0.888223552894	0.872255489022	0.932135728543	0.918163672655	0.72754491018	0.733532934132	0.895209580838	0.88622754491	0.765469061876	0.843313373253	0.816367265469	0.801397205589	0.779441117764	0.847305389222	0.826347305389	0.867265469062	0.543912175649	0.512974051896	0.552894211577	0.526946107784	0.611776447106	0.567864271457	0.584830339321	0.553892215569	0.615768463074	0.550898203593	0.60878243513	0.523952095808	0.551896207585	0.525948103792	0.539920159681	0.705588822355	0.686626746507	0.647704590818	0.658682634731	0.61377245509	0.652694610778	0.621756487026	0.690618762475	0.59381237525	0.564870259481	0.609780439122	0.660678642715	0.670658682635	0.673652694611	0.697604790419	0.661676646707	0.934131736527	0.955089820359	0.887225548902	0.702594810379	0.937125748503	0.904191616766	0.705588822355	0.903193612774	0.884231536926	0.913173652695	0.753493013972	0.88622754491	0.961077844311	0.939121756487	0.676646706587	0.720558882236	0.664670658683	0.615768463074	0.64371257485	0.51996007984	0.545908183633	0.498003992016	0.487025948104	0.7624750499	0.684630738523	0.626746506986	0.667664670659	0.703592814371
CB7	0.640718562874	0.647704590818	0.0	0.547904191617	0.665668662675	0.660678642715	0.632734530938	0.671656686627	0.671656686627	0.646706586826	0.656686626747	0.64371257485	0.506986027944	0.415169660679	0.631736526946	0.647704590818	0.84630738523	0.820359281437	0.870259481038	0.862275449102	0.761477045908	0.731536926148	0.790419161677	0.783433133733	0.649700598802	0.717564870259	0.753493013972	0.769461077844	0.724550898204	0.75748502994	0.790419161677	0.802395209581	0.730538922156	0.720558882236	0.676646706587	0.720558882236	0.671656686627	0.710578842315	0.726546906188	0.723552894212	0.72754491018	0.726546906188	0.639720558882	0.718562874251	0.676646706587	0.723552894212	0.733532934132	0.751497005988	0.718562874251	0.759481037924	0.779441117764	0.701596806387	0.763473053892	0.681636726547	0.740518962076	0.688622754491	0.630738522954	0.689620758483	0.705588822355	0.784431137725	0.789421157685	0.743512974052	0.7624750499	0.888223552894	0.813373253493	0.880239520958	0.781437125749	0.810379241517	0.878243512974	0.781437125749	0.887225548902	0.819361277445	0.889221556886	0.773453093812	0.869261477046	0.839321357285	0.895209580838	0.847305389222	0.792415169661	0.852295409182	0.707584830339	0.677644710579	0.705588822355	0.731536926148	0.704590818363	0.694610778443	0.898203592814	0.865269461078	0.805389221557	0.85628742515	0.89121756487
CB8	0.541916167665	0.52994011976	0.547904191617	0.0	0.637724550898	0.597804391218	0.531936127745	0.626746506986	0.622754491018	0.543912175649	0.610778443114	0.614770459082	0.435129740519	0.499001996008	0.520958083832	0.544910179641	0.874251497006	0.847305389222	0.892215568862	0.868263473054	0.694610778443	0.692614770459	0.848303393214	0.849301397206	0.734530938124	0.810379241517	0.800399201597	0.785429141717	0.72754491018	0.769461077844	0.808383233533	0.848303393214	0.659680638723	0.654690618762	0.636726546906	0.690618762475	0.637724550898	0.663672654691	0.692614770459	0.692614770459	0.706586826347	0.680638722555	0.649700598802	0.688622754491	0.645708582834	0.662674650699	0.672654690619	0.697604790419	0.656686626747	0.681636726547	0.678642714571	0.61377245509	0.687624750499	0.62874251497	0.690618762475	0.605788423154	0.583832335329	0.611776447106	0.644710578842	0.701596806387	0.706586826347	0.686626746507	0.671656686627	0.90119760479	0.914171656687	0.884231536926	0.716566866267	0.898203592814	0.88123752495	0.712574850299	0.898203592814	0.86626746507	0.898203592814	0.730538922156	0.875249500998	0.925149700599	0.90119760479	0.738522954092	0.72255489022	0.728542914172	0.684630738523	0.65369261477	0.583832335329	0.597804391218	0.578842315369	0.578842315369	0.775449101796	0.74251497006	0.678642714571	0.741516966068	0.766467065868
CC7	0.711576846307	0.671656686627	0.665668662675	0.637724550898	0.0	0.523952095808	0.677644710579	0.794411177645	0.792415169661	0.700598802395	0.5	0.459081836327	0.636726546906	0.665668662675	0.660678642715	0.720558882236	0.807385229541	0.771457085828	0.892215568862	0.872255489022	0.743512974052	0.707584830339	0.667664670659	0.658682634731	0.607784431138	0.609780439122	0.697604790419	0.715568862275	0.754491017964	0.790419161677	0.77245508982	0.786427145709	0.816367265469	0.823353293413	0.840319361277	0.852295409182	0.84630738523	0.840319361277	0.843313373253	0.85129740519	0.860279441118	0.842315369261	0.857285429142	0.845309381238	0.855289421158	0.829341317365	0.826347305389	0.720558882236	0.710578842315	0.700598802395	0.703592814371	0.704590818363	0.701596806387	0.717564870259	0.720558882236	0.698602794411	0.716566866267	0.702594810379	0.718562874251	0.711576846307	0.701596806387	0.710578842315	0.705588822355	0.941117764471	0.946107784431	0.909181636727	0.783433133733	0.942115768463	0.918163672655	0.778443113772	0.925149700599	0.853293413174	0.930139720559	0.779441117764	0.910179640719	0.976047904192	0.941117764471	0.756487025948	0.714570858283	0.751497005988	0.872255489022	0.839321357285	0.750499001996	0.75249500998	0.749500998004	0.759481037924	0.801397205589	0.754491017964	0.750499001996	0.7624750499	0.782435129741
CC8	0.646706586826	0.595808383234	0.660678642715	0.597804391218	0.523952095808	0.0	0.620758483034	0.74251497006	0.734530938124	0.655688622754	0.444111776447	0.464071856287	0.596806387226	0.647704590818	0.583832335329	0.640718562874	0.801397205589	0.785429141717	0.889221556886	0.880239520958	0.709580838323	0.683632734531	0.741516966068	0.74251497006	0.614770459082	0.688622754491	0.720558882236	0.721556886228	0.743512974052	0.794411177645	0.77744510978	0.795409181637	0.766467065868	0.766467065868	0.791417165669	0.797405189621	0.796407185629	0.789421157685	0.791417165669	0.796407185629	0.808383233533	0.789421157685	0.804391217565	0.798403193613	0.802395209581	0.773453093812	0.779441117764	0.687624750499	0.674650698603	0.658682634731	0.682634730539	0.649700598802	0.640718562874	0.668662674651	0.680638722555	0.634730538922	0.661676646707	0.651696606786	0.674650698603	0.673652694611	0.667664670659	0.683632734531	0.682634730539	0.927145708583	0.927145708583	0.88123752495	0.72255489022	0.921157684631	0.90119760479	0.713572854291	0.911177644711	0.849301397206	0.919161676647	0.748502994012	0.882235528942	0.950099800399	0.931137724551	0.686626746507	0.715568862275	0.702594810379	0.807385229541	0.774451097804	0.647704590818	0.664670658683	0.661676646707	0.661676646707	0.786427145709	0.703592814371	0.663672654691	0.704590818363	0.74750499002
CD7	0.39620758483	0.364271457086	0.632734530938	0.531936127745	0.677644710579	0.620758483034	0.0	0.425149700599	0.416167664671	0.325349301397	0.641716566866	0.641716566866	0.553892215569	0.606786427146	0.38622754491	0.405189620758	0.883233532934	0.874251497006	0.923153692615	0.914171656687	0.715568862275	0.728542914172	0.892215568862	0.884231536926	0.759481037924	0.835329341317	0.807385229541	0.790419161677	0.771457085828	0.835329341317	0.816367265469	0.85628742515	0.546906187625	0.51497005988	0.549900199601	0.52994011976	0.609780439122	0.565868263473	0.588822355289	0.554890219561	0.622754491018	0.557884231537	0.604790419162	0.52994011976	0.548902195609	0.526946107784	0.544910179641	0.656686626747	0.641716566866	0.650698602794	0.664670658683	0.592814371257	0.644710578842	0.573852295409	0.656686626747	0.580838323353	0.532934131737	0.582834331337	0.614770459082	0.677644710579	0.663672654691	0.645708582834	0.658682634731	0.927145708583	0.939121756487	0.877245508982	0.753493013972	0.923153692615	0.899201596806	0.744510978044	0.894211576846	0.86626746507	0.902195608782	0.748502994012	0.879241516966	0.950099800399	0.929141716567	0.715568862275	0.690618762475	0.669660678643	0.580838323353	0.610778443114	0.530938123752	0.555888223553	0.488023952096	0.483033932136	0.734530938124	0.710578842315	0.644710578842	0.675648702595	0.72754491018
CD8	0.415169660679	0.457085828343	0.671656686627	0.626746506986	0.794411177645	0.74251497006	0.425149700599	0.0	0.332335329341	0.440119760479	0.761477045908	0.77245508982	0.639720558882	0.647704590818	0.483033932136	0.409181636727	0.938123752495	0.920159680639	0.937125748503	0.923153692615	0.751497005988	0.782435129741	0.955089820359	0.947105788423	0.821357285429	0.900199600798	0.864271457086	0.840319361277	0.812375249501	0.859281437126	0.834331337325	0.890219560878	0.578842315369	0.539920159681	0.553892215569	0.492015968064	0.601796407186	0.562874251497	0.601796407186	0.549900199601	0.61876247505	0.563872255489	0.592814371257	0.501996007984	0.543912175649	0.553892215569	0.566866267465	0.72255489022	0.707584830339	0.734530938124	0.739520958084	0.664670658683	0.721556886228	0.639720558882	0.690618762475	0.647704590818	0.583832335329	0.654690618762	0.673652694611	0.748502994012	0.745508982036	0.716566866267	0.74251497006	0.912175648703	0.923153692615	0.86127744511	0.811377245509	0.912175648703	0.882235528942	0.799401197605	0.88622754491	0.849301397206	0.890219560878	0.793413173653	0.862275449102	0.935129740519	0.917165668663	0.784431137725	0.754491017964	0.755489021956	0.582834331337	0.614770459082	0.614770459082	0.634730538922	0.595808383234	0.572854291417	0.825349301397	0.790419161677	0.721556886228	0.771457085828	0.805389221557
CE7	0.389221556886	0.441117764471	0.671656686627	0.622754491018	0.792415169661	0.734530938124	0.416167664671	0.332335329341	0.0	0.426147704591	0.751497005988	0.754491017964	0.626746506986	0.650698602794	0.464071856287	0.383233532934	0.936127744511	0.916167664671	0.938123752495	0.929141716567	0.744510978044	0.768463073852	0.955089820359	0.948103792415	0.810379241517	0.898203592814	0.855289421158	0.836327345309	0.808383233533	0.860279441118	0.830339321357	0.888223552894	0.564870259481	0.525948103792	0.546906187625	0.482035928144	0.59880239521	0.558882235529	0.583832335329	0.539920159681	0.611776447106	0.552894211577	0.587824351297	0.491017964072	0.533932135729	0.535928143713	0.554890219561	0.714570858283	0.707584830339	0.726546906188	0.744510978044	0.655688622754	0.702594810379	0.631736526946	0.685628742515	0.639720558882	0.572854291417	0.640718562874	0.668662674651	0.74750499002	0.733532934132	0.720558882236	0.743512974052	0.916167664671	0.934131736527	0.858283433134	0.796407185629	0.921157684631	0.883233532934	0.781437125749	0.89121756487	0.854291417166	0.89620758483	0.791417165669	0.86127744511	0.943113772455	0.917165668663	0.776447105788	0.751497005988	0.740518962076	0.573852295409	0.606786427146	0.59880239521	0.62874251497	0.584830339321	0.559880239521	0.810379241517	0.775449101796	0.711576846307	0.750499001996	0.792415169661
CE8	0.405189620758	0.387225548902	0.646706586826	0.543912175649	0.700598802395	0.655688622754	0.325349301397	0.440119760479	0.426147704591	0.0	0.670658682635	0.681636726547	0.561876247505	0.614770459082	0.409181636727	0.419161676647	0.889221556886	0.877245508982	0.917165668663	0.90618762475	0.720558882236	0.734530938124	0.908183632735	0.902195608782	0.778443113772	0.849301397206	0.814371257485	0.802395209581	0.776447105788	0.832335329341	0.820359281437	0.853293413174	0.555888223553	0.512974051896	0.554890219561	0.531936127745	0.610778443114	0.563872255489	0.595808383234	0.556886227545	0.627744510978	0.560878243513	0.60878243513	0.531936127745	0.556886227545	0.52994011976	0.551896207585	0.669660678643	0.663672654691	0.679640718563	0.685628742515	0.615768463074	0.669660678643	0.585828343313	0.667664670659	0.597804391218	0.537924151697	0.594810379242	0.626746506986	0.700598802395	0.692614770459	0.672654690619	0.697604790419	0.929141716567	0.940119760479	0.889221556886	0.77245508982	0.926147704591	0.902195608782	0.769461077844	0.900199600798	0.879241516966	0.908183632735	0.776447105788	0.884231536926	0.949101796407	0.933133732535	0.736526946108	0.712574850299	0.697604790419	0.591816367265	0.627744510978	0.559880239521	0.582834331337	0.536926147705	0.508982035928	0.748502994012	0.738522954092	0.671656686627	0.704590818363	0.759481037924
CF7	0.659680638723	0.635728542914	0.656686626747	0.610778443114	0.5	0.444111776447	0.641716566866	0.761477045908	0.751497005988	0.670658682635	0.0	0.467065868263	0.614770459082	0.64870259481	0.621756487026	0.679640718563	0.808383233533	0.783433133733	0.892215568862	0.884231536926	0.708582834331	0.689620758483	0.740518962076	0.741516966068	0.61377245509	0.688622754491	0.701596806387	0.706586826347	0.750499001996	0.797405189621	0.77744510978	0.787425149701	0.781437125749	0.781437125749	0.803393213573	0.812375249501	0.807385229541	0.805389221557	0.802395209581	0.811377245509	0.822355289421	0.803393213573	0.817365269461	0.813373253493	0.814371257485	0.787425149701	0.791417165669	0.691616766467	0.679640718563	0.675648702595	0.691616766467	0.662674650699	0.655688622754	0.679640718563	0.684630738523	0.640718562874	0.673652694611	0.658682634731	0.675648702595	0.694610778443	0.683632734531	0.683632734531	0.692614770459	0.933133732535	0.928143712575	0.883233532934	0.748502994012	0.924151696607	0.911177644711	0.744510978044	0.910179640719	0.850299401198	0.916167664671	0.756487025948	0.879241516966	0.949101796407	0.935129740519	0.699600798403	0.711576846307	0.712574850299	0.824351297405	0.783433133733	0.683632734531	0.697604790419	0.698602794411	0.685628742515	0.787425149701	0.724550898204	0.691616766467	0.719560878244	0.76746506986
CF8	0.674650698603	0.627744510978	0.64371257485	0.614770459082	0.459081836327	0.464071856287	0.641716566866	0.77245508982	0.754491017964	0.681636726547	0.467065868263	0.0	0.605788423154	0.644710578842	0.617764471058	0.670658682635	0.808383233533	0.77744510978	0.894211576846	0.88123752495	0.718562874251	0.693612774451	0.692614770459	0.682634730539	0.585828343313	0.62375249501	0.691616766467	0.712574850299	0.744510978044	0.786427145709	0.7624750499	0.783433133733	0.789421157685	0.791417165669	0.813373253493	0.823353293413	0.817365269461	0.810379241517	0.813373253493	0.816367265469	0.827345309381	0.815369261477	0.826347305389	0.821357285429	0.826347305389	0.796407185629	0.797405189621	0.681636726547	0.673652694611	0.656686626747	0.674650698603	0.654690618762	0.646706586826	0.682634730539	0.686626746507	0.652694610778	0.676646706587	0.657684630739	0.682634730539	0.680638722555	0.667664670659	0.677644710579	0.682634730539	0.929141716567	0.935129740519	0.888223552894	0.74750499002	0.930139720559	0.911177644711	0.734530938124	0.915169660679	0.841317365269	0.923153692615	0.7624750499	0.888223552894	0.957085828343	0.937125748503	0.702594810379	0.707584830339	0.718562874251	0.831337325349	0.801397205589	0.686626746507	0.691616766467	0.695608782435	0.692614770459	0.789421157685	0.726546906188	0.705588822355	0.717564870259	0.765469061876
CG7	0.565868263473	0.566866267465	0.506986027944	0.435129740519	0.636726546906	0.596806387226	0.553892215569	0.639720558882	0.626746506986	0.561876247505	0.614770459082	0.605788423154	0.0	0.471057884232	0.552894211577	0.571856287425	0.85628742515	0.829341317365	0.882235528942	0.860279441118	0.679640718563	0.658682634731	0.822355289421	0.809381237525	0.710578842315	0.776447105788	0.754491017964	0.74750499002	0.715568862275	0.751497005988	0.797405189621	0.812375249501	0.670658682635	0.659680638723	0.642714570858	0.695608782435	0.65369261477	0.673652694611	0.696606786427	0.697604790419	0.707584830339	0.686626746507	0.64371257485	0.697604790419	0.661676646707	0.668662674651	0.681636726547	0.693612774451	0.655688622754	0.699600798403	0.699600798403	0.632734530938	0.694610778443	0.629740518962	0.689620758483	0.627744510978	0.585828343313	0.62375249501	0.649700598802	0.718562874251	0.731536926148	0.690618762475	0.691616766467	0.89620758483	0.90119760479	0.892215568862	0.744510978044	0.890219560878	0.877245508982	0.731536926148	0.89620758483	0.855289421158	0.898203592814	0.74251497006	0.877245508982	0.921157684631	0.904191616766	0.754491017964	0.730538922156	0.749500998004	0.681636726547	0.658682634731	0.615768463074	0.637724550898	0.61377245509	0.600798403194	0.804391217565	0.765469061876	0.703592814371	0.764471057884	0.796407185629
CG8	0.617764471058	0.61876247505	0.415169660679	0.499001996008	0.665668662675	0.647704590818	0.606786427146	0.647704590818	0.650698602794	0.614770459082	0.64870259481	0.644710578842	0.471057884232	0.0	0.610778443114	0.61876247505	0.848303393214	0.820359281437	0.868263473054	0.854291417166	0.717564870259	0.702594810379	0.798403193613	0.799401197605	0.678642714571	0.745508982036	0.759481037924	0.75748502994	0.713572854291	0.750499001996	0.774451097804	0.791417165669	0.702594810379	0.692614770459	0.655688622754	0.701596806387	0.657684630739	0.688622754491	0.705588822355	0.702594810379	0.703592814371	0.701596806387	0.617764471058	0.702594810379	0.655688622754	0.693612774451	0.709580838323	0.744510978044	0.703592814371	0.750499001996	0.754491017964	0.682634730539	0.751497005988	0.675648702595	0.730538922156	0.671656686627	0.622754491018	0.674650698603	0.695608782435	0.771457085828	0.779441117764	0.74251497006	0.745508982036	0.892215568862	0.848303393214	0.880239520958	0.765469061876	0.832335329341	0.872255489022	0.770459081836	0.89121756487	0.837325349301	0.892215568862	0.75748502994	0.867265469062	0.869261477046	0.90119760479	0.827345309381	0.783433133733	0.830339321357	0.683632734531	0.659680638723	0.681636726547	0.699600798403	0.679640718563	0.674650698603	0.87624750499	0.842315369261	0.780439121756	0.837325349301	0.870259481038
CH7	0.394211576846	0.313373253493	0.631736526946	0.520958083832	0.660678642715	0.583832335329	0.38622754491	0.483033932136	0.464071856287	0.409181636727	0.621756487026	0.617764471058	0.552894211577	0.610778443114	0.0	0.380239520958	0.884231536926	0.855289421158	0.920159680639	0.907185628743	0.728542914172	0.723552894212	0.882235528942	0.873253493014	0.750499001996	0.825349301397	0.800399201597	0.781437125749	0.776447105788	0.831337325349	0.813373253493	0.850299401198	0.545908183633	0.516966067864	0.557884231537	0.544910179641	0.617764471058	0.567864271457	0.594810379242	0.552894211577	0.620758483034	0.552894211577	0.607784431138	0.547904191617	0.555888223553	0.527944111776	0.542914171657	0.705588822355	0.689620758483	0.65369261477	0.662674650699	0.616766467066	0.650698602794	0.621756487026	0.689620758483	0.59381237525	0.565868263473	0.612774451098	0.661676646707	0.664670658683	0.671656686627	0.697604790419	0.674650698603	0.930139720559	0.949101796407	0.89121756487	0.710578842315	0.930139720559	0.90618762475	0.705588822355	0.910179640719	0.870259481038	0.911177644711	0.751497005988	0.887225548902	0.962075848303	0.932135728543	0.668662674651	0.724550898204	0.670658682635	0.619760479042	0.659680638723	0.530938123752	0.560878243513	0.496007984032	0.492015968064	0.771457085828	0.671656686627	0.627744510978	0.679640718563	0.714570858283
CH8	0.290419161677	0.362275449102	0.647704590818	0.544910179641	0.720558882236	0.640718562874	0.405189620758	0.409181636727	0.383233532934	0.419161676647	0.679640718563	0.670658682635	0.571856287425	0.61876247505	0.380239520958	0.0	0.925149700599	0.902195608782	0.921157684631	0.915169660679	0.745508982036	0.759481037924	0.932135728543	0.923153692615	0.813373253493	0.879241516966	0.843313373253	0.834331337325	0.803393213573	0.845309381238	0.836327345309	0.878243512974	0.549900199601	0.516966067864	0.553892215569	0.494011976048	0.60878243513	0.562874251497	0.595808383234	0.556886227545	0.62874251497	0.559880239521	0.59880239521	0.507984031936	0.543912175649	0.530938123752	0.550898203593	0.711576846307	0.691616766467	0.673652694611	0.684630738523	0.617764471058	0.672654690619	0.644710578842	0.698602794411	0.612774451098	0.568862275449	0.614770459082	0.663672654691	0.686626746507	0.687624750499	0.704590818363	0.683632734531	0.940119760479	0.947105788423	0.892215568862	0.735528942116	0.939121756487	0.907185628743	0.72754491018	0.913173652695	0.885229540918	0.915169660679	0.76746506986	0.888223552894	0.960079840319	0.937125748503	0.709580838323	0.73253493014	0.710578842315	0.62874251497	0.662674650699	0.568862275449	0.594810379242	0.538922155689	0.5249500998	0.765469061876	0.723552894212	0.669660678643	0.707584830339	0.743512974052
CA1	0.920159680639	0.888223552894	0.84630738523	0.874251497006	0.807385229541	0.801397205589	0.883233532934	0.938123752495	0.936127744511	0.889221556886	0.808383233533	0.808383233533	0.85628742515	0.848303393214	0.884231536926	0.925149700599	0.0	0.335329341317	0.515968063872	0.497005988024	0.84630738523	0.739520958084	0.744510978044	0.74750499002	0.717564870259	0.735528942116	0.5	0.548902195609	0.457085828343	0.469061876248	0.494011976048	0.415169660679	0.974051896208	0.972055888224	0.97005988024	0.97005988024	0.97005988024	0.97005988024	0.973053892216	0.97005988024	0.971057884232	0.972055888224	0.97005988024	0.971057884232	0.971057884232	0.971057884232	0.9750499002	0.938123752495	0.941117764471	0.939121756487	0.947105788423	0.949101796407	0.943113772455	0.936127744511	0.932135728543	0.932135728543	0.939121756487	0.946107784431	0.946107784431	0.942115768463	0.947105788423	0.936127744511	0.949101796407	0.953093812375	0.950099800399	0.939121756487	0.957085828343	0.945109780439	0.948103792415	0.948103792415	0.931137724551	0.935129740519	0.936127744511	0.944111776447	0.942115768463	0.971057884232	0.951097804391	0.939121756487	0.942115768463	0.943113772455	0.960079840319	0.946107784431	0.950099800399	0.943113772455	0.947105788423	0.943113772455	0.961077844311	0.936127744511	0.942115768463	0.943113772455	0.949101796407
CA2	0.893213572854	0.872255489022	0.820359281437	0.847305389222	0.771457085828	0.785429141717	0.874251497006	0.920159680639	0.916167664671	0.877245508982	0.783433133733	0.77744510978	0.829341317365	0.820359281437	0.855289421158	0.902195608782	0.335329341317	0.0	0.503992015968	0.482035928144	0.839321357285	0.715568862275	0.7375249501	0.729540918164	0.679640718563	0.702594810379	0.473053892216	0.5249500998	0.445109780439	0.444111776447	0.456087824351	0.395209580838	0.952095808383	0.949101796407	0.951097804391	0.950099800399	0.952095808383	0.950099800399	0.954091816367	0.950099800399	0.952095808383	0.952095808383	0.951097804391	0.954091816367	0.952095808383	0.948103792415	0.957085828343	0.922155688623	0.921157684631	0.925149700599	0.926147704591	0.919161676647	0.922155688623	0.915169660679	0.913173652695	0.918163672655	0.916167664671	0.918163672655	0.919161676647	0.922155688623	0.919161676647	0.922155688623	0.926147704591	0.947105788423	0.939121756487	0.935129740519	0.934131736527	0.930139720559	0.937125748503	0.929141716567	0.912175648703	0.910179640719	0.916167664671	0.925149700599	0.937125748503	0.966067864271	0.940119760479	0.923153692615	0.919161676647	0.927145708583	0.932135728543	0.920159680639	0.928143712575	0.921157684631	0.931137724551	0.928143712575	0.942115768463	0.918163672655	0.927145708583	0.929141716567	0.931137724551
CB1	0.915169660679	0.932135728543	0.870259481038	0.892215568862	0.892215568862	0.889221556886	0.923153692615	0.937125748503	0.938123752495	0.917165668663	0.892215568862	0.894211576846	0.882235528942	0.868263473054	0.920159680639	0.921157684631	0.515968063872	0.503992015968	0.0	0.25249500998	0.874251497006	0.773453093812	0.849301397206	0.848303393214	0.817365269461	0.835329341317	0.561876247505	0.605788423154	0.494011976048	0.437125748503	0.473053892216	0.452095808383	0.974051896208	0.963073852295	0.942115768463	0.961077844311	0.943113772455	0.954091816367	0.973053892216	0.968063872255	0.973053892216	0.972055888224	0.943113772455	0.965069860279	0.943113772455	0.968063872255	0.9750499002	0.916167664671	0.914171656687	0.916167664671	0.919161676647	0.918163672655	0.927145708583	0.934131736527	0.926147704591	0.930139720559	0.924151696607	0.928143712575	0.916167664671	0.919161676647	0.932135728543	0.917165668663	0.920159680639	0.924151696607	0.929141716567	0.947105788423	0.928143712575	0.923153692615	0.933133732535	0.929141716567	0.934131736527	0.905189620758	0.933133732535	0.929141716567	0.951097804391	0.954091816367	0.932135728543	0.966067864271	0.924151696607	0.965069860279	0.949101796407	0.932135728543	0.958083832335	0.954091816367	0.956087824351	0.950099800399	0.965069860279	0.967065868263	0.962075848303	0.967065868263	0.967065868263
CB2	0.90618762475	0.918163672655	0.862275449102	0.868263473054	0.872255489022	0.880239520958	0.914171656687	0.923153692615	0.929141716567	0.90618762475	0.884231536926	0.88123752495	0.860279441118	0.854291417166	0.907185628743	0.915169660679	0.497005988024	0.482035928144	0.25249500998	0.0	0.860279441118	0.75249500998	0.836327345309	0.832335329341	0.797405189621	0.816367265469	0.552894211577	0.591816367265	0.468063872255	0.403193612774	0.463073852295	0.432135728543	0.97005988024	0.959081836327	0.935129740519	0.956087824351	0.934131736527	0.947105788423	0.97005988024	0.962075848303	0.967065868263	0.966067864271	0.933133732535	0.961077844311	0.933133732535	0.963073852295	0.971057884232	0.913173652695	0.912175648703	0.912175648703	0.920159680639	0.917165668663	0.928143712575	0.934131736527	0.924151696607	0.926147704591	0.922155688623	0.922155688623	0.916167664671	0.916167664671	0.934131736527	0.916167664671	0.917165668663	0.920159680639	0.928143712575	0.938123752495	0.921157684631	0.918163672655	0.930139720559	0.920159680639	0.927145708583	0.905189620758	0.931137724551	0.918163672655	0.937125748503	0.951097804391	0.925149700599	0.958083832335	0.924151696607	0.956087824351	0.935129740519	0.927145708583	0.949101796407	0.944111776447	0.948103792415	0.942115768463	0.962075848303	0.960079840319	0.959081836327	0.959081836327	0.962075848303
CC1	0.739520958084	0.72754491018	0.761477045908	0.694610778443	0.743512974052	0.709580838323	0.715568862275	0.751497005988	0.744510978044	0.720558882236	0.708582834331	0.718562874251	0.679640718563	0.717564870259	0.728542914172	0.745508982036	0.84630738523	0.839321357285	0.874251497006	0.860279441118	0.0	0.456087824351	0.88123752495	0.873253493014	0.764471057884	0.821357285429	0.766467065868	0.714570858283	0.743512974052	0.781437125749	0.783433133733	0.821357285429	0.785429141717	0.76746506986	0.758483033932	0.797405189621	0.765469061876	0.775449101796	0.802395209581	0.805389221557	0.817365269461	0.794411177645	0.763473053892	0.800399201597	0.769461077844	0.773453093812	0.784431137725	0.682634730539	0.687624750499	0.702594810379	0.728542914172	0.719560878244	0.703592814371	0.693612774451	0.658682634731	0.667664670659	0.710578842315	0.728542914172	0.695608782435	0.738522954092	0.743512974052	0.680638722555	0.724550898204	0.849301397206	0.849301397206	0.766467065868	0.72255489022	0.831337325349	0.834331337325	0.711576846307	0.811377245509	0.759481037924	0.817365269461	0.704590818363	0.760479041916	0.867265469062	0.860279441118	0.701596806387	0.723552894212	0.736526946108	0.76746506986	0.731536926148	0.740518962076	0.718562874251	0.744510978044	0.744510978044	0.823353293413	0.702594810379	0.720558882236	0.768463073852	0.782435129741
CC2	0.754491017964	0.733532934132	0.731536926148	0.692614770459	0.707584830339	0.683632734531	0.728542914172	0.782435129741	0.768463073852	0.734530938124	0.689620758483	0.693612774451	0.658682634731	0.702594810379	0.723552894212	0.759481037924	0.739520958084	0.715568862275	0.773453093812	0.75249500998	0.456087824351	0.0	0.805389221557	0.793413173653	0.691616766467	0.728542914172	0.612774451098	0.556886227545	0.644710578842	0.656686626747	0.662674650699	0.695608782435	0.811377245509	0.795409181637	0.776447105788	0.827345309381	0.790419161677	0.806387225549	0.832335329341	0.833333333333	0.843313373253	0.825349301397	0.790419161677	0.833333333333	0.792415169661	0.802395209581	0.815369261477	0.708582834331	0.696606786427	0.719560878244	0.740518962076	0.733532934132	0.726546906188	0.726546906188	0.701596806387	0.714570858283	0.73253493014	0.743512974052	0.720558882236	0.725548902196	0.744510978044	0.705588822355	0.713572854291	0.835329341317	0.840319361277	0.806387225549	0.726546906188	0.825349301397	0.834331337325	0.706586826347	0.815369261477	0.763473053892	0.824351297405	0.709580838323	0.797405189621	0.867265469062	0.860279441118	0.72255489022	0.715568862275	0.745508982036	0.818363273453	0.783433133733	0.759481037924	0.744510978044	0.766467065868	0.758483033932	0.831337325349	0.730538922156	0.750499001996	0.76746506986	0.782435129741
CD1	0.925149700599	0.895209580838	0.790419161677	0.848303393214	0.667664670659	0.741516966068	0.892215568862	0.955089820359	0.955089820359	0.908183632735	0.740518962076	0.692614770459	0.822355289421	0.798403193613	0.882235528942	0.932135728543	0.744510978044	0.7375249501	0.849301397206	0.836327345309	0.88123752495	0.805389221557	0.0	0.404191616766	0.569860279441	0.503992015968	0.726546906188	0.751497005988	0.791417165669	0.799401197605	0.832335329341	0.782435129741	0.981037924152	0.979041916168	0.979041916168	0.981037924152	0.979041916168	0.981037924152	0.982035928144	0.979041916168	0.979041916168	0.981037924152	0.98003992016	0.979041916168	0.98003992016	0.978043912176	0.984031936128	0.948103792415	0.945109780439	0.943113772455	0.951097804391	0.944111776447	0.940119760479	0.941117764471	0.936127744511	0.937125748503	0.943113772455	0.941117764471	0.945109780439	0.949101796407	0.948103792415	0.945109780439	0.953093812375	0.964071856287	0.959081836327	0.974051896208	0.971057884232	0.957085828343	0.977045908184	0.967065868263	0.971057884232	0.943113772455	0.969061876248	0.967065868263	0.976047904192	0.983033932136	0.964071856287	0.973053892216	0.951097804391	0.9750499002	0.964071856287	0.960079840319	0.968063872255	0.967065868263	0.972055888224	0.968063872255	0.978043912176	0.976047904192	0.971057884232	0.974051896208	0.978043912176
CD2	0.918163672655	0.88622754491	0.783433133733	0.849301397206	0.658682634731	0.74251497006	0.884231536926	0.947105788423	0.948103792415	0.902195608782	0.741516966068	0.682634730539	0.809381237525	0.799401197605	0.873253493014	0.923153692615	0.74750499002	0.729540918164	0.848303393214	0.832335329341	0.873253493014	0.793413173653	0.404191616766	0.0	0.561876247505	0.479041916168	0.72754491018	0.745508982036	0.776447105788	0.791417165669	0.815369261477	0.768463073852	0.977045908184	0.976047904192	0.976047904192	0.976047904192	0.976047904192	0.976047904192	0.978043912176	0.976047904192	0.9750499002	0.976047904192	0.976047904192	0.976047904192	0.9750499002	0.9750499002	0.978043912176	0.938123752495	0.941117764471	0.941117764471	0.942115768463	0.942115768463	0.938123752495	0.934131736527	0.931137724551	0.933133732535	0.935129740519	0.940119760479	0.939121756487	0.944111776447	0.939121756487	0.937125748503	0.945109780439	0.967065868263	0.958083832335	0.969061876248	0.965069860279	0.958083832335	0.972055888224	0.960079840319	0.968063872255	0.934131736527	0.968063872255	0.958083832335	0.969061876248	0.989021956088	0.964071856287	0.967065868263	0.940119760479	0.965069860279	0.959081836327	0.951097804391	0.961077844311	0.960079840319	0.963073852295	0.962075848303	0.972055888224	0.968063872255	0.966067864271	0.966067864271	0.97005988024
CE1	0.800399201597	0.765469061876	0.649700598802	0.734530938124	0.607784431138	0.614770459082	0.759481037924	0.821357285429	0.810379241517	0.778443113772	0.61377245509	0.585828343313	0.710578842315	0.678642714571	0.750499001996	0.813373253493	0.717564870259	0.679640718563	0.817365269461	0.797405189621	0.764471057884	0.691616766467	0.569860279441	0.561876247505	0.0	0.448103792415	0.651696606786	0.669660678643	0.663672654691	0.718562874251	0.700598802395	0.712574850299	0.87125748503	0.864271457086	0.867265469062	0.863273453094	0.864271457086	0.865269461078	0.868263473054	0.867265469062	0.869261477046	0.869261477046	0.86626746507	0.864271457086	0.864271457086	0.864271457086	0.872255489022	0.77245508982	0.765469061876	0.785429141717	0.806387225549	0.755489021956	0.773453093812	0.76746506986	0.739520958084	0.775449101796	0.754491017964	0.751497005988	0.74750499002	0.807385229541	0.789421157685	0.768463073852	0.801397205589	0.942115768463	0.941117764471	0.89620758483	0.893213572854	0.934131736527	0.948103792415	0.88123752495	0.933133732535	0.828343313373	0.938123752495	0.884231536926	0.887225548902	0.967065868263	0.944111776447	0.868263473054	0.807385229541	0.875249500998	0.822355289421	0.810379241517	0.828343313373	0.828343313373	0.827345309381	0.831337325349	0.930139720559	0.877245508982	0.831337325349	0.87624750499	0.912175648703
CE2	0.875249500998	0.843313373253	0.717564870259	0.810379241517	0.609780439122	0.688622754491	0.835329341317	0.900199600798	0.898203592814	0.849301397206	0.688622754491	0.62375249501	0.776447105788	0.745508982036	0.825349301397	0.879241516966	0.735528942116	0.702594810379	0.835329341317	0.816367265469	0.821357285429	0.728542914172	0.503992015968	0.479041916168	0.448103792415	0.0	0.665668662675	0.690618762475	0.724550898204	0.735528942116	0.739520958084	0.72754491018	0.942115768463	0.937125748503	0.939121756487	0.941117764471	0.939121756487	0.940119760479	0.939121756487	0.939121756487	0.940119760479	0.940119760479	0.938123752495	0.938123752495	0.938123752495	0.940119760479	0.944111776447	0.850299401198	0.84630738523	0.849301397206	0.85628742515	0.85129740519	0.849301397206	0.852295409182	0.843313373253	0.859281437126	0.848303393214	0.84630738523	0.852295409182	0.860279441118	0.85129740519	0.849301397206	0.857285429142	0.956087824351	0.945109780439	0.926147704591	0.917165668663	0.947105788423	0.953093812375	0.915169660679	0.944111776447	0.862275449102	0.950099800399	0.912175648703	0.926147704591	0.971057884232	0.956087824351	0.921157684631	0.854291417166	0.915169660679	0.907185628743	0.897205588822	0.913173652695	0.915169660679	0.913173652695	0.916167664671	0.932135728543	0.924151696607	0.915169660679	0.917165668663	0.934131736527
CF1	0.836327345309	0.816367265469	0.753493013972	0.800399201597	0.697604790419	0.720558882236	0.807385229541	0.864271457086	0.855289421158	0.814371257485	0.701596806387	0.691616766467	0.754491017964	0.759481037924	0.800399201597	0.843313373253	0.5	0.473053892216	0.561876247505	0.552894211577	0.766467065868	0.612774451098	0.726546906188	0.72754491018	0.651696606786	0.665668662675	0.0	0.349301397206	0.5	0.502994011976	0.463073852295	0.451097804391	0.902195608782	0.89620758483	0.897205588822	0.902195608782	0.899201596806	0.899201596806	0.904191616766	0.902195608782	0.909181636727	0.903193612774	0.90119760479	0.899201596806	0.90119760479	0.898203592814	0.905189620758	0.806387225549	0.805389221557	0.813373253493	0.819361277445	0.821357285429	0.808383233533	0.807385229541	0.802395209581	0.805389221557	0.811377245509	0.816367265469	0.812375249501	0.821357285429	0.817365269461	0.804391217565	0.819361277445	0.922155688623	0.919161676647	0.921157684631	0.868263473054	0.912175648703	0.903193612774	0.857285429142	0.898203592814	0.849301397206	0.910179640719	0.850299401198	0.926147704591	0.951097804391	0.931137724551	0.85129740519	0.813373253493	0.868263473054	0.922155688623	0.88622754491	0.87125748503	0.860279441118	0.862275449102	0.86127744511	0.883233532934	0.85129740519	0.852295409182	0.870259481038	0.869261477046
CF2	0.822355289421	0.801397205589	0.769461077844	0.785429141717	0.715568862275	0.721556886228	0.790419161677	0.840319361277	0.836327345309	0.802395209581	0.706586826347	0.712574850299	0.74750499002	0.75748502994	0.781437125749	0.834331337325	0.548902195609	0.5249500998	0.605788423154	0.591816367265	0.714570858283	0.556886227545	0.751497005988	0.745508982036	0.669660678643	0.690618762475	0.349301397206	0.0	0.542914171657	0.532934131737	0.503992015968	0.493013972056	0.890219560878	0.88123752495	0.885229540918	0.894211576846	0.888223552894	0.882235528942	0.894211576846	0.895209580838	0.902195608782	0.890219560878	0.895209580838	0.894211576846	0.895209580838	0.885229540918	0.894211576846	0.800399201597	0.791417165669	0.799401197605	0.807385229541	0.797405189621	0.783433133733	0.793413173653	0.779441117764	0.783433133733	0.799401197605	0.799401197605	0.800399201597	0.801397205589	0.802395209581	0.791417165669	0.800399201597	0.905189620758	0.917165668663	0.902195608782	0.84630738523	0.90618762475	0.899201596806	0.840319361277	0.880239520958	0.828343313373	0.895209580838	0.830339321357	0.905189620758	0.946107784431	0.928143712575	0.831337325349	0.799401197605	0.835329341317	0.897205588822	0.863273453094	0.85129740519	0.830339321357	0.844311377246	0.838323353293	0.870259481038	0.833333333333	0.834331337325	0.847305389222	0.843313373253
CG1	0.800399201597	0.779441117764	0.724550898204	0.72754491018	0.754491017964	0.743512974052	0.771457085828	0.812375249501	0.808383233533	0.776447105788	0.750499001996	0.744510978044	0.715568862275	0.713572854291	0.776447105788	0.803393213573	0.457085828343	0.445109780439	0.494011976048	0.468063872255	0.743512974052	0.644710578842	0.791417165669	0.776447105788	0.663672654691	0.724550898204	0.5	0.542914171657	0.0	0.35628742515	0.445109780439	0.436127744511	0.877245508982	0.865269461078	0.817365269461	0.865269461078	0.815369261477	0.857285429142	0.877245508982	0.87125748503	0.87624750499	0.87624750499	0.812375249501	0.868263473054	0.820359281437	0.867265469062	0.878243512974	0.808383233533	0.780439121756	0.812375249501	0.819361277445	0.823353293413	0.828343313373	0.828343313373	0.819361277445	0.822355289421	0.823353293413	0.833333333333	0.817365269461	0.834331337325	0.844311377246	0.805389221557	0.808383233533	0.892215568862	0.893213572854	0.869261477046	0.820359281437	0.890219560878	0.872255489022	0.813373253493	0.878243512974	0.858283433134	0.885229540918	0.816367265469	0.859281437126	0.910179640719	0.895209580838	0.843313373253	0.839321357285	0.847305389222	0.84630738523	0.820359281437	0.832335329341	0.830339321357	0.834331337325	0.830339321357	0.893213572854	0.852295409182	0.838323353293	0.854291417166	0.892215568862
