	CA7	CA8	CB7	CB8	CC7	CC8	CD7	CD8	CE7	CE8	CF7	CF8	CG7	CG8	CH7	CH8	CA1	CA2	CB1	CB2	CC1	CC2	CD1	CD2	CE1	CE2	CF1	CF2	CG1	CG2	CH1	CH2	CA5	CA6	CB5	CB6	CC5	CC6	CD6	CE5	CE6	CF5	CF6	CG5	CG6	CH5	CH6	CA11	CA12	CB11	CB12	CC11	CC12	CD11	CD12	CE11	CE12	CF11	CF12	CG11	CG12	CH11	CH12	CA3	CA4	CB3	CB4	CC4	CD3	CD4	CE4	CF3	CF4	CG3	CG4	CH3	CH4	CA9	CA10	CB9	CC9	CC10	CD9	CD10	CE9	CE10	CF9	CG9	CG10	CH9	CH10
CA7	0.0	0.36626746507	0.654690618762	0.523952095808	0.718562874251	0.657684630739	0.38123752495	0.407185628743	0.402195608782	0.421157684631	0.672654690619	0.678642714571	0.570858283433	0.644710578842	0.40119760479	0.303393213573	0.924151696607	0.907185628743	0.902195608782	0.907185628743	0.756487025948	0.754491017964	0.931137724551	0.931137724551	0.839321357285	0.885229540918	0.840319361277	0.829341317365	0.813373253493	0.836327345309	0.848303393214	0.868263473054	0.535928143713	0.520958083832	0.558882235529	0.5	0.611776447106	0.580838323353	0.583832335329	0.561876247505	0.637724550898	0.586826347305	0.601796407186	0.518962075848	0.540918163673	0.540918163673	0.533932135729	0.715568862275	0.698602794411	0.702594810379	0.707584830339	0.620758483034	0.677644710579	0.639720558882	0.679640718563	0.612774451098	0.547904191617	0.631736526946	0.654690618762	0.697604790419	0.686626746507	0.701596806387	0.701596806387	0.928143712575	0.941117764471	0.89121756487	0.734530938124	0.932135728543	0.909181636727	0.741516966068	0.908183632735	0.86626746507	0.924151696607	0.769461077844	0.910179640719	0.963073852295	0.932135728543	0.736526946108	0.718562874251	0.738522954092	0.637724550898	0.627744510978	0.60379241517	0.616766467066	0.557884231537	0.539920159681	0.774451097804	0.751497005988	0.694610778443	0.712574850299	0.753493013972
CA8	0.36626746507	0.0	0.657684630739	0.528942115768	0.696606786427	0.610778443114	0.358283433134	0.450099800399	0.441117764471	0.392215568862	0.640718562874	0.646706586826	0.583832335329	0.655688622754	0.319361277445	0.339321357285	0.887225548902	0.87125748503	0.923153692615	0.912175648703	0.73253493014	0.733532934132	0.912175648703	0.910179640719	0.815369261477	0.84630738523	0.813373253493	0.803393213573	0.791417165669	0.848303393214	0.841317365269	0.840319361277	0.531936127745	0.515968063872	0.576846307385	0.50499001996	0.627744510978	0.581836327345	0.573852295409	0.553892215569	0.630738522954	0.581836327345	0.617764471058	0.526946107784	0.558882235529	0.538922155689	0.533932135729	0.709580838323	0.690618762475	0.667664670659	0.670658682635	0.614770459082	0.637724550898	0.62375249501	0.664670658683	0.589820359281	0.549900199601	0.619760479042	0.657684630739	0.665668662675	0.669660678643	0.699600798403	0.663672654691	0.926147704591	0.941117764471	0.887225548902	0.713572854291	0.931137724551	0.904191616766	0.713572854291	0.89121756487	0.862275449102	0.912175648703	0.763473053892	0.900199600798	0.958083832335	0.937125748503	0.683632734531	0.72754491018	0.687624750499	0.635728542914	0.624750499002	0.539920159681	0.549900199601	0.501996007984	0.478043912176	0.765469061876	0.689620758483	0.629740518962	0.65369261477	0.698602794411
CB7	0.654690618762	0.657684630739	0.0	0.5249500998	0.672654690619	0.675648702595	0.651696606786	0.674650698603	0.669660678643	0.663672654691	0.671656686627	0.670658682635	0.505988023952	0.437125748503	0.65369261477	0.669660678643	0.84630738523	0.832335329341	0.870259481038	0.84630738523	0.738522954092	0.745508982036	0.808383233533	0.801397205589	0.703592814371	0.733532934132	0.784431137725	0.764471057884	0.725548902196	0.783433133733	0.794411177645	0.812375249501	0.740518962076	0.733532934132	0.685628742515	0.725548902196	0.671656686627	0.723552894212	0.740518962076	0.736526946108	0.738522954092	0.738522954092	0.665668662675	0.723552894212	0.689620758483	0.733532934132	0.7375249501	0.771457085828	0.736526946108	0.797405189621	0.796407185629	0.723552894212	0.7624750499	0.697604790419	0.751497005988	0.686626746507	0.639720558882	0.7375249501	0.723552894212	0.786427145709	0.780439121756	0.77245508982	0.782435129741	0.883233532934	0.796407185629	0.88123752495	0.784431137725	0.808383233533	0.88123752495	0.775449101796	0.900199600798	0.810379241517	0.894211576846	0.794411177645	0.887225548902	0.826347305389	0.892215568862	0.85129740519	0.791417165669	0.865269461078	0.700598802395	0.678642714571	0.720558882236	0.734530938124	0.709580838323	0.709580838323	0.907185628743	0.87125748503	0.812375249501	0.844311377246	0.885229540918
CB8	0.523952095808	0.528942115768	0.5249500998	0.0	0.632734530938	0.609780439122	0.522954091816	0.600798403194	0.585828343313	0.537924151697	0.621756487026	0.629740518962	0.449101796407	0.501996007984	0.523952095808	0.538922155689	0.872255489022	0.854291417166	0.88123752495	0.86127744511	0.675648702595	0.697604790419	0.857285429142	0.853293413174	0.763473053892	0.795409181637	0.794411177645	0.782435129741	0.725548902196	0.784431137725	0.820359281437	0.820359281437	0.642714570858	0.632734530938	0.619760479042	0.652694610778	0.605788423154	0.652694610778	0.670658682635	0.678642714571	0.674650698603	0.671656686627	0.61377245509	0.660678642715	0.61876247505	0.635728542914	0.646706586826	0.693612774451	0.654690618762	0.706586826347	0.704590818363	0.61876247505	0.681636726547	0.626746506986	0.672654690619	0.60379241517	0.540918163673	0.644710578842	0.656686626747	0.711576846307	0.693612774451	0.689620758483	0.687624750499	0.893213572854	0.883233532934	0.879241516966	0.703592814371	0.878243512974	0.88123752495	0.713572854291	0.898203592814	0.832335329341	0.900199600798	0.72255489022	0.888223552894	0.913173652695	0.904191616766	0.746506986028	0.721556886228	0.756487025948	0.636726546906	0.612774451098	0.605788423154	0.611776447106	0.573852295409	0.573852295409	0.798403193613	0.7624750499	0.706586826347	0.740518962076	0.774451097804
CC7	0.718562874251	0.696606786427	0.672654690619	0.632734530938	0.0	0.528942115768	0.698602794411	0.797405189621	0.787425149701	0.702594810379	0.51497005988	0.479041916168	0.636726546906	0.634730538922	0.674650698603	0.724550898204	0.811377245509	0.804391217565	0.880239520958	0.858283433134	0.733532934132	0.698602794411	0.680638722555	0.676646706587	0.583832335329	0.605788423154	0.717564870259	0.702594810379	0.773453093812	0.799401197605	0.776447105788	0.798403193613	0.809381237525	0.807385229541	0.837325349301	0.829341317365	0.833333333333	0.836327345309	0.839321357285	0.844311377246	0.837325349301	0.843313373253	0.834331337325	0.830339321357	0.828343313373	0.817365269461	0.811377245509	0.714570858283	0.706586826347	0.726546906188	0.725548902196	0.698602794411	0.702594810379	0.706586826347	0.699600798403	0.712574850299	0.706586826347	0.704590818363	0.707584830339	0.721556886228	0.702594810379	0.717564870259	0.718562874251	0.950099800399	0.946107784431	0.917165668663	0.786427145709	0.938123752495	0.928143712575	0.784431137725	0.927145708583	0.844311377246	0.942115768463	0.796407185629	0.928143712575	0.981037924152	0.955089820359	0.769461077844	0.724550898204	0.791417165669	0.84630738523	0.815369261477	0.756487025948	0.75748502994	0.751497005988	0.761477045908	0.820359281437	0.779441117764	0.760479041916	0.769461077844	0.797405189621
CC8	0.657684630739	0.610778443114	0.675648702595	0.609780439122	0.528942115768	0.0	0.632734530938	0.74251497006	0.743512974052	0.655688622754	0.451097804391	0.468063872255	0.609780439122	0.620758483034	0.581836327345	0.64371257485	0.812375249501	0.802395209581	0.882235528942	0.857285429142	0.700598802395	0.668662674651	0.761477045908	0.75748502994	0.660678642715	0.692614770459	0.731536926148	0.723552894212	0.756487025948	0.792415169661	0.793413173653	0.792415169661	0.776447105788	0.763473053892	0.797405189621	0.783433133733	0.793413173653	0.795409181637	0.802395209581	0.809381237525	0.798403193613	0.811377245509	0.791417165669	0.786427145709	0.788423153693	0.775449101796	0.778443113772	0.704590818363	0.693612774451	0.684630738523	0.688622754491	0.642714570858	0.647704590818	0.675648702595	0.669660678643	0.657684630739	0.667664670659	0.644710578842	0.685628742515	0.681636726547	0.669660678643	0.697604790419	0.685628742515	0.919161676647	0.914171656687	0.880239520958	0.706586826347	0.908183632735	0.905189620758	0.709580838323	0.897205588822	0.834331337325	0.916167664671	0.748502994012	0.898203592814	0.947105788423	0.923153692615	0.689620758483	0.723552894212	0.72255489022	0.789421157685	0.75748502994	0.652694610778	0.665668662675	0.659680638723	0.657684630739	0.790419161677	0.701596806387	0.665668662675	0.709580838323	0.745508982036
CD7	0.38123752495	0.358283433134	0.651696606786	0.522954091816	0.698602794411	0.632734530938	0.0	0.427145708583	0.40618762475	0.340319361277	0.651696606786	0.649700598802	0.574850299401	0.641716566866	0.378243512974	0.388223552894	0.897205588822	0.88123752495	0.915169660679	0.908183632735	0.729540918164	0.7375249501	0.917165668663	0.917165668663	0.816367265469	0.855289421158	0.804391217565	0.805389221557	0.793413173653	0.835329341317	0.839321357285	0.85129740519	0.535928143713	0.513972055888	0.573852295409	0.51497005988	0.625748502994	0.577844311377	0.579840319361	0.557884231537	0.63373253493	0.582834331337	0.612774451098	0.51996007984	0.553892215569	0.536926147705	0.52994011976	0.680638722555	0.652694610778	0.654690618762	0.647704590818	0.568862275449	0.624750499002	0.580838323353	0.650698602794	0.576846307385	0.518962075848	0.589820359281	0.606786427146	0.654690618762	0.631736526946	0.659680638723	0.64371257485	0.927145708583	0.936127744511	0.892215568862	0.734530938124	0.928143712575	0.908183632735	0.735528942116	0.90119760479	0.86127744511	0.918163672655	0.771457085828	0.909181636727	0.952095808383	0.935129740519	0.711576846307	0.711576846307	0.681636726547	0.594810379242	0.590818363273	0.532934131737	0.540918163673	0.488023952096	0.472055888224	0.730538922156	0.72255489022	0.640718562874	0.665668662675	0.710578842315
CD8	0.407185628743	0.450099800399	0.674650698603	0.600798403194	0.797405189621	0.74251497006	0.427145708583	0.0	0.343313373253	0.437125748503	0.764471057884	0.769461077844	0.637724550898	0.685628742515	0.479041916168	0.436127744511	0.935129740519	0.917165668663	0.936127744511	0.935129740519	0.783433133733	0.795409181637	0.964071856287	0.962075848303	0.852295409182	0.894211576846	0.858283433134	0.850299401198	0.816367265469	0.857285429142	0.853293413174	0.872255489022	0.563872255489	0.545908183633	0.567864271457	0.50998003992	0.630738522954	0.582834331337	0.579840319361	0.556886227545	0.63373253493	0.574850299401	0.616766467066	0.527944111776	0.564870259481	0.559880239521	0.552894211577	0.746506986028	0.731536926148	0.75748502994	0.74750499002	0.660678642715	0.712574850299	0.64870259481	0.707584830339	0.642714570858	0.592814371257	0.674650698603	0.668662674651	0.753493013972	0.707584830339	0.74251497006	0.741516966068	0.923153692615	0.933133732535	0.879241516966	0.799401197605	0.918163672655	0.900199600798	0.811377245509	0.883233532934	0.85129740519	0.907185628743	0.821357285429	0.887225548902	0.938123752495	0.934131736527	0.791417165669	0.756487025948	0.771457085828	0.601796407186	0.576846307385	0.625748502994	0.629740518962	0.584830339321	0.557884231537	0.821357285429	0.797405189621	0.7375249501	0.75249500998	0.794411177645
CE7	0.402195608782	0.441117764471	0.669660678643	0.585828343313	0.787425149701	0.743512974052	0.40618762475	0.343313373253	0.0	0.408183632735	0.75249500998	0.768463073852	0.612774451098	0.670658682635	0.471057884232	0.419161676647	0.930139720559	0.910179640719	0.927145708583	0.929141716567	0.760479041916	0.774451097804	0.959081836327	0.953093812375	0.845309381238	0.889221556886	0.839321357285	0.827345309381	0.800399201597	0.849301397206	0.855289421158	0.869261477046	0.553892215569	0.545908183633	0.561876247505	0.507984031936	0.616766467066	0.570858283433	0.574850299401	0.546906187625	0.626746506986	0.577844311377	0.599800399202	0.516966067864	0.552894211577	0.550898203593	0.546906187625	0.743512974052	0.733532934132	0.750499001996	0.75748502994	0.667664670659	0.708582834331	0.636726546906	0.707584830339	0.641716566866	0.581836327345	0.674650698603	0.672654690619	0.74750499002	0.721556886228	0.744510978044	0.746506986028	0.910179640719	0.925149700599	0.873253493014	0.787425149701	0.912175648703	0.888223552894	0.795409181637	0.883233532934	0.843313373253	0.905189620758	0.818363273453	0.888223552894	0.935129740519	0.916167664671	0.774451097804	0.754491017964	0.758483033932	0.59880239521	0.587824351297	0.62375249501	0.624750499002	0.579840319361	0.549900199601	0.816367265469	0.785429141717	0.721556886228	0.753493013972	0.788423153693
CE8	0.421157684631	0.392215568862	0.663672654691	0.537924151697	0.702594810379	0.655688622754	0.340319361277	0.437125748503	0.408183632735	0.0	0.665668662675	0.679640718563	0.570858283433	0.647704590818	0.392215568862	0.432135728543	0.89121756487	0.884231536926	0.916167664671	0.915169660679	0.723552894212	0.735528942116	0.923153692615	0.916167664671	0.803393213573	0.857285429142	0.809381237525	0.799401197605	0.788423153693	0.836327345309	0.839321357285	0.844311377246	0.536926147705	0.515968063872	0.578842315369	0.511976047904	0.629740518962	0.581836327345	0.581836327345	0.558882235529	0.631736526946	0.583832335329	0.615768463074	0.526946107784	0.556886227545	0.536926147705	0.52994011976	0.697604790419	0.690618762475	0.713572854291	0.713572854291	0.622754491018	0.673652694611	0.594810379242	0.649700598802	0.582834331337	0.545908183633	0.635728542914	0.63872255489	0.697604790419	0.691616766467	0.696606786427	0.706586826347	0.933133732535	0.944111776447	0.889221556886	0.758483033932	0.933133732535	0.900199600798	0.7624750499	0.889221556886	0.86626746507	0.912175648703	0.778443113772	0.893213572854	0.953093812375	0.939121756487	0.7375249501	0.713572854291	0.721556886228	0.612774451098	0.600798403194	0.571856287425	0.582834331337	0.539920159681	0.512974051896	0.763473053892	0.740518962076	0.677644710579	0.699600798403	0.735528942116
CF7	0.672654690619	0.640718562874	0.671656686627	0.621756487026	0.51497005988	0.451097804391	0.651696606786	0.764471057884	0.75249500998	0.665668662675	0.0	0.469061876248	0.625748502994	0.622754491018	0.620758483034	0.673652694611	0.806387225549	0.811377245509	0.880239520958	0.855289421158	0.710578842315	0.679640718563	0.74750499002	0.745508982036	0.642714570858	0.668662674651	0.705588822355	0.700598802395	0.764471057884	0.799401197605	0.780439121756	0.793413173653	0.787425149701	0.779441117764	0.815369261477	0.802395209581	0.804391217565	0.807385229541	0.811377245509	0.818363273453	0.813373253493	0.818363273453	0.810379241517	0.806387225549	0.799401197605	0.786427145709	0.789421157685	0.697604790419	0.680638722555	0.695608782435	0.693612774451	0.645708582834	0.651696606786	0.671656686627	0.661676646707	0.650698602794	0.657684630739	0.64371257485	0.684630738523	0.688622754491	0.657684630739	0.689620758483	0.689620758483	0.934131736527	0.921157684631	0.88622754491	0.731536926148	0.919161676647	0.912175648703	0.734530938124	0.904191616766	0.837325349301	0.923153692615	0.754491017964	0.900199600798	0.948103792415	0.934131736527	0.699600798403	0.718562874251	0.733532934132	0.808383233533	0.776447105788	0.684630738523	0.695608782435	0.697604790419	0.698602794411	0.791417165669	0.725548902196	0.690618762475	0.720558882236	0.766467065868
CF8	0.678642714571	0.646706586826	0.670658682635	0.629740518962	0.479041916168	0.468063872255	0.649700598802	0.769461077844	0.768463073852	0.679640718563	0.469061876248	0.0	0.619760479042	0.632734530938	0.627744510978	0.676646706587	0.798403193613	0.798403193613	0.884231536926	0.860279441118	0.711576846307	0.682634730539	0.709580838323	0.705588822355	0.61377245509	0.641716566866	0.712574850299	0.701596806387	0.764471057884	0.792415169661	0.771457085828	0.787425149701	0.800399201597	0.796407185629	0.831337325349	0.817365269461	0.820359281437	0.824351297405	0.827345309381	0.831337325349	0.824351297405	0.833333333333	0.824351297405	0.817365269461	0.817365269461	0.801397205589	0.801397205589	0.691616766467	0.673652694611	0.674650698603	0.679640718563	0.658682634731	0.649700598802	0.686626746507	0.680638722555	0.672654690619	0.676646706587	0.650698602794	0.693612774451	0.673652694611	0.659680638723	0.686626746507	0.673652694611	0.932135728543	0.930139720559	0.899201596806	0.735528942116	0.923153692615	0.916167664671	0.725548902196	0.911177644711	0.829341317365	0.931137724551	0.768463073852	0.908183632735	0.963073852295	0.941117764471	0.700598802395	0.719560878244	0.733532934132	0.822355289421	0.790419161677	0.681636726547	0.690618762475	0.693612774451	0.696606786427	0.787425149701	0.716566866267	0.702594810379	0.715568862275	0.750499001996
CG7	0.570858283433	0.583832335329	0.505988023952	0.449101796407	0.636726546906	0.609780439122	0.574850299401	0.637724550898	0.612774451098	0.570858283433	0.625748502994	0.619760479042	0.0	0.476047904192	0.574850299401	0.589820359281	0.847305389222	0.826347305389	0.868263473054	0.854291417166	0.662674650699	0.672654690619	0.816367265469	0.816367265469	0.739520958084	0.775449101796	0.768463073852	0.753493013972	0.718562874251	0.760479041916	0.807385229541	0.810379241517	0.667664670659	0.661676646707	0.651696606786	0.674650698603	0.63373253493	0.675648702595	0.696606786427	0.702594810379	0.690618762475	0.692614770459	0.634730538922	0.672654690619	0.63872255489	0.656686626747	0.659680638723	0.720558882236	0.689620758483	0.738522954092	0.730538922156	0.663672654691	0.721556886228	0.656686626747	0.703592814371	0.637724550898	0.594810379242	0.672654690619	0.674650698603	0.72754491018	0.733532934132	0.718562874251	0.726546906188	0.900199600798	0.900199600798	0.888223552894	0.75249500998	0.892215568862	0.880239520958	0.754491017964	0.904191616766	0.843313373253	0.904191616766	0.774451097804	0.889221556886	0.930139720559	0.903193612774	0.776447105788	0.741516966068	0.785429141717	0.671656686627	0.64870259481	0.636726546906	0.64870259481	0.627744510978	0.627744510978	0.823353293413	0.792415169661	0.739520958084	0.775449101796	0.806387225549
CG8	0.644710578842	0.655688622754	0.437125748503	0.501996007984	0.634730538922	0.620758483034	0.641716566866	0.685628742515	0.670658682635	0.647704590818	0.622754491018	0.632734530938	0.476047904192	0.0	0.645708582834	0.662674650699	0.833333333333	0.824351297405	0.867265469062	0.845309381238	0.683632734531	0.690618762475	0.800399201597	0.781437125749	0.711576846307	0.733532934132	0.755489021956	0.73253493014	0.721556886228	0.768463073852	0.796407185629	0.809381237525	0.730538922156	0.724550898204	0.678642714571	0.719560878244	0.668662674651	0.710578842315	0.736526946108	0.741516966068	0.734530938124	0.736526946108	0.663672654691	0.717564870259	0.683632734531	0.716566866267	0.725548902196	0.744510978044	0.712574850299	0.754491017964	0.758483033932	0.677644710579	0.729540918164	0.665668662675	0.717564870259	0.659680638723	0.64371257485	0.685628742515	0.688622754491	0.75748502994	0.746506986028	0.738522954092	0.743512974052	0.889221556886	0.826347305389	0.882235528942	0.739520958084	0.822355289421	0.878243512974	0.736526946108	0.898203592814	0.822355289421	0.900199600798	0.750499001996	0.890219560878	0.858283433134	0.894211576846	0.811377245509	0.763473053892	0.823353293413	0.714570858283	0.689620758483	0.696606786427	0.692614770459	0.700598802395	0.702594810379	0.862275449102	0.824351297405	0.77245508982	0.808383233533	0.84630738523
CH7	0.40119760479	0.319361277445	0.65369261477	0.523952095808	0.674650698603	0.581836327345	0.378243512974	0.479041916168	0.471057884232	0.392215568862	0.620758483034	0.627744510978	0.574850299401	0.645708582834	0.0	0.37624750499	0.879241516966	0.859281437126	0.913173652695	0.907185628743	0.730538922156	0.730538922156	0.89121756487	0.894211576846	0.794411177645	0.840319361277	0.803393213573	0.793413173653	0.786427145709	0.828343313373	0.850299401198	0.835329341317	0.541916167665	0.51996007984	0.576846307385	0.530938123752	0.632734530938	0.588822355289	0.583832335329	0.560878243513	0.635728542914	0.582834331337	0.615768463074	0.531936127745	0.559880239521	0.542914171657	0.530938123752	0.72255489022	0.701596806387	0.689620758483	0.687624750499	0.62375249501	0.645708582834	0.622754491018	0.667664670659	0.594810379242	0.558882235529	0.625748502994	0.670658682635	0.682634730539	0.672654690619	0.720558882236	0.682634730539	0.932135728543	0.944111776447	0.89620758483	0.719560878244	0.931137724551	0.905189620758	0.716566866267	0.898203592814	0.869261477046	0.917165668663	0.758483033932	0.905189620758	0.959081836327	0.937125748503	0.684630738523	0.733532934132	0.698602794411	0.644710578842	0.63872255489	0.558882235529	0.567864271457	0.510978043912	0.482035928144	0.775449101796	0.685628742515	0.63872255489	0.680638722555	0.711576846307
CH8	0.303393213573	0.339321357285	0.669660678643	0.538922155689	0.724550898204	0.64371257485	0.388223552894	0.436127744511	0.419161676647	0.432135728543	0.673652694611	0.676646706587	0.589820359281	0.662674650699	0.37624750499	0.0	0.933133732535	0.913173652695	0.918163672655	0.919161676647	0.75748502994	0.760479041916	0.941117764471	0.940119760479	0.839321357285	0.889221556886	0.840319361277	0.839321357285	0.829341317365	0.854291417166	0.857285429142	0.873253493014	0.538922155689	0.517964071856	0.572854291417	0.50499001996	0.620758483034	0.581836327345	0.578842315369	0.560878243513	0.634730538922	0.584830339321	0.615768463074	0.520958083832	0.548902195609	0.539920159681	0.537924151697	0.728542914172	0.709580838323	0.665668662675	0.671656686627	0.614770459082	0.637724550898	0.641716566866	0.686626746507	0.615768463074	0.555888223553	0.622754491018	0.652694610778	0.664670658683	0.672654690619	0.711576846307	0.663672654691	0.936127744511	0.941117764471	0.899201596806	0.719560878244	0.931137724551	0.913173652695	0.72754491018	0.915169660679	0.867265469062	0.929141716567	0.779441117764	0.914171656687	0.965069860279	0.933133732535	0.690618762475	0.731536926148	0.694610778443	0.642714570858	0.634730538922	0.559880239521	0.581836327345	0.527944111776	0.503992015968	0.776447105788	0.710578842315	0.651696606786	0.676646706587	0.714570858283
CA1	0.924151696607	0.887225548902	0.84630738523	0.872255489022	0.811377245509	0.812375249501	0.897205588822	0.935129740519	0.930139720559	0.89121756487	0.806387225549	0.798403193613	0.847305389222	0.833333333333	0.879241516966	0.933133732535	0.0	0.333333333333	0.484031936128	0.463073852295	0.841317365269	0.72255489022	0.760479041916	0.734530938124	0.719560878244	0.736526946108	0.482035928144	0.521956087824	0.471057884232	0.452095808383	0.471057884232	0.435129740519	0.97005988024	0.965069860279	0.967065868263	0.968063872255	0.97005988024	0.965069860279	0.968063872255	0.97005988024	0.969061876248	0.969061876248	0.966067864271	0.964071856287	0.97005988024	0.967065868263	0.97005988024	0.940119760479	0.940119760479	0.939121756487	0.948103792415	0.944111776447	0.940119760479	0.931137724551	0.921157684631	0.921157684631	0.937125748503	0.946107784431	0.942115768463	0.940119760479	0.944111776447	0.937125748503	0.939121756487	0.948103792415	0.951097804391	0.944111776447	0.943113772455	0.941117764471	0.945109780439	0.935129740519	0.936127744511	0.923153692615	0.938123752495	0.936127744511	0.953093812375	0.968063872255	0.950099800399	0.932135728543	0.937125748503	0.949101796407	0.952095808383	0.949101796407	0.942115768463	0.937125748503	0.942115768463	0.939121756487	0.959081836327	0.935129740519	0.935129740519	0.936127744511	0.944111776447
CA2	0.907185628743	0.87125748503	0.832335329341	0.854291417166	0.804391217565	0.802395209581	0.88123752495	0.917165668663	0.910179640719	0.884231536926	0.811377245509	0.798403193613	0.826347305389	0.824351297405	0.859281437126	0.913173652695	0.333333333333	0.0	0.503992015968	0.48003992016	0.830339321357	0.707584830339	0.769461077844	0.750499001996	0.719560878244	0.744510978044	0.469061876248	0.502994011976	0.461077844311	0.451097804391	0.463073852295	0.410179640719	0.958083832335	0.950099800399	0.953093812375	0.952095808383	0.957085828343	0.952095808383	0.956087824351	0.958083832335	0.958083832335	0.959081836327	0.951097804391	0.947105788423	0.955089820359	0.950099800399	0.958083832335	0.924151696607	0.926147704591	0.922155688623	0.928143712575	0.924151696607	0.918163672655	0.914171656687	0.902195608782	0.909181636727	0.921157684631	0.922155688623	0.917165668663	0.925149700599	0.916167664671	0.920159680639	0.920159680639	0.940119760479	0.943113772455	0.933133732535	0.928143712575	0.936127744511	0.926147704591	0.925149700599	0.923153692615	0.909181636727	0.923153692615	0.922155688623	0.942115768463	0.962075848303	0.947105788423	0.920159680639	0.919161676647	0.931137724551	0.938123752495	0.923153692615	0.926147704591	0.919161676647	0.928143712575	0.926147704591	0.947105788423	0.918163672655	0.917165668663	0.918163672655	0.925149700599
CB1	0.902195608782	0.923153692615	0.870259481038	0.88123752495	0.880239520958	0.882235528942	0.915169660679	0.936127744511	0.927145708583	0.916167664671	0.880239520958	0.884231536926	0.868263473054	0.867265469062	0.913173652695	0.918163672655	0.484031936128	0.503992015968	0.0	0.255489021956	0.870259481038	0.75249500998	0.834331337325	0.820359281437	0.805389221557	0.832335329341	0.525948103792	0.580838323353	0.497005988024	0.430139720559	0.427145708583	0.48502994012	0.967065868263	0.961077844311	0.942115768463	0.956087824351	0.944111776447	0.952095808383	0.967065868263	0.964071856287	0.967065868263	0.969061876248	0.942115768463	0.954091816367	0.941117764471	0.960079840319	0.969061876248	0.929141716567	0.927145708583	0.923153692615	0.927145708583	0.930139720559	0.929141716567	0.939121756487	0.937125748503	0.939121756487	0.925149700599	0.934131736527	0.932135728543	0.927145708583	0.934131736527	0.929141716567	0.927145708583	0.935129740519	0.937125748503	0.952095808383	0.933133732535	0.931137724551	0.940119760479	0.930139720559	0.937125748503	0.920159680639	0.940119760479	0.929141716567	0.956087824351	0.965069860279	0.936127744511	0.966067864271	0.931137724551	0.962075848303	0.942115768463	0.928143712575	0.952095808383	0.948103792415	0.948103792415	0.950099800399	0.967065868263	0.965069860279	0.963073852295	0.963073852295	0.962075848303
CB2	0.907185628743	0.912175648703	0.84630738523	0.86127744511	0.858283433134	0.857285429142	0.908183632735	0.935129740519	0.929141716567	0.915169660679	0.855289421158	0.860279441118	0.854291417166	0.845309381238	0.907185628743	0.919161676647	0.463073852295	0.48003992016	0.255489021956	0.0	0.85628742515	0.72754491018	0.818363273453	0.808383233533	0.778443113772	0.800399201597	0.502994011976	0.550898203593	0.476047904192	0.412175648703	0.408183632735	0.465069860279	0.972055888224	0.963073852295	0.946107784431	0.960079840319	0.943113772455	0.953093812375	0.97005988024	0.968063872255	0.971057884232	0.972055888224	0.943113772455	0.958083832335	0.943113772455	0.962075848303	0.971057884232	0.920159680639	0.919161676647	0.919161676647	0.921157684631	0.926147704591	0.925149700599	0.935129740519	0.932135728543	0.934131736527	0.920159680639	0.925149700599	0.925149700599	0.921157684631	0.928143712575	0.920159680639	0.920159680639	0.932135728543	0.932135728543	0.947105788423	0.930139720559	0.928143712575	0.941117764471	0.927145708583	0.936127744511	0.915169660679	0.940119760479	0.931137724551	0.952095808383	0.964071856287	0.933133732535	0.961077844311	0.921157684631	0.961077844311	0.933133732535	0.930139720559	0.954091816367	0.948103792415	0.951097804391	0.950099800399	0.967065868263	0.963073852295	0.957085828343	0.959081836327	0.965069860279
CC1	0.756487025948	0.73253493014	0.738522954092	0.675648702595	0.733532934132	0.700598802395	0.729540918164	0.783433133733	0.760479041916	0.723552894212	0.710578842315	0.711576846307	0.662674650699	0.683632734531	0.730538922156	0.75748502994	0.841317365269	0.830339321357	0.870259481038	0.85628742515	0.0	0.469061876248	0.877245508982	0.87125748503	0.764471057884	0.805389221557	0.740518962076	0.717564870259	0.721556886228	0.781437125749	0.792415169661	0.796407185629	0.795409181637	0.781437125749	0.769461077844	0.796407185629	0.745508982036	0.789421157685	0.813373253493	0.822355289421	0.812375249501	0.819361277445	0.751497005988	0.801397205589	0.758483033932	0.776447105788	0.787425149701	0.693612774451	0.700598802395	0.733532934132	0.75249500998	0.723552894212	0.704590818363	0.705588822355	0.690618762475	0.688622754491	0.723552894212	0.729540918164	0.73253493014	0.744510978044	0.740518962076	0.705588822355	0.720558882236	0.835329341317	0.832335329341	0.784431137725	0.687624750499	0.820359281437	0.820359281437	0.684630738523	0.818363273453	0.714570858283	0.821357285429	0.691616766467	0.791417165669	0.842315369261	0.855289421158	0.693612774451	0.711576846307	0.786427145709	0.7624750499	0.73253493014	0.743512974052	0.731536926148	0.750499001996	0.738522954092	0.837325349301	0.717564870259	0.740518962076	0.749500998004	0.784431137725
CC2	0.754491017964	0.733532934132	0.745508982036	0.697604790419	0.698602794411	0.668662674651	0.7375249501	0.795409181637	0.774451097804	0.735528942116	0.679640718563	0.682634730539	0.672654690619	0.690618762475	0.730538922156	0.760479041916	0.72255489022	0.707584830339	0.75249500998	0.72754491018	0.469061876248	0.0	0.811377245509	0.793413173653	0.685628742515	0.734530938124	0.582834331337	0.557884231537	0.642714570858	0.672654690619	0.662674650699	0.655688622754	0.812375249501	0.796407185629	0.806387225549	0.812375249501	0.794411177645	0.812375249501	0.836327345309	0.845309381238	0.836327345309	0.839321357285	0.796407185629	0.822355289421	0.796407185629	0.794411177645	0.806387225549	0.701596806387	0.721556886228	0.717564870259	0.740518962076	0.731536926148	0.717564870259	0.724550898204	0.718562874251	0.707584830339	0.73253493014	0.73253493014	0.74251497006	0.718562874251	0.743512974052	0.708582834331	0.713572854291	0.85129740519	0.853293413174	0.811377245509	0.723552894212	0.831337325349	0.842315369261	0.713572854291	0.817365269461	0.74251497006	0.840319361277	0.733532934132	0.820359281437	0.88123752495	0.870259481038	0.713572854291	0.703592814371	0.779441117764	0.797405189621	0.76746506986	0.760479041916	0.74750499002	0.765469061876	0.754491017964	0.841317365269	0.74251497006	0.761477045908	0.759481037924	0.781437125749
CD1	0.931137724551	0.912175648703	0.808383233533	0.857285429142	0.680638722555	0.761477045908	0.917165668663	0.964071856287	0.959081836327	0.923153692615	0.74750499002	0.709580838323	0.816367265469	0.800399201597	0.89121756487	0.941117764471	0.760479041916	0.769461077844	0.834331337325	0.818363273453	0.877245508982	0.811377245509	0.0	0.426147704591	0.554890219561	0.489021956088	0.755489021956	0.754491017964	0.817365269461	0.824351297405	0.832335329341	0.810379241517	0.99001996008	0.989021956088	0.988023952096	0.989021956088	0.987025948104	0.989021956088	0.989021956088	0.991017964072	0.99001996008	0.991017964072	0.986027944112	0.983033932136	0.988023952096	0.99001996008	0.991017964072	0.954091816367	0.955089820359	0.956087824351	0.958083832335	0.952095808383	0.955089820359	0.952095808383	0.950099800399	0.953093812375	0.952095808383	0.953093812375	0.953093812375	0.956087824351	0.955089820359	0.955089820359	0.955089820359	0.967065868263	0.960079840319	0.982035928144	0.976047904192	0.953093812375	0.983033932136	0.972055888224	0.979041916168	0.953093812375	0.98502994012	0.972055888224	0.982035928144	0.987025948104	0.97005988024	0.981037924152	0.952095808383	0.986027944112	0.962075848303	0.966067864271	0.981037924152	0.974051896208	0.979041916168	0.982035928144	0.987025948104	0.984031936128	0.984031936128	0.984031936128	0.983033932136
CD2	0.931137724551	0.910179640719	0.801397205589	0.853293413174	0.676646706587	0.75748502994	0.917165668663	0.962075848303	0.953093812375	0.916167664671	0.745508982036	0.705588822355	0.816367265469	0.781437125749	0.894211576846	0.940119760479	0.734530938124	0.750499001996	0.820359281437	0.808383233533	0.87125748503	0.793413173653	0.426147704591	0.0	0.537924151697	0.488023952096	0.72754491018	0.728542914172	0.810379241517	0.807385229541	0.807385229541	0.784431137725	0.989021956088	0.986027944112	0.987025948104	0.987025948104	0.987025948104	0.986027944112	0.987025948104	0.987025948104	0.989021956088	0.99001996008	0.986027944112	0.983033932136	0.987025948104	0.987025948104	0.99001996008	0.946107784431	0.942115768463	0.946107784431	0.951097804391	0.945109780439	0.945109780439	0.940119760479	0.937125748503	0.937125748503	0.937125748503	0.944111776447	0.940119760479	0.946107784431	0.942115768463	0.948103792415	0.943113772455	0.968063872255	0.961077844311	0.981037924152	0.974051896208	0.956087824351	0.984031936128	0.974051896208	0.979041916168	0.943113772455	0.98003992016	0.972055888224	0.981037924152	0.991017964072	0.967065868263	0.983033932136	0.944111776447	0.978043912176	0.955089820359	0.964071856287	0.977045908184	0.973053892216	0.974051896208	0.977045908184	0.986027944112	0.98502994012	0.978043912176	0.976047904192	0.98003992016
CE1	0.839321357285	0.815369261477	0.703592814371	0.763473053892	0.583832335329	0.660678642715	0.816367265469	0.852295409182	0.845309381238	0.803393213573	0.642714570858	0.61377245509	0.739520958084	0.711576846307	0.794411177645	0.839321357285	0.719560878244	0.719560878244	0.805389221557	0.778443113772	0.764471057884	0.685628742515	0.554890219561	0.537924151697	0.0	0.465069860279	0.678642714571	0.657684630739	0.699600798403	0.725548902196	0.714570858283	0.748502994012	0.902195608782	0.897205588822	0.897205588822	0.895209580838	0.899201596806	0.898203592814	0.900199600798	0.900199600798	0.900199600798	0.903193612774	0.89620758483	0.895209580838	0.895209580838	0.897205588822	0.903193612774	0.770459081836	0.761477045908	0.786427145709	0.817365269461	0.75748502994	0.775449101796	0.802395209581	0.785429141717	0.807385229541	0.804391217565	0.754491017964	0.754491017964	0.808383233533	0.775449101796	0.768463073852	0.790419161677	0.944111776447	0.937125748503	0.911177644711	0.880239520958	0.926147704591	0.944111776447	0.880239520958	0.938123752495	0.796407185629	0.947105788423	0.892215568862	0.914171656687	0.967065868263	0.953093812375	0.87125748503	0.775449101796	0.893213572854	0.847305389222	0.84630738523	0.868263473054	0.864271457086	0.863273453094	0.859281437126	0.934131736527	0.888223552894	0.868263473054	0.87624750499	0.910179640719
CE2	0.885229540918	0.84630738523	0.733532934132	0.795409181637	0.605788423154	0.692614770459	0.855289421158	0.894211576846	0.889221556886	0.857285429142	0.668662674651	0.641716566866	0.775449101796	0.733532934132	0.840319361277	0.889221556886	0.736526946108	0.744510978044	0.832335329341	0.800399201597	0.805389221557	0.734530938124	0.489021956088	0.488023952096	0.465069860279	0.0	0.696606786427	0.686626746507	0.761477045908	0.775449101796	0.753493013972	0.763473053892	0.946107784431	0.942115768463	0.944111776447	0.945109780439	0.944111776447	0.941117764471	0.945109780439	0.946107784431	0.947105788423	0.947105788423	0.941117764471	0.942115768463	0.942115768463	0.944111776447	0.948103792415	0.85129740519	0.848303393214	0.85129740519	0.85628742515	0.850299401198	0.852295409182	0.847305389222	0.844311377246	0.85129740519	0.844311377246	0.852295409182	0.845309381238	0.857285429142	0.850299401198	0.852295409182	0.849301397206	0.945109780439	0.943113772455	0.920159680639	0.914171656687	0.935129740519	0.953093812375	0.909181636727	0.945109780439	0.85129740519	0.955089820359	0.909181636727	0.923153692615	0.969061876248	0.954091816367	0.914171656687	0.85129740519	0.916167664671	0.890219560878	0.895209580838	0.914171656687	0.908183632735	0.914171656687	0.912175648703	0.939121756487	0.915169660679	0.916167664671	0.914171656687	0.924151696607
CF1	0.840319361277	0.813373253493	0.784431137725	0.794411177645	0.717564870259	0.731536926148	0.804391217565	0.858283433134	0.839321357285	0.809381237525	0.705588822355	0.712574850299	0.768463073852	0.755489021956	0.803393213573	0.840319361277	0.482035928144	0.469061876248	0.525948103792	0.502994011976	0.740518962076	0.582834331337	0.755489021956	0.72754491018	0.678642714571	0.696606786427	0.0	0.321357285429	0.473053892216	0.482035928144	0.438123752495	0.429141716567	0.898203592814	0.893213572854	0.895209580838	0.890219560878	0.894211576846	0.889221556886	0.898203592814	0.904191616766	0.898203592814	0.90618762475	0.89121756487	0.887225548902	0.892215568862	0.892215568862	0.898203592814	0.803393213573	0.816367265469	0.807385229541	0.824351297405	0.814371257485	0.810379241517	0.807385229541	0.794411177645	0.802395209581	0.818363273453	0.821357285429	0.812375249501	0.810379241517	0.818363273453	0.802395209581	0.812375249501	0.924151696607	0.920159680639	0.921157684631	0.864271457086	0.902195608782	0.89620758483	0.849301397206	0.88622754491	0.835329341317	0.902195608782	0.85628742515	0.920159680639	0.960079840319	0.924151696607	0.849301397206	0.803393213573	0.86626746507	0.893213572854	0.868263473054	0.860279441118	0.84630738523	0.85628742515	0.854291417166	0.888223552894	0.857285429142	0.853293413174	0.854291417166	0.860279441118
CF2	0.829341317365	0.803393213573	0.764471057884	0.782435129741	0.702594810379	0.723552894212	0.805389221557	0.850299401198	0.827345309381	0.799401197605	0.700598802395	0.701596806387	0.753493013972	0.73253493014	0.793413173653	0.839321357285	0.521956087824	0.502994011976	0.580838323353	0.550898203593	0.717564870259	0.557884231537	0.754491017964	0.728542914172	0.657684630739	0.686626746507	0.321357285429	0.0	0.50998003992	0.521956087824	0.464071856287	0.467065868263	0.892215568862	0.885229540918	0.889221556886	0.893213572854	0.893213572854	0.885229540918	0.892215568862	0.902195608782	0.892215568862	0.89620758483	0.890219560878	0.88622754491	0.890219560878	0.888223552894	0.892215568862	0.796407185629	0.800399201597	0.797405189621	0.806387225549	0.795409181637	0.781437125749	0.800399201597	0.785429141717	0.800399201597	0.810379241517	0.797405189621	0.799401197605	0.788423153693	0.796407185629	0.794411177645	0.796407185629	0.911177644711	0.910179640719	0.911177644711	0.855289421158	0.89620758483	0.90119760479	0.842315369261	0.887225548902	0.813373253493	0.908183632735	0.849301397206	0.920159680639	0.946107784431	0.916167664671	0.834331337325	0.801397205589	0.853293413174	0.88123752495	0.86127744511	0.853293413174	0.838323353293	0.85129740519	0.848303393214	0.884231536926	0.843313373253	0.84630738523	0.853293413174	0.850299401198
CG1	0.813373253493	0.791417165669	0.725548902196	0.725548902196	0.773453093812	0.756487025948	0.793413173653	0.816367265469	0.800399201597	0.788423153693	0.764471057884	0.764471057884	0.718562874251	0.721556886228	0.786427145709	0.829341317365	0.471057884232	0.461077844311	0.497005988024	0.476047904192	0.721556886228	0.642714570858	0.817365269461	0.810379241517	0.699600798403	0.761477045908	0.473053892216	0.50998003992	0.0	0.355289421158	0.460079840319	0.446107784431	0.88622754491	0.87624750499	0.824351297405	0.877245508982	0.811377245509	0.870259481038	0.884231536926	0.887225548902	0.883233532934	0.88622754491	0.801397205589	0.873253493014	0.832335329341	0.877245508982	0.885229540918	0.806387225549	0.791417165669	0.829341317365	0.833333333333	0.824351297405	0.827345309381	0.831337325349	0.827345309381	0.827345309381	0.826347305389	0.830339321357	0.830339321357	0.826347305389	0.835329341317	0.808383233533	0.821357285429	0.879241516966	0.88123752495	0.868263473054	0.796407185629	0.874251497006	0.864271457086	0.795409181637	0.88622754491	0.84630738523	0.88622754491	0.809381237525	0.873253493014	0.893213572854	0.892215568862	0.850299401198	0.825349301397	0.85628742515	0.840319361277	0.824351297405	0.837325349301	0.827345309381	0.837325349301	0.840319361277	0.897205588822	0.853293413174	0.840319361277	0.841317365269	0.869261477046
