	CA7	CA8	CB7	CB8	CC7	CC8	CD7	CD8	CE7	CE8	CF7	CF8	CG7	CG8	CH7	CH8	CA1	CA2	CB1	CB2	CC1	CC2	CD1	CD2	CE1	CE2	CF1	CF2	CG1	CG2	CH1	CH2	CA5	CA6	CB5	CB6	CC5	CC6	CD6	CE5	CE6	CF5	CF6	CG5	CG6	CH5	CH6	CA11	CA12	CB11	CB12	CC11	CC12	CD11	CD12	CE11	CE12	CF11	CF12	CG11	CG12	CH11	CH12	CA3	CA4	CB3	CB4	CC4	CD3	CD4	CE4	CF3	CF4	CG3	CG4	CH3	CH4	CA9	CA10	CB9	CC9	CC10	CD9	CD10	CE9	CE10	CF9	CG9	CG10	CH9	CH10
CA7	0.0	0.374251497006	0.662674650699	0.52994011976	0.704590818363	0.624750499002	0.374251497006	0.417165668663	0.389221556886	0.407185628743	0.660678642715	0.675648702595	0.582834331337	0.63872255489	0.379241516966	0.288423153693	0.905189620758	0.899201596806	0.918163672655	0.894211576846	0.750499001996	0.753493013972	0.937125748503	0.927145708583	0.799401197605	0.854291417166	0.832335329341	0.839321357285	0.807385229541	0.84630738523	0.86127744511	0.878243512974	0.515968063872	0.543912175649	0.579840319361	0.491017964072	0.619760479042	0.591816367265	0.59880239521	0.546906187625	0.637724550898	0.565868263473	0.632734530938	0.542914171657	0.572854291417	0.488023952096	0.536926147705	0.707584830339	0.699600798403	0.692614770459	0.693612774451	0.61377245509	0.678642714571	0.642714570858	0.701596806387	0.626746506986	0.561876247505	0.60878243513	0.660678642715	0.690618762475	0.675648702595	0.720558882236	0.696606786427	0.929141716567	0.948103792415	0.898203592814	0.715568862275	0.936127744511	0.922155688623	0.741516966068	0.920159680639	0.882235528942	0.926147704591	0.758483033932	0.90119760479	0.968063872255	0.926147704591	0.717564870259	0.734530938124	0.724550898204	0.636726546906	0.630738522954	0.589820359281	0.611776447106	0.553892215569	0.5249500998	0.76746506986	0.72754491018	0.685628742515	0.697604790419	0.74251497006
CA8	0.374251497006	0.0	0.63872255489	0.487025948104	0.649700598802	0.580838323353	0.334331337325	0.446107784431	0.435129740519	0.372255489022	0.625748502994	0.64870259481	0.573852295409	0.612774451098	0.283433133733	0.365269461078	0.86127744511	0.86127744511	0.911177644711	0.889221556886	0.736526946108	0.724550898204	0.894211576846	0.882235528942	0.761477045908	0.808383233533	0.802395209581	0.792415169661	0.758483033932	0.822355289421	0.843313373253	0.84630738523	0.508982035928	0.536926147705	0.584830339321	0.522954091816	0.622754491018	0.588822355289	0.594810379242	0.545908183633	0.631736526946	0.562874251497	0.63373253493	0.539920159681	0.579840319361	0.5	0.533932135729	0.681636726547	0.662674650699	0.64870259481	0.63872255489	0.591816367265	0.62874251497	0.59880239521	0.655688622754	0.591816367265	0.526946107784	0.579840319361	0.644710578842	0.64371257485	0.654690618762	0.694610778443	0.663672654691	0.933133732535	0.939121756487	0.888223552894	0.687624750499	0.920159680639	0.912175648703	0.729540918164	0.902195608782	0.87624750499	0.919161676647	0.744510978044	0.889221556886	0.953093812375	0.930139720559	0.675648702595	0.701596806387	0.669660678643	0.619760479042	0.60878243513	0.521956087824	0.541916167665	0.496007984032	0.467065868263	0.745508982036	0.680638722555	0.621756487026	0.649700598802	0.690618762475
CB7	0.662674650699	0.63872255489	0.0	0.538922155689	0.694610778443	0.662674650699	0.647704590818	0.682634730539	0.663672654691	0.663672654691	0.657684630739	0.660678642715	0.51497005988	0.409181636727	0.640718562874	0.663672654691	0.824351297405	0.814371257485	0.85129740519	0.822355289421	0.77744510978	0.736526946108	0.784431137725	0.76746506986	0.667664670659	0.694610778443	0.75748502994	0.761477045908	0.72255489022	0.758483033932	0.788423153693	0.810379241517	0.738522954092	0.731536926148	0.696606786427	0.733532934132	0.669660678643	0.728542914172	0.738522954092	0.731536926148	0.7375249501	0.736526946108	0.664670658683	0.730538922156	0.687624750499	0.728542914172	0.7375249501	0.766467065868	0.724550898204	0.795409181637	0.787425149701	0.700598802395	0.77245508982	0.699600798403	0.753493013972	0.692614770459	0.651696606786	0.714570858283	0.716566866267	0.784431137725	0.771457085828	0.765469061876	0.779441117764	0.888223552894	0.809381237525	0.879241516966	0.774451097804	0.806387225549	0.884231536926	0.776447105788	0.899201596806	0.823353293413	0.884231536926	0.770459081836	0.86626746507	0.841317365269	0.863273453094	0.848303393214	0.801397205589	0.87125748503	0.700598802395	0.679640718563	0.718562874251	0.748502994012	0.711576846307	0.708582834331	0.890219560878	0.86626746507	0.818363273453	0.841317365269	0.889221556886
CB8	0.52994011976	0.487025948104	0.538922155689	0.0	0.629740518962	0.589820359281	0.489021956088	0.592814371257	0.565868263473	0.527944111776	0.622754491018	0.630738522954	0.454091816367	0.50998003992	0.499001996008	0.522954091816	0.865269461078	0.84630738523	0.864271457086	0.834331337325	0.703592814371	0.689620758483	0.854291417166	0.841317365269	0.739520958084	0.780439121756	0.781437125749	0.774451097804	0.705588822355	0.76746506986	0.831337325349	0.829341317365	0.63872255489	0.644710578842	0.634730538922	0.651696606786	0.625748502994	0.668662674651	0.682634730539	0.674650698603	0.675648702595	0.650698602794	0.616766467066	0.668662674651	0.632734530938	0.630738522954	0.637724550898	0.672654690619	0.631736526946	0.683632734531	0.670658682635	0.591816367265	0.671656686627	0.611776447106	0.668662674651	0.591816367265	0.535928143713	0.605788423154	0.632734530938	0.685628742515	0.667664670659	0.667664670659	0.666666666667	0.90119760479	0.90119760479	0.885229540918	0.709580838323	0.88622754491	0.893213572854	0.729540918164	0.909181636727	0.847305389222	0.894211576846	0.717564870259	0.87125748503	0.928143712575	0.89121756487	0.736526946108	0.701596806387	0.748502994012	0.61876247505	0.60878243513	0.586826347305	0.606786427146	0.574850299401	0.557884231537	0.765469061876	0.744510978044	0.691616766467	0.720558882236	0.759481037924
CC7	0.704590818363	0.649700598802	0.694610778443	0.629740518962	0.0	0.532934131737	0.655688622754	0.797405189621	0.789421157685	0.703592814371	0.507984031936	0.456087824351	0.673652694611	0.671656686627	0.640718562874	0.712574850299	0.798403193613	0.784431137725	0.869261477046	0.847305389222	0.746506986028	0.712574850299	0.644710578842	0.642714570858	0.59880239521	0.584830339321	0.703592814371	0.724550898204	0.729540918164	0.789421157685	0.793413173653	0.804391217565	0.832335329341	0.839321357285	0.864271457086	0.85628742515	0.865269461078	0.87125748503	0.873253493014	0.863273453094	0.86626746507	0.850299401198	0.857285429142	0.874251497006	0.870259481038	0.832335329341	0.835329341317	0.716566866267	0.700598802395	0.692614770459	0.690618762475	0.695608782435	0.687624750499	0.72255489022	0.711576846307	0.706586826347	0.717564870259	0.690618762475	0.739520958084	0.695608782435	0.687624750499	0.709580838323	0.699600798403	0.948103792415	0.946107784431	0.920159680639	0.758483033932	0.938123752495	0.934131736527	0.765469061876	0.932135728543	0.862275449102	0.941117764471	0.7624750499	0.914171656687	0.979041916168	0.940119760479	0.736526946108	0.707584830339	0.738522954092	0.857285429142	0.833333333333	0.731536926148	0.733532934132	0.72255489022	0.729540918164	0.783433133733	0.738522954092	0.729540918164	0.7375249501	0.754491017964
CC8	0.624750499002	0.580838323353	0.662674650699	0.589820359281	0.532934131737	0.0	0.602794411178	0.7375249501	0.707584830339	0.641716566866	0.473053892216	0.494011976048	0.615768463074	0.626746506986	0.570858283433	0.651696606786	0.803393213573	0.787425149701	0.865269461078	0.835329341317	0.718562874251	0.673652694611	0.765469061876	0.750499001996	0.631736526946	0.678642714571	0.715568862275	0.716566866267	0.7375249501	0.783433133733	0.785429141717	0.790419161677	0.763473053892	0.765469061876	0.794411177645	0.780439121756	0.792415169661	0.800399201597	0.802395209581	0.797405189621	0.797405189621	0.785429141717	0.787425149701	0.804391217565	0.802395209581	0.758483033932	0.770459081836	0.682634730539	0.669660678643	0.671656686627	0.678642714571	0.639720558882	0.651696606786	0.665668662675	0.667664670659	0.652694610778	0.657684630739	0.627744510978	0.684630738523	0.676646706587	0.650698602794	0.701596806387	0.697604790419	0.930139720559	0.918163672655	0.890219560878	0.704590818363	0.907185628743	0.910179640719	0.723552894212	0.90618762475	0.853293413174	0.917165668663	0.734530938124	0.890219560878	0.944111776447	0.914171656687	0.688622754491	0.710578842315	0.724550898204	0.790419161677	0.766467065868	0.652694610778	0.657684630739	0.650698602794	0.645708582834	0.783433133733	0.703592814371	0.667664670659	0.692614770459	0.751497005988
CD7	0.374251497006	0.334331337325	0.647704590818	0.489021956088	0.655688622754	0.602794411178	0.0	0.432135728543	0.417165668663	0.332335329341	0.647704590818	0.661676646707	0.567864271457	0.616766467066	0.350299401198	0.385229540918	0.880239520958	0.879241516966	0.899201596806	0.892215568862	0.738522954092	0.7375249501	0.902195608782	0.890219560878	0.769461077844	0.818363273453	0.798403193613	0.811377245509	0.768463073852	0.817365269461	0.841317365269	0.854291417166	0.50499001996	0.527944111776	0.577844311377	0.50998003992	0.616766467066	0.581836327345	0.591816367265	0.540918163673	0.630738522954	0.559880239521	0.62874251497	0.538922155689	0.573852295409	0.487025948104	0.532934131737	0.667664670659	0.641716566866	0.65369261477	0.647704590818	0.569860279441	0.630738522954	0.589820359281	0.668662674651	0.59381237525	0.5249500998	0.570858283433	0.615768463074	0.658682634731	0.632734530938	0.676646706587	0.656686626747	0.933133732535	0.943113772455	0.888223552894	0.730538922156	0.924151696607	0.918163672655	0.746506986028	0.909181636727	0.880239520958	0.915169660679	0.759481037924	0.897205588822	0.960079840319	0.931137724551	0.715568862275	0.708582834331	0.685628742515	0.587824351297	0.575848303393	0.536926147705	0.558882235529	0.501996007984	0.479041916168	0.723552894212	0.712574850299	0.657684630739	0.654690618762	0.710578842315
CD8	0.417165668663	0.446107784431	0.682634730539	0.592814371257	0.797405189621	0.7375249501	0.432135728543	0.0	0.343313373253	0.427145708583	0.769461077844	0.797405189621	0.639720558882	0.670658682635	0.476047904192	0.400199600798	0.925149700599	0.920159680639	0.936127744511	0.914171656687	0.775449101796	0.784431137725	0.968063872255	0.955089820359	0.819361277445	0.880239520958	0.858283433134	0.850299401198	0.804391217565	0.86127744511	0.869261477046	0.893213572854	0.543912175649	0.552894211577	0.569860279441	0.488023952096	0.610778443114	0.578842315369	0.59381237525	0.537924151697	0.630738522954	0.573852295409	0.62874251497	0.533932135729	0.564870259481	0.511976047904	0.559880239521	0.729540918164	0.716566866267	0.748502994012	0.736526946108	0.651696606786	0.724550898204	0.645708582834	0.698602794411	0.642714570858	0.577844311377	0.663672654691	0.666666666667	0.74750499002	0.710578842315	0.75249500998	0.74750499002	0.921157684631	0.926147704591	0.87125748503	0.786427145709	0.914171656687	0.90119760479	0.807385229541	0.894211576846	0.86626746507	0.902195608782	0.788423153693	0.87125748503	0.943113772455	0.920159680639	0.789421157685	0.766467065868	0.776447105788	0.597804391218	0.587824351297	0.62874251497	0.646706586826	0.609780439122	0.568862275449	0.807385229541	0.791417165669	0.74251497006	0.759481037924	0.801397205589
CE7	0.389221556886	0.435129740519	0.663672654691	0.565868263473	0.789421157685	0.707584830339	0.417165668663	0.343313373253	0.0	0.409181636727	0.758483033932	0.77245508982	0.61377245509	0.641716566866	0.449101796407	0.38622754491	0.917165668663	0.911177644711	0.920159680639	0.903193612774	0.74750499002	0.750499001996	0.958083832335	0.943113772455	0.812375249501	0.868263473054	0.840319361277	0.840319361277	0.788423153693	0.841317365269	0.864271457086	0.882235528942	0.523952095808	0.542914171657	0.561876247505	0.474051896208	0.601796407186	0.577844311377	0.586826347305	0.534930139721	0.619760479042	0.558882235529	0.60878243513	0.530938123752	0.555888223553	0.494011976048	0.543912175649	0.713572854291	0.701596806387	0.743512974052	0.733532934132	0.642714570858	0.708582834331	0.634730538922	0.689620758483	0.629740518962	0.554890219561	0.650698602794	0.656686626747	0.731536926148	0.712574850299	0.731536926148	0.744510978044	0.908183632735	0.915169660679	0.858283433134	0.759481037924	0.903193612774	0.892215568862	0.785429141717	0.882235528942	0.850299401198	0.89620758483	0.773453093812	0.863273453094	0.925149700599	0.900199600798	0.77245508982	0.746506986028	0.766467065868	0.590818363273	0.586826347305	0.61876247505	0.645708582834	0.604790419162	0.558882235529	0.799401197605	0.779441117764	0.720558882236	0.743512974052	0.793413173653
CE8	0.407185628743	0.372255489022	0.663672654691	0.527944111776	0.703592814371	0.641716566866	0.332335329341	0.427145708583	0.409181636727	0.0	0.679640718563	0.688622754491	0.577844311377	0.63872255489	0.390219560878	0.429141716567	0.873253493014	0.87624750499	0.917165668663	0.89620758483	0.7375249501	0.7375249501	0.915169660679	0.902195608782	0.780439121756	0.821357285429	0.809381237525	0.808383233533	0.782435129741	0.836327345309	0.85628742515	0.865269461078	0.521956087824	0.539920159681	0.588822355289	0.510978043912	0.63373253493	0.595808383234	0.605788423154	0.546906187625	0.639720558882	0.568862275449	0.639720558882	0.549900199601	0.588822355289	0.487025948104	0.543912175649	0.673652694611	0.651696606786	0.690618762475	0.693612774451	0.604790419162	0.665668662675	0.581836327345	0.656686626747	0.592814371257	0.517964071856	0.606786427146	0.620758483034	0.691616766467	0.674650698603	0.684630738523	0.701596806387	0.940119760479	0.940119760479	0.894211576846	0.753493013972	0.919161676647	0.911177644711	0.771457085828	0.902195608782	0.874251497006	0.918163672655	0.76746506986	0.888223552894	0.958083832335	0.936127744511	0.725548902196	0.711576846307	0.711576846307	0.604790419162	0.604790419162	0.564870259481	0.581836327345	0.540918163673	0.498003992016	0.738522954092	0.731536926148	0.666666666667	0.687624750499	0.740518962076
CF7	0.660678642715	0.625748502994	0.657684630739	0.622754491018	0.507984031936	0.473053892216	0.647704590818	0.769461077844	0.758483033932	0.679640718563	0.0	0.467065868263	0.654690618762	0.641716566866	0.606786427146	0.671656686627	0.796407185629	0.786427145709	0.868263473054	0.849301397206	0.733532934132	0.692614770459	0.730538922156	0.721556886228	0.619760479042	0.651696606786	0.696606786427	0.709580838323	0.744510978044	0.793413173653	0.789421157685	0.803393213573	0.795409181637	0.798403193613	0.824351297405	0.815369261477	0.825349301397	0.831337325349	0.832335329341	0.825349301397	0.825349301397	0.812375249501	0.816367265469	0.830339321357	0.829341317365	0.788423153693	0.794411177645	0.694610778443	0.675648702595	0.682634730539	0.686626746507	0.664670658683	0.64870259481	0.688622754491	0.693612774451	0.679640718563	0.690618762475	0.651696606786	0.709580838323	0.681636726547	0.660678642715	0.705588822355	0.700598802395	0.938123752495	0.930139720559	0.903193612774	0.720558882236	0.922155688623	0.926147704591	0.733532934132	0.917165668663	0.858283433134	0.926147704591	0.749500998004	0.89620758483	0.956087824351	0.925149700599	0.692614770459	0.72255489022	0.728542914172	0.823353293413	0.800399201597	0.688622754491	0.694610778443	0.695608782435	0.691616766467	0.790419161677	0.715568862275	0.688622754491	0.699600798403	0.751497005988
CF8	0.675648702595	0.64870259481	0.660678642715	0.630738522954	0.456087824351	0.494011976048	0.661676646707	0.797405189621	0.77245508982	0.688622754491	0.467065868263	0.0	0.647704590818	0.651696606786	0.636726546906	0.699600798403	0.792415169661	0.778443113772	0.865269461078	0.84630738523	0.733532934132	0.694610778443	0.680638722555	0.671656686627	0.601796407186	0.594810379242	0.683632734531	0.702594810379	0.731536926148	0.790419161677	0.771457085828	0.789421157685	0.808383233533	0.813373253493	0.842315369261	0.836327345309	0.837325349301	0.84630738523	0.847305389222	0.844311377246	0.840319361277	0.825349301397	0.832335329341	0.849301397206	0.850299401198	0.809381237525	0.811377245509	0.699600798403	0.688622754491	0.670658682635	0.679640718563	0.679640718563	0.658682634731	0.697604790419	0.702594810379	0.692614770459	0.697604790419	0.673652694611	0.718562874251	0.674650698603	0.673652694611	0.690618762475	0.689620758483	0.937125748503	0.938123752495	0.902195608782	0.723552894212	0.929141716567	0.926147704591	0.746506986028	0.924151696607	0.849301397206	0.931137724551	0.763473053892	0.905189620758	0.968063872255	0.924151696607	0.702594810379	0.708582834331	0.743512974052	0.848303393214	0.830339321357	0.704590818363	0.718562874251	0.708582834331	0.708582834331	0.789421157685	0.719560878244	0.716566866267	0.719560878244	0.771457085828
CG7	0.582834331337	0.573852295409	0.51497005988	0.454091816367	0.673652694611	0.615768463074	0.567864271457	0.639720558882	0.61377245509	0.577844311377	0.654690618762	0.647704590818	0.0	0.488023952096	0.580838323353	0.579840319361	0.860279441118	0.837325349301	0.864271457086	0.838323353293	0.703592814371	0.702594810379	0.855289421158	0.840319361277	0.740518962076	0.779441117764	0.790419161677	0.790419161677	0.721556886228	0.761477045908	0.830339321357	0.845309381238	0.670658682635	0.673652694611	0.669660678643	0.687624750499	0.646706586826	0.697604790419	0.714570858283	0.702594810379	0.701596806387	0.680638722555	0.63373253493	0.703592814371	0.666666666667	0.656686626747	0.672654690619	0.711576846307	0.661676646707	0.723552894212	0.718562874251	0.641716566866	0.708582834331	0.64371257485	0.698602794411	0.631736526946	0.597804391218	0.647704590818	0.64870259481	0.72255489022	0.714570858283	0.712574850299	0.710578842315	0.888223552894	0.888223552894	0.885229540918	0.723552894212	0.87624750499	0.89121756487	0.73253493014	0.908183632735	0.854291417166	0.890219560878	0.733532934132	0.867265469062	0.919161676647	0.867265469062	0.768463073852	0.745508982036	0.782435129741	0.685628742515	0.652694610778	0.629740518962	0.652694610778	0.630738522954	0.629740518962	0.796407185629	0.783433133733	0.733532934132	0.75748502994	0.812375249501
CG8	0.63872255489	0.612774451098	0.409181636727	0.50998003992	0.671656686627	0.626746506986	0.616766467066	0.670658682635	0.641716566866	0.63872255489	0.641716566866	0.651696606786	0.488023952096	0.0	0.621756487026	0.64870259481	0.836327345309	0.821357285429	0.855289421158	0.823353293413	0.736526946108	0.702594810379	0.806387225549	0.787425149701	0.685628742515	0.716566866267	0.733532934132	0.729540918164	0.715568862275	0.751497005988	0.783433133733	0.802395209581	0.716566866267	0.713572854291	0.672654690619	0.712574850299	0.656686626747	0.710578842315	0.717564870259	0.715568862275	0.715568862275	0.708582834331	0.645708582834	0.714570858283	0.669660678643	0.702594810379	0.713572854291	0.743512974052	0.696606786427	0.759481037924	0.75748502994	0.664670658683	0.739520958084	0.664670658683	0.72255489022	0.666666666667	0.63373253493	0.675648702595	0.679640718563	0.75249500998	0.74251497006	0.7375249501	0.744510978044	0.887225548902	0.819361277445	0.883233532934	0.744510978044	0.806387225549	0.885229540918	0.74251497006	0.899201596806	0.826347305389	0.884231536926	0.739520958084	0.869261477046	0.847305389222	0.864271457086	0.810379241517	0.77245508982	0.844311377246	0.690618762475	0.680638722555	0.683632734531	0.706586826347	0.691616766467	0.689620758483	0.85628742515	0.833333333333	0.789421157685	0.814371257485	0.860279441118
CH7	0.379241516966	0.283433133733	0.640718562874	0.499001996008	0.640718562874	0.570858283433	0.350299401198	0.476047904192	0.449101796407	0.390219560878	0.606786427146	0.636726546906	0.580838323353	0.621756487026	0.0	0.379241516966	0.862275449102	0.854291417166	0.905189620758	0.887225548902	0.7375249501	0.712574850299	0.874251497006	0.86626746507	0.744510978044	0.802395209581	0.787425149701	0.779441117764	0.753493013972	0.821357285429	0.847305389222	0.852295409182	0.516966067864	0.541916167665	0.587824351297	0.535928143713	0.632734530938	0.594810379242	0.594810379242	0.554890219561	0.63872255489	0.569860279441	0.639720558882	0.550898203593	0.585828343313	0.506986027944	0.545908183633	0.694610778443	0.671656686627	0.659680638723	0.662674650699	0.606786427146	0.645708582834	0.621756487026	0.674650698603	0.601796407186	0.537924151697	0.596806387226	0.655688622754	0.657684630739	0.667664670659	0.709580838323	0.672654690619	0.935129740519	0.944111776447	0.897205588822	0.690618762475	0.928143712575	0.915169660679	0.735528942116	0.909181636727	0.88123752495	0.918163672655	0.754491017964	0.899201596806	0.959081836327	0.928143712575	0.673652694611	0.720558882236	0.687624750499	0.630738522954	0.632734530938	0.545908183633	0.559880239521	0.520958083832	0.477045908184	0.769461077844	0.679640718563	0.637724550898	0.659680638723	0.705588822355
CH8	0.288423153693	0.365269461078	0.663672654691	0.522954091816	0.712574850299	0.651696606786	0.385229540918	0.400199600798	0.38622754491	0.429141716567	0.671656686627	0.699600798403	0.579840319361	0.64870259481	0.379241516966	0.0	0.909181636727	0.910179640719	0.922155688623	0.90119760479	0.750499001996	0.764471057884	0.939121756487	0.926147704591	0.818363273453	0.859281437126	0.839321357285	0.85129740519	0.813373253493	0.850299401198	0.872255489022	0.883233532934	0.51996007984	0.544910179641	0.580838323353	0.488023952096	0.622754491018	0.590818363273	0.60379241517	0.552894211577	0.640718562874	0.566866267465	0.63373253493	0.547904191617	0.577844311377	0.48502994012	0.544910179641	0.710578842315	0.696606786427	0.677644710579	0.686626746507	0.617764471058	0.668662674651	0.64870259481	0.703592814371	0.632734530938	0.564870259481	0.606786427146	0.671656686627	0.683632734531	0.678642714571	0.720558882236	0.692614770459	0.931137724551	0.947105788423	0.897205588822	0.708582834331	0.932135728543	0.924151696607	0.738522954092	0.916167664671	0.884231536926	0.916167664671	0.755489021956	0.895209580838	0.964071856287	0.926147704591	0.710578842315	0.736526946108	0.721556886228	0.645708582834	0.632734530938	0.582834331337	0.606786427146	0.557884231537	0.526946107784	0.775449101796	0.725548902196	0.678642714571	0.690618762475	0.7375249501
CA1	0.905189620758	0.86127744511	0.824351297405	0.865269461078	0.798403193613	0.803393213573	0.880239520958	0.925149700599	0.917165668663	0.873253493014	0.796407185629	0.792415169661	0.860279441118	0.836327345309	0.862275449102	0.909181636727	0.0	0.343313373253	0.5	0.49500998004	0.841317365269	0.731536926148	0.765469061876	0.738522954092	0.72754491018	0.720558882236	0.502994011976	0.51996007984	0.4750499002	0.459081836327	0.457085828343	0.422155688623	0.959081836327	0.954091816367	0.954091816367	0.955089820359	0.956087824351	0.954091816367	0.956087824351	0.954091816367	0.956087824351	0.956087824351	0.955089820359	0.956087824351	0.955089820359	0.953093812375	0.956087824351	0.917165668663	0.921157684631	0.912175648703	0.921157684631	0.919161676647	0.922155688623	0.916167664671	0.897205588822	0.90618762475	0.915169660679	0.922155688623	0.917165668663	0.925149700599	0.922155688623	0.916167664671	0.923153692615	0.943113772455	0.950099800399	0.925149700599	0.934131736527	0.942115768463	0.937125748503	0.933133732535	0.924151696607	0.910179640719	0.925149700599	0.930139720559	0.925149700599	0.965069860279	0.941117764471	0.910179640719	0.911177644711	0.924151696607	0.941117764471	0.931137724551	0.930139720559	0.928143712575	0.923153692615	0.922155688623	0.933133732535	0.910179640719	0.912175648703	0.922155688623	0.922155688623
CA2	0.899201596806	0.86127744511	0.814371257485	0.84630738523	0.784431137725	0.787425149701	0.879241516966	0.920159680639	0.911177644711	0.87624750499	0.786427145709	0.778443113772	0.837325349301	0.821357285429	0.854291417166	0.910179640719	0.343313373253	0.0	0.498003992016	0.474051896208	0.842315369261	0.723552894212	0.748502994012	0.72754491018	0.695608782435	0.694610778443	0.488023952096	0.502994011976	0.465069860279	0.449101796407	0.446107784431	0.421157684631	0.959081836327	0.955089820359	0.956087824351	0.956087824351	0.956087824351	0.952095808383	0.959081836327	0.956087824351	0.956087824351	0.953093812375	0.956087824351	0.954091816367	0.955089820359	0.954091816367	0.955089820359	0.922155688623	0.918163672655	0.910179640719	0.924151696607	0.922155688623	0.917165668663	0.908183632735	0.90119760479	0.908183632735	0.911177644711	0.923153692615	0.920159680639	0.918163672655	0.921157684631	0.913173652695	0.917165668663	0.934131736527	0.938123752495	0.938123752495	0.925149700599	0.927145708583	0.932135728543	0.923153692615	0.927145708583	0.908183632735	0.930139720559	0.922155688623	0.936127744511	0.959081836327	0.930139720559	0.918163672655	0.917165668663	0.927145708583	0.938123752495	0.929141716567	0.927145708583	0.926147704591	0.924151696607	0.918163672655	0.938123752495	0.920159680639	0.920159680639	0.930139720559	0.929141716567
CB1	0.918163672655	0.911177644711	0.85129740519	0.864271457086	0.869261477046	0.865269461078	0.899201596806	0.936127744511	0.920159680639	0.917165668663	0.868263473054	0.865269461078	0.864271457086	0.855289421158	0.905189620758	0.922155688623	0.5	0.498003992016	0.0	0.284431137725	0.87624750499	0.75748502994	0.827345309381	0.809381237525	0.787425149701	0.805389221557	0.569860279441	0.575848303393	0.494011976048	0.405189620758	0.448103792415	0.448103792415	0.971057884232	0.965069860279	0.939121756487	0.954091816367	0.941117764471	0.958083832335	0.967065868263	0.964071856287	0.97005988024	0.965069860279	0.938123752495	0.965069860279	0.939121756487	0.960079840319	0.966067864271	0.927145708583	0.927145708583	0.933133732535	0.925149700599	0.929141716567	0.932135728543	0.940119760479	0.939121756487	0.940119760479	0.929141716567	0.931137724551	0.940119760479	0.927145708583	0.936127744511	0.928143712575	0.923153692615	0.935129740519	0.928143712575	0.946107784431	0.931137724551	0.921157684631	0.942115768463	0.925149700599	0.942115768463	0.916167664671	0.941117764471	0.935129740519	0.951097804391	0.957085828343	0.925149700599	0.971057884232	0.930139720559	0.9750499002	0.933133732535	0.928143712575	0.951097804391	0.962075848303	0.957085828343	0.957085828343	0.968063872255	0.971057884232	0.967065868263	0.973053892216	0.973053892216
CB2	0.894211576846	0.889221556886	0.822355289421	0.834331337325	0.847305389222	0.835329341317	0.892215568862	0.914171656687	0.903193612774	0.89620758483	0.849301397206	0.84630738523	0.838323353293	0.823353293413	0.887225548902	0.90119760479	0.49500998004	0.474051896208	0.284431137725	0.0	0.854291417166	0.720558882236	0.826347305389	0.791417165669	0.765469061876	0.779441117764	0.537924151697	0.551896207585	0.465069860279	0.369261477046	0.412175648703	0.419161676647	0.957085828343	0.953093812375	0.918163672655	0.943113772455	0.920159680639	0.942115768463	0.953093812375	0.949101796407	0.956087824351	0.953093812375	0.920159680639	0.953093812375	0.921157684631	0.946107784431	0.954091816367	0.893213572854	0.890219560878	0.90119760479	0.897205588822	0.903193612774	0.902195608782	0.909181636727	0.908183632735	0.910179640719	0.902195608782	0.90618762475	0.90618762475	0.895209580838	0.907185628743	0.890219560878	0.888223552894	0.918163672655	0.922155688623	0.931137724551	0.908183632735	0.912175648703	0.917165668663	0.904191616766	0.923153692615	0.884231536926	0.921157684631	0.905189620758	0.928143712575	0.950099800399	0.912175648703	0.944111776447	0.90119760479	0.946107784431	0.917165668663	0.907185628743	0.931137724551	0.940119760479	0.939121756487	0.935129740519	0.943113772455	0.944111776447	0.943113772455	0.948103792415	0.949101796407
CC1	0.750499001996	0.736526946108	0.77744510978	0.703592814371	0.746506986028	0.718562874251	0.738522954092	0.775449101796	0.74750499002	0.7375249501	0.733532934132	0.733532934132	0.703592814371	0.736526946108	0.7375249501	0.750499001996	0.841317365269	0.842315369261	0.87624750499	0.854291417166	0.0	0.454091816367	0.882235528942	0.874251497006	0.781437125749	0.795409181637	0.776447105788	0.744510978044	0.74750499002	0.798403193613	0.820359281437	0.827345309381	0.779441117764	0.77744510978	0.77744510978	0.792415169661	0.775449101796	0.806387225549	0.819361277445	0.810379241517	0.811377245509	0.791417165669	0.755489021956	0.815369261477	0.784431137725	0.7624750499	0.781437125749	0.703592814371	0.726546906188	0.73253493014	0.725548902196	0.72754491018	0.720558882236	0.717564870259	0.704590818363	0.707584830339	0.741516966068	0.736526946108	0.728542914172	0.725548902196	0.743512974052	0.708582834331	0.730538922156	0.865269461078	0.840319361277	0.787425149701	0.684630738523	0.819361277445	0.836327345309	0.699600798403	0.814371257485	0.741516966068	0.817365269461	0.686626746507	0.782435129741	0.862275449102	0.858283433134	0.685628742515	0.716566866267	0.7624750499	0.792415169661	0.760479041916	0.733532934132	0.728542914172	0.75748502994	0.740518962076	0.812375249501	0.711576846307	0.74251497006	0.745508982036	0.781437125749
CC2	0.753493013972	0.724550898204	0.736526946108	0.689620758483	0.712574850299	0.673652694611	0.7375249501	0.784431137725	0.750499001996	0.7375249501	0.692614770459	0.694610778443	0.702594810379	0.702594810379	0.712574850299	0.764471057884	0.731536926148	0.723552894212	0.75748502994	0.720558882236	0.454091816367	0.0	0.808383233533	0.771457085828	0.691616766467	0.696606786427	0.606786427146	0.577844311377	0.636726546906	0.672654690619	0.682634730539	0.690618762475	0.807385229541	0.800399201597	0.794411177645	0.811377245509	0.794411177645	0.826347305389	0.838323353293	0.830339321357	0.833333333333	0.815369261477	0.779441117764	0.831337325349	0.799401197605	0.796407185629	0.800399201597	0.694610778443	0.720558882236	0.728542914172	0.729540918164	0.725548902196	0.716566866267	0.717564870259	0.697604790419	0.702594810379	0.730538922156	0.738522954092	0.733532934132	0.719560878244	0.730538922156	0.698602794411	0.721556886228	0.872255489022	0.844311377246	0.804391217565	0.709580838323	0.829341317365	0.847305389222	0.721556886228	0.826347305389	0.750499001996	0.833333333333	0.702594810379	0.797405189621	0.86626746507	0.855289421158	0.708582834331	0.704590818363	0.770459081836	0.798403193613	0.779441117764	0.75249500998	0.751497005988	0.771457085828	0.750499001996	0.823353293413	0.731536926148	0.760479041916	0.764471057884	0.794411177645
CD1	0.937125748503	0.894211576846	0.784431137725	0.854291417166	0.644710578842	0.765469061876	0.902195608782	0.968063872255	0.958083832335	0.915169660679	0.730538922156	0.680638722555	0.855289421158	0.806387225549	0.874251497006	0.939121756487	0.765469061876	0.748502994012	0.827345309381	0.826347305389	0.882235528942	0.808383233533	0.0	0.399201596806	0.585828343313	0.49001996008	0.721556886228	0.750499001996	0.800399201597	0.806387225549	0.809381237525	0.799401197605	0.99001996008	0.989021956088	0.988023952096	0.989021956088	0.988023952096	0.987025948104	0.989021956088	0.989021956088	0.99001996008	0.986027944112	0.988023952096	0.989021956088	0.988023952096	0.988023952096	0.989021956088	0.952095808383	0.949101796407	0.952095808383	0.953093812375	0.952095808383	0.950099800399	0.951097804391	0.948103792415	0.950099800399	0.950099800399	0.951097804391	0.948103792415	0.952095808383	0.952095808383	0.950099800399	0.947105788423	0.97005988024	0.960079840319	0.98003992016	0.978043912176	0.962075848303	0.984031936128	0.969061876248	0.981037924152	0.950099800399	0.984031936128	0.977045908184	0.981037924152	0.988023952096	0.967065868263	0.98003992016	0.951097804391	0.986027944112	0.963073852295	0.97005988024	0.976047904192	0.98003992016	0.976047904192	0.9750499002	0.98502994012	0.983033932136	0.977045908184	0.983033932136	0.984031936128
CD2	0.927145708583	0.882235528942	0.76746506986	0.841317365269	0.642714570858	0.750499001996	0.890219560878	0.955089820359	0.943113772455	0.902195608782	0.721556886228	0.671656686627	0.840319361277	0.787425149701	0.86626746507	0.926147704591	0.738522954092	0.72754491018	0.809381237525	0.791417165669	0.874251497006	0.771457085828	0.399201596806	0.0	0.562874251497	0.48003992016	0.683632734531	0.712574850299	0.773453093812	0.781437125749	0.778443113772	0.77744510978	0.98003992016	0.978043912176	0.976047904192	0.978043912176	0.976047904192	0.977045908184	0.978043912176	0.977045908184	0.978043912176	0.976047904192	0.977045908184	0.977045908184	0.978043912176	0.977045908184	0.978043912176	0.931137724551	0.935129740519	0.929141716567	0.931137724551	0.933133732535	0.930139720559	0.929141716567	0.927145708583	0.932135728543	0.929141716567	0.933133732535	0.932135728543	0.929141716567	0.934131736527	0.931137724551	0.934131736527	0.963073852295	0.959081836327	0.973053892216	0.964071856287	0.954091816367	0.9750499002	0.960079840319	0.972055888224	0.933133732535	0.973053892216	0.961077844311	0.973053892216	0.988023952096	0.954091816367	0.966067864271	0.934131736527	0.968063872255	0.952095808383	0.959081836327	0.963073852295	0.965069860279	0.964071856287	0.960079840319	0.971057884232	0.97005988024	0.966067864271	0.968063872255	0.97005988024
CE1	0.799401197605	0.761477045908	0.667664670659	0.739520958084	0.59880239521	0.631736526946	0.769461077844	0.819361277445	0.812375249501	0.780439121756	0.619760479042	0.601796407186	0.740518962076	0.685628742515	0.744510978044	0.818363273453	0.72754491018	0.695608782435	0.787425149701	0.765469061876	0.781437125749	0.691616766467	0.585828343313	0.562874251497	0.0	0.424151696607	0.645708582834	0.658682634731	0.671656686627	0.720558882236	0.718562874251	0.735528942116	0.879241516966	0.874251497006	0.87125748503	0.87125748503	0.874251497006	0.873253493014	0.87624750499	0.873253493014	0.878243512974	0.87624750499	0.873253493014	0.87624750499	0.873253493014	0.87125748503	0.877245508982	0.750499001996	0.749500998004	0.780439121756	0.789421157685	0.744510978044	0.759481037924	0.768463073852	0.74251497006	0.75249500998	0.766467065868	0.744510978044	0.74750499002	0.785429141717	0.758483033932	0.768463073852	0.800399201597	0.945109780439	0.931137724551	0.903193612774	0.870259481038	0.925149700599	0.942115768463	0.884231536926	0.939121756487	0.816367265469	0.952095808383	0.875249500998	0.90119760479	0.962075848303	0.941117764471	0.862275449102	0.779441117764	0.888223552894	0.820359281437	0.821357285429	0.835329341317	0.839321357285	0.834331337325	0.828343313373	0.909181636727	0.868263473054	0.840319361277	0.858283433134	0.900199600798
CE2	0.854291417166	0.808383233533	0.694610778443	0.780439121756	0.584830339321	0.678642714571	0.818363273453	0.880239520958	0.868263473054	0.821357285429	0.651696606786	0.594810379242	0.779441117764	0.716566866267	0.802395209581	0.859281437126	0.720558882236	0.694610778443	0.805389221557	0.779441117764	0.795409181637	0.696606786427	0.49001996008	0.48003992016	0.424151696607	0.0	0.63373253493	0.657684630739	0.700598802395	0.729540918164	0.724550898204	0.736526946108	0.927145708583	0.920159680639	0.921157684631	0.921157684631	0.921157684631	0.921157684631	0.924151696607	0.921157684631	0.924151696607	0.920159680639	0.922155688623	0.924151696607	0.922155688623	0.920159680639	0.924151696607	0.816367265469	0.816367265469	0.817365269461	0.819361277445	0.811377245509	0.818363273453	0.825349301397	0.801397205589	0.811377245509	0.823353293413	0.818363273453	0.812375249501	0.814371257485	0.816367265469	0.819361277445	0.817365269461	0.953093812375	0.943113772455	0.910179640719	0.892215568862	0.933133732535	0.947105788423	0.893213572854	0.943113772455	0.843313373253	0.950099800399	0.887225548902	0.90618762475	0.969061876248	0.947105788423	0.89121756487	0.815369261477	0.899201596806	0.874251497006	0.880239520958	0.889221556886	0.888223552894	0.885229540918	0.884231536926	0.917165668663	0.890219560878	0.885229540918	0.89121756487	0.912175648703
CF1	0.832335329341	0.802395209581	0.75748502994	0.781437125749	0.703592814371	0.715568862275	0.798403193613	0.858283433134	0.840319361277	0.809381237525	0.696606786427	0.683632734531	0.790419161677	0.733532934132	0.787425149701	0.839321357285	0.502994011976	0.488023952096	0.569860279441	0.537924151697	0.776447105788	0.606786427146	0.721556886228	0.683632734531	0.645708582834	0.63373253493	0.0	0.325349301397	0.503992015968	0.486027944112	0.456087824351	0.463073852295	0.898203592814	0.89121756487	0.893213572854	0.893213572854	0.890219560878	0.893213572854	0.902195608782	0.89620758483	0.897205588822	0.890219560878	0.889221556886	0.90119760479	0.897205588822	0.890219560878	0.894211576846	0.804391217565	0.812375249501	0.802395209581	0.810379241517	0.806387225549	0.801397205589	0.804391217565	0.795409181637	0.800399201597	0.809381237525	0.812375249501	0.806387225549	0.805389221557	0.808383233533	0.806387225549	0.810379241517	0.931137724551	0.925149700599	0.916167664671	0.859281437126	0.917165668663	0.917165668663	0.853293413174	0.90119760479	0.84630738523	0.904191616766	0.857285429142	0.921157684631	0.950099800399	0.911177644711	0.85628742515	0.807385229541	0.859281437126	0.904191616766	0.887225548902	0.859281437126	0.86127744511	0.863273453094	0.857285429142	0.873253493014	0.862275449102	0.85628742515	0.860279441118	0.864271457086
CF2	0.839321357285	0.792415169661	0.761477045908	0.774451097804	0.724550898204	0.716566866267	0.811377245509	0.850299401198	0.840319361277	0.808383233533	0.709580838323	0.702594810379	0.790419161677	0.729540918164	0.779441117764	0.85129740519	0.51996007984	0.502994011976	0.575848303393	0.551896207585	0.744510978044	0.577844311377	0.750499001996	0.712574850299	0.658682634731	0.657684630739	0.325349301397	0.0	0.502994011976	0.505988023952	0.463073852295	0.47005988024	0.90119760479	0.895209580838	0.893213572854	0.895209580838	0.895209580838	0.892215568862	0.902195608782	0.89620758483	0.897205588822	0.893213572854	0.895209580838	0.897205588822	0.897205588822	0.890219560878	0.897205588822	0.791417165669	0.796407185629	0.789421157685	0.792415169661	0.785429141717	0.778443113772	0.796407185629	0.770459081836	0.773453093812	0.806387225549	0.789421157685	0.789421157685	0.794411177645	0.791417165669	0.785429141717	0.793413173653	0.921157684631	0.894211576846	0.898203592814	0.849301397206	0.888223552894	0.903193612774	0.84630738523	0.87624750499	0.804391217565	0.89121756487	0.840319361277	0.898203592814	0.927145708583	0.905189620758	0.838323353293	0.780439121756	0.85628742515	0.887225548902	0.86626746507	0.855289421158	0.844311377246	0.855289421158	0.853293413174	0.877245508982	0.847305389222	0.843313373253	0.853293413174	0.853293413174
CG1	0.807385229541	0.758483033932	0.72255489022	0.705588822355	0.729540918164	0.7375249501	0.768463073852	0.804391217565	0.788423153693	0.782435129741	0.744510978044	0.731536926148	0.721556886228	0.715568862275	0.753493013972	0.813373253493	0.4750499002	0.465069860279	0.494011976048	0.465069860279	0.74750499002	0.636726546906	0.800399201597	0.773453093812	0.671656686627	0.700598802395	0.503992015968	0.502994011976	0.0	0.372255489022	0.459081836327	0.462075848303	0.880239520958	0.87125748503	0.825349301397	0.867265469062	0.813373253493	0.864271457086	0.873253493014	0.872255489022	0.87624750499	0.87624750499	0.809381237525	0.869261477046	0.815369261477	0.87125748503	0.87624750499	0.808383233533	0.784431137725	0.817365269461	0.814371257485	0.811377245509	0.814371257485	0.822355289421	0.818363273453	0.820359281437	0.817365269461	0.813373253493	0.814371257485	0.807385229541	0.818363273453	0.793413173653	0.796407185629	0.893213572854	0.893213572854	0.869261477046	0.798403193613	0.884231536926	0.87624750499	0.811377245509	0.883233532934	0.86127744511	0.879241516966	0.802395209581	0.853293413174	0.90618762475	0.885229540918	0.843313373253	0.819361277445	0.845309381238	0.838323353293	0.805389221557	0.816367265469	0.831337325349	0.822355289421	0.825349301397	0.85628742515	0.837325349301	0.832335329341	0.831337325349	0.865269461078
