	CA7	CA8	CB7	CB8	CC7	CC8	CD7	CD8	CE7	CE8	CF7	CF8	CG7	CG8	CH7	CH8	CA1	CA2	CB1	CB2	CC1	CC2	CD1	CD2	CE1	CE2	CF1	CF2	CG1	CG2	CH1	CH2	CA5	CA6	CB5	CB6	CC5	CC6	CD6	CE5	CE6	CF5	CF6	CG5	CG6	CH5	CH6	CA11	CA12	CB11	CB12	CC11	CC12	CD11	CD12	CE11	CE12	CF11	CF12	CG11	CG12	CH11	CH12	CA3	CA4	CB3	CB4	CC4	CD3	CD4	CE4	CF3	CF4	CG3	CG4	CH3	CH4	CA9	CA10	CB9	CC9	CC10	CD9	CD10	CE9	CE10	CF9	CG9	CG10	CH9	CH10
CA7	0.0	0.382235528942	0.63872255489	0.534930139721	0.695608782435	0.645708582834	0.433133732535	0.427145708583	0.440119760479	0.428143712575	0.670658682635	0.670658682635	0.588822355289	0.617764471058	0.39121756487	0.319361277445	0.925149700599	0.893213572854	0.917165668663	0.909181636727	0.72255489022	0.755489021956	0.927145708583	0.911177644711	0.791417165669	0.885229540918	0.847305389222	0.812375249501	0.816367265469	0.847305389222	0.845309381238	0.882235528942	0.557884231537	0.537924151697	0.551896207585	0.486027944112	0.622754491018	0.547904191617	0.59381237525	0.580838323353	0.600798403194	0.573852295409	0.602794411178	0.532934131737	0.542914171657	0.500998003992	0.559880239521	0.72754491018	0.679640718563	0.688622754491	0.720558882236	0.620758483034	0.676646706587	0.63373253493	0.695608782435	0.612774451098	0.560878243513	0.62375249501	0.647704590818	0.701596806387	0.695608782435	0.717564870259	0.719560878244	0.930139720559	0.931137724551	0.885229540918	0.741516966068	0.931137724551	0.912175648703	0.744510978044	0.916167664671	0.888223552894	0.924151696607	0.75249500998	0.898203592814	0.961077844311	0.933133732535	0.748502994012	0.721556886228	0.72754491018	0.627744510978	0.625748502994	0.586826347305	0.627744510978	0.573852295409	0.564870259481	0.775449101796	0.74251497006	0.720558882236	0.72255489022	0.7624750499
CA8	0.382235528942	0.0	0.625748502994	0.515968063872	0.632734530938	0.589820359281	0.390219560878	0.451097804391	0.464071856287	0.400199600798	0.616766467066	0.616766467066	0.579840319361	0.605788423154	0.311377245509	0.348303393214	0.879241516966	0.84630738523	0.916167664671	0.908183632735	0.711576846307	0.7375249501	0.887225548902	0.87624750499	0.745508982036	0.841317365269	0.814371257485	0.779441117764	0.778443113772	0.820359281437	0.830339321357	0.844311377246	0.556886227545	0.536926147705	0.564870259481	0.5249500998	0.631736526946	0.558882235529	0.595808383234	0.575848303393	0.60878243513	0.568862275449	0.616766467066	0.538922155689	0.546906187625	0.503992015968	0.556886227545	0.723552894212	0.682634730539	0.655688622754	0.672654690619	0.602794411178	0.627744510978	0.619760479042	0.674650698603	0.597804391218	0.545908183633	0.609780439122	0.654690618762	0.658682634731	0.668662674651	0.714570858283	0.671656686627	0.940119760479	0.943113772455	0.883233532934	0.697604790419	0.936127744511	0.911177644711	0.714570858283	0.908183632735	0.88622754491	0.919161676647	0.744510978044	0.89620758483	0.963073852295	0.938123752495	0.692614770459	0.703592814371	0.672654690619	0.62874251497	0.626746506986	0.523952095808	0.551896207585	0.520958083832	0.508982035928	0.765469061876	0.675648702595	0.656686626747	0.668662674651	0.714570858283
CB7	0.63872255489	0.625748502994	0.0	0.533932135729	0.665668662675	0.654690618762	0.641716566866	0.675648702595	0.664670658683	0.656686626747	0.664670658683	0.654690618762	0.546906187625	0.425149700599	0.64371257485	0.639720558882	0.833333333333	0.810379241517	0.872255489022	0.847305389222	0.739520958084	0.724550898204	0.801397205589	0.778443113772	0.655688622754	0.740518962076	0.7624750499	0.733532934132	0.716566866267	0.761477045908	0.801397205589	0.796407185629	0.728542914172	0.723552894212	0.680638722555	0.72255489022	0.677644710579	0.712574850299	0.72754491018	0.725548902196	0.726546906188	0.728542914172	0.640718562874	0.72255489022	0.677644710579	0.725548902196	0.731536926148	0.75249500998	0.707584830339	0.763473053892	0.776447105788	0.681636726547	0.734530938124	0.686626746507	0.734530938124	0.677644710579	0.630738522954	0.702594810379	0.713572854291	0.766467065868	0.763473053892	0.738522954092	0.756487025948	0.895209580838	0.804391217565	0.880239520958	0.759481037924	0.812375249501	0.882235528942	0.775449101796	0.898203592814	0.815369261477	0.893213572854	0.733532934132	0.885229540918	0.844311377246	0.88622754491	0.855289421158	0.783433133733	0.85129740519	0.698602794411	0.664670658683	0.701596806387	0.73253493014	0.706586826347	0.697604790419	0.897205588822	0.85628742515	0.833333333333	0.843313373253	0.882235528942
CB8	0.534930139721	0.515968063872	0.533932135729	0.0	0.604790419162	0.585828343313	0.521956087824	0.601796407186	0.619760479042	0.536926147705	0.60878243513	0.601796407186	0.434131736527	0.493013972056	0.525948103792	0.513972055888	0.852295409182	0.833333333333	0.887225548902	0.863273453094	0.662674650699	0.690618762475	0.838323353293	0.825349301397	0.712574850299	0.805389221557	0.785429141717	0.75748502994	0.723552894212	0.76746506986	0.810379241517	0.820359281437	0.637724550898	0.641716566866	0.622754491018	0.668662674651	0.612774451098	0.644710578842	0.680638722555	0.678642714571	0.684630738523	0.672654690619	0.615768463074	0.671656686627	0.612774451098	0.651696606786	0.658682634731	0.698602794411	0.649700598802	0.686626746507	0.684630738523	0.602794411178	0.668662674651	0.627744510978	0.671656686627	0.609780439122	0.553892215569	0.631736526946	0.644710578842	0.703592814371	0.694610778443	0.685628742515	0.677644710579	0.899201596806	0.900199600798	0.883233532934	0.719560878244	0.897205588822	0.884231536926	0.72255489022	0.904191616766	0.854291417166	0.904191616766	0.723552894212	0.88622754491	0.931137724551	0.904191616766	0.755489021956	0.718562874251	0.749500998004	0.646706586826	0.617764471058	0.591816367265	0.625748502994	0.584830339321	0.581836327345	0.788423153693	0.74750499002	0.716566866267	0.743512974052	0.775449101796
CC7	0.695608782435	0.632734530938	0.665668662675	0.604790419162	0.0	0.508982035928	0.652694610778	0.768463073852	0.783433133733	0.690618762475	0.489021956088	0.426147704591	0.627744510978	0.660678642715	0.64371257485	0.675648702595	0.783433133733	0.787425149701	0.882235528942	0.873253493014	0.717564870259	0.697604790419	0.673652694611	0.656686626747	0.60878243513	0.625748502994	0.728542914172	0.696606786427	0.744510978044	0.801397205589	0.788423153693	0.793413173653	0.795409181637	0.809381237525	0.827345309381	0.833333333333	0.819361277445	0.813373253493	0.843313373253	0.838323353293	0.844311377246	0.829341317365	0.820359281437	0.830339321357	0.815369261477	0.814371257485	0.814371257485	0.710578842315	0.684630738523	0.676646706587	0.690618762475	0.666666666667	0.666666666667	0.703592814371	0.696606786427	0.682634730539	0.692614770459	0.671656686627	0.691616766467	0.684630738523	0.665668662675	0.706586826347	0.686626746507	0.938123752495	0.936127744511	0.905189620758	0.745508982036	0.941117764471	0.920159680639	0.744510978044	0.920159680639	0.860279441118	0.928143712575	0.764471057884	0.912175648703	0.979041916168	0.943113772455	0.735528942116	0.696606786427	0.731536926148	0.841317365269	0.802395209581	0.711576846307	0.708582834331	0.719560878244	0.716566866267	0.792415169661	0.725548902196	0.716566866267	0.724550898204	0.7624750499
CC8	0.645708582834	0.589820359281	0.654690618762	0.585828343313	0.508982035928	0.0	0.619760479042	0.728542914172	0.736526946108	0.644710578842	0.462075848303	0.462075848303	0.588822355289	0.644710578842	0.59880239521	0.63872255489	0.795409181637	0.794411177645	0.88622754491	0.864271457086	0.693612774451	0.686626746507	0.741516966068	0.734530938124	0.61876247505	0.684630738523	0.73253493014	0.702594810379	0.74750499002	0.801397205589	0.803393213573	0.795409181637	0.7624750499	0.76746506986	0.788423153693	0.788423153693	0.77744510978	0.770459081836	0.800399201597	0.798403193613	0.801397205589	0.796407185629	0.782435129741	0.789421157685	0.774451097804	0.768463073852	0.776447105788	0.708582834331	0.673652694611	0.677644710579	0.703592814371	0.640718562874	0.647704590818	0.674650698603	0.671656686627	0.659680638723	0.658682634731	0.646706586826	0.670658682635	0.682634730539	0.672654690619	0.708582834331	0.703592814371	0.924151696607	0.922155688623	0.88622754491	0.719560878244	0.914171656687	0.909181636727	0.720558882236	0.904191616766	0.870259481038	0.913173652695	0.738522954092	0.893213572854	0.957085828343	0.929141716567	0.709580838323	0.705588822355	0.715568862275	0.793413173653	0.759481037924	0.655688622754	0.664670658683	0.665668662675	0.658682634731	0.782435129741	0.706586826347	0.694610778443	0.707584830339	0.75249500998
CD7	0.433133732535	0.390219560878	0.641716566866	0.521956087824	0.652694610778	0.619760479042	0.0	0.453093812375	0.462075848303	0.329341317365	0.64870259481	0.63872255489	0.586826347305	0.619760479042	0.399201596806	0.428143712575	0.879241516966	0.86626746507	0.921157684631	0.907185628743	0.719560878244	0.755489021956	0.892215568862	0.88123752495	0.765469061876	0.853293413174	0.825349301397	0.795409181637	0.790419161677	0.838323353293	0.834331337325	0.86127744511	0.547904191617	0.533932135729	0.568862275449	0.549900199601	0.635728542914	0.560878243513	0.589820359281	0.576846307385	0.60379241517	0.567864271457	0.620758483034	0.548902195609	0.547904191617	0.528942115768	0.558882235529	0.701596806387	0.641716566866	0.654690618762	0.676646706587	0.573852295409	0.631736526946	0.602794411178	0.672654690619	0.596806387226	0.544910179641	0.597804391218	0.615768463074	0.667664670659	0.65369261477	0.687624750499	0.670658682635	0.952095808383	0.960079840319	0.90618762475	0.753493013972	0.952095808383	0.920159680639	0.760479041916	0.919161676647	0.898203592814	0.926147704591	0.768463073852	0.914171656687	0.979041916168	0.952095808383	0.740518962076	0.706586826347	0.667664670659	0.590818363273	0.588822355289	0.525948103792	0.555888223553	0.502994011976	0.497005988024	0.74251497006	0.719560878244	0.668662674651	0.659680638723	0.726546906188
CD8	0.427145708583	0.451097804391	0.675648702595	0.601796407186	0.768463073852	0.728542914172	0.453093812375	0.0	0.34630738523	0.441117764471	0.759481037924	0.751497005988	0.652694610778	0.649700598802	0.457085828343	0.398203592814	0.931137724551	0.905189620758	0.940119760479	0.926147704591	0.736526946108	0.768463073852	0.951097804391	0.946107784431	0.805389221557	0.905189620758	0.870259481038	0.832335329341	0.813373253493	0.854291417166	0.855289421158	0.894211576846	0.565868263473	0.541916167665	0.540918163673	0.473053892216	0.627744510978	0.553892215569	0.583832335329	0.568862275449	0.59381237525	0.555888223553	0.60379241517	0.522954091816	0.534930139721	0.503992015968	0.564870259481	0.735528942116	0.706586826347	0.728542914172	0.756487025948	0.647704590818	0.697604790419	0.634730538922	0.672654690619	0.632734530938	0.570858283433	0.661676646707	0.672654690619	0.739520958084	0.712574850299	0.724550898204	0.734530938124	0.918163672655	0.917165668663	0.86127744511	0.778443113772	0.920159680639	0.888223552894	0.783433133733	0.887225548902	0.853293413174	0.89620758483	0.789421157685	0.86626746507	0.933133732535	0.918163672655	0.786427145709	0.745508982036	0.753493013972	0.585828343313	0.583832335329	0.604790419162	0.630738522954	0.605788423154	0.578842315369	0.818363273453	0.775449101796	0.740518962076	0.75249500998	0.792415169661
CE7	0.440119760479	0.464071856287	0.664670658683	0.619760479042	0.783433133733	0.736526946108	0.462075848303	0.34630738523	0.0	0.451097804391	0.754491017964	0.763473053892	0.675648702595	0.639720558882	0.479041916168	0.416167664671	0.922155688623	0.904191616766	0.937125748503	0.921157684631	0.739520958084	0.768463073852	0.952095808383	0.941117764471	0.808383233533	0.895209580838	0.860279441118	0.849301397206	0.811377245509	0.844311377246	0.849301397206	0.895209580838	0.579840319361	0.550898203593	0.555888223553	0.474051896208	0.631736526946	0.564870259481	0.580838323353	0.565868263473	0.591816367265	0.558882235529	0.614770459082	0.530938123752	0.542914171657	0.513972055888	0.572854291417	0.739520958084	0.712574850299	0.731536926148	0.760479041916	0.652694610778	0.702594810379	0.642714570858	0.704590818363	0.647704590818	0.592814371257	0.675648702595	0.686626746507	0.744510978044	0.736526946108	0.731536926148	0.75249500998	0.899201596806	0.904191616766	0.848303393214	0.782435129741	0.905189620758	0.880239520958	0.793413173653	0.869261477046	0.855289421158	0.88123752495	0.792415169661	0.852295409182	0.922155688623	0.903193612774	0.801397205589	0.760479041916	0.768463073852	0.566866267465	0.573852295409	0.617764471058	0.642714570858	0.61377245509	0.591816367265	0.827345309381	0.785429141717	0.745508982036	0.75748502994	0.804391217565
CE8	0.428143712575	0.400199600798	0.656686626747	0.536926147705	0.690618762475	0.644710578842	0.329341317365	0.441117764471	0.451097804391	0.0	0.673652694611	0.663672654691	0.587824351297	0.62375249501	0.403193612774	0.427145708583	0.894211576846	0.87125748503	0.925149700599	0.918163672655	0.721556886228	0.756487025948	0.916167664671	0.902195608782	0.775449101796	0.869261477046	0.833333333333	0.800399201597	0.798403193613	0.841317365269	0.845309381238	0.859281437126	0.556886227545	0.534930139721	0.564870259481	0.535928143713	0.631736526946	0.554890219561	0.589820359281	0.573852295409	0.60379241517	0.567864271457	0.616766467066	0.538922155689	0.549900199601	0.51497005988	0.552894211577	0.690618762475	0.64870259481	0.671656686627	0.694610778443	0.589820359281	0.640718562874	0.586826347305	0.662674650699	0.585828343313	0.534930139721	0.60379241517	0.626746506986	0.677644710579	0.663672654691	0.678642714571	0.679640718563	0.938123752495	0.946107784431	0.89620758483	0.751497005988	0.940119760479	0.905189620758	0.761477045908	0.909181636727	0.89121756487	0.913173652695	0.759481037924	0.900199600798	0.968063872255	0.936127744511	0.739520958084	0.704590818363	0.681636726547	0.585828343313	0.590818363273	0.538922155689	0.574850299401	0.523952095808	0.506986027944	0.744510978044	0.72255489022	0.678642714571	0.675648702595	0.738522954092
CF7	0.670658682635	0.616766467066	0.664670658683	0.60878243513	0.489021956088	0.462075848303	0.64870259481	0.759481037924	0.754491017964	0.673652694611	0.0	0.469061876248	0.622754491018	0.646706586826	0.621756487026	0.663672654691	0.796407185629	0.779441117764	0.884231536926	0.86127744511	0.688622754491	0.688622754491	0.733532934132	0.723552894212	0.644710578842	0.681636726547	0.729540918164	0.701596806387	0.755489021956	0.806387225549	0.799401197605	0.793413173653	0.786427145709	0.792415169661	0.812375249501	0.816367265469	0.800399201597	0.796407185629	0.820359281437	0.819361277445	0.820359281437	0.819361277445	0.801397205589	0.814371257485	0.801397205589	0.794411177645	0.794411177645	0.710578842315	0.675648702595	0.671656686627	0.701596806387	0.649700598802	0.629740518962	0.681636726547	0.678642714571	0.666666666667	0.668662674651	0.657684630739	0.670658682635	0.685628742515	0.661676646707	0.698602794411	0.699600798403	0.929141716567	0.908183632735	0.88123752495	0.713572854291	0.920159680639	0.910179640719	0.709580838323	0.899201596806	0.854291417166	0.913173652695	0.748502994012	0.88622754491	0.947105788423	0.935129740519	0.706586826347	0.699600798403	0.703592814371	0.809381237525	0.780439121756	0.679640718563	0.681636726547	0.698602794411	0.686626746507	0.791417165669	0.709580838323	0.686626746507	0.703592814371	0.749500998004
CF8	0.670658682635	0.616766467066	0.654690618762	0.601796407186	0.426147704591	0.462075848303	0.63872255489	0.751497005988	0.763473053892	0.663672654691	0.469061876248	0.0	0.604790419162	0.63373253493	0.63373253493	0.665668662675	0.780439121756	0.788423153693	0.875249500998	0.868263473054	0.700598802395	0.678642714571	0.696606786427	0.675648702595	0.599800399202	0.63373253493	0.710578842315	0.687624750499	0.75249500998	0.803393213573	0.786427145709	0.791417165669	0.783433133733	0.791417165669	0.809381237525	0.816367265469	0.800399201597	0.793413173653	0.820359281437	0.822355289421	0.821357285429	0.814371257485	0.803393213573	0.809381237525	0.798403193613	0.793413173653	0.792415169661	0.703592814371	0.665668662675	0.671656686627	0.689620758483	0.65369261477	0.641716566866	0.684630738523	0.676646706587	0.658682634731	0.662674650699	0.649700598802	0.673652694611	0.676646706587	0.663672654691	0.695608782435	0.690618762475	0.930139720559	0.922155688623	0.89620758483	0.733532934132	0.926147704591	0.916167664671	0.73253493014	0.914171656687	0.847305389222	0.923153692615	0.750499001996	0.90119760479	0.966067864271	0.932135728543	0.719560878244	0.696606786427	0.724550898204	0.813373253493	0.783433133733	0.682634730539	0.691616766467	0.692614770459	0.687624750499	0.786427145709	0.716566866267	0.708582834331	0.715568862275	0.764471057884
CG7	0.588822355289	0.579840319361	0.546906187625	0.434131736527	0.627744510978	0.588822355289	0.586826347305	0.652694610778	0.675648702595	0.587824351297	0.622754491018	0.604790419162	0.0	0.506986027944	0.585828343313	0.585828343313	0.853293413174	0.830339321357	0.888223552894	0.857285429142	0.64870259481	0.681636726547	0.834331337325	0.825349301397	0.709580838323	0.809381237525	0.785429141717	0.74251497006	0.723552894212	0.763473053892	0.819361277445	0.820359281437	0.693612774451	0.695608782435	0.679640718563	0.715568862275	0.663672654691	0.690618762475	0.733532934132	0.72754491018	0.728542914172	0.729540918164	0.658682634731	0.721556886228	0.660678642715	0.700598802395	0.705588822355	0.704590818363	0.655688622754	0.696606786427	0.705588822355	0.620758483034	0.688622754491	0.634730538922	0.686626746507	0.627744510978	0.616766467066	0.645708582834	0.65369261477	0.704590818363	0.716566866267	0.688622754491	0.696606786427	0.907185628743	0.900199600798	0.89121756487	0.730538922156	0.902195608782	0.888223552894	0.733532934132	0.90618762475	0.865269461078	0.903193612774	0.740518962076	0.887225548902	0.936127744511	0.904191616766	0.758483033932	0.734530938124	0.755489021956	0.703592814371	0.672654690619	0.636726546906	0.636726546906	0.63872255489	0.631736526946	0.800399201597	0.758483033932	0.734530938124	0.75249500998	0.786427145709
CG8	0.617764471058	0.605788423154	0.425149700599	0.493013972056	0.660678642715	0.644710578842	0.619760479042	0.649700598802	0.639720558882	0.62375249501	0.646706586826	0.63373253493	0.506986027944	0.0	0.620758483034	0.621756487026	0.839321357285	0.820359281437	0.875249500998	0.845309381238	0.703592814371	0.702594810379	0.793413173653	0.792415169661	0.675648702595	0.759481037924	0.750499001996	0.738522954092	0.718562874251	0.758483033932	0.787425149701	0.794411177645	0.706586826347	0.703592814371	0.662674650699	0.702594810379	0.659680638723	0.691616766467	0.704590818363	0.705588822355	0.708582834331	0.706586826347	0.626746506986	0.701596806387	0.662674650699	0.701596806387	0.712574850299	0.741516966068	0.698602794411	0.738522954092	0.750499001996	0.666666666667	0.720558882236	0.665668662675	0.720558882236	0.664670658683	0.62375249501	0.682634730539	0.691616766467	0.760479041916	0.750499001996	0.719560878244	0.7375249501	0.893213572854	0.834331337325	0.874251497006	0.7375249501	0.833333333333	0.87624750499	0.749500998004	0.890219560878	0.827345309381	0.888223552894	0.748502994012	0.87624750499	0.875249500998	0.883233532934	0.829341317365	0.778443113772	0.824351297405	0.672654690619	0.645708582834	0.670658682635	0.697604790419	0.678642714571	0.676646706587	0.874251497006	0.831337325349	0.802395209581	0.816367265469	0.857285429142
CH7	0.39121756487	0.311377245509	0.64371257485	0.525948103792	0.64371257485	0.59880239521	0.399201596806	0.457085828343	0.479041916168	0.403193612774	0.621756487026	0.63373253493	0.585828343313	0.620758483034	0.0	0.36626746507	0.882235528942	0.860279441118	0.922155688623	0.910179640719	0.705588822355	0.74251497006	0.888223552894	0.880239520958	0.75249500998	0.844311377246	0.825349301397	0.788423153693	0.783433133733	0.836327345309	0.84630738523	0.868263473054	0.556886227545	0.538922155689	0.563872255489	0.527944111776	0.627744510978	0.554890219561	0.592814371257	0.578842315369	0.605788423154	0.565868263473	0.615768463074	0.533932135729	0.545908183633	0.506986027944	0.554890219561	0.729540918164	0.684630738523	0.678642714571	0.698602794411	0.609780439122	0.654690618762	0.622754491018	0.676646706587	0.599800399202	0.546906187625	0.622754491018	0.659680638723	0.684630738523	0.674650698603	0.717564870259	0.702594810379	0.929141716567	0.938123752495	0.895209580838	0.717564870259	0.931137724551	0.907185628743	0.724550898204	0.907185628743	0.885229540918	0.914171656687	0.74750499002	0.903193612774	0.962075848303	0.931137724551	0.698602794411	0.717564870259	0.691616766467	0.63373253493	0.630738522954	0.546906187625	0.579840319361	0.532934131737	0.518962075848	0.763473053892	0.690618762475	0.673652694611	0.690618762475	0.726546906188
CH8	0.319361277445	0.348303393214	0.639720558882	0.513972055888	0.675648702595	0.63872255489	0.428143712575	0.398203592814	0.416167664671	0.427145708583	0.663672654691	0.665668662675	0.585828343313	0.621756487026	0.36626746507	0.0	0.925149700599	0.89620758483	0.917165668663	0.898203592814	0.721556886228	0.754491017964	0.926147704591	0.916167664671	0.796407185629	0.88123752495	0.848303393214	0.808383233533	0.808383233533	0.842315369261	0.840319361277	0.877245508982	0.550898203593	0.534930139721	0.549900199601	0.482035928144	0.61876247505	0.551896207585	0.596806387226	0.581836327345	0.60878243513	0.568862275449	0.60379241517	0.531936127745	0.532934131737	0.497005988024	0.559880239521	0.715568862275	0.666666666667	0.658682634731	0.674650698603	0.586826347305	0.64371257485	0.634730538922	0.676646706587	0.605788423154	0.548902195609	0.600798403194	0.652694610778	0.668662674651	0.663672654691	0.705588822355	0.670658682635	0.920159680639	0.930139720559	0.887225548902	0.706586826347	0.925149700599	0.907185628743	0.714570858283	0.908183632735	0.874251497006	0.917165668663	0.74750499002	0.89620758483	0.960079840319	0.929141716567	0.724550898204	0.701596806387	0.704590818363	0.620758483034	0.617764471058	0.565868263473	0.602794411178	0.552894211577	0.544910179641	0.768463073852	0.717564870259	0.688622754491	0.700598802395	0.738522954092
CA1	0.925149700599	0.879241516966	0.833333333333	0.852295409182	0.783433133733	0.795409181637	0.879241516966	0.931137724551	0.922155688623	0.894211576846	0.796407185629	0.780439121756	0.853293413174	0.839321357285	0.882235528942	0.925149700599	0.0	0.377245508982	0.522954091816	0.503992015968	0.868263473054	0.738522954092	0.729540918164	0.723552894212	0.695608782435	0.707584830339	0.467065868263	0.542914171657	0.453093812375	0.477045908184	0.50499001996	0.429141716567	0.969061876248	0.97005988024	0.971057884232	0.969061876248	0.971057884232	0.97005988024	0.968063872255	0.97005988024	0.97005988024	0.969061876248	0.971057884232	0.97005988024	0.969061876248	0.968063872255	0.97005988024	0.928143712575	0.932135728543	0.930139720559	0.944111776447	0.929141716567	0.931137724551	0.932135728543	0.919161676647	0.922155688623	0.925149700599	0.938123752495	0.932135728543	0.939121756487	0.931137724551	0.929141716567	0.939121756487	0.938123752495	0.955089820359	0.940119760479	0.958083832335	0.951097804391	0.944111776447	0.945109780439	0.924151696607	0.926147704591	0.926147704591	0.950099800399	0.945109780439	0.979041916168	0.939121756487	0.923153692615	0.926147704591	0.935129740519	0.950099800399	0.948103792415	0.935129740519	0.934131736527	0.939121756487	0.935129740519	0.947105788423	0.924151696607	0.923153692615	0.926147704591	0.930139720559
CA2	0.893213572854	0.84630738523	0.810379241517	0.833333333333	0.787425149701	0.794411177645	0.86626746507	0.905189620758	0.904191616766	0.87125748503	0.779441117764	0.788423153693	0.830339321357	0.820359281437	0.860279441118	0.89620758483	0.377245508982	0.0	0.512974051896	0.498003992016	0.839321357285	0.704590818363	0.75748502994	0.735528942116	0.729540918164	0.716566866267	0.442115768463	0.502994011976	0.450099800399	0.459081836327	0.474051896208	0.392215568862	0.947105788423	0.944111776447	0.945109780439	0.944111776447	0.948103792415	0.942115768463	0.943113772455	0.948103792415	0.945109780439	0.943113772455	0.947105788423	0.943113772455	0.945109780439	0.941117764471	0.950099800399	0.897205588822	0.899201596806	0.899201596806	0.915169660679	0.903193612774	0.898203592814	0.889221556886	0.885229540918	0.890219560878	0.894211576846	0.911177644711	0.897205588822	0.909181636727	0.898203592814	0.900199600798	0.911177644711	0.928143712575	0.927145708583	0.923153692615	0.923153692615	0.927145708583	0.920159680639	0.910179640719	0.904191616766	0.894211576846	0.907185628743	0.913173652695	0.926147704591	0.968063872255	0.928143712575	0.90618762475	0.897205588822	0.917165668663	0.926147704591	0.911177644711	0.910179640719	0.910179640719	0.905189620758	0.902195608782	0.930139720559	0.904191616766	0.905189620758	0.904191616766	0.912175648703
CB1	0.917165668663	0.916167664671	0.872255489022	0.887225548902	0.882235528942	0.88622754491	0.921157684631	0.940119760479	0.937125748503	0.925149700599	0.884231536926	0.875249500998	0.888223552894	0.875249500998	0.922155688623	0.917165668663	0.522954091816	0.512974051896	0.0	0.273453093812	0.904191616766	0.770459081836	0.841317365269	0.824351297405	0.807385229541	0.814371257485	0.523952095808	0.590818363273	0.49500998004	0.444111776447	0.424151696607	0.414171656687	0.974051896208	0.966067864271	0.958083832335	0.964071856287	0.959081836327	0.957085828343	0.971057884232	0.969061876248	0.972055888224	0.968063872255	0.957085828343	0.965069860279	0.957085828343	0.969061876248	0.973053892216	0.928143712575	0.929141716567	0.927145708583	0.925149700599	0.924151696607	0.925149700599	0.933133732535	0.928143712575	0.926147704591	0.924151696607	0.923153692615	0.922155688623	0.927145708583	0.928143712575	0.931137724551	0.927145708583	0.937125748503	0.939121756487	0.957085828343	0.948103792415	0.940119760479	0.955089820359	0.947105788423	0.955089820359	0.923153692615	0.955089820359	0.949101796407	0.963073852295	0.974051896208	0.943113772455	0.973053892216	0.927145708583	0.969061876248	0.946107784431	0.936127744511	0.955089820359	0.953093812375	0.957085828343	0.954091816367	0.967065868263	0.967065868263	0.967065868263	0.969061876248	0.97005988024
CB2	0.909181636727	0.908183632735	0.847305389222	0.863273453094	0.873253493014	0.864271457086	0.907185628743	0.926147704591	0.921157684631	0.918163672655	0.86127744511	0.868263473054	0.857285429142	0.845309381238	0.910179640719	0.898203592814	0.503992015968	0.498003992016	0.273453093812	0.0	0.87624750499	0.741516966068	0.816367265469	0.809381237525	0.789421157685	0.798403193613	0.507984031936	0.574850299401	0.465069860279	0.409181636727	0.410179640719	0.40119760479	0.966067864271	0.957085828343	0.939121756487	0.954091816367	0.937125748503	0.943113772455	0.960079840319	0.961077844311	0.963073852295	0.959081836327	0.934131736527	0.954091816367	0.935129740519	0.960079840319	0.965069860279	0.909181636727	0.912175648703	0.909181636727	0.911177644711	0.908183632735	0.911177644711	0.921157684631	0.917165668663	0.918163672655	0.914171656687	0.915169660679	0.916167664671	0.912175648703	0.923153692615	0.910179640719	0.910179640719	0.927145708583	0.925149700599	0.942115768463	0.928143712575	0.925149700599	0.933133732535	0.923153692615	0.935129740519	0.911177644711	0.936127744511	0.927145708583	0.945109780439	0.963073852295	0.934131736527	0.954091816367	0.918163672655	0.957085828343	0.927145708583	0.918163672655	0.943113772455	0.938123752495	0.952095808383	0.945109780439	0.954091816367	0.954091816367	0.954091816367	0.955089820359	0.955089820359
CC1	0.72255489022	0.711576846307	0.739520958084	0.662674650699	0.717564870259	0.693612774451	0.719560878244	0.736526946108	0.739520958084	0.721556886228	0.688622754491	0.700598802395	0.64870259481	0.703592814371	0.705588822355	0.721556886228	0.868263473054	0.839321357285	0.904191616766	0.87624750499	0.0	0.48502994012	0.903193612774	0.895209580838	0.782435129741	0.86127744511	0.803393213573	0.746506986028	0.756487025948	0.791417165669	0.821357285429	0.848303393214	0.760479041916	0.759481037924	0.739520958084	0.776447105788	0.72754491018	0.750499001996	0.796407185629	0.793413173653	0.798403193613	0.793413173653	0.721556886228	0.783433133733	0.729540918164	0.761477045908	0.769461077844	0.671656686627	0.682634730539	0.692614770459	0.721556886228	0.699600798403	0.682634730539	0.677644710579	0.662674650699	0.666666666667	0.692614770459	0.713572854291	0.691616766467	0.712574850299	0.716566866267	0.663672654691	0.704590818363	0.841317365269	0.821357285429	0.769461077844	0.658682634731	0.826347305389	0.811377245509	0.669660678643	0.809381237525	0.75249500998	0.800399201597	0.662674650699	0.776447105788	0.850299401198	0.84630738523	0.674650698603	0.690618762475	0.736526946108	0.759481037924	0.731536926148	0.719560878244	0.704590818363	0.729540918164	0.715568862275	0.805389221557	0.672654690619	0.711576846307	0.723552894212	0.761477045908
CC2	0.755489021956	0.7375249501	0.724550898204	0.690618762475	0.697604790419	0.686626746507	0.755489021956	0.768463073852	0.768463073852	0.756487025948	0.688622754491	0.678642714571	0.681636726547	0.702594810379	0.74251497006	0.754491017964	0.738522954092	0.704590818363	0.770459081836	0.741516966068	0.48502994012	0.0	0.805389221557	0.77744510978	0.693612774451	0.738522954092	0.614770459082	0.565868263473	0.658682634731	0.670658682635	0.674650698603	0.698602794411	0.810379241517	0.804391217565	0.796407185629	0.821357285429	0.783433133733	0.796407185629	0.838323353293	0.836327345309	0.837325349301	0.832335329341	0.776447105788	0.823353293413	0.779441117764	0.808383233533	0.818363273453	0.701596806387	0.731536926148	0.72255489022	0.740518962076	0.73253493014	0.717564870259	0.729540918164	0.724550898204	0.72754491018	0.729540918164	0.744510978044	0.733532934132	0.726546906188	0.74251497006	0.710578842315	0.724550898204	0.862275449102	0.837325349301	0.809381237525	0.7375249501	0.840319361277	0.847305389222	0.729540918164	0.826347305389	0.764471057884	0.828343313373	0.731536926148	0.816367265469	0.879241516966	0.872255489022	0.728542914172	0.714570858283	0.771457085828	0.795409181637	0.7624750499	0.769461077844	0.759481037924	0.782435129741	0.764471057884	0.836327345309	0.743512974052	0.77744510978	0.755489021956	0.793413173653
CD1	0.927145708583	0.887225548902	0.801397205589	0.838323353293	0.673652694611	0.741516966068	0.892215568862	0.951097804391	0.952095808383	0.916167664671	0.733532934132	0.696606786427	0.834331337325	0.793413173653	0.888223552894	0.926147704591	0.729540918164	0.75748502994	0.841317365269	0.816367265469	0.903193612774	0.805389221557	0.0	0.425149700599	0.577844311377	0.468063872255	0.734530938124	0.735528942116	0.802395209581	0.820359281437	0.830339321357	0.785429141717	0.981037924152	0.98003992016	0.977045908184	0.977045908184	0.977045908184	0.974051896208	0.979041916168	0.981037924152	0.978043912176	0.9750499002	0.978043912176	0.976047904192	0.976047904192	0.979041916168	0.981037924152	0.940119760479	0.946107784431	0.947105788423	0.949101796407	0.945109780439	0.944111776447	0.946107784431	0.942115768463	0.943113772455	0.944111776447	0.942115768463	0.945109780439	0.946107784431	0.944111776447	0.949101796407	0.947105788423	0.958083832335	0.955089820359	0.972055888224	0.965069860279	0.960079840319	0.9750499002	0.965069860279	0.972055888224	0.946107784431	0.972055888224	0.967065868263	0.973053892216	0.989021956088	0.961077844311	0.9750499002	0.946107784431	0.977045908184	0.952095808383	0.953093812375	0.969061876248	0.97005988024	0.97005988024	0.967065868263	0.979041916168	0.9750499002	0.973053892216	0.973053892216	0.977045908184
CD2	0.911177644711	0.87624750499	0.778443113772	0.825349301397	0.656686626747	0.734530938124	0.88123752495	0.946107784431	0.941117764471	0.902195608782	0.723552894212	0.675648702595	0.825349301397	0.792415169661	0.880239520958	0.916167664671	0.723552894212	0.735528942116	0.824351297405	0.809381237525	0.895209580838	0.77744510978	0.425149700599	0.0	0.562874251497	0.463073852295	0.702594810379	0.711576846307	0.782435129741	0.803393213573	0.808383233533	0.763473053892	0.972055888224	0.971057884232	0.97005988024	0.971057884232	0.971057884232	0.967065868263	0.97005988024	0.97005988024	0.969061876248	0.965069860279	0.971057884232	0.968063872255	0.968063872255	0.97005988024	0.973053892216	0.925149700599	0.928143712575	0.928143712575	0.932135728543	0.925149700599	0.919161676647	0.926147704591	0.927145708583	0.927145708583	0.926147704591	0.924151696607	0.925149700599	0.930139720559	0.922155688623	0.930139720559	0.927145708583	0.958083832335	0.951097804391	0.963073852295	0.958083832335	0.955089820359	0.969061876248	0.958083832335	0.962075848303	0.922155688623	0.962075848303	0.960079840319	0.966067864271	0.98502994012	0.960079840319	0.968063872255	0.932135728543	0.963073852295	0.944111776447	0.941117764471	0.957085828343	0.956087824351	0.958083832335	0.956087824351	0.965069860279	0.967065868263	0.964071856287	0.964071856287	0.965069860279
CE1	0.791417165669	0.745508982036	0.655688622754	0.712574850299	0.60878243513	0.61876247505	0.765469061876	0.805389221557	0.808383233533	0.775449101796	0.644710578842	0.599800399202	0.709580838323	0.675648702595	0.75249500998	0.796407185629	0.695608782435	0.729540918164	0.807385229541	0.789421157685	0.782435129741	0.693612774451	0.577844311377	0.562874251497	0.0	0.494011976048	0.678642714571	0.658682634731	0.681636726547	0.75249500998	0.751497005988	0.726546906188	0.863273453094	0.862275449102	0.859281437126	0.858283433134	0.859281437126	0.857285429142	0.859281437126	0.860279441118	0.860279441118	0.859281437126	0.858283433134	0.858283433134	0.855289421158	0.86127744511	0.862275449102	0.792415169661	0.760479041916	0.791417165669	0.818363273453	0.755489021956	0.7624750499	0.758483033932	0.741516966068	0.758483033932	0.743512974052	0.753493013972	0.74750499002	0.795409181637	0.781437125749	0.783433133733	0.806387225549	0.947105788423	0.930139720559	0.893213572854	0.87125748503	0.936127744511	0.952095808383	0.875249500998	0.943113772455	0.847305389222	0.947105788423	0.875249500998	0.894211576846	0.964071856287	0.946107784431	0.877245508982	0.800399201597	0.875249500998	0.803393213573	0.808383233533	0.823353293413	0.822355289421	0.829341317365	0.821357285429	0.931137724551	0.869261477046	0.85628742515	0.867265469062	0.915169660679
CE2	0.885229540918	0.841317365269	0.740518962076	0.805389221557	0.625748502994	0.684630738523	0.853293413174	0.905189620758	0.895209580838	0.869261477046	0.681636726547	0.63373253493	0.809381237525	0.759481037924	0.844311377246	0.88123752495	0.707584830339	0.716566866267	0.814371257485	0.798403193613	0.86127744511	0.738522954092	0.468063872255	0.463073852295	0.494011976048	0.0	0.683632734531	0.665668662675	0.738522954092	0.766467065868	0.758483033932	0.744510978044	0.946107784431	0.944111776447	0.947105788423	0.947105788423	0.949101796407	0.944111776447	0.946107784431	0.947105788423	0.943113772455	0.942115768463	0.948103792415	0.944111776447	0.945109780439	0.946107784431	0.948103792415	0.869261477046	0.869261477046	0.865269461078	0.878243512974	0.869261477046	0.865269461078	0.862275449102	0.858283433134	0.857285429142	0.86626746507	0.865269461078	0.858283433134	0.865269461078	0.86626746507	0.869261477046	0.878243512974	0.950099800399	0.943113772455	0.929141716567	0.921157684631	0.945109780439	0.958083832335	0.919161676647	0.950099800399	0.879241516966	0.953093812375	0.914171656687	0.928143712575	0.978043912176	0.951097804391	0.924151696607	0.86626746507	0.922155688623	0.905189620758	0.90618762475	0.918163672655	0.921157684631	0.920159680639	0.919161676647	0.937125748503	0.925149700599	0.921157684631	0.921157684631	0.924151696607
CF1	0.847305389222	0.814371257485	0.7624750499	0.785429141717	0.728542914172	0.73253493014	0.825349301397	0.870259481038	0.860279441118	0.833333333333	0.729540918164	0.710578842315	0.785429141717	0.750499001996	0.825349301397	0.848303393214	0.467065868263	0.442115768463	0.523952095808	0.507984031936	0.803393213573	0.614770459082	0.734530938124	0.702594810379	0.678642714571	0.683632734531	0.0	0.347305389222	0.465069860279	0.466067864271	0.432135728543	0.421157684631	0.912175648703	0.90618762475	0.909181636727	0.910179640719	0.914171656687	0.904191616766	0.913173652695	0.909181636727	0.909181636727	0.907185628743	0.909181636727	0.908183632735	0.90618762475	0.907185628743	0.916167664671	0.823353293413	0.831337325349	0.820359281437	0.837325349301	0.826347305389	0.812375249501	0.824351297405	0.812375249501	0.818363273453	0.833333333333	0.827345309381	0.827345309381	0.824351297405	0.821357285429	0.823353293413	0.838323353293	0.919161676647	0.914171656687	0.927145708583	0.880239520958	0.915169660679	0.913173652695	0.869261477046	0.894211576846	0.836327345309	0.897205588822	0.873253493014	0.932135728543	0.958083832335	0.922155688623	0.872255489022	0.828343313373	0.875249500998	0.905189620758	0.872255489022	0.885229540918	0.877245508982	0.877245508982	0.87624750499	0.888223552894	0.874251497006	0.880239520958	0.86626746507	0.877245508982
CF2	0.812375249501	0.779441117764	0.733532934132	0.75748502994	0.696606786427	0.702594810379	0.795409181637	0.832335329341	0.849301397206	0.800399201597	0.701596806387	0.687624750499	0.74251497006	0.738522954092	0.788423153693	0.808383233533	0.542914171657	0.502994011976	0.590818363273	0.574850299401	0.746506986028	0.565868263473	0.735528942116	0.711576846307	0.658682634731	0.665668662675	0.347305389222	0.0	0.517964071856	0.51996007984	0.487025948104	0.494011976048	0.882235528942	0.873253493014	0.875249500998	0.880239520958	0.878243512974	0.872255489022	0.893213572854	0.892215568862	0.893213572854	0.88622754491	0.875249500998	0.879241516966	0.872255489022	0.875249500998	0.884231536926	0.77744510978	0.785429141717	0.779441117764	0.792415169661	0.775449101796	0.765469061876	0.774451097804	0.766467065868	0.771457085828	0.780439121756	0.784431137725	0.785429141717	0.783433133733	0.781437125749	0.779441117764	0.786427145709	0.915169660679	0.90618762475	0.907185628743	0.844311377246	0.903193612774	0.899201596806	0.833333333333	0.884231536926	0.822355289421	0.893213572854	0.839321357285	0.910179640719	0.952095808383	0.918163672655	0.833333333333	0.783433133733	0.833333333333	0.887225548902	0.850299401198	0.835329341317	0.834331337325	0.839321357285	0.836327345309	0.852295409182	0.835329341317	0.837325349301	0.830339321357	0.835329341317
CG1	0.816367265469	0.778443113772	0.716566866267	0.723552894212	0.744510978044	0.74750499002	0.790419161677	0.813373253493	0.811377245509	0.798403193613	0.755489021956	0.75249500998	0.723552894212	0.718562874251	0.783433133733	0.808383233533	0.453093812375	0.450099800399	0.49500998004	0.465069860279	0.756487025948	0.658682634731	0.802395209581	0.782435129741	0.681636726547	0.738522954092	0.465069860279	0.517964071856	0.0	0.335329341317	0.447105788423	0.437125748503	0.88123752495	0.875249500998	0.828343313373	0.870259481038	0.823353293413	0.863273453094	0.879241516966	0.87624750499	0.88123752495	0.884231536926	0.815369261477	0.873253493014	0.827345309381	0.874251497006	0.88123752495	0.807385229541	0.795409181637	0.816367265469	0.833333333333	0.823353293413	0.822355289421	0.832335329341	0.829341317365	0.825349301397	0.828343313373	0.830339321357	0.824351297405	0.830339321357	0.835329341317	0.804391217565	0.819361277445	0.900199600798	0.89121756487	0.868263473054	0.805389221557	0.890219560878	0.878243512974	0.810379241517	0.892215568862	0.872255489022	0.892215568862	0.817365269461	0.867265469062	0.909181636727	0.888223552894	0.850299401198	0.837325349301	0.855289421158	0.839321357285	0.825349301397	0.841317365269	0.839321357285	0.84630738523	0.836327345309	0.902195608782	0.848303393214	0.845309381238	0.844311377246	0.884231536926
