	CA7	CA8	CB7	CB8	CC7	CC8	CD7	CD8	CE7	CE8	CF7	CF8	CG7	CG8	CH7	CH8	CA1	CA2	CB1	CB2	CC1	CC2	CD1	CD2	CE1	CE2	CF1	CF2	CG1	CG2	CH1	CH2	CA5	CA6	CB5	CB6	CC5	CC6	CD6	CE5	CE6	CF5	CF6	CG5	CG6	CH5	CH6	CA11	CA12	CB11	CB12	CC11	CC12	CD11	CD12	CE11	CE12	CF11	CF12	CG11	CG12	CH11	CH12	CA3	CA4	CB3	CB4	CC4	CD3	CD4	CE4	CF3	CF4	CG3	CG4	CH3	CH4	CA9	CA10	CB9	CC9	CC10	CD9	CD10	CE9	CE10	CF9	CG9	CG10	CH9	CH10
CA7	0.0	0.377245508982	0.677644710579	0.553892215569	0.724550898204	0.655688622754	0.413173652695	0.425149700599	0.421157684631	0.453093812375	0.684630738523	0.700598802395	0.561876247505	0.64870259481	0.37624750499	0.298403193613	0.920159680639	0.916167664671	0.916167664671	0.916167664671	0.735528942116	0.754491017964	0.933133732535	0.934131736527	0.818363273453	0.897205588822	0.864271457086	0.838323353293	0.831337325349	0.85628742515	0.860279441118	0.865269461078	0.532934131737	0.50499001996	0.566866267465	0.496007984032	0.587824351297	0.586826347305	0.599800399202	0.573852295409	0.636726546906	0.575848303393	0.602794411178	0.513972055888	0.544910179641	0.494011976048	0.543912175649	0.734530938124	0.707584830339	0.687624750499	0.686626746507	0.605788423154	0.655688622754	0.650698602794	0.718562874251	0.642714570858	0.560878243513	0.60379241517	0.635728542914	0.687624750499	0.689620758483	0.748502994012	0.675648702595	0.925149700599	0.931137724551	0.883233532934	0.710578842315	0.927145708583	0.899201596806	0.720558882236	0.918163672655	0.90119760479	0.90119760479	0.739520958084	0.888223552894	0.956087824351	0.933133732535	0.715568862275	0.734530938124	0.706586826347	0.62874251497	0.64870259481	0.584830339321	0.614770459082	0.523952095808	0.531936127745	0.755489021956	0.72754491018	0.682634730539	0.705588822355	0.754491017964
CA8	0.377245508982	0.0	0.669660678643	0.531936127745	0.661676646707	0.607784431138	0.365269461078	0.463073852295	0.476047904192	0.405189620758	0.631736526946	0.649700598802	0.543912175649	0.629740518962	0.305389221557	0.35129740519	0.88622754491	0.870259481038	0.915169660679	0.915169660679	0.719560878244	0.718562874251	0.898203592814	0.893213572854	0.765469061876	0.839321357285	0.821357285429	0.780439121756	0.802395209581	0.838323353293	0.835329341317	0.844311377246	0.534930139721	0.513972055888	0.589820359281	0.520958083832	0.610778443114	0.602794411178	0.601796407186	0.577844311377	0.637724550898	0.579840319361	0.625748502994	0.527944111776	0.568862275449	0.523952095808	0.550898203593	0.714570858283	0.698602794411	0.673652694611	0.659680638723	0.60379241517	0.625748502994	0.61876247505	0.683632734531	0.602794411178	0.533932135729	0.595808383234	0.626746506986	0.664670658683	0.658682634731	0.724550898204	0.661676646707	0.936127744511	0.944111776447	0.888223552894	0.703592814371	0.932135728543	0.897205588822	0.711576846307	0.908183632735	0.897205588822	0.90119760479	0.73253493014	0.888223552894	0.959081836327	0.934131736527	0.682634730539	0.702594810379	0.673652694611	0.619760479042	0.649700598802	0.543912175649	0.570858283433	0.487025948104	0.489021956088	0.744510978044	0.693612774451	0.637724550898	0.669660678643	0.717564870259
CB7	0.677644710579	0.669660678643	0.0	0.562874251497	0.650698602794	0.661676646707	0.676646706587	0.686626746507	0.695608782435	0.671656686627	0.654690618762	0.662674650699	0.538922155689	0.425149700599	0.679640718563	0.668662674651	0.827345309381	0.818363273453	0.859281437126	0.839321357285	0.75249500998	0.728542914172	0.786427145709	0.782435129741	0.658682634731	0.728542914172	0.7624750499	0.753493013972	0.734530938124	0.773453093812	0.77744510978	0.814371257485	0.755489021956	0.753493013972	0.709580838323	0.74750499002	0.711576846307	0.740518962076	0.755489021956	0.751497005988	0.756487025948	0.759481037924	0.665668662675	0.74750499002	0.701596806387	0.754491017964	0.750499001996	0.763473053892	0.724550898204	0.787425149701	0.774451097804	0.706586826347	0.746506986028	0.689620758483	0.763473053892	0.694610778443	0.666666666667	0.708582834331	0.670658682635	0.779441117764	0.776447105788	0.758483033932	0.769461077844	0.887225548902	0.810379241517	0.874251497006	0.775449101796	0.815369261477	0.86626746507	0.774451097804	0.905189620758	0.850299401198	0.88123752495	0.771457085828	0.87624750499	0.849301397206	0.904191616766	0.855289421158	0.813373253493	0.852295409182	0.718562874251	0.683632734531	0.726546906188	0.751497005988	0.730538922156	0.728542914172	0.887225548902	0.87125748503	0.827345309381	0.855289421158	0.903193612774
CB8	0.553892215569	0.531936127745	0.562874251497	0.0	0.614770459082	0.595808383234	0.530938123752	0.602794411178	0.60878243513	0.534930139721	0.616766467066	0.627744510978	0.422155688623	0.507984031936	0.544910179641	0.542914171657	0.847305389222	0.843313373253	0.87125748503	0.859281437126	0.669660678643	0.669660678643	0.841317365269	0.833333333333	0.725548902196	0.798403193613	0.794411177645	0.761477045908	0.72754491018	0.780439121756	0.805389221557	0.806387225549	0.64870259481	0.640718562874	0.627744510978	0.651696606786	0.622754491018	0.673652694611	0.679640718563	0.675648702595	0.663672654691	0.673652694611	0.631736526946	0.662674650699	0.625748502994	0.656686626747	0.639720558882	0.707584830339	0.667664670659	0.711576846307	0.690618762475	0.631736526946	0.683632734531	0.61876247505	0.688622754491	0.619760479042	0.554890219561	0.642714570858	0.610778443114	0.714570858283	0.699600798403	0.704590818363	0.685628742515	0.892215568862	0.888223552894	0.873253493014	0.730538922156	0.889221556886	0.863273453094	0.740518962076	0.897205588822	0.874251497006	0.87624750499	0.734530938124	0.874251497006	0.923153692615	0.90119760479	0.754491017964	0.739520958084	0.75748502994	0.649700598802	0.621756487026	0.614770459082	0.631736526946	0.568862275449	0.583832335329	0.788423153693	0.763473053892	0.707584830339	0.755489021956	0.793413173653
CC7	0.724550898204	0.661676646707	0.650698602794	0.614770459082	0.0	0.512974051896	0.673652694611	0.769461077844	0.774451097804	0.681636726547	0.476047904192	0.429141716567	0.60379241517	0.656686626747	0.661676646707	0.704590818363	0.791417165669	0.789421157685	0.878243512974	0.863273453094	0.718562874251	0.688622754491	0.659680638723	0.654690618762	0.561876247505	0.600798403194	0.712574850299	0.692614770459	0.753493013972	0.813373253493	0.774451097804	0.789421157685	0.806387225549	0.811377245509	0.826347305389	0.818363273453	0.821357285429	0.84630738523	0.835329341317	0.835329341317	0.825349301397	0.834331337325	0.837325349301	0.825349301397	0.831337325349	0.821357285429	0.793413173653	0.706586826347	0.695608782435	0.704590818363	0.689620758483	0.676646706587	0.678642714571	0.691616766467	0.676646706587	0.679640718563	0.687624750499	0.679640718563	0.690618762475	0.690618762475	0.671656686627	0.719560878244	0.687624750499	0.940119760479	0.930139720559	0.913173652695	0.769461077844	0.944111776447	0.910179640719	0.776447105788	0.932135728543	0.873253493014	0.918163672655	0.774451097804	0.908183632735	0.974051896208	0.944111776447	0.744510978044	0.717564870259	0.75249500998	0.832335329341	0.803393213573	0.728542914172	0.734530938124	0.72255489022	0.728542914172	0.790419161677	0.753493013972	0.74251497006	0.748502994012	0.788423153693
CC8	0.655688622754	0.607784431138	0.661676646707	0.595808383234	0.512974051896	0.0	0.621756487026	0.736526946108	0.744510978044	0.654690618762	0.457085828343	0.478043912176	0.579840319361	0.626746506986	0.611776447106	0.647704590818	0.795409181637	0.789421157685	0.878243512974	0.863273453094	0.709580838323	0.668662674651	0.743512974052	0.744510978044	0.629740518962	0.694610778443	0.726546906188	0.716566866267	0.7624750499	0.810379241517	0.786427145709	0.789421157685	0.774451097804	0.770459081836	0.789421157685	0.780439121756	0.782435129741	0.808383233533	0.800399201597	0.795409181637	0.790419161677	0.801397205589	0.799401197605	0.786427145709	0.796407185629	0.782435129741	0.759481037924	0.723552894212	0.707584830339	0.684630738523	0.686626746507	0.644710578842	0.642714570858	0.677644710579	0.684630738523	0.661676646707	0.668662674651	0.645708582834	0.682634730539	0.678642714571	0.670658682635	0.730538922156	0.681636726547	0.924151696607	0.909181636727	0.884231536926	0.714570858283	0.916167664671	0.894211576846	0.725548902196	0.915169660679	0.877245508982	0.898203592814	0.729540918164	0.879241516966	0.956087824351	0.929141716567	0.694610778443	0.716566866267	0.715568862275	0.799401197605	0.764471057884	0.664670658683	0.673652694611	0.668662674651	0.665668662675	0.77245508982	0.716566866267	0.674650698603	0.709580838323	0.770459081836
CD7	0.413173652695	0.365269461078	0.676646706587	0.530938123752	0.673652694611	0.621756487026	0.0	0.438123752495	0.436127744511	0.333333333333	0.649700598802	0.657684630739	0.533932135729	0.63373253493	0.364271457086	0.404191616766	0.87624750499	0.872255489022	0.919161676647	0.918163672655	0.725548902196	0.725548902196	0.899201596806	0.893213572854	0.779441117764	0.853293413174	0.829341317365	0.801397205589	0.803393213573	0.837325349301	0.847305389222	0.84630738523	0.532934131737	0.506986027944	0.586826347305	0.511976047904	0.604790419162	0.592814371257	0.59880239521	0.573852295409	0.63373253493	0.577844311377	0.612774451098	0.521956087824	0.558882235529	0.518962075848	0.541916167665	0.702594810379	0.683632734531	0.680638722555	0.669660678643	0.605788423154	0.63373253493	0.579840319361	0.668662674651	0.585828343313	0.522954091816	0.591816367265	0.609780439122	0.673652694611	0.663672654691	0.709580838323	0.670658682635	0.940119760479	0.942115768463	0.885229540918	0.74750499002	0.941117764471	0.897205588822	0.760479041916	0.916167664671	0.904191616766	0.898203592814	0.749500998004	0.885229540918	0.961077844311	0.944111776447	0.711576846307	0.708582834331	0.671656686627	0.591816367265	0.625748502994	0.551896207585	0.578842315369	0.49001996008	0.491017964072	0.72255489022	0.712574850299	0.666666666667	0.672654690619	0.72754491018
CD8	0.425149700599	0.463073852295	0.686626746507	0.602794411178	0.769461077844	0.736526946108	0.438123752495	0.0	0.333333333333	0.468063872255	0.756487025948	0.771457085828	0.62874251497	0.642714570858	0.456087824351	0.423153692615	0.917165668663	0.909181636727	0.917165668663	0.918163672655	0.738522954092	0.759481037924	0.935129740519	0.941117764471	0.810379241517	0.88622754491	0.857285429142	0.837325349301	0.815369261477	0.842315369261	0.855289421158	0.870259481038	0.566866267465	0.530938123752	0.584830339321	0.522954091816	0.612774451098	0.575848303393	0.604790419162	0.578842315369	0.64371257485	0.583832335329	0.607784431138	0.521956087824	0.555888223553	0.512974051896	0.588822355289	0.739520958084	0.72754491018	0.758483033932	0.741516966068	0.672654690619	0.701596806387	0.647704590818	0.718562874251	0.645708582834	0.573852295409	0.660678642715	0.647704590818	0.75249500998	0.72754491018	0.74750499002	0.738522954092	0.910179640719	0.912175648703	0.857285429142	0.791417165669	0.913173652695	0.87624750499	0.802395209581	0.884231536926	0.872255489022	0.872255489022	0.796407185629	0.857285429142	0.936127744511	0.915169660679	0.789421157685	0.766467065868	0.770459081836	0.581836327345	0.607784431138	0.642714570858	0.65369261477	0.587824351297	0.589820359281	0.825349301397	0.791417165669	0.743512974052	0.783433133733	0.825349301397
CE7	0.421157684631	0.476047904192	0.695608782435	0.60878243513	0.774451097804	0.744510978044	0.436127744511	0.333333333333	0.0	0.459081836327	0.763473053892	0.775449101796	0.621756487026	0.649700598802	0.468063872255	0.425149700599	0.916167664671	0.915169660679	0.925149700599	0.926147704591	0.734530938124	0.758483033932	0.941117764471	0.941117764471	0.818363273453	0.89620758483	0.864271457086	0.839321357285	0.812375249501	0.85628742515	0.869261477046	0.87624750499	0.548902195609	0.521956087824	0.571856287425	0.50998003992	0.600798403194	0.572854291417	0.592814371257	0.567864271457	0.632734530938	0.572854291417	0.59381237525	0.513972055888	0.542914171657	0.496007984032	0.572854291417	0.750499001996	0.73253493014	0.765469061876	0.753493013972	0.688622754491	0.706586826347	0.655688622754	0.729540918164	0.658682634731	0.588822355289	0.671656686627	0.647704590818	0.754491017964	0.740518962076	0.748502994012	0.755489021956	0.897205588822	0.905189620758	0.864271457086	0.785429141717	0.910179640719	0.868263473054	0.799401197605	0.884231536926	0.882235528942	0.872255489022	0.790419161677	0.860279441118	0.924151696607	0.90618762475	0.792415169661	0.785429141717	0.776447105788	0.584830339321	0.604790419162	0.634730538922	0.651696606786	0.59381237525	0.586826347305	0.813373253493	0.794411177645	0.74251497006	0.771457085828	0.817365269461
CE8	0.453093812375	0.405189620758	0.671656686627	0.534930139721	0.681636726547	0.654690618762	0.333333333333	0.468063872255	0.459081836327	0.0	0.664670658683	0.683632734531	0.545908183633	0.639720558882	0.410179640719	0.441117764471	0.88123752495	0.87624750499	0.910179640719	0.915169660679	0.728542914172	0.726546906188	0.90618762475	0.898203592814	0.778443113772	0.86127744511	0.817365269461	0.793413173653	0.801397205589	0.840319361277	0.843313373253	0.852295409182	0.535928143713	0.5249500998	0.579840319361	0.535928143713	0.607784431138	0.594810379242	0.602794411178	0.578842315369	0.63373253493	0.581836327345	0.61876247505	0.539920159681	0.564870259481	0.543912175649	0.547904191617	0.703592814371	0.676646706587	0.701596806387	0.689620758483	0.621756487026	0.647704590818	0.588822355289	0.666666666667	0.586826347305	0.525948103792	0.612774451098	0.607784431138	0.692614770459	0.676646706587	0.711576846307	0.690618762475	0.935129740519	0.938123752495	0.897205588822	0.7624750499	0.938123752495	0.90119760479	0.770459081836	0.915169660679	0.905189620758	0.903193612774	0.770459081836	0.890219560878	0.963073852295	0.938123752495	0.7375249501	0.731536926148	0.695608782435	0.592814371257	0.62375249501	0.568862275449	0.599800399202	0.516966067864	0.518962075848	0.746506986028	0.739520958084	0.688622754491	0.692614770459	0.759481037924
CF7	0.684630738523	0.631736526946	0.654690618762	0.616766467066	0.476047904192	0.457085828343	0.649700598802	0.756487025948	0.763473053892	0.664670658683	0.0	0.454091816367	0.59381237525	0.641716566866	0.641716566866	0.671656686627	0.794411177645	0.793413173653	0.875249500998	0.86127744511	0.705588822355	0.661676646707	0.723552894212	0.72754491018	0.614770459082	0.668662674651	0.713572854291	0.695608782435	0.769461077844	0.813373253493	0.775449101796	0.786427145709	0.790419161677	0.791417165669	0.804391217565	0.798403193613	0.803393213573	0.825349301397	0.813373253493	0.813373253493	0.801397205589	0.815369261477	0.816367265469	0.805389221557	0.812375249501	0.796407185629	0.77744510978	0.725548902196	0.701596806387	0.699600798403	0.691616766467	0.660678642715	0.644710578842	0.685628742515	0.681636726547	0.670658682635	0.677644710579	0.666666666667	0.690618762475	0.691616766467	0.673652694611	0.723552894212	0.691616766467	0.928143712575	0.917165668663	0.889221556886	0.729540918164	0.923153692615	0.90119760479	0.738522954092	0.917165668663	0.872255489022	0.902195608782	0.739520958084	0.88622754491	0.959081836327	0.934131736527	0.710578842315	0.712574850299	0.730538922156	0.812375249501	0.778443113772	0.692614770459	0.695608782435	0.698602794411	0.698602794411	0.781437125749	0.729540918164	0.702594810379	0.725548902196	0.783433133733
CF8	0.700598802395	0.649700598802	0.662674650699	0.627744510978	0.429141716567	0.478043912176	0.657684630739	0.771457085828	0.775449101796	0.683632734531	0.454091816367	0.0	0.59880239521	0.65369261477	0.64870259481	0.685628742515	0.784431137725	0.783433133733	0.874251497006	0.862275449102	0.716566866267	0.675648702595	0.661676646707	0.662674650699	0.572854291417	0.616766467066	0.718562874251	0.692614770459	0.758483033932	0.808383233533	0.77245508982	0.785429141717	0.799401197605	0.802395209581	0.817365269461	0.812375249501	0.811377245509	0.835329341317	0.830339321357	0.827345309381	0.816367265469	0.828343313373	0.829341317365	0.816367265469	0.827345309381	0.813373253493	0.786427145709	0.72255489022	0.709580838323	0.702594810379	0.697604790419	0.683632734531	0.673652694611	0.701596806387	0.694610778443	0.691616766467	0.693612774451	0.686626746507	0.712574850299	0.699600798403	0.690618762475	0.73253493014	0.700598802395	0.925149700599	0.923153692615	0.892215568862	0.745508982036	0.930139720559	0.904191616766	0.753493013972	0.919161676647	0.874251497006	0.902195608782	0.753493013972	0.892215568862	0.960079840319	0.932135728543	0.723552894212	0.723552894212	0.735528942116	0.828343313373	0.803393213573	0.708582834331	0.725548902196	0.711576846307	0.718562874251	0.779441117764	0.743512974052	0.730538922156	0.7375249501	0.792415169661
CG7	0.561876247505	0.543912175649	0.538922155689	0.422155688623	0.60379241517	0.579840319361	0.533932135729	0.62874251497	0.621756487026	0.545908183633	0.59381237525	0.59880239521	0.0	0.484031936128	0.550898203593	0.552894211577	0.834331337325	0.824351297405	0.863273453094	0.849301397206	0.677644710579	0.660678642715	0.809381237525	0.813373253493	0.719560878244	0.787425149701	0.784431137725	0.744510978044	0.713572854291	0.765469061876	0.792415169661	0.801397205589	0.671656686627	0.664670658683	0.650698602794	0.674650698603	0.645708582834	0.693612774451	0.699600798403	0.697604790419	0.692614770459	0.701596806387	0.655688622754	0.685628742515	0.647704590818	0.679640718563	0.660678642715	0.710578842315	0.667664670659	0.691616766467	0.685628742515	0.624750499002	0.666666666667	0.62375249501	0.696606786427	0.609780439122	0.569860279441	0.631736526946	0.60878243513	0.708582834331	0.702594810379	0.700598802395	0.688622754491	0.89620758483	0.892215568862	0.878243512974	0.721556886228	0.900199600798	0.868263473054	0.733532934132	0.910179640719	0.88123752495	0.884231536926	0.73253493014	0.880239520958	0.931137724551	0.904191616766	0.734530938124	0.734530938124	0.739520958084	0.676646706587	0.647704590818	0.601796407186	0.62874251497	0.596806387226	0.595808383234	0.770459081836	0.751497005988	0.699600798403	0.7375249501	0.788423153693
CG8	0.64870259481	0.629740518962	0.425149700599	0.507984031936	0.656686626747	0.626746506986	0.63373253493	0.642714570858	0.649700598802	0.639720558882	0.641716566866	0.65369261477	0.484031936128	0.0	0.636726546906	0.645708582834	0.848303393214	0.836327345309	0.858283433134	0.838323353293	0.707584830339	0.698602794411	0.796407185629	0.793413173653	0.687624750499	0.755489021956	0.755489021956	0.733532934132	0.735528942116	0.764471057884	0.779441117764	0.790419161677	0.72255489022	0.710578842315	0.677644710579	0.721556886228	0.680638722555	0.709580838323	0.723552894212	0.723552894212	0.717564870259	0.72754491018	0.631736526946	0.712574850299	0.675648702595	0.716566866267	0.719560878244	0.750499001996	0.705588822355	0.760479041916	0.753493013972	0.684630738523	0.725548902196	0.672654690619	0.754491017964	0.676646706587	0.641716566866	0.686626746507	0.652694610778	0.768463073852	0.754491017964	0.740518962076	0.74750499002	0.885229540918	0.806387225549	0.877245508982	0.746506986028	0.812375249501	0.85628742515	0.745508982036	0.90119760479	0.85628742515	0.870259481038	0.745508982036	0.874251497006	0.848303393214	0.899201596806	0.823353293413	0.797405189621	0.828343313373	0.692614770459	0.650698602794	0.690618762475	0.715568862275	0.687624750499	0.694610778443	0.863273453094	0.842315369261	0.790419161677	0.829341317365	0.877245508982
CH7	0.37624750499	0.305389221557	0.679640718563	0.544910179641	0.661676646707	0.611776447106	0.364271457086	0.456087824351	0.468063872255	0.410179640719	0.641716566866	0.64870259481	0.550898203593	0.636726546906	0.0	0.365269461078	0.893213572854	0.877245508982	0.914171656687	0.922155688623	0.707584830339	0.717564870259	0.898203592814	0.897205588822	0.785429141717	0.850299401198	0.833333333333	0.805389221557	0.808383233533	0.847305389222	0.847305389222	0.84630738523	0.52994011976	0.505988023952	0.583832335329	0.51497005988	0.605788423154	0.595808383234	0.597804391218	0.574850299401	0.631736526946	0.575848303393	0.622754491018	0.517964071856	0.564870259481	0.51996007984	0.543912175649	0.730538922156	0.706586826347	0.682634730539	0.679640718563	0.609780439122	0.640718562874	0.620758483034	0.689620758483	0.609780439122	0.545908183633	0.602794411178	0.637724550898	0.670658682635	0.671656686627	0.7375249501	0.669660678643	0.927145708583	0.934131736527	0.898203592814	0.711576846307	0.930139720559	0.89620758483	0.723552894212	0.911177644711	0.897205588822	0.900199600798	0.733532934132	0.893213572854	0.953093812375	0.940119760479	0.673652694611	0.717564870259	0.689620758483	0.61876247505	0.646706586826	0.557884231537	0.578842315369	0.5	0.499001996008	0.748502994012	0.688622754491	0.645708582834	0.681636726547	0.73253493014
CH8	0.298403193613	0.35129740519	0.668662674651	0.542914171657	0.704590818363	0.647704590818	0.404191616766	0.423153692615	0.425149700599	0.441117764471	0.671656686627	0.685628742515	0.552894211577	0.645708582834	0.365269461078	0.0	0.915169660679	0.904191616766	0.917165668663	0.917165668663	0.733532934132	0.744510978044	0.934131736527	0.933133732535	0.813373253493	0.892215568862	0.85129740519	0.828343313373	0.822355289421	0.850299401198	0.854291417166	0.870259481038	0.526946107784	0.50499001996	0.575848303393	0.5	0.601796407186	0.595808383234	0.601796407186	0.577844311377	0.635728542914	0.577844311377	0.61377245509	0.51497005988	0.552894211577	0.496007984032	0.542914171657	0.731536926148	0.697604790419	0.667664670659	0.672654690619	0.60379241517	0.645708582834	0.630738522954	0.698602794411	0.620758483034	0.543912175649	0.591816367265	0.625748502994	0.669660678643	0.669660678643	0.7375249501	0.663672654691	0.921157684631	0.925149700599	0.883233532934	0.704590818363	0.929141716567	0.897205588822	0.709580838323	0.914171656687	0.897205588822	0.899201596806	0.734530938124	0.88622754491	0.952095808383	0.928143712575	0.690618762475	0.718562874251	0.688622754491	0.611776447106	0.642714570858	0.561876247505	0.591816367265	0.511976047904	0.516966067864	0.744510978044	0.705588822355	0.661676646707	0.683632734531	0.725548902196
CA1	0.920159680639	0.88622754491	0.827345309381	0.847305389222	0.791417165669	0.795409181637	0.87624750499	0.917165668663	0.916167664671	0.88123752495	0.794411177645	0.784431137725	0.834331337325	0.848303393214	0.893213572854	0.915169660679	0.0	0.336327345309	0.492015968064	0.493013972056	0.858283433134	0.754491017964	0.723552894212	0.7375249501	0.686626746507	0.72255489022	0.4750499002	0.553892215569	0.452095808383	0.474051896208	0.453093812375	0.416167664671	0.965069860279	0.963073852295	0.963073852295	0.961077844311	0.962075848303	0.961077844311	0.967065868263	0.965069860279	0.964071856287	0.967065868263	0.960079840319	0.961077844311	0.962075848303	0.966067864271	0.969061876248	0.929141716567	0.937125748503	0.931137724551	0.938123752495	0.929141716567	0.925149700599	0.925149700599	0.917165668663	0.922155688623	0.932135728543	0.937125748503	0.928143712575	0.936127744511	0.935129740519	0.930139720559	0.936127744511	0.937125748503	0.938123752495	0.942115768463	0.945109780439	0.939121756487	0.937125748503	0.934131736527	0.933133732535	0.922155688623	0.928143712575	0.939121756487	0.939121756487	0.955089820359	0.939121756487	0.934131736527	0.932135728543	0.937125748503	0.948103792415	0.936127744511	0.925149700599	0.927145708583	0.931137724551	0.928143712575	0.944111776447	0.932135728543	0.938123752495	0.939121756487	0.941117764471
CA2	0.916167664671	0.870259481038	0.818363273453	0.843313373253	0.789421157685	0.789421157685	0.872255489022	0.909181636727	0.915169660679	0.87624750499	0.793413173653	0.783433133733	0.824351297405	0.836327345309	0.877245508982	0.904191616766	0.336327345309	0.0	0.479041916168	0.462075848303	0.840319361277	0.717564870259	0.733532934132	0.735528942116	0.688622754491	0.724550898204	0.441117764471	0.526946107784	0.444111776447	0.430139720559	0.413173652695	0.378243512974	0.952095808383	0.951097804391	0.952095808383	0.951097804391	0.954091816367	0.949101796407	0.953093812375	0.955089820359	0.951097804391	0.952095808383	0.953093812375	0.948103792415	0.955089820359	0.953093812375	0.955089820359	0.924151696607	0.929141716567	0.928143712575	0.922155688623	0.919161676647	0.924151696607	0.907185628743	0.90618762475	0.902195608782	0.920159680639	0.928143712575	0.921157684631	0.922155688623	0.928143712575	0.921157684631	0.932135728543	0.934131736527	0.926147704591	0.940119760479	0.936127744511	0.937125748503	0.934131736527	0.933133732535	0.923153692615	0.90618762475	0.922155688623	0.924151696607	0.931137724551	0.957085828343	0.939121756487	0.926147704591	0.922155688623	0.921157684631	0.936127744511	0.924151696607	0.928143712575	0.920159680639	0.923153692615	0.918163672655	0.946107784431	0.925149700599	0.929141716567	0.932135728543	0.934131736527
CB1	0.916167664671	0.915169660679	0.859281437126	0.87125748503	0.878243512974	0.878243512974	0.919161676647	0.917165668663	0.925149700599	0.910179640719	0.875249500998	0.874251497006	0.863273453094	0.858283433134	0.914171656687	0.917165668663	0.492015968064	0.479041916168	0.0	0.268463073852	0.87125748503	0.768463073852	0.825349301397	0.832335329341	0.789421157685	0.823353293413	0.544910179641	0.60878243513	0.49001996008	0.393213572854	0.462075848303	0.442115768463	0.967065868263	0.964071856287	0.938123752495	0.960079840319	0.938123752495	0.950099800399	0.968063872255	0.964071856287	0.966067864271	0.966067864271	0.937125748503	0.959081836327	0.939121756487	0.967065868263	0.967065868263	0.920159680639	0.921157684631	0.923153692615	0.921157684631	0.919161676647	0.927145708583	0.936127744511	0.933133732535	0.940119760479	0.934131736527	0.933133732535	0.921157684631	0.930139720559	0.936127744511	0.920159680639	0.921157684631	0.923153692615	0.926147704591	0.949101796407	0.928143712575	0.926147704591	0.934131736527	0.926147704591	0.934131736527	0.921157684631	0.932135728543	0.931137724551	0.948103792415	0.957085828343	0.925149700599	0.964071856287	0.934131736527	0.961077844311	0.941117764471	0.921157684631	0.949101796407	0.947105788423	0.951097804391	0.955089820359	0.962075848303	0.965069860279	0.961077844311	0.963073852295	0.965069860279
CB2	0.916167664671	0.915169660679	0.839321357285	0.859281437126	0.863273453094	0.863273453094	0.918163672655	0.918163672655	0.926147704591	0.915169660679	0.86127744511	0.862275449102	0.849301397206	0.838323353293	0.922155688623	0.917165668663	0.493013972056	0.462075848303	0.268463073852	0.0	0.877245508982	0.763473053892	0.803393213573	0.808383233533	0.76746506986	0.789421157685	0.51497005988	0.591816367265	0.471057884232	0.377245508982	0.439121756487	0.420159680639	0.966067864271	0.961077844311	0.933133732535	0.958083832335	0.933133732535	0.946107784431	0.966067864271	0.962075848303	0.963073852295	0.966067864271	0.934131736527	0.957085828343	0.934131736527	0.962075848303	0.964071856287	0.90618762475	0.908183632735	0.911177644711	0.909181636727	0.903193612774	0.915169660679	0.926147704591	0.922155688623	0.924151696607	0.917165668663	0.921157684631	0.904191616766	0.918163672655	0.922155688623	0.908183632735	0.907185628743	0.928143712575	0.917165668663	0.939121756487	0.926147704591	0.925149700599	0.933133732535	0.923153692615	0.936127744511	0.904191616766	0.933133732535	0.926147704591	0.935129740519	0.959081836327	0.929141716567	0.961077844311	0.921157684631	0.959081836327	0.929141716567	0.911177644711	0.948103792415	0.946107784431	0.947105788423	0.950099800399	0.962075848303	0.961077844311	0.961077844311	0.962075848303	0.964071856287
CC1	0.735528942116	0.719560878244	0.75249500998	0.669660678643	0.718562874251	0.709580838323	0.725548902196	0.738522954092	0.734530938124	0.728542914172	0.705588822355	0.716566866267	0.677644710579	0.707584830339	0.707584830339	0.733532934132	0.858283433134	0.840319361277	0.87125748503	0.877245508982	0.0	0.466067864271	0.875249500998	0.878243512974	0.741516966068	0.827345309381	0.787425149701	0.743512974052	0.753493013972	0.783433133733	0.802395209581	0.817365269461	0.77245508982	0.7624750499	0.743512974052	0.769461077844	0.7375249501	0.786427145709	0.796407185629	0.795409181637	0.783433133733	0.793413173653	0.750499001996	0.780439121756	0.746506986028	0.77744510978	0.769461077844	0.683632734531	0.700598802395	0.73253493014	0.72255489022	0.698602794411	0.680638722555	0.690618762475	0.684630738523	0.678642714571	0.713572854291	0.717564870259	0.686626746507	0.736526946108	0.726546906188	0.691616766467	0.724550898204	0.844311377246	0.824351297405	0.769461077844	0.700598802395	0.833333333333	0.813373253493	0.706586826347	0.819361277445	0.782435129741	0.806387225549	0.690618762475	0.765469061876	0.857285429142	0.858283433134	0.683632734531	0.728542914172	0.751497005988	0.77245508982	0.719560878244	0.72754491018	0.697604790419	0.738522954092	0.733532934132	0.813373253493	0.703592814371	0.728542914172	0.761477045908	0.799401197605
CC2	0.754491017964	0.718562874251	0.728542914172	0.669660678643	0.688622754491	0.668662674651	0.725548902196	0.759481037924	0.758483033932	0.726546906188	0.661676646707	0.675648702595	0.660678642715	0.698602794411	0.717564870259	0.744510978044	0.754491017964	0.717564870259	0.768463073852	0.763473053892	0.466067864271	0.0	0.784431137725	0.793413173653	0.657684630739	0.726546906188	0.631736526946	0.566866267465	0.64870259481	0.681636726547	0.674650698603	0.697604790419	0.810379241517	0.798403193613	0.783433133733	0.803393213573	0.778443113772	0.822355289421	0.833333333333	0.827345309381	0.823353293413	0.833333333333	0.792415169661	0.817365269461	0.793413173653	0.814371257485	0.798403193613	0.685628742515	0.724550898204	0.720558882236	0.715568862275	0.724550898204	0.703592814371	0.716566866267	0.715568862275	0.712574850299	0.734530938124	0.734530938124	0.715568862275	0.717564870259	0.73253493014	0.686626746507	0.724550898204	0.858283433134	0.835329341317	0.806387225549	0.720558882236	0.840319361277	0.834331337325	0.733532934132	0.836327345309	0.787425149701	0.825349301397	0.716566866267	0.799401197605	0.873253493014	0.864271457086	0.701596806387	0.72754491018	0.746506986028	0.808383233533	0.761477045908	0.74750499002	0.729540918164	0.75748502994	0.74750499002	0.817365269461	0.720558882236	0.758483033932	0.764471057884	0.811377245509
CD1	0.933133732535	0.898203592814	0.786427145709	0.841317365269	0.659680638723	0.743512974052	0.899201596806	0.935129740519	0.941117764471	0.90618762475	0.723552894212	0.661676646707	0.809381237525	0.796407185629	0.898203592814	0.934131736527	0.723552894212	0.733532934132	0.825349301397	0.803393213573	0.875249500998	0.784431137725	0.0	0.427145708583	0.566866267465	0.473053892216	0.706586826347	0.725548902196	0.786427145709	0.809381237525	0.785429141717	0.771457085828	0.977045908184	0.978043912176	0.978043912176	0.978043912176	0.978043912176	0.9750499002	0.977045908184	0.978043912176	0.976047904192	0.978043912176	0.977045908184	0.973053892216	0.978043912176	0.977045908184	0.979041916168	0.937125748503	0.941117764471	0.936127744511	0.941117764471	0.937125748503	0.937125748503	0.936127744511	0.936127744511	0.936127744511	0.936127744511	0.939121756487	0.936127744511	0.938123752495	0.937125748503	0.935129740519	0.937125748503	0.960079840319	0.948103792415	0.969061876248	0.964071856287	0.958083832335	0.974051896208	0.967065868263	0.97005988024	0.938123752495	0.972055888224	0.967065868263	0.97005988024	0.986027944112	0.960079840319	0.969061876248	0.938123752495	0.969061876248	0.949101796407	0.947105788423	0.966067864271	0.969061876248	0.966067864271	0.965069860279	0.974051896208	0.971057884232	0.971057884232	0.971057884232	0.972055888224
CD2	0.934131736527	0.893213572854	0.782435129741	0.833333333333	0.654690618762	0.744510978044	0.893213572854	0.941117764471	0.941117764471	0.898203592814	0.72754491018	0.662674650699	0.813373253493	0.793413173653	0.897205588822	0.933133732535	0.7375249501	0.735528942116	0.832335329341	0.808383233533	0.878243512974	0.793413173653	0.427145708583	0.0	0.570858283433	0.481037924152	0.713572854291	0.721556886228	0.794411177645	0.818363273453	0.796407185629	0.773453093812	0.979041916168	0.977045908184	0.977045908184	0.977045908184	0.978043912176	0.976047904192	0.978043912176	0.976047904192	0.977045908184	0.979041916168	0.976047904192	0.973053892216	0.977045908184	0.977045908184	0.978043912176	0.942115768463	0.941117764471	0.938123752495	0.940119760479	0.940119760479	0.939121756487	0.934131736527	0.932135728543	0.932135728543	0.939121756487	0.941117764471	0.938123752495	0.939121756487	0.942115768463	0.941117764471	0.938123752495	0.963073852295	0.951097804391	0.973053892216	0.967065868263	0.960079840319	0.976047904192	0.969061876248	0.971057884232	0.937125748503	0.972055888224	0.968063872255	0.972055888224	0.986027944112	0.962075848303	0.974051896208	0.943113772455	0.971057884232	0.946107784431	0.944111776447	0.965069860279	0.97005988024	0.965069860279	0.966067864271	0.977045908184	0.976047904192	0.971057884232	0.97005988024	0.9750499002
CE1	0.818363273453	0.765469061876	0.658682634731	0.725548902196	0.561876247505	0.629740518962	0.779441117764	0.810379241517	0.818363273453	0.778443113772	0.614770459082	0.572854291417	0.719560878244	0.687624750499	0.785429141717	0.813373253493	0.686626746507	0.688622754491	0.789421157685	0.76746506986	0.741516966068	0.657684630739	0.566866267465	0.570858283433	0.0	0.439121756487	0.644710578842	0.640718562874	0.679640718563	0.718562874251	0.677644710579	0.72255489022	0.877245508982	0.87624750499	0.873253493014	0.874251497006	0.877245508982	0.875249500998	0.873253493014	0.875249500998	0.87624750499	0.87624750499	0.874251497006	0.87125748503	0.875249500998	0.878243512974	0.875249500998	0.764471057884	0.763473053892	0.793413173653	0.800399201597	0.748502994012	0.749500998004	0.77245508982	0.75249500998	0.765469061876	0.784431137725	0.751497005988	0.746506986028	0.801397205589	0.770459081836	0.779441117764	0.784431137725	0.936127744511	0.918163672655	0.890219560878	0.860279441118	0.926147704591	0.926147704591	0.872255489022	0.927145708583	0.819361277445	0.927145708583	0.868263473054	0.883233532934	0.958083832335	0.938123752495	0.854291417166	0.796407185629	0.862275449102	0.822355289421	0.806387225549	0.832335329341	0.835329341317	0.834331337325	0.834331337325	0.914171656687	0.865269461078	0.847305389222	0.87125748503	0.918163672655
CE2	0.897205588822	0.839321357285	0.728542914172	0.798403193613	0.600798403194	0.694610778443	0.853293413174	0.88622754491	0.89620758483	0.86127744511	0.668662674651	0.616766467066	0.787425149701	0.755489021956	0.850299401198	0.892215568862	0.72255489022	0.724550898204	0.823353293413	0.789421157685	0.827345309381	0.726546906188	0.473053892216	0.481037924152	0.439121756487	0.0	0.670658682635	0.666666666667	0.740518962076	0.771457085828	0.721556886228	0.748502994012	0.942115768463	0.944111776447	0.945109780439	0.947105788423	0.944111776447	0.943113772455	0.945109780439	0.945109780439	0.943113772455	0.946107784431	0.944111776447	0.940119760479	0.945109780439	0.945109780439	0.947105788423	0.838323353293	0.852295409182	0.850299401198	0.85129740519	0.845309381238	0.838323353293	0.853293413174	0.835329341317	0.842315369261	0.864271457086	0.845309381238	0.839321357285	0.855289421158	0.845309381238	0.849301397206	0.84630738523	0.955089820359	0.940119760479	0.926147704591	0.910179640719	0.940119760479	0.950099800399	0.910179640719	0.948103792415	0.860279441118	0.952095808383	0.908183632735	0.923153692615	0.976047904192	0.954091816367	0.916167664671	0.842315369261	0.912175648703	0.894211576846	0.888223552894	0.913173652695	0.916167664671	0.911177644711	0.909181636727	0.935129740519	0.918163672655	0.920159680639	0.918163672655	0.937125748503
CF1	0.864271457086	0.821357285429	0.7624750499	0.794411177645	0.712574850299	0.726546906188	0.829341317365	0.857285429142	0.864271457086	0.817365269461	0.713572854291	0.718562874251	0.784431137725	0.755489021956	0.833333333333	0.85129740519	0.4750499002	0.441117764471	0.544910179641	0.51497005988	0.787425149701	0.631736526946	0.706586826347	0.713572854291	0.644710578842	0.670658682635	0.0	0.35628742515	0.4750499002	0.481037924152	0.440119760479	0.424151696607	0.913173652695	0.911177644711	0.911177644711	0.910179640719	0.913173652695	0.909181636727	0.915169660679	0.913173652695	0.912175648703	0.915169660679	0.909181636727	0.909181636727	0.911177644711	0.914171656687	0.913173652695	0.825349301397	0.835329341317	0.827345309381	0.836327345309	0.825349301397	0.828343313373	0.827345309381	0.815369261477	0.817365269461	0.832335329341	0.831337325349	0.829341317365	0.833333333333	0.830339321357	0.821357285429	0.839321357285	0.926147704591	0.915169660679	0.925149700599	0.879241516966	0.915169660679	0.90618762475	0.872255489022	0.908183632735	0.860279441118	0.894211576846	0.87125748503	0.923153692615	0.953093812375	0.927145708583	0.872255489022	0.829341317365	0.877245508982	0.907185628743	0.873253493014	0.882235528942	0.873253493014	0.87624750499	0.873253493014	0.897205588822	0.87624750499	0.880239520958	0.87624750499	0.890219560878
CF2	0.838323353293	0.780439121756	0.753493013972	0.761477045908	0.692614770459	0.716566866267	0.801397205589	0.837325349301	0.839321357285	0.793413173653	0.695608782435	0.692614770459	0.744510978044	0.733532934132	0.805389221557	0.828343313373	0.553892215569	0.526946107784	0.60878243513	0.591816367265	0.743512974052	0.566866267465	0.725548902196	0.721556886228	0.640718562874	0.666666666667	0.35628742515	0.0	0.530938123752	0.537924151697	0.477045908184	0.497005988024	0.89121756487	0.882235528942	0.883233532934	0.887225548902	0.887225548902	0.89121756487	0.892215568862	0.889221556886	0.88622754491	0.892215568862	0.887225548902	0.88123752495	0.88622754491	0.888223552894	0.88622754491	0.792415169661	0.789421157685	0.785429141717	0.793413173653	0.793413173653	0.77744510978	0.793413173653	0.781437125749	0.784431137725	0.807385229541	0.791417165669	0.792415169661	0.787425149701	0.789421157685	0.783433133733	0.796407185629	0.915169660679	0.909181636727	0.90618762475	0.843313373253	0.90618762475	0.883233532934	0.836327345309	0.895209580838	0.836327345309	0.882235528942	0.843313373253	0.905189620758	0.946107784431	0.915169660679	0.827345309381	0.787425149701	0.843313373253	0.884231536926	0.849301397206	0.844311377246	0.834331337325	0.840319361277	0.840319361277	0.875249500998	0.834331337325	0.840319361277	0.845309381238	0.853293413174
CG1	0.831337325349	0.802395209581	0.734530938124	0.72754491018	0.753493013972	0.7624750499	0.803393213573	0.815369261477	0.812375249501	0.801397205589	0.769461077844	0.758483033932	0.713572854291	0.735528942116	0.808383233533	0.822355289421	0.452095808383	0.444111776447	0.49001996008	0.471057884232	0.753493013972	0.64870259481	0.786427145709	0.794411177645	0.679640718563	0.740518962076	0.4750499002	0.530938123752	0.0	0.359281437126	0.437125748503	0.456087824351	0.892215568862	0.88622754491	0.841317365269	0.883233532934	0.839321357285	0.874251497006	0.890219560878	0.890219560878	0.88622754491	0.89121756487	0.830339321357	0.879241516966	0.837325349301	0.888223552894	0.890219560878	0.827345309381	0.815369261477	0.838323353293	0.827345309381	0.826347305389	0.836327345309	0.847305389222	0.842315369261	0.845309381238	0.840319361277	0.842315369261	0.826347305389	0.838323353293	0.845309381238	0.816367265469	0.826347305389	0.88622754491	0.894211576846	0.868263473054	0.822355289421	0.895209580838	0.862275449102	0.823353293413	0.89121756487	0.893213572854	0.88123752495	0.824351297405	0.868263473054	0.911177644711	0.904191616766	0.858283433134	0.862275449102	0.85129740519	0.854291417166	0.834331337325	0.85628742515	0.84630738523	0.849301397206	0.850299401198	0.880239520958	0.857285429142	0.86127744511	0.853293413174	0.900199600798
