	AA3	AA4	AB3	AB4	AC3	AC4	AD3	AD4	AE3	AE4	AF3	AF4	AG3	AG4	AH3	AH4	AA7	AA8	AB7	AB8	AC7	AC8	AD7	AD8	AE7	AE8	AF7	AF8	AG7	AG8	AH7	AH8	AA5	AA6	AB5	AB6	AC5	AC6	AD6	AE5	AE6	AF5	AF6	AG5	AH5	AH6	AA1	AA2	AB1	AB2	AC1	AC2	AD1	AD2	AE1	AE2	AF1	AF2	AG1	AG2	AH1	AH2
AA3	0.0	0.489125181247	0.940067665539	0.631706138231	0.663605606573	0.574190430159	0.675688738521	0.576123731271	0.575157080715	0.598840019333	0.599806669889	0.607539874335	0.57177380377	0.863218946351	0.643789270179	0.329627839536	0.565007249879	0.550507491542	0.872885451909	0.714838086032	0.623489608507	0.569840502658	0.587723537941	0.574190430159	0.831319478009	0.600289995167	0.554857419043	0.554374093765	0.575157080715	0.579023682939	0.587240212663	0.557274045433	0.586273562107	0.595456742388	0.734654422426	0.68293861769	0.59497341711	0.607539874335	0.592073465442	0.607056549058	0.592073465442	0.699855002417	0.674722087965	0.61333977767	0.62735621073	0.611406476559	0.677138714355	0.64572257129	0.705654905752	0.657805703238	0.632189463509	0.658289028516	0.565007249879	0.556790720155	0.558240695988	0.568873852102	0.584340260996	0.654422426293	0.582890285162	0.664088931851	0.570807153214	0.654422426293
AA4	0.489125181247	0.0	0.950217496375	0.579507008217	0.56935717738	0.488158530691	0.59497341711	0.485258579024	0.522474625423	0.510391493475	0.5601739971	0.512808119865	0.491058482359	0.862735621073	0.37264378927	0.391976800387	0.555824069599	0.539874335428	0.895601739971	0.722087965201	0.673755437409	0.594006766554	0.597873368777	0.582406959884	0.876752054132	0.635572740454	0.564523924601	0.58337361044	0.620106331561	0.613823102948	0.634606089899	0.591106814886	0.526341227646	0.536491058482	0.666988883519	0.599806669889	0.570807153214	0.512808119865	0.53020782987	0.525857902368	0.493475108748	0.630739487675	0.589173513775	0.522474625423	0.604639922668	0.585790236829	0.643305944901	0.58337361044	0.631706138231	0.603673272112	0.584823586274	0.627839536008	0.519574673755	0.526341227646	0.53020782987	0.524891251812	0.516674722088	0.619139681005	0.519574673755	0.598356694055	0.530691155147	0.596906718221
AB3	0.940067665539	0.950217496375	0.0	0.679555340744	0.913484775254	0.952150797487	0.952150797487	0.946350894152	0.933301111648	0.94683421943	0.972450459159	0.930401159981	0.962300628323	0.337844369261	0.962300628323	0.942484291928	0.971967133881	0.969067182214	0.749637506042	0.742387626873	0.896568390527	0.917834702755	0.963750604157	0.953117448043	0.851619139681	0.896085065249	0.942967617206	0.936684388594	0.842919284679	0.838086031899	0.95601739971	0.95360077332	0.9584340261	0.96520057999	0.975833736104	0.965683905268	0.975350410826	0.951667472209	0.973900434993	0.973900434993	0.972450459159	0.931851135814	0.934267762204	0.952150797487	0.980666988884	0.971967133881	0.972933784437	0.972933784437	0.969550507492	0.970033832769	0.975350410826	0.971000483325	0.974867085549	0.974867085549	0.977767037216	0.974383760271	0.971483808603	0.971967133881	0.971483808603	0.971483808603	0.973900434993	0.971967133881
AB4	0.631706138231	0.579507008217	0.679555340744	0.0	0.644272595457	0.608989850169	0.698888351861	0.626389560174	0.620106331561	0.625906234896	0.649105848236	0.608989850169	0.492025132914	0.568390526825	0.600773320445	0.603673272112	0.651039149348	0.638472692122	0.739004349928	0.558724021266	0.670855485742	0.621556307395	0.656839052682	0.649589173514	0.796036732721	0.653939101015	0.647172547124	0.641372643789	0.563073948768	0.576607056549	0.686805219913	0.647655872402	0.654422426293	0.668438859352	0.732721121315	0.678588690188	0.660705654906	0.642339294345	0.637506041566	0.641855969067	0.635572740454	0.67133881102	0.656839052682	0.646205896568	0.698405026583	0.677138714355	0.699855002417	0.656355727405	0.710488158531	0.678105364911	0.675688738521	0.677622039633	0.642339294345	0.644272595457	0.654905751571	0.641372643789	0.653455775737	0.683905268246	0.65055582407	0.662638956017	0.654422426293	0.662638956017
AC3	0.663605606573	0.56935717738	0.913484775254	0.644272595457	0.0	0.479458675689	0.652972450459	0.566940550991	0.561140647656	0.590623489609	0.610923151281	0.3194780087	0.601739971	0.837602706622	0.595940067666	0.611889801837	0.623006283229	0.603673272112	0.876268728855	0.747220879652	0.741420976317	0.684388593523	0.722571290478	0.710971483809	0.830352827453	0.70372160464	0.653455775737	0.689221846303	0.694055099082	0.695988400193	0.705171580474	0.663122281295	0.618656355727	0.630739487675	0.615273078782	0.56935717738	0.633156114065	0.582890285162	0.572257129048	0.564040599323	0.570807153214	0.659255679072	0.646689221846	0.576123731271	0.655389076849	0.635572740454	0.590623489609	0.581440309328	0.573223779604	0.563557274045	0.598840019333	0.589656839053	0.549057515708	0.567423876269	0.582890285162	0.558240695988	0.62735621073	0.570807153214	0.629772837119	0.579990333494	0.61575640406	0.582890285162
AC4	0.574190430159	0.488158530691	0.952150797487	0.608989850169	0.479458675689	0.0	0.620589656839	0.401643305945	0.394393426776	0.522474625423	0.330594490092	0.385210246496	0.492508458192	0.871435476075	0.545190913485	0.535041082649	0.468342194297	0.443692605123	0.926534557757	0.742387626873	0.601256645723	0.526824552924	0.522474625423	0.507974867086	0.885451909135	0.579990333494	0.481875302078	0.514258095698	0.547607539874	0.554857419043	0.568390526825	0.51377477042	0.455775737071	0.465925567907	0.625422909618	0.549540840986	0.453842435959	0.514741420976	0.389560173997	0.538907684872	0.455775737071	0.673755437409	0.631706138231	0.511358144031	0.498791686805	0.477042049299	0.623489608507	0.561140647656	0.598356694055	0.568390526825	0.563557274045	0.60415659739	0.476075398743	0.497341710971	0.494441759304	0.492025132914	0.546640889319	0.592073465442	0.545190913485	0.559207346544	0.481875302078	0.570807153214
AD3	0.675688738521	0.59497341711	0.952150797487	0.698888351861	0.652972450459	0.620589656839	0.0	0.539874335428	0.649589173514	0.362493958434	0.679072015466	0.622039632673	0.647655872402	0.877718704688	0.590623489609	0.642822619623	0.69453842436	0.693088448526	0.93523441276	0.756404059932	0.725471242146	0.70130497825	0.706138231029	0.701788303528	0.910101498308	0.694055099082	0.701788303528	0.699855002417	0.695988400193	0.691638472692	0.724021266312	0.696955050749	0.637506041566	0.654905751571	0.741904301595	0.677138714355	0.682455292412	0.544224262929	0.636056065732	0.582890285162	0.587723537941	0.567423876269	0.541807636539	0.553890768487	0.714354760754	0.693088448526	0.772837119381	0.724987916868	0.739004349928	0.729821169647	0.708071532141	0.751570807153	0.665055582407	0.666988883519	0.679072015466	0.668438859352	0.651522474625	0.738037699372	0.64813919768	0.722571290478	0.695505074915	0.732237796037
AD4	0.576123731271	0.485258579024	0.946350894152	0.626389560174	0.566940550991	0.401643305945	0.539874335428	0.0	0.315611406477	0.420009666506	0.433542774287	0.504108264862	0.510874818753	0.862252295795	0.537941034316	0.532624456259	0.468825519575	0.442725954567	0.937167713871	0.753987433543	0.574673755437	0.494925084582	0.505558240696	0.489608506525	0.904784920251	0.601256645723	0.443692605123	0.473658772354	0.529724504592	0.553407443209	0.556790720155	0.502174963751	0.402126631223	0.450459159014	0.65055582407	0.572740454326	0.446592556791	0.491058482359	0.43740937651	0.551957467376	0.464958917351	0.642822619623	0.602223296278	0.493475108748	0.527307878202	0.493958434026	0.668438859352	0.612856452392	0.641372643789	0.631706138231	0.611889801837	0.65055582407	0.515224746254	0.536491058482	0.529241179314	0.53020782987	0.53939101015	0.640405993233	0.546157564041	0.622522957951	0.510391493475	0.625422909618
AE3	0.575157080715	0.522474625423	0.933301111648	0.620106331561	0.561140647656	0.394393426776	0.649589173514	0.315611406477	0.0	0.523441275979	0.391010149831	0.501691638473	0.504108264862	0.854035766071	0.563557274045	0.541807636539	0.452392460126	0.425809569841	0.927017883035	0.738037699372	0.553407443209	0.481875302078	0.496375060416	0.474142097632	0.885935234413	0.584823586274	0.431609473175	0.463508941518	0.508458192363	0.540840985984	0.539874335428	0.493475108748	0.412759787337	0.460125664572	0.65973900435	0.588690188497	0.43740937651	0.535524407927	0.435959400677	0.592073465442	0.508458192363	0.686805219913	0.643305944901	0.524407926535	0.514741420976	0.4813919768	0.661672305462	0.601256645723	0.637506041566	0.621072982117	0.598356694055	0.646689221846	0.503624939584	0.534557757371	0.525857902368	0.52779120348	0.554857419043	0.633156114065	0.564040599323	0.611406476559	0.507491541808	0.610923151281
AE4	0.598840019333	0.510391493475	0.94683421943	0.625906234896	0.590623489609	0.522474625423	0.362493958434	0.420009666506	0.523441275979	0.0	0.584340260996	0.533107781537	0.565007249879	0.866602223296	0.537941034316	0.55099081682	0.598356694055	0.590623489609	0.927984533591	0.739971000483	0.672788786854	0.599323344611	0.609473175447	0.600289995167	0.90043499275	0.631706138231	0.596906718221	0.595456742388	0.602706621556	0.607056549058	0.649589173514	0.603189946834	0.542774287095	0.556307394877	0.683905268246	0.606089898502	0.586756887385	0.478975350411	0.547607539874	0.517158047366	0.50700821653	0.575157080715	0.535041082649	0.485741904302	0.62735621073	0.606089898502	0.705171580474	0.649589173514	0.684871918801	0.675688738521	0.644272595457	0.682455292412	0.58095698405	0.582890285162	0.584340260996	0.579023682939	0.568873852102	0.674722087965	0.579507008217	0.668438859352	0.598356694055	0.666022232963
AF3	0.599806669889	0.5601739971	0.972450459159	0.649105848236	0.610923151281	0.330594490092	0.679072015466	0.433542774287	0.391010149831	0.584340260996	0.0	0.517641372644	0.529241179314	0.891735137748	0.603673272112	0.586273562107	0.444175930401	0.437892701788	0.960850652489	0.783953600773	0.598356694055	0.534557757371	0.44900918318	0.437892701788	0.919768003867	0.616239729338	0.434992750121	0.502658289029	0.56259062349	0.581440309328	0.530691155147	0.500241662639	0.455292411793	0.508458192363	0.660222329628	0.614306428226	0.411793136781	0.558724021266	0.439342677622	0.609473175447	0.523924601257	0.71532141131	0.680038666022	0.551957467376	0.514741420976	0.490091831803	0.659255679072	0.597873368777	0.654422426293	0.617206379894	0.594006766554	0.640405993233	0.528274528758	0.529241179314	0.523924601257	0.53020782987	0.584823586274	0.636056065732	0.587240212663	0.603189946834	0.506041565974	0.602223296278
AF4	0.607539874335	0.512808119865	0.930401159981	0.608989850169	0.3194780087	0.385210246496	0.622039632673	0.504108264862	0.501691638473	0.533107781537	0.517641372644	0.0	0.546640889319	0.852102464959	0.55099081682	0.550024166264	0.568873852102	0.550024166264	0.884485258579	0.710971483809	0.700821652972	0.630256162397	0.65732237796	0.642339294345	0.845335911068	0.652489125181	0.591590140164	0.629289511841	0.649105848236	0.65732237796	0.660705654906	0.61333977767	0.550507491542	0.566940550991	0.612856452392	0.53697438376	0.575157080715	0.53697438376	0.516674722088	0.523441275979	0.524891251812	0.631706138231	0.619139681005	0.528274528758	0.599806669889	0.579023682939	0.598356694055	0.545674238763	0.579990333494	0.546640889319	0.567423876269	0.576607056549	0.500241662639	0.534557757371	0.546157564041	0.515708071532	0.568390526825	0.565490575157	0.573223779604	0.551474142098	0.54857419043	0.550024166264
AG3	0.57177380377	0.491058482359	0.962300628323	0.492025132914	0.601739971	0.492508458192	0.647655872402	0.510874818753	0.504108264862	0.565007249879	0.529241179314	0.546640889319	0.0	0.850652489125	0.522957950701	0.538424359594	0.516674722088	0.490575157081	0.927984533591	0.74770420493	0.668438859352	0.591590140164	0.590623489609	0.590623489609	0.883518608023	0.6389560174	0.535041082649	0.575157080715	0.620106331561	0.61333977767	0.633156114065	0.571290478492	0.540357660706	0.52779120348	0.661188980184	0.611406476559	0.542774287095	0.550507491542	0.521024649589	0.556307394877	0.51377477042	0.676655389077	0.637506041566	0.549057515708	0.579990333494	0.553890768487	0.623006283229	0.575157080715	0.625906234896	0.602223296278	0.585790236829	0.605606573224	0.505558240696	0.520057999033	0.533107781537	0.518124697922	0.552924117931	0.611406476559	0.556307394877	0.593040115998	0.507491541808	0.579023682939
AG4	0.863218946351	0.862735621073	0.337844369261	0.568390526825	0.837602706622	0.871435476075	0.877718704688	0.862252295795	0.854035766071	0.866602223296	0.891735137748	0.852102464959	0.850652489125	0.0	0.877718704688	0.853552440793	0.896085065249	0.890285161914	0.719671338811	0.676172063799	0.82165297245	0.839052682455	0.886418559691	0.874818753021	0.828419526341	0.828902851619	0.864185596907	0.861285645239	0.762203963267	0.753504108265	0.886901884969	0.872402126631	0.881585306912	0.886418559691	0.908168197197	0.897535041083	0.900918318028	0.86563557274	0.892218463026	0.890768487192	0.889801836636	0.85886901885	0.85886901885	0.874818753021	0.909134847753	0.894151764137	0.891735137748	0.896568390527	0.892701788304	0.893185113581	0.899468342194	0.893185113581	0.898501691638	0.898018366361	0.903818269696	0.898018366361	0.894151764137	0.895601739971	0.894151764137	0.89125181247	0.898018366361	0.897051715805
AH3	0.643789270179	0.37264378927	0.962300628323	0.600773320445	0.595940067666	0.545190913485	0.590623489609	0.537941034316	0.563557274045	0.537941034316	0.603673272112	0.55099081682	0.522957950701	0.877718704688	0.0	0.528274528758	0.589656839053	0.576123731271	0.933784436926	0.760753987434	0.706138231029	0.627839536008	0.631222812953	0.630256162397	0.903818269696	0.697438376027	0.619623006283	0.628806186564	0.673272112131	0.666505558241	0.68970517158	0.636056065732	0.543257612373	0.56935717738	0.702271628806	0.637506041566	0.628322861286	0.53939101015	0.585790236829	0.550024166264	0.555340744321	0.605123247946	0.577573707105	0.557274045433	0.649589173514	0.631706138231	0.695505074915	0.623006283229	0.667955534074	0.653939101015	0.649105848236	0.677138714355	0.584340260996	0.599806669889	0.595940067666	0.590623489609	0.568390526825	0.666022232963	0.558240695988	0.6389560174	0.591590140164	0.6389560174
AH4	0.329627839536	0.391976800387	0.942484291928	0.603673272112	0.611889801837	0.535041082649	0.642822619623	0.532624456259	0.541807636539	0.55099081682	0.586273562107	0.550024166264	0.538424359594	0.853552440793	0.528274528758	0.0	0.555824069599	0.542290961817	0.874335427743	0.711454809087	0.633639439343	0.5601739971	0.581923634606	0.57177380377	0.850652489125	0.623489608507	0.553890768487	0.558724021266	0.602223296278	0.602706621556	0.607056549058	0.561140647656	0.543740937651	0.549057515708	0.698888351861	0.631706138231	0.593040115998	0.570323827936	0.559207346544	0.565973900435	0.553890768487	0.664572257129	0.626872885452	0.581440309328	0.618656355727	0.59255679072	0.666022232963	0.609956500725	0.666022232963	0.628806186564	0.608989850169	0.643789270179	0.536491058482	0.552924117931	0.558724021266	0.534557757371	0.511841469309	0.636056065732	0.514741420976	0.641855969067	0.547607539874	0.622039632673
AA7	0.565007249879	0.555824069599	0.971967133881	0.651039149348	0.623006283229	0.468342194297	0.69453842436	0.468825519575	0.452392460126	0.598356694055	0.444175930401	0.568873852102	0.516674722088	0.896085065249	0.589656839053	0.555824069599	0.0	0.287578540358	0.926534557757	0.761720637989	0.593040115998	0.512808119865	0.48622522958	0.487675205413	0.878202029966	0.608989850169	0.434026099565	0.480425326245	0.556307394877	0.577090381827	0.514258095698	0.425326244563	0.439342677622	0.488641855969	0.698888351861	0.647655872402	0.475592073465	0.573707104882	0.486708554857	0.607056549058	0.537941034316	0.717254712421	0.675688738521	0.577090381827	0.552440792653	0.516674722088	0.655872402127	0.608023199613	0.669888835186	0.635572740454	0.591106814886	0.628322861286	0.508458192363	0.524891251812	0.519091348478	0.522474625423	0.551474142098	0.621072982117	0.549540840986	0.646205896568	0.501691638473	0.612373127115
AA8	0.550507491542	0.539874335428	0.969067182214	0.638472692122	0.603673272112	0.443692605123	0.693088448526	0.442725954567	0.425809569841	0.590623489609	0.437892701788	0.550024166264	0.490575157081	0.890285161914	0.576123731271	0.542290961817	0.287578540358	0.0	0.914934751087	0.749637506042	0.572740454326	0.488641855969	0.477042049299	0.47220879652	0.856935717738	0.577090381827	0.416143064282	0.454809086515	0.536491058482	0.562107298212	0.478975350411	0.379893668439	0.424842919285	0.478492025133	0.695021749638	0.643789270179	0.468825519575	0.569840502658	0.471725471242	0.594490091832	0.522474625423	0.719671338811	0.6805219913	0.565007249879	0.542774287095	0.510391493475	0.644272595457	0.593523441276	0.655872402127	0.617206379894	0.584823586274	0.617689705172	0.492508458192	0.511841469309	0.512808119865	0.513291445143	0.546157564041	0.608023199613	0.549057515708	0.627839536008	0.484775253746	0.601256645723
AB7	0.872885451909	0.895601739971	0.749637506042	0.739004349928	0.876268728855	0.926534557757	0.93523441276	0.937167713871	0.927017883035	0.927984533591	0.960850652489	0.884485258579	0.927984533591	0.719671338811	0.933784436926	0.874335427743	0.926534557757	0.914934751087	0.0	0.420009666506	0.81488641856	0.852102464959	0.931851135814	0.919768003867	0.741904301595	0.821169647173	0.894151764137	0.878685355244	0.724987916868	0.704688255196	0.890285161914	0.896085065249	0.925567907202	0.942967617206	0.942484291928	0.934267762204	0.949734171097	0.911068148864	0.954567423876	0.93281778637	0.938134364427	0.87723537941	0.880618656356	0.91203479942	0.959884001933	0.950217496375	0.929434509425	0.929917834703	0.931851135814	0.927984533591	0.93281778637	0.923151280812	0.925567907202	0.921701304978	0.920251329145	0.919284678589	0.920734654422	0.917351377477	0.920251329145	0.933301111648	0.945867568874	0.929434509425
AB8	0.714838086032	0.722087965201	0.742387626873	0.558724021266	0.747220879652	0.742387626873	0.756404059932	0.753987433543	0.738037699372	0.739971000483	0.783953600773	0.710971483809	0.74770420493	0.676172063799	0.760753987434	0.711454809087	0.761720637989	0.749637506042	0.420009666506	0.0	0.641855969067	0.671822136298	0.748670855486	0.732237796037	0.743837602707	0.655389076849	0.708554857419	0.68970517158	0.51377477042	0.514741420976	0.73368777187	0.724987916868	0.753504108265	0.761237312711	0.80328661189	0.761720637989	0.765103914935	0.728854519091	0.772353794103	0.757370710488	0.75688738521	0.718704688255	0.710488158531	0.72692121798	0.782986950217	0.772837119381	0.811503141614	0.761720637989	0.793136781054	0.771870468826	0.769937167714	0.77767037216	0.759787336878	0.760753987434	0.75688738521	0.753987433543	0.749154180764	0.772837119381	0.752054132431	0.768970517158	0.762203963267	0.761720637989
AC7	0.623489608507	0.673755437409	0.896568390527	0.670855485742	0.741420976317	0.601256645723	0.725471242146	0.574673755437	0.553407443209	0.672788786854	0.598356694055	0.700821652972	0.668438859352	0.82165297245	0.706138231029	0.633639439343	0.593040115998	0.572740454326	0.81488641856	0.641855969067	0.0	0.363943934268	0.573707104882	0.553890768487	0.828902851619	0.586273562107	0.531657805703	0.508458192363	0.470758820686	0.481875302078	0.570807153214	0.549057515708	0.565973900435	0.608506524891	0.804253262446	0.749637506042	0.619139681005	0.662155630739	0.621556307395	0.720637989367	0.667472208797	0.717738037699	0.695505074915	0.658772353794	0.643789270179	0.618173030449	0.82648622523	0.765103914935	0.815853069116	0.794586756887	0.747220879652	0.795070082165	0.686805219913	0.694055099082	0.679555340744	0.696955050749	0.684388593523	0.793620106332	0.6805219913	0.781536974384	0.641855969067	0.774770420493
AC8	0.569840502658	0.594006766554	0.917834702755	0.621556307395	0.684388593523	0.526824552924	0.70130497825	0.494925084582	0.481875302078	0.599323344611	0.534557757371	0.630256162397	0.591590140164	0.839052682455	0.627839536008	0.5601739971	0.512808119865	0.488641855969	0.852102464959	0.671822136298	0.363943934268	0.0	0.491058482359	0.478008699855	0.838569357177	0.551957467376	0.397776703722	0.381826969551	0.461575640406	0.481875302078	0.531174480425	0.482358627356	0.485741904302	0.524891251812	0.728371193813	0.669405509908	0.541324311261	0.588206863219	0.537457709038	0.639922667956	0.584823586274	0.676172063799	0.634122764621	0.586756887385	0.583856935718	0.551474142098	0.73610439826	0.672788786854	0.739971000483	0.711938134364	0.666988883519	0.704204929918	0.601256645723	0.609956500725	0.596423392943	0.607539874335	0.599806669889	0.704204929918	0.595456742388	0.702754954084	0.5601739971	0.688255195747
AD7	0.587723537941	0.597873368777	0.963750604157	0.656839052682	0.722571290478	0.522474625423	0.706138231029	0.505558240696	0.496375060416	0.609473175447	0.44900918318	0.65732237796	0.590623489609	0.886418559691	0.631222812953	0.581923634606	0.48622522958	0.477042049299	0.931851135814	0.748670855486	0.573707104882	0.491058482359	0.0	0.279845335911	0.889318511358	0.518124697922	0.429192846786	0.452392460126	0.523924601257	0.541324311261	0.498791686805	0.467858869019	0.492025132914	0.541324311261	0.737554374094	0.677138714355	0.499275012083	0.605123247946	0.543740937651	0.63653939101	0.587723537941	0.718704688255	0.677622039633	0.605123247946	0.565973900435	0.550024166264	0.744804253262	0.680038666022	0.743354277429	0.716771387144	0.666505558241	0.710004833253	0.609473175447	0.612373127115	0.595456742388	0.613823102948	0.598356694055	0.707588206863	0.602706621556	0.700338327695	0.570323827936	0.69212179797
AD8	0.574190430159	0.582406959884	0.953117448043	0.649589173514	0.710971483809	0.507974867086	0.701788303528	0.489608506525	0.474142097632	0.600289995167	0.437892701788	0.642339294345	0.590623489609	0.874818753021	0.630256162397	0.57177380377	0.487675205413	0.47220879652	0.919768003867	0.732237796037	0.553890768487	0.478008699855	0.279845335911	0.0	0.857902368294	0.477525374577	0.413243112615	0.444175930401	0.508941517641	0.523924601257	0.491541807637	0.456259062349	0.491541807637	0.54857419043	0.73852102465	0.6805219913	0.498791686805	0.603673272112	0.541807636539	0.633156114065	0.585306911551	0.718221362977	0.683421942968	0.595940067666	0.570323827936	0.559690671822	0.743354277429	0.677138714355	0.746737554374	0.716771387144	0.661672305462	0.708554857419	0.602223296278	0.608989850169	0.592073465442	0.609473175447	0.599323344611	0.706621556307	0.599806669889	0.697438376027	0.565007249879	0.690671822136
AE7	0.831319478009	0.876752054132	0.851619139681	0.796036732721	0.830352827453	0.885451909135	0.910101498308	0.904784920251	0.885935234413	0.90043499275	0.919768003867	0.845335911068	0.883518608023	0.828419526341	0.903818269696	0.850652489125	0.878202029966	0.856935717738	0.741904301595	0.743837602707	0.828902851619	0.838569357177	0.889318511358	0.857902368294	0.0	0.542774287095	0.871435476075	0.862252295795	0.771870468826	0.768003866602	0.836636056066	0.840019333011	0.90285161914	0.913484775254	0.929434509425	0.915418076365	0.919768003867	0.894635089415	0.918318028033	0.885451909135	0.899951667472	0.870952150797	0.880135331078	0.881585306912	0.942000966651	0.922667955534	0.889801836636	0.904784920251	0.906718221363	0.895118414693	0.906718221363	0.896568390527	0.889318511358	0.889318511358	0.898501691638	0.887868535524	0.903334944418	0.890285161914	0.898018366361	0.903818269696	0.912518124698	0.899951667472
AE8	0.600289995167	0.635572740454	0.896085065249	0.653939101015	0.70372160464	0.579990333494	0.694055099082	0.601256645723	0.584823586274	0.631706138231	0.616239729338	0.652489125181	0.6389560174	0.828902851619	0.697438376027	0.623489608507	0.608989850169	0.577090381827	0.821169647173	0.655389076849	0.586273562107	0.551957467376	0.518124697922	0.477525374577	0.542774287095	0.0	0.567423876269	0.554374093765	0.521024649589	0.509908168197	0.569840502658	0.553890768487	0.607056549058	0.61575640406	0.767520541324	0.710004833253	0.621072982117	0.628322861286	0.623972933784	0.652005799903	0.630739487675	0.684871918801	0.67133881102	0.619139681005	0.64572257129	0.629772837119	0.763170613823	0.713388110198	0.763170613823	0.735137747704	0.694055099082	0.743354277429	0.655872402127	0.651522474625	0.644755920735	0.660705654906	0.663122281295	0.730787820203	0.669405509908	0.723054615756	0.62735621073	0.717254712421
AF7	0.554857419043	0.564523924601	0.942967617206	0.647172547124	0.653455775737	0.481875302078	0.701788303528	0.443692605123	0.431609473175	0.596906718221	0.434992750121	0.591590140164	0.535041082649	0.864185596907	0.619623006283	0.553890768487	0.434026099565	0.416143064282	0.894151764137	0.708554857419	0.531657805703	0.397776703722	0.429192846786	0.413243112615	0.871435476075	0.567423876269	0.0	0.322861285645	0.493475108748	0.509908168197	0.481875302078	0.458675688739	0.422426292895	0.47220879652	0.686321894635	0.629289511841	0.45142580957	0.549057515708	0.494925084582	0.608506524891	0.525857902368	0.697438376027	0.656355727405	0.552924117931	0.528757854036	0.506041565974	0.674238762687	0.614789753504	0.683905268246	0.666022232963	0.610439826003	0.643305944901	0.546640889319	0.55099081682	0.537457709038	0.557274045433	0.567423876269	0.644272595457	0.570323827936	0.647172547124	0.503141614306	0.631222812953
AF8	0.554374093765	0.58337361044	0.936684388594	0.641372643789	0.689221846303	0.514258095698	0.699855002417	0.473658772354	0.463508941518	0.595456742388	0.502658289029	0.629289511841	0.575157080715	0.861285645239	0.628806186564	0.558724021266	0.480425326245	0.454809086515	0.878685355244	0.68970517158	0.508458192363	0.381826969551	0.452392460126	0.444175930401	0.862252295795	0.554374093765	0.322861285645	0.0	0.476075398743	0.491058482359	0.515224746254	0.467375543741	0.447075882069	0.519574673755	0.709521507975	0.65055582407	0.488158530691	0.569840502658	0.524891251812	0.601739971	0.551474142098	0.673755437409	0.635089415176	0.571290478492	0.56259062349	0.537457709038	0.705171580474	0.647655872402	0.71290478492	0.692605123248	0.634606089899	0.674722087965	0.574673755437	0.582406959884	0.569840502658	0.586756887385	0.570323827936	0.672788786854	0.562107298212	0.679555340744	0.530691155147	0.664088931851
AG7	0.575157080715	0.620106331561	0.842919284679	0.563073948768	0.694055099082	0.547607539874	0.695988400193	0.529724504592	0.508458192363	0.602706621556	0.56259062349	0.649105848236	0.620106331561	0.762203963267	0.673272112131	0.602223296278	0.556307394877	0.536491058482	0.724987916868	0.51377477042	0.470758820686	0.461575640406	0.523924601257	0.508941517641	0.771870468826	0.521024649589	0.493475108748	0.476075398743	0.0	0.299661672305	0.545674238763	0.512808119865	0.530691155147	0.582890285162	0.755437409377	0.69453842436	0.560657322378	0.601739971	0.568873852102	0.644272595457	0.602223296278	0.670372160464	0.642339294345	0.595940067666	0.616723054616	0.595940067666	0.762687288545	0.690671822136	0.753020782987	0.725471242146	0.682455292412	0.727404543258	0.631706138231	0.632672788787	0.630256162397	0.6389560174	0.64572257129	0.723537941034	0.650072498792	0.713871435476	0.601739971	0.702754954084
AG8	0.579023682939	0.613823102948	0.838086031899	0.576607056549	0.695988400193	0.554857419043	0.691638472692	0.553407443209	0.540840985984	0.607056549058	0.581440309328	0.65732237796	0.61333977767	0.753504108265	0.666505558241	0.602706621556	0.577090381827	0.562107298212	0.704688255196	0.514741420976	0.481875302078	0.481875302078	0.541324311261	0.523924601257	0.768003866602	0.509908168197	0.509908168197	0.491058482359	0.299661672305	0.0	0.56935717738	0.534074432093	0.556790720155	0.580473658772	0.755920734654	0.695505074915	0.569840502658	0.593040115998	0.581440309328	0.641372643789	0.588690188497	0.661672305462	0.637022716288	0.596423392943	0.610923151281	0.594006766554	0.758820686322	0.69212179797	0.751570807153	0.726437892702	0.6805219913	0.725471242146	0.631706138231	0.628322861286	0.628322861286	0.638472692122	0.641855969067	0.721121314645	0.645239246013	0.710488158531	0.608989850169	0.702271628806
AH7	0.587240212663	0.634606089899	0.95601739971	0.686805219913	0.705171580474	0.568390526825	0.724021266312	0.556790720155	0.539874335428	0.649589173514	0.530691155147	0.660705654906	0.633156114065	0.886901884969	0.68970517158	0.607056549058	0.514258095698	0.478975350411	0.890285161914	0.73368777187	0.570807153214	0.531174480425	0.498791686805	0.491541807637	0.836636056066	0.569840502658	0.481875302078	0.515224746254	0.545674238763	0.56935717738	0.0	0.321894635089	0.571290478492	0.618173030449	0.774770420493	0.723054615756	0.558724021266	0.65732237796	0.599323344611	0.658289028516	0.631706138231	0.755437409377	0.73368777187	0.656839052682	0.639439342678	0.623972933784	0.760753987434	0.717254712421	0.775737071049	0.73368777187	0.701788303528	0.732721121315	0.625906234896	0.635089415176	0.622522957951	0.638472692122	0.631222812953	0.731271145481	0.629289511841	0.724987916868	0.616723054616	0.725471242146
AH8	0.557274045433	0.591106814886	0.95360077332	0.647655872402	0.663122281295	0.51377477042	0.696955050749	0.502174963751	0.493475108748	0.603189946834	0.500241662639	0.61333977767	0.571290478492	0.872402126631	0.636056065732	0.561140647656	0.425326244563	0.379893668439	0.896085065249	0.724987916868	0.549057515708	0.482358627356	0.467858869019	0.456259062349	0.840019333011	0.553890768487	0.458675688739	0.467375543741	0.512808119865	0.534074432093	0.321894635089	0.0	0.507491541808	0.558724021266	0.74770420493	0.686805219913	0.514741420976	0.60657322378	0.548090865152	0.614789753504	0.584340260996	0.716288061866	0.687771870469	0.604639922668	0.595456742388	0.567907201547	0.716288061866	0.664088931851	0.725471242146	0.68293861769	0.651039149348	0.683421942968	0.575640405993	0.588206863219	0.575640405993	0.58337361044	0.579507008217	0.678588690188	0.578540357661	0.681971967134	0.555824069599	0.670855485742
AA5	0.586273562107	0.526341227646	0.9584340261	0.654422426293	0.618656355727	0.455775737071	0.637506041566	0.402126631223	0.412759787337	0.542774287095	0.455292411793	0.550507491542	0.540357660706	0.881585306912	0.543257612373	0.543740937651	0.439342677622	0.424842919285	0.925567907202	0.753504108265	0.565973900435	0.485741904302	0.492025132914	0.491541807637	0.90285161914	0.607056549058	0.422426292895	0.447075882069	0.530691155147	0.556790720155	0.571290478492	0.507491541808	0.0	0.348960850652	0.681005316578	0.59497341711	0.464475592073	0.479942000967	0.474142097632	0.556307394877	0.484775253746	0.621072982117	0.579990333494	0.483325277912	0.538424359594	0.493958434026	0.704204929918	0.639439342678	0.680038666022	0.664572257129	0.640889318511	0.685838569357	0.542290961817	0.56935717738	0.565007249879	0.561623972934	0.549540840986	0.668438859352	0.562107298212	0.656839052682	0.517158047366	0.645239246013
AA6	0.595456742388	0.536491058482	0.96520057999	0.668438859352	0.630739487675	0.465925567907	0.654905751571	0.450459159014	0.460125664572	0.556307394877	0.508458192363	0.566940550991	0.52779120348	0.886418559691	0.56935717738	0.549057515708	0.488641855969	0.478492025133	0.942967617206	0.761237312711	0.608506524891	0.524891251812	0.541324311261	0.54857419043	0.913484775254	0.61575640406	0.47220879652	0.519574673755	0.582890285162	0.580473658772	0.618173030449	0.558724021266	0.348960850652	0.0	0.663605606573	0.579507008217	0.510874818753	0.507974867086	0.483325277912	0.578057032383	0.482358627356	0.661672305462	0.617206379894	0.510391493475	0.470275495408	0.421459642339	0.69212179797	0.629289511841	0.66892218463	0.655872402127	0.628806186564	0.667955534074	0.536491058482	0.556790720155	0.552440792653	0.55099081682	0.552924117931	0.655872402127	0.568390526825	0.644755920735	0.518124697922	0.637506041566
AB5	0.734654422426	0.666988883519	0.975833736104	0.732721121315	0.615273078782	0.625422909618	0.741904301595	0.65055582407	0.65973900435	0.683905268246	0.660222329628	0.612856452392	0.661188980184	0.908168197197	0.702271628806	0.698888351861	0.698888351861	0.695021749638	0.942484291928	0.80328661189	0.804253262446	0.728371193813	0.737554374094	0.73852102465	0.929434509425	0.767520541324	0.686321894635	0.709521507975	0.755437409377	0.755920734654	0.774770420493	0.74770420493	0.681005316578	0.663605606573	0.0	0.294345094248	0.61575640406	0.651522474625	0.614306428226	0.627839536008	0.60415659739	0.730787820203	0.721121314645	0.638472692122	0.622522957951	0.611889801837	0.617206379894	0.607539874335	0.622522957951	0.603673272112	0.620106331561	0.61575640406	0.605606573224	0.581440309328	0.616723054616	0.600289995167	0.658289028516	0.593040115998	0.653939101015	0.605606573224	0.663122281295	0.609473175447
AB6	0.68293861769	0.599806669889	0.965683905268	0.678588690188	0.56935717738	0.549540840986	0.677138714355	0.572740454326	0.588690188497	0.606089898502	0.614306428226	0.53697438376	0.611406476559	0.897535041083	0.637506041566	0.631706138231	0.647655872402	0.643789270179	0.934267762204	0.761720637989	0.749637506042	0.669405509908	0.677138714355	0.6805219913	0.915418076365	0.710004833253	0.629289511841	0.65055582407	0.69453842436	0.695505074915	0.723054615756	0.686805219913	0.59497341711	0.579507008217	0.294345094248	0.0	0.578057032383	0.571290478492	0.559690671822	0.568873852102	0.540357660706	0.65973900435	0.639922667956	0.53697438376	0.565973900435	0.544224262929	0.597873368777	0.549057515708	0.578057032383	0.563073948768	0.561623972934	0.581440309328	0.545674238763	0.536007733204	0.570807153214	0.553890768487	0.597390043499	0.557274045433	0.597390043499	0.565490575157	0.618173030449	0.54857419043
AC5	0.59497341711	0.570807153214	0.975350410826	0.660705654906	0.633156114065	0.453842435959	0.682455292412	0.446592556791	0.43740937651	0.586756887385	0.411793136781	0.575157080715	0.542774287095	0.900918318028	0.628322861286	0.593040115998	0.475592073465	0.468825519575	0.949734171097	0.765103914935	0.619139681005	0.541324311261	0.499275012083	0.498791686805	0.919768003867	0.621072982117	0.45142580957	0.488158530691	0.560657322378	0.569840502658	0.558724021266	0.514741420976	0.464475592073	0.510874818753	0.61575640406	0.578057032383	0.0	0.472692121798	0.441759304012	0.581923634606	0.504108264862	0.704688255196	0.652489125181	0.544707588207	0.481875302078	0.474142097632	0.619139681005	0.570323827936	0.633639439343	0.59255679072	0.564523924601	0.601256645723	0.503624939584	0.501208313195	0.507491541808	0.502174963751	0.58095698405	0.596906718221	0.582890285162	0.584340260996	0.527307878202	0.577090381827
AC6	0.607539874335	0.512808119865	0.951667472209	0.642339294345	0.582890285162	0.514741420976	0.544224262929	0.491058482359	0.535524407927	0.478975350411	0.558724021266	0.53697438376	0.550507491542	0.86563557274	0.53939101015	0.570323827936	0.573707104882	0.569840502658	0.911068148864	0.728854519091	0.662155630739	0.588206863219	0.605123247946	0.603673272112	0.894635089415	0.628322861286	0.549057515708	0.569840502658	0.601739971	0.593040115998	0.65732237796	0.60657322378	0.479942000967	0.507974867086	0.651522474625	0.571290478492	0.472692121798	0.0	0.526824552924	0.508941517641	0.475108748188	0.476558724021	0.426776220396	0.412759787337	0.572740454326	0.551474142098	0.67133881102	0.62493958434	0.652005799903	0.632672788787	0.617689705172	0.655389076849	0.567423876269	0.568873852102	0.567907201547	0.574190430159	0.561140647656	0.644755920735	0.574190430159	0.621072982117	0.552440792653	0.630256162397
AD6	0.592073465442	0.53020782987	0.973900434993	0.637506041566	0.572257129048	0.389560173997	0.636056065732	0.43740937651	0.435959400677	0.547607539874	0.439342677622	0.516674722088	0.521024649589	0.892218463026	0.585790236829	0.559207346544	0.486708554857	0.471725471242	0.954567423876	0.772353794103	0.621556307395	0.537457709038	0.543740937651	0.541807636539	0.918318028033	0.623972933784	0.494925084582	0.524891251812	0.568873852102	0.581440309328	0.599323344611	0.548090865152	0.474142097632	0.483325277912	0.614306428226	0.559690671822	0.441759304012	0.526824552924	0.0	0.537941034316	0.415176413726	0.695021749638	0.651039149348	0.529724504592	0.48380860319	0.465442242629	0.601256645723	0.544707588207	0.600289995167	0.56935717738	0.545674238763	0.589173513775	0.467858869019	0.470758820686	0.464475592073	0.464958917351	0.551474142098	0.581440309328	0.546157564041	0.567907201547	0.482841952634	0.553407443209
AE5	0.607056549058	0.525857902368	0.973900434993	0.641855969067	0.564040599323	0.538907684872	0.582890285162	0.551957467376	0.592073465442	0.517158047366	0.609473175447	0.523441275979	0.556307394877	0.890768487192	0.550024166264	0.565973900435	0.607056549058	0.594490091832	0.93281778637	0.757370710488	0.720637989367	0.639922667956	0.63653939101	0.633156114065	0.885451909135	0.652005799903	0.608506524891	0.601739971	0.644272595457	0.641372643789	0.658289028516	0.614789753504	0.556307394877	0.578057032383	0.627839536008	0.568873852102	0.581923634606	0.508941517641	0.537941034316	0.0	0.367327211213	0.597390043499	0.561140647656	0.509424842919	0.622522957951	0.618656355727	0.652489125181	0.61333977767	0.630739487675	0.608506524891	0.610923151281	0.64813919768	0.536007733204	0.562107298212	0.592073465442	0.555340744321	0.547607539874	0.628322861286	0.544224262929	0.617206379894	0.56935717738	0.623972933784
AE6	0.592073465442	0.493475108748	0.972450459159	0.635572740454	0.570807153214	0.455775737071	0.587723537941	0.464958917351	0.508458192363	0.50700821653	0.523924601257	0.524891251812	0.51377477042	0.889801836636	0.555340744321	0.553890768487	0.537941034316	0.522474625423	0.938134364427	0.75688738521	0.667472208797	0.584823586274	0.587723537941	0.585306911551	0.899951667472	0.630739487675	0.525857902368	0.551474142098	0.602223296278	0.588690188497	0.631706138231	0.584340260996	0.484775253746	0.482358627356	0.60415659739	0.540357660706	0.504108264862	0.475108748188	0.415176413726	0.367327211213	0.0	0.636056065732	0.592073465442	0.4813919768	0.532624456259	0.521024649589	0.626389560174	0.572257129048	0.610439826003	0.590623489609	0.579023682939	0.616239729338	0.491541807637	0.501208313195	0.512808119865	0.500241662639	0.537457709038	0.602706621556	0.535524407927	0.589173513775	0.492508458192	0.59255679072
AF5	0.699855002417	0.630739487675	0.931851135814	0.67133881102	0.659255679072	0.673755437409	0.567423876269	0.642822619623	0.686805219913	0.575157080715	0.71532141131	0.631706138231	0.676655389077	0.85886901885	0.605123247946	0.664572257129	0.717254712421	0.719671338811	0.87723537941	0.718704688255	0.717738037699	0.676172063799	0.718704688255	0.718221362977	0.870952150797	0.684871918801	0.697438376027	0.673755437409	0.670372160464	0.661672305462	0.755437409377	0.716288061866	0.621072982117	0.661672305462	0.730787820203	0.65973900435	0.704688255196	0.476558724021	0.695021749638	0.597390043499	0.636056065732	0.0	0.292411793137	0.537941034316	0.727404543258	0.708071532141	0.760753987434	0.72450459159	0.748670855486	0.734654422426	0.736587723538	0.7593040116	0.687771870469	0.712421459642	0.72692121798	0.705171580474	0.669888835186	0.744320927985	0.675688738521	0.722571290478	0.703238279362	0.731271145481
AF6	0.674722087965	0.589173513775	0.934267762204	0.656839052682	0.646689221846	0.631706138231	0.541807636539	0.602223296278	0.643305944901	0.535041082649	0.680038666022	0.619139681005	0.637506041566	0.85886901885	0.577573707105	0.626872885452	0.675688738521	0.6805219913	0.880618656356	0.710488158531	0.695505074915	0.634122764621	0.677622039633	0.683421942968	0.880135331078	0.67133881102	0.656355727405	0.635089415176	0.642339294345	0.637022716288	0.73368777187	0.687771870469	0.579990333494	0.617206379894	0.721121314645	0.639922667956	0.652489125181	0.426776220396	0.651039149348	0.561140647656	0.592073465442	0.292411793137	0.0	0.496858385694	0.690188496858	0.662155630739	0.749154180764	0.700821652972	0.717254712421	0.702271628806	0.693088448526	0.731754470759	0.653939101015	0.669888835186	0.683421942968	0.665055582407	0.627839536008	0.716288061866	0.635089415176	0.695988400193	0.668438859352	0.704688255196
