	AA3	AA4	AB3	AB4	AC3	AC4	AD3	AD4	AE3	AE4	AF3	AF4	AG3	AG4	AH3	AH4	AA7	AA8	AB7	AB8	AC7	AC8	AD7	AD8	AE7	AE8	AF7	AF8	AG7	AG8	AH7	AH8	AA5	AA6	AB5	AB6	AC5	AC6	AD6	AE5	AE6	AF5	AF6	AG5	AH5	AH6	AA1	AA2	AB1	AB2	AC1	AC2	AD1	AD2	AE1	AE2	AF1	AF2	AG1	AG2	AH1	AH2
AA3	0.0	0.497825036249	0.938134364427	0.636056065732	0.669888835186	0.586273562107	0.676172063799	0.586756887385	0.582406959884	0.616723054616	0.610923151281	0.623006283229	0.578540357661	0.859835669406	0.649105848236	0.328177863702	0.579023682939	0.567907201547	0.877718704688	0.722087965201	0.618656355727	0.572740454326	0.596423392943	0.579507008217	0.843402609957	0.598840019333	0.579990333494	0.563557274045	0.600773320445	0.590140164331	0.587240212663	0.554857419043	0.595456742388	0.594006766554	0.752054132431	0.679072015466	0.626389560174	0.624456259062	0.606089898502	0.65055582407	0.593040115998	0.729337844369	0.701788303528	0.628806186564	0.621556307395	0.615273078782	0.686805219913	0.644755920735	0.710488158531	0.670372160464	0.6389560174	0.669888835186	0.573223779604	0.574190430159	0.557274045433	0.556790720155	0.580473658772	0.652005799903	0.600773320445	0.670855485742	0.58095698405	0.660705654906
AA4	0.497825036249	0.0	0.947317544708	0.565973900435	0.574673755437	0.493475108748	0.585306911551	0.480908651522	0.494925084582	0.490575157081	0.544707588207	0.514258095698	0.46979217013	0.859835669406	0.371677138714	0.389560173997	0.530691155147	0.532141130981	0.894635089415	0.731754470759	0.639922667956	0.573707104882	0.579990333494	0.593040115998	0.879168680522	0.609473175447	0.535041082649	0.550507491542	0.593040115998	0.597873368777	0.625906234896	0.584340260996	0.502174963751	0.510874818753	0.664572257129	0.584340260996	0.567907201547	0.488641855969	0.517158047366	0.554857419043	0.46302561624	0.631222812953	0.591106814886	0.505558240696	0.576123731271	0.562107298212	0.655872402127	0.574190430159	0.634122764621	0.601739971	0.59497341711	0.632672788787	0.525857902368	0.515708071532	0.518124697922	0.504108264862	0.494925084582	0.614306428226	0.506524891252	0.595940067666	0.524407926535	0.588206863219
AB3	0.938134364427	0.947317544708	0.0	0.680038666022	0.924601256646	0.95601739971	0.95360077332	0.944900918318	0.926051232479	0.947317544708	0.970517158047	0.933784436926	0.962300628323	0.341227646206	0.957467375544	0.939101014983	0.968583856936	0.969067182214	0.743837602707	0.756404059932	0.885935234413	0.905751570807	0.960850652489	0.943934267762	0.855485741904	0.89125181247	0.943450942484	0.926051232479	0.847752537458	0.840985983567	0.952634122765	0.947800869986	0.959884001933	0.956984050266	0.970517158047	0.959400676655	0.971967133881	0.951667472209	0.971967133881	0.972933784437	0.971967133881	0.93523441276	0.929917834703	0.947317544708	0.973417109715	0.968583856936	0.973417109715	0.970517158047	0.970517158047	0.972450459159	0.971483808603	0.969550507492	0.972450459159	0.972933784437	0.974867085549	0.972933784437	0.971000483325	0.969067182214	0.970517158047	0.973417109715	0.971000483325	0.970517158047
AB4	0.636056065732	0.565973900435	0.680038666022	0.0	0.642339294345	0.607056549058	0.687288545191	0.603189946834	0.586273562107	0.613823102948	0.630256162397	0.60657322378	0.476558724021	0.567423876269	0.595940067666	0.592073465442	0.62493958434	0.621556307395	0.735621072982	0.582406959884	0.639922667956	0.618656355727	0.652489125181	0.65055582407	0.797486708555	0.632672788787	0.635572740454	0.620106331561	0.555824069599	0.584340260996	0.688255195747	0.637506041566	0.635089415176	0.631706138231	0.720637989367	0.657805703238	0.656355727405	0.613823102948	0.619623006283	0.638472692122	0.611406476559	0.664088931851	0.642822619623	0.621072982117	0.676655389077	0.658289028516	0.702754954084	0.654905751571	0.695505074915	0.661188980184	0.668438859352	0.679555340744	0.630739487675	0.640889318511	0.641372643789	0.627839536008	0.62735621073	0.666988883519	0.619623006283	0.664088931851	0.642822619623	0.671822136298
AC3	0.669888835186	0.574673755437	0.924601256646	0.642339294345	0.0	0.495891735138	0.65732237796	0.546640889319	0.568390526825	0.59255679072	0.609956500725	0.3194780087	0.600773320445	0.841469308845	0.620106331561	0.618173030449	0.62493958434	0.604639922668	0.877718704688	0.750120831319	0.729821169647	0.686805219913	0.719188013533	0.718704688255	0.840019333011	0.672788786854	0.663605606573	0.680038666022	0.673272112131	0.698405026583	0.712421459642	0.668438859352	0.612856452392	0.634122764621	0.613823102948	0.56935717738	0.616239729338	0.597390043499	0.579507008217	0.553890768487	0.53697438376	0.669888835186	0.652005799903	0.583856935718	0.63653939101	0.624456259062	0.593040115998	0.577090381827	0.578057032383	0.554857419043	0.589656839053	0.578057032383	0.537457709038	0.56935717738	0.568390526825	0.569840502658	0.621556307395	0.569840502658	0.620589656839	0.576607056549	0.612856452392	0.582406959884
AC4	0.586273562107	0.493475108748	0.95601739971	0.607056549058	0.495891735138	0.0	0.613823102948	0.385693571774	0.406959884002	0.502174963751	0.336394393427	0.420009666506	0.503624939584	0.874818753021	0.561623972934	0.535041082649	0.464475592073	0.445142580957	0.928467858869	0.760270662156	0.583856935718	0.528274528758	0.507974867086	0.5186080232	0.889801836636	0.576607056549	0.482358627356	0.518124697922	0.535041082649	0.566940550991	0.566940550991	0.507491541808	0.447075882069	0.475108748188	0.652489125181	0.554857419043	0.464958917351	0.500724987917	0.424359594007	0.573223779604	0.468342194297	0.682455292412	0.635572740454	0.507491541808	0.496858385694	0.465442242629	0.652005799903	0.583856935718	0.611406476559	0.581440309328	0.581440309328	0.622039632673	0.49299178347	0.510874818753	0.506524891252	0.497341710971	0.544707588207	0.599323344611	0.553407443209	0.58095698405	0.475108748188	0.585306911551
AD3	0.676172063799	0.585306911551	0.95360077332	0.687288545191	0.65732237796	0.613823102948	0.0	0.518124697922	0.640405993233	0.371193813436	0.669405509908	0.602223296278	0.637022716288	0.874818753021	0.578540357661	0.631222812953	0.684871918801	0.684388593523	0.943934267762	0.778637022716	0.708071532141	0.695021749638	0.702271628806	0.690188496858	0.9212179797	0.696471725471	0.70372160464	0.695988400193	0.692605123248	0.684388593523	0.718221362977	0.684871918801	0.622522957951	0.656839052682	0.749154180764	0.669405509908	0.670855485742	0.540357660706	0.626389560174	0.581923634606	0.575157080715	0.569840502658	0.536007733204	0.540357660706	0.702754954084	0.684388593523	0.775737071049	0.700338327695	0.73852102465	0.712421459642	0.706138231029	0.734654422426	0.656355727405	0.65973900435	0.666022232963	0.646689221846	0.628322861286	0.725954567424	0.642822619623	0.709521507975	0.688255195747	0.718704688255
AD4	0.586756887385	0.480908651522	0.944900918318	0.603189946834	0.546640889319	0.385693571774	0.518124697922	0.0	0.324311261479	0.382310294828	0.415176413726	0.479458675689	0.510874818753	0.864185596907	0.538907684872	0.523441275979	0.46060898985	0.444175930401	0.934267762204	0.761720637989	0.584340260996	0.502658289029	0.499275012083	0.493958434026	0.898985016916	0.583856935718	0.454325761237	0.47462542291	0.505074915418	0.547607539874	0.551474142098	0.496375060416	0.401643305945	0.456742387627	0.663605606573	0.551957467376	0.455775737071	0.472692121798	0.41904301595	0.563557274045	0.455775737071	0.64572257129	0.603189946834	0.476075398743	0.489608506525	0.455292411793	0.660222329628	0.580473658772	0.633639439343	0.607056549058	0.59497341711	0.630739487675	0.50459159014	0.516674722088	0.502174963751	0.495891735138	0.531174480425	0.617206379894	0.541324311261	0.611889801837	0.492508458192	0.596423392943
AE3	0.582406959884	0.494925084582	0.926051232479	0.586273562107	0.568390526825	0.406959884002	0.640405993233	0.324311261479	0.0	0.494925084582	0.411309811503	0.507974867086	0.485258579024	0.850652489125	0.551474142098	0.537941034316	0.439342677622	0.415176413726	0.922184630256	0.753020782987	0.550507491542	0.463992266796	0.477525374577	0.483325277912	0.8796520058	0.567907201547	0.427742870952	0.463508941518	0.490091831803	0.538424359594	0.544707588207	0.493958434026	0.403093281779	0.453842435959	0.685838569357	0.585306911551	0.468342194297	0.521024649589	0.441275978734	0.619623006283	0.509424842919	0.693088448526	0.652005799903	0.520057999033	0.502658289029	0.470275495408	0.669405509908	0.595940067666	0.645239246013	0.614306428226	0.605123247946	0.645239246013	0.519091348478	0.532624456259	0.523441275979	0.521991300145	0.541807636539	0.634606089899	0.553407443209	0.619623006283	0.479942000967	0.605606573224
AE4	0.616723054616	0.490575157081	0.947317544708	0.613823102948	0.59255679072	0.502174963751	0.371193813436	0.382310294828	0.494925084582	0.0	0.560657322378	0.529241179314	0.552924117931	0.863702271629	0.546640889319	0.551474142098	0.564523924601	0.570323827936	0.934751087482	0.764137264379	0.641372643789	0.587240212663	0.594006766554	0.586273562107	0.904301594973	0.609956500725	0.574190430159	0.570323827936	0.581923634606	0.600289995167	0.637506041566	0.586756887385	0.505558240696	0.535041082649	0.68970517158	0.598840019333	0.566457225713	0.466892218463	0.52537457709	0.545190913485	0.490091831803	0.602223296278	0.557274045433	0.488641855969	0.593040115998	0.573223779604	0.710971483809	0.630739487675	0.686321894635	0.653455775737	0.647172547124	0.674722087965	0.573223779604	0.572740454326	0.569840502658	0.559207346544	0.554374093765	0.666505558241	0.566940550991	0.658289028516	0.572257129048	0.652972450459
AF3	0.610923151281	0.544707588207	0.970517158047	0.630256162397	0.609956500725	0.336394393427	0.669405509908	0.415176413726	0.411309811503	0.560657322378	0.0	0.528757854036	0.53020782987	0.891735137748	0.603189946834	0.572740454326	0.445142580957	0.42822619623	0.954084098598	0.786370227163	0.594006766554	0.527307878202	0.432092798453	0.449492508458	0.916868052199	0.607539874335	0.434992750121	0.514741420976	0.536491058482	0.585306911551	0.529241179314	0.509908168197	0.432092798453	0.494441759304	0.670855485742	0.593523441276	0.416143064282	0.541324311261	0.435476075399	0.63653939101	0.521507974867	0.720637989367	0.678588690188	0.550024166264	0.492508458192	0.458675688739	0.666022232963	0.594006766554	0.652489125181	0.612856452392	0.600289995167	0.638472692122	0.525857902368	0.521507974867	0.51377477042	0.521507974867	0.576607056549	0.623006283229	0.58095698405	0.607539874335	0.493958434026	0.59497341711
AF4	0.623006283229	0.514258095698	0.933784436926	0.60657322378	0.3194780087	0.420009666506	0.602223296278	0.479458675689	0.507974867086	0.529241179314	0.528757854036	0.0	0.534557757371	0.850169163847	0.570807153214	0.559690671822	0.575640405993	0.552440792653	0.894635089415	0.727887868536	0.685838569357	0.635572740454	0.652489125181	0.651522474625	0.850652489125	0.621556307395	0.603189946834	0.621072982117	0.621072982117	0.6389560174	0.658289028516	0.610439826003	0.551957467376	0.574190430159	0.609473175447	0.512324794587	0.548090865152	0.532141130981	0.510874818753	0.514258095698	0.482358627356	0.630739487675	0.601739971	0.517158047366	0.573707104882	0.55775737071	0.589656839053	0.524407926535	0.563557274045	0.523924601257	0.542774287095	0.562107298212	0.487191880135	0.503624939584	0.518124697922	0.528757854036	0.567423876269	0.542774287095	0.568390526825	0.527307878202	0.547124214596	0.528757854036
AG3	0.578540357661	0.46979217013	0.962300628323	0.476558724021	0.600773320445	0.503624939584	0.637022716288	0.510874818753	0.485258579024	0.552924117931	0.53020782987	0.534557757371	0.0	0.853069115515	0.521507974867	0.53697438376	0.511841469309	0.490575157081	0.92363460609	0.755920734654	0.660222329628	0.59497341711	0.583856935718	0.609473175447	0.8796520058	0.626872885452	0.538424359594	0.573223779604	0.597873368777	0.617689705172	0.635089415176	0.573223779604	0.533107781537	0.521507974867	0.664572257129	0.590140164331	0.55099081682	0.536491058482	0.507491541808	0.583856935718	0.494925084582	0.677622039633	0.630739487675	0.539874335428	0.575640405993	0.559690671822	0.626872885452	0.564523924601	0.616723054616	0.592073465442	0.577090381827	0.607056549058	0.511841469309	0.518124697922	0.526341227646	0.508941517641	0.532141130981	0.597873368777	0.540357660706	0.595456742388	0.505074915418	0.576607056549
AG4	0.859835669406	0.859835669406	0.341227646206	0.567423876269	0.841469308845	0.874818753021	0.874818753021	0.864185596907	0.850652489125	0.863702271629	0.891735137748	0.850169163847	0.853069115515	0.0	0.874335427743	0.854519091348	0.894151764137	0.893668438859	0.708554857419	0.684871918801	0.818269695505	0.829869502175	0.889318511358	0.87046882552	0.825036249396	0.819719671339	0.87046882552	0.851135814403	0.77767037216	0.761720637989	0.887868535524	0.870952150797	0.881101981634	0.878202029966	0.905751570807	0.886901884969	0.895601739971	0.868535524408	0.891735137748	0.889318511358	0.889318511358	0.854035766071	0.846785886902	0.868535524408	0.903818269696	0.892701788304	0.893185113581	0.893185113581	0.891735137748	0.889318511358	0.898501691638	0.893185113581	0.898501691638	0.896085065249	0.900918318028	0.896568390527	0.893185113581	0.894151764137	0.890285161914	0.889318511358	0.898501691638	0.894151764137
AH3	0.649105848236	0.371677138714	0.957467375544	0.595940067666	0.620106331561	0.561623972934	0.578540357661	0.538907684872	0.551474142098	0.546640889319	0.603189946834	0.570807153214	0.521507974867	0.874335427743	0.0	0.53697438376	0.598356694055	0.590623489609	0.918318028033	0.756404059932	0.692605123248	0.633639439343	0.628322861286	0.650072498792	0.90285161914	0.666988883519	0.615273078782	0.626872885452	0.650072498792	0.658772353794	0.686321894635	0.643789270179	0.559207346544	0.576123731271	0.710971483809	0.635089415176	0.6389560174	0.541807636539	0.577573707105	0.581440309328	0.544224262929	0.610439826003	0.565007249879	0.561140647656	0.646205896568	0.639922667956	0.702271628806	0.621556307395	0.658772353794	0.646689221846	0.637022716288	0.670855485742	0.600773320445	0.593040115998	0.594006766554	0.589656839053	0.556307394877	0.655389076849	0.546640889319	0.6389560174	0.592073465442	0.628322861286
AH4	0.328177863702	0.389560173997	0.939101014983	0.592073465442	0.618173030449	0.535041082649	0.631222812953	0.523441275979	0.537941034316	0.551474142098	0.572740454326	0.559690671822	0.53697438376	0.854519091348	0.53697438376	0.0	0.538424359594	0.53939101015	0.874335427743	0.719671338811	0.61333977767	0.559207346544	0.579507008217	0.573223779604	0.849202513291	0.577090381827	0.555824069599	0.540840985984	0.587240212663	0.584340260996	0.584823586274	0.541807636539	0.541807636539	0.537941034316	0.71532141131	0.624456259062	0.592073465442	0.553890768487	0.53939101015	0.598356694055	0.527307878202	0.675205413243	0.642339294345	0.567423876269	0.589656839053	0.572257129048	0.676655389077	0.609956500725	0.675688738521	0.622522957951	0.619623006283	0.648622522958	0.541807636539	0.540357660706	0.540840985984	0.52779120348	0.519574673755	0.631706138231	0.538424359594	0.629772837119	0.543740937651	0.627839536008
AA7	0.579023682939	0.530691155147	0.968583856936	0.62493958434	0.62493958434	0.464475592073	0.684871918801	0.46060898985	0.439342677622	0.564523924601	0.445142580957	0.575640405993	0.511841469309	0.894151764137	0.598356694055	0.538424359594	0.0	0.291928467859	0.918801353311	0.758337361044	0.585790236829	0.505558240696	0.478975350411	0.499758337361	0.872885451909	0.576607056549	0.441275978734	0.48380860319	0.523441275979	0.577573707105	0.523441275979	0.43064282262	0.432092798453	0.477525374577	0.709521507975	0.633156114065	0.482841952634	0.551474142098	0.483325277912	0.618656355727	0.532141130981	0.721121314645	0.678105364911	0.574673755437	0.533591106815	0.502658289029	0.672305461576	0.601256645723	0.666988883519	0.633156114065	0.596906718221	0.636056065732	0.519574673755	0.535041082649	0.518124697922	0.513291445143	0.535041082649	0.616723054616	0.540840985984	0.635089415176	0.492025132914	0.611406476559
AA8	0.567907201547	0.532141130981	0.969067182214	0.621556307395	0.604639922668	0.445142580957	0.684388593523	0.444175930401	0.415176413726	0.570323827936	0.42822619623	0.552440792653	0.490575157081	0.893668438859	0.590623489609	0.53939101015	0.291928467859	0.0	0.919768003867	0.758337361044	0.573223779604	0.491541807637	0.471725471242	0.493475108748	0.864668922185	0.570807153214	0.430159497342	0.479942000967	0.521991300145	0.576607056549	0.477042049299	0.390526824553	0.425326244563	0.479458675689	0.700338327695	0.628806186564	0.467858869019	0.551474142098	0.46302561624	0.620589656839	0.519091348478	0.725471242146	0.683421942968	0.560657322378	0.521991300145	0.489125181247	0.644272595457	0.586273562107	0.650072498792	0.613823102948	0.578057032383	0.618173030449	0.497341710971	0.520057999033	0.496858385694	0.500724987917	0.537941034316	0.593523441276	0.546640889319	0.61575640406	0.470275495408	0.595456742388
AB7	0.877718704688	0.894635089415	0.743837602707	0.735621072982	0.877718704688	0.928467858869	0.943934267762	0.934267762204	0.922184630256	0.934751087482	0.954084098598	0.894635089415	0.92363460609	0.708554857419	0.918318028033	0.874335427743	0.918801353311	0.919768003867	0.0	0.398260029	0.802803286612	0.839536007733	0.934267762204	0.920251329145	0.739971000483	0.807153214113	0.892701788304	0.861285645239	0.744320927985	0.707104881585	0.885935234413	0.894635089415	0.925567907202	0.931367810536	0.941034316095	0.92363460609	0.948767520541	0.913484775254	0.946350894152	0.922667955534	0.93281778637	0.869985500242	0.871435476075	0.904784920251	0.95601739971	0.948284195263	0.927501208313	0.921701304978	0.925084581924	0.924601256646	0.928467858869	0.921701304978	0.9212179797	0.913484775254	0.924117931368	0.915418076365	0.919284678589	0.913001449976	0.925084581924	0.925567907202	0.946350894152	0.921701304978
AB8	0.722087965201	0.731754470759	0.756404059932	0.582406959884	0.750120831319	0.760270662156	0.778637022716	0.761720637989	0.753020782987	0.764137264379	0.786370227163	0.727887868536	0.755920734654	0.684871918801	0.756404059932	0.719671338811	0.758337361044	0.758337361044	0.398260029	0.0	0.6389560174	0.666988883519	0.754470758821	0.743354277429	0.72692121798	0.643789270179	0.720154664089	0.686805219913	0.546157564041	0.528757854036	0.733204446593	0.728371193813	0.760753987434	0.764137264379	0.808603189947	0.760270662156	0.779603673272	0.74528757854	0.776703721605	0.760753987434	0.762687288545	0.718221362977	0.718221362977	0.736587723538	0.787336877719	0.779120347994	0.81246979217	0.763653939101	0.791203479942	0.765587240213	0.772837119381	0.782020299662	0.763653939101	0.756404059932	0.764137264379	0.756404059932	0.754954084099	0.769453842436	0.754470758821	0.759787336878	0.779120347994	0.762687288545
AC7	0.618656355727	0.639922667956	0.885935234413	0.639922667956	0.729821169647	0.583856935718	0.708071532141	0.584340260996	0.550507491542	0.641372643789	0.594006766554	0.685838569357	0.660222329628	0.818269695505	0.692605123248	0.61333977767	0.585790236829	0.573223779604	0.802803286612	0.6389560174	0.0	0.366360560657	0.572740454326	0.558240695988	0.81488641856	0.567907201547	0.541807636539	0.509908168197	0.470275495408	0.485258579024	0.568390526825	0.53939101015	0.566457225713	0.589173513775	0.802803286612	0.724021266312	0.633156114065	0.625422909618	0.609473175447	0.735621072982	0.660705654906	0.704688255196	0.680038666022	0.632189463509	0.624456259062	0.600773320445	0.810053165781	0.741904301595	0.798453359111	0.775253745771	0.73852102465	0.778637022716	0.66892218463	0.674722087965	0.661188980184	0.664572257129	0.662638956017	0.762687288545	0.669888835186	0.759787336878	0.60415659739	0.749637506042
AC8	0.572740454326	0.573707104882	0.905751570807	0.618656355727	0.686805219913	0.528274528758	0.695021749638	0.502658289029	0.463992266796	0.587240212663	0.527307878202	0.635572740454	0.59497341711	0.829869502175	0.633639439343	0.559207346544	0.505558240696	0.491541807637	0.839536007733	0.666988883519	0.366360560657	0.0	0.470275495408	0.47462542291	0.827452875785	0.529241179314	0.392943450942	0.362493958434	0.4398260029	0.478492025133	0.513291445143	0.466892218463	0.477042049299	0.521024649589	0.742387626873	0.659255679072	0.552924117931	0.571290478492	0.542290961817	0.669405509908	0.597390043499	0.674722087965	0.644755920735	0.578540357661	0.562107298212	0.539874335428	0.743354277429	0.669888835186	0.741904301595	0.713871435476	0.677138714355	0.714354760754	0.604639922668	0.60657322378	0.594006766554	0.600289995167	0.58337361044	0.697438376027	0.602223296278	0.705654905752	0.543740937651	0.681005316578
AD7	0.596423392943	0.579990333494	0.960850652489	0.652489125181	0.719188013533	0.507974867086	0.702271628806	0.499275012083	0.477525374577	0.594006766554	0.432092798453	0.652489125181	0.583856935718	0.889318511358	0.628322861286	0.579507008217	0.478975350411	0.471725471242	0.934267762204	0.754470758821	0.572740454326	0.470275495408	0.0	0.318028032866	0.891735137748	0.509424842919	0.418076365394	0.463508941518	0.505074915418	0.562107298212	0.502658289029	0.487191880135	0.459642339294	0.523924601257	0.741420976317	0.653455775737	0.508458192363	0.579023682939	0.529724504592	0.670855485742	0.597873368777	0.725471242146	0.686805219913	0.596423392943	0.546640889319	0.524407926535	0.742870952151	0.667955534074	0.73852102465	0.710488158531	0.670372160464	0.708071532141	0.606089898502	0.604639922668	0.584340260996	0.599806669889	0.590623489609	0.69453842436	0.591106814886	0.702754954084	0.548090865152	0.674238762687
AD8	0.579507008217	0.593040115998	0.943934267762	0.65055582407	0.718704688255	0.5186080232	0.690188496858	0.493958434026	0.483325277912	0.586273562107	0.449492508458	0.651522474625	0.609473175447	0.87046882552	0.650072498792	0.573223779604	0.499758337361	0.493475108748	0.920251329145	0.743354277429	0.558240695988	0.47462542291	0.318028032866	0.0	0.857419043016	0.477525374577	0.431126147898	0.466408893185	0.484291928468	0.533591106815	0.495891735138	0.480425326245	0.485258579024	0.545190913485	0.754954084099	0.665538907685	0.520057999033	0.589173513775	0.540840985984	0.674722087965	0.598840019333	0.722087965201	0.687288545191	0.597390043499	0.567423876269	0.540840985984	0.756404059932	0.675688738521	0.744804253262	0.718221362977	0.676655389077	0.71532141131	0.612856452392	0.61333977767	0.599806669889	0.607539874335	0.611889801837	0.703238279362	0.619623006283	0.708554857419	0.564040599323	0.682455292412
AE7	0.843402609957	0.879168680522	0.855485741904	0.797486708555	0.840019333011	0.889801836636	0.9212179797	0.898985016916	0.8796520058	0.904301594973	0.916868052199	0.850652489125	0.8796520058	0.825036249396	0.90285161914	0.849202513291	0.872885451909	0.864668922185	0.739971000483	0.72692121798	0.81488641856	0.827452875785	0.891735137748	0.857419043016	0.0	0.552924117931	0.871918801353	0.845819236346	0.767037216046	0.769937167714	0.836152730788	0.826969550507	0.898985016916	0.90285161914	0.927984533591	0.907201546641	0.918801353311	0.897535041083	0.910584823586	0.870952150797	0.893668438859	0.875785403577	0.871435476075	0.874335427743	0.932334461092	0.918318028033	0.890285161914	0.90043499275	0.906718221363	0.895118414693	0.899468342194	0.891735137748	0.891735137748	0.895601739971	0.900918318028	0.884001933301	0.90285161914	0.888351860802	0.901401643306	0.901401643306	0.909134847753	0.903818269696
AE8	0.598840019333	0.609473175447	0.89125181247	0.632672788787	0.672788786854	0.576607056549	0.696471725471	0.583856935718	0.567907201547	0.609956500725	0.607539874335	0.621556307395	0.626872885452	0.819719671339	0.666988883519	0.577090381827	0.576607056549	0.570807153214	0.807153214113	0.643789270179	0.567907201547	0.529241179314	0.509424842919	0.477525374577	0.552924117931	0.0	0.5601739971	0.534074432093	0.500724987917	0.508941517641	0.565490575157	0.535041082649	0.590140164331	0.592073465442	0.753020782987	0.673272112131	0.615273078782	0.59497341711	0.599323344611	0.657805703238	0.619139681005	0.693088448526	0.658772353794	0.593040115998	0.620589656839	0.608989850169	0.73610439826	0.666022232963	0.74528757854	0.698405026583	0.672305461576	0.706621556307	0.634606089899	0.617206379894	0.614789753504	0.621556307395	0.628322861286	0.696955050749	0.639922667956	0.698888351861	0.598356694055	0.672788786854
AF7	0.579990333494	0.535041082649	0.943450942484	0.635572740454	0.663605606573	0.482358627356	0.70372160464	0.454325761237	0.427742870952	0.574190430159	0.434992750121	0.603189946834	0.538424359594	0.87046882552	0.615273078782	0.555824069599	0.441275978734	0.430159497342	0.892701788304	0.720154664089	0.541807636539	0.392943450942	0.418076365394	0.431126147898	0.871918801353	0.5601739971	0.0	0.33107781537	0.473175447076	0.52537457709	0.487191880135	0.487191880135	0.420009666506	0.473175447076	0.695988400193	0.60415659739	0.46302561624	0.534557757371	0.487191880135	0.648622522958	0.545674238763	0.702754954084	0.665538907685	0.550507491542	0.51377477042	0.494441759304	0.681005316578	0.609956500725	0.688255195747	0.662155630739	0.618173030449	0.656355727405	0.555340744321	0.546157564041	0.536007733204	0.545190913485	0.564040599323	0.637022716288	0.572257129048	0.652489125181	0.503141614306	0.621556307395
AF8	0.563557274045	0.550507491542	0.926051232479	0.620106331561	0.680038666022	0.518124697922	0.695988400193	0.47462542291	0.463508941518	0.570323827936	0.514741420976	0.621072982117	0.573223779604	0.851135814403	0.626872885452	0.540840985984	0.48380860319	0.479942000967	0.861285645239	0.686805219913	0.509908168197	0.362493958434	0.463508941518	0.466408893185	0.845819236346	0.534074432093	0.33107781537	0.0	0.449492508458	0.497341710971	0.518124697922	0.47462542291	0.46060898985	0.503624939584	0.725471242146	0.6389560174	0.525857902368	0.547607539874	0.520541324311	0.63653939101	0.566457225713	0.681005316578	0.648622522958	0.555824069599	0.539874335428	0.522474625423	0.699371677139	0.627839536008	0.708554857419	0.68293861769	0.641372643789	0.672305461576	0.572257129048	0.568390526825	0.558240695988	0.566940550991	0.553407443209	0.657805703238	0.561623972934	0.673755437409	0.509424842919	0.642822619623
AG7	0.600773320445	0.593040115998	0.847752537458	0.555824069599	0.673272112131	0.535041082649	0.692605123248	0.505074915418	0.490091831803	0.581923634606	0.536491058482	0.621072982117	0.597873368777	0.77767037216	0.650072498792	0.587240212663	0.523441275979	0.521991300145	0.744320927985	0.546157564041	0.470275495408	0.4398260029	0.505074915418	0.484291928468	0.767037216046	0.500724987917	0.473175447076	0.449492508458	0.0	0.316094731754	0.544224262929	0.506041565974	0.513291445143	0.546640889319	0.746254229096	0.65732237796	0.548090865152	0.566940550991	0.54857419043	0.653455775737	0.588690188497	0.667955534074	0.623972933784	0.559207346544	0.587240212663	0.564523924601	0.746254229096	0.660705654906	0.728371193813	0.700338327695	0.661672305462	0.710004833253	0.618656355727	0.609473175447	0.606089898502	0.610439826003	0.617206379894	0.693088448526	0.633156114065	0.690188496858	0.58095698405	0.672788786854
AG8	0.590140164331	0.597873368777	0.840985983567	0.584340260996	0.698405026583	0.566940550991	0.684388593523	0.547607539874	0.538424359594	0.600289995167	0.585306911551	0.6389560174	0.617689705172	0.761720637989	0.658772353794	0.584340260996	0.577573707105	0.576607056549	0.707104881585	0.528757854036	0.485258579024	0.478492025133	0.562107298212	0.533591106815	0.769937167714	0.508941517641	0.52537457709	0.497341710971	0.316094731754	0.0	0.572740454326	0.548090865152	0.565490575157	0.574673755437	0.764137264379	0.678105364911	0.591590140164	0.577090381827	0.571290478492	0.678588690188	0.610923151281	0.675205413243	0.642822619623	0.58095698405	0.610923151281	0.590140164331	0.7593040116	0.677622039633	0.742387626873	0.713871435476	0.678588690188	0.724987916868	0.635572740454	0.627839536008	0.621556307395	0.624456259062	0.631706138231	0.707588206863	0.649105848236	0.704204929918	0.604639922668	0.684388593523
AH7	0.587240212663	0.625906234896	0.952634122765	0.688255195747	0.712421459642	0.566940550991	0.718221362977	0.551474142098	0.544707588207	0.637506041566	0.529241179314	0.658289028516	0.635089415176	0.887868535524	0.686321894635	0.584823586274	0.523441275979	0.477042049299	0.885935234413	0.733204446593	0.568390526825	0.513291445143	0.502658289029	0.495891735138	0.836152730788	0.565490575157	0.487191880135	0.518124697922	0.544224262929	0.572740454326	0.0	0.329144514258	0.559207346544	0.610923151281	0.785403576607	0.712421459642	0.564523924601	0.640405993233	0.59497341711	0.686321894635	0.635089415176	0.765587240213	0.742387626873	0.648622522958	0.622522957951	0.602706621556	0.764137264379	0.706138231029	0.765587240213	0.729337844369	0.699855002417	0.73852102465	0.632189463509	0.643305944901	0.617206379894	0.623489608507	0.628322861286	0.720154664089	0.641855969067	0.723537941034	0.603673272112	0.714354760754
AH8	0.554857419043	0.584340260996	0.947800869986	0.637506041566	0.668438859352	0.507491541808	0.684871918801	0.496375060416	0.493958434026	0.586756887385	0.509908168197	0.610439826003	0.573223779604	0.870952150797	0.643789270179	0.541807636539	0.43064282262	0.390526824553	0.894635089415	0.728371193813	0.53939101015	0.466892218463	0.487191880135	0.480425326245	0.826969550507	0.535041082649	0.487191880135	0.47462542291	0.506041565974	0.548090865152	0.329144514258	0.0	0.507491541808	0.549540840986	0.753020782987	0.674722087965	0.540357660706	0.584823586274	0.539874335428	0.641855969067	0.589173513775	0.717738037699	0.685838569357	0.598356694055	0.574190430159	0.548090865152	0.714354760754	0.649105848236	0.71532141131	0.677622039633	0.643789270179	0.681488641856	0.576123731271	0.593523441276	0.564040599323	0.568873852102	0.577573707105	0.664572257129	0.586273562107	0.66892218463	0.546157564041	0.663122281295
AA5	0.595456742388	0.502174963751	0.959884001933	0.635089415176	0.612856452392	0.447075882069	0.622522957951	0.401643305945	0.403093281779	0.505558240696	0.432092798453	0.551957467376	0.533107781537	0.881101981634	0.559207346544	0.541807636539	0.432092798453	0.425326244563	0.925567907202	0.760753987434	0.566457225713	0.477042049299	0.459642339294	0.485258579024	0.898985016916	0.590140164331	0.420009666506	0.46060898985	0.513291445143	0.565490575157	0.559207346544	0.507491541808	0.0	0.341710971484	0.691155147414	0.574673755437	0.469308844853	0.454809086515	0.467375543741	0.569840502658	0.477525374577	0.633156114065	0.584340260996	0.471725471242	0.517158047366	0.459159014016	0.706621556307	0.631222812953	0.68293861769	0.652005799903	0.64813919768	0.686805219913	0.537941034316	0.563073948768	0.561140647656	0.55099081682	0.537457709038	0.662155630739	0.559207346544	0.652972450459	0.502174963751	0.637506041566
AA6	0.594006766554	0.510874818753	0.956984050266	0.631706138231	0.634122764621	0.475108748188	0.656839052682	0.456742387627	0.453842435959	0.535041082649	0.494441759304	0.574190430159	0.521507974867	0.878202029966	0.576123731271	0.537941034316	0.477525374577	0.479458675689	0.931367810536	0.764137264379	0.589173513775	0.521024649589	0.523924601257	0.545190913485	0.90285161914	0.592073465442	0.473175447076	0.503624939584	0.546640889319	0.574673755437	0.610923151281	0.549540840986	0.341710971484	0.0	0.691155147414	0.571290478492	0.526341227646	0.496375060416	0.479458675689	0.601256645723	0.495891735138	0.670372160464	0.622522957951	0.506041565974	0.450942484292	0.41662638956	0.697438376027	0.619139681005	0.669888835186	0.645239246013	0.628322861286	0.669405509908	0.535524407927	0.549540840986	0.54857419043	0.547124214596	0.536491058482	0.649589173514	0.554857419043	0.643305944901	0.500724987917	0.630739487675
AB5	0.752054132431	0.664572257129	0.970517158047	0.720637989367	0.613823102948	0.652489125181	0.749154180764	0.663605606573	0.685838569357	0.68970517158	0.670855485742	0.609473175447	0.664572257129	0.905751570807	0.710971483809	0.71532141131	0.709521507975	0.700338327695	0.941034316095	0.808603189947	0.802803286612	0.742387626873	0.741420976317	0.754954084099	0.927984533591	0.753020782987	0.695988400193	0.725471242146	0.746254229096	0.764137264379	0.785403576607	0.753020782987	0.691155147414	0.691155147414	0.0	0.318511358144	0.615273078782	0.667955534074	0.63653939101	0.6389560174	0.620589656839	0.748187530208	0.734654422426	0.655389076849	0.622039632673	0.61575640406	0.620589656839	0.608506524891	0.632672788787	0.597390043499	0.621072982117	0.607056549058	0.601256645723	0.595456742388	0.609473175447	0.637989366844	0.6805219913	0.59497341711	0.666988883519	0.600773320445	0.676655389077	0.612856452392
AB6	0.679072015466	0.584340260996	0.959400676655	0.657805703238	0.56935717738	0.554857419043	0.669405509908	0.551957467376	0.585306911551	0.598840019333	0.593523441276	0.512324794587	0.590140164331	0.886901884969	0.635089415176	0.624456259062	0.633156114065	0.628806186564	0.92363460609	0.760270662156	0.724021266312	0.659255679072	0.653455775737	0.665538907685	0.907201546641	0.673272112131	0.60415659739	0.6389560174	0.65732237796	0.678105364911	0.712421459642	0.674722087965	0.574673755437	0.571290478492	0.318511358144	0.0	0.540357660706	0.564523924601	0.545190913485	0.553890768487	0.526341227646	0.667472208797	0.648622522958	0.538424359594	0.544224262929	0.532141130981	0.607539874335	0.538424359594	0.591106814886	0.551957467376	0.558724021266	0.58337361044	0.510391493475	0.52779120348	0.541324311261	0.563073948768	0.588206863219	0.558240695988	0.57177380377	0.55099081682	0.602223296278	0.54857419043
AC5	0.626389560174	0.567907201547	0.971967133881	0.656355727405	0.616239729338	0.464958917351	0.670855485742	0.455775737071	0.468342194297	0.566457225713	0.416143064282	0.548090865152	0.55099081682	0.895601739971	0.6389560174	0.592073465442	0.482841952634	0.467858869019	0.948767520541	0.779603673272	0.633156114065	0.552924117931	0.508458192363	0.520057999033	0.918801353311	0.615273078782	0.46302561624	0.525857902368	0.548090865152	0.591590140164	0.564523924601	0.540357660706	0.469308844853	0.526341227646	0.615273078782	0.540357660706	0.0	0.461575640406	0.457709038183	0.608023199613	0.534557757371	0.71290478492	0.663605606573	0.543740937651	0.475592073465	0.454809086515	0.60415659739	0.55099081682	0.611889801837	0.568873852102	0.549540840986	0.587240212663	0.496858385694	0.49299178347	0.493475108748	0.521024649589	0.591106814886	0.568873852102	0.589656839053	0.566457225713	0.528757854036	0.559690671822
AC6	0.624456259062	0.488641855969	0.951667472209	0.613823102948	0.597390043499	0.500724987917	0.540357660706	0.472692121798	0.521024649589	0.466892218463	0.541324311261	0.532141130981	0.536491058482	0.868535524408	0.541807636539	0.553890768487	0.551474142098	0.551474142098	0.913484775254	0.74528757854	0.625422909618	0.571290478492	0.579023682939	0.589173513775	0.897535041083	0.59497341711	0.534557757371	0.547607539874	0.566940550991	0.577090381827	0.640405993233	0.584823586274	0.454809086515	0.496375060416	0.667955534074	0.564523924601	0.461575640406	0.0	0.507974867086	0.528274528758	0.482358627356	0.502658289029	0.453842435959	0.417109714838	0.553407443209	0.536007733204	0.676655389077	0.610439826003	0.652972450459	0.62493958434	0.622522957951	0.653455775737	0.556307394877	0.562107298212	0.551957467376	0.552924117931	0.542290961817	0.638472692122	0.55099081682	0.619623006283	0.540357660706	0.622522957951
AD6	0.606089898502	0.517158047366	0.971967133881	0.619623006283	0.579507008217	0.424359594007	0.626389560174	0.41904301595	0.441275978734	0.52537457709	0.435476075399	0.510874818753	0.507491541808	0.891735137748	0.577573707105	0.53939101015	0.483325277912	0.46302561624	0.946350894152	0.776703721605	0.609473175447	0.542290961817	0.529724504592	0.540840985984	0.910584823586	0.599323344611	0.487191880135	0.520541324311	0.54857419043	0.571290478492	0.59497341711	0.539874335428	0.467375543741	0.479458675689	0.63653939101	0.545190913485	0.457709038183	0.507974867086	0.0	0.56935717738	0.417593040116	0.70372160464	0.654905751571	0.525857902368	0.465442242629	0.439342677622	0.612373127115	0.542290961817	0.587240212663	0.558240695988	0.555824069599	0.587723537941	0.473175447076	0.470275495408	0.467858869019	0.479458675689	0.545674238763	0.570807153214	0.538907684872	0.56935717738	0.473175447076	0.559207346544
AE5	0.65055582407	0.554857419043	0.972933784437	0.638472692122	0.553890768487	0.573223779604	0.581923634606	0.563557274045	0.619623006283	0.545190913485	0.63653939101	0.514258095698	0.583856935718	0.889318511358	0.581440309328	0.598356694055	0.618656355727	0.620589656839	0.922667955534	0.760753987434	0.735621072982	0.669405509908	0.670855485742	0.674722087965	0.870952150797	0.657805703238	0.648622522958	0.63653939101	0.653455775737	0.678588690188	0.686321894635	0.641855969067	0.569840502658	0.601256645723	0.6389560174	0.553890768487	0.608023199613	0.528274528758	0.56935717738	0.0	0.366360560657	0.599323344611	0.572740454326	0.517641372644	0.645239246013	0.636056065732	0.658289028516	0.596423392943	0.633639439343	0.585306911551	0.633639439343	0.641372643789	0.563073948768	0.583856935718	0.608989850169	0.573707104882	0.568873852102	0.617689705172	0.564040599323	0.596906718221	0.596906718221	0.620589656839
AE6	0.593040115998	0.46302561624	0.971967133881	0.611406476559	0.53697438376	0.468342194297	0.575157080715	0.455775737071	0.509424842919	0.490091831803	0.521507974867	0.482358627356	0.494925084582	0.889318511358	0.544224262929	0.527307878202	0.532141130981	0.519091348478	0.93281778637	0.762687288545	0.660705654906	0.597390043499	0.597873368777	0.598840019333	0.893668438859	0.619139681005	0.545674238763	0.566457225713	0.588690188497	0.610923151281	0.635089415176	0.589173513775	0.477525374577	0.495891735138	0.620589656839	0.526341227646	0.534557757371	0.482358627356	0.417593040116	0.366360560657	0.0	0.643305944901	0.595940067666	0.473175447076	0.545674238763	0.529724504592	0.631222812953	0.559207346544	0.611889801837	0.572257129048	0.576123731271	0.612856452392	0.490091831803	0.490091831803	0.500241662639	0.479942000967	0.505074915418	0.59255679072	0.519574673755	0.573223779604	0.493475108748	0.579023682939
AF5	0.729337844369	0.631222812953	0.93523441276	0.664088931851	0.669888835186	0.682455292412	0.569840502658	0.64572257129	0.693088448526	0.602223296278	0.720637989367	0.630739487675	0.677622039633	0.854035766071	0.610439826003	0.675205413243	0.721121314645	0.725471242146	0.869985500242	0.718221362977	0.704688255196	0.674722087965	0.725471242146	0.722087965201	0.875785403577	0.693088448526	0.702754954084	0.681005316578	0.667955534074	0.675205413243	0.765587240213	0.717738037699	0.633156114065	0.670372160464	0.748187530208	0.667472208797	0.71290478492	0.502658289029	0.70372160464	0.599323344611	0.643305944901	0.0	0.289028516191	0.550024166264	0.73610439826	0.71532141131	0.766070565491	0.716288061866	0.748670855486	0.710971483809	0.739004349928	0.751570807153	0.702754954084	0.724987916868	0.731271145481	0.711938134364	0.66892218463	0.738037699372	0.676655389077	0.707588206863	0.719671338811	0.728371193813
AF6	0.701788303528	0.591106814886	0.929917834703	0.642822619623	0.652005799903	0.635572740454	0.536007733204	0.603189946834	0.652005799903	0.557274045433	0.678588690188	0.601739971	0.630739487675	0.846785886902	0.565007249879	0.642339294345	0.678105364911	0.683421942968	0.871435476075	0.718221362977	0.680038666022	0.644755920735	0.686805219913	0.687288545191	0.871435476075	0.658772353794	0.665538907685	0.648622522958	0.623972933784	0.642822619623	0.742387626873	0.685838569357	0.584340260996	0.622522957951	0.734654422426	0.648622522958	0.663605606573	0.453842435959	0.654905751571	0.572740454326	0.595940067666	0.289028516191	0.0	0.501691638473	0.696471725471	0.671822136298	0.748670855486	0.693088448526	0.725954567424	0.69212179797	0.691638472692	0.72692121798	0.663605606573	0.6805219913	0.69212179797	0.671822136298	0.626389560174	0.71290478492	0.626389560174	0.688255195747	0.681971967134	0.694055099082
