	AA3	AA4	AB3	AB4	AC3	AC4	AD3	AD4	AE3	AE4	AF3	AF4	AG3	AG4	AH3	AH4	AA7	AA8	AB7	AB8	AC7	AC8	AD7	AD8	AE7	AE8	AF7	AF8	AG7	AG8	AH7	AH8	AA5	AA6	AB5	AB6	AC5	AC6	AD6	AE5	AE6	AF5	AF6	AG5	AH5	AH6	AA1	AA2	AB1	AB2	AC1	AC2	AD1	AD2	AE1	AE2	AF1	AF2	AG1	AG2	AH1	AH2
AA3	0.0	0.494925084582	0.931851135814	0.629289511841	0.657805703238	0.571290478492	0.656839052682	0.579507008217	0.56259062349	0.61575640406	0.599806669889	0.59497341711	0.586756887385	0.846302561624	0.662638956017	0.34944417593	0.576607056549	0.555824069599	0.847752537458	0.691638472692	0.596423392943	0.551957467376	0.579023682939	0.58337361044	0.822619623006	0.572257129048	0.56935717738	0.552440792653	0.565007249879	0.57177380377	0.582406959884	0.553407443209	0.579023682939	0.600289995167	0.743354277429	0.70130497825	0.60657322378	0.614789753504	0.58337361044	0.629289511841	0.594490091832	0.710004833253	0.676655389077	0.604639922668	0.624456259062	0.623006283229	0.699371677139	0.660705654906	0.722087965201	0.684388593523	0.644272595457	0.672788786854	0.581923634606	0.556790720155	0.577090381827	0.565007249879	0.588690188497	0.663605606573	0.592073465442	0.667472208797	0.565973900435	0.656839052682
AA4	0.494925084582	0.0	0.954084098598	0.58095698405	0.571290478492	0.487675205413	0.574673755437	0.478008699855	0.492025132914	0.503624939584	0.531657805703	0.510391493475	0.468825519575	0.867568873852	0.380860318995	0.371193813436	0.526341227646	0.524891251812	0.896568390527	0.719188013533	0.646205896568	0.568390526825	0.574190430159	0.570323827936	0.886418559691	0.615273078782	0.542290961817	0.528757854036	0.579990333494	0.603189946834	0.626389560174	0.554857419043	0.485741904302	0.512324794587	0.656355727405	0.603189946834	0.56935717738	0.498308361527	0.517158047366	0.517641372644	0.471725471242	0.642339294345	0.584823586274	0.494441759304	0.570323827936	0.562107298212	0.647172547124	0.581923634606	0.645239246013	0.603673272112	0.596906718221	0.628806186564	0.522957950701	0.503141614306	0.518124697922	0.519574673755	0.490575157081	0.618173030449	0.512808119865	0.588206863219	0.51377477042	0.577573707105
AB3	0.931851135814	0.954084098598	0.0	0.669405509908	0.927017883035	0.95601739971	0.955534074432	0.947317544708	0.940067665539	0.950700821653	0.973417109715	0.931367810536	0.96761720638	0.345577573707	0.961333977767	0.94441759304	0.977283711938	0.967133881102	0.74528757854	0.753987433543	0.88883518608	0.908651522475	0.957950700822	0.959400676655	0.846785886902	0.894151764137	0.946350894152	0.930884485259	0.848719188014	0.840019333011	0.955534074432	0.954567423876	0.956984050266	0.962300628323	0.973900434993	0.966650555824	0.976317061382	0.951184146931	0.976317061382	0.975350410826	0.976317061382	0.930401159981	0.935717738038	0.949734171097	0.97921701305	0.971967133881	0.976317061382	0.971483808603	0.973417109715	0.975833736104	0.977283711938	0.973900434993	0.97680038666	0.975833736104	0.980183663606	0.975833736104	0.974867085549	0.973900434993	0.974867085549	0.975833736104	0.973417109715	0.974383760271
AB4	0.629289511841	0.58095698405	0.669405509908	0.0	0.633639439343	0.604639922668	0.671822136298	0.616723054616	0.616239729338	0.637506041566	0.637506041566	0.590140164331	0.480908651522	0.558240695988	0.603189946834	0.58337361044	0.641855969067	0.630739487675	0.730304494925	0.546157564041	0.646205896568	0.609473175447	0.651522474625	0.6389560174	0.786853552441	0.626389560174	0.650072498792	0.624456259062	0.538424359594	0.574673755437	0.681488641856	0.632672788787	0.63653939101	0.654422426293	0.725954567424	0.679072015466	0.661188980184	0.637022716288	0.628322861286	0.620589656839	0.621556307395	0.672305461576	0.652972450459	0.621072982117	0.683905268246	0.6805219913	0.698888351861	0.647172547124	0.709521507975	0.668438859352	0.666988883519	0.673272112131	0.629289511841	0.630256162397	0.64813919768	0.643789270179	0.633639439343	0.668438859352	0.634606089899	0.654422426293	0.6389560174	0.657805703238
AC3	0.657805703238	0.571290478492	0.927017883035	0.633639439343	0.0	0.498791686805	0.622522957951	0.538907684872	0.56935717738	0.582890285162	0.629772837119	0.318511358144	0.588206863219	0.843402609957	0.587723537941	0.610439826003	0.61575640406	0.609956500725	0.875302078299	0.750120831319	0.734654422426	0.678588690188	0.723054615756	0.71532141131	0.840502658289	0.693088448526	0.677138714355	0.673272112131	0.671822136298	0.687771870469	0.711938134364	0.655389076849	0.605123247946	0.641855969067	0.631222812953	0.59255679072	0.637989366844	0.595456742388	0.584823586274	0.544224262929	0.565490575157	0.679072015466	0.647172547124	0.568873852102	0.654422426293	0.656355727405	0.597873368777	0.578540357661	0.588206863219	0.577090381827	0.590140164331	0.581440309328	0.524891251812	0.57177380377	0.58337361044	0.579023682939	0.602223296278	0.566457225713	0.628322861286	0.587723537941	0.618173030449	0.583856935718
AC4	0.571290478492	0.487675205413	0.95601739971	0.604639922668	0.498791686805	0.0	0.604639922668	0.388593523441	0.399710004833	0.508941517641	0.339294345094	0.401159980667	0.492025132914	0.868535524408	0.575157080715	0.522474625423	0.453842435959	0.44900918318	0.920734654422	0.742870952151	0.581440309328	0.518124697922	0.515708071532	0.505074915418	0.889318511358	0.599323344611	0.486708554857	0.493958434026	0.520541324311	0.549540840986	0.563557274045	0.493475108748	0.436926051232	0.476558724021	0.641372643789	0.587723537941	0.464958917351	0.506524891252	0.426776220396	0.554857419043	0.470275495408	0.695505074915	0.643305944901	0.507974867086	0.506041565974	0.503624939584	0.644755920735	0.590623489609	0.632672788787	0.590140164331	0.58095698405	0.618656355727	0.485258579024	0.490575157081	0.512808119865	0.509424842919	0.533107781537	0.609956500725	0.537457709038	0.577090381827	0.485741904302	0.578057032383
AD3	0.656839052682	0.574673755437	0.955534074432	0.671822136298	0.622522957951	0.604639922668	0.0	0.52779120348	0.629772837119	0.3610439826	0.662638956017	0.592073465442	0.625422909618	0.871918801353	0.561623972934	0.623006283229	0.677622039633	0.673272112131	0.927984533591	0.753504108265	0.703238279362	0.679555340744	0.691638472692	0.683905268246	0.911551474142	0.676655389077	0.686805219913	0.678588690188	0.672788786854	0.670855485742	0.707104881585	0.669405509908	0.617206379894	0.644272595457	0.721121314645	0.664572257129	0.669888835186	0.533591106815	0.628322861286	0.563557274045	0.573707104882	0.553407443209	0.521991300145	0.540357660706	0.691155147414	0.687771870469	0.752054132431	0.697438376027	0.738037699372	0.702754954084	0.687771870469	0.731754470759	0.626389560174	0.639922667956	0.657805703238	0.634606089899	0.617689705172	0.705171580474	0.628322861286	0.693088448526	0.676655389077	0.685355244079
AD4	0.579507008217	0.478008699855	0.947317544708	0.616723054616	0.538907684872	0.388593523441	0.52779120348	0.0	0.315128081199	0.409376510391	0.424842919285	0.468825519575	0.499758337361	0.864185596907	0.548090865152	0.522474625423	0.453359110681	0.455775737071	0.928467858869	0.746254229096	0.570323827936	0.498308361527	0.512324794587	0.498308361527	0.896568390527	0.609473175447	0.475108748188	0.477525374577	0.499275012083	0.546640889319	0.553407443209	0.485741904302	0.401159980667	0.456742387627	0.639922667956	0.579990333494	0.450942484292	0.480425326245	0.419526341228	0.550024166264	0.457709038183	0.667472208797	0.616239729338	0.484291928468	0.492508458192	0.485258579024	0.653455775737	0.592073465442	0.638472692122	0.608989850169	0.591106814886	0.623489608507	0.489608506525	0.485741904302	0.498308361527	0.50459159014	0.532624456259	0.610439826003	0.538907684872	0.598356694055	0.499275012083	0.58337361044
AE3	0.56259062349	0.492025132914	0.940067665539	0.616239729338	0.56935717738	0.399710004833	0.629772837119	0.315128081199	0.0	0.507491541808	0.398743354277	0.502658289029	0.492025132914	0.859352344128	0.554857419043	0.521507974867	0.425326244563	0.422909618173	0.924601256646	0.740937651039	0.556307394877	0.478492025133	0.485258579024	0.483325277912	0.894635089415	0.610439826003	0.434992750121	0.449492508458	0.492508458192	0.547124214596	0.540357660706	0.479458675689	0.391010149831	0.448525857902	0.661188980184	0.608506524891	0.447075882069	0.512324794587	0.434509424843	0.588206863219	0.501208313195	0.705654905752	0.64813919768	0.516674722088	0.501691638473	0.490091831803	0.666022232963	0.608506524891	0.654905751571	0.630256162397	0.60415659739	0.640889318511	0.516674722088	0.5186080232	0.51619139681	0.535524407927	0.54857419043	0.633156114065	0.559207346544	0.61333977767	0.492025132914	0.599323344611
AE4	0.61575640406	0.503624939584	0.950700821653	0.637506041566	0.582890285162	0.508941517641	0.3610439826	0.409376510391	0.507491541808	0.0	0.568873852102	0.53020782987	0.577090381827	0.869018849686	0.53697438376	0.56259062349	0.585306911551	0.58095698405	0.931851135814	0.751570807153	0.64572257129	0.583856935718	0.596906718221	0.591106814886	0.909134847753	0.62493958434	0.586273562107	0.577090381827	0.577090381827	0.594490091832	0.640889318511	0.578540357661	0.52537457709	0.545190913485	0.680038666022	0.630739487675	0.569840502658	0.456259062349	0.525857902368	0.532141130981	0.497341710971	0.597873368777	0.545190913485	0.488158530691	0.594006766554	0.591590140164	0.718221362977	0.655389076849	0.70130497825	0.676655389077	0.658289028516	0.690188496858	0.586756887385	0.579023682939	0.59255679072	0.579507008217	0.572740454326	0.675205413243	0.579023682939	0.668438859352	0.585306911551	0.65055582407
AF3	0.599806669889	0.531657805703	0.973417109715	0.637506041566	0.629772837119	0.339294345094	0.662638956017	0.424842919285	0.398743354277	0.568873852102	0.0	0.525857902368	0.513291445143	0.887868535524	0.601739971	0.567423876269	0.421459642339	0.44900918318	0.950217496375	0.772353794103	0.58337361044	0.521507974867	0.439342677622	0.445142580957	0.924601256646	0.639922667956	0.44224262929	0.477525374577	0.532624456259	0.581923634606	0.52537457709	0.498791686805	0.427259545674	0.493475108748	0.674722087965	0.6389560174	0.424842919285	0.544707588207	0.440792653456	0.614306428226	0.520541324311	0.729337844369	0.68293861769	0.546157564041	0.508458192363	0.500241662639	0.673272112131	0.621072982117	0.678105364911	0.632189463509	0.608506524891	0.645239246013	0.535041082649	0.521024649589	0.53020782987	0.534557757371	0.573707104882	0.641855969067	0.568390526825	0.612856452392	0.493958434026	0.604639922668
AF4	0.59497341711	0.510391493475	0.931367810536	0.590140164331	0.318511358144	0.401159980667	0.592073465442	0.468825519575	0.502658289029	0.53020782987	0.525857902368	0.0	0.524891251812	0.846302561624	0.551957467376	0.545190913485	0.54857419043	0.542774287095	0.877718704688	0.709038182697	0.672305461576	0.612373127115	0.650072498792	0.639922667956	0.84485258579	0.634122764621	0.605123247946	0.610923151281	0.608023199613	0.624456259062	0.650072498792	0.585790236829	0.540357660706	0.574190430159	0.60415659739	0.542774287095	0.563073948768	0.550507491542	0.514258095698	0.514258095698	0.510874818753	0.652005799903	0.617206379894	0.52537457709	0.565973900435	0.568873852102	0.579507008217	0.526341227646	0.577573707105	0.541324311261	0.536491058482	0.555340744321	0.461092315128	0.493475108748	0.510874818753	0.519091348478	0.539874335428	0.544224262929	0.566940550991	0.536007733204	0.549057515708	0.521024649589
AG3	0.586756887385	0.468825519575	0.96761720638	0.480908651522	0.588206863219	0.492025132914	0.625422909618	0.499758337361	0.492025132914	0.577090381827	0.513291445143	0.524891251812	0.0	0.85645239246	0.540840985984	0.508941517641	0.498791686805	0.505074915418	0.928467858869	0.748670855486	0.661672305462	0.594006766554	0.589656839053	0.581440309328	0.887385210246	0.632189463509	0.555824069599	0.554374093765	0.592073465442	0.622522957951	0.637506041566	0.562107298212	0.520057999033	0.536491058482	0.640405993233	0.607056549058	0.545674238763	0.565490575157	0.500724987917	0.565007249879	0.511841469309	0.69212179797	0.641855969067	0.540357660706	0.564040599323	0.551957467376	0.614789753504	0.566940550991	0.624456259062	0.591590140164	0.570323827936	0.588690188497	0.502658289029	0.512808119865	0.524407926535	0.52537457709	0.535524407927	0.591590140164	0.549057515708	0.577573707105	0.510874818753	0.564040599323
AG4	0.846302561624	0.867568873852	0.345577573707	0.558240695988	0.843402609957	0.868535524408	0.871918801353	0.864185596907	0.859352344128	0.869018849686	0.887868535524	0.846302561624	0.85645239246	0.0	0.877718704688	0.855969067182	0.898501691638	0.890768487192	0.720154664089	0.68293861769	0.819236346061	0.835186080232	0.880135331078	0.884485258579	0.823102948284	0.818269695505	0.873368777187	0.85645239246	0.772353794103	0.758820686322	0.884485258579	0.878202029966	0.877718704688	0.881585306912	0.901401643306	0.893185113581	0.897535041083	0.862252295795	0.889801836636	0.88883518608	0.886418559691	0.850652489125	0.854035766071	0.871435476075	0.899951667472	0.895118414693	0.890285161914	0.88883518608	0.893185113581	0.88883518608	0.897535041083	0.889318511358	0.893185113581	0.890768487192	0.90043499275	0.894151764137	0.895118414693	0.891735137748	0.892701788304	0.894151764137	0.893185113581	0.894151764137
AH3	0.662638956017	0.380860318995	0.961333977767	0.603189946834	0.587723537941	0.575157080715	0.561623972934	0.548090865152	0.554857419043	0.53697438376	0.601739971	0.551957467376	0.540840985984	0.877718704688	0.0	0.524891251812	0.608023199613	0.606089898502	0.924601256646	0.751570807153	0.698888351861	0.6389560174	0.639439342678	0.636056065732	0.903818269696	0.683905268246	0.626389560174	0.616723054616	0.649589173514	0.673272112131	0.691155147414	0.629289511841	0.550507491542	0.58095698405	0.708554857419	0.65055582407	0.649589173514	0.544224262929	0.594006766554	0.537941034316	0.56259062349	0.61333977767	0.561140647656	0.549057515708	0.642822619623	0.634606089899	0.705171580474	0.626872885452	0.683905268246	0.652972450459	0.647655872402	0.675205413243	0.59497341711	0.602223296278	0.598356694055	0.614789753504	0.56259062349	0.666988883519	0.579990333494	0.628322861286	0.596423392943	0.623489608507
AH4	0.34944417593	0.371193813436	0.94441759304	0.58337361044	0.610439826003	0.522474625423	0.623006283229	0.522474625423	0.521507974867	0.56259062349	0.567423876269	0.545190913485	0.508941517641	0.855969067182	0.524891251812	0.0	0.536007733204	0.533107781537	0.878202029966	0.707588206863	0.626872885452	0.551474142098	0.567907201547	0.572740454326	0.860802319961	0.608023199613	0.55775737071	0.535041082649	0.56935717738	0.589656839053	0.605606573224	0.537457709038	0.540357660706	0.554374093765	0.692605123248	0.647172547124	0.594490091832	0.569840502658	0.542290961817	0.565490575157	0.535524407927	0.688738521025	0.633156114065	0.564523924601	0.598840019333	0.586273562107	0.656355727405	0.600289995167	0.666988883519	0.626872885452	0.607539874335	0.634122764621	0.545190913485	0.521991300145	0.533107781537	0.533591106815	0.509424842919	0.623006283229	0.525857902368	0.609956500725	0.521991300145	0.595456742388
AA7	0.576607056549	0.526341227646	0.977283711938	0.641855969067	0.61575640406	0.453842435959	0.677622039633	0.453359110681	0.425326244563	0.585306911551	0.421459642339	0.54857419043	0.498791686805	0.898501691638	0.608023199613	0.536007733204	0.0	0.302078298695	0.923151280812	0.755437409377	0.585306911551	0.506041565974	0.480425326245	0.47462542291	0.876752054132	0.609956500725	0.434026099565	0.449975833736	0.52537457709	0.565007249879	0.517158047366	0.415659739004	0.428709521508	0.47220879652	0.690188496858	0.654905751571	0.465925567907	0.553407443209	0.474142097632	0.602223296278	0.521507974867	0.740937651039	0.687771870469	0.555824069599	0.534074432093	0.522957950701	0.658772353794	0.599806669889	0.666988883519	0.633156114065	0.586273562107	0.622522957951	0.517158047366	0.507491541808	0.510874818753	0.512808119865	0.540357660706	0.61575640406	0.560657322378	0.619623006283	0.488641855969	0.588690188497
AA8	0.555824069599	0.524891251812	0.967133881102	0.630739487675	0.609956500725	0.44900918318	0.673272112131	0.455775737071	0.422909618173	0.58095698405	0.44900918318	0.542774287095	0.505074915418	0.890768487192	0.606089898502	0.533107781537	0.302078298695	0.0	0.911551474142	0.741420976317	0.565490575157	0.485258579024	0.485258579024	0.481875302078	0.860318994683	0.59497341711	0.435959400677	0.453359110681	0.515224746254	0.552924117931	0.487675205413	0.363943934268	0.434992750121	0.486708554857	0.70130497825	0.664088931851	0.491058482359	0.555824069599	0.478492025133	0.597390043499	0.530691155147	0.738037699372	0.687771870469	0.55775737071	0.540357660706	0.529724504592	0.653939101015	0.607539874335	0.674238762687	0.633156114065	0.58337361044	0.616723054616	0.509424842919	0.510874818753	0.515224746254	0.517158047366	0.534557757371	0.608506524891	0.553890768487	0.620589656839	0.486708554857	0.593523441276
AB7	0.847752537458	0.896568390527	0.74528757854	0.730304494925	0.875302078299	0.920734654422	0.927984533591	0.928467858869	0.924601256646	0.931851135814	0.950217496375	0.877718704688	0.928467858869	0.720154664089	0.924601256646	0.878202029966	0.923151280812	0.911551474142	0.0	0.436926051232	0.816336394393	0.842435959401	0.927501208313	0.929917834703	0.734171097148	0.815853069116	0.892218463026	0.864668922185	0.743837602707	0.691155147414	0.880135331078	0.895601739971	0.923151280812	0.934751087482	0.93281778637	0.927984533591	0.948767520541	0.907684871919	0.94683421943	0.916868052199	0.930401159981	0.880618656356	0.864668922185	0.896085065249	0.958917351377	0.958917351377	0.920251329145	0.919768003867	0.921701304978	0.933784436926	0.925567907202	0.915901401643	0.914934751087	0.907684871919	0.913968100532	0.904784920251	0.914934751087	0.911068148864	0.928467858869	0.926534557757	0.941517641373	0.926051232479
AB8	0.691638472692	0.719188013533	0.753987433543	0.546157564041	0.750120831319	0.742870952151	0.753504108265	0.746254229096	0.740937651039	0.751570807153	0.772353794103	0.709038182697	0.748670855486	0.68293861769	0.751570807153	0.707588206863	0.755437409377	0.741420976317	0.436926051232	0.0	0.637022716288	0.653455775737	0.730304494925	0.729337844369	0.730304494925	0.62493958434	0.706138231029	0.673272112131	0.521991300145	0.495891735138	0.725471242146	0.72450459159	0.747220879652	0.755920734654	0.802319961334	0.755437409377	0.765587240213	0.724021266312	0.757854035766	0.741904301595	0.745770903818	0.718221362977	0.695505074915	0.716771387144	0.78008699855	0.778637022716	0.81246979217	0.752054132431	0.803769937168	0.77090381827	0.762687288545	0.777187046883	0.752054132431	0.74528757854	0.752054132431	0.746737554374	0.74528757854	0.775253745771	0.744320927985	0.750604156597	0.757854035766	0.750604156597
AC7	0.596423392943	0.646205896568	0.88883518608	0.646205896568	0.734654422426	0.581440309328	0.703238279362	0.570323827936	0.556307394877	0.64572257129	0.58337361044	0.672305461576	0.661672305462	0.819236346061	0.698888351861	0.626872885452	0.585306911551	0.565490575157	0.816336394393	0.637022716288	0.0	0.361527307878	0.568390526825	0.564523924601	0.822619623006	0.593523441276	0.53697438376	0.506041565974	0.471725471242	0.484775253746	0.56259062349	0.544224262929	0.558240695988	0.590623489609	0.796520057999	0.7593040116	0.620589656839	0.62493958434	0.599323344611	0.716288061866	0.652972450459	0.722087965201	0.683421942968	0.622522957951	0.631222812953	0.621556307395	0.813919768004	0.757854035766	0.811503141614	0.778153697438	0.743354277429	0.779120347994	0.671822136298	0.660705654906	0.661188980184	0.67133881102	0.676655389077	0.778637022716	0.667955534074	0.760753987434	0.616239729338	0.744804253262
AC8	0.551957467376	0.568390526825	0.908651522475	0.609473175447	0.678588690188	0.518124697922	0.679555340744	0.498308361527	0.478492025133	0.583856935718	0.521507974867	0.612373127115	0.594006766554	0.835186080232	0.6389560174	0.551474142098	0.506041565974	0.485258579024	0.842435959401	0.653455775737	0.361527307878	0.0	0.47462542291	0.471725471242	0.829869502175	0.556790720155	0.399710004833	0.360077332044	0.433542774287	0.466892218463	0.511841469309	0.459159014016	0.476075398743	0.522474625423	0.725954567424	0.688255195747	0.535041082649	0.555340744321	0.535041082649	0.640889318511	0.576607056549	0.698888351861	0.639439342678	0.556307394877	0.566940550991	0.559690671822	0.729821169647	0.667955534074	0.739487675205	0.704204929918	0.66892218463	0.693088448526	0.593523441276	0.579990333494	0.585790236829	0.59255679072	0.589173513775	0.69212179797	0.583856935718	0.685838569357	0.53697438376	0.661188980184
AD7	0.579023682939	0.574190430159	0.957950700822	0.651522474625	0.723054615756	0.515708071532	0.691638472692	0.512324794587	0.485258579024	0.596906718221	0.439342677622	0.650072498792	0.589656839053	0.880135331078	0.639439342678	0.567907201547	0.480425326245	0.485258579024	0.927501208313	0.730304494925	0.568390526825	0.47462542291	0.0	0.279845335911	0.893185113581	0.540357660706	0.419526341228	0.438859352344	0.501691638473	0.541324311261	0.502174963751	0.474142097632	0.486708554857	0.535524407927	0.735621072982	0.694055099082	0.493475108748	0.571290478492	0.532141130981	0.652489125181	0.592073465442	0.72692121798	0.678588690188	0.588690188497	0.566940550991	0.563073948768	0.746737554374	0.685838569357	0.754470758821	0.718704688255	0.672788786854	0.700821652972	0.610439826003	0.599806669889	0.595940067666	0.607539874335	0.595456742388	0.709038182697	0.586756887385	0.702754954084	0.555824069599	0.671822136298
AD8	0.58337361044	0.570323827936	0.959400676655	0.6389560174	0.71532141131	0.505074915418	0.683905268246	0.498308361527	0.483325277912	0.591106814886	0.445142580957	0.639922667956	0.581440309328	0.884485258579	0.636056065732	0.572740454326	0.47462542291	0.481875302078	0.929917834703	0.729337844369	0.564523924601	0.471725471242	0.279845335911	0.0	0.865152247463	0.511358144031	0.426292895118	0.440792653456	0.481875302078	0.527307878202	0.491058482359	0.462542290962	0.497341710971	0.544224262929	0.735137747704	0.69453842436	0.481875302078	0.574673755437	0.526824552924	0.635572740454	0.575640405993	0.730787820203	0.6805219913	0.582406959884	0.567423876269	0.566940550991	0.73852102465	0.674238762687	0.74528757854	0.708554857419	0.65973900435	0.694055099082	0.599323344611	0.589173513775	0.586756887385	0.598840019333	0.595456742388	0.698888351861	0.585306911551	0.688255195747	0.552440792653	0.663122281295
AE7	0.822619623006	0.886418559691	0.846785886902	0.786853552441	0.840502658289	0.889318511358	0.911551474142	0.896568390527	0.894635089415	0.909134847753	0.924601256646	0.84485258579	0.887385210246	0.823102948284	0.903818269696	0.860802319961	0.876752054132	0.860318994683	0.734171097148	0.730304494925	0.822619623006	0.829869502175	0.893185113581	0.865152247463	0.0	0.532141130981	0.877718704688	0.851135814403	0.75688738521	0.75688738521	0.839052682455	0.841469308845	0.899468342194	0.911551474142	0.926051232479	0.916868052199	0.924117931368	0.90043499275	0.920251329145	0.878202029966	0.900918318028	0.880135331078	0.876268728855	0.871435476075	0.940067665539	0.932334461092	0.889801836636	0.900918318028	0.910101498308	0.904784920251	0.902368293862	0.899951667472	0.894151764137	0.889801836636	0.90285161914	0.885935234413	0.900918318028	0.888351860802	0.912518124698	0.904784920251	0.911068148864	0.910101498308
AE8	0.572257129048	0.615273078782	0.894151764137	0.626389560174	0.693088448526	0.599323344611	0.676655389077	0.609473175447	0.610439826003	0.62493958434	0.639922667956	0.634122764621	0.632189463509	0.818269695505	0.683905268246	0.608023199613	0.609956500725	0.59497341711	0.815853069116	0.62493958434	0.593523441276	0.556790720155	0.540357660706	0.511358144031	0.532141130981	0.0	0.597873368777	0.565007249879	0.520541324311	0.514258095698	0.588206863219	0.57177380377	0.619623006283	0.632672788787	0.75688738521	0.720154664089	0.6389560174	0.615273078782	0.637022716288	0.661672305462	0.617689705172	0.68970517158	0.660222329628	0.59497341711	0.654422426293	0.650072498792	0.757370710488	0.699855002417	0.764620589657	0.715804736588	0.693571773804	0.73368777187	0.653939101015	0.632672788787	0.640889318511	0.628322861286	0.656839052682	0.721604639923	0.652489125181	0.700821652972	0.619139681005	0.691155147414
AF7	0.56935717738	0.542290961817	0.946350894152	0.650072498792	0.677138714355	0.486708554857	0.686805219913	0.475108748188	0.434992750121	0.586273562107	0.44224262929	0.605123247946	0.555824069599	0.873368777187	0.626389560174	0.55775737071	0.434026099565	0.435959400677	0.892218463026	0.706138231029	0.53697438376	0.399710004833	0.419526341228	0.426292895118	0.877718704688	0.597873368777	0.0	0.30787820203	0.482841952634	0.519574673755	0.487675205413	0.479942000967	0.431609473175	0.485258579024	0.697921701305	0.654422426293	0.459642339294	0.539874335428	0.503141614306	0.630739487675	0.541324311261	0.718221362977	0.664572257129	0.544707588207	0.537457709038	0.52779120348	0.688738521025	0.625422909618	0.710004833253	0.674722087965	0.628806186564	0.658289028516	0.5601739971	0.543740937651	0.544224262929	0.556790720155	0.571290478492	0.652489125181	0.56935717738	0.663122281295	0.499275012083	0.624456259062
AF8	0.552440792653	0.528757854036	0.930884485259	0.624456259062	0.673272112131	0.493958434026	0.678588690188	0.477525374577	0.449492508458	0.577090381827	0.477525374577	0.610923151281	0.554374093765	0.85645239246	0.616723054616	0.535041082649	0.449975833736	0.453359110681	0.864668922185	0.673272112131	0.506041565974	0.360077332044	0.438859352344	0.440792653456	0.851135814403	0.565007249879	0.30787820203	0.0	0.444175930401	0.480425326245	0.497341710971	0.461575640406	0.443692605123	0.497341710971	0.703238279362	0.658289028516	0.478975350411	0.528274528758	0.513291445143	0.610439826003	0.545674238763	0.68970517158	0.634122764621	0.528757854036	0.545190913485	0.539874335428	0.697438376027	0.634122764621	0.71290478492	0.674722087965	0.638472692122	0.659255679072	0.563557274045	0.551957467376	0.556307394877	0.560657322378	0.553890768487	0.662155630739	0.561140647656	0.65973900435	0.507974867086	0.628806186564
AG7	0.565007249879	0.579990333494	0.848719188014	0.538424359594	0.671822136298	0.520541324311	0.672788786854	0.499275012083	0.492508458192	0.577090381827	0.532624456259	0.608023199613	0.592073465442	0.772353794103	0.649589173514	0.56935717738	0.52537457709	0.515224746254	0.743837602707	0.521991300145	0.471725471242	0.433542774287	0.501691638473	0.481875302078	0.75688738521	0.520541324311	0.482841952634	0.444175930401	0.0	0.30546157564	0.543257612373	0.49540840986	0.506041565974	0.549057515708	0.73368777187	0.690188496858	0.534557757371	0.54857419043	0.543257612373	0.626389560174	0.571290478492	0.69212179797	0.625422909618	0.549057515708	0.591590140164	0.588206863219	0.735621072982	0.673755437409	0.738037699372	0.704204929918	0.662638956017	0.698405026583	0.60657322378	0.59255679072	0.594490091832	0.590623489609	0.612373127115	0.695505074915	0.609956500725	0.686321894635	0.576607056549	0.65732237796
AG8	0.57177380377	0.603189946834	0.840019333011	0.574673755437	0.687771870469	0.549540840986	0.670855485742	0.546640889319	0.547124214596	0.594490091832	0.581923634606	0.624456259062	0.622522957951	0.758820686322	0.673272112131	0.589656839053	0.565007249879	0.552924117931	0.691155147414	0.495891735138	0.484775253746	0.466892218463	0.541324311261	0.527307878202	0.75688738521	0.514258095698	0.519574673755	0.480425326245	0.30546157564	0.0	0.564040599323	0.535524407927	0.558724021266	0.577573707105	0.750120831319	0.698405026583	0.579023682939	0.5601739971	0.579023682939	0.656839052682	0.603189946834	0.685838569357	0.632672788787	0.572740454326	0.620106331561	0.616723054616	0.754954084099	0.684388593523	0.754470758821	0.720154664089	0.687288545191	0.718221362977	0.634122764621	0.620106331561	0.620589656839	0.616723054616	0.639922667956	0.716288061866	0.639439342678	0.695988400193	0.599323344611	0.672788786854
AH7	0.582406959884	0.626389560174	0.955534074432	0.681488641856	0.711938134364	0.563557274045	0.707104881585	0.553407443209	0.540357660706	0.640889318511	0.52537457709	0.650072498792	0.637506041566	0.884485258579	0.691155147414	0.605606573224	0.517158047366	0.487675205413	0.880135331078	0.725471242146	0.56259062349	0.511841469309	0.502174963751	0.491058482359	0.839052682455	0.588206863219	0.487675205413	0.497341710971	0.543257612373	0.564040599323	0.0	0.336877718705	0.568390526825	0.608506524891	0.775737071049	0.73852102465	0.549540840986	0.638472692122	0.603189946834	0.67133881102	0.624456259062	0.762687288545	0.737071048816	0.636056065732	0.633156114065	0.633639439343	0.763653939101	0.718221362977	0.775737071049	0.738037699372	0.702271628806	0.729821169647	0.630256162397	0.616723054616	0.618173030449	0.626872885452	0.631222812953	0.727887868536	0.637506041566	0.717254712421	0.609956500725	0.705171580474
AH8	0.553407443209	0.554857419043	0.954567423876	0.632672788787	0.655389076849	0.493475108748	0.669405509908	0.485741904302	0.479458675689	0.578540357661	0.498791686805	0.585790236829	0.562107298212	0.878202029966	0.629289511841	0.537457709038	0.415659739004	0.363943934268	0.895601739971	0.72450459159	0.544224262929	0.459159014016	0.474142097632	0.462542290962	0.841469308845	0.57177380377	0.479942000967	0.461575640406	0.49540840986	0.535524407927	0.336877718705	0.0	0.498791686805	0.53939101015	0.735137747704	0.694055099082	0.529241179314	0.571290478492	0.533591106815	0.609473175447	0.559207346544	0.734654422426	0.681488641856	0.582890285162	0.575157080715	0.567423876269	0.702754954084	0.652972450459	0.723054615756	0.6805219913	0.634122764621	0.664088931851	0.56259062349	0.555824069599	0.555824069599	0.561623972934	0.557274045433	0.660222329628	0.574190430159	0.661188980184	0.535524407927	0.637022716288
AA5	0.579023682939	0.485741904302	0.956984050266	0.63653939101	0.605123247946	0.436926051232	0.617206379894	0.401159980667	0.391010149831	0.52537457709	0.427259545674	0.540357660706	0.520057999033	0.877718704688	0.550507491542	0.540357660706	0.428709521508	0.434992750121	0.923151280812	0.747220879652	0.558240695988	0.476075398743	0.486708554857	0.497341710971	0.899468342194	0.619623006283	0.431609473175	0.443692605123	0.506041565974	0.558724021266	0.568390526825	0.498791686805	0.0	0.340744320928	0.663605606573	0.602223296278	0.467375543741	0.465442242629	0.447559207347	0.551474142098	0.473658772354	0.641855969067	0.589656839053	0.464475592073	0.514258095698	0.491541807637	0.684388593523	0.626872885452	0.673755437409	0.647172547124	0.628806186564	0.664572257129	0.519091348478	0.534074432093	0.545190913485	0.538424359594	0.541807636539	0.649589173514	0.553890768487	0.628806186564	0.505074915418	0.614306428226
AA6	0.600289995167	0.512324794587	0.962300628323	0.654422426293	0.641855969067	0.476558724021	0.644272595457	0.456742387627	0.448525857902	0.545190913485	0.493475108748	0.574190430159	0.536491058482	0.881585306912	0.58095698405	0.554374093765	0.47220879652	0.486708554857	0.934751087482	0.755920734654	0.590623489609	0.522474625423	0.535524407927	0.544224262929	0.911551474142	0.632672788787	0.485258579024	0.497341710971	0.549057515708	0.577573707105	0.608506524891	0.53939101015	0.340744320928	0.0	0.672788786854	0.609956500725	0.523924601257	0.496375060416	0.480908651522	0.593523441276	0.500724987917	0.675205413243	0.623972933784	0.503141614306	0.466892218463	0.437892701788	0.693088448526	0.640889318511	0.686321894635	0.664088931851	0.637989366844	0.674238762687	0.542774287095	0.545190913485	0.551474142098	0.554374093765	0.547607539874	0.662155630739	0.572257129048	0.642339294345	0.525857902368	0.632672788787
AB5	0.743354277429	0.656355727405	0.973900434993	0.725954567424	0.631222812953	0.641372643789	0.721121314645	0.639922667956	0.661188980184	0.680038666022	0.674722087965	0.60415659739	0.640405993233	0.901401643306	0.708554857419	0.692605123248	0.690188496858	0.70130497825	0.93281778637	0.802319961334	0.796520057999	0.725954567424	0.735621072982	0.735137747704	0.926051232479	0.75688738521	0.697921701305	0.703238279362	0.73368777187	0.750120831319	0.775737071049	0.735137747704	0.663605606573	0.672788786854	0.0	0.302561623973	0.625422909618	0.65732237796	0.617689705172	0.630256162397	0.608989850169	0.749154180764	0.723054615756	0.641855969067	0.60415659739	0.604639922668	0.601739971	0.603189946834	0.619623006283	0.591106814886	0.608506524891	0.605123247946	0.599806669889	0.593040115998	0.609956500725	0.615273078782	0.65973900435	0.576607056549	0.652972450459	0.601256645723	0.667472208797	0.602706621556
AB6	0.70130497825	0.603189946834	0.966650555824	0.679072015466	0.59255679072	0.587723537941	0.664572257129	0.579990333494	0.608506524891	0.630739487675	0.6389560174	0.542774287095	0.607056549058	0.893185113581	0.65055582407	0.647172547124	0.654905751571	0.664088931851	0.927984533591	0.755437409377	0.7593040116	0.688255195747	0.694055099082	0.69453842436	0.916868052199	0.720154664089	0.654422426293	0.658289028516	0.690188496858	0.698405026583	0.73852102465	0.694055099082	0.602223296278	0.609956500725	0.302561623973	0.0	0.59255679072	0.594490091832	0.58337361044	0.574673755437	0.549057515708	0.678588690188	0.649589173514	0.564523924601	0.577573707105	0.57177380377	0.608989850169	0.55775737071	0.603673272112	0.562107298212	0.573223779604	0.593040115998	0.548090865152	0.565973900435	0.581923634606	0.597390043499	0.610439826003	0.565973900435	0.618656355727	0.557274045433	0.641372643789	0.557274045433
AC5	0.60657322378	0.56935717738	0.976317061382	0.661188980184	0.637989366844	0.464958917351	0.669888835186	0.450942484292	0.447075882069	0.569840502658	0.424842919285	0.563073948768	0.545674238763	0.897535041083	0.649589173514	0.594490091832	0.465925567907	0.491058482359	0.948767520541	0.765587240213	0.620589656839	0.535041082649	0.493475108748	0.481875302078	0.924117931368	0.6389560174	0.459642339294	0.478975350411	0.534557757371	0.579023682939	0.549540840986	0.529241179314	0.467375543741	0.523924601257	0.625422909618	0.59255679072	0.0	0.453842435959	0.458675688739	0.599323344611	0.519574673755	0.730787820203	0.667472208797	0.551474142098	0.48380860319	0.487191880135	0.621556307395	0.578540357661	0.64572257129	0.594006766554	0.569840502658	0.597873368777	0.510874818753	0.48622522958	0.507974867086	0.51619139681	0.591106814886	0.595940067666	0.585790236829	0.577090381827	0.527307878202	0.564040599323
AC6	0.614789753504	0.498308361527	0.951184146931	0.637022716288	0.595456742388	0.506524891252	0.533591106815	0.480425326245	0.512324794587	0.456259062349	0.544707588207	0.550507491542	0.565490575157	0.862252295795	0.544224262929	0.569840502658	0.553407443209	0.555824069599	0.907684871919	0.724021266312	0.62493958434	0.555340744321	0.571290478492	0.574673755437	0.90043499275	0.615273078782	0.539874335428	0.528274528758	0.54857419043	0.5601739971	0.638472692122	0.571290478492	0.465442242629	0.496375060416	0.65732237796	0.594490091832	0.453842435959	0.0	0.517158047366	0.524407926535	0.490575157081	0.492025132914	0.434992750121	0.422426292895	0.561140647656	0.558724021266	0.690671822136	0.639439342678	0.679555340744	0.646689221846	0.63653939101	0.676655389077	0.57177380377	0.572257129048	0.576123731271	0.570807153214	0.55775737071	0.649105848236	0.576123731271	0.636056065732	0.559207346544	0.618656355727
AD6	0.58337361044	0.517158047366	0.976317061382	0.628322861286	0.584823586274	0.426776220396	0.628322861286	0.419526341228	0.434509424843	0.525857902368	0.440792653456	0.514258095698	0.500724987917	0.889801836636	0.594006766554	0.542290961817	0.474142097632	0.478492025133	0.94683421943	0.757854035766	0.599323344611	0.535041082649	0.532141130981	0.526824552924	0.920251329145	0.637022716288	0.503141614306	0.513291445143	0.543257612373	0.579023682939	0.603189946834	0.533591106815	0.447559207347	0.480908651522	0.617689705172	0.58337361044	0.458675688739	0.517158047366	0.0	0.543740937651	0.408893185114	0.714838086032	0.658772353794	0.524407926535	0.473658772354	0.476075398743	0.612856452392	0.554857419043	0.617689705172	0.573223779604	0.5601739971	0.594490091832	0.469308844853	0.463508941518	0.472692121798	0.482841952634	0.549540840986	0.578540357661	0.541324311261	0.564040599323	0.474142097632	0.542774287095
AE5	0.629289511841	0.517641372644	0.975350410826	0.620589656839	0.544224262929	0.554857419043	0.563557274045	0.550024166264	0.588206863219	0.532141130981	0.614306428226	0.514258095698	0.565007249879	0.88883518608	0.537941034316	0.565490575157	0.602223296278	0.597390043499	0.916868052199	0.741904301595	0.716288061866	0.640889318511	0.652489125181	0.635572740454	0.878202029966	0.661672305462	0.630739487675	0.610439826003	0.626389560174	0.656839052682	0.67133881102	0.609473175447	0.551474142098	0.593523441276	0.630256162397	0.574673755437	0.599323344611	0.524407926535	0.543740937651	0.0	0.367810536491	0.615273078782	0.582890285162	0.505074915418	0.629289511841	0.637506041566	0.644272595457	0.600289995167	0.646689221846	0.612373127115	0.623006283229	0.634122764621	0.531174480425	0.540840985984	0.581440309328	0.5601739971	0.540357660706	0.622039632673	0.554857419043	0.608989850169	0.565973900435	0.601256645723
AE6	0.594490091832	0.471725471242	0.976317061382	0.621556307395	0.565490575157	0.470275495408	0.573707104882	0.457709038183	0.501208313195	0.497341710971	0.520541324311	0.510874818753	0.511841469309	0.886418559691	0.56259062349	0.535524407927	0.521507974867	0.530691155147	0.930401159981	0.745770903818	0.652972450459	0.576607056549	0.592073465442	0.575640405993	0.900918318028	0.617689705172	0.541324311261	0.545674238763	0.571290478492	0.603189946834	0.624456259062	0.559207346544	0.473658772354	0.500724987917	0.608989850169	0.549057515708	0.519574673755	0.490575157081	0.408893185114	0.367810536491	0.0	0.666022232963	0.613823102948	0.467375543741	0.529241179314	0.537457709038	0.628806186564	0.56935717738	0.622039632673	0.584823586274	0.576607056549	0.611889801837	0.489608506525	0.484775253746	0.506524891252	0.49299178347	0.527307878202	0.589173513775	0.539874335428	0.579507008217	0.494441759304	0.567423876269
AF5	0.710004833253	0.642339294345	0.930401159981	0.672305461576	0.679072015466	0.695505074915	0.553407443209	0.667472208797	0.705654905752	0.597873368777	0.729337844369	0.652005799903	0.69212179797	0.850652489125	0.61333977767	0.688738521025	0.740937651039	0.738037699372	0.880618656356	0.718221362977	0.722087965201	0.698888351861	0.72692121798	0.730787820203	0.880135331078	0.68970517158	0.718221362977	0.68970517158	0.69212179797	0.685838569357	0.762687288545	0.734654422426	0.641855969067	0.675205413243	0.749154180764	0.678588690188	0.730787820203	0.492025132914	0.714838086032	0.615273078782	0.666022232963	0.0	0.289995166747	0.560657322378	0.73852102465	0.731271145481	0.78008699855	0.738037699372	0.777187046883	0.73852102465	0.745770903818	0.766070565491	0.703238279362	0.729821169647	0.746254229096	0.729821169647	0.680038666022	0.745770903818	0.699371677139	0.724021266312	0.728854519091	0.734171097148
AF6	0.676655389077	0.584823586274	0.935717738038	0.652972450459	0.647172547124	0.643305944901	0.521991300145	0.616239729338	0.64813919768	0.545190913485	0.68293861769	0.617206379894	0.641855969067	0.854035766071	0.561140647656	0.633156114065	0.687771870469	0.687771870469	0.864668922185	0.695505074915	0.683421942968	0.639439342678	0.678588690188	0.6805219913	0.876268728855	0.660222329628	0.664572257129	0.634122764621	0.625422909618	0.632672788787	0.737071048816	0.681488641856	0.589656839053	0.623972933784	0.723054615756	0.649589173514	0.667472208797	0.434992750121	0.658772353794	0.582890285162	0.613823102948	0.289995166747	0.0	0.504108264862	0.68970517158	0.676172063799	0.750120831319	0.698405026583	0.740454325761	0.702271628806	0.686805219913	0.731754470759	0.655389076849	0.674722087965	0.68970517158	0.677138714355	0.623489608507	0.717254712421	0.639922667956	0.682455292412	0.675205413243	0.686321894635
