	AA3	AA4	AB3	AB4	AC3	AC4	AD3	AD4	AE3	AE4	AF3	AF4	AG3	AG4	AH3	AH4	AA7	AA8	AB7	AB8	AC7	AC8	AD7	AD8	AE7	AE8	AF7	AF8	AG7	AG8	AH7	AH8	AA5	AA6	AB5	AB6	AC5	AC6	AD6	AE5	AE6	AF5	AF6	AG5	AH5	AH6	AA1	AA2	AB1	AB2	AC1	AC2	AD1	AD2	AE1	AE2	AF1	AF2	AG1	AG2	AH1	AH2
AA3	0.0	0.502658289029	0.933784436926	0.641855969067	0.667472208797	0.600773320445	0.681005316578	0.595456742388	0.582406959884	0.623006283229	0.629772837119	0.623972933784	0.593040115998	0.857902368294	0.659255679072	0.341227646206	0.589656839053	0.580473658772	0.863218946351	0.723054615756	0.613823102948	0.575640405993	0.608506524891	0.586273562107	0.826969550507	0.582890285162	0.582890285162	0.578540357661	0.590623489609	0.595940067666	0.591106814886	0.56259062349	0.592073465442	0.600289995167	0.769937167714	0.698405026583	0.614306428226	0.623489608507	0.616723054616	0.642822619623	0.614789753504	0.704688255196	0.708071532141	0.628322861286	0.629772837119	0.618173030449	0.697438376027	0.671822136298	0.72692121798	0.678588690188	0.650072498792	0.673755437409	0.588690188497	0.567907201547	0.585306911551	0.585306911551	0.595940067666	0.687288545191	0.595940067666	0.6805219913	0.592073465442	0.675205413243
AA4	0.502658289029	0.0	0.947800869986	0.584823586274	0.554374093765	0.508458192363	0.591590140164	0.48622522958	0.502658289029	0.498791686805	0.56935717738	0.496858385694	0.484775253746	0.869018849686	0.37264378927	0.365877235379	0.548090865152	0.541324311261	0.895118414693	0.743354277429	0.65973900435	0.574190430159	0.595456742388	0.578540357661	0.869985500242	0.615273078782	0.554374093765	0.565490575157	0.602706621556	0.608989850169	0.626389560174	0.573223779604	0.508941517641	0.53020782987	0.67133881102	0.591106814886	0.576607056549	0.516674722088	0.542290961817	0.503624939584	0.48622522958	0.602223296278	0.596906718221	0.514741420976	0.58095698405	0.563557274045	0.644755920735	0.573707104882	0.625422909618	0.597390043499	0.590623489609	0.611406476559	0.527307878202	0.527307878202	0.53697438376	0.535524407927	0.497341710971	0.623972933784	0.489608506525	0.596906718221	0.5186080232	0.56935717738
AB3	0.933784436926	0.947800869986	0.0	0.679072015466	0.916868052199	0.95360077332	0.956984050266	0.948767520541	0.928467858869	0.950700821653	0.972933784437	0.93281778637	0.96520057999	0.316578057032	0.963267278879	0.936201063316	0.972450459159	0.968583856936	0.729821169647	0.742387626873	0.886901884969	0.911551474142	0.962783953601	0.94683421943	0.855002416626	0.90043499275	0.945867568874	0.93281778637	0.837119381344	0.827452875785	0.952634122765	0.952634122765	0.957950700822	0.961817303045	0.974867085549	0.961817303045	0.975350410826	0.954567423876	0.974867085549	0.974867085549	0.971967133881	0.931851135814	0.936684388594	0.946350894152	0.976317061382	0.970517158047	0.973417109715	0.973900434993	0.972450459159	0.972450459159	0.974383760271	0.970517158047	0.974867085549	0.974867085549	0.978250362494	0.974383760271	0.970517158047	0.973417109715	0.971967133881	0.973900434993	0.973900434993	0.973900434993
AB4	0.641855969067	0.584823586274	0.679072015466	0.0	0.6389560174	0.614789753504	0.68970517158	0.623972933784	0.60657322378	0.623489608507	0.651039149348	0.614789753504	0.495891735138	0.584340260996	0.615273078782	0.581440309328	0.64813919768	0.641372643789	0.730787820203	0.576123731271	0.643789270179	0.61575640406	0.652972450459	0.631222812953	0.786853552441	0.626389560174	0.647172547124	0.633156114065	0.531657805703	0.551957467376	0.684871918801	0.644755920735	0.642822619623	0.651522474625	0.740454325761	0.665055582407	0.656839052682	0.643789270179	0.63653939101	0.629772837119	0.621556307395	0.653939101015	0.664088931851	0.623489608507	0.681005316578	0.665055582407	0.706621556307	0.662155630739	0.698888351861	0.686321894635	0.674238762687	0.66892218463	0.640889318511	0.640405993233	0.655872402127	0.642339294345	0.65055582407	0.688255195747	0.644272595457	0.678105364911	0.650072498792	0.664572257129
AC3	0.667472208797	0.554374093765	0.916868052199	0.6389560174	0.0	0.496858385694	0.64572257129	0.527307878202	0.554857419043	0.565973900435	0.616723054616	0.319961333978	0.586273562107	0.839536007733	0.589173513775	0.594006766554	0.609473175447	0.608989850169	0.869502174964	0.739487675205	0.722571290478	0.669405509908	0.721604639923	0.696471725471	0.825519574674	0.669888835186	0.661188980184	0.677138714355	0.67133881102	0.668438859352	0.700821652972	0.658289028516	0.616239729338	0.630739487675	0.634122764621	0.582406959884	0.632672788787	0.571290478492	0.58337361044	0.558240695988	0.552440792653	0.644272595457	0.651039149348	0.568873852102	0.64813919768	0.634122764621	0.589173513775	0.577090381827	0.575640405993	0.566457225713	0.586756887385	0.575640405993	0.535524407927	0.554374093765	0.572740454326	0.557274045433	0.603673272112	0.57177380377	0.608023199613	0.594490091832	0.595940067666	0.590623489609
AC4	0.600773320445	0.508458192363	0.95360077332	0.614789753504	0.496858385694	0.0	0.632189463509	0.403093281779	0.394876752054	0.507491541808	0.338327694538	0.406476558724	0.494925084582	0.87046882552	0.57177380377	0.531657805703	0.470275495408	0.456259062349	0.926534557757	0.771870468826	0.587723537941	0.521991300145	0.511841469309	0.500241662639	0.885451909135	0.585306911551	0.484775253746	0.496375060416	0.527307878202	0.558724021266	0.559207346544	0.507491541808	0.454325761237	0.475108748188	0.655389076849	0.566457225713	0.458675688739	0.508458192363	0.433059449009	0.554374093765	0.477525374577	0.668438859352	0.661188980184	0.521991300145	0.496858385694	0.485741904302	0.638472692122	0.569840502658	0.597390043499	0.591590140164	0.577573707105	0.601256645723	0.494925084582	0.501208313195	0.498308361527	0.519091348478	0.541807636539	0.618656355727	0.550507491542	0.589173513775	0.470758820686	0.568390526825
AD3	0.681005316578	0.591590140164	0.956984050266	0.68970517158	0.64572257129	0.632189463509	0.0	0.537457709038	0.641855969067	0.371677138714	0.681005316578	0.609473175447	0.643305944901	0.877718704688	0.569840502658	0.643305944901	0.689221846303	0.690188496858	0.942484291928	0.789753504108	0.723537941034	0.693088448526	0.700821652972	0.692605123248	0.917834702755	0.693571773804	0.699855002417	0.694055099082	0.694055099082	0.688738521025	0.721604639923	0.698888351861	0.630739487675	0.652489125181	0.739004349928	0.665538907685	0.683905268246	0.532141130981	0.647172547124	0.579023682939	0.581923634606	0.549057515708	0.543257612373	0.53939101015	0.697438376027	0.691638472692	0.764137264379	0.708071532141	0.728854519091	0.716288061866	0.708071532141	0.733204446593	0.661188980184	0.664088931851	0.673755437409	0.665538907685	0.629289511841	0.732721121315	0.637506041566	0.722087965201	0.687771870469	0.701788303528
AD4	0.595456742388	0.48622522958	0.948767520541	0.623972933784	0.527307878202	0.403093281779	0.537457709038	0.0	0.313194780087	0.397293378444	0.433059449009	0.466892218463	0.506041565974	0.866602223296	0.537941034316	0.531174480425	0.475592073465	0.463992266796	0.942967617206	0.78927017883	0.584340260996	0.508941517641	0.516674722088	0.492508458192	0.914934751087	0.612373127115	0.468825519575	0.4813919768	0.528757854036	0.575640405993	0.567423876269	0.510391493475	0.406476558724	0.44900918318	0.641372643789	0.553890768487	0.441759304012	0.468342194297	0.414693088449	0.546640889319	0.465925567907	0.621556307395	0.612856452392	0.494925084582	0.48380860319	0.46302561624	0.643305944901	0.583856935718	0.614306428226	0.613823102948	0.591106814886	0.612856452392	0.497825036249	0.492025132914	0.498308361527	0.519574673755	0.538907684872	0.620589656839	0.543257612373	0.608023199613	0.491058482359	0.585306911551
AE3	0.582406959884	0.502658289029	0.928467858869	0.60657322378	0.554857419043	0.394876752054	0.641855969067	0.313194780087	0.0	0.494441759304	0.414209763171	0.498308361527	0.492025132914	0.854035766071	0.554374093765	0.528757854036	0.456259062349	0.448525857902	0.920734654422	0.762203963267	0.5601739971	0.480908651522	0.487675205413	0.486708554857	0.885935234413	0.585306911551	0.455775737071	0.473658772354	0.497341710971	0.552924117931	0.55099081682	0.498308361527	0.408409859836	0.443692605123	0.668438859352	0.591590140164	0.449492508458	0.506524891252	0.42822619623	0.596423392943	0.511841469309	0.661188980184	0.654422426293	0.532141130981	0.490575157081	0.465925567907	0.657805703238	0.601256645723	0.627839536008	0.619139681005	0.600773320445	0.628806186564	0.513291445143	0.514258095698	0.516674722088	0.537941034316	0.543740937651	0.643789270179	0.541324311261	0.616723054616	0.4813919768	0.599323344611
AE4	0.623006283229	0.498791686805	0.950700821653	0.623489608507	0.565973900435	0.507491541808	0.371677138714	0.397293378444	0.494441759304	0.0	0.565007249879	0.517158047366	0.538907684872	0.870952150797	0.52779120348	0.552924117931	0.569840502658	0.57177380377	0.93523441276	0.77767037216	0.651039149348	0.587240212663	0.605606573224	0.579990333494	0.899951667472	0.612856452392	0.579023682939	0.576607056549	0.582890285162	0.591106814886	0.641372643789	0.591106814886	0.517158047366	0.531657805703	0.673272112131	0.595456742388	0.565973900435	0.450942484292	0.530691155147	0.501691638473	0.483325277912	0.561140647656	0.561623972934	0.467858869019	0.589173513775	0.575157080715	0.687771870469	0.639439342678	0.664572257129	0.656355727405	0.646689221846	0.663122281295	0.577090381827	0.564040599323	0.558724021266	0.580473658772	0.555824069599	0.665538907685	0.567423876269	0.653455775737	0.575640405993	0.636056065732
AF3	0.629772837119	0.56935717738	0.972933784437	0.651039149348	0.616723054616	0.338327694538	0.681005316578	0.433059449009	0.414209763171	0.565007249879	0.0	0.524407926535	0.526341227646	0.892218463026	0.612373127115	0.580473658772	0.456259062349	0.427742870952	0.961333977767	0.810536491058	0.599806669889	0.543740937651	0.442725954567	0.446592556791	0.924117931368	0.630256162397	0.443209279845	0.495891735138	0.537457709038	0.592073465442	0.533107781537	0.511358144031	0.454809086515	0.498308361527	0.667955534074	0.605123247946	0.431126147898	0.549057515708	0.433059449009	0.623006283229	0.533591106815	0.70372160464	0.70130497825	0.566940550991	0.490575157081	0.476558724021	0.660222329628	0.595456742388	0.640889318511	0.617206379894	0.599323344611	0.625906234896	0.538424359594	0.519091348478	0.5186080232	0.541324311261	0.575640405993	0.644755920735	0.583856935718	0.61575640406	0.499758337361	0.595456742388
AF4	0.623972933784	0.496858385694	0.93281778637	0.614789753504	0.319961333978	0.406476558724	0.609473175447	0.466892218463	0.498308361527	0.517158047366	0.524407926535	0.0	0.536491058482	0.854035766071	0.549057515708	0.539874335428	0.558724021266	0.558240695988	0.89125181247	0.744320927985	0.687288545191	0.623489608507	0.666505558241	0.640405993233	0.850652489125	0.623972933784	0.603673272112	0.62493958434	0.634606089899	0.634606089899	0.655872402127	0.612373127115	0.555340744321	0.576607056549	0.603673272112	0.513291445143	0.558240695988	0.531657805703	0.512808119865	0.511358144031	0.503141614306	0.612373127115	0.620106331561	0.520541324311	0.564040599323	0.553407443209	0.577573707105	0.5186080232	0.549540840986	0.529241179314	0.529724504592	0.546157564041	0.474142097632	0.498791686805	0.510874818753	0.504108264862	0.552440792653	0.554374093765	0.560657322378	0.538907684872	0.534557757371	0.517158047366
AG3	0.593040115998	0.484775253746	0.96520057999	0.495891735138	0.586273562107	0.494925084582	0.643305944901	0.506041565974	0.492025132914	0.538907684872	0.526341227646	0.536491058482	0.0	0.863702271629	0.524407926535	0.52537457709	0.494925084582	0.495891735138	0.930401159981	0.776220396327	0.661672305462	0.586273562107	0.586273562107	0.583856935718	0.884001933301	0.620589656839	0.540357660706	0.571290478492	0.598840019333	0.608506524891	0.62493958434	0.564523924601	0.525857902368	0.521991300145	0.662638956017	0.601739971	0.532141130981	0.533107781537	0.508941517641	0.564040599323	0.502658289029	0.656355727405	0.65055582407	0.52537457709	0.552440792653	0.534074432093	0.603673272112	0.568390526825	0.599806669889	0.595456742388	0.576607056549	0.580473658772	0.50459159014	0.497341710971	0.522474625423	0.516674722088	0.532624456259	0.598840019333	0.52537457709	0.594490091832	0.489608506525	0.568390526825
AG4	0.857902368294	0.869018849686	0.316578057032	0.584340260996	0.839536007733	0.87046882552	0.877718704688	0.866602223296	0.854035766071	0.870952150797	0.892218463026	0.854035766071	0.863702271629	0.0	0.884001933301	0.858385693572	0.898018366361	0.896085065249	0.719188013533	0.677622039633	0.820686321895	0.840502658289	0.892218463026	0.876268728855	0.824552924118	0.830352827453	0.878685355244	0.861285645239	0.77090381827	0.760270662156	0.887868535524	0.882551957467	0.885451909135	0.886901884969	0.911551474142	0.892701788304	0.90043499275	0.874818753021	0.897051715805	0.891735137748	0.889318511358	0.860318994683	0.864185596907	0.874335427743	0.902368293862	0.898501691638	0.895601739971	0.893668438859	0.894151764137	0.892701788304	0.903818269696	0.896085065249	0.901401643306	0.896568390527	0.904784920251	0.901884968584	0.898985016916	0.898985016916	0.896085065249	0.893185113581	0.898985016916	0.898985016916
AH3	0.659255679072	0.37264378927	0.963267278879	0.615273078782	0.589173513775	0.57177380377	0.569840502658	0.537941034316	0.554374093765	0.52779120348	0.612373127115	0.549057515708	0.524407926535	0.884001933301	0.0	0.521024649589	0.607539874335	0.614789753504	0.924117931368	0.781536974384	0.705654905752	0.630256162397	0.634122764621	0.632189463509	0.899951667472	0.687288545191	0.628806186564	0.628322861286	0.652005799903	0.661188980184	0.688738521025	0.635089415176	0.554374093765	0.58337361044	0.70372160464	0.622039632673	0.633156114065	0.534557757371	0.591590140164	0.537941034316	0.542290961817	0.586273562107	0.565490575157	0.536491058482	0.636056065732	0.614789753504	0.69212179797	0.61333977767	0.646689221846	0.650072498792	0.642339294345	0.649105848236	0.591590140164	0.579023682939	0.596906718221	0.604639922668	0.561140647656	0.666505558241	0.554857419043	0.633156114065	0.585306911551	0.607539874335
AH4	0.341227646206	0.365877235379	0.936201063316	0.581440309328	0.594006766554	0.531657805703	0.643305944901	0.531174480425	0.528757854036	0.552924117931	0.580473658772	0.539874335428	0.52537457709	0.858385693572	0.521024649589	0.0	0.554857419043	0.55099081682	0.869018849686	0.724021266312	0.625422909618	0.554374093765	0.585790236829	0.559207346544	0.845819236346	0.582890285162	0.561623972934	0.558240695988	0.573223779604	0.58337361044	0.605606573224	0.55775737071	0.536007733204	0.54857419043	0.697921701305	0.625422909618	0.579507008217	0.564523924601	0.552924117931	0.559690671822	0.531657805703	0.643305944901	0.641372643789	0.5601739971	0.595940067666	0.57177380377	0.655389076849	0.59255679072	0.651522474625	0.606089898502	0.607539874335	0.623489608507	0.531174480425	0.529241179314	0.546157564041	0.536491058482	0.514258095698	0.63653939101	0.506524891252	0.614789753504	0.535041082649	0.602223296278
AA7	0.589656839053	0.548090865152	0.972450459159	0.64813919768	0.609473175447	0.470275495408	0.689221846303	0.475592073465	0.456259062349	0.569840502658	0.456259062349	0.558724021266	0.494925084582	0.898018366361	0.607539874335	0.554857419043	0.0	0.279845335911	0.921701304978	0.77767037216	0.598840019333	0.524407926535	0.493958434026	0.485741904302	0.873368777187	0.60415659739	0.444659255679	0.477525374577	0.524891251812	0.575157080715	0.519574673755	0.41904301595	0.430159497342	0.488158530691	0.704688255196	0.642822619623	0.470758820686	0.555340744321	0.483325277912	0.60657322378	0.541807636539	0.695505074915	0.693571773804	0.565490575157	0.524407926535	0.505074915418	0.660222329628	0.610923151281	0.662155630739	0.631706138231	0.587723537941	0.615273078782	0.520057999033	0.505558240696	0.51377477042	0.527307878202	0.527307878202	0.62735621073	0.529724504592	0.631706138231	0.49540840986	0.605606573224
AA8	0.580473658772	0.541324311261	0.968583856936	0.641372643789	0.608989850169	0.456259062349	0.690188496858	0.463992266796	0.448525857902	0.57177380377	0.427742870952	0.558240695988	0.495891735138	0.896085065249	0.614789753504	0.55099081682	0.279845335911	0.0	0.917351377477	0.769453842436	0.589656839053	0.505074915418	0.461575640406	0.453359110681	0.860802319961	0.584823586274	0.413726437893	0.46060898985	0.512324794587	0.559207346544	0.464958917351	0.378443692605	0.43064282262	0.473175447076	0.704204929918	0.631706138231	0.461575640406	0.54857419043	0.470275495408	0.605606573224	0.531657805703	0.701788303528	0.696955050749	0.564523924601	0.512324794587	0.487191880135	0.642822619623	0.606089898502	0.654905751571	0.623006283229	0.574190430159	0.603189946834	0.509908168197	0.492025132914	0.507491541808	0.516674722088	0.531657805703	0.613823102948	0.529724504592	0.623006283229	0.483325277912	0.597390043499
AB7	0.863218946351	0.895118414693	0.729821169647	0.730787820203	0.869502174964	0.926534557757	0.942484291928	0.942967617206	0.920734654422	0.93523441276	0.961333977767	0.89125181247	0.930401159981	0.719188013533	0.924117931368	0.869018849686	0.921701304978	0.917351377477	0.0	0.406476558724	0.806669888835	0.842919284679	0.936684388594	0.916868052199	0.741904301595	0.817786370227	0.901884968584	0.883518608023	0.741904301595	0.702271628806	0.886901884969	0.90043499275	0.922184630256	0.927984533591	0.952150797487	0.938617689705	0.954084098598	0.918318028033	0.947800869986	0.930401159981	0.932334461092	0.867085548574	0.889318511358	0.901401643306	0.948767520541	0.95360077332	0.926534557757	0.930884485259	0.944900918318	0.923151280812	0.931851135814	0.919284678589	0.915418076365	0.917834702755	0.918318028033	0.920251329145	0.915901401643	0.917351377477	0.916868052199	0.929434509425	0.946350894152	0.931367810536
AB8	0.723054615756	0.743354277429	0.742387626873	0.576123731271	0.739487675205	0.771870468826	0.789753504108	0.78927017883	0.762203963267	0.77767037216	0.810536491058	0.744320927985	0.776220396327	0.677622039633	0.781536974384	0.724021266312	0.77767037216	0.769453842436	0.406476558724	0.0	0.65973900435	0.684388593523	0.777187046883	0.758337361044	0.73610439826	0.67133881102	0.744320927985	0.723054615756	0.55775737071	0.549057515708	0.750604156597	0.753020782987	0.771387143548	0.77767037216	0.827452875785	0.785403576607	0.798936684389	0.758820686322	0.792170130498	0.773320444659	0.776703721605	0.727887868536	0.741420976317	0.745770903818	0.800386660222	0.800386660222	0.809086515225	0.775737071049	0.793136781054	0.772353794103	0.79168680522	0.776703721605	0.771870468826	0.77090381827	0.773803769937	0.772353794103	0.767520541324	0.780570323828	0.769937167714	0.773803769937	0.786853552441	0.777187046883
AC7	0.613823102948	0.65973900435	0.886901884969	0.643789270179	0.722571290478	0.587723537941	0.723537941034	0.584340260996	0.5601739971	0.651039149348	0.599806669889	0.687288545191	0.661672305462	0.820686321895	0.705654905752	0.625422909618	0.598840019333	0.589656839053	0.806669888835	0.65973900435	0.0	0.366843885935	0.582890285162	0.564523924601	0.816819719671	0.592073465442	0.563557274045	0.511358144031	0.484775253746	0.500724987917	0.572257129048	0.548090865152	0.565007249879	0.586756887385	0.80328661189	0.734654422426	0.624456259062	0.642339294345	0.607539874335	0.71532141131	0.665538907685	0.698888351861	0.705171580474	0.637506041566	0.628322861286	0.60415659739	0.809569840503	0.760270662156	0.787820202997	0.77767037216	0.744804253262	0.773320444659	0.681971967134	0.664572257129	0.666505558241	0.68293861769	0.66892218463	0.784436926051	0.667955534074	0.766553890768	0.623489608507	0.753504108265
AC8	0.575640405993	0.574190430159	0.911551474142	0.61575640406	0.669405509908	0.521991300145	0.693088448526	0.508941517641	0.480908651522	0.587240212663	0.543740937651	0.623489608507	0.586273562107	0.840502658289	0.630256162397	0.554374093765	0.524407926535	0.505074915418	0.842919284679	0.684388593523	0.366843885935	0.0	0.506524891252	0.482358627356	0.839536007733	0.553890768487	0.426776220396	0.387626872885	0.447559207347	0.478975350411	0.536491058482	0.4813919768	0.485258579024	0.503624939584	0.733204446593	0.661672305462	0.550024166264	0.567423876269	0.535524407927	0.635572740454	0.588690188497	0.658289028516	0.654905751571	0.57177380377	0.554857419043	0.531657805703	0.727404543258	0.669405509908	0.716288061866	0.709038182697	0.663122281295	0.689221846303	0.597873368777	0.581923634606	0.585306911551	0.60657322378	0.584340260996	0.701788303528	0.578057032383	0.691638472692	0.538424359594	0.672305461576
AD7	0.608506524891	0.595456742388	0.962783953601	0.652972450459	0.721604639923	0.511841469309	0.700821652972	0.516674722088	0.487675205413	0.605606573224	0.442725954567	0.666505558241	0.586273562107	0.892218463026	0.634122764621	0.585790236829	0.493958434026	0.461575640406	0.936684388594	0.777187046883	0.582890285162	0.506524891252	0.0	0.29627839536	0.901884968584	0.534074432093	0.426776220396	0.463508941518	0.501691638473	0.568390526825	0.508941517641	0.473175447076	0.484775253746	0.524891251812	0.755437409377	0.679072015466	0.524891251812	0.600289995167	0.531174480425	0.651039149348	0.603673272112	0.707104881585	0.700821652972	0.613823102948	0.553407443209	0.53697438376	0.743837602707	0.68293861769	0.732237796037	0.716771387144	0.672788786854	0.697438376027	0.618173030449	0.598840019333	0.595456742388	0.62493958434	0.594006766554	0.714354760754	0.593523441276	0.705654905752	0.564523924601	0.685355244079
AD8	0.586273562107	0.578540357661	0.94683421943	0.631222812953	0.696471725471	0.500241662639	0.692605123248	0.492508458192	0.486708554857	0.579990333494	0.446592556791	0.640405993233	0.583856935718	0.876268728855	0.632189463509	0.559207346544	0.485741904302	0.453359110681	0.916868052199	0.758337361044	0.564523924601	0.482358627356	0.29627839536	0.0	0.841469308845	0.46979217013	0.398260029	0.438859352344	0.467375543741	0.53697438376	0.491058482359	0.458192363461	0.484291928468	0.5186080232	0.742870952151	0.668438859352	0.510874818753	0.581923634606	0.516674722088	0.637506041566	0.586273562107	0.697438376027	0.691638472692	0.592073465442	0.543740937651	0.529724504592	0.738037699372	0.67133881102	0.722087965201	0.702754954084	0.667472208797	0.689221846303	0.602706621556	0.584340260996	0.581923634606	0.612373127115	0.586756887385	0.704204929918	0.592073465442	0.689221846303	0.552440792653	0.676172063799
AE7	0.826969550507	0.869985500242	0.855002416626	0.786853552441	0.825519574674	0.885451909135	0.917834702755	0.914934751087	0.885935234413	0.899951667472	0.924117931368	0.850652489125	0.884001933301	0.824552924118	0.899951667472	0.845819236346	0.873368777187	0.860802319961	0.741904301595	0.73610439826	0.816819719671	0.839536007733	0.901884968584	0.841469308845	0.0	0.53939101015	0.87723537941	0.859352344128	0.762687288545	0.755437409377	0.836152730788	0.837119381344	0.900918318028	0.905268245529	0.936684388594	0.916384726921	0.925567907202	0.903334944418	0.922667955534	0.884485258579	0.898501691638	0.870952150797	0.881585306912	0.872885451909	0.9212179797	0.921701304978	0.89125181247	0.903334944418	0.917351377477	0.884968583857	0.904301594973	0.890768487192	0.88883518608	0.889318511358	0.900918318028	0.891735137748	0.897535041083	0.889318511358	0.898501691638	0.904301594973	0.911068148864	0.909134847753
AE8	0.582890285162	0.615273078782	0.90043499275	0.626389560174	0.669888835186	0.585306911551	0.693571773804	0.612373127115	0.585306911551	0.612856452392	0.630256162397	0.623972933784	0.620589656839	0.830352827453	0.687288545191	0.582890285162	0.60415659739	0.584823586274	0.817786370227	0.67133881102	0.592073465442	0.553890768487	0.534074432093	0.46979217013	0.53939101015	0.0	0.574673755437	0.562107298212	0.521991300145	0.51377477042	0.577090381827	0.55775737071	0.606089898502	0.607539874335	0.762687288545	0.704204929918	0.629289511841	0.613823102948	0.62735621073	0.646205896568	0.623972933784	0.672305461576	0.673272112131	0.60415659739	0.623489608507	0.626389560174	0.732237796037	0.69453842436	0.748187530208	0.696955050749	0.683421942968	0.710004833253	0.632189463509	0.619623006283	0.61575640406	0.637022716288	0.639439342678	0.712421459642	0.642822619623	0.705171580474	0.607056549058	0.69212179797
AF7	0.582890285162	0.554374093765	0.945867568874	0.647172547124	0.661188980184	0.484775253746	0.699855002417	0.468825519575	0.455775737071	0.579023682939	0.443209279845	0.603673272112	0.540357660706	0.878685355244	0.628806186564	0.561623972934	0.444659255679	0.413726437893	0.901884968584	0.744320927985	0.563557274045	0.426776220396	0.426776220396	0.398260029	0.87723537941	0.574673755437	0.0	0.328177863702	0.47462542291	0.542774287095	0.481875302078	0.465925567907	0.444659255679	0.487191880135	0.707588206863	0.635572740454	0.482358627356	0.536007733204	0.488158530691	0.61333977767	0.548090865152	0.685355244079	0.6805219913	0.5601739971	0.520057999033	0.506041565974	0.673272112131	0.630739487675	0.677622039633	0.665538907685	0.621556307395	0.6389560174	0.548090865152	0.53697438376	0.534557757371	0.566940550991	0.549540840986	0.64572257129	0.553890768487	0.650072498792	0.491058482359	0.628322861286
AF8	0.578540357661	0.565490575157	0.93281778637	0.633156114065	0.677138714355	0.496375060416	0.694055099082	0.4813919768	0.473658772354	0.576607056549	0.495891735138	0.62493958434	0.571290478492	0.861285645239	0.628322861286	0.558240695988	0.477525374577	0.46060898985	0.883518608023	0.723054615756	0.511358144031	0.387626872885	0.463508941518	0.438859352344	0.859352344128	0.562107298212	0.328177863702	0.0	0.450459159014	0.510874818753	0.521507974867	0.462542290962	0.446592556791	0.490575157081	0.722087965201	0.649105848236	0.492025132914	0.547124214596	0.503624939584	0.614789753504	0.567907201547	0.655389076849	0.650072498792	0.552440792653	0.534557757371	0.51619139681	0.695988400193	0.649105848236	0.695021749638	0.68970517158	0.640889318511	0.65973900435	0.575157080715	0.559207346544	0.557274045433	0.588206863219	0.559690671822	0.670855485742	0.558240695988	0.670372160464	0.508941517641	0.651039149348
AG7	0.590623489609	0.602706621556	0.837119381344	0.531657805703	0.67133881102	0.527307878202	0.694055099082	0.528757854036	0.497341710971	0.582890285162	0.537457709038	0.634606089899	0.598840019333	0.77090381827	0.652005799903	0.573223779604	0.524891251812	0.512324794587	0.741904301595	0.55775737071	0.484775253746	0.447559207347	0.501691638473	0.467375543741	0.762687288545	0.521991300145	0.47462542291	0.450459159014	0.0	0.333977767037	0.531174480425	0.49540840986	0.503624939584	0.551957467376	0.74770420493	0.673755437409	0.53020782987	0.579507008217	0.537457709038	0.631706138231	0.585306911551	0.643305944901	0.650072498792	0.572257129048	0.578057032383	0.571290478492	0.739971000483	0.684388593523	0.720637989367	0.708554857419	0.671822136298	0.698888351861	0.610923151281	0.599806669889	0.597390043499	0.620589656839	0.619139681005	0.711454809087	0.624456259062	0.694055099082	0.585306911551	0.683421942968
AG8	0.595940067666	0.608989850169	0.827452875785	0.551957467376	0.668438859352	0.558724021266	0.688738521025	0.575640405993	0.552924117931	0.591106814886	0.592073465442	0.634606089899	0.608506524891	0.760270662156	0.661188980184	0.58337361044	0.575157080715	0.559207346544	0.702271628806	0.549057515708	0.500724987917	0.478975350411	0.568390526825	0.53697438376	0.755437409377	0.51377477042	0.542774287095	0.510874818753	0.333977767037	0.0	0.576123731271	0.551474142098	0.559690671822	0.577090381827	0.7593040116	0.680038666022	0.590623489609	0.58337361044	0.588690188497	0.65055582407	0.59497341711	0.642822619623	0.655389076849	0.576123731271	0.601739971	0.593523441276	0.745770903818	0.684871918801	0.72450459159	0.713388110198	0.677622039633	0.702754954084	0.629772837119	0.609473175447	0.603673272112	0.634606089899	0.632672788787	0.713388110198	0.637022716288	0.689221846303	0.600289995167	0.686321894635
AH7	0.591106814886	0.626389560174	0.952634122765	0.684871918801	0.700821652972	0.559207346544	0.721604639923	0.567423876269	0.55099081682	0.641372643789	0.533107781537	0.655872402127	0.62493958434	0.887868535524	0.688738521025	0.605606573224	0.519574673755	0.464958917351	0.886901884969	0.750604156597	0.572257129048	0.536491058482	0.508941517641	0.491058482359	0.836152730788	0.577090381827	0.481875302078	0.521507974867	0.531174480425	0.576123731271	0.0	0.335911068149	0.568390526825	0.605606573224	0.785403576607	0.72450459159	0.573223779604	0.64813919768	0.588206863219	0.670372160464	0.643305944901	0.748187530208	0.751087481875	0.658772353794	0.617689705172	0.616723054616	0.754954084099	0.72450459159	0.761720637989	0.72450459159	0.701788303528	0.723054615756	0.634122764621	0.619623006283	0.609473175447	0.637022716288	0.62493958434	0.735621072982	0.626389560174	0.724987916868	0.610439826003	0.723054615756
AH8	0.56259062349	0.573223779604	0.952634122765	0.644755920735	0.658289028516	0.507491541808	0.698888351861	0.510391493475	0.498308361527	0.591106814886	0.511358144031	0.612373127115	0.564523924601	0.882551957467	0.635089415176	0.55775737071	0.41904301595	0.378443692605	0.90043499275	0.753020782987	0.548090865152	0.4813919768	0.473175447076	0.458192363461	0.837119381344	0.55775737071	0.465925567907	0.462542290962	0.49540840986	0.551474142098	0.335911068149	0.0	0.499275012083	0.531657805703	0.755920734654	0.683421942968	0.528757854036	0.597390043499	0.534557757371	0.622522957951	0.592073465442	0.704688255196	0.700338327695	0.607056549058	0.565490575157	0.546640889319	0.70130497825	0.670855485742	0.714354760754	0.675205413243	0.637989366844	0.671822136298	0.575157080715	0.553407443209	0.563557274045	0.574673755437	0.564040599323	0.675688738521	0.566457225713	0.677138714355	0.545674238763	0.669405509908
AA5	0.592073465442	0.508941517641	0.957950700822	0.642822619623	0.616239729338	0.454325761237	0.630739487675	0.406476558724	0.408409859836	0.517158047366	0.454809086515	0.555340744321	0.525857902368	0.885451909135	0.554374093765	0.536007733204	0.430159497342	0.43064282262	0.922184630256	0.771387143548	0.565007249879	0.485258579024	0.484775253746	0.484291928468	0.900918318028	0.606089898502	0.444659255679	0.446592556791	0.503624939584	0.559690671822	0.568390526825	0.499275012083	0.0	0.341710971484	0.685838569357	0.591106814886	0.466408893185	0.46060898985	0.460125664572	0.553407443209	0.483325277912	0.604639922668	0.597873368777	0.477525374577	0.51377477042	0.476558724021	0.700821652972	0.640405993233	0.664572257129	0.658772353794	0.642822619623	0.670372160464	0.53697438376	0.55099081682	0.553890768487	0.577090381827	0.533107781537	0.678588690188	0.538424359594	0.645239246013	0.508941517641	0.630256162397
AA6	0.600289995167	0.53020782987	0.961817303045	0.651522474625	0.630739487675	0.475108748188	0.652489125181	0.44900918318	0.443692605123	0.531657805703	0.498308361527	0.576607056549	0.521991300145	0.886901884969	0.58337361044	0.54857419043	0.488158530691	0.473175447076	0.927984533591	0.77767037216	0.586756887385	0.503624939584	0.524891251812	0.5186080232	0.905268245529	0.607539874335	0.487191880135	0.490575157081	0.551957467376	0.577090381827	0.605606573224	0.531657805703	0.341710971484	0.0	0.676655389077	0.579507008217	0.499758337361	0.48380860319	0.476558724021	0.576123731271	0.496858385694	0.6389560174	0.631706138231	0.511841469309	0.445625906235	0.40744320928	0.690671822136	0.632189463509	0.65732237796	0.65732237796	0.633639439343	0.656355727405	0.538907684872	0.542774287095	0.545674238763	0.565973900435	0.547607539874	0.666988883519	0.547607539874	0.642822619623	0.507491541808	0.620589656839
AB5	0.769937167714	0.67133881102	0.974867085549	0.740454325761	0.634122764621	0.655389076849	0.739004349928	0.641372643789	0.668438859352	0.673272112131	0.667955534074	0.603673272112	0.662638956017	0.911551474142	0.70372160464	0.697921701305	0.704688255196	0.704204929918	0.952150797487	0.827452875785	0.80328661189	0.733204446593	0.755437409377	0.742870952151	0.936684388594	0.762687288545	0.707588206863	0.722087965201	0.74770420493	0.7593040116	0.785403576607	0.755920734654	0.685838569357	0.676655389077	0.0	0.325761237313	0.623972933784	0.657805703238	0.606089898502	0.632672788787	0.60415659739	0.731754470759	0.739971000483	0.651039149348	0.618173030449	0.623006283229	0.618656355727	0.613823102948	0.62735621073	0.612373127115	0.621556307395	0.614789753504	0.612373127115	0.607539874335	0.620589656839	0.619139681005	0.667955534074	0.603673272112	0.668438859352	0.618656355727	0.662155630739	0.616239729338
AB6	0.698405026583	0.591106814886	0.961817303045	0.665055582407	0.582406959884	0.566457225713	0.665538907685	0.553890768487	0.591590140164	0.595456742388	0.605123247946	0.513291445143	0.601739971	0.892701788304	0.622039632673	0.625422909618	0.642822619623	0.631706138231	0.938617689705	0.785403576607	0.734654422426	0.661672305462	0.679072015466	0.668438859352	0.916384726921	0.704204929918	0.635572740454	0.649105848236	0.673755437409	0.680038666022	0.72450459159	0.683421942968	0.591106814886	0.579507008217	0.325761237313	0.0	0.568873852102	0.574673755437	0.547607539874	0.555340744321	0.523441275979	0.656839052682	0.662155630739	0.544707588207	0.541324311261	0.55099081682	0.593523441276	0.535041082649	0.562107298212	0.559207346544	0.549540840986	0.558724021266	0.53697438376	0.549057515708	0.567907201547	0.564523924601	0.596906718221	0.563073948768	0.596423392943	0.551957467376	0.601256645723	0.535524407927
AC5	0.614306428226	0.576607056549	0.975350410826	0.656839052682	0.632672788787	0.458675688739	0.683905268246	0.441759304012	0.449492508458	0.565973900435	0.431126147898	0.558240695988	0.532141130981	0.90043499275	0.633156114065	0.579507008217	0.470758820686	0.461575640406	0.954084098598	0.798936684389	0.624456259062	0.550024166264	0.524891251812	0.510874818753	0.925567907202	0.629289511841	0.482358627356	0.492025132914	0.53020782987	0.590623489609	0.573223779604	0.528757854036	0.466408893185	0.499758337361	0.623972933784	0.568873852102	0.0	0.455292411793	0.424842919285	0.597390043499	0.521991300145	0.693088448526	0.683905268246	0.555340744321	0.467375543741	0.463992266796	0.614306428226	0.572740454326	0.61575640406	0.594006766554	0.573223779604	0.591106814886	0.502658289029	0.483325277912	0.485258579024	0.500241662639	0.577090381827	0.597873368777	0.572740454326	0.576123731271	0.512808119865	0.562107298212
AC6	0.623489608507	0.516674722088	0.954567423876	0.643789270179	0.571290478492	0.508458192363	0.532141130981	0.468342194297	0.506524891252	0.450942484292	0.549057515708	0.531657805703	0.533107781537	0.874818753021	0.534557757371	0.564523924601	0.555340744321	0.54857419043	0.918318028033	0.758820686322	0.642339294345	0.567423876269	0.600289995167	0.581923634606	0.903334944418	0.613823102948	0.536007733204	0.547124214596	0.579507008217	0.58337361044	0.64813919768	0.597390043499	0.46060898985	0.48380860319	0.657805703238	0.574673755437	0.455292411793	0.0	0.523924601257	0.515708071532	0.489125181247	0.456742387627	0.443692605123	0.412276462059	0.552440792653	0.540840985984	0.666505558241	0.622039632673	0.640889318511	0.626872885452	0.623489608507	0.64813919768	0.565973900435	0.550024166264	0.546157564041	0.568390526825	0.554857419043	0.648622522958	0.563073948768	0.608023199613	0.545674238763	0.617689705172
AD6	0.616723054616	0.542290961817	0.974867085549	0.63653939101	0.58337361044	0.433059449009	0.647172547124	0.414693088449	0.42822619623	0.530691155147	0.433059449009	0.512808119865	0.508941517641	0.897051715805	0.591590140164	0.552924117931	0.483325277912	0.470275495408	0.947800869986	0.792170130498	0.607539874335	0.535524407927	0.531174480425	0.516674722088	0.922667955534	0.62735621073	0.488158530691	0.503624939584	0.537457709038	0.588690188497	0.588206863219	0.534557757371	0.460125664572	0.476558724021	0.606089898502	0.547607539874	0.424842919285	0.523924601257	0.0	0.555340744321	0.420009666506	0.685838569357	0.678588690188	0.540840985984	0.443692605123	0.43740937651	0.59497341711	0.53697438376	0.583856935718	0.561140647656	0.550507491542	0.568873852102	0.464475592073	0.448525857902	0.451909134848	0.4813919768	0.551474142098	0.575157080715	0.550024166264	0.561623972934	0.475108748188	0.530691155147
AE5	0.642822619623	0.503624939584	0.974867085549	0.629772837119	0.558240695988	0.554374093765	0.579023682939	0.546640889319	0.596423392943	0.501691638473	0.623006283229	0.511358144031	0.564040599323	0.891735137748	0.537941034316	0.559690671822	0.60657322378	0.605606573224	0.930401159981	0.773320444659	0.71532141131	0.635572740454	0.651039149348	0.637506041566	0.884485258579	0.646205896568	0.61333977767	0.614789753504	0.631706138231	0.65055582407	0.670372160464	0.622522957951	0.553407443209	0.576123731271	0.632672788787	0.555340744321	0.597390043499	0.515708071532	0.555340744321	0.0	0.358144030933	0.582406959884	0.591590140164	0.502658289029	0.616239729338	0.618656355727	0.649589173514	0.60415659739	0.630739487675	0.611889801837	0.622522957951	0.631222812953	0.544224262929	0.569840502658	0.586273562107	0.569840502658	0.54857419043	0.637989366844	0.556790720155	0.603189946834	0.573707104882	0.609473175447
AE6	0.614789753504	0.48622522958	0.971967133881	0.621556307395	0.552440792653	0.477525374577	0.581923634606	0.465925567907	0.511841469309	0.483325277912	0.533591106815	0.503141614306	0.502658289029	0.889318511358	0.542290961817	0.531657805703	0.541807636539	0.531657805703	0.932334461092	0.776703721605	0.665538907685	0.588690188497	0.603673272112	0.586273562107	0.898501691638	0.623972933784	0.548090865152	0.567907201547	0.585306911551	0.59497341711	0.643305944901	0.592073465442	0.483325277912	0.496858385694	0.60415659739	0.523441275979	0.521991300145	0.489125181247	0.420009666506	0.358144030933	0.0	0.616723054616	0.61575640406	0.470275495408	0.534557757371	0.532141130981	0.623972933784	0.569840502658	0.597873368777	0.586756887385	0.591106814886	0.602706621556	0.498308361527	0.482841952634	0.508458192363	0.513291445143	0.517641372644	0.608023199613	0.532624456259	0.574190430159	0.502174963751	0.574190430159
AF5	0.704688255196	0.602223296278	0.931851135814	0.653939101015	0.644272595457	0.668438859352	0.549057515708	0.621556307395	0.661188980184	0.561140647656	0.70372160464	0.612373127115	0.656355727405	0.860318994683	0.586273562107	0.643305944901	0.695505074915	0.701788303528	0.867085548574	0.727887868536	0.698888351861	0.658289028516	0.707104881585	0.697438376027	0.870952150797	0.672305461576	0.685355244079	0.655389076849	0.643305944901	0.642822619623	0.748187530208	0.704688255196	0.604639922668	0.6389560174	0.731754470759	0.656839052682	0.693088448526	0.456742387627	0.685838569357	0.582406959884	0.616723054616	0.0	0.269695505075	0.501691638473	0.710971483809	0.699371677139	0.753987433543	0.706621556307	0.724987916868	0.71290478492	0.719671338811	0.740937651039	0.67133881102	0.692605123248	0.704204929918	0.69212179797	0.651522474625	0.744320927985	0.657805703238	0.704204929918	0.692605123248	0.705171580474
AF6	0.708071532141	0.596906718221	0.936684388594	0.664088931851	0.651039149348	0.661188980184	0.543257612373	0.612856452392	0.654422426293	0.561623972934	0.70130497825	0.620106331561	0.65055582407	0.864185596907	0.565490575157	0.641372643789	0.693571773804	0.696955050749	0.889318511358	0.741420976317	0.705171580474	0.654905751571	0.700821652972	0.691638472692	0.881585306912	0.673272112131	0.6805219913	0.650072498792	0.650072498792	0.655389076849	0.751087481875	0.700338327695	0.597873368777	0.631706138231	0.739971000483	0.662155630739	0.683905268246	0.443692605123	0.678588690188	0.591590140164	0.61575640406	0.269695505075	0.0	0.497341710971	0.705654905752	0.689221846303	0.761237312711	0.707588206863	0.72692121798	0.710971483809	0.710488158531	0.73610439826	0.671822136298	0.688738521025	0.699855002417	0.690188496858	0.646205896568	0.737554374094	0.64572257129	0.704688255196	0.690188496858	0.707588206863
