	AA3	AA4	AB3	AB4	AC3	AC4	AD3	AD4	AE3	AE4	AF3	AF4	AG3	AG4	AH3	AH4	AA7	AA8	AB7	AB8	AC7	AC8	AD7	AD8	AE7	AE8	AF7	AF8	AG7	AG8	AH7	AH8	AA5	AA6	AB5	AB6	AC5	AC6	AD6	AE5	AE6	AF5	AF6	AG5	AH5	AH6	AA1	AA2	AB1	AB2	AC1	AC2	AD1	AD2	AE1	AE2	AF1	AF2	AG1	AG2	AH1	AH2
AA3	0.0	0.491058482359	0.938134364427	0.647655872402	0.660705654906	0.581923634606	0.676655389077	0.593040115998	0.581923634606	0.635572740454	0.619139681005	0.620106331561	0.582890285162	0.839052682455	0.652489125181	0.31029482842	0.572257129048	0.575640405993	0.874335427743	0.71290478492	0.62493958434	0.580473658772	0.593040115998	0.59497341711	0.833736104398	0.597873368777	0.582890285162	0.577573707105	0.588206863219	0.59497341711	0.593523441276	0.561140647656	0.594490091832	0.603189946834	0.758337361044	0.686321894635	0.607056549058	0.638472692122	0.608506524891	0.637989366844	0.611889801837	0.724021266312	0.721604639923	0.633156114065	0.629289511841	0.621072982117	0.693088448526	0.638472692122	0.71532141131	0.674722087965	0.644755920735	0.674722087965	0.572257129048	0.556790720155	0.58337361044	0.568873852102	0.578057032383	0.679072015466	0.599323344611	0.668438859352	0.584823586274	0.642339294345
AA4	0.491058482359	0.0	0.952634122765	0.598356694055	0.555340744321	0.495891735138	0.588206863219	0.477525374577	0.51377477042	0.521991300145	0.561623972934	0.508941517641	0.478975350411	0.849685838569	0.392943450942	0.380860318995	0.53939101015	0.53939101015	0.897051715805	0.723537941034	0.667472208797	0.584340260996	0.589173513775	0.583856935718	0.877718704688	0.626389560174	0.556790720155	0.558724021266	0.59497341711	0.616239729338	0.632672788787	0.582890285162	0.507491541808	0.518124697922	0.664088931851	0.587240212663	0.559207346544	0.514741420976	0.53697438376	0.529241179314	0.484775253746	0.62493958434	0.605123247946	0.520057999033	0.577090381827	0.570807153214	0.658289028516	0.565490575157	0.633156114065	0.593523441276	0.59497341711	0.629289511841	0.51377477042	0.514258095698	0.533591106815	0.514741420976	0.502174963751	0.62493958434	0.50459159014	0.58337361044	0.532141130981	0.573223779604
AB3	0.938134364427	0.952634122765	0.0	0.669888835186	0.911551474142	0.949734171097	0.952634122765	0.946350894152	0.933784436926	0.948284195263	0.972450459159	0.933784436926	0.966167230546	0.346060898985	0.961817303045	0.942000966651	0.969550507492	0.968583856936	0.745770903818	0.746254229096	0.885935234413	0.909134847753	0.958917351377	0.952634122765	0.852102464959	0.903818269696	0.93523441276	0.921701304978	0.837602706622	0.827936201063	0.951184146931	0.950700821653	0.960367327211	0.962300628323	0.971967133881	0.967133881102	0.973900434993	0.952634122765	0.973900434993	0.973900434993	0.971967133881	0.93281778637	0.928467858869	0.945384243596	0.976317061382	0.971000483325	0.972933784437	0.974383760271	0.971000483325	0.973417109715	0.973900434993	0.971483808603	0.974867085549	0.973417109715	0.977767037216	0.973900434993	0.970517158047	0.972450459159	0.970517158047	0.974383760271	0.972450459159	0.973417109715
AB4	0.647655872402	0.598356694055	0.669888835186	0.0	0.637506041566	0.62735621073	0.701788303528	0.628806186564	0.626389560174	0.654422426293	0.662155630739	0.634122764621	0.495891735138	0.544707588207	0.623972933784	0.614789753504	0.649589173514	0.64572257129	0.74770420493	0.573707104882	0.662155630739	0.631222812953	0.664088931851	0.664088931851	0.8008699855	0.661672305462	0.65732237796	0.642339294345	0.558724021266	0.586273562107	0.696955050749	0.655872402127	0.656355727405	0.666505558241	0.738037699372	0.686805219913	0.666988883519	0.662155630739	0.653455775737	0.664572257129	0.647655872402	0.672788786854	0.678588690188	0.655872402127	0.695505074915	0.690188496858	0.710971483809	0.676655389077	0.705171580474	0.685355244079	0.685838569357	0.683421942968	0.64813919768	0.652489125181	0.675205413243	0.647655872402	0.654905751571	0.686321894635	0.650072498792	0.677622039633	0.663605606573	0.681971967134
AC3	0.660705654906	0.555340744321	0.911551474142	0.637506041566	0.0	0.490575157081	0.643305944901	0.544224262929	0.5601739971	0.586273562107	0.622039632673	0.315611406477	0.602706621556	0.813919768004	0.611889801837	0.607056549058	0.614306428226	0.604639922668	0.864185596907	0.734171097148	0.724021266312	0.678105364911	0.716771387144	0.704204929918	0.822619623006	0.685838569357	0.64572257129	0.672788786854	0.667955534074	0.673755437409	0.702754954084	0.663122281295	0.599323344611	0.623972933784	0.631222812953	0.591590140164	0.632189463509	0.584823586274	0.589173513775	0.547607539874	0.551474142098	0.660705654906	0.647655872402	0.575640405993	0.651522474625	0.652489125181	0.608506524891	0.588690188497	0.586273562107	0.578540357661	0.593040115998	0.591590140164	0.543257612373	0.575157080715	0.587723537941	0.564523924601	0.609956500725	0.579507008217	0.61333977767	0.591106814886	0.619139681005	0.592073465442
AC4	0.581923634606	0.495891735138	0.949734171097	0.62735621073	0.490575157081	0.0	0.63653939101	0.405993233446	0.397776703722	0.522957950701	0.345577573707	0.399710004833	0.476558724021	0.850169163847	0.571290478492	0.520541324311	0.473175447076	0.460125664572	0.9212179797	0.741420976317	0.596423392943	0.533591106815	0.522957950701	0.509424842919	0.883035282745	0.583856935718	0.48380860319	0.512808119865	0.532141130981	0.557274045433	0.565007249879	0.510391493475	0.455292411793	0.479942000967	0.640889318511	0.563557274045	0.457225712905	0.518124697922	0.406476558724	0.569840502658	0.479942000967	0.687771870469	0.668438859352	0.528274528758	0.496858385694	0.476075398743	0.621072982117	0.535524407927	0.589656839053	0.562107298212	0.563073948768	0.589173513775	0.474142097632	0.474142097632	0.482841952634	0.488158530691	0.536007733204	0.585306911551	0.546157564041	0.561140647656	0.449975833736	0.544707588207
AD3	0.676655389077	0.588206863219	0.952634122765	0.701788303528	0.643305944901	0.63653939101	0.0	0.53697438376	0.640405993233	0.358144030933	0.682455292412	0.624456259062	0.651522474625	0.85645239246	0.582890285162	0.636056065732	0.692605123248	0.692605123248	0.934751087482	0.760270662156	0.717738037699	0.695988400193	0.698888351861	0.696955050749	0.915418076365	0.695988400193	0.701788303528	0.698888351861	0.692605123248	0.686321894635	0.722087965201	0.695988400193	0.6389560174	0.648622522958	0.754470758821	0.68293861769	0.683421942968	0.554857419043	0.644755920735	0.597390043499	0.585306911551	0.561140647656	0.563073948768	0.559690671822	0.704688255196	0.695988400193	0.78250362494	0.708071532141	0.752054132431	0.724987916868	0.717254712421	0.750120831319	0.662638956017	0.670372160464	0.684388593523	0.679555340744	0.642822619623	0.737554374094	0.650072498792	0.716771387144	0.701788303528	0.718704688255
AD4	0.593040115998	0.477525374577	0.946350894152	0.628806186564	0.544224262929	0.405993233446	0.53697438376	0.0	0.311261478975	0.408893185114	0.417593040116	0.493475108748	0.494441759304	0.846302561624	0.538424359594	0.522957950701	0.455775737071	0.441275978734	0.938134364427	0.755920734654	0.579023682939	0.503141614306	0.500724987917	0.490091831803	0.908168197197	0.614789753504	0.434992750121	0.449975833736	0.512808119865	0.561623972934	0.547607539874	0.493475108748	0.369743837603	0.434992750121	0.644755920735	0.560657322378	0.424842919285	0.471725471242	0.417593040116	0.556307394877	0.466408893185	0.632189463509	0.614789753504	0.481875302078	0.492025132914	0.467375543741	0.658289028516	0.576607056549	0.627839536008	0.604639922668	0.600289995167	0.635089415176	0.495891735138	0.488158530691	0.519091348478	0.508941517641	0.520057999033	0.631706138231	0.536007733204	0.606089898502	0.485258579024	0.584823586274
AE3	0.581923634606	0.51377477042	0.933784436926	0.626389560174	0.5601739971	0.397776703722	0.640405993233	0.311261478975	0.0	0.512808119865	0.390526824553	0.500241662639	0.511358144031	0.840985983567	0.580473658772	0.531657805703	0.447075882069	0.434992750121	0.930401159981	0.749637506042	0.550507491542	0.498791686805	0.479458675689	0.458192363461	0.890285161914	0.595456742388	0.421942967617	0.446592556791	0.489125181247	0.543257612373	0.524891251812	0.488641855969	0.395360077332	0.459642339294	0.668438859352	0.590623489609	0.422426292895	0.520057999033	0.429676172064	0.608023199613	0.516674722088	0.685355244079	0.659255679072	0.524891251812	0.492508458192	0.465925567907	0.666505558241	0.587723537941	0.631706138231	0.616239729338	0.599806669889	0.6389560174	0.513291445143	0.507491541808	0.531657805703	0.527307878202	0.545190913485	0.641372643789	0.558240695988	0.614306428226	0.487675205413	0.589173513775
AE4	0.635572740454	0.521991300145	0.948284195263	0.654422426293	0.586273562107	0.522957950701	0.358144030933	0.408893185114	0.512808119865	0.0	0.57177380377	0.551957467376	0.579507008217	0.853069115515	0.554374093765	0.567423876269	0.589656839053	0.590140164331	0.940067665539	0.759787336878	0.647655872402	0.587723537941	0.597390043499	0.593523441276	0.914934751087	0.625906234896	0.585790236829	0.586273562107	0.588206863219	0.600289995167	0.640405993233	0.598840019333	0.534074432093	0.546640889319	0.697921701305	0.623006283229	0.577573707105	0.474142097632	0.53939101015	0.533591106815	0.501691638473	0.58337361044	0.574190430159	0.492508458192	0.598840019333	0.591590140164	0.724987916868	0.647655872402	0.708554857419	0.68293861769	0.663122281295	0.695988400193	0.594490091832	0.586756887385	0.602223296278	0.608023199613	0.566940550991	0.696471725471	0.593040115998	0.676655389077	0.589173513775	0.655872402127
AF3	0.619139681005	0.561623972934	0.972450459159	0.662155630739	0.622039632673	0.345577573707	0.682455292412	0.417593040116	0.390526824553	0.57177380377	0.0	0.532141130981	0.521024649589	0.870952150797	0.622522957951	0.581440309328	0.456259062349	0.425326244563	0.9584340261	0.784920251329	0.58337361044	0.551474142098	0.447075882069	0.438376027066	0.917834702755	0.621556307395	0.451909134848	0.497341710971	0.535041082649	0.58095698405	0.522474625423	0.502658289029	0.433059449009	0.494441759304	0.684388593523	0.621072982117	0.412759787337	0.541807636539	0.446592556791	0.626872885452	0.532141130981	0.714354760754	0.695021749638	0.550507491542	0.519091348478	0.488158530691	0.678105364911	0.598356694055	0.661672305462	0.621072982117	0.614306428226	0.64813919768	0.542290961817	0.520057999033	0.54857419043	0.542774287095	0.575640405993	0.651522474625	0.585306911551	0.611406476559	0.489608506525	0.600773320445
AF4	0.620106331561	0.508941517641	0.933784436926	0.634122764621	0.315611406477	0.399710004833	0.624456259062	0.493475108748	0.500241662639	0.551957467376	0.532141130981	0.0	0.55775737071	0.833736104398	0.570807153214	0.562107298212	0.573707104882	0.562107298212	0.884968583857	0.720637989367	0.696955050749	0.634122764621	0.664088931851	0.649589173514	0.840985983567	0.633156114065	0.593040115998	0.618656355727	0.636056065732	0.647655872402	0.65732237796	0.620106331561	0.547607539874	0.575640405993	0.619139681005	0.538907684872	0.567423876269	0.552924117931	0.5186080232	0.515224746254	0.515708071532	0.634122764621	0.624456259062	0.53939101015	0.584823586274	0.581440309328	0.598840019333	0.529724504592	0.572740454326	0.538907684872	0.549540840986	0.57177380377	0.492508458192	0.51619139681	0.53020782987	0.513291445143	0.57177380377	0.563557274045	0.571290478492	0.549540840986	0.557274045433	0.538424359594
AG3	0.582890285162	0.478975350411	0.966167230546	0.495891735138	0.602706621556	0.476558724021	0.651522474625	0.494441759304	0.511358144031	0.579507008217	0.521024649589	0.55775737071	0.0	0.840502658289	0.53939101015	0.526824552924	0.502658289029	0.488158530691	0.933301111648	0.750604156597	0.666022232963	0.574190430159	0.577573707105	0.58337361044	0.891735137748	0.629289511841	0.527307878202	0.553890768487	0.592073465442	0.612373127115	0.631222812953	0.568873852102	0.500724987917	0.507491541808	0.664088931851	0.594006766554	0.524891251812	0.540357660706	0.505074915418	0.586756887385	0.51377477042	0.675688738521	0.655389076849	0.537457709038	0.549540840986	0.545190913485	0.629289511841	0.56259062349	0.626389560174	0.599323344611	0.58095698405	0.599323344611	0.506041565974	0.505558240696	0.521991300145	0.514741420976	0.537941034316	0.604639922668	0.54857419043	0.589656839053	0.505074915418	0.557274045433
AG4	0.839052682455	0.849685838569	0.346060898985	0.544707588207	0.813919768004	0.850169163847	0.85645239246	0.846302561624	0.840985983567	0.853069115515	0.870952150797	0.833736104398	0.840502658289	0.0	0.863218946351	0.839536007733	0.874335427743	0.872885451909	0.714354760754	0.660705654906	0.802803286612	0.816819719671	0.869018849686	0.861768970517	0.823102948284	0.814403093282	0.842435959401	0.828902851619	0.746254229096	0.73610439826	0.866118898018	0.852585790237	0.86563557274	0.862735621073	0.886901884969	0.873852102465	0.879168680522	0.850169163847	0.874818753021	0.874335427743	0.871918801353	0.836636056066	0.833736104398	0.851619139681	0.8796520058	0.874818753021	0.873852102465	0.876752054132	0.873368777187	0.870952150797	0.8796520058	0.873368777187	0.880135331078	0.875302078299	0.885451909135	0.877718704688	0.875785403577	0.87723537941	0.87723537941	0.871918801353	0.879168680522	0.8796520058
AH3	0.652489125181	0.392943450942	0.961817303045	0.623972933784	0.611889801837	0.571290478492	0.582890285162	0.538424359594	0.580473658772	0.554374093765	0.622522957951	0.570807153214	0.53939101015	0.863218946351	0.0	0.532141130981	0.597390043499	0.596423392943	0.929434509425	0.761237312711	0.713871435476	0.632672788787	0.64572257129	0.642822619623	0.904784920251	0.692605123248	0.632672788787	0.632189463509	0.651039149348	0.668438859352	0.692605123248	0.646205896568	0.555340744321	0.579507008217	0.719671338811	0.652489125181	0.632189463509	0.558240695988	0.612373127115	0.573223779604	0.5601739971	0.598840019333	0.583856935718	0.572740454326	0.647172547124	0.643305944901	0.71532141131	0.618656355727	0.674722087965	0.656839052682	0.660705654906	0.681971967134	0.59497341711	0.607056549058	0.611406476559	0.597873368777	0.568390526825	0.675688738521	0.573223779604	0.6389560174	0.610439826003	0.62735621073
AH4	0.31029482842	0.380860318995	0.942000966651	0.614789753504	0.607056549058	0.520541324311	0.636056065732	0.522957950701	0.531657805703	0.567423876269	0.581440309328	0.562107298212	0.526824552924	0.839536007733	0.532141130981	0.0	0.542290961817	0.547607539874	0.881101981634	0.711454809087	0.634606089899	0.561623972934	0.575157080715	0.570807153214	0.851135814403	0.596423392943	0.556307394877	0.554374093765	0.56935717738	0.586756887385	0.584823586274	0.546640889319	0.541324311261	0.540357660706	0.71532141131	0.635089415176	0.581440309328	0.576123731271	0.562107298212	0.578057032383	0.542290961817	0.674722087965	0.671822136298	0.573223779604	0.593040115998	0.585790236829	0.6805219913	0.599806669889	0.669888835186	0.630739487675	0.619623006283	0.64572257129	0.537457709038	0.523441275979	0.551957467376	0.535041082649	0.510391493475	0.643789270179	0.538424359594	0.632672788787	0.55099081682	0.606089898502
AA7	0.572257129048	0.53939101015	0.969550507492	0.649589173514	0.614306428226	0.473175447076	0.692605123248	0.455775737071	0.447075882069	0.589656839053	0.456259062349	0.573707104882	0.502658289029	0.874335427743	0.597390043499	0.542290961817	0.0	0.289511841469	0.922667955534	0.7593040116	0.582890285162	0.499275012083	0.487191880135	0.483325277912	0.876268728855	0.604639922668	0.453359110681	0.459159014016	0.535524407927	0.581923634606	0.519574673755	0.424842919285	0.438859352344	0.490091831803	0.719671338811	0.655389076849	0.482358627356	0.567423876269	0.479458675689	0.617689705172	0.55775737071	0.722087965201	0.70372160464	0.585790236829	0.542774287095	0.514258095698	0.667472208797	0.593040115998	0.666988883519	0.637989366844	0.59255679072	0.631706138231	0.521507974867	0.50459159014	0.533591106815	0.523924601257	0.536491058482	0.629289511841	0.550024166264	0.637022716288	0.484775253746	0.596423392943
AA8	0.575640405993	0.53939101015	0.968583856936	0.64572257129	0.604639922668	0.460125664572	0.692605123248	0.441275978734	0.434992750121	0.590140164331	0.425326244563	0.562107298212	0.488158530691	0.872885451909	0.596423392943	0.547607539874	0.289511841469	0.0	0.923151280812	0.757854035766	0.586273562107	0.502658289029	0.466408893185	0.461092315128	0.863218946351	0.596906718221	0.432576123731	0.465442242629	0.525857902368	0.572257129048	0.463992266796	0.387143547608	0.42822619623	0.484291928468	0.714838086032	0.652005799903	0.456259062349	0.563073948768	0.462542290962	0.616723054616	0.546157564041	0.725471242146	0.706621556307	0.578540357661	0.532624456259	0.503624939584	0.652005799903	0.58337361044	0.658772353794	0.619623006283	0.579990333494	0.618656355727	0.510391493475	0.49540840986	0.528274528758	0.517641372644	0.535524407927	0.61575640406	0.550024166264	0.62493958434	0.479458675689	0.586756887385
AB7	0.874335427743	0.897051715805	0.745770903818	0.74770420493	0.864185596907	0.9212179797	0.934751087482	0.938134364427	0.930401159981	0.940067665539	0.9584340261	0.884968583857	0.933301111648	0.714354760754	0.929434509425	0.881101981634	0.922667955534	0.923151280812	0.0	0.420009666506	0.82165297245	0.840019333011	0.93523441276	0.928467858869	0.734171097148	0.825036249396	0.898501691638	0.877718704688	0.737071048816	0.708554857419	0.88883518608	0.898501691638	0.931851135814	0.938134364427	0.943450942484	0.931367810536	0.953117448043	0.920251329145	0.949734171097	0.925084581924	0.939101014983	0.883035282745	0.872885451909	0.906718221363	0.9584340261	0.957467375544	0.925567907202	0.92363460609	0.933301111648	0.925084581924	0.927017883035	0.922184630256	0.922667955534	0.917834702755	0.920734654422	0.912518124698	0.925567907202	0.916868052199	0.923151280812	0.930884485259	0.951184146931	0.927501208313
AB8	0.71290478492	0.723537941034	0.746254229096	0.573707104882	0.734171097148	0.741420976317	0.760270662156	0.755920734654	0.749637506042	0.759787336878	0.784920251329	0.720637989367	0.750604156597	0.660705654906	0.761237312711	0.711454809087	0.7593040116	0.757854035766	0.420009666506	0.0	0.655389076849	0.658289028516	0.743354277429	0.734654422426	0.736587723538	0.652489125181	0.710971483809	0.690671822136	0.526341227646	0.515224746254	0.729821169647	0.730304494925	0.760753987434	0.762687288545	0.811986466892	0.755920734654	0.771870468826	0.742387626873	0.77090381827	0.749637506042	0.750120831319	0.720154664089	0.708554857419	0.725471242146	0.78008699855	0.784920251329	0.811986466892	0.758337361044	0.788303528275	0.757854035766	0.767520541324	0.783953600773	0.758337361044	0.753504108265	0.758337361044	0.746737554374	0.753020782987	0.778637022716	0.752537457709	0.764620589657	0.774287095215	0.7593040116
AC7	0.62493958434	0.667472208797	0.885935234413	0.662155630739	0.724021266312	0.596423392943	0.717738037699	0.579023682939	0.550507491542	0.647655872402	0.58337361044	0.696955050749	0.666022232963	0.802803286612	0.713871435476	0.634606089899	0.582890285162	0.586273562107	0.82165297245	0.655389076849	0.0	0.372160463992	0.56935717738	0.553407443209	0.823586273562	0.594490091832	0.557274045433	0.50459159014	0.461575640406	0.494441759304	0.560657322378	0.540840985984	0.5601739971	0.603189946834	0.809569840503	0.746737554374	0.610439826003	0.639439342678	0.605606573224	0.731271145481	0.672788786854	0.719671338811	0.707588206863	0.636056065732	0.646689221846	0.617206379894	0.823102948284	0.750120831319	0.800386660222	0.785403576607	0.748187530208	0.787336877719	0.6805219913	0.661672305462	0.683905268246	0.681971967134	0.676655389077	0.79168680522	0.691638472692	0.770420492992	0.607539874335	0.748187530208
AC8	0.580473658772	0.584340260996	0.909134847753	0.631222812953	0.678105364911	0.533591106815	0.695988400193	0.503141614306	0.498791686805	0.587723537941	0.551474142098	0.634122764621	0.574190430159	0.816819719671	0.632672788787	0.561623972934	0.499275012083	0.502658289029	0.840019333011	0.658289028516	0.372160463992	0.0	0.501691638473	0.49540840986	0.832286128565	0.553890768487	0.405993233446	0.369743837603	0.434026099565	0.471242145964	0.52779120348	0.478492025133	0.496858385694	0.515224746254	0.742870952151	0.670372160464	0.554857419043	0.572257129048	0.546640889319	0.653455775737	0.591590140164	0.676172063799	0.658772353794	0.575640405993	0.563557274045	0.535524407927	0.735137747704	0.661188980184	0.719671338811	0.705654905752	0.660705654906	0.699855002417	0.596906718221	0.564523924601	0.594006766554	0.590140164331	0.573223779604	0.705171580474	0.590623489609	0.691638472692	0.534074432093	0.658289028516
AD7	0.593040115998	0.589173513775	0.958917351377	0.664088931851	0.716771387144	0.522957950701	0.698888351861	0.500724987917	0.479458675689	0.597390043499	0.447075882069	0.664088931851	0.577573707105	0.869018849686	0.64572257129	0.575157080715	0.487191880135	0.466408893185	0.93523441276	0.743354277429	0.56935717738	0.501691638473	0.0	0.285161913968	0.890285161914	0.519574673755	0.445625906235	0.468342194297	0.505074915418	0.549057515708	0.500241662639	0.471725471242	0.487675205413	0.535524407927	0.750604156597	0.677622039633	0.496858385694	0.593040115998	0.526824552924	0.656839052682	0.595940067666	0.716288061866	0.707588206863	0.606089898502	0.56259062349	0.549540840986	0.747220879652	0.666022232963	0.736587723538	0.710488158531	0.66892218463	0.703238279362	0.607056549058	0.586273562107	0.603189946834	0.603673272112	0.583856935718	0.709038182697	0.603673272112	0.697438376027	0.544707588207	0.659255679072
AD8	0.59497341711	0.583856935718	0.952634122765	0.664088931851	0.704204929918	0.509424842919	0.696955050749	0.490091831803	0.458192363461	0.593523441276	0.438376027066	0.649589173514	0.58337361044	0.861768970517	0.642822619623	0.570807153214	0.483325277912	0.461092315128	0.928467858869	0.734654422426	0.553407443209	0.49540840986	0.285161913968	0.0	0.857419043016	0.49540840986	0.431126147898	0.452875785404	0.487675205413	0.535524407927	0.494925084582	0.476558724021	0.479458675689	0.527307878202	0.740454325761	0.666988883519	0.480908651522	0.581923634606	0.517641372644	0.655872402127	0.591590140164	0.71290478492	0.695021749638	0.587723537941	0.552924117931	0.542774287095	0.741420976317	0.662155630739	0.730787820203	0.701788303528	0.661188980184	0.700821652972	0.601256645723	0.573707104882	0.591106814886	0.59255679072	0.584340260996	0.702754954084	0.604639922668	0.691155147414	0.53697438376	0.654905751571
AE7	0.833736104398	0.877718704688	0.852102464959	0.8008699855	0.822619623006	0.883035282745	0.915418076365	0.908168197197	0.890285161914	0.914934751087	0.917834702755	0.840985983567	0.891735137748	0.823102948284	0.904784920251	0.851135814403	0.876268728855	0.863218946351	0.734171097148	0.736587723538	0.823586273562	0.832286128565	0.890285161914	0.857419043016	0.0	0.55099081682	0.874335427743	0.860802319961	0.763170613823	0.750604156597	0.838086031899	0.837119381344	0.904301594973	0.910584823586	0.930401159981	0.916384726921	0.919768003867	0.897051715805	0.904784920251	0.878685355244	0.90043499275	0.875302078299	0.87046882552	0.875302078299	0.934267762204	0.931851135814	0.890768487192	0.897051715805	0.916868052199	0.896568390527	0.901884968584	0.895601739971	0.893185113581	0.892218463026	0.904784920251	0.887868535524	0.907684871919	0.892218463026	0.904301594973	0.905751570807	0.915901401643	0.905751570807
AE8	0.597873368777	0.626389560174	0.903818269696	0.661672305462	0.685838569357	0.583856935718	0.695988400193	0.614789753504	0.595456742388	0.625906234896	0.621556307395	0.633156114065	0.629289511841	0.814403093282	0.692605123248	0.596423392943	0.604639922668	0.596906718221	0.825036249396	0.652489125181	0.594490091832	0.553890768487	0.519574673755	0.49540840986	0.55099081682	0.0	0.573223779604	0.563073948768	0.529724504592	0.520057999033	0.578057032383	0.561623972934	0.612856452392	0.61333977767	0.767520541324	0.702754954084	0.627839536008	0.609473175447	0.613823102948	0.663122281295	0.62735621073	0.687771870469	0.684388593523	0.603189946834	0.637989366844	0.6389560174	0.753020782987	0.695021749638	0.755920734654	0.709521507975	0.691638472692	0.725471242146	0.652489125181	0.632672788787	0.650072498792	0.646689221846	0.639439342678	0.724987916868	0.655872402127	0.707588206863	0.621556307395	0.688255195747
AF7	0.582890285162	0.556790720155	0.93523441276	0.65732237796	0.64572257129	0.48380860319	0.701788303528	0.434992750121	0.421942967617	0.585790236829	0.451909134848	0.593040115998	0.527307878202	0.842435959401	0.632672788787	0.556307394877	0.453359110681	0.432576123731	0.898501691638	0.710971483809	0.557274045433	0.405993233446	0.445625906235	0.431126147898	0.874335427743	0.573223779604	0.0	0.318511358144	0.47220879652	0.521024649589	0.498791686805	0.487675205413	0.428709521508	0.466892218463	0.693571773804	0.616723054616	0.446109231513	0.539874335428	0.484291928468	0.631706138231	0.53939101015	0.698405026583	0.673755437409	0.547124214596	0.514741420976	0.493475108748	0.671822136298	0.605123247946	0.672305461576	0.651522474625	0.605606573224	0.636056065732	0.55099081682	0.521024649589	0.544707588207	0.545674238763	0.553407443209	0.647655872402	0.57177380377	0.641855969067	0.499275012083	0.595940067666
AF8	0.577573707105	0.558724021266	0.921701304978	0.642339294345	0.672788786854	0.512808119865	0.698888351861	0.449975833736	0.446592556791	0.586273562107	0.497341710971	0.618656355727	0.553890768487	0.828902851619	0.632189463509	0.554374093765	0.459159014016	0.465442242629	0.877718704688	0.690671822136	0.50459159014	0.369743837603	0.468342194297	0.452875785404	0.860802319961	0.563073948768	0.318511358144	0.0	0.443692605123	0.484291928468	0.524407926535	0.480425326245	0.440792653456	0.485258579024	0.717738037699	0.646205896568	0.48380860319	0.537457709038	0.51377477042	0.633639439343	0.564040599323	0.669405509908	0.646205896568	0.53697438376	0.538907684872	0.516674722088	0.702754954084	0.629289511841	0.697921701305	0.681488641856	0.635572740454	0.667472208797	0.568873852102	0.549057515708	0.573223779604	0.569840502658	0.560657322378	0.67133881102	0.573707104882	0.669405509908	0.506524891252	0.626872885452
AG7	0.588206863219	0.59497341711	0.837602706622	0.558724021266	0.667955534074	0.532141130981	0.692605123248	0.512808119865	0.489125181247	0.588206863219	0.535041082649	0.636056065732	0.592073465442	0.746254229096	0.651039149348	0.56935717738	0.535524407927	0.525857902368	0.737071048816	0.526341227646	0.461575640406	0.434026099565	0.505074915418	0.487675205413	0.763170613823	0.529724504592	0.47220879652	0.443692605123	0.0	0.308844852586	0.53939101015	0.50700821653	0.509424842919	0.543257612373	0.755920734654	0.6805219913	0.53939101015	0.574190430159	0.535524407927	0.652489125181	0.590623489609	0.670372160464	0.649105848236	0.56259062349	0.58095698405	0.565973900435	0.752054132431	0.672788786854	0.73368777187	0.709038182697	0.672788786854	0.716771387144	0.614789753504	0.592073465442	0.613823102948	0.608506524891	0.602223296278	0.719188013533	0.626872885452	0.700338327695	0.563557274045	0.668438859352
AG8	0.59497341711	0.616239729338	0.827936201063	0.586273562107	0.673755437409	0.557274045433	0.686321894635	0.561623972934	0.543257612373	0.600289995167	0.58095698405	0.647655872402	0.612373127115	0.73610439826	0.668438859352	0.586756887385	0.581923634606	0.572257129048	0.708554857419	0.515224746254	0.494441759304	0.471242145964	0.549057515708	0.535524407927	0.750604156597	0.520057999033	0.521024649589	0.484291928468	0.308844852586	0.0	0.567907201547	0.549540840986	0.562107298212	0.580473658772	0.769453842436	0.698405026583	0.575157080715	0.580473658772	0.574673755437	0.655872402127	0.598356694055	0.6805219913	0.662638956017	0.573707104882	0.620589656839	0.60657322378	0.755920734654	0.678588690188	0.73852102465	0.71290478492	0.682455292412	0.718221362977	0.640405993233	0.620106331561	0.630256162397	0.634122764621	0.629772837119	0.722571290478	0.649105848236	0.699371677139	0.598356694055	0.677138714355
AH7	0.593523441276	0.632672788787	0.951184146931	0.696955050749	0.702754954084	0.565007249879	0.722087965201	0.547607539874	0.524891251812	0.640405993233	0.522474625423	0.65732237796	0.631222812953	0.866118898018	0.692605123248	0.584823586274	0.519574673755	0.463992266796	0.88883518608	0.729821169647	0.560657322378	0.52779120348	0.500241662639	0.494925084582	0.838086031899	0.578057032383	0.498791686805	0.524407926535	0.53939101015	0.567907201547	0.0	0.334944417593	0.565490575157	0.609473175447	0.785403576607	0.727404543258	0.54857419043	0.65055582407	0.588206863219	0.684388593523	0.640889318511	0.760270662156	0.75688738521	0.658772353794	0.639439342678	0.616723054616	0.764137264379	0.704688255196	0.763653939101	0.727887868536	0.702271628806	0.734654422426	0.629289511841	0.610923151281	0.630256162397	0.632672788787	0.623972933784	0.737554374094	0.641372643789	0.724987916868	0.594490091832	0.699371677139
AH8	0.561140647656	0.582890285162	0.950700821653	0.655872402127	0.663122281295	0.510391493475	0.695988400193	0.493475108748	0.488641855969	0.598840019333	0.502658289029	0.620106331561	0.568873852102	0.852585790237	0.646205896568	0.546640889319	0.424842919285	0.387143547608	0.898501691638	0.730304494925	0.540840985984	0.478492025133	0.471725471242	0.476558724021	0.837119381344	0.561623972934	0.487675205413	0.480425326245	0.50700821653	0.549540840986	0.334944417593	0.0	0.49540840986	0.548090865152	0.754470758821	0.686321894635	0.521024649589	0.59497341711	0.531657805703	0.63653939101	0.591106814886	0.711938134364	0.707104881585	0.610923151281	0.578540357661	0.556790720155	0.711938134364	0.651039149348	0.718221362977	0.677138714355	0.643789270179	0.682455292412	0.577573707105	0.55775737071	0.588206863219	0.579990333494	0.568873852102	0.681971967134	0.584823586274	0.677138714355	0.529241179314	0.643789270179
AA5	0.594490091832	0.507491541808	0.960367327211	0.656355727405	0.599323344611	0.455292411793	0.6389560174	0.369743837603	0.395360077332	0.534074432093	0.433059449009	0.547607539874	0.500724987917	0.86563557274	0.555340744321	0.541324311261	0.438859352344	0.42822619623	0.931851135814	0.760753987434	0.5601739971	0.496858385694	0.487675205413	0.479458675689	0.904301594973	0.612856452392	0.428709521508	0.440792653456	0.509424842919	0.562107298212	0.565490575157	0.49540840986	0.0	0.325277912035	0.673755437409	0.588206863219	0.454809086515	0.46979217013	0.445625906235	0.56259062349	0.47462542291	0.63653939101	0.608989850169	0.480908651522	0.512324794587	0.459642339294	0.69212179797	0.609956500725	0.664088931851	0.642822619623	0.630739487675	0.666505558241	0.518124697922	0.525857902368	0.558724021266	0.549057515708	0.528757854036	0.658772353794	0.555824069599	0.635572740454	0.48380860319	0.612373127115
AA6	0.603189946834	0.518124697922	0.962300628323	0.666505558241	0.623972933784	0.479942000967	0.648622522958	0.434992750121	0.459642339294	0.546640889319	0.494441759304	0.575640405993	0.507491541808	0.862735621073	0.579507008217	0.540357660706	0.490091831803	0.484291928468	0.938134364427	0.762687288545	0.603189946834	0.515224746254	0.535524407927	0.527307878202	0.910584823586	0.61333977767	0.466892218463	0.485258579024	0.543257612373	0.580473658772	0.609473175447	0.548090865152	0.325277912035	0.0	0.677622039633	0.590140164331	0.508458192363	0.489125181247	0.485258579024	0.580473658772	0.490575157081	0.656839052682	0.629289511841	0.508458192363	0.446592556791	0.406959884002	0.697438376027	0.618656355727	0.666505558241	0.649105848236	0.630256162397	0.66892218463	0.532624456259	0.535524407927	0.565490575157	0.556307394877	0.534074432093	0.664572257129	0.558724021266	0.634606089899	0.50459159014	0.61575640406
AB5	0.758337361044	0.664088931851	0.971967133881	0.738037699372	0.631222812953	0.640889318511	0.754470758821	0.644755920735	0.668438859352	0.697921701305	0.684388593523	0.619139681005	0.664088931851	0.886901884969	0.719671338811	0.71532141131	0.719671338811	0.714838086032	0.943450942484	0.811986466892	0.809569840503	0.742870952151	0.750604156597	0.740454325761	0.930401159981	0.767520541324	0.693571773804	0.717738037699	0.755920734654	0.769453842436	0.785403576607	0.754470758821	0.673755437409	0.677622039633	0.0	0.325761237313	0.62493958434	0.666988883519	0.624456259062	0.63653939101	0.621556307395	0.735621072982	0.724987916868	0.651039149348	0.626872885452	0.625422909618	0.633639439343	0.620106331561	0.627839536008	0.612373127115	0.621072982117	0.620589656839	0.603189946834	0.617206379894	0.623972933784	0.639922667956	0.675688738521	0.597390043499	0.65973900435	0.610439826003	0.681005316578	0.622522957951
AB6	0.686321894635	0.587240212663	0.967133881102	0.686805219913	0.591590140164	0.563557274045	0.68293861769	0.560657322378	0.590623489609	0.623006283229	0.621072982117	0.538907684872	0.594006766554	0.873852102465	0.652489125181	0.635089415176	0.655389076849	0.652005799903	0.931367810536	0.755920734654	0.746737554374	0.670372160464	0.677622039633	0.666988883519	0.916384726921	0.702754954084	0.616723054616	0.646205896568	0.6805219913	0.698405026583	0.727404543258	0.686321894635	0.588206863219	0.590140164331	0.325761237313	0.0	0.565490575157	0.579507008217	0.559207346544	0.566940550991	0.549057515708	0.65732237796	0.64572257129	0.549540840986	0.542774287095	0.558240695988	0.587240212663	0.532624456259	0.568390526825	0.541807636539	0.542774287095	0.566457225713	0.529724504592	0.56259062349	0.56935717738	0.581440309328	0.601256645723	0.550507491542	0.594490091832	0.541807636539	0.625906234896	0.536007733204
AC5	0.607056549058	0.559207346544	0.973900434993	0.666988883519	0.632189463509	0.457225712905	0.683421942968	0.424842919285	0.422426292895	0.577573707105	0.412759787337	0.567423876269	0.524891251812	0.879168680522	0.632189463509	0.581440309328	0.482358627356	0.456259062349	0.953117448043	0.771870468826	0.610439826003	0.554857419043	0.496858385694	0.480908651522	0.919768003867	0.627839536008	0.446109231513	0.48380860319	0.53939101015	0.575157080715	0.54857419043	0.521024649589	0.454809086515	0.508458192363	0.62493958434	0.565490575157	0.0	0.45142580957	0.423392943451	0.593523441276	0.509908168197	0.706138231029	0.677622039633	0.543257612373	0.477525374577	0.456742387627	0.608023199613	0.54857419043	0.612856452392	0.581440309328	0.55775737071	0.591590140164	0.496375060416	0.476558724021	0.499275012083	0.510874818753	0.570807153214	0.596423392943	0.580473658772	0.567907201547	0.501208313195	0.54857419043
AC6	0.638472692122	0.514741420976	0.952634122765	0.662155630739	0.584823586274	0.518124697922	0.554857419043	0.471725471242	0.520057999033	0.474142097632	0.541807636539	0.552924117931	0.540357660706	0.850169163847	0.558240695988	0.576123731271	0.567423876269	0.563073948768	0.920251329145	0.742387626873	0.639439342678	0.572257129048	0.593040115998	0.581923634606	0.897051715805	0.609473175447	0.539874335428	0.537457709038	0.574190430159	0.580473658772	0.65055582407	0.59497341711	0.46979217013	0.489125181247	0.666988883519	0.579507008217	0.45142580957	0.0	0.512808119865	0.526341227646	0.488641855969	0.489608506525	0.46060898985	0.413243112615	0.561623972934	0.553890768487	0.681005316578	0.618173030449	0.661188980184	0.631706138231	0.625422909618	0.661188980184	0.578057032383	0.566940550991	0.581923634606	0.587240212663	0.566457225713	0.65055582407	0.572740454326	0.624456259062	0.542290961817	0.618173030449
AD6	0.608506524891	0.53697438376	0.973900434993	0.653455775737	0.589173513775	0.406476558724	0.644755920735	0.417593040116	0.429676172064	0.53939101015	0.446592556791	0.5186080232	0.505074915418	0.874818753021	0.612373127115	0.562107298212	0.479458675689	0.462542290962	0.949734171097	0.77090381827	0.605606573224	0.546640889319	0.526824552924	0.517641372644	0.904784920251	0.613823102948	0.484291928468	0.51377477042	0.535524407927	0.574673755437	0.588206863219	0.531657805703	0.445625906235	0.485258579024	0.624456259062	0.559207346544	0.423392943451	0.512808119865	0.0	0.546157564041	0.41662638956	0.695505074915	0.66892218463	0.53697438376	0.481875302078	0.461575640406	0.603673272112	0.532141130981	0.589656839053	0.55775737071	0.549540840986	0.578057032383	0.475592073465	0.459642339294	0.480425326245	0.48622522958	0.550507491542	0.577573707105	0.555824069599	0.556307394877	0.463508941518	0.536491058482
AE5	0.637989366844	0.529241179314	0.973900434993	0.664572257129	0.547607539874	0.569840502658	0.597390043499	0.556307394877	0.608023199613	0.533591106815	0.626872885452	0.515224746254	0.586756887385	0.874335427743	0.573223779604	0.578057032383	0.617689705172	0.616723054616	0.925084581924	0.749637506042	0.731271145481	0.653455775737	0.656839052682	0.655872402127	0.878685355244	0.663122281295	0.631706138231	0.633639439343	0.652489125181	0.655872402127	0.684388593523	0.63653939101	0.56259062349	0.580473658772	0.63653939101	0.566940550991	0.593523441276	0.526341227646	0.546157564041	0.0	0.363943934268	0.590623489609	0.577573707105	0.517641372644	0.633156114065	0.635089415176	0.64572257129	0.594006766554	0.626389560174	0.600773320445	0.613823102948	0.633639439343	0.536491058482	0.566940550991	0.596906718221	0.566940550991	0.559690671822	0.628322861286	0.559207346544	0.603189946834	0.588690188497	0.606089898502
AE6	0.611889801837	0.484775253746	0.971967133881	0.647655872402	0.551474142098	0.479942000967	0.585306911551	0.466408893185	0.516674722088	0.501691638473	0.532141130981	0.515708071532	0.51377477042	0.871918801353	0.5601739971	0.542290961817	0.55775737071	0.546157564041	0.939101014983	0.750120831319	0.672788786854	0.591590140164	0.595940067666	0.591590140164	0.90043499275	0.62735621073	0.53939101015	0.564040599323	0.590623489609	0.598356694055	0.640889318511	0.591106814886	0.47462542291	0.490575157081	0.621556307395	0.549057515708	0.509908168197	0.488641855969	0.41662638956	0.363943934268	0.0	0.633156114065	0.605606573224	0.481875302078	0.540840985984	0.536491058482	0.634606089899	0.564040599323	0.608506524891	0.58095698405	0.58337361044	0.614789753504	0.497341710971	0.490575157081	0.522474625423	0.515708071532	0.524891251812	0.614306428226	0.530691155147	0.576123731271	0.512324794587	0.574190430159
AF5	0.724021266312	0.62493958434	0.93281778637	0.672788786854	0.660705654906	0.687771870469	0.561140647656	0.632189463509	0.685355244079	0.58337361044	0.714354760754	0.634122764621	0.675688738521	0.836636056066	0.598840019333	0.674722087965	0.722087965201	0.725471242146	0.883035282745	0.720154664089	0.719671338811	0.676172063799	0.716288061866	0.71290478492	0.875302078299	0.687771870469	0.698405026583	0.669405509908	0.670372160464	0.6805219913	0.760270662156	0.711938134364	0.63653939101	0.656839052682	0.735621072982	0.65732237796	0.706138231029	0.489608506525	0.695505074915	0.590623489609	0.633156114065	0.0	0.285161913968	0.526341227646	0.716771387144	0.719188013533	0.762203963267	0.713388110198	0.741904301595	0.711454809087	0.726437892702	0.746737554374	0.689221846303	0.711454809087	0.731271145481	0.712421459642	0.671822136298	0.734171097148	0.677138714355	0.706621556307	0.710004833253	0.717738037699
AF6	0.721604639923	0.605123247946	0.928467858869	0.678588690188	0.647655872402	0.668438859352	0.563073948768	0.614789753504	0.659255679072	0.574190430159	0.695021749638	0.624456259062	0.655389076849	0.833736104398	0.583856935718	0.671822136298	0.70372160464	0.706621556307	0.872885451909	0.708554857419	0.707588206863	0.658772353794	0.707588206863	0.695021749638	0.87046882552	0.684388593523	0.673755437409	0.646205896568	0.649105848236	0.662638956017	0.75688738521	0.707104881585	0.608989850169	0.629289511841	0.724987916868	0.64572257129	0.677622039633	0.46060898985	0.66892218463	0.577573707105	0.605606573224	0.285161913968	0.0	0.502658289029	0.694055099082	0.695021749638	0.752537457709	0.68970517158	0.727404543258	0.69453842436	0.706621556307	0.735621072982	0.66892218463	0.690671822136	0.706138231029	0.695021749638	0.646689221846	0.724021266312	0.650072498792	0.69453842436	0.68970517158	0.693571773804
