	AA3	AA4	AB3	AB4	AC3	AC4	AD3	AD4	AE3	AE4	AF3	AF4	AG3	AG4	AH3	AH4	AA7	AA8	AB7	AB8	AC7	AC8	AD7	AD8	AE7	AE8	AF7	AF8	AG7	AG8	AH7	AH8	AA5	AA6	AB5	AB6	AC5	AC6	AD6	AE5	AE6	AF5	AF6	AG5	AH5	AH6	AA1	AA2	AB1	AB2	AC1	AC2	AD1	AD2	AE1	AE2	AF1	AF2	AG1	AG2	AH1	AH2
AA3	0.0	0.49299178347	0.926534557757	0.634606089899	0.651522474625	0.594490091832	0.677138714355	0.595940067666	0.587723537941	0.637506041566	0.628322861286	0.632189463509	0.595456742388	0.843885935234	0.642822619623	0.337361043983	0.57177380377	0.579023682939	0.852585790237	0.687288545191	0.627839536008	0.577090381827	0.602223296278	0.598356694055	0.824552924118	0.585306911551	0.572257129048	0.571290478492	0.588206863219	0.594006766554	0.603673272112	0.577090381827	0.602706621556	0.603189946834	0.748670855486	0.682455292412	0.630739487675	0.631222812953	0.610923151281	0.637506041566	0.605606573224	0.713388110198	0.695988400193	0.632189463509	0.629772837119	0.623489608507	0.689221846303	0.658289028516	0.708071532141	0.666022232963	0.631222812953	0.663122281295	0.570323827936	0.559207346544	0.581440309328	0.580473658772	0.58337361044	0.664088931851	0.56935717738	0.655872402127	0.594006766554	0.643305944901
AA4	0.49299178347	0.0	0.945867568874	0.588206863219	0.562107298212	0.4813919768	0.585306911551	0.478492025133	0.50700821653	0.517641372644	0.552440792653	0.524891251812	0.467858869019	0.855485741904	0.360077332044	0.376993716771	0.53020782987	0.53939101015	0.893668438859	0.715804736588	0.658289028516	0.565973900435	0.574190430159	0.599806669889	0.876752054132	0.616239729338	0.538907684872	0.554374093765	0.590623489609	0.612373127115	0.630256162397	0.590623489609	0.507974867086	0.525857902368	0.663605606573	0.600289995167	0.572740454326	0.512808119865	0.523924601257	0.537457709038	0.482358627356	0.622039632673	0.596906718221	0.519574673755	0.56935717738	0.566940550991	0.645239246013	0.586273562107	0.618173030449	0.584823586274	0.584823586274	0.607539874335	0.524407926535	0.517158047366	0.523441275979	0.519574673755	0.508458192363	0.601256645723	0.513291445143	0.590140164331	0.503141614306	0.560657322378
AB3	0.926534557757	0.945867568874	0.0	0.668438859352	0.917834702755	0.954084098598	0.953117448043	0.945384243596	0.938617689705	0.948767520541	0.971000483325	0.931851135814	0.966650555824	0.35427742871	0.954084098598	0.935717738038	0.969550507492	0.965683905268	0.733204446593	0.761720637989	0.882068632189	0.911551474142	0.957467375544	0.955534074432	0.848235862736	0.895601739971	0.944900918318	0.928951184147	0.838086031899	0.82648622523	0.952634122765	0.951667472209	0.959884001933	0.961817303045	0.972450459159	0.963267278879	0.973417109715	0.952150797487	0.971483808603	0.970517158047	0.969067182214	0.933301111648	0.928951184147	0.949250845819	0.975350410826	0.970033832769	0.969550507492	0.969067182214	0.966167230546	0.967133881102	0.972450459159	0.970517158047	0.970033832769	0.969067182214	0.97680038666	0.969550507492	0.968100531658	0.969550507492	0.969550507492	0.970033832769	0.968100531658	0.970033832769
AB4	0.634606089899	0.588206863219	0.668438859352	0.0	0.640405993233	0.619139681005	0.699371677139	0.629772837119	0.638472692122	0.644272595457	0.655872402127	0.618173030449	0.505074915418	0.548090865152	0.623006283229	0.605123247946	0.647655872402	0.64572257129	0.732237796037	0.565973900435	0.665055582407	0.635572740454	0.666022232963	0.666505558241	0.795553407443	0.640889318511	0.662155630739	0.64572257129	0.545674238763	0.576123731271	0.696955050749	0.664572257129	0.656355727405	0.67133881102	0.72692121798	0.68293861769	0.671822136298	0.652489125181	0.640405993233	0.644272595457	0.637022716288	0.673755437409	0.661188980184	0.652972450459	0.696471725471	0.684871918801	0.700338327695	0.675688738521	0.696955050749	0.666988883519	0.673272112131	0.671822136298	0.642822619623	0.643789270179	0.664088931851	0.649589173514	0.665055582407	0.672788786854	0.655389076849	0.666505558241	0.658772353794	0.671822136298
AC3	0.651522474625	0.562107298212	0.917834702755	0.640405993233	0.0	0.494925084582	0.649105848236	0.547607539874	0.566457225713	0.603189946834	0.61333977767	0.332044465926	0.613823102948	0.832769453842	0.595940067666	0.618173030449	0.608989850169	0.622039632673	0.867568873852	0.744804253262	0.73610439826	0.681005316578	0.710004833253	0.721121314645	0.832769453842	0.691155147414	0.654905751571	0.681971967134	0.664088931851	0.685838569357	0.710971483809	0.67133881102	0.607539874335	0.639439342678	0.632672788787	0.587240212663	0.632672788787	0.584823586274	0.578057032383	0.565490575157	0.556307394877	0.664572257129	0.65055582407	0.573223779604	0.648622522958	0.63653939101	0.591106814886	0.593523441276	0.588690188497	0.58337361044	0.600289995167	0.595940067666	0.53939101015	0.57177380377	0.591106814886	0.573707104882	0.626389560174	0.577573707105	0.617206379894	0.591106814886	0.623489608507	0.589173513775
AC4	0.594490091832	0.4813919768	0.954084098598	0.619139681005	0.494925084582	0.0	0.620589656839	0.393910101498	0.402126631223	0.522474625423	0.345094248429	0.41904301595	0.51377477042	0.866602223296	0.538424359594	0.528757854036	0.468825519575	0.467858869019	0.926534557757	0.743354277429	0.59497341711	0.5186080232	0.515224746254	0.524407926535	0.889801836636	0.574190430159	0.48380860319	0.512324794587	0.541324311261	0.566457225713	0.579023682939	0.520541324311	0.458192363461	0.468342194297	0.642822619623	0.560657322378	0.487191880135	0.510874818753	0.425809569841	0.551957467376	0.462058965684	0.683421942968	0.651039149348	0.531657805703	0.503141614306	0.466408893185	0.644755920735	0.589656839053	0.607056549058	0.572740454326	0.575640405993	0.60657322378	0.491058482359	0.489125181247	0.499275012083	0.494441759304	0.533591106815	0.602223296278	0.52779120348	0.576123731271	0.468825519575	0.5601739971
AD3	0.677138714355	0.585306911551	0.953117448043	0.699371677139	0.649105848236	0.620589656839	0.0	0.543740937651	0.647172547124	0.358144030933	0.683421942968	0.619139681005	0.653939101015	0.866118898018	0.568873852102	0.639922667956	0.68970517158	0.692605123248	0.938617689705	0.75688738521	0.722571290478	0.696471725471	0.699855002417	0.695505074915	0.917351377477	0.684388593523	0.704688255196	0.698888351861	0.696471725471	0.695505074915	0.723537941034	0.696955050749	0.637506041566	0.66892218463	0.749154180764	0.680038666022	0.687771870469	0.547607539874	0.639922667956	0.572740454326	0.585790236829	0.545674238763	0.530691155147	0.551474142098	0.702271628806	0.693088448526	0.774770420493	0.715804736588	0.73610439826	0.701788303528	0.703238279362	0.73368777187	0.666022232963	0.663605606573	0.670372160464	0.655389076849	0.637989366844	0.724021266312	0.636056065732	0.710971483809	0.691155147414	0.696471725471
AD4	0.595940067666	0.478492025133	0.945384243596	0.629772837119	0.547607539874	0.393910101498	0.543740937651	0.0	0.322377960367	0.426292895118	0.437892701788	0.500724987917	0.523924601257	0.859352344128	0.519091348478	0.528757854036	0.469308844853	0.467858869019	0.936684388594	0.748670855486	0.574190430159	0.499758337361	0.502174963751	0.515708071532	0.901401643306	0.584340260996	0.460125664572	0.479942000967	0.514258095698	0.542290961817	0.564040599323	0.521991300145	0.414693088449	0.467375543741	0.653455775737	0.567423876269	0.470275495408	0.480425326245	0.422426292895	0.551474142098	0.46302561624	0.652489125181	0.619139681005	0.492508458192	0.515224746254	0.473175447076	0.663605606573	0.608023199613	0.635572740454	0.605123247946	0.595940067666	0.623489608507	0.505558240696	0.501208313195	0.510874818753	0.503624939584	0.531174480425	0.623972933784	0.530691155147	0.609473175447	0.491058482359	0.583856935718
AE3	0.587723537941	0.50700821653	0.938617689705	0.638472692122	0.566457225713	0.402126631223	0.647172547124	0.322377960367	0.0	0.521991300145	0.418076365394	0.514258095698	0.521024649589	0.859352344128	0.549057515708	0.536491058482	0.456742387627	0.456259062349	0.927501208313	0.743837602707	0.565007249879	0.475108748188	0.483325277912	0.501208313195	0.896085065249	0.577090381827	0.444175930401	0.46302561624	0.492025132914	0.53939101015	0.547124214596	0.508941517641	0.420009666506	0.46302561624	0.660705654906	0.58095698405	0.455775737071	0.518124697922	0.41904301595	0.601739971	0.510391493475	0.684871918801	0.652005799903	0.530691155147	0.497825036249	0.462542290962	0.663605606573	0.607056549058	0.624456259062	0.598356694055	0.59255679072	0.626872885452	0.507491541808	0.510391493475	0.515708071532	0.519574673755	0.546157564041	0.62735621073	0.553407443209	0.593040115998	0.490091831803	0.579507008217
AE4	0.637506041566	0.517641372644	0.948767520541	0.644272595457	0.603189946834	0.522474625423	0.358144030933	0.426292895118	0.521991300145	0.0	0.582890285162	0.553890768487	0.586273562107	0.85886901885	0.531174480425	0.556307394877	0.588690188497	0.590140164331	0.937167713871	0.749637506042	0.662638956017	0.597390043499	0.596423392943	0.599323344611	0.913484775254	0.619623006283	0.599806669889	0.593523441276	0.586756887385	0.595456742388	0.645239246013	0.605123247946	0.534557757371	0.561140647656	0.703238279362	0.622522957951	0.589173513775	0.474142097632	0.542774287095	0.523441275979	0.513291445143	0.569840502658	0.544707588207	0.502174963751	0.616239729338	0.593523441276	0.721604639923	0.672305461576	0.697921701305	0.66892218463	0.660222329628	0.687771870469	0.603673272112	0.600289995167	0.597390043499	0.589173513775	0.575157080715	0.684871918801	0.581440309328	0.674238762687	0.598356694055	0.652972450459
AF3	0.628322861286	0.552440792653	0.971000483325	0.655872402127	0.61333977767	0.345094248429	0.683421942968	0.437892701788	0.418076365394	0.582890285162	0.0	0.528757854036	0.540840985984	0.884485258579	0.596906718221	0.579507008217	0.43740937651	0.427742870952	0.955534074432	0.778153697438	0.599806669889	0.520057999033	0.446109231513	0.450942484292	0.9212179797	0.606089898502	0.431609473175	0.502174963751	0.533591106815	0.580473658772	0.53020782987	0.50700821653	0.443692605123	0.508941517641	0.673272112131	0.60657322378	0.419526341228	0.547607539874	0.42822619623	0.619139681005	0.531657805703	0.724021266312	0.693571773804	0.559690671822	0.515224746254	0.475108748188	0.663122281295	0.601739971	0.646689221846	0.600289995167	0.591590140164	0.621556307395	0.522474625423	0.510874818753	0.51377477042	0.517158047366	0.580473658772	0.628322861286	0.573223779604	0.590140164331	0.49540840986	0.572257129048
AF4	0.632189463509	0.524891251812	0.931851135814	0.618173030449	0.332044465926	0.41904301595	0.619139681005	0.500724987917	0.514258095698	0.553890768487	0.528757854036	0.0	0.567907201547	0.845335911068	0.563073948768	0.577090381827	0.579507008217	0.586756887385	0.890768487192	0.715804736588	0.705654905752	0.635089415176	0.666505558241	0.672788786854	0.854519091348	0.640405993233	0.603189946834	0.637022716288	0.632672788787	0.651039149348	0.680038666022	0.637506041566	0.565490575157	0.598840019333	0.595940067666	0.5186080232	0.55775737071	0.548090865152	0.519574673755	0.526824552924	0.516674722088	0.637022716288	0.623489608507	0.540840985984	0.570323827936	0.556790720155	0.585790236829	0.530691155147	0.55099081682	0.518124697922	0.544224262929	0.548090865152	0.48622522958	0.511841469309	0.529724504592	0.536491058482	0.584823586274	0.542774287095	0.584823586274	0.528274528758	0.566457225713	0.516674722088
AG3	0.595456742388	0.467858869019	0.966650555824	0.505074915418	0.613823102948	0.51377477042	0.653939101015	0.523924601257	0.521024649589	0.586273562107	0.540840985984	0.567907201547	0.0	0.844369260512	0.514741420976	0.528274528758	0.497341710971	0.500241662639	0.927017883035	0.741420976317	0.671822136298	0.591590140164	0.58095698405	0.611406476559	0.888351860802	0.626872885452	0.53697438376	0.575640405993	0.60657322378	0.632189463509	0.632189463509	0.587240212663	0.529241179314	0.539874335428	0.678588690188	0.632672788787	0.559690671822	0.54857419043	0.523441275979	0.577090381827	0.514741420976	0.676655389077	0.647172547124	0.552440792653	0.568390526825	0.568873852102	0.629289511841	0.579023682939	0.630256162397	0.602223296278	0.580473658772	0.599806669889	0.514258095698	0.51619139681	0.539874335428	0.523924601257	0.543740937651	0.60657322378	0.545674238763	0.601256645723	0.505558240696	0.570807153214
AG4	0.843885935234	0.855485741904	0.35427742871	0.548090865152	0.832769453842	0.866602223296	0.866118898018	0.859352344128	0.859352344128	0.85886901885	0.884485258579	0.845335911068	0.844369260512	0.0	0.864668922185	0.845335911068	0.887385210246	0.883518608023	0.713871435476	0.684871918801	0.808119864669	0.83566940551	0.875785403577	0.874818753021	0.825036249396	0.819236346061	0.864668922185	0.849202513291	0.760753987434	0.745770903818	0.882068632189	0.869018849686	0.87723537941	0.878202029966	0.897535041083	0.882068632189	0.890768487192	0.859352344128	0.888351860802	0.882068632189	0.882068632189	0.846302561624	0.840502658289	0.867085548574	0.892701788304	0.888351860802	0.884968583857	0.888351860802	0.887385210246	0.884001933301	0.890768487192	0.884485258579	0.885935234413	0.885451909135	0.893668438859	0.888351860802	0.887385210246	0.886901884969	0.885935234413	0.884968583857	0.891735137748	0.891735137748
AH3	0.642822619623	0.360077332044	0.954084098598	0.623006283229	0.595940067666	0.538424359594	0.568873852102	0.519091348478	0.549057515708	0.531174480425	0.596906718221	0.563073948768	0.514741420976	0.864668922185	0.0	0.528274528758	0.578540357661	0.584340260996	0.9212179797	0.750120831319	0.695505074915	0.617689705172	0.623972933784	0.646689221846	0.899951667472	0.672788786854	0.610923151281	0.611406476559	0.637989366844	0.65973900435	0.680038666022	0.646689221846	0.530691155147	0.570323827936	0.702754954084	0.644272595457	0.62735621073	0.536491058482	0.580473658772	0.549057515708	0.549057515708	0.607539874335	0.56935717738	0.544707588207	0.614789753504	0.61575640406	0.708071532141	0.637989366844	0.65973900435	0.6389560174	0.633639439343	0.661672305462	0.588206863219	0.580473658772	0.587240212663	0.592073465442	0.55775737071	0.65732237796	0.556790720155	0.640889318511	0.577573707105	0.61575640406
AH4	0.337361043983	0.376993716771	0.935717738038	0.605123247946	0.618173030449	0.528757854036	0.639922667956	0.528757854036	0.536491058482	0.556307394877	0.579507008217	0.577090381827	0.528274528758	0.845335911068	0.528274528758	0.0	0.530691155147	0.543257612373	0.869502174964	0.693571773804	0.621072982117	0.549057515708	0.564040599323	0.576123731271	0.845819236346	0.579990333494	0.541807636539	0.542774287095	0.565973900435	0.582890285162	0.592073465442	0.558240695988	0.547607539874	0.540357660706	0.696955050749	0.629772837119	0.586756887385	0.570323827936	0.549540840986	0.573707104882	0.535524407927	0.673755437409	0.650072498792	0.576607056549	0.579507008217	0.576123731271	0.674238762687	0.623489608507	0.65973900435	0.619139681005	0.604639922668	0.632672788787	0.53939101015	0.523441275979	0.538424359594	0.526341227646	0.521507974867	0.632189463509	0.521507974867	0.61575640406	0.53697438376	0.599323344611
AA7	0.57177380377	0.53020782987	0.969550507492	0.647655872402	0.608989850169	0.468825519575	0.68970517158	0.469308844853	0.456742387627	0.588690188497	0.43740937651	0.579507008217	0.497341710971	0.887385210246	0.578540357661	0.530691155147	0.0	0.281295311745	0.917351377477	0.751570807153	0.594006766554	0.499758337361	0.467375543741	0.49540840986	0.872885451909	0.581440309328	0.427742870952	0.477525374577	0.527307878202	0.573707104882	0.509424842919	0.417109714838	0.420976317061	0.484775253746	0.699371677139	0.637506041566	0.471242145964	0.552440792653	0.468342194297	0.599806669889	0.532624456259	0.71290478492	0.6805219913	0.576123731271	0.541324311261	0.507491541808	0.661672305462	0.613823102948	0.65732237796	0.629289511841	0.585306911551	0.621556307395	0.502658289029	0.510391493475	0.522474625423	0.5186080232	0.536007733204	0.614306428226	0.534557757371	0.625422909618	0.479942000967	0.593523441276
AA8	0.579023682939	0.53939101015	0.965683905268	0.64572257129	0.622039632673	0.467858869019	0.692605123248	0.467858869019	0.456259062349	0.590140164331	0.427742870952	0.586756887385	0.500241662639	0.883518608023	0.584340260996	0.543257612373	0.281295311745	0.0	0.910584823586	0.748187530208	0.579990333494	0.484291928468	0.45142580957	0.47220879652	0.864668922185	0.56935717738	0.409859835669	0.463992266796	0.518124697922	0.564523924601	0.463992266796	0.381343644273	0.425809569841	0.499275012083	0.711454809087	0.653455775737	0.475592073465	0.568390526825	0.478008699855	0.604639922668	0.541324311261	0.724987916868	0.688738521025	0.579507008217	0.544707588207	0.50459159014	0.664088931851	0.612373127115	0.666988883519	0.630256162397	0.590140164331	0.623972933784	0.51377477042	0.507491541808	0.525857902368	0.52537457709	0.540840985984	0.620106331561	0.53697438376	0.624456259062	0.485258579024	0.593523441276
AB7	0.852585790237	0.893668438859	0.733204446593	0.732237796037	0.867568873852	0.926534557757	0.938617689705	0.936684388594	0.927501208313	0.937167713871	0.955534074432	0.890768487192	0.927017883035	0.713871435476	0.9212179797	0.869502174964	0.917351377477	0.910584823586	0.0	0.418076365394	0.798453359111	0.839052682455	0.928467858869	0.921701304978	0.728371193813	0.814403093282	0.893668438859	0.869985500242	0.740937651039	0.707104881585	0.881585306912	0.892701788304	0.924601256646	0.937167713871	0.941517641373	0.932334461092	0.951667472209	0.919284678589	0.951667472209	0.926534557757	0.936684388594	0.871918801353	0.878685355244	0.907201546641	0.956984050266	0.955050749154	0.921701304978	0.920734654422	0.929917834703	0.936201063316	0.927017883035	0.916384726921	0.913968100532	0.91203479942	0.915901401643	0.911068148864	0.920734654422	0.91203479942	0.916384726921	0.928467858869	0.949734171097	0.929917834703
AB8	0.687288545191	0.715804736588	0.761720637989	0.565973900435	0.744804253262	0.743354277429	0.75688738521	0.748670855486	0.743837602707	0.749637506042	0.778153697438	0.715804736588	0.741420976317	0.684871918801	0.750120831319	0.693571773804	0.751570807153	0.748187530208	0.418076365394	0.0	0.631222812953	0.662638956017	0.738037699372	0.730787820203	0.739004349928	0.641855969067	0.703238279362	0.68293861769	0.52779120348	0.518124697922	0.720154664089	0.724021266312	0.750120831319	0.754954084099	0.8008699855	0.749154180764	0.764620589657	0.732237796037	0.761720637989	0.74528757854	0.748670855486	0.710488158531	0.706138231029	0.725471242146	0.776703721605	0.774770420493	0.806186563557	0.750604156597	0.781536974384	0.761237312711	0.757854035766	0.766553890768	0.751087481875	0.741904301595	0.747220879652	0.741420976317	0.742387626873	0.767037216046	0.74528757854	0.747220879652	0.769937167714	0.751570807153
AC7	0.627839536008	0.658289028516	0.882068632189	0.665055582407	0.73610439826	0.59497341711	0.722571290478	0.574190430159	0.565007249879	0.662638956017	0.599806669889	0.705654905752	0.671822136298	0.808119864669	0.695505074915	0.621072982117	0.594006766554	0.579990333494	0.798453359111	0.631222812953	0.0	0.374093765104	0.570807153214	0.572257129048	0.811986466892	0.576607056549	0.554374093765	0.50700821653	0.478492025133	0.481875302078	0.576607056549	0.558724021266	0.563557274045	0.60657322378	0.816336394393	0.74770420493	0.640889318511	0.649105848236	0.61333977767	0.729821169647	0.675205413243	0.719188013533	0.700338327695	0.652972450459	0.645239246013	0.618173030449	0.828419526341	0.772837119381	0.807636539391	0.78008699855	0.750604156597	0.78250362494	0.684388593523	0.675688738521	0.681005316578	0.685838569357	0.672788786854	0.787820202997	0.67133881102	0.768003866602	0.619139681005	0.755437409377
AC8	0.577090381827	0.565973900435	0.911551474142	0.635572740454	0.681005316578	0.5186080232	0.696471725471	0.499758337361	0.475108748188	0.597390043499	0.520057999033	0.635089415176	0.591590140164	0.83566940551	0.617689705172	0.549057515708	0.499758337361	0.484291928468	0.839052682455	0.662638956017	0.374093765104	0.0	0.464475592073	0.488641855969	0.842919284679	0.535524407927	0.402609956501	0.352344127598	0.432576123731	0.46979217013	0.520057999033	0.489608506525	0.46979217013	0.521507974867	0.730787820203	0.664572257129	0.541807636539	0.565490575157	0.525857902368	0.643305944901	0.585790236829	0.667472208797	0.641372643789	0.578540357661	0.563557274045	0.537941034316	0.73852102465	0.680038666022	0.724021266312	0.693571773804	0.660222329628	0.689221846303	0.590623489609	0.582890285162	0.587723537941	0.591106814886	0.582406959884	0.693088448526	0.578540357661	0.683905268246	0.526341227646	0.656839052682
AD7	0.602223296278	0.574190430159	0.957467375544	0.666022232963	0.710004833253	0.515224746254	0.699855002417	0.502174963751	0.483325277912	0.596423392943	0.446109231513	0.666505558241	0.58095698405	0.875785403577	0.623972933784	0.564040599323	0.467375543741	0.45142580957	0.928467858869	0.738037699372	0.570807153214	0.464475592073	0.0	0.294345094248	0.889801836636	0.50459159014	0.40744320928	0.443209279845	0.493475108748	0.542774287095	0.496375060416	0.472692121798	0.47462542291	0.537941034316	0.742387626873	0.674722087965	0.508941517641	0.586273562107	0.523924601257	0.650072498792	0.586756887385	0.718704688255	0.686805219913	0.603673272112	0.562107298212	0.543257612373	0.745770903818	0.682455292412	0.731754470759	0.702271628806	0.664088931851	0.687771870469	0.602706621556	0.59255679072	0.59497341711	0.603673272112	0.578540357661	0.695021749638	0.581440309328	0.69212179797	0.540357660706	0.661672305462
AD8	0.598356694055	0.599806669889	0.955534074432	0.666505558241	0.721121314645	0.524407926535	0.695505074915	0.515708071532	0.501208313195	0.599323344611	0.450942484292	0.672788786854	0.611406476559	0.874818753021	0.646689221846	0.576123731271	0.49540840986	0.47220879652	0.921701304978	0.730787820203	0.572257129048	0.488641855969	0.294345094248	0.0	0.862735621073	0.482358627356	0.422426292895	0.46060898985	0.48380860319	0.524407926535	0.495891735138	0.478975350411	0.493958434026	0.558724021266	0.75688738521	0.681005316578	0.511841469309	0.589656839053	0.53020782987	0.663605606573	0.59497341711	0.719671338811	0.692605123248	0.60415659739	0.589656839053	0.558240695988	0.761720637989	0.695988400193	0.746254229096	0.71532141131	0.681488641856	0.708554857419	0.614306428226	0.605123247946	0.60415659739	0.61575640406	0.597390043499	0.715804736588	0.600289995167	0.704204929918	0.568873852102	0.674238762687
AE7	0.824552924118	0.876752054132	0.848235862736	0.795553407443	0.832769453842	0.889801836636	0.917351377477	0.901401643306	0.896085065249	0.913484775254	0.9212179797	0.854519091348	0.888351860802	0.825036249396	0.899951667472	0.845819236346	0.872885451909	0.864668922185	0.728371193813	0.739004349928	0.811986466892	0.842919284679	0.889801836636	0.862735621073	0.0	0.558240695988	0.874335427743	0.859835669406	0.764620589657	0.769937167714	0.837602706622	0.843885935234	0.898501691638	0.91445142581	0.927984533591	0.915901401643	0.918318028033	0.898985016916	0.918318028033	0.878685355244	0.899468342194	0.880618656356	0.877718704688	0.878685355244	0.938134364427	0.926051232479	0.88883518608	0.895118414693	0.911068148864	0.901401643306	0.906718221363	0.899468342194	0.889801836636	0.892218463026	0.90043499275	0.897051715805	0.903818269696	0.891735137748	0.899468342194	0.906234896085	0.91445142581	0.903818269696
AE8	0.585306911551	0.616239729338	0.895601739971	0.640889318511	0.691155147414	0.574190430159	0.684388593523	0.584340260996	0.577090381827	0.619623006283	0.606089898502	0.640405993233	0.626872885452	0.819236346061	0.672788786854	0.579990333494	0.581440309328	0.56935717738	0.814403093282	0.641855969067	0.576607056549	0.535524407927	0.50459159014	0.482358627356	0.558240695988	0.0	0.550507491542	0.547124214596	0.501691638473	0.506041565974	0.556307394877	0.545674238763	0.586273562107	0.604639922668	0.767037216046	0.696471725471	0.60657322378	0.593040115998	0.601256645723	0.646205896568	0.617206379894	0.695021749638	0.669888835186	0.603673272112	0.6389560174	0.610439826003	0.758820686322	0.69212179797	0.748187530208	0.708071532141	0.691155147414	0.715804736588	0.631706138231	0.625906234896	0.630256162397	0.629289511841	0.631706138231	0.710971483809	0.638472692122	0.700338327695	0.601739971	0.672305461576
AF7	0.572257129048	0.538907684872	0.944900918318	0.662155630739	0.654905751571	0.48380860319	0.704688255196	0.460125664572	0.444175930401	0.599806669889	0.431609473175	0.603189946834	0.53697438376	0.864668922185	0.610923151281	0.541807636539	0.427742870952	0.409859835669	0.893668438859	0.703238279362	0.554374093765	0.402609956501	0.40744320928	0.422426292895	0.874335427743	0.550507491542	0.0	0.330594490092	0.479942000967	0.5186080232	0.476558724021	0.474142097632	0.429192846786	0.486708554857	0.696955050749	0.633639439343	0.461575640406	0.535524407927	0.476075398743	0.620106331561	0.537457709038	0.707588206863	0.677138714355	0.562107298212	0.525857902368	0.506524891252	0.684871918801	0.627839536008	0.677622039633	0.649589173514	0.61333977767	0.640889318511	0.53939101015	0.532141130981	0.541324311261	0.545674238763	0.555340744321	0.644272595457	0.561140647656	0.638472692122	0.482841952634	0.606089898502
AF8	0.571290478492	0.554374093765	0.928951184147	0.64572257129	0.681971967134	0.512324794587	0.698888351861	0.479942000967	0.46302561624	0.593523441276	0.502174963751	0.637022716288	0.575640405993	0.849202513291	0.611406476559	0.542774287095	0.477525374577	0.463992266796	0.869985500242	0.68293861769	0.50700821653	0.352344127598	0.443209279845	0.46060898985	0.859835669406	0.547124214596	0.330594490092	0.0	0.441759304012	0.48622522958	0.515708071532	0.476558724021	0.445142580957	0.510874818753	0.716288061866	0.652972450459	0.502658289029	0.548090865152	0.50700821653	0.62493958434	0.567423876269	0.674722087965	0.645239246013	0.563557274045	0.554374093765	0.532624456259	0.706138231029	0.652972450459	0.708071532141	0.681488641856	0.634122764621	0.656355727405	0.56935717738	0.559690671822	0.565973900435	0.573223779604	0.560657322378	0.660222329628	0.561623972934	0.666022232963	0.50459159014	0.629289511841
AG7	0.588206863219	0.590623489609	0.838086031899	0.545674238763	0.664088931851	0.541324311261	0.696471725471	0.514258095698	0.492025132914	0.586756887385	0.533591106815	0.632672788787	0.60657322378	0.760753987434	0.637989366844	0.565973900435	0.527307878202	0.518124697922	0.740937651039	0.52779120348	0.478492025133	0.432576123731	0.493475108748	0.48380860319	0.764620589657	0.501691638473	0.479942000967	0.441759304012	0.0	0.304494925085	0.540840985984	0.515708071532	0.505074915418	0.565007249879	0.744804253262	0.672788786854	0.530691155147	0.567423876269	0.531174480425	0.638472692122	0.584340260996	0.669888835186	0.634122764621	0.573223779604	0.608989850169	0.577090381827	0.746254229096	0.683905268246	0.720637989367	0.691155147414	0.663605606573	0.694055099082	0.60415659739	0.605123247946	0.599323344611	0.60415659739	0.614306428226	0.695505074915	0.620589656839	0.673272112131	0.57177380377	0.660222329628
AG8	0.594006766554	0.612373127115	0.82648622523	0.576123731271	0.685838569357	0.566457225713	0.695505074915	0.542290961817	0.53939101015	0.595456742388	0.580473658772	0.651039149348	0.632189463509	0.745770903818	0.65973900435	0.582890285162	0.573707104882	0.564523924601	0.707104881585	0.518124697922	0.481875302078	0.46979217013	0.542774287095	0.524407926535	0.769937167714	0.506041565974	0.5186080232	0.48622522958	0.304494925085	0.0	0.570807153214	0.539874335428	0.55099081682	0.587723537941	0.760270662156	0.685355244079	0.568873852102	0.577090381827	0.570323827936	0.655389076849	0.605123247946	0.665538907685	0.646689221846	0.594006766554	0.62735621073	0.590140164331	0.765587240213	0.700338327695	0.741904301595	0.71290478492	0.686805219913	0.718221362977	0.62735621073	0.629772837119	0.62735621073	0.626872885452	0.635572740454	0.720154664089	0.644755920735	0.698405026583	0.595456742388	0.679555340744
AH7	0.603673272112	0.630256162397	0.952634122765	0.696955050749	0.710971483809	0.579023682939	0.723537941034	0.564040599323	0.547124214596	0.645239246013	0.53020782987	0.680038666022	0.632189463509	0.882068632189	0.680038666022	0.592073465442	0.509424842919	0.463992266796	0.881585306912	0.720154664089	0.576607056549	0.520057999033	0.496375060416	0.495891735138	0.837602706622	0.556307394877	0.476558724021	0.515708071532	0.540840985984	0.570807153214	0.0	0.324794586757	0.557274045433	0.619139681005	0.78008699855	0.726437892702	0.561623972934	0.647172547124	0.588206863219	0.672788786854	0.634606089899	0.762203963267	0.740454325761	0.65732237796	0.647655872402	0.617689705172	0.767037216046	0.721604639923	0.761237312711	0.733204446593	0.699855002417	0.725471242146	0.623972933784	0.625906234896	0.619623006283	0.632189463509	0.628806186564	0.72692121798	0.62493958434	0.713871435476	0.60657322378	0.707104881585
AH8	0.577090381827	0.590623489609	0.951667472209	0.664572257129	0.67133881102	0.520541324311	0.696955050749	0.521991300145	0.508941517641	0.605123247946	0.50700821653	0.637506041566	0.587240212663	0.869018849686	0.646689221846	0.558240695988	0.417109714838	0.381343644273	0.892701788304	0.724021266312	0.558724021266	0.489608506525	0.472692121798	0.478975350411	0.843885935234	0.545674238763	0.474142097632	0.476558724021	0.515708071532	0.539874335428	0.324794586757	0.0	0.50459159014	0.565973900435	0.757854035766	0.696471725471	0.535524407927	0.605606573224	0.545190913485	0.63653939101	0.594490091832	0.72692121798	0.70130497825	0.619139681005	0.601739971	0.564040599323	0.723537941034	0.67133881102	0.717254712421	0.68293861769	0.651522474625	0.680038666022	0.58095698405	0.578540357661	0.579990333494	0.586756887385	0.579990333494	0.6805219913	0.574190430159	0.670372160464	0.556307394877	0.65973900435
AA5	0.602706621556	0.507974867086	0.959884001933	0.656355727405	0.607539874335	0.458192363461	0.637506041566	0.414693088449	0.420009666506	0.534557757371	0.443692605123	0.565490575157	0.529241179314	0.87723537941	0.530691155147	0.547607539874	0.420976317061	0.425809569841	0.924601256646	0.750120831319	0.563557274045	0.46979217013	0.47462542291	0.493958434026	0.898501691638	0.586273562107	0.429192846786	0.445142580957	0.505074915418	0.55099081682	0.557274045433	0.50459159014	0.0	0.360077332044	0.691155147414	0.59497341711	0.482841952634	0.46302561624	0.458192363461	0.553407443209	0.49540840986	0.625422909618	0.597390043499	0.483325277912	0.533107781537	0.493958434026	0.713388110198	0.661672305462	0.685355244079	0.646205896568	0.64813919768	0.680038666022	0.540840985984	0.551957467376	0.568390526825	0.561140647656	0.540357660706	0.671822136298	0.552440792653	0.637989366844	0.498791686805	0.630739487675
AA6	0.603189946834	0.525857902368	0.961817303045	0.67133881102	0.639439342678	0.468342194297	0.66892218463	0.467375543741	0.46302561624	0.561140647656	0.508941517641	0.598840019333	0.539874335428	0.878202029966	0.570323827936	0.540357660706	0.484775253746	0.499275012083	0.937167713871	0.754954084099	0.60657322378	0.521507974867	0.537941034316	0.558724021266	0.91445142581	0.604639922668	0.486708554857	0.510874818753	0.565007249879	0.587723537941	0.619139681005	0.565973900435	0.360077332044	0.0	0.677138714355	0.588206863219	0.531174480425	0.501208313195	0.482841952634	0.586756887385	0.50700821653	0.670372160464	0.635089415176	0.533591106815	0.449492508458	0.429676172064	0.697921701305	0.642822619623	0.667955534074	0.642822619623	0.625906234896	0.661188980184	0.538424359594	0.535041082649	0.549540840986	0.547124214596	0.547607539874	0.654422426293	0.555340744321	0.623972933784	0.493958434026	0.619623006283
AB5	0.748670855486	0.663605606573	0.972450459159	0.72692121798	0.632672788787	0.642822619623	0.749154180764	0.653455775737	0.660705654906	0.703238279362	0.673272112131	0.595940067666	0.678588690188	0.897535041083	0.702754954084	0.696955050749	0.699371677139	0.711454809087	0.941517641373	0.8008699855	0.816336394393	0.730787820203	0.742387626873	0.75688738521	0.927984533591	0.767037216046	0.696955050749	0.716288061866	0.744804253262	0.760270662156	0.78008699855	0.757854035766	0.691155147414	0.677138714355	0.0	0.310778153697	0.621556307395	0.654422426293	0.617689705172	0.629289511841	0.604639922668	0.729337844369	0.726437892702	0.660705654906	0.625422909618	0.611889801837	0.620106331561	0.611406476559	0.613823102948	0.590623489609	0.620589656839	0.612856452392	0.599323344611	0.609473175447	0.609956500725	0.630256162397	0.674722087965	0.589656839053	0.672788786854	0.600773320445	0.679072015466	0.603189946834
AB6	0.682455292412	0.600289995167	0.963267278879	0.68293861769	0.587240212663	0.560657322378	0.680038666022	0.567423876269	0.58095698405	0.622522957951	0.60657322378	0.5186080232	0.632672788787	0.882068632189	0.644272595457	0.629772837119	0.637506041566	0.653455775737	0.932334461092	0.749154180764	0.74770420493	0.664572257129	0.674722087965	0.681005316578	0.915901401643	0.696471725471	0.633639439343	0.652972450459	0.672788786854	0.685355244079	0.726437892702	0.696471725471	0.59497341711	0.588206863219	0.310778153697	0.0	0.562107298212	0.561623972934	0.549540840986	0.563073948768	0.540357660706	0.654422426293	0.642339294345	0.551957467376	0.563557274045	0.549057515708	0.612856452392	0.565007249879	0.598356694055	0.560657322378	0.578057032383	0.592073465442	0.535041082649	0.551474142098	0.566457225713	0.572740454326	0.602706621556	0.567907201547	0.610923151281	0.564523924601	0.623006283229	0.555824069599
AC5	0.630739487675	0.572740454326	0.973417109715	0.671822136298	0.632672788787	0.487191880135	0.687771870469	0.470275495408	0.455775737071	0.589173513775	0.419526341228	0.55775737071	0.559690671822	0.890768487192	0.62735621073	0.586756887385	0.471242145964	0.475592073465	0.951667472209	0.764620589657	0.640889318511	0.541807636539	0.508941517641	0.511841469309	0.918318028033	0.60657322378	0.461575640406	0.502658289029	0.530691155147	0.568873852102	0.561623972934	0.535524407927	0.482841952634	0.531174480425	0.621556307395	0.562107298212	0.0	0.452875785404	0.432092798453	0.595456742388	0.517641372644	0.713871435476	0.677622039633	0.559690671822	0.482841952634	0.455775737071	0.60657322378	0.561623972934	0.618656355727	0.564040599323	0.547607539874	0.572740454326	0.491058482359	0.486708554857	0.48380860319	0.51377477042	0.579023682939	0.574673755437	0.586756887385	0.558724021266	0.524891251812	0.536491058482
AC6	0.631222812953	0.512808119865	0.952150797487	0.652489125181	0.584823586274	0.510874818753	0.547607539874	0.480425326245	0.518124697922	0.474142097632	0.547607539874	0.548090865152	0.54857419043	0.859352344128	0.536491058482	0.570323827936	0.552440792653	0.568390526825	0.919284678589	0.732237796037	0.649105848236	0.565490575157	0.586273562107	0.589656839053	0.898985016916	0.593040115998	0.535524407927	0.548090865152	0.567423876269	0.577090381827	0.647172547124	0.605606573224	0.46302561624	0.501208313195	0.654422426293	0.561623972934	0.452875785404	0.0	0.508941517641	0.509424842919	0.491058482359	0.480908651522	0.447075882069	0.426292895118	0.565490575157	0.538424359594	0.683905268246	0.634606089899	0.661672305462	0.621072982117	0.629289511841	0.653455775737	0.572740454326	0.57177380377	0.573223779604	0.564523924601	0.556790720155	0.648622522958	0.570807153214	0.622522957951	0.541807636539	0.613823102948
AD6	0.610923151281	0.523924601257	0.971483808603	0.640405993233	0.578057032383	0.425809569841	0.639922667956	0.422426292895	0.41904301595	0.542774287095	0.42822619623	0.519574673755	0.523441275979	0.888351860802	0.580473658772	0.549540840986	0.468342194297	0.478008699855	0.951667472209	0.761720637989	0.61333977767	0.525857902368	0.523924601257	0.53020782987	0.918318028033	0.601256645723	0.476075398743	0.50700821653	0.531174480425	0.570323827936	0.588206863219	0.545190913485	0.458192363461	0.482841952634	0.617689705172	0.549540840986	0.432092798453	0.508941517641	0.0	0.550024166264	0.412759787337	0.693088448526	0.664572257129	0.537941034316	0.485258579024	0.443692605123	0.609473175447	0.559690671822	0.590623489609	0.55099081682	0.549057515708	0.574673755437	0.459159014016	0.457225712905	0.478008699855	0.478975350411	0.544224262929	0.568390526825	0.536007733204	0.554857419043	0.475592073465	0.531174480425
AE5	0.637506041566	0.537457709038	0.970517158047	0.644272595457	0.565490575157	0.551957467376	0.572740454326	0.551474142098	0.601739971	0.523441275979	0.619139681005	0.526824552924	0.577090381827	0.882068632189	0.549057515708	0.573707104882	0.599806669889	0.604639922668	0.926534557757	0.74528757854	0.729821169647	0.643305944901	0.650072498792	0.663605606573	0.878685355244	0.646205896568	0.620106331561	0.62493958434	0.638472692122	0.655389076849	0.672788786854	0.63653939101	0.553407443209	0.586756887385	0.629289511841	0.563073948768	0.595456742388	0.509424842919	0.550024166264	0.0	0.363943934268	0.587240212663	0.562107298212	0.50459159014	0.626389560174	0.626872885452	0.655872402127	0.621556307395	0.640889318511	0.605123247946	0.610439826003	0.6389560174	0.548090865152	0.555340744321	0.573223779604	0.553890768487	0.556307394877	0.628322861286	0.557274045433	0.607056549058	0.579990333494	0.597873368777
AE6	0.605606573224	0.482358627356	0.969067182214	0.637022716288	0.556307394877	0.462058965684	0.585790236829	0.46302561624	0.510391493475	0.513291445143	0.531657805703	0.516674722088	0.514741420976	0.882068632189	0.549057515708	0.535524407927	0.532624456259	0.541324311261	0.936684388594	0.748670855486	0.675205413243	0.585790236829	0.586756887385	0.59497341711	0.899468342194	0.617206379894	0.537457709038	0.567423876269	0.584340260996	0.605123247946	0.634606089899	0.594490091832	0.49540840986	0.50700821653	0.604639922668	0.540357660706	0.517641372644	0.491058482359	0.412759787337	0.363943934268	0.0	0.639439342678	0.612856452392	0.49299178347	0.541807636539	0.534074432093	0.631222812953	0.582890285162	0.606089898502	0.567907201547	0.577090381827	0.600773320445	0.478975350411	0.485258579024	0.505558240696	0.480425326245	0.508941517641	0.595456742388	0.514741420976	0.568873852102	0.50459159014	0.559207346544
AF5	0.713388110198	0.622039632673	0.933301111648	0.673755437409	0.664572257129	0.683421942968	0.545674238763	0.652489125181	0.684871918801	0.569840502658	0.724021266312	0.637022716288	0.676655389077	0.846302561624	0.607539874335	0.673755437409	0.71290478492	0.724987916868	0.871918801353	0.710488158531	0.719188013533	0.667472208797	0.718704688255	0.719671338811	0.880618656356	0.695021749638	0.707588206863	0.674722087965	0.669888835186	0.665538907685	0.762203963267	0.72692121798	0.625422909618	0.670372160464	0.729337844369	0.654422426293	0.713871435476	0.480908651522	0.693088448526	0.587240212663	0.639439342678	0.0	0.270178830353	0.529724504592	0.721121314645	0.710971483809	0.75688738521	0.72450459159	0.743354277429	0.712421459642	0.735621072982	0.74528757854	0.699855002417	0.710004833253	0.722087965201	0.705171580474	0.666505558241	0.732721121315	0.671822136298	0.711454809087	0.710488158531	0.719671338811
AF6	0.695988400193	0.596906718221	0.928951184147	0.661188980184	0.65055582407	0.651039149348	0.530691155147	0.619139681005	0.652005799903	0.544707588207	0.693571773804	0.623489608507	0.647172547124	0.840502658289	0.56935717738	0.650072498792	0.6805219913	0.688738521025	0.878685355244	0.706138231029	0.700338327695	0.641372643789	0.686805219913	0.692605123248	0.877718704688	0.669888835186	0.677138714355	0.645239246013	0.634122764621	0.646689221846	0.740454325761	0.70130497825	0.597390043499	0.635089415176	0.726437892702	0.642339294345	0.677622039633	0.447075882069	0.664572257129	0.562107298212	0.612856452392	0.270178830353	0.0	0.50459159014	0.695505074915	0.685838569357	0.748670855486	0.710971483809	0.725471242146	0.693088448526	0.697921701305	0.730304494925	0.670855485742	0.682455292412	0.695988400193	0.677622039633	0.639922667956	0.717254712421	0.643305944901	0.695021749638	0.683421942968	0.690671822136
