	AA3	AA4	AB3	AB4	AC3	AC4	AD3	AD4	AE3	AE4	AF3	AF4	AG3	AG4	AH3	AH4	AA7	AA8	AB7	AB8	AC7	AC8	AD7	AD8	AE7	AE8	AF7	AF8	AG7	AG8	AH7	AH8	AA5	AA6	AB5	AB6	AC5	AC6	AD6	AE5	AE6	AF5	AF6	AG5	AH5	AH6	AA1	AA2	AB1	AB2	AC1	AC2	AD1	AD2	AE1	AE2	AF1	AF2	AG1	AG2	AH1	AH2
AA3	0.0	0.483325277912	0.933301111648	0.628806186564	0.649589173514	0.577090381827	0.665055582407	0.574673755437	0.561623972934	0.619623006283	0.600773320445	0.603673272112	0.568390526825	0.848719188014	0.637506041566	0.321894635089	0.577090381827	0.544707588207	0.865152247463	0.701788303528	0.622522957951	0.563073948768	0.585790236829	0.586756887385	0.83325277912	0.594006766554	0.565973900435	0.547607539874	0.585306911551	0.578540357661	0.585790236829	0.551474142098	0.575640405993	0.581923634606	0.740937651039	0.675205413243	0.586756887385	0.619623006283	0.581923634606	0.619623006283	0.583856935718	0.711938134364	0.69212179797	0.618656355727	0.612856452392	0.600289995167	0.668438859352	0.663122281295	0.70372160464	0.666988883519	0.635572740454	0.652972450459	0.597390043499	0.561140647656	0.556790720155	0.53939101015	0.57177380377	0.674722087965	0.573223779604	0.656355727405	0.565973900435	0.641855969067
AA4	0.483325277912	0.0	0.947800869986	0.574673755437	0.570323827936	0.496858385694	0.577573707105	0.473175447076	0.489608506525	0.509424842919	0.547124214596	0.524407926535	0.46979217013	0.85645239246	0.3610439826	0.385210246496	0.521507974867	0.524407926535	0.884485258579	0.714838086032	0.662155630739	0.567423876269	0.568873852102	0.59497341711	0.871918801353	0.623972933784	0.538424359594	0.556307394877	0.603189946834	0.615273078782	0.623006283229	0.577573707105	0.492025132914	0.500724987917	0.658289028516	0.587723537941	0.558240695988	0.509908168197	0.52779120348	0.533591106815	0.478008699855	0.625906234896	0.602706621556	0.50700821653	0.579023682939	0.567907201547	0.633156114065	0.604639922668	0.632672788787	0.600289995167	0.585790236829	0.623972933784	0.550507491542	0.508941517641	0.512808119865	0.501691638473	0.485741904302	0.628322861286	0.507491541808	0.592073465442	0.523441275979	0.582406959884
AB3	0.933301111648	0.947800869986	0.0	0.677622039633	0.917351377477	0.950217496375	0.956500724988	0.942967617206	0.927501208313	0.945384243596	0.970517158047	0.928951184147	0.962783953601	0.346060898985	0.961333977767	0.939101014983	0.971000483325	0.966167230546	0.750604156597	0.757370710488	0.890768487192	0.906234896085	0.9584340261	0.952634122765	0.851135814403	0.903334944418	0.945384243596	0.929917834703	0.843885935234	0.835186080232	0.952150797487	0.9584340261	0.95360077332	0.9584340261	0.973417109715	0.963750604157	0.972933784437	0.944900918318	0.971483808603	0.970517158047	0.969067182214	0.928951184147	0.930884485259	0.945384243596	0.972933784437	0.969067182214	0.971000483325	0.96761720638	0.970033832769	0.970517158047	0.973900434993	0.972450459159	0.973900434993	0.973900434993	0.976317061382	0.973417109715	0.970033832769	0.972450459159	0.969550507492	0.971483808603	0.971483808603	0.970517158047
AB4	0.628806186564	0.574673755437	0.677622039633	0.0	0.634122764621	0.60415659739	0.678588690188	0.598356694055	0.600289995167	0.613823102948	0.6389560174	0.597390043499	0.48380860319	0.560657322378	0.606089898502	0.583856935718	0.625906234896	0.631706138231	0.725954567424	0.565973900435	0.659255679072	0.619139681005	0.653939101015	0.648622522958	0.795553407443	0.642822619623	0.647655872402	0.630256162397	0.546640889319	0.568390526825	0.691155147414	0.659255679072	0.634606089899	0.6389560174	0.71532141131	0.65732237796	0.647655872402	0.622039632673	0.623972933784	0.631222812953	0.614789753504	0.65973900435	0.652489125181	0.614789753504	0.681005316578	0.668438859352	0.683905268246	0.666988883519	0.697438376027	0.66892218463	0.662638956017	0.674722087965	0.630256162397	0.63653939101	0.646205896568	0.625422909618	0.628322861286	0.68970517158	0.634122764621	0.65732237796	0.641855969067	0.671822136298
AC3	0.649589173514	0.570323827936	0.917351377477	0.634122764621	0.0	0.494925084582	0.658772353794	0.555824069599	0.568390526825	0.597390043499	0.611406476559	0.30787820203	0.608989850169	0.830836152731	0.596423392943	0.603189946834	0.624456259062	0.617689705172	0.86563557274	0.743837602707	0.740454325761	0.679072015466	0.715804736588	0.713388110198	0.829386176897	0.688738521025	0.662155630739	0.684871918801	0.677622039633	0.690671822136	0.706138231029	0.672788786854	0.618173030449	0.626389560174	0.621556307395	0.583856935718	0.614306428226	0.581923634606	0.58095698405	0.572740454326	0.553407443209	0.660705654906	0.649105848236	0.572740454326	0.64572257129	0.644755920735	0.570807153214	0.583856935718	0.582890285162	0.574190430159	0.59497341711	0.582890285162	0.530691155147	0.574673755437	0.576607056549	0.560657322378	0.607056549058	0.579023682939	0.614306428226	0.59255679072	0.607539874335	0.587723537941
AC4	0.577090381827	0.496858385694	0.950217496375	0.60415659739	0.494925084582	0.0	0.603673272112	0.40502658289	0.408893185114	0.520541324311	0.343160947318	0.40744320928	0.521024649589	0.865152247463	0.555824069599	0.533107781537	0.497341710971	0.482358627356	0.926051232479	0.749154180764	0.599806669889	0.532624456259	0.520541324311	0.519091348478	0.898985016916	0.593523441276	0.502174963751	0.527307878202	0.544707588207	0.575640405993	0.587240212663	0.541807636539	0.456742387627	0.465925567907	0.639439342678	0.551957467376	0.46302561624	0.503624939584	0.422426292895	0.551957467376	0.471725471242	0.675688738521	0.657805703238	0.509908168197	0.49540840986	0.487191880135	0.629289511841	0.597390043499	0.608506524891	0.587240212663	0.581923634606	0.620106331561	0.507491541808	0.500724987917	0.497341710971	0.494925084582	0.542774287095	0.628806186564	0.546157564041	0.579023682939	0.469308844853	0.574673755437
AD3	0.665055582407	0.577573707105	0.956500724988	0.678588690188	0.658772353794	0.603673272112	0.0	0.529241179314	0.624456259062	0.358144030933	0.66892218463	0.619623006283	0.626872885452	0.867568873852	0.565007249879	0.639922667956	0.675688738521	0.674722087965	0.934751087482	0.763653939101	0.712421459642	0.684388593523	0.687771870469	0.683905268246	0.914934751087	0.678588690188	0.68293861769	0.683421942968	0.680038666022	0.67133881102	0.709521507975	0.683421942968	0.619139681005	0.635089415176	0.746737554374	0.670372160464	0.662638956017	0.52537457709	0.620106331561	0.579023682939	0.56259062349	0.550507491542	0.534557757371	0.53939101015	0.687288545191	0.674238762687	0.7593040116	0.716288061866	0.739487675205	0.719188013533	0.706138231029	0.732237796037	0.666022232963	0.644755920735	0.656839052682	0.646689221846	0.633639439343	0.742387626873	0.637506041566	0.704688255196	0.676655389077	0.709521507975
AD4	0.574673755437	0.473175447076	0.942967617206	0.598356694055	0.555824069599	0.40502658289	0.529241179314	0.0	0.292895118415	0.423392943451	0.426776220396	0.494925084582	0.498308361527	0.857419043016	0.528757854036	0.515224746254	0.452392460126	0.4398260029	0.929917834703	0.750604156597	0.582890285162	0.505074915418	0.486708554857	0.505558240696	0.900918318028	0.598840019333	0.437892701788	0.463992266796	0.502174963751	0.571290478492	0.548090865152	0.49299178347	0.403093281779	0.433059449009	0.653939101015	0.575157080715	0.435959400677	0.487675205413	0.422909618173	0.561140647656	0.461092315128	0.65732237796	0.637506041566	0.491058482359	0.507974867086	0.478008699855	0.650072498792	0.61575640406	0.63653939101	0.619139681005	0.601739971	0.637506041566	0.534074432093	0.514741420976	0.517158047366	0.502174963751	0.520057999033	0.645239246013	0.533107781537	0.611889801837	0.487675205413	0.601739971
AE3	0.561623972934	0.489608506525	0.927501208313	0.600289995167	0.568390526825	0.408893185114	0.624456259062	0.292895118415	0.0	0.504108264862	0.408893185114	0.512324794587	0.508458192363	0.849685838569	0.546640889319	0.523441275979	0.454809086515	0.434992750121	0.921701304978	0.744320927985	0.561623972934	0.479458675689	0.471725471242	0.493958434026	0.890285161914	0.590140164331	0.438859352344	0.459642339294	0.485741904302	0.561140647656	0.553407443209	0.495891735138	0.398260029	0.443209279845	0.674238762687	0.591590140164	0.444175930401	0.511841469309	0.438376027066	0.599806669889	0.502658289029	0.681488641856	0.663605606573	0.514741420976	0.509424842919	0.477525374577	0.654905751571	0.620106331561	0.643305944901	0.62493958434	0.599323344611	0.641855969067	0.549057515708	0.529241179314	0.52779120348	0.5186080232	0.538907684872	0.653939101015	0.551957467376	0.611406476559	0.487675205413	0.603673272112
AE4	0.619623006283	0.509424842919	0.945384243596	0.613823102948	0.597390043499	0.520541324311	0.358144030933	0.423392943451	0.504108264862	0.0	0.58095698405	0.554857419043	0.57177380377	0.861768970517	0.511358144031	0.572257129048	0.597390043499	0.594006766554	0.934267762204	0.75688738521	0.666022232963	0.597390043499	0.598840019333	0.598840019333	0.906718221363	0.630256162397	0.590623489609	0.588690188497	0.585306911551	0.612856452392	0.644755920735	0.617689705172	0.537941034316	0.555824069599	0.700338327695	0.618173030449	0.577573707105	0.477525374577	0.537457709038	0.532141130981	0.499758337361	0.589173513775	0.570323827936	0.495891735138	0.608023199613	0.596906718221	0.705654905752	0.667472208797	0.695505074915	0.680038666022	0.656839052682	0.684388593523	0.611406476559	0.591106814886	0.593523441276	0.59255679072	0.578057032383	0.700821652972	0.588206863219	0.661188980184	0.587723537941	0.659255679072
AF3	0.600773320445	0.547124214596	0.970517158047	0.6389560174	0.611406476559	0.343160947318	0.66892218463	0.426776220396	0.408893185114	0.58095698405	0.0	0.517641372644	0.53939101015	0.886418559691	0.589656839053	0.570807153214	0.43740937651	0.425809569841	0.95601739971	0.776703721605	0.601256645723	0.543257612373	0.441759304012	0.445142580957	0.922184630256	0.620589656839	0.434992750121	0.49540840986	0.534557757371	0.601739971	0.529724504592	0.502174963751	0.440309328178	0.491058482359	0.669888835186	0.602223296278	0.406959884002	0.544707588207	0.437892701788	0.619139681005	0.532624456259	0.716288061866	0.700338327695	0.550507491542	0.498791686805	0.488158530691	0.646689221846	0.608506524891	0.64813919768	0.608023199613	0.59497341711	0.635089415176	0.542290961817	0.50700821653	0.514258095698	0.513291445143	0.579023682939	0.643789270179	0.583856935718	0.599323344611	0.484291928468	0.586273562107
AF4	0.603673272112	0.524407926535	0.928951184147	0.597390043499	0.30787820203	0.40744320928	0.619623006283	0.494925084582	0.512324794587	0.554857419043	0.517641372644	0.0	0.56259062349	0.84485258579	0.554374093765	0.547607539874	0.567423876269	0.559207346544	0.875785403577	0.717738037699	0.695021749638	0.631222812953	0.652005799903	0.649589173514	0.838086031899	0.64813919768	0.602223296278	0.627839536008	0.629289511841	0.644272595457	0.652489125181	0.615273078782	0.557274045433	0.56935717738	0.623489608507	0.551474142098	0.563073948768	0.54857419043	0.521024649589	0.534074432093	0.514258095698	0.641372643789	0.630739487675	0.538907684872	0.585306911551	0.58095698405	0.578057032383	0.548090865152	0.573707104882	0.55099081682	0.554374093765	0.559207346544	0.483325277912	0.523441275979	0.522474625423	0.504108264862	0.564523924601	0.568873852102	0.566940550991	0.547124214596	0.54857419043	0.546157564041
AG3	0.568390526825	0.46979217013	0.962783953601	0.48380860319	0.608989850169	0.521024649589	0.626872885452	0.498308361527	0.508458192363	0.57177380377	0.53939101015	0.56259062349	0.0	0.841469308845	0.512324794587	0.524407926535	0.504108264862	0.50700821653	0.926051232479	0.748670855486	0.667955534074	0.581923634606	0.570807153214	0.603673272112	0.882068632189	0.633639439343	0.535524407927	0.565490575157	0.599806669889	0.615273078782	0.632189463509	0.561140647656	0.524407926535	0.514741420976	0.669405509908	0.606089898502	0.535524407927	0.534074432093	0.520541324311	0.58337361044	0.497825036249	0.674722087965	0.648622522958	0.532141130981	0.581440309328	0.558240695988	0.62493958434	0.599323344611	0.630739487675	0.612856452392	0.591106814886	0.616723054616	0.545674238763	0.531657805703	0.540357660706	0.518124697922	0.531174480425	0.633639439343	0.552440792653	0.603673272112	0.502658289029	0.59255679072
AG4	0.848719188014	0.85645239246	0.346060898985	0.560657322378	0.830836152731	0.865152247463	0.867568873852	0.857419043016	0.849685838569	0.861768970517	0.886418559691	0.84485258579	0.841469308845	0.0	0.871918801353	0.848235862736	0.893668438859	0.887868535524	0.720154664089	0.6805219913	0.810053165781	0.825036249396	0.878202029966	0.869502174964	0.828419526341	0.823102948284	0.861768970517	0.848719188014	0.765103914935	0.743837602707	0.87723537941	0.875302078299	0.873368777187	0.876268728855	0.895601739971	0.883035282745	0.889318511358	0.853069115515	0.886901884969	0.882551957467	0.878202029966	0.841952634123	0.840019333011	0.862735621073	0.897051715805	0.892218463026	0.885935234413	0.886418559691	0.88883518608	0.884001933301	0.889318511358	0.882068632189	0.888351860802	0.884001933301	0.890768487192	0.887868535524	0.884968583857	0.884968583857	0.882068632189	0.889801836636	0.88883518608	0.892218463026
AH3	0.637506041566	0.3610439826	0.961333977767	0.606089898502	0.596423392943	0.555824069599	0.565007249879	0.528757854036	0.546640889319	0.511358144031	0.589656839053	0.554374093765	0.512324794587	0.871918801353	0.0	0.516674722088	0.584340260996	0.588206863219	0.930401159981	0.757370710488	0.706621556307	0.62493958434	0.610439826003	0.637989366844	0.902368293862	0.678588690188	0.619623006283	0.621556307395	0.648622522958	0.668438859352	0.686321894635	0.626872885452	0.541324311261	0.563557274045	0.711938134364	0.633156114065	0.611406476559	0.525857902368	0.58337361044	0.544224262929	0.528757854036	0.59255679072	0.575157080715	0.528757854036	0.63653939101	0.618173030449	0.700338327695	0.649589173514	0.667955534074	0.646205896568	0.644272595457	0.675205413243	0.599323344611	0.593040115998	0.593523441276	0.573707104882	0.550507491542	0.68293861769	0.558724021266	0.634606089899	0.586756887385	0.629772837119
AH4	0.321894635089	0.385210246496	0.939101014983	0.583856935718	0.603189946834	0.533107781537	0.639922667956	0.515224746254	0.523441275979	0.572257129048	0.570807153214	0.547607539874	0.524407926535	0.848235862736	0.516674722088	0.0	0.550507491542	0.537941034316	0.871435476075	0.700338327695	0.6389560174	0.567423876269	0.579023682939	0.587723537941	0.848719188014	0.612373127115	0.559207346544	0.548090865152	0.584823586274	0.595456742388	0.60657322378	0.570807153214	0.544707588207	0.544707588207	0.698405026583	0.622039632673	0.57177380377	0.574673755437	0.540357660706	0.56935717738	0.524407926535	0.675205413243	0.651522474625	0.573223779604	0.598840019333	0.582406959884	0.650072498792	0.624456259062	0.660222329628	0.619623006283	0.608506524891	0.630739487675	0.55775737071	0.529241179314	0.543257612373	0.508458192363	0.51377477042	0.641855969067	0.511358144031	0.607539874335	0.540840985984	0.604639922668
AA7	0.577090381827	0.521507974867	0.971000483325	0.625906234896	0.624456259062	0.497341710971	0.675688738521	0.452392460126	0.454809086515	0.597390043499	0.43740937651	0.567423876269	0.504108264862	0.893668438859	0.584340260996	0.550507491542	0.0	0.282261962301	0.925084581924	0.757370710488	0.608506524891	0.520057999033	0.471725471242	0.49540840986	0.876268728855	0.593040115998	0.442725954567	0.473658772354	0.545190913485	0.601256645723	0.515708071532	0.432092798453	0.448525857902	0.493475108748	0.706621556307	0.64572257129	0.462058965684	0.561623972934	0.491058482359	0.611889801837	0.532141130981	0.722571290478	0.708071532141	0.563073948768	0.548090865152	0.530691155147	0.651039149348	0.622522957951	0.661672305462	0.630739487675	0.594006766554	0.629289511841	0.54857419043	0.526341227646	0.533591106815	0.520541324311	0.535524407927	0.643789270179	0.550507491542	0.626872885452	0.503624939584	0.601256645723
AA8	0.544707588207	0.524407926535	0.966167230546	0.631706138231	0.617689705172	0.482358627356	0.674722087965	0.4398260029	0.434992750121	0.594006766554	0.425809569841	0.559207346544	0.50700821653	0.887868535524	0.588206863219	0.537941034316	0.282261962301	0.0	0.914934751087	0.747220879652	0.580473658772	0.48622522958	0.44224262929	0.469308844853	0.859352344128	0.580473658772	0.426776220396	0.447559207347	0.529724504592	0.587723537941	0.462058965684	0.363943934268	0.432092798453	0.485258579024	0.714354760754	0.648622522958	0.447559207347	0.565973900435	0.487675205413	0.61333977767	0.533591106815	0.724987916868	0.705654905752	0.563073948768	0.540840985984	0.519091348478	0.65055582407	0.622039632673	0.678588690188	0.638472692122	0.597390043499	0.629772837119	0.547124214596	0.528274528758	0.526341227646	0.514258095698	0.536007733204	0.639439342678	0.539874335428	0.630256162397	0.504108264862	0.603189946834
AB7	0.865152247463	0.884485258579	0.750604156597	0.725954567424	0.86563557274	0.926051232479	0.934751087482	0.929917834703	0.921701304978	0.934267762204	0.95601739971	0.875785403577	0.926051232479	0.720154664089	0.930401159981	0.871435476075	0.925084581924	0.914934751087	0.0	0.399226679555	0.816819719671	0.845819236346	0.936201063316	0.916868052199	0.734171097148	0.826969550507	0.89125181247	0.869018849686	0.742387626873	0.679555340744	0.878685355244	0.900918318028	0.92363460609	0.931367810536	0.936684388594	0.930401159981	0.941034316095	0.920251329145	0.947317544708	0.92363460609	0.934751087482	0.869985500242	0.880135331078	0.907201546641	0.957950700822	0.954567423876	0.923151280812	0.918318028033	0.928951184147	0.927501208313	0.924601256646	0.91445142581	0.911068148864	0.917351377477	0.913968100532	0.906234896085	0.917351377477	0.90961817303	0.915901401643	0.938134364427	0.948767520541	0.921701304978
AB8	0.701788303528	0.714838086032	0.757370710488	0.565973900435	0.743837602707	0.749154180764	0.763653939101	0.750604156597	0.744320927985	0.75688738521	0.776703721605	0.717738037699	0.748670855486	0.6805219913	0.757370710488	0.700338327695	0.757370710488	0.747220879652	0.399226679555	0.0	0.652489125181	0.668438859352	0.751570807153	0.735137747704	0.734171097148	0.65055582407	0.713388110198	0.686805219913	0.531657805703	0.496375060416	0.722571290478	0.730787820203	0.753020782987	0.756404059932	0.81246979217	0.762203963267	0.762687288545	0.740454325761	0.764137264379	0.746737554374	0.751087481875	0.705171580474	0.718221362977	0.730787820203	0.781536974384	0.777187046883	0.807636539391	0.772837119381	0.796036732721	0.769453842436	0.762687288545	0.778637022716	0.748187530208	0.749154180764	0.750604156597	0.744320927985	0.747220879652	0.774287095215	0.742870952151	0.768003866602	0.767037216046	0.754954084099
AC7	0.622522957951	0.662155630739	0.890768487192	0.659255679072	0.740454325761	0.599806669889	0.712421459642	0.582890285162	0.561623972934	0.666022232963	0.601256645723	0.695021749638	0.667955534074	0.810053165781	0.706621556307	0.6389560174	0.608506524891	0.580473658772	0.816819719671	0.652489125181	0.0	0.371677138714	0.582890285162	0.576607056549	0.822136297728	0.588206863219	0.561140647656	0.516674722088	0.483325277912	0.497341710971	0.577090381827	0.55775737071	0.570807153214	0.597390043499	0.819236346061	0.745770903818	0.623972933784	0.645239246013	0.612373127115	0.724021266312	0.665538907685	0.713388110198	0.713871435476	0.63653939101	0.642822619623	0.625906234896	0.814403093282	0.78250362494	0.809086515225	0.790236829386	0.750120831319	0.791203479942	0.707104881585	0.678105364911	0.683421942968	0.678105364911	0.686321894635	0.805703238279	0.680038666022	0.769453842436	0.627839536008	0.758820686322
AC8	0.563073948768	0.567423876269	0.906234896085	0.619139681005	0.679072015466	0.532624456259	0.684388593523	0.505074915418	0.479458675689	0.597390043499	0.543257612373	0.631222812953	0.581923634606	0.825036249396	0.62493958434	0.567423876269	0.520057999033	0.48622522958	0.845819236346	0.668438859352	0.371677138714	0.0	0.484291928468	0.496375060416	0.837119381344	0.552924117931	0.412759787337	0.369743837603	0.449975833736	0.485741904302	0.533591106815	0.491058482359	0.478492025133	0.506524891252	0.743354277429	0.669405509908	0.540357660706	0.577090381827	0.536491058482	0.645239246013	0.586273562107	0.671822136298	0.65973900435	0.571290478492	0.568390526825	0.545190913485	0.738037699372	0.699855002417	0.737071048816	0.716288061866	0.66892218463	0.707588206863	0.631222812953	0.595940067666	0.599806669889	0.595940067666	0.602706621556	0.72450459159	0.599806669889	0.702271628806	0.556307394877	0.677138714355
AD7	0.585790236829	0.568873852102	0.9584340261	0.653939101015	0.715804736588	0.520541324311	0.687771870469	0.486708554857	0.471725471242	0.598840019333	0.441759304012	0.652005799903	0.570807153214	0.878202029966	0.610439826003	0.579023682939	0.471725471242	0.44224262929	0.936201063316	0.751570807153	0.582890285162	0.484291928468	0.0	0.305944900918	0.898018366361	0.533107781537	0.404543257612	0.4398260029	0.510391493475	0.56935717738	0.503624939584	0.466408893185	0.46979217013	0.519574673755	0.748670855486	0.67133881102	0.486708554857	0.585306911551	0.541324311261	0.640405993233	0.58095698405	0.722087965201	0.702754954084	0.581923634606	0.563557274045	0.552924117931	0.733204446593	0.689221846303	0.735137747704	0.709038182697	0.662155630739	0.700338327695	0.629772837119	0.600289995167	0.596423392943	0.597873368777	0.58095698405	0.714838086032	0.577573707105	0.690188496858	0.552440792653	0.665538907685
AD8	0.586756887385	0.59497341711	0.952634122765	0.648622522958	0.713388110198	0.519091348478	0.683905268246	0.505558240696	0.493958434026	0.598840019333	0.445142580957	0.649589173514	0.603673272112	0.869502174964	0.637989366844	0.587723537941	0.49540840986	0.469308844853	0.916868052199	0.735137747704	0.576607056549	0.496375060416	0.305944900918	0.0	0.861285645239	0.493475108748	0.418559690672	0.452392460126	0.492508458192	0.550507491542	0.508458192363	0.489125181247	0.484775253746	0.528274528758	0.751087481875	0.67133881102	0.496375060416	0.576607056549	0.545190913485	0.649589173514	0.601739971	0.71290478492	0.695505074915	0.567423876269	0.567423876269	0.563557274045	0.739487675205	0.698405026583	0.740937651039	0.713871435476	0.66892218463	0.704688255196	0.634122764621	0.608506524891	0.600773320445	0.60657322378	0.614789753504	0.720154664089	0.61333977767	0.691155147414	0.566940550991	0.673755437409
AE7	0.83325277912	0.871918801353	0.851135814403	0.795553407443	0.829386176897	0.898985016916	0.914934751087	0.900918318028	0.890285161914	0.906718221363	0.922184630256	0.838086031899	0.882068632189	0.828419526341	0.902368293862	0.848719188014	0.876268728855	0.859352344128	0.734171097148	0.734171097148	0.822136297728	0.837119381344	0.898018366361	0.861285645239	0.0	0.559207346544	0.876752054132	0.851135814403	0.777187046883	0.748187530208	0.837119381344	0.840985983567	0.901401643306	0.90043499275	0.926534557757	0.913968100532	0.913968100532	0.903334944418	0.916384726921	0.8796520058	0.901884968584	0.880618656356	0.877718704688	0.875302078299	0.935717738038	0.922184630256	0.889318511358	0.898501691638	0.90961817303	0.897051715805	0.903818269696	0.895118414693	0.885935234413	0.899468342194	0.901401643306	0.886901884969	0.901884968584	0.891735137748	0.898985016916	0.907684871919	0.913968100532	0.901884968584
AE8	0.594006766554	0.623972933784	0.903334944418	0.642822619623	0.688738521025	0.593523441276	0.678588690188	0.598840019333	0.590140164331	0.630256162397	0.620589656839	0.64813919768	0.633639439343	0.823102948284	0.678588690188	0.612373127115	0.593040115998	0.580473658772	0.826969550507	0.65055582407	0.588206863219	0.552924117931	0.533107781537	0.493475108748	0.559207346544	0.0	0.577090381827	0.555824069599	0.533107781537	0.524891251812	0.566457225713	0.559690671822	0.606089898502	0.599806669889	0.770420492992	0.701788303528	0.617689705172	0.61333977767	0.619623006283	0.651039149348	0.637022716288	0.701788303528	0.690188496858	0.603189946834	0.63653939101	0.632672788787	0.741420976317	0.71532141131	0.758337361044	0.716288061866	0.690188496858	0.72692121798	0.670372160464	0.644272595457	0.644272595457	0.645239246013	0.653455775737	0.724987916868	0.65732237796	0.706621556307	0.626389560174	0.69212179797
AF7	0.565973900435	0.538424359594	0.945384243596	0.647655872402	0.662155630739	0.502174963751	0.68293861769	0.437892701788	0.438859352344	0.590623489609	0.434992750121	0.602223296278	0.535524407927	0.861768970517	0.619623006283	0.559207346544	0.442725954567	0.426776220396	0.89125181247	0.713388110198	0.561140647656	0.412759787337	0.404543257612	0.418559690672	0.876752054132	0.577090381827	0.0	0.311261478975	0.488641855969	0.538907684872	0.49299178347	0.484775253746	0.42822619623	0.467858869019	0.693088448526	0.621072982117	0.446592556791	0.541324311261	0.490575157081	0.620106331561	0.532141130981	0.69453842436	0.682455292412	0.541807636539	0.52537457709	0.501691638473	0.666022232963	0.639922667956	0.691638472692	0.661672305462	0.61575640406	0.644755920735	0.574673755437	0.542290961817	0.540357660706	0.538424359594	0.561140647656	0.655389076849	0.565490575157	0.642339294345	0.497341710971	0.619139681005
AF8	0.547607539874	0.556307394877	0.929917834703	0.630256162397	0.684871918801	0.527307878202	0.683421942968	0.463992266796	0.459642339294	0.588690188497	0.49540840986	0.627839536008	0.565490575157	0.848719188014	0.621556307395	0.548090865152	0.473658772354	0.447559207347	0.869018849686	0.686805219913	0.516674722088	0.369743837603	0.4398260029	0.452392460126	0.851135814403	0.555824069599	0.311261478975	0.0	0.45142580957	0.505074915418	0.499758337361	0.464958917351	0.443692605123	0.502174963751	0.730304494925	0.65973900435	0.481875302078	0.555824069599	0.523924601257	0.61575640406	0.566457225713	0.677622039633	0.666988883519	0.552924117931	0.562107298212	0.534557757371	0.693088448526	0.671822136298	0.714354760754	0.690671822136	0.64572257129	0.672305461576	0.602223296278	0.573223779604	0.574190430159	0.570323827936	0.565973900435	0.688738521025	0.56935717738	0.675688738521	0.521991300145	0.651039149348
AG7	0.585306911551	0.603189946834	0.843885935234	0.546640889319	0.677622039633	0.544707588207	0.680038666022	0.502174963751	0.485741904302	0.585306911551	0.534557757371	0.629289511841	0.599806669889	0.765103914935	0.648622522958	0.584823586274	0.545190913485	0.529724504592	0.742387626873	0.531657805703	0.483325277912	0.449975833736	0.510391493475	0.492508458192	0.777187046883	0.533107781537	0.488641855969	0.45142580957	0.0	0.316094731754	0.543740937651	0.525857902368	0.508941517641	0.545190913485	0.748670855486	0.672305461576	0.538907684872	0.564040599323	0.558724021266	0.63653939101	0.589656839053	0.661188980184	0.653939101015	0.556307394877	0.586756887385	0.58337361044	0.734171097148	0.69453842436	0.731271145481	0.711938134364	0.666022232963	0.703238279362	0.633639439343	0.612856452392	0.612856452392	0.614789753504	0.627839536008	0.718704688255	0.633156114065	0.690188496858	0.581440309328	0.675688738521
AG8	0.578540357661	0.615273078782	0.835186080232	0.568390526825	0.690671822136	0.575640405993	0.67133881102	0.571290478492	0.561140647656	0.612856452392	0.601739971	0.644272595457	0.615273078782	0.743837602707	0.668438859352	0.595456742388	0.601256645723	0.587723537941	0.679555340744	0.496375060416	0.497341710971	0.485741904302	0.56935717738	0.550507491542	0.748187530208	0.524891251812	0.538907684872	0.505074915418	0.316094731754	0.0	0.567907201547	0.561623972934	0.574190430159	0.582890285162	0.770420492992	0.686805219913	0.583856935718	0.58337361044	0.59497341711	0.652005799903	0.61333977767	0.667472208797	0.665538907685	0.573707104882	0.61333977767	0.607539874335	0.753020782987	0.710971483809	0.749637506042	0.725471242146	0.692605123248	0.723054615756	0.646205896568	0.622039632673	0.623489608507	0.626389560174	0.63653939101	0.737554374094	0.647172547124	0.702754954084	0.598356694055	0.690671822136
AH7	0.585790236829	0.623006283229	0.952150797487	0.691155147414	0.706138231029	0.587240212663	0.709521507975	0.548090865152	0.553407443209	0.644755920735	0.529724504592	0.652489125181	0.632189463509	0.87723537941	0.686321894635	0.60657322378	0.515708071532	0.462058965684	0.878685355244	0.722571290478	0.577090381827	0.533591106815	0.503624939584	0.508458192363	0.837119381344	0.566457225713	0.49299178347	0.499758337361	0.543740937651	0.567907201547	0.0	0.332044465926	0.563073948768	0.603189946834	0.783470275495	0.722087965201	0.54857419043	0.651039149348	0.603673272112	0.663122281295	0.638472692122	0.760753987434	0.754954084099	0.6389560174	0.629772837119	0.626389560174	0.756404059932	0.731271145481	0.768003866602	0.733204446593	0.697438376027	0.73368777187	0.650072498792	0.631222812953	0.622039632673	0.626389560174	0.633639439343	0.742387626873	0.625906234896	0.719188013533	0.610923151281	0.710004833253
AH8	0.551474142098	0.577573707105	0.9584340261	0.659255679072	0.672788786854	0.541807636539	0.683421942968	0.49299178347	0.495891735138	0.617689705172	0.502174963751	0.615273078782	0.561140647656	0.875302078299	0.626872885452	0.570807153214	0.432092798453	0.363943934268	0.900918318028	0.730787820203	0.55775737071	0.491058482359	0.466408893185	0.489125181247	0.840985983567	0.559690671822	0.484775253746	0.464958917351	0.525857902368	0.561623972934	0.332044465926	0.0	0.494925084582	0.540357660706	0.764137264379	0.696955050749	0.518124697922	0.610439826003	0.547124214596	0.632672788787	0.584340260996	0.727887868536	0.722571290478	0.599323344611	0.592073465442	0.567907201547	0.705171580474	0.681005316578	0.724987916868	0.687771870469	0.650072498792	0.681005316578	0.600773320445	0.582406959884	0.580473658772	0.572740454326	0.575157080715	0.693571773804	0.565973900435	0.673755437409	0.553890768487	0.659255679072
AA5	0.575640405993	0.492025132914	0.95360077332	0.634606089899	0.618173030449	0.456742387627	0.619139681005	0.403093281779	0.398260029	0.537941034316	0.440309328178	0.557274045433	0.524407926535	0.873368777187	0.541324311261	0.544707588207	0.448525857902	0.432092798453	0.92363460609	0.753020782987	0.570807153214	0.478492025133	0.46979217013	0.484775253746	0.901401643306	0.606089898502	0.42822619623	0.443692605123	0.508941517641	0.574190430159	0.563073948768	0.494925084582	0.0	0.347994200097	0.684871918801	0.590140164331	0.455775737071	0.466408893185	0.46302561624	0.559207346544	0.470758820686	0.626872885452	0.608023199613	0.46979217013	0.526824552924	0.480425326245	0.690671822136	0.664088931851	0.681005316578	0.660705654906	0.643305944901	0.675688738521	0.558724021266	0.55775737071	0.563557274045	0.542290961817	0.536007733204	0.68970517158	0.553407443209	0.642822619623	0.507974867086	0.633156114065
AA6	0.581923634606	0.500724987917	0.9584340261	0.6389560174	0.626389560174	0.465925567907	0.635089415176	0.433059449009	0.443209279845	0.555824069599	0.491058482359	0.56935717738	0.514741420976	0.876268728855	0.563557274045	0.544707588207	0.493475108748	0.485258579024	0.931367810536	0.756404059932	0.597390043499	0.506524891252	0.519574673755	0.528274528758	0.90043499275	0.599806669889	0.467858869019	0.502174963751	0.545190913485	0.582890285162	0.603189946834	0.540357660706	0.347994200097	0.0	0.678105364911	0.577573707105	0.491058482359	0.485741904302	0.466892218463	0.576123731271	0.491058482359	0.65055582407	0.628322861286	0.497341710971	0.455775737071	0.426776220396	0.677622039633	0.652972450459	0.675205413243	0.648622522958	0.631706138231	0.663605606573	0.552924117931	0.546157564041	0.552440792653	0.534557757371	0.544707588207	0.676172063799	0.555824069599	0.625422909618	0.506041565974	0.628322861286
AB5	0.740937651039	0.658289028516	0.973417109715	0.71532141131	0.621556307395	0.639439342678	0.746737554374	0.653939101015	0.674238762687	0.700338327695	0.669888835186	0.623489608507	0.669405509908	0.895601739971	0.711938134364	0.698405026583	0.706621556307	0.714354760754	0.936684388594	0.81246979217	0.819236346061	0.743354277429	0.748670855486	0.751087481875	0.926534557757	0.770420492992	0.693088448526	0.730304494925	0.748670855486	0.770420492992	0.783470275495	0.764137264379	0.684871918801	0.678105364911	0.0	0.316094731754	0.619139681005	0.667955534074	0.629289511841	0.637506041566	0.620589656839	0.738037699372	0.72450459159	0.64813919768	0.623972933784	0.618173030449	0.611406476559	0.608989850169	0.628322861286	0.597390043499	0.614789753504	0.60657322378	0.589173513775	0.584340260996	0.614306428226	0.622039632673	0.663122281295	0.605606573224	0.655389076849	0.601256645723	0.662638956017	0.609473175447
AB6	0.675205413243	0.587723537941	0.963750604157	0.65732237796	0.583856935718	0.551957467376	0.670372160464	0.575157080715	0.591590140164	0.618173030449	0.602223296278	0.551474142098	0.606089898502	0.883035282745	0.633156114065	0.622039632673	0.64572257129	0.648622522958	0.930401159981	0.762203963267	0.745770903818	0.669405509908	0.67133881102	0.67133881102	0.913968100532	0.701788303528	0.621072982117	0.65973900435	0.672305461576	0.686805219913	0.722087965201	0.696955050749	0.590140164331	0.577573707105	0.316094731754	0.0	0.5601739971	0.579023682939	0.552924117931	0.558240695988	0.536491058482	0.666988883519	0.648622522958	0.551957467376	0.542774287095	0.543257612373	0.589173513775	0.565973900435	0.593040115998	0.552440792653	0.545674238763	0.573707104882	0.507491541808	0.536007733204	0.5601739971	0.560657322378	0.587723537941	0.575640405993	0.582890285162	0.534557757371	0.601256645723	0.537941034316
AC5	0.586756887385	0.558240695988	0.972933784437	0.647655872402	0.614306428226	0.46302561624	0.662638956017	0.435959400677	0.444175930401	0.577573707105	0.406959884002	0.563073948768	0.535524407927	0.889318511358	0.611406476559	0.57177380377	0.462058965684	0.447559207347	0.941034316095	0.762687288545	0.623972933784	0.540357660706	0.486708554857	0.496375060416	0.913968100532	0.617689705172	0.446592556791	0.481875302078	0.538907684872	0.583856935718	0.54857419043	0.518124697922	0.455775737071	0.491058482359	0.619139681005	0.5601739971	0.0	0.461575640406	0.429676172064	0.582890285162	0.508458192363	0.709521507975	0.68293861769	0.536007733204	0.470275495408	0.46060898985	0.595940067666	0.58337361044	0.619623006283	0.581923634606	0.55775737071	0.590623489609	0.517641372644	0.476558724021	0.480908651522	0.494441759304	0.558240695988	0.605606573224	0.558240695988	0.567907201547	0.494925084582	0.55775737071
AC6	0.619623006283	0.509908168197	0.944900918318	0.622039632673	0.581923634606	0.503624939584	0.52537457709	0.487675205413	0.511841469309	0.477525374577	0.544707588207	0.54857419043	0.534074432093	0.853069115515	0.525857902368	0.574673755437	0.561623972934	0.565973900435	0.920251329145	0.740454325761	0.645239246013	0.577090381827	0.585306911551	0.576607056549	0.903334944418	0.61333977767	0.541324311261	0.555824069599	0.564040599323	0.58337361044	0.651039149348	0.610439826003	0.466408893185	0.485741904302	0.667955534074	0.579023682939	0.461575640406	0.0	0.510874818753	0.524407926535	0.487675205413	0.475592073465	0.445625906235	0.401643305945	0.552924117931	0.543740937651	0.669888835186	0.643305944901	0.667472208797	0.640405993233	0.626389560174	0.658772353794	0.582406959884	0.565490575157	0.570323827936	0.565973900435	0.55099081682	0.672305461576	0.566940550991	0.62493958434	0.542290961817	0.625422909618
AD6	0.581923634606	0.52779120348	0.971483808603	0.623972933784	0.58095698405	0.422426292895	0.620106331561	0.422909618173	0.438376027066	0.537457709038	0.437892701788	0.521024649589	0.520541324311	0.886901884969	0.58337361044	0.540357660706	0.491058482359	0.487675205413	0.947317544708	0.764137264379	0.612373127115	0.536491058482	0.541324311261	0.545190913485	0.916384726921	0.619623006283	0.490575157081	0.523924601257	0.558724021266	0.59497341711	0.603673272112	0.547124214596	0.46302561624	0.466892218463	0.629289511841	0.552924117931	0.429676172064	0.510874818753	0.0	0.551957467376	0.41904301595	0.690188496858	0.674238762687	0.522474625423	0.466408893185	0.449492508458	0.593523441276	0.570323827936	0.597390043499	0.563557274045	0.552440792653	0.582890285162	0.485741904302	0.47220879652	0.474142097632	0.462542290962	0.541324311261	0.598356694055	0.542774287095	0.562107298212	0.462058965684	0.547124214596
AE5	0.619623006283	0.533591106815	0.970517158047	0.631222812953	0.572740454326	0.551957467376	0.579023682939	0.561140647656	0.599806669889	0.532141130981	0.619139681005	0.534074432093	0.58337361044	0.882551957467	0.544224262929	0.56935717738	0.611889801837	0.61333977767	0.92363460609	0.746737554374	0.724021266312	0.645239246013	0.640405993233	0.649589173514	0.8796520058	0.651039149348	0.620106331561	0.61575640406	0.63653939101	0.652005799903	0.663122281295	0.632672788787	0.559207346544	0.576123731271	0.637506041566	0.558240695988	0.582890285162	0.524407926535	0.551957467376	0.0	0.37264378927	0.600773320445	0.582890285162	0.50700821653	0.618656355727	0.614789753504	0.644755920735	0.632672788787	0.634122764621	0.615273078782	0.61333977767	0.643305944901	0.532624456259	0.558724021266	0.587240212663	0.557274045433	0.546640889319	0.652005799903	0.555824069599	0.613823102948	0.569840502658	0.619139681005
AE6	0.583856935718	0.478008699855	0.969067182214	0.614789753504	0.553407443209	0.471725471242	0.56259062349	0.461092315128	0.502658289029	0.499758337361	0.532624456259	0.514258095698	0.497825036249	0.878202029966	0.528757854036	0.524407926535	0.532141130981	0.533591106815	0.934751087482	0.751087481875	0.665538907685	0.586273562107	0.58095698405	0.601739971	0.901884968584	0.637022716288	0.532141130981	0.566457225713	0.589656839053	0.61333977767	0.638472692122	0.584340260996	0.470758820686	0.491058482359	0.620589656839	0.536491058482	0.508458192363	0.487675205413	0.41904301595	0.37264378927	0.0	0.634606089899	0.613823102948	0.470275495408	0.546640889319	0.52779120348	0.622039632673	0.598840019333	0.615273078782	0.590140164331	0.584823586274	0.613823102948	0.512324794587	0.490091831803	0.508458192363	0.48622522958	0.501691638473	0.631222812953	0.5186080232	0.582406959884	0.496375060416	0.584340260996
AF5	0.711938134364	0.625906234896	0.928951184147	0.65973900435	0.660705654906	0.675688738521	0.550507491542	0.65732237796	0.681488641856	0.589173513775	0.716288061866	0.641372643789	0.674722087965	0.841952634123	0.59255679072	0.675205413243	0.722571290478	0.724987916868	0.869985500242	0.705171580474	0.713388110198	0.671822136298	0.722087965201	0.71290478492	0.880618656356	0.701788303528	0.69453842436	0.677622039633	0.661188980184	0.667472208797	0.760753987434	0.727887868536	0.626872885452	0.65055582407	0.738037699372	0.666988883519	0.709521507975	0.475592073465	0.690188496858	0.600773320445	0.634606089899	0.0	0.278395360077	0.531174480425	0.720637989367	0.716771387144	0.759787336878	0.73610439826	0.752054132431	0.716288061866	0.730304494925	0.746737554374	0.686321894635	0.711938134364	0.725954567424	0.705654905752	0.669888835186	0.745770903818	0.671822136298	0.699855002417	0.704204929918	0.718221362977
AF6	0.69212179797	0.602706621556	0.930884485259	0.652489125181	0.649105848236	0.657805703238	0.534557757371	0.637506041566	0.663605606573	0.570323827936	0.700338327695	0.630739487675	0.648622522958	0.840019333011	0.575157080715	0.651522474625	0.708071532141	0.705654905752	0.880135331078	0.718221362977	0.713871435476	0.65973900435	0.702754954084	0.695505074915	0.877718704688	0.690188496858	0.682455292412	0.666988883519	0.653939101015	0.665538907685	0.754954084099	0.722571290478	0.608023199613	0.628322861286	0.72450459159	0.648622522958	0.68293861769	0.445625906235	0.674238762687	0.582890285162	0.613823102948	0.278395360077	0.0	0.514258095698	0.705171580474	0.698405026583	0.753020782987	0.729337844369	0.745770903818	0.705171580474	0.712421459642	0.739971000483	0.672788786854	0.69453842436	0.701788303528	0.685355244079	0.65055582407	0.739971000483	0.65055582407	0.69212179797	0.695021749638	0.70372160464
