	AA3	AA4	AB3	AB4	AC3	AC4	AD3	AD4	AE3	AE4	AF3	AF4	AG3	AG4	AH3	AH4	AA7	AA8	AB7	AB8	AC7	AC8	AD7	AD8	AE7	AE8	AF7	AF8	AG7	AG8	AH7	AH8	AA5	AA6	AB5	AB6	AC5	AC6	AD6	AE5	AE6	AF5	AF6	AG5	AH5	AH6	AA1	AA2	AB1	AB2	AC1	AC2	AD1	AD2	AE1	AE2	AF1	AF2	AG1	AG2	AH1	AH2
AA3	0.0	0.490091831803	0.934267762204	0.631706138231	0.660222329628	0.58095698405	0.681005316578	0.590140164331	0.575157080715	0.612856452392	0.618656355727	0.605123247946	0.58337361044	0.850169163847	0.652489125181	0.315611406477	0.563557274045	0.572257129048	0.86805219913	0.70130497825	0.626872885452	0.587723537941	0.613823102948	0.587240212663	0.836636056066	0.59255679072	0.570323827936	0.559207346544	0.588690188497	0.580473658772	0.590623489609	0.579990333494	0.594006766554	0.603673272112	0.749154180764	0.69453842436	0.60657322378	0.625906234896	0.597873368777	0.653455775737	0.608506524891	0.710971483809	0.692605123248	0.622522957951	0.622039632673	0.628322861286	0.681488641856	0.647172547124	0.720154664089	0.666505558241	0.630739487675	0.65732237796	0.567907201547	0.54857419043	0.573223779604	0.579990333494	0.577573707105	0.663605606573	0.577090381827	0.642339294345	0.586273562107	0.651039149348
AA4	0.490091831803	0.0	0.942000966651	0.564040599323	0.561623972934	0.48380860319	0.601739971	0.467375543741	0.503141614306	0.514741420976	0.558724021266	0.500724987917	0.468342194297	0.854519091348	0.377477042049	0.372160463992	0.531657805703	0.537457709038	0.889318511358	0.710971483809	0.661188980184	0.584823586274	0.602706621556	0.584823586274	0.873852102465	0.62735621073	0.555340744321	0.55775737071	0.594006766554	0.617206379894	0.629289511841	0.589656839053	0.513291445143	0.529241179314	0.660222329628	0.602223296278	0.568390526825	0.509424842919	0.535524407927	0.532141130981	0.493958434026	0.625906234896	0.589173513775	0.53020782987	0.579023682939	0.566457225713	0.64572257129	0.577573707105	0.622039632673	0.594006766554	0.584823586274	0.61575640406	0.523924601257	0.519574673755	0.522957950701	0.512324794587	0.499758337361	0.612856452392	0.503141614306	0.57177380377	0.535524407927	0.569840502658
AB3	0.934267762204	0.942000966651	0.0	0.675205413243	0.918318028033	0.945867568874	0.953117448043	0.939101014983	0.926534557757	0.937651039149	0.968100531658	0.928467858869	0.960850652489	0.352344127598	0.957467375544	0.933301111648	0.965683905268	0.96520057999	0.72692121798	0.753504108265	0.881101981634	0.906718221363	0.95360077332	0.948284195263	0.847752537458	0.885935234413	0.937167713871	0.926051232479	0.840019333011	0.834219429676	0.947317544708	0.950217496375	0.951667472209	0.957950700822	0.967133881102	0.962783953601	0.96761720638	0.943450942484	0.966650555824	0.968583856936	0.96761720638	0.932334461092	0.924117931368	0.947317544708	0.969067182214	0.966167230546	0.969550507492	0.966650555824	0.96520057999	0.966650555824	0.970033832769	0.964717254712	0.970517158047	0.969550507492	0.974867085549	0.971000483325	0.966167230546	0.96520057999	0.966650555824	0.96761720638	0.969067182214	0.966650555824
AB4	0.631706138231	0.564040599323	0.675205413243	0.0	0.633639439343	0.599323344611	0.696955050749	0.603673272112	0.600773320445	0.599806669889	0.641372643789	0.596423392943	0.471242145964	0.561623972934	0.595456742388	0.58337361044	0.617689705172	0.62735621073	0.721121314645	0.564040599323	0.653939101015	0.617689705172	0.666505558241	0.632189463509	0.791203479942	0.629772837119	0.63653939101	0.626389560174	0.542774287095	0.574673755437	0.682455292412	0.640889318511	0.631706138231	0.646205896568	0.723537941034	0.667472208797	0.644755920735	0.627839536008	0.618173030449	0.632189463509	0.621556307395	0.666505558241	0.643789270179	0.633156114065	0.679555340744	0.667955534074	0.695988400193	0.653939101015	0.695505074915	0.666022232963	0.665055582407	0.666022232963	0.625422909618	0.626389560174	0.642339294345	0.618656355727	0.633156114065	0.667472208797	0.631706138231	0.650072498792	0.643789270179	0.655389076849
AC3	0.660222329628	0.561623972934	0.918318028033	0.633639439343	0.0	0.469308844853	0.658772353794	0.535524407927	0.559207346544	0.584340260996	0.617689705172	0.319961333978	0.596906718221	0.83566940551	0.59497341711	0.594490091832	0.61333977767	0.593523441276	0.869985500242	0.749154180764	0.731754470759	0.676172063799	0.742387626873	0.701788303528	0.834219429676	0.699371677139	0.637989366844	0.676172063799	0.664088931851	0.691638472692	0.70372160464	0.66892218463	0.598840019333	0.623972933784	0.618656355727	0.586273562107	0.60415659739	0.599323344611	0.573707104882	0.56935717738	0.553890768487	0.673755437409	0.661672305462	0.576607056549	0.632189463509	0.617206379894	0.58337361044	0.575157080715	0.582406959884	0.567423876269	0.579990333494	0.563557274045	0.520057999033	0.551957467376	0.565490575157	0.56259062349	0.610923151281	0.563557274045	0.609473175447	0.57177380377	0.624456259062	0.572740454326
AC4	0.58095698405	0.48380860319	0.945867568874	0.599323344611	0.469308844853	0.0	0.619139681005	0.402609956501	0.399226679555	0.503624939584	0.347510874819	0.383276945384	0.503141614306	0.85645239246	0.554857419043	0.51619139681	0.478975350411	0.454325761237	0.915901401643	0.738037699372	0.59255679072	0.540357660706	0.550024166264	0.515224746254	0.886418559691	0.57177380377	0.480425326245	0.514741420976	0.531174480425	0.558240695988	0.57177380377	0.534074432093	0.443209279845	0.467375543741	0.634122764621	0.566457225713	0.462542290962	0.507491541808	0.424842919285	0.551957467376	0.480908651522	0.674722087965	0.642339294345	0.514258095698	0.511358144031	0.480908651522	0.631706138231	0.573707104882	0.59497341711	0.575640405993	0.572257129048	0.593523441276	0.473658772354	0.485741904302	0.507974867086	0.501691638473	0.528274528758	0.591106814886	0.538907684872	0.55775737071	0.474142097632	0.558724021266
AD3	0.681005316578	0.601739971	0.953117448043	0.696955050749	0.658772353794	0.619139681005	0.0	0.535041082649	0.639922667956	0.350410826486	0.68293861769	0.607056549058	0.644272595457	0.869502174964	0.579023682939	0.638472692122	0.685355244079	0.681488641856	0.941034316095	0.763653939101	0.716771387144	0.696955050749	0.707104881585	0.693571773804	0.9212179797	0.68970517158	0.699371677139	0.700338327695	0.698888351861	0.693088448526	0.720637989367	0.690188496858	0.637989366844	0.661672305462	0.74770420493	0.679555340744	0.676172063799	0.536007733204	0.631222812953	0.595940067666	0.576607056549	0.566940550991	0.532624456259	0.548090865152	0.699371677139	0.686805219913	0.771870468826	0.71532141131	0.739971000483	0.71532141131	0.709038182697	0.738037699372	0.655389076849	0.666022232963	0.672305461576	0.669888835186	0.641855969067	0.733204446593	0.651039149348	0.711938134364	0.686321894635	0.708071532141
AD4	0.590140164331	0.467375543741	0.939101014983	0.603673272112	0.535524407927	0.402609956501	0.535041082649	0.0	0.314161430643	0.401159980667	0.4398260029	0.467858869019	0.494441759304	0.854035766071	0.512324794587	0.518124697922	0.450459159014	0.431609473175	0.935717738038	0.754470758821	0.594006766554	0.501691638473	0.523441275979	0.502658289029	0.903818269696	0.59497341711	0.44900918318	0.468825519575	0.508941517641	0.5601739971	0.561623972934	0.511358144031	0.381343644273	0.434509424843	0.648622522958	0.578057032383	0.455292411793	0.478008699855	0.422426292895	0.558240695988	0.46979217013	0.639922667956	0.607539874335	0.482841952634	0.50459159014	0.462058965684	0.652489125181	0.584340260996	0.625422909618	0.60657322378	0.593523441276	0.617689705172	0.498791686805	0.489125181247	0.509908168197	0.505558240696	0.510391493475	0.621556307395	0.531174480425	0.594006766554	0.502658289029	0.585790236829
AE3	0.575157080715	0.503141614306	0.926534557757	0.600773320445	0.559207346544	0.399226679555	0.639922667956	0.314161430643	0.0	0.497825036249	0.413726437893	0.487675205413	0.502658289029	0.846302561624	0.556790720155	0.519091348478	0.446109231513	0.422426292895	0.915418076365	0.73852102465	0.560657322378	0.48622522958	0.488641855969	0.47462542291	0.881101981634	0.574190430159	0.431126147898	0.450942484292	0.48380860319	0.534557757371	0.53020782987	0.490091831803	0.393910101498	0.458192363461	0.662638956017	0.602223296278	0.43740937651	0.523441275979	0.433542774287	0.601739971	0.525857902368	0.68293861769	0.652005799903	0.519574673755	0.503141614306	0.463992266796	0.666022232963	0.60415659739	0.643789270179	0.61575640406	0.603189946834	0.63653939101	0.514741420976	0.508458192363	0.53020782987	0.526341227646	0.537941034316	0.634122764621	0.549057515708	0.600289995167	0.493475108748	0.59497341711
AE4	0.612856452392	0.514741420976	0.937651039149	0.599806669889	0.584340260996	0.503624939584	0.350410826486	0.401159980667	0.497825036249	0.0	0.574673755437	0.523924601257	0.559207346544	0.850169163847	0.531174480425	0.547607539874	0.574190430159	0.571290478492	0.928951184147	0.747220879652	0.641372643789	0.582890285162	0.608506524891	0.573707104882	0.904784920251	0.619623006283	0.579023682939	0.582890285162	0.576607056549	0.591590140164	0.629289511841	0.590140164331	0.53020782987	0.550507491542	0.70130497825	0.628806186564	0.571290478492	0.454325761237	0.524407926535	0.535041082649	0.499758337361	0.565973900435	0.53697438376	0.490575157081	0.597873368777	0.587240212663	0.707588206863	0.64813919768	0.686805219913	0.662155630739	0.652972450459	0.672305461576	0.58095698405	0.575157080715	0.584340260996	0.587723537941	0.566940550991	0.679072015466	0.572257129048	0.657805703238	0.580473658772	0.648622522958
AF3	0.618656355727	0.558724021266	0.968100531658	0.641372643789	0.617689705172	0.347510874819	0.68293861769	0.4398260029	0.413726437893	0.574673755437	0.0	0.525857902368	0.546640889319	0.881585306912	0.609473175447	0.578540357661	0.441275978734	0.445142580957	0.953117448043	0.773320444659	0.605123247946	0.544224262929	0.452392460126	0.438376027066	0.919768003867	0.607539874335	0.431609473175	0.510874818753	0.535041082649	0.590140164331	0.535524407927	0.520057999033	0.435959400677	0.507974867086	0.674238762687	0.621072982117	0.429192846786	0.55775737071	0.452392460126	0.631222812953	0.555340744321	0.727404543258	0.690671822136	0.560657322378	0.519574673755	0.480425326245	0.671822136298	0.608506524891	0.662155630739	0.617206379894	0.604639922668	0.634122764621	0.534557757371	0.515224746254	0.532141130981	0.541807636539	0.582406959884	0.635089415176	0.588206863219	0.598356694055	0.501691638473	0.593523441276
AF4	0.605123247946	0.500724987917	0.928467858869	0.596423392943	0.319961333978	0.383276945384	0.607056549058	0.467858869019	0.487675205413	0.523924601257	0.525857902368	0.0	0.540357660706	0.840019333011	0.547607539874	0.536007733204	0.560657322378	0.535524407927	0.887385210246	0.715804736588	0.681005316578	0.620589656839	0.674238762687	0.628806186564	0.848235862736	0.632189463509	0.576607056549	0.612856452392	0.609956500725	0.635089415176	0.65055582407	0.61333977767	0.532624456259	0.562107298212	0.612856452392	0.540840985984	0.550507491542	0.529241179314	0.503141614306	0.508458192363	0.508941517641	0.625422909618	0.605606573224	0.508458192363	0.572257129048	0.562107298212	0.596423392943	0.534074432093	0.575640405993	0.542774287095	0.54857419043	0.563073948768	0.485741904302	0.503624939584	0.525857902368	0.509424842919	0.555340744321	0.552924117931	0.556790720155	0.529241179314	0.554857419043	0.527307878202
AG3	0.58337361044	0.468342194297	0.960850652489	0.471242145964	0.596906718221	0.503141614306	0.644272595457	0.494441759304	0.502658289029	0.559207346544	0.546640889319	0.540357660706	0.0	0.843885935234	0.507974867086	0.519091348478	0.50459159014	0.487675205413	0.93281778637	0.750120831319	0.672788786854	0.60657322378	0.607539874335	0.588690188497	0.886901884969	0.642339294345	0.547607539874	0.565007249879	0.598356694055	0.624456259062	0.637022716288	0.577090381827	0.517158047366	0.51619139681	0.663122281295	0.608989850169	0.542290961817	0.54857419043	0.510874818753	0.573707104882	0.514741420976	0.674238762687	0.639922667956	0.541324311261	0.570323827936	0.565490575157	0.629772837119	0.573223779604	0.621556307395	0.600773320445	0.576607056549	0.591590140164	0.509424842919	0.517158047366	0.534074432093	0.510874818753	0.52779120348	0.606089898502	0.543740937651	0.58095698405	0.526341227646	0.567907201547
AG4	0.850169163847	0.854519091348	0.352344127598	0.561623972934	0.83566940551	0.85645239246	0.869502174964	0.854035766071	0.846302561624	0.850169163847	0.881585306912	0.840019333011	0.843885935234	0.0	0.870952150797	0.847752537458	0.884485258579	0.884001933301	0.697438376027	0.677138714355	0.808119864669	0.830352827453	0.875785403577	0.869985500242	0.823586273562	0.808119864669	0.859352344128	0.849685838569	0.767520541324	0.746254229096	0.875302078299	0.866602223296	0.869018849686	0.875785403577	0.892218463026	0.886901884969	0.88883518608	0.858385693572	0.884485258579	0.883035282745	0.8796520058	0.849685838569	0.840502658289	0.863218946351	0.893185113581	0.885451909135	0.883518608023	0.884001933301	0.887385210246	0.882551957467	0.893185113581	0.882068632189	0.887868535524	0.884001933301	0.894635089415	0.885935234413	0.886418559691	0.884485258579	0.884485258579	0.884485258579	0.887868535524	0.884485258579
AH3	0.652489125181	0.377477042049	0.957467375544	0.595456742388	0.59497341711	0.554857419043	0.579023682939	0.512324794587	0.556790720155	0.531174480425	0.609473175447	0.547607539874	0.507974867086	0.870952150797	0.0	0.534074432093	0.583856935718	0.594006766554	0.924117931368	0.752537457709	0.708554857419	0.639439342678	0.643789270179	0.635572740454	0.906718221363	0.695021749638	0.631706138231	0.623489608507	0.652005799903	0.677138714355	0.690671822136	0.644755920735	0.545674238763	0.573223779604	0.704688255196	0.639439342678	0.620589656839	0.532141130981	0.581923634606	0.556790720155	0.54857419043	0.60415659739	0.559690671822	0.556307394877	0.635572740454	0.623006283229	0.695988400193	0.622522957951	0.653455775737	0.649589173514	0.635572740454	0.65055582407	0.590623489609	0.594006766554	0.580473658772	0.581923634606	0.551474142098	0.657805703238	0.552440792653	0.630256162397	0.589173513775	0.608023199613
AH4	0.315611406477	0.372160463992	0.933301111648	0.58337361044	0.594490091832	0.51619139681	0.638472692122	0.518124697922	0.519091348478	0.547607539874	0.578540357661	0.536007733204	0.519091348478	0.847752537458	0.534074432093	0.0	0.528274528758	0.537941034316	0.873852102465	0.706138231029	0.634122764621	0.568390526825	0.598356694055	0.572740454326	0.84726921218	0.599806669889	0.559690671822	0.558240695988	0.579507008217	0.587723537941	0.588690188497	0.554374093765	0.552440792653	0.558724021266	0.706138231029	0.640889318511	0.579507008217	0.574190430159	0.549057515708	0.589173513775	0.538424359594	0.673755437409	0.642822619623	0.567907201547	0.598840019333	0.589173513775	0.661188980184	0.599806669889	0.659255679072	0.621072982117	0.603673272112	0.628322861286	0.522474625423	0.510391493475	0.531657805703	0.526341227646	0.510391493475	0.62493958434	0.513291445143	0.597873368777	0.541807636539	0.602223296278
AA7	0.563557274045	0.531657805703	0.965683905268	0.617689705172	0.61333977767	0.478975350411	0.685355244079	0.450459159014	0.446109231513	0.574190430159	0.441275978734	0.560657322378	0.50459159014	0.884485258579	0.583856935718	0.528274528758	0.0	0.279362010633	0.914934751087	0.753504108265	0.598840019333	0.50700821653	0.483325277912	0.464475592073	0.869985500242	0.584823586274	0.448525857902	0.468342194297	0.530691155147	0.575640405993	0.497825036249	0.414693088449	0.433059449009	0.491058482359	0.711938134364	0.653939101015	0.477042049299	0.57177380377	0.485741904302	0.619139681005	0.553890768487	0.714838086032	0.68293861769	0.585306911551	0.54857419043	0.510874818753	0.660222329628	0.605606573224	0.67133881102	0.640405993233	0.584823586274	0.613823102948	0.508458192363	0.508941517641	0.523441275979	0.526341227646	0.519574673755	0.614306428226	0.531174480425	0.622522957951	0.486708554857	0.603673272112
AA8	0.572257129048	0.537457709038	0.96520057999	0.62735621073	0.593523441276	0.454325761237	0.681488641856	0.431609473175	0.422426292895	0.571290478492	0.445142580957	0.535524407927	0.487675205413	0.884001933301	0.594006766554	0.537941034316	0.279362010633	0.0	0.922667955534	0.756404059932	0.595456742388	0.502174963751	0.505074915418	0.487675205413	0.864185596907	0.574190430159	0.449492508458	0.464475592073	0.527307878202	0.568873852102	0.490575157081	0.383276945384	0.423392943451	0.478492025133	0.694055099082	0.638472692122	0.458192363461	0.564523924601	0.475592073465	0.616723054616	0.541807636539	0.722087965201	0.689221846303	0.5601739971	0.529724504592	0.493475108748	0.637506041566	0.587723537941	0.660222329628	0.61333977767	0.568390526825	0.600773320445	0.496858385694	0.484291928468	0.509908168197	0.507974867086	0.523441275979	0.594006766554	0.532141130981	0.598840019333	0.48380860319	0.590623489609
AB7	0.86805219913	0.889318511358	0.72692121798	0.721121314645	0.869985500242	0.915901401643	0.941034316095	0.935717738038	0.915418076365	0.928951184147	0.953117448043	0.887385210246	0.93281778637	0.697438376027	0.924117931368	0.873852102465	0.914934751087	0.922667955534	0.0	0.405509908168	0.808603189947	0.841952634123	0.936201063316	0.921701304978	0.739971000483	0.816336394393	0.886418559691	0.868535524408	0.750604156597	0.690188496858	0.881585306912	0.894151764137	0.922667955534	0.939101014983	0.947800869986	0.941034316095	0.940550990817	0.903818269696	0.953117448043	0.942967617206	0.942967617206	0.882068632189	0.881101981634	0.913968100532	0.960367327211	0.951667472209	0.922667955534	0.922667955534	0.936684388594	0.937651039149	0.928467858869	0.916868052199	0.913484775254	0.914934751087	0.915901401643	0.916868052199	0.917351377477	0.916868052199	0.918318028033	0.925084581924	0.948284195263	0.927017883035
AB8	0.70130497825	0.710971483809	0.753504108265	0.564040599323	0.749154180764	0.738037699372	0.763653939101	0.754470758821	0.73852102465	0.747220879652	0.773320444659	0.715804736588	0.750120831319	0.677138714355	0.752537457709	0.706138231029	0.753504108265	0.756404059932	0.405509908168	0.0	0.637022716288	0.666505558241	0.751570807153	0.737071048816	0.727887868536	0.63653939101	0.700338327695	0.681971967134	0.540357660706	0.507974867086	0.729337844369	0.727404543258	0.744320927985	0.762687288545	0.806669888835	0.764137264379	0.7593040116	0.722571290478	0.769453842436	0.757854035766	0.757370710488	0.724987916868	0.714354760754	0.73368777187	0.783470275495	0.776703721605	0.799903334944	0.746254229096	0.787336877719	0.757370710488	0.760753987434	0.768970517158	0.752054132431	0.744320927985	0.749154180764	0.749154180764	0.742870952151	0.766553890768	0.739971000483	0.742870952151	0.762687288545	0.746254229096
AC7	0.626872885452	0.661188980184	0.881101981634	0.653939101015	0.731754470759	0.59255679072	0.716771387144	0.594006766554	0.560657322378	0.641372643789	0.605123247946	0.681005316578	0.672788786854	0.808119864669	0.708554857419	0.634122764621	0.598840019333	0.595456742388	0.808603189947	0.637022716288	0.0	0.389076848719	0.582890285162	0.58095698405	0.822619623006	0.57177380377	0.548090865152	0.536007733204	0.484775253746	0.481875302078	0.58095698405	0.570323827936	0.566457225713	0.60415659739	0.809086515225	0.760270662156	0.635089415176	0.64572257129	0.619139681005	0.737071048816	0.673755437409	0.720154664089	0.699371677139	0.652972450459	0.640405993233	0.615273078782	0.823586273562	0.766070565491	0.803769937168	0.778153697438	0.748187530208	0.782020299662	0.683905268246	0.661672305462	0.677138714355	0.687771870469	0.673755437409	0.77767037216	0.677138714355	0.758337361044	0.614306428226	0.758820686322
AC8	0.587723537941	0.584823586274	0.906718221363	0.617689705172	0.676172063799	0.540357660706	0.696955050749	0.501691638473	0.48622522958	0.582890285162	0.544224262929	0.620589656839	0.60657322378	0.830352827453	0.639439342678	0.568390526825	0.50700821653	0.502174963751	0.841952634123	0.666505558241	0.389076848719	0.0	0.507491541808	0.487675205413	0.838086031899	0.53939101015	0.398260029	0.381826969551	0.44224262929	0.475108748188	0.51619139681	0.475592073465	0.493475108748	0.538424359594	0.739971000483	0.685838569357	0.546640889319	0.579507008217	0.558240695988	0.660705654906	0.597873368777	0.678105364911	0.646205896568	0.587240212663	0.574190430159	0.539874335428	0.741420976317	0.677138714355	0.733204446593	0.707588206863	0.663122281295	0.695988400193	0.602706621556	0.578057032383	0.595940067666	0.600289995167	0.581923634606	0.691638472692	0.587723537941	0.685355244079	0.53939101015	0.671822136298
AD7	0.613823102948	0.602706621556	0.95360077332	0.666505558241	0.742387626873	0.550024166264	0.707104881585	0.523441275979	0.488641855969	0.608506524891	0.452392460126	0.674238762687	0.607539874335	0.875785403577	0.643789270179	0.598356694055	0.483325277912	0.505074915418	0.936201063316	0.751570807153	0.582890285162	0.507491541808	0.0	0.311261478975	0.90285161914	0.526824552924	0.452392460126	0.476075398743	0.525857902368	0.563557274045	0.509424842919	0.482358627356	0.482841952634	0.54857419043	0.758337361044	0.706621556307	0.526824552924	0.612856452392	0.55775737071	0.681488641856	0.619623006283	0.724987916868	0.700821652972	0.626389560174	0.573707104882	0.545674238763	0.767037216046	0.696471725471	0.753504108265	0.729821169647	0.683421942968	0.716288061866	0.628322861286	0.604639922668	0.607539874335	0.631706138231	0.60657322378	0.722571290478	0.616239729338	0.702271628806	0.577573707105	0.691638472692
AD8	0.587240212663	0.584823586274	0.948284195263	0.632189463509	0.701788303528	0.515224746254	0.693571773804	0.502658289029	0.47462542291	0.573707104882	0.438376027066	0.628806186564	0.588690188497	0.869985500242	0.635572740454	0.572740454326	0.464475592073	0.487675205413	0.921701304978	0.737071048816	0.58095698405	0.487675205413	0.311261478975	0.0	0.855002416626	0.478975350411	0.419526341228	0.458192363461	0.487675205413	0.531657805703	0.491058482359	0.47462542291	0.489125181247	0.541807636539	0.738037699372	0.681971967134	0.493958434026	0.587240212663	0.53020782987	0.645239246013	0.582406959884	0.714354760754	0.686321894635	0.587240212663	0.563073948768	0.533107781537	0.740454325761	0.666505558241	0.72692121798	0.697438376027	0.658289028516	0.695021749638	0.595456742388	0.571290478492	0.589173513775	0.603189946834	0.593523441276	0.693088448526	0.597390043499	0.671822136298	0.545190913485	0.663605606573
AE7	0.836636056066	0.873852102465	0.847752537458	0.791203479942	0.834219429676	0.886418559691	0.9212179797	0.903818269696	0.881101981634	0.904784920251	0.919768003867	0.848235862736	0.886901884969	0.823586273562	0.906718221363	0.84726921218	0.869985500242	0.864185596907	0.739971000483	0.727887868536	0.822619623006	0.838086031899	0.90285161914	0.855002416626	0.0	0.552924117931	0.869018849686	0.851619139681	0.760753987434	0.760270662156	0.837119381344	0.845819236346	0.896568390527	0.917351377477	0.929434509425	0.924117931368	0.913001449976	0.888351860802	0.916384726921	0.883518608023	0.904784920251	0.876268728855	0.876752054132	0.873852102465	0.937651039149	0.925084581924	0.893185113581	0.897535041083	0.916384726921	0.90285161914	0.905751570807	0.893668438859	0.893185113581	0.889801836636	0.90043499275	0.890285161914	0.903818269696	0.887868535524	0.895118414693	0.90043499275	0.91203479942	0.901884968584
AE8	0.59255679072	0.62735621073	0.885935234413	0.629772837119	0.699371677139	0.57177380377	0.68970517158	0.59497341711	0.574190430159	0.619623006283	0.607539874335	0.632189463509	0.642339294345	0.808119864669	0.695021749638	0.599806669889	0.584823586274	0.574190430159	0.816336394393	0.63653939101	0.57177380377	0.53939101015	0.526824552924	0.478975350411	0.552924117931	0.0	0.558724021266	0.540840985984	0.497825036249	0.49540840986	0.558724021266	0.551474142098	0.59255679072	0.611889801837	0.768970517158	0.719188013533	0.607539874335	0.60415659739	0.605123247946	0.663605606573	0.644272595457	0.699371677139	0.679072015466	0.608023199613	0.634606089899	0.620589656839	0.759787336878	0.690188496858	0.760270662156	0.719188013533	0.692605123248	0.728371193813	0.647655872402	0.626872885452	0.639439342678	0.653455775737	0.642822619623	0.718704688255	0.646689221846	0.693571773804	0.597390043499	0.686805219913
AF7	0.570323827936	0.555340744321	0.937167713871	0.63653939101	0.637989366844	0.480425326245	0.699371677139	0.44900918318	0.431126147898	0.579023682939	0.431609473175	0.576607056549	0.547607539874	0.859352344128	0.631706138231	0.559690671822	0.448525857902	0.449492508458	0.886418559691	0.700338327695	0.548090865152	0.398260029	0.452392460126	0.419526341228	0.869018849686	0.558724021266	0.0	0.320927984534	0.468342194297	0.51619139681	0.480425326245	0.478008699855	0.431126147898	0.490575157081	0.679072015466	0.628806186564	0.448525857902	0.540840985984	0.479458675689	0.62493958434	0.545190913485	0.698405026583	0.666505558241	0.545190913485	0.518124697922	0.48380860319	0.667472208797	0.612373127115	0.67133881102	0.644272595457	0.600773320445	0.623972933784	0.534074432093	0.510874818753	0.53020782987	0.534074432093	0.553890768487	0.623972933784	0.555340744321	0.618173030449	0.490575157081	0.602706621556
AF8	0.559207346544	0.55775737071	0.926051232479	0.626389560174	0.676172063799	0.514741420976	0.700338327695	0.468825519575	0.450942484292	0.582890285162	0.510874818753	0.612856452392	0.565007249879	0.849685838569	0.623489608507	0.558240695988	0.468342194297	0.464475592073	0.868535524408	0.681971967134	0.536007733204	0.381826969551	0.476075398743	0.458192363461	0.851619139681	0.540840985984	0.320927984534	0.0	0.451909134848	0.493958434026	0.506524891252	0.467858869019	0.44900918318	0.514258095698	0.719188013533	0.664088931851	0.49540840986	0.549057515708	0.521024649589	0.622522957951	0.56935717738	0.681005316578	0.648622522958	0.563557274045	0.553407443209	0.523924601257	0.698405026583	0.639439342678	0.707588206863	0.677622039633	0.637022716288	0.659255679072	0.564523924601	0.547607539874	0.565490575157	0.57177380377	0.545190913485	0.662155630739	0.551957467376	0.651039149348	0.508458192363	0.630739487675
AG7	0.588690188497	0.594006766554	0.840019333011	0.542774287095	0.664088931851	0.531174480425	0.698888351861	0.508941517641	0.48380860319	0.576607056549	0.535041082649	0.609956500725	0.598356694055	0.767520541324	0.652005799903	0.579507008217	0.530691155147	0.527307878202	0.750604156597	0.540357660706	0.484775253746	0.44224262929	0.525857902368	0.487675205413	0.760753987434	0.497825036249	0.468342194297	0.451909134848	0.0	0.308361527308	0.548090865152	0.512324794587	0.504108264862	0.55099081682	0.743354277429	0.681971967134	0.539874335428	0.56259062349	0.540840985984	0.640405993233	0.591106814886	0.669888835186	0.635572740454	0.565973900435	0.586756887385	0.547607539874	0.748187530208	0.669405509908	0.728371193813	0.70130497825	0.662155630739	0.698405026583	0.595940067666	0.590140164331	0.607056549058	0.619623006283	0.614306428226	0.700338327695	0.617689705172	0.670855485742	0.563557274045	0.666988883519
AG8	0.580473658772	0.617206379894	0.834219429676	0.574673755437	0.691638472692	0.558240695988	0.693088448526	0.5601739971	0.534557757371	0.591590140164	0.590140164331	0.635089415176	0.624456259062	0.746254229096	0.677138714355	0.587723537941	0.575640405993	0.568873852102	0.690188496858	0.507974867086	0.481875302078	0.475108748188	0.563557274045	0.531657805703	0.760270662156	0.49540840986	0.51619139681	0.493958434026	0.308361527308	0.0	0.559207346544	0.537457709038	0.5601739971	0.589656839053	0.768003866602	0.710004833253	0.583856935718	0.584823586274	0.58095698405	0.673272112131	0.622039632673	0.675688738521	0.652005799903	0.595456742388	0.622522957951	0.595940067666	0.768970517158	0.694055099082	0.755920734654	0.725954567424	0.693088448526	0.724021266312	0.629289511841	0.62493958434	0.634122764621	0.647172547124	0.634606089899	0.729337844369	0.642339294345	0.695021749638	0.591106814886	0.688255195747
AH7	0.590623489609	0.629289511841	0.947317544708	0.682455292412	0.70372160464	0.57177380377	0.720637989367	0.561623972934	0.53020782987	0.629289511841	0.535524407927	0.65055582407	0.637022716288	0.875302078299	0.690671822136	0.588690188497	0.497825036249	0.490575157081	0.881585306912	0.729337844369	0.58095698405	0.51619139681	0.509424842919	0.491058482359	0.837119381344	0.558724021266	0.480425326245	0.506524891252	0.548090865152	0.559207346544	0.0	0.327211213146	0.565973900435	0.618173030449	0.781536974384	0.735137747704	0.557274045433	0.650072498792	0.601739971	0.682455292412	0.64572257129	0.762203963267	0.742870952151	0.655389076849	0.6389560174	0.605123247946	0.761720637989	0.713388110198	0.767037216046	0.73610439826	0.699371677139	0.724021266312	0.628322861286	0.61575640406	0.620106331561	0.638472692122	0.626872885452	0.727404543258	0.623489608507	0.704688255196	0.59497341711	0.712421459642
AH8	0.579990333494	0.589656839053	0.950217496375	0.640889318511	0.66892218463	0.534074432093	0.690188496858	0.511358144031	0.490091831803	0.590140164331	0.520057999033	0.61333977767	0.577090381827	0.866602223296	0.644755920735	0.554374093765	0.414693088449	0.383276945384	0.894151764137	0.727404543258	0.570323827936	0.475592073465	0.482358627356	0.47462542291	0.845819236346	0.551474142098	0.478008699855	0.467858869019	0.512324794587	0.537457709038	0.327211213146	0.0	0.503141614306	0.56259062349	0.748670855486	0.697438376027	0.521024649589	0.600773320445	0.554857419043	0.637989366844	0.593523441276	0.720637989367	0.693088448526	0.608023199613	0.583856935718	0.552924117931	0.717738037699	0.658772353794	0.728371193813	0.682455292412	0.641372643789	0.674238762687	0.58337361044	0.564523924601	0.575640405993	0.581923634606	0.570807153214	0.679072015466	0.568390526825	0.661672305462	0.549540840986	0.659255679072
AA5	0.594006766554	0.513291445143	0.951667472209	0.631706138231	0.598840019333	0.443209279845	0.637989366844	0.381343644273	0.393910101498	0.53020782987	0.435959400677	0.532624456259	0.517158047366	0.869018849686	0.545674238763	0.552440792653	0.433059449009	0.423392943451	0.922667955534	0.744320927985	0.566457225713	0.493475108748	0.482841952634	0.489125181247	0.896568390527	0.59255679072	0.431126147898	0.44900918318	0.504108264862	0.5601739971	0.565973900435	0.503141614306	0.0	0.339294345094	0.677138714355	0.60415659739	0.467375543741	0.465925567907	0.453359110681	0.57177380377	0.487191880135	0.631222812953	0.589173513775	0.482841952634	0.518124697922	0.463508941518	0.696955050749	0.628322861286	0.663605606573	0.649589173514	0.627839536008	0.666988883519	0.52779120348	0.53020782987	0.557274045433	0.550507491542	0.528757854036	0.661188980184	0.549057515708	0.620106331561	0.501691638473	0.622522957951
AA6	0.603673272112	0.529241179314	0.957950700822	0.646205896568	0.623972933784	0.467375543741	0.661672305462	0.434509424843	0.458192363461	0.550507491542	0.507974867086	0.562107298212	0.51619139681	0.875785403577	0.573223779604	0.558724021266	0.491058482359	0.478492025133	0.939101014983	0.762687288545	0.60415659739	0.538424359594	0.54857419043	0.541807636539	0.917351377477	0.611889801837	0.490575157081	0.514258095698	0.55099081682	0.589656839053	0.618173030449	0.56259062349	0.339294345094	0.0	0.673755437409	0.595456742388	0.505558240696	0.501691638473	0.473658772354	0.599323344611	0.514741420976	0.66892218463	0.631222812953	0.516674722088	0.444659255679	0.421942967617	0.689221846303	0.626872885452	0.660705654906	0.643305944901	0.620589656839	0.655872402127	0.53020782987	0.523924601257	0.549540840986	0.549057515708	0.53697438376	0.65732237796	0.556790720155	0.623006283229	0.51377477042	0.618173030449
AB5	0.749154180764	0.660222329628	0.967133881102	0.723537941034	0.618656355727	0.634122764621	0.74770420493	0.648622522958	0.662638956017	0.70130497825	0.674238762687	0.612856452392	0.663122281295	0.892218463026	0.704688255196	0.706138231029	0.711938134364	0.694055099082	0.947800869986	0.806669888835	0.809086515225	0.739971000483	0.758337361044	0.738037699372	0.929434509425	0.768970517158	0.679072015466	0.719188013533	0.743354277429	0.768003866602	0.781536974384	0.748670855486	0.677138714355	0.673755437409	0.0	0.315128081199	0.618656355727	0.661672305462	0.626872885452	0.634606089899	0.618173030449	0.744320927985	0.731271145481	0.641855969067	0.623006283229	0.616239729338	0.615273078782	0.615273078782	0.625422909618	0.608989850169	0.621556307395	0.615273078782	0.596906718221	0.602223296278	0.619139681005	0.614306428226	0.669888835186	0.600289995167	0.662155630739	0.601739971	0.677622039633	0.611406476559
AB6	0.69453842436	0.602223296278	0.962783953601	0.667472208797	0.586273562107	0.566457225713	0.679555340744	0.578057032383	0.602223296278	0.628806186564	0.621072982117	0.540840985984	0.608989850169	0.886901884969	0.639439342678	0.640889318511	0.653939101015	0.638472692122	0.941034316095	0.764137264379	0.760270662156	0.685838569357	0.706621556307	0.681971967134	0.924117931368	0.719188013533	0.628806186564	0.664088931851	0.681971967134	0.710004833253	0.735137747704	0.697438376027	0.60415659739	0.595456742388	0.315128081199	0.0	0.572257129048	0.593040115998	0.570807153214	0.567907201547	0.555824069599	0.681005316578	0.658289028516	0.559690671822	0.551957467376	0.553890768487	0.598356694055	0.540357660706	0.581923634606	0.551957467376	0.555824069599	0.577573707105	0.533591106815	0.555340744321	0.576607056549	0.566457225713	0.606089898502	0.554857419043	0.607056549058	0.533107781537	0.634606089899	0.536007733204
AC5	0.60657322378	0.568390526825	0.96761720638	0.644755920735	0.60415659739	0.462542290962	0.676172063799	0.455292411793	0.43740937651	0.571290478492	0.429192846786	0.550507491542	0.542290961817	0.88883518608	0.620589656839	0.579507008217	0.477042049299	0.458192363461	0.940550990817	0.7593040116	0.635089415176	0.546640889319	0.526824552924	0.493958434026	0.913001449976	0.607539874335	0.448525857902	0.49540840986	0.539874335428	0.583856935718	0.557274045433	0.521024649589	0.467375543741	0.505558240696	0.618656355727	0.572257129048	0.0	0.453842435959	0.437892701788	0.600289995167	0.531657805703	0.711938134364	0.666505558241	0.543740937651	0.484775253746	0.448042532624	0.610439826003	0.558724021266	0.621556307395	0.571290478492	0.553890768487	0.584340260996	0.490091831803	0.47220879652	0.487191880135	0.501691638473	0.570323827936	0.590140164331	0.574190430159	0.554857419043	0.507491541808	0.549057515708
AC6	0.625906234896	0.509424842919	0.943450942484	0.627839536008	0.599323344611	0.507491541808	0.536007733204	0.478008699855	0.523441275979	0.454325761237	0.55775737071	0.529241179314	0.54857419043	0.858385693572	0.532141130981	0.574190430159	0.57177380377	0.564523924601	0.903818269696	0.722571290478	0.64572257129	0.579507008217	0.612856452392	0.587240212663	0.888351860802	0.60415659739	0.540840985984	0.549057515708	0.56259062349	0.584823586274	0.650072498792	0.600773320445	0.465925567907	0.501691638473	0.661672305462	0.593040115998	0.453842435959	0.0	0.526824552924	0.522957950701	0.500724987917	0.477042049299	0.436442725955	0.426292895118	0.563557274045	0.54857419043	0.687288545191	0.630739487675	0.665538907685	0.637506041566	0.628806186564	0.65973900435	0.565973900435	0.566457225713	0.570323827936	0.577573707105	0.562107298212	0.657805703238	0.572257129048	0.616723054616	0.554857419043	0.619139681005
AD6	0.597873368777	0.535524407927	0.966650555824	0.618173030449	0.573707104882	0.424842919285	0.631222812953	0.422426292895	0.433542774287	0.524407926535	0.452392460126	0.503141614306	0.510874818753	0.884485258579	0.581923634606	0.549057515708	0.485741904302	0.475592073465	0.953117448043	0.769453842436	0.619139681005	0.558240695988	0.55775737071	0.53020782987	0.916384726921	0.605123247946	0.479458675689	0.521024649589	0.540840985984	0.58095698405	0.601739971	0.554857419043	0.453359110681	0.473658772354	0.626872885452	0.570807153214	0.437892701788	0.526824552924	0.0	0.558240695988	0.424359594007	0.699371677139	0.658772353794	0.535524407927	0.476075398743	0.448525857902	0.612856452392	0.550024166264	0.598840019333	0.565007249879	0.550507491542	0.581923634606	0.466892218463	0.459642339294	0.471242145964	0.482841952634	0.545674238763	0.58337361044	0.54857419043	0.5601739971	0.466408893185	0.545190913485
AE5	0.653455775737	0.532141130981	0.968583856936	0.632189463509	0.56935717738	0.551957467376	0.595940067666	0.558240695988	0.601739971	0.535041082649	0.631222812953	0.508458192363	0.573707104882	0.883035282745	0.556790720155	0.589173513775	0.619139681005	0.616723054616	0.942967617206	0.757854035766	0.737071048816	0.660705654906	0.681488641856	0.645239246013	0.883518608023	0.663605606573	0.62493958434	0.622522957951	0.640405993233	0.673272112131	0.682455292412	0.637989366844	0.57177380377	0.599323344611	0.634606089899	0.567907201547	0.600289995167	0.522957950701	0.558240695988	0.0	0.371677138714	0.603673272112	0.580473658772	0.518124697922	0.637022716288	0.629772837119	0.665055582407	0.614789753504	0.636056065732	0.610923151281	0.629772837119	0.652005799903	0.553407443209	0.586273562107	0.611889801837	0.571290478492	0.579990333494	0.637506041566	0.570323827936	0.591106814886	0.582406959884	0.607539874335
AE6	0.608506524891	0.493958434026	0.96761720638	0.621556307395	0.553890768487	0.480908651522	0.576607056549	0.46979217013	0.525857902368	0.499758337361	0.555340744321	0.508941517641	0.514741420976	0.8796520058	0.54857419043	0.538424359594	0.553890768487	0.541807636539	0.942967617206	0.757370710488	0.673755437409	0.597873368777	0.619623006283	0.582406959884	0.904784920251	0.644272595457	0.545190913485	0.56935717738	0.591106814886	0.622039632673	0.64572257129	0.593523441276	0.487191880135	0.514741420976	0.618173030449	0.555824069599	0.531657805703	0.500724987917	0.424359594007	0.371677138714	0.0	0.63653939101	0.598356694055	0.491058482359	0.555340744321	0.545674238763	0.643789270179	0.580473658772	0.610923151281	0.591106814886	0.587723537941	0.613823102948	0.498308361527	0.49299178347	0.528757854036	0.501691638473	0.52537457709	0.614306428226	0.528274528758	0.573223779604	0.519574673755	0.576607056549
AF5	0.710971483809	0.625906234896	0.932334461092	0.666505558241	0.673755437409	0.674722087965	0.566940550991	0.639922667956	0.68293861769	0.565973900435	0.727404543258	0.625422909618	0.674238762687	0.849685838569	0.60415659739	0.673755437409	0.714838086032	0.722087965201	0.882068632189	0.724987916868	0.720154664089	0.678105364911	0.724987916868	0.714354760754	0.876268728855	0.699371677139	0.698405026583	0.681005316578	0.669888835186	0.675688738521	0.762203963267	0.720637989367	0.631222812953	0.66892218463	0.744320927985	0.681005316578	0.711938134364	0.477042049299	0.699371677139	0.603673272112	0.63653939101	0.0	0.289028516191	0.538907684872	0.724987916868	0.714354760754	0.758337361044	0.716288061866	0.741420976317	0.718704688255	0.731754470759	0.752054132431	0.699855002417	0.711938134364	0.733204446593	0.709038182697	0.673272112131	0.74528757854	0.679555340744	0.702271628806	0.711938134364	0.715804736588
AF6	0.692605123248	0.589173513775	0.924117931368	0.643789270179	0.661672305462	0.642339294345	0.532624456259	0.607539874335	0.652005799903	0.53697438376	0.690671822136	0.605606573224	0.639922667956	0.840502658289	0.559690671822	0.642822619623	0.68293861769	0.689221846303	0.881101981634	0.714354760754	0.699371677139	0.646205896568	0.700821652972	0.686321894635	0.876752054132	0.679072015466	0.666505558241	0.648622522958	0.635572740454	0.652005799903	0.742870952151	0.693088448526	0.589173513775	0.631222812953	0.731271145481	0.658289028516	0.666505558241	0.436442725955	0.658772353794	0.580473658772	0.598356694055	0.289028516191	0.0	0.505558240696	0.687288545191	0.672305461576	0.749154180764	0.691638472692	0.714838086032	0.69453842436	0.690188496858	0.72450459159	0.663605606573	0.679555340744	0.68970517158	0.675688738521	0.635089415176	0.720637989367	0.639439342678	0.683421942968	0.6805219913	0.689221846303
