	AA3	AA4	AB3	AB4	AC3	AC4	AD3	AD4	AE3	AE4	AF3	AF4	AG3	AG4	AH3	AH4	AA7	AA8	AB7	AB8	AC7	AC8	AD7	AD8	AE7	AE8	AF7	AF8	AG7	AG8	AH7	AH8	AA5	AA6	AB5	AB6	AC5	AC6	AD6	AE5	AE6	AF5	AF6	AG5	AH5	AH6	AA1	AA2	AB1	AB2	AC1	AC2	AD1	AD2	AE1	AE2	AF1	AF2	AG1	AG2	AH1	AH2
AA3	0.0	0.480425326245	0.927501208313	0.625906234896	0.649589173514	0.575640405993	0.665538907685	0.580473658772	0.568873852102	0.625422909618	0.600289995167	0.608023199613	0.575157080715	0.843402609957	0.653939101015	0.316094731754	0.571290478492	0.572740454326	0.860318994683	0.698888351861	0.603189946834	0.556790720155	0.587723537941	0.594006766554	0.826969550507	0.578540357661	0.563557274045	0.55775737071	0.575157080715	0.590140164331	0.587723537941	0.560657322378	0.579507008217	0.595940067666	0.745770903818	0.672788786854	0.605123247946	0.622522957951	0.590623489609	0.625906234896	0.590623489609	0.708071532141	0.695505074915	0.607056549058	0.621072982117	0.613823102948	0.690671822136	0.641855969067	0.708071532141	0.669888835186	0.64572257129	0.667955534074	0.584823586274	0.569840502658	0.570323827936	0.572740454326	0.576123731271	0.653939101015	0.584823586274	0.665055582407	0.582406959884	0.650072498792
AA4	0.480425326245	0.0	0.945384243596	0.584340260996	0.573223779604	0.5186080232	0.584340260996	0.498791686805	0.52779120348	0.529241179314	0.570323827936	0.52537457709	0.50700821653	0.859352344128	0.374577090382	0.369743837603	0.542774287095	0.543740937651	0.890768487192	0.713388110198	0.658772353794	0.601739971	0.595940067666	0.581923634606	0.864668922185	0.611406476559	0.556790720155	0.565490575157	0.60657322378	0.625422909618	0.628322861286	0.579990333494	0.51377477042	0.527307878202	0.679555340744	0.600773320445	0.587723537941	0.519091348478	0.55099081682	0.534557757371	0.487191880135	0.629289511841	0.588690188497	0.520541324311	0.591590140164	0.582890285162	0.652005799903	0.58337361044	0.642339294345	0.608506524891	0.612373127115	0.642339294345	0.555340744321	0.540840985984	0.541324311261	0.554374093765	0.503141614306	0.629772837119	0.499275012083	0.602706621556	0.543740937651	0.586273562107
AB3	0.927501208313	0.945384243596	0.0	0.687771870469	0.916868052199	0.947800869986	0.955050749154	0.947800869986	0.937651039149	0.95360077332	0.970517158047	0.930884485259	0.964233929435	0.337844369261	0.957950700822	0.937651039149	0.971967133881	0.966650555824	0.732721121315	0.764137264379	0.890768487192	0.901401643306	0.959400676655	0.951184146931	0.847752537458	0.885935234413	0.938617689705	0.929434509425	0.846785886902	0.82648622523	0.952634122765	0.948284195263	0.95601739971	0.959884001933	0.969067182214	0.962783953601	0.972933784437	0.950217496375	0.970517158047	0.969067182214	0.968583856936	0.930884485259	0.925084581924	0.94441759304	0.971483808603	0.970033832769	0.96761720638	0.96520057999	0.966167230546	0.969550507492	0.969067182214	0.963750604157	0.969067182214	0.968100531658	0.974867085549	0.968100531658	0.967133881102	0.966650555824	0.966167230546	0.971483808603	0.967133881102	0.965683905268
AB4	0.625906234896	0.584340260996	0.687771870469	0.0	0.619623006283	0.59497341711	0.683905268246	0.606089898502	0.607539874335	0.626872885452	0.627839536008	0.572740454326	0.467858869019	0.572257129048	0.608989850169	0.593523441276	0.622039632673	0.620106331561	0.734171097148	0.566940550991	0.653455775737	0.619623006283	0.65973900435	0.638472692122	0.793620106332	0.615273078782	0.62735621073	0.613823102948	0.553407443209	0.576123731271	0.683905268246	0.637989366844	0.622522957951	0.638472692122	0.714354760754	0.653455775737	0.64813919768	0.618656355727	0.611889801837	0.619623006283	0.608989850169	0.67133881102	0.652005799903	0.609473175447	0.666988883519	0.655389076849	0.68293861769	0.643789270179	0.680038666022	0.651522474625	0.661188980184	0.669888835186	0.621072982117	0.623972933784	0.640889318511	0.62735621073	0.631222812953	0.655872402127	0.630739487675	0.656839052682	0.632189463509	0.653939101015
AC3	0.649589173514	0.573223779604	0.916868052199	0.619623006283	0.0	0.474142097632	0.642339294345	0.558240695988	0.568390526825	0.596906718221	0.618656355727	0.319961333978	0.603673272112	0.831319478009	0.607539874335	0.608989850169	0.61575640406	0.60657322378	0.869985500242	0.73852102465	0.734654422426	0.693571773804	0.735137747704	0.702271628806	0.833736104398	0.684388593523	0.654905751571	0.678105364911	0.6805219913	0.696955050749	0.707588206863	0.664572257129	0.609956500725	0.622522957951	0.623006283229	0.593523441276	0.627839536008	0.570807153214	0.587240212663	0.551474142098	0.560657322378	0.67133881102	0.646689221846	0.560657322378	0.649589173514	0.637506041566	0.584340260996	0.590140164331	0.591590140164	0.581923634606	0.595940067666	0.590140164331	0.531657805703	0.570323827936	0.589656839053	0.579990333494	0.605606573224	0.574190430159	0.626389560174	0.596906718221	0.619139681005	0.598356694055
AC4	0.575640405993	0.5186080232	0.947800869986	0.59497341711	0.474142097632	0.0	0.628322861286	0.404543257612	0.406959884002	0.534557757371	0.357177380377	0.388593523441	0.500241662639	0.862735621073	0.572257129048	0.52537457709	0.47220879652	0.46060898985	0.916868052199	0.743837602707	0.586756887385	0.533107781537	0.532624456259	0.505558240696	0.886418559691	0.580473658772	0.482358627356	0.49540840986	0.525857902368	0.565007249879	0.573707104882	0.514741420976	0.459642339294	0.456259062349	0.636056065732	0.55775737071	0.458192363461	0.495891735138	0.405993233446	0.530691155147	0.474142097632	0.68970517158	0.64813919768	0.510874818753	0.492508458192	0.479942000967	0.633639439343	0.558724021266	0.594006766554	0.572257129048	0.570323827936	0.610923151281	0.491541807637	0.514258095698	0.502174963751	0.491058482359	0.535041082649	0.595456742388	0.551474142098	0.573223779604	0.46302561624	0.556307394877
AD3	0.665538907685	0.584340260996	0.955050749154	0.683905268246	0.642339294345	0.628322861286	0.0	0.531174480425	0.636056065732	0.357177380377	0.669888835186	0.606089898502	0.632189463509	0.867568873852	0.573707104882	0.644272595457	0.672788786854	0.674238762687	0.942000966651	0.766553890768	0.716771387144	0.683421942968	0.695505074915	0.688738521025	0.915901401643	0.672305461576	0.692605123248	0.691638472692	0.681005316578	0.679555340744	0.711938134364	0.684388593523	0.626389560174	0.642822619623	0.742870952151	0.660705654906	0.673272112131	0.525857902368	0.623972933784	0.589173513775	0.561623972934	0.546157564041	0.524891251812	0.534557757371	0.688255195747	0.680038666022	0.754470758821	0.702271628806	0.724021266312	0.710488158531	0.710488158531	0.736587723538	0.667472208797	0.680038666022	0.669405509908	0.652489125181	0.624456259062	0.720154664089	0.629772837119	0.712421459642	0.684871918801	0.70130497825
AD4	0.580473658772	0.498791686805	0.947800869986	0.606089898502	0.558240695988	0.404543257612	0.531174480425	0.0	0.323827936201	0.422909618173	0.428709521508	0.497341710971	0.505074915418	0.859835669406	0.548090865152	0.528757854036	0.47220879652	0.455775737071	0.941517641373	0.763653939101	0.567907201547	0.504108264862	0.508458192363	0.478492025133	0.911551474142	0.608023199613	0.451909134848	0.46302561624	0.503624939584	0.560657322378	0.561140647656	0.498791686805	0.390043499275	0.422909618173	0.654422426293	0.568390526825	0.450459159014	0.464475592073	0.417593040116	0.538907684872	0.461092315128	0.656355727405	0.609473175447	0.488641855969	0.500724987917	0.476075398743	0.656355727405	0.600773320445	0.632189463509	0.618173030449	0.611406476559	0.643305944901	0.522957950701	0.529724504592	0.517641372644	0.523441275979	0.517641372644	0.628322861286	0.536491058482	0.618656355727	0.489608506525	0.595456742388
AE3	0.568873852102	0.52779120348	0.937651039149	0.607539874335	0.568390526825	0.406959884002	0.636056065732	0.323827936201	0.0	0.521024649589	0.399710004833	0.511358144031	0.503624939584	0.853069115515	0.564040599323	0.528274528758	0.455775737071	0.437892701788	0.933301111648	0.758820686322	0.555824069599	0.499758337361	0.498308361527	0.471725471242	0.895601739971	0.594006766554	0.441275978734	0.462542290962	0.491541807637	0.555824069599	0.546157564041	0.492025132914	0.400193330111	0.441275978734	0.670372160464	0.587723537941	0.443209279845	0.498791686805	0.424842919285	0.584823586274	0.510874818753	0.690671822136	0.648622522958	0.523924601257	0.500724987917	0.479458675689	0.656355727405	0.602706621556	0.634122764621	0.621072982117	0.609473175447	0.650072498792	0.534074432093	0.547607539874	0.528274528758	0.539874335428	0.538424359594	0.634606089899	0.551474142098	0.618656355727	0.482841952634	0.599323344611
AE4	0.625422909618	0.529241179314	0.95360077332	0.626872885452	0.596906718221	0.534557757371	0.357177380377	0.422909618173	0.521024649589	0.0	0.588206863219	0.549540840986	0.575157080715	0.863702271629	0.55099081682	0.579507008217	0.588206863219	0.59255679072	0.940550990817	0.767037216046	0.662638956017	0.60415659739	0.611889801837	0.600773320445	0.918318028033	0.621556307395	0.594006766554	0.59255679072	0.59255679072	0.608989850169	0.646205896568	0.594490091832	0.534557757371	0.552924117931	0.708071532141	0.62735621073	0.583856935718	0.465442242629	0.552440792653	0.535524407927	0.485258579024	0.591106814886	0.559207346544	0.507974867086	0.606089898502	0.594490091832	0.716771387144	0.659255679072	0.700338327695	0.680038666022	0.682455292412	0.706621556307	0.608023199613	0.614789753504	0.597873368777	0.588206863219	0.566940550991	0.690188496858	0.583856935718	0.678588690188	0.597873368777	0.661188980184
AF3	0.600289995167	0.570323827936	0.970517158047	0.627839536008	0.618656355727	0.357177380377	0.669888835186	0.428709521508	0.399710004833	0.588206863219	0.0	0.522474625423	0.524891251812	0.880135331078	0.599323344611	0.568390526825	0.449975833736	0.434026099565	0.952150797487	0.78008699855	0.586273562107	0.537457709038	0.454325761237	0.434509424843	0.917351377477	0.614789753504	0.452392460126	0.494441759304	0.524891251812	0.591106814886	0.524407926535	0.502174963751	0.43740937651	0.475108748188	0.675205413243	0.608023199613	0.418559690672	0.529724504592	0.436442725955	0.594006766554	0.527307878202	0.721604639923	0.682455292412	0.547124214596	0.507491541808	0.489608506525	0.66892218463	0.603189946834	0.655389076849	0.61333977767	0.612856452392	0.652005799903	0.546640889319	0.548090865152	0.532624456259	0.535041082649	0.564040599323	0.641855969067	0.576607056549	0.60657322378	0.488158530691	0.601256645723
AF4	0.608023199613	0.52537457709	0.930884485259	0.572740454326	0.319961333978	0.388593523441	0.606089898502	0.497341710971	0.511358144031	0.549540840986	0.522474625423	0.0	0.542290961817	0.843402609957	0.560657322378	0.558724021266	0.566940550991	0.54857419043	0.895118414693	0.719188013533	0.686805219913	0.637989366844	0.666505558241	0.636056065732	0.850652489125	0.623489608507	0.597390043499	0.617206379894	0.626872885452	0.652489125181	0.655872402127	0.615273078782	0.549540840986	0.562107298212	0.609956500725	0.544707588207	0.563073948768	0.528757854036	0.519574673755	0.491058482359	0.503141614306	0.63653939101	0.608989850169	0.512808119865	0.571290478492	0.562107298212	0.588206863219	0.524407926535	0.564523924601	0.536491058482	0.543740937651	0.567907201547	0.478492025133	0.50700821653	0.52537457709	0.530691155147	0.565007249879	0.55099081682	0.571290478492	0.546157564041	0.547124214596	0.531174480425
AG3	0.575157080715	0.50700821653	0.964233929435	0.467858869019	0.603673272112	0.500241662639	0.632189463509	0.505074915418	0.503624939584	0.575157080715	0.524891251812	0.542290961817	0.0	0.849685838569	0.534557757371	0.513291445143	0.502174963751	0.484775253746	0.93523441276	0.757854035766	0.654422426293	0.601256645723	0.586756887385	0.579023682939	0.89125181247	0.617206379894	0.523924601257	0.561623972934	0.598840019333	0.625422909618	0.625906234896	0.563073948768	0.514258095698	0.514258095698	0.661672305462	0.596906718221	0.538907684872	0.53939101015	0.503141614306	0.560657322378	0.494925084582	0.686321894635	0.64813919768	0.525857902368	0.563557274045	0.546157564041	0.620106331561	0.569840502658	0.623006283229	0.599806669889	0.589173513775	0.60415659739	0.526341227646	0.525857902368	0.526824552924	0.528274528758	0.522474625423	0.60657322378	0.535041082649	0.601256645723	0.494925084582	0.576607056549
AG4	0.843402609957	0.859352344128	0.337844369261	0.572257129048	0.831319478009	0.862735621073	0.867568873852	0.859835669406	0.853069115515	0.863702271629	0.880135331078	0.843402609957	0.849685838569	0.0	0.873368777187	0.850169163847	0.890768487192	0.885451909135	0.719671338811	0.691638472692	0.818753020783	0.823586273562	0.882068632189	0.870952150797	0.820686321895	0.806669888835	0.860802319961	0.851619139681	0.77090381827	0.748187530208	0.881585306912	0.869018849686	0.874335427743	0.876268728855	0.898501691638	0.884968583857	0.88883518608	0.861768970517	0.883518608023	0.884968583857	0.883518608023	0.850169163847	0.843402609957	0.861285645239	0.892701788304	0.886418559691	0.884485258579	0.882068632189	0.885451909135	0.882068632189	0.890768487192	0.884485258579	0.891735137748	0.885451909135	0.894151764137	0.885935234413	0.884968583857	0.886418559691	0.883035282745	0.884001933301	0.888351860802	0.889318511358
AH3	0.653939101015	0.374577090382	0.957950700822	0.608989850169	0.607539874335	0.572257129048	0.573707104882	0.548090865152	0.564040599323	0.55099081682	0.599323344611	0.560657322378	0.534557757371	0.873368777187	0.0	0.53939101015	0.594006766554	0.596906718221	0.93281778637	0.766070565491	0.701788303528	0.652489125181	0.644755920735	0.637022716288	0.907684871919	0.680038666022	0.621556307395	0.636056065732	0.651039149348	0.670855485742	0.696471725471	0.639439342678	0.546640889319	0.577573707105	0.707104881585	0.630256162397	0.629772837119	0.541807636539	0.59497341711	0.558724021266	0.547607539874	0.601739971	0.56259062349	0.554857419043	0.642339294345	0.628806186564	0.689221846303	0.61575640406	0.658289028516	0.636056065732	0.641855969067	0.674722087965	0.589173513775	0.586756887385	0.60415659739	0.60657322378	0.572740454326	0.663605606573	0.56259062349	0.638472692122	0.59497341711	0.616723054616
AH4	0.316094731754	0.369743837603	0.937651039149	0.593523441276	0.608989850169	0.52537457709	0.644272595457	0.528757854036	0.528274528758	0.579507008217	0.568390526825	0.558724021266	0.513291445143	0.850169163847	0.53939101015	0.0	0.522957950701	0.526341227646	0.880618656356	0.713388110198	0.618656355727	0.558240695988	0.572257129048	0.566940550991	0.852585790237	0.585790236829	0.535524407927	0.538424359594	0.57177380377	0.600289995167	0.584823586274	0.542290961817	0.53697438376	0.542290961817	0.705171580474	0.630739487675	0.581440309328	0.572740454326	0.548090865152	0.577090381827	0.522474625423	0.685355244079	0.652005799903	0.558724021266	0.589656839053	0.570807153214	0.656355727405	0.599323344611	0.655872402127	0.621556307395	0.617689705172	0.644272595457	0.552924117931	0.539874335428	0.533107781537	0.543257612373	0.507491541808	0.630256162397	0.517641372644	0.619139681005	0.531657805703	0.602706621556
AA7	0.571290478492	0.542774287095	0.971967133881	0.622039632673	0.61575640406	0.47220879652	0.672788786854	0.47220879652	0.455775737071	0.588206863219	0.449975833736	0.566940550991	0.502174963751	0.890768487192	0.594006766554	0.522957950701	0.0	0.278878685355	0.922184630256	0.75688738521	0.593523441276	0.533591106815	0.488641855969	0.480908651522	0.875785403577	0.594490091832	0.441275978734	0.483325277912	0.529724504592	0.586756887385	0.517158047366	0.420976317061	0.441275978734	0.485258579024	0.708071532141	0.642822619623	0.482841952634	0.553407443209	0.473658772354	0.591590140164	0.523924601257	0.723054615756	0.685355244079	0.569840502658	0.547124214596	0.528274528758	0.652972450459	0.617689705172	0.658772353794	0.635572740454	0.598356694055	0.634606089899	0.528274528758	0.53697438376	0.528274528758	0.523441275979	0.521991300145	0.612856452392	0.540357660706	0.633639439343	0.496858385694	0.609956500725
AA8	0.572740454326	0.543740937651	0.966650555824	0.620106331561	0.60657322378	0.46060898985	0.674238762687	0.455775737071	0.437892701788	0.59255679072	0.434026099565	0.54857419043	0.484775253746	0.885451909135	0.596906718221	0.526341227646	0.278878685355	0.0	0.916868052199	0.750604156597	0.582406959884	0.523441275979	0.489125181247	0.47462542291	0.865152247463	0.585790236829	0.427259545674	0.474142097632	0.51377477042	0.577573707105	0.485258579024	0.393910101498	0.421459642339	0.470275495408	0.695988400193	0.631222812953	0.466408893185	0.543740937651	0.460125664572	0.587240212663	0.515224746254	0.724987916868	0.686805219913	0.55099081682	0.526341227646	0.504108264862	0.645239246013	0.595456742388	0.650072498792	0.619139681005	0.584823586274	0.621556307395	0.521507974867	0.524891251812	0.513291445143	0.509908168197	0.524407926535	0.605123247946	0.538424359594	0.617206379894	0.475592073465	0.590140164331
AB7	0.860318994683	0.890768487192	0.732721121315	0.734171097148	0.869985500242	0.916868052199	0.942000966651	0.941517641373	0.933301111648	0.940550990817	0.952150797487	0.895118414693	0.93523441276	0.719671338811	0.93281778637	0.880618656356	0.922184630256	0.916868052199	0.0	0.41904301595	0.814403093282	0.841952634123	0.932334461092	0.927501208313	0.729821169647	0.812953117448	0.898018366361	0.878685355244	0.74528757854	0.719671338811	0.884968583857	0.89125181247	0.9212179797	0.935717738038	0.943450942484	0.944900918318	0.944900918318	0.919284678589	0.946350894152	0.936201063316	0.933784436926	0.876268728855	0.879168680522	0.898018366361	0.956984050266	0.950700821653	0.929434509425	0.923151280812	0.935717738038	0.93523441276	0.927984533591	0.922184630256	0.915418076365	0.916868052199	0.917351377477	0.909134847753	0.925567907202	0.913484775254	0.928467858869	0.930401159981	0.94683421943	0.928951184147
AB8	0.698888351861	0.713388110198	0.764137264379	0.566940550991	0.73852102465	0.743837602707	0.766553890768	0.763653939101	0.758820686322	0.767037216046	0.78008699855	0.719188013533	0.757854035766	0.691638472692	0.766070565491	0.713388110198	0.75688738521	0.750604156597	0.41904301595	0.0	0.653455775737	0.669405509908	0.749637506042	0.743837602707	0.728371193813	0.65732237796	0.716288061866	0.694055099082	0.542290961817	0.54857419043	0.723537941034	0.725471242146	0.750120831319	0.763653939101	0.807636539391	0.773320444659	0.766070565491	0.735621072982	0.764620589657	0.755920734654	0.752537457709	0.715804736588	0.710488158531	0.717254712421	0.78250362494	0.778637022716	0.805219913001	0.751570807153	0.784920251329	0.761237312711	0.767520541324	0.775737071049	0.753987433543	0.748670855486	0.753020782987	0.742387626873	0.753987433543	0.757370710488	0.752054132431	0.750120831319	0.772353794103	0.751087481875
AC7	0.603189946834	0.658772353794	0.890768487192	0.653455775737	0.734654422426	0.586756887385	0.716771387144	0.567907201547	0.555824069599	0.662638956017	0.586273562107	0.686805219913	0.654422426293	0.818753020783	0.701788303528	0.618656355727	0.593523441276	0.582406959884	0.814403093282	0.653455775737	0.0	0.34944417593	0.568873852102	0.568873852102	0.827452875785	0.595940067666	0.549057515708	0.498791686805	0.471242145964	0.499758337361	0.565007249879	0.545190913485	0.552440792653	0.58095698405	0.811019816336	0.736587723538	0.626872885452	0.633639439343	0.595940067666	0.711938134364	0.65973900435	0.715804736588	0.708071532141	0.635089415176	0.633639439343	0.607056549058	0.806669888835	0.758820686322	0.791203479942	0.773803769937	0.74770420493	0.788786853552	0.687771870469	0.68970517158	0.672305461576	0.675688738521	0.65973900435	0.781053649106	0.666505558241	0.762687288545	0.608989850169	0.752537457709
AC8	0.556790720155	0.601739971	0.901401643306	0.619623006283	0.693571773804	0.533107781537	0.683421942968	0.504108264862	0.499758337361	0.60415659739	0.537457709038	0.637989366844	0.601256645723	0.823586273562	0.652489125181	0.558240695988	0.533591106815	0.523441275979	0.841952634123	0.669405509908	0.34944417593	0.0	0.494925084582	0.501691638473	0.831802803287	0.555824069599	0.43740937651	0.390043499275	0.443692605123	0.477042049299	0.534074432093	0.490091831803	0.495891735138	0.521024649589	0.751570807153	0.670372160464	0.55775737071	0.574190430159	0.52779120348	0.649105848236	0.595940067666	0.675205413243	0.653939101015	0.577573707105	0.576123731271	0.551474142098	0.750604156597	0.693088448526	0.73852102465	0.720637989367	0.693088448526	0.728854519091	0.627839536008	0.622522957951	0.61333977767	0.618173030449	0.601739971	0.720154664089	0.606089898502	0.707588206863	0.545674238763	0.689221846303
AD7	0.587723537941	0.595940067666	0.959400676655	0.65973900435	0.735137747704	0.532624456259	0.695505074915	0.508458192363	0.498308361527	0.611889801837	0.454325761237	0.666505558241	0.586756887385	0.882068632189	0.644755920735	0.572257129048	0.488641855969	0.489125181247	0.932334461092	0.749637506042	0.568873852102	0.494925084582	0.0	0.301594973417	0.889318511358	0.521507974867	0.434509424843	0.465442242629	0.501691638473	0.553890768487	0.499275012083	0.481875302078	0.493475108748	0.523924601257	0.75688738521	0.678588690188	0.508458192363	0.596906718221	0.532141130981	0.653939101015	0.593523441276	0.729337844369	0.704204929918	0.609473175447	0.573707104882	0.558240695988	0.756404059932	0.690671822136	0.741904301595	0.717254712421	0.687771870469	0.724987916868	0.633639439343	0.626872885452	0.602223296278	0.61575640406	0.601739971	0.721121314645	0.603673272112	0.710004833253	0.561623972934	0.682455292412
AD8	0.594006766554	0.581923634606	0.951184146931	0.638472692122	0.702271628806	0.505558240696	0.688738521025	0.478492025133	0.471725471242	0.600773320445	0.434509424843	0.636056065732	0.579023682939	0.870952150797	0.637022716288	0.566940550991	0.480908651522	0.47462542291	0.927501208313	0.743837602707	0.568873852102	0.501691638473	0.301594973417	0.0	0.860318994683	0.494441759304	0.414693088449	0.4398260029	0.476558724021	0.541807636539	0.499275012083	0.479458675689	0.479942000967	0.514258095698	0.739971000483	0.659255679072	0.475108748188	0.567907201547	0.506524891252	0.631706138231	0.570807153214	0.726437892702	0.684388593523	0.579507008217	0.551474142098	0.532624456259	0.739487675205	0.667955534074	0.725471242146	0.693571773804	0.666988883519	0.707588206863	0.615273078782	0.609473175447	0.585790236829	0.594490091832	0.582406959884	0.702754954084	0.591106814886	0.68970517158	0.543740937651	0.665055582407
AE7	0.826969550507	0.864668922185	0.847752537458	0.793620106332	0.833736104398	0.886418559691	0.915901401643	0.911551474142	0.895601739971	0.918318028033	0.917351377477	0.850652489125	0.89125181247	0.820686321895	0.907684871919	0.852585790237	0.875785403577	0.865152247463	0.729821169647	0.728371193813	0.827452875785	0.831802803287	0.889318511358	0.860318994683	0.0	0.542774287095	0.872885451909	0.85645239246	0.766070565491	0.766553890768	0.839536007733	0.842919284679	0.898018366361	0.908168197197	0.926534557757	0.9212179797	0.916868052199	0.899951667472	0.913484775254	0.880135331078	0.897051715805	0.881101981634	0.875302078299	0.863218946351	0.93523441276	0.920734654422	0.896568390527	0.896085065249	0.914934751087	0.898018366361	0.898985016916	0.895601739971	0.894151764137	0.894151764137	0.905751570807	0.884001933301	0.904784920251	0.89125181247	0.905268245529	0.905268245529	0.913001449976	0.904784920251
AE8	0.578540357661	0.611406476559	0.885935234413	0.615273078782	0.684388593523	0.580473658772	0.672305461576	0.608023199613	0.594006766554	0.621556307395	0.614789753504	0.623489608507	0.617206379894	0.806669888835	0.680038666022	0.585790236829	0.594490091832	0.585790236829	0.812953117448	0.65732237796	0.595940067666	0.555824069599	0.521507974867	0.494441759304	0.542774287095	0.0	0.576607056549	0.565490575157	0.521991300145	0.521024649589	0.573707104882	0.559690671822	0.603189946834	0.608506524891	0.758820686322	0.691155147414	0.620106331561	0.611889801837	0.610439826003	0.637022716288	0.60657322378	0.691638472692	0.667955534074	0.591106814886	0.632189463509	0.620589656839	0.746737554374	0.689221846303	0.739487675205	0.696471725471	0.685838569357	0.723537941034	0.653455775737	0.64572257129	0.630739487675	0.60415659739	0.632672788787	0.706138231029	0.632189463509	0.698888351861	0.605606573224	0.677138714355
AF7	0.563557274045	0.556790720155	0.938617689705	0.62735621073	0.654905751571	0.482358627356	0.692605123248	0.451909134848	0.441275978734	0.594006766554	0.452392460126	0.597390043499	0.523924601257	0.860802319961	0.621556307395	0.535524407927	0.441275978734	0.427259545674	0.898018366361	0.716288061866	0.549057515708	0.43740937651	0.434509424843	0.414693088449	0.872885451909	0.576607056549	0.0	0.323344610923	0.462542290962	0.53020782987	0.482841952634	0.468342194297	0.430159497342	0.463992266796	0.696471725471	0.62493958434	0.45142580957	0.531174480425	0.479942000967	0.593523441276	0.531657805703	0.709038182697	0.666988883519	0.542290961817	0.52537457709	0.503624939584	0.675688738521	0.620106331561	0.683905268246	0.659255679072	0.626872885452	0.656839052682	0.565007249879	0.552440792653	0.541807636539	0.555340744321	0.546157564041	0.646205896568	0.557274045433	0.65055582407	0.480425326245	0.624456259062
AF8	0.55775737071	0.565490575157	0.929434509425	0.613823102948	0.678105364911	0.49540840986	0.691638472692	0.46302561624	0.462542290962	0.59255679072	0.494441759304	0.617206379894	0.561623972934	0.851619139681	0.636056065732	0.538424359594	0.483325277912	0.474142097632	0.878685355244	0.694055099082	0.498791686805	0.390043499275	0.465442242629	0.4398260029	0.85645239246	0.565490575157	0.323344610923	0.0	0.434026099565	0.503624939584	0.51619139681	0.457709038183	0.447559207347	0.493958434026	0.716771387144	0.643789270179	0.496375060416	0.539874335428	0.495891735138	0.601739971	0.550507491542	0.687771870469	0.647172547124	0.535524407927	0.544224262929	0.52537457709	0.69453842436	0.640889318511	0.698405026583	0.673755437409	0.64813919768	0.672788786854	0.579990333494	0.572257129048	0.55775737071	0.568390526825	0.547124214596	0.664088931851	0.55775737071	0.663122281295	0.493958434026	0.642339294345
AG7	0.575157080715	0.60657322378	0.846785886902	0.553407443209	0.6805219913	0.525857902368	0.681005316578	0.503624939584	0.491541807637	0.59255679072	0.524891251812	0.626872885452	0.598840019333	0.77090381827	0.651039149348	0.57177380377	0.529724504592	0.51377477042	0.74528757854	0.542290961817	0.471242145964	0.443692605123	0.501691638473	0.476558724021	0.766070565491	0.521991300145	0.462542290962	0.434026099565	0.0	0.326244562591	0.531657805703	0.49540840986	0.498791686805	0.535041082649	0.751570807153	0.666988883519	0.532141130981	0.563073948768	0.531657805703	0.637022716288	0.589656839053	0.676172063799	0.632189463509	0.5601739971	0.576607056549	0.563073948768	0.748187530208	0.681488641856	0.728371193813	0.707588206863	0.682455292412	0.723054615756	0.626872885452	0.619139681005	0.608506524891	0.607539874335	0.613823102948	0.707104881585	0.618656355727	0.695505074915	0.563557274045	0.674722087965
AG8	0.590140164331	0.625422909618	0.82648622523	0.576123731271	0.696955050749	0.565007249879	0.679555340744	0.560657322378	0.555824069599	0.608989850169	0.591106814886	0.652489125181	0.625422909618	0.748187530208	0.670855485742	0.600289995167	0.586756887385	0.577573707105	0.719671338811	0.54857419043	0.499758337361	0.477042049299	0.553890768487	0.541807636539	0.766553890768	0.521024649589	0.53020782987	0.503624939584	0.326244562591	0.0	0.576607056549	0.550507491542	0.566940550991	0.577090381827	0.771870468826	0.688255195747	0.591106814886	0.573707104882	0.584823586274	0.663605606573	0.614789753504	0.670372160464	0.640889318511	0.589173513775	0.614306428226	0.605606573224	0.754954084099	0.68970517158	0.740454325761	0.713388110198	0.702754954084	0.728371193813	0.664572257129	0.652972450459	0.637506041566	0.626872885452	0.643789270179	0.716771387144	0.652489125181	0.703238279362	0.605606573224	0.686805219913
AH7	0.587723537941	0.628322861286	0.952634122765	0.683905268246	0.707588206863	0.573707104882	0.711938134364	0.561140647656	0.546157564041	0.646205896568	0.524407926535	0.655872402127	0.625906234896	0.881585306912	0.696471725471	0.584823586274	0.517158047366	0.485258579024	0.884968583857	0.723537941034	0.565007249879	0.534074432093	0.499275012083	0.499275012083	0.839536007733	0.573707104882	0.482841952634	0.51619139681	0.531657805703	0.576607056549	0.0	0.343160947318	0.568873852102	0.598840019333	0.781053649106	0.723537941034	0.549057515708	0.639439342678	0.593523441276	0.66892218463	0.628322861286	0.758337361044	0.740937651039	0.643305944901	0.634122764621	0.617206379894	0.757370710488	0.715804736588	0.763653939101	0.732721121315	0.706138231029	0.742870952151	0.639922667956	0.64572257129	0.619139681005	0.628322861286	0.621556307395	0.732237796037	0.633639439343	0.718704688255	0.608989850169	0.710004833253
AH8	0.560657322378	0.579990333494	0.948284195263	0.637989366844	0.664572257129	0.514741420976	0.684388593523	0.498791686805	0.492025132914	0.594490091832	0.502174963751	0.615273078782	0.563073948768	0.869018849686	0.639439342678	0.542290961817	0.420976317061	0.393910101498	0.89125181247	0.725471242146	0.545190913485	0.490091831803	0.481875302078	0.479458675689	0.842919284679	0.559690671822	0.468342194297	0.457709038183	0.49540840986	0.550507491542	0.343160947318	0.0	0.498791686805	0.528757854036	0.747220879652	0.683421942968	0.528274528758	0.585306911551	0.527307878202	0.621072982117	0.574673755437	0.723537941034	0.690188496858	0.593040115998	0.579023682939	0.550507491542	0.702271628806	0.657805703238	0.713871435476	0.674238762687	0.646205896568	0.677622039633	0.58337361044	0.58095698405	0.573707104882	0.565490575157	0.565973900435	0.670372160464	0.57177380377	0.669405509908	0.541807636539	0.655389076849
AA5	0.579507008217	0.51377477042	0.95601739971	0.622522957951	0.609956500725	0.459642339294	0.626389560174	0.390043499275	0.400193330111	0.534557757371	0.43740937651	0.549540840986	0.514258095698	0.874335427743	0.546640889319	0.53697438376	0.441275978734	0.421459642339	0.9212179797	0.750120831319	0.552440792653	0.495891735138	0.493475108748	0.479942000967	0.898018366361	0.603189946834	0.430159497342	0.447559207347	0.498791686805	0.566940550991	0.568873852102	0.498791686805	0.0	0.337361043983	0.678588690188	0.589173513775	0.474142097632	0.447075882069	0.444175930401	0.538424359594	0.46302561624	0.629772837119	0.588206863219	0.473175447076	0.509908168197	0.474142097632	0.689221846303	0.628806186564	0.663605606573	0.646205896568	0.642339294345	0.681005316578	0.546640889319	0.567907201547	0.551957467376	0.55099081682	0.525857902368	0.655872402127	0.543740937651	0.63653939101	0.491058482359	0.617689705172
AA6	0.595940067666	0.527307878202	0.959884001933	0.638472692122	0.622522957951	0.456259062349	0.642822619623	0.422909618173	0.441275978734	0.552924117931	0.475108748188	0.562107298212	0.514258095698	0.876268728855	0.577573707105	0.542290961817	0.485258579024	0.470275495408	0.935717738038	0.763653939101	0.58095698405	0.521024649589	0.523924601257	0.514258095698	0.908168197197	0.608506524891	0.463992266796	0.493958434026	0.535041082649	0.577090381827	0.598840019333	0.528757854036	0.337361043983	0.0	0.665538907685	0.57177380377	0.496858385694	0.473658772354	0.451909134848	0.5601739971	0.487191880135	0.666022232963	0.621556307395	0.509908168197	0.442725954567	0.411309811503	0.679072015466	0.623489608507	0.654905751571	0.643789270179	0.633156114065	0.665055582407	0.53939101015	0.554857419043	0.53939101015	0.539874335428	0.534557757371	0.649105848236	0.54857419043	0.630256162397	0.497341710971	0.611406476559
AB5	0.745770903818	0.679555340744	0.969067182214	0.714354760754	0.623006283229	0.636056065732	0.742870952151	0.654422426293	0.670372160464	0.708071532141	0.675205413243	0.609956500725	0.661672305462	0.898501691638	0.707104881585	0.705171580474	0.708071532141	0.695988400193	0.943450942484	0.807636539391	0.811019816336	0.751570807153	0.75688738521	0.739971000483	0.926534557757	0.758820686322	0.696471725471	0.716771387144	0.751570807153	0.771870468826	0.781053649106	0.747220879652	0.678588690188	0.665538907685	0.0	0.337844369261	0.624456259062	0.654422426293	0.633156114065	0.618173030449	0.602223296278	0.75688738521	0.729337844369	0.639922667956	0.628806186564	0.622522957951	0.620106331561	0.622522957951	0.627839536008	0.616723054616	0.634122764621	0.625906234896	0.592073465442	0.611406476559	0.608506524891	0.633156114065	0.665055582407	0.608023199613	0.661188980184	0.619623006283	0.666505558241	0.626872885452
AB6	0.672788786854	0.600773320445	0.962783953601	0.653455775737	0.593523441276	0.55775737071	0.660705654906	0.568390526825	0.587723537941	0.62735621073	0.608023199613	0.544707588207	0.596906718221	0.884968583857	0.630256162397	0.630739487675	0.642822619623	0.631222812953	0.944900918318	0.773320444659	0.736587723538	0.670372160464	0.678588690188	0.659255679072	0.9212179797	0.691155147414	0.62493958434	0.643789270179	0.666988883519	0.688255195747	0.723537941034	0.683421942968	0.589173513775	0.57177380377	0.337844369261	0.0	0.557274045433	0.56259062349	0.563073948768	0.545674238763	0.533591106815	0.674238762687	0.641372643789	0.537457709038	0.533107781537	0.52779120348	0.587240212663	0.538907684872	0.574673755437	0.552924117931	0.542290961817	0.574673755437	0.519574673755	0.545190913485	0.547124214596	0.576123731271	0.585790236829	0.553890768487	0.584823586274	0.548090865152	0.602223296278	0.530691155147
AC5	0.605123247946	0.587723537941	0.972933784437	0.64813919768	0.627839536008	0.458192363461	0.673272112131	0.450459159014	0.443209279845	0.583856935718	0.418559690672	0.563073948768	0.538907684872	0.88883518608	0.629772837119	0.581440309328	0.482841952634	0.466408893185	0.944900918318	0.766070565491	0.626872885452	0.55775737071	0.508458192363	0.475108748188	0.916868052199	0.620106331561	0.45142580957	0.496375060416	0.532141130981	0.591106814886	0.549057515708	0.528274528758	0.474142097632	0.496858385694	0.624456259062	0.557274045433	0.0	0.444175930401	0.444175930401	0.576123731271	0.520541324311	0.720637989367	0.664572257129	0.542290961817	0.479942000967	0.46979217013	0.617206379894	0.565490575157	0.620106331561	0.588206863219	0.575157080715	0.603189946834	0.521991300145	0.517641372644	0.496858385694	0.511841469309	0.568873852102	0.588206863219	0.579507008217	0.571290478492	0.51377477042	0.556307394877
AC6	0.622522957951	0.519091348478	0.950217496375	0.618656355727	0.570807153214	0.495891735138	0.525857902368	0.464475592073	0.498791686805	0.465442242629	0.529724504592	0.528757854036	0.53939101015	0.861768970517	0.541807636539	0.572740454326	0.553407443209	0.543740937651	0.919284678589	0.735621072982	0.633639439343	0.574190430159	0.596906718221	0.567907201547	0.899951667472	0.611889801837	0.531174480425	0.539874335428	0.563073948768	0.573707104882	0.639439342678	0.585306911551	0.447075882069	0.473658772354	0.654422426293	0.56259062349	0.444175930401	0.0	0.502174963751	0.507491541808	0.467858869019	0.50459159014	0.442725954567	0.414693088449	0.529241179314	0.521991300145	0.669405509908	0.617689705172	0.646689221846	0.629289511841	0.632672788787	0.657805703238	0.574673755437	0.586273562107	0.558724021266	0.538424359594	0.545674238763	0.639922667956	0.560657322378	0.612856452392	0.533591106815	0.600773320445
AD6	0.590623489609	0.55099081682	0.970517158047	0.611889801837	0.587240212663	0.405993233446	0.623972933784	0.417593040116	0.424842919285	0.552440792653	0.436442725955	0.519574673755	0.503141614306	0.883518608023	0.59497341711	0.548090865152	0.473658772354	0.460125664572	0.946350894152	0.764620589657	0.595940067666	0.52779120348	0.532141130981	0.506524891252	0.913484775254	0.610439826003	0.479942000967	0.495891735138	0.531657805703	0.584823586274	0.593523441276	0.527307878202	0.444175930401	0.451909134848	0.633156114065	0.563073948768	0.444175930401	0.502174963751	0.0	0.535041082649	0.415659739004	0.705171580474	0.655389076849	0.532624456259	0.473658772354	0.456742387627	0.609473175447	0.55775737071	0.598840019333	0.564523924601	0.566457225713	0.597873368777	0.491541807637	0.484775253746	0.479942000967	0.485258579024	0.534074432093	0.585306911551	0.541324311261	0.576123731271	0.456742387627	0.551957467376
AE5	0.625906234896	0.534557757371	0.969067182214	0.619623006283	0.551474142098	0.530691155147	0.589173513775	0.538907684872	0.584823586274	0.535524407927	0.594006766554	0.491058482359	0.560657322378	0.884968583857	0.558724021266	0.577090381827	0.591590140164	0.587240212663	0.936201063316	0.755920734654	0.711938134364	0.649105848236	0.653939101015	0.631706138231	0.880135331078	0.637022716288	0.593523441276	0.601739971	0.637022716288	0.663605606573	0.66892218463	0.621072982117	0.538424359594	0.5601739971	0.618173030449	0.545674238763	0.576123731271	0.507491541808	0.535041082649	0.0	0.337361043983	0.624456259062	0.587723537941	0.492508458192	0.60415659739	0.599323344611	0.646689221846	0.603673272112	0.629289511841	0.602223296278	0.622039632673	0.649105848236	0.529724504592	0.556307394877	0.576607056549	0.55099081682	0.552924117931	0.621556307395	0.55775737071	0.589173513775	0.564040599323	0.599323344611
AE6	0.590623489609	0.487191880135	0.968583856936	0.608989850169	0.560657322378	0.474142097632	0.561623972934	0.461092315128	0.510874818753	0.485258579024	0.527307878202	0.503141614306	0.494925084582	0.883518608023	0.547607539874	0.522474625423	0.523924601257	0.515224746254	0.933784436926	0.752537457709	0.65973900435	0.595940067666	0.593523441276	0.570807153214	0.897051715805	0.60657322378	0.531657805703	0.550507491542	0.589656839053	0.614789753504	0.628322861286	0.574673755437	0.46302561624	0.487191880135	0.602223296278	0.533591106815	0.520541324311	0.467858869019	0.415659739004	0.337361043983	0.0	0.643789270179	0.594490091832	0.467375543741	0.533591106815	0.526824552924	0.630256162397	0.578057032383	0.610439826003	0.589173513775	0.596906718221	0.626872885452	0.500724987917	0.510874818753	0.502174963751	0.488158530691	0.494441759304	0.605606573224	0.510874818753	0.578057032383	0.491058482359	0.573707104882
AF5	0.708071532141	0.629289511841	0.930884485259	0.67133881102	0.67133881102	0.68970517158	0.546157564041	0.656355727405	0.690671822136	0.591106814886	0.721604639923	0.63653939101	0.686321894635	0.850169163847	0.601739971	0.685355244079	0.723054615756	0.724987916868	0.876268728855	0.715804736588	0.715804736588	0.675205413243	0.729337844369	0.726437892702	0.881101981634	0.691638472692	0.709038182697	0.687771870469	0.676172063799	0.670372160464	0.758337361044	0.723537941034	0.629772837119	0.666022232963	0.75688738521	0.674238762687	0.720637989367	0.50459159014	0.705171580474	0.624456259062	0.643789270179	0.0	0.302078298695	0.536491058482	0.727887868536	0.717738037699	0.769453842436	0.725471242146	0.749154180764	0.724021266312	0.734654422426	0.761720637989	0.702754954084	0.725471242146	0.730304494925	0.718704688255	0.681971967134	0.746254229096	0.68293861769	0.718704688255	0.719671338811	0.715804736588
AF6	0.695505074915	0.588690188497	0.925084581924	0.652005799903	0.646689221846	0.64813919768	0.524891251812	0.609473175447	0.648622522958	0.559207346544	0.682455292412	0.608989850169	0.64813919768	0.843402609957	0.56259062349	0.652005799903	0.685355244079	0.686805219913	0.879168680522	0.710488158531	0.708071532141	0.653939101015	0.704204929918	0.684388593523	0.875302078299	0.667955534074	0.666988883519	0.647172547124	0.632189463509	0.640889318511	0.740937651039	0.690188496858	0.588206863219	0.621556307395	0.729337844369	0.641372643789	0.664572257129	0.442725954567	0.655389076849	0.587723537941	0.594490091832	0.302078298695	0.0	0.499275012083	0.6805219913	0.67133881102	0.741420976317	0.695021749638	0.717254712421	0.689221846303	0.694055099082	0.730787820203	0.666505558241	0.678105364911	0.682455292412	0.669888835186	0.637506041566	0.71290478492	0.637506041566	0.689221846303	0.679555340744	0.681488641856
