	AA3	AA4	AB3	AB4	AC3	AC4	AD3	AD4	AE3	AE4	AF3	AF4	AG3	AG4	AH3	AH4	AA7	AA8	AB7	AB8	AC7	AC8	AD7	AD8	AE7	AE8	AF7	AF8	AG7	AG8	AH7	AH8	AA5	AA6	AB5	AB6	AC5	AC6	AD6	AE5	AE6	AF5	AF6	AG5	AH5	AH6	AA1	AA2	AB1	AB2	AC1	AC2	AD1	AD2	AE1	AE2	AF1	AF2	AG1	AG2	AH1	AH2
AA3	0.0	0.466892218463	0.93281778637	0.635089415176	0.649589173514	0.568390526825	0.675205413243	0.581440309328	0.552924117931	0.588690188497	0.597873368777	0.59497341711	0.577090381827	0.859835669406	0.636056065732	0.33107781537	0.551957467376	0.549540840986	0.869502174964	0.709521507975	0.620106331561	0.557274045433	0.593523441276	0.56259062349	0.83325277912	0.586273562107	0.561140647656	0.544707588207	0.572257129048	0.556307394877	0.593040115998	0.545674238763	0.569840502658	0.597873368777	0.737071048816	0.672305461576	0.579990333494	0.604639922668	0.585790236829	0.62493958434	0.585790236829	0.702754954084	0.6805219913	0.601256645723	0.611406476559	0.613823102948	0.661188980184	0.624456259062	0.691638472692	0.662155630739	0.624456259062	0.653455775737	0.550024166264	0.556790720155	0.564523924601	0.5601739971	0.560657322378	0.637022716288	0.572257129048	0.644755920735	0.580473658772	0.625422909618
AA4	0.466892218463	0.0	0.942967617206	0.584823586274	0.577090381827	0.499275012083	0.596906718221	0.4813919768	0.49540840986	0.496375060416	0.555340744321	0.518124697922	0.473175447076	0.860802319961	0.386176897052	0.357660705655	0.522474625423	0.524407926535	0.892701788304	0.717254712421	0.654905751571	0.558724021266	0.573223779604	0.540357660706	0.866118898018	0.601739971	0.536007733204	0.536007733204	0.580473658772	0.571290478492	0.617206379894	0.555824069599	0.489608506525	0.503141614306	0.672305461576	0.590140164331	0.549540840986	0.497825036249	0.529241179314	0.5186080232	0.483325277912	0.627839536008	0.598356694055	0.519091348478	0.573223779604	0.556790720155	0.641855969067	0.58095698405	0.632189463509	0.624456259062	0.597390043499	0.623972933784	0.52537457709	0.51377477042	0.520541324311	0.511841469309	0.496858385694	0.609956500725	0.508941517641	0.592073465442	0.521991300145	0.568390526825
AB3	0.93281778637	0.942967617206	0.0	0.665538907685	0.910584823586	0.953117448043	0.956500724988	0.939101014983	0.930401159981	0.942484291928	0.967133881102	0.931851135814	0.958917351377	0.34267762204	0.950217496375	0.935717738038	0.965683905268	0.963750604157	0.739487675205	0.755437409377	0.884001933301	0.913001449976	0.9584340261	0.938134364427	0.847752537458	0.893668438859	0.938134364427	0.926051232479	0.835186080232	0.849202513291	0.947317544708	0.952634122765	0.952634122765	0.957467375544	0.970517158047	0.961333977767	0.968100531658	0.947800869986	0.967133881102	0.968100531658	0.965683905268	0.929434509425	0.931367810536	0.941517641373	0.969067182214	0.966167230546	0.966167230546	0.96520057999	0.962783953601	0.96761720638	0.96520057999	0.963750604157	0.968583856936	0.966167230546	0.968583856936	0.966167230546	0.966650555824	0.968100531658	0.96761720638	0.96761720638	0.969067182214	0.96520057999
AB4	0.635089415176	0.584823586274	0.665538907685	0.0	0.632672788787	0.618173030449	0.69453842436	0.612856452392	0.610923151281	0.613823102948	0.654905751571	0.613823102948	0.490575157081	0.563073948768	0.617689705172	0.603673272112	0.649589173514	0.642822619623	0.727404543258	0.580473658772	0.673755437409	0.644755920735	0.666505558241	0.637022716288	0.795070082165	0.639922667956	0.65732237796	0.645239246013	0.547124214596	0.587240212663	0.70130497825	0.661188980184	0.640405993233	0.655872402127	0.728854519091	0.677622039633	0.65055582407	0.631706138231	0.634122764621	0.628322861286	0.62493958434	0.666505558241	0.661672305462	0.630256162397	0.681005316578	0.672305461576	0.690671822136	0.666022232963	0.69453842436	0.689221846303	0.681005316578	0.677138714355	0.647172547124	0.638472692122	0.655872402127	0.639922667956	0.649105848236	0.669405509908	0.649105848236	0.667472208797	0.657805703238	0.666022232963
AC3	0.649589173514	0.577090381827	0.910584823586	0.632672788787	0.0	0.510391493475	0.648622522958	0.546640889319	0.582406959884	0.579023682939	0.61575640406	0.335427742871	0.602223296278	0.834702754954	0.608989850169	0.613823102948	0.621072982117	0.611406476559	0.876752054132	0.739004349928	0.73852102465	0.685355244079	0.724987916868	0.69212179797	0.830352827453	0.683421942968	0.665538907685	0.666988883519	0.677622039633	0.666505558241	0.711938134364	0.663605606573	0.608989850169	0.637506041566	0.637989366844	0.590140164331	0.630739487675	0.582406959884	0.597873368777	0.543740937651	0.550507491542	0.651039149348	0.643305944901	0.557274045433	0.647655872402	0.632672788787	0.590140164331	0.59255679072	0.596423392943	0.59497341711	0.606089898502	0.591106814886	0.551474142098	0.582890285162	0.591590140164	0.561623972934	0.621072982117	0.581440309328	0.628322861286	0.594490091832	0.605606573224	0.601739971
AC4	0.568390526825	0.499275012083	0.953117448043	0.618173030449	0.510391493475	0.0	0.623489608507	0.424359594007	0.420009666506	0.513291445143	0.35186080232	0.420976317061	0.5186080232	0.870952150797	0.580473658772	0.535041082649	0.479942000967	0.463992266796	0.924117931368	0.752537457709	0.600773320445	0.535524407927	0.524891251812	0.507974867086	0.894151764137	0.572257129048	0.501691638473	0.50459159014	0.544707588207	0.555340744321	0.585790236829	0.524407926535	0.451909134848	0.482841952634	0.645239246013	0.570807153214	0.463992266796	0.507491541808	0.43064282262	0.540357660706	0.479942000967	0.684388593523	0.650072498792	0.507974867086	0.505074915418	0.484775253746	0.635572740454	0.58095698405	0.607539874335	0.619623006283	0.586756887385	0.611889801837	0.489608506525	0.505074915418	0.515708071532	0.507491541808	0.541807636539	0.603189946834	0.5601739971	0.58337361044	0.481875302078	0.564040599323
AD3	0.675205413243	0.596906718221	0.956500724988	0.69453842436	0.648622522958	0.623489608507	0.0	0.52779120348	0.645239246013	0.376510391493	0.6805219913	0.605123247946	0.640889318511	0.875785403577	0.572257129048	0.641372643789	0.687288545191	0.683421942968	0.94441759304	0.775737071049	0.726437892702	0.698405026583	0.697438376027	0.694055099082	0.9212179797	0.695988400193	0.702754954084	0.699855002417	0.697438376027	0.684388593523	0.723537941034	0.694055099082	0.627839536008	0.648622522958	0.743354277429	0.668438859352	0.670855485742	0.545674238763	0.623489608507	0.570807153214	0.572257129048	0.561140647656	0.52779120348	0.55099081682	0.695505074915	0.674722087965	0.755920734654	0.697921701305	0.735621072982	0.734171097148	0.702754954084	0.731271145481	0.652005799903	0.65973900435	0.666022232963	0.64813919768	0.628322861286	0.718221362977	0.634606089899	0.707588206863	0.685838569357	0.695988400193
AD4	0.581440309328	0.4813919768	0.939101014983	0.612856452392	0.546640889319	0.424359594007	0.52779120348	0.0	0.310778153697	0.392943450942	0.418559690672	0.491058482359	0.518124697922	0.859835669406	0.547607539874	0.521507974867	0.454325761237	0.451909134848	0.942000966651	0.764137264379	0.585790236829	0.513291445143	0.496858385694	0.473175447076	0.910101498308	0.589656839053	0.452392460126	0.457709038183	0.511841469309	0.563557274045	0.551957467376	0.504108264862	0.38666022233	0.461575640406	0.646689221846	0.574673755437	0.429192846786	0.471725471242	0.436442725955	0.541324311261	0.478008699855	0.641855969067	0.611889801837	0.481875302078	0.502174963751	0.475592073465	0.649105848236	0.590623489609	0.631706138231	0.637506041566	0.601739971	0.626872885452	0.505074915418	0.509908168197	0.515224746254	0.516674722088	0.528757854036	0.61575640406	0.551474142098	0.610923151281	0.507491541808	0.586756887385
AE3	0.552924117931	0.49540840986	0.930401159981	0.610923151281	0.582406959884	0.420009666506	0.645239246013	0.310778153697	0.0	0.501691638473	0.40502658289	0.521507974867	0.514258095698	0.855969067182	0.57177380377	0.522957950701	0.431609473175	0.424842919285	0.930401159981	0.754470758821	0.56259062349	0.487675205413	0.466892218463	0.443209279845	0.901401643306	0.579990333494	0.429676172064	0.440309328178	0.501208313195	0.554857419043	0.536491058482	0.477525374577	0.386176897052	0.465442242629	0.674722087965	0.608023199613	0.434026099565	0.517641372644	0.44900918318	0.593523441276	0.532141130981	0.690188496858	0.662638956017	0.523924601257	0.502658289029	0.481875302078	0.658289028516	0.594490091832	0.639922667956	0.652005799903	0.606089898502	0.637506041566	0.514741420976	0.527307878202	0.532141130981	0.533591106815	0.554857419043	0.619623006283	0.575640405993	0.621556307395	0.500724987917	0.591590140164
AE4	0.588690188497	0.496375060416	0.942484291928	0.613823102948	0.579023682939	0.513291445143	0.376510391493	0.392943450942	0.501691638473	0.0	0.572740454326	0.523441275979	0.559690671822	0.859835669406	0.535041082649	0.540357660706	0.576123731271	0.575640405993	0.93523441276	0.755437409377	0.654905751571	0.594006766554	0.589173513775	0.564040599323	0.901401643306	0.612373127115	0.579023682939	0.575640405993	0.579023682939	0.584340260996	0.641855969067	0.59497341711	0.518124697922	0.543257612373	0.685838569357	0.617689705172	0.561623972934	0.461092315128	0.52779120348	0.5186080232	0.498308361527	0.590623489609	0.554374093765	0.500724987917	0.590623489609	0.573223779604	0.693571773804	0.638472692122	0.681488641856	0.684388593523	0.652005799903	0.675688738521	0.576607056549	0.574190430159	0.579990333494	0.573223779604	0.547607539874	0.661672305462	0.565007249879	0.655872402127	0.58095698405	0.634606089899
AF3	0.597873368777	0.555340744321	0.967133881102	0.654905751571	0.61575640406	0.35186080232	0.6805219913	0.418559690672	0.40502658289	0.572740454326	0.0	0.519574673755	0.549057515708	0.889801836636	0.619623006283	0.574190430159	0.447559207347	0.431126147898	0.95601739971	0.783953600773	0.592073465442	0.538424359594	0.434026099565	0.430159497342	0.922184630256	0.603189946834	0.456259062349	0.479458675689	0.538424359594	0.587723537941	0.528757854036	0.501691638473	0.424842919285	0.509424842919	0.65973900435	0.610923151281	0.404059932334	0.546157564041	0.44224262929	0.602706621556	0.542774287095	0.724987916868	0.690671822136	0.545190913485	0.491058482359	0.47220879652	0.646689221846	0.589173513775	0.637989366844	0.629289511841	0.594006766554	0.62735621073	0.5186080232	0.511358144031	0.5186080232	0.525857902368	0.579023682939	0.61575640406	0.594490091832	0.594490091832	0.497825036249	0.570807153214
AF4	0.59497341711	0.518124697922	0.931851135814	0.613823102948	0.335427742871	0.420976317061	0.605123247946	0.491058482359	0.521507974867	0.523441275979	0.519574673755	0.0	0.539874335428	0.851619139681	0.55775737071	0.544224262929	0.562107298212	0.556307394877	0.889318511358	0.717254712421	0.70372160464	0.637022716288	0.65732237796	0.62735621073	0.852585790237	0.628322861286	0.601256645723	0.610439826003	0.635572740454	0.623006283229	0.660222329628	0.610439826003	0.53939101015	0.57177380377	0.611889801837	0.526824552924	0.551957467376	0.529724504592	0.516674722088	0.507491541808	0.491541807637	0.627839536008	0.607056549058	0.509908168197	0.570807153214	0.553890768487	0.576607056549	0.521991300145	0.568873852102	0.557274045433	0.542774287095	0.555340744321	0.487191880135	0.510391493475	0.519091348478	0.498308361527	0.553890768487	0.545674238763	0.565973900435	0.530691155147	0.547607539874	0.531174480425
AG3	0.577090381827	0.473175447076	0.958917351377	0.490575157081	0.602223296278	0.5186080232	0.640889318511	0.518124697922	0.514258095698	0.559690671822	0.549057515708	0.539874335428	0.0	0.853552440793	0.534557757371	0.514741420976	0.519574673755	0.505074915418	0.92363460609	0.749637506042	0.680038666022	0.597390043499	0.598356694055	0.587723537941	0.878685355244	0.629289511841	0.550507491542	0.569840502658	0.613823102948	0.612856452392	0.634122764621	0.566457225713	0.520057999033	0.52779120348	0.666505558241	0.60657322378	0.546640889319	0.548090865152	0.519091348478	0.551957467376	0.515224746254	0.674238762687	0.644755920735	0.545674238763	0.578057032383	0.563073948768	0.615273078782	0.563073948768	0.617689705172	0.620589656839	0.576123731271	0.605123247946	0.509424842919	0.516674722088	0.535524407927	0.5186080232	0.549057515708	0.595940067666	0.554857419043	0.591106814886	0.50700821653	0.566457225713
AG4	0.859835669406	0.860802319961	0.34267762204	0.563073948768	0.834702754954	0.870952150797	0.875785403577	0.859835669406	0.855969067182	0.859835669406	0.889801836636	0.851619139681	0.853552440793	0.0	0.872402126631	0.858385693572	0.89125181247	0.890285161914	0.700821652972	0.684388593523	0.819236346061	0.840985983567	0.885935234413	0.86563557274	0.82648622523	0.816819719671	0.86805219913	0.854519091348	0.766553890768	0.765103914935	0.885451909135	0.87723537941	0.8796520058	0.882551957467	0.902368293862	0.890768487192	0.892701788304	0.861768970517	0.88883518608	0.885935234413	0.886418559691	0.853552440793	0.854519091348	0.867568873852	0.895601739971	0.893185113581	0.88883518608	0.88883518608	0.886901884969	0.885935234413	0.893185113581	0.887385210246	0.893668438859	0.889318511358	0.895601739971	0.890768487192	0.89125181247	0.88883518608	0.88883518608	0.886901884969	0.893668438859	0.892218463026
AH3	0.636056065732	0.386176897052	0.950217496375	0.617689705172	0.608989850169	0.580473658772	0.572257129048	0.547607539874	0.57177380377	0.535041082649	0.619623006283	0.55775737071	0.534557757371	0.872402126631	0.0	0.520541324311	0.615273078782	0.614789753504	0.927017883035	0.758820686322	0.710488158531	0.634606089899	0.640889318511	0.626872885452	0.901884968584	0.688738521025	0.640889318511	0.646205896568	0.657805703238	0.665055582407	0.695988400193	0.640889318511	0.56259062349	0.586756887385	0.719188013533	0.64572257129	0.630739487675	0.540357660706	0.607539874335	0.556790720155	0.570807153214	0.599806669889	0.558724021266	0.563557274045	0.653939101015	0.630256162397	0.702754954084	0.63653939101	0.676655389077	0.679555340744	0.649105848236	0.679555340744	0.612373127115	0.600289995167	0.606089898502	0.602223296278	0.582890285162	0.668438859352	0.576123731271	0.642822619623	0.617689705172	0.627839536008
AH4	0.33107781537	0.357660705655	0.935717738038	0.603673272112	0.613823102948	0.535041082649	0.641372643789	0.521507974867	0.522957950701	0.540357660706	0.574190430159	0.544224262929	0.514741420976	0.858385693572	0.520541324311	0.0	0.532624456259	0.537457709038	0.880618656356	0.712421459642	0.632189463509	0.550507491542	0.58095698405	0.550024166264	0.852102464959	0.584823586274	0.550507491542	0.538424359594	0.565973900435	0.559207346544	0.601739971	0.545190913485	0.527307878202	0.541807636539	0.704204929918	0.630739487675	0.567423876269	0.559207346544	0.548090865152	0.574190430159	0.53020782987	0.670855485742	0.647172547124	0.562107298212	0.587723537941	0.573223779604	0.654422426293	0.596906718221	0.64813919768	0.633639439343	0.608023199613	0.637022716288	0.529724504592	0.528274528758	0.535041082649	0.529241179314	0.506524891252	0.62493958434	0.524407926535	0.614789753504	0.547607539874	0.595456742388
AA7	0.551957467376	0.522474625423	0.965683905268	0.649589173514	0.621072982117	0.479942000967	0.687288545191	0.454325761237	0.431609473175	0.576123731271	0.447559207347	0.562107298212	0.519574673755	0.89125181247	0.615273078782	0.532624456259	0.0	0.281295311745	0.924117931368	0.753987433543	0.585790236829	0.499758337361	0.473658772354	0.466892218463	0.876752054132	0.577573707105	0.442725954567	0.456742387627	0.532141130981	0.567907201547	0.517158047366	0.403576607057	0.413726437893	0.492025132914	0.707104881585	0.651039149348	0.462058965684	0.559690671822	0.488641855969	0.599806669889	0.553407443209	0.716771387144	0.695021749638	0.582406959884	0.533107781537	0.517158047366	0.649589173514	0.594006766554	0.666022232963	0.655389076849	0.590140164331	0.623972933784	0.509908168197	0.521991300145	0.531174480425	0.524407926535	0.540840985984	0.608023199613	0.553407443209	0.631706138231	0.504108264862	0.601739971
AA8	0.549540840986	0.524407926535	0.963750604157	0.642822619623	0.611406476559	0.463992266796	0.683421942968	0.451909134848	0.424842919285	0.575640405993	0.431126147898	0.556307394877	0.505074915418	0.890285161914	0.614789753504	0.537457709038	0.281295311745	0.0	0.928467858869	0.755920734654	0.576123731271	0.488641855969	0.468825519575	0.456742387627	0.861768970517	0.566457225713	0.420009666506	0.449975833736	0.526824552924	0.559690671822	0.478008699855	0.365877235379	0.420492991783	0.499758337361	0.702271628806	0.652005799903	0.445625906235	0.561623972934	0.478975350411	0.595940067666	0.544707588207	0.724021266312	0.696955050749	0.578057032383	0.530691155147	0.511841469309	0.633156114065	0.588690188497	0.652972450459	0.641855969067	0.582890285162	0.614789753504	0.501208313195	0.514741420976	0.524407926535	0.516674722088	0.543257612373	0.598356694055	0.552924117931	0.620589656839	0.492508458192	0.594006766554
AB7	0.869502174964	0.892701788304	0.739487675205	0.727404543258	0.876752054132	0.924117931368	0.94441759304	0.942000966651	0.930401159981	0.93523441276	0.95601739971	0.889318511358	0.92363460609	0.700821652972	0.927017883035	0.880618656356	0.924117931368	0.928467858869	0.0	0.418076365394	0.811019816336	0.843885935234	0.941034316095	0.917834702755	0.746254229096	0.822619623006	0.897535041083	0.872402126631	0.740937651039	0.704688255196	0.889318511358	0.90043499275	0.926534557757	0.941034316095	0.945384243596	0.931367810536	0.940550990817	0.919284678589	0.948284195263	0.937167713871	0.930401159981	0.880618656356	0.876268728855	0.908651522475	0.9584340261	0.955050749154	0.931367810536	0.928467858869	0.931851135814	0.922667955534	0.93281778637	0.920734654422	0.927984533591	0.921701304978	0.920251329145	0.918318028033	0.922184630256	0.920734654422	0.920734654422	0.92363460609	0.950700821653	0.937651039149
AB8	0.709521507975	0.717254712421	0.755437409377	0.580473658772	0.739004349928	0.752537457709	0.775737071049	0.764137264379	0.754470758821	0.755437409377	0.783953600773	0.717254712421	0.749637506042	0.684388593523	0.758820686322	0.712421459642	0.753987433543	0.755920734654	0.418076365394	0.0	0.653939101015	0.678588690188	0.762203963267	0.739971000483	0.723054615756	0.65055582407	0.718221362977	0.692605123248	0.540840985984	0.524891251812	0.722571290478	0.724987916868	0.756404059932	0.770420492992	0.81488641856	0.767037216046	0.769937167714	0.746737554374	0.768970517158	0.758820686322	0.749154180764	0.726437892702	0.714354760754	0.730304494925	0.790236829386	0.78250362494	0.802803286612	0.755920734654	0.784436926051	0.769937167714	0.769453842436	0.770420492992	0.7593040116	0.755437409377	0.754954084099	0.749637506042	0.750604156597	0.765103914935	0.749637506042	0.7593040116	0.779120347994	0.764620589657
AC7	0.620106331561	0.654905751571	0.884001933301	0.673755437409	0.73852102465	0.600773320445	0.726437892702	0.585790236829	0.56259062349	0.654905751571	0.592073465442	0.70372160464	0.680038666022	0.819236346061	0.710488158531	0.632189463509	0.585790236829	0.576123731271	0.811019816336	0.653939101015	0.0	0.358627356211	0.570807153214	0.53939101015	0.824552924118	0.575157080715	0.546157564041	0.498791686805	0.471725471242	0.500241662639	0.569840502658	0.544707588207	0.560657322378	0.618173030449	0.81246979217	0.75688738521	0.612373127115	0.647655872402	0.616239729338	0.723537941034	0.690671822136	0.729821169647	0.700821652972	0.65055582407	0.639439342678	0.620106331561	0.813436442726	0.763653939101	0.802803286612	0.805703238279	0.752054132431	0.787336877719	0.679555340744	0.681005316578	0.686321894635	0.694055099082	0.674238762687	0.777187046883	0.68970517158	0.775737071049	0.637022716288	0.748670855486
AC8	0.557274045433	0.558724021266	0.913001449976	0.644755920735	0.685355244079	0.535524407927	0.698405026583	0.513291445143	0.487675205413	0.594006766554	0.538424359594	0.637022716288	0.597390043499	0.840985983567	0.634606089899	0.550507491542	0.499758337361	0.488641855969	0.843885935234	0.678588690188	0.358627356211	0.0	0.497825036249	0.465442242629	0.83566940551	0.526341227646	0.390526824553	0.366843885935	0.447559207347	0.480425326245	0.517641372644	0.457225712905	0.477042049299	0.53020782987	0.742387626873	0.678105364911	0.53697438376	0.582406959884	0.546640889319	0.646205896568	0.605123247946	0.681971967134	0.654422426293	0.588206863219	0.570323827936	0.557274045433	0.728371193813	0.672305461576	0.723054615756	0.728854519091	0.67133881102	0.698405026583	0.593523441276	0.598356694055	0.605123247946	0.609956500725	0.588206863219	0.687771870469	0.602223296278	0.697438376027	0.554857419043	0.667472208797
AD7	0.593523441276	0.573223779604	0.9584340261	0.666505558241	0.724987916868	0.524891251812	0.697438376027	0.496858385694	0.466892218463	0.589173513775	0.434026099565	0.65732237796	0.598356694055	0.885935234413	0.640889318511	0.58095698405	0.473658772354	0.468825519575	0.941034316095	0.762203963267	0.570807153214	0.497825036249	0.0	0.278395360077	0.902368293862	0.510874818753	0.446592556791	0.447559207347	0.507491541808	0.559207346544	0.507491541808	0.464958917351	0.463992266796	0.536007733204	0.744320927985	0.686805219913	0.49540840986	0.584340260996	0.53939101015	0.651039149348	0.611889801837	0.726437892702	0.696471725471	0.603189946834	0.562107298212	0.550507491542	0.734171097148	0.674722087965	0.730787820203	0.725954567424	0.671822136298	0.70130497825	0.597873368777	0.600289995167	0.598840019333	0.611406476559	0.589656839053	0.69453842436	0.602706621556	0.700338327695	0.576123731271	0.664088931851
AD8	0.56259062349	0.540357660706	0.938134364427	0.637022716288	0.69212179797	0.507974867086	0.694055099082	0.473175447076	0.443209279845	0.564040599323	0.430159497342	0.62735621073	0.587723537941	0.86563557274	0.626872885452	0.550024166264	0.466892218463	0.456742387627	0.917834702755	0.739971000483	0.53939101015	0.465442242629	0.278395360077	0.0	0.861768970517	0.476558724021	0.41662638956	0.417109714838	0.476558724021	0.525857902368	0.491541807637	0.459159014016	0.454325761237	0.529241179314	0.736587723538	0.672305461576	0.48622522958	0.564040599323	0.528274528758	0.637989366844	0.594006766554	0.710971483809	0.682455292412	0.576607056549	0.552440792653	0.545674238763	0.723054615756	0.654905751571	0.720154664089	0.71532141131	0.65732237796	0.68970517158	0.590140164331	0.586273562107	0.582890285162	0.598356694055	0.573223779604	0.676655389077	0.593040115998	0.684871918801	0.55775737071	0.645239246013
AE7	0.83325277912	0.866118898018	0.847752537458	0.795070082165	0.830352827453	0.894151764137	0.9212179797	0.910101498308	0.901401643306	0.901401643306	0.922184630256	0.852585790237	0.878685355244	0.82648622523	0.901884968584	0.852102464959	0.876752054132	0.861768970517	0.746254229096	0.723054615756	0.824552924118	0.83566940551	0.902368293862	0.861768970517	0.0	0.563073948768	0.872885451909	0.855485741904	0.771387143548	0.762687288545	0.837602706622	0.845819236346	0.898985016916	0.911068148864	0.929917834703	0.912518124698	0.9212179797	0.900918318028	0.914934751087	0.880618656356	0.894151764137	0.880135331078	0.8796520058	0.874335427743	0.931367810536	0.925084581924	0.886901884969	0.901401643306	0.913968100532	0.884968583857	0.902368293862	0.895118414693	0.895601739971	0.894151764137	0.904784920251	0.885451909135	0.907201546641	0.893668438859	0.898985016916	0.904784920251	0.914934751087	0.913484775254
AE8	0.586273562107	0.601739971	0.893668438859	0.639922667956	0.683421942968	0.572257129048	0.695988400193	0.589656839053	0.579990333494	0.612373127115	0.603189946834	0.628322861286	0.629289511841	0.816819719671	0.688738521025	0.584823586274	0.577573707105	0.566457225713	0.822619623006	0.65055582407	0.575157080715	0.526341227646	0.510874818753	0.476558724021	0.563073948768	0.0	0.552440792653	0.533591106815	0.500724987917	0.485741904302	0.557274045433	0.540357660706	0.580473658772	0.590623489609	0.7593040116	0.696955050749	0.60415659739	0.595456742388	0.593523441276	0.652972450459	0.62493958434	0.694055099082	0.670372160464	0.599323344611	0.613823102948	0.607539874335	0.735137747704	0.686321894635	0.746254229096	0.713871435476	0.688738521025	0.715804736588	0.632189463509	0.625906234896	0.637022716288	0.638472692122	0.634606089899	0.706621556307	0.649589173514	0.703238279362	0.607539874335	0.678105364911
AF7	0.561140647656	0.536007733204	0.938134364427	0.65732237796	0.665538907685	0.501691638473	0.702754954084	0.452392460126	0.429676172064	0.579023682939	0.456259062349	0.601256645723	0.550507491542	0.86805219913	0.640889318511	0.550507491542	0.442725954567	0.420009666506	0.897535041083	0.718221362977	0.546157564041	0.390526824553	0.446592556791	0.41662638956	0.872885451909	0.552440792653	0.0	0.29627839536	0.480908651522	0.52779120348	0.485258579024	0.454325761237	0.41662638956	0.490575157081	0.696955050749	0.634606089899	0.454325761237	0.545674238763	0.495891735138	0.614789753504	0.556307394877	0.708071532141	0.674722087965	0.559207346544	0.52779120348	0.511841469309	0.67133881102	0.617206379894	0.678588690188	0.686321894635	0.618173030449	0.643789270179	0.553890768487	0.547607539874	0.549057515708	0.562107298212	0.56259062349	0.634606089899	0.581923634606	0.653939101015	0.510874818753	0.61575640406
AF8	0.544707588207	0.536007733204	0.926051232479	0.645239246013	0.666988883519	0.50459159014	0.699855002417	0.457709038183	0.440309328178	0.575640405993	0.479458675689	0.610439826003	0.569840502658	0.854519091348	0.646205896568	0.538424359594	0.456742387627	0.449975833736	0.872402126631	0.692605123248	0.498791686805	0.366843885935	0.447559207347	0.417109714838	0.855485741904	0.533591106815	0.29627839536	0.0	0.459642339294	0.499758337361	0.509424842919	0.448525857902	0.425326244563	0.512808119865	0.708071532141	0.647655872402	0.475108748188	0.544707588207	0.511358144031	0.605606573224	0.565973900435	0.686321894635	0.654422426293	0.556790720155	0.540840985984	0.530691155147	0.682455292412	0.622522957951	0.687288545191	0.693571773804	0.626872885452	0.647655872402	0.55099081682	0.554374093765	0.562107298212	0.572257129048	0.555340744321	0.637989366844	0.574190430159	0.660705654906	0.514741420976	0.623006283229
AG7	0.572257129048	0.580473658772	0.835186080232	0.547124214596	0.677622039633	0.544707588207	0.697438376027	0.511841469309	0.501208313195	0.579023682939	0.538424359594	0.635572740454	0.613823102948	0.766553890768	0.657805703238	0.565973900435	0.532141130981	0.526824552924	0.740937651039	0.540840985984	0.471725471242	0.447559207347	0.507491541808	0.476558724021	0.771387143548	0.500724987917	0.480908651522	0.459642339294	0.0	0.326727887869	0.545190913485	0.509908168197	0.511358144031	0.561623972934	0.748670855486	0.685838569357	0.542290961817	0.570323827936	0.550024166264	0.637506041566	0.597873368777	0.672305461576	0.637506041566	0.564523924601	0.590140164331	0.575157080715	0.730787820203	0.668438859352	0.721604639923	0.727404543258	0.670372160464	0.696471725471	0.601739971	0.607539874335	0.617206379894	0.619139681005	0.610923151281	0.68970517158	0.629772837119	0.696471725471	0.587240212663	0.664572257129
AG8	0.556307394877	0.571290478492	0.849202513291	0.587240212663	0.666505558241	0.555340744321	0.684388593523	0.563557274045	0.554857419043	0.584340260996	0.587723537941	0.623006283229	0.612856452392	0.765103914935	0.665055582407	0.559207346544	0.567907201547	0.559690671822	0.704688255196	0.524891251812	0.500241662639	0.480425326245	0.559207346544	0.525857902368	0.762687288545	0.485741904302	0.52779120348	0.499758337361	0.326727887869	0.0	0.565490575157	0.542774287095	0.559207346544	0.582406959884	0.751087481875	0.687771870469	0.58337361044	0.568873852102	0.580473658772	0.636056065732	0.602223296278	0.674722087965	0.643789270179	0.578057032383	0.605606573224	0.594490091832	0.73610439826	0.667955534074	0.72450459159	0.723054615756	0.677622039633	0.699855002417	0.608023199613	0.607056549058	0.614306428226	0.621072982117	0.612856452392	0.68970517158	0.628806186564	0.686321894635	0.587723537941	0.658772353794
AH7	0.593040115998	0.617206379894	0.947317544708	0.70130497825	0.711938134364	0.585790236829	0.723537941034	0.551957467376	0.536491058482	0.641855969067	0.528757854036	0.660222329628	0.634122764621	0.885451909135	0.695988400193	0.601739971	0.517158047366	0.478008699855	0.889318511358	0.722571290478	0.569840502658	0.517641372644	0.507491541808	0.491541807637	0.837602706622	0.557274045433	0.485258579024	0.509424842919	0.545190913485	0.565490575157	0.0	0.336877718705	0.556307394877	0.617206379894	0.781536974384	0.727887868536	0.553407443209	0.648622522958	0.600773320445	0.677138714355	0.645239246013	0.77090381827	0.743837602707	0.654905751571	0.637506041566	0.622039632673	0.748187530208	0.713871435476	0.756404059932	0.740454325761	0.70372160464	0.727404543258	0.623006283229	0.635089415176	0.634606089899	0.633639439343	0.624456259062	0.71532141131	0.630256162397	0.721121314645	0.615273078782	0.707104881585
AH8	0.545674238763	0.555824069599	0.952634122765	0.661188980184	0.663605606573	0.524407926535	0.694055099082	0.504108264862	0.477525374577	0.59497341711	0.501691638473	0.610439826003	0.566457225713	0.87723537941	0.640889318511	0.545190913485	0.403576607057	0.365877235379	0.90043499275	0.724987916868	0.544707588207	0.457225712905	0.464958917351	0.459159014016	0.845819236346	0.540357660706	0.454325761237	0.448525857902	0.509908168197	0.542774287095	0.336877718705	0.0	0.476558724021	0.540357660706	0.74528757854	0.6805219913	0.506524891252	0.590623489609	0.541807636539	0.623006283229	0.591590140164	0.717254712421	0.691638472692	0.602706621556	0.575640405993	0.559690671822	0.69212179797	0.649589173514	0.707588206863	0.682455292412	0.638472692122	0.669405509908	0.559690671822	0.578057032383	0.577573707105	0.573707104882	0.562107298212	0.655389076849	0.572257129048	0.667955534074	0.552440792653	0.652005799903
AA5	0.569840502658	0.489608506525	0.952634122765	0.640405993233	0.608989850169	0.451909134848	0.627839536008	0.38666022233	0.386176897052	0.518124697922	0.424842919285	0.53939101015	0.520057999033	0.8796520058	0.56259062349	0.527307878202	0.413726437893	0.420492991783	0.926534557757	0.756404059932	0.560657322378	0.477042049299	0.463992266796	0.454325761237	0.898985016916	0.580473658772	0.41662638956	0.425326244563	0.511358144031	0.559207346544	0.556307394877	0.476558724021	0.0	0.343644272595	0.673272112131	0.591106814886	0.4398260029	0.46060898985	0.453359110681	0.545674238763	0.483325277912	0.628322861286	0.597873368777	0.46979217013	0.506041565974	0.467858869019	0.675688738521	0.618173030449	0.666022232963	0.660705654906	0.631706138231	0.663122281295	0.521024649589	0.539874335428	0.553407443209	0.543257612373	0.53020782987	0.64572257129	0.559207346544	0.628322861286	0.508458192363	0.610923151281
AA6	0.597873368777	0.503141614306	0.957467375544	0.655872402127	0.637506041566	0.482841952634	0.648622522958	0.461575640406	0.465442242629	0.543257612373	0.509424842919	0.57177380377	0.52779120348	0.882551957467	0.586756887385	0.541807636539	0.492025132914	0.499758337361	0.941034316095	0.770420492992	0.618173030449	0.53020782987	0.536007733204	0.529241179314	0.911068148864	0.590623489609	0.490575157081	0.512808119865	0.561623972934	0.582406959884	0.617206379894	0.540357660706	0.343644272595	0.0	0.675205413243	0.586756887385	0.508941517641	0.49299178347	0.485258579024	0.575640405993	0.515224746254	0.666505558241	0.633156114065	0.512808119865	0.455292411793	0.41904301595	0.68293861769	0.62735621073	0.66892218463	0.668438859352	0.632189463509	0.658289028516	0.538907684872	0.547124214596	0.553407443209	0.547607539874	0.541324311261	0.648622522958	0.569840502658	0.63653939101	0.520541324311	0.616239729338
AB5	0.737071048816	0.672305461576	0.970517158047	0.728854519091	0.637989366844	0.645239246013	0.743354277429	0.646689221846	0.674722087965	0.685838569357	0.65973900435	0.611889801837	0.666505558241	0.902368293862	0.719188013533	0.704204929918	0.707104881585	0.702271628806	0.945384243596	0.81488641856	0.81246979217	0.742387626873	0.744320927985	0.736587723538	0.929917834703	0.7593040116	0.696955050749	0.708071532141	0.748670855486	0.751087481875	0.781536974384	0.74528757854	0.673272112131	0.675205413243	0.0	0.327211213146	0.613823102948	0.665055582407	0.619139681005	0.626872885452	0.607539874335	0.739004349928	0.732721121315	0.638472692122	0.622522957951	0.614789753504	0.618173030449	0.620589656839	0.628322861286	0.619623006283	0.629772837119	0.61575640406	0.605606573224	0.598840019333	0.610923151281	0.614306428226	0.661672305462	0.605123247946	0.67133881102	0.61575640406	0.654905751571	0.622522957951
AB6	0.672305461576	0.590140164331	0.961333977767	0.677622039633	0.590140164331	0.570807153214	0.668438859352	0.574673755437	0.608023199613	0.617689705172	0.610923151281	0.526824552924	0.60657322378	0.890768487192	0.64572257129	0.630739487675	0.651039149348	0.652005799903	0.931367810536	0.767037216046	0.75688738521	0.678105364911	0.686805219913	0.672305461576	0.912518124698	0.696955050749	0.634606089899	0.647655872402	0.685838569357	0.687771870469	0.727887868536	0.6805219913	0.591106814886	0.586756887385	0.327211213146	0.0	0.570807153214	0.582890285162	0.566457225713	0.556790720155	0.534074432093	0.667472208797	0.643789270179	0.533107781537	0.558240695988	0.562107298212	0.597390043499	0.549057515708	0.589173513775	0.586273562107	0.565973900435	0.582406959884	0.54857419043	0.550507491542	0.563073948768	0.56259062349	0.584340260996	0.564523924601	0.600773320445	0.561623972934	0.616239729338	0.551474142098
AC5	0.579990333494	0.549540840986	0.968100531658	0.65055582407	0.630739487675	0.463992266796	0.670855485742	0.429192846786	0.434026099565	0.561623972934	0.404059932334	0.551957467376	0.546640889319	0.892701788304	0.630739487675	0.567423876269	0.462058965684	0.445625906235	0.940550990817	0.769937167714	0.612373127115	0.53697438376	0.49540840986	0.48622522958	0.9212179797	0.60415659739	0.454325761237	0.475108748188	0.542290961817	0.58337361044	0.553407443209	0.506524891252	0.4398260029	0.508941517641	0.613823102948	0.570807153214	0.0	0.447075882069	0.430159497342	0.579507008217	0.525857902368	0.709038182697	0.66892218463	0.538424359594	0.477525374577	0.464475592073	0.59255679072	0.55099081682	0.607056549058	0.591590140164	0.5601739971	0.586756887385	0.485741904302	0.476075398743	0.488641855969	0.487191880135	0.558240695988	0.571290478492	0.579507008217	0.565007249879	0.503141614306	0.545190913485
AC6	0.604639922668	0.497825036249	0.947800869986	0.631706138231	0.582406959884	0.507491541808	0.545674238763	0.471725471242	0.517641372644	0.461092315128	0.546157564041	0.529724504592	0.548090865152	0.861768970517	0.540357660706	0.559207346544	0.559690671822	0.561623972934	0.919284678589	0.746737554374	0.647655872402	0.582406959884	0.584340260996	0.564040599323	0.900918318028	0.595456742388	0.545674238763	0.544707588207	0.570323827936	0.568873852102	0.648622522958	0.590623489609	0.46060898985	0.49299178347	0.665055582407	0.582890285162	0.447075882069	0.0	0.512324794587	0.509424842919	0.503141614306	0.498791686805	0.462058965684	0.426776220396	0.551474142098	0.529724504592	0.66892218463	0.620106331561	0.658772353794	0.65732237796	0.625422909618	0.654905751571	0.565973900435	0.565973900435	0.576607056549	0.571290478492	0.55775737071	0.639922667956	0.581440309328	0.623489608507	0.549540840986	0.611406476559
AD6	0.585790236829	0.529241179314	0.967133881102	0.634122764621	0.597873368777	0.43064282262	0.623489608507	0.436442725955	0.44900918318	0.52779120348	0.44224262929	0.516674722088	0.519091348478	0.88883518608	0.607539874335	0.548090865152	0.488641855969	0.478975350411	0.948284195263	0.768970517158	0.616239729338	0.546640889319	0.53939101015	0.528274528758	0.914934751087	0.593523441276	0.495891735138	0.511358144031	0.550024166264	0.580473658772	0.600773320445	0.541807636539	0.453359110681	0.485258579024	0.619139681005	0.566457225713	0.430159497342	0.512324794587	0.0	0.535524407927	0.425809569841	0.69453842436	0.662155630739	0.524407926535	0.463992266796	0.445625906235	0.585306911551	0.528274528758	0.579023682939	0.585306911551	0.541807636539	0.576123731271	0.455775737071	0.454809086515	0.475108748188	0.470758820686	0.546640889319	0.556307394877	0.55775737071	0.56259062349	0.47220879652	0.526341227646
AE5	0.62493958434	0.5186080232	0.968100531658	0.628322861286	0.543740937651	0.540357660706	0.570807153214	0.541324311261	0.593523441276	0.5186080232	0.602706621556	0.507491541808	0.551957467376	0.885935234413	0.556790720155	0.574190430159	0.599806669889	0.595940067666	0.937167713871	0.758820686322	0.723537941034	0.646205896568	0.651039149348	0.637989366844	0.880618656356	0.652972450459	0.614789753504	0.605606573224	0.637506041566	0.636056065732	0.677138714355	0.623006283229	0.545674238763	0.575640405993	0.626872885452	0.556790720155	0.579507008217	0.509424842919	0.535524407927	0.0	0.341227646206	0.60657322378	0.579507008217	0.503141614306	0.611406476559	0.600289995167	0.633156114065	0.596906718221	0.625906234896	0.626389560174	0.612373127115	0.632189463509	0.544224262929	0.549057515708	0.576123731271	0.548090865152	0.547124214596	0.614789753504	0.56259062349	0.589173513775	0.564523924601	0.590140164331
AE6	0.585790236829	0.483325277912	0.965683905268	0.62493958434	0.550507491542	0.479942000967	0.572257129048	0.478008699855	0.532141130981	0.498308361527	0.542774287095	0.491541807637	0.515224746254	0.886418559691	0.570807153214	0.53020782987	0.553407443209	0.544707588207	0.930401159981	0.749154180764	0.690671822136	0.605123247946	0.611889801837	0.594006766554	0.894151764137	0.62493958434	0.556307394877	0.565973900435	0.597873368777	0.602223296278	0.645239246013	0.591590140164	0.483325277912	0.515224746254	0.607539874335	0.534074432093	0.525857902368	0.503141614306	0.425809569841	0.341227646206	0.0	0.646205896568	0.61333977767	0.482841952634	0.555340744321	0.53939101015	0.610923151281	0.562107298212	0.605123247946	0.598356694055	0.579023682939	0.602706621556	0.483325277912	0.485258579024	0.510391493475	0.489608506525	0.51377477042	0.584340260996	0.536007733204	0.567907201547	0.50700821653	0.561140647656
AF5	0.702754954084	0.627839536008	0.929434509425	0.666505558241	0.651039149348	0.684388593523	0.561140647656	0.641855969067	0.690188496858	0.590623489609	0.724987916868	0.627839536008	0.674238762687	0.853552440793	0.599806669889	0.670855485742	0.716771387144	0.724021266312	0.880618656356	0.726437892702	0.729821169647	0.681971967134	0.726437892702	0.710971483809	0.880135331078	0.694055099082	0.708071532141	0.686321894635	0.672305461576	0.674722087965	0.77090381827	0.717254712421	0.628322861286	0.666505558241	0.739004349928	0.667472208797	0.709038182697	0.498791686805	0.69453842436	0.60657322378	0.646205896568	0.0	0.285161913968	0.536007733204	0.720637989367	0.707588206863	0.752054132431	0.716288061866	0.737554374094	0.727887868536	0.729337844369	0.743837602707	0.700338327695	0.71532141131	0.722571290478	0.706621556307	0.664572257129	0.727887868536	0.677622039633	0.708554857419	0.710971483809	0.721604639923
AF6	0.6805219913	0.598356694055	0.931367810536	0.661672305462	0.643305944901	0.650072498792	0.52779120348	0.611889801837	0.662638956017	0.554374093765	0.690671822136	0.607056549058	0.644755920735	0.854519091348	0.558724021266	0.647172547124	0.695021749638	0.696955050749	0.876268728855	0.714354760754	0.700821652972	0.654422426293	0.696471725471	0.682455292412	0.8796520058	0.670372160464	0.674722087965	0.654422426293	0.637506041566	0.643789270179	0.743837602707	0.691638472692	0.597873368777	0.633156114065	0.732721121315	0.643789270179	0.66892218463	0.462058965684	0.662155630739	0.579507008217	0.61333977767	0.285161913968	0.0	0.504108264862	0.692605123248	0.670372160464	0.741904301595	0.699855002417	0.734654422426	0.717738037699	0.699371677139	0.730787820203	0.673755437409	0.681488641856	0.692605123248	0.672305461576	0.633156114065	0.713388110198	0.639922667956	0.693571773804	0.689221846303	0.686805219913
