	AA3	AA4	AB3	AB4	AC3	AC4	AD3	AD4	AE3	AE4	AF3	AF4	AG3	AG4	AH3	AH4	AA7	AA8	AB7	AB8	AC7	AC8	AD7	AD8	AE7	AE8	AF7	AF8	AG7	AG8	AH7	AH8	AA5	AA6	AB5	AB6	AC5	AC6	AD6	AE5	AE6	AF5	AF6	AG5	AH5	AH6	AA1	AA2	AB1	AB2	AC1	AC2	AD1	AD2	AE1	AE2	AF1	AF2	AG1	AG2	AH1	AH2
AA3	0.0	0.493475108748	0.938134364427	0.650072498792	0.658772353794	0.584823586274	0.662155630739	0.579507008217	0.567907201547	0.61575640406	0.608989850169	0.611406476559	0.594490091832	0.847752537458	0.640405993233	0.330594490092	0.573223779604	0.560657322378	0.86563557274	0.725471242146	0.607539874335	0.572740454326	0.59497341711	0.575157080715	0.828419526341	0.579023682939	0.581923634606	0.562107298212	0.566457225713	0.594490091832	0.585306911551	0.554374093765	0.584823586274	0.589656839053	0.75688738521	0.678105364911	0.591106814886	0.607056549058	0.597390043499	0.639922667956	0.603673272112	0.727887868536	0.695021749638	0.617689705172	0.62735621073	0.603189946834	0.684871918801	0.663122281295	0.709038182697	0.679555340744	0.651522474625	0.667955534074	0.588690188497	0.569840502658	0.570807153214	0.588206863219	0.584340260996	0.666505558241	0.593040115998	0.671822136298	0.582890285162	0.654422426293
AA4	0.493475108748	0.0	0.946350894152	0.590623489609	0.559690671822	0.509908168197	0.585790236829	0.477042049299	0.494925084582	0.533591106815	0.561623972934	0.496858385694	0.478975350411	0.85645239246	0.376993716771	0.36346060899	0.547607539874	0.533591106815	0.884968583857	0.73610439826	0.660705654906	0.572740454326	0.581440309328	0.584823586274	0.86805219913	0.629289511841	0.563073948768	0.547607539874	0.591590140164	0.61575640406	0.631706138231	0.581923634606	0.505074915418	0.515708071532	0.656839052682	0.579990333494	0.55775737071	0.508458192363	0.53020782987	0.529724504592	0.487675205413	0.646689221846	0.607539874335	0.524407926535	0.581440309328	0.5601739971	0.644755920735	0.577573707105	0.617206379894	0.591106814886	0.585306911551	0.623489608507	0.521507974867	0.518124697922	0.520541324311	0.535041082649	0.489608506525	0.61333977767	0.503624939584	0.581923634606	0.52537457709	0.569840502658
AB3	0.938134364427	0.946350894152	0.0	0.681488641856	0.919768003867	0.956500724988	0.955534074432	0.945867568874	0.934267762204	0.950217496375	0.974383760271	0.935717738038	0.968100531658	0.339294345094	0.965683905268	0.942000966651	0.973900434993	0.968100531658	0.739004349928	0.752054132431	0.894151764137	0.906234896085	0.958917351377	0.95601739971	0.850652489125	0.898985016916	0.942967617206	0.930884485259	0.852102464959	0.840985983567	0.954084098598	0.956500724988	0.962300628323	0.964717254712	0.975350410826	0.968583856936	0.976317061382	0.960850652489	0.974383760271	0.975833736104	0.974383760271	0.936684388594	0.940550990817	0.949734171097	0.980183663606	0.975833736104	0.976317061382	0.971967133881	0.971483808603	0.973900434993	0.973900434993	0.971483808603	0.975350410826	0.97680038666	0.981633639439	0.975350410826	0.974867085549	0.975350410826	0.973417109715	0.976317061382	0.975833736104	0.972933784437
AB4	0.650072498792	0.590623489609	0.681488641856	0.0	0.633156114065	0.611406476559	0.685838569357	0.619623006283	0.624456259062	0.6389560174	0.65732237796	0.608506524891	0.502174963751	0.565973900435	0.626389560174	0.588690188497	0.660705654906	0.650072498792	0.732237796037	0.591590140164	0.671822136298	0.635089415176	0.676655389077	0.665538907685	0.794586756887	0.654905751571	0.665538907685	0.649589173514	0.569840502658	0.597390043499	0.70130497825	0.663122281295	0.649105848236	0.661188980184	0.726437892702	0.672305461576	0.669888835186	0.640889318511	0.650072498792	0.641855969067	0.632672788787	0.673272112131	0.663605606573	0.633639439343	0.705171580474	0.690188496858	0.710488158531	0.684388593523	0.694055099082	0.676655389077	0.694055099082	0.693088448526	0.651039149348	0.669888835186	0.677138714355	0.67133881102	0.654422426293	0.685838569357	0.653455775737	0.670855485742	0.675688738521	0.683421942968
AC3	0.658772353794	0.559690671822	0.919768003867	0.633156114065	0.0	0.494441759304	0.630256162397	0.547124214596	0.564040599323	0.579990333494	0.608989850169	0.305944900918	0.59497341711	0.830836152731	0.589656839053	0.598840019333	0.618173030449	0.595940067666	0.871435476075	0.752537457709	0.727404543258	0.659255679072	0.715804736588	0.707588206863	0.827452875785	0.68970517158	0.665055582407	0.663605606573	0.667472208797	0.68293861769	0.695988400193	0.65732237796	0.607056549058	0.618656355727	0.62493958434	0.579990333494	0.613823102948	0.57177380377	0.561623972934	0.550507491542	0.53939101015	0.665538907685	0.649105848236	0.546640889319	0.643305944901	0.629289511841	0.594490091832	0.581440309328	0.568390526825	0.574190430159	0.597873368777	0.579507008217	0.523924601257	0.563557274045	0.575157080715	0.555340744321	0.610923151281	0.570323827936	0.612856452392	0.579990333494	0.603189946834	0.578540357661
AC4	0.584823586274	0.509908168197	0.956500724988	0.611406476559	0.494441759304	0.0	0.60657322378	0.405993233446	0.412759787337	0.519574673755	0.359110681489	0.410826486225	0.508458192363	0.867085548574	0.567423876269	0.538424359594	0.497341710971	0.460125664572	0.927984533591	0.776220396327	0.59497341711	0.532141130981	0.52779120348	0.522474625423	0.892701788304	0.601739971	0.511358144031	0.510391493475	0.531657805703	0.568873852102	0.584823586274	0.531174480425	0.455292411793	0.469308844853	0.654422426293	0.570323827936	0.476075398743	0.505074915418	0.425326244563	0.548090865152	0.482841952634	0.68970517158	0.651039149348	0.48380860319	0.525857902368	0.46979217013	0.651522474625	0.597873368777	0.620106331561	0.596906718221	0.597873368777	0.635089415176	0.503141614306	0.519574673755	0.534074432093	0.532141130981	0.545674238763	0.617689705172	0.556307394877	0.581923634606	0.483325277912	0.591590140164
AD3	0.662155630739	0.585790236829	0.955534074432	0.685838569357	0.630256162397	0.60657322378	0.0	0.51619139681	0.631706138231	0.340744320928	0.670855485742	0.585306911551	0.635572740454	0.862735621073	0.563557274045	0.630739487675	0.677622039633	0.669405509908	0.941034316095	0.783953600773	0.71290478492	0.688738521025	0.696471725471	0.683421942968	0.911068148864	0.681971967134	0.69453842436	0.681005316578	0.679072015466	0.675205413243	0.707588206863	0.681971967134	0.61575640406	0.634122764621	0.732721121315	0.65973900435	0.669405509908	0.534557757371	0.619623006283	0.585306911551	0.558240695988	0.556307394877	0.528757854036	0.54857419043	0.69212179797	0.680038666022	0.764620589657	0.706621556307	0.736587723538	0.710004833253	0.702271628806	0.733204446593	0.652005799903	0.651522474625	0.65973900435	0.65732237796	0.622039632673	0.736587723538	0.634122764621	0.70372160464	0.68293861769	0.696955050749
AD4	0.579507008217	0.477042049299	0.945867568874	0.619623006283	0.547124214596	0.405993233446	0.51619139681	0.0	0.314644755921	0.407926534558	0.434509424843	0.484291928468	0.510391493475	0.85645239246	0.539874335428	0.51377477042	0.48380860319	0.456742387627	0.929434509425	0.773803769937	0.574673755437	0.50459159014	0.502658289029	0.499758337361	0.899468342194	0.608989850169	0.467858869019	0.468825519575	0.512324794587	0.565973900435	0.550024166264	0.497341710971	0.402126631223	0.43740937651	0.654905751571	0.572740454326	0.449492508458	0.475108748188	0.429192846786	0.55099081682	0.47220879652	0.65973900435	0.622522957951	0.462058965684	0.516674722088	0.467858869019	0.65732237796	0.612373127115	0.623489608507	0.612373127115	0.612373127115	0.645239246013	0.517158047366	0.517158047366	0.523441275979	0.541807636539	0.523924601257	0.636056065732	0.542290961817	0.60657322378	0.49540840986	0.596423392943
AE3	0.567907201547	0.494925084582	0.934267762204	0.624456259062	0.564040599323	0.412759787337	0.631706138231	0.314644755921	0.0	0.51619139681	0.408893185114	0.503624939584	0.502174963751	0.85645239246	0.555824069599	0.522957950701	0.446109231513	0.421459642339	0.924117931368	0.772353794103	0.559690671822	0.490575157081	0.473658772354	0.479458675689	0.889318511358	0.602223296278	0.444175930401	0.449975833736	0.500724987917	0.558724021266	0.537457709038	0.483325277912	0.398260029	0.449492508458	0.670855485742	0.595940067666	0.440309328178	0.511841469309	0.439342677622	0.596423392943	0.519574673755	0.698405026583	0.661672305462	0.500241662639	0.515224746254	0.461092315128	0.664572257129	0.608989850169	0.634122764621	0.614789753504	0.607056549058	0.643789270179	0.52779120348	0.53020782987	0.53020782987	0.544707588207	0.539874335428	0.639922667956	0.553890768487	0.599806669889	0.482358627356	0.599323344611
AE4	0.61575640406	0.533591106815	0.950217496375	0.6389560174	0.579990333494	0.519574673755	0.340744320928	0.407926534558	0.51619139681	0.0	0.576607056549	0.530691155147	0.580473658772	0.862735621073	0.527307878202	0.567907201547	0.591106814886	0.586756887385	0.933784436926	0.771870468826	0.655389076849	0.586756887385	0.591590140164	0.593040115998	0.906718221363	0.623972933784	0.595940067666	0.578540357661	0.587723537941	0.60415659739	0.639922667956	0.595940067666	0.52779120348	0.543257612373	0.683421942968	0.611406476559	0.575640405993	0.445625906235	0.531657805703	0.541807636539	0.500241662639	0.576123731271	0.540840985984	0.470758820686	0.601256645723	0.584823586274	0.714354760754	0.671822136298	0.68970517158	0.676655389077	0.669888835186	0.694055099082	0.599323344611	0.592073465442	0.59255679072	0.597873368777	0.570807153214	0.691155147414	0.584823586274	0.66892218463	0.595940067666	0.65973900435
AF3	0.608989850169	0.561623972934	0.974383760271	0.65732237796	0.608989850169	0.359110681489	0.670855485742	0.434509424843	0.408893185114	0.576607056549	0.0	0.522474625423	0.535524407927	0.886418559691	0.607539874335	0.579990333494	0.462542290962	0.450942484292	0.956984050266	0.807636539391	0.591106814886	0.543740937651	0.457225712905	0.46060898985	0.918318028033	0.631706138231	0.444175930401	0.50459159014	0.549540840986	0.605123247946	0.525857902368	0.509424842919	0.44224262929	0.500241662639	0.669888835186	0.602706621556	0.407926534558	0.542774287095	0.455292411793	0.607539874335	0.542774287095	0.729821169647	0.698405026583	0.533591106815	0.517158047366	0.466408893185	0.660705654906	0.60657322378	0.650072498792	0.611406476559	0.606089898502	0.644755920735	0.544707588207	0.52537457709	0.534074432093	0.543257612373	0.580473658772	0.637989366844	0.59255679072	0.59497341711	0.499275012083	0.598356694055
AF4	0.611406476559	0.496858385694	0.935717738038	0.608506524891	0.305944900918	0.410826486225	0.585306911551	0.484291928468	0.503624939584	0.530691155147	0.522474625423	0.0	0.541807636539	0.846785886902	0.53939101015	0.542774287095	0.571290478492	0.545674238763	0.880618656356	0.735621072982	0.68970517158	0.616723054616	0.655389076849	0.643789270179	0.837119381344	0.630739487675	0.609473175447	0.612856452392	0.623006283229	0.638472692122	0.64813919768	0.608989850169	0.547124214596	0.559690671822	0.622522957951	0.534074432093	0.564523924601	0.525857902368	0.514741420976	0.496858385694	0.475592073465	0.630256162397	0.603189946834	0.500724987917	0.594490091832	0.576123731271	0.606089898502	0.549540840986	0.582890285162	0.551957467376	0.551474142098	0.575640405993	0.490575157081	0.522474625423	0.534074432093	0.521024649589	0.558724021266	0.572257129048	0.565973900435	0.549057515708	0.554857419043	0.538907684872
AG3	0.594490091832	0.478975350411	0.968100531658	0.502174963751	0.59497341711	0.508458192363	0.635572740454	0.510391493475	0.502174963751	0.580473658772	0.535524407927	0.541807636539	0.0	0.851135814403	0.524891251812	0.522957950701	0.521024649589	0.494441759304	0.931851135814	0.782020299662	0.676172063799	0.595456742388	0.593040115998	0.603673272112	0.886901884969	0.651522474625	0.571290478492	0.565490575157	0.612373127115	0.643305944901	0.642822619623	0.579023682939	0.521991300145	0.521991300145	0.660222329628	0.599806669889	0.542290961817	0.537457709038	0.51619139681	0.567907201547	0.521024649589	0.677622039633	0.647172547124	0.532141130981	0.578057032383	0.558240695988	0.623006283229	0.578057032383	0.612373127115	0.597390043499	0.575640405993	0.601256645723	0.511358144031	0.53020782987	0.537457709038	0.53697438376	0.528757854036	0.609473175447	0.545190913485	0.58095698405	0.499758337361	0.566940550991
AG4	0.847752537458	0.85645239246	0.339294345094	0.565973900435	0.830836152731	0.867085548574	0.862735621073	0.85645239246	0.85645239246	0.862735621073	0.886418559691	0.846785886902	0.851135814403	0.0	0.876268728855	0.852102464959	0.892218463026	0.888351860802	0.710971483809	0.675205413243	0.814403093282	0.82648622523	0.877718704688	0.87046882552	0.82406959884	0.816819719671	0.860802319961	0.848719188014	0.771387143548	0.748670855486	0.876752054132	0.868535524408	0.87723537941	0.87723537941	0.896085065249	0.884968583857	0.890285161914	0.868535524408	0.885935234413	0.884001933301	0.882551957467	0.846302561624	0.849202513291	0.862735621073	0.895118414693	0.891735137748	0.886418559691	0.886418559691	0.886901884969	0.885935234413	0.89125181247	0.885935234413	0.888351860802	0.88883518608	0.895118414693	0.893185113581	0.886901884969	0.886901884969	0.884001933301	0.884968583857	0.890285161914	0.890285161914
AH3	0.640405993233	0.376993716771	0.965683905268	0.626389560174	0.589656839053	0.567423876269	0.563557274045	0.539874335428	0.555824069599	0.527307878202	0.607539874335	0.53939101015	0.524891251812	0.876268728855	0.0	0.514258095698	0.591590140164	0.588690188497	0.929434509425	0.776220396327	0.699371677139	0.619139681005	0.616723054616	0.629289511841	0.896568390527	0.68293861769	0.628322861286	0.612373127115	0.643789270179	0.663122281295	0.681488641856	0.627839536008	0.551474142098	0.574673755437	0.701788303528	0.625422909618	0.616723054616	0.516674722088	0.577573707105	0.538907684872	0.534557757371	0.593040115998	0.556307394877	0.540357660706	0.639922667956	0.623006283229	0.707104881585	0.630256162397	0.658772353794	0.647172547124	0.6389560174	0.676655389077	0.579507008217	0.596906718221	0.583856935718	0.60415659739	0.549057515708	0.666505558241	0.54857419043	0.633156114065	0.582406959884	0.621556307395
AH4	0.330594490092	0.36346060899	0.942000966651	0.588690188497	0.598840019333	0.538424359594	0.630739487675	0.51377477042	0.522957950701	0.567907201547	0.579990333494	0.542774287095	0.522957950701	0.852102464959	0.514258095698	0.0	0.55099081682	0.540357660706	0.879168680522	0.732721121315	0.628322861286	0.55775737071	0.58337361044	0.561623972934	0.84726921218	0.596906718221	0.559207346544	0.542290961817	0.558240695988	0.597873368777	0.595940067666	0.551957467376	0.543257612373	0.548090865152	0.699371677139	0.618173030449	0.56935717738	0.560657322378	0.544707588207	0.576123731271	0.534557757371	0.681005316578	0.646205896568	0.566940550991	0.601256645723	0.574190430159	0.662638956017	0.608989850169	0.644272595457	0.621556307395	0.608506524891	0.637506041566	0.541807636539	0.522474625423	0.53697438376	0.548090865152	0.507974867086	0.631222812953	0.520541324311	0.609473175447	0.533591106815	0.597390043499
AA7	0.573223779604	0.547607539874	0.973900434993	0.660705654906	0.618173030449	0.497341710971	0.677622039633	0.48380860319	0.446109231513	0.591106814886	0.462542290962	0.571290478492	0.521024649589	0.892218463026	0.591590140164	0.55099081682	0.0	0.29627839536	0.924601256646	0.781536974384	0.597873368777	0.516674722088	0.476558724021	0.48622522958	0.871435476075	0.608023199613	0.469308844853	0.484291928468	0.547124214596	0.597390043499	0.511358144031	0.422909618173	0.444659255679	0.502658289029	0.722087965201	0.652005799903	0.479942000967	0.571290478492	0.502174963751	0.60657322378	0.559690671822	0.725954567424	0.692605123248	0.574673755437	0.56259062349	0.522474625423	0.668438859352	0.629772837119	0.671822136298	0.646205896568	0.610439826003	0.641855969067	0.536007733204	0.539874335428	0.540840985984	0.541324311261	0.534074432093	0.635572740454	0.545190913485	0.636056065732	0.511358144031	0.609473175447
AA8	0.560657322378	0.533591106815	0.968100531658	0.650072498792	0.595940067666	0.460125664572	0.669405509908	0.456742387627	0.421459642339	0.586756887385	0.450942484292	0.545674238763	0.494441759304	0.888351860802	0.588690188497	0.540357660706	0.29627839536	0.0	0.916384726921	0.769937167714	0.578057032383	0.498308361527	0.482358627356	0.493475108748	0.864185596907	0.593040115998	0.459642339294	0.462542290962	0.533107781537	0.585790236829	0.491541807637	0.382793620106	0.423392943451	0.484291928468	0.706621556307	0.633639439343	0.47220879652	0.554374093765	0.477525374577	0.594490091832	0.536007733204	0.727404543258	0.690671822136	0.553890768487	0.546640889319	0.501208313195	0.638472692122	0.601739971	0.649105848236	0.624456259062	0.587240212663	0.619139681005	0.512324794587	0.5186080232	0.524407926535	0.521991300145	0.528757854036	0.610923151281	0.537457709038	0.61333977767	0.484775253746	0.593523441276
AB7	0.86563557274	0.884968583857	0.739004349928	0.732237796037	0.871435476075	0.927984533591	0.941034316095	0.929434509425	0.924117931368	0.933784436926	0.956984050266	0.880618656356	0.931851135814	0.710971483809	0.929434509425	0.879168680522	0.924601256646	0.916384726921	0.0	0.404059932334	0.812953117448	0.838569357177	0.925567907202	0.912518124698	0.739971000483	0.813436442726	0.898985016916	0.875785403577	0.74528757854	0.697438376027	0.886901884969	0.899951667472	0.925567907202	0.941517641373	0.948284195263	0.93281778637	0.94441759304	0.918318028033	0.951667472209	0.93523441276	0.93523441276	0.869502174964	0.885451909135	0.907201546641	0.962300628323	0.954084098598	0.927984533591	0.921701304978	0.928951184147	0.937651039149	0.927501208313	0.920251329145	0.915418076365	0.917834702755	0.920251329145	0.924117931368	0.922667955534	0.916868052199	0.922184630256	0.930884485259	0.950700821653	0.926534557757
AB8	0.725471242146	0.73610439826	0.752054132431	0.591590140164	0.752537457709	0.776220396327	0.783953600773	0.773803769937	0.772353794103	0.771870468826	0.807636539391	0.735621072982	0.782020299662	0.675205413243	0.776220396327	0.732721121315	0.781536974384	0.769937167714	0.404059932334	0.0	0.665055582407	0.681005316578	0.767520541324	0.757370710488	0.73368777187	0.666022232963	0.747220879652	0.715804736588	0.56935717738	0.543257612373	0.750120831319	0.751087481875	0.779603673272	0.787336877719	0.824552924118	0.782986950217	0.784920251329	0.75688738521	0.791203479942	0.786370227163	0.777187046883	0.732237796037	0.737554374094	0.752537457709	0.811986466892	0.800386660222	0.817786370227	0.771870468826	0.800386660222	0.78008699855	0.786370227163	0.783470275495	0.77767037216	0.773320444659	0.77767037216	0.776703721605	0.771387143548	0.784436926051	0.770420492992	0.778637022716	0.790236829386	0.779120347994
AC7	0.607539874335	0.660705654906	0.894151764137	0.671822136298	0.727404543258	0.59497341711	0.71290478492	0.574673755437	0.559690671822	0.655389076849	0.591106814886	0.68970517158	0.676172063799	0.814403093282	0.699371677139	0.628322861286	0.597873368777	0.578057032383	0.812953117448	0.665055582407	0.0	0.35427742871	0.570323827936	0.565490575157	0.82406959884	0.595456742388	0.55099081682	0.522474625423	0.470275495408	0.494925084582	0.56935717738	0.549057515708	0.561140647656	0.601739971	0.806669888835	0.735621072982	0.621556307395	0.644272595457	0.613823102948	0.718704688255	0.675205413243	0.719188013533	0.706621556307	0.634606089899	0.643305944901	0.597873368777	0.816336394393	0.77090381827	0.793620106332	0.778153697438	0.751570807153	0.790236829386	0.692605123248	0.679555340744	0.679555340744	0.691155147414	0.66892218463	0.784920251329	0.676172063799	0.763653939101	0.623972933784	0.757854035766
AC8	0.572740454326	0.572740454326	0.906234896085	0.635089415176	0.659255679072	0.532141130981	0.688738521025	0.50459159014	0.490575157081	0.586756887385	0.543740937651	0.616723054616	0.595456742388	0.82648622523	0.619139681005	0.55775737071	0.516674722088	0.498308361527	0.838569357177	0.681005316578	0.35427742871	0.0	0.483325277912	0.487191880135	0.828902851619	0.5601739971	0.412276462059	0.386176897052	0.438376027066	0.480908651522	0.528757854036	0.480425326245	0.491541807637	0.519091348478	0.733204446593	0.658772353794	0.543257612373	0.566940550991	0.535524407927	0.629772837119	0.592073465442	0.6805219913	0.654905751571	0.565490575157	0.574673755437	0.522474625423	0.734171097148	0.682455292412	0.718221362977	0.698888351861	0.667955534074	0.70130497825	0.608506524891	0.594006766554	0.600289995167	0.608023199613	0.575157080715	0.696955050749	0.58337361044	0.687288545191	0.539874335428	0.67133881102
AD7	0.59497341711	0.581440309328	0.958917351377	0.676655389077	0.715804736588	0.52779120348	0.696471725471	0.502658289029	0.473658772354	0.591590140164	0.457225712905	0.655389076849	0.593040115998	0.877718704688	0.616723054616	0.58337361044	0.476558724021	0.482358627356	0.925567907202	0.767520541324	0.570323827936	0.483325277912	0.0	0.30546157564	0.889801836636	0.53697438376	0.406476558724	0.455775737071	0.517158047366	0.572740454326	0.507491541808	0.474142097632	0.462542290962	0.518124697922	0.735621072982	0.661672305462	0.489125181247	0.570807153214	0.546157564041	0.65055582407	0.609956500725	0.730787820203	0.697438376027	0.586273562107	0.574673755437	0.524407926535	0.746254229096	0.685838569357	0.73610439826	0.710971483809	0.673755437409	0.709521507975	0.620589656839	0.596423392943	0.598840019333	0.622039632673	0.579507008217	0.711938134364	0.587240212663	0.697438376027	0.555340744321	0.673272112131
AD8	0.575157080715	0.584823586274	0.95601739971	0.665538907685	0.707588206863	0.522474625423	0.683421942968	0.499758337361	0.479458675689	0.593040115998	0.46060898985	0.643789270179	0.603673272112	0.87046882552	0.629289511841	0.561623972934	0.48622522958	0.493475108748	0.912518124698	0.757370710488	0.565490575157	0.487191880135	0.30546157564	0.0	0.854519091348	0.503141614306	0.417109714838	0.46060898985	0.489608506525	0.547607539874	0.497341710971	0.462542290962	0.484775253746	0.536491058482	0.750120831319	0.672305461576	0.490091831803	0.578540357661	0.544224262929	0.647172547124	0.601256645723	0.722571290478	0.688738521025	0.588206863219	0.580473658772	0.52779120348	0.749637506042	0.688255195747	0.730304494925	0.711938134364	0.675205413243	0.710488158531	0.623489608507	0.602223296278	0.603673272112	0.629289511841	0.593523441276	0.712421459642	0.600773320445	0.696955050749	0.556790720155	0.673272112131
AE7	0.828419526341	0.86805219913	0.850652489125	0.794586756887	0.827452875785	0.892701788304	0.911068148864	0.899468342194	0.889318511358	0.906718221363	0.918318028033	0.837119381344	0.886901884969	0.82406959884	0.896568390527	0.84726921218	0.871435476075	0.864185596907	0.739971000483	0.73368777187	0.82406959884	0.828902851619	0.889801836636	0.854519091348	0.0	0.540357660706	0.878685355244	0.855969067182	0.761237312711	0.762687288545	0.837119381344	0.846785886902	0.899951667472	0.911068148864	0.930401159981	0.912518124698	0.916868052199	0.899468342194	0.916384726921	0.879168680522	0.903334944418	0.871918801353	0.878685355244	0.864668922185	0.939584340261	0.925084581924	0.890285161914	0.898018366361	0.907201546641	0.898018366361	0.90043499275	0.893668438859	0.890285161914	0.897051715805	0.90285161914	0.887868535524	0.904784920251	0.888351860802	0.898018366361	0.899468342194	0.913484775254	0.898501691638
AE8	0.579023682939	0.629289511841	0.898985016916	0.654905751571	0.68970517158	0.601739971	0.681971967134	0.608989850169	0.602223296278	0.623972933784	0.631706138231	0.630739487675	0.651522474625	0.816819719671	0.68293861769	0.596906718221	0.608023199613	0.593040115998	0.813436442726	0.666022232963	0.595456742388	0.5601739971	0.53697438376	0.503141614306	0.540357660706	0.0	0.588206863219	0.56935717738	0.526341227646	0.537941034316	0.578057032383	0.56935717738	0.612856452392	0.623972933784	0.772353794103	0.710971483809	0.634122764621	0.618656355727	0.632189463509	0.664088931851	0.64572257129	0.704688255196	0.681005316578	0.593523441276	0.654422426293	0.633639439343	0.7593040116	0.707588206863	0.757370710488	0.722571290478	0.698888351861	0.735137747704	0.659255679072	0.637506041566	0.649589173514	0.64813919768	0.650072498792	0.738037699372	0.653455775737	0.706138231029	0.624456259062	0.694055099082
AF7	0.581923634606	0.563073948768	0.942967617206	0.665538907685	0.665055582407	0.511358144031	0.69453842436	0.467858869019	0.444175930401	0.595940067666	0.444175930401	0.609473175447	0.571290478492	0.860802319961	0.628322861286	0.559207346544	0.469308844853	0.459642339294	0.898985016916	0.747220879652	0.55099081682	0.412276462059	0.406476558724	0.417109714838	0.878685355244	0.588206863219	0.0	0.335427742871	0.490091831803	0.544707588207	0.485258579024	0.48380860319	0.441275978734	0.493958434026	0.708554857419	0.632672788787	0.456259062349	0.537457709038	0.512324794587	0.61575640406	0.566457225713	0.71532141131	0.682455292412	0.553407443209	0.539874335428	0.503624939584	0.700821652972	0.654905751571	0.692605123248	0.676655389077	0.645239246013	0.669888835186	0.577573707105	0.565973900435	0.567907201547	0.585306911551	0.565007249879	0.669888835186	0.575157080715	0.65732237796	0.51619139681	0.640405993233
AF8	0.562107298212	0.547607539874	0.930884485259	0.649589173514	0.663605606573	0.510391493475	0.681005316578	0.468825519575	0.449975833736	0.578540357661	0.50459159014	0.612856452392	0.565490575157	0.848719188014	0.612373127115	0.542290961817	0.484291928468	0.462542290962	0.875785403577	0.715804736588	0.522474625423	0.386176897052	0.455775737071	0.46060898985	0.855969067182	0.56935717738	0.335427742871	0.0	0.459159014016	0.512808119865	0.52537457709	0.474142097632	0.446109231513	0.492025132914	0.70372160464	0.627839536008	0.478975350411	0.523924601257	0.507491541808	0.599323344611	0.554374093765	0.688738521025	0.654905751571	0.52779120348	0.55099081682	0.505558240696	0.683905268246	0.642339294345	0.679555340744	0.665538907685	0.628806186564	0.655872402127	0.564040599323	0.553890768487	0.559207346544	0.570323827936	0.540840985984	0.652972450459	0.543257612373	0.649589173514	0.505558240696	0.626389560174
AG7	0.566457225713	0.591590140164	0.852102464959	0.569840502658	0.667472208797	0.531657805703	0.679072015466	0.512324794587	0.500724987917	0.587723537941	0.549540840986	0.623006283229	0.612373127115	0.771387143548	0.643789270179	0.558240695988	0.547124214596	0.533107781537	0.74528757854	0.56935717738	0.470275495408	0.438376027066	0.517158047366	0.489608506525	0.761237312711	0.526341227646	0.490091831803	0.459159014016	0.0	0.315128081199	0.541807636539	0.50700821653	0.520541324311	0.561623972934	0.749154180764	0.670855485742	0.541324311261	0.578057032383	0.550507491542	0.634122764621	0.589173513775	0.667955534074	0.645239246013	0.559207346544	0.605606573224	0.56935717738	0.739971000483	0.681971967134	0.721604639923	0.701788303528	0.66892218463	0.710488158531	0.61575640406	0.610439826003	0.61575640406	0.618656355727	0.611889801837	0.706621556307	0.621072982117	0.68293861769	0.581923634606	0.673755437409
AG8	0.594490091832	0.61575640406	0.840985983567	0.597390043499	0.68293861769	0.568873852102	0.675205413243	0.565973900435	0.558724021266	0.60415659739	0.605123247946	0.638472692122	0.643305944901	0.748670855486	0.663122281295	0.597873368777	0.597390043499	0.585790236829	0.697438376027	0.543257612373	0.494925084582	0.480908651522	0.572740454326	0.547607539874	0.762687288545	0.537941034316	0.544707588207	0.512808119865	0.315128081199	0.0	0.582406959884	0.566457225713	0.575157080715	0.590140164331	0.773320444659	0.687771870469	0.595940067666	0.59497341711	0.59497341711	0.66892218463	0.620589656839	0.676172063799	0.657805703238	0.579990333494	0.626389560174	0.605606573224	0.766070565491	0.705654905752	0.741420976317	0.724987916868	0.698405026583	0.734654422426	0.647655872402	0.640405993233	0.644272595457	0.64813919768	0.646205896568	0.73368777187	0.656839052682	0.70372160464	0.614306428226	0.694055099082
AH7	0.585306911551	0.631706138231	0.954084098598	0.70130497825	0.695988400193	0.584823586274	0.707588206863	0.550024166264	0.537457709038	0.639922667956	0.525857902368	0.64813919768	0.642822619623	0.876752054132	0.681488641856	0.595940067666	0.511358144031	0.491541807637	0.886901884969	0.750120831319	0.56935717738	0.528757854036	0.507491541808	0.497341710971	0.837119381344	0.578057032383	0.485258579024	0.52537457709	0.541807636539	0.582406959884	0.0	0.330111164814	0.5601739971	0.610439826003	0.781536974384	0.714838086032	0.537457709038	0.641372643789	0.604639922668	0.673272112131	0.651522474625	0.774770420493	0.746254229096	0.639439342678	0.643789270179	0.608023199613	0.7593040116	0.72450459159	0.751570807153	0.727887868536	0.707588206863	0.739004349928	0.6389560174	0.633156114065	0.624456259062	0.644272595457	0.623006283229	0.732721121315	0.632189463509	0.710004833253	0.609473175447	0.71290478492
AH8	0.554374093765	0.581923634606	0.956500724988	0.663122281295	0.65732237796	0.531174480425	0.681971967134	0.497341710971	0.483325277912	0.595940067666	0.509424842919	0.608989850169	0.579023682939	0.868535524408	0.627839536008	0.551957467376	0.422909618173	0.382793620106	0.899951667472	0.751087481875	0.549057515708	0.480425326245	0.474142097632	0.462542290962	0.846785886902	0.56935717738	0.48380860319	0.474142097632	0.50700821653	0.566457225713	0.330111164814	0.0	0.490091831803	0.542290961817	0.753020782987	0.678105364911	0.519574673755	0.589656839053	0.546640889319	0.62735621073	0.595456742388	0.72450459159	0.691155147414	0.594006766554	0.591590140164	0.540357660706	0.705171580474	0.66892218463	0.710488158531	0.680038666022	0.650072498792	0.680038666022	0.587723537941	0.578540357661	0.579507008217	0.590623489609	0.568390526825	0.675205413243	0.573223779604	0.670372160464	0.546157564041	0.65732237796
AA5	0.584823586274	0.505074915418	0.962300628323	0.649105848236	0.607056549058	0.455292411793	0.61575640406	0.402126631223	0.398260029	0.52779120348	0.44224262929	0.547124214596	0.521991300145	0.87723537941	0.551474142098	0.543257612373	0.444659255679	0.423392943451	0.925567907202	0.779603673272	0.561140647656	0.491541807637	0.462542290962	0.484775253746	0.899951667472	0.612856452392	0.441275978734	0.446109231513	0.520541324311	0.575157080715	0.5601739971	0.490091831803	0.0	0.344610923151	0.684871918801	0.58337361044	0.46302561624	0.459159014016	0.465442242629	0.540357660706	0.481875302078	0.636056065732	0.603189946834	0.46979217013	0.529724504592	0.464475592073	0.70130497825	0.651039149348	0.668438859352	0.655389076849	0.652005799903	0.685355244079	0.539874335428	0.564523924601	0.571290478492	0.573707104882	0.529724504592	0.676172063799	0.552924117931	0.641372643789	0.507974867086	0.63653939101
AA6	0.589656839053	0.515708071532	0.964717254712	0.661188980184	0.618656355727	0.469308844853	0.634122764621	0.43740937651	0.449492508458	0.543257612373	0.500241662639	0.559690671822	0.521991300145	0.87723537941	0.574673755437	0.548090865152	0.502658289029	0.484291928468	0.941517641373	0.787336877719	0.601739971	0.519091348478	0.518124697922	0.536491058482	0.911068148864	0.623972933784	0.493958434026	0.492025132914	0.561623972934	0.590140164331	0.610439826003	0.542290961817	0.344610923151	0.0	0.675205413243	0.576607056549	0.503141614306	0.480425326245	0.476075398743	0.561623972934	0.500724987917	0.660705654906	0.628322861286	0.48622522958	0.456742387627	0.414693088449	0.687771870469	0.643305944901	0.663605606573	0.644755920735	0.637022716288	0.674238762687	0.53939101015	0.553407443209	0.56259062349	0.567423876269	0.532624456259	0.666022232963	0.555824069599	0.634606089899	0.503141614306	0.627839536008
AB5	0.75688738521	0.656839052682	0.975350410826	0.726437892702	0.62493958434	0.654422426293	0.732721121315	0.654905751571	0.670855485742	0.683421942968	0.669888835186	0.622522957951	0.660222329628	0.896085065249	0.701788303528	0.699371677139	0.722087965201	0.706621556307	0.948284195263	0.824552924118	0.806669888835	0.733204446593	0.735621072982	0.750120831319	0.930401159981	0.772353794103	0.708554857419	0.70372160464	0.749154180764	0.773320444659	0.781536974384	0.753020782987	0.684871918801	0.675205413243	0.0	0.332527791203	0.628806186564	0.656355727405	0.623006283229	0.623006283229	0.605123247946	0.746737554374	0.733204446593	0.634122764621	0.626872885452	0.614306428226	0.621556307395	0.61333977767	0.622039632673	0.601256645723	0.620589656839	0.611406476559	0.601256645723	0.607056549058	0.610439826003	0.626389560174	0.670855485742	0.607539874335	0.667472208797	0.608023199613	0.666505558241	0.610439826003
AB6	0.678105364911	0.579990333494	0.968583856936	0.672305461576	0.579990333494	0.570323827936	0.65973900435	0.572740454326	0.595940067666	0.611406476559	0.602706621556	0.534074432093	0.599806669889	0.884968583857	0.625422909618	0.618173030449	0.652005799903	0.633639439343	0.93281778637	0.782986950217	0.735621072982	0.658772353794	0.661672305462	0.672305461576	0.912518124698	0.710971483809	0.632672788787	0.627839536008	0.670855485742	0.687771870469	0.714838086032	0.678105364911	0.58337361044	0.576607056549	0.332527791203	0.0	0.57177380377	0.567423876269	0.544707588207	0.557274045433	0.533591106815	0.681005316578	0.652972450459	0.543740937651	0.542774287095	0.528757854036	0.59255679072	0.548090865152	0.568390526825	0.545674238763	0.547124214596	0.566457225713	0.518124697922	0.548090865152	0.552924117931	0.563557274045	0.59255679072	0.55775737071	0.594006766554	0.537941034316	0.605123247946	0.529724504592
AC5	0.591106814886	0.55775737071	0.976317061382	0.669888835186	0.613823102948	0.476075398743	0.669405509908	0.449492508458	0.440309328178	0.575640405993	0.407926534558	0.564523924601	0.542290961817	0.890285161914	0.616723054616	0.56935717738	0.479942000967	0.47220879652	0.94441759304	0.784920251329	0.621556307395	0.543257612373	0.489125181247	0.490091831803	0.916868052199	0.634122764621	0.456259062349	0.478975350411	0.541324311261	0.595940067666	0.537457709038	0.519574673755	0.46302561624	0.503141614306	0.628806186564	0.57177380377	0.0	0.441275978734	0.436926051232	0.576123731271	0.515224746254	0.722571290478	0.67133881102	0.522474625423	0.492025132914	0.449975833736	0.615273078782	0.576607056549	0.625422909618	0.591106814886	0.570807153214	0.596423392943	0.506041565974	0.494441759304	0.503624939584	0.505558240696	0.564523924601	0.601739971	0.568873852102	0.57177380377	0.503141614306	0.561140647656
AC6	0.607056549058	0.508458192363	0.960850652489	0.640889318511	0.57177380377	0.505074915418	0.534557757371	0.475108748188	0.511841469309	0.445625906235	0.542774287095	0.525857902368	0.537457709038	0.868535524408	0.516674722088	0.560657322378	0.571290478492	0.554374093765	0.918318028033	0.75688738521	0.644272595457	0.566940550991	0.570807153214	0.578540357661	0.899468342194	0.618656355727	0.537457709038	0.523924601257	0.578057032383	0.59497341711	0.641372643789	0.589656839053	0.459159014016	0.480425326245	0.656355727405	0.567423876269	0.441275978734	0.0	0.503141614306	0.509424842919	0.463992266796	0.506041565974	0.465442242629	0.405993233446	0.547607539874	0.531657805703	0.68293861769	0.631222812953	0.651039149348	0.631706138231	0.630739487675	0.660705654906	0.554857419043	0.556790720155	0.567907201547	0.565973900435	0.538907684872	0.658772353794	0.562107298212	0.618173030449	0.53697438376	0.616239729338
AD6	0.597390043499	0.53020782987	0.974383760271	0.650072498792	0.561623972934	0.425326244563	0.619623006283	0.429192846786	0.439342677622	0.531657805703	0.455292411793	0.514741420976	0.51619139681	0.885935234413	0.577573707105	0.544707588207	0.502174963751	0.477525374577	0.951667472209	0.791203479942	0.613823102948	0.535524407927	0.546157564041	0.544224262929	0.916384726921	0.632189463509	0.512324794587	0.507491541808	0.550507491542	0.59497341711	0.604639922668	0.546640889319	0.465442242629	0.476075398743	0.623006283229	0.544707588207	0.436926051232	0.503141614306	0.0	0.531174480425	0.406476558724	0.696471725471	0.659255679072	0.503141614306	0.485258579024	0.438376027066	0.608506524891	0.55775737071	0.573707104882	0.566940550991	0.555824069599	0.588690188497	0.464958917351	0.467375543741	0.463508941518	0.481875302078	0.539874335428	0.584340260996	0.541324311261	0.559690671822	0.466892218463	0.542290961817
AE5	0.639922667956	0.529724504592	0.975833736104	0.641855969067	0.550507491542	0.548090865152	0.585306911551	0.55099081682	0.596423392943	0.541807636539	0.607539874335	0.496858385694	0.567907201547	0.884001933301	0.538907684872	0.576123731271	0.60657322378	0.594490091832	0.93523441276	0.786370227163	0.718704688255	0.629772837119	0.65055582407	0.647172547124	0.879168680522	0.664088931851	0.61575640406	0.599323344611	0.634122764621	0.66892218463	0.673272112131	0.62735621073	0.540357660706	0.561623972934	0.623006283229	0.557274045433	0.576123731271	0.509424842919	0.531174480425	0.0	0.346544224263	0.625422909618	0.595940067666	0.513291445143	0.614789753504	0.605606573224	0.648622522958	0.612856452392	0.623006283229	0.603189946834	0.624456259062	0.640405993233	0.526824552924	0.558724021266	0.592073465442	0.559690671822	0.552440792653	0.634606089899	0.564040599323	0.593040115998	0.567423876269	0.605123247946
AE6	0.603673272112	0.487675205413	0.974383760271	0.632672788787	0.53939101015	0.482841952634	0.558240695988	0.47220879652	0.519574673755	0.500241662639	0.542774287095	0.475592073465	0.521024649589	0.882551957467	0.534557757371	0.534557757371	0.559690671822	0.536007733204	0.93523441276	0.777187046883	0.675205413243	0.592073465442	0.609956500725	0.601256645723	0.903334944418	0.64572257129	0.566457225713	0.554374093765	0.589173513775	0.620589656839	0.651522474625	0.595456742388	0.481875302078	0.500724987917	0.605123247946	0.533591106815	0.515224746254	0.463992266796	0.406476558724	0.346544224263	0.0	0.634122764621	0.601256645723	0.466408893185	0.54857419043	0.534557757371	0.626389560174	0.582406959884	0.594490091832	0.579990333494	0.588206863219	0.618656355727	0.48380860319	0.490575157081	0.510874818753	0.507491541808	0.516674722088	0.610439826003	0.52779120348	0.564523924601	0.502658289029	0.57177380377
AF5	0.727887868536	0.646689221846	0.936684388594	0.673272112131	0.665538907685	0.68970517158	0.556307394877	0.65973900435	0.698405026583	0.576123731271	0.729821169647	0.630256162397	0.677622039633	0.846302561624	0.593040115998	0.681005316578	0.725954567424	0.727404543258	0.869502174964	0.732237796037	0.719188013533	0.6805219913	0.730787820203	0.722571290478	0.871918801353	0.704688255196	0.71532141131	0.688738521025	0.667955534074	0.676172063799	0.774770420493	0.72450459159	0.636056065732	0.660705654906	0.746737554374	0.681005316578	0.722571290478	0.506041565974	0.696471725471	0.625422909618	0.634122764621	0.0	0.268728854519	0.550024166264	0.73610439826	0.722087965201	0.769453842436	0.72450459159	0.744320927985	0.721121314645	0.737554374094	0.748187530208	0.697438376027	0.722571290478	0.73610439826	0.720637989367	0.676172063799	0.750604156597	0.684388593523	0.710004833253	0.723537941034	0.722087965201
AF6	0.695021749638	0.607539874335	0.940550990817	0.663605606573	0.649105848236	0.651039149348	0.528757854036	0.622522957951	0.661672305462	0.540840985984	0.698405026583	0.603189946834	0.647172547124	0.849202513291	0.556307394877	0.646205896568	0.692605123248	0.690671822136	0.885451909135	0.737554374094	0.706621556307	0.654905751571	0.697438376027	0.688738521025	0.878685355244	0.681005316578	0.682455292412	0.654905751571	0.645239246013	0.657805703238	0.746254229096	0.691155147414	0.603189946834	0.628322861286	0.733204446593	0.652972450459	0.67133881102	0.465442242629	0.659255679072	0.595940067666	0.601256645723	0.268728854519	0.0	0.51619139681	0.703238279362	0.691155147414	0.752537457709	0.698888351861	0.725954567424	0.700821652972	0.696471725471	0.735137747704	0.663122281295	0.685838569357	0.700338327695	0.686805219913	0.637989366844	0.734654422426	0.64813919768	0.691155147414	0.690671822136	0.69212179797
