	AA3	AA4	AB3	AB4	AC3	AC4	AD3	AD4	AE3	AE4	AF3	AF4	AG3	AG4	AH3	AH4	AA7	AA8	AB7	AB8	AC7	AC8	AD7	AD8	AE7	AE8	AF7	AF8	AG7	AG8	AH7	AH8	AA5	AA6	AB5	AB6	AC5	AC6	AD6	AE5	AE6	AF5	AF6	AG5	AH5	AH6	AA1	AA2	AB1	AB2	AC1	AC2	AD1	AD2	AE1	AE2	AF1	AF2	AG1	AG2	AH1	AH2
AA3	0.0	0.495891735138	0.929434509425	0.635572740454	0.666022232963	0.58337361044	0.679072015466	0.591590140164	0.569840502658	0.627839536008	0.608023199613	0.609956500725	0.582406959884	0.836636056066	0.643789270179	0.325277912035	0.576123731271	0.568873852102	0.858385693572	0.708071532141	0.622039632673	0.565973900435	0.584823586274	0.577573707105	0.829386176897	0.565490575157	0.574673755437	0.555340744321	0.579990333494	0.59497341711	0.596906718221	0.563073948768	0.587240212663	0.598356694055	0.746254229096	0.6805219913	0.609473175447	0.625422909618	0.611889801837	0.630739487675	0.598356694055	0.716288061866	0.678105364911	0.617206379894	0.625906234896	0.616239729338	0.686321894635	0.639922667956	0.699855002417	0.662638956017	0.643305944901	0.667955534074	0.585790236829	0.576607056549	0.567907201547	0.563557274045	0.576607056549	0.672305461576	0.591590140164	0.649105848236	0.576607056549	0.654905751571
AA4	0.495891735138	0.0	0.946350894152	0.579990333494	0.563073948768	0.494925084582	0.596906718221	0.479942000967	0.487191880135	0.536007733204	0.55099081682	0.505558240696	0.473658772354	0.854035766071	0.374577090382	0.385210246496	0.52779120348	0.53697438376	0.897051715805	0.725471242146	0.667472208797	0.58337361044	0.584823586274	0.576123731271	0.886901884969	0.624456259062	0.55099081682	0.564523924601	0.591590140164	0.60415659739	0.642339294345	0.579023682939	0.497341710971	0.512808119865	0.655389076849	0.579990333494	0.558240695988	0.50459159014	0.533591106815	0.538907684872	0.476558724021	0.646689221846	0.588690188497	0.501691638473	0.577090381827	0.567423876269	0.649105848236	0.577573707105	0.631222812953	0.592073465442	0.593040115998	0.626389560174	0.521024649589	0.520057999033	0.523924601257	0.522474625423	0.497341710971	0.630256162397	0.516674722088	0.579023682939	0.528757854036	0.600773320445
AB3	0.929434509425	0.946350894152	0.0	0.687288545191	0.9212179797	0.952150797487	0.960850652489	0.944900918318	0.928951184147	0.949734171097	0.973417109715	0.942484291928	0.966167230546	0.342194296762	0.96520057999	0.939101014983	0.969067182214	0.969550507492	0.740937651039	0.754470758821	0.882068632189	0.905268245529	0.957950700822	0.94683421943	0.851619139681	0.896568390527	0.942000966651	0.93281778637	0.840019333011	0.839536007733	0.949250845819	0.952150797487	0.956500724988	0.960850652489	0.975350410826	0.969550507492	0.975350410826	0.956500724988	0.973417109715	0.973900434993	0.973417109715	0.926534557757	0.935717738038	0.946350894152	0.975833736104	0.970517158047	0.971967133881	0.969550507492	0.970517158047	0.971000483325	0.971483808603	0.971967133881	0.973900434993	0.973417109715	0.973417109715	0.973417109715	0.972933784437	0.972933784437	0.971000483325	0.975350410826	0.973417109715	0.971967133881
AB4	0.635572740454	0.579990333494	0.687288545191	0.0	0.642822619623	0.603189946834	0.688738521025	0.619139681005	0.607539874335	0.624456259062	0.643789270179	0.601739971	0.474142097632	0.565007249879	0.602223296278	0.594006766554	0.634606089899	0.63653939101	0.738037699372	0.569840502658	0.665055582407	0.623489608507	0.663122281295	0.646205896568	0.803769937168	0.635572740454	0.651039149348	0.641372643789	0.550024166264	0.576607056549	0.692605123248	0.643305944901	0.640889318511	0.657805703238	0.72692121798	0.667472208797	0.651522474625	0.630256162397	0.638472692122	0.628322861286	0.623489608507	0.681971967134	0.642339294345	0.614789753504	0.691155147414	0.675688738521	0.69453842436	0.656355727405	0.690188496858	0.660222329628	0.657805703238	0.667955534074	0.634122764621	0.638472692122	0.647172547124	0.636056065732	0.639922667956	0.678105364911	0.635089415176	0.65732237796	0.651522474625	0.660222329628
AC3	0.666022232963	0.563073948768	0.9212179797	0.642822619623	0.0	0.499758337361	0.652972450459	0.554374093765	0.568873852102	0.592073465442	0.616239729338	0.313194780087	0.594006766554	0.831319478009	0.60657322378	0.613823102948	0.615273078782	0.609473175447	0.87046882552	0.759787336878	0.736587723538	0.684388593523	0.723537941034	0.710488158531	0.837602706622	0.674722087965	0.674238762687	0.6805219913	0.6805219913	0.691638472692	0.707104881585	0.669888835186	0.618173030449	0.635089415176	0.626389560174	0.586273562107	0.625906234896	0.587240212663	0.575157080715	0.544707588207	0.573223779604	0.66892218463	0.633639439343	0.566940550991	0.651522474625	0.640405993233	0.588690188497	0.589173513775	0.581440309328	0.566457225713	0.601739971	0.586273562107	0.534557757371	0.569840502658	0.578057032383	0.565007249879	0.605123247946	0.588206863219	0.618656355727	0.593523441276	0.609956500725	0.588206863219
AC4	0.58337361044	0.494925084582	0.952150797487	0.603189946834	0.499758337361	0.0	0.609473175447	0.407926534558	0.399226679555	0.522474625423	0.325761237313	0.404543257612	0.507491541808	0.854035766071	0.567907201547	0.529241179314	0.475592073465	0.457225712905	0.927017883035	0.74770420493	0.597390043499	0.53939101015	0.519574673755	0.514258095698	0.88883518608	0.566940550991	0.510874818753	0.521024649589	0.522474625423	0.557274045433	0.579990333494	0.5186080232	0.453842435959	0.476075398743	0.647172547124	0.551957467376	0.460125664572	0.505074915418	0.41904301595	0.558724021266	0.474142097632	0.700821652972	0.634606089899	0.501691638473	0.505558240696	0.478975350411	0.640889318511	0.576123731271	0.611406476559	0.58337361044	0.581923634606	0.616239729338	0.493475108748	0.498791686805	0.509908168197	0.501691638473	0.533591106815	0.615273078782	0.564523924601	0.573223779604	0.483325277912	0.589173513775
AD3	0.679072015466	0.596906718221	0.960850652489	0.688738521025	0.652972450459	0.609473175447	0.0	0.526824552924	0.631222812953	0.346544224263	0.662638956017	0.602706621556	0.644755920735	0.868535524408	0.576607056549	0.63653939101	0.672788786854	0.676655389077	0.933301111648	0.762203963267	0.711454809087	0.685838569357	0.683421942968	0.681971967134	0.916868052199	0.668438859352	0.693088448526	0.685838569357	0.681488641856	0.672305461576	0.710004833253	0.679072015466	0.626389560174	0.644755920735	0.743354277429	0.663122281295	0.665538907685	0.526341227646	0.628806186564	0.577573707105	0.568390526825	0.570807153214	0.538907684872	0.533591106815	0.694055099082	0.681488641856	0.763653939101	0.701788303528	0.744320927985	0.710488158531	0.716771387144	0.739004349928	0.647655872402	0.649589173514	0.658289028516	0.658289028516	0.629772837119	0.733204446593	0.647655872402	0.707104881585	0.678588690188	0.716771387144
AD4	0.591590140164	0.479942000967	0.944900918318	0.619139681005	0.554374093765	0.407926534558	0.526824552924	0.0	0.327211213146	0.412276462059	0.408409859836	0.484291928468	0.520057999033	0.852585790237	0.550507491542	0.529724504592	0.452875785404	0.435476075399	0.936201063316	0.757854035766	0.587723537941	0.514258095698	0.496858385694	0.479458675689	0.905751570807	0.583856935718	0.461092315128	0.464958917351	0.510391493475	0.562107298212	0.531657805703	0.483325277912	0.392943450942	0.464958917351	0.660705654906	0.554374093765	0.41904301595	0.474142097632	0.43740937651	0.555340744321	0.462058965684	0.656355727405	0.601256645723	0.47220879652	0.515708071532	0.479458675689	0.667955534074	0.596423392943	0.642822619623	0.614306428226	0.606089898502	0.637989366844	0.515708071532	0.510874818753	0.519574673755	0.517158047366	0.541807636539	0.647172547124	0.563073948768	0.597873368777	0.509908168197	0.611889801837
AE3	0.569840502658	0.487191880135	0.928951184147	0.607539874335	0.568873852102	0.399226679555	0.631222812953	0.327211213146	0.0	0.524407926535	0.399710004833	0.50700821653	0.492508458192	0.840985983567	0.564040599323	0.529724504592	0.429676172064	0.417109714838	0.916384726921	0.738037699372	0.567907201547	0.471725471242	0.4813919768	0.473175447076	0.886901884969	0.566457225713	0.449975833736	0.463508941518	0.487675205413	0.547124214596	0.544707588207	0.47220879652	0.398743354277	0.44900918318	0.675688738521	0.587240212663	0.440792653456	0.520057999033	0.438859352344	0.599806669889	0.510391493475	0.704204929918	0.642339294345	0.507974867086	0.50459159014	0.473658772354	0.667472208797	0.600289995167	0.6389560174	0.617689705172	0.60415659739	0.641372643789	0.534074432093	0.524891251812	0.530691155147	0.527307878202	0.537457709038	0.648622522958	0.564040599323	0.602706621556	0.496858385694	0.609473175447
AE4	0.627839536008	0.536007733204	0.949734171097	0.624456259062	0.592073465442	0.522474625423	0.346544224263	0.412276462059	0.524407926535	0.0	0.582890285162	0.534074432093	0.583856935718	0.85886901885	0.549540840986	0.56935717738	0.587723537941	0.589656839053	0.931367810536	0.751570807153	0.661188980184	0.602223296278	0.606089898502	0.594006766554	0.902368293862	0.608023199613	0.603189946834	0.594490091832	0.590140164331	0.591106814886	0.641855969067	0.593523441276	0.547124214596	0.572257129048	0.701788303528	0.615273078782	0.575640405993	0.466892218463	0.549540840986	0.531657805703	0.515224746254	0.593523441276	0.543257612373	0.49540840986	0.617689705172	0.604639922668	0.71532141131	0.649589173514	0.694055099082	0.666988883519	0.667955534074	0.690671822136	0.596906718221	0.597390043499	0.602706621556	0.60657322378	0.582890285162	0.695988400193	0.608506524891	0.666022232963	0.601256645723	0.67133881102
AF3	0.608023199613	0.55099081682	0.973417109715	0.643789270179	0.616239729338	0.325761237313	0.662638956017	0.408409859836	0.399710004833	0.582890285162	0.0	0.515224746254	0.528757854036	0.876752054132	0.608506524891	0.57177380377	0.434509424843	0.426292895118	0.952634122765	0.778637022716	0.604639922668	0.543740937651	0.444659255679	0.447075882069	0.916868052199	0.597873368777	0.453842435959	0.493958434026	0.534074432093	0.585790236829	0.527307878202	0.492508458192	0.434509424843	0.498308361527	0.673272112131	0.598840019333	0.401643305945	0.543740937651	0.438376027066	0.614306428226	0.526824552924	0.734171097148	0.673272112131	0.53020782987	0.509908168197	0.483325277912	0.661188980184	0.591590140164	0.654905751571	0.609956500725	0.605123247946	0.640405993233	0.53939101015	0.51377477042	0.525857902368	0.517641372644	0.562107298212	0.642822619623	0.590140164331	0.593523441276	0.499758337361	0.609956500725
AF4	0.609956500725	0.505558240696	0.942484291928	0.601739971	0.313194780087	0.404543257612	0.602706621556	0.484291928468	0.50700821653	0.534074432093	0.515224746254	0.0	0.53939101015	0.84726921218	0.553890768487	0.554374093765	0.558724021266	0.550507491542	0.889801836636	0.723054615756	0.698888351861	0.643305944901	0.655872402127	0.640405993233	0.855485741904	0.625906234896	0.612373127115	0.624456259062	0.629772837119	0.637989366844	0.661672305462	0.609473175447	0.550024166264	0.56935717738	0.597873368777	0.517158047366	0.55775737071	0.544707588207	0.499758337361	0.488641855969	0.500724987917	0.641372643789	0.592073465442	0.511358144031	0.573223779604	0.558724021266	0.586756887385	0.528274528758	0.562107298212	0.526824552924	0.537941034316	0.558240695988	0.467375543741	0.503141614306	0.520541324311	0.507974867086	0.54857419043	0.561623972934	0.568873852102	0.520541324311	0.54857419043	0.535041082649
AG3	0.582406959884	0.473658772354	0.966167230546	0.474142097632	0.594006766554	0.507491541808	0.644755920735	0.520057999033	0.492508458192	0.583856935718	0.528757854036	0.53939101015	0.0	0.838086031899	0.523441275979	0.521507974867	0.493475108748	0.487675205413	0.921701304978	0.746737554374	0.675688738521	0.59497341711	0.581923634606	0.582406959884	0.887385210246	0.62493958434	0.554857419043	0.576123731271	0.597390043499	0.612856452392	0.634606089899	0.558724021266	0.521991300145	0.522474625423	0.657805703238	0.599806669889	0.544224262929	0.558724021266	0.521507974867	0.569840502658	0.501208313195	0.70130497825	0.639439342678	0.542290961817	0.571290478492	0.55099081682	0.621072982117	0.563557274045	0.614306428226	0.587240212663	0.570807153214	0.593523441276	0.512808119865	0.517641372644	0.518124697922	0.506041565974	0.525857902368	0.602223296278	0.55099081682	0.586756887385	0.502658289029	0.585306911551
AG4	0.836636056066	0.854035766071	0.342194296762	0.565007249879	0.831319478009	0.854035766071	0.868535524408	0.852585790237	0.840985983567	0.85886901885	0.876752054132	0.84726921218	0.838086031899	0.0	0.870952150797	0.841952634123	0.881585306912	0.881585306912	0.707588206863	0.66892218463	0.803769937168	0.819236346061	0.873852102465	0.862735621073	0.822136297728	0.811986466892	0.856935717738	0.848235862736	0.755920734654	0.752537457709	0.870952150797	0.861768970517	0.866118898018	0.872885451909	0.892218463026	0.884001933301	0.882551957467	0.861285645239	0.882068632189	0.879168680522	0.878685355244	0.841469308845	0.848235862736	0.858385693572	0.889801836636	0.883035282745	0.883035282745	0.882068632189	0.880618656356	0.880618656356	0.885935234413	0.882068632189	0.886418559691	0.884485258579	0.890285161914	0.884485258579	0.883035282745	0.883518608023	0.884968583857	0.882068632189	0.890285161914	0.886901884969
AH3	0.643789270179	0.374577090382	0.96520057999	0.602223296278	0.60657322378	0.567907201547	0.576607056549	0.550507491542	0.564040599323	0.549540840986	0.608506524891	0.553890768487	0.523441275979	0.870952150797	0.0	0.535524407927	0.596906718221	0.600773320445	0.930401159981	0.759787336878	0.71290478492	0.631706138231	0.626872885452	0.62493958434	0.903334944418	0.677622039633	0.626389560174	0.632672788787	0.644272595457	0.651039149348	0.688255195747	0.62493958434	0.562107298212	0.591106814886	0.709038182697	0.634606089899	0.627839536008	0.533591106815	0.597390043499	0.551474142098	0.538424359594	0.612373127115	0.555340744321	0.549540840986	0.640889318511	0.628806186564	0.695021749638	0.612373127115	0.661672305462	0.634606089899	0.632189463509	0.664088931851	0.585306911551	0.594006766554	0.584823586274	0.598356694055	0.552440792653	0.672788786854	0.553890768487	0.632672788787	0.587723537941	0.638472692122
AH4	0.325277912035	0.385210246496	0.939101014983	0.594006766554	0.613823102948	0.529241179314	0.63653939101	0.529724504592	0.529724504592	0.56935717738	0.57177380377	0.554374093765	0.521507974867	0.841952634123	0.535524407927	0.0	0.540840985984	0.540840985984	0.866118898018	0.709038182697	0.636056065732	0.570323827936	0.568390526825	0.564523924601	0.843885935234	0.570323827936	0.55775737071	0.546157564041	0.561623972934	0.580473658772	0.591590140164	0.542290961817	0.543257612373	0.552924117931	0.702271628806	0.62735621073	0.575157080715	0.568873852102	0.556307394877	0.568390526825	0.524407926535	0.688738521025	0.637022716288	0.559690671822	0.593040115998	0.587240212663	0.660222329628	0.596906718221	0.657805703238	0.622522957951	0.607056549058	0.630256162397	0.541807636539	0.531174480425	0.531657805703	0.526341227646	0.513291445143	0.643789270179	0.533107781537	0.608989850169	0.529724504592	0.614789753504
AA7	0.576123731271	0.52779120348	0.969067182214	0.634606089899	0.615273078782	0.475592073465	0.672788786854	0.452875785404	0.429676172064	0.587723537941	0.434509424843	0.558724021266	0.493475108748	0.881585306912	0.596906718221	0.540840985984	0.0	0.289511841469	0.91445142581	0.757854035766	0.603189946834	0.508941517641	0.471242145964	0.462542290962	0.872885451909	0.577573707105	0.4398260029	0.464475592073	0.532624456259	0.58095698405	0.510391493475	0.423392943451	0.415659739004	0.489125181247	0.701788303528	0.637506041566	0.459642339294	0.549057515708	0.465442242629	0.608989850169	0.523441275979	0.734171097148	0.673755437409	0.550024166264	0.544224262929	0.511841469309	0.662155630739	0.594006766554	0.657805703238	0.62735621073	0.593040115998	0.626872885452	0.528757854036	0.513291445143	0.517158047366	0.509424842919	0.521991300145	0.628322861286	0.551474142098	0.617206379894	0.497825036249	0.603189946834
AA8	0.568873852102	0.53697438376	0.969550507492	0.63653939101	0.609473175447	0.457225712905	0.676655389077	0.435476075399	0.417109714838	0.589656839053	0.426292895118	0.550507491542	0.487675205413	0.881585306912	0.600773320445	0.540840985984	0.289511841469	0.0	0.914934751087	0.753504108265	0.587240212663	0.493475108748	0.467858869019	0.460125664572	0.873368777187	0.56935717738	0.438376027066	0.45142580957	0.525857902368	0.576607056549	0.482841952634	0.379410343161	0.419526341228	0.490091831803	0.690671822136	0.631706138231	0.446592556791	0.551474142098	0.456742387627	0.615273078782	0.518124697922	0.738037699372	0.679555340744	0.553890768487	0.522957950701	0.495891735138	0.634606089899	0.576607056549	0.644755920735	0.615273078782	0.572740454326	0.608506524891	0.506524891252	0.498308361527	0.500241662639	0.492508458192	0.52537457709	0.607056549058	0.553407443209	0.605123247946	0.480908651522	0.587723537941
AB7	0.858385693572	0.897051715805	0.740937651039	0.738037699372	0.87046882552	0.927017883035	0.933301111648	0.936201063316	0.916384726921	0.931367810536	0.952634122765	0.889801836636	0.921701304978	0.707588206863	0.930401159981	0.866118898018	0.91445142581	0.914934751087	0.0	0.425809569841	0.8008699855	0.844369260512	0.930401159981	0.914934751087	0.729821169647	0.801836636056	0.889801836636	0.880618656356	0.734654422426	0.71532141131	0.879168680522	0.90043499275	0.919768003867	0.936684388594	0.934751087482	0.941034316095	0.94441759304	0.916384726921	0.941034316095	0.926534557757	0.932334461092	0.860802319961	0.871918801353	0.904301594973	0.960850652489	0.951184146931	0.920251329145	0.919284678589	0.927984533591	0.927017883035	0.924117931368	0.916868052199	0.908168197197	0.91203479942	0.911068148864	0.908651522475	0.923151280812	0.910584823586	0.92363460609	0.926051232479	0.943450942484	0.926051232479
AB8	0.708071532141	0.725471242146	0.754470758821	0.569840502658	0.759787336878	0.74770420493	0.762203963267	0.757854035766	0.738037699372	0.751570807153	0.778637022716	0.723054615756	0.746737554374	0.66892218463	0.759787336878	0.709038182697	0.757854035766	0.753504108265	0.425809569841	0.0	0.632189463509	0.662638956017	0.748187530208	0.728854519091	0.739971000483	0.647655872402	0.709038182697	0.697438376027	0.524891251812	0.521991300145	0.730304494925	0.733204446593	0.752054132431	0.761720637989	0.807636539391	0.772353794103	0.768003866602	0.743354277429	0.763653939101	0.755920734654	0.7593040116	0.714838086032	0.709521507975	0.73368777187	0.787336877719	0.773803769937	0.816336394393	0.75688738521	0.794586756887	0.767037216046	0.763653939101	0.788303528275	0.754470758821	0.753504108265	0.753504108265	0.755437409377	0.751570807153	0.775253745771	0.757370710488	0.758820686322	0.769453842436	0.763170613823
AC7	0.622039632673	0.667472208797	0.882068632189	0.665055582407	0.736587723538	0.597390043499	0.711454809087	0.587723537941	0.567907201547	0.661188980184	0.604639922668	0.698888351861	0.675688738521	0.803769937168	0.71290478492	0.636056065732	0.603189946834	0.587240212663	0.8008699855	0.632189463509	0.0	0.359110681489	0.579023682939	0.561623972934	0.815369743838	0.573223779604	0.549057515708	0.528274528758	0.46060898985	0.498791686805	0.567423876269	0.552440792653	0.57177380377	0.613823102948	0.813919768004	0.737554374094	0.620106331561	0.640889318511	0.617689705172	0.727404543258	0.65973900435	0.728371193813	0.685838569357	0.630739487675	0.640889318511	0.611406476559	0.822136297728	0.753987433543	0.80328661189	0.779603673272	0.750120831319	0.787336877719	0.688738521025	0.678588690188	0.675688738521	0.672305461576	0.672788786854	0.793620106332	0.69212179797	0.756404059932	0.625906234896	0.76848719188
AC8	0.565973900435	0.58337361044	0.905268245529	0.623489608507	0.684388593523	0.53939101015	0.685838569357	0.514258095698	0.471725471242	0.602223296278	0.543740937651	0.643305944901	0.59497341711	0.819236346061	0.631706138231	0.570323827936	0.508941517641	0.493475108748	0.844369260512	0.662638956017	0.359110681489	0.0	0.485258579024	0.482358627356	0.832286128565	0.544707588207	0.40502658289	0.391493475109	0.433542774287	0.472692121798	0.52537457709	0.470758820686	0.477525374577	0.526824552924	0.748187530208	0.679072015466	0.547124214596	0.577090381827	0.539874335428	0.656355727405	0.582406959884	0.694055099082	0.647655872402	0.567423876269	0.575640405993	0.546157564041	0.741420976317	0.671822136298	0.73610439826	0.711938134364	0.66892218463	0.701788303528	0.615273078782	0.604639922668	0.597390043499	0.602223296278	0.582890285162	0.710971483809	0.608989850169	0.688255195747	0.559690671822	0.687288545191
AD7	0.584823586274	0.584823586274	0.957950700822	0.663122281295	0.723537941034	0.519574673755	0.683421942968	0.496858385694	0.4813919768	0.606089898502	0.444659255679	0.655872402127	0.581923634606	0.873852102465	0.626872885452	0.568390526825	0.471242145964	0.467858869019	0.930401159981	0.748187530208	0.579023682939	0.485258579024	0.0	0.287578540358	0.89125181247	0.510391493475	0.419526341228	0.441759304012	0.50700821653	0.559207346544	0.498308361527	0.44900918318	0.481875302078	0.543257612373	0.751570807153	0.681488641856	0.499275012083	0.587240212663	0.540840985984	0.655872402127	0.586756887385	0.73610439826	0.685838569357	0.600289995167	0.570807153214	0.544224262929	0.748187530208	0.67133881102	0.739487675205	0.716288061866	0.674722087965	0.709038182697	0.629772837119	0.603673272112	0.599323344611	0.604639922668	0.578540357661	0.712421459642	0.602706621556	0.691638472692	0.566940550991	0.686805219913
AD8	0.577573707105	0.576123731271	0.94683421943	0.646205896568	0.710488158531	0.514258095698	0.681971967134	0.479458675689	0.473175447076	0.594006766554	0.447075882069	0.640405993233	0.582406959884	0.862735621073	0.62493958434	0.564523924601	0.462542290962	0.460125664572	0.914934751087	0.728854519091	0.561623972934	0.482358627356	0.287578540358	0.0	0.853552440793	0.482358627356	0.411309811503	0.419526341228	0.476075398743	0.533591106815	0.500241662639	0.449492508458	0.470275495408	0.535524407927	0.737071048816	0.666505558241	0.479458675689	0.572740454326	0.530691155147	0.644755920735	0.575640405993	0.728854519091	0.671822136298	0.576123731271	0.553407443209	0.527307878202	0.735621072982	0.660222329628	0.729821169647	0.700338327695	0.661672305462	0.697921701305	0.614306428226	0.585306911551	0.585790236829	0.586273562107	0.583856935718	0.699371677139	0.604639922668	0.676172063799	0.553890768487	0.678588690188
AE7	0.829386176897	0.886901884969	0.851619139681	0.803769937168	0.837602706622	0.88883518608	0.916868052199	0.905751570807	0.886901884969	0.902368293862	0.916868052199	0.855485741904	0.887385210246	0.822136297728	0.903334944418	0.843885935234	0.872885451909	0.873368777187	0.729821169647	0.739971000483	0.815369743838	0.832286128565	0.89125181247	0.853552440793	0.0	0.537457709038	0.869502174964	0.860802319961	0.754470758821	0.773803769937	0.837602706622	0.849685838569	0.898501691638	0.908651522475	0.925567907202	0.927501208313	0.92363460609	0.907201546641	0.913484775254	0.876752054132	0.902368293862	0.867568873852	0.878202029966	0.880135331078	0.934267762204	0.923151280812	0.890285161914	0.90043499275	0.906718221363	0.898018366361	0.905268245529	0.895601739971	0.88883518608	0.890285161914	0.90043499275	0.886901884969	0.906718221363	0.887385210246	0.90285161914	0.899468342194	0.907201546641	0.901884968584
AE8	0.565490575157	0.624456259062	0.896568390527	0.635572740454	0.674722087965	0.566940550991	0.668438859352	0.583856935718	0.566457225713	0.608023199613	0.597873368777	0.625906234896	0.62493958434	0.811986466892	0.677622039633	0.570323827936	0.577573707105	0.56935717738	0.801836636056	0.647655872402	0.573223779604	0.544707588207	0.510391493475	0.482358627356	0.537457709038	0.0	0.558724021266	0.547607539874	0.50459159014	0.516674722088	0.549057515708	0.538907684872	0.58337361044	0.598356694055	0.763170613823	0.70130497825	0.608989850169	0.605123247946	0.607539874335	0.648622522958	0.623489608507	0.699371677139	0.665538907685	0.596906718221	0.626389560174	0.612856452392	0.742870952151	0.674722087965	0.747220879652	0.71290478492	0.682455292412	0.714838086032	0.637022716288	0.611406476559	0.62735621073	0.615273078782	0.633156114065	0.709038182697	0.649589173514	0.68970517158	0.595456742388	0.68970517158
AF7	0.574673755437	0.55099081682	0.942000966651	0.651039149348	0.674238762687	0.510874818753	0.693088448526	0.461092315128	0.449975833736	0.603189946834	0.453842435959	0.612373127115	0.554857419043	0.856935717738	0.626389560174	0.55775737071	0.4398260029	0.438376027066	0.889801836636	0.709038182697	0.549057515708	0.40502658289	0.419526341228	0.411309811503	0.869502174964	0.558724021266	0.0	0.311261478975	0.47462542291	0.523924601257	0.479942000967	0.455775737071	0.435959400677	0.497341710971	0.713871435476	0.64572257129	0.468342194297	0.545674238763	0.50459159014	0.627839536008	0.541807636539	0.713871435476	0.65732237796	0.553890768487	0.541807636539	0.519091348478	0.698405026583	0.638472692122	0.704688255196	0.678105364911	0.633156114065	0.665538907685	0.58095698405	0.5601739971	0.562107298212	0.560657322378	0.54857419043	0.661188980184	0.579023682939	0.653455775737	0.512324794587	0.651039149348
AF8	0.555340744321	0.564523924601	0.93281778637	0.641372643789	0.6805219913	0.521024649589	0.685838569357	0.464958917351	0.463508941518	0.594490091832	0.493958434026	0.624456259062	0.576123731271	0.848235862736	0.632672788787	0.546157564041	0.464475592073	0.45142580957	0.880618656356	0.697438376027	0.528274528758	0.391493475109	0.441759304012	0.419526341228	0.860802319961	0.547607539874	0.311261478975	0.0	0.463508941518	0.520057999033	0.500724987917	0.446592556791	0.448525857902	0.521991300145	0.720637989367	0.656355727405	0.479942000967	0.549540840986	0.51377477042	0.622039632673	0.550024166264	0.707588206863	0.646689221846	0.553407443209	0.55099081682	0.530691155147	0.696955050749	0.638472692122	0.704688255196	0.676172063799	0.636056065732	0.666988883519	0.588690188497	0.562107298212	0.556307394877	0.559207346544	0.545674238763	0.669405509908	0.568873852102	0.653455775737	0.514741420976	0.65055582407
AG7	0.579990333494	0.591590140164	0.840019333011	0.550024166264	0.6805219913	0.522474625423	0.681488641856	0.510391493475	0.487675205413	0.590140164331	0.534074432093	0.629772837119	0.597390043499	0.755920734654	0.644272595457	0.561623972934	0.532624456259	0.525857902368	0.734654422426	0.524891251812	0.46060898985	0.433542774287	0.50700821653	0.476075398743	0.754470758821	0.50459159014	0.47462542291	0.463508941518	0.0	0.316578057032	0.548090865152	0.505074915418	0.505074915418	0.551474142098	0.751087481875	0.673755437409	0.53697438376	0.56935717738	0.528757854036	0.638472692122	0.588206863219	0.677622039633	0.623489608507	0.549540840986	0.587723537941	0.56259062349	0.746254229096	0.670372160464	0.730304494925	0.705654905752	0.667955534074	0.704688255196	0.611889801837	0.593523441276	0.603189946834	0.597390043499	0.604639922668	0.705654905752	0.630739487675	0.68293861769	0.572257129048	0.687288545191
AG8	0.59497341711	0.60415659739	0.839536007733	0.576607056549	0.691638472692	0.557274045433	0.672305461576	0.562107298212	0.547124214596	0.591106814886	0.585790236829	0.637989366844	0.612856452392	0.752537457709	0.651039149348	0.580473658772	0.58095698405	0.576607056549	0.71532141131	0.521991300145	0.498791686805	0.472692121798	0.559207346544	0.533591106815	0.773803769937	0.516674722088	0.523924601257	0.520057999033	0.316578057032	0.0	0.584823586274	0.55099081682	0.55775737071	0.581440309328	0.763653939101	0.693571773804	0.582406959884	0.582890285162	0.579023682939	0.654422426293	0.601739971	0.668438859352	0.635572740454	0.565490575157	0.614789753504	0.592073465442	0.75688738521	0.680038666022	0.740454325761	0.714838086032	0.685355244079	0.717738037699	0.627839536008	0.608989850169	0.616723054616	0.618173030449	0.62493958434	0.718221362977	0.651522474625	0.684388593523	0.599323344611	0.697438376027
AH7	0.596906718221	0.642339294345	0.949250845819	0.692605123248	0.707104881585	0.579990333494	0.710004833253	0.531657805703	0.544707588207	0.641855969067	0.527307878202	0.661672305462	0.634606089899	0.870952150797	0.688255195747	0.591590140164	0.510391493475	0.482841952634	0.879168680522	0.730304494925	0.567423876269	0.52537457709	0.498308361527	0.500241662639	0.837602706622	0.549057515708	0.479942000967	0.500724987917	0.548090865152	0.584823586274	0.0	0.342194296762	0.555824069599	0.620589656839	0.782020299662	0.724021266312	0.550507491542	0.639439342678	0.59255679072	0.673272112131	0.62735621073	0.772837119381	0.736587723538	0.646689221846	0.637506041566	0.617689705172	0.765103914935	0.708071532141	0.756404059932	0.724987916868	0.701788303528	0.73368777187	0.640889318511	0.628322861286	0.621072982117	0.622522957951	0.626872885452	0.740454325761	0.643789270179	0.704204929918	0.608506524891	0.720637989367
AH8	0.563073948768	0.579023682939	0.952150797487	0.643305944901	0.669888835186	0.5186080232	0.679072015466	0.483325277912	0.47220879652	0.593523441276	0.492508458192	0.609473175447	0.558724021266	0.861768970517	0.62493958434	0.542290961817	0.423392943451	0.379410343161	0.90043499275	0.733204446593	0.552440792653	0.470758820686	0.44900918318	0.449492508458	0.849685838569	0.538907684872	0.455775737071	0.446592556791	0.505074915418	0.55099081682	0.342194296762	0.0	0.479942000967	0.552440792653	0.74770420493	0.6805219913	0.514741420976	0.58337361044	0.53020782987	0.614789753504	0.565490575157	0.738037699372	0.683905268246	0.586273562107	0.579023682939	0.55099081682	0.714838086032	0.646205896568	0.710488158531	0.674238762687	0.648622522958	0.681971967134	0.591106814886	0.57177380377	0.571290478492	0.569840502658	0.555824069599	0.68293861769	0.576607056549	0.655389076849	0.540357660706	0.661672305462
AA5	0.587240212663	0.497341710971	0.956500724988	0.640889318511	0.618173030449	0.453842435959	0.626389560174	0.392943450942	0.398743354277	0.547124214596	0.434509424843	0.550024166264	0.521991300145	0.866118898018	0.562107298212	0.543257612373	0.415659739004	0.419526341228	0.919768003867	0.752054132431	0.57177380377	0.477525374577	0.481875302078	0.470275495408	0.898501691638	0.58337361044	0.435959400677	0.448525857902	0.505074915418	0.55775737071	0.555824069599	0.479942000967	0.0	0.356210729821	0.682455292412	0.585790236829	0.453842435959	0.464958917351	0.461092315128	0.560657322378	0.462542290962	0.653939101015	0.589656839053	0.462058965684	0.518124697922	0.470275495408	0.693571773804	0.626389560174	0.666022232963	0.642339294345	0.632672788787	0.665055582407	0.529241179314	0.549540840986	0.552440792653	0.539874335428	0.530691155147	0.670372160464	0.5601739971	0.62735621073	0.504108264862	0.6389560174
AA6	0.598356694055	0.512808119865	0.960850652489	0.657805703238	0.635089415176	0.476075398743	0.644755920735	0.464958917351	0.44900918318	0.572257129048	0.498308361527	0.56935717738	0.522474625423	0.872885451909	0.591106814886	0.552924117931	0.489125181247	0.490091831803	0.936684388594	0.761720637989	0.613823102948	0.526824552924	0.543257612373	0.535524407927	0.908651522475	0.598356694055	0.497341710971	0.521991300145	0.551474142098	0.581440309328	0.620589656839	0.552440792653	0.356210729821	0.0	0.676655389077	0.576607056549	0.508941517641	0.494925084582	0.485258579024	0.594006766554	0.489125181247	0.676655389077	0.618656355727	0.501691638473	0.45142580957	0.413726437893	0.684871918801	0.621072982117	0.661672305462	0.640889318511	0.622039632673	0.653939101015	0.530691155147	0.546640889319	0.547124214596	0.537941034316	0.545674238763	0.662638956017	0.577090381827	0.618173030449	0.519091348478	0.630739487675
AB5	0.746254229096	0.655389076849	0.975350410826	0.72692121798	0.626389560174	0.647172547124	0.743354277429	0.660705654906	0.675688738521	0.701788303528	0.673272112131	0.597873368777	0.657805703238	0.892218463026	0.709038182697	0.702271628806	0.701788303528	0.690671822136	0.934751087482	0.807636539391	0.813919768004	0.748187530208	0.751570807153	0.737071048816	0.925567907202	0.763170613823	0.713871435476	0.720637989367	0.751087481875	0.763653939101	0.782020299662	0.74770420493	0.682455292412	0.676655389077	0.0	0.324311261479	0.635089415176	0.67133881102	0.61575640406	0.630256162397	0.610923151281	0.752537457709	0.727404543258	0.659255679072	0.628322861286	0.628322861286	0.610439826003	0.608023199613	0.620589656839	0.587240212663	0.610923151281	0.599323344611	0.593040115998	0.594490091832	0.619623006283	0.621072982117	0.666988883519	0.593040115998	0.659255679072	0.603189946834	0.673755437409	0.606089898502
AB6	0.6805219913	0.579990333494	0.969550507492	0.667472208797	0.586273562107	0.551957467376	0.663122281295	0.554374093765	0.587240212663	0.615273078782	0.598840019333	0.517158047366	0.599806669889	0.884001933301	0.634606089899	0.62735621073	0.637506041566	0.631706138231	0.941034316095	0.772353794103	0.737554374094	0.679072015466	0.681488641856	0.666505558241	0.927501208313	0.70130497825	0.64572257129	0.656355727405	0.673755437409	0.693571773804	0.724021266312	0.6805219913	0.585790236829	0.576607056549	0.324311261479	0.0	0.565490575157	0.573707104882	0.540840985984	0.559207346544	0.533591106815	0.687771870469	0.637022716288	0.542774287095	0.551957467376	0.551957467376	0.608989850169	0.553407443209	0.590623489609	0.558724021266	0.565007249879	0.587723537941	0.527307878202	0.541807636539	0.57177380377	0.560657322378	0.596423392943	0.575640405993	0.591590140164	0.555824069599	0.610439826003	0.555824069599
AC5	0.609473175447	0.558240695988	0.975350410826	0.651522474625	0.625906234896	0.460125664572	0.665538907685	0.41904301595	0.440792653456	0.575640405993	0.401643305945	0.55775737071	0.544224262929	0.882551957467	0.627839536008	0.575157080715	0.459642339294	0.446592556791	0.94441759304	0.768003866602	0.620106331561	0.547124214596	0.499275012083	0.479458675689	0.92363460609	0.608989850169	0.468342194297	0.479942000967	0.53697438376	0.582406959884	0.550507491542	0.514741420976	0.453842435959	0.508941517641	0.635089415176	0.565490575157	0.0	0.450459159014	0.438859352344	0.589656839053	0.512324794587	0.731271145481	0.659255679072	0.532624456259	0.486708554857	0.466408893185	0.618173030449	0.566457225713	0.627839536008	0.592073465442	0.568873852102	0.600289995167	0.510874818753	0.487191880135	0.501691638473	0.493475108748	0.570323827936	0.606089898502	0.592073465442	0.564523924601	0.521507974867	0.579507008217
AC6	0.625422909618	0.50459159014	0.956500724988	0.630256162397	0.587240212663	0.505074915418	0.526341227646	0.474142097632	0.520057999033	0.466892218463	0.543740937651	0.544707588207	0.558724021266	0.861285645239	0.533591106815	0.568873852102	0.549057515708	0.551474142098	0.916384726921	0.743354277429	0.640889318511	0.577090381827	0.587240212663	0.572740454326	0.907201546641	0.605123247946	0.545674238763	0.549540840986	0.56935717738	0.582890285162	0.639439342678	0.58337361044	0.464958917351	0.494925084582	0.67133881102	0.573707104882	0.450459159014	0.0	0.522474625423	0.518124697922	0.496375060416	0.507974867086	0.43740937651	0.420492991783	0.568390526825	0.539874335428	0.687771870469	0.62735621073	0.67133881102	0.637989366844	0.63653939101	0.661672305462	0.570807153214	0.565490575157	0.573223779604	0.575157080715	0.553890768487	0.66892218463	0.578540357661	0.621072982117	0.560657322378	0.643305944901
AD6	0.611889801837	0.533591106815	0.973417109715	0.638472692122	0.575157080715	0.41904301595	0.628806186564	0.43740937651	0.438859352344	0.549540840986	0.438376027066	0.499758337361	0.521507974867	0.882068632189	0.597390043499	0.556307394877	0.465442242629	0.456742387627	0.941034316095	0.763653939101	0.617689705172	0.539874335428	0.540840985984	0.530691155147	0.913484775254	0.607539874335	0.50459159014	0.51377477042	0.528757854036	0.579023682939	0.59255679072	0.53020782987	0.461092315128	0.485258579024	0.61575640406	0.540840985984	0.438859352344	0.522474625423	0.0	0.551474142098	0.418076365394	0.722571290478	0.656355727405	0.52779120348	0.465442242629	0.444175930401	0.594490091832	0.538424359594	0.582890285162	0.548090865152	0.545190913485	0.578540357661	0.468342194297	0.450459159014	0.474142097632	0.472692121798	0.543257612373	0.582890285162	0.565973900435	0.549540840986	0.489608506525	0.549057515708
AE5	0.630739487675	0.538907684872	0.973900434993	0.628322861286	0.544707588207	0.558724021266	0.577573707105	0.555340744321	0.599806669889	0.531657805703	0.614306428226	0.488641855969	0.569840502658	0.879168680522	0.551474142098	0.568390526825	0.608989850169	0.615273078782	0.926534557757	0.755920734654	0.727404543258	0.656355727405	0.655872402127	0.644755920735	0.876752054132	0.648622522958	0.627839536008	0.622039632673	0.638472692122	0.654422426293	0.673272112131	0.614789753504	0.560657322378	0.594006766554	0.630256162397	0.559207346544	0.589656839053	0.518124697922	0.551474142098	0.0	0.354760753987	0.619139681005	0.56259062349	0.511358144031	0.641855969067	0.630256162397	0.651522474625	0.602706621556	0.622039632673	0.594006766554	0.620589656839	0.63653939101	0.531657805703	0.572257129048	0.599323344611	0.565007249879	0.547607539874	0.629289511841	0.558724021266	0.58095698405	0.578540357661	0.622039632673
AE6	0.598356694055	0.476558724021	0.973417109715	0.623489608507	0.573223779604	0.474142097632	0.568390526825	0.462058965684	0.510391493475	0.515224746254	0.526824552924	0.500724987917	0.501208313195	0.878685355244	0.538424359594	0.524407926535	0.523441275979	0.518124697922	0.932334461092	0.7593040116	0.65973900435	0.582406959884	0.586756887385	0.575640405993	0.902368293862	0.623489608507	0.541807636539	0.550024166264	0.588206863219	0.601739971	0.62735621073	0.565490575157	0.462542290962	0.489125181247	0.610923151281	0.533591106815	0.512324794587	0.496375060416	0.418076365394	0.354760753987	0.0	0.667955534074	0.601739971	0.480908651522	0.534074432093	0.526341227646	0.636056065732	0.574673755437	0.61333977767	0.581923634606	0.59255679072	0.616723054616	0.476075398743	0.480425326245	0.506524891252	0.482358627356	0.506041565974	0.620589656839	0.529241179314	0.565973900435	0.493958434026	0.596423392943
AF5	0.716288061866	0.646689221846	0.926534557757	0.681971967134	0.66892218463	0.700821652972	0.570807153214	0.656355727405	0.704204929918	0.593523441276	0.734171097148	0.641372643789	0.70130497825	0.841469308845	0.612373127115	0.688738521025	0.734171097148	0.738037699372	0.860802319961	0.714838086032	0.728371193813	0.694055099082	0.73610439826	0.728854519091	0.867568873852	0.699371677139	0.713871435476	0.707588206863	0.677622039633	0.668438859352	0.772837119381	0.738037699372	0.653939101015	0.676655389077	0.752537457709	0.687771870469	0.731271145481	0.507974867086	0.722571290478	0.619139681005	0.667955534074	0.0	0.300144997583	0.546640889319	0.744804253262	0.728854519091	0.774287095215	0.740937651039	0.75688738521	0.723054615756	0.748187530208	0.755920734654	0.704688255196	0.72692121798	0.745770903818	0.728854519091	0.685838569357	0.751087481875	0.69212179797	0.723054615756	0.733204446593	0.734654422426
AF6	0.678105364911	0.588690188497	0.935717738038	0.642339294345	0.633639439343	0.634606089899	0.538907684872	0.601256645723	0.642339294345	0.543257612373	0.673272112131	0.592073465442	0.639439342678	0.848235862736	0.555340744321	0.637022716288	0.673755437409	0.679555340744	0.871918801353	0.709521507975	0.685838569357	0.647655872402	0.685838569357	0.671822136298	0.878202029966	0.665538907685	0.65732237796	0.646689221846	0.623489608507	0.635572740454	0.736587723538	0.683905268246	0.589656839053	0.618656355727	0.727404543258	0.637022716288	0.659255679072	0.43740937651	0.656355727405	0.56259062349	0.601739971	0.300144997583	0.0	0.490091831803	0.68293861769	0.667955534074	0.747220879652	0.681488641856	0.715804736588	0.688738521025	0.687771870469	0.720637989367	0.646689221846	0.670372160464	0.683905268246	0.667955534074	0.621556307395	0.720154664089	0.632672788787	0.679072015466	0.673755437409	0.694055099082
