	AA3	AA4	AB3	AB4	AC3	AC4	AD3	AD4	AE3	AE4	AF3	AF4	AG3	AG4	AH3	AH4	AA7	AA8	AB7	AB8	AC7	AC8	AD7	AD8	AE7	AE8	AF7	AF8	AG7	AG8	AH7	AH8	AA5	AA6	AB5	AB6	AC5	AC6	AD6	AE5	AE6	AF5	AF6	AG5	AH5	AH6	AA1	AA2	AB1	AB2	AC1	AC2	AD1	AD2	AE1	AE2	AF1	AF2	AG1	AG2	AH1	AH2
AA3	0.0	0.473175447076	0.937167713871	0.616723054616	0.65973900435	0.599806669889	0.673755437409	0.588690188497	0.57177380377	0.619623006283	0.622039632673	0.614789753504	0.577573707105	0.850169163847	0.638472692122	0.335911068149	0.567423876269	0.568390526825	0.860802319961	0.735137747704	0.626872885452	0.568390526825	0.589656839053	0.591590140164	0.832769453842	0.602223296278	0.555824069599	0.548090865152	0.587240212663	0.595940067666	0.597873368777	0.564040599323	0.598840019333	0.595940067666	0.746737554374	0.686805219913	0.607539874335	0.625422909618	0.610439826003	0.628806186564	0.61575640406	0.708554857419	0.691155147414	0.621556307395	0.632672788787	0.61575640406	0.68293861769	0.652972450459	0.720637989367	0.676655389077	0.639439342678	0.652489125181	0.565007249879	0.567907201547	0.569840502658	0.557274045433	0.578057032383	0.664572257129	0.575157080715	0.657805703238	0.588690188497	0.644755920735
AA4	0.473175447076	0.0	0.94683421943	0.563557274045	0.570807153214	0.484291928468	0.598840019333	0.49540840986	0.505558240696	0.523441275979	0.550507491542	0.51619139681	0.484775253746	0.857419043016	0.382310294828	0.346544224263	0.52779120348	0.532141130981	0.883035282745	0.741420976317	0.654422426293	0.577573707105	0.580473658772	0.561623972934	0.867085548574	0.608023199613	0.540357660706	0.546640889319	0.592073465442	0.61333977767	0.613823102948	0.570807153214	0.515224746254	0.523441275979	0.667472208797	0.603189946834	0.563557274045	0.531174480425	0.523441275979	0.516674722088	0.498308361527	0.6389560174	0.610923151281	0.52537457709	0.589173513775	0.572257129048	0.649105848236	0.584823586274	0.628322861286	0.605123247946	0.593040115998	0.625422909618	0.514258095698	0.515708071532	0.503624939584	0.518124697922	0.490575157081	0.609473175447	0.499275012083	0.582890285162	0.508458192363	0.563073948768
AB3	0.937167713871	0.94683421943	0.0	0.683421942968	0.918318028033	0.954084098598	0.955534074432	0.94683421943	0.936684388594	0.945384243596	0.974383760271	0.939101014983	0.965683905268	0.357660705655	0.961333977767	0.943450942484	0.972933784437	0.96761720638	0.74528757854	0.765587240213	0.890285161914	0.913001449976	0.960367327211	0.958917351377	0.849202513291	0.894151764137	0.943450942484	0.926051232479	0.84485258579	0.849202513291	0.95360077332	0.9584340261	0.957950700822	0.965683905268	0.975350410826	0.966650555824	0.973900434993	0.959884001933	0.974867085549	0.975833736104	0.974383760271	0.934751087482	0.938134364427	0.952634122765	0.979700338328	0.973417109715	0.975833736104	0.975350410826	0.971967133881	0.973417109715	0.977767037216	0.971967133881	0.97680038666	0.974867085549	0.97921701305	0.974867085549	0.974383760271	0.973417109715	0.973417109715	0.973900434993	0.974867085549	0.973417109715
AB4	0.616723054616	0.563557274045	0.683421942968	0.0	0.62493958434	0.593523441276	0.672305461576	0.607056549058	0.603673272112	0.608023199613	0.632672788787	0.594490091832	0.473658772354	0.567907201547	0.595940067666	0.573223779604	0.623006283229	0.620589656839	0.718704688255	0.591590140164	0.639922667956	0.605123247946	0.641372643789	0.636056065732	0.784920251329	0.619139681005	0.623489608507	0.59497341711	0.542774287095	0.580473658772	0.673755437409	0.626872885452	0.625422909618	0.636056065732	0.728854519091	0.65973900435	0.641372643789	0.635572740454	0.616723054616	0.611406476559	0.609473175447	0.65055582407	0.650072498792	0.619139681005	0.675688738521	0.663122281295	0.698405026583	0.652005799903	0.69453842436	0.674238762687	0.655389076849	0.669888835186	0.61575640406	0.624456259062	0.638472692122	0.62493958434	0.621072982117	0.667955534074	0.624456259062	0.654422426293	0.629289511841	0.648622522958
AC3	0.65973900435	0.570807153214	0.918318028033	0.62493958434	0.0	0.488158530691	0.640405993233	0.561623972934	0.577090381827	0.584823586274	0.609473175447	0.322377960367	0.595940067666	0.833736104398	0.603189946834	0.585790236829	0.619139681005	0.602223296278	0.864185596907	0.753987433543	0.728854519091	0.682455292412	0.72450459159	0.700821652972	0.830352827453	0.695988400193	0.661188980184	0.669405509908	0.673272112131	0.695505074915	0.706138231029	0.666505558241	0.611406476559	0.630739487675	0.630256162397	0.592073465442	0.626872885452	0.579990333494	0.581440309328	0.530691155147	0.528274528758	0.644272595457	0.649105848236	0.565490575157	0.655872402127	0.643305944901	0.601256645723	0.597390043499	0.586273562107	0.581923634606	0.603673272112	0.594006766554	0.543257612373	0.579507008217	0.588206863219	0.570807153214	0.613823102948	0.581440309328	0.605606573224	0.590623489609	0.616239729338	0.597873368777
AC4	0.599806669889	0.484291928468	0.954084098598	0.593523441276	0.488158530691	0.0	0.621556307395	0.42822619623	0.433059449009	0.511358144031	0.345577573707	0.403093281779	0.501208313195	0.862735621073	0.567907201547	0.521507974867	0.483325277912	0.463508941518	0.914934751087	0.764620589657	0.606089898502	0.545190913485	0.543257612373	0.519574673755	0.885935234413	0.579507008217	0.499758337361	0.511841469309	0.536491058482	0.570807153214	0.579023682939	0.522474625423	0.475592073465	0.47462542291	0.635572740454	0.567907201547	0.462058965684	0.50459159014	0.419526341228	0.532624456259	0.470275495408	0.673272112131	0.657805703238	0.518124697922	0.5186080232	0.490091831803	0.630739487675	0.572257129048	0.587240212663	0.577090381827	0.570807153214	0.599323344611	0.49299178347	0.482841952634	0.499758337361	0.495891735138	0.53939101015	0.590623489609	0.539874335428	0.556790720155	0.4813919768	0.552440792653
AD3	0.673755437409	0.598840019333	0.955534074432	0.672305461576	0.640405993233	0.621556307395	0.0	0.535041082649	0.643789270179	0.377477042049	0.675205413243	0.595940067666	0.642339294345	0.865152247463	0.581440309328	0.633156114065	0.688738521025	0.685355244079	0.929917834703	0.792653455776	0.710971483809	0.691638472692	0.700338327695	0.696471725471	0.90961817303	0.681971967134	0.695505074915	0.688738521025	0.688255195747	0.683421942968	0.715804736588	0.687771870469	0.636056065732	0.658772353794	0.749154180764	0.673755437409	0.672305461576	0.526341227646	0.634122764621	0.572257129048	0.574673755437	0.553407443209	0.540840985984	0.554374093765	0.699371677139	0.687288545191	0.765103914935	0.717254712421	0.735621072982	0.729821169647	0.714838086032	0.739004349928	0.658289028516	0.662155630739	0.670855485742	0.658289028516	0.637022716288	0.734171097148	0.635089415176	0.70372160464	0.68970517158	0.695988400193
AD4	0.588690188497	0.49540840986	0.94683421943	0.607056549058	0.561623972934	0.42822619623	0.535041082649	0.0	0.321411309812	0.398260029	0.422426292895	0.50700821653	0.521991300145	0.856935717738	0.550507491542	0.524891251812	0.462542290962	0.435476075399	0.929434509425	0.784436926051	0.579023682939	0.501691638473	0.485741904302	0.468342194297	0.906234896085	0.602223296278	0.44224262929	0.462542290962	0.516674722088	0.581440309328	0.540840985984	0.485258579024	0.394876752054	0.445625906235	0.662638956017	0.577573707105	0.444175930401	0.479942000967	0.426776220396	0.535524407927	0.468342194297	0.633639439343	0.618173030449	0.490575157081	0.526824552924	0.492025132914	0.680038666022	0.622522957951	0.641372643789	0.635572740454	0.617206379894	0.646689221846	0.520541324311	0.524891251812	0.528274528758	0.524407926535	0.534557757371	0.6389560174	0.536491058482	0.616723054616	0.505558240696	0.600289995167
AE3	0.57177380377	0.505558240696	0.936684388594	0.603673272112	0.577090381827	0.433059449009	0.643789270179	0.321411309812	0.0	0.503624939584	0.401159980667	0.524891251812	0.511358144031	0.854035766071	0.564040599323	0.529241179314	0.44900918318	0.423876268729	0.922667955534	0.77767037216	0.568873852102	0.482358627356	0.473175447076	0.470758820686	0.891735137748	0.585790236829	0.430159497342	0.457225712905	0.507491541808	0.56935717738	0.536007733204	0.485741904302	0.401159980667	0.450942484292	0.673272112131	0.603189946834	0.433542774287	0.521507974867	0.44224262929	0.586273562107	0.520057999033	0.6805219913	0.65973900435	0.524891251812	0.530691155147	0.492508458192	0.672788786854	0.614789753504	0.644755920735	0.632189463509	0.612856452392	0.646205896568	0.529241179314	0.524407926535	0.530691155147	0.530691155147	0.554857419043	0.644272595457	0.55099081682	0.608506524891	0.497341710971	0.594490091832
AE4	0.619623006283	0.523441275979	0.945384243596	0.608023199613	0.584823586274	0.511358144031	0.377477042049	0.398260029	0.503624939584	0.0	0.561140647656	0.528757854036	0.579507008217	0.857419043016	0.545674238763	0.557274045433	0.575157080715	0.58095698405	0.925567907202	0.778153697438	0.634122764621	0.584340260996	0.588690188497	0.583856935718	0.904301594973	0.608023199613	0.581440309328	0.567907201547	0.574190430159	0.597873368777	0.629289511841	0.578057032383	0.524891251812	0.541324311261	0.706621556307	0.620589656839	0.567907201547	0.463508941518	0.535041082649	0.525857902368	0.509424842919	0.573223779604	0.560657322378	0.494441759304	0.60657322378	0.583856935718	0.720154664089	0.668438859352	0.693571773804	0.687288545191	0.664572257129	0.688738521025	0.599806669889	0.581440309328	0.595456742388	0.594490091832	0.579023682939	0.682455292412	0.590140164331	0.665538907685	0.581923634606	0.648622522958
AF3	0.622039632673	0.550507491542	0.974383760271	0.632672788787	0.609473175447	0.345577573707	0.675205413243	0.422426292895	0.401159980667	0.561140647656	0.0	0.52537457709	0.531174480425	0.884968583857	0.608506524891	0.574673755437	0.449975833736	0.433542774287	0.957950700822	0.809569840503	0.595456742388	0.528757854036	0.437892701788	0.441759304012	0.915418076365	0.614306428226	0.433542774287	0.507491541808	0.538424359594	0.607056549058	0.530691155147	0.486708554857	0.439342677622	0.491541807637	0.667955534074	0.617689705172	0.409859835669	0.540357660706	0.440309328178	0.597873368777	0.522957950701	0.705171580474	0.691638472692	0.545674238763	0.521507974867	0.499275012083	0.668438859352	0.607056549058	0.643305944901	0.620589656839	0.605606573224	0.6389560174	0.53697438376	0.51619139681	0.53020782987	0.521991300145	0.567907201547	0.630256162397	0.562107298212	0.595456742388	0.495891735138	0.587723537941
AF4	0.614789753504	0.51619139681	0.939101014983	0.594490091832	0.322377960367	0.403093281779	0.595940067666	0.50700821653	0.524891251812	0.528757854036	0.52537457709	0.0	0.543257612373	0.846785886902	0.5601739971	0.535524407927	0.57177380377	0.558240695988	0.884485258579	0.748187530208	0.697438376027	0.640889318511	0.669405509908	0.644755920735	0.855002416626	0.654422426293	0.608023199613	0.616239729338	0.639439342678	0.656355727405	0.664088931851	0.61575640406	0.561623972934	0.579507008217	0.617206379894	0.537941034316	0.558724021266	0.532141130981	0.522474625423	0.484291928468	0.483325277912	0.614306428226	0.614789753504	0.522474625423	0.58337361044	0.579023682939	0.59497341711	0.544707588207	0.565007249879	0.547607539874	0.558724021266	0.571290478492	0.489608506525	0.513291445143	0.526824552924	0.519091348478	0.56259062349	0.559690671822	0.559690671822	0.534074432093	0.566457225713	0.537457709038
AG3	0.577573707105	0.484775253746	0.965683905268	0.473658772354	0.595940067666	0.501208313195	0.642339294345	0.521991300145	0.511358144031	0.579507008217	0.531174480425	0.543257612373	0.0	0.849202513291	0.520057999033	0.521991300145	0.5186080232	0.501208313195	0.926051232479	0.781053649106	0.678588690188	0.610923151281	0.598356694055	0.58095698405	0.882551957467	0.637989366844	0.554857419043	0.572740454326	0.610923151281	0.641855969067	0.641855969067	0.577090381827	0.535524407927	0.519574673755	0.664088931851	0.614306428226	0.538907684872	0.558240695988	0.511358144031	0.547124214596	0.517158047366	0.670372160464	0.650072498792	0.55099081682	0.581440309328	0.560657322378	0.613823102948	0.571290478492	0.61333977767	0.598840019333	0.575157080715	0.598356694055	0.507974867086	0.522957950701	0.52537457709	0.524407926535	0.549540840986	0.594490091832	0.551474142098	0.58095698405	0.511358144031	0.564523924601
AG4	0.850169163847	0.857419043016	0.357660705655	0.567907201547	0.833736104398	0.862735621073	0.865152247463	0.856935717738	0.854035766071	0.857419043016	0.884968583857	0.846785886902	0.849202513291	0.0	0.870952150797	0.849685838569	0.890768487192	0.884001933301	0.709038182697	0.687288545191	0.811986466892	0.826002899952	0.874818753021	0.875785403577	0.827936201063	0.818753020783	0.857902368294	0.840985983567	0.762687288545	0.745770903818	0.8796520058	0.874335427743	0.873852102465	0.881101981634	0.897535041083	0.884485258579	0.885451909135	0.866118898018	0.882551957467	0.880135331078	0.880135331078	0.845819236346	0.849685838569	0.86805219913	0.89125181247	0.889318511358	0.884001933301	0.881585306912	0.885451909135	0.883518608023	0.88883518608	0.881101981634	0.889318511358	0.886901884969	0.892701788304	0.885935234413	0.886901884969	0.882068632189	0.886901884969	0.884485258579	0.88883518608	0.884968583857
AH3	0.638472692122	0.382310294828	0.961333977767	0.595940067666	0.603189946834	0.567907201547	0.581440309328	0.550507491542	0.564040599323	0.545674238763	0.608506524891	0.5601739971	0.520057999033	0.870952150797	0.0	0.513291445143	0.593523441276	0.60415659739	0.920251329145	0.781536974384	0.711454809087	0.649105848236	0.638472692122	0.62735621073	0.901884968584	0.690671822136	0.628322861286	0.632189463509	0.664572257129	0.691638472692	0.693088448526	0.647655872402	0.540840985984	0.575157080715	0.708554857419	0.641372643789	0.623972933784	0.555824069599	0.59255679072	0.55099081682	0.545674238763	0.608506524891	0.577573707105	0.558724021266	0.658289028516	0.637506041566	0.699855002417	0.628806186564	0.65055582407	0.652489125181	0.633639439343	0.666022232963	0.589173513775	0.607056549058	0.588206863219	0.601256645723	0.568390526825	0.656355727405	0.571290478492	0.630256162397	0.592073465442	0.61333977767
AH4	0.335911068149	0.346544224263	0.943450942484	0.573223779604	0.585790236829	0.521507974867	0.633156114065	0.524891251812	0.529241179314	0.557274045433	0.574673755437	0.535524407927	0.521991300145	0.849685838569	0.513291445143	0.0	0.53939101015	0.542290961817	0.872885451909	0.741420976317	0.649105848236	0.575640405993	0.586273562107	0.572740454326	0.849685838569	0.613823102948	0.553890768487	0.535524407927	0.589656839053	0.61575640406	0.610439826003	0.566457225713	0.545674238763	0.540840985984	0.687771870469	0.622522957951	0.571290478492	0.567423876269	0.552440792653	0.546640889319	0.531174480425	0.664572257129	0.644272595457	0.558724021266	0.605123247946	0.586273562107	0.652489125181	0.604639922668	0.65055582407	0.610923151281	0.598840019333	0.621072982117	0.522957950701	0.522474625423	0.524407926535	0.526824552924	0.505074915418	0.613823102948	0.519574673755	0.597390043499	0.537457709038	0.592073465442
AA7	0.567423876269	0.52779120348	0.972933784437	0.623006283229	0.619139681005	0.483325277912	0.688738521025	0.462542290962	0.44900918318	0.575157080715	0.449975833736	0.57177380377	0.5186080232	0.890768487192	0.593523441276	0.53939101015	0.0	0.299661672305	0.91445142581	0.781536974384	0.596906718221	0.517641372644	0.492025132914	0.47220879652	0.873368777187	0.599806669889	0.448525857902	0.477525374577	0.535041082649	0.597390043499	0.523441275979	0.421942967617	0.437892701788	0.488158530691	0.711454809087	0.65732237796	0.4813919768	0.56259062349	0.487675205413	0.594006766554	0.564040599323	0.709521507975	0.695505074915	0.573707104882	0.565007249879	0.538907684872	0.663605606573	0.625422909618	0.676172063799	0.644755920735	0.602706621556	0.631222812953	0.511358144031	0.520541324311	0.534074432093	0.52537457709	0.538424359594	0.629772837119	0.538907684872	0.628806186564	0.486708554857	0.612856452392
AA8	0.568390526825	0.532141130981	0.96761720638	0.620589656839	0.602223296278	0.463508941518	0.685355244079	0.435476075399	0.423876268729	0.58095698405	0.433542774287	0.558240695988	0.501208313195	0.884001933301	0.60415659739	0.542290961817	0.299661672305	0.0	0.908168197197	0.77090381827	0.582890285162	0.501691638473	0.480425326245	0.458675688739	0.854519091348	0.58337361044	0.431609473175	0.467375543741	0.519574673755	0.588206863219	0.485741904302	0.383760270662	0.420976317061	0.464475592073	0.696955050749	0.635089415176	0.446109231513	0.551474142098	0.471242145964	0.584823586274	0.544707588207	0.717738037699	0.697438376027	0.555824069599	0.541324311261	0.50700821653	0.65055582407	0.601739971	0.664088931851	0.628806186564	0.587723537941	0.609473175447	0.497825036249	0.501208313195	0.515708071532	0.506041565974	0.545190913485	0.614306428226	0.538907684872	0.608506524891	0.480425326245	0.590140164331
AB7	0.860802319961	0.883035282745	0.74528757854	0.718704688255	0.864185596907	0.914934751087	0.929917834703	0.929434509425	0.922667955534	0.925567907202	0.957950700822	0.884485258579	0.926051232479	0.709038182697	0.920251329145	0.872885451909	0.91445142581	0.908168197197	0.0	0.388110198163	0.809569840503	0.836152730788	0.937651039149	0.926534557757	0.731754470759	0.821169647173	0.886901884969	0.869502174964	0.749154180764	0.700821652972	0.876268728855	0.893185113581	0.924117931368	0.934267762204	0.936201063316	0.927984533591	0.940550990817	0.919768003867	0.939584340261	0.918318028033	0.931367810536	0.872402126631	0.871918801353	0.904784920251	0.956984050266	0.953117448043	0.917351377477	0.925084581924	0.932334461092	0.928951184147	0.92363460609	0.912518124698	0.91203479942	0.907201546641	0.919284678589	0.904301594973	0.917351377477	0.913001449976	0.919284678589	0.922667955534	0.944900918318	0.929917834703
AB8	0.735137747704	0.741420976317	0.765587240213	0.591590140164	0.753987433543	0.764620589657	0.792653455776	0.784436926051	0.77767037216	0.778153697438	0.809569840503	0.748187530208	0.781053649106	0.687288545191	0.781536974384	0.741420976317	0.781536974384	0.77090381827	0.388110198163	0.0	0.673755437409	0.698405026583	0.785403576607	0.770420492992	0.728371193813	0.681005316578	0.742870952151	0.713871435476	0.571290478492	0.550024166264	0.753987433543	0.751087481875	0.78250362494	0.791203479942	0.824552924118	0.790236829386	0.79168680522	0.772837119381	0.789753504108	0.775253745771	0.787820202997	0.749154180764	0.741904301595	0.764620589657	0.81488641856	0.814403093282	0.82648622523	0.787820202997	0.81246979217	0.785403576607	0.797003383277	0.785886901885	0.784436926051	0.779603673272	0.787820202997	0.782020299662	0.779120347994	0.790236829386	0.781536974384	0.774287095215	0.798453359111	0.780570323828
AC7	0.626872885452	0.654422426293	0.890285161914	0.639922667956	0.728854519091	0.606089898502	0.710971483809	0.579023682939	0.568873852102	0.634122764621	0.595456742388	0.697438376027	0.678588690188	0.811986466892	0.711454809087	0.649105848236	0.596906718221	0.582890285162	0.809569840503	0.673755437409	0.0	0.358144030933	0.574190430159	0.580473658772	0.81488641856	0.573223779604	0.540840985984	0.509424842919	0.481875302078	0.497825036249	0.566940550991	0.547607539874	0.574190430159	0.601739971	0.805703238279	0.743837602707	0.61333977767	0.641855969067	0.609956500725	0.712421459642	0.673755437409	0.716771387144	0.695021749638	0.634606089899	0.649105848236	0.626872885452	0.818269695505	0.755437409377	0.790720154664	0.783470275495	0.746737554374	0.780570323828	0.679072015466	0.664088931851	0.670855485742	0.670855485742	0.675688738521	0.776703721605	0.675205413243	0.75688738521	0.62735621073	0.739004349928
AC8	0.568390526825	0.577573707105	0.913001449976	0.605123247946	0.682455292412	0.545190913485	0.691638472692	0.501691638473	0.482358627356	0.584340260996	0.528757854036	0.640889318511	0.610923151281	0.826002899952	0.649105848236	0.575640405993	0.517641372644	0.501691638473	0.836152730788	0.698405026583	0.358144030933	0.0	0.487675205413	0.494925084582	0.842919284679	0.553407443209	0.397776703722	0.370710488159	0.434026099565	0.492025132914	0.521507974867	0.483325277912	0.480908651522	0.532624456259	0.740937651039	0.679555340744	0.537941034316	0.579990333494	0.541324311261	0.646205896568	0.606089898502	0.674238762687	0.64813919768	0.572257129048	0.594490091832	0.566457225713	0.741904301595	0.675688738521	0.73368777187	0.719671338811	0.672305461576	0.70130497825	0.603189946834	0.594490091832	0.590140164331	0.597390043499	0.59497341711	0.702271628806	0.596906718221	0.694055099082	0.53939101015	0.65732237796
AD7	0.589656839053	0.580473658772	0.960367327211	0.641372643789	0.72450459159	0.543257612373	0.700338327695	0.485741904302	0.473175447076	0.588690188497	0.437892701788	0.669405509908	0.598356694055	0.874818753021	0.638472692122	0.586273562107	0.492025132914	0.480425326245	0.937651039149	0.785403576607	0.574190430159	0.487675205413	0.0	0.288545190913	0.894635089415	0.52537457709	0.403093281779	0.464958917351	0.511841469309	0.582890285162	0.510874818753	0.468825519575	0.473658772354	0.533107781537	0.751570807153	0.6805219913	0.499758337361	0.579990333494	0.535524407927	0.651522474625	0.61575640406	0.706138231029	0.688738521025	0.588206863219	0.578057032383	0.552440792653	0.753504108265	0.68293861769	0.739004349928	0.727404543258	0.675688738521	0.707104881585	0.612373127115	0.596423392943	0.599806669889	0.608506524891	0.595456742388	0.706138231029	0.598840019333	0.68970517158	0.559690671822	0.666988883519
AD8	0.591590140164	0.561623972934	0.958917351377	0.636056065732	0.700821652972	0.519574673755	0.696471725471	0.468342194297	0.470758820686	0.583856935718	0.441759304012	0.644755920735	0.58095698405	0.875785403577	0.62735621073	0.572740454326	0.47220879652	0.458675688739	0.926534557757	0.770420492992	0.580473658772	0.494925084582	0.288545190913	0.0	0.863702271629	0.49540840986	0.388110198163	0.453842435959	0.496375060416	0.558724021266	0.502174963751	0.465442242629	0.479942000967	0.51619139681	0.731271145481	0.655389076849	0.487675205413	0.565007249879	0.509908168197	0.631222812953	0.593040115998	0.707104881585	0.690188496858	0.56935717738	0.563073948768	0.53697438376	0.73368777187	0.662638956017	0.717738037699	0.705654905752	0.651522474625	0.685355244079	0.590140164331	0.576123731271	0.575157080715	0.585790236829	0.568873852102	0.682455292412	0.579507008217	0.669888835186	0.538907684872	0.646689221846
AE7	0.832769453842	0.867085548574	0.849202513291	0.784920251329	0.830352827453	0.885935234413	0.90961817303	0.906234896085	0.891735137748	0.904301594973	0.915418076365	0.855002416626	0.882551957467	0.827936201063	0.901884968584	0.849685838569	0.873368777187	0.854519091348	0.731754470759	0.728371193813	0.81488641856	0.842919284679	0.894635089415	0.863702271629	0.0	0.552440792653	0.867085548574	0.840985983567	0.755437409377	0.760753987434	0.837119381344	0.840502658289	0.903334944418	0.908651522475	0.930884485259	0.913001449976	0.917834702755	0.900918318028	0.911068148864	0.876268728855	0.904784920251	0.876268728855	0.875785403577	0.876268728855	0.939101014983	0.928951184147	0.890285161914	0.903818269696	0.911551474142	0.896085065249	0.901884968584	0.894151764137	0.890285161914	0.890768487192	0.907684871919	0.882551957467	0.902368293862	0.889318511358	0.901884968584	0.899468342194	0.915418076365	0.907684871919
AE8	0.602223296278	0.608023199613	0.894151764137	0.619139681005	0.695988400193	0.579507008217	0.681971967134	0.602223296278	0.585790236829	0.608023199613	0.614306428226	0.654422426293	0.637989366844	0.818753020783	0.690671822136	0.613823102948	0.599806669889	0.58337361044	0.821169647173	0.681005316578	0.573223779604	0.553407443209	0.52537457709	0.49540840986	0.552440792653	0.0	0.567907201547	0.542290961817	0.508941517641	0.500724987917	0.570323827936	0.558240695988	0.600773320445	0.608023199613	0.77090381827	0.699371677139	0.621072982117	0.601739971	0.607056549058	0.654905751571	0.643789270179	0.695988400193	0.680038666022	0.594490091832	0.646205896568	0.630739487675	0.764620589657	0.708071532141	0.755920734654	0.72692121798	0.702271628806	0.731271145481	0.662155630739	0.625422909618	0.649105848236	0.647172547124	0.652972450459	0.72450459159	0.661188980184	0.69212179797	0.617689705172	0.683905268246
AF7	0.555824069599	0.540357660706	0.943450942484	0.623489608507	0.661188980184	0.499758337361	0.695505074915	0.44224262929	0.430159497342	0.581440309328	0.433542774287	0.608023199613	0.554857419043	0.857902368294	0.628322861286	0.553890768487	0.448525857902	0.431609473175	0.886901884969	0.742870952151	0.540840985984	0.397776703722	0.403093281779	0.388110198163	0.867085548574	0.567907201547	0.0	0.333977767037	0.482358627356	0.540357660706	0.484775253746	0.465442242629	0.427259545674	0.481875302078	0.700338327695	0.637022716288	0.454809086515	0.538907684872	0.498791686805	0.601256645723	0.565973900435	0.684871918801	0.663605606573	0.541324311261	0.546640889319	0.521991300145	0.688255195747	0.625422909618	0.688738521025	0.675688738521	0.625906234896	0.650072498792	0.551474142098	0.545190913485	0.543257612373	0.550507491542	0.554857419043	0.646205896568	0.556307394877	0.64572257129	0.489608506525	0.609473175447
AF8	0.548090865152	0.546640889319	0.926051232479	0.59497341711	0.669405509908	0.511841469309	0.688738521025	0.462542290962	0.457225712905	0.567907201547	0.507491541808	0.616239729338	0.572740454326	0.840985983567	0.632189463509	0.535524407927	0.477525374577	0.467375543741	0.869502174964	0.713871435476	0.509424842919	0.370710488159	0.464958917351	0.453842435959	0.840985983567	0.542290961817	0.333977767037	0.0	0.446592556791	0.502174963751	0.506041565974	0.460125664572	0.46060898985	0.509908168197	0.724021266312	0.662638956017	0.505558240696	0.560657322378	0.503624939584	0.612856452392	0.573707104882	0.675205413243	0.658772353794	0.542774287095	0.572740454326	0.544224262929	0.695988400193	0.639439342678	0.697438376027	0.686321894635	0.640405993233	0.65973900435	0.566457225713	0.557274045433	0.555824069599	0.568390526825	0.554857419043	0.655872402127	0.556307394877	0.655872402127	0.50700821653	0.626389560174
AG7	0.587240212663	0.592073465442	0.84485258579	0.542774287095	0.673272112131	0.536491058482	0.688255195747	0.516674722088	0.507491541808	0.574190430159	0.538424359594	0.639439342678	0.610923151281	0.762687288545	0.664572257129	0.589656839053	0.535041082649	0.519574673755	0.749154180764	0.571290478492	0.481875302078	0.434026099565	0.511841469309	0.496375060416	0.755437409377	0.508941517641	0.482358627356	0.446592556791	0.0	0.338327694538	0.53939101015	0.504108264862	0.512808119865	0.556790720155	0.748670855486	0.681488641856	0.541807636539	0.585306911551	0.540357660706	0.6389560174	0.608506524891	0.666505558241	0.640889318511	0.566457225713	0.611889801837	0.594490091832	0.757370710488	0.686805219913	0.731271145481	0.720637989367	0.677622039633	0.714354760754	0.623972933784	0.602706621556	0.620589656839	0.620589656839	0.62735621073	0.710004833253	0.632672788787	0.685838569357	0.585790236829	0.665055582407
AG8	0.595940067666	0.61333977767	0.849202513291	0.580473658772	0.695505074915	0.570807153214	0.683421942968	0.581440309328	0.56935717738	0.597873368777	0.607056549058	0.656355727405	0.641855969067	0.745770903818	0.691638472692	0.61575640406	0.597390043499	0.588206863219	0.700821652972	0.550024166264	0.497825036249	0.492025132914	0.582890285162	0.558724021266	0.760753987434	0.500724987917	0.540357660706	0.502174963751	0.338327694538	0.0	0.579023682939	0.559207346544	0.587723537941	0.601256645723	0.774770420493	0.706138231029	0.601256645723	0.595456742388	0.587240212663	0.66892218463	0.636056065732	0.684388593523	0.65973900435	0.589173513775	0.64813919768	0.628322861286	0.772837119381	0.699371677139	0.751087481875	0.738037699372	0.704204929918	0.734171097148	0.653939101015	0.631222812953	0.644755920735	0.652489125181	0.64813919768	0.734654422426	0.661188980184	0.70130497825	0.616239729338	0.68293861769
AH7	0.597873368777	0.613823102948	0.95360077332	0.673755437409	0.706138231029	0.579023682939	0.715804736588	0.540840985984	0.536007733204	0.629289511841	0.530691155147	0.664088931851	0.641855969067	0.8796520058	0.693088448526	0.610439826003	0.523441275979	0.485741904302	0.876268728855	0.753987433543	0.566940550991	0.521507974867	0.510874818753	0.502174963751	0.837119381344	0.570323827936	0.484775253746	0.506041565974	0.53939101015	0.579023682939	0.0	0.337844369261	0.566457225713	0.612373127115	0.782020299662	0.731271145481	0.554374093765	0.646205896568	0.591590140164	0.665055582407	0.648622522958	0.762203963267	0.746737554374	0.633639439343	0.641855969067	0.62735621073	0.762203963267	0.715804736588	0.762203963267	0.738037699372	0.703238279362	0.732721121315	0.633156114065	0.623489608507	0.626872885452	0.633639439343	0.630256162397	0.724987916868	0.636056065732	0.712421459642	0.608506524891	0.710004833253
AH8	0.564040599323	0.570807153214	0.9584340261	0.626872885452	0.666505558241	0.522474625423	0.687771870469	0.485258579024	0.485741904302	0.578057032383	0.486708554857	0.61575640406	0.577090381827	0.874335427743	0.647655872402	0.566457225713	0.421942967617	0.383760270662	0.893185113581	0.751087481875	0.547607539874	0.483325277912	0.468825519575	0.465442242629	0.840502658289	0.558240695988	0.465442242629	0.460125664572	0.504108264862	0.559207346544	0.337844369261	0.0	0.500241662639	0.546157564041	0.746737554374	0.684871918801	0.497825036249	0.583856935718	0.52537457709	0.610923151281	0.594490091832	0.710488158531	0.691638472692	0.582890285162	0.595940067666	0.573707104882	0.712421459642	0.658289028516	0.713871435476	0.683421942968	0.651039149348	0.672788786854	0.573223779604	0.561623972934	0.577573707105	0.568873852102	0.574673755437	0.670855485742	0.576123731271	0.657805703238	0.547124214596	0.649589173514
AA5	0.598840019333	0.515224746254	0.957950700822	0.625422909618	0.611406476559	0.475592073465	0.636056065732	0.394876752054	0.401159980667	0.524891251812	0.439342677622	0.561623972934	0.535524407927	0.873852102465	0.540840985984	0.545674238763	0.437892701788	0.420976317061	0.924117931368	0.78250362494	0.574190430159	0.480908651522	0.473658772354	0.479942000967	0.903334944418	0.600773320445	0.427259545674	0.46060898985	0.512808119865	0.587723537941	0.566457225713	0.500241662639	0.0	0.35186080232	0.686805219913	0.596906718221	0.466408893185	0.467858869019	0.462058965684	0.541807636539	0.487191880135	0.621072982117	0.60657322378	0.478492025133	0.549057515708	0.496375060416	0.704204929918	0.644755920735	0.665055582407	0.664572257129	0.644272595457	0.676172063799	0.536491058482	0.55099081682	0.561140647656	0.549540840986	0.545674238763	0.665055582407	0.552924117931	0.635572740454	0.499758337361	0.622522957951
AA6	0.595940067666	0.523441275979	0.965683905268	0.636056065732	0.630739487675	0.47462542291	0.658772353794	0.445625906235	0.450942484292	0.541324311261	0.491541807637	0.579507008217	0.519574673755	0.881101981634	0.575157080715	0.540840985984	0.488158530691	0.464475592073	0.934267762204	0.791203479942	0.601739971	0.532624456259	0.533107781537	0.51619139681	0.908651522475	0.608023199613	0.481875302078	0.509908168197	0.556790720155	0.601256645723	0.612373127115	0.546157564041	0.35186080232	0.0	0.672305461576	0.583856935718	0.50459159014	0.493958434026	0.473175447076	0.567907201547	0.499758337361	0.658289028516	0.641372643789	0.512808119865	0.470758820686	0.420976317061	0.690671822136	0.632672788787	0.662155630739	0.652005799903	0.629289511841	0.65732237796	0.529241179314	0.535041082649	0.547607539874	0.541807636539	0.545190913485	0.651039149348	0.553407443209	0.623006283229	0.501691638473	0.613823102948
AB5	0.746737554374	0.667472208797	0.975350410826	0.728854519091	0.630256162397	0.635572740454	0.749154180764	0.662638956017	0.673272112131	0.706621556307	0.667955534074	0.617206379894	0.664088931851	0.897535041083	0.708554857419	0.687771870469	0.711454809087	0.696955050749	0.936201063316	0.824552924118	0.805703238279	0.740937651039	0.751570807153	0.731271145481	0.930884485259	0.77090381827	0.700338327695	0.724021266312	0.748670855486	0.774770420493	0.782020299662	0.746737554374	0.686805219913	0.672305461576	0.0	0.322377960367	0.611889801837	0.670372160464	0.622522957951	0.625906234896	0.596906718221	0.73610439826	0.73852102465	0.642822619623	0.620589656839	0.613823102948	0.614306428226	0.616723054616	0.615273078782	0.599806669889	0.617689705172	0.608023199613	0.594006766554	0.60657322378	0.614306428226	0.623972933784	0.663122281295	0.599323344611	0.654905751571	0.597873368777	0.676172063799	0.608989850169
AB6	0.686805219913	0.603189946834	0.966650555824	0.65973900435	0.592073465442	0.567907201547	0.673755437409	0.577573707105	0.603189946834	0.620589656839	0.617689705172	0.537941034316	0.614306428226	0.884485258579	0.641372643789	0.622522957951	0.65732237796	0.635089415176	0.927984533591	0.790236829386	0.743837602707	0.679555340744	0.6805219913	0.655389076849	0.913001449976	0.699371677139	0.637022716288	0.662638956017	0.681488641856	0.706138231029	0.731271145481	0.684871918801	0.596906718221	0.583856935718	0.322377960367	0.0	0.559690671822	0.580473658772	0.558724021266	0.547124214596	0.522957950701	0.652005799903	0.647172547124	0.541324311261	0.555824069599	0.543740937651	0.597390043499	0.553890768487	0.581440309328	0.559207346544	0.56259062349	0.581440309328	0.525857902368	0.556790720155	0.565973900435	0.57177380377	0.598356694055	0.566940550991	0.593040115998	0.544224262929	0.622522957951	0.541807636539
AC5	0.607539874335	0.563557274045	0.973900434993	0.641372643789	0.626872885452	0.462058965684	0.672305461576	0.444175930401	0.433542774287	0.567907201547	0.409859835669	0.558724021266	0.538907684872	0.885451909135	0.623972933784	0.571290478492	0.4813919768	0.446109231513	0.940550990817	0.79168680522	0.61333977767	0.537941034316	0.499758337361	0.487675205413	0.917834702755	0.621072982117	0.454809086515	0.505558240696	0.541807636539	0.601256645723	0.554374093765	0.497825036249	0.466408893185	0.50459159014	0.611889801837	0.559690671822	0.0	0.450942484292	0.433059449009	0.568390526825	0.511358144031	0.700338327695	0.666505558241	0.53020782987	0.489608506525	0.461575640406	0.604639922668	0.561140647656	0.609956500725	0.584340260996	0.556790720155	0.589656839053	0.500724987917	0.467375543741	0.481875302078	0.490091831803	0.570807153214	0.581440309328	0.564040599323	0.552924117931	0.518124697922	0.543257612373
AC6	0.625422909618	0.531174480425	0.959884001933	0.635572740454	0.579990333494	0.50459159014	0.526341227646	0.479942000967	0.521507974867	0.463508941518	0.540357660706	0.532141130981	0.558240695988	0.866118898018	0.555824069599	0.567423876269	0.56259062349	0.551474142098	0.919768003867	0.772837119381	0.641855969067	0.579990333494	0.579990333494	0.565007249879	0.900918318028	0.601739971	0.538907684872	0.560657322378	0.585306911551	0.595456742388	0.646205896568	0.583856935718	0.467858869019	0.493958434026	0.670372160464	0.580473658772	0.450942484292	0.0	0.507491541808	0.503624939584	0.494925084582	0.470758820686	0.44224262929	0.397293378444	0.561623972934	0.539874335428	0.681488641856	0.632189463509	0.655872402127	0.646205896568	0.637506041566	0.663122281295	0.573223779604	0.559207346544	0.572740454326	0.572257129048	0.554374093765	0.652005799903	0.563073948768	0.610923151281	0.541807636539	0.610439826003
AD6	0.610439826003	0.523441275979	0.974867085549	0.616723054616	0.581440309328	0.419526341228	0.634122764621	0.426776220396	0.44224262929	0.535041082649	0.440309328178	0.522474625423	0.511358144031	0.882551957467	0.59255679072	0.552440792653	0.487675205413	0.471242145964	0.939584340261	0.789753504108	0.609956500725	0.541324311261	0.535524407927	0.509908168197	0.911068148864	0.607056549058	0.498791686805	0.503624939584	0.540357660706	0.587240212663	0.591590140164	0.52537457709	0.462058965684	0.473175447076	0.622522957951	0.558724021266	0.433059449009	0.507491541808	0.0	0.521991300145	0.405993233446	0.685355244079	0.665055582407	0.523924601257	0.496858385694	0.474142097632	0.610439826003	0.547124214596	0.589173513775	0.572257129048	0.556307394877	0.588690188497	0.478975350411	0.463508941518	0.476558724021	0.471242145964	0.53697438376	0.577090381827	0.535041082649	0.56259062349	0.476075398743	0.537457709038
AE5	0.628806186564	0.516674722088	0.975833736104	0.611406476559	0.530691155147	0.532624456259	0.572257129048	0.535524407927	0.586273562107	0.525857902368	0.597873368777	0.484291928468	0.547124214596	0.880135331078	0.55099081682	0.546640889319	0.594006766554	0.584823586274	0.918318028033	0.775253745771	0.712421459642	0.646205896568	0.651522474625	0.631222812953	0.876268728855	0.654905751571	0.601256645723	0.612856452392	0.6389560174	0.66892218463	0.665055582407	0.610923151281	0.541807636539	0.567907201547	0.625906234896	0.547124214596	0.568390526825	0.503624939584	0.521991300145	0.0	0.341227646206	0.59497341711	0.578057032383	0.494441759304	0.609473175447	0.608506524891	0.635089415176	0.593040115998	0.61575640406	0.598840019333	0.59497341711	0.622039632673	0.523924601257	0.53697438376	0.56935717738	0.536491058482	0.54857419043	0.607056549058	0.545674238763	0.581923634606	0.563073948768	0.587723537941
AE6	0.61575640406	0.498308361527	0.974383760271	0.609473175447	0.528274528758	0.470275495408	0.574673755437	0.468342194297	0.520057999033	0.509424842919	0.522957950701	0.483325277912	0.517158047366	0.880135331078	0.545674238763	0.531174480425	0.564040599323	0.544707588207	0.931367810536	0.787820202997	0.673755437409	0.606089898502	0.61575640406	0.593040115998	0.904784920251	0.643789270179	0.565973900435	0.573707104882	0.608506524891	0.636056065732	0.648622522958	0.594490091832	0.487191880135	0.499758337361	0.596906718221	0.522957950701	0.511358144031	0.494925084582	0.405993233446	0.341227646206	0.0	0.628322861286	0.607056549058	0.4813919768	0.533107781537	0.526824552924	0.625422909618	0.573223779604	0.586756887385	0.578540357661	0.573223779604	0.595456742388	0.491058482359	0.478492025133	0.498791686805	0.49299178347	0.531657805703	0.585306911551	0.533591106815	0.554857419043	0.5186080232	0.557274045433
AF5	0.708554857419	0.6389560174	0.934751087482	0.65055582407	0.644272595457	0.673272112131	0.553407443209	0.633639439343	0.6805219913	0.573223779604	0.705171580474	0.614306428226	0.670372160464	0.845819236346	0.608506524891	0.664572257129	0.709521507975	0.717738037699	0.872402126631	0.749154180764	0.716771387144	0.674238762687	0.706138231029	0.707104881585	0.876268728855	0.695988400193	0.684871918801	0.675205413243	0.666505558241	0.684388593523	0.762203963267	0.710488158531	0.621072982117	0.658289028516	0.73610439826	0.652005799903	0.700338327695	0.470758820686	0.685355244079	0.59497341711	0.628322861286	0.0	0.288545190913	0.536491058482	0.719671338811	0.707104881585	0.760753987434	0.717254712421	0.732237796037	0.713871435476	0.727404543258	0.742870952151	0.688255195747	0.707104881585	0.718221362977	0.703238279362	0.662155630739	0.728854519091	0.670372160464	0.69212179797	0.706621556307	0.714838086032
AF6	0.691155147414	0.610923151281	0.938134364427	0.650072498792	0.649105848236	0.657805703238	0.540840985984	0.618173030449	0.65973900435	0.560657322378	0.691638472692	0.614789753504	0.650072498792	0.849685838569	0.577573707105	0.644272595457	0.695505074915	0.697438376027	0.871918801353	0.741904301595	0.695021749638	0.64813919768	0.688738521025	0.690188496858	0.875785403577	0.680038666022	0.663605606573	0.658772353794	0.640889318511	0.65973900435	0.746737554374	0.691638472692	0.60657322378	0.641372643789	0.73852102465	0.647172547124	0.666505558241	0.44224262929	0.665055582407	0.578057032383	0.607056549058	0.288545190913	0.0	0.518124697922	0.70130497825	0.68970517158	0.760270662156	0.707104881585	0.72692121798	0.707104881585	0.706138231029	0.73852102465	0.671822136298	0.687288545191	0.699855002417	0.686321894635	0.638472692122	0.721604639923	0.647172547124	0.684871918801	0.685838569357	0.686805219913
