	AA3	AA4	AB3	AB4	AC3	AC4	AD3	AD4	AE3	AE4	AF3	AF4	AG3	AG4	AH3	AH4	AA7	AA8	AB7	AB8	AC7	AC8	AD7	AD8	AE7	AE8	AF7	AF8	AG7	AG8	AH7	AH8	AA5	AA6	AB5	AB6	AC5	AC6	AD6	AE5	AE6	AF5	AF6	AG5	AH5	AH6	AA1	AA2	AB1	AB2	AC1	AC2	AD1	AD2	AE1	AE2	AF1	AF2	AG1	AG2	AH1	AH2
AA3	0.0	0.482358627356	0.927984533591	0.649105848236	0.666988883519	0.578057032383	0.674722087965	0.569840502658	0.562107298212	0.617689705172	0.61575640406	0.619139681005	0.582890285162	0.84726921218	0.64813919768	0.335427742871	0.56259062349	0.557274045433	0.866118898018	0.71290478492	0.595456742388	0.555824069599	0.582406959884	0.568390526825	0.826969550507	0.589656839053	0.550507491542	0.548090865152	0.574190430159	0.559690671822	0.572257129048	0.536491058482	0.571290478492	0.588690188497	0.752054132431	0.693088448526	0.598356694055	0.617689705172	0.583856935718	0.626389560174	0.582890285162	0.713871435476	0.690188496858	0.611406476559	0.610439826003	0.608023199613	0.696955050749	0.639439342678	0.721121314645	0.664572257129	0.65973900435	0.661188980184	0.588206863219	0.55775737071	0.554857419043	0.56259062349	0.569840502658	0.666505558241	0.586756887385	0.677138714355	0.564523924601	0.656839052682
AA4	0.482358627356	0.0	0.941034316095	0.585306911551	0.578540357661	0.498791686805	0.583856935718	0.482358627356	0.50459159014	0.505558240696	0.56259062349	0.522474625423	0.484775253746	0.855002416626	0.372160463992	0.362010633156	0.534557757371	0.535524407927	0.892701788304	0.724021266312	0.638472692122	0.567907201547	0.574190430159	0.573707104882	0.869018849686	0.624456259062	0.548090865152	0.563557274045	0.597390043499	0.599806669889	0.619623006283	0.584823586274	0.508941517641	0.522957950701	0.666505558241	0.597390043499	0.564523924601	0.51377477042	0.520541324311	0.526341227646	0.462058965684	0.62735621073	0.593523441276	0.523924601257	0.581923634606	0.561140647656	0.653455775737	0.579507008217	0.641855969067	0.60415659739	0.60415659739	0.621556307395	0.525857902368	0.514741420976	0.529241179314	0.523924601257	0.506041565974	0.623972933784	0.509908168197	0.597873368777	0.52537457709	0.588690188497
AB3	0.927984533591	0.941034316095	0.0	0.673272112131	0.907684871919	0.949734171097	0.949734171097	0.936684388594	0.925084581924	0.948767520541	0.968583856936	0.932334461092	0.957950700822	0.351377477042	0.952634122765	0.93523441276	0.96761720638	0.962783953601	0.742387626873	0.759787336878	0.886418559691	0.900918318028	0.956500724988	0.939101014983	0.848235862736	0.895601739971	0.942484291928	0.926051232479	0.842919284679	0.833736104398	0.948284195263	0.947317544708	0.953117448043	0.9584340261	0.96761720638	0.960367327211	0.969550507492	0.949734171097	0.969067182214	0.969550507492	0.968100531658	0.936201063316	0.939101014983	0.947800869986	0.977767037216	0.965683905268	0.969550507492	0.965683905268	0.96520057999	0.968583856936	0.971483808603	0.968583856936	0.968583856936	0.969550507492	0.973900434993	0.969067182214	0.968583856936	0.96761720638	0.96761720638	0.970033832769	0.969550507492	0.971483808603
AB4	0.649105848236	0.585306911551	0.673272112131	0.0	0.631706138231	0.612856452392	0.683421942968	0.633156114065	0.622522957951	0.631222812953	0.664572257129	0.617206379894	0.487191880135	0.570807153214	0.613823102948	0.605606573224	0.645239246013	0.646205896568	0.727404543258	0.570323827936	0.664088931851	0.626872885452	0.67133881102	0.649589173514	0.795553407443	0.646689221846	0.665055582407	0.644755920735	0.576607056549	0.587240212663	0.705171580474	0.675688738521	0.656355727405	0.665538907685	0.730787820203	0.675205413243	0.666022232963	0.64813919768	0.638472692122	0.635089415176	0.626389560174	0.661188980184	0.661188980184	0.646205896568	0.70372160464	0.686805219913	0.695505074915	0.65055582407	0.69453842436	0.666022232963	0.661672305462	0.666505558241	0.6389560174	0.643305944901	0.663122281295	0.655389076849	0.658772353794	0.670855485742	0.653939101015	0.657805703238	0.65973900435	0.65973900435
AC3	0.666988883519	0.578540357661	0.907684871919	0.631706138231	0.0	0.498308361527	0.648622522958	0.559207346544	0.565007249879	0.597873368777	0.636056065732	0.332044465926	0.595940067666	0.82406959884	0.60415659739	0.602223296278	0.617206379894	0.607539874335	0.869018849686	0.758337361044	0.726437892702	0.686321894635	0.72692121798	0.707588206863	0.82648622523	0.704688255196	0.663122281295	0.707104881585	0.688255195747	0.691638472692	0.710488158531	0.682455292412	0.603189946834	0.637989366844	0.620106331561	0.575640405993	0.627839536008	0.601739971	0.591590140164	0.561623972934	0.568390526825	0.656355727405	0.660222329628	0.575157080715	0.651039149348	0.642339294345	0.589173513775	0.573223779604	0.587723537941	0.56935717738	0.598356694055	0.581923634606	0.531657805703	0.576607056549	0.578057032383	0.581440309328	0.629772837119	0.568873852102	0.621556307395	0.575640405993	0.635089415176	0.586756887385
AC4	0.578057032383	0.498791686805	0.949734171097	0.612856452392	0.498308361527	0.0	0.622522957951	0.41904301595	0.417593040116	0.517641372644	0.358144030933	0.405509908168	0.507491541808	0.863702271629	0.57177380377	0.544224262929	0.478975350411	0.462058965684	0.914934751087	0.744320927985	0.595456742388	0.549057515708	0.534074432093	0.521024649589	0.884485258579	0.602706621556	0.489608506525	0.532624456259	0.546640889319	0.57177380377	0.584823586274	0.538907684872	0.449492508458	0.4813919768	0.629772837119	0.564040599323	0.48380860319	0.51377477042	0.427259545674	0.55099081682	0.476075398743	0.676172063799	0.647655872402	0.51377477042	0.517158047366	0.490091831803	0.63653939101	0.566457225713	0.606089898502	0.579990333494	0.585790236829	0.600773320445	0.497825036249	0.495891735138	0.512324794587	0.509908168197	0.546157564041	0.598356694055	0.544707588207	0.577090381827	0.480425326245	0.575157080715
AD3	0.674722087965	0.583856935718	0.949734171097	0.683421942968	0.648622522958	0.622522957951	0.0	0.53020782987	0.64572257129	0.355244079265	0.688255195747	0.599806669889	0.646689221846	0.866118898018	0.578540357661	0.638472692122	0.688255195747	0.691638472692	0.941517641373	0.773320444659	0.714838086032	0.688738521025	0.698405026583	0.696955050749	0.913484775254	0.691638472692	0.698888351861	0.691638472692	0.689221846303	0.685838569357	0.723054615756	0.693571773804	0.634122764621	0.652972450459	0.738037699372	0.669888835186	0.683421942968	0.525857902368	0.641372643789	0.576123731271	0.589656839053	0.550507491542	0.522474625423	0.5601739971	0.705654905752	0.687771870469	0.764620589657	0.702754954084	0.741420976317	0.709038182697	0.721121314645	0.73368777187	0.658289028516	0.662155630739	0.671822136298	0.665055582407	0.634122764621	0.727887868536	0.633639439343	0.710004833253	0.69453842436	0.713388110198
AD4	0.569840502658	0.482358627356	0.936684388594	0.633156114065	0.559207346544	0.41904301595	0.53020782987	0.0	0.3194780087	0.399710004833	0.440309328178	0.49540840986	0.5186080232	0.849685838569	0.53697438376	0.538907684872	0.461092315128	0.449492508458	0.93281778637	0.761237312711	0.565007249879	0.49540840986	0.493475108748	0.490575157081	0.898018366361	0.614306428226	0.447559207347	0.479458675689	0.503624939584	0.565490575157	0.549057515708	0.50700821653	0.385210246496	0.445625906235	0.661188980184	0.576123731271	0.450942484292	0.483325277912	0.438859352344	0.554374093765	0.475592073465	0.640889318511	0.605123247946	0.481875302078	0.518124697922	0.475592073465	0.668438859352	0.600773320445	0.640405993233	0.624456259062	0.611406476559	0.629289511841	0.529724504592	0.510874818753	0.51619139681	0.520057999033	0.538424359594	0.634606089899	0.543740937651	0.625906234896	0.500724987917	0.60657322378
AE3	0.562107298212	0.50459159014	0.925084581924	0.622522957951	0.565007249879	0.417593040116	0.64572257129	0.3194780087	0.0	0.510874818753	0.431126147898	0.509908168197	0.503624939584	0.849202513291	0.546157564041	0.53697438376	0.44900918318	0.435959400677	0.917834702755	0.749637506042	0.545674238763	0.475592073465	0.483325277912	0.490575157081	0.884001933301	0.603189946834	0.44224262929	0.471725471242	0.488641855969	0.550507491542	0.547124214596	0.487191880135	0.39342677622	0.441759304012	0.666022232963	0.596906718221	0.457709038183	0.515224746254	0.437892701788	0.593040115998	0.512808119865	0.685355244079	0.64572257129	0.51619139681	0.506524891252	0.462058965684	0.667472208797	0.598840019333	0.643789270179	0.616239729338	0.608023199613	0.632189463509	0.531657805703	0.521024649589	0.523441275979	0.526341227646	0.546157564041	0.637506041566	0.555340744321	0.619623006283	0.488641855969	0.600773320445
AE4	0.617689705172	0.505558240696	0.948767520541	0.631222812953	0.597873368777	0.517641372644	0.355244079265	0.399710004833	0.510874818753	0.0	0.575157080715	0.53697438376	0.577090381827	0.860318994683	0.534074432093	0.586756887385	0.577573707105	0.579507008217	0.941034316095	0.768970517158	0.648622522958	0.587723537941	0.597390043499	0.586273562107	0.911551474142	0.638472692122	0.584340260996	0.587723537941	0.594006766554	0.61333977767	0.643305944901	0.608989850169	0.529241179314	0.545190913485	0.696955050749	0.620589656839	0.572740454326	0.460125664572	0.529724504592	0.517158047366	0.497341710971	0.575640405993	0.541807636539	0.484291928468	0.595940067666	0.583856935718	0.708554857419	0.643305944901	0.686805219913	0.666505558241	0.662638956017	0.67133881102	0.589656839053	0.577090381827	0.570323827936	0.577573707105	0.568873852102	0.672305461576	0.578057032383	0.670372160464	0.578540357661	0.646689221846
AF3	0.61575640406	0.56259062349	0.968583856936	0.664572257129	0.636056065732	0.358144030933	0.688255195747	0.440309328178	0.431126147898	0.575157080715	0.0	0.540840985984	0.546640889319	0.886418559691	0.616239729338	0.601256645723	0.438859352344	0.446109231513	0.956500724988	0.793620106332	0.589656839053	0.546640889319	0.441275978734	0.440792653456	0.925084581924	0.642339294345	0.455775737071	0.511841469309	0.538907684872	0.604639922668	0.53939101015	0.538907684872	0.446109231513	0.499275012083	0.690188496858	0.634606089899	0.436442725955	0.559207346544	0.461092315128	0.629772837119	0.53939101015	0.715804736588	0.68970517158	0.547124214596	0.532141130981	0.496858385694	0.684388593523	0.610439826003	0.675688738521	0.630256162397	0.623006283229	0.643305944901	0.555824069599	0.53020782987	0.540357660706	0.544224262929	0.581440309328	0.653455775737	0.579023682939	0.629289511841	0.493958434026	0.616239729338
AF4	0.619139681005	0.522474625423	0.932334461092	0.617206379894	0.332044465926	0.405509908168	0.599806669889	0.49540840986	0.509908168197	0.53697438376	0.540840985984	0.0	0.550024166264	0.848235862736	0.56259062349	0.563557274045	0.566457225713	0.551957467376	0.887385210246	0.730787820203	0.682455292412	0.630739487675	0.654905751571	0.639922667956	0.851135814403	0.648622522958	0.595940067666	0.642822619623	0.637506041566	0.643305944901	0.660705654906	0.628806186564	0.540357660706	0.576607056549	0.609473175447	0.537457709038	0.570807153214	0.543257612373	0.521507974867	0.506524891252	0.514258095698	0.620589656839	0.609956500725	0.516674722088	0.581440309328	0.571290478492	0.603673272112	0.546640889319	0.589173513775	0.546640889319	0.5601739971	0.581440309328	0.500241662639	0.51619139681	0.540840985984	0.533107781537	0.573707104882	0.56935717738	0.567423876269	0.551957467376	0.568390526825	0.54857419043
AG3	0.582890285162	0.484775253746	0.957950700822	0.487191880135	0.595940067666	0.507491541808	0.646689221846	0.5186080232	0.503624939584	0.577090381827	0.546640889319	0.550024166264	0.0	0.853552440793	0.521507974867	0.52537457709	0.511358144031	0.502658289029	0.927501208313	0.760270662156	0.664572257129	0.595456742388	0.598356694055	0.600773320445	0.884485258579	0.64813919768	0.544707588207	0.585306911551	0.622522957951	0.632189463509	0.639439342678	0.585306911551	0.52779120348	0.536491058482	0.656355727405	0.607539874335	0.548090865152	0.566457225713	0.511841469309	0.565490575157	0.512808119865	0.669405509908	0.639922667956	0.553890768487	0.576607056549	0.551957467376	0.619139681005	0.563557274045	0.618173030449	0.589656839053	0.575640405993	0.586756887385	0.510391493475	0.510391493475	0.526341227646	0.521991300145	0.551474142098	0.601739971	0.550507491542	0.577090381827	0.523924601257	0.564040599323
AG4	0.84726921218	0.855002416626	0.351377477042	0.570807153214	0.82406959884	0.863702271629	0.866118898018	0.849685838569	0.849202513291	0.860318994683	0.886418559691	0.848235862736	0.853552440793	0.0	0.869018849686	0.853069115515	0.891735137748	0.887868535524	0.709038182697	0.683905268246	0.814403093282	0.825519574674	0.880618656356	0.863702271629	0.82648622523	0.826002899952	0.867085548574	0.852102464959	0.764620589657	0.74770420493	0.877718704688	0.872402126631	0.876268728855	0.884485258579	0.898985016916	0.888351860802	0.887868535524	0.864668922185	0.883518608023	0.881585306912	0.877718704688	0.855485741904	0.857419043016	0.869985500242	0.895601739971	0.889318511358	0.887385210246	0.886418559691	0.885935234413	0.88883518608	0.892701788304	0.887385210246	0.88883518608	0.885935234413	0.892218463026	0.88883518608	0.889801836636	0.888351860802	0.886901884969	0.889801836636	0.892701788304	0.891735137748
AH3	0.64813919768	0.372160463992	0.952634122765	0.613823102948	0.60415659739	0.57177380377	0.578540357661	0.53697438376	0.546157564041	0.534074432093	0.616239729338	0.56259062349	0.521507974867	0.869018849686	0.0	0.516674722088	0.587723537941	0.594490091832	0.936201063316	0.771870468826	0.689221846303	0.626389560174	0.62735621073	0.640889318511	0.901884968584	0.694055099082	0.626389560174	0.623006283229	0.651522474625	0.669888835186	0.688255195747	0.644272595457	0.545190913485	0.57177380377	0.718704688255	0.645239246013	0.633639439343	0.548090865152	0.588690188497	0.559207346544	0.534557757371	0.603189946834	0.57177380377	0.563073948768	0.642339294345	0.623972933784	0.708554857419	0.619623006283	0.67133881102	0.647172547124	0.640889318511	0.664572257129	0.593040115998	0.586273562107	0.591590140164	0.600773320445	0.572257129048	0.671822136298	0.566457225713	0.632672788787	0.596906718221	0.629772837119
AH4	0.335427742871	0.362010633156	0.93523441276	0.605606573224	0.602223296278	0.544224262929	0.638472692122	0.538907684872	0.53697438376	0.586756887385	0.601256645723	0.563557274045	0.52537457709	0.853069115515	0.516674722088	0.0	0.544224262929	0.547607539874	0.873852102465	0.717738037699	0.636056065732	0.570807153214	0.587723537941	0.588690188497	0.846302561624	0.623006283229	0.566940550991	0.567907201547	0.596423392943	0.59497341711	0.601256645723	0.565007249879	0.555340744321	0.566457225713	0.707588206863	0.640405993233	0.600773320445	0.590623489609	0.559690671822	0.578057032383	0.526341227646	0.675205413243	0.64813919768	0.590140164331	0.61333977767	0.59497341711	0.658772353794	0.588690188497	0.659255679072	0.610923151281	0.61575640406	0.623489608507	0.540357660706	0.534074432093	0.537941034316	0.529724504592	0.514258095698	0.623006283229	0.532624456259	0.621072982117	0.553890768487	0.604639922668
AA7	0.56259062349	0.534557757371	0.96761720638	0.645239246013	0.617206379894	0.478975350411	0.688255195747	0.461092315128	0.44900918318	0.577573707105	0.438859352344	0.566457225713	0.511358144031	0.891735137748	0.587723537941	0.544224262929	0.0	0.295795070082	0.924117931368	0.77090381827	0.581923634606	0.512808119865	0.473175447076	0.483325277912	0.871918801353	0.614306428226	0.433542774287	0.479942000967	0.532624456259	0.585306911551	0.507974867086	0.438376027066	0.428709521508	0.471725471242	0.700821652972	0.652005799903	0.466892218463	0.555824069599	0.477525374577	0.601256645723	0.520541324311	0.717254712421	0.687288545191	0.570807153214	0.550507491542	0.50459159014	0.661672305462	0.593523441276	0.666022232963	0.630739487675	0.595456742388	0.614306428226	0.519091348478	0.510874818753	0.512808119865	0.518124697922	0.535524407927	0.61575640406	0.551474142098	0.629289511841	0.480425326245	0.599806669889
AA8	0.557274045433	0.535524407927	0.962783953601	0.646205896568	0.607539874335	0.462058965684	0.691638472692	0.449492508458	0.435959400677	0.579507008217	0.446109231513	0.551957467376	0.502658289029	0.887868535524	0.594490091832	0.547607539874	0.295795070082	0.0	0.924601256646	0.768003866602	0.567423876269	0.49540840986	0.487675205413	0.494925084582	0.864668922185	0.606089898502	0.438376027066	0.476558724021	0.521507974867	0.581440309328	0.486708554857	0.39584340261	0.434509424843	0.471725471242	0.699371677139	0.652005799903	0.470758820686	0.560657322378	0.473175447076	0.608989850169	0.521024649589	0.717254712421	0.691155147414	0.565007249879	0.53697438376	0.498308361527	0.646205896568	0.578540357661	0.657805703238	0.616723054616	0.586273562107	0.595456742388	0.51377477042	0.495891735138	0.501691638473	0.510391493475	0.536491058482	0.610923151281	0.547124214596	0.615273078782	0.470758820686	0.587240212663
AB7	0.866118898018	0.892701788304	0.742387626873	0.727404543258	0.869018849686	0.914934751087	0.941517641373	0.93281778637	0.917834702755	0.941034316095	0.956500724988	0.887385210246	0.927501208313	0.709038182697	0.936201063316	0.873852102465	0.924117931368	0.924601256646	0.0	0.409376510391	0.816336394393	0.837119381344	0.934267762204	0.915901401643	0.741904301595	0.818269695505	0.891735137748	0.881101981634	0.74770420493	0.693088448526	0.887868535524	0.899468342194	0.923151280812	0.942484291928	0.935717738038	0.931367810536	0.948767520541	0.91203479942	0.94441759304	0.923151280812	0.937167713871	0.875785403577	0.889801836636	0.913484775254	0.956984050266	0.948284195263	0.928951184147	0.922667955534	0.932334461092	0.927984533591	0.932334461092	0.9212179797	0.916384726921	0.914934751087	0.922184630256	0.920251329145	0.92363460609	0.921701304978	0.925567907202	0.927017883035	0.948284195263	0.929917834703
AB8	0.71290478492	0.724021266312	0.759787336878	0.570323827936	0.758337361044	0.744320927985	0.773320444659	0.761237312711	0.749637506042	0.768970517158	0.793620106332	0.730787820203	0.760270662156	0.683905268246	0.771870468826	0.717738037699	0.77090381827	0.768003866602	0.409376510391	0.0	0.654422426293	0.667955534074	0.754954084099	0.739487675205	0.742387626873	0.65973900435	0.714838086032	0.700821652972	0.558724021266	0.51377477042	0.733204446593	0.739487675205	0.757370710488	0.775737071049	0.81488641856	0.768003866602	0.779120347994	0.739004349928	0.774287095215	0.761720637989	0.763170613823	0.730787820203	0.732237796037	0.740454325761	0.789753504108	0.785403576607	0.823586273562	0.768003866602	0.810053165781	0.779603673272	0.773803769937	0.781536974384	0.762203963267	0.761237312711	0.768970517158	0.764137264379	0.753987433543	0.78008699855	0.753020782987	0.766553890768	0.779120347994	0.76848719188
AC7	0.595456742388	0.638472692122	0.886418559691	0.664088931851	0.726437892702	0.595456742388	0.714838086032	0.565007249879	0.545674238763	0.648622522958	0.589656839053	0.682455292412	0.664572257129	0.814403093282	0.689221846303	0.636056065732	0.581923634606	0.567423876269	0.816336394393	0.654422426293	0.0	0.351377477042	0.558240695988	0.557274045433	0.819236346061	0.590623489609	0.53939101015	0.506524891252	0.467858869019	0.481875302078	0.558240695988	0.53939101015	0.553890768487	0.584340260996	0.806669888835	0.751570807153	0.619139681005	0.63653939101	0.597873368777	0.72450459159	0.647655872402	0.716288061866	0.694055099082	0.634122764621	0.634606089899	0.597873368777	0.811986466892	0.749154180764	0.799903334944	0.77090381827	0.745770903818	0.765103914935	0.68293861769	0.658289028516	0.660705654906	0.667955534074	0.653455775737	0.783953600773	0.666022232963	0.76848719188	0.598840019333	0.744320927985
AC8	0.555824069599	0.567907201547	0.900918318028	0.626872885452	0.686321894635	0.549057515708	0.688738521025	0.49540840986	0.475592073465	0.587723537941	0.546640889319	0.630739487675	0.595456742388	0.825519574674	0.626389560174	0.570807153214	0.512808119865	0.49540840986	0.837119381344	0.667955534074	0.351377477042	0.0	0.491058482359	0.489608506525	0.828902851619	0.564040599323	0.406959884002	0.377477042049	0.428709521508	0.47220879652	0.520057999033	0.479458675689	0.484775253746	0.509908168197	0.739971000483	0.686805219913	0.550024166264	0.570323827936	0.540840985984	0.653939101015	0.579023682939	0.673272112131	0.638472692122	0.570323827936	0.582890285162	0.539874335428	0.73852102465	0.670855485742	0.731754470759	0.704204929918	0.674238762687	0.685355244079	0.612856452392	0.588206863219	0.593523441276	0.594490091832	0.575640405993	0.70372160464	0.591106814886	0.707588206863	0.534074432093	0.672305461576
AD7	0.582406959884	0.574190430159	0.956500724988	0.67133881102	0.72692121798	0.534074432093	0.698405026583	0.493475108748	0.483325277912	0.597390043499	0.441275978734	0.654905751571	0.598356694055	0.880618656356	0.62735621073	0.587723537941	0.473175447076	0.487675205413	0.934267762204	0.754954084099	0.558240695988	0.491058482359	0.0	0.287578540358	0.894151764137	0.548090865152	0.432576123731	0.449492508458	0.489608506525	0.5601739971	0.505074915418	0.487675205413	0.484775253746	0.521991300145	0.748670855486	0.68970517158	0.500724987917	0.585306911551	0.537941034316	0.658772353794	0.589173513775	0.722087965201	0.683905268246	0.59255679072	0.568873852102	0.531174480425	0.749154180764	0.677138714355	0.743837602707	0.710488158531	0.666988883519	0.689221846303	0.618173030449	0.593040115998	0.59255679072	0.601739971	0.579507008217	0.709038182697	0.596423392943	0.704688255196	0.540357660706	0.675205413243
AD8	0.568390526825	0.573707104882	0.939101014983	0.649589173514	0.707588206863	0.521024649589	0.696955050749	0.490575157081	0.490575157081	0.586273562107	0.440792653456	0.639922667956	0.600773320445	0.863702271629	0.640889318511	0.588690188497	0.483325277912	0.494925084582	0.915901401643	0.739487675205	0.557274045433	0.489608506525	0.287578540358	0.0	0.850169163847	0.507491541808	0.417593040116	0.43740937651	0.479942000967	0.541807636539	0.493475108748	0.490575157081	0.498791686805	0.538424359594	0.739487675205	0.678588690188	0.490575157081	0.573707104882	0.53697438376	0.638472692122	0.583856935718	0.716771387144	0.677622039633	0.587723537941	0.577090381827	0.547124214596	0.747220879652	0.671822136298	0.73610439826	0.704688255196	0.670372160464	0.686321894635	0.614306428226	0.589656839053	0.59255679072	0.597873368777	0.58337361044	0.707104881585	0.597390043499	0.695988400193	0.543740937651	0.672788786854
AE7	0.826969550507	0.869018849686	0.848235862736	0.795553407443	0.82648622523	0.884485258579	0.913484775254	0.898018366361	0.884001933301	0.911551474142	0.925084581924	0.851135814403	0.884485258579	0.82648622523	0.901884968584	0.846302561624	0.871918801353	0.864668922185	0.741904301595	0.742387626873	0.819236346061	0.828902851619	0.894151764137	0.850169163847	0.0	0.538907684872	0.866602223296	0.855969067182	0.774287095215	0.755920734654	0.837602706622	0.843402609957	0.895601739971	0.910101498308	0.926051232479	0.916868052199	0.922667955534	0.896568390527	0.908651522475	0.869018849686	0.894151764137	0.884001933301	0.883518608023	0.87723537941	0.937167713871	0.924601256646	0.892218463026	0.894635089415	0.910101498308	0.895601739971	0.906718221363	0.896085065249	0.883035282745	0.89125181247	0.900918318028	0.886901884969	0.905751570807	0.887868535524	0.907201546641	0.898501691638	0.911068148864	0.906718221363
AE8	0.589656839053	0.624456259062	0.895601739971	0.646689221846	0.704688255196	0.602706621556	0.691638472692	0.614306428226	0.603189946834	0.638472692122	0.642339294345	0.648622522958	0.64813919768	0.826002899952	0.694055099082	0.623006283229	0.614306428226	0.606089898502	0.818269695505	0.65973900435	0.590623489609	0.564040599323	0.548090865152	0.507491541808	0.538907684872	0.0	0.581923634606	0.568390526825	0.538424359594	0.526824552924	0.590140164331	0.577573707105	0.619623006283	0.630256162397	0.772353794103	0.714838086032	0.641372643789	0.614789753504	0.633156114065	0.661188980184	0.629289511841	0.708071532141	0.678105364911	0.610923151281	0.656839052682	0.646689221846	0.77090381827	0.707104881585	0.764620589657	0.722087965201	0.715804736588	0.735137747704	0.655872402127	0.642822619623	0.648622522958	0.643305944901	0.648622522958	0.730304494925	0.660705654906	0.719671338811	0.627839536008	0.710971483809
AF7	0.550507491542	0.548090865152	0.942484291928	0.665055582407	0.663122281295	0.489608506525	0.698888351861	0.447559207347	0.44224262929	0.584340260996	0.455775737071	0.595940067666	0.544707588207	0.867085548574	0.626389560174	0.566940550991	0.433542774287	0.438376027066	0.891735137748	0.714838086032	0.53939101015	0.406959884002	0.432576123731	0.417593040116	0.866602223296	0.581923634606	0.0	0.324311261479	0.473658772354	0.537457709038	0.485741904302	0.485741904302	0.426776220396	0.475592073465	0.68970517158	0.635089415176	0.449492508458	0.532141130981	0.487675205413	0.610923151281	0.528757854036	0.702754954084	0.665538907685	0.541324311261	0.534074432093	0.496858385694	0.679555340744	0.61575640406	0.684871918801	0.65732237796	0.612373127115	0.623489608507	0.562107298212	0.53020782987	0.531657805703	0.535524407927	0.551957467376	0.644272595457	0.555824069599	0.651039149348	0.4813919768	0.61575640406
AF8	0.548090865152	0.563557274045	0.926051232479	0.644755920735	0.707104881585	0.532624456259	0.691638472692	0.479458675689	0.471725471242	0.587723537941	0.511841469309	0.642822619623	0.585306911551	0.852102464959	0.623006283229	0.567907201547	0.479942000967	0.476558724021	0.881101981634	0.700821652972	0.506524891252	0.377477042049	0.449492508458	0.43740937651	0.855969067182	0.568390526825	0.324311261479	0.0	0.44900918318	0.504108264862	0.511841469309	0.480908651522	0.461575640406	0.509908168197	0.728854519091	0.677138714355	0.502174963751	0.546157564041	0.524407926535	0.623489608507	0.558724021266	0.678105364911	0.647172547124	0.565973900435	0.573223779604	0.53697438376	0.708554857419	0.652489125181	0.716771387144	0.690188496858	0.655872402127	0.660705654906	0.598356694055	0.567423876269	0.574190430159	0.574673755437	0.550024166264	0.676172063799	0.568873852102	0.691638472692	0.514741420976	0.649589173514
AG7	0.574190430159	0.597390043499	0.842919284679	0.576607056549	0.688255195747	0.546640889319	0.689221846303	0.503624939584	0.488641855969	0.594006766554	0.538907684872	0.637506041566	0.622522957951	0.764620589657	0.651522474625	0.596423392943	0.532624456259	0.521507974867	0.74770420493	0.558724021266	0.467858869019	0.428709521508	0.489608506525	0.479942000967	0.774287095215	0.538424359594	0.473658772354	0.44900918318	0.0	0.307394876752	0.536007733204	0.520541324311	0.503141614306	0.545190913485	0.755920734654	0.685355244079	0.536491058482	0.57177380377	0.55775737071	0.653939101015	0.598356694055	0.667472208797	0.639922667956	0.576123731271	0.599323344611	0.564040599323	0.75688738521	0.685355244079	0.746737554374	0.717254712421	0.683421942968	0.70130497825	0.623006283229	0.604639922668	0.615273078782	0.613823102948	0.60415659739	0.718704688255	0.629289511841	0.709521507975	0.572740454326	0.680038666022
AG8	0.559690671822	0.599806669889	0.833736104398	0.587240212663	0.691638472692	0.57177380377	0.685838569357	0.565490575157	0.550507491542	0.61333977767	0.604639922668	0.643305944901	0.632189463509	0.74770420493	0.669888835186	0.59497341711	0.585306911551	0.581440309328	0.693088448526	0.51377477042	0.481875302078	0.47220879652	0.5601739971	0.541807636539	0.755920734654	0.526824552924	0.537457709038	0.504108264862	0.307394876752	0.0	0.575157080715	0.555824069599	0.57177380377	0.590623489609	0.765103914935	0.700338327695	0.595940067666	0.581440309328	0.586756887385	0.659255679072	0.604639922668	0.68293861769	0.659255679072	0.595456742388	0.629289511841	0.60415659739	0.762687288545	0.687288545191	0.751570807153	0.717738037699	0.695505074915	0.711454809087	0.637989366844	0.620589656839	0.625422909618	0.623006283229	0.622522957951	0.722571290478	0.643789270179	0.709038182697	0.592073465442	0.686805219913
AH7	0.572257129048	0.619623006283	0.948284195263	0.705171580474	0.710488158531	0.584823586274	0.723054615756	0.549057515708	0.547124214596	0.643305944901	0.53939101015	0.660705654906	0.639439342678	0.877718704688	0.688255195747	0.601256645723	0.507974867086	0.486708554857	0.887868535524	0.733204446593	0.558240695988	0.520057999033	0.505074915418	0.493475108748	0.837602706622	0.590140164331	0.485741904302	0.511841469309	0.536007733204	0.575157080715	0.0	0.344127597873	0.567907201547	0.605606573224	0.781053649106	0.734654422426	0.551957467376	0.6389560174	0.596906718221	0.674722087965	0.628322861286	0.767520541324	0.739004349928	0.644755920735	0.640889318511	0.608023199613	0.762687288545	0.708071532141	0.775253745771	0.728371193813	0.710004833253	0.722087965201	0.635572740454	0.622039632673	0.616723054616	0.628322861286	0.617206379894	0.738037699372	0.643305944901	0.731754470759	0.596906718221	0.711938134364
AH8	0.536491058482	0.584823586274	0.947317544708	0.675688738521	0.682455292412	0.538907684872	0.693571773804	0.50700821653	0.487191880135	0.608989850169	0.538907684872	0.628806186564	0.585306911551	0.872402126631	0.644272595457	0.565007249879	0.438376027066	0.39584340261	0.899468342194	0.739487675205	0.53939101015	0.479458675689	0.487675205413	0.490575157081	0.843402609957	0.577573707105	0.485741904302	0.480908651522	0.520541324311	0.555824069599	0.344127597873	0.0	0.502658289029	0.543257612373	0.760270662156	0.704688255196	0.553407443209	0.599323344611	0.550507491542	0.634122764621	0.587723537941	0.725954567424	0.695505074915	0.610439826003	0.601256645723	0.564040599323	0.723054615756	0.667472208797	0.741904301595	0.691638472692	0.669405509908	0.677138714355	0.593040115998	0.582406959884	0.577090381827	0.587723537941	0.576123731271	0.686321894635	0.598840019333	0.69212179797	0.547124214596	0.670372160464
AA5	0.571290478492	0.508941517641	0.953117448043	0.656355727405	0.603189946834	0.449492508458	0.634122764621	0.385210246496	0.39342677622	0.529241179314	0.446109231513	0.540357660706	0.52779120348	0.876268728855	0.545190913485	0.555340744321	0.428709521508	0.434509424843	0.923151280812	0.757370710488	0.553890768487	0.484775253746	0.484775253746	0.498791686805	0.895601739971	0.619623006283	0.426776220396	0.461575640406	0.503141614306	0.57177380377	0.567907201547	0.502658289029	0.0	0.338327694538	0.673755437409	0.579507008217	0.466892218463	0.464475592073	0.456742387627	0.558240695988	0.46979217013	0.623006283229	0.599323344611	0.467858869019	0.523924601257	0.463508941518	0.695021749638	0.62493958434	0.669405509908	0.639922667956	0.637506041566	0.655389076849	0.529241179314	0.53697438376	0.55099081682	0.540357660706	0.535524407927	0.65973900435	0.545674238763	0.637022716288	0.493475108748	0.624456259062
AA6	0.588690188497	0.522957950701	0.9584340261	0.665538907685	0.637989366844	0.4813919768	0.652972450459	0.445625906235	0.441759304012	0.545190913485	0.499275012083	0.576607056549	0.536491058482	0.884485258579	0.57177380377	0.566457225713	0.471725471242	0.471725471242	0.942484291928	0.775737071049	0.584340260996	0.509908168197	0.521991300145	0.538424359594	0.910101498308	0.630256162397	0.475592073465	0.509908168197	0.545190913485	0.590623489609	0.605606573224	0.543257612373	0.338327694538	0.0	0.679555340744	0.589656839053	0.509908168197	0.494441759304	0.476075398743	0.589656839053	0.492508458192	0.655872402127	0.626872885452	0.500724987917	0.469308844853	0.409859835669	0.698405026583	0.626389560174	0.676655389077	0.652972450459	0.637506041566	0.653939101015	0.548090865152	0.547124214596	0.552440792653	0.545674238763	0.544224262929	0.662155630739	0.554374093765	0.647655872402	0.509424842919	0.632672788787
AB5	0.752054132431	0.666505558241	0.96761720638	0.730787820203	0.620106331561	0.629772837119	0.738037699372	0.661188980184	0.666022232963	0.696955050749	0.690188496858	0.609473175447	0.656355727405	0.898985016916	0.718704688255	0.707588206863	0.700821652972	0.699371677139	0.935717738038	0.81488641856	0.806669888835	0.739971000483	0.748670855486	0.739487675205	0.926051232479	0.772353794103	0.68970517158	0.728854519091	0.755920734654	0.765103914935	0.781053649106	0.760270662156	0.673755437409	0.679555340744	0.0	0.326244562591	0.632672788787	0.669888835186	0.623006283229	0.628322861286	0.61333977767	0.731754470759	0.739487675205	0.644755920735	0.628806186564	0.619623006283	0.618173030449	0.616239729338	0.627839536008	0.613823102948	0.630739487675	0.621556307395	0.585306911551	0.608989850169	0.637506041566	0.620589656839	0.675205413243	0.611889801837	0.653455775737	0.614306428226	0.679072015466	0.622522957951
AB6	0.693088448526	0.597390043499	0.960367327211	0.675205413243	0.575640405993	0.564040599323	0.669888835186	0.576123731271	0.596906718221	0.620589656839	0.634606089899	0.537457709038	0.607539874335	0.888351860802	0.645239246013	0.640405993233	0.652005799903	0.652005799903	0.931367810536	0.768003866602	0.751570807153	0.686805219913	0.68970517158	0.678588690188	0.916868052199	0.714838086032	0.635089415176	0.677138714355	0.685355244079	0.700338327695	0.734654422426	0.704688255196	0.579507008217	0.589656839053	0.326244562591	0.0	0.575640405993	0.578057032383	0.576607056549	0.560657322378	0.548090865152	0.655872402127	0.65732237796	0.544707588207	0.561140647656	0.558724021266	0.605123247946	0.551957467376	0.590623489609	0.558724021266	0.575157080715	0.579507008217	0.518124697922	0.574190430159	0.598356694055	0.579507008217	0.612373127115	0.570323827936	0.598356694055	0.549540840986	0.63653939101	0.55775737071
AC5	0.598356694055	0.564523924601	0.969550507492	0.666022232963	0.627839536008	0.48380860319	0.683421942968	0.450942484292	0.457709038183	0.572740454326	0.436442725955	0.570807153214	0.548090865152	0.887868535524	0.633639439343	0.600773320445	0.466892218463	0.470758820686	0.948767520541	0.779120347994	0.619139681005	0.550024166264	0.500724987917	0.490575157081	0.922667955534	0.641372643789	0.449492508458	0.502174963751	0.536491058482	0.595940067666	0.551957467376	0.553407443209	0.466892218463	0.509908168197	0.632672788787	0.575640405993	0.0	0.457709038183	0.457225712905	0.597390043499	0.532141130981	0.711454809087	0.673272112131	0.546640889319	0.489608506525	0.458192363461	0.617689705172	0.565490575157	0.626389560174	0.59255679072	0.569840502658	0.586756887385	0.512324794587	0.490091831803	0.50700821653	0.50459159014	0.576123731271	0.593040115998	0.575640405993	0.580473658772	0.519091348478	0.563073948768
AC6	0.617689705172	0.51377477042	0.949734171097	0.64813919768	0.601739971	0.51377477042	0.525857902368	0.483325277912	0.515224746254	0.460125664572	0.559207346544	0.543257612373	0.566457225713	0.864668922185	0.548090865152	0.590623489609	0.555824069599	0.560657322378	0.91203479942	0.739004349928	0.63653939101	0.570323827936	0.585306911551	0.573707104882	0.896568390527	0.614789753504	0.532141130981	0.546157564041	0.57177380377	0.581440309328	0.6389560174	0.599323344611	0.464475592073	0.494441759304	0.669888835186	0.578057032383	0.457709038183	0.0	0.52779120348	0.511841469309	0.494925084582	0.47462542291	0.437892701788	0.414209763171	0.570807153214	0.543257612373	0.691638472692	0.632672788787	0.67133881102	0.640405993233	0.656355727405	0.67133881102	0.574673755437	0.576607056549	0.581440309328	0.573707104882	0.561140647656	0.658772353794	0.568873852102	0.634606089899	0.551474142098	0.631706138231
AD6	0.583856935718	0.520541324311	0.969067182214	0.638472692122	0.591590140164	0.427259545674	0.641372643789	0.438859352344	0.437892701788	0.529724504592	0.461092315128	0.521507974867	0.511841469309	0.883518608023	0.588690188497	0.559690671822	0.477525374577	0.473175447076	0.94441759304	0.774287095215	0.597873368777	0.540840985984	0.537941034316	0.53697438376	0.908651522475	0.633156114065	0.487675205413	0.524407926535	0.55775737071	0.586756887385	0.596906718221	0.550507491542	0.456742387627	0.476075398743	0.623006283229	0.576607056549	0.457225712905	0.52779120348	0.0	0.553890768487	0.406959884002	0.699855002417	0.668438859352	0.53020782987	0.481875302078	0.450459159014	0.607056549058	0.549540840986	0.598840019333	0.568390526825	0.558724021266	0.573223779604	0.484291928468	0.45142580957	0.467858869019	0.481875302078	0.541324311261	0.576123731271	0.536007733204	0.563073948768	0.458675688739	0.552440792653
AE5	0.626389560174	0.526341227646	0.969550507492	0.635089415176	0.561623972934	0.55099081682	0.576123731271	0.554374093765	0.593040115998	0.517158047366	0.629772837119	0.506524891252	0.565490575157	0.881585306912	0.559207346544	0.578057032383	0.601256645723	0.608989850169	0.923151280812	0.761720637989	0.72450459159	0.653939101015	0.658772353794	0.638472692122	0.869018849686	0.661188980184	0.610923151281	0.623489608507	0.653939101015	0.659255679072	0.674722087965	0.634122764621	0.558240695988	0.589656839053	0.628322861286	0.560657322378	0.597390043499	0.511841469309	0.553890768487	0.0	0.364427259546	0.585790236829	0.579990333494	0.515224746254	0.628322861286	0.624456259062	0.651039149348	0.601256645723	0.64572257129	0.605606573224	0.619623006283	0.62735621073	0.538907684872	0.555824069599	0.59255679072	0.565490575157	0.561623972934	0.623489608507	0.555824069599	0.611406476559	0.581440309328	0.609956500725
AE6	0.582890285162	0.462058965684	0.968100531658	0.626389560174	0.568390526825	0.476075398743	0.589656839053	0.475592073465	0.512808119865	0.497341710971	0.53939101015	0.514258095698	0.512808119865	0.877718704688	0.534557757371	0.526341227646	0.520541324311	0.521024649589	0.937167713871	0.763170613823	0.647655872402	0.579023682939	0.589173513775	0.583856935718	0.894151764137	0.629289511841	0.528757854036	0.558724021266	0.598356694055	0.604639922668	0.628322861286	0.587723537941	0.46979217013	0.492508458192	0.61333977767	0.548090865152	0.532141130981	0.494925084582	0.406959884002	0.364427259546	0.0	0.640405993233	0.616239729338	0.496858385694	0.537457709038	0.53020782987	0.638472692122	0.574190430159	0.618656355727	0.588206863219	0.597873368777	0.609473175447	0.494441759304	0.482841952634	0.499275012083	0.489608506525	0.50459159014	0.608506524891	0.50459159014	0.584340260996	0.493958434026	0.591106814886
AF5	0.713871435476	0.62735621073	0.936201063316	0.661188980184	0.656355727405	0.676172063799	0.550507491542	0.640889318511	0.685355244079	0.575640405993	0.715804736588	0.620589656839	0.669405509908	0.855485741904	0.603189946834	0.675205413243	0.717254712421	0.717254712421	0.875785403577	0.730787820203	0.716288061866	0.673272112131	0.722087965201	0.716771387144	0.884001933301	0.708071532141	0.702754954084	0.678105364911	0.667472208797	0.68293861769	0.767520541324	0.725954567424	0.623006283229	0.655872402127	0.731754470759	0.655872402127	0.711454809087	0.47462542291	0.699855002417	0.585790236829	0.640405993233	0.0	0.265828902852	0.543740937651	0.727887868536	0.711938134364	0.754470758821	0.716771387144	0.742870952151	0.70130497825	0.734654422426	0.742387626873	0.687771870469	0.709521507975	0.724021266312	0.708071532141	0.67133881102	0.728371193813	0.671822136298	0.695021749638	0.708554857419	0.718221362977
AF6	0.690188496858	0.593523441276	0.939101014983	0.661188980184	0.660222329628	0.647655872402	0.522474625423	0.605123247946	0.64572257129	0.541807636539	0.68970517158	0.609956500725	0.639922667956	0.857419043016	0.57177380377	0.64813919768	0.687288545191	0.691155147414	0.889801836636	0.732237796037	0.694055099082	0.638472692122	0.683905268246	0.677622039633	0.883518608023	0.678105364911	0.665538907685	0.647172547124	0.639922667956	0.659255679072	0.739004349928	0.695505074915	0.599323344611	0.626872885452	0.739487675205	0.65732237796	0.673272112131	0.437892701788	0.668438859352	0.579990333494	0.616239729338	0.265828902852	0.0	0.512808119865	0.696471725471	0.6805219913	0.751570807153	0.699371677139	0.73610439826	0.696471725471	0.710004833253	0.736587723538	0.656839052682	0.680038666022	0.691638472692	0.681005316578	0.635572740454	0.724021266312	0.638472692122	0.693088448526	0.681005316578	0.699855002417
