	AA3	AA4	AB3	AB4	AC3	AC4	AD3	AD4	AE3	AE4	AF3	AF4	AG3	AG4	AH3	AH4	AA7	AA8	AB7	AB8	AC7	AC8	AD7	AD8	AE7	AE8	AF7	AF8	AG7	AG8	AH7	AH8	AA5	AA6	AB5	AB6	AC5	AC6	AD6	AE5	AE6	AF5	AF6	AG5	AH5	AH6	AA1	AA2	AB1	AB2	AC1	AC2	AD1	AD2	AE1	AE2	AF1	AF2	AG1	AG2	AH1	AH2
AA3	0.0	0.503624939584	0.928467858869	0.630739487675	0.649105848236	0.581440309328	0.682455292412	0.582890285162	0.562107298212	0.618173030449	0.608989850169	0.595456742388	0.595456742388	0.82406959884	0.656355727405	0.337844369261	0.579507008217	0.562107298212	0.862252295795	0.706138231029	0.609956500725	0.574673755437	0.594006766554	0.577090381827	0.826969550507	0.577090381827	0.572740454326	0.546157564041	0.56259062349	0.580473658772	0.591106814886	0.560657322378	0.585790236829	0.600289995167	0.761237312711	0.683905268246	0.597873368777	0.623006283229	0.590623489609	0.634122764621	0.610439826003	0.702754954084	0.679072015466	0.620589656839	0.639439342678	0.623972933784	0.673755437409	0.650072498792	0.720637989367	0.667955534074	0.641372643789	0.666022232963	0.579507008217	0.562107298212	0.568873852102	0.561140647656	0.572740454326	0.651039149348	0.589173513775	0.663605606573	0.580473658772	0.639439342678
AA4	0.503624939584	0.0	0.953117448043	0.595456742388	0.54857419043	0.498308361527	0.610439826003	0.491541807637	0.507491541808	0.531657805703	0.559207346544	0.490091831803	0.478492025133	0.84485258579	0.365877235379	0.378927017883	0.525857902368	0.528757854036	0.890285161914	0.732721121315	0.673755437409	0.590140164331	0.60415659739	0.579023682939	0.880135331078	0.637989366844	0.550507491542	0.556790720155	0.61575640406	0.637022716288	0.6389560174	0.579990333494	0.511841469309	0.523924601257	0.670855485742	0.593040115998	0.572740454326	0.519091348478	0.531657805703	0.519091348478	0.487675205413	0.618173030449	0.598840019333	0.518124697922	0.593523441276	0.568873852102	0.626872885452	0.56935717738	0.619139681005	0.584340260996	0.584823586274	0.617206379894	0.516674722088	0.504108264862	0.523441275979	0.509908168197	0.509908168197	0.601256645723	0.501208313195	0.592073465442	0.522474625423	0.566457225713
AB3	0.928467858869	0.953117448043	0.0	0.683905268246	0.925084581924	0.959884001933	0.96520057999	0.942484291928	0.940550990817	0.954567423876	0.977767037216	0.943934267762	0.96761720638	0.345094248429	0.964233929435	0.942000966651	0.974383760271	0.973417109715	0.73610439826	0.764620589657	0.884968583857	0.91445142581	0.9584340261	0.956984050266	0.852102464959	0.901401643306	0.948284195263	0.927984533591	0.849685838569	0.823586273562	0.956984050266	0.954567423876	0.959884001933	0.966650555824	0.97680038666	0.971483808603	0.977283711938	0.955050749154	0.977767037216	0.977767037216	0.976317061382	0.939584340261	0.936684388594	0.949734171097	0.981150314161	0.977767037216	0.978250362494	0.977283711938	0.97680038666	0.975833736104	0.978250362494	0.975833736104	0.977767037216	0.978250362494	0.981150314161	0.977767037216	0.975350410826	0.977283711938	0.975350410826	0.977767037216	0.977283711938	0.977283711938
AB4	0.630739487675	0.595456742388	0.683905268246	0.0	0.631706138231	0.623006283229	0.699371677139	0.62735621073	0.631222812953	0.635572740454	0.663605606573	0.625906234896	0.487191880135	0.555340744321	0.621556307395	0.608023199613	0.64813919768	0.649589173514	0.72692121798	0.574673755437	0.656355727405	0.628322861286	0.660222329628	0.653939101015	0.793620106332	0.6389560174	0.65732237796	0.627839536008	0.557274045433	0.577090381827	0.703238279362	0.654905751571	0.653939101015	0.667955534074	0.73610439826	0.681971967134	0.664572257129	0.643305944901	0.643305944901	0.639922667956	0.632189463509	0.656355727405	0.656355727405	0.629289511841	0.695988400193	0.685355244079	0.691155147414	0.65973900435	0.70130497825	0.67133881102	0.666022232963	0.673272112131	0.63653939101	0.640405993233	0.674722087965	0.635572740454	0.657805703238	0.669405509908	0.652489125181	0.674238762687	0.652972450459	0.666505558241
AC3	0.649105848236	0.54857419043	0.925084581924	0.631706138231	0.0	0.481875302078	0.648622522958	0.55099081682	0.579990333494	0.588690188497	0.62493958434	0.325761237313	0.596423392943	0.818269695505	0.589173513775	0.601256645723	0.611406476559	0.596423392943	0.874335427743	0.746737554374	0.735137747704	0.675688738521	0.707588206863	0.695021749638	0.829869502175	0.688738521025	0.665538907685	0.673272112131	0.683905268246	0.692605123248	0.703238279362	0.652005799903	0.606089898502	0.624456259062	0.633156114065	0.593523441276	0.62493958434	0.573707104882	0.570807153214	0.545190913485	0.565490575157	0.652005799903	0.649589173514	0.563073948768	0.652005799903	0.638472692122	0.572257129048	0.581440309328	0.581923634606	0.578057032383	0.584823586274	0.581923634606	0.529241179314	0.566940550991	0.579023682939	0.551474142098	0.622522957951	0.569840502658	0.60657322378	0.595456742388	0.610439826003	0.578057032383
AC4	0.581440309328	0.498308361527	0.959884001933	0.623006283229	0.481875302078	0.0	0.628322861286	0.413726437893	0.409859835669	0.517158047366	0.348960850652	0.399710004833	0.514258095698	0.848235862736	0.558240695988	0.540840985984	0.465442242629	0.441759304012	0.922667955534	0.749637506042	0.596423392943	0.532624456259	0.514741420976	0.498308361527	0.893185113581	0.599323344611	0.485741904302	0.506524891252	0.529724504592	0.585306911551	0.573707104882	0.50459159014	0.445142580957	0.44900918318	0.649105848236	0.565490575157	0.452875785404	0.50459159014	0.40502658289	0.545190913485	0.476558724021	0.673272112131	0.639439342678	0.51377477042	0.492025132914	0.477525374577	0.619139681005	0.565973900435	0.594490091832	0.574673755437	0.568390526825	0.597390043499	0.490575157081	0.496375060416	0.509908168197	0.4813919768	0.534557757371	0.591106814886	0.538424359594	0.577090381827	0.493958434026	0.55775737071
AD3	0.682455292412	0.610439826003	0.96520057999	0.699371677139	0.648622522958	0.628322861286	0.0	0.540357660706	0.654422426293	0.353794103432	0.684871918801	0.60415659739	0.636056065732	0.859352344128	0.585790236829	0.644272595457	0.686805219913	0.689221846303	0.947317544708	0.777187046883	0.722571290478	0.700821652972	0.705654905752	0.695988400193	0.917834702755	0.692605123248	0.707588206863	0.699855002417	0.699855002417	0.695505074915	0.729821169647	0.695988400193	0.640405993233	0.653939101015	0.741904301595	0.669405509908	0.685355244079	0.542774287095	0.633156114065	0.596423392943	0.588206863219	0.566940550991	0.524891251812	0.557274045433	0.703238279362	0.694055099082	0.758337361044	0.710004833253	0.739004349928	0.721121314645	0.710971483809	0.732721121315	0.661188980184	0.672788786854	0.678588690188	0.665055582407	0.640405993233	0.724021266312	0.635572740454	0.717738037699	0.69453842436	0.702754954084
AD4	0.582890285162	0.491541807637	0.942484291928	0.62735621073	0.55099081682	0.413726437893	0.540357660706	0.0	0.321411309812	0.406959884002	0.453359110681	0.478008699855	0.523924601257	0.836152730788	0.535524407927	0.519574673755	0.463508941518	0.447559207347	0.931367810536	0.753504108265	0.577573707105	0.500724987917	0.515224746254	0.491058482359	0.898018366361	0.601256645723	0.471725471242	0.474142097632	0.502174963751	0.570807153214	0.566457225713	0.496858385694	0.405509908168	0.426292895118	0.668438859352	0.586273562107	0.464958917351	0.482841952634	0.436926051232	0.552924117931	0.473658772354	0.646689221846	0.612856452392	0.492508458192	0.497825036249	0.484291928468	0.658772353794	0.608023199613	0.640405993233	0.62493958434	0.608023199613	0.635089415176	0.524407926535	0.519574673755	0.535041082649	0.518124697922	0.521991300145	0.632672788787	0.536007733204	0.623972933784	0.5186080232	0.596423392943
AE3	0.562107298212	0.507491541808	0.940550990817	0.631222812953	0.579990333494	0.409859835669	0.654422426293	0.321411309812	0.0	0.514258095698	0.408409859836	0.500241662639	0.521024649589	0.840019333011	0.547607539874	0.524891251812	0.429192846786	0.401643305945	0.925084581924	0.752537457709	0.561623972934	0.480425326245	0.475108748188	0.457225712905	0.890285161914	0.59255679072	0.43064282262	0.436442725955	0.471725471242	0.561623972934	0.532141130981	0.466892218463	0.397776703722	0.434992750121	0.679072015466	0.59497341711	0.435959400677	0.51377477042	0.435476075399	0.596906718221	0.515224746254	0.687771870469	0.64813919768	0.521024649589	0.492025132914	0.476558724021	0.652489125181	0.596423392943	0.636056065732	0.621072982117	0.598840019333	0.635089415176	0.523441275979	0.516674722088	0.532624456259	0.519091348478	0.534074432093	0.631222812953	0.548090865152	0.616239729338	0.506041565974	0.590623489609
AE4	0.618173030449	0.531657805703	0.954567423876	0.635572740454	0.588690188497	0.517158047366	0.353794103432	0.406959884002	0.514258095698	0.0	0.575157080715	0.525857902368	0.58337361044	0.849685838569	0.54857419043	0.56259062349	0.580473658772	0.574673755437	0.939101014983	0.760753987434	0.64813919768	0.582406959884	0.595456742388	0.587240212663	0.913484775254	0.62735621073	0.588206863219	0.575640405993	0.581923634606	0.602706621556	0.634122764621	0.581923634606	0.531657805703	0.550507491542	0.70130497825	0.626389560174	0.576607056549	0.466892218463	0.529724504592	0.534074432093	0.506041565974	0.577090381827	0.541324311261	0.487191880135	0.59497341711	0.589173513775	0.713871435476	0.660705654906	0.692605123248	0.678588690188	0.666988883519	0.688255195747	0.587723537941	0.590140164331	0.603189946834	0.585306911551	0.563557274045	0.683905268246	0.579507008217	0.675688738521	0.591590140164	0.654422426293
AF3	0.608989850169	0.559207346544	0.977767037216	0.663605606573	0.62493958434	0.348960850652	0.684871918801	0.453359110681	0.408409859836	0.575157080715	0.0	0.521507974867	0.550024166264	0.866602223296	0.607539874335	0.581923634606	0.435959400677	0.418559690672	0.950700821653	0.782986950217	0.592073465442	0.529241179314	0.430159497342	0.42822619623	0.922184630256	0.628322861286	0.43064282262	0.475592073465	0.525857902368	0.608023199613	0.524407926535	0.488158530691	0.425809569841	0.478975350411	0.683421942968	0.614789753504	0.408893185114	0.54857419043	0.447075882069	0.612373127115	0.533107781537	0.714838086032	0.685355244079	0.554374093765	0.495891735138	0.485258579024	0.666988883519	0.607056549058	0.660222329628	0.621072982117	0.608506524891	0.643305944901	0.552924117931	0.524407926535	0.534074432093	0.528274528758	0.566940550991	0.637506041566	0.574673755437	0.614789753504	0.515708071532	0.599806669889
AF4	0.595456742388	0.490091831803	0.943934267762	0.625906234896	0.325761237313	0.399710004833	0.60415659739	0.478008699855	0.500241662639	0.525857902368	0.521507974867	0.0	0.543740937651	0.836152730788	0.547124214596	0.540840985984	0.552440792653	0.537457709038	0.894151764137	0.733204446593	0.687771870469	0.619139681005	0.632672788787	0.61333977767	0.853069115515	0.621556307395	0.590623489609	0.596906718221	0.619623006283	0.637506041566	0.646689221846	0.593040115998	0.531657805703	0.552924117931	0.621556307395	0.534074432093	0.553407443209	0.525857902368	0.503141614306	0.499758337361	0.505074915418	0.62735621073	0.605606573224	0.503624939584	0.562107298212	0.549057515708	0.585790236829	0.53697438376	0.579507008217	0.53939101015	0.537457709038	0.563073948768	0.46979217013	0.498791686805	0.512808119865	0.494441759304	0.554857419043	0.562107298212	0.547607539874	0.547607539874	0.533591106815	0.52537457709
AG3	0.595456742388	0.478492025133	0.96761720638	0.487191880135	0.596423392943	0.514258095698	0.636056065732	0.523924601257	0.521024649589	0.58337361044	0.550024166264	0.543740937651	0.0	0.831319478009	0.50700821653	0.525857902368	0.502658289029	0.499275012083	0.925084581924	0.756404059932	0.68293861769	0.604639922668	0.60415659739	0.580473658772	0.885451909135	0.641372643789	0.564523924601	0.571290478492	0.615273078782	0.640405993233	0.641372643789	0.572740454326	0.524891251812	0.533107781537	0.675205413243	0.616239729338	0.556790720155	0.545190913485	0.533107781537	0.561623972934	0.517158047366	0.659255679072	0.628322861286	0.547124214596	0.588206863219	0.569840502658	0.615273078782	0.575640405993	0.629772837119	0.600773320445	0.579507008217	0.604639922668	0.518124697922	0.514741420976	0.550024166264	0.521991300145	0.541807636539	0.597873368777	0.536491058482	0.607056549058	0.518124697922	0.579023682939
AG4	0.82406959884	0.84485258579	0.345094248429	0.555340744321	0.818269695505	0.848235862736	0.859352344128	0.836152730788	0.840019333011	0.849685838569	0.866602223296	0.836152730788	0.831319478009	0.0	0.856935717738	0.832286128565	0.871918801353	0.87046882552	0.718221362977	0.670372160464	0.792653455776	0.816336394393	0.861768970517	0.857419043016	0.820202996617	0.807153214113	0.850169163847	0.825519574674	0.751087481875	0.723054615756	0.866602223296	0.854519091348	0.856935717738	0.861768970517	0.885451909135	0.876268728855	0.873368777187	0.844369260512	0.868535524408	0.865152247463	0.863702271629	0.83325277912	0.830352827453	0.848235862736	0.882068632189	0.880135331078	0.868535524408	0.872402126631	0.871918801353	0.869018849686	0.876268728855	0.869502174964	0.874335427743	0.869018849686	0.880135331078	0.873852102465	0.874818753021	0.871918801353	0.87046882552	0.867568873852	0.875302078299	0.874818753021
AH3	0.656355727405	0.365877235379	0.964233929435	0.621556307395	0.589173513775	0.558240695988	0.585790236829	0.535524407927	0.547607539874	0.54857419043	0.607539874335	0.547124214596	0.50700821653	0.856935717738	0.0	0.523924601257	0.582406959884	0.593040115998	0.92363460609	0.764620589657	0.710488158531	0.633639439343	0.633156114065	0.618656355727	0.898018366361	0.676655389077	0.618656355727	0.615273078782	0.658289028516	0.677138714355	0.68293861769	0.622039632673	0.54857419043	0.567907201547	0.714354760754	0.635572740454	0.623489608507	0.537941034316	0.595456742388	0.552440792653	0.545190913485	0.584340260996	0.55775737071	0.541807636539	0.637506041566	0.622522957951	0.686805219913	0.619623006283	0.659255679072	0.6389560174	0.637022716288	0.666505558241	0.591106814886	0.586756887385	0.597390043499	0.586273562107	0.566457225713	0.654422426293	0.559690671822	0.635089415176	0.59497341711	0.616239729338
AH4	0.337844369261	0.378927017883	0.942000966651	0.608023199613	0.601256645723	0.540840985984	0.644272595457	0.519574673755	0.524891251812	0.56259062349	0.581923634606	0.540840985984	0.525857902368	0.832286128565	0.523924601257	0.0	0.537941034316	0.543740937651	0.874335427743	0.718221362977	0.641855969067	0.567423876269	0.590140164331	0.558724021266	0.843885935234	0.601256645723	0.560657322378	0.535041082649	0.574190430159	0.59497341711	0.587723537941	0.546157564041	0.546640889319	0.552924117931	0.71290478492	0.631706138231	0.583856935718	0.574673755437	0.552924117931	0.567907201547	0.540357660706	0.658772353794	0.634122764621	0.568390526825	0.615273078782	0.585790236829	0.652489125181	0.604639922668	0.669888835186	0.616723054616	0.614306428226	0.637022716288	0.550024166264	0.514258095698	0.52779120348	0.524891251812	0.507491541808	0.626389560174	0.521507974867	0.618656355727	0.544224262929	0.598840019333
AA7	0.579507008217	0.525857902368	0.974383760271	0.64813919768	0.611406476559	0.465442242629	0.686805219913	0.463508941518	0.429192846786	0.580473658772	0.435959400677	0.552440792653	0.502658289029	0.871918801353	0.582406959884	0.537941034316	0.0	0.288061865636	0.922184630256	0.763653939101	0.588690188497	0.500241662639	0.473175447076	0.444659255679	0.86805219913	0.605606573224	0.432576123731	0.442725954567	0.521991300145	0.603673272112	0.503624939584	0.408409859836	0.434509424843	0.468342194297	0.713871435476	0.646205896568	0.454809086515	0.566457225713	0.469308844853	0.601256645723	0.545190913485	0.712421459642	0.680038666022	0.571290478492	0.533107781537	0.512324794587	0.648622522958	0.610439826003	0.665538907685	0.630256162397	0.590623489609	0.620589656839	0.527307878202	0.51377477042	0.531657805703	0.508941517641	0.526341227646	0.612373127115	0.532141130981	0.640405993233	0.503141614306	0.590140164331
AA8	0.562107298212	0.528757854036	0.973417109715	0.649589173514	0.596423392943	0.441759304012	0.689221846303	0.447559207347	0.401643305945	0.574673755437	0.418559690672	0.537457709038	0.499275012083	0.87046882552	0.593040115998	0.543740937651	0.288061865636	0.0	0.917834702755	0.757370710488	0.577090381827	0.491541807637	0.474142097632	0.455775737071	0.869985500242	0.603189946834	0.435959400677	0.442725954567	0.513291445143	0.601256645723	0.492025132914	0.371193813436	0.406476558724	0.453842435959	0.695505074915	0.62493958434	0.444175930401	0.550507491542	0.449975833736	0.600289995167	0.529724504592	0.714838086032	0.678588690188	0.55775737071	0.511358144031	0.491058482359	0.627839536008	0.588206863219	0.655389076849	0.611406476559	0.567907201547	0.605606573224	0.504108264862	0.491541807637	0.502174963751	0.490575157081	0.525857902368	0.590140164331	0.536491058482	0.616723054616	0.500241662639	0.569840502658
AB7	0.862252295795	0.890285161914	0.73610439826	0.72692121798	0.874335427743	0.922667955534	0.947317544708	0.931367810536	0.925084581924	0.939101014983	0.950700821653	0.894151764137	0.925084581924	0.718221362977	0.92363460609	0.874335427743	0.922184630256	0.917834702755	0.0	0.411309811503	0.804253262446	0.843402609957	0.927501208313	0.920734654422	0.737071048816	0.821169647173	0.894151764137	0.862252295795	0.748670855486	0.690188496858	0.886418559691	0.897051715805	0.928467858869	0.941517641373	0.944900918318	0.934267762204	0.94683421943	0.9212179797	0.940550990817	0.920251329145	0.941517641373	0.869985500242	0.878202029966	0.908651522475	0.961333977767	0.952150797487	0.927984533591	0.926534557757	0.937167713871	0.927984533591	0.928951184147	0.921701304978	0.9212179797	0.921701304978	0.921701304978	0.913968100532	0.920734654422	0.9212179797	0.917834702755	0.928951184147	0.947317544708	0.928951184147
AB8	0.706138231029	0.732721121315	0.764620589657	0.574673755437	0.746737554374	0.749637506042	0.777187046883	0.753504108265	0.752537457709	0.760753987434	0.782986950217	0.733204446593	0.756404059932	0.670372160464	0.764620589657	0.718221362977	0.763653939101	0.757370710488	0.411309811503	0.0	0.644755920735	0.676655389077	0.751570807153	0.744804253262	0.724987916868	0.655389076849	0.722087965201	0.684388593523	0.556790720155	0.524891251812	0.735137747704	0.735137747704	0.759787336878	0.771870468826	0.811503141614	0.767520541324	0.771870468826	0.744320927985	0.765587240213	0.754470758821	0.764620589657	0.713388110198	0.709521507975	0.735621072982	0.794103431609	0.782020299662	0.802803286612	0.769937167714	0.804253262446	0.763653939101	0.774287095215	0.774770420493	0.762687288545	0.762203963267	0.769937167714	0.758820686322	0.754954084099	0.776703721605	0.752537457709	0.761237312711	0.779603673272	0.767037216046
AC7	0.609956500725	0.673755437409	0.884968583857	0.656355727405	0.735137747704	0.596423392943	0.722571290478	0.577573707105	0.561623972934	0.64813919768	0.592073465442	0.687771870469	0.68293861769	0.792653455776	0.710488158531	0.641855969067	0.588690188497	0.577090381827	0.804253262446	0.644755920735	0.0	0.386176897052	0.568873852102	0.561140647656	0.815853069116	0.58095698405	0.546157564041	0.50700821653	0.454809086515	0.504108264862	0.567423876269	0.555340744321	0.559207346544	0.588206863219	0.817303044949	0.752054132431	0.624456259062	0.643789270179	0.611889801837	0.723537941034	0.67133881102	0.711454809087	0.681488641856	0.647172547124	0.628806186564	0.621556307395	0.815369743838	0.760270662156	0.801353310778	0.779603673272	0.750120831319	0.785886901885	0.689221846303	0.672788786854	0.679555340744	0.675205413243	0.662155630739	0.776703721605	0.676172063799	0.769937167714	0.640405993233	0.750120831319
AC8	0.574673755437	0.590140164331	0.91445142581	0.628322861286	0.675688738521	0.532624456259	0.700821652972	0.500724987917	0.480425326245	0.582406959884	0.529241179314	0.619139681005	0.604639922668	0.816336394393	0.633639439343	0.567423876269	0.500241662639	0.491541807637	0.843402609957	0.676655389077	0.386176897052	0.0	0.491058482359	0.47462542291	0.834219429676	0.55099081682	0.393910101498	0.369260512325	0.422426292895	0.494925084582	0.512324794587	0.475108748188	0.480908651522	0.509908168197	0.743837602707	0.673272112131	0.538424359594	0.578540357661	0.543740937651	0.643789270179	0.593523441276	0.67133881102	0.637989366844	0.579507008217	0.563073948768	0.53939101015	0.738037699372	0.675205413243	0.729821169647	0.710004833253	0.670372160464	0.700821652972	0.612373127115	0.593040115998	0.603673272112	0.601256645723	0.574190430159	0.701788303528	0.594006766554	0.705171580474	0.565490575157	0.669405509908
AD7	0.594006766554	0.60415659739	0.9584340261	0.660222329628	0.707588206863	0.514741420976	0.705654905752	0.515224746254	0.475108748188	0.595456742388	0.430159497342	0.632672788787	0.60415659739	0.861768970517	0.633156114065	0.590140164331	0.473175447076	0.474142097632	0.927501208313	0.751570807153	0.568873852102	0.491058482359	0.0	0.278878685355	0.887385210246	0.522957950701	0.40502658289	0.439342677622	0.490091831803	0.570807153214	0.499758337361	0.474142097632	0.477525374577	0.520541324311	0.74770420493	0.672788786854	0.484775253746	0.584823586274	0.529724504592	0.652005799903	0.59497341711	0.713388110198	0.677138714355	0.596423392943	0.547124214596	0.546157564041	0.73852102465	0.676655389077	0.728854519091	0.707588206863	0.667472208797	0.697921701305	0.617206379894	0.594006766554	0.60415659739	0.598840019333	0.581440309328	0.702754954084	0.597873368777	0.695021749638	0.569840502658	0.665055582407
AD8	0.577090381827	0.579023682939	0.956984050266	0.653939101015	0.695021749638	0.498308361527	0.695988400193	0.491058482359	0.457225712905	0.587240212663	0.42822619623	0.61333977767	0.580473658772	0.857419043016	0.618656355727	0.558724021266	0.444659255679	0.455775737071	0.920734654422	0.744804253262	0.561140647656	0.47462542291	0.278878685355	0.0	0.847752537458	0.485258579024	0.386176897052	0.415659739004	0.468825519575	0.551474142098	0.488641855969	0.44900918318	0.47462542291	0.506041565974	0.741420976317	0.666022232963	0.473658772354	0.575640405993	0.509908168197	0.626872885452	0.574673755437	0.710004833253	0.677138714355	0.582890285162	0.539874335428	0.53020782987	0.723537941034	0.661672305462	0.720637989367	0.694055099082	0.653455775737	0.683905268246	0.598356694055	0.578540357661	0.590140164331	0.583856935718	0.563557274045	0.681971967134	0.578057032383	0.682455292412	0.547607539874	0.652489125181
AE7	0.826969550507	0.880135331078	0.852102464959	0.793620106332	0.829869502175	0.893185113581	0.917834702755	0.898018366361	0.890285161914	0.913484775254	0.922184630256	0.853069115515	0.885451909135	0.820202996617	0.898018366361	0.843885935234	0.86805219913	0.869985500242	0.737071048816	0.724987916868	0.815853069116	0.834219429676	0.887385210246	0.847752537458	0.0	0.545190913485	0.876752054132	0.841469308845	0.765103914935	0.752537457709	0.838569357177	0.842919284679	0.896568390527	0.908651522475	0.930884485259	0.917351377477	0.916384726921	0.895118414693	0.906234896085	0.882068632189	0.906718221363	0.873368777187	0.87723537941	0.873368777187	0.942484291928	0.924601256646	0.892701788304	0.904784920251	0.915901401643	0.898018366361	0.902368293862	0.896568390527	0.89125181247	0.897051715805	0.901401643306	0.884968583857	0.906234896085	0.89125181247	0.898501691638	0.90043499275	0.90961817303	0.901884968584
AE8	0.577090381827	0.637989366844	0.901401643306	0.6389560174	0.688738521025	0.599323344611	0.692605123248	0.601256645723	0.59255679072	0.62735621073	0.628322861286	0.621556307395	0.641372643789	0.807153214113	0.676655389077	0.601256645723	0.605606573224	0.603189946834	0.821169647173	0.655389076849	0.58095698405	0.55099081682	0.522957950701	0.485258579024	0.545190913485	0.0	0.578540357661	0.546640889319	0.523924601257	0.528274528758	0.581440309328	0.574190430159	0.60415659739	0.61575640406	0.775737071049	0.700338327695	0.624456259062	0.614306428226	0.609473175447	0.666022232963	0.629289511841	0.690188496858	0.653455775737	0.596423392943	0.644755920735	0.631222812953	0.758337361044	0.712421459642	0.757370710488	0.719188013533	0.705171580474	0.727887868536	0.655872402127	0.643789270179	0.65732237796	0.630256162397	0.633639439343	0.729337844369	0.649105848236	0.708071532141	0.616239729338	0.693088448526
AF7	0.572740454326	0.550507491542	0.948284195263	0.65732237796	0.665538907685	0.485741904302	0.707588206863	0.471725471242	0.43064282262	0.588206863219	0.43064282262	0.590623489609	0.564523924601	0.850169163847	0.618656355727	0.560657322378	0.432576123731	0.435959400677	0.894151764137	0.722087965201	0.546157564041	0.393910101498	0.40502658289	0.386176897052	0.876752054132	0.578540357661	0.0	0.307394876752	0.472692121798	0.55099081682	0.483325277912	0.456742387627	0.424359594007	0.47462542291	0.711454809087	0.635572740454	0.454325761237	0.549057515708	0.500724987917	0.614306428226	0.554857419043	0.694055099082	0.657805703238	0.556790720155	0.531174480425	0.509424842919	0.677622039633	0.619623006283	0.690671822136	0.667472208797	0.619139681005	0.650072498792	0.563557274045	0.545190913485	0.555340744321	0.551957467376	0.543257612373	0.641372643789	0.553890768487	0.658289028516	0.518124697922	0.621072982117
AF8	0.546157564041	0.556790720155	0.927984533591	0.627839536008	0.673272112131	0.506524891252	0.699855002417	0.474142097632	0.436442725955	0.575640405993	0.475592073465	0.596906718221	0.571290478492	0.825519574674	0.615273078782	0.535041082649	0.442725954567	0.442725954567	0.862252295795	0.684388593523	0.50700821653	0.369260512325	0.439342677622	0.415659739004	0.841469308845	0.546640889319	0.307394876752	0.0	0.433542774287	0.512324794587	0.484775253746	0.439342677622	0.435476075399	0.493958434026	0.733204446593	0.659255679072	0.477525374577	0.555824069599	0.508458192363	0.607056549058	0.562107298212	0.670372160464	0.635572740454	0.554857419043	0.549540840986	0.533107781537	0.691638472692	0.628806186564	0.700821652972	0.674238762687	0.635089415176	0.659255679072	0.57177380377	0.551474142098	0.567423876269	0.559207346544	0.533591106815	0.656839052682	0.551474142098	0.670372160464	0.521991300145	0.625422909618
AG7	0.56259062349	0.61575640406	0.849685838569	0.557274045433	0.683905268246	0.529724504592	0.699855002417	0.502174963751	0.471725471242	0.581923634606	0.525857902368	0.619623006283	0.615273078782	0.751087481875	0.658289028516	0.574190430159	0.521991300145	0.513291445143	0.748670855486	0.556790720155	0.454809086515	0.422426292895	0.490091831803	0.468825519575	0.765103914935	0.523924601257	0.472692121798	0.433542774287	0.0	0.329144514258	0.528274528758	0.487675205413	0.497825036249	0.537941034316	0.760270662156	0.681488641856	0.52779120348	0.573707104882	0.536007733204	0.654422426293	0.592073465442	0.660222329628	0.621556307395	0.578057032383	0.575157080715	0.573707104882	0.746254229096	0.684388593523	0.739004349928	0.710488158531	0.678105364911	0.71290478492	0.622522957951	0.607539874335	0.624456259062	0.603673272112	0.602706621556	0.708071532141	0.622522957951	0.703238279362	0.58337361044	0.673755437409
AG8	0.580473658772	0.637022716288	0.823586273562	0.577090381827	0.692605123248	0.585306911551	0.695505074915	0.570807153214	0.561623972934	0.602706621556	0.608023199613	0.637506041566	0.640405993233	0.723054615756	0.677138714355	0.59497341711	0.603673272112	0.601256645723	0.690188496858	0.524891251812	0.504108264862	0.494925084582	0.570807153214	0.551474142098	0.752537457709	0.528274528758	0.55099081682	0.512324794587	0.329144514258	0.0	0.58337361044	0.569840502658	0.587723537941	0.593523441276	0.770420492992	0.690671822136	0.605606573224	0.584823586274	0.594006766554	0.673272112131	0.613823102948	0.669888835186	0.634122764621	0.597390043499	0.618656355727	0.614789753504	0.761237312711	0.695505074915	0.752054132431	0.724987916868	0.691155147414	0.725471242146	0.649105848236	0.640889318511	0.649105848236	0.633639439343	0.637989366844	0.72450459159	0.657805703238	0.714354760754	0.619139681005	0.685838569357
AH7	0.591106814886	0.6389560174	0.956984050266	0.703238279362	0.703238279362	0.573707104882	0.729821169647	0.566457225713	0.532141130981	0.634122764621	0.524407926535	0.646689221846	0.641372643789	0.866602223296	0.68293861769	0.587723537941	0.503624939584	0.492025132914	0.886418559691	0.735137747704	0.567423876269	0.512324794587	0.499758337361	0.488641855969	0.838569357177	0.581440309328	0.483325277912	0.484775253746	0.528274528758	0.58337361044	0.0	0.324311261479	0.563073948768	0.597390043499	0.790720154664	0.729821169647	0.546157564041	0.652005799903	0.596423392943	0.663122281295	0.647172547124	0.75688738521	0.727404543258	0.651039149348	0.629289511841	0.619139681005	0.760753987434	0.713871435476	0.771870468826	0.727404543258	0.703238279362	0.731754470759	0.639439342678	0.626389560174	0.628806186564	0.62493958434	0.617206379894	0.725954567424	0.628322861286	0.723054615756	0.616723054616	0.700821652972
AH8	0.560657322378	0.579990333494	0.954567423876	0.654905751571	0.652005799903	0.50459159014	0.695988400193	0.496858385694	0.466892218463	0.581923634606	0.488158530691	0.593040115998	0.572740454326	0.854519091348	0.622039632673	0.546157564041	0.408409859836	0.371193813436	0.897051715805	0.735137747704	0.555340744321	0.475108748188	0.474142097632	0.44900918318	0.842919284679	0.574190430159	0.456742387627	0.439342677622	0.487675205413	0.569840502658	0.324311261479	0.0	0.48622522958	0.521507974867	0.749637506042	0.681005316578	0.511841469309	0.59255679072	0.52537457709	0.607056549058	0.58337361044	0.713871435476	0.677622039633	0.596423392943	0.561623972934	0.549057515708	0.698405026583	0.651039149348	0.713388110198	0.670855485742	0.639922667956	0.665055582407	0.578057032383	0.561623972934	0.571290478492	0.5601739971	0.551474142098	0.661188980184	0.561623972934	0.666022232963	0.554374093765	0.635572740454
AA5	0.585790236829	0.511841469309	0.959884001933	0.653939101015	0.606089898502	0.445142580957	0.640405993233	0.405509908168	0.397776703722	0.531657805703	0.425809569841	0.531657805703	0.524891251812	0.856935717738	0.54857419043	0.546640889319	0.434509424843	0.406476558724	0.928467858869	0.759787336878	0.559207346544	0.480908651522	0.477525374577	0.47462542291	0.896568390527	0.60415659739	0.424359594007	0.435476075399	0.497825036249	0.587723537941	0.563073948768	0.48622522958	0.0	0.336394393427	0.681005316578	0.588690188497	0.461575640406	0.457225712905	0.456259062349	0.560657322378	0.478975350411	0.634606089899	0.590140164331	0.477042049299	0.511358144031	0.471725471242	0.687771870469	0.634606089899	0.667472208797	0.652489125181	0.63653939101	0.666505558241	0.538424359594	0.553407443209	0.558240695988	0.549057515708	0.52779120348	0.658289028516	0.549057515708	0.642339294345	0.520541324311	0.622039632673
AA6	0.600289995167	0.523924601257	0.966650555824	0.667955534074	0.624456259062	0.44900918318	0.653939101015	0.426292895118	0.434992750121	0.550507491542	0.478975350411	0.552924117931	0.533107781537	0.861768970517	0.567907201547	0.552924117931	0.468342194297	0.453842435959	0.941517641373	0.771870468826	0.588206863219	0.509908168197	0.520541324311	0.506041565974	0.908651522475	0.61575640406	0.47462542291	0.493958434026	0.537941034316	0.593523441276	0.597390043499	0.521507974867	0.336394393427	0.0	0.677138714355	0.579507008217	0.49540840986	0.488641855969	0.468342194297	0.585306911551	0.502174963751	0.660705654906	0.615273078782	0.512324794587	0.439342677622	0.408893185114	0.678588690188	0.626872885452	0.659255679072	0.646205896568	0.628806186564	0.654905751571	0.544224262929	0.549540840986	0.551957467376	0.541807636539	0.535041082649	0.650072498792	0.545674238763	0.6389560174	0.527307878202	0.617206379894
AB5	0.761237312711	0.670855485742	0.97680038666	0.73610439826	0.633156114065	0.649105848236	0.741904301595	0.668438859352	0.679072015466	0.70130497825	0.683421942968	0.621556307395	0.675205413243	0.885451909135	0.714354760754	0.71290478492	0.713871435476	0.695505074915	0.944900918318	0.811503141614	0.817303044949	0.743837602707	0.74770420493	0.741420976317	0.930884485259	0.775737071049	0.711454809087	0.733204446593	0.760270662156	0.770420492992	0.790720154664	0.749637506042	0.681005316578	0.677138714355	0.0	0.3194780087	0.640889318511	0.666022232963	0.642822619623	0.631706138231	0.633156114065	0.737071048816	0.739004349928	0.651522474625	0.641855969067	0.623006283229	0.624456259062	0.634606089899	0.637989366844	0.62493958434	0.637989366844	0.631222812953	0.608023199613	0.625906234896	0.632672788787	0.629772837119	0.680038666022	0.618656355727	0.67133881102	0.621556307395	0.688738521025	0.637022716288
AB6	0.683905268246	0.593040115998	0.971483808603	0.681971967134	0.593523441276	0.565490575157	0.669405509908	0.586273562107	0.59497341711	0.626389560174	0.614789753504	0.534074432093	0.616239729338	0.876268728855	0.635572740454	0.631706138231	0.646205896568	0.62493958434	0.934267762204	0.767520541324	0.752054132431	0.673272112131	0.672788786854	0.666022232963	0.917351377477	0.700338327695	0.635572740454	0.659255679072	0.681488641856	0.690671822136	0.729821169647	0.681005316578	0.588690188497	0.579507008217	0.3194780087	0.0	0.576123731271	0.585790236829	0.568873852102	0.564523924601	0.551474142098	0.673755437409	0.655872402127	0.547124214596	0.549540840986	0.531174480425	0.584340260996	0.537941034316	0.58337361044	0.551957467376	0.545674238763	0.566940550991	0.515224746254	0.555824069599	0.564040599323	0.555824069599	0.594006766554	0.554857419043	0.583856935718	0.548090865152	0.621556307395	0.534557757371
AC5	0.597873368777	0.572740454326	0.977283711938	0.664572257129	0.62493958434	0.452875785404	0.685355244079	0.464958917351	0.435959400677	0.576607056549	0.408893185114	0.553407443209	0.556790720155	0.873368777187	0.623489608507	0.583856935718	0.454809086515	0.444175930401	0.94683421943	0.771870468826	0.624456259062	0.538424359594	0.484775253746	0.473658772354	0.916384726921	0.624456259062	0.454325761237	0.477525374577	0.52779120348	0.605606573224	0.546157564041	0.511841469309	0.461575640406	0.49540840986	0.640889318511	0.576123731271	0.0	0.446592556791	0.441759304012	0.589173513775	0.521507974867	0.710004833253	0.658289028516	0.53939101015	0.482841952634	0.468825519575	0.614306428226	0.566940550991	0.624456259062	0.589173513775	0.575157080715	0.601739971	0.5186080232	0.494441759304	0.514741420976	0.49540840986	0.559690671822	0.59255679072	0.568873852102	0.586273562107	0.536007733204	0.561623972934
AC6	0.623006283229	0.519091348478	0.955050749154	0.643305944901	0.573707104882	0.50459159014	0.542774287095	0.482841952634	0.51377477042	0.466892218463	0.54857419043	0.525857902368	0.545190913485	0.844369260512	0.537941034316	0.574673755437	0.566457225713	0.550507491542	0.9212179797	0.744320927985	0.643789270179	0.578540357661	0.584823586274	0.575640405993	0.895118414693	0.614306428226	0.549057515708	0.555824069599	0.573707104882	0.584823586274	0.652005799903	0.59255679072	0.457225712905	0.488641855969	0.666022232963	0.585790236829	0.446592556791	0.0	0.508941517641	0.528757854036	0.490091831803	0.489125181247	0.438376027066	0.409859835669	0.551474142098	0.548090865152	0.669405509908	0.626389560174	0.656839052682	0.631222812953	0.635089415176	0.661672305462	0.581923634606	0.56935717738	0.586273562107	0.565490575157	0.56259062349	0.655389076849	0.570807153214	0.618173030449	0.564523924601	0.616723054616
AD6	0.590623489609	0.531657805703	0.977767037216	0.643305944901	0.570807153214	0.40502658289	0.633156114065	0.436926051232	0.435476075399	0.529724504592	0.447075882069	0.503141614306	0.533107781537	0.868535524408	0.595456742388	0.552924117931	0.469308844853	0.449975833736	0.940550990817	0.765587240213	0.611889801837	0.543740937651	0.529724504592	0.509908168197	0.906234896085	0.609473175447	0.500724987917	0.508458192363	0.536007733204	0.594006766554	0.596423392943	0.52537457709	0.456259062349	0.468342194297	0.642822619623	0.568873852102	0.441759304012	0.508941517641	0.0	0.540357660706	0.416143064282	0.685838569357	0.655389076849	0.527307878202	0.477525374577	0.463992266796	0.606089898502	0.561140647656	0.59497341711	0.56259062349	0.561140647656	0.585306911551	0.477042049299	0.46979217013	0.497825036249	0.464475592073	0.536491058482	0.582406959884	0.547124214596	0.571290478492	0.49299178347	0.545674238763
AE5	0.634122764621	0.519091348478	0.977767037216	0.639922667956	0.545190913485	0.545190913485	0.596423392943	0.552924117931	0.596906718221	0.534074432093	0.612373127115	0.499758337361	0.561623972934	0.865152247463	0.552440792653	0.567907201547	0.601256645723	0.600289995167	0.920251329145	0.754470758821	0.723537941034	0.643789270179	0.652005799903	0.626872885452	0.882068632189	0.666022232963	0.614306428226	0.607056549058	0.654422426293	0.673272112131	0.663122281295	0.607056549058	0.560657322378	0.585306911551	0.631706138231	0.564523924601	0.589173513775	0.528757854036	0.540357660706	0.0	0.367810536491	0.605123247946	0.594490091832	0.51377477042	0.629289511841	0.615273078782	0.63653939101	0.600289995167	0.632189463509	0.597390043499	0.618173030449	0.625906234896	0.526824552924	0.563557274045	0.592073465442	0.55099081682	0.549057515708	0.616723054616	0.544707588207	0.598840019333	0.572257129048	0.608506524891
AE6	0.610439826003	0.487675205413	0.976317061382	0.632189463509	0.565490575157	0.476558724021	0.588206863219	0.473658772354	0.515224746254	0.506041565974	0.533107781537	0.505074915418	0.517158047366	0.863702271629	0.545190913485	0.540357660706	0.545190913485	0.529724504592	0.941517641373	0.764620589657	0.67133881102	0.593523441276	0.59497341711	0.574673755437	0.906718221363	0.629289511841	0.554857419043	0.562107298212	0.592073465442	0.613823102948	0.647172547124	0.58337361044	0.478975350411	0.502174963751	0.633156114065	0.551474142098	0.521507974867	0.490091831803	0.416143064282	0.367810536491	0.0	0.639439342678	0.600773320445	0.476558724021	0.552440792653	0.535524407927	0.632189463509	0.58337361044	0.611406476559	0.588206863219	0.588206863219	0.615273078782	0.494441759304	0.499758337361	0.525857902368	0.503141614306	0.508458192363	0.608989850169	0.518124697922	0.588206863219	0.503624939584	0.579023682939
AF5	0.702754954084	0.618173030449	0.939584340261	0.656355727405	0.652005799903	0.673272112131	0.566940550991	0.646689221846	0.687771870469	0.577090381827	0.714838086032	0.62735621073	0.659255679072	0.83325277912	0.584340260996	0.658772353794	0.712421459642	0.714838086032	0.869985500242	0.713388110198	0.711454809087	0.67133881102	0.713388110198	0.710004833253	0.873368777187	0.690188496858	0.694055099082	0.670372160464	0.660222329628	0.669888835186	0.75688738521	0.713871435476	0.634606089899	0.660705654906	0.737071048816	0.673755437409	0.710004833253	0.489125181247	0.685838569357	0.605123247946	0.639439342678	0.0	0.301594973417	0.537457709038	0.729337844369	0.714838086032	0.746737554374	0.717254712421	0.737071048816	0.705171580474	0.729337844369	0.738037699372	0.694055099082	0.710004833253	0.721121314645	0.706138231029	0.673272112131	0.728371193813	0.67133881102	0.693088448526	0.710971483809	0.714354760754
AF6	0.679072015466	0.598840019333	0.936684388594	0.656355727405	0.649589173514	0.639439342678	0.524891251812	0.612856452392	0.64813919768	0.541324311261	0.685355244079	0.605606573224	0.628322861286	0.830352827453	0.55775737071	0.634122764621	0.680038666022	0.678588690188	0.878202029966	0.709521507975	0.681488641856	0.637989366844	0.677138714355	0.677138714355	0.87723537941	0.653455775737	0.657805703238	0.635572740454	0.621556307395	0.634122764621	0.727404543258	0.677622039633	0.590140164331	0.615273078782	0.739004349928	0.655872402127	0.658289028516	0.438376027066	0.655389076849	0.594490091832	0.600773320445	0.301594973417	0.0	0.500724987917	0.683421942968	0.668438859352	0.743837602707	0.699855002417	0.72692121798	0.704204929918	0.696955050749	0.730304494925	0.656839052682	0.674722087965	0.685838569357	0.67133881102	0.63653939101	0.721121314645	0.635089415176	0.692605123248	0.672788786854	0.691155147414
