	AA3	AA4	AB3	AB4	AC3	AC4	AD3	AD4	AE3	AE4	AF3	AF4	AG3	AG4	AH3	AH4	AA7	AA8	AB7	AB8	AC7	AC8	AD7	AD8	AE7	AE8	AF7	AF8	AG7	AG8	AH7	AH8	AA5	AA6	AB5	AB6	AC5	AC6	AD6	AE5	AE6	AF5	AF6	AG5	AH5	AH6	AA1	AA2	AB1	AB2	AC1	AC2	AD1	AD2	AE1	AE2	AF1	AF2	AG1	AG2	AH1	AH2
AA3	0.0	0.47220879652	0.925084581924	0.616239729338	0.646205896568	0.584340260996	0.673755437409	0.568873852102	0.554374093765	0.624456259062	0.608506524891	0.603673272112	0.573707104882	0.845335911068	0.637022716288	0.337361043983	0.574673755437	0.564040599323	0.861768970517	0.724987916868	0.609473175447	0.555340744321	0.579990333494	0.589173513775	0.829386176897	0.58095698405	0.573707104882	0.540840985984	0.579023682939	0.589656839053	0.590140164331	0.556790720155	0.584340260996	0.590623489609	0.743837602707	0.689221846303	0.607539874335	0.625422909618	0.599806669889	0.636056065732	0.602706621556	0.700821652972	0.691155147414	0.618173030449	0.623006283229	0.609473175447	0.686321894635	0.651522474625	0.720154664089	0.666022232963	0.652005799903	0.673755437409	0.582890285162	0.567423876269	0.58337361044	0.582890285162	0.576607056549	0.665055582407	0.578540357661	0.656355727405	0.56935717738	0.644272595457
AA4	0.47220879652	0.0	0.945384243596	0.57177380377	0.578540357661	0.514258095698	0.593523441276	0.498308361527	0.511841469309	0.52537457709	0.572257129048	0.521991300145	0.493958434026	0.859352344128	0.376993716771	0.366360560657	0.549057515708	0.555824069599	0.889318511358	0.739487675205	0.658772353794	0.58095698405	0.590140164331	0.589656839053	0.873368777187	0.619139681005	0.565973900435	0.550024166264	0.607539874335	0.608023199613	0.632189463509	0.587240212663	0.531657805703	0.538907684872	0.68293861769	0.606089898502	0.590623489609	0.554374093765	0.550507491542	0.543257612373	0.51377477042	0.634122764621	0.612856452392	0.538424359594	0.599323344611	0.583856935718	0.656355727405	0.588690188497	0.643789270179	0.607056549058	0.608989850169	0.642822619623	0.542290961817	0.534557757371	0.544707588207	0.531657805703	0.498308361527	0.621072982117	0.510874818753	0.592073465442	0.537941034316	0.585306911551
AB3	0.925084581924	0.945384243596	0.0	0.683421942968	0.917834702755	0.953117448043	0.960367327211	0.941517641373	0.934267762204	0.946350894152	0.973417109715	0.940067665539	0.96520057999	0.330594490092	0.959884001933	0.948284195263	0.969067182214	0.969550507492	0.7593040116	0.754954084099	0.888351860802	0.910584823586	0.951667472209	0.950700821653	0.851619139681	0.90285161914	0.945867568874	0.931851135814	0.845819236346	0.839052682455	0.950700821653	0.959400676655	0.954567423876	0.96520057999	0.972933784437	0.964717254712	0.975833736104	0.954084098598	0.974383760271	0.973900434993	0.972450459159	0.928467858869	0.93281778637	0.952150797487	0.975350410826	0.971000483325	0.973900434993	0.971483808603	0.970517158047	0.972933784437	0.969550507492	0.971483808603	0.973900434993	0.973900434993	0.974867085549	0.974383760271	0.973900434993	0.971967133881	0.973417109715	0.972933784437	0.971967133881	0.970033832769
AB4	0.616239729338	0.57177380377	0.683421942968	0.0	0.634606089899	0.598840019333	0.687288545191	0.609473175447	0.609473175447	0.624456259062	0.639922667956	0.598840019333	0.48380860319	0.575157080715	0.617689705172	0.584823586274	0.628806186564	0.634122764621	0.74528757854	0.58095698405	0.643789270179	0.619139681005	0.639439342678	0.635572740454	0.790236829386	0.628322861286	0.646689221846	0.623489608507	0.545674238763	0.573707104882	0.675688738521	0.640889318511	0.639439342678	0.651522474625	0.721604639923	0.669405509908	0.652489125181	0.651522474625	0.629289511841	0.621556307395	0.61575640406	0.658289028516	0.662638956017	0.632672788787	0.674238762687	0.656839052682	0.708071532141	0.667955534074	0.708554857419	0.676655389077	0.66892218463	0.688255195747	0.625906234896	0.629289511841	0.65055582407	0.630256162397	0.637989366844	0.677622039633	0.624456259062	0.660705654906	0.643305944901	0.654905751571
AC3	0.646205896568	0.578540357661	0.917834702755	0.634606089899	0.0	0.487675205413	0.65055582407	0.526824552924	0.566940550991	0.584340260996	0.612856452392	0.31706138231	0.602223296278	0.834219429676	0.608023199613	0.598356694055	0.618656355727	0.616239729338	0.875302078299	0.75688738521	0.730787820203	0.681971967134	0.71532141131	0.698405026583	0.834702754954	0.676172063799	0.655872402127	0.66892218463	0.680038666022	0.681971967134	0.708071532141	0.662638956017	0.616723054616	0.639439342678	0.61333977767	0.578540357661	0.619623006283	0.59497341711	0.588690188497	0.552924117931	0.553890768487	0.655872402127	0.668438859352	0.582890285162	0.642339294345	0.622522957951	0.588206863219	0.579023682939	0.578540357661	0.570807153214	0.592073465442	0.580473658772	0.526824552924	0.565490575157	0.576607056549	0.564040599323	0.612373127115	0.567907201547	0.600289995167	0.586273562107	0.619623006283	0.578057032383
AC4	0.584340260996	0.514258095698	0.953117448043	0.598840019333	0.487675205413	0.0	0.620589656839	0.412276462059	0.423876268729	0.503141614306	0.357177380377	0.39342677622	0.493958434026	0.865152247463	0.562107298212	0.523441275979	0.502174963751	0.473658772354	0.919768003867	0.767037216046	0.608506524891	0.554374093765	0.533107781537	0.514258095698	0.888351860802	0.569840502658	0.51377477042	0.52537457709	0.542290961817	0.577573707105	0.588206863219	0.53697438376	0.472692121798	0.475592073465	0.640405993233	0.564040599323	0.478975350411	0.510874818753	0.427259545674	0.554374093765	0.46060898985	0.670855485742	0.657805703238	0.524407926535	0.514258095698	0.478008699855	0.633639439343	0.578057032383	0.604639922668	0.588206863219	0.580473658772	0.608506524891	0.494925084582	0.51377477042	0.507491541808	0.514258095698	0.537457709038	0.596906718221	0.540840985984	0.570807153214	0.491541807637	0.563557274045
AD3	0.673755437409	0.593523441276	0.960367327211	0.687288545191	0.65055582407	0.620589656839	0.0	0.536007733204	0.644272595457	0.366843885935	0.677622039633	0.612373127115	0.647655872402	0.874335427743	0.579023682939	0.636056065732	0.68970517158	0.687771870469	0.936201063316	0.783470275495	0.719188013533	0.697921701305	0.693571773804	0.687771870469	0.911068148864	0.690671822136	0.700821652972	0.688255195747	0.693088448526	0.687288545191	0.722087965201	0.69212179797	0.631222812953	0.655389076849	0.74770420493	0.665055582407	0.681005316578	0.555824069599	0.630256162397	0.589173513775	0.586273562107	0.548090865152	0.529241179314	0.542774287095	0.69453842436	0.681488641856	0.763170613823	0.705171580474	0.73368777187	0.723054615756	0.710971483809	0.729821169647	0.653939101015	0.655872402127	0.672788786854	0.652005799903	0.631222812953	0.719671338811	0.64572257129	0.70130497825	0.690188496858	0.708071532141
AD4	0.568873852102	0.498308361527	0.941517641373	0.609473175447	0.526824552924	0.412276462059	0.536007733204	0.0	0.322377960367	0.405993233446	0.434026099565	0.465925567907	0.505074915418	0.85886901885	0.536491058482	0.521507974867	0.496375060416	0.472692121798	0.930401159981	0.778637022716	0.565007249879	0.513291445143	0.507974867086	0.505558240696	0.899951667472	0.587240212663	0.482358627356	0.4813919768	0.519091348478	0.573223779604	0.567907201547	0.515224746254	0.423392943451	0.452392460126	0.637506041566	0.556790720155	0.45142580957	0.4813919768	0.417593040116	0.554374093765	0.46060898985	0.640889318511	0.617206379894	0.495891735138	0.500241662639	0.46302561624	0.647655872402	0.589656839053	0.620106331561	0.607056549058	0.591590140164	0.624456259062	0.498791686805	0.506524891252	0.515224746254	0.509424842919	0.523441275979	0.610439826003	0.543740937651	0.591106814886	0.511358144031	0.580473658772
AE3	0.554374093765	0.511841469309	0.934267762204	0.609473175447	0.566940550991	0.423876268729	0.644272595457	0.322377960367	0.0	0.505558240696	0.392460125665	0.503141614306	0.496858385694	0.854519091348	0.551957467376	0.522474625423	0.446592556791	0.422909618173	0.920734654422	0.766070565491	0.542290961817	0.470275495408	0.465925567907	0.464958917351	0.887385210246	0.575640405993	0.434992750121	0.424842919285	0.478492025133	0.55775737071	0.526341227646	0.487191880135	0.403576607057	0.452875785404	0.661672305462	0.594490091832	0.437892701788	0.522957950701	0.443209279845	0.597873368777	0.497341710971	0.682455292412	0.667472208797	0.524407926535	0.506524891252	0.467375543741	0.661672305462	0.603673272112	0.641855969067	0.625906234896	0.603189946834	0.642339294345	0.522957950701	0.529724504592	0.532141130981	0.532141130981	0.541324311261	0.627839536008	0.550024166264	0.604639922668	0.500241662639	0.591590140164
AE4	0.624456259062	0.52537457709	0.946350894152	0.624456259062	0.584340260996	0.503141614306	0.366843885935	0.405993233446	0.505558240696	0.0	0.565490575157	0.528757854036	0.565007249879	0.857419043016	0.529241179314	0.567423876269	0.584340260996	0.58095698405	0.930884485259	0.773803769937	0.658772353794	0.604639922668	0.608506524891	0.584823586274	0.902368293862	0.619623006283	0.590623489609	0.585306911551	0.593523441276	0.607056549058	0.643789270179	0.603673272112	0.527307878202	0.55099081682	0.690188496858	0.610923151281	0.575640405993	0.478975350411	0.534557757371	0.525857902368	0.493958434026	0.580473658772	0.557274045433	0.500724987917	0.598356694055	0.58095698405	0.705654905752	0.642822619623	0.682455292412	0.670372160464	0.655872402127	0.681005316578	0.59497341711	0.585306911551	0.586756887385	0.591106814886	0.566940550991	0.664572257129	0.592073465442	0.655872402127	0.587723537941	0.644272595457
AF3	0.608506524891	0.572257129048	0.973417109715	0.639922667956	0.612856452392	0.357177380377	0.677622039633	0.434026099565	0.392460125665	0.565490575157	0.0	0.517641372644	0.521507974867	0.887868535524	0.607056549058	0.564523924601	0.462542290962	0.423876268729	0.955050749154	0.8008699855	0.578540357661	0.53697438376	0.44224262929	0.437892701788	0.923151280812	0.607539874335	0.443209279845	0.492025132914	0.526824552924	0.61333977767	0.528274528758	0.508941517641	0.442725954567	0.500241662639	0.664088931851	0.610439826003	0.41904301595	0.554374093765	0.440309328178	0.619139681005	0.513291445143	0.71290478492	0.698405026583	0.563073948768	0.508941517641	0.470758820686	0.667472208797	0.608989850169	0.65732237796	0.623972933784	0.608506524891	0.64572257129	0.538424359594	0.526341227646	0.53020782987	0.535524407927	0.570807153214	0.629772837119	0.580473658772	0.609956500725	0.506524891252	0.594006766554
AF4	0.603673272112	0.521991300145	0.940067665539	0.598840019333	0.31706138231	0.39342677622	0.612373127115	0.465925567907	0.503141614306	0.528757854036	0.517641372644	0.0	0.535041082649	0.855002416626	0.546640889319	0.540840985984	0.564040599323	0.553890768487	0.88883518608	0.744320927985	0.693088448526	0.630739487675	0.652005799903	0.632189463509	0.853552440793	0.62493958434	0.598840019333	0.614789753504	0.632672788787	0.647655872402	0.651522474625	0.605123247946	0.554857419043	0.578540357661	0.602223296278	0.529241179314	0.557274045433	0.552440792653	0.515224746254	0.501691638473	0.493958434026	0.628322861286	0.632672788787	0.535041082649	0.563557274045	0.548090865152	0.575157080715	0.521024649589	0.559207346544	0.53020782987	0.535524407927	0.554374093765	0.469308844853	0.505074915418	0.510874818753	0.515708071532	0.557274045433	0.537457709038	0.547124214596	0.536007733204	0.555824069599	0.513291445143
AG3	0.573707104882	0.493958434026	0.96520057999	0.48380860319	0.602223296278	0.493958434026	0.647655872402	0.505074915418	0.496858385694	0.565007249879	0.521507974867	0.535041082649	0.0	0.855969067182	0.533591106815	0.510874818753	0.502658289029	0.493475108748	0.924117931368	0.76848719188	0.659255679072	0.584340260996	0.582890285162	0.582890285162	0.884485258579	0.618173030449	0.521991300145	0.551957467376	0.603673272112	0.612373127115	0.626872885452	0.563557274045	0.522957950701	0.515708071532	0.663122281295	0.611889801837	0.538907684872	0.561140647656	0.511841469309	0.57177380377	0.504108264862	0.676172063799	0.660705654906	0.551474142098	0.558724021266	0.548090865152	0.632189463509	0.579023682939	0.629772837119	0.601739971	0.574673755437	0.608023199613	0.51377477042	0.512808119865	0.531174480425	0.514258095698	0.533591106815	0.599806669889	0.523441275979	0.589173513775	0.505074915418	0.563073948768
AG4	0.845335911068	0.859352344128	0.330594490092	0.575157080715	0.834219429676	0.865152247463	0.874335427743	0.85886901885	0.854519091348	0.857419043016	0.887868535524	0.855002416626	0.855969067182	0.0	0.872885451909	0.865152247463	0.891735137748	0.891735137748	0.734171097148	0.691155147414	0.814403093282	0.83325277912	0.875785403577	0.872885451909	0.826969550507	0.830352827453	0.871435476075	0.854035766071	0.772837119381	0.753020782987	0.882068632189	0.876752054132	0.873368777187	0.880618656356	0.902368293862	0.894151764137	0.894151764137	0.86563557274	0.892701788304	0.886901884969	0.888351860802	0.846785886902	0.854035766071	0.86805219913	0.896568390527	0.889801836636	0.886901884969	0.889801836636	0.889318511358	0.889318511358	0.894635089415	0.889318511358	0.895601739971	0.89125181247	0.897535041083	0.893668438859	0.892218463026	0.889318511358	0.889801836636	0.890768487192	0.890768487192	0.889318511358
AH3	0.637022716288	0.376993716771	0.959884001933	0.617689705172	0.608023199613	0.562107298212	0.579023682939	0.536491058482	0.551957467376	0.529241179314	0.607056549058	0.546640889319	0.533591106815	0.872885451909	0.0	0.52779120348	0.591590140164	0.608989850169	0.921701304978	0.776703721605	0.705654905752	0.634606089899	0.632189463509	0.639922667956	0.904301594973	0.682455292412	0.623006283229	0.616723054616	0.662638956017	0.671822136298	0.690188496858	0.643305944901	0.552440792653	0.58337361044	0.710488158531	0.6389560174	0.633156114065	0.557274045433	0.593523441276	0.566457225713	0.558724021266	0.605123247946	0.58095698405	0.555824069599	0.63653939101	0.62493958434	0.70372160464	0.631706138231	0.664572257129	0.655872402127	0.647172547124	0.676655389077	0.597390043499	0.59497341711	0.596906718221	0.59255679072	0.565973900435	0.660222329628	0.556307394877	0.635089415176	0.598356694055	0.629772837119
AH4	0.337361043983	0.366360560657	0.948284195263	0.584823586274	0.598356694055	0.523441275979	0.636056065732	0.521507974867	0.522474625423	0.567423876269	0.564523924601	0.540840985984	0.510874818753	0.865152247463	0.52779120348	0.0	0.535524407927	0.53939101015	0.879168680522	0.73610439826	0.634606089899	0.572740454326	0.572740454326	0.573223779604	0.858385693572	0.596906718221	0.555340744321	0.536491058482	0.584340260996	0.59255679072	0.599323344611	0.555824069599	0.546640889319	0.551957467376	0.695988400193	0.62735621073	0.574190430159	0.573223779604	0.541807636539	0.568873852102	0.528274528758	0.672788786854	0.651522474625	0.558724021266	0.591106814886	0.579507008217	0.65055582407	0.590623489609	0.656839052682	0.607056549058	0.604639922668	0.629289511841	0.529724504592	0.511841469309	0.532141130981	0.520057999033	0.505558240696	0.612856452392	0.515224746254	0.602223296278	0.532141130981	0.588690188497
AA7	0.574673755437	0.549057515708	0.969067182214	0.628806186564	0.618656355727	0.502174963751	0.68970517158	0.496375060416	0.446592556791	0.584340260996	0.462542290962	0.564040599323	0.502658289029	0.891735137748	0.591590140164	0.535524407927	0.0	0.290961817303	0.9212179797	0.779120347994	0.589173513775	0.51619139681	0.48380860319	0.4813919768	0.864185596907	0.575640405993	0.440792653456	0.46302561624	0.529241179314	0.584823586274	0.519574673755	0.436926051232	0.452875785404	0.500241662639	0.708554857419	0.658289028516	0.48622522958	0.58337361044	0.502658289029	0.609473175447	0.537941034316	0.721121314645	0.704204929918	0.594006766554	0.566457225713	0.520541324311	0.666022232963	0.61333977767	0.678105364911	0.6389560174	0.601256645723	0.637506041566	0.537457709038	0.531657805703	0.540357660706	0.542774287095	0.541807636539	0.624456259062	0.529724504592	0.631706138231	0.501691638473	0.604639922668
AA8	0.564040599323	0.555824069599	0.969550507492	0.634122764621	0.616239729338	0.473658772354	0.687771870469	0.472692121798	0.422909618173	0.58095698405	0.423876268729	0.553890768487	0.493475108748	0.891735137748	0.608989850169	0.53939101015	0.290961817303	0.0	0.919284678589	0.76848719188	0.568390526825	0.492025132914	0.466408893185	0.46302561624	0.869018849686	0.571290478492	0.415659739004	0.448042532624	0.508941517641	0.58095698405	0.478492025133	0.396810053166	0.426292895118	0.482841952634	0.696471725471	0.649589173514	0.460125664572	0.575157080715	0.478492025133	0.601256645723	0.517641372644	0.72450459159	0.704688255196	0.581923634606	0.539874335428	0.493958434026	0.655389076849	0.608023199613	0.675205413243	0.635572740454	0.601256645723	0.634606089899	0.522474625423	0.519574673755	0.534074432093	0.529724504592	0.538907684872	0.618656355727	0.529724504592	0.625422909618	0.486708554857	0.597873368777
AB7	0.861768970517	0.889318511358	0.7593040116	0.74528757854	0.875302078299	0.919768003867	0.936201063316	0.930401159981	0.920734654422	0.930884485259	0.955050749154	0.88883518608	0.924117931368	0.734171097148	0.921701304978	0.879168680522	0.9212179797	0.919284678589	0.0	0.419526341228	0.820686321895	0.838086031899	0.929434509425	0.924601256646	0.733204446593	0.819236346061	0.896085065249	0.869018849686	0.751570807153	0.683905268246	0.882068632189	0.904301594973	0.924117931368	0.941517641373	0.945867568874	0.935717738038	0.947317544708	0.910584823586	0.951184146931	0.92363460609	0.941034316095	0.871918801353	0.878685355244	0.903818269696	0.961817303045	0.949734171097	0.925084581924	0.925567907202	0.93523441276	0.928951184147	0.928951184147	0.920251329145	0.911551474142	0.910101498308	0.920734654422	0.918801353311	0.924117931368	0.919284678589	0.915418076365	0.928467858869	0.951667472209	0.929917834703
AB8	0.724987916868	0.739487675205	0.754954084099	0.58095698405	0.75688738521	0.767037216046	0.783470275495	0.778637022716	0.766070565491	0.773803769937	0.8008699855	0.744320927985	0.76848719188	0.691155147414	0.776703721605	0.73610439826	0.779120347994	0.76848719188	0.419526341228	0.0	0.661672305462	0.676172063799	0.767520541324	0.764620589657	0.729337844369	0.677138714355	0.736587723538	0.705654905752	0.55099081682	0.527307878202	0.738037699372	0.74770420493	0.774287095215	0.78927017883	0.817303044949	0.786370227163	0.79168680522	0.757854035766	0.79168680522	0.767037216046	0.77767037216	0.737554374094	0.737554374094	0.749154180764	0.810536491058	0.796520057999	0.81488641856	0.781053649106	0.801836636056	0.775253745771	0.783470275495	0.788303528275	0.779120347994	0.770420492992	0.77767037216	0.775253745771	0.773803769937	0.785886901885	0.772353794103	0.776220396327	0.790236829386	0.778637022716
AC7	0.609473175447	0.658772353794	0.888351860802	0.643789270179	0.730787820203	0.608506524891	0.719188013533	0.565007249879	0.542290961817	0.658772353794	0.578540357661	0.693088448526	0.659255679072	0.814403093282	0.705654905752	0.634606089899	0.589173513775	0.568390526825	0.820686321895	0.661672305462	0.0	0.350410826486	0.554857419043	0.558724021266	0.820686321895	0.588206863219	0.552924117931	0.49299178347	0.466408893185	0.501208313195	0.564523924601	0.545674238763	0.54857419043	0.602223296278	0.802803286612	0.753020782987	0.622522957951	0.655872402127	0.609956500725	0.735137747704	0.65973900435	0.714838086032	0.705171580474	0.651039149348	0.643305944901	0.606089898502	0.823102948284	0.761720637989	0.803769937168	0.791203479942	0.748187530208	0.793136781054	0.690671822136	0.677138714355	0.681488641856	0.690671822136	0.670372160464	0.786853552441	0.679555340744	0.767037216046	0.625422909618	0.748670855486
AC8	0.555340744321	0.58095698405	0.910584823586	0.619139681005	0.681971967134	0.554374093765	0.697921701305	0.513291445143	0.470275495408	0.604639922668	0.53697438376	0.630739487675	0.584340260996	0.83325277912	0.634606089899	0.572740454326	0.51619139681	0.492025132914	0.838086031899	0.676172063799	0.350410826486	0.0	0.478492025133	0.487675205413	0.834702754954	0.538424359594	0.414693088449	0.35427742871	0.436926051232	0.492508458192	0.515224746254	0.479942000967	0.474142097632	0.526341227646	0.728854519091	0.686321894635	0.552440792653	0.588690188497	0.550507491542	0.662155630739	0.590140164331	0.681005316578	0.659255679072	0.59255679072	0.593523441276	0.547607539874	0.743837602707	0.682455292412	0.734654422426	0.718704688255	0.673755437409	0.711454809087	0.616723054616	0.602706621556	0.608989850169	0.611889801837	0.591106814886	0.706138231029	0.592073465442	0.696955050749	0.556307394877	0.67133881102
AD7	0.579990333494	0.590140164331	0.951667472209	0.639439342678	0.71532141131	0.533107781537	0.693571773804	0.507974867086	0.465925567907	0.608506524891	0.44224262929	0.652005799903	0.582890285162	0.875785403577	0.632189463509	0.572740454326	0.48380860319	0.466408893185	0.929434509425	0.767520541324	0.554857419043	0.478492025133	0.0	0.299178347028	0.888351860802	0.510391493475	0.425326244563	0.447559207347	0.478492025133	0.558240695988	0.497825036249	0.47462542291	0.479942000967	0.540840985984	0.739487675205	0.682455292412	0.502658289029	0.60657322378	0.540357660706	0.65732237796	0.587723537941	0.715804736588	0.703238279362	0.607056549058	0.576607056549	0.538907684872	0.747220879652	0.684388593523	0.744804253262	0.720637989367	0.672788786854	0.705171580474	0.620106331561	0.606089898502	0.608023199613	0.622522957951	0.589173513775	0.708554857419	0.602223296278	0.695021749638	0.557274045433	0.670372160464
AD8	0.589173513775	0.589656839053	0.950700821653	0.635572740454	0.698405026583	0.514258095698	0.687771870469	0.505558240696	0.464958917351	0.584823586274	0.437892701788	0.632189463509	0.582890285162	0.872885451909	0.639922667956	0.573223779604	0.4813919768	0.46302561624	0.924601256646	0.764620589657	0.558724021266	0.487675205413	0.299178347028	0.0	0.862252295795	0.494441759304	0.421459642339	0.447075882069	0.47220879652	0.554374093765	0.498791686805	0.48622522958	0.484775253746	0.541324311261	0.731271145481	0.669405509908	0.487675205413	0.589656839053	0.524407926535	0.644272595457	0.573707104882	0.711938134364	0.700821652972	0.596906718221	0.577573707105	0.537457709038	0.737071048816	0.671822136298	0.729337844369	0.70372160464	0.663605606573	0.696955050749	0.607539874335	0.596423392943	0.595940067666	0.612856452392	0.586756887385	0.695988400193	0.602706621556	0.682455292412	0.559207346544	0.663122281295
AE7	0.829386176897	0.873368777187	0.851619139681	0.790236829386	0.834702754954	0.888351860802	0.911068148864	0.899951667472	0.887385210246	0.902368293862	0.923151280812	0.853552440793	0.884485258579	0.826969550507	0.904301594973	0.858385693572	0.864185596907	0.869018849686	0.733204446593	0.729337844369	0.820686321895	0.834702754954	0.888351860802	0.862252295795	0.0	0.540357660706	0.871918801353	0.851135814403	0.764137264379	0.758337361044	0.837602706622	0.842919284679	0.897535041083	0.915901401643	0.929434509425	0.918801353311	0.919768003867	0.898501691638	0.915901401643	0.876752054132	0.899468342194	0.868535524408	0.878202029966	0.881101981634	0.939101014983	0.917834702755	0.890768487192	0.899468342194	0.909134847753	0.89125181247	0.901401643306	0.898501691638	0.890285161914	0.890285161914	0.904301594973	0.893668438859	0.903818269696	0.88883518608	0.894151764137	0.903334944418	0.90961817303	0.905751570807
AE8	0.58095698405	0.619139681005	0.90285161914	0.628322861286	0.676172063799	0.569840502658	0.690671822136	0.587240212663	0.575640405993	0.619623006283	0.607539874335	0.62493958434	0.618173030449	0.830352827453	0.682455292412	0.596906718221	0.575640405993	0.571290478492	0.819236346061	0.677138714355	0.588206863219	0.538424359594	0.510391493475	0.494441759304	0.540357660706	0.0	0.559690671822	0.544224262929	0.513291445143	0.509424842919	0.5601739971	0.545674238763	0.588690188497	0.604639922668	0.749637506042	0.697921701305	0.608023199613	0.593523441276	0.605123247946	0.652489125181	0.610439826003	0.673755437409	0.660705654906	0.612373127115	0.6389560174	0.606089898502	0.734654422426	0.679555340744	0.745770903818	0.699371677139	0.684871918801	0.711938134364	0.6389560174	0.624456259062	0.628322861286	0.641855969067	0.629772837119	0.709521507975	0.637989366844	0.688738521025	0.601256645723	0.677138714355
AF7	0.573707104882	0.565973900435	0.945867568874	0.646689221846	0.655872402127	0.51377477042	0.700821652972	0.482358627356	0.434992750121	0.590623489609	0.443209279845	0.598840019333	0.521991300145	0.871435476075	0.623006283229	0.555340744321	0.440792653456	0.415659739004	0.896085065249	0.736587723538	0.552924117931	0.414693088449	0.425326244563	0.421459642339	0.871918801353	0.559690671822	0.0	0.32866118898	0.480908651522	0.551957467376	0.484291928468	0.491058482359	0.438376027066	0.481875302078	0.685838569357	0.6389560174	0.465442242629	0.547124214596	0.506041565974	0.620589656839	0.534557757371	0.705654905752	0.684388593523	0.559207346544	0.541324311261	0.502658289029	0.670855485742	0.623489608507	0.690188496858	0.659255679072	0.611406476559	0.639439342678	0.558724021266	0.540357660706	0.546157564041	0.553407443209	0.547124214596	0.636056065732	0.554857419043	0.637022716288	0.504108264862	0.605123247946
AF8	0.540840985984	0.550024166264	0.931851135814	0.623489608507	0.66892218463	0.52537457709	0.688255195747	0.4813919768	0.424842919285	0.585306911551	0.492025132914	0.614789753504	0.551957467376	0.854035766071	0.616723054616	0.536491058482	0.46302561624	0.448042532624	0.869018849686	0.705654905752	0.49299178347	0.35427742871	0.447559207347	0.447075882069	0.851135814403	0.544224262929	0.32866118898	0.0	0.438859352344	0.51619139681	0.509908168197	0.465925567907	0.431126147898	0.502174963751	0.71290478492	0.662155630739	0.507974867086	0.562107298212	0.521024649589	0.623006283229	0.560657322378	0.675205413243	0.658289028516	0.560657322378	0.569840502658	0.527307878202	0.700821652972	0.643789270179	0.709521507975	0.684388593523	0.637022716288	0.668438859352	0.575640405993	0.563073948768	0.572740454326	0.580473658772	0.544224262929	0.666988883519	0.552440792653	0.663605606573	0.512808119865	0.629772837119
AG7	0.579023682939	0.607539874335	0.845819236346	0.545674238763	0.680038666022	0.542290961817	0.693088448526	0.519091348478	0.478492025133	0.593523441276	0.526824552924	0.632672788787	0.603673272112	0.772837119381	0.662638956017	0.584340260996	0.529241179314	0.508941517641	0.751570807153	0.55099081682	0.466408893185	0.436926051232	0.478492025133	0.47220879652	0.764137264379	0.513291445143	0.480908651522	0.438859352344	0.0	0.337844369261	0.527307878202	0.508941517641	0.497825036249	0.554857419043	0.748187530208	0.682455292412	0.524407926535	0.584340260996	0.547124214596	0.653455775737	0.593523441276	0.65973900435	0.64813919768	0.58095698405	0.603189946834	0.565973900435	0.753020782987	0.683421942968	0.74528757854	0.718704688255	0.681005316578	0.722087965201	0.62493958434	0.620106331561	0.624456259062	0.637989366844	0.621556307395	0.714838086032	0.627839536008	0.691638472692	0.584340260996	0.677622039633
AG8	0.589656839053	0.608023199613	0.839052682455	0.573707104882	0.681971967134	0.577573707105	0.687288545191	0.573223779604	0.55775737071	0.607056549058	0.61333977767	0.647655872402	0.612373127115	0.753020782987	0.671822136298	0.59255679072	0.584823586274	0.58095698405	0.683905268246	0.527307878202	0.501208313195	0.492508458192	0.558240695988	0.554374093765	0.758337361044	0.509424842919	0.551957467376	0.51619139681	0.337844369261	0.0	0.576123731271	0.571290478492	0.576123731271	0.598840019333	0.758337361044	0.698405026583	0.602706621556	0.594006766554	0.596906718221	0.658772353794	0.600773320445	0.666022232963	0.653455775737	0.594490091832	0.640405993233	0.606089898502	0.75688738521	0.687288545191	0.748670855486	0.716771387144	0.689221846303	0.722087965201	0.641855969067	0.626872885452	0.625422909618	0.645239246013	0.633639439343	0.716771387144	0.648622522958	0.688255195747	0.609473175447	0.678105364911
AH7	0.590140164331	0.632189463509	0.950700821653	0.675688738521	0.708071532141	0.588206863219	0.722087965201	0.567907201547	0.526341227646	0.643789270179	0.528274528758	0.651522474625	0.626872885452	0.882068632189	0.690188496858	0.599323344611	0.519574673755	0.478492025133	0.882068632189	0.738037699372	0.564523924601	0.515224746254	0.497825036249	0.498791686805	0.837602706622	0.5601739971	0.484291928468	0.509908168197	0.527307878202	0.576123731271	0.0	0.334461092315	0.564523924601	0.612856452392	0.771870468826	0.725954567424	0.548090865152	0.65732237796	0.596906718221	0.681005316578	0.627839536008	0.756404059932	0.740937651039	0.660705654906	0.649105848236	0.605123247946	0.761720637989	0.718221362977	0.771870468826	0.734171097148	0.703238279362	0.737071048816	0.640889318511	0.625906234896	0.632672788787	0.642339294345	0.622522957951	0.735621072982	0.628806186564	0.716288061866	0.606089898502	0.707588206863
AH8	0.556790720155	0.587240212663	0.959400676655	0.640889318511	0.662638956017	0.53697438376	0.69212179797	0.515224746254	0.487191880135	0.603673272112	0.508941517641	0.605123247946	0.563557274045	0.876752054132	0.643305944901	0.555824069599	0.436926051232	0.396810053166	0.904301594973	0.74770420493	0.545674238763	0.479942000967	0.47462542291	0.48622522958	0.842919284679	0.545674238763	0.491058482359	0.465925567907	0.508941517641	0.571290478492	0.334461092315	0.0	0.504108264862	0.550024166264	0.739487675205	0.686805219913	0.534074432093	0.608989850169	0.540357660706	0.630739487675	0.576607056549	0.722087965201	0.701788303528	0.619139681005	0.586273562107	0.543740937651	0.705654905752	0.662155630739	0.721604639923	0.676172063799	0.65055582407	0.681488641856	0.585306911551	0.574673755437	0.581923634606	0.587240212663	0.565490575157	0.675688738521	0.565973900435	0.664088931851	0.544707588207	0.652489125181
AA5	0.584340260996	0.531657805703	0.954567423876	0.639439342678	0.616723054616	0.472692121798	0.631222812953	0.423392943451	0.403576607057	0.527307878202	0.442725954567	0.554857419043	0.522957950701	0.873368777187	0.552440792653	0.546640889319	0.452875785404	0.426292895118	0.924117931368	0.774287095215	0.54857419043	0.474142097632	0.479942000967	0.484775253746	0.897535041083	0.588690188497	0.438376027066	0.431126147898	0.497825036249	0.576123731271	0.564523924601	0.504108264862	0.0	0.344127597873	0.690188496858	0.594490091832	0.486708554857	0.47220879652	0.473658772354	0.561140647656	0.480425326245	0.625422909618	0.605123247946	0.487191880135	0.529241179314	0.470758820686	0.705171580474	0.643305944901	0.681488641856	0.663122281295	0.646689221846	0.689221846303	0.542290961817	0.564523924601	0.57177380377	0.563557274045	0.538907684872	0.666505558241	0.553890768487	0.646689221846	0.509908168197	0.62735621073
AA6	0.590623489609	0.538907684872	0.96520057999	0.651522474625	0.639439342678	0.475592073465	0.655389076849	0.452392460126	0.452875785404	0.55099081682	0.500241662639	0.578540357661	0.515708071532	0.880618656356	0.58337361044	0.551957467376	0.500241662639	0.482841952634	0.941517641373	0.78927017883	0.602223296278	0.526341227646	0.540840985984	0.541324311261	0.915901401643	0.604639922668	0.481875302078	0.502174963751	0.554857419043	0.598840019333	0.612856452392	0.550024166264	0.344127597873	0.0	0.683421942968	0.591590140164	0.519091348478	0.500241662639	0.487675205413	0.591590140164	0.496375060416	0.665055582407	0.645239246013	0.524407926535	0.463508941518	0.419526341228	0.698888351861	0.640405993233	0.677622039633	0.661188980184	0.640889318511	0.673755437409	0.546157564041	0.555824069599	0.566457225713	0.56259062349	0.549057515708	0.659255679072	0.561623972934	0.642339294345	0.521991300145	0.628322861286
AB5	0.743837602707	0.68293861769	0.972933784437	0.721604639923	0.61333977767	0.640405993233	0.74770420493	0.637506041566	0.661672305462	0.690188496858	0.664088931851	0.602223296278	0.663122281295	0.902368293862	0.710488158531	0.695988400193	0.708554857419	0.696471725471	0.945867568874	0.817303044949	0.802803286612	0.728854519091	0.739487675205	0.731271145481	0.929434509425	0.749637506042	0.685838569357	0.71290478492	0.748187530208	0.758337361044	0.771870468826	0.739487675205	0.690188496858	0.683421942968	0.0	0.318994683422	0.623006283229	0.658772353794	0.623972933784	0.625422909618	0.613823102948	0.743354277429	0.742870952151	0.647655872402	0.61575640406	0.607539874335	0.610439826003	0.60415659739	0.622039632673	0.600289995167	0.608989850169	0.601739971	0.586756887385	0.599806669889	0.598840019333	0.613823102948	0.665055582407	0.593040115998	0.655389076849	0.598356694055	0.675688738521	0.594490091832
AB6	0.689221846303	0.606089898502	0.964717254712	0.669405509908	0.578540357661	0.564040599323	0.665055582407	0.556790720155	0.594490091832	0.610923151281	0.610439826003	0.529241179314	0.611889801837	0.894151764137	0.6389560174	0.62735621073	0.658289028516	0.649589173514	0.935717738038	0.786370227163	0.753020782987	0.686321894635	0.682455292412	0.669405509908	0.918801353311	0.697921701305	0.6389560174	0.662155630739	0.682455292412	0.698405026583	0.725954567424	0.686805219913	0.594490091832	0.591590140164	0.318994683422	0.0	0.57177380377	0.570807153214	0.566940550991	0.559690671822	0.537941034316	0.667472208797	0.65055582407	0.540357660706	0.569840502658	0.552440792653	0.619139681005	0.560657322378	0.599323344611	0.578540357661	0.570323827936	0.596423392943	0.516674722088	0.550507491542	0.555824069599	0.56935717738	0.595940067666	0.577090381827	0.599323344611	0.561623972934	0.632672788787	0.54857419043
AC5	0.607539874335	0.590623489609	0.975833736104	0.652489125181	0.619623006283	0.478975350411	0.681005316578	0.45142580957	0.437892701788	0.575640405993	0.41904301595	0.557274045433	0.538907684872	0.894151764137	0.633156114065	0.574190430159	0.48622522958	0.460125664572	0.947317544708	0.79168680522	0.622522957951	0.552440792653	0.502658289029	0.487675205413	0.919768003867	0.608023199613	0.465442242629	0.507974867086	0.524407926535	0.602706621556	0.548090865152	0.534074432093	0.486708554857	0.519091348478	0.623006283229	0.57177380377	0.0	0.453842435959	0.449492508458	0.596423392943	0.516674722088	0.718221362977	0.685838569357	0.550024166264	0.500241662639	0.460125664572	0.623006283229	0.574190430159	0.640405993233	0.598840019333	0.581440309328	0.609956500725	0.514258095698	0.496375060416	0.503624939584	0.519091348478	0.579023682939	0.601256645723	0.58337361044	0.579023682939	0.539874335428	0.558240695988
AC6	0.625422909618	0.554374093765	0.954084098598	0.651522474625	0.59497341711	0.510874818753	0.555824069599	0.4813919768	0.522957950701	0.478975350411	0.554374093765	0.552440792653	0.561140647656	0.86563557274	0.557274045433	0.573223779604	0.58337361044	0.575157080715	0.910584823586	0.757854035766	0.655872402127	0.588690188497	0.60657322378	0.589656839053	0.898501691638	0.593523441276	0.547124214596	0.562107298212	0.584340260996	0.594006766554	0.65732237796	0.608989850169	0.47220879652	0.500241662639	0.658772353794	0.570807153214	0.453842435959	0.0	0.522474625423	0.529724504592	0.494925084582	0.498791686805	0.461575640406	0.425326244563	0.567423876269	0.541324311261	0.671822136298	0.628322861286	0.661672305462	0.640405993233	0.6389560174	0.659255679072	0.582890285162	0.57177380377	0.574190430159	0.58337361044	0.568390526825	0.652005799903	0.585790236829	0.619139681005	0.57177380377	0.618656355727
AD6	0.599806669889	0.550507491542	0.974383760271	0.629289511841	0.588690188497	0.427259545674	0.630256162397	0.417593040116	0.443209279845	0.534557757371	0.440309328178	0.515224746254	0.511841469309	0.892701788304	0.593523441276	0.541807636539	0.502658289029	0.478492025133	0.951184146931	0.79168680522	0.609956500725	0.550507491542	0.540357660706	0.524407926535	0.915901401643	0.605123247946	0.506041565974	0.521024649589	0.547124214596	0.596906718221	0.596906718221	0.540357660706	0.473658772354	0.487675205413	0.623972933784	0.566940550991	0.449492508458	0.522474625423	0.0	0.544224262929	0.398260029	0.700821652972	0.675688738521	0.538424359594	0.489608506525	0.451909134848	0.611406476559	0.548090865152	0.598840019333	0.568390526825	0.563557274045	0.593523441276	0.486708554857	0.473175447076	0.479942000967	0.491058482359	0.552924117931	0.576123731271	0.549057515708	0.554857419043	0.488641855969	0.546640889319
AE5	0.636056065732	0.543257612373	0.973900434993	0.621556307395	0.552924117931	0.554374093765	0.589173513775	0.554374093765	0.597873368777	0.525857902368	0.619139681005	0.501691638473	0.57177380377	0.886901884969	0.566457225713	0.568873852102	0.609473175447	0.601256645723	0.92363460609	0.767037216046	0.735137747704	0.662155630739	0.65732237796	0.644272595457	0.876752054132	0.652489125181	0.620589656839	0.623006283229	0.653455775737	0.658772353794	0.681005316578	0.630739487675	0.561140647656	0.591590140164	0.625422909618	0.559690671822	0.596423392943	0.529724504592	0.544224262929	0.0	0.375543740938	0.597390043499	0.59497341711	0.511841469309	0.632189463509	0.616723054616	0.642339294345	0.60415659739	0.637022716288	0.594006766554	0.614789753504	0.636056065732	0.53697438376	0.56259062349	0.593523441276	0.560657322378	0.558724021266	0.609956500725	0.561623972934	0.599323344611	0.586273562107	0.596906718221
AE6	0.602706621556	0.51377477042	0.972450459159	0.61575640406	0.553890768487	0.46060898985	0.586273562107	0.46060898985	0.497341710971	0.493958434026	0.513291445143	0.493958434026	0.504108264862	0.888351860802	0.558724021266	0.528274528758	0.537941034316	0.517641372644	0.941034316095	0.77767037216	0.65973900435	0.590140164331	0.587723537941	0.573707104882	0.899468342194	0.610439826003	0.534557757371	0.560657322378	0.593523441276	0.600773320445	0.627839536008	0.576607056549	0.480425326245	0.496375060416	0.613823102948	0.537941034316	0.516674722088	0.494925084582	0.398260029	0.375543740938	0.0	0.647172547124	0.62735621073	0.484775253746	0.533591106815	0.520541324311	0.623006283229	0.568873852102	0.607539874335	0.579023682939	0.579507008217	0.612856452392	0.48380860319	0.475592073465	0.497825036249	0.490575157081	0.511841469309	0.589173513775	0.527307878202	0.565973900435	0.500724987917	0.566457225713
AF5	0.700821652972	0.634122764621	0.928467858869	0.658289028516	0.655872402127	0.670855485742	0.548090865152	0.640889318511	0.682455292412	0.580473658772	0.71290478492	0.628322861286	0.676172063799	0.846785886902	0.605123247946	0.672788786854	0.721121314645	0.72450459159	0.871918801353	0.737554374094	0.714838086032	0.681005316578	0.715804736588	0.711938134364	0.868535524408	0.673755437409	0.705654905752	0.675205413243	0.65973900435	0.666022232963	0.756404059932	0.722087965201	0.625422909618	0.665055582407	0.743354277429	0.667472208797	0.718221362977	0.498791686805	0.700821652972	0.597390043499	0.647172547124	0.0	0.262928951184	0.523924601257	0.723054615756	0.710488158531	0.7593040116	0.720637989367	0.744320927985	0.724987916868	0.735137747704	0.750120831319	0.693088448526	0.716288061866	0.725954567424	0.709038182697	0.666505558241	0.743354277429	0.679555340744	0.707588206863	0.707588206863	0.714838086032
AF6	0.691155147414	0.612856452392	0.93281778637	0.662638956017	0.668438859352	0.657805703238	0.529241179314	0.617206379894	0.667472208797	0.557274045433	0.698405026583	0.632672788787	0.660705654906	0.854035766071	0.58095698405	0.651522474625	0.704204929918	0.704688255196	0.878685355244	0.737554374094	0.705171580474	0.659255679072	0.703238279362	0.700821652972	0.878202029966	0.660705654906	0.684388593523	0.658289028516	0.64813919768	0.653455775737	0.740937651039	0.701788303528	0.605123247946	0.645239246013	0.742870952151	0.65055582407	0.685838569357	0.461575640406	0.675688738521	0.59497341711	0.62735621073	0.262928951184	0.0	0.50700821653	0.703238279362	0.691155147414	0.758337361044	0.713388110198	0.744320927985	0.717254712421	0.716771387144	0.750604156597	0.670855485742	0.694055099082	0.704688255196	0.686805219913	0.645239246013	0.737071048816	0.661672305462	0.695021749638	0.695988400193	0.706621556307
