	AA3	AA4	AB3	AB4	AC3	AC4	AD3	AD4	AE3	AE4	AF3	AF4	AG3	AG4	AH3	AH4	AA7	AA8	AB7	AB8	AC7	AC8	AD7	AD8	AE7	AE8	AF7	AF8	AG7	AG8	AH7	AH8	AA5	AA6	AB5	AB6	AC5	AC6	AD6	AE5	AE6	AF5	AF6	AG5	AH5	AH6	AA1	AA2	AB1	AB2	AC1	AC2	AD1	AD2	AE1	AE2	AF1	AF2	AG1	AG2	AH1	AH2
AA3	0.0	0.493958434026	0.933301111648	0.647172547124	0.651039149348	0.593040115998	0.672788786854	0.592073465442	0.590623489609	0.632189463509	0.621072982117	0.605123247946	0.594006766554	0.845335911068	0.643305944901	0.34267762204	0.593040115998	0.582406959884	0.874818753021	0.720637989367	0.631706138231	0.59255679072	0.605606573224	0.604639922668	0.82406959884	0.589173513775	0.595940067666	0.582406959884	0.579990333494	0.599806669889	0.602706621556	0.578540357661	0.604639922668	0.616239729338	0.7593040116	0.684388593523	0.622522957951	0.628806186564	0.605123247946	0.628322861286	0.612373127115	0.707588206863	0.695021749638	0.616239729338	0.642339294345	0.643789270179	0.69453842436	0.657805703238	0.712421459642	0.672788786854	0.651039149348	0.670372160464	0.582406959884	0.577090381827	0.593040115998	0.573707104882	0.587723537941	0.676655389077	0.607056549058	0.667472208797	0.594006766554	0.652972450459
AA4	0.493958434026	0.0	0.94441759304	0.566940550991	0.570323827936	0.479942000967	0.60657322378	0.469308844853	0.489608506525	0.510874818753	0.556307394877	0.51377477042	0.470275495408	0.850652489125	0.360077332044	0.360560657322	0.514741420976	0.514258095698	0.895601739971	0.725471242146	0.646689221846	0.567907201547	0.575640405993	0.579990333494	0.874818753021	0.618173030449	0.542290961817	0.545674238763	0.585306911551	0.599323344611	0.617206379894	0.564523924601	0.493958434026	0.501208313195	0.677622039633	0.586273562107	0.559207346544	0.518124697922	0.508941517641	0.51619139681	0.47220879652	0.631222812953	0.607539874335	0.502658289029	0.581923634606	0.565973900435	0.646689221846	0.576607056549	0.637989366844	0.616239729338	0.590140164331	0.629772837119	0.508941517641	0.511358144031	0.519574673755	0.521507974867	0.488158530691	0.623972933784	0.505074915418	0.594006766554	0.504108264862	0.576607056549
AB3	0.933301111648	0.94441759304	0.0	0.685355244079	0.925567907202	0.954567423876	0.955534074432	0.938134364427	0.928951184147	0.948284195263	0.970033832769	0.941517641373	0.966167230546	0.370227162881	0.957950700822	0.941034316095	0.968583856936	0.96761720638	0.73610439826	0.748670855486	0.890285161914	0.90961817303	0.951667472209	0.944900918318	0.850169163847	0.887385210246	0.940550990817	0.925567907202	0.846302561624	0.844369260512	0.951184146931	0.94441759304	0.959400676655	0.962783953601	0.971000483325	0.968583856936	0.975350410826	0.951184146931	0.972933784437	0.973900434993	0.973417109715	0.931851135814	0.927017883035	0.951667472209	0.971967133881	0.971967133881	0.973900434993	0.972450459159	0.971483808603	0.972933784437	0.972933784437	0.971000483325	0.973417109715	0.972933784437	0.973417109715	0.972450459159	0.971000483325	0.971483808603	0.971000483325	0.971967133881	0.973417109715	0.972450459159
AB4	0.647172547124	0.566940550991	0.685355244079	0.0	0.637506041566	0.611889801837	0.687288545191	0.607056549058	0.615273078782	0.625422909618	0.652489125181	0.611889801837	0.479942000967	0.57177380377	0.596423392943	0.590140164331	0.633156114065	0.630739487675	0.719188013533	0.563073948768	0.666988883519	0.629772837119	0.658772353794	0.653455775737	0.790236829386	0.645239246013	0.65732237796	0.632672788787	0.549057515708	0.575640405993	0.694055099082	0.653455775737	0.637989366844	0.646205896568	0.721121314645	0.663122281295	0.659255679072	0.618173030449	0.62493958434	0.62493958434	0.607539874335	0.652005799903	0.643305944901	0.61333977767	0.695988400193	0.683905268246	0.705654905752	0.656355727405	0.687288545191	0.66892218463	0.666505558241	0.678105364911	0.628322861286	0.640405993233	0.662638956017	0.640889318511	0.637989366844	0.673272112131	0.634122764621	0.654905751571	0.653455775737	0.664088931851
AC3	0.651039149348	0.570323827936	0.925567907202	0.637506041566	0.0	0.477525374577	0.660705654906	0.547607539874	0.575157080715	0.590140164331	0.60657322378	0.316094731754	0.594490091832	0.834219429676	0.583856935718	0.608506524891	0.608023199613	0.587240212663	0.887868535524	0.764620589657	0.739487675205	0.685838569357	0.713871435476	0.717254712421	0.839536007733	0.698888351861	0.654905751571	0.675205413243	0.690188496858	0.69212179797	0.704688255196	0.662155630739	0.599806669889	0.614789753504	0.619139681005	0.56935717738	0.616723054616	0.584340260996	0.575640405993	0.550024166264	0.532141130981	0.669405509908	0.651039149348	0.577090381827	0.635089415176	0.631706138231	0.585790236829	0.577573707105	0.581923634606	0.561140647656	0.585790236829	0.577090381827	0.523441275979	0.558724021266	0.566940550991	0.555824069599	0.615273078782	0.56935717738	0.627839536008	0.57177380377	0.621556307395	0.575157080715
AC4	0.593040115998	0.479942000967	0.954567423876	0.611889801837	0.477525374577	0.0	0.6389560174	0.40502658289	0.41662638956	0.528274528758	0.344127597873	0.390043499275	0.499758337361	0.862735621073	0.537457709038	0.532624456259	0.464958917351	0.443692605123	0.924117931368	0.751087481875	0.592073465442	0.532141130981	0.522474625423	0.521024649589	0.888351860802	0.589173513775	0.478975350411	0.50459159014	0.53020782987	0.568873852102	0.567423876269	0.519091348478	0.449492508458	0.47462542291	0.652005799903	0.565007249879	0.463992266796	0.499758337361	0.413243112615	0.52779120348	0.450942484292	0.679072015466	0.649589173514	0.509424842919	0.502174963751	0.489125181247	0.646205896568	0.576123731271	0.61333977767	0.581923634606	0.580473658772	0.614306428226	0.488641855969	0.488158530691	0.502658289029	0.499275012083	0.523441275979	0.611889801837	0.552924117931	0.570807153214	0.478492025133	0.56935717738
AD3	0.672788786854	0.60657322378	0.955534074432	0.687288545191	0.660705654906	0.6389560174	0.0	0.552924117931	0.658772353794	0.369743837603	0.684871918801	0.617206379894	0.651039149348	0.86563557274	0.570323827936	0.638472692122	0.697921701305	0.69212179797	0.940550990817	0.766070565491	0.725954567424	0.700821652972	0.711938134364	0.704688255196	0.916384726921	0.702754954084	0.714838086032	0.702271628806	0.705654905752	0.694055099082	0.730304494925	0.702754954084	0.636056065732	0.65055582407	0.752537457709	0.665538907685	0.68970517158	0.550024166264	0.639922667956	0.591590140164	0.580473658772	0.563073948768	0.547607539874	0.558240695988	0.71290478492	0.699371677139	0.773803769937	0.71532141131	0.750604156597	0.726437892702	0.71532141131	0.747220879652	0.672305461576	0.669405509908	0.676655389077	0.664572257129	0.632189463509	0.728854519091	0.649105848236	0.710488158531	0.696471725471	0.716771387144
AD4	0.592073465442	0.469308844853	0.938134364427	0.607056549058	0.547607539874	0.40502658289	0.552924117931	0.0	0.311744804253	0.423876268729	0.43064282262	0.482358627356	0.500241662639	0.84726921218	0.515224746254	0.53020782987	0.44224262929	0.421942967617	0.930884485259	0.753504108265	0.567907201547	0.482841952634	0.487675205413	0.492508458192	0.892218463026	0.591106814886	0.436442725955	0.450942484292	0.48622522958	0.553890768487	0.541807636539	0.484291928468	0.38666022233	0.446592556791	0.664088931851	0.558724021266	0.444175930401	0.47462542291	0.429676172064	0.529724504592	0.44900918318	0.639439342678	0.611889801837	0.473175447076	0.511841469309	0.49540840986	0.672305461576	0.606089898502	0.651039149348	0.623972933784	0.60415659739	0.643305944901	0.507491541808	0.515708071532	0.518124697922	0.515224746254	0.514741420976	0.634606089899	0.543740937651	0.615273078782	0.498791686805	0.599323344611
AE3	0.590623489609	0.489608506525	0.928951184147	0.615273078782	0.575157080715	0.41662638956	0.658772353794	0.311744804253	0.0	0.529241179314	0.401643305945	0.517158047366	0.496858385694	0.846785886902	0.538424359594	0.546157564041	0.431609473175	0.414693088449	0.929434509425	0.756404059932	0.557274045433	0.482358627356	0.48380860319	0.490091831803	0.892701788304	0.59497341711	0.435959400677	0.445142580957	0.490575157081	0.561140647656	0.540840985984	0.489125181247	0.385693571774	0.452392460126	0.679072015466	0.597390043499	0.448525857902	0.51619139681	0.440309328178	0.580473658772	0.504108264862	0.690188496858	0.656355727405	0.520541324311	0.507974867086	0.487191880135	0.681005316578	0.610439826003	0.654422426293	0.637506041566	0.61333977767	0.654422426293	0.520057999033	0.532624456259	0.534557757371	0.534557757371	0.538424359594	0.645239246013	0.563073948768	0.617689705172	0.496858385694	0.610439826003
AE4	0.632189463509	0.510874818753	0.948284195263	0.625422909618	0.590140164331	0.528274528758	0.369743837603	0.423876268729	0.529241179314	0.0	0.586273562107	0.531657805703	0.575640405993	0.857419043016	0.522474625423	0.573707104882	0.583856935718	0.587723537941	0.936201063316	0.758820686322	0.667955534074	0.603189946834	0.605123247946	0.598356694055	0.902368293862	0.631706138231	0.596906718221	0.583856935718	0.60415659739	0.610439826003	0.649105848236	0.605606573224	0.533107781537	0.550024166264	0.688738521025	0.587723537941	0.58337361044	0.458675688739	0.54857419043	0.524891251812	0.498791686805	0.563557274045	0.532141130981	0.468825519575	0.608506524891	0.601739971	0.708554857419	0.647172547124	0.696955050749	0.672305461576	0.658289028516	0.690671822136	0.594006766554	0.592073465442	0.591106814886	0.585790236829	0.556790720155	0.676655389077	0.587723537941	0.661188980184	0.587240212663	0.65055582407
AF3	0.621072982117	0.556307394877	0.970033832769	0.652489125181	0.60657322378	0.344127597873	0.684871918801	0.43064282262	0.401643305945	0.586273562107	0.0	0.506524891252	0.531657805703	0.8796520058	0.600289995167	0.592073465442	0.462058965684	0.43064282262	0.95601739971	0.782986950217	0.599806669889	0.548090865152	0.45142580957	0.446592556791	0.920251329145	0.624456259062	0.432576123731	0.476558724021	0.533591106815	0.599323344611	0.533107781537	0.51377477042	0.4398260029	0.506041565974	0.673755437409	0.601256645723	0.411309811503	0.542774287095	0.4398260029	0.599323344611	0.521024649589	0.719188013533	0.690671822136	0.539874335428	0.507491541808	0.495891735138	0.669888835186	0.603189946834	0.652972450459	0.617689705172	0.606089898502	0.641372643789	0.537457709038	0.519091348478	0.531657805703	0.527307878202	0.572740454326	0.639922667956	0.590623489609	0.603189946834	0.507974867086	0.594006766554
AF4	0.605123247946	0.51377477042	0.941517641373	0.611889801837	0.316094731754	0.390043499275	0.617206379894	0.482358627356	0.517158047366	0.531657805703	0.506524891252	0.0	0.534557757371	0.84726921218	0.538424359594	0.557274045433	0.545190913485	0.534074432093	0.892701788304	0.737071048816	0.692605123248	0.637506041566	0.65055582407	0.646689221846	0.848235862736	0.646205896568	0.59255679072	0.618173030449	0.635572740454	0.651039149348	0.639922667956	0.603673272112	0.541324311261	0.551474142098	0.612856452392	0.517158047366	0.552440792653	0.536491058482	0.519091348478	0.493475108748	0.478492025133	0.623972933784	0.612373127115	0.517641372644	0.568390526825	0.565490575157	0.591590140164	0.531657805703	0.585790236829	0.541807636539	0.543740937651	0.563073948768	0.474142097632	0.49540840986	0.520541324311	0.496375060416	0.556307394877	0.554374093765	0.573707104882	0.533591106815	0.564523924601	0.527307878202
AG3	0.594006766554	0.470275495408	0.966167230546	0.479942000967	0.594490091832	0.499758337361	0.651039149348	0.500241662639	0.496858385694	0.575640405993	0.531657805703	0.534557757371	0.0	0.850169163847	0.509908168197	0.533107781537	0.493475108748	0.484291928468	0.934267762204	0.765103914935	0.670855485742	0.603189946834	0.593040115998	0.605123247946	0.884968583857	0.64813919768	0.551474142098	0.577573707105	0.612856452392	0.625422909618	0.633639439343	0.578057032383	0.518124697922	0.50700821653	0.658772353794	0.590140164331	0.537941034316	0.547607539874	0.502658289029	0.546157564041	0.496375060416	0.66892218463	0.641855969067	0.533591106815	0.571290478492	0.555824069599	0.626872885452	0.568873852102	0.610923151281	0.606089898502	0.574190430159	0.600773320445	0.493475108748	0.514741420976	0.539874335428	0.516674722088	0.53697438376	0.60657322378	0.543257612373	0.586273562107	0.519574673755	0.567907201547
AG4	0.845335911068	0.850652489125	0.370227162881	0.57177380377	0.834219429676	0.862735621073	0.86563557274	0.84726921218	0.846785886902	0.857419043016	0.8796520058	0.84726921218	0.850169163847	0.0	0.863702271629	0.848719188014	0.884485258579	0.882551957467	0.701788303528	0.671822136298	0.811019816336	0.831802803287	0.873852102465	0.866118898018	0.830836152731	0.817303044949	0.863218946351	0.844369260512	0.766553890768	0.739004349928	0.87723537941	0.863218946351	0.872885451909	0.871918801353	0.893185113581	0.884485258579	0.888351860802	0.855969067182	0.882068632189	0.883035282745	0.880135331078	0.845335911068	0.843402609957	0.863218946351	0.890285161914	0.884968583857	0.883518608023	0.882551957467	0.882068632189	0.882068632189	0.890285161914	0.880135331078	0.887385210246	0.885451909135	0.888351860802	0.883035282745	0.885935234413	0.885451909135	0.880618656356	0.882551957467	0.885935234413	0.885451909135
AH3	0.643305944901	0.360077332044	0.957950700822	0.596423392943	0.583856935718	0.537457709038	0.570323827936	0.515224746254	0.538424359594	0.522474625423	0.600289995167	0.538424359594	0.509908168197	0.863702271629	0.0	0.508941517641	0.575640405993	0.575157080715	0.924117931368	0.759787336878	0.695505074915	0.623006283229	0.622039632673	0.629772837119	0.898018366361	0.680038666022	0.619139681005	0.615273078782	0.640889318511	0.652489125181	0.673755437409	0.618656355727	0.527307878202	0.552440792653	0.699855002417	0.608989850169	0.61333977767	0.52537457709	0.572257129048	0.534557757371	0.526341227646	0.593040115998	0.566457225713	0.528274528758	0.638472692122	0.620106331561	0.701788303528	0.628322861286	0.669888835186	0.652005799903	0.6389560174	0.675205413243	0.570323827936	0.579507008217	0.579023682939	0.586756887385	0.545674238763	0.670855485742	0.553407443209	0.626872885452	0.577090381827	0.621556307395
AH4	0.34267762204	0.360560657322	0.941034316095	0.590140164331	0.608506524891	0.532624456259	0.638472692122	0.53020782987	0.546157564041	0.573707104882	0.592073465442	0.557274045433	0.533107781537	0.848719188014	0.508941517641	0.0	0.551957467376	0.552440792653	0.882068632189	0.720637989367	0.638472692122	0.576607056549	0.581440309328	0.59255679072	0.852102464959	0.599806669889	0.574190430159	0.564040599323	0.584823586274	0.58337361044	0.602706621556	0.568390526825	0.554857419043	0.563557274045	0.719671338811	0.633156114065	0.594006766554	0.576607056549	0.55099081682	0.572257129048	0.530691155147	0.663122281295	0.651522474625	0.561140647656	0.616723054616	0.599806669889	0.678105364911	0.612373127115	0.675205413243	0.629772837119	0.625906234896	0.647655872402	0.545190913485	0.537941034316	0.544707588207	0.537457709038	0.519574673755	0.655389076849	0.540357660706	0.620106331561	0.549057515708	0.614306428226
AA7	0.593040115998	0.514741420976	0.968583856936	0.633156114065	0.608023199613	0.464958917351	0.697921701305	0.44224262929	0.431609473175	0.583856935718	0.462058965684	0.545190913485	0.493475108748	0.884485258579	0.575640405993	0.551957467376	0.0	0.294828419526	0.930401159981	0.77090381827	0.599806669889	0.5186080232	0.499758337361	0.509424842919	0.866602223296	0.586756887385	0.464958917351	0.483325277912	0.528757854036	0.58095698405	0.533591106815	0.430159497342	0.434026099565	0.485741904302	0.708554857419	0.643305944901	0.475592073465	0.547124214596	0.463992266796	0.585790236829	0.521991300145	0.715804736588	0.691155147414	0.55099081682	0.541807636539	0.515708071532	0.661188980184	0.601256645723	0.658772353794	0.62493958434	0.585306911551	0.625422909618	0.518124697922	0.514741420976	0.521991300145	0.511358144031	0.528757854036	0.623006283229	0.553407443209	0.61575640406	0.489125181247	0.594490091832
AA8	0.582406959884	0.514258095698	0.96761720638	0.630739487675	0.587240212663	0.443692605123	0.69212179797	0.421942967617	0.414693088449	0.587723537941	0.43064282262	0.534074432093	0.484291928468	0.882551957467	0.575157080715	0.552440792653	0.294828419526	0.0	0.919768003867	0.761237312711	0.584823586274	0.507974867086	0.485258579024	0.491541807637	0.85645239246	0.578540357661	0.435476075399	0.465925567907	0.520541324311	0.58095698405	0.487191880135	0.388593523441	0.42822619623	0.478975350411	0.697438376027	0.632189463509	0.444175930401	0.545674238763	0.448042532624	0.58095698405	0.503624939584	0.723054615756	0.692605123248	0.546157564041	0.523441275979	0.501691638473	0.637506041566	0.590140164331	0.652489125181	0.61575640406	0.568390526825	0.60415659739	0.492508458192	0.495891735138	0.502174963751	0.502658289029	0.52537457709	0.602706621556	0.552440792653	0.606089898502	0.478975350411	0.581923634606
AB7	0.874818753021	0.895601739971	0.73610439826	0.719188013533	0.887868535524	0.924117931368	0.940550990817	0.930884485259	0.929434509425	0.936201063316	0.95601739971	0.892701788304	0.934267762204	0.701788303528	0.924117931368	0.882068632189	0.930401159981	0.919768003867	0.0	0.408893185114	0.809086515225	0.843885935234	0.93281778637	0.924601256646	0.741904301595	0.805219913001	0.901401643306	0.880618656356	0.748187530208	0.69453842436	0.888351860802	0.897535041083	0.929917834703	0.937651039149	0.948767520541	0.948284195263	0.95601739971	0.918801353311	0.950700821653	0.930884485259	0.939584340261	0.873852102465	0.881101981634	0.916868052199	0.9584340261	0.955534074432	0.931851135814	0.928951184147	0.937651039149	0.931367810536	0.938617689705	0.929434509425	0.929917834703	0.923151280812	0.924117931368	0.922184630256	0.925084581924	0.923151280812	0.930401159981	0.926051232479	0.949734171097	0.93281778637
AB8	0.720637989367	0.725471242146	0.748670855486	0.563073948768	0.764620589657	0.751087481875	0.766070565491	0.753504108265	0.756404059932	0.758820686322	0.782986950217	0.737071048816	0.765103914935	0.671822136298	0.759787336878	0.720637989367	0.77090381827	0.761237312711	0.408893185114	0.0	0.640889318511	0.666988883519	0.753504108265	0.742870952151	0.740937651039	0.64572257129	0.72450459159	0.698888351861	0.53939101015	0.5186080232	0.732237796037	0.728854519091	0.757370710488	0.765103914935	0.823586273562	0.781053649106	0.78250362494	0.743837602707	0.769453842436	0.761720637989	0.757854035766	0.711938134364	0.716288061866	0.739004349928	0.794103431609	0.786853552441	0.82406959884	0.768970517158	0.806669888835	0.785886901885	0.781536974384	0.792653455776	0.76848719188	0.767520541324	0.76848719188	0.766070565491	0.762687288545	0.786853552441	0.762687288545	0.763170613823	0.778153697438	0.771870468826
AC7	0.631706138231	0.646689221846	0.890285161914	0.666988883519	0.739487675205	0.592073465442	0.725954567424	0.567907201547	0.557274045433	0.667955534074	0.599806669889	0.692605123248	0.670855485742	0.811019816336	0.695505074915	0.638472692122	0.599806669889	0.584823586274	0.809086515225	0.640889318511	0.0	0.358144030933	0.573223779604	0.569840502658	0.823102948284	0.570807153214	0.546157564041	0.505558240696	0.477042049299	0.505074915418	0.570807153214	0.546157564041	0.562107298212	0.608506524891	0.819236346061	0.740937651039	0.623972933784	0.62735621073	0.598356694055	0.71532141131	0.669888835186	0.709038182697	0.696471725471	0.635572740454	0.640405993233	0.623489608507	0.82648622523	0.762203963267	0.804736587724	0.79168680522	0.752537457709	0.793136781054	0.681005316578	0.672788786854	0.6805219913	0.676172063799	0.669405509908	0.796520057999	0.679555340744	0.776220396327	0.623006283229	0.754470758821
AC8	0.59255679072	0.567907201547	0.90961817303	0.629772837119	0.685838569357	0.532141130981	0.700821652972	0.482841952634	0.482358627356	0.603189946834	0.548090865152	0.637506041566	0.603189946834	0.831802803287	0.623006283229	0.576607056549	0.5186080232	0.507974867086	0.843885935234	0.666988883519	0.358144030933	0.0	0.492025132914	0.500724987917	0.845819236346	0.552924117931	0.41662638956	0.383760270662	0.432092798453	0.48380860319	0.531174480425	0.476558724021	0.486708554857	0.541324311261	0.753020782987	0.6805219913	0.548090865152	0.570807153214	0.524891251812	0.642822619623	0.593040115998	0.675205413243	0.654905751571	0.574673755437	0.583856935718	0.561623972934	0.747220879652	0.68293861769	0.73852102465	0.723537941034	0.677622039633	0.709038182697	0.605123247946	0.596906718221	0.601256645723	0.600773320445	0.584823586274	0.714838086032	0.596423392943	0.703238279362	0.547607539874	0.679555340744
AD7	0.605606573224	0.575640405993	0.951667472209	0.658772353794	0.713871435476	0.522474625423	0.711938134364	0.487675205413	0.48380860319	0.605123247946	0.45142580957	0.65055582407	0.593040115998	0.873852102465	0.622039632673	0.581440309328	0.499758337361	0.485258579024	0.93281778637	0.753504108265	0.573223779604	0.492025132914	0.0	0.291928467859	0.890285161914	0.518124697922	0.407926534558	0.427259545674	0.48622522958	0.559207346544	0.501691638473	0.482358627356	0.484291928468	0.551474142098	0.746737554374	0.678588690188	0.500241662639	0.58095698405	0.524891251812	0.641855969067	0.59497341711	0.720154664089	0.686805219913	0.584340260996	0.564040599323	0.554374093765	0.751087481875	0.675205413243	0.739971000483	0.717254712421	0.671822136298	0.707588206863	0.604639922668	0.596423392943	0.594490091832	0.607539874335	0.578540357661	0.712421459642	0.595940067666	0.697921701305	0.555824069599	0.672788786854
AD8	0.604639922668	0.579990333494	0.944900918318	0.653455775737	0.717254712421	0.521024649589	0.704688255196	0.492508458192	0.490091831803	0.598356694055	0.446592556791	0.646689221846	0.605123247946	0.866118898018	0.629772837119	0.59255679072	0.509424842919	0.491541807637	0.924601256646	0.742870952151	0.569840502658	0.500724987917	0.291928467859	0.0	0.86563557274	0.490091831803	0.412276462059	0.434026099565	0.474142097632	0.545674238763	0.506041565974	0.490575157081	0.494441759304	0.555340744321	0.753987433543	0.678105364911	0.492508458192	0.573223779604	0.526824552924	0.642339294345	0.595940067666	0.71532141131	0.683905268246	0.579507008217	0.567423876269	0.561623972934	0.753020782987	0.677138714355	0.741904301595	0.722571290478	0.674238762687	0.708071532141	0.619623006283	0.600773320445	0.600289995167	0.60657322378	0.590623489609	0.716288061866	0.608989850169	0.703238279362	0.568873852102	0.673272112131
AE7	0.82406959884	0.874818753021	0.850169163847	0.790236829386	0.839536007733	0.888351860802	0.916384726921	0.892218463026	0.892701788304	0.902368293862	0.920251329145	0.848235862736	0.884968583857	0.830836152731	0.898018366361	0.852102464959	0.866602223296	0.85645239246	0.741904301595	0.740937651039	0.823102948284	0.845819236346	0.890285161914	0.86563557274	0.0	0.535524407927	0.875785403577	0.861285645239	0.761720637989	0.764137264379	0.836636056066	0.840019333011	0.900918318028	0.903334944418	0.93281778637	0.927501208313	0.921701304978	0.898018366361	0.909134847753	0.880135331078	0.904301594973	0.873852102465	0.875302078299	0.881101981634	0.937167713871	0.925084581924	0.891735137748	0.90043499275	0.914934751087	0.894151764137	0.903818269696	0.896568390527	0.892701788304	0.899951667472	0.902368293862	0.893668438859	0.90043499275	0.888351860802	0.908168197197	0.898018366361	0.917834702755	0.90285161914
AE8	0.589173513775	0.618173030449	0.887385210246	0.645239246013	0.698888351861	0.589173513775	0.702754954084	0.591106814886	0.59497341711	0.631706138231	0.624456259062	0.646205896568	0.64813919768	0.817303044949	0.680038666022	0.599806669889	0.586756887385	0.578540357661	0.805219913001	0.64572257129	0.570807153214	0.552924117931	0.518124697922	0.490091831803	0.535524407927	0.0	0.574190430159	0.561140647656	0.501691638473	0.512324794587	0.565973900435	0.5601739971	0.607056549058	0.619623006283	0.781536974384	0.725471242146	0.62493958434	0.612856452392	0.613823102948	0.656355727405	0.641372643789	0.693571773804	0.670855485742	0.609473175447	0.646689221846	0.635572740454	0.755920734654	0.697438376027	0.770420492992	0.725471242146	0.698405026583	0.735621072982	0.660222329628	0.6389560174	0.645239246013	0.642822619623	0.632189463509	0.718704688255	0.651522474625	0.707104881585	0.626872885452	0.691638472692
AF7	0.595940067666	0.542290961817	0.940550990817	0.65732237796	0.654905751571	0.478975350411	0.714838086032	0.436442725955	0.435959400677	0.596906718221	0.432576123731	0.59255679072	0.551474142098	0.863218946351	0.619139681005	0.574190430159	0.464958917351	0.435476075399	0.901401643306	0.72450459159	0.546157564041	0.41662638956	0.407926534558	0.412276462059	0.875785403577	0.574190430159	0.0	0.309811503142	0.475592073465	0.542774287095	0.484775253746	0.477525374577	0.442725954567	0.503141614306	0.704204929918	0.635572740454	0.448525857902	0.540357660706	0.478492025133	0.602223296278	0.541807636539	0.704688255196	0.676172063799	0.544224262929	0.526341227646	0.515224746254	0.683905268246	0.623972933784	0.683421942968	0.669888835186	0.622522957951	0.647655872402	0.553890768487	0.539874335428	0.546157564041	0.547124214596	0.555340744321	0.652005799903	0.570807153214	0.653939101015	0.492025132914	0.618656355727
AF8	0.582406959884	0.545674238763	0.925567907202	0.632672788787	0.675205413243	0.50459159014	0.702271628806	0.450942484292	0.445142580957	0.583856935718	0.476558724021	0.618173030449	0.577573707105	0.844369260512	0.615273078782	0.564040599323	0.483325277912	0.465925567907	0.880618656356	0.698888351861	0.505558240696	0.383760270662	0.427259545674	0.434026099565	0.861285645239	0.561140647656	0.309811503142	0.0	0.445142580957	0.505558240696	0.500241662639	0.470275495408	0.443209279845	0.516674722088	0.719671338811	0.648622522958	0.473658772354	0.531174480425	0.491541807637	0.607539874335	0.5601739971	0.66892218463	0.644755920735	0.533591106815	0.549057515708	0.536007733204	0.700338327695	0.641855969067	0.698405026583	0.687288545191	0.642339294345	0.665538907685	0.567907201547	0.564040599323	0.562107298212	0.564523924601	0.555824069599	0.672305461576	0.560657322378	0.667955534074	0.503624939584	0.640889318511
AG7	0.579990333494	0.585306911551	0.846302561624	0.549057515708	0.690188496858	0.53020782987	0.705654905752	0.48622522958	0.490575157081	0.60415659739	0.533591106815	0.635572740454	0.612856452392	0.766553890768	0.640889318511	0.584823586274	0.528757854036	0.520541324311	0.748187530208	0.53939101015	0.477042049299	0.432092798453	0.48622522958	0.474142097632	0.761720637989	0.501691638473	0.475592073465	0.445142580957	0.0	0.336394393427	0.533107781537	0.499275012083	0.511358144031	0.567423876269	0.752054132431	0.681971967134	0.543257612373	0.572257129048	0.539874335428	0.635572740454	0.596423392943	0.666988883519	0.636056065732	0.563073948768	0.591590140164	0.579023682939	0.762203963267	0.687288545191	0.743837602707	0.722571290478	0.676655389077	0.720637989367	0.626872885452	0.616723054616	0.622522957951	0.621072982117	0.610439826003	0.717254712421	0.627839536008	0.699371677139	0.584340260996	0.678105364911
AG8	0.599806669889	0.599323344611	0.844369260512	0.575640405993	0.69212179797	0.568873852102	0.694055099082	0.553890768487	0.561140647656	0.610439826003	0.599323344611	0.651039149348	0.625422909618	0.739004349928	0.652489125181	0.58337361044	0.58095698405	0.58095698405	0.69453842436	0.5186080232	0.505074915418	0.48380860319	0.559207346544	0.545674238763	0.764137264379	0.512324794587	0.542774287095	0.505558240696	0.336394393427	0.0	0.578057032383	0.553407443209	0.576607056549	0.597873368777	0.770420492992	0.700338327695	0.596423392943	0.575157080715	0.579023682939	0.652972450459	0.615273078782	0.665538907685	0.650072498792	0.585306911551	0.628322861286	0.610439826003	0.761720637989	0.685838569357	0.746737554374	0.724987916868	0.681488641856	0.721121314645	0.64572257129	0.638472692122	0.626872885452	0.637506041566	0.631222812953	0.723054615756	0.647655872402	0.699855002417	0.608023199613	0.681488641856
AH7	0.602706621556	0.617206379894	0.951184146931	0.694055099082	0.704688255196	0.567423876269	0.730304494925	0.541807636539	0.540840985984	0.649105848236	0.533107781537	0.639922667956	0.633639439343	0.87723537941	0.673755437409	0.602706621556	0.533591106815	0.487191880135	0.888351860802	0.732237796037	0.570807153214	0.531174480425	0.501691638473	0.506041565974	0.836636056066	0.565973900435	0.484775253746	0.500241662639	0.533107781537	0.578057032383	0.0	0.33107781537	0.559690671822	0.619623006283	0.795553407443	0.733204446593	0.54857419043	0.637506041566	0.59255679072	0.668438859352	0.639439342678	0.755437409377	0.738037699372	0.641855969067	0.6389560174	0.623006283229	0.765587240213	0.717738037699	0.768970517158	0.735621072982	0.699371677139	0.738037699372	0.62735621073	0.622039632673	0.621072982117	0.629289511841	0.621072982117	0.737554374094	0.635572740454	0.712421459642	0.608989850169	0.708554857419
AH8	0.578540357661	0.564523924601	0.94441759304	0.653455775737	0.662155630739	0.519091348478	0.702754954084	0.484291928468	0.489125181247	0.605606573224	0.51377477042	0.603673272112	0.578057032383	0.863218946351	0.618656355727	0.568390526825	0.430159497342	0.388593523441	0.897535041083	0.728854519091	0.546157564041	0.476558724021	0.482358627356	0.490575157081	0.840019333011	0.5601739971	0.477525374577	0.470275495408	0.499275012083	0.553407443209	0.33107781537	0.0	0.492508458192	0.551474142098	0.766070565491	0.692605123248	0.532624456259	0.585790236829	0.537941034316	0.623006283229	0.587240212663	0.711938134364	0.68970517158	0.588690188497	0.586273562107	0.565973900435	0.711454809087	0.664572257129	0.721121314645	0.687288545191	0.64813919768	0.683421942968	0.570807153214	0.573707104882	0.574190430159	0.581440309328	0.55775737071	0.679555340744	0.581440309328	0.669888835186	0.545674238763	0.657805703238
AA5	0.604639922668	0.493958434026	0.959400676655	0.637989366844	0.599806669889	0.449492508458	0.636056065732	0.38666022233	0.385693571774	0.533107781537	0.4398260029	0.541324311261	0.518124697922	0.872885451909	0.527307878202	0.554857419043	0.434026099565	0.42822619623	0.929917834703	0.757370710488	0.562107298212	0.486708554857	0.484291928468	0.494441759304	0.900918318028	0.607056549058	0.442725954567	0.443209279845	0.511358144031	0.576607056549	0.559690671822	0.492508458192	0.0	0.351377477042	0.686321894635	0.572257129048	0.46302561624	0.452392460126	0.446109231513	0.528274528758	0.469308844853	0.621072982117	0.589173513775	0.459159014016	0.516674722088	0.482358627356	0.700338327695	0.633639439343	0.672788786854	0.654422426293	0.639439342678	0.681005316578	0.528274528758	0.549057515708	0.556307394877	0.548090865152	0.527307878202	0.66892218463	0.551957467376	0.632672788787	0.498791686805	0.62735621073
AA6	0.616239729338	0.501208313195	0.962783953601	0.646205896568	0.614789753504	0.47462542291	0.65055582407	0.446592556791	0.452392460126	0.550024166264	0.506041565974	0.551474142098	0.50700821653	0.871918801353	0.552440792653	0.563557274045	0.485741904302	0.478975350411	0.937651039149	0.765103914935	0.608506524891	0.541324311261	0.551474142098	0.555340744321	0.903334944418	0.619623006283	0.503141614306	0.516674722088	0.567423876269	0.597873368777	0.619623006283	0.551474142098	0.351377477042	0.0	0.675688738521	0.565007249879	0.510874818753	0.493958434026	0.475592073465	0.555340744321	0.478975350411	0.652005799903	0.617206379894	0.493958434026	0.448042532624	0.429676172064	0.688738521025	0.622522957951	0.665538907685	0.646205896568	0.619139681005	0.65973900435	0.523441275979	0.537941034316	0.543257612373	0.533107781537	0.538907684872	0.653455775737	0.5601739971	0.623972933784	0.511841469309	0.622039632673
AB5	0.7593040116	0.677622039633	0.971000483325	0.721121314645	0.619139681005	0.652005799903	0.752537457709	0.664088931851	0.679072015466	0.688738521025	0.673755437409	0.612856452392	0.658772353794	0.893185113581	0.699855002417	0.719671338811	0.708554857419	0.697438376027	0.948767520541	0.823586273562	0.819236346061	0.753020782987	0.746737554374	0.753987433543	0.93281778637	0.781536974384	0.704204929918	0.719671338811	0.752054132431	0.770420492992	0.795553407443	0.766070565491	0.686321894635	0.675688738521	0.0	0.328177863702	0.626389560174	0.669888835186	0.626389560174	0.631222812953	0.617689705172	0.738037699372	0.722571290478	0.660222329628	0.62735621073	0.621556307395	0.619623006283	0.613823102948	0.623972933784	0.603673272112	0.627839536008	0.621072982117	0.615273078782	0.609473175447	0.622039632673	0.624456259062	0.678105364911	0.599806669889	0.670372160464	0.601256645723	0.685838569357	0.611889801837
AB6	0.684388593523	0.586273562107	0.968583856936	0.663122281295	0.56935717738	0.565007249879	0.665538907685	0.558724021266	0.597390043499	0.587723537941	0.601256645723	0.517158047366	0.590140164331	0.884485258579	0.608989850169	0.633156114065	0.643305944901	0.632189463509	0.948284195263	0.781053649106	0.740937651039	0.6805219913	0.678588690188	0.678105364911	0.927501208313	0.725471242146	0.635572740454	0.648622522958	0.681971967134	0.700338327695	0.733204446593	0.692605123248	0.572257129048	0.565007249879	0.328177863702	0.0	0.558240695988	0.5601739971	0.560657322378	0.532624456259	0.51619139681	0.649589173514	0.631222812953	0.540840985984	0.547607539874	0.535524407927	0.606089898502	0.543740937651	0.586273562107	0.556790720155	0.558240695988	0.579023682939	0.533591106815	0.53939101015	0.5601739971	0.55775737071	0.599323344611	0.561623972934	0.601739971	0.542774287095	0.618173030449	0.541807636539
AC5	0.622522957951	0.559207346544	0.975350410826	0.659255679072	0.616723054616	0.463992266796	0.68970517158	0.444175930401	0.448525857902	0.58337361044	0.411309811503	0.552440792653	0.537941034316	0.888351860802	0.61333977767	0.594006766554	0.475592073465	0.444175930401	0.95601739971	0.78250362494	0.623972933784	0.548090865152	0.500241662639	0.492508458192	0.921701304978	0.62493958434	0.448525857902	0.473658772354	0.543257612373	0.596423392943	0.54857419043	0.532624456259	0.46302561624	0.510874818753	0.626389560174	0.558240695988	0.0	0.457709038183	0.430159497342	0.574190430159	0.505558240696	0.713871435476	0.67133881102	0.538424359594	0.475108748188	0.471725471242	0.619623006283	0.567907201547	0.621556307395	0.598356694055	0.566457225713	0.59497341711	0.497825036249	0.486708554857	0.491058482359	0.49299178347	0.557274045433	0.594006766554	0.577090381827	0.571290478492	0.515708071532	0.567907201547
AC6	0.628806186564	0.518124697922	0.951184146931	0.618173030449	0.584340260996	0.499758337361	0.550024166264	0.47462542291	0.51619139681	0.458675688739	0.542774287095	0.536491058482	0.547607539874	0.855969067182	0.52537457709	0.576607056549	0.547124214596	0.545674238763	0.918801353311	0.743837602707	0.62735621073	0.570807153214	0.58095698405	0.573223779604	0.898018366361	0.612856452392	0.540357660706	0.531174480425	0.572257129048	0.575157080715	0.637506041566	0.585790236829	0.452392460126	0.493958434026	0.669888835186	0.5601739971	0.457709038183	0.0	0.51377477042	0.510391493475	0.491541807637	0.492025132914	0.446109231513	0.404543257612	0.563073948768	0.540840985984	0.688738521025	0.633156114065	0.670855485742	0.649105848236	0.625422909618	0.65973900435	0.574190430159	0.577090381827	0.574673755437	0.570807153214	0.556307394877	0.658772353794	0.580473658772	0.620106331561	0.54857419043	0.634122764621
AD6	0.605123247946	0.508941517641	0.972933784437	0.62493958434	0.575640405993	0.413243112615	0.639922667956	0.429676172064	0.440309328178	0.54857419043	0.4398260029	0.519091348478	0.502658289029	0.882068632189	0.572257129048	0.55099081682	0.463992266796	0.448042532624	0.950700821653	0.769453842436	0.598356694055	0.524891251812	0.524891251812	0.526824552924	0.909134847753	0.613823102948	0.478492025133	0.491541807637	0.539874335428	0.579023682939	0.59255679072	0.537941034316	0.446109231513	0.475592073465	0.626389560174	0.560657322378	0.430159497342	0.51377477042	0.0	0.515708071532	0.390043499275	0.686805219913	0.660222329628	0.517158047366	0.463992266796	0.454325761237	0.607539874335	0.544707588207	0.597873368777	0.565007249879	0.552924117931	0.591590140164	0.471725471242	0.462058965684	0.470758820686	0.467858869019	0.520057999033	0.577090381827	0.537457709038	0.551474142098	0.469308844853	0.549057515708
AE5	0.628322861286	0.51619139681	0.973900434993	0.62493958434	0.550024166264	0.52779120348	0.591590140164	0.529724504592	0.580473658772	0.524891251812	0.599323344611	0.493475108748	0.546157564041	0.883035282745	0.534557757371	0.572257129048	0.585790236829	0.58095698405	0.930884485259	0.761720637989	0.71532141131	0.642822619623	0.641855969067	0.642339294345	0.880135331078	0.656355727405	0.602223296278	0.607539874335	0.635572740454	0.652972450459	0.668438859352	0.623006283229	0.528274528758	0.555340744321	0.631222812953	0.532624456259	0.574190430159	0.510391493475	0.515708071532	0.0	0.334461092315	0.608506524891	0.58095698405	0.483325277912	0.605606573224	0.603673272112	0.64572257129	0.594006766554	0.628806186564	0.602223296278	0.602706621556	0.63653939101	0.522474625423	0.546640889319	0.577573707105	0.541324311261	0.545674238763	0.620106331561	0.553890768487	0.585306911551	0.554857419043	0.597390043499
AE6	0.612373127115	0.47220879652	0.973417109715	0.607539874335	0.532141130981	0.450942484292	0.580473658772	0.44900918318	0.504108264862	0.498791686805	0.521024649589	0.478492025133	0.496375060416	0.880135331078	0.526341227646	0.530691155147	0.521991300145	0.503624939584	0.939584340261	0.757854035766	0.669888835186	0.593040115998	0.59497341711	0.595940067666	0.904301594973	0.641372643789	0.541807636539	0.5601739971	0.596423392943	0.615273078782	0.639439342678	0.587240212663	0.469308844853	0.478975350411	0.617689705172	0.51619139681	0.505558240696	0.491541807637	0.390043499275	0.334461092315	0.0	0.626872885452	0.599806669889	0.46060898985	0.531174480425	0.523441275979	0.619623006283	0.558240695988	0.597873368777	0.570807153214	0.565490575157	0.60415659739	0.472692121798	0.475108748188	0.499758337361	0.471242145964	0.501208313195	0.588690188497	0.520057999033	0.551957467376	0.499275012083	0.5601739971
AF5	0.707588206863	0.631222812953	0.931851135814	0.652005799903	0.669405509908	0.679072015466	0.563073948768	0.639439342678	0.690188496858	0.563557274045	0.719188013533	0.623972933784	0.66892218463	0.845335911068	0.593040115998	0.663122281295	0.715804736588	0.723054615756	0.873852102465	0.711938134364	0.709038182697	0.675205413243	0.720154664089	0.71532141131	0.873852102465	0.693571773804	0.704688255196	0.66892218463	0.666988883519	0.665538907685	0.755437409377	0.711938134364	0.621072982117	0.652005799903	0.738037699372	0.649589173514	0.713871435476	0.492025132914	0.686805219913	0.608506524891	0.626872885452	0.0	0.274528757854	0.539874335428	0.72450459159	0.711454809087	0.758820686322	0.712421459642	0.753020782987	0.721121314645	0.72692121798	0.751087481875	0.689221846303	0.710971483809	0.721121314645	0.705171580474	0.671822136298	0.734171097148	0.679555340744	0.69453842436	0.708554857419	0.713388110198
AF6	0.695021749638	0.607539874335	0.927017883035	0.643305944901	0.651039149348	0.649589173514	0.547607539874	0.611889801837	0.656355727405	0.532141130981	0.690671822136	0.612373127115	0.641855969067	0.843402609957	0.566457225713	0.651522474625	0.691155147414	0.692605123248	0.881101981634	0.716288061866	0.696471725471	0.654905751571	0.686805219913	0.683905268246	0.875302078299	0.670855485742	0.676172063799	0.644755920735	0.636056065732	0.650072498792	0.738037699372	0.68970517158	0.589173513775	0.617206379894	0.722571290478	0.631222812953	0.67133881102	0.446109231513	0.660222329628	0.58095698405	0.599806669889	0.274528757854	0.0	0.510874818753	0.69212179797	0.679072015466	0.749154180764	0.700338327695	0.73852102465	0.712421459642	0.703238279362	0.737071048816	0.662638956017	0.679072015466	0.69212179797	0.678588690188	0.636056065732	0.725471242146	0.643305944901	0.683905268246	0.682455292412	0.700338327695
