	AA3	AA4	AB3	AB4	AC3	AC4	AD3	AD4	AE3	AE4	AF3	AF4	AG3	AG4	AH3	AH4	AA7	AA8	AB7	AB8	AC7	AC8	AD7	AD8	AE7	AE8	AF7	AF8	AG7	AG8	AH7	AH8	AA5	AA6	AB5	AB6	AC5	AC6	AD6	AE5	AE6	AF5	AF6	AG5	AH5	AH6	AA1	AA2	AB1	AB2	AC1	AC2	AD1	AD2	AE1	AE2	AF1	AF2	AG1	AG2	AH1	AH2
AA3	0.0	0.502658289029	0.940550990817	0.648622522958	0.666022232963	0.575157080715	0.6805219913	0.571290478492	0.561623972934	0.614789753504	0.595940067666	0.620106331561	0.58095698405	0.848235862736	0.659255679072	0.329144514258	0.571290478492	0.558240695988	0.85886901885	0.725954567424	0.599806669889	0.558240695988	0.565973900435	0.569840502658	0.830836152731	0.567907201547	0.559207346544	0.562107298212	0.579507008217	0.594006766554	0.580473658772	0.563073948768	0.573707104882	0.584340260996	0.753987433543	0.695988400193	0.587240212663	0.616239729338	0.603189946834	0.637989366844	0.591106814886	0.720637989367	0.706621556307	0.619623006283	0.610439826003	0.614789753504	0.683421942968	0.652489125181	0.710488158531	0.66892218463	0.634606089899	0.67133881102	0.589656839053	0.566457225713	0.568873852102	0.578540357661	0.587240212663	0.684388593523	0.586273562107	0.678105364911	0.579507008217	0.673272112131
AA4	0.502658289029	0.0	0.949734171097	0.573707104882	0.578540357661	0.487191880135	0.596906718221	0.494441759304	0.51377477042	0.517641372644	0.566457225713	0.512324794587	0.467375543741	0.852585790237	0.364910584824	0.376993716771	0.533107781537	0.522957950701	0.889801836636	0.733204446593	0.656839052682	0.577090381827	0.575157080715	0.576607056549	0.874818753021	0.612856452392	0.542290961817	0.5601739971	0.599806669889	0.602223296278	0.627839536008	0.58337361044	0.508941517641	0.521024649589	0.664572257129	0.601739971	0.551474142098	0.515224746254	0.534074432093	0.526824552924	0.485741904302	0.635089415176	0.608506524891	0.522957950701	0.576607056549	0.574190430159	0.634122764621	0.576607056549	0.607539874335	0.601256645723	0.582890285162	0.622039632673	0.529241179314	0.507491541808	0.524407926535	0.510391493475	0.490575157081	0.61575640406	0.497341710971	0.594490091832	0.509908168197	0.579023682939
AB3	0.940550990817	0.949734171097	0.0	0.673755437409	0.913484775254	0.951667472209	0.958917351377	0.949734171097	0.934751087482	0.951667472209	0.97680038666	0.942484291928	0.969067182214	0.346060898985	0.963267278879	0.947317544708	0.973900434993	0.971483808603	0.722087965201	0.750604156597	0.884485258579	0.916384726921	0.95360077332	0.949734171097	0.855485741904	0.898018366361	0.945867568874	0.933784436926	0.841469308845	0.829869502175	0.953117448043	0.950217496375	0.958917351377	0.963750604157	0.977283711938	0.966650555824	0.977283711938	0.956500724988	0.977767037216	0.977283711938	0.97680038666	0.93523441276	0.936684388594	0.955050749154	0.978733687772	0.975350410826	0.974867085549	0.973900434993	0.974383760271	0.974867085549	0.972933784437	0.972933784437	0.977283711938	0.976317061382	0.976317061382	0.97680038666	0.974867085549	0.974383760271	0.973900434993	0.977283711938	0.975350410826	0.973417109715
AB4	0.648622522958	0.573707104882	0.673755437409	0.0	0.628322861286	0.601739971	0.6805219913	0.623006283229	0.617206379894	0.610923151281	0.647655872402	0.605123247946	0.490091831803	0.55099081682	0.607056549058	0.598356694055	0.635572740454	0.632189463509	0.727887868536	0.57177380377	0.651522474625	0.632672788787	0.646689221846	0.647655872402	0.797970033833	0.627839536008	0.653939101015	0.6389560174	0.550024166264	0.566457225713	0.691638472692	0.649589173514	0.642822619623	0.655389076849	0.723537941034	0.669405509908	0.636056065732	0.628322861286	0.6389560174	0.621556307395	0.631222812953	0.665538907685	0.648622522958	0.624456259062	0.681005316578	0.673272112131	0.70130497825	0.661188980184	0.694055099082	0.670855485742	0.661672305462	0.6805219913	0.637506041566	0.631222812953	0.654905751571	0.6389560174	0.642822619623	0.682455292412	0.626389560174	0.660222329628	0.653939101015	0.664572257129
AC3	0.666022232963	0.578540357661	0.913484775254	0.628322861286	0.0	0.502658289029	0.652489125181	0.56259062349	0.581440309328	0.600289995167	0.632672788787	0.343644272595	0.608023199613	0.819719671339	0.603673272112	0.601739971	0.62735621073	0.611889801837	0.856935717738	0.7593040116	0.728371193813	0.688255195747	0.716288061866	0.713388110198	0.82165297245	0.688255195747	0.668438859352	0.695505074915	0.672788786854	0.672788786854	0.714354760754	0.673272112131	0.619623006283	0.642339294345	0.637022716288	0.595456742388	0.622039632673	0.600289995167	0.594006766554	0.568390526825	0.579990333494	0.673755437409	0.661672305462	0.579990333494	0.65055582407	0.640889318511	0.587240212663	0.582890285162	0.578057032383	0.580473658772	0.590623489609	0.579990333494	0.554374093765	0.570323827936	0.587240212663	0.555824069599	0.625422909618	0.579990333494	0.619139681005	0.597873368777	0.623006283229	0.589656839053
AC4	0.575157080715	0.487191880135	0.951667472209	0.601739971	0.502658289029	0.0	0.624456259062	0.401643305945	0.420492991783	0.526824552924	0.359110681489	0.404059932334	0.494441759304	0.854519091348	0.559690671822	0.526824552924	0.478975350411	0.46060898985	0.924601256646	0.762687288545	0.580473658772	0.519091348478	0.51377477042	0.510874818753	0.883518608023	0.570323827936	0.489608506525	0.520057999033	0.529724504592	0.555824069599	0.568390526825	0.52537457709	0.456259062349	0.47462542291	0.656355727405	0.588206863219	0.454809086515	0.507974867086	0.424359594007	0.54857419043	0.489125181247	0.681005316578	0.651039149348	0.497341710971	0.508458192363	0.491541807637	0.634606089899	0.586273562107	0.598356694055	0.601256645723	0.585306911551	0.623006283229	0.519574673755	0.495891735138	0.523441275979	0.521507974867	0.535524407927	0.613823102948	0.541324311261	0.593523441276	0.474142097632	0.588690188497
AD3	0.6805219913	0.596906718221	0.958917351377	0.6805219913	0.652489125181	0.624456259062	0.0	0.545190913485	0.652972450459	0.362010633156	0.686321894635	0.621072982117	0.650072498792	0.86805219913	0.573707104882	0.641855969067	0.68970517158	0.690188496858	0.937651039149	0.78250362494	0.721604639923	0.702271628806	0.705171580474	0.70130497825	0.915418076365	0.687771870469	0.70372160464	0.698888351861	0.695021749638	0.69212179797	0.724987916868	0.697438376027	0.637989366844	0.664572257129	0.741420976317	0.685838569357	0.679072015466	0.549057515708	0.637506041566	0.59255679072	0.584823586274	0.570323827936	0.544707588207	0.570807153214	0.709038182697	0.687288545191	0.768003866602	0.715804736588	0.73368777187	0.718221362977	0.713388110198	0.742870952151	0.66892218463	0.662638956017	0.676655389077	0.65973900435	0.637989366844	0.724987916868	0.637506041566	0.718221362977	0.695505074915	0.724021266312
AD4	0.571290478492	0.494441759304	0.949734171097	0.623006283229	0.56259062349	0.401643305945	0.545190913485	0.0	0.320444659256	0.418076365394	0.43064282262	0.493475108748	0.523924601257	0.858385693572	0.551474142098	0.523441275979	0.466408893185	0.456259062349	0.930884485259	0.768970517158	0.575640405993	0.487191880135	0.483325277912	0.478975350411	0.903334944418	0.584823586274	0.443209279845	0.471242145964	0.505558240696	0.555824069599	0.543257612373	0.49540840986	0.399226679555	0.450942484292	0.652489125181	0.58337361044	0.425326244563	0.489125181247	0.41904301595	0.558240695988	0.46979217013	0.653455775737	0.623006283229	0.480908651522	0.502658289029	0.480908651522	0.667472208797	0.609473175447	0.633156114065	0.629772837119	0.611889801837	0.649105848236	0.537457709038	0.509424842919	0.53020782987	0.537941034316	0.52779120348	0.640889318511	0.547124214596	0.625906234896	0.499758337361	0.614306428226
AE3	0.561623972934	0.51377477042	0.934751087482	0.617206379894	0.581440309328	0.420492991783	0.652972450459	0.320444659256	0.0	0.524891251812	0.400193330111	0.519574673755	0.514741420976	0.848235862736	0.572740454326	0.533591106815	0.446109231513	0.437892701788	0.922667955534	0.766070565491	0.556307394877	0.477042049299	0.466408893185	0.468342194297	0.896568390527	0.580473658772	0.435476075399	0.464958917351	0.488641855969	0.544224262929	0.544707588207	0.496375060416	0.394393426776	0.455775737071	0.666022232963	0.600289995167	0.414693088449	0.528757854036	0.435959400677	0.611889801837	0.526824552924	0.695988400193	0.658772353794	0.515708071532	0.505558240696	0.479942000967	0.66892218463	0.616239729338	0.640405993233	0.634606089899	0.611889801837	0.653939101015	0.545190913485	0.519091348478	0.541324311261	0.544707588207	0.548090865152	0.648622522958	0.567423876269	0.628806186564	0.490575157081	0.618656355727
AE4	0.614789753504	0.517641372644	0.951667472209	0.610923151281	0.600289995167	0.526824552924	0.362010633156	0.418076365394	0.524891251812	0.0	0.593040115998	0.553407443209	0.58095698405	0.85886901885	0.536491058482	0.554374093765	0.593523441276	0.594006766554	0.927017883035	0.765587240213	0.659255679072	0.593040115998	0.59255679072	0.586756887385	0.898501691638	0.613823102948	0.591590140164	0.587240212663	0.594490091832	0.591590140164	0.645239246013	0.600289995167	0.536491058482	0.564040599323	0.695505074915	0.631222812953	0.581440309328	0.480908651522	0.542774287095	0.530691155147	0.507974867086	0.581440309328	0.552924117931	0.497341710971	0.616239729338	0.598840019333	0.717738037699	0.664572257129	0.685838569357	0.681005316578	0.660222329628	0.688255195747	0.607056549058	0.572740454326	0.591590140164	0.594490091832	0.577090381827	0.685355244079	0.585790236829	0.677622039633	0.595456742388	0.666988883519
AF3	0.595940067666	0.566457225713	0.97680038666	0.647655872402	0.632672788787	0.359110681489	0.686321894635	0.43064282262	0.400193330111	0.593040115998	0.0	0.52779120348	0.540357660706	0.883035282745	0.620106331561	0.583856935718	0.454809086515	0.458192363461	0.957950700822	0.80328661189	0.599323344611	0.534074432093	0.433059449009	0.433059449009	0.922667955534	0.614306428226	0.432092798453	0.517158047366	0.533107781537	0.590140164331	0.534557757371	0.512324794587	0.445142580957	0.505074915418	0.668438859352	0.617206379894	0.414693088449	0.555824069599	0.432092798453	0.616723054616	0.554374093765	0.724021266312	0.695988400193	0.541324311261	0.50700821653	0.487675205413	0.661672305462	0.608506524891	0.647655872402	0.625422909618	0.609956500725	0.647172547124	0.552924117931	0.513291445143	0.538424359594	0.541324311261	0.573707104882	0.640889318511	0.588690188497	0.623972933784	0.506524891252	0.617206379894
AF4	0.620106331561	0.512324794587	0.942484291928	0.605123247946	0.343644272595	0.404059932334	0.621072982117	0.493475108748	0.519574673755	0.553407443209	0.52779120348	0.0	0.541324311261	0.845819236346	0.561623972934	0.553407443209	0.567907201547	0.550024166264	0.896085065249	0.744804253262	0.691155147414	0.625906234896	0.641372643789	0.641372643789	0.857902368294	0.623006283229	0.598356694055	0.630739487675	0.631706138231	0.637022716288	0.658772353794	0.616239729338	0.553890768487	0.572740454326	0.608023199613	0.531657805703	0.556307394877	0.548090865152	0.522474625423	0.524891251812	0.522474625423	0.64572257129	0.630256162397	0.523924601257	0.563557274045	0.555340744321	0.58337361044	0.528274528758	0.553407443209	0.534557757371	0.53939101015	0.566457225713	0.487675205413	0.496858385694	0.521991300145	0.50700821653	0.557274045433	0.556790720155	0.557274045433	0.540357660706	0.550024166264	0.52779120348
AG3	0.58095698405	0.467375543741	0.969067182214	0.490091831803	0.608023199613	0.494441759304	0.650072498792	0.523924601257	0.514741420976	0.58095698405	0.540357660706	0.541324311261	0.0	0.842435959401	0.534557757371	0.520057999033	0.501208313195	0.482841952634	0.928951184147	0.769937167714	0.664088931851	0.596423392943	0.584340260996	0.593040115998	0.883035282745	0.620589656839	0.548090865152	0.578540357661	0.617206379894	0.622522957951	0.626872885452	0.569840502658	0.53020782987	0.522474625423	0.663605606573	0.61333977767	0.526341227646	0.551474142098	0.514741420976	0.572740454326	0.521991300145	0.687771870469	0.658289028516	0.53697438376	0.563557274045	0.556307394877	0.612373127115	0.588206863219	0.615273078782	0.610923151281	0.575157080715	0.604639922668	0.52779120348	0.512808119865	0.532141130981	0.526824552924	0.53020782987	0.599323344611	0.537457709038	0.599323344611	0.499275012083	0.573707104882
AG4	0.848235862736	0.852585790237	0.346060898985	0.55099081682	0.819719671339	0.854519091348	0.86805219913	0.858385693572	0.848235862736	0.85886901885	0.883035282745	0.845819236346	0.842435959401	0.0	0.870952150797	0.849685838569	0.885451909135	0.885935234413	0.702754954084	0.677138714355	0.806186563557	0.836636056066	0.87046882552	0.871435476075	0.823586273562	0.813919768004	0.863218946351	0.847752537458	0.761720637989	0.749637506042	0.883035282745	0.866602223296	0.867085548574	0.873368777187	0.897535041083	0.882068632189	0.885451909135	0.85886901885	0.883518608023	0.883035282745	0.880618656356	0.848719188014	0.845819236346	0.866118898018	0.895118414693	0.883035282745	0.881585306912	0.883518608023	0.885935234413	0.881101981634	0.890285161914	0.882551957467	0.888351860802	0.884001933301	0.895601739971	0.887868535524	0.886418559691	0.883035282745	0.882068632189	0.8796520058	0.890285161914	0.885935234413
AH3	0.659255679072	0.364910584824	0.963267278879	0.607056549058	0.603673272112	0.559690671822	0.573707104882	0.551474142098	0.572740454326	0.536491058482	0.620106331561	0.561623972934	0.534557757371	0.870952150797	0.0	0.535524407927	0.598840019333	0.600289995167	0.929434509425	0.781053649106	0.705171580474	0.644272595457	0.633639439343	0.640889318511	0.906234896085	0.694055099082	0.634606089899	0.632672788787	0.680038666022	0.673755437409	0.698888351861	0.64813919768	0.550507491542	0.586273562107	0.711938134364	0.656355727405	0.622522957951	0.552924117931	0.599806669889	0.559690671822	0.555340744321	0.611406476559	0.579023682939	0.563073948768	0.647655872402	0.644272595457	0.707104881585	0.629772837119	0.658289028516	0.664572257129	0.643305944901	0.673755437409	0.608506524891	0.601739971	0.60657322378	0.60415659739	0.576607056549	0.67133881102	0.568873852102	0.652005799903	0.589173513775	0.645239246013
AH4	0.329144514258	0.376993716771	0.947317544708	0.598356694055	0.601739971	0.526824552924	0.641855969067	0.523441275979	0.533591106815	0.554374093765	0.583856935718	0.553407443209	0.520057999033	0.849685838569	0.535524407927	0.0	0.536491058482	0.526341227646	0.868535524408	0.733204446593	0.631222812953	0.563557274045	0.571290478492	0.564523924601	0.847752537458	0.586756887385	0.55775737071	0.552924117931	0.58337361044	0.593040115998	0.594490091832	0.54857419043	0.542774287095	0.544224262929	0.699371677139	0.631706138231	0.564040599323	0.569840502658	0.550507491542	0.575640405993	0.531657805703	0.678588690188	0.648622522958	0.567423876269	0.592073465442	0.588206863219	0.641372643789	0.597390043499	0.65973900435	0.618656355727	0.594006766554	0.623972933784	0.532624456259	0.520057999033	0.529724504592	0.525857902368	0.510391493475	0.622039632673	0.517641372644	0.628322861286	0.541807636539	0.616723054616
AA7	0.571290478492	0.533107781537	0.973900434993	0.635572740454	0.62735621073	0.478975350411	0.68970517158	0.466408893185	0.446109231513	0.593523441276	0.454809086515	0.567907201547	0.501208313195	0.885451909135	0.598840019333	0.536491058482	0.0	0.290961817303	0.91445142581	0.779603673272	0.594006766554	0.505558240696	0.480908651522	0.481875302078	0.871918801353	0.585306911551	0.441275978734	0.475108748188	0.527307878202	0.575157080715	0.514741420976	0.413726437893	0.434509424843	0.496375060416	0.709038182697	0.656355727405	0.464475592073	0.561140647656	0.472692121798	0.608023199613	0.554374093765	0.72450459159	0.701788303528	0.578540357661	0.537457709038	0.515708071532	0.655872402127	0.607056549058	0.657805703238	0.63653939101	0.590623489609	0.629772837119	0.528274528758	0.514741420976	0.52537457709	0.532624456259	0.534557757371	0.62735621073	0.55099081682	0.644755920735	0.484291928468	0.614789753504
AA8	0.558240695988	0.522957950701	0.971483808603	0.632189463509	0.611889801837	0.46060898985	0.690188496858	0.456259062349	0.437892701788	0.594006766554	0.458192363461	0.550024166264	0.482841952634	0.885935234413	0.600289995167	0.526341227646	0.290961817303	0.0	0.910584823586	0.771387143548	0.582890285162	0.496858385694	0.489125181247	0.483325277912	0.859352344128	0.565490575157	0.441275978734	0.471242145964	0.510874818753	0.559690671822	0.492025132914	0.384726921218	0.42822619623	0.48380860319	0.704688255196	0.647172547124	0.461092315128	0.558240695988	0.46060898985	0.602223296278	0.544707588207	0.728371193813	0.698888351861	0.568873852102	0.522474625423	0.505074915418	0.634606089899	0.589656839053	0.653939101015	0.62735621073	0.57177380377	0.613823102948	0.507491541808	0.502658289029	0.520057999033	0.521507974867	0.531174480425	0.613823102948	0.545674238763	0.629772837119	0.46979217013	0.599806669889
AB7	0.85886901885	0.889801836636	0.722087965201	0.727887868536	0.856935717738	0.924601256646	0.937651039149	0.930884485259	0.922667955534	0.927017883035	0.957950700822	0.896085065249	0.928951184147	0.702754954084	0.929434509425	0.868535524408	0.91445142581	0.910584823586	0.0	0.404543257612	0.797970033833	0.843885935234	0.927984533591	0.920251329145	0.73368777187	0.815369743838	0.886418559691	0.871918801353	0.747220879652	0.702754954084	0.884001933301	0.884968583857	0.92363460609	0.933301111648	0.943934267762	0.934267762204	0.949250845819	0.912518124698	0.950217496375	0.930884485259	0.936684388594	0.876752054132	0.87723537941	0.914934751087	0.947800869986	0.946350894152	0.921701304978	0.914934751087	0.933784436926	0.922667955534	0.922667955534	0.913001449976	0.913484775254	0.910101498308	0.913001449976	0.910101498308	0.922184630256	0.90961817303	0.916868052199	0.925084581924	0.947317544708	0.929917834703
AB8	0.725954567424	0.733204446593	0.750604156597	0.57177380377	0.7593040116	0.762687288545	0.78250362494	0.768970517158	0.766070565491	0.765587240213	0.80328661189	0.744804253262	0.769937167714	0.677138714355	0.781053649106	0.733204446593	0.779603673272	0.771387143548	0.404543257612	0.0	0.649105848236	0.687288545191	0.759787336878	0.750604156597	0.744320927985	0.666505558241	0.730304494925	0.706138231029	0.552440792653	0.540357660706	0.750120831319	0.745770903818	0.764137264379	0.774770420493	0.830352827453	0.782986950217	0.790236829386	0.750604156597	0.785886901885	0.771387143548	0.769453842436	0.731271145481	0.727404543258	0.75688738521	0.792170130498	0.790720154664	0.827936201063	0.777187046883	0.795070082165	0.786853552441	0.784920251329	0.799420009667	0.776220396327	0.76848719188	0.774770420493	0.775253745771	0.773803769937	0.79168680522	0.770420492992	0.782986950217	0.782986950217	0.779603673272
AC7	0.599806669889	0.656839052682	0.884485258579	0.651522474625	0.728371193813	0.580473658772	0.721604639923	0.575640405993	0.556307394877	0.659255679072	0.599323344611	0.691155147414	0.664088931851	0.806186563557	0.705171580474	0.631222812953	0.594006766554	0.582890285162	0.797970033833	0.649105848236	0.0	0.367327211213	0.561623972934	0.562107298212	0.815369743838	0.56935717738	0.541807636539	0.505074915418	0.471242145964	0.492025132914	0.567907201547	0.55099081682	0.554374093765	0.600289995167	0.805219913001	0.749637506042	0.611406476559	0.641372643789	0.61333977767	0.724021266312	0.66892218463	0.717254712421	0.696955050749	0.638472692122	0.630739487675	0.608023199613	0.809086515225	0.755437409377	0.795070082165	0.786370227163	0.742387626873	0.784920251329	0.69212179797	0.666022232963	0.673755437409	0.688738521025	0.667955534074	0.791203479942	0.672788786854	0.772353794103	0.619623006283	0.757370710488
AC8	0.558240695988	0.577090381827	0.916384726921	0.632672788787	0.688255195747	0.519091348478	0.702271628806	0.487191880135	0.477042049299	0.593040115998	0.534074432093	0.625906234896	0.596423392943	0.836636056066	0.644272595457	0.563557274045	0.505558240696	0.496858385694	0.843885935234	0.687288545191	0.367327211213	0.0	0.471725471242	0.468342194297	0.836152730788	0.539874335428	0.399226679555	0.364427259546	0.440309328178	0.476558724021	0.507491541808	0.459159014016	0.474142097632	0.52779120348	0.73852102465	0.675205413243	0.524891251812	0.572257129048	0.532141130981	0.648622522958	0.588690188497	0.685355244079	0.656355727405	0.581923634606	0.561623972934	0.547607539874	0.728371193813	0.672788786854	0.718704688255	0.710971483809	0.665055582407	0.704688255196	0.61333977767	0.585306911551	0.597390043499	0.608506524891	0.582890285162	0.708554857419	0.59497341711	0.695988400193	0.53697438376	0.681005316578
AD7	0.565973900435	0.575157080715	0.95360077332	0.646689221846	0.716288061866	0.51377477042	0.705171580474	0.483325277912	0.466408893185	0.59255679072	0.433059449009	0.641372643789	0.584340260996	0.87046882552	0.633639439343	0.571290478492	0.480908651522	0.489125181247	0.927984533591	0.759787336878	0.561623972934	0.471725471242	0.0	0.287578540358	0.885935234413	0.500241662639	0.414693088449	0.449492508458	0.477525374577	0.537941034316	0.499275012083	0.465442242629	0.468825519575	0.527307878202	0.734171097148	0.673272112131	0.491058482359	0.575157080715	0.520057999033	0.64572257129	0.593523441276	0.720637989367	0.686805219913	0.584340260996	0.549540840986	0.545190913485	0.73368777187	0.672788786854	0.716288061866	0.705654905752	0.661672305462	0.696471725471	0.618173030449	0.582406959884	0.592073465442	0.617206379894	0.579990333494	0.704204929918	0.587240212663	0.69453842436	0.546640889319	0.670855485742
AD8	0.569840502658	0.576607056549	0.949734171097	0.647655872402	0.713388110198	0.510874818753	0.70130497825	0.478975350411	0.468342194297	0.586756887385	0.433059449009	0.641372643789	0.593040115998	0.871435476075	0.640889318511	0.564523924601	0.481875302078	0.483325277912	0.920251329145	0.750604156597	0.562107298212	0.468342194297	0.287578540358	0.0	0.853552440793	0.474142097632	0.400676655389	0.448042532624	0.469308844853	0.524891251812	0.494441759304	0.467375543741	0.470275495408	0.534074432093	0.737071048816	0.676172063799	0.490091831803	0.578057032383	0.515708071532	0.646205896568	0.590140164331	0.72450459159	0.695021749638	0.590140164331	0.553890768487	0.543740937651	0.738037699372	0.678105364911	0.725954567424	0.714838086032	0.667472208797	0.702754954084	0.623006283229	0.586756887385	0.593040115998	0.62493958434	0.593523441276	0.711454809087	0.602706621556	0.698888351861	0.553890768487	0.681971967134
AE7	0.830836152731	0.874818753021	0.855485741904	0.797970033833	0.82165297245	0.883518608023	0.915418076365	0.903334944418	0.896568390527	0.898501691638	0.922667955534	0.857902368294	0.883035282745	0.823586273562	0.906234896085	0.847752537458	0.871918801353	0.859352344128	0.73368777187	0.744320927985	0.815369743838	0.836152730788	0.885935234413	0.853552440793	0.0	0.558724021266	0.870952150797	0.862735621073	0.759787336878	0.765587240213	0.838086031899	0.842435959401	0.894635089415	0.900918318028	0.930401159981	0.916868052199	0.918801353311	0.893185113581	0.917834702755	0.878685355244	0.906234896085	0.875302078299	0.8796520058	0.885935234413	0.933784436926	0.924601256646	0.890285161914	0.894635089415	0.910584823586	0.893185113581	0.90285161914	0.895601739971	0.890285161914	0.892218463026	0.898018366361	0.889318511358	0.903818269696	0.889801836636	0.898018366361	0.907684871919	0.911068148864	0.908168197197
AE8	0.567907201547	0.612856452392	0.898018366361	0.627839536008	0.688255195747	0.570323827936	0.687771870469	0.584823586274	0.580473658772	0.613823102948	0.614306428226	0.623006283229	0.620589656839	0.813919768004	0.694055099082	0.586756887385	0.585306911551	0.565490575157	0.815369743838	0.666505558241	0.56935717738	0.539874335428	0.500241662639	0.474142097632	0.558724021266	0.0	0.567423876269	0.554374093765	0.499758337361	0.505074915418	0.559207346544	0.547607539874	0.588690188497	0.591106814886	0.760753987434	0.700821652972	0.604639922668	0.589173513775	0.60657322378	0.658289028516	0.634606089899	0.693571773804	0.671822136298	0.607056549058	0.621072982117	0.620589656839	0.739004349928	0.691638472692	0.741420976317	0.709521507975	0.68970517158	0.721121314645	0.645239246013	0.609956500725	0.635572740454	0.641372643789	0.629289511841	0.710971483809	0.638472692122	0.710004833253	0.593523441276	0.687288545191
AF7	0.559207346544	0.542290961817	0.945867568874	0.653939101015	0.668438859352	0.489608506525	0.70372160464	0.443209279845	0.435476075399	0.591590140164	0.432092798453	0.598356694055	0.548090865152	0.863218946351	0.634606089899	0.55775737071	0.441275978734	0.441275978734	0.886418559691	0.730304494925	0.541807636539	0.399226679555	0.414693088449	0.400676655389	0.870952150797	0.567423876269	0.0	0.327211213146	0.473175447076	0.524407926535	0.482841952634	0.470758820686	0.421459642339	0.485258579024	0.70130497825	0.63653939101	0.459159014016	0.538424359594	0.490575157081	0.622039632673	0.547124214596	0.704688255196	0.670855485742	0.554857419043	0.528757854036	0.514741420976	0.674722087965	0.626389560174	0.685355244079	0.674722087965	0.611889801837	0.65055582407	0.565007249879	0.535524407927	0.548090865152	0.567423876269	0.546640889319	0.649105848236	0.567907201547	0.663605606573	0.485741904302	0.631222812953
AF8	0.562107298212	0.5601739971	0.933784436926	0.6389560174	0.695505074915	0.520057999033	0.698888351861	0.471242145964	0.464958917351	0.587240212663	0.517158047366	0.630739487675	0.578540357661	0.847752537458	0.632672788787	0.552924117931	0.475108748188	0.471242145964	0.871918801353	0.706138231029	0.505074915418	0.364427259546	0.449492508458	0.448042532624	0.862735621073	0.554374093765	0.327211213146	0.0	0.432092798453	0.488641855969	0.513291445143	0.461575640406	0.440309328178	0.505558240696	0.731271145481	0.668438859352	0.497341710971	0.560657322378	0.515708071532	0.635572740454	0.569840502658	0.678588690188	0.649105848236	0.572257129048	0.555340744321	0.545674238763	0.706621556307	0.656839052682	0.713388110198	0.702271628806	0.642822619623	0.679072015466	0.596423392943	0.567423876269	0.579990333494	0.594490091832	0.565973900435	0.681005316578	0.575640405993	0.688738521025	0.509424842919	0.664572257129
AG7	0.579507008217	0.599806669889	0.841469308845	0.550024166264	0.672788786854	0.529724504592	0.695021749638	0.505558240696	0.488641855969	0.594490091832	0.533107781537	0.631706138231	0.617206379894	0.761720637989	0.680038666022	0.58337361044	0.527307878202	0.510874818753	0.747220879652	0.552440792653	0.471242145964	0.440309328178	0.477525374577	0.469308844853	0.759787336878	0.499758337361	0.473175447076	0.432092798453	0.0	0.309328177864	0.528757854036	0.495891735138	0.49540840986	0.563073948768	0.749154180764	0.686805219913	0.520541324311	0.576607056549	0.539874335428	0.65055582407	0.611406476559	0.672788786854	0.644272595457	0.580473658772	0.586273562107	0.578540357661	0.745770903818	0.685355244079	0.728371193813	0.718704688255	0.673272112131	0.719188013533	0.632672788787	0.600773320445	0.619139681005	0.632672788787	0.625422909618	0.713388110198	0.635572740454	0.705171580474	0.579507008217	0.688738521025
AG8	0.594006766554	0.602223296278	0.829869502175	0.566457225713	0.672788786854	0.555824069599	0.69212179797	0.555824069599	0.544224262929	0.591590140164	0.590140164331	0.637022716288	0.622522957951	0.749637506042	0.673755437409	0.593040115998	0.575157080715	0.559690671822	0.702754954084	0.540357660706	0.492025132914	0.476558724021	0.537941034316	0.524891251812	0.765587240213	0.505074915418	0.524407926535	0.488641855969	0.309328177864	0.0	0.576607056549	0.539874335428	0.55099081682	0.572257129048	0.748670855486	0.685355244079	0.573707104882	0.57177380377	0.581440309328	0.652972450459	0.611406476559	0.66892218463	0.641372643789	0.58337361044	0.597873368777	0.590623489609	0.748670855486	0.68970517158	0.727887868536	0.718221362977	0.679555340744	0.717738037699	0.639439342678	0.609956500725	0.626872885452	0.6389560174	0.631706138231	0.717738037699	0.646205896568	0.70130497825	0.593523441276	0.689221846303
AH7	0.580473658772	0.627839536008	0.953117448043	0.691638472692	0.714354760754	0.568390526825	0.724987916868	0.543257612373	0.544707588207	0.645239246013	0.534557757371	0.658772353794	0.626872885452	0.883035282745	0.698888351861	0.594490091832	0.514741420976	0.492025132914	0.884001933301	0.750120831319	0.567907201547	0.507491541808	0.499275012083	0.494441759304	0.838086031899	0.559207346544	0.482841952634	0.513291445143	0.528757854036	0.576607056549	0.0	0.321894635089	0.5601739971	0.614306428226	0.784436926051	0.730304494925	0.555824069599	0.642822619623	0.585790236829	0.681971967134	0.649589173514	0.763170613823	0.74770420493	0.651522474625	0.623006283229	0.615273078782	0.756404059932	0.709038182697	0.761720637989	0.737554374094	0.699855002417	0.734171097148	0.6389560174	0.623972933784	0.623006283229	0.643305944901	0.620589656839	0.734654422426	0.636056065732	0.730304494925	0.60415659739	0.72450459159
AH8	0.563073948768	0.58337361044	0.950217496375	0.649589173514	0.673272112131	0.52537457709	0.697438376027	0.49540840986	0.496375060416	0.600289995167	0.512324794587	0.616239729338	0.569840502658	0.866602223296	0.64813919768	0.54857419043	0.413726437893	0.384726921218	0.884968583857	0.745770903818	0.55099081682	0.459159014016	0.465442242629	0.467375543741	0.842435959401	0.547607539874	0.470758820686	0.461575640406	0.495891735138	0.539874335428	0.321894635089	0.0	0.496858385694	0.549540840986	0.750604156597	0.68970517158	0.510874818753	0.588690188497	0.533107781537	0.637989366844	0.59497341711	0.721604639923	0.695505074915	0.603673272112	0.567423876269	0.558240695988	0.705171580474	0.658772353794	0.712421459642	0.683905268246	0.646205896568	0.678105364911	0.588690188497	0.572740454326	0.575640405993	0.592073465442	0.566940550991	0.681488641856	0.586273562107	0.678105364911	0.547607539874	0.670372160464
AA5	0.573707104882	0.508941517641	0.958917351377	0.642822619623	0.619623006283	0.456259062349	0.637989366844	0.399226679555	0.394393426776	0.536491058482	0.445142580957	0.553890768487	0.53020782987	0.867085548574	0.550507491542	0.542774287095	0.434509424843	0.42822619623	0.92363460609	0.764137264379	0.554374093765	0.474142097632	0.468825519575	0.470275495408	0.894635089415	0.588690188497	0.421459642339	0.440309328178	0.49540840986	0.55099081682	0.5601739971	0.496858385694	0.0	0.355244079265	0.686321894635	0.61333977767	0.459642339294	0.466892218463	0.459159014016	0.555340744321	0.497825036249	0.62735621073	0.595456742388	0.478008699855	0.524407926535	0.482358627356	0.701788303528	0.64572257129	0.666022232963	0.670372160464	0.65055582407	0.685355244079	0.559207346544	0.546640889319	0.568390526825	0.573707104882	0.537457709038	0.675688738521	0.562107298212	0.660222329628	0.501691638473	0.644755920735
AA6	0.584340260996	0.521024649589	0.963750604157	0.655389076849	0.642339294345	0.47462542291	0.664572257129	0.450942484292	0.455775737071	0.564040599323	0.505074915418	0.572740454326	0.522474625423	0.873368777187	0.586273562107	0.544224262929	0.496375060416	0.48380860319	0.933301111648	0.774770420493	0.600289995167	0.52779120348	0.527307878202	0.534074432093	0.900918318028	0.591106814886	0.485258579024	0.505558240696	0.563073948768	0.572257129048	0.614306428226	0.549540840986	0.355244079265	0.0	0.672788786854	0.597390043499	0.503141614306	0.503141614306	0.490575157081	0.581923634606	0.50700821653	0.668438859352	0.635089415176	0.499758337361	0.444659255679	0.428709521508	0.685838569357	0.632189463509	0.658289028516	0.65732237796	0.625906234896	0.664572257129	0.545674238763	0.531657805703	0.551474142098	0.557274045433	0.543740937651	0.657805703238	0.567907201547	0.640889318511	0.501208313195	0.632189463509
AB5	0.753987433543	0.664572257129	0.977283711938	0.723537941034	0.637022716288	0.656355727405	0.741420976317	0.652489125181	0.666022232963	0.695505074915	0.668438859352	0.608023199613	0.663605606573	0.897535041083	0.711938134364	0.699371677139	0.709038182697	0.704688255196	0.943934267762	0.830352827453	0.805219913001	0.73852102465	0.734171097148	0.737071048816	0.930401159981	0.760753987434	0.70130497825	0.731271145481	0.749154180764	0.748670855486	0.784436926051	0.750604156597	0.686321894635	0.672788786854	0.0	0.306911551474	0.634122764621	0.663605606573	0.623972933784	0.633156114065	0.616723054616	0.737071048816	0.735621072982	0.634122764621	0.620106331561	0.614789753504	0.609956500725	0.620106331561	0.628322861286	0.605606573224	0.625906234896	0.614789753504	0.596423392943	0.595456742388	0.612373127115	0.622039632673	0.666988883519	0.599806669889	0.666505558241	0.612373127115	0.679555340744	0.617206379894
AB6	0.695988400193	0.601739971	0.966650555824	0.669405509908	0.595456742388	0.588206863219	0.685838569357	0.58337361044	0.600289995167	0.631222812953	0.617206379894	0.531657805703	0.61333977767	0.882068632189	0.656355727405	0.631706138231	0.656355727405	0.647172547124	0.934267762204	0.782986950217	0.749637506042	0.675205413243	0.673272112131	0.676172063799	0.916868052199	0.700821652972	0.63653939101	0.668438859352	0.686805219913	0.685355244079	0.730304494925	0.68970517158	0.61333977767	0.597390043499	0.306911551474	0.0	0.585790236829	0.59255679072	0.570807153214	0.56259062349	0.551474142098	0.677138714355	0.666505558241	0.545190913485	0.561140647656	0.55099081682	0.592073465442	0.558240695988	0.587240212663	0.564040599323	0.567423876269	0.584340260996	0.534557757371	0.543740937651	0.559207346544	0.567423876269	0.60415659739	0.561140647656	0.612373127115	0.567907201547	0.623006283229	0.553407443209
AC5	0.587240212663	0.551474142098	0.977283711938	0.636056065732	0.622039632673	0.454809086515	0.679072015466	0.425326244563	0.414693088449	0.581440309328	0.414693088449	0.556307394877	0.526341227646	0.885451909135	0.622522957951	0.564040599323	0.464475592073	0.461092315128	0.949250845819	0.790236829386	0.611406476559	0.524891251812	0.491058482359	0.490091831803	0.918801353311	0.604639922668	0.459159014016	0.497341710971	0.520541324311	0.573707104882	0.555824069599	0.510874818753	0.459642339294	0.503141614306	0.634122764621	0.585790236829	0.0	0.444659255679	0.423392943451	0.579990333494	0.522474625423	0.71290478492	0.670372160464	0.513291445143	0.484775253746	0.464958917351	0.609956500725	0.575640405993	0.623006283229	0.59497341711	0.574673755437	0.604639922668	0.5186080232	0.4813919768	0.504108264862	0.513291445143	0.553890768487	0.599323344611	0.564040599323	0.579990333494	0.507491541808	0.574673755437
AC6	0.616239729338	0.515224746254	0.956500724988	0.628322861286	0.600289995167	0.507974867086	0.549057515708	0.489125181247	0.528757854036	0.480908651522	0.555824069599	0.548090865152	0.551474142098	0.85886901885	0.552924117931	0.569840502658	0.561140647656	0.558240695988	0.912518124698	0.750604156597	0.641372643789	0.572257129048	0.575157080715	0.578057032383	0.893185113581	0.589173513775	0.538424359594	0.560657322378	0.576607056549	0.57177380377	0.642822619623	0.588690188497	0.466892218463	0.503141614306	0.663605606573	0.59255679072	0.444659255679	0.0	0.524407926535	0.518124697922	0.505074915418	0.497341710971	0.453359110681	0.415176413726	0.562107298212	0.54857419043	0.675688738521	0.632672788787	0.649589173514	0.642822619623	0.639922667956	0.670855485742	0.585790236829	0.5601739971	0.584823586274	0.579023682939	0.550507491542	0.656355727405	0.566457225713	0.637022716288	0.545190913485	0.630739487675
AD6	0.603189946834	0.534074432093	0.977767037216	0.6389560174	0.594006766554	0.424359594007	0.637506041566	0.41904301595	0.435959400677	0.542774287095	0.432092798453	0.522474625423	0.514741420976	0.883518608023	0.599806669889	0.550507491542	0.472692121798	0.46060898985	0.950217496375	0.785886901885	0.61333977767	0.532141130981	0.520057999033	0.515708071532	0.917834702755	0.60657322378	0.490575157081	0.515708071532	0.539874335428	0.581440309328	0.585790236829	0.533107781537	0.459159014016	0.490575157081	0.623972933784	0.570807153214	0.423392943451	0.524407926535	0.0	0.555340744321	0.435959400677	0.700338327695	0.670372160464	0.520057999033	0.475592073465	0.449492508458	0.599806669889	0.550024166264	0.594490091832	0.578540357661	0.553407443209	0.596423392943	0.492508458192	0.460125664572	0.484775253746	0.480425326245	0.540357660706	0.581923634606	0.547124214596	0.577573707105	0.47462542291	0.556307394877
AE5	0.637989366844	0.526824552924	0.977283711938	0.621556307395	0.568390526825	0.54857419043	0.59255679072	0.558240695988	0.611889801837	0.530691155147	0.616723054616	0.524891251812	0.572740454326	0.883035282745	0.559690671822	0.575640405993	0.608023199613	0.602223296278	0.930884485259	0.771387143548	0.724021266312	0.648622522958	0.64572257129	0.646205896568	0.878685355244	0.658289028516	0.622039632673	0.635572740454	0.65055582407	0.652972450459	0.681971967134	0.637989366844	0.555340744321	0.581923634606	0.633156114065	0.56259062349	0.579990333494	0.518124697922	0.555340744321	0.0	0.357660705655	0.60657322378	0.587723537941	0.512808119865	0.621556307395	0.620106331561	0.639922667956	0.60657322378	0.622522957951	0.607539874335	0.614306428226	0.640405993233	0.544707588207	0.55775737071	0.589656839053	0.563073948768	0.559690671822	0.622522957951	0.564040599323	0.615273078782	0.575640405993	0.607056549058
AE6	0.591106814886	0.485741904302	0.97680038666	0.631222812953	0.579990333494	0.489125181247	0.584823586274	0.46979217013	0.526824552924	0.507974867086	0.554374093765	0.522474625423	0.521991300145	0.880618656356	0.555340744321	0.531657805703	0.554374093765	0.544707588207	0.936684388594	0.769453842436	0.66892218463	0.588690188497	0.593523441276	0.590140164331	0.906234896085	0.634606089899	0.547124214596	0.569840502658	0.611406476559	0.611406476559	0.649589173514	0.59497341711	0.497825036249	0.50700821653	0.616723054616	0.551474142098	0.522474625423	0.505074915418	0.435959400677	0.357660705655	0.0	0.645239246013	0.615273078782	0.49299178347	0.542774287095	0.540357660706	0.630739487675	0.585790236829	0.612373127115	0.603189946834	0.584340260996	0.625906234896	0.51377477042	0.501691638473	0.517641372644	0.508941517641	0.51377477042	0.611889801837	0.524891251812	0.598356694055	0.510874818753	0.592073465442
AF5	0.720637989367	0.635089415176	0.93523441276	0.665538907685	0.673755437409	0.681005316578	0.570323827936	0.653455775737	0.695988400193	0.581440309328	0.724021266312	0.64572257129	0.687771870469	0.848719188014	0.611406476559	0.678588690188	0.72450459159	0.728371193813	0.876752054132	0.731271145481	0.717254712421	0.685355244079	0.720637989367	0.72450459159	0.875302078299	0.693571773804	0.704688255196	0.678588690188	0.672788786854	0.66892218463	0.763170613823	0.721604639923	0.62735621073	0.668438859352	0.737071048816	0.677138714355	0.71290478492	0.497341710971	0.700338327695	0.60657322378	0.645239246013	0.0	0.282745287579	0.563073948768	0.734654422426	0.714354760754	0.761720637989	0.731754470759	0.737071048816	0.728371193813	0.744804253262	0.75688738521	0.706138231029	0.709521507975	0.726437892702	0.71290478492	0.682455292412	0.741904301595	0.674238762687	0.720637989367	0.716771387144	0.725954567424
AF6	0.706621556307	0.608506524891	0.936684388594	0.648622522958	0.661672305462	0.651039149348	0.544707588207	0.623006283229	0.658772353794	0.552924117931	0.695988400193	0.630256162397	0.658289028516	0.845819236346	0.579023682939	0.648622522958	0.701788303528	0.698888351861	0.87723537941	0.727404543258	0.696955050749	0.656355727405	0.686805219913	0.695021749638	0.8796520058	0.671822136298	0.670855485742	0.649105848236	0.644272595457	0.641372643789	0.74770420493	0.695505074915	0.595456742388	0.635089415176	0.735621072982	0.666505558241	0.670372160464	0.453359110681	0.670372160464	0.587723537941	0.615273078782	0.282745287579	0.0	0.529724504592	0.705171580474	0.681488641856	0.756404059932	0.702754954084	0.715804736588	0.706138231029	0.704204929918	0.738037699372	0.675688738521	0.681971967134	0.699855002417	0.681971967134	0.648622522958	0.722087965201	0.640405993233	0.699371677139	0.686805219913	0.707104881585
