	AA3	AA4	AB3	AB4	AC3	AC4	AD3	AD4	AE3	AE4	AF3	AF4	AG3	AG4	AH3	AH4	AA7	AA8	AB7	AB8	AC7	AC8	AD7	AD8	AE7	AE8	AF7	AF8	AG7	AG8	AH7	AH8	AA5	AA6	AB5	AB6	AC5	AC6	AD6	AE5	AE6	AF5	AF6	AG5	AH5	AH6	AA1	AA2	AB1	AB2	AC1	AC2	AD1	AD2	AE1	AE2	AF1	AF2	AG1	AG2	AH1	AH2
AA3	0.0	0.50459159014	0.933784436926	0.637989366844	0.659255679072	0.596906718221	0.667472208797	0.586273562107	0.587723537941	0.627839536008	0.619623006283	0.627839536008	0.588206863219	0.853552440793	0.676172063799	0.338327694538	0.579023682939	0.575640405993	0.85886901885	0.70130497825	0.621556307395	0.573223779604	0.610923151281	0.600289995167	0.832286128565	0.598356694055	0.576607056549	0.5601739971	0.587240212663	0.588690188497	0.591590140164	0.567907201547	0.594006766554	0.600773320445	0.74770420493	0.685355244079	0.620589656839	0.625422909618	0.608023199613	0.634122764621	0.608506524891	0.714354760754	0.704688255196	0.618173030449	0.632189463509	0.621072982117	0.687288545191	0.649589173514	0.714354760754	0.662155630739	0.644272595457	0.674238762687	0.575640405993	0.565007249879	0.573707104882	0.565973900435	0.575157080715	0.651039149348	0.593040115998	0.662155630739	0.589173513775	0.643789270179
AA4	0.50459159014	0.0	0.950217496375	0.584340260996	0.589173513775	0.519574673755	0.599806669889	0.508458192363	0.523441275979	0.538907684872	0.572740454326	0.546157564041	0.490091831803	0.866602223296	0.378443692605	0.374093765104	0.538907684872	0.532141130981	0.882068632189	0.709521507975	0.671822136298	0.582406959884	0.580473658772	0.579990333494	0.86805219913	0.619139681005	0.574190430159	0.556790720155	0.60415659739	0.619623006283	0.635572740454	0.567907201547	0.526824552924	0.530691155147	0.679072015466	0.602706621556	0.579507008217	0.537457709038	0.54857419043	0.534557757371	0.513291445143	0.629289511841	0.596423392943	0.53697438376	0.598356694055	0.588206863219	0.647172547124	0.585306911551	0.639439342678	0.58337361044	0.597873368777	0.630739487675	0.538907684872	0.520057999033	0.535041082649	0.531174480425	0.494441759304	0.611889801837	0.498308361527	0.593523441276	0.536491058482	0.582890285162
AB3	0.933784436926	0.950217496375	0.0	0.664088931851	0.916384726921	0.955050749154	0.952634122765	0.941034316095	0.941034316095	0.947800869986	0.971967133881	0.934751087482	0.962783953601	0.32866118898	0.961333977767	0.942484291928	0.970033832769	0.96520057999	0.744804253262	0.756404059932	0.89125181247	0.907684871919	0.960850652489	0.955534074432	0.848719188014	0.896568390527	0.941517641373	0.926051232479	0.836152730788	0.820202996617	0.95360077332	0.954084098598	0.957467375544	0.964233929435	0.973900434993	0.965683905268	0.972933784437	0.956500724988	0.972450459159	0.972450459159	0.971967133881	0.930884485259	0.931367810536	0.94683421943	0.977767037216	0.968583856936	0.971000483325	0.971967133881	0.969067182214	0.971483808603	0.973900434993	0.970033832769	0.972933784437	0.971967133881	0.975350410826	0.972450459159	0.971967133881	0.970517158047	0.972450459159	0.972450459159	0.971967133881	0.971967133881
AB4	0.637989366844	0.584340260996	0.664088931851	0.0	0.649589173514	0.618656355727	0.68293861769	0.619139681005	0.626872885452	0.634606089899	0.648622522958	0.623489608507	0.487191880135	0.555824069599	0.615273078782	0.600773320445	0.649105848236	0.639922667956	0.728371193813	0.558724021266	0.665055582407	0.62735621073	0.666988883519	0.658772353794	0.789753504108	0.639439342678	0.657805703238	0.640405993233	0.55099081682	0.580473658772	0.691638472692	0.653455775737	0.652489125181	0.666505558241	0.735137747704	0.678105364911	0.662638956017	0.651522474625	0.636056065732	0.642822619623	0.635089415176	0.65732237796	0.652972450459	0.635572740454	0.68293861769	0.680038666022	0.706138231029	0.667955534074	0.697438376027	0.669405509908	0.676172063799	0.683421942968	0.644272595457	0.651522474625	0.658289028516	0.646205896568	0.644272595457	0.672788786854	0.64572257129	0.667472208797	0.652489125181	0.669405509908
AC3	0.659255679072	0.589173513775	0.916384726921	0.649589173514	0.0	0.484291928468	0.627839536008	0.535041082649	0.565007249879	0.575640405993	0.616723054616	0.314644755921	0.612856452392	0.839536007733	0.620106331561	0.611889801837	0.631706138231	0.621072982117	0.876268728855	0.745770903818	0.736587723538	0.669888835186	0.708554857419	0.700338327695	0.837119381344	0.672305461576	0.664572257129	0.663605606573	0.673755437409	0.684871918801	0.70372160464	0.65732237796	0.598840019333	0.623006283229	0.623006283229	0.584340260996	0.62493958434	0.564523924601	0.598356694055	0.550507491542	0.543740937651	0.643305944901	0.629772837119	0.555824069599	0.638472692122	0.637022716288	0.609473175447	0.601256645723	0.586273562107	0.577573707105	0.60415659739	0.602223296278	0.546640889319	0.582406959884	0.588206863219	0.57177380377	0.60415659739	0.594490091832	0.618656355727	0.58337361044	0.613823102948	0.589173513775
AC4	0.596906718221	0.519574673755	0.955050749154	0.618656355727	0.484291928468	0.0	0.611406476559	0.409376510391	0.415659739004	0.523441275979	0.340744320928	0.417593040116	0.511358144031	0.873368777187	0.57177380377	0.547124214596	0.491541807637	0.484291928468	0.92363460609	0.737554374094	0.601256645723	0.53697438376	0.519574673755	0.520057999033	0.894635089415	0.593040115998	0.508941517641	0.522474625423	0.538424359594	0.577573707105	0.590140164331	0.527307878202	0.454325761237	0.473175447076	0.633639439343	0.55775737071	0.468342194297	0.49540840986	0.431609473175	0.545190913485	0.464475592073	0.672305461576	0.644755920735	0.506524891252	0.499275012083	0.483325277912	0.639922667956	0.578057032383	0.602706621556	0.579990333494	0.58095698405	0.61575640406	0.496858385694	0.498791686805	0.504108264862	0.508941517641	0.541807636539	0.595940067666	0.551957467376	0.576607056549	0.478492025133	0.567423876269
AD3	0.667472208797	0.599806669889	0.952634122765	0.68293861769	0.627839536008	0.611406476559	0.0	0.511358144031	0.639922667956	0.354760753987	0.675205413243	0.600289995167	0.642339294345	0.872885451909	0.595456742388	0.6389560174	0.683421942968	0.676655389077	0.938134364427	0.751570807153	0.71532141131	0.688255195747	0.693088448526	0.692605123248	0.922184630256	0.69212179797	0.699371677139	0.687771870469	0.689221846303	0.686805219913	0.717254712421	0.689221846303	0.623972933784	0.649105848236	0.73852102465	0.664572257129	0.667472208797	0.53697438376	0.628322861286	0.583856935718	0.575640405993	0.552924117931	0.528757854036	0.544224262929	0.692605123248	0.684388593523	0.763170613823	0.701788303528	0.729821169647	0.701788303528	0.698888351861	0.739487675205	0.654905751571	0.662155630739	0.666022232963	0.655872402127	0.629772837119	0.722571290478	0.633156114065	0.698405026583	0.685355244079	0.705654905752
AD4	0.586273562107	0.508458192363	0.941034316095	0.619139681005	0.535041082649	0.409376510391	0.511358144031	0.0	0.3194780087	0.403093281779	0.45142580957	0.491058482359	0.501691638473	0.859835669406	0.536007733204	0.521507974867	0.482358627356	0.477525374577	0.931851135814	0.742870952151	0.584823586274	0.509424842919	0.501208313195	0.496858385694	0.90043499275	0.598840019333	0.478008699855	0.468825519575	0.513291445143	0.579507008217	0.565973900435	0.496858385694	0.411309811503	0.443209279845	0.633639439343	0.550507491542	0.445142580957	0.460125664572	0.41904301595	0.533591106815	0.469308844853	0.629289511841	0.594490091832	0.479458675689	0.491058482359	0.465925567907	0.652972450459	0.590140164331	0.621556307395	0.60415659739	0.593523441276	0.631706138231	0.509424842919	0.494441759304	0.502658289029	0.509424842919	0.526341227646	0.616723054616	0.533591106815	0.595456742388	0.497825036249	0.58095698405
AE3	0.587723537941	0.523441275979	0.941034316095	0.626872885452	0.565007249879	0.415659739004	0.639922667956	0.3194780087	0.0	0.51619139681	0.406476558724	0.524407926535	0.500724987917	0.863218946351	0.567423876269	0.532624456259	0.45142580957	0.441759304012	0.929434509425	0.742870952151	0.562107298212	0.496375060416	0.468825519575	0.47462542291	0.899951667472	0.600289995167	0.452875785404	0.44900918318	0.510874818753	0.580473658772	0.540840985984	0.486708554857	0.397293378444	0.462058965684	0.657805703238	0.586273562107	0.432092798453	0.514741420976	0.432092798453	0.592073465442	0.5186080232	0.6805219913	0.654422426293	0.53020782987	0.497825036249	0.468825519575	0.65732237796	0.594006766554	0.633639439343	0.605606573224	0.595456742388	0.637989366844	0.518124697922	0.501691638473	0.519091348478	0.525857902368	0.547607539874	0.623006283229	0.543257612373	0.595940067666	0.491541807637	0.587723537941
AE4	0.627839536008	0.538907684872	0.947800869986	0.634606089899	0.575640405993	0.523441275979	0.354760753987	0.403093281779	0.51619139681	0.0	0.583856935718	0.541324311261	0.570323827936	0.864668922185	0.554857419043	0.572740454326	0.595456742388	0.592073465442	0.933784436926	0.744320927985	0.666022232963	0.593523441276	0.595940067666	0.59255679072	0.913968100532	0.625906234896	0.594006766554	0.581440309328	0.582406959884	0.600773320445	0.649105848236	0.597873368777	0.534074432093	0.559690671822	0.698888351861	0.618656355727	0.575157080715	0.466408893185	0.550024166264	0.52779120348	0.520541324311	0.579023682939	0.547124214596	0.492508458192	0.607056549058	0.600289995167	0.714354760754	0.656839052682	0.690671822136	0.666022232963	0.662638956017	0.69453842436	0.598356694055	0.590140164331	0.579990333494	0.602223296278	0.569840502658	0.68293861769	0.582406959884	0.65732237796	0.588206863219	0.652489125181
AF3	0.619623006283	0.572740454326	0.971967133881	0.648622522958	0.616723054616	0.340744320928	0.675205413243	0.45142580957	0.406476558724	0.583856935718	0.0	0.549057515708	0.524407926535	0.894635089415	0.608506524891	0.580473658772	0.447559207347	0.447075882069	0.955050749154	0.77090381827	0.599323344611	0.553407443209	0.425809569841	0.434992750121	0.917834702755	0.617689705172	0.450459159014	0.503141614306	0.55099081682	0.610439826003	0.527307878202	0.502174963751	0.434992750121	0.503141614306	0.672305461576	0.612373127115	0.418076365394	0.544707588207	0.448042532624	0.608506524891	0.533591106815	0.71532141131	0.68293861769	0.54857419043	0.512808119865	0.489608506525	0.669888835186	0.608023199613	0.65973900435	0.614789753504	0.608023199613	0.645239246013	0.543740937651	0.514741420976	0.52779120348	0.536491058482	0.577090381827	0.636056065732	0.578057032383	0.603673272112	0.498308361527	0.596423392943
AF4	0.627839536008	0.546157564041	0.934751087482	0.623489608507	0.314644755921	0.417593040116	0.600289995167	0.491058482359	0.524407926535	0.541324311261	0.549057515708	0.0	0.576607056549	0.849685838569	0.574190430159	0.574673755437	0.591590140164	0.579023682939	0.886418559691	0.715804736588	0.715804736588	0.639922667956	0.670855485742	0.666988883519	0.855969067182	0.651522474625	0.627839536008	0.634122764621	0.646689221846	0.653939101015	0.676172063799	0.619139681005	0.563073948768	0.587240212663	0.594006766554	0.525857902368	0.568390526825	0.531657805703	0.546640889319	0.513291445143	0.499275012083	0.61575640406	0.602223296278	0.521991300145	0.57177380377	0.570807153214	0.586273562107	0.539874335428	0.5601739971	0.520541324311	0.540840985984	0.56259062349	0.492025132914	0.519091348478	0.524891251812	0.51377477042	0.572740454326	0.547607539874	0.583856935718	0.518124697922	0.56259062349	0.527307878202
AG3	0.588206863219	0.490091831803	0.962783953601	0.487191880135	0.612856452392	0.511358144031	0.642339294345	0.501691638473	0.500724987917	0.570323827936	0.524407926535	0.576607056549	0.0	0.853069115515	0.539874335428	0.521024649589	0.504108264862	0.49299178347	0.933301111648	0.750604156597	0.663605606573	0.583856935718	0.578057032383	0.576607056549	0.893668438859	0.632672788787	0.561140647656	0.56259062349	0.600773320445	0.623006283229	0.631706138231	0.554857419043	0.523441275979	0.519574673755	0.667955534074	0.61575640406	0.535041082649	0.543740937651	0.515708071532	0.573707104882	0.520541324311	0.678105364911	0.650072498792	0.539874335428	0.558724021266	0.556307394877	0.637989366844	0.583856935718	0.632189463509	0.60415659739	0.594006766554	0.615273078782	0.53020782987	0.518124697922	0.535041082649	0.530691155147	0.545190913485	0.610439826003	0.546157564041	0.596906718221	0.490091831803	0.577573707105
AG4	0.853552440793	0.866602223296	0.32866118898	0.555824069599	0.839536007733	0.873368777187	0.872885451909	0.859835669406	0.863218946351	0.864668922185	0.894635089415	0.849685838569	0.853069115515	0.0	0.875302078299	0.861768970517	0.897051715805	0.891735137748	0.724987916868	0.683421942968	0.820686321895	0.83566940551	0.884001933301	0.880135331078	0.827452875785	0.825036249396	0.867085548574	0.849685838569	0.760753987434	0.739487675205	0.888351860802	0.87723537941	0.880135331078	0.885935234413	0.906234896085	0.890285161914	0.892701788304	0.869502174964	0.889318511358	0.889318511358	0.887868535524	0.853069115515	0.851619139681	0.870952150797	0.90043499275	0.893185113581	0.887385210246	0.890768487192	0.890768487192	0.886418559691	0.896568390527	0.890285161914	0.897051715805	0.89125181247	0.898018366361	0.893668438859	0.893185113581	0.891735137748	0.890285161914	0.88883518608	0.894635089415	0.891735137748
AH3	0.676172063799	0.378443692605	0.961333977767	0.615273078782	0.620106331561	0.57177380377	0.595456742388	0.536007733204	0.567423876269	0.554857419043	0.608506524891	0.574190430159	0.539874335428	0.875302078299	0.0	0.547124214596	0.60415659739	0.597390043499	0.933784436926	0.750604156597	0.713388110198	0.650072498792	0.638472692122	0.640405993233	0.913484775254	0.702271628806	0.651039149348	0.639439342678	0.675688738521	0.69212179797	0.708071532141	0.641855969067	0.555340744321	0.576607056549	0.709038182697	0.632189463509	0.635089415176	0.563557274045	0.597390043499	0.556790720155	0.564523924601	0.608023199613	0.574673755437	0.574673755437	0.646205896568	0.631706138231	0.709521507975	0.630256162397	0.660222329628	0.65055582407	0.652489125181	0.682455292412	0.613823102948	0.602223296278	0.613823102948	0.617689705172	0.573707104882	0.665055582407	0.568390526825	0.640405993233	0.599806669889	0.625906234896
AH4	0.338327694538	0.374093765104	0.942484291928	0.600773320445	0.611889801837	0.547124214596	0.6389560174	0.521507974867	0.532624456259	0.572740454326	0.580473658772	0.574673755437	0.521024649589	0.861768970517	0.547124214596	0.0	0.538907684872	0.534557757371	0.87046882552	0.709521507975	0.631706138231	0.555824069599	0.576607056549	0.567907201547	0.846302561624	0.603673272112	0.553890768487	0.533591106815	0.577573707105	0.59497341711	0.588690188497	0.53697438376	0.547124214596	0.547124214596	0.695505074915	0.635089415176	0.58095698405	0.576123731271	0.5601739971	0.572740454326	0.54857419043	0.675205413243	0.657805703238	0.566940550991	0.588690188497	0.581923634606	0.666505558241	0.608989850169	0.671822136298	0.620106331561	0.612373127115	0.645239246013	0.540357660706	0.517158047366	0.542290961817	0.524891251812	0.517158047366	0.626872885452	0.528757854036	0.619139681005	0.537941034316	0.602223296278
AA7	0.579023682939	0.538907684872	0.970033832769	0.649105848236	0.631706138231	0.491541807637	0.683421942968	0.482358627356	0.45142580957	0.595456742388	0.447559207347	0.591590140164	0.504108264862	0.897051715805	0.60415659739	0.538907684872	0.0	0.291445142581	0.922667955534	0.751570807153	0.591106814886	0.518124697922	0.477525374577	0.480425326245	0.883035282745	0.602223296278	0.454325761237	0.465925567907	0.534557757371	0.593523441276	0.523441275979	0.423876268729	0.440792653456	0.494925084582	0.711938134364	0.653455775737	0.471725471242	0.559207346544	0.496375060416	0.60415659739	0.561623972934	0.716288061866	0.688255195747	0.574190430159	0.536491058482	0.520541324311	0.680038666022	0.617206379894	0.679555340744	0.635089415176	0.612856452392	0.646689221846	0.537941034316	0.520057999033	0.529241179314	0.539874335428	0.537941034316	0.628322861286	0.543257612373	0.629289511841	0.497825036249	0.602706621556
AA8	0.575640405993	0.532141130981	0.96520057999	0.639922667956	0.621072982117	0.484291928468	0.676655389077	0.477525374577	0.441759304012	0.592073465442	0.447075882069	0.579023682939	0.49299178347	0.891735137748	0.597390043499	0.534557757371	0.291445142581	0.0	0.90961817303	0.735621072982	0.587240212663	0.510874818753	0.46979217013	0.468825519575	0.85645239246	0.575157080715	0.44900918318	0.462058965684	0.520541324311	0.581923634606	0.472692121798	0.379410343161	0.438376027066	0.489608506525	0.703238279362	0.646205896568	0.47220879652	0.55099081682	0.49299178347	0.593040115998	0.552924117931	0.713871435476	0.68293861769	0.565490575157	0.53697438376	0.515708071532	0.661672305462	0.607539874335	0.67133881102	0.620589656839	0.598356694055	0.633639439343	0.521024649589	0.508941517641	0.5186080232	0.526824552924	0.541807636539	0.61575640406	0.539874335428	0.619623006283	0.493475108748	0.59255679072
AB7	0.85886901885	0.882068632189	0.744804253262	0.728371193813	0.876268728855	0.92363460609	0.938134364427	0.931851135814	0.929434509425	0.933784436926	0.955050749154	0.886418559691	0.933301111648	0.724987916868	0.933784436926	0.87046882552	0.922667955534	0.90961817303	0.0	0.421942967617	0.811503141614	0.837602706622	0.937167713871	0.926534557757	0.73368777187	0.818753020783	0.890768487192	0.862735621073	0.725954567424	0.686321894635	0.878202029966	0.897051715805	0.924601256646	0.935717738038	0.936201063316	0.939101014983	0.948284195263	0.916868052199	0.954084098598	0.928951184147	0.929434509425	0.869502174964	0.883035282745	0.907684871919	0.954084098598	0.955050749154	0.921701304978	0.928467858869	0.937167713871	0.925567907202	0.924601256646	0.918801353311	0.908651522475	0.911551474142	0.908651522475	0.906718221363	0.916868052199	0.907201546641	0.927017883035	0.920251329145	0.950217496375	0.924601256646
AB8	0.70130497825	0.709521507975	0.756404059932	0.558724021266	0.745770903818	0.737554374094	0.751570807153	0.742870952151	0.742870952151	0.744320927985	0.77090381827	0.715804736588	0.750604156597	0.683421942968	0.750604156597	0.709521507975	0.751570807153	0.735621072982	0.421942967617	0.0	0.635089415176	0.648622522958	0.741420976317	0.727887868536	0.728371193813	0.63653939101	0.70130497825	0.667472208797	0.509424842919	0.496375060416	0.720637989367	0.723537941034	0.738037699372	0.748187530208	0.796036732721	0.754954084099	0.756404059932	0.724021266312	0.762203963267	0.741420976317	0.738037699372	0.698888351861	0.706621556307	0.714838086032	0.769937167714	0.765103914935	0.805703238279	0.751087481875	0.790720154664	0.751087481875	0.760270662156	0.775253745771	0.742387626873	0.744804253262	0.747220879652	0.74528757854	0.741420976317	0.758820686322	0.735137747704	0.740454325761	0.75688738521	0.749154180764
AC7	0.621556307395	0.671822136298	0.89125181247	0.665055582407	0.736587723538	0.601256645723	0.71532141131	0.584823586274	0.562107298212	0.666022232963	0.599323344611	0.715804736588	0.663605606573	0.820686321895	0.713388110198	0.631706138231	0.591106814886	0.587240212663	0.811503141614	0.635089415176	0.0	0.362493958434	0.572257129048	0.579023682939	0.826002899952	0.601739971	0.544707588207	0.509908168197	0.493958434026	0.52537457709	0.574190430159	0.559690671822	0.556790720155	0.600289995167	0.809086515225	0.744804253262	0.632189463509	0.637022716288	0.610439826003	0.71290478492	0.688255195747	0.713388110198	0.705654905752	0.646205896568	0.637506041566	0.605123247946	0.820202996617	0.760753987434	0.801836636056	0.775737071049	0.754954084099	0.790720154664	0.691638472692	0.664088931851	0.679555340744	0.678588690188	0.668438859352	0.779603673272	0.672788786854	0.768003866602	0.632189463509	0.753504108265
AC8	0.573223779604	0.582406959884	0.907684871919	0.62735621073	0.669888835186	0.53697438376	0.688255195747	0.509424842919	0.496375060416	0.593523441276	0.553407443209	0.639922667956	0.583856935718	0.83566940551	0.650072498792	0.555824069599	0.518124697922	0.510874818753	0.837602706622	0.648622522958	0.362493958434	0.0	0.504108264862	0.501208313195	0.835186080232	0.553407443209	0.414209763171	0.369260512325	0.444659255679	0.485741904302	0.542290961817	0.491541807637	0.492025132914	0.519574673755	0.72692121798	0.666988883519	0.554857419043	0.558724021266	0.536007733204	0.631222812953	0.602223296278	0.65732237796	0.639922667956	0.565007249879	0.56259062349	0.537941034316	0.740454325761	0.66892218463	0.730787820203	0.699855002417	0.669888835186	0.702754954084	0.607056549058	0.579507008217	0.589656839053	0.606089898502	0.589173513775	0.693571773804	0.584823586274	0.695021749638	0.544707588207	0.666022232963
AD7	0.610923151281	0.580473658772	0.960850652489	0.666988883519	0.708554857419	0.519574673755	0.693088448526	0.501208313195	0.468825519575	0.595940067666	0.425809569841	0.670855485742	0.578057032383	0.884001933301	0.638472692122	0.576607056549	0.477525374577	0.46979217013	0.937167713871	0.741420976317	0.572257129048	0.504108264862	0.0	0.283228612856	0.900918318028	0.528757854036	0.41904301595	0.455775737071	0.51377477042	0.584340260996	0.510391493475	0.47462542291	0.464475592073	0.534557757371	0.737071048816	0.665538907685	0.491541807637	0.573223779604	0.532624456259	0.63653939101	0.605123247946	0.719188013533	0.683905268246	0.584823586274	0.550024166264	0.53697438376	0.740454325761	0.669888835186	0.731271145481	0.696955050749	0.66892218463	0.70372160464	0.61333977767	0.577573707105	0.588206863219	0.60415659739	0.577573707105	0.691638472692	0.580473658772	0.687771870469	0.557274045433	0.661188980184
AD8	0.600289995167	0.579990333494	0.955534074432	0.658772353794	0.700338327695	0.520057999033	0.692605123248	0.496858385694	0.47462542291	0.59255679072	0.434992750121	0.666988883519	0.576607056549	0.880135331078	0.640405993233	0.567907201547	0.480425326245	0.468825519575	0.926534557757	0.727887868536	0.579023682939	0.501208313195	0.283228612856	0.0	0.864185596907	0.491058482359	0.413726437893	0.449975833736	0.489125181247	0.563073948768	0.497825036249	0.470275495408	0.478975350411	0.531657805703	0.73610439826	0.667955534074	0.48380860319	0.565490575157	0.531657805703	0.631706138231	0.602223296278	0.716288061866	0.684388593523	0.580473658772	0.558724021266	0.540357660706	0.743354277429	0.674238762687	0.733204446593	0.695988400193	0.671822136298	0.706621556307	0.61575640406	0.583856935718	0.589173513775	0.608506524891	0.589656839053	0.696955050749	0.597873368777	0.684871918801	0.559207346544	0.666988883519
AE7	0.832286128565	0.86805219913	0.848719188014	0.789753504108	0.837119381344	0.894635089415	0.922184630256	0.90043499275	0.899951667472	0.913968100532	0.917834702755	0.855969067182	0.893668438859	0.827452875785	0.913484775254	0.846302561624	0.883035282745	0.85645239246	0.73368777187	0.728371193813	0.826002899952	0.835186080232	0.900918318028	0.864185596907	0.0	0.540840985984	0.871435476075	0.846302561624	0.758820686322	0.746737554374	0.839052682455	0.849202513291	0.898985016916	0.910101498308	0.927017883035	0.9212179797	0.915901401643	0.892218463026	0.920251329145	0.876752054132	0.905268245529	0.879168680522	0.880618656356	0.878685355244	0.937651039149	0.922667955534	0.893668438859	0.910584823586	0.917351377477	0.892701788304	0.906718221363	0.90043499275	0.892218463026	0.898985016916	0.902368293862	0.888351860802	0.900918318028	0.889801836636	0.908168197197	0.902368293862	0.910101498308	0.898501691638
AE8	0.598356694055	0.619139681005	0.896568390527	0.639439342678	0.672305461576	0.593040115998	0.69212179797	0.598840019333	0.600289995167	0.625906234896	0.617689705172	0.651522474625	0.632672788787	0.825036249396	0.702271628806	0.603673272112	0.602223296278	0.575157080715	0.818753020783	0.63653939101	0.601739971	0.553407443209	0.528757854036	0.491058482359	0.540840985984	0.0	0.573223779604	0.549540840986	0.520541324311	0.507974867086	0.576123731271	0.562107298212	0.608023199613	0.61333977767	0.755437409377	0.697921701305	0.630256162397	0.602223296278	0.626872885452	0.647655872402	0.639922667956	0.68293861769	0.670855485742	0.606089898502	0.635089415176	0.626872885452	0.74770420493	0.690671822136	0.757370710488	0.69453842436	0.685838569357	0.723054615756	0.649589173514	0.632189463509	0.625906234896	0.649589173514	0.648622522958	0.707588206863	0.653455775737	0.695988400193	0.616723054616	0.676655389077
AF7	0.576607056549	0.574190430159	0.941517641373	0.657805703238	0.664572257129	0.508941517641	0.699371677139	0.478008699855	0.452875785404	0.594006766554	0.450459159014	0.627839536008	0.561140647656	0.867085548574	0.651039149348	0.553890768487	0.454325761237	0.44900918318	0.890768487192	0.70130497825	0.544707588207	0.414209763171	0.41904301595	0.413726437893	0.871435476075	0.573223779604	0.0	0.321894635089	0.479942000967	0.53697438376	0.480425326245	0.464958917351	0.436442725955	0.49540840986	0.704204929918	0.641855969067	0.463508941518	0.534557757371	0.503624939584	0.608989850169	0.566940550991	0.692605123248	0.662155630739	0.55099081682	0.538424359594	0.515224746254	0.691638472692	0.629289511841	0.699371677139	0.665055582407	0.633156114065	0.661188980184	0.568873852102	0.536491058482	0.551474142098	0.565973900435	0.558724021266	0.648622522958	0.561140647656	0.656355727405	0.50459159014	0.62735621073
AF8	0.5601739971	0.556790720155	0.926051232479	0.640405993233	0.663605606573	0.522474625423	0.687771870469	0.468825519575	0.44900918318	0.581440309328	0.503141614306	0.634122764621	0.56259062349	0.849685838569	0.639439342678	0.533591106815	0.465925567907	0.462058965684	0.862735621073	0.667472208797	0.509908168197	0.369260512325	0.455775737071	0.449975833736	0.846302561624	0.549540840986	0.321894635089	0.0	0.445625906235	0.504108264862	0.501208313195	0.451909134848	0.4398260029	0.509908168197	0.715804736588	0.652972450459	0.49299178347	0.538907684872	0.519574673755	0.603673272112	0.576123731271	0.670372160464	0.6389560174	0.54857419043	0.547124214596	0.52779120348	0.696955050749	0.637022716288	0.706621556307	0.667955534074	0.637989366844	0.667955534074	0.572740454326	0.545674238763	0.558724021266	0.57177380377	0.556790720155	0.65973900435	0.549540840986	0.661188980184	0.510874818753	0.63653939101
AG7	0.587240212663	0.60415659739	0.836152730788	0.55099081682	0.673755437409	0.538424359594	0.689221846303	0.513291445143	0.510874818753	0.582406959884	0.55099081682	0.646689221846	0.600773320445	0.760753987434	0.675688738521	0.577573707105	0.534557757371	0.520541324311	0.725954567424	0.509424842919	0.493958434026	0.444659255679	0.51377477042	0.489125181247	0.758820686322	0.520541324311	0.479942000967	0.445625906235	0.0	0.330594490092	0.549057515708	0.511358144031	0.510874818753	0.549057515708	0.735137747704	0.66892218463	0.532624456259	0.55099081682	0.5601739971	0.632672788787	0.597390043499	0.656355727405	0.639922667956	0.570323827936	0.582890285162	0.570807153214	0.740937651039	0.672788786854	0.72692121798	0.695021749638	0.671822136298	0.711938134364	0.611406476559	0.602223296278	0.604639922668	0.617206379894	0.622039632673	0.695988400193	0.628806186564	0.68293861769	0.579023682939	0.666505558241
AG8	0.588690188497	0.619623006283	0.820202996617	0.580473658772	0.684871918801	0.577573707105	0.686805219913	0.579507008217	0.580473658772	0.600773320445	0.610439826003	0.653939101015	0.623006283229	0.739487675205	0.69212179797	0.59497341711	0.593523441276	0.581923634606	0.686321894635	0.496375060416	0.52537457709	0.485741904302	0.584340260996	0.563073948768	0.746737554374	0.507974867086	0.53697438376	0.504108264862	0.330594490092	0.0	0.582406959884	0.563557274045	0.58337361044	0.594490091832	0.751087481875	0.684388593523	0.595456742388	0.573223779604	0.607539874335	0.649589173514	0.616239729338	0.659255679072	0.658289028516	0.589656839053	0.61333977767	0.607056549058	0.759787336878	0.687771870469	0.748187530208	0.707588206863	0.690671822136	0.727887868536	0.639439342678	0.623489608507	0.623489608507	0.640889318511	0.646205896568	0.713871435476	0.644272595457	0.698405026583	0.602706621556	0.681971967134
AH7	0.591590140164	0.635572740454	0.95360077332	0.691638472692	0.70372160464	0.590140164331	0.717254712421	0.565973900435	0.540840985984	0.649105848236	0.527307878202	0.676172063799	0.631706138231	0.888351860802	0.708071532141	0.588690188497	0.523441275979	0.472692121798	0.878202029966	0.720637989367	0.574190430159	0.542290961817	0.510391493475	0.497825036249	0.839052682455	0.576123731271	0.480425326245	0.501208313195	0.549057515708	0.582406959884	0.0	0.345094248429	0.561623972934	0.61333977767	0.775737071049	0.724987916868	0.546157564041	0.634122764621	0.601739971	0.661188980184	0.659255679072	0.761237312711	0.743354277429	0.644755920735	0.631706138231	0.61575640406	0.760270662156	0.714838086032	0.76848719188	0.718221362977	0.704688255196	0.735621072982	0.634606089899	0.618173030449	0.619139681005	0.627839536008	0.62493958434	0.72450459159	0.6389560174	0.714838086032	0.611406476559	0.702271628806
AH8	0.567907201547	0.567907201547	0.954084098598	0.653455775737	0.65732237796	0.527307878202	0.689221846303	0.496858385694	0.486708554857	0.597873368777	0.502174963751	0.619139681005	0.554857419043	0.87723537941	0.641855969067	0.53697438376	0.423876268729	0.379410343161	0.897051715805	0.723537941034	0.559690671822	0.491541807637	0.47462542291	0.470275495408	0.849202513291	0.562107298212	0.464958917351	0.451909134848	0.511358144031	0.563557274045	0.345094248429	0.0	0.492508458192	0.537457709038	0.733204446593	0.669888835186	0.516674722088	0.570323827936	0.531657805703	0.596423392943	0.592073465442	0.71290478492	0.683905268246	0.578540357661	0.5601739971	0.547607539874	0.698405026583	0.647655872402	0.710488158531	0.657805703238	0.637989366844	0.666988883519	0.574190430159	0.547607539874	0.553890768487	0.561140647656	0.554374093765	0.652972450459	0.56259062349	0.646689221846	0.537941034316	0.632672788787
AA5	0.594006766554	0.526824552924	0.957467375544	0.652489125181	0.598840019333	0.454325761237	0.623972933784	0.411309811503	0.397293378444	0.534074432093	0.434992750121	0.563073948768	0.523441275979	0.880135331078	0.555340744321	0.547124214596	0.440792653456	0.438376027066	0.924601256646	0.738037699372	0.556790720155	0.492025132914	0.464475592073	0.478975350411	0.898985016916	0.608023199613	0.436442725955	0.4398260029	0.510874818753	0.58337361044	0.561623972934	0.492508458192	0.0	0.352344127598	0.677622039633	0.587240212663	0.46060898985	0.451909134848	0.459642339294	0.545190913485	0.490575157081	0.617689705172	0.586273562107	0.464958917351	0.521507974867	0.478008699855	0.700338327695	0.637506041566	0.666505558241	0.647172547124	0.637022716288	0.679072015466	0.544224262929	0.542290961817	0.5601739971	0.5601739971	0.537457709038	0.663605606573	0.545190913485	0.637506041566	0.503624939584	0.626389560174
AA6	0.600773320445	0.530691155147	0.964233929435	0.666505558241	0.623006283229	0.473175447076	0.649105848236	0.443209279845	0.462058965684	0.559690671822	0.503141614306	0.587240212663	0.519574673755	0.885935234413	0.576607056549	0.547124214596	0.494925084582	0.489608506525	0.935717738038	0.748187530208	0.600289995167	0.519574673755	0.534557757371	0.531657805703	0.910101498308	0.61333977767	0.49540840986	0.509908168197	0.549057515708	0.594490091832	0.61333977767	0.537457709038	0.352344127598	0.0	0.668438859352	0.574190430159	0.508458192363	0.487675205413	0.474142097632	0.571290478492	0.498308361527	0.651039149348	0.623972933784	0.508941517641	0.450942484292	0.412759787337	0.693088448526	0.629772837119	0.660222329628	0.644272595457	0.62735621073	0.669888835186	0.540840985984	0.533591106815	0.549540840986	0.551474142098	0.541324311261	0.654422426293	0.544707588207	0.628322861286	0.505558240696	0.622039632673
AB5	0.74770420493	0.679072015466	0.973900434993	0.735137747704	0.623006283229	0.633639439343	0.73852102465	0.633639439343	0.657805703238	0.698888351861	0.672305461576	0.594006766554	0.667955534074	0.906234896085	0.709038182697	0.695505074915	0.711938134364	0.703238279362	0.936201063316	0.796036732721	0.809086515225	0.72692121798	0.737071048816	0.73610439826	0.927017883035	0.755437409377	0.704204929918	0.715804736588	0.735137747704	0.751087481875	0.775737071049	0.733204446593	0.677622039633	0.668438859352	0.0	0.333977767037	0.617689705172	0.653455775737	0.620589656839	0.623006283229	0.588206863219	0.734654422426	0.718221362977	0.647655872402	0.616239729338	0.609956500725	0.619623006283	0.622039632673	0.626389560174	0.599806669889	0.618656355727	0.622522957951	0.588690188497	0.603189946834	0.608989850169	0.603189946834	0.667472208797	0.603189946834	0.659255679072	0.605606573224	0.660705654906	0.607056549058
AB6	0.685355244079	0.602706621556	0.965683905268	0.678105364911	0.584340260996	0.55775737071	0.664572257129	0.550507491542	0.586273562107	0.618656355727	0.612373127115	0.525857902368	0.61575640406	0.890285161914	0.632189463509	0.635089415176	0.653455775737	0.646205896568	0.939101014983	0.754954084099	0.744804253262	0.666988883519	0.665538907685	0.667955534074	0.9212179797	0.697921701305	0.641855969067	0.652972450459	0.66892218463	0.684388593523	0.724987916868	0.669888835186	0.587240212663	0.574190430159	0.333977767037	0.0	0.565007249879	0.576123731271	0.559690671822	0.567907201547	0.526824552924	0.663605606573	0.635572740454	0.545190913485	0.542774287095	0.531657805703	0.59497341711	0.536491058482	0.570807153214	0.555340744321	0.541807636539	0.571290478492	0.531174480425	0.555824069599	0.561140647656	0.554857419043	0.598840019333	0.548090865152	0.594006766554	0.537941034316	0.614306428226	0.523924601257
AC5	0.620589656839	0.579507008217	0.972933784437	0.662638956017	0.62493958434	0.468342194297	0.667472208797	0.445142580957	0.432092798453	0.575157080715	0.418076365394	0.568390526825	0.535041082649	0.892701788304	0.635089415176	0.58095698405	0.471725471242	0.47220879652	0.948284195263	0.756404059932	0.632189463509	0.554857419043	0.491541807637	0.48380860319	0.915901401643	0.630256162397	0.463508941518	0.49299178347	0.532624456259	0.595456742388	0.546157564041	0.516674722088	0.46060898985	0.508458192363	0.617689705172	0.565007249879	0.0	0.432576123731	0.435476075399	0.581440309328	0.518124697922	0.708071532141	0.66892218463	0.534557757371	0.477525374577	0.464475592073	0.608023199613	0.559207346544	0.620106331561	0.574190430159	0.565973900435	0.593523441276	0.507491541808	0.470758820686	0.492025132914	0.485741904302	0.578057032383	0.584340260996	0.575640405993	0.565007249879	0.514258095698	0.55099081682
AC6	0.625422909618	0.537457709038	0.956500724988	0.651522474625	0.564523924601	0.49540840986	0.53697438376	0.460125664572	0.514741420976	0.466408893185	0.544707588207	0.531657805703	0.543740937651	0.869502174964	0.563557274045	0.576123731271	0.559207346544	0.55099081682	0.916868052199	0.724021266312	0.637022716288	0.558724021266	0.573223779604	0.565490575157	0.892218463026	0.602223296278	0.534557757371	0.538907684872	0.55099081682	0.573223779604	0.634122764621	0.570323827936	0.451909134848	0.487675205413	0.653455775737	0.576123731271	0.432576123731	0.0	0.508458192363	0.521024649589	0.503141614306	0.490575157081	0.450459159014	0.422909618173	0.556307394877	0.533107781537	0.677138714355	0.628322861286	0.655872402127	0.617206379894	0.630256162397	0.663605606573	0.570807153214	0.567907201547	0.577090381827	0.579023682939	0.556307394877	0.653455775737	0.570807153214	0.612373127115	0.548090865152	0.61575640406
AD6	0.608023199613	0.54857419043	0.972450459159	0.636056065732	0.598356694055	0.431609473175	0.628322861286	0.41904301595	0.432092798453	0.550024166264	0.448042532624	0.546640889319	0.515708071532	0.889318511358	0.597390043499	0.5601739971	0.496375060416	0.49299178347	0.954084098598	0.762203963267	0.610439826003	0.536007733204	0.532624456259	0.531657805703	0.920251329145	0.626872885452	0.503624939584	0.519574673755	0.5601739971	0.607539874335	0.601739971	0.531657805703	0.459642339294	0.474142097632	0.620589656839	0.559690671822	0.435476075399	0.508458192363	0.0	0.549057515708	0.422909618173	0.693088448526	0.660705654906	0.525857902368	0.471242145964	0.453842435959	0.601739971	0.544707588207	0.597873368777	0.568873852102	0.552924117931	0.59255679072	0.484291928468	0.454809086515	0.476075398743	0.486708554857	0.542774287095	0.572257129048	0.543257612373	0.564523924601	0.475108748188	0.545190913485
AE5	0.634122764621	0.534557757371	0.972450459159	0.642822619623	0.550507491542	0.545190913485	0.583856935718	0.533591106815	0.592073465442	0.52779120348	0.608506524891	0.513291445143	0.573707104882	0.889318511358	0.556790720155	0.572740454326	0.60415659739	0.593040115998	0.928951184147	0.741420976317	0.71290478492	0.631222812953	0.63653939101	0.631706138231	0.876752054132	0.647655872402	0.608989850169	0.603673272112	0.632672788787	0.649589173514	0.661188980184	0.596423392943	0.545190913485	0.571290478492	0.623006283229	0.567907201547	0.581440309328	0.521024649589	0.549057515708	0.0	0.355727404543	0.604639922668	0.577090381827	0.508941517641	0.614789753504	0.609473175447	0.662638956017	0.608506524891	0.639439342678	0.598356694055	0.634122764621	0.659255679072	0.53939101015	0.562107298212	0.595456742388	0.562107298212	0.540840985984	0.632189463509	0.551474142098	0.597873368777	0.564040599323	0.607056549058
AE6	0.608506524891	0.513291445143	0.971967133881	0.635089415176	0.543740937651	0.464475592073	0.575640405993	0.469308844853	0.5186080232	0.520541324311	0.533591106815	0.499275012083	0.520541324311	0.887868535524	0.564523924601	0.54857419043	0.561623972934	0.552924117931	0.929434509425	0.738037699372	0.688255195747	0.602223296278	0.605123247946	0.602223296278	0.905268245529	0.639922667956	0.566940550991	0.576123731271	0.597390043499	0.616239729338	0.659255679072	0.592073465442	0.490575157081	0.498308361527	0.588206863219	0.526824552924	0.518124697922	0.503141614306	0.422909618173	0.355727404543	0.0	0.6389560174	0.61333977767	0.478492025133	0.545190913485	0.539874335428	0.618173030449	0.556790720155	0.589173513775	0.558724021266	0.576123731271	0.609956500725	0.473175447076	0.483325277912	0.514258095698	0.492508458192	0.509424842919	0.582406959884	0.529724504592	0.557274045433	0.49540840986	0.562107298212
AF5	0.714354760754	0.629289511841	0.930884485259	0.65732237796	0.643305944901	0.672305461576	0.552924117931	0.629289511841	0.6805219913	0.579023682939	0.71532141131	0.61575640406	0.678105364911	0.853069115515	0.608023199613	0.675205413243	0.716288061866	0.713871435476	0.869502174964	0.698888351861	0.713388110198	0.65732237796	0.719188013533	0.716288061866	0.879168680522	0.68293861769	0.692605123248	0.670372160464	0.656355727405	0.659255679072	0.761237312711	0.71290478492	0.617689705172	0.651039149348	0.734654422426	0.663605606573	0.708071532141	0.490575157081	0.693088448526	0.604639922668	0.6389560174	0.0	0.276945384244	0.53939101015	0.725471242146	0.707104881585	0.758337361044	0.718704688255	0.739971000483	0.702271628806	0.732237796037	0.750120831319	0.69453842436	0.712421459642	0.720637989367	0.71290478492	0.655872402127	0.736587723538	0.673755437409	0.695988400193	0.706621556307	0.715804736588
AF6	0.704688255196	0.596423392943	0.931367810536	0.652972450459	0.629772837119	0.644755920735	0.528757854036	0.594490091832	0.654422426293	0.547124214596	0.68293861769	0.602223296278	0.650072498792	0.851619139681	0.574673755437	0.657805703238	0.688255195747	0.68293861769	0.883035282745	0.706621556307	0.705654905752	0.639922667956	0.683905268246	0.684388593523	0.880618656356	0.670855485742	0.662155630739	0.6389560174	0.639922667956	0.658289028516	0.743354277429	0.683905268246	0.586273562107	0.623972933784	0.718221362977	0.635572740454	0.66892218463	0.450459159014	0.660705654906	0.577090381827	0.61333977767	0.276945384244	0.0	0.504108264862	0.68970517158	0.673755437409	0.737071048816	0.690671822136	0.722087965201	0.686321894635	0.695021749638	0.728371193813	0.666505558241	0.681971967134	0.691638472692	0.6805219913	0.625906234896	0.718704688255	0.637022716288	0.680038666022	0.677138714355	0.685355244079
