	AA3	AA4	AB3	AB4	AC3	AC4	AD3	AD4	AE3	AE4	AF3	AF4	AG3	AG4	AH3	AH4	AA7	AA8	AB7	AB8	AC7	AC8	AD7	AD8	AE7	AE8	AF7	AF8	AG7	AG8	AH7	AH8	AA5	AA6	AB5	AB6	AC5	AC6	AD6	AE5	AE6	AF5	AF6	AG5	AH5	AH6	AA1	AA2	AB1	AB2	AC1	AC2	AD1	AD2	AE1	AE2	AF1	AF2	AG1	AG2	AH1	AH2
AA3	0.0	0.480908651522	0.931367810536	0.6389560174	0.667472208797	0.59497341711	0.677138714355	0.596423392943	0.574673755437	0.634606089899	0.623006283229	0.627839536008	0.58337361044	0.846785886902	0.649105848236	0.332527791203	0.570807153214	0.564040599323	0.864185596907	0.717738037699	0.614306428226	0.578057032383	0.602223296278	0.580473658772	0.831802803287	0.575640405993	0.572257129048	0.56259062349	0.576607056549	0.593523441276	0.596423392943	0.55775737071	0.59497341711	0.598840019333	0.749637506042	0.700821652972	0.619139681005	0.634606089899	0.607539874335	0.639922667956	0.614789753504	0.729337844369	0.696955050749	0.636056065732	0.619623006283	0.611889801837	0.695021749638	0.649105848236	0.717738037699	0.665538907685	0.656839052682	0.669888835186	0.589173513775	0.577573707105	0.564523924601	0.572257129048	0.578540357661	0.659255679072	0.593040115998	0.665055582407	0.582406959884	0.663605606573
AA4	0.480908651522	0.0	0.942484291928	0.575640405993	0.572257129048	0.490575157081	0.596906718221	0.494925084582	0.50700821653	0.517158047366	0.558724021266	0.514258095698	0.487675205413	0.849685838569	0.377960367327	0.366360560657	0.534557757371	0.536007733204	0.892701788304	0.729821169647	0.637989366844	0.561623972934	0.59497341711	0.570323827936	0.874818753021	0.610439826003	0.545674238763	0.549540840986	0.578057032383	0.625422909618	0.625422909618	0.579023682939	0.499275012083	0.511358144031	0.663122281295	0.605606573224	0.57177380377	0.509424842919	0.533591106815	0.512808119865	0.490575157081	0.641372643789	0.579507008217	0.52779120348	0.565490575157	0.557274045433	0.653939101015	0.565973900435	0.633156114065	0.59255679072	0.605606573224	0.622522957951	0.511841469309	0.517641372644	0.51619139681	0.496375060416	0.489608506525	0.608989850169	0.487675205413	0.584340260996	0.512808119865	0.578057032383
AB3	0.931367810536	0.942484291928	0.0	0.661188980184	0.913001449976	0.950217496375	0.952150797487	0.937651039149	0.926051232479	0.951184146931	0.969067182214	0.930884485259	0.965683905268	0.329144514258	0.948284195263	0.934751087482	0.971483808603	0.968100531658	0.746737554374	0.748187530208	0.885935234413	0.904784920251	0.959400676655	0.943934267762	0.849202513291	0.893668438859	0.936684388594	0.93523441276	0.846785886902	0.836636056066	0.950217496375	0.954567423876	0.954567423876	0.957950700822	0.971000483325	0.966167230546	0.972450459159	0.95360077332	0.970517158047	0.970033832769	0.969550507492	0.930884485259	0.935717738038	0.944900918318	0.974383760271	0.964717254712	0.970517158047	0.969067182214	0.966167230546	0.971000483325	0.974383760271	0.969550507492	0.972933784437	0.971483808603	0.975833736104	0.970517158047	0.969067182214	0.971000483325	0.96761720638	0.970517158047	0.971483808603	0.969550507492
AB4	0.6389560174	0.575640405993	0.661188980184	0.0	0.645239246013	0.60415659739	0.667472208797	0.613823102948	0.606089898502	0.62735621073	0.6389560174	0.617689705172	0.49540840986	0.553407443209	0.596423392943	0.589173513775	0.639922667956	0.633639439343	0.73610439826	0.56259062349	0.633639439343	0.611889801837	0.653455775737	0.639439342678	0.792170130498	0.634606089899	0.643305944901	0.639439342678	0.542290961817	0.564040599323	0.681971967134	0.646205896568	0.632189463509	0.644272595457	0.737071048816	0.6805219913	0.662638956017	0.634606089899	0.629772837119	0.639922667956	0.628322861286	0.677622039633	0.649589173514	0.640405993233	0.679555340744	0.664572257129	0.725471242146	0.663122281295	0.705654905752	0.673272112131	0.672788786854	0.6805219913	0.629772837119	0.639922667956	0.64813919768	0.628806186564	0.644755920735	0.678105364911	0.637506041566	0.664572257129	0.648622522958	0.663605606573
AC3	0.667472208797	0.572257129048	0.913001449976	0.645239246013	0.0	0.49299178347	0.623972933784	0.550507491542	0.553890768487	0.597873368777	0.626389560174	0.318994683422	0.600289995167	0.828419526341	0.589656839053	0.612856452392	0.61575640406	0.617206379894	0.864668922185	0.747220879652	0.717254712421	0.674238762687	0.725954567424	0.697438376027	0.823586273562	0.678588690188	0.654905751571	0.682455292412	0.659255679072	0.69453842436	0.705654905752	0.661672305462	0.600289995167	0.613823102948	0.620589656839	0.589656839053	0.622039632673	0.572257129048	0.580473658772	0.553407443209	0.55775737071	0.659255679072	0.625422909618	0.561140647656	0.643305944901	0.624456259062	0.592073465442	0.577090381827	0.574673755437	0.564523924601	0.584340260996	0.574673755437	0.526824552924	0.564523924601	0.575640405993	0.55099081682	0.618173030449	0.57177380377	0.608506524891	0.585306911551	0.610923151281	0.579507008217
AC4	0.59497341711	0.490575157081	0.950217496375	0.60415659739	0.49299178347	0.0	0.625422909618	0.412759787337	0.397293378444	0.521024649589	0.33107781537	0.417109714838	0.49540840986	0.858385693572	0.562107298212	0.528274528758	0.471242145964	0.467858869019	0.926051232479	0.756404059932	0.571290478492	0.524891251812	0.520057999033	0.494925084582	0.892218463026	0.58095698405	0.4813919768	0.51377477042	0.50700821653	0.565490575157	0.571290478492	0.52537457709	0.439342677622	0.462058965684	0.641855969067	0.578057032383	0.473658772354	0.51377477042	0.414693088449	0.539874335428	0.463992266796	0.701788303528	0.641372643789	0.520057999033	0.50459159014	0.497341710971	0.64813919768	0.574673755437	0.610439826003	0.579990333494	0.594006766554	0.607056549058	0.49299178347	0.513291445143	0.508458192363	0.500241662639	0.543740937651	0.596906718221	0.542774287095	0.576607056549	0.466408893185	0.572257129048
AD3	0.677138714355	0.596906718221	0.952150797487	0.667472208797	0.623972933784	0.625422909618	0.0	0.540840985984	0.642822619623	0.368293861769	0.68293861769	0.59497341711	0.637989366844	0.862252295795	0.565490575157	0.635572740454	0.687288545191	0.695021749638	0.931851135814	0.77090381827	0.717254712421	0.695988400193	0.704688255196	0.700338327695	0.910101498308	0.695021749638	0.707588206863	0.702271628806	0.690671822136	0.691155147414	0.723537941034	0.699371677139	0.638472692122	0.653455775737	0.727887868536	0.660705654906	0.693571773804	0.55099081682	0.635572740454	0.579023682939	0.590623489609	0.569840502658	0.536491058482	0.553890768487	0.70372160464	0.693088448526	0.763170613823	0.692605123248	0.728854519091	0.700338327695	0.709038182697	0.730787820203	0.651522474625	0.670372160464	0.66892218463	0.658289028516	0.6389560174	0.717254712421	0.632189463509	0.698405026583	0.69212179797	0.696471725471
AD4	0.596423392943	0.494925084582	0.937651039149	0.613823102948	0.550507491542	0.412759787337	0.540840985984	0.0	0.324311261479	0.420976317061	0.441759304012	0.496375060416	0.514741420976	0.84726921218	0.544707588207	0.524891251812	0.466892218463	0.468825519575	0.93523441276	0.766070565491	0.578540357661	0.522957950701	0.517158047366	0.484291928468	0.903334944418	0.606089898502	0.455775737071	0.487191880135	0.504108264862	0.558724021266	0.557274045433	0.507974867086	0.400193330111	0.443692605123	0.653455775737	0.577090381827	0.462058965684	0.477042049299	0.446592556791	0.540840985984	0.464958917351	0.664088931851	0.598840019333	0.487191880135	0.506041565974	0.489125181247	0.663122281295	0.592073465442	0.637506041566	0.618656355727	0.616239729338	0.628322861286	0.515224746254	0.521991300145	0.512324794587	0.520057999033	0.538907684872	0.620589656839	0.535524407927	0.607056549058	0.498791686805	0.597390043499
AE3	0.574673755437	0.50700821653	0.926051232479	0.606089898502	0.553890768487	0.397293378444	0.642822619623	0.324311261479	0.0	0.522957950701	0.414209763171	0.505558240696	0.507974867086	0.842919284679	0.556307394877	0.52537457709	0.445625906235	0.443209279845	0.910584823586	0.742387626873	0.541324311261	0.489125181247	0.487675205413	0.456259062349	0.880135331078	0.574190430159	0.434026099565	0.466408893185	0.469308844853	0.537457709038	0.538424359594	0.485741904302	0.403576607057	0.456742387627	0.663122281295	0.594490091832	0.45142580957	0.514741420976	0.434509424843	0.590623489609	0.507974867086	0.700821652972	0.639439342678	0.523441275979	0.486708554857	0.483325277912	0.671822136298	0.59497341711	0.630739487675	0.618173030449	0.610923151281	0.630739487675	0.519574673755	0.524891251812	0.518124697922	0.521507974867	0.541324311261	0.623489608507	0.545190913485	0.602706621556	0.4813919768	0.594490091832
AE4	0.634606089899	0.517158047366	0.951184146931	0.62735621073	0.597873368777	0.521024649589	0.368293861769	0.420976317061	0.522957950701	0.0	0.575640405993	0.544224262929	0.555824069599	0.861768970517	0.535524407927	0.569840502658	0.585306911551	0.585306911551	0.940067665539	0.768970517158	0.654422426293	0.59255679072	0.601256645723	0.581440309328	0.909134847753	0.623972933784	0.590623489609	0.582890285162	0.58095698405	0.611889801837	0.641372643789	0.594006766554	0.526341227646	0.540840985984	0.686321894635	0.614306428226	0.58337361044	0.467375543741	0.528757854036	0.529241179314	0.495891735138	0.607056549058	0.556307394877	0.512324794587	0.597873368777	0.581440309328	0.721121314645	0.645239246013	0.695021749638	0.666022232963	0.668438859352	0.678588690188	0.595940067666	0.590623489609	0.58095698405	0.594006766554	0.574673755437	0.675205413243	0.574190430159	0.663122281295	0.584823586274	0.654905751571
AF3	0.623006283229	0.558724021266	0.969067182214	0.6389560174	0.626389560174	0.33107781537	0.68293861769	0.441759304012	0.414209763171	0.575640405993	0.0	0.541324311261	0.530691155147	0.881585306912	0.61575640406	0.577090381827	0.456742387627	0.43740937651	0.956500724988	0.789753504108	0.579990333494	0.546157564041	0.436442725955	0.426292895118	0.917351377477	0.611406476559	0.441759304012	0.510874818753	0.519574673755	0.588206863219	0.53020782987	0.509424842919	0.439342677622	0.489125181247	0.674238762687	0.621556307395	0.434026099565	0.555340744321	0.455292411793	0.606089898502	0.526341227646	0.740454325761	0.681488641856	0.552924117931	0.507974867086	0.503141614306	0.682455292412	0.603673272112	0.667472208797	0.622522957951	0.617206379894	0.638472692122	0.54857419043	0.53020782987	0.531657805703	0.536491058482	0.577090381827	0.631706138231	0.578057032383	0.606089898502	0.494441759304	0.601739971
AF4	0.627839536008	0.514258095698	0.930884485259	0.617689705172	0.318994683422	0.417109714838	0.59497341711	0.496375060416	0.505558240696	0.544224262929	0.541324311261	0.0	0.546640889319	0.839052682455	0.549057515708	0.558724021266	0.577090381827	0.575157080715	0.890285161914	0.731754470759	0.683905268246	0.626389560174	0.661188980184	0.637506041566	0.847752537458	0.623972933784	0.59255679072	0.62735621073	0.621556307395	0.658289028516	0.660222329628	0.621556307395	0.542774287095	0.559690671822	0.608023199613	0.533107781537	0.561140647656	0.537457709038	0.521507974867	0.515224746254	0.507974867086	0.64813919768	0.601739971	0.53020782987	0.578540357661	0.564523924601	0.596423392943	0.532624456259	0.570323827936	0.528274528758	0.545190913485	0.565490575157	0.488158530691	0.516674722088	0.538907684872	0.518124697922	0.565973900435	0.559207346544	0.561623972934	0.535041082649	0.550024166264	0.524407926535
AG3	0.58337361044	0.487675205413	0.965683905268	0.49540840986	0.600289995167	0.49540840986	0.637989366844	0.514741420976	0.507974867086	0.555824069599	0.530691155147	0.546640889319	0.0	0.855485741904	0.524407926535	0.528274528758	0.502174963751	0.491058482359	0.934267762204	0.763653939101	0.653939101015	0.576607056549	0.59497341711	0.584340260996	0.885451909135	0.625906234896	0.532141130981	0.567907201547	0.588690188497	0.628806186564	0.630739487675	0.575157080715	0.501691638473	0.506041565974	0.664572257129	0.612373127115	0.547607539874	0.538907684872	0.507974867086	0.57177380377	0.498308361527	0.686321894635	0.625906234896	0.547607539874	0.561623972934	0.551957467376	0.639439342678	0.575157080715	0.628806186564	0.592073465442	0.598356694055	0.595456742388	0.515708071532	0.521024649589	0.511841469309	0.517158047366	0.549540840986	0.601739971	0.537941034316	0.586756887385	0.493475108748	0.573223779604
AG4	0.846785886902	0.849685838569	0.329144514258	0.553407443209	0.828419526341	0.858385693572	0.862252295795	0.84726921218	0.842919284679	0.861768970517	0.881585306912	0.839052682455	0.855485741904	0.0	0.862252295795	0.845335911068	0.88883518608	0.886418559691	0.728371193813	0.664088931851	0.809086515225	0.826002899952	0.875785403577	0.860802319961	0.827936201063	0.813919768004	0.855969067182	0.855002416626	0.764620589657	0.752537457709	0.873852102465	0.86805219913	0.873852102465	0.875302078299	0.892218463026	0.885935234413	0.887385210246	0.863702271629	0.883518608023	0.879168680522	0.878685355244	0.841469308845	0.845335911068	0.860802319961	0.886901884969	0.884001933301	0.882068632189	0.878202029966	0.882068632189	0.880135331078	0.89125181247	0.879168680522	0.885451909135	0.883035282745	0.888351860802	0.881585306912	0.884968583857	0.885451909135	0.883035282745	0.880618656356	0.884485258579	0.885935234413
AH3	0.649105848236	0.377960367327	0.948284195263	0.596423392943	0.589656839053	0.562107298212	0.565490575157	0.544707588207	0.556307394877	0.535524407927	0.61575640406	0.549057515708	0.524407926535	0.862252295795	0.0	0.524407926535	0.59497341711	0.598356694055	0.924601256646	0.766070565491	0.686321894635	0.617689705172	0.653939101015	0.632189463509	0.89125181247	0.675205413243	0.620589656839	0.623972933784	0.64813919768	0.6805219913	0.685355244079	0.642822619623	0.544707588207	0.567423876269	0.713388110198	0.652489125181	0.644272595457	0.534074432093	0.596906718221	0.561140647656	0.564040599323	0.605606573224	0.551957467376	0.560657322378	0.633639439343	0.629772837119	0.71532141131	0.626389560174	0.6805219913	0.645239246013	0.664088931851	0.673272112131	0.591590140164	0.599806669889	0.586756887385	0.586273562107	0.574673755437	0.663122281295	0.569840502658	0.641855969067	0.592073465442	0.624456259062
AH4	0.332527791203	0.366360560657	0.934751087482	0.589173513775	0.612856452392	0.528274528758	0.635572740454	0.524891251812	0.52537457709	0.569840502658	0.577090381827	0.558724021266	0.528274528758	0.845335911068	0.524407926535	0.0	0.55099081682	0.552924117931	0.878685355244	0.719188013533	0.619139681005	0.565007249879	0.582890285162	0.56259062349	0.851135814403	0.584823586274	0.560657322378	0.551957467376	0.564523924601	0.590623489609	0.595456742388	0.551957467376	0.542774287095	0.557274045433	0.700821652972	0.644272595457	0.592073465442	0.573707104882	0.555340744321	0.569840502658	0.53939101015	0.687771870469	0.644755920735	0.572257129048	0.591106814886	0.573707104882	0.678105364911	0.603189946834	0.666505558241	0.611889801837	0.625906234896	0.641372643789	0.550024166264	0.530691155147	0.531657805703	0.522474625423	0.520057999033	0.634606089899	0.533591106815	0.61333977767	0.537941034316	0.61333977767
AA7	0.570807153214	0.534557757371	0.971483808603	0.639922667956	0.61575640406	0.471242145964	0.687288545191	0.466892218463	0.445625906235	0.585306911551	0.456742387627	0.577090381827	0.502174963751	0.88883518608	0.59497341711	0.55099081682	0.0	0.293378443693	0.916384726921	0.769937167714	0.584340260996	0.511358144031	0.50700821653	0.494441759304	0.867568873852	0.591106814886	0.454325761237	0.478008699855	0.522474625423	0.577090381827	0.529724504592	0.41662638956	0.430159497342	0.478975350411	0.700338327695	0.65055582407	0.488641855969	0.558724021266	0.488158530691	0.599806669889	0.530691155147	0.743354277429	0.685355244079	0.573223779604	0.532141130981	0.519091348478	0.666022232963	0.598840019333	0.666988883519	0.62735621073	0.593040115998	0.618173030449	0.515224746254	0.526341227646	0.50700821653	0.512808119865	0.540840985984	0.608506524891	0.53697438376	0.619139681005	0.484775253746	0.603673272112
AA8	0.564040599323	0.536007733204	0.968100531658	0.633639439343	0.617206379894	0.467858869019	0.695021749638	0.468825519575	0.443209279845	0.585306911551	0.43740937651	0.575157080715	0.491058482359	0.886418559691	0.598356694055	0.552924117931	0.293378443693	0.0	0.918801353311	0.764137264379	0.568390526825	0.497825036249	0.47220879652	0.461092315128	0.863702271629	0.574673755437	0.431126147898	0.462058965684	0.505074915418	0.57177380377	0.479942000967	0.373610439826	0.420492991783	0.482358627356	0.709038182697	0.654905751571	0.470758820686	0.563073948768	0.477525374577	0.598840019333	0.531657805703	0.746737554374	0.689221846303	0.577573707105	0.531174480425	0.525857902368	0.657805703238	0.597873368777	0.673755437409	0.62493958434	0.595456742388	0.615273078782	0.511358144031	0.524407926535	0.51377477042	0.521507974867	0.541807636539	0.599323344611	0.541324311261	0.62493958434	0.488641855969	0.600773320445
AB7	0.864185596907	0.892701788304	0.746737554374	0.73610439826	0.864668922185	0.926051232479	0.931851135814	0.93523441276	0.910584823586	0.940067665539	0.956500724988	0.890285161914	0.934267762204	0.728371193813	0.924601256646	0.878685355244	0.916384726921	0.918801353311	0.0	0.423876268729	0.807153214113	0.842919284679	0.933301111648	0.919284678589	0.731271145481	0.820686321895	0.893185113581	0.881585306912	0.753020782987	0.707588206863	0.883035282745	0.894151764137	0.923151280812	0.939584340261	0.939584340261	0.940067665539	0.950700821653	0.920251329145	0.95360077332	0.931851135814	0.936684388594	0.863702271629	0.877718704688	0.907201546641	0.957950700822	0.94683421943	0.924117931368	0.917834702755	0.932334461092	0.930884485259	0.929917834703	0.919768003867	0.915901401643	0.912518124698	0.911551474142	0.907684871919	0.924117931368	0.915418076365	0.920251329145	0.927017883035	0.946350894152	0.930401159981
AB8	0.717738037699	0.729821169647	0.748187530208	0.56259062349	0.747220879652	0.756404059932	0.77090381827	0.766070565491	0.742387626873	0.768970517158	0.789753504108	0.731754470759	0.763653939101	0.664088931851	0.766070565491	0.719188013533	0.769937167714	0.764137264379	0.423876268729	0.0	0.649589173514	0.673755437409	0.752054132431	0.739971000483	0.731271145481	0.659255679072	0.71532141131	0.704688255196	0.549057515708	0.512324794587	0.73852102465	0.737071048816	0.762687288545	0.771387143548	0.808603189947	0.778637022716	0.778153697438	0.750604156597	0.779120347994	0.759787336878	0.757854035766	0.72692121798	0.72450459159	0.73852102465	0.796036732721	0.784436926051	0.82406959884	0.766070565491	0.785886901885	0.764620589657	0.78250362494	0.783470275495	0.771387143548	0.761237312711	0.764620589657	0.760270662156	0.757854035766	0.769453842436	0.758337361044	0.764137264379	0.781053649106	0.765587240213
AC7	0.614306428226	0.637989366844	0.885935234413	0.633639439343	0.717254712421	0.571290478492	0.717254712421	0.578540357661	0.541324311261	0.654422426293	0.579990333494	0.683905268246	0.653939101015	0.809086515225	0.686321894635	0.619139681005	0.584340260996	0.568390526825	0.807153214113	0.649589173514	0.0	0.3610439826	0.569840502658	0.551474142098	0.819236346061	0.566940550991	0.543740937651	0.523441275979	0.464958917351	0.477525374577	0.567423876269	0.547124214596	0.549540840986	0.590623489609	0.797970033833	0.743837602707	0.620589656839	0.636056065732	0.599806669889	0.706621556307	0.655872402127	0.720637989367	0.690671822136	0.626872885452	0.626872885452	0.617689705172	0.81488641856	0.744804253262	0.789753504108	0.768970517158	0.746254229096	0.766553890768	0.672788786854	0.664088931851	0.663122281295	0.673755437409	0.661672305462	0.760753987434	0.669888835186	0.754470758821	0.615273078782	0.741904301595
AC8	0.578057032383	0.561623972934	0.904784920251	0.611889801837	0.674238762687	0.524891251812	0.695988400193	0.522957950701	0.489125181247	0.59255679072	0.546157564041	0.626389560174	0.576607056549	0.826002899952	0.617689705172	0.565007249879	0.511358144031	0.497825036249	0.842919284679	0.673755437409	0.3610439826	0.0	0.51619139681	0.48622522958	0.833736104398	0.539874335428	0.40502658289	0.392460125665	0.431126147898	0.480425326245	0.532624456259	0.484775253746	0.487191880135	0.509908168197	0.725954567424	0.671822136298	0.559207346544	0.575157080715	0.536491058482	0.631222812953	0.581923634606	0.696471725471	0.641855969067	0.56935717738	0.559207346544	0.549540840986	0.740454325761	0.664572257129	0.721121314645	0.698888351861	0.666988883519	0.687288545191	0.596423392943	0.59255679072	0.579507008217	0.594006766554	0.573223779604	0.677138714355	0.587240212663	0.68293861769	0.539874335428	0.665538907685
AD7	0.602223296278	0.59497341711	0.959400676655	0.653455775737	0.725954567424	0.520057999033	0.704688255196	0.517158047366	0.487675205413	0.601256645723	0.436442725955	0.661188980184	0.59497341711	0.875785403577	0.653939101015	0.582890285162	0.50700821653	0.47220879652	0.933301111648	0.752054132431	0.569840502658	0.51619139681	0.0	0.300144997583	0.895601739971	0.51619139681	0.440792653456	0.470275495408	0.493958434026	0.549540840986	0.502658289029	0.477525374577	0.490091831803	0.546640889319	0.741904301595	0.684871918801	0.503141614306	0.59497341711	0.543740937651	0.645239246013	0.599323344611	0.735621072982	0.694055099082	0.602706621556	0.567423876269	0.56935717738	0.757854035766	0.677622039633	0.742870952151	0.713388110198	0.68293861769	0.704688255196	0.614789753504	0.610923151281	0.599323344611	0.621072982117	0.594490091832	0.697921701305	0.606089898502	0.700821652972	0.569840502658	0.679072015466
AD8	0.580473658772	0.570323827936	0.943934267762	0.639439342678	0.697438376027	0.494925084582	0.700338327695	0.484291928468	0.456259062349	0.581440309328	0.426292895118	0.637506041566	0.584340260996	0.860802319961	0.632189463509	0.56259062349	0.494441759304	0.461092315128	0.919284678589	0.739971000483	0.551474142098	0.48622522958	0.300144997583	0.0	0.866602223296	0.494925084582	0.411793136781	0.434992750121	0.464475592073	0.525857902368	0.494925084582	0.473175447076	0.476075398743	0.523441275979	0.734171097148	0.671822136298	0.493958434026	0.578540357661	0.526824552924	0.638472692122	0.589656839053	0.731754470759	0.672788786854	0.584340260996	0.55099081682	0.546157564041	0.749637506042	0.672788786854	0.73368777187	0.704204929918	0.675205413243	0.695988400193	0.605123247946	0.600289995167	0.586756887385	0.610439826003	0.583856935718	0.689221846303	0.600773320445	0.693571773804	0.552924117931	0.671822136298
AE7	0.831802803287	0.874818753021	0.849202513291	0.792170130498	0.823586273562	0.892218463026	0.910101498308	0.903334944418	0.880135331078	0.909134847753	0.917351377477	0.847752537458	0.885451909135	0.827936201063	0.89125181247	0.851135814403	0.867568873852	0.863702271629	0.731271145481	0.731271145481	0.819236346061	0.833736104398	0.895601739971	0.866602223296	0.0	0.554857419043	0.870952150797	0.855485741904	0.764620589657	0.753504108265	0.838086031899	0.844369260512	0.897051715805	0.905751570807	0.927017883035	0.922184630256	0.919284678589	0.904301594973	0.917834702755	0.884485258579	0.892701788304	0.866602223296	0.878685355244	0.875302078299	0.935717738038	0.9212179797	0.892218463026	0.898501691638	0.909134847753	0.888351860802	0.902368293862	0.898501691638	0.893185113581	0.896085065249	0.904301594973	0.893668438859	0.905268245529	0.896085065249	0.898018366361	0.897051715805	0.913484775254	0.904784920251
AE8	0.575640405993	0.610439826003	0.893668438859	0.634606089899	0.678588690188	0.58095698405	0.695021749638	0.606089898502	0.574190430159	0.623972933784	0.611406476559	0.623972933784	0.625906234896	0.813919768004	0.675205413243	0.584823586274	0.591106814886	0.574673755437	0.820686321895	0.659255679072	0.566940550991	0.539874335428	0.51619139681	0.494925084582	0.554857419043	0.0	0.561623972934	0.548090865152	0.507491541808	0.526341227646	0.569840502658	0.552924117931	0.594490091832	0.608023199613	0.753987433543	0.707104881585	0.617689705172	0.615273078782	0.608506524891	0.65055582407	0.615273078782	0.702754954084	0.669405509908	0.595940067666	0.632189463509	0.631706138231	0.754954084099	0.689221846303	0.753504108265	0.696955050749	0.693571773804	0.722571290478	0.641372643789	0.639439342678	0.63653939101	0.644272595457	0.636056065732	0.708071532141	0.637022716288	0.706138231029	0.611889801837	0.685355244079
AF7	0.572257129048	0.545674238763	0.936684388594	0.643305944901	0.654905751571	0.4813919768	0.707588206863	0.455775737071	0.434026099565	0.590623489609	0.441759304012	0.59255679072	0.532141130981	0.855969067182	0.620589656839	0.560657322378	0.454325761237	0.431126147898	0.893185113581	0.71532141131	0.543740937651	0.40502658289	0.440792653456	0.411793136781	0.870952150797	0.561623972934	0.0	0.325277912035	0.460125664572	0.524891251812	0.478492025133	0.467375543741	0.418559690672	0.47220879652	0.685838569357	0.632672788787	0.447075882069	0.536491058482	0.495891735138	0.608989850169	0.527307878202	0.721121314645	0.661188980184	0.548090865152	0.51619139681	0.509908168197	0.679072015466	0.61333977767	0.677138714355	0.652972450459	0.621072982117	0.634606089899	0.553407443209	0.542774287095	0.53020782987	0.547607539874	0.55099081682	0.624456259062	0.554857419043	0.640405993233	0.485741904302	0.613823102948
AF8	0.56259062349	0.549540840986	0.93523441276	0.639439342678	0.682455292412	0.51377477042	0.702271628806	0.487191880135	0.466408893185	0.582890285162	0.510874818753	0.62735621073	0.567907201547	0.855002416626	0.623972933784	0.551957467376	0.478008699855	0.462058965684	0.881585306912	0.704688255196	0.523441275979	0.392460125665	0.470275495408	0.434992750121	0.855485741904	0.548090865152	0.325277912035	0.0	0.446109231513	0.505074915418	0.511358144031	0.46302561624	0.449975833736	0.510391493475	0.716771387144	0.667955534074	0.509424842919	0.558724021266	0.526824552924	0.612856452392	0.567423876269	0.704688255196	0.64813919768	0.5601739971	0.555340744321	0.548090865152	0.707588206863	0.639922667956	0.707104881585	0.684388593523	0.646689221846	0.655872402127	0.581440309328	0.576123731271	0.563557274045	0.58337361044	0.555824069599	0.659255679072	0.573707104882	0.672788786854	0.5186080232	0.64813919768
AG7	0.576607056549	0.578057032383	0.846785886902	0.542290961817	0.659255679072	0.50700821653	0.690671822136	0.504108264862	0.469308844853	0.58095698405	0.519574673755	0.621556307395	0.588690188497	0.764620589657	0.64813919768	0.564523924601	0.522474625423	0.505074915418	0.753020782987	0.549057515708	0.464958917351	0.431126147898	0.493958434026	0.464475592073	0.764620589657	0.507491541808	0.460125664572	0.446109231513	0.0	0.311744804253	0.535524407927	0.494925084582	0.495891735138	0.542290961817	0.737071048816	0.681971967134	0.523924601257	0.568390526825	0.533107781537	0.62735621073	0.579023682939	0.676172063799	0.628806186564	0.563073948768	0.579023682939	0.575640405993	0.743354277429	0.660705654906	0.720637989367	0.694055099082	0.669405509908	0.69453842436	0.607539874335	0.604639922668	0.60415659739	0.610439826003	0.601739971	0.682455292412	0.613823102948	0.682455292412	0.566940550991	0.660705654906
AG8	0.593523441276	0.625422909618	0.836636056066	0.564040599323	0.69453842436	0.565490575157	0.691155147414	0.558724021266	0.537457709038	0.611889801837	0.588206863219	0.658289028516	0.628806186564	0.752537457709	0.6805219913	0.590623489609	0.577090381827	0.57177380377	0.707588206863	0.512324794587	0.477525374577	0.480425326245	0.549540840986	0.525857902368	0.753504108265	0.526341227646	0.524891251812	0.505074915418	0.311744804253	0.0	0.560657322378	0.546640889319	0.561623972934	0.591590140164	0.768970517158	0.707588206863	0.580473658772	0.594490091832	0.585306911551	0.668438859352	0.614306428226	0.681488641856	0.652972450459	0.598356694055	0.625906234896	0.609956500725	0.781536974384	0.697921701305	0.761237312711	0.725954567424	0.710004833253	0.730787820203	0.65732237796	0.643305944901	0.637022716288	0.655872402127	0.648622522958	0.720154664089	0.659255679072	0.716288061866	0.614789753504	0.695505074915
AH7	0.596423392943	0.625422909618	0.950217496375	0.681971967134	0.705654905752	0.571290478492	0.723537941034	0.557274045433	0.538424359594	0.641372643789	0.53020782987	0.660222329628	0.630739487675	0.873852102465	0.685355244079	0.595456742388	0.529724504592	0.479942000967	0.883035282745	0.73852102465	0.567423876269	0.532624456259	0.502658289029	0.494925084582	0.838086031899	0.569840502658	0.478492025133	0.511358144031	0.535524407927	0.560657322378	0.0	0.337361043983	0.561140647656	0.608989850169	0.777187046883	0.729821169647	0.552440792653	0.649105848236	0.607056549058	0.672788786854	0.631706138231	0.774770420493	0.740937651039	0.652489125181	0.635572740454	0.622039632673	0.767520541324	0.710488158531	0.762203963267	0.724021266312	0.708554857419	0.725471242146	0.628322861286	0.632189463509	0.619139681005	0.626872885452	0.625906234896	0.714838086032	0.631222812953	0.709521507975	0.607056549058	0.713871435476
AH8	0.55775737071	0.579023682939	0.954567423876	0.646205896568	0.661672305462	0.52537457709	0.699371677139	0.507974867086	0.485741904302	0.594006766554	0.509424842919	0.621556307395	0.575157080715	0.86805219913	0.642822619623	0.551957467376	0.41662638956	0.373610439826	0.894151764137	0.737071048816	0.547124214596	0.484775253746	0.477525374577	0.473175447076	0.844369260512	0.552924117931	0.467375543741	0.46302561624	0.494925084582	0.546640889319	0.337361043983	0.0	0.496375060416	0.538907684872	0.743354277429	0.691638472692	0.523924601257	0.594490091832	0.549057515708	0.623489608507	0.577573707105	0.740937651039	0.693088448526	0.604639922668	0.576123731271	0.568390526825	0.710488158531	0.654905751571	0.72450459159	0.6805219913	0.649105848236	0.666505558241	0.573223779604	0.576123731271	0.566940550991	0.576123731271	0.572740454326	0.650072498792	0.584340260996	0.669888835186	0.547124214596	0.661188980184
AA5	0.59497341711	0.499275012083	0.954567423876	0.632189463509	0.600289995167	0.439342677622	0.638472692122	0.400193330111	0.403576607057	0.526341227646	0.439342677622	0.542774287095	0.501691638473	0.873852102465	0.544707588207	0.542774287095	0.430159497342	0.420492991783	0.923151280812	0.762687288545	0.549540840986	0.487191880135	0.490091831803	0.476075398743	0.897051715805	0.594490091832	0.418559690672	0.449975833736	0.495891735138	0.561623972934	0.561140647656	0.496375060416	0.0	0.332527791203	0.669405509908	0.588690188497	0.47462542291	0.457709038183	0.455292411793	0.544224262929	0.470758820686	0.650072498792	0.58095698405	0.468825519575	0.505558240696	0.483325277912	0.693571773804	0.616723054616	0.663605606573	0.637989366844	0.637989366844	0.655872402127	0.526824552924	0.548090865152	0.544224262929	0.539874335428	0.532141130981	0.646689221846	0.541807636539	0.620589656839	0.490091831803	0.618173030449
AA6	0.598840019333	0.511358144031	0.957950700822	0.644272595457	0.613823102948	0.462058965684	0.653455775737	0.443692605123	0.456742387627	0.540840985984	0.489125181247	0.559690671822	0.506041565974	0.875302078299	0.567423876269	0.557274045433	0.478975350411	0.482358627356	0.939584340261	0.771387143548	0.590623489609	0.509908168197	0.546640889319	0.523441275979	0.905751570807	0.608023199613	0.47220879652	0.510391493475	0.542290961817	0.591590140164	0.608989850169	0.538907684872	0.332527791203	0.0	0.663122281295	0.581923634606	0.512324794587	0.485258579024	0.459642339294	0.565490575157	0.480425326245	0.676172063799	0.608023199613	0.495891735138	0.44224262929	0.416143064282	0.688738521025	0.615273078782	0.661672305462	0.637506041566	0.633156114065	0.650072498792	0.533107781537	0.544224262929	0.53939101015	0.537457709038	0.548090865152	0.641372643789	0.555340744321	0.623489608507	0.498308361527	0.616723054616
AB5	0.749637506042	0.663122281295	0.971000483325	0.737071048816	0.620589656839	0.641855969067	0.727887868536	0.653455775737	0.663122281295	0.686321894635	0.674238762687	0.608023199613	0.664572257129	0.892218463026	0.713388110198	0.700821652972	0.700338327695	0.709038182697	0.939584340261	0.808603189947	0.797970033833	0.725954567424	0.741904301595	0.734171097148	0.927017883035	0.753987433543	0.685838569357	0.716771387144	0.737071048816	0.768970517158	0.777187046883	0.743354277429	0.669405509908	0.663122281295	0.0	0.321411309812	0.610923151281	0.658289028516	0.626389560174	0.621556307395	0.603189946834	0.7593040116	0.716771387144	0.651039149348	0.616239729338	0.599323344611	0.618173030449	0.604639922668	0.621072982117	0.599806669889	0.620589656839	0.612856452392	0.587240212663	0.588206863219	0.625906234896	0.620589656839	0.666022232963	0.601739971	0.654905751571	0.60657322378	0.663605606573	0.60415659739
AB6	0.700821652972	0.605606573224	0.966167230546	0.6805219913	0.589656839053	0.578057032383	0.660705654906	0.577090381827	0.594490091832	0.614306428226	0.621556307395	0.533107781537	0.612373127115	0.885935234413	0.652489125181	0.644272595457	0.65055582407	0.654905751571	0.940067665539	0.778637022716	0.743837602707	0.671822136298	0.684871918801	0.671822136298	0.922184630256	0.707104881585	0.632672788787	0.667955534074	0.681971967134	0.707588206863	0.729821169647	0.691638472692	0.588690188497	0.581923634606	0.321411309812	0.0	0.561140647656	0.584340260996	0.561623972934	0.567423876269	0.547124214596	0.693571773804	0.6389560174	0.560657322378	0.558240695988	0.542774287095	0.595456742388	0.537941034316	0.577573707105	0.544224262929	0.552440792653	0.570323827936	0.525857902368	0.546640889319	0.588206863219	0.578540357661	0.607056549058	0.554374093765	0.596423392943	0.545190913485	0.617689705172	0.530691155147
AC5	0.619139681005	0.57177380377	0.972450459159	0.662638956017	0.622039632673	0.473658772354	0.693571773804	0.462058965684	0.45142580957	0.58337361044	0.434026099565	0.561140647656	0.547607539874	0.887385210246	0.644272595457	0.592073465442	0.488641855969	0.470758820686	0.950700821653	0.778153697438	0.620589656839	0.559207346544	0.503141614306	0.493958434026	0.919284678589	0.617689705172	0.447075882069	0.509424842919	0.523924601257	0.580473658772	0.552440792653	0.523924601257	0.47462542291	0.512324794587	0.610923151281	0.561140647656	0.0	0.467375543741	0.446592556791	0.590623489609	0.5186080232	0.734654422426	0.658772353794	0.551474142098	0.460125664572	0.46060898985	0.608023199613	0.55099081682	0.608023199613	0.570323827936	0.554374093765	0.572740454326	0.496858385694	0.480908651522	0.506041565974	0.512808119865	0.579023682939	0.564040599323	0.573707104882	0.5601739971	0.515708071532	0.542774287095
AC6	0.634606089899	0.509424842919	0.95360077332	0.634606089899	0.572257129048	0.51377477042	0.55099081682	0.477042049299	0.514741420976	0.467375543741	0.555340744321	0.537457709038	0.538907684872	0.863702271629	0.534074432093	0.573707104882	0.558724021266	0.563073948768	0.920251329145	0.750604156597	0.636056065732	0.575157080715	0.59497341711	0.578540357661	0.904301594973	0.615273078782	0.536491058482	0.558724021266	0.568390526825	0.594490091832	0.649105848236	0.594490091832	0.457709038183	0.485258579024	0.658289028516	0.584340260996	0.467375543741	0.0	0.51377477042	0.521991300145	0.486708554857	0.505558240696	0.434509424843	0.420009666506	0.558240695988	0.545674238763	0.683905268246	0.624456259062	0.660705654906	0.632189463509	0.632189463509	0.652972450459	0.568873852102	0.575640405993	0.573707104882	0.56935717738	0.560657322378	0.644272595457	0.552440792653	0.621556307395	0.545674238763	0.619623006283
AD6	0.607539874335	0.533591106815	0.970517158047	0.629772837119	0.580473658772	0.414693088449	0.635572740454	0.446592556791	0.434509424843	0.528757854036	0.455292411793	0.521507974867	0.507974867086	0.883518608023	0.596906718221	0.555340744321	0.488158530691	0.477525374577	0.95360077332	0.779120347994	0.599806669889	0.536491058482	0.543740937651	0.526824552924	0.917834702755	0.608506524891	0.495891735138	0.526824552924	0.533107781537	0.585306911551	0.607056549058	0.549057515708	0.455292411793	0.459642339294	0.626389560174	0.561623972934	0.446592556791	0.51377477042	0.0	0.533591106815	0.410343160947	0.71532141131	0.653455775737	0.52779120348	0.467375543741	0.458675688739	0.614306428226	0.544224262929	0.596423392943	0.565973900435	0.569840502658	0.58095698405	0.467858869019	0.478975350411	0.477525374577	0.475108748188	0.543257612373	0.572740454326	0.543257612373	0.560657322378	0.463508941518	0.546157564041
AE5	0.639922667956	0.512808119865	0.970033832769	0.639922667956	0.553407443209	0.539874335428	0.579023682939	0.540840985984	0.590623489609	0.529241179314	0.606089898502	0.515224746254	0.57177380377	0.879168680522	0.561140647656	0.569840502658	0.599806669889	0.598840019333	0.931851135814	0.759787336878	0.706621556307	0.631222812953	0.645239246013	0.638472692122	0.884485258579	0.65055582407	0.608989850169	0.612856452392	0.62735621073	0.668438859352	0.672788786854	0.623489608507	0.544224262929	0.565490575157	0.621556307395	0.567423876269	0.590623489609	0.521991300145	0.533591106815	0.0	0.350894151764	0.633156114065	0.576123731271	0.510391493475	0.616723054616	0.605123247946	0.657805703238	0.590140164331	0.637022716288	0.593523441276	0.619623006283	0.630256162397	0.52779120348	0.56259062349	0.582890285162	0.542290961817	0.554857419043	0.621556307395	0.543740937651	0.593040115998	0.563073948768	0.596423392943
AE6	0.614789753504	0.490575157081	0.969550507492	0.628322861286	0.55775737071	0.463992266796	0.590623489609	0.464958917351	0.507974867086	0.495891735138	0.526341227646	0.507974867086	0.498308361527	0.878685355244	0.564040599323	0.53939101015	0.530691155147	0.531657805703	0.936684388594	0.757854035766	0.655872402127	0.581923634606	0.599323344611	0.589656839053	0.892701788304	0.615273078782	0.527307878202	0.567423876269	0.579023682939	0.614306428226	0.631706138231	0.577573707105	0.470758820686	0.480425326245	0.603189946834	0.547124214596	0.5186080232	0.486708554857	0.410343160947	0.350894151764	0.0	0.666022232963	0.599323344611	0.479942000967	0.532624456259	0.523441275979	0.629289511841	0.55775737071	0.597873368777	0.561140647656	0.586756887385	0.598356694055	0.480425326245	0.486708554857	0.496375060416	0.489608506525	0.516674722088	0.585790236829	0.508941517641	0.556307394877	0.489608506525	0.564523924601
AF5	0.729337844369	0.641372643789	0.930884485259	0.677622039633	0.659255679072	0.701788303528	0.569840502658	0.664088931851	0.700821652972	0.607056549058	0.740454325761	0.64813919768	0.686321894635	0.841469308845	0.605606573224	0.687771870469	0.743354277429	0.746737554374	0.863702271629	0.72692121798	0.720637989367	0.696471725471	0.735621072982	0.731754470759	0.866602223296	0.702754954084	0.721121314645	0.704688255196	0.676172063799	0.681488641856	0.774770420493	0.740937651039	0.650072498792	0.676172063799	0.7593040116	0.693571773804	0.734654422426	0.505558240696	0.71532141131	0.633156114065	0.666022232963	0.0	0.289511841469	0.55099081682	0.749154180764	0.729821169647	0.776703721605	0.73610439826	0.759787336878	0.716771387144	0.752054132431	0.760270662156	0.707588206863	0.739487675205	0.74528757854	0.722571290478	0.690188496858	0.749637506042	0.688255195747	0.722571290478	0.733204446593	0.737554374094
AF6	0.696955050749	0.579507008217	0.935717738038	0.649589173514	0.625422909618	0.641372643789	0.536491058482	0.598840019333	0.639439342678	0.556307394877	0.681488641856	0.601739971	0.625906234896	0.845335911068	0.551957467376	0.644755920735	0.685355244079	0.689221846303	0.877718704688	0.72450459159	0.690671822136	0.641855969067	0.694055099082	0.672788786854	0.878685355244	0.669405509908	0.661188980184	0.64813919768	0.628806186564	0.652972450459	0.740937651039	0.693088448526	0.58095698405	0.608023199613	0.716771387144	0.6389560174	0.658772353794	0.434509424843	0.653455775737	0.576123731271	0.599323344611	0.289511841469	0.0	0.485741904302	0.685838569357	0.665055582407	0.748670855486	0.690671822136	0.723054615756	0.681488641856	0.696955050749	0.725954567424	0.644272595457	0.670855485742	0.683421942968	0.661188980184	0.630256162397	0.709521507975	0.625906234896	0.681005316578	0.667472208797	0.684871918801
