	AA3	AA4	AB3	AB4	AC3	AC4	AD3	AD4	AE3	AE4	AF3	AF4	AG3	AG4	AH3	AH4	AA7	AA8	AB7	AB8	AC7	AC8	AD7	AD8	AE7	AE8	AF7	AF8	AG7	AG8	AH7	AH8	AA5	AA6	AB5	AB6	AC5	AC6	AD6	AE5	AE6	AF5	AF6	AG5	AH5	AH6	AA1	AA2	AB1	AB2	AC1	AC2	AD1	AD2	AE1	AE2	AF1	AF2	AG1	AG2	AH1	AH2
AA3	0.0	0.473175447076	0.931851135814	0.620589656839	0.656839052682	0.566940550991	0.658289028516	0.584823586274	0.566940550991	0.61575640406	0.604639922668	0.596906718221	0.586756887385	0.843402609957	0.666505558241	0.34026099565	0.582890285162	0.573707104882	0.874818753021	0.724987916868	0.618173030449	0.569840502658	0.593040115998	0.590623489609	0.826969550507	0.578057032383	0.56935717738	0.566940550991	0.589173513775	0.584823586274	0.586273562107	0.551957467376	0.585790236829	0.594490091832	0.7593040116	0.703238279362	0.611889801837	0.616723054616	0.582406959884	0.63653939101	0.587240212663	0.720154664089	0.688255195747	0.616239729338	0.618173030449	0.621556307395	0.681005316578	0.657805703238	0.711938134364	0.667955534074	0.636056065732	0.672305461576	0.574190430159	0.559690671822	0.579023682939	0.576607056549	0.58337361044	0.649589173514	0.590140164331	0.665538907685	0.562107298212	0.65732237796
AA4	0.473175447076	0.0	0.943934267762	0.566457225713	0.569840502658	0.486708554857	0.579023682939	0.487191880135	0.49540840986	0.517641372644	0.561623972934	0.50459159014	0.476075398743	0.853552440793	0.404059932334	0.357660705655	0.541324311261	0.532141130981	0.887868535524	0.730304494925	0.660222329628	0.588206863219	0.566940550991	0.58095698405	0.874335427743	0.61333977767	0.549540840986	0.552440792653	0.595456742388	0.614789753504	0.629289511841	0.567907201547	0.51377477042	0.514258095698	0.675205413243	0.604639922668	0.565007249879	0.512808119865	0.523441275979	0.520057999033	0.487675205413	0.631706138231	0.596423392943	0.528274528758	0.582406959884	0.567423876269	0.641855969067	0.580473658772	0.628322861286	0.598356694055	0.585306911551	0.625422909618	0.506524891252	0.510874818753	0.528274528758	0.512808119865	0.491058482359	0.605606573224	0.507491541808	0.594490091832	0.525857902368	0.574190430159
AB3	0.931851135814	0.943934267762	0.0	0.690671822136	0.912518124698	0.952634122765	0.952150797487	0.944900918318	0.93281778637	0.942000966651	0.969067182214	0.928951184147	0.961817303045	0.34026099565	0.961333977767	0.942000966651	0.969067182214	0.96761720638	0.735621072982	0.757854035766	0.883035282745	0.917351377477	0.952634122765	0.953117448043	0.852102464959	0.888351860802	0.939101014983	0.928467858869	0.858385693572	0.828902851619	0.949250845819	0.950700821653	0.951184146931	0.95601739971	0.970517158047	0.962300628323	0.971967133881	0.948767520541	0.972450459159	0.972450459159	0.971483808603	0.933301111648	0.931851135814	0.94441759304	0.976317061382	0.969067182214	0.971967133881	0.967133881102	0.969550507492	0.971483808603	0.974383760271	0.972450459159	0.972933784437	0.972450459159	0.975833736104	0.972450459159	0.971000483325	0.971967133881	0.971000483325	0.971483808603	0.971000483325	0.971000483325
AB4	0.620589656839	0.566457225713	0.690671822136	0.0	0.645239246013	0.605606573224	0.660222329628	0.607056549058	0.602706621556	0.623006283229	0.6389560174	0.603189946834	0.463992266796	0.575157080715	0.594006766554	0.58095698405	0.637989366844	0.632672788787	0.728371193813	0.570807153214	0.644272595457	0.622522957951	0.637506041566	0.643789270179	0.793620106332	0.618173030449	0.637022716288	0.628806186564	0.554857419043	0.57177380377	0.676172063799	0.63653939101	0.632189463509	0.637506041566	0.73852102465	0.6805219913	0.656355727405	0.626872885452	0.616239729338	0.625906234896	0.612856452392	0.664572257129	0.643305944901	0.631222812953	0.681005316578	0.665538907685	0.700821652972	0.662638956017	0.702271628806	0.681971967134	0.652005799903	0.687288545191	0.629289511841	0.634606089899	0.651522474625	0.633639439343	0.628806186564	0.663122281295	0.634606089899	0.677138714355	0.633639439343	0.656839052682
AC3	0.656839052682	0.569840502658	0.912518124698	0.645239246013	0.0	0.497825036249	0.6389560174	0.555824069599	0.578057032383	0.586756887385	0.621072982117	0.323827936201	0.597873368777	0.82648622523	0.608989850169	0.618173030449	0.624456259062	0.606089898502	0.86805219913	0.757370710488	0.734171097148	0.684388593523	0.714838086032	0.714354760754	0.820202996617	0.665055582407	0.664572257129	0.6805219913	0.667472208797	0.691155147414	0.707588206863	0.658289028516	0.615273078782	0.629289511841	0.628322861286	0.587723537941	0.635572740454	0.578057032383	0.579023682939	0.553890768487	0.564040599323	0.666505558241	0.649105848236	0.580473658772	0.654422426293	0.641855969067	0.599806669889	0.593040115998	0.59255679072	0.581440309328	0.597390043499	0.598356694055	0.544224262929	0.574673755437	0.586756887385	0.567423876269	0.61575640406	0.577573707105	0.623972933784	0.59255679072	0.611406476559	0.608506524891
AC4	0.566940550991	0.486708554857	0.952634122765	0.605606573224	0.497825036249	0.0	0.608023199613	0.409376510391	0.415176413726	0.510391493475	0.358144030933	0.401643305945	0.499758337361	0.856935717738	0.578540357661	0.521991300145	0.496375060416	0.462058965684	0.920734654422	0.753020782987	0.605123247946	0.529724504592	0.521507974867	0.520057999033	0.884001933301	0.578057032383	0.499758337361	0.509908168197	0.53939101015	0.578540357661	0.570807153214	0.509908168197	0.454325761237	0.470758820686	0.655389076849	0.582406959884	0.484291928468	0.501208313195	0.412276462059	0.532141130981	0.460125664572	0.675205413243	0.642822619623	0.498308361527	0.505558240696	0.492025132914	0.636056065732	0.58337361044	0.607056549058	0.585306911551	0.568873852102	0.612856452392	0.484775253746	0.487191880135	0.510391493475	0.500241662639	0.533591106815	0.590623489609	0.551957467376	0.578540357661	0.463992266796	0.573223779604
AD3	0.658289028516	0.579023682939	0.952150797487	0.660222329628	0.6389560174	0.608023199613	0.0	0.507491541808	0.621556307395	0.359594006767	0.666505558241	0.600773320445	0.623972933784	0.862735621073	0.572257129048	0.627839536008	0.673272112131	0.669888835186	0.935717738038	0.77090381827	0.717254712421	0.688738521025	0.686805219913	0.69212179797	0.917351377477	0.693088448526	0.68970517158	0.688738521025	0.681005316578	0.674238762687	0.711938134364	0.679072015466	0.618173030449	0.641855969067	0.749154180764	0.675205413243	0.664088931851	0.547124214596	0.612373127115	0.58095698405	0.568390526825	0.565973900435	0.542774287095	0.538907684872	0.691638472692	0.681488641856	0.748670855486	0.693571773804	0.718221362977	0.709038182697	0.692605123248	0.725471242146	0.635572740454	0.640889318511	0.658289028516	0.639922667956	0.614789753504	0.703238279362	0.631222812953	0.705654905752	0.677138714355	0.695021749638
AD4	0.584823586274	0.487191880135	0.944900918318	0.607056549058	0.555824069599	0.409376510391	0.507491541808	0.0	0.323344610923	0.394393426776	0.435476075399	0.478008699855	0.515224746254	0.856935717738	0.548090865152	0.536491058482	0.484291928468	0.45142580957	0.938134364427	0.765103914935	0.590623489609	0.517158047366	0.50459159014	0.497341710971	0.908651522475	0.598840019333	0.464958917351	0.479458675689	0.509424842919	0.583856935718	0.558240695988	0.499275012083	0.398260029	0.447559207347	0.672305461576	0.590623489609	0.455775737071	0.466892218463	0.436442725955	0.532141130981	0.457225712905	0.632672788787	0.601256645723	0.470275495408	0.515224746254	0.503141614306	0.673272112131	0.616239729338	0.645239246013	0.62493958434	0.608023199613	0.653939101015	0.51377477042	0.507491541808	0.529241179314	0.535524407927	0.533591106815	0.632189463509	0.550024166264	0.628322861286	0.495891735138	0.607056549058
AE3	0.566940550991	0.49540840986	0.93281778637	0.602706621556	0.578057032383	0.415176413726	0.621556307395	0.323344610923	0.0	0.509908168197	0.412759787337	0.501208313195	0.485741904302	0.849685838569	0.566940550991	0.533591106815	0.452392460126	0.41904301595	0.931367810536	0.75688738521	0.570807153214	0.491541807637	0.468825519575	0.468342194297	0.891735137748	0.581923634606	0.439342677622	0.458675688739	0.48380860319	0.564523924601	0.541807636539	0.482841952634	0.385210246496	0.440792653456	0.68970517158	0.611406476559	0.455292411793	0.508458192363	0.440792653456	0.577573707105	0.505558240696	0.686321894635	0.654422426293	0.503624939584	0.506041565974	0.487675205413	0.671822136298	0.612856452392	0.649105848236	0.623489608507	0.600773320445	0.654905751571	0.522474625423	0.515224746254	0.528274528758	0.540357660706	0.541324311261	0.636056065732	0.564040599323	0.62735621073	0.484291928468	0.605606573224
AE4	0.61575640406	0.517641372644	0.942000966651	0.623006283229	0.586756887385	0.510391493475	0.359594006767	0.394393426776	0.509908168197	0.0	0.578057032383	0.534557757371	0.574673755437	0.852102464959	0.552924117931	0.558724021266	0.588206863219	0.587240212663	0.924117931368	0.753504108265	0.657805703238	0.59255679072	0.589173513775	0.587240212663	0.898018366361	0.605123247946	0.589656839053	0.585306911551	0.577573707105	0.597390043499	0.63653939101	0.585306911551	0.527307878202	0.544707588207	0.703238279362	0.621556307395	0.569840502658	0.461092315128	0.524407926535	0.534074432093	0.498791686805	0.576607056549	0.550024166264	0.478008699855	0.604639922668	0.598356694055	0.710004833253	0.653939101015	0.695021749638	0.672305461576	0.662155630739	0.692605123248	0.59255679072	0.573223779604	0.593040115998	0.589173513775	0.575640405993	0.670855485742	0.590623489609	0.670855485742	0.594006766554	0.660705654906
AF3	0.604639922668	0.561623972934	0.969067182214	0.6389560174	0.621072982117	0.358144030933	0.666505558241	0.435476075399	0.412759787337	0.578057032383	0.0	0.519091348478	0.532624456259	0.880618656356	0.618656355727	0.570807153214	0.441275978734	0.428709521508	0.95601739971	0.791203479942	0.608989850169	0.53697438376	0.433059449009	0.427259545674	0.918801353311	0.620106331561	0.439342677622	0.507491541808	0.531174480425	0.602706621556	0.528757854036	0.512324794587	0.441275978734	0.500724987917	0.6805219913	0.627839536008	0.420009666506	0.553890768487	0.443209279845	0.605123247946	0.524407926535	0.72450459159	0.693571773804	0.543740937651	0.501208313195	0.48380860319	0.666505558241	0.609956500725	0.659255679072	0.620589656839	0.603189946834	0.644755920735	0.530691155147	0.508458192363	0.524407926535	0.53020782987	0.575640405993	0.631706138231	0.59255679072	0.611889801837	0.491058482359	0.597390043499
AF4	0.596906718221	0.50459159014	0.928951184147	0.603189946834	0.323827936201	0.401643305945	0.600773320445	0.478008699855	0.501208313195	0.534557757371	0.519091348478	0.0	0.537457709038	0.838569357177	0.556307394877	0.55099081682	0.576123731271	0.538907684872	0.883035282745	0.73368777187	0.685838569357	0.620589656839	0.647172547124	0.645239246013	0.849202513291	0.621556307395	0.594006766554	0.611889801837	0.611889801837	0.640889318511	0.652972450459	0.603189946834	0.542290961817	0.565973900435	0.614306428226	0.53939101015	0.557274045433	0.529724504592	0.499275012083	0.50459159014	0.506524891252	0.632672788787	0.609956500725	0.518124697922	0.566940550991	0.556307394877	0.582406959884	0.522957950701	0.565007249879	0.535524407927	0.529724504592	0.566940550991	0.473175447076	0.499758337361	0.521024649589	0.505074915418	0.558240695988	0.549057515708	0.556307394877	0.53697438376	0.536007733204	0.531174480425
AG3	0.586756887385	0.476075398743	0.961817303045	0.463992266796	0.597873368777	0.499758337361	0.623972933784	0.515224746254	0.485741904302	0.574673755437	0.532624456259	0.537457709038	0.0	0.843402609957	0.543740937651	0.520541324311	0.522957950701	0.49299178347	0.929917834703	0.762203963267	0.673755437409	0.611406476559	0.585790236829	0.594490091832	0.887385210246	0.630739487675	0.552924117931	0.568873852102	0.608506524891	0.633156114065	0.637989366844	0.574673755437	0.523924601257	0.518124697922	0.666505558241	0.616239729338	0.546640889319	0.53020782987	0.507491541808	0.567907201547	0.512808119865	0.678588690188	0.644755920735	0.551474142098	0.574673755437	0.552440792653	0.618173030449	0.575640405993	0.622522957951	0.601739971	0.56259062349	0.602223296278	0.510874818753	0.521991300145	0.537941034316	0.523924601257	0.531657805703	0.590623489609	0.565490575157	0.591590140164	0.510391493475	0.579023682939
AG4	0.843402609957	0.853552440793	0.34026099565	0.575157080715	0.82648622523	0.856935717738	0.862735621073	0.856935717738	0.849685838569	0.852102464959	0.880618656356	0.838569357177	0.843402609957	0.0	0.869985500242	0.850169163847	0.884485258579	0.883035282745	0.709521507975	0.678588690188	0.803769937168	0.832286128565	0.869502174964	0.869502174964	0.831802803287	0.813436442726	0.856935717738	0.847752537458	0.773320444659	0.744320927985	0.874818753021	0.866118898018	0.869502174964	0.870952150797	0.896568390527	0.883518608023	0.885935234413	0.855969067182	0.880135331078	0.880618656356	0.879168680522	0.849685838569	0.843885935234	0.859352344128	0.888351860802	0.885451909135	0.883035282745	0.883035282745	0.883035282745	0.877718704688	0.889318511358	0.884001933301	0.886418559691	0.884968583857	0.889801836636	0.887385210246	0.883035282745	0.882068632189	0.882551957467	0.8796520058	0.885451909135	0.886418559691
AH3	0.666505558241	0.404059932334	0.961333977767	0.594006766554	0.608989850169	0.578540357661	0.572257129048	0.548090865152	0.566940550991	0.552924117931	0.618656355727	0.556307394877	0.543740937651	0.869985500242	0.0	0.538907684872	0.629772837119	0.619623006283	0.93281778637	0.76848719188	0.722087965201	0.666988883519	0.633639439343	0.650072498792	0.910101498308	0.69453842436	0.651039149348	0.649105848236	0.667955534074	0.695505074915	0.704204929918	0.651039149348	0.571290478492	0.594490091832	0.720154664089	0.64813919768	0.644272595457	0.565973900435	0.599323344611	0.554374093765	0.576123731271	0.608506524891	0.581923634606	0.569840502658	0.65732237796	0.637022716288	0.697921701305	0.635089415176	0.671822136298	0.660222329628	0.646205896568	0.678105364911	0.610439826003	0.61575640406	0.610439826003	0.619139681005	0.582406959884	0.661672305462	0.584340260996	0.649105848236	0.609473175447	0.627839536008
AH4	0.34026099565	0.357660705655	0.942000966651	0.58095698405	0.618173030449	0.521991300145	0.627839536008	0.536491058482	0.533591106815	0.558724021266	0.570807153214	0.55099081682	0.520541324311	0.850169163847	0.538907684872	0.0	0.545674238763	0.542290961817	0.876268728855	0.722571290478	0.642822619623	0.574673755437	0.570807153214	0.574673755437	0.855002416626	0.593523441276	0.555824069599	0.555340744321	0.579990333494	0.598356694055	0.603189946834	0.549540840986	0.551474142098	0.554857419043	0.711454809087	0.650072498792	0.581440309328	0.579990333494	0.544224262929	0.58337361044	0.531657805703	0.684388593523	0.641855969067	0.579023682939	0.593040115998	0.581923634606	0.653939101015	0.605606573224	0.658289028516	0.612856452392	0.600773320445	0.634606089899	0.537457709038	0.520057999033	0.537941034316	0.522474625423	0.511358144031	0.61333977767	0.533107781537	0.608023199613	0.538907684872	0.601739971
AA7	0.582890285162	0.541324311261	0.969067182214	0.637989366844	0.624456259062	0.496375060416	0.673272112131	0.484291928468	0.452392460126	0.588206863219	0.441275978734	0.576123731271	0.522957950701	0.884485258579	0.629772837119	0.545674238763	0.0	0.298211696472	0.925084581924	0.772837119381	0.608989850169	0.536007733204	0.46979217013	0.479942000967	0.871918801353	0.590623489609	0.441759304012	0.490575157081	0.527307878202	0.594490091832	0.510391493475	0.442725954567	0.450942484292	0.498791686805	0.715804736588	0.666988883519	0.478975350411	0.578057032383	0.502174963751	0.611406476559	0.53020782987	0.723537941034	0.68970517158	0.583856935718	0.552440792653	0.521991300145	0.668438859352	0.619623006283	0.678105364911	0.647172547124	0.592073465442	0.6389560174	0.535041082649	0.519574673755	0.526824552924	0.532141130981	0.537457709038	0.617206379894	0.567423876269	0.642822619623	0.507491541808	0.612373127115
AA8	0.573707104882	0.532141130981	0.96761720638	0.632672788787	0.606089898502	0.462058965684	0.669888835186	0.45142580957	0.41904301595	0.587240212663	0.428709521508	0.538907684872	0.49299178347	0.883035282745	0.619623006283	0.542290961817	0.298211696472	0.0	0.927984533591	0.776703721605	0.599323344611	0.5186080232	0.461575640406	0.470275495408	0.867085548574	0.575157080715	0.433542774287	0.476075398743	0.51619139681	0.585790236829	0.478008699855	0.400676655389	0.427742870952	0.473175447076	0.704688255196	0.654422426293	0.45142580957	0.564523924601	0.472692121798	0.608023199613	0.522474625423	0.730304494925	0.694055099082	0.5601739971	0.529724504592	0.503141614306	0.648622522958	0.593040115998	0.657805703238	0.620106331561	0.56935717738	0.618173030449	0.503624939584	0.489125181247	0.509424842919	0.513291445143	0.531657805703	0.598840019333	0.555340744321	0.619139681005	0.478492025133	0.589173513775
AB7	0.874818753021	0.887868535524	0.735621072982	0.728371193813	0.86805219913	0.920734654422	0.935717738038	0.938134364427	0.931367810536	0.924117931368	0.95601739971	0.883035282745	0.929917834703	0.709521507975	0.93281778637	0.876268728855	0.925084581924	0.927984533591	0.0	0.41904301595	0.811503141614	0.848719188014	0.931367810536	0.926534557757	0.742870952151	0.803769937168	0.889318511358	0.8796520058	0.759787336878	0.690188496858	0.887385210246	0.903818269696	0.924601256646	0.93523441276	0.935717738038	0.934751087482	0.942967617206	0.919768003867	0.942484291928	0.93523441276	0.937167713871	0.881585306912	0.872402126631	0.915418076365	0.956984050266	0.95601739971	0.927501208313	0.92363460609	0.927017883035	0.927017883035	0.930401159981	0.924601256646	0.9212179797	0.918318028033	0.917834702755	0.913484775254	0.916384726921	0.915901401643	0.919284678589	0.922184630256	0.944900918318	0.927017883035
AB8	0.724987916868	0.730304494925	0.757854035766	0.570807153214	0.757370710488	0.753020782987	0.77090381827	0.765103914935	0.75688738521	0.753504108265	0.791203479942	0.73368777187	0.762203963267	0.678588690188	0.76848719188	0.722571290478	0.772837119381	0.776703721605	0.41904301595	0.0	0.651522474625	0.676655389077	0.757854035766	0.741420976317	0.752054132431	0.662155630739	0.71290478492	0.697438376027	0.55099081682	0.515708071532	0.745770903818	0.748670855486	0.755920734654	0.767037216046	0.82165297245	0.774287095215	0.774287095215	0.74770420493	0.766553890768	0.763653939101	0.760270662156	0.72450459159	0.713388110198	0.745770903818	0.788786853552	0.790720154664	0.818269695505	0.767037216046	0.802803286612	0.782986950217	0.779603673272	0.800386660222	0.769937167714	0.767037216046	0.76848719188	0.762203963267	0.757370710488	0.786853552441	0.763170613823	0.768970517158	0.785403576607	0.77090381827
AC7	0.618173030449	0.660222329628	0.883035282745	0.644272595457	0.734171097148	0.605123247946	0.717254712421	0.590623489609	0.570807153214	0.657805703238	0.608989850169	0.685838569357	0.673755437409	0.803769937168	0.722087965201	0.642822619623	0.608989850169	0.599323344611	0.811503141614	0.651522474625	0.0	0.378927017883	0.576123731271	0.579507008217	0.817786370227	0.589656839053	0.551957467376	0.521507974867	0.494441759304	0.499275012083	0.582406959884	0.553407443209	0.570807153214	0.594490091832	0.825519574674	0.767037216046	0.642339294345	0.65732237796	0.617689705172	0.716771387144	0.663605606573	0.729337844369	0.699371677139	0.643789270179	0.640889318511	0.616239729338	0.823586273562	0.771387143548	0.813436442726	0.787336877719	0.751087481875	0.798936684389	0.686805219913	0.660705654906	0.683421942968	0.693571773804	0.679555340744	0.785886901885	0.687288545191	0.783470275495	0.62493958434	0.757370710488
AC8	0.569840502658	0.588206863219	0.917351377477	0.622522957951	0.684388593523	0.529724504592	0.688738521025	0.517158047366	0.491541807637	0.59255679072	0.53697438376	0.620589656839	0.611406476559	0.832286128565	0.666988883519	0.574673755437	0.536007733204	0.5186080232	0.848719188014	0.676655389077	0.378927017883	0.0	0.485258579024	0.486708554857	0.84485258579	0.553407443209	0.406476558724	0.376510391493	0.447075882069	0.485258579024	0.517641372644	0.468342194297	0.491541807637	0.532141130981	0.749154180764	0.693088448526	0.556790720155	0.586756887385	0.541324311261	0.640405993233	0.583856935718	0.687771870469	0.650072498792	0.575157080715	0.568390526825	0.550507491542	0.742870952151	0.685355244079	0.73610439826	0.708071532141	0.665538907685	0.718221362977	0.600773320445	0.583856935718	0.599323344611	0.610923151281	0.605123247946	0.702271628806	0.61333977767	0.704688255196	0.547607539874	0.674238762687
AD7	0.593040115998	0.566940550991	0.952634122765	0.637506041566	0.714838086032	0.521507974867	0.686805219913	0.50459159014	0.468825519575	0.589173513775	0.433059449009	0.647172547124	0.585790236829	0.869502174964	0.633639439343	0.570807153214	0.46979217013	0.461575640406	0.931367810536	0.757854035766	0.576123731271	0.485258579024	0.0	0.296761720638	0.891735137748	0.517158047366	0.414693088449	0.460125664572	0.496375060416	0.5601739971	0.505074915418	0.460125664572	0.469308844853	0.524407926535	0.75688738521	0.691155147414	0.510391493475	0.599323344611	0.530691155147	0.644755920735	0.584823586274	0.722571290478	0.690188496858	0.583856935718	0.557274045433	0.544707588207	0.740937651039	0.671822136298	0.736587723538	0.700338327695	0.659255679072	0.707104881585	0.602223296278	0.582406959884	0.594006766554	0.608506524891	0.581440309328	0.691638472692	0.599806669889	0.700821652972	0.55099081682	0.663605606573
AD8	0.590623489609	0.58095698405	0.953117448043	0.643789270179	0.714354760754	0.520057999033	0.69212179797	0.497341710971	0.468342194297	0.587240212663	0.427259545674	0.645239246013	0.594490091832	0.869502174964	0.650072498792	0.574673755437	0.479942000967	0.470275495408	0.926534557757	0.741420976317	0.579507008217	0.486708554857	0.296761720638	0.0	0.851135814403	0.484775253746	0.414209763171	0.460125664572	0.479458675689	0.543257612373	0.493958434026	0.472692121798	0.475108748188	0.530691155147	0.7593040116	0.685838569357	0.503624939584	0.596423392943	0.535524407927	0.643789270179	0.578540357661	0.727887868536	0.695021749638	0.582890285162	0.5601739971	0.555824069599	0.749637506042	0.684388593523	0.744804253262	0.710971483809	0.667955534074	0.716771387144	0.610439826003	0.588690188497	0.601256645723	0.616723054616	0.611406476559	0.708071532141	0.615273078782	0.705654905752	0.559207346544	0.673272112131
AE7	0.826969550507	0.874335427743	0.852102464959	0.793620106332	0.820202996617	0.884001933301	0.917351377477	0.908651522475	0.891735137748	0.898018366361	0.918801353311	0.849202513291	0.887385210246	0.831802803287	0.910101498308	0.855002416626	0.871918801353	0.867085548574	0.742870952151	0.752054132431	0.817786370227	0.84485258579	0.891735137748	0.851135814403	0.0	0.553890768487	0.868535524408	0.85645239246	0.774770420493	0.7593040116	0.837119381344	0.855485741904	0.899951667472	0.906234896085	0.926051232479	0.918318028033	0.925567907202	0.905751570807	0.908168197197	0.882068632189	0.899468342194	0.882551957467	0.875785403577	0.882551957467	0.940067665539	0.925567907202	0.886418559691	0.90043499275	0.909134847753	0.894151764137	0.903334944418	0.895601739971	0.895601739971	0.897051715805	0.90285161914	0.894151764137	0.899951667472	0.890768487192	0.897535041083	0.896085065249	0.908168197197	0.910101498308
AE8	0.578057032383	0.61333977767	0.888351860802	0.618173030449	0.665055582407	0.578057032383	0.693088448526	0.598840019333	0.581923634606	0.605123247946	0.620106331561	0.621556307395	0.630739487675	0.813436442726	0.69453842436	0.593523441276	0.590623489609	0.575157080715	0.803769937168	0.662155630739	0.589656839053	0.553407443209	0.517158047366	0.484775253746	0.553890768487	0.0	0.563557274045	0.547607539874	0.504108264862	0.49540840986	0.559207346544	0.557274045433	0.598356694055	0.599323344611	0.768003866602	0.708554857419	0.622039632673	0.615273078782	0.602706621556	0.652489125181	0.610439826003	0.69453842436	0.669405509908	0.593040115998	0.630256162397	0.621072982117	0.739971000483	0.681005316578	0.753504108265	0.70130497825	0.683421942968	0.724021266312	0.639439342678	0.613823102948	0.633639439343	0.631222812953	0.637989366844	0.710488158531	0.65055582407	0.706621556307	0.606089898502	0.684871918801
AF7	0.56935717738	0.549540840986	0.939101014983	0.637022716288	0.664572257129	0.499758337361	0.68970517158	0.464958917351	0.439342677622	0.589656839053	0.439342677622	0.594006766554	0.552924117931	0.856935717738	0.651039149348	0.555824069599	0.441759304012	0.433542774287	0.889318511358	0.71290478492	0.551957467376	0.406476558724	0.414693088449	0.414209763171	0.868535524408	0.563557274045	0.0	0.310778153697	0.462542290962	0.532141130981	0.480425326245	0.47462542291	0.436926051232	0.493958434026	0.709038182697	0.65732237796	0.471242145964	0.561623972934	0.505074915418	0.612373127115	0.534074432093	0.70372160464	0.670855485742	0.548090865152	0.533591106815	0.510391493475	0.681971967134	0.634606089899	0.700338327695	0.667472208797	0.620106331561	0.660222329628	0.554857419043	0.537457709038	0.550507491542	0.565490575157	0.556790720155	0.643305944901	0.579507008217	0.662155630739	0.501208313195	0.62493958434
AF8	0.566940550991	0.552440792653	0.928467858869	0.628806186564	0.6805219913	0.509908168197	0.688738521025	0.479458675689	0.458675688739	0.585306911551	0.507491541808	0.611889801837	0.568873852102	0.847752537458	0.649105848236	0.555340744321	0.490575157081	0.476075398743	0.8796520058	0.697438376027	0.521507974867	0.376510391493	0.460125664572	0.460125664572	0.85645239246	0.547607539874	0.310778153697	0.0	0.454325761237	0.519574673755	0.518124697922	0.462058965684	0.450942484292	0.500724987917	0.724987916868	0.673755437409	0.513291445143	0.562107298212	0.517641372644	0.610923151281	0.54857419043	0.68970517158	0.658772353794	0.548090865152	0.553890768487	0.528757854036	0.695988400193	0.642339294345	0.713388110198	0.681971967134	0.638472692122	0.673272112131	0.570807153214	0.549057515708	0.564040599323	0.577573707105	0.559207346544	0.658772353794	0.58095698405	0.678105364911	0.508941517641	0.639439342678
AG7	0.589173513775	0.595456742388	0.858385693572	0.554857419043	0.667472208797	0.53939101015	0.681005316578	0.509424842919	0.48380860319	0.577573707105	0.531174480425	0.611889801837	0.608506524891	0.773320444659	0.667955534074	0.579990333494	0.527307878202	0.51619139681	0.759787336878	0.55099081682	0.494441759304	0.447075882069	0.496375060416	0.479458675689	0.774770420493	0.504108264862	0.462542290962	0.454325761237	0.0	0.32866118898	0.539874335428	0.508941517641	0.498791686805	0.54857419043	0.754470758821	0.683905268246	0.53697438376	0.579023682939	0.552440792653	0.630256162397	0.574673755437	0.675205413243	0.635089415176	0.56259062349	0.589173513775	0.572257129048	0.737554374094	0.669405509908	0.726437892702	0.703238279362	0.655389076849	0.712421459642	0.615273078782	0.59497341711	0.615273078782	0.619139681005	0.620589656839	0.693571773804	0.632189463509	0.694055099082	0.580473658772	0.663605606573
AG8	0.584823586274	0.614789753504	0.828902851619	0.57177380377	0.691155147414	0.578540357661	0.674238762687	0.583856935718	0.564523924601	0.597390043499	0.602706621556	0.640889318511	0.633156114065	0.744320927985	0.695505074915	0.598356694055	0.594490091832	0.585790236829	0.690188496858	0.515708071532	0.499275012083	0.485258579024	0.5601739971	0.543257612373	0.7593040116	0.49540840986	0.532141130981	0.519574673755	0.32866118898	0.0	0.575157080715	0.554374093765	0.573223779604	0.586273562107	0.772837119381	0.708071532141	0.593040115998	0.596423392943	0.587723537941	0.657805703238	0.599323344611	0.686321894635	0.652972450459	0.593523441276	0.623006283229	0.610439826003	0.755920734654	0.686321894635	0.747220879652	0.715804736588	0.683421942968	0.734654422426	0.645239246013	0.615273078782	0.637022716288	0.637022716288	0.646689221846	0.714354760754	0.660222329628	0.709521507975	0.617689705172	0.686805219913
AH7	0.586273562107	0.629289511841	0.949250845819	0.676172063799	0.707588206863	0.570807153214	0.711938134364	0.558240695988	0.541807636539	0.63653939101	0.528757854036	0.652972450459	0.637989366844	0.874818753021	0.704204929918	0.603189946834	0.510391493475	0.478008699855	0.887385210246	0.745770903818	0.582406959884	0.517641372644	0.505074915418	0.493958434026	0.837119381344	0.559207346544	0.480425326245	0.518124697922	0.539874335428	0.575157080715	0.0	0.350410826486	0.5601739971	0.607056549058	0.784920251329	0.744320927985	0.559207346544	0.660222329628	0.601739971	0.675205413243	0.623972933784	0.76848719188	0.746254229096	0.644755920735	0.634606089899	0.618656355727	0.759787336878	0.719671338811	0.771387143548	0.724021266312	0.695988400193	0.73852102465	0.625422909618	0.61333977767	0.62493958434	0.638472692122	0.630739487675	0.725954567424	0.635089415176	0.723054615756	0.608023199613	0.710004833253
AH8	0.551957467376	0.567907201547	0.950700821653	0.63653939101	0.658289028516	0.509908168197	0.679072015466	0.499275012083	0.482841952634	0.585306911551	0.512324794587	0.603189946834	0.574673755437	0.866118898018	0.651039149348	0.549540840986	0.442725954567	0.400676655389	0.903818269696	0.748670855486	0.553407443209	0.468342194297	0.460125664572	0.472692121798	0.855485741904	0.557274045433	0.47462542291	0.462058965684	0.508941517641	0.554374093765	0.350410826486	0.0	0.492508458192	0.536491058482	0.755437409377	0.700338327695	0.537457709038	0.602223296278	0.53020782987	0.619623006283	0.565490575157	0.722087965201	0.691155147414	0.591106814886	0.576123731271	0.55775737071	0.699371677139	0.655389076849	0.716288061866	0.67133881102	0.633156114065	0.681005316578	0.563073948768	0.550024166264	0.565973900435	0.577573707105	0.559207346544	0.663122281295	0.571290478492	0.668438859352	0.53939101015	0.649589173514
AA5	0.585790236829	0.51377477042	0.951184146931	0.632189463509	0.615273078782	0.454325761237	0.618173030449	0.398260029	0.385210246496	0.527307878202	0.441275978734	0.542290961817	0.523924601257	0.869502174964	0.571290478492	0.551474142098	0.450942484292	0.427742870952	0.924601256646	0.755920734654	0.570807153214	0.491541807637	0.469308844853	0.475108748188	0.899951667472	0.598356694055	0.436926051232	0.450942484292	0.498791686805	0.573223779604	0.5601739971	0.492508458192	0.0	0.335911068149	0.696955050749	0.598840019333	0.464475592073	0.468825519575	0.46302561624	0.540840985984	0.47220879652	0.630739487675	0.596423392943	0.464958917351	0.520541324311	0.49299178347	0.706621556307	0.647655872402	0.680038666022	0.654905751571	0.637022716288	0.68970517158	0.530691155147	0.546640889319	0.564523924601	0.564523924601	0.548090865152	0.664572257129	0.566940550991	0.647172547124	0.510874818753	0.633639439343
AA6	0.594490091832	0.514258095698	0.95601739971	0.637506041566	0.629289511841	0.470758820686	0.641855969067	0.447559207347	0.440792653456	0.544707588207	0.500724987917	0.565973900435	0.518124697922	0.870952150797	0.594490091832	0.554857419043	0.498791686805	0.473175447076	0.93523441276	0.767037216046	0.594490091832	0.532141130981	0.524407926535	0.530691155147	0.906234896085	0.599323344611	0.493958434026	0.500724987917	0.54857419043	0.586273562107	0.607056549058	0.536491058482	0.335911068149	0.0	0.696471725471	0.591106814886	0.505558240696	0.492025132914	0.471725471242	0.566940550991	0.490091831803	0.654905751571	0.623006283229	0.491541807637	0.463508941518	0.436442725955	0.699371677139	0.642339294345	0.678588690188	0.654422426293	0.629289511841	0.675205413243	0.529241179314	0.539874335428	0.558724021266	0.561140647656	0.550024166264	0.656839052682	0.567423876269	0.648622522958	0.516674722088	0.630739487675
AB5	0.7593040116	0.675205413243	0.970517158047	0.73852102465	0.628322861286	0.655389076849	0.749154180764	0.672305461576	0.68970517158	0.703238279362	0.6805219913	0.614306428226	0.666505558241	0.896568390527	0.720154664089	0.711454809087	0.715804736588	0.704688255196	0.935717738038	0.82165297245	0.825519574674	0.749154180764	0.75688738521	0.7593040116	0.926051232479	0.768003866602	0.709038182697	0.724987916868	0.754470758821	0.772837119381	0.784920251329	0.755437409377	0.696955050749	0.696471725471	0.0	0.33107781537	0.642822619623	0.665538907685	0.633156114065	0.634606089899	0.63653939101	0.755920734654	0.742387626873	0.661188980184	0.628322861286	0.614306428226	0.608506524891	0.611889801837	0.619139681005	0.59497341711	0.612856452392	0.610439826003	0.596423392943	0.619623006283	0.618173030449	0.623972933784	0.675205413243	0.587723537941	0.675688738521	0.60415659739	0.678105364911	0.610923151281
AB6	0.703238279362	0.604639922668	0.962300628323	0.6805219913	0.587723537941	0.582406959884	0.675205413243	0.590623489609	0.611406476559	0.621556307395	0.627839536008	0.53939101015	0.616239729338	0.883518608023	0.64813919768	0.650072498792	0.666988883519	0.654422426293	0.934751087482	0.774287095215	0.767037216046	0.693088448526	0.691155147414	0.685838569357	0.918318028033	0.708554857419	0.65732237796	0.673755437409	0.683905268246	0.708071532141	0.744320927985	0.700338327695	0.598840019333	0.591106814886	0.33107781537	0.0	0.584823586274	0.576123731271	0.565490575157	0.571290478492	0.564040599323	0.675688738521	0.652972450459	0.55099081682	0.565973900435	0.558240695988	0.60415659739	0.567907201547	0.594006766554	0.558240695988	0.574673755437	0.59255679072	0.534557757371	0.579990333494	0.582406959884	0.58095698405	0.614306428226	0.565007249879	0.612373127115	0.562107298212	0.635089415176	0.564523924601
AC5	0.611889801837	0.565007249879	0.971967133881	0.656355727405	0.635572740454	0.484291928468	0.664088931851	0.455775737071	0.455292411793	0.569840502658	0.420009666506	0.557274045433	0.546640889319	0.885935234413	0.644272595457	0.581440309328	0.478975350411	0.45142580957	0.942967617206	0.774287095215	0.642339294345	0.556790720155	0.510391493475	0.503624939584	0.925567907202	0.622039632673	0.471242145964	0.513291445143	0.53697438376	0.593040115998	0.559207346544	0.537457709038	0.464475592073	0.505558240696	0.642822619623	0.584823586274	0.0	0.446592556791	0.457225712905	0.582890285162	0.511841469309	0.710004833253	0.674722087965	0.540840985984	0.482358627356	0.46979217013	0.620589656839	0.577573707105	0.637506041566	0.589656839053	0.565490575157	0.605123247946	0.510391493475	0.478492025133	0.497341710971	0.492025132914	0.572257129048	0.594490091832	0.583856935718	0.577573707105	0.519574673755	0.568873852102
AC6	0.616723054616	0.512808119865	0.948767520541	0.626872885452	0.578057032383	0.501208313195	0.547124214596	0.466892218463	0.508458192363	0.461092315128	0.553890768487	0.529724504592	0.53020782987	0.855969067182	0.565973900435	0.579990333494	0.578057032383	0.564523924601	0.919768003867	0.74770420493	0.65732237796	0.586756887385	0.599323344611	0.596423392943	0.905751570807	0.615273078782	0.561623972934	0.562107298212	0.579023682939	0.596423392943	0.660222329628	0.602223296278	0.468825519575	0.492025132914	0.665538907685	0.576123731271	0.446592556791	0.0	0.51619139681	0.521507974867	0.478975350411	0.497825036249	0.46302561624	0.424359594007	0.552924117931	0.548090865152	0.664572257129	0.622522957951	0.656839052682	0.626389560174	0.61333977767	0.651522474625	0.555824069599	0.550507491542	0.560657322378	0.553890768487	0.565007249879	0.630739487675	0.582890285162	0.612373127115	0.545674238763	0.613823102948
AD6	0.582406959884	0.523441275979	0.972450459159	0.616239729338	0.579023682939	0.412276462059	0.612373127115	0.436442725955	0.440792653456	0.524407926535	0.443209279845	0.499275012083	0.507491541808	0.880135331078	0.599323344611	0.544224262929	0.502174963751	0.472692121798	0.942484291928	0.766553890768	0.617689705172	0.541324311261	0.530691155147	0.535524407927	0.908168197197	0.602706621556	0.505074915418	0.517641372644	0.552440792653	0.587723537941	0.601739971	0.53020782987	0.46302561624	0.471725471242	0.633156114065	0.565490575157	0.457225712905	0.51619139681	0.0	0.531657805703	0.405509908168	0.693571773804	0.664088931851	0.519574673755	0.473175447076	0.462542290962	0.603189946834	0.547124214596	0.580473658772	0.564040599323	0.538907684872	0.586273562107	0.462058965684	0.448525857902	0.480425326245	0.47220879652	0.537457709038	0.561140647656	0.541807636539	0.56259062349	0.463508941518	0.544707588207
AE5	0.63653939101	0.520057999033	0.972450459159	0.625906234896	0.553890768487	0.532141130981	0.58095698405	0.532141130981	0.577573707105	0.534074432093	0.605123247946	0.50459159014	0.567907201547	0.880618656356	0.554374093765	0.58337361044	0.611406476559	0.608023199613	0.93523441276	0.763653939101	0.716771387144	0.640405993233	0.644755920735	0.643789270179	0.882068632189	0.652489125181	0.612373127115	0.610923151281	0.630256162397	0.657805703238	0.675205413243	0.619623006283	0.540840985984	0.566940550991	0.634606089899	0.571290478492	0.582890285162	0.521507974867	0.531657805703	0.0	0.347994200097	0.609956500725	0.590140164331	0.520541324311	0.616239729338	0.609473175447	0.64813919768	0.611889801837	0.632672788787	0.606089898502	0.628322861286	0.65055582407	0.542290961817	0.566457225713	0.596423392943	0.562107298212	0.563557274045	0.626389560174	0.554857419043	0.600773320445	0.58337361044	0.613823102948
AE6	0.587240212663	0.487675205413	0.971483808603	0.612856452392	0.564040599323	0.460125664572	0.568390526825	0.457225712905	0.505558240696	0.498791686805	0.524407926535	0.506524891252	0.512808119865	0.879168680522	0.576123731271	0.531657805703	0.53020782987	0.522474625423	0.937167713871	0.760270662156	0.663605606573	0.583856935718	0.584823586274	0.578540357661	0.899468342194	0.610439826003	0.534074432093	0.54857419043	0.574673755437	0.599323344611	0.623972933784	0.565490575157	0.47220879652	0.490091831803	0.63653939101	0.564040599323	0.511841469309	0.478975350411	0.405509908168	0.347994200097	0.0	0.647172547124	0.611406476559	0.487675205413	0.531657805703	0.527307878202	0.632672788787	0.584340260996	0.612856452392	0.589173513775	0.581923634606	0.624456259062	0.48380860319	0.486708554857	0.510874818753	0.496375060416	0.514258095698	0.600773320445	0.527307878202	0.584823586274	0.501691638473	0.577090381827
AF5	0.720154664089	0.631706138231	0.933301111648	0.664572257129	0.666505558241	0.675205413243	0.565973900435	0.632672788787	0.686321894635	0.576607056549	0.72450459159	0.632672788787	0.678588690188	0.849685838569	0.608506524891	0.684388593523	0.723537941034	0.730304494925	0.881585306912	0.72450459159	0.729337844369	0.687771870469	0.722571290478	0.727887868536	0.882551957467	0.69453842436	0.70372160464	0.68970517158	0.675205413243	0.686321894635	0.76848719188	0.722087965201	0.630739487675	0.654905751571	0.755920734654	0.675688738521	0.710004833253	0.497825036249	0.693571773804	0.609956500725	0.647172547124	0.0	0.269212179797	0.547607539874	0.726437892702	0.720154664089	0.767520541324	0.72692121798	0.751570807153	0.722571290478	0.733204446593	0.763170613823	0.696955050749	0.719188013533	0.733204446593	0.717254712421	0.679555340744	0.740454325761	0.681488641856	0.716771387144	0.721604639923	0.725954567424
AF6	0.688255195747	0.596423392943	0.931851135814	0.643305944901	0.649105848236	0.642822619623	0.542774287095	0.601256645723	0.654422426293	0.550024166264	0.693571773804	0.609956500725	0.644755920735	0.843885935234	0.581923634606	0.641855969067	0.68970517158	0.694055099082	0.872402126631	0.713388110198	0.699371677139	0.650072498792	0.690188496858	0.695021749638	0.875785403577	0.669405509908	0.670855485742	0.658772353794	0.635089415176	0.652972450459	0.746254229096	0.691155147414	0.596423392943	0.623006283229	0.742387626873	0.652972450459	0.674722087965	0.46302561624	0.664088931851	0.590140164331	0.611406476559	0.269212179797	0.0	0.51377477042	0.695988400193	0.684871918801	0.748670855486	0.704204929918	0.732237796037	0.696471725471	0.698405026583	0.742870952151	0.667955534074	0.685838569357	0.696471725471	0.686321894635	0.643305944901	0.709038182697	0.641372643789	0.688255195747	0.688738521025	0.69453842436
