	AA3	AA4	AB3	AB4	AC3	AC4	AD3	AD4	AE3	AE4	AF3	AF4	AG3	AG4	AH3	AH4	AA7	AA8	AB7	AB8	AC7	AC8	AD7	AD8	AE7	AE8	AF7	AF8	AG7	AG8	AH7	AH8	AA5	AA6	AB5	AB6	AC5	AC6	AD6	AE5	AE6	AF5	AF6	AG5	AH5	AH6	AA1	AA2	AB1	AB2	AC1	AC2	AD1	AD2	AE1	AE2	AF1	AF2	AG1	AG2	AH1	AH2
AA3	0.0	0.487191880135	0.934267762204	0.612373127115	0.651039149348	0.584340260996	0.677622039633	0.583856935718	0.571290478492	0.632189463509	0.620589656839	0.614306428226	0.576607056549	0.853552440793	0.647172547124	0.330111164814	0.577090381827	0.568873852102	0.87046882552	0.719188013533	0.608989850169	0.570807153214	0.588690188497	0.582890285162	0.829386176897	0.593523441276	0.564040599323	0.555824069599	0.595940067666	0.587723537941	0.59255679072	0.556790720155	0.582890285162	0.592073465442	0.750120831319	0.68970517158	0.621072982117	0.619623006283	0.60657322378	0.634122764621	0.621072982117	0.727887868536	0.702271628806	0.619139681005	0.620589656839	0.623972933784	0.688738521025	0.661672305462	0.721121314645	0.677622039633	0.652972450459	0.664572257129	0.585790236829	0.57177380377	0.588690188497	0.565490575157	0.579990333494	0.649105848236	0.58337361044	0.671822136298	0.585790236829	0.644755920735
AA4	0.487191880135	0.0	0.947800869986	0.576607056549	0.56259062349	0.495891735138	0.588206863219	0.479458675689	0.506524891252	0.520541324311	0.571290478492	0.515224746254	0.480908651522	0.861768970517	0.379893668439	0.365877235379	0.54857419043	0.532141130981	0.906234896085	0.739487675205	0.654905751571	0.577090381827	0.576607056549	0.595940067666	0.881585306912	0.623489608507	0.552440792653	0.543257612373	0.600289995167	0.615273078782	0.635089415176	0.589656839053	0.502658289029	0.529724504592	0.665538907685	0.590623489609	0.575640405993	0.507974867086	0.53939101015	0.52779120348	0.491058482359	0.638472692122	0.587240212663	0.513291445143	0.571290478492	0.570323827936	0.648622522958	0.580473658772	0.625422909618	0.589173513775	0.595456742388	0.62493958434	0.531174480425	0.516674722088	0.521991300145	0.521507974867	0.495891735138	0.611889801837	0.498791686805	0.594006766554	0.517158047366	0.573707104882
AB3	0.934267762204	0.947800869986	0.0	0.664572257129	0.908651522475	0.947317544708	0.95601739971	0.942484291928	0.932334461092	0.949250845819	0.968100531658	0.93523441276	0.966650555824	0.350894151764	0.960850652489	0.940550990817	0.972933784437	0.968100531658	0.740454325761	0.747220879652	0.890285161914	0.919768003867	0.964717254712	0.950700821653	0.850169163847	0.891735137748	0.942000966651	0.927984533591	0.840502658289	0.845335911068	0.953117448043	0.953117448043	0.954567423876	0.962300628323	0.972933784437	0.96520057999	0.973417109715	0.949734171097	0.972933784437	0.971483808603	0.971967133881	0.936684388594	0.933784436926	0.950700821653	0.977767037216	0.971483808603	0.972450459159	0.969550507492	0.969550507492	0.971483808603	0.970517158047	0.971967133881	0.973417109715	0.974867085549	0.981633639439	0.974383760271	0.973900434993	0.970033832769	0.972933784437	0.973417109715	0.971967133881	0.972450459159
AB4	0.612373127115	0.576607056549	0.664572257129	0.0	0.624456259062	0.609956500725	0.68293861769	0.623489608507	0.614789753504	0.639439342678	0.660705654906	0.610923151281	0.492025132914	0.557274045433	0.617206379894	0.589656839053	0.64572257129	0.626389560174	0.716288061866	0.558724021266	0.646689221846	0.634606089899	0.667955534074	0.652489125181	0.782020299662	0.61575640406	0.647172547124	0.634606089899	0.556307394877	0.575640405993	0.672305461576	0.639922667956	0.637506041566	0.659255679072	0.730304494925	0.6805219913	0.673272112131	0.637506041566	0.637989366844	0.629772837119	0.630256162397	0.682455292412	0.664088931851	0.634122764621	0.684388593523	0.681488641856	0.709521507975	0.674238762687	0.709521507975	0.672305461576	0.681971967134	0.682455292412	0.632189463509	0.642339294345	0.652972450459	0.641372643789	0.643789270179	0.670855485742	0.635089415176	0.675205413243	0.648622522958	0.681971967134
AC3	0.651039149348	0.56259062349	0.908651522475	0.624456259062	0.0	0.491058482359	0.637022716288	0.546157564041	0.568390526825	0.587723537941	0.619623006283	0.310778153697	0.611889801837	0.827936201063	0.604639922668	0.59255679072	0.614306428226	0.60415659739	0.863702271629	0.739004349928	0.712421459642	0.666988883519	0.702271628806	0.700821652972	0.822619623006	0.673272112131	0.653455775737	0.647655872402	0.654422426293	0.66892218463	0.698888351861	0.664088931851	0.591106814886	0.629289511841	0.615273078782	0.571290478492	0.617689705172	0.575157080715	0.577573707105	0.537457709038	0.55775737071	0.651039149348	0.622039632673	0.550507491542	0.631222812953	0.63653939101	0.595940067666	0.587723537941	0.590140164331	0.571290478492	0.597390043499	0.582406959884	0.524891251812	0.562107298212	0.585306911551	0.563557274045	0.600289995167	0.579507008217	0.602706621556	0.595940067666	0.607056549058	0.587723537941
AC4	0.584340260996	0.495891735138	0.947317544708	0.609956500725	0.491058482359	0.0	0.621072982117	0.388593523441	0.400676655389	0.526824552924	0.33107781537	0.399226679555	0.518124697922	0.861285645239	0.574190430159	0.522474625423	0.463992266796	0.44900918318	0.922184630256	0.755920734654	0.573223779604	0.517158047366	0.500241662639	0.500241662639	0.889318511358	0.58095698405	0.471725471242	0.478975350411	0.517641372644	0.55099081682	0.55775737071	0.521024649589	0.433542774287	0.471242145964	0.632672788787	0.554857419043	0.454809086515	0.516674722088	0.414209763171	0.552440792653	0.473175447076	0.696955050749	0.643305944901	0.499275012083	0.490575157081	0.476558724021	0.635572740454	0.578057032383	0.605123247946	0.578540357661	0.576123731271	0.603673272112	0.499758337361	0.486708554857	0.499758337361	0.489125181247	0.543257612373	0.589173513775	0.542774287095	0.574673755437	0.490575157081	0.562107298212
AD3	0.677622039633	0.588206863219	0.95601739971	0.68293861769	0.637022716288	0.621072982117	0.0	0.540357660706	0.640405993233	0.362493958434	0.676172063799	0.597390043499	0.643789270179	0.869985500242	0.57177380377	0.637506041566	0.684388593523	0.681005316578	0.942000966651	0.779603673272	0.722087965201	0.695021749638	0.699855002417	0.690671822136	0.91445142581	0.68293861769	0.697438376027	0.688255195747	0.691638472692	0.686805219913	0.718704688255	0.691155147414	0.62735621073	0.661672305462	0.743354277429	0.678588690188	0.681971967134	0.538424359594	0.646689221846	0.575640405993	0.581923634606	0.564040599323	0.534074432093	0.565973900435	0.699371677139	0.690188496858	0.765587240213	0.705654905752	0.737554374094	0.707588206863	0.699371677139	0.732237796037	0.662155630739	0.661672305462	0.67133881102	0.660705654906	0.635572740454	0.718704688255	0.631706138231	0.706621556307	0.690188496858	0.695021749638
AD4	0.583856935718	0.479458675689	0.942484291928	0.623489608507	0.546157564041	0.388593523441	0.540357660706	0.0	0.323827936201	0.42822619623	0.435476075399	0.497341710971	0.505074915418	0.861285645239	0.541807636539	0.519091348478	0.453842435959	0.459159014016	0.937167713871	0.764620589657	0.573223779604	0.491058482359	0.488641855969	0.496858385694	0.896568390527	0.588690188497	0.444659255679	0.448042532624	0.503624939584	0.552924117931	0.546157564041	0.497341710971	0.398260029	0.440792653456	0.642822619623	0.565490575157	0.448525857902	0.486708554857	0.435476075399	0.556790720155	0.477525374577	0.65973900435	0.60657322378	0.479942000967	0.494441759304	0.467375543741	0.668438859352	0.604639922668	0.631706138231	0.609473175447	0.605606573224	0.631222812953	0.518124697922	0.502658289029	0.51619139681	0.514258095698	0.51619139681	0.622522957951	0.53697438376	0.603189946834	0.505558240696	0.596423392943
AE3	0.571290478492	0.506524891252	0.932334461092	0.614789753504	0.568390526825	0.400676655389	0.640405993233	0.323827936201	0.0	0.519574673755	0.421942967617	0.529724504592	0.508941517641	0.852102464959	0.560657322378	0.522957950701	0.450459159014	0.443209279845	0.928467858869	0.758337361044	0.551474142098	0.484775253746	0.475108748188	0.482358627356	0.890285161914	0.584340260996	0.443692605123	0.446109231513	0.491058482359	0.544707588207	0.546157564041	0.501208313195	0.397293378444	0.451909134848	0.677138714355	0.612373127115	0.468825519575	0.520541324311	0.454809086515	0.603189946834	0.508458192363	0.693571773804	0.645239246013	0.500724987917	0.511358144031	0.485741904302	0.674238762687	0.619139681005	0.654422426293	0.634606089899	0.615273078782	0.649589173514	0.538424359594	0.533591106815	0.534074432093	0.532624456259	0.537941034316	0.639922667956	0.552440792653	0.618173030449	0.500241662639	0.609956500725
AE4	0.632189463509	0.520541324311	0.949250845819	0.639439342678	0.587723537941	0.526824552924	0.362493958434	0.42822619623	0.519574673755	0.0	0.586756887385	0.549540840986	0.565007249879	0.859835669406	0.536491058482	0.566940550991	0.594006766554	0.591106814886	0.936684388594	0.764620589657	0.658289028516	0.59497341711	0.607056549058	0.597873368777	0.903334944418	0.62493958434	0.600773320445	0.589656839053	0.588206863219	0.601739971	0.651039149348	0.616239729338	0.532624456259	0.568390526825	0.697921701305	0.630739487675	0.586756887385	0.455292411793	0.550507491542	0.522957950701	0.492025132914	0.580473658772	0.550024166264	0.478492025133	0.612856452392	0.604639922668	0.713388110198	0.651039149348	0.690671822136	0.661672305462	0.655872402127	0.681971967134	0.608989850169	0.579990333494	0.581923634606	0.585306911551	0.57177380377	0.672305461576	0.579023682939	0.65732237796	0.589656839053	0.644272595457
AF3	0.620589656839	0.571290478492	0.968100531658	0.660705654906	0.619623006283	0.33107781537	0.676172063799	0.435476075399	0.421942967617	0.586756887385	0.0	0.533107781537	0.545190913485	0.886901884969	0.616723054616	0.576123731271	0.454809086515	0.447075882069	0.957950700822	0.795553407443	0.595456742388	0.544707588207	0.427259545674	0.43064282262	0.915901401643	0.61333977767	0.457225712905	0.506041565974	0.536491058482	0.58337361044	0.531657805703	0.517641372644	0.437892701788	0.496858385694	0.676655389077	0.623489608507	0.440792653456	0.558240695988	0.453842435959	0.61575640406	0.536007733204	0.734171097148	0.685838569357	0.537941034316	0.51619139681	0.495891735138	0.681005316578	0.620589656839	0.671822136298	0.62735621073	0.619623006283	0.64572257129	0.566457225713	0.521507974867	0.540840985984	0.533107781537	0.58337361044	0.634122764621	0.589173513775	0.610923151281	0.516674722088	0.602223296278
AF4	0.614306428226	0.515224746254	0.93523441276	0.610923151281	0.310778153697	0.399226679555	0.597390043499	0.497341710971	0.529724504592	0.549540840986	0.533107781537	0.0	0.559690671822	0.851619139681	0.550024166264	0.541324311261	0.57177380377	0.564523924601	0.895601739971	0.735137747704	0.700821652972	0.637022716288	0.652489125181	0.654422426293	0.855969067182	0.635089415176	0.61333977767	0.610923151281	0.635572740454	0.645239246013	0.665055582407	0.630739487675	0.551957467376	0.590140164331	0.612373127115	0.535524407927	0.575157080715	0.544224262929	0.528757854036	0.501691638473	0.509424842919	0.638472692122	0.590623489609	0.515708071532	0.588206863219	0.590623489609	0.597390043499	0.542774287095	0.580473658772	0.541807636539	0.552440792653	0.568873852102	0.491058482359	0.518124697922	0.534074432093	0.524891251812	0.559207346544	0.556790720155	0.556790720155	0.555340744321	0.545674238763	0.539874335428
AG3	0.576607056549	0.480908651522	0.966650555824	0.492025132914	0.611889801837	0.518124697922	0.643789270179	0.505074915418	0.508941517641	0.565007249879	0.545190913485	0.559690671822	0.0	0.855002416626	0.512324794587	0.5186080232	0.496375060416	0.492508458192	0.942000966651	0.774287095215	0.654905751571	0.587240212663	0.568873852102	0.591590140164	0.890768487192	0.627839536008	0.537457709038	0.546640889319	0.594006766554	0.619623006283	0.628322861286	0.573223779604	0.50700821653	0.510874818753	0.667955534074	0.616239729338	0.554857419043	0.537941034316	0.529241179314	0.567423876269	0.514741420976	0.68293861769	0.634606089899	0.528274528758	0.565973900435	0.565490575157	0.642339294345	0.593040115998	0.64572257129	0.615273078782	0.606089898502	0.612856452392	0.545190913485	0.525857902368	0.53939101015	0.531174480425	0.527307878202	0.610439826003	0.545674238763	0.611406476559	0.503624939584	0.587240212663
AG4	0.853552440793	0.861768970517	0.350894151764	0.557274045433	0.827936201063	0.861285645239	0.869985500242	0.861285645239	0.852102464959	0.859835669406	0.886901884969	0.851619139681	0.855002416626	0.0	0.876752054132	0.854519091348	0.894635089415	0.891735137748	0.71532141131	0.667472208797	0.819236346061	0.844369260512	0.882551957467	0.871435476075	0.830836152731	0.81488641856	0.863218946351	0.847752537458	0.764620589657	0.767520541324	0.882551957467	0.872885451909	0.875302078299	0.882551957467	0.90285161914	0.890285161914	0.889801836636	0.859835669406	0.890285161914	0.886418559691	0.887868535524	0.857419043016	0.850169163847	0.869985500242	0.897535041083	0.893668438859	0.887868535524	0.888351860802	0.885935234413	0.883518608023	0.892701788304	0.887868535524	0.895118414693	0.89125181247	0.898018366361	0.894635089415	0.891735137748	0.885935234413	0.889801836636	0.889801836636	0.897051715805	0.893668438859
AH3	0.647172547124	0.379893668439	0.960850652489	0.617206379894	0.604639922668	0.574190430159	0.57177380377	0.541807636539	0.560657322378	0.536491058482	0.616723054616	0.550024166264	0.512324794587	0.876752054132	0.0	0.515708071532	0.595456742388	0.585306911551	0.938617689705	0.772353794103	0.700821652972	0.63653939101	0.623972933784	0.643789270179	0.900918318028	0.679555340744	0.629289511841	0.62735621073	0.652005799903	0.669405509908	0.687288545191	0.643305944901	0.538907684872	0.582890285162	0.707588206863	0.64572257129	0.635089415176	0.531657805703	0.599806669889	0.545190913485	0.55099081682	0.610439826003	0.567907201547	0.551957467376	0.639439342678	0.63653939101	0.707104881585	0.635089415176	0.666505558241	0.640405993233	0.647172547124	0.672788786854	0.592073465442	0.601256645723	0.601256645723	0.608023199613	0.567423876269	0.661188980184	0.563557274045	0.640889318511	0.593523441276	0.622039632673
AH4	0.330111164814	0.365877235379	0.940550990817	0.589656839053	0.59255679072	0.522474625423	0.637506041566	0.519091348478	0.522957950701	0.566940550991	0.576123731271	0.541324311261	0.5186080232	0.854519091348	0.515708071532	0.0	0.538907684872	0.534557757371	0.878685355244	0.72450459159	0.629289511841	0.560657322378	0.566457225713	0.572257129048	0.850169163847	0.597390043499	0.547607539874	0.546157564041	0.576123731271	0.593040115998	0.598356694055	0.563557274045	0.535524407927	0.541324311261	0.690188496858	0.624456259062	0.579990333494	0.559690671822	0.545190913485	0.555824069599	0.539874335428	0.684388593523	0.64572257129	0.556790720155	0.581923634606	0.579507008217	0.660222329628	0.598356694055	0.656355727405	0.608023199613	0.60657322378	0.631706138231	0.53020782987	0.523924601257	0.542290961817	0.523441275979	0.502658289029	0.61333977767	0.510874818753	0.608506524891	0.53939101015	0.594006766554
AA7	0.577090381827	0.54857419043	0.972933784437	0.64572257129	0.614306428226	0.463992266796	0.684388593523	0.453842435959	0.450459159014	0.594006766554	0.454809086515	0.57177380377	0.496375060416	0.894635089415	0.595456742388	0.538907684872	0.0	0.299661672305	0.922667955534	0.768970517158	0.589173513775	0.51377477042	0.480425326245	0.497825036249	0.878685355244	0.599323344611	0.448042532624	0.466408893185	0.535041082649	0.581923634606	0.522957950701	0.425326244563	0.433059449009	0.474142097632	0.69453842436	0.640405993233	0.471242145964	0.558724021266	0.485258579024	0.603673272112	0.536007733204	0.731754470759	0.684388593523	0.556307394877	0.532624456259	0.509424842919	0.669888835186	0.622522957951	0.673272112131	0.63653939101	0.600289995167	0.627839536008	0.532624456259	0.510391493475	0.527307878202	0.515708071532	0.526824552924	0.612373127115	0.547607539874	0.630739487675	0.504108264862	0.597873368777
AA8	0.568873852102	0.532141130981	0.968100531658	0.626389560174	0.60415659739	0.44900918318	0.681005316578	0.459159014016	0.443209279845	0.591106814886	0.447075882069	0.564523924601	0.492508458192	0.891735137748	0.585306911551	0.534557757371	0.299661672305	0.0	0.91445142581	0.762203963267	0.564040599323	0.492508458192	0.463508941518	0.479942000967	0.863702271629	0.585790236829	0.434026099565	0.444659255679	0.529241179314	0.570323827936	0.476558724021	0.385210246496	0.423876268729	0.47462542291	0.705654905752	0.646205896568	0.478008699855	0.557274045433	0.469308844853	0.589173513775	0.526824552924	0.731754470759	0.679072015466	0.552924117931	0.526341227646	0.510391493475	0.654422426293	0.609956500725	0.664572257129	0.631706138231	0.598356694055	0.617689705172	0.512324794587	0.506041565974	0.52537457709	0.503624939584	0.518124697922	0.601739971	0.534557757371	0.636056065732	0.489608506525	0.589656839053
AB7	0.87046882552	0.906234896085	0.740454325761	0.716288061866	0.863702271629	0.922184630256	0.942000966651	0.937167713871	0.928467858869	0.936684388594	0.957950700822	0.895601739971	0.942000966651	0.71532141131	0.938617689705	0.878685355244	0.922667955534	0.91445142581	0.0	0.396810053166	0.815853069116	0.851619139681	0.941034316095	0.926051232479	0.74528757854	0.815369743838	0.890285161914	0.871918801353	0.742870952151	0.709038182697	0.883035282745	0.898018366361	0.924601256646	0.940550990817	0.946350894152	0.931851135814	0.948284195263	0.907201546641	0.951184146931	0.931851135814	0.939584340261	0.884968583857	0.878685355244	0.915901401643	0.958917351377	0.9584340261	0.926051232479	0.931851135814	0.930884485259	0.933784436926	0.928467858869	0.918318028033	0.919768003867	0.916384726921	0.9212179797	0.913484775254	0.92363460609	0.91445142581	0.927501208313	0.933784436926	0.947800869986	0.927017883035
AB8	0.719188013533	0.739487675205	0.747220879652	0.558724021266	0.739004349928	0.755920734654	0.779603673272	0.764620589657	0.758337361044	0.764620589657	0.795553407443	0.735137747704	0.774287095215	0.667472208797	0.772353794103	0.72450459159	0.768970517158	0.762203963267	0.396810053166	0.0	0.659255679072	0.684388593523	0.767520541324	0.749154180764	0.725954567424	0.645239246013	0.718221362977	0.698405026583	0.542290961817	0.52779120348	0.744804253262	0.740454325761	0.762687288545	0.774287095215	0.818269695505	0.77090381827	0.783953600773	0.740454325761	0.78008699855	0.767037216046	0.766070565491	0.73610439826	0.719671338811	0.74770420493	0.794586756887	0.79168680522	0.813919768004	0.767037216046	0.797486708555	0.767037216046	0.780570323828	0.782020299662	0.769453842436	0.764137264379	0.771387143548	0.764620589657	0.761237312711	0.765587240213	0.762687288545	0.768003866602	0.780570323828	0.771387143548
AC7	0.608989850169	0.654905751571	0.890285161914	0.646689221846	0.712421459642	0.573223779604	0.722087965201	0.573223779604	0.551474142098	0.658289028516	0.595456742388	0.700821652972	0.654905751571	0.819236346061	0.700821652972	0.629289511841	0.589173513775	0.564040599323	0.815853069116	0.659255679072	0.0	0.370227162881	0.568873852102	0.56259062349	0.819719671339	0.58095698405	0.533107781537	0.498791686805	0.475592073465	0.487191880135	0.560657322378	0.541324311261	0.552924117931	0.596906718221	0.802803286612	0.748187530208	0.628322861286	0.631706138231	0.605123247946	0.713871435476	0.665538907685	0.734654422426	0.704688255196	0.630739487675	0.625906234896	0.609473175447	0.818753020783	0.7593040116	0.80328661189	0.779603673272	0.751570807153	0.777187046883	0.689221846303	0.665055582407	0.672788786854	0.667955534074	0.666505558241	0.769937167714	0.674238762687	0.7593040116	0.632189463509	0.742870952151
AC8	0.570807153214	0.577090381827	0.919768003867	0.634606089899	0.666988883519	0.517158047366	0.695021749638	0.491058482359	0.484775253746	0.59497341711	0.544707588207	0.637022716288	0.587240212663	0.844369260512	0.63653939101	0.560657322378	0.51377477042	0.492508458192	0.851619139681	0.684388593523	0.370227162881	0.0	0.485258579024	0.487191880135	0.846785886902	0.546157564041	0.395360077332	0.362010633156	0.445142580957	0.478008699855	0.522474625423	0.482841952634	0.478492025133	0.51619139681	0.729337844369	0.671822136298	0.546157564041	0.563073948768	0.528274528758	0.637506041566	0.58337361044	0.692605123248	0.651522474625	0.561623972934	0.556307394877	0.542774287095	0.739004349928	0.672788786854	0.728854519091	0.704204929918	0.669888835186	0.693088448526	0.607056549058	0.582890285162	0.593523441276	0.588206863219	0.580473658772	0.687771870469	0.593523441276	0.681971967134	0.550024166264	0.665055582407
AD7	0.588690188497	0.576607056549	0.964717254712	0.667955534074	0.702271628806	0.500241662639	0.699855002417	0.488641855969	0.475108748188	0.607056549058	0.427259545674	0.652489125181	0.568873852102	0.882551957467	0.623972933784	0.566457225713	0.480425326245	0.463508941518	0.941034316095	0.767520541324	0.568873852102	0.485258579024	0.0	0.302078298695	0.90285161914	0.528757854036	0.420492991783	0.459642339294	0.506524891252	0.548090865152	0.502174963751	0.481875302078	0.472692121798	0.523924601257	0.730787820203	0.67133881102	0.500724987917	0.582890285162	0.524891251812	0.639922667956	0.588690188497	0.735621072982	0.691155147414	0.582406959884	0.545190913485	0.537457709038	0.735137747704	0.676172063799	0.732237796037	0.701788303528	0.664088931851	0.69453842436	0.606089898502	0.578540357661	0.577573707105	0.585790236829	0.580473658772	0.685838569357	0.586273562107	0.685355244079	0.553407443209	0.660705654906
AD8	0.582890285162	0.595940067666	0.950700821653	0.652489125181	0.700821652972	0.500241662639	0.690671822136	0.496858385694	0.482358627356	0.597873368777	0.43064282262	0.654422426293	0.591590140164	0.871435476075	0.643789270179	0.572257129048	0.497825036249	0.479942000967	0.926051232479	0.749154180764	0.56259062349	0.487191880135	0.302078298695	0.0	0.859835669406	0.494441759304	0.42822619623	0.463992266796	0.476558724021	0.530691155147	0.505558240696	0.481875302078	0.482841952634	0.53697438376	0.743354277429	0.6805219913	0.496375060416	0.575640405993	0.529241179314	0.644272595457	0.591106814886	0.723537941034	0.685838569357	0.575640405993	0.566457225713	0.552440792653	0.743837602707	0.680038666022	0.739487675205	0.707588206863	0.669405509908	0.697438376027	0.616723054616	0.590623489609	0.598356694055	0.594490091832	0.605123247946	0.693571773804	0.612856452392	0.688255195747	0.573223779604	0.665538907685
AE7	0.829386176897	0.881585306912	0.850169163847	0.782020299662	0.822619623006	0.889318511358	0.91445142581	0.896568390527	0.890285161914	0.903334944418	0.915901401643	0.855969067182	0.890768487192	0.830836152731	0.900918318028	0.850169163847	0.878685355244	0.863702271629	0.74528757854	0.725954567424	0.819719671339	0.846785886902	0.90285161914	0.859835669406	0.0	0.541324311261	0.869502174964	0.852585790237	0.764620589657	0.769453842436	0.838569357177	0.841952634123	0.897051715805	0.908168197197	0.933301111648	0.913968100532	0.92363460609	0.885451909135	0.91445142581	0.878202029966	0.896568390527	0.883035282745	0.877718704688	0.873368777187	0.938134364427	0.932334461092	0.894151764137	0.907684871919	0.91203479942	0.90285161914	0.905268245529	0.899468342194	0.888351860802	0.892218463026	0.91203479942	0.892701788304	0.905268245529	0.890768487192	0.905751570807	0.906718221363	0.911551474142	0.898501691638
AE8	0.593523441276	0.623489608507	0.891735137748	0.61575640406	0.673272112131	0.58095698405	0.68293861769	0.588690188497	0.584340260996	0.62493958434	0.61333977767	0.635089415176	0.627839536008	0.81488641856	0.679555340744	0.597390043499	0.599323344611	0.585790236829	0.815369743838	0.645239246013	0.58095698405	0.546157564041	0.528757854036	0.494441759304	0.541324311261	0.0	0.559690671822	0.545674238763	0.507491541808	0.494441759304	0.573707104882	0.555824069599	0.59497341711	0.608989850169	0.766070565491	0.699371677139	0.623489608507	0.587240212663	0.614789753504	0.655872402127	0.621072982117	0.707104881585	0.672788786854	0.586273562107	0.630739487675	0.630739487675	0.756404059932	0.695988400193	0.754470758821	0.71532141131	0.692605123248	0.724987916868	0.656839052682	0.620106331561	0.635572740454	0.629289511841	0.644755920735	0.708071532141	0.652489125181	0.70372160464	0.611889801837	0.683421942968
AF7	0.564040599323	0.552440792653	0.942000966651	0.647172547124	0.653455775737	0.471725471242	0.697438376027	0.444659255679	0.443692605123	0.600773320445	0.457225712905	0.61333977767	0.537457709038	0.863218946351	0.629289511841	0.547607539874	0.448042532624	0.434026099565	0.890285161914	0.718221362977	0.533107781537	0.395360077332	0.420492991783	0.42822619623	0.869502174964	0.559690671822	0.0	0.30546157564	0.469308844853	0.512324794587	0.489608506525	0.471725471242	0.425809569841	0.480908651522	0.695988400193	0.635089415176	0.46302561624	0.540357660706	0.494925084582	0.621072982117	0.545190913485	0.710004833253	0.656355727405	0.539874335428	0.521991300145	0.511841469309	0.691638472692	0.631706138231	0.699855002417	0.670372160464	0.625422909618	0.650072498792	0.561623972934	0.542290961817	0.536007733204	0.545674238763	0.545190913485	0.641855969067	0.567907201547	0.64813919768	0.50459159014	0.61575640406
AF8	0.555824069599	0.543257612373	0.927984533591	0.634606089899	0.647655872402	0.478975350411	0.688255195747	0.448042532624	0.446109231513	0.589656839053	0.506041565974	0.610923151281	0.546640889319	0.847752537458	0.62735621073	0.546157564041	0.466408893185	0.444659255679	0.871918801353	0.698405026583	0.498791686805	0.362010633156	0.459642339294	0.463992266796	0.852585790237	0.545674238763	0.30546157564	0.0	0.45142580957	0.49540840986	0.521507974867	0.475592073465	0.434992750121	0.485258579024	0.699371677139	0.641372643789	0.494441759304	0.525857902368	0.497825036249	0.616723054616	0.550507491542	0.691638472692	0.640405993233	0.529724504592	0.527307878202	0.51377477042	0.683421942968	0.628806186564	0.692605123248	0.665538907685	0.621556307395	0.641372643789	0.560657322378	0.537941034316	0.542774287095	0.539874335428	0.538424359594	0.632672788787	0.558724021266	0.649589173514	0.498791686805	0.612373127115
AG7	0.595940067666	0.600289995167	0.840502658289	0.556307394877	0.654422426293	0.517641372644	0.691638472692	0.503624939584	0.491058482359	0.588206863219	0.536491058482	0.635572740454	0.594006766554	0.764620589657	0.652005799903	0.576123731271	0.535041082649	0.529241179314	0.742870952151	0.542290961817	0.475592073465	0.445142580957	0.506524891252	0.476558724021	0.764620589657	0.507491541808	0.469308844853	0.45142580957	0.0	0.314161430643	0.547607539874	0.521991300145	0.508941517641	0.551957467376	0.739971000483	0.6805219913	0.538424359594	0.555824069599	0.541324311261	0.636056065732	0.584340260996	0.687771870469	0.641855969067	0.559690671822	0.582890285162	0.56935717738	0.744320927985	0.677622039633	0.731271145481	0.708554857419	0.669888835186	0.699371677139	0.626389560174	0.590140164331	0.602706621556	0.59497341711	0.615273078782	0.68970517158	0.631222812953	0.677622039633	0.583856935718	0.664088931851
AG8	0.587723537941	0.615273078782	0.845335911068	0.575640405993	0.66892218463	0.55099081682	0.686805219913	0.552924117931	0.544707588207	0.601739971	0.58337361044	0.645239246013	0.619623006283	0.767520541324	0.669405509908	0.593040115998	0.581923634606	0.570323827936	0.709038182697	0.52779120348	0.487191880135	0.478008699855	0.548090865152	0.530691155147	0.769453842436	0.494441759304	0.512324794587	0.49540840986	0.314161430643	0.0	0.568873852102	0.541807636539	0.556307394877	0.578057032383	0.755920734654	0.695988400193	0.582406959884	0.565973900435	0.576123731271	0.658772353794	0.60415659739	0.691638472692	0.654422426293	0.575640405993	0.603673272112	0.596906718221	0.763170613823	0.693088448526	0.751570807153	0.725954567424	0.688738521025	0.719188013533	0.644755920735	0.615273078782	0.626872885452	0.618173030449	0.632189463509	0.708071532141	0.645239246013	0.697438376027	0.601739971	0.682455292412
AH7	0.59255679072	0.635089415176	0.953117448043	0.672305461576	0.698888351861	0.55775737071	0.718704688255	0.546157564041	0.546157564041	0.651039149348	0.531657805703	0.665055582407	0.628322861286	0.882551957467	0.687288545191	0.598356694055	0.522957950701	0.476558724021	0.883035282745	0.744804253262	0.560657322378	0.522474625423	0.502174963751	0.505558240696	0.838569357177	0.573707104882	0.489608506525	0.521507974867	0.547607539874	0.568873852102	0.0	0.324794586757	0.556790720155	0.608023199613	0.779603673272	0.723054615756	0.563073948768	0.64813919768	0.59497341711	0.667955534074	0.638472692122	0.779603673272	0.753504108265	0.637989366844	0.632189463509	0.618656355727	0.765587240213	0.724021266312	0.771387143548	0.73368777187	0.709521507975	0.726437892702	0.641372643789	0.618656355727	0.626389560174	0.623006283229	0.628806186564	0.717738037699	0.634122764621	0.711938134364	0.61575640406	0.700821652972
AH8	0.556790720155	0.589656839053	0.953117448043	0.639922667956	0.664088931851	0.521024649589	0.691155147414	0.497341710971	0.501208313195	0.616239729338	0.517641372644	0.630739487675	0.573223779604	0.872885451909	0.643305944901	0.563557274045	0.425326244563	0.385210246496	0.898018366361	0.740454325761	0.541324311261	0.482841952634	0.481875302078	0.481875302078	0.841952634123	0.555824069599	0.471725471242	0.475592073465	0.521991300145	0.541807636539	0.324794586757	0.0	0.503624939584	0.547124214596	0.760270662156	0.695505074915	0.535524407927	0.602223296278	0.553890768487	0.628322861286	0.597873368777	0.741420976317	0.71290478492	0.602706621556	0.58095698405	0.568873852102	0.722087965201	0.681005316578	0.737071048816	0.694055099082	0.665538907685	0.677622039633	0.595456742388	0.581440309328	0.592073465442	0.573223779604	0.57177380377	0.671822136298	0.590623489609	0.684871918801	0.561140647656	0.656839052682
AA5	0.582890285162	0.502658289029	0.954567423876	0.637506041566	0.591106814886	0.433542774287	0.62735621073	0.398260029	0.397293378444	0.532624456259	0.437892701788	0.551957467376	0.50700821653	0.875302078299	0.538907684872	0.535524407927	0.433059449009	0.423876268729	0.924601256646	0.762687288545	0.552924117931	0.478492025133	0.472692121798	0.482841952634	0.897051715805	0.59497341711	0.425809569841	0.434992750121	0.508941517641	0.556307394877	0.556790720155	0.503624939584	0.0	0.346060898985	0.675688738521	0.59497341711	0.478975350411	0.450942484292	0.457709038183	0.551474142098	0.471242145964	0.625906234896	0.579507008217	0.455292411793	0.517641372644	0.478975350411	0.693571773804	0.63653939101	0.659255679072	0.648622522958	0.63653939101	0.670372160464	0.53939101015	0.544707588207	0.55775737071	0.544224262929	0.519574673755	0.647655872402	0.546640889319	0.626872885452	0.51377477042	0.624456259062
AA6	0.592073465442	0.529724504592	0.962300628323	0.659255679072	0.629289511841	0.471242145964	0.661672305462	0.440792653456	0.451909134848	0.568390526825	0.496858385694	0.590140164331	0.510874818753	0.882551957467	0.582890285162	0.541324311261	0.474142097632	0.47462542291	0.940550990817	0.774287095215	0.596906718221	0.51619139681	0.523924601257	0.53697438376	0.908168197197	0.608989850169	0.480908651522	0.485258579024	0.551957467376	0.578057032383	0.608023199613	0.547124214596	0.346060898985	0.0	0.668438859352	0.591106814886	0.513291445143	0.51377477042	0.47220879652	0.589173513775	0.50459159014	0.684871918801	0.632189463509	0.51377477042	0.436926051232	0.411793136781	0.691155147414	0.632189463509	0.672305461576	0.642822619623	0.629289511841	0.662155630739	0.541324311261	0.536491058482	0.549540840986	0.541807636539	0.532141130981	0.647172547124	0.551957467376	0.625906234896	0.510391493475	0.617689705172
AB5	0.750120831319	0.665538907685	0.972933784437	0.730304494925	0.615273078782	0.632672788787	0.743354277429	0.642822619623	0.677138714355	0.697921701305	0.676655389077	0.612373127115	0.667955534074	0.90285161914	0.707588206863	0.690188496858	0.69453842436	0.705654905752	0.946350894152	0.818269695505	0.802803286612	0.729337844369	0.730787820203	0.743354277429	0.933301111648	0.766070565491	0.695988400193	0.699371677139	0.739971000483	0.755920734654	0.779603673272	0.760270662156	0.675688738521	0.668438859352	0.0	0.318028032866	0.622039632673	0.666505558241	0.611406476559	0.629772837119	0.618656355727	0.736587723538	0.709521507975	0.648622522958	0.630739487675	0.628806186564	0.631222812953	0.619139681005	0.638472692122	0.609956500725	0.628322861286	0.623006283229	0.596423392943	0.585790236829	0.617689705172	0.619623006283	0.654422426293	0.608506524891	0.653455775737	0.610923151281	0.663605606573	0.620589656839
AB6	0.68970517158	0.590623489609	0.96520057999	0.6805219913	0.571290478492	0.554857419043	0.678588690188	0.565490575157	0.612373127115	0.630739487675	0.623489608507	0.535524407927	0.616239729338	0.890285161914	0.64572257129	0.624456259062	0.640405993233	0.646205896568	0.931851135814	0.77090381827	0.748187530208	0.671822136298	0.67133881102	0.6805219913	0.913968100532	0.699371677139	0.635089415176	0.641372643789	0.6805219913	0.695988400193	0.723054615756	0.695505074915	0.59497341711	0.591106814886	0.318028032866	0.0	0.574190430159	0.589173513775	0.5601739971	0.56935717738	0.54857419043	0.676172063799	0.634122764621	0.544224262929	0.574190430159	0.567423876269	0.618656355727	0.565007249879	0.591106814886	0.568873852102	0.582406959884	0.597390043499	0.526341227646	0.550507491542	0.579507008217	0.580473658772	0.587240212663	0.572257129048	0.591106814886	0.566940550991	0.614789753504	0.570323827936
AC5	0.621072982117	0.575640405993	0.973417109715	0.673272112131	0.617689705172	0.454809086515	0.681971967134	0.448525857902	0.468825519575	0.586756887385	0.440792653456	0.575157080715	0.554857419043	0.889801836636	0.635089415176	0.579990333494	0.471242145964	0.478008699855	0.948284195263	0.783953600773	0.628322861286	0.546157564041	0.500724987917	0.496375060416	0.92363460609	0.623489608507	0.46302561624	0.494441759304	0.538424359594	0.582406959884	0.563073948768	0.535524407927	0.478975350411	0.513291445143	0.622039632673	0.574190430159	0.0	0.465925567907	0.435476075399	0.595456742388	0.520541324311	0.730304494925	0.671822136298	0.537941034316	0.478008699855	0.461092315128	0.60657322378	0.562107298212	0.626872885452	0.582890285162	0.556307394877	0.579990333494	0.51377477042	0.47462542291	0.490091831803	0.488641855969	0.561623972934	0.569840502658	0.581923634606	0.554374093765	0.523924601257	0.550024166264
AC6	0.619623006283	0.507974867086	0.949734171097	0.637506041566	0.575157080715	0.516674722088	0.538424359594	0.486708554857	0.520541324311	0.455292411793	0.558240695988	0.544224262929	0.537941034316	0.859835669406	0.531657805703	0.559690671822	0.558724021266	0.557274045433	0.907201546641	0.740454325761	0.631706138231	0.563073948768	0.582890285162	0.575640405993	0.885451909135	0.587240212663	0.540357660706	0.525857902368	0.555824069599	0.565973900435	0.64813919768	0.602223296278	0.450942484292	0.51377477042	0.666505558241	0.589173513775	0.465925567907	0.0	0.526341227646	0.524891251812	0.497825036249	0.492508458192	0.433059449009	0.407926534558	0.567423876269	0.556790720155	0.68970517158	0.636056065732	0.663122281295	0.634122764621	0.635572740454	0.665538907685	0.584340260996	0.554857419043	0.566940550991	0.554374093765	0.537457709038	0.649105848236	0.550507491542	0.616723054616	0.556307394877	0.625906234896
AD6	0.60657322378	0.53939101015	0.972933784437	0.637989366844	0.577573707105	0.414209763171	0.646689221846	0.435476075399	0.454809086515	0.550507491542	0.453842435959	0.528757854036	0.529241179314	0.890285161914	0.599806669889	0.545190913485	0.485258579024	0.469308844853	0.951184146931	0.78008699855	0.605123247946	0.528274528758	0.524891251812	0.529241179314	0.91445142581	0.614789753504	0.494925084582	0.497825036249	0.541324311261	0.576123731271	0.59497341711	0.553890768487	0.457709038183	0.47220879652	0.611406476559	0.5601739971	0.435476075399	0.526341227646	0.0	0.556790720155	0.420976317061	0.71532141131	0.666022232963	0.521024649589	0.462058965684	0.438376027066	0.603189946834	0.548090865152	0.599806669889	0.54857419043	0.549057515708	0.579023682939	0.482841952634	0.447559207347	0.465925567907	0.473658772354	0.541324311261	0.571290478492	0.540840985984	0.551474142098	0.487675205413	0.53697438376
AE5	0.634122764621	0.52779120348	0.971483808603	0.629772837119	0.537457709038	0.552440792653	0.575640405993	0.556790720155	0.603189946834	0.522957950701	0.61575640406	0.501691638473	0.567423876269	0.886418559691	0.545190913485	0.555824069599	0.603673272112	0.589173513775	0.931851135814	0.767037216046	0.713871435476	0.637506041566	0.639922667956	0.644272595457	0.878202029966	0.655872402127	0.621072982117	0.616723054616	0.636056065732	0.658772353794	0.667955534074	0.628322861286	0.551474142098	0.589173513775	0.629772837119	0.56935717738	0.595456742388	0.524891251812	0.556790720155	0.0	0.3610439826	0.621072982117	0.575157080715	0.526824552924	0.625906234896	0.626389560174	0.649589173514	0.595456742388	0.633639439343	0.608506524891	0.61575640406	0.627839536008	0.52537457709	0.561623972934	0.589656839053	0.554857419043	0.53697438376	0.612856452392	0.540840985984	0.601739971	0.576123731271	0.595940067666
AE6	0.621072982117	0.491058482359	0.971967133881	0.630256162397	0.55775737071	0.473175447076	0.581923634606	0.477525374577	0.508458192363	0.492025132914	0.536007733204	0.509424842919	0.514741420976	0.887868535524	0.55099081682	0.539874335428	0.536007733204	0.526824552924	0.939584340261	0.766070565491	0.665538907685	0.58337361044	0.588690188497	0.591106814886	0.896568390527	0.621072982117	0.545190913485	0.550507491542	0.584340260996	0.60415659739	0.638472692122	0.597873368777	0.471242145964	0.50459159014	0.618656355727	0.54857419043	0.520541324311	0.497825036249	0.420976317061	0.3610439826	0.0	0.660222329628	0.608506524891	0.467858869019	0.540357660706	0.537941034316	0.637506041566	0.575157080715	0.602706621556	0.582890285162	0.587723537941	0.613823102948	0.510391493475	0.491541807637	0.506524891252	0.496858385694	0.517641372644	0.593523441276	0.528757854036	0.572740454326	0.494925084582	0.57177380377
AF5	0.727887868536	0.638472692122	0.936684388594	0.682455292412	0.651039149348	0.696955050749	0.564040599323	0.65973900435	0.693571773804	0.580473658772	0.734171097148	0.638472692122	0.68293861769	0.857419043016	0.610439826003	0.684388593523	0.731754470759	0.731754470759	0.884968583857	0.73610439826	0.734654422426	0.692605123248	0.735621072982	0.723537941034	0.883035282745	0.707104881585	0.710004833253	0.691638472692	0.687771870469	0.691638472692	0.779603673272	0.741420976317	0.625906234896	0.684871918801	0.736587723538	0.676172063799	0.730304494925	0.492508458192	0.71532141131	0.621072982117	0.660222329628	0.0	0.302078298695	0.565007249879	0.740454325761	0.728854519091	0.768003866602	0.728854519091	0.740937651039	0.715804736588	0.744320927985	0.752537457709	0.70130497825	0.724021266312	0.737071048816	0.722087965201	0.683421942968	0.737071048816	0.683421942968	0.715804736588	0.727404543258	0.737554374094
AF6	0.702271628806	0.587240212663	0.933784436926	0.664088931851	0.622039632673	0.643305944901	0.534074432093	0.60657322378	0.645239246013	0.550024166264	0.685838569357	0.590623489609	0.634606089899	0.850169163847	0.567907201547	0.64572257129	0.684388593523	0.679072015466	0.878685355244	0.719671338811	0.704688255196	0.651522474625	0.691155147414	0.685838569357	0.877718704688	0.672788786854	0.656355727405	0.640405993233	0.641855969067	0.654422426293	0.753504108265	0.71290478492	0.579507008217	0.632189463509	0.709521507975	0.634122764621	0.671822136298	0.433059449009	0.666022232963	0.575157080715	0.608506524891	0.302078298695	0.0	0.516674722088	0.687771870469	0.677138714355	0.737071048816	0.681488641856	0.703238279362	0.676172063799	0.688255195747	0.713871435476	0.654422426293	0.670855485742	0.687771870469	0.67133881102	0.634122764621	0.701788303528	0.629772837119	0.667472208797	0.674238762687	0.681488641856
