	AA3	AA4	AB3	AB4	AC3	AC4	AD3	AD4	AE3	AE4	AF3	AF4	AG3	AG4	AH3	AH4	AA7	AA8	AB7	AB8	AC7	AC8	AD7	AD8	AE7	AE8	AF7	AF8	AG7	AG8	AH7	AH8	AA5	AA6	AB5	AB6	AC5	AC6	AD6	AE5	AE6	AF5	AF6	AG5	AH5	AH6	AA1	AA2	AB1	AB2	AC1	AC2	AD1	AD2	AE1	AE2	AF1	AF2	AG1	AG2	AH1	AH2
AA3	0.0	0.498791686805	0.93523441276	0.632189463509	0.668438859352	0.588690188497	0.679072015466	0.591590140164	0.577090381827	0.640405993233	0.623489608507	0.607539874335	0.590623489609	0.849685838569	0.661672305462	0.341227646206	0.594006766554	0.579507008217	0.858385693572	0.715804736588	0.625422909618	0.583856935718	0.603673272112	0.594006766554	0.827452875785	0.59255679072	0.585790236829	0.589656839053	0.598356694055	0.596423392943	0.603673272112	0.59255679072	0.594006766554	0.611889801837	0.750120831319	0.686321894635	0.611889801837	0.630739487675	0.608989850169	0.641372643789	0.617206379894	0.704204929918	0.686805219913	0.625422909618	0.63653939101	0.62735621073	0.677622039633	0.640889318511	0.715804736588	0.663605606573	0.642822619623	0.664088931851	0.578540357661	0.581440309328	0.571290478492	0.581923634606	0.585306911551	0.665055582407	0.590623489609	0.664088931851	0.583856935718	0.652489125181
AA4	0.498791686805	0.0	0.950217496375	0.586756887385	0.574190430159	0.506041565974	0.582890285162	0.489608506525	0.519091348478	0.509908168197	0.573223779604	0.510391493475	0.490575157081	0.857902368294	0.376510391493	0.364427259546	0.549540840986	0.541807636539	0.893668438859	0.734654422426	0.666988883519	0.567423876269	0.602706621556	0.579023682939	0.878202029966	0.613823102948	0.5601739971	0.563073948768	0.606089898502	0.62493958434	0.629772837119	0.58337361044	0.503141614306	0.53697438376	0.681971967134	0.597873368777	0.573223779604	0.526824552924	0.549057515708	0.537457709038	0.492025132914	0.612373127115	0.594006766554	0.514741420976	0.582406959884	0.575157080715	0.655389076849	0.593040115998	0.634122764621	0.599806669889	0.609473175447	0.642822619623	0.536491058482	0.535041082649	0.533591106815	0.552924117931	0.496858385694	0.627839536008	0.514741420976	0.602706621556	0.533591106815	0.587240212663
AB3	0.93523441276	0.950217496375	0.0	0.677138714355	0.927984533591	0.9584340261	0.965683905268	0.937167713871	0.933301111648	0.953117448043	0.974867085549	0.939584340261	0.969550507492	0.34944417593	0.964233929435	0.948284195263	0.97680038666	0.974867085549	0.738037699372	0.762687288545	0.896568390527	0.917351377477	0.966650555824	0.959400676655	0.857902368294	0.902368293862	0.948767520541	0.937167713871	0.855485741904	0.849685838569	0.958917351377	0.960850652489	0.961817303045	0.964717254712	0.977283711938	0.971483808603	0.975350410826	0.954567423876	0.977283711938	0.975350410826	0.974867085549	0.939584340261	0.940550990817	0.953117448043	0.978250362494	0.974867085549	0.974867085549	0.972450459159	0.971000483325	0.975350410826	0.971483808603	0.970517158047	0.97680038666	0.975833736104	0.978250362494	0.975350410826	0.974867085549	0.973417109715	0.973900434993	0.975833736104	0.97680038666	0.972933784437
AB4	0.632189463509	0.586756887385	0.677138714355	0.0	0.64813919768	0.613823102948	0.693088448526	0.610439826003	0.618656355727	0.632672788787	0.651039149348	0.601739971	0.48380860319	0.555824069599	0.622039632673	0.59255679072	0.647655872402	0.640405993233	0.713871435476	0.569840502658	0.658289028516	0.622039632673	0.666988883519	0.651522474625	0.788786853552	0.637022716288	0.653939101015	0.641372643789	0.557274045433	0.586273562107	0.684388593523	0.652489125181	0.642339294345	0.661672305462	0.722087965201	0.67133881102	0.654905751571	0.649589173514	0.637022716288	0.642339294345	0.622522957951	0.65732237796	0.662155630739	0.629772837119	0.686805219913	0.674722087965	0.697921701305	0.659255679072	0.697921701305	0.677622039633	0.670372160464	0.685838569357	0.642339294345	0.646205896568	0.660222329628	0.647172547124	0.64572257129	0.677138714355	0.637022716288	0.666988883519	0.660222329628	0.670855485742
AC3	0.668438859352	0.574190430159	0.927984533591	0.64813919768	0.0	0.492508458192	0.640889318511	0.554374093765	0.565490575157	0.576123731271	0.61333977767	0.333494441759	0.603673272112	0.840019333011	0.598840019333	0.608989850169	0.608989850169	0.598840019333	0.878202029966	0.754954084099	0.735137747704	0.671822136298	0.734171097148	0.709521507975	0.840019333011	0.699855002417	0.657805703238	0.683905268246	0.685355244079	0.698888351861	0.708071532141	0.676655389077	0.618656355727	0.643789270179	0.637989366844	0.581923634606	0.623489608507	0.591106814886	0.582406959884	0.55099081682	0.555824069599	0.654422426293	0.653455775737	0.578057032383	0.653455775737	0.640889318511	0.599806669889	0.593523441276	0.579507008217	0.572740454326	0.600773320445	0.595940067666	0.549057515708	0.581440309328	0.583856935718	0.565973900435	0.620106331561	0.588690188497	0.608989850169	0.58337361044	0.623489608507	0.602223296278
AC4	0.588690188497	0.506041565974	0.9584340261	0.613823102948	0.492508458192	0.0	0.624456259062	0.421942967617	0.414693088449	0.506524891252	0.34267762204	0.400193330111	0.498791686805	0.869985500242	0.563073948768	0.526824552924	0.452875785404	0.435959400677	0.928951184147	0.761237312711	0.583856935718	0.514741420976	0.52779120348	0.503141614306	0.891735137748	0.572257129048	0.491058482359	0.511358144031	0.549540840986	0.579990333494	0.575157080715	0.531657805703	0.458675688739	0.47220879652	0.649105848236	0.564523924601	0.465442242629	0.523441275979	0.408893185114	0.572257129048	0.477042049299	0.678105364911	0.661188980184	0.510874818753	0.513291445143	0.470758820686	0.635572740454	0.577573707105	0.599806669889	0.583856935718	0.582890285162	0.613823102948	0.487675205413	0.497341710971	0.499275012083	0.517158047366	0.528757854036	0.603189946834	0.551474142098	0.574673755437	0.46979217013	0.565007249879
AD3	0.679072015466	0.582890285162	0.965683905268	0.693088448526	0.640889318511	0.624456259062	0.0	0.533591106815	0.647172547124	0.355244079265	0.675688738521	0.61333977767	0.637989366844	0.875302078299	0.583856935718	0.637022716288	0.684388593523	0.6805219913	0.947800869986	0.782020299662	0.720637989367	0.691638472692	0.697921701305	0.695021749638	0.922184630256	0.688738521025	0.699371677139	0.695021749638	0.687771870469	0.687288545191	0.719188013533	0.691155147414	0.628322861286	0.654905751571	0.735137747704	0.648622522958	0.67133881102	0.537457709038	0.637989366844	0.587240212663	0.576607056549	0.544224262929	0.512808119865	0.551474142098	0.696955050749	0.683905268246	0.758337361044	0.71290478492	0.724987916868	0.706138231029	0.704204929918	0.735137747704	0.651522474625	0.65732237796	0.670855485742	0.655389076849	0.629289511841	0.718704688255	0.655389076849	0.701788303528	0.687771870469	0.695021749638
AD4	0.591590140164	0.489608506525	0.937167713871	0.610439826003	0.554374093765	0.421942967617	0.533591106815	0.0	0.328177863702	0.395360077332	0.449975833736	0.476075398743	0.508941517641	0.846785886902	0.535041082649	0.521991300145	0.462542290962	0.448042532624	0.927501208313	0.7593040116	0.577573707105	0.482841952634	0.519574673755	0.49540840986	0.895118414693	0.571290478492	0.46302561624	0.471725471242	0.503141614306	0.559207346544	0.553890768487	0.511358144031	0.400193330111	0.44900918318	0.669888835186	0.564040599323	0.462058965684	0.482358627356	0.441275978734	0.566940550991	0.465442242629	0.638472692122	0.613823102948	0.47220879652	0.529724504592	0.492508458192	0.669405509908	0.617206379894	0.638472692122	0.627839536008	0.617689705172	0.647655872402	0.519091348478	0.521024649589	0.522474625423	0.549540840986	0.528274528758	0.634122764621	0.55775737071	0.621556307395	0.508458192363	0.602223296278
AE3	0.577090381827	0.519091348478	0.933301111648	0.618656355727	0.565490575157	0.414693088449	0.647172547124	0.328177863702	0.0	0.508458192363	0.391010149831	0.500241662639	0.514741420976	0.849685838569	0.573223779604	0.538907684872	0.433059449009	0.414209763171	0.917351377477	0.752537457709	0.561140647656	0.475592073465	0.484291928468	0.458675688739	0.887385210246	0.567907201547	0.430159497342	0.458192363461	0.485258579024	0.553890768487	0.524891251812	0.492508458192	0.408893185114	0.472692121798	0.664572257129	0.586273562107	0.418559690672	0.533591106815	0.424842919285	0.621556307395	0.520057999033	0.69212179797	0.668438859352	0.523441275979	0.50459159014	0.463992266796	0.651522474625	0.597873368777	0.630739487675	0.608989850169	0.597873368777	0.635089415176	0.522957950701	0.517641372644	0.513291445143	0.538907684872	0.546157564041	0.619623006283	0.56935717738	0.599806669889	0.498791686805	0.589656839053
AE4	0.640405993233	0.509908168197	0.953117448043	0.632672788787	0.576123731271	0.506524891252	0.355244079265	0.395360077332	0.508458192363	0.0	0.560657322378	0.532624456259	0.563073948768	0.856935717738	0.534074432093	0.566457225713	0.573707104882	0.566940550991	0.938134364427	0.77090381827	0.645239246013	0.578540357661	0.607539874335	0.582406959884	0.908651522475	0.61333977767	0.577573707105	0.568390526825	0.586273562107	0.606089898502	0.634606089899	0.597390043499	0.518124697922	0.542290961817	0.683421942968	0.591106814886	0.562107298212	0.4398260029	0.524891251812	0.535524407927	0.502174963751	0.567907201547	0.533107781537	0.449492508458	0.598356694055	0.573223779604	0.699855002417	0.640889318511	0.67133881102	0.658772353794	0.652005799903	0.680038666022	0.582890285162	0.561140647656	0.572740454326	0.585306911551	0.5601739971	0.670855485742	0.589656839053	0.652005799903	0.575640405993	0.632189463509
AF3	0.623489608507	0.573223779604	0.974867085549	0.651039149348	0.61333977767	0.34267762204	0.675688738521	0.449975833736	0.391010149831	0.560657322378	0.0	0.5186080232	0.53939101015	0.884968583857	0.611889801837	0.591106814886	0.441759304012	0.423392943451	0.954567423876	0.791203479942	0.594490091832	0.53020782987	0.456742387627	0.436926051232	0.915901401643	0.602706621556	0.441759304012	0.506524891252	0.537941034316	0.605606573224	0.528274528758	0.519574673755	0.447559207347	0.509424842919	0.668438859352	0.607056549058	0.426292895118	0.55775737071	0.429676172064	0.630739487675	0.534557757371	0.711938134364	0.692605123248	0.540840985984	0.526824552924	0.482841952634	0.660705654906	0.604639922668	0.643789270179	0.609956500725	0.606089898502	0.637989366844	0.538424359594	0.519574673755	0.526341227646	0.542290961817	0.577090381827	0.635089415176	0.607056549058	0.600289995167	0.507974867086	0.585306911551
AF4	0.607539874335	0.510391493475	0.939584340261	0.601739971	0.333494441759	0.400193330111	0.61333977767	0.476075398743	0.500241662639	0.532624456259	0.5186080232	0.0	0.534557757371	0.848719188014	0.546640889319	0.543257612373	0.555824069599	0.542290961817	0.894151764137	0.731271145481	0.688255195747	0.61333977767	0.659255679072	0.631222812953	0.854035766071	0.632189463509	0.587240212663	0.610439826003	0.628322861286	0.655389076849	0.65055582407	0.613823102948	0.545674238763	0.566457225713	0.618173030449	0.514741420976	0.537941034316	0.550024166264	0.505074915418	0.514741420976	0.493475108748	0.623006283229	0.622522957951	0.523924601257	0.569840502658	0.557274045433	0.589656839053	0.537457709038	0.553407443209	0.53020782987	0.546640889319	0.565973900435	0.477042049299	0.511841469309	0.512324794587	0.497825036249	0.556790720155	0.558240695988	0.561140647656	0.530691155147	0.550507491542	0.537457709038
AG3	0.590623489609	0.490575157081	0.969550507492	0.48380860319	0.603673272112	0.498791686805	0.637989366844	0.508941517641	0.514741420976	0.563073948768	0.53939101015	0.534557757371	0.0	0.84726921218	0.529724504592	0.515708071532	0.506041565974	0.490091831803	0.927017883035	0.762687288545	0.676172063799	0.576123731271	0.608506524891	0.58337361044	0.879168680522	0.624456259062	0.545190913485	0.56259062349	0.612373127115	0.623006283229	0.634606089899	0.578057032383	0.52779120348	0.529724504592	0.663605606573	0.601256645723	0.540357660706	0.559690671822	0.517641372644	0.56935717738	0.500241662639	0.666505558241	0.652972450459	0.53697438376	0.560657322378	0.549057515708	0.630739487675	0.573223779604	0.61575640406	0.597873368777	0.587723537941	0.610439826003	0.512324794587	0.526824552924	0.534074432093	0.533107781537	0.538424359594	0.607539874335	0.540357660706	0.585306911551	0.5186080232	0.572257129048
AG4	0.849685838569	0.857902368294	0.34944417593	0.555824069599	0.840019333011	0.869985500242	0.875302078299	0.846785886902	0.849685838569	0.856935717738	0.884968583857	0.848719188014	0.84726921218	0.0	0.874335427743	0.855485741904	0.893668438859	0.890285161914	0.703238279362	0.674722087965	0.817303044949	0.837119381344	0.879168680522	0.872402126631	0.825036249396	0.819236346061	0.869502174964	0.853069115515	0.76848719188	0.751087481875	0.878202029966	0.871918801353	0.876752054132	0.881101981634	0.896085065249	0.885451909135	0.887385210246	0.860802319961	0.887385210246	0.883035282745	0.882551957467	0.84726921218	0.848235862736	0.867085548574	0.895601739971	0.892218463026	0.889801836636	0.885451909135	0.884968583857	0.882551957467	0.890285161914	0.887385210246	0.893185113581	0.890285161914	0.897051715805	0.892218463026	0.887868535524	0.886418559691	0.887868535524	0.884968583857	0.894635089415	0.890285161914
AH3	0.661672305462	0.376510391493	0.964233929435	0.622039632673	0.598840019333	0.563073948768	0.583856935718	0.535041082649	0.573223779604	0.534074432093	0.611889801837	0.546640889319	0.529724504592	0.874335427743	0.0	0.526341227646	0.597873368777	0.598840019333	0.934751087482	0.774770420493	0.714838086032	0.623489608507	0.654422426293	0.633639439343	0.907684871919	0.683905268246	0.632672788787	0.62493958434	0.669888835186	0.694055099082	0.696471725471	0.64813919768	0.541807636539	0.583856935718	0.709521507975	0.629289511841	0.62735621073	0.555340744321	0.594006766554	0.570807153214	0.555340744321	0.603673272112	0.588690188497	0.552440792653	0.632189463509	0.621072982117	0.704204929918	0.62735621073	0.655389076849	0.64572257129	0.643305944901	0.678588690188	0.589173513775	0.605123247946	0.603189946834	0.611406476559	0.573707104882	0.65973900435	0.561623972934	0.635089415176	0.596423392943	0.619139681005
AH4	0.341227646206	0.364427259546	0.948284195263	0.59255679072	0.608989850169	0.526824552924	0.637022716288	0.521991300145	0.538907684872	0.566457225713	0.591106814886	0.543257612373	0.515708071532	0.855485741904	0.526341227646	0.0	0.546640889319	0.546157564041	0.873368777187	0.722571290478	0.646205896568	0.561623972934	0.602706621556	0.581923634606	0.846785886902	0.598356694055	0.560657322378	0.555824069599	0.583856935718	0.595456742388	0.607539874335	0.564523924601	0.550507491542	0.5601739971	0.697921701305	0.623972933784	0.578540357661	0.570323827936	0.562107298212	0.579990333494	0.535041082649	0.662155630739	0.643789270179	0.564040599323	0.597873368777	0.585306911551	0.648622522958	0.594006766554	0.656355727405	0.604639922668	0.605123247946	0.632672788787	0.539874335428	0.534557757371	0.53697438376	0.547124214596	0.517158047366	0.619623006283	0.521024649589	0.612373127115	0.547124214596	0.595456742388
AA7	0.594006766554	0.549540840986	0.97680038666	0.647655872402	0.608989850169	0.452875785404	0.684388593523	0.462542290962	0.433059449009	0.573707104882	0.441759304012	0.555824069599	0.506041565974	0.893668438859	0.597873368777	0.546640889319	0.0	0.275978733688	0.925084581924	0.77090381827	0.594490091832	0.492508458192	0.502658289029	0.480908651522	0.880135331078	0.585306911551	0.431609473175	0.46302561624	0.531657805703	0.59255679072	0.520541324311	0.446109231513	0.435959400677	0.478492025133	0.700338327695	0.635089415176	0.468342194297	0.563557274045	0.469308844853	0.622039632673	0.545674238763	0.71532141131	0.694055099082	0.557274045433	0.535041082649	0.504108264862	0.644272595457	0.593523441276	0.652489125181	0.622522957951	0.584823586274	0.618173030449	0.505074915418	0.505074915418	0.507974867086	0.523441275979	0.539874335428	0.611406476559	0.53939101015	0.618656355727	0.494441759304	0.589656839053
AA8	0.579507008217	0.541807636539	0.974867085549	0.640405993233	0.598840019333	0.435959400677	0.6805219913	0.448042532624	0.414209763171	0.566940550991	0.423392943451	0.542290961817	0.490091831803	0.890285161914	0.598840019333	0.546157564041	0.275978733688	0.0	0.915901401643	0.760270662156	0.584340260996	0.480425326245	0.485258579024	0.46060898985	0.858385693572	0.562107298212	0.43064282262	0.459159014016	0.517158047366	0.579507008217	0.480425326245	0.410343160947	0.427259545674	0.474142097632	0.69453842436	0.632672788787	0.455775737071	0.561623972934	0.453842435959	0.616723054616	0.538424359594	0.713871435476	0.688738521025	0.548090865152	0.535041082649	0.495891735138	0.629772837119	0.588206863219	0.64572257129	0.612373127115	0.581923634606	0.608506524891	0.492025132914	0.50459159014	0.500724987917	0.522957950701	0.539874335428	0.601739971	0.539874335428	0.614306428226	0.491058482359	0.590623489609
AB7	0.858385693572	0.893668438859	0.738037699372	0.713871435476	0.878202029966	0.928951184147	0.947800869986	0.927501208313	0.917351377477	0.938134364427	0.954567423876	0.894151764137	0.927017883035	0.703238279362	0.934751087482	0.873368777187	0.925084581924	0.915901401643	0.0	0.404059932334	0.807636539391	0.845335911068	0.927501208313	0.920251329145	0.737071048816	0.814403093282	0.89125181247	0.881101981634	0.745770903818	0.707104881585	0.885451909135	0.898018366361	0.9212179797	0.938134364427	0.94683421943	0.934267762204	0.940067665539	0.917834702755	0.949734171097	0.926534557757	0.941034316095	0.866118898018	0.880618656356	0.915901401643	0.959400676655	0.95360077332	0.924117931368	0.923151280812	0.936201063316	0.922667955534	0.926534557757	0.917834702755	0.921701304978	0.915418076365	0.917834702755	0.910101498308	0.92363460609	0.917834702755	0.916868052199	0.920734654422	0.950217496375	0.930401159981
AB8	0.715804736588	0.734654422426	0.762687288545	0.569840502658	0.754954084099	0.761237312711	0.782020299662	0.7593040116	0.752537457709	0.77090381827	0.791203479942	0.731271145481	0.762687288545	0.674722087965	0.774770420493	0.722571290478	0.77090381827	0.760270662156	0.404059932334	0.0	0.650072498792	0.683421942968	0.7593040116	0.750120831319	0.725954567424	0.654905751571	0.723537941034	0.710971483809	0.542774287095	0.528757854036	0.73852102465	0.73610439826	0.764137264379	0.773803769937	0.817786370227	0.772837119381	0.774770420493	0.748670855486	0.778153697438	0.750604156597	0.767520541324	0.722571290478	0.728371193813	0.751087481875	0.795070082165	0.794103431609	0.81246979217	0.772837119381	0.792170130498	0.771870468826	0.776220396327	0.788786853552	0.76848719188	0.764620589657	0.771870468826	0.758820686322	0.764620589657	0.78008699855	0.768003866602	0.760270662156	0.778637022716	0.769453842436
AC7	0.625422909618	0.666988883519	0.896568390527	0.658289028516	0.735137747704	0.583856935718	0.720637989367	0.577573707105	0.561140647656	0.645239246013	0.594490091832	0.688255195747	0.676172063799	0.817303044949	0.714838086032	0.646205896568	0.594490091832	0.584340260996	0.807636539391	0.650072498792	0.0	0.376993716771	0.569840502658	0.56935717738	0.819236346061	0.568390526825	0.545190913485	0.532624456259	0.469308844853	0.494441759304	0.565490575157	0.559207346544	0.56935717738	0.597873368777	0.806669888835	0.737554374094	0.622039632673	0.643305944901	0.605606573224	0.728854519091	0.674722087965	0.708071532141	0.693088448526	0.632189463509	0.649589173514	0.614306428226	0.81246979217	0.75688738521	0.794103431609	0.780570323828	0.752537457709	0.786370227163	0.680038666022	0.668438859352	0.673272112131	0.700821652972	0.673755437409	0.780570323828	0.695988400193	0.766553890768	0.621072982117	0.742870952151
AC8	0.583856935718	0.567423876269	0.917351377477	0.622039632673	0.671822136298	0.514741420976	0.691638472692	0.482841952634	0.475592073465	0.578540357661	0.53020782987	0.61333977767	0.576123731271	0.837119381344	0.623489608507	0.561623972934	0.492508458192	0.480425326245	0.845335911068	0.683421942968	0.376993716771	0.0	0.49540840986	0.478975350411	0.840985983567	0.529724504592	0.401159980667	0.370710488159	0.438859352344	0.482358627356	0.52537457709	0.49540840986	0.470275495408	0.506524891252	0.733204446593	0.65973900435	0.534074432093	0.568873852102	0.522474625423	0.652489125181	0.587240212663	0.666505558241	0.649105848236	0.553407443209	0.567423876269	0.538424359594	0.727404543258	0.664088931851	0.718221362977	0.706621556307	0.663122281295	0.696471725471	0.595456742388	0.586273562107	0.584823586274	0.619139681005	0.580473658772	0.692605123248	0.593040115998	0.690188496858	0.533591106815	0.651039149348
AD7	0.603673272112	0.602706621556	0.966650555824	0.666988883519	0.734171097148	0.52779120348	0.697921701305	0.519574673755	0.484291928468	0.607539874335	0.456742387627	0.659255679072	0.608506524891	0.879168680522	0.654422426293	0.602706621556	0.502658289029	0.485258579024	0.927501208313	0.7593040116	0.569840502658	0.49540840986	0.0	0.285645239246	0.891735137748	0.49299178347	0.435959400677	0.470275495408	0.497825036249	0.561140647656	0.502658289029	0.479942000967	0.485258579024	0.540357660706	0.749154180764	0.676172063799	0.520057999033	0.595940067666	0.532141130981	0.67133881102	0.607539874335	0.718704688255	0.695021749638	0.589173513775	0.588206863219	0.556307394877	0.75688738521	0.690188496858	0.743354277429	0.728371193813	0.685838569357	0.719671338811	0.619623006283	0.607056549058	0.606089898502	0.637506041566	0.600289995167	0.71532141131	0.625906234896	0.711454809087	0.566457225713	0.673755437409
AD8	0.594006766554	0.579023682939	0.959400676655	0.651522474625	0.709521507975	0.503141614306	0.695021749638	0.49540840986	0.458675688739	0.582406959884	0.436926051232	0.631222812953	0.58337361044	0.872402126631	0.633639439343	0.581923634606	0.480908651522	0.46060898985	0.920251329145	0.750120831319	0.56935717738	0.478975350411	0.285645239246	0.0	0.860318994683	0.464475592073	0.410826486225	0.442725954567	0.486708554857	0.547607539874	0.496375060416	0.471242145964	0.468342194297	0.526341227646	0.73368777187	0.65973900435	0.499275012083	0.579990333494	0.512324794587	0.649589173514	0.586756887385	0.717254712421	0.696471725471	0.567423876269	0.574673755437	0.539874335428	0.737071048816	0.671822136298	0.726437892702	0.71290478492	0.670372160464	0.704688255196	0.598840019333	0.589656839053	0.590623489609	0.620589656839	0.579990333494	0.695505074915	0.608989850169	0.692605123248	0.540357660706	0.653455775737
AE7	0.827452875785	0.878202029966	0.857902368294	0.788786853552	0.840019333011	0.891735137748	0.922184630256	0.895118414693	0.887385210246	0.908651522475	0.915901401643	0.854035766071	0.879168680522	0.825036249396	0.907684871919	0.846785886902	0.880135331078	0.858385693572	0.737071048816	0.725954567424	0.819236346061	0.840985983567	0.891735137748	0.860318994683	0.0	0.565490575157	0.866602223296	0.862252295795	0.763653939101	0.764137264379	0.836636056066	0.84485258579	0.896568390527	0.910101498308	0.931367810536	0.916868052199	0.916868052199	0.899951667472	0.910584823586	0.878202029966	0.906234896085	0.869985500242	0.880618656356	0.881585306912	0.936201063316	0.927501208313	0.892701788304	0.895601739971	0.910101498308	0.893185113581	0.90043499275	0.894635089415	0.88883518608	0.890768487192	0.899951667472	0.884485258579	0.904784920251	0.890768487192	0.895118414693	0.897051715805	0.911068148864	0.911068148864
AE8	0.59255679072	0.613823102948	0.902368293862	0.637022716288	0.699855002417	0.572257129048	0.688738521025	0.571290478492	0.567907201547	0.61333977767	0.602706621556	0.632189463509	0.624456259062	0.819236346061	0.683905268246	0.598356694055	0.585306911551	0.562107298212	0.814403093282	0.654905751571	0.568390526825	0.529724504592	0.49299178347	0.464475592073	0.565490575157	0.0	0.549057515708	0.542290961817	0.494441759304	0.492025132914	0.553407443209	0.53020782987	0.576123731271	0.591106814886	0.769453842436	0.695505074915	0.601739971	0.597873368777	0.590623489609	0.661672305462	0.634606089899	0.68970517158	0.673272112131	0.588690188497	0.647655872402	0.608023199613	0.754954084099	0.696955050749	0.750120831319	0.720154664089	0.693571773804	0.727404543258	0.644755920735	0.62735621073	0.63653939101	0.641372643789	0.627839536008	0.717254712421	0.655872402127	0.699855002417	0.608506524891	0.679555340744
AF7	0.585790236829	0.5601739971	0.948767520541	0.653939101015	0.657805703238	0.491058482359	0.699371677139	0.46302561624	0.430159497342	0.577573707105	0.441759304012	0.587240212663	0.545190913485	0.869502174964	0.632672788787	0.560657322378	0.431609473175	0.43064282262	0.89125181247	0.723537941034	0.545190913485	0.401159980667	0.435959400677	0.410826486225	0.866602223296	0.549057515708	0.0	0.315128081199	0.468825519575	0.529724504592	0.478975350411	0.478492025133	0.440792653456	0.4813919768	0.70372160464	0.623972933784	0.467858869019	0.545674238763	0.493958434026	0.625422909618	0.546157564041	0.695988400193	0.677138714355	0.53697438376	0.529241179314	0.504108264862	0.672788786854	0.624456259062	0.673272112131	0.666022232963	0.621072982117	0.644755920735	0.556307394877	0.547607539874	0.542774287095	0.575157080715	0.557274045433	0.644272595457	0.574190430159	0.64572257129	0.497825036249	0.607539874335
AF8	0.589656839053	0.563073948768	0.937167713871	0.641372643789	0.683905268246	0.511358144031	0.695021749638	0.471725471242	0.458192363461	0.568390526825	0.506524891252	0.610439826003	0.56259062349	0.853069115515	0.62493958434	0.555824069599	0.46302561624	0.459159014016	0.881101981634	0.710971483809	0.532624456259	0.370710488159	0.470275495408	0.442725954567	0.862252295795	0.542290961817	0.315128081199	0.0	0.461575640406	0.517641372644	0.510391493475	0.477525374577	0.448042532624	0.495891735138	0.719671338811	0.643789270179	0.492025132914	0.550507491542	0.512324794587	0.631222812953	0.566940550991	0.6805219913	0.656839052682	0.540357660706	0.557274045433	0.533591106815	0.700338327695	0.649589173514	0.705654905752	0.69212179797	0.646689221846	0.670855485742	0.579023682939	0.572257129048	0.568390526825	0.601256645723	0.557274045433	0.664572257129	0.573223779604	0.675205413243	0.523441275979	0.636056065732
AG7	0.598356694055	0.606089898502	0.855485741904	0.557274045433	0.685355244079	0.549540840986	0.687771870469	0.503141614306	0.485258579024	0.586273562107	0.537941034316	0.628322861286	0.612373127115	0.76848719188	0.669888835186	0.583856935718	0.531657805703	0.517158047366	0.745770903818	0.542774287095	0.469308844853	0.438859352344	0.497825036249	0.486708554857	0.763653939101	0.494441759304	0.468825519575	0.461575640406	0.0	0.320444659256	0.531657805703	0.498791686805	0.505074915418	0.557274045433	0.750604156597	0.670855485742	0.53939101015	0.586273562107	0.543740937651	0.657805703238	0.600289995167	0.657805703238	0.642822619623	0.56935717738	0.613823102948	0.578540357661	0.748187530208	0.680038666022	0.730787820203	0.717738037699	0.681005316578	0.722087965201	0.626389560174	0.611889801837	0.620106331561	0.63653939101	0.624456259062	0.714838086032	0.648622522958	0.694055099082	0.585306911551	0.668438859352
AG8	0.596423392943	0.62493958434	0.849685838569	0.586273562107	0.698888351861	0.579990333494	0.687288545191	0.559207346544	0.553890768487	0.606089898502	0.605606573224	0.655389076849	0.623006283229	0.751087481875	0.694055099082	0.595456742388	0.59255679072	0.579507008217	0.707104881585	0.528757854036	0.494441759304	0.482358627356	0.561140647656	0.547607539874	0.764137264379	0.492025132914	0.529724504592	0.517641372644	0.320444659256	0.0	0.574673755437	0.553890768487	0.574190430159	0.590623489609	0.761237312711	0.685838569357	0.590623489609	0.593523441276	0.584823586274	0.663122281295	0.622522957951	0.667955534074	0.655872402127	0.601739971	0.643305944901	0.609956500725	0.754954084099	0.695988400193	0.73852102465	0.724021266312	0.699855002417	0.728854519091	0.642822619623	0.627839536008	0.641372643789	0.64572257129	0.6389560174	0.717254712421	0.664572257129	0.700821652972	0.609473175447	0.677138714355
AH7	0.603673272112	0.629772837119	0.958917351377	0.684388593523	0.708071532141	0.575157080715	0.719188013533	0.553890768487	0.524891251812	0.634606089899	0.528274528758	0.65055582407	0.634606089899	0.878202029966	0.696471725471	0.607539874335	0.520541324311	0.480425326245	0.885451909135	0.73852102465	0.565490575157	0.52537457709	0.502658289029	0.496375060416	0.836636056066	0.553407443209	0.478975350411	0.510391493475	0.531657805703	0.574673755437	0.0	0.323827936201	0.559690671822	0.608989850169	0.783953600773	0.725471242146	0.558240695988	0.64813919768	0.588206863219	0.681488641856	0.649105848236	0.758820686322	0.736587723538	0.634606089899	0.649105848236	0.617689705172	0.754954084099	0.711454809087	0.760753987434	0.723054615756	0.706621556307	0.734171097148	0.626872885452	0.620589656839	0.623006283229	0.649105848236	0.628806186564	0.732721121315	0.641372643789	0.712421459642	0.609956500725	0.708071532141
AH8	0.59255679072	0.58337361044	0.960850652489	0.652489125181	0.676655389077	0.531657805703	0.691155147414	0.511358144031	0.492508458192	0.597390043499	0.519574673755	0.613823102948	0.578057032383	0.871918801353	0.64813919768	0.564523924601	0.446109231513	0.410343160947	0.898018366361	0.73610439826	0.559207346544	0.49540840986	0.479942000967	0.471242145964	0.84485258579	0.53020782987	0.478492025133	0.477525374577	0.498791686805	0.553890768487	0.323827936201	0.0	0.507491541808	0.549057515708	0.753504108265	0.685838569357	0.519574673755	0.589656839053	0.538424359594	0.632672788787	0.600289995167	0.71290478492	0.686805219913	0.582406959884	0.597873368777	0.570323827936	0.714838086032	0.663605606573	0.718704688255	0.674238762687	0.658289028516	0.690671822136	0.585790236829	0.573707104882	0.579023682939	0.60657322378	0.570323827936	0.690188496858	0.587240212663	0.666988883519	0.559207346544	0.656839052682
AA5	0.594006766554	0.503141614306	0.961817303045	0.642339294345	0.618656355727	0.458675688739	0.628322861286	0.400193330111	0.408893185114	0.518124697922	0.447559207347	0.545674238763	0.52779120348	0.876752054132	0.541807636539	0.550507491542	0.435959400677	0.427259545674	0.9212179797	0.764137264379	0.56935717738	0.470275495408	0.485258579024	0.468342194297	0.896568390527	0.576123731271	0.440792653456	0.448042532624	0.505074915418	0.574190430159	0.559690671822	0.507491541808	0.0	0.350894151764	0.687288545191	0.576607056549	0.465442242629	0.46979217013	0.463992266796	0.567907201547	0.495891735138	0.62493958434	0.602223296278	0.467375543741	0.533591106815	0.480425326245	0.698405026583	0.647655872402	0.662638956017	0.647655872402	0.65055582407	0.680038666022	0.538907684872	0.559207346544	0.565007249879	0.578540357661	0.536007733204	0.668438859352	0.558724021266	0.638472692122	0.509424842919	0.627839536008
AA6	0.611889801837	0.53697438376	0.964717254712	0.661672305462	0.643789270179	0.47220879652	0.654905751571	0.44900918318	0.472692121798	0.542290961817	0.509424842919	0.566457225713	0.529724504592	0.881101981634	0.583856935718	0.5601739971	0.478492025133	0.474142097632	0.938134364427	0.773803769937	0.597873368777	0.506524891252	0.540357660706	0.526341227646	0.910101498308	0.591106814886	0.4813919768	0.495891735138	0.557274045433	0.590623489609	0.608989850169	0.549057515708	0.350894151764	0.0	0.684871918801	0.579507008217	0.509908168197	0.504108264862	0.489608506525	0.601256645723	0.51377477042	0.662155630739	0.635572740454	0.504108264862	0.462542290962	0.421942967617	0.691638472692	0.642822619623	0.669405509908	0.652972450459	0.643305944901	0.671822136298	0.540840985984	0.552440792653	0.556790720155	0.576123731271	0.548090865152	0.663122281295	0.567423876269	0.641855969067	0.521024649589	0.624456259062
AB5	0.750120831319	0.681971967134	0.977283711938	0.722087965201	0.637989366844	0.649105848236	0.735137747704	0.669888835186	0.664572257129	0.683421942968	0.668438859352	0.618173030449	0.663605606573	0.896085065249	0.709521507975	0.697921701305	0.700338327695	0.69453842436	0.94683421943	0.817786370227	0.806669888835	0.733204446593	0.749154180764	0.73368777187	0.931367810536	0.769453842436	0.70372160464	0.719671338811	0.750604156597	0.761237312711	0.783953600773	0.753504108265	0.687288545191	0.684871918801	0.0	0.31029482842	0.615273078782	0.671822136298	0.633156114065	0.631222812953	0.600289995167	0.736587723538	0.72692121798	0.656355727405	0.619139681005	0.611889801837	0.611406476559	0.614306428226	0.618173030449	0.594006766554	0.609956500725	0.604639922668	0.596906718221	0.608506524891	0.611889801837	0.601256645723	0.672788786854	0.591106814886	0.675205413243	0.595456742388	0.681971967134	0.608023199613
AB6	0.686321894635	0.597873368777	0.971483808603	0.67133881102	0.581923634606	0.564523924601	0.648622522958	0.564040599323	0.586273562107	0.591106814886	0.607056549058	0.514741420976	0.601256645723	0.885451909135	0.629289511841	0.623972933784	0.635089415176	0.632672788787	0.934267762204	0.772837119381	0.737554374094	0.65973900435	0.676172063799	0.65973900435	0.916868052199	0.695505074915	0.623972933784	0.643789270179	0.670855485742	0.685838569357	0.725471242146	0.685838569357	0.576607056549	0.579507008217	0.31029482842	0.0	0.554374093765	0.568390526825	0.5601739971	0.540357660706	0.510874818753	0.653939101015	0.637506041566	0.539874335428	0.546640889319	0.538424359594	0.604639922668	0.564040599323	0.579990333494	0.55775737071	0.562107298212	0.589173513775	0.515708071532	0.556790720155	0.556307394877	0.543740937651	0.597390043499	0.565490575157	0.599806669889	0.552440792653	0.615273078782	0.553407443209
AC5	0.611889801837	0.573223779604	0.975350410826	0.654905751571	0.623489608507	0.465442242629	0.67133881102	0.462058965684	0.418559690672	0.562107298212	0.426292895118	0.537941034316	0.540357660706	0.887385210246	0.62735621073	0.578540357661	0.468342194297	0.455775737071	0.940067665539	0.774770420493	0.622039632673	0.534074432093	0.520057999033	0.499275012083	0.916868052199	0.601739971	0.467858869019	0.492025132914	0.53939101015	0.590623489609	0.558240695988	0.519574673755	0.465442242629	0.509908168197	0.615273078782	0.554374093765	0.0	0.455775737071	0.425326244563	0.599323344611	0.504108264862	0.709521507975	0.676655389077	0.530691155147	0.491541807637	0.471725471242	0.60415659739	0.562107298212	0.611889801837	0.57177380377	0.564040599323	0.593523441276	0.500241662639	0.489125181247	0.495891735138	0.499758337361	0.56259062349	0.575640405993	0.584823586274	0.563073948768	0.521507974867	0.548090865152
AC6	0.630739487675	0.526824552924	0.954567423876	0.649589173514	0.591106814886	0.523441275979	0.537457709038	0.482358627356	0.533591106815	0.4398260029	0.55775737071	0.550024166264	0.559690671822	0.860802319961	0.555340744321	0.570323827936	0.563557274045	0.561623972934	0.917834702755	0.748670855486	0.643305944901	0.568873852102	0.595940067666	0.579990333494	0.899951667472	0.597873368777	0.545674238763	0.550507491542	0.586273562107	0.593523441276	0.64813919768	0.589656839053	0.46979217013	0.504108264862	0.671822136298	0.568390526825	0.455775737071	0.0	0.527307878202	0.533107781537	0.504108264862	0.489125181247	0.452875785404	0.409376510391	0.575157080715	0.553407443209	0.684388593523	0.640405993233	0.654905751571	0.630256162397	0.638472692122	0.669888835186	0.574190430159	0.572257129048	0.585306911551	0.576123731271	0.552924117931	0.65055582407	0.58095698405	0.625422909618	0.553407443209	0.621072982117
AD6	0.608989850169	0.549057515708	0.977283711938	0.637022716288	0.582406959884	0.408893185114	0.637989366844	0.441275978734	0.424842919285	0.524891251812	0.429676172064	0.505074915418	0.517641372644	0.887385210246	0.594006766554	0.562107298212	0.469308844853	0.453842435959	0.949734171097	0.778153697438	0.605606573224	0.522474625423	0.532141130981	0.512324794587	0.910584823586	0.590623489609	0.493958434026	0.512324794587	0.543740937651	0.584823586274	0.588206863219	0.538424359594	0.463992266796	0.489608506525	0.633156114065	0.5601739971	0.425326244563	0.527307878202	0.0	0.552924117931	0.409376510391	0.693571773804	0.670855485742	0.52537457709	0.502658289029	0.470275495408	0.605123247946	0.54857419043	0.586273562107	0.564040599323	0.55775737071	0.584823586274	0.476558724021	0.474142097632	0.484291928468	0.484291928468	0.53939101015	0.576123731271	0.565007249879	0.561140647656	0.47462542291	0.540840985984
AE5	0.641372643789	0.537457709038	0.975350410826	0.642339294345	0.55099081682	0.572257129048	0.587240212663	0.566940550991	0.621556307395	0.535524407927	0.630739487675	0.514741420976	0.56935717738	0.883035282745	0.570807153214	0.579990333494	0.622039632673	0.616723054616	0.926534557757	0.750604156597	0.728854519091	0.652489125181	0.67133881102	0.649589173514	0.878202029966	0.661672305462	0.625422909618	0.631222812953	0.657805703238	0.663122281295	0.681488641856	0.632672788787	0.567907201547	0.601256645723	0.631222812953	0.540357660706	0.599323344611	0.533107781537	0.552924117931	0.0	0.370710488159	0.601256645723	0.591590140164	0.521991300145	0.637022716288	0.633156114065	0.650072498792	0.61575640406	0.617206379894	0.600289995167	0.623972933784	0.648622522958	0.550024166264	0.591590140164	0.60657322378	0.563073948768	0.561140647656	0.62735621073	0.569840502658	0.603189946834	0.591590140164	0.612373127115
AE6	0.617206379894	0.492025132914	0.974867085549	0.622522957951	0.555824069599	0.477042049299	0.576607056549	0.465442242629	0.520057999033	0.502174963751	0.534557757371	0.493475108748	0.500241662639	0.882551957467	0.555340744321	0.535041082649	0.545674238763	0.538424359594	0.941034316095	0.767520541324	0.674722087965	0.587240212663	0.607539874335	0.586756887385	0.906234896085	0.634606089899	0.546157564041	0.566940550991	0.600289995167	0.622522957951	0.649105848236	0.600289995167	0.495891735138	0.51377477042	0.600289995167	0.510874818753	0.504108264862	0.504108264862	0.409376510391	0.370710488159	0.0	0.635089415176	0.614789753504	0.479942000967	0.537457709038	0.527307878202	0.622039632673	0.575640405993	0.585306911551	0.574190430159	0.581923634606	0.612373127115	0.478008699855	0.488158530691	0.511841469309	0.497825036249	0.517158047366	0.591590140164	0.549057515708	0.56935717738	0.519091348478	0.564040599323
AF5	0.704204929918	0.612373127115	0.939584340261	0.65732237796	0.654422426293	0.678105364911	0.544224262929	0.638472692122	0.69212179797	0.567907201547	0.711938134364	0.623006283229	0.666505558241	0.84726921218	0.603673272112	0.662155630739	0.71532141131	0.713871435476	0.866118898018	0.722571290478	0.708071532141	0.666505558241	0.718704688255	0.717254712421	0.869985500242	0.68970517158	0.695988400193	0.6805219913	0.657805703238	0.667955534074	0.758820686322	0.71290478492	0.62493958434	0.662155630739	0.736587723538	0.653939101015	0.709521507975	0.489125181247	0.693571773804	0.601256645723	0.635089415176	0.0	0.283711938134	0.542774287095	0.724987916868	0.710971483809	0.750604156597	0.722087965201	0.729337844369	0.706138231029	0.722571290478	0.744320927985	0.682455292412	0.711454809087	0.727404543258	0.698888351861	0.667955534074	0.729821169647	0.674722087965	0.699371677139	0.711938134364	0.717254712421
AF6	0.686805219913	0.594006766554	0.940550990817	0.662155630739	0.653455775737	0.661188980184	0.512808119865	0.613823102948	0.668438859352	0.533107781537	0.692605123248	0.622522957951	0.652972450459	0.848235862736	0.588690188497	0.643789270179	0.694055099082	0.688738521025	0.880618656356	0.728371193813	0.693088448526	0.649105848236	0.695021749638	0.696471725471	0.880618656356	0.673272112131	0.677138714355	0.656839052682	0.642822619623	0.655872402127	0.736587723538	0.686805219913	0.602223296278	0.635572740454	0.72692121798	0.637506041566	0.676655389077	0.452875785404	0.670855485742	0.591590140164	0.614789753504	0.283711938134	0.0	0.5186080232	0.698888351861	0.688255195747	0.749154180764	0.719188013533	0.727887868536	0.696955050749	0.710488158531	0.743837602707	0.665055582407	0.683905268246	0.696471725471	0.676655389077	0.646689221846	0.728371193813	0.654422426293	0.693571773804	0.689221846303	0.699371677139
