	AA3	AA4	AB3	AB4	AC3	AC4	AD3	AD4	AE3	AE4	AF3	AF4	AG3	AG4	AH3	AH4	AA7	AA8	AB7	AB8	AC7	AC8	AD7	AD8	AE7	AE8	AF7	AF8	AG7	AG8	AH7	AH8	AA5	AA6	AB5	AB6	AC5	AC6	AD6	AE5	AE6	AF5	AF6	AG5	AH5	AH6	AA1	AA2	AB1	AB2	AC1	AC2	AD1	AD2	AE1	AE2	AF1	AF2	AG1	AG2	AH1	AH2
AA3	0.0	0.48622522958	0.940550990817	0.630256162397	0.652005799903	0.582890285162	0.681971967134	0.581440309328	0.573707104882	0.618656355727	0.620106331561	0.601256645723	0.577090381827	0.84726921218	0.639922667956	0.313194780087	0.565973900435	0.547607539874	0.866602223296	0.708554857419	0.619139681005	0.563557274045	0.589656839053	0.579507008217	0.829869502175	0.580473658772	0.549540840986	0.552924117931	0.574190430159	0.579507008217	0.590140164331	0.571290478492	0.581440309328	0.580473658772	0.740937651039	0.6805219913	0.619139681005	0.61333977767	0.59255679072	0.628806186564	0.594006766554	0.695505074915	0.688738521025	0.618656355727	0.624456259062	0.610439826003	0.685355244079	0.642339294345	0.71290478492	0.656839052682	0.644272595457	0.663605606573	0.571290478492	0.55775737071	0.568390526825	0.565490575157	0.561623972934	0.658772353794	0.577573707105	0.667472208797	0.574673755437	0.620589656839
AA4	0.48622522958	0.0	0.952634122765	0.593523441276	0.577090381827	0.50700821653	0.603189946834	0.496858385694	0.507491541808	0.531657805703	0.568390526825	0.510391493475	0.487191880135	0.852585790237	0.381826969551	0.387626872885	0.538424359594	0.535041082649	0.893185113581	0.732721121315	0.666988883519	0.569840502658	0.583856935718	0.589656839053	0.873368777187	0.623972933784	0.552924117931	0.565490575157	0.60657322378	0.623489608507	0.633639439343	0.579023682939	0.515224746254	0.508941517641	0.657805703238	0.594006766554	0.583856935718	0.51377477042	0.537941034316	0.549057515708	0.494441759304	0.609956500725	0.603673272112	0.52779120348	0.58337361044	0.568873852102	0.664572257129	0.590623489609	0.645239246013	0.605123247946	0.603189946834	0.635089415176	0.542774287095	0.534557757371	0.535524407927	0.532624456259	0.505074915418	0.625422909618	0.517641372644	0.597873368777	0.545190913485	0.566457225713
AB3	0.940550990817	0.952634122765	0.0	0.667472208797	0.920734654422	0.959884001933	0.956984050266	0.944900918318	0.932334461092	0.948767520541	0.972933784437	0.938134364427	0.963750604157	0.349927501208	0.964717254712	0.949250845819	0.971483808603	0.969067182214	0.75688738521	0.750604156597	0.892218463026	0.913484775254	0.9584340261	0.95360077332	0.855969067182	0.909134847753	0.938617689705	0.93281778637	0.839052682455	0.840985983567	0.952150797487	0.955534074432	0.956500724988	0.960367327211	0.975833736104	0.969550507492	0.975350410826	0.952634122765	0.974867085549	0.974867085549	0.973417109715	0.936201063316	0.93281778637	0.947800869986	0.97680038666	0.970517158047	0.974867085549	0.971967133881	0.972450459159	0.974867085549	0.971000483325	0.971483808603	0.975833736104	0.976317061382	0.977283711938	0.976317061382	0.975350410826	0.974383760271	0.973417109715	0.975833736104	0.975833736104	0.974383760271
AB4	0.630256162397	0.593523441276	0.667472208797	0.0	0.631222812953	0.608506524891	0.689221846303	0.622522957951	0.609473175447	0.629772837119	0.648622522958	0.61333977767	0.505074915418	0.53939101015	0.60657322378	0.590623489609	0.636056065732	0.6389560174	0.741420976317	0.569840502658	0.657805703238	0.623489608507	0.660222329628	0.645239246013	0.798453359111	0.638472692122	0.640405993233	0.632672788787	0.550024166264	0.58337361044	0.690671822136	0.646205896568	0.633156114065	0.639439342678	0.719188013533	0.661188980184	0.667955534074	0.633156114065	0.620589656839	0.634122764621	0.620589656839	0.657805703238	0.663605606573	0.626872885452	0.685838569357	0.670372160464	0.710004833253	0.666022232963	0.705171580474	0.666505558241	0.679555340744	0.679072015466	0.630739487675	0.643305944901	0.65973900435	0.637022716288	0.635089415176	0.674722087965	0.631222812953	0.680038666022	0.650072498792	0.661672305462
AC3	0.652005799903	0.577090381827	0.920734654422	0.631222812953	0.0	0.490575157081	0.651039149348	0.549540840986	0.547124214596	0.590140164331	0.615273078782	0.329144514258	0.605123247946	0.82648622523	0.59497341711	0.599323344611	0.604639922668	0.598356694055	0.878202029966	0.738037699372	0.732237796037	0.672305461576	0.719671338811	0.705654905752	0.835186080232	0.684871918801	0.6389560174	0.678105364911	0.67133881102	0.68293861769	0.698405026583	0.673272112131	0.588690188497	0.614306428226	0.618656355727	0.577090381827	0.617689705172	0.578540357661	0.584823586274	0.554374093765	0.547124214596	0.652005799903	0.662155630739	0.577090381827	0.644755920735	0.632672788787	0.608506524891	0.592073465442	0.595940067666	0.570807153214	0.606089898502	0.597873368777	0.546640889319	0.567907201547	0.58095698405	0.559690671822	0.595940067666	0.578057032383	0.605606573224	0.588206863219	0.609473175447	0.587723537941
AC4	0.582890285162	0.50700821653	0.959884001933	0.608506524891	0.490575157081	0.0	0.62735621073	0.404059932334	0.391010149831	0.520541324311	0.328177863702	0.404543257612	0.500724987917	0.866118898018	0.554857419043	0.514741420976	0.455292411793	0.446592556791	0.927017883035	0.75688738521	0.588690188497	0.529724504592	0.523441275979	0.510874818753	0.894151764137	0.585790236829	0.478492025133	0.506524891252	0.538424359594	0.563073948768	0.567907201547	0.503141614306	0.448525857902	0.461575640406	0.626389560174	0.557274045433	0.463992266796	0.505558240696	0.39584340261	0.562107298212	0.467375543741	0.664088931851	0.661188980184	0.505558240696	0.489125181247	0.470275495408	0.625422909618	0.54857419043	0.59497341711	0.559207346544	0.566457225713	0.587723537941	0.466408893185	0.48622522958	0.5186080232	0.477042049299	0.519091348478	0.579507008217	0.547607539874	0.560657322378	0.467858869019	0.536007733204
AD3	0.681971967134	0.603189946834	0.956984050266	0.689221846303	0.651039149348	0.62735621073	0.0	0.545190913485	0.6389560174	0.362010633156	0.677622039633	0.591590140164	0.639439342678	0.864668922185	0.579990333494	0.640405993233	0.688738521025	0.688738521025	0.942000966651	0.780570323828	0.724021266312	0.695988400193	0.700821652972	0.68970517158	0.917351377477	0.691155147414	0.698405026583	0.691638472692	0.697921701305	0.699371677139	0.720637989367	0.697438376027	0.635572740454	0.659255679072	0.742387626873	0.679072015466	0.6805219913	0.548090865152	0.635089415176	0.595940067666	0.577090381827	0.551957467376	0.544224262929	0.560657322378	0.697438376027	0.687288545191	0.76848719188	0.699371677139	0.739971000483	0.722087965201	0.705654905752	0.725471242146	0.650072498792	0.674722087965	0.675688738521	0.660222329628	0.635089415176	0.722087965201	0.647172547124	0.720154664089	0.693571773804	0.697921701305
AD4	0.581440309328	0.496858385694	0.944900918318	0.622522957951	0.549540840986	0.404059932334	0.545190913485	0.0	0.308361527308	0.41662638956	0.417593040116	0.485741904302	0.530691155147	0.850652489125	0.552440792653	0.524407926535	0.469308844853	0.441275978734	0.933301111648	0.762687288545	0.570807153214	0.508458192363	0.496858385694	0.488158530691	0.901401643306	0.596906718221	0.432092798453	0.461092315128	0.528274528758	0.564040599323	0.544224262929	0.487191880135	0.393910101498	0.442725954567	0.652972450459	0.575640405993	0.458192363461	0.489608506525	0.429192846786	0.567907201547	0.46060898985	0.630739487675	0.621072982117	0.485741904302	0.50459159014	0.482358627356	0.677622039633	0.595456742388	0.646205896568	0.619623006283	0.616239729338	0.641372643789	0.519091348478	0.526341227646	0.53697438376	0.515708071532	0.538907684872	0.629289511841	0.56259062349	0.621556307395	0.500724987917	0.58095698405
AE3	0.573707104882	0.507491541808	0.932334461092	0.609473175447	0.547124214596	0.391010149831	0.6389560174	0.308361527308	0.0	0.508941517641	0.400193330111	0.487675205413	0.510874818753	0.84726921218	0.547124214596	0.531174480425	0.434992750121	0.417593040116	0.919768003867	0.752537457709	0.549057515708	0.48380860319	0.468342194297	0.473175447076	0.890285161914	0.588690188497	0.414209763171	0.4398260029	0.505558240696	0.55099081682	0.531174480425	0.477042049299	0.38666022233	0.434509424843	0.660705654906	0.58337361044	0.453359110681	0.51377477042	0.423876268729	0.608023199613	0.49540840986	0.65732237796	0.650072498792	0.507491541808	0.497341710971	0.47462542291	0.664572257129	0.588206863219	0.627839536008	0.60657322378	0.599323344611	0.632672788787	0.511358144031	0.519091348478	0.529241179314	0.515224746254	0.531174480425	0.623489608507	0.55775737071	0.608989850169	0.490091831803	0.572740454326
AE4	0.618656355727	0.531657805703	0.948767520541	0.629772837119	0.590140164331	0.520541324311	0.362010633156	0.41662638956	0.508941517641	0.0	0.567907201547	0.5186080232	0.578057032383	0.855969067182	0.539874335428	0.560657322378	0.581440309328	0.584823586274	0.936684388594	0.766553890768	0.652489125181	0.596906718221	0.606089898502	0.591106814886	0.910584823586	0.617206379894	0.591106814886	0.583856935718	0.591106814886	0.610439826003	0.644755920735	0.596906718221	0.525857902368	0.54857419043	0.687771870469	0.612856452392	0.575640405993	0.452875785404	0.537457709038	0.534557757371	0.495891735138	0.553407443209	0.546157564041	0.475108748188	0.601739971	0.590140164331	0.722087965201	0.646689221846	0.695988400193	0.673755437409	0.663122281295	0.682455292412	0.594490091832	0.589656839053	0.609473175447	0.585306911551	0.564523924601	0.673272112131	0.589173513775	0.670855485742	0.59255679072	0.640405993233
AF3	0.620106331561	0.568390526825	0.972933784437	0.648622522958	0.615273078782	0.328177863702	0.677622039633	0.417593040116	0.400193330111	0.567907201547	0.0	0.520541324311	0.549540840986	0.8796520058	0.611889801837	0.572740454326	0.457225712905	0.436926051232	0.952634122765	0.786853552441	0.586273562107	0.543257612373	0.436442725955	0.434992750121	0.925084581924	0.617689705172	0.434509424843	0.498308361527	0.559690671822	0.589656839053	0.532624456259	0.493958434026	0.426292895118	0.479942000967	0.674238762687	0.613823102948	0.433059449009	0.543740937651	0.439342677622	0.625422909618	0.519574673755	0.693088448526	0.689221846303	0.534557757371	0.50459159014	0.488641855969	0.681005316578	0.604639922668	0.665055582407	0.616239729338	0.618173030449	0.644272595457	0.536007733204	0.530691155147	0.557274045433	0.531657805703	0.568390526825	0.63653939101	0.590140164331	0.616239729338	0.502174963751	0.594006766554
AF4	0.601256645723	0.510391493475	0.938134364427	0.61333977767	0.329144514258	0.404543257612	0.591590140164	0.485741904302	0.487675205413	0.5186080232	0.520541324311	0.0	0.540357660706	0.841952634123	0.538424359594	0.545674238763	0.552440792653	0.545190913485	0.884968583857	0.728371193813	0.688255195747	0.616239729338	0.65732237796	0.6389560174	0.842919284679	0.617206379894	0.584823586274	0.623006283229	0.625422909618	0.634122764621	0.644272595457	0.609956500725	0.535524407927	0.551474142098	0.603673272112	0.524891251812	0.540840985984	0.526341227646	0.526341227646	0.511841469309	0.489608506525	0.608989850169	0.608506524891	0.515224746254	0.557274045433	0.543257612373	0.589656839053	0.520057999033	0.574190430159	0.532141130981	0.531174480425	0.554374093765	0.482358627356	0.491058482359	0.505558240696	0.495891735138	0.544707588207	0.541324311261	0.556790720155	0.540357660706	0.556307394877	0.511841469309
AG3	0.577090381827	0.487191880135	0.963750604157	0.505074915418	0.605123247946	0.500724987917	0.639439342678	0.530691155147	0.510874818753	0.578057032383	0.549540840986	0.540357660706	0.0	0.836152730788	0.506524891252	0.525857902368	0.515708071532	0.510874818753	0.927017883035	0.757370710488	0.678105364911	0.590140164331	0.588206863219	0.602706621556	0.881101981634	0.62735621073	0.548090865152	0.581923634606	0.605606573224	0.622039632673	0.638472692122	0.574673755437	0.535524407927	0.531174480425	0.663122281295	0.608506524891	0.56259062349	0.548090865152	0.512808119865	0.585306911551	0.508941517641	0.650072498792	0.646205896568	0.554374093765	0.578540357661	0.566940550991	0.626872885452	0.5601739971	0.630256162397	0.592073465442	0.587240212663	0.602223296278	0.512808119865	0.535524407927	0.543740937651	0.52537457709	0.535524407927	0.597873368777	0.547124214596	0.599806669889	0.515708071532	0.561140647656
AG4	0.84726921218	0.852585790237	0.349927501208	0.53939101015	0.82648622523	0.866118898018	0.864668922185	0.850652489125	0.84726921218	0.855969067182	0.8796520058	0.841952634123	0.836152730788	0.0	0.869018849686	0.850169163847	0.887385210246	0.883035282745	0.714838086032	0.672788786854	0.810053165781	0.830352827453	0.873852102465	0.86805219913	0.826002899952	0.823102948284	0.852102464959	0.845819236346	0.761237312711	0.758337361044	0.875785403577	0.871918801353	0.864668922185	0.868535524408	0.893668438859	0.8796520058	0.882551957467	0.854519091348	0.878685355244	0.880135331078	0.878202029966	0.84485258579	0.840502658289	0.854519091348	0.889801836636	0.884968583857	0.884001933301	0.881101981634	0.884968583857	0.880618656356	0.887868535524	0.880618656356	0.885451909135	0.886418559691	0.89125181247	0.887385210246	0.884001933301	0.884001933301	0.881101981634	0.882551957467	0.888351860802	0.884001933301
AH3	0.639922667956	0.381826969551	0.964717254712	0.60657322378	0.59497341711	0.554857419043	0.579990333494	0.552440792653	0.547124214596	0.539874335428	0.611889801837	0.538424359594	0.506524891252	0.869018849686	0.0	0.538424359594	0.577573707105	0.597390043499	0.931851135814	0.771387143548	0.716771387144	0.630256162397	0.630256162397	0.640889318511	0.899951667472	0.6805219913	0.626872885452	0.623006283229	0.655389076849	0.67133881102	0.691638472692	0.637506041566	0.546157564041	0.570807153214	0.695021749638	0.628806186564	0.632672788787	0.538424359594	0.580473658772	0.54857419043	0.537457709038	0.574673755437	0.568873852102	0.557274045433	0.641855969067	0.632672788787	0.694055099082	0.605123247946	0.65055582407	0.632672788787	0.636056065732	0.659255679072	0.585306911551	0.584340260996	0.586756887385	0.585306911551	0.556307394877	0.651039149348	0.566457225713	0.632672788787	0.595456742388	0.592073465442
AH4	0.313194780087	0.387626872885	0.949250845819	0.590623489609	0.599323344611	0.514741420976	0.640405993233	0.524407926535	0.531174480425	0.560657322378	0.572740454326	0.545674238763	0.525857902368	0.850169163847	0.538424359594	0.0	0.536491058482	0.527307878202	0.883035282745	0.724021266312	0.630739487675	0.56259062349	0.574673755437	0.566457225713	0.849685838569	0.588690188497	0.555824069599	0.552440792653	0.581923634606	0.594490091832	0.586756887385	0.548090865152	0.542774287095	0.540840985984	0.697438376027	0.635572740454	0.591106814886	0.559690671822	0.53939101015	0.569840502658	0.528274528758	0.657805703238	0.652972450459	0.567907201547	0.604639922668	0.585306911551	0.666022232963	0.60415659739	0.675688738521	0.612856452392	0.611889801837	0.635089415176	0.536491058482	0.521024649589	0.538424359594	0.519091348478	0.51377477042	0.621072982117	0.522474625423	0.62735621073	0.536007733204	0.583856935718
AA7	0.565973900435	0.538424359594	0.971483808603	0.636056065732	0.604639922668	0.455292411793	0.688738521025	0.469308844853	0.434992750121	0.581440309328	0.457225712905	0.552440792653	0.515708071532	0.887385210246	0.577573707105	0.536491058482	0.0	0.288061865636	0.924601256646	0.766070565491	0.591590140164	0.503141614306	0.492025132914	0.49540840986	0.867568873852	0.594006766554	0.457709038183	0.479942000967	0.544224262929	0.575640405993	0.53020782987	0.422426292895	0.426776220396	0.493475108748	0.702271628806	0.643789270179	0.489125181247	0.54857419043	0.478008699855	0.611889801837	0.526341227646	0.693088448526	0.69453842436	0.558724021266	0.52779120348	0.521507974867	0.664572257129	0.603673272112	0.666022232963	0.622522957951	0.594490091832	0.626872885452	0.518124697922	0.517158047366	0.536491058482	0.516674722088	0.520057999033	0.611889801837	0.544224262929	0.637989366844	0.49299178347	0.586273562107
AA8	0.547607539874	0.535041082649	0.969067182214	0.6389560174	0.598356694055	0.446592556791	0.688738521025	0.441275978734	0.417593040116	0.584823586274	0.436926051232	0.545190913485	0.510874818753	0.883035282745	0.597390043499	0.527307878202	0.288061865636	0.0	0.924601256646	0.758337361044	0.576123731271	0.488641855969	0.464475592073	0.46979217013	0.863218946351	0.583856935718	0.421942967617	0.453842435959	0.534074432093	0.565973900435	0.474142097632	0.364427259546	0.416143064282	0.479942000967	0.70130497825	0.6389560174	0.472692121798	0.549057515708	0.464475592073	0.608506524891	0.520541324311	0.696955050749	0.695988400193	0.544707588207	0.523924601257	0.507974867086	0.652972450459	0.596906718221	0.669888835186	0.616239729338	0.593040115998	0.622522957951	0.510874818753	0.514741420976	0.534557757371	0.515224746254	0.519574673755	0.607056549058	0.543257612373	0.631222812953	0.480908651522	0.58095698405
AB7	0.866602223296	0.893185113581	0.75688738521	0.741420976317	0.878202029966	0.927017883035	0.942000966651	0.933301111648	0.919768003867	0.936684388594	0.952634122765	0.884968583857	0.927017883035	0.714838086032	0.931851135814	0.883035282745	0.924601256646	0.924601256646	0.0	0.425326244563	0.806186563557	0.836152730788	0.93523441276	0.920251329145	0.742870952151	0.828902851619	0.886418559691	0.874818753021	0.730787820203	0.717738037699	0.88883518608	0.905268245529	0.916384726921	0.935717738038	0.945867568874	0.938134364427	0.948767520541	0.915418076365	0.950217496375	0.923151280812	0.936684388594	0.872402126631	0.876268728855	0.908651522475	0.961817303045	0.956984050266	0.931367810536	0.929917834703	0.941034316095	0.926534557757	0.935717738038	0.924117931368	0.925084581924	0.921701304978	0.924601256646	0.922184630256	0.924117931368	0.92363460609	0.924117931368	0.929434509425	0.945867568874	0.929434509425
AB8	0.708554857419	0.732721121315	0.750604156597	0.569840502658	0.738037699372	0.75688738521	0.780570323828	0.762687288545	0.752537457709	0.766553890768	0.786853552441	0.728371193813	0.757370710488	0.672788786854	0.771387143548	0.724021266312	0.766070565491	0.758337361044	0.425326244563	0.0	0.647655872402	0.669405509908	0.767037216046	0.744804253262	0.730304494925	0.672788786854	0.713871435476	0.704204929918	0.532624456259	0.536491058482	0.732237796037	0.73610439826	0.756404059932	0.765587240213	0.808119864669	0.774287095215	0.776220396327	0.750604156597	0.774287095215	0.753504108265	0.759787336878	0.729821169647	0.722087965201	0.739487675205	0.799903334944	0.792653455776	0.810536491058	0.769453842436	0.798453359111	0.761237312711	0.775737071049	0.772837119381	0.771387143548	0.765103914935	0.769937167714	0.765103914935	0.764620589657	0.776220396327	0.766070565491	0.766070565491	0.778637022716	0.769453842436
AC7	0.619139681005	0.666988883519	0.892218463026	0.657805703238	0.732237796037	0.588690188497	0.724021266312	0.570807153214	0.549057515708	0.652489125181	0.586273562107	0.688255195747	0.678105364911	0.810053165781	0.716771387144	0.630739487675	0.591590140164	0.576123731271	0.806186563557	0.647655872402	0.0	0.362010633156	0.566940550991	0.562107298212	0.823586273562	0.595456742388	0.53697438376	0.509424842919	0.4813919768	0.488641855969	0.563073948768	0.541807636539	0.549057515708	0.595940067666	0.810053165781	0.751087481875	0.633156114065	0.6389560174	0.600773320445	0.728371193813	0.656839052682	0.708554857419	0.704204929918	0.631222812953	0.630739487675	0.616239729338	0.823586273562	0.753020782987	0.805219913001	0.78008699855	0.751087481875	0.783470275495	0.681488641856	0.6805219913	0.695988400193	0.680038666022	0.673755437409	0.778153697438	0.68293861769	0.771870468826	0.625906234896	0.739004349928
AC8	0.563557274045	0.569840502658	0.913484775254	0.623489608507	0.672305461576	0.529724504592	0.695988400193	0.508458192363	0.48380860319	0.596906718221	0.543257612373	0.616239729338	0.590140164331	0.830352827453	0.630256162397	0.56259062349	0.503141614306	0.488641855969	0.836152730788	0.669405509908	0.362010633156	0.0	0.479942000967	0.49540840986	0.838086031899	0.547607539874	0.403093281779	0.374577090382	0.447559207347	0.475108748188	0.518124697922	0.467375543741	0.477042049299	0.515708071532	0.738037699372	0.678588690188	0.560657322378	0.574190430159	0.543740937651	0.653939101015	0.577573707105	0.65973900435	0.652489125181	0.56935717738	0.569840502658	0.55775737071	0.744320927985	0.665538907685	0.73368777187	0.708554857419	0.669405509908	0.702271628806	0.603673272112	0.596423392943	0.60657322378	0.59497341711	0.582890285162	0.695505074915	0.594490091832	0.700338327695	0.543257612373	0.654422426293
AD7	0.589656839053	0.583856935718	0.9584340261	0.660222329628	0.719671338811	0.523441275979	0.700821652972	0.496858385694	0.468342194297	0.606089898502	0.436442725955	0.65732237796	0.588206863219	0.873852102465	0.630256162397	0.574673755437	0.492025132914	0.464475592073	0.93523441276	0.767037216046	0.566940550991	0.479942000967	0.0	0.294345094248	0.90285161914	0.518124697922	0.422426292895	0.447075882069	0.525857902368	0.554857419043	0.50459159014	0.456742387627	0.463992266796	0.522474625423	0.749154180764	0.686805219913	0.522957950701	0.59255679072	0.534557757371	0.667472208797	0.595940067666	0.708554857419	0.697921701305	0.594490091832	0.56259062349	0.552924117931	0.7593040116	0.679072015466	0.748187530208	0.717738037699	0.686805219913	0.709521507975	0.623006283229	0.609956500725	0.619139681005	0.616239729338	0.584823586274	0.709521507975	0.608023199613	0.708554857419	0.564040599323	0.664572257129
AD8	0.579507008217	0.589656839053	0.95360077332	0.645239246013	0.705654905752	0.510874818753	0.68970517158	0.488158530691	0.473175447076	0.591106814886	0.434992750121	0.6389560174	0.602706621556	0.86805219913	0.640889318511	0.566457225713	0.49540840986	0.46979217013	0.920251329145	0.744804253262	0.562107298212	0.49540840986	0.294345094248	0.0	0.855485741904	0.477042049299	0.418076365394	0.451909134848	0.498791686805	0.537457709038	0.494441759304	0.454325761237	0.484291928468	0.533107781537	0.742870952151	0.679072015466	0.507491541808	0.578540357661	0.521024649589	0.653455775737	0.579507008217	0.702271628806	0.690671822136	0.58095698405	0.556790720155	0.542290961817	0.753987433543	0.672788786854	0.741420976317	0.707588206863	0.676172063799	0.70130497825	0.612373127115	0.596906718221	0.614306428226	0.605606573224	0.586756887385	0.704204929918	0.60657322378	0.697438376027	0.559690671822	0.656839052682
AE7	0.829869502175	0.873368777187	0.855969067182	0.798453359111	0.835186080232	0.894151764137	0.917351377477	0.901401643306	0.890285161914	0.910584823586	0.925084581924	0.842919284679	0.881101981634	0.826002899952	0.899951667472	0.849685838569	0.867568873852	0.863218946351	0.742870952151	0.730304494925	0.823586273562	0.838086031899	0.90285161914	0.855485741904	0.0	0.55099081682	0.865152247463	0.861768970517	0.755437409377	0.762203963267	0.838086031899	0.855485741904	0.894635089415	0.904784920251	0.933784436926	0.920734654422	0.918801353311	0.90043499275	0.915901401643	0.876752054132	0.899951667472	0.881101981634	0.873368777187	0.87723537941	0.934267762204	0.925084581924	0.893185113581	0.90285161914	0.918318028033	0.90043499275	0.904301594973	0.895118414693	0.895601739971	0.892701788304	0.906234896085	0.884968583857	0.903334944418	0.887868535524	0.897051715805	0.906718221363	0.91445142581	0.904301594973
AE8	0.580473658772	0.623972933784	0.909134847753	0.638472692122	0.684871918801	0.585790236829	0.691155147414	0.596906718221	0.588690188497	0.617206379894	0.617689705172	0.617206379894	0.62735621073	0.823102948284	0.6805219913	0.588690188497	0.594006766554	0.583856935718	0.828902851619	0.672788786854	0.595456742388	0.547607539874	0.518124697922	0.477042049299	0.55099081682	0.0	0.567423876269	0.561140647656	0.531657805703	0.521024649589	0.567423876269	0.551474142098	0.601256645723	0.602223296278	0.759787336878	0.706138231029	0.619623006283	0.605123247946	0.607056549058	0.65732237796	0.615273078782	0.693088448526	0.675205413243	0.592073465442	0.629772837119	0.619139681005	0.754470758821	0.681971967134	0.753504108265	0.709521507975	0.688255195747	0.71290478492	0.641372643789	0.620589656839	0.653939101015	0.622039632673	0.632189463509	0.707104881585	0.645239246013	0.699855002417	0.608023199613	0.676172063799
AF7	0.549540840986	0.552924117931	0.938617689705	0.640405993233	0.6389560174	0.478492025133	0.698405026583	0.432092798453	0.414209763171	0.591106814886	0.434509424843	0.584823586274	0.548090865152	0.852102464959	0.626872885452	0.555824069599	0.457709038183	0.421942967617	0.886418559691	0.713871435476	0.53697438376	0.403093281779	0.422426292895	0.418076365394	0.865152247463	0.567423876269	0.0	0.315128081199	0.477525374577	0.5186080232	0.485741904302	0.457709038183	0.406476558724	0.468825519575	0.690671822136	0.624456259062	0.452392460126	0.535524407927	0.479942000967	0.633156114065	0.526341227646	0.679555340744	0.670855485742	0.529724504592	0.519574673755	0.501691638473	0.678105364911	0.607539874335	0.680038666022	0.648622522958	0.611889801837	0.639439342678	0.550024166264	0.539874335428	0.550024166264	0.544707588207	0.550507491542	0.636056065732	0.563557274045	0.642822619623	0.488158530691	0.591590140164
AF8	0.552924117931	0.565490575157	0.93281778637	0.632672788787	0.678105364911	0.506524891252	0.691638472692	0.461092315128	0.4398260029	0.583856935718	0.498308361527	0.623006283229	0.581923634606	0.845819236346	0.623006283229	0.552440792653	0.479942000967	0.453842435959	0.874818753021	0.704204929918	0.509424842919	0.374577090382	0.447075882069	0.451909134848	0.861768970517	0.561140647656	0.315128081199	0.0	0.462058965684	0.502658289029	0.516674722088	0.454809086515	0.429676172064	0.49540840986	0.718704688255	0.654905751571	0.510874818753	0.550024166264	0.511841469309	0.634606089899	0.559690671822	0.664088931851	0.655872402127	0.546640889319	0.55099081682	0.53697438376	0.716288061866	0.642822619623	0.717738037699	0.684871918801	0.648622522958	0.674722087965	0.579990333494	0.571290478492	0.583856935718	0.575157080715	0.55775737071	0.669405509908	0.570807153214	0.677622039633	0.517158047366	0.626389560174
AG7	0.574190430159	0.60657322378	0.839052682455	0.550024166264	0.67133881102	0.538424359594	0.697921701305	0.528274528758	0.505558240696	0.591106814886	0.559690671822	0.625422909618	0.605606573224	0.761237312711	0.655389076849	0.581923634606	0.544224262929	0.534074432093	0.730787820203	0.532624456259	0.4813919768	0.447559207347	0.525857902368	0.498791686805	0.755437409377	0.531657805703	0.477525374577	0.462058965684	0.0	0.309328177864	0.547607539874	0.517641372644	0.517641372644	0.556307394877	0.746737554374	0.674238762687	0.553890768487	0.576123731271	0.546157564041	0.642339294345	0.580473658772	0.649589173514	0.635089415176	0.559207346544	0.584340260996	0.574673755437	0.753504108265	0.670372160464	0.73610439826	0.70130497825	0.674722087965	0.710971483809	0.621072982117	0.602706621556	0.627839536008	0.613823102948	0.616723054616	0.704688255196	0.634606089899	0.695505074915	0.579507008217	0.652489125181
AG8	0.579507008217	0.623489608507	0.840985983567	0.58337361044	0.68293861769	0.563073948768	0.699371677139	0.564040599323	0.55099081682	0.610439826003	0.589656839053	0.634122764621	0.622039632673	0.758337361044	0.67133881102	0.594490091832	0.575640405993	0.565973900435	0.717738037699	0.536491058482	0.488641855969	0.475108748188	0.554857419043	0.537457709038	0.762203963267	0.521024649589	0.5186080232	0.502658289029	0.309328177864	0.0	0.56259062349	0.545674238763	0.552440792653	0.58095698405	0.763653939101	0.697438376027	0.593040115998	0.588206863219	0.574673755437	0.658772353794	0.602223296278	0.669405509908	0.657805703238	0.575157080715	0.607539874335	0.602223296278	0.768003866602	0.684388593523	0.746254229096	0.719188013533	0.685838569357	0.720154664089	0.6389560174	0.628806186564	0.652972450459	0.630739487675	0.63653939101	0.712421459642	0.654905751571	0.711454809087	0.602223296278	0.663122281295
AH7	0.590140164331	0.633639439343	0.952150797487	0.690671822136	0.698405026583	0.567907201547	0.720637989367	0.544224262929	0.531174480425	0.644755920735	0.532624456259	0.644272595457	0.638472692122	0.875785403577	0.691638472692	0.586756887385	0.53020782987	0.474142097632	0.88883518608	0.732237796037	0.563073948768	0.518124697922	0.50459159014	0.494441759304	0.838086031899	0.567423876269	0.485741904302	0.516674722088	0.547607539874	0.56259062349	0.0	0.345094248429	0.552440792653	0.617206379894	0.780570323828	0.726437892702	0.55775737071	0.647172547124	0.590140164331	0.673755437409	0.627839536008	0.758337361044	0.750120831319	0.646205896568	0.631706138231	0.618173030449	0.767520541324	0.713388110198	0.774287095215	0.729337844369	0.704688255196	0.732237796037	0.629289511841	0.628322861286	0.641855969067	0.628806186564	0.620106331561	0.724021266312	0.631706138231	0.71532141131	0.605123247946	0.692605123248
AH8	0.571290478492	0.579023682939	0.955534074432	0.646205896568	0.673272112131	0.503141614306	0.697438376027	0.487191880135	0.477042049299	0.596906718221	0.493958434026	0.609956500725	0.574673755437	0.871918801353	0.637506041566	0.548090865152	0.422426292895	0.364427259546	0.905268245529	0.73610439826	0.541807636539	0.467375543741	0.456742387627	0.454325761237	0.855485741904	0.551474142098	0.457709038183	0.454809086515	0.517641372644	0.545674238763	0.345094248429	0.0	0.476075398743	0.536491058482	0.74770420493	0.68293861769	0.521024649589	0.584340260996	0.526341227646	0.621072982117	0.570323827936	0.699855002417	0.698405026583	0.593040115998	0.57177380377	0.554857419043	0.725471242146	0.655872402127	0.721604639923	0.672305461576	0.652489125181	0.681488641856	0.582406959884	0.577090381827	0.585790236829	0.579990333494	0.56259062349	0.676655389077	0.579507008217	0.673272112131	0.543257612373	0.638472692122
AA5	0.581440309328	0.515224746254	0.956500724988	0.633156114065	0.588690188497	0.448525857902	0.635572740454	0.393910101498	0.38666022233	0.525857902368	0.426292895118	0.535524407927	0.535524407927	0.864668922185	0.546157564041	0.542774287095	0.426776220396	0.416143064282	0.916384726921	0.756404059932	0.549057515708	0.477042049299	0.463992266796	0.484291928468	0.894635089415	0.601256645723	0.406476558724	0.429676172064	0.517641372644	0.552440792653	0.552440792653	0.476075398743	0.0	0.343160947318	0.676655389077	0.591106814886	0.470275495408	0.451909134848	0.456742387627	0.560657322378	0.463992266796	0.594006766554	0.591590140164	0.44900918318	0.514258095698	0.482358627356	0.70372160464	0.631222812953	0.667955534074	0.641372643789	0.644755920735	0.673755437409	0.533107781537	0.552924117931	0.57177380377	0.547124214596	0.53020782987	0.657805703238	0.563557274045	0.643305944901	0.498791686805	0.609956500725
AA6	0.580473658772	0.508941517641	0.960367327211	0.639439342678	0.614306428226	0.461575640406	0.659255679072	0.442725954567	0.434509424843	0.54857419043	0.479942000967	0.551474142098	0.531174480425	0.868535524408	0.570807153214	0.540840985984	0.493475108748	0.479942000967	0.935717738038	0.765587240213	0.595940067666	0.515708071532	0.522474625423	0.533107781537	0.904784920251	0.602223296278	0.468825519575	0.49540840986	0.556307394877	0.58095698405	0.617206379894	0.536491058482	0.343160947318	0.0	0.663122281295	0.578057032383	0.514741420976	0.481875302078	0.46302561624	0.593523441276	0.480425326245	0.635572740454	0.627839536008	0.490575157081	0.442725954567	0.415176413726	0.685838569357	0.604639922668	0.653939101015	0.631222812953	0.623006283229	0.651522474625	0.526341227646	0.536007733204	0.550507491542	0.529241179314	0.532141130981	0.6389560174	0.561623972934	0.631222812953	0.497825036249	0.59497341711
AB5	0.740937651039	0.657805703238	0.975833736104	0.719188013533	0.618656355727	0.626389560174	0.742387626873	0.652972450459	0.660705654906	0.687771870469	0.674238762687	0.603673272112	0.663122281295	0.893668438859	0.695021749638	0.697438376027	0.702271628806	0.70130497825	0.945867568874	0.808119864669	0.810053165781	0.738037699372	0.749154180764	0.742870952151	0.933784436926	0.759787336878	0.690671822136	0.718704688255	0.746737554374	0.763653939101	0.780570323828	0.74770420493	0.676655389077	0.663122281295	0.0	0.315128081199	0.60415659739	0.663605606573	0.62735621073	0.636056065732	0.614306428226	0.729337844369	0.729337844369	0.643789270179	0.616723054616	0.611889801837	0.620106331561	0.608506524891	0.612856452392	0.599806669889	0.611406476559	0.606089898502	0.621072982117	0.593040115998	0.607539874335	0.611889801837	0.667472208797	0.589173513775	0.663122281295	0.601256645723	0.665538907685	0.610923151281
AB6	0.6805219913	0.594006766554	0.969550507492	0.661188980184	0.577090381827	0.557274045433	0.679072015466	0.575640405993	0.58337361044	0.612856452392	0.613823102948	0.524891251812	0.608506524891	0.8796520058	0.628806186564	0.635572740454	0.643789270179	0.6389560174	0.938134364427	0.774287095215	0.751087481875	0.678588690188	0.686805219913	0.679072015466	0.920734654422	0.706138231029	0.624456259062	0.654905751571	0.674238762687	0.697438376027	0.726437892702	0.68293861769	0.591106814886	0.578057032383	0.315128081199	0.0	0.553407443209	0.589656839053	0.566457225713	0.564523924601	0.535041082649	0.670855485742	0.671822136298	0.550024166264	0.568390526825	0.560657322378	0.624456259062	0.565973900435	0.596423392943	0.566457225713	0.58095698405	0.586273562107	0.553407443209	0.541324311261	0.5601739971	0.557274045433	0.593523441276	0.569840502658	0.599323344611	0.568390526825	0.614306428226	0.561623972934
AC5	0.619139681005	0.583856935718	0.975350410826	0.667955534074	0.617689705172	0.463992266796	0.6805219913	0.458192363461	0.453359110681	0.575640405993	0.433059449009	0.540840985984	0.56259062349	0.882551957467	0.632672788787	0.591106814886	0.489125181247	0.472692121798	0.948767520541	0.776220396327	0.633156114065	0.560657322378	0.522957950701	0.507491541808	0.918801353311	0.619623006283	0.452392460126	0.510874818753	0.553890768487	0.593040115998	0.55775737071	0.521024649589	0.470275495408	0.514741420976	0.60415659739	0.553407443209	0.0	0.44900918318	0.457709038183	0.605123247946	0.526341227646	0.686805219913	0.677622039633	0.53020782987	0.474142097632	0.456742387627	0.610439826003	0.544224262929	0.605123247946	0.572740454326	0.555340744321	0.579023682939	0.528757854036	0.481875302078	0.507491541808	0.496858385694	0.581440309328	0.570807153214	0.597390043499	0.567423876269	0.521991300145	0.531657805703
AC6	0.61333977767	0.51377477042	0.952634122765	0.633156114065	0.578540357661	0.505558240696	0.548090865152	0.489608506525	0.51377477042	0.452875785404	0.543740937651	0.526341227646	0.548090865152	0.854519091348	0.538424359594	0.559690671822	0.54857419043	0.549057515708	0.915418076365	0.750604156597	0.6389560174	0.574190430159	0.59255679072	0.578540357661	0.90043499275	0.605123247946	0.535524407927	0.550024166264	0.576123731271	0.588206863219	0.647172547124	0.584340260996	0.451909134848	0.481875302078	0.663605606573	0.589656839053	0.44900918318	0.0	0.507491541808	0.533591106815	0.4813919768	0.464958917351	0.453842435959	0.404543257612	0.55775737071	0.537457709038	0.679072015466	0.611406476559	0.652972450459	0.629772837119	0.626389560174	0.656355727405	0.561140647656	0.566457225713	0.593040115998	0.55775737071	0.542774287095	0.639922667956	0.57177380377	0.626872885452	0.537941034316	0.608506524891
AD6	0.59255679072	0.537941034316	0.974867085549	0.620589656839	0.584823586274	0.39584340261	0.635089415176	0.429192846786	0.423876268729	0.537457709038	0.439342677622	0.526341227646	0.512808119865	0.878685355244	0.580473658772	0.53939101015	0.478008699855	0.464475592073	0.950217496375	0.774287095215	0.600773320445	0.543740937651	0.534557757371	0.521024649589	0.915901401643	0.607056549058	0.479942000967	0.511841469309	0.546157564041	0.574673755437	0.590140164331	0.526341227646	0.456742387627	0.46302561624	0.62735621073	0.566457225713	0.457709038183	0.507491541808	0.0	0.55099081682	0.396810053166	0.671822136298	0.666988883519	0.516674722088	0.473658772354	0.460125664572	0.616239729338	0.544224262929	0.602223296278	0.564040599323	0.561623972934	0.585306911551	0.475108748188	0.468825519575	0.502658289029	0.46060898985	0.529241179314	0.572740454326	0.547607539874	0.572257129048	0.462058965684	0.534557757371
AE5	0.628806186564	0.549057515708	0.974867085549	0.634122764621	0.554374093765	0.562107298212	0.595940067666	0.567907201547	0.608023199613	0.534557757371	0.625422909618	0.511841469309	0.585306911551	0.880135331078	0.54857419043	0.569840502658	0.611889801837	0.608506524891	0.923151280812	0.753504108265	0.728371193813	0.653939101015	0.667472208797	0.653455775737	0.876752054132	0.65732237796	0.633156114065	0.634606089899	0.642339294345	0.658772353794	0.673755437409	0.621072982117	0.560657322378	0.593523441276	0.636056065732	0.564523924601	0.605123247946	0.533591106815	0.55099081682	0.0	0.383276945384	0.593523441276	0.60415659739	0.527307878202	0.637506041566	0.632189463509	0.661672305462	0.602223296278	0.645239246013	0.614306428226	0.633156114065	0.642822619623	0.554374093765	0.579990333494	0.603189946834	0.567423876269	0.559207346544	0.619623006283	0.573223779604	0.612856452392	0.579990333494	0.596906718221
AE6	0.594006766554	0.494441759304	0.973417109715	0.620589656839	0.547124214596	0.467375543741	0.577090381827	0.46060898985	0.49540840986	0.495891735138	0.519574673755	0.489608506525	0.508941517641	0.878202029966	0.537457709038	0.528274528758	0.526341227646	0.520541324311	0.936684388594	0.759787336878	0.656839052682	0.577573707105	0.595940067666	0.579507008217	0.899951667472	0.615273078782	0.526341227646	0.559690671822	0.580473658772	0.602223296278	0.627839536008	0.570323827936	0.463992266796	0.480425326245	0.614306428226	0.535041082649	0.526341227646	0.4813919768	0.396810053166	0.383276945384	0.0	0.619623006283	0.612856452392	0.466408893185	0.52779120348	0.519574673755	0.6389560174	0.571290478492	0.605123247946	0.586756887385	0.590140164331	0.616239729338	0.489125181247	0.489608506525	0.522957950701	0.492025132914	0.501208313195	0.599323344611	0.525857902368	0.58095698405	0.491541807637	0.565490575157
AF5	0.695505074915	0.609956500725	0.936201063316	0.657805703238	0.652005799903	0.664088931851	0.551957467376	0.630739487675	0.65732237796	0.553407443209	0.693088448526	0.608989850169	0.650072498792	0.84485258579	0.574673755437	0.657805703238	0.693088448526	0.696955050749	0.872402126631	0.729821169647	0.708554857419	0.65973900435	0.708554857419	0.702271628806	0.881101981634	0.693088448526	0.679555340744	0.664088931851	0.649589173514	0.669405509908	0.758337361044	0.699855002417	0.594006766554	0.635572740454	0.729337844369	0.670855485742	0.686805219913	0.464958917351	0.671822136298	0.593523441276	0.619623006283	0.0	0.274045432576	0.518124697922	0.706621556307	0.69453842436	0.755437409377	0.696955050749	0.730787820203	0.705654905752	0.716771387144	0.744320927985	0.671822136298	0.693088448526	0.706138231029	0.6805219913	0.647172547124	0.724021266312	0.662638956017	0.695505074915	0.693571773804	0.699371677139
AF6	0.688738521025	0.603673272112	0.93281778637	0.663605606573	0.662155630739	0.661188980184	0.544224262929	0.621072982117	0.650072498792	0.546157564041	0.689221846303	0.608506524891	0.646205896568	0.840502658289	0.568873852102	0.652972450459	0.69453842436	0.695988400193	0.876268728855	0.722087965201	0.704204929918	0.652489125181	0.697921701305	0.690671822136	0.873368777187	0.675205413243	0.670855485742	0.655872402127	0.635089415176	0.657805703238	0.750120831319	0.698405026583	0.591590140164	0.627839536008	0.729337844369	0.671822136298	0.677622039633	0.453842435959	0.666988883519	0.60415659739	0.612856452392	0.274045432576	0.0	0.514258095698	0.700821652972	0.685838569357	0.760753987434	0.695021749638	0.728371193813	0.700821652972	0.702271628806	0.733204446593	0.67133881102	0.692605123248	0.701788303528	0.6805219913	0.640405993233	0.720637989367	0.649589173514	0.693088448526	0.692605123248	0.695021749638
