	AA3	AA4	AB3	AB4	AC3	AC4	AD3	AD4	AE3	AE4	AF3	AF4	AG3	AG4	AH3	AH4	AA7	AA8	AB7	AB8	AC7	AC8	AD7	AD8	AE7	AE8	AF7	AF8	AG7	AG8	AH7	AH8	AA5	AA6	AB5	AB6	AC5	AC6	AD6	AE5	AE6	AF5	AF6	AG5	AH5	AH6	AA1	AA2	AB1	AB2	AC1	AC2	AD1	AD2	AE1	AE2	AF1	AF2	AG1	AG2	AH1	AH2
AA3	0.0	0.491541807637	0.922184630256	0.619623006283	0.667472208797	0.59497341711	0.674238762687	0.592073465442	0.578057032383	0.626872885452	0.620589656839	0.608506524891	0.589656839053	0.843402609957	0.633156114065	0.333977767037	0.587723537941	0.584823586274	0.855485741904	0.688738521025	0.619623006283	0.566940550991	0.607056549058	0.596423392943	0.823586273562	0.584340260996	0.575157080715	0.559690671822	0.594490091832	0.584340260996	0.592073465442	0.565490575157	0.595940067666	0.603673272112	0.750604156597	0.683421942968	0.623972933784	0.637989366844	0.615273078782	0.607056549058	0.608989850169	0.716771387144	0.683421942968	0.61575640406	0.632672788787	0.609473175447	0.681005316578	0.645239246013	0.723537941034	0.658289028516	0.635089415176	0.660705654906	0.579507008217	0.573707104882	0.581923634606	0.572257129048	0.574673755437	0.667472208797	0.579990333494	0.652972450459	0.587240212663	0.649589173514
AA4	0.491541807637	0.0	0.940550990817	0.574190430159	0.584823586274	0.508941517641	0.594006766554	0.505558240696	0.517641372644	0.514741420976	0.559690671822	0.534074432093	0.487675205413	0.861768970517	0.362977283712	0.375543740938	0.550507491542	0.540840985984	0.893668438859	0.710004833253	0.656355727405	0.576123731271	0.591590140164	0.583856935718	0.870952150797	0.618173030449	0.550507491542	0.545674238763	0.59497341711	0.618656355727	0.633639439343	0.577573707105	0.506041565974	0.516674722088	0.670855485742	0.597873368777	0.594006766554	0.531657805703	0.540357660706	0.5186080232	0.482841952634	0.62493958434	0.590623489609	0.536491058482	0.598840019333	0.576123731271	0.649105848236	0.584823586274	0.637022716288	0.59255679072	0.598356694055	0.634122764621	0.52779120348	0.530691155147	0.537457709038	0.536007733204	0.498791686805	0.623006283229	0.519091348478	0.589173513775	0.53697438376	0.584823586274
AB3	0.922184630256	0.940550990817	0.0	0.6805219913	0.915418076365	0.951184146931	0.950217496375	0.934267762204	0.93281778637	0.94441759304	0.96520057999	0.927501208313	0.9584340261	0.333011116481	0.95360077332	0.93523441276	0.969550507492	0.963750604157	0.728371193813	0.748187530208	0.88883518608	0.897051715805	0.954084098598	0.950700821653	0.849202513291	0.896568390527	0.933301111648	0.91203479942	0.832769453842	0.831802803287	0.947317544708	0.943934267762	0.952150797487	0.957467375544	0.965683905268	0.956500724988	0.969067182214	0.947317544708	0.966650555824	0.966650555824	0.966167230546	0.922184630256	0.931367810536	0.936201063316	0.971000483325	0.96520057999	0.967133881102	0.96520057999	0.964717254712	0.969067182214	0.967133881102	0.965683905268	0.968100531658	0.968583856936	0.972450459159	0.969067182214	0.966650555824	0.964717254712	0.964233929435	0.968583856936	0.966167230546	0.966650555824
AB4	0.619623006283	0.574190430159	0.6805219913	0.0	0.6389560174	0.603673272112	0.680038666022	0.60657322378	0.60657322378	0.617689705172	0.635089415176	0.603673272112	0.485258579024	0.572257129048	0.60657322378	0.590623489609	0.637022716288	0.626389560174	0.719188013533	0.553890768487	0.655389076849	0.605123247946	0.652972450459	0.639439342678	0.784436926051	0.630256162397	0.63653939101	0.612856452392	0.540357660706	0.589173513775	0.6805219913	0.631222812953	0.623489608507	0.64572257129	0.728371193813	0.667472208797	0.666505558241	0.63653939101	0.625906234896	0.619623006283	0.608023199613	0.654905751571	0.649105848236	0.630256162397	0.675688738521	0.66892218463	0.702271628806	0.662155630739	0.709521507975	0.660222329628	0.667955534074	0.680038666022	0.625422909618	0.633156114065	0.647172547124	0.63653939101	0.623972933784	0.674238762687	0.628322861286	0.65732237796	0.642339294345	0.66892218463
AC3	0.667472208797	0.584823586274	0.915418076365	0.6389560174	0.0	0.499758337361	0.639922667956	0.545674238763	0.573707104882	0.593523441276	0.614789753504	0.318028032866	0.616239729338	0.840019333011	0.599323344611	0.609956500725	0.621556307395	0.608023199613	0.864668922185	0.750604156597	0.737071048816	0.681005316578	0.729337844369	0.71290478492	0.828902851619	0.672788786854	0.663605606573	0.670372160464	0.681971967134	0.697921701305	0.713388110198	0.672305461576	0.612373127115	0.624456259062	0.621556307395	0.573707104882	0.629772837119	0.587723537941	0.578057032383	0.559690671822	0.562107298212	0.649589173514	0.640405993233	0.584823586274	0.644755920735	0.643789270179	0.588690188497	0.588690188497	0.581440309328	0.565007249879	0.601739971	0.587723537941	0.540840985984	0.576607056549	0.589173513775	0.572257129048	0.622039632673	0.578540357661	0.625906234896	0.581923634606	0.622039632673	0.583856935718
AC4	0.59497341711	0.508941517641	0.951184146931	0.603673272112	0.499758337361	0.0	0.621072982117	0.410826486225	0.424842919285	0.516674722088	0.340744320928	0.413726437893	0.522957950701	0.872402126631	0.564523924601	0.526341227646	0.478492025133	0.473658772354	0.92363460609	0.740454325761	0.601739971	0.538424359594	0.545674238763	0.531174480425	0.890768487192	0.589656839053	0.50700821653	0.520057999033	0.552440792653	0.57177380377	0.591106814886	0.529241179314	0.467375543741	0.470758820686	0.641372643789	0.557274045433	0.487675205413	0.529241179314	0.431609473175	0.537457709038	0.483325277912	0.674238762687	0.647172547124	0.519574673755	0.497825036249	0.479942000967	0.625422909618	0.570807153214	0.599806669889	0.566940550991	0.572257129048	0.611406476559	0.493475108748	0.496858385694	0.50459159014	0.496858385694	0.536491058482	0.593523441276	0.555340744321	0.563073948768	0.470758820686	0.565973900435
AD3	0.674238762687	0.594006766554	0.950217496375	0.680038666022	0.639922667956	0.621072982117	0.0	0.527307878202	0.641855969067	0.359594006767	0.664088931851	0.608989850169	0.638472692122	0.874818753021	0.576607056549	0.634606089899	0.677138714355	0.675205413243	0.936201063316	0.758820686322	0.709521507975	0.687288545191	0.687771870469	0.683905268246	0.912518124698	0.690188496858	0.696471725471	0.688738521025	0.678588690188	0.680038666022	0.714838086032	0.681971967134	0.616723054616	0.650072498792	0.740937651039	0.674722087965	0.676172063799	0.532624456259	0.620106331561	0.59255679072	0.56935717738	0.568390526825	0.54857419043	0.547607539874	0.696471725471	0.689221846303	0.759787336878	0.699855002417	0.731271145481	0.705171580474	0.699371677139	0.72692121798	0.644755920735	0.650072498792	0.664572257129	0.651522474625	0.623972933784	0.716771387144	0.637022716288	0.708071532141	0.677622039633	0.703238279362
AD4	0.592073465442	0.505558240696	0.934267762204	0.60657322378	0.545674238763	0.410826486225	0.527307878202	0.0	0.321411309812	0.400676655389	0.420009666506	0.483325277912	0.52537457709	0.860318994683	0.543257612373	0.523924601257	0.462058965684	0.453359110681	0.927017883035	0.74770420493	0.556307394877	0.493475108748	0.499275012083	0.482841952634	0.892218463026	0.587240212663	0.459642339294	0.465925567907	0.505074915418	0.555824069599	0.557274045433	0.496858385694	0.394876752054	0.44224262929	0.651039149348	0.56935717738	0.458192363461	0.496375060416	0.440309328178	0.542290961817	0.478492025133	0.641372643789	0.60657322378	0.478492025133	0.507974867086	0.477042049299	0.646205896568	0.599323344611	0.631222812953	0.602223296278	0.600773320445	0.631706138231	0.505074915418	0.510874818753	0.521991300145	0.526824552924	0.534557757371	0.62493958434	0.551957467376	0.603673272112	0.500724987917	0.605606573224
AE3	0.578057032383	0.517641372644	0.93281778637	0.60657322378	0.573707104882	0.424842919285	0.641855969067	0.321411309812	0.0	0.511358144031	0.402126631223	0.510874818753	0.513291445143	0.859352344128	0.554857419043	0.521507974867	0.432576123731	0.421942967617	0.922667955534	0.744804253262	0.547607539874	0.478975350411	0.479942000967	0.470275495408	0.892218463026	0.589656839053	0.427742870952	0.441759304012	0.490575157081	0.54857419043	0.544224262929	0.496375060416	0.397776703722	0.452392460126	0.667472208797	0.598840019333	0.445142580957	0.542774287095	0.442725954567	0.597390043499	0.534074432093	0.684388593523	0.649589173514	0.527307878202	0.505558240696	0.466408893185	0.643789270179	0.590140164331	0.635572740454	0.605123247946	0.587240212663	0.629289511841	0.515708071532	0.513291445143	0.519091348478	0.526824552924	0.543257612373	0.621556307395	0.564040599323	0.599806669889	0.488158530691	0.59497341711
AE4	0.626872885452	0.514741420976	0.94441759304	0.617689705172	0.593523441276	0.516674722088	0.359594006767	0.400676655389	0.511358144031	0.0	0.567423876269	0.545674238763	0.575157080715	0.867568873852	0.522957950701	0.55775737071	0.58095698405	0.578540357661	0.938134364427	0.75688738521	0.653939101015	0.591590140164	0.596906718221	0.586273562107	0.907684871919	0.627839536008	0.586756887385	0.579990333494	0.581440309328	0.61575640406	0.645239246013	0.59497341711	0.521024649589	0.553890768487	0.702754954084	0.631222812953	0.583856935718	0.474142097632	0.530691155147	0.531174480425	0.505074915418	0.583856935718	0.543257612373	0.495891735138	0.601256645723	0.596423392943	0.706138231029	0.643789270179	0.688255195747	0.666022232963	0.655872402127	0.685838569357	0.581440309328	0.58095698405	0.586756887385	0.586756887385	0.564040599323	0.67133881102	0.577090381827	0.666505558241	0.585790236829	0.659255679072
AF3	0.620589656839	0.559690671822	0.96520057999	0.635089415176	0.614789753504	0.340744320928	0.664088931851	0.420009666506	0.402126631223	0.567423876269	0.0	0.52779120348	0.535524407927	0.887868535524	0.596423392943	0.563073948768	0.441759304012	0.429192846786	0.954084098598	0.771387143548	0.582406959884	0.534557757371	0.441275978734	0.427742870952	0.913968100532	0.611406476559	0.436442725955	0.49540840986	0.529724504592	0.586756887385	0.527307878202	0.510391493475	0.432576123731	0.48380860319	0.679072015466	0.610923151281	0.41904301595	0.561623972934	0.454809086515	0.603673272112	0.539874335428	0.707588206863	0.680038666022	0.542774287095	0.511841469309	0.48380860319	0.660705654906	0.605606573224	0.658772353794	0.60415659739	0.60415659739	0.644272595457	0.544224262929	0.522474625423	0.535041082649	0.530691155147	0.569840502658	0.632672788787	0.58337361044	0.598356694055	0.492508458192	0.605123247946
AF4	0.608506524891	0.534074432093	0.927501208313	0.603673272112	0.318028032866	0.413726437893	0.608989850169	0.483325277912	0.510874818753	0.545674238763	0.52779120348	0.0	0.55775737071	0.851619139681	0.55775737071	0.55099081682	0.556790720155	0.543257612373	0.879168680522	0.714354760754	0.695988400193	0.637506041566	0.664572257129	0.646205896568	0.839536007733	0.620589656839	0.604639922668	0.614789753504	0.629289511841	0.646689221846	0.65732237796	0.613823102948	0.548090865152	0.56259062349	0.619623006283	0.53020782987	0.563073948768	0.54857419043	0.512324794587	0.512324794587	0.510391493475	0.628322861286	0.604639922668	0.540357660706	0.579990333494	0.575157080715	0.577090381827	0.532141130981	0.572257129048	0.527307878202	0.543257612373	0.560657322378	0.478975350411	0.503624939584	0.527307878202	0.511358144031	0.5601739971	0.543257612373	0.565490575157	0.536491058482	0.565490575157	0.535041082649
AG3	0.589656839053	0.487675205413	0.9584340261	0.485258579024	0.616239729338	0.522957950701	0.638472692122	0.52537457709	0.513291445143	0.575157080715	0.535524407927	0.55775737071	0.0	0.852102464959	0.514741420976	0.537941034316	0.512808119865	0.499275012083	0.937167713871	0.751087481875	0.67133881102	0.605606573224	0.60415659739	0.59497341711	0.894151764137	0.642822619623	0.550507491542	0.577573707105	0.617206379894	0.639922667956	0.649589173514	0.582406959884	0.524407926535	0.521024649589	0.666022232963	0.609473175447	0.569840502658	0.566940550991	0.521507974867	0.565007249879	0.522474625423	0.673272112131	0.642339294345	0.555824069599	0.579507008217	0.561140647656	0.625422909618	0.572740454326	0.630739487675	0.594006766554	0.58095698405	0.599806669889	0.520057999033	0.524407926535	0.544224262929	0.531657805703	0.539874335428	0.609473175447	0.559207346544	0.596423392943	0.518124697922	0.591590140164
AG4	0.843402609957	0.861768970517	0.333011116481	0.572257129048	0.840019333011	0.872402126631	0.874818753021	0.860318994683	0.859352344128	0.867568873852	0.887868535524	0.851619139681	0.852102464959	0.0	0.875302078299	0.854519091348	0.897535041083	0.895118414693	0.710488158531	0.681488641856	0.822136297728	0.830836152731	0.882068632189	0.880135331078	0.82406959884	0.829386176897	0.864185596907	0.845819236346	0.763170613823	0.752537457709	0.885935234413	0.871435476075	0.881101981634	0.885935234413	0.903818269696	0.887385210246	0.889801836636	0.868535524408	0.892218463026	0.885451909135	0.885935234413	0.851135814403	0.85645239246	0.86805219913	0.898501691638	0.894635089415	0.88883518608	0.890768487192	0.89125181247	0.889318511358	0.890768487192	0.886901884969	0.893185113581	0.890768487192	0.897535041083	0.891735137748	0.893185113581	0.888351860802	0.88883518608	0.88883518608	0.895118414693	0.893185113581
AH3	0.633156114065	0.362977283712	0.95360077332	0.60657322378	0.599323344611	0.564523924601	0.576607056549	0.543257612373	0.554857419043	0.522957950701	0.596423392943	0.55775737071	0.514741420976	0.875302078299	0.0	0.514741420976	0.608506524891	0.596906718221	0.923151280812	0.741420976317	0.692605123248	0.62493958434	0.631222812953	0.62735621073	0.899468342194	0.676655389077	0.620106331561	0.619623006283	0.643305944901	0.669405509908	0.680038666022	0.628806186564	0.537941034316	0.579023682939	0.700821652972	0.630256162397	0.634606089899	0.544224262929	0.583856935718	0.550507491542	0.535041082649	0.595456742388	0.566457225713	0.553407443209	0.644272595457	0.626872885452	0.694055099082	0.613823102948	0.64813919768	0.633156114065	0.629289511841	0.657805703238	0.579507008217	0.577090381827	0.578540357661	0.589173513775	0.553407443209	0.654905751571	0.553890768487	0.632672788787	0.573707104882	0.612373127115
AH4	0.333977767037	0.375543740938	0.93523441276	0.590623489609	0.609956500725	0.526341227646	0.634606089899	0.523924601257	0.521507974867	0.55775737071	0.563073948768	0.55099081682	0.537941034316	0.854519091348	0.514741420976	0.0	0.52537457709	0.532141130981	0.874335427743	0.703238279362	0.620106331561	0.543257612373	0.569840502658	0.559207346544	0.853069115515	0.587723537941	0.543257612373	0.53020782987	0.567423876269	0.589656839053	0.590623489609	0.53939101015	0.530691155147	0.536007733204	0.710004833253	0.642339294345	0.578057032383	0.577573707105	0.543740937651	0.555824069599	0.534074432093	0.678105364911	0.642822619623	0.564040599323	0.594490091832	0.570807153214	0.652005799903	0.60415659739	0.670372160464	0.613823102948	0.60657322378	0.634606089899	0.533107781537	0.526824552924	0.529724504592	0.533107781537	0.511841469309	0.631706138231	0.523924601257	0.612856452392	0.534074432093	0.598840019333
AA7	0.587723537941	0.550507491542	0.969550507492	0.637022716288	0.621556307395	0.478492025133	0.677138714355	0.462058965684	0.432576123731	0.58095698405	0.441759304012	0.556790720155	0.512808119865	0.897535041083	0.608506524891	0.52537457709	0.0	0.275012083132	0.915901401643	0.750120831319	0.582890285162	0.519574673755	0.489608506525	0.485258579024	0.875785403577	0.586273562107	0.434026099565	0.460125664572	0.522957950701	0.576123731271	0.522957950701	0.441275978734	0.415176413726	0.458192363461	0.696955050749	0.635089415176	0.46979217013	0.569840502658	0.484291928468	0.594490091832	0.540357660706	0.717254712421	0.68293861769	0.564040599323	0.529241179314	0.491541807637	0.652972450459	0.596423392943	0.662638956017	0.624456259062	0.586273562107	0.628322861286	0.517158047366	0.517641372644	0.522957950701	0.520057999033	0.540840985984	0.61333977767	0.551957467376	0.618173030449	0.488158530691	0.601256645723
AA8	0.584823586274	0.540840985984	0.963750604157	0.626389560174	0.608023199613	0.473658772354	0.675205413243	0.453359110681	0.421942967617	0.578540357661	0.429192846786	0.543257612373	0.499275012083	0.895118414693	0.596906718221	0.532141130981	0.275012083132	0.0	0.916384726921	0.745770903818	0.575640405993	0.50700821653	0.483325277912	0.476075398743	0.859352344128	0.570807153214	0.431609473175	0.450459159014	0.514258095698	0.571290478492	0.489608506525	0.401159980667	0.418076365394	0.466892218463	0.698888351861	0.637506041566	0.468825519575	0.573707104882	0.477042049299	0.595940067666	0.540357660706	0.720637989367	0.681971967134	0.556790720155	0.521991300145	0.491541807637	0.632672788787	0.58337361044	0.652972450459	0.609473175447	0.573707104882	0.605123247946	0.505074915418	0.506041565974	0.516674722088	0.505558240696	0.53697438376	0.603673272112	0.54857419043	0.608023199613	0.481875302078	0.59255679072
AB7	0.855485741904	0.893668438859	0.728371193813	0.719188013533	0.864668922185	0.92363460609	0.936201063316	0.927017883035	0.922667955534	0.938134364427	0.954084098598	0.879168680522	0.937167713871	0.710488158531	0.923151280812	0.874335427743	0.915901401643	0.916384726921	0.0	0.415659739004	0.822136297728	0.836636056066	0.933301111648	0.928951184147	0.736587723538	0.818753020783	0.892218463026	0.85645239246	0.736587723538	0.702754954084	0.881101981634	0.893185113581	0.926534557757	0.937651039149	0.938134364427	0.934267762204	0.948767520541	0.914934751087	0.949734171097	0.927984533591	0.930884485259	0.869502174964	0.887385210246	0.911068148864	0.957467375544	0.94441759304	0.924117931368	0.925084581924	0.927984533591	0.930401159981	0.927017883035	0.917834702755	0.913484775254	0.919284678589	0.917834702755	0.910584823586	0.922184630256	0.909134847753	0.915418076365	0.92363460609	0.946350894152	0.926534557757
AB8	0.688738521025	0.710004833253	0.748187530208	0.553890768487	0.750604156597	0.740454325761	0.758820686322	0.74770420493	0.744804253262	0.75688738521	0.771387143548	0.714354760754	0.751087481875	0.681488641856	0.741420976317	0.703238279362	0.750120831319	0.745770903818	0.415659739004	0.0	0.645239246013	0.657805703238	0.742870952151	0.73852102465	0.729821169647	0.64813919768	0.708071532141	0.667955534074	0.536491058482	0.533107781537	0.718704688255	0.718221362977	0.749637506042	0.753504108265	0.81246979217	0.760753987434	0.765587240213	0.731271145481	0.759787336878	0.747220879652	0.744320927985	0.707588206863	0.710004833253	0.728371193813	0.776220396327	0.768970517158	0.812953117448	0.753020782987	0.792653455776	0.772353794103	0.762203963267	0.784920251329	0.749154180764	0.74528757854	0.744804253262	0.739971000483	0.74770420493	0.777187046883	0.742870952151	0.759787336878	0.761720637989	0.754470758821
AC7	0.619623006283	0.656355727405	0.88883518608	0.655389076849	0.737071048816	0.601739971	0.709521507975	0.556307394877	0.547607539874	0.653939101015	0.582406959884	0.695988400193	0.67133881102	0.822136297728	0.692605123248	0.620106331561	0.582890285162	0.575640405993	0.822136297728	0.645239246013	0.0	0.357177380377	0.5601739971	0.558724021266	0.82648622523	0.591106814886	0.539874335428	0.488641855969	0.478008699855	0.495891735138	0.567423876269	0.541324311261	0.553407443209	0.595940067666	0.817786370227	0.751087481875	0.632672788787	0.655389076849	0.620589656839	0.708554857419	0.680038666022	0.725471242146	0.700338327695	0.635089415176	0.640405993233	0.601256645723	0.808119864669	0.753020782987	0.804736587724	0.775737071049	0.740454325761	0.783953600773	0.688255195747	0.673755437409	0.677622039633	0.677138714355	0.667955534074	0.782020299662	0.673272112131	0.766070565491	0.614306428226	0.757854035766
AC8	0.566940550991	0.576123731271	0.897051715805	0.605123247946	0.681005316578	0.538424359594	0.687288545191	0.493475108748	0.478975350411	0.591590140164	0.534557757371	0.637506041566	0.605606573224	0.830836152731	0.62493958434	0.543257612373	0.519574673755	0.50700821653	0.836636056066	0.657805703238	0.357177380377	0.0	0.492025132914	0.488641855969	0.830352827453	0.54857419043	0.402126631223	0.354760753987	0.443692605123	0.477042049299	0.535041082649	0.474142097632	0.487675205413	0.523924601257	0.739004349928	0.673755437409	0.564040599323	0.592073465442	0.552440792653	0.632672788787	0.602706621556	0.671822136298	0.642339294345	0.568390526825	0.577573707105	0.528757854036	0.725954567424	0.665055582407	0.731271145481	0.704688255196	0.662155630739	0.698888351861	0.604639922668	0.59255679072	0.596423392943	0.597390043499	0.581440309328	0.695988400193	0.592073465442	0.690671822136	0.536491058482	0.670855485742
AD7	0.607056549058	0.591590140164	0.954084098598	0.652972450459	0.729337844369	0.545674238763	0.687771870469	0.499275012083	0.479942000967	0.596906718221	0.441275978734	0.664572257129	0.60415659739	0.882068632189	0.631222812953	0.569840502658	0.489608506525	0.483325277912	0.933301111648	0.742870952151	0.5601739971	0.492025132914	0.0	0.266795553407	0.899468342194	0.521507974867	0.429676172064	0.468342194297	0.495891735138	0.552440792653	0.508458192363	0.480908651522	0.473658772354	0.536007733204	0.7593040116	0.691638472692	0.506524891252	0.599806669889	0.553407443209	0.644755920735	0.611406476559	0.715804736588	0.684388593523	0.583856935718	0.573223779604	0.537941034316	0.740454325761	0.679072015466	0.740454325761	0.705654905752	0.671822136298	0.70372160464	0.618656355727	0.609956500725	0.60415659739	0.619139681005	0.591590140164	0.704688255196	0.602223296278	0.699371677139	0.55775737071	0.681971967134
AD8	0.596423392943	0.583856935718	0.950700821653	0.639439342678	0.71290478492	0.531174480425	0.683905268246	0.482841952634	0.470275495408	0.586273562107	0.427742870952	0.646205896568	0.59497341711	0.880135331078	0.62735621073	0.559207346544	0.485258579024	0.476075398743	0.928951184147	0.73852102465	0.558724021266	0.488641855969	0.266795553407	0.0	0.866602223296	0.494925084582	0.420492991783	0.457225712905	0.478975350411	0.538424359594	0.501208313195	0.470758820686	0.473175447076	0.535524407927	0.749637506042	0.680038666022	0.494441759304	0.597873368777	0.546640889319	0.626872885452	0.595456742388	0.71532141131	0.686805219913	0.576607056549	0.563557274045	0.535524407927	0.730304494925	0.67133881102	0.734654422426	0.696471725471	0.658772353794	0.695021749638	0.607056549058	0.597390043499	0.59497341711	0.608506524891	0.590140164331	0.696471725471	0.600289995167	0.685838569357	0.553407443209	0.674722087965
AE7	0.823586273562	0.870952150797	0.849202513291	0.784436926051	0.828902851619	0.890768487192	0.912518124698	0.892218463026	0.892218463026	0.907684871919	0.913968100532	0.839536007733	0.894151764137	0.82406959884	0.899468342194	0.853069115515	0.875785403577	0.859352344128	0.736587723538	0.729821169647	0.82648622523	0.830352827453	0.899468342194	0.866602223296	0.0	0.547124214596	0.873368777187	0.842435959401	0.765103914935	0.772353794103	0.836636056066	0.840985983567	0.901401643306	0.906234896085	0.922667955534	0.914934751087	0.919768003867	0.901884968584	0.913001449976	0.881101981634	0.902368293862	0.86563557274	0.875785403577	0.881585306912	0.933301111648	0.924117931368	0.88883518608	0.90043499275	0.904301594973	0.902368293862	0.901884968584	0.895601739971	0.88883518608	0.895601739971	0.906718221363	0.885935234413	0.903818269696	0.886418559691	0.899951667472	0.898501691638	0.912518124698	0.906234896085
AE8	0.584340260996	0.618173030449	0.896568390527	0.630256162397	0.672788786854	0.589656839053	0.690188496858	0.587240212663	0.589656839053	0.627839536008	0.611406476559	0.620589656839	0.642822619623	0.829386176897	0.676655389077	0.587723537941	0.586273562107	0.570807153214	0.818753020783	0.64813919768	0.591106814886	0.54857419043	0.521507974867	0.494925084582	0.547124214596	0.0	0.575640405993	0.543740937651	0.523924601257	0.51377477042	0.559690671822	0.544224262929	0.602706621556	0.602706621556	0.766553890768	0.702754954084	0.616239729338	0.620589656839	0.611889801837	0.645239246013	0.637506041566	0.697438376027	0.677622039633	0.608989850169	0.628322861286	0.623489608507	0.739004349928	0.676172063799	0.754954084099	0.710004833253	0.683421942968	0.715804736588	0.642339294345	0.627839536008	0.635089415176	0.627839536008	0.637989366844	0.706138231029	0.64813919768	0.70372160464	0.610923151281	0.687771870469
AF7	0.575157080715	0.550507491542	0.933301111648	0.63653939101	0.663605606573	0.50700821653	0.696471725471	0.459642339294	0.427742870952	0.586756887385	0.436442725955	0.604639922668	0.550507491542	0.864185596907	0.620106331561	0.543257612373	0.434026099565	0.431609473175	0.892218463026	0.708071532141	0.539874335428	0.402126631223	0.429676172064	0.420492991783	0.873368777187	0.575640405993	0.0	0.309811503142	0.466892218463	0.514741420976	0.48622522958	0.480908651522	0.419526341228	0.476075398743	0.705171580474	0.634122764621	0.45142580957	0.5601739971	0.501208313195	0.611889801837	0.548090865152	0.692605123248	0.65732237796	0.535041082649	0.52779120348	0.484775253746	0.670855485742	0.615273078782	0.69212179797	0.661188980184	0.61333977767	0.647172547124	0.557274045433	0.546157564041	0.546157564041	0.555824069599	0.55775737071	0.643305944901	0.570323827936	0.646205896568	0.492025132914	0.621556307395
AF8	0.559690671822	0.545674238763	0.91203479942	0.612856452392	0.670372160464	0.520057999033	0.688738521025	0.465925567907	0.441759304012	0.579990333494	0.49540840986	0.614789753504	0.577573707105	0.845819236346	0.619623006283	0.53020782987	0.460125664572	0.450459159014	0.85645239246	0.667955534074	0.488641855969	0.354760753987	0.468342194297	0.457225712905	0.842435959401	0.543740937651	0.309811503142	0.0	0.438859352344	0.485741904302	0.508458192363	0.459159014016	0.441759304012	0.50700821653	0.727404543258	0.659255679072	0.509424842919	0.57177380377	0.526341227646	0.602223296278	0.568390526825	0.670855485742	0.635572740454	0.545190913485	0.558240695988	0.51377477042	0.695021749638	0.638472692122	0.705654905752	0.676172063799	0.634606089899	0.669888835186	0.570323827936	0.561140647656	0.561140647656	0.570807153214	0.555824069599	0.669888835186	0.567907201547	0.666988883519	0.507491541808	0.639922667956
AG7	0.594490091832	0.59497341711	0.832769453842	0.540357660706	0.681971967134	0.552440792653	0.678588690188	0.505074915418	0.490575157081	0.581440309328	0.529724504592	0.629289511841	0.617206379894	0.763170613823	0.643305944901	0.567423876269	0.522957950701	0.514258095698	0.736587723538	0.536491058482	0.478008699855	0.443692605123	0.495891735138	0.478975350411	0.765103914935	0.523924601257	0.466892218463	0.438859352344	0.0	0.33107781537	0.539874335428	0.505558240696	0.500724987917	0.549057515708	0.758337361044	0.687288545191	0.536491058482	0.590140164331	0.551474142098	0.637506041566	0.60415659739	0.662155630739	0.640889318511	0.567907201547	0.591590140164	0.571290478492	0.742387626873	0.674722087965	0.739487675205	0.702271628806	0.672788786854	0.71290478492	0.617689705172	0.614306428226	0.613823102948	0.61333977767	0.614306428226	0.710004833253	0.631706138231	0.691155147414	0.582406959884	0.681488641856
AG8	0.584340260996	0.618656355727	0.831802803287	0.589173513775	0.697921701305	0.57177380377	0.680038666022	0.555824069599	0.54857419043	0.61575640406	0.586756887385	0.646689221846	0.639922667956	0.752537457709	0.669405509908	0.589656839053	0.576123731271	0.571290478492	0.702754954084	0.533107781537	0.495891735138	0.477042049299	0.552440792653	0.538424359594	0.772353794103	0.51377477042	0.514741420976	0.485741904302	0.33107781537	0.0	0.556790720155	0.544224262929	0.560657322378	0.579990333494	0.771870468826	0.700821652972	0.573707104882	0.603189946834	0.58095698405	0.652972450459	0.629772837119	0.68293861769	0.661672305462	0.582406959884	0.618656355727	0.593523441276	0.757370710488	0.692605123248	0.754470758821	0.714838086032	0.695505074915	0.727887868536	0.644755920735	0.63653939101	0.64572257129	0.641372643789	0.640889318511	0.724021266312	0.654422426293	0.704204929918	0.604639922668	0.698405026583
AH7	0.592073465442	0.633639439343	0.947317544708	0.6805219913	0.713388110198	0.591106814886	0.714838086032	0.557274045433	0.544224262929	0.645239246013	0.527307878202	0.65732237796	0.649589173514	0.885935234413	0.680038666022	0.590623489609	0.522957950701	0.489608506525	0.881101981634	0.718704688255	0.567423876269	0.535041082649	0.508458192363	0.501208313195	0.836636056066	0.559690671822	0.48622522958	0.508458192363	0.539874335428	0.556790720155	0.0	0.337844369261	0.553407443209	0.608989850169	0.788303528275	0.727887868536	0.552440792653	0.664572257129	0.608989850169	0.661188980184	0.654422426293	0.763653939101	0.740454325761	0.642822619623	0.632672788787	0.608989850169	0.753987433543	0.710971483809	0.77090381827	0.731271145481	0.697921701305	0.732237796037	0.632189463509	0.634606089899	0.629289511841	0.627839536008	0.632189463509	0.728854519091	0.630739487675	0.717254712421	0.602706621556	0.720637989367
AH8	0.565490575157	0.577573707105	0.943934267762	0.631222812953	0.672305461576	0.529241179314	0.681971967134	0.496858385694	0.496375060416	0.59497341711	0.510391493475	0.613823102948	0.582406959884	0.871435476075	0.628806186564	0.53939101015	0.441275978734	0.401159980667	0.893185113581	0.718221362977	0.541324311261	0.474142097632	0.480908651522	0.470758820686	0.840985983567	0.544224262929	0.480908651522	0.459159014016	0.505558240696	0.544224262929	0.337844369261	0.0	0.496375060416	0.536491058482	0.752537457709	0.682455292412	0.542290961817	0.609473175447	0.555824069599	0.608506524891	0.599806669889	0.718221362977	0.688738521025	0.59255679072	0.585306911551	0.542774287095	0.70130497825	0.656355727405	0.721604639923	0.679072015466	0.642822619623	0.676172063799	0.581440309328	0.579507008217	0.579990333494	0.569840502658	0.56935717738	0.673755437409	0.575157080715	0.672305461576	0.541807636539	0.661188980184
AA5	0.595940067666	0.506041565974	0.952150797487	0.623489608507	0.612373127115	0.467375543741	0.616723054616	0.394876752054	0.397776703722	0.521024649589	0.432576123731	0.548090865152	0.524407926535	0.881101981634	0.537941034316	0.530691155147	0.415176413726	0.418076365394	0.926534557757	0.749637506042	0.553407443209	0.487675205413	0.473658772354	0.473175447076	0.901401643306	0.602706621556	0.419526341228	0.441759304012	0.500724987917	0.560657322378	0.553407443209	0.496375060416	0.0	0.346544224263	0.683421942968	0.591590140164	0.471242145964	0.477525374577	0.476558724021	0.547124214596	0.48380860319	0.626389560174	0.590623489609	0.46979217013	0.532141130981	0.467858869019	0.688738521025	0.633639439343	0.666988883519	0.643305944901	0.637022716288	0.674238762687	0.531174480425	0.551957467376	0.565973900435	0.559690671822	0.526341227646	0.660705654906	0.556307394877	0.634606089899	0.497341710971	0.631706138231
AA6	0.603673272112	0.516674722088	0.957467375544	0.64572257129	0.624456259062	0.470758820686	0.650072498792	0.44224262929	0.452392460126	0.553890768487	0.48380860319	0.56259062349	0.521024649589	0.885935234413	0.579023682939	0.536007733204	0.458192363461	0.466892218463	0.937651039149	0.753504108265	0.595940067666	0.523924601257	0.536007733204	0.535524407927	0.906234896085	0.602706621556	0.476075398743	0.50700821653	0.549057515708	0.579990333494	0.608989850169	0.536491058482	0.346544224263	0.0	0.669405509908	0.575640405993	0.50459159014	0.516674722088	0.463992266796	0.578057032383	0.515224746254	0.662155630739	0.624456259062	0.511358144031	0.444659255679	0.403093281779	0.671822136298	0.616723054616	0.65732237796	0.625906234896	0.617689705172	0.655872402127	0.523924601257	0.535041082649	0.545190913485	0.542774287095	0.535524407927	0.642339294345	0.572257129048	0.623006283229	0.511841469309	0.614789753504
AB5	0.750604156597	0.670855485742	0.965683905268	0.728371193813	0.621556307395	0.641372643789	0.740937651039	0.651039149348	0.667472208797	0.702754954084	0.679072015466	0.619623006283	0.666022232963	0.903818269696	0.700821652972	0.710004833253	0.696955050749	0.698888351861	0.938134364427	0.81246979217	0.817786370227	0.739004349928	0.7593040116	0.749637506042	0.922667955534	0.766553890768	0.705171580474	0.727404543258	0.758337361044	0.771870468826	0.788303528275	0.752537457709	0.683421942968	0.669405509908	0.0	0.320444659256	0.630739487675	0.674238762687	0.611889801837	0.6389560174	0.612373127115	0.730787820203	0.725954567424	0.65973900435	0.6389560174	0.62735621073	0.616239729338	0.617206379894	0.631222812953	0.608023199613	0.631706138231	0.616239729338	0.596423392943	0.593523441276	0.626389560174	0.625422909618	0.672788786854	0.599806669889	0.661188980184	0.608506524891	0.674238762687	0.625422909618
AB6	0.683421942968	0.597873368777	0.956500724988	0.667472208797	0.573707104882	0.557274045433	0.674722087965	0.56935717738	0.598840019333	0.631222812953	0.610923151281	0.53020782987	0.609473175447	0.887385210246	0.630256162397	0.642339294345	0.635089415176	0.637506041566	0.934267762204	0.760753987434	0.751087481875	0.673755437409	0.691638472692	0.680038666022	0.914934751087	0.702754954084	0.634122764621	0.659255679072	0.687288545191	0.700821652972	0.727887868536	0.682455292412	0.591590140164	0.575640405993	0.320444659256	0.0	0.571290478492	0.595456742388	0.55099081682	0.561623972934	0.536007733204	0.658772353794	0.650072498792	0.558240695988	0.551957467376	0.543257612373	0.58337361044	0.535524407927	0.578540357661	0.53939101015	0.553407443209	0.564523924601	0.521507974867	0.530691155147	0.56259062349	0.559690671822	0.59497341711	0.548090865152	0.591590140164	0.532624456259	0.614306428226	0.540840985984
AC5	0.623972933784	0.594006766554	0.969067182214	0.666505558241	0.629772837119	0.487675205413	0.676172063799	0.458192363461	0.445142580957	0.583856935718	0.41904301595	0.563073948768	0.569840502658	0.889801836636	0.634606089899	0.578057032383	0.46979217013	0.468825519575	0.948767520541	0.765587240213	0.632672788787	0.564040599323	0.506524891252	0.494441759304	0.919768003867	0.616239729338	0.45142580957	0.509424842919	0.536491058482	0.573707104882	0.552440792653	0.542290961817	0.471242145964	0.50459159014	0.630739487675	0.571290478492	0.0	0.477525374577	0.451909134848	0.590623489609	0.539874335428	0.709521507975	0.667472208797	0.538424359594	0.48380860319	0.463992266796	0.60657322378	0.558240695988	0.627839536008	0.577090381827	0.565007249879	0.593523441276	0.511841469309	0.494441759304	0.499758337361	0.506041565974	0.579507008217	0.593040115998	0.595456742388	0.561623972934	0.528757854036	0.565973900435
AC6	0.637989366844	0.531657805703	0.947317544708	0.63653939101	0.587723537941	0.529241179314	0.532624456259	0.496375060416	0.542774287095	0.474142097632	0.561623972934	0.54857419043	0.566940550991	0.868535524408	0.544224262929	0.577573707105	0.569840502658	0.573707104882	0.914934751087	0.731271145481	0.655389076849	0.592073465442	0.599806669889	0.597873368777	0.901884968584	0.620589656839	0.5601739971	0.57177380377	0.590140164331	0.603189946834	0.664572257129	0.609473175447	0.477525374577	0.516674722088	0.674238762687	0.595456742388	0.477525374577	0.0	0.536491058482	0.535524407927	0.501208313195	0.484291928468	0.443692605123	0.426292895118	0.575157080715	0.562107298212	0.682455292412	0.623006283229	0.661672305462	0.626389560174	0.634122764621	0.662155630739	0.572257129048	0.571290478492	0.579990333494	0.577573707105	0.552924117931	0.65055582407	0.576607056549	0.612373127115	0.556790720155	0.636056065732
AD6	0.615273078782	0.540357660706	0.966650555824	0.625906234896	0.578057032383	0.431609473175	0.620106331561	0.440309328178	0.442725954567	0.530691155147	0.454809086515	0.512324794587	0.521507974867	0.892218463026	0.583856935718	0.543740937651	0.484291928468	0.477042049299	0.949734171097	0.759787336878	0.620589656839	0.552440792653	0.553407443209	0.546640889319	0.913001449976	0.611889801837	0.501208313195	0.526341227646	0.551474142098	0.58095698405	0.608989850169	0.555824069599	0.476558724021	0.463992266796	0.611889801837	0.55099081682	0.451909134848	0.536491058482	0.0	0.530691155147	0.421942967617	0.687288545191	0.655872402127	0.540357660706	0.460125664572	0.4398260029	0.58095698405	0.524407926535	0.58095698405	0.539874335428	0.534557757371	0.567907201547	0.458192363461	0.441759304012	0.462542290962	0.473175447076	0.538424359594	0.557274045433	0.560657322378	0.541807636539	0.46979217013	0.531657805703
AE5	0.607056549058	0.5186080232	0.966650555824	0.619623006283	0.559690671822	0.537457709038	0.59255679072	0.542290961817	0.597390043499	0.531174480425	0.603673272112	0.512324794587	0.565007249879	0.885451909135	0.550507491542	0.555824069599	0.594490091832	0.595940067666	0.927984533591	0.747220879652	0.708554857419	0.632672788787	0.644755920735	0.626872885452	0.881101981634	0.645239246013	0.611889801837	0.602223296278	0.637506041566	0.652972450459	0.661188980184	0.608506524891	0.547124214596	0.578057032383	0.6389560174	0.561623972934	0.590623489609	0.535524407927	0.530691155147	0.0	0.333977767037	0.61575640406	0.585306911551	0.518124697922	0.619139681005	0.608023199613	0.639922667956	0.594490091832	0.631706138231	0.600773320445	0.610923151281	0.63653939101	0.523441275979	0.557274045433	0.587723537941	0.551474142098	0.536007733204	0.623972933784	0.542774287095	0.600773320445	0.56259062349	0.609473175447
AE6	0.608989850169	0.482841952634	0.966167230546	0.608023199613	0.562107298212	0.483325277912	0.56935717738	0.478492025133	0.534074432093	0.505074915418	0.539874335428	0.510391493475	0.522474625423	0.885935234413	0.535041082649	0.534074432093	0.540357660706	0.540357660706	0.930884485259	0.744320927985	0.680038666022	0.602706621556	0.611406476559	0.595456742388	0.902368293862	0.637506041566	0.548090865152	0.568390526825	0.60415659739	0.629772837119	0.654422426293	0.599806669889	0.48380860319	0.515224746254	0.612373127115	0.536007733204	0.539874335428	0.501208313195	0.421942967617	0.333977767037	0.0	0.634606089899	0.599806669889	0.49540840986	0.561623972934	0.549057515708	0.622039632673	0.567423876269	0.610923151281	0.568390526825	0.577090381827	0.611406476559	0.478008699855	0.48622522958	0.512808119865	0.49540840986	0.503141614306	0.593040115998	0.524407926535	0.559690671822	0.510391493475	0.577090381827
AF5	0.716771387144	0.62493958434	0.922184630256	0.654905751571	0.649589173514	0.674238762687	0.568390526825	0.641372643789	0.684388593523	0.583856935718	0.707588206863	0.628322861286	0.673272112131	0.851135814403	0.595456742388	0.678105364911	0.717254712421	0.720637989367	0.869502174964	0.707588206863	0.725471242146	0.671822136298	0.715804736588	0.71532141131	0.86563557274	0.697438376027	0.692605123248	0.670855485742	0.662155630739	0.68293861769	0.763653939101	0.718221362977	0.626389560174	0.662155630739	0.730787820203	0.658772353794	0.709521507975	0.484291928468	0.687288545191	0.61575640406	0.634606089899	0.0	0.286128564524	0.539874335428	0.716288061866	0.705654905752	0.7593040116	0.714354760754	0.735137747704	0.705171580474	0.723537941034	0.740454325761	0.687288545191	0.707104881585	0.720154664089	0.707104881585	0.66892218463	0.729337844369	0.669888835186	0.695505074915	0.705171580474	0.715804736588
AF6	0.683421942968	0.590623489609	0.931367810536	0.649105848236	0.640405993233	0.647172547124	0.54857419043	0.60657322378	0.649589173514	0.543257612373	0.680038666022	0.604639922668	0.642339294345	0.85645239246	0.566457225713	0.642822619623	0.68293861769	0.681971967134	0.887385210246	0.710004833253	0.700338327695	0.642339294345	0.684388593523	0.686805219913	0.875785403577	0.677622039633	0.65732237796	0.635572740454	0.640889318511	0.661672305462	0.740454325761	0.688738521025	0.590623489609	0.624456259062	0.725954567424	0.650072498792	0.667472208797	0.443692605123	0.655872402127	0.585306911551	0.599806669889	0.286128564524	0.0	0.508458192363	0.689221846303	0.677622039633	0.741420976317	0.685838569357	0.718221362977	0.679555340744	0.692605123248	0.725954567424	0.65732237796	0.674722087965	0.689221846303	0.679555340744	0.631706138231	0.709038182697	0.63653939101	0.676172063799	0.680038666022	0.696471725471
