	AA3	AA4	AB3	AB4	AC3	AC4	AD3	AD4	AE3	AE4	AF3	AF4	AG3	AG4	AH3	AH4	AA7	AA8	AB7	AB8	AC7	AC8	AD7	AD8	AE7	AE8	AF7	AF8	AG7	AG8	AH7	AH8	AA5	AA6	AB5	AB6	AC5	AC6	AD6	AE5	AE6	AF5	AF6	AG5	AH5	AH6	AA1	AA2	AB1	AB2	AC1	AC2	AD1	AD2	AE1	AE2	AF1	AF2	AG1	AG2	AH1	AH2
AA3	0.0	0.49299178347	0.93523441276	0.646205896568	0.651039149348	0.583856935718	0.681971967134	0.579023682939	0.56259062349	0.640889318511	0.606089898502	0.598356694055	0.586273562107	0.852102464959	0.640889318511	0.335427742871	0.585790236829	0.560657322378	0.86563557274	0.724021266312	0.617689705172	0.568873852102	0.589173513775	0.58337361044	0.83325277912	0.599806669889	0.563073948768	0.568873852102	0.590140164331	0.601739971	0.585306911551	0.555824069599	0.587240212663	0.596906718221	0.74770420493	0.681971967134	0.60657322378	0.635572740454	0.603189946834	0.634606089899	0.598840019333	0.710971483809	0.699855002417	0.629289511841	0.619623006283	0.618656355727	0.695505074915	0.649105848236	0.709038182697	0.672788786854	0.649105848236	0.665538907685	0.584823586274	0.573223779604	0.563073948768	0.559207346544	0.572257129048	0.657805703238	0.593523441276	0.673272112131	0.575157080715	0.644272595457
AA4	0.49299178347	0.0	0.947317544708	0.588206863219	0.567423876269	0.498308361527	0.60415659739	0.487191880135	0.500724987917	0.526824552924	0.564040599323	0.516674722088	0.484291928468	0.852585790237	0.367810536491	0.369743837603	0.529241179314	0.52537457709	0.896568390527	0.738037699372	0.654905751571	0.56259062349	0.575640405993	0.574190430159	0.882551957467	0.63653939101	0.561140647656	0.559207346544	0.599323344611	0.625422909618	0.631706138231	0.581440309328	0.501691638473	0.508458192363	0.666988883519	0.601739971	0.570807153214	0.536491058482	0.535524407927	0.535524407927	0.486708554857	0.644272595457	0.601256645723	0.527307878202	0.579507008217	0.560657322378	0.662155630739	0.586756887385	0.637506041566	0.612373127115	0.607539874335	0.643305944901	0.540357660706	0.524891251812	0.526824552924	0.531657805703	0.496858385694	0.622039632673	0.506524891252	0.612373127115	0.520541324311	0.582406959884
AB3	0.93523441276	0.947317544708	0.0	0.677622039633	0.911068148864	0.951184146931	0.95601739971	0.942484291928	0.928951184147	0.952634122765	0.969067182214	0.935717738038	0.966167230546	0.340744320928	0.959884001933	0.933301111648	0.969067182214	0.96520057999	0.739004349928	0.755920734654	0.886418559691	0.918318028033	0.960850652489	0.94683421943	0.853069115515	0.885451909135	0.935717738038	0.929434509425	0.849685838569	0.827452875785	0.952634122765	0.948284195263	0.950700821653	0.958917351377	0.969550507492	0.963267278879	0.970033832769	0.950700821653	0.969550507492	0.970517158047	0.969550507492	0.93523441276	0.940067665539	0.941034316095	0.971483808603	0.969067182214	0.969550507492	0.968100531658	0.966167230546	0.969067182214	0.969550507492	0.966167230546	0.971000483325	0.970033832769	0.974383760271	0.970033832769	0.969550507492	0.96761720638	0.969550507492	0.971483808603	0.971483808603	0.969550507492
AB4	0.646205896568	0.588206863219	0.677622039633	0.0	0.630256162397	0.616723054616	0.691155147414	0.614789753504	0.60657322378	0.631222812953	0.652005799903	0.608989850169	0.485741904302	0.558724021266	0.600289995167	0.583856935718	0.644272595457	0.628322861286	0.738037699372	0.578057032383	0.652489125181	0.630739487675	0.65973900435	0.643789270179	0.797970033833	0.646689221846	0.642822619623	0.634606089899	0.565973900435	0.596423392943	0.691155147414	0.652005799903	0.63653939101	0.660705654906	0.73610439826	0.68970517158	0.660705654906	0.652489125181	0.637989366844	0.64572257129	0.622039632673	0.677138714355	0.669888835186	0.630256162397	0.683421942968	0.671822136298	0.705171580474	0.666022232963	0.703238279362	0.689221846303	0.678105364911	0.686805219913	0.646689221846	0.655389076849	0.663122281295	0.657805703238	0.64572257129	0.680038666022	0.629289511841	0.682455292412	0.647655872402	0.669888835186
AC3	0.651039149348	0.567423876269	0.911068148864	0.630256162397	0.0	0.468825519575	0.646205896568	0.537941034316	0.552440792653	0.585790236829	0.613823102948	0.325277912035	0.597873368777	0.824552924118	0.599323344611	0.576607056549	0.608506524891	0.593040115998	0.865152247463	0.745770903818	0.726437892702	0.665538907685	0.709521507975	0.688255195747	0.830836152731	0.681005316578	0.661188980184	0.663605606573	0.663605606573	0.687771870469	0.697438376027	0.658289028516	0.608989850169	0.624456259062	0.631706138231	0.597873368777	0.633639439343	0.574673755437	0.591106814886	0.545674238763	0.535524407927	0.663122281295	0.644272595457	0.552440792653	0.656355727405	0.648622522958	0.60415659739	0.585306911551	0.581923634606	0.570807153214	0.60657322378	0.588206863219	0.537457709038	0.581440309328	0.595456742388	0.575640405993	0.603673272112	0.584823586274	0.602223296278	0.59255679072	0.614789753504	0.594490091832
AC4	0.583856935718	0.498308361527	0.951184146931	0.616723054616	0.468825519575	0.0	0.623972933784	0.403576607057	0.413726437893	0.502174963751	0.350410826486	0.376027066216	0.509424842919	0.854035766071	0.558724021266	0.521991300145	0.491058482359	0.460125664572	0.918801353311	0.757370710488	0.602706621556	0.539874335428	0.537457709038	0.513291445143	0.884968583857	0.591106814886	0.512324794587	0.511358144031	0.535041082649	0.578540357661	0.579990333494	0.532624456259	0.454809086515	0.465925567907	0.642339294345	0.559690671822	0.464958917351	0.496858385694	0.434026099565	0.536491058482	0.469308844853	0.678588690188	0.634606089899	0.50459159014	0.512808119865	0.490091831803	0.635572740454	0.568873852102	0.587723537941	0.58095698405	0.579990333494	0.608023199613	0.496375060416	0.501208313195	0.512324794587	0.509908168197	0.533107781537	0.590623489609	0.559690671822	0.585306911551	0.469308844853	0.565007249879
AD3	0.681971967134	0.60415659739	0.95601739971	0.691155147414	0.646205896568	0.623972933784	0.0	0.533591106815	0.649589173514	0.361527307878	0.687288545191	0.604639922668	0.647655872402	0.866118898018	0.574673755437	0.639922667956	0.691638472692	0.687771870469	0.935717738038	0.775253745771	0.718704688255	0.699371677139	0.70372160464	0.693571773804	0.914934751087	0.686321894635	0.705171580474	0.700338327695	0.696471725471	0.692605123248	0.725954567424	0.695988400193	0.637989366844	0.65973900435	0.741904301595	0.674722087965	0.687771870469	0.552440792653	0.647172547124	0.579023682939	0.580473658772	0.553890768487	0.537941034316	0.553407443209	0.706138231029	0.690188496858	0.768003866602	0.719671338811	0.751570807153	0.724021266312	0.728371193813	0.750604156597	0.667955534074	0.674722087965	0.675688738521	0.667955534074	0.635089415176	0.725954567424	0.651039149348	0.72692121798	0.69453842436	0.708554857419
AD4	0.579023682939	0.487191880135	0.942484291928	0.614789753504	0.537941034316	0.403576607057	0.533591106815	0.0	0.326727887869	0.39584340261	0.4398260029	0.480425326245	0.516674722088	0.855002416626	0.543257612373	0.518124697922	0.47462542291	0.456259062349	0.931851135814	0.762203963267	0.579023682939	0.513291445143	0.509424842919	0.485258579024	0.90043499275	0.609956500725	0.476558724021	0.480908651522	0.514741420976	0.578540357661	0.557274045433	0.509908168197	0.415659739004	0.456259062349	0.653939101015	0.573223779604	0.458675688739	0.482358627356	0.420492991783	0.550507491542	0.458192363461	0.651039149348	0.606089898502	0.487191880135	0.512324794587	0.478008699855	0.657805703238	0.597390043499	0.623006283229	0.614789753504	0.611406476559	0.635089415176	0.515708071532	0.513291445143	0.508941517641	0.522957950701	0.522957950701	0.617206379894	0.549540840986	0.616723054616	0.503624939584	0.594006766554
AE3	0.56259062349	0.500724987917	0.928951184147	0.60657322378	0.552440792653	0.413726437893	0.649589173514	0.326727887869	0.0	0.511358144031	0.399226679555	0.497825036249	0.508941517641	0.845819236346	0.556790720155	0.521991300145	0.43740937651	0.414209763171	0.919284678589	0.751570807153	0.546157564041	0.462058965684	0.466408893185	0.453842435959	0.883035282745	0.587723537941	0.429192846786	0.44900918318	0.490575157081	0.559207346544	0.530691155147	0.484291928468	0.385693571774	0.447559207347	0.668438859352	0.589173513775	0.43740937651	0.513291445143	0.432092798453	0.598840019333	0.506524891252	0.691155147414	0.64813919768	0.519091348478	0.498791686805	0.466408893185	0.661188980184	0.601739971	0.629772837119	0.622522957951	0.606089898502	0.642339294345	0.523924601257	0.5186080232	0.519574673755	0.529724504592	0.542290961817	0.625422909618	0.560657322378	0.617689705172	0.482358627356	0.596423392943
AE4	0.640889318511	0.526824552924	0.952634122765	0.631222812953	0.585790236829	0.502174963751	0.361527307878	0.39584340261	0.511358144031	0.0	0.563557274045	0.536491058482	0.566940550991	0.861768970517	0.534557757371	0.574190430159	0.572257129048	0.567423876269	0.942484291928	0.773320444659	0.656355727405	0.597390043499	0.601739971	0.574190430159	0.912518124698	0.628806186564	0.593523441276	0.584340260996	0.586273562107	0.613823102948	0.646689221846	0.599323344611	0.524891251812	0.545190913485	0.690188496858	0.623006283229	0.563557274045	0.463508941518	0.521024649589	0.515224746254	0.495891735138	0.584340260996	0.539874335428	0.48622522958	0.596906718221	0.582890285162	0.711938134364	0.644272595457	0.677622039633	0.664572257129	0.65973900435	0.681971967134	0.596423392943	0.576123731271	0.587723537941	0.595456742388	0.562107298212	0.668438859352	0.584823586274	0.670372160464	0.573707104882	0.639439342678
AF3	0.606089898502	0.564040599323	0.969067182214	0.652005799903	0.613823102948	0.350410826486	0.687288545191	0.4398260029	0.399226679555	0.563557274045	0.0	0.511358144031	0.544224262929	0.877718704688	0.616239729338	0.578540357661	0.457709038183	0.444659255679	0.957950700822	0.793620106332	0.587240212663	0.53020782987	0.451909134848	0.43740937651	0.918318028033	0.623972933784	0.449975833736	0.476075398743	0.544707588207	0.604639922668	0.53020782987	0.524407926535	0.432092798453	0.497825036249	0.674722087965	0.612373127115	0.421459642339	0.544224262929	0.440309328178	0.619139681005	0.534074432093	0.730304494925	0.68970517158	0.557274045433	0.507491541808	0.482358627356	0.672788786854	0.599806669889	0.646689221846	0.628322861286	0.610923151281	0.638472692122	0.551474142098	0.521024649589	0.524407926535	0.533107781537	0.581440309328	0.626872885452	0.602223296278	0.614789753504	0.493958434026	0.593523441276
AF4	0.598356694055	0.516674722088	0.935717738038	0.608989850169	0.325277912035	0.376027066216	0.604639922668	0.480425326245	0.497825036249	0.536491058482	0.511358144031	0.0	0.545190913485	0.842919284679	0.549540840986	0.524891251812	0.555824069599	0.540357660706	0.876752054132	0.728371193813	0.69212179797	0.622522957951	0.647172547124	0.62493958434	0.840019333011	0.635089415176	0.607056549058	0.612373127115	0.617689705172	0.644755920735	0.643789270179	0.60657322378	0.549057515708	0.564523924601	0.6389560174	0.558240695988	0.57177380377	0.532624456259	0.526341227646	0.50700821653	0.488158530691	0.635089415176	0.611406476559	0.514258095698	0.588690188497	0.578540357661	0.608989850169	0.541324311261	0.576123731271	0.559690671822	0.564523924601	0.578057032383	0.485258579024	0.534074432093	0.537941034316	0.5186080232	0.543257612373	0.565490575157	0.553890768487	0.56259062349	0.559690671822	0.554857419043
AG3	0.586273562107	0.484291928468	0.966167230546	0.485741904302	0.597873368777	0.509424842919	0.647655872402	0.516674722088	0.508941517641	0.566940550991	0.544224262929	0.545190913485	0.0	0.841952634123	0.53020782987	0.521507974867	0.513291445143	0.489125181247	0.928467858869	0.763170613823	0.670372160464	0.59255679072	0.582890285162	0.587240212663	0.887385210246	0.645239246013	0.570323827936	0.58337361044	0.615273078782	0.637506041566	0.641855969067	0.578540357661	0.521991300145	0.53020782987	0.670372160464	0.613823102948	0.549057515708	0.563557274045	0.52779120348	0.567907201547	0.502658289029	0.684871918801	0.643789270179	0.537941034316	0.574190430159	0.560657322378	0.632672788787	0.58337361044	0.628322861286	0.614789753504	0.593523441276	0.615273078782	0.532141130981	0.533107781537	0.547607539874	0.546157564041	0.542290961817	0.608989850169	0.546640889319	0.611889801837	0.519574673755	0.581923634606
AG4	0.852102464959	0.852585790237	0.340744320928	0.558724021266	0.824552924118	0.854035766071	0.866118898018	0.855002416626	0.845819236346	0.861768970517	0.877718704688	0.842919284679	0.841952634123	0.0	0.866118898018	0.840502658289	0.889318511358	0.882068632189	0.721121314645	0.674722087965	0.808603189947	0.836152730788	0.878685355244	0.863702271629	0.826969550507	0.804736587724	0.854519091348	0.848719188014	0.768003866602	0.749154180764	0.879168680522	0.867085548574	0.866602223296	0.871918801353	0.90043499275	0.886418559691	0.883518608023	0.855485741904	0.880618656356	0.8796520058	0.878202029966	0.845335911068	0.849685838569	0.857419043016	0.890285161914	0.888351860802	0.881101981634	0.881101981634	0.881101981634	0.8796520058	0.890768487192	0.884001933301	0.886901884969	0.884968583857	0.893668438859	0.886418559691	0.885935234413	0.882068632189	0.882068632189	0.882551957467	0.884001933301	0.885451909135
AH3	0.640889318511	0.367810536491	0.959884001933	0.600289995167	0.599323344611	0.558724021266	0.574673755437	0.543257612373	0.556790720155	0.534557757371	0.616239729338	0.549540840986	0.53020782987	0.866118898018	0.0	0.511358144031	0.594490091832	0.586756887385	0.931851135814	0.771870468826	0.699371677139	0.626389560174	0.618656355727	0.634606089899	0.901401643306	0.683421942968	0.63653939101	0.638472692122	0.647172547124	0.679555340744	0.681971967134	0.625906234896	0.552924117931	0.581923634606	0.71532141131	0.652005799903	0.628322861286	0.549057515708	0.600773320445	0.542290961817	0.53697438376	0.612373127115	0.567907201547	0.543257612373	0.64572257129	0.625422909618	0.715804736588	0.644755920735	0.667472208797	0.65732237796	0.655872402127	0.690188496858	0.598840019333	0.601739971	0.604639922668	0.603673272112	0.565490575157	0.668438859352	0.555340744321	0.651039149348	0.591590140164	0.635089415176
AH4	0.335427742871	0.369743837603	0.933301111648	0.583856935718	0.576607056549	0.521991300145	0.639922667956	0.518124697922	0.521991300145	0.574190430159	0.578540357661	0.524891251812	0.521507974867	0.840502658289	0.511358144031	0.0	0.541324311261	0.53697438376	0.872402126631	0.722571290478	0.634606089899	0.558240695988	0.574190430159	0.574190430159	0.841952634123	0.603673272112	0.549540840986	0.552440792653	0.576123731271	0.602223296278	0.601256645723	0.554374093765	0.541324311261	0.551474142098	0.704204929918	0.623006283229	0.585790236829	0.580473658772	0.551474142098	0.564040599323	0.524891251812	0.670855485742	0.639439342678	0.564523924601	0.597873368777	0.582406959884	0.65973900435	0.595456742388	0.64572257129	0.619139681005	0.609473175447	0.637506041566	0.547607539874	0.535524407927	0.537457709038	0.537941034316	0.507974867086	0.621072982117	0.519574673755	0.62493958434	0.532141130981	0.595456742388
AA7	0.585790236829	0.529241179314	0.969067182214	0.644272595457	0.608506524891	0.491058482359	0.691638472692	0.47462542291	0.43740937651	0.572257129048	0.457709038183	0.555824069599	0.513291445143	0.889318511358	0.594490091832	0.541324311261	0.0	0.296761720638	0.914934751087	0.774287095215	0.590140164331	0.50700821653	0.484775253746	0.482841952634	0.874335427743	0.605606573224	0.46979217013	0.478492025133	0.546157564041	0.596423392943	0.52779120348	0.435476075399	0.431126147898	0.500241662639	0.708554857419	0.641855969067	0.482841952634	0.576607056549	0.479458675689	0.612856452392	0.539874335428	0.72450459159	0.684388593523	0.583856935718	0.553890768487	0.512808119865	0.669405509908	0.610923151281	0.652972450459	0.640405993233	0.604639922668	0.631222812953	0.532141130981	0.519091348478	0.526824552924	0.534557757371	0.541807636539	0.616239729338	0.553890768487	0.646689221846	0.490091831803	0.600773320445
AA8	0.560657322378	0.52537457709	0.96520057999	0.628322861286	0.593040115998	0.460125664572	0.687771870469	0.456259062349	0.414209763171	0.567423876269	0.444659255679	0.540357660706	0.489125181247	0.882068632189	0.586756887385	0.53697438376	0.296761720638	0.0	0.906718221363	0.764620589657	0.572740454326	0.48380860319	0.463508941518	0.461092315128	0.864668922185	0.594490091832	0.45142580957	0.457225712905	0.521024649589	0.579023682939	0.480425326245	0.382310294828	0.418076365394	0.479458675689	0.703238279362	0.638472692122	0.460125664572	0.565490575157	0.458192363461	0.601739971	0.531174480425	0.722087965201	0.68293861769	0.569840502658	0.535524407927	0.502174963751	0.644272595457	0.594006766554	0.643789270179	0.629772837119	0.588206863219	0.609956500725	0.50459159014	0.508458192363	0.509908168197	0.510874818753	0.528757854036	0.598356694055	0.543740937651	0.632189463509	0.471725471242	0.579990333494
AB7	0.86563557274	0.896568390527	0.739004349928	0.738037699372	0.865152247463	0.918801353311	0.935717738038	0.931851135814	0.919284678589	0.942484291928	0.957950700822	0.876752054132	0.928467858869	0.721121314645	0.931851135814	0.872402126631	0.914934751087	0.906718221363	0.0	0.411793136781	0.819236346061	0.840019333011	0.930401159981	0.91445142581	0.73368777187	0.796036732721	0.895118414693	0.876268728855	0.739487675205	0.69453842436	0.87723537941	0.890768487192	0.919284678589	0.937651039149	0.946350894152	0.933301111648	0.946350894152	0.920251329145	0.940550990817	0.931851135814	0.932334461092	0.871918801353	0.875302078299	0.908168197197	0.952634122765	0.951667472209	0.920734654422	0.922667955534	0.931851135814	0.929917834703	0.928467858869	0.917351377477	0.91445142581	0.920734654422	0.916868052199	0.90961817303	0.913968100532	0.907684871919	0.916868052199	0.927501208313	0.948767520541	0.933784436926
AB8	0.724021266312	0.738037699372	0.755920734654	0.578057032383	0.745770903818	0.757370710488	0.775253745771	0.762203963267	0.751570807153	0.773320444659	0.793620106332	0.728371193813	0.763170613823	0.674722087965	0.771870468826	0.722571290478	0.774287095215	0.764620589657	0.411793136781	0.0	0.66892218463	0.681005316578	0.757854035766	0.743837602707	0.73368777187	0.645239246013	0.72692121798	0.708071532141	0.549057515708	0.519574673755	0.739004349928	0.739004349928	0.759787336878	0.775737071049	0.815369743838	0.772353794103	0.783953600773	0.753020782987	0.770420492992	0.762203963267	0.758337361044	0.723054615756	0.72450459159	0.745770903818	0.798453359111	0.790236829386	0.823586273562	0.773803769937	0.797003383277	0.780570323828	0.78927017883	0.787336877719	0.772353794103	0.773320444659	0.774287095215	0.768970517158	0.761237312711	0.765587240213	0.763170613823	0.769453842436	0.777187046883	0.778153697438
AC7	0.617689705172	0.654905751571	0.886418559691	0.652489125181	0.726437892702	0.602706621556	0.718704688255	0.579023682939	0.546157564041	0.656355727405	0.587240212663	0.69212179797	0.670372160464	0.808603189947	0.699371677139	0.634606089899	0.590140164331	0.572740454326	0.819236346061	0.66892218463	0.0	0.37264378927	0.567907201547	0.552924117931	0.817786370227	0.585790236829	0.53939101015	0.508941517641	0.468342194297	0.501691638473	0.565490575157	0.546640889319	0.551474142098	0.602706621556	0.811019816336	0.74770420493	0.623489608507	0.652972450459	0.608023199613	0.719671338811	0.676172063799	0.710004833253	0.711938134364	0.653939101015	0.6389560174	0.604639922668	0.82165297245	0.763653939101	0.793620106332	0.79168680522	0.755920734654	0.789753504108	0.693571773804	0.676655389077	0.675205413243	0.6805219913	0.668438859352	0.775737071049	0.685838569357	0.776703721605	0.610439826003	0.749154180764
AC8	0.568873852102	0.56259062349	0.918318028033	0.630739487675	0.665538907685	0.539874335428	0.699371677139	0.513291445143	0.462058965684	0.597390043499	0.53020782987	0.622522957951	0.59255679072	0.836152730788	0.626389560174	0.558240695988	0.50700821653	0.48380860319	0.840019333011	0.681005316578	0.37264378927	0.0	0.480425326245	0.487191880135	0.839052682455	0.559690671822	0.408893185114	0.38424359594	0.431126147898	0.505558240696	0.521507974867	0.475108748188	0.467858869019	0.511358144031	0.735137747704	0.672305461576	0.550024166264	0.582890285162	0.535524407927	0.647172547124	0.594006766554	0.685838569357	0.654905751571	0.595456742388	0.569840502658	0.533591106815	0.738037699372	0.674238762687	0.721604639923	0.713871435476	0.665055582407	0.699855002417	0.604639922668	0.593040115998	0.586273562107	0.598840019333	0.587240212663	0.690671822136	0.602223296278	0.700821652972	0.520541324311	0.664572257129
AD7	0.589173513775	0.575640405993	0.960850652489	0.65973900435	0.709521507975	0.537457709038	0.70372160464	0.509424842919	0.466408893185	0.601739971	0.451909134848	0.647172547124	0.582890285162	0.878685355244	0.618656355727	0.574190430159	0.484775253746	0.463508941518	0.930401159981	0.757854035766	0.567907201547	0.480425326245	0.0	0.286611889802	0.898018366361	0.537457709038	0.403576607057	0.439342677622	0.510391493475	0.565973900435	0.507974867086	0.483325277912	0.462542290962	0.5186080232	0.750120831319	0.675205413243	0.506524891252	0.601739971	0.530691155147	0.652972450459	0.603189946834	0.720154664089	0.695021749638	0.609473175447	0.568873852102	0.537457709038	0.752537457709	0.678105364911	0.729337844369	0.722571290478	0.677622039633	0.708554857419	0.619139681005	0.599806669889	0.594490091832	0.604639922668	0.58337361044	0.699371677139	0.601256645723	0.709521507975	0.542774287095	0.672305461576
AD8	0.58337361044	0.574190430159	0.94683421943	0.643789270179	0.688255195747	0.513291445143	0.693571773804	0.485258579024	0.453842435959	0.574190430159	0.43740937651	0.62493958434	0.587240212663	0.863702271629	0.634606089899	0.574190430159	0.482841952634	0.461092315128	0.91445142581	0.743837602707	0.552924117931	0.487191880135	0.286611889802	0.0	0.855002416626	0.498308361527	0.390526824553	0.422426292895	0.490575157081	0.547607539874	0.501208313195	0.477525374577	0.463992266796	0.521024649589	0.740454325761	0.666022232963	0.483325277912	0.579990333494	0.514741420976	0.629289511841	0.582890285162	0.713388110198	0.674722087965	0.587723537941	0.556790720155	0.532141130981	0.739487675205	0.663605606573	0.713871435476	0.709038182697	0.663605606573	0.695988400193	0.602223296278	0.58337361044	0.585306911551	0.593523441276	0.577090381827	0.685838569357	0.601256645723	0.693571773804	0.533107781537	0.65732237796
AE7	0.83325277912	0.882551957467	0.853069115515	0.797970033833	0.830836152731	0.884968583857	0.914934751087	0.90043499275	0.883035282745	0.912518124698	0.918318028033	0.840019333011	0.887385210246	0.826969550507	0.901401643306	0.841952634123	0.874335427743	0.864668922185	0.73368777187	0.73368777187	0.817786370227	0.839052682455	0.898018366361	0.855002416626	0.0	0.527307878202	0.876268728855	0.859835669406	0.774287095215	0.759787336878	0.837602706622	0.841952634123	0.893185113581	0.908651522475	0.929917834703	0.916384726921	0.919284678589	0.900918318028	0.909134847753	0.875785403577	0.897051715805	0.874818753021	0.879168680522	0.87723537941	0.93281778637	0.9212179797	0.890285161914	0.90285161914	0.904301594973	0.897051715805	0.905268245529	0.896568390527	0.889318511358	0.895601739971	0.905751570807	0.890768487192	0.897535041083	0.887868535524	0.898501691638	0.902368293862	0.916384726921	0.901884968584
AE8	0.599806669889	0.63653939101	0.885451909135	0.646689221846	0.681005316578	0.591106814886	0.686321894635	0.609956500725	0.587723537941	0.628806186564	0.623972933784	0.635089415176	0.645239246013	0.804736587724	0.683421942968	0.603673272112	0.605606573224	0.594490091832	0.796036732721	0.645239246013	0.585790236829	0.559690671822	0.537457709038	0.498308361527	0.527307878202	0.0	0.577090381827	0.567423876269	0.523441275979	0.509908168197	0.577573707105	0.562107298212	0.607539874335	0.620589656839	0.772353794103	0.703238279362	0.633156114065	0.611406476559	0.623489608507	0.664572257129	0.64572257129	0.687288545191	0.677622039633	0.612373127115	0.642822619623	0.633639439343	0.763170613823	0.705654905752	0.751087481875	0.727887868536	0.709038182697	0.73610439826	0.663122281295	0.633156114065	0.643789270179	0.650072498792	0.647655872402	0.710971483809	0.661672305462	0.714838086032	0.622522957951	0.68970517158
AF7	0.563073948768	0.561140647656	0.935717738038	0.642822619623	0.661188980184	0.512324794587	0.705171580474	0.476558724021	0.429192846786	0.593523441276	0.449975833736	0.607056549058	0.570323827936	0.854519091348	0.63653939101	0.549540840986	0.46979217013	0.45142580957	0.895118414693	0.72692121798	0.53939101015	0.408893185114	0.403576607057	0.390526824553	0.876268728855	0.577090381827	0.0	0.306428226196	0.479458675689	0.545674238763	0.487191880135	0.479458675689	0.438376027066	0.494441759304	0.711454809087	0.639439342678	0.466408893185	0.559690671822	0.502174963751	0.628322861286	0.564040599323	0.710488158531	0.669405509908	0.573707104882	0.546157564041	0.511358144031	0.701788303528	0.646205896568	0.696955050749	0.689221846303	0.642339294345	0.66892218463	0.58095698405	0.561623972934	0.560657322378	0.571290478492	0.559690671822	0.653939101015	0.579990333494	0.678105364911	0.492025132914	0.628322861286
AF8	0.568873852102	0.559207346544	0.929434509425	0.634606089899	0.663605606573	0.511358144031	0.700338327695	0.480908651522	0.44900918318	0.584340260996	0.476075398743	0.612373127115	0.58337361044	0.848719188014	0.638472692122	0.552440792653	0.478492025133	0.457225712905	0.876268728855	0.708071532141	0.508941517641	0.38424359594	0.439342677622	0.422426292895	0.859835669406	0.567423876269	0.306428226196	0.0	0.453842435959	0.522474625423	0.492508458192	0.470275495408	0.444175930401	0.506524891252	0.720154664089	0.651522474625	0.478008699855	0.556307394877	0.501691638473	0.616239729338	0.564523924601	0.687288545191	0.642822619623	0.561623972934	0.551474142098	0.525857902368	0.70372160464	0.645239246013	0.692605123248	0.687288545191	0.647172547124	0.670855485742	0.577573707105	0.56259062349	0.565007249879	0.569840502658	0.551957467376	0.652489125181	0.572740454326	0.6805219913	0.491058482359	0.631706138231
AG7	0.590140164331	0.599323344611	0.849685838569	0.565973900435	0.663605606573	0.535041082649	0.696471725471	0.514741420976	0.490575157081	0.586273562107	0.544707588207	0.617689705172	0.615273078782	0.768003866602	0.647172547124	0.576123731271	0.546157564041	0.521024649589	0.739487675205	0.549057515708	0.468342194297	0.431126147898	0.510391493475	0.490575157081	0.774287095215	0.523441275979	0.479458675689	0.453842435959	0.0	0.311744804253	0.553890768487	0.5186080232	0.50700821653	0.549540840986	0.750604156597	0.677138714355	0.542774287095	0.579990333494	0.534074432093	0.640405993233	0.599323344611	0.665055582407	0.646689221846	0.578057032383	0.591590140164	0.56259062349	0.746737554374	0.679072015466	0.722087965201	0.715804736588	0.676655389077	0.711938134364	0.608506524891	0.601739971	0.60415659739	0.611406476559	0.607539874335	0.696471725471	0.630739487675	0.70372160464	0.556790720155	0.666505558241
AG8	0.601739971	0.625422909618	0.827452875785	0.596423392943	0.687771870469	0.578540357661	0.692605123248	0.578540357661	0.559207346544	0.613823102948	0.604639922668	0.644755920735	0.637506041566	0.749154180764	0.679555340744	0.602223296278	0.596423392943	0.579023682939	0.69453842436	0.519574673755	0.501691638473	0.505558240696	0.565973900435	0.547607539874	0.759787336878	0.509908168197	0.545674238763	0.522474625423	0.311744804253	0.0	0.586756887385	0.568873852102	0.574190430159	0.600289995167	0.772837119381	0.699855002417	0.599323344611	0.610923151281	0.596423392943	0.656839052682	0.625906234896	0.675205413243	0.675205413243	0.605123247946	0.640405993233	0.613823102948	0.770420492992	0.699855002417	0.750604156597	0.735621072982	0.703238279362	0.730304494925	0.652005799903	0.634122764621	0.643789270179	0.648622522958	0.644755920735	0.714354760754	0.663122281295	0.721604639923	0.60657322378	0.689221846303
AH7	0.585306911551	0.631706138231	0.952634122765	0.691155147414	0.697438376027	0.579990333494	0.725954567424	0.557274045433	0.530691155147	0.646689221846	0.53020782987	0.643789270179	0.641855969067	0.879168680522	0.681971967134	0.601256645723	0.52779120348	0.480425326245	0.87723537941	0.739004349928	0.565490575157	0.521507974867	0.507974867086	0.501208313195	0.837602706622	0.577573707105	0.487191880135	0.492508458192	0.553890768487	0.586756887385	0.0	0.339294345094	0.559207346544	0.609956500725	0.786370227163	0.722571290478	0.558240695988	0.652972450459	0.591590140164	0.681971967134	0.646205896568	0.756404059932	0.747220879652	0.658772353794	0.637506041566	0.616239729338	0.764137264379	0.720637989367	0.7593040116	0.739487675205	0.710971483809	0.739004349928	0.640405993233	0.631706138231	0.618173030449	0.634122764621	0.625422909618	0.72450459159	0.641855969067	0.719671338811	0.600289995167	0.710004833253
AH8	0.555824069599	0.581440309328	0.948284195263	0.652005799903	0.658289028516	0.532624456259	0.695988400193	0.509908168197	0.484291928468	0.599323344611	0.524407926535	0.60657322378	0.578540357661	0.867085548574	0.625906234896	0.554374093765	0.435476075399	0.382310294828	0.890768487192	0.739004349928	0.546640889319	0.475108748188	0.483325277912	0.477525374577	0.841952634123	0.562107298212	0.479458675689	0.470275495408	0.5186080232	0.568873852102	0.339294345094	0.0	0.502174963751	0.546157564041	0.757854035766	0.693088448526	0.540840985984	0.610923151281	0.540357660706	0.635572740454	0.596423392943	0.72692121798	0.700338327695	0.616239729338	0.584823586274	0.558240695988	0.710004833253	0.666988883519	0.71532141131	0.696955050749	0.65973900435	0.680038666022	0.582406959884	0.58095698405	0.571290478492	0.572740454326	0.570323827936	0.667472208797	0.587723537941	0.686321894635	0.536007733204	0.657805703238
AA5	0.587240212663	0.501691638473	0.950700821653	0.63653939101	0.608989850169	0.454809086515	0.637989366844	0.415659739004	0.385693571774	0.524891251812	0.432092798453	0.549057515708	0.521991300145	0.866602223296	0.552924117931	0.541324311261	0.431126147898	0.418076365394	0.919284678589	0.759787336878	0.551474142098	0.467858869019	0.462542290962	0.463992266796	0.893185113581	0.607539874335	0.438376027066	0.444175930401	0.50700821653	0.574190430159	0.559207346544	0.502174963751	0.0	0.348960850652	0.682455292412	0.59255679072	0.462058965684	0.468825519575	0.462058965684	0.572740454326	0.488158530691	0.630739487675	0.593040115998	0.484291928468	0.52779120348	0.468825519575	0.701788303528	0.638472692122	0.663605606573	0.655872402127	0.645239246013	0.678588690188	0.547124214596	0.559690671822	0.559207346544	0.5601739971	0.535524407927	0.660705654906	0.564523924601	0.656355727405	0.494441759304	0.62735621073
AA6	0.596906718221	0.508458192363	0.958917351377	0.660705654906	0.624456259062	0.465925567907	0.65973900435	0.456259062349	0.447559207347	0.545190913485	0.497825036249	0.564523924601	0.53020782987	0.871918801353	0.581923634606	0.551474142098	0.500241662639	0.479458675689	0.937651039149	0.775737071049	0.602706621556	0.511358144031	0.5186080232	0.521024649589	0.908651522475	0.620589656839	0.494441759304	0.506524891252	0.549540840986	0.600289995167	0.609956500725	0.546157564041	0.348960850652	0.0	0.679555340744	0.590623489609	0.512324794587	0.485258579024	0.477042049299	0.594490091832	0.497825036249	0.666505558241	0.622039632673	0.516674722088	0.455292411793	0.409376510391	0.696955050749	0.634122764621	0.663122281295	0.656355727405	0.640889318511	0.67133881102	0.54857419043	0.549057515708	0.553407443209	0.552440792653	0.551957467376	0.652489125181	0.570323827936	0.651522474625	0.503624939584	0.623972933784
AB5	0.74770420493	0.666988883519	0.969550507492	0.73610439826	0.631706138231	0.642339294345	0.741904301595	0.653939101015	0.668438859352	0.690188496858	0.674722087965	0.6389560174	0.670372160464	0.90043499275	0.71532141131	0.704204929918	0.708554857419	0.703238279362	0.946350894152	0.815369743838	0.811019816336	0.735137747704	0.750120831319	0.740454325761	0.929917834703	0.772353794103	0.711454809087	0.720154664089	0.750604156597	0.772837119381	0.786370227163	0.757854035766	0.682455292412	0.679555340744	0.0	0.329627839536	0.616239729338	0.653939101015	0.614789753504	0.631706138231	0.60657322378	0.748187530208	0.727404543258	0.636056065732	0.63653939101	0.628322861286	0.635089415176	0.618173030449	0.634122764621	0.607056549058	0.634606089899	0.624456259062	0.603673272112	0.598356694055	0.611889801837	0.611406476559	0.667955534074	0.60415659739	0.665055582407	0.61575640406	0.685355244079	0.621072982117
AB6	0.681971967134	0.601739971	0.963267278879	0.68970517158	0.597873368777	0.559690671822	0.674722087965	0.573223779604	0.589173513775	0.623006283229	0.612373127115	0.558240695988	0.613823102948	0.886418559691	0.652005799903	0.623006283229	0.641855969067	0.638472692122	0.933301111648	0.772353794103	0.74770420493	0.672305461576	0.675205413243	0.666022232963	0.916384726921	0.703238279362	0.639439342678	0.651522474625	0.677138714355	0.699855002417	0.722571290478	0.693088448526	0.59255679072	0.590623489609	0.329627839536	0.0	0.564523924601	0.579023682939	0.554374093765	0.565973900435	0.540840985984	0.676172063799	0.64572257129	0.545674238763	0.556307394877	0.53939101015	0.612373127115	0.56259062349	0.591106814886	0.567423876269	0.56935717738	0.591590140164	0.52537457709	0.546640889319	0.5601739971	0.55775737071	0.598356694055	0.560657322378	0.600773320445	0.57177380377	0.620106331561	0.546640889319
AC5	0.60657322378	0.570807153214	0.970033832769	0.660705654906	0.633639439343	0.464958917351	0.687771870469	0.458675688739	0.43740937651	0.563557274045	0.421459642339	0.57177380377	0.549057515708	0.883518608023	0.628322861286	0.585790236829	0.482841952634	0.460125664572	0.946350894152	0.783953600773	0.623489608507	0.550024166264	0.506524891252	0.483325277912	0.919284678589	0.633156114065	0.466408893185	0.478008699855	0.542774287095	0.599323344611	0.558240695988	0.540840985984	0.462058965684	0.512324794587	0.616239729338	0.564523924601	0.0	0.438859352344	0.424842919285	0.591106814886	0.52537457709	0.710971483809	0.662155630739	0.547607539874	0.487675205413	0.468342194297	0.619623006283	0.561623972934	0.612856452392	0.589656839053	0.577573707105	0.594490091832	0.505558240696	0.487191880135	0.492025132914	0.485741904302	0.567423876269	0.585790236829	0.590623489609	0.585790236829	0.51377477042	0.555340744321
AC6	0.635572740454	0.536491058482	0.950700821653	0.652489125181	0.574673755437	0.496858385694	0.552440792653	0.482358627356	0.513291445143	0.463508941518	0.544224262929	0.532624456259	0.563557274045	0.855485741904	0.549057515708	0.580473658772	0.576607056549	0.565490575157	0.920251329145	0.753020782987	0.652972450459	0.582890285162	0.601739971	0.579990333494	0.900918318028	0.611406476559	0.559690671822	0.556307394877	0.579990333494	0.610923151281	0.652972450459	0.610923151281	0.468825519575	0.485258579024	0.653939101015	0.579023682939	0.438859352344	0.0	0.51619139681	0.53020782987	0.496858385694	0.494441759304	0.4398260029	0.415659739004	0.556307394877	0.536007733204	0.686321894635	0.629772837119	0.65732237796	0.634606089899	0.64572257129	0.664088931851	0.572740454326	0.566940550991	0.572257129048	0.575157080715	0.563557274045	0.644755920735	0.588206863219	0.630739487675	0.554374093765	0.614306428226
AD6	0.603189946834	0.535524407927	0.969550507492	0.637989366844	0.591106814886	0.434026099565	0.647172547124	0.420492991783	0.432092798453	0.521024649589	0.440309328178	0.526341227646	0.52779120348	0.880618656356	0.600773320445	0.551474142098	0.479458675689	0.458192363461	0.940550990817	0.770420492992	0.608023199613	0.535524407927	0.530691155147	0.514741420976	0.909134847753	0.623489608507	0.502174963751	0.501691638473	0.534074432093	0.596423392943	0.591590140164	0.540357660706	0.462058965684	0.477042049299	0.614789753504	0.554374093765	0.424842919285	0.51619139681	0.0	0.55099081682	0.415659739004	0.703238279362	0.663605606573	0.53939101015	0.460125664572	0.436926051232	0.601739971	0.544707588207	0.578057032383	0.555824069599	0.551474142098	0.579990333494	0.470275495408	0.453842435959	0.464475592073	0.470275495408	0.540357660706	0.56259062349	0.549057515708	0.568873852102	0.479942000967	0.532624456259
AE5	0.634606089899	0.535524407927	0.970517158047	0.64572257129	0.545674238763	0.536491058482	0.579023682939	0.550507491542	0.598840019333	0.515224746254	0.619139681005	0.50700821653	0.567907201547	0.8796520058	0.542290961817	0.564040599323	0.612856452392	0.601739971	0.931851135814	0.762203963267	0.719671338811	0.647172547124	0.652972450459	0.629289511841	0.875785403577	0.664572257129	0.628322861286	0.616239729338	0.640405993233	0.656839052682	0.681971967134	0.635572740454	0.572740454326	0.594490091832	0.631706138231	0.565973900435	0.591106814886	0.53020782987	0.55099081682	0.0	0.352827452876	0.611406476559	0.575640405993	0.505558240696	0.635089415176	0.634122764621	0.647172547124	0.608023199613	0.619623006283	0.608023199613	0.625422909618	0.644272595457	0.541807636539	0.581440309328	0.599806669889	0.577090381827	0.558240695988	0.618656355727	0.556307394877	0.612373127115	0.574673755437	0.598840019333
AE6	0.598840019333	0.486708554857	0.969550507492	0.622039632673	0.535524407927	0.469308844853	0.580473658772	0.458192363461	0.506524891252	0.495891735138	0.534074432093	0.488158530691	0.502658289029	0.878202029966	0.53697438376	0.524891251812	0.539874335428	0.531174480425	0.932334461092	0.758337361044	0.676172063799	0.594006766554	0.603189946834	0.582890285162	0.897051715805	0.64572257129	0.564040599323	0.564523924601	0.599323344611	0.625906234896	0.646205896568	0.596423392943	0.488158530691	0.497825036249	0.60657322378	0.540840985984	0.52537457709	0.496858385694	0.415659739004	0.352827452876	0.0	0.641855969067	0.598840019333	0.473175447076	0.540357660706	0.535524407927	0.620589656839	0.564040599323	0.585790236829	0.569840502658	0.58095698405	0.603189946834	0.485741904302	0.485258579024	0.500724987917	0.497341710971	0.509908168197	0.583856935718	0.524407926535	0.578540357661	0.509908168197	0.554857419043
AF5	0.710971483809	0.644272595457	0.93523441276	0.677138714355	0.663122281295	0.678588690188	0.553890768487	0.651039149348	0.691155147414	0.584340260996	0.730304494925	0.635089415176	0.684871918801	0.845335911068	0.612373127115	0.670855485742	0.72450459159	0.722087965201	0.871918801353	0.723054615756	0.710004833253	0.685838569357	0.720154664089	0.713388110198	0.874818753021	0.687288545191	0.710488158531	0.687288545191	0.665055582407	0.675205413243	0.756404059932	0.72692121798	0.630739487675	0.666505558241	0.748187530208	0.676172063799	0.710971483809	0.494441759304	0.703238279362	0.611406476559	0.641855969067	0.0	0.286128564524	0.540840985984	0.727404543258	0.717254712421	0.775737071049	0.734654422426	0.757370710488	0.732721121315	0.745770903818	0.766553890768	0.701788303528	0.72450459159	0.732721121315	0.725954567424	0.679555340744	0.74528757854	0.684388593523	0.735621072982	0.71532141131	0.725471242146
AF6	0.699855002417	0.601256645723	0.940067665539	0.669888835186	0.644272595457	0.634606089899	0.537941034316	0.606089898502	0.64813919768	0.539874335428	0.68970517158	0.611406476559	0.643789270179	0.849685838569	0.567907201547	0.639439342678	0.684388593523	0.68293861769	0.875302078299	0.72450459159	0.711938134364	0.654905751571	0.695021749638	0.674722087965	0.879168680522	0.677622039633	0.669405509908	0.642822619623	0.646689221846	0.675205413243	0.747220879652	0.700338327695	0.593040115998	0.622039632673	0.727404543258	0.64572257129	0.662155630739	0.4398260029	0.663605606573	0.575640405993	0.598840019333	0.286128564524	0.0	0.504108264862	0.689221846303	0.676172063799	0.747220879652	0.705654905752	0.720154664089	0.697438376027	0.704204929918	0.730787820203	0.654905751571	0.684388593523	0.691638472692	0.677138714355	0.623006283229	0.70372160464	0.631706138231	0.700821652972	0.677138714355	0.676655389077
