	AA3	AA4	AB3	AB4	AC3	AC4	AD3	AD4	AE3	AE4	AF3	AF4	AG3	AG4	AH3	AH4	AA7	AA8	AB7	AB8	AC7	AC8	AD7	AD8	AE7	AE8	AF7	AF8	AG7	AG8	AH7	AH8	AA5	AA6	AB5	AB6	AC5	AC6	AD6	AE5	AE6	AF5	AF6	AG5	AH5	AH6	AA1	AA2	AB1	AB2	AC1	AC2	AD1	AD2	AE1	AE2	AF1	AF2	AG1	AG2	AH1	AH2
AA3	0.0	0.505074915418	0.929917834703	0.645239246013	0.665055582407	0.58095698405	0.688738521025	0.588206863219	0.572257129048	0.615273078782	0.617206379894	0.611889801837	0.593523441276	0.843885935234	0.652972450459	0.336877718705	0.58337361044	0.572257129048	0.855002416626	0.702754954084	0.617689705172	0.563073948768	0.595940067666	0.587240212663	0.831802803287	0.581923634606	0.56935717738	0.556790720155	0.572257129048	0.59255679072	0.593523441276	0.568390526825	0.587723537941	0.598356694055	0.741904301595	0.683905268246	0.621072982117	0.62493958434	0.60415659739	0.653455775737	0.602706621556	0.702271628806	0.687288545191	0.61575640406	0.640405993233	0.625422909618	0.684388593523	0.65973900435	0.710971483809	0.672788786854	0.646689221846	0.661672305462	0.579507008217	0.575640405993	0.579990333494	0.559690671822	0.582890285162	0.658289028516	0.601256645723	0.670855485742	0.592073465442	0.641855969067
AA4	0.505074915418	0.0	0.94441759304	0.572740454326	0.570807153214	0.500724987917	0.601256645723	0.470758820686	0.499275012083	0.509424842919	0.5601739971	0.509424842919	0.476558724021	0.850652489125	0.359594006767	0.378927017883	0.524891251812	0.533107781537	0.895118414693	0.726437892702	0.645239246013	0.577090381827	0.577573707105	0.577573707105	0.877718704688	0.617689705172	0.531657805703	0.534074432093	0.587723537941	0.62735621073	0.62493958434	0.579990333494	0.499275012083	0.516674722088	0.661188980184	0.588690188497	0.55099081682	0.505074915418	0.519574673755	0.546640889319	0.4813919768	0.62493958434	0.59497341711	0.50459159014	0.579990333494	0.553407443209	0.646689221846	0.585790236829	0.64572257129	0.598840019333	0.602223296278	0.629772837119	0.521991300145	0.509908168197	0.5186080232	0.521991300145	0.493475108748	0.616723054616	0.512324794587	0.596423392943	0.518124697922	0.565490575157
AB3	0.929917834703	0.94441759304	0.0	0.664572257129	0.914934751087	0.952150797487	0.954084098598	0.937167713871	0.929434509425	0.947317544708	0.969550507492	0.934267762204	0.960367327211	0.345577573707	0.960850652489	0.945384243596	0.970033832769	0.965683905268	0.750604156597	0.760270662156	0.894151764137	0.902368293862	0.955534074432	0.942000966651	0.850169163847	0.88883518608	0.938134364427	0.929434509425	0.845335911068	0.836152730788	0.950700821653	0.950700821653	0.952634122765	0.958917351377	0.969550507492	0.960850652489	0.969067182214	0.944900918318	0.970033832769	0.971000483325	0.970033832769	0.938134364427	0.930884485259	0.938617689705	0.971967133881	0.968100531658	0.971967133881	0.968100531658	0.96761720638	0.968583856936	0.973900434993	0.970033832769	0.973417109715	0.972933784437	0.974383760271	0.972933784437	0.968100531658	0.970033832769	0.967133881102	0.969067182214	0.971000483325	0.969550507492
AB4	0.645239246013	0.572740454326	0.664572257129	0.0	0.643305944901	0.618173030449	0.683421942968	0.607056549058	0.617689705172	0.616723054616	0.656355727405	0.624456259062	0.48380860319	0.547124214596	0.596423392943	0.600289995167	0.643305944901	0.62735621073	0.742870952151	0.579507008217	0.65973900435	0.623489608507	0.653455775737	0.639439342678	0.799420009667	0.637506041566	0.649105848236	0.635572740454	0.560657322378	0.599323344611	0.686321894635	0.652005799903	0.64572257129	0.651522474625	0.735621072982	0.678588690188	0.648622522958	0.629289511841	0.628806186564	0.65973900435	0.630739487675	0.662638956017	0.645239246013	0.616723054616	0.689221846303	0.665538907685	0.69212179797	0.659255679072	0.704688255196	0.678588690188	0.669888835186	0.672788786854	0.632672788787	0.631222812953	0.652005799903	0.633156114065	0.649589173514	0.676172063799	0.640405993233	0.664088931851	0.639922667956	0.658289028516
AC3	0.665055582407	0.570807153214	0.914934751087	0.643305944901	0.0	0.482841952634	0.651039149348	0.539874335428	0.566940550991	0.591590140164	0.627839536008	0.315128081199	0.608023199613	0.82648622523	0.587723537941	0.613823102948	0.620589656839	0.599323344611	0.873368777187	0.74770420493	0.732237796037	0.683905268246	0.719188013533	0.70372160464	0.836152730788	0.682455292412	0.655872402127	0.66892218463	0.665538907685	0.695021749638	0.710488158531	0.66892218463	0.611406476559	0.626872885452	0.614306428226	0.571290478492	0.611889801837	0.595456742388	0.570807153214	0.546157564041	0.54857419043	0.653939101015	0.641372643789	0.58095698405	0.64813919768	0.633156114065	0.575157080715	0.575157080715	0.578057032383	0.566940550991	0.586756887385	0.572740454326	0.535524407927	0.557274045433	0.578057032383	0.563557274045	0.613823102948	0.570323827936	0.617689705172	0.577573707105	0.608989850169	0.571290478492
AC4	0.58095698405	0.500724987917	0.952150797487	0.618173030449	0.482841952634	0.0	0.643305944901	0.410343160947	0.394393426776	0.514258095698	0.340744320928	0.409376510391	0.499275012083	0.862252295795	0.554374093765	0.533107781537	0.466408893185	0.443209279845	0.925084581924	0.755437409377	0.587240212663	0.543740937651	0.509908168197	0.499758337361	0.886418559691	0.588690188497	0.478975350411	0.494441759304	0.519574673755	0.586273562107	0.565007249879	0.519091348478	0.439342677622	0.475108748188	0.631222812953	0.565490575157	0.459642339294	0.531174480425	0.410343160947	0.557274045433	0.471725471242	0.679555340744	0.658289028516	0.525857902368	0.499275012083	0.478008699855	0.615273078782	0.569840502658	0.596906718221	0.570807153214	0.565007249879	0.595456742388	0.481875302078	0.492025132914	0.497825036249	0.487191880135	0.535041082649	0.586756887385	0.540357660706	0.565007249879	0.479942000967	0.547124214596
AD3	0.688738521025	0.601256645723	0.954084098598	0.683421942968	0.651039149348	0.643305944901	0.0	0.559207346544	0.663122281295	0.366843885935	0.706621556307	0.612373127115	0.655389076849	0.860318994683	0.58095698405	0.651522474625	0.695988400193	0.700821652972	0.937651039149	0.762203963267	0.741904301595	0.708071532141	0.714838086032	0.705654905752	0.908651522475	0.698888351861	0.71532141131	0.710488158531	0.706621556307	0.706621556307	0.735137747704	0.71290478492	0.657805703238	0.672305461576	0.744320927985	0.677138714355	0.686805219913	0.550024166264	0.644272595457	0.605123247946	0.593523441276	0.53939101015	0.515224746254	0.566940550991	0.724987916868	0.705654905752	0.758820686322	0.711454809087	0.752537457709	0.718704688255	0.713871435476	0.735621072982	0.669405509908	0.677622039633	0.689221846303	0.677622039633	0.648622522958	0.722571290478	0.660222329628	0.722087965201	0.706138231029	0.707588206863
AD4	0.588206863219	0.470758820686	0.937167713871	0.607056549058	0.539874335428	0.410343160947	0.559207346544	0.0	0.327694538424	0.405509908168	0.452875785404	0.480425326245	0.504108264862	0.846785886902	0.523924601257	0.533107781537	0.466408893185	0.458192363461	0.932334461092	0.7593040116	0.580473658772	0.532624456259	0.517641372644	0.503141614306	0.896085065249	0.595940067666	0.470758820686	0.476558724021	0.497341710971	0.565490575157	0.563073948768	0.511841469309	0.413243112615	0.453359110681	0.65732237796	0.56259062349	0.46302561624	0.478008699855	0.433542774287	0.553407443209	0.478008699855	0.629772837119	0.600773320445	0.482841952634	0.506524891252	0.482358627356	0.661672305462	0.602706621556	0.6389560174	0.614306428226	0.605606573224	0.635089415176	0.510391493475	0.526824552924	0.529241179314	0.52537457709	0.530691155147	0.620106331561	0.553407443209	0.618173030449	0.50459159014	0.582890285162
AE3	0.572257129048	0.499275012083	0.929434509425	0.617689705172	0.566940550991	0.394393426776	0.663122281295	0.327694538424	0.0	0.506524891252	0.419526341228	0.513291445143	0.511358144031	0.84485258579	0.55775737071	0.538907684872	0.465925567907	0.454809086515	0.918318028033	0.746254229096	0.543740937651	0.508458192363	0.490091831803	0.494925084582	0.889318511358	0.591590140164	0.455775737071	0.467858869019	0.487191880135	0.562107298212	0.551957467376	0.510874818753	0.41662638956	0.459159014016	0.662638956017	0.587723537941	0.455775737071	0.523924601257	0.434026099565	0.602223296278	0.528274528758	0.68293861769	0.65055582407	0.521507974867	0.494925084582	0.468825519575	0.660222329628	0.602706621556	0.6389560174	0.623489608507	0.606089898502	0.6389560174	0.520057999033	0.532624456259	0.534074432093	0.531657805703	0.537457709038	0.62735621073	0.558240695988	0.614789753504	0.505558240696	0.582406959884
AE4	0.615273078782	0.509424842919	0.947317544708	0.616723054616	0.591590140164	0.514258095698	0.366843885935	0.405509908168	0.506524891252	0.0	0.573707104882	0.543257612373	0.562107298212	0.851619139681	0.530691155147	0.560657322378	0.568873852102	0.576123731271	0.928951184147	0.753987433543	0.638472692122	0.579023682939	0.579507008217	0.566457225713	0.903334944418	0.610439826003	0.581440309328	0.571290478492	0.566457225713	0.595456742388	0.621072982117	0.578540357661	0.526341227646	0.544224262929	0.698405026583	0.615273078782	0.56259062349	0.453359110681	0.511358144031	0.549540840986	0.502658289029	0.572740454326	0.550024166264	0.486708554857	0.603189946834	0.58095698405	0.716771387144	0.667955534074	0.704688255196	0.683905268246	0.673272112131	0.695505074915	0.591590140164	0.595940067666	0.598356694055	0.602706621556	0.579990333494	0.684871918801	0.595456742388	0.679555340744	0.593040115998	0.650072498792
AF3	0.617206379894	0.5601739971	0.969550507492	0.656355727405	0.627839536008	0.340744320928	0.706621556307	0.452875785404	0.419526341228	0.573707104882	0.0	0.533107781537	0.540840985984	0.877718704688	0.60657322378	0.583856935718	0.447559207347	0.454809086515	0.957467375544	0.786370227163	0.588690188497	0.563073948768	0.439342677622	0.440309328178	0.924601256646	0.623489608507	0.445625906235	0.503141614306	0.531657805703	0.603673272112	0.529241179314	0.501691638473	0.445625906235	0.503141614306	0.677622039633	0.61575640406	0.412276462059	0.567907201547	0.453842435959	0.622522957951	0.539874335428	0.719188013533	0.696471725471	0.563073948768	0.50459159014	0.494441759304	0.667472208797	0.615273078782	0.667472208797	0.626872885452	0.610923151281	0.640405993233	0.544707588207	0.534557757371	0.536007733204	0.531174480425	0.577573707105	0.635572740454	0.587723537941	0.614306428226	0.504108264862	0.591106814886
AF4	0.611889801837	0.509424842919	0.934267762204	0.624456259062	0.315128081199	0.409376510391	0.612373127115	0.480425326245	0.513291445143	0.543257612373	0.533107781537	0.0	0.556790720155	0.840985983567	0.54857419043	0.555824069599	0.572740454326	0.556307394877	0.89125181247	0.722571290478	0.697438376027	0.642822619623	0.653455775737	0.638472692122	0.854035766071	0.636056065732	0.595456742388	0.610439826003	0.628806186564	0.655872402127	0.661188980184	0.617689705172	0.554857419043	0.573707104882	0.598840019333	0.515708071532	0.549540840986	0.544224262929	0.516674722088	0.505074915418	0.492025132914	0.62493958434	0.608023199613	0.535524407927	0.586273562107	0.565490575157	0.588690188497	0.544224262929	0.577573707105	0.542774287095	0.550024166264	0.565007249879	0.496858385694	0.509424842919	0.528757854036	0.523924601257	0.56259062349	0.558240695988	0.567907201547	0.538424359594	0.557274045433	0.524891251812
AG3	0.593523441276	0.476558724021	0.960367327211	0.48380860319	0.608023199613	0.499275012083	0.655389076849	0.504108264862	0.511358144031	0.562107298212	0.540840985984	0.556790720155	0.0	0.839536007733	0.515708071532	0.526341227646	0.509908168197	0.486708554857	0.929917834703	0.754954084099	0.649589173514	0.593040115998	0.574190430159	0.58337361044	0.884485258579	0.622522957951	0.538424359594	0.552924117931	0.595940067666	0.633156114065	0.628322861286	0.563073948768	0.520057999033	0.520057999033	0.660705654906	0.611406476559	0.528274528758	0.549057515708	0.509424842919	0.581923634606	0.515708071532	0.676655389077	0.651039149348	0.53939101015	0.565973900435	0.538907684872	0.628806186564	0.593040115998	0.632672788787	0.607539874335	0.593523441276	0.608506524891	0.513291445143	0.521024649589	0.534557757371	0.519574673755	0.540357660706	0.601256645723	0.552440792653	0.591106814886	0.497825036249	0.572257129048
AG4	0.843885935234	0.850652489125	0.345577573707	0.547124214596	0.82648622523	0.862252295795	0.860318994683	0.846785886902	0.84485258579	0.851619139681	0.877718704688	0.840985983567	0.839536007733	0.0	0.868535524408	0.851135814403	0.884001933301	0.880618656356	0.720154664089	0.683421942968	0.81488641856	0.817303044949	0.872402126631	0.859352344128	0.823586273562	0.805703238279	0.857902368294	0.84726921218	0.763653939101	0.751087481875	0.876268728855	0.867085548574	0.869502174964	0.875785403577	0.894151764137	0.878685355244	0.881101981634	0.849685838569	0.877718704688	0.879168680522	0.877718704688	0.851619139681	0.841952634123	0.851619139681	0.892218463026	0.882068632189	0.881101981634	0.882068632189	0.884485258579	0.877718704688	0.891735137748	0.883035282745	0.885935234413	0.883518608023	0.894151764137	0.884968583857	0.880618656356	0.882068632189	0.881101981634	0.880135331078	0.887385210246	0.883035282745
AH3	0.652972450459	0.359594006767	0.960850652489	0.596423392943	0.587723537941	0.554374093765	0.58095698405	0.523924601257	0.55775737071	0.530691155147	0.60657322378	0.54857419043	0.515708071532	0.868535524408	0.0	0.521507974867	0.579507008217	0.578057032383	0.922184630256	0.756404059932	0.690671822136	0.637506041566	0.624456259062	0.629772837119	0.900918318028	0.680038666022	0.609473175447	0.609473175447	0.645239246013	0.679072015466	0.679555340744	0.6389560174	0.539874335428	0.566457225713	0.696471725471	0.621556307395	0.602223296278	0.523924601257	0.56935717738	0.563557274045	0.537941034316	0.59497341711	0.559690671822	0.53020782987	0.637022716288	0.612856452392	0.684871918801	0.616723054616	0.663605606573	0.637022716288	0.633156114065	0.65732237796	0.575640405993	0.576123731271	0.576607056549	0.579990333494	0.55099081682	0.652005799903	0.551474142098	0.616239729338	0.579507008217	0.602706621556
AH4	0.336877718705	0.378927017883	0.945384243596	0.600289995167	0.613823102948	0.533107781537	0.651522474625	0.533107781537	0.538907684872	0.560657322378	0.583856935718	0.555824069599	0.526341227646	0.851135814403	0.521507974867	0.0	0.532624456259	0.539874335428	0.874335427743	0.714838086032	0.637989366844	0.572740454326	0.576123731271	0.570807153214	0.846785886902	0.593523441276	0.554374093765	0.545190913485	0.583856935718	0.615273078782	0.59255679072	0.551474142098	0.551474142098	0.556307394877	0.701788303528	0.6389560174	0.577573707105	0.576607056549	0.544707588207	0.599323344611	0.538907684872	0.666022232963	0.639922667956	0.566457225713	0.605606573224	0.584823586274	0.654422426293	0.614789753504	0.663605606573	0.624456259062	0.611889801837	0.630739487675	0.532141130981	0.52779120348	0.540840985984	0.525857902368	0.515224746254	0.623489608507	0.533591106815	0.628322861286	0.535041082649	0.592073465442
AA7	0.58337361044	0.524891251812	0.970033832769	0.643305944901	0.620589656839	0.466408893185	0.695988400193	0.466408893185	0.465925567907	0.568873852102	0.447559207347	0.572740454326	0.509908168197	0.884001933301	0.579507008217	0.532624456259	0.0	0.30546157564	0.922184630256	0.764620589657	0.589656839053	0.537457709038	0.470758820686	0.472692121798	0.872402126631	0.593523441276	0.433059449009	0.461575640406	0.532624456259	0.595456742388	0.509908168197	0.418559690672	0.425326244563	0.49299178347	0.697921701305	0.641855969067	0.451909134848	0.559207346544	0.495891735138	0.608023199613	0.537457709038	0.704688255196	0.679072015466	0.5601739971	0.541324311261	0.509908168197	0.670372160464	0.616239729338	0.666022232963	0.644272595457	0.60415659739	0.637989366844	0.521991300145	0.537457709038	0.53939101015	0.527307878202	0.523441275979	0.628806186564	0.540357660706	0.642822619623	0.506524891252	0.597390043499
AA8	0.572257129048	0.533107781537	0.965683905268	0.62735621073	0.599323344611	0.443209279845	0.700821652972	0.458192363461	0.454809086515	0.576123731271	0.454809086515	0.556307394877	0.486708554857	0.880618656356	0.578057032383	0.539874335428	0.30546157564	0.0	0.917351377477	0.759787336878	0.575157080715	0.526341227646	0.490091831803	0.496858385694	0.869018849686	0.590623489609	0.443692605123	0.45142580957	0.522957950701	0.590623489609	0.507974867086	0.397293378444	0.425809569841	0.479458675689	0.688255195747	0.631706138231	0.470275495408	0.568390526825	0.47462542291	0.608506524891	0.529241179314	0.717738037699	0.690671822136	0.56935717738	0.519091348478	0.492025132914	0.618656355727	0.588206863219	0.643789270179	0.617206379894	0.572740454326	0.597390043499	0.484775253746	0.510874818753	0.511841469309	0.492025132914	0.528757854036	0.582406959884	0.540840985984	0.616239729338	0.473175447076	0.57177380377
AB7	0.855002416626	0.895118414693	0.750604156597	0.742870952151	0.873368777187	0.925084581924	0.937651039149	0.932334461092	0.918318028033	0.928951184147	0.957467375544	0.89125181247	0.929917834703	0.720154664089	0.922184630256	0.874335427743	0.922184630256	0.917351377477	0.0	0.408409859836	0.820686321895	0.827452875785	0.927984533591	0.917351377477	0.735137747704	0.817303044949	0.890285161914	0.86805219913	0.737554374094	0.70130497825	0.878685355244	0.891735137748	0.926051232479	0.939101014983	0.93523441276	0.939101014983	0.94683421943	0.916384726921	0.952150797487	0.934267762204	0.933301111648	0.867568873852	0.882068632189	0.905268245529	0.960850652489	0.948767520541	0.9212179797	0.928467858869	0.930884485259	0.930884485259	0.925567907202	0.914934751087	0.915901401643	0.908651522475	0.915418076365	0.909134847753	0.911068148864	0.90961817303	0.9212179797	0.927501208313	0.948284195263	0.928951184147
AB8	0.702754954084	0.726437892702	0.760270662156	0.579507008217	0.74770420493	0.755437409377	0.762203963267	0.7593040116	0.746254229096	0.753987433543	0.786370227163	0.722571290478	0.754954084099	0.683421942968	0.756404059932	0.714838086032	0.764620589657	0.759787336878	0.408409859836	0.0	0.65732237796	0.659255679072	0.748670855486	0.741420976317	0.725471242146	0.643789270179	0.714354760754	0.695021749638	0.535041082649	0.5186080232	0.729337844369	0.726437892702	0.755920734654	0.762687288545	0.806669888835	0.76848719188	0.771870468826	0.739487675205	0.774287095215	0.753987433543	0.752054132431	0.710488158531	0.714838086032	0.72692121798	0.795070082165	0.77767037216	0.807153214113	0.760270662156	0.80328661189	0.773803769937	0.771870468826	0.774287095215	0.764137264379	0.75688738521	0.763170613823	0.753987433543	0.750120831319	0.764137264379	0.754470758821	0.7593040116	0.772353794103	0.758337361044
AC7	0.617689705172	0.645239246013	0.894151764137	0.65973900435	0.732237796037	0.587240212663	0.741904301595	0.580473658772	0.543740937651	0.638472692122	0.588690188497	0.697438376027	0.649589173514	0.81488641856	0.690671822136	0.637989366844	0.589656839053	0.575157080715	0.820686321895	0.65732237796	0.0	0.354760753987	0.555340744321	0.5601739971	0.827936201063	0.591106814886	0.528274528758	0.505558240696	0.471725471242	0.497341710971	0.568873852102	0.555340744321	0.544707588207	0.595456742388	0.809569840503	0.743837602707	0.628806186564	0.646689221846	0.61333977767	0.739971000483	0.672788786854	0.711454809087	0.698405026583	0.636056065732	0.626872885452	0.609473175447	0.81488641856	0.771387143548	0.810536491058	0.785886901885	0.754470758821	0.783470275495	0.683905268246	0.689221846303	0.684388593523	0.680038666022	0.663122281295	0.781053649106	0.679072015466	0.772353794103	0.62735621073	0.751087481875
AC8	0.563073948768	0.577090381827	0.902368293862	0.623489608507	0.683905268246	0.543740937651	0.708071532141	0.532624456259	0.508458192363	0.579023682939	0.563073948768	0.642822619623	0.593040115998	0.817303044949	0.637506041566	0.572740454326	0.537457709038	0.526341227646	0.827452875785	0.659255679072	0.354760753987	0.0	0.507974867086	0.510874818753	0.827936201063	0.543257612373	0.422909618173	0.394393426776	0.456259062349	0.483325277912	0.542290961817	0.512324794587	0.50459159014	0.538907684872	0.749637506042	0.680038666022	0.576607056549	0.585306911551	0.550024166264	0.670855485742	0.601739971	0.670372160464	0.654422426293	0.586273562107	0.576123731271	0.558724021266	0.741420976317	0.690671822136	0.743837602707	0.721604639923	0.681005316578	0.706621556307	0.609473175447	0.616723054616	0.614306428226	0.604639922668	0.593040115998	0.703238279362	0.608989850169	0.709521507975	0.562107298212	0.673272112131
AD7	0.595940067666	0.577573707105	0.955534074432	0.653455775737	0.719188013533	0.509908168197	0.714838086032	0.517641372644	0.490091831803	0.579507008217	0.439342677622	0.653455775737	0.574190430159	0.872402126631	0.624456259062	0.576123731271	0.470758820686	0.490091831803	0.927984533591	0.748670855486	0.555340744321	0.507974867086	0.0	0.297728371194	0.889318511358	0.519091348478	0.419526341228	0.457225712905	0.496858385694	0.563073948768	0.503624939584	0.462058965684	0.469308844853	0.529241179314	0.746737554374	0.672305461576	0.49299178347	0.583856935718	0.536491058482	0.662638956017	0.605606573224	0.714354760754	0.688255195747	0.59497341711	0.552924117931	0.539874335428	0.739004349928	0.684388593523	0.739971000483	0.714838086032	0.675205413243	0.70130497825	0.610439826003	0.608989850169	0.599806669889	0.600773320445	0.576123731271	0.696955050749	0.592073465442	0.698888351861	0.558724021266	0.664088931851
AD8	0.587240212663	0.577573707105	0.942000966651	0.639439342678	0.70372160464	0.499758337361	0.705654905752	0.503141614306	0.494925084582	0.566457225713	0.440309328178	0.638472692122	0.58337361044	0.859352344128	0.629772837119	0.570807153214	0.472692121798	0.496858385694	0.917351377477	0.741420976317	0.5601739971	0.510874818753	0.297728371194	0.0	0.854519091348	0.491058482359	0.417593040116	0.456259062349	0.478975350411	0.550507491542	0.496375060416	0.46302561624	0.481875302078	0.534557757371	0.742387626873	0.670372160464	0.476558724021	0.576607056549	0.531657805703	0.65732237796	0.599323344611	0.705654905752	0.682455292412	0.581923634606	0.555824069599	0.543257612373	0.731754470759	0.673755437409	0.735621072982	0.704204929918	0.664572257129	0.691638472692	0.605606573224	0.602706621556	0.595456742388	0.597390043499	0.58337361044	0.690671822136	0.597390043499	0.68970517158	0.558724021266	0.655389076849
AE7	0.831802803287	0.877718704688	0.850169163847	0.799420009667	0.836152730788	0.886418559691	0.908651522475	0.896085065249	0.889318511358	0.903334944418	0.924601256646	0.854035766071	0.884485258579	0.823586273562	0.900918318028	0.846785886902	0.872402126631	0.869018849686	0.735137747704	0.725471242146	0.827936201063	0.827936201063	0.889318511358	0.854519091348	0.0	0.535041082649	0.872402126631	0.849685838569	0.765587240213	0.764137264379	0.838086031899	0.839052682455	0.896568390527	0.910101498308	0.9212179797	0.918801353311	0.910584823586	0.901401643306	0.917351377477	0.881585306912	0.897535041083	0.879168680522	0.875785403577	0.870952150797	0.937651039149	0.920734654422	0.888351860802	0.901401643306	0.910101498308	0.897051715805	0.901884968584	0.898501691638	0.893185113581	0.891735137748	0.900918318028	0.889801836636	0.895118414693	0.890768487192	0.899951667472	0.903818269696	0.907684871919	0.90285161914
AE8	0.581923634606	0.617689705172	0.88883518608	0.637506041566	0.682455292412	0.588690188497	0.698888351861	0.595940067666	0.591590140164	0.610439826003	0.623489608507	0.636056065732	0.622522957951	0.805703238279	0.680038666022	0.593523441276	0.593523441276	0.590623489609	0.817303044949	0.643789270179	0.591106814886	0.543257612373	0.519091348478	0.491058482359	0.535041082649	0.0	0.574190430159	0.553407443209	0.515224746254	0.515708071532	0.568873852102	0.54857419043	0.605606573224	0.613823102948	0.754954084099	0.704204929918	0.618173030449	0.612373127115	0.619139681005	0.660705654906	0.631222812953	0.695505074915	0.672788786854	0.607056549058	0.634122764621	0.629289511841	0.741904301595	0.691638472692	0.765587240213	0.72450459159	0.687771870469	0.717738037699	0.646205896568	0.638472692122	0.634122764621	0.638472692122	0.636056065732	0.708071532141	0.656355727405	0.710004833253	0.608989850169	0.680038666022
AF7	0.56935717738	0.531657805703	0.938134364427	0.649105848236	0.655872402127	0.478975350411	0.71532141131	0.470758820686	0.455775737071	0.581440309328	0.445625906235	0.595456742388	0.538424359594	0.857902368294	0.609473175447	0.554374093765	0.433059449009	0.443692605123	0.890285161914	0.714354760754	0.528274528758	0.422909618173	0.419526341228	0.417593040116	0.872402126631	0.574190430159	0.0	0.307394876752	0.473658772354	0.544707588207	0.485258579024	0.466892218463	0.418076365394	0.484291928468	0.69212179797	0.629772837119	0.446109231513	0.548090865152	0.500724987917	0.61575640406	0.543740937651	0.69212179797	0.669888835186	0.554374093765	0.528757854036	0.506524891252	0.684871918801	0.633156114065	0.693571773804	0.666022232963	0.62493958434	0.646205896568	0.557274045433	0.556790720155	0.556307394877	0.551957467376	0.539874335428	0.648622522958	0.565490575157	0.651039149348	0.496375060416	0.611406476559
AF8	0.556790720155	0.534074432093	0.929434509425	0.635572740454	0.66892218463	0.494441759304	0.710488158531	0.476558724021	0.467858869019	0.571290478492	0.503141614306	0.610439826003	0.552924117931	0.84726921218	0.609473175447	0.545190913485	0.461575640406	0.45142580957	0.86805219913	0.695021749638	0.505558240696	0.394393426776	0.457225712905	0.456259062349	0.849685838569	0.553407443209	0.307394876752	0.0	0.45142580957	0.521991300145	0.510874818753	0.463508941518	0.431609473175	0.498308361527	0.713388110198	0.647655872402	0.499758337361	0.550024166264	0.520057999033	0.62493958434	0.554857419043	0.679555340744	0.658772353794	0.548090865152	0.53697438376	0.521991300145	0.691155147414	0.639439342678	0.70130497825	0.673755437409	0.638472692122	0.652972450459	0.565490575157	0.566940550991	0.562107298212	0.555340744321	0.541324311261	0.646205896568	0.556307394877	0.666505558241	0.508941517641	0.616723054616
AG7	0.572257129048	0.587723537941	0.845335911068	0.560657322378	0.665538907685	0.519574673755	0.706621556307	0.497341710971	0.487191880135	0.566457225713	0.531657805703	0.628806186564	0.595940067666	0.763653939101	0.645239246013	0.583856935718	0.532624456259	0.522957950701	0.737554374094	0.535041082649	0.471725471242	0.456259062349	0.496858385694	0.478975350411	0.765587240213	0.515224746254	0.473658772354	0.45142580957	0.0	0.317544707588	0.542774287095	0.496858385694	0.502174963751	0.555824069599	0.744320927985	0.675688738521	0.540357660706	0.569840502658	0.548090865152	0.653939101015	0.590140164331	0.65973900435	0.632189463509	0.552440792653	0.578540357661	0.564523924601	0.739004349928	0.677138714355	0.733204446593	0.708071532141	0.666988883519	0.70372160464	0.607539874335	0.611889801837	0.60415659739	0.602223296278	0.606089898502	0.692605123248	0.619623006283	0.697438376027	0.578540357661	0.659255679072
AG8	0.59255679072	0.62735621073	0.836152730788	0.599323344611	0.695021749638	0.586273562107	0.706621556307	0.565490575157	0.562107298212	0.595456742388	0.603673272112	0.655872402127	0.633156114065	0.751087481875	0.679072015466	0.615273078782	0.595456742388	0.590623489609	0.70130497825	0.5186080232	0.497341710971	0.483325277912	0.563073948768	0.550507491542	0.764137264379	0.515708071532	0.544707588207	0.521991300145	0.317544707588	0.0	0.579990333494	0.559690671822	0.579507008217	0.61333977767	0.776703721605	0.707104881585	0.602706621556	0.597873368777	0.598840019333	0.697438376027	0.632672788787	0.677138714355	0.652489125181	0.593040115998	0.632672788787	0.613823102948	0.773803769937	0.714838086032	0.766553890768	0.739004349928	0.706621556307	0.73852102465	0.663605606573	0.656839052682	0.654422426293	0.658772353794	0.658289028516	0.727404543258	0.674238762687	0.725471242146	0.631706138231	0.699855002417
AH7	0.593523441276	0.62493958434	0.950700821653	0.686321894635	0.710488158531	0.565007249879	0.735137747704	0.563073948768	0.551957467376	0.621072982117	0.529241179314	0.661188980184	0.628322861286	0.876268728855	0.679555340744	0.59255679072	0.509908168197	0.507974867086	0.878685355244	0.729337844369	0.568873852102	0.542290961817	0.503624939584	0.496375060416	0.838086031899	0.568873852102	0.485258579024	0.510874818753	0.542774287095	0.579990333494	0.0	0.329627839536	0.561140647656	0.617689705172	0.77767037216	0.72450459159	0.535041082649	0.652972450459	0.603673272112	0.689221846303	0.642339294345	0.762203963267	0.744804253262	0.643305944901	0.628322861286	0.618656355727	0.755437409377	0.725954567424	0.769453842436	0.740937651039	0.705171580474	0.731271145481	0.626389560174	0.640889318511	0.62493958434	0.628322861286	0.623489608507	0.726437892702	0.634606089899	0.725471242146	0.610439826003	0.707588206863
AH8	0.568390526825	0.579990333494	0.950700821653	0.652005799903	0.66892218463	0.519091348478	0.71290478492	0.511841469309	0.510874818753	0.578540357661	0.501691638473	0.617689705172	0.563073948768	0.867085548574	0.6389560174	0.551474142098	0.418559690672	0.397293378444	0.891735137748	0.726437892702	0.555340744321	0.512324794587	0.462058965684	0.46302561624	0.839052682455	0.54857419043	0.466892218463	0.463508941518	0.496858385694	0.559690671822	0.329627839536	0.0	0.49540840986	0.55099081682	0.73610439826	0.674238762687	0.506524891252	0.592073465442	0.542774287095	0.632189463509	0.581923634606	0.711938134364	0.689221846303	0.589656839053	0.566940550991	0.554374093765	0.701788303528	0.667955534074	0.719188013533	0.686321894635	0.651522474625	0.669405509908	0.564523924601	0.581923634606	0.572740454326	0.569840502658	0.56259062349	0.661188980184	0.581923634606	0.675688738521	0.547124214596	0.650072498792
AA5	0.587723537941	0.499275012083	0.952634122765	0.64572257129	0.611406476559	0.439342677622	0.657805703238	0.413243112615	0.41662638956	0.526341227646	0.445625906235	0.554857419043	0.520057999033	0.869502174964	0.539874335428	0.551474142098	0.425326244563	0.425809569841	0.926051232479	0.755920734654	0.544707588207	0.50459159014	0.469308844853	0.481875302078	0.896568390527	0.605606573224	0.418076365394	0.431609473175	0.502174963751	0.579507008217	0.561140647656	0.49540840986	0.0	0.355244079265	0.672788786854	0.583856935718	0.463992266796	0.474142097632	0.467858869019	0.562107298212	0.478492025133	0.623489608507	0.595940067666	0.481875302078	0.515224746254	0.470758820686	0.696471725471	0.640405993233	0.678588690188	0.658289028516	0.647172547124	0.672305461576	0.529241179314	0.562107298212	0.564523924601	0.551957467376	0.525857902368	0.660705654906	0.557274045433	0.643789270179	0.506524891252	0.61575640406
AA6	0.598356694055	0.516674722088	0.958917351377	0.651522474625	0.626872885452	0.475108748188	0.672305461576	0.453359110681	0.459159014016	0.544224262929	0.503141614306	0.573707104882	0.520057999033	0.875785403577	0.566457225713	0.556307394877	0.49299178347	0.479458675689	0.939101014983	0.762687288545	0.595456742388	0.538907684872	0.529241179314	0.534557757371	0.910101498308	0.613823102948	0.484291928468	0.498308361527	0.555824069599	0.61333977767	0.617689705172	0.55099081682	0.355244079265	0.0	0.666022232963	0.575157080715	0.512324794587	0.507491541808	0.471725471242	0.579990333494	0.495891735138	0.655872402127	0.626872885452	0.518124697922	0.447559207347	0.41662638956	0.685355244079	0.634606089899	0.674238762687	0.651522474625	0.631706138231	0.65732237796	0.529241179314	0.552924117931	0.55775737071	0.540357660706	0.533107781537	0.648622522958	0.563073948768	0.642822619623	0.515224746254	0.609473175447
AB5	0.741904301595	0.661188980184	0.969550507492	0.735621072982	0.614306428226	0.631222812953	0.744320927985	0.65732237796	0.662638956017	0.698405026583	0.677622039633	0.598840019333	0.660705654906	0.894151764137	0.696471725471	0.701788303528	0.697921701305	0.688255195747	0.93523441276	0.806669888835	0.809569840503	0.749637506042	0.746737554374	0.742387626873	0.9212179797	0.754954084099	0.69212179797	0.713388110198	0.744320927985	0.776703721605	0.77767037216	0.73610439826	0.672788786854	0.666022232963	0.0	0.33107781537	0.625422909618	0.670372160464	0.619139681005	0.610923151281	0.614306428226	0.73610439826	0.738037699372	0.666022232963	0.642339294345	0.62735621073	0.626389560174	0.621072982117	0.634122764621	0.608023199613	0.635089415176	0.62735621073	0.601256645723	0.602706621556	0.61575640406	0.619623006283	0.662638956017	0.616239729338	0.664572257129	0.619623006283	0.668438859352	0.626389560174
AB6	0.683905268246	0.588690188497	0.960850652489	0.678588690188	0.571290478492	0.565490575157	0.677138714355	0.56259062349	0.587723537941	0.615273078782	0.61575640406	0.515708071532	0.611406476559	0.878685355244	0.621556307395	0.6389560174	0.641855969067	0.631706138231	0.939101014983	0.76848719188	0.743837602707	0.680038666022	0.672305461576	0.670372160464	0.918801353311	0.704204929918	0.629772837119	0.647655872402	0.675688738521	0.707104881585	0.72450459159	0.674238762687	0.583856935718	0.575157080715	0.33107781537	0.0	0.572257129048	0.580473658772	0.550024166264	0.561140647656	0.555824069599	0.652972450459	0.651522474625	0.564523924601	0.552440792653	0.537457709038	0.600289995167	0.547607539874	0.595456742388	0.565007249879	0.566940550991	0.578057032383	0.515224746254	0.556790720155	0.567907201547	0.572740454326	0.598840019333	0.563073948768	0.600773320445	0.559207346544	0.617206379894	0.547124214596
AC5	0.621072982117	0.55099081682	0.969067182214	0.648622522958	0.611889801837	0.459642339294	0.686805219913	0.46302561624	0.455775737071	0.56259062349	0.412276462059	0.549540840986	0.528274528758	0.881101981634	0.602223296278	0.577573707105	0.451909134848	0.470275495408	0.94683421943	0.771870468826	0.628806186564	0.576607056549	0.49299178347	0.476558724021	0.910584823586	0.618173030449	0.446109231513	0.499758337361	0.540357660706	0.602706621556	0.535041082649	0.506524891252	0.463992266796	0.512324794587	0.625422909618	0.572257129048	0.0	0.461575640406	0.441275978734	0.591106814886	0.513291445143	0.707104881585	0.669888835186	0.546640889319	0.477042049299	0.462058965684	0.61333977767	0.565007249879	0.623006283229	0.587240212663	0.562107298212	0.587240212663	0.50700821653	0.490575157081	0.485741904302	0.510391493475	0.568873852102	0.581923634606	0.582890285162	0.572740454326	0.521507974867	0.544707588207
AC6	0.62493958434	0.505074915418	0.944900918318	0.629289511841	0.595456742388	0.531174480425	0.550024166264	0.478008699855	0.523924601257	0.453359110681	0.567907201547	0.544224262929	0.549057515708	0.849685838569	0.523924601257	0.576607056549	0.559207346544	0.568390526825	0.916384726921	0.739487675205	0.646689221846	0.585306911551	0.583856935718	0.576607056549	0.901401643306	0.612373127115	0.548090865152	0.550024166264	0.569840502658	0.597873368777	0.652972450459	0.592073465442	0.474142097632	0.507491541808	0.670372160464	0.580473658772	0.461575640406	0.0	0.517641372644	0.52537457709	0.497825036249	0.478492025133	0.447559207347	0.421942967617	0.566457225713	0.551957467376	0.681488641856	0.627839536008	0.675205413243	0.640889318511	0.637989366844	0.661672305462	0.572740454326	0.58095698405	0.58337361044	0.580473658772	0.550024166264	0.648622522958	0.577573707105	0.634122764621	0.563557274045	0.612856452392
AD6	0.60415659739	0.519574673755	0.970033832769	0.628806186564	0.570807153214	0.410343160947	0.644272595457	0.433542774287	0.434026099565	0.511358144031	0.453842435959	0.516674722088	0.509424842919	0.877718704688	0.56935717738	0.544707588207	0.495891735138	0.47462542291	0.952150797487	0.774287095215	0.61333977767	0.550024166264	0.536491058482	0.531657805703	0.917351377477	0.619139681005	0.500724987917	0.520057999033	0.548090865152	0.598840019333	0.603673272112	0.542774287095	0.467858869019	0.471725471242	0.619139681005	0.550024166264	0.441275978734	0.517641372644	0.0	0.53939101015	0.405993233446	0.6805219913	0.65055582407	0.53020782987	0.474142097632	0.458675688739	0.608506524891	0.554857419043	0.59255679072	0.567907201547	0.562107298212	0.586756887385	0.463508941518	0.469308844853	0.470275495408	0.475592073465	0.535041082649	0.574190430159	0.545190913485	0.568873852102	0.478492025133	0.529724504592
AE5	0.653455775737	0.546640889319	0.971000483325	0.65973900435	0.546157564041	0.557274045433	0.605123247946	0.553407443209	0.602223296278	0.549540840986	0.622522957951	0.505074915418	0.581923634606	0.879168680522	0.563557274045	0.599323344611	0.608023199613	0.608506524891	0.934267762204	0.753987433543	0.739971000483	0.670855485742	0.662638956017	0.65732237796	0.881585306912	0.660705654906	0.61575640406	0.62493958434	0.653939101015	0.697438376027	0.689221846303	0.632189463509	0.562107298212	0.579990333494	0.610923151281	0.561140647656	0.591106814886	0.52537457709	0.53939101015	0.0	0.365877235379	0.602706621556	0.599323344611	0.517158047366	0.632189463509	0.623972933784	0.634122764621	0.602706621556	0.632672788787	0.597390043499	0.623489608507	0.633156114065	0.546640889319	0.575157080715	0.598356694055	0.561623972934	0.563073948768	0.608506524891	0.568390526825	0.596906718221	0.578540357661	0.602706621556
AE6	0.602706621556	0.4813919768	0.970033832769	0.630739487675	0.54857419043	0.471725471242	0.593523441276	0.478008699855	0.528274528758	0.502658289029	0.539874335428	0.492025132914	0.515708071532	0.877718704688	0.537941034316	0.538907684872	0.537457709038	0.529241179314	0.933301111648	0.752054132431	0.672788786854	0.601739971	0.605606573224	0.599323344611	0.897535041083	0.631222812953	0.543740937651	0.554857419043	0.590140164331	0.632672788787	0.642339294345	0.581923634606	0.478492025133	0.495891735138	0.614306428226	0.555824069599	0.513291445143	0.497825036249	0.405993233446	0.365877235379	0.0	0.634606089899	0.607539874335	0.479458675689	0.552440792653	0.529724504592	0.614789753504	0.573223779604	0.61333977767	0.58095698405	0.586273562107	0.607056549058	0.488641855969	0.493475108748	0.504108264862	0.497341710971	0.516674722088	0.59497341711	0.539874335428	0.58095698405	0.498791686805	0.555824069599
AF5	0.702271628806	0.62493958434	0.938134364427	0.662638956017	0.653939101015	0.679555340744	0.53939101015	0.629772837119	0.68293861769	0.572740454326	0.719188013533	0.62493958434	0.676655389077	0.851619139681	0.59497341711	0.666022232963	0.704688255196	0.717738037699	0.867568873852	0.710488158531	0.711454809087	0.670372160464	0.714354760754	0.705654905752	0.879168680522	0.695505074915	0.69212179797	0.679555340744	0.65973900435	0.677138714355	0.762203963267	0.711938134364	0.623489608507	0.655872402127	0.73610439826	0.652972450459	0.707104881585	0.478492025133	0.6805219913	0.602706621556	0.634606089899	0.0	0.272595456742	0.531657805703	0.72450459159	0.706138231029	0.751570807153	0.709521507975	0.750604156597	0.719671338811	0.732237796037	0.744320927985	0.684871918801	0.708554857419	0.725954567424	0.704204929918	0.661672305462	0.728371193813	0.675205413243	0.700338327695	0.709038182697	0.711454809087
AF6	0.687288545191	0.59497341711	0.930884485259	0.645239246013	0.641372643789	0.658289028516	0.515224746254	0.600773320445	0.65055582407	0.550024166264	0.696471725471	0.608023199613	0.651039149348	0.841952634123	0.559690671822	0.639922667956	0.679072015466	0.690671822136	0.882068632189	0.714838086032	0.698405026583	0.654422426293	0.688255195747	0.682455292412	0.875785403577	0.672788786854	0.669888835186	0.658772353794	0.632189463509	0.652489125181	0.744804253262	0.689221846303	0.595940067666	0.626872885452	0.738037699372	0.651522474625	0.669888835186	0.447559207347	0.65055582407	0.599323344611	0.607539874335	0.272595456742	0.0	0.501208313195	0.702754954084	0.684388593523	0.746254229096	0.691638472692	0.739004349928	0.709038182697	0.703238279362	0.72692121798	0.659255679072	0.677622039633	0.692605123248	0.679555340744	0.632672788787	0.716288061866	0.646689221846	0.687771870469	0.685838569357	0.68293861769
