	AA3	AA4	AB3	AB4	AC3	AC4	AD3	AD4	AE3	AE4	AF3	AF4	AG3	AG4	AH3	AH4	AA7	AA8	AB7	AB8	AC7	AC8	AD7	AD8	AE7	AE8	AF7	AF8	AG7	AG8	AH7	AH8	AA5	AA6	AB5	AB6	AC5	AC6	AD6	AE5	AE6	AF5	AF6	AG5	AH5	AH6	AA1	AA2	AB1	AB2	AC1	AC2	AD1	AD2	AE1	AE2	AF1	AF2	AG1	AG2	AH1	AH2
AA3	0.0	0.50459159014	0.936684388594	0.635572740454	0.661672305462	0.578057032383	0.685355244079	0.576607056549	0.581440309328	0.636056065732	0.619139681005	0.632189463509	0.59255679072	0.864668922185	0.640889318511	0.328177863702	0.570807153214	0.568873852102	0.859835669406	0.717254712421	0.613823102948	0.567423876269	0.595940067666	0.585790236829	0.836152730788	0.593040115998	0.584340260996	0.567423876269	0.590140164331	0.595940067666	0.590623489609	0.562107298212	0.590623489609	0.600773320445	0.75688738521	0.683905268246	0.605606573224	0.631222812953	0.597390043499	0.623972933784	0.602706621556	0.722571290478	0.704204929918	0.63653939101	0.62493958434	0.623489608507	0.684871918801	0.663605606573	0.726437892702	0.671822136298	0.637989366844	0.675205413243	0.578540357661	0.570323827936	0.576607056549	0.578057032383	0.589656839053	0.670372160464	0.588690188497	0.653455775737	0.587240212663	0.652972450459
AA4	0.50459159014	0.0	0.952634122765	0.576123731271	0.56259062349	0.491058482359	0.59497341711	0.489608506525	0.501691638473	0.521024649589	0.561140647656	0.511841469309	0.463992266796	0.869502174964	0.351377477042	0.383276945384	0.520541324311	0.524407926535	0.896568390527	0.731754470759	0.658289028516	0.574673755437	0.592073465442	0.601256645723	0.87046882552	0.627839536008	0.555824069599	0.554374093765	0.605606573224	0.621556307395	0.631706138231	0.572740454326	0.502174963751	0.508941517641	0.660705654906	0.58337361044	0.570807153214	0.517158047366	0.522474625423	0.51619139681	0.48380860319	0.61575640406	0.603673272112	0.523441275979	0.585790236829	0.568390526825	0.6389560174	0.584823586274	0.621072982117	0.597390043499	0.582890285162	0.621556307395	0.535524407927	0.508941517641	0.537457709038	0.53020782987	0.498791686805	0.625422909618	0.507491541808	0.572257129048	0.529724504592	0.58337361044
AB3	0.936684388594	0.952634122765	0.0	0.681488641856	0.924601256646	0.954084098598	0.962300628323	0.945384243596	0.942000966651	0.961333977767	0.977767037216	0.937651039149	0.969550507492	0.323344610923	0.966167230546	0.947800869986	0.978250362494	0.974867085549	0.724987916868	0.765103914935	0.892218463026	0.913968100532	0.96520057999	0.95360077332	0.853069115515	0.90961817303	0.951667472209	0.931851135814	0.849685838569	0.837602706622	0.957467375544	0.961817303045	0.962300628323	0.964717254712	0.980666988884	0.971967133881	0.97680038666	0.957467375544	0.980183663606	0.980183663606	0.977283711938	0.946350894152	0.933301111648	0.954567423876	0.983566940551	0.97680038666	0.978250362494	0.978250362494	0.975350410826	0.976317061382	0.980183663606	0.97921701305	0.978733687772	0.978733687772	0.983083615273	0.977767037216	0.978733687772	0.97921701305	0.977767037216	0.977767037216	0.978733687772	0.977283711938
AB4	0.635572740454	0.576123731271	0.681488641856	0.0	0.634606089899	0.600773320445	0.688255195747	0.608989850169	0.619139681005	0.630739487675	0.651039149348	0.603189946834	0.488641855969	0.581440309328	0.600773320445	0.605123247946	0.634122764621	0.630256162397	0.724987916868	0.574673755437	0.653455775737	0.624456259062	0.661672305462	0.655872402127	0.796520057999	0.641372643789	0.656839052682	0.633156114065	0.554374093765	0.589656839053	0.691155147414	0.645239246013	0.643789270179	0.654905751571	0.737071048816	0.662155630739	0.643305944901	0.637989366844	0.62493958434	0.634606089899	0.621556307395	0.658289028516	0.66892218463	0.630739487675	0.687771870469	0.678588690188	0.697438376027	0.66892218463	0.697438376027	0.668438859352	0.664572257129	0.680038666022	0.640405993233	0.634122764621	0.65732237796	0.632189463509	0.640889318511	0.684871918801	0.633639439343	0.649105848236	0.65055582407	0.65973900435
AC3	0.661672305462	0.56259062349	0.924601256646	0.634606089899	0.0	0.494925084582	0.639922667956	0.540357660706	0.568390526825	0.578057032383	0.61575640406	0.330111164814	0.607539874335	0.848719188014	0.590623489609	0.612856452392	0.60415659739	0.611889801837	0.867085548574	0.744320927985	0.726437892702	0.667955534074	0.717254712421	0.716771387144	0.83325277912	0.678588690188	0.655872402127	0.672305461576	0.676172063799	0.685838569357	0.702271628806	0.656839052682	0.601739971	0.62493958434	0.639439342678	0.582890285162	0.631222812953	0.585306911551	0.590140164331	0.562107298212	0.545674238763	0.640889318511	0.665055582407	0.559690671822	0.652972450459	0.646205896568	0.595456742388	0.597873368777	0.585790236829	0.575157080715	0.594006766554	0.584823586274	0.556790720155	0.567907201547	0.586273562107	0.566457225713	0.617206379894	0.58095698405	0.617206379894	0.575640405993	0.608989850169	0.589656839053
AC4	0.578057032383	0.491058482359	0.954084098598	0.600773320445	0.494925084582	0.0	0.617689705172	0.392460125665	0.403093281779	0.496375060416	0.365877235379	0.413726437893	0.525857902368	0.875302078299	0.554857419043	0.524407926535	0.471725471242	0.470275495408	0.912518124698	0.748670855486	0.582890285162	0.528274528758	0.522957950701	0.523924601257	0.88883518608	0.592073465442	0.490575157081	0.513291445143	0.524891251812	0.558724021266	0.575157080715	0.514258095698	0.445142580957	0.46302561624	0.64572257129	0.560657322378	0.46302561624	0.509424842919	0.423392943451	0.537457709038	0.471725471242	0.666022232963	0.652972450459	0.496375060416	0.514741420976	0.484775253746	0.64572257129	0.591106814886	0.607539874335	0.59255679072	0.581923634606	0.622039632673	0.500241662639	0.500241662639	0.520541324311	0.493958434026	0.533591106815	0.621556307395	0.545674238763	0.565007249879	0.472692121798	0.574190430159
AD3	0.685355244079	0.59497341711	0.962300628323	0.688255195747	0.639922667956	0.617689705172	0.0	0.529724504592	0.643305944901	0.373610439826	0.684871918801	0.599323344611	0.647655872402	0.885451909135	0.5601739971	0.643305944901	0.68970517158	0.687771870469	0.938134364427	0.776220396327	0.719188013533	0.70130497825	0.708071532141	0.693088448526	0.915901401643	0.698405026583	0.704688255196	0.696471725471	0.696471725471	0.698888351861	0.725471242146	0.697921701305	0.629772837119	0.658289028516	0.740454325761	0.660705654906	0.681971967134	0.529241179314	0.642822619623	0.585790236829	0.588690188497	0.550024166264	0.534074432093	0.564040599323	0.70372160464	0.698888351861	0.770420492992	0.711454809087	0.728854519091	0.720154664089	0.706138231029	0.74528757854	0.663122281295	0.666022232963	0.680038666022	0.660705654906	0.635089415176	0.729337844369	0.632189463509	0.709038182697	0.696955050749	0.713388110198
AD4	0.576607056549	0.489608506525	0.945384243596	0.608989850169	0.540357660706	0.392460125665	0.529724504592	0.0	0.31706138231	0.391493475109	0.429676172064	0.489608506525	0.531657805703	0.865152247463	0.523441275979	0.52537457709	0.464958917351	0.465925567907	0.927984533591	0.758820686322	0.559690671822	0.507491541808	0.498791686805	0.491058482359	0.894635089415	0.597390043499	0.458675688739	0.475108748188	0.49540840986	0.558724021266	0.55099081682	0.494441759304	0.387143547608	0.436926051232	0.654422426293	0.573707104882	0.443209279845	0.473658772354	0.418559690672	0.532141130981	0.455775737071	0.628806186564	0.612373127115	0.46302561624	0.517641372644	0.497825036249	0.671822136298	0.60657322378	0.637989366844	0.623972933784	0.607539874335	0.647172547124	0.524891251812	0.506041565974	0.52779120348	0.520057999033	0.536007733204	0.642822619623	0.548090865152	0.608506524891	0.499275012083	0.603189946834
AE3	0.581440309328	0.501691638473	0.942000966651	0.619139681005	0.568390526825	0.403093281779	0.643305944901	0.31706138231	0.0	0.506041565974	0.403576607057	0.507491541808	0.521507974867	0.868535524408	0.547607539874	0.534557757371	0.441275978734	0.442725954567	0.928467858869	0.766070565491	0.550024166264	0.488158530691	0.493958434026	0.498308361527	0.894151764137	0.60657322378	0.441759304012	0.46302561624	0.484291928468	0.558724021266	0.553407443209	0.486708554857	0.401643305945	0.440309328178	0.65732237796	0.582406959884	0.432576123731	0.53020782987	0.420492991783	0.593040115998	0.514258095698	0.6805219913	0.662638956017	0.510874818753	0.494441759304	0.463508941518	0.659255679072	0.598840019333	0.630256162397	0.617206379894	0.592073465442	0.639439342678	0.512808119865	0.507974867086	0.522957950701	0.514741420976	0.544707588207	0.637506041566	0.564040599323	0.599323344611	0.496858385694	0.591590140164
AE4	0.636056065732	0.521024649589	0.961333977767	0.630739487675	0.578057032383	0.496375060416	0.373610439826	0.391493475109	0.506041565974	0.0	0.56259062349	0.531657805703	0.563557274045	0.883035282745	0.51619139681	0.56935717738	0.572257129048	0.57177380377	0.947800869986	0.778153697438	0.65973900435	0.599806669889	0.603673272112	0.59497341711	0.913001449976	0.629772837119	0.583856935718	0.579023682939	0.587723537941	0.612856452392	0.654422426293	0.598840019333	0.514258095698	0.535524407927	0.677138714355	0.600289995167	0.557274045433	0.452392460126	0.518124697922	0.511358144031	0.492025132914	0.576607056549	0.558724021266	0.472692121798	0.589656839053	0.583856935718	0.706138231029	0.647172547124	0.676655389077	0.666988883519	0.643789270179	0.683905268246	0.584823586274	0.559690671822	0.575640405993	0.569840502658	0.556790720155	0.6805219913	0.570323827936	0.652489125181	0.578057032383	0.64813919768
AF3	0.619139681005	0.561140647656	0.977767037216	0.651039149348	0.61575640406	0.365877235379	0.684871918801	0.429676172064	0.403576607057	0.56259062349	0.0	0.520057999033	0.56259062349	0.898985016916	0.602706621556	0.586273562107	0.457225712905	0.439342677622	0.956984050266	0.78927017883	0.587240212663	0.549540840986	0.447559207347	0.464958917351	0.9212179797	0.631222812953	0.439342677622	0.502174963751	0.528757854036	0.600773320445	0.530691155147	0.492508458192	0.425809569841	0.485258579024	0.672305461576	0.60657322378	0.40744320928	0.559207346544	0.43064282262	0.612373127115	0.53939101015	0.713871435476	0.699855002417	0.543257612373	0.50459159014	0.475592073465	0.65973900435	0.605606573224	0.652005799903	0.618173030449	0.599806669889	0.643789270179	0.531174480425	0.506524891252	0.52537457709	0.521507974867	0.586756887385	0.65055582407	0.597390043499	0.591106814886	0.500724987917	0.59255679072
AF4	0.632189463509	0.511841469309	0.937651039149	0.603189946834	0.330111164814	0.413726437893	0.599323344611	0.489608506525	0.507491541808	0.531657805703	0.520057999033	0.0	0.55775737071	0.855485741904	0.539874335428	0.575157080715	0.569840502658	0.581440309328	0.880618656356	0.720637989367	0.69453842436	0.631222812953	0.664088931851	0.65973900435	0.845819236346	0.62735621073	0.610923151281	0.631222812953	0.636056065732	0.644272595457	0.663122281295	0.614789753504	0.549057515708	0.57177380377	0.623972933784	0.529724504592	0.573223779604	0.542774287095	0.535524407927	0.51619139681	0.49540840986	0.621072982117	0.626389560174	0.519574673755	0.593523441276	0.579990333494	0.608989850169	0.564523924601	0.580473658772	0.558240695988	0.555824069599	0.587723537941	0.51619139681	0.531657805703	0.54857419043	0.524891251812	0.566940550991	0.58095698405	0.572740454326	0.539874335428	0.570323827936	0.556307394877
AG3	0.59255679072	0.463992266796	0.969550507492	0.488641855969	0.607539874335	0.525857902368	0.647655872402	0.531657805703	0.521507974867	0.563557274045	0.56259062349	0.55775737071	0.0	0.869502174964	0.503624939584	0.527307878202	0.505074915418	0.506524891252	0.925567907202	0.760270662156	0.674238762687	0.596906718221	0.60415659739	0.611406476559	0.881585306912	0.630739487675	0.558724021266	0.572257129048	0.612856452392	0.635089415176	0.64572257129	0.573223779604	0.528757854036	0.535524407927	0.671822136298	0.601256645723	0.555340744321	0.550024166264	0.52537457709	0.555824069599	0.515708071532	0.660222329628	0.643789270179	0.55099081682	0.591590140164	0.575157080715	0.635089415176	0.582890285162	0.62493958434	0.610439826003	0.590140164331	0.61575640406	0.529241179314	0.52779120348	0.553890768487	0.532624456259	0.531174480425	0.622522957951	0.54857419043	0.587240212663	0.520057999033	0.579507008217
AG4	0.864668922185	0.869502174964	0.323344610923	0.581440309328	0.848719188014	0.875302078299	0.885451909135	0.865152247463	0.868535524408	0.883035282745	0.898985016916	0.855485741904	0.869502174964	0.0	0.886418559691	0.86805219913	0.905751570807	0.903818269696	0.704688255196	0.695505074915	0.826969550507	0.842435959401	0.893668438859	0.883518608023	0.825036249396	0.840019333011	0.878685355244	0.85886901885	0.779120347994	0.765587240213	0.893668438859	0.885451909135	0.88883518608	0.890285161914	0.914934751087	0.90043499275	0.904784920251	0.881585306912	0.900918318028	0.898501691638	0.895601739971	0.864185596907	0.855969067182	0.8796520058	0.911551474142	0.902368293862	0.898501691638	0.903818269696	0.899468342194	0.894635089415	0.907684871919	0.899951667472	0.903818269696	0.899951667472	0.908168197197	0.901401643306	0.904301594973	0.902368293862	0.903818269696	0.899468342194	0.908651522475	0.906718221363
AH3	0.640889318511	0.351377477042	0.966167230546	0.600773320445	0.590623489609	0.554857419043	0.5601739971	0.523441275979	0.547607539874	0.51619139681	0.602706621556	0.539874335428	0.503624939584	0.886418559691	0.0	0.521024649589	0.574673755437	0.576607056549	0.926534557757	0.767520541324	0.684388593523	0.619623006283	0.622039632673	0.63653939101	0.900918318028	0.67133881102	0.61575640406	0.608023199613	0.642339294345	0.663605606573	0.675205413243	0.611889801837	0.52779120348	0.55775737071	0.698405026583	0.622039632673	0.613823102948	0.524407926535	0.569840502658	0.541324311261	0.532141130981	0.587240212663	0.572740454326	0.540840985984	0.632189463509	0.618173030449	0.698405026583	0.62735621073	0.656355727405	0.652489125181	0.63653939101	0.674722087965	0.591106814886	0.570807153214	0.585306911551	0.585306911551	0.541807636539	0.674722087965	0.537457709038	0.627839536008	0.577090381827	0.621072982117
AH4	0.328177863702	0.383276945384	0.947800869986	0.605123247946	0.612856452392	0.524407926535	0.643305944901	0.52537457709	0.534557757371	0.56935717738	0.586273562107	0.575157080715	0.527307878202	0.86805219913	0.521024649589	0.0	0.538907684872	0.540840985984	0.878202029966	0.725471242146	0.621556307395	0.555824069599	0.574190430159	0.565973900435	0.850652489125	0.588206863219	0.565007249879	0.549057515708	0.576123731271	0.591590140164	0.593523441276	0.546157564041	0.544707588207	0.542290961817	0.706138231029	0.629772837119	0.574673755437	0.570807153214	0.541807636539	0.566457225713	0.528757854036	0.667955534074	0.649589173514	0.576607056549	0.595456742388	0.58095698405	0.667472208797	0.61575640406	0.672305461576	0.629772837119	0.617689705172	0.64813919768	0.545190913485	0.524891251812	0.546157564041	0.52779120348	0.523924601257	0.643305944901	0.519091348478	0.607539874335	0.546640889319	0.614306428226
AA7	0.570807153214	0.520541324311	0.978250362494	0.634122764621	0.60415659739	0.471725471242	0.68970517158	0.464958917351	0.441275978734	0.572257129048	0.457225712905	0.569840502658	0.505074915418	0.905751570807	0.574673755437	0.538907684872	0.0	0.280811986467	0.910584823586	0.767037216046	0.577573707105	0.507974867086	0.492508458192	0.498791686805	0.870952150797	0.596906718221	0.45142580957	0.459159014016	0.527307878202	0.58095698405	0.521024649589	0.39584340261	0.412759787337	0.468342194297	0.708554857419	0.638472692122	0.472692121798	0.563073948768	0.46979217013	0.593040115998	0.541324311261	0.705654905752	0.695988400193	0.559690671822	0.551474142098	0.510391493475	0.658772353794	0.616239729338	0.660705654906	0.627839536008	0.585306911551	0.632189463509	0.511358144031	0.509424842919	0.526824552924	0.514258095698	0.528757854036	0.632189463509	0.545674238763	0.608506524891	0.49540840986	0.60415659739
AA8	0.568873852102	0.524407926535	0.974867085549	0.630256162397	0.611889801837	0.470275495408	0.687771870469	0.465925567907	0.442725954567	0.57177380377	0.439342677622	0.581440309328	0.506524891252	0.903818269696	0.576607056549	0.540840985984	0.280811986467	0.0	0.913001449976	0.765103914935	0.565973900435	0.492025132914	0.468342194297	0.480425326245	0.872885451909	0.598840019333	0.429192846786	0.449492508458	0.521024649589	0.579990333494	0.47220879652	0.362010633156	0.399226679555	0.469308844853	0.714354760754	0.639439342678	0.451909134848	0.565007249879	0.463992266796	0.595940067666	0.545674238763	0.707104881585	0.697921701305	0.563073948768	0.53939101015	0.509908168197	0.653939101015	0.606089898502	0.660222329628	0.629772837119	0.586756887385	0.627839536008	0.51619139681	0.499275012083	0.526341227646	0.508458192363	0.529724504592	0.625906234896	0.546157564041	0.61333977767	0.485741904302	0.593523441276
AB7	0.859835669406	0.896568390527	0.724987916868	0.724987916868	0.867085548574	0.912518124698	0.938134364427	0.927984533591	0.928467858869	0.947800869986	0.956984050266	0.880618656356	0.925567907202	0.704688255196	0.926534557757	0.878202029966	0.910584823586	0.913001449976	0.0	0.415176413726	0.809086515225	0.830836152731	0.934267762204	0.919284678589	0.732237796037	0.811019816336	0.905268245529	0.867085548574	0.741904301595	0.697438376027	0.881101981634	0.898501691638	0.926051232479	0.934751087482	0.947317544708	0.928467858869	0.947317544708	0.916868052199	0.952634122765	0.928467858869	0.931367810536	0.876752054132	0.872402126631	0.910584823586	0.967133881102	0.948767520541	0.917834702755	0.927501208313	0.93281778637	0.922184630256	0.927501208313	0.91445142581	0.914934751087	0.912518124698	0.918318028033	0.915901401643	0.924117931368	0.91203479942	0.926534557757	0.919284678589	0.950700821653	0.925084581924
AB8	0.717254712421	0.731754470759	0.765103914935	0.574673755437	0.744320927985	0.748670855486	0.776220396327	0.758820686322	0.766070565491	0.778153697438	0.78927017883	0.720637989367	0.760270662156	0.695505074915	0.767520541324	0.725471242146	0.767037216046	0.765103914935	0.415176413726	0.0	0.652005799903	0.664572257129	0.759787336878	0.744320927985	0.733204446593	0.657805703238	0.733204446593	0.697921701305	0.536491058482	0.517641372644	0.737071048816	0.744804253262	0.762687288545	0.771870468826	0.815369743838	0.767520541324	0.773320444659	0.748670855486	0.780570323828	0.759787336878	0.754954084099	0.731271145481	0.727887868536	0.743354277429	0.807153214113	0.78927017883	0.805703238279	0.768970517158	0.786853552441	0.766070565491	0.778637022716	0.779603673272	0.768003866602	0.762687288545	0.771870468826	0.762687288545	0.760270662156	0.776220396327	0.760753987434	0.753504108265	0.778637022716	0.768003866602
AC7	0.613823102948	0.658289028516	0.892218463026	0.653455775737	0.726437892702	0.582890285162	0.719188013533	0.559690671822	0.550024166264	0.65973900435	0.587240212663	0.69453842436	0.674238762687	0.826969550507	0.684388593523	0.621556307395	0.577573707105	0.565973900435	0.809086515225	0.652005799903	0.0	0.367327211213	0.569840502658	0.561623972934	0.82165297245	0.596423392943	0.547124214596	0.50700821653	0.464958917351	0.497341710971	0.563557274045	0.538907684872	0.550507491542	0.578057032383	0.807153214113	0.737071048816	0.610439826003	0.647655872402	0.594006766554	0.71290478492	0.67133881102	0.721121314645	0.699371677139	0.634122764621	0.637506041566	0.605123247946	0.808119864669	0.760270662156	0.793136781054	0.783953600773	0.736587723538	0.787820202997	0.678105364911	0.661188980184	0.674238762687	0.670855485742	0.674238762687	0.794103431609	0.674238762687	0.755920734654	0.617689705172	0.753504108265
AC8	0.567423876269	0.574673755437	0.913968100532	0.624456259062	0.667955534074	0.528274528758	0.70130497825	0.507491541808	0.488158530691	0.599806669889	0.549540840986	0.631222812953	0.596906718221	0.842435959401	0.619623006283	0.555824069599	0.507974867086	0.492025132914	0.830836152731	0.664572257129	0.367327211213	0.0	0.498791686805	0.503141614306	0.828902851619	0.551474142098	0.408893185114	0.365877235379	0.44224262929	0.470758820686	0.528757854036	0.473175447076	0.489608506525	0.504108264862	0.734171097148	0.661672305462	0.547124214596	0.578057032383	0.530691155147	0.631222812953	0.59255679072	0.665538907685	0.65055582407	0.569840502658	0.575640405993	0.536491058482	0.726437892702	0.679555340744	0.719671338811	0.707588206863	0.658289028516	0.701788303528	0.591590140164	0.579990333494	0.597390043499	0.589173513775	0.577573707105	0.710488158531	0.584340260996	0.679555340744	0.53697438376	0.670372160464
AD7	0.595940067666	0.592073465442	0.96520057999	0.661672305462	0.717254712421	0.522957950701	0.708071532141	0.498791686805	0.493958434026	0.603673272112	0.447559207347	0.664088931851	0.60415659739	0.893668438859	0.622039632673	0.574190430159	0.492508458192	0.468342194297	0.934267762204	0.759787336878	0.569840502658	0.498791686805	0.0	0.304978250362	0.896568390527	0.540357660706	0.426292895118	0.459642339294	0.499758337361	0.561623972934	0.499275012083	0.464958917351	0.470758820686	0.523441275979	0.747220879652	0.674238762687	0.501691638473	0.597390043499	0.535041082649	0.642339294345	0.60415659739	0.716771387144	0.701788303528	0.600289995167	0.577090381827	0.547124214596	0.743354277429	0.685838569357	0.739004349928	0.717738037699	0.671822136298	0.709038182697	0.61575640406	0.590140164331	0.601739971	0.605123247946	0.594490091832	0.721604639923	0.594006766554	0.683905268246	0.557274045433	0.678105364911
AD8	0.585790236829	0.601256645723	0.95360077332	0.655872402127	0.716771387144	0.523924601257	0.693088448526	0.491058482359	0.498308361527	0.59497341711	0.464958917351	0.65973900435	0.611406476559	0.883518608023	0.63653939101	0.565973900435	0.498791686805	0.480425326245	0.919284678589	0.744320927985	0.561623972934	0.503141614306	0.304978250362	0.0	0.853069115515	0.49299178347	0.424842919285	0.46060898985	0.4813919768	0.538907684872	0.497341710971	0.471242145964	0.48622522958	0.530691155147	0.758337361044	0.677138714355	0.499275012083	0.590623489609	0.531174480425	0.63653939101	0.600289995167	0.710971483809	0.693088448526	0.59497341711	0.581440309328	0.548090865152	0.753987433543	0.689221846303	0.741904301595	0.722571290478	0.674722087965	0.717254712421	0.621072982117	0.596906718221	0.611889801837	0.603673272112	0.60657322378	0.725954567424	0.611889801837	0.687771870469	0.565007249879	0.675205413243
AE7	0.836152730788	0.87046882552	0.853069115515	0.796520057999	0.83325277912	0.88883518608	0.915901401643	0.894635089415	0.894151764137	0.913001449976	0.9212179797	0.845819236346	0.881585306912	0.825036249396	0.900918318028	0.850652489125	0.870952150797	0.872885451909	0.732237796037	0.733204446593	0.82165297245	0.828902851619	0.896568390527	0.853069115515	0.0	0.543740937651	0.886901884969	0.851619139681	0.760270662156	0.757370710488	0.838086031899	0.848719188014	0.898018366361	0.905268245529	0.933784436926	0.913484775254	0.915418076365	0.900918318028	0.918801353311	0.87723537941	0.901884968584	0.876752054132	0.872402126631	0.877718704688	0.943934267762	0.9212179797	0.895118414693	0.901401643306	0.911551474142	0.89125181247	0.900918318028	0.898501691638	0.894151764137	0.889801836636	0.904784920251	0.89125181247	0.905268245529	0.889318511358	0.903818269696	0.893185113581	0.915901401643	0.895601739971
AE8	0.593040115998	0.627839536008	0.90961817303	0.641372643789	0.678588690188	0.592073465442	0.698405026583	0.597390043499	0.60657322378	0.629772837119	0.631222812953	0.62735621073	0.630739487675	0.840019333011	0.67133881102	0.588206863219	0.596906718221	0.598840019333	0.811019816336	0.657805703238	0.596423392943	0.551474142098	0.540357660706	0.49299178347	0.543740937651	0.0	0.594490091832	0.557274045433	0.527307878202	0.511841469309	0.578540357661	0.56935717738	0.617689705172	0.623972933784	0.763653939101	0.696471725471	0.62493958434	0.615273078782	0.631706138231	0.632189463509	0.635089415176	0.687771870469	0.664088931851	0.599323344611	0.658289028516	0.633156114065	0.745770903818	0.688255195747	0.750120831319	0.706621556307	0.686321894635	0.72692121798	0.649589173514	0.620106331561	0.639922667956	0.629772837119	0.636056065732	0.720637989367	0.642822619623	0.686805219913	0.62493958434	0.686805219913
AF7	0.584340260996	0.555824069599	0.951667472209	0.656839052682	0.655872402127	0.490575157081	0.704688255196	0.458675688739	0.441759304012	0.583856935718	0.439342677622	0.610923151281	0.558724021266	0.878685355244	0.61575640406	0.565007249879	0.45142580957	0.429192846786	0.905268245529	0.733204446593	0.547124214596	0.408893185114	0.426292895118	0.424842919285	0.886901884969	0.594490091832	0.0	0.319961333978	0.481875302078	0.531174480425	0.494441759304	0.465925567907	0.415176413726	0.459642339294	0.693088448526	0.61575640406	0.444175930401	0.551957467376	0.4813919768	0.620589656839	0.546640889319	0.690188496858	0.6805219913	0.536007733204	0.53020782987	0.493475108748	0.66892218463	0.625906234896	0.673272112131	0.666022232963	0.610923151281	0.646689221846	0.544224262929	0.529724504592	0.545190913485	0.541807636539	0.55099081682	0.651039149348	0.567907201547	0.633639439343	0.485741904302	0.61575640406
AF8	0.567423876269	0.554374093765	0.931851135814	0.633156114065	0.672305461576	0.513291445143	0.696471725471	0.475108748188	0.46302561624	0.579023682939	0.502174963751	0.631222812953	0.572257129048	0.85886901885	0.608023199613	0.549057515708	0.459159014016	0.449492508458	0.867085548574	0.697921701305	0.50700821653	0.365877235379	0.459642339294	0.46060898985	0.851619139681	0.557274045433	0.319961333978	0.0	0.450942484292	0.498308361527	0.507491541808	0.45142580957	0.433542774287	0.482841952634	0.719188013533	0.64572257129	0.485258579024	0.556307394877	0.50459159014	0.606089898502	0.565490575157	0.669405509908	0.655872402127	0.549540840986	0.565007249879	0.524891251812	0.692605123248	0.649105848236	0.696955050749	0.686805219913	0.638472692122	0.67133881102	0.569840502658	0.54857419043	0.572257129048	0.561623972934	0.548090865152	0.678588690188	0.558240695988	0.655872402127	0.510874818753	0.638472692122
AG7	0.590140164331	0.605606573224	0.849685838569	0.554374093765	0.676172063799	0.524891251812	0.696471725471	0.49540840986	0.484291928468	0.587723537941	0.528757854036	0.636056065732	0.612856452392	0.779120347994	0.642339294345	0.576123731271	0.527307878202	0.521024649589	0.741904301595	0.536491058482	0.464958917351	0.44224262929	0.499758337361	0.4813919768	0.760270662156	0.527307878202	0.481875302078	0.450942484292	0.0	0.314161430643	0.540357660706	0.502174963751	0.502174963751	0.534074432093	0.749637506042	0.669888835186	0.521991300145	0.575157080715	0.543257612373	0.631706138231	0.60657322378	0.658289028516	0.63653939101	0.568390526825	0.60415659739	0.573707104882	0.744320927985	0.68970517158	0.730304494925	0.715804736588	0.666988883519	0.717738037699	0.625422909618	0.605606573224	0.61575640406	0.607056549058	0.627839536008	0.72692121798	0.625422909618	0.683421942968	0.582890285162	0.672788786854
AG8	0.595940067666	0.621556307395	0.837602706622	0.589656839053	0.685838569357	0.558724021266	0.698888351861	0.558724021266	0.558724021266	0.612856452392	0.600773320445	0.644272595457	0.635089415176	0.765587240213	0.663605606573	0.591590140164	0.58095698405	0.579990333494	0.697438376027	0.517641372644	0.497341710971	0.470758820686	0.561623972934	0.538907684872	0.757370710488	0.511841469309	0.531174480425	0.498308361527	0.314161430643	0.0	0.571290478492	0.553407443209	0.565490575157	0.579023682939	0.7593040116	0.675688738521	0.578057032383	0.581440309328	0.585790236829	0.641855969067	0.620589656839	0.670372160464	0.639439342678	0.579023682939	0.633156114065	0.594490091832	0.751570807153	0.700338327695	0.737071048816	0.722087965201	0.684388593523	0.725954567424	0.642822619623	0.622039632673	0.634606089899	0.623972933784	0.640889318511	0.734171097148	0.643305944901	0.688255195747	0.60415659739	0.686805219913
AH7	0.590623489609	0.631706138231	0.957467375544	0.691155147414	0.702271628806	0.575157080715	0.725471242146	0.55099081682	0.553407443209	0.654422426293	0.530691155147	0.663122281295	0.64572257129	0.893668438859	0.675205413243	0.593523441276	0.521024649589	0.47220879652	0.881101981634	0.737071048816	0.563557274045	0.528757854036	0.499275012083	0.497341710971	0.838086031899	0.578540357661	0.494441759304	0.507491541808	0.540357660706	0.571290478492	0.0	0.325277912035	0.544707588207	0.594490091832	0.782986950217	0.723537941034	0.556307394877	0.650072498792	0.598356694055	0.663605606573	0.652489125181	0.765587240213	0.743837602707	0.641855969067	0.654422426293	0.616723054616	0.756404059932	0.72692121798	0.764620589657	0.734171097148	0.70130497825	0.738037699372	0.62493958434	0.618656355727	0.622039632673	0.633156114065	0.6389560174	0.74528757854	0.637022716288	0.700821652972	0.608989850169	0.715804736588
AH8	0.562107298212	0.572740454326	0.961817303045	0.645239246013	0.656839052682	0.514258095698	0.697921701305	0.494441759304	0.486708554857	0.598840019333	0.492508458192	0.614789753504	0.573223779604	0.885451909135	0.611889801837	0.546157564041	0.39584340261	0.362010633156	0.898501691638	0.744804253262	0.538907684872	0.473175447076	0.464958917351	0.471242145964	0.848719188014	0.56935717738	0.465925567907	0.45142580957	0.502174963751	0.553407443209	0.325277912035	0.0	0.476558724021	0.520057999033	0.749637506042	0.681488641856	0.51619139681	0.604639922668	0.528274528758	0.611406476559	0.590140164331	0.720637989367	0.703238279362	0.594490091832	0.58095698405	0.553407443209	0.702271628806	0.670855485742	0.712421459642	0.679555340744	0.641372643789	0.680038666022	0.57177380377	0.5601739971	0.576123731271	0.577090381827	0.564040599323	0.690188496858	0.570323827936	0.650072498792	0.542290961817	0.65732237796
AA5	0.590623489609	0.502174963751	0.962300628323	0.643789270179	0.601739971	0.445142580957	0.629772837119	0.387143547608	0.401643305945	0.514258095698	0.425809569841	0.549057515708	0.528757854036	0.88883518608	0.52779120348	0.544707588207	0.412759787337	0.399226679555	0.926051232479	0.762687288545	0.550507491542	0.489608506525	0.470758820686	0.48622522958	0.898018366361	0.617689705172	0.415176413726	0.433542774287	0.502174963751	0.565490575157	0.544707588207	0.476558724021	0.0	0.33107781537	0.681005316578	0.587723537941	0.445625906235	0.47462542291	0.450942484292	0.545674238763	0.478975350411	0.615273078782	0.597873368777	0.464958917351	0.523924601257	0.478975350411	0.696955050749	0.644755920735	0.662155630739	0.654422426293	0.638472692122	0.6805219913	0.538907684872	0.539874335428	0.566457225713	0.544707588207	0.533107781537	0.674722087965	0.552440792653	0.631706138231	0.502174963751	0.631222812953
AA6	0.600773320445	0.508941517641	0.964717254712	0.654905751571	0.62493958434	0.46302561624	0.658289028516	0.436926051232	0.440309328178	0.535524407927	0.485258579024	0.57177380377	0.535524407927	0.890285161914	0.55775737071	0.542290961817	0.468342194297	0.469308844853	0.934751087482	0.771870468826	0.578057032383	0.504108264862	0.523441275979	0.530691155147	0.905268245529	0.623972933784	0.459642339294	0.482841952634	0.534074432093	0.579023682939	0.594490091832	0.520057999033	0.33107781537	0.0	0.671822136298	0.578057032383	0.494925084582	0.499275012083	0.456742387627	0.57177380377	0.497825036249	0.64813919768	0.630739487675	0.487675205413	0.460125664572	0.417109714838	0.687288545191	0.637022716288	0.662638956017	0.658772353794	0.62735621073	0.671822136298	0.540840985984	0.534074432093	0.558240695988	0.541807636539	0.539874335428	0.669405509908	0.564040599323	0.62735621073	0.506524891252	0.629772837119
AB5	0.75688738521	0.660705654906	0.980666988884	0.737071048816	0.639439342678	0.64572257129	0.740454325761	0.654422426293	0.65732237796	0.677138714355	0.672305461576	0.623972933784	0.671822136298	0.914934751087	0.698405026583	0.706138231029	0.708554857419	0.714354760754	0.947317544708	0.815369743838	0.807153214113	0.734171097148	0.747220879652	0.758337361044	0.933784436926	0.763653939101	0.693088448526	0.719188013533	0.749637506042	0.7593040116	0.782986950217	0.749637506042	0.681005316578	0.671822136298	0.0	0.316094731754	0.625422909618	0.663605606573	0.626389560174	0.630739487675	0.603189946834	0.718221362977	0.740454325761	0.635089415176	0.625422909618	0.618656355727	0.618656355727	0.616723054616	0.618173030449	0.601739971	0.620106331561	0.614306428226	0.591106814886	0.609473175447	0.618656355727	0.619623006283	0.663605606573	0.598356694055	0.667955534074	0.610923151281	0.668438859352	0.615273078782
AB6	0.683905268246	0.58337361044	0.971967133881	0.662155630739	0.582890285162	0.560657322378	0.660705654906	0.573707104882	0.582406959884	0.600289995167	0.60657322378	0.529724504592	0.601256645723	0.90043499275	0.622039632673	0.629772837119	0.638472692122	0.639439342678	0.928467858869	0.767520541324	0.737071048816	0.661672305462	0.674238762687	0.677138714355	0.913484775254	0.696471725471	0.61575640406	0.64572257129	0.669888835186	0.675688738521	0.723537941034	0.681488641856	0.587723537941	0.578057032383	0.316094731754	0.0	0.568390526825	0.574190430159	0.559690671822	0.561140647656	0.520057999033	0.652972450459	0.65732237796	0.522957950701	0.563557274045	0.545674238763	0.606089898502	0.554374093765	0.58337361044	0.56935717738	0.555340744321	0.588206863219	0.517158047366	0.554374093765	0.561140647656	0.555340744321	0.587240212663	0.576123731271	0.59255679072	0.55099081682	0.609956500725	0.55099081682
AC5	0.605606573224	0.570807153214	0.97680038666	0.643305944901	0.631222812953	0.46302561624	0.681971967134	0.443209279845	0.432576123731	0.557274045433	0.40744320928	0.573223779604	0.555340744321	0.904784920251	0.613823102948	0.574673755437	0.472692121798	0.451909134848	0.947317544708	0.773320444659	0.610439826003	0.547124214596	0.501691638473	0.499275012083	0.915418076365	0.62493958434	0.444175930401	0.485258579024	0.521991300145	0.578057032383	0.556307394877	0.51619139681	0.445625906235	0.494925084582	0.625422909618	0.568390526825	0.0	0.448525857902	0.42822619623	0.570807153214	0.517158047366	0.698405026583	0.679072015466	0.531657805703	0.503141614306	0.471725471242	0.619139681005	0.579990333494	0.622522957951	0.589656839053	0.561623972934	0.608506524891	0.511358144031	0.479458675689	0.500241662639	0.488641855969	0.573223779604	0.60657322378	0.579990333494	0.574190430159	0.50700821653	0.563073948768
AC6	0.631222812953	0.517158047366	0.957467375544	0.637989366844	0.585306911551	0.509424842919	0.529241179314	0.473658772354	0.53020782987	0.452392460126	0.559207346544	0.542774287095	0.550024166264	0.881585306912	0.524407926535	0.570807153214	0.563073948768	0.565007249879	0.916868052199	0.748670855486	0.647655872402	0.578057032383	0.597390043499	0.590623489609	0.900918318028	0.615273078782	0.551957467376	0.556307394877	0.575157080715	0.581440309328	0.650072498792	0.604639922668	0.47462542291	0.499275012083	0.663605606573	0.574190430159	0.448525857902	0.0	0.522474625423	0.514741420976	0.50459159014	0.46060898985	0.444659255679	0.411793136781	0.579990333494	0.555340744321	0.687288545191	0.6389560174	0.666505558241	0.640889318511	0.632189463509	0.670855485742	0.579990333494	0.554857419043	0.575640405993	0.570807153214	0.556790720155	0.664572257129	0.576607056549	0.620589656839	0.553890768487	0.628806186564
AD6	0.597390043499	0.522474625423	0.980183663606	0.62493958434	0.590140164331	0.423392943451	0.642822619623	0.418559690672	0.420492991783	0.518124697922	0.43064282262	0.535524407927	0.52537457709	0.900918318028	0.569840502658	0.541807636539	0.46979217013	0.463992266796	0.952634122765	0.780570323828	0.594006766554	0.530691155147	0.535041082649	0.531174480425	0.918801353311	0.631706138231	0.4813919768	0.50459159014	0.543257612373	0.585790236829	0.598356694055	0.528274528758	0.450942484292	0.456742387627	0.626389560174	0.559690671822	0.42822619623	0.522474625423	0.0	0.545190913485	0.420976317061	0.687288545191	0.674722087965	0.51619139681	0.476075398743	0.453359110681	0.606089898502	0.553407443209	0.591106814886	0.568390526825	0.554857419043	0.588690188497	0.4813919768	0.451909134848	0.48380860319	0.462058965684	0.538907684872	0.583856935718	0.550024166264	0.557274045433	0.459159014016	0.547124214596
AE5	0.623972933784	0.51619139681	0.980183663606	0.634606089899	0.562107298212	0.537457709038	0.585790236829	0.532141130981	0.593040115998	0.511358144031	0.612373127115	0.51619139681	0.555824069599	0.898501691638	0.541324311261	0.566457225713	0.593040115998	0.595940067666	0.928467858869	0.759787336878	0.71290478492	0.631222812953	0.642339294345	0.63653939101	0.87723537941	0.632189463509	0.620589656839	0.606089898502	0.631706138231	0.641855969067	0.663605606573	0.611406476559	0.545674238763	0.57177380377	0.630739487675	0.561140647656	0.570807153214	0.514741420976	0.545190913485	0.0	0.357660705655	0.604639922668	0.597390043499	0.507491541808	0.625906234896	0.615273078782	0.652489125181	0.611406476559	0.639922667956	0.611406476559	0.610923151281	0.644272595457	0.539874335428	0.558240695988	0.587240212663	0.543257612373	0.542774287095	0.644272595457	0.550024166264	0.59497341711	0.575157080715	0.608023199613
AE6	0.602706621556	0.48380860319	0.977283711938	0.621556307395	0.545674238763	0.471725471242	0.588690188497	0.455775737071	0.514258095698	0.492025132914	0.53939101015	0.49540840986	0.515708071532	0.895601739971	0.532141130981	0.528757854036	0.541324311261	0.545674238763	0.931367810536	0.754954084099	0.67133881102	0.59255679072	0.60415659739	0.600289995167	0.901884968584	0.635089415176	0.546640889319	0.565490575157	0.60657322378	0.620589656839	0.652489125181	0.590140164331	0.478975350411	0.497825036249	0.603189946834	0.520057999033	0.517158047366	0.50459159014	0.420976317061	0.357660705655	0.0	0.633156114065	0.613823102948	0.476075398743	0.547607539874	0.533591106815	0.618173030449	0.57177380377	0.593040115998	0.578540357661	0.570323827936	0.612856452392	0.48380860319	0.477042049299	0.506524891252	0.476558724021	0.506524891252	0.599806669889	0.520057999033	0.5601739971	0.503141614306	0.566457225713
AF5	0.722571290478	0.61575640406	0.946350894152	0.658289028516	0.640889318511	0.666022232963	0.550024166264	0.628806186564	0.6805219913	0.576607056549	0.713871435476	0.621072982117	0.660222329628	0.864185596907	0.587240212663	0.667955534074	0.705654905752	0.707104881585	0.876752054132	0.731271145481	0.721121314645	0.665538907685	0.716771387144	0.710971483809	0.876752054132	0.687771870469	0.690188496858	0.669405509908	0.658289028516	0.670372160464	0.765587240213	0.720637989367	0.615273078782	0.64813919768	0.718221362977	0.652972450459	0.698405026583	0.46060898985	0.687288545191	0.604639922668	0.633156114065	0.0	0.289028516191	0.540840985984	0.719188013533	0.704688255196	0.74770420493	0.71290478492	0.721121314645	0.706138231029	0.722087965201	0.742387626873	0.686805219913	0.700821652972	0.715804736588	0.700821652972	0.662638956017	0.725471242146	0.660222329628	0.686321894635	0.707588206863	0.716288061866
AF6	0.704204929918	0.603673272112	0.933301111648	0.66892218463	0.665055582407	0.652972450459	0.534074432093	0.612373127115	0.662638956017	0.558724021266	0.699855002417	0.626389560174	0.643789270179	0.855969067182	0.572740454326	0.649589173514	0.695988400193	0.697921701305	0.872402126631	0.727887868536	0.699371677139	0.65055582407	0.701788303528	0.693088448526	0.872402126631	0.664088931851	0.6805219913	0.655872402127	0.63653939101	0.639439342678	0.743837602707	0.703238279362	0.597873368777	0.630739487675	0.740454325761	0.65732237796	0.679072015466	0.444659255679	0.674722087965	0.597390043499	0.613823102948	0.289028516191	0.0	0.528274528758	0.70372160464	0.690671822136	0.76848719188	0.714838086032	0.730304494925	0.717738037699	0.710971483809	0.751570807153	0.677622039633	0.690671822136	0.700338327695	0.684388593523	0.64813919768	0.735621072982	0.643305944901	0.70130497825	0.698405026583	0.717254712421
