	AA3	AA4	AB3	AB4	AC3	AC4	AD3	AD4	AE3	AE4	AF3	AF4	AG3	AG4	AH3	AH4	AA7	AA8	AB7	AB8	AC7	AC8	AD7	AD8	AE7	AE8	AF7	AF8	AG7	AG8	AH7	AH8	AA5	AA6	AB5	AB6	AC5	AC6	AD6	AE5	AE6	AF5	AF6	AG5	AH5	AH6	AA1	AA2	AB1	AB2	AC1	AC2	AD1	AD2	AE1	AE2	AF1	AF2	AG1	AG2	AH1	AH2
AA3	0.0	0.499758337361	0.93523441276	0.630739487675	0.654905751571	0.575157080715	0.676172063799	0.583856935718	0.568873852102	0.61575640406	0.61333977767	0.60657322378	0.581923634606	0.837119381344	0.652972450459	0.339294345094	0.569840502658	0.564040599323	0.849202513291	0.710971483809	0.618173030449	0.570323827936	0.59497341711	0.582890285162	0.828902851619	0.584340260996	0.570807153214	0.572257129048	0.588690188497	0.586273562107	0.591106814886	0.558724021266	0.584340260996	0.594006766554	0.75688738521	0.686321894635	0.616239729338	0.629772837119	0.585790236829	0.61333977767	0.601739971	0.712421459642	0.693571773804	0.626389560174	0.634122764621	0.616723054616	0.689221846303	0.649589173514	0.716771387144	0.667955534074	0.642822619623	0.66892218463	0.588206863219	0.554374093765	0.572740454326	0.57177380377	0.571290478492	0.667472208797	0.586756887385	0.66892218463	0.573223779604	0.65055582407
AA4	0.499758337361	0.0	0.951667472209	0.579990333494	0.576607056549	0.494925084582	0.596906718221	0.508941517641	0.51377477042	0.513291445143	0.563557274045	0.532624456259	0.469308844853	0.851135814403	0.358627356211	0.367810536491	0.545674238763	0.538907684872	0.891735137748	0.731754470759	0.662638956017	0.565490575157	0.591590140164	0.585306911551	0.875302078299	0.617206379894	0.551957467376	0.549057515708	0.603189946834	0.599806669889	0.635089415176	0.584340260996	0.519574673755	0.528757854036	0.681971967134	0.602706621556	0.576123731271	0.530691155147	0.522474625423	0.543257612373	0.503141614306	0.631706138231	0.604639922668	0.536491058482	0.586273562107	0.57177380377	0.652005799903	0.582406959884	0.63653939101	0.595940067666	0.592073465442	0.631706138231	0.542774287095	0.522474625423	0.520541324311	0.537457709038	0.510391493475	0.623489608507	0.498791686805	0.594490091832	0.534557757371	0.584823586274
AB3	0.93523441276	0.951667472209	0.0	0.683421942968	0.917351377477	0.961817303045	0.962300628323	0.947317544708	0.938134364427	0.955050749154	0.975350410826	0.931851135814	0.967133881102	0.347027549541	0.965683905268	0.952150797487	0.973900434993	0.972933784437	0.743354277429	0.762203963267	0.896568390527	0.916384726921	0.961333977767	0.9584340261	0.853069115515	0.902368293862	0.94441759304	0.942484291928	0.849685838569	0.845819236346	0.957467375544	0.9584340261	0.963750604157	0.968583856936	0.978733687772	0.969550507492	0.97921701305	0.958917351377	0.97921701305	0.97921701305	0.978733687772	0.942484291928	0.939101014983	0.956984050266	0.980666988884	0.977767037216	0.97921701305	0.977767037216	0.97680038666	0.976317061382	0.975833736104	0.976317061382	0.979700338328	0.980183663606	0.980183663606	0.97921701305	0.978733687772	0.977767037216	0.978733687772	0.97921701305	0.97921701305	0.97921701305
AB4	0.630739487675	0.579990333494	0.683421942968	0.0	0.635572740454	0.612373127115	0.697438376027	0.616723054616	0.609473175447	0.621072982117	0.649589173514	0.60415659739	0.498791686805	0.56259062349	0.619139681005	0.601739971	0.637989366844	0.633156114065	0.736587723538	0.582890285162	0.666022232963	0.612373127115	0.651522474625	0.649105848236	0.804253262446	0.641372643789	0.642822619623	0.633156114065	0.555340744321	0.573223779604	0.69453842436	0.649105848236	0.640405993233	0.652005799903	0.730304494925	0.669888835186	0.652005799903	0.632672788787	0.628806186564	0.63653939101	0.623489608507	0.676655389077	0.660705654906	0.637506041566	0.672788786854	0.667472208797	0.706138231029	0.665538907685	0.710004833253	0.678105364911	0.684871918801	0.686805219913	0.634122764621	0.641855969067	0.653455775737	0.640889318511	0.642822619623	0.685355244079	0.637989366844	0.667472208797	0.653939101015	0.670372160464
AC3	0.654905751571	0.576607056549	0.917351377477	0.635572740454	0.0	0.49540840986	0.661188980184	0.574190430159	0.562107298212	0.602706621556	0.616239729338	0.3194780087	0.60415659739	0.82406959884	0.603189946834	0.610923151281	0.616239729338	0.615273078782	0.854519091348	0.760270662156	0.73368777187	0.666022232963	0.719671338811	0.717738037699	0.822136297728	0.684388593523	0.656355727405	0.680038666022	0.672788786854	0.673272112131	0.702754954084	0.661188980184	0.612373127115	0.635089415176	0.624456259062	0.579507008217	0.615273078782	0.586273562107	0.563557274045	0.56259062349	0.576123731271	0.676172063799	0.666022232963	0.572740454326	0.629772837119	0.625906234896	0.575640405993	0.576123731271	0.579507008217	0.558724021266	0.588690188497	0.580473658772	0.527307878202	0.552440792653	0.572257129048	0.578057032383	0.608506524891	0.562107298212	0.617206379894	0.573707104882	0.622522957951	0.570807153214
AC4	0.575157080715	0.494925084582	0.961817303045	0.612373127115	0.49540840986	0.0	0.620589656839	0.409376510391	0.415176413726	0.503141614306	0.331561140648	0.417109714838	0.50459159014	0.865152247463	0.55099081682	0.519574673755	0.475592073465	0.462058965684	0.924601256646	0.761720637989	0.595940067666	0.514258095698	0.5186080232	0.505558240696	0.892701788304	0.594006766554	0.491058482359	0.501691638473	0.541807636539	0.563073948768	0.572740454326	0.51377477042	0.446109231513	0.463992266796	0.658772353794	0.572740454326	0.468825519575	0.490091831803	0.410826486225	0.555340744321	0.474142097632	0.676172063799	0.652972450459	0.498308361527	0.498791686805	0.484291928468	0.646205896568	0.574673755437	0.605606573224	0.584340260996	0.584340260996	0.619139681005	0.503624939584	0.503141614306	0.523924601257	0.515224746254	0.523441275979	0.610923151281	0.544224262929	0.571290478492	0.473658772354	0.573223779604
AD3	0.676172063799	0.596906718221	0.962300628323	0.697438376027	0.661188980184	0.620589656839	0.0	0.534557757371	0.649105848236	0.371677138714	0.678588690188	0.595940067666	0.647655872402	0.866118898018	0.56935717738	0.635089415176	0.687288545191	0.68970517158	0.931367810536	0.766070565491	0.725954567424	0.695988400193	0.701788303528	0.695021749638	0.913484775254	0.693088448526	0.700821652972	0.688738521025	0.695021749638	0.690671822136	0.719671338811	0.689221846303	0.631222812953	0.656839052682	0.744804253262	0.666988883519	0.680038666022	0.541324311261	0.629289511841	0.574673755437	0.586273562107	0.554857419043	0.531174480425	0.541807636539	0.699371677139	0.686321894635	0.769937167714	0.702754954084	0.743354277429	0.71290478492	0.706138231029	0.742870952151	0.666988883519	0.667472208797	0.677622039633	0.662155630739	0.642339294345	0.736587723538	0.642822619623	0.710971483809	0.694055099082	0.710488158531
AD4	0.583856935718	0.508941517641	0.947317544708	0.616723054616	0.574190430159	0.409376510391	0.534557757371	0.0	0.324311261479	0.405509908168	0.422426292895	0.514741420976	0.523924601257	0.849202513291	0.559690671822	0.535041082649	0.466408893185	0.459642339294	0.931851135814	0.761237312711	0.578540357661	0.494441759304	0.499758337361	0.490091831803	0.903334944418	0.604639922668	0.440792653456	0.465442242629	0.492025132914	0.555824069599	0.544224262929	0.492025132914	0.405993233446	0.456259062349	0.667955534074	0.582406959884	0.440792653456	0.469308844853	0.433059449009	0.557274045433	0.476075398743	0.641855969067	0.625422909618	0.486708554857	0.500241662639	0.487191880135	0.66892218463	0.600289995167	0.644272595457	0.620106331561	0.609956500725	0.646205896568	0.529241179314	0.519574673755	0.526824552924	0.524407926535	0.533591106815	0.643305944901	0.551957467376	0.615273078782	0.513291445143	0.601739971
AE3	0.568873852102	0.51377477042	0.938134364427	0.609473175447	0.562107298212	0.415176413726	0.649105848236	0.324311261479	0.0	0.510874818753	0.397776703722	0.509424842919	0.509424842919	0.84726921218	0.56259062349	0.537941034316	0.43740937651	0.427742870952	0.924601256646	0.755920734654	0.55099081682	0.473175447076	0.48380860319	0.479942000967	0.890285161914	0.595940067666	0.423392943451	0.447559207347	0.4813919768	0.545674238763	0.53697438376	0.489608506525	0.394876752054	0.452392460126	0.674722087965	0.597873368777	0.439342677622	0.50459159014	0.425809569841	0.599806669889	0.508458192363	0.678588690188	0.657805703238	0.5186080232	0.488158530691	0.470758820686	0.657805703238	0.591590140164	0.631222812953	0.606089898502	0.595456742388	0.640889318511	0.525857902368	0.519574673755	0.526341227646	0.526341227646	0.536491058482	0.632189463509	0.551474142098	0.595940067666	0.49299178347	0.587240212663
AE4	0.61575640406	0.513291445143	0.955050749154	0.621072982117	0.602706621556	0.503141614306	0.371677138714	0.405509908168	0.510874818753	0.0	0.563557274045	0.531657805703	0.566457225713	0.854519091348	0.52537457709	0.551474142098	0.567907201547	0.57177380377	0.93281778637	0.765103914935	0.649105848236	0.575157080715	0.584340260996	0.577573707105	0.912518124698	0.619623006283	0.578057032383	0.56935717738	0.573707104882	0.58337361044	0.635572740454	0.58337361044	0.513291445143	0.540357660706	0.69453842436	0.614789753504	0.555824069599	0.449975833736	0.511841469309	0.515708071532	0.494441759304	0.58095698405	0.561140647656	0.494441759304	0.584340260996	0.57177380377	0.716771387144	0.644272595457	0.693088448526	0.668438859352	0.660705654906	0.688255195747	0.590140164331	0.582406959884	0.590140164331	0.576123731271	0.570323827936	0.683905268246	0.575157080715	0.663122281295	0.574190430159	0.651039149348
AF3	0.61333977767	0.563557274045	0.975350410826	0.649589173514	0.616239729338	0.331561140648	0.678588690188	0.422426292895	0.397776703722	0.563557274045	0.0	0.53697438376	0.532141130981	0.883518608023	0.600773320445	0.578540357661	0.440309328178	0.440309328178	0.960367327211	0.794586756887	0.581440309328	0.524407926535	0.447559207347	0.446109231513	0.921701304978	0.626872885452	0.438376027066	0.494441759304	0.536491058482	0.599323344611	0.526341227646	0.508458192363	0.433059449009	0.495891735138	0.683421942968	0.619139681005	0.427259545674	0.535041082649	0.443692605123	0.628322861286	0.535041082649	0.71532141131	0.698405026583	0.54857419043	0.500241662639	0.489608506525	0.671822136298	0.603673272112	0.654905751571	0.614306428226	0.604639922668	0.646689221846	0.550507491542	0.530691155147	0.540840985984	0.541807636539	0.56259062349	0.639922667956	0.581440309328	0.599806669889	0.501208313195	0.597873368777
AF4	0.60657322378	0.532624456259	0.931851135814	0.60415659739	0.3194780087	0.417109714838	0.595940067666	0.514741420976	0.509424842919	0.531657805703	0.53697438376	0.0	0.564040599323	0.838569357177	0.555340744321	0.551957467376	0.570323827936	0.572740454326	0.875302078299	0.729337844369	0.70372160464	0.624456259062	0.667472208797	0.658772353794	0.838569357177	0.631706138231	0.607539874335	0.632189463509	0.632672788787	0.632189463509	0.661672305462	0.61333977767	0.561140647656	0.585790236829	0.629772837119	0.546157564041	0.578540357661	0.523441275979	0.526341227646	0.504108264862	0.531657805703	0.620589656839	0.611406476559	0.509908168197	0.590623489609	0.583856935718	0.600773320445	0.546157564041	0.594490091832	0.546640889319	0.561623972934	0.578540357661	0.506524891252	0.517641372644	0.533107781537	0.530691155147	0.563073948768	0.572257129048	0.575640405993	0.547124214596	0.576607056549	0.542290961817
AG3	0.581923634606	0.469308844853	0.967133881102	0.498791686805	0.60415659739	0.50459159014	0.647655872402	0.523924601257	0.509424842919	0.566457225713	0.532141130981	0.564040599323	0.0	0.846302561624	0.538907684872	0.518124697922	0.517158047366	0.511358144031	0.924601256646	0.755920734654	0.672305461576	0.583856935718	0.585790236829	0.59255679072	0.884968583857	0.623489608507	0.537457709038	0.560657322378	0.60657322378	0.608023199613	0.632189463509	0.568873852102	0.535524407927	0.536491058482	0.678588690188	0.614789753504	0.547607539874	0.543257612373	0.516674722088	0.572257129048	0.510874818753	0.676655389077	0.655389076849	0.545674238763	0.566940550991	0.554374093765	0.62493958434	0.565490575157	0.632189463509	0.602223296278	0.579507008217	0.600773320445	0.534557757371	0.512324794587	0.52779120348	0.52779120348	0.538424359594	0.619623006283	0.547124214596	0.597390043499	0.520541324311	0.573223779604
AG4	0.837119381344	0.851135814403	0.347027549541	0.56259062349	0.82406959884	0.865152247463	0.866118898018	0.849202513291	0.84726921218	0.854519091348	0.883518608023	0.838569357177	0.846302561624	0.0	0.868535524408	0.849685838569	0.884968583857	0.882551957467	0.71290478492	0.675688738521	0.808603189947	0.826002899952	0.874335427743	0.87046882552	0.82165297245	0.817786370227	0.857902368294	0.851135814403	0.756404059932	0.744804253262	0.87723537941	0.863702271629	0.86563557274	0.874818753021	0.894635089415	0.876268728855	0.885451909135	0.85886901885	0.8796520058	0.874335427743	0.874818753021	0.846302561624	0.841952634123	0.861768970517	0.891735137748	0.883035282745	0.8796520058	0.878202029966	0.881101981634	0.877718704688	0.885935234413	0.877718704688	0.884001933301	0.878202029966	0.887868535524	0.8796520058	0.884968583857	0.881101981634	0.882551957467	0.880135331078	0.886901884969	0.884968583857
AH3	0.652972450459	0.358627356211	0.965683905268	0.619139681005	0.603189946834	0.55099081682	0.56935717738	0.559690671822	0.56259062349	0.52537457709	0.600773320445	0.555340744321	0.538907684872	0.868535524408	0.0	0.521507974867	0.597873368777	0.597390043499	0.92363460609	0.766070565491	0.711454809087	0.62735621073	0.637989366844	0.6389560174	0.900918318028	0.687771870469	0.626872885452	0.619623006283	0.656839052682	0.653455775737	0.691155147414	0.643305944901	0.542290961817	0.575640405993	0.713871435476	0.637989366844	0.629289511841	0.533107781537	0.586273562107	0.538424359594	0.545674238763	0.590623489609	0.560657322378	0.546157564041	0.643305944901	0.629772837119	0.707588206863	0.62493958434	0.664572257129	0.639439342678	0.647655872402	0.673272112131	0.596423392943	0.596906718221	0.588690188497	0.609956500725	0.579023682939	0.666505558241	0.554857419043	0.633639439343	0.605606573224	0.630739487675
AH4	0.339294345094	0.367810536491	0.952150797487	0.601739971	0.610923151281	0.519574673755	0.635089415176	0.535041082649	0.537941034316	0.551474142098	0.578540357661	0.551957467376	0.518124697922	0.849685838569	0.521507974867	0.0	0.541324311261	0.543257612373	0.8796520058	0.723054615756	0.648622522958	0.566457225713	0.578540357661	0.572257129048	0.854519091348	0.59497341711	0.553890768487	0.551957467376	0.587723537941	0.576607056549	0.602706621556	0.55099081682	0.542290961817	0.549540840986	0.720154664089	0.637506041566	0.588690188497	0.574190430159	0.542290961817	0.561623972934	0.53020782987	0.664572257129	0.640889318511	0.566940550991	0.602706621556	0.582406959884	0.671822136298	0.605123247946	0.669888835186	0.617206379894	0.616723054616	0.646205896568	0.549540840986	0.537457709038	0.53939101015	0.540357660706	0.513291445143	0.630256162397	0.526341227646	0.623006283229	0.540357660706	0.607539874335
AA7	0.569840502658	0.545674238763	0.973900434993	0.637989366844	0.616239729338	0.475592073465	0.687288545191	0.466408893185	0.43740937651	0.567907201547	0.440309328178	0.570323827936	0.517158047366	0.884968583857	0.597873368777	0.541324311261	0.0	0.290961817303	0.903334944418	0.761720637989	0.591590140164	0.494441759304	0.473658772354	0.476075398743	0.869502174964	0.599806669889	0.425809569841	0.464475592073	0.524407926535	0.588690188497	0.507974867086	0.424359594007	0.425326244563	0.463992266796	0.711454809087	0.646205896568	0.465442242629	0.549540840986	0.484291928468	0.598840019333	0.525857902368	0.720154664089	0.695988400193	0.571290478492	0.527307878202	0.507491541808	0.665538907685	0.609473175447	0.677138714355	0.638472692122	0.59497341711	0.633156114065	0.523441275979	0.524407926535	0.539874335428	0.523924601257	0.524407926535	0.62493958434	0.545674238763	0.639439342678	0.487675205413	0.600289995167
AA8	0.564040599323	0.538907684872	0.972933784437	0.633156114065	0.615273078782	0.462058965684	0.68970517158	0.459642339294	0.427742870952	0.57177380377	0.440309328178	0.572740454326	0.511358144031	0.882551957467	0.597390043499	0.543257612373	0.290961817303	0.0	0.904784920251	0.760270662156	0.576607056549	0.480425326245	0.467375543741	0.467858869019	0.865152247463	0.591590140164	0.431609473175	0.446109231513	0.514258095698	0.577573707105	0.47462542291	0.375543740938	0.437892701788	0.491541807637	0.722571290478	0.659255679072	0.467375543741	0.559207346544	0.478008699855	0.600289995167	0.533107781537	0.724987916868	0.702754954084	0.573707104882	0.529241179314	0.510874818753	0.651039149348	0.601256645723	0.676655389077	0.632672788787	0.59255679072	0.626872885452	0.521024649589	0.510874818753	0.533591106815	0.52779120348	0.521507974867	0.620589656839	0.536491058482	0.627839536008	0.477525374577	0.59255679072
AB7	0.849202513291	0.891735137748	0.743354277429	0.736587723538	0.854519091348	0.924601256646	0.931367810536	0.931851135814	0.924601256646	0.93281778637	0.960367327211	0.875302078299	0.924601256646	0.71290478492	0.92363460609	0.8796520058	0.903334944418	0.904784920251	0.0	0.413726437893	0.826002899952	0.842919284679	0.934267762204	0.922184630256	0.731271145481	0.819236346061	0.89125181247	0.876752054132	0.749154180764	0.698405026583	0.881101981634	0.884968583857	0.92363460609	0.936201063316	0.938617689705	0.932334461092	0.942484291928	0.918801353311	0.943450942484	0.91203479942	0.937167713871	0.869502174964	0.878202029966	0.91203479942	0.956500724988	0.943934267762	0.91203479942	0.924601256646	0.936201063316	0.922184630256	0.92363460609	0.907684871919	0.904301594973	0.908168197197	0.916868052199	0.91445142581	0.915418076365	0.90043499275	0.916384726921	0.934267762204	0.941517641373	0.926051232479
AB8	0.710971483809	0.731754470759	0.762203963267	0.582890285162	0.760270662156	0.761720637989	0.766070565491	0.761237312711	0.755920734654	0.765103914935	0.794586756887	0.729337844369	0.755920734654	0.675688738521	0.766070565491	0.723054615756	0.761720637989	0.760270662156	0.413726437893	0.0	0.663122281295	0.674238762687	0.761237312711	0.747220879652	0.729337844369	0.649105848236	0.716771387144	0.700821652972	0.540840985984	0.518124697922	0.730787820203	0.729821169647	0.765103914935	0.771870468826	0.820686321895	0.76848719188	0.777187046883	0.74770420493	0.768970517158	0.754954084099	0.763170613823	0.727887868536	0.716771387144	0.742870952151	0.793136781054	0.781053649106	0.811019816336	0.766070565491	0.809569840503	0.776220396327	0.77767037216	0.78927017883	0.764620589657	0.758337361044	0.766070565491	0.761720637989	0.758820686322	0.791203479942	0.755920734654	0.773320444659	0.776220396327	0.766553890768
AC7	0.618173030449	0.662638956017	0.896568390527	0.666022232963	0.73368777187	0.595940067666	0.725954567424	0.578540357661	0.55099081682	0.649105848236	0.581440309328	0.70372160464	0.672305461576	0.808603189947	0.711454809087	0.648622522958	0.591590140164	0.576607056549	0.826002899952	0.663122281295	0.0	0.359110681489	0.564523924601	0.56259062349	0.822619623006	0.594490091832	0.545190913485	0.503141614306	0.480425326245	0.514741420976	0.567423876269	0.542290961817	0.555340744321	0.600289995167	0.815853069116	0.748187530208	0.622039632673	0.640405993233	0.608989850169	0.725954567424	0.665055582407	0.717254712421	0.702754954084	0.654905751571	0.631222812953	0.616239729338	0.828419526341	0.762203963267	0.805219913001	0.784920251329	0.752537457709	0.795553407443	0.698405026583	0.678105364911	0.689221846303	0.689221846303	0.673272112131	0.794103431609	0.681971967134	0.764137264379	0.617689705172	0.753504108265
AC8	0.570323827936	0.565490575157	0.916384726921	0.612373127115	0.666022232963	0.514258095698	0.695988400193	0.494441759304	0.473175447076	0.575157080715	0.524407926535	0.624456259062	0.583856935718	0.826002899952	0.62735621073	0.566457225713	0.494441759304	0.480425326245	0.842919284679	0.674238762687	0.359110681489	0.0	0.48380860319	0.482841952634	0.834702754954	0.551957467376	0.400676655389	0.355244079265	0.427742870952	0.485741904302	0.51377477042	0.467858869019	0.473658772354	0.51377477042	0.739971000483	0.666505558241	0.540357660706	0.565007249879	0.523924601257	0.631706138231	0.571290478492	0.6805219913	0.657805703238	0.574190430159	0.555824069599	0.537941034316	0.729337844369	0.666505558241	0.713388110198	0.695505074915	0.656839052682	0.70130497825	0.601739971	0.585306911551	0.595456742388	0.600773320445	0.579507008217	0.694055099082	0.582406959884	0.676655389077	0.524407926535	0.660705654906
AD7	0.59497341711	0.591590140164	0.961333977767	0.651522474625	0.719671338811	0.5186080232	0.701788303528	0.499758337361	0.48380860319	0.584340260996	0.447559207347	0.667472208797	0.585790236829	0.874335427743	0.637989366844	0.578540357661	0.473658772354	0.467375543741	0.934267762204	0.761237312711	0.564523924601	0.48380860319	0.0	0.277428709522	0.897051715805	0.526341227646	0.425326244563	0.447559207347	0.491541807637	0.5601739971	0.511841469309	0.478008699855	0.475592073465	0.526341227646	0.753504108265	0.683905268246	0.511841469309	0.584340260996	0.533107781537	0.651039149348	0.584823586274	0.713871435476	0.69212179797	0.595940067666	0.55099081682	0.540357660706	0.746254229096	0.673755437409	0.737071048816	0.711454809087	0.66892218463	0.706621556307	0.616723054616	0.597390043499	0.600773320445	0.605123247946	0.580473658772	0.710971483809	0.588690188497	0.695505074915	0.544224262929	0.672305461576
AD8	0.582890285162	0.585306911551	0.9584340261	0.649105848236	0.717738037699	0.505558240696	0.695021749638	0.490091831803	0.479942000967	0.577573707105	0.446109231513	0.658772353794	0.59255679072	0.87046882552	0.6389560174	0.572257129048	0.476075398743	0.467858869019	0.922184630256	0.747220879652	0.56259062349	0.482841952634	0.277428709522	0.0	0.857419043016	0.487675205413	0.40744320928	0.446592556791	0.470758820686	0.53939101015	0.495891735138	0.465442242629	0.48622522958	0.532624456259	0.750604156597	0.6805219913	0.499758337361	0.579507008217	0.531174480425	0.641855969067	0.581923634606	0.711938134364	0.68970517158	0.593523441276	0.559207346544	0.546157564041	0.743354277429	0.673272112131	0.735621072982	0.707588206863	0.665538907685	0.708554857419	0.62493958434	0.595456742388	0.595940067666	0.605606573224	0.587723537941	0.707588206863	0.598840019333	0.695021749638	0.548090865152	0.671822136298
AE7	0.828902851619	0.875302078299	0.853069115515	0.804253262446	0.822136297728	0.892701788304	0.913484775254	0.903334944418	0.890285161914	0.912518124698	0.921701304978	0.838569357177	0.884968583857	0.82165297245	0.900918318028	0.854519091348	0.869502174964	0.865152247463	0.731271145481	0.729337844369	0.822619623006	0.834702754954	0.897051715805	0.857419043016	0.0	0.54857419043	0.86563557274	0.858385693572	0.768970517158	0.759787336878	0.836152730788	0.828902851619	0.899951667472	0.905751570807	0.928467858869	0.916384726921	0.919284678589	0.898018366361	0.907684871919	0.875302078299	0.90285161914	0.879168680522	0.875302078299	0.887868535524	0.931851135814	0.917351377477	0.890768487192	0.90285161914	0.919768003867	0.890285161914	0.90285161914	0.889801836636	0.887868535524	0.887868535524	0.898985016916	0.894151764137	0.901884968584	0.885935234413	0.900918318028	0.904784920251	0.91203479942	0.90285161914
AE8	0.584340260996	0.617206379894	0.902368293862	0.641372643789	0.684388593523	0.594006766554	0.693088448526	0.604639922668	0.595940067666	0.619623006283	0.626872885452	0.631706138231	0.623489608507	0.817786370227	0.687771870469	0.59497341711	0.599806669889	0.591590140164	0.819236346061	0.649105848236	0.594490091832	0.551957467376	0.526341227646	0.487675205413	0.54857419043	0.0	0.565007249879	0.558724021266	0.522474625423	0.518124697922	0.578540357661	0.552924117931	0.606089898502	0.609956500725	0.765587240213	0.702271628806	0.628806186564	0.612373127115	0.61333977767	0.647655872402	0.622522957951	0.685355244079	0.664088931851	0.608989850169	0.634606089899	0.623489608507	0.751570807153	0.685355244079	0.760753987434	0.706621556307	0.686321894635	0.72450459159	0.647655872402	0.619623006283	0.637989366844	0.621556307395	0.630256162397	0.722087965201	0.643305944901	0.700821652972	0.609473175447	0.684388593523
AF7	0.570807153214	0.551957467376	0.94441759304	0.642822619623	0.656355727405	0.491058482359	0.700821652972	0.440792653456	0.423392943451	0.578057032383	0.438376027066	0.607539874335	0.537457709038	0.857902368294	0.626872885452	0.553890768487	0.425809569841	0.431609473175	0.89125181247	0.716771387144	0.545190913485	0.400676655389	0.425326244563	0.40744320928	0.86563557274	0.565007249879	0.0	0.315128081199	0.455292411793	0.528757854036	0.4813919768	0.472692121798	0.420976317061	0.468342194297	0.704688255196	0.632672788787	0.455292411793	0.531657805703	0.496858385694	0.609956500725	0.527307878202	0.700821652972	0.675688738521	0.550024166264	0.523441275979	0.504108264862	0.675205413243	0.617206379894	0.684388593523	0.661188980184	0.615273078782	0.653939101015	0.565490575157	0.538907684872	0.546157564041	0.554374093765	0.550024166264	0.650072498792	0.565490575157	0.642822619623	0.490575157081	0.609956500725
AF8	0.572257129048	0.549057515708	0.942484291928	0.633156114065	0.680038666022	0.501691638473	0.688738521025	0.465442242629	0.447559207347	0.56935717738	0.494441759304	0.632189463509	0.560657322378	0.851135814403	0.619623006283	0.551957467376	0.464475592073	0.446109231513	0.876752054132	0.700821652972	0.503141614306	0.355244079265	0.447559207347	0.446592556791	0.858385693572	0.558724021266	0.315128081199	0.0	0.439342677622	0.512808119865	0.514258095698	0.456742387627	0.435959400677	0.491058482359	0.723054615756	0.64813919768	0.496375060416	0.542290961817	0.50459159014	0.605606573224	0.545190913485	0.675688738521	0.656839052682	0.547124214596	0.538907684872	0.520541324311	0.70130497825	0.63653939101	0.701788303528	0.681005316578	0.636056065732	0.672305461576	0.579507008217	0.556790720155	0.567423876269	0.574673755437	0.552440792653	0.673272112131	0.558240695988	0.65732237796	0.498308361527	0.630739487675
AG7	0.588690188497	0.603189946834	0.849685838569	0.555340744321	0.672788786854	0.541807636539	0.695021749638	0.492025132914	0.4813919768	0.573707104882	0.536491058482	0.632672788787	0.60657322378	0.756404059932	0.656839052682	0.587723537941	0.524407926535	0.514258095698	0.749154180764	0.540840985984	0.480425326245	0.427742870952	0.491541807637	0.470758820686	0.768970517158	0.522474625423	0.455292411793	0.439342677622	0.0	0.322861285645	0.531657805703	0.495891735138	0.501208313195	0.548090865152	0.749637506042	0.673272112131	0.52537457709	0.566457225713	0.551474142098	0.63653939101	0.591590140164	0.673755437409	0.641855969067	0.571290478492	0.577573707105	0.566457225713	0.742387626873	0.669888835186	0.72450459159	0.707588206863	0.663605606573	0.709521507975	0.623972933784	0.597873368777	0.618656355727	0.599806669889	0.612373127115	0.700821652972	0.620106331561	0.684871918801	0.568873852102	0.665538907685
AG8	0.586273562107	0.599806669889	0.845819236346	0.573223779604	0.673272112131	0.563073948768	0.690671822136	0.555824069599	0.545674238763	0.58337361044	0.599323344611	0.632189463509	0.608023199613	0.744804253262	0.653455775737	0.576607056549	0.588690188497	0.577573707105	0.698405026583	0.518124697922	0.514741420976	0.485741904302	0.5601739971	0.53939101015	0.759787336878	0.518124697922	0.528757854036	0.512808119865	0.322861285645	0.0	0.579507008217	0.54857419043	0.565490575157	0.579507008217	0.755920734654	0.689221846303	0.592073465442	0.584823586274	0.578057032383	0.644755920735	0.593040115998	0.666505558241	0.643305944901	0.589173513775	0.606089898502	0.596906718221	0.75688738521	0.683421942968	0.738037699372	0.711454809087	0.68293861769	0.720637989367	0.633639439343	0.613823102948	0.626389560174	0.617206379894	0.620589656839	0.717254712421	0.634606089899	0.687771870469	0.590623489609	0.675205413243
AH7	0.591106814886	0.635089415176	0.957467375544	0.69453842436	0.702754954084	0.572740454326	0.719671338811	0.544224262929	0.53697438376	0.635572740454	0.526341227646	0.661672305462	0.632189463509	0.87723537941	0.691155147414	0.602706621556	0.507974867086	0.47462542291	0.881101981634	0.730787820203	0.567423876269	0.51377477042	0.511841469309	0.495891735138	0.836152730788	0.578540357661	0.4813919768	0.514258095698	0.531657805703	0.579507008217	0.0	0.324794586757	0.561140647656	0.608989850169	0.791203479942	0.732721121315	0.551474142098	0.638472692122	0.600289995167	0.666505558241	0.635089415176	0.763170613823	0.744804253262	0.653455775737	0.629772837119	0.61575640406	0.764137264379	0.71290478492	0.769937167714	0.728854519091	0.699855002417	0.737071048816	0.641855969067	0.623006283229	0.635572740454	0.639439342678	0.625906234896	0.73610439826	0.629772837119	0.714354760754	0.591590140164	0.704204929918
AH8	0.558724021266	0.584340260996	0.9584340261	0.649105848236	0.661188980184	0.51377477042	0.689221846303	0.492025132914	0.489608506525	0.58337361044	0.508458192363	0.61333977767	0.568873852102	0.863702271629	0.643305944901	0.55099081682	0.424359594007	0.375543740938	0.884968583857	0.729821169647	0.542290961817	0.467858869019	0.478008699855	0.465442242629	0.828902851619	0.552924117931	0.472692121798	0.456742387627	0.495891735138	0.54857419043	0.324794586757	0.0	0.496375060416	0.540357660706	0.753987433543	0.681005316578	0.519574673755	0.579990333494	0.534557757371	0.609473175447	0.570323827936	0.716288061866	0.690188496858	0.600773320445	0.566457225713	0.548090865152	0.712421459642	0.656355727405	0.729821169647	0.677138714355	0.646689221846	0.681971967134	0.583856935718	0.563073948768	0.587240212663	0.584823586274	0.570323827936	0.675205413243	0.575640405993	0.675205413243	0.529724504592	0.649589173514
AA5	0.584340260996	0.519574673755	0.963750604157	0.640405993233	0.612373127115	0.446109231513	0.631222812953	0.405993233446	0.394876752054	0.513291445143	0.433059449009	0.561140647656	0.535524407927	0.86563557274	0.542290961817	0.542290961817	0.425326244563	0.437892701788	0.92363460609	0.765103914935	0.555340744321	0.473658772354	0.475592073465	0.48622522958	0.899951667472	0.606089898502	0.420976317061	0.435959400677	0.501208313195	0.565490575157	0.561140647656	0.496375060416	0.0	0.341710971484	0.680038666022	0.596423392943	0.46060898985	0.44900918318	0.449975833736	0.547124214596	0.462058965684	0.620106331561	0.595940067666	0.468825519575	0.508941517641	0.473658772354	0.702754954084	0.633156114065	0.677622039633	0.650072498792	0.642339294345	0.681005316578	0.549540840986	0.555340744321	0.56935717738	0.55775737071	0.534074432093	0.666988883519	0.554374093765	0.637022716288	0.501208313195	0.628806186564
AA6	0.594006766554	0.528757854036	0.968583856936	0.652005799903	0.635089415176	0.463992266796	0.656839052682	0.456259062349	0.452392460126	0.540357660706	0.495891735138	0.585790236829	0.536491058482	0.874818753021	0.575640405993	0.549540840986	0.463992266796	0.491541807637	0.936201063316	0.771870468826	0.600289995167	0.51377477042	0.526341227646	0.532624456259	0.905751570807	0.609956500725	0.468342194297	0.491058482359	0.548090865152	0.579507008217	0.608989850169	0.540357660706	0.341710971484	0.0	0.683905268246	0.589656839053	0.510391493475	0.48622522958	0.46979217013	0.58337361044	0.485741904302	0.65732237796	0.634606089899	0.506524891252	0.44900918318	0.41662638956	0.69453842436	0.631222812953	0.66892218463	0.653939101015	0.631222812953	0.670855485742	0.550024166264	0.552440792653	0.565973900435	0.554374093765	0.538424359594	0.662638956017	0.559690671822	0.634606089899	0.508458192363	0.625422909618
AB5	0.75688738521	0.681971967134	0.978733687772	0.730304494925	0.624456259062	0.658772353794	0.744804253262	0.667955534074	0.674722087965	0.69453842436	0.683421942968	0.629772837119	0.678588690188	0.894635089415	0.713871435476	0.720154664089	0.711454809087	0.722571290478	0.938617689705	0.820686321895	0.815853069116	0.739971000483	0.753504108265	0.750604156597	0.928467858869	0.765587240213	0.704688255196	0.723054615756	0.749637506042	0.755920734654	0.791203479942	0.753987433543	0.680038666022	0.683905268246	0.0	0.315611406477	0.626872885452	0.666022232963	0.624456259062	0.641855969067	0.623006283229	0.74528757854	0.734171097148	0.652005799903	0.634122764621	0.621556307395	0.62735621073	0.625422909618	0.637022716288	0.610923151281	0.631706138231	0.622039632673	0.608989850169	0.621556307395	0.615273078782	0.635572740454	0.667472208797	0.608506524891	0.683421942968	0.60657322378	0.695505074915	0.619623006283
AB6	0.686321894635	0.602706621556	0.969550507492	0.669888835186	0.579507008217	0.572740454326	0.666988883519	0.582406959884	0.597873368777	0.614789753504	0.619139681005	0.546157564041	0.614789753504	0.876268728855	0.637989366844	0.637506041566	0.646205896568	0.659255679072	0.932334461092	0.76848719188	0.748187530208	0.666505558241	0.683905268246	0.6805219913	0.916384726921	0.702271628806	0.632672788787	0.64813919768	0.673272112131	0.689221846303	0.732721121315	0.681005316578	0.596423392943	0.589656839053	0.315611406477	0.0	0.573223779604	0.578057032383	0.55775737071	0.570807153214	0.553407443209	0.666022232963	0.647655872402	0.541324311261	0.558724021266	0.538907684872	0.596423392943	0.543257612373	0.581440309328	0.556790720155	0.5601739971	0.577090381827	0.531174480425	0.558240695988	0.556790720155	0.573707104882	0.595940067666	0.56935717738	0.608506524891	0.543740937651	0.634122764621	0.53939101015
AC5	0.616239729338	0.576123731271	0.97921701305	0.652005799903	0.615273078782	0.468825519575	0.680038666022	0.440792653456	0.439342677622	0.555824069599	0.427259545674	0.578540357661	0.547607539874	0.885451909135	0.629289511841	0.588690188497	0.465442242629	0.467375543741	0.942484291928	0.777187046883	0.622039632673	0.540357660706	0.511841469309	0.499758337361	0.919284678589	0.628806186564	0.455292411793	0.496375060416	0.52537457709	0.592073465442	0.551474142098	0.519574673755	0.46060898985	0.510391493475	0.626872885452	0.573223779604	0.0	0.433542774287	0.438376027066	0.599323344611	0.525857902368	0.711454809087	0.673272112131	0.538907684872	0.466892218463	0.461092315128	0.623972933784	0.565007249879	0.626389560174	0.588206863219	0.568390526825	0.596906718221	0.517158047366	0.485258579024	0.503141614306	0.515224746254	0.559690671822	0.594006766554	0.581440309328	0.567907201547	0.519574673755	0.55775737071
AC6	0.629772837119	0.530691155147	0.958917351377	0.632672788787	0.586273562107	0.490091831803	0.541324311261	0.469308844853	0.50459159014	0.449975833736	0.535041082649	0.523441275979	0.543257612373	0.85886901885	0.533107781537	0.574190430159	0.549540840986	0.559207346544	0.918801353311	0.74770420493	0.640405993233	0.565007249879	0.584340260996	0.579507008217	0.898018366361	0.612373127115	0.531657805703	0.542290961817	0.566457225713	0.584823586274	0.638472692122	0.579990333494	0.44900918318	0.48622522958	0.666022232963	0.578057032383	0.433542774287	0.0	0.496375060416	0.515708071532	0.497825036249	0.480908651522	0.452392460126	0.409859835669	0.538424359594	0.522474625423	0.673272112131	0.620589656839	0.656839052682	0.621556307395	0.62493958434	0.653455775737	0.579023682939	0.570323827936	0.579023682939	0.55775737071	0.55099081682	0.64813919768	0.579023682939	0.607056549058	0.551957467376	0.611406476559
AD6	0.585790236829	0.522474625423	0.97921701305	0.628806186564	0.563557274045	0.410826486225	0.629289511841	0.433059449009	0.425809569841	0.511841469309	0.443692605123	0.526341227646	0.516674722088	0.8796520058	0.586273562107	0.542290961817	0.484291928468	0.478008699855	0.943450942484	0.768970517158	0.608989850169	0.523924601257	0.533107781537	0.531174480425	0.907684871919	0.61333977767	0.496858385694	0.50459159014	0.551474142098	0.578057032383	0.600289995167	0.534557757371	0.449975833736	0.46979217013	0.624456259062	0.55775737071	0.438376027066	0.496375060416	0.0	0.534557757371	0.405509908168	0.690188496858	0.662155630739	0.519091348478	0.453842435959	0.44900918318	0.602223296278	0.536491058482	0.58337361044	0.551474142098	0.547607539874	0.588206863219	0.467375543741	0.453359110681	0.473175447076	0.483325277912	0.520541324311	0.580473658772	0.535041082649	0.544224262929	0.47220879652	0.536491058482
AE5	0.61333977767	0.543257612373	0.97921701305	0.63653939101	0.56259062349	0.555340744321	0.574673755437	0.557274045433	0.599806669889	0.515708071532	0.628322861286	0.504108264862	0.572257129048	0.874335427743	0.538424359594	0.561623972934	0.598840019333	0.600289995167	0.91203479942	0.754954084099	0.725954567424	0.631706138231	0.651039149348	0.641855969067	0.875302078299	0.647655872402	0.609956500725	0.605606573224	0.63653939101	0.644755920735	0.666505558241	0.609473175447	0.547124214596	0.58337361044	0.641855969067	0.570807153214	0.599323344611	0.515708071532	0.534557757371	0.0	0.358627356211	0.592073465442	0.566940550991	0.508941517641	0.625422909618	0.627839536008	0.641855969067	0.590623489609	0.643789270179	0.605606573224	0.607539874335	0.630256162397	0.531657805703	0.548090865152	0.586273562107	0.544707588207	0.548090865152	0.615273078782	0.547124214596	0.605606573224	0.576123731271	0.588206863219
AE6	0.601739971	0.503141614306	0.978733687772	0.623489608507	0.576123731271	0.474142097632	0.586273562107	0.476075398743	0.508458192363	0.494441759304	0.535041082649	0.531657805703	0.510874818753	0.874818753021	0.545674238763	0.53020782987	0.525857902368	0.533107781537	0.937167713871	0.763170613823	0.665055582407	0.571290478492	0.584823586274	0.581923634606	0.90285161914	0.622522957951	0.527307878202	0.545190913485	0.591590140164	0.593040115998	0.635089415176	0.570323827936	0.462058965684	0.485741904302	0.623006283229	0.553407443209	0.525857902368	0.497825036249	0.405509908168	0.358627356211	0.0	0.642339294345	0.617689705172	0.498308361527	0.533107781537	0.52779120348	0.637989366844	0.580473658772	0.616723054616	0.591106814886	0.590623489609	0.625906234896	0.504108264862	0.502658289029	0.524891251812	0.501208313195	0.499758337361	0.611406476559	0.52537457709	0.573707104882	0.500724987917	0.577090381827
AF5	0.712421459642	0.631706138231	0.942484291928	0.676655389077	0.676172063799	0.676172063799	0.554857419043	0.641855969067	0.678588690188	0.58095698405	0.71532141131	0.620589656839	0.676655389077	0.846302561624	0.590623489609	0.664572257129	0.720154664089	0.724987916868	0.869502174964	0.727887868536	0.717254712421	0.6805219913	0.713871435476	0.711938134364	0.879168680522	0.685355244079	0.700821652972	0.675688738521	0.673755437409	0.666505558241	0.763170613823	0.716288061866	0.620106331561	0.65732237796	0.74528757854	0.666022232963	0.711454809087	0.480908651522	0.690188496858	0.592073465442	0.642339294345	0.0	0.286611889802	0.537941034316	0.721121314645	0.708554857419	0.761720637989	0.721604639923	0.753504108265	0.722571290478	0.738037699372	0.758820686322	0.693571773804	0.715804736588	0.726437892702	0.709521507975	0.679072015466	0.753504108265	0.682455292412	0.707588206863	0.709038182697	0.721121314645
AF6	0.693571773804	0.604639922668	0.939101014983	0.660705654906	0.666022232963	0.652972450459	0.531174480425	0.625422909618	0.657805703238	0.561140647656	0.698405026583	0.611406476559	0.655389076849	0.841952634123	0.560657322378	0.640889318511	0.695988400193	0.702754954084	0.878202029966	0.716771387144	0.702754954084	0.657805703238	0.69212179797	0.68970517158	0.875302078299	0.664088931851	0.675688738521	0.656839052682	0.641855969067	0.643305944901	0.744804253262	0.690188496858	0.595940067666	0.634606089899	0.734171097148	0.647655872402	0.673272112131	0.452392460126	0.662155630739	0.566940550991	0.617689705172	0.286611889802	0.0	0.51619139681	0.699371677139	0.682455292412	0.751087481875	0.699371677139	0.731754470759	0.704688255196	0.705654905752	0.737071048816	0.672305461576	0.683905268246	0.692605123248	0.681005316578	0.642822619623	0.729821169647	0.646689221846	0.693088448526	0.69212179797	0.696471725471
