	AA3	AA4	AB3	AB4	AC3	AC4	AD3	AD4	AE3	AE4	AF3	AF4	AG3	AG4	AH3	AH4	AA7	AA8	AB7	AB8	AC7	AC8	AD7	AD8	AE7	AE8	AF7	AF8	AG7	AG8	AH7	AH8	AA5	AA6	AB5	AB6	AC5	AC6	AD6	AE5	AE6	AF5	AF6	AG5	AH5	AH6	AA1	AA2	AB1	AB2	AC1	AC2	AD1	AD2	AE1	AE2	AF1	AF2	AG1	AG2	AH1	AH2
AA3	0.0	0.491541807637	0.937651039149	0.623489608507	0.65055582407	0.570807153214	0.675205413243	0.563557274045	0.5601739971	0.623972933784	0.598356694055	0.60657322378	0.581440309328	0.851135814403	0.635089415176	0.337844369261	0.567907201547	0.564523924601	0.876752054132	0.72450459159	0.626872885452	0.563557274045	0.589656839053	0.585790236829	0.832286128565	0.586273562107	0.577090381827	0.547124214596	0.58095698405	0.594006766554	0.588206863219	0.555824069599	0.593040115998	0.590140164331	0.744804253262	0.6805219913	0.611406476559	0.623489608507	0.590623489609	0.622039632673	0.593040115998	0.708554857419	0.686321894635	0.618173030449	0.631222812953	0.613823102948	0.688738521025	0.654905751571	0.70372160464	0.681005316578	0.634122764621	0.654905751571	0.567423876269	0.560657322378	0.574673755437	0.586273562107	0.569840502658	0.643789270179	0.575157080715	0.670855485742	0.578540357661	0.640889318511
AA4	0.491541807637	0.0	0.95601739971	0.575640405993	0.575640405993	0.490091831803	0.595940067666	0.488641855969	0.506524891252	0.518124697922	0.551474142098	0.522957950701	0.477525374577	0.867568873852	0.365877235379	0.373127114548	0.52779120348	0.529724504592	0.898018366361	0.748670855486	0.661188980184	0.577573707105	0.584823586274	0.57177380377	0.883035282745	0.616239729338	0.569840502658	0.561140647656	0.595940067666	0.611406476559	0.630739487675	0.579023682939	0.514258095698	0.513291445143	0.672788786854	0.60415659739	0.572740454326	0.521507974867	0.520541324311	0.546640889319	0.476558724021	0.626389560174	0.588206863219	0.51619139681	0.590140164331	0.579990333494	0.65055582407	0.579990333494	0.631222812953	0.612856452392	0.594490091832	0.628806186564	0.518124697922	0.519091348478	0.533591106815	0.54857419043	0.500724987917	0.604639922668	0.509424842919	0.615273078782	0.522957950701	0.575640405993
AB3	0.937651039149	0.95601739971	0.0	0.693571773804	0.920251329145	0.957950700822	0.959400676655	0.936684388594	0.933784436926	0.947800869986	0.972450459159	0.931851135814	0.96520057999	0.337844369261	0.961333977767	0.945384243596	0.974383760271	0.968100531658	0.743837602707	0.762687288545	0.890768487192	0.910584823586	0.965683905268	0.952150797487	0.850169163847	0.899468342194	0.942000966651	0.927984533591	0.846302561624	0.827452875785	0.954084098598	0.952634122765	0.958917351377	0.964717254712	0.975350410826	0.969550507492	0.974383760271	0.949250845819	0.972450459159	0.973417109715	0.972450459159	0.934267762204	0.928951184147	0.949734171097	0.975833736104	0.975350410826	0.974383760271	0.972933784437	0.971967133881	0.973900434993	0.974383760271	0.973900434993	0.975833736104	0.975833736104	0.978250362494	0.974867085549	0.971000483325	0.972933784437	0.971967133881	0.973417109715	0.972933784437	0.972933784437
AB4	0.623489608507	0.575640405993	0.693571773804	0.0	0.636056065732	0.609473175447	0.68293861769	0.619139681005	0.614789753504	0.625422909618	0.642822619623	0.602706621556	0.473658772354	0.573707104882	0.605606573224	0.590623489609	0.633639439343	0.634606089899	0.735137747704	0.587240212663	0.663122281295	0.616239729338	0.660705654906	0.643305944901	0.790720154664	0.628322861286	0.644272595457	0.623489608507	0.550024166264	0.56259062349	0.683421942968	0.643789270179	0.647655872402	0.652005799903	0.731271145481	0.662638956017	0.654905751571	0.637506041566	0.623972933784	0.620106331561	0.621556307395	0.654422426293	0.641372643789	0.625422909618	0.684388593523	0.6805219913	0.70130497825	0.662155630739	0.690671822136	0.683421942968	0.666505558241	0.676655389077	0.626389560174	0.638472692122	0.647172547124	0.640405993233	0.641855969067	0.661672305462	0.637022716288	0.680038666022	0.646689221846	0.653939101015
AC3	0.65055582407	0.575640405993	0.920251329145	0.636056065732	0.0	0.519091348478	0.639439342678	0.549540840986	0.563557274045	0.575640405993	0.623972933784	0.319961333978	0.601256645723	0.834702754954	0.605123247946	0.61333977767	0.620589656839	0.593523441276	0.879168680522	0.755437409377	0.742870952151	0.672305461576	0.72692121798	0.708554857419	0.835186080232	0.691155147414	0.658772353794	0.679072015466	0.670372160464	0.684871918801	0.708554857419	0.670372160464	0.608506524891	0.628322861286	0.617206379894	0.579990333494	0.627839536008	0.58337361044	0.574673755437	0.559690671822	0.564040599323	0.644272595457	0.626872885452	0.550507491542	0.641372643789	0.642339294345	0.59255679072	0.601256645723	0.584823586274	0.58337361044	0.602223296278	0.586273562107	0.535041082649	0.565973900435	0.577090381827	0.555824069599	0.618656355727	0.577573707105	0.616723054616	0.59255679072	0.621072982117	0.581440309328
AC4	0.570807153214	0.490091831803	0.957950700822	0.609473175447	0.519091348478	0.0	0.635089415176	0.399710004833	0.394876752054	0.528757854036	0.321894635089	0.428709521508	0.496858385694	0.868535524408	0.555824069599	0.503624939584	0.447075882069	0.421459642339	0.928951184147	0.778153697438	0.578540357661	0.506524891252	0.505074915418	0.490091831803	0.888351860802	0.587723537941	0.468825519575	0.48622522958	0.524891251812	0.56935717738	0.549540840986	0.491058482359	0.4398260029	0.477042049299	0.651039149348	0.587723537941	0.466408893185	0.521024649589	0.427259545674	0.573707104882	0.468825519575	0.686321894635	0.65055582407	0.537941034316	0.519091348478	0.485741904302	0.649589173514	0.585790236829	0.617206379894	0.607539874335	0.582890285162	0.621556307395	0.495891735138	0.512808119865	0.535041082649	0.526824552924	0.538907684872	0.597390043499	0.531657805703	0.603189946834	0.471725471242	0.580473658772
AD3	0.675205413243	0.595940067666	0.959400676655	0.68293861769	0.639439342678	0.635089415176	0.0	0.534074432093	0.640405993233	0.356210729821	0.678105364911	0.608989850169	0.644755920735	0.872885451909	0.573223779604	0.63653939101	0.681971967134	0.681971967134	0.937651039149	0.789753504108	0.721604639923	0.700821652972	0.695988400193	0.687288545191	0.91445142581	0.681005316578	0.705171580474	0.69212179797	0.693088448526	0.686321894635	0.718221362977	0.684871918801	0.637022716288	0.641855969067	0.736587723538	0.670855485742	0.681971967134	0.546157564041	0.630739487675	0.582406959884	0.587723537941	0.568390526825	0.543257612373	0.556790720155	0.699855002417	0.690671822136	0.768970517158	0.699855002417	0.748670855486	0.724021266312	0.705654905752	0.731271145481	0.655872402127	0.660222329628	0.662638956017	0.653939101015	0.628806186564	0.711454809087	0.637022716288	0.72692121798	0.684871918801	0.706621556307
AD4	0.563557274045	0.488641855969	0.936684388594	0.619139681005	0.549540840986	0.399710004833	0.534074432093	0.0	0.316578057032	0.397293378444	0.434026099565	0.49299178347	0.514258095698	0.849202513291	0.534557757371	0.517641372644	0.467858869019	0.43740937651	0.927017883035	0.776220396327	0.559207346544	0.485741904302	0.50700821653	0.491058482359	0.895601739971	0.586273562107	0.46302561624	0.462058965684	0.497341710971	0.552924117931	0.5601739971	0.493958434026	0.393910101498	0.428709521508	0.653939101015	0.570807153214	0.465925567907	0.478975350411	0.438376027066	0.567423876269	0.478975350411	0.63653939101	0.597390043499	0.497341710971	0.515224746254	0.481875302078	0.676172063799	0.603673272112	0.645239246013	0.63653939101	0.60657322378	0.64572257129	0.510874818753	0.526341227646	0.547124214596	0.540840985984	0.538424359594	0.623489608507	0.538907684872	0.639439342678	0.511358144031	0.605606573224
AE3	0.5601739971	0.506524891252	0.933784436926	0.614789753504	0.563557274045	0.394876752054	0.640405993233	0.316578057032	0.0	0.505558240696	0.40502658289	0.507491541808	0.515708071532	0.849685838569	0.560657322378	0.515224746254	0.452392460126	0.41904301595	0.916868052199	0.768003866602	0.552440792653	0.4813919768	0.4813919768	0.478492025133	0.886901884969	0.578057032383	0.447559207347	0.449492508458	0.491058482359	0.546640889319	0.534557757371	0.4813919768	0.40502658289	0.459642339294	0.669888835186	0.59497341711	0.446109231513	0.51377477042	0.448042532624	0.61575640406	0.521507974867	0.677622039633	0.640405993233	0.529241179314	0.512324794587	0.479458675689	0.667955534074	0.598840019333	0.638472692122	0.628322861286	0.595940067666	0.637989366844	0.511841469309	0.52537457709	0.55099081682	0.544224262929	0.544707588207	0.622039632673	0.54857419043	0.62735621073	0.495891735138	0.596423392943
AE4	0.623972933784	0.518124697922	0.947800869986	0.625422909618	0.575640405993	0.528757854036	0.356210729821	0.397293378444	0.505558240696	0.0	0.571290478492	0.537941034316	0.58095698405	0.857902368294	0.53697438376	0.551474142098	0.579023682939	0.574190430159	0.931367810536	0.776703721605	0.662155630739	0.591590140164	0.608989850169	0.587723537941	0.903818269696	0.610923151281	0.594006766554	0.579023682939	0.58337361044	0.602706621556	0.639922667956	0.598356694055	0.534074432093	0.546640889319	0.694055099082	0.623489608507	0.577573707105	0.462542290962	0.528274528758	0.535524407927	0.511358144031	0.581923634606	0.537941034316	0.502658289029	0.603673272112	0.590140164331	0.704688255196	0.64572257129	0.689221846303	0.672788786854	0.652972450459	0.678105364911	0.598356694055	0.588206863219	0.596423392943	0.594006766554	0.57177380377	0.666022232963	0.589173513775	0.679555340744	0.59497341711	0.647655872402
AF3	0.598356694055	0.551474142098	0.972450459159	0.642822619623	0.623972933784	0.321894635089	0.678105364911	0.434026099565	0.40502658289	0.571290478492	0.0	0.528757854036	0.530691155147	0.887385210246	0.600773320445	0.55099081682	0.449975833736	0.413726437893	0.954567423876	0.804736587724	0.595456742388	0.528757854036	0.44224262929	0.43740937651	0.917834702755	0.616723054616	0.435476075399	0.490091831803	0.538907684872	0.589656839053	0.526824552924	0.496858385694	0.429676172064	0.493958434026	0.681971967134	0.625906234896	0.425809569841	0.544224262929	0.459159014016	0.627839536008	0.524407926535	0.711938134364	0.677622039633	0.5601739971	0.518124697922	0.487191880135	0.673272112131	0.608506524891	0.65732237796	0.632189463509	0.605606573224	0.648622522958	0.538907684872	0.526824552924	0.557274045433	0.552924117931	0.573223779604	0.633639439343	0.570807153214	0.629289511841	0.495891735138	0.599806669889
AF4	0.60657322378	0.522957950701	0.931851135814	0.602706621556	0.319961333978	0.428709521508	0.608989850169	0.49299178347	0.507491541808	0.537941034316	0.528757854036	0.0	0.550507491542	0.844369260512	0.5601739971	0.549540840986	0.57177380377	0.542774287095	0.887385210246	0.736587723538	0.704204929918	0.628806186564	0.663605606573	0.64813919768	0.84485258579	0.628806186564	0.599806669889	0.623972933784	0.623006283229	0.641855969067	0.658772353794	0.61575640406	0.54857419043	0.569840502658	0.61575640406	0.544224262929	0.57177380377	0.537457709038	0.520541324311	0.521024649589	0.511358144031	0.617689705172	0.595456742388	0.521507974867	0.587723537941	0.585306911551	0.602223296278	0.549057515708	0.579990333494	0.554374093765	0.561140647656	0.579507008217	0.496858385694	0.517641372644	0.536007733204	0.506524891252	0.565973900435	0.561140647656	0.559207346544	0.556790720155	0.559690671822	0.534557757371
AG3	0.581440309328	0.477525374577	0.96520057999	0.473658772354	0.601256645723	0.496858385694	0.644755920735	0.514258095698	0.515708071532	0.58095698405	0.530691155147	0.550507491542	0.0	0.843402609957	0.52779120348	0.532141130981	0.51619139681	0.494441759304	0.930401159981	0.778153697438	0.678588690188	0.607056549058	0.599806669889	0.598356694055	0.885935234413	0.635572740454	0.561140647656	0.588206863219	0.611889801837	0.635089415176	0.641855969067	0.579990333494	0.536007733204	0.536491058482	0.661188980184	0.596423392943	0.546640889319	0.564040599323	0.514741420976	0.585306911551	0.525857902368	0.676172063799	0.638472692122	0.548090865152	0.567907201547	0.568873852102	0.619139681005	0.561140647656	0.614306428226	0.603673272112	0.574190430159	0.598356694055	0.512808119865	0.523924601257	0.537457709038	0.540840985984	0.549540840986	0.58095698405	0.551474142098	0.605123247946	0.514741420976	0.57177380377
AG4	0.851135814403	0.867568873852	0.337844369261	0.573707104882	0.834702754954	0.868535524408	0.872885451909	0.849202513291	0.849685838569	0.857902368294	0.887385210246	0.844369260512	0.843402609957	0.0	0.874818753021	0.85645239246	0.89125181247	0.882068632189	0.708071532141	0.680038666022	0.817786370227	0.829386176897	0.886418559691	0.868535524408	0.82165297245	0.817786370227	0.862735621073	0.84726921218	0.765103914935	0.742870952151	0.880618656356	0.869018849686	0.878685355244	0.879168680522	0.896085065249	0.88883518608	0.892701788304	0.864668922185	0.889318511358	0.881101981634	0.886901884969	0.851619139681	0.845335911068	0.869985500242	0.896568390527	0.893185113581	0.886418559691	0.893185113581	0.884485258579	0.884968583857	0.894635089415	0.88883518608	0.89125181247	0.888351860802	0.898985016916	0.890285161914	0.889801836636	0.887868535524	0.88883518608	0.884485258579	0.893185113581	0.894151764137
AH3	0.635089415176	0.365877235379	0.961333977767	0.605606573224	0.605123247946	0.555824069599	0.573223779604	0.534557757371	0.560657322378	0.53697438376	0.600773320445	0.5601739971	0.52779120348	0.874818753021	0.0	0.520541324311	0.581923634606	0.597390043499	0.923151280812	0.779120347994	0.704204929918	0.633639439343	0.636056065732	0.626389560174	0.905268245529	0.68293861769	0.637506041566	0.620589656839	0.651522474625	0.670855485742	0.686321894635	0.635089415176	0.541324311261	0.565490575157	0.709038182697	0.642822619623	0.628322861286	0.544707588207	0.590623489609	0.566457225713	0.545190913485	0.602706621556	0.566457225713	0.55099081682	0.642822619623	0.637506041566	0.705654905752	0.622039632673	0.665538907685	0.655389076849	0.641372643789	0.669888835186	0.580473658772	0.591106814886	0.595456742388	0.611406476559	0.570807153214	0.646205896568	0.56259062349	0.661672305462	0.583856935718	0.621556307395
AH4	0.337844369261	0.373127114548	0.945384243596	0.590623489609	0.61333977767	0.503624939584	0.63653939101	0.517641372644	0.515224746254	0.551474142098	0.55099081682	0.549540840986	0.532141130981	0.85645239246	0.520541324311	0.0	0.53697438376	0.52537457709	0.885451909135	0.728854519091	0.633156114065	0.55099081682	0.5601739971	0.548090865152	0.849202513291	0.58337361044	0.547124214596	0.53697438376	0.563073948768	0.590623489609	0.58337361044	0.538424359594	0.536007733204	0.53020782987	0.695505074915	0.623489608507	0.566940550991	0.560657322378	0.524891251812	0.566457225713	0.509424842919	0.665538907685	0.638472692122	0.559207346544	0.590140164331	0.568873852102	0.663605606573	0.610923151281	0.65055582407	0.62493958434	0.607056549058	0.635572740454	0.531657805703	0.517158047366	0.546640889319	0.548090865152	0.515224746254	0.612856452392	0.519091348478	0.628806186564	0.522957950701	0.599323344611
AA7	0.567907201547	0.52779120348	0.974383760271	0.633639439343	0.620589656839	0.447075882069	0.681971967134	0.467858869019	0.452392460126	0.579023682939	0.449975833736	0.57177380377	0.51619139681	0.89125181247	0.581923634606	0.53697438376	0.0	0.304011599807	0.927984533591	0.774287095215	0.591106814886	0.525857902368	0.496858385694	0.484775253746	0.870952150797	0.591590140164	0.47220879652	0.477042049299	0.534557757371	0.58095698405	0.521991300145	0.419526341228	0.42822619623	0.473175447076	0.70372160464	0.650072498792	0.480908651522	0.565007249879	0.483325277912	0.610439826003	0.531174480425	0.717738037699	0.679555340744	0.593523441276	0.551957467376	0.520541324311	0.662638956017	0.616239729338	0.655389076849	0.651522474625	0.589656839053	0.629289511841	0.50459159014	0.517158047366	0.53939101015	0.531657805703	0.534557757371	0.607056549058	0.533591106815	0.650072498792	0.491541807637	0.603673272112
AA8	0.564523924601	0.529724504592	0.968100531658	0.634606089899	0.593523441276	0.421459642339	0.681971967134	0.43740937651	0.41904301595	0.574190430159	0.413726437893	0.542774287095	0.494441759304	0.882068632189	0.597390043499	0.52537457709	0.304011599807	0.0	0.917351377477	0.758820686322	0.578057032383	0.509908168197	0.478008699855	0.466892218463	0.853552440793	0.571290478492	0.427742870952	0.464475592073	0.523924601257	0.573707104882	0.468825519575	0.376510391493	0.423392943451	0.470758820686	0.682455292412	0.623489608507	0.447559207347	0.551957467376	0.464958917351	0.607056549058	0.522957950701	0.715804736588	0.678588690188	0.572257129048	0.527307878202	0.494925084582	0.6389560174	0.594006766554	0.643305944901	0.62735621073	0.572740454326	0.609473175447	0.496375060416	0.499758337361	0.528274528758	0.519574673755	0.543740937651	0.592073465442	0.538424359594	0.619139681005	0.484291928468	0.578540357661
AB7	0.876752054132	0.898018366361	0.743837602707	0.735137747704	0.879168680522	0.928951184147	0.937651039149	0.927017883035	0.916868052199	0.931367810536	0.954567423876	0.887385210246	0.930401159981	0.708071532141	0.923151280812	0.885451909135	0.927984533591	0.917351377477	0.0	0.408409859836	0.809569840503	0.830836152731	0.931367810536	0.919284678589	0.746737554374	0.820202996617	0.883518608023	0.872402126631	0.744804253262	0.684388593523	0.890768487192	0.90285161914	0.925084581924	0.937651039149	0.936201063316	0.933784436926	0.949734171097	0.918801353311	0.945867568874	0.918801353311	0.936201063316	0.87046882552	0.869018849686	0.904301594973	0.95601739971	0.950700821653	0.936684388594	0.936201063316	0.928467858869	0.930884485259	0.938134364427	0.927501208313	0.922184630256	0.922184630256	0.926534557757	0.915901401643	0.922184630256	0.919284678589	0.9212179797	0.926051232479	0.945867568874	0.931851135814
AB8	0.72450459159	0.748670855486	0.762687288545	0.587240212663	0.755437409377	0.778153697438	0.789753504108	0.776220396327	0.768003866602	0.776703721605	0.804736587724	0.736587723538	0.778153697438	0.680038666022	0.779120347994	0.728854519091	0.774287095215	0.758820686322	0.408409859836	0.0	0.662155630739	0.676655389077	0.772353794103	0.762203963267	0.727404543258	0.672305461576	0.725954567424	0.71532141131	0.5601739971	0.527307878202	0.740937651039	0.744320927985	0.777187046883	0.787820202997	0.809569840503	0.78008699855	0.796036732721	0.761720637989	0.785403576607	0.763170613823	0.77090381827	0.730304494925	0.731271145481	0.750120831319	0.804736587724	0.801836636056	0.813919768004	0.782020299662	0.792170130498	0.772353794103	0.787336877719	0.780570323828	0.766553890768	0.765103914935	0.772353794103	0.760270662156	0.761720637989	0.76848719188	0.763170613823	0.773320444659	0.791203479942	0.776220396327
AC7	0.626872885452	0.661188980184	0.890768487192	0.663122281295	0.742870952151	0.578540357661	0.721604639923	0.559207346544	0.552440792653	0.662155630739	0.595456742388	0.704204929918	0.678588690188	0.817786370227	0.704204929918	0.633156114065	0.591106814886	0.578057032383	0.809569840503	0.662155630739	0.0	0.354760753987	0.573223779604	0.565973900435	0.823586273562	0.589173513775	0.542290961817	0.490575157081	0.477525374577	0.497341710971	0.571290478492	0.544224262929	0.563073948768	0.596906718221	0.816819719671	0.754470758821	0.632189463509	0.645239246013	0.622522957951	0.732721121315	0.663605606573	0.723054615756	0.70130497825	0.664572257129	0.649105848236	0.612856452392	0.826002899952	0.761720637989	0.805703238279	0.803769937168	0.753987433543	0.794103431609	0.684388593523	0.678588690188	0.706138231029	0.705171580474	0.676172063799	0.776703721605	0.677622039633	0.787820202997	0.632672788787	0.757854035766
AC8	0.563557274045	0.577573707105	0.910584823586	0.616239729338	0.672305461576	0.506524891252	0.700821652972	0.485741904302	0.4813919768	0.591590140164	0.528757854036	0.628806186564	0.607056549058	0.829386176897	0.633639439343	0.55099081682	0.525857902368	0.509908168197	0.830836152731	0.676655389077	0.354760753987	0.0	0.493958434026	0.490091831803	0.840502658289	0.551957467376	0.412759787337	0.369743837603	0.423876268729	0.46302561624	0.528757854036	0.484291928468	0.493475108748	0.518124697922	0.735137747704	0.668438859352	0.54857419043	0.563073948768	0.540357660706	0.651522474625	0.580473658772	0.666022232963	0.6389560174	0.586756887385	0.573707104882	0.538907684872	0.734654422426	0.66892218463	0.718221362977	0.718704688255	0.666505558241	0.703238279362	0.59255679072	0.593523441276	0.620589656839	0.616723054616	0.585306911551	0.686321894635	0.588206863219	0.702271628806	0.544707588207	0.664572257129
AD7	0.589656839053	0.584823586274	0.965683905268	0.660705654906	0.72692121798	0.505074915418	0.695988400193	0.50700821653	0.4813919768	0.608989850169	0.44224262929	0.663605606573	0.599806669889	0.886418559691	0.636056065732	0.5601739971	0.496858385694	0.478008699855	0.931367810536	0.772353794103	0.573223779604	0.493958434026	0.0	0.301111648139	0.894151764137	0.52537457709	0.43740937651	0.454325761237	0.514258095698	0.553407443209	0.501691638473	0.472692121798	0.484775253746	0.537457709038	0.747220879652	0.6805219913	0.507491541808	0.59497341711	0.546157564041	0.660705654906	0.599323344611	0.721121314645	0.695505074915	0.625422909618	0.582406959884	0.552440792653	0.751087481875	0.675205413243	0.737071048816	0.726437892702	0.668438859352	0.710004833253	0.612856452392	0.599323344611	0.621072982117	0.629772837119	0.595456742388	0.696471725471	0.601256645723	0.722571290478	0.570323827936	0.669405509908
AD8	0.585790236829	0.57177380377	0.952150797487	0.643305944901	0.708554857419	0.490091831803	0.687288545191	0.491058482359	0.478492025133	0.587723537941	0.43740937651	0.64813919768	0.598356694055	0.868535524408	0.626389560174	0.548090865152	0.484775253746	0.466892218463	0.919284678589	0.762203963267	0.565973900435	0.490091831803	0.301111648139	0.0	0.85645239246	0.487191880135	0.42822619623	0.443209279845	0.488641855969	0.534557757371	0.49540840986	0.459159014016	0.478492025133	0.524407926535	0.749154180764	0.676172063799	0.493958434026	0.575640405993	0.535524407927	0.644755920735	0.580473658772	0.71290478492	0.679072015466	0.607539874335	0.568390526825	0.538424359594	0.744804253262	0.66892218463	0.728854519091	0.718221362977	0.661672305462	0.699855002417	0.608023199613	0.592073465442	0.615273078782	0.620589656839	0.593523441276	0.691155147414	0.598840019333	0.707588206863	0.554857419043	0.662638956017
AE7	0.832286128565	0.883035282745	0.850169163847	0.790720154664	0.835186080232	0.888351860802	0.91445142581	0.895601739971	0.886901884969	0.903818269696	0.917834702755	0.84485258579	0.885935234413	0.82165297245	0.905268245529	0.849202513291	0.870952150797	0.853552440793	0.746737554374	0.727404543258	0.823586273562	0.840502658289	0.894151764137	0.85645239246	0.0	0.545674238763	0.864668922185	0.853069115515	0.762687288545	0.750604156597	0.838569357177	0.846785886902	0.901884968584	0.911551474142	0.926051232479	0.914934751087	0.920251329145	0.892701788304	0.912518124698	0.872885451909	0.898501691638	0.876268728855	0.870952150797	0.880618656356	0.938617689705	0.929917834703	0.889801836636	0.914934751087	0.906718221363	0.892701788304	0.900918318028	0.899951667472	0.890285161914	0.897535041083	0.905751570807	0.887385210246	0.907684871919	0.886418559691	0.90285161914	0.904301594973	0.911068148864	0.907684871919
AE8	0.586273562107	0.616239729338	0.899468342194	0.628322861286	0.691155147414	0.587723537941	0.681005316578	0.586273562107	0.578057032383	0.610923151281	0.616723054616	0.628806186564	0.635572740454	0.817786370227	0.68293861769	0.58337361044	0.591590140164	0.571290478492	0.820202996617	0.672305461576	0.589173513775	0.551957467376	0.52537457709	0.487191880135	0.545674238763	0.0	0.564523924601	0.545674238763	0.512324794587	0.500724987917	0.572740454326	0.553407443209	0.600289995167	0.610923151281	0.769937167714	0.704688255196	0.620589656839	0.59497341711	0.60657322378	0.651522474625	0.621556307395	0.695988400193	0.667472208797	0.623489608507	0.637989366844	0.628322861286	0.753987433543	0.687288545191	0.748187530208	0.720637989367	0.691638472692	0.728371193813	0.65055582407	0.631222812953	0.659255679072	0.64813919768	0.643305944901	0.710971483809	0.655872402127	0.717254712421	0.616723054616	0.688255195747
AF7	0.577090381827	0.569840502658	0.942000966651	0.644272595457	0.658772353794	0.468825519575	0.705171580474	0.46302561624	0.447559207347	0.594006766554	0.435476075399	0.599806669889	0.561140647656	0.862735621073	0.637506041566	0.547124214596	0.47220879652	0.427742870952	0.883518608023	0.725954567424	0.542290961817	0.412759787337	0.43740937651	0.42822619623	0.864668922185	0.564523924601	0.0	0.33107781537	0.472692121798	0.518124697922	0.474142097632	0.468825519575	0.442725954567	0.49299178347	0.68970517158	0.62493958434	0.455292411793	0.536007733204	0.49299178347	0.637022716288	0.542290961817	0.69212179797	0.653939101015	0.556790720155	0.537941034316	0.505558240696	0.671822136298	0.612373127115	0.677622039633	0.668438859352	0.611406476559	0.643305944901	0.548090865152	0.540840985984	0.565007249879	0.564523924601	0.570323827936	0.62735621073	0.55775737071	0.656839052682	0.502658289029	0.616239729338
AF8	0.547124214596	0.561140647656	0.927984533591	0.623489608507	0.679072015466	0.48622522958	0.69212179797	0.462058965684	0.449492508458	0.579023682939	0.490091831803	0.623972933784	0.588206863219	0.84726921218	0.620589656839	0.53697438376	0.477042049299	0.464475592073	0.872402126631	0.71532141131	0.490575157081	0.369743837603	0.454325761237	0.443209279845	0.853069115515	0.545674238763	0.33107781537	0.0	0.450942484292	0.491058482359	0.510391493475	0.448525857902	0.445625906235	0.50700821653	0.724987916868	0.65973900435	0.506524891252	0.554857419043	0.5186080232	0.626872885452	0.5601739971	0.669405509908	0.641855969067	0.566940550991	0.565007249879	0.537941034316	0.706138231029	0.639922667956	0.70372160464	0.701788303528	0.641855969067	0.670855485742	0.57177380377	0.566457225713	0.597873368777	0.593040115998	0.556790720155	0.662638956017	0.559207346544	0.688255195747	0.5186080232	0.643305944901
AG7	0.58095698405	0.595940067666	0.846302561624	0.550024166264	0.670372160464	0.524891251812	0.693088448526	0.497341710971	0.491058482359	0.58337361044	0.538907684872	0.623006283229	0.611889801837	0.765103914935	0.651522474625	0.563073948768	0.534557757371	0.523924601257	0.744804253262	0.5601739971	0.477525374577	0.423876268729	0.514258095698	0.488641855969	0.762687288545	0.512324794587	0.472692121798	0.450942484292	0.0	0.303528274529	0.552440792653	0.517641372644	0.51619139681	0.542290961817	0.739971000483	0.668438859352	0.536491058482	0.558724021266	0.54857419043	0.642822619623	0.592073465442	0.661672305462	0.619623006283	0.575640405993	0.588690188497	0.561140647656	0.741420976317	0.665055582407	0.722087965201	0.713388110198	0.664572257129	0.707104881585	0.60657322378	0.598840019333	0.625906234896	0.615273078782	0.612373127115	0.693088448526	0.623972933784	0.702754954084	0.583856935718	0.662638956017
AG8	0.594006766554	0.611406476559	0.827452875785	0.56259062349	0.684871918801	0.56935717738	0.686321894635	0.552924117931	0.546640889319	0.602706621556	0.589656839053	0.641855969067	0.635089415176	0.742870952151	0.670855485742	0.590623489609	0.58095698405	0.573707104882	0.684388593523	0.527307878202	0.497341710971	0.46302561624	0.553407443209	0.534557757371	0.750604156597	0.500724987917	0.518124697922	0.491058482359	0.303528274529	0.0	0.566940550991	0.542290961817	0.567907201547	0.58095698405	0.760270662156	0.684388593523	0.588690188497	0.577573707105	0.58095698405	0.662638956017	0.611406476559	0.665055582407	0.637506041566	0.596423392943	0.621072982117	0.601256645723	0.763170613823	0.68293861769	0.740937651039	0.728854519091	0.69212179797	0.722571290478	0.640889318511	0.633639439343	0.650072498792	0.64572257129	0.633156114065	0.710004833253	0.652005799903	0.708554857419	0.620106331561	0.685355244079
AH7	0.588206863219	0.630739487675	0.954084098598	0.683421942968	0.708554857419	0.549540840986	0.718221362977	0.5601739971	0.534557757371	0.639922667956	0.526824552924	0.658772353794	0.641855969067	0.880618656356	0.686321894635	0.58337361044	0.521991300145	0.468825519575	0.890768487192	0.740937651039	0.571290478492	0.528757854036	0.501691638473	0.49540840986	0.838569357177	0.572740454326	0.474142097632	0.510391493475	0.552440792653	0.566940550991	0.0	0.339777670372	0.565973900435	0.605606573224	0.779603673272	0.721604639923	0.554374093765	0.642822619623	0.597390043499	0.667955534074	0.629289511841	0.759787336878	0.744320927985	0.66892218463	0.644272595457	0.608506524891	0.764137264379	0.725471242146	0.758337361044	0.73852102465	0.699371677139	0.730787820203	0.626389560174	0.623489608507	0.640889318511	0.649589173514	0.627839536008	0.717254712421	0.632672788787	0.725954567424	0.61333977767	0.707104881585
AH8	0.555824069599	0.579023682939	0.952634122765	0.643789270179	0.670372160464	0.491058482359	0.684871918801	0.493958434026	0.4813919768	0.598356694055	0.496858385694	0.61575640406	0.579990333494	0.869018849686	0.635089415176	0.538424359594	0.419526341228	0.376510391493	0.90285161914	0.744320927985	0.544224262929	0.484291928468	0.472692121798	0.459159014016	0.846785886902	0.553407443209	0.468825519575	0.448525857902	0.517641372644	0.542290961817	0.339777670372	0.0	0.49540840986	0.536007733204	0.74770420493	0.686321894635	0.525857902368	0.594490091832	0.541324311261	0.619139681005	0.577090381827	0.714838086032	0.699371677139	0.620589656839	0.589173513775	0.562107298212	0.719671338811	0.670855485742	0.716771387144	0.695505074915	0.653455775737	0.685355244079	0.578057032383	0.570323827936	0.60415659739	0.600773320445	0.574190430159	0.67133881102	0.575640405993	0.688255195747	0.548090865152	0.654905751571
AA5	0.593040115998	0.514258095698	0.958917351377	0.647655872402	0.608506524891	0.4398260029	0.637022716288	0.393910101498	0.40502658289	0.534074432093	0.429676172064	0.54857419043	0.536007733204	0.878685355244	0.541324311261	0.536007733204	0.42822619623	0.423392943451	0.925084581924	0.777187046883	0.563073948768	0.493475108748	0.484775253746	0.478492025133	0.901884968584	0.600289995167	0.442725954567	0.445625906235	0.51619139681	0.567907201547	0.565973900435	0.49540840986	0.0	0.325761237313	0.682455292412	0.601256645723	0.469308844853	0.46302561624	0.464958917351	0.57177380377	0.489125181247	0.630739487675	0.581923634606	0.482841952634	0.533107781537	0.479458675689	0.697921701305	0.626389560174	0.675205413243	0.660705654906	0.634606089899	0.669888835186	0.526341227646	0.554857419043	0.579507008217	0.565490575157	0.549540840986	0.650072498792	0.556790720155	0.653455775737	0.512324794587	0.619623006283
AA6	0.590140164331	0.513291445143	0.964717254712	0.652005799903	0.628322861286	0.477042049299	0.641855969067	0.428709521508	0.459642339294	0.546640889319	0.493958434026	0.569840502658	0.536491058482	0.879168680522	0.565490575157	0.53020782987	0.473175447076	0.470758820686	0.937651039149	0.787820202997	0.596906718221	0.518124697922	0.537457709038	0.524407926535	0.911551474142	0.610923151281	0.49299178347	0.50700821653	0.542290961817	0.58095698405	0.605606573224	0.536007733204	0.325761237313	0.0	0.680038666022	0.595456742388	0.510391493475	0.492025132914	0.473658772354	0.585306911551	0.494925084582	0.656839052682	0.610439826003	0.516674722088	0.473175447076	0.425809569841	0.696955050749	0.634606089899	0.676172063799	0.667955534074	0.634122764621	0.670372160464	0.534074432093	0.555340744321	0.580473658772	0.565490575157	0.552440792653	0.64813919768	0.556307394877	0.657805703238	0.514258095698	0.621556307395
AB5	0.744804253262	0.672788786854	0.975350410826	0.731271145481	0.617206379894	0.651039149348	0.736587723538	0.653939101015	0.669888835186	0.694055099082	0.681971967134	0.61575640406	0.661188980184	0.896085065249	0.709038182697	0.695505074915	0.70372160464	0.682455292412	0.936201063316	0.809569840503	0.816819719671	0.735137747704	0.747220879652	0.749154180764	0.926051232479	0.769937167714	0.68970517158	0.724987916868	0.739971000483	0.760270662156	0.779603673272	0.74770420493	0.682455292412	0.680038666022	0.0	0.31029482842	0.620589656839	0.670372160464	0.620106331561	0.647172547124	0.618656355727	0.730787820203	0.71532141131	0.647655872402	0.629289511841	0.617689705172	0.620589656839	0.611889801837	0.613823102948	0.603673272112	0.623972933784	0.608989850169	0.59255679072	0.611406476559	0.608506524891	0.608506524891	0.672788786854	0.591106814886	0.655389076849	0.607056549058	0.66892218463	0.617689705172
AB6	0.6805219913	0.60415659739	0.969550507492	0.662638956017	0.579990333494	0.587723537941	0.670855485742	0.570807153214	0.59497341711	0.623489608507	0.625906234896	0.544224262929	0.596423392943	0.88883518608	0.642822619623	0.623489608507	0.650072498792	0.623489608507	0.933784436926	0.78008699855	0.754470758821	0.668438859352	0.6805219913	0.676172063799	0.914934751087	0.704688255196	0.62493958434	0.65973900435	0.668438859352	0.684388593523	0.721604639923	0.686321894635	0.601256645723	0.595456742388	0.31029482842	0.0	0.563557274045	0.59255679072	0.553407443209	0.572740454326	0.549057515708	0.666505558241	0.641372643789	0.549057515708	0.560657322378	0.552440792653	0.606089898502	0.548090865152	0.586756887385	0.570323827936	0.566457225713	0.579507008217	0.528274528758	0.56259062349	0.562107298212	0.556790720155	0.60657322378	0.555824069599	0.598840019333	0.566457225713	0.617689705172	0.553407443209
AC5	0.611406476559	0.572740454326	0.974383760271	0.654905751571	0.627839536008	0.466408893185	0.681971967134	0.465925567907	0.446109231513	0.577573707105	0.425809569841	0.57177380377	0.546640889319	0.892701788304	0.628322861286	0.566940550991	0.480908651522	0.447559207347	0.949734171097	0.796036732721	0.632189463509	0.54857419043	0.507491541808	0.493958434026	0.920251329145	0.620589656839	0.455292411793	0.506524891252	0.536491058482	0.588690188497	0.554374093765	0.525857902368	0.469308844853	0.510391493475	0.620589656839	0.563557274045	0.0	0.449975833736	0.448042532624	0.605123247946	0.533591106815	0.708554857419	0.660705654906	0.560657322378	0.488158530691	0.451909134848	0.611889801837	0.551957467376	0.608023199613	0.58337361044	0.557274045433	0.591106814886	0.499275012083	0.487191880135	0.511841469309	0.508458192363	0.577573707105	0.569840502658	0.573223779604	0.579990333494	0.52537457709	0.553407443209
AC6	0.623489608507	0.521507974867	0.949250845819	0.637506041566	0.58337361044	0.521024649589	0.546157564041	0.478975350411	0.51377477042	0.462542290962	0.544224262929	0.537457709038	0.564040599323	0.864668922185	0.544707588207	0.560657322378	0.565007249879	0.551957467376	0.918801353311	0.761720637989	0.645239246013	0.563073948768	0.59497341711	0.575640405993	0.892701788304	0.59497341711	0.536007733204	0.554857419043	0.558724021266	0.577573707105	0.642822619623	0.594490091832	0.46302561624	0.492025132914	0.670372160464	0.59255679072	0.449975833736	0.0	0.512808119865	0.538907684872	0.493958434026	0.478008699855	0.432092798453	0.439342677622	0.566457225713	0.54857419043	0.681971967134	0.617206379894	0.670372160464	0.636056065732	0.636056065732	0.666988883519	0.575640405993	0.575157080715	0.598356694055	0.58337361044	0.568390526825	0.649589173514	0.575640405993	0.641855969067	0.556790720155	0.630256162397
AD6	0.590623489609	0.520541324311	0.972450459159	0.623972933784	0.574673755437	0.427259545674	0.630739487675	0.438376027066	0.448042532624	0.528274528758	0.459159014016	0.520541324311	0.514741420976	0.889318511358	0.590623489609	0.524891251812	0.483325277912	0.464958917351	0.945867568874	0.785403576607	0.622522957951	0.540357660706	0.546157564041	0.535524407927	0.912518124698	0.60657322378	0.49299178347	0.5186080232	0.54857419043	0.58095698405	0.597390043499	0.541324311261	0.464958917351	0.473658772354	0.620106331561	0.553407443209	0.448042532624	0.512808119865	0.0	0.547124214596	0.412759787337	0.690188496858	0.644755920735	0.53697438376	0.479458675689	0.450459159014	0.599323344611	0.540357660706	0.587723537941	0.56935717738	0.547607539874	0.579507008217	0.464475592073	0.456259062349	0.490575157081	0.475108748188	0.537457709038	0.554857419043	0.535524407927	0.58095698405	0.479458675689	0.544224262929
AE5	0.622039632673	0.546640889319	0.973417109715	0.620106331561	0.559690671822	0.573707104882	0.582406959884	0.567423876269	0.61575640406	0.535524407927	0.627839536008	0.521024649589	0.585306911551	0.881101981634	0.566457225713	0.566457225713	0.610439826003	0.607056549058	0.918801353311	0.763170613823	0.732721121315	0.651522474625	0.660705654906	0.644755920735	0.872885451909	0.651522474625	0.637022716288	0.626872885452	0.642822619623	0.662638956017	0.667955534074	0.619139681005	0.57177380377	0.585306911551	0.647172547124	0.572740454326	0.605123247946	0.538907684872	0.547124214596	0.0	0.383276945384	0.601739971	0.581923634606	0.521024649589	0.641372643789	0.638472692122	0.652972450459	0.61575640406	0.641372643789	0.622039632673	0.635089415176	0.646205896568	0.543257612373	0.577090381827	0.603189946834	0.569840502658	0.563557274045	0.614306428226	0.566457225713	0.628322861286	0.590623489609	0.609473175447
AE6	0.593040115998	0.476558724021	0.972450459159	0.621556307395	0.564040599323	0.468825519575	0.587723537941	0.478975350411	0.521507974867	0.511358144031	0.524407926535	0.511358144031	0.525857902368	0.886901884969	0.545190913485	0.509424842919	0.531174480425	0.522957950701	0.936201063316	0.77090381827	0.663605606573	0.580473658772	0.599323344611	0.580473658772	0.898501691638	0.621556307395	0.542290961817	0.5601739971	0.592073465442	0.611406476559	0.629289511841	0.577090381827	0.489125181247	0.494925084582	0.618656355727	0.549057515708	0.533591106815	0.493958434026	0.412759787337	0.383276945384	0.0	0.639439342678	0.596423392943	0.493958434026	0.544224262929	0.541807636539	0.64813919768	0.580473658772	0.611406476559	0.594490091832	0.596906718221	0.62735621073	0.487191880135	0.494441759304	0.529241179314	0.51377477042	0.509424842919	0.598356694055	0.514741420976	0.60415659739	0.49540840986	0.586756887385
AF5	0.708554857419	0.626389560174	0.934267762204	0.654422426293	0.644272595457	0.686321894635	0.568390526825	0.63653939101	0.677622039633	0.581923634606	0.711938134364	0.617689705172	0.676172063799	0.851619139681	0.602706621556	0.665538907685	0.717738037699	0.715804736588	0.87046882552	0.730304494925	0.723054615756	0.666022232963	0.721121314645	0.71290478492	0.876268728855	0.695988400193	0.69212179797	0.669405509908	0.661672305462	0.665055582407	0.759787336878	0.714838086032	0.630739487675	0.656839052682	0.730787820203	0.666505558241	0.708554857419	0.478008699855	0.690188496858	0.601739971	0.639439342678	0.0	0.279362010633	0.542774287095	0.721604639923	0.71290478492	0.753020782987	0.711454809087	0.749637506042	0.717254712421	0.734171097148	0.743354277429	0.690188496858	0.709521507975	0.721121314645	0.70372160464	0.66892218463	0.726437892702	0.673755437409	0.716288061866	0.708554857419	0.71532141131
AF6	0.686321894635	0.588206863219	0.928951184147	0.641372643789	0.626872885452	0.65055582407	0.543257612373	0.597390043499	0.640405993233	0.537941034316	0.677622039633	0.595456742388	0.638472692122	0.845335911068	0.566457225713	0.638472692122	0.679555340744	0.678588690188	0.869018849686	0.731271145481	0.70130497825	0.6389560174	0.695505074915	0.679072015466	0.870952150797	0.667472208797	0.653939101015	0.641855969067	0.619623006283	0.637506041566	0.744320927985	0.699371677139	0.581923634606	0.610439826003	0.71532141131	0.641372643789	0.660705654906	0.432092798453	0.644755920735	0.581923634606	0.596423392943	0.279362010633	0.0	0.500241662639	0.6805219913	0.667955534074	0.739004349928	0.674722087965	0.724987916868	0.690188496858	0.687771870469	0.720637989367	0.651039149348	0.667955534074	0.6805219913	0.666022232963	0.631222812953	0.699855002417	0.632672788787	0.694055099082	0.669888835186	0.683905268246
