	AA3	AA4	AB3	AB4	AC3	AC4	AD3	AD4	AE3	AE4	AF3	AF4	AG3	AG4	AH3	AH4	AA7	AA8	AB7	AB8	AC7	AC8	AD7	AD8	AE7	AE8	AF7	AF8	AG7	AG8	AH7	AH8	AA5	AA6	AB5	AB6	AC5	AC6	AD6	AE5	AE6	AF5	AF6	AG5	AH5	AH6	AA1	AA2	AB1	AB2	AC1	AC2	AD1	AD2	AE1	AE2	AF1	AF2	AG1	AG2	AH1	AH2
AA3	0.0	0.49299178347	0.940550990817	0.638472692122	0.679072015466	0.589173513775	0.661188980184	0.592073465442	0.584340260996	0.634122764621	0.619623006283	0.63653939101	0.585306911551	0.854035766071	0.646205896568	0.333011116481	0.577090381827	0.565490575157	0.874818753021	0.734654422426	0.618173030449	0.587240212663	0.58337361044	0.592073465442	0.838569357177	0.603189946834	0.567423876269	0.563557274045	0.605123247946	0.602706621556	0.596906718221	0.552924117931	0.589656839053	0.599323344611	0.743354277429	0.695505074915	0.62735621073	0.630256162397	0.60415659739	0.646689221846	0.61575640406	0.72692121798	0.691155147414	0.627839536008	0.634122764621	0.619623006283	0.66892218463	0.652489125181	0.712421459642	0.669405509908	0.652972450459	0.66892218463	0.570323827936	0.558724021266	0.584823586274	0.568873852102	0.575157080715	0.666505558241	0.585790236829	0.672788786854	0.587240212663	0.649589173514
AA4	0.49299178347	0.0	0.947800869986	0.576123731271	0.565490575157	0.480425326245	0.577090381827	0.506041565974	0.52537457709	0.520057999033	0.571290478492	0.521991300145	0.485258579024	0.861285645239	0.373127114548	0.387143547608	0.538424359594	0.55099081682	0.892218463026	0.739971000483	0.662638956017	0.591590140164	0.585790236829	0.595456742388	0.878202029966	0.617206379894	0.5601739971	0.563557274045	0.607539874335	0.615273078782	0.633639439343	0.579023682939	0.519574673755	0.543740937651	0.660222329628	0.603673272112	0.582890285162	0.5186080232	0.536007733204	0.52779120348	0.496858385694	0.639922667956	0.593523441276	0.513291445143	0.582890285162	0.579507008217	0.629772837119	0.581440309328	0.626872885452	0.598840019333	0.595456742388	0.621556307395	0.521024649589	0.519574673755	0.522957950701	0.507974867086	0.496858385694	0.620589656839	0.492025132914	0.587240212663	0.523441275979	0.561140647656
AB3	0.940550990817	0.947800869986	0.0	0.68293861769	0.9212179797	0.957467375544	0.950700821653	0.942967617206	0.928951184147	0.937651039149	0.969550507492	0.926534557757	0.964233929435	0.338327694538	0.959884001933	0.936201063316	0.971967133881	0.971967133881	0.740454325761	0.74770420493	0.89125181247	0.907684871919	0.957950700822	0.945867568874	0.855002416626	0.908651522475	0.943450942484	0.929917834703	0.834219429676	0.818753020783	0.949250845819	0.950700821653	0.952150797487	0.959400676655	0.972450459159	0.962783953601	0.972933784437	0.954084098598	0.971967133881	0.971000483325	0.970033832769	0.931367810536	0.925567907202	0.948284195263	0.974867085549	0.967133881102	0.971000483325	0.967133881102	0.969067182214	0.969550507492	0.96761720638	0.968100531658	0.973417109715	0.971000483325	0.972450459159	0.971000483325	0.968100531658	0.968100531658	0.968583856936	0.971483808603	0.970517158047	0.969550507492
AB4	0.638472692122	0.576123731271	0.68293861769	0.0	0.646689221846	0.602706621556	0.666505558241	0.618173030449	0.610923151281	0.614789753504	0.643789270179	0.599806669889	0.46979217013	0.571290478492	0.598840019333	0.591106814886	0.62493958434	0.634606089899	0.734171097148	0.593523441276	0.656355727405	0.616239729338	0.652972450459	0.643789270179	0.798936684389	0.633156114065	0.644755920735	0.632672788787	0.564523924601	0.575640405993	0.685355244079	0.6389560174	0.633639439343	0.652489125181	0.726437892702	0.675688738521	0.661188980184	0.637989366844	0.626389560174	0.631706138231	0.615273078782	0.674722087965	0.662155630739	0.627839536008	0.68293861769	0.672305461576	0.691155147414	0.672788786854	0.696955050749	0.675205413243	0.66892218463	0.677138714355	0.626389560174	0.63653939101	0.644272595457	0.62735621073	0.635572740454	0.678105364911	0.633639439343	0.660705654906	0.649105848236	0.65973900435
AC3	0.679072015466	0.565490575157	0.9212179797	0.646689221846	0.0	0.485741904302	0.643305944901	0.556790720155	0.568390526825	0.585790236829	0.628806186564	0.3194780087	0.604639922668	0.840985983567	0.606089898502	0.610923151281	0.608023199613	0.605606573224	0.878685355244	0.757854035766	0.733204446593	0.681488641856	0.718221362977	0.716771387144	0.839536007733	0.674722087965	0.658289028516	0.684388593523	0.681005316578	0.6805219913	0.711938134364	0.665055582407	0.605606573224	0.637022716288	0.614789753504	0.58337361044	0.635572740454	0.574190430159	0.572740454326	0.561140647656	0.563557274045	0.669405509908	0.660705654906	0.562107298212	0.646689221846	0.63653939101	0.569840502658	0.584340260996	0.576123731271	0.564040599323	0.59255679072	0.576607056549	0.529241179314	0.569840502658	0.572740454326	0.553407443209	0.615273078782	0.570323827936	0.624456259062	0.587240212663	0.610923151281	0.584340260996
AC4	0.589173513775	0.480425326245	0.957467375544	0.602706621556	0.485741904302	0.0	0.598840019333	0.423392943451	0.420976317061	0.512324794587	0.355244079265	0.407926534558	0.505558240696	0.872402126631	0.549057515708	0.537457709038	0.473175447076	0.45142580957	0.915418076365	0.764137264379	0.59255679072	0.543740937651	0.524891251812	0.529724504592	0.885451909135	0.576123731271	0.501208313195	0.524407926535	0.546640889319	0.565007249879	0.58095698405	0.514741420976	0.43740937651	0.466892218463	0.642822619623	0.582890285162	0.499275012083	0.485258579024	0.430159497342	0.536007733204	0.463992266796	0.681005316578	0.637506041566	0.508458192363	0.516674722088	0.488158530691	0.622039632673	0.58095698405	0.602223296278	0.58337361044	0.581440309328	0.60657322378	0.499275012083	0.497341710971	0.501208313195	0.490091831803	0.515224746254	0.603189946834	0.537457709038	0.574190430159	0.46302561624	0.565490575157
AD3	0.661188980184	0.577090381827	0.950700821653	0.666505558241	0.643305944901	0.598840019333	0.0	0.52537457709	0.633639439343	0.359110681489	0.663605606573	0.602706621556	0.632189463509	0.868535524408	0.565973900435	0.635572740454	0.673755437409	0.6805219913	0.933784436926	0.783953600773	0.711454809087	0.684871918801	0.690671822136	0.680038666022	0.916868052199	0.672788786854	0.690671822136	0.68293861769	0.681005316578	0.673272112131	0.709521507975	0.678588690188	0.621072982117	0.643789270179	0.731271145481	0.673272112131	0.673272112131	0.535041082649	0.634122764621	0.579507008217	0.566457225713	0.563557274045	0.521991300145	0.532624456259	0.696955050749	0.679555340744	0.751087481875	0.703238279362	0.734171097148	0.709521507975	0.70372160464	0.731271145481	0.65973900435	0.652972450459	0.664572257129	0.650072498792	0.620106331561	0.725954567424	0.618656355727	0.697438376027	0.687288545191	0.693571773804
AD4	0.592073465442	0.506041565974	0.942967617206	0.618173030449	0.556790720155	0.423392943451	0.52537457709	0.0	0.338327694538	0.411793136781	0.441759304012	0.494441759304	0.524407926535	0.855002416626	0.555340744321	0.536007733204	0.479458675689	0.459159014016	0.937651039149	0.782986950217	0.575157080715	0.511358144031	0.500241662639	0.501208313195	0.913484775254	0.603673272112	0.461092315128	0.476075398743	0.521507974867	0.576123731271	0.556307394877	0.496375060416	0.389076848719	0.449975833736	0.648622522958	0.578057032383	0.455292411793	0.457709038183	0.436442725955	0.550024166264	0.467858869019	0.652489125181	0.608989850169	0.500241662639	0.503141614306	0.482358627356	0.651039149348	0.608023199613	0.63653939101	0.62493958434	0.610439826003	0.63653939101	0.527307878202	0.509908168197	0.526341227646	0.516674722088	0.521507974867	0.629772837119	0.543257612373	0.612373127115	0.505074915418	0.599806669889
AE3	0.584340260996	0.52537457709	0.928951184147	0.610923151281	0.568390526825	0.420976317061	0.633639439343	0.338327694538	0.0	0.512324794587	0.400676655389	0.510391493475	0.51619139681	0.849202513291	0.566940550991	0.531657805703	0.446592556791	0.424842919285	0.919284678589	0.767037216046	0.551957467376	0.490091831803	0.46979217013	0.484775253746	0.891735137748	0.588690188497	0.442725954567	0.458675688739	0.495891735138	0.553890768487	0.538907684872	0.48380860319	0.404059932334	0.459159014016	0.655872402127	0.595940067666	0.435959400677	0.508458192363	0.433542774287	0.603673272112	0.510874818753	0.697438376027	0.655389076849	0.528274528758	0.488158530691	0.475108748188	0.641855969067	0.605123247946	0.636056065732	0.617206379894	0.609956500725	0.63653939101	0.525857902368	0.512808119865	0.522474625423	0.520057999033	0.537941034316	0.635089415176	0.555824069599	0.599323344611	0.489125181247	0.588690188497
AE4	0.634122764621	0.520057999033	0.937651039149	0.614789753504	0.585790236829	0.512324794587	0.359110681489	0.411793136781	0.512324794587	0.0	0.574190430159	0.537941034316	0.565973900435	0.850652489125	0.54857419043	0.568873852102	0.586273562107	0.591106814886	0.919284678589	0.764620589657	0.650072498792	0.590623489609	0.60415659739	0.595940067666	0.896085065249	0.601739971	0.596423392943	0.586756887385	0.58095698405	0.589173513775	0.646205896568	0.597873368777	0.537457709038	0.5601739971	0.685355244079	0.617206379894	0.579990333494	0.460125664572	0.547607539874	0.529724504592	0.492508458192	0.59255679072	0.552924117931	0.492508458192	0.608989850169	0.594490091832	0.690188496858	0.646689221846	0.684871918801	0.667472208797	0.661672305462	0.676172063799	0.601256645723	0.583856935718	0.588690188497	0.588690188497	0.566940550991	0.673272112131	0.568390526825	0.657805703238	0.599323344611	0.642822619623
AF3	0.619623006283	0.571290478492	0.969550507492	0.643789270179	0.628806186564	0.355244079265	0.663605606573	0.441759304012	0.400676655389	0.574190430159	0.0	0.544707588207	0.545674238763	0.887385210246	0.620589656839	0.58337361044	0.450459159014	0.434026099565	0.955534074432	0.803769937168	0.589656839053	0.549540840986	0.438376027066	0.452875785404	0.921701304978	0.616723054616	0.443209279845	0.503624939584	0.545674238763	0.593523441276	0.529241179314	0.503624939584	0.441759304012	0.496858385694	0.676655389077	0.628806186564	0.443209279845	0.531657805703	0.454809086515	0.620106331561	0.529241179314	0.724987916868	0.684871918801	0.554857419043	0.522474625423	0.491541807637	0.663122281295	0.624456259062	0.663122281295	0.627839536008	0.623972933784	0.64813919768	0.555340744321	0.52537457709	0.539874335428	0.537457709038	0.564523924601	0.647172547124	0.582406959884	0.612373127115	0.500241662639	0.608989850169
AF4	0.63653939101	0.521991300145	0.926534557757	0.599806669889	0.3194780087	0.407926534558	0.602706621556	0.494441759304	0.510391493475	0.537941034316	0.544707588207	0.0	0.558240695988	0.842919284679	0.575640405993	0.565490575157	0.570807153214	0.564523924601	0.883518608023	0.735137747704	0.690188496858	0.631706138231	0.656839052682	0.653939101015	0.84485258579	0.622522957951	0.608506524891	0.634606089899	0.629289511841	0.626389560174	0.663605606573	0.620106331561	0.552440792653	0.588206863219	0.60415659739	0.544224262929	0.580473658772	0.538424359594	0.529241179314	0.524891251812	0.518124697922	0.651039149348	0.633156114065	0.524891251812	0.587723537941	0.574190430159	0.587240212663	0.549057515708	0.579990333494	0.536491058482	0.559207346544	0.572257129048	0.503141614306	0.533591106815	0.532141130981	0.517641372644	0.561623972934	0.565490575157	0.579023682939	0.543740937651	0.56259062349	0.543257612373
AG3	0.585306911551	0.485258579024	0.964233929435	0.46979217013	0.604639922668	0.505558240696	0.632189463509	0.524407926535	0.51619139681	0.565973900435	0.545674238763	0.558240695988	0.0	0.852585790237	0.528757854036	0.528274528758	0.501208313195	0.499275012083	0.928467858869	0.781053649106	0.665055582407	0.600289995167	0.588690188497	0.60415659739	0.88883518608	0.623006283229	0.547124214596	0.576607056549	0.606089898502	0.617206379894	0.63653939101	0.572257129048	0.512324794587	0.522474625423	0.661188980184	0.622522957951	0.554374093765	0.538907684872	0.518124697922	0.566940550991	0.507491541808	0.684388593523	0.64572257129	0.539874335428	0.56935717738	0.568873852102	0.623006283229	0.591590140164	0.617206379894	0.608506524891	0.597873368777	0.608023199613	0.51377477042	0.530691155147	0.53697438376	0.527307878202	0.538424359594	0.613823102948	0.551957467376	0.595940067666	0.505558240696	0.569840502658
AG4	0.854035766071	0.861285645239	0.338327694538	0.571290478492	0.840985983567	0.872402126631	0.868535524408	0.855002416626	0.849202513291	0.850652489125	0.887385210246	0.842919284679	0.852585790237	0.0	0.872885451909	0.846302561624	0.891735137748	0.892218463026	0.714354760754	0.678588690188	0.815853069116	0.831802803287	0.878685355244	0.870952150797	0.824552924118	0.831802803287	0.867085548574	0.849202513291	0.761237312711	0.740937651039	0.884968583857	0.868535524408	0.869502174964	0.874818753021	0.902368293862	0.889318511358	0.891735137748	0.864668922185	0.887385210246	0.885935234413	0.882068632189	0.851135814403	0.847752537458	0.867568873852	0.899951667472	0.886901884969	0.882068632189	0.885935234413	0.883518608023	0.882551957467	0.88883518608	0.883518608023	0.891735137748	0.881101981634	0.894151764137	0.88883518608	0.886418559691	0.880618656356	0.884485258579	0.883035282745	0.890285161914	0.888351860802
AH3	0.646205896568	0.373127114548	0.959884001933	0.598840019333	0.606089898502	0.549057515708	0.565973900435	0.555340744321	0.566940550991	0.54857419043	0.620589656839	0.575640405993	0.528757854036	0.872885451909	0.0	0.521991300145	0.598840019333	0.609473175447	0.919768003867	0.773803769937	0.705171580474	0.631222812953	0.632672788787	0.646205896568	0.90285161914	0.676655389077	0.635089415176	0.628322861286	0.662638956017	0.663605606573	0.685838569357	0.635572740454	0.553890768487	0.595940067666	0.703238279362	0.646689221846	0.648622522958	0.561623972934	0.596423392943	0.56259062349	0.556307394877	0.61575640406	0.575640405993	0.554374093765	0.642822619623	0.642339294345	0.695021749638	0.623489608507	0.655389076849	0.652489125181	0.645239246013	0.663122281295	0.588206863219	0.59497341711	0.594006766554	0.585790236829	0.575157080715	0.667472208797	0.55775737071	0.625422909618	0.59255679072	0.609956500725
AH4	0.333011116481	0.387143547608	0.936201063316	0.591106814886	0.610923151281	0.537457709038	0.635572740454	0.536007733204	0.531657805703	0.568873852102	0.58337361044	0.565490575157	0.528274528758	0.846302561624	0.521991300145	0.0	0.53697438376	0.536491058482	0.881585306912	0.738037699372	0.633156114065	0.559690671822	0.572257129048	0.577090381827	0.843885935234	0.595940067666	0.546157564041	0.545674238763	0.587723537941	0.593523441276	0.594006766554	0.541807636539	0.54857419043	0.550507491542	0.687771870469	0.641855969067	0.596906718221	0.574190430159	0.561140647656	0.587240212663	0.559690671822	0.68970517158	0.647655872402	0.568873852102	0.602223296278	0.588206863219	0.649589173514	0.605606573224	0.666988883519	0.623006283229	0.619623006283	0.634606089899	0.543740937651	0.526824552924	0.555824069599	0.523441275979	0.524407926535	0.637022716288	0.527307878202	0.626389560174	0.544224262929	0.60415659739
AA7	0.577090381827	0.538424359594	0.971967133881	0.62493958434	0.608023199613	0.473175447076	0.673755437409	0.479458675689	0.446592556791	0.586273562107	0.450459159014	0.570807153214	0.501208313195	0.891735137748	0.598840019333	0.53697438376	0.0	0.303528274529	0.929917834703	0.78250362494	0.59255679072	0.527307878202	0.479458675689	0.493475108748	0.876268728855	0.585790236829	0.446109231513	0.479458675689	0.538907684872	0.590623489609	0.517641372644	0.426776220396	0.448042532624	0.493475108748	0.701788303528	0.661672305462	0.488158530691	0.554374093765	0.488158530691	0.608506524891	0.543257612373	0.729821169647	0.696955050749	0.584340260996	0.534557757371	0.52779120348	0.642822619623	0.607539874335	0.654905751571	0.632672788787	0.599806669889	0.622039632673	0.515708071532	0.523924601257	0.524891251812	0.520057999033	0.53939101015	0.621072982117	0.554374093765	0.630739487675	0.480425326245	0.598356694055
AA8	0.565490575157	0.55099081682	0.971967133881	0.634606089899	0.605606573224	0.45142580957	0.6805219913	0.459159014016	0.424842919285	0.591106814886	0.434026099565	0.564523924601	0.499275012083	0.892218463026	0.609473175447	0.536491058482	0.303528274529	0.0	0.926051232479	0.775737071049	0.576123731271	0.509424842919	0.479942000967	0.49299178347	0.868535524408	0.581923634606	0.439342677622	0.467858869019	0.528757854036	0.579990333494	0.488158530691	0.378443692605	0.431126147898	0.482358627356	0.690671822136	0.651522474625	0.477525374577	0.545190913485	0.475592073465	0.610923151281	0.529241179314	0.740454325761	0.700338327695	0.569840502658	0.520541324311	0.510874818753	0.627839536008	0.598840019333	0.652489125181	0.619139681005	0.586273562107	0.616723054616	0.507491541808	0.498308361527	0.515708071532	0.510391493475	0.53697438376	0.605123247946	0.553407443209	0.61333977767	0.473175447076	0.592073465442
AB7	0.874818753021	0.892218463026	0.740454325761	0.734171097148	0.878685355244	0.915418076365	0.933784436926	0.937651039149	0.919284678589	0.919284678589	0.955534074432	0.883518608023	0.928467858869	0.714354760754	0.919768003867	0.881585306912	0.929917834703	0.926051232479	0.0	0.405993233446	0.811019816336	0.834702754954	0.929434509425	0.920251329145	0.736587723538	0.830836152731	0.895118414693	0.869985500242	0.73368777187	0.690188496858	0.888351860802	0.90285161914	0.924117931368	0.929917834703	0.937167713871	0.932334461092	0.948767520541	0.918801353311	0.944900918318	0.924601256646	0.942000966651	0.860318994683	0.872402126631	0.904784920251	0.954567423876	0.950217496375	0.936201063316	0.929917834703	0.929917834703	0.927984533591	0.934751087482	0.929917834703	0.924117931368	0.924601256646	0.930401159981	0.924117931368	0.924117931368	0.921701304978	0.928951184147	0.931851135814	0.948767520541	0.933784436926
AB8	0.734654422426	0.739971000483	0.74770420493	0.593523441276	0.757854035766	0.764137264379	0.783953600773	0.782986950217	0.767037216046	0.764620589657	0.803769937168	0.735137747704	0.781053649106	0.678588690188	0.773803769937	0.738037699372	0.78250362494	0.775737071049	0.405993233446	0.0	0.670372160464	0.686805219913	0.769937167714	0.756404059932	0.725954567424	0.68293861769	0.738037699372	0.717254712421	0.550507491542	0.53020782987	0.754954084099	0.752054132431	0.76848719188	0.776703721605	0.808119864669	0.781053649106	0.795553407443	0.767037216046	0.790236829386	0.774770420493	0.785886901885	0.730787820203	0.73368777187	0.755437409377	0.808119864669	0.797970033833	0.816336394393	0.779120347994	0.795553407443	0.779603673272	0.787820202997	0.783953600773	0.776703721605	0.778153697438	0.778637022716	0.775737071049	0.769453842436	0.78008699855	0.772353794103	0.779603673272	0.792170130498	0.78008699855
AC7	0.618173030449	0.662638956017	0.89125181247	0.656355727405	0.733204446593	0.59255679072	0.711454809087	0.575157080715	0.551957467376	0.650072498792	0.589656839053	0.690188496858	0.665055582407	0.815853069116	0.705171580474	0.633156114065	0.59255679072	0.576123731271	0.811019816336	0.670372160464	0.0	0.34944417593	0.568873852102	0.56935717738	0.819719671339	0.595456742388	0.549057515708	0.51377477042	0.480425326245	0.505074915418	0.568390526825	0.53939101015	0.555824069599	0.595940067666	0.807153214113	0.748670855486	0.630256162397	0.6389560174	0.606089898502	0.730787820203	0.662638956017	0.714354760754	0.681488641856	0.661188980184	0.63653939101	0.612373127115	0.798453359111	0.763653939101	0.797003383277	0.782986950217	0.755437409377	0.782020299662	0.686805219913	0.662155630739	0.675688738521	0.678105364911	0.66892218463	0.78250362494	0.674722087965	0.761237312711	0.616723054616	0.751087481875
AC8	0.587240212663	0.591590140164	0.907684871919	0.616239729338	0.681488641856	0.543740937651	0.684871918801	0.511358144031	0.490091831803	0.590623489609	0.549540840986	0.631706138231	0.600289995167	0.831802803287	0.631222812953	0.559690671822	0.527307878202	0.509424842919	0.834702754954	0.686805219913	0.34944417593	0.0	0.505558240696	0.501208313195	0.836152730788	0.563073948768	0.421942967617	0.392460125665	0.444659255679	0.478492025133	0.535041082649	0.481875302078	0.495891735138	0.524407926535	0.739971000483	0.685838569357	0.57177380377	0.577090381827	0.540840985984	0.65973900435	0.587723537941	0.684871918801	0.648622522958	0.59497341711	0.564523924601	0.554857419043	0.725954567424	0.681488641856	0.731271145481	0.715804736588	0.679072015466	0.70372160464	0.612856452392	0.583856935718	0.599323344611	0.600773320445	0.593040115998	0.704204929918	0.594490091832	0.698888351861	0.53939101015	0.669405509908
AD7	0.58337361044	0.585790236829	0.957950700822	0.652972450459	0.718221362977	0.524891251812	0.690671822136	0.500241662639	0.46979217013	0.60415659739	0.438376027066	0.656839052682	0.588690188497	0.878685355244	0.632672788787	0.572257129048	0.479458675689	0.479942000967	0.929434509425	0.769937167714	0.568873852102	0.505558240696	0.0	0.289511841469	0.893185113581	0.5186080232	0.420009666506	0.45142580957	0.512808119865	0.56259062349	0.495891735138	0.465925567907	0.492508458192	0.540840985984	0.735621072982	0.683905268246	0.514258095698	0.579990333494	0.538907684872	0.658289028516	0.588206863219	0.73368777187	0.689221846303	0.610439826003	0.561140647656	0.549540840986	0.726437892702	0.679072015466	0.72450459159	0.710004833253	0.672305461576	0.695988400193	0.612856452392	0.585790236829	0.59255679072	0.602706621556	0.584823586274	0.705654905752	0.592073465442	0.68970517158	0.545190913485	0.666022232963
AD8	0.592073465442	0.595456742388	0.945867568874	0.643789270179	0.716771387144	0.529724504592	0.680038666022	0.501208313195	0.484775253746	0.595940067666	0.452875785404	0.653939101015	0.60415659739	0.870952150797	0.646205896568	0.577090381827	0.493475108748	0.49299178347	0.920251329145	0.756404059932	0.56935717738	0.501208313195	0.289511841469	0.0	0.866118898018	0.492508458192	0.415176413726	0.451909134848	0.48622522958	0.540840985984	0.496858385694	0.4813919768	0.498791686805	0.539874335428	0.746737554374	0.686805219913	0.508458192363	0.576123731271	0.538424359594	0.658289028516	0.593523441276	0.725471242146	0.681971967134	0.602223296278	0.568873852102	0.555824069599	0.734171097148	0.685838569357	0.735137747704	0.718221362977	0.678105364911	0.707104881585	0.619623006283	0.592073465442	0.601739971	0.606089898502	0.603189946834	0.711454809087	0.612856452392	0.700338327695	0.56259062349	0.670372160464
AE7	0.838569357177	0.878202029966	0.855002416626	0.798936684389	0.839536007733	0.885451909135	0.916868052199	0.913484775254	0.891735137748	0.896085065249	0.921701304978	0.84485258579	0.88883518608	0.824552924118	0.90285161914	0.843885935234	0.876268728855	0.868535524408	0.736587723538	0.725954567424	0.819719671339	0.836152730788	0.893185113581	0.866118898018	0.0	0.543740937651	0.869985500242	0.855002416626	0.760753987434	0.751087481875	0.838086031899	0.839536007733	0.896568390527	0.908651522475	0.925567907202	0.919284678589	0.930401159981	0.901401643306	0.914934751087	0.880618656356	0.904784920251	0.873852102465	0.874818753021	0.881101981634	0.938617689705	0.922184630256	0.891735137748	0.899468342194	0.908651522475	0.896568390527	0.903334944418	0.895118414693	0.897051715805	0.89125181247	0.905268245529	0.891735137748	0.908168197197	0.893185113581	0.909134847753	0.907201546641	0.913001449976	0.906718221363
AE8	0.603189946834	0.617206379894	0.908651522475	0.633156114065	0.674722087965	0.576123731271	0.672788786854	0.603673272112	0.588690188497	0.601739971	0.616723054616	0.622522957951	0.623006283229	0.831802803287	0.676655389077	0.595940067666	0.585790236829	0.581923634606	0.830836152731	0.68293861769	0.595456742388	0.563073948768	0.5186080232	0.492508458192	0.543740937651	0.0	0.569840502658	0.550507491542	0.530691155147	0.523441275979	0.567907201547	0.546640889319	0.594006766554	0.605606573224	0.751087481875	0.704688255196	0.628806186564	0.596423392943	0.609956500725	0.649105848236	0.617206379894	0.694055099082	0.654422426293	0.614789753504	0.632189463509	0.623006283229	0.725954567424	0.684871918801	0.742387626873	0.707588206863	0.68970517158	0.708554857419	0.643305944901	0.622039632673	0.629772837119	0.628322861286	0.63653939101	0.711938134364	0.647655872402	0.697921701305	0.602706621556	0.670372160464
AF7	0.567423876269	0.5601739971	0.943450942484	0.644755920735	0.658289028516	0.501208313195	0.690671822136	0.461092315128	0.442725954567	0.596423392943	0.443209279845	0.608506524891	0.547124214596	0.867085548574	0.635089415176	0.546157564041	0.446109231513	0.439342677622	0.895118414693	0.738037699372	0.549057515708	0.421942967617	0.420009666506	0.415176413726	0.869985500242	0.569840502658	0.0	0.326727887869	0.486708554857	0.535041082649	0.475108748188	0.473175447076	0.447075882069	0.492025132914	0.696955050749	0.64813919768	0.468342194297	0.53939101015	0.503141614306	0.609956500725	0.540357660706	0.718221362977	0.672788786854	0.564040599323	0.524891251812	0.514741420976	0.659255679072	0.62735621073	0.679555340744	0.665055582407	0.623006283229	0.647172547124	0.556790720155	0.53697438376	0.546157564041	0.553890768487	0.537457709038	0.644272595457	0.55775737071	0.65055582407	0.48380860319	0.610439826003
AF8	0.563557274045	0.563557274045	0.929917834703	0.632672788787	0.684388593523	0.524407926535	0.68293861769	0.476075398743	0.458675688739	0.586756887385	0.503624939584	0.634606089899	0.576607056549	0.849202513291	0.628322861286	0.545674238763	0.479458675689	0.467858869019	0.869985500242	0.717254712421	0.51377477042	0.392460125665	0.45142580957	0.451909134848	0.855002416626	0.550507491542	0.326727887869	0.0	0.467375543741	0.522474625423	0.510874818753	0.460125664572	0.457709038183	0.511358144031	0.710004833253	0.665538907685	0.50459159014	0.556307394877	0.519574673755	0.621556307395	0.565973900435	0.693571773804	0.64813919768	0.574190430159	0.551957467376	0.53697438376	0.68293861769	0.644272595457	0.699371677139	0.686321894635	0.649105848236	0.667955534074	0.579990333494	0.547607539874	0.568390526825	0.568873852102	0.546640889319	0.664572257129	0.554857419043	0.668438859352	0.510391493475	0.631706138231
AG7	0.605123247946	0.607539874335	0.834219429676	0.564523924601	0.681005316578	0.546640889319	0.681005316578	0.521507974867	0.495891735138	0.58095698405	0.545674238763	0.629289511841	0.606089898502	0.761237312711	0.662638956017	0.587723537941	0.538907684872	0.528757854036	0.73368777187	0.550507491542	0.480425326245	0.444659255679	0.512808119865	0.48622522958	0.760753987434	0.530691155147	0.486708554857	0.467375543741	0.0	0.31029482842	0.555340744321	0.5186080232	0.507974867086	0.556790720155	0.740937651039	0.684871918801	0.546640889319	0.566457225713	0.557274045433	0.649589173514	0.591106814886	0.677622039633	0.6389560174	0.585306911551	0.591106814886	0.576123731271	0.727887868536	0.677622039633	0.722087965201	0.707588206863	0.671822136298	0.702754954084	0.620589656839	0.603189946834	0.61575640406	0.619623006283	0.617689705172	0.70130497825	0.62735621073	0.681971967134	0.577573707105	0.666988883519
AG8	0.602706621556	0.615273078782	0.818753020783	0.575640405993	0.6805219913	0.565007249879	0.673272112131	0.576123731271	0.553890768487	0.589173513775	0.593523441276	0.626389560174	0.617206379894	0.740937651039	0.663605606573	0.593523441276	0.590623489609	0.579990333494	0.690188496858	0.53020782987	0.505074915418	0.478492025133	0.56259062349	0.540840985984	0.751087481875	0.523441275979	0.535041082649	0.522474625423	0.31029482842	0.0	0.58095698405	0.559690671822	0.565973900435	0.588206863219	0.752054132431	0.691638472692	0.601739971	0.580473658772	0.587240212663	0.65973900435	0.601739971	0.672305461576	0.630739487675	0.601256645723	0.61333977767	0.606089898502	0.741904301595	0.688738521025	0.734654422426	0.714838086032	0.691155147414	0.716771387144	0.639922667956	0.627839536008	0.630739487675	0.639439342678	0.634122764621	0.717738037699	0.640889318511	0.690671822136	0.598356694055	0.679555340744
AH7	0.596906718221	0.633639439343	0.949250845819	0.685355244079	0.711938134364	0.58095698405	0.709521507975	0.556307394877	0.538907684872	0.646205896568	0.529241179314	0.663605606573	0.63653939101	0.884968583857	0.685838569357	0.594006766554	0.517641372644	0.488158530691	0.888351860802	0.754954084099	0.568390526825	0.535041082649	0.495891735138	0.496858385694	0.838086031899	0.567907201547	0.475108748188	0.510874818753	0.555340744321	0.58095698405	0.0	0.341710971484	0.567423876269	0.608023199613	0.773320444659	0.732721121315	0.5601739971	0.640889318511	0.602223296278	0.679072015466	0.637022716288	0.765587240213	0.730304494925	0.661672305462	0.634606089899	0.610439826003	0.74770420493	0.719671338811	0.754470758821	0.732721121315	0.708554857419	0.732237796037	0.635572740454	0.61333977767	0.623972933784	0.627839536008	0.630739487675	0.731271145481	0.634122764621	0.718704688255	0.600773320445	0.716771387144
AH8	0.552924117931	0.579023682939	0.950700821653	0.6389560174	0.665055582407	0.514741420976	0.678588690188	0.496375060416	0.48380860319	0.597873368777	0.503624939584	0.620106331561	0.572257129048	0.868535524408	0.635572740454	0.541807636539	0.426776220396	0.378443692605	0.90285161914	0.752054132431	0.53939101015	0.481875302078	0.465925567907	0.4813919768	0.839536007733	0.546640889319	0.473175447076	0.460125664572	0.5186080232	0.559690671822	0.341710971484	0.0	0.491541807637	0.544224262929	0.742387626873	0.695505074915	0.53939101015	0.58095698405	0.541807636539	0.644272595457	0.585306911551	0.726437892702	0.688738521025	0.608506524891	0.579507008217	0.562107298212	0.688738521025	0.656839052682	0.715804736588	0.681005316578	0.651522474625	0.673755437409	0.579023682939	0.554374093765	0.574190430159	0.570807153214	0.573223779604	0.669405509908	0.578540357661	0.674722087965	0.53697438376	0.659255679072
AA5	0.589656839053	0.519574673755	0.952150797487	0.633639439343	0.605606573224	0.43740937651	0.621072982117	0.389076848719	0.404059932334	0.537457709038	0.441759304012	0.552440792653	0.512324794587	0.869502174964	0.553890768487	0.54857419043	0.448042532624	0.431126147898	0.924117931368	0.76848719188	0.555824069599	0.495891735138	0.492508458192	0.498791686805	0.896568390527	0.594006766554	0.447075882069	0.457709038183	0.507974867086	0.565973900435	0.567423876269	0.491541807637	0.0	0.341227646206	0.670372160464	0.594006766554	0.48380860319	0.456259062349	0.462058965684	0.554857419043	0.470275495408	0.636056065732	0.590623489609	0.477042049299	0.514741420976	0.478008699855	0.681488641856	0.637022716288	0.666022232963	0.650072498792	0.645239246013	0.67133881102	0.544707588207	0.545190913485	0.561623972934	0.551957467376	0.530691155147	0.665055582407	0.552924117931	0.632672788787	0.49299178347	0.621556307395
AA6	0.599323344611	0.543740937651	0.959400676655	0.652489125181	0.637022716288	0.466892218463	0.643789270179	0.449975833736	0.459159014016	0.5601739971	0.496858385694	0.588206863219	0.522474625423	0.874818753021	0.595940067666	0.550507491542	0.493475108748	0.482358627356	0.929917834703	0.776703721605	0.595940067666	0.524407926535	0.540840985984	0.539874335428	0.908651522475	0.605606573224	0.492025132914	0.511358144031	0.556790720155	0.588206863219	0.608023199613	0.544224262929	0.341227646206	0.0	0.666988883519	0.586756887385	0.517641372644	0.488641855969	0.475108748188	0.580473658772	0.494925084582	0.674238762687	0.627839536008	0.526341227646	0.456259062349	0.425326244563	0.679555340744	0.639439342678	0.670855485742	0.652972450459	0.642822619623	0.669405509908	0.54857419043	0.543740937651	0.557274045433	0.555340744321	0.540357660706	0.662638956017	0.558724021266	0.634606089899	0.505074915418	0.626872885452
AB5	0.743354277429	0.660222329628	0.972450459159	0.726437892702	0.614789753504	0.642822619623	0.731271145481	0.648622522958	0.655872402127	0.685355244079	0.676655389077	0.60415659739	0.661188980184	0.902368293862	0.703238279362	0.687771870469	0.701788303528	0.690671822136	0.937167713871	0.808119864669	0.807153214113	0.739971000483	0.735621072982	0.746737554374	0.925567907202	0.751087481875	0.696955050749	0.710004833253	0.740937651039	0.752054132431	0.773320444659	0.742387626873	0.670372160464	0.666988883519	0.0	0.302561623973	0.609473175447	0.647172547124	0.61333977767	0.611406476559	0.600773320445	0.73610439826	0.732721121315	0.631222812953	0.614306428226	0.613823102948	0.599806669889	0.614306428226	0.619139681005	0.587240212663	0.61575640406	0.60657322378	0.579507008217	0.607539874335	0.608506524891	0.608023199613	0.646689221846	0.590623489609	0.650072498792	0.594006766554	0.666022232963	0.601739971
AB6	0.695505074915	0.603673272112	0.962783953601	0.675688738521	0.58337361044	0.582890285162	0.673272112131	0.578057032383	0.595940067666	0.617206379894	0.628806186564	0.544224262929	0.622522957951	0.889318511358	0.646689221846	0.641855969067	0.661672305462	0.651522474625	0.932334461092	0.781053649106	0.748670855486	0.685838569357	0.683905268246	0.686805219913	0.919284678589	0.704688255196	0.64813919768	0.665538907685	0.684871918801	0.691638472692	0.732721121315	0.695505074915	0.594006766554	0.586756887385	0.302561623973	0.0	0.570807153214	0.58337361044	0.571290478492	0.560657322378	0.549540840986	0.674238762687	0.667955534074	0.547124214596	0.56935717738	0.5601739971	0.603673272112	0.578057032383	0.593040115998	0.572740454326	0.585790236829	0.590623489609	0.538424359594	0.579990333494	0.568390526825	0.577090381827	0.595940067666	0.575640405993	0.598356694055	0.559690671822	0.630739487675	0.565007249879
AC5	0.62735621073	0.582890285162	0.972933784437	0.661188980184	0.635572740454	0.499275012083	0.673272112131	0.455292411793	0.435959400677	0.579990333494	0.443209279845	0.580473658772	0.554374093765	0.891735137748	0.648622522958	0.596906718221	0.488158530691	0.477525374577	0.948767520541	0.795553407443	0.630256162397	0.57177380377	0.514258095698	0.508458192363	0.930401159981	0.628806186564	0.468342194297	0.50459159014	0.546640889319	0.601739971	0.5601739971	0.53939101015	0.48380860319	0.517641372644	0.609473175447	0.570807153214	0.0	0.444175930401	0.455775737071	0.591106814886	0.520057999033	0.721121314645	0.674722087965	0.56259062349	0.478975350411	0.456259062349	0.588206863219	0.56259062349	0.611889801837	0.585306911551	0.561140647656	0.58337361044	0.514258095698	0.492025132914	0.491058482359	0.523924601257	0.564040599323	0.582406959884	0.588206863219	0.565007249879	0.520057999033	0.542774287095
AC6	0.630256162397	0.5186080232	0.954084098598	0.637989366844	0.574190430159	0.485258579024	0.535041082649	0.457709038183	0.508458192363	0.460125664572	0.531657805703	0.538424359594	0.538907684872	0.864668922185	0.561623972934	0.574190430159	0.554374093765	0.545190913485	0.918801353311	0.767037216046	0.6389560174	0.577090381827	0.579990333494	0.576123731271	0.901401643306	0.596423392943	0.53939101015	0.556307394877	0.566457225713	0.580473658772	0.640889318511	0.58095698405	0.456259062349	0.488641855969	0.647172547124	0.58337361044	0.444175930401	0.0	0.508941517641	0.516674722088	0.471725471242	0.510391493475	0.466408893185	0.418559690672	0.549540840986	0.536007733204	0.653939101015	0.627839536008	0.651039149348	0.623972933784	0.620589656839	0.650072498792	0.576123731271	0.558240695988	0.566457225713	0.560657322378	0.534557757371	0.646689221846	0.556307394877	0.607056549058	0.530691155147	0.610439826003
AD6	0.60415659739	0.536007733204	0.971967133881	0.626389560174	0.572740454326	0.430159497342	0.634122764621	0.436442725955	0.433542774287	0.547607539874	0.454809086515	0.529241179314	0.518124697922	0.887385210246	0.596423392943	0.561140647656	0.488158530691	0.475592073465	0.944900918318	0.790236829386	0.606089898502	0.540840985984	0.538907684872	0.538424359594	0.914934751087	0.609956500725	0.503141614306	0.519574673755	0.557274045433	0.587240212663	0.602223296278	0.541807636539	0.462058965684	0.475108748188	0.61333977767	0.571290478492	0.455775737071	0.508941517641	0.0	0.549057515708	0.416143064282	0.711454809087	0.664088931851	0.536491058482	0.473175447076	0.449975833736	0.589173513775	0.558724021266	0.592073465442	0.568390526825	0.5601739971	0.584823586274	0.489125181247	0.463992266796	0.477525374577	0.472692121798	0.53697438376	0.578057032383	0.551474142098	0.54857419043	0.464958917351	0.541807636539
AE5	0.646689221846	0.52779120348	0.971000483325	0.631706138231	0.561140647656	0.536007733204	0.579507008217	0.550024166264	0.603673272112	0.529724504592	0.620106331561	0.524891251812	0.566940550991	0.885935234413	0.56259062349	0.587240212663	0.608506524891	0.610923151281	0.924601256646	0.774770420493	0.730787820203	0.65973900435	0.658289028516	0.658289028516	0.880618656356	0.649105848236	0.609956500725	0.621556307395	0.649589173514	0.65973900435	0.679072015466	0.644272595457	0.554857419043	0.580473658772	0.611406476559	0.560657322378	0.591106814886	0.516674722088	0.549057515708	0.0	0.360077332044	0.61575640406	0.589656839053	0.514741420976	0.626872885452	0.614306428226	0.634606089899	0.610439826003	0.624456259062	0.602706621556	0.626389560174	0.641372643789	0.549057515708	0.56935717738	0.598840019333	0.566940550991	0.551957467376	0.631222812953	0.56259062349	0.596906718221	0.579990333494	0.605606573224
AE6	0.61575640406	0.496858385694	0.970033832769	0.615273078782	0.563557274045	0.463992266796	0.566457225713	0.467858869019	0.510874818753	0.492508458192	0.529241179314	0.518124697922	0.507491541808	0.882068632189	0.556307394877	0.559690671822	0.543257612373	0.529241179314	0.942000966651	0.785886901885	0.662638956017	0.587723537941	0.588206863219	0.593523441276	0.904784920251	0.617206379894	0.540357660706	0.565973900435	0.591106814886	0.601739971	0.637022716288	0.585306911551	0.470275495408	0.494925084582	0.600773320445	0.549540840986	0.520057999033	0.471725471242	0.416143064282	0.360077332044	0.0	0.651522474625	0.608989850169	0.488641855969	0.529724504592	0.526341227646	0.612373127115	0.581923634606	0.605123247946	0.580473658772	0.585790236829	0.610923151281	0.503624939584	0.494925084582	0.50700821653	0.502658289029	0.50700821653	0.608989850169	0.521991300145	0.563557274045	0.501208313195	0.567907201547
AF5	0.72692121798	0.639922667956	0.931367810536	0.674722087965	0.669405509908	0.681005316578	0.563557274045	0.652489125181	0.697438376027	0.59255679072	0.724987916868	0.651039149348	0.684388593523	0.851135814403	0.61575640406	0.68970517158	0.729821169647	0.740454325761	0.860318994683	0.730787820203	0.714354760754	0.684871918801	0.73368777187	0.725471242146	0.873852102465	0.694055099082	0.718221362977	0.693571773804	0.677622039633	0.672305461576	0.765587240213	0.726437892702	0.636056065732	0.674238762687	0.73610439826	0.674238762687	0.721121314645	0.510391493475	0.711454809087	0.61575640406	0.651522474625	0.0	0.282261962301	0.550024166264	0.737071048816	0.724987916868	0.757854035766	0.742870952151	0.758820686322	0.716771387144	0.750604156597	0.754470758821	0.714838086032	0.729337844369	0.734654422426	0.718221362977	0.686805219913	0.752537457709	0.687771870469	0.713388110198	0.725954567424	0.734171097148
AF6	0.691155147414	0.593523441276	0.925567907202	0.662155630739	0.660705654906	0.637506041566	0.521991300145	0.608989850169	0.655389076849	0.552924117931	0.684871918801	0.633156114065	0.64572257129	0.847752537458	0.575640405993	0.647655872402	0.696955050749	0.700338327695	0.872402126631	0.73368777187	0.681488641856	0.648622522958	0.689221846303	0.681971967134	0.874818753021	0.654422426293	0.672788786854	0.64813919768	0.6389560174	0.630739487675	0.730304494925	0.688738521025	0.590623489609	0.627839536008	0.732721121315	0.667955534074	0.674722087965	0.466408893185	0.664088931851	0.589656839053	0.608989850169	0.282261962301	0.0	0.512324794587	0.697438376027	0.681971967134	0.753020782987	0.721604639923	0.749637506042	0.71290478492	0.720637989367	0.750604156597	0.678588690188	0.685355244079	0.693088448526	0.678588690188	0.640405993233	0.742387626873	0.6389560174	0.70372160464	0.689221846303	0.707104881585
