	AA3	AA4	AB3	AB4	AC3	AC4	AD3	AD4	AE3	AE4	AF3	AF4	AG3	AG4	AH3	AH4	AA7	AA8	AB7	AB8	AC7	AC8	AD7	AD8	AE7	AE8	AF7	AF8	AG7	AG8	AH7	AH8	AA5	AA6	AB5	AB6	AC5	AC6	AD6	AE5	AE6	AF5	AF6	AG5	AH5	AH6	AA1	AA2	AB1	AB2	AC1	AC2	AD1	AD2	AE1	AE2	AF1	AF2	AG1	AG2	AH1	AH2
AA3	0.0	0.49299178347	0.93523441276	0.650072498792	0.670372160464	0.599323344611	0.678105364911	0.579023682939	0.56935717738	0.627839536008	0.617689705172	0.626389560174	0.586273562107	0.855002416626	0.641855969067	0.329627839536	0.577573707105	0.573707104882	0.871435476075	0.719671338811	0.622522957951	0.572740454326	0.588206863219	0.581923634606	0.836152730788	0.608989850169	0.572740454326	0.554374093765	0.602223296278	0.602706621556	0.597390043499	0.5601739971	0.588206863219	0.602706621556	0.761720637989	0.704204929918	0.618173030449	0.641855969067	0.61575640406	0.637506041566	0.609473175447	0.735621072982	0.717254712421	0.625422909618	0.619623006283	0.616239729338	0.68970517158	0.655872402127	0.731271145481	0.679555340744	0.663605606573	0.687771870469	0.562107298212	0.584823586274	0.577090381827	0.564040599323	0.582890285162	0.681005316578	0.580473658772	0.684388593523	0.584340260996	0.658289028516
AA4	0.49299178347	0.0	0.950700821653	0.589173513775	0.572740454326	0.491541807637	0.591106814886	0.475592073465	0.498308361527	0.507491541808	0.542290961817	0.507491541808	0.461575640406	0.863702271629	0.380376993717	0.384726921218	0.521507974867	0.52537457709	0.896568390527	0.731271145481	0.653455775737	0.569840502658	0.579990333494	0.572740454326	0.880618656356	0.623489608507	0.523441275979	0.537941034316	0.592073465442	0.622039632673	0.620589656839	0.570807153214	0.504108264862	0.508941517641	0.67133881102	0.600773320445	0.553890768487	0.508941517641	0.519091348478	0.533591106815	0.473658772354	0.652489125181	0.613823102948	0.504108264862	0.559207346544	0.554857419043	0.642822619623	0.577573707105	0.637506041566	0.596423392943	0.598840019333	0.626389560174	0.514258095698	0.512808119865	0.507974867086	0.492025132914	0.482358627356	0.619623006283	0.502174963751	0.595940067666	0.508458192363	0.568873852102
AB3	0.93523441276	0.950700821653	0.0	0.679072015466	0.914934751087	0.960850652489	0.960850652489	0.939101014983	0.93281778637	0.956984050266	0.975350410826	0.945384243596	0.966650555824	0.347027549541	0.960850652489	0.947800869986	0.972450459159	0.971000483325	0.745770903818	0.758820686322	0.892701788304	0.91203479942	0.960367327211	0.953117448043	0.848719188014	0.893668438859	0.948767520541	0.922667955534	0.845335911068	0.839536007733	0.952634122765	0.956984050266	0.960850652489	0.963750604157	0.975350410826	0.968100531658	0.977283711938	0.9584340261	0.975350410826	0.975833736104	0.975350410826	0.934751087482	0.931851135814	0.949250845819	0.977767037216	0.973900434993	0.975350410826	0.971483808603	0.972450459159	0.972933784437	0.976317061382	0.972933784437	0.974867085549	0.974867085549	0.97921701305	0.974867085549	0.974383760271	0.973900434993	0.975350410826	0.975833736104	0.974867085549	0.973900434993
AB4	0.650072498792	0.589173513775	0.679072015466	0.0	0.64572257129	0.637022716288	0.708071532141	0.633156114065	0.628322861286	0.655389076849	0.666022232963	0.635572740454	0.502174963751	0.562107298212	0.612373127115	0.612373127115	0.652972450459	0.654905751571	0.73368777187	0.575157080715	0.672788786854	0.633156114065	0.668438859352	0.656355727405	0.787336877719	0.65973900435	0.660222329628	0.634122764621	0.572740454326	0.60657322378	0.701788303528	0.661188980184	0.652005799903	0.658289028516	0.744320927985	0.702754954084	0.688738521025	0.669888835186	0.655389076849	0.669888835186	0.645239246013	0.690188496858	0.673755437409	0.649105848236	0.697438376027	0.687288545191	0.70372160464	0.679555340744	0.700338327695	0.684388593523	0.683421942968	0.684871918801	0.644755920735	0.669405509908	0.681488641856	0.649589173514	0.653455775737	0.685838569357	0.646689221846	0.682455292412	0.655389076849	0.683905268246
AC3	0.670372160464	0.572740454326	0.914934751087	0.64572257129	0.0	0.499758337361	0.654905751571	0.546157564041	0.566940550991	0.598840019333	0.619139681005	0.332044465926	0.600773320445	0.836636056066	0.603673272112	0.617206379894	0.610923151281	0.608506524891	0.862252295795	0.746737554374	0.731754470759	0.683905268246	0.719671338811	0.714354760754	0.82648622523	0.696471725471	0.657805703238	0.675688738521	0.6805219913	0.704688255196	0.711454809087	0.674722087965	0.607056549058	0.637506041566	0.637989366844	0.598356694055	0.648622522958	0.598840019333	0.592073465442	0.561623972934	0.555824069599	0.672305461576	0.657805703238	0.574190430159	0.660222329628	0.660705654906	0.60657322378	0.607056549058	0.605606573224	0.594006766554	0.605606573224	0.600773320445	0.552924117931	0.596423392943	0.601256645723	0.579507008217	0.618656355727	0.594006766554	0.624456259062	0.610439826003	0.633156114065	0.601739971
AC4	0.599323344611	0.491541807637	0.960850652489	0.637022716288	0.499758337361	0.0	0.623972933784	0.424842919285	0.420009666506	0.503624939584	0.346544224263	0.405993233446	0.490091831803	0.875302078299	0.558240695988	0.543740937651	0.470758820686	0.464958917351	0.928467858869	0.761720637989	0.60415659739	0.548090865152	0.522474625423	0.526341227646	0.887385210246	0.593523441276	0.496858385694	0.50700821653	0.544707588207	0.576123731271	0.579507008217	0.524407926535	0.456259062349	0.480425326245	0.649105848236	0.574190430159	0.481875302078	0.533591106815	0.425326244563	0.55775737071	0.4813919768	0.699855002417	0.668438859352	0.509908168197	0.512324794587	0.490091831803	0.643305944901	0.582890285162	0.61333977767	0.585790236829	0.589656839053	0.620106331561	0.491541807637	0.510391493475	0.517158047366	0.498308361527	0.537941034316	0.615273078782	0.545674238763	0.581440309328	0.475592073465	0.566940550991
AD3	0.678105364911	0.591106814886	0.960850652489	0.708071532141	0.654905751571	0.623972933784	0.0	0.524891251812	0.646689221846	0.370227162881	0.679555340744	0.616239729338	0.637022716288	0.881585306912	0.586273562107	0.643305944901	0.686805219913	0.681005316578	0.942000966651	0.777187046883	0.718704688255	0.691155147414	0.690188496858	0.695505074915	0.915418076365	0.693088448526	0.689221846303	0.68970517158	0.688255195747	0.683421942968	0.714354760754	0.688255195747	0.637506041566	0.651522474625	0.747220879652	0.675688738521	0.679072015466	0.537457709038	0.631222812953	0.578540357661	0.581440309328	0.575157080715	0.55775737071	0.549057515708	0.692605123248	0.688738521025	0.771387143548	0.714354760754	0.752537457709	0.727404543258	0.714838086032	0.743354277429	0.662155630739	0.664572257129	0.673755437409	0.654422426293	0.626872885452	0.737554374094	0.642339294345	0.725471242146	0.684871918801	0.703238279362
AD4	0.579023682939	0.475592073465	0.939101014983	0.633156114065	0.546157564041	0.424842919285	0.524891251812	0.0	0.31706138231	0.38666022233	0.435476075399	0.475592073465	0.510874818753	0.859835669406	0.53020782987	0.529724504592	0.463508941518	0.456259062349	0.929917834703	0.758820686322	0.579990333494	0.500724987917	0.507974867086	0.504108264862	0.900918318028	0.60415659739	0.444175930401	0.454325761237	0.518124697922	0.564523924601	0.560657322378	0.510874818753	0.383760270662	0.440792653456	0.651039149348	0.563557274045	0.458192363461	0.494441759304	0.426776220396	0.552924117931	0.468342194297	0.654422426293	0.626872885452	0.478492025133	0.485258579024	0.46060898985	0.661672305462	0.598840019333	0.644272595457	0.620589656839	0.609473175447	0.638472692122	0.494441759304	0.519574673755	0.522474625423	0.499275012083	0.523924601257	0.630256162397	0.547124214596	0.611889801837	0.50459159014	0.588206863219
AE3	0.56935717738	0.498308361527	0.93281778637	0.628322861286	0.566940550991	0.420009666506	0.646689221846	0.31706138231	0.0	0.499758337361	0.406476558724	0.519574673755	0.505558240696	0.855002416626	0.556307394877	0.535524407927	0.446109231513	0.434992750121	0.920251329145	0.754470758821	0.558724021266	0.489125181247	0.488641855969	0.49540840986	0.88883518608	0.596906718221	0.440309328178	0.43740937651	0.51619139681	0.5601739971	0.543740937651	0.499275012083	0.394876752054	0.459159014016	0.68293861769	0.608506524891	0.463508941518	0.541807636539	0.444659255679	0.602706621556	0.509908168197	0.706621556307	0.673272112131	0.513291445143	0.509424842919	0.482841952634	0.673272112131	0.610923151281	0.65055582407	0.629772837119	0.619623006283	0.656355727405	0.512324794587	0.541324311261	0.547124214596	0.524891251812	0.544707588207	0.65732237796	0.562107298212	0.623972933784	0.500241662639	0.600289995167
AE4	0.627839536008	0.507491541808	0.956984050266	0.655389076849	0.598840019333	0.503624939584	0.370227162881	0.38666022233	0.499758337361	0.0	0.556790720155	0.546157564041	0.551957467376	0.874335427743	0.53697438376	0.565007249879	0.561140647656	0.56259062349	0.945384243596	0.772837119381	0.642339294345	0.584823586274	0.570323827936	0.574673755437	0.918318028033	0.626389560174	0.56259062349	0.565973900435	0.576607056549	0.599806669889	0.627839536008	0.579023682939	0.501208313195	0.526341227646	0.695021749638	0.620106331561	0.565490575157	0.465442242629	0.517158047366	0.516674722088	0.502174963751	0.598840019333	0.572257129048	0.477042049299	0.590140164331	0.571290478492	0.714838086032	0.653939101015	0.699855002417	0.681005316578	0.670855485742	0.692605123248	0.581923634606	0.581440309328	0.591590140164	0.573707104882	0.5601739971	0.686321894635	0.575157080715	0.675688738521	0.573707104882	0.653455775737
AF3	0.617689705172	0.542290961817	0.975350410826	0.666022232963	0.619139681005	0.346544224263	0.679555340744	0.435476075399	0.406476558724	0.556790720155	0.0	0.5186080232	0.526341227646	0.894635089415	0.595940067666	0.581440309328	0.438376027066	0.434026099565	0.95601739971	0.792170130498	0.599806669889	0.545190913485	0.452392460126	0.466892218463	0.9212179797	0.628322861286	0.446592556791	0.486708554857	0.56259062349	0.610923151281	0.530691155147	0.515224746254	0.436442725955	0.497825036249	0.678105364911	0.615273078782	0.411793136781	0.563557274045	0.439342677622	0.619623006283	0.532624456259	0.736587723538	0.704688255196	0.543740937651	0.507974867086	0.483325277912	0.662638956017	0.601739971	0.651522474625	0.612373127115	0.608989850169	0.639922667956	0.514258095698	0.523924601257	0.526824552924	0.514258095698	0.565973900435	0.6389560174	0.574673755437	0.599806669889	0.49540840986	0.586273562107
AF4	0.626389560174	0.507491541808	0.945384243596	0.635572740454	0.332044465926	0.405993233446	0.616239729338	0.475592073465	0.519574673755	0.546157564041	0.5186080232	0.0	0.53939101015	0.862735621073	0.543257612373	0.558724021266	0.5601739971	0.561623972934	0.887385210246	0.737554374094	0.70130497825	0.638472692122	0.653455775737	0.655872402127	0.856935717738	0.661672305462	0.593523441276	0.61333977767	0.640405993233	0.662155630739	0.655872402127	0.62735621073	0.542774287095	0.578057032383	0.619139681005	0.536007733204	0.568873852102	0.550024166264	0.525857902368	0.515708071532	0.498308361527	0.647172547124	0.628806186564	0.516674722088	0.567423876269	0.571290478492	0.594490091832	0.535524407927	0.576123731271	0.542290961817	0.547607539874	0.569840502658	0.481875302078	0.504108264862	0.519091348478	0.50700821653	0.555340744321	0.568390526825	0.564040599323	0.545674238763	0.556307394877	0.532624456259
AG3	0.586273562107	0.461575640406	0.966650555824	0.502174963751	0.600773320445	0.490091831803	0.637022716288	0.510874818753	0.505558240696	0.551957467376	0.526341227646	0.53939101015	0.0	0.850652489125	0.511841469309	0.525857902368	0.491541807637	0.482358627356	0.93523441276	0.768970517158	0.66892218463	0.586756887385	0.584340260996	0.584340260996	0.884968583857	0.637989366844	0.531657805703	0.549540840986	0.600773320445	0.634122764621	0.625422909618	0.575157080715	0.50700821653	0.511841469309	0.671822136298	0.616723054616	0.540840985984	0.548090865152	0.515224746254	0.565490575157	0.492025132914	0.68970517158	0.656839052682	0.529241179314	0.551474142098	0.547607539874	0.628322861286	0.579507008217	0.623006283229	0.603673272112	0.590140164331	0.619139681005	0.502174963751	0.524891251812	0.530691155147	0.50700821653	0.52537457709	0.61575640406	0.539874335428	0.603673272112	0.503624939584	0.575157080715
AG4	0.855002416626	0.863702271629	0.347027549541	0.562107298212	0.836636056066	0.875302078299	0.881585306912	0.859835669406	0.855002416626	0.874335427743	0.894635089415	0.862735621073	0.850652489125	0.0	0.876268728855	0.862735621073	0.896568390527	0.895118414693	0.718704688255	0.68293861769	0.819236346061	0.832286128565	0.883518608023	0.874818753021	0.826002899952	0.816336394393	0.869018849686	0.845335911068	0.766553890768	0.749154180764	0.884001933301	0.880618656356	0.882551957467	0.884968583857	0.905751570807	0.894151764137	0.897051715805	0.876268728855	0.894151764137	0.895118414693	0.895601739971	0.859835669406	0.853069115515	0.874335427743	0.900918318028	0.896085065249	0.893668438859	0.894635089415	0.894151764137	0.889318511358	0.896568390527	0.892701788304	0.898985016916	0.894635089415	0.899951667472	0.896085065249	0.897535041083	0.895118414693	0.894635089415	0.893185113581	0.899468342194	0.897535041083
AH3	0.641855969067	0.380376993717	0.960850652489	0.612373127115	0.603673272112	0.558240695988	0.586273562107	0.53020782987	0.556307394877	0.53697438376	0.595940067666	0.543257612373	0.511841469309	0.876268728855	0.0	0.523441275979	0.595940067666	0.598356694055	0.928951184147	0.76848719188	0.702754954084	0.631222812953	0.635089415176	0.635572740454	0.902368293862	0.688738521025	0.617689705172	0.614789753504	0.652489125181	0.676172063799	0.68293861769	0.637022716288	0.546157564041	0.574190430159	0.709038182697	0.637022716288	0.623972933784	0.542290961817	0.58095698405	0.558240695988	0.538424359594	0.619623006283	0.581923634606	0.543257612373	0.623489608507	0.621556307395	0.698888351861	0.627839536008	0.674238762687	0.658289028516	0.64813919768	0.679072015466	0.58095698405	0.595940067666	0.594006766554	0.577573707105	0.55775737071	0.675688738521	0.551957467376	0.646689221846	0.579507008217	0.616723054616
AH4	0.329627839536	0.384726921218	0.947800869986	0.612373127115	0.617206379894	0.543740937651	0.643305944901	0.529724504592	0.535524407927	0.565007249879	0.581440309328	0.558724021266	0.525857902368	0.862735621073	0.523441275979	0.0	0.538424359594	0.537457709038	0.875302078299	0.723054615756	0.647655872402	0.565007249879	0.581440309328	0.568390526825	0.849685838569	0.623489608507	0.546640889319	0.552440792653	0.58337361044	0.60657322378	0.598356694055	0.555824069599	0.545674238763	0.551474142098	0.703238279362	0.644272595457	0.589173513775	0.584823586274	0.558240695988	0.572740454326	0.53697438376	0.685838569357	0.662638956017	0.562107298212	0.588206863219	0.584340260996	0.658772353794	0.600773320445	0.668438859352	0.623489608507	0.621556307395	0.639922667956	0.519091348478	0.533591106815	0.533591106815	0.50700821653	0.515708071532	0.63653939101	0.519574673755	0.62735621073	0.543740937651	0.60415659739
AA7	0.577573707105	0.521507974867	0.972450459159	0.652972450459	0.610923151281	0.470758820686	0.686805219913	0.463508941518	0.446109231513	0.561140647656	0.438376027066	0.5601739971	0.491541807637	0.896568390527	0.595940067666	0.538424359594	0.0	0.269695505075	0.91445142581	0.766070565491	0.594490091832	0.505074915418	0.500241662639	0.49299178347	0.867568873852	0.601256645723	0.440309328178	0.456259062349	0.544707588207	0.597873368777	0.519091348478	0.427259545674	0.423392943451	0.463992266796	0.700821652972	0.646205896568	0.468342194297	0.572740454326	0.481875302078	0.603673272112	0.536491058482	0.736587723538	0.705171580474	0.554857419043	0.525857902368	0.497341710971	0.65732237796	0.603189946834	0.658772353794	0.621556307395	0.593040115998	0.62735621073	0.501691638473	0.521024649589	0.518124697922	0.501691638473	0.53939101015	0.62493958434	0.543257612373	0.620589656839	0.486708554857	0.591590140164
AA8	0.573707104882	0.52537457709	0.971000483325	0.654905751571	0.608506524891	0.464958917351	0.681005316578	0.456259062349	0.434992750121	0.56259062349	0.434026099565	0.561623972934	0.482358627356	0.895118414693	0.598356694055	0.537457709038	0.269695505075	0.0	0.919768003867	0.76848719188	0.593040115998	0.498791686805	0.4813919768	0.480425326245	0.866602223296	0.600773320445	0.426776220396	0.447075882069	0.543257612373	0.594490091832	0.485741904302	0.394393426776	0.417109714838	0.464475592073	0.702271628806	0.645239246013	0.457709038183	0.573707104882	0.475592073465	0.607539874335	0.532624456259	0.737071048816	0.706621556307	0.546157564041	0.521507974867	0.495891735138	0.653939101015	0.602223296278	0.661672305462	0.620106331561	0.593040115998	0.625906234896	0.49540840986	0.521991300145	0.521507974867	0.498308361527	0.532624456259	0.617206379894	0.537457709038	0.620106331561	0.484291928468	0.588206863219
AB7	0.871435476075	0.896568390527	0.745770903818	0.73368777187	0.862252295795	0.928467858869	0.942000966651	0.929917834703	0.920251329145	0.945384243596	0.95601739971	0.887385210246	0.93523441276	0.718704688255	0.928951184147	0.875302078299	0.91445142581	0.919768003867	0.0	0.398260029	0.805703238279	0.843402609957	0.939101014983	0.914934751087	0.728854519091	0.816336394393	0.889801836636	0.867085548574	0.725471242146	0.696471725471	0.884001933301	0.897535041083	0.9212179797	0.942000966651	0.943934267762	0.940067665539	0.941517641373	0.915418076365	0.951667472209	0.929434509425	0.940067665539	0.877718704688	0.863218946351	0.91445142581	0.956500724988	0.948767520541	0.924117931368	0.922184630256	0.930884485259	0.928951184147	0.924117931368	0.919284678589	0.918318028033	0.923151280812	0.919284678589	0.916384726921	0.927501208313	0.916384726921	0.919284678589	0.926534557757	0.948767520541	0.925567907202
AB8	0.719671338811	0.731271145481	0.758820686322	0.575157080715	0.746737554374	0.761720637989	0.777187046883	0.758820686322	0.754470758821	0.772837119381	0.792170130498	0.737554374094	0.768970517158	0.68293861769	0.76848719188	0.723054615756	0.766070565491	0.76848719188	0.398260029	0.0	0.652489125181	0.673272112131	0.766070565491	0.743837602707	0.735621072982	0.652489125181	0.718704688255	0.691155147414	0.53697438376	0.531657805703	0.739487675205	0.743354277429	0.755920734654	0.772353794103	0.815369743838	0.776220396327	0.774287095215	0.749154180764	0.778637022716	0.7593040116	0.767520541324	0.722087965201	0.706138231029	0.747220879652	0.792653455776	0.781536974384	0.816819719671	0.767520541324	0.795070082165	0.775253745771	0.772837119381	0.788303528275	0.77090381827	0.769937167714	0.76848719188	0.768003866602	0.762203963267	0.781053649106	0.767037216046	0.772837119381	0.783953600773	0.769937167714
AC7	0.622522957951	0.653455775737	0.892701788304	0.672788786854	0.731754470759	0.60415659739	0.718704688255	0.579990333494	0.558724021266	0.642339294345	0.599806669889	0.70130497825	0.66892218463	0.819236346061	0.702754954084	0.647655872402	0.594490091832	0.593040115998	0.805703238279	0.652489125181	0.0	0.367327211213	0.577573707105	0.572740454326	0.825519574674	0.588690188497	0.557274045433	0.497825036249	0.465925567907	0.505074915418	0.575157080715	0.558724021266	0.56259062349	0.605123247946	0.818753020783	0.761720637989	0.631222812953	0.662155630739	0.618656355727	0.72450459159	0.6805219913	0.723537941034	0.697921701305	0.63653939101	0.646205896568	0.616723054616	0.828902851619	0.767520541324	0.813436442726	0.792170130498	0.761237312711	0.799420009667	0.672305461576	0.687288545191	0.68970517158	0.676172063799	0.683905268246	0.799903334944	0.678588690188	0.781536974384	0.621556307395	0.757370710488
AC8	0.572740454326	0.569840502658	0.91203479942	0.633156114065	0.683905268246	0.548090865152	0.691155147414	0.500724987917	0.489125181247	0.584823586274	0.545190913485	0.638472692122	0.586756887385	0.832286128565	0.631222812953	0.565007249879	0.505074915418	0.498791686805	0.843402609957	0.673272112131	0.367327211213	0.0	0.505558240696	0.479458675689	0.834219429676	0.55099081682	0.419526341228	0.366360560657	0.445142580957	0.49299178347	0.519574673755	0.480425326245	0.482358627356	0.526824552924	0.75688738521	0.693088448526	0.55099081682	0.60657322378	0.549540840986	0.652005799903	0.60415659739	0.688255195747	0.663122281295	0.56935717738	0.579507008217	0.549540840986	0.751087481875	0.683905268246	0.744320927985	0.721604639923	0.685838569357	0.716771387144	0.598840019333	0.612856452392	0.613823102948	0.60415659739	0.599806669889	0.720637989367	0.601256645723	0.71532141131	0.545190913485	0.678588690188
AD7	0.588206863219	0.579990333494	0.960367327211	0.668438859352	0.719671338811	0.522474625423	0.690188496858	0.507974867086	0.488641855969	0.570323827936	0.452392460126	0.653455775737	0.584340260996	0.883518608023	0.635089415176	0.581440309328	0.500241662639	0.4813919768	0.939101014983	0.766070565491	0.577573707105	0.505558240696	0.0	0.292895118415	0.898985016916	0.535524407927	0.438376027066	0.456259062349	0.524407926535	0.57177380377	0.501208313195	0.480425326245	0.489125181247	0.539874335428	0.751570807153	0.688255195747	0.495891735138	0.603189946834	0.53697438376	0.64572257129	0.601256645723	0.73610439826	0.701788303528	0.585306911551	0.566940550991	0.544707588207	0.749154180764	0.677622039633	0.745770903818	0.714838086032	0.686321894635	0.710971483809	0.593523441276	0.610923151281	0.605123247946	0.597390043499	0.584823586274	0.710004833253	0.586756887385	0.705654905752	0.54857419043	0.674238762687
AD8	0.581923634606	0.572740454326	0.953117448043	0.656355727405	0.714354760754	0.526341227646	0.695505074915	0.504108264862	0.49540840986	0.574673755437	0.466892218463	0.655872402127	0.584340260996	0.874818753021	0.635572740454	0.568390526825	0.49299178347	0.480425326245	0.914934751087	0.743837602707	0.572740454326	0.479458675689	0.292895118415	0.0	0.854519091348	0.496858385694	0.423876268729	0.442725954567	0.505074915418	0.547607539874	0.491058482359	0.464958917351	0.487675205413	0.537941034316	0.752537457709	0.688738521025	0.499275012083	0.598356694055	0.541807636539	0.644272595457	0.600289995167	0.724021266312	0.695988400193	0.579990333494	0.570807153214	0.547607539874	0.752537457709	0.681488641856	0.742870952151	0.716288061866	0.684388593523	0.713871435476	0.599323344611	0.615273078782	0.602706621556	0.602706621556	0.592073465442	0.714838086032	0.595940067666	0.704688255196	0.555340744321	0.672305461576
AE7	0.836152730788	0.880618656356	0.848719188014	0.787336877719	0.82648622523	0.887385210246	0.915418076365	0.900918318028	0.88883518608	0.918318028033	0.9212179797	0.856935717738	0.884968583857	0.826002899952	0.902368293862	0.849685838569	0.867568873852	0.866602223296	0.728854519091	0.735621072982	0.825519574674	0.834219429676	0.898985016916	0.854519091348	0.0	0.538907684872	0.873852102465	0.84726921218	0.757370710488	0.765587240213	0.838569357177	0.853069115515	0.896568390527	0.909134847753	0.929917834703	0.920251329145	0.914934751087	0.906718221363	0.915418076365	0.881101981634	0.900918318028	0.881585306912	0.869018849686	0.882068632189	0.935717738038	0.924601256646	0.892218463026	0.90043499275	0.911068148864	0.890285161914	0.90285161914	0.90043499275	0.893668438859	0.900918318028	0.903818269696	0.886901884969	0.907201546641	0.890768487192	0.90043499275	0.904301594973	0.916384726921	0.904784920251
AE8	0.608989850169	0.623489608507	0.893668438859	0.65973900435	0.696471725471	0.593523441276	0.693088448526	0.60415659739	0.596906718221	0.626389560174	0.628322861286	0.661672305462	0.637989366844	0.816336394393	0.688738521025	0.623489608507	0.601256645723	0.600773320445	0.816336394393	0.652489125181	0.588690188497	0.55099081682	0.535524407927	0.496858385694	0.538907684872	0.0	0.574190430159	0.551957467376	0.519091348478	0.516674722088	0.578540357661	0.576607056549	0.607539874335	0.618656355727	0.771870468826	0.717738037699	0.622039632673	0.622039632673	0.623006283229	0.657805703238	0.646689221846	0.700821652972	0.677622039633	0.614789753504	0.646205896568	0.629772837119	0.763170613823	0.71290478492	0.764620589657	0.722087965201	0.722087965201	0.740454325761	0.666505558241	0.65732237796	0.652489125181	0.64813919768	0.652489125181	0.728854519091	0.659255679072	0.727404543258	0.623489608507	0.697921701305
AF7	0.572740454326	0.523441275979	0.948767520541	0.660222329628	0.657805703238	0.496858385694	0.689221846303	0.444175930401	0.440309328178	0.56259062349	0.446592556791	0.593523441276	0.531657805703	0.869018849686	0.617689705172	0.546640889319	0.440309328178	0.426776220396	0.889801836636	0.718704688255	0.557274045433	0.419526341228	0.438376027066	0.423876268729	0.873852102465	0.574190430159	0.0	0.318994683422	0.49540840986	0.544707588207	0.48622522958	0.482358627356	0.425809569841	0.478975350411	0.698888351861	0.637506041566	0.444175930401	0.556790720155	0.487675205413	0.610923151281	0.540840985984	0.712421459642	0.679072015466	0.526341227646	0.522474625423	0.496858385694	0.672788786854	0.609473175447	0.680038666022	0.653939101015	0.611406476559	0.6389560174	0.534074432093	0.542774287095	0.536007733204	0.531174480425	0.540840985984	0.637506041566	0.552440792653	0.645239246013	0.48380860319	0.601256645723
AF8	0.554374093765	0.537941034316	0.922667955534	0.634122764621	0.675688738521	0.50700821653	0.68970517158	0.454325761237	0.43740937651	0.565973900435	0.486708554857	0.61333977767	0.549540840986	0.845335911068	0.614789753504	0.552440792653	0.456259062349	0.447075882069	0.867085548574	0.691155147414	0.497825036249	0.366360560657	0.456259062349	0.442725954567	0.84726921218	0.551957467376	0.318994683422	0.0	0.453359110681	0.497341710971	0.509908168197	0.474142097632	0.423392943451	0.490575157081	0.719671338811	0.658289028516	0.491541807637	0.566457225713	0.512324794587	0.610923151281	0.56259062349	0.688738521025	0.651522474625	0.532141130981	0.542290961817	0.514258095698	0.707588206863	0.639922667956	0.708071532141	0.687771870469	0.647172547124	0.674722087965	0.553890768487	0.57177380377	0.566940550991	0.560657322378	0.557274045433	0.673755437409	0.567423876269	0.674238762687	0.503624939584	0.633639439343
AG7	0.602223296278	0.592073465442	0.845335911068	0.572740454326	0.6805219913	0.544707588207	0.688255195747	0.518124697922	0.51619139681	0.576607056549	0.56259062349	0.640405993233	0.600773320445	0.766553890768	0.652489125181	0.58337361044	0.544707588207	0.543257612373	0.725471242146	0.53697438376	0.465925567907	0.445142580957	0.524407926535	0.505074915418	0.757370710488	0.519091348478	0.49540840986	0.453359110681	0.0	0.315611406477	0.551957467376	0.521507974867	0.524407926535	0.5601739971	0.760753987434	0.697921701305	0.556790720155	0.602223296278	0.555824069599	0.645239246013	0.604639922668	0.679072015466	0.644755920735	0.574190430159	0.602706621556	0.581440309328	0.755437409377	0.685355244079	0.741420976317	0.715804736588	0.6805219913	0.722087965201	0.611406476559	0.617206379894	0.618656355727	0.615273078782	0.622522957951	0.720637989367	0.637506041566	0.702754954084	0.581440309328	0.676655389077
AG8	0.602706621556	0.622039632673	0.839536007733	0.60657322378	0.704688255196	0.576123731271	0.683421942968	0.564523924601	0.5601739971	0.599806669889	0.610923151281	0.662155630739	0.634122764621	0.749154180764	0.676172063799	0.60657322378	0.597873368777	0.594490091832	0.696471725471	0.531657805703	0.505074915418	0.49299178347	0.57177380377	0.547607539874	0.765587240213	0.516674722088	0.544707588207	0.497341710971	0.315611406477	0.0	0.579990333494	0.565007249879	0.576123731271	0.59497341711	0.783470275495	0.717738037699	0.599806669889	0.606089898502	0.595940067666	0.67133881102	0.640889318511	0.684388593523	0.658289028516	0.595456742388	0.626389560174	0.601739971	0.778153697438	0.708071532141	0.7593040116	0.739004349928	0.71532141131	0.746254229096	0.646689221846	0.649589173514	0.649105848236	0.646205896568	0.646205896568	0.743837602707	0.662155630739	0.725954567424	0.608506524891	0.700338327695
AH7	0.597390043499	0.620589656839	0.952634122765	0.701788303528	0.711454809087	0.579507008217	0.714354760754	0.560657322378	0.543740937651	0.627839536008	0.530691155147	0.655872402127	0.625422909618	0.884001933301	0.68293861769	0.598356694055	0.519091348478	0.485741904302	0.884001933301	0.739487675205	0.575157080715	0.519574673755	0.501208313195	0.491058482359	0.838569357177	0.578540357661	0.48622522958	0.509908168197	0.551957467376	0.579990333494	0.0	0.332044465926	0.564040599323	0.605123247946	0.788786853552	0.729821169647	0.542290961817	0.652972450459	0.603673272112	0.671822136298	0.64572257129	0.768003866602	0.755437409377	0.642339294345	0.640889318511	0.61333977767	0.765103914935	0.721121314645	0.76848719188	0.729821169647	0.710488158531	0.739487675205	0.622522957951	0.644755920735	0.628806186564	0.616723054616	0.633639439343	0.743837602707	0.62735621073	0.72692121798	0.607539874335	0.711454809087
AH8	0.5601739971	0.570807153214	0.956984050266	0.661188980184	0.674722087965	0.524407926535	0.688255195747	0.510874818753	0.499275012083	0.579023682939	0.515224746254	0.62735621073	0.575157080715	0.880618656356	0.637022716288	0.555824069599	0.427259545674	0.394393426776	0.897535041083	0.743354277429	0.558724021266	0.480425326245	0.480425326245	0.464958917351	0.853069115515	0.576607056549	0.482358627356	0.474142097632	0.521507974867	0.565007249879	0.332044465926	0.0	0.498308361527	0.53939101015	0.753504108265	0.690188496858	0.526341227646	0.60657322378	0.540840985984	0.625422909618	0.59255679072	0.730304494925	0.704204929918	0.593523441276	0.576607056549	0.552924117931	0.710004833253	0.666505558241	0.721604639923	0.685838569357	0.660222329628	0.686805219913	0.552440792653	0.587723537941	0.575640405993	0.559690671822	0.574673755437	0.676655389077	0.566940550991	0.683421942968	0.545190913485	0.653939101015
AA5	0.588206863219	0.504108264862	0.960850652489	0.652005799903	0.607056549058	0.456259062349	0.637506041566	0.383760270662	0.394876752054	0.501208313195	0.436442725955	0.542774287095	0.50700821653	0.882551957467	0.546157564041	0.545674238763	0.423392943451	0.417109714838	0.9212179797	0.755920734654	0.56259062349	0.482358627356	0.489125181247	0.487675205413	0.896568390527	0.607539874335	0.425809569841	0.423392943451	0.524407926535	0.576123731271	0.564040599323	0.498308361527	0.0	0.342194296762	0.679072015466	0.596423392943	0.471725471242	0.488641855969	0.461092315128	0.558240695988	0.479458675689	0.647655872402	0.612856452392	0.458192363461	0.509908168197	0.46979217013	0.696955050749	0.629289511841	0.675688738521	0.652489125181	0.641372643789	0.672788786854	0.514741420976	0.55099081682	0.560657322378	0.533107781537	0.52779120348	0.670855485742	0.550024166264	0.635572740454	0.495891735138	0.617206379894
AA6	0.602706621556	0.508941517641	0.963750604157	0.658289028516	0.637506041566	0.480425326245	0.651522474625	0.440792653456	0.459159014016	0.526341227646	0.497825036249	0.578057032383	0.511841469309	0.884968583857	0.574190430159	0.551474142098	0.463992266796	0.464475592073	0.942000966651	0.772353794103	0.605123247946	0.526824552924	0.539874335428	0.537941034316	0.909134847753	0.618656355727	0.478975350411	0.490575157081	0.5601739971	0.59497341711	0.605123247946	0.53939101015	0.342194296762	0.0	0.6805219913	0.59497341711	0.51619139681	0.515224746254	0.484775253746	0.579990333494	0.508941517641	0.681971967134	0.640889318511	0.502174963751	0.445142580957	0.412759787337	0.693088448526	0.634606089899	0.6805219913	0.656355727405	0.641855969067	0.673272112131	0.533107781537	0.555824069599	0.561140647656	0.536491058482	0.536007733204	0.67133881102	0.562107298212	0.640405993233	0.510391493475	0.623972933784
AB5	0.761720637989	0.67133881102	0.975350410826	0.744320927985	0.637989366844	0.649105848236	0.747220879652	0.651039149348	0.68293861769	0.695021749638	0.678105364911	0.619139681005	0.671822136298	0.905751570807	0.709038182697	0.703238279362	0.700821652972	0.702271628806	0.943934267762	0.815369743838	0.818753020783	0.75688738521	0.751570807153	0.752537457709	0.929917834703	0.771870468826	0.698888351861	0.719671338811	0.760753987434	0.783470275495	0.788786853552	0.753504108265	0.679072015466	0.6805219913	0.0	0.318994683422	0.637022716288	0.669405509908	0.639922667956	0.625906234896	0.605606573224	0.755437409377	0.740454325761	0.65973900435	0.626389560174	0.628322861286	0.623972933784	0.617206379894	0.625422909618	0.609956500725	0.62735621073	0.619623006283	0.615273078782	0.589656839053	0.62493958434	0.620106331561	0.664572257129	0.608023199613	0.670372160464	0.610923151281	0.681971967134	0.61333977767
AB6	0.704204929918	0.600773320445	0.968100531658	0.702754954084	0.598356694055	0.574190430159	0.675688738521	0.563557274045	0.608506524891	0.620106331561	0.615273078782	0.536007733204	0.616723054616	0.894151764137	0.637022716288	0.644272595457	0.646205896568	0.645239246013	0.940067665539	0.776220396327	0.761720637989	0.693088448526	0.688255195747	0.688738521025	0.920251329145	0.717738037699	0.637506041566	0.658289028516	0.697921701305	0.717738037699	0.729821169647	0.690188496858	0.596423392943	0.59497341711	0.318994683422	0.0	0.58337361044	0.587723537941	0.578057032383	0.568873852102	0.53697438376	0.692605123248	0.664088931851	0.562107298212	0.552440792653	0.565490575157	0.602223296278	0.55099081682	0.585306911551	0.563557274045	0.560657322378	0.577573707105	0.551957467376	0.546157564041	0.583856935718	0.573223779604	0.598356694055	0.57177380377	0.605606573224	0.562107298212	0.627839536008	0.53939101015
AC5	0.618173030449	0.553890768487	0.977283711938	0.688738521025	0.648622522958	0.481875302078	0.679072015466	0.458192363461	0.463508941518	0.565490575157	0.411793136781	0.568873852102	0.540840985984	0.897051715805	0.623972933784	0.589173513775	0.468342194297	0.457709038183	0.941517641373	0.774287095215	0.631222812953	0.55099081682	0.495891735138	0.499275012083	0.914934751087	0.622039632673	0.444175930401	0.491541807637	0.556790720155	0.599806669889	0.542290961817	0.526341227646	0.471725471242	0.51619139681	0.637022716288	0.58337361044	0.0	0.459159014016	0.455775737071	0.588690188497	0.525857902368	0.735621072982	0.686805219913	0.545190913485	0.491058482359	0.476075398743	0.618173030449	0.573707104882	0.630256162397	0.593040115998	0.573707104882	0.604639922668	0.506041565974	0.492025132914	0.498791686805	0.500724987917	0.570323827936	0.603673272112	0.574190430159	0.578540357661	0.51377477042	0.555340744321
AC6	0.641855969067	0.508941517641	0.9584340261	0.669888835186	0.598840019333	0.533591106815	0.537457709038	0.494441759304	0.541807636539	0.465442242629	0.563557274045	0.550024166264	0.548090865152	0.876268728855	0.542290961817	0.584823586274	0.572740454326	0.573707104882	0.915418076365	0.749154180764	0.662155630739	0.60657322378	0.603189946834	0.598356694055	0.906718221363	0.622039632673	0.556790720155	0.566457225713	0.602223296278	0.606089898502	0.652972450459	0.60657322378	0.488641855969	0.515224746254	0.669405509908	0.587723537941	0.459159014016	0.0	0.533107781537	0.509908168197	0.51619139681	0.515708071532	0.467375543741	0.433059449009	0.567423876269	0.5601739971	0.692605123248	0.642822619623	0.674238762687	0.64813919768	0.646205896568	0.669888835186	0.583856935718	0.58095698405	0.581440309328	0.569840502658	0.55099081682	0.670855485742	0.575157080715	0.640405993233	0.561140647656	0.626389560174
AD6	0.61575640406	0.519091348478	0.975350410826	0.655389076849	0.592073465442	0.425326244563	0.631222812953	0.426776220396	0.444659255679	0.517158047366	0.439342677622	0.525857902368	0.515224746254	0.894151764137	0.58095698405	0.558240695988	0.481875302078	0.475592073465	0.951667472209	0.778637022716	0.618656355727	0.549540840986	0.53697438376	0.541807636539	0.915418076365	0.623006283229	0.487675205413	0.512324794587	0.555824069599	0.595940067666	0.603673272112	0.540840985984	0.461092315128	0.484775253746	0.639922667956	0.578057032383	0.455775737071	0.533107781537	0.0	0.542774287095	0.410343160947	0.71290478492	0.674722087965	0.520057999033	0.486708554857	0.467375543741	0.620589656839	0.561140647656	0.605123247946	0.579990333494	0.575640405993	0.604639922668	0.465925567907	0.491058482359	0.497825036249	0.480908651522	0.540357660706	0.59497341711	0.544707588207	0.580473658772	0.473658772354	0.554374093765
AE5	0.637506041566	0.533591106815	0.975833736104	0.669888835186	0.561623972934	0.55775737071	0.578540357661	0.552924117931	0.602706621556	0.516674722088	0.619623006283	0.515708071532	0.565490575157	0.895118414693	0.558240695988	0.572740454326	0.603673272112	0.607539874335	0.929434509425	0.7593040116	0.72450459159	0.652005799903	0.64572257129	0.644272595457	0.881101981634	0.657805703238	0.610923151281	0.610923151281	0.645239246013	0.67133881102	0.671822136298	0.625422909618	0.558240695988	0.579990333494	0.625906234896	0.568873852102	0.588690188497	0.509908168197	0.542774287095	0.0	0.362977283712	0.614306428226	0.581440309328	0.506041565974	0.618656355727	0.621072982117	0.665538907685	0.615273078782	0.648622522958	0.621556307395	0.628322861286	0.650072498792	0.546640889319	0.560657322378	0.590140164331	0.562107298212	0.547124214596	0.646205896568	0.564523924601	0.625422909618	0.582406959884	0.612856452392
AE6	0.609473175447	0.473658772354	0.975350410826	0.645239246013	0.555824069599	0.4813919768	0.581440309328	0.468342194297	0.509908168197	0.502174963751	0.532624456259	0.498308361527	0.492025132914	0.895601739971	0.538424359594	0.53697438376	0.536491058482	0.532624456259	0.940067665539	0.767520541324	0.6805219913	0.60415659739	0.601256645723	0.600289995167	0.900918318028	0.646689221846	0.540840985984	0.56259062349	0.604639922668	0.640889318511	0.64572257129	0.59255679072	0.479458675689	0.508941517641	0.605606573224	0.53697438376	0.525857902368	0.51619139681	0.410343160947	0.362977283712	0.0	0.661672305462	0.623006283229	0.483325277912	0.537941034316	0.538424359594	0.62735621073	0.565973900435	0.609956500725	0.584823586274	0.582406959884	0.613823102948	0.472692121798	0.485258579024	0.510874818753	0.480908651522	0.493958434026	0.601739971	0.524891251812	0.58337361044	0.511358144031	0.564040599323
AF5	0.735621072982	0.652489125181	0.934751087482	0.690188496858	0.672305461576	0.699855002417	0.575157080715	0.654422426293	0.706621556307	0.598840019333	0.736587723538	0.647172547124	0.68970517158	0.859835669406	0.619623006283	0.685838569357	0.736587723538	0.737071048816	0.877718704688	0.722087965201	0.723537941034	0.688255195747	0.73610439826	0.724021266312	0.881585306912	0.700821652972	0.712421459642	0.688738521025	0.679072015466	0.684388593523	0.768003866602	0.730304494925	0.647655872402	0.681971967134	0.755437409377	0.692605123248	0.735621072982	0.515708071532	0.71290478492	0.614306428226	0.661672305462	0.0	0.299661672305	0.561140647656	0.740937651039	0.738037699372	0.78008699855	0.732237796037	0.758820686322	0.735137747704	0.746737554374	0.763170613823	0.718221362977	0.732237796037	0.746254229096	0.728371193813	0.688255195747	0.758337361044	0.697921701305	0.730304494925	0.732237796037	0.734171097148
AF6	0.717254712421	0.613823102948	0.931851135814	0.673755437409	0.657805703238	0.668438859352	0.55775737071	0.626872885452	0.673272112131	0.572257129048	0.704688255196	0.628806186564	0.656839052682	0.853069115515	0.581923634606	0.662638956017	0.705171580474	0.706621556307	0.863218946351	0.706138231029	0.697921701305	0.663122281295	0.701788303528	0.695988400193	0.869018849686	0.677622039633	0.679072015466	0.651522474625	0.644755920735	0.658289028516	0.755437409377	0.704204929918	0.612856452392	0.640889318511	0.740454325761	0.664088931851	0.686805219913	0.467375543741	0.674722087965	0.581440309328	0.623006283229	0.299661672305	0.0	0.528274528758	0.70372160464	0.698405026583	0.753987433543	0.710004833253	0.735137747704	0.708554857419	0.710488158531	0.73368777187	0.684388593523	0.699855002417	0.711938134364	0.694055099082	0.648622522958	0.729337844369	0.654905751571	0.705654905752	0.695505074915	0.695988400193
