	AA3	AA4	AB3	AB4	AC3	AC4	AD3	AD4	AE3	AE4	AF3	AF4	AG3	AG4	AH3	AH4	AA7	AA8	AB7	AB8	AC7	AC8	AD7	AD8	AE7	AE8	AF7	AF8	AG7	AG8	AH7	AH8	AA5	AA6	AB5	AB6	AC5	AC6	AD6	AE5	AE6	AF5	AF6	AG5	AH5	AH6	AA1	AA2	AB1	AB2	AC1	AC2	AD1	AD2	AE1	AE2	AF1	AF2	AG1	AG2	AH1	AH2
AA3	0.0	0.514258095698	0.929434509425	0.641855969067	0.674238762687	0.596423392943	0.672305461576	0.58095698405	0.570807153214	0.617206379894	0.616239729338	0.61333977767	0.580473658772	0.845335911068	0.659255679072	0.34026099565	0.573707104882	0.558724021266	0.874818753021	0.723537941034	0.613823102948	0.567423876269	0.598840019333	0.582890285162	0.828902851619	0.594490091832	0.566940550991	0.573707104882	0.584340260996	0.585790236829	0.585790236829	0.566940550991	0.591106814886	0.593523441276	0.75688738521	0.695505074915	0.617689705172	0.633639439343	0.598840019333	0.62493958434	0.603673272112	0.710971483809	0.711938134364	0.634606089899	0.623972933784	0.619139681005	0.693088448526	0.666505558241	0.743354277429	0.676655389077	0.650072498792	0.677622039633	0.56935717738	0.573707104882	0.576123731271	0.574190430159	0.56935717738	0.664572257129	0.59497341711	0.672305461576	0.576607056549	0.661188980184
AA4	0.514258095698	0.0	0.940550990817	0.570807153214	0.572257129048	0.497825036249	0.594006766554	0.483325277912	0.514741420976	0.53697438376	0.579507008217	0.511358144031	0.49299178347	0.848719188014	0.371193813436	0.379893668439	0.544224262929	0.53939101015	0.897051715805	0.734171097148	0.670855485742	0.578057032383	0.610923151281	0.579023682939	0.873852102465	0.634606089899	0.560657322378	0.566457225713	0.61575640406	0.624456259062	0.641855969067	0.588206863219	0.507491541808	0.520541324311	0.660705654906	0.597873368777	0.579507008217	0.538424359594	0.529724504592	0.511358144031	0.481875302078	0.630256162397	0.608506524891	0.5186080232	0.578057032383	0.56259062349	0.659255679072	0.576607056549	0.649589173514	0.602223296278	0.593523441276	0.633156114065	0.525857902368	0.529724504592	0.535524407927	0.536007733204	0.511358144031	0.620589656839	0.50459159014	0.594490091832	0.537457709038	0.576123731271
AB3	0.929434509425	0.940550990817	0.0	0.681488641856	0.918318028033	0.960367327211	0.951667472209	0.943450942484	0.934751087482	0.947800869986	0.970517158047	0.931851135814	0.964717254712	0.334461092315	0.959884001933	0.937651039149	0.969550507492	0.967133881102	0.756404059932	0.758820686322	0.886418559691	0.913001449976	0.960850652489	0.945867568874	0.850169163847	0.881585306912	0.945384243596	0.934267762204	0.837119381344	0.84726921218	0.952634122765	0.951667472209	0.9584340261	0.957950700822	0.972933784437	0.964717254712	0.971000483325	0.955534074432	0.971967133881	0.972450459159	0.973417109715	0.930884485259	0.930884485259	0.952150797487	0.973900434993	0.971000483325	0.971967133881	0.971000483325	0.969550507492	0.971000483325	0.972933784437	0.971000483325	0.972450459159	0.972933784437	0.978733687772	0.971967133881	0.971483808603	0.971000483325	0.971483808603	0.974383760271	0.973417109715	0.971483808603
AB4	0.641855969067	0.570807153214	0.681488641856	0.0	0.637989366844	0.607539874335	0.674238762687	0.620589656839	0.616239729338	0.623489608507	0.652005799903	0.596906718221	0.48622522958	0.567907201547	0.615273078782	0.588206863219	0.634122764621	0.625906234896	0.726437892702	0.563073948768	0.652972450459	0.61333977767	0.661188980184	0.646205896568	0.789753504108	0.622039632673	0.64813919768	0.631222812953	0.558240695988	0.58337361044	0.684871918801	0.637506041566	0.64813919768	0.652005799903	0.723537941034	0.670372160464	0.660705654906	0.64572257129	0.625422909618	0.634606089899	0.619623006283	0.667955534074	0.652489125181	0.626872885452	0.679555340744	0.667472208797	0.709038182697	0.659255679072	0.705654905752	0.666022232963	0.653939101015	0.679555340744	0.623972933784	0.635572740454	0.652489125181	0.628806186564	0.632189463509	0.677138714355	0.627839536008	0.65732237796	0.643789270179	0.653939101015
AC3	0.674238762687	0.572257129048	0.918318028033	0.637989366844	0.0	0.50459159014	0.642822619623	0.574190430159	0.572257129048	0.608989850169	0.629772837119	0.317544707588	0.619623006283	0.829869502175	0.600289995167	0.605606573224	0.616723054616	0.599323344611	0.877718704688	0.755920734654	0.73852102465	0.674238762687	0.735621072982	0.705654905752	0.829869502175	0.683905268246	0.666022232963	0.689221846303	0.687771870469	0.697438376027	0.709521507975	0.673272112131	0.630739487675	0.643305944901	0.618173030449	0.576123731271	0.623972933784	0.592073465442	0.571290478492	0.555824069599	0.556307394877	0.662638956017	0.649589173514	0.566940550991	0.638472692122	0.632672788787	0.59255679072	0.581923634606	0.587240212663	0.556790720155	0.588206863219	0.581440309328	0.537457709038	0.569840502658	0.580473658772	0.570807153214	0.617206379894	0.577573707105	0.62493958434	0.574190430159	0.615273078782	0.578540357661
AC4	0.596423392943	0.497825036249	0.960367327211	0.607539874335	0.50459159014	0.0	0.609956500725	0.409859835669	0.403576607057	0.52537457709	0.339777670372	0.404059932334	0.494441759304	0.869985500242	0.548090865152	0.549057515708	0.465925567907	0.430159497342	0.934751087482	0.767037216046	0.590623489609	0.523924601257	0.529241179314	0.512324794587	0.897535041083	0.60657322378	0.490091831803	0.519574673755	0.538424359594	0.581923634606	0.568873852102	0.504108264862	0.448525857902	0.461092315128	0.644272595457	0.569840502658	0.464475592073	0.498791686805	0.423392943451	0.519091348478	0.465442242629	0.676172063799	0.649105848236	0.50700821653	0.508458192363	0.490575157081	0.64572257129	0.587723537941	0.620589656839	0.579023682939	0.582406959884	0.618173030449	0.490575157081	0.509424842919	0.524407926535	0.499275012083	0.515708071532	0.616723054616	0.543740937651	0.576123731271	0.46979217013	0.573223779604
AD3	0.672305461576	0.594006766554	0.951667472209	0.674238762687	0.642822619623	0.609956500725	0.0	0.501208313195	0.618656355727	0.347027549541	0.669888835186	0.603189946834	0.641855969067	0.864185596907	0.5601739971	0.632672788787	0.675688738521	0.671822136298	0.939584340261	0.773320444659	0.71532141131	0.6805219913	0.693571773804	0.681005316578	0.915418076365	0.686321894635	0.685838569357	0.680038666022	0.682455292412	0.673755437409	0.709038182697	0.680038666022	0.625906234896	0.643305944901	0.726437892702	0.656839052682	0.664572257129	0.520057999033	0.617689705172	0.573707104882	0.564523924601	0.542774287095	0.524891251812	0.534074432093	0.686321894635	0.669405509908	0.771870468826	0.70130497825	0.737554374094	0.707588206863	0.709521507975	0.739487675205	0.649105848236	0.650072498792	0.665055582407	0.649105848236	0.623972933784	0.726437892702	0.631706138231	0.712421459642	0.676655389077	0.702754954084
AD4	0.58095698405	0.483325277912	0.943450942484	0.620589656839	0.574190430159	0.409859835669	0.501208313195	0.0	0.322861285645	0.404543257612	0.461092315128	0.496375060416	0.49540840986	0.853069115515	0.514258095698	0.526824552924	0.467858869019	0.440792653456	0.938134364427	0.769937167714	0.573707104882	0.487675205413	0.516674722088	0.4813919768	0.902368293862	0.605123247946	0.460125664572	0.485741904302	0.512324794587	0.567423876269	0.558240695988	0.494925084582	0.405993233446	0.444175930401	0.662638956017	0.582890285162	0.467858869019	0.460125664572	0.445142580957	0.512324794587	0.44900918318	0.626872885452	0.60657322378	0.475592073465	0.520057999033	0.498308361527	0.684388593523	0.620106331561	0.661188980184	0.628322861286	0.618656355727	0.658772353794	0.527307878202	0.535041082649	0.550024166264	0.533591106815	0.521991300145	0.651522474625	0.541807636539	0.631222812953	0.494441759304	0.61333977767
AE3	0.570807153214	0.514741420976	0.934751087482	0.616239729338	0.572257129048	0.403576607057	0.618656355727	0.322861285645	0.0	0.522474625423	0.403576607057	0.503624939584	0.504108264862	0.851619139681	0.553890768487	0.533107781537	0.459159014016	0.432576123731	0.930401159981	0.760270662156	0.556790720155	0.47220879652	0.49299178347	0.473658772354	0.889318511358	0.595940067666	0.448525857902	0.477525374577	0.494925084582	0.551957467376	0.546157564041	0.492025132914	0.409859835669	0.452392460126	0.666505558241	0.586273562107	0.448042532624	0.506524891252	0.44900918318	0.56259062349	0.497825036249	0.680038666022	0.656355727405	0.516674722088	0.500724987917	0.484291928468	0.673755437409	0.610439826003	0.649589173514	0.621072982117	0.60657322378	0.649105848236	0.515224746254	0.52537457709	0.541807636539	0.528757854036	0.529241179314	0.647655872402	0.55775737071	0.623006283229	0.487675205413	0.60415659739
AE4	0.617206379894	0.53697438376	0.947800869986	0.623489608507	0.608989850169	0.52537457709	0.347027549541	0.404543257612	0.522474625423	0.0	0.587240212663	0.547607539874	0.572257129048	0.860802319961	0.536007733204	0.569840502658	0.59497341711	0.59255679072	0.940067665539	0.772837119381	0.655872402127	0.600289995167	0.619139681005	0.598356694055	0.909134847753	0.632189463509	0.60657322378	0.599806669889	0.612373127115	0.614306428226	0.644755920735	0.601739971	0.554374093765	0.567423876269	0.699371677139	0.631706138231	0.588206863219	0.478008699855	0.544707588207	0.542774287095	0.503624939584	0.576123731271	0.554857419043	0.503141614306	0.609956500725	0.596423392943	0.727887868536	0.670372160464	0.713871435476	0.681488641856	0.666505558241	0.698405026583	0.59497341711	0.59255679072	0.604639922668	0.587240212663	0.561623972934	0.695021749638	0.584823586274	0.68293861769	0.598356694055	0.66892218463
AF3	0.616239729338	0.579507008217	0.970517158047	0.652005799903	0.629772837119	0.339777670372	0.669888835186	0.461092315128	0.403576607057	0.587240212663	0.0	0.528757854036	0.532624456259	0.881585306912	0.612373127115	0.592073465442	0.442725954567	0.449492508458	0.957950700822	0.789753504108	0.597873368777	0.527307878202	0.436926051232	0.434509424843	0.915901401643	0.626389560174	0.440792653456	0.518124697922	0.534074432093	0.59497341711	0.52779120348	0.494441759304	0.434992750121	0.497341710971	0.666505558241	0.604639922668	0.421942967617	0.541324311261	0.468825519575	0.588690188497	0.53697438376	0.722571290478	0.695505074915	0.553407443209	0.515708071532	0.499275012083	0.678105364911	0.608989850169	0.678105364911	0.623006283229	0.610923151281	0.647172547124	0.543740937651	0.531657805703	0.551474142098	0.535041082649	0.570323827936	0.647172547124	0.587240212663	0.614789753504	0.501208313195	0.601256645723
AF4	0.61333977767	0.511358144031	0.931851135814	0.596906718221	0.317544707588	0.404059932334	0.603189946834	0.496375060416	0.503624939584	0.547607539874	0.528757854036	0.0	0.551474142098	0.843885935234	0.552924117931	0.548090865152	0.557274045433	0.534557757371	0.892701788304	0.739487675205	0.695505074915	0.626872885452	0.662155630739	0.631222812953	0.855002416626	0.645239246013	0.601739971	0.627839536008	0.637022716288	0.651039149348	0.65055582407	0.60415659739	0.555340744321	0.570323827936	0.599323344611	0.519091348478	0.553407443209	0.538424359594	0.505558240696	0.496375060416	0.505558240696	0.63653939101	0.623972933784	0.506041565974	0.568873852102	0.556790720155	0.58337361044	0.536007733204	0.579507008217	0.535524407927	0.534557757371	0.552440792653	0.464958917351	0.501691638473	0.525857902368	0.51377477042	0.55099081682	0.549540840986	0.5601739971	0.533107781537	0.541324311261	0.522474625423
AG3	0.580473658772	0.49299178347	0.964717254712	0.48622522958	0.619623006283	0.494441759304	0.641855969067	0.49540840986	0.504108264862	0.572257129048	0.532624456259	0.551474142098	0.0	0.851619139681	0.537457709038	0.524407926535	0.499275012083	0.485258579024	0.938617689705	0.774287095215	0.656355727405	0.570807153214	0.590623489609	0.573707104882	0.889801836636	0.628322861286	0.543740937651	0.561623972934	0.599323344611	0.617689705172	0.623972933784	0.552924117931	0.521991300145	0.52537457709	0.663122281295	0.622039632673	0.538424359594	0.547124214596	0.50459159014	0.547607539874	0.498791686805	0.680038666022	0.658772353794	0.533107781537	0.555824069599	0.531657805703	0.63653939101	0.59255679072	0.644755920735	0.610439826003	0.590140164331	0.617689705172	0.509908168197	0.524407926535	0.53697438376	0.523924601257	0.52537457709	0.615273078782	0.536007733204	0.602706621556	0.497825036249	0.585790236829
AG4	0.845335911068	0.848719188014	0.334461092315	0.567907201547	0.829869502175	0.869985500242	0.864185596907	0.853069115515	0.851619139681	0.860802319961	0.881585306912	0.843885935234	0.851619139681	0.0	0.869985500242	0.845819236346	0.887385210246	0.885935234413	0.716288061866	0.686321894635	0.811503141614	0.83566940551	0.882068632189	0.867568873852	0.817786370227	0.805219913001	0.868535524408	0.855485741904	0.755437409377	0.74770420493	0.881585306912	0.869018849686	0.875302078299	0.875302078299	0.898985016916	0.883518608023	0.886901884969	0.869018849686	0.883518608023	0.880135331078	0.880135331078	0.850169163847	0.848235862736	0.869018849686	0.895118414693	0.890285161914	0.880618656356	0.884485258579	0.883035282745	0.877718704688	0.889801836636	0.885935234413	0.888351860802	0.884485258579	0.898501691638	0.884001933301	0.887868535524	0.883518608023	0.883518608023	0.882068632189	0.889801836636	0.884485258579
AH3	0.659255679072	0.371193813436	0.959884001933	0.615273078782	0.600289995167	0.548090865152	0.5601739971	0.514258095698	0.553890768487	0.536007733204	0.612373127115	0.552924117931	0.537457709038	0.869985500242	0.0	0.510391493475	0.590140164331	0.588690188497	0.933784436926	0.776220396327	0.706621556307	0.626389560174	0.651039149348	0.630256162397	0.900918318028	0.684871918801	0.626389560174	0.617206379894	0.667472208797	0.677138714355	0.691155147414	0.631222812953	0.547607539874	0.566940550991	0.693088448526	0.625422909618	0.623972933784	0.530691155147	0.587723537941	0.545674238763	0.533591106815	0.59255679072	0.56259062349	0.534074432093	0.623972933784	0.603189946834	0.719188013533	0.623972933784	0.683421942968	0.643305944901	0.64572257129	0.6805219913	0.590623489609	0.584340260996	0.591590140164	0.589656839053	0.564523924601	0.670855485742	0.554374093765	0.643789270179	0.600289995167	0.628806186564
AH4	0.34026099565	0.379893668439	0.937651039149	0.588206863219	0.605606573224	0.549057515708	0.632672788787	0.526824552924	0.533107781537	0.569840502658	0.592073465442	0.548090865152	0.524407926535	0.845819236346	0.510391493475	0.0	0.536007733204	0.540357660706	0.869985500242	0.720637989367	0.64572257129	0.55775737071	0.598840019333	0.570323827936	0.841469308845	0.608989850169	0.560657322378	0.555824069599	0.590623489609	0.602223296278	0.607539874335	0.556307394877	0.54857419043	0.555824069599	0.69212179797	0.635089415176	0.59255679072	0.579990333494	0.553407443209	0.568873852102	0.532624456259	0.666988883519	0.649589173514	0.5601739971	0.594006766554	0.577573707105	0.658289028516	0.600773320445	0.687771870469	0.607539874335	0.599806669889	0.631222812953	0.532624456259	0.522957950701	0.539874335428	0.541324311261	0.51619139681	0.623006283229	0.517641372644	0.611406476559	0.550507491542	0.602706621556
AA7	0.573707104882	0.544224262929	0.969550507492	0.634122764621	0.616723054616	0.465925567907	0.675688738521	0.467858869019	0.459159014016	0.59497341711	0.442725954567	0.557274045433	0.499275012083	0.887385210246	0.590140164331	0.536007733204	0.0	0.295795070082	0.927501208313	0.778153697438	0.590623489609	0.493958434026	0.484775253746	0.471725471242	0.866602223296	0.599323344611	0.440309328178	0.480425326245	0.540840985984	0.585790236829	0.50700821653	0.414693088449	0.414209763171	0.47220879652	0.696471725471	0.644755920735	0.476558724021	0.54857419043	0.486708554857	0.581440309328	0.513291445143	0.717254712421	0.693571773804	0.573223779604	0.530691155147	0.502174963751	0.663122281295	0.61575640406	0.684388593523	0.635572740454	0.591106814886	0.622522957951	0.51619139681	0.518124697922	0.52779120348	0.512324794587	0.520541324311	0.623972933784	0.539874335428	0.630256162397	0.490091831803	0.604639922668
AA8	0.558724021266	0.53939101015	0.967133881102	0.625906234896	0.599323344611	0.430159497342	0.671822136298	0.440792653456	0.432576123731	0.59255679072	0.449492508458	0.534557757371	0.485258579024	0.885935234413	0.588690188497	0.540357660706	0.295795070082	0.0	0.924601256646	0.77090381827	0.567423876269	0.476558724021	0.499275012083	0.483325277912	0.869502174964	0.59497341711	0.457225712905	0.472692121798	0.522474625423	0.580473658772	0.502658289029	0.39342677622	0.434026099565	0.466408893185	0.685355244079	0.636056065732	0.473175447076	0.552440792653	0.466408893185	0.581923634606	0.511841469309	0.724021266312	0.697438376027	0.561623972934	0.521024649589	0.49299178347	0.634606089899	0.594006766554	0.663605606573	0.619139681005	0.573707104882	0.605606573224	0.490575157081	0.504108264862	0.50700821653	0.490575157081	0.508941517641	0.591590140164	0.532141130981	0.609956500725	0.465442242629	0.579990333494
AB7	0.874818753021	0.897051715805	0.756404059932	0.726437892702	0.877718704688	0.934751087482	0.939584340261	0.938134364427	0.930401159981	0.940067665539	0.957950700822	0.892701788304	0.938617689705	0.716288061866	0.933784436926	0.869985500242	0.927501208313	0.924601256646	0.0	0.406476558724	0.815369743838	0.853069115515	0.935717738038	0.92363460609	0.739004349928	0.809086515225	0.899951667472	0.880135331078	0.743354277429	0.696955050749	0.887868535524	0.90285161914	0.929434509425	0.936684388594	0.943934267762	0.939101014983	0.945867568874	0.927017883035	0.949250845819	0.936201063316	0.935717738038	0.8796520058	0.873368777187	0.917834702755	0.960367327211	0.954567423876	0.930401159981	0.93523441276	0.946350894152	0.927017883035	0.930401159981	0.924117931368	0.924117931368	0.920251329145	0.923151280812	0.915418076365	0.917834702755	0.920251329145	0.926051232479	0.928467858869	0.951667472209	0.927017883035
AB8	0.723537941034	0.734171097148	0.758820686322	0.563073948768	0.755920734654	0.767037216046	0.773320444659	0.769937167714	0.760270662156	0.772837119381	0.789753504108	0.739487675205	0.774287095215	0.686321894635	0.776220396327	0.720637989367	0.778153697438	0.77090381827	0.406476558724	0.0	0.660222329628	0.688738521025	0.760753987434	0.750604156597	0.744320927985	0.658772353794	0.729821169647	0.710004833253	0.564040599323	0.545190913485	0.745770903818	0.748670855486	0.767520541324	0.771870468826	0.812953117448	0.775253745771	0.783470275495	0.758820686322	0.774770420493	0.769453842436	0.761720637989	0.727404543258	0.720154664089	0.744320927985	0.797003383277	0.794103431609	0.822136297728	0.772837119381	0.810053165781	0.776703721605	0.781053649106	0.794586756887	0.773320444659	0.771387143548	0.774287095215	0.766553890768	0.767520541324	0.788786853552	0.772837119381	0.767520541324	0.783470275495	0.770420492992
AC7	0.613823102948	0.670855485742	0.886418559691	0.652972450459	0.73852102465	0.590623489609	0.71532141131	0.573707104882	0.556790720155	0.655872402127	0.597873368777	0.695505074915	0.656355727405	0.811503141614	0.706621556307	0.64572257129	0.590623489609	0.567423876269	0.815369743838	0.660222329628	0.0	0.383760270662	0.579990333494	0.562107298212	0.82165297245	0.593040115998	0.537941034316	0.51377477042	0.478492025133	0.492508458192	0.573223779604	0.549057515708	0.559207346544	0.592073465442	0.810536491058	0.743837602707	0.626389560174	0.642822619623	0.624456259062	0.711938134364	0.657805703238	0.710004833253	0.699371677139	0.665538907685	0.640405993233	0.62493958434	0.820202996617	0.766070565491	0.813436442726	0.788303528275	0.748670855486	0.78927017883	0.685838569357	0.6805219913	0.683905268246	0.680038666022	0.658289028516	0.785403576607	0.676655389077	0.773320444659	0.623972933784	0.755920734654
AC8	0.567423876269	0.578057032383	0.913001449976	0.61333977767	0.674238762687	0.523924601257	0.6805219913	0.487675205413	0.47220879652	0.600289995167	0.527307878202	0.626872885452	0.570807153214	0.83566940551	0.626389560174	0.55775737071	0.493958434026	0.476558724021	0.853069115515	0.688738521025	0.383760270662	0.0	0.486708554857	0.466892218463	0.839052682455	0.555340744321	0.391493475109	0.363943934268	0.434026099565	0.495891735138	0.514258095698	0.458675688739	0.465925567907	0.501208313195	0.733204446593	0.677622039633	0.542774287095	0.576123731271	0.540357660706	0.632672788787	0.570807153214	0.683421942968	0.657805703238	0.589656839053	0.561623972934	0.545674238763	0.734171097148	0.673272112131	0.735621072982	0.708554857419	0.665055582407	0.701788303528	0.592073465442	0.594006766554	0.596906718221	0.590140164331	0.56935717738	0.696955050749	0.585306911551	0.695505074915	0.541807636539	0.671822136298
AD7	0.598840019333	0.610923151281	0.960850652489	0.661188980184	0.735621072982	0.529241179314	0.693571773804	0.516674722088	0.49299178347	0.619139681005	0.436926051232	0.662155630739	0.590623489609	0.882068632189	0.651039149348	0.598840019333	0.484775253746	0.499275012083	0.935717738038	0.760753987434	0.579990333494	0.486708554857	0.0	0.295311744804	0.892218463026	0.529724504592	0.433542774287	0.475592073465	0.502658289029	0.567423876269	0.499758337361	0.473658772354	0.475108748188	0.538424359594	0.74770420493	0.681488641856	0.522957950701	0.595940067666	0.556307394877	0.644755920735	0.59497341711	0.725471242146	0.70130497825	0.620106331561	0.573223779604	0.56935717738	0.754470758821	0.691155147414	0.757854035766	0.72450459159	0.680038666022	0.716771387144	0.622522957951	0.614789753504	0.617206379894	0.614789753504	0.589173513775	0.717738037699	0.607056549058	0.710971483809	0.568390526825	0.685838569357
AD8	0.582890285162	0.579023682939	0.945867568874	0.646205896568	0.705654905752	0.512324794587	0.681005316578	0.4813919768	0.473658772354	0.598356694055	0.434509424843	0.631222812953	0.573707104882	0.867568873852	0.630256162397	0.570323827936	0.471725471242	0.483325277912	0.92363460609	0.750604156597	0.562107298212	0.466892218463	0.295311744804	0.0	0.853069115515	0.494925084582	0.400676655389	0.456259062349	0.47220879652	0.541807636539	0.490575157081	0.461092315128	0.466892218463	0.524407926535	0.73852102465	0.666022232963	0.501691638473	0.576607056549	0.538424359594	0.62735621073	0.579507008217	0.720637989367	0.69453842436	0.597873368777	0.558724021266	0.55775737071	0.748187530208	0.678588690188	0.748187530208	0.710488158531	0.666988883519	0.70372160464	0.607056549058	0.599323344611	0.602223296278	0.602223296278	0.575640405993	0.705171580474	0.59497341711	0.695021749638	0.54857419043	0.672305461576
AE7	0.828902851619	0.873852102465	0.850169163847	0.789753504108	0.829869502175	0.897535041083	0.915418076365	0.902368293862	0.889318511358	0.909134847753	0.915901401643	0.855002416626	0.889801836636	0.817786370227	0.900918318028	0.841469308845	0.866602223296	0.869502174964	0.739004349928	0.744320927985	0.82165297245	0.839052682455	0.892218463026	0.853069115515	0.0	0.531657805703	0.872885451909	0.859835669406	0.757370710488	0.759787336878	0.837119381344	0.845335911068	0.898985016916	0.903334944418	0.93281778637	0.9212179797	0.9212179797	0.902368293862	0.906718221363	0.884001933301	0.896568390527	0.882551957467	0.875785403577	0.876752054132	0.931851135814	0.925084581924	0.895601739971	0.903334944418	0.923151280812	0.895601739971	0.90285161914	0.893185113581	0.890768487192	0.894151764137	0.905268245529	0.889801836636	0.903818269696	0.88883518608	0.906234896085	0.899951667472	0.912518124698	0.904784920251
AE8	0.594490091832	0.634606089899	0.881585306912	0.622039632673	0.683905268246	0.60657322378	0.686321894635	0.605123247946	0.595940067666	0.632189463509	0.626389560174	0.645239246013	0.628322861286	0.805219913001	0.684871918801	0.608989850169	0.599323344611	0.59497341711	0.809086515225	0.658772353794	0.593040115998	0.555340744321	0.529724504592	0.494925084582	0.531657805703	0.0	0.58095698405	0.569840502658	0.513291445143	0.508458192363	0.578540357661	0.567423876269	0.61575640406	0.614789753504	0.75688738521	0.700821652972	0.632672788787	0.61575640406	0.614789753504	0.6389560174	0.619623006283	0.691155147414	0.679555340744	0.623972933784	0.635089415176	0.637506041566	0.753987433543	0.69212179797	0.773320444659	0.716288061866	0.697438376027	0.731271145481	0.647655872402	0.640889318511	0.651039149348	0.635089415176	0.631706138231	0.720637989367	0.650072498792	0.710971483809	0.614306428226	0.690671822136
AF7	0.566940550991	0.560657322378	0.945384243596	0.64813919768	0.666022232963	0.490091831803	0.685838569357	0.460125664572	0.448525857902	0.60657322378	0.440792653456	0.601739971	0.543740937651	0.868535524408	0.626389560174	0.560657322378	0.440309328178	0.457225712905	0.899951667472	0.729821169647	0.537941034316	0.391493475109	0.433542774287	0.400676655389	0.872885451909	0.58095698405	0.0	0.319961333978	0.462542290962	0.536491058482	0.483325277912	0.455292411793	0.415659739004	0.480908651522	0.700338327695	0.637022716288	0.476558724021	0.541807636539	0.502174963751	0.587723537941	0.537457709038	0.699371677139	0.673755437409	0.565973900435	0.53020782987	0.516674722088	0.685355244079	0.633156114065	0.699855002417	0.669888835186	0.620106331561	0.662638956017	0.558724021266	0.564040599323	0.56259062349	0.552440792653	0.545674238763	0.65732237796	0.558240695988	0.661188980184	0.497341710971	0.635089415176
AF8	0.573707104882	0.566457225713	0.934267762204	0.631222812953	0.689221846303	0.519574673755	0.680038666022	0.485741904302	0.477525374577	0.599806669889	0.518124697922	0.627839536008	0.561623972934	0.855485741904	0.617206379894	0.555824069599	0.480425326245	0.472692121798	0.880135331078	0.710004833253	0.51377477042	0.363943934268	0.475592073465	0.456259062349	0.859835669406	0.569840502658	0.319961333978	0.0	0.451909134848	0.511841469309	0.523441275979	0.459642339294	0.449492508458	0.493475108748	0.718704688255	0.655872402127	0.511841469309	0.551957467376	0.517158047366	0.605606573224	0.553890768487	0.679555340744	0.653455775737	0.570807153214	0.553890768487	0.533591106815	0.708071532141	0.646205896568	0.717254712421	0.688255195747	0.637506041566	0.677622039633	0.576123731271	0.577573707105	0.58095698405	0.57177380377	0.54857419043	0.674722087965	0.566940550991	0.676172063799	0.524407926535	0.64813919768
AG7	0.584340260996	0.61575640406	0.837119381344	0.558240695988	0.687771870469	0.538424359594	0.682455292412	0.512324794587	0.494925084582	0.612373127115	0.534074432093	0.637022716288	0.599323344611	0.755437409377	0.667472208797	0.590623489609	0.540840985984	0.522474625423	0.743354277429	0.564040599323	0.478492025133	0.434026099565	0.502658289029	0.47220879652	0.757370710488	0.513291445143	0.462542290962	0.451909134848	0.0	0.313678105365	0.53697438376	0.497341710971	0.508458192363	0.549057515708	0.743354277429	0.67133881102	0.528757854036	0.568873852102	0.559690671822	0.632672788787	0.601739971	0.669405509908	0.641855969067	0.591106814886	0.597390043499	0.590623489609	0.754470758821	0.687288545191	0.749154180764	0.719188013533	0.674722087965	0.716771387144	0.620589656839	0.623972933784	0.628806186564	0.610439826003	0.618173030449	0.716771387144	0.636056065732	0.698405026583	0.588690188497	0.684388593523
AG8	0.585790236829	0.624456259062	0.84726921218	0.58337361044	0.697438376027	0.581923634606	0.673755437409	0.567423876269	0.551957467376	0.614306428226	0.59497341711	0.651039149348	0.617689705172	0.74770420493	0.677138714355	0.602223296278	0.585790236829	0.580473658772	0.696955050749	0.545190913485	0.492508458192	0.495891735138	0.567423876269	0.541807636539	0.759787336878	0.508458192363	0.536491058482	0.511841469309	0.313678105365	0.0	0.578540357661	0.56259062349	0.568390526825	0.584340260996	0.76848719188	0.69212179797	0.595456742388	0.576123731271	0.582890285162	0.646205896568	0.611889801837	0.666988883519	0.656839052682	0.604639922668	0.615273078782	0.606089898502	0.771387143548	0.699371677139	0.763653939101	0.734654422426	0.693571773804	0.735621072982	0.635572740454	0.642822619623	0.647172547124	0.632672788787	0.634606089899	0.729337844369	0.653455775737	0.714838086032	0.610923151281	0.691155147414
AH7	0.585790236829	0.641855969067	0.952634122765	0.684871918801	0.709521507975	0.568873852102	0.709038182697	0.558240695988	0.546157564041	0.644755920735	0.52779120348	0.65055582407	0.623972933784	0.881585306912	0.691155147414	0.607539874335	0.50700821653	0.502658289029	0.887868535524	0.745770903818	0.573223779604	0.514258095698	0.499758337361	0.490575157081	0.837119381344	0.578540357661	0.483325277912	0.523441275979	0.53697438376	0.578540357661	0.0	0.318028032866	0.54857419043	0.608023199613	0.776703721605	0.731754470759	0.566457225713	0.644272595457	0.603189946834	0.658772353794	0.628806186564	0.761237312711	0.748670855486	0.665055582407	0.639922667956	0.631222812953	0.762203963267	0.727404543258	0.783470275495	0.729821169647	0.701788303528	0.737554374094	0.625906234896	0.629289511841	0.627839536008	0.625422909618	0.609473175447	0.729337844369	0.633156114065	0.722571290478	0.608989850169	0.713388110198
AH8	0.566940550991	0.588206863219	0.951667472209	0.637506041566	0.673272112131	0.504108264862	0.680038666022	0.494925084582	0.492025132914	0.601739971	0.494441759304	0.60415659739	0.552924117931	0.869018849686	0.631222812953	0.556307394877	0.414693088449	0.39342677622	0.90285161914	0.748670855486	0.549057515708	0.458675688739	0.473658772354	0.461092315128	0.845335911068	0.567423876269	0.455292411793	0.459642339294	0.497341710971	0.56259062349	0.318028032866	0.0	0.482358627356	0.528757854036	0.739487675205	0.684388593523	0.518124697922	0.586273562107	0.542290961817	0.60657322378	0.56259062349	0.722087965201	0.693088448526	0.608023199613	0.573223779604	0.559207346544	0.713871435476	0.667955534074	0.729337844369	0.676655389077	0.644272595457	0.677138714355	0.574673755437	0.574190430159	0.579990333494	0.572740454326	0.543257612373	0.673755437409	0.56935717738	0.669888835186	0.540840985984	0.653939101015
AA5	0.591106814886	0.507491541808	0.9584340261	0.64813919768	0.630739487675	0.448525857902	0.625906234896	0.405993233446	0.409859835669	0.554374093765	0.434992750121	0.555340744321	0.521991300145	0.875302078299	0.547607539874	0.54857419043	0.414209763171	0.434026099565	0.929434509425	0.767520541324	0.559207346544	0.465925567907	0.475108748188	0.466892218463	0.898985016916	0.61575640406	0.415659739004	0.449492508458	0.508458192363	0.568390526825	0.54857419043	0.482358627356	0.0	0.333494441759	0.686321894635	0.590623489609	0.457709038183	0.467858869019	0.474142097632	0.534074432093	0.470758820686	0.630256162397	0.608506524891	0.498791686805	0.522957950701	0.480425326245	0.708554857419	0.643789270179	0.690671822136	0.659255679072	0.64813919768	0.68293861769	0.53697438376	0.563557274045	0.577090381827	0.560657322378	0.52779120348	0.678588690188	0.550024166264	0.649589173514	0.507974867086	0.640405993233
AA6	0.593523441276	0.520541324311	0.957950700822	0.652005799903	0.643305944901	0.461092315128	0.643305944901	0.444175930401	0.452392460126	0.567423876269	0.497341710971	0.570323827936	0.52537457709	0.875302078299	0.566940550991	0.555824069599	0.47220879652	0.466408893185	0.936684388594	0.771870468826	0.592073465442	0.501208313195	0.538424359594	0.524407926535	0.903334944418	0.614789753504	0.480908651522	0.493475108748	0.549057515708	0.584340260996	0.608023199613	0.528757854036	0.333494441759	0.0	0.675688738521	0.574673755437	0.507491541808	0.4813919768	0.471725471242	0.557274045433	0.493475108748	0.652972450459	0.627839536008	0.520057999033	0.453842435959	0.410343160947	0.691155147414	0.628806186564	0.676655389077	0.652005799903	0.628322861286	0.662155630739	0.535041082649	0.547607539874	0.562107298212	0.548090865152	0.532141130981	0.661188980184	0.551957467376	0.637022716288	0.50459159014	0.62493958434
AB5	0.75688738521	0.660705654906	0.972933784437	0.723537941034	0.618173030449	0.644272595457	0.726437892702	0.662638956017	0.666505558241	0.699371677139	0.666505558241	0.599323344611	0.663122281295	0.898985016916	0.693088448526	0.69212179797	0.696471725471	0.685355244079	0.943934267762	0.812953117448	0.810536491058	0.733204446593	0.74770420493	0.73852102465	0.93281778637	0.75688738521	0.700338327695	0.718704688255	0.743354277429	0.76848719188	0.776703721605	0.739487675205	0.686321894635	0.675688738521	0.0	0.314644755921	0.60657322378	0.655872402127	0.61333977767	0.612373127115	0.621072982117	0.741420976317	0.72450459159	0.634122764621	0.616723054616	0.615273078782	0.621556307395	0.603673272112	0.632672788787	0.590140164331	0.611889801837	0.612373127115	0.601739971	0.582890285162	0.601256645723	0.621556307395	0.666988883519	0.596423392943	0.652005799903	0.595456742388	0.663605606573	0.603189946834
AB6	0.695505074915	0.597873368777	0.964717254712	0.670372160464	0.576123731271	0.569840502658	0.656839052682	0.582890285162	0.586273562107	0.631706138231	0.604639922668	0.519091348478	0.622039632673	0.883518608023	0.625422909618	0.635089415176	0.644755920735	0.636056065732	0.939101014983	0.775253745771	0.743837602707	0.677622039633	0.681488641856	0.666022232963	0.9212179797	0.700821652972	0.637022716288	0.655872402127	0.67133881102	0.69212179797	0.731754470759	0.684388593523	0.590623489609	0.574673755437	0.314644755921	0.0	0.558724021266	0.564523924601	0.552924117931	0.546157564041	0.547607539874	0.668438859352	0.644755920735	0.535524407927	0.552924117931	0.543740937651	0.624456259062	0.556790720155	0.606089898502	0.574190430159	0.573707104882	0.600773320445	0.541324311261	0.542290961817	0.56259062349	0.582406959884	0.608989850169	0.58337361044	0.601739971	0.567423876269	0.613823102948	0.559690671822
AC5	0.617689705172	0.579507008217	0.971000483325	0.660705654906	0.623972933784	0.464475592073	0.664572257129	0.467858869019	0.448042532624	0.588206863219	0.421942967617	0.553407443209	0.538424359594	0.886901884969	0.623972933784	0.59255679072	0.476558724021	0.473175447076	0.945867568874	0.783470275495	0.626389560174	0.542774287095	0.522957950701	0.501691638473	0.9212179797	0.632672788787	0.476558724021	0.511841469309	0.528757854036	0.595456742388	0.566457225713	0.518124697922	0.457709038183	0.507491541808	0.60657322378	0.558724021266	0.0	0.445142580957	0.448525857902	0.561623972934	0.526824552924	0.704204929918	0.676172063799	0.544224262929	0.492508458192	0.478008699855	0.616723054616	0.573707104882	0.634122764621	0.588690188497	0.565973900435	0.599806669889	0.506041565974	0.49299178347	0.514258095698	0.505558240696	0.568873852102	0.593523441276	0.579990333494	0.576123731271	0.520541324311	0.569840502658
AC6	0.633639439343	0.538424359594	0.955534074432	0.64572257129	0.592073465442	0.498791686805	0.520057999033	0.460125664572	0.506524891252	0.478008699855	0.541324311261	0.538424359594	0.547124214596	0.869018849686	0.530691155147	0.579990333494	0.54857419043	0.552440792653	0.927017883035	0.758820686322	0.642822619623	0.576123731271	0.595940067666	0.576607056549	0.902368293862	0.61575640406	0.541807636539	0.551957467376	0.568873852102	0.576123731271	0.644272595457	0.586273562107	0.467858869019	0.4813919768	0.655872402127	0.564523924601	0.445142580957	0.0	0.507491541808	0.505074915418	0.48622522958	0.477042049299	0.448042532624	0.425326244563	0.548090865152	0.537457709038	0.688738521025	0.625906234896	0.673755437409	0.635572740454	0.636056065732	0.669888835186	0.561623972934	0.568390526825	0.588206863219	0.565007249879	0.554374093765	0.658772353794	0.570323827936	0.62493958434	0.543740937651	0.623006283229
AD6	0.598840019333	0.529724504592	0.971967133881	0.625422909618	0.571290478492	0.423392943451	0.617689705172	0.445142580957	0.44900918318	0.544707588207	0.468825519575	0.505558240696	0.50459159014	0.883518608023	0.587723537941	0.553407443209	0.486708554857	0.466408893185	0.949250845819	0.774770420493	0.624456259062	0.540357660706	0.556307394877	0.538424359594	0.906718221363	0.614789753504	0.502174963751	0.517158047366	0.559690671822	0.582890285162	0.603189946834	0.542290961817	0.474142097632	0.471725471242	0.61333977767	0.552924117931	0.448525857902	0.507491541808	0.0	0.506041565974	0.400193330111	0.686805219913	0.662155630739	0.520541324311	0.464475592073	0.455775737071	0.60657322378	0.538907684872	0.596906718221	0.549540840986	0.544707588207	0.582890285162	0.455292411793	0.460125664572	0.485741904302	0.471725471242	0.513291445143	0.58095698405	0.533107781537	0.552440792653	0.467375543741	0.550507491542
AE5	0.62493958434	0.511358144031	0.972450459159	0.634606089899	0.555824069599	0.519091348478	0.573707104882	0.512324794587	0.56259062349	0.542774287095	0.588690188497	0.496375060416	0.547607539874	0.880135331078	0.545674238763	0.568873852102	0.581440309328	0.581923634606	0.936201063316	0.769453842436	0.711938134364	0.632672788787	0.644755920735	0.62735621073	0.884001933301	0.6389560174	0.587723537941	0.605606573224	0.632672788787	0.646205896568	0.658772353794	0.60657322378	0.534074432093	0.557274045433	0.612373127115	0.546157564041	0.561623972934	0.505074915418	0.506041565974	0.0	0.343644272595	0.618656355727	0.595940067666	0.494925084582	0.593040115998	0.584823586274	0.652489125181	0.595940067666	0.649589173514	0.599323344611	0.604639922668	0.634606089899	0.513291445143	0.541324311261	0.579990333494	0.537457709038	0.548090865152	0.622522957951	0.543740937651	0.600773320445	0.549057515708	0.604639922668
AE6	0.603673272112	0.481875302078	0.973417109715	0.619623006283	0.556307394877	0.465442242629	0.564523924601	0.44900918318	0.497825036249	0.503624939584	0.53697438376	0.505558240696	0.498791686805	0.880135331078	0.533591106815	0.532624456259	0.513291445143	0.511841469309	0.935717738038	0.761720637989	0.657805703238	0.570807153214	0.59497341711	0.579507008217	0.896568390527	0.619623006283	0.537457709038	0.553890768487	0.601739971	0.611889801837	0.628806186564	0.56259062349	0.470758820686	0.493475108748	0.621072982117	0.547607539874	0.526824552924	0.48622522958	0.400193330111	0.343644272595	0.0	0.635572740454	0.61575640406	0.477042049299	0.52537457709	0.516674722088	0.637022716288	0.576123731271	0.626389560174	0.576607056549	0.581923634606	0.618656355727	0.482841952634	0.503141614306	0.514741420976	0.495891735138	0.500241662639	0.612373127115	0.51377477042	0.576123731271	0.48622522958	0.588206863219
AF5	0.710971483809	0.630256162397	0.930884485259	0.667955534074	0.662638956017	0.676172063799	0.542774287095	0.626872885452	0.680038666022	0.576123731271	0.722571290478	0.63653939101	0.680038666022	0.850169163847	0.59255679072	0.666988883519	0.717254712421	0.724021266312	0.8796520058	0.727404543258	0.710004833253	0.683421942968	0.725471242146	0.720637989367	0.882551957467	0.691155147414	0.699371677139	0.679555340744	0.669405509908	0.666988883519	0.761237312711	0.722087965201	0.630256162397	0.652972450459	0.741420976317	0.668438859352	0.704204929918	0.477042049299	0.686805219913	0.618656355727	0.635572740454	0.0	0.283228612856	0.538907684872	0.722571290478	0.713388110198	0.777187046883	0.716288061866	0.750604156597	0.715804736588	0.729337844369	0.764137264379	0.691638472692	0.710488158531	0.735137747704	0.713388110198	0.678588690188	0.750604156597	0.684388593523	0.71290478492	0.713388110198	0.722571290478
AF6	0.711938134364	0.608506524891	0.930884485259	0.652489125181	0.649589173514	0.649105848236	0.524891251812	0.60657322378	0.656355727405	0.554857419043	0.695505074915	0.623972933784	0.658772353794	0.848235862736	0.56259062349	0.649589173514	0.693571773804	0.697438376027	0.873368777187	0.720154664089	0.699371677139	0.657805703238	0.70130497825	0.69453842436	0.875785403577	0.679555340744	0.673755437409	0.653455775737	0.641855969067	0.656839052682	0.748670855486	0.693088448526	0.608506524891	0.627839536008	0.72450459159	0.644755920735	0.676172063799	0.448042532624	0.662155630739	0.595940067666	0.61575640406	0.283228612856	0.0	0.515708071532	0.698888351861	0.685838569357	0.761720637989	0.696955050749	0.735137747704	0.700338327695	0.71290478492	0.739487675205	0.674722087965	0.688255195747	0.707588206863	0.69212179797	0.650072498792	0.725471242146	0.650072498792	0.696955050749	0.691155147414	0.703238279362
