	AA3	AA4	AB3	AB4	AC3	AC4	AD3	AD4	AE3	AE4	AF3	AF4	AG3	AG4	AH3	AH4	AA7	AA8	AB7	AB8	AC7	AC8	AD7	AD8	AE7	AE8	AF7	AF8	AG7	AG8	AH7	AH8	AA5	AA6	AB5	AB6	AC5	AC6	AD6	AE5	AE6	AF5	AF6	AG5	AH5	AH6	AA1	AA2	AB1	AB2	AC1	AC2	AD1	AD2	AE1	AE2	AF1	AF2	AG1	AG2	AH1	AH2
AA3	0.0	0.501691638473	0.938617689705	0.636056065732	0.670372160464	0.592073465442	0.676655389077	0.600773320445	0.594006766554	0.635089415176	0.629772837119	0.612373127115	0.597390043499	0.852585790237	0.651039149348	0.346060898985	0.585306911551	0.578057032383	0.862252295795	0.714354760754	0.623489608507	0.578057032383	0.613823102948	0.597873368777	0.828902851619	0.595456742388	0.578057032383	0.564523924601	0.600773320445	0.587240212663	0.599323344611	0.569840502658	0.601739971	0.611889801837	0.74770420493	0.679072015466	0.622039632673	0.637022716288	0.612373127115	0.621072982117	0.610439826003	0.717254712421	0.683905268246	0.636056065732	0.649105848236	0.623006283229	0.692605123248	0.647655872402	0.702754954084	0.666505558241	0.65055582407	0.657805703238	0.572257129048	0.576123731271	0.574190430159	0.57177380377	0.582890285162	0.661188980184	0.589656839053	0.670372160464	0.594006766554	0.653455775737
AA4	0.501691638473	0.0	0.946350894152	0.567423876269	0.577573707105	0.50700821653	0.585790236829	0.487191880135	0.509908168197	0.514741420976	0.578057032383	0.521507974867	0.490575157081	0.853552440793	0.369260512325	0.36346060899	0.550507491542	0.553407443209	0.898501691638	0.733204446593	0.647172547124	0.561140647656	0.579990333494	0.583856935718	0.880135331078	0.630256162397	0.556790720155	0.549540840986	0.588206863219	0.59255679072	0.625422909618	0.575640405993	0.521024649589	0.530691155147	0.677138714355	0.597390043499	0.580473658772	0.523441275979	0.53020782987	0.53939101015	0.497341710971	0.629289511841	0.579990333494	0.523924601257	0.590623489609	0.569840502658	0.660222329628	0.599806669889	0.628806186564	0.606089898502	0.613823102948	0.637022716288	0.540357660706	0.53020782987	0.535041082649	0.531174480425	0.50459159014	0.632189463509	0.521991300145	0.617206379894	0.535524407927	0.589173513775
AB3	0.938617689705	0.946350894152	0.0	0.670372160464	0.915901401643	0.949250845819	0.957467375544	0.942967617206	0.931367810536	0.948284195263	0.970033832769	0.934751087482	0.962783953601	0.33107781537	0.957950700822	0.939584340261	0.971483808603	0.970517158047	0.734171097148	0.757854035766	0.893185113581	0.913484775254	0.956500724988	0.952634122765	0.850169163847	0.892701788304	0.948284195263	0.927017883035	0.842919284679	0.838569357177	0.951667472209	0.954567423876	0.960850652489	0.964233929435	0.974383760271	0.964717254712	0.974383760271	0.952634122765	0.974383760271	0.975350410826	0.972933784437	0.934267762204	0.938134364427	0.940067665539	0.978250362494	0.971483808603	0.974383760271	0.973900434993	0.971967133881	0.972450459159	0.973900434993	0.969067182214	0.974867085549	0.974383760271	0.975833736104	0.973417109715	0.972450459159	0.971967133881	0.973417109715	0.974383760271	0.973900434993	0.972450459159
AB4	0.636056065732	0.567423876269	0.670372160464	0.0	0.631706138231	0.610439826003	0.67133881102	0.623972933784	0.613823102948	0.616723054616	0.656839052682	0.602223296278	0.482358627356	0.557274045433	0.599323344611	0.578057032383	0.637022716288	0.640889318511	0.712421459642	0.572740454326	0.662155630739	0.626389560174	0.656839052682	0.655389076849	0.790720154664	0.641855969067	0.653455775737	0.62735621073	0.545674238763	0.5601739971	0.68970517158	0.64813919768	0.649589173514	0.661672305462	0.720154664089	0.654422426293	0.655872402127	0.636056065732	0.628806186564	0.623489608507	0.614789753504	0.662638956017	0.643789270179	0.619623006283	0.693088448526	0.676172063799	0.697921701305	0.651522474625	0.677622039633	0.667472208797	0.656355727405	0.664572257129	0.628322861286	0.644755920735	0.649105848236	0.629772837119	0.633156114065	0.671822136298	0.634122764621	0.673755437409	0.64572257129	0.652005799903
AC3	0.670372160464	0.577573707105	0.915901401643	0.631706138231	0.0	0.476075398743	0.644272595457	0.544224262929	0.561623972934	0.58095698405	0.624456259062	0.327694538424	0.598356694055	0.825519574674	0.600289995167	0.593523441276	0.619139681005	0.601739971	0.862735621073	0.74528757854	0.731754470759	0.674722087965	0.723537941034	0.714838086032	0.825036249396	0.696955050749	0.658772353794	0.680038666022	0.666022232963	0.679072015466	0.70130497825	0.667955534074	0.603189946834	0.634606089899	0.632672788787	0.592073465442	0.629289511841	0.58337361044	0.590140164331	0.554374093765	0.549540840986	0.662155630739	0.640405993233	0.561623972934	0.658772353794	0.652489125181	0.606089898502	0.596423392943	0.591106814886	0.588690188497	0.606089898502	0.586273562107	0.553890768487	0.580473658772	0.581440309328	0.559690671822	0.608023199613	0.581440309328	0.608989850169	0.596423392943	0.611889801837	0.608989850169
AC4	0.592073465442	0.50700821653	0.949250845819	0.610439826003	0.476075398743	0.0	0.621072982117	0.417109714838	0.405993233446	0.517641372644	0.34267762204	0.38666022233	0.50459159014	0.858385693572	0.574190430159	0.518124697922	0.477525374577	0.461092315128	0.917834702755	0.749637506042	0.591106814886	0.534557757371	0.533591106815	0.531657805703	0.876268728855	0.576123731271	0.494925084582	0.529241179314	0.544224262929	0.550024166264	0.576607056549	0.519091348478	0.463992266796	0.48380860319	0.636056065732	0.556790720155	0.473658772354	0.511358144031	0.431126147898	0.537941034316	0.477042049299	0.685838569357	0.634122764621	0.516674722088	0.51619139681	0.491541807637	0.632189463509	0.573707104882	0.585306911551	0.568873852102	0.578057032383	0.598840019333	0.499275012083	0.501691638473	0.517641372644	0.492025132914	0.545674238763	0.600289995167	0.549540840986	0.577573707105	0.465442242629	0.565007249879
AD3	0.676655389077	0.585790236829	0.957467375544	0.67133881102	0.644272595457	0.621072982117	0.0	0.529241179314	0.634606089899	0.347027549541	0.679072015466	0.613823102948	0.642339294345	0.87046882552	0.573707104882	0.633639439343	0.685838569357	0.679072015466	0.94441759304	0.77767037216	0.721604639923	0.69453842436	0.697438376027	0.688255195747	0.916384726921	0.69453842436	0.697438376027	0.694055099082	0.688255195747	0.686321894635	0.720154664089	0.690671822136	0.626872885452	0.650072498792	0.729337844369	0.666505558241	0.68293861769	0.54857419043	0.625422909618	0.59255679072	0.584340260996	0.563073948768	0.534557757371	0.557274045433	0.703238279362	0.69453842436	0.754954084099	0.706138231029	0.727887868536	0.699855002417	0.710488158531	0.731271145481	0.665055582407	0.660222329628	0.668438859352	0.64813919768	0.635089415176	0.722087965201	0.642822619623	0.722087965201	0.684388593523	0.702271628806
AD4	0.600773320445	0.487191880135	0.942967617206	0.623972933784	0.544224262929	0.417109714838	0.529241179314	0.0	0.30787820203	0.408409859836	0.435959400677	0.4813919768	0.514258095698	0.853552440793	0.537941034316	0.514741420976	0.465925567907	0.44900918318	0.934267762204	0.763170613823	0.578540357661	0.496375060416	0.505558240696	0.498791686805	0.899951667472	0.603673272112	0.442725954567	0.472692121798	0.509424842919	0.547124214596	0.55099081682	0.500241662639	0.40502658289	0.455775737071	0.646689221846	0.562107298212	0.45142580957	0.480908651522	0.434509424843	0.535524407927	0.47220879652	0.646689221846	0.603189946834	0.489608506525	0.505558240696	0.472692121798	0.664572257129	0.599323344611	0.622522957951	0.60415659739	0.612856452392	0.633639439343	0.521507974867	0.513291445143	0.526341227646	0.509908168197	0.539874335428	0.632189463509	0.536491058482	0.617206379894	0.49540840986	0.596423392943
AE3	0.594006766554	0.509908168197	0.931367810536	0.613823102948	0.561623972934	0.405993233446	0.634606089899	0.30787820203	0.0	0.505558240696	0.411793136781	0.491058482359	0.505074915418	0.846302561624	0.554374093765	0.514258095698	0.445142580957	0.425809569841	0.920251329145	0.753504108265	0.549540840986	0.478492025133	0.482841952634	0.4813919768	0.887385210246	0.587240212663	0.434509424843	0.466408893185	0.502174963751	0.533107781537	0.540840985984	0.482358627356	0.398743354277	0.464958917351	0.658289028516	0.579990333494	0.441275978734	0.516674722088	0.436926051232	0.594490091832	0.521991300145	0.690188496858	0.641855969067	0.524407926535	0.502658289029	0.463992266796	0.658289028516	0.596906718221	0.620106331561	0.60415659739	0.602223296278	0.627839536008	0.515224746254	0.514741420976	0.532624456259	0.5186080232	0.545190913485	0.623972933784	0.552440792653	0.608989850169	0.485258579024	0.589173513775
AE4	0.635089415176	0.514741420976	0.948284195263	0.616723054616	0.58095698405	0.517641372644	0.347027549541	0.408409859836	0.505558240696	0.0	0.58095698405	0.541324311261	0.564523924601	0.858385693572	0.524891251812	0.546157564041	0.585306911551	0.581440309328	0.937651039149	0.762687288545	0.651039149348	0.585306911551	0.595940067666	0.585306911551	0.903334944418	0.635572740454	0.589173513775	0.58337361044	0.58095698405	0.594490091832	0.6389560174	0.597390043499	0.529241179314	0.551474142098	0.690188496858	0.609956500725	0.581440309328	0.469308844853	0.533591106815	0.532624456259	0.520541324311	0.586756887385	0.540840985984	0.499758337361	0.601256645723	0.59255679072	0.714838086032	0.653939101015	0.679555340744	0.664088931851	0.671822136298	0.68293861769	0.610439826003	0.592073465442	0.600289995167	0.587723537941	0.573707104882	0.681488641856	0.588206863219	0.678105364911	0.588690188497	0.655389076849
AF3	0.629772837119	0.578057032383	0.970033832769	0.656839052682	0.624456259062	0.34267762204	0.679072015466	0.435959400677	0.411793136781	0.58095698405	0.0	0.529724504592	0.545674238763	0.881101981634	0.621556307395	0.576607056549	0.446109231513	0.426776220396	0.954567423876	0.792170130498	0.588690188497	0.534557757371	0.435959400677	0.432092798453	0.914934751087	0.621556307395	0.4398260029	0.504108264862	0.545190913485	0.572257129048	0.528274528758	0.507974867086	0.443692605123	0.508458192363	0.676172063799	0.609956500725	0.421942967617	0.553890768487	0.466408893185	0.619623006283	0.535524407927	0.729337844369	0.680038666022	0.55775737071	0.517158047366	0.493475108748	0.674238762687	0.61333977767	0.646689221846	0.614789753504	0.617206379894	0.640405993233	0.547124214596	0.52537457709	0.543257612373	0.532141130981	0.590140164331	0.641372643789	0.590140164331	0.619623006283	0.495891735138	0.601739971
AF4	0.612373127115	0.521507974867	0.934751087482	0.602223296278	0.327694538424	0.38666022233	0.613823102948	0.4813919768	0.491058482359	0.541324311261	0.529724504592	0.0	0.547124214596	0.843402609957	0.559690671822	0.537457709038	0.554857419043	0.545674238763	0.880135331078	0.724021266312	0.684871918801	0.617206379894	0.653939101015	0.644755920735	0.84485258579	0.637989366844	0.593523441276	0.613823102948	0.616239729338	0.623972933784	0.647655872402	0.609956500725	0.544224262929	0.573707104882	0.609473175447	0.525857902368	0.550507491542	0.548090865152	0.514258095698	0.517641372644	0.498308361527	0.643305944901	0.611889801837	0.521991300145	0.577090381827	0.566457225713	0.602706621556	0.542774287095	0.562107298212	0.536491058482	0.548090865152	0.561623972934	0.489125181247	0.503624939584	0.515708071532	0.491058482359	0.550024166264	0.5601739971	0.552440792653	0.549540840986	0.538907684872	0.539874335428
AG3	0.597390043499	0.490575157081	0.962783953601	0.482358627356	0.598356694055	0.50459159014	0.642339294345	0.514258095698	0.505074915418	0.564523924601	0.545674238763	0.547124214596	0.0	0.844369260512	0.52537457709	0.507491541808	0.506524891252	0.494441759304	0.932334461092	0.764620589657	0.666988883519	0.588690188497	0.586756887385	0.595940067666	0.890285161914	0.64572257129	0.542774287095	0.565007249879	0.599323344611	0.605606573224	0.63653939101	0.570323827936	0.522957950701	0.529724504592	0.665055582407	0.602706621556	0.542774287095	0.546157564041	0.517641372644	0.582406959884	0.506524891252	0.686805219913	0.633156114065	0.541807636539	0.56935717738	0.547607539874	0.627839536008	0.584340260996	0.611889801837	0.598840019333	0.586273562107	0.601256645723	0.533591106815	0.528757854036	0.534074432093	0.521507974867	0.545190913485	0.609956500725	0.546640889319	0.60415659739	0.507491541808	0.581440309328
AG4	0.852585790237	0.853552440793	0.33107781537	0.557274045433	0.825519574674	0.858385693572	0.87046882552	0.853552440793	0.846302561624	0.858385693572	0.881101981634	0.843402609957	0.844369260512	0.0	0.869502174964	0.848235862736	0.888351860802	0.887385210246	0.706621556307	0.681488641856	0.812953117448	0.833736104398	0.874335427743	0.872402126631	0.826002899952	0.817786370227	0.86805219913	0.845335911068	0.762687288545	0.741904301595	0.8796520058	0.871918801353	0.873368777187	0.878685355244	0.897051715805	0.884485258579	0.889801836636	0.860318994683	0.885935234413	0.883518608023	0.885451909135	0.845335911068	0.852102464959	0.852585790237	0.894635089415	0.886418559691	0.885451909135	0.890285161914	0.886901884969	0.883518608023	0.892218463026	0.883035282745	0.890285161914	0.885451909135	0.88883518608	0.887385210246	0.888351860802	0.886418559691	0.886418559691	0.882551957467	0.886418559691	0.889801836636
AH3	0.651039149348	0.369260512325	0.957950700822	0.599323344611	0.600289995167	0.574190430159	0.573707104882	0.537941034316	0.554374093765	0.524891251812	0.621556307395	0.559690671822	0.52537457709	0.869502174964	0.0	0.511358144031	0.605606573224	0.604639922668	0.924117931368	0.769937167714	0.698405026583	0.632189463509	0.631706138231	0.639922667956	0.898985016916	0.700338327695	0.631706138231	0.623006283229	0.654905751571	0.664088931851	0.686321894635	0.635089415176	0.545674238763	0.578540357661	0.709038182697	0.639922667956	0.640405993233	0.54857419043	0.594006766554	0.558724021266	0.559690671822	0.599323344611	0.551957467376	0.552924117931	0.64813919768	0.626872885452	0.703238279362	0.634606089899	0.651522474625	0.653455775737	0.64572257129	0.66892218463	0.597390043499	0.600289995167	0.600773320445	0.597390043499	0.571290478492	0.670855485742	0.571290478492	0.660222329628	0.600773320445	0.623006283229
AH4	0.346060898985	0.36346060899	0.939584340261	0.578057032383	0.593523441276	0.518124697922	0.633639439343	0.514741420976	0.514258095698	0.546157564041	0.576607056549	0.537457709038	0.507491541808	0.848235862736	0.511358144031	0.0	0.520057999033	0.521507974867	0.873368777187	0.721604639923	0.622522957951	0.547124214596	0.564523924601	0.570807153214	0.842435959401	0.59497341711	0.541324311261	0.523441275979	0.566940550991	0.564040599323	0.588690188497	0.533107781537	0.529241179314	0.53697438376	0.696955050749	0.620106331561	0.579990333494	0.558240695988	0.539874335428	0.567907201547	0.529241179314	0.67133881102	0.626872885452	0.557274045433	0.589656839053	0.565973900435	0.666022232963	0.607056549058	0.639922667956	0.611889801837	0.614306428226	0.629289511841	0.542774287095	0.524891251812	0.531174480425	0.527307878202	0.502174963751	0.630739487675	0.516674722088	0.622522957951	0.540357660706	0.611406476559
AA7	0.585306911551	0.550507491542	0.971483808603	0.637022716288	0.619139681005	0.477525374577	0.685838569357	0.465925567907	0.445142580957	0.585306911551	0.446109231513	0.554857419043	0.506524891252	0.888351860802	0.605606573224	0.520057999033	0.0	0.286611889802	0.918318028033	0.767520541324	0.583856935718	0.503624939584	0.475592073465	0.481875302078	0.875785403577	0.600289995167	0.446592556791	0.465925567907	0.541324311261	0.559690671822	0.515224746254	0.424842919285	0.434992750121	0.490091831803	0.702754954084	0.641372643789	0.46302561624	0.563557274045	0.48622522958	0.60657322378	0.545190913485	0.726437892702	0.678588690188	0.582406959884	0.540357660706	0.511358144031	0.669888835186	0.603673272112	0.649105848236	0.628806186564	0.601256645723	0.62735621073	0.52537457709	0.523441275979	0.537941034316	0.516674722088	0.530691155147	0.62493958434	0.535041082649	0.637506041566	0.493475108748	0.60415659739
AA8	0.578057032383	0.553407443209	0.970517158047	0.640889318511	0.601739971	0.461092315128	0.679072015466	0.44900918318	0.425809569841	0.581440309328	0.426776220396	0.545674238763	0.494441759304	0.887385210246	0.604639922668	0.521507974867	0.286611889802	0.0	0.9212179797	0.764137264379	0.576123731271	0.494925084582	0.465925567907	0.466408893185	0.862735621073	0.579507008217	0.422909618173	0.459159014016	0.534074432093	0.553407443209	0.474142097632	0.380860318995	0.423876268729	0.482358627356	0.690671822136	0.627839536008	0.448525857902	0.552440792653	0.47220879652	0.602223296278	0.533591106815	0.72450459159	0.677622039633	0.564523924601	0.529241179314	0.497825036249	0.656839052682	0.59255679072	0.6389560174	0.61333977767	0.592073465442	0.611889801837	0.512324794587	0.510391493475	0.524891251812	0.50700821653	0.531174480425	0.614306428226	0.535524407927	0.619139681005	0.479942000967	0.594490091832
AB7	0.862252295795	0.898501691638	0.734171097148	0.712421459642	0.862735621073	0.917834702755	0.94441759304	0.934267762204	0.920251329145	0.937651039149	0.954567423876	0.880135331078	0.932334461092	0.706621556307	0.924117931368	0.873368777187	0.918318028033	0.9212179797	0.0	0.411309811503	0.81246979217	0.841469308845	0.941517641373	0.932334461092	0.734171097148	0.812953117448	0.904784920251	0.880618656356	0.736587723538	0.702754954084	0.883035282745	0.895118414693	0.927017883035	0.940550990817	0.94441759304	0.928467858869	0.94441759304	0.91203479942	0.946350894152	0.930401159981	0.930884485259	0.870952150797	0.880618656356	0.898018366361	0.957950700822	0.952634122765	0.922667955534	0.918801353311	0.924117931368	0.930401159981	0.929434509425	0.917834702755	0.915418076365	0.917834702755	0.917834702755	0.913001449976	0.915901401643	0.913968100532	0.917351377477	0.92363460609	0.94683421943	0.933784436926
AB8	0.714354760754	0.733204446593	0.757854035766	0.572740454326	0.74528757854	0.749637506042	0.77767037216	0.763170613823	0.753504108265	0.762687288545	0.792170130498	0.724021266312	0.764620589657	0.681488641856	0.769937167714	0.721604639923	0.767520541324	0.764137264379	0.411309811503	0.0	0.656839052682	0.674722087965	0.763653939101	0.758337361044	0.728854519091	0.646205896568	0.732237796037	0.70130497825	0.542290961817	0.546157564041	0.732237796037	0.735621072982	0.76848719188	0.77090381827	0.808603189947	0.763170613823	0.776703721605	0.740937651039	0.771387143548	0.759787336878	0.755437409377	0.720637989367	0.720154664089	0.725471242146	0.78927017883	0.787336877719	0.813919768004	0.769453842436	0.784920251329	0.769453842436	0.778637022716	0.782020299662	0.760270662156	0.765103914935	0.763170613823	0.758820686322	0.758820686322	0.777187046883	0.758820686322	0.766070565491	0.778153697438	0.766553890768
AC7	0.623489608507	0.647172547124	0.893185113581	0.662155630739	0.731754470759	0.591106814886	0.721604639923	0.578540357661	0.549540840986	0.651039149348	0.588690188497	0.684871918801	0.666988883519	0.812953117448	0.698405026583	0.622522957951	0.583856935718	0.576123731271	0.81246979217	0.656839052682	0.0	0.369260512325	0.561623972934	0.563557274045	0.82406959884	0.570807153214	0.539874335428	0.50459159014	0.480908651522	0.488641855969	0.565490575157	0.536007733204	0.555340744321	0.600773320445	0.805219913001	0.738037699372	0.621556307395	0.642822619623	0.614306428226	0.71532141131	0.679555340744	0.718221362977	0.690671822136	0.643789270179	0.636056065732	0.612373127115	0.824552924118	0.760270662156	0.79168680522	0.77767037216	0.755437409377	0.781053649106	0.690188496858	0.67133881102	0.686321894635	0.680038666022	0.673272112131	0.781536974384	0.679072015466	0.774770420493	0.620589656839	0.743837602707
AC8	0.578057032383	0.561140647656	0.913484775254	0.626389560174	0.674722087965	0.534557757371	0.69453842436	0.496375060416	0.478492025133	0.585306911551	0.534557757371	0.617206379894	0.588690188497	0.833736104398	0.632189463509	0.547124214596	0.503624939584	0.494925084582	0.841469308845	0.674722087965	0.369260512325	0.0	0.492025132914	0.490575157081	0.838569357177	0.55099081682	0.403093281779	0.366360560657	0.439342677622	0.457709038183	0.521991300145	0.470275495408	0.483325277912	0.525857902368	0.727887868536	0.655872402127	0.535041082649	0.566457225713	0.545674238763	0.635089415176	0.600289995167	0.678588690188	0.628806186564	0.581923634606	0.565007249879	0.540357660706	0.742870952151	0.669888835186	0.713388110198	0.693571773804	0.668438859352	0.697438376027	0.601256645723	0.585790236829	0.608506524891	0.594006766554	0.582406959884	0.695021749638	0.587240212663	0.695021749638	0.536007733204	0.659255679072
AD7	0.613823102948	0.579990333494	0.956500724988	0.656839052682	0.723537941034	0.533591106815	0.697438376027	0.505558240696	0.482841952634	0.595940067666	0.435959400677	0.653939101015	0.586756887385	0.874335427743	0.631706138231	0.564523924601	0.475592073465	0.465925567907	0.941517641373	0.763653939101	0.561623972934	0.492025132914	0.0	0.281778637023	0.896568390527	0.529241179314	0.434992750121	0.457225712905	0.516674722088	0.537457709038	0.503141614306	0.465925567907	0.479942000967	0.541324311261	0.75688738521	0.682455292412	0.510874818753	0.596423392943	0.555340744321	0.654422426293	0.610923151281	0.725954567424	0.68970517158	0.614306428226	0.576607056549	0.553407443209	0.758337361044	0.687771870469	0.731754470759	0.712421459642	0.685838569357	0.702754954084	0.622522957951	0.603189946834	0.61333977767	0.617206379894	0.59497341711	0.71290478492	0.605123247946	0.707104881585	0.562107298212	0.676172063799
AD8	0.597873368777	0.583856935718	0.952634122765	0.655389076849	0.714838086032	0.531657805703	0.688255195747	0.498791686805	0.4813919768	0.585306911551	0.432092798453	0.644755920735	0.595940067666	0.872402126631	0.639922667956	0.570807153214	0.481875302078	0.466408893185	0.932334461092	0.758337361044	0.563557274045	0.490575157081	0.281778637023	0.0	0.862735621073	0.49299178347	0.424842919285	0.453359110681	0.493958434026	0.5186080232	0.50459159014	0.479458675689	0.488641855969	0.539874335428	0.745770903818	0.670372160464	0.49540840986	0.581923634606	0.547124214596	0.637989366844	0.603189946834	0.723537941034	0.673755437409	0.603189946834	0.572740454326	0.552440792653	0.750604156597	0.681488641856	0.725954567424	0.70372160464	0.678588690188	0.697438376027	0.61333977767	0.594490091832	0.607056549058	0.608989850169	0.59497341711	0.706138231029	0.607539874335	0.705171580474	0.549057515708	0.67133881102
AE7	0.828902851619	0.880135331078	0.850169163847	0.790720154664	0.825036249396	0.876268728855	0.916384726921	0.899951667472	0.887385210246	0.903334944418	0.914934751087	0.84485258579	0.890285161914	0.826002899952	0.898985016916	0.842435959401	0.875785403577	0.862735621073	0.734171097148	0.728854519091	0.82406959884	0.838569357177	0.896568390527	0.862735621073	0.0	0.553407443209	0.880618656356	0.849202513291	0.771387143548	0.755920734654	0.836636056066	0.842919284679	0.899951667472	0.908651522475	0.928467858869	0.911551474142	0.920251329145	0.895118414693	0.911551474142	0.882551957467	0.895118414693	0.874818753021	0.878685355244	0.864185596907	0.937651039149	0.925567907202	0.889318511358	0.892218463026	0.906718221363	0.898985016916	0.904784920251	0.896568390527	0.887868535524	0.895118414693	0.898985016916	0.885935234413	0.896568390527	0.891735137748	0.90043499275	0.895118414693	0.913484775254	0.912518124698
AE8	0.595456742388	0.630256162397	0.892701788304	0.641855969067	0.696955050749	0.576123731271	0.69453842436	0.603673272112	0.587240212663	0.635572740454	0.621556307395	0.637989366844	0.64572257129	0.817786370227	0.700338327695	0.59497341711	0.600289995167	0.579507008217	0.812953117448	0.646205896568	0.570807153214	0.55099081682	0.529241179314	0.49299178347	0.553407443209	0.0	0.576123731271	0.555824069599	0.524891251812	0.515708071532	0.566457225713	0.558240695988	0.604639922668	0.612373127115	0.776703721605	0.706138231029	0.624456259062	0.605123247946	0.613823102948	0.667472208797	0.652005799903	0.713871435476	0.679072015466	0.612856452392	0.651039149348	0.631222812953	0.765587240213	0.707104881585	0.754470758821	0.718221362977	0.711938134364	0.736587723538	0.653939101015	0.643789270179	0.655872402127	0.650072498792	0.651522474625	0.728854519091	0.661672305462	0.723537941034	0.61333977767	0.705654905752
AF7	0.578057032383	0.556790720155	0.948284195263	0.653455775737	0.658772353794	0.494925084582	0.697438376027	0.442725954567	0.434509424843	0.589173513775	0.4398260029	0.593523441276	0.542774287095	0.86805219913	0.631706138231	0.541324311261	0.446592556791	0.422909618173	0.904784920251	0.732237796037	0.539874335428	0.403093281779	0.434992750121	0.424842919285	0.880618656356	0.576123731271	0.0	0.3194780087	0.491058482359	0.511358144031	0.484775253746	0.476075398743	0.42822619623	0.480908651522	0.686321894635	0.619623006283	0.444175930401	0.53697438376	0.49299178347	0.618656355727	0.549057515708	0.711454809087	0.663122281295	0.55775737071	0.526824552924	0.496858385694	0.676655389077	0.612856452392	0.665538907685	0.64572257129	0.616239729338	0.631706138231	0.552924117931	0.536491058482	0.55099081682	0.53697438376	0.559207346544	0.633639439343	0.549540840986	0.652005799903	0.490091831803	0.609956500725
AF8	0.564523924601	0.549540840986	0.927017883035	0.62735621073	0.680038666022	0.529241179314	0.694055099082	0.472692121798	0.466408893185	0.58337361044	0.504108264862	0.613823102948	0.565007249879	0.845335911068	0.623006283229	0.523441275979	0.465925567907	0.459159014016	0.880618656356	0.70130497825	0.50459159014	0.366360560657	0.457225712905	0.453359110681	0.849202513291	0.555824069599	0.3194780087	0.0	0.454325761237	0.469308844853	0.49540840986	0.460125664572	0.453842435959	0.517641372644	0.730304494925	0.658289028516	0.498308361527	0.560657322378	0.534557757371	0.610923151281	0.58095698405	0.690188496858	0.642822619623	0.574673755437	0.565973900435	0.535041082649	0.708071532141	0.646689221846	0.692605123248	0.676655389077	0.644272595457	0.663122281295	0.586756887385	0.570323827936	0.586273562107	0.570807153214	0.559690671822	0.663122281295	0.563557274045	0.676172063799	0.51619139681	0.638472692122
AG7	0.600773320445	0.588206863219	0.842919284679	0.545674238763	0.666022232963	0.544224262929	0.688255195747	0.509424842919	0.502174963751	0.58095698405	0.545190913485	0.616239729338	0.599323344611	0.762687288545	0.654905751571	0.566940550991	0.541324311261	0.534074432093	0.736587723538	0.542290961817	0.480908651522	0.439342677622	0.516674722088	0.493958434026	0.771387143548	0.524891251812	0.491058482359	0.454325761237	0.0	0.310778153697	0.55775737071	0.5186080232	0.519574673755	0.567907201547	0.738037699372	0.658289028516	0.541324311261	0.568390526825	0.562107298212	0.632672788787	0.606089898502	0.674722087965	0.625906234896	0.566457225713	0.599806669889	0.581440309328	0.74528757854	0.670372160464	0.711938134364	0.695988400193	0.664572257129	0.693571773804	0.620589656839	0.608989850169	0.622039632673	0.611406476559	0.616723054616	0.699855002417	0.629289511841	0.692605123248	0.580473658772	0.661188980184
AG8	0.587240212663	0.59255679072	0.838569357177	0.5601739971	0.679072015466	0.550024166264	0.686321894635	0.547124214596	0.533107781537	0.594490091832	0.572257129048	0.623972933784	0.605606573224	0.741904301595	0.664088931851	0.564040599323	0.559690671822	0.553407443209	0.702754954084	0.546157564041	0.488641855969	0.457709038183	0.537457709038	0.5186080232	0.755920734654	0.515708071532	0.511358144031	0.469308844853	0.310778153697	0.0	0.554374093765	0.520057999033	0.551474142098	0.588690188497	0.754470758821	0.677622039633	0.565007249879	0.584823586274	0.580473658772	0.645239246013	0.611406476559	0.672788786854	0.643305944901	0.584823586274	0.609956500725	0.595456742388	0.761720637989	0.688738521025	0.727404543258	0.705654905752	0.68970517158	0.706621556307	0.637989366844	0.625906234896	0.634606089899	0.630739487675	0.625422909618	0.712421459642	0.642822619623	0.70372160464	0.59255679072	0.674238762687
AH7	0.599323344611	0.625422909618	0.951667472209	0.68970517158	0.70130497825	0.576607056549	0.720154664089	0.55099081682	0.540840985984	0.6389560174	0.528274528758	0.647655872402	0.63653939101	0.8796520058	0.686321894635	0.588690188497	0.515224746254	0.474142097632	0.883035282745	0.732237796037	0.565490575157	0.521991300145	0.503141614306	0.50459159014	0.836636056066	0.566457225713	0.484775253746	0.49540840986	0.55775737071	0.554374093765	0.0	0.34267762204	0.564523924601	0.614789753504	0.782020299662	0.716771387144	0.555824069599	0.64813919768	0.607539874335	0.672788786854	0.643305944901	0.76848719188	0.734171097148	0.659255679072	0.638472692122	0.618656355727	0.76848719188	0.711454809087	0.74770420493	0.729821169647	0.705171580474	0.726437892702	0.637506041566	0.620106331561	0.631222812953	0.630256162397	0.625906234896	0.729337844369	0.635572740454	0.720154664089	0.60657322378	0.710004833253
AH8	0.569840502658	0.575640405993	0.954567423876	0.64813919768	0.667955534074	0.519091348478	0.690671822136	0.500241662639	0.482358627356	0.597390043499	0.507974867086	0.609956500725	0.570323827936	0.871918801353	0.635089415176	0.533107781537	0.424842919285	0.380860318995	0.895118414693	0.735621072982	0.536007733204	0.470275495408	0.465925567907	0.479458675689	0.842919284679	0.558240695988	0.476075398743	0.460125664572	0.5186080232	0.520057999033	0.34267762204	0.0	0.489125181247	0.550024166264	0.752537457709	0.680038666022	0.534557757371	0.603673272112	0.549540840986	0.629772837119	0.593523441276	0.727404543258	0.688255195747	0.613823102948	0.58337361044	0.555340744321	0.723054615756	0.658772353794	0.705654905752	0.680038666022	0.655389076849	0.674722087965	0.586273562107	0.566940550991	0.581923634606	0.576123731271	0.561623972934	0.676172063799	0.576123731271	0.675688738521	0.549057515708	0.654905751571
AA5	0.601739971	0.521024649589	0.960850652489	0.649589173514	0.603189946834	0.463992266796	0.626872885452	0.40502658289	0.398743354277	0.529241179314	0.443692605123	0.544224262929	0.522957950701	0.873368777187	0.545674238763	0.529241179314	0.434992750121	0.423876268729	0.927017883035	0.76848719188	0.555340744321	0.483325277912	0.479942000967	0.488641855969	0.899951667472	0.604639922668	0.42822619623	0.453842435959	0.519574673755	0.551474142098	0.564523924601	0.489125181247	0.0	0.350410826486	0.677138714355	0.58337361044	0.476075398743	0.462058965684	0.47220879652	0.550024166264	0.498791686805	0.630739487675	0.588206863219	0.480908651522	0.531174480425	0.480425326245	0.706621556307	0.63653939101	0.664088931851	0.640889318511	0.644755920735	0.669405509908	0.541324311261	0.558724021266	0.57177380377	0.550507491542	0.543740937651	0.663605606573	0.548090865152	0.648622522958	0.503141614306	0.625906234896
AA6	0.611889801837	0.530691155147	0.964233929435	0.661672305462	0.634606089899	0.48380860319	0.650072498792	0.455775737071	0.464958917351	0.551474142098	0.508458192363	0.573707104882	0.529724504592	0.878685355244	0.578540357661	0.53697438376	0.490091831803	0.482358627356	0.940550990817	0.77090381827	0.600773320445	0.525857902368	0.541324311261	0.539874335428	0.908651522475	0.612373127115	0.480908651522	0.517641372644	0.567907201547	0.588690188497	0.614789753504	0.550024166264	0.350410826486	0.0	0.672305461576	0.577090381827	0.524891251812	0.494925084582	0.477042049299	0.574673755437	0.496375060416	0.67133881102	0.619623006283	0.515708071532	0.464475592073	0.421942967617	0.695988400193	0.630256162397	0.660222329628	0.640889318511	0.635572740454	0.661188980184	0.543740937651	0.55099081682	0.567907201547	0.545190913485	0.54857419043	0.652005799903	0.553890768487	0.645239246013	0.500241662639	0.622039632673
AB5	0.74770420493	0.677138714355	0.974383760271	0.720154664089	0.632672788787	0.636056065732	0.729337844369	0.646689221846	0.658289028516	0.690188496858	0.676172063799	0.609473175447	0.665055582407	0.897051715805	0.709038182697	0.696955050749	0.702754954084	0.690671822136	0.94441759304	0.808603189947	0.805219913001	0.727887868536	0.75688738521	0.745770903818	0.928467858869	0.776703721605	0.686321894635	0.730304494925	0.738037699372	0.754470758821	0.782020299662	0.752537457709	0.677138714355	0.672305461576	0.0	0.314644755921	0.619139681005	0.654905751571	0.62493958434	0.628322861286	0.595940067666	0.740454325761	0.720637989367	0.642339294345	0.626389560174	0.620589656839	0.618173030449	0.606089898502	0.61575640406	0.594490091832	0.619623006283	0.606089898502	0.59497341711	0.607056549058	0.608989850169	0.603673272112	0.666988883519	0.587723537941	0.649105848236	0.597873368777	0.664088931851	0.616239729338
AB6	0.679072015466	0.597390043499	0.964717254712	0.654422426293	0.592073465442	0.556790720155	0.666505558241	0.562107298212	0.579990333494	0.609956500725	0.609956500725	0.525857902368	0.602706621556	0.884485258579	0.639922667956	0.620106331561	0.641372643789	0.627839536008	0.928467858869	0.763170613823	0.738037699372	0.655872402127	0.682455292412	0.670372160464	0.911551474142	0.706138231029	0.619623006283	0.658289028516	0.658289028516	0.677622039633	0.716771387144	0.680038666022	0.58337361044	0.577090381827	0.314644755921	0.0	0.550024166264	0.566457225713	0.558240695988	0.55775737071	0.521991300145	0.675205413243	0.639922667956	0.52779120348	0.555824069599	0.540357660706	0.608989850169	0.550507491542	0.573707104882	0.554374093765	0.563557274045	0.583856935718	0.526341227646	0.556790720155	0.556790720155	0.55099081682	0.594490091832	0.5601739971	0.584340260996	0.562107298212	0.608506524891	0.546640889319
AC5	0.622039632673	0.580473658772	0.974383760271	0.655872402127	0.629289511841	0.473658772354	0.68293861769	0.45142580957	0.441275978734	0.581440309328	0.421942967617	0.550507491542	0.542774287095	0.889801836636	0.640405993233	0.579990333494	0.46302561624	0.448525857902	0.94441759304	0.776703721605	0.621556307395	0.535041082649	0.510874818753	0.49540840986	0.920251329145	0.624456259062	0.444175930401	0.498308361527	0.541324311261	0.565007249879	0.555824069599	0.534557757371	0.476075398743	0.524891251812	0.619139681005	0.550024166264	0.0	0.449492508458	0.463508941518	0.585306911551	0.53697438376	0.72450459159	0.661188980184	0.551474142098	0.487675205413	0.46979217013	0.609956500725	0.556790720155	0.601739971	0.570323827936	0.557274045433	0.578057032383	0.502658289029	0.491541807637	0.503624939584	0.498308361527	0.578057032383	0.573223779604	0.573707104882	0.57177380377	0.50459159014	0.549540840986
AC6	0.637022716288	0.523441275979	0.952634122765	0.636056065732	0.58337361044	0.511358144031	0.54857419043	0.480908651522	0.516674722088	0.469308844853	0.553890768487	0.548090865152	0.546157564041	0.860318994683	0.54857419043	0.558240695988	0.563557274045	0.552440792653	0.91203479942	0.740937651039	0.642822619623	0.566457225713	0.596423392943	0.581923634606	0.895118414693	0.605123247946	0.53697438376	0.560657322378	0.568390526825	0.584823586274	0.64813919768	0.603673272112	0.462058965684	0.494925084582	0.654905751571	0.566457225713	0.449492508458	0.0	0.514258095698	0.520057999033	0.515224746254	0.491058482359	0.433059449009	0.429192846786	0.558724021266	0.541807636539	0.676655389077	0.629772837119	0.652005799903	0.619623006283	0.634122764621	0.656355727405	0.58337361044	0.570323827936	0.584340260996	0.56935717738	0.564040599323	0.641855969067	0.559207346544	0.626389560174	0.543740937651	0.623489608507
AD6	0.612373127115	0.53020782987	0.974383760271	0.628806186564	0.590140164331	0.431126147898	0.625422909618	0.434509424843	0.436926051232	0.533591106815	0.466408893185	0.514258095698	0.517641372644	0.885935234413	0.594006766554	0.539874335428	0.48622522958	0.47220879652	0.946350894152	0.771387143548	0.614306428226	0.545674238763	0.555340744321	0.547124214596	0.911551474142	0.613823102948	0.49299178347	0.534557757371	0.562107298212	0.580473658772	0.607539874335	0.549540840986	0.47220879652	0.477042049299	0.62493958434	0.558240695988	0.463508941518	0.514258095698	0.0	0.535524407927	0.407926534558	0.698405026583	0.651522474625	0.531657805703	0.483325277912	0.455292411793	0.605123247946	0.548090865152	0.572257129048	0.55775737071	0.554374093765	0.576607056549	0.467858869019	0.466408893185	0.482358627356	0.46060898985	0.539874335428	0.581923634606	0.535041082649	0.574190430159	0.454325761237	0.545190913485
AE5	0.621072982117	0.53939101015	0.975350410826	0.623489608507	0.554374093765	0.537941034316	0.59255679072	0.535524407927	0.594490091832	0.532624456259	0.619623006283	0.517641372644	0.582406959884	0.883518608023	0.558724021266	0.567907201547	0.60657322378	0.602223296278	0.930401159981	0.759787336878	0.71532141131	0.635089415176	0.654422426293	0.637989366844	0.882551957467	0.667472208797	0.618656355727	0.610923151281	0.632672788787	0.645239246013	0.672788786854	0.629772837119	0.550024166264	0.574673755437	0.628322861286	0.55775737071	0.585306911551	0.520057999033	0.535524407927	0.0	0.368293861769	0.609956500725	0.582406959884	0.520057999033	0.629772837119	0.618173030449	0.657805703238	0.609956500725	0.620589656839	0.59497341711	0.631706138231	0.646205896568	0.546640889319	0.568873852102	0.597873368777	0.561140647656	0.562107298212	0.631222812953	0.5601739971	0.60657322378	0.565007249879	0.61333977767
AE6	0.610439826003	0.497341710971	0.972933784437	0.614789753504	0.549540840986	0.477042049299	0.584340260996	0.47220879652	0.521991300145	0.520541324311	0.535524407927	0.498308361527	0.506524891252	0.885451909135	0.559690671822	0.529241179314	0.545190913485	0.533591106815	0.930884485259	0.755437409377	0.679555340744	0.600289995167	0.610923151281	0.603189946834	0.895118414693	0.652005799903	0.549057515708	0.58095698405	0.606089898502	0.611406476559	0.643305944901	0.593523441276	0.498791686805	0.496375060416	0.595940067666	0.521991300145	0.53697438376	0.515224746254	0.407926534558	0.368293861769	0.0	0.658289028516	0.610923151281	0.488158530691	0.547124214596	0.538424359594	0.62735621073	0.567907201547	0.590623489609	0.566940550991	0.582406959884	0.601256645723	0.494441759304	0.488158530691	0.506524891252	0.477525374577	0.521024649589	0.590623489609	0.519574673755	0.577090381827	0.500724987917	0.564523924601
AF5	0.717254712421	0.629289511841	0.934267762204	0.662638956017	0.662155630739	0.685838569357	0.563073948768	0.646689221846	0.690188496858	0.586756887385	0.729337844369	0.643305944901	0.686805219913	0.845335911068	0.599323344611	0.67133881102	0.726437892702	0.72450459159	0.870952150797	0.720637989367	0.718221362977	0.678588690188	0.725954567424	0.723537941034	0.874818753021	0.713871435476	0.711454809087	0.690188496858	0.674722087965	0.672788786854	0.76848719188	0.727404543258	0.630739487675	0.67133881102	0.740454325761	0.675205413243	0.72450459159	0.491058482359	0.698405026583	0.609956500725	0.658289028516	0.0	0.291928467859	0.542290961817	0.739004349928	0.722087965201	0.766553890768	0.719671338811	0.737554374094	0.715804736588	0.735621072982	0.748670855486	0.708071532141	0.720637989367	0.731754470759	0.707588206863	0.682455292412	0.735137747704	0.679072015466	0.717254712421	0.715804736588	0.723054615756
AF6	0.683905268246	0.579990333494	0.938134364427	0.643789270179	0.640405993233	0.634122764621	0.534557757371	0.603189946834	0.641855969067	0.540840985984	0.680038666022	0.611889801837	0.633156114065	0.852102464959	0.551957467376	0.626872885452	0.678588690188	0.677622039633	0.880618656356	0.720154664089	0.690671822136	0.628806186564	0.68970517158	0.673755437409	0.878685355244	0.679072015466	0.663122281295	0.642822619623	0.625906234896	0.643305944901	0.734171097148	0.688255195747	0.588206863219	0.619623006283	0.720637989367	0.639922667956	0.661188980184	0.433059449009	0.651522474625	0.582406959884	0.610923151281	0.291928467859	0.0	0.497825036249	0.689221846303	0.675205413243	0.751087481875	0.694055099082	0.716771387144	0.688738521025	0.699371677139	0.729337844369	0.662155630739	0.67133881102	0.681488641856	0.664572257129	0.633156114065	0.713871435476	0.634606089899	0.691638472692	0.670855485742	0.686321894635
