	AA3	AA4	AB3	AB4	AC3	AC4	AD3	AD4	AE3	AE4	AF3	AF4	AG3	AG4	AH3	AH4	AA7	AA8	AB7	AB8	AC7	AC8	AD7	AD8	AE7	AE8	AF7	AF8	AG7	AG8	AH7	AH8	AA5	AA6	AB5	AB6	AC5	AC6	AD6	AE5	AE6	AF5	AF6	AG5	AH5	AH6	AA1	AA2	AB1	AB2	AC1	AC2	AD1	AD2	AE1	AE2	AF1	AF2	AG1	AG2	AH1	AH2
AA3	0.0	0.504108264862	0.930401159981	0.645239246013	0.660222329628	0.582890285162	0.686805219913	0.598356694055	0.578540357661	0.621072982117	0.612856452392	0.605606573224	0.598840019333	0.847752537458	0.670855485742	0.34026099565	0.594006766554	0.587240212663	0.869018849686	0.717738037699	0.619139681005	0.579507008217	0.598840019333	0.593523441276	0.832286128565	0.588206863219	0.574673755437	0.575157080715	0.596423392943	0.591590140164	0.589656839053	0.567423876269	0.59497341711	0.602223296278	0.741420976317	0.696471725471	0.61333977767	0.627839536008	0.608506524891	0.635089415176	0.612856452392	0.71290478492	0.697438376027	0.627839536008	0.630256162397	0.621072982117	0.693571773804	0.655389076849	0.734171097148	0.662638956017	0.650072498792	0.680038666022	0.587723537941	0.567423876269	0.577090381827	0.575640405993	0.589656839053	0.669405509908	0.58095698405	0.67133881102	0.580473658772	0.637506041566
AA4	0.504108264862	0.0	0.948284195263	0.594490091832	0.573223779604	0.502658289029	0.595456742388	0.494441759304	0.505558240696	0.517158047366	0.55099081682	0.519091348478	0.478008699855	0.85886901885	0.381826969551	0.374577090382	0.533591106815	0.528757854036	0.887868535524	0.719671338811	0.656355727405	0.572740454326	0.59497341711	0.580473658772	0.869502174964	0.608506524891	0.540840985984	0.57177380377	0.612856452392	0.623489608507	0.631706138231	0.599806669889	0.50700821653	0.511841469309	0.65055582407	0.599323344611	0.578057032383	0.509908168197	0.520541324311	0.543740937651	0.48380860319	0.623972933784	0.610923151281	0.507491541808	0.57177380377	0.561623972934	0.648622522958	0.585306911551	0.641855969067	0.59255679072	0.599806669889	0.637506041566	0.526824552924	0.51619139681	0.526341227646	0.515708071532	0.49540840986	0.623489608507	0.507974867086	0.593523441276	0.530691155147	0.56935717738
AB3	0.930401159981	0.948284195263	0.0	0.679555340744	0.912518124698	0.950217496375	0.954567423876	0.946350894152	0.934751087482	0.948284195263	0.969550507492	0.930401159981	0.9584340261	0.352344127598	0.959400676655	0.937651039149	0.972933784437	0.968583856936	0.739487675205	0.749154180764	0.883035282745	0.908651522475	0.963267278879	0.949250845819	0.852585790237	0.899951667472	0.934751087482	0.937651039149	0.834219429676	0.840985983567	0.952634122765	0.952634122765	0.956500724988	0.963267278879	0.971483808603	0.961333977767	0.971000483325	0.951667472209	0.970517158047	0.970033832769	0.969550507492	0.925567907202	0.928951184147	0.942967617206	0.975833736104	0.972450459159	0.970033832769	0.968583856936	0.966650555824	0.968100531658	0.970033832769	0.968583856936	0.971967133881	0.971967133881	0.974867085549	0.971483808603	0.96761720638	0.968100531658	0.968100531658	0.970517158047	0.972933784437	0.970517158047
AB4	0.645239246013	0.594490091832	0.679555340744	0.0	0.636056065732	0.615273078782	0.702271628806	0.62493958434	0.623972933784	0.634122764621	0.647655872402	0.610439826003	0.492025132914	0.563073948768	0.627839536008	0.587723537941	0.637506041566	0.637989366844	0.72692121798	0.570807153214	0.656355727405	0.622039632673	0.674238762687	0.647172547124	0.790720154664	0.63653939101	0.638472692122	0.639439342678	0.552440792653	0.590623489609	0.695505074915	0.666988883519	0.640405993233	0.655872402127	0.714838086032	0.675205413243	0.664088931851	0.637989366844	0.631706138231	0.635089415176	0.619623006283	0.660705654906	0.667472208797	0.633156114065	0.687288545191	0.676172063799	0.70372160464	0.667955534074	0.703238279362	0.655389076849	0.677138714355	0.687771870469	0.638472692122	0.645239246013	0.663605606573	0.642339294345	0.635572740454	0.675205413243	0.636056065732	0.66892218463	0.652972450459	0.666988883519
AC3	0.660222329628	0.573223779604	0.912518124698	0.636056065732	0.0	0.489125181247	0.65055582407	0.572257129048	0.576607056549	0.580473658772	0.620589656839	0.313194780087	0.600289995167	0.825036249396	0.618656355727	0.605606573224	0.61333977767	0.602223296278	0.868535524408	0.765587240213	0.724987916868	0.671822136298	0.729821169647	0.710004833253	0.82648622523	0.679072015466	0.663605606573	0.688255195747	0.676172063799	0.69212179797	0.70130497825	0.674722087965	0.618173030449	0.634606089899	0.623489608507	0.596906718221	0.631222812953	0.580473658772	0.572740454326	0.567907201547	0.563073948768	0.662638956017	0.660222329628	0.558240695988	0.645239246013	0.637989366844	0.594006766554	0.603189946834	0.601256645723	0.577573707105	0.609473175447	0.598356694055	0.548090865152	0.573707104882	0.585790236829	0.565007249879	0.625906234896	0.594006766554	0.62493958434	0.603189946834	0.612856452392	0.589173513775
AC4	0.582890285162	0.502658289029	0.950217496375	0.615273078782	0.489125181247	0.0	0.627839536008	0.420009666506	0.414693088449	0.498791686805	0.347994200097	0.420976317061	0.50700821653	0.858385693572	0.579507008217	0.535041082649	0.484775253746	0.478008699855	0.929917834703	0.750604156597	0.59497341711	0.541807636539	0.543740937651	0.531174480425	0.89125181247	0.574673755437	0.514258095698	0.524891251812	0.552924117931	0.56935717738	0.592073465442	0.547607539874	0.47462542291	0.479458675689	0.641855969067	0.580473658772	0.475108748188	0.500241662639	0.427259545674	0.558240695988	0.491058482359	0.674722087965	0.668438859352	0.518124697922	0.501208313195	0.482841952634	0.63653939101	0.581923634606	0.607056549058	0.579990333494	0.589656839053	0.623972933784	0.502658289029	0.509908168197	0.51619139681	0.509908168197	0.540357660706	0.607056549058	0.556790720155	0.573707104882	0.464475592073	0.562107298212
AD3	0.686805219913	0.595456742388	0.954567423876	0.702271628806	0.65055582407	0.627839536008	0.0	0.553890768487	0.648622522958	0.358627356211	0.6805219913	0.602706621556	0.64813919768	0.86805219913	0.583856935718	0.643305944901	0.694055099082	0.688738521025	0.938617689705	0.761720637989	0.734171097148	0.706621556307	0.71290478492	0.698888351861	0.913484775254	0.679072015466	0.707588206863	0.712421459642	0.699855002417	0.692605123248	0.731754470759	0.706138231029	0.638472692122	0.658772353794	0.734171097148	0.673755437409	0.69212179797	0.538907684872	0.635089415176	0.572257129048	0.581923634606	0.543257612373	0.530691155147	0.550507491542	0.706138231029	0.696471725471	0.762687288545	0.716771387144	0.735137747704	0.705171580474	0.719671338811	0.745770903818	0.661188980184	0.669405509908	0.685355244079	0.664572257129	0.643305944901	0.738037699372	0.642339294345	0.704688255196	0.697921701305	0.704688255196
AD4	0.598356694055	0.494441759304	0.946350894152	0.62493958434	0.572257129048	0.420009666506	0.553890768487	0.0	0.321411309812	0.413243112615	0.424359594007	0.511358144031	0.506041565974	0.85645239246	0.565973900435	0.514258095698	0.457709038183	0.452875785404	0.935717738038	0.757370710488	0.582406959884	0.503141614306	0.508458192363	0.478008699855	0.900918318028	0.588206863219	0.450942484292	0.466892218463	0.510874818753	0.572740454326	0.540840985984	0.508458192363	0.415659739004	0.446109231513	0.647655872402	0.585306911551	0.457225712905	0.480908651522	0.424359594007	0.572740454326	0.494441759304	0.660705654906	0.64813919768	0.507491541808	0.489608506525	0.459159014016	0.662638956017	0.602706621556	0.637022716288	0.615273078782	0.614789753504	0.644272595457	0.522957950701	0.519091348478	0.529241179314	0.52537457709	0.531174480425	0.632189463509	0.542774287095	0.608506524891	0.50459159014	0.594006766554
AE3	0.578540357661	0.505558240696	0.934751087482	0.623972933784	0.576607056549	0.414693088449	0.648622522958	0.321411309812	0.0	0.50459159014	0.392943450942	0.517641372644	0.508941517641	0.84726921218	0.568390526825	0.519091348478	0.444659255679	0.440309328178	0.927501208313	0.751087481875	0.553407443209	0.479458675689	0.478008699855	0.461092315128	0.896085065249	0.582406959884	0.434509424843	0.457709038183	0.505074915418	0.566940550991	0.538424359594	0.494441759304	0.401159980667	0.445625906235	0.667955534074	0.611889801837	0.450942484292	0.503624939584	0.443209279845	0.608989850169	0.537457709038	0.679072015466	0.668438859352	0.523924601257	0.495891735138	0.458675688739	0.67133881102	0.609956500725	0.645239246013	0.626872885452	0.620106331561	0.65732237796	0.534074432093	0.538424359594	0.540840985984	0.545190913485	0.538907684872	0.646689221846	0.565490575157	0.619623006283	0.494925084582	0.602706621556
AE4	0.621072982117	0.517158047366	0.948284195263	0.634122764621	0.580473658772	0.498791686805	0.358627356211	0.413243112615	0.50459159014	0.0	0.561623972934	0.530691155147	0.561140647656	0.861285645239	0.544707588207	0.562107298212	0.575157080715	0.572257129048	0.933784436926	0.753504108265	0.654422426293	0.585790236829	0.604639922668	0.58095698405	0.904784920251	0.603673272112	0.575640405993	0.576607056549	0.592073465442	0.60415659739	0.639922667956	0.609956500725	0.515224746254	0.53697438376	0.670372160464	0.614306428226	0.566457225713	0.445142580957	0.519574673755	0.520541324311	0.491058482359	0.574673755437	0.563073948768	0.496375060416	0.585790236829	0.574673755437	0.700338327695	0.649589173514	0.684388593523	0.658289028516	0.659255679072	0.685355244079	0.579507008217	0.581440309328	0.58337361044	0.583856935718	0.564040599323	0.668438859352	0.581923634606	0.652489125181	0.575640405993	0.635089415176
AF3	0.612856452392	0.55099081682	0.969550507492	0.647655872402	0.620589656839	0.347994200097	0.6805219913	0.424359594007	0.392943450942	0.561623972934	0.0	0.539874335428	0.525857902368	0.882551957467	0.608506524891	0.567907201547	0.446109231513	0.429676172064	0.95360077332	0.776703721605	0.584823586274	0.529241179314	0.454325761237	0.446592556791	0.915418076365	0.604639922668	0.448042532624	0.486708554857	0.540357660706	0.596906718221	0.527307878202	0.488158530691	0.440792653456	0.487675205413	0.677622039633	0.634606089899	0.427742870952	0.542290961817	0.453842435959	0.621072982117	0.546640889319	0.714838086032	0.708554857419	0.555340744321	0.505074915418	0.47220879652	0.671822136298	0.613823102948	0.662638956017	0.617689705172	0.622039632673	0.653939101015	0.548090865152	0.529724504592	0.535524407927	0.534074432093	0.559690671822	0.643305944901	0.576123731271	0.609473175447	0.479942000967	0.598356694055
AF4	0.605606573224	0.519091348478	0.930401159981	0.610439826003	0.313194780087	0.420976317061	0.602706621556	0.511358144031	0.517641372644	0.530691155147	0.539874335428	0.0	0.547607539874	0.843402609957	0.579023682939	0.544224262929	0.561623972934	0.552440792653	0.883035282745	0.725954567424	0.695988400193	0.636056065732	0.668438859352	0.641372643789	0.84485258579	0.628806186564	0.606089898502	0.631706138231	0.627839536008	0.64813919768	0.664572257129	0.632672788787	0.56259062349	0.579990333494	0.596906718221	0.535524407927	0.566940550991	0.537941034316	0.521991300145	0.523441275979	0.51377477042	0.623972933784	0.620589656839	0.51377477042	0.568873852102	0.565007249879	0.580473658772	0.536007733204	0.571290478492	0.527307878202	0.550507491542	0.565007249879	0.488641855969	0.508941517641	0.528757854036	0.512324794587	0.576607056549	0.559207346544	0.580473658772	0.537941034316	0.558240695988	0.524407926535
AG3	0.598840019333	0.478008699855	0.9584340261	0.492025132914	0.600289995167	0.50700821653	0.64813919768	0.506041565974	0.508941517641	0.561140647656	0.525857902368	0.547607539874	0.0	0.843885935234	0.531657805703	0.519574673755	0.506041565974	0.50459159014	0.927017883035	0.752054132431	0.667955534074	0.594006766554	0.597390043499	0.593523441276	0.884485258579	0.628322861286	0.556790720155	0.587723537941	0.620106331561	0.632189463509	0.641855969067	0.598840019333	0.548090865152	0.538907684872	0.645239246013	0.609956500725	0.545190913485	0.547124214596	0.499758337361	0.576123731271	0.524891251812	0.669888835186	0.65973900435	0.538424359594	0.55775737071	0.550507491542	0.607056549058	0.567423876269	0.622522957951	0.582406959884	0.574190430159	0.600289995167	0.506041565974	0.520541324311	0.538907684872	0.513291445143	0.537941034316	0.601739971	0.555824069599	0.576123731271	0.513291445143	0.564523924601
AG4	0.847752537458	0.85886901885	0.352344127598	0.563073948768	0.825036249396	0.858385693572	0.86805219913	0.85645239246	0.84726921218	0.861285645239	0.882551957467	0.843402609957	0.843885935234	0.0	0.871918801353	0.848235862736	0.88883518608	0.884001933301	0.710004833253	0.672788786854	0.801353310778	0.82165297245	0.878685355244	0.862735621073	0.823586273562	0.813919768004	0.851619139681	0.854519091348	0.751570807153	0.754954084099	0.880618656356	0.867085548574	0.872885451909	0.877718704688	0.896568390527	0.884001933301	0.89125181247	0.862252295795	0.882068632189	0.878202029966	0.878202029966	0.836636056066	0.842435959401	0.85886901885	0.892701788304	0.88883518608	0.881101981634	0.880618656356	0.882068632189	0.881585306912	0.886901884969	0.885935234413	0.885935234413	0.884485258579	0.889318511358	0.885451909135	0.883035282745	0.886418559691	0.883518608023	0.884001933301	0.886901884969	0.884001933301
AH3	0.670855485742	0.381826969551	0.959400676655	0.627839536008	0.618656355727	0.579507008217	0.583856935718	0.565973900435	0.568390526825	0.544707588207	0.608506524891	0.579023682939	0.531657805703	0.871918801353	0.0	0.531174480425	0.601739971	0.599323344611	0.933784436926	0.762687288545	0.711454809087	0.642339294345	0.648622522958	0.639922667956	0.903334944418	0.686805219913	0.6389560174	0.651522474625	0.674238762687	0.689221846303	0.698405026583	0.662155630739	0.550024166264	0.58095698405	0.712421459642	0.659255679072	0.653939101015	0.558240695988	0.589656839053	0.570323827936	0.555824069599	0.608023199613	0.594490091832	0.5601739971	0.651039149348	0.634122764621	0.706621556307	0.632189463509	0.658289028516	0.646205896568	0.648622522958	0.684388593523	0.612856452392	0.610439826003	0.611406476559	0.611889801837	0.580473658772	0.677622039633	0.576123731271	0.644272595457	0.600773320445	0.623006283229
AH4	0.34026099565	0.374577090382	0.937651039149	0.587723537941	0.605606573224	0.535041082649	0.643305944901	0.514258095698	0.519091348478	0.562107298212	0.567907201547	0.544224262929	0.519574673755	0.848235862736	0.531174480425	0.0	0.544224262929	0.541324311261	0.873368777187	0.718221362977	0.628806186564	0.565007249879	0.579507008217	0.55775737071	0.845335911068	0.585790236829	0.53939101015	0.552440792653	0.58095698405	0.598840019333	0.594006766554	0.564040599323	0.533591106815	0.537941034316	0.694055099082	0.642822619623	0.597390043499	0.563557274045	0.534557757371	0.567907201547	0.530691155147	0.661672305462	0.650072498792	0.556790720155	0.587240212663	0.577573707105	0.667955534074	0.611889801837	0.679555340744	0.61333977767	0.616723054616	0.64813919768	0.531657805703	0.53020782987	0.551474142098	0.532141130981	0.51619139681	0.633156114065	0.507491541808	0.62735621073	0.545674238763	0.599323344611
AA7	0.594006766554	0.533591106815	0.972933784437	0.637506041566	0.61333977767	0.484775253746	0.694055099082	0.457709038183	0.444659255679	0.575157080715	0.446109231513	0.561623972934	0.506041565974	0.88883518608	0.601739971	0.544224262929	0.0	0.286128564524	0.9212179797	0.762203963267	0.599323344611	0.509424842919	0.503141614306	0.498791686805	0.871435476075	0.587723537941	0.467375543741	0.491058482359	0.537457709038	0.593523441276	0.541324311261	0.449492508458	0.431126147898	0.461575640406	0.691638472692	0.654905751571	0.490575157081	0.55099081682	0.466408893185	0.608989850169	0.543257612373	0.716771387144	0.707588206863	0.570323827936	0.520057999033	0.500724987917	0.65055582407	0.598840019333	0.667955534074	0.61333977767	0.59255679072	0.628322861286	0.509908168197	0.513291445143	0.523441275979	0.513291445143	0.535041082649	0.610439826003	0.544224262929	0.617206379894	0.492025132914	0.579507008217
AA8	0.587240212663	0.528757854036	0.968583856936	0.637989366844	0.602223296278	0.478008699855	0.688738521025	0.452875785404	0.440309328178	0.572257129048	0.429676172064	0.552440792653	0.50459159014	0.884001933301	0.599323344611	0.541324311261	0.286128564524	0.0	0.920734654422	0.757854035766	0.58337361044	0.492508458192	0.490575157081	0.482841952634	0.862252295795	0.581923634606	0.447559207347	0.477042049299	0.532141130981	0.589656839053	0.480908651522	0.386176897052	0.436442725955	0.476075398743	0.693571773804	0.655389076849	0.480908651522	0.555340744321	0.465925567907	0.605123247946	0.542290961817	0.717738037699	0.707104881585	0.570807153214	0.520057999033	0.500241662639	0.6389560174	0.596423392943	0.662155630739	0.609473175447	0.591106814886	0.614306428226	0.505074915418	0.503141614306	0.518124697922	0.506041565974	0.530691155147	0.605123247946	0.547124214596	0.620106331561	0.491058482359	0.579507008217
AB7	0.869018849686	0.887868535524	0.739487675205	0.72692121798	0.868535524408	0.929917834703	0.938617689705	0.935717738038	0.927501208313	0.933784436926	0.95360077332	0.883035282745	0.927017883035	0.710004833253	0.933784436926	0.873368777187	0.9212179797	0.920734654422	0.0	0.418559690672	0.798936684389	0.839052682455	0.937651039149	0.919768003867	0.740937651039	0.828419526341	0.894151764137	0.887868535524	0.731271145481	0.711938134364	0.885935234413	0.90043499275	0.927501208313	0.940067665539	0.93523441276	0.933301111648	0.951667472209	0.915418076365	0.952634122765	0.929917834703	0.93523441276	0.875302078299	0.881101981634	0.899468342194	0.95601739971	0.956500724988	0.925567907202	0.924117931368	0.940067665539	0.92363460609	0.930401159981	0.923151280812	0.919284678589	0.911551474142	0.919768003867	0.913001449976	0.928467858869	0.920251329145	0.918801353311	0.933301111648	0.947800869986	0.925567907202
AB8	0.717738037699	0.719671338811	0.749154180764	0.570807153214	0.765587240213	0.750604156597	0.761720637989	0.757370710488	0.751087481875	0.753504108265	0.776703721605	0.725954567424	0.752054132431	0.672788786854	0.762687288545	0.718221362977	0.762203963267	0.757854035766	0.418559690672	0.0	0.632672788787	0.667955534074	0.755920734654	0.739487675205	0.732721121315	0.657805703238	0.717738037699	0.706621556307	0.523441275979	0.512324794587	0.736587723538	0.739004349928	0.757370710488	0.764620589657	0.802803286612	0.766070565491	0.769937167714	0.734654422426	0.769937167714	0.761237312711	0.752537457709	0.712421459642	0.711454809087	0.720637989367	0.784920251329	0.782986950217	0.819719671339	0.760753987434	0.808119864669	0.774770420493	0.77090381827	0.798453359111	0.764137264379	0.755920734654	0.764137264379	0.756404059932	0.752054132431	0.789753504108	0.7593040116	0.758820686322	0.774770420493	0.758337361044
AC7	0.619139681005	0.656355727405	0.883035282745	0.656355727405	0.724987916868	0.59497341711	0.734171097148	0.582406959884	0.553407443209	0.654422426293	0.584823586274	0.695988400193	0.667955534074	0.801353310778	0.711454809087	0.628806186564	0.599323344611	0.58337361044	0.798936684389	0.632672788787	0.0	0.364427259546	0.565973900435	0.5601739971	0.818269695505	0.580473658772	0.539874335428	0.515708071532	0.472692121798	0.492025132914	0.56935717738	0.53939101015	0.563557274045	0.596906718221	0.805219913001	0.757370710488	0.624456259062	0.640889318511	0.605123247946	0.72450459159	0.679072015466	0.714354760754	0.704688255196	0.655872402127	0.626872885452	0.601739971	0.813919768004	0.757370710488	0.804736587724	0.775737071049	0.754470758821	0.79168680522	0.686805219913	0.673755437409	0.675688738521	0.678105364911	0.666505558241	0.781536974384	0.667472208797	0.764620589657	0.616239729338	0.747220879652
AC8	0.579507008217	0.572740454326	0.908651522475	0.622039632673	0.671822136298	0.541807636539	0.706621556307	0.503141614306	0.479458675689	0.585790236829	0.529241179314	0.636056065732	0.594006766554	0.82165297245	0.642339294345	0.565007249879	0.509424842919	0.492508458192	0.839052682455	0.667955534074	0.364427259546	0.0	0.491058482359	0.479942000967	0.837119381344	0.552440792653	0.39584340261	0.379410343161	0.449975833736	0.492508458192	0.522957950701	0.484291928468	0.4813919768	0.509908168197	0.725954567424	0.681488641856	0.547607539874	0.579507008217	0.53697438376	0.654422426293	0.605123247946	0.683421942968	0.672788786854	0.598840019333	0.554857419043	0.528274528758	0.730304494925	0.67133881102	0.728854519091	0.708071532141	0.672305461576	0.709038182697	0.605606573224	0.593523441276	0.593523441276	0.599806669889	0.576607056549	0.69453842436	0.584823586274	0.695021749638	0.538907684872	0.663605606573
AD7	0.598840019333	0.59497341711	0.963267278879	0.674238762687	0.729821169647	0.543740937651	0.71290478492	0.508458192363	0.478008699855	0.604639922668	0.454325761237	0.668438859352	0.597390043499	0.878685355244	0.648622522958	0.579507008217	0.503141614306	0.490575157081	0.937651039149	0.755920734654	0.565973900435	0.491058482359	0.0	0.29869502175	0.899468342194	0.517158047366	0.416143064282	0.456259062349	0.513291445143	0.56935717738	0.503141614306	0.466408893185	0.480425326245	0.528757854036	0.752054132431	0.704204929918	0.515224746254	0.598840019333	0.540840985984	0.664088931851	0.616239729338	0.718221362977	0.710488158531	0.628806186564	0.560657322378	0.538907684872	0.749637506042	0.687288545191	0.749154180764	0.718704688255	0.687771870469	0.724021266312	0.62493958434	0.609956500725	0.612373127115	0.619623006283	0.58337361044	0.709521507975	0.597390043499	0.706621556307	0.561623972934	0.679072015466
AD8	0.593523441276	0.580473658772	0.949250845819	0.647172547124	0.710004833253	0.531174480425	0.698888351861	0.478008699855	0.461092315128	0.58095698405	0.446592556791	0.641372643789	0.593523441276	0.862735621073	0.639922667956	0.55775737071	0.498791686805	0.482841952634	0.919768003867	0.739487675205	0.5601739971	0.479942000967	0.29869502175	0.0	0.861285645239	0.480425326245	0.400193330111	0.426292895118	0.486708554857	0.543740937651	0.49540840986	0.463508941518	0.479458675689	0.521024649589	0.742387626873	0.691155147414	0.500241662639	0.579023682939	0.528274528758	0.651522474625	0.605123247946	0.713388110198	0.702754954084	0.601256645723	0.550024166264	0.529241179314	0.745770903818	0.675688738521	0.741904301595	0.708554857419	0.675205413243	0.718704688255	0.621556307395	0.603189946834	0.600773320445	0.612856452392	0.584823586274	0.70372160464	0.587240212663	0.698888351861	0.54857419043	0.664572257129
AE7	0.832286128565	0.869502174964	0.852585790237	0.790720154664	0.82648622523	0.89125181247	0.913484775254	0.900918318028	0.896085065249	0.904784920251	0.915418076365	0.84485258579	0.884485258579	0.823586273562	0.903334944418	0.845335911068	0.871435476075	0.862252295795	0.740937651039	0.732721121315	0.818269695505	0.837119381344	0.899468342194	0.861285645239	0.0	0.556307394877	0.867568873852	0.863702271629	0.769453842436	0.765587240213	0.838086031899	0.840502658289	0.899468342194	0.911551474142	0.922184630256	0.913484775254	0.9212179797	0.90043499275	0.91445142581	0.8796520058	0.903334944418	0.871918801353	0.869502174964	0.871435476075	0.933784436926	0.929434509425	0.892701788304	0.903818269696	0.918318028033	0.89125181247	0.906718221363	0.897535041083	0.889801836636	0.891735137748	0.904301594973	0.890285161914	0.910584823586	0.889318511358	0.897051715805	0.91203479942	0.911551474142	0.895118414693
AE8	0.588206863219	0.608506524891	0.899951667472	0.63653939101	0.679072015466	0.574673755437	0.679072015466	0.588206863219	0.582406959884	0.603673272112	0.604639922668	0.628806186564	0.628322861286	0.813919768004	0.686805219913	0.585790236829	0.587723537941	0.581923634606	0.828419526341	0.657805703238	0.580473658772	0.552440792653	0.517158047366	0.480425326245	0.556307394877	0.0	0.555824069599	0.561140647656	0.5186080232	0.510391493475	0.578540357661	0.556790720155	0.593523441276	0.605606573224	0.750604156597	0.708554857419	0.622039632673	0.594006766554	0.607539874335	0.650072498792	0.629289511841	0.681005316578	0.665055582407	0.597873368777	0.628806186564	0.620589656839	0.751087481875	0.698888351861	0.751570807153	0.705171580474	0.707104881585	0.73368777187	0.637506041566	0.632672788787	0.6389560174	0.644755920735	0.628322861286	0.720637989367	0.6389560174	0.706138231029	0.599806669889	0.684388593523
AF7	0.574673755437	0.540840985984	0.934751087482	0.638472692122	0.663605606573	0.514258095698	0.707588206863	0.450942484292	0.434509424843	0.575640405993	0.448042532624	0.606089898502	0.556790720155	0.851619139681	0.6389560174	0.53939101015	0.467375543741	0.447559207347	0.894151764137	0.717738037699	0.539874335428	0.39584340261	0.416143064282	0.400193330111	0.867568873852	0.555824069599	0.0	0.312711454809	0.475592073465	0.53697438376	0.480425326245	0.465925567907	0.443692605123	0.491541807637	0.706138231029	0.659255679072	0.471725471242	0.547607539874	0.496858385694	0.615273078782	0.557274045433	0.695988400193	0.687288545191	0.568873852102	0.524891251812	0.502658289029	0.680038666022	0.62735621073	0.69453842436	0.670372160464	0.633156114065	0.666022232963	0.565973900435	0.552924117931	0.553407443209	0.561623972934	0.527307878202	0.64813919768	0.555340744321	0.657805703238	0.500724987917	0.618173030449
AF8	0.575157080715	0.57177380377	0.937651039149	0.639439342678	0.688255195747	0.524891251812	0.712421459642	0.466892218463	0.457709038183	0.576607056549	0.486708554857	0.631706138231	0.587723537941	0.854519091348	0.651522474625	0.552440792653	0.491058482359	0.477042049299	0.887868535524	0.706621556307	0.515708071532	0.379410343161	0.456259062349	0.426292895118	0.863702271629	0.561140647656	0.312711454809	0.0	0.46060898985	0.518124697922	0.505074915418	0.468825519575	0.453842435959	0.50700821653	0.720637989367	0.672788786854	0.489608506525	0.558240695988	0.51377477042	0.628322861286	0.581440309328	0.689221846303	0.673755437409	0.573707104882	0.537941034316	0.519091348478	0.698405026583	0.643789270179	0.716771387144	0.688255195747	0.654905751571	0.681971967134	0.591590140164	0.57177380377	0.573707104882	0.583856935718	0.557274045433	0.66892218463	0.568390526825	0.674722087965	0.512808119865	0.639439342678
AG7	0.596423392943	0.612856452392	0.834219429676	0.552440792653	0.676172063799	0.552924117931	0.699855002417	0.510874818753	0.505074915418	0.592073465442	0.540357660706	0.627839536008	0.620106331561	0.751570807153	0.674238762687	0.58095698405	0.537457709038	0.532141130981	0.731271145481	0.523441275979	0.472692121798	0.449975833736	0.513291445143	0.486708554857	0.769453842436	0.5186080232	0.475592073465	0.46060898985	0.0	0.320927984534	0.546157564041	0.527307878202	0.514258095698	0.56259062349	0.753504108265	0.698405026583	0.552440792653	0.572257129048	0.574190430159	0.651522474625	0.61575640406	0.663605606573	0.655872402127	0.587240212663	0.593523441276	0.578540357661	0.751570807153	0.685355244079	0.744804253262	0.716771387144	0.690671822136	0.730787820203	0.62735621073	0.623972933784	0.626872885452	0.629289511841	0.62493958434	0.713388110198	0.634606089899	0.697438376027	0.589656839053	0.669888835186
AG8	0.591590140164	0.623489608507	0.840985983567	0.590623489609	0.69212179797	0.56935717738	0.692605123248	0.572740454326	0.566940550991	0.60415659739	0.596906718221	0.64813919768	0.632189463509	0.754954084099	0.689221846303	0.598840019333	0.593523441276	0.589656839053	0.711938134364	0.512324794587	0.492025132914	0.492508458192	0.56935717738	0.543740937651	0.765587240213	0.510391493475	0.53697438376	0.518124697922	0.320927984534	0.0	0.58095698405	0.565973900435	0.58095698405	0.590140164331	0.763653939101	0.714354760754	0.598356694055	0.578540357661	0.59497341711	0.661672305462	0.630739487675	0.672305461576	0.663605606573	0.603673272112	0.611406476559	0.606089898502	0.765587240213	0.695505074915	0.754954084099	0.723537941034	0.702754954084	0.739971000483	0.643789270179	0.639922667956	0.641372643789	0.646689221846	0.639922667956	0.727404543258	0.652489125181	0.709038182697	0.611406476559	0.686805219913
AH7	0.589656839053	0.631706138231	0.952634122765	0.695505074915	0.70130497825	0.592073465442	0.731754470759	0.540840985984	0.538424359594	0.639922667956	0.527307878202	0.664572257129	0.641855969067	0.880618656356	0.698405026583	0.594006766554	0.541324311261	0.480908651522	0.885935234413	0.736587723538	0.56935717738	0.522957950701	0.503141614306	0.49540840986	0.838086031899	0.578540357661	0.480425326245	0.505074915418	0.546157564041	0.58095698405	0.0	0.306428226196	0.561623972934	0.602706621556	0.773320444659	0.739004349928	0.55099081682	0.646205896568	0.605123247946	0.670855485742	0.655389076849	0.760753987434	0.749154180764	0.659255679072	0.626872885452	0.609956500725	0.758820686322	0.713871435476	0.779120347994	0.723054615756	0.708554857419	0.740454325761	0.630739487675	0.627839536008	0.622522957951	0.628322861286	0.633639439343	0.726437892702	0.622522957951	0.721604639923	0.609956500725	0.698405026583
AH8	0.567423876269	0.599806669889	0.952634122765	0.666988883519	0.674722087965	0.547607539874	0.706138231029	0.508458192363	0.494441759304	0.609956500725	0.488158530691	0.632672788787	0.598840019333	0.867085548574	0.662155630739	0.564040599323	0.449492508458	0.386176897052	0.90043499275	0.739004349928	0.53939101015	0.484291928468	0.466408893185	0.463508941518	0.840502658289	0.556790720155	0.465925567907	0.468825519575	0.527307878202	0.565973900435	0.306428226196	0.0	0.507491541808	0.553407443209	0.755920734654	0.713871435476	0.519574673755	0.605123247946	0.552924117931	0.639439342678	0.61575640406	0.724987916868	0.711454809087	0.623489608507	0.581923634606	0.561140647656	0.718704688255	0.672305461576	0.742870952151	0.685838569357	0.665055582407	0.695988400193	0.596906718221	0.589656839053	0.590623489609	0.589173513775	0.595456742388	0.684871918801	0.587723537941	0.69212179797	0.55775737071	0.656355727405
AA5	0.59497341711	0.50700821653	0.956500724988	0.640405993233	0.618173030449	0.47462542291	0.638472692122	0.415659739004	0.401159980667	0.515224746254	0.440792653456	0.56259062349	0.548090865152	0.872885451909	0.550024166264	0.533591106815	0.431126147898	0.436442725955	0.927501208313	0.757370710488	0.563557274045	0.4813919768	0.480425326245	0.479458675689	0.899468342194	0.593523441276	0.443692605123	0.453842435959	0.514258095698	0.58095698405	0.561623972934	0.507491541808	0.0	0.334461092315	0.683421942968	0.616723054616	0.479942000967	0.464958917351	0.462542290962	0.563557274045	0.495891735138	0.630739487675	0.618656355727	0.495891735138	0.51619139681	0.464475592073	0.704688255196	0.644272595457	0.679555340744	0.661672305462	0.654905751571	0.690671822136	0.552440792653	0.560657322378	0.572257129048	0.562107298212	0.528274528758	0.676172063799	0.555824069599	0.645239246013	0.509424842919	0.632672788787
AA6	0.602223296278	0.511841469309	0.963267278879	0.655872402127	0.634606089899	0.479458675689	0.658772353794	0.446109231513	0.445625906235	0.53697438376	0.487675205413	0.579990333494	0.538907684872	0.877718704688	0.58095698405	0.537941034316	0.461575640406	0.476075398743	0.940067665539	0.764620589657	0.596906718221	0.509908168197	0.528757854036	0.521024649589	0.911551474142	0.605606573224	0.491541807637	0.50700821653	0.56259062349	0.590140164331	0.602706621556	0.553407443209	0.334461092315	0.0	0.675205413243	0.603673272112	0.513291445143	0.490575157081	0.454325761237	0.590140164331	0.517641372644	0.658772353794	0.647172547124	0.521991300145	0.44900918318	0.400676655389	0.691638472692	0.632189463509	0.66892218463	0.649589173514	0.642339294345	0.674238762687	0.548090865152	0.553890768487	0.558240695988	0.550024166264	0.532624456259	0.660705654906	0.559690671822	0.632189463509	0.509908168197	0.623006283229
AB5	0.741420976317	0.65055582407	0.971483808603	0.714838086032	0.623489608507	0.641855969067	0.734171097148	0.647655872402	0.667955534074	0.670372160464	0.677622039633	0.596906718221	0.645239246013	0.896568390527	0.712421459642	0.694055099082	0.691638472692	0.693571773804	0.93523441276	0.802803286612	0.805219913001	0.725954567424	0.752054132431	0.742387626873	0.922184630256	0.750604156597	0.706138231029	0.720637989367	0.753504108265	0.763653939101	0.773320444659	0.755920734654	0.683421942968	0.675205413243	0.0	0.313678105365	0.620589656839	0.651039149348	0.619623006283	0.628322861286	0.607539874335	0.730787820203	0.729337844369	0.640405993233	0.621072982117	0.614789753504	0.607056549058	0.607056549058	0.622039632673	0.590623489609	0.618656355727	0.608506524891	0.58095698405	0.593040115998	0.615273078782	0.608989850169	0.656355727405	0.602706621556	0.668438859352	0.603673272112	0.663122281295	0.599323344611
AB6	0.696471725471	0.599323344611	0.961333977767	0.675205413243	0.596906718221	0.580473658772	0.673755437409	0.585306911551	0.611889801837	0.614306428226	0.634606089899	0.535524407927	0.609956500725	0.884001933301	0.659255679072	0.642822619623	0.654905751571	0.655389076849	0.933301111648	0.766070565491	0.757370710488	0.681488641856	0.704204929918	0.691155147414	0.913484775254	0.708554857419	0.659255679072	0.672788786854	0.698405026583	0.714354760754	0.739004349928	0.713871435476	0.616723054616	0.603673272112	0.313678105365	0.0	0.587723537941	0.592073465442	0.575157080715	0.584340260996	0.559690671822	0.663605606573	0.660222329628	0.555824069599	0.574190430159	0.559207346544	0.578540357661	0.543740937651	0.569840502658	0.542290961817	0.5601739971	0.576607056549	0.53697438376	0.565490575157	0.582890285162	0.578540357661	0.61575640406	0.564523924601	0.627839536008	0.543257612373	0.628322861286	0.532141130981
AC5	0.61333977767	0.578057032383	0.971000483325	0.664088931851	0.631222812953	0.475108748188	0.69212179797	0.457225712905	0.450942484292	0.566457225713	0.427742870952	0.566940550991	0.545190913485	0.89125181247	0.653939101015	0.597390043499	0.490575157081	0.480908651522	0.951667472209	0.769937167714	0.624456259062	0.547607539874	0.515224746254	0.500241662639	0.9212179797	0.622039632673	0.471725471242	0.489608506525	0.552440792653	0.598356694055	0.55099081682	0.519574673755	0.479942000967	0.513291445143	0.620589656839	0.587723537941	0.0	0.450942484292	0.460125664572	0.605123247946	0.54857419043	0.716771387144	0.69212179797	0.549540840986	0.466892218463	0.455292411793	0.598840019333	0.561623972934	0.630256162397	0.583856935718	0.567423876269	0.597873368777	0.50459159014	0.490091831803	0.503624939584	0.510391493475	0.574190430159	0.584340260996	0.59255679072	0.566457225713	0.514258095698	0.549057515708
AC6	0.627839536008	0.509908168197	0.951667472209	0.637989366844	0.580473658772	0.500241662639	0.538907684872	0.480908651522	0.503624939584	0.445142580957	0.542290961817	0.537941034316	0.547124214596	0.862252295795	0.558240695988	0.563557274045	0.55099081682	0.555340744321	0.915418076365	0.734654422426	0.640889318511	0.579507008217	0.598840019333	0.579023682939	0.90043499275	0.594006766554	0.547607539874	0.558240695988	0.572257129048	0.578540357661	0.646205896568	0.605123247946	0.464958917351	0.490575157081	0.651039149348	0.592073465442	0.450942484292	0.0	0.503141614306	0.515708071532	0.494441759304	0.49540840986	0.469308844853	0.422426292895	0.549057515708	0.535041082649	0.667955534074	0.625906234896	0.652489125181	0.617689705172	0.639922667956	0.663122281295	0.564523924601	0.570323827936	0.571290478492	0.578057032383	0.550024166264	0.656839052682	0.578540357661	0.61575640406	0.552440792653	0.611889801837
AD6	0.608506524891	0.520541324311	0.970517158047	0.631706138231	0.572740454326	0.427259545674	0.635089415176	0.424359594007	0.443209279845	0.519574673755	0.453842435959	0.521991300145	0.499758337361	0.882068632189	0.589656839053	0.534557757371	0.466408893185	0.465925567907	0.952634122765	0.769937167714	0.605123247946	0.53697438376	0.540840985984	0.528274528758	0.91445142581	0.607539874335	0.496858385694	0.51377477042	0.574190430159	0.59497341711	0.605123247946	0.552924117931	0.462542290962	0.454325761237	0.619623006283	0.575157080715	0.460125664572	0.503141614306	0.0	0.555340744321	0.434026099565	0.690188496858	0.674238762687	0.531657805703	0.45142580957	0.438376027066	0.608023199613	0.550507491542	0.603673272112	0.5601739971	0.564040599323	0.593040115998	0.468825519575	0.465925567907	0.482841952634	0.473658772354	0.515708071532	0.582406959884	0.531174480425	0.558240695988	0.459159014016	0.538424359594
AE5	0.635089415176	0.543740937651	0.970033832769	0.635089415176	0.567907201547	0.558240695988	0.572257129048	0.572740454326	0.608989850169	0.520541324311	0.621072982117	0.523441275979	0.576123731271	0.878202029966	0.570323827936	0.567907201547	0.608989850169	0.605123247946	0.929917834703	0.761237312711	0.72450459159	0.654422426293	0.664088931851	0.651522474625	0.8796520058	0.650072498792	0.615273078782	0.628322861286	0.651522474625	0.661672305462	0.670855485742	0.639439342678	0.563557274045	0.590140164331	0.628322861286	0.584340260996	0.605123247946	0.515708071532	0.555340744321	0.0	0.347994200097	0.590623489609	0.582406959884	0.495891735138	0.627839536008	0.630739487675	0.640405993233	0.607539874335	0.639439342678	0.604639922668	0.622522957951	0.648622522958	0.536491058482	0.571290478492	0.601739971	0.568873852102	0.55775737071	0.623972933784	0.560657322378	0.595940067666	0.584823586274	0.594490091832
AE6	0.612856452392	0.48380860319	0.969550507492	0.619623006283	0.563073948768	0.491058482359	0.581923634606	0.494441759304	0.537457709038	0.491058482359	0.546640889319	0.51377477042	0.524891251812	0.878202029966	0.555824069599	0.530691155147	0.543257612373	0.542290961817	0.93523441276	0.752537457709	0.679072015466	0.605123247946	0.616239729338	0.605123247946	0.903334944418	0.629289511841	0.557274045433	0.581440309328	0.61575640406	0.630739487675	0.655389076849	0.61575640406	0.495891735138	0.517641372644	0.607539874335	0.559690671822	0.54857419043	0.494441759304	0.434026099565	0.347994200097	0.0	0.633156114065	0.618173030449	0.4813919768	0.55775737071	0.555340744321	0.62735621073	0.579507008217	0.612856452392	0.590623489609	0.594490091832	0.623489608507	0.486708554857	0.497825036249	0.525857902368	0.501691638473	0.508941517641	0.60657322378	0.528757854036	0.57177380377	0.511358144031	0.559690671822
AF5	0.71290478492	0.623972933784	0.925567907202	0.660705654906	0.662638956017	0.674722087965	0.543257612373	0.660705654906	0.679072015466	0.574673755437	0.714838086032	0.623972933784	0.669888835186	0.836636056066	0.608023199613	0.661672305462	0.716771387144	0.717738037699	0.875302078299	0.712421459642	0.714354760754	0.683421942968	0.718221362977	0.713388110198	0.871918801353	0.681005316578	0.695988400193	0.689221846303	0.663605606573	0.672305461576	0.760753987434	0.724987916868	0.630739487675	0.658772353794	0.730787820203	0.663605606573	0.716771387144	0.49540840986	0.690188496858	0.590623489609	0.633156114065	0.0	0.264862252296	0.52779120348	0.721121314645	0.707104881585	0.760753987434	0.723054615756	0.741904301595	0.711454809087	0.731754470759	0.758337361044	0.687771870469	0.71532141131	0.727404543258	0.714354760754	0.669405509908	0.748670855486	0.679555340744	0.705654905752	0.708554857419	0.71290478492
AF6	0.697438376027	0.610923151281	0.928951184147	0.667472208797	0.660222329628	0.668438859352	0.530691155147	0.64813919768	0.668438859352	0.563073948768	0.708554857419	0.620589656839	0.65973900435	0.842435959401	0.594490091832	0.650072498792	0.707588206863	0.707104881585	0.881101981634	0.711454809087	0.704688255196	0.672788786854	0.710488158531	0.702754954084	0.869502174964	0.665055582407	0.687288545191	0.673755437409	0.655872402127	0.663605606573	0.749154180764	0.711454809087	0.618656355727	0.647172547124	0.729337844369	0.660222329628	0.69212179797	0.469308844853	0.674238762687	0.582406959884	0.618173030449	0.264862252296	0.0	0.515224746254	0.710004833253	0.693571773804	0.752537457709	0.713871435476	0.731754470759	0.705171580474	0.716288061866	0.750604156597	0.679555340744	0.70372160464	0.713871435476	0.700821652972	0.651522474625	0.741420976317	0.65973900435	0.696955050749	0.697921701305	0.700821652972
