	AA3	AA4	AB3	AB4	AC3	AC4	AD3	AD4	AE3	AE4	AF3	AF4	AG3	AG4	AH3	AH4	AA7	AA8	AB7	AB8	AC7	AC8	AD7	AD8	AE7	AE8	AF7	AF8	AG7	AG8	AH7	AH8	AA5	AA6	AB5	AB6	AC5	AC6	AD6	AE5	AE6	AF5	AF6	AG5	AH5	AH6	AA1	AA2	AB1	AB2	AC1	AC2	AD1	AD2	AE1	AE2	AF1	AF2	AG1	AG2	AH1	AH2
AA3	0.0	0.467375543741	0.939101014983	0.619623006283	0.65973900435	0.577090381827	0.668438859352	0.589173513775	0.574190430159	0.62735621073	0.603673272112	0.616723054616	0.566457225713	0.855002416626	0.633639439343	0.324311261479	0.5601739971	0.567907201547	0.874335427743	0.702754954084	0.624456259062	0.576607056549	0.59255679072	0.589173513775	0.834219429676	0.594490091832	0.570323827936	0.565007249879	0.574673755437	0.586273562107	0.589656839053	0.551957467376	0.587240212663	0.602706621556	0.744320927985	0.665055582407	0.600289995167	0.623006283229	0.59255679072	0.617689705172	0.596423392943	0.711454809087	0.694055099082	0.625906234896	0.623006283229	0.608023199613	0.673272112131	0.649589173514	0.70130497825	0.652489125181	0.637022716288	0.654905751571	0.563557274045	0.551957467376	0.564523924601	0.553890768487	0.562107298212	0.65055582407	0.576123731271	0.658289028516	0.572257129048	0.629772837119
AA4	0.467375543741	0.0	0.944900918318	0.566457225713	0.578057032383	0.498308361527	0.594490091832	0.491058482359	0.497825036249	0.537457709038	0.552440792653	0.528274528758	0.479942000967	0.855002416626	0.369260512325	0.363943934268	0.534557757371	0.53939101015	0.893185113581	0.71290478492	0.661188980184	0.577573707105	0.586756887385	0.585306911551	0.875302078299	0.618656355727	0.554857419043	0.555340744321	0.58337361044	0.607056549058	0.62493958434	0.572257129048	0.5186080232	0.5186080232	0.672788786854	0.595456742388	0.571290478492	0.537457709038	0.532624456259	0.538424359594	0.50459159014	0.647655872402	0.614789753504	0.537457709038	0.598840019333	0.570323827936	0.649105848236	0.596906718221	0.635089415176	0.598840019333	0.600773320445	0.626872885452	0.52537457709	0.516674722088	0.529724504592	0.52779120348	0.493475108748	0.616239729338	0.496375060416	0.593040115998	0.52779120348	0.566457225713
AB3	0.939101014983	0.944900918318	0.0	0.682455292412	0.918801353311	0.956500724988	0.951184146931	0.943934267762	0.927501208313	0.951184146931	0.972933784437	0.93523441276	0.960367327211	0.337844369261	0.963267278879	0.935717738038	0.969550507492	0.968583856936	0.74528757854	0.769453842436	0.886901884969	0.900918318028	0.954084098598	0.951184146931	0.846785886902	0.897535041083	0.942967617206	0.932334461092	0.84485258579	0.838086031899	0.950700821653	0.945384243596	0.955050749154	0.960367327211	0.974867085549	0.966167230546	0.974383760271	0.951667472209	0.972933784437	0.973417109715	0.971483808603	0.928951184147	0.924601256646	0.948284195263	0.973900434993	0.971483808603	0.972450459159	0.970517158047	0.969067182214	0.971967133881	0.972450459159	0.970033832769	0.973417109715	0.971483808603	0.973900434993	0.971967133881	0.971967133881	0.971483808603	0.971483808603	0.971967133881	0.971000483325	0.972933784437
AB4	0.619623006283	0.566457225713	0.682455292412	0.0	0.627839536008	0.59497341711	0.682455292412	0.601739971	0.594490091832	0.619139681005	0.625906234896	0.606089898502	0.469308844853	0.566940550991	0.602706621556	0.576607056549	0.621072982117	0.617689705172	0.732721121315	0.572740454326	0.639922667956	0.600773320445	0.639439342678	0.639439342678	0.795553407443	0.62735621073	0.639922667956	0.626389560174	0.538907684872	0.573707104882	0.673272112131	0.622039632673	0.630739487675	0.640405993233	0.728854519091	0.661672305462	0.640889318511	0.640405993233	0.612856452392	0.631706138231	0.618656355727	0.666988883519	0.646689221846	0.633156114065	0.673272112131	0.653939101015	0.700338327695	0.666022232963	0.702271628806	0.672788786854	0.663122281295	0.674722087965	0.623489608507	0.623006283229	0.629772837119	0.629289511841	0.637022716288	0.679555340744	0.622522957951	0.669405509908	0.634606089899	0.65055582407
AC3	0.65973900435	0.578057032383	0.918801353311	0.627839536008	0.0	0.482841952634	0.640405993233	0.539874335428	0.55099081682	0.590623489609	0.618656355727	0.30546157564	0.605606573224	0.831802803287	0.585306911551	0.59255679072	0.619139681005	0.611406476559	0.87723537941	0.73368777187	0.731271145481	0.660222329628	0.721121314645	0.714838086032	0.837602706622	0.689221846303	0.666988883519	0.678105364911	0.669888835186	0.688738521025	0.702754954084	0.656355727405	0.596423392943	0.626872885452	0.609473175447	0.562107298212	0.602223296278	0.568390526825	0.585306911551	0.559690671822	0.541324311261	0.652005799903	0.640889318511	0.564523924601	0.63653939101	0.622039632673	0.575157080715	0.567907201547	0.568390526825	0.552924117931	0.588690188497	0.572740454326	0.514258095698	0.549540840986	0.5601739971	0.552440792653	0.614306428226	0.555340744321	0.598356694055	0.570323827936	0.608989850169	0.570323827936
AC4	0.577090381827	0.498308361527	0.956500724988	0.59497341711	0.482841952634	0.0	0.621556307395	0.410343160947	0.411793136781	0.546157564041	0.341227646206	0.401643305945	0.501208313195	0.861285645239	0.549540840986	0.53697438376	0.475108748188	0.470275495408	0.928467858869	0.746737554374	0.599323344611	0.533107781537	0.524891251812	0.520541324311	0.898985016916	0.585790236829	0.510874818753	0.520057999033	0.538907684872	0.574673755437	0.587240212663	0.526341227646	0.443209279845	0.46979217013	0.649105848236	0.555340744321	0.476558724021	0.50700821653	0.420492991783	0.557274045433	0.461092315128	0.687288545191	0.652005799903	0.527307878202	0.519091348478	0.479942000967	0.637022716288	0.585790236829	0.602223296278	0.584823586274	0.586273562107	0.608989850169	0.476075398743	0.496858385694	0.51377477042	0.50700821653	0.535041082649	0.605606573224	0.540840985984	0.586273562107	0.461575640406	0.555824069599
AD3	0.668438859352	0.594490091832	0.951184146931	0.682455292412	0.640405993233	0.621556307395	0.0	0.540840985984	0.639439342678	0.351377477042	0.685838569357	0.610439826003	0.650072498792	0.865152247463	0.567423876269	0.643305944901	0.691155147414	0.690188496858	0.931367810536	0.750604156597	0.716771387144	0.693088448526	0.695988400193	0.697438376027	0.91203479942	0.677138714355	0.699371677139	0.689221846303	0.690188496858	0.68293861769	0.71532141131	0.689221846303	0.633639439343	0.656355727405	0.737554374094	0.657805703238	0.672305461576	0.534557757371	0.644755920735	0.597873368777	0.576123731271	0.574673755437	0.545674238763	0.553890768487	0.703238279362	0.689221846303	0.767520541324	0.713388110198	0.739487675205	0.710971483809	0.716288061866	0.736587723538	0.648622522958	0.67133881102	0.678588690188	0.658772353794	0.63653939101	0.730304494925	0.625422909618	0.698888351861	0.691155147414	0.691155147414
AD4	0.589173513775	0.491058482359	0.943934267762	0.601739971	0.539874335428	0.410343160947	0.540840985984	0.0	0.311261478975	0.436442725955	0.431126147898	0.485741904302	0.50700821653	0.857419043016	0.521024649589	0.532624456259	0.458675688739	0.461092315128	0.940067665539	0.755437409377	0.592073465442	0.509424842919	0.524891251812	0.517158047366	0.908168197197	0.590140164331	0.473175447076	0.485741904302	0.515224746254	0.55099081682	0.556790720155	0.502658289029	0.400676655389	0.448525857902	0.65973900435	0.561623972934	0.448042532624	0.478492025133	0.4398260029	0.564523924601	0.458675688739	0.654422426293	0.613823102948	0.503141614306	0.526341227646	0.476075398743	0.652972450459	0.598840019333	0.627839536008	0.600289995167	0.594006766554	0.624456259062	0.497825036249	0.494925084582	0.510391493475	0.508941517641	0.530691155147	0.616723054616	0.528757854036	0.601256645723	0.488158530691	0.57177380377
AE3	0.574190430159	0.497825036249	0.927501208313	0.594490091832	0.55099081682	0.411793136781	0.639439342678	0.311261478975	0.0	0.536007733204	0.40744320928	0.497825036249	0.503141614306	0.845335911068	0.545674238763	0.535041082649	0.436926051232	0.430159497342	0.927017883035	0.744804253262	0.558724021266	0.48622522958	0.497825036249	0.487675205413	0.89125181247	0.577573707105	0.448525857902	0.464958917351	0.490575157081	0.537941034316	0.549057515708	0.485741904302	0.396810053166	0.448525857902	0.662638956017	0.572257129048	0.437892701788	0.513291445143	0.425809569841	0.598840019333	0.503141614306	0.691155147414	0.65732237796	0.534074432093	0.514258095698	0.458675688739	0.646689221846	0.595940067666	0.623489608507	0.601739971	0.587240212663	0.622039632673	0.500724987917	0.502658289029	0.515708071532	0.518124697922	0.535041082649	0.622522957951	0.556790720155	0.597873368777	0.47462542291	0.566457225713
AE4	0.62735621073	0.537457709038	0.951184146931	0.619139681005	0.590623489609	0.546157564041	0.351377477042	0.436442725955	0.536007733204	0.0	0.605606573224	0.555824069599	0.578057032383	0.859835669406	0.526341227646	0.583856935718	0.612373127115	0.610439826003	0.938617689705	0.752537457709	0.674238762687	0.615273078782	0.617206379894	0.612856452392	0.914934751087	0.639439342678	0.617689705172	0.60415659739	0.604639922668	0.620589656839	0.663122281295	0.607539874335	0.551957467376	0.573707104882	0.698888351861	0.609473175447	0.597873368777	0.475592073465	0.57177380377	0.548090865152	0.502174963751	0.576607056549	0.539874335428	0.501691638473	0.627839536008	0.604639922668	0.708071532141	0.662638956017	0.697438376027	0.67133881102	0.664572257129	0.681971967134	0.588206863219	0.594006766554	0.595940067666	0.59255679072	0.58095698405	0.678105364911	0.579990333494	0.65973900435	0.60657322378	0.639439342678
AF3	0.603673272112	0.552440792653	0.972933784437	0.625906234896	0.618656355727	0.341227646206	0.685838569357	0.431126147898	0.40744320928	0.605606573224	0.0	0.52779120348	0.527307878202	0.882068632189	0.594006766554	0.571290478492	0.439342677622	0.424359594007	0.95360077332	0.775737071049	0.593040115998	0.53020782987	0.421942967617	0.425326244563	0.919768003867	0.60415659739	0.441275978734	0.485258579024	0.537941034316	0.57177380377	0.523924601257	0.492025132914	0.43740937651	0.497825036249	0.679555340744	0.605123247946	0.430159497342	0.552924117931	0.435476075399	0.614789753504	0.521507974867	0.731754470759	0.695988400193	0.558240695988	0.526824552924	0.483325277912	0.667472208797	0.612856452392	0.658772353794	0.61575640406	0.608989850169	0.637989366844	0.532624456259	0.511358144031	0.531657805703	0.535041082649	0.570807153214	0.6389560174	0.579990333494	0.61333977767	0.479458675689	0.580473658772
AF4	0.616723054616	0.528274528758	0.93523441276	0.606089898502	0.30546157564	0.401643305945	0.610439826003	0.485741904302	0.497825036249	0.555824069599	0.52779120348	0.0	0.558724021266	0.844369260512	0.53939101015	0.548090865152	0.573223779604	0.570323827936	0.894635089415	0.711454809087	0.704688255196	0.628322861286	0.666505558241	0.658772353794	0.857902368294	0.640405993233	0.619139681005	0.628806186564	0.630739487675	0.655872402127	0.666505558241	0.61575640406	0.54857419043	0.578057032383	0.619623006283	0.537457709038	0.564040599323	0.531174480425	0.532624456259	0.512324794587	0.501208313195	0.634606089899	0.614789753504	0.526824552924	0.588206863219	0.573223779604	0.593040115998	0.545674238763	0.572257129048	0.521507974867	0.563073948768	0.568390526825	0.48622522958	0.515708071532	0.53697438376	0.520541324311	0.570807153214	0.5601739971	0.558724021266	0.536491058482	0.554374093765	0.537941034316
AG3	0.566457225713	0.479942000967	0.960367327211	0.469308844853	0.605606573224	0.501208313195	0.650072498792	0.50700821653	0.503141614306	0.578057032383	0.527307878202	0.558724021266	0.0	0.844369260512	0.520057999033	0.523924601257	0.501208313195	0.498791686805	0.93281778637	0.756404059932	0.665538907685	0.589656839053	0.590623489609	0.590623489609	0.89125181247	0.633639439343	0.536491058482	0.561623972934	0.585306911551	0.623006283229	0.632672788787	0.568390526825	0.51619139681	0.521507974867	0.664572257129	0.594490091832	0.538424359594	0.550507491542	0.513291445143	0.584823586274	0.51619139681	0.685355244079	0.651039149348	0.546640889319	0.582890285162	0.555340744321	0.623972933784	0.596423392943	0.626872885452	0.607539874335	0.597873368777	0.598840019333	0.5186080232	0.517641372644	0.53020782987	0.533591106815	0.543257612373	0.602706621556	0.551474142098	0.60415659739	0.50700821653	0.576607056549
AG4	0.855002416626	0.855002416626	0.337844369261	0.566940550991	0.831802803287	0.861285645239	0.865152247463	0.857419043016	0.845335911068	0.859835669406	0.882068632189	0.844369260512	0.844369260512	0.0	0.875302078299	0.845819236346	0.889318511358	0.888351860802	0.718221362977	0.699855002417	0.821169647173	0.829386176897	0.878685355244	0.87723537941	0.816819719671	0.818269695505	0.87046882552	0.856935717738	0.771387143548	0.758337361044	0.880618656356	0.870952150797	0.87046882552	0.878685355244	0.897535041083	0.886418559691	0.890768487192	0.862735621073	0.886418559691	0.884485258579	0.881101981634	0.845335911068	0.841469308845	0.864668922185	0.900918318028	0.889801836636	0.882068632189	0.886901884969	0.885451909135	0.884485258579	0.895601739971	0.88883518608	0.891735137748	0.887868535524	0.898985016916	0.890768487192	0.887868535524	0.885935234413	0.884485258579	0.883518608023	0.893668438859	0.889318511358
AH3	0.633639439343	0.369260512325	0.963267278879	0.602706621556	0.585306911551	0.549540840986	0.567423876269	0.521024649589	0.545674238763	0.526341227646	0.594006766554	0.53939101015	0.520057999033	0.875302078299	0.0	0.520541324311	0.593523441276	0.590623489609	0.927017883035	0.747220879652	0.70130497825	0.637989366844	0.633156114065	0.631222812953	0.903334944418	0.678588690188	0.618656355727	0.625422909618	0.641372643789	0.665055582407	0.681488641856	0.62493958434	0.540357660706	0.568873852102	0.711938134364	0.630739487675	0.619623006283	0.535041082649	0.58337361044	0.549057515708	0.546157564041	0.597873368777	0.564523924601	0.542774287095	0.643789270179	0.620589656839	0.695021749638	0.637989366844	0.670855485742	0.64572257129	0.646205896568	0.674238762687	0.579990333494	0.584340260996	0.581923634606	0.602706621556	0.554857419043	0.664088931851	0.547124214596	0.642339294345	0.581923634606	0.610439826003
AH4	0.324311261479	0.363943934268	0.935717738038	0.576607056549	0.59255679072	0.53697438376	0.643305944901	0.532624456259	0.535041082649	0.583856935718	0.571290478492	0.548090865152	0.523924601257	0.845819236346	0.520541324311	0.0	0.538907684872	0.545190913485	0.862735621073	0.690188496858	0.634122764621	0.564040599323	0.588690188497	0.582890285162	0.838569357177	0.600289995167	0.566457225713	0.558724021266	0.56259062349	0.59497341711	0.598840019333	0.553407443209	0.553407443209	0.559690671822	0.700821652972	0.620106331561	0.582890285162	0.577573707105	0.555340744321	0.570323827936	0.549057515708	0.678588690188	0.649589173514	0.586756887385	0.608989850169	0.581440309328	0.655872402127	0.608989850169	0.652489125181	0.604639922668	0.60657322378	0.625422909618	0.533107781537	0.521991300145	0.53939101015	0.522957950701	0.510874818753	0.618173030449	0.517158047366	0.60657322378	0.539874335428	0.581440309328
AA7	0.5601739971	0.534557757371	0.969550507492	0.621072982117	0.619139681005	0.475108748188	0.691155147414	0.458675688739	0.436926051232	0.612373127115	0.439342677622	0.573223779604	0.501208313195	0.889318511358	0.593523441276	0.538907684872	0.0	0.28467858869	0.927984533591	0.74528757854	0.593523441276	0.515224746254	0.491058482359	0.493958434026	0.869502174964	0.578540357661	0.445625906235	0.462058965684	0.530691155147	0.566940550991	0.519574673755	0.414693088449	0.434026099565	0.477042049299	0.706621556307	0.632189463509	0.476075398743	0.572740454326	0.486708554857	0.606089898502	0.543740937651	0.731754470759	0.699371677139	0.590623489609	0.557274045433	0.50459159014	0.65055582407	0.608023199613	0.670372160464	0.623006283229	0.587240212663	0.61575640406	0.514258095698	0.502658289029	0.521991300145	0.524407926535	0.537457709038	0.614306428226	0.545190913485	0.630256162397	0.484775253746	0.58337361044
AA8	0.567907201547	0.53939101015	0.968583856936	0.617689705172	0.611406476559	0.470275495408	0.690188496858	0.461092315128	0.430159497342	0.610439826003	0.424359594007	0.570323827936	0.498791686805	0.888351860802	0.590623489609	0.545190913485	0.28467858869	0.0	0.926534557757	0.74528757854	0.586756887385	0.505074915418	0.475108748188	0.476558724021	0.867568873852	0.571290478492	0.436442725955	0.460125664572	0.523441275979	0.563073948768	0.474142097632	0.381826969551	0.434992750121	0.489125181247	0.710488158531	0.637022716288	0.461092315128	0.579507008217	0.482841952634	0.60657322378	0.544707588207	0.738037699372	0.70130497825	0.591106814886	0.556790720155	0.506041565974	0.654422426293	0.598840019333	0.667472208797	0.618173030449	0.592073465442	0.618656355727	0.520541324311	0.504108264862	0.520541324311	0.527307878202	0.543740937651	0.620106331561	0.546640889319	0.628806186564	0.482841952634	0.582406959884
AB7	0.874335427743	0.893185113581	0.74528757854	0.732721121315	0.87723537941	0.928467858869	0.931367810536	0.940067665539	0.927017883035	0.938617689705	0.95360077332	0.894635089415	0.93281778637	0.718221362977	0.927017883035	0.862735621073	0.927984533591	0.926534557757	0.0	0.429676172064	0.81246979217	0.834219429676	0.93523441276	0.932334461092	0.743354277429	0.829386176897	0.901401643306	0.878685355244	0.746254229096	0.700821652972	0.886901884969	0.900918318028	0.924117931368	0.940067665539	0.938617689705	0.936684388594	0.942484291928	0.918801353311	0.952150797487	0.922667955534	0.936201063316	0.869985500242	0.868535524408	0.906718221363	0.959884001933	0.951184146931	0.926534557757	0.929917834703	0.929434509425	0.927017883035	0.937651039149	0.926051232479	0.926534557757	0.924117931368	0.922667955534	0.919768003867	0.922184630256	0.92363460609	0.924601256646	0.927501208313	0.94683421943	0.93281778637
AB8	0.702754954084	0.71290478492	0.769453842436	0.572740454326	0.73368777187	0.746737554374	0.750604156597	0.755437409377	0.744804253262	0.752537457709	0.775737071049	0.711454809087	0.756404059932	0.699855002417	0.747220879652	0.690188496858	0.74528757854	0.74528757854	0.429676172064	0.0	0.636056065732	0.658289028516	0.746737554374	0.740454325761	0.735137747704	0.648622522958	0.713871435476	0.688738521025	0.537457709038	0.521024649589	0.714354760754	0.718704688255	0.743837602707	0.756404059932	0.804253262446	0.757370710488	0.755920734654	0.73610439826	0.76848719188	0.743354277429	0.753504108265	0.71532141131	0.701788303528	0.720637989367	0.779603673272	0.770420492992	0.786370227163	0.745770903818	0.786853552441	0.753020782987	0.752054132431	0.758820686322	0.745770903818	0.740937651039	0.739971000483	0.736587723538	0.73610439826	0.761720637989	0.737554374094	0.748670855486	0.762687288545	0.743837602707
AC7	0.624456259062	0.661188980184	0.886901884969	0.639922667956	0.731271145481	0.599323344611	0.716771387144	0.592073465442	0.558724021266	0.674238762687	0.593040115998	0.704688255196	0.665538907685	0.821169647173	0.70130497825	0.634122764621	0.593523441276	0.586756887385	0.81246979217	0.636056065732	0.0	0.356210729821	0.570323827936	0.573223779604	0.82406959884	0.570323827936	0.550024166264	0.519091348478	0.464958917351	0.487675205413	0.565007249879	0.554374093765	0.563073948768	0.601256645723	0.81246979217	0.734654422426	0.630256162397	0.660222329628	0.606089898502	0.720154664089	0.669405509908	0.719671338811	0.697921701305	0.661188980184	0.651522474625	0.614306428226	0.818269695505	0.77090381827	0.799420009667	0.779120347994	0.753504108265	0.788303528275	0.681005316578	0.668438859352	0.679555340744	0.674238762687	0.667955534074	0.78927017883	0.679555340744	0.773320444659	0.617689705172	0.740454325761
AC8	0.576607056549	0.577573707105	0.900918318028	0.600773320445	0.660222329628	0.533107781537	0.693088448526	0.509424842919	0.48622522958	0.615273078782	0.53020782987	0.628322861286	0.589656839053	0.829386176897	0.637989366844	0.564040599323	0.515224746254	0.505074915418	0.834219429676	0.658289028516	0.356210729821	0.0	0.505074915418	0.501208313195	0.827936201063	0.542774287095	0.418076365394	0.376027066216	0.431609473175	0.466408893185	0.521507974867	0.481875302078	0.490091831803	0.526824552924	0.721604639923	0.651039149348	0.542290961817	0.584823586274	0.537941034316	0.637022716288	0.579990333494	0.688738521025	0.653939101015	0.584340260996	0.579990333494	0.533591106815	0.718704688255	0.673755437409	0.71532141131	0.693571773804	0.658772353794	0.688738521025	0.589173513775	0.577090381827	0.587723537941	0.589173513775	0.574190430159	0.69212179797	0.586756887385	0.686805219913	0.525857902368	0.644272595457
AD7	0.59255679072	0.586756887385	0.954084098598	0.639439342678	0.721121314645	0.524891251812	0.695988400193	0.524891251812	0.497825036249	0.617206379894	0.421942967617	0.666505558241	0.590623489609	0.878685355244	0.633156114065	0.588690188497	0.491058482359	0.475108748188	0.93523441276	0.746737554374	0.570323827936	0.505074915418	0.0	0.286611889802	0.893185113581	0.507491541808	0.435476075399	0.463992266796	0.500724987917	0.53697438376	0.505074915418	0.469308844853	0.494441759304	0.543257612373	0.744804253262	0.667472208797	0.510391493475	0.602706621556	0.528274528758	0.647172547124	0.594490091832	0.724987916868	0.691638472692	0.617206379894	0.589173513775	0.550507491542	0.748670855486	0.693088448526	0.739971000483	0.711454809087	0.676172063799	0.704688255196	0.61333977767	0.594006766554	0.60415659739	0.606089898502	0.589656839053	0.712421459642	0.606089898502	0.706138231029	0.558724021266	0.663122281295
AD8	0.589173513775	0.585306911551	0.951184146931	0.639439342678	0.714838086032	0.520541324311	0.697438376027	0.517158047366	0.487675205413	0.612856452392	0.425326244563	0.658772353794	0.590623489609	0.87723537941	0.631222812953	0.582890285162	0.493958434026	0.476558724021	0.932334461092	0.740454325761	0.573223779604	0.501208313195	0.286611889802	0.0	0.87046882552	0.496375060416	0.429192846786	0.459159014016	0.488158530691	0.528757854036	0.505558240696	0.470758820686	0.499758337361	0.546157564041	0.742387626873	0.664088931851	0.505558240696	0.599806669889	0.528274528758	0.646205896568	0.589656839053	0.730787820203	0.691155147414	0.607056549058	0.584340260996	0.55099081682	0.741904301595	0.688255195747	0.73852102465	0.705654905752	0.670372160464	0.700821652972	0.612373127115	0.588206863219	0.600773320445	0.601256645723	0.589656839053	0.705654905752	0.611889801837	0.702754954084	0.55775737071	0.660222329628
AE7	0.834219429676	0.875302078299	0.846785886902	0.795553407443	0.837602706622	0.898985016916	0.91203479942	0.908168197197	0.89125181247	0.914934751087	0.919768003867	0.857902368294	0.89125181247	0.816819719671	0.903334944418	0.838569357177	0.869502174964	0.867568873852	0.743354277429	0.735137747704	0.82406959884	0.827936201063	0.893185113581	0.87046882552	0.0	0.55099081682	0.874335427743	0.859352344128	0.7593040116	0.757370710488	0.837602706622	0.840502658289	0.898501691638	0.90961817303	0.929434509425	0.915901401643	0.916868052199	0.904301594973	0.920251329145	0.878202029966	0.904784920251	0.871918801353	0.870952150797	0.876268728855	0.938134364427	0.927017883035	0.887868535524	0.895118414693	0.913001449976	0.891735137748	0.901884968584	0.894151764137	0.894635089415	0.892701788304	0.902368293862	0.893185113581	0.903818269696	0.889801836636	0.901401643306	0.903818269696	0.913001449976	0.904301594973
AE8	0.594490091832	0.618656355727	0.897535041083	0.62735621073	0.689221846303	0.585790236829	0.677138714355	0.590140164331	0.577573707105	0.639439342678	0.60415659739	0.640405993233	0.633639439343	0.818269695505	0.678588690188	0.600289995167	0.578540357661	0.571290478492	0.829386176897	0.648622522958	0.570323827936	0.542774287095	0.507491541808	0.496375060416	0.55099081682	0.0	0.565007249879	0.548090865152	0.502658289029	0.498308361527	0.555340744321	0.541807636539	0.587723537941	0.598840019333	0.766553890768	0.69453842436	0.605606573224	0.61333977767	0.605123247946	0.651522474625	0.626872885452	0.702271628806	0.675688738521	0.617206379894	0.646689221846	0.61575640406	0.754470758821	0.709038182697	0.757370710488	0.710004833253	0.704688255196	0.726437892702	0.654905751571	0.632672788787	0.650072498792	0.640405993233	0.641855969067	0.725471242146	0.655872402127	0.710004833253	0.607056549058	0.68293861769
AF7	0.570323827936	0.554857419043	0.942967617206	0.639922667956	0.666988883519	0.510874818753	0.699371677139	0.473175447076	0.448525857902	0.617689705172	0.441275978734	0.619139681005	0.536491058482	0.87046882552	0.618656355727	0.566457225713	0.445625906235	0.436442725955	0.901401643306	0.713871435476	0.550024166264	0.418076365394	0.435476075399	0.429192846786	0.874335427743	0.565007249879	0.0	0.320927984534	0.477525374577	0.513291445143	0.485258579024	0.475592073465	0.434509424843	0.483325277912	0.702754954084	0.626389560174	0.467858869019	0.567423876269	0.509908168197	0.621556307395	0.545674238763	0.707588206863	0.676172063799	0.570807153214	0.555340744321	0.516674722088	0.686805219913	0.646205896568	0.695505074915	0.673755437409	0.626389560174	0.654905751571	0.562107298212	0.550507491542	0.561140647656	0.564040599323	0.551474142098	0.653455775737	0.577573707105	0.661188980184	0.495891735138	0.610439826003
AF8	0.565007249879	0.555340744321	0.932334461092	0.626389560174	0.678105364911	0.520057999033	0.689221846303	0.485741904302	0.464958917351	0.60415659739	0.485258579024	0.628806186564	0.561623972934	0.856935717738	0.625422909618	0.558724021266	0.462058965684	0.460125664572	0.878685355244	0.688738521025	0.519091348478	0.376027066216	0.463992266796	0.459159014016	0.859352344128	0.548090865152	0.320927984534	0.0	0.459159014016	0.493475108748	0.510391493475	0.46302561624	0.453359110681	0.507974867086	0.715804736588	0.633156114065	0.490091831803	0.565007249879	0.518124697922	0.618173030449	0.552924117931	0.679555340744	0.65055582407	0.569840502658	0.567423876269	0.523924601257	0.695021749638	0.642822619623	0.698888351861	0.680038666022	0.639439342678	0.662155630739	0.569840502658	0.553407443209	0.564523924601	0.565973900435	0.546157564041	0.665538907685	0.563073948768	0.671822136298	0.500724987917	0.616723054616
AG7	0.574673755437	0.58337361044	0.84485258579	0.538907684872	0.669888835186	0.538907684872	0.690188496858	0.515224746254	0.490575157081	0.604639922668	0.537941034316	0.630739487675	0.585306911551	0.771387143548	0.641372643789	0.56259062349	0.530691155147	0.523441275979	0.746254229096	0.537457709038	0.464958917351	0.431609473175	0.500724987917	0.488158530691	0.7593040116	0.502658289029	0.477525374577	0.459159014016	0.0	0.304494925085	0.547124214596	0.505074915418	0.504108264862	0.545674238763	0.744804253262	0.658772353794	0.538907684872	0.589656839053	0.547607539874	0.631222812953	0.582406959884	0.672788786854	0.631222812953	0.581440309328	0.606089898502	0.567423876269	0.73610439826	0.68293861769	0.729337844369	0.69453842436	0.668438859352	0.698405026583	0.602223296278	0.595940067666	0.611406476559	0.600289995167	0.602706621556	0.700821652972	0.619623006283	0.686321894635	0.56259062349	0.653455775737
AG8	0.586273562107	0.607056549058	0.838086031899	0.573707104882	0.688738521025	0.574673755437	0.68293861769	0.55099081682	0.537941034316	0.620589656839	0.57177380377	0.655872402127	0.623006283229	0.758337361044	0.665055582407	0.59497341711	0.566940550991	0.563073948768	0.700821652972	0.521024649589	0.487675205413	0.466408893185	0.53697438376	0.528757854036	0.757370710488	0.498308361527	0.513291445143	0.493475108748	0.304494925085	0.0	0.558240695988	0.541324311261	0.544224262929	0.576123731271	0.761237312711	0.677138714355	0.564040599323	0.601256645723	0.585790236829	0.662155630739	0.60415659739	0.675688738521	0.64813919768	0.602223296278	0.630256162397	0.596423392943	0.755920734654	0.698888351861	0.744804253262	0.715804736588	0.695988400193	0.718221362977	0.641372643789	0.625422909618	0.636056065732	0.630256162397	0.638472692122	0.724021266312	0.653939101015	0.710004833253	0.600289995167	0.674722087965
AH7	0.589656839053	0.62493958434	0.950700821653	0.673272112131	0.702754954084	0.587240212663	0.71532141131	0.556790720155	0.549057515708	0.663122281295	0.523924601257	0.666505558241	0.632672788787	0.880618656356	0.681488641856	0.598840019333	0.519574673755	0.474142097632	0.886901884969	0.714354760754	0.565007249879	0.521507974867	0.505074915418	0.505558240696	0.837602706622	0.555340744321	0.485258579024	0.510391493475	0.547124214596	0.558240695988	0.0	0.332527791203	0.567907201547	0.61333977767	0.779603673272	0.710488158531	0.550024166264	0.663122281295	0.602706621556	0.670855485742	0.634606089899	0.767037216046	0.748187530208	0.665055582407	0.644272595457	0.61333977767	0.754470758821	0.718221362977	0.764620589657	0.721121314645	0.706138231029	0.733204446593	0.625906234896	0.616239729338	0.622039632673	0.625422909618	0.620589656839	0.730787820203	0.630256162397	0.721604639923	0.599806669889	0.699855002417
AH8	0.551957467376	0.572257129048	0.945384243596	0.622039632673	0.656355727405	0.526341227646	0.689221846303	0.502658289029	0.485741904302	0.607539874335	0.492025132914	0.61575640406	0.568390526825	0.870952150797	0.62493958434	0.553407443209	0.414693088449	0.381826969551	0.900918318028	0.718704688255	0.554374093765	0.481875302078	0.469308844853	0.470758820686	0.840502658289	0.541807636539	0.475592073465	0.46302561624	0.505074915418	0.541324311261	0.332527791203	0.0	0.498308361527	0.543257612373	0.745770903818	0.669405509908	0.5186080232	0.606089898502	0.532624456259	0.615273078782	0.58095698405	0.728854519091	0.695505074915	0.609473175447	0.595940067666	0.550024166264	0.694055099082	0.65973900435	0.713871435476	0.663122281295	0.6389560174	0.666988883519	0.561623972934	0.554857419043	0.568390526825	0.568873852102	0.559690671822	0.662638956017	0.568390526825	0.669888835186	0.537941034316	0.639922667956
AA5	0.587240212663	0.5186080232	0.955050749154	0.630739487675	0.596423392943	0.443209279845	0.633639439343	0.400676655389	0.396810053166	0.551957467376	0.43740937651	0.54857419043	0.51619139681	0.87046882552	0.540357660706	0.553407443209	0.434026099565	0.434992750121	0.924117931368	0.743837602707	0.563073948768	0.490091831803	0.494441759304	0.499758337361	0.898501691638	0.587723537941	0.434509424843	0.453359110681	0.504108264862	0.544224262929	0.567907201547	0.498308361527	0.0	0.344127597873	0.685838569357	0.58337361044	0.475108748188	0.47462542291	0.456742387627	0.556790720155	0.470758820686	0.631222812953	0.597390043499	0.486708554857	0.544707588207	0.478008699855	0.696471725471	0.642822619623	0.67133881102	0.649105848236	0.637022716288	0.667955534074	0.521991300145	0.541324311261	0.558724021266	0.543740937651	0.524407926535	0.661188980184	0.550507491542	0.628806186564	0.490091831803	0.605606573224
AA6	0.602706621556	0.5186080232	0.960367327211	0.640405993233	0.626872885452	0.46979217013	0.656355727405	0.448525857902	0.448525857902	0.573707104882	0.497825036249	0.578057032383	0.521507974867	0.878685355244	0.568873852102	0.559690671822	0.477042049299	0.489125181247	0.940067665539	0.756404059932	0.601256645723	0.526824552924	0.543257612373	0.546157564041	0.90961817303	0.598840019333	0.483325277912	0.507974867086	0.545674238763	0.576123731271	0.61333977767	0.543257612373	0.344127597873	0.0	0.679555340744	0.583856935718	0.515224746254	0.499758337361	0.478975350411	0.588690188497	0.493958434026	0.66892218463	0.632672788787	0.520541324311	0.477042049299	0.419526341228	0.691638472692	0.639439342678	0.674722087965	0.650072498792	0.628806186564	0.660705654906	0.530691155147	0.536491058482	0.555340744321	0.545190913485	0.536007733204	0.655389076849	0.554374093765	0.632189463509	0.501691638473	0.608989850169
AB5	0.744320927985	0.672788786854	0.974867085549	0.728854519091	0.609473175447	0.649105848236	0.737554374094	0.65973900435	0.662638956017	0.698888351861	0.679555340744	0.619623006283	0.664572257129	0.897535041083	0.711938134364	0.700821652972	0.706621556307	0.710488158531	0.938617689705	0.804253262446	0.81246979217	0.721604639923	0.744804253262	0.742387626873	0.929434509425	0.766553890768	0.702754954084	0.715804736588	0.744804253262	0.761237312711	0.779603673272	0.745770903818	0.685838569357	0.679555340744	0.0	0.345577573707	0.612373127115	0.654422426293	0.637506041566	0.632672788787	0.605123247946	0.742387626873	0.733204446593	0.644272595457	0.637022716288	0.625422909618	0.620589656839	0.626389560174	0.635572740454	0.618173030449	0.627839536008	0.619623006283	0.601739971	0.598840019333	0.624456259062	0.601739971	0.669405509908	0.608506524891	0.662155630739	0.609473175447	0.667472208797	0.613823102948
AB6	0.665055582407	0.595456742388	0.966167230546	0.661672305462	0.562107298212	0.555340744321	0.657805703238	0.561623972934	0.572257129048	0.609473175447	0.605123247946	0.537457709038	0.594490091832	0.886418559691	0.630739487675	0.620106331561	0.632189463509	0.637022716288	0.936684388594	0.757370710488	0.734654422426	0.651039149348	0.667472208797	0.664088931851	0.915901401643	0.69453842436	0.626389560174	0.633156114065	0.658772353794	0.677138714355	0.710488158531	0.669405509908	0.58337361044	0.583856935718	0.345577573707	0.0	0.547124214596	0.564040599323	0.567423876269	0.555824069599	0.5186080232	0.676172063799	0.643305944901	0.531174480425	0.532624456259	0.528757854036	0.589656839053	0.547124214596	0.569840502658	0.541807636539	0.543740937651	0.566940550991	0.511358144031	0.538907684872	0.56935717738	0.541807636539	0.590623489609	0.557274045433	0.583856935718	0.534557757371	0.598840019333	0.519574673755
AC5	0.600289995167	0.571290478492	0.974383760271	0.640889318511	0.602223296278	0.476558724021	0.672305461576	0.448042532624	0.437892701788	0.597873368777	0.430159497342	0.564040599323	0.538424359594	0.890768487192	0.619623006283	0.582890285162	0.476075398743	0.461092315128	0.942484291928	0.755920734654	0.630256162397	0.542290961817	0.510391493475	0.505558240696	0.916868052199	0.605606573224	0.467858869019	0.490091831803	0.538907684872	0.564040599323	0.550024166264	0.5186080232	0.475108748188	0.515224746254	0.612373127115	0.547124214596	0.0	0.454325761237	0.461575640406	0.59255679072	0.499758337361	0.720637989367	0.679555340744	0.550024166264	0.485741904302	0.458675688739	0.597873368777	0.558724021266	0.608506524891	0.567423876269	0.552924117931	0.580473658772	0.487191880135	0.472692121798	0.492508458192	0.4813919768	0.565007249879	0.576123731271	0.578540357661	0.561140647656	0.510391493475	0.529241179314
AC6	0.623006283229	0.537457709038	0.951667472209	0.640405993233	0.568390526825	0.50700821653	0.534557757371	0.478492025133	0.513291445143	0.475592073465	0.552924117931	0.531174480425	0.550507491542	0.862735621073	0.535041082649	0.577573707105	0.572740454326	0.579507008217	0.918801353311	0.73610439826	0.660222329628	0.584823586274	0.602706621556	0.599806669889	0.904301594973	0.61333977767	0.567423876269	0.565007249879	0.589656839053	0.601256645723	0.663122281295	0.606089898502	0.47462542291	0.499758337361	0.654422426293	0.564040599323	0.454325761237	0.0	0.526824552924	0.526824552924	0.467858869019	0.488158530691	0.45142580957	0.413726437893	0.561140647656	0.546640889319	0.667955534074	0.625422909618	0.649589173514	0.622522957951	0.626389560174	0.655389076849	0.553890768487	0.557274045433	0.574190430159	0.554374093765	0.551957467376	0.642822619623	0.563073948768	0.611406476559	0.546640889319	0.596423392943
AD6	0.59255679072	0.532624456259	0.972933784437	0.612856452392	0.585306911551	0.420492991783	0.644755920735	0.4398260029	0.425809569841	0.57177380377	0.435476075399	0.532624456259	0.513291445143	0.886418559691	0.58337361044	0.555340744321	0.486708554857	0.482841952634	0.952150797487	0.76848719188	0.606089898502	0.537941034316	0.528274528758	0.528274528758	0.920251329145	0.605123247946	0.509908168197	0.518124697922	0.547607539874	0.585790236829	0.602706621556	0.532624456259	0.456742387627	0.478975350411	0.637506041566	0.567423876269	0.461575640406	0.526824552924	0.0	0.548090865152	0.410343160947	0.706138231029	0.671822136298	0.54857419043	0.493958434026	0.452875785404	0.616723054616	0.563557274045	0.611406476559	0.576607056549	0.568873852102	0.594006766554	0.479458675689	0.473658772354	0.4813919768	0.480425326245	0.545190913485	0.588690188497	0.552924117931	0.575157080715	0.453842435959	0.537457709038
AE5	0.617689705172	0.538424359594	0.973417109715	0.631706138231	0.559690671822	0.557274045433	0.597873368777	0.564523924601	0.598840019333	0.548090865152	0.614789753504	0.512324794587	0.584823586274	0.884485258579	0.549057515708	0.570323827936	0.606089898502	0.60657322378	0.922667955534	0.743354277429	0.720154664089	0.637022716288	0.647172547124	0.646205896568	0.878202029966	0.651522474625	0.621556307395	0.618173030449	0.631222812953	0.662155630739	0.670855485742	0.615273078782	0.556790720155	0.588690188497	0.632672788787	0.555824069599	0.59255679072	0.526824552924	0.548090865152	0.0	0.365393910101	0.620589656839	0.596906718221	0.52537457709	0.631222812953	0.620589656839	0.639439342678	0.609956500725	0.637022716288	0.602706621556	0.622039632673	0.639922667956	0.533107781537	0.573707104882	0.603189946834	0.558240695988	0.547124214596	0.623489608507	0.545674238763	0.595456742388	0.577573707105	0.601256645723
AE6	0.596423392943	0.50459159014	0.971483808603	0.618656355727	0.541324311261	0.461092315128	0.576123731271	0.458675688739	0.503141614306	0.502174963751	0.521507974867	0.501208313195	0.51619139681	0.881101981634	0.546157564041	0.549057515708	0.543740937651	0.544707588207	0.936201063316	0.753504108265	0.669405509908	0.579990333494	0.594490091832	0.589656839053	0.904784920251	0.626872885452	0.545674238763	0.552924117931	0.582406959884	0.60415659739	0.634606089899	0.58095698405	0.470758820686	0.493958434026	0.605123247946	0.5186080232	0.499758337361	0.467858869019	0.410343160947	0.365393910101	0.0	0.642339294345	0.609956500725	0.471725471242	0.531174480425	0.519574673755	0.626872885452	0.575157080715	0.609473175447	0.581440309328	0.581923634606	0.612373127115	0.478492025133	0.496858385694	0.512324794587	0.484775253746	0.520541324311	0.596423392943	0.52537457709	0.570323827936	0.505074915418	0.555824069599
AF5	0.711454809087	0.647655872402	0.928951184147	0.666988883519	0.652005799903	0.687288545191	0.574673755437	0.654422426293	0.691155147414	0.576607056549	0.731754470759	0.634606089899	0.685355244079	0.845335911068	0.597873368777	0.678588690188	0.731754470759	0.738037699372	0.869985500242	0.71532141131	0.719671338811	0.688738521025	0.724987916868	0.730787820203	0.871918801353	0.702271628806	0.707588206863	0.679555340744	0.672788786854	0.675688738521	0.767037216046	0.728854519091	0.631222812953	0.66892218463	0.742387626873	0.676172063799	0.720637989367	0.488158530691	0.706138231029	0.620589656839	0.642339294345	0.0	0.270662155631	0.550024166264	0.739004349928	0.725471242146	0.762687288545	0.725954567424	0.74528757854	0.71290478492	0.739004349928	0.744320927985	0.698405026583	0.722087965201	0.741420976317	0.721604639923	0.675205413243	0.733204446593	0.675205413243	0.701788303528	0.715804736588	0.719671338811
AF6	0.694055099082	0.614789753504	0.924601256646	0.646689221846	0.640889318511	0.652005799903	0.545674238763	0.613823102948	0.65732237796	0.539874335428	0.695988400193	0.614789753504	0.651039149348	0.841469308845	0.564523924601	0.649589173514	0.699371677139	0.70130497825	0.868535524408	0.701788303528	0.697921701305	0.653939101015	0.691638472692	0.691155147414	0.870952150797	0.675688738521	0.676172063799	0.65055582407	0.631222812953	0.64813919768	0.748187530208	0.695505074915	0.597390043499	0.632672788787	0.733204446593	0.643305944901	0.679555340744	0.45142580957	0.671822136298	0.596906718221	0.609956500725	0.270662155631	0.0	0.51377477042	0.706138231029	0.688738521025	0.749154180764	0.704688255196	0.731271145481	0.699371677139	0.706138231029	0.730787820203	0.666505558241	0.68970517158	0.702754954084	0.686321894635	0.639439342678	0.718704688255	0.637022716288	0.686321894635	0.684871918801	0.680038666022
