	AA3	AA4	AB3	AB4	AC3	AC4	AD3	AD4	AE3	AE4	AF3	AF4	AG3	AG4	AH3	AH4	AA7	AA8	AB7	AB8	AC7	AC8	AD7	AD8	AE7	AE8	AF7	AF8	AG7	AG8	AH7	AH8	AA5	AA6	AB5	AB6	AC5	AC6	AD6	AE5	AE6	AF5	AF6	AG5	AH5	AH6	AA1	AA2	AB1	AB2	AC1	AC2	AD1	AD2	AE1	AE2	AF1	AF2	AG1	AG2	AH1	AH2
AA3	0.0	0.477525374577	0.940067665539	0.629772837119	0.652972450459	0.584340260996	0.647172547124	0.575157080715	0.578057032383	0.618656355727	0.616723054616	0.617689705172	0.57177380377	0.845335911068	0.634122764621	0.323344610923	0.572257129048	0.558724021266	0.874335427743	0.727887868536	0.617689705172	0.565490575157	0.596423392943	0.581923634606	0.832769453842	0.582890285162	0.578057032383	0.570807153214	0.589656839053	0.581923634606	0.580473658772	0.555340744321	0.585790236829	0.580473658772	0.73610439826	0.681488641856	0.589656839053	0.608506524891	0.594490091832	0.626872885452	0.597390043499	0.70130497825	0.692605123248	0.600289995167	0.624456259062	0.612856452392	0.677138714355	0.636056065732	0.706621556307	0.672305461576	0.632672788787	0.650072498792	0.575640405993	0.565490575157	0.560657322378	0.579990333494	0.564040599323	0.653455775737	0.578057032383	0.658772353794	0.576123731271	0.631222812953
AA4	0.477525374577	0.0	0.950700821653	0.580473658772	0.554857419043	0.497825036249	0.56259062349	0.483325277912	0.497341710971	0.519574673755	0.550507491542	0.518124697922	0.477042049299	0.853552440793	0.368293861769	0.362010633156	0.521507974867	0.517641372644	0.893668438859	0.738037699372	0.64813919768	0.580473658772	0.574673755437	0.579990333494	0.878202029966	0.617689705172	0.552924117931	0.557274045433	0.603673272112	0.621556307395	0.623972933784	0.56935717738	0.504108264862	0.514741420976	0.666022232963	0.600289995167	0.546157564041	0.495891735138	0.514741420976	0.521507974867	0.47462542291	0.619139681005	0.59255679072	0.498791686805	0.574190430159	0.567907201547	0.640889318511	0.578057032383	0.626389560174	0.594006766554	0.59255679072	0.626872885452	0.526341227646	0.514741420976	0.537941034316	0.533591106815	0.493958434026	0.61575640406	0.485741904302	0.588206863219	0.533107781537	0.57177380377
AB3	0.940067665539	0.950700821653	0.0	0.69212179797	0.928951184147	0.956984050266	0.9584340261	0.940550990817	0.932334461092	0.951184146931	0.973900434993	0.930401159981	0.966650555824	0.362493958434	0.958917351377	0.945867568874	0.975350410826	0.96761720638	0.750120831319	0.74770420493	0.892701788304	0.907201546641	0.959884001933	0.95601739971	0.851135814403	0.892701788304	0.942000966651	0.93523441276	0.842435959401	0.841952634123	0.952634122765	0.951667472209	0.95601739971	0.962783953601	0.973417109715	0.961817303045	0.973900434993	0.959884001933	0.973900434993	0.973900434993	0.972933784437	0.936684388594	0.941517641373	0.950217496375	0.975833736104	0.971967133881	0.973417109715	0.973417109715	0.973900434993	0.972933784437	0.972933784437	0.970517158047	0.974383760271	0.975833736104	0.977283711938	0.975350410826	0.974383760271	0.972450459159	0.973417109715	0.974867085549	0.973417109715	0.973417109715
AB4	0.629772837119	0.580473658772	0.69212179797	0.0	0.633156114065	0.609956500725	0.663122281295	0.599806669889	0.600773320445	0.617206379894	0.641855969067	0.604639922668	0.480425326245	0.566940550991	0.585790236829	0.582890285162	0.640889318511	0.622039632673	0.73610439826	0.584340260996	0.656355727405	0.623972933784	0.65732237796	0.651522474625	0.797486708555	0.626872885452	0.654422426293	0.646689221846	0.559690671822	0.584823586274	0.689221846303	0.643789270179	0.630256162397	0.649589173514	0.728854519091	0.67133881102	0.649589173514	0.62493958434	0.623489608507	0.622039632673	0.610923151281	0.64572257129	0.637506041566	0.606089898502	0.686321894635	0.677622039633	0.699855002417	0.654422426293	0.698888351861	0.667472208797	0.660705654906	0.677138714355	0.622039632673	0.644755920735	0.671822136298	0.632672788787	0.639439342678	0.677138714355	0.632189463509	0.66892218463	0.653455775737	0.666505558241
AC3	0.652972450459	0.554857419043	0.928951184147	0.633156114065	0.0	0.478975350411	0.623489608507	0.553890768487	0.566940550991	0.593040115998	0.61575640406	0.326727887869	0.597873368777	0.83566940551	0.578057032383	0.596423392943	0.623489608507	0.589656839053	0.884001933301	0.762203963267	0.729821169647	0.681488641856	0.713388110198	0.713871435476	0.835186080232	0.682455292412	0.664088931851	0.683905268246	0.684871918801	0.696471725471	0.702754954084	0.665538907685	0.608989850169	0.632189463509	0.630739487675	0.588690188497	0.618173030449	0.574190430159	0.582890285162	0.53697438376	0.561140647656	0.653455775737	0.640889318511	0.558724021266	0.65055582407	0.654422426293	0.599323344611	0.590140164331	0.579990333494	0.588690188497	0.600773320445	0.59497341711	0.538424359594	0.581440309328	0.599323344611	0.572257129048	0.621072982117	0.582406959884	0.607056549058	0.600289995167	0.609956500725	0.591106814886
AC4	0.584340260996	0.497825036249	0.956984050266	0.609956500725	0.478975350411	0.0	0.602706621556	0.423876268729	0.401159980667	0.511358144031	0.338327694538	0.410826486225	0.515224746254	0.859835669406	0.561140647656	0.53020782987	0.480908651522	0.450942484292	0.920734654422	0.764137264379	0.590623489609	0.53697438376	0.520057999033	0.529724504592	0.882068632189	0.579023682939	0.501208313195	0.521991300145	0.547124214596	0.558724021266	0.577090381827	0.5186080232	0.458675688739	0.490575157081	0.631222812953	0.56935717738	0.448042532624	0.50700821653	0.444659255679	0.548090865152	0.488158530691	0.680038666022	0.652005799903	0.514741420976	0.51377477042	0.506041565974	0.625906234896	0.566457225713	0.603189946834	0.582406959884	0.569840502658	0.602223296278	0.494925084582	0.520057999033	0.51377477042	0.510874818753	0.540357660706	0.598356694055	0.53020782987	0.581923634606	0.487191880135	0.563073948768
AD3	0.647172547124	0.56259062349	0.9584340261	0.663122281295	0.623489608507	0.602706621556	0.0	0.523924601257	0.622522957951	0.366843885935	0.656839052682	0.606089898502	0.636056065732	0.864668922185	0.562107298212	0.620106331561	0.670372160464	0.669888835186	0.935717738038	0.78008699855	0.700338327695	0.674238762687	0.681488641856	0.676655389077	0.910584823586	0.676172063799	0.681005316578	0.677622039633	0.674722087965	0.665055582407	0.699371677139	0.671822136298	0.616239729338	0.629289511841	0.729337844369	0.674722087965	0.655389076849	0.522474625423	0.615273078782	0.579507008217	0.565007249879	0.558240695988	0.542290961817	0.528757854036	0.6805219913	0.675688738521	0.762687288545	0.694055099082	0.726437892702	0.710488158531	0.702754954084	0.73368777187	0.648622522958	0.64813919768	0.655872402127	0.656839052682	0.619139681005	0.719188013533	0.622039632673	0.71290478492	0.673755437409	0.691155147414
AD4	0.575157080715	0.483325277912	0.940550990817	0.599806669889	0.553890768487	0.423876268729	0.523924601257	0.0	0.318511358144	0.416143064282	0.430159497342	0.512324794587	0.520057999033	0.848719188014	0.538907684872	0.525857902368	0.460125664572	0.440309328178	0.93281778637	0.77090381827	0.576123731271	0.499758337361	0.490091831803	0.490091831803	0.898018366361	0.595940067666	0.458192363461	0.482358627356	0.511358144031	0.560657322378	0.547607539874	0.493958434026	0.403576607057	0.460125664572	0.663605606573	0.601739971	0.438859352344	0.490091831803	0.457225712905	0.559690671822	0.488641855969	0.650072498792	0.616723054616	0.491058482359	0.519574673755	0.497341710971	0.660705654906	0.602706621556	0.641372643789	0.625422909618	0.604639922668	0.640889318511	0.523924601257	0.533107781537	0.529724504592	0.537457709038	0.536491058482	0.633639439343	0.534074432093	0.623489608507	0.507491541808	0.603189946834
AE3	0.578057032383	0.497341710971	0.932334461092	0.600773320445	0.566940550991	0.401159980667	0.622522957951	0.318511358144	0.0	0.512324794587	0.405509908168	0.522474625423	0.511841469309	0.845335911068	0.545190913485	0.521991300145	0.443209279845	0.422909618173	0.926051232479	0.766070565491	0.55099081682	0.476558724021	0.477525374577	0.489608506525	0.889318511358	0.588690188497	0.454325761237	0.470758820686	0.50459159014	0.54857419043	0.549540840986	0.492025132914	0.402609956501	0.461092315128	0.673272112131	0.614306428226	0.440309328178	0.520057999033	0.457709038183	0.601256645723	0.524891251812	0.68970517158	0.656355727405	0.5186080232	0.512808119865	0.488641855969	0.665538907685	0.606089898502	0.65055582407	0.627839536008	0.605123247946	0.646205896568	0.533591106815	0.544224262929	0.545190913485	0.547607539874	0.539874335428	0.644272595457	0.544707588207	0.623972933784	0.497341710971	0.600773320445
AE4	0.618656355727	0.519574673755	0.951184146931	0.617206379894	0.593040115998	0.511358144031	0.366843885935	0.416143064282	0.512324794587	0.0	0.570323827936	0.560657322378	0.591590140164	0.855969067182	0.537457709038	0.571290478492	0.585790236829	0.585306911551	0.939101014983	0.777187046883	0.647172547124	0.589173513775	0.596423392943	0.589656839053	0.907684871919	0.619139681005	0.590623489609	0.590140164331	0.589173513775	0.602223296278	0.635089415176	0.584340260996	0.533591106815	0.547124214596	0.699855002417	0.638472692122	0.574190430159	0.475108748188	0.541324311261	0.542774287095	0.529241179314	0.589173513775	0.562107298212	0.505558240696	0.609473175447	0.600289995167	0.716771387144	0.656839052682	0.706621556307	0.683905268246	0.669888835186	0.704688255196	0.610439826003	0.612373127115	0.599806669889	0.616723054616	0.576607056549	0.688738521025	0.579023682939	0.686321894635	0.593523441276	0.660222329628
AF3	0.616723054616	0.550507491542	0.973900434993	0.641855969067	0.61575640406	0.338327694538	0.656839052682	0.430159497342	0.405509908168	0.570323827936	0.0	0.542774287095	0.535041082649	0.880618656356	0.592073465442	0.579023682939	0.4398260029	0.420492991783	0.957467375544	0.803769937168	0.589173513775	0.531657805703	0.433542774287	0.442725954567	0.922184630256	0.623489608507	0.446592556791	0.49540840986	0.54857419043	0.58337361044	0.533107781537	0.501208313195	0.438859352344	0.506041565974	0.670855485742	0.62735621073	0.433059449009	0.547607539874	0.471725471242	0.613823102948	0.532624456259	0.717254712421	0.686805219913	0.553407443209	0.512324794587	0.504108264862	0.664572257129	0.608023199613	0.662638956017	0.625906234896	0.602706621556	0.640405993233	0.541807636539	0.53939101015	0.544707588207	0.541324311261	0.575157080715	0.639439342678	0.565973900435	0.628806186564	0.498308361527	0.600289995167
AF4	0.617689705172	0.518124697922	0.930401159981	0.604639922668	0.326727887869	0.410826486225	0.606089898502	0.512324794587	0.522474625423	0.560657322378	0.542774287095	0.0	0.563557274045	0.837119381344	0.554857419043	0.556307394877	0.585306911551	0.563557274045	0.888351860802	0.734654422426	0.686805219913	0.630739487675	0.658289028516	0.662155630739	0.852102464959	0.630256162397	0.612856452392	0.638472692122	0.637506041566	0.642822619623	0.674238762687	0.626389560174	0.551474142098	0.580473658772	0.589173513775	0.522474625423	0.547607539874	0.543740937651	0.544224262929	0.507974867086	0.517158047366	0.630256162397	0.609956500725	0.535041082649	0.571290478492	0.572740454326	0.59497341711	0.540357660706	0.566940550991	0.547607539874	0.554857419043	0.58095698405	0.492025132914	0.523441275979	0.542290961817	0.521507974867	0.577090381827	0.572257129048	0.567907201547	0.549057515708	0.570807153214	0.537457709038
AG3	0.57177380377	0.477042049299	0.966650555824	0.480425326245	0.597873368777	0.515224746254	0.636056065732	0.520057999033	0.511841469309	0.591590140164	0.535041082649	0.563557274045	0.0	0.839052682455	0.515708071532	0.51377477042	0.499275012083	0.482358627356	0.928467858869	0.77090381827	0.65732237796	0.600773320445	0.58095698405	0.595456742388	0.884968583857	0.623006283229	0.557274045433	0.566457225713	0.611889801837	0.626872885452	0.631222812953	0.572740454326	0.516674722088	0.526341227646	0.665538907685	0.616239729338	0.53697438376	0.551474142098	0.50459159014	0.565490575157	0.506041565974	0.675688738521	0.653939101015	0.53939101015	0.571290478492	0.562107298212	0.62493958434	0.57177380377	0.629289511841	0.597873368777	0.581440309328	0.600289995167	0.519091348478	0.521024649589	0.554374093765	0.529241179314	0.535524407927	0.601256645723	0.535524407927	0.602706621556	0.51619139681	0.573707104882
AG4	0.845335911068	0.853552440793	0.362493958434	0.566940550991	0.83566940551	0.859835669406	0.864668922185	0.848719188014	0.845335911068	0.855969067182	0.880618656356	0.837119381344	0.839052682455	0.0	0.862735621073	0.848719188014	0.887385210246	0.882068632189	0.706621556307	0.667955534074	0.810536491058	0.826969550507	0.875302078299	0.872402126631	0.819719671339	0.807153214113	0.860318994683	0.853552440793	0.757854035766	0.741904301595	0.873852102465	0.864668922185	0.866602223296	0.876268728855	0.896568390527	0.878202029966	0.883518608023	0.863702271629	0.876268728855	0.87723537941	0.876752054132	0.842919284679	0.852585790237	0.856935717738	0.887385210246	0.885935234413	0.880135331078	0.8796520058	0.882551957467	0.878685355244	0.887385210246	0.881585306912	0.886418559691	0.884485258579	0.890285161914	0.884001933301	0.883035282745	0.883518608023	0.879168680522	0.8796520058	0.888351860802	0.885451909135
AH3	0.634122764621	0.368293861769	0.958917351377	0.585790236829	0.578057032383	0.561140647656	0.562107298212	0.538907684872	0.545190913485	0.537457709038	0.592073465442	0.554857419043	0.515708071532	0.862735621073	0.0	0.50700821653	0.579990333494	0.575640405993	0.925567907202	0.773320444659	0.692605123248	0.630739487675	0.617206379894	0.62735621073	0.898501691638	0.674238762687	0.616239729338	0.608506524891	0.65732237796	0.673755437409	0.688738521025	0.635089415176	0.533591106815	0.558724021266	0.700821652972	0.637989366844	0.611889801837	0.515224746254	0.559207346544	0.536491058482	0.525857902368	0.579507008217	0.548090865152	0.528757854036	0.626872885452	0.622522957951	0.690671822136	0.609956500725	0.652972450459	0.639439342678	0.621556307395	0.659255679072	0.584340260996	0.584340260996	0.610439826003	0.595456742388	0.563557274045	0.652005799903	0.548090865152	0.63653939101	0.591590140164	0.602223296278
AH4	0.323344610923	0.362010633156	0.945867568874	0.582890285162	0.596423392943	0.53020782987	0.620106331561	0.525857902368	0.521991300145	0.571290478492	0.579023682939	0.556307394877	0.51377477042	0.848719188014	0.50700821653	0.0	0.531174480425	0.524407926535	0.876752054132	0.732237796037	0.628322861286	0.559690671822	0.574673755437	0.570323827936	0.851135814403	0.597873368777	0.555824069599	0.551957467376	0.587723537941	0.601739971	0.597390043499	0.547607539874	0.536491058482	0.541807636539	0.693571773804	0.621072982117	0.564040599323	0.565007249879	0.541324311261	0.560657322378	0.536007733204	0.666505558241	0.641855969067	0.561623972934	0.595940067666	0.581923634606	0.655872402127	0.601739971	0.65973900435	0.631222812953	0.604639922668	0.628806186564	0.53939101015	0.536007733204	0.54857419043	0.539874335428	0.503141614306	0.631222812953	0.514258095698	0.617206379894	0.553407443209	0.597873368777
AA7	0.572257129048	0.521507974867	0.975350410826	0.640889318511	0.623489608507	0.480908651522	0.670372160464	0.460125664572	0.443209279845	0.585790236829	0.4398260029	0.585306911551	0.499275012083	0.887385210246	0.579990333494	0.531174480425	0.0	0.301111648139	0.934751087482	0.783953600773	0.589656839053	0.516674722088	0.467375543741	0.485741904302	0.885935234413	0.60657322378	0.454325761237	0.454809086515	0.544224262929	0.577573707105	0.526341227646	0.435959400677	0.434026099565	0.485258579024	0.705171580474	0.653455775737	0.46979217013	0.564040599323	0.495891735138	0.604639922668	0.555824069599	0.71290478492	0.68970517158	0.56935717738	0.551957467376	0.533591106815	0.669405509908	0.608989850169	0.668438859352	0.640405993233	0.604639922668	0.643305944901	0.536491058482	0.546157564041	0.547124214596	0.545190913485	0.525857902368	0.637506041566	0.53020782987	0.641372643789	0.499275012083	0.600289995167
AA8	0.558724021266	0.517641372644	0.96761720638	0.622039632673	0.589656839053	0.450942484292	0.669888835186	0.440309328178	0.422909618173	0.585306911551	0.420492991783	0.563557274045	0.482358627356	0.882068632189	0.575640405993	0.524407926535	0.301111648139	0.0	0.916868052199	0.762687288545	0.568390526825	0.491541807637	0.450942484292	0.469308844853	0.855002416626	0.579023682939	0.434992750121	0.444659255679	0.526824552924	0.556790720155	0.477525374577	0.380376993717	0.426292895118	0.480908651522	0.687288545191	0.634122764621	0.443209279845	0.554857419043	0.46979217013	0.598356694055	0.53697438376	0.71532141131	0.688255195747	0.555824069599	0.534074432093	0.509424842919	0.634606089899	0.581440309328	0.644755920735	0.618656355727	0.575157080715	0.608989850169	0.502174963751	0.522474625423	0.526341227646	0.522474625423	0.529724504592	0.605123247946	0.532624456259	0.628322861286	0.474142097632	0.57177380377
AB7	0.874335427743	0.893668438859	0.750120831319	0.73610439826	0.884001933301	0.920734654422	0.935717738038	0.93281778637	0.926051232479	0.939101014983	0.957467375544	0.888351860802	0.928467858869	0.706621556307	0.925567907202	0.876752054132	0.934751087482	0.916868052199	0.0	0.392460125665	0.808603189947	0.852102464959	0.938134364427	0.929917834703	0.73610439826	0.81246979217	0.898985016916	0.881101981634	0.728371193813	0.698405026583	0.889318511358	0.898018366361	0.924117931368	0.936201063316	0.939101014983	0.922667955534	0.937651039149	0.920734654422	0.945384243596	0.925567907202	0.940550990817	0.86805219913	0.876752054132	0.907684871919	0.963267278879	0.955050749154	0.930884485259	0.929434509425	0.932334461092	0.93281778637	0.931851135814	0.923151280812	0.915901401643	0.920251329145	0.929917834703	0.914934751087	0.922667955534	0.92363460609	0.922184630256	0.924601256646	0.948284195263	0.926051232479
AB8	0.727887868536	0.738037699372	0.74770420493	0.584340260996	0.762203963267	0.764137264379	0.78008699855	0.77090381827	0.766070565491	0.777187046883	0.803769937168	0.734654422426	0.77090381827	0.667955534074	0.773320444659	0.732237796037	0.783953600773	0.762687288545	0.392460125665	0.0	0.658772353794	0.688738521025	0.774287095215	0.763653939101	0.719188013533	0.656839052682	0.73368777187	0.713871435476	0.526341227646	0.523924601257	0.737554374094	0.739487675205	0.769453842436	0.772837119381	0.819236346061	0.766553890768	0.778637022716	0.757370710488	0.786370227163	0.766070565491	0.777187046883	0.729337844369	0.73368777187	0.752537457709	0.807153214113	0.800386660222	0.816819719671	0.771870468826	0.801353310778	0.777187046883	0.78250362494	0.787336877719	0.768970517158	0.77090381827	0.781053649106	0.763653939101	0.766070565491	0.784920251329	0.766070565491	0.767037216046	0.786853552441	0.775253745771
AC7	0.617689705172	0.64813919768	0.892701788304	0.656355727405	0.729821169647	0.590623489609	0.700338327695	0.576123731271	0.55099081682	0.647172547124	0.589173513775	0.686805219913	0.65732237796	0.810536491058	0.692605123248	0.628322861286	0.589656839053	0.568390526825	0.808603189947	0.658772353794	0.0	0.353794103432	0.565007249879	0.563073948768	0.822136297728	0.577090381827	0.542290961817	0.51377477042	0.473175447076	0.478492025133	0.565973900435	0.540840985984	0.553890768487	0.590623489609	0.797970033833	0.747220879652	0.620589656839	0.654422426293	0.614789753504	0.725954567424	0.671822136298	0.717254712421	0.704688255196	0.637506041566	0.637022716288	0.618173030449	0.813919768004	0.755920734654	0.796036732721	0.781536974384	0.742387626873	0.776703721605	0.683905268246	0.678105364911	0.673755437409	0.684388593523	0.655872402127	0.776220396327	0.65973900435	0.77090381827	0.61575640406	0.750120831319
AC8	0.565490575157	0.580473658772	0.907201546641	0.623972933784	0.681488641856	0.53697438376	0.674238762687	0.499758337361	0.476558724021	0.589173513775	0.531657805703	0.630739487675	0.600773320445	0.826969550507	0.630739487675	0.559690671822	0.516674722088	0.491541807637	0.852102464959	0.688738521025	0.353794103432	0.0	0.484291928468	0.485258579024	0.836636056066	0.546157564041	0.408893185114	0.383760270662	0.448525857902	0.46979217013	0.520057999033	0.471725471242	0.480908651522	0.520057999033	0.734171097148	0.676655389077	0.53697438376	0.590623489609	0.551957467376	0.664088931851	0.602706621556	0.678588690188	0.653455775737	0.58337361044	0.575640405993	0.558240695988	0.746737554374	0.681488641856	0.739487675205	0.721604639923	0.674722087965	0.709521507975	0.614306428226	0.607056549058	0.60657322378	0.612856452392	0.582406959884	0.709521507975	0.594490091832	0.707588206863	0.549540840986	0.675688738521
AD7	0.596423392943	0.574673755437	0.959884001933	0.65732237796	0.713388110198	0.520057999033	0.681488641856	0.490091831803	0.477525374577	0.596423392943	0.433542774287	0.658289028516	0.58095698405	0.875302078299	0.617206379894	0.574673755437	0.467375543741	0.450942484292	0.938134364427	0.774287095215	0.565007249879	0.484291928468	0.0	0.300144997583	0.897535041083	0.526824552924	0.425326244563	0.445625906235	0.503141614306	0.553890768487	0.505074915418	0.461575640406	0.470275495408	0.5186080232	0.737071048816	0.683905268246	0.505074915418	0.586273562107	0.544224262929	0.651522474625	0.607539874335	0.723054615756	0.691155147414	0.593523441276	0.563557274045	0.544707588207	0.740454325761	0.673755437409	0.736587723538	0.71532141131	0.667472208797	0.70130497825	0.611889801837	0.60415659739	0.596423392943	0.614306428226	0.569840502658	0.708554857419	0.580473658772	0.70372160464	0.556307394877	0.665538907685
AD8	0.581923634606	0.579990333494	0.95601739971	0.651522474625	0.713871435476	0.529724504592	0.676655389077	0.490091831803	0.489608506525	0.589656839053	0.442725954567	0.662155630739	0.595456742388	0.872402126631	0.62735621073	0.570323827936	0.485741904302	0.469308844853	0.929917834703	0.763653939101	0.563073948768	0.485258579024	0.300144997583	0.0	0.869018849686	0.498791686805	0.432092798453	0.456259062349	0.497341710971	0.541324311261	0.505558240696	0.461575640406	0.488158530691	0.535524407927	0.746254229096	0.69212179797	0.510391493475	0.589173513775	0.556307394877	0.655389076849	0.610923151281	0.716771387144	0.69212179797	0.595940067666	0.567423876269	0.559207346544	0.743837602707	0.677138714355	0.739004349928	0.71290478492	0.666505558241	0.702271628806	0.618173030449	0.610439826003	0.603673272112	0.620106331561	0.586756887385	0.705654905752	0.594490091832	0.70372160464	0.55775737071	0.67133881102
AE7	0.832769453842	0.878202029966	0.851135814403	0.797486708555	0.835186080232	0.882068632189	0.910584823586	0.898018366361	0.889318511358	0.907684871919	0.922184630256	0.852102464959	0.884968583857	0.819719671339	0.898501691638	0.851135814403	0.885935234413	0.855002416626	0.73610439826	0.719188013533	0.822136297728	0.836636056066	0.897535041083	0.869018849686	0.0	0.547124214596	0.875785403577	0.864668922185	0.771387143548	0.754470758821	0.837119381344	0.840502658289	0.899951667472	0.908651522475	0.926051232479	0.905751570807	0.905751570807	0.903818269696	0.918318028033	0.872885451909	0.906234896085	0.869985500242	0.882068632189	0.880135331078	0.936684388594	0.927501208313	0.88883518608	0.897051715805	0.906234896085	0.894151764137	0.904784920251	0.899468342194	0.885935234413	0.898985016916	0.90285161914	0.895118414693	0.904301594973	0.888351860802	0.900918318028	0.894635089415	0.91445142581	0.893185113581
AE8	0.582890285162	0.617689705172	0.892701788304	0.626872885452	0.682455292412	0.579023682939	0.676172063799	0.595940067666	0.588690188497	0.619139681005	0.623489608507	0.630256162397	0.623006283229	0.807153214113	0.674238762687	0.597873368777	0.60657322378	0.579023682939	0.81246979217	0.656839052682	0.577090381827	0.546157564041	0.526824552924	0.498791686805	0.547124214596	0.0	0.576123731271	0.565007249879	0.510874818753	0.499275012083	0.577090381827	0.563557274045	0.601256645723	0.608506524891	0.753020782987	0.696471725471	0.608989850169	0.610923151281	0.620589656839	0.652489125181	0.647655872402	0.684388593523	0.675688738521	0.599806669889	0.636056065732	0.631222812953	0.752537457709	0.692605123248	0.753987433543	0.707588206863	0.700338327695	0.734654422426	0.644755920735	0.646689221846	0.637506041566	0.650072498792	0.637506041566	0.722571290478	0.642822619623	0.702754954084	0.61333977767	0.679555340744
AF7	0.578057032383	0.552924117931	0.942000966651	0.654422426293	0.664088931851	0.501208313195	0.681005316578	0.458192363461	0.454325761237	0.590623489609	0.446592556791	0.612856452392	0.557274045433	0.860318994683	0.616239729338	0.555824069599	0.454325761237	0.434992750121	0.898985016916	0.73368777187	0.542290961817	0.408893185114	0.425326244563	0.432092798453	0.875785403577	0.576123731271	0.0	0.318511358144	0.488158530691	0.526341227646	0.487191880135	0.459642339294	0.437892701788	0.485741904302	0.693571773804	0.637989366844	0.468342194297	0.552440792653	0.504108264862	0.620589656839	0.5601739971	0.702271628806	0.664088931851	0.555824069599	0.537941034316	0.519091348478	0.681488641856	0.626872885452	0.692605123248	0.670372160464	0.619623006283	0.648622522958	0.565007249879	0.558240695988	0.554857419043	0.567907201547	0.556790720155	0.646689221846	0.556790720155	0.662155630739	0.506041565974	0.625422909618
AF8	0.570807153214	0.557274045433	0.93523441276	0.646689221846	0.683905268246	0.521991300145	0.677622039633	0.482358627356	0.470758820686	0.590140164331	0.49540840986	0.638472692122	0.566457225713	0.853552440793	0.608506524891	0.551957467376	0.454809086515	0.444659255679	0.881101981634	0.713871435476	0.51377477042	0.383760270662	0.445625906235	0.456259062349	0.864668922185	0.565007249879	0.318511358144	0.0	0.476558724021	0.508458192363	0.503624939584	0.452875785404	0.443209279845	0.495891735138	0.711938134364	0.65055582407	0.48380860319	0.565007249879	0.52779120348	0.624456259062	0.577573707105	0.683421942968	0.650072498792	0.561140647656	0.555340744321	0.544224262929	0.699855002417	0.643789270179	0.706621556307	0.684388593523	0.642822619623	0.667472208797	0.577090381827	0.570323827936	0.566940550991	0.574673755437	0.544707588207	0.661188980184	0.548090865152	0.673755437409	0.517158047366	0.635089415176
AG7	0.589656839053	0.603673272112	0.842435959401	0.559690671822	0.684871918801	0.547124214596	0.674722087965	0.511358144031	0.50459159014	0.589173513775	0.54857419043	0.637506041566	0.611889801837	0.757854035766	0.65732237796	0.587723537941	0.544224262929	0.526824552924	0.728371193813	0.526341227646	0.473175447076	0.448525857902	0.503141614306	0.497341710971	0.771387143548	0.510874818753	0.488158530691	0.476558724021	0.0	0.311261478975	0.55775737071	0.519091348478	0.515224746254	0.551474142098	0.746254229096	0.68293861769	0.543740937651	0.577573707105	0.573707104882	0.653455775737	0.61575640406	0.666022232963	0.640405993233	0.570807153214	0.600289995167	0.591590140164	0.745770903818	0.677138714355	0.740454325761	0.720154664089	0.675205413243	0.710971483809	0.624456259062	0.623972933784	0.609473175447	0.625906234896	0.616723054616	0.711454809087	0.625422909618	0.709521507975	0.578057032383	0.672305461576
AG8	0.581923634606	0.621556307395	0.841952634123	0.584823586274	0.696471725471	0.558724021266	0.665055582407	0.560657322378	0.54857419043	0.602223296278	0.58337361044	0.642822619623	0.626872885452	0.741904301595	0.673755437409	0.601739971	0.577573707105	0.556790720155	0.698405026583	0.523924601257	0.478492025133	0.46979217013	0.553890768487	0.541324311261	0.754470758821	0.499275012083	0.526341227646	0.508458192363	0.311261478975	0.0	0.556790720155	0.535041082649	0.561623972934	0.585306911551	0.755437409377	0.69453842436	0.577573707105	0.594006766554	0.59497341711	0.655872402127	0.624456259062	0.669888835186	0.658289028516	0.59497341711	0.630739487675	0.619623006283	0.761720637989	0.690671822136	0.749637506042	0.726437892702	0.696955050749	0.728854519091	0.64572257129	0.640889318511	0.629289511841	0.645239246013	0.639922667956	0.72450459159	0.645239246013	0.710971483809	0.603189946834	0.687771870469
AH7	0.580473658772	0.623972933784	0.952634122765	0.689221846303	0.702754954084	0.577090381827	0.699371677139	0.547607539874	0.549540840986	0.635089415176	0.533107781537	0.674238762687	0.631222812953	0.873852102465	0.688738521025	0.597390043499	0.526341227646	0.477525374577	0.889318511358	0.737554374094	0.565973900435	0.520057999033	0.505074915418	0.505558240696	0.837119381344	0.577090381827	0.487191880135	0.503624939584	0.55775737071	0.556790720155	0.0	0.327211213146	0.563557274045	0.610439826003	0.774770420493	0.728854519091	0.556307394877	0.652489125181	0.612856452392	0.67133881102	0.651522474625	0.762687288545	0.745770903818	0.650072498792	0.642339294345	0.636056065732	0.764137264379	0.714354760754	0.764620589657	0.738037699372	0.70372160464	0.733204446593	0.634606089899	0.640889318511	0.625422909618	0.652005799903	0.62493958434	0.734171097148	0.621556307395	0.725954567424	0.601256645723	0.708071532141
AH8	0.555340744321	0.56935717738	0.951667472209	0.643789270179	0.665538907685	0.5186080232	0.671822136298	0.493958434026	0.492025132914	0.584340260996	0.501208313195	0.626389560174	0.572740454326	0.864668922185	0.635089415176	0.547607539874	0.435959400677	0.380376993717	0.898018366361	0.739487675205	0.540840985984	0.471725471242	0.461575640406	0.461575640406	0.840502658289	0.563557274045	0.459642339294	0.452875785404	0.519091348478	0.535041082649	0.327211213146	0.0	0.498308361527	0.546640889319	0.747220879652	0.688738521025	0.499275012083	0.602706621556	0.554857419043	0.62735621073	0.603673272112	0.72450459159	0.700338327695	0.602706621556	0.585306911551	0.569840502658	0.710488158531	0.65732237796	0.717254712421	0.686805219913	0.644272595457	0.674238762687	0.585790236829	0.588206863219	0.575157080715	0.598356694055	0.567423876269	0.676172063799	0.568873852102	0.677138714355	0.550507491542	0.652489125181
AA5	0.585790236829	0.504108264862	0.95601739971	0.630256162397	0.608989850169	0.458675688739	0.616239729338	0.403576607057	0.402609956501	0.533591106815	0.438859352344	0.551474142098	0.516674722088	0.866602223296	0.533591106815	0.536491058482	0.434026099565	0.426292895118	0.924117931368	0.769453842436	0.553890768487	0.480908651522	0.470275495408	0.488158530691	0.899951667472	0.601256645723	0.437892701788	0.443209279845	0.515224746254	0.561623972934	0.563557274045	0.498308361527	0.0	0.335911068149	0.679072015466	0.603673272112	0.459159014016	0.468825519575	0.478008699855	0.552440792653	0.49540840986	0.623972933784	0.587723537941	0.466892218463	0.526341227646	0.490091831803	0.692605123248	0.633156114065	0.67133881102	0.656355727405	0.635089415176	0.675688738521	0.542290961817	0.565973900435	0.565490575157	0.561140647656	0.530691155147	0.666022232963	0.541807636539	0.646205896568	0.514258095698	0.624456259062
AA6	0.580473658772	0.514741420976	0.962783953601	0.649589173514	0.632189463509	0.490575157081	0.629289511841	0.460125664572	0.461092315128	0.547124214596	0.506041565974	0.580473658772	0.526341227646	0.876268728855	0.558724021266	0.541807636539	0.485258579024	0.480908651522	0.936201063316	0.772837119381	0.590623489609	0.520057999033	0.5186080232	0.535524407927	0.908651522475	0.608506524891	0.485741904302	0.495891735138	0.551474142098	0.585306911551	0.610439826003	0.546640889319	0.335911068149	0.0	0.681971967134	0.606089898502	0.517158047366	0.487675205413	0.486708554857	0.568390526825	0.50459159014	0.651522474625	0.618656355727	0.50700821653	0.465442242629	0.43740937651	0.698888351861	0.639439342678	0.678105364911	0.665538907685	0.638472692122	0.676172063799	0.549540840986	0.567907201547	0.566457225713	0.565973900435	0.53697438376	0.672305461576	0.543257612373	0.647655872402	0.5186080232	0.628322861286
AB5	0.73610439826	0.666022232963	0.973417109715	0.728854519091	0.630739487675	0.631222812953	0.729337844369	0.663605606573	0.673272112131	0.699855002417	0.670855485742	0.589173513775	0.665538907685	0.896568390527	0.700821652972	0.693571773804	0.705171580474	0.687288545191	0.939101014983	0.819236346061	0.797970033833	0.734171097148	0.737071048816	0.746254229096	0.926051232479	0.753020782987	0.693571773804	0.711938134364	0.746254229096	0.755437409377	0.774770420493	0.747220879652	0.679072015466	0.681971967134	0.0	0.312711454809	0.605606573224	0.652489125181	0.633639439343	0.629289511841	0.605606573224	0.744320927985	0.722087965201	0.642339294345	0.616723054616	0.616723054616	0.623972933784	0.61333977767	0.623972933784	0.60415659739	0.619139681005	0.621072982117	0.591590140164	0.603673272112	0.621072982117	0.603189946834	0.673272112131	0.598840019333	0.654905751571	0.609473175447	0.669888835186	0.615273078782
AB6	0.681488641856	0.600289995167	0.961817303045	0.67133881102	0.588690188497	0.56935717738	0.674722087965	0.601739971	0.614306428226	0.638472692122	0.62735621073	0.522474625423	0.616239729338	0.878202029966	0.637989366844	0.621072982117	0.653455775737	0.634122764621	0.922667955534	0.766553890768	0.747220879652	0.676655389077	0.683905268246	0.69212179797	0.905751570807	0.696471725471	0.637989366844	0.65055582407	0.68293861769	0.69453842436	0.728854519091	0.688738521025	0.603673272112	0.606089898502	0.312711454809	0.0	0.558724021266	0.584340260996	0.581440309328	0.55775737071	0.544224262929	0.675688738521	0.649105848236	0.555824069599	0.560657322378	0.551957467376	0.584340260996	0.540840985984	0.570807153214	0.544707588207	0.55099081682	0.56935717738	0.528274528758	0.554374093765	0.577090381827	0.552440792653	0.608023199613	0.550024166264	0.590623489609	0.546640889319	0.623006283229	0.538424359594
AC5	0.589656839053	0.546157564041	0.973900434993	0.649589173514	0.618173030449	0.448042532624	0.655389076849	0.438859352344	0.440309328178	0.574190430159	0.433059449009	0.547607539874	0.53697438376	0.883518608023	0.611889801837	0.564040599323	0.46979217013	0.443209279845	0.937651039149	0.778637022716	0.620589656839	0.53697438376	0.505074915418	0.510391493475	0.905751570807	0.608989850169	0.468342194297	0.48380860319	0.543740937651	0.577573707105	0.556307394877	0.499275012083	0.459159014016	0.517158047366	0.605606573224	0.558724021266	0.0	0.432576123731	0.470275495408	0.569840502658	0.525857902368	0.70130497825	0.662155630739	0.537941034316	0.48380860319	0.465925567907	0.595940067666	0.547607539874	0.609956500725	0.571290478492	0.556790720155	0.584823586274	0.490091831803	0.483325277912	0.485258579024	0.485741904302	0.55775737071	0.570323827936	0.556307394877	0.558724021266	0.505074915418	0.53939101015
AC6	0.608506524891	0.495891735138	0.959884001933	0.62493958434	0.574190430159	0.50700821653	0.522474625423	0.490091831803	0.520057999033	0.475108748188	0.547607539874	0.543740937651	0.551474142098	0.863702271629	0.515224746254	0.565007249879	0.564040599323	0.554857419043	0.920734654422	0.757370710488	0.654422426293	0.590623489609	0.586273562107	0.589173513775	0.903818269696	0.610923151281	0.552440792653	0.565007249879	0.577573707105	0.594006766554	0.652489125181	0.602706621556	0.468825519575	0.487675205413	0.652489125181	0.584340260996	0.432576123731	0.0	0.512808119865	0.501691638473	0.497825036249	0.495891735138	0.455292411793	0.413726437893	0.558240695988	0.54857419043	0.674722087965	0.617206379894	0.652005799903	0.629289511841	0.630256162397	0.661672305462	0.566940550991	0.572257129048	0.567423876269	0.569840502658	0.556307394877	0.647655872402	0.546640889319	0.613823102948	0.547607539874	0.609956500725
AD6	0.594490091832	0.514741420976	0.973900434993	0.623489608507	0.582890285162	0.444659255679	0.615273078782	0.457225712905	0.457709038183	0.541324311261	0.471725471242	0.544224262929	0.50459159014	0.876268728855	0.559207346544	0.541324311261	0.495891735138	0.46979217013	0.945384243596	0.786370227163	0.614789753504	0.551957467376	0.544224262929	0.556307394877	0.918318028033	0.620589656839	0.504108264862	0.52779120348	0.573707104882	0.59497341711	0.612856452392	0.554857419043	0.478008699855	0.486708554857	0.633639439343	0.581440309328	0.470275495408	0.512808119865	0.0	0.547607539874	0.404543257612	0.692605123248	0.661672305462	0.53020782987	0.48380860319	0.474142097632	0.620589656839	0.547124214596	0.608989850169	0.574190430159	0.558724021266	0.596906718221	0.488641855969	0.481875302078	0.497825036249	0.492508458192	0.531657805703	0.584823586274	0.519574673755	0.585790236829	0.463992266796	0.550507491542
AE5	0.626872885452	0.521507974867	0.973900434993	0.622039632673	0.53697438376	0.548090865152	0.579507008217	0.559690671822	0.601256645723	0.542774287095	0.613823102948	0.507974867086	0.565490575157	0.87723537941	0.536491058482	0.560657322378	0.604639922668	0.598356694055	0.925567907202	0.766070565491	0.725954567424	0.664088931851	0.651522474625	0.655389076849	0.872885451909	0.652489125181	0.620589656839	0.624456259062	0.653455775737	0.655872402127	0.67133881102	0.62735621073	0.552440792653	0.568390526825	0.629289511841	0.55775737071	0.569840502658	0.501691638473	0.547607539874	0.0	0.382793620106	0.598356694055	0.574190430159	0.500724987917	0.620589656839	0.631706138231	0.649589173514	0.597390043499	0.625906234896	0.607539874335	0.614306428226	0.641372643789	0.536491058482	0.568390526825	0.594006766554	0.550507491542	0.568390526825	0.619623006283	0.553890768487	0.601256645723	0.585306911551	0.602223296278
AE6	0.597390043499	0.47462542291	0.972933784437	0.610923151281	0.561140647656	0.488158530691	0.565007249879	0.488641855969	0.524891251812	0.529241179314	0.532624456259	0.517158047366	0.506041565974	0.876752054132	0.525857902368	0.536007733204	0.555824069599	0.53697438376	0.940550990817	0.777187046883	0.671822136298	0.602706621556	0.607539874335	0.610923151281	0.906234896085	0.647655872402	0.5601739971	0.577573707105	0.61575640406	0.624456259062	0.651522474625	0.603673272112	0.49540840986	0.50459159014	0.605606573224	0.544224262929	0.525857902368	0.497825036249	0.404543257612	0.382793620106	0.0	0.637022716288	0.607056549058	0.492508458192	0.546640889319	0.55099081682	0.622522957951	0.561140647656	0.605123247946	0.582406959884	0.576123731271	0.60657322378	0.492508458192	0.492025132914	0.521024649589	0.504108264862	0.528757854036	0.598840019333	0.510874818753	0.575640405993	0.517158047366	0.566457225713
AF5	0.70130497825	0.619139681005	0.936684388594	0.64572257129	0.653455775737	0.680038666022	0.558240695988	0.650072498792	0.68970517158	0.589173513775	0.717254712421	0.630256162397	0.675688738521	0.842919284679	0.579507008217	0.666505558241	0.71290478492	0.71532141131	0.86805219913	0.729337844369	0.717254712421	0.678588690188	0.723054615756	0.716771387144	0.869985500242	0.684388593523	0.702271628806	0.683421942968	0.666022232963	0.669888835186	0.762687288545	0.72450459159	0.623972933784	0.651522474625	0.744320927985	0.675688738521	0.70130497825	0.495891735138	0.692605123248	0.598356694055	0.637022716288	0.0	0.264862252296	0.533107781537	0.721604639923	0.711938134364	0.762203963267	0.719188013533	0.740454325761	0.715804736588	0.733204446593	0.754470758821	0.687771870469	0.717254712421	0.731754470759	0.70372160464	0.669405509908	0.740454325761	0.667955534074	0.702754954084	0.717254712421	0.718704688255
AF6	0.692605123248	0.59255679072	0.941517641373	0.637506041566	0.640889318511	0.652005799903	0.542290961817	0.616723054616	0.656355727405	0.562107298212	0.686805219913	0.609956500725	0.653939101015	0.852585790237	0.548090865152	0.641855969067	0.68970517158	0.688255195747	0.876752054132	0.73368777187	0.704688255196	0.653455775737	0.691155147414	0.69212179797	0.882068632189	0.675688738521	0.664088931851	0.650072498792	0.640405993233	0.658289028516	0.745770903818	0.700338327695	0.587723537941	0.618656355727	0.722087965201	0.649105848236	0.662155630739	0.455292411793	0.661672305462	0.574190430159	0.607056549058	0.264862252296	0.0	0.505074915418	0.689221846303	0.681488641856	0.744320927985	0.69212179797	0.722571290478	0.698888351861	0.702754954084	0.73610439826	0.662638956017	0.683905268246	0.695021749638	0.677622039633	0.6389560174	0.721121314645	0.634606089899	0.685838569357	0.688255195747	0.687288545191
