	AA3	AA4	AB3	AB4	AC3	AC4	AD3	AD4	AE3	AE4	AF3	AF4	AG3	AG4	AH3	AH4	AA7	AA8	AB7	AB8	AC7	AC8	AD7	AD8	AE7	AE8	AF7	AF8	AG7	AG8	AH7	AH8	AA5	AA6	AB5	AB6	AC5	AC6	AD6	AE5	AE6	AF5	AF6	AG5	AH5	AH6	AA1	AA2	AB1	AB2	AC1	AC2	AD1	AD2	AE1	AE2	AF1	AF2	AG1	AG2	AH1	AH2
AA3	0.0	0.491541807637	0.925567907202	0.613823102948	0.65973900435	0.58337361044	0.666505558241	0.582406959884	0.574673755437	0.643305944901	0.618656355727	0.587240212663	0.58095698405	0.844369260512	0.644755920735	0.337361043983	0.578057032383	0.577090381827	0.860318994683	0.70130497825	0.623006283229	0.573707104882	0.588690188497	0.580473658772	0.838086031899	0.587723537941	0.572740454326	0.560657322378	0.582890285162	0.60415659739	0.589656839053	0.557274045433	0.602706621556	0.605123247946	0.741420976317	0.680038666022	0.611406476559	0.625422909618	0.602223296278	0.631222812953	0.590140164331	0.711938134364	0.691155147414	0.630256162397	0.636056065732	0.614306428226	0.684871918801	0.640889318511	0.723537941034	0.667955534074	0.637506041566	0.649589173514	0.582890285162	0.562107298212	0.576123731271	0.565007249879	0.575157080715	0.64813919768	0.58095698405	0.649105848236	0.584340260996	0.652972450459
AA4	0.491541807637	0.0	0.94441759304	0.570807153214	0.576607056549	0.496375060416	0.591590140164	0.49299178347	0.514258095698	0.549057515708	0.559207346544	0.511358144031	0.485741904302	0.859835669406	0.373610439826	0.356694055099	0.539874335428	0.549057515708	0.896085065249	0.709521507975	0.673755437409	0.590140164331	0.591590140164	0.589656839053	0.87723537941	0.617689705172	0.558724021266	0.550024166264	0.593040115998	0.634122764621	0.634122764621	0.584823586274	0.517641372644	0.533591106815	0.67133881102	0.589173513775	0.565490575157	0.512808119865	0.535041082649	0.528274528758	0.480908651522	0.626389560174	0.593523441276	0.526341227646	0.584340260996	0.568390526825	0.650072498792	0.576123731271	0.625906234896	0.592073465442	0.590623489609	0.616723054616	0.518124697922	0.519091348478	0.52779120348	0.525857902368	0.492025132914	0.602223296278	0.48622522958	0.579990333494	0.524407926535	0.577573707105
AB3	0.925567907202	0.94441759304	0.0	0.681488641856	0.913968100532	0.948284195263	0.951184146931	0.935717738038	0.930401159981	0.942484291928	0.965683905268	0.922667955534	0.960367327211	0.339777670372	0.952150797487	0.940067665539	0.967133881102	0.963267278879	0.73852102465	0.758337361044	0.882551957467	0.910584823586	0.947800869986	0.947317544708	0.851135814403	0.886418559691	0.940067665539	0.927501208313	0.83566940551	0.811503141614	0.947800869986	0.94441759304	0.951184146931	0.957950700822	0.968583856936	0.960367327211	0.967133881102	0.952150797487	0.967133881102	0.96761720638	0.968100531658	0.929434509425	0.9212179797	0.944900918318	0.970033832769	0.965683905268	0.969067182214	0.964717254712	0.96520057999	0.964233929435	0.967133881102	0.964233929435	0.969067182214	0.967133881102	0.968583856936	0.968583856936	0.966650555824	0.964717254712	0.966167230546	0.96761720638	0.968100531658	0.966650555824
AB4	0.613823102948	0.570807153214	0.681488641856	0.0	0.639922667956	0.596423392943	0.675688738521	0.609956500725	0.610439826003	0.633156114065	0.6389560174	0.588690188497	0.485258579024	0.570807153214	0.608506524891	0.586273562107	0.632672788787	0.630739487675	0.728854519091	0.564040599323	0.652005799903	0.618173030449	0.646205896568	0.638472692122	0.794586756887	0.616239729338	0.641372643789	0.624456259062	0.523924601257	0.559690671822	0.682455292412	0.638472692122	0.632189463509	0.646205896568	0.729821169647	0.663122281295	0.641855969067	0.630256162397	0.629772837119	0.629772837119	0.615273078782	0.665538907685	0.640405993233	0.620589656839	0.673272112131	0.655389076849	0.709521507975	0.656839052682	0.711938134364	0.677138714355	0.666505558241	0.679072015466	0.632672788787	0.628806186564	0.648622522958	0.637022716288	0.642339294345	0.666505558241	0.634122764621	0.653939101015	0.644272595457	0.67133881102
AC3	0.65973900435	0.576607056549	0.913968100532	0.639922667956	0.0	0.500724987917	0.646205896568	0.557274045433	0.575640405993	0.596906718221	0.625422909618	0.330111164814	0.606089898502	0.827452875785	0.603189946834	0.61575640406	0.624456259062	0.623006283229	0.869985500242	0.753020782987	0.741904301595	0.68970517158	0.726437892702	0.719188013533	0.832286128565	0.682455292412	0.655872402127	0.664088931851	0.674238762687	0.710004833253	0.710971483809	0.670372160464	0.615273078782	0.655389076849	0.642822619623	0.591590140164	0.637506041566	0.594490091832	0.597390043499	0.556790720155	0.561140647656	0.666988883519	0.655389076849	0.594006766554	0.667472208797	0.643789270179	0.608506524891	0.589173513775	0.597873368777	0.584340260996	0.609473175447	0.598356694055	0.552924117931	0.583856935718	0.601256645723	0.583856935718	0.612856452392	0.590140164331	0.609473175447	0.591590140164	0.623489608507	0.600289995167
AC4	0.58337361044	0.496375060416	0.948284195263	0.596423392943	0.500724987917	0.0	0.608989850169	0.415659739004	0.425809569841	0.51619139681	0.358144030933	0.405509908168	0.512324794587	0.863702271629	0.568873852102	0.52537457709	0.478975350411	0.461575640406	0.923151280812	0.735621072982	0.601256645723	0.533107781537	0.521507974867	0.516674722088	0.890768487192	0.570807153214	0.492025132914	0.511841469309	0.531174480425	0.58337361044	0.582406959884	0.521991300145	0.447075882069	0.4813919768	0.652005799903	0.567907201547	0.485258579024	0.50459159014	0.438859352344	0.549057515708	0.471725471242	0.675205413243	0.645239246013	0.519574673755	0.529724504592	0.493475108748	0.650072498792	0.581440309328	0.608023199613	0.591106814886	0.581440309328	0.611889801837	0.496858385694	0.497341710971	0.512324794587	0.529241179314	0.526824552924	0.601256645723	0.531657805703	0.578540357661	0.480425326245	0.58337361044
AD3	0.666505558241	0.591590140164	0.951184146931	0.675688738521	0.646205896568	0.608989850169	0.0	0.521507974867	0.632672788787	0.371193813436	0.674238762687	0.592073465442	0.637022716288	0.872402126631	0.5601739971	0.631222812953	0.675688738521	0.677138714355	0.939584340261	0.755437409377	0.717738037699	0.681971967134	0.68970517158	0.686321894635	0.920251329145	0.68970517158	0.696471725471	0.677622039633	0.684388593523	0.681488641856	0.711938134364	0.676172063799	0.629289511841	0.656839052682	0.732721121315	0.653455775737	0.670855485742	0.533591106815	0.624456259062	0.567423876269	0.576123731271	0.548090865152	0.531174480425	0.54857419043	0.690188496858	0.673272112131	0.761720637989	0.695505074915	0.728854519091	0.710004833253	0.695021749638	0.722571290478	0.6389560174	0.654422426293	0.654905751571	0.644755920735	0.633156114065	0.708554857419	0.625422909618	0.698405026583	0.675205413243	0.693571773804
AD4	0.582406959884	0.49299178347	0.935717738038	0.609956500725	0.557274045433	0.415659739004	0.521507974867	0.0	0.312228129531	0.40502658289	0.435476075399	0.478975350411	0.510874818753	0.854519091348	0.523441275979	0.524407926535	0.47220879652	0.447075882069	0.931367810536	0.73852102465	0.581923634606	0.489125181247	0.50700821653	0.497341710971	0.898018366361	0.577090381827	0.444175930401	0.455292411793	0.495891735138	0.568873852102	0.551957467376	0.49540840986	0.391010149831	0.454809086515	0.662155630739	0.571290478492	0.460125664572	0.468342194297	0.432092798453	0.55099081682	0.47220879652	0.63653939101	0.603189946834	0.488641855969	0.509424842919	0.480908651522	0.67133881102	0.604639922668	0.63653939101	0.625422909618	0.610439826003	0.637506041566	0.519091348478	0.510391493475	0.521024649589	0.536007733204	0.5186080232	0.62735621073	0.526824552924	0.608506524891	0.503141614306	0.601739971
AE3	0.574673755437	0.514258095698	0.930401159981	0.610439826003	0.575640405993	0.425809569841	0.632672788787	0.312228129531	0.0	0.51619139681	0.395360077332	0.504108264862	0.507491541808	0.852102464959	0.55775737071	0.531174480425	0.441759304012	0.422426292895	0.924601256646	0.736587723538	0.565007249879	0.475108748188	0.480908651522	0.47462542291	0.892218463026	0.572740454326	0.43064282262	0.443209279845	0.478008699855	0.563557274045	0.53697438376	0.482358627356	0.388593523441	0.457225712905	0.678588690188	0.599806669889	0.457709038183	0.515224746254	0.438376027066	0.605606573224	0.521507974867	0.677622039633	0.649589173514	0.531174480425	0.503141614306	0.476075398743	0.673755437409	0.605606573224	0.64572257129	0.629289511841	0.607056549058	0.638472692122	0.530691155147	0.513291445143	0.520541324311	0.540840985984	0.531174480425	0.628806186564	0.544707588207	0.605123247946	0.493475108748	0.598356694055
AE4	0.643305944901	0.549057515708	0.942484291928	0.633156114065	0.596906718221	0.51619139681	0.371193813436	0.40502658289	0.51619139681	0.0	0.58337361044	0.542290961817	0.591590140164	0.857902368294	0.55099081682	0.587723537941	0.593040115998	0.588206863219	0.939584340261	0.753987433543	0.659255679072	0.597873368777	0.603673272112	0.595940067666	0.910584823586	0.60657322378	0.593040115998	0.579023682939	0.586756887385	0.618173030449	0.647172547124	0.599323344611	0.534557757371	0.56259062349	0.706621556307	0.621556307395	0.58095698405	0.46060898985	0.547607539874	0.537941034316	0.523924601257	0.578540357661	0.554857419043	0.500724987917	0.605123247946	0.582890285162	0.728854519091	0.662638956017	0.698888351861	0.684871918801	0.672305461576	0.69453842436	0.602223296278	0.594006766554	0.600773320445	0.617206379894	0.582890285162	0.681971967134	0.596423392943	0.66892218463	0.594490091832	0.663122281295
AF3	0.618656355727	0.559207346544	0.965683905268	0.6389560174	0.625422909618	0.358144030933	0.674238762687	0.435476075399	0.395360077332	0.58337361044	0.0	0.51377477042	0.538424359594	0.884968583857	0.611406476559	0.573223779604	0.4398260029	0.427259545674	0.961817303045	0.772837119381	0.593040115998	0.529724504592	0.441759304012	0.439342677622	0.922184630256	0.605606573224	0.446109231513	0.485258579024	0.521024649589	0.60415659739	0.526824552924	0.497825036249	0.426776220396	0.492025132914	0.68293861769	0.618173030449	0.431126147898	0.55099081682	0.437892701788	0.618173030449	0.529724504592	0.722087965201	0.688738521025	0.557274045433	0.510874818753	0.475592073465	0.674238762687	0.606089898502	0.662638956017	0.620589656839	0.607539874335	0.637506041566	0.549540840986	0.508941517641	0.520541324311	0.541324311261	0.563073948768	0.633639439343	0.569840502658	0.593523441276	0.49540840986	0.60415659739
AF4	0.587240212663	0.511358144031	0.922667955534	0.588690188497	0.330111164814	0.405509908168	0.592073465442	0.478975350411	0.504108264862	0.542290961817	0.51377477042	0.0	0.548090865152	0.841469308845	0.555824069599	0.53939101015	0.554374093765	0.546640889319	0.881585306912	0.709038182697	0.684871918801	0.622039632673	0.646205896568	0.641372643789	0.84726921218	0.621072982117	0.585790236829	0.598840019333	0.611889801837	0.655872402127	0.647655872402	0.595940067666	0.542774287095	0.582406959884	0.61333977767	0.524891251812	0.552440792653	0.53939101015	0.509424842919	0.492025132914	0.492025132914	0.627839536008	0.612856452392	0.529724504592	0.576607056549	0.550024166264	0.594490091832	0.522957950701	0.578057032383	0.548090865152	0.536007733204	0.552440792653	0.47220879652	0.493958434026	0.511841469309	0.502174963751	0.549540840986	0.542290961817	0.542774287095	0.528757854036	0.544707588207	0.528757854036
AG3	0.58095698405	0.485741904302	0.960367327211	0.485258579024	0.606089898502	0.512324794587	0.637022716288	0.510874818753	0.507491541808	0.591590140164	0.538424359594	0.548090865152	0.0	0.848719188014	0.535041082649	0.524891251812	0.509908168197	0.505558240696	0.924117931368	0.740454325761	0.683421942968	0.601256645723	0.603673272112	0.607539874335	0.886901884969	0.633156114065	0.54857419043	0.559690671822	0.609473175447	0.641372643789	0.6389560174	0.576123731271	0.524891251812	0.547124214596	0.667472208797	0.614306428226	0.555824069599	0.554374093765	0.526341227646	0.573223779604	0.500724987917	0.679072015466	0.64572257129	0.563073948768	0.574673755437	0.561140647656	0.631222812953	0.575640405993	0.623972933784	0.601256645723	0.589173513775	0.602706621556	0.526341227646	0.51619139681	0.53939101015	0.531657805703	0.533107781537	0.59497341711	0.537941034316	0.582890285162	0.509908168197	0.578540357661
AG4	0.844369260512	0.859835669406	0.339777670372	0.570807153214	0.827452875785	0.863702271629	0.872402126631	0.854519091348	0.852102464959	0.857902368294	0.884968583857	0.841469308845	0.848719188014	0.0	0.87046882552	0.852102464959	0.88883518608	0.884968583857	0.707104881585	0.691638472692	0.811019816336	0.837602706622	0.876752054132	0.875302078299	0.824552924118	0.814403093282	0.866602223296	0.854519091348	0.761720637989	0.729337844369	0.8796520058	0.867568873852	0.869502174964	0.874818753021	0.894635089415	0.880135331078	0.887868535524	0.867568873852	0.884485258579	0.881101981634	0.882551957467	0.84726921218	0.838086031899	0.861768970517	0.895118414693	0.881585306912	0.884968583857	0.882551957467	0.886901884969	0.883518608023	0.892218463026	0.888351860802	0.888351860802	0.885451909135	0.896085065249	0.886418559691	0.885935234413	0.882551957467	0.885935234413	0.885451909135	0.886901884969	0.884968583857
AH3	0.644755920735	0.373610439826	0.952150797487	0.608506524891	0.603189946834	0.568873852102	0.5601739971	0.523441275979	0.55775737071	0.55099081682	0.611406476559	0.555824069599	0.535041082649	0.87046882552	0.0	0.509424842919	0.603673272112	0.612373127115	0.925084581924	0.745770903818	0.708554857419	0.634122764621	0.638472692122	0.637506041566	0.903334944418	0.674238762687	0.639922667956	0.625906234896	0.64813919768	0.6805219913	0.687288545191	0.635089415176	0.557274045433	0.591590140164	0.717254712421	0.634606089899	0.630739487675	0.538907684872	0.593523441276	0.552924117931	0.549057515708	0.59255679072	0.553890768487	0.551957467376	0.638472692122	0.626389560174	0.708554857419	0.622522957951	0.669405509908	0.648622522958	0.641372643789	0.669405509908	0.598356694055	0.594006766554	0.596906718221	0.601739971	0.570323827936	0.657805703238	0.561623972934	0.63653939101	0.59497341711	0.62493958434
AH4	0.337361043983	0.356694055099	0.940067665539	0.586273562107	0.61575640406	0.52537457709	0.631222812953	0.524407926535	0.531174480425	0.587723537941	0.573223779604	0.53939101015	0.524891251812	0.852102464959	0.509424842919	0.0	0.531174480425	0.535041082649	0.86805219913	0.706621556307	0.647655872402	0.561140647656	0.578057032383	0.577573707105	0.851135814403	0.597390043499	0.552440792653	0.537457709038	0.580473658772	0.626872885452	0.595456742388	0.55099081682	0.539874335428	0.546640889319	0.699371677139	0.62493958434	0.579507008217	0.572257129048	0.550024166264	0.56935717738	0.527307878202	0.665055582407	0.633156114065	0.565490575157	0.594490091832	0.575640405993	0.654905751571	0.596906718221	0.670855485742	0.620589656839	0.600289995167	0.618173030449	0.531657805703	0.521991300145	0.541807636539	0.520541324311	0.510874818753	0.608989850169	0.508941517641	0.610439826003	0.545190913485	0.609473175447
AA7	0.578057032383	0.539874335428	0.967133881102	0.632672788787	0.624456259062	0.478975350411	0.675688738521	0.47220879652	0.441759304012	0.593040115998	0.4398260029	0.554374093765	0.509908168197	0.88883518608	0.603673272112	0.531174480425	0.0	0.278878685355	0.91445142581	0.749637506042	0.600289995167	0.511841469309	0.487675205413	0.490091831803	0.872885451909	0.582890285162	0.446592556791	0.451909134848	0.526341227646	0.596906718221	0.514741420976	0.429676172064	0.432092798453	0.468342194297	0.70130497825	0.644755920735	0.470275495408	0.556790720155	0.482358627356	0.596423392943	0.533107781537	0.717738037699	0.684388593523	0.573707104882	0.533107781537	0.512324794587	0.666988883519	0.595456742388	0.667955534074	0.636056065732	0.590140164331	0.61575640406	0.522957950701	0.505558240696	0.52537457709	0.519091348478	0.522957950701	0.605123247946	0.533107781537	0.620106331561	0.504108264862	0.606089898502
AA8	0.577090381827	0.549057515708	0.963267278879	0.630739487675	0.623006283229	0.461575640406	0.677138714355	0.447075882069	0.422426292895	0.588206863219	0.427259545674	0.546640889319	0.505558240696	0.884968583857	0.612373127115	0.535041082649	0.278878685355	0.0	0.918318028033	0.744320927985	0.588206863219	0.491541807637	0.477525374577	0.4813919768	0.86805219913	0.569840502658	0.433059449009	0.441759304012	0.508941517641	0.592073465442	0.4813919768	0.38666022233	0.417109714838	0.46979217013	0.696471725471	0.6389560174	0.46302561624	0.5601739971	0.46979217013	0.596423392943	0.520541324311	0.724021266312	0.688738521025	0.571290478492	0.524407926535	0.499758337361	0.660705654906	0.595940067666	0.662638956017	0.630256162397	0.589173513775	0.614789753504	0.526824552924	0.498791686805	0.521991300145	0.523441275979	0.524891251812	0.603189946834	0.532141130981	0.610923151281	0.487675205413	0.602706621556
AB7	0.860318994683	0.896085065249	0.73852102465	0.728854519091	0.869985500242	0.923151280812	0.939584340261	0.931367810536	0.924601256646	0.939584340261	0.961817303045	0.881585306912	0.924117931368	0.707104881585	0.925084581924	0.86805219913	0.91445142581	0.918318028033	0.0	0.427259545674	0.809086515225	0.853069115515	0.929917834703	0.923151280812	0.73610439826	0.820202996617	0.896085065249	0.87723537941	0.742870952151	0.681971967134	0.879168680522	0.88883518608	0.9212179797	0.932334461092	0.935717738038	0.933301111648	0.945384243596	0.922667955534	0.954567423876	0.928467858869	0.942000966651	0.872402126631	0.866118898018	0.918801353311	0.960367327211	0.950217496375	0.922667955534	0.919768003867	0.934751087482	0.927984533591	0.927984533591	0.918318028033	0.909134847753	0.918801353311	0.922184630256	0.90285161914	0.918801353311	0.913001449976	0.925567907202	0.926051232479	0.951667472209	0.928467858869
AB8	0.70130497825	0.709521507975	0.758337361044	0.564040599323	0.753020782987	0.735621072982	0.755437409377	0.73852102465	0.736587723538	0.753987433543	0.772837119381	0.709038182697	0.740454325761	0.691638472692	0.745770903818	0.706621556307	0.749637506042	0.744320927985	0.427259545674	0.0	0.636056065732	0.666505558241	0.734654422426	0.727404543258	0.741904301595	0.635572740454	0.70130497825	0.681005316578	0.5186080232	0.485741904302	0.721121314645	0.714838086032	0.737554374094	0.749154180764	0.794103431609	0.757370710488	0.755920734654	0.735137747704	0.760270662156	0.74770420493	0.751087481875	0.704204929918	0.695505074915	0.730787820203	0.774770420493	0.766070565491	0.816336394393	0.752054132431	0.794103431609	0.767520541324	0.762687288545	0.779603673272	0.747220879652	0.748670855486	0.746737554374	0.739487675205	0.738037699372	0.769453842436	0.747220879652	0.751570807153	0.7593040116	0.746737554374
AC7	0.623006283229	0.673755437409	0.882551957467	0.652005799903	0.741904301595	0.601256645723	0.717738037699	0.581923634606	0.565007249879	0.659255679072	0.593040115998	0.684871918801	0.683421942968	0.811019816336	0.708554857419	0.647655872402	0.600289995167	0.588206863219	0.809086515225	0.636056065732	0.0	0.376510391493	0.575157080715	0.565007249879	0.821169647173	0.582890285162	0.557274045433	0.522474625423	0.476558724021	0.48380860319	0.572257129048	0.545674238763	0.566940550991	0.598356694055	0.816336394393	0.746737554374	0.630739487675	0.643305944901	0.608023199613	0.72450459159	0.672305461576	0.718221362977	0.69453842436	0.644755920735	0.644755920735	0.617206379894	0.826002899952	0.760753987434	0.808603189947	0.79168680522	0.751087481875	0.786370227163	0.696955050749	0.663605606573	0.670855485742	0.690188496858	0.679072015466	0.778637022716	0.681488641856	0.760753987434	0.630256162397	0.765103914935
AC8	0.573707104882	0.590140164331	0.910584823586	0.618173030449	0.68970517158	0.533107781537	0.681971967134	0.489125181247	0.475108748188	0.597873368777	0.529724504592	0.622039632673	0.601256645723	0.837602706622	0.634122764621	0.561140647656	0.511841469309	0.491541807637	0.853069115515	0.666505558241	0.376510391493	0.0	0.491058482359	0.48622522958	0.84485258579	0.547607539874	0.409859835669	0.368293861769	0.446109231513	0.496858385694	0.522957950701	0.463508941518	0.473658772354	0.514741420976	0.743837602707	0.676655389077	0.556307394877	0.581923634606	0.53020782987	0.644272595457	0.591106814886	0.678588690188	0.646205896568	0.582890285162	0.565007249879	0.550024166264	0.743837602707	0.674238762687	0.724021266312	0.71290478492	0.667472208797	0.700338327695	0.606089898502	0.575157080715	0.582890285162	0.603189946834	0.581923634606	0.69212179797	0.587723537941	0.683421942968	0.544224262929	0.673755437409
AD7	0.588690188497	0.591590140164	0.947800869986	0.646205896568	0.726437892702	0.521507974867	0.68970517158	0.50700821653	0.480908651522	0.603673272112	0.441759304012	0.646205896568	0.603673272112	0.876752054132	0.638472692122	0.578057032383	0.487675205413	0.477525374577	0.929917834703	0.734654422426	0.575157080715	0.491058482359	0.0	0.277912034799	0.890285161914	0.499275012083	0.444175930401	0.454809086515	0.48622522958	0.554374093765	0.504108264862	0.465442242629	0.476558724021	0.532141130981	0.749637506042	0.679555340744	0.510391493475	0.576123731271	0.530691155147	0.655389076849	0.602706621556	0.717254712421	0.684871918801	0.605606573224	0.567907201547	0.544707588207	0.756404059932	0.678105364911	0.740454325761	0.718704688255	0.671822136298	0.700821652972	0.614789753504	0.590140164331	0.597390043499	0.621072982117	0.588690188497	0.700338327695	0.596906718221	0.693088448526	0.563073948768	0.681005316578
AD8	0.580473658772	0.589656839053	0.947317544708	0.638472692122	0.719188013533	0.516674722088	0.686321894635	0.497341710971	0.47462542291	0.595940067666	0.439342677622	0.641372643789	0.607539874335	0.875302078299	0.637506041566	0.577573707105	0.490091831803	0.4813919768	0.923151280812	0.727404543258	0.565007249879	0.48622522958	0.277912034799	0.0	0.857902368294	0.476558724021	0.435476075399	0.45142580957	0.464958917351	0.540840985984	0.498308361527	0.47220879652	0.478492025133	0.534074432093	0.752537457709	0.682455292412	0.508941517641	0.576123731271	0.529241179314	0.647655872402	0.595456742388	0.713871435476	0.681971967134	0.588690188497	0.572740454326	0.545190913485	0.755437409377	0.678588690188	0.741904301595	0.714838086032	0.667955534074	0.697438376027	0.616239729338	0.589173513775	0.590140164331	0.616723054616	0.596906718221	0.700338327695	0.605123247946	0.690188496858	0.568873852102	0.679555340744
AE7	0.838086031899	0.87723537941	0.851135814403	0.794586756887	0.832286128565	0.890768487192	0.920251329145	0.898018366361	0.892218463026	0.910584823586	0.922184630256	0.84726921218	0.886901884969	0.824552924118	0.903334944418	0.851135814403	0.872885451909	0.86805219913	0.73610439826	0.741904301595	0.821169647173	0.84485258579	0.890285161914	0.857902368294	0.0	0.547124214596	0.873852102465	0.862252295795	0.770420492992	0.763170613823	0.839052682455	0.834219429676	0.90043499275	0.911068148864	0.926051232479	0.920734654422	0.92363460609	0.904301594973	0.922184630256	0.87723537941	0.894151764137	0.884001933301	0.867568873852	0.879168680522	0.937167713871	0.919768003867	0.894151764137	0.897535041083	0.914934751087	0.898985016916	0.906234896085	0.898018366361	0.893668438859	0.893668438859	0.913968100532	0.891735137748	0.902368293862	0.890285161914	0.904784920251	0.896085065249	0.916868052199	0.901884968584
AE8	0.587723537941	0.617689705172	0.886418559691	0.616239729338	0.682455292412	0.570807153214	0.68970517158	0.577090381827	0.572740454326	0.60657322378	0.605606573224	0.621072982117	0.633156114065	0.814403093282	0.674238762687	0.597390043499	0.582890285162	0.569840502658	0.820202996617	0.635572740454	0.582890285162	0.547607539874	0.499275012083	0.476558724021	0.547124214596	0.0	0.554857419043	0.546157564041	0.497341710971	0.520057999033	0.561623972934	0.535041082649	0.584823586274	0.598356694055	0.753020782987	0.697921701305	0.608506524891	0.591590140164	0.605123247946	0.652489125181	0.62493958434	0.686321894635	0.658289028516	0.590140164331	0.627839536008	0.602706621556	0.752537457709	0.685355244079	0.749637506042	0.707104881585	0.694055099082	0.71532141131	0.637022716288	0.617206379894	0.626389560174	0.645239246013	0.62493958434	0.700821652972	0.634122764621	0.688738521025	0.601256645723	0.687288545191
AF7	0.572740454326	0.558724021266	0.940067665539	0.641372643789	0.655872402127	0.492025132914	0.696471725471	0.444175930401	0.43064282262	0.593040115998	0.446109231513	0.585790236829	0.54857419043	0.866602223296	0.639922667956	0.552440792653	0.446592556791	0.433059449009	0.896085065249	0.70130497825	0.557274045433	0.409859835669	0.444175930401	0.435476075399	0.873852102465	0.554857419043	0.0	0.315611406477	0.471242145964	0.53939101015	0.484775253746	0.480908651522	0.433542774287	0.491058482359	0.693088448526	0.631222812953	0.450942484292	0.541324311261	0.479458675689	0.617206379894	0.539874335428	0.709521507975	0.670372160464	0.565490575157	0.526341227646	0.509908168197	0.673272112131	0.613823102948	0.679072015466	0.657805703238	0.611889801837	0.634606089899	0.550024166264	0.52537457709	0.529724504592	0.548090865152	0.541807636539	0.628806186564	0.552440792653	0.628322861286	0.494925084582	0.608989850169
AF8	0.560657322378	0.550024166264	0.927501208313	0.624456259062	0.664088931851	0.511841469309	0.677622039633	0.455292411793	0.443209279845	0.579023682939	0.485258579024	0.598840019333	0.559690671822	0.854519091348	0.625906234896	0.537457709038	0.451909134848	0.441759304012	0.87723537941	0.681005316578	0.522474625423	0.368293861769	0.454809086515	0.45142580957	0.862252295795	0.546157564041	0.315611406477	0.0	0.440792653456	0.509424842919	0.500724987917	0.463508941518	0.438376027066	0.491058482359	0.71290478492	0.647655872402	0.484775253746	0.543257612373	0.503141614306	0.600773320445	0.548090865152	0.678105364911	0.646689221846	0.557274045433	0.542774287095	0.528274528758	0.698405026583	0.631222812953	0.693571773804	0.67133881102	0.629772837119	0.653939101015	0.558240695988	0.535041082649	0.54857419043	0.563557274045	0.538907684872	0.649105848236	0.543740937651	0.643789270179	0.509908168197	0.630739487675
AG7	0.582890285162	0.593040115998	0.83566940551	0.523924601257	0.674238762687	0.531174480425	0.684388593523	0.495891735138	0.478008699855	0.586756887385	0.521024649589	0.611889801837	0.609473175447	0.761720637989	0.64813919768	0.580473658772	0.526341227646	0.508941517641	0.742870952151	0.5186080232	0.476558724021	0.446109231513	0.48622522958	0.464958917351	0.770420492992	0.497341710971	0.471242145964	0.440792653456	0.0	0.310778153697	0.540840985984	0.485741904302	0.489608506525	0.541324311261	0.749637506042	0.671822136298	0.52779120348	0.5601739971	0.537941034316	0.639922667956	0.59497341711	0.665055582407	0.622522957951	0.565490575157	0.593040115998	0.562107298212	0.744804253262	0.672305461576	0.730787820203	0.710004833253	0.665055582407	0.70372160464	0.611889801837	0.597390043499	0.601256645723	0.622522957951	0.611889801837	0.695505074915	0.619623006283	0.677622039633	0.573223779604	0.669888835186
AG8	0.60415659739	0.634122764621	0.811503141614	0.559690671822	0.710004833253	0.58337361044	0.681488641856	0.568873852102	0.563557274045	0.618173030449	0.60415659739	0.655872402127	0.641372643789	0.729337844369	0.6805219913	0.626872885452	0.596906718221	0.592073465442	0.681971967134	0.485741904302	0.48380860319	0.496858385694	0.554374093765	0.540840985984	0.763170613823	0.520057999033	0.53939101015	0.509424842919	0.310778153697	0.0	0.573707104882	0.550024166264	0.577090381827	0.594490091832	0.781536974384	0.707588206863	0.591106814886	0.589173513775	0.59497341711	0.679555340744	0.638472692122	0.680038666022	0.648622522958	0.612373127115	0.63653939101	0.61333977767	0.783470275495	0.710004833253	0.764620589657	0.744804253262	0.704204929918	0.734654422426	0.663605606573	0.641372643789	0.643789270179	0.666988883519	0.655389076849	0.726437892702	0.665055582407	0.711454809087	0.633156114065	0.706621556307
AH7	0.589656839053	0.634122764621	0.947800869986	0.682455292412	0.710971483809	0.582406959884	0.711938134364	0.551957467376	0.53697438376	0.647172547124	0.526824552924	0.647655872402	0.6389560174	0.8796520058	0.687288545191	0.595456742388	0.514741420976	0.4813919768	0.879168680522	0.721121314645	0.572257129048	0.522957950701	0.504108264862	0.498308361527	0.839052682455	0.561623972934	0.484775253746	0.500724987917	0.540840985984	0.573707104882	0.0	0.345577573707	0.558724021266	0.601739971	0.78008699855	0.726437892702	0.558724021266	0.643305944901	0.601739971	0.66892218463	0.632672788787	0.764137264379	0.737071048816	0.646689221846	0.639922667956	0.61333977767	0.761720637989	0.710004833253	0.768003866602	0.731754470759	0.700821652972	0.729821169647	0.634606089899	0.616239729338	0.621556307395	0.636056065732	0.622039632673	0.720154664089	0.634122764621	0.705171580474	0.60657322378	0.722087965201
AH8	0.557274045433	0.584823586274	0.94441759304	0.638472692122	0.670372160464	0.521991300145	0.676172063799	0.49540840986	0.482358627356	0.599323344611	0.497825036249	0.595940067666	0.576123731271	0.867568873852	0.635089415176	0.55099081682	0.429676172064	0.38666022233	0.88883518608	0.714838086032	0.545674238763	0.463508941518	0.465442242629	0.47220879652	0.834219429676	0.535041082649	0.480908651522	0.463508941518	0.485741904302	0.550024166264	0.345577573707	0.0	0.493475108748	0.533107781537	0.744320927985	0.680038666022	0.52779120348	0.585306911551	0.52779120348	0.608023199613	0.575640405993	0.715804736588	0.680038666022	0.593523441276	0.577090381827	0.548090865152	0.711938134364	0.652972450459	0.718221362977	0.679555340744	0.642339294345	0.668438859352	0.581923634606	0.556790720155	0.566940550991	0.574673755437	0.563557274045	0.659255679072	0.572740454326	0.651039149348	0.543740937651	0.664572257129
AA5	0.602706621556	0.517641372644	0.951184146931	0.632189463509	0.615273078782	0.447075882069	0.629289511841	0.391010149831	0.388593523441	0.534557757371	0.426776220396	0.542774287095	0.524891251812	0.869502174964	0.557274045433	0.539874335428	0.432092798453	0.417109714838	0.9212179797	0.737554374094	0.566940550991	0.473658772354	0.476558724021	0.478492025133	0.90043499275	0.584823586274	0.433542774287	0.438376027066	0.489608506525	0.577090381827	0.558724021266	0.493475108748	0.0	0.343644272595	0.685355244079	0.586756887385	0.46302561624	0.462542290962	0.454809086515	0.563557274045	0.478492025133	0.625422909618	0.593523441276	0.477042049299	0.513291445143	0.470275495408	0.698405026583	0.631706138231	0.664572257129	0.654422426293	0.637022716288	0.66892218463	0.533107781537	0.536491058482	0.553890768487	0.556790720155	0.526341227646	0.651039149348	0.53697438376	0.634606089899	0.506524891252	0.62493958434
AA6	0.605123247946	0.533591106815	0.957950700822	0.646205896568	0.655389076849	0.4813919768	0.656839052682	0.454809086515	0.457225712905	0.56259062349	0.492025132914	0.582406959884	0.547124214596	0.874818753021	0.591590140164	0.546640889319	0.468342194297	0.46979217013	0.932334461092	0.749154180764	0.598356694055	0.514741420976	0.532141130981	0.534074432093	0.911068148864	0.598356694055	0.491058482359	0.491058482359	0.541324311261	0.594490091832	0.601739971	0.533107781537	0.343644272595	0.0	0.692605123248	0.600289995167	0.510874818753	0.49540840986	0.471242145964	0.587723537941	0.514258095698	0.667955534074	0.62735621073	0.526341227646	0.458675688739	0.418559690672	0.701788303528	0.639922667956	0.675688738521	0.665055582407	0.639439342678	0.667955534074	0.553890768487	0.551957467376	0.560657322378	0.569840502658	0.535524407927	0.658289028516	0.540840985984	0.639439342678	0.528274528758	0.637506041566
AB5	0.741420976317	0.67133881102	0.968583856936	0.729821169647	0.642822619623	0.652005799903	0.732721121315	0.662155630739	0.678588690188	0.706621556307	0.68293861769	0.61333977767	0.667472208797	0.894635089415	0.717254712421	0.699371677139	0.70130497825	0.696471725471	0.935717738038	0.794103431609	0.816336394393	0.743837602707	0.749637506042	0.752537457709	0.926051232479	0.753020782987	0.693088448526	0.71290478492	0.749637506042	0.781536974384	0.78008699855	0.744320927985	0.685355244079	0.692605123248	0.0	0.339777670372	0.631706138231	0.676172063799	0.629289511841	0.63653939101	0.61333977767	0.745770903818	0.739487675205	0.677622039633	0.630256162397	0.614306428226	0.616723054616	0.608023199613	0.62735621073	0.602706621556	0.614306428226	0.608506524891	0.601256645723	0.599323344611	0.617206379894	0.620106331561	0.668438859352	0.59497341711	0.667472208797	0.599323344611	0.669405509908	0.60657322378
AB6	0.680038666022	0.589173513775	0.960367327211	0.663122281295	0.591590140164	0.567907201547	0.653455775737	0.571290478492	0.599806669889	0.621556307395	0.618173030449	0.524891251812	0.614306428226	0.880135331078	0.634606089899	0.62493958434	0.644755920735	0.6389560174	0.933301111648	0.757370710488	0.746737554374	0.676655389077	0.679555340744	0.682455292412	0.920734654422	0.697921701305	0.631222812953	0.647655872402	0.671822136298	0.707588206863	0.726437892702	0.680038666022	0.586756887385	0.600289995167	0.339777670372	0.0	0.57177380377	0.579990333494	0.5601739971	0.557274045433	0.533591106815	0.661672305462	0.648622522958	0.561623972934	0.559690671822	0.544707588207	0.589656839053	0.533107781537	0.567907201547	0.545674238763	0.547124214596	0.560657322378	0.529724504592	0.548090865152	0.56935717738	0.565490575157	0.595456742388	0.540840985984	0.596423392943	0.522957950701	0.620589656839	0.536007733204
AC5	0.611406476559	0.565490575157	0.967133881102	0.641855969067	0.637506041566	0.485258579024	0.670855485742	0.460125664572	0.457709038183	0.58095698405	0.431126147898	0.552440792653	0.555824069599	0.887868535524	0.630739487675	0.579507008217	0.470275495408	0.46302561624	0.945384243596	0.755920734654	0.630739487675	0.556307394877	0.510391493475	0.508941517641	0.92363460609	0.608506524891	0.450942484292	0.484775253746	0.52779120348	0.591106814886	0.558724021266	0.52779120348	0.46302561624	0.510874818753	0.631706138231	0.57177380377	0.0	0.452875785404	0.444659255679	0.596906718221	0.533591106815	0.71290478492	0.674722087965	0.555340744321	0.491058482359	0.465925567907	0.620589656839	0.571290478492	0.633639439343	0.597873368777	0.567423876269	0.592073465442	0.509908168197	0.479458675689	0.491058482359	0.508941517641	0.558724021266	0.587240212663	0.571290478492	0.566940550991	0.523924601257	0.563073948768
AC6	0.625422909618	0.512808119865	0.952150797487	0.630256162397	0.594490091832	0.50459159014	0.533591106815	0.468342194297	0.515224746254	0.46060898985	0.55099081682	0.53939101015	0.554374093765	0.867568873852	0.538907684872	0.572257129048	0.556790720155	0.5601739971	0.922667955534	0.735137747704	0.643305944901	0.581923634606	0.576123731271	0.576123731271	0.904301594973	0.591590140164	0.541324311261	0.543257612373	0.5601739971	0.589173513775	0.643305944901	0.585306911551	0.462542290962	0.49540840986	0.676172063799	0.579990333494	0.452875785404	0.0	0.521507974867	0.51377477042	0.498308361527	0.479458675689	0.445142580957	0.424359594007	0.561140647656	0.53020782987	0.686321894635	0.626389560174	0.663605606573	0.647172547124	0.635572740454	0.656355727405	0.56935717738	0.564040599323	0.573707104882	0.583856935718	0.536491058482	0.64813919768	0.548090865152	0.622522957951	0.556790720155	0.620106331561
AD6	0.602223296278	0.535041082649	0.967133881102	0.629772837119	0.597390043499	0.438859352344	0.624456259062	0.432092798453	0.438376027066	0.547607539874	0.437892701788	0.509424842919	0.526341227646	0.884485258579	0.593523441276	0.550024166264	0.482358627356	0.46979217013	0.954567423876	0.760270662156	0.608023199613	0.53020782987	0.530691155147	0.529241179314	0.922184630256	0.605123247946	0.479458675689	0.503141614306	0.537941034316	0.59497341711	0.601739971	0.52779120348	0.454809086515	0.471242145964	0.629289511841	0.5601739971	0.444659255679	0.521507974867	0.0	0.556790720155	0.428709521508	0.696471725471	0.664088931851	0.542774287095	0.463508941518	0.432092798453	0.614306428226	0.543740937651	0.597390043499	0.567423876269	0.547124214596	0.58095698405	0.476075398743	0.447075882069	0.455775737071	0.480425326245	0.53020782987	0.563073948768	0.528757854036	0.549540840986	0.471242145964	0.544224262929
AE5	0.631222812953	0.528274528758	0.96761720638	0.629772837119	0.556790720155	0.549057515708	0.567423876269	0.55099081682	0.605606573224	0.537941034316	0.618173030449	0.492025132914	0.573223779604	0.881101981634	0.552924117931	0.56935717738	0.596423392943	0.596423392943	0.928467858869	0.74770420493	0.72450459159	0.644272595457	0.655389076849	0.647655872402	0.87723537941	0.652489125181	0.617206379894	0.600773320445	0.639922667956	0.679555340744	0.66892218463	0.608023199613	0.563557274045	0.587723537941	0.63653939101	0.557274045433	0.596906718221	0.51377477042	0.556790720155	0.0	0.352827452876	0.601739971	0.58337361044	0.515708071532	0.630256162397	0.614306428226	0.649105848236	0.591590140164	0.635089415176	0.612373127115	0.611889801837	0.629289511841	0.537457709038	0.551474142098	0.58095698405	0.557274045433	0.545190913485	0.610439826003	0.538424359594	0.589656839053	0.581923634606	0.597390043499
AE6	0.590140164331	0.480908651522	0.968100531658	0.615273078782	0.561140647656	0.471725471242	0.576123731271	0.47220879652	0.521507974867	0.523924601257	0.529724504592	0.492025132914	0.500724987917	0.882551957467	0.549057515708	0.527307878202	0.533107781537	0.520541324311	0.942000966651	0.751087481875	0.672305461576	0.591106814886	0.602706621556	0.595456742388	0.894151764137	0.62493958434	0.539874335428	0.548090865152	0.59497341711	0.638472692122	0.632672788787	0.575640405993	0.478492025133	0.514258095698	0.61333977767	0.533591106815	0.533591106815	0.498308361527	0.428709521508	0.352827452876	0.0	0.638472692122	0.609473175447	0.493958434026	0.547607539874	0.53020782987	0.630739487675	0.573707104882	0.602223296278	0.585790236829	0.583856935718	0.605606573224	0.485741904302	0.477525374577	0.509424842919	0.500724987917	0.488641855969	0.582890285162	0.496375060416	0.564040599323	0.494441759304	0.579990333494
AF5	0.711938134364	0.626389560174	0.929434509425	0.665538907685	0.666988883519	0.675205413243	0.548090865152	0.63653939101	0.677622039633	0.578540357661	0.722087965201	0.627839536008	0.679072015466	0.84726921218	0.59255679072	0.665055582407	0.717738037699	0.724021266312	0.872402126631	0.704204929918	0.718221362977	0.678588690188	0.717254712421	0.713871435476	0.884001933301	0.686321894635	0.709521507975	0.678105364911	0.665055582407	0.680038666022	0.764137264379	0.715804736588	0.625422909618	0.667955534074	0.745770903818	0.661672305462	0.71290478492	0.479458675689	0.696471725471	0.601739971	0.638472692122	0.0	0.29627839536	0.53697438376	0.724987916868	0.70130497825	0.761720637989	0.714838086032	0.741904301595	0.717254712421	0.734654422426	0.746737554374	0.686321894635	0.714354760754	0.724021266312	0.707588206863	0.673755437409	0.731754470759	0.674238762687	0.704204929918	0.707104881585	0.718704688255
AF6	0.691155147414	0.593523441276	0.9212179797	0.640405993233	0.655389076849	0.645239246013	0.531174480425	0.603189946834	0.649589173514	0.554857419043	0.688738521025	0.612856452392	0.64572257129	0.838086031899	0.553890768487	0.633156114065	0.684388593523	0.688738521025	0.866118898018	0.695505074915	0.69453842436	0.646205896568	0.684871918801	0.681971967134	0.867568873852	0.658289028516	0.670372160464	0.646689221846	0.622522957951	0.648622522958	0.737071048816	0.680038666022	0.593523441276	0.62735621073	0.739487675205	0.648622522958	0.674722087965	0.445142580957	0.664088931851	0.58337361044	0.609473175447	0.29627839536	0.0	0.512808119865	0.695021749638	0.670372160464	0.753020782987	0.69212179797	0.719671338811	0.696471725471	0.695021749638	0.719671338811	0.659255679072	0.681971967134	0.687288545191	0.674238762687	0.633639439343	0.705654905752	0.633156114065	0.687771870469	0.680038666022	0.686805219913
