	AA3	AA4	AB3	AB4	AC3	AC4	AD3	AD4	AE3	AE4	AF3	AF4	AG3	AG4	AH3	AH4	AA7	AA8	AB7	AB8	AC7	AC8	AD7	AD8	AE7	AE8	AF7	AF8	AG7	AG8	AH7	AH8	AA5	AA6	AB5	AB6	AC5	AC6	AD6	AE5	AE6	AF5	AF6	AG5	AH5	AH6	AA1	AA2	AB1	AB2	AC1	AC2	AD1	AD2	AE1	AE2	AF1	AF2	AG1	AG2	AH1	AH2
AA3	0.0	0.487191880135	0.940550990817	0.616723054616	0.664572257129	0.581923634606	0.669888835186	0.571290478492	0.572740454326	0.618656355727	0.611406476559	0.618656355727	0.566457225713	0.852585790237	0.631706138231	0.316094731754	0.575640405993	0.566457225713	0.863218946351	0.722571290478	0.621072982117	0.556790720155	0.584340260996	0.580473658772	0.831802803287	0.586273562107	0.550024166264	0.555340744321	0.596906718221	0.575640405993	0.586756887385	0.552924117931	0.573707104882	0.590623489609	0.73610439826	0.673755437409	0.596906718221	0.617689705172	0.584823586274	0.626389560174	0.589656839053	0.717738037699	0.679072015466	0.607056549058	0.609956500725	0.611889801837	0.678105364911	0.642822619623	0.710004833253	0.666988883519	0.643789270179	0.652489125181	0.56935717738	0.568873852102	0.572740454326	0.550507491542	0.572740454326	0.651039149348	0.567423876269	0.655389076849	0.563073948768	0.634606089899
AA4	0.487191880135	0.0	0.948767520541	0.555340744321	0.565490575157	0.494925084582	0.599806669889	0.47462542291	0.498791686805	0.532624456259	0.563557274045	0.507974867086	0.478975350411	0.856935717738	0.376510391493	0.374577090382	0.541324311261	0.530691155147	0.901884968584	0.731754470759	0.671822136298	0.576607056549	0.602223296278	0.585790236829	0.87723537941	0.626389560174	0.533107781537	0.556790720155	0.600289995167	0.607056549058	0.634606089899	0.58095698405	0.51619139681	0.514258095698	0.654905751571	0.585306911551	0.570323827936	0.515708071532	0.523441275979	0.537457709038	0.494925084582	0.643789270179	0.596423392943	0.517158047366	0.568873852102	0.558724021266	0.633639439343	0.571290478492	0.620106331561	0.595940067666	0.593523441276	0.615273078782	0.520057999033	0.521024649589	0.516674722088	0.515708071532	0.494441759304	0.611406476559	0.499758337361	0.579507008217	0.518124697922	0.551957467376
AB3	0.940550990817	0.948767520541	0.0	0.687288545191	0.9212179797	0.957950700822	0.958917351377	0.947800869986	0.939584340261	0.954084098598	0.972450459159	0.936201063316	0.970033832769	0.351377477042	0.96520057999	0.94441759304	0.975350410826	0.971000483325	0.737554374094	0.75688738521	0.887868535524	0.905268245529	0.960850652489	0.947800869986	0.852585790237	0.90043499275	0.944900918318	0.926534557757	0.845335911068	0.831802803287	0.949734171097	0.951667472209	0.959884001933	0.963750604157	0.975833736104	0.965683905268	0.97680038666	0.954567423876	0.975833736104	0.97680038666	0.975833736104	0.93281778637	0.93523441276	0.948284195263	0.978250362494	0.975833736104	0.976317061382	0.972933784437	0.972450459159	0.973900434993	0.973900434993	0.972450459159	0.977283711938	0.977283711938	0.977767037216	0.97680038666	0.972933784437	0.974383760271	0.974383760271	0.974867085549	0.974867085549	0.974383760271
AB4	0.616723054616	0.555340744321	0.687288545191	0.0	0.638472692122	0.604639922668	0.676172063799	0.601256645723	0.609473175447	0.625422909618	0.644755920735	0.597390043499	0.482358627356	0.567423876269	0.587723537941	0.569840502658	0.626872885452	0.616723054616	0.731754470759	0.575640405993	0.637989366844	0.59255679072	0.640889318511	0.629772837119	0.795553407443	0.633639439343	0.626389560174	0.612856452392	0.557274045433	0.565973900435	0.679555340744	0.631222812953	0.629772837119	0.639439342678	0.727404543258	0.663605606573	0.651039149348	0.627839536008	0.624456259062	0.639922667956	0.621556307395	0.661672305462	0.646205896568	0.618656355727	0.671822136298	0.661672305462	0.705171580474	0.660705654906	0.706138231029	0.681005316578	0.670372160464	0.671822136298	0.628322861286	0.631222812953	0.642339294345	0.626389560174	0.623972933784	0.674722087965	0.620106331561	0.668438859352	0.634606089899	0.657805703238
AC3	0.664572257129	0.565490575157	0.9212179797	0.638472692122	0.0	0.495891735138	0.641855969067	0.541807636539	0.567423876269	0.59255679072	0.623972933784	0.324311261479	0.599323344611	0.840985983567	0.58337361044	0.601739971	0.631706138231	0.589656839053	0.873852102465	0.770420492992	0.737071048816	0.67133881102	0.724987916868	0.705654905752	0.838086031899	0.693571773804	0.654422426293	0.673755437409	0.674722087965	0.688738521025	0.709521507975	0.659255679072	0.612373127115	0.625422909618	0.62735621073	0.585306911551	0.625906234896	0.586273562107	0.581923634606	0.551474142098	0.551474142098	0.669405509908	0.646689221846	0.568390526825	0.64813919768	0.64572257129	0.589173513775	0.565007249879	0.563557274045	0.562107298212	0.597390043499	0.578540357661	0.541807636539	0.566457225713	0.592073465442	0.562107298212	0.602706621556	0.574673755437	0.612373127115	0.588206863219	0.61575640406	0.590623489609
AC4	0.581923634606	0.494925084582	0.957950700822	0.604639922668	0.495891735138	0.0	0.619623006283	0.376993716771	0.391010149831	0.507974867086	0.34267762204	0.418559690672	0.514258095698	0.870952150797	0.55099081682	0.526824552924	0.476558724021	0.440792653456	0.927984533591	0.754470758821	0.593040115998	0.509424842919	0.512324794587	0.497825036249	0.896568390527	0.59497341711	0.462542290962	0.503624939584	0.524407926535	0.558724021266	0.5601739971	0.493958434026	0.441275978734	0.47462542291	0.63653939101	0.56259062349	0.443209279845	0.510391493475	0.420009666506	0.559690671822	0.468342194297	0.687771870469	0.643789270179	0.507491541808	0.508941517641	0.481875302078	0.639922667956	0.581923634606	0.616239729338	0.582890285162	0.592073465442	0.608023199613	0.49299178347	0.509424842919	0.515708071532	0.491058482359	0.542774287095	0.605123247946	0.549057515708	0.575640405993	0.483325277912	0.565973900435
AD3	0.669888835186	0.599806669889	0.958917351377	0.676172063799	0.641855969067	0.619623006283	0.0	0.523924601257	0.644272595457	0.353310778154	0.677138714355	0.60657322378	0.63653939101	0.875302078299	0.563073948768	0.637022716288	0.678588690188	0.677622039633	0.942000966651	0.779120347994	0.725471242146	0.690188496858	0.69212179797	0.6805219913	0.914934751087	0.679555340744	0.688738521025	0.689221846303	0.689221846303	0.681488641856	0.714354760754	0.683421942968	0.629289511841	0.647172547124	0.720637989367	0.666505558241	0.679555340744	0.535041082649	0.629289511841	0.572257129048	0.573707104882	0.538907684872	0.509908168197	0.542290961817	0.706138231029	0.687288545191	0.753987433543	0.705171580474	0.735621072982	0.711454809087	0.705171580474	0.724987916868	0.641855969067	0.656355727405	0.665055582407	0.650072498792	0.622039632673	0.716288061866	0.624456259062	0.707588206863	0.691155147414	0.693088448526
AD4	0.571290478492	0.47462542291	0.947800869986	0.601256645723	0.541807636539	0.376993716771	0.523924601257	0.0	0.316578057032	0.399710004833	0.436926051232	0.484775253746	0.509908168197	0.862735621073	0.514741420976	0.517641372644	0.475592073465	0.449975833736	0.935717738038	0.763170613823	0.582406959884	0.496375060416	0.520541324311	0.489608506525	0.905268245529	0.608023199613	0.446592556791	0.488158530691	0.50700821653	0.551957467376	0.563557274045	0.496858385694	0.393910101498	0.4398260029	0.644272595457	0.564040599323	0.452392460126	0.46979217013	0.432092798453	0.542774287095	0.461575640406	0.647172547124	0.597390043499	0.465442242629	0.500241662639	0.475108748188	0.655389076849	0.598840019333	0.628806186564	0.621072982117	0.608989850169	0.623006283229	0.504108264862	0.519574673755	0.516674722088	0.502658289029	0.531657805703	0.625906234896	0.539874335428	0.608989850169	0.493958434026	0.577573707105
AE3	0.572740454326	0.498791686805	0.939584340261	0.609473175447	0.567423876269	0.391010149831	0.644272595457	0.316578057032	0.0	0.518124697922	0.398743354277	0.508458192363	0.510874818753	0.860802319961	0.553407443209	0.53020782987	0.43740937651	0.409859835669	0.928951184147	0.753504108265	0.572257129048	0.476075398743	0.476075398743	0.457709038183	0.894151764137	0.596423392943	0.405993233446	0.456742387627	0.47220879652	0.547124214596	0.521507974867	0.470758820686	0.389076848719	0.450459159014	0.663122281295	0.586273562107	0.421459642339	0.518124697922	0.442725954567	0.599323344611	0.511358144031	0.696955050749	0.648622522958	0.510874818753	0.498791686805	0.469308844853	0.658772353794	0.602706621556	0.633156114065	0.623006283229	0.606089898502	0.628322861286	0.517641372644	0.532624456259	0.521024649589	0.507974867086	0.548090865152	0.629772837119	0.553890768487	0.608989850169	0.496858385694	0.585306911551
AE4	0.618656355727	0.532624456259	0.954084098598	0.625422909618	0.59255679072	0.507974867086	0.353310778154	0.399710004833	0.518124697922	0.0	0.567423876269	0.537457709038	0.585306911551	0.867568873852	0.514258095698	0.568873852102	0.578540357661	0.578057032383	0.938617689705	0.763653939101	0.653939101015	0.580473658772	0.596906718221	0.576607056549	0.911551474142	0.615273078782	0.578540357661	0.579990333494	0.582890285162	0.589656839053	0.635089415176	0.581440309328	0.522474625423	0.542774287095	0.686321894635	0.614789753504	0.572740454326	0.453359110681	0.53020782987	0.521024649589	0.482841952634	0.58095698405	0.540357660706	0.482358627356	0.599323344611	0.584823586274	0.716288061866	0.653939101015	0.695988400193	0.681005316578	0.673272112131	0.679555340744	0.580473658772	0.586756887385	0.590140164331	0.580473658772	0.567907201547	0.678105364911	0.570807153214	0.666505558241	0.585306911551	0.645239246013
AF3	0.611406476559	0.563557274045	0.972450459159	0.644755920735	0.623972933784	0.34267762204	0.677138714355	0.436926051232	0.398743354277	0.567423876269	0.0	0.53697438376	0.542774287095	0.889801836636	0.606089898502	0.573707104882	0.461092315128	0.43740937651	0.963267278879	0.788786853552	0.610923151281	0.53697438376	0.440792653456	0.435476075399	0.921701304978	0.620106331561	0.443209279845	0.504108264862	0.514258095698	0.583856935718	0.529241179314	0.495891735138	0.43740937651	0.499758337361	0.676172063799	0.616239729338	0.41662638956	0.551474142098	0.466892218463	0.621072982117	0.523924601257	0.727887868536	0.681005316578	0.538907684872	0.52779120348	0.496858385694	0.673755437409	0.614306428226	0.669405509908	0.630256162397	0.619623006283	0.640405993233	0.540357660706	0.539874335428	0.545674238763	0.523441275979	0.585306911551	0.642822619623	0.592073465442	0.610923151281	0.505074915418	0.590623489609
AF4	0.618656355727	0.507974867086	0.936201063316	0.597390043499	0.324311261479	0.418559690672	0.60657322378	0.484775253746	0.508458192363	0.537457709038	0.53697438376	0.0	0.550507491542	0.849202513291	0.539874335428	0.556790720155	0.585306911551	0.536007733204	0.89125181247	0.735621072982	0.700821652972	0.629772837119	0.663122281295	0.644272595457	0.853069115515	0.644272595457	0.595940067666	0.621072982117	0.633639439343	0.641855969067	0.665055582407	0.608989850169	0.553890768487	0.571290478492	0.612856452392	0.535041082649	0.571290478492	0.543740937651	0.532141130981	0.5186080232	0.501691638473	0.62735621073	0.608506524891	0.514258095698	0.579507008217	0.573223779604	0.585790236829	0.521024649589	0.558240695988	0.526824552924	0.549057515708	0.549057515708	0.489608506525	0.505074915418	0.52537457709	0.518124697922	0.552924117931	0.55099081682	0.570323827936	0.537457709038	0.562107298212	0.533591106815
AG3	0.566457225713	0.478975350411	0.970033832769	0.482358627356	0.599323344611	0.514258095698	0.63653939101	0.509908168197	0.510874818753	0.585306911551	0.542774287095	0.550507491542	0.0	0.853552440793	0.522957950701	0.508941517641	0.507491541808	0.483325277912	0.926051232479	0.765103914935	0.674238762687	0.591106814886	0.593523441276	0.585790236829	0.883518608023	0.630739487675	0.53020782987	0.575157080715	0.594006766554	0.60657322378	0.634606089899	0.569840502658	0.520057999033	0.519574673755	0.661672305462	0.600773320445	0.544707588207	0.55099081682	0.51619139681	0.5601739971	0.519574673755	0.684388593523	0.642822619623	0.530691155147	0.566940550991	0.543740937651	0.617206379894	0.580473658772	0.623006283229	0.597873368777	0.587723537941	0.593523441276	0.506041565974	0.521991300145	0.533591106815	0.503624939584	0.53697438376	0.602706621556	0.536007733204	0.595940067666	0.511358144031	0.561140647656
AG4	0.852585790237	0.856935717738	0.351377477042	0.567423876269	0.840985983567	0.870952150797	0.875302078299	0.862735621073	0.860802319961	0.867568873852	0.889801836636	0.849202513291	0.853552440793	0.0	0.876268728855	0.852585790237	0.898501691638	0.896085065249	0.711454809087	0.685355244079	0.81488641856	0.82648622523	0.881101981634	0.869018849686	0.82406959884	0.820686321895	0.865152247463	0.848719188014	0.772837119381	0.750604156597	0.884001933301	0.873852102465	0.879168680522	0.880135331078	0.903334944418	0.887868535524	0.892701788304	0.860802319961	0.889318511358	0.884485258579	0.883035282745	0.850169163847	0.853069115515	0.865152247463	0.899468342194	0.894635089415	0.885935234413	0.887385210246	0.885451909135	0.884001933301	0.894635089415	0.885935234413	0.895118414693	0.887868535524	0.898018366361	0.892701788304	0.890768487192	0.890285161914	0.887868535524	0.884001933301	0.893185113581	0.89125181247
AH3	0.631706138231	0.376510391493	0.96520057999	0.587723537941	0.58337361044	0.55099081682	0.563073948768	0.514741420976	0.553407443209	0.514258095698	0.606089898502	0.539874335428	0.522957950701	0.876268728855	0.0	0.516674722088	0.589173513775	0.590623489609	0.929917834703	0.765587240213	0.700338327695	0.619623006283	0.637506041566	0.62493958434	0.905268245529	0.671822136298	0.61333977767	0.623006283229	0.637506041566	0.659255679072	0.681488641856	0.62735621073	0.545190913485	0.570323827936	0.698405026583	0.637506041566	0.622522957951	0.519574673755	0.57177380377	0.553890768487	0.535041082649	0.59497341711	0.54857419043	0.531657805703	0.629772837119	0.608023199613	0.691638472692	0.622522957951	0.661188980184	0.64813919768	0.64813919768	0.663122281295	0.582406959884	0.589656839053	0.582406959884	0.58337361044	0.549540840986	0.665538907685	0.537941034316	0.638472692122	0.578540357661	0.601739971
AH4	0.316094731754	0.374577090382	0.94441759304	0.569840502658	0.601739971	0.526824552924	0.637022716288	0.517641372644	0.53020782987	0.568873852102	0.573707104882	0.556790720155	0.508941517641	0.852585790237	0.516674722088	0.0	0.533591106815	0.533107781537	0.878685355244	0.731271145481	0.639439342678	0.55775737071	0.578057032383	0.565973900435	0.846302561624	0.594006766554	0.543740937651	0.537457709038	0.581440309328	0.588206863219	0.592073465442	0.544224262929	0.547607539874	0.553407443209	0.691155147414	0.623006283229	0.575157080715	0.57177380377	0.537941034316	0.576607056549	0.535524407927	0.686321894635	0.6389560174	0.562107298212	0.583856935718	0.579023682939	0.647172547124	0.589173513775	0.65055582407	0.612856452392	0.604639922668	0.613823102948	0.526341227646	0.533591106815	0.529241179314	0.509424842919	0.517641372644	0.617689705172	0.510874818753	0.607539874335	0.534557757371	0.590623489609
AA7	0.575640405993	0.541324311261	0.975350410826	0.626872885452	0.631706138231	0.476558724021	0.678588690188	0.475592073465	0.43740937651	0.578540357661	0.461092315128	0.585306911551	0.507491541808	0.898501691638	0.589173513775	0.533591106815	0.0	0.300144997583	0.9212179797	0.776220396327	0.609473175447	0.511358144031	0.489125181247	0.479942000967	0.873852102465	0.600289995167	0.446109231513	0.469308844853	0.512324794587	0.578057032383	0.518124697922	0.425809569841	0.446592556791	0.493475108748	0.710488158531	0.654905751571	0.479458675689	0.567907201547	0.502658289029	0.611889801837	0.547124214596	0.730304494925	0.684871918801	0.576607056549	0.555824069599	0.519574673755	0.666505558241	0.617689705172	0.677138714355	0.645239246013	0.608989850169	0.626389560174	0.526824552924	0.537941034316	0.538907684872	0.517158047366	0.541324311261	0.62735621073	0.537457709038	0.639439342678	0.509424842919	0.608506524891
AA8	0.566457225713	0.530691155147	0.971000483325	0.616723054616	0.589656839053	0.440792653456	0.677622039633	0.449975833736	0.409859835669	0.578057032383	0.43740937651	0.536007733204	0.483325277912	0.896085065249	0.590623489609	0.533107781537	0.300144997583	0.0	0.917351377477	0.771387143548	0.596423392943	0.49540840986	0.496858385694	0.484775253746	0.868535524408	0.590140164331	0.430159497342	0.469308844853	0.502174963751	0.568873852102	0.484291928468	0.382793620106	0.429676172064	0.472692121798	0.689221846303	0.625906234896	0.457709038183	0.556790720155	0.473658772354	0.605123247946	0.521507974867	0.728854519091	0.686805219913	0.549057515708	0.519574673755	0.480908651522	0.632672788787	0.577090381827	0.644272595457	0.612373127115	0.578057032383	0.587723537941	0.482358627356	0.502658289029	0.512324794587	0.481875302078	0.540840985984	0.590623489609	0.534557757371	0.609473175447	0.470758820686	0.573223779604
AB7	0.863218946351	0.901884968584	0.737554374094	0.731754470759	0.873852102465	0.927984533591	0.942000966651	0.935717738038	0.928951184147	0.938617689705	0.963267278879	0.89125181247	0.926051232479	0.711454809087	0.929917834703	0.878685355244	0.9212179797	0.917351377477	0.0	0.41904301595	0.808119864669	0.836152730788	0.93281778637	0.919768003867	0.732237796037	0.817303044949	0.895118414693	0.859352344128	0.757854035766	0.697921701305	0.879168680522	0.893668438859	0.925084581924	0.937167713871	0.94683421943	0.937167713871	0.95360077332	0.911068148864	0.948284195263	0.927501208313	0.938617689705	0.864185596907	0.881585306912	0.910101498308	0.960850652489	0.95360077332	0.922667955534	0.923151280812	0.932334461092	0.930401159981	0.925567907202	0.915418076365	0.91203479942	0.918318028033	0.922184630256	0.910584823586	0.9212179797	0.912518124698	0.918801353311	0.932334461092	0.950700821653	0.947317544708
AB8	0.722571290478	0.731754470759	0.75688738521	0.575640405993	0.770420492992	0.754470758821	0.779120347994	0.763170613823	0.753504108265	0.763653939101	0.788786853552	0.735621072982	0.765103914935	0.685355244079	0.765587240213	0.731271145481	0.776220396327	0.771387143548	0.41904301595	0.0	0.64572257129	0.664088931851	0.751087481875	0.739004349928	0.743837602707	0.663605606573	0.719671338811	0.686805219913	0.556790720155	0.515224746254	0.743354277429	0.747220879652	0.75688738521	0.766070565491	0.817786370227	0.768970517158	0.781536974384	0.741904301595	0.774287095215	0.767520541324	0.765103914935	0.716771387144	0.724021266312	0.739004349928	0.789753504108	0.781536974384	0.827936201063	0.774287095215	0.807636539391	0.788786853552	0.781053649106	0.793620106332	0.770420492992	0.766070565491	0.771870468826	0.765587240213	0.767037216046	0.797970033833	0.771387143548	0.772837119381	0.782020299662	0.778153697438
AC7	0.621072982117	0.671822136298	0.887868535524	0.637989366844	0.737071048816	0.593040115998	0.725471242146	0.582406959884	0.572257129048	0.653939101015	0.610923151281	0.700821652972	0.674238762687	0.81488641856	0.700338327695	0.639439342678	0.609473175447	0.596423392943	0.808119864669	0.64572257129	0.0	0.365393910101	0.58095698405	0.579507008217	0.815853069116	0.602223296278	0.554374093765	0.521507974867	0.492025132914	0.491058482359	0.581923634606	0.54857419043	0.575640405993	0.602223296278	0.810053165781	0.741904301595	0.627839536008	0.639922667956	0.618173030449	0.732237796037	0.670372160464	0.724021266312	0.68970517158	0.633639439343	0.644272595457	0.616239729338	0.820202996617	0.763653939101	0.804253262446	0.792653455776	0.759787336878	0.778637022716	0.681005316578	0.688738521025	0.6805219913	0.667955534074	0.688738521025	0.786370227163	0.68293861769	0.771870468826	0.619139681005	0.739004349928
AC8	0.556790720155	0.576607056549	0.905268245529	0.59255679072	0.67133881102	0.509424842919	0.690188496858	0.496375060416	0.476075398743	0.580473658772	0.53697438376	0.629772837119	0.591106814886	0.82648622523	0.619623006283	0.55775737071	0.511358144031	0.49540840986	0.836152730788	0.664088931851	0.365393910101	0.0	0.488158530691	0.4813919768	0.826969550507	0.556790720155	0.398260029	0.374577090382	0.438376027066	0.465442242629	0.521991300145	0.454325761237	0.475592073465	0.519574673755	0.735137747704	0.664572257129	0.537457709038	0.563557274045	0.546640889319	0.649589173514	0.585790236829	0.677622039633	0.636056065732	0.572257129048	0.567907201547	0.53939101015	0.742870952151	0.674722087965	0.728854519091	0.716771387144	0.675205413243	0.69453842436	0.598840019333	0.605123247946	0.597873368777	0.587723537941	0.602223296278	0.703238279362	0.591590140164	0.698888351861	0.534557757371	0.653455775737
AD7	0.584340260996	0.602223296278	0.960850652489	0.640889318511	0.724987916868	0.512324794587	0.69212179797	0.520541324311	0.476075398743	0.596906718221	0.440792653456	0.663122281295	0.593523441276	0.881101981634	0.637506041566	0.578057032383	0.489125181247	0.496858385694	0.93281778637	0.751087481875	0.58095698405	0.488158530691	0.0	0.311261478975	0.896568390527	0.522474625423	0.433059449009	0.458675688739	0.505074915418	0.546640889319	0.503624939584	0.472692121798	0.480908651522	0.54857419043	0.750120831319	0.677622039633	0.498308361527	0.588690188497	0.55099081682	0.656839052682	0.596423392943	0.728371193813	0.687288545191	0.599323344611	0.577573707105	0.556307394877	0.749154180764	0.681005316578	0.739004349928	0.720637989367	0.674722087965	0.697921701305	0.609956500725	0.606089898502	0.598356694055	0.596423392943	0.605123247946	0.702754954084	0.599806669889	0.702271628806	0.558240695988	0.653939101015
AD8	0.580473658772	0.585790236829	0.947800869986	0.629772837119	0.705654905752	0.497825036249	0.6805219913	0.489608506525	0.457709038183	0.576607056549	0.435476075399	0.644272595457	0.585790236829	0.869018849686	0.62493958434	0.565973900435	0.479942000967	0.484775253746	0.919768003867	0.739004349928	0.579507008217	0.4813919768	0.311261478975	0.0	0.85645239246	0.490575157081	0.415659739004	0.436926051232	0.464958917351	0.526341227646	0.494441759304	0.467858869019	0.480425326245	0.534074432093	0.731754470759	0.65973900435	0.481875302078	0.575157080715	0.533591106815	0.641372643789	0.579990333494	0.727404543258	0.680038666022	0.578057032383	0.563073948768	0.543740937651	0.739971000483	0.671822136298	0.73368777187	0.713871435476	0.666022232963	0.686805219913	0.599806669889	0.59497341711	0.592073465442	0.581923634606	0.600773320445	0.69212179797	0.597390043499	0.693088448526	0.551957467376	0.647172547124
AE7	0.831802803287	0.87723537941	0.852585790237	0.795553407443	0.838086031899	0.896568390527	0.914934751087	0.905268245529	0.894151764137	0.911551474142	0.921701304978	0.853069115515	0.883518608023	0.82406959884	0.905268245529	0.846302561624	0.873852102465	0.868535524408	0.732237796037	0.743837602707	0.815853069116	0.826969550507	0.896568390527	0.85645239246	0.0	0.538424359594	0.869018849686	0.845819236346	0.774770420493	0.753987433543	0.837602706622	0.836636056066	0.898018366361	0.906234896085	0.931851135814	0.915901401643	0.915901401643	0.89125181247	0.920734654422	0.884485258579	0.90043499275	0.872402126631	0.879168680522	0.876268728855	0.935717738038	0.931367810536	0.890768487192	0.90043499275	0.908651522475	0.898018366361	0.902368293862	0.898501691638	0.890768487192	0.891735137748	0.907684871919	0.883035282745	0.901884968584	0.88883518608	0.898018366361	0.90285161914	0.913484775254	0.921701304978
AE8	0.586273562107	0.626389560174	0.90043499275	0.633639439343	0.693571773804	0.59497341711	0.679555340744	0.608023199613	0.596423392943	0.615273078782	0.620106331561	0.644272595457	0.630739487675	0.820686321895	0.671822136298	0.594006766554	0.600289995167	0.590140164331	0.817303044949	0.663605606573	0.602223296278	0.556790720155	0.522474625423	0.490575157081	0.538424359594	0.0	0.568390526825	0.555824069599	0.537457709038	0.507974867086	0.56935717738	0.558724021266	0.602706621556	0.609956500725	0.759787336878	0.69212179797	0.622522957951	0.601739971	0.628806186564	0.654905751571	0.621556307395	0.699371677139	0.666022232963	0.611406476559	0.638472692122	0.630256162397	0.751570807153	0.695505074915	0.749637506042	0.720154664089	0.690671822136	0.716771387144	0.63653939101	0.631706138231	0.637506041566	0.623006283229	0.649589173514	0.708071532141	0.64572257129	0.704204929918	0.616723054616	0.680038666022
AF7	0.550024166264	0.533107781537	0.944900918318	0.626389560174	0.654422426293	0.462542290962	0.688738521025	0.446592556791	0.405993233446	0.578540357661	0.443209279845	0.595940067666	0.53020782987	0.865152247463	0.61333977767	0.543740937651	0.446109231513	0.430159497342	0.895118414693	0.719671338811	0.554374093765	0.398260029	0.433059449009	0.415659739004	0.869018849686	0.568390526825	0.0	0.319961333978	0.464958917351	0.520057999033	0.48380860319	0.450942484292	0.410343160947	0.47462542291	0.69212179797	0.616723054616	0.43064282262	0.526341227646	0.487191880135	0.606089898502	0.52537457709	0.708554857419	0.658772353794	0.526824552924	0.514741420976	0.486708554857	0.674238762687	0.618173030449	0.675205413243	0.657805703238	0.619139681005	0.627839536008	0.539874335428	0.540840985984	0.532141130981	0.523441275979	0.552924117931	0.633156114065	0.553890768487	0.638472692122	0.483325277912	0.590140164331
AF8	0.555340744321	0.556790720155	0.926534557757	0.612856452392	0.673755437409	0.503624939584	0.689221846303	0.488158530691	0.456742387627	0.579990333494	0.504108264862	0.621072982117	0.575157080715	0.848719188014	0.623006283229	0.537457709038	0.469308844853	0.469308844853	0.859352344128	0.686805219913	0.521507974867	0.374577090382	0.458675688739	0.436926051232	0.845819236346	0.555824069599	0.319961333978	0.0	0.432092798453	0.490575157081	0.492025132914	0.458192363461	0.463992266796	0.518124697922	0.724021266312	0.648622522958	0.488641855969	0.540840985984	0.53020782987	0.61575640406	0.564523924601	0.681488641856	0.633156114065	0.549540840986	0.555340744321	0.538907684872	0.700338327695	0.639922667956	0.708071532141	0.691155147414	0.640889318511	0.650072498792	0.574190430159	0.570807153214	0.56259062349	0.55775737071	0.571290478492	0.665538907685	0.567907201547	0.675205413243	0.515224746254	0.621072982117
AG7	0.596906718221	0.600289995167	0.845335911068	0.557274045433	0.674722087965	0.524407926535	0.689221846303	0.50700821653	0.47220879652	0.582890285162	0.514258095698	0.633639439343	0.594006766554	0.772837119381	0.637506041566	0.581440309328	0.512324794587	0.502174963751	0.757854035766	0.556790720155	0.492025132914	0.438376027066	0.505074915418	0.464958917351	0.774770420493	0.537457709038	0.464958917351	0.432092798453	0.0	0.317544707588	0.532624456259	0.499275012083	0.485741904302	0.544224262929	0.739487675205	0.663605606573	0.517158047366	0.55775737071	0.553407443209	0.643789270179	0.58095698405	0.672305461576	0.634606089899	0.555824069599	0.597390043499	0.568873852102	0.739971000483	0.675205413243	0.726437892702	0.709521507975	0.67133881102	0.695021749638	0.604639922668	0.605606573224	0.610439826003	0.599806669889	0.624456259062	0.701788303528	0.623489608507	0.691638472692	0.577573707105	0.649589173514
AG8	0.575640405993	0.607056549058	0.831802803287	0.565973900435	0.688738521025	0.558724021266	0.681488641856	0.551957467376	0.547124214596	0.589656839053	0.583856935718	0.641855969067	0.60657322378	0.750604156597	0.659255679072	0.588206863219	0.578057032383	0.568873852102	0.697921701305	0.515224746254	0.491058482359	0.465442242629	0.546640889319	0.526341227646	0.753987433543	0.507974867086	0.520057999033	0.490575157081	0.317544707588	0.0	0.564040599323	0.542774287095	0.552924117931	0.566940550991	0.757370710488	0.686321894635	0.578540357661	0.575157080715	0.575157080715	0.654905751571	0.591590140164	0.670372160464	0.643789270179	0.577090381827	0.614306428226	0.591590140164	0.760753987434	0.69212179797	0.746737554374	0.723054615756	0.692605123248	0.716288061866	0.628322861286	0.626389560174	0.629289511841	0.617206379894	0.634606089899	0.720154664089	0.637506041566	0.704688255196	0.597390043499	0.665055582407
AH7	0.586756887385	0.634606089899	0.949734171097	0.679555340744	0.709521507975	0.5601739971	0.714354760754	0.563557274045	0.521507974867	0.635089415176	0.529241179314	0.665055582407	0.634606089899	0.884001933301	0.681488641856	0.592073465442	0.518124697922	0.484291928468	0.879168680522	0.743354277429	0.581923634606	0.521991300145	0.503624939584	0.494441759304	0.837602706622	0.56935717738	0.48380860319	0.492025132914	0.532624456259	0.564040599323	0.0	0.336877718705	0.556790720155	0.612856452392	0.782020299662	0.721121314645	0.541324311261	0.641372643789	0.611406476559	0.678105364911	0.637022716288	0.768970517158	0.734654422426	0.642822619623	0.639439342678	0.620589656839	0.763653939101	0.711454809087	0.76848719188	0.73610439826	0.710488158531	0.724021266312	0.624456259062	0.639922667956	0.632189463509	0.621072982117	0.640405993233	0.725954567424	0.625906234896	0.717254712421	0.602706621556	0.704688255196
AH8	0.552924117931	0.58095698405	0.951667472209	0.631222812953	0.659255679072	0.493958434026	0.683421942968	0.496858385694	0.470758820686	0.581440309328	0.495891735138	0.608989850169	0.569840502658	0.873852102465	0.62735621073	0.544224262929	0.425809569841	0.382793620106	0.893668438859	0.747220879652	0.54857419043	0.454325761237	0.472692121798	0.467858869019	0.836636056066	0.558724021266	0.450942484292	0.458192363461	0.499275012083	0.542774287095	0.336877718705	0.0	0.483325277912	0.546640889319	0.749154180764	0.680038666022	0.509908168197	0.586273562107	0.549540840986	0.630739487675	0.586273562107	0.728371193813	0.685355244079	0.591590140164	0.578057032383	0.553890768487	0.708554857419	0.653939101015	0.716771387144	0.686805219913	0.654905751571	0.666022232963	0.574673755437	0.586273562107	0.579990333494	0.563073948768	0.579023682939	0.672788786854	0.566940550991	0.67133881102	0.533591106815	0.649105848236
AA5	0.573707104882	0.51619139681	0.959884001933	0.629772837119	0.612373127115	0.441275978734	0.629289511841	0.393910101498	0.389076848719	0.522474625423	0.43740937651	0.553890768487	0.520057999033	0.879168680522	0.545190913485	0.547607539874	0.446592556791	0.429676172064	0.925084581924	0.75688738521	0.575640405993	0.475592073465	0.480908651522	0.480425326245	0.898018366361	0.602706621556	0.410343160947	0.463992266796	0.485741904302	0.552924117931	0.556790720155	0.483325277912	0.0	0.342194296762	0.673272112131	0.586756887385	0.458192363461	0.459159014016	0.463508941518	0.547124214596	0.471242145964	0.641855969067	0.587723537941	0.465925567907	0.512808119865	0.455292411793	0.699855002417	0.641855969067	0.67133881102	0.657805703238	0.647655872402	0.674238762687	0.531174480425	0.565007249879	0.5601739971	0.533591106815	0.538907684872	0.664572257129	0.554374093765	0.640405993233	0.500241662639	0.614789753504
AA6	0.590623489609	0.514258095698	0.963750604157	0.639439342678	0.625422909618	0.47462542291	0.647172547124	0.4398260029	0.450459159014	0.542774287095	0.499758337361	0.571290478492	0.519574673755	0.880135331078	0.570323827936	0.553407443209	0.493475108748	0.472692121798	0.937167713871	0.766070565491	0.602223296278	0.519574673755	0.54857419043	0.534074432093	0.906234896085	0.609956500725	0.47462542291	0.518124697922	0.544224262929	0.566940550991	0.612856452392	0.546640889319	0.342194296762	0.0	0.667472208797	0.58095698405	0.516674722088	0.49299178347	0.475592073465	0.577573707105	0.492025132914	0.669888835186	0.617206379894	0.491541807637	0.450942484292	0.396326727888	0.687771870469	0.62735621073	0.661672305462	0.651039149348	0.637506041566	0.655389076849	0.521991300145	0.551474142098	0.552924117931	0.536007733204	0.544224262929	0.653455775737	0.55099081682	0.633639439343	0.509908168197	0.605123247946
AB5	0.73610439826	0.654905751571	0.975833736104	0.727404543258	0.62735621073	0.63653939101	0.720637989367	0.644272595457	0.663122281295	0.686321894635	0.676172063799	0.612856452392	0.661672305462	0.903334944418	0.698405026583	0.691155147414	0.710488158531	0.689221846303	0.94683421943	0.817786370227	0.810053165781	0.735137747704	0.750120831319	0.731754470759	0.931851135814	0.759787336878	0.69212179797	0.724021266312	0.739487675205	0.757370710488	0.782020299662	0.749154180764	0.673272112131	0.667472208797	0.0	0.30787820203	0.628806186564	0.659255679072	0.62735621073	0.633156114065	0.609473175447	0.740937651039	0.725471242146	0.645239246013	0.625422909618	0.619623006283	0.618656355727	0.609473175447	0.629289511841	0.598840019333	0.617689705172	0.607056549058	0.599323344611	0.600289995167	0.608506524891	0.613823102948	0.660222329628	0.594006766554	0.665538907685	0.60415659739	0.675205413243	0.609473175447
AB6	0.673755437409	0.585306911551	0.965683905268	0.663605606573	0.585306911551	0.56259062349	0.666505558241	0.564040599323	0.586273562107	0.614789753504	0.616239729338	0.535041082649	0.600773320445	0.887868535524	0.637506041566	0.623006283229	0.654905751571	0.625906234896	0.937167713871	0.768970517158	0.741904301595	0.664572257129	0.677622039633	0.65973900435	0.915901401643	0.69212179797	0.616723054616	0.648622522958	0.663605606573	0.686321894635	0.721121314645	0.680038666022	0.586756887385	0.58095698405	0.30787820203	0.0	0.56935717738	0.574190430159	0.561623972934	0.550024166264	0.530691155147	0.676655389077	0.647172547124	0.539874335428	0.56259062349	0.553890768487	0.607056549058	0.561140647656	0.599323344611	0.56935717738	0.568390526825	0.580473658772	0.523441275979	0.546157564041	0.558240695988	0.555340744321	0.593040115998	0.576607056549	0.597390043499	0.565007249879	0.614306428226	0.560657322378
AC5	0.596906718221	0.570323827936	0.97680038666	0.651039149348	0.625906234896	0.443209279845	0.679555340744	0.452392460126	0.421459642339	0.572740454326	0.41662638956	0.571290478492	0.544707588207	0.892701788304	0.622522957951	0.575157080715	0.479458675689	0.457709038183	0.95360077332	0.781536974384	0.627839536008	0.537457709038	0.498308361527	0.481875302078	0.915901401643	0.622522957951	0.43064282262	0.488641855969	0.517158047366	0.578540357661	0.541324311261	0.509908168197	0.458192363461	0.516674722088	0.628806186564	0.56935717738	0.0	0.444175930401	0.458675688739	0.585306911551	0.516674722088	0.720637989367	0.666505558241	0.532141130981	0.482841952634	0.475592073465	0.614789753504	0.570323827936	0.625422909618	0.595456742388	0.567907201547	0.587240212663	0.508941517641	0.497341710971	0.506524891252	0.492508458192	0.578540357661	0.588690188497	0.588206863219	0.573707104882	0.521507974867	0.545674238763
AC6	0.617689705172	0.515708071532	0.954567423876	0.627839536008	0.586273562107	0.510391493475	0.535041082649	0.46979217013	0.518124697922	0.453359110681	0.551474142098	0.543740937651	0.55099081682	0.860802319961	0.519574673755	0.57177380377	0.567907201547	0.556790720155	0.911068148864	0.741904301595	0.639922667956	0.563557274045	0.588690188497	0.575157080715	0.89125181247	0.601739971	0.526341227646	0.540840985984	0.55775737071	0.575157080715	0.641372643789	0.586273562107	0.459159014016	0.49299178347	0.659255679072	0.574190430159	0.444175930401	0.0	0.515224746254	0.497341710971	0.475592073465	0.494441759304	0.435959400677	0.410826486225	0.561140647656	0.549057515708	0.677622039633	0.633156114065	0.659255679072	0.635089415176	0.633156114065	0.656839052682	0.561623972934	0.575640405993	0.58337361044	0.564523924601	0.55099081682	0.652489125181	0.562107298212	0.621072982117	0.552440792653	0.611406476559
AD6	0.584823586274	0.523441275979	0.975833736104	0.624456259062	0.581923634606	0.420009666506	0.629289511841	0.432092798453	0.442725954567	0.53020782987	0.466892218463	0.532141130981	0.51619139681	0.889318511358	0.57177380377	0.537941034316	0.502658289029	0.473658772354	0.948284195263	0.774287095215	0.618173030449	0.546640889319	0.55099081682	0.533591106815	0.920734654422	0.628806186564	0.487191880135	0.53020782987	0.553407443209	0.575157080715	0.611406476559	0.549540840986	0.463508941518	0.475592073465	0.62735621073	0.561623972934	0.458675688739	0.515224746254	0.0	0.544707588207	0.402609956501	0.704204929918	0.656839052682	0.520541324311	0.485258579024	0.466892218463	0.607056549058	0.552440792653	0.597390043499	0.569840502658	0.572257129048	0.583856935718	0.47462542291	0.487191880135	0.485741904302	0.461575640406	0.547607539874	0.588690188497	0.55099081682	0.574673755437	0.465925567907	0.535041082649
AE5	0.626389560174	0.537457709038	0.97680038666	0.639922667956	0.551474142098	0.559690671822	0.572257129048	0.542774287095	0.599323344611	0.521024649589	0.621072982117	0.5186080232	0.5601739971	0.884485258579	0.553890768487	0.576607056549	0.611889801837	0.605123247946	0.927501208313	0.767520541324	0.732237796037	0.649589173514	0.656839052682	0.641372643789	0.884485258579	0.654905751571	0.606089898502	0.61575640406	0.643789270179	0.654905751571	0.678105364911	0.630739487675	0.547124214596	0.577573707105	0.633156114065	0.550024166264	0.585306911551	0.497341710971	0.544707588207	0.0	0.361527307878	0.607056549058	0.570323827936	0.498308361527	0.625422909618	0.624456259062	0.647172547124	0.611889801837	0.62493958434	0.607539874335	0.620589656839	0.636056065732	0.536491058482	0.562107298212	0.594490091832	0.556790720155	0.544224262929	0.622039632673	0.563073948768	0.588206863219	0.584823586274	0.601739971
AE6	0.589656839053	0.494925084582	0.975833736104	0.621556307395	0.551474142098	0.468342194297	0.573707104882	0.461575640406	0.511358144031	0.482841952634	0.523924601257	0.501691638473	0.519574673755	0.883035282745	0.535041082649	0.535524407927	0.547124214596	0.521507974867	0.938617689705	0.765103914935	0.670372160464	0.585790236829	0.596423392943	0.579990333494	0.90043499275	0.621556307395	0.52537457709	0.564523924601	0.58095698405	0.591590140164	0.637022716288	0.586273562107	0.471242145964	0.492025132914	0.609473175447	0.530691155147	0.516674722088	0.475592073465	0.402609956501	0.361527307878	0.0	0.641855969067	0.59497341711	0.466408893185	0.543740937651	0.531657805703	0.635089415176	0.584823586274	0.611406476559	0.590140164331	0.59497341711	0.610439826003	0.482358627356	0.49299178347	0.504108264862	0.483325277912	0.510391493475	0.608989850169	0.524891251812	0.574673755437	0.506524891252	0.565490575157
AF5	0.717738037699	0.643789270179	0.93281778637	0.661672305462	0.669405509908	0.687771870469	0.538907684872	0.647172547124	0.696955050749	0.58095698405	0.727887868536	0.62735621073	0.684388593523	0.850169163847	0.59497341711	0.686321894635	0.730304494925	0.728854519091	0.864185596907	0.716771387144	0.724021266312	0.677622039633	0.728371193813	0.727404543258	0.872402126631	0.699371677139	0.708554857419	0.681488641856	0.672305461576	0.670372160464	0.768970517158	0.728371193813	0.641855969067	0.669888835186	0.740937651039	0.676655389077	0.720637989367	0.494441759304	0.704204929918	0.607056549058	0.641855969067	0.0	0.295795070082	0.547607539874	0.73610439826	0.727404543258	0.766553890768	0.727404543258	0.749154180764	0.725471242146	0.740937651039	0.747220879652	0.702271628806	0.724021266312	0.739971000483	0.718704688255	0.673272112131	0.743354277429	0.678588690188	0.71290478492	0.726437892702	0.730787820203
AF6	0.679072015466	0.596423392943	0.93523441276	0.646205896568	0.646689221846	0.643789270179	0.509908168197	0.597390043499	0.648622522958	0.540357660706	0.681005316578	0.608506524891	0.642822619623	0.853069115515	0.54857419043	0.6389560174	0.684871918801	0.686805219913	0.881585306912	0.724021266312	0.68970517158	0.636056065732	0.687288545191	0.680038666022	0.879168680522	0.666022232963	0.658772353794	0.633156114065	0.634606089899	0.643789270179	0.734654422426	0.685355244079	0.587723537941	0.617206379894	0.725471242146	0.647172547124	0.666505558241	0.435959400677	0.656839052682	0.570323827936	0.59497341711	0.295795070082	0.0	0.498308361527	0.690188496858	0.678105364911	0.752537457709	0.698888351861	0.725954567424	0.698888351861	0.697921701305	0.719188013533	0.652489125181	0.672305461576	0.688255195747	0.67133881102	0.619139681005	0.716771387144	0.627839536008	0.681971967134	0.678588690188	0.681971967134
