	AA3	AA4	AB3	AB4	AC3	AC4	AD3	AD4	AE3	AE4	AF3	AF4	AG3	AG4	AH3	AH4	AA7	AA8	AB7	AB8	AC7	AC8	AD7	AD8	AE7	AE8	AF7	AF8	AG7	AG8	AH7	AH8	AA5	AA6	AB5	AB6	AC5	AC6	AD6	AE5	AE6	AF5	AF6	AG5	AH5	AH6	AA1	AA2	AB1	AB2	AC1	AC2	AD1	AD2	AE1	AE2	AF1	AF2	AG1	AG2	AH1	AH2
AA3	0.0	0.509424842919	0.934751087482	0.651039149348	0.676655389077	0.585790236829	0.667955534074	0.587723537941	0.585306911551	0.634606089899	0.618173030449	0.635572740454	0.594006766554	0.86563557274	0.669888835186	0.360560657322	0.586756887385	0.570807153214	0.863702271629	0.714838086032	0.618656355727	0.580473658772	0.600773320445	0.590623489609	0.830352827453	0.597390043499	0.581923634606	0.570807153214	0.600289995167	0.611889801837	0.594006766554	0.560657322378	0.589656839053	0.603673272112	0.746737554374	0.702271628806	0.623972933784	0.639439342678	0.602223296278	0.645239246013	0.610439826003	0.722571290478	0.691638472692	0.632672788787	0.631706138231	0.613823102948	0.694055099082	0.664572257129	0.73610439826	0.679072015466	0.648622522958	0.670372160464	0.577090381827	0.578057032383	0.572257129048	0.581440309328	0.582406959884	0.676172063799	0.594490091832	0.677622039633	0.581440309328	0.644755920735
AA4	0.509424842919	0.0	0.953117448043	0.598356694055	0.574673755437	0.502658289029	0.593523441276	0.521991300145	0.523441275979	0.530691155147	0.566940550991	0.532624456259	0.480908651522	0.87723537941	0.378443692605	0.375543740938	0.538424359594	0.544224262929	0.895118414693	0.732721121315	0.669405509908	0.591590140164	0.594006766554	0.58337361044	0.878202029966	0.639922667956	0.556790720155	0.566457225713	0.612856452392	0.633639439343	0.637022716288	0.579507008217	0.520057999033	0.523441275979	0.67133881102	0.607539874335	0.590623489609	0.528274528758	0.537941034316	0.529241179314	0.515708071532	0.635572740454	0.586273562107	0.542290961817	0.588690188497	0.582406959884	0.656839052682	0.59497341711	0.637022716288	0.608023199613	0.593523441276	0.623972933784	0.517641372644	0.526824552924	0.53020782987	0.534557757371	0.49540840986	0.636056065732	0.515224746254	0.595940067666	0.526824552924	0.571290478492
AB3	0.934751087482	0.953117448043	0.0	0.6805219913	0.913968100532	0.957950700822	0.954084098598	0.929434509425	0.928467858869	0.953117448043	0.972933784437	0.928951184147	0.960850652489	0.341227646206	0.958917351377	0.94441759304	0.974867085549	0.971000483325	0.740937651039	0.743354277429	0.894635089415	0.910584823586	0.958917351377	0.94683421943	0.849685838569	0.894151764137	0.94683421943	0.93281778637	0.842435959401	0.84485258579	0.949734171097	0.948767520541	0.961817303045	0.968100531658	0.971000483325	0.963267278879	0.974867085549	0.947800869986	0.974383760271	0.974383760271	0.974383760271	0.939101014983	0.936201063316	0.950700821653	0.97680038666	0.971483808603	0.972933784437	0.973417109715	0.969067182214	0.972450459159	0.972933784437	0.970033832769	0.973417109715	0.975350410826	0.976317061382	0.973900434993	0.972450459159	0.972450459159	0.971000483325	0.973417109715	0.973900434993	0.971483808603
AB4	0.651039149348	0.598356694055	0.6805219913	0.0	0.633156114065	0.61575640406	0.684871918801	0.618173030449	0.621072982117	0.628322861286	0.652489125181	0.608989850169	0.491541807637	0.576607056549	0.623006283229	0.601739971	0.646205896568	0.651522474625	0.735621072982	0.571290478492	0.668438859352	0.632672788787	0.665538907685	0.648622522958	0.792653455776	0.644272595457	0.655872402127	0.640405993233	0.561140647656	0.595940067666	0.690671822136	0.647172547124	0.653939101015	0.667955534074	0.726437892702	0.683421942968	0.669405509908	0.640889318511	0.641855969067	0.638472692122	0.634606089899	0.669888835186	0.656355727405	0.63653939101	0.69212179797	0.688738521025	0.705654905752	0.666022232963	0.711938134364	0.670855485742	0.661672305462	0.664572257129	0.642339294345	0.647655872402	0.656839052682	0.64572257129	0.650072498792	0.684388593523	0.65055582407	0.65973900435	0.653455775737	0.656839052682
AC3	0.676655389077	0.574673755437	0.913968100532	0.633156114065	0.0	0.491058482359	0.629772837119	0.543257612373	0.573707104882	0.587240212663	0.616239729338	0.314161430643	0.60657322378	0.841952634123	0.599806669889	0.594006766554	0.610923151281	0.601256645723	0.86563557274	0.743837602707	0.728854519091	0.688255195747	0.727404543258	0.70372160464	0.831802803287	0.700821652972	0.674722087965	0.687288545191	0.672305461576	0.690188496858	0.704688255196	0.658772353794	0.608023199613	0.626389560174	0.619139681005	0.582890285162	0.618173030449	0.581923634606	0.575640405993	0.550507491542	0.554374093765	0.654422426293	0.63653939101	0.559690671822	0.643305944901	0.637989366844	0.588690188497	0.582890285162	0.582406959884	0.56259062349	0.588690188497	0.587723537941	0.537941034316	0.566457225713	0.573223779604	0.562107298212	0.60415659739	0.585790236829	0.620106331561	0.592073465442	0.612856452392	0.566940550991
AC4	0.585790236829	0.502658289029	0.957950700822	0.61575640406	0.491058482359	0.0	0.616723054616	0.415176413726	0.408893185114	0.523441275979	0.334461092315	0.417593040116	0.506524891252	0.878685355244	0.564523924601	0.505558240696	0.451909134848	0.451909134848	0.9212179797	0.759787336878	0.579023682939	0.526341227646	0.521507974867	0.505074915418	0.886418559691	0.591106814886	0.499275012083	0.501691638473	0.541324311261	0.570807153214	0.565490575157	0.503141614306	0.448525857902	0.476558724021	0.632672788787	0.585306911551	0.475108748188	0.52779120348	0.405993233446	0.549057515708	0.470758820686	0.692605123248	0.647172547124	0.526824552924	0.504108264862	0.475108748188	0.630256162397	0.585790236829	0.610439826003	0.574190430159	0.567423876269	0.601256645723	0.482841952634	0.484775253746	0.492025132914	0.503624939584	0.529241179314	0.615273078782	0.540357660706	0.573707104882	0.471242145964	0.553890768487
AD3	0.667955534074	0.593523441276	0.954084098598	0.684871918801	0.629772837119	0.616723054616	0.0	0.53020782987	0.628806186564	0.344610923151	0.668438859352	0.603673272112	0.62493958434	0.882068632189	0.570807153214	0.614789753504	0.666505558241	0.668438859352	0.936201063316	0.773803769937	0.711938134364	0.673755437409	0.684871918801	0.673755437409	0.913968100532	0.680038666022	0.68293861769	0.677622039633	0.67133881102	0.675205413243	0.706621556307	0.67133881102	0.620106331561	0.634122764621	0.721604639923	0.666988883519	0.65973900435	0.519091348478	0.622522957951	0.577090381827	0.568873852102	0.53939101015	0.505074915418	0.525857902368	0.683421942968	0.675205413243	0.753987433543	0.702754954084	0.737071048816	0.70372160464	0.699371677139	0.722087965201	0.640889318511	0.643305944901	0.655872402127	0.648622522958	0.620589656839	0.721604639923	0.627839536008	0.695021749638	0.671822136298	0.693088448526
AD4	0.587723537941	0.521991300145	0.929434509425	0.618173030449	0.543257612373	0.415176413726	0.53020782987	0.0	0.318994683422	0.420976317061	0.431609473175	0.499275012083	0.542290961817	0.857419043016	0.559207346544	0.531657805703	0.468825519575	0.46302561624	0.928951184147	0.761720637989	0.553407443209	0.481875302078	0.499275012083	0.484775253746	0.893185113581	0.59497341711	0.463992266796	0.46979217013	0.501208313195	0.561140647656	0.551474142098	0.496858385694	0.398260029	0.454325761237	0.656355727405	0.597390043499	0.455292411793	0.491541807637	0.44900918318	0.54857419043	0.476075398743	0.647655872402	0.595456742388	0.490575157081	0.517158047366	0.48380860319	0.667955534074	0.616239729338	0.651039149348	0.630256162397	0.61333977767	0.636056065732	0.511358144031	0.521024649589	0.521991300145	0.540840985984	0.530691155147	0.656355727405	0.552440792653	0.622039632673	0.506524891252	0.605606573224
AE3	0.585306911551	0.523441275979	0.928467858869	0.621072982117	0.573707104882	0.408893185114	0.628806186564	0.318994683422	0.0	0.515224746254	0.41662638956	0.526824552924	0.52779120348	0.855969067182	0.571290478492	0.529241179314	0.442725954567	0.438859352344	0.915418076365	0.752054132431	0.540357660706	0.472692121798	0.482841952634	0.47462542291	0.884001933301	0.589656839053	0.450459159014	0.457709038183	0.487675205413	0.554857419043	0.543740937651	0.488158530691	0.40502658289	0.466892218463	0.66892218463	0.621556307395	0.454809086515	0.536007733204	0.456742387627	0.587723537941	0.51619139681	0.695988400193	0.648622522958	0.528757854036	0.508458192363	0.476558724021	0.674238762687	0.618173030449	0.655389076849	0.632189463509	0.607539874335	0.640889318511	0.517641372644	0.526341227646	0.520057999033	0.548090865152	0.535524407927	0.654422426293	0.555824069599	0.624456259062	0.496858385694	0.596423392943
AE4	0.634606089899	0.530691155147	0.953117448043	0.628322861286	0.587240212663	0.523441275979	0.344610923151	0.420976317061	0.515224746254	0.0	0.574190430159	0.550507491542	0.565490575157	0.875302078299	0.532624456259	0.553890768487	0.579023682939	0.579023682939	0.94441759304	0.776703721605	0.643305944901	0.590623489609	0.59255679072	0.579023682939	0.913001449976	0.631222812953	0.589173513775	0.585306911551	0.584823586274	0.606089898502	0.637506041566	0.587240212663	0.518124697922	0.543257612373	0.695988400193	0.642339294345	0.576123731271	0.467375543741	0.527307878202	0.527307878202	0.507491541808	0.58095698405	0.531657805703	0.493958434026	0.601256645723	0.596423392943	0.71532141131	0.661188980184	0.704688255196	0.679555340744	0.658772353794	0.68293861769	0.588690188497	0.579023682939	0.590623489609	0.598840019333	0.569840502658	0.699371677139	0.586756887385	0.670372160464	0.579023682939	0.64572257129
AF3	0.618173030449	0.566940550991	0.972933784437	0.652489125181	0.616239729338	0.334461092315	0.668438859352	0.431609473175	0.41662638956	0.574190430159	0.0	0.534074432093	0.549540840986	0.898985016916	0.613823102948	0.567907201547	0.440792653456	0.43740937651	0.954567423876	0.797003383277	0.577090381827	0.526824552924	0.436926051232	0.443692605123	0.919284678589	0.624456259062	0.448525857902	0.477525374577	0.536007733204	0.60415659739	0.526341227646	0.509424842919	0.446592556791	0.502658289029	0.67133881102	0.639439342678	0.424842919285	0.56259062349	0.454809086515	0.609956500725	0.526341227646	0.727887868536	0.683905268246	0.553890768487	0.510874818753	0.486708554857	0.666988883519	0.61575640406	0.673755437409	0.623489608507	0.600773320445	0.635572740454	0.533107781537	0.512808119865	0.521507974867	0.541807636539	0.567907201547	0.652972450459	0.578540357661	0.611889801837	0.492508458192	0.589656839053
AF4	0.635572740454	0.532624456259	0.928951184147	0.608989850169	0.314161430643	0.417593040116	0.603673272112	0.499275012083	0.526824552924	0.550507491542	0.534074432093	0.0	0.564040599323	0.854035766071	0.557274045433	0.543740937651	0.557274045433	0.555824069599	0.884485258579	0.727887868536	0.69212179797	0.6389560174	0.673272112131	0.649589173514	0.841469308845	0.646689221846	0.619623006283	0.637022716288	0.63653939101	0.655872402127	0.660705654906	0.608989850169	0.559690671822	0.577573707105	0.599806669889	0.537941034316	0.5601739971	0.554857419043	0.519574673755	0.517158047366	0.50700821653	0.635089415176	0.610439826003	0.525857902368	0.570323827936	0.565490575157	0.579023682939	0.534074432093	0.56935717738	0.518124697922	0.532141130981	0.558724021266	0.4813919768	0.499275012083	0.519574673755	0.499275012083	0.558240695988	0.56259062349	0.572257129048	0.531657805703	0.556790720155	0.510391493475
AG3	0.594006766554	0.480908651522	0.960850652489	0.491541807637	0.60657322378	0.506524891252	0.62493958434	0.542290961817	0.52779120348	0.565490575157	0.549540840986	0.564040599323	0.0	0.85645239246	0.527307878202	0.509424842919	0.500241662639	0.509424842919	0.929917834703	0.764620589657	0.673755437409	0.601256645723	0.599806669889	0.592073465442	0.883035282745	0.637506041566	0.551474142098	0.579507008217	0.610923151281	0.63653939101	0.635572740454	0.568390526825	0.529724504592	0.543740937651	0.670372160464	0.629772837119	0.575157080715	0.56259062349	0.533107781537	0.559207346544	0.523441275979	0.679072015466	0.635572740454	0.553407443209	0.584340260996	0.578057032383	0.643305944901	0.604639922668	0.649105848236	0.617689705172	0.593040115998	0.608023199613	0.512324794587	0.544707588207	0.544707588207	0.546157564041	0.526341227646	0.631222812953	0.540357660706	0.612373127115	0.519574673755	0.586273562107
AG4	0.86563557274	0.87723537941	0.341227646206	0.576607056549	0.841952634123	0.878685355244	0.882068632189	0.857419043016	0.855969067182	0.875302078299	0.898985016916	0.854035766071	0.85645239246	0.0	0.884485258579	0.868535524408	0.904301594973	0.903818269696	0.710971483809	0.675688738521	0.830836152731	0.842919284679	0.892701788304	0.880618656356	0.821169647173	0.824552924118	0.8796520058	0.869502174964	0.776220396327	0.773803769937	0.887868535524	0.878202029966	0.88883518608	0.890768487192	0.905268245529	0.895601739971	0.904784920251	0.87046882552	0.901401643306	0.896568390527	0.895601739971	0.86563557274	0.859835669406	0.87723537941	0.910101498308	0.90043499275	0.90043499275	0.90285161914	0.901884968584	0.897535041083	0.905751570807	0.897051715805	0.903334944418	0.900918318028	0.908168197197	0.901401643306	0.90285161914	0.900918318028	0.90043499275	0.897535041083	0.904784920251	0.901401643306
AH3	0.669888835186	0.378443692605	0.958917351377	0.623006283229	0.599806669889	0.564523924601	0.570807153214	0.559207346544	0.571290478492	0.532624456259	0.613823102948	0.557274045433	0.527307878202	0.884485258579	0.0	0.521507974867	0.595940067666	0.603673272112	0.929917834703	0.776703721605	0.715804736588	0.645239246013	0.645239246013	0.639922667956	0.897051715805	0.698888351861	0.63653939101	0.641855969067	0.666988883519	0.687288545191	0.692605123248	0.640889318511	0.55099081682	0.577090381827	0.716288061866	0.65732237796	0.64572257129	0.549057515708	0.602223296278	0.545674238763	0.568390526825	0.603673272112	0.55775737071	0.556790720155	0.649589173514	0.649105848236	0.706621556307	0.637022716288	0.665538907685	0.653455775737	0.644755920735	0.663605606573	0.584823586274	0.608023199613	0.601256645723	0.613823102948	0.56935717738	0.683421942968	0.585790236829	0.639439342678	0.600773320445	0.618173030449
AH4	0.360560657322	0.375543740938	0.94441759304	0.601739971	0.594006766554	0.505558240696	0.614789753504	0.531657805703	0.529241179314	0.553890768487	0.567907201547	0.543740937651	0.509424842919	0.868535524408	0.521507974867	0.0	0.527307878202	0.534557757371	0.883035282745	0.723054615756	0.638472692122	0.575157080715	0.584823586274	0.568873852102	0.860802319961	0.617206379894	0.559207346544	0.551957467376	0.590140164331	0.609956500725	0.603673272112	0.555824069599	0.528757854036	0.538907684872	0.678588690188	0.623006283229	0.578057032383	0.558724021266	0.538907684872	0.557274045433	0.51377477042	0.667955534074	0.626389560174	0.552440792653	0.585306911551	0.577090381827	0.653939101015	0.607056549058	0.653455775737	0.60415659739	0.602223296278	0.617206379894	0.523924601257	0.510391493475	0.5186080232	0.526341227646	0.499275012083	0.629289511841	0.519091348478	0.602223296278	0.524407926535	0.586756887385
AA7	0.586756887385	0.538424359594	0.974867085549	0.646205896568	0.610923151281	0.451909134848	0.666505558241	0.468825519575	0.442725954567	0.579023682939	0.440792653456	0.557274045433	0.500241662639	0.904301594973	0.595940067666	0.527307878202	0.0	0.285161913968	0.920734654422	0.768970517158	0.587240212663	0.514741420976	0.494441759304	0.477042049299	0.873368777187	0.599806669889	0.453359110681	0.468825519575	0.522957950701	0.588206863219	0.525857902368	0.43064282262	0.424842919285	0.479942000967	0.688738521025	0.652489125181	0.472692121798	0.567907201547	0.480425326245	0.590140164331	0.529241179314	0.721604639923	0.681488641856	0.565007249879	0.53697438376	0.507491541808	0.658772353794	0.611889801837	0.662155630739	0.616239729338	0.590623489609	0.621072982117	0.495891735138	0.505558240696	0.508458192363	0.521991300145	0.518124697922	0.634122764621	0.535524407927	0.623489608507	0.479942000967	0.589173513775
AA8	0.570807153214	0.544224262929	0.971000483325	0.651522474625	0.601256645723	0.451909134848	0.668438859352	0.46302561624	0.438859352344	0.579023682939	0.43740937651	0.555824069599	0.509424842919	0.903818269696	0.603673272112	0.534557757371	0.285161913968	0.0	0.919768003867	0.771870468826	0.580473658772	0.50459159014	0.488641855969	0.468825519575	0.865152247463	0.594006766554	0.44224262929	0.46302561624	0.520541324311	0.584340260996	0.48380860319	0.378443692605	0.424842919285	0.484291928468	0.691155147414	0.656839052682	0.462542290962	0.565490575157	0.485258579024	0.597873368777	0.531657805703	0.72450459159	0.681971967134	0.558724021266	0.529724504592	0.501691638473	0.6389560174	0.600289995167	0.672788786854	0.612856452392	0.581440309328	0.608506524891	0.48380860319	0.501691638473	0.504108264862	0.513291445143	0.521024649589	0.613823102948	0.535041082649	0.621556307395	0.478975350411	0.578540357661
AB7	0.863702271629	0.895118414693	0.740937651039	0.735621072982	0.86563557274	0.9212179797	0.936201063316	0.928951184147	0.915418076365	0.94441759304	0.954567423876	0.884485258579	0.929917834703	0.710971483809	0.929917834703	0.883035282745	0.920734654422	0.919768003867	0.0	0.398260029	0.817786370227	0.850169163847	0.941517641373	0.928467858869	0.732721121315	0.822619623006	0.901884968584	0.887868535524	0.739487675205	0.709038182697	0.884968583857	0.895118414693	0.933784436926	0.942967617206	0.941517641373	0.932334461092	0.953117448043	0.918801353311	0.947800869986	0.934267762204	0.935717738038	0.883518608023	0.881585306912	0.911551474142	0.958917351377	0.952634122765	0.923151280812	0.921701304978	0.929917834703	0.927984533591	0.924601256646	0.915901401643	0.920251329145	0.917834702755	0.91445142581	0.910584823586	0.923151280812	0.915901401643	0.931367810536	0.932334461092	0.946350894152	0.917834702755
AB8	0.714838086032	0.732721121315	0.743354277429	0.571290478492	0.743837602707	0.759787336878	0.773803769937	0.761720637989	0.752054132431	0.776703721605	0.797003383277	0.727887868536	0.764620589657	0.675688738521	0.776703721605	0.723054615756	0.768970517158	0.771870468826	0.398260029	0.0	0.66892218463	0.688255195747	0.772837119381	0.751570807153	0.723054615756	0.662638956017	0.732721121315	0.716288061866	0.548090865152	0.531174480425	0.74528757854	0.739004349928	0.771870468826	0.780570323828	0.800386660222	0.776220396327	0.789753504108	0.753987433543	0.78008699855	0.769937167714	0.763653939101	0.73368777187	0.725471242146	0.744804253262	0.801836636056	0.795553407443	0.811503141614	0.771870468826	0.796036732721	0.761720637989	0.778637022716	0.77090381827	0.772353794103	0.765587240213	0.764620589657	0.764620589657	0.758337361044	0.77767037216	0.763170613823	0.766553890768	0.783470275495	0.765103914935
AC7	0.618656355727	0.669405509908	0.894635089415	0.668438859352	0.728854519091	0.579023682939	0.711938134364	0.553407443209	0.540357660706	0.643305944901	0.577090381827	0.69212179797	0.673755437409	0.830836152731	0.715804736588	0.638472692122	0.587240212663	0.580473658772	0.817786370227	0.66892218463	0.0	0.358627356211	0.567907201547	0.555340744321	0.824552924118	0.578057032383	0.549057515708	0.514741420976	0.474142097632	0.493475108748	0.563557274045	0.545190913485	0.556307394877	0.609956500725	0.802803286612	0.755920734654	0.626389560174	0.647172547124	0.611406476559	0.717738037699	0.670372160464	0.725471242146	0.691155147414	0.63653939101	0.639439342678	0.602706621556	0.81246979217	0.768003866602	0.806669888835	0.781536974384	0.741904301595	0.773803769937	0.671822136298	0.661188980184	0.663122281295	0.683905268246	0.67133881102	0.788786853552	0.676172063799	0.764620589657	0.623972933784	0.746737554374
AC8	0.580473658772	0.591590140164	0.910584823586	0.632672788787	0.688255195747	0.526341227646	0.673755437409	0.481875302078	0.472692121798	0.590623489609	0.526824552924	0.6389560174	0.601256645723	0.842919284679	0.645239246013	0.575157080715	0.514741420976	0.50459159014	0.850169163847	0.688255195747	0.358627356211	0.0	0.486708554857	0.470758820686	0.84485258579	0.554857419043	0.40744320928	0.381343644273	0.43740937651	0.487191880135	0.522957950701	0.466408893185	0.476558724021	0.528757854036	0.736587723538	0.690188496858	0.559690671822	0.58095698405	0.551474142098	0.649589173514	0.603673272112	0.676172063799	0.639439342678	0.574673755437	0.573223779604	0.536491058482	0.74770420493	0.695021749638	0.751570807153	0.722571290478	0.677138714355	0.709038182697	0.595456742388	0.596906718221	0.597873368777	0.617206379894	0.59497341711	0.724987916868	0.606089898502	0.708071532141	0.553407443209	0.674238762687
AD7	0.600773320445	0.594006766554	0.958917351377	0.665538907685	0.727404543258	0.521507974867	0.684871918801	0.499275012083	0.482841952634	0.59255679072	0.436926051232	0.673272112131	0.599806669889	0.892701788304	0.645239246013	0.584823586274	0.494441759304	0.488641855969	0.941517641373	0.772837119381	0.567907201547	0.486708554857	0.0	0.292895118415	0.90285161914	0.53020782987	0.431609473175	0.444659255679	0.500724987917	0.569840502658	0.512808119865	0.487191880135	0.480908651522	0.542290961817	0.741420976317	0.69453842436	0.509424842919	0.594490091832	0.554374093765	0.654422426293	0.60415659739	0.723054615756	0.684388593523	0.605606573224	0.56259062349	0.537941034316	0.749154180764	0.690671822136	0.747220879652	0.716288061866	0.672305461576	0.703238279362	0.601256645723	0.599806669889	0.591106814886	0.622522957951	0.592073465442	0.721121314645	0.601739971	0.705654905752	0.560657322378	0.674722087965
AD8	0.590623489609	0.58337361044	0.94683421943	0.648622522958	0.70372160464	0.505074915418	0.673755437409	0.484775253746	0.47462542291	0.579023682939	0.443692605123	0.649589173514	0.592073465442	0.880618656356	0.639922667956	0.568873852102	0.477042049299	0.468825519575	0.928467858869	0.751570807153	0.555340744321	0.470758820686	0.292895118415	0.0	0.853552440793	0.486708554857	0.410826486225	0.43064282262	0.476075398743	0.549057515708	0.500724987917	0.463508941518	0.485741904302	0.538424359594	0.741420976317	0.691155147414	0.50700821653	0.592073465442	0.541807636539	0.64572257129	0.597390043499	0.722571290478	0.676172063799	0.594006766554	0.563073948768	0.537941034316	0.748187530208	0.68970517158	0.74770420493	0.713388110198	0.670855485742	0.702754954084	0.600289995167	0.597873368777	0.588690188497	0.618173030449	0.584823586274	0.720637989367	0.595940067666	0.700338327695	0.552440792653	0.671822136298
AE7	0.830352827453	0.878202029966	0.849685838569	0.792653455776	0.831802803287	0.886418559691	0.913968100532	0.893185113581	0.884001933301	0.913001449976	0.919284678589	0.841469308845	0.883035282745	0.821169647173	0.897051715805	0.860802319961	0.873368777187	0.865152247463	0.732721121315	0.723054615756	0.824552924118	0.84485258579	0.90285161914	0.853552440793	0.0	0.541324311261	0.873368777187	0.862252295795	0.755920734654	0.761237312711	0.837602706622	0.834219429676	0.903818269696	0.909134847753	0.929917834703	0.91445142581	0.920251329145	0.899951667472	0.90961817303	0.875785403577	0.90043499275	0.873852102465	0.873852102465	0.874335427743	0.935717738038	0.925084581924	0.892701788304	0.899468342194	0.906718221363	0.887385210246	0.904301594973	0.895601739971	0.894151764137	0.896085065249	0.899951667472	0.887385210246	0.901401643306	0.891735137748	0.903334944418	0.906718221363	0.906234896085	0.895601739971
AE8	0.597390043499	0.639922667956	0.894151764137	0.644272595457	0.700821652972	0.591106814886	0.680038666022	0.59497341711	0.589656839053	0.631222812953	0.624456259062	0.646689221846	0.637506041566	0.824552924118	0.698888351861	0.617206379894	0.599806669889	0.594006766554	0.822619623006	0.662638956017	0.578057032383	0.554857419043	0.53020782987	0.486708554857	0.541324311261	0.0	0.573707104882	0.562107298212	0.513291445143	0.514741420976	0.579990333494	0.560657322378	0.612856452392	0.620589656839	0.767520541324	0.721604639923	0.628322861286	0.620589656839	0.620106331561	0.654422426293	0.637022716288	0.707104881585	0.67133881102	0.611889801837	0.637022716288	0.63653939101	0.764620589657	0.710971483809	0.771870468826	0.718221362977	0.708071532141	0.73852102465	0.660705654906	0.63653939101	0.6389560174	0.652972450459	0.651039149348	0.740937651039	0.658772353794	0.718704688255	0.612373127115	0.699371677139
AF7	0.581923634606	0.556790720155	0.94683421943	0.655872402127	0.674722087965	0.499275012083	0.68293861769	0.463992266796	0.450459159014	0.589173513775	0.448525857902	0.619623006283	0.551474142098	0.8796520058	0.63653939101	0.559207346544	0.453359110681	0.44224262929	0.901884968584	0.732721121315	0.549057515708	0.40744320928	0.431609473175	0.410826486225	0.873368777187	0.573707104882	0.0	0.312228129531	0.479458675689	0.537941034316	0.489125181247	0.479942000967	0.440792653456	0.494441759304	0.695505074915	0.652489125181	0.465442242629	0.555340744321	0.509908168197	0.611406476559	0.553407443209	0.706621556307	0.665055582407	0.554857419043	0.53939101015	0.507491541808	0.680038666022	0.640405993233	0.702271628806	0.67133881102	0.622039632673	0.649589173514	0.555824069599	0.551474142098	0.544224262929	0.567907201547	0.547607539874	0.660222329628	0.561623972934	0.655872402127	0.499275012083	0.623006283229
AF8	0.570807153214	0.566457225713	0.93281778637	0.640405993233	0.687288545191	0.501691638473	0.677622039633	0.46979217013	0.457709038183	0.585306911551	0.477525374577	0.637022716288	0.579507008217	0.869502174964	0.641855969067	0.551957467376	0.468825519575	0.46302561624	0.887868535524	0.716288061866	0.514741420976	0.381343644273	0.444659255679	0.43064282262	0.862252295795	0.562107298212	0.312228129531	0.0	0.452875785404	0.51619139681	0.500724987917	0.463992266796	0.455292411793	0.520541324311	0.710488158531	0.666505558241	0.493958434026	0.55099081682	0.522474625423	0.611889801837	0.569840502658	0.687771870469	0.647655872402	0.556307394877	0.550024166264	0.517641372644	0.700821652972	0.652005799903	0.712421459642	0.685838569357	0.639439342678	0.660222329628	0.567907201547	0.563073948768	0.555340744321	0.579507008217	0.553407443209	0.674238762687	0.561623972934	0.672305461576	0.509424842919	0.637022716288
AG7	0.600289995167	0.612856452392	0.842435959401	0.561140647656	0.672305461576	0.541324311261	0.67133881102	0.501208313195	0.487675205413	0.584823586274	0.536007733204	0.63653939101	0.610923151281	0.776220396327	0.666988883519	0.590140164331	0.522957950701	0.520541324311	0.739487675205	0.548090865152	0.474142097632	0.43740937651	0.500724987917	0.476075398743	0.755920734654	0.513291445143	0.479458675689	0.452875785404	0.0	0.314161430643	0.52537457709	0.494441759304	0.509908168197	0.565007249879	0.747220879652	0.698405026583	0.533591106815	0.579990333494	0.568390526825	0.632189463509	0.597873368777	0.679072015466	0.635089415176	0.568873852102	0.596906718221	0.580473658772	0.746254229096	0.688738521025	0.741420976317	0.708554857419	0.67133881102	0.704204929918	0.618173030449	0.606089898502	0.609956500725	0.62493958434	0.620589656839	0.720637989367	0.628806186564	0.697438376027	0.587723537941	0.670372160464
AG8	0.611889801837	0.633639439343	0.84485258579	0.595940067666	0.690188496858	0.570807153214	0.675205413243	0.561140647656	0.554857419043	0.606089898502	0.60415659739	0.655872402127	0.63653939101	0.773803769937	0.687288545191	0.609956500725	0.588206863219	0.584340260996	0.709038182697	0.531174480425	0.493475108748	0.487191880135	0.569840502658	0.549057515708	0.761237312711	0.514741420976	0.537941034316	0.51619139681	0.314161430643	0.0	0.574673755437	0.557274045433	0.574190430159	0.607539874335	0.767520541324	0.718704688255	0.600773320445	0.598840019333	0.596423392943	0.65973900435	0.623006283229	0.695505074915	0.655872402127	0.595940067666	0.633639439343	0.61575640406	0.758820686322	0.697921701305	0.755920734654	0.719188013533	0.688738521025	0.717738037699	0.647655872402	0.630256162397	0.635089415176	0.650072498792	0.644272595457	0.729337844369	0.654422426293	0.706138231029	0.614789753504	0.6805219913
AH7	0.594006766554	0.637022716288	0.949734171097	0.690671822136	0.704688255196	0.565490575157	0.706621556307	0.551474142098	0.543740937651	0.637506041566	0.526341227646	0.660705654906	0.635572740454	0.887868535524	0.692605123248	0.603673272112	0.525857902368	0.48380860319	0.884968583857	0.74528757854	0.563557274045	0.522957950701	0.512808119865	0.500724987917	0.837602706622	0.579990333494	0.489125181247	0.500724987917	0.52537457709	0.574673755437	0.0	0.346060898985	0.565490575157	0.616239729338	0.773803769937	0.734654422426	0.555824069599	0.652005799903	0.603189946834	0.666988883519	0.640889318511	0.765103914935	0.736587723538	0.651039149348	0.638472692122	0.610439826003	0.761237312711	0.72450459159	0.772353794103	0.730304494925	0.697438376027	0.72450459159	0.624456259062	0.618656355727	0.610439826003	0.635089415176	0.620589656839	0.737071048816	0.634606089899	0.722087965201	0.605606573224	0.696955050749
AH8	0.560657322378	0.579507008217	0.948767520541	0.647172547124	0.658772353794	0.503141614306	0.67133881102	0.496858385694	0.488158530691	0.587240212663	0.509424842919	0.608989850169	0.568390526825	0.878202029966	0.640889318511	0.555824069599	0.43064282262	0.378443692605	0.895118414693	0.739004349928	0.545190913485	0.466408893185	0.487191880135	0.463508941518	0.834219429676	0.560657322378	0.479942000967	0.463992266796	0.494441759304	0.557274045433	0.346060898985	0.0	0.492508458192	0.550507491542	0.742870952151	0.700338327695	0.536491058482	0.598840019333	0.549057515708	0.616723054616	0.588206863219	0.723054615756	0.687771870469	0.601256645723	0.577573707105	0.550024166264	0.705171580474	0.668438859352	0.729337844369	0.675205413243	0.646205896568	0.673755437409	0.556307394877	0.56935717738	0.56935717738	0.583856935718	0.563557274045	0.681488641856	0.576607056549	0.685355244079	0.540840985984	0.643789270179
AA5	0.589656839053	0.520057999033	0.961817303045	0.653939101015	0.608023199613	0.448525857902	0.620106331561	0.398260029	0.40502658289	0.518124697922	0.446592556791	0.559690671822	0.529724504592	0.88883518608	0.55099081682	0.528757854036	0.424842919285	0.424842919285	0.933784436926	0.771870468826	0.556307394877	0.476558724021	0.480908651522	0.485741904302	0.903818269696	0.612856452392	0.440792653456	0.455292411793	0.509908168197	0.574190430159	0.565490575157	0.492508458192	0.0	0.354760753987	0.672788786854	0.606089898502	0.480908651522	0.483325277912	0.46979217013	0.549540840986	0.489608506525	0.634122764621	0.59255679072	0.48380860319	0.522957950701	0.473658772354	0.699855002417	0.647655872402	0.681971967134	0.65973900435	0.637989366844	0.671822136298	0.523441275979	0.549540840986	0.552924117931	0.564523924601	0.523441275979	0.679072015466	0.557274045433	0.643789270179	0.500724987917	0.62735621073
AA6	0.603673272112	0.523441275979	0.968100531658	0.667955534074	0.626389560174	0.476558724021	0.634122764621	0.454325761237	0.466892218463	0.543257612373	0.502658289029	0.577573707105	0.543740937651	0.890768487192	0.577090381827	0.538907684872	0.479942000967	0.484291928468	0.942967617206	0.780570323828	0.609956500725	0.528757854036	0.542290961817	0.538424359594	0.909134847753	0.620589656839	0.494441759304	0.520541324311	0.565007249879	0.607539874335	0.616239729338	0.550507491542	0.354760753987	0.0	0.656355727405	0.589656839053	0.515224746254	0.505558240696	0.474142097632	0.574673755437	0.490575157081	0.660705654906	0.614789753504	0.510391493475	0.458675688739	0.41904301595	0.681971967134	0.636056065732	0.67133881102	0.652005799903	0.621072982117	0.64813919768	0.519574673755	0.534074432093	0.535524407927	0.552440792653	0.533107781537	0.658772353794	0.555340744321	0.631706138231	0.515224746254	0.614789753504
AB5	0.746737554374	0.67133881102	0.971000483325	0.726437892702	0.619139681005	0.632672788787	0.721604639923	0.656355727405	0.66892218463	0.695988400193	0.67133881102	0.599806669889	0.670372160464	0.905268245529	0.716288061866	0.678588690188	0.688738521025	0.691155147414	0.941517641373	0.800386660222	0.802803286612	0.736587723538	0.741420976317	0.741420976317	0.929917834703	0.767520541324	0.695505074915	0.710488158531	0.747220879652	0.767520541324	0.773803769937	0.742870952151	0.672788786854	0.656355727405	0.0	0.290478492025	0.614789753504	0.659255679072	0.610923151281	0.623972933784	0.598356694055	0.725954567424	0.722571290478	0.642339294345	0.605123247946	0.605606573224	0.611889801837	0.605606573224	0.622039632673	0.594490091832	0.608023199613	0.602706621556	0.58337361044	0.589173513775	0.620589656839	0.597390043499	0.652972450459	0.587240212663	0.65973900435	0.594490091832	0.674722087965	0.59255679072
AB6	0.702271628806	0.607539874335	0.963267278879	0.683421942968	0.582890285162	0.585306911551	0.666988883519	0.597390043499	0.621556307395	0.642339294345	0.639439342678	0.537941034316	0.629772837119	0.895601739971	0.65732237796	0.623006283229	0.652489125181	0.656839052682	0.932334461092	0.776220396327	0.755920734654	0.690188496858	0.69453842436	0.691155147414	0.91445142581	0.721604639923	0.652489125181	0.666505558241	0.698405026583	0.718704688255	0.734654422426	0.700338327695	0.606089898502	0.589656839053	0.290478492025	0.0	0.579990333494	0.593040115998	0.574673755437	0.568873852102	0.543257612373	0.670372160464	0.655389076849	0.565007249879	0.561623972934	0.565973900435	0.594006766554	0.553890768487	0.588690188497	0.559690671822	0.557274045433	0.568390526825	0.53939101015	0.550024166264	0.58337361044	0.562107298212	0.597873368777	0.563557274045	0.611406476559	0.541807636539	0.635572740454	0.536491058482
AC5	0.623972933784	0.590623489609	0.974867085549	0.669405509908	0.618173030449	0.475108748188	0.65973900435	0.455292411793	0.454809086515	0.576123731271	0.424842919285	0.5601739971	0.575157080715	0.904784920251	0.64572257129	0.578057032383	0.472692121798	0.462542290962	0.953117448043	0.789753504108	0.626389560174	0.559690671822	0.509424842919	0.50700821653	0.920251329145	0.628322861286	0.465442242629	0.493958434026	0.533591106815	0.600773320445	0.555824069599	0.536491058482	0.480908651522	0.515224746254	0.614789753504	0.579990333494	0.0	0.463508941518	0.464475592073	0.58337361044	0.520057999033	0.719671338811	0.660222329628	0.552440792653	0.474142097632	0.456742387627	0.605123247946	0.569840502658	0.62735621073	0.577573707105	0.552440792653	0.572740454326	0.497825036249	0.46979217013	0.489608506525	0.491541807637	0.567907201547	0.593040115998	0.579990333494	0.5601739971	0.526341227646	0.545190913485
AC6	0.639439342678	0.528274528758	0.947800869986	0.640889318511	0.581923634606	0.52779120348	0.519091348478	0.491541807637	0.536007733204	0.467375543741	0.56259062349	0.554857419043	0.56259062349	0.87046882552	0.549057515708	0.558724021266	0.567907201547	0.565490575157	0.918801353311	0.753987433543	0.647172547124	0.58095698405	0.594490091832	0.592073465442	0.899951667472	0.620589656839	0.555340744321	0.55099081682	0.579990333494	0.598840019333	0.652005799903	0.598840019333	0.483325277912	0.505558240696	0.659255679072	0.593040115998	0.463508941518	0.0	0.532624456259	0.519574673755	0.510391493475	0.475592073465	0.427742870952	0.41904301595	0.566457225713	0.557274045433	0.677622039633	0.640889318511	0.670372160464	0.645239246013	0.632672788787	0.659255679072	0.579990333494	0.563073948768	0.572257129048	0.586273562107	0.555340744321	0.669888835186	0.572740454326	0.624456259062	0.558240695988	0.619139681005
AD6	0.602223296278	0.537941034316	0.974383760271	0.641855969067	0.575640405993	0.405993233446	0.622522957951	0.44900918318	0.456742387627	0.527307878202	0.454809086515	0.519574673755	0.533107781537	0.901401643306	0.602223296278	0.538907684872	0.480425326245	0.485258579024	0.947800869986	0.78008699855	0.611406476559	0.551474142098	0.554374093765	0.541807636539	0.90961817303	0.620106331561	0.509908168197	0.522474625423	0.568390526825	0.596423392943	0.603189946834	0.549057515708	0.46979217013	0.474142097632	0.610923151281	0.574673755437	0.464475592073	0.532624456259	0.0	0.538907684872	0.408893185114	0.696955050749	0.65973900435	0.53697438376	0.469308844853	0.450942484292	0.602223296278	0.558724021266	0.607539874335	0.561623972934	0.547607539874	0.575640405993	0.461092315128	0.452875785404	0.462542290962	0.472692121798	0.533591106815	0.593523441276	0.53939101015	0.554374093765	0.474142097632	0.541324311261
AE5	0.645239246013	0.529241179314	0.974383760271	0.638472692122	0.550507491542	0.549057515708	0.577090381827	0.54857419043	0.587723537941	0.527307878202	0.609956500725	0.517158047366	0.559207346544	0.896568390527	0.545674238763	0.557274045433	0.590140164331	0.597873368777	0.934267762204	0.769937167714	0.717738037699	0.649589173514	0.654422426293	0.64572257129	0.875785403577	0.654422426293	0.611406476559	0.611889801837	0.632189463509	0.65973900435	0.666988883519	0.616723054616	0.549540840986	0.574673755437	0.623972933784	0.568873852102	0.58337361044	0.519574673755	0.538907684872	0.0	0.358144030933	0.612373127115	0.574190430159	0.510874818753	0.60415659739	0.61575640406	0.655872402127	0.615273078782	0.640405993233	0.609473175447	0.610439826003	0.639922667956	0.541807636539	0.566940550991	0.587723537941	0.563073948768	0.546640889319	0.64572257129	0.567423876269	0.600773320445	0.572257129048	0.600289995167
AE6	0.610439826003	0.515708071532	0.974383760271	0.634606089899	0.554374093765	0.470758820686	0.568873852102	0.476075398743	0.51619139681	0.507491541808	0.526341227646	0.50700821653	0.523441275979	0.895601739971	0.568390526825	0.51377477042	0.529241179314	0.531657805703	0.935717738038	0.763653939101	0.670372160464	0.603673272112	0.60415659739	0.597390043499	0.90043499275	0.637022716288	0.553407443209	0.569840502658	0.597873368777	0.623006283229	0.640889318511	0.588206863219	0.489608506525	0.490575157081	0.598356694055	0.543257612373	0.520057999033	0.510391493475	0.408893185114	0.358144030933	0.0	0.651522474625	0.608506524891	0.485741904302	0.527307878202	0.535041082649	0.619623006283	0.578540357661	0.612373127115	0.581923634606	0.576607056549	0.600773320445	0.475108748188	0.478008699855	0.501691638473	0.492025132914	0.506041565974	0.607539874335	0.526341227646	0.566457225713	0.509908168197	0.563073948768
AF5	0.722571290478	0.635572740454	0.939101014983	0.669888835186	0.654422426293	0.692605123248	0.53939101015	0.647655872402	0.695988400193	0.58095698405	0.727887868536	0.635089415176	0.679072015466	0.86563557274	0.603673272112	0.667955534074	0.721604639923	0.72450459159	0.883518608023	0.73368777187	0.725471242146	0.676172063799	0.723054615756	0.722571290478	0.873852102465	0.707104881585	0.706621556307	0.687771870469	0.679072015466	0.695505074915	0.765103914935	0.723054615756	0.634122764621	0.660705654906	0.725954567424	0.670372160464	0.719671338811	0.475592073465	0.696955050749	0.612373127115	0.651522474625	0.0	0.293378443693	0.536491058482	0.72692121798	0.712421459642	0.757854035766	0.728371193813	0.743354277429	0.716288061866	0.731754470759	0.739487675205	0.695988400193	0.715804736588	0.727887868536	0.713388110198	0.67133881102	0.739971000483	0.688255195747	0.704688255196	0.717254712421	0.719188013533
AF6	0.691638472692	0.586273562107	0.936201063316	0.656355727405	0.63653939101	0.647172547124	0.505074915418	0.595456742388	0.648622522958	0.531657805703	0.683905268246	0.610439826003	0.635572740454	0.859835669406	0.55775737071	0.626389560174	0.681488641856	0.681971967134	0.881585306912	0.725471242146	0.691155147414	0.639439342678	0.684388593523	0.676172063799	0.873852102465	0.67133881102	0.665055582407	0.647655872402	0.635089415176	0.655872402127	0.736587723538	0.687771870469	0.59255679072	0.614789753504	0.722571290478	0.655389076849	0.660222329628	0.427742870952	0.65973900435	0.574190430159	0.608506524891	0.293378443693	0.0	0.49299178347	0.685838569357	0.674238762687	0.753504108265	0.700338327695	0.735621072982	0.700821652972	0.700338327695	0.725471242146	0.656839052682	0.674238762687	0.685838569357	0.676655389077	0.625422909618	0.728371193813	0.642339294345	0.684871918801	0.678105364911	0.690188496858
