	AA3	AA4	AB3	AB4	AC3	AC4	AD3	AD4	AE3	AE4	AF3	AF4	AG3	AG4	AH3	AH4	AA7	AA8	AB7	AB8	AC7	AC8	AD7	AD8	AE7	AE8	AF7	AF8	AG7	AG8	AH7	AH8	AA5	AA6	AB5	AB6	AC5	AC6	AD6	AE5	AE6	AF5	AF6	AG5	AH5	AH6	AA1	AA2	AB1	AB2	AC1	AC2	AD1	AD2	AE1	AE2	AF1	AF2	AG1	AG2	AH1	AH2
AA3	0.0	0.482841952634	0.934267762204	0.628806186564	0.667955534074	0.579507008217	0.662638956017	0.587723537941	0.566457225713	0.634122764621	0.599323344611	0.609956500725	0.586273562107	0.848719188014	0.650072498792	0.324794586757	0.586756887385	0.574190430159	0.85886901885	0.707588206863	0.613823102948	0.562107298212	0.596423392943	0.59497341711	0.834702754954	0.588690188497	0.572257129048	0.55775737071	0.579990333494	0.593523441276	0.593040115998	0.56935717738	0.587240212663	0.600289995167	0.742870952151	0.685838569357	0.608506524891	0.622039632673	0.610923151281	0.62735621073	0.608023199613	0.699371677139	0.695988400193	0.615273078782	0.631706138231	0.631706138231	0.69453842436	0.629772837119	0.715804736588	0.6805219913	0.65055582407	0.658289028516	0.583856935718	0.564523924601	0.569840502658	0.558724021266	0.587723537941	0.665538907685	0.587723537941	0.674722087965	0.586756887385	0.633639439343
AA4	0.482841952634	0.0	0.948767520541	0.571290478492	0.593523441276	0.507491541808	0.59255679072	0.499758337361	0.503624939584	0.534074432093	0.559207346544	0.532624456259	0.484291928468	0.859352344128	0.371193813436	0.359110681489	0.543257612373	0.545190913485	0.890285161914	0.722087965201	0.654422426293	0.566940550991	0.577573707105	0.579023682939	0.872402126631	0.611889801837	0.5601739971	0.552440792653	0.590140164331	0.614306428226	0.626872885452	0.568873852102	0.524891251812	0.520541324311	0.666022232963	0.602223296278	0.578057032383	0.533591106815	0.542290961817	0.537941034316	0.50700821653	0.635572740454	0.611406476559	0.537457709038	0.592073465442	0.584823586274	0.658772353794	0.579023682939	0.637506041566	0.620106331561	0.613823102948	0.625906234896	0.528757854036	0.529724504592	0.533591106815	0.51619139681	0.514258095698	0.633156114065	0.503624939584	0.602706621556	0.538424359594	0.57177380377
AB3	0.934267762204	0.948767520541	0.0	0.676655389077	0.912518124698	0.952634122765	0.955050749154	0.940067665539	0.93281778637	0.955534074432	0.969550507492	0.938134364427	0.964717254712	0.347994200097	0.964717254712	0.94441759304	0.973900434993	0.970033832769	0.751087481875	0.763653939101	0.88883518608	0.912518124698	0.959884001933	0.954084098598	0.855002416626	0.895601739971	0.935717738038	0.930884485259	0.840985983567	0.836636056066	0.951184146931	0.947800869986	0.954084098598	0.963267278879	0.972450459159	0.965683905268	0.973417109715	0.956500724988	0.974383760271	0.973417109715	0.973417109715	0.929917834703	0.925084581924	0.948767520541	0.973900434993	0.971000483325	0.972933784437	0.970517158047	0.968583856936	0.972933784437	0.971967133881	0.970033832769	0.974383760271	0.974383760271	0.974383760271	0.974867085549	0.972933784437	0.970033832769	0.972933784437	0.973417109715	0.972450459159	0.973417109715
AB4	0.628806186564	0.571290478492	0.676655389077	0.0	0.6389560174	0.607539874335	0.681971967134	0.612856452392	0.615273078782	0.639922667956	0.641372643789	0.621072982117	0.482841952634	0.572740454326	0.619623006283	0.588206863219	0.640405993233	0.637506041566	0.738037699372	0.578057032383	0.653455775737	0.615273078782	0.651522474625	0.64813919768	0.796036732721	0.628322861286	0.641855969067	0.631706138231	0.543257612373	0.573223779604	0.681488641856	0.647172547124	0.637022716288	0.648622522958	0.722571290478	0.658772353794	0.649589173514	0.630739487675	0.628806186564	0.635572740454	0.626389560174	0.671822136298	0.655872402127	0.632672788787	0.684871918801	0.675205413243	0.70372160464	0.646689221846	0.701788303528	0.678105364911	0.666988883519	0.668438859352	0.626389560174	0.631222812953	0.648622522958	0.62493958434	0.643789270179	0.676172063799	0.637506041566	0.669888835186	0.642822619623	0.648622522958
AC3	0.667955534074	0.593523441276	0.912518124698	0.6389560174	0.0	0.503141614306	0.653455775737	0.57177380377	0.572740454326	0.602706621556	0.622522957951	0.337844369261	0.603673272112	0.833736104398	0.62493958434	0.616723054616	0.631222812953	0.610439826003	0.862735621073	0.734654422426	0.731271145481	0.686321894635	0.720154664089	0.718221362977	0.829869502175	0.689221846303	0.663122281295	0.691155147414	0.66892218463	0.691155147414	0.716771387144	0.678588690188	0.619139681005	0.631222812953	0.616723054616	0.577090381827	0.625906234896	0.589173513775	0.584823586274	0.563557274045	0.566457225713	0.675205413243	0.653939101015	0.590140164331	0.654905751571	0.642339294345	0.59497341711	0.572257129048	0.577090381827	0.578540357661	0.599806669889	0.586273562107	0.546157564041	0.565007249879	0.58337361044	0.555824069599	0.629772837119	0.580473658772	0.624456259062	0.581923634606	0.617689705172	0.579507008217
AC4	0.579507008217	0.507491541808	0.952634122765	0.607539874335	0.503141614306	0.0	0.61575640406	0.420492991783	0.404059932334	0.52537457709	0.334944417593	0.409859835669	0.496375060416	0.869018849686	0.571290478492	0.516674722088	0.479942000967	0.448525857902	0.927017883035	0.753020782987	0.588690188497	0.520541324311	0.52537457709	0.518124697922	0.894635089415	0.590140164331	0.502658289029	0.50700821653	0.534074432093	0.572740454326	0.579990333494	0.529724504592	0.455292411793	0.473175447076	0.633156114065	0.559690671822	0.471242145964	0.50459159014	0.442725954567	0.546157564041	0.467375543741	0.682455292412	0.661188980184	0.521991300145	0.510391493475	0.492508458192	0.637989366844	0.571290478492	0.601256645723	0.592073465442	0.58095698405	0.598356694055	0.492025132914	0.495891735138	0.515708071532	0.490091831803	0.53020782987	0.602706621556	0.548090865152	0.573707104882	0.470275495408	0.5601739971
AD3	0.662638956017	0.59255679072	0.955050749154	0.681971967134	0.653455775737	0.61575640406	0.0	0.537941034316	0.633639439343	0.343644272595	0.670372160464	0.579990333494	0.629772837119	0.872402126631	0.5601739971	0.622522957951	0.68293861769	0.681005316578	0.940067665539	0.76848719188	0.718704688255	0.687288545191	0.687288545191	0.69212179797	0.916868052199	0.685355244079	0.691155147414	0.687771870469	0.686321894635	0.684388593523	0.71290478492	0.681971967134	0.630739487675	0.644272595457	0.731271145481	0.666505558241	0.664088931851	0.527307878202	0.630739487675	0.577090381827	0.573707104882	0.533107781537	0.52779120348	0.546640889319	0.694055099082	0.683421942968	0.75688738521	0.690671822136	0.728854519091	0.710488158531	0.699855002417	0.728854519091	0.654422426293	0.651522474625	0.667472208797	0.646205896568	0.636056065732	0.719188013533	0.643789270179	0.709038182697	0.683421942968	0.691155147414
AD4	0.587723537941	0.499758337361	0.940067665539	0.612856452392	0.57177380377	0.420492991783	0.537941034316	0.0	0.309328177864	0.420009666506	0.42822619623	0.507974867086	0.494441759304	0.859352344128	0.540840985984	0.511841469309	0.457225712905	0.429676172064	0.929917834703	0.754470758821	0.565490575157	0.48380860319	0.4813919768	0.472692121798	0.895601739971	0.587723537941	0.438376027066	0.44900918318	0.505558240696	0.560657322378	0.535524407927	0.478975350411	0.392460125665	0.433542774287	0.663605606573	0.581440309328	0.438859352344	0.475108748188	0.468342194297	0.545674238763	0.465442242629	0.639922667956	0.619623006283	0.486708554857	0.509424842919	0.497825036249	0.672788786854	0.602223296278	0.643789270179	0.635089415176	0.618173030449	0.637989366844	0.52537457709	0.521507974867	0.541324311261	0.528274528758	0.52779120348	0.64572257129	0.546640889319	0.630739487675	0.492025132914	0.591106814886
AE3	0.566457225713	0.503624939584	0.93281778637	0.615273078782	0.572740454326	0.404059932334	0.633639439343	0.309328177864	0.0	0.512324794587	0.409376510391	0.510391493475	0.489608506525	0.855969067182	0.550024166264	0.517641372644	0.451909134848	0.415659739004	0.923151280812	0.747220879652	0.547124214596	0.466408893185	0.485741904302	0.473175447076	0.885935234413	0.571290478492	0.445625906235	0.443692605123	0.494925084582	0.55099081682	0.540840985984	0.480425326245	0.397293378444	0.444175930401	0.660222329628	0.593040115998	0.445142580957	0.514741420976	0.458192363461	0.579507008217	0.497825036249	0.675688738521	0.655872402127	0.521024649589	0.494441759304	0.481875302078	0.657805703238	0.583856935718	0.628806186564	0.617689705172	0.605606573224	0.627839536008	0.522957950701	0.520057999033	0.534074432093	0.519091348478	0.538907684872	0.633156114065	0.553407443209	0.608023199613	0.48622522958	0.575640405993
AE4	0.634122764621	0.534074432093	0.955534074432	0.639922667956	0.602706621556	0.52537457709	0.343644272595	0.420009666506	0.512324794587	0.0	0.572257129048	0.527307878202	0.565973900435	0.872402126631	0.525857902368	0.566457225713	0.590140164331	0.594006766554	0.935717738038	0.761237312711	0.665538907685	0.596906718221	0.598356694055	0.594006766554	0.913484775254	0.626389560174	0.598840019333	0.591590140164	0.588690188497	0.615273078782	0.652489125181	0.604639922668	0.537457709038	0.550024166264	0.688738521025	0.619139681005	0.574673755437	0.456259062349	0.547607539874	0.528757854036	0.505074915418	0.570807153214	0.554374093765	0.499758337361	0.605606573224	0.599806669889	0.721604639923	0.643305944901	0.697438376027	0.676172063799	0.667472208797	0.685838569357	0.601739971	0.584823586274	0.601256645723	0.587723537941	0.573223779604	0.687771870469	0.588690188497	0.672305461576	0.588690188497	0.632189463509
AF3	0.599323344611	0.559207346544	0.969550507492	0.641372643789	0.622522957951	0.334944417593	0.670372160464	0.42822619623	0.409376510391	0.572257129048	0.0	0.523441275979	0.513291445143	0.885451909135	0.59497341711	0.562107298212	0.451909134848	0.414693088449	0.950217496375	0.78008699855	0.594006766554	0.526824552924	0.447559207347	0.436442725955	0.917834702755	0.610923151281	0.451909134848	0.479942000967	0.537457709038	0.590140164331	0.528274528758	0.512808119865	0.427742870952	0.494925084582	0.673272112131	0.617206379894	0.420976317061	0.542290961817	0.464958917351	0.600289995167	0.523924601257	0.715804736588	0.695021749638	0.551957467376	0.521024649589	0.503141614306	0.671822136298	0.599806669889	0.655872402127	0.618173030449	0.61333977767	0.634606089899	0.540840985984	0.524407926535	0.540357660706	0.525857902368	0.566457225713	0.642339294345	0.584823586274	0.614306428226	0.489125181247	0.582890285162
AF4	0.609956500725	0.532624456259	0.938134364427	0.621072982117	0.337844369261	0.409859835669	0.579990333494	0.507974867086	0.510391493475	0.527307878202	0.523441275979	0.0	0.558724021266	0.853552440793	0.56935717738	0.546157564041	0.572740454326	0.548090865152	0.886901884969	0.723537941034	0.699855002417	0.632672788787	0.654422426293	0.653455775737	0.846785886902	0.632672788787	0.602223296278	0.632672788787	0.628806186564	0.65732237796	0.654422426293	0.614789753504	0.553890768487	0.570323827936	0.600773320445	0.523924601257	0.551957467376	0.51619139681	0.536007733204	0.496375060416	0.509424842919	0.617689705172	0.601256645723	0.510874818753	0.581923634606	0.568873852102	0.597873368777	0.528274528758	0.579023682939	0.549057515708	0.543740937651	0.56935717738	0.491541807637	0.516674722088	0.528274528758	0.505074915418	0.564040599323	0.556307394877	0.571290478492	0.545674238763	0.558724021266	0.524407926535
AG3	0.586273562107	0.484291928468	0.964717254712	0.482841952634	0.603673272112	0.496375060416	0.629772837119	0.494441759304	0.489608506525	0.565973900435	0.513291445143	0.558724021266	0.0	0.858385693572	0.520541324311	0.510874818753	0.503141614306	0.488641855969	0.925567907202	0.754470758821	0.652489125181	0.576123731271	0.572257129048	0.586273562107	0.882068632189	0.626389560174	0.550507491542	0.554374093765	0.595456742388	0.621556307395	0.622039632673	0.555824069599	0.512808119865	0.507491541808	0.647655872402	0.596423392943	0.532141130981	0.532624456259	0.49299178347	0.564523924601	0.496858385694	0.669405509908	0.64572257129	0.55099081682	0.556307394877	0.543257612373	0.613823102948	0.55099081682	0.610923151281	0.597873368777	0.579023682939	0.583856935718	0.507974867086	0.499275012083	0.522474625423	0.497341710971	0.541807636539	0.605123247946	0.54857419043	0.593523441276	0.496375060416	0.557274045433
AG4	0.848719188014	0.859352344128	0.347994200097	0.572740454326	0.833736104398	0.869018849686	0.872402126631	0.859352344128	0.855969067182	0.872402126631	0.885451909135	0.853552440793	0.858385693572	0.0	0.8796520058	0.854519091348	0.896085065249	0.893668438859	0.721604639923	0.688738521025	0.817786370227	0.838086031899	0.887868535524	0.883035282745	0.832286128565	0.827452875785	0.857902368294	0.855485741904	0.77090381827	0.755920734654	0.882551957467	0.870952150797	0.872885451909	0.882551957467	0.899951667472	0.887868535524	0.893668438859	0.869502174964	0.890768487192	0.887385210246	0.887868535524	0.847752537458	0.845335911068	0.86805219913	0.896568390527	0.889801836636	0.889318511358	0.892218463026	0.890285161914	0.888351860802	0.896568390527	0.889801836636	0.893185113581	0.892701788304	0.895118414693	0.894151764137	0.89125181247	0.893668438859	0.891735137748	0.890285161914	0.894151764137	0.894635089415
AH3	0.650072498792	0.371193813436	0.964717254712	0.619623006283	0.62493958434	0.571290478492	0.5601739971	0.540840985984	0.550024166264	0.525857902368	0.59497341711	0.56935717738	0.520541324311	0.8796520058	0.0	0.519574673755	0.586273562107	0.602223296278	0.940067665539	0.773803769937	0.695988400193	0.625906234896	0.623972933784	0.627839536008	0.909134847753	0.678105364911	0.632189463509	0.617206379894	0.64813919768	0.668438859352	0.693088448526	0.632672788787	0.540357660706	0.565007249879	0.711454809087	0.642822619623	0.62735621073	0.529241179314	0.585790236829	0.559690671822	0.545190913485	0.584340260996	0.560657322378	0.552440792653	0.637506041566	0.630256162397	0.70372160464	0.619139681005	0.663122281295	0.663122281295	0.650072498792	0.664088931851	0.586756887385	0.592073465442	0.593523441276	0.584823586274	0.572740454326	0.678105364911	0.55775737071	0.646205896568	0.584340260996	0.603673272112
AH4	0.324794586757	0.359110681489	0.94441759304	0.588206863219	0.616723054616	0.516674722088	0.622522957951	0.511841469309	0.517641372644	0.566457225713	0.562107298212	0.546157564041	0.510874818753	0.854519091348	0.519574673755	0.0	0.540840985984	0.535524407927	0.874335427743	0.710004833253	0.619623006283	0.545190913485	0.560657322378	0.570807153214	0.853069115515	0.587240212663	0.54857419043	0.544224262929	0.569840502658	0.594490091832	0.589656839053	0.538907684872	0.532141130981	0.535524407927	0.69453842436	0.62493958434	0.580473658772	0.561140647656	0.552924117931	0.564523924601	0.529724504592	0.657805703238	0.640889318511	0.55775737071	0.591590140164	0.582890285162	0.666505558241	0.594490091832	0.656839052682	0.628322861286	0.619623006283	0.626872885452	0.537941034316	0.528274528758	0.537941034316	0.520057999033	0.507974867086	0.633156114065	0.518124697922	0.625422909618	0.537457709038	0.588206863219
AA7	0.586756887385	0.543257612373	0.973900434993	0.640405993233	0.631222812953	0.479942000967	0.68293861769	0.457225712905	0.451909134848	0.590140164331	0.451909134848	0.572740454326	0.503141614306	0.896085065249	0.586273562107	0.540840985984	0.0	0.307394876752	0.918801353311	0.765103914935	0.586273562107	0.509908168197	0.481875302078	0.489608506525	0.8796520058	0.602223296278	0.456259062349	0.461575640406	0.538907684872	0.590140164331	0.521507974867	0.433542774287	0.4398260029	0.492025132914	0.699371677139	0.645239246013	0.480425326245	0.556307394877	0.495891735138	0.592073465442	0.550507491542	0.712421459642	0.695988400193	0.579990333494	0.541324311261	0.533107781537	0.664572257129	0.595940067666	0.662155630739	0.642822619623	0.595456742388	0.621072982117	0.521991300145	0.517158047366	0.535041082649	0.515708071532	0.538424359594	0.627839536008	0.543257612373	0.633639439343	0.493475108748	0.589656839053
AA8	0.574190430159	0.545190913485	0.970033832769	0.637506041566	0.610439826003	0.448525857902	0.681005316578	0.429676172064	0.415659739004	0.594006766554	0.414693088449	0.548090865152	0.488641855969	0.893668438859	0.602223296278	0.535524407927	0.307394876752	0.0	0.913968100532	0.755437409377	0.574190430159	0.494441759304	0.465442242629	0.467858869019	0.863702271629	0.583856935718	0.447075882069	0.445142580957	0.529724504592	0.575157080715	0.48622522958	0.386176897052	0.428709521508	0.472692121798	0.687771870469	0.630739487675	0.454809086515	0.558724021266	0.480908651522	0.591106814886	0.530691155147	0.724987916868	0.704688255196	0.565490575157	0.519574673755	0.503141614306	0.646689221846	0.584340260996	0.652972450459	0.622039632673	0.583856935718	0.60415659739	0.512324794587	0.499275012083	0.520057999033	0.509908168197	0.542774287095	0.611889801837	0.546640889319	0.616239729338	0.478008699855	0.579990333494
AB7	0.85886901885	0.890285161914	0.751087481875	0.738037699372	0.862735621073	0.927017883035	0.940067665539	0.929917834703	0.923151280812	0.935717738038	0.950217496375	0.886901884969	0.925567907202	0.721604639923	0.940067665539	0.874335427743	0.918801353311	0.913968100532	0.0	0.413243112615	0.811503141614	0.842435959401	0.93281778637	0.925567907202	0.733204446593	0.815853069116	0.885451909135	0.878685355244	0.748187530208	0.697438376027	0.876752054132	0.891735137748	0.922667955534	0.934267762204	0.942000966651	0.927017883035	0.949250845819	0.9212179797	0.950217496375	0.937167713871	0.934751087482	0.87723537941	0.866602223296	0.913484775254	0.957950700822	0.957950700822	0.919768003867	0.919768003867	0.925567907202	0.93523441276	0.927017883035	0.916384726921	0.918801353311	0.910101498308	0.913001449976	0.905751570807	0.926051232479	0.918318028033	0.919768003867	0.93523441276	0.949734171097	0.924601256646
AB8	0.707588206863	0.722087965201	0.763653939101	0.578057032383	0.734654422426	0.753020782987	0.76848719188	0.754470758821	0.747220879652	0.761237312711	0.78008699855	0.723537941034	0.754470758821	0.688738521025	0.773803769937	0.710004833253	0.765103914935	0.755437409377	0.413243112615	0.0	0.65055582407	0.677138714355	0.760753987434	0.751570807153	0.725954567424	0.644755920735	0.713388110198	0.704204929918	0.551474142098	0.521991300145	0.733204446593	0.729821169647	0.754470758821	0.760753987434	0.807636539391	0.7593040116	0.768970517158	0.740937651039	0.770420492992	0.760270662156	0.757370710488	0.719671338811	0.706138231029	0.744804253262	0.787336877719	0.782020299662	0.80328661189	0.756404059932	0.794586756887	0.764620589657	0.767037216046	0.776220396327	0.760753987434	0.750120831319	0.753504108265	0.748187530208	0.753020782987	0.772353794103	0.751570807153	0.7593040116	0.771387143548	0.753504108265
AC7	0.613823102948	0.654422426293	0.88883518608	0.653455775737	0.731271145481	0.588690188497	0.718704688255	0.565490575157	0.547124214596	0.665538907685	0.594006766554	0.699855002417	0.652489125181	0.817786370227	0.695988400193	0.619623006283	0.586273562107	0.574190430159	0.811503141614	0.65055582407	0.0	0.354760753987	0.572257129048	0.565490575157	0.823102948284	0.586756887385	0.538907684872	0.499758337361	0.480908651522	0.499758337361	0.567907201547	0.533591106815	0.548090865152	0.59497341711	0.804253262446	0.747220879652	0.626872885452	0.646689221846	0.632672788787	0.714838086032	0.673755437409	0.702271628806	0.694055099082	0.647655872402	0.632189463509	0.613823102948	0.820686321895	0.755437409377	0.804736587724	0.785886901885	0.755437409377	0.779120347994	0.68970517158	0.673272112131	0.686805219913	0.685838569357	0.665055582407	0.788303528275	0.675205413243	0.773803769937	0.623006283229	0.749637506042
AC8	0.562107298212	0.566940550991	0.912518124698	0.615273078782	0.686321894635	0.520541324311	0.687288545191	0.48380860319	0.466408893185	0.596906718221	0.526824552924	0.632672788787	0.576123731271	0.838086031899	0.625906234896	0.545190913485	0.509908168197	0.494441759304	0.842435959401	0.677138714355	0.354760753987	0.0	0.48380860319	0.484775253746	0.839536007733	0.549057515708	0.413726437893	0.36346060899	0.431126147898	0.478008699855	0.523441275979	0.458192363461	0.466892218463	0.514258095698	0.732237796037	0.670855485742	0.547607539874	0.571290478492	0.554374093765	0.638472692122	0.594490091832	0.67133881102	0.64572257129	0.575640405993	0.568390526825	0.554374093765	0.742870952151	0.669888835186	0.731271145481	0.713871435476	0.674722087965	0.697438376027	0.607056549058	0.59497341711	0.607056549058	0.603673272112	0.585306911551	0.707104881585	0.597390043499	0.699371677139	0.541324311261	0.662638956017
AD7	0.596423392943	0.577573707105	0.959884001933	0.651522474625	0.720154664089	0.52537457709	0.687288545191	0.4813919768	0.485741904302	0.598356694055	0.447559207347	0.654422426293	0.572257129048	0.887868535524	0.623972933784	0.560657322378	0.481875302078	0.465442242629	0.93281778637	0.760753987434	0.572257129048	0.48380860319	0.0	0.275978733688	0.896085065249	0.521024649589	0.424842919285	0.437892701788	0.504108264862	0.55775737071	0.505558240696	0.479942000967	0.493475108748	0.532141130981	0.739971000483	0.67133881102	0.500724987917	0.584340260996	0.551474142098	0.637022716288	0.597873368777	0.71532141131	0.692605123248	0.600289995167	0.5601739971	0.55099081682	0.746737554374	0.665538907685	0.728371193813	0.710488158531	0.670855485742	0.696955050749	0.612856452392	0.59255679072	0.604639922668	0.605123247946	0.574673755437	0.70130497825	0.589656839053	0.697921701305	0.558724021266	0.661188980184
AD8	0.59497341711	0.579023682939	0.954084098598	0.64813919768	0.718221362977	0.518124697922	0.69212179797	0.472692121798	0.473175447076	0.594006766554	0.436442725955	0.653455775737	0.586273562107	0.883035282745	0.627839536008	0.570807153214	0.489608506525	0.467858869019	0.925567907202	0.751570807153	0.565490575157	0.484775253746	0.275978733688	0.0	0.869502174964	0.496858385694	0.423876268729	0.43740937651	0.490091831803	0.542774287095	0.500724987917	0.484291928468	0.485741904302	0.530691155147	0.740937651039	0.670372160464	0.492508458192	0.577573707105	0.542774287095	0.632672788787	0.591590140164	0.714354760754	0.694055099082	0.588206863219	0.563557274045	0.555340744321	0.74770420493	0.665055582407	0.734654422426	0.71290478492	0.667472208797	0.697921701305	0.616723054616	0.593523441276	0.60415659739	0.608989850169	0.591106814886	0.706138231029	0.608023199613	0.699371677139	0.557274045433	0.658289028516
AE7	0.834702754954	0.872402126631	0.855002416626	0.796036732721	0.829869502175	0.894635089415	0.916868052199	0.895601739971	0.885935234413	0.913484775254	0.917834702755	0.846785886902	0.882068632189	0.832286128565	0.909134847753	0.853069115515	0.8796520058	0.863702271629	0.733204446593	0.725954567424	0.823102948284	0.839536007733	0.896085065249	0.869502174964	0.0	0.557274045433	0.869985500242	0.860802319961	0.75688738521	0.754470758821	0.836152730788	0.846785886902	0.895118414693	0.903334944418	0.926534557757	0.911068148864	0.91445142581	0.898501691638	0.90961817303	0.875785403577	0.900918318028	0.879168680522	0.864185596907	0.881585306912	0.938134364427	0.928467858869	0.887868535524	0.891735137748	0.905268245529	0.898501691638	0.898985016916	0.894151764137	0.892701788304	0.892701788304	0.898018366361	0.884968583857	0.910101498308	0.893185113581	0.900918318028	0.903818269696	0.912518124698	0.898018366361
AE8	0.588690188497	0.611889801837	0.895601739971	0.628322861286	0.689221846303	0.590140164331	0.685355244079	0.587723537941	0.571290478492	0.626389560174	0.610923151281	0.632672788787	0.626389560174	0.827452875785	0.678105364911	0.587240212663	0.602223296278	0.583856935718	0.815853069116	0.644755920735	0.586756887385	0.549057515708	0.521024649589	0.496858385694	0.557274045433	0.0	0.564523924601	0.555340744321	0.503624939584	0.507491541808	0.568873852102	0.5601739971	0.598356694055	0.600289995167	0.753504108265	0.696471725471	0.611889801837	0.603673272112	0.609956500725	0.642339294345	0.633639439343	0.677138714355	0.666505558241	0.602223296278	0.633639439343	0.62735621073	0.752537457709	0.681005316578	0.749637506042	0.713871435476	0.687771870469	0.726437892702	0.645239246013	0.625906234896	0.651039149348	0.637506041566	0.636056065732	0.716771387144	0.650072498792	0.708071532141	0.607056549058	0.677138714355
AF7	0.572257129048	0.5601739971	0.935717738038	0.641855969067	0.663122281295	0.502658289029	0.691155147414	0.438376027066	0.445625906235	0.598840019333	0.451909134848	0.602223296278	0.550507491542	0.857902368294	0.632189463509	0.54857419043	0.456259062349	0.447075882069	0.885451909135	0.713388110198	0.538907684872	0.413726437893	0.424842919285	0.423876268729	0.869985500242	0.564523924601	0.0	0.320927984534	0.47462542291	0.522957950701	0.480908651522	0.477525374577	0.453842435959	0.492508458192	0.694055099082	0.639439342678	0.464958917351	0.542290961817	0.514258095698	0.601739971	0.555824069599	0.696471725471	0.675688738521	0.553407443209	0.535041082649	0.524891251812	0.678588690188	0.623972933784	0.690671822136	0.666988883519	0.626389560174	0.637506041566	0.565490575157	0.545190913485	0.562107298212	0.555824069599	0.544707588207	0.642339294345	0.562107298212	0.662155630739	0.498308361527	0.608506524891
AF8	0.55775737071	0.552440792653	0.930884485259	0.631706138231	0.691155147414	0.50700821653	0.687771870469	0.44900918318	0.443692605123	0.591590140164	0.479942000967	0.632672788787	0.554374093765	0.855485741904	0.617206379894	0.544224262929	0.461575640406	0.445142580957	0.878685355244	0.704204929918	0.499758337361	0.36346060899	0.437892701788	0.43740937651	0.860802319961	0.555340744321	0.320927984534	0.0	0.454809086515	0.50459159014	0.507491541808	0.455292411793	0.432576123731	0.49299178347	0.716288061866	0.653939101015	0.486708554857	0.555340744321	0.531657805703	0.616239729338	0.568873852102	0.681488641856	0.656839052682	0.559690671822	0.550507491542	0.545674238763	0.710004833253	0.644272595457	0.708554857419	0.688738521025	0.649589173514	0.667955534074	0.580473658772	0.561623972934	0.579023682939	0.575157080715	0.556307394877	0.674722087965	0.564523924601	0.675688738521	0.519091348478	0.633639439343
AG7	0.579990333494	0.590140164331	0.840985983567	0.543257612373	0.66892218463	0.534074432093	0.686321894635	0.505558240696	0.494925084582	0.588690188497	0.537457709038	0.628806186564	0.595456742388	0.77090381827	0.64813919768	0.569840502658	0.538907684872	0.529724504592	0.748187530208	0.551474142098	0.480908651522	0.431126147898	0.504108264862	0.490091831803	0.75688738521	0.503624939584	0.47462542291	0.454809086515	0.0	0.304978250362	0.543257612373	0.51377477042	0.515708071532	0.550024166264	0.742387626873	0.676655389077	0.533107781537	0.564040599323	0.55775737071	0.632189463509	0.598840019333	0.659255679072	0.633156114065	0.572740454326	0.591590140164	0.580473658772	0.740937651039	0.662638956017	0.724021266312	0.70372160464	0.669405509908	0.70130497825	0.614306428226	0.603189946834	0.614306428226	0.608506524891	0.608506524891	0.706621556307	0.628322861286	0.687771870469	0.575157080715	0.65732237796
AG8	0.593523441276	0.614306428226	0.836636056066	0.573223779604	0.691155147414	0.572740454326	0.684388593523	0.560657322378	0.55099081682	0.615273078782	0.590140164331	0.65732237796	0.621556307395	0.755920734654	0.668438859352	0.594490091832	0.590140164331	0.575157080715	0.697438376027	0.521991300145	0.499758337361	0.478008699855	0.55775737071	0.542774287095	0.754470758821	0.507491541808	0.522957950701	0.50459159014	0.304978250362	0.0	0.56935717738	0.548090865152	0.566940550991	0.59255679072	0.763653939101	0.69453842436	0.572257129048	0.589173513775	0.593523441276	0.664088931851	0.620106331561	0.658772353794	0.64813919768	0.611889801837	0.630739487675	0.610439826003	0.772353794103	0.691638472692	0.751087481875	0.731754470759	0.700821652972	0.725471242146	0.64813919768	0.634606089899	0.64572257129	0.644272595457	0.64572257129	0.733204446593	0.666988883519	0.714838086032	0.613823102948	0.683421942968
AH7	0.593040115998	0.626872885452	0.951184146931	0.681488641856	0.716771387144	0.579990333494	0.71290478492	0.535524407927	0.540840985984	0.652489125181	0.528274528758	0.654422426293	0.622039632673	0.882551957467	0.693088448526	0.589656839053	0.521507974867	0.48622522958	0.876752054132	0.733204446593	0.567907201547	0.523441275979	0.505558240696	0.500724987917	0.836152730788	0.568873852102	0.480908651522	0.507491541808	0.543257612373	0.56935717738	0.0	0.336394393427	0.573223779604	0.608989850169	0.774770420493	0.729821169647	0.554374093765	0.644755920735	0.610439826003	0.665055582407	0.646205896568	0.751570807153	0.741420976317	0.651522474625	0.6389560174	0.628806186564	0.761237312711	0.705171580474	0.766553890768	0.735137747704	0.710971483809	0.725471242146	0.63653939101	0.62735621073	0.630256162397	0.631222812953	0.623489608507	0.731754470759	0.6389560174	0.727887868536	0.607056549058	0.700338327695
AH8	0.56935717738	0.568873852102	0.947800869986	0.647172547124	0.678588690188	0.529724504592	0.681971967134	0.478975350411	0.480425326245	0.604639922668	0.512808119865	0.614789753504	0.555824069599	0.870952150797	0.632672788787	0.538907684872	0.433542774287	0.386176897052	0.891735137748	0.729821169647	0.533591106815	0.458192363461	0.479942000967	0.484291928468	0.846785886902	0.5601739971	0.477525374577	0.455292411793	0.51377477042	0.548090865152	0.336394393427	0.0	0.498308361527	0.540357660706	0.747220879652	0.689221846303	0.534557757371	0.593040115998	0.5601739971	0.618173030449	0.597390043499	0.716288061866	0.699855002417	0.609956500725	0.581923634606	0.571290478492	0.72450459159	0.655872402127	0.725954567424	0.690188496858	0.663122281295	0.681005316578	0.593040115998	0.577090381827	0.591590140164	0.581923634606	0.575640405993	0.685838569357	0.58337361044	0.681488641856	0.554857419043	0.647172547124
AA5	0.587240212663	0.524891251812	0.954084098598	0.637022716288	0.619139681005	0.455292411793	0.630739487675	0.392460125665	0.397293378444	0.537457709038	0.427742870952	0.553890768487	0.512808119865	0.872885451909	0.540357660706	0.532141130981	0.4398260029	0.428709521508	0.922667955534	0.754470758821	0.548090865152	0.466892218463	0.493475108748	0.485741904302	0.895118414693	0.598356694055	0.453842435959	0.432576123731	0.515708071532	0.566940550991	0.573223779604	0.498308361527	0.0	0.343644272595	0.678588690188	0.588206863219	0.480908651522	0.468825519575	0.488158530691	0.55099081682	0.491541807637	0.621072982117	0.598840019333	0.471242145964	0.519091348478	0.486708554857	0.696471725471	0.631706138231	0.669888835186	0.652489125181	0.647172547124	0.666988883519	0.546640889319	0.550507491542	0.572257129048	0.547124214596	0.537941034316	0.669405509908	0.559690671822	0.647655872402	0.503141614306	0.614789753504
AA6	0.600289995167	0.520541324311	0.963267278879	0.648622522958	0.631222812953	0.473175447076	0.644272595457	0.433542774287	0.444175930401	0.550024166264	0.494925084582	0.570323827936	0.507491541808	0.882551957467	0.565007249879	0.535524407927	0.492025132914	0.472692121798	0.934267762204	0.760753987434	0.59497341711	0.514258095698	0.532141130981	0.530691155147	0.903334944418	0.600289995167	0.492508458192	0.49299178347	0.550024166264	0.59255679072	0.608989850169	0.540357660706	0.343644272595	0.0	0.67133881102	0.584823586274	0.514741420976	0.490091831803	0.48380860319	0.562107298212	0.488158530691	0.652005799903	0.631706138231	0.501208313195	0.447559207347	0.41904301595	0.687288545191	0.620589656839	0.661188980184	0.646689221846	0.631706138231	0.653455775737	0.537941034316	0.538424359594	0.558724021266	0.536007733204	0.538907684872	0.65732237796	0.55775737071	0.634122764621	0.497341710971	0.606089898502
AB5	0.742870952151	0.666022232963	0.972450459159	0.722571290478	0.616723054616	0.633156114065	0.731271145481	0.663605606573	0.660222329628	0.688738521025	0.673272112131	0.600773320445	0.647655872402	0.899951667472	0.711454809087	0.69453842436	0.699371677139	0.687771870469	0.942000966651	0.807636539391	0.804253262446	0.732237796037	0.739971000483	0.740937651039	0.926534557757	0.753504108265	0.694055099082	0.716288061866	0.742387626873	0.763653939101	0.774770420493	0.747220879652	0.678588690188	0.67133881102	0.0	0.333494441759	0.617206379894	0.656839052682	0.628322861286	0.607539874335	0.591590140164	0.746254229096	0.724987916868	0.646205896568	0.637506041566	0.630739487675	0.623006283229	0.61575640406	0.633639439343	0.60657322378	0.624456259062	0.612856452392	0.593040115998	0.60415659739	0.612373127115	0.607539874335	0.653939101015	0.599806669889	0.652972450459	0.612856452392	0.656839052682	0.616239729338
AB6	0.685838569357	0.602223296278	0.965683905268	0.658772353794	0.577090381827	0.559690671822	0.666505558241	0.581440309328	0.593040115998	0.619139681005	0.617206379894	0.523924601257	0.596423392943	0.887868535524	0.642822619623	0.62493958434	0.645239246013	0.630739487675	0.927017883035	0.7593040116	0.747220879652	0.670855485742	0.67133881102	0.670372160464	0.911068148864	0.696471725471	0.639439342678	0.653939101015	0.676655389077	0.69453842436	0.729821169647	0.689221846303	0.588206863219	0.584823586274	0.333494441759	0.0	0.561140647656	0.577573707105	0.568390526825	0.543740937651	0.5186080232	0.669405509908	0.652005799903	0.548090865152	0.555824069599	0.549540840986	0.586273562107	0.533591106815	0.573707104882	0.545190913485	0.551957467376	0.568390526825	0.5186080232	0.557274045433	0.562107298212	0.556790720155	0.593040115998	0.546640889319	0.595940067666	0.543257612373	0.605606573224	0.533107781537
AC5	0.608506524891	0.578057032383	0.973417109715	0.649589173514	0.625906234896	0.471242145964	0.664088931851	0.438859352344	0.445142580957	0.574673755437	0.420976317061	0.551957467376	0.532141130981	0.893668438859	0.62735621073	0.580473658772	0.480425326245	0.454809086515	0.949250845819	0.768970517158	0.626872885452	0.547607539874	0.500724987917	0.492508458192	0.91445142581	0.611889801837	0.464958917351	0.486708554857	0.533107781537	0.572257129048	0.554374093765	0.534557757371	0.480908651522	0.514741420976	0.617206379894	0.561140647656	0.0	0.449975833736	0.468342194297	0.565973900435	0.519574673755	0.70372160464	0.673272112131	0.541324311261	0.489608506525	0.4813919768	0.610439826003	0.544707588207	0.622039632673	0.580473658772	0.565973900435	0.579990333494	0.508941517641	0.496375060416	0.506524891252	0.507974867086	0.565973900435	0.594006766554	0.590140164331	0.56935717738	0.512324794587	0.536491058482
AC6	0.622039632673	0.533591106815	0.956500724988	0.630739487675	0.589173513775	0.50459159014	0.527307878202	0.475108748188	0.514741420976	0.456259062349	0.542290961817	0.51619139681	0.532624456259	0.869502174964	0.529241179314	0.561140647656	0.556307394877	0.558724021266	0.9212179797	0.740937651039	0.646689221846	0.571290478492	0.584340260996	0.577573707105	0.898501691638	0.603673272112	0.542290961817	0.555340744321	0.564040599323	0.589173513775	0.644755920735	0.593040115998	0.468825519575	0.490091831803	0.656839052682	0.577573707105	0.449975833736	0.0	0.526341227646	0.503624939584	0.499275012083	0.490091831803	0.462542290962	0.43064282262	0.564040599323	0.54857419043	0.678588690188	0.618656355727	0.655389076849	0.629772837119	0.625422909618	0.654905751571	0.577090381827	0.566457225713	0.581923634606	0.561623972934	0.553890768487	0.644755920735	0.576607056549	0.621556307395	0.544707588207	0.615273078782
AD6	0.610923151281	0.542290961817	0.974383760271	0.628806186564	0.584823586274	0.442725954567	0.630739487675	0.468342194297	0.458192363461	0.547607539874	0.464958917351	0.536007733204	0.49299178347	0.890768487192	0.585790236829	0.552924117931	0.495891735138	0.480908651522	0.950217496375	0.770420492992	0.632672788787	0.554374093765	0.551474142098	0.542774287095	0.90961817303	0.609956500725	0.514258095698	0.531657805703	0.55775737071	0.593523441276	0.610439826003	0.5601739971	0.488158530691	0.48380860319	0.628322861286	0.568390526825	0.468342194297	0.526341227646	0.0	0.538907684872	0.421459642339	0.699855002417	0.678588690188	0.548090865152	0.484291928468	0.468342194297	0.60415659739	0.528274528758	0.595456742388	0.572257129048	0.55099081682	0.574673755437	0.484291928468	0.455775737071	0.478492025133	0.47220879652	0.546640889319	0.581923634606	0.554857419043	0.570323827936	0.459642339294	0.51377477042
AE5	0.62735621073	0.537941034316	0.973417109715	0.635572740454	0.563557274045	0.546157564041	0.577090381827	0.545674238763	0.579507008217	0.528757854036	0.600289995167	0.496375060416	0.564523924601	0.887385210246	0.559690671822	0.564523924601	0.592073465442	0.591106814886	0.937167713871	0.760270662156	0.714838086032	0.638472692122	0.637022716288	0.632672788787	0.875785403577	0.642339294345	0.601739971	0.616239729338	0.632189463509	0.664088931851	0.665055582407	0.618173030449	0.55099081682	0.562107298212	0.607539874335	0.543740937651	0.565973900435	0.503624939584	0.538907684872	0.0	0.362977283712	0.601739971	0.581440309328	0.493475108748	0.612856452392	0.608023199613	0.640405993233	0.585306911551	0.62493958434	0.605123247946	0.607539874335	0.625422909618	0.529241179314	0.558724021266	0.579990333494	0.541324311261	0.546157564041	0.625906234896	0.552440792653	0.59497341711	0.561623972934	0.584340260996
AE6	0.608023199613	0.50700821653	0.973417109715	0.626389560174	0.566457225713	0.467375543741	0.573707104882	0.465442242629	0.497825036249	0.505074915418	0.523924601257	0.509424842919	0.496858385694	0.887868535524	0.545190913485	0.529724504592	0.550507491542	0.530691155147	0.934751087482	0.757370710488	0.673755437409	0.594490091832	0.597873368777	0.591590140164	0.900918318028	0.633639439343	0.555824069599	0.568873852102	0.598840019333	0.620106331561	0.646205896568	0.597390043499	0.491541807637	0.488158530691	0.591590140164	0.5186080232	0.519574673755	0.499275012083	0.421459642339	0.362977283712	0.0	0.644272595457	0.620106331561	0.488158530691	0.53939101015	0.52779120348	0.624456259062	0.563557274045	0.603673272112	0.583856935718	0.582890285162	0.602706621556	0.491541807637	0.47220879652	0.499758337361	0.482841952634	0.519574673755	0.601256645723	0.533591106815	0.575640405993	0.498791686805	0.549540840986
AF5	0.699371677139	0.635572740454	0.929917834703	0.671822136298	0.675205413243	0.682455292412	0.533107781537	0.639922667956	0.675688738521	0.570807153214	0.715804736588	0.617689705172	0.669405509908	0.847752537458	0.584340260996	0.657805703238	0.712421459642	0.724987916868	0.87723537941	0.719671338811	0.702271628806	0.67133881102	0.71532141131	0.714354760754	0.879168680522	0.677138714355	0.696471725471	0.681488641856	0.659255679072	0.658772353794	0.751570807153	0.716288061866	0.621072982117	0.652005799903	0.746254229096	0.669405509908	0.70372160464	0.490091831803	0.699855002417	0.601739971	0.644272595457	0.0	0.258095698405	0.53697438376	0.724021266312	0.713388110198	0.768970517158	0.714354760754	0.753504108265	0.724021266312	0.727404543258	0.757854035766	0.691638472692	0.715804736588	0.725954567424	0.697921701305	0.672305461576	0.741420976317	0.675205413243	0.718704688255	0.706138231029	0.713871435476
AF6	0.695988400193	0.611406476559	0.925084581924	0.655872402127	0.653939101015	0.661188980184	0.52779120348	0.619623006283	0.655872402127	0.554374093765	0.695021749638	0.601256645723	0.64572257129	0.845335911068	0.560657322378	0.640889318511	0.695988400193	0.704688255196	0.866602223296	0.706138231029	0.694055099082	0.64572257129	0.692605123248	0.694055099082	0.864185596907	0.666505558241	0.675688738521	0.656839052682	0.633156114065	0.64813919768	0.741420976317	0.699855002417	0.598840019333	0.631706138231	0.724987916868	0.652005799903	0.673272112131	0.462542290962	0.678588690188	0.581440309328	0.620106331561	0.258095698405	0.0	0.51619139681	0.702271628806	0.690188496858	0.751087481875	0.699371677139	0.73368777187	0.708071532141	0.701788303528	0.73852102465	0.671822136298	0.689221846303	0.703238279362	0.675688738521	0.651039149348	0.722087965201	0.650072498792	0.701788303528	0.687288545191	0.692605123248
