	AA3	AA4	AB3	AB4	AC3	AC4	AD3	AD4	AE3	AE4	AF3	AF4	AG3	AG4	AH3	AH4	AA7	AA8	AB7	AB8	AC7	AC8	AD7	AD8	AE7	AE8	AF7	AF8	AG7	AG8	AH7	AH8	AA5	AA6	AB5	AB6	AC5	AC6	AD6	AE5	AE6	AF5	AF6	AG5	AH5	AH6	AA1	AA2	AB1	AB2	AC1	AC2	AD1	AD2	AE1	AE2	AF1	AF2	AG1	AG2	AH1	AH2
AA3	0.0	0.500241662639	0.940067665539	0.627839536008	0.660705654906	0.578540357661	0.668438859352	0.577573707105	0.555340744321	0.609473175447	0.588206863219	0.589656839053	0.580473658772	0.859835669406	0.6389560174	0.318028032866	0.569840502658	0.548090865152	0.867085548574	0.709521507975	0.617206379894	0.554374093765	0.565973900435	0.566940550991	0.837119381344	0.583856935718	0.579023682939	0.555824069599	0.573707104882	0.584823586274	0.586756887385	0.555824069599	0.570323827936	0.586756887385	0.728371193813	0.671822136298	0.595940067666	0.608989850169	0.592073465442	0.633639439343	0.58095698405	0.699855002417	0.692605123248	0.612856452392	0.606089898502	0.604639922668	0.670372160464	0.635572740454	0.704204929918	0.653939101015	0.649105848236	0.654422426293	0.574673755437	0.558240695988	0.554374093765	0.565490575157	0.565490575157	0.648622522958	0.579990333494	0.658772353794	0.571290478492	0.635572740454
AA4	0.500241662639	0.0	0.952634122765	0.594006766554	0.582406959884	0.515708071532	0.591590140164	0.497825036249	0.519091348478	0.523924601257	0.570323827936	0.5186080232	0.495891735138	0.862735621073	0.360077332044	0.391493475109	0.542290961817	0.543740937651	0.88883518608	0.726437892702	0.673755437409	0.586756887385	0.596906718221	0.595456742388	0.872885451909	0.626389560174	0.568873852102	0.56259062349	0.617689705172	0.642339294345	0.637506041566	0.579023682939	0.519091348478	0.538424359594	0.673755437409	0.605606573224	0.582406959884	0.528757854036	0.552924117931	0.533107781537	0.498791686805	0.616239729338	0.599323344611	0.533591106815	0.59255679072	0.589656839053	0.655389076849	0.583856935718	0.643789270179	0.605606573224	0.612856452392	0.631706138231	0.535041082649	0.534557757371	0.552924117931	0.535041082649	0.505074915418	0.620106331561	0.515224746254	0.605606573224	0.538907684872	0.592073465442
AB3	0.940067665539	0.952634122765	0.0	0.682455292412	0.913968100532	0.957467375544	0.957467375544	0.946350894152	0.93523441276	0.950700821653	0.974867085549	0.942967617206	0.970033832769	0.348960850652	0.960850652489	0.940067665539	0.973900434993	0.970033832769	0.747220879652	0.757854035766	0.892218463026	0.919284678589	0.9584340261	0.952150797487	0.851135814403	0.901884968584	0.948284195263	0.927984533591	0.847752537458	0.830352827453	0.952634122765	0.95601739971	0.959400676655	0.962783953601	0.973900434993	0.966650555824	0.975833736104	0.955534074432	0.975350410826	0.975350410826	0.975833736104	0.939101014983	0.935717738038	0.948284195263	0.977283711938	0.974867085549	0.977283711938	0.972450459159	0.973417109715	0.972450459159	0.973900434993	0.972933784437	0.976317061382	0.976317061382	0.977283711938	0.976317061382	0.974867085549	0.973417109715	0.975833736104	0.976317061382	0.975833736104	0.975350410826
AB4	0.627839536008	0.594006766554	0.682455292412	0.0	0.644755920735	0.607539874335	0.696955050749	0.623972933784	0.621072982117	0.631222812953	0.656355727405	0.602223296278	0.488158530691	0.566457225713	0.60657322378	0.61333977767	0.650072498792	0.639439342678	0.728371193813	0.563557274045	0.667472208797	0.625422909618	0.657805703238	0.651039149348	0.78250362494	0.629289511841	0.653455775737	0.633639439343	0.556307394877	0.576123731271	0.694055099082	0.646205896568	0.644755920735	0.661672305462	0.726437892702	0.666988883519	0.656355727405	0.641855969067	0.640405993233	0.628806186564	0.632672788787	0.661672305462	0.652005799903	0.633639439343	0.683905268246	0.681971967134	0.687288545191	0.643789270179	0.69212179797	0.662638956017	0.674238762687	0.673272112131	0.629289511841	0.635089415176	0.649105848236	0.638472692122	0.643305944901	0.662155630739	0.640405993233	0.652972450459	0.645239246013	0.64813919768
AC3	0.660705654906	0.582406959884	0.913968100532	0.644755920735	0.0	0.484775253746	0.64572257129	0.533591106815	0.562107298212	0.594490091832	0.611406476559	0.343644272595	0.626872885452	0.832286128565	0.612856452392	0.610923151281	0.635572740454	0.617206379894	0.861768970517	0.734654422426	0.739487675205	0.690671822136	0.723054615756	0.713388110198	0.829386176897	0.693571773804	0.670372160464	0.681488641856	0.675205413243	0.698888351861	0.718704688255	0.67133881102	0.602223296278	0.629772837119	0.632189463509	0.596423392943	0.629289511841	0.58337361044	0.599806669889	0.554374093765	0.565490575157	0.657805703238	0.653939101015	0.57177380377	0.645239246013	0.650072498792	0.611406476559	0.599806669889	0.603189946834	0.577090381827	0.624456259062	0.613823102948	0.556790720155	0.583856935718	0.600289995167	0.579023682939	0.612373127115	0.598356694055	0.614789753504	0.600773320445	0.637022716288	0.596906718221
AC4	0.578540357661	0.515708071532	0.957467375544	0.607539874335	0.484775253746	0.0	0.610923151281	0.399710004833	0.416143064282	0.500241662639	0.343160947318	0.373127114548	0.511841469309	0.867568873852	0.5601739971	0.546640889319	0.510874818753	0.475592073465	0.916868052199	0.740937651039	0.614306428226	0.537457709038	0.538907684872	0.521507974867	0.881585306912	0.579023682939	0.517158047366	0.53939101015	0.544707588207	0.570323827936	0.591590140164	0.531174480425	0.461092315128	0.476558724021	0.627839536008	0.564040599323	0.482841952634	0.495891735138	0.432576123731	0.557274045433	0.478975350411	0.661188980184	0.648622522958	0.514741420976	0.491058482359	0.485258579024	0.62735621073	0.563073948768	0.595456742388	0.561140647656	0.580473658772	0.604639922668	0.492508458192	0.507974867086	0.521991300145	0.508941517641	0.540840985984	0.594006766554	0.55775737071	0.565490575157	0.505074915418	0.563557274045
AD3	0.668438859352	0.591590140164	0.957467375544	0.696955050749	0.64572257129	0.610923151281	0.0	0.52779120348	0.633639439343	0.362493958434	0.66892218463	0.615273078782	0.641372643789	0.874818753021	0.588206863219	0.637022716288	0.685355244079	0.685355244079	0.941034316095	0.769937167714	0.724021266312	0.691155147414	0.691638472692	0.684871918801	0.919284678589	0.681488641856	0.68970517158	0.693571773804	0.68970517158	0.685355244079	0.716771387144	0.689221846303	0.625906234896	0.652489125181	0.725954567424	0.662155630739	0.676172063799	0.525857902368	0.632189463509	0.599806669889	0.575157080715	0.550024166264	0.540840985984	0.548090865152	0.68293861769	0.68293861769	0.765587240213	0.698888351861	0.737554374094	0.712421459642	0.711454809087	0.731754470759	0.657805703238	0.654905751571	0.664572257129	0.663122281295	0.621072982117	0.714354760754	0.647172547124	0.710971483809	0.685838569357	0.705171580474
AD4	0.577573707105	0.497825036249	0.946350894152	0.623972933784	0.533591106815	0.399710004833	0.52779120348	0.0	0.305944900918	0.399226679555	0.413243112615	0.456259062349	0.523924601257	0.859352344128	0.536491058482	0.529241179314	0.464958917351	0.435959400677	0.928467858869	0.750120831319	0.580473658772	0.488641855969	0.491541807637	0.481875302078	0.90043499275	0.595456742388	0.450942484292	0.46302561624	0.49540840986	0.554857419043	0.544707588207	0.487675205413	0.39342677622	0.447075882069	0.635572740454	0.562107298212	0.431609473175	0.475108748188	0.409376510391	0.559207346544	0.475108748188	0.630739487675	0.620106331561	0.487191880135	0.492508458192	0.467375543741	0.644755920735	0.575640405993	0.613823102948	0.600289995167	0.597873368777	0.619623006283	0.497825036249	0.50459159014	0.515708071532	0.515224746254	0.521024649589	0.608023199613	0.547124214596	0.597873368777	0.502174963751	0.581923634606
AE3	0.555340744321	0.519091348478	0.93523441276	0.621072982117	0.562107298212	0.416143064282	0.633639439343	0.305944900918	0.0	0.498308361527	0.401643305945	0.489125181247	0.511841469309	0.850652489125	0.559690671822	0.52537457709	0.463992266796	0.427259545674	0.919284678589	0.741420976317	0.546157564041	0.454325761237	0.478492025133	0.486708554857	0.886901884969	0.584823586274	0.448042532624	0.456742387627	0.480908651522	0.544707588207	0.542774287095	0.491058482359	0.396810053166	0.446592556791	0.65732237796	0.585306911551	0.450942484292	0.516674722088	0.423392943451	0.601739971	0.520541324311	0.670855485742	0.65732237796	0.521991300145	0.494441759304	0.466892218463	0.661188980184	0.59497341711	0.634122764621	0.61333977767	0.616239729338	0.641372643789	0.523441275979	0.528757854036	0.537941034316	0.536491058482	0.543257612373	0.632672788787	0.570807153214	0.606089898502	0.500724987917	0.602223296278
AE4	0.609473175447	0.523924601257	0.950700821653	0.631222812953	0.594490091832	0.500241662639	0.362493958434	0.399226679555	0.498308361527	0.0	0.566940550991	0.547607539874	0.568390526825	0.862735621073	0.547607539874	0.56935717738	0.575640405993	0.574190430159	0.930401159981	0.755920734654	0.65055582407	0.573707104882	0.584823586274	0.573707104882	0.906234896085	0.60657322378	0.574673755437	0.572257129048	0.576123731271	0.600289995167	0.632672788787	0.579507008217	0.520541324311	0.550507491542	0.679072015466	0.60657322378	0.563073948768	0.457225712905	0.534074432093	0.548090865152	0.508458192363	0.571290478492	0.557274045433	0.496858385694	0.601256645723	0.580473658772	0.710971483809	0.649589173514	0.691638472692	0.668438859352	0.674238762687	0.683421942968	0.596423392943	0.589656839053	0.602706621556	0.600289995167	0.559690671822	0.667955534074	0.588206863219	0.667955534074	0.59497341711	0.65732237796
AF3	0.588206863219	0.570323827936	0.974867085549	0.656355727405	0.611406476559	0.343160947318	0.66892218463	0.413243112615	0.401643305945	0.566940550991	0.0	0.501208313195	0.543257612373	0.887868535524	0.608506524891	0.587240212663	0.449492508458	0.432092798453	0.954084098598	0.782020299662	0.585306911551	0.511841469309	0.441759304012	0.443209279845	0.924117931368	0.623006283229	0.444175930401	0.49299178347	0.521024649589	0.598840019333	0.528757854036	0.496375060416	0.434992750121	0.484775253746	0.658772353794	0.602223296278	0.411793136781	0.541807636539	0.438859352344	0.623972933784	0.536491058482	0.70372160464	0.69453842436	0.553890768487	0.502174963751	0.475592073465	0.667955534074	0.597873368777	0.65055582407	0.608506524891	0.612373127115	0.643789270179	0.533591106815	0.523441275979	0.540840985984	0.532624456259	0.569840502658	0.635089415176	0.588206863219	0.602223296278	0.515224746254	0.601739971
AF4	0.589656839053	0.5186080232	0.942967617206	0.602223296278	0.343644272595	0.373127114548	0.615273078782	0.456259062349	0.489125181247	0.547607539874	0.501208313195	0.0	0.552924117931	0.857419043016	0.549057515708	0.543257612373	0.572257129048	0.540840985984	0.89125181247	0.724021266312	0.686805219913	0.613823102948	0.643789270179	0.626872885452	0.85886901885	0.636056065732	0.59497341711	0.607056549058	0.625422909618	0.642822619623	0.652489125181	0.598840019333	0.531174480425	0.562107298212	0.60415659739	0.539874335428	0.550507491542	0.54857419043	0.514258095698	0.521991300145	0.501208313195	0.634122764621	0.625906234896	0.538907684872	0.554857419043	0.556790720155	0.585790236829	0.523924601257	0.565490575157	0.52537457709	0.550507491542	0.5601739971	0.473175447076	0.50459159014	0.521024649589	0.511841469309	0.555340744321	0.547124214596	0.551474142098	0.541807636539	0.545190913485	0.525857902368
AG3	0.580473658772	0.495891735138	0.970033832769	0.488158530691	0.626872885452	0.511841469309	0.641372643789	0.523924601257	0.511841469309	0.568390526825	0.543257612373	0.552924117931	0.0	0.851619139681	0.520057999033	0.542774287095	0.507974867086	0.488158530691	0.93281778637	0.762203963267	0.670855485742	0.588206863219	0.589173513775	0.600289995167	0.890285161914	0.628806186564	0.550507491542	0.563073948768	0.606089898502	0.6389560174	0.631222812953	0.564040599323	0.5186080232	0.529724504592	0.669405509908	0.61575640406	0.541807636539	0.542774287095	0.532141130981	0.574673755437	0.510391493475	0.664088931851	0.655872402127	0.550024166264	0.566457225713	0.57177380377	0.6389560174	0.579507008217	0.636056065732	0.599806669889	0.604639922668	0.621556307395	0.527307878202	0.517641372644	0.533107781537	0.529724504592	0.532624456259	0.609956500725	0.553890768487	0.60415659739	0.505074915418	0.588206863219
AG4	0.859835669406	0.862735621073	0.348960850652	0.566457225713	0.832286128565	0.867568873852	0.874818753021	0.859352344128	0.850652489125	0.862735621073	0.887868535524	0.857419043016	0.851619139681	0.0	0.872885451909	0.854035766071	0.893668438859	0.887868535524	0.705171580474	0.685838569357	0.818753020783	0.843402609957	0.878685355244	0.874335427743	0.820686321895	0.82406959884	0.868535524408	0.848235862736	0.773320444659	0.753987433543	0.886901884969	0.875302078299	0.878202029966	0.881101981634	0.90043499275	0.887868535524	0.892218463026	0.869502174964	0.886418559691	0.885935234413	0.885451909135	0.851135814403	0.849685838569	0.865152247463	0.898985016916	0.894151764137	0.885451909135	0.884001933301	0.885935234413	0.884485258579	0.897051715805	0.889318511358	0.893185113581	0.883518608023	0.897535041083	0.887868535524	0.88883518608	0.890768487192	0.889318511358	0.886418559691	0.891735137748	0.890285161914
AH3	0.6389560174	0.360077332044	0.960850652489	0.60657322378	0.612856452392	0.5601739971	0.588206863219	0.536491058482	0.559690671822	0.547607539874	0.608506524891	0.549057515708	0.520057999033	0.872885451909	0.0	0.523924601257	0.592073465442	0.589656839053	0.925084581924	0.761237312711	0.710488158531	0.633639439343	0.632189463509	0.637989366844	0.898501691638	0.674238762687	0.625422909618	0.620589656839	0.647172547124	0.674722087965	0.68970517158	0.625906234896	0.545190913485	0.580473658772	0.70372160464	0.638472692122	0.622039632673	0.544707588207	0.602706621556	0.558240695988	0.54857419043	0.595456742388	0.574673755437	0.5601739971	0.63653939101	0.63653939101	0.704688255196	0.620589656839	0.668438859352	0.638472692122	0.654422426293	0.674722087965	0.586273562107	0.598356694055	0.595940067666	0.597873368777	0.56935717738	0.660705654906	0.575157080715	0.638472692122	0.591106814886	0.625422909618
AH4	0.318028032866	0.391493475109	0.940067665539	0.61333977767	0.610923151281	0.546640889319	0.637022716288	0.529241179314	0.52537457709	0.56935717738	0.587240212663	0.543257612373	0.542774287095	0.854035766071	0.523924601257	0.0	0.551474142098	0.543257612373	0.871918801353	0.709038182697	0.639439342678	0.561140647656	0.575157080715	0.579507008217	0.850652489125	0.596906718221	0.5601739971	0.53697438376	0.575640405993	0.597873368777	0.604639922668	0.554857419043	0.54857419043	0.548090865152	0.696471725471	0.634606089899	0.585790236829	0.579023682939	0.57177380377	0.588690188497	0.537941034316	0.665055582407	0.651522474625	0.581440309328	0.591590140164	0.593040115998	0.666505558241	0.610923151281	0.666022232963	0.623489608507	0.635089415176	0.651522474625	0.550024166264	0.535041082649	0.553890768487	0.543740937651	0.511841469309	0.633639439343	0.535041082649	0.62493958434	0.548090865152	0.614789753504
AA7	0.569840502658	0.542290961817	0.973900434993	0.650072498792	0.635572740454	0.510874818753	0.685355244079	0.464958917351	0.463992266796	0.575640405993	0.449492508458	0.572257129048	0.507974867086	0.893668438859	0.592073465442	0.551474142098	0.0	0.279362010633	0.921701304978	0.760270662156	0.601739971	0.509424842919	0.481875302078	0.478008699855	0.873852102465	0.596423392943	0.440792653456	0.461575640406	0.52779120348	0.599806669889	0.514741420976	0.423876268729	0.457709038183	0.49540840986	0.701788303528	0.655389076849	0.471242145964	0.565490575157	0.487675205413	0.61575640406	0.54857419043	0.710004833253	0.696955050749	0.589656839053	0.551957467376	0.529724504592	0.666988883519	0.612856452392	0.673272112131	0.6389560174	0.608506524891	0.63653939101	0.541324311261	0.540357660706	0.544707588207	0.53939101015	0.536491058482	0.625422909618	0.563073948768	0.640405993233	0.517158047366	0.601256645723
AA8	0.548090865152	0.543740937651	0.970033832769	0.639439342678	0.617206379894	0.475592073465	0.685355244079	0.435959400677	0.427259545674	0.574190430159	0.432092798453	0.540840985984	0.488158530691	0.887868535524	0.589656839053	0.543257612373	0.279362010633	0.0	0.915901401643	0.749637506042	0.579507008217	0.486708554857	0.476558724021	0.46979217013	0.864185596907	0.582406959884	0.432576123731	0.444659255679	0.502658289029	0.579023682939	0.480425326245	0.374093765104	0.426292895118	0.47220879652	0.686805219913	0.640405993233	0.450942484292	0.555824069599	0.456742387627	0.614789753504	0.531174480425	0.713871435476	0.698888351861	0.570323827936	0.519574673755	0.489608506525	0.641372643789	0.595456742388	0.65732237796	0.617206379894	0.594490091832	0.614306428226	0.514741420976	0.51619139681	0.520057999033	0.520057999033	0.53697438376	0.607539874335	0.558724021266	0.615273078782	0.502174963751	0.585790236829
AB7	0.867085548574	0.88883518608	0.747220879652	0.728371193813	0.861768970517	0.916868052199	0.941034316095	0.928467858869	0.919284678589	0.930401159981	0.954084098598	0.89125181247	0.93281778637	0.705171580474	0.925084581924	0.871918801353	0.921701304978	0.915901401643	0.0	0.408409859836	0.807153214113	0.842435959401	0.930884485259	0.918318028033	0.731754470759	0.81488641856	0.894151764137	0.869018849686	0.751087481875	0.695021749638	0.886418559691	0.897535041083	0.917351377477	0.940550990817	0.935717738038	0.93281778637	0.945384243596	0.912518124698	0.946350894152	0.916384726921	0.933301111648	0.87723537941	0.86805219913	0.903334944418	0.94683421943	0.945384243596	0.924601256646	0.918318028033	0.927984533591	0.923151280812	0.927501208313	0.919284678589	0.913484775254	0.919768003867	0.921701304978	0.911551474142	0.913968100532	0.91445142581	0.917834702755	0.932334461092	0.949250845819	0.919284678589
AB8	0.709521507975	0.726437892702	0.757854035766	0.563557274045	0.734654422426	0.740937651039	0.769937167714	0.750120831319	0.741420976317	0.755920734654	0.782020299662	0.724021266312	0.762203963267	0.685838569357	0.761237312711	0.709038182697	0.760270662156	0.749637506042	0.408409859836	0.0	0.646689221846	0.676655389077	0.748670855486	0.735137747704	0.721604639923	0.639439342678	0.721121314645	0.688738521025	0.549057515708	0.507491541808	0.729337844369	0.727887868536	0.750604156597	0.76848719188	0.799420009667	0.765103914935	0.772353794103	0.742870952151	0.766070565491	0.746254229096	0.754470758821	0.722087965201	0.708071532141	0.730304494925	0.776220396327	0.773320444659	0.797486708555	0.753987433543	0.785886901885	0.763170613823	0.766553890768	0.769937167714	0.754954084099	0.7593040116	0.763653939101	0.753504108265	0.749154180764	0.761720637989	0.754470758821	0.766070565491	0.774770420493	0.752054132431
AC7	0.617206379894	0.673755437409	0.892218463026	0.667472208797	0.739487675205	0.614306428226	0.724021266312	0.580473658772	0.546157564041	0.65055582407	0.585306911551	0.686805219913	0.670855485742	0.818753020783	0.710488158531	0.639439342678	0.601739971	0.579507008217	0.807153214113	0.646689221846	0.0	0.365877235379	0.564523924601	0.562107298212	0.825519574674	0.588206863219	0.553407443209	0.522957950701	0.468825519575	0.484775253746	0.566940550991	0.548090865152	0.55099081682	0.603673272112	0.809086515225	0.749637506042	0.622039632673	0.649105848236	0.605123247946	0.747220879652	0.678105364911	0.718704688255	0.704204929918	0.65055582407	0.641372643789	0.61575640406	0.819719671339	0.763653939101	0.80328661189	0.782020299662	0.761720637989	0.792170130498	0.693088448526	0.681971967134	0.68970517158	0.693571773804	0.676172063799	0.784920251329	0.694055099082	0.77090381827	0.6389560174	0.764620589657
AC8	0.554374093765	0.586756887385	0.919284678589	0.625422909618	0.690671822136	0.537457709038	0.691155147414	0.488641855969	0.454325761237	0.573707104882	0.511841469309	0.613823102948	0.588206863219	0.843402609957	0.633639439343	0.561140647656	0.509424842919	0.486708554857	0.842435959401	0.676655389077	0.365877235379	0.0	0.47220879652	0.472692121798	0.84726921218	0.551474142098	0.406959884002	0.379410343161	0.429192846786	0.484775253746	0.520541324311	0.465442242629	0.463992266796	0.520057999033	0.723054615756	0.669405509908	0.540840985984	0.576607056549	0.521991300145	0.65973900435	0.591106814886	0.666988883519	0.651039149348	0.572740454326	0.566457225713	0.537941034316	0.730304494925	0.674238762687	0.723537941034	0.699371677139	0.673755437409	0.698888351861	0.600289995167	0.593040115998	0.600289995167	0.595940067666	0.576123731271	0.690671822136	0.602706621556	0.688738521025	0.542290961817	0.67133881102
AD7	0.565973900435	0.596906718221	0.9584340261	0.657805703238	0.723054615756	0.538907684872	0.691638472692	0.491541807637	0.478492025133	0.584823586274	0.441759304012	0.643789270179	0.589173513775	0.878685355244	0.632189463509	0.575157080715	0.481875302078	0.476558724021	0.930884485259	0.748670855486	0.564523924601	0.47220879652	0.0	0.285645239246	0.895118414693	0.522474625423	0.427259545674	0.446592556791	0.484291928468	0.553407443209	0.503141614306	0.467375543741	0.491541807637	0.542774287095	0.738037699372	0.672788786854	0.500724987917	0.596906718221	0.531657805703	0.660705654906	0.605123247946	0.71290478492	0.695505074915	0.609956500725	0.563557274045	0.542290961817	0.739971000483	0.677138714355	0.73610439826	0.710004833253	0.680038666022	0.710004833253	0.618173030449	0.602706621556	0.607539874335	0.611406476559	0.586273562107	0.697438376027	0.609956500725	0.698405026583	0.561623972934	0.678588690188
AD8	0.566940550991	0.595456742388	0.952150797487	0.651039149348	0.713388110198	0.521507974867	0.684871918801	0.481875302078	0.486708554857	0.573707104882	0.443209279845	0.626872885452	0.600289995167	0.874335427743	0.637989366844	0.579507008217	0.478008699855	0.46979217013	0.918318028033	0.735137747704	0.562107298212	0.472692121798	0.285645239246	0.0	0.852585790237	0.489125181247	0.411793136781	0.441275978734	0.468342194297	0.539874335428	0.496858385694	0.463508941518	0.493475108748	0.535041082649	0.735621072982	0.667472208797	0.492025132914	0.58337361044	0.519574673755	0.659255679072	0.596906718221	0.707588206863	0.68970517158	0.596423392943	0.558724021266	0.534557757371	0.743837602707	0.679072015466	0.734171097148	0.708071532141	0.675205413243	0.706621556307	0.608506524891	0.604639922668	0.603673272112	0.609473175447	0.59255679072	0.695988400193	0.606089898502	0.693088448526	0.560657322378	0.674722087965
AE7	0.837119381344	0.872885451909	0.851135814403	0.78250362494	0.829386176897	0.881585306912	0.919284678589	0.90043499275	0.886901884969	0.906234896085	0.924117931368	0.85886901885	0.890285161914	0.820686321895	0.898501691638	0.850652489125	0.873852102465	0.864185596907	0.731754470759	0.721604639923	0.825519574674	0.84726921218	0.895118414693	0.852585790237	0.0	0.539874335428	0.876752054132	0.852585790237	0.765103914935	0.757854035766	0.837119381344	0.846785886902	0.895601739971	0.91203479942	0.924117931368	0.917351377477	0.920251329145	0.898018366361	0.911068148864	0.867085548574	0.896085065249	0.884485258579	0.869985500242	0.872885451909	0.932334461092	0.916384726921	0.887868535524	0.892218463026	0.910584823586	0.894635089415	0.904784920251	0.894635089415	0.896085065249	0.898501691638	0.903818269696	0.887385210246	0.901884968584	0.887868535524	0.901401643306	0.90285161914	0.915418076365	0.890768487192
AE8	0.583856935718	0.626389560174	0.901884968584	0.629289511841	0.693571773804	0.579023682939	0.681488641856	0.595456742388	0.584823586274	0.60657322378	0.623006283229	0.636056065732	0.628806186564	0.82406959884	0.674238762687	0.596906718221	0.596423392943	0.582406959884	0.81488641856	0.639439342678	0.588206863219	0.551474142098	0.522474625423	0.489125181247	0.539874335428	0.0	0.574673755437	0.550507491542	0.519091348478	0.514741420976	0.566940550991	0.557274045433	0.596906718221	0.614306428226	0.755437409377	0.699855002417	0.625906234896	0.606089898502	0.610439826003	0.654905751571	0.62493958434	0.68970517158	0.667472208797	0.601739971	0.637022716288	0.619623006283	0.748187530208	0.688255195747	0.751087481875	0.711938134364	0.696955050749	0.720154664089	0.655389076849	0.636056065732	0.643789270179	0.641372643789	0.629772837119	0.705654905752	0.653455775737	0.702271628806	0.614306428226	0.688255195747
AF7	0.579023682939	0.568873852102	0.948284195263	0.653455775737	0.670372160464	0.517158047366	0.68970517158	0.450942484292	0.448042532624	0.574673755437	0.444175930401	0.59497341711	0.550507491542	0.868535524408	0.625422909618	0.5601739971	0.440792653456	0.432576123731	0.894151764137	0.721121314645	0.553407443209	0.406959884002	0.427259545674	0.411793136781	0.876752054132	0.574673755437	0.0	0.311261478975	0.47220879652	0.540357660706	0.491058482359	0.472692121798	0.438859352344	0.485741904302	0.68970517158	0.627839536008	0.457225712905	0.545190913485	0.487191880135	0.62735621073	0.54857419043	0.687288545191	0.66892218463	0.551474142098	0.534074432093	0.507974867086	0.68293861769	0.630256162397	0.685838569357	0.661188980184	0.634122764621	0.652005799903	0.564523924601	0.553890768487	0.558724021266	0.559207346544	0.554857419043	0.640405993233	0.579023682939	0.652972450459	0.505074915418	0.625422909618
AF8	0.555824069599	0.56259062349	0.927984533591	0.633639439343	0.681488641856	0.53939101015	0.693571773804	0.46302561624	0.456742387627	0.572257129048	0.49299178347	0.607056549058	0.563073948768	0.848235862736	0.620589656839	0.53697438376	0.461575640406	0.444659255679	0.869018849686	0.688738521025	0.522957950701	0.379410343161	0.446592556791	0.441275978734	0.852585790237	0.550507491542	0.311261478975	0.0	0.439342677622	0.504108264862	0.498308361527	0.461092315128	0.450459159014	0.503624939584	0.712421459642	0.652489125181	0.4813919768	0.56259062349	0.507974867086	0.629289511841	0.565490575157	0.669405509908	0.652972450459	0.55099081682	0.5601739971	0.532141130981	0.706138231029	0.649105848236	0.706621556307	0.68293861769	0.654905751571	0.673755437409	0.585790236829	0.575157080715	0.577573707105	0.581923634606	0.555340744321	0.666022232963	0.577573707105	0.67133881102	0.514741420976	0.645239246013
AG7	0.573707104882	0.617689705172	0.847752537458	0.556307394877	0.675205413243	0.544707588207	0.68970517158	0.49540840986	0.480908651522	0.576123731271	0.521024649589	0.625422909618	0.606089898502	0.773320444659	0.647172547124	0.575640405993	0.52779120348	0.502658289029	0.751087481875	0.549057515708	0.468825519575	0.429192846786	0.484291928468	0.468342194297	0.765103914935	0.519091348478	0.47220879652	0.439342677622	0.0	0.315611406477	0.526824552924	0.480425326245	0.497825036249	0.551474142098	0.742387626873	0.678588690188	0.517641372644	0.581440309328	0.53020782987	0.651522474625	0.595940067666	0.659255679072	0.6389560174	0.570807153214	0.596423392943	0.570807153214	0.746254229096	0.684871918801	0.731271145481	0.705171580474	0.685838569357	0.715804736588	0.622522957951	0.611889801837	0.622039632673	0.621556307395	0.615273078782	0.707588206863	0.629772837119	0.69212179797	0.585790236829	0.678105364911
AG8	0.584823586274	0.642339294345	0.830352827453	0.576123731271	0.698888351861	0.570323827936	0.685355244079	0.554857419043	0.544707588207	0.600289995167	0.598840019333	0.642822619623	0.6389560174	0.753987433543	0.674722087965	0.597873368777	0.599806669889	0.579023682939	0.695021749638	0.507491541808	0.484775253746	0.484775253746	0.553407443209	0.539874335428	0.757854035766	0.514741420976	0.540357660706	0.504108264862	0.315611406477	0.0	0.566457225713	0.551957467376	0.5601739971	0.588690188497	0.762203963267	0.696955050749	0.586273562107	0.601739971	0.579990333494	0.6805219913	0.625906234896	0.678105364911	0.657805703238	0.596423392943	0.622522957951	0.598356694055	0.774770420493	0.710004833253	0.753987433543	0.730787820203	0.711454809087	0.741904301595	0.65055582407	0.642822619623	0.651522474625	0.65055582407	0.643789270179	0.732721121315	0.661188980184	0.713871435476	0.612856452392	0.701788303528
AH7	0.586756887385	0.637506041566	0.952634122765	0.694055099082	0.718704688255	0.591590140164	0.716771387144	0.544707588207	0.542774287095	0.632672788787	0.528757854036	0.652489125181	0.631222812953	0.886901884969	0.68970517158	0.604639922668	0.514741420976	0.480425326245	0.886418559691	0.729337844369	0.566940550991	0.520541324311	0.503141614306	0.496858385694	0.837119381344	0.566940550991	0.491058482359	0.498308361527	0.526824552924	0.566457225713	0.0	0.329144514258	0.568873852102	0.611406476559	0.775737071049	0.72450459159	0.547607539874	0.65055582407	0.592073465442	0.682455292412	0.641372643789	0.755920734654	0.744804253262	0.65732237796	0.639922667956	0.610923151281	0.763170613823	0.716771387144	0.763653939101	0.725471242146	0.713871435476	0.740454325761	0.632189463509	0.635572740454	0.633639439343	0.6389560174	0.623006283229	0.727404543258	0.637022716288	0.719188013533	0.614789753504	0.712421459642
AH8	0.555824069599	0.579023682939	0.95601739971	0.646205896568	0.67133881102	0.531174480425	0.689221846303	0.487675205413	0.491058482359	0.579507008217	0.496375060416	0.598840019333	0.564040599323	0.875302078299	0.625906234896	0.554857419043	0.423876268729	0.374093765104	0.897535041083	0.727887868536	0.548090865152	0.465442242629	0.467375543741	0.463508941518	0.846785886902	0.557274045433	0.472692121798	0.461092315128	0.480425326245	0.551957467376	0.329144514258	0.0	0.501208313195	0.539874335428	0.736587723538	0.679555340744	0.508941517641	0.591106814886	0.523924601257	0.625906234896	0.577573707105	0.705171580474	0.697438376027	0.600773320445	0.573223779604	0.550507491542	0.704204929918	0.654422426293	0.713871435476	0.675205413243	0.654905751571	0.678105364911	0.581440309328	0.572740454326	0.584340260996	0.576123731271	0.564523924601	0.669888835186	0.579990333494	0.666022232963	0.549057515708	0.65055582407
AA5	0.570323827936	0.519091348478	0.959400676655	0.644755920735	0.602223296278	0.461092315128	0.625906234896	0.39342677622	0.396810053166	0.520541324311	0.434992750121	0.531174480425	0.5186080232	0.878202029966	0.545190913485	0.54857419043	0.457709038183	0.426292895118	0.917351377477	0.750604156597	0.55099081682	0.463992266796	0.491541807637	0.493475108748	0.895601739971	0.596906718221	0.438859352344	0.450459159014	0.497825036249	0.5601739971	0.568873852102	0.501208313195	0.0	0.352827452876	0.664572257129	0.587723537941	0.471725471242	0.457709038183	0.446592556791	0.563073948768	0.480425326245	0.612373127115	0.597390043499	0.468825519575	0.519574673755	0.473658772354	0.695021749638	0.632189463509	0.65973900435	0.642339294345	0.643789270179	0.673755437409	0.528274528758	0.555340744321	0.571290478492	0.565490575157	0.535524407927	0.65732237796	0.565490575157	0.635089415176	0.51377477042	0.627839536008
AA6	0.586756887385	0.538424359594	0.962783953601	0.661672305462	0.629772837119	0.476558724021	0.652489125181	0.447075882069	0.446592556791	0.550507491542	0.484775253746	0.562107298212	0.529724504592	0.881101981634	0.580473658772	0.548090865152	0.49540840986	0.47220879652	0.940550990817	0.76848719188	0.603673272112	0.520057999033	0.542774287095	0.535041082649	0.91203479942	0.614306428226	0.485741904302	0.503624939584	0.551474142098	0.588690188497	0.611406476559	0.539874335428	0.352827452876	0.0	0.655872402127	0.579990333494	0.499758337361	0.496858385694	0.471725471242	0.599806669889	0.511358144031	0.655872402127	0.640889318511	0.515708071532	0.452392460126	0.417109714838	0.68293861769	0.620589656839	0.656355727405	0.640889318511	0.630739487675	0.661188980184	0.524891251812	0.545674238763	0.561623972934	0.553407443209	0.542774287095	0.649589173514	0.571290478492	0.631222812953	0.5186080232	0.616723054616
AB5	0.728371193813	0.673755437409	0.973900434993	0.726437892702	0.632189463509	0.627839536008	0.725954567424	0.635572740454	0.65732237796	0.679072015466	0.658772353794	0.60415659739	0.669405509908	0.90043499275	0.70372160464	0.696471725471	0.701788303528	0.686805219913	0.935717738038	0.799420009667	0.809086515225	0.723054615756	0.738037699372	0.735621072982	0.924117931368	0.755437409377	0.68970517158	0.712421459642	0.742387626873	0.762203963267	0.775737071049	0.736587723538	0.664572257129	0.655872402127	0.0	0.302078298695	0.609473175447	0.654905751571	0.629289511841	0.620589656839	0.59497341711	0.730787820203	0.723054615756	0.639439342678	0.610923151281	0.600773320445	0.620589656839	0.606089898502	0.615273078782	0.595456742388	0.62735621073	0.610439826003	0.596906718221	0.588690188497	0.614306428226	0.609473175447	0.657805703238	0.59497341711	0.643305944901	0.605606573224	0.664088931851	0.60415659739
AB6	0.671822136298	0.605606573224	0.966650555824	0.666988883519	0.596423392943	0.564040599323	0.662155630739	0.562107298212	0.585306911551	0.60657322378	0.602223296278	0.539874335428	0.61575640406	0.887868535524	0.638472692122	0.634606089899	0.655389076849	0.640405993233	0.93281778637	0.765103914935	0.749637506042	0.669405509908	0.672788786854	0.667472208797	0.917351377477	0.699855002417	0.627839536008	0.652489125181	0.678588690188	0.696955050749	0.72450459159	0.679555340744	0.587723537941	0.579990333494	0.302078298695	0.0	0.553890768487	0.56935717738	0.56935717738	0.5601739971	0.535041082649	0.656839052682	0.642822619623	0.540357660706	0.55099081682	0.552440792653	0.603673272112	0.548090865152	0.579990333494	0.556790720155	0.570807153214	0.578540357661	0.539874335428	0.543257612373	0.571290478492	0.567423876269	0.596423392943	0.558724021266	0.585306911551	0.556307394877	0.619623006283	0.544707588207
AC5	0.595940067666	0.582406959884	0.975833736104	0.656355727405	0.629289511841	0.482841952634	0.676172063799	0.431609473175	0.450942484292	0.563073948768	0.411793136781	0.550507491542	0.541807636539	0.892218463026	0.622039632673	0.585790236829	0.471242145964	0.450942484292	0.945384243596	0.772353794103	0.622039632673	0.540840985984	0.500724987917	0.492025132914	0.920251329145	0.625906234896	0.457225712905	0.4813919768	0.517641372644	0.586273562107	0.547607539874	0.508941517641	0.471725471242	0.499758337361	0.609473175447	0.553890768487	0.0	0.457225712905	0.441275978734	0.594490091832	0.518124697922	0.707104881585	0.681488641856	0.547607539874	0.472692121798	0.445625906235	0.605606573224	0.560657322378	0.613823102948	0.575157080715	0.567907201547	0.587723537941	0.505074915418	0.48380860319	0.499758337361	0.506524891252	0.568873852102	0.57177380377	0.577090381827	0.560657322378	0.528274528758	0.555340744321
AC6	0.608989850169	0.528757854036	0.955534074432	0.641855969067	0.58337361044	0.495891735138	0.525857902368	0.475108748188	0.516674722088	0.457225712905	0.541807636539	0.54857419043	0.542774287095	0.869502174964	0.544707588207	0.579023682939	0.565490575157	0.555824069599	0.912518124698	0.742870952151	0.649105848236	0.576607056549	0.596906718221	0.58337361044	0.898018366361	0.606089898502	0.545190913485	0.56259062349	0.581440309328	0.601739971	0.65055582407	0.591106814886	0.457709038183	0.496858385694	0.654905751571	0.56935717738	0.457225712905	0.0	0.5186080232	0.540357660706	0.492508458192	0.473175447076	0.448525857902	0.413726437893	0.549540840986	0.535524407927	0.674238762687	0.619139681005	0.652972450459	0.633639439343	0.631222812953	0.652489125181	0.565973900435	0.568873852102	0.582890285162	0.571290478492	0.555824069599	0.642822619623	0.57177380377	0.613823102948	0.556790720155	0.623006283229
AD6	0.592073465442	0.552924117931	0.975350410826	0.640405993233	0.599806669889	0.432576123731	0.632189463509	0.409376510391	0.423392943451	0.534074432093	0.438859352344	0.514258095698	0.532141130981	0.886418559691	0.602706621556	0.57177380377	0.487675205413	0.456742387627	0.946350894152	0.766070565491	0.605123247946	0.521991300145	0.531657805703	0.519574673755	0.911068148864	0.610439826003	0.487191880135	0.507974867086	0.53020782987	0.579990333494	0.592073465442	0.523924601257	0.446592556791	0.471725471242	0.629289511841	0.56935717738	0.441275978734	0.5186080232	0.0	0.552924117931	0.425809569841	0.69212179797	0.669888835186	0.542290961817	0.482841952634	0.456742387627	0.612856452392	0.554857419043	0.60415659739	0.573707104882	0.574190430159	0.597390043499	0.492025132914	0.486708554857	0.499275012083	0.496858385694	0.544224262929	0.581440309328	0.555824069599	0.570807153214	0.490091831803	0.557274045433
AE5	0.633639439343	0.533107781537	0.975350410826	0.628806186564	0.554374093765	0.557274045433	0.599806669889	0.559207346544	0.601739971	0.548090865152	0.623972933784	0.521991300145	0.574673755437	0.885935234413	0.558240695988	0.588690188497	0.61575640406	0.614789753504	0.916384726921	0.746254229096	0.747220879652	0.65973900435	0.660705654906	0.659255679072	0.867085548574	0.654905751571	0.62735621073	0.629289511841	0.651522474625	0.6805219913	0.682455292412	0.625906234896	0.563073948768	0.599806669889	0.620589656839	0.5601739971	0.594490091832	0.540357660706	0.552924117931	0.0	0.353310778154	0.607056549058	0.599323344611	0.531174480425	0.62735621073	0.623972933784	0.640889318511	0.600289995167	0.637022716288	0.597873368777	0.636056065732	0.639922667956	0.541807636539	0.575640405993	0.594006766554	0.567423876269	0.570323827936	0.616723054616	0.563073948768	0.601256645723	0.586756887385	0.605606573224
AE6	0.58095698405	0.498791686805	0.975833736104	0.632672788787	0.565490575157	0.478975350411	0.575157080715	0.475108748188	0.520541324311	0.508458192363	0.536491058482	0.501208313195	0.510391493475	0.885451909135	0.54857419043	0.537941034316	0.54857419043	0.531174480425	0.933301111648	0.754470758821	0.678105364911	0.591106814886	0.605123247946	0.596906718221	0.896085065249	0.62493958434	0.54857419043	0.565490575157	0.595940067666	0.625906234896	0.641372643789	0.577573707105	0.480425326245	0.511358144031	0.59497341711	0.535041082649	0.518124697922	0.492508458192	0.425809569841	0.353310778154	0.0	0.630256162397	0.616239729338	0.478008699855	0.538424359594	0.536007733204	0.631706138231	0.574190430159	0.610923151281	0.582890285162	0.596423392943	0.61575640406	0.487191880135	0.49540840986	0.514741420976	0.497825036249	0.511841469309	0.599806669889	0.529241179314	0.579507008217	0.50700821653	0.573223779604
AF5	0.699855002417	0.616239729338	0.939101014983	0.661672305462	0.657805703238	0.661188980184	0.550024166264	0.630739487675	0.670855485742	0.571290478492	0.70372160464	0.634122764621	0.664088931851	0.851135814403	0.595456742388	0.665055582407	0.710004833253	0.713871435476	0.87723537941	0.722087965201	0.718704688255	0.666988883519	0.71290478492	0.707588206863	0.884485258579	0.68970517158	0.687288545191	0.669405509908	0.659255679072	0.678105364911	0.755920734654	0.705171580474	0.612373127115	0.655872402127	0.730787820203	0.656839052682	0.707104881585	0.473175447076	0.69212179797	0.607056549058	0.630256162397	0.0	0.27549540841	0.521507974867	0.714354760754	0.706138231029	0.753987433543	0.709038182697	0.733204446593	0.717738037699	0.735137747704	0.739487675205	0.677138714355	0.701788303528	0.719188013533	0.703238279362	0.662155630739	0.725954567424	0.667472208797	0.703238279362	0.706138231029	0.713388110198
AF6	0.692605123248	0.599323344611	0.935717738038	0.652005799903	0.653939101015	0.648622522958	0.540840985984	0.620106331561	0.65732237796	0.557274045433	0.69453842436	0.625906234896	0.655872402127	0.849685838569	0.574673755437	0.651522474625	0.696955050749	0.698888351861	0.86805219913	0.708071532141	0.704204929918	0.651039149348	0.695505074915	0.68970517158	0.869985500242	0.667472208797	0.66892218463	0.652972450459	0.6389560174	0.657805703238	0.744804253262	0.697438376027	0.597390043499	0.640889318511	0.723054615756	0.642822619623	0.681488641856	0.448525857902	0.669888835186	0.599323344611	0.616239729338	0.27549540841	0.0	0.508941517641	0.700821652972	0.685355244079	0.750120831319	0.691638472692	0.724021266312	0.706621556307	0.713871435476	0.731754470759	0.667955534074	0.691638472692	0.705171580474	0.68970517158	0.645239246013	0.714838086032	0.649105848236	0.690671822136	0.690188496858	0.697438376027
