	AA3	AA4	AB3	AB4	AC3	AC4	AD3	AD4	AE3	AE4	AF3	AF4	AG3	AG4	AH3	AH4	AA7	AA8	AB7	AB8	AC7	AC8	AD7	AD8	AE7	AE8	AF7	AF8	AG7	AG8	AH7	AH8	AA5	AA6	AB5	AB6	AC5	AC6	AD6	AE5	AE6	AF5	AF6	AG5	AH5	AH6	AA1	AA2	AB1	AB2	AC1	AC2	AD1	AD2	AE1	AE2	AF1	AF2	AG1	AG2	AH1	AH2
AA3	0.0	0.486708554857	0.934267762204	0.643305944901	0.661672305462	0.585306911551	0.686321894635	0.59255679072	0.585790236829	0.642339294345	0.628806186564	0.604639922668	0.588690188497	0.842435959401	0.651039149348	0.331561140648	0.567907201547	0.571290478492	0.867085548574	0.716771387144	0.623972933784	0.574673755437	0.593040115998	0.588206863219	0.827936201063	0.607056549058	0.58095698405	0.566940550991	0.596423392943	0.596906718221	0.593523441276	0.570807153214	0.594490091832	0.608506524891	0.744320927985	0.675688738521	0.628806186564	0.633639439343	0.61575640406	0.641855969067	0.608023199613	0.702754954084	0.696955050749	0.628322861286	0.628322861286	0.634122764621	0.680038666022	0.643305944901	0.709038182697	0.658289028516	0.63653939101	0.672305461576	0.567423876269	0.57177380377	0.579507008217	0.552924117931	0.573707104882	0.658289028516	0.583856935718	0.669888835186	0.585306911551	0.642339294345
AA4	0.486708554857	0.0	0.954084098598	0.590623489609	0.55775737071	0.487191880135	0.60657322378	0.493475108748	0.494441759304	0.540357660706	0.55099081682	0.495891735138	0.476558724021	0.857419043016	0.400676655389	0.355727404543	0.532141130981	0.517641372644	0.884001933301	0.724987916868	0.67133881102	0.580473658772	0.584823586274	0.579507008217	0.8796520058	0.630739487675	0.537941034316	0.558240695988	0.602706621556	0.631222812953	0.62493958434	0.576607056549	0.501208313195	0.498791686805	0.646689221846	0.575640405993	0.55775737071	0.509908168197	0.526341227646	0.530691155147	0.470275495408	0.622039632673	0.598840019333	0.50700821653	0.563073948768	0.5601739971	0.629289511841	0.55775737071	0.61333977767	0.576607056549	0.572257129048	0.610439826003	0.502174963751	0.507974867086	0.51619139681	0.498308361527	0.499275012083	0.599806669889	0.504108264862	0.58337361044	0.519574673755	0.551957467376
AB3	0.934267762204	0.954084098598	0.0	0.681971967134	0.919284678589	0.95601739971	0.95601739971	0.948284195263	0.931367810536	0.950700821653	0.974383760271	0.938617689705	0.969067182214	0.360077332044	0.959400676655	0.942000966651	0.975350410826	0.969550507492	0.73368777187	0.764620589657	0.889801836636	0.91203479942	0.952150797487	0.950700821653	0.851619139681	0.893185113581	0.94441759304	0.927984533591	0.851619139681	0.83566940551	0.954084098598	0.95360077332	0.95601739971	0.958917351377	0.974867085549	0.965683905268	0.974867085549	0.95360077332	0.975833736104	0.973900434993	0.973900434993	0.940067665539	0.941034316095	0.950217496375	0.976317061382	0.975833736104	0.975350410826	0.973900434993	0.970517158047	0.974867085549	0.972933784437	0.972450459159	0.973900434993	0.974383760271	0.972933784437	0.974383760271	0.973900434993	0.971483808603	0.973417109715	0.974867085549	0.975350410826	0.972933784437
AB4	0.643305944901	0.590623489609	0.681971967134	0.0	0.635572740454	0.611406476559	0.715804736588	0.632189463509	0.611406476559	0.652489125181	0.654422426293	0.627839536008	0.498308361527	0.551474142098	0.616723054616	0.593040115998	0.651039149348	0.6389560174	0.735621072982	0.58337361044	0.666022232963	0.629289511841	0.653939101015	0.653939101015	0.797970033833	0.653455775737	0.651039149348	0.634606089899	0.566457225713	0.600289995167	0.696955050749	0.660222329628	0.643305944901	0.64813919768	0.727404543258	0.676655389077	0.662155630739	0.651522474625	0.644755920735	0.655389076849	0.630739487675	0.680038666022	0.675688738521	0.635572740454	0.677138714355	0.675688738521	0.705171580474	0.657805703238	0.698888351861	0.67133881102	0.674238762687	0.679555340744	0.650072498792	0.648622522958	0.652489125181	0.643789270179	0.653939101015	0.677138714355	0.646205896568	0.673272112131	0.653939101015	0.670372160464
AC3	0.661672305462	0.55775737071	0.919284678589	0.635572740454	0.0	0.491058482359	0.652972450459	0.561140647656	0.566940550991	0.597390043499	0.614306428226	0.333494441759	0.605606573224	0.830352827453	0.593040115998	0.582890285162	0.631706138231	0.600773320445	0.874335427743	0.752054132431	0.740937651039	0.678588690188	0.718221362977	0.716771387144	0.830836152731	0.695988400193	0.664572257129	0.681005316578	0.672788786854	0.697438376027	0.712421459642	0.682455292412	0.60657322378	0.633156114065	0.633156114065	0.59497341711	0.639922667956	0.585306911551	0.582406959884	0.555340744321	0.559690671822	0.654422426293	0.639922667956	0.55775737071	0.646689221846	0.649105848236	0.587723537941	0.590140164331	0.578057032383	0.574190430159	0.594006766554	0.594490091832	0.538424359594	0.573707104882	0.585306911551	0.575640405993	0.622522957951	0.568873852102	0.622039632673	0.589656839053	0.61333977767	0.585790236829
AC4	0.585306911551	0.487191880135	0.95601739971	0.611406476559	0.491058482359	0.0	0.645239246013	0.414209763171	0.403576607057	0.542290961817	0.347510874819	0.403093281779	0.49299178347	0.860802319961	0.572740454326	0.521991300145	0.488641855969	0.462542290962	0.918801353311	0.759787336878	0.596423392943	0.543740937651	0.531657805703	0.528757854036	0.888351860802	0.589173513775	0.494441759304	0.521024649589	0.549057515708	0.585790236829	0.579023682939	0.527307878202	0.467858869019	0.485258579024	0.63653939101	0.552440792653	0.471242145964	0.514258095698	0.427259545674	0.556790720155	0.485258579024	0.671822136298	0.650072498792	0.509908168197	0.498308361527	0.485741904302	0.620589656839	0.558240695988	0.590623489609	0.566940550991	0.565490575157	0.601256645723	0.479458675689	0.493958434026	0.511841469309	0.492025132914	0.545190913485	0.590623489609	0.547607539874	0.579023682939	0.464475592073	0.549540840986
AD3	0.686321894635	0.60657322378	0.95601739971	0.715804736588	0.652972450459	0.645239246013	0.0	0.551474142098	0.652972450459	0.35427742871	0.691638472692	0.611406476559	0.663605606573	0.865152247463	0.58095698405	0.647655872402	0.706138231029	0.702271628806	0.93523441276	0.772837119381	0.735137747704	0.710488158531	0.707104881585	0.705654905752	0.916384726921	0.703238279362	0.716771387144	0.710971483809	0.705171580474	0.698405026583	0.73368777187	0.71290478492	0.647655872402	0.664572257129	0.73852102465	0.666988883519	0.693088448526	0.553890768487	0.646205896568	0.601256645723	0.591106814886	0.543740937651	0.537941034316	0.559690671822	0.712421459642	0.704204929918	0.76848719188	0.714354760754	0.743354277429	0.714354760754	0.724021266312	0.74528757854	0.667955534074	0.682455292412	0.685355244079	0.675205413243	0.643305944901	0.732721121315	0.655389076849	0.723537941034	0.707104881585	0.707588206863
AD4	0.59255679072	0.493475108748	0.948284195263	0.632189463509	0.561140647656	0.414209763171	0.551474142098	0.0	0.314644755921	0.429676172064	0.423876268729	0.486708554857	0.528757854036	0.855485741904	0.568390526825	0.53020782987	0.468342194297	0.447075882069	0.940550990817	0.779603673272	0.599806669889	0.508458192363	0.500241662639	0.485258579024	0.906234896085	0.610439826003	0.449492508458	0.472692121798	0.502658289029	0.564040599323	0.550507491542	0.502174963751	0.406959884002	0.453359110681	0.650072498792	0.558240695988	0.440309328178	0.479942000967	0.431126147898	0.563557274045	0.47220879652	0.633639439343	0.610439826003	0.48380860319	0.501208313195	0.493475108748	0.664572257129	0.593523441276	0.633156114065	0.611406476559	0.603189946834	0.639922667956	0.512324794587	0.529724504592	0.537941034316	0.515224746254	0.549057515708	0.629772837119	0.563073948768	0.622039632673	0.497825036249	0.591106814886
AE3	0.585790236829	0.494441759304	0.931367810536	0.611406476559	0.566940550991	0.403576607057	0.652972450459	0.314644755921	0.0	0.528757854036	0.409376510391	0.505074915418	0.507491541808	0.842919284679	0.564523924601	0.523924601257	0.449975833736	0.426776220396	0.924117931368	0.764137264379	0.572257129048	0.47462542291	0.488158530691	0.479458675689	0.890768487192	0.594490091832	0.436926051232	0.458675688739	0.486708554857	0.547124214596	0.547124214596	0.484775253746	0.400193330111	0.447559207347	0.668438859352	0.584340260996	0.446109231513	0.50700821653	0.44224262929	0.606089898502	0.506041565974	0.666022232963	0.643789270179	0.509424842919	0.502174963751	0.482841952634	0.65973900435	0.598840019333	0.634122764621	0.611889801837	0.603189946834	0.649105848236	0.514741420976	0.540840985984	0.546640889319	0.532141130981	0.545674238763	0.640405993233	0.554374093765	0.625906234896	0.48380860319	0.595456742388
AE4	0.642339294345	0.540357660706	0.950700821653	0.652489125181	0.597390043499	0.542290961817	0.35427742871	0.429676172064	0.528757854036	0.0	0.597390043499	0.546157564041	0.585306911551	0.859352344128	0.558724021266	0.57177380377	0.604639922668	0.599323344611	0.937167713871	0.77767037216	0.669888835186	0.611889801837	0.612856452392	0.602706621556	0.915901401643	0.628806186564	0.603189946834	0.594490091832	0.598840019333	0.622522957951	0.658772353794	0.617689705172	0.549057515708	0.568390526825	0.691155147414	0.61333977767	0.588206863219	0.469308844853	0.545674238763	0.545674238763	0.507974867086	0.557274045433	0.542290961817	0.492025132914	0.606089898502	0.61333977767	0.716771387144	0.653939101015	0.691638472692	0.67133881102	0.667472208797	0.690671822136	0.597390043499	0.605606573224	0.60657322378	0.608506524891	0.575640405993	0.677138714355	0.603189946834	0.683905268246	0.597390043499	0.652489125181
AF3	0.628806186564	0.55099081682	0.974383760271	0.654422426293	0.614306428226	0.347510874819	0.691638472692	0.423876268729	0.409376510391	0.597390043499	0.0	0.512324794587	0.537457709038	0.881585306912	0.623006283229	0.582406959884	0.452875785404	0.443209279845	0.957467375544	0.798936684389	0.605606573224	0.545674238763	0.448525857902	0.460125664572	0.924117931368	0.631706138231	0.446109231513	0.500241662639	0.535524407927	0.597390043499	0.533107781537	0.502174963751	0.441275978734	0.495891735138	0.663605606573	0.587240212663	0.402609956501	0.544224262929	0.437892701788	0.626872885452	0.53939101015	0.702754954084	0.682455292412	0.543257612373	0.497825036249	0.484291928468	0.654422426293	0.586273562107	0.640405993233	0.605606573224	0.596906718221	0.632189463509	0.527307878202	0.523441275979	0.533591106815	0.519091348478	0.58337361044	0.62735621073	0.585306911551	0.609473175447	0.493475108748	0.578057032383
AF4	0.604639922668	0.495891735138	0.938617689705	0.627839536008	0.333494441759	0.403093281779	0.611406476559	0.486708554857	0.505074915418	0.546157564041	0.512324794587	0.0	0.551474142098	0.84485258579	0.554857419043	0.524891251812	0.567423876269	0.53697438376	0.89125181247	0.73852102465	0.689221846303	0.619139681005	0.647655872402	0.644755920735	0.860802319961	0.640405993233	0.59255679072	0.615273078782	0.618656355727	0.642822619623	0.653455775737	0.618173030449	0.539874335428	0.57177380377	0.613823102948	0.528274528758	0.558724021266	0.528757854036	0.508458192363	0.498791686805	0.498308361527	0.619139681005	0.606089898502	0.507974867086	0.568390526825	0.565973900435	0.604639922668	0.543740937651	0.576607056549	0.533591106815	0.550507491542	0.581440309328	0.487191880135	0.515224746254	0.532624456259	0.51619139681	0.555340744321	0.568873852102	0.56259062349	0.545674238763	0.554374093765	0.533107781537
AG3	0.588690188497	0.476558724021	0.969067182214	0.498308361527	0.605606573224	0.49299178347	0.663605606573	0.528757854036	0.507491541808	0.585306911551	0.537457709038	0.551474142098	0.0	0.842919284679	0.528274528758	0.5186080232	0.510391493475	0.477525374577	0.931367810536	0.769937167714	0.674238762687	0.587240212663	0.58337361044	0.586273562107	0.889801836636	0.6389560174	0.537457709038	0.565490575157	0.599806669889	0.628322861286	0.633156114065	0.570323827936	0.512808119865	0.515224746254	0.656839052682	0.595940067666	0.542774287095	0.541324311261	0.523924601257	0.572257129048	0.505558240696	0.663122281295	0.637989366844	0.529241179314	0.561140647656	0.551957467376	0.627839536008	0.570323827936	0.617689705172	0.59255679072	0.575640405993	0.598840019333	0.514258095698	0.523441275979	0.542774287095	0.519091348478	0.540357660706	0.605123247946	0.546640889319	0.601739971	0.505558240696	0.572257129048
AG4	0.842435959401	0.857419043016	0.360077332044	0.551474142098	0.830352827453	0.860802319961	0.865152247463	0.855485741904	0.842919284679	0.859352344128	0.881585306912	0.84485258579	0.842919284679	0.0	0.867568873852	0.844369260512	0.890768487192	0.885451909135	0.713388110198	0.684871918801	0.808603189947	0.828419526341	0.86563557274	0.864185596907	0.822619623006	0.813919768004	0.863702271629	0.846785886902	0.768970517158	0.749637506042	0.880618656356	0.866118898018	0.86805219913	0.869018849686	0.894635089415	0.879168680522	0.893185113581	0.856935717738	0.880618656356	0.878202029966	0.87723537941	0.846785886902	0.850169163847	0.863702271629	0.889318511358	0.889801836636	0.885451909135	0.884001933301	0.882068632189	0.881585306912	0.885935234413	0.881585306912	0.887868535524	0.883518608023	0.889318511358	0.88883518608	0.889801836636	0.881585306912	0.886418559691	0.881585306912	0.887868535524	0.889318511358
AH3	0.651039149348	0.400676655389	0.959400676655	0.616723054616	0.593040115998	0.572740454326	0.58095698405	0.568390526825	0.564523924601	0.558724021266	0.623006283229	0.554857419043	0.528274528758	0.867568873852	0.0	0.520057999033	0.608023199613	0.599806669889	0.920251329145	0.763653939101	0.718704688255	0.637506041566	0.6389560174	0.641372643789	0.897051715805	0.691155147414	0.637022716288	0.629289511841	0.664088931851	0.68970517158	0.691638472692	0.636056065732	0.561140647656	0.581440309328	0.707104881585	0.637506041566	0.641372643789	0.553890768487	0.609473175447	0.572740454326	0.559207346544	0.587723537941	0.573707104882	0.558240695988	0.652489125181	0.640405993233	0.701788303528	0.623972933784	0.661672305462	0.639439342678	0.644755920735	0.669888835186	0.608506524891	0.610439826003	0.612856452392	0.615273078782	0.564523924601	0.668438859352	0.568390526825	0.643789270179	0.608989850169	0.615273078782
AH4	0.331561140648	0.355727404543	0.942000966651	0.593040115998	0.582890285162	0.521991300145	0.647655872402	0.53020782987	0.523924601257	0.57177380377	0.582406959884	0.524891251812	0.5186080232	0.844369260512	0.520057999033	0.0	0.526341227646	0.521991300145	0.875785403577	0.720154664089	0.647655872402	0.565490575157	0.572740454326	0.567907201547	0.840985983567	0.605606573224	0.557274045433	0.548090865152	0.574673755437	0.599806669889	0.593523441276	0.55775737071	0.53697438376	0.537941034316	0.688738521025	0.604639922668	0.58095698405	0.5601739971	0.55099081682	0.567907201547	0.523924601257	0.655872402127	0.631222812953	0.552924117931	0.581923634606	0.584823586274	0.641855969067	0.588206863219	0.650072498792	0.602706621556	0.585306911551	0.620589656839	0.508458192363	0.521507974867	0.535041082649	0.507974867086	0.50459159014	0.609473175447	0.514741420976	0.61333977767	0.546157564041	0.588690188497
AA7	0.567907201547	0.532141130981	0.975350410826	0.651039149348	0.631706138231	0.488641855969	0.706138231029	0.468342194297	0.449975833736	0.604639922668	0.452875785404	0.567423876269	0.510391493475	0.890768487192	0.608023199613	0.526341227646	0.0	0.28709521508	0.926534557757	0.772353794103	0.61333977767	0.497825036249	0.485258579024	0.475592073465	0.869502174964	0.596423392943	0.445625906235	0.456259062349	0.524891251812	0.58095698405	0.51619139681	0.422909618173	0.43064282262	0.477525374577	0.704688255196	0.642822619623	0.468825519575	0.563073948768	0.494441759304	0.613823102948	0.539874335428	0.703238279362	0.682455292412	0.572257129048	0.53939101015	0.5186080232	0.665055582407	0.609956500725	0.68293861769	0.637022716288	0.598356694055	0.642339294345	0.529241179314	0.536007733204	0.542290961817	0.51619139681	0.528757854036	0.632672788787	0.543740937651	0.64572257129	0.491058482359	0.605123247946
AA8	0.571290478492	0.517641372644	0.969550507492	0.6389560174	0.600773320445	0.462542290962	0.702271628806	0.447075882069	0.426776220396	0.599323344611	0.443209279845	0.53697438376	0.477525374577	0.885451909135	0.599806669889	0.521991300145	0.28709521508	0.0	0.9212179797	0.766070565491	0.603189946834	0.484775253746	0.494441759304	0.485741904302	0.866118898018	0.594490091832	0.432576123731	0.456742387627	0.510391493475	0.568873852102	0.484775253746	0.396326727888	0.420492991783	0.462058965684	0.687771870469	0.621072982117	0.465442242629	0.545190913485	0.473175447076	0.61333977767	0.524407926535	0.704204929918	0.6805219913	0.549057515708	0.516674722088	0.497825036249	0.639922667956	0.587240212663	0.653455775737	0.610439826003	0.576123731271	0.614306428226	0.505558240696	0.512324794587	0.524891251812	0.496375060416	0.525857902368	0.607056549058	0.545674238763	0.620106331561	0.478492025133	0.579990333494
AB7	0.867085548574	0.884001933301	0.73368777187	0.735621072982	0.874335427743	0.918801353311	0.93523441276	0.940550990817	0.924117931368	0.937167713871	0.957467375544	0.89125181247	0.931367810536	0.713388110198	0.920251329145	0.875785403577	0.926534557757	0.9212179797	0.0	0.402609956501	0.802319961334	0.846785886902	0.925084581924	0.924601256646	0.743837602707	0.820202996617	0.893185113581	0.871435476075	0.748187530208	0.710004833253	0.887868535524	0.903334944418	0.919768003867	0.928951184147	0.939101014983	0.939584340261	0.945384243596	0.916384726921	0.948284195263	0.920251329145	0.932334461092	0.881585306912	0.881585306912	0.903334944418	0.960367327211	0.958917351377	0.930401159981	0.925567907202	0.93281778637	0.925084581924	0.93523441276	0.926051232479	0.922667955534	0.920734654422	0.920734654422	0.9212179797	0.918801353311	0.919284678589	0.923151280812	0.921701304978	0.947800869986	0.935717738038
AB8	0.716771387144	0.724987916868	0.764620589657	0.58337361044	0.752054132431	0.759787336878	0.772837119381	0.779603673272	0.764137264379	0.77767037216	0.798936684389	0.73852102465	0.769937167714	0.684871918801	0.763653939101	0.720154664089	0.772353794103	0.766070565491	0.402609956501	0.0	0.649105848236	0.684388593523	0.753504108265	0.754954084099	0.732721121315	0.662155630739	0.732721121315	0.707104881585	0.550024166264	0.539874335428	0.740454325761	0.74770420493	0.761720637989	0.76848719188	0.799903334944	0.778153697438	0.782020299662	0.74770420493	0.781053649106	0.757370710488	0.763170613823	0.73852102465	0.737071048816	0.740937651039	0.798453359111	0.797970033833	0.805219913001	0.768970517158	0.78927017883	0.763170613823	0.78250362494	0.783953600773	0.776703721605	0.766070565491	0.765587240213	0.767520541324	0.764620589657	0.783470275495	0.77090381827	0.757370710488	0.786853552441	0.772353794103
AC7	0.623972933784	0.67133881102	0.889801836636	0.666022232963	0.740937651039	0.596423392943	0.735137747704	0.599806669889	0.572257129048	0.669888835186	0.605606573224	0.689221846303	0.674238762687	0.808603189947	0.718704688255	0.647655872402	0.61333977767	0.603189946834	0.802319961334	0.649105848236	0.0	0.380860318995	0.572257129048	0.583856935718	0.820686321895	0.589656839053	0.566940550991	0.524407926535	0.494925084582	0.509424842919	0.586273562107	0.563557274045	0.579507008217	0.602706621556	0.810536491058	0.731754470759	0.638472692122	0.6389560174	0.639922667956	0.739004349928	0.671822136298	0.699371677139	0.699855002417	0.640889318511	0.639439342678	0.618173030449	0.818269695505	0.755437409377	0.800386660222	0.782020299662	0.744320927985	0.791203479942	0.68970517158	0.68293861769	0.695021749638	0.674722087965	0.673755437409	0.78927017883	0.6805219913	0.781536974384	0.614306428226	0.74770420493
AC8	0.574673755437	0.580473658772	0.91203479942	0.629289511841	0.678588690188	0.543740937651	0.710488158531	0.508458192363	0.47462542291	0.611889801837	0.545674238763	0.619139681005	0.587240212663	0.828419526341	0.637506041566	0.565490575157	0.497825036249	0.484775253746	0.846785886902	0.684388593523	0.380860318995	0.0	0.478975350411	0.478975350411	0.839052682455	0.549540840986	0.406476558724	0.368777187047	0.429676172064	0.473175447076	0.518124697922	0.466408893185	0.471725471242	0.506524891252	0.742387626873	0.662638956017	0.550024166264	0.572740454326	0.549540840986	0.663605606573	0.588690188497	0.651522474625	0.646205896568	0.568873852102	0.570807153214	0.55099081682	0.737554374094	0.666988883519	0.725471242146	0.707588206863	0.667472208797	0.712421459642	0.603673272112	0.609473175447	0.621072982117	0.598840019333	0.58095698405	0.710971483809	0.59255679072	0.710488158531	0.531657805703	0.666988883519
AD7	0.593040115998	0.584823586274	0.952150797487	0.653939101015	0.718221362977	0.531657805703	0.707104881585	0.500241662639	0.488158530691	0.612856452392	0.448525857902	0.647655872402	0.58337361044	0.86563557274	0.6389560174	0.572740454326	0.485258579024	0.494441759304	0.925084581924	0.753504108265	0.572257129048	0.478975350411	0.0	0.299661672305	0.889318511358	0.518124697922	0.434509424843	0.447075882069	0.478008699855	0.536007733204	0.496858385694	0.452875785404	0.479942000967	0.526341227646	0.750120831319	0.666022232963	0.501208313195	0.582890285162	0.545190913485	0.661188980184	0.593523441276	0.693088448526	0.684388593523	0.587240212663	0.568390526825	0.564040599323	0.739971000483	0.669405509908	0.727404543258	0.706621556307	0.668438859352	0.704688255196	0.613823102948	0.611889801837	0.617206379894	0.601256645723	0.584823586274	0.708071532141	0.591590140164	0.708554857419	0.549540840986	0.667472208797
AD8	0.588206863219	0.579507008217	0.950700821653	0.653939101015	0.716771387144	0.528757854036	0.705654905752	0.485258579024	0.479458675689	0.602706621556	0.460125664572	0.644755920735	0.586273562107	0.864185596907	0.641372643789	0.567907201547	0.475592073465	0.485741904302	0.924601256646	0.754954084099	0.583856935718	0.478975350411	0.299661672305	0.0	0.861768970517	0.494925084582	0.414209763171	0.44224262929	0.470275495408	0.53939101015	0.497825036249	0.467858869019	0.485741904302	0.523441275979	0.743354277429	0.657805703238	0.491058482359	0.574190430159	0.537941034316	0.65973900435	0.588206863219	0.698888351861	0.680038666022	0.58337361044	0.557274045433	0.554857419043	0.739971000483	0.668438859352	0.726437892702	0.712421459642	0.667472208797	0.704688255196	0.611406476559	0.608506524891	0.61575640406	0.597390043499	0.585790236829	0.705171580474	0.59255679072	0.708071532141	0.543257612373	0.670372160464
AE7	0.827936201063	0.8796520058	0.851619139681	0.797970033833	0.830836152731	0.888351860802	0.916384726921	0.906234896085	0.890768487192	0.915901401643	0.924117931368	0.860802319961	0.889801836636	0.822619623006	0.897051715805	0.840985983567	0.869502174964	0.866118898018	0.743837602707	0.732721121315	0.820686321895	0.839052682455	0.889318511358	0.861768970517	0.0	0.544707588207	0.871435476075	0.857419043016	0.761720637989	0.766070565491	0.838086031899	0.846302561624	0.898018366361	0.901401643306	0.926051232479	0.919284678589	0.918318028033	0.904784920251	0.921701304978	0.881585306912	0.898501691638	0.882551957467	0.883035282745	0.878202029966	0.931851135814	0.936201063316	0.894151764137	0.908651522475	0.911068148864	0.897051715805	0.904784920251	0.899468342194	0.894635089415	0.894635089415	0.902368293862	0.894151764137	0.899468342194	0.892218463026	0.90043499275	0.895118414693	0.917351377477	0.908651522475
AE8	0.607056549058	0.630739487675	0.893185113581	0.653455775737	0.695988400193	0.589173513775	0.703238279362	0.610439826003	0.594490091832	0.628806186564	0.631706138231	0.640405993233	0.6389560174	0.813919768004	0.691155147414	0.605606573224	0.596423392943	0.594490091832	0.820202996617	0.662155630739	0.589656839053	0.549540840986	0.518124697922	0.494925084582	0.544707588207	0.0	0.575640405993	0.558724021266	0.512808119865	0.520541324311	0.576123731271	0.564523924601	0.608023199613	0.605606573224	0.7593040116	0.695988400193	0.625906234896	0.608989850169	0.623006283229	0.659255679072	0.626872885452	0.684871918801	0.679555340744	0.610923151281	0.630739487675	0.640405993233	0.755437409377	0.700821652972	0.750120831319	0.713388110198	0.690671822136	0.729337844369	0.653939101015	0.643789270179	0.652972450459	0.647655872402	0.642339294345	0.725954567424	0.662638956017	0.709521507975	0.620106331561	0.688255195747
AF7	0.58095698405	0.537941034316	0.94441759304	0.651039149348	0.664572257129	0.494441759304	0.716771387144	0.449492508458	0.436926051232	0.603189946834	0.446109231513	0.59255679072	0.537457709038	0.863702271629	0.637022716288	0.557274045433	0.445625906235	0.432576123731	0.893185113581	0.732721121315	0.566940550991	0.406476558724	0.434509424843	0.414209763171	0.871435476075	0.575640405993	0.0	0.30787820203	0.473175447076	0.533107781537	0.484291928468	0.462058965684	0.420492991783	0.469308844853	0.684871918801	0.610923151281	0.4398260029	0.527307878202	0.488641855969	0.626872885452	0.539874335428	0.688255195747	0.661188980184	0.540840985984	0.520541324311	0.508458192363	0.664572257129	0.596906718221	0.666022232963	0.647172547124	0.603189946834	0.637506041566	0.549057515708	0.546157564041	0.55775737071	0.536491058482	0.558240695988	0.631706138231	0.561623972934	0.652489125181	0.482358627356	0.608023199613
AF8	0.566940550991	0.558240695988	0.927984533591	0.634606089899	0.681005316578	0.521024649589	0.710971483809	0.472692121798	0.458675688739	0.594490091832	0.500241662639	0.615273078782	0.565490575157	0.846785886902	0.629289511841	0.548090865152	0.456259062349	0.456742387627	0.871435476075	0.707104881585	0.524407926535	0.368777187047	0.447075882069	0.44224262929	0.857419043016	0.558724021266	0.30787820203	0.0	0.444175930401	0.499275012083	0.503141614306	0.449975833736	0.430159497342	0.48380860319	0.716771387144	0.641372643789	0.486708554857	0.546640889319	0.529241179314	0.632189463509	0.565973900435	0.666505558241	0.640889318511	0.543257612373	0.55099081682	0.53939101015	0.694055099082	0.626872885452	0.695988400193	0.675205413243	0.636056065732	0.666022232963	0.56935717738	0.570323827936	0.584340260996	0.563073948768	0.552924117931	0.666022232963	0.558240695988	0.678105364911	0.493475108748	0.629772837119
AG7	0.596423392943	0.602706621556	0.851619139681	0.566457225713	0.672788786854	0.549057515708	0.705171580474	0.502658289029	0.486708554857	0.598840019333	0.535524407927	0.618656355727	0.599806669889	0.768970517158	0.664088931851	0.574673755437	0.524891251812	0.510391493475	0.748187530208	0.550024166264	0.494925084582	0.429676172064	0.478008699855	0.470275495408	0.761720637989	0.512808119865	0.473175447076	0.444175930401	0.0	0.314644755921	0.529241179314	0.496858385694	0.494441759304	0.536007733204	0.740454325761	0.654422426293	0.531657805703	0.563557274045	0.536007733204	0.642339294345	0.58095698405	0.654905751571	0.632189463509	0.555340744321	0.585306911551	0.580473658772	0.739971000483	0.669888835186	0.716771387144	0.698405026583	0.666505558241	0.708554857419	0.60415659739	0.614306428226	0.630739487675	0.616723054616	0.620106331561	0.710971483809	0.626872885452	0.702271628806	0.57177380377	0.656839052682
AG8	0.596906718221	0.631222812953	0.83566940551	0.600289995167	0.697438376027	0.585790236829	0.698405026583	0.564040599323	0.547124214596	0.622522957951	0.597390043499	0.642822619623	0.628322861286	0.749637506042	0.68970517158	0.599806669889	0.58095698405	0.568873852102	0.710004833253	0.539874335428	0.509424842919	0.473175447076	0.536007733204	0.53939101015	0.766070565491	0.520541324311	0.533107781537	0.499275012083	0.314644755921	0.0	0.560657322378	0.543257612373	0.553407443209	0.570807153214	0.766070565491	0.686805219913	0.585790236829	0.584340260996	0.577090381827	0.664572257129	0.61575640406	0.669405509908	0.660705654906	0.586273562107	0.619623006283	0.611889801837	0.768970517158	0.699371677139	0.750604156597	0.72450459159	0.696955050749	0.733204446593	0.644272595457	0.64572257129	0.65973900435	0.646689221846	0.644755920735	0.731754470759	0.653939101015	0.721604639923	0.606089898502	0.691155147414
AH7	0.593523441276	0.62493958434	0.954084098598	0.696955050749	0.712421459642	0.579023682939	0.73368777187	0.550507491542	0.547124214596	0.658772353794	0.533107781537	0.653455775737	0.633156114065	0.880618656356	0.691638472692	0.593523441276	0.51619139681	0.484775253746	0.887868535524	0.740454325761	0.586273562107	0.518124697922	0.496858385694	0.497825036249	0.838086031899	0.576123731271	0.484291928468	0.503141614306	0.529241179314	0.560657322378	0.0	0.344127597873	0.565490575157	0.596423392943	0.78008699855	0.716771387144	0.549057515708	0.645239246013	0.597390043499	0.683421942968	0.636056065732	0.750604156597	0.74528757854	0.65055582407	0.63653939101	0.626872885452	0.762203963267	0.707588206863	0.766070565491	0.725954567424	0.697921701305	0.737071048816	0.632189463509	0.633639439343	0.640889318511	0.62493958434	0.617689705172	0.734171097148	0.632189463509	0.719671338811	0.599323344611	0.704688255196
AH8	0.570807153214	0.576607056549	0.95360077332	0.660222329628	0.682455292412	0.527307878202	0.71290478492	0.502174963751	0.484775253746	0.617689705172	0.502174963751	0.618173030449	0.570323827936	0.866118898018	0.636056065732	0.55775737071	0.422909618173	0.396326727888	0.903334944418	0.74770420493	0.563557274045	0.466408893185	0.452875785404	0.467858869019	0.846302561624	0.564523924601	0.462058965684	0.449975833736	0.496858385694	0.543257612373	0.344127597873	0.0	0.484291928468	0.531174480425	0.752054132431	0.679072015466	0.525857902368	0.598840019333	0.550024166264	0.646205896568	0.589173513775	0.703238279362	0.695505074915	0.603189946834	0.584823586274	0.563557274045	0.723537941034	0.662155630739	0.72692121798	0.686321894635	0.655389076849	0.692605123248	0.597390043499	0.587723537941	0.598356694055	0.582406959884	0.563557274045	0.691155147414	0.578540357661	0.687771870469	0.545674238763	0.656355727405
AA5	0.594490091832	0.501208313195	0.95601739971	0.643305944901	0.60657322378	0.467858869019	0.647655872402	0.406959884002	0.400193330111	0.549057515708	0.441275978734	0.539874335428	0.512808119865	0.86805219913	0.561140647656	0.53697438376	0.43064282262	0.420492991783	0.919768003867	0.761720637989	0.579507008217	0.471725471242	0.479942000967	0.485741904302	0.898018366361	0.608023199613	0.420492991783	0.430159497342	0.494441759304	0.553407443209	0.565490575157	0.484291928468	0.0	0.330111164814	0.676172063799	0.579990333494	0.461575640406	0.453842435959	0.462542290962	0.565007249879	0.473175447076	0.612856452392	0.582890285162	0.458192363461	0.514258095698	0.480425326245	0.692605123248	0.622039632673	0.663605606573	0.641855969067	0.626872885452	0.677138714355	0.532624456259	0.558240695988	0.570807153214	0.540840985984	0.530691155147	0.662155630739	0.557274045433	0.64572257129	0.48622522958	0.617206379894
AA6	0.608506524891	0.498791686805	0.958917351377	0.64813919768	0.633156114065	0.485258579024	0.664572257129	0.453359110681	0.447559207347	0.568390526825	0.495891735138	0.57177380377	0.515224746254	0.869018849686	0.581440309328	0.537941034316	0.477525374577	0.462058965684	0.928951184147	0.76848719188	0.602706621556	0.506524891252	0.526341227646	0.523441275979	0.901401643306	0.605606573224	0.469308844853	0.48380860319	0.536007733204	0.570807153214	0.596423392943	0.531174480425	0.330111164814	0.0	0.682455292412	0.578540357661	0.506041565974	0.485741904302	0.477525374577	0.58337361044	0.49299178347	0.639922667956	0.614789753504	0.495891735138	0.456742387627	0.42822619623	0.689221846303	0.621556307395	0.666505558241	0.647172547124	0.626872885452	0.670855485742	0.544707588207	0.563557274045	0.573223779604	0.547607539874	0.534557757371	0.658289028516	0.557274045433	0.639922667956	0.502174963751	0.620589656839
AB5	0.744320927985	0.646689221846	0.974867085549	0.727404543258	0.633156114065	0.63653939101	0.73852102465	0.650072498792	0.668438859352	0.691155147414	0.663605606573	0.613823102948	0.656839052682	0.894635089415	0.707104881585	0.688738521025	0.704688255196	0.687771870469	0.939101014983	0.799903334944	0.810536491058	0.742387626873	0.750120831319	0.743354277429	0.926051232479	0.7593040116	0.684871918801	0.716771387144	0.740454325761	0.766070565491	0.78008699855	0.752054132431	0.676172063799	0.682455292412	0.0	0.313678105365	0.622522957951	0.647655872402	0.608989850169	0.610439826003	0.608506524891	0.72692121798	0.715804736588	0.628806186564	0.622522957951	0.625422909618	0.618173030449	0.613823102948	0.625422909618	0.600289995167	0.621072982117	0.626389560174	0.595456742388	0.607056549058	0.612373127115	0.620106331561	0.676172063799	0.599323344611	0.664572257129	0.607056549058	0.666505558241	0.611406476559
AB6	0.675688738521	0.575640405993	0.965683905268	0.676655389077	0.59497341711	0.552440792653	0.666988883519	0.558240695988	0.584340260996	0.61333977767	0.587240212663	0.528274528758	0.595940067666	0.879168680522	0.637506041566	0.604639922668	0.642822619623	0.621072982117	0.939584340261	0.778153697438	0.731754470759	0.662638956017	0.666022232963	0.657805703238	0.919284678589	0.695988400193	0.610923151281	0.641372643789	0.654422426293	0.686805219913	0.716771387144	0.679072015466	0.579990333494	0.578540357661	0.313678105365	0.0	0.557274045433	0.561140647656	0.533591106815	0.537941034316	0.529241179314	0.651039149348	0.6389560174	0.521507974867	0.540357660706	0.546157564041	0.59497341711	0.545674238763	0.577090381827	0.546157564041	0.551474142098	0.589173513775	0.520057999033	0.540357660706	0.559690671822	0.556307394877	0.600773320445	0.562107298212	0.587723537941	0.554374093765	0.606089898502	0.536007733204
AC5	0.628806186564	0.55775737071	0.974867085549	0.662155630739	0.639922667956	0.471242145964	0.693088448526	0.440309328178	0.446109231513	0.588206863219	0.402609956501	0.558724021266	0.542774287095	0.893185113581	0.641372643789	0.58095698405	0.468825519575	0.465442242629	0.945384243596	0.782020299662	0.638472692122	0.550024166264	0.501208313195	0.491058482359	0.918318028033	0.625906234896	0.4398260029	0.486708554857	0.531657805703	0.585790236829	0.549057515708	0.525857902368	0.461575640406	0.506041565974	0.622522957951	0.557274045433	0.0	0.44224262929	0.431609473175	0.596906718221	0.519574673755	0.700821652972	0.666988883519	0.53697438376	0.479458675689	0.469308844853	0.61333977767	0.558240695988	0.616239729338	0.581923634606	0.565490575157	0.604639922668	0.505074915418	0.496858385694	0.511358144031	0.507491541808	0.585790236829	0.593040115998	0.583856935718	0.581923634606	0.508458192363	0.556307394877
AC6	0.633639439343	0.509908168197	0.95360077332	0.651522474625	0.585306911551	0.514258095698	0.553890768487	0.479942000967	0.50700821653	0.469308844853	0.544224262929	0.528757854036	0.541324311261	0.856935717738	0.553890768487	0.5601739971	0.563073948768	0.545190913485	0.916384726921	0.74770420493	0.6389560174	0.572740454326	0.582890285162	0.574190430159	0.904784920251	0.608989850169	0.527307878202	0.546640889319	0.563557274045	0.584340260996	0.645239246013	0.598840019333	0.453842435959	0.485741904302	0.647655872402	0.561140647656	0.44224262929	0.0	0.507974867086	0.517641372644	0.484291928468	0.478492025133	0.444659255679	0.421942967617	0.540357660706	0.539874335428	0.670855485742	0.612856452392	0.647655872402	0.620106331561	0.614789753504	0.657805703238	0.551957467376	0.56259062349	0.576607056549	0.563557274045	0.553890768487	0.642339294345	0.576607056549	0.626872885452	0.536491058482	0.608989850169
AD6	0.61575640406	0.526341227646	0.975833736104	0.644755920735	0.582406959884	0.427259545674	0.646205896568	0.431126147898	0.44224262929	0.545674238763	0.437892701788	0.508458192363	0.523924601257	0.880618656356	0.609473175447	0.55099081682	0.494441759304	0.473175447076	0.948284195263	0.781053649106	0.639922667956	0.549540840986	0.545190913485	0.537941034316	0.921701304978	0.623006283229	0.488641855969	0.529241179314	0.536007733204	0.577090381827	0.597390043499	0.550024166264	0.462542290962	0.477525374577	0.608989850169	0.533591106815	0.431609473175	0.507974867086	0.0	0.559690671822	0.424359594007	0.676172063799	0.654422426293	0.520541324311	0.456259062349	0.453359110681	0.593523441276	0.524891251812	0.574673755437	0.543257612373	0.538907684872	0.571290478492	0.453842435959	0.46060898985	0.476558724021	0.489125181247	0.555824069599	0.56259062349	0.556790720155	0.558724021266	0.477042049299	0.521991300145
AE5	0.641855969067	0.530691155147	0.973900434993	0.655389076849	0.555340744321	0.556790720155	0.601256645723	0.563557274045	0.606089898502	0.545674238763	0.626872885452	0.498791686805	0.572257129048	0.878202029966	0.572740454326	0.567907201547	0.613823102948	0.61333977767	0.920251329145	0.757370710488	0.739004349928	0.663605606573	0.661188980184	0.65973900435	0.881585306912	0.659255679072	0.626872885452	0.632189463509	0.642339294345	0.664572257129	0.683421942968	0.646205896568	0.565007249879	0.58337361044	0.610439826003	0.537941034316	0.596906718221	0.517641372644	0.559690671822	0.0	0.364910584824	0.600773320445	0.585306911551	0.518124697922	0.623489608507	0.630256162397	0.658772353794	0.608023199613	0.629772837119	0.594490091832	0.621556307395	0.64572257129	0.550024166264	0.578057032383	0.608023199613	0.576123731271	0.567907201547	0.626872885452	0.582406959884	0.603673272112	0.582406959884	0.607056549058
AE6	0.608023199613	0.470275495408	0.973900434993	0.630739487675	0.559690671822	0.485258579024	0.591106814886	0.47220879652	0.506041565974	0.507974867086	0.53939101015	0.498308361527	0.505558240696	0.87723537941	0.559207346544	0.523924601257	0.539874335428	0.524407926535	0.932334461092	0.763170613823	0.671822136298	0.588690188497	0.593523441276	0.588206863219	0.898501691638	0.626872885452	0.539874335428	0.565973900435	0.58095698405	0.61575640406	0.636056065732	0.589173513775	0.473175447076	0.49299178347	0.608506524891	0.529241179314	0.519574673755	0.484291928468	0.424359594007	0.364910584824	0.0	0.628322861286	0.600773320445	0.46060898985	0.536007733204	0.538907684872	0.630739487675	0.566940550991	0.599323344611	0.571290478492	0.585790236829	0.615273078782	0.479458675689	0.502174963751	0.517158047366	0.501691638473	0.51619139681	0.598840019333	0.534557757371	0.581440309328	0.500241662639	0.568390526825
AF5	0.702754954084	0.622039632673	0.940067665539	0.680038666022	0.654422426293	0.671822136298	0.543740937651	0.633639439343	0.666022232963	0.557274045433	0.702754954084	0.619139681005	0.663122281295	0.846785886902	0.587723537941	0.655872402127	0.703238279362	0.704204929918	0.881585306912	0.73852102465	0.699371677139	0.651522474625	0.693088448526	0.698888351861	0.882551957467	0.684871918801	0.688255195747	0.666505558241	0.654905751571	0.669405509908	0.750604156597	0.703238279362	0.612856452392	0.639922667956	0.72692121798	0.651039149348	0.700821652972	0.478492025133	0.676172063799	0.600773320445	0.628322861286	0.0	0.288545190913	0.519574673755	0.707588206863	0.700821652972	0.751570807153	0.709038182697	0.734654422426	0.702271628806	0.718704688255	0.751087481875	0.674238762687	0.698405026583	0.713388110198	0.697921701305	0.650072498792	0.734654422426	0.667955534074	0.710004833253	0.695988400193	0.705654905752
AF6	0.696955050749	0.598840019333	0.941034316095	0.675688738521	0.639922667956	0.650072498792	0.537941034316	0.610439826003	0.643789270179	0.542290961817	0.682455292412	0.606089898502	0.637989366844	0.850169163847	0.573707104882	0.631222812953	0.682455292412	0.6805219913	0.881585306912	0.737071048816	0.699855002417	0.646205896568	0.684388593523	0.680038666022	0.883035282745	0.679555340744	0.661188980184	0.640889318511	0.632189463509	0.660705654906	0.74528757854	0.695505074915	0.582890285162	0.614789753504	0.715804736588	0.6389560174	0.666988883519	0.444659255679	0.654422426293	0.585306911551	0.600773320445	0.288545190913	0.0	0.489608506525	0.681005316578	0.678105364911	0.737554374094	0.696955050749	0.720154664089	0.68293861769	0.69212179797	0.737071048816	0.652005799903	0.677622039633	0.689221846303	0.671822136298	0.625422909618	0.717738037699	0.6389560174	0.691155147414	0.672305461576	0.68293861769
