	AA3	AA4	AB3	AB4	AC3	AC4	AD3	AD4	AE3	AE4	AF3	AF4	AG3	AG4	AH3	AH4	AA7	AA8	AB7	AB8	AC7	AC8	AD7	AD8	AE7	AE8	AF7	AF8	AG7	AG8	AH7	AH8	AA5	AA6	AB5	AB6	AC5	AC6	AD6	AE5	AE6	AF5	AF6	AG5	AH5	AH6	AA1	AA2	AB1	AB2	AC1	AC2	AD1	AD2	AE1	AE2	AF1	AF2	AG1	AG2	AH1	AH2
AA3	0.0	0.489608506525	0.938134364427	0.642822619623	0.653455775737	0.568873852102	0.668438859352	0.586273562107	0.5601739971	0.61333977767	0.605606573224	0.611406476559	0.581440309328	0.840019333011	0.656839052682	0.326244562591	0.558240695988	0.5601739971	0.862735621073	0.699855002417	0.595456742388	0.544224262929	0.589173513775	0.574190430159	0.831319478009	0.568873852102	0.547124214596	0.543740937651	0.579023682939	0.576123731271	0.575640405993	0.547124214596	0.57177380377	0.587240212663	0.757854035766	0.702271628806	0.593040115998	0.608023199613	0.585306911551	0.632672788787	0.583856935718	0.717738037699	0.691638472692	0.62493958434	0.612856452392	0.611889801837	0.710488158531	0.638472692122	0.733204446593	0.677138714355	0.651039149348	0.677622039633	0.590140164331	0.564040599323	0.551474142098	0.587723537941	0.576123731271	0.653455775737	0.58337361044	0.666505558241	0.56935717738	0.6389560174
AA4	0.489608506525	0.0	0.95360077332	0.587240212663	0.559690671822	0.476075398743	0.584823586274	0.4813919768	0.491058482359	0.520541324311	0.554857419043	0.492025132914	0.478008699855	0.847752537458	0.376510391493	0.373127114548	0.518124697922	0.519574673755	0.895601739971	0.721604639923	0.654905751571	0.57177380377	0.591590140164	0.581923634606	0.873368777187	0.612856452392	0.536491058482	0.550507491542	0.603673272112	0.608506524891	0.61575640406	0.566457225713	0.498791686805	0.508458192363	0.675688738521	0.604639922668	0.547607539874	0.50700821653	0.53939101015	0.520541324311	0.472692121798	0.641855969067	0.606089898502	0.510391493475	0.569840502658	0.55775737071	0.662638956017	0.565973900435	0.648622522958	0.596906718221	0.601256645723	0.637022716288	0.529724504592	0.505558240696	0.513291445143	0.519574673755	0.49540840986	0.610923151281	0.518124697922	0.593040115998	0.51377477042	0.567423876269
AB3	0.938134364427	0.95360077332	0.0	0.666988883519	0.929434509425	0.958917351377	0.960367327211	0.950700821653	0.934751087482	0.951184146931	0.975833736104	0.949734171097	0.96761720638	0.362010633156	0.96520057999	0.947800869986	0.975350410826	0.975350410826	0.740454325761	0.772837119381	0.885935234413	0.913001449976	0.959400676655	0.951667472209	0.854519091348	0.898501691638	0.943934267762	0.940067665539	0.838569357177	0.846302561624	0.955534074432	0.953117448043	0.960850652489	0.965683905268	0.97680038666	0.970517158047	0.97680038666	0.957950700822	0.97680038666	0.977283711938	0.977283711938	0.934751087482	0.937167713871	0.95360077332	0.981633639439	0.973417109715	0.975350410826	0.974383760271	0.972933784437	0.977767037216	0.977767037216	0.974867085549	0.977283711938	0.97680038666	0.981150314161	0.977767037216	0.975833736104	0.975833736104	0.977283711938	0.979700338328	0.977283711938	0.976317061382
AB4	0.642822619623	0.587240212663	0.666988883519	0.0	0.647655872402	0.615273078782	0.68293861769	0.626389560174	0.614789753504	0.633156114065	0.653939101015	0.620106331561	0.501691638473	0.541807636539	0.612373127115	0.590623489609	0.640405993233	0.639922667956	0.727887868536	0.579507008217	0.655872402127	0.626389560174	0.665538907685	0.648622522958	0.794586756887	0.629772837119	0.654422426293	0.641855969067	0.556790720155	0.586273562107	0.687288545191	0.648622522958	0.644755920735	0.660222329628	0.727887868536	0.682455292412	0.65732237796	0.652489125181	0.640405993233	0.653939101015	0.611889801837	0.66892218463	0.661188980184	0.649589173514	0.699855002417	0.675205413243	0.720154664089	0.661672305462	0.713388110198	0.676655389077	0.681005316578	0.688255195747	0.640889318511	0.635089415176	0.653455775737	0.635572740454	0.642339294345	0.666988883519	0.634606089899	0.66892218463	0.65732237796	0.680038666022
AC3	0.653455775737	0.559690671822	0.929434509425	0.647655872402	0.0	0.496375060416	0.644755920735	0.555824069599	0.559207346544	0.597873368777	0.626389560174	0.322861285645	0.607539874335	0.83566940551	0.609956500725	0.610923151281	0.608506524891	0.600773320445	0.880135331078	0.751087481875	0.739004349928	0.679555340744	0.730787820203	0.708071532141	0.838569357177	0.6805219913	0.655872402127	0.677622039633	0.68293861769	0.687771870469	0.706138231029	0.666988883519	0.610439826003	0.629772837119	0.625422909618	0.593523441276	0.615273078782	0.587723537941	0.589656839053	0.55775737071	0.557274045433	0.668438859352	0.659255679072	0.561140647656	0.647172547124	0.637022716288	0.601256645723	0.584340260996	0.598356694055	0.574190430159	0.601739971	0.590140164331	0.525857902368	0.565490575157	0.580473658772	0.561623972934	0.619139681005	0.565490575157	0.626389560174	0.591106814886	0.626872885452	0.590140164331
AC4	0.568873852102	0.476075398743	0.958917351377	0.615273078782	0.496375060416	0.0	0.619139681005	0.394876752054	0.399226679555	0.52779120348	0.345094248429	0.40502658289	0.501691638473	0.862735621073	0.565007249879	0.522474625423	0.455292411793	0.441759304012	0.924117931368	0.750120831319	0.586756887385	0.520057999033	0.521507974867	0.497341710971	0.890768487192	0.584340260996	0.475592073465	0.496858385694	0.546640889319	0.56259062349	0.561623972934	0.516674722088	0.443209279845	0.465442242629	0.651039149348	0.579023682939	0.460125664572	0.501691638473	0.434992750121	0.55099081682	0.46060898985	0.683421942968	0.653455775737	0.503624939584	0.500724987917	0.470758820686	0.65973900435	0.565490575157	0.621556307395	0.587240212663	0.592073465442	0.624456259062	0.511841469309	0.49299178347	0.496858385694	0.521991300145	0.522957950701	0.597390043499	0.538424359594	0.583856935718	0.479942000967	0.570807153214
AD3	0.668438859352	0.584823586274	0.960367327211	0.68293861769	0.644755920735	0.619139681005	0.0	0.52779120348	0.637022716288	0.343644272595	0.678588690188	0.597873368777	0.632189463509	0.863218946351	0.59255679072	0.638472692122	0.683421942968	0.68970517158	0.933784436926	0.762203963267	0.716288061866	0.686321894635	0.69212179797	0.687771870469	0.913968100532	0.677138714355	0.696471725471	0.690188496858	0.688255195747	0.678105364911	0.71290478492	0.690188496858	0.633156114065	0.647655872402	0.732237796037	0.666505558241	0.672788786854	0.538424359594	0.637022716288	0.566457225713	0.573223779604	0.565973900435	0.53697438376	0.55099081682	0.697921701305	0.686321894635	0.765103914935	0.698405026583	0.743837602707	0.713871435476	0.71532141131	0.740454325761	0.663122281295	0.658289028516	0.672788786854	0.648622522958	0.630256162397	0.714838086032	0.625906234896	0.713871435476	0.691155147414	0.700338327695
AD4	0.586273562107	0.4813919768	0.950700821653	0.626389560174	0.555824069599	0.394876752054	0.52779120348	0.0	0.321411309812	0.424842919285	0.428709521508	0.477042049299	0.521991300145	0.853552440793	0.55099081682	0.534074432093	0.468342194297	0.453359110681	0.941517641373	0.766070565491	0.595940067666	0.51619139681	0.514258095698	0.491058482359	0.907201546641	0.603673272112	0.460125664572	0.472692121798	0.525857902368	0.568873852102	0.551957467376	0.51377477042	0.40502658289	0.454809086515	0.65973900435	0.587723537941	0.447559207347	0.488158530691	0.44900918318	0.551957467376	0.455292411793	0.654905751571	0.618656355727	0.478492025133	0.506041565974	0.47462542291	0.674238762687	0.585306911551	0.645239246013	0.622039632673	0.609956500725	0.644272595457	0.528274528758	0.508458192363	0.511358144031	0.537941034316	0.534557757371	0.621072982117	0.561623972934	0.611406476559	0.521507974867	0.593523441276
AE3	0.5601739971	0.491058482359	0.934751087482	0.614789753504	0.559207346544	0.399226679555	0.637022716288	0.321411309812	0.0	0.524407926535	0.415659739004	0.497341710971	0.51377477042	0.842919284679	0.563557274045	0.531657805703	0.447559207347	0.433059449009	0.920251329145	0.743354277429	0.559207346544	0.478975350411	0.494925084582	0.479458675689	0.88883518608	0.58337361044	0.43740937651	0.463992266796	0.503141614306	0.540357660706	0.540840985984	0.500241662639	0.402126631223	0.461575640406	0.664088931851	0.602223296278	0.434992750121	0.515708071532	0.438376027066	0.595940067666	0.493475108748	0.69212179797	0.662638956017	0.510874818753	0.476075398743	0.458675688739	0.662155630739	0.580473658772	0.631706138231	0.612373127115	0.598356694055	0.631706138231	0.522957950701	0.502658289029	0.505074915418	0.531657805703	0.544224262929	0.612373127115	0.566457225713	0.604639922668	0.505074915418	0.577573707105
AE4	0.61333977767	0.520541324311	0.951184146931	0.633156114065	0.597873368777	0.52779120348	0.343644272595	0.424842919285	0.524407926535	0.0	0.587723537941	0.538907684872	0.574190430159	0.851619139681	0.550024166264	0.565973900435	0.599323344611	0.599323344611	0.933784436926	0.757370710488	0.662155630739	0.609473175447	0.611889801837	0.597390043499	0.906234896085	0.623972933784	0.602223296278	0.59497341711	0.602223296278	0.599806669889	0.64813919768	0.608989850169	0.543257612373	0.567907201547	0.696955050749	0.626872885452	0.582406959884	0.467375543741	0.553407443209	0.532141130981	0.499275012083	0.56935717738	0.547124214596	0.498791686805	0.614789753504	0.602706621556	0.728854519091	0.645239246013	0.708554857419	0.675688738521	0.675688738521	0.699855002417	0.618656355727	0.586273562107	0.596906718221	0.608023199613	0.569840502658	0.679072015466	0.588690188497	0.670855485742	0.603673272112	0.651522474625
AF3	0.605606573224	0.554857419043	0.975833736104	0.653939101015	0.626389560174	0.345094248429	0.678588690188	0.428709521508	0.415659739004	0.587723537941	0.0	0.526824552924	0.541324311261	0.8796520058	0.625422909618	0.579990333494	0.454809086515	0.445625906235	0.957467375544	0.783953600773	0.596423392943	0.542774287095	0.447075882069	0.433542774287	0.917834702755	0.61575640406	0.444659255679	0.496375060416	0.551957467376	0.586273562107	0.534074432093	0.529241179314	0.43740937651	0.500241662639	0.686805219913	0.631222812953	0.425326244563	0.542774287095	0.461092315128	0.612373127115	0.527307878202	0.72450459159	0.695505074915	0.537941034316	0.520541324311	0.489125181247	0.693088448526	0.603189946834	0.677622039633	0.636056065732	0.62493958434	0.656839052682	0.566940550991	0.524407926535	0.534557757371	0.554374093765	0.578540357661	0.637506041566	0.595456742388	0.618656355727	0.520057999033	0.60657322378
AF4	0.611406476559	0.492025132914	0.949734171097	0.620106331561	0.322861285645	0.40502658289	0.597873368777	0.477042049299	0.497341710971	0.538907684872	0.526824552924	0.0	0.538424359594	0.850652489125	0.554857419043	0.543740937651	0.54857419043	0.540357660706	0.895601739971	0.723054615756	0.693571773804	0.628806186564	0.654422426293	0.631222812953	0.861768970517	0.637506041566	0.582890285162	0.607539874335	0.633156114065	0.639439342678	0.647655872402	0.609956500725	0.536007733204	0.558240695988	0.619623006283	0.545190913485	0.543740937651	0.53020782987	0.519574673755	0.508941517641	0.495891735138	0.6389560174	0.608023199613	0.505558240696	0.571290478492	0.561623972934	0.606089898502	0.519091348478	0.587723537941	0.544224262929	0.540357660706	0.567907201547	0.47462542291	0.493475108748	0.515224746254	0.502658289029	0.549540840986	0.541807636539	0.557274045433	0.536491058482	0.558240695988	0.521507974867
AG3	0.581440309328	0.478008699855	0.96761720638	0.501691638473	0.607539874335	0.501691638473	0.632189463509	0.521991300145	0.51377477042	0.574190430159	0.541324311261	0.538424359594	0.0	0.843885935234	0.523924601257	0.521507974867	0.507491541808	0.49540840986	0.926051232479	0.753020782987	0.673755437409	0.596423392943	0.600289995167	0.594006766554	0.884001933301	0.62735621073	0.539874335428	0.575157080715	0.617689705172	0.622039632673	0.628322861286	0.563073948768	0.528757854036	0.530691155147	0.671822136298	0.616723054616	0.537457709038	0.540357660706	0.523924601257	0.575157080715	0.490575157081	0.676655389077	0.647172547124	0.540357660706	0.570323827936	0.561140647656	0.637506041566	0.563073948768	0.633639439343	0.60657322378	0.587723537941	0.610923151281	0.533107781537	0.509908168197	0.52779120348	0.531657805703	0.534074432093	0.593523441276	0.558724021266	0.593523441276	0.512808119865	0.565973900435
AG4	0.840019333011	0.847752537458	0.362010633156	0.541807636539	0.83566940551	0.862735621073	0.863218946351	0.853552440793	0.842919284679	0.851619139681	0.8796520058	0.850652489125	0.843885935234	0.0	0.860802319961	0.846302561624	0.885451909135	0.885451909135	0.711938134364	0.686805219913	0.800386660222	0.828902851619	0.875302078299	0.86563557274	0.820202996617	0.808119864669	0.862735621073	0.854519091348	0.750604156597	0.747220879652	0.876268728855	0.860802319961	0.869502174964	0.875785403577	0.897535041083	0.884968583857	0.885451909135	0.860802319961	0.882551957467	0.879168680522	0.878202029966	0.843402609957	0.843885935234	0.864185596907	0.898985016916	0.885935234413	0.881585306912	0.882068632189	0.883035282745	0.878685355244	0.890285161914	0.883518608023	0.891735137748	0.884485258579	0.896085065249	0.88883518608	0.887385210246	0.884001933301	0.884001933301	0.883518608023	0.886901884969	0.89125181247
AH3	0.656839052682	0.376510391493	0.96520057999	0.612373127115	0.609956500725	0.565007249879	0.59255679072	0.55099081682	0.563557274045	0.550024166264	0.625422909618	0.554857419043	0.523924601257	0.860802319961	0.0	0.538907684872	0.60415659739	0.604639922668	0.926534557757	0.759787336878	0.715804736588	0.653939101015	0.652005799903	0.646689221846	0.899951667472	0.687771870469	0.637022716288	0.638472692122	0.67133881102	0.66892218463	0.693571773804	0.642339294345	0.55775737071	0.581923634606	0.711938134364	0.641855969067	0.631706138231	0.555340744321	0.610923151281	0.578057032383	0.542774287095	0.608506524891	0.583856935718	0.564523924601	0.641855969067	0.632672788787	0.70130497825	0.601739971	0.669888835186	0.643305944901	0.65055582407	0.676172063799	0.602223296278	0.595940067666	0.598840019333	0.603673272112	0.58095698405	0.652972450459	0.578540357661	0.635572740454	0.588690188497	0.614306428226
AH4	0.326244562591	0.373127114548	0.947800869986	0.590623489609	0.610923151281	0.522474625423	0.638472692122	0.534074432093	0.531657805703	0.565973900435	0.579990333494	0.543740937651	0.521507974867	0.846302561624	0.538907684872	0.0	0.535041082649	0.53939101015	0.877718704688	0.706621556307	0.635572740454	0.5601739971	0.574673755437	0.568873852102	0.853552440793	0.588206863219	0.549540840986	0.54857419043	0.581440309328	0.590140164331	0.590623489609	0.553890768487	0.548090865152	0.554857419043	0.708554857419	0.647172547124	0.568390526825	0.570323827936	0.558240695988	0.580473658772	0.53020782987	0.681971967134	0.64572257129	0.57177380377	0.597873368777	0.591590140164	0.672788786854	0.583856935718	0.678105364911	0.622522957951	0.610923151281	0.640889318511	0.551957467376	0.51377477042	0.521991300145	0.538424359594	0.508458192363	0.616239729338	0.522474625423	0.617689705172	0.543257612373	0.58337361044
AA7	0.558240695988	0.518124697922	0.975350410826	0.640405993233	0.608506524891	0.455292411793	0.683421942968	0.468342194297	0.447559207347	0.599323344611	0.454809086515	0.54857419043	0.507491541808	0.885451909135	0.60415659739	0.535041082649	0.0	0.288061865636	0.920251329145	0.749154180764	0.600289995167	0.513291445143	0.501691638473	0.488158530691	0.866118898018	0.589173513775	0.444659255679	0.466408893185	0.536491058482	0.574190430159	0.521991300145	0.429676172064	0.434026099565	0.473175447076	0.711938134364	0.658289028516	0.47220879652	0.565973900435	0.490575157081	0.589656839053	0.519574673755	0.725471242146	0.698888351861	0.577090381827	0.538424359594	0.501691638473	0.667955534074	0.592073465442	0.676655389077	0.632189463509	0.591590140164	0.628806186564	0.522957950701	0.510874818753	0.505558240696	0.534557757371	0.535041082649	0.602706621556	0.555340744321	0.629289511841	0.496375060416	0.590623489609
AA8	0.5601739971	0.519574673755	0.975350410826	0.639922667956	0.600773320445	0.441759304012	0.68970517158	0.453359110681	0.433059449009	0.599323344611	0.445625906235	0.540357660706	0.49540840986	0.885451909135	0.604639922668	0.53939101015	0.288061865636	0.0	0.930401159981	0.757370710488	0.598356694055	0.503624939584	0.502174963751	0.491058482359	0.869985500242	0.593523441276	0.440792653456	0.469308844853	0.535524407927	0.579023682939	0.491058482359	0.39584340261	0.433059449009	0.471242145964	0.701788303528	0.648622522958	0.456259062349	0.555340744321	0.4813919768	0.601739971	0.514258095698	0.729821169647	0.700338327695	0.560657322378	0.521991300145	0.489608506525	0.650072498792	0.57177380377	0.667472208797	0.617689705172	0.578540357661	0.612856452392	0.517641372644	0.496858385694	0.493958434026	0.519091348478	0.534557757371	0.584823586274	0.550024166264	0.610439826003	0.490091831803	0.571290478492
AB7	0.862735621073	0.895601739971	0.740454325761	0.727887868536	0.880135331078	0.924117931368	0.933784436926	0.941517641373	0.920251329145	0.933784436926	0.957467375544	0.895601739971	0.926051232479	0.711938134364	0.926534557757	0.877718704688	0.920251329145	0.930401159981	0.0	0.404543257612	0.809086515225	0.831802803287	0.937651039149	0.917834702755	0.73852102465	0.819719671339	0.884968583857	0.872402126631	0.717254712421	0.700821652972	0.886418559691	0.897051715805	0.920734654422	0.936201063316	0.940067665539	0.929434509425	0.940067665539	0.913484775254	0.94441759304	0.920734654422	0.935717738038	0.872402126631	0.873852102465	0.911551474142	0.956500724988	0.95360077332	0.926534557757	0.920734654422	0.933784436926	0.927501208313	0.929434509425	0.919768003867	0.915901401643	0.911551474142	0.919284678589	0.90961817303	0.916868052199	0.913484775254	0.9212179797	0.925084581924	0.949250845819	0.930884485259
AB8	0.699855002417	0.721604639923	0.772837119381	0.579507008217	0.751087481875	0.750120831319	0.762203963267	0.766070565491	0.743354277429	0.757370710488	0.783953600773	0.723054615756	0.753020782987	0.686805219913	0.759787336878	0.706621556307	0.749154180764	0.757370710488	0.404543257612	0.0	0.646205896568	0.663605606573	0.755920734654	0.73610439826	0.731271145481	0.640889318511	0.708554857419	0.692605123248	0.521024649589	0.525857902368	0.719188013533	0.720154664089	0.754470758821	0.765103914935	0.815853069116	0.761720637989	0.764620589657	0.738037699372	0.763653939101	0.747220879652	0.754470758821	0.724987916868	0.708554857419	0.73610439826	0.788303528275	0.780570323828	0.806186563557	0.749637506042	0.800386660222	0.77090381827	0.758337361044	0.777187046883	0.74770420493	0.740454325761	0.750120831319	0.741420976317	0.74528757854	0.7593040116	0.74528757854	0.757854035766	0.774287095215	0.754954084099
AC7	0.595456742388	0.654905751571	0.885935234413	0.655872402127	0.739004349928	0.586756887385	0.716288061866	0.595940067666	0.559207346544	0.662155630739	0.596423392943	0.693571773804	0.673755437409	0.800386660222	0.715804736588	0.635572740454	0.600289995167	0.598356694055	0.809086515225	0.646205896568	0.0	0.367810536491	0.577090381827	0.568873852102	0.815369743838	0.573707104882	0.549057515708	0.514741420976	0.47462542291	0.487675205413	0.569840502658	0.552440792653	0.561140647656	0.599806669889	0.809086515225	0.760270662156	0.629289511841	0.647172547124	0.621556307395	0.722571290478	0.665055582407	0.722571290478	0.686321894635	0.651522474625	0.637022716288	0.611889801837	0.828419526341	0.749154180764	0.810536491058	0.784920251329	0.756404059932	0.788786853552	0.695021749638	0.675688738521	0.664088931851	0.697921701305	0.670855485742	0.769453842436	0.675205413243	0.767037216046	0.622522957951	0.747220879652
AC8	0.544224262929	0.57177380377	0.913001449976	0.626389560174	0.679555340744	0.520057999033	0.686321894635	0.51619139681	0.478975350411	0.609473175447	0.542774287095	0.628806186564	0.596423392943	0.828902851619	0.653939101015	0.5601739971	0.513291445143	0.503624939584	0.831802803287	0.663605606573	0.367810536491	0.0	0.496858385694	0.487191880135	0.824552924118	0.536007733204	0.401643305945	0.366360560657	0.44224262929	0.47462542291	0.518124697922	0.465925567907	0.481875302078	0.533591106815	0.751570807153	0.696955050749	0.547607539874	0.586273562107	0.549540840986	0.652005799903	0.586273562107	0.681005316578	0.649589173514	0.592073465442	0.565973900435	0.542774287095	0.753987433543	0.659255679072	0.743354277429	0.711454809087	0.674722087965	0.707104881585	0.616239729338	0.591106814886	0.581923634606	0.619623006283	0.588206863219	0.68970517158	0.593040115998	0.691638472692	0.542290961817	0.660222329628
AD7	0.589173513775	0.591590140164	0.959400676655	0.665538907685	0.730787820203	0.521507974867	0.69212179797	0.514258095698	0.494925084582	0.611889801837	0.447075882069	0.654422426293	0.600289995167	0.875302078299	0.652005799903	0.574673755437	0.501691638473	0.502174963751	0.937651039149	0.755920734654	0.577090381827	0.496858385694	0.0	0.297728371194	0.897051715805	0.523924601257	0.433059449009	0.457709038183	0.514741420976	0.554857419043	0.508458192363	0.498791686805	0.487191880135	0.551474142098	0.755920734654	0.695988400193	0.502658289029	0.590140164331	0.557274045433	0.654905751571	0.592073465442	0.726437892702	0.693571773804	0.616239729338	0.55775737071	0.536007733204	0.762687288545	0.671822136298	0.753987433543	0.727887868536	0.684871918801	0.720637989367	0.631222812953	0.598840019333	0.59255679072	0.634606089899	0.591590140164	0.70130497825	0.603189946834	0.701788303528	0.565973900435	0.673272112131
AD8	0.574190430159	0.581923634606	0.951667472209	0.648622522958	0.708071532141	0.497341710971	0.687771870469	0.491058482359	0.479458675689	0.597390043499	0.433542774287	0.631222812953	0.594006766554	0.86563557274	0.646689221846	0.568873852102	0.488158530691	0.491058482359	0.917834702755	0.73610439826	0.568873852102	0.487191880135	0.297728371194	0.0	0.850652489125	0.482841952634	0.409859835669	0.433059449009	0.487191880135	0.523924601257	0.492508458192	0.484775253746	0.48380860319	0.538907684872	0.749637506042	0.687771870469	0.488158530691	0.574190430159	0.53939101015	0.639922667956	0.578057032383	0.717738037699	0.688738521025	0.590140164331	0.555340744321	0.533107781537	0.760753987434	0.666505558241	0.744320927985	0.716288061866	0.675688738521	0.71290478492	0.621072982117	0.589656839053	0.580473658772	0.623972933784	0.590140164331	0.692605123248	0.596423392943	0.69212179797	0.558724021266	0.660705654906
AE7	0.831319478009	0.873368777187	0.854519091348	0.794586756887	0.838569357177	0.890768487192	0.913968100532	0.907201546641	0.88883518608	0.906234896085	0.917834702755	0.861768970517	0.884001933301	0.820202996617	0.899951667472	0.853552440793	0.866118898018	0.869985500242	0.73852102465	0.731271145481	0.815369743838	0.824552924118	0.897051715805	0.850652489125	0.0	0.558240695988	0.86563557274	0.860802319961	0.765103914935	0.765103914935	0.837119381344	0.840502658289	0.896085065249	0.908651522475	0.930884485259	0.920251329145	0.911068148864	0.898985016916	0.910101498308	0.874818753021	0.894635089415	0.876752054132	0.879168680522	0.887868535524	0.940067665539	0.926534557757	0.892701788304	0.898501691638	0.912518124698	0.893185113581	0.903818269696	0.895118414693	0.890768487192	0.898985016916	0.902368293862	0.887385210246	0.905268245529	0.888351860802	0.897051715805	0.904784920251	0.91445142581	0.904784920251
AE8	0.568873852102	0.612856452392	0.898501691638	0.629772837119	0.6805219913	0.584340260996	0.677138714355	0.603673272112	0.58337361044	0.623972933784	0.61575640406	0.637506041566	0.62735621073	0.808119864669	0.687771870469	0.588206863219	0.589173513775	0.593523441276	0.819719671339	0.640889318511	0.573707104882	0.536007733204	0.523924601257	0.482841952634	0.558240695988	0.0	0.563073948768	0.558240695988	0.515224746254	0.508458192363	0.574673755437	0.556307394877	0.594490091832	0.610923151281	0.767037216046	0.711454809087	0.609473175447	0.608023199613	0.608506524891	0.6389560174	0.621072982117	0.695988400193	0.666505558241	0.608506524891	0.633156114065	0.63653939101	0.762687288545	0.685838569357	0.755920734654	0.711938134364	0.700821652972	0.730787820203	0.65973900435	0.62493958434	0.632672788787	0.656839052682	0.633156114065	0.702271628806	0.63653939101	0.704204929918	0.609956500725	0.686805219913
AF7	0.547124214596	0.536491058482	0.943934267762	0.654422426293	0.655872402127	0.475592073465	0.696471725471	0.460125664572	0.43740937651	0.602223296278	0.444659255679	0.582890285162	0.539874335428	0.862735621073	0.637022716288	0.549540840986	0.444659255679	0.440792653456	0.884968583857	0.708554857419	0.549057515708	0.401643305945	0.433059449009	0.409859835669	0.86563557274	0.563073948768	0.0	0.309328177864	0.485258579024	0.521024649589	0.477042049299	0.478492025133	0.431126147898	0.486708554857	0.70130497825	0.645239246013	0.443209279845	0.537941034316	0.503624939584	0.607056549058	0.534074432093	0.705171580474	0.676172063799	0.558240695988	0.514741420976	0.497341710971	0.685355244079	0.599806669889	0.689221846303	0.659255679072	0.613823102948	0.646689221846	0.561140647656	0.533107781537	0.524891251812	0.568873852102	0.54857419043	0.624456259062	0.569840502658	0.641855969067	0.494925084582	0.601739971
AF8	0.543740937651	0.550507491542	0.940067665539	0.641855969067	0.677622039633	0.496858385694	0.690188496858	0.472692121798	0.463992266796	0.59497341711	0.496375060416	0.607539874335	0.575157080715	0.854519091348	0.638472692122	0.54857419043	0.466408893185	0.469308844853	0.872402126631	0.692605123248	0.514741420976	0.366360560657	0.457709038183	0.433059449009	0.860802319961	0.558240695988	0.309328177864	0.0	0.459642339294	0.492025132914	0.510874818753	0.477042049299	0.452875785404	0.516674722088	0.72692121798	0.673272112131	0.479942000967	0.54857419043	0.515708071532	0.615273078782	0.550024166264	0.683421942968	0.649589173514	0.564523924601	0.543257612373	0.521991300145	0.709521507975	0.619623006283	0.711938134364	0.6805219913	0.641855969067	0.67133881102	0.581923634606	0.55099081682	0.53939101015	0.582406959884	0.546640889319	0.648622522958	0.561140647656	0.661672305462	0.50700821653	0.619623006283
AG7	0.579023682939	0.603673272112	0.838569357177	0.556790720155	0.68293861769	0.546640889319	0.688255195747	0.525857902368	0.503141614306	0.602223296278	0.551957467376	0.633156114065	0.617689705172	0.750604156597	0.67133881102	0.581440309328	0.536491058482	0.535524407927	0.717254712421	0.521024649589	0.47462542291	0.44224262929	0.514741420976	0.487191880135	0.765103914935	0.515224746254	0.485258579024	0.459642339294	0.0	0.307394876752	0.549057515708	0.517641372644	0.515224746254	0.571290478492	0.753987433543	0.695505074915	0.538424359594	0.58095698405	0.566457225713	0.65055582407	0.602706621556	0.677622039633	0.639439342678	0.589173513775	0.607539874335	0.575157080715	0.760753987434	0.666988883519	0.745770903818	0.715804736588	0.677622039633	0.717738037699	0.639439342678	0.60657322378	0.610923151281	0.634606089899	0.623972933784	0.692605123248	0.634606089899	0.692605123248	0.600289995167	0.664572257129
AG8	0.576123731271	0.608506524891	0.846302561624	0.586273562107	0.687771870469	0.56259062349	0.678105364911	0.568873852102	0.540357660706	0.599806669889	0.586273562107	0.639439342678	0.622039632673	0.747220879652	0.66892218463	0.590140164331	0.574190430159	0.579023682939	0.700821652972	0.525857902368	0.487675205413	0.47462542291	0.554857419043	0.523924601257	0.765103914935	0.508458192363	0.521024649589	0.492025132914	0.307394876752	0.0	0.572740454326	0.543257612373	0.556307394877	0.579990333494	0.757854035766	0.699855002417	0.576607056549	0.573707104882	0.576607056549	0.652005799903	0.596906718221	0.674238762687	0.638472692122	0.599323344611	0.607056549058	0.588206863219	0.768003866602	0.673272112131	0.749154180764	0.721604639923	0.691638472692	0.724987916868	0.644755920735	0.619623006283	0.619623006283	0.640405993233	0.630256162397	0.700821652972	0.642339294345	0.695021749638	0.608506524891	0.675688738521
AH7	0.575640405993	0.61575640406	0.955534074432	0.687288545191	0.706138231029	0.561623972934	0.71290478492	0.551957467376	0.540840985984	0.64813919768	0.534074432093	0.647655872402	0.628322861286	0.876268728855	0.693571773804	0.590623489609	0.521991300145	0.491058482359	0.886418559691	0.719188013533	0.569840502658	0.518124697922	0.508458192363	0.492508458192	0.837119381344	0.574673755437	0.477042049299	0.510874818753	0.549057515708	0.572740454326	0.0	0.342194296762	0.566940550991	0.613823102948	0.787336877719	0.73852102465	0.543257612373	0.651039149348	0.609956500725	0.663605606573	0.632189463509	0.769453842436	0.741904301595	0.657805703238	0.629772837119	0.606089898502	0.775253745771	0.698888351861	0.77767037216	0.737554374094	0.706138231029	0.737071048816	0.644755920735	0.624456259062	0.611889801837	0.641855969067	0.619623006283	0.714838086032	0.618173030449	0.723054615756	0.608989850169	0.702271628806
AH8	0.547124214596	0.566457225713	0.953117448043	0.648622522958	0.666988883519	0.516674722088	0.690188496858	0.51377477042	0.500241662639	0.608989850169	0.529241179314	0.609956500725	0.563073948768	0.860802319961	0.642339294345	0.553890768487	0.429676172064	0.39584340261	0.897051715805	0.720154664089	0.552440792653	0.465925567907	0.498791686805	0.484775253746	0.840502658289	0.556307394877	0.478492025133	0.477042049299	0.517641372644	0.543257612373	0.342194296762	0.0	0.506524891252	0.549540840986	0.7593040116	0.704688255196	0.535041082649	0.601739971	0.559207346544	0.62493958434	0.579507008217	0.722087965201	0.697438376027	0.609956500725	0.58095698405	0.550507491542	0.720154664089	0.646689221846	0.735137747704	0.691155147414	0.656355727405	0.683421942968	0.591106814886	0.572257129048	0.568390526825	0.59497341711	0.566940550991	0.663122281295	0.575640405993	0.679072015466	0.549540840986	0.652005799903
AA5	0.57177380377	0.498791686805	0.960850652489	0.644755920735	0.610439826003	0.443209279845	0.633156114065	0.40502658289	0.402126631223	0.543257612373	0.43740937651	0.536007733204	0.528757854036	0.869502174964	0.55775737071	0.548090865152	0.434026099565	0.433059449009	0.920734654422	0.754470758821	0.561140647656	0.481875302078	0.487191880135	0.48380860319	0.896085065249	0.594490091832	0.431126147898	0.452875785404	0.515224746254	0.556307394877	0.566940550991	0.506524891252	0.0	0.343644272595	0.683421942968	0.603673272112	0.476075398743	0.470275495408	0.474142097632	0.56259062349	0.47220879652	0.637022716288	0.602223296278	0.479942000967	0.514741420976	0.478975350411	0.714354760754	0.619139681005	0.679072015466	0.653939101015	0.646205896568	0.6805219913	0.550507491542	0.545190913485	0.550024166264	0.568873852102	0.536007733204	0.652005799903	0.56935717738	0.6389560174	0.511358144031	0.624456259062
AA6	0.587240212663	0.508458192363	0.965683905268	0.660222329628	0.629772837119	0.465442242629	0.647655872402	0.454809086515	0.461575640406	0.567907201547	0.500241662639	0.558240695988	0.530691155147	0.875785403577	0.581923634606	0.554857419043	0.473175447076	0.471242145964	0.936201063316	0.765103914935	0.599806669889	0.533591106815	0.551474142098	0.538907684872	0.908651522475	0.610923151281	0.486708554857	0.516674722088	0.571290478492	0.579990333494	0.613823102948	0.549540840986	0.343644272595	0.0	0.678105364911	0.595940067666	0.517641372644	0.494925084582	0.48622522958	0.578057032383	0.482841952634	0.667472208797	0.630256162397	0.510391493475	0.453359110681	0.427742870952	0.699371677139	0.611406476559	0.675205413243	0.65055582407	0.635572740454	0.668438859352	0.547607539874	0.536491058482	0.535041082649	0.5601739971	0.541807636539	0.643789270179	0.568873852102	0.635089415176	0.516674722088	0.620589656839
AB5	0.757854035766	0.675688738521	0.97680038666	0.727887868536	0.625422909618	0.651039149348	0.732237796037	0.65973900435	0.664088931851	0.696955050749	0.686805219913	0.619623006283	0.671822136298	0.897535041083	0.711938134364	0.708554857419	0.711938134364	0.701788303528	0.940067665539	0.815853069116	0.809086515225	0.751570807153	0.755920734654	0.749637506042	0.930884485259	0.767037216046	0.70130497825	0.72692121798	0.753987433543	0.757854035766	0.787336877719	0.7593040116	0.683421942968	0.678105364911	0.0	0.308361527308	0.623489608507	0.65973900435	0.640405993233	0.622522957951	0.614306428226	0.735137747704	0.734171097148	0.641372643789	0.627839536008	0.619623006283	0.623972933784	0.60415659739	0.62735621073	0.597390043499	0.619139681005	0.61333977767	0.608023199613	0.611406476559	0.626389560174	0.621556307395	0.666988883519	0.596423392943	0.679555340744	0.605123247946	0.693088448526	0.61575640406
AB6	0.702271628806	0.604639922668	0.970517158047	0.682455292412	0.593523441276	0.579023682939	0.666505558241	0.587723537941	0.602223296278	0.626872885452	0.631222812953	0.545190913485	0.616723054616	0.884968583857	0.641855969067	0.647172547124	0.658289028516	0.648622522958	0.929434509425	0.761720637989	0.760270662156	0.696955050749	0.695988400193	0.687771870469	0.920251329145	0.711454809087	0.645239246013	0.673272112131	0.695505074915	0.699855002417	0.73852102465	0.704688255196	0.603673272112	0.595940067666	0.308361527308	0.0	0.57177380377	0.578057032383	0.583856935718	0.5601739971	0.543740937651	0.674722087965	0.653939101015	0.551474142098	0.573707104882	0.562107298212	0.611889801837	0.543740937651	0.590140164331	0.559207346544	0.568873852102	0.589173513775	0.545674238763	0.564523924601	0.581440309328	0.579023682939	0.608989850169	0.556790720155	0.625422909618	0.552924117931	0.643305944901	0.555824069599
AC5	0.593040115998	0.547607539874	0.97680038666	0.65732237796	0.615273078782	0.460125664572	0.672788786854	0.447559207347	0.434992750121	0.582406959884	0.425326244563	0.543740937651	0.537457709038	0.885451909135	0.631706138231	0.568390526825	0.47220879652	0.456259062349	0.940067665539	0.764620589657	0.629289511841	0.547607539874	0.502658289029	0.488158530691	0.911068148864	0.609473175447	0.443209279845	0.479942000967	0.538424359594	0.576607056549	0.543257612373	0.535041082649	0.476075398743	0.517641372644	0.623489608507	0.57177380377	0.0	0.438859352344	0.448525857902	0.581440309328	0.514741420976	0.719188013533	0.671822136298	0.531657805703	0.479942000967	0.466892218463	0.617689705172	0.548090865152	0.62735621073	0.587240212663	0.564523924601	0.591106814886	0.515224746254	0.465442242629	0.485258579024	0.515224746254	0.556790720155	0.565973900435	0.575157080715	0.5601739971	0.523924601257	0.551474142098
AC6	0.608023199613	0.50700821653	0.957950700822	0.652489125181	0.587723537941	0.501691638473	0.538424359594	0.488158530691	0.515708071532	0.467375543741	0.542774287095	0.53020782987	0.540357660706	0.860802319961	0.555340744321	0.570323827936	0.565973900435	0.555340744321	0.913484775254	0.738037699372	0.647172547124	0.586273562107	0.590140164331	0.574190430159	0.898985016916	0.608023199613	0.537941034316	0.54857419043	0.58095698405	0.573707104882	0.651039149348	0.601739971	0.470275495408	0.494925084582	0.65973900435	0.578057032383	0.438859352344	0.0	0.521024649589	0.510391493475	0.483325277912	0.507491541808	0.466892218463	0.424359594007	0.552924117931	0.541324311261	0.6805219913	0.610439826003	0.665055582407	0.632672788787	0.632189463509	0.656839052682	0.575640405993	0.555340744321	0.565490575157	0.575157080715	0.550507491542	0.629772837119	0.576607056549	0.613823102948	0.555824069599	0.607056549058
AD6	0.585306911551	0.53939101015	0.97680038666	0.640405993233	0.589656839053	0.434992750121	0.637022716288	0.44900918318	0.438376027066	0.553407443209	0.461092315128	0.519574673755	0.523924601257	0.882551957467	0.610923151281	0.558240695988	0.490575157081	0.4813919768	0.94441759304	0.763653939101	0.621556307395	0.549540840986	0.557274045433	0.53939101015	0.910101498308	0.608506524891	0.503624939584	0.515708071532	0.566457225713	0.576607056549	0.609956500725	0.559207346544	0.474142097632	0.48622522958	0.640405993233	0.583856935718	0.448525857902	0.521024649589	0.0	0.537457709038	0.418076365394	0.710488158531	0.680038666022	0.528274528758	0.482358627356	0.469308844853	0.614306428226	0.525857902368	0.607056549058	0.572257129048	0.558724021266	0.58337361044	0.493475108748	0.458675688739	0.469308844853	0.492508458192	0.546640889319	0.569840502658	0.563073948768	0.563073948768	0.48622522958	0.528757854036
AE5	0.632672788787	0.520541324311	0.977283711938	0.653939101015	0.55775737071	0.55099081682	0.566457225713	0.551957467376	0.595940067666	0.532141130981	0.612373127115	0.508941517641	0.575157080715	0.879168680522	0.578057032383	0.580473658772	0.589656839053	0.601739971	0.920734654422	0.747220879652	0.722571290478	0.652005799903	0.654905751571	0.639922667956	0.874818753021	0.6389560174	0.607056549058	0.615273078782	0.65055582407	0.652005799903	0.663605606573	0.62493958434	0.56259062349	0.578057032383	0.622522957951	0.5601739971	0.581440309328	0.510391493475	0.537457709038	0.0	0.367810536491	0.614789753504	0.579507008217	0.506524891252	0.623972933784	0.612856452392	0.661672305462	0.594490091832	0.640889318511	0.612856452392	0.626872885452	0.649589173514	0.538907684872	0.549540840986	0.587723537941	0.561140647656	0.550024166264	0.621072982117	0.5601739971	0.609956500725	0.579990333494	0.60415659739
AE6	0.583856935718	0.472692121798	0.977283711938	0.611889801837	0.557274045433	0.46060898985	0.573223779604	0.455292411793	0.493475108748	0.499275012083	0.527307878202	0.495891735138	0.490575157081	0.878202029966	0.542774287095	0.53020782987	0.519574673755	0.514258095698	0.935717738038	0.754470758821	0.665055582407	0.586273562107	0.592073465442	0.578057032383	0.894635089415	0.621072982117	0.534074432093	0.550024166264	0.602706621556	0.596906718221	0.632189463509	0.579507008217	0.47220879652	0.482841952634	0.614306428226	0.543740937651	0.514741420976	0.483325277912	0.418076365394	0.367810536491	0.0	0.647172547124	0.616239729338	0.484291928468	0.532141130981	0.523441275979	0.643789270179	0.553407443209	0.615273078782	0.582406959884	0.590623489609	0.623972933784	0.500241662639	0.492508458192	0.496375060416	0.501691638473	0.496375060416	0.585790236829	0.524891251812	0.567423876269	0.502658289029	0.563073948768
AF5	0.717738037699	0.641855969067	0.934751087482	0.66892218463	0.668438859352	0.683421942968	0.565973900435	0.654905751571	0.69212179797	0.56935717738	0.72450459159	0.6389560174	0.676655389077	0.843402609957	0.608506524891	0.681971967134	0.725471242146	0.729821169647	0.872402126631	0.724987916868	0.722571290478	0.681005316578	0.726437892702	0.717738037699	0.876752054132	0.695988400193	0.705171580474	0.683421942968	0.677622039633	0.674238762687	0.769453842436	0.722087965201	0.637022716288	0.667472208797	0.735137747704	0.674722087965	0.719188013533	0.507491541808	0.710488158531	0.614789753504	0.647172547124	0.0	0.280328661189	0.549057515708	0.731754470759	0.716288061866	0.763170613823	0.720637989367	0.744804253262	0.717738037699	0.739004349928	0.749154180764	0.701788303528	0.712421459642	0.734171097148	0.716288061866	0.68293861769	0.727404543258	0.678588690188	0.710488158531	0.720637989367	0.730787820203
AF6	0.691638472692	0.606089898502	0.937167713871	0.661188980184	0.659255679072	0.653455775737	0.53697438376	0.618656355727	0.662638956017	0.547124214596	0.695505074915	0.608023199613	0.647172547124	0.843885935234	0.583856935718	0.64572257129	0.698888351861	0.700338327695	0.873852102465	0.708554857419	0.686321894635	0.649589173514	0.693571773804	0.688738521025	0.879168680522	0.666505558241	0.676172063799	0.649589173514	0.639439342678	0.638472692122	0.741904301595	0.697438376027	0.602223296278	0.630256162397	0.734171097148	0.653939101015	0.671822136298	0.466892218463	0.680038666022	0.579507008217	0.616239729338	0.280328661189	0.0	0.51619139681	0.702754954084	0.683905268246	0.7593040116	0.698405026583	0.73852102465	0.708071532141	0.707588206863	0.740454325761	0.669405509908	0.682455292412	0.699371677139	0.68293861769	0.647655872402	0.715804736588	0.645239246013	0.698405026583	0.695021749638	0.696955050749
