	AA3	AA4	AB3	AB4	AC3	AC4	AD3	AD4	AE3	AE4	AF3	AF4	AG3	AG4	AH3	AH4	AA7	AA8	AB7	AB8	AC7	AC8	AD7	AD8	AE7	AE8	AF7	AF8	AG7	AG8	AH7	AH8	AA5	AA6	AB5	AB6	AC5	AC6	AD6	AE5	AE6	AF5	AF6	AG5	AH5	AH6	AA1	AA2	AB1	AB2	AC1	AC2	AD1	AD2	AE1	AE2	AF1	AF2	AG1	AG2	AH1	AH2
AA3	0.0	0.49540840986	0.929434509425	0.644272595457	0.654422426293	0.595456742388	0.66892218463	0.593523441276	0.589173513775	0.638472692122	0.623972933784	0.610923151281	0.603189946834	0.842435959401	0.658289028516	0.338327694538	0.588690188497	0.588206863219	0.862735621073	0.709521507975	0.622039632673	0.577090381827	0.614789753504	0.59255679072	0.832769453842	0.585790236829	0.58095698405	0.578540357661	0.594490091832	0.590140164331	0.603673272112	0.569840502658	0.605123247946	0.618656355727	0.758337361044	0.683421942968	0.622039632673	0.637022716288	0.617206379894	0.64813919768	0.614306428226	0.734654422426	0.708554857419	0.618173030449	0.640405993233	0.635089415176	0.690188496858	0.65732237796	0.723054615756	0.664572257129	0.647655872402	0.676172063799	0.58095698405	0.570323827936	0.574190430159	0.568390526825	0.587240212663	0.677622039633	0.584823586274	0.658772353794	0.593040115998	0.63653939101
AA4	0.49540840986	0.0	0.940550990817	0.572257129048	0.5601739971	0.50459159014	0.561140647656	0.480908651522	0.514258095698	0.520057999033	0.572740454326	0.502658289029	0.492025132914	0.850652489125	0.371677138714	0.371193813436	0.532624456259	0.536007733204	0.885935234413	0.724021266312	0.656355727405	0.57177380377	0.589656839053	0.582890285162	0.868535524408	0.60415659739	0.551957467376	0.559207346544	0.609956500725	0.608989850169	0.62735621073	0.566940550991	0.507491541808	0.523924601257	0.6805219913	0.58337361044	0.576607056549	0.5186080232	0.548090865152	0.522957950701	0.492025132914	0.63653939101	0.589173513775	0.520541324311	0.59255679072	0.58337361044	0.644755920735	0.585306911551	0.635089415176	0.591106814886	0.594006766554	0.622039632673	0.517158047366	0.514741420976	0.521991300145	0.519574673755	0.481875302078	0.620589656839	0.509908168197	0.587240212663	0.521507974867	0.560657322378
AB3	0.929434509425	0.940550990817	0.0	0.669888835186	0.912518124698	0.948284195263	0.953117448043	0.940550990817	0.937651039149	0.952150797487	0.968100531658	0.929434509425	0.962300628323	0.365877235379	0.955050749154	0.934267762204	0.967133881102	0.969067182214	0.741904301595	0.758337361044	0.883518608023	0.910584823586	0.955050749154	0.94441759304	0.852102464959	0.895118414693	0.935717738038	0.922184630256	0.836152730788	0.834702754954	0.946350894152	0.948767520541	0.95360077332	0.9584340261	0.970033832769	0.959884001933	0.971967133881	0.947800869986	0.969550507492	0.971000483325	0.971000483325	0.92363460609	0.929434509425	0.944900918318	0.971000483325	0.96761720638	0.971483808603	0.96761720638	0.971000483325	0.971967133881	0.969067182214	0.970033832769	0.972933784437	0.971967133881	0.971967133881	0.970517158047	0.969067182214	0.970033832769	0.969067182214	0.972450459159	0.970033832769	0.970033832769
AB4	0.644272595457	0.572257129048	0.669888835186	0.0	0.623006283229	0.611889801837	0.679555340744	0.610439826003	0.618173030449	0.641372643789	0.65055582407	0.608989850169	0.4813919768	0.558724021266	0.596906718221	0.59497341711	0.629772837119	0.636056065732	0.728371193813	0.582406959884	0.660222329628	0.626872885452	0.669888835186	0.65055582407	0.792170130498	0.634606089899	0.642339294345	0.62735621073	0.561140647656	0.581923634606	0.688738521025	0.641855969067	0.637989366844	0.64813919768	0.725471242146	0.667955534074	0.656839052682	0.640889318511	0.623972933784	0.640889318511	0.614789753504	0.681488641856	0.65973900435	0.638472692122	0.686321894635	0.674722087965	0.693571773804	0.656355727405	0.681488641856	0.673272112131	0.674238762687	0.666022232963	0.626872885452	0.633639439343	0.647172547124	0.636056065732	0.631222812953	0.682455292412	0.632672788787	0.669888835186	0.640405993233	0.656839052682
AC3	0.654422426293	0.5601739971	0.912518124698	0.623006283229	0.0	0.469308844853	0.629289511841	0.545190913485	0.576123731271	0.59255679072	0.614306428226	0.313194780087	0.599323344611	0.82648622523	0.595456742388	0.599323344611	0.62493958434	0.610439826003	0.864185596907	0.738037699372	0.732237796037	0.675688738521	0.729337844369	0.695988400193	0.827936201063	0.665538907685	0.651039149348	0.679555340744	0.681005316578	0.683421942968	0.70372160464	0.649589173514	0.606089898502	0.61575640406	0.607056549058	0.562107298212	0.60415659739	0.577573707105	0.568873852102	0.550024166264	0.559690671822	0.669888835186	0.641372643789	0.561623972934	0.631222812953	0.623006283229	0.578057032383	0.582890285162	0.586756887385	0.566940550991	0.585790236829	0.579507008217	0.519574673755	0.552924117931	0.578057032383	0.556790720155	0.602706621556	0.563073948768	0.611889801837	0.579023682939	0.608989850169	0.578057032383
AC4	0.595456742388	0.50459159014	0.948284195263	0.611889801837	0.469308844853	0.0	0.607539874335	0.390526824553	0.414209763171	0.521991300145	0.335427742871	0.374577090382	0.501208313195	0.858385693572	0.567423876269	0.544707588207	0.484291928468	0.453359110681	0.914934751087	0.741420976317	0.598356694055	0.524891251812	0.536491058482	0.502174963751	0.8796520058	0.572257129048	0.479458675689	0.511358144031	0.540357660706	0.544707588207	0.558240695988	0.496375060416	0.460125664572	0.477042049299	0.634606089899	0.537457709038	0.44900918318	0.502658289029	0.422426292895	0.549057515708	0.479942000967	0.694055099082	0.654905751571	0.51619139681	0.492025132914	0.486708554857	0.623006283229	0.572740454326	0.591106814886	0.561623972934	0.564523924601	0.596423392943	0.483325277912	0.484775253746	0.494441759304	0.484775253746	0.527307878202	0.596423392943	0.550507491542	0.55099081682	0.480425326245	0.540357660706
AD3	0.66892218463	0.561140647656	0.953117448043	0.679555340744	0.629289511841	0.607539874335	0.0	0.518124697922	0.624456259062	0.348960850652	0.662155630739	0.59497341711	0.623972933784	0.868535524408	0.548090865152	0.618173030449	0.665538907685	0.673755437409	0.94441759304	0.774770420493	0.714354760754	0.674238762687	0.684871918801	0.677622039633	0.916384726921	0.666505558241	0.682455292412	0.679555340744	0.672305461576	0.668438859352	0.706138231029	0.669405509908	0.610439826003	0.62735621073	0.73852102465	0.643789270179	0.662638956017	0.53697438376	0.618656355727	0.570807153214	0.570807153214	0.550507491542	0.532141130981	0.528757854036	0.686321894635	0.674722087965	0.753020782987	0.702271628806	0.719671338811	0.696955050749	0.693088448526	0.72450459159	0.640889318511	0.643305944901	0.656355727405	0.643789270179	0.609956500725	0.721121314645	0.615273078782	0.686321894635	0.670855485742	0.677622039633
AD4	0.593523441276	0.480908651522	0.940550990817	0.610439826003	0.545190913485	0.390526824553	0.518124697922	0.0	0.325277912035	0.419526341228	0.432092798453	0.482358627356	0.500241662639	0.853069115515	0.537941034316	0.526341227646	0.476075398743	0.455775737071	0.930884485259	0.755437409377	0.582406959884	0.506524891252	0.51619139681	0.491541807637	0.901884968584	0.595456742388	0.450459159014	0.479458675689	0.51377477042	0.539874335428	0.552440792653	0.488641855969	0.40744320928	0.439342677622	0.649105848236	0.547124214596	0.440792653456	0.464958917351	0.445625906235	0.55099081682	0.454325761237	0.663122281295	0.611406476559	0.485741904302	0.492508458192	0.4813919768	0.660222329628	0.599806669889	0.626872885452	0.604639922668	0.602706621556	0.632672788787	0.49540840986	0.492025132914	0.511358144031	0.515224746254	0.507491541808	0.630739487675	0.543257612373	0.601256645723	0.489608506525	0.582890285162
AE3	0.589173513775	0.514258095698	0.937651039149	0.618173030449	0.576123731271	0.414209763171	0.624456259062	0.325277912035	0.0	0.524891251812	0.416143064282	0.512324794587	0.49540840986	0.855002416626	0.561623972934	0.546157564041	0.46060898985	0.431126147898	0.930884485259	0.757854035766	0.560657322378	0.48622522958	0.492508458192	0.479942000967	0.895601739971	0.59255679072	0.431126147898	0.471242145964	0.500724987917	0.535524407927	0.543257612373	0.478492025133	0.412759787337	0.457709038183	0.672305461576	0.588206863219	0.453359110681	0.518124697922	0.452875785404	0.607539874335	0.51619139681	0.71290478492	0.659255679072	0.533107781537	0.497341710971	0.489608506525	0.670372160464	0.612373127115	0.649589173514	0.616723054616	0.612856452392	0.64572257129	0.53020782987	0.515224746254	0.528757854036	0.526341227646	0.529724504592	0.647172547124	0.567907201547	0.606089898502	0.49299178347	0.593523441276
AE4	0.638472692122	0.520057999033	0.952150797487	0.641372643789	0.59255679072	0.521991300145	0.348960850652	0.419526341228	0.524891251812	0.0	0.581440309328	0.550507491542	0.571290478492	0.863218946351	0.529241179314	0.574673755437	0.585306911551	0.589656839053	0.949734171097	0.772837119381	0.663122281295	0.595456742388	0.601256645723	0.579507008217	0.911068148864	0.608506524891	0.597390043499	0.589173513775	0.59255679072	0.605123247946	0.643305944901	0.58337361044	0.531174480425	0.547607539874	0.70130497825	0.598840019333	0.56935717738	0.47220879652	0.534074432093	0.537457709038	0.501691638473	0.600289995167	0.554374093765	0.511358144031	0.598840019333	0.593040115998	0.713388110198	0.653939101015	0.686321894635	0.665055582407	0.661672305462	0.687288545191	0.584340260996	0.576607056549	0.587723537941	0.589173513775	0.563073948768	0.691155147414	0.574673755437	0.667955534074	0.582406959884	0.639922667956
AF3	0.623972933784	0.572740454326	0.968100531658	0.65055582407	0.614306428226	0.335427742871	0.662155630739	0.432092798453	0.416143064282	0.581440309328	0.0	0.515224746254	0.532624456259	0.880135331078	0.615273078782	0.596423392943	0.44900918318	0.429192846786	0.956500724988	0.782986950217	0.597390043499	0.535524407927	0.457225712905	0.436926051232	0.9212179797	0.614789753504	0.44224262929	0.494925084582	0.540357660706	0.573223779604	0.52537457709	0.49540840986	0.446109231513	0.501208313195	0.672305461576	0.598840019333	0.424842919285	0.54857419043	0.455775737071	0.621072982117	0.534074432093	0.743354277429	0.702271628806	0.56259062349	0.495891735138	0.491541807637	0.667472208797	0.60657322378	0.651039149348	0.612373127115	0.604639922668	0.637022716288	0.536007733204	0.506524891252	0.519574673755	0.521024649589	0.567907201547	0.647172547124	0.585306911551	0.595456742388	0.496858385694	0.579507008217
AF4	0.610923151281	0.502658289029	0.929434509425	0.608989850169	0.313194780087	0.374577090382	0.59497341711	0.482358627356	0.512324794587	0.550507491542	0.515224746254	0.0	0.552440792653	0.841952634123	0.539874335428	0.549057515708	0.574673755437	0.558240695988	0.884968583857	0.718221362977	0.69453842436	0.623489608507	0.662155630739	0.630256162397	0.854035766071	0.62493958434	0.593523441276	0.62493958434	0.635572740454	0.642822619623	0.656839052682	0.601256645723	0.551957467376	0.56259062349	0.614306428226	0.522474625423	0.550024166264	0.542774287095	0.511358144031	0.510874818753	0.512808119865	0.654905751571	0.618173030449	0.511841469309	0.573223779604	0.561623972934	0.589173513775	0.543740937651	0.56935717738	0.524891251812	0.548090865152	0.570323827936	0.484291928468	0.511841469309	0.52779120348	0.510874818753	0.544707588207	0.565973900435	0.562107298212	0.529241179314	0.544707588207	0.52779120348
AG3	0.603189946834	0.492025132914	0.962300628323	0.4813919768	0.599323344611	0.501208313195	0.623972933784	0.500241662639	0.49540840986	0.571290478492	0.532624456259	0.552440792653	0.0	0.841952634123	0.522474625423	0.543257612373	0.523924601257	0.503141614306	0.937651039149	0.764137264379	0.660705654906	0.586756887385	0.59255679072	0.59255679072	0.893668438859	0.630739487675	0.536491058482	0.579023682939	0.607539874335	0.620106331561	0.638472692122	0.572740454326	0.526824552924	0.512324794587	0.666505558241	0.587240212663	0.529241179314	0.543257612373	0.507974867086	0.573707104882	0.50459159014	0.688738521025	0.647172547124	0.542774287095	0.564523924601	0.55775737071	0.62735621073	0.584823586274	0.612856452392	0.599323344611	0.589656839053	0.602706621556	0.5186080232	0.512808119865	0.533107781537	0.524891251812	0.527307878202	0.618656355727	0.5601739971	0.592073465442	0.516674722088	0.573223779604
AG4	0.842435959401	0.850652489125	0.365877235379	0.558724021266	0.82648622523	0.858385693572	0.868535524408	0.853069115515	0.855002416626	0.863218946351	0.880135331078	0.841952634123	0.841952634123	0.0	0.869502174964	0.84726921218	0.886418559691	0.886418559691	0.708554857419	0.683905268246	0.811503141614	0.836152730788	0.877718704688	0.869985500242	0.822136297728	0.815369743838	0.857902368294	0.846785886902	0.762203963267	0.743354277429	0.874818753021	0.863218946351	0.871918801353	0.870952150797	0.893668438859	0.881585306912	0.886901884969	0.856935717738	0.881585306912	0.880135331078	0.877718704688	0.842435959401	0.845819236346	0.861285645239	0.890768487192	0.881585306912	0.881101981634	0.884001933301	0.886418559691	0.881585306912	0.894635089415	0.884968583857	0.89125181247	0.886418559691	0.892218463026	0.889318511358	0.884485258579	0.884001933301	0.880618656356	0.883518608023	0.889318511358	0.885935234413
AH3	0.658289028516	0.371677138714	0.955050749154	0.596906718221	0.595456742388	0.567423876269	0.548090865152	0.537941034316	0.561623972934	0.529241179314	0.615273078782	0.539874335428	0.522474625423	0.869502174964	0.0	0.52537457709	0.581923634606	0.587723537941	0.930884485259	0.767520541324	0.702754954084	0.631222812953	0.634606089899	0.642339294345	0.906234896085	0.673272112131	0.626872885452	0.635572740454	0.661188980184	0.670855485742	0.693088448526	0.630256162397	0.53697438376	0.570807153214	0.717254712421	0.620589656839	0.623972933784	0.553890768487	0.593040115998	0.551957467376	0.553407443209	0.604639922668	0.562107298212	0.551474142098	0.65055582407	0.635572740454	0.695021749638	0.635089415176	0.657805703238	0.642822619623	0.64813919768	0.66892218463	0.588690188497	0.589173513775	0.597390043499	0.597873368777	0.557274045433	0.670372160464	0.582406959884	0.634606089899	0.589656839053	0.608023199613
AH4	0.338327694538	0.371193813436	0.934267762204	0.59497341711	0.599323344611	0.544707588207	0.618173030449	0.526341227646	0.546157564041	0.574673755437	0.596423392943	0.549057515708	0.543257612373	0.84726921218	0.52537457709	0.0	0.55099081682	0.5601739971	0.86563557274	0.713388110198	0.647655872402	0.575640405993	0.59497341711	0.590623489609	0.843885935234	0.587723537941	0.56935717738	0.563557274045	0.587723537941	0.595456742388	0.608023199613	0.558240695988	0.554857419043	0.561140647656	0.707104881585	0.616723054616	0.599323344611	0.570807153214	0.574190430159	0.577573707105	0.541807636539	0.683421942968	0.643305944901	0.567907201547	0.614306428226	0.604639922668	0.66892218463	0.607056549058	0.665055582407	0.61333977767	0.614789753504	0.63653939101	0.537941034316	0.53939101015	0.543740937651	0.541324311261	0.515224746254	0.637989366844	0.527307878202	0.608023199613	0.555340744321	0.592073465442
AA7	0.588690188497	0.532624456259	0.967133881102	0.629772837119	0.62493958434	0.484291928468	0.665538907685	0.476075398743	0.46060898985	0.585306911551	0.44900918318	0.574673755437	0.523924601257	0.886418559691	0.581923634606	0.55099081682	0.0	0.29627839536	0.916868052199	0.757854035766	0.585790236829	0.511841469309	0.470758820686	0.467858869019	0.871918801353	0.584823586274	0.440309328178	0.471725471242	0.523441275979	0.559690671822	0.501208313195	0.415176413726	0.438376027066	0.505074915418	0.725954567424	0.652489125181	0.481875302078	0.570807153214	0.514741420976	0.614789753504	0.552924117931	0.740937651039	0.691638472692	0.591590140164	0.545674238763	0.546157564041	0.677138714355	0.630739487675	0.677138714355	0.637989366844	0.603189946834	0.635572740454	0.532141130981	0.521507974867	0.53697438376	0.534557757371	0.529241179314	0.643789270179	0.543740937651	0.639439342678	0.508458192363	0.598840019333
AA8	0.588206863219	0.536007733204	0.969067182214	0.636056065732	0.610439826003	0.453359110681	0.673755437409	0.455775737071	0.431126147898	0.589656839053	0.429192846786	0.558240695988	0.503141614306	0.886418559691	0.587723537941	0.5601739971	0.29627839536	0.0	0.922667955534	0.7593040116	0.577573707105	0.502174963751	0.478975350411	0.474142097632	0.866118898018	0.574673755437	0.418076365394	0.459159014016	0.521024649589	0.555824069599	0.471725471242	0.368293861769	0.424359594007	0.488158530691	0.706621556307	0.636056065732	0.456742387627	0.558724021266	0.493475108748	0.609956500725	0.532141130981	0.749637506042	0.70130497825	0.572740454326	0.520541324311	0.518124697922	0.652489125181	0.601256645723	0.664088931851	0.617689705172	0.583856935718	0.617206379894	0.510391493475	0.498308361527	0.512808119865	0.513291445143	0.526824552924	0.62493958434	0.551474142098	0.609956500725	0.482841952634	0.574190430159
AB7	0.862735621073	0.885935234413	0.741904301595	0.728371193813	0.864185596907	0.914934751087	0.94441759304	0.930884485259	0.930884485259	0.949734171097	0.956500724988	0.884968583857	0.937651039149	0.708554857419	0.930884485259	0.86563557274	0.916868052199	0.922667955534	0.0	0.402126631223	0.819236346061	0.845819236346	0.941034316095	0.918801353311	0.740937651039	0.815369743838	0.886901884969	0.873368777187	0.731271145481	0.696471725471	0.881585306912	0.893668438859	0.927984533591	0.938134364427	0.940550990817	0.939101014983	0.947317544708	0.920734654422	0.95360077332	0.925567907202	0.939584340261	0.872885451909	0.873368777187	0.913001449976	0.963750604157	0.952150797487	0.926051232479	0.927501208313	0.941517641373	0.925567907202	0.929917834703	0.9212179797	0.917351377477	0.916384726921	0.918318028033	0.913001449976	0.923151280812	0.915901401643	0.918318028033	0.919768003867	0.949734171097	0.928467858869
AB8	0.709521507975	0.724021266312	0.758337361044	0.582406959884	0.738037699372	0.741420976317	0.774770420493	0.755437409377	0.757854035766	0.772837119381	0.782986950217	0.718221362977	0.764137264379	0.683905268246	0.767520541324	0.713388110198	0.757854035766	0.7593040116	0.402126631223	0.0	0.652972450459	0.670855485742	0.760753987434	0.740937651039	0.731754470759	0.652005799903	0.712421459642	0.697438376027	0.532141130981	0.527307878202	0.728854519091	0.728371193813	0.761237312711	0.769453842436	0.811503141614	0.769937167714	0.773803769937	0.74528757854	0.771870468826	0.758337361044	0.763653939101	0.720154664089	0.717254712421	0.737071048816	0.78927017883	0.780570323828	0.811503141614	0.768003866602	0.80328661189	0.75688738521	0.77090381827	0.78250362494	0.7593040116	0.761720637989	0.763170613823	0.758337361044	0.753020782987	0.78008699855	0.754954084099	0.760270662156	0.778153697438	0.766070565491
AC7	0.622039632673	0.656355727405	0.883518608023	0.660222329628	0.732237796037	0.598356694055	0.714354760754	0.582406959884	0.560657322378	0.663122281295	0.597390043499	0.69453842436	0.660705654906	0.811503141614	0.702754954084	0.647655872402	0.585790236829	0.577573707105	0.819236346061	0.652972450459	0.0	0.3610439826	0.570323827936	0.574190430159	0.819719671339	0.578540357661	0.538424359594	0.503141614306	0.4813919768	0.483325277912	0.566940550991	0.540357660706	0.558240695988	0.596423392943	0.812953117448	0.735621072982	0.630256162397	0.638472692122	0.625422909618	0.727404543258	0.666988883519	0.72692121798	0.70130497825	0.657805703238	0.630256162397	0.623972933784	0.826969550507	0.767037216046	0.802319961334	0.783953600773	0.754954084099	0.790236829386	0.683421942968	0.666022232963	0.678105364911	0.678588690188	0.666988883519	0.799420009667	0.687288545191	0.768970517158	0.623006283229	0.751570807153
AC8	0.577090381827	0.57177380377	0.910584823586	0.626872885452	0.675688738521	0.524891251812	0.674238762687	0.506524891252	0.48622522958	0.595456742388	0.535524407927	0.623489608507	0.586756887385	0.836152730788	0.631222812953	0.575640405993	0.511841469309	0.502174963751	0.845819236346	0.670855485742	0.3610439826	0.0	0.494441759304	0.494925084582	0.840502658289	0.540840985984	0.404059932334	0.383276945384	0.444659255679	0.463992266796	0.528757854036	0.475592073465	0.479458675689	0.521991300145	0.735137747704	0.660705654906	0.555340744321	0.572257129048	0.54857419043	0.651039149348	0.58337361044	0.702754954084	0.656355727405	0.585790236829	0.55775737071	0.554857419043	0.741420976317	0.673755437409	0.72692121798	0.706621556307	0.669888835186	0.699855002417	0.600289995167	0.58095698405	0.590623489609	0.589173513775	0.577573707105	0.706621556307	0.600773320445	0.693088448526	0.541324311261	0.658289028516
AD7	0.614789753504	0.589656839053	0.955050749154	0.669888835186	0.729337844369	0.536491058482	0.684871918801	0.51619139681	0.492508458192	0.601256645723	0.457225712905	0.662155630739	0.59255679072	0.877718704688	0.634606089899	0.59497341711	0.470758820686	0.478975350411	0.941034316095	0.760753987434	0.570323827936	0.494441759304	0.0	0.291445142581	0.90285161914	0.524891251812	0.436926051232	0.467375543741	0.505558240696	0.546640889319	0.507491541808	0.480908651522	0.483325277912	0.544224262929	0.755437409377	0.669405509908	0.521024649589	0.594006766554	0.560657322378	0.666022232963	0.602223296278	0.744320927985	0.710004833253	0.614789753504	0.56259062349	0.560657322378	0.763653939101	0.692605123248	0.748670855486	0.723054615756	0.687771870469	0.714838086032	0.618173030449	0.601739971	0.607539874335	0.616239729338	0.590140164331	0.734654422426	0.618173030449	0.706621556307	0.570323827936	0.683421942968
AD8	0.59255679072	0.582890285162	0.94441759304	0.65055582407	0.695988400193	0.502174963751	0.677622039633	0.491541807637	0.479942000967	0.579507008217	0.436926051232	0.630256162397	0.59255679072	0.869985500242	0.642339294345	0.590623489609	0.467858869019	0.474142097632	0.918801353311	0.740937651039	0.574190430159	0.494925084582	0.291445142581	0.0	0.860802319961	0.490091831803	0.420492991783	0.441275978734	0.480908651522	0.516674722088	0.502174963751	0.479942000967	0.484291928468	0.53939101015	0.739004349928	0.648622522958	0.497825036249	0.568390526825	0.540357660706	0.642822619623	0.582890285162	0.73610439826	0.690671822136	0.578540357661	0.546640889319	0.555340744321	0.739971000483	0.665055582407	0.723054615756	0.695021749638	0.662155630739	0.690671822136	0.599323344611	0.584340260996	0.590140164331	0.590623489609	0.584823586274	0.704204929918	0.59497341711	0.679555340744	0.556307394877	0.658289028516
AE7	0.832769453842	0.868535524408	0.852102464959	0.792170130498	0.827936201063	0.8796520058	0.916384726921	0.901884968584	0.895601739971	0.911068148864	0.9212179797	0.854035766071	0.893668438859	0.822136297728	0.906234896085	0.843885935234	0.871918801353	0.866118898018	0.740937651039	0.731754470759	0.819719671339	0.840502658289	0.90285161914	0.860802319961	0.0	0.540840985984	0.864668922185	0.852102464959	0.767037216046	0.760270662156	0.839052682455	0.83566940551	0.901884968584	0.912518124698	0.929434509425	0.914934751087	0.916868052199	0.898985016916	0.922667955534	0.877718704688	0.903818269696	0.867085548574	0.881101981634	0.8796520058	0.934267762204	0.927017883035	0.896085065249	0.908651522475	0.9212179797	0.889318511358	0.90285161914	0.897051715805	0.893668438859	0.896085065249	0.902368293862	0.890768487192	0.905751570807	0.890285161914	0.896568390527	0.898018366361	0.920251329145	0.903334944418
AE8	0.585790236829	0.60415659739	0.895118414693	0.634606089899	0.665538907685	0.572257129048	0.666505558241	0.595456742388	0.59255679072	0.608506524891	0.614789753504	0.62493958434	0.630739487675	0.815369743838	0.673272112131	0.587723537941	0.584823586274	0.574673755437	0.815369743838	0.652005799903	0.578540357661	0.540840985984	0.524891251812	0.490091831803	0.540840985984	0.0	0.558724021266	0.550024166264	0.518124697922	0.507491541808	0.565007249879	0.536491058482	0.601256645723	0.612373127115	0.760753987434	0.680038666022	0.618656355727	0.596906718221	0.620589656839	0.637989366844	0.614789753504	0.698405026583	0.676172063799	0.606089898502	0.628322861286	0.622522957951	0.743354277429	0.683905268246	0.748187530208	0.695505074915	0.677622039633	0.702271628806	0.635572740454	0.608506524891	0.617689705172	0.618656355727	0.62735621073	0.711938134364	0.629772837119	0.686805219913	0.611889801837	0.664088931851
AF7	0.58095698405	0.551957467376	0.935717738038	0.642339294345	0.651039149348	0.479458675689	0.682455292412	0.450459159014	0.431126147898	0.597390043499	0.44224262929	0.593523441276	0.536491058482	0.857902368294	0.626872885452	0.56935717738	0.440309328178	0.418076365394	0.886901884969	0.712421459642	0.538424359594	0.404059932334	0.436926051232	0.420492991783	0.864668922185	0.558724021266	0.0	0.325761237313	0.470275495408	0.507491541808	0.482358627356	0.457225712905	0.420976317061	0.478975350411	0.687771870469	0.617689705172	0.461575640406	0.537941034316	0.505558240696	0.617206379894	0.533591106815	0.722571290478	0.675205413243	0.553407443209	0.517641372644	0.513291445143	0.68293861769	0.615273078782	0.681488641856	0.655872402127	0.621072982117	0.641372643789	0.552440792653	0.52537457709	0.536491058482	0.540357660706	0.544224262929	0.653455775737	0.574190430159	0.640405993233	0.496858385694	0.604639922668
AF8	0.578540357661	0.559207346544	0.922184630256	0.62735621073	0.679555340744	0.511358144031	0.679555340744	0.479458675689	0.471242145964	0.589173513775	0.494925084582	0.62493958434	0.579023682939	0.846785886902	0.635572740454	0.563557274045	0.471725471242	0.459159014016	0.873368777187	0.697438376027	0.503141614306	0.383276945384	0.467375543741	0.441275978734	0.852102464959	0.550024166264	0.325761237313	0.0	0.444659255679	0.478008699855	0.494925084582	0.451909134848	0.460125664572	0.526341227646	0.721121314645	0.647655872402	0.494925084582	0.551957467376	0.543257612373	0.625906234896	0.561623972934	0.702754954084	0.652972450459	0.563557274045	0.550024166264	0.548090865152	0.709521507975	0.644272595457	0.708071532141	0.687288545191	0.64813919768	0.669888835186	0.585306911551	0.55775737071	0.572257129048	0.572740454326	0.558724021266	0.680038666022	0.574190430159	0.669888835186	0.521507974867	0.637989366844
AG7	0.594490091832	0.609956500725	0.836152730788	0.561140647656	0.681005316578	0.540357660706	0.672305461576	0.51377477042	0.500724987917	0.59255679072	0.540357660706	0.635572740454	0.607539874335	0.762203963267	0.661188980184	0.587723537941	0.523441275979	0.521024649589	0.731271145481	0.532141130981	0.4813919768	0.444659255679	0.505558240696	0.480908651522	0.767037216046	0.518124697922	0.470275495408	0.444659255679	0.0	0.299661672305	0.53020782987	0.499275012083	0.509424842919	0.565973900435	0.756404059932	0.670855485742	0.529724504592	0.575157080715	0.57177380377	0.655872402127	0.596423392943	0.688738521025	0.64572257129	0.581440309328	0.587240212663	0.594006766554	0.75688738521	0.686321894635	0.73852102465	0.711938134364	0.677138714355	0.715804736588	0.623972933784	0.610923151281	0.612373127115	0.618656355727	0.618173030449	0.725954567424	0.62735621073	0.695021749638	0.589656839053	0.674238762687
AG8	0.590140164331	0.608989850169	0.834702754954	0.581923634606	0.683421942968	0.544707588207	0.668438859352	0.539874335428	0.535524407927	0.605123247946	0.573223779604	0.642822619623	0.620106331561	0.743354277429	0.670855485742	0.595456742388	0.559690671822	0.555824069599	0.696471725471	0.527307878202	0.483325277912	0.463992266796	0.546640889319	0.516674722088	0.760270662156	0.507491541808	0.507491541808	0.478008699855	0.299661672305	0.0	0.551957467376	0.532624456259	0.544224262929	0.581440309328	0.76848719188	0.683421942968	0.566457225713	0.578540357661	0.584340260996	0.660222329628	0.604639922668	0.683905268246	0.650072498792	0.598840019333	0.599323344611	0.608989850169	0.767520541324	0.696471725471	0.748670855486	0.721604639923	0.68970517158	0.726437892702	0.641372643789	0.625906234896	0.629772837119	0.63653939101	0.633639439343	0.73852102465	0.637022716288	0.706621556307	0.602706621556	0.681005316578
AH7	0.603673272112	0.62735621073	0.946350894152	0.688738521025	0.70372160464	0.558240695988	0.706138231029	0.552440792653	0.543257612373	0.643305944901	0.52537457709	0.656839052682	0.638472692122	0.874818753021	0.693088448526	0.608023199613	0.501208313195	0.471725471242	0.881585306912	0.728854519091	0.566940550991	0.528757854036	0.507491541808	0.502174963751	0.839052682455	0.565007249879	0.482358627356	0.494925084582	0.53020782987	0.551957467376	0.0	0.319961333978	0.56259062349	0.612373127115	0.779603673272	0.71532141131	0.555340744321	0.643305944901	0.616239729338	0.678588690188	0.634122764621	0.771387143548	0.752537457709	0.653455775737	0.619623006283	0.623006283229	0.766070565491	0.718221362977	0.766553890768	0.721604639923	0.705171580474	0.731754470759	0.628322861286	0.616239729338	0.620106331561	0.630739487675	0.627839536008	0.741904301595	0.622039632673	0.706138231029	0.607539874335	0.701788303528
AH8	0.569840502658	0.566940550991	0.948767520541	0.641855969067	0.649589173514	0.496375060416	0.669405509908	0.488641855969	0.478492025133	0.58337361044	0.49540840986	0.601256645723	0.572740454326	0.863218946351	0.630256162397	0.558240695988	0.415176413726	0.368293861769	0.893668438859	0.728371193813	0.540357660706	0.475592073465	0.480908651522	0.479942000967	0.83566940551	0.536491058482	0.457225712905	0.451909134848	0.499275012083	0.532624456259	0.319961333978	0.0	0.490091831803	0.538907684872	0.735137747704	0.659255679072	0.511841469309	0.578057032383	0.548090865152	0.617689705172	0.56935717738	0.737554374094	0.688738521025	0.59497341711	0.5601739971	0.552924117931	0.711454809087	0.660222329628	0.719188013533	0.664572257129	0.647655872402	0.666505558241	0.569840502658	0.546640889319	0.564523924601	0.566940550991	0.562107298212	0.677622039633	0.570807153214	0.657805703238	0.534557757371	0.639439342678
AA5	0.605123247946	0.507491541808	0.95360077332	0.637989366844	0.606089898502	0.460125664572	0.610439826003	0.40744320928	0.412759787337	0.531174480425	0.446109231513	0.551957467376	0.526824552924	0.871918801353	0.53697438376	0.554857419043	0.438376027066	0.424359594007	0.927984533591	0.761237312711	0.558240695988	0.479458675689	0.483325277912	0.484291928468	0.901884968584	0.601256645723	0.420976317061	0.460125664572	0.509424842919	0.544224262929	0.56259062349	0.490091831803	0.0	0.359594006767	0.689221846303	0.582406959884	0.474142097632	0.460125664572	0.473658772354	0.556790720155	0.470275495408	0.647655872402	0.593523441276	0.480425326245	0.520541324311	0.494925084582	0.705654905752	0.646205896568	0.67133881102	0.647172547124	0.647172547124	0.675205413243	0.523441275979	0.550507491542	0.565007249879	0.55099081682	0.514741420976	0.677622039633	0.566940550991	0.635089415176	0.505074915418	0.619623006283
AA6	0.618656355727	0.523924601257	0.9584340261	0.64813919768	0.61575640406	0.477042049299	0.62735621073	0.439342677622	0.457709038183	0.547607539874	0.501208313195	0.56259062349	0.512324794587	0.870952150797	0.570807153214	0.561140647656	0.505074915418	0.488158530691	0.938134364427	0.769453842436	0.596423392943	0.521991300145	0.544224262929	0.53939101015	0.912518124698	0.612373127115	0.478975350411	0.526341227646	0.565973900435	0.581440309328	0.612373127115	0.538907684872	0.359594006767	0.0	0.672305461576	0.565490575157	0.506524891252	0.486708554857	0.481875302078	0.580473658772	0.49540840986	0.678105364911	0.62493958434	0.508458192363	0.447075882069	0.427742870952	0.684871918801	0.631222812953	0.654422426293	0.639439342678	0.625422909618	0.652489125181	0.523924601257	0.53020782987	0.541807636539	0.540357660706	0.52779120348	0.655389076849	0.574673755437	0.622522957951	0.515224746254	0.604639922668
AB5	0.758337361044	0.6805219913	0.970033832769	0.725471242146	0.607056549058	0.634606089899	0.73852102465	0.649105848236	0.672305461576	0.70130497825	0.672305461576	0.614306428226	0.666505558241	0.893668438859	0.717254712421	0.707104881585	0.725954567424	0.706621556307	0.940550990817	0.811503141614	0.812953117448	0.735137747704	0.755437409377	0.739004349928	0.929434509425	0.760753987434	0.687771870469	0.721121314645	0.756404059932	0.76848719188	0.779603673272	0.735137747704	0.689221846303	0.672305461576	0.0	0.32866118898	0.618173030449	0.662638956017	0.628322861286	0.641855969067	0.620106331561	0.756404059932	0.740454325761	0.649589173514	0.614306428226	0.60415659739	0.603189946834	0.608989850169	0.617206379894	0.598840019333	0.61333977767	0.60415659739	0.608023199613	0.602223296278	0.632672788787	0.618656355727	0.663605606573	0.59497341711	0.665538907685	0.601739971	0.670372160464	0.600773320445
AB6	0.683421942968	0.58337361044	0.959884001933	0.667955534074	0.562107298212	0.537457709038	0.643789270179	0.547124214596	0.588206863219	0.598840019333	0.598840019333	0.522474625423	0.587240212663	0.881585306912	0.620589656839	0.616723054616	0.652489125181	0.636056065732	0.939101014983	0.769937167714	0.735621072982	0.660705654906	0.669405509908	0.648622522958	0.914934751087	0.680038666022	0.617689705172	0.647655872402	0.670855485742	0.683421942968	0.71532141131	0.659255679072	0.582406959884	0.565490575157	0.32866118898	0.0	0.54857419043	0.554374093765	0.547607539874	0.550507491542	0.539874335428	0.67133881102	0.631706138231	0.520541324311	0.53697438376	0.520541324311	0.59497341711	0.550024166264	0.574673755437	0.549540840986	0.554374093765	0.582406959884	0.521991300145	0.544224262929	0.578540357661	0.55775737071	0.578540357661	0.572740454326	0.595456742388	0.542774287095	0.604639922668	0.532141130981
AC5	0.622039632673	0.576607056549	0.971967133881	0.656839052682	0.60415659739	0.44900918318	0.662638956017	0.440792653456	0.453359110681	0.56935717738	0.424842919285	0.550024166264	0.529241179314	0.886901884969	0.623972933784	0.599323344611	0.481875302078	0.456742387627	0.947317544708	0.773803769937	0.630256162397	0.555340744321	0.521024649589	0.497825036249	0.916868052199	0.618656355727	0.461575640406	0.494925084582	0.529724504592	0.566457225713	0.555340744321	0.511841469309	0.474142097632	0.506524891252	0.618173030449	0.54857419043	0.0	0.435476075399	0.457709038183	0.591106814886	0.512324794587	0.727404543258	0.670372160464	0.538424359594	0.465442242629	0.46979217013	0.608023199613	0.566457225713	0.613823102948	0.57177380377	0.558724021266	0.591106814886	0.494925084582	0.484291928468	0.49540840986	0.491541807637	0.56259062349	0.603673272112	0.572257129048	0.568390526825	0.514741420976	0.540840985984
AC6	0.637022716288	0.5186080232	0.947800869986	0.640889318511	0.577573707105	0.502658289029	0.53697438376	0.464958917351	0.518124697922	0.47220879652	0.54857419043	0.542774287095	0.543257612373	0.856935717738	0.553890768487	0.570807153214	0.570807153214	0.558724021266	0.920734654422	0.74528757854	0.638472692122	0.572257129048	0.594006766554	0.568390526825	0.898985016916	0.596906718221	0.537941034316	0.551957467376	0.575157080715	0.578540357661	0.643305944901	0.578057032383	0.460125664572	0.486708554857	0.662638956017	0.554374093765	0.435476075399	0.0	0.516674722088	0.515224746254	0.490091831803	0.519574673755	0.46302561624	0.424842919285	0.550507491542	0.537941034316	0.680038666022	0.635572740454	0.65732237796	0.627839536008	0.631222812953	0.662155630739	0.567907201547	0.559690671822	0.57177380377	0.573223779604	0.547607539874	0.663122281295	0.567907201547	0.612373127115	0.546640889319	0.616723054616
AD6	0.617206379894	0.548090865152	0.969550507492	0.623972933784	0.568873852102	0.422426292895	0.618656355727	0.445625906235	0.452875785404	0.534074432093	0.455775737071	0.511358144031	0.507974867086	0.881585306912	0.593040115998	0.574190430159	0.514741420976	0.493475108748	0.95360077332	0.771870468826	0.625422909618	0.54857419043	0.560657322378	0.540357660706	0.922667955534	0.620589656839	0.505558240696	0.543257612373	0.57177380377	0.584340260996	0.616239729338	0.548090865152	0.473658772354	0.481875302078	0.628322861286	0.547607539874	0.457709038183	0.516674722088	0.0	0.556307394877	0.423876268729	0.71290478492	0.666022232963	0.540357660706	0.463992266796	0.462542290962	0.60415659739	0.551474142098	0.579507008217	0.560657322378	0.556790720155	0.584340260996	0.465925567907	0.455292411793	0.478492025133	0.463992266796	0.537457709038	0.594490091832	0.545190913485	0.565973900435	0.46979217013	0.534557757371
AE5	0.64813919768	0.522957950701	0.971000483325	0.640889318511	0.550024166264	0.549057515708	0.570807153214	0.55099081682	0.607539874335	0.537457709038	0.621072982117	0.510874818753	0.573707104882	0.880135331078	0.551957467376	0.577573707105	0.614789753504	0.609956500725	0.925567907202	0.758337361044	0.727404543258	0.651039149348	0.666022232963	0.642822619623	0.877718704688	0.637989366844	0.617206379894	0.625906234896	0.655872402127	0.660222329628	0.678588690188	0.617689705172	0.556790720155	0.580473658772	0.641855969067	0.550507491542	0.591106814886	0.515224746254	0.556307394877	0.0	0.365877235379	0.629289511841	0.579507008217	0.505558240696	0.636056065732	0.617689705172	0.659255679072	0.613823102948	0.631222812953	0.603673272112	0.61333977767	0.652489125181	0.541324311261	0.566940550991	0.591590140164	0.566457225713	0.549540840986	0.640405993233	0.568390526825	0.596423392943	0.578540357661	0.600289995167
AE6	0.614306428226	0.492025132914	0.971000483325	0.614789753504	0.559690671822	0.479942000967	0.570807153214	0.454325761237	0.51619139681	0.501691638473	0.534074432093	0.512808119865	0.50459159014	0.877718704688	0.553407443209	0.541807636539	0.552924117931	0.532141130981	0.939584340261	0.763653939101	0.666988883519	0.58337361044	0.602223296278	0.582890285162	0.903818269696	0.614789753504	0.533591106815	0.561623972934	0.596423392943	0.604639922668	0.634122764621	0.56935717738	0.470275495408	0.49540840986	0.620106331561	0.539874335428	0.512324794587	0.490091831803	0.423876268729	0.365877235379	0.0	0.665055582407	0.614306428226	0.489608506525	0.544707588207	0.533591106815	0.64572257129	0.582406959884	0.614306428226	0.586273562107	0.59255679072	0.620589656839	0.48380860319	0.487191880135	0.516674722088	0.507974867086	0.50700821653	0.624456259062	0.534557757371	0.580473658772	0.496858385694	0.572740454326
AF5	0.734654422426	0.63653939101	0.92363460609	0.681488641856	0.669888835186	0.694055099082	0.550507491542	0.663122281295	0.71290478492	0.600289995167	0.743354277429	0.654905751571	0.688738521025	0.842435959401	0.604639922668	0.683421942968	0.740937651039	0.749637506042	0.872885451909	0.720154664089	0.72692121798	0.702754954084	0.744320927985	0.73610439826	0.867085548574	0.698405026583	0.722571290478	0.702754954084	0.688738521025	0.683905268246	0.771387143548	0.737554374094	0.647655872402	0.678105364911	0.756404059932	0.67133881102	0.727404543258	0.519574673755	0.71290478492	0.629289511841	0.665055582407	0.0	0.302561623973	0.559690671822	0.740454325761	0.730304494925	0.769453842436	0.742387626873	0.753020782987	0.722571290478	0.749154180764	0.766070565491	0.711938134364	0.740454325761	0.746737554374	0.731754470759	0.691155147414	0.757370710488	0.697921701305	0.715804736588	0.730304494925	0.736587723538
AF6	0.708554857419	0.589173513775	0.929434509425	0.65973900435	0.641372643789	0.654905751571	0.532141130981	0.611406476559	0.659255679072	0.554374093765	0.702271628806	0.618173030449	0.647172547124	0.845819236346	0.562107298212	0.643305944901	0.691638472692	0.70130497825	0.873368777187	0.717254712421	0.70130497825	0.656355727405	0.710004833253	0.690671822136	0.881101981634	0.676172063799	0.675205413243	0.652972450459	0.64572257129	0.650072498792	0.752537457709	0.688738521025	0.593523441276	0.62493958434	0.740454325761	0.631706138231	0.670372160464	0.46302561624	0.666022232963	0.579507008217	0.614306428226	0.302561623973	0.0	0.510874818753	0.69212179797	0.685355244079	0.753987433543	0.710488158531	0.718221362977	0.685355244079	0.702271628806	0.73368777187	0.663605606573	0.690671822136	0.698405026583	0.685355244079	0.641372643789	0.726437892702	0.649105848236	0.676172063799	0.685355244079	0.687771870469
