	AA3	AA4	AB3	AB4	AC3	AC4	AD3	AD4	AE3	AE4	AF3	AF4	AG3	AG4	AH3	AH4	AA7	AA8	AB7	AB8	AC7	AC8	AD7	AD8	AE7	AE8	AF7	AF8	AG7	AG8	AH7	AH8	AA5	AA6	AB5	AB6	AC5	AC6	AD6	AE5	AE6	AF5	AF6	AG5	AH5	AH6	AA1	AA2	AB1	AB2	AC1	AC2	AD1	AD2	AE1	AE2	AF1	AF2	AG1	AG2	AH1	AH2
AA3	0.0	0.505558240696	0.929917834703	0.637506041566	0.655389076849	0.594006766554	0.65973900435	0.592073465442	0.575157080715	0.631706138231	0.617689705172	0.605606573224	0.593523441276	0.855485741904	0.654422426293	0.325277912035	0.586756887385	0.584340260996	0.863218946351	0.694055099082	0.609956500725	0.559690671822	0.595940067666	0.574673755437	0.830836152731	0.595456742388	0.574673755437	0.559690671822	0.585306911551	0.579507008217	0.593040115998	0.568873852102	0.591590140164	0.598840019333	0.744320927985	0.679072015466	0.609473175447	0.622039632673	0.608989850169	0.629772837119	0.604639922668	0.713871435476	0.689221846303	0.626389560174	0.637022716288	0.621556307395	0.685355244079	0.6389560174	0.707588206863	0.669888835186	0.645239246013	0.663605606573	0.58095698405	0.577090381827	0.565973900435	0.574673755437	0.584340260996	0.654905751571	0.593040115998	0.662155630739	0.593523441276	0.651039149348
AA4	0.505558240696	0.0	0.942484291928	0.565007249879	0.555340744321	0.507974867086	0.578540357661	0.48380860319	0.500241662639	0.5186080232	0.563557274045	0.515224746254	0.473658772354	0.861285645239	0.351377477042	0.383760270662	0.536491058482	0.53020782987	0.889801836636	0.719671338811	0.652972450459	0.570323827936	0.564040599323	0.580473658772	0.867085548574	0.614306428226	0.544707588207	0.537941034316	0.587240212663	0.603673272112	0.626389560174	0.563073948768	0.510874818753	0.51377477042	0.674722087965	0.587240212663	0.569840502658	0.52537457709	0.542774287095	0.540840985984	0.488641855969	0.630739487675	0.599806669889	0.52779120348	0.588690188497	0.582890285162	0.665538907685	0.587723537941	0.639922667956	0.61575640406	0.603189946834	0.633156114065	0.521024649589	0.535524407927	0.547607539874	0.540357660706	0.509908168197	0.618173030449	0.519574673755	0.601739971	0.529724504592	0.595940067666
AB3	0.929917834703	0.942484291928	0.0	0.67133881102	0.91445142581	0.959400676655	0.957950700822	0.947317544708	0.938134364427	0.945384243596	0.974383760271	0.939101014983	0.96761720638	0.345094248429	0.961333977767	0.943450942484	0.973900434993	0.970033832769	0.734171097148	0.770420492992	0.889801836636	0.914934751087	0.960850652489	0.949734171097	0.855969067182	0.90285161914	0.940550990817	0.927017883035	0.846785886902	0.84485258579	0.954084098598	0.955534074432	0.9584340261	0.963750604157	0.973417109715	0.968100531658	0.974867085549	0.952150797487	0.975350410826	0.975350410826	0.975833736104	0.931851135814	0.937167713871	0.95360077332	0.980183663606	0.975833736104	0.975833736104	0.973417109715	0.971000483325	0.973417109715	0.975350410826	0.974383760271	0.97680038666	0.975833736104	0.980666988884	0.975350410826	0.973417109715	0.974383760271	0.973417109715	0.974867085549	0.976317061382	0.974867085549
AB4	0.637506041566	0.565007249879	0.67133881102	0.0	0.617206379894	0.612856452392	0.675688738521	0.608023199613	0.615273078782	0.614306428226	0.635572740454	0.600289995167	0.482841952634	0.565490575157	0.60415659739	0.584340260996	0.633639439343	0.627839536008	0.720637989367	0.577090381827	0.655389076849	0.616239729338	0.647172547124	0.648622522958	0.791203479942	0.635089415176	0.637022716288	0.623489608507	0.544224262929	0.587723537941	0.694055099082	0.641372643789	0.637506041566	0.645239246013	0.721121314645	0.661672305462	0.640889318511	0.623489608507	0.630739487675	0.628806186564	0.615273078782	0.656839052682	0.659255679072	0.633156114065	0.687288545191	0.677138714355	0.700338327695	0.655872402127	0.699371677139	0.672788786854	0.663605606573	0.66892218463	0.628806186564	0.632672788787	0.65055582407	0.639922667956	0.6389560174	0.660705654906	0.635572740454	0.652489125181	0.644272595457	0.673755437409
AC3	0.655389076849	0.555340744321	0.91445142581	0.617206379894	0.0	0.48380860319	0.629772837119	0.563073948768	0.550507491542	0.577090381827	0.600773320445	0.306428226196	0.591590140164	0.842919284679	0.581440309328	0.587240212663	0.616723054616	0.604639922668	0.864185596907	0.731271145481	0.714354760754	0.65973900435	0.701788303528	0.699371677139	0.830836152731	0.688255195747	0.654422426293	0.665055582407	0.664088931851	0.683905268246	0.700338327695	0.653939101015	0.60415659739	0.618656355727	0.617206379894	0.57177380377	0.610439826003	0.58337361044	0.586756887385	0.537457709038	0.542290961817	0.647655872402	0.649589173514	0.564040599323	0.639922667956	0.631222812953	0.598356694055	0.570807153214	0.579990333494	0.563557274045	0.585790236829	0.580473658772	0.529241179314	0.559690671822	0.577573707105	0.561140647656	0.603189946834	0.567423876269	0.609956500725	0.572257129048	0.596906718221	0.577573707105
AC4	0.594006766554	0.507974867086	0.959400676655	0.612856452392	0.48380860319	0.0	0.607539874335	0.413243112615	0.387143547608	0.514258095698	0.321411309812	0.404059932334	0.516674722088	0.878202029966	0.578057032383	0.537457709038	0.475108748188	0.459159014016	0.927984533591	0.750604156597	0.601256645723	0.520541324311	0.508458192363	0.503624939584	0.887385210246	0.575157080715	0.490091831803	0.502174963751	0.529241179314	0.551474142098	0.570323827936	0.508458192363	0.450942484292	0.478975350411	0.628806186564	0.552440792653	0.444659255679	0.526824552924	0.420976317061	0.56259062349	0.477525374577	0.685838569357	0.663122281295	0.531657805703	0.509424842919	0.483325277912	0.637022716288	0.563073948768	0.604639922668	0.586756887385	0.575640405993	0.597873368777	0.48622522958	0.501691638473	0.513291445143	0.501691638473	0.55099081682	0.582890285162	0.561140647656	0.570323827936	0.470275495408	0.570323827936
AD3	0.65973900435	0.578540357661	0.957950700822	0.675688738521	0.629772837119	0.607539874335	0.0	0.532141130981	0.628806186564	0.352344127598	0.662155630739	0.598840019333	0.622039632673	0.883035282745	0.561623972934	0.619623006283	0.669405509908	0.668438859352	0.937167713871	0.766070565491	0.707104881585	0.6805219913	0.681005316578	0.669405509908	0.911551474142	0.672788786854	0.6805219913	0.678105364911	0.676655389077	0.669405509908	0.703238279362	0.680038666022	0.617206379894	0.635572740454	0.741420976317	0.644755920735	0.649105848236	0.519574673755	0.625422909618	0.570323827936	0.554857419043	0.566940550991	0.540840985984	0.541807636539	0.686805219913	0.674238762687	0.754470758821	0.699371677139	0.732237796037	0.714354760754	0.694055099082	0.720154664089	0.635089415176	0.646689221846	0.655872402127	0.646205896568	0.62735621073	0.706621556307	0.617689705172	0.699371677139	0.673755437409	0.706138231029
AD4	0.592073465442	0.48380860319	0.947317544708	0.608023199613	0.563073948768	0.413243112615	0.532141130981	0.0	0.316094731754	0.408409859836	0.457225712905	0.509908168197	0.502174963751	0.871435476075	0.538424359594	0.520541324311	0.466892218463	0.45142580957	0.939584340261	0.7593040116	0.580473658772	0.488158530691	0.493958434026	0.500241662639	0.900918318028	0.594006766554	0.452875785404	0.462058965684	0.511358144031	0.544707588207	0.555824069599	0.478492025133	0.414693088449	0.441759304012	0.667472208797	0.568390526825	0.460125664572	0.501208313195	0.435959400677	0.565490575157	0.467375543741	0.653455775737	0.621072982117	0.49299178347	0.524891251812	0.492508458192	0.672788786854	0.60415659739	0.642339294345	0.626389560174	0.611406476559	0.635572740454	0.517641372644	0.53020782987	0.534557757371	0.53697438376	0.522474625423	0.623972933784	0.546157564041	0.603189946834	0.485741904302	0.619623006283
AE3	0.575157080715	0.500241662639	0.938134364427	0.615273078782	0.550507491542	0.387143547608	0.628806186564	0.316094731754	0.0	0.496858385694	0.418076365394	0.491541807637	0.50459159014	0.866602223296	0.557274045433	0.521991300145	0.456259062349	0.441759304012	0.927984533591	0.750120831319	0.563557274045	0.4813919768	0.472692121798	0.486708554857	0.891735137748	0.580473658772	0.449492508458	0.452392460126	0.499758337361	0.53939101015	0.552440792653	0.483325277912	0.408409859836	0.448525857902	0.653455775737	0.567907201547	0.429676172064	0.533591106815	0.418076365394	0.603189946834	0.506524891252	0.686805219913	0.656355727405	0.523924601257	0.49540840986	0.464475592073	0.651039149348	0.577573707105	0.623972933784	0.611406476559	0.590140164331	0.617206379894	0.494925084582	0.517158047366	0.521507974867	0.516674722088	0.542290961817	0.609956500725	0.568390526825	0.584340260996	0.485258579024	0.590140164331
AE4	0.631706138231	0.5186080232	0.945384243596	0.614306428226	0.577090381827	0.514258095698	0.352344127598	0.408409859836	0.496858385694	0.0	0.568390526825	0.540840985984	0.573707104882	0.87046882552	0.529724504592	0.558240695988	0.573707104882	0.576607056549	0.934267762204	0.755920734654	0.644272595457	0.577090381827	0.585790236829	0.585306911551	0.90285161914	0.607539874335	0.579023682939	0.570323827936	0.574673755437	0.595940067666	0.633639439343	0.579990333494	0.517158047366	0.535041082649	0.700821652972	0.595456742388	0.556790720155	0.450459159014	0.52779120348	0.526341227646	0.477525374577	0.582890285162	0.554374093765	0.493958434026	0.601256645723	0.586273562107	0.710488158531	0.646205896568	0.691638472692	0.673755437409	0.65732237796	0.673755437409	0.587240212663	0.591106814886	0.594006766554	0.589656839053	0.582890285162	0.667472208797	0.58095698405	0.660222329628	0.575640405993	0.659255679072
AF3	0.617689705172	0.563557274045	0.974383760271	0.635572740454	0.600773320445	0.321411309812	0.662155630739	0.457225712905	0.418076365394	0.568390526825	0.0	0.5186080232	0.542290961817	0.897535041083	0.609956500725	0.578540357661	0.4398260029	0.44224262929	0.954567423876	0.776703721605	0.605606573224	0.535041082649	0.440309328178	0.442725954567	0.918801353311	0.609473175447	0.445142580957	0.502658289029	0.543740937651	0.579990333494	0.533107781537	0.509908168197	0.454325761237	0.498308361527	0.664572257129	0.604639922668	0.432576123731	0.567907201547	0.440792653456	0.62493958434	0.53020782987	0.725954567424	0.70130497825	0.561623972934	0.515224746254	0.487191880135	0.662638956017	0.593040115998	0.65055582407	0.622522957951	0.597873368777	0.623489608507	0.526341227646	0.515708071532	0.530691155147	0.522474625423	0.58337361044	0.621072982117	0.597390043499	0.598840019333	0.492025132914	0.595456742388
AF4	0.605606573224	0.515224746254	0.939101014983	0.600289995167	0.306428226196	0.404059932334	0.598840019333	0.509908168197	0.491541807637	0.540840985984	0.5186080232	0.0	0.55099081682	0.857902368294	0.553890768487	0.544224262929	0.56259062349	0.549057515708	0.884968583857	0.718704688255	0.688738521025	0.620106331561	0.65055582407	0.642339294345	0.843402609957	0.639439342678	0.605606573224	0.618173030449	0.628806186564	0.648622522958	0.651039149348	0.604639922668	0.558724021266	0.56935717738	0.60657322378	0.529241179314	0.553407443209	0.552440792653	0.519574673755	0.508458192363	0.503141614306	0.627839536008	0.628322861286	0.527307878202	0.579990333494	0.572740454326	0.581440309328	0.521024649589	0.566457225713	0.53697438376	0.536491058482	0.549057515708	0.466408893185	0.500724987917	0.524407926535	0.503141614306	0.561623972934	0.540840985984	0.571290478492	0.537457709038	0.542290961817	0.535524407927
AG3	0.593523441276	0.473658772354	0.96761720638	0.482841952634	0.591590140164	0.516674722088	0.622039632673	0.502174963751	0.50459159014	0.573707104882	0.542290961817	0.55099081682	0.0	0.860802319961	0.526824552924	0.509424842919	0.515224746254	0.499275012083	0.936201063316	0.755920734654	0.665538907685	0.590140164331	0.574190430159	0.602706621556	0.88883518608	0.635089415176	0.545190913485	0.556790720155	0.608506524891	0.62735621073	0.63653939101	0.564523924601	0.522957950701	0.523924601257	0.671822136298	0.601256645723	0.536007733204	0.56259062349	0.527307878202	0.574673755437	0.500724987917	0.679555340744	0.652972450459	0.545190913485	0.58337361044	0.571290478492	0.630256162397	0.582890285162	0.632672788787	0.612856452392	0.586756887385	0.60657322378	0.519091348478	0.526824552924	0.539874335428	0.532624456259	0.53939101015	0.599323344611	0.554857419043	0.590140164331	0.508458192363	0.588690188497
AG4	0.855485741904	0.861285645239	0.345094248429	0.565490575157	0.842919284679	0.878202029966	0.883035282745	0.871435476075	0.866602223296	0.87046882552	0.897535041083	0.857902368294	0.860802319961	0.0	0.886418559691	0.862735621073	0.902368293862	0.898501691638	0.710971483809	0.702271628806	0.82648622523	0.846302561624	0.892218463026	0.880618656356	0.826002899952	0.837119381344	0.870952150797	0.855485741904	0.777187046883	0.772353794103	0.891735137748	0.882068632189	0.884485258579	0.889801836636	0.910584823586	0.900918318028	0.904784920251	0.871918801353	0.899468342194	0.892218463026	0.892218463026	0.855485741904	0.859835669406	0.885935234413	0.906718221363	0.903818269696	0.896085065249	0.896568390527	0.897535041083	0.896568390527	0.903818269696	0.900918318028	0.906234896085	0.899951667472	0.909134847753	0.903818269696	0.90285161914	0.901401643306	0.899951667472	0.895601739971	0.903818269696	0.905751570807
AH3	0.654422426293	0.351377477042	0.961333977767	0.60415659739	0.581440309328	0.578057032383	0.561623972934	0.538424359594	0.557274045433	0.529724504592	0.609956500725	0.553890768487	0.526824552924	0.886418559691	0.0	0.521991300145	0.597390043499	0.590623489609	0.935717738038	0.766070565491	0.696955050749	0.630256162397	0.611406476559	0.6389560174	0.904784920251	0.6805219913	0.622039632673	0.616723054616	0.649105848236	0.671822136298	0.68970517158	0.619139681005	0.553890768487	0.577573707105	0.713388110198	0.623489608507	0.620106331561	0.529241179314	0.595940067666	0.545190913485	0.534557757371	0.590623489609	0.561623972934	0.55099081682	0.640889318511	0.634606089899	0.698888351861	0.626389560174	0.669888835186	0.65732237796	0.643305944901	0.670372160464	0.588206863219	0.598840019333	0.603189946834	0.605606573224	0.568873852102	0.653939101015	0.566940550991	0.639922667956	0.588206863219	0.637022716288
AH4	0.325277912035	0.383760270662	0.943450942484	0.584340260996	0.587240212663	0.537457709038	0.619623006283	0.520541324311	0.521991300145	0.558240695988	0.578540357661	0.544224262929	0.509424842919	0.862735621073	0.521991300145	0.0	0.53697438376	0.541324311261	0.879168680522	0.701788303528	0.625906234896	0.549540840986	0.56935717738	0.570323827936	0.849202513291	0.598356694055	0.550507491542	0.536491058482	0.564523924601	0.582890285162	0.601739971	0.544707588207	0.53939101015	0.541807636539	0.691638472692	0.623006283229	0.567423876269	0.553890768487	0.549057515708	0.55775737071	0.51619139681	0.67133881102	0.640405993233	0.55775737071	0.593523441276	0.585790236829	0.655872402127	0.599806669889	0.655872402127	0.612856452392	0.607539874335	0.628322861286	0.536491058482	0.52779120348	0.536491058482	0.523441275979	0.510874818753	0.614789753504	0.51377477042	0.60415659739	0.537941034316	0.608023199613
AA7	0.586756887385	0.536491058482	0.973900434993	0.633639439343	0.616723054616	0.475108748188	0.669405509908	0.466892218463	0.456259062349	0.573707104882	0.4398260029	0.56259062349	0.515224746254	0.902368293862	0.597390043499	0.53697438376	0.0	0.304011599807	0.921701304978	0.754470758821	0.600289995167	0.507491541808	0.458675688739	0.484291928468	0.876752054132	0.593523441276	0.431609473175	0.467858869019	0.538424359594	0.574673755437	0.507974867086	0.424359594007	0.44224262929	0.491058482359	0.699855002417	0.6389560174	0.468825519575	0.570323827936	0.493475108748	0.608989850169	0.528757854036	0.718704688255	0.700338327695	0.576607056549	0.544224262929	0.526824552924	0.666022232963	0.60415659739	0.675688738521	0.639922667956	0.59497341711	0.623489608507	0.526341227646	0.526824552924	0.531174480425	0.524407926535	0.536007733204	0.61333977767	0.548090865152	0.626872885452	0.495891735138	0.603673272112
AA8	0.584340260996	0.53020782987	0.970033832769	0.627839536008	0.604639922668	0.459159014016	0.668438859352	0.45142580957	0.441759304012	0.576607056549	0.44224262929	0.549057515708	0.499275012083	0.898501691638	0.590623489609	0.541324311261	0.304011599807	0.0	0.918801353311	0.748670855486	0.587240212663	0.488158530691	0.464475592073	0.482358627356	0.862735621073	0.573707104882	0.430159497342	0.452392460126	0.526341227646	0.56259062349	0.478008699855	0.365393910101	0.434026099565	0.485741904302	0.699855002417	0.644272595457	0.457709038183	0.573707104882	0.476558724021	0.608506524891	0.52537457709	0.724987916868	0.700338327695	0.574673755437	0.537941034316	0.511358144031	0.653455775737	0.585306911551	0.658772353794	0.623972933784	0.584340260996	0.608989850169	0.513291445143	0.514741420976	0.524891251812	0.522474625423	0.535041082649	0.607539874335	0.553890768487	0.612856452392	0.479458675689	0.588690188497
AB7	0.863218946351	0.889801836636	0.734171097148	0.720637989367	0.864185596907	0.927984533591	0.937167713871	0.939584340261	0.927984533591	0.934267762204	0.954567423876	0.884968583857	0.936201063316	0.710971483809	0.935717738038	0.879168680522	0.921701304978	0.918801353311	0.0	0.41662638956	0.811986466892	0.841469308845	0.934267762204	0.9212179797	0.73368777187	0.82165297245	0.893185113581	0.876268728855	0.737554374094	0.723537941034	0.884485258579	0.898501691638	0.915418076365	0.929917834703	0.941034316095	0.940550990817	0.94683421943	0.910101498308	0.954084098598	0.922667955534	0.940550990817	0.864185596907	0.873852102465	0.913968100532	0.960367327211	0.957950700822	0.928467858869	0.922667955534	0.928951184147	0.926051232479	0.930884485259	0.9212179797	0.917351377477	0.919768003867	0.92363460609	0.923151280812	0.922184630256	0.917351377477	0.927017883035	0.925084581924	0.956984050266	0.92363460609
AB8	0.694055099082	0.719671338811	0.770420492992	0.577090381827	0.731271145481	0.750604156597	0.766070565491	0.7593040116	0.750120831319	0.755920734654	0.776703721605	0.718704688255	0.755920734654	0.702271628806	0.766070565491	0.701788303528	0.754470758821	0.748670855486	0.41662638956	0.0	0.640889318511	0.666022232963	0.746737554374	0.731754470759	0.714838086032	0.646689221846	0.709038182697	0.689221846303	0.533107781537	0.534557757371	0.716288061866	0.719671338811	0.750120831319	0.758337361044	0.808603189947	0.767520541324	0.769453842436	0.732237796037	0.770420492992	0.741420976317	0.757854035766	0.707104881585	0.709521507975	0.734654422426	0.787336877719	0.781536974384	0.805219913001	0.750604156597	0.796520057999	0.772353794103	0.759787336878	0.77090381827	0.742387626873	0.750120831319	0.751570807153	0.748670855486	0.744804253262	0.774287095215	0.751570807153	0.763170613823	0.777187046883	0.749154180764
AC7	0.609956500725	0.652972450459	0.889801836636	0.655389076849	0.714354760754	0.601256645723	0.707104881585	0.580473658772	0.563557274045	0.644272595457	0.605606573224	0.688738521025	0.665538907685	0.82648622523	0.696955050749	0.625906234896	0.600289995167	0.587240212663	0.811986466892	0.640889318511	0.0	0.383760270662	0.578540357661	0.568390526825	0.817303044949	0.578540357661	0.546640889319	0.509424842919	0.482841952634	0.490575157081	0.579023682939	0.555340744321	0.563073948768	0.586273562107	0.805219913001	0.740454325761	0.632189463509	0.628806186564	0.611406476559	0.718704688255	0.653455775737	0.709038182697	0.692605123248	0.646205896568	0.641372643789	0.608506524891	0.816819719671	0.759787336878	0.80328661189	0.786853552441	0.745770903818	0.782020299662	0.678588690188	0.677138714355	0.676655389077	0.674238762687	0.673272112131	0.775253745771	0.676172063799	0.761237312711	0.612856452392	0.760753987434
AC8	0.559690671822	0.570323827936	0.914934751087	0.616239729338	0.65973900435	0.520541324311	0.6805219913	0.488158530691	0.4813919768	0.577090381827	0.535041082649	0.620106331561	0.590140164331	0.846302561624	0.630256162397	0.549540840986	0.507491541808	0.488158530691	0.841469308845	0.666022232963	0.383760270662	0.0	0.480425326245	0.492025132914	0.834219429676	0.546640889319	0.396326727888	0.358144030933	0.43064282262	0.457709038183	0.523441275979	0.464475592073	0.476558724021	0.510391493475	0.727887868536	0.665055582407	0.533107781537	0.558240695988	0.534557757371	0.635572740454	0.565490575157	0.674238762687	0.65055582407	0.580473658772	0.570807153214	0.546157564041	0.732721121315	0.67133881102	0.727404543258	0.714354760754	0.658772353794	0.690188496858	0.595456742388	0.593040115998	0.595940067666	0.593523441276	0.583856935718	0.690671822136	0.591106814886	0.682455292412	0.536007733204	0.677138714355
AD7	0.595940067666	0.564040599323	0.960850652489	0.647172547124	0.701788303528	0.508458192363	0.681005316578	0.493958434026	0.472692121798	0.585790236829	0.440309328178	0.65055582407	0.574190430159	0.892218463026	0.611406476559	0.56935717738	0.458675688739	0.464475592073	0.934267762204	0.746737554374	0.578540357661	0.480425326245	0.0	0.291928467859	0.898501691638	0.511841469309	0.414209763171	0.447559207347	0.498308361527	0.537457709038	0.497825036249	0.461575640406	0.463992266796	0.51619139681	0.736587723538	0.666505558241	0.506524891252	0.586273562107	0.529241179314	0.643789270179	0.579023682939	0.726437892702	0.701788303528	0.608989850169	0.559207346544	0.543257612373	0.74528757854	0.67133881102	0.731754470759	0.714838086032	0.667472208797	0.693571773804	0.604639922668	0.60415659739	0.596423392943	0.600289995167	0.585790236829	0.695021749638	0.601256645723	0.678588690188	0.557274045433	0.669888835186
AD8	0.574673755437	0.580473658772	0.949734171097	0.648622522958	0.699371677139	0.503624939584	0.669405509908	0.500241662639	0.486708554857	0.585306911551	0.442725954567	0.642339294345	0.602706621556	0.880618656356	0.6389560174	0.570323827936	0.484291928468	0.482358627356	0.9212179797	0.731754470759	0.568390526825	0.492025132914	0.291928467859	0.0	0.848719188014	0.464475592073	0.417593040116	0.456259062349	0.490575157081	0.517158047366	0.489608506525	0.479458675689	0.487675205413	0.543740937651	0.744320927985	0.674722087965	0.510874818753	0.593523441276	0.536007733204	0.649589173514	0.586273562107	0.721604639923	0.69453842436	0.609473175447	0.577090381827	0.558724021266	0.755920734654	0.676172063799	0.74770420493	0.725471242146	0.675205413243	0.702271628806	0.607539874335	0.608506524891	0.609473175447	0.608023199613	0.607539874335	0.704688255196	0.616723054616	0.695021749638	0.564040599323	0.676655389077
AE7	0.830836152731	0.867085548574	0.855969067182	0.791203479942	0.830836152731	0.887385210246	0.911551474142	0.900918318028	0.891735137748	0.90285161914	0.918801353311	0.843402609957	0.88883518608	0.826002899952	0.904784920251	0.849202513291	0.876752054132	0.862735621073	0.73368777187	0.714838086032	0.817303044949	0.834219429676	0.898501691638	0.848719188014	0.0	0.547607539874	0.868535524408	0.851135814403	0.759787336878	0.771870468826	0.838569357177	0.848235862736	0.889801836636	0.904301594973	0.924601256646	0.918318028033	0.913001449976	0.892701788304	0.919284678589	0.866118898018	0.90285161914	0.86805219913	0.872885451909	0.876752054132	0.937167713871	0.92363460609	0.894635089415	0.895601739971	0.903818269696	0.890768487192	0.904301594973	0.896568390527	0.890768487192	0.901401643306	0.903818269696	0.891735137748	0.901884968584	0.887868535524	0.903334944418	0.895601739971	0.91445142581	0.901401643306
AE8	0.595456742388	0.614306428226	0.90285161914	0.635089415176	0.688255195747	0.575157080715	0.672788786854	0.594006766554	0.580473658772	0.607539874335	0.609473175447	0.639439342678	0.635089415176	0.837119381344	0.6805219913	0.598356694055	0.593523441276	0.573707104882	0.82165297245	0.646689221846	0.578540357661	0.546640889319	0.511841469309	0.464475592073	0.547607539874	0.0	0.558240695988	0.547124214596	0.516674722088	0.507491541808	0.560657322378	0.55099081682	0.586273562107	0.598356694055	0.756404059932	0.699855002417	0.60657322378	0.597873368777	0.616239729338	0.655389076849	0.621072982117	0.693088448526	0.676172063799	0.612856452392	0.632672788787	0.617206379894	0.761720637989	0.685838569357	0.755437409377	0.724987916868	0.690671822136	0.720637989367	0.646689221846	0.639439342678	0.645239246013	0.631222812953	0.652972450459	0.71532141131	0.654422426293	0.70130497825	0.611406476559	0.69212179797
AF7	0.574673755437	0.544707588207	0.940550990817	0.637022716288	0.654422426293	0.490091831803	0.6805219913	0.452875785404	0.449492508458	0.579023682939	0.445142580957	0.605606573224	0.545190913485	0.870952150797	0.622039632673	0.550507491542	0.431609473175	0.430159497342	0.893185113581	0.709038182697	0.546640889319	0.396326727888	0.414209763171	0.417593040116	0.868535524408	0.558240695988	0.0	0.316578057032	0.473658772354	0.507491541808	0.490575157081	0.465925567907	0.425809569841	0.47220879652	0.69212179797	0.628806186564	0.462058965684	0.550507491542	0.49540840986	0.629289511841	0.531174480425	0.697438376027	0.670855485742	0.556790720155	0.534557757371	0.51377477042	0.681005316578	0.623006283229	0.690671822136	0.67133881102	0.617206379894	0.640889318511	0.555824069599	0.552924117931	0.558724021266	0.547607539874	0.555340744321	0.6389560174	0.579507008217	0.642822619623	0.501691638473	0.628806186564
AF8	0.559690671822	0.537941034316	0.927017883035	0.623489608507	0.665055582407	0.502174963751	0.678105364911	0.462058965684	0.452392460126	0.570323827936	0.502658289029	0.618173030449	0.556790720155	0.855485741904	0.616723054616	0.536491058482	0.467858869019	0.452392460126	0.876268728855	0.689221846303	0.509424842919	0.358144030933	0.447559207347	0.456259062349	0.851135814403	0.547124214596	0.316578057032	0.0	0.450942484292	0.485258579024	0.516674722088	0.452875785404	0.424842919285	0.483325277912	0.713871435476	0.647172547124	0.495891735138	0.538907684872	0.512808119865	0.619139681005	0.54857419043	0.679072015466	0.652972450459	0.55775737071	0.553407443209	0.536491058482	0.698405026583	0.639922667956	0.711454809087	0.690671822136	0.6389560174	0.661188980184	0.569840502658	0.566457225713	0.576123731271	0.572257129048	0.551957467376	0.655389076849	0.571290478492	0.659255679072	0.507974867086	0.646205896568
AG7	0.585306911551	0.587240212663	0.846785886902	0.544224262929	0.664088931851	0.529241179314	0.676655389077	0.511358144031	0.499758337361	0.574673755437	0.543740937651	0.628806186564	0.608506524891	0.777187046883	0.649105848236	0.564523924601	0.538424359594	0.526341227646	0.737554374094	0.533107781537	0.482841952634	0.43064282262	0.498308361527	0.490575157081	0.759787336878	0.516674722088	0.473658772354	0.450942484292	0.0	0.317544707588	0.549057515708	0.507491541808	0.505074915418	0.544224262929	0.739004349928	0.665538907685	0.536007733204	0.559690671822	0.546157564041	0.633639439343	0.587240212663	0.660705654906	0.644272595457	0.573707104882	0.592073465442	0.574673755437	0.746254229096	0.673272112131	0.731271145481	0.719671338811	0.670855485742	0.703238279362	0.612373127115	0.612373127115	0.619623006283	0.608506524891	0.617689705172	0.698888351861	0.625422909618	0.686321894635	0.574190430159	0.68293861769
AG8	0.579507008217	0.603673272112	0.84485258579	0.587723537941	0.683905268246	0.551474142098	0.669405509908	0.544707588207	0.53939101015	0.595940067666	0.579990333494	0.648622522958	0.62735621073	0.772353794103	0.671822136298	0.582890285162	0.574673755437	0.56259062349	0.723537941034	0.534557757371	0.490575157081	0.457709038183	0.537457709038	0.517158047366	0.771870468826	0.507491541808	0.507491541808	0.485258579024	0.317544707588	0.0	0.547124214596	0.532141130981	0.544707588207	0.57177380377	0.764137264379	0.695021749638	0.561140647656	0.577090381827	0.576123731271	0.658289028516	0.60657322378	0.672305461576	0.654422426293	0.600773320445	0.623006283229	0.600289995167	0.769937167714	0.695505074915	0.754470758821	0.736587723538	0.696955050749	0.722571290478	0.632189463509	0.629772837119	0.63653939101	0.630256162397	0.637022716288	0.724021266312	0.644272595457	0.697438376027	0.602223296278	0.700338327695
AH7	0.593040115998	0.626389560174	0.954084098598	0.694055099082	0.700338327695	0.570323827936	0.703238279362	0.555824069599	0.552440792653	0.633639439343	0.533107781537	0.651039149348	0.63653939101	0.891735137748	0.68970517158	0.601739971	0.507974867086	0.478008699855	0.884485258579	0.716288061866	0.579023682939	0.523441275979	0.497825036249	0.489608506525	0.838569357177	0.560657322378	0.490575157081	0.516674722088	0.549057515708	0.547124214596	0.0	0.335427742871	0.56259062349	0.608023199613	0.778637022716	0.72692121798	0.558724021266	0.649105848236	0.603189946834	0.666988883519	0.629772837119	0.762687288545	0.737554374094	0.658772353794	0.637506041566	0.621072982117	0.763170613823	0.71532141131	0.765103914935	0.726437892702	0.70372160464	0.729337844369	0.626389560174	0.635572740454	0.625906234896	0.630256162397	0.631222812953	0.72450459159	0.634606089899	0.708554857419	0.608989850169	0.716771387144
AH8	0.568873852102	0.563073948768	0.955534074432	0.641372643789	0.653939101015	0.508458192363	0.680038666022	0.478492025133	0.483325277912	0.579990333494	0.509908168197	0.604639922668	0.564523924601	0.882068632189	0.619139681005	0.544707588207	0.424359594007	0.365393910101	0.898501691638	0.719671338811	0.555340744321	0.464475592073	0.461575640406	0.479458675689	0.848235862736	0.55099081682	0.465925567907	0.452875785404	0.507491541808	0.532141130981	0.335427742871	0.0	0.485741904302	0.528274528758	0.73852102465	0.676655389077	0.513291445143	0.584340260996	0.53697438376	0.610923151281	0.56935717738	0.715804736588	0.692605123248	0.606089898502	0.578057032383	0.55775737071	0.711454809087	0.652972450459	0.707104881585	0.674238762687	0.644272595457	0.669405509908	0.57177380377	0.573707104882	0.574190430159	0.574673755437	0.563557274045	0.666022232963	0.573707104882	0.658772353794	0.544707588207	0.655872402127
AA5	0.591590140164	0.510874818753	0.9584340261	0.637506041566	0.60415659739	0.450942484292	0.617206379894	0.414693088449	0.408409859836	0.517158047366	0.454325761237	0.558724021266	0.522957950701	0.884485258579	0.553890768487	0.53939101015	0.44224262929	0.434026099565	0.915418076365	0.750120831319	0.563073948768	0.476558724021	0.463992266796	0.487675205413	0.889801836636	0.586273562107	0.425809569841	0.424842919285	0.505074915418	0.544707588207	0.56259062349	0.485741904302	0.0	0.34026099565	0.677138714355	0.581923634606	0.461575640406	0.469308844853	0.465442242629	0.564523924601	0.467858869019	0.629772837119	0.596423392943	0.478975350411	0.52779120348	0.479458675689	0.708071532141	0.636056065732	0.683905268246	0.663605606573	0.64813919768	0.677622039633	0.536007733204	0.566940550991	0.575157080715	0.565490575157	0.541807636539	0.664088931851	0.568873852102	0.637506041566	0.505074915418	0.632672788787
AA6	0.598840019333	0.51377477042	0.963750604157	0.645239246013	0.618656355727	0.478975350411	0.635572740454	0.441759304012	0.448525857902	0.535041082649	0.498308361527	0.56935717738	0.523924601257	0.889801836636	0.577573707105	0.541807636539	0.491058482359	0.485741904302	0.929917834703	0.758337361044	0.586273562107	0.510391493475	0.51619139681	0.543740937651	0.904301594973	0.598356694055	0.47220879652	0.483325277912	0.544224262929	0.57177380377	0.608023199613	0.528274528758	0.34026099565	0.0	0.665538907685	0.569840502658	0.502174963751	0.502174963751	0.471242145964	0.584340260996	0.489608506525	0.662638956017	0.632189463509	0.517641372644	0.46060898985	0.417593040116	0.690671822136	0.625906234896	0.666988883519	0.647655872402	0.626872885452	0.654905751571	0.529241179314	0.546640889319	0.551474142098	0.550024166264	0.539874335428	0.644755920735	0.564523924601	0.629772837119	0.494441759304	0.622522957951
AB5	0.744320927985	0.674722087965	0.973417109715	0.721121314645	0.617206379894	0.628806186564	0.741420976317	0.667472208797	0.653455775737	0.700821652972	0.664572257129	0.60657322378	0.671822136298	0.910584823586	0.713388110198	0.691638472692	0.699855002417	0.699855002417	0.941034316095	0.808603189947	0.805219913001	0.727887868536	0.736587723538	0.744320927985	0.924601256646	0.756404059932	0.69212179797	0.713871435476	0.739004349928	0.764137264379	0.778637022716	0.73852102465	0.677138714355	0.665538907685	0.0	0.326244562591	0.613823102948	0.680038666022	0.625422909618	0.629772837119	0.605123247946	0.740937651039	0.738037699372	0.665538907685	0.623972933784	0.619139681005	0.623489608507	0.614306428226	0.637506041566	0.609473175447	0.623006283229	0.621072982117	0.593040115998	0.59255679072	0.61575640406	0.601256645723	0.660222329628	0.605606573224	0.667955534074	0.605606573224	0.65732237796	0.622039632673
AB6	0.679072015466	0.587240212663	0.968100531658	0.661672305462	0.57177380377	0.552440792653	0.644755920735	0.568390526825	0.567907201547	0.595456742388	0.604639922668	0.529241179314	0.601256645723	0.900918318028	0.623489608507	0.623006283229	0.6389560174	0.644272595457	0.940550990817	0.767520541324	0.740454325761	0.665055582407	0.666505558241	0.674722087965	0.918318028033	0.699855002417	0.628806186564	0.647172547124	0.665538907685	0.695021749638	0.72692121798	0.676655389077	0.581923634606	0.569840502658	0.326244562591	0.0	0.552440792653	0.579990333494	0.554857419043	0.564040599323	0.533107781537	0.656839052682	0.639439342678	0.546640889319	0.552440792653	0.53939101015	0.610439826003	0.549057515708	0.591590140164	0.566457225713	0.557274045433	0.584823586274	0.517641372644	0.543740937651	0.565973900435	0.551957467376	0.593040115998	0.568390526825	0.600289995167	0.556307394877	0.611406476559	0.55099081682
AC5	0.609473175447	0.569840502658	0.974867085549	0.640889318511	0.610439826003	0.444659255679	0.649105848236	0.460125664572	0.429676172064	0.556790720155	0.432576123731	0.553407443209	0.536007733204	0.904784920251	0.620106331561	0.567423876269	0.468825519575	0.457709038183	0.94683421943	0.769453842436	0.632189463509	0.533107781537	0.506524891252	0.510874818753	0.913001449976	0.60657322378	0.462058965684	0.495891735138	0.536007733204	0.561140647656	0.558724021266	0.513291445143	0.461575640406	0.502174963751	0.613823102948	0.552440792653	0.0	0.46979217013	0.436926051232	0.585306911551	0.508458192363	0.708071532141	0.672305461576	0.548090865152	0.488641855969	0.458192363461	0.609956500725	0.546640889319	0.620589656839	0.579990333494	0.554857419043	0.580473658772	0.490575157081	0.482358627356	0.494925084582	0.479458675689	0.563557274045	0.574190430159	0.575157080715	0.554374093765	0.497825036249	0.5601739971
AC6	0.622039632673	0.52537457709	0.952150797487	0.623489608507	0.58337361044	0.526824552924	0.519574673755	0.501208313195	0.533591106815	0.450459159014	0.567907201547	0.552440792653	0.56259062349	0.871918801353	0.529241179314	0.553890768487	0.570323827936	0.573707104882	0.910101498308	0.732237796037	0.628806186564	0.558240695988	0.586273562107	0.593523441276	0.892701788304	0.597873368777	0.550507491542	0.538907684872	0.559690671822	0.577090381827	0.649105848236	0.584340260996	0.469308844853	0.502174963751	0.680038666022	0.579990333494	0.46979217013	0.0	0.539874335428	0.53020782987	0.487191880135	0.477042049299	0.441759304012	0.426776220396	0.580473658772	0.566457225713	0.69453842436	0.634606089899	0.679555340744	0.654905751571	0.646689221846	0.673755437409	0.58095698405	0.585306911551	0.596906718221	0.584340260996	0.563557274045	0.661672305462	0.572257129048	0.644272595457	0.55775737071	0.646205896568
AD6	0.608989850169	0.542774287095	0.975350410826	0.630739487675	0.586756887385	0.420976317061	0.625422909618	0.435959400677	0.418076365394	0.52779120348	0.440792653456	0.519574673755	0.527307878202	0.899468342194	0.595940067666	0.549057515708	0.493475108748	0.476558724021	0.954084098598	0.770420492992	0.611406476559	0.534557757371	0.529241179314	0.536007733204	0.919284678589	0.616239729338	0.49540840986	0.512808119865	0.546157564041	0.576123731271	0.603189946834	0.53697438376	0.465442242629	0.471242145964	0.625422909618	0.554857419043	0.436926051232	0.539874335428	0.0	0.565490575157	0.435476075399	0.702754954084	0.679072015466	0.549540840986	0.477042049299	0.446592556791	0.610439826003	0.553890768487	0.602706621556	0.576123731271	0.556790720155	0.579990333494	0.467375543741	0.469308844853	0.484775253746	0.480908651522	0.552924117931	0.574190430159	0.561623972934	0.560657322378	0.471242145964	0.555824069599
AE5	0.629772837119	0.540840985984	0.975350410826	0.628806186564	0.537457709038	0.56259062349	0.570323827936	0.565490575157	0.603189946834	0.526341227646	0.62493958434	0.508458192363	0.574673755437	0.892218463026	0.545190913485	0.55775737071	0.608989850169	0.608506524891	0.922667955534	0.741420976317	0.718704688255	0.635572740454	0.643789270179	0.649589173514	0.866118898018	0.655389076849	0.629289511841	0.619139681005	0.633639439343	0.658289028516	0.666988883519	0.610923151281	0.564523924601	0.584340260996	0.629772837119	0.564040599323	0.585306911551	0.53020782987	0.565490575157	0.0	0.354760753987	0.60657322378	0.588206863219	0.530691155147	0.6389560174	0.629289511841	0.652489125181	0.602223296278	0.641855969067	0.61575640406	0.622039632673	0.638472692122	0.53697438376	0.565490575157	0.585790236829	0.5601739971	0.557274045433	0.620589656839	0.556307394877	0.608023199613	0.586273562107	0.619623006283
AE6	0.604639922668	0.488641855969	0.975833736104	0.615273078782	0.542290961817	0.477525374577	0.554857419043	0.467375543741	0.506524891252	0.477525374577	0.53020782987	0.503141614306	0.500724987917	0.892218463026	0.534557757371	0.51619139681	0.528757854036	0.52537457709	0.940550990817	0.757854035766	0.653455775737	0.565490575157	0.579023682939	0.586273562107	0.90285161914	0.621072982117	0.531174480425	0.54857419043	0.587240212663	0.60657322378	0.629772837119	0.56935717738	0.467858869019	0.489608506525	0.605123247946	0.533107781537	0.508458192363	0.487191880135	0.435476075399	0.354760753987	0.0	0.637506041566	0.608023199613	0.478975350411	0.53939101015	0.531657805703	0.63653939101	0.580473658772	0.615273078782	0.603673272112	0.591590140164	0.613823102948	0.489125181247	0.495891735138	0.508458192363	0.501208313195	0.512808119865	0.602223296278	0.525857902368	0.576123731271	0.490091831803	0.586756887385
AF5	0.713871435476	0.630739487675	0.931851135814	0.656839052682	0.647655872402	0.685838569357	0.566940550991	0.653455775737	0.686805219913	0.582890285162	0.725954567424	0.627839536008	0.679555340744	0.855485741904	0.590623489609	0.67133881102	0.718704688255	0.724987916868	0.864185596907	0.707104881585	0.709038182697	0.674238762687	0.726437892702	0.721604639923	0.86805219913	0.693088448526	0.697438376027	0.679072015466	0.660705654906	0.672305461576	0.762687288545	0.715804736588	0.629772837119	0.662638956017	0.740937651039	0.656839052682	0.708071532141	0.477042049299	0.702754954084	0.60657322378	0.637506041566	0.0	0.278395360077	0.545674238763	0.72692121798	0.717254712421	0.757854035766	0.717738037699	0.747220879652	0.717738037699	0.729821169647	0.742870952151	0.695988400193	0.722087965201	0.729821169647	0.716288061866	0.681971967134	0.73368777187	0.677622039633	0.709038182697	0.715804736588	0.725471242146
AF6	0.689221846303	0.599806669889	0.937167713871	0.659255679072	0.649589173514	0.663122281295	0.540840985984	0.621072982117	0.656355727405	0.554374093765	0.70130497825	0.628322861286	0.652972450459	0.859835669406	0.561623972934	0.640405993233	0.700338327695	0.700338327695	0.873852102465	0.709521507975	0.692605123248	0.65055582407	0.701788303528	0.69453842436	0.872885451909	0.676172063799	0.670855485742	0.652972450459	0.644272595457	0.654422426293	0.737554374094	0.692605123248	0.596423392943	0.632189463509	0.738037699372	0.639439342678	0.672305461576	0.441759304012	0.679072015466	0.588206863219	0.608023199613	0.278395360077	0.0	0.516674722088	0.700821652972	0.685355244079	0.757854035766	0.703238279362	0.740937651039	0.710971483809	0.706621556307	0.739487675205	0.666988883519	0.68970517158	0.695505074915	0.68970517158	0.652972450459	0.72692121798	0.65055582407	0.698888351861	0.693571773804	0.705171580474
