	AA3	AA4	AB3	AB4	AC3	AC4	AD3	AD4	AE3	AE4	AF3	AF4	AG3	AG4	AH3	AH4	AA7	AA8	AB7	AB8	AC7	AC8	AD7	AD8	AE7	AE8	AF7	AF8	AG7	AG8	AH7	AH8	AA5	AA6	AB5	AB6	AC5	AC6	AD6	AE5	AE6	AF5	AF6	AG5	AH5	AH6	AA1	AA2	AB1	AB2	AC1	AC2	AD1	AD2	AE1	AE2	AF1	AF2	AG1	AG2	AH1	AH2
AA3	0.0	0.501208313195	0.937167713871	0.620589656839	0.659255679072	0.581440309328	0.682455292412	0.595456742388	0.575157080715	0.628806186564	0.619623006283	0.594490091832	0.595940067666	0.846302561624	0.667472208797	0.340744320928	0.585790236829	0.577090381827	0.867568873852	0.705654905752	0.626872885452	0.584823586274	0.597390043499	0.597873368777	0.827452875785	0.592073465442	0.579507008217	0.569840502658	0.586756887385	0.580473658772	0.589656839053	0.563073948768	0.600289995167	0.599323344611	0.753987433543	0.69453842436	0.612856452392	0.61575640406	0.597873368777	0.621556307395	0.594490091832	0.713871435476	0.699855002417	0.618173030449	0.618656355727	0.617689705172	0.701788303528	0.652489125181	0.723054615756	0.676655389077	0.640405993233	0.674722087965	0.582406959884	0.573223779604	0.576607056549	0.568390526825	0.59255679072	0.672788786854	0.595940067666	0.676172063799	0.588206863219	0.650072498792
AA4	0.501208313195	0.0	0.941517641373	0.538907684872	0.568873852102	0.502174963751	0.594490091832	0.486708554857	0.5186080232	0.528274528758	0.557274045433	0.493475108748	0.482358627356	0.840985983567	0.37506041566	0.360077332044	0.551474142098	0.552924117931	0.888351860802	0.714354760754	0.664572257129	0.588206863219	0.59497341711	0.591590140164	0.86805219913	0.621072982117	0.559207346544	0.566940550991	0.58337361044	0.612856452392	0.631706138231	0.586756887385	0.521024649589	0.527307878202	0.665055582407	0.598840019333	0.581923634606	0.518124697922	0.540357660706	0.503141614306	0.494925084582	0.613823102948	0.587723537941	0.507974867086	0.594490091832	0.585790236829	0.656355727405	0.581923634606	0.634122764621	0.59497341711	0.590623489609	0.630256162397	0.522474625423	0.517641372644	0.538907684872	0.53020782987	0.510874818753	0.626872885452	0.497341710971	0.592073465442	0.547607539874	0.578540357661
AB3	0.937167713871	0.941517641373	0.0	0.707104881585	0.918318028033	0.957467375544	0.956984050266	0.948284195263	0.931367810536	0.949734171097	0.975833736104	0.937167713871	0.962783953601	0.363943934268	0.964233929435	0.937167713871	0.971967133881	0.972450459159	0.754954084099	0.753504108265	0.885935234413	0.905751570807	0.956500724988	0.951667472209	0.852102464959	0.893668438859	0.934751087482	0.930884485259	0.861285645239	0.84485258579	0.949734171097	0.953117448043	0.958917351377	0.959884001933	0.973900434993	0.963267278879	0.975350410826	0.948284195263	0.971483808603	0.973417109715	0.971967133881	0.936684388594	0.931851135814	0.946350894152	0.97680038666	0.971967133881	0.971000483325	0.969067182214	0.96761720638	0.972933784437	0.970517158047	0.969550507492	0.976317061382	0.972933784437	0.973900434993	0.973417109715	0.971000483325	0.971483808603	0.972450459159	0.972933784437	0.972933784437	0.969067182214
AB4	0.620589656839	0.538907684872	0.707104881585	0.0	0.621556307395	0.577090381827	0.686321894635	0.592073465442	0.591106814886	0.619139681005	0.614306428226	0.575157080715	0.447559207347	0.582890285162	0.593523441276	0.566940550991	0.606089898502	0.612373127115	0.749154180764	0.566940550991	0.64813919768	0.595940067666	0.652489125181	0.633639439343	0.798453359111	0.627839536008	0.61333977767	0.606089898502	0.541807636539	0.581923634606	0.666988883519	0.626389560174	0.617206379894	0.624456259062	0.719188013533	0.652972450459	0.632672788787	0.611889801837	0.603673272112	0.601739971	0.599806669889	0.667955534074	0.655389076849	0.594006766554	0.654905751571	0.652005799903	0.688255195747	0.640889318511	0.68293861769	0.647172547124	0.646689221846	0.658289028516	0.60415659739	0.612373127115	0.629772837119	0.609956500725	0.625422909618	0.671822136298	0.61575640406	0.654422426293	0.619623006283	0.633639439343
AC3	0.659255679072	0.568873852102	0.918318028033	0.621556307395	0.0	0.487191880135	0.652972450459	0.577090381827	0.574190430159	0.600773320445	0.62493958434	0.326244562591	0.605606573224	0.823102948284	0.610923151281	0.60415659739	0.622522957951	0.605606573224	0.868535524408	0.743837602707	0.742870952151	0.679555340744	0.733204446593	0.716288061866	0.828419526341	0.686805219913	0.665055582407	0.693088448526	0.668438859352	0.696955050749	0.713388110198	0.66892218463	0.612373127115	0.631222812953	0.633639439343	0.593040115998	0.639922667956	0.602223296278	0.584823586274	0.565973900435	0.571290478492	0.664572257129	0.654905751571	0.578540357661	0.650072498792	0.651522474625	0.59255679072	0.594490091832	0.588690188497	0.582890285162	0.599323344611	0.585790236829	0.541324311261	0.576607056549	0.594006766554	0.562107298212	0.641372643789	0.585306911551	0.620589656839	0.602706621556	0.623006283229	0.585306911551
AC4	0.581440309328	0.502174963751	0.957467375544	0.577090381827	0.487191880135	0.0	0.632672788787	0.426776220396	0.424842919285	0.519091348478	0.352827452876	0.39342677622	0.504108264862	0.85645239246	0.576607056549	0.53697438376	0.484291928468	0.462542290962	0.922667955534	0.739971000483	0.606089898502	0.535041082649	0.551474142098	0.536491058482	0.889318511358	0.587723537941	0.506041565974	0.519574673755	0.538424359594	0.572257129048	0.579023682939	0.521024649589	0.46302561624	0.46979217013	0.639922667956	0.563073948768	0.475108748188	0.523441275979	0.432576123731	0.529724504592	0.476558724021	0.683421942968	0.659255679072	0.51377477042	0.502658289029	0.490091831803	0.633639439343	0.573223779604	0.605123247946	0.572740454326	0.568873852102	0.60657322378	0.493958434026	0.500241662639	0.511358144031	0.482358627356	0.543257612373	0.605606573224	0.546157564041	0.577090381827	0.472692121798	0.551474142098
AD3	0.682455292412	0.594490091832	0.956984050266	0.686321894635	0.652972450459	0.632672788787	0.0	0.536491058482	0.64813919768	0.361527307878	0.689221846303	0.603189946834	0.647655872402	0.860318994683	0.588690188497	0.64572257129	0.690671822136	0.696955050749	0.934751087482	0.760270662156	0.720637989367	0.697921701305	0.702754954084	0.700338327695	0.91445142581	0.694055099082	0.707588206863	0.695505074915	0.695021749638	0.694055099082	0.727404543258	0.696955050749	0.639922667956	0.659255679072	0.74528757854	0.68293861769	0.688738521025	0.535524407927	0.648622522958	0.589173513775	0.593523441276	0.557274045433	0.541324311261	0.550507491542	0.708071532141	0.701788303528	0.770420492992	0.707104881585	0.743837602707	0.722087965201	0.704688255196	0.753504108265	0.665055582407	0.661672305462	0.684388593523	0.664572257129	0.642339294345	0.751570807153	0.646689221846	0.715804736588	0.699371677139	0.709038182697
AD4	0.595456742388	0.486708554857	0.948284195263	0.592073465442	0.577090381827	0.426776220396	0.536491058482	0.0	0.318028032866	0.404543257612	0.411793136781	0.491058482359	0.510874818753	0.853069115515	0.541324311261	0.536491058482	0.446592556791	0.421459642339	0.938134364427	0.756404059932	0.591590140164	0.49299178347	0.478492025133	0.475592073465	0.905751570807	0.606089898502	0.431609473175	0.45142580957	0.502174963751	0.560657322378	0.527307878202	0.488641855969	0.38666022233	0.434026099565	0.656355727405	0.58095698405	0.431609473175	0.484291928468	0.449975833736	0.523924601257	0.469308844853	0.643789270179	0.614306428226	0.478975350411	0.510391493475	0.490575157081	0.673272112131	0.60657322378	0.643789270179	0.621072982117	0.597873368777	0.645239246013	0.509908168197	0.521507974867	0.538907684872	0.523924601257	0.524891251812	0.642822619623	0.540357660706	0.620589656839	0.509424842919	0.600773320445
AE3	0.575157080715	0.5186080232	0.931367810536	0.591106814886	0.574190430159	0.424842919285	0.64813919768	0.318028032866	0.0	0.510391493475	0.401159980667	0.497825036249	0.523924601257	0.842435959401	0.574190430159	0.540357660706	0.456742387627	0.438859352344	0.920251329145	0.735621072982	0.559207346544	0.470275495408	0.478975350411	0.479942000967	0.888351860802	0.588690188497	0.440792653456	0.438859352344	0.48380860319	0.543257612373	0.533591106815	0.481875302078	0.396810053166	0.446592556791	0.667472208797	0.594006766554	0.440309328178	0.523924601257	0.452392460126	0.577573707105	0.520057999033	0.687771870469	0.655389076849	0.522474625423	0.500241662639	0.473175447076	0.672305461576	0.603673272112	0.642822619623	0.624456259062	0.601256645723	0.649105848236	0.514258095698	0.526824552924	0.537941034316	0.530691155147	0.545674238763	0.651522474625	0.5601739971	0.616723054616	0.504108264862	0.601739971
AE4	0.628806186564	0.528274528758	0.949734171097	0.619139681005	0.600773320445	0.519091348478	0.361527307878	0.404543257612	0.510391493475	0.0	0.575640405993	0.526341227646	0.576607056549	0.854035766071	0.552924117931	0.576607056549	0.585790236829	0.584823586274	0.939101014983	0.758337361044	0.652005799903	0.582890285162	0.602706621556	0.591106814886	0.913968100532	0.620589656839	0.588690188497	0.570807153214	0.578540357661	0.604639922668	0.640889318511	0.586756887385	0.522957950701	0.540840985984	0.695505074915	0.631706138231	0.575157080715	0.464475592073	0.534557757371	0.521991300145	0.50459159014	0.59497341711	0.5601739971	0.493958434026	0.588690188497	0.584823586274	0.713871435476	0.654905751571	0.694055099082	0.672305461576	0.648622522958	0.695021749638	0.587723537941	0.58337361044	0.599323344611	0.577573707105	0.568873852102	0.697438376027	0.585790236829	0.669405509908	0.581923634606	0.651522474625
AF3	0.619623006283	0.557274045433	0.975833736104	0.614306428226	0.62493958434	0.352827452876	0.689221846303	0.411793136781	0.401159980667	0.575640405993	0.0	0.519091348478	0.532141130981	0.875302078299	0.605123247946	0.577573707105	0.455292411793	0.424359594007	0.955534074432	0.778153697438	0.601739971	0.528274528758	0.458192363461	0.447075882069	0.916384726921	0.618656355727	0.451909134848	0.487675205413	0.53697438376	0.593523441276	0.52537457709	0.491541807637	0.424359594007	0.492508458192	0.673755437409	0.612856452392	0.405509908168	0.554374093765	0.440309328178	0.595456742388	0.526341227646	0.719188013533	0.696955050749	0.549057515708	0.501208313195	0.484775253746	0.669888835186	0.602223296278	0.653939101015	0.614306428226	0.599323344611	0.642339294345	0.537457709038	0.519091348478	0.532141130981	0.519574673755	0.577090381827	0.641855969067	0.579507008217	0.607056549058	0.500241662639	0.590140164331
AF4	0.594490091832	0.493475108748	0.937167713871	0.575157080715	0.326244562591	0.39342677622	0.603189946834	0.491058482359	0.497825036249	0.526341227646	0.519091348478	0.0	0.53939101015	0.840502658289	0.556790720155	0.526341227646	0.547124214596	0.535041082649	0.876268728855	0.710004833253	0.695988400193	0.625906234896	0.652972450459	0.642339294345	0.842435959401	0.634606089899	0.587723537941	0.618656355727	0.607539874335	0.633156114065	0.651039149348	0.60415659739	0.529241179314	0.551957467376	0.614306428226	0.535041082649	0.559690671822	0.537457709038	0.5186080232	0.497341710971	0.498791686805	0.619623006283	0.608989850169	0.511358144031	0.572740454326	0.570323827936	0.59497341711	0.531174480425	0.576607056549	0.53697438376	0.541324311261	0.563073948768	0.476075398743	0.493475108748	0.5186080232	0.489125181247	0.5601739971	0.561140647656	0.551474142098	0.544707588207	0.556790720155	0.513291445143
AG3	0.595940067666	0.482358627356	0.962783953601	0.447559207347	0.605606573224	0.504108264862	0.647655872402	0.510874818753	0.523924601257	0.576607056549	0.532141130981	0.53939101015	0.0	0.838569357177	0.535041082649	0.520541324311	0.519091348478	0.503624939584	0.927501208313	0.753020782987	0.673272112131	0.595456742388	0.600289995167	0.60415659739	0.893185113581	0.642339294345	0.546157564041	0.579990333494	0.594490091832	0.625422909618	0.641855969067	0.584340260996	0.52779120348	0.525857902368	0.669405509908	0.611406476559	0.551957467376	0.553407443209	0.520057999033	0.552924117931	0.51377477042	0.670372160464	0.646205896568	0.538424359594	0.572257129048	0.558724021266	0.631706138231	0.572257129048	0.623489608507	0.591590140164	0.580473658772	0.602706621556	0.510391493475	0.519091348478	0.542290961817	0.515708071532	0.542774287095	0.622039632673	0.543257612373	0.60415659739	0.516674722088	0.573223779604
AG4	0.846302561624	0.840985983567	0.363943934268	0.582890285162	0.823102948284	0.85645239246	0.860318994683	0.853069115515	0.842435959401	0.854035766071	0.875302078299	0.840502658289	0.838569357177	0.0	0.862252295795	0.840985983567	0.881101981634	0.878685355244	0.718221362977	0.677622039633	0.805703238279	0.822619623006	0.872885451909	0.869018849686	0.820202996617	0.81246979217	0.853552440793	0.846302561624	0.78008699855	0.763653939101	0.877718704688	0.863218946351	0.866602223296	0.866118898018	0.892701788304	0.877718704688	0.8796520058	0.851135814403	0.880135331078	0.876268728855	0.875302078299	0.847752537458	0.841469308845	0.854519091348	0.88883518608	0.881101981634	0.880135331078	0.879168680522	0.879168680522	0.879168680522	0.887868535524	0.881585306912	0.883035282745	0.876752054132	0.889801836636	0.881585306912	0.879168680522	0.883518608023	0.878685355244	0.885935234413	0.882551957467	0.881585306912
AH3	0.667472208797	0.37506041566	0.964233929435	0.593523441276	0.610923151281	0.576607056549	0.588690188497	0.541324311261	0.574190430159	0.552924117931	0.605123247946	0.556790720155	0.535041082649	0.862252295795	0.0	0.528274528758	0.601256645723	0.606089898502	0.933301111648	0.755437409377	0.712421459642	0.643305944901	0.64813919768	0.649589173514	0.90961817303	0.691155147414	0.639922667956	0.642822619623	0.656355727405	0.681005316578	0.697438376027	0.646689221846	0.547124214596	0.571290478492	0.71532141131	0.649589173514	0.633156114065	0.541324311261	0.599323344611	0.551957467376	0.555340744321	0.586273562107	0.567423876269	0.544224262929	0.651522474625	0.637989366844	0.716288061866	0.631222812953	0.672305461576	0.649105848236	0.657805703238	0.68293861769	0.59255679072	0.596423392943	0.614306428226	0.604639922668	0.582406959884	0.687771870469	0.566457225713	0.643789270179	0.608506524891	0.623489608507
AH4	0.340744320928	0.360077332044	0.937167713871	0.566940550991	0.60415659739	0.53697438376	0.64572257129	0.536491058482	0.540357660706	0.576607056549	0.577573707105	0.526341227646	0.520541324311	0.840985983567	0.528274528758	0.0	0.545190913485	0.550507491542	0.861768970517	0.700338327695	0.640889318511	0.56935717738	0.586273562107	0.587723537941	0.834702754954	0.60415659739	0.556790720155	0.5601739971	0.565490575157	0.585790236829	0.605123247946	0.561623972934	0.54857419043	0.549540840986	0.685838569357	0.62735621073	0.589173513775	0.574673755437	0.553890768487	0.552924117931	0.528757854036	0.665538907685	0.637506041566	0.563557274045	0.605606573224	0.60415659739	0.656839052682	0.590623489609	0.663122281295	0.612373127115	0.589656839053	0.62493958434	0.523924601257	0.51377477042	0.532141130981	0.521991300145	0.521507974867	0.627839536008	0.515224746254	0.619139681005	0.556790720155	0.591106814886
AA7	0.585790236829	0.551474142098	0.971967133881	0.606089898502	0.622522957951	0.484291928468	0.690671822136	0.446592556791	0.456742387627	0.585790236829	0.455292411793	0.547124214596	0.519091348478	0.881101981634	0.601256645723	0.545190913485	0.0	0.298211696472	0.916868052199	0.750604156597	0.600773320445	0.504108264862	0.506041565974	0.503141614306	0.876268728855	0.605123247946	0.452875785404	0.475108748188	0.519091348478	0.576123731271	0.528757854036	0.435476075399	0.426776220396	0.485258579024	0.708071532141	0.656355727405	0.479458675689	0.568390526825	0.481875302078	0.592073465442	0.541324311261	0.717254712421	0.697438376027	0.573707104882	0.544224262929	0.52779120348	0.670855485742	0.605123247946	0.66892218463	0.632672788787	0.585306911551	0.623006283229	0.521991300145	0.518124697922	0.533107781537	0.521507974867	0.541324311261	0.632189463509	0.53939101015	0.633156114065	0.515708071532	0.590623489609
AA8	0.577090381827	0.552924117931	0.972450459159	0.612373127115	0.605606573224	0.462542290962	0.696955050749	0.421459642339	0.438859352344	0.584823586274	0.424359594007	0.535041082649	0.503624939584	0.878685355244	0.606089898502	0.550507491542	0.298211696472	0.0	0.917834702755	0.751087481875	0.595940067666	0.494441759304	0.478975350411	0.478975350411	0.871435476075	0.595940067666	0.427259545674	0.469308844853	0.5186080232	0.572257129048	0.479458675689	0.396810053166	0.416143064282	0.471725471242	0.694055099082	0.6389560174	0.444175930401	0.561140647656	0.461092315128	0.595940067666	0.535524407927	0.722571290478	0.697438376027	0.559690671822	0.521991300145	0.503141614306	0.64813919768	0.586756887385	0.665055582407	0.618173030449	0.574190430159	0.60657322378	0.508458192363	0.505074915418	0.512808119865	0.506524891252	0.538424359594	0.611406476559	0.537457709038	0.620106331561	0.495891735138	0.580473658772
AB7	0.867568873852	0.888351860802	0.754954084099	0.749154180764	0.868535524408	0.922667955534	0.934751087482	0.938134364427	0.920251329145	0.939101014983	0.955534074432	0.876268728855	0.927501208313	0.718221362977	0.933301111648	0.861768970517	0.916868052199	0.917834702755	0.0	0.417109714838	0.806186563557	0.836636056066	0.928467858869	0.918318028033	0.725954567424	0.821169647173	0.880135331078	0.875785403577	0.757854035766	0.709521507975	0.881585306912	0.890768487192	0.9212179797	0.929917834703	0.943934267762	0.930401159981	0.956984050266	0.922184630256	0.947317544708	0.936684388594	0.938617689705	0.869018849686	0.880618656356	0.90961817303	0.955534074432	0.954084098598	0.918318028033	0.924117931368	0.931367810536	0.931367810536	0.92363460609	0.913968100532	0.913001449976	0.90961817303	0.916384726921	0.908651522475	0.917834702755	0.910584823586	0.910584823586	0.935717738038	0.949250845819	0.927017883035
AB8	0.705654905752	0.714354760754	0.753504108265	0.566940550991	0.743837602707	0.739971000483	0.760270662156	0.756404059932	0.735621072982	0.758337361044	0.778153697438	0.710004833253	0.753020782987	0.677622039633	0.755437409377	0.700338327695	0.750604156597	0.751087481875	0.417109714838	0.0	0.629772837119	0.660705654906	0.744320927985	0.732721121315	0.735621072982	0.646689221846	0.696955050749	0.690671822136	0.543257612373	0.525857902368	0.722571290478	0.724987916868	0.74770420493	0.748187530208	0.806186563557	0.754470758821	0.772837119381	0.73610439826	0.7593040116	0.754470758821	0.754954084099	0.704204929918	0.707588206863	0.725954567424	0.773803769937	0.769937167714	0.804253262446	0.749637506042	0.793620106332	0.761237312711	0.757854035766	0.777187046883	0.750604156597	0.744320927985	0.753020782987	0.741420976317	0.744804253262	0.764137264379	0.746737554374	0.75688738521	0.764137264379	0.749154180764
AC7	0.626872885452	0.664572257129	0.885935234413	0.64813919768	0.742870952151	0.606089898502	0.720637989367	0.591590140164	0.559207346544	0.652005799903	0.601739971	0.695988400193	0.673272112131	0.805703238279	0.712421459642	0.640889318511	0.600773320445	0.595940067666	0.806186563557	0.629772837119	0.0	0.370710488159	0.563557274045	0.577573707105	0.814403093282	0.587240212663	0.549540840986	0.508458192363	0.484291928468	0.481875302078	0.575640405993	0.556790720155	0.565973900435	0.594006766554	0.811503141614	0.74770420493	0.621072982117	0.640889318511	0.616239729338	0.70372160464	0.664572257129	0.705171580474	0.702271628806	0.643789270179	0.634606089899	0.614789753504	0.825519574674	0.760753987434	0.81246979217	0.78250362494	0.743354277429	0.78927017883	0.684871918801	0.679555340744	0.683905268246	0.678105364911	0.672788786854	0.789753504108	0.679072015466	0.765103914935	0.630739487675	0.757854035766
AC8	0.584823586274	0.588206863219	0.905751570807	0.595940067666	0.679555340744	0.535041082649	0.697921701305	0.49299178347	0.470275495408	0.582890285162	0.528274528758	0.625906234896	0.595456742388	0.822619623006	0.643305944901	0.56935717738	0.504108264862	0.494441759304	0.836636056066	0.660705654906	0.370710488159	0.0	0.488641855969	0.486708554857	0.841952634123	0.557274045433	0.391976800387	0.364427259546	0.427742870952	0.474142097632	0.516674722088	0.474142097632	0.475108748188	0.51619139681	0.732721121315	0.67133881102	0.530691155147	0.572257129048	0.535041082649	0.625906234896	0.58337361044	0.678105364911	0.651522474625	0.575157080715	0.566940550991	0.541807636539	0.74528757854	0.666505558241	0.739004349928	0.708554857419	0.656355727405	0.700821652972	0.599323344611	0.593523441276	0.597390043499	0.597873368777	0.586273562107	0.699371677139	0.596906718221	0.694055099082	0.545190913485	0.669888835186
AD7	0.597390043499	0.59497341711	0.956500724988	0.652489125181	0.733204446593	0.551474142098	0.702754954084	0.478492025133	0.478975350411	0.602706621556	0.458192363461	0.652972450459	0.600289995167	0.872885451909	0.64813919768	0.586273562107	0.506041565974	0.478975350411	0.928467858869	0.744320927985	0.563557274045	0.488641855969	0.0	0.300144997583	0.895601739971	0.516674722088	0.434992750121	0.452875785404	0.502174963751	0.549057515708	0.503624939584	0.475592073465	0.474142097632	0.538907684872	0.75688738521	0.690671822136	0.50700821653	0.594006766554	0.546640889319	0.642822619623	0.602706621556	0.721121314645	0.696955050749	0.612856452392	0.566457225713	0.5601739971	0.7593040116	0.68293861769	0.749154180764	0.718221362977	0.672788786854	0.712421459642	0.617206379894	0.614306428226	0.608023199613	0.612373127115	0.587240212663	0.716771387144	0.600773320445	0.702271628806	0.572740454326	0.681488641856
AD8	0.597873368777	0.591590140164	0.951667472209	0.633639439343	0.716288061866	0.536491058482	0.700338327695	0.475592073465	0.479942000967	0.591106814886	0.447075882069	0.642339294345	0.60415659739	0.869018849686	0.649589173514	0.587723537941	0.503141614306	0.478975350411	0.918318028033	0.732721121315	0.577573707105	0.486708554857	0.300144997583	0.0	0.861768970517	0.48380860319	0.422909618173	0.453359110681	0.485741904302	0.537941034316	0.494925084582	0.458192363461	0.479458675689	0.536007733204	0.745770903818	0.675688738521	0.492025132914	0.582890285162	0.52779120348	0.629772837119	0.585306911551	0.725471242146	0.693571773804	0.599806669889	0.551474142098	0.55099081682	0.753504108265	0.676655389077	0.740937651039	0.711938134364	0.668438859352	0.710004833253	0.618173030449	0.604639922668	0.601256645723	0.604639922668	0.600289995167	0.714838086032	0.608023199613	0.696955050749	0.558724021266	0.676655389077
AE7	0.827452875785	0.86805219913	0.852102464959	0.798453359111	0.828419526341	0.889318511358	0.91445142581	0.905751570807	0.888351860802	0.913968100532	0.916384726921	0.842435959401	0.893185113581	0.820202996617	0.90961817303	0.834702754954	0.876268728855	0.871435476075	0.725954567424	0.735621072982	0.814403093282	0.841952634123	0.895601739971	0.861768970517	0.0	0.544224262929	0.862735621073	0.859352344128	0.776220396327	0.760753987434	0.836152730788	0.841952634123	0.897051715805	0.902368293862	0.928467858869	0.917351377477	0.9212179797	0.899468342194	0.909134847753	0.890285161914	0.901401643306	0.882068632189	0.880618656356	0.878202029966	0.929917834703	0.930884485259	0.890285161914	0.90043499275	0.90961817303	0.896085065249	0.903334944418	0.890768487192	0.88883518608	0.89125181247	0.898018366361	0.887868535524	0.906718221363	0.894151764137	0.892218463026	0.91445142581	0.918801353311	0.90043499275
AE8	0.592073465442	0.621072982117	0.893668438859	0.627839536008	0.686805219913	0.587723537941	0.694055099082	0.606089898502	0.588690188497	0.620589656839	0.618656355727	0.634606089899	0.642339294345	0.81246979217	0.691155147414	0.60415659739	0.605123247946	0.595940067666	0.821169647173	0.646689221846	0.587240212663	0.557274045433	0.516674722088	0.48380860319	0.544224262929	0.0	0.568873852102	0.565973900435	0.517641372644	0.509908168197	0.573223779604	0.56259062349	0.607539874335	0.608506524891	0.762687288545	0.703238279362	0.625422909618	0.607056549058	0.61333977767	0.658289028516	0.62735621073	0.697438376027	0.677138714355	0.61333977767	0.625422909618	0.634606089899	0.75688738521	0.68970517158	0.751087481875	0.707104881585	0.685838569357	0.731754470759	0.655872402127	0.644755920735	0.640405993233	0.638472692122	0.641855969067	0.725471242146	0.65055582407	0.705171580474	0.627839536008	0.693088448526
AF7	0.579507008217	0.559207346544	0.934751087482	0.61333977767	0.665055582407	0.506041565974	0.707588206863	0.431609473175	0.440792653456	0.588690188497	0.451909134848	0.587723537941	0.546157564041	0.853552440793	0.639922667956	0.556790720155	0.452875785404	0.427259545674	0.880135331078	0.696955050749	0.549540840986	0.391976800387	0.434992750121	0.422909618173	0.862735621073	0.568873852102	0.0	0.320927984534	0.461575640406	0.520541324311	0.481875302078	0.473658772354	0.432092798453	0.475108748188	0.697921701305	0.63653939101	0.463508941518	0.547124214596	0.498308361527	0.592073465442	0.541324311261	0.700821652972	0.670372160464	0.553407443209	0.533591106815	0.51619139681	0.681971967134	0.616239729338	0.686321894635	0.654905751571	0.604639922668	0.648622522958	0.551474142098	0.541807636539	0.544707588207	0.548090865152	0.555340744321	0.64813919768	0.565007249879	0.644272595457	0.505074915418	0.618656355727
AF8	0.569840502658	0.566940550991	0.930884485259	0.606089898502	0.693088448526	0.519574673755	0.695505074915	0.45142580957	0.438859352344	0.570807153214	0.487675205413	0.618656355727	0.579990333494	0.846302561624	0.642822619623	0.5601739971	0.475108748188	0.469308844853	0.875785403577	0.690671822136	0.508458192363	0.364427259546	0.452875785404	0.453359110681	0.859352344128	0.565973900435	0.320927984534	0.0	0.445142580957	0.502174963751	0.515224746254	0.462058965684	0.433059449009	0.49540840986	0.714838086032	0.652972450459	0.485741904302	0.544224262929	0.506041565974	0.598356694055	0.561623972934	0.682455292412	0.649589173514	0.552440792653	0.546157564041	0.526824552924	0.702754954084	0.636056065732	0.711938134364	0.681005316578	0.628806186564	0.669405509908	0.570807153214	0.565007249879	0.568390526825	0.567907201547	0.555340744321	0.669888835186	0.564040599323	0.67133881102	0.521507974867	0.637022716288
AG7	0.586756887385	0.58337361044	0.861285645239	0.541807636539	0.668438859352	0.538424359594	0.695021749638	0.502174963751	0.48380860319	0.578540357661	0.53697438376	0.607539874335	0.594490091832	0.78008699855	0.656355727405	0.565490575157	0.519091348478	0.5186080232	0.757854035766	0.543257612373	0.484291928468	0.427742870952	0.502174963751	0.485741904302	0.776220396327	0.517641372644	0.461575640406	0.445142580957	0.0	0.311261478975	0.544224262929	0.503624939584	0.50459159014	0.53697438376	0.734654422426	0.664088931851	0.533591106815	0.563073948768	0.535041082649	0.612373127115	0.578540357661	0.662155630739	0.639922667956	0.558240695988	0.577573707105	0.579023682939	0.738037699372	0.661188980184	0.720154664089	0.693088448526	0.648622522958	0.696955050749	0.603673272112	0.597873368777	0.597873368777	0.595456742388	0.597873368777	0.695505074915	0.615273078782	0.673272112131	0.572257129048	0.658289028516
AG8	0.580473658772	0.612856452392	0.84485258579	0.581923634606	0.696955050749	0.572257129048	0.694055099082	0.560657322378	0.543257612373	0.604639922668	0.593523441276	0.633156114065	0.625422909618	0.763653939101	0.681005316578	0.585790236829	0.576123731271	0.572257129048	0.709521507975	0.525857902368	0.481875302078	0.474142097632	0.549057515708	0.537941034316	0.760753987434	0.509908168197	0.520541324311	0.502174963751	0.311261478975	0.0	0.563073948768	0.547124214596	0.55775737071	0.570323827936	0.764620589657	0.700338327695	0.590140164331	0.588690188497	0.569840502658	0.645239246013	0.607539874335	0.67133881102	0.657805703238	0.590140164331	0.610923151281	0.609473175447	0.761720637989	0.687771870469	0.742870952151	0.714354760754	0.677622039633	0.724987916868	0.630739487675	0.625422909618	0.62735621073	0.621072982117	0.62735621073	0.719671338811	0.644272595457	0.695505074915	0.605123247946	0.683421942968
AH7	0.589656839053	0.631706138231	0.949734171097	0.666988883519	0.713388110198	0.579023682939	0.727404543258	0.527307878202	0.533591106815	0.640889318511	0.52537457709	0.651039149348	0.641855969067	0.877718704688	0.697438376027	0.605123247946	0.528757854036	0.479458675689	0.881585306912	0.722571290478	0.575640405993	0.516674722088	0.503624939584	0.494925084582	0.836152730788	0.573223779604	0.481875302078	0.515224746254	0.544224262929	0.563073948768	0.0	0.321894635089	0.563557274045	0.611406476559	0.782986950217	0.733204446593	0.55099081682	0.646689221846	0.593040115998	0.659255679072	0.633156114065	0.760753987434	0.746254229096	0.65055582407	0.630256162397	0.62493958434	0.766070565491	0.712421459642	0.776220396327	0.722087965201	0.695021749638	0.734654422426	0.635089415176	0.627839536008	0.62493958434	0.632189463509	0.628322861286	0.736587723538	0.626872885452	0.724987916868	0.617206379894	0.714354760754
AH8	0.563073948768	0.586756887385	0.953117448043	0.626389560174	0.66892218463	0.521024649589	0.696955050749	0.488641855969	0.481875302078	0.586756887385	0.491541807637	0.60415659739	0.584340260996	0.863218946351	0.646689221846	0.561623972934	0.435476075399	0.396810053166	0.890768487192	0.724987916868	0.556790720155	0.474142097632	0.475592073465	0.458192363461	0.841952634123	0.56259062349	0.473658772354	0.462058965684	0.503624939584	0.547124214596	0.321894635089	0.0	0.494925084582	0.550507491542	0.74528757854	0.687288545191	0.508941517641	0.588690188497	0.534074432093	0.607056549058	0.577573707105	0.722571290478	0.697921701305	0.594490091832	0.568390526825	0.563557274045	0.708554857419	0.654422426293	0.72450459159	0.673755437409	0.634606089899	0.675688738521	0.576607056549	0.564040599323	0.57177380377	0.574673755437	0.571290478492	0.676172063799	0.573223779604	0.66892218463	0.552924117931	0.654422426293
AA5	0.600289995167	0.521024649589	0.958917351377	0.617206379894	0.612373127115	0.46302561624	0.639922667956	0.38666022233	0.396810053166	0.522957950701	0.424359594007	0.529241179314	0.52779120348	0.866602223296	0.547124214596	0.54857419043	0.426776220396	0.416143064282	0.9212179797	0.74770420493	0.565973900435	0.475108748188	0.474142097632	0.479458675689	0.897051715805	0.607539874335	0.432092798453	0.433059449009	0.50459159014	0.55775737071	0.563557274045	0.494925084582	0.0	0.336877718705	0.670372160464	0.59255679072	0.456259062349	0.465925567907	0.465925567907	0.534074432093	0.4813919768	0.624456259062	0.593040115998	0.47220879652	0.514741420976	0.474142097632	0.69453842436	0.625906234896	0.666505558241	0.644755920735	0.623489608507	0.670372160464	0.522474625423	0.539874335428	0.555824069599	0.538424359594	0.535041082649	0.668438859352	0.554857419043	0.635572740454	0.500241662639	0.616239729338
AA6	0.599323344611	0.527307878202	0.959884001933	0.624456259062	0.631222812953	0.46979217013	0.659255679072	0.434026099565	0.446592556791	0.540840985984	0.492508458192	0.551957467376	0.525857902368	0.866118898018	0.571290478492	0.549540840986	0.485258579024	0.471725471242	0.929917834703	0.748187530208	0.594006766554	0.51619139681	0.538907684872	0.536007733204	0.902368293862	0.608506524891	0.475108748188	0.49540840986	0.53697438376	0.570323827936	0.611406476559	0.550507491542	0.336877718705	0.0	0.666988883519	0.583856935718	0.500241662639	0.494925084582	0.472692121798	0.55099081682	0.491058482359	0.652489125181	0.623972933784	0.504108264862	0.451909134848	0.427742870952	0.685355244079	0.616723054616	0.65973900435	0.637022716288	0.61333977767	0.65732237796	0.520541324311	0.53020782987	0.548090865152	0.532141130981	0.536007733204	0.656355727405	0.55775737071	0.628322861286	0.514741420976	0.612373127115
AB5	0.753987433543	0.665055582407	0.973900434993	0.719188013533	0.633639439343	0.639922667956	0.74528757854	0.656355727405	0.667472208797	0.695505074915	0.673755437409	0.614306428226	0.669405509908	0.892701788304	0.71532141131	0.685838569357	0.708071532141	0.694055099082	0.943934267762	0.806186563557	0.811503141614	0.732721121315	0.75688738521	0.745770903818	0.928467858869	0.762687288545	0.697921701305	0.714838086032	0.734654422426	0.764620589657	0.782986950217	0.74528757854	0.670372160464	0.666988883519	0.0	0.31706138231	0.630739487675	0.67133881102	0.623972933784	0.623972933784	0.61575640406	0.740454325761	0.73368777187	0.651522474625	0.622039632673	0.620106331561	0.623006283229	0.612373127115	0.631706138231	0.597390043499	0.617206379894	0.609473175447	0.588690188497	0.597873368777	0.611889801837	0.61333977767	0.670372160464	0.60657322378	0.662155630739	0.608023199613	0.676655389077	0.611406476559
AB6	0.69453842436	0.598840019333	0.963267278879	0.652972450459	0.593040115998	0.563073948768	0.68293861769	0.58095698405	0.594006766554	0.631706138231	0.612856452392	0.535041082649	0.611406476559	0.877718704688	0.649589173514	0.62735621073	0.656355727405	0.6389560174	0.930401159981	0.754470758821	0.74770420493	0.67133881102	0.690671822136	0.675688738521	0.917351377477	0.703238279362	0.63653939101	0.652972450459	0.664088931851	0.700338327695	0.733204446593	0.687288545191	0.59255679072	0.583856935718	0.31706138231	0.0	0.577573707105	0.592073465442	0.570807153214	0.566940550991	0.555824069599	0.663122281295	0.64572257129	0.5601739971	0.550507491542	0.551474142098	0.60415659739	0.54857419043	0.592073465442	0.550024166264	0.559690671822	0.589656839053	0.526824552924	0.554857419043	0.574673755437	0.566457225713	0.609956500725	0.576123731271	0.608023199613	0.551474142098	0.621072982117	0.545674238763
AC5	0.612856452392	0.581923634606	0.975350410826	0.632672788787	0.639922667956	0.475108748188	0.688738521025	0.431609473175	0.440309328178	0.575157080715	0.405509908168	0.559690671822	0.551957467376	0.8796520058	0.633156114065	0.589173513775	0.479458675689	0.444175930401	0.956984050266	0.772837119381	0.621072982117	0.530691155147	0.50700821653	0.492025132914	0.9212179797	0.625422909618	0.463508941518	0.485741904302	0.533591106815	0.590140164331	0.55099081682	0.508941517641	0.456259062349	0.500241662639	0.630739487675	0.577573707105	0.0	0.457225712905	0.440792653456	0.574190430159	0.521507974867	0.71290478492	0.678588690188	0.549540840986	0.47220879652	0.463508941518	0.61575640406	0.559207346544	0.632189463509	0.579507008217	0.5601739971	0.593040115998	0.506524891252	0.480908651522	0.498308361527	0.488641855969	0.575157080715	0.599806669889	0.579990333494	0.57177380377	0.511358144031	0.558240695988
AC6	0.61575640406	0.518124697922	0.948284195263	0.611889801837	0.602223296278	0.523441275979	0.535524407927	0.484291928468	0.523924601257	0.464475592073	0.554374093765	0.537457709038	0.553407443209	0.851135814403	0.541324311261	0.574673755437	0.568390526825	0.561140647656	0.922184630256	0.73610439826	0.640889318511	0.572257129048	0.594006766554	0.582890285162	0.899468342194	0.607056549058	0.547124214596	0.544224262929	0.563073948768	0.588690188497	0.646689221846	0.588690188497	0.465925567907	0.494925084582	0.67133881102	0.592073465442	0.457225712905	0.0	0.520541324311	0.496375060416	0.496375060416	0.476558724021	0.439342677622	0.411309811503	0.5601739971	0.554374093765	0.688255195747	0.628322861286	0.666505558241	0.636056065732	0.629772837119	0.670855485742	0.577573707105	0.565007249879	0.587723537941	0.565007249879	0.556790720155	0.670855485742	0.573707104882	0.62735621073	0.552924117931	0.623972933784
AD6	0.597873368777	0.540357660706	0.971483808603	0.603673272112	0.584823586274	0.432576123731	0.648622522958	0.449975833736	0.452392460126	0.534557757371	0.440309328178	0.5186080232	0.520057999033	0.880135331078	0.599323344611	0.553890768487	0.481875302078	0.461092315128	0.947317544708	0.7593040116	0.616239729338	0.535041082649	0.546640889319	0.52779120348	0.909134847753	0.61333977767	0.498308361527	0.506041565974	0.535041082649	0.569840502658	0.593040115998	0.534074432093	0.465925567907	0.472692121798	0.623972933784	0.570807153214	0.440792653456	0.520541324311	0.0	0.52537457709	0.431609473175	0.699371677139	0.669888835186	0.530691155147	0.466892218463	0.465925567907	0.611406476559	0.542290961817	0.600773320445	0.55775737071	0.552924117931	0.585790236829	0.482841952634	0.458192363461	0.481875302078	0.457709038183	0.545190913485	0.59255679072	0.546640889319	0.561140647656	0.470275495408	0.538424359594
AE5	0.621556307395	0.503141614306	0.973417109715	0.601739971	0.565973900435	0.529724504592	0.589173513775	0.523924601257	0.577573707105	0.521991300145	0.595456742388	0.497341710971	0.552924117931	0.876268728855	0.551957467376	0.552924117931	0.592073465442	0.595940067666	0.936684388594	0.754470758821	0.70372160464	0.625906234896	0.642822619623	0.629772837119	0.890285161914	0.658289028516	0.592073465442	0.598356694055	0.612373127115	0.645239246013	0.659255679072	0.607056549058	0.534074432093	0.55099081682	0.623972933784	0.566940550991	0.574190430159	0.496375060416	0.52537457709	0.0	0.343160947318	0.606089898502	0.579507008217	0.498791686805	0.601256645723	0.607539874335	0.665055582407	0.603673272112	0.631222812953	0.605606573224	0.61575640406	0.646205896568	0.519574673755	0.538907684872	0.579990333494	0.539874335428	0.542290961817	0.651522474625	0.538424359594	0.60415659739	0.562107298212	0.601256645723
AE6	0.594490091832	0.494925084582	0.971967133881	0.599806669889	0.571290478492	0.476558724021	0.593523441276	0.469308844853	0.520057999033	0.50459159014	0.526341227646	0.498791686805	0.51377477042	0.875302078299	0.555340744321	0.528757854036	0.541324311261	0.535524407927	0.938617689705	0.754954084099	0.664572257129	0.58337361044	0.602706621556	0.585306911551	0.901401643306	0.62735621073	0.541324311261	0.561623972934	0.578540357661	0.607539874335	0.633156114065	0.577573707105	0.4813919768	0.491058482359	0.61575640406	0.555824069599	0.521507974867	0.496375060416	0.431609473175	0.343160947318	0.0	0.640405993233	0.616723054616	0.48380860319	0.542774287095	0.546157564041	0.65973900435	0.589656839053	0.622522957951	0.595940067666	0.597390043499	0.631706138231	0.496375060416	0.494925084582	0.520057999033	0.498791686805	0.516674722088	0.635089415176	0.526341227646	0.588206863219	0.502658289029	0.585306911551
AF5	0.713871435476	0.613823102948	0.936684388594	0.667955534074	0.664572257129	0.683421942968	0.557274045433	0.643789270179	0.687771870469	0.59497341711	0.719188013533	0.619623006283	0.670372160464	0.847752537458	0.586273562107	0.665538907685	0.717254712421	0.722571290478	0.869018849686	0.704204929918	0.705171580474	0.678105364911	0.721121314645	0.725471242146	0.882068632189	0.697438376027	0.700821652972	0.682455292412	0.662155630739	0.67133881102	0.760753987434	0.722571290478	0.624456259062	0.652489125181	0.740454325761	0.663122281295	0.71290478492	0.476558724021	0.699371677139	0.606089898502	0.640405993233	0.0	0.283228612856	0.533591106815	0.727887868536	0.717738037699	0.770420492992	0.719671338811	0.745770903818	0.71532141131	0.729337844369	0.756404059932	0.695505074915	0.704204929918	0.731271145481	0.707104881585	0.677138714355	0.755437409377	0.673272112131	0.702271628806	0.717254712421	0.716288061866
AF6	0.699855002417	0.587723537941	0.931851135814	0.655389076849	0.654905751571	0.659255679072	0.541324311261	0.614306428226	0.655389076849	0.5601739971	0.696955050749	0.608989850169	0.646205896568	0.841469308845	0.567423876269	0.637506041566	0.697438376027	0.697438376027	0.880618656356	0.707588206863	0.702271628806	0.651522474625	0.696955050749	0.693571773804	0.880618656356	0.677138714355	0.670372160464	0.649589173514	0.639922667956	0.657805703238	0.746254229096	0.697921701305	0.593040115998	0.623972933784	0.73368777187	0.64572257129	0.678588690188	0.439342677622	0.669888835186	0.579507008217	0.616723054616	0.283228612856	0.0	0.504108264862	0.70130497825	0.68970517158	0.756404059932	0.688738521025	0.725954567424	0.696471725471	0.704204929918	0.742870952151	0.667472208797	0.673755437409	0.702754954084	0.677622039633	0.638472692122	0.732237796037	0.646205896568	0.683905268246	0.691638472692	0.687771870469
