	AA3	AA4	AB3	AB4	AC3	AC4	AD3	AD4	AE3	AE4	AF3	AF4	AG3	AG4	AH3	AH4	AA7	AA8	AB7	AB8	AC7	AC8	AD7	AD8	AE7	AE8	AF7	AF8	AG7	AG8	AH7	AH8	AA5	AA6	AB5	AB6	AC5	AC6	AD6	AE5	AE6	AF5	AF6	AG5	AH5	AH6	AA1	AA2	AB1	AB2	AC1	AC2	AD1	AD2	AE1	AE2	AF1	AF2	AG1	AG2	AH1	AH2
AA3	0.0	0.484291928468	0.924117931368	0.639439342678	0.65973900435	0.572740454326	0.672305461576	0.573223779604	0.578540357661	0.634122764621	0.609473175447	0.609473175447	0.586273562107	0.843885935234	0.667955534074	0.327694538424	0.570807153214	0.557274045433	0.855002416626	0.718704688255	0.608989850169	0.55775737071	0.594490091832	0.591590140164	0.822619623006	0.578540357661	0.564523924601	0.549057515708	0.5601739971	0.562107298212	0.581923634606	0.564523924601	0.593040115998	0.594490091832	0.750604156597	0.690188496858	0.59497341711	0.617206379894	0.602706621556	0.619623006283	0.599323344611	0.716288061866	0.685838569357	0.622522957951	0.618173030449	0.597390043499	0.683905268246	0.654905751571	0.704204929918	0.662155630739	0.666505558241	0.667955534074	0.574190430159	0.568873852102	0.557274045433	0.565973900435	0.587723537941	0.675688738521	0.587240212663	0.678588690188	0.572257129048	0.636056065732
AA4	0.484291928468	0.0	0.94683421943	0.579023682939	0.580473658772	0.479458675689	0.590623489609	0.474142097632	0.502658289029	0.520057999033	0.535524407927	0.518124697922	0.47220879652	0.864668922185	0.390043499275	0.360077332044	0.52779120348	0.530691155147	0.890768487192	0.735137747704	0.646205896568	0.561140647656	0.574190430159	0.577573707105	0.870952150797	0.599323344611	0.534557757371	0.536007733204	0.575157080715	0.594490091832	0.614306428226	0.568873852102	0.506041565974	0.505074915418	0.673755437409	0.599806669889	0.565490575157	0.51619139681	0.532624456259	0.5186080232	0.490091831803	0.642339294345	0.602223296278	0.521991300145	0.579990333494	0.555824069599	0.641372643789	0.588206863219	0.621072982117	0.597873368777	0.608023199613	0.632672788787	0.512324794587	0.50700821653	0.510391493475	0.523441275979	0.502658289029	0.619139681005	0.517158047366	0.608989850169	0.505558240696	0.565490575157
AB3	0.924117931368	0.94683421943	0.0	0.672788786854	0.90961817303	0.954567423876	0.954084098598	0.937167713871	0.935717738038	0.950217496375	0.970033832769	0.930884485259	0.960850652489	0.346544224263	0.960850652489	0.939101014983	0.968100531658	0.966167230546	0.733204446593	0.74528757854	0.887868535524	0.905751570807	0.953117448043	0.951184146931	0.847752537458	0.898018366361	0.940067665539	0.921701304978	0.838569357177	0.829386176897	0.949250845819	0.947317544708	0.955534074432	0.958917351377	0.968100531658	0.963750604157	0.969550507492	0.948767520541	0.969067182214	0.970033832769	0.970033832769	0.93523441276	0.919768003867	0.948284195263	0.973417109715	0.971483808603	0.970517158047	0.968100531658	0.96520057999	0.968583856936	0.971000483325	0.96761720638	0.971483808603	0.971483808603	0.974867085549	0.971000483325	0.970033832769	0.966650555824	0.968583856936	0.970033832769	0.968583856936	0.967133881102
AB4	0.639439342678	0.579023682939	0.672788786854	0.0	0.635089415176	0.611406476559	0.684871918801	0.620589656839	0.635572740454	0.637506041566	0.647172547124	0.625422909618	0.489608506525	0.573223779604	0.612373127115	0.60415659739	0.649105848236	0.64813919768	0.717738037699	0.570807153214	0.669405509908	0.632189463509	0.666988883519	0.667955534074	0.788303528275	0.640889318511	0.658289028516	0.636056065732	0.546640889319	0.575157080715	0.702754954084	0.661188980184	0.654422426293	0.660222329628	0.726437892702	0.685355244079	0.663122281295	0.641372643789	0.642339294345	0.643305944901	0.632189463509	0.665538907685	0.649105848236	0.647172547124	0.698888351861	0.681488641856	0.695988400193	0.667955534074	0.681971967134	0.668438859352	0.683905268246	0.677138714355	0.637989366844	0.653455775737	0.663122281295	0.644755920735	0.649589173514	0.673755437409	0.642822619623	0.675688738521	0.657805703238	0.656839052682
AC3	0.65973900435	0.580473658772	0.90961817303	0.635089415176	0.0	0.507491541808	0.631222812953	0.542290961817	0.575640405993	0.585306911551	0.61333977767	0.327694538424	0.612856452392	0.832286128565	0.618173030449	0.615273078782	0.630256162397	0.623972933784	0.863218946351	0.751087481875	0.731271145481	0.681488641856	0.720154664089	0.721121314645	0.829869502175	0.68293861769	0.656355727405	0.669405509908	0.666022232963	0.676655389077	0.717254712421	0.663122281295	0.621072982117	0.624456259062	0.63653939101	0.596423392943	0.632189463509	0.574190430159	0.598840019333	0.556790720155	0.556307394877	0.647655872402	0.638472692122	0.551957467376	0.658772353794	0.646689221846	0.602706621556	0.591590140164	0.586273562107	0.577573707105	0.610439826003	0.600773320445	0.543740937651	0.575157080715	0.597873368777	0.577090381827	0.628322861286	0.591590140164	0.626872885452	0.601739971	0.61333977767	0.59255679072
AC4	0.572740454326	0.479458675689	0.954567423876	0.611406476559	0.507491541808	0.0	0.618173030449	0.419526341228	0.422426292895	0.514741420976	0.343160947318	0.431609473175	0.498308361527	0.874818753021	0.575157080715	0.524407926535	0.489608506525	0.471725471242	0.932334461092	0.758820686322	0.589656839053	0.534074432093	0.526824552924	0.524891251812	0.902368293862	0.589173513775	0.492508458192	0.497341710971	0.531657805703	0.555340744321	0.581923634606	0.524891251812	0.466408893185	0.462542290962	0.649589173514	0.58095698405	0.476558724021	0.505558240696	0.431126147898	0.549540840986	0.465925567907	0.688738521025	0.654422426293	0.506524891252	0.521507974867	0.478975350411	0.633639439343	0.581923634606	0.597390043499	0.588690188497	0.598840019333	0.616239729338	0.482841952634	0.498308361527	0.505074915418	0.503624939584	0.540840985984	0.609473175447	0.545674238763	0.588690188497	0.455775737071	0.559207346544
AD3	0.672305461576	0.590623489609	0.954084098598	0.684871918801	0.631222812953	0.618173030449	0.0	0.522957950701	0.628322861286	0.372160463992	0.664572257129	0.591106814886	0.634606089899	0.874818753021	0.577573707105	0.638472692122	0.674238762687	0.678588690188	0.938134364427	0.771387143548	0.712421459642	0.683905268246	0.69212179797	0.691638472692	0.913968100532	0.685838569357	0.691155147414	0.685838569357	0.681971967134	0.678588690188	0.713388110198	0.684388593523	0.629772837119	0.643789270179	0.735621072982	0.66892218463	0.669405509908	0.539874335428	0.629289511841	0.551474142098	0.570323827936	0.55099081682	0.520541324311	0.543257612373	0.690188496858	0.674722087965	0.764620589657	0.709038182697	0.72692121798	0.71290478492	0.713871435476	0.740937651039	0.646689221846	0.658772353794	0.672788786854	0.651039149348	0.620589656839	0.729337844369	0.636056065732	0.711938134364	0.680038666022	0.706621556307
AD4	0.573223779604	0.474142097632	0.937167713871	0.620589656839	0.542290961817	0.419526341228	0.522957950701	0.0	0.311744804253	0.408409859836	0.426292895118	0.482841952634	0.507491541808	0.857419043016	0.546640889319	0.519574673755	0.462542290962	0.443209279845	0.928467858869	0.75688738521	0.574190430159	0.496375060416	0.501691638473	0.499275012083	0.894151764137	0.583856935718	0.439342677622	0.448525857902	0.487675205413	0.549057515708	0.544224262929	0.492508458192	0.387626872885	0.439342677622	0.657805703238	0.578540357661	0.446592556791	0.46979217013	0.440309328178	0.537941034316	0.458675688739	0.646205896568	0.606089898502	0.461092315128	0.52779120348	0.4813919768	0.664572257129	0.610923151281	0.635572740454	0.614789753504	0.626389560174	0.657805703238	0.508458192363	0.515224746254	0.5186080232	0.52779120348	0.524407926535	0.643789270179	0.536491058482	0.618173030449	0.490575157081	0.593523441276
AE3	0.578540357661	0.502658289029	0.935717738038	0.635572740454	0.575640405993	0.422426292895	0.628322861286	0.311744804253	0.0	0.507491541808	0.406476558724	0.517158047366	0.521991300145	0.862735621073	0.575640405993	0.531174480425	0.458192363461	0.440309328178	0.925567907202	0.755920734654	0.56259062349	0.489608506525	0.489125181247	0.488158530691	0.896568390527	0.591106814886	0.433059449009	0.426292895118	0.488158530691	0.548090865152	0.546157564041	0.499758337361	0.394876752054	0.448525857902	0.666022232963	0.593523441276	0.435476075399	0.50700821653	0.445142580957	0.587240212663	0.496375060416	0.682455292412	0.640405993233	0.499275012083	0.518124697922	0.473175447076	0.668438859352	0.61333977767	0.629289511841	0.625422909618	0.623489608507	0.655872402127	0.517641372644	0.520057999033	0.528757854036	0.540840985984	0.544224262929	0.644755920735	0.560657322378	0.618656355727	0.491058482359	0.592073465442
AE4	0.634122764621	0.520057999033	0.950217496375	0.637506041566	0.585306911551	0.514741420976	0.372160463992	0.408409859836	0.507491541808	0.0	0.559690671822	0.534557757371	0.574673755437	0.869018849686	0.550507491542	0.575157080715	0.577090381827	0.579023682939	0.937651039149	0.772353794103	0.65055582407	0.592073465442	0.599323344611	0.590623489609	0.914934751087	0.614306428226	0.585306911551	0.578057032383	0.578057032383	0.599323344611	0.643305944901	0.586273562107	0.520541324311	0.545190913485	0.695988400193	0.621556307395	0.56935717738	0.45142580957	0.538907684872	0.511358144031	0.51377477042	0.579507008217	0.546640889319	0.487675205413	0.616723054616	0.586756887385	0.704688255196	0.650072498792	0.679072015466	0.66892218463	0.67133881102	0.690671822136	0.591590140164	0.595456742388	0.591106814886	0.599323344611	0.564040599323	0.68293861769	0.578540357661	0.666022232963	0.576607056549	0.640889318511
AF3	0.609473175447	0.535524407927	0.970033832769	0.647172547124	0.61333977767	0.343160947318	0.664572257129	0.426292895118	0.406476558724	0.559690671822	0.0	0.524891251812	0.527307878202	0.890768487192	0.617689705172	0.565007249879	0.449492508458	0.428709521508	0.955534074432	0.787820202997	0.591590140164	0.544224262929	0.440309328178	0.436926051232	0.918801353311	0.614306428226	0.443692605123	0.478008699855	0.529241179314	0.579990333494	0.522474625423	0.50700821653	0.429676172064	0.487191880135	0.662638956017	0.612856452392	0.417593040116	0.536491058482	0.426776220396	0.600773320445	0.515224746254	0.711938134364	0.679072015466	0.524891251812	0.524891251812	0.4813919768	0.656839052682	0.609473175447	0.637506041566	0.608989850169	0.617206379894	0.643305944901	0.525857902368	0.511841469309	0.522474625423	0.526341227646	0.575157080715	0.637022716288	0.577090381827	0.611406476559	0.483325277912	0.585306911551
AF4	0.609473175447	0.518124697922	0.930884485259	0.625422909618	0.327694538424	0.431609473175	0.591106814886	0.482841952634	0.517158047366	0.534557757371	0.524891251812	0.0	0.560657322378	0.852102464959	0.56259062349	0.555824069599	0.574190430159	0.561623972934	0.885935234413	0.741904301595	0.696955050749	0.629772837119	0.65973900435	0.657805703238	0.848719188014	0.632189463509	0.595456742388	0.618173030449	0.628806186564	0.638472692122	0.655389076849	0.608023199613	0.556790720155	0.561140647656	0.611406476559	0.528274528758	0.559207346544	0.536007733204	0.526341227646	0.510874818753	0.498791686805	0.633156114065	0.607056549058	0.50700821653	0.58095698405	0.566457225713	0.588206863219	0.537457709038	0.568390526825	0.541807636539	0.545674238763	0.566940550991	0.482358627356	0.505074915418	0.524891251812	0.516674722088	0.56935717738	0.565007249879	0.57177380377	0.551957467376	0.559207346544	0.52537457709
AG3	0.586273562107	0.47220879652	0.960850652489	0.489608506525	0.612856452392	0.498308361527	0.634606089899	0.507491541808	0.521991300145	0.574673755437	0.527307878202	0.560657322378	0.0	0.854035766071	0.529724504592	0.525857902368	0.50700821653	0.506041565974	0.93281778637	0.767037216046	0.662155630739	0.576607056549	0.59255679072	0.605123247946	0.889801836636	0.629772837119	0.533107781537	0.54857419043	0.595456742388	0.61333977767	0.633639439343	0.574190430159	0.523924601257	0.533591106815	0.676655389077	0.625422909618	0.550507491542	0.543740937651	0.539874335428	0.560657322378	0.519091348478	0.666505558241	0.63653939101	0.550507491542	0.586273562107	0.561140647656	0.631706138231	0.588690188497	0.62493958434	0.607539874335	0.612373127115	0.619139681005	0.515224746254	0.526824552924	0.538424359594	0.531657805703	0.543257612373	0.621072982117	0.554857419043	0.618656355727	0.509424842919	0.58095698405
AG4	0.843885935234	0.864668922185	0.346544224263	0.573223779604	0.832286128565	0.874818753021	0.874818753021	0.857419043016	0.862735621073	0.869018849686	0.890768487192	0.852102464959	0.854035766071	0.0	0.880618656356	0.857419043016	0.895601739971	0.892701788304	0.698888351861	0.674238762687	0.822619623006	0.839536007733	0.882068632189	0.879168680522	0.827936201063	0.826969550507	0.869985500242	0.854519091348	0.769937167714	0.753020782987	0.882551957467	0.874335427743	0.882551957467	0.882551957467	0.90043499275	0.894635089415	0.895118414693	0.867085548574	0.890285161914	0.889318511358	0.89125181247	0.857902368294	0.845819236346	0.875302078299	0.898018366361	0.895118414693	0.892701788304	0.893185113581	0.892701788304	0.88883518608	0.895601739971	0.889318511358	0.898985016916	0.896085065249	0.901401643306	0.897051715805	0.897535041083	0.894151764137	0.893668438859	0.894151764137	0.897535041083	0.894151764137
AH3	0.667955534074	0.390043499275	0.960850652489	0.612373127115	0.618173030449	0.575157080715	0.577573707105	0.546640889319	0.575640405993	0.550507491542	0.617689705172	0.56259062349	0.529724504592	0.880618656356	0.0	0.53939101015	0.614306428226	0.624456259062	0.929917834703	0.769937167714	0.715804736588	0.635089415176	0.653455775737	0.656839052682	0.907684871919	0.693088448526	0.634122764621	0.632189463509	0.664088931851	0.677138714355	0.70130497825	0.656355727405	0.56935717738	0.591106814886	0.719188013533	0.656355727405	0.646205896568	0.552924117931	0.623006283229	0.565490575157	0.570323827936	0.597390043499	0.565973900435	0.568390526825	0.662155630739	0.645239246013	0.71532141131	0.642822619623	0.65973900435	0.654422426293	0.660705654906	0.685838569357	0.591590140164	0.607056549058	0.611889801837	0.61333977767	0.572257129048	0.673755437409	0.574190430159	0.654422426293	0.602223296278	0.623972933784
AH4	0.327694538424	0.360077332044	0.939101014983	0.60415659739	0.615273078782	0.524407926535	0.638472692122	0.519574673755	0.531174480425	0.575157080715	0.565007249879	0.555824069599	0.525857902368	0.857419043016	0.53939101015	0.0	0.532141130981	0.532624456259	0.872402126631	0.72692121798	0.62493958434	0.543257612373	0.573223779604	0.578057032383	0.848235862736	0.584823586274	0.544224262929	0.53697438376	0.561140647656	0.574673755437	0.592073465442	0.552440792653	0.545190913485	0.543257612373	0.710004833253	0.646205896568	0.580473658772	0.57177380377	0.55775737071	0.566457225713	0.538907684872	0.678105364911	0.649105848236	0.572740454326	0.59497341711	0.570323827936	0.660705654906	0.60657322378	0.660705654906	0.61333977767	0.629289511841	0.639439342678	0.539874335428	0.519574673755	0.529724504592	0.533591106815	0.516674722088	0.632189463509	0.520057999033	0.625906234896	0.527307878202	0.590140164331
AA7	0.570807153214	0.52779120348	0.968100531658	0.649105848236	0.630256162397	0.489608506525	0.674238762687	0.462542290962	0.458192363461	0.577090381827	0.449492508458	0.574190430159	0.50700821653	0.895601739971	0.614306428226	0.532141130981	0.0	0.293861768971	0.915901401643	0.768003866602	0.605123247946	0.510874818753	0.496858385694	0.510391493475	0.867568873852	0.589173513775	0.454325761237	0.470758820686	0.529241179314	0.575640405993	0.529724504592	0.437892701788	0.431126147898	0.49540840986	0.704204929918	0.652972450459	0.485258579024	0.554857419043	0.482358627356	0.591106814886	0.557274045433	0.713388110198	0.681488641856	0.582406959884	0.571290478492	0.52537457709	0.657805703238	0.614306428226	0.652972450459	0.626389560174	0.614306428226	0.637022716288	0.517641372644	0.516674722088	0.519091348478	0.523924601257	0.544707588207	0.629289511841	0.552924117931	0.646205896568	0.494925084582	0.593523441276
AA8	0.557274045433	0.530691155147	0.966167230546	0.64813919768	0.623972933784	0.471725471242	0.678588690188	0.443209279845	0.440309328178	0.579023682939	0.428709521508	0.561623972934	0.506041565974	0.892701788304	0.624456259062	0.532624456259	0.293861768971	0.0	0.917351377477	0.763170613823	0.58095698405	0.498308361527	0.47462542291	0.487675205413	0.864668922185	0.582890285162	0.427742870952	0.457709038183	0.515224746254	0.568390526825	0.488641855969	0.402609956501	0.426292895118	0.489608506525	0.699371677139	0.643789270179	0.463992266796	0.547124214596	0.470758820686	0.59497341711	0.545674238763	0.719671338811	0.683421942968	0.564523924601	0.553407443209	0.499758337361	0.644272595457	0.60415659739	0.650072498792	0.621072982117	0.610439826003	0.626389560174	0.510874818753	0.501691638473	0.507491541808	0.515224746254	0.543740937651	0.622039632673	0.54857419043	0.635089415176	0.47462542291	0.58337361044
AB7	0.855002416626	0.890768487192	0.733204446593	0.717738037699	0.863218946351	0.932334461092	0.938134364427	0.928467858869	0.925567907202	0.937651039149	0.955534074432	0.885935234413	0.93281778637	0.698888351861	0.929917834703	0.872402126631	0.915901401643	0.917351377477	0.0	0.403093281779	0.810536491058	0.836152730788	0.926534557757	0.933784436926	0.732721121315	0.827452875785	0.896568390527	0.8796520058	0.74770420493	0.699855002417	0.884001933301	0.897051715805	0.927501208313	0.936201063316	0.943934267762	0.933784436926	0.947317544708	0.914934751087	0.951667472209	0.927501208313	0.942000966651	0.871435476075	0.86563557274	0.914934751087	0.964717254712	0.948284195263	0.92363460609	0.926051232479	0.930401159981	0.927501208313	0.927984533591	0.916868052199	0.917351377477	0.916868052199	0.923151280812	0.913968100532	0.922667955534	0.913968100532	0.919768003867	0.936201063316	0.94441759304	0.927501208313
AB8	0.718704688255	0.735137747704	0.74528757854	0.570807153214	0.751087481875	0.758820686322	0.771387143548	0.75688738521	0.755920734654	0.772353794103	0.787820202997	0.741904301595	0.767037216046	0.674238762687	0.769937167714	0.72692121798	0.768003866602	0.763170613823	0.403093281779	0.0	0.655389076849	0.666988883519	0.751087481875	0.750604156597	0.732237796037	0.670372160464	0.720637989367	0.705654905752	0.539874335428	0.507491541808	0.745770903818	0.743837602707	0.766070565491	0.768003866602	0.815369743838	0.773803769937	0.775253745771	0.749637506042	0.782986950217	0.771387143548	0.767520541324	0.723537941034	0.710971483809	0.751087481875	0.801353310778	0.781536974384	0.825036249396	0.775253745771	0.8008699855	0.774770420493	0.783953600773	0.794586756887	0.773320444659	0.773803769937	0.778153697438	0.775737071049	0.770420492992	0.793620106332	0.772353794103	0.771387143548	0.78250362494	0.778637022716
AC7	0.608989850169	0.646205896568	0.887868535524	0.669405509908	0.731271145481	0.589656839053	0.712421459642	0.574190430159	0.56259062349	0.65055582407	0.591590140164	0.696955050749	0.662155630739	0.822619623006	0.715804736588	0.62493958434	0.605123247946	0.58095698405	0.810536491058	0.655389076849	0.0	0.372160463992	0.569840502658	0.573707104882	0.821169647173	0.589656839053	0.5601739971	0.50459159014	0.4813919768	0.480425326245	0.574673755437	0.574190430159	0.561140647656	0.600773320445	0.805219913001	0.750604156597	0.635089415176	0.632189463509	0.614789753504	0.708554857419	0.677138714355	0.709038182697	0.690671822136	0.643305944901	0.650072498792	0.603189946834	0.81246979217	0.764620589657	0.790236829386	0.779120347994	0.764620589657	0.79168680522	0.68293861769	0.657805703238	0.671822136298	0.675205413243	0.667955534074	0.786853552441	0.669888835186	0.77090381827	0.612856452392	0.741420976317
AC8	0.55775737071	0.561140647656	0.905751570807	0.632189463509	0.681488641856	0.534074432093	0.683905268246	0.496375060416	0.489608506525	0.592073465442	0.544224262929	0.629772837119	0.576607056549	0.839536007733	0.635089415176	0.543257612373	0.510874818753	0.498308361527	0.836152730788	0.666988883519	0.372160463992	0.0	0.495891735138	0.511358144031	0.830836152731	0.538907684872	0.414693088449	0.380376993717	0.438376027066	0.462058965684	0.534074432093	0.503624939584	0.485258579024	0.522957950701	0.736587723538	0.679555340744	0.559207346544	0.56935717738	0.541807636539	0.6389560174	0.600773320445	0.667472208797	0.642822619623	0.577573707105	0.593523441276	0.548090865152	0.730787820203	0.674238762687	0.717254712421	0.704688255196	0.679555340744	0.701788303528	0.600773320445	0.578540357661	0.591106814886	0.595456742388	0.574673755437	0.700338327695	0.589173513775	0.699855002417	0.536491058482	0.651522474625
AD7	0.594490091832	0.574190430159	0.953117448043	0.666988883519	0.720154664089	0.526824552924	0.69212179797	0.501691638473	0.489125181247	0.599323344611	0.440309328178	0.65973900435	0.59255679072	0.882068632189	0.653455775737	0.573223779604	0.496858385694	0.47462542291	0.926534557757	0.751087481875	0.569840502658	0.495891735138	0.0	0.276945384244	0.893668438859	0.511358144031	0.437892701788	0.44900918318	0.500724987917	0.550507491542	0.500724987917	0.482841952634	0.474142097632	0.539874335428	0.741420976317	0.678588690188	0.505558240696	0.586756887385	0.531657805703	0.639439342678	0.603673272112	0.722087965201	0.679555340744	0.601739971	0.583856935718	0.541324311261	0.739004349928	0.681488641856	0.721604639923	0.70372160464	0.683421942968	0.708554857419	0.610923151281	0.591106814886	0.591590140164	0.604639922668	0.58337361044	0.701788303528	0.586273562107	0.698405026583	0.547607539874	0.657805703238
AD8	0.591590140164	0.577573707105	0.951184146931	0.667955534074	0.721121314645	0.524891251812	0.691638472692	0.499275012083	0.488158530691	0.590623489609	0.436926051232	0.657805703238	0.605123247946	0.879168680522	0.656839052682	0.578057032383	0.510391493475	0.487675205413	0.933784436926	0.750604156597	0.573707104882	0.511358144031	0.276945384244	0.0	0.865152247463	0.487675205413	0.442725954567	0.457225712905	0.489125181247	0.542774287095	0.500724987917	0.482358627356	0.481875302078	0.546157564041	0.745770903818	0.683905268246	0.50459159014	0.58095698405	0.530691155147	0.646689221846	0.605123247946	0.722571290478	0.68293861769	0.591590140164	0.592073465442	0.550507491542	0.749637506042	0.686321894635	0.733204446593	0.709521507975	0.687288545191	0.720154664089	0.621556307395	0.600289995167	0.596423392943	0.60657322378	0.605606573224	0.708071532141	0.608023199613	0.706138231029	0.563557274045	0.660222329628
AE7	0.822619623006	0.870952150797	0.847752537458	0.788303528275	0.829869502175	0.902368293862	0.913968100532	0.894151764137	0.896568390527	0.914934751087	0.918801353311	0.848719188014	0.889801836636	0.827936201063	0.907684871919	0.848235862736	0.867568873852	0.864668922185	0.732721121315	0.732237796037	0.821169647173	0.830836152731	0.893668438859	0.865152247463	0.0	0.546640889319	0.871918801353	0.850652489125	0.760753987434	0.760270662156	0.837119381344	0.843402609957	0.901401643306	0.90961817303	0.932334461092	0.915901401643	0.919284678589	0.899468342194	0.918318028033	0.884968583857	0.91203479942	0.882551957467	0.866602223296	0.881101981634	0.939584340261	0.915418076365	0.89125181247	0.900918318028	0.90285161914	0.891735137748	0.905268245529	0.897535041083	0.890285161914	0.892701788304	0.909134847753	0.887385210246	0.906718221363	0.88883518608	0.899468342194	0.911551474142	0.907201546641	0.906234896085
AE8	0.578540357661	0.599323344611	0.898018366361	0.640889318511	0.68293861769	0.589173513775	0.685838569357	0.583856935718	0.591106814886	0.614306428226	0.614306428226	0.632189463509	0.629772837119	0.826969550507	0.693088448526	0.584823586274	0.589173513775	0.582890285162	0.827452875785	0.670372160464	0.589656839053	0.538907684872	0.511358144031	0.487675205413	0.546640889319	0.0	0.565490575157	0.546640889319	0.514741420976	0.515224746254	0.567423876269	0.547124214596	0.600289995167	0.603189946834	0.755920734654	0.696471725471	0.617206379894	0.597390043499	0.615273078782	0.631706138231	0.639439342678	0.699855002417	0.655389076849	0.607056549058	0.648622522958	0.608023199613	0.742387626873	0.690671822136	0.736587723538	0.700338327695	0.695021749638	0.724021266312	0.644272595457	0.629289511841	0.635572740454	0.637506041566	0.637989366844	0.710004833253	0.649105848236	0.71290478492	0.595940067666	0.677138714355
AF7	0.564523924601	0.534557757371	0.940067665539	0.658289028516	0.656355727405	0.492508458192	0.691155147414	0.439342677622	0.433059449009	0.585306911551	0.443692605123	0.595456742388	0.533107781537	0.869985500242	0.634122764621	0.544224262929	0.454325761237	0.427742870952	0.896568390527	0.720637989367	0.5601739971	0.414693088449	0.437892701788	0.442725954567	0.871918801353	0.565490575157	0.0	0.315611406477	0.470275495408	0.515708071532	0.48622522958	0.485258579024	0.420976317061	0.477042049299	0.692605123248	0.632672788787	0.458675688739	0.534557757371	0.489125181247	0.608023199613	0.544224262929	0.703238279362	0.665055582407	0.550024166264	0.554374093765	0.503141614306	0.664572257129	0.620589656839	0.665055582407	0.650072498792	0.620106331561	0.647655872402	0.553890768487	0.528274528758	0.537941034316	0.552924117931	0.549057515708	0.640889318511	0.572257129048	0.648622522958	0.494441759304	0.593523441276
AF8	0.549057515708	0.536007733204	0.921701304978	0.636056065732	0.669405509908	0.497341710971	0.685838569357	0.448525857902	0.426292895118	0.578057032383	0.478008699855	0.618173030449	0.54857419043	0.854519091348	0.632189463509	0.53697438376	0.470758820686	0.457709038183	0.8796520058	0.705654905752	0.50459159014	0.380376993717	0.44900918318	0.457225712905	0.850652489125	0.546640889319	0.315611406477	0.0	0.442725954567	0.485741904302	0.51619139681	0.475108748188	0.422426292895	0.493475108748	0.714838086032	0.658289028516	0.493958434026	0.540357660706	0.499758337361	0.599806669889	0.559207346544	0.689221846303	0.651039149348	0.553407443209	0.576123731271	0.528274528758	0.693088448526	0.641372643789	0.690188496858	0.679555340744	0.652005799903	0.673272112131	0.570323827936	0.554374093765	0.563073948768	0.568873852102	0.554374093765	0.667955534074	0.565490575157	0.674238762687	0.508941517641	0.618173030449
AG7	0.5601739971	0.575157080715	0.838569357177	0.546640889319	0.666022232963	0.531657805703	0.681971967134	0.487675205413	0.488158530691	0.578057032383	0.529241179314	0.628806186564	0.595456742388	0.769937167714	0.664088931851	0.561140647656	0.529241179314	0.515224746254	0.74770420493	0.539874335428	0.4813919768	0.438376027066	0.500724987917	0.489125181247	0.760753987434	0.514741420976	0.470275495408	0.442725954567	0.0	0.304978250362	0.53697438376	0.499758337361	0.502658289029	0.548090865152	0.740454325761	0.674722087965	0.524891251812	0.5601739971	0.529241179314	0.626872885452	0.587240212663	0.665538907685	0.62493958434	0.573223779604	0.610439826003	0.563073948768	0.736587723538	0.675688738521	0.718221362977	0.697438376027	0.678105364911	0.71290478492	0.606089898502	0.598840019333	0.604639922668	0.60415659739	0.608989850169	0.708071532141	0.610439826003	0.689221846303	0.567907201547	0.655389076849
AG8	0.562107298212	0.594490091832	0.829386176897	0.575157080715	0.676655389077	0.555340744321	0.678588690188	0.549057515708	0.548090865152	0.599323344611	0.579990333494	0.638472692122	0.61333977767	0.753020782987	0.677138714355	0.574673755437	0.575640405993	0.568390526825	0.699855002417	0.507491541808	0.480425326245	0.462058965684	0.550507491542	0.542774287095	0.760270662156	0.515224746254	0.515708071532	0.485741904302	0.304978250362	0.0	0.564040599323	0.547124214596	0.559207346544	0.572257129048	0.754954084099	0.687771870469	0.570807153214	0.567907201547	0.577573707105	0.635089415176	0.608989850169	0.67133881102	0.632189463509	0.599806669889	0.6389560174	0.586756887385	0.752054132431	0.681971967134	0.725954567424	0.708554857419	0.700338327695	0.722571290478	0.623006283229	0.618656355727	0.621072982117	0.628806186564	0.623972933784	0.718221362977	0.634122764621	0.702754954084	0.590140164331	0.663122281295
AH7	0.581923634606	0.614306428226	0.949250845819	0.702754954084	0.717254712421	0.581923634606	0.713388110198	0.544224262929	0.546157564041	0.643305944901	0.522474625423	0.655389076849	0.633639439343	0.882551957467	0.70130497825	0.592073465442	0.529724504592	0.488641855969	0.884001933301	0.745770903818	0.574673755437	0.534074432093	0.500724987917	0.500724987917	0.837119381344	0.567423876269	0.48622522958	0.51619139681	0.53697438376	0.564040599323	0.0	0.328177863702	0.555824069599	0.610923151281	0.779603673272	0.727404543258	0.552924117931	0.645239246013	0.592073465442	0.666505558241	0.65055582407	0.766553890768	0.733204446593	0.645239246013	0.660705654906	0.612856452392	0.758337361044	0.721604639923	0.748187530208	0.722087965201	0.720154664089	0.737554374094	0.631222812953	0.621556307395	0.625422909618	0.62493958434	0.631222812953	0.735621072982	0.632672788787	0.727404543258	0.599806669889	0.698888351861
AH8	0.564523924601	0.568873852102	0.947317544708	0.661188980184	0.663122281295	0.524891251812	0.684388593523	0.492508458192	0.499758337361	0.586273562107	0.50700821653	0.608023199613	0.574190430159	0.874335427743	0.656355727405	0.552440792653	0.437892701788	0.402609956501	0.897051715805	0.743837602707	0.574190430159	0.503624939584	0.482841952634	0.482358627356	0.843402609957	0.547124214596	0.485258579024	0.475108748188	0.499758337361	0.547124214596	0.328177863702	0.0	0.510391493475	0.549540840986	0.739971000483	0.684388593523	0.520057999033	0.582890285162	0.536491058482	0.612373127115	0.594490091832	0.727404543258	0.683421942968	0.594490091832	0.601739971	0.558724021266	0.705654905752	0.655389076849	0.697921701305	0.663605606573	0.660222329628	0.678105364911	0.574190430159	0.564040599323	0.563073948768	0.568390526825	0.568873852102	0.673755437409	0.56935717738	0.675688738521	0.538424359594	0.633156114065
AA5	0.593040115998	0.506041565974	0.955534074432	0.654422426293	0.621072982117	0.466408893185	0.629772837119	0.387626872885	0.394876752054	0.520541324311	0.429676172064	0.556790720155	0.523924601257	0.882551957467	0.56935717738	0.545190913485	0.431126147898	0.426292895118	0.927501208313	0.766070565491	0.561140647656	0.485258579024	0.474142097632	0.481875302078	0.901401643306	0.600289995167	0.420976317061	0.422426292895	0.502658289029	0.559207346544	0.555824069599	0.510391493475	0.0	0.352344127598	0.679072015466	0.601256645723	0.460125664572	0.458192363461	0.468825519575	0.550507491542	0.492025132914	0.633639439343	0.599323344611	0.481875302078	0.545190913485	0.485741904302	0.698888351861	0.649589173514	0.670855485742	0.660705654906	0.658772353794	0.688255195747	0.536491058482	0.546640889319	0.564523924601	0.566457225713	0.536007733204	0.675205413243	0.564523924601	0.650072498792	0.497825036249	0.617689705172
AA6	0.594490091832	0.505074915418	0.958917351377	0.660222329628	0.624456259062	0.462542290962	0.643789270179	0.439342677622	0.448525857902	0.545190913485	0.487191880135	0.561140647656	0.533591106815	0.882551957467	0.591106814886	0.543257612373	0.49540840986	0.489608506525	0.936201063316	0.768003866602	0.600773320445	0.522957950701	0.539874335428	0.546157564041	0.90961817303	0.603189946834	0.477042049299	0.493475108748	0.548090865152	0.572257129048	0.610923151281	0.549540840986	0.352344127598	0.0	0.667472208797	0.590623489609	0.506041565974	0.482841952634	0.484291928468	0.567907201547	0.490575157081	0.656355727405	0.623006283229	0.499275012083	0.470275495408	0.414693088449	0.680038666022	0.63653939101	0.652005799903	0.641372643789	0.637989366844	0.668438859352	0.52537457709	0.532624456259	0.545190913485	0.547124214596	0.541324311261	0.656839052682	0.566940550991	0.629772837119	0.506524891252	0.602223296278
AB5	0.750604156597	0.673755437409	0.968100531658	0.726437892702	0.63653939101	0.649589173514	0.735621072982	0.657805703238	0.666022232963	0.695988400193	0.662638956017	0.611406476559	0.676655389077	0.90043499275	0.719188013533	0.710004833253	0.704204929918	0.699371677139	0.943934267762	0.815369743838	0.805219913001	0.736587723538	0.741420976317	0.745770903818	0.932334461092	0.755920734654	0.692605123248	0.714838086032	0.740454325761	0.754954084099	0.779603673272	0.739971000483	0.679072015466	0.667472208797	0.0	0.3194780087	0.630739487675	0.666022232963	0.612373127115	0.625422909618	0.596906718221	0.739487675205	0.734171097148	0.626872885452	0.622039632673	0.607056549058	0.617206379894	0.61575640406	0.626389560174	0.61333977767	0.628322861286	0.622522957951	0.599323344611	0.601256645723	0.61575640406	0.620106331561	0.674238762687	0.598840019333	0.66892218463	0.603189946834	0.665538907685	0.609473175447
AB6	0.690188496858	0.599806669889	0.963750604157	0.685355244079	0.596423392943	0.58095698405	0.66892218463	0.578540357661	0.593523441276	0.621556307395	0.612856452392	0.528274528758	0.625422909618	0.894635089415	0.656355727405	0.646205896568	0.652972450459	0.643789270179	0.933784436926	0.773803769937	0.750604156597	0.679555340744	0.678588690188	0.683905268246	0.915901401643	0.696471725471	0.632672788787	0.658289028516	0.674722087965	0.687771870469	0.727404543258	0.684388593523	0.601256645723	0.590623489609	0.3194780087	0.0	0.584823586274	0.591106814886	0.564040599323	0.571290478492	0.529241179314	0.673755437409	0.653939101015	0.547124214596	0.559207346544	0.554857419043	0.582406959884	0.543740937651	0.574190430159	0.547607539874	0.550507491542	0.580473658772	0.53020782987	0.55099081682	0.570807153214	0.572740454326	0.604639922668	0.554374093765	0.608023199613	0.537941034316	0.621556307395	0.528757854036
AC5	0.59497341711	0.565490575157	0.969550507492	0.663122281295	0.632189463509	0.476558724021	0.669405509908	0.446592556791	0.435476075399	0.56935717738	0.417593040116	0.559207346544	0.550507491542	0.895118414693	0.646205896568	0.580473658772	0.485258579024	0.463992266796	0.947317544708	0.775253745771	0.635089415176	0.559207346544	0.505558240696	0.50459159014	0.919284678589	0.617206379894	0.458675688739	0.493958434026	0.524891251812	0.570807153214	0.552924117931	0.520057999033	0.460125664572	0.506041565974	0.630739487675	0.584823586274	0.0	0.457709038183	0.431609473175	0.58337361044	0.510391493475	0.718221362977	0.662155630739	0.529241179314	0.505558240696	0.471242145964	0.619139681005	0.575157080715	0.62735621073	0.591106814886	0.583856935718	0.612856452392	0.508458192363	0.489608506525	0.507491541808	0.503141614306	0.578540357661	0.605606573224	0.588690188497	0.579990333494	0.517641372644	0.550507491542
AC6	0.617206379894	0.51619139681	0.948767520541	0.641372643789	0.574190430159	0.505558240696	0.539874335428	0.46979217013	0.50700821653	0.45142580957	0.536491058482	0.536007733204	0.543740937651	0.867085548574	0.552924117931	0.57177380377	0.554857419043	0.547124214596	0.914934751087	0.749637506042	0.632189463509	0.56935717738	0.586756887385	0.58095698405	0.899468342194	0.597390043499	0.534557757371	0.540357660706	0.5601739971	0.567907201547	0.645239246013	0.582890285162	0.458192363461	0.482841952634	0.666022232963	0.591106814886	0.457709038183	0.0	0.521507974867	0.501208313195	0.50700821653	0.488158530691	0.441759304012	0.425326244563	0.579990333494	0.541807636539	0.677138714355	0.632189463509	0.65732237796	0.629289511841	0.643305944901	0.669888835186	0.565973900435	0.567423876269	0.573223779604	0.582406959884	0.561140647656	0.656355727405	0.577090381827	0.621072982117	0.542290961817	0.618173030449
AD6	0.602706621556	0.532624456259	0.969067182214	0.642339294345	0.598840019333	0.431126147898	0.629289511841	0.440309328178	0.445142580957	0.538907684872	0.426776220396	0.526341227646	0.539874335428	0.890285161914	0.623006283229	0.55775737071	0.482358627356	0.470758820686	0.951667472209	0.782986950217	0.614789753504	0.541807636539	0.531657805703	0.530691155147	0.918318028033	0.615273078782	0.489125181247	0.499758337361	0.529241179314	0.577573707105	0.592073465442	0.536491058482	0.468825519575	0.484291928468	0.612373127115	0.564040599323	0.431609473175	0.521507974867	0.0	0.542774287095	0.415176413726	0.70372160464	0.667955534074	0.521024649589	0.479942000967	0.438376027066	0.596906718221	0.552440792653	0.589173513775	0.564040599323	0.560657322378	0.583856935718	0.472692121798	0.457225712905	0.460125664572	0.469308844853	0.564523924601	0.57177380377	0.565007249879	0.565007249879	0.471725471242	0.532624456259
AE5	0.619623006283	0.5186080232	0.970033832769	0.643305944901	0.556790720155	0.549540840986	0.551474142098	0.537941034316	0.587240212663	0.511358144031	0.600773320445	0.510874818753	0.560657322378	0.889318511358	0.565490575157	0.566457225713	0.591106814886	0.59497341711	0.927501208313	0.771387143548	0.708554857419	0.6389560174	0.639439342678	0.646689221846	0.884968583857	0.631706138231	0.608023199613	0.599806669889	0.626872885452	0.635089415176	0.666505558241	0.612373127115	0.550507491542	0.567907201547	0.625422909618	0.571290478492	0.58337361044	0.501208313195	0.542774287095	0.0	0.352827452876	0.600289995167	0.564523924601	0.505074915418	0.619139681005	0.60657322378	0.648622522958	0.615273078782	0.626872885452	0.612373127115	0.623489608507	0.651039149348	0.52537457709	0.550507491542	0.584823586274	0.552440792653	0.545190913485	0.632189463509	0.552440792653	0.621556307395	0.561140647656	0.598356694055
AE6	0.599323344611	0.490091831803	0.970033832769	0.632189463509	0.556307394877	0.465925567907	0.570323827936	0.458675688739	0.496375060416	0.51377477042	0.515224746254	0.498791686805	0.519091348478	0.89125181247	0.570323827936	0.538907684872	0.557274045433	0.545674238763	0.942000966651	0.767520541324	0.677138714355	0.600773320445	0.603673272112	0.605123247946	0.91203479942	0.639439342678	0.544224262929	0.559207346544	0.587240212663	0.608989850169	0.65055582407	0.594490091832	0.492025132914	0.490575157081	0.596906718221	0.529241179314	0.510391493475	0.50700821653	0.415176413726	0.352827452876	0.0	0.641372643789	0.608023199613	0.478975350411	0.540840985984	0.524891251812	0.616723054616	0.573707104882	0.591106814886	0.575640405993	0.585790236829	0.610439826003	0.463508941518	0.484291928468	0.511358144031	0.485258579024	0.51619139681	0.599323344611	0.535041082649	0.574673755437	0.512808119865	0.551957467376
AF5	0.716288061866	0.642339294345	0.93523441276	0.665538907685	0.647655872402	0.688738521025	0.55099081682	0.646205896568	0.682455292412	0.579507008217	0.711938134364	0.633156114065	0.666505558241	0.857902368294	0.597390043499	0.678105364911	0.713388110198	0.719671338811	0.871435476075	0.723537941034	0.709038182697	0.667472208797	0.722087965201	0.722571290478	0.882551957467	0.699855002417	0.703238279362	0.689221846303	0.665538907685	0.67133881102	0.766553890768	0.727404543258	0.633639439343	0.656355727405	0.739487675205	0.673755437409	0.718221362977	0.488158530691	0.70372160464	0.600289995167	0.641372643789	0.0	0.286611889802	0.546640889319	0.723054615756	0.710971483809	0.761237312711	0.721121314645	0.734171097148	0.718704688255	0.730787820203	0.751087481875	0.691638472692	0.713871435476	0.727404543258	0.714354760754	0.667955534074	0.73610439826	0.674722087965	0.706138231029	0.710004833253	0.717738037699
AF6	0.685838569357	0.602223296278	0.919768003867	0.649105848236	0.638472692122	0.654422426293	0.520541324311	0.606089898502	0.640405993233	0.546640889319	0.679072015466	0.607056549058	0.63653939101	0.845819236346	0.565973900435	0.649105848236	0.681488641856	0.683421942968	0.86563557274	0.710971483809	0.690671822136	0.642822619623	0.679555340744	0.68293861769	0.866602223296	0.655389076849	0.665055582407	0.651039149348	0.62493958434	0.632189463509	0.733204446593	0.683421942968	0.599323344611	0.623006283229	0.734171097148	0.653939101015	0.662155630739	0.441759304012	0.667955534074	0.564523924601	0.608023199613	0.286611889802	0.0	0.512324794587	0.68970517158	0.672788786854	0.756404059932	0.70130497825	0.722571290478	0.700821652972	0.706138231029	0.737554374094	0.657805703238	0.680038666022	0.693088448526	0.6805219913	0.623972933784	0.721604639923	0.634606089899	0.688738521025	0.679072015466	0.695988400193
