	AA3	AA4	AB3	AB4	AC3	AC4	AD3	AD4	AE3	AE4	AF3	AF4	AG3	AG4	AH3	AH4	AA7	AA8	AB7	AB8	AC7	AC8	AD7	AD8	AE7	AE8	AF7	AF8	AG7	AG8	AH7	AH8	AA5	AA6	AB5	AB6	AC5	AC6	AD6	AE5	AE6	AF5	AF6	AG5	AH5	AH6	AA1	AA2	AB1	AB2	AC1	AC2	AD1	AD2	AE1	AE2	AF1	AF2	AG1	AG2	AH1	AH2
AA3	0.0	0.48622522958	0.938134364427	0.649589173514	0.667472208797	0.595940067666	0.679072015466	0.59497341711	0.573223779604	0.640889318511	0.621072982117	0.622522957951	0.589173513775	0.849202513291	0.661188980184	0.339777670372	0.589173513775	0.570807153214	0.86563557274	0.721604639923	0.621556307395	0.581440309328	0.591590140164	0.583856935718	0.839536007733	0.595940067666	0.575640405993	0.556307394877	0.590623489609	0.584340260996	0.590623489609	0.572740454326	0.585790236829	0.597390043499	0.744320927985	0.695505074915	0.612373127115	0.628322861286	0.602706621556	0.630739487675	0.608989850169	0.717738037699	0.695021749638	0.622522957951	0.623489608507	0.626389560174	0.683905268246	0.654905751571	0.734171097148	0.677622039633	0.644272595457	0.65973900435	0.568873852102	0.573707104882	0.57177380377	0.56935717738	0.580473658772	0.65055582407	0.591590140164	0.672305461576	0.59255679072	0.645239246013
AA4	0.48622522958	0.0	0.944900918318	0.573707104882	0.566457225713	0.488158530691	0.599806669889	0.481875302078	0.500724987917	0.512324794587	0.552924117931	0.503624939584	0.482358627356	0.855002416626	0.391976800387	0.362010633156	0.546640889319	0.540840985984	0.888351860802	0.734171097148	0.646689221846	0.578540357661	0.58095698405	0.574190430159	0.875302078299	0.610439826003	0.548090865152	0.551957467376	0.579023682939	0.59497341711	0.616723054616	0.591590140164	0.507974867086	0.517641372644	0.653455775737	0.587240212663	0.553407443209	0.505074915418	0.522957950701	0.533107781537	0.480908651522	0.640889318511	0.59497341711	0.504108264862	0.568873852102	0.568873852102	0.647655872402	0.587723537941	0.647655872402	0.594490091832	0.595940067666	0.62735621073	0.512808119865	0.512324794587	0.516674722088	0.515708071532	0.502174963751	0.612856452392	0.506524891252	0.585790236829	0.520541324311	0.578540357661
AB3	0.938134364427	0.944900918318	0.0	0.68293861769	0.914934751087	0.953117448043	0.95601739971	0.947800869986	0.931851135814	0.952634122765	0.971967133881	0.927984533591	0.962783953601	0.350410826486	0.960367327211	0.943934267762	0.970033832769	0.96761720638	0.752054132431	0.75688738521	0.890768487192	0.916868052199	0.962300628323	0.951184146931	0.84726921218	0.894151764137	0.941517641373	0.929434509425	0.845819236346	0.841469308845	0.955050749154	0.958917351377	0.95601739971	0.960850652489	0.974383760271	0.961817303045	0.971967133881	0.948767520541	0.972450459159	0.972450459159	0.972933784437	0.929917834703	0.938617689705	0.950700821653	0.980666988884	0.970033832769	0.971000483325	0.972933784437	0.967133881102	0.970517158047	0.974383760271	0.971000483325	0.972933784437	0.972450459159	0.978250362494	0.972450459159	0.971483808603	0.972450459159	0.972450459159	0.971483808603	0.973900434993	0.970517158047
AB4	0.649589173514	0.573707104882	0.68293861769	0.0	0.633639439343	0.611889801837	0.685355244079	0.623006283229	0.61333977767	0.619139681005	0.649105848236	0.597390043499	0.481875302078	0.573707104882	0.607056549058	0.596423392943	0.646205896568	0.635572740454	0.737071048816	0.579023682939	0.672788786854	0.643305944901	0.670372160464	0.660705654906	0.800386660222	0.653939101015	0.647655872402	0.630739487675	0.553407443209	0.580473658772	0.700338327695	0.669888835186	0.646689221846	0.654422426293	0.720154664089	0.67133881102	0.656839052682	0.633639439343	0.631222812953	0.637989366844	0.62735621073	0.679072015466	0.644755920735	0.625906234896	0.684388593523	0.679072015466	0.689221846303	0.656355727405	0.702754954084	0.666022232963	0.661672305462	0.661188980184	0.642339294345	0.640405993233	0.654422426293	0.639922667956	0.652972450459	0.661188980184	0.646689221846	0.656355727405	0.648622522958	0.665055582407
AC3	0.667472208797	0.566457225713	0.914934751087	0.633639439343	0.0	0.49540840986	0.642339294345	0.546157564041	0.56259062349	0.579990333494	0.621556307395	0.319961333978	0.607539874335	0.835186080232	0.602223296278	0.605606573224	0.617206379894	0.603189946834	0.873368777187	0.742870952151	0.73368777187	0.686805219913	0.72450459159	0.713388110198	0.830352827453	0.683905268246	0.667472208797	0.681005316578	0.669405509908	0.688255195747	0.706621556307	0.680038666022	0.608023199613	0.623972933784	0.623489608507	0.580473658772	0.62493958434	0.584823586274	0.561623972934	0.555340744321	0.568390526825	0.660705654906	0.636056065732	0.560657322378	0.639922667956	0.644272595457	0.586756887385	0.586756887385	0.587723537941	0.563557274045	0.590623489609	0.576123731271	0.534074432093	0.567907201547	0.579023682939	0.556307394877	0.621556307395	0.569840502658	0.622522957951	0.571290478492	0.622522957951	0.567907201547
AC4	0.595940067666	0.488158530691	0.953117448043	0.611889801837	0.49540840986	0.0	0.626389560174	0.410826486225	0.420976317061	0.490575157081	0.362493958434	0.411309811503	0.507974867086	0.866118898018	0.579990333494	0.533591106815	0.4813919768	0.453359110681	0.921701304978	0.762203963267	0.603189946834	0.550024166264	0.539874335428	0.521991300145	0.884968583857	0.582406959884	0.511358144031	0.523924601257	0.549057515708	0.5601739971	0.586756887385	0.542290961817	0.464475592073	0.478492025133	0.637506041566	0.572740454326	0.481875302078	0.518124697922	0.419526341228	0.553890768487	0.470758820686	0.693088448526	0.646205896568	0.50700821653	0.498791686805	0.503624939584	0.643789270179	0.586273562107	0.619623006283	0.589656839053	0.589656839053	0.610439826003	0.492508458192	0.504108264862	0.523441275979	0.511841469309	0.538424359594	0.603189946834	0.546157564041	0.577090381827	0.477042049299	0.576607056549
AD3	0.679072015466	0.599806669889	0.95601739971	0.685355244079	0.642339294345	0.626389560174	0.0	0.533107781537	0.651039149348	0.387626872885	0.692605123248	0.602223296278	0.649105848236	0.866602223296	0.581923634606	0.641372643789	0.695988400193	0.695021749638	0.927017883035	0.772353794103	0.727887868536	0.697438376027	0.705654905752	0.695988400193	0.908651522475	0.695505074915	0.711938134364	0.69453842436	0.696955050749	0.68970517158	0.725471242146	0.699371677139	0.643305944901	0.655389076849	0.727404543258	0.657805703238	0.685838569357	0.545674238763	0.642822619623	0.581440309328	0.585790236829	0.555824069599	0.517641372644	0.546157564041	0.702271628806	0.700821652972	0.75688738521	0.707588206863	0.74528757854	0.710488158531	0.702754954084	0.725954567424	0.659255679072	0.672305461576	0.680038666022	0.67133881102	0.645239246013	0.716771387144	0.639439342678	0.697438376027	0.702271628806	0.710004833253
AD4	0.59497341711	0.481875302078	0.947800869986	0.623006283229	0.546157564041	0.410826486225	0.533107781537	0.0	0.330111164814	0.383760270662	0.432092798453	0.484775253746	0.524407926535	0.859835669406	0.537941034316	0.522474625423	0.463992266796	0.452392460126	0.934267762204	0.774770420493	0.581923634606	0.5186080232	0.508941517641	0.491058482359	0.904301594973	0.596906718221	0.473175447076	0.471725471242	0.520541324311	0.568390526825	0.551474142098	0.509908168197	0.38666022233	0.452875785404	0.654422426293	0.573223779604	0.443209279845	0.471242145964	0.450459159014	0.547124214596	0.457225712905	0.641855969067	0.599806669889	0.465925567907	0.51377477042	0.494925084582	0.669405509908	0.612373127115	0.656839052682	0.625906234896	0.622522957951	0.64572257129	0.509908168197	0.52779120348	0.531657805703	0.532141130981	0.53020782987	0.635572740454	0.546157564041	0.61575640406	0.506524891252	0.605606573224
AE3	0.573223779604	0.500724987917	0.931851135814	0.61333977767	0.56259062349	0.420976317061	0.651039149348	0.330111164814	0.0	0.490575157081	0.410343160947	0.495891735138	0.514741420976	0.849685838569	0.567423876269	0.524407926535	0.460125664572	0.435959400677	0.919768003867	0.761237312711	0.544707588207	0.492508458192	0.486708554857	0.482841952634	0.894151764137	0.585790236829	0.462058965684	0.465925567907	0.497341710971	0.552924117931	0.545674238763	0.502174963751	0.409376510391	0.465442242629	0.658289028516	0.585306911551	0.440309328178	0.515224746254	0.441759304012	0.596906718221	0.510391493475	0.68970517158	0.644272595457	0.51377477042	0.495891735138	0.476075398743	0.651039149348	0.594006766554	0.643305944901	0.61575640406	0.597873368777	0.632189463509	0.505074915418	0.524407926535	0.522957950701	0.523924601257	0.535524407927	0.621556307395	0.561140647656	0.602223296278	0.493958434026	0.589173513775
AE4	0.640889318511	0.512324794587	0.952634122765	0.619139681005	0.579990333494	0.490575157081	0.387626872885	0.383760270662	0.490575157081	0.0	0.557274045433	0.528274528758	0.568873852102	0.863218946351	0.540840985984	0.564523924601	0.565973900435	0.565490575157	0.942000966651	0.78250362494	0.652972450459	0.594006766554	0.602223296278	0.592073465442	0.910584823586	0.628322861286	0.584823586274	0.568873852102	0.587240212663	0.599323344611	0.637022716288	0.600289995167	0.515708071532	0.533591106815	0.684871918801	0.612373127115	0.564040599323	0.465442242629	0.515224746254	0.528757854036	0.482841952634	0.597873368777	0.546640889319	0.472692121798	0.598356694055	0.58337361044	0.695505074915	0.652489125181	0.691155147414	0.663122281295	0.656355727405	0.677622039633	0.585790236829	0.581440309328	0.584823586274	0.588206863219	0.566940550991	0.665055582407	0.577090381827	0.652005799903	0.577573707105	0.655389076849
AF3	0.621072982117	0.552924117931	0.971967133881	0.649105848236	0.621556307395	0.362493958434	0.692605123248	0.432092798453	0.410343160947	0.557274045433	0.0	0.534557757371	0.543257612373	0.887385210246	0.614306428226	0.577573707105	0.451909134848	0.432576123731	0.954084098598	0.797970033833	0.592073465442	0.554374093765	0.447075882069	0.440309328178	0.918318028033	0.619139681005	0.446109231513	0.495891735138	0.550507491542	0.596423392943	0.532624456259	0.506041565974	0.448525857902	0.503624939584	0.672305461576	0.618173030449	0.427259545674	0.5601739971	0.446592556791	0.622039632673	0.527307878202	0.734171097148	0.691155147414	0.547607539874	0.499275012083	0.498791686805	0.668438859352	0.611406476559	0.671822136298	0.620589656839	0.608506524891	0.63653939101	0.535041082649	0.525857902368	0.53697438376	0.529241179314	0.576607056549	0.633156114065	0.586273562107	0.604639922668	0.505074915418	0.602223296278
AF4	0.622522957951	0.503624939584	0.927984533591	0.597390043499	0.319961333978	0.411309811503	0.602223296278	0.484775253746	0.495891735138	0.528274528758	0.534557757371	0.0	0.54857419043	0.84485258579	0.550507491542	0.54857419043	0.563557274045	0.552440792653	0.889318511358	0.728371193813	0.695505074915	0.630256162397	0.658772353794	0.646205896568	0.846785886902	0.630739487675	0.605123247946	0.622039632673	0.622522957951	0.6389560174	0.662155630739	0.630256162397	0.546157564041	0.568390526825	0.605123247946	0.53020782987	0.562107298212	0.542774287095	0.505558240696	0.510391493475	0.502658289029	0.6389560174	0.602706621556	0.513291445143	0.568390526825	0.57177380377	0.589656839053	0.528274528758	0.575157080715	0.528757854036	0.543257612373	0.558240695988	0.482841952634	0.505074915418	0.523441275979	0.512808119865	0.566457225713	0.55099081682	0.565007249879	0.527307878202	0.561140647656	0.527307878202
AG3	0.589173513775	0.482358627356	0.962783953601	0.481875302078	0.607539874335	0.507974867086	0.649105848236	0.524407926535	0.514741420976	0.568873852102	0.543257612373	0.54857419043	0.0	0.855485741904	0.52779120348	0.513291445143	0.511358144031	0.492025132914	0.928467858869	0.774287095215	0.674238762687	0.603189946834	0.59497341711	0.610439826003	0.891735137748	0.650072498792	0.556790720155	0.587723537941	0.609956500725	0.626389560174	0.644272595457	0.581923634606	0.523924601257	0.5186080232	0.656355727405	0.60657322378	0.552440792653	0.545190913485	0.517158047366	0.571290478492	0.509908168197	0.685838569357	0.634606089899	0.531174480425	0.573223779604	0.56259062349	0.626389560174	0.584340260996	0.64572257129	0.609956500725	0.589173513775	0.60657322378	0.522474625423	0.527307878202	0.533591106815	0.525857902368	0.539874335428	0.608023199613	0.556790720155	0.598840019333	0.522474625423	0.587723537941
AG4	0.849202513291	0.855002416626	0.350410826486	0.573707104882	0.835186080232	0.866118898018	0.866602223296	0.859835669406	0.849685838569	0.863218946351	0.887385210246	0.84485258579	0.855485741904	0.0	0.8796520058	0.854035766071	0.889801836636	0.889318511358	0.713871435476	0.672305461576	0.817303044949	0.840019333011	0.876268728855	0.869985500242	0.821169647173	0.815853069116	0.862252295795	0.850169163847	0.763653939101	0.748670855486	0.878685355244	0.875785403577	0.874818753021	0.875785403577	0.895601739971	0.882068632189	0.892218463026	0.860318994683	0.891735137748	0.884485258579	0.885451909135	0.845819236346	0.850652489125	0.87046882552	0.897535041083	0.887385210246	0.887385210246	0.890285161914	0.887385210246	0.886418559691	0.89125181247	0.887385210246	0.893668438859	0.890285161914	0.895118414693	0.88883518608	0.892701788304	0.886901884969	0.88883518608	0.886418559691	0.893668438859	0.893668438859
AH3	0.661188980184	0.391976800387	0.960367327211	0.607056549058	0.602223296278	0.579990333494	0.581923634606	0.537941034316	0.567423876269	0.540840985984	0.614306428226	0.550507491542	0.52779120348	0.8796520058	0.0	0.533591106815	0.610439826003	0.607056549058	0.934267762204	0.782986950217	0.706138231029	0.642822619623	0.637989366844	0.646205896568	0.910101498308	0.70130497825	0.637506041566	0.642822619623	0.658289028516	0.675688738521	0.693088448526	0.642822619623	0.556790720155	0.583856935718	0.70372160464	0.634606089899	0.631222812953	0.538907684872	0.59497341711	0.558724021266	0.542290961817	0.608989850169	0.565973900435	0.552924117931	0.64813919768	0.63653939101	0.701788303528	0.639439342678	0.691155147414	0.654422426293	0.651522474625	0.676172063799	0.594490091832	0.610439826003	0.60415659739	0.604639922668	0.588690188497	0.664088931851	0.575157080715	0.640405993233	0.597873368777	0.625422909618
AH4	0.339777670372	0.362010633156	0.943934267762	0.596423392943	0.605606573224	0.533591106815	0.641372643789	0.522474625423	0.524407926535	0.564523924601	0.577573707105	0.54857419043	0.513291445143	0.854035766071	0.533591106815	0.0	0.53697438376	0.53697438376	0.875785403577	0.723537941034	0.642339294345	0.573707104882	0.576607056549	0.575640405993	0.842435959401	0.595456742388	0.554857419043	0.544707588207	0.578057032383	0.589173513775	0.591106814886	0.561623972934	0.539874335428	0.546157564041	0.685838569357	0.630739487675	0.572257129048	0.558724021266	0.545190913485	0.5601739971	0.519574673755	0.681971967134	0.635089415176	0.555340744321	0.594490091832	0.579023682939	0.653939101015	0.606089898502	0.675205413243	0.617206379894	0.604639922668	0.626389560174	0.531657805703	0.526824552924	0.52537457709	0.529241179314	0.512324794587	0.620106331561	0.52779120348	0.61333977767	0.545674238763	0.596906718221
AA7	0.589173513775	0.546640889319	0.970033832769	0.646205896568	0.617206379894	0.4813919768	0.695988400193	0.463992266796	0.460125664572	0.565973900435	0.451909134848	0.563557274045	0.511358144031	0.889801836636	0.610439826003	0.53697438376	0.0	0.29627839536	0.921701304978	0.767037216046	0.591590140164	0.519574673755	0.494925084582	0.496375060416	0.871435476075	0.595940067666	0.450942484292	0.4813919768	0.537457709038	0.581923634606	0.525857902368	0.419526341228	0.435476075399	0.48380860319	0.692605123248	0.647655872402	0.471242145964	0.5601739971	0.498791686805	0.613823102948	0.529724504592	0.732721121315	0.679072015466	0.556790720155	0.538424359594	0.518124697922	0.658289028516	0.614306428226	0.675205413243	0.630256162397	0.596423392943	0.621556307395	0.518124697922	0.517158047366	0.525857902368	0.523441275979	0.536491058482	0.615273078782	0.5601739971	0.629772837119	0.506041565974	0.595940067666
AA8	0.570807153214	0.540840985984	0.96761720638	0.635572740454	0.603189946834	0.453359110681	0.695021749638	0.452392460126	0.435959400677	0.565490575157	0.432576123731	0.552440792653	0.492025132914	0.889318511358	0.607056549058	0.53697438376	0.29627839536	0.0	0.921701304978	0.766553890768	0.571290478492	0.500724987917	0.482358627356	0.476075398743	0.863702271629	0.574190430159	0.43740937651	0.466408893185	0.528274528758	0.56935717738	0.493958434026	0.38424359594	0.418076365394	0.476075398743	0.693088448526	0.649105848236	0.459159014016	0.563557274045	0.466892218463	0.607056549058	0.52779120348	0.738037699372	0.687288545191	0.551957467376	0.51619139681	0.508458192363	0.638472692122	0.59497341711	0.664572257129	0.618173030449	0.581440309328	0.604639922668	0.500241662639	0.50459159014	0.518124697922	0.511841469309	0.532141130981	0.602706621556	0.550024166264	0.619623006283	0.480908651522	0.575157080715
AB7	0.86563557274	0.888351860802	0.752054132431	0.737071048816	0.873368777187	0.921701304978	0.927017883035	0.934267762204	0.919768003867	0.942000966651	0.954084098598	0.889318511358	0.928467858869	0.713871435476	0.934267762204	0.875785403577	0.921701304978	0.921701304978	0.0	0.399710004833	0.821169647173	0.829869502175	0.932334461092	0.916868052199	0.735137747704	0.811503141614	0.889318511358	0.87723537941	0.734654422426	0.696471725471	0.884968583857	0.897535041083	0.920734654422	0.930401159981	0.938617689705	0.942000966651	0.949734171097	0.915418076365	0.94441759304	0.930401159981	0.938617689705	0.866118898018	0.878202029966	0.917834702755	0.948767520541	0.947317544708	0.929434509425	0.929434509425	0.931851135814	0.925084581924	0.929434509425	0.920251329145	0.921701304978	0.918801353311	0.920734654422	0.919284678589	0.9212179797	0.915901401643	0.919768003867	0.927984533591	0.95360077332	0.925567907202
AB8	0.721604639923	0.734171097148	0.75688738521	0.579023682939	0.742870952151	0.762203963267	0.772353794103	0.774770420493	0.761237312711	0.78250362494	0.797970033833	0.728371193813	0.774287095215	0.672305461576	0.782986950217	0.723537941034	0.767037216046	0.766553890768	0.399710004833	0.0	0.667472208797	0.671822136298	0.769937167714	0.748670855486	0.723054615756	0.652489125181	0.728371193813	0.710004833253	0.543740937651	0.524407926535	0.739971000483	0.740937651039	0.768970517158	0.774770420493	0.811986466892	0.78927017883	0.789753504108	0.755437409377	0.78250362494	0.768970517158	0.778153697438	0.727887868536	0.726437892702	0.7593040116	0.792170130498	0.791203479942	0.809086515225	0.769453842436	0.8008699855	0.769937167714	0.774770420493	0.777187046883	0.769453842436	0.761720637989	0.768970517158	0.766553890768	0.762203963267	0.773803769937	0.762203963267	0.771870468826	0.79168680522	0.766070565491
AC7	0.621556307395	0.646689221846	0.890768487192	0.672788786854	0.73368777187	0.603189946834	0.727887868536	0.581923634606	0.544707588207	0.652972450459	0.592073465442	0.695505074915	0.674238762687	0.817303044949	0.706138231029	0.642339294345	0.591590140164	0.571290478492	0.821169647173	0.667472208797	0.0	0.363943934268	0.560657322378	0.544707588207	0.822619623006	0.577090381827	0.533107781537	0.501208313195	0.479942000967	0.501691638473	0.565973900435	0.546640889319	0.557274045433	0.599323344611	0.809569840503	0.747220879652	0.614306428226	0.64572257129	0.619623006283	0.727887868536	0.666988883519	0.721604639923	0.697921701305	0.647655872402	0.629772837119	0.619139681005	0.818753020783	0.768003866602	0.819719671339	0.787820202997	0.757370710488	0.790236829386	0.681005316578	0.679072015466	0.684388593523	0.682455292412	0.667472208797	0.784920251329	0.684388593523	0.773803769937	0.623489608507	0.763653939101
AC8	0.581440309328	0.578540357661	0.916868052199	0.643305944901	0.686805219913	0.550024166264	0.697438376027	0.5186080232	0.492508458192	0.594006766554	0.554374093765	0.630256162397	0.603189946834	0.840019333011	0.642822619623	0.573707104882	0.519574673755	0.500724987917	0.829869502175	0.671822136298	0.363943934268	0.0	0.492508458192	0.484775253746	0.845819236346	0.550507491542	0.397776703722	0.372160463992	0.432092798453	0.475108748188	0.520057999033	0.4813919768	0.487675205413	0.527307878202	0.736587723538	0.681971967134	0.54857419043	0.583856935718	0.557274045433	0.65055582407	0.587723537941	0.685355244079	0.648622522958	0.578057032383	0.573223779604	0.554374093765	0.736587723538	0.681488641856	0.746737554374	0.716771387144	0.674722087965	0.704204929918	0.598840019333	0.60415659739	0.605123247946	0.606089898502	0.584340260996	0.696955050749	0.60657322378	0.697921701305	0.544707588207	0.674722087965
AD7	0.591590140164	0.58095698405	0.962300628323	0.670372160464	0.72450459159	0.539874335428	0.705654905752	0.508941517641	0.486708554857	0.602223296278	0.447075882069	0.658772353794	0.59497341711	0.876268728855	0.637989366844	0.576607056549	0.494925084582	0.482358627356	0.932334461092	0.769937167714	0.560657322378	0.492508458192	0.0	0.28709521508	0.899951667472	0.529724504592	0.40744320928	0.450942484292	0.513291445143	0.56259062349	0.50459159014	0.468825519575	0.484775253746	0.538907684872	0.743354277429	0.69212179797	0.512808119865	0.593523441276	0.553890768487	0.651039149348	0.589656839053	0.731271145481	0.690188496858	0.600289995167	0.561623972934	0.553890768487	0.749637506042	0.681488641856	0.755920734654	0.719671338811	0.6805219913	0.710004833253	0.610923151281	0.610923151281	0.610439826003	0.617689705172	0.587240212663	0.708554857419	0.612856452392	0.706621556307	0.559207346544	0.683421942968
AD8	0.583856935718	0.574190430159	0.951184146931	0.660705654906	0.713388110198	0.521991300145	0.695988400193	0.491058482359	0.482841952634	0.592073465442	0.440309328178	0.646205896568	0.610439826003	0.869985500242	0.646205896568	0.575640405993	0.496375060416	0.476075398743	0.916868052199	0.748670855486	0.544707588207	0.484775253746	0.28709521508	0.0	0.854035766071	0.494441759304	0.408893185114	0.436442725955	0.490091831803	0.53697438376	0.494925084582	0.467375543741	0.485258579024	0.53939101015	0.747220879652	0.688738521025	0.507491541808	0.58095698405	0.545674238763	0.645239246013	0.585306911551	0.722571290478	0.68293861769	0.587240212663	0.554374093765	0.56259062349	0.751087481875	0.681005316578	0.754954084099	0.718221362977	0.679072015466	0.708071532141	0.607539874335	0.604639922668	0.611406476559	0.61575640406	0.592073465442	0.710488158531	0.608506524891	0.70372160464	0.559690671822	0.675688738521
AE7	0.839536007733	0.875302078299	0.84726921218	0.800386660222	0.830352827453	0.884968583857	0.908651522475	0.904301594973	0.894151764137	0.910584823586	0.918318028033	0.846785886902	0.891735137748	0.821169647173	0.910101498308	0.842435959401	0.871435476075	0.863702271629	0.735137747704	0.723054615756	0.822619623006	0.845819236346	0.899951667472	0.854035766071	0.0	0.552924117931	0.864668922185	0.851135814403	0.759787336878	0.751087481875	0.840019333011	0.853552440793	0.895601739971	0.903818269696	0.928951184147	0.925567907202	0.925567907202	0.900918318028	0.913001449976	0.884485258579	0.901884968584	0.870952150797	0.877718704688	0.878685355244	0.932334461092	0.925084581924	0.892218463026	0.910584823586	0.908651522475	0.893185113581	0.901401643306	0.893185113581	0.893185113581	0.895601739971	0.902368293862	0.893668438859	0.904301594973	0.889801836636	0.902368293862	0.903334944418	0.919284678589	0.895118414693
AE8	0.595940067666	0.610439826003	0.894151764137	0.653939101015	0.683905268246	0.582406959884	0.695505074915	0.596906718221	0.585790236829	0.628322861286	0.619139681005	0.630739487675	0.650072498792	0.815853069116	0.70130497825	0.595456742388	0.595940067666	0.574190430159	0.811503141614	0.652489125181	0.577090381827	0.550507491542	0.529724504592	0.494441759304	0.552924117931	0.0	0.568390526825	0.554857419043	0.5186080232	0.500241662639	0.565973900435	0.566940550991	0.597873368777	0.603189946834	0.764137264379	0.716771387144	0.62493958434	0.607539874335	0.608506524891	0.653939101015	0.623972933784	0.691638472692	0.683421942968	0.614789753504	0.637989366844	0.623006283229	0.755437409377	0.702271628806	0.765103914935	0.71532141131	0.707104881585	0.729337844369	0.651522474625	0.637989366844	0.655389076849	0.652005799903	0.637506041566	0.724021266312	0.655389076849	0.716771387144	0.616723054616	0.687288545191
AF7	0.575640405993	0.548090865152	0.941517641373	0.647655872402	0.667472208797	0.511358144031	0.711938134364	0.473175447076	0.462058965684	0.584823586274	0.446109231513	0.605123247946	0.556790720155	0.862252295795	0.637506041566	0.554857419043	0.450942484292	0.43740937651	0.889318511358	0.728371193813	0.533107781537	0.397776703722	0.40744320928	0.408893185114	0.864668922185	0.568390526825	0.0	0.322377960367	0.482841952634	0.535524407927	0.478975350411	0.456742387627	0.433542774287	0.489125181247	0.701788303528	0.649105848236	0.47462542291	0.55775737071	0.514741420976	0.626389560174	0.549057515708	0.710971483809	0.666505558241	0.551474142098	0.535524407927	0.520057999033	0.682455292412	0.637989366844	0.709521507975	0.66892218463	0.631222812953	0.65732237796	0.562107298212	0.558240695988	0.560657322378	0.565490575157	0.556790720155	0.651522474625	0.58337361044	0.65973900435	0.503141614306	0.633156114065
AF8	0.556307394877	0.551957467376	0.929434509425	0.630739487675	0.681005316578	0.523924601257	0.69453842436	0.471725471242	0.465925567907	0.568873852102	0.495891735138	0.622039632673	0.587723537941	0.850169163847	0.642822619623	0.544707588207	0.4813919768	0.466408893185	0.87723537941	0.710004833253	0.501208313195	0.372160463992	0.450942484292	0.436442725955	0.851135814403	0.554857419043	0.322377960367	0.0	0.451909134848	0.503624939584	0.500241662639	0.457709038183	0.457709038183	0.517641372644	0.716288061866	0.663605606573	0.48622522958	0.551474142098	0.517158047366	0.61333977767	0.5601739971	0.692605123248	0.649105848236	0.555340744321	0.552924117931	0.543257612373	0.700821652972	0.64572257129	0.716288061866	0.681005316578	0.644272595457	0.671822136298	0.56259062349	0.564523924601	0.572740454326	0.570323827936	0.553407443209	0.666505558241	0.574190430159	0.67133881102	0.507974867086	0.643789270179
AG7	0.590623489609	0.579023682939	0.845819236346	0.553407443209	0.669405509908	0.549057515708	0.696955050749	0.520541324311	0.497341710971	0.587240212663	0.550507491542	0.622522957951	0.609956500725	0.763653939101	0.658289028516	0.578057032383	0.537457709038	0.528274528758	0.734654422426	0.543740937651	0.479942000967	0.432092798453	0.513291445143	0.490091831803	0.759787336878	0.5186080232	0.482841952634	0.451909134848	0.0	0.314644755921	0.541324311261	0.520057999033	0.509908168197	0.561140647656	0.743354277429	0.68293861769	0.549540840986	0.574673755437	0.559207346544	0.634122764621	0.58095698405	0.672305461576	0.639439342678	0.573707104882	0.591590140164	0.586273562107	0.749154180764	0.674238762687	0.742870952151	0.706138231029	0.677138714355	0.711938134364	0.621556307395	0.60657322378	0.623006283229	0.620106331561	0.617206379894	0.70372160464	0.636056065732	0.691638472692	0.588206863219	0.667955534074
AG8	0.584340260996	0.59497341711	0.841469308845	0.580473658772	0.688255195747	0.5601739971	0.68970517158	0.568390526825	0.552924117931	0.599323344611	0.596423392943	0.6389560174	0.626389560174	0.748670855486	0.675688738521	0.589173513775	0.581923634606	0.56935717738	0.696471725471	0.524407926535	0.501691638473	0.475108748188	0.56259062349	0.53697438376	0.751087481875	0.500241662639	0.535524407927	0.503624939584	0.314644755921	0.0	0.57177380377	0.561140647656	0.559690671822	0.584340260996	0.765103914935	0.706621556307	0.589173513775	0.585306911551	0.576123731271	0.656839052682	0.605123247946	0.676655389077	0.655389076849	0.589173513775	0.620106331561	0.608506524891	0.760270662156	0.691638472692	0.760270662156	0.718221362977	0.698405026583	0.722571290478	0.640889318511	0.625906234896	0.640405993233	0.640405993233	0.629772837119	0.720154664089	0.649105848236	0.704204929918	0.601256645723	0.687771870469
AH7	0.590623489609	0.616723054616	0.955050749154	0.700338327695	0.706621556307	0.586756887385	0.725471242146	0.551474142098	0.545674238763	0.637022716288	0.532624456259	0.662155630739	0.644272595457	0.878685355244	0.693088448526	0.591106814886	0.525857902368	0.493958434026	0.884968583857	0.739971000483	0.565973900435	0.520057999033	0.50459159014	0.494925084582	0.840019333011	0.565973900435	0.478975350411	0.500241662639	0.541324311261	0.57177380377	0.0	0.330594490092	0.564523924601	0.616239729338	0.775253745771	0.734654422426	0.56259062349	0.652489125181	0.609473175447	0.673755437409	0.631222812953	0.767520541324	0.739004349928	0.646689221846	0.634606089899	0.623489608507	0.760270662156	0.725954567424	0.779120347994	0.731754470759	0.708554857419	0.733204446593	0.628806186564	0.630256162397	0.631706138231	0.630256162397	0.623972933784	0.730304494925	0.634122764621	0.724021266312	0.61333977767	0.709521507975
AH8	0.572740454326	0.591590140164	0.958917351377	0.669888835186	0.680038666022	0.542290961817	0.699371677139	0.509908168197	0.502174963751	0.600289995167	0.506041565974	0.630256162397	0.581923634606	0.875785403577	0.642822619623	0.561623972934	0.419526341228	0.38424359594	0.897535041083	0.740937651039	0.546640889319	0.4813919768	0.468825519575	0.467375543741	0.853552440793	0.566940550991	0.456742387627	0.457709038183	0.520057999033	0.561140647656	0.330594490092	0.0	0.497341710971	0.549540840986	0.750120831319	0.699855002417	0.517158047366	0.610439826003	0.559690671822	0.637506041566	0.591590140164	0.735137747704	0.699371677139	0.602223296278	0.58095698405	0.570323827936	0.723537941034	0.675688738521	0.740937651039	0.698888351861	0.666505558241	0.690671822136	0.594006766554	0.585306911551	0.590140164331	0.589173513775	0.576607056549	0.686805219913	0.598356694055	0.68970517158	0.5601739971	0.665538907685
AA5	0.585790236829	0.507974867086	0.95601739971	0.646689221846	0.608023199613	0.464475592073	0.643305944901	0.38666022233	0.409376510391	0.515708071532	0.448525857902	0.546157564041	0.523924601257	0.874818753021	0.556790720155	0.539874335428	0.435476075399	0.418076365394	0.920734654422	0.768970517158	0.557274045433	0.487675205413	0.484775253746	0.485258579024	0.895601739971	0.597873368777	0.433542774287	0.457709038183	0.509908168197	0.559690671822	0.564523924601	0.497341710971	0.0	0.341227646206	0.675205413243	0.588690188497	0.459159014016	0.46302561624	0.47220879652	0.560657322378	0.464958917351	0.635089415176	0.588690188497	0.463508941518	0.510874818753	0.487191880135	0.699371677139	0.637989366844	0.685355244079	0.652972450459	0.64572257129	0.673755437409	0.528757854036	0.555340744321	0.564040599323	0.561140647656	0.535524407927	0.660705654906	0.56935717738	0.638472692122	0.50459159014	0.623972933784
AA6	0.597390043499	0.517641372644	0.960850652489	0.654422426293	0.623972933784	0.478492025133	0.655389076849	0.452875785404	0.465442242629	0.533591106815	0.503624939584	0.568390526825	0.5186080232	0.875785403577	0.583856935718	0.546157564041	0.48380860319	0.476075398743	0.930401159981	0.774770420493	0.599323344611	0.527307878202	0.538907684872	0.53939101015	0.903818269696	0.603189946834	0.489125181247	0.517641372644	0.561140647656	0.584340260996	0.616239729338	0.549540840986	0.341227646206	0.0	0.669405509908	0.581440309328	0.505558240696	0.494441759304	0.489608506525	0.580473658772	0.490575157081	0.665538907685	0.617689705172	0.499275012083	0.447075882069	0.426776220396	0.692605123248	0.641372643789	0.684871918801	0.653455775737	0.639439342678	0.663122281295	0.530691155147	0.554857419043	0.558724021266	0.555824069599	0.543740937651	0.651522474625	0.567907201547	0.634606089899	0.517158047366	0.627839536008
AB5	0.744320927985	0.653455775737	0.974383760271	0.720154664089	0.623489608507	0.637506041566	0.727404543258	0.654422426293	0.658289028516	0.684871918801	0.672305461576	0.605123247946	0.656355727405	0.895601739971	0.70372160464	0.685838569357	0.692605123248	0.693088448526	0.938617689705	0.811986466892	0.809569840503	0.736587723538	0.743354277429	0.747220879652	0.928951184147	0.764137264379	0.701788303528	0.716288061866	0.743354277429	0.765103914935	0.775253745771	0.750120831319	0.675205413243	0.669405509908	0.0	0.314161430643	0.615273078782	0.658772353794	0.611406476559	0.624456259062	0.611406476559	0.744804253262	0.714354760754	0.635089415176	0.616239729338	0.616723054616	0.619623006283	0.611889801837	0.627839536008	0.601256645723	0.621556307395	0.604639922668	0.597390043499	0.599806669889	0.612373127115	0.611889801837	0.655389076849	0.593523441276	0.651039149348	0.59255679072	0.676172063799	0.607056549058
AB6	0.695505074915	0.587240212663	0.961817303045	0.67133881102	0.580473658772	0.572740454326	0.657805703238	0.573223779604	0.585306911551	0.612373127115	0.618173030449	0.53020782987	0.60657322378	0.882068632189	0.634606089899	0.630739487675	0.647655872402	0.649105848236	0.942000966651	0.78927017883	0.747220879652	0.681971967134	0.69212179797	0.688738521025	0.925567907202	0.716771387144	0.649105848236	0.663605606573	0.68293861769	0.706621556307	0.734654422426	0.699855002417	0.588690188497	0.581440309328	0.314161430643	0.0	0.565007249879	0.572257129048	0.557274045433	0.559690671822	0.543740937651	0.67133881102	0.630256162397	0.528757854036	0.556307394877	0.546157564041	0.602223296278	0.559690671822	0.602706621556	0.564523924601	0.568873852102	0.586273562107	0.541807636539	0.559207346544	0.577573707105	0.570807153214	0.599323344611	0.570323827936	0.599323344611	0.555824069599	0.629289511841	0.544224262929
AC5	0.612373127115	0.553407443209	0.971967133881	0.656839052682	0.62493958434	0.481875302078	0.685838569357	0.443209279845	0.440309328178	0.564040599323	0.427259545674	0.562107298212	0.552440792653	0.892218463026	0.631222812953	0.572257129048	0.471242145964	0.459159014016	0.949734171097	0.789753504108	0.614306428226	0.54857419043	0.512808119865	0.507491541808	0.925567907202	0.62493958434	0.47462542291	0.48622522958	0.549540840986	0.589173513775	0.56259062349	0.517158047366	0.459159014016	0.505558240696	0.615273078782	0.565007249879	0.0	0.457709038183	0.438376027066	0.591590140164	0.517158047366	0.718704688255	0.660705654906	0.53939101015	0.470275495408	0.466892218463	0.609473175447	0.572740454326	0.633156114065	0.590623489609	0.57177380377	0.59497341711	0.500724987917	0.488641855969	0.506041565974	0.504108264862	0.558724021266	0.588206863219	0.572257129048	0.573707104882	0.5186080232	0.55775737071
AC6	0.628322861286	0.505074915418	0.948767520541	0.633639439343	0.584823586274	0.518124697922	0.545674238763	0.471242145964	0.515224746254	0.465442242629	0.5601739971	0.542774287095	0.545190913485	0.860318994683	0.538907684872	0.558724021266	0.5601739971	0.563557274045	0.915418076365	0.755437409377	0.64572257129	0.583856935718	0.593523441276	0.58095698405	0.900918318028	0.607539874335	0.55775737071	0.551474142098	0.574673755437	0.585306911551	0.652489125181	0.610439826003	0.46302561624	0.494441759304	0.658772353794	0.572257129048	0.457709038183	0.0	0.514741420976	0.520541324311	0.479458675689	0.495891735138	0.440309328178	0.422426292895	0.55775737071	0.552924117931	0.681005316578	0.629289511841	0.678105364911	0.641855969067	0.63653939101	0.660222329628	0.568390526825	0.568873852102	0.581440309328	0.579023682939	0.553407443209	0.652972450459	0.57177380377	0.623972933784	0.547124214596	0.625422909618
AD6	0.602706621556	0.522957950701	0.972450459159	0.631222812953	0.561623972934	0.419526341228	0.642822619623	0.450459159014	0.441759304012	0.515224746254	0.446592556791	0.505558240696	0.517158047366	0.891735137748	0.59497341711	0.545190913485	0.498791686805	0.466892218463	0.94441759304	0.78250362494	0.619623006283	0.557274045433	0.553890768487	0.545674238763	0.913001449976	0.608506524891	0.514741420976	0.517158047366	0.559207346544	0.576123731271	0.609473175447	0.559690671822	0.47220879652	0.489608506525	0.611406476559	0.557274045433	0.438376027066	0.514741420976	0.0	0.545674238763	0.41904301595	0.70372160464	0.656839052682	0.512324794587	0.467858869019	0.470758820686	0.592073465442	0.540840985984	0.602223296278	0.550507491542	0.54857419043	0.56935717738	0.47220879652	0.463508941518	0.487675205413	0.481875302078	0.538424359594	0.56259062349	0.545190913485	0.548090865152	0.475592073465	0.531657805703
AE5	0.630739487675	0.533107781537	0.972450459159	0.637989366844	0.555340744321	0.553890768487	0.581440309328	0.547124214596	0.596906718221	0.528757854036	0.622039632673	0.510391493475	0.571290478492	0.884485258579	0.558724021266	0.5601739971	0.613823102948	0.607056549058	0.930401159981	0.768970517158	0.727887868536	0.65055582407	0.651039149348	0.645239246013	0.884485258579	0.653939101015	0.626389560174	0.61333977767	0.634122764621	0.656839052682	0.673755437409	0.637506041566	0.560657322378	0.580473658772	0.624456259062	0.559690671822	0.591590140164	0.520541324311	0.545674238763	0.0	0.35427742871	0.610439826003	0.565973900435	0.50700821653	0.621556307395	0.623489608507	0.650072498792	0.608989850169	0.65973900435	0.605123247946	0.622522957951	0.635572740454	0.538424359594	0.566940550991	0.598840019333	0.575157080715	0.561623972934	0.622522957951	0.555340744321	0.60657322378	0.590623489609	0.611406476559
AE6	0.608989850169	0.480908651522	0.972933784437	0.62735621073	0.568390526825	0.470758820686	0.585790236829	0.457225712905	0.510391493475	0.482841952634	0.527307878202	0.502658289029	0.509908168197	0.885451909135	0.542290961817	0.519574673755	0.529724504592	0.52779120348	0.938617689705	0.778153697438	0.666988883519	0.587723537941	0.589656839053	0.585306911551	0.901884968584	0.623972933784	0.549057515708	0.5601739971	0.58095698405	0.605123247946	0.631222812953	0.591590140164	0.464958917351	0.490575157081	0.611406476559	0.543740937651	0.517158047366	0.479458675689	0.41904301595	0.35427742871	0.0	0.64572257129	0.594490091832	0.457225712905	0.526824552924	0.529241179314	0.642822619623	0.596906718221	0.643305944901	0.597390043499	0.602223296278	0.623972933784	0.500724987917	0.500724987917	0.521024649589	0.511358144031	0.523441275979	0.612373127115	0.52779120348	0.584823586274	0.500724987917	0.589656839053
AF5	0.717738037699	0.640889318511	0.929917834703	0.679072015466	0.660705654906	0.693088448526	0.555824069599	0.641855969067	0.68970517158	0.597873368777	0.734171097148	0.6389560174	0.685838569357	0.845819236346	0.608989850169	0.681971967134	0.732721121315	0.738037699372	0.866118898018	0.727887868536	0.721604639923	0.685355244079	0.731271145481	0.722571290478	0.870952150797	0.691638472692	0.710971483809	0.692605123248	0.672305461576	0.676655389077	0.767520541324	0.735137747704	0.635089415176	0.665538907685	0.744804253262	0.67133881102	0.718704688255	0.495891735138	0.70372160464	0.610439826003	0.64572257129	0.0	0.297245045916	0.541324311261	0.736587723538	0.723054615756	0.764620589657	0.727404543258	0.758337361044	0.721604639923	0.746254229096	0.757370710488	0.704204929918	0.733204446593	0.736587723538	0.727887868536	0.684388593523	0.744804253262	0.683905268246	0.716288061866	0.726437892702	0.725471242146
AF6	0.695021749638	0.59497341711	0.938617689705	0.644755920735	0.636056065732	0.646205896568	0.517641372644	0.599806669889	0.644272595457	0.546640889319	0.691155147414	0.602706621556	0.634606089899	0.850652489125	0.565973900435	0.635089415176	0.679072015466	0.687288545191	0.878202029966	0.726437892702	0.697921701305	0.648622522958	0.690188496858	0.68293861769	0.877718704688	0.683421942968	0.666505558241	0.649105848236	0.639439342678	0.655389076849	0.739004349928	0.699371677139	0.588690188497	0.617689705172	0.714354760754	0.630256162397	0.660705654906	0.440309328178	0.656839052682	0.565973900435	0.594490091832	0.297245045916	0.0	0.497341710971	0.685355244079	0.676655389077	0.739004349928	0.685838569357	0.729821169647	0.686321894635	0.684871918801	0.709521507975	0.65973900435	0.679072015466	0.686321894635	0.677138714355	0.63653939101	0.697438376027	0.634122764621	0.678105364911	0.679072015466	0.684388593523
