	AA3	AA4	AB3	AB4	AC3	AC4	AD3	AD4	AE3	AE4	AF3	AF4	AG3	AG4	AH3	AH4	AA7	AA8	AB7	AB8	AC7	AC8	AD7	AD8	AE7	AE8	AF7	AF8	AG7	AG8	AH7	AH8	AA5	AA6	AB5	AB6	AC5	AC6	AD6	AE5	AE6	AF5	AF6	AG5	AH5	AH6	AA1	AA2	AB1	AB2	AC1	AC2	AD1	AD2	AE1	AE2	AF1	AF2	AG1	AG2	AH1	AH2
AA3	0.0	0.488158530691	0.933784436926	0.63653939101	0.657805703238	0.577573707105	0.666505558241	0.564523924601	0.555824069599	0.629289511841	0.594006766554	0.608023199613	0.565007249879	0.854035766071	0.645239246013	0.324794586757	0.56259062349	0.552924117931	0.869502174964	0.714354760754	0.612373127115	0.566457225713	0.575640405993	0.560657322378	0.832769453842	0.586273562107	0.568390526825	0.556307394877	0.574190430159	0.583856935718	0.581440309328	0.545674238763	0.572257129048	0.592073465442	0.732237796037	0.683421942968	0.59497341711	0.625906234896	0.581923634606	0.628806186564	0.599323344611	0.711938134364	0.6805219913	0.623489608507	0.617689705172	0.600773320445	0.685838569357	0.646689221846	0.702754954084	0.676172063799	0.637022716288	0.655389076849	0.563557274045	0.554374093765	0.558240695988	0.546157564041	0.57177380377	0.658772353794	0.588206863219	0.665538907685	0.578057032383	0.646689221846
AA4	0.488158530691	0.0	0.939101014983	0.582890285162	0.565007249879	0.493958434026	0.579023682939	0.474142097632	0.496858385694	0.523924601257	0.554374093765	0.518124697922	0.478492025133	0.854519091348	0.377477042049	0.371677138714	0.551474142098	0.529724504592	0.89125181247	0.725954567424	0.645239246013	0.57177380377	0.591590140164	0.577573707105	0.873852102465	0.621072982117	0.549540840986	0.544224262929	0.585790236829	0.597390043499	0.627839536008	0.574673755437	0.506041565974	0.532141130981	0.662638956017	0.603673272112	0.566940550991	0.5186080232	0.521024649589	0.539874335428	0.487675205413	0.628806186564	0.58337361044	0.521024649589	0.58337361044	0.566457225713	0.667472208797	0.584823586274	0.628806186564	0.610923151281	0.597390043499	0.632189463509	0.534557757371	0.515708071532	0.528757854036	0.532141130981	0.502174963751	0.634122764621	0.510391493475	0.605123247946	0.526824552924	0.585790236829
AB3	0.933784436926	0.939101014983	0.0	0.676655389077	0.916384726921	0.952634122765	0.954567423876	0.937167713871	0.924117931368	0.946350894152	0.971000483325	0.934267762204	0.96520057999	0.335911068149	0.958917351377	0.939584340261	0.969550507492	0.966167230546	0.750120831319	0.7593040116	0.887868535524	0.912518124698	0.952150797487	0.948767520541	0.852585790237	0.887868535524	0.942967617206	0.927501208313	0.850652489125	0.828419526341	0.949734171097	0.952634122765	0.957950700822	0.961333977767	0.971000483325	0.963267278879	0.972450459159	0.950700821653	0.971483808603	0.971483808603	0.971000483325	0.938617689705	0.935717738038	0.943450942484	0.971967133881	0.970033832769	0.970033832769	0.96761720638	0.96520057999	0.970033832769	0.968583856936	0.968100531658	0.971000483325	0.971000483325	0.971967133881	0.971000483325	0.971000483325	0.970033832769	0.970033832769	0.971483808603	0.972450459159	0.970033832769
AB4	0.63653939101	0.582890285162	0.676655389077	0.0	0.64813919768	0.619623006283	0.688738521025	0.608989850169	0.618656355727	0.64813919768	0.659255679072	0.624456259062	0.484291928468	0.565007249879	0.620106331561	0.594490091832	0.663122281295	0.643789270179	0.749637506042	0.577090381827	0.65973900435	0.637506041566	0.667472208797	0.660222329628	0.797003383277	0.642339294345	0.667472208797	0.651522474625	0.568390526825	0.579507008217	0.695988400193	0.660705654906	0.651522474625	0.667955534074	0.725954567424	0.673755437409	0.664572257129	0.65732237796	0.645239246013	0.65973900435	0.636056065732	0.675205413243	0.661188980184	0.635089415176	0.702271628806	0.686805219913	0.711938134364	0.662155630739	0.697921701305	0.686321894635	0.6805219913	0.674722087965	0.642822619623	0.64813919768	0.668438859352	0.65055582407	0.649589173514	0.683905268246	0.65055582407	0.681488641856	0.662638956017	0.67133881102
AC3	0.657805703238	0.565007249879	0.916384726921	0.64813919768	0.0	0.483325277912	0.644755920735	0.564523924601	0.559207346544	0.60657322378	0.630256162397	0.30787820203	0.602706621556	0.834702754954	0.611406476559	0.60415659739	0.628322861286	0.584340260996	0.874335427743	0.743354277429	0.731271145481	0.675688738521	0.72692121798	0.701788303528	0.828902851619	0.683905268246	0.655389076849	0.670855485742	0.674722087965	0.691155147414	0.708071532141	0.660222329628	0.600289995167	0.625422909618	0.614306428226	0.579023682939	0.62493958434	0.598356694055	0.570323827936	0.556790720155	0.572257129048	0.678588690188	0.652489125181	0.577090381827	0.641855969067	0.6389560174	0.594490091832	0.603673272112	0.567423876269	0.590140164331	0.602706621556	0.587240212663	0.538907684872	0.572740454326	0.576123731271	0.559690671822	0.608506524891	0.582406959884	0.61575640406	0.589656839053	0.620589656839	0.587723537941
AC4	0.577573707105	0.493958434026	0.952634122765	0.619623006283	0.483325277912	0.0	0.620106331561	0.411309811503	0.408893185114	0.536491058482	0.357177380377	0.410826486225	0.499758337361	0.87046882552	0.564040599323	0.522957950701	0.478975350411	0.438859352344	0.926051232479	0.751570807153	0.582890285162	0.515708071532	0.524891251812	0.501691638473	0.892701788304	0.584340260996	0.474142097632	0.503624939584	0.531657805703	0.557274045433	0.569840502658	0.51377477042	0.444175930401	0.469308844853	0.628322861286	0.56935717738	0.454325761237	0.518124697922	0.399710004833	0.555824069599	0.478008699855	0.686321894635	0.643789270179	0.522957950701	0.51377477042	0.464475592073	0.635089415176	0.558724021266	0.592073465442	0.589173513775	0.565007249879	0.59497341711	0.482358627356	0.493958434026	0.513291445143	0.491541807637	0.537457709038	0.597873368777	0.545190913485	0.582406959884	0.482358627356	0.561140647656
AD3	0.666505558241	0.579023682939	0.954567423876	0.688738521025	0.644755920735	0.620106331561	0.0	0.524407926535	0.633639439343	0.358144030933	0.669405509908	0.603673272112	0.634606089899	0.869985500242	0.573223779604	0.626872885452	0.675688738521	0.672788786854	0.931851135814	0.765587240213	0.71290478492	0.68293861769	0.687288545191	0.68293861769	0.908168197197	0.673272112131	0.69212179797	0.686321894635	0.679555340744	0.68293861769	0.712421459642	0.68293861769	0.617689705172	0.645239246013	0.725471242146	0.666988883519	0.674722087965	0.53939101015	0.620589656839	0.589173513775	0.573707104882	0.551957467376	0.521991300145	0.567423876269	0.690671822136	0.676655389077	0.765103914935	0.693571773804	0.729337844369	0.716288061866	0.695988400193	0.734654422426	0.653455775737	0.648622522958	0.659255679072	0.649589173514	0.623489608507	0.731754470759	0.637022716288	0.718221362977	0.684388593523	0.695988400193
AD4	0.564523924601	0.474142097632	0.937167713871	0.608989850169	0.564523924601	0.411309811503	0.524407926535	0.0	0.319961333978	0.414209763171	0.429192846786	0.50700821653	0.501691638473	0.853552440793	0.546640889319	0.50700821653	0.456742387627	0.420009666506	0.924601256646	0.754470758821	0.5601739971	0.47220879652	0.497825036249	0.477042049299	0.89125181247	0.584340260996	0.440792653456	0.459642339294	0.503624939584	0.552440792653	0.539874335428	0.49540840986	0.392943450942	0.455292411793	0.65055582407	0.581440309328	0.452875785404	0.491541807637	0.433059449009	0.553407443209	0.477525374577	0.655389076849	0.61333977767	0.489125181247	0.537941034316	0.477042049299	0.673272112131	0.599806669889	0.637506041566	0.632672788787	0.606089898502	0.637506041566	0.522474625423	0.508458192363	0.535041082649	0.521991300145	0.523441275979	0.639439342678	0.537941034316	0.634122764621	0.503624939584	0.610439826003
AE3	0.555824069599	0.496858385694	0.924117931368	0.618656355727	0.559207346544	0.408893185114	0.633639439343	0.319961333978	0.0	0.523441275979	0.415659739004	0.513291445143	0.510391493475	0.845335911068	0.561140647656	0.521991300145	0.451909134848	0.411793136781	0.9212179797	0.748670855486	0.537457709038	0.473658772354	0.483325277912	0.461092315128	0.884001933301	0.578057032383	0.432576123731	0.452392460126	0.488641855969	0.541324311261	0.539874335428	0.498791686805	0.383276945384	0.445625906235	0.662638956017	0.603673272112	0.442725954567	0.518124697922	0.441275978734	0.600289995167	0.527307878202	0.691638472692	0.642339294345	0.515708071532	0.53020782987	0.465925567907	0.675688738521	0.598356694055	0.640889318511	0.630739487675	0.603189946834	0.639439342678	0.521991300145	0.519574673755	0.544707588207	0.525857902368	0.546157564041	0.646205896568	0.561140647656	0.628806186564	0.503141614306	0.606089898502
AE4	0.629289511841	0.523924601257	0.946350894152	0.64813919768	0.60657322378	0.536491058482	0.358144030933	0.414209763171	0.523441275979	0.0	0.585790236829	0.551474142098	0.589656839053	0.861768970517	0.546157564041	0.564040599323	0.59497341711	0.584340260996	0.940550990817	0.765587240213	0.657805703238	0.599323344611	0.616723054616	0.593523441276	0.905268245529	0.622039632673	0.605606573224	0.596906718221	0.591590140164	0.620106331561	0.649589173514	0.598840019333	0.530691155147	0.559207346544	0.695505074915	0.635089415176	0.585306911551	0.471242145964	0.545674238763	0.549057515708	0.516674722088	0.586756887385	0.543740937651	0.510874818753	0.626389560174	0.59497341711	0.718221362977	0.64813919768	0.684871918801	0.676655389077	0.663605606573	0.694055099082	0.618656355727	0.59497341711	0.614789753504	0.609956500725	0.574673755437	0.690671822136	0.599323344611	0.6805219913	0.610923151281	0.654422426293
AF3	0.594006766554	0.554374093765	0.971000483325	0.659255679072	0.630256162397	0.357177380377	0.669405509908	0.429192846786	0.415659739004	0.585790236829	0.0	0.553407443209	0.531174480425	0.885935234413	0.600773320445	0.571290478492	0.440792653456	0.428709521508	0.957467375544	0.789753504108	0.584340260996	0.524891251812	0.443209279845	0.416143064282	0.917351377477	0.613823102948	0.44224262929	0.508458192363	0.546640889319	0.591106814886	0.528274528758	0.523441275979	0.427259545674	0.497825036249	0.685838569357	0.637022716288	0.436442725955	0.551957467376	0.452392460126	0.616723054616	0.53939101015	0.724987916868	0.679555340744	0.549057515708	0.544224262929	0.492508458192	0.68970517158	0.607056549058	0.667955534074	0.647172547124	0.615273078782	0.64813919768	0.548090865152	0.533107781537	0.552440792653	0.538424359594	0.57177380377	0.653455775737	0.587240212663	0.630256162397	0.506041565974	0.615273078782
AF4	0.608023199613	0.518124697922	0.934267762204	0.624456259062	0.30787820203	0.410826486225	0.603673272112	0.50700821653	0.513291445143	0.551474142098	0.553407443209	0.0	0.559207346544	0.849685838569	0.570323827936	0.559207346544	0.575157080715	0.535524407927	0.889318511358	0.728854519091	0.698405026583	0.628806186564	0.67133881102	0.647655872402	0.843402609957	0.640405993233	0.600773320445	0.621556307395	0.637022716288	0.663605606573	0.656839052682	0.609473175447	0.54857419043	0.575157080715	0.587240212663	0.521024649589	0.557274045433	0.545674238763	0.526824552924	0.506041565974	0.524891251812	0.639439342678	0.618656355727	0.531174480425	0.568390526825	0.563073948768	0.575640405993	0.535041082649	0.540357660706	0.545190913485	0.536491058482	0.546157564041	0.475592073465	0.503141614306	0.508941517641	0.50700821653	0.560657322378	0.543257612373	0.566940550991	0.536491058482	0.566457225713	0.523924601257
AG3	0.565007249879	0.478492025133	0.96520057999	0.484291928468	0.602706621556	0.499758337361	0.634606089899	0.501691638473	0.510391493475	0.589656839053	0.531174480425	0.559207346544	0.0	0.851135814403	0.535524407927	0.511841469309	0.497825036249	0.465925567907	0.926051232479	0.756404059932	0.65973900435	0.590623489609	0.591590140164	0.585306911551	0.883518608023	0.633639439343	0.534557757371	0.558724021266	0.597390043499	0.621072982117	0.632189463509	0.564523924601	0.499758337361	0.5186080232	0.65973900435	0.610439826003	0.540357660706	0.553407443209	0.511841469309	0.57177380377	0.518124697922	0.684871918801	0.636056065732	0.547124214596	0.572740454326	0.555824069599	0.637022716288	0.56935717738	0.619139681005	0.610923151281	0.581440309328	0.598840019333	0.497825036249	0.500724987917	0.533591106815	0.5186080232	0.536007733204	0.606089898502	0.547607539874	0.608023199613	0.510874818753	0.581440309328
AG4	0.854035766071	0.854519091348	0.335911068149	0.565007249879	0.834702754954	0.87046882552	0.869985500242	0.853552440793	0.845335911068	0.861768970517	0.885935234413	0.849685838569	0.851135814403	0.0	0.873852102465	0.853069115515	0.894151764137	0.887868535524	0.728371193813	0.688738521025	0.813919768004	0.838569357177	0.880135331078	0.875785403577	0.829386176897	0.820686321895	0.874335427743	0.85645239246	0.779120347994	0.74528757854	0.884001933301	0.874818753021	0.873368777187	0.880135331078	0.90043499275	0.886901884969	0.885451909135	0.860802319961	0.89125181247	0.884968583857	0.883518608023	0.855485741904	0.851135814403	0.859352344128	0.896568390527	0.890768487192	0.887868535524	0.888351860802	0.884968583857	0.889318511358	0.886901884969	0.884968583857	0.892701788304	0.887385210246	0.898501691638	0.89125181247	0.886901884969	0.887868535524	0.887868535524	0.88883518608	0.895118414693	0.88883518608
AH3	0.645239246013	0.377477042049	0.958917351377	0.620106331561	0.611406476559	0.564040599323	0.573223779604	0.546640889319	0.561140647656	0.546157564041	0.600773320445	0.570323827936	0.535524407927	0.873852102465	0.0	0.521024649589	0.611889801837	0.593523441276	0.933784436926	0.76848719188	0.695988400193	0.641855969067	0.637989366844	0.630739487675	0.897535041083	0.686321894635	0.635089415176	0.632189463509	0.655389076849	0.666988883519	0.68970517158	0.630739487675	0.544224262929	0.585790236829	0.712421459642	0.655389076849	0.633639439343	0.558240695988	0.594490091832	0.567907201547	0.565973900435	0.614306428226	0.565973900435	0.55775737071	0.651522474625	0.633639439343	0.717254712421	0.632672788787	0.667472208797	0.661188980184	0.648622522958	0.677622039633	0.600773320445	0.592073465442	0.604639922668	0.603189946834	0.569840502658	0.683905268246	0.568390526825	0.653455775737	0.604639922668	0.632672788787
AH4	0.324794586757	0.371677138714	0.939584340261	0.594490091832	0.60415659739	0.522957950701	0.626872885452	0.50700821653	0.521991300145	0.564040599323	0.571290478492	0.559207346544	0.511841469309	0.853069115515	0.521024649589	0.0	0.536491058482	0.528757854036	0.875302078299	0.71290478492	0.619139681005	0.549540840986	0.573223779604	0.564040599323	0.848719188014	0.587723537941	0.546157564041	0.533107781537	0.565973900435	0.576123731271	0.600773320445	0.544224262929	0.533107781537	0.547607539874	0.687288545191	0.634122764621	0.572257129048	0.566457225713	0.53020782987	0.583856935718	0.525857902368	0.678588690188	0.632672788787	0.558724021266	0.595940067666	0.572740454326	0.669888835186	0.597390043499	0.652972450459	0.628806186564	0.599323344611	0.628322861286	0.534557757371	0.507974867086	0.532624456259	0.533107781537	0.512324794587	0.628806186564	0.521024649589	0.622039632673	0.529724504592	0.599806669889
AA7	0.56259062349	0.551474142098	0.969550507492	0.663122281295	0.628322861286	0.478975350411	0.675688738521	0.456742387627	0.451909134848	0.59497341711	0.440792653456	0.575157080715	0.497825036249	0.894151764137	0.611889801837	0.536491058482	0.0	0.289995166747	0.928951184147	0.771387143548	0.585790236829	0.489125181247	0.479458675689	0.467858869019	0.870952150797	0.58337361044	0.436926051232	0.46979217013	0.533107781537	0.576607056549	0.506041565974	0.422426292895	0.43064282262	0.494441759304	0.704688255196	0.664088931851	0.465442242629	0.574673755437	0.483325277912	0.607056549058	0.544224262929	0.728854519091	0.679072015466	0.578540357661	0.561623972934	0.506041565974	0.66892218463	0.618656355727	0.670372160464	0.655872402127	0.602706621556	0.62735621073	0.525857902368	0.520057999033	0.53939101015	0.520541324311	0.555340744321	0.632672788787	0.552440792653	0.649105848236	0.509908168197	0.61575640406
AA8	0.552924117931	0.529724504592	0.966167230546	0.643789270179	0.584340260996	0.438859352344	0.672788786854	0.420009666506	0.411793136781	0.584340260996	0.428709521508	0.535524407927	0.465925567907	0.887868535524	0.593523441276	0.528757854036	0.289995166747	0.0	0.919768003867	0.758337361044	0.565973900435	0.471725471242	0.488641855969	0.476558724021	0.858385693572	0.566457225713	0.421459642339	0.450459159014	0.519574673755	0.565007249879	0.489125181247	0.384726921218	0.398260029	0.468342194297	0.681005316578	0.635572740454	0.454325761237	0.551957467376	0.448525857902	0.59255679072	0.52537457709	0.723537941034	0.672788786854	0.549540840986	0.537941034316	0.480908651522	0.639922667956	0.586756887385	0.633639439343	0.620589656839	0.572740454326	0.599323344611	0.489608506525	0.485258579024	0.509908168197	0.484775253746	0.537457709038	0.602223296278	0.543740937651	0.612856452392	0.478975350411	0.578057032383
AB7	0.869502174964	0.89125181247	0.750120831319	0.749637506042	0.874335427743	0.926051232479	0.931851135814	0.924601256646	0.9212179797	0.940550990817	0.957467375544	0.889318511358	0.926051232479	0.728371193813	0.933784436926	0.875302078299	0.928951184147	0.919768003867	0.0	0.413726437893	0.813436442726	0.84485258579	0.930401159981	0.922184630256	0.737554374094	0.801836636056	0.898018366361	0.878685355244	0.740454325761	0.680038666022	0.887385210246	0.900918318028	0.922667955534	0.940550990817	0.935717738038	0.934267762204	0.947800869986	0.920734654422	0.942484291928	0.930884485259	0.934751087482	0.873852102465	0.874335427743	0.906234896085	0.955050749154	0.951667472209	0.927501208313	0.934267762204	0.922667955534	0.931367810536	0.928467858869	0.92363460609	0.924117931368	0.915901401643	0.916384726921	0.915418076365	0.920734654422	0.920251329145	0.92363460609	0.919284678589	0.949734171097	0.927017883035
AB8	0.714354760754	0.725954567424	0.7593040116	0.577090381827	0.743354277429	0.751570807153	0.765587240213	0.754470758821	0.748670855486	0.765587240213	0.789753504108	0.728854519091	0.756404059932	0.688738521025	0.76848719188	0.71290478492	0.771387143548	0.758337361044	0.413726437893	0.0	0.653939101015	0.679072015466	0.753504108265	0.74528757854	0.732721121315	0.64572257129	0.721121314645	0.702271628806	0.541807636539	0.524407926535	0.73852102465	0.730787820203	0.749637506042	0.770420492992	0.799903334944	0.765587240213	0.773803769937	0.744804253262	0.765587240213	0.754470758821	0.755920734654	0.721604639923	0.71532141131	0.733204446593	0.788303528275	0.784436926051	0.806669888835	0.758820686322	0.789753504108	0.768970517158	0.772353794103	0.774287095215	0.764620589657	0.756404059932	0.758820686322	0.752537457709	0.751087481875	0.776703721605	0.754470758821	0.758337361044	0.770420492992	0.7593040116
AC7	0.612373127115	0.645239246013	0.887868535524	0.65973900435	0.731271145481	0.582890285162	0.71290478492	0.5601739971	0.537457709038	0.657805703238	0.584340260996	0.698405026583	0.65973900435	0.813919768004	0.695988400193	0.619139681005	0.585790236829	0.565973900435	0.813436442726	0.653939101015	0.0	0.369260512325	0.553407443209	0.552924117931	0.819719671339	0.565007249879	0.541324311261	0.503624939584	0.468342194297	0.481875302078	0.566940550991	0.549057515708	0.542290961817	0.594490091832	0.805219913001	0.755920734654	0.619623006283	0.644755920735	0.60657322378	0.726437892702	0.666022232963	0.711454809087	0.679555340744	0.629289511841	0.65732237796	0.594490091832	0.823102948284	0.748187530208	0.793136781054	0.788303528275	0.741420976317	0.779603673272	0.679555340744	0.663122281295	0.681488641856	0.667472208797	0.673755437409	0.786370227163	0.680038666022	0.77767037216	0.623972933784	0.751570807153
AC8	0.566457225713	0.57177380377	0.912518124698	0.637506041566	0.675688738521	0.515708071532	0.68293861769	0.47220879652	0.473658772354	0.599323344611	0.524891251812	0.628806186564	0.590623489609	0.838569357177	0.641855969067	0.549540840986	0.489125181247	0.471725471242	0.84485258579	0.679072015466	0.369260512325	0.0	0.472692121798	0.474142097632	0.832286128565	0.53020782987	0.390043499275	0.352344127598	0.431609473175	0.474142097632	0.503624939584	0.46060898985	0.474142097632	0.525857902368	0.724021266312	0.677622039633	0.526824552924	0.577573707105	0.527307878202	0.639439342678	0.581440309328	0.681005316578	0.628322861286	0.576607056549	0.590140164331	0.524407926535	0.732237796037	0.651039149348	0.711938134364	0.705171580474	0.660222329628	0.688738521025	0.587240212663	0.574190430159	0.601256645723	0.576123731271	0.581440309328	0.689221846303	0.585306911551	0.692605123248	0.536491058482	0.662155630739
AD7	0.575640405993	0.591590140164	0.952150797487	0.667472208797	0.72692121798	0.524891251812	0.687288545191	0.497825036249	0.483325277912	0.616723054616	0.443209279845	0.67133881102	0.591590140164	0.880135331078	0.637989366844	0.573223779604	0.479458675689	0.488641855969	0.930401159981	0.753504108265	0.553407443209	0.472692121798	0.0	0.295795070082	0.889801836636	0.511358144031	0.43064282262	0.463992266796	0.500241662639	0.545674238763	0.503624939584	0.488158530691	0.478975350411	0.53939101015	0.751570807153	0.694055099082	0.51377477042	0.593040115998	0.543257612373	0.66892218463	0.60415659739	0.719188013533	0.671822136298	0.605606573224	0.593523441276	0.540840985984	0.758337361044	0.669888835186	0.741904301595	0.728854519091	0.677138714355	0.709038182697	0.614789753504	0.600289995167	0.616723054616	0.608023199613	0.601256645723	0.718221362977	0.605606573224	0.71290478492	0.570807153214	0.681971967134
AD8	0.560657322378	0.577573707105	0.948767520541	0.660222329628	0.701788303528	0.501691638473	0.68293861769	0.477042049299	0.461092315128	0.593523441276	0.416143064282	0.647655872402	0.585306911551	0.875785403577	0.630739487675	0.564040599323	0.467858869019	0.476558724021	0.922184630256	0.74528757854	0.552924117931	0.474142097632	0.295795070082	0.0	0.850652489125	0.482841952634	0.414209763171	0.455775737071	0.477042049299	0.526341227646	0.496858385694	0.484291928468	0.468342194297	0.532624456259	0.732721121315	0.673755437409	0.487191880135	0.574673755437	0.522957950701	0.640889318511	0.583856935718	0.720637989367	0.674238762687	0.579990333494	0.573223779604	0.53020782987	0.743354277429	0.659255679072	0.72692121798	0.709521507975	0.660705654906	0.693571773804	0.600773320445	0.591106814886	0.602706621556	0.593040115998	0.586756887385	0.708554857419	0.603673272112	0.692605123248	0.561140647656	0.666988883519
AE7	0.832769453842	0.873852102465	0.852585790237	0.797003383277	0.828902851619	0.892701788304	0.908168197197	0.89125181247	0.884001933301	0.905268245529	0.917351377477	0.843402609957	0.883518608023	0.829386176897	0.897535041083	0.848719188014	0.870952150797	0.858385693572	0.737554374094	0.732721121315	0.819719671339	0.832286128565	0.889801836636	0.850652489125	0.0	0.531174480425	0.874818753021	0.855485741904	0.767520541324	0.755437409377	0.836636056066	0.842435959401	0.89125181247	0.90961817303	0.926051232479	0.914934751087	0.91445142581	0.902368293862	0.903334944418	0.881585306912	0.897535041083	0.883518608023	0.876268728855	0.875302078299	0.933784436926	0.919768003867	0.88883518608	0.916384726921	0.904784920251	0.895601739971	0.90285161914	0.893185113581	0.889801836636	0.890285161914	0.90285161914	0.882551957467	0.903334944418	0.890768487192	0.905268245529	0.897535041083	0.915418076365	0.90043499275
AE8	0.586273562107	0.621072982117	0.887868535524	0.642339294345	0.683905268246	0.584340260996	0.673272112131	0.584340260996	0.578057032383	0.622039632673	0.613823102948	0.640405993233	0.633639439343	0.820686321895	0.686321894635	0.587723537941	0.58337361044	0.566457225713	0.801836636056	0.64572257129	0.565007249879	0.53020782987	0.511358144031	0.482841952634	0.531174480425	0.0	0.55775737071	0.546640889319	0.502174963751	0.502174963751	0.554374093765	0.543740937651	0.591106814886	0.606089898502	0.761237312711	0.710004833253	0.611406476559	0.605123247946	0.599323344611	0.659255679072	0.622039632673	0.700338327695	0.667955534074	0.605123247946	0.649589173514	0.616239729338	0.760270662156	0.693088448526	0.753504108265	0.723537941034	0.687288545191	0.721121314645	0.641855969067	0.628806186564	0.648622522958	0.628806186564	0.6389560174	0.726437892702	0.652489125181	0.716288061866	0.626389560174	0.681971967134
AF7	0.568390526825	0.549540840986	0.942967617206	0.667472208797	0.655389076849	0.474142097632	0.69212179797	0.440792653456	0.432576123731	0.605606573224	0.44224262929	0.600773320445	0.534557757371	0.874335427743	0.635089415176	0.546157564041	0.436926051232	0.421459642339	0.898018366361	0.721121314645	0.541324311261	0.390043499275	0.43064282262	0.414209763171	0.874818753021	0.55775737071	0.0	0.323827936201	0.477042049299	0.516674722088	0.4813919768	0.478008699855	0.408893185114	0.477042049299	0.687288545191	0.637022716288	0.456259062349	0.541324311261	0.476558724021	0.612856452392	0.547607539874	0.71290478492	0.664572257129	0.550507491542	0.545190913485	0.489608506525	0.687288545191	0.609473175447	0.678588690188	0.667472208797	0.613823102948	0.639439342678	0.545190913485	0.534557757371	0.554374093765	0.539874335428	0.569840502658	0.650072498792	0.57177380377	0.652972450459	0.495891735138	0.613823102948
AF8	0.556307394877	0.544224262929	0.927501208313	0.651522474625	0.670855485742	0.503624939584	0.686321894635	0.459642339294	0.452392460126	0.596906718221	0.508458192363	0.621556307395	0.558724021266	0.85645239246	0.632189463509	0.533107781537	0.46979217013	0.450459159014	0.878685355244	0.702271628806	0.503624939584	0.352344127598	0.463992266796	0.455775737071	0.855485741904	0.546640889319	0.323827936201	0.0	0.449492508458	0.494441759304	0.519574673755	0.470758820686	0.434026099565	0.505558240696	0.710488158531	0.660222329628	0.499275012083	0.555340744321	0.504108264862	0.619139681005	0.560657322378	0.695988400193	0.65055582407	0.552924117931	0.574190430159	0.515708071532	0.699371677139	0.625906234896	0.700821652972	0.691155147414	0.634606089899	0.658289028516	0.568873852102	0.55099081682	0.569840502658	0.556307394877	0.56259062349	0.667955534074	0.563073948768	0.678105364911	0.509424842919	0.631222812953
AG7	0.574190430159	0.585790236829	0.850652489125	0.568390526825	0.674722087965	0.531657805703	0.679555340744	0.503624939584	0.488641855969	0.591590140164	0.546640889319	0.637022716288	0.597390043499	0.779120347994	0.655389076849	0.565973900435	0.533107781537	0.519574673755	0.740454325761	0.541807636539	0.468342194297	0.431609473175	0.500241662639	0.477042049299	0.767520541324	0.502174963751	0.477042049299	0.449492508458	0.0	0.31706138231	0.539874335428	0.493958434026	0.503624939584	0.555340744321	0.73852102465	0.68293861769	0.534074432093	0.570807153214	0.529724504592	0.640405993233	0.585790236829	0.675688738521	0.62493958434	0.556790720155	0.607539874335	0.559690671822	0.753504108265	0.668438859352	0.732721121315	0.716288061866	0.66892218463	0.706621556307	0.619139681005	0.604639922668	0.623972933784	0.604639922668	0.616239729338	0.71290478492	0.630739487675	0.701788303528	0.586756887385	0.672788786854
AG8	0.583856935718	0.597390043499	0.828419526341	0.579507008217	0.691155147414	0.557274045433	0.68293861769	0.552440792653	0.541324311261	0.620106331561	0.591106814886	0.663605606573	0.621072982117	0.74528757854	0.666988883519	0.576123731271	0.576607056549	0.565007249879	0.680038666022	0.524407926535	0.481875302078	0.474142097632	0.545674238763	0.526341227646	0.755437409377	0.502174963751	0.516674722088	0.494441759304	0.31706138231	0.0	0.5601739971	0.538907684872	0.54857419043	0.584340260996	0.758337361044	0.703238279362	0.574673755437	0.59255679072	0.565973900435	0.669888835186	0.604639922668	0.678588690188	0.644755920735	0.581440309328	0.635089415176	0.59497341711	0.769453842436	0.687771870469	0.751087481875	0.732721121315	0.690188496858	0.722087965201	0.641372643789	0.627839536008	0.640889318511	0.635572740454	0.637022716288	0.731271145481	0.652005799903	0.718221362977	0.616239729338	0.691155147414
AH7	0.581440309328	0.627839536008	0.949734171097	0.695988400193	0.708071532141	0.569840502658	0.712421459642	0.539874335428	0.539874335428	0.649589173514	0.528274528758	0.656839052682	0.632189463509	0.884001933301	0.68970517158	0.600773320445	0.506041565974	0.489125181247	0.887385210246	0.73852102465	0.566940550991	0.503624939584	0.503624939584	0.496858385694	0.836636056066	0.554374093765	0.4813919768	0.519574673755	0.539874335428	0.5601739971	0.0	0.341227646206	0.558724021266	0.614789753504	0.778153697438	0.731754470759	0.553890768487	0.656355727405	0.588690188497	0.676172063799	0.632672788787	0.763170613823	0.735621072982	0.652972450459	0.652005799903	0.608023199613	0.771387143548	0.714838086032	0.755920734654	0.745770903818	0.70130497825	0.727404543258	0.628322861286	0.623006283229	0.630739487675	0.622039632673	0.633639439343	0.732721121315	0.639922667956	0.717738037699	0.61575640406	0.714354760754
AH8	0.545674238763	0.574673755437	0.952634122765	0.660705654906	0.660222329628	0.51377477042	0.68293861769	0.49540840986	0.498791686805	0.598840019333	0.523441275979	0.609473175447	0.564523924601	0.874818753021	0.630739487675	0.544224262929	0.422426292895	0.384726921218	0.900918318028	0.730787820203	0.549057515708	0.46060898985	0.488158530691	0.484291928468	0.842435959401	0.543740937651	0.478008699855	0.470758820686	0.493958434026	0.538907684872	0.341227646206	0.0	0.500724987917	0.540357660706	0.739487675205	0.686321894635	0.532141130981	0.597873368777	0.527307878202	0.620589656839	0.572740454326	0.727887868536	0.6805219913	0.599806669889	0.59255679072	0.540357660706	0.708071532141	0.656839052682	0.699371677139	0.688738521025	0.642822619623	0.667955534074	0.562107298212	0.558724021266	0.570323827936	0.547124214596	0.570323827936	0.667472208797	0.570807153214	0.667472208797	0.547124214596	0.652972450459
AA5	0.572257129048	0.506041565974	0.957950700822	0.651522474625	0.600289995167	0.444175930401	0.617689705172	0.392943450942	0.383276945384	0.530691155147	0.427259545674	0.54857419043	0.499758337361	0.873368777187	0.544224262929	0.533107781537	0.43064282262	0.398260029	0.922667955534	0.749637506042	0.542290961817	0.474142097632	0.478975350411	0.468342194297	0.89125181247	0.591106814886	0.408893185114	0.434026099565	0.503624939584	0.54857419043	0.558724021266	0.500724987917	0.0	0.347994200097	0.660222329628	0.587240212663	0.457225712905	0.454809086515	0.456742387627	0.543740937651	0.483325277912	0.62493958434	0.572740454326	0.454325761237	0.538907684872	0.461575640406	0.696471725471	0.62493958434	0.65732237796	0.657805703238	0.629772837119	0.666022232963	0.530691155147	0.538424359594	0.565490575157	0.545674238763	0.544224262929	0.666022232963	0.556307394877	0.649105848236	0.509908168197	0.625906234896
AA6	0.592073465442	0.532141130981	0.961333977767	0.667955534074	0.625422909618	0.469308844853	0.645239246013	0.455292411793	0.445625906235	0.559207346544	0.497825036249	0.575157080715	0.5186080232	0.880135331078	0.585790236829	0.547607539874	0.494441759304	0.468342194297	0.940550990817	0.770420492992	0.594490091832	0.525857902368	0.53939101015	0.532624456259	0.90961817303	0.606089898502	0.477042049299	0.505558240696	0.555340744321	0.584340260996	0.614789753504	0.540357660706	0.347994200097	0.0	0.652005799903	0.581440309328	0.504108264862	0.494441759304	0.470758820686	0.582406959884	0.509424842919	0.665538907685	0.61575640406	0.512808119865	0.46302561624	0.404059932334	0.685838569357	0.616723054616	0.65732237796	0.653455775737	0.620106331561	0.652972450459	0.527307878202	0.527307878202	0.55775737071	0.53939101015	0.557274045433	0.655872402127	0.563557274045	0.642339294345	0.521024649589	0.623006283229
AB5	0.732237796037	0.662638956017	0.971000483325	0.725954567424	0.614306428226	0.628322861286	0.725471242146	0.65055582407	0.662638956017	0.695505074915	0.685838569357	0.587240212663	0.65973900435	0.90043499275	0.712421459642	0.687288545191	0.704688255196	0.681005316578	0.935717738038	0.799903334944	0.805219913001	0.724021266312	0.751570807153	0.732721121315	0.926051232479	0.761237312711	0.687288545191	0.710488158531	0.73852102465	0.758337361044	0.778153697438	0.739487675205	0.660222329628	0.652005799903	0.0	0.318994683422	0.61333977767	0.649589173514	0.611406476559	0.60657322378	0.605123247946	0.73610439826	0.721604639923	0.641372643789	0.630739487675	0.618656355727	0.637989366844	0.619139681005	0.62735621073	0.614789753504	0.629772837119	0.62493958434	0.587723537941	0.594490091832	0.598840019333	0.61333977767	0.653455775737	0.608023199613	0.648622522958	0.617689705172	0.668438859352	0.618173030449
AB6	0.683421942968	0.603673272112	0.963267278879	0.673755437409	0.579023682939	0.56935717738	0.666988883519	0.581440309328	0.603673272112	0.635089415176	0.637022716288	0.521024649589	0.610439826003	0.886901884969	0.655389076849	0.634122764621	0.664088931851	0.635572740454	0.934267762204	0.765587240213	0.755920734654	0.677622039633	0.694055099082	0.673755437409	0.914934751087	0.710004833253	0.637022716288	0.660222329628	0.68293861769	0.703238279362	0.731754470759	0.686321894635	0.587240212663	0.581440309328	0.318994683422	0.0	0.570323827936	0.576123731271	0.564523924601	0.549540840986	0.545674238763	0.672788786854	0.653939101015	0.550507491542	0.546157564041	0.561140647656	0.595940067666	0.544707588207	0.570323827936	0.55099081682	0.559690671822	0.570323827936	0.538907684872	0.5601739971	0.565007249879	0.577573707105	0.605123247946	0.561140647656	0.601256645723	0.555340744321	0.629772837119	0.53939101015
AC5	0.59497341711	0.566940550991	0.972450459159	0.664572257129	0.62493958434	0.454325761237	0.674722087965	0.452875785404	0.442725954567	0.585306911551	0.436442725955	0.557274045433	0.540357660706	0.885451909135	0.633639439343	0.572257129048	0.465442242629	0.454325761237	0.947800869986	0.773803769937	0.619623006283	0.526824552924	0.51377477042	0.487191880135	0.91445142581	0.611406476559	0.456259062349	0.499275012083	0.534074432093	0.574673755437	0.553890768487	0.532141130981	0.457225712905	0.504108264862	0.61333977767	0.570323827936	0.0	0.460125664572	0.438376027066	0.589656839053	0.524407926535	0.718221362977	0.667955534074	0.545674238763	0.489125181247	0.448525857902	0.614306428226	0.553890768487	0.623006283229	0.584823586274	0.553890768487	0.584340260996	0.498791686805	0.481875302078	0.497341710971	0.495891735138	0.56935717738	0.587723537941	0.579507008217	0.570323827936	0.522957950701	0.554374093765
AC6	0.625906234896	0.5186080232	0.950700821653	0.65732237796	0.598356694055	0.518124697922	0.53939101015	0.491541807637	0.518124697922	0.471242145964	0.551957467376	0.545674238763	0.553407443209	0.860802319961	0.558240695988	0.566457225713	0.574673755437	0.551957467376	0.920734654422	0.744804253262	0.644755920735	0.577573707105	0.593040115998	0.574673755437	0.902368293862	0.605123247946	0.541324311261	0.555340744321	0.570807153214	0.59255679072	0.656355727405	0.597873368777	0.454809086515	0.494441759304	0.649589173514	0.576123731271	0.460125664572	0.0	0.521507974867	0.534557757371	0.502174963751	0.487191880135	0.440792653456	0.422426292895	0.570807153214	0.546157564041	0.688255195747	0.620589656839	0.656355727405	0.637989366844	0.630256162397	0.665538907685	0.577573707105	0.572257129048	0.589173513775	0.586273562107	0.565973900435	0.659255679072	0.584340260996	0.636056065732	0.563073948768	0.619139681005
AD6	0.581923634606	0.521024649589	0.971483808603	0.645239246013	0.570323827936	0.399710004833	0.620589656839	0.433059449009	0.441275978734	0.545674238763	0.452392460126	0.526824552924	0.511841469309	0.89125181247	0.594490091832	0.53020782987	0.483325277912	0.448525857902	0.942484291928	0.765587240213	0.60657322378	0.527307878202	0.543257612373	0.522957950701	0.903334944418	0.599323344611	0.476558724021	0.504108264862	0.529724504592	0.565973900435	0.588690188497	0.527307878202	0.456742387627	0.470758820686	0.611406476559	0.564523924601	0.438376027066	0.521507974867	0.0	0.534074432093	0.420009666506	0.706621556307	0.654905751571	0.535524407927	0.494441759304	0.445625906235	0.620589656839	0.540357660706	0.596906718221	0.575640405993	0.552440792653	0.584823586274	0.469308844853	0.452392460126	0.484775253746	0.461092315128	0.533107781537	0.587723537941	0.549057515708	0.570807153214	0.481875302078	0.547607539874
AE5	0.628806186564	0.539874335428	0.971483808603	0.65973900435	0.556790720155	0.555824069599	0.589173513775	0.553407443209	0.600289995167	0.549057515708	0.616723054616	0.506041565974	0.57177380377	0.884968583857	0.567907201547	0.583856935718	0.607056549058	0.59255679072	0.930884485259	0.754470758821	0.726437892702	0.639439342678	0.66892218463	0.640889318511	0.881585306912	0.659255679072	0.612856452392	0.619139681005	0.640405993233	0.669888835186	0.676172063799	0.620589656839	0.543740937651	0.582406959884	0.60657322378	0.549540840986	0.589656839053	0.534557757371	0.534074432093	0.0	0.359110681489	0.620589656839	0.591590140164	0.527307878202	0.619139681005	0.614789753504	0.65732237796	0.596423392943	0.61575640406	0.608023199613	0.618656355727	0.647655872402	0.540840985984	0.563557274045	0.59497341711	0.563557274045	0.555340744321	0.629772837119	0.558240695988	0.603189946834	0.57177380377	0.599806669889
AE6	0.599323344611	0.487675205413	0.971000483325	0.636056065732	0.572257129048	0.478008699855	0.573707104882	0.477525374577	0.527307878202	0.516674722088	0.53939101015	0.524891251812	0.518124697922	0.883518608023	0.565973900435	0.525857902368	0.544224262929	0.52537457709	0.934751087482	0.755920734654	0.666022232963	0.581440309328	0.60415659739	0.583856935718	0.897535041083	0.622039632673	0.547607539874	0.560657322378	0.585790236829	0.604639922668	0.632672788787	0.572740454326	0.483325277912	0.509424842919	0.605123247946	0.545674238763	0.524407926535	0.502174963751	0.420009666506	0.359110681489	0.0	0.647172547124	0.599323344611	0.48622522958	0.543740937651	0.535041082649	0.644755920735	0.572740454326	0.607539874335	0.597390043499	0.581440309328	0.613823102948	0.502174963751	0.493475108748	0.524891251812	0.50459159014	0.51377477042	0.612373127115	0.528274528758	0.59497341711	0.509908168197	0.587723537941
AF5	0.711938134364	0.628806186564	0.938617689705	0.675205413243	0.678588690188	0.686321894635	0.551957467376	0.655389076849	0.691638472692	0.586756887385	0.724987916868	0.639439342678	0.684871918801	0.855485741904	0.614306428226	0.678588690188	0.728854519091	0.723537941034	0.873852102465	0.721604639923	0.711454809087	0.681005316578	0.719188013533	0.720637989367	0.883518608023	0.700338327695	0.71290478492	0.695988400193	0.675688738521	0.678588690188	0.763170613823	0.727887868536	0.62493958434	0.665538907685	0.73610439826	0.672788786854	0.718221362977	0.487191880135	0.706621556307	0.620589656839	0.647172547124	0.0	0.275012083132	0.558240695988	0.724987916868	0.719188013533	0.776220396327	0.720637989367	0.742387626873	0.720154664089	0.736587723538	0.758820686322	0.704688255196	0.71532141131	0.727887868536	0.718704688255	0.676655389077	0.757370710488	0.6805219913	0.726437892702	0.723054615756	0.723054615756
AF6	0.6805219913	0.58337361044	0.935717738038	0.661188980184	0.652489125181	0.643789270179	0.521991300145	0.61333977767	0.642339294345	0.543740937651	0.679555340744	0.618656355727	0.636056065732	0.851135814403	0.565973900435	0.632672788787	0.679072015466	0.672788786854	0.874335427743	0.71532141131	0.679555340744	0.628322861286	0.671822136298	0.674238762687	0.876268728855	0.667955534074	0.664572257129	0.65055582407	0.62493958434	0.644755920735	0.735621072982	0.6805219913	0.572740454326	0.61575640406	0.721604639923	0.653939101015	0.667955534074	0.440792653456	0.654905751571	0.591590140164	0.599323344611	0.275012083132	0.0	0.510391493475	0.679072015466	0.670372160464	0.757854035766	0.692605123248	0.719188013533	0.697438376027	0.69212179797	0.73368777187	0.654905751571	0.67133881102	0.682455292412	0.675205413243	0.624456259062	0.727887868536	0.632189463509	0.700821652972	0.679072015466	0.69212179797
