	AA3	AA4	AB3	AB4	AC3	AC4	AD3	AD4	AE3	AE4	AF3	AF4	AG3	AG4	AH3	AH4	AA7	AA8	AB7	AB8	AC7	AC8	AD7	AD8	AE7	AE8	AF7	AF8	AG7	AG8	AH7	AH8	AA5	AA6	AB5	AB6	AC5	AC6	AD6	AE5	AE6	AF5	AF6	AG5	AH5	AH6	AA1	AA2	AB1	AB2	AC1	AC2	AD1	AD2	AE1	AE2	AF1	AF2	AG1	AG2	AH1	AH2
AA3	0.0	0.494925084582	0.940067665539	0.661188980184	0.664088931851	0.58337361044	0.669888835186	0.591590140164	0.579990333494	0.633639439343	0.620589656839	0.614306428226	0.58095698405	0.840502658289	0.655389076849	0.330594490092	0.568390526825	0.566457225713	0.878202029966	0.721604639923	0.630739487675	0.577573707105	0.592073465442	0.585306911551	0.827936201063	0.587240212663	0.575640405993	0.568390526825	0.589173513775	0.597873368777	0.58337361044	0.559207346544	0.594490091832	0.608989850169	0.755920734654	0.692605123248	0.599806669889	0.623972933784	0.607056549058	0.634606089899	0.609956500725	0.723054615756	0.691155147414	0.631222812953	0.623006283229	0.619139681005	0.685355244079	0.65055582407	0.710971483809	0.675205413243	0.667472208797	0.672788786854	0.581440309328	0.562107298212	0.565490575157	0.563073948768	0.590623489609	0.656355727405	0.593040115998	0.655389076849	0.585790236829	0.652972450459
AA4	0.494925084582	0.0	0.954084098598	0.600289995167	0.570323827936	0.505558240696	0.590140164331	0.494441759304	0.524407926535	0.519091348478	0.567423876269	0.526341227646	0.508458192363	0.84485258579	0.371677138714	0.378927017883	0.550024166264	0.556790720155	0.896085065249	0.730787820203	0.661672305462	0.579023682939	0.577573707105	0.593040115998	0.880135331078	0.629772837119	0.565490575157	0.572740454326	0.601256645723	0.621072982117	0.633156114065	0.586756887385	0.512324794587	0.533107781537	0.681971967134	0.619139681005	0.574190430159	0.523924601257	0.541324311261	0.532624456259	0.505558240696	0.646205896568	0.591590140164	0.522474625423	0.587240212663	0.572740454326	0.664572257129	0.597390043499	0.64572257129	0.61333977767	0.633156114065	0.64813919768	0.536491058482	0.537941034316	0.545674238763	0.537941034316	0.499275012083	0.62493958434	0.505558240696	0.597873368777	0.543257612373	0.593523441276
AB3	0.940067665539	0.954084098598	0.0	0.667955534074	0.922184630256	0.960367327211	0.961333977767	0.949734171097	0.940550990817	0.95360077332	0.977283711938	0.938134364427	0.966650555824	0.355244079265	0.965683905268	0.949250845819	0.975833736104	0.976317061382	0.728371193813	0.764137264379	0.893668438859	0.913001449976	0.963267278879	0.952634122765	0.854519091348	0.908651522475	0.947317544708	0.933301111648	0.840985983567	0.848235862736	0.954084098598	0.955050749154	0.964717254712	0.964717254712	0.977767037216	0.971000483325	0.97921701305	0.958917351377	0.981150314161	0.980183663606	0.980183663606	0.941034316095	0.936684388594	0.95360077332	0.981633639439	0.977283711938	0.981150314161	0.978733687772	0.97921701305	0.979700338328	0.977767037216	0.977283711938	0.980183663606	0.981150314161	0.981150314161	0.981633639439	0.980666988884	0.979700338328	0.978733687772	0.980666988884	0.978733687772	0.979700338328
AB4	0.661188980184	0.600289995167	0.667955534074	0.0	0.634606089899	0.621072982117	0.689221846303	0.62493958434	0.62493958434	0.631222812953	0.654422426293	0.617689705172	0.493475108748	0.536007733204	0.619623006283	0.612856452392	0.65055582407	0.647655872402	0.728854519091	0.584340260996	0.676655389077	0.634122764621	0.66892218463	0.660222329628	0.799420009667	0.653939101015	0.664572257129	0.644755920735	0.554374093765	0.602706621556	0.706621556307	0.66892218463	0.646205896568	0.661188980184	0.737071048816	0.680038666022	0.664088931851	0.637506041566	0.637989366844	0.651522474625	0.641372643789	0.685355244079	0.658289028516	0.640405993233	0.696955050749	0.679072015466	0.696955050749	0.667472208797	0.695021749638	0.6805219913	0.685838569357	0.672788786854	0.640889318511	0.647655872402	0.662638956017	0.651039149348	0.645239246013	0.667472208797	0.651039149348	0.66892218463	0.660705654906	0.670372160464
AC3	0.664088931851	0.570323827936	0.922184630256	0.634606089899	0.0	0.485741904302	0.626389560174	0.538424359594	0.565973900435	0.563073948768	0.619623006283	0.315611406477	0.608989850169	0.819236346061	0.588690188497	0.597390043499	0.601256645723	0.608506524891	0.877718704688	0.748187530208	0.730304494925	0.667472208797	0.704204929918	0.701788303528	0.827452875785	0.684388593523	0.658772353794	0.675688738521	0.66892218463	0.678105364911	0.70372160464	0.659255679072	0.591590140164	0.623972933784	0.627839536008	0.589173513775	0.623006283229	0.568390526825	0.578540357661	0.533591106815	0.540840985984	0.653455775737	0.630739487675	0.562107298212	0.63653939101	0.629772837119	0.604639922668	0.581923634606	0.589656839053	0.574673755437	0.608023199613	0.592073465442	0.543257612373	0.565007249879	0.578057032383	0.561623972934	0.594006766554	0.579507008217	0.609473175447	0.576607056549	0.618173030449	0.585306911551
AC4	0.58337361044	0.505558240696	0.960367327211	0.621072982117	0.485741904302	0.0	0.621556307395	0.391493475109	0.410343160947	0.529241179314	0.337361043983	0.409859835669	0.503141614306	0.851619139681	0.55099081682	0.523441275979	0.457225712905	0.453842435959	0.922184630256	0.753020782987	0.598356694055	0.524407926535	0.517158047366	0.514258095698	0.890285161914	0.579023682939	0.492508458192	0.508458192363	0.540840985984	0.563073948768	0.572740454326	0.519574673755	0.444175930401	0.478008699855	0.643305944901	0.570323827936	0.453359110681	0.507491541808	0.41662638956	0.543257612373	0.468342194297	0.696955050749	0.651039149348	0.510391493475	0.489125181247	0.467375543741	0.634606089899	0.578540357661	0.597873368777	0.575640405993	0.59255679072	0.604639922668	0.488641855969	0.480425326245	0.496858385694	0.490091831803	0.521024649589	0.592073465442	0.546640889319	0.565490575157	0.467858869019	0.563073948768
AD3	0.669888835186	0.590140164331	0.961333977767	0.689221846303	0.626389560174	0.621556307395	0.0	0.528274528758	0.634122764621	0.352827452876	0.681488641856	0.603189946834	0.631706138231	0.853069115515	0.574673755437	0.630256162397	0.677622039633	0.682455292412	0.934751087482	0.774770420493	0.722087965201	0.684871918801	0.695988400193	0.690671822136	0.90961817303	0.683421942968	0.692605123248	0.685355244079	0.686321894635	0.677138714355	0.710971483809	0.688255195747	0.630739487675	0.640889318511	0.739487675205	0.678588690188	0.677622039633	0.531657805703	0.625422909618	0.574190430159	0.577573707105	0.553890768487	0.531657805703	0.554374093765	0.690671822136	0.679072015466	0.753987433543	0.70130497825	0.733204446593	0.716288061866	0.718704688255	0.730787820203	0.653455775737	0.665538907685	0.664088931851	0.653939101015	0.619623006283	0.716771387144	0.63653939101	0.710004833253	0.688255195747	0.695988400193
AD4	0.591590140164	0.494441759304	0.949734171097	0.62493958434	0.538424359594	0.391493475109	0.528274528758	0.0	0.318511358144	0.423876268729	0.42822619623	0.492508458192	0.519091348478	0.842919284679	0.537457709038	0.531174480425	0.464475592073	0.464958917351	0.931367810536	0.761237312711	0.59255679072	0.512324794587	0.508941517641	0.510874818753	0.903818269696	0.590140164331	0.476558724021	0.491541807637	0.51377477042	0.546157564041	0.560657322378	0.51377477042	0.403093281779	0.460125664572	0.659255679072	0.585790236829	0.442725954567	0.479942000967	0.441275978734	0.553407443209	0.482841952634	0.655872402127	0.608023199613	0.487191880135	0.501208313195	0.474142097632	0.656839052682	0.602223296278	0.62735621073	0.621072982117	0.623006283229	0.632189463509	0.515708071532	0.505558240696	0.515224746254	0.514258095698	0.52779120348	0.620106331561	0.545674238763	0.598840019333	0.511841469309	0.590140164331
AE3	0.579990333494	0.524407926535	0.940550990817	0.62493958434	0.565973900435	0.410343160947	0.634122764621	0.318511358144	0.0	0.511358144031	0.408409859836	0.51377477042	0.524407926535	0.838086031899	0.567423876269	0.533107781537	0.445142580957	0.446109231513	0.929434509425	0.758820686322	0.568390526825	0.489608506525	0.473175447076	0.48380860319	0.88883518608	0.575640405993	0.447559207347	0.453842435959	0.500724987917	0.538907684872	0.536007733204	0.481875302078	0.391010149831	0.472692121798	0.677622039633	0.601256645723	0.431609473175	0.513291445143	0.452875785404	0.59497341711	0.521507974867	0.695988400193	0.646205896568	0.522957950701	0.500241662639	0.470275495408	0.666988883519	0.614789753504	0.640889318511	0.626389560174	0.628322861286	0.649105848236	0.536007733204	0.525857902368	0.532624456259	0.535041082649	0.549057515708	0.637022716288	0.563557274045	0.600773320445	0.503141614306	0.601256645723
AE4	0.633639439343	0.519091348478	0.95360077332	0.631222812953	0.563073948768	0.529241179314	0.352827452876	0.423876268729	0.511358144031	0.0	0.585790236829	0.536007733204	0.557274045433	0.84485258579	0.520057999033	0.570323827936	0.593523441276	0.599323344611	0.942000966651	0.769937167714	0.68293861769	0.612856452392	0.614306428226	0.607056549058	0.908168197197	0.631706138231	0.598840019333	0.595456742388	0.603189946834	0.611406476559	0.658772353794	0.620106331561	0.541324311261	0.562107298212	0.696471725471	0.625422909618	0.585306911551	0.465442242629	0.53697438376	0.520541324311	0.51377477042	0.589656839053	0.544707588207	0.49299178347	0.608023199613	0.597390043499	0.700821652972	0.651039149348	0.683905268246	0.675688738521	0.671822136298	0.678588690188	0.599806669889	0.590140164331	0.589173513775	0.586756887385	0.563073948768	0.669888835186	0.588206863219	0.652972450459	0.599323344611	0.643305944901
AF3	0.620589656839	0.567423876269	0.977283711938	0.654422426293	0.619623006283	0.337361043983	0.681488641856	0.42822619623	0.408409859836	0.585790236829	0.0	0.544224262929	0.551474142098	0.871435476075	0.606089898502	0.579023682939	0.45142580957	0.450942484292	0.95601739971	0.789753504108	0.60415659739	0.533591106815	0.4398260029	0.438376027066	0.922667955534	0.611889801837	0.446109231513	0.484291928468	0.547124214596	0.581440309328	0.52779120348	0.509908168197	0.423392943451	0.515224746254	0.687771870469	0.625422909618	0.406476558724	0.549057515708	0.464475592073	0.61333977767	0.537457709038	0.739487675205	0.68970517158	0.549540840986	0.512808119865	0.483325277912	0.675688738521	0.617206379894	0.657805703238	0.630739487675	0.634122764621	0.651522474625	0.558724021266	0.524891251812	0.535041082649	0.531174480425	0.572257129048	0.637989366844	0.59255679072	0.606089898502	0.501208313195	0.600773320445
AF4	0.614306428226	0.526341227646	0.938134364427	0.617689705172	0.315611406477	0.409859835669	0.603189946834	0.492508458192	0.51377477042	0.536007733204	0.544224262929	0.0	0.565490575157	0.828902851619	0.554857419043	0.544707588207	0.556790720155	0.566457225713	0.887385210246	0.728371193813	0.71290478492	0.642822619623	0.655389076849	0.654905751571	0.841952634123	0.633639439343	0.617689705172	0.634606089899	0.636056065732	0.643305944901	0.665055582407	0.622039632673	0.547607539874	0.586756887385	0.621556307395	0.53697438376	0.571290478492	0.542774287095	0.524891251812	0.513291445143	0.500724987917	0.6389560174	0.613823102948	0.532141130981	0.581440309328	0.57177380377	0.582406959884	0.531174480425	0.566940550991	0.535041082649	0.55099081682	0.564523924601	0.487191880135	0.509908168197	0.522957950701	0.523441275979	0.552440792653	0.547607539874	0.574190430159	0.526824552924	0.573223779604	0.53020782987
AG3	0.58095698405	0.508458192363	0.966650555824	0.493475108748	0.608989850169	0.503141614306	0.631706138231	0.519091348478	0.524407926535	0.557274045433	0.551474142098	0.565490575157	0.0	0.830836152731	0.526824552924	0.522474625423	0.49299178347	0.488158530691	0.928951184147	0.758337361044	0.66892218463	0.589656839053	0.571290478492	0.592073465442	0.885451909135	0.632189463509	0.54857419043	0.579990333494	0.601256645723	0.612856452392	0.627839536008	0.565973900435	0.527307878202	0.529724504592	0.681971967134	0.623006283229	0.550024166264	0.538907684872	0.524891251812	0.570323827936	0.529724504592	0.687771870469	0.639922667956	0.54857419043	0.584823586274	0.562107298212	0.633639439343	0.60657322378	0.632189463509	0.618173030449	0.613823102948	0.616723054616	0.53020782987	0.521507974867	0.541324311261	0.537941034316	0.533591106815	0.614789753504	0.563073948768	0.598840019333	0.521507974867	0.595940067666
AG4	0.840502658289	0.84485258579	0.355244079265	0.536007733204	0.819236346061	0.851619139681	0.853069115515	0.842919284679	0.838086031899	0.84485258579	0.871435476075	0.828902851619	0.830836152731	0.0	0.858385693572	0.841952634123	0.874335427743	0.875785403577	0.709521507975	0.678105364911	0.806186563557	0.819719671339	0.871435476075	0.862252295795	0.822136297728	0.819236346061	0.85886901885	0.839536007733	0.751570807153	0.754470758821	0.872402126631	0.857902368294	0.862735621073	0.864185596907	0.887385210246	0.875785403577	0.8796520058	0.851619139681	0.872885451909	0.869502174964	0.869018849686	0.840502658289	0.836152730788	0.853552440793	0.881101981634	0.875302078299	0.870952150797	0.873852102465	0.872402126631	0.871435476075	0.8796520058	0.871918801353	0.874818753021	0.87723537941	0.884001933301	0.876752054132	0.877718704688	0.873368777187	0.874335427743	0.872402126631	0.87723537941	0.875302078299
AH3	0.655389076849	0.371677138714	0.965683905268	0.619623006283	0.588690188497	0.55099081682	0.574673755437	0.537457709038	0.567423876269	0.520057999033	0.606089898502	0.554857419043	0.526824552924	0.858385693572	0.0	0.526824552924	0.594006766554	0.594006766554	0.926534557757	0.765103914935	0.711454809087	0.632189463509	0.62493958434	0.640405993233	0.904301594973	0.686321894635	0.623972933784	0.629772837119	0.656839052682	0.665538907685	0.687771870469	0.631706138231	0.547607539874	0.576123731271	0.711938134364	0.645239246013	0.623489608507	0.529241179314	0.586273562107	0.54857419043	0.5601739971	0.600773320445	0.555824069599	0.538907684872	0.632672788787	0.622039632673	0.702754954084	0.629772837119	0.665538907685	0.641855969067	0.65732237796	0.669405509908	0.583856935718	0.590140164331	0.592073465442	0.607056549058	0.551957467376	0.65732237796	0.553890768487	0.626872885452	0.595940067666	0.623006283229
AH4	0.330594490092	0.378927017883	0.949250845819	0.612856452392	0.597390043499	0.523441275979	0.630256162397	0.531174480425	0.533107781537	0.570323827936	0.579023682939	0.544707588207	0.522474625423	0.841952634123	0.526824552924	0.0	0.529241179314	0.541807636539	0.887385210246	0.727887868536	0.650072498792	0.56935717738	0.570323827936	0.578540357661	0.849685838569	0.598356694055	0.567907201547	0.559207346544	0.582406959884	0.596906718221	0.594006766554	0.555340744321	0.539874335428	0.552440792653	0.706621556307	0.637989366844	0.585306911551	0.570323827936	0.551474142098	0.574190430159	0.537457709038	0.684871918801	0.63653939101	0.56935717738	0.601739971	0.584340260996	0.655872402127	0.600773320445	0.652972450459	0.616723054616	0.62493958434	0.631222812953	0.530691155147	0.526341227646	0.521991300145	0.526341227646	0.514741420976	0.612373127115	0.524891251812	0.607539874335	0.547124214596	0.600773320445
AA7	0.568390526825	0.550024166264	0.975833736104	0.65055582407	0.601256645723	0.457225712905	0.677622039633	0.464475592073	0.445142580957	0.593523441276	0.45142580957	0.556790720155	0.49299178347	0.874335427743	0.594006766554	0.529241179314	0.0	0.275978733688	0.927017883035	0.769453842436	0.593040115998	0.509424842919	0.478492025133	0.497825036249	0.871918801353	0.579023682939	0.457225712905	0.479942000967	0.537457709038	0.568390526825	0.528757854036	0.430159497342	0.437892701788	0.478008699855	0.704688255196	0.644755920735	0.470275495408	0.545190913485	0.488158530691	0.600289995167	0.543257612373	0.728854519091	0.681005316578	0.55099081682	0.543740937651	0.510391493475	0.655872402127	0.606089898502	0.654905751571	0.632672788787	0.608506524891	0.627839536008	0.514258095698	0.512808119865	0.514741420976	0.508941517641	0.523441275979	0.608989850169	0.550024166264	0.616239729338	0.501208313195	0.599806669889
AA8	0.566457225713	0.556790720155	0.976317061382	0.647655872402	0.608506524891	0.453842435959	0.682455292412	0.464958917351	0.446109231513	0.599323344611	0.450942484292	0.566457225713	0.488158530691	0.875785403577	0.594006766554	0.541807636539	0.275978733688	0.0	0.927984533591	0.769937167714	0.590140164331	0.501208313195	0.481875302078	0.496858385694	0.87046882552	0.583856935718	0.453842435959	0.48380860319	0.536007733204	0.57177380377	0.494925084582	0.387143547608	0.443209279845	0.485741904302	0.710971483809	0.654905751571	0.473658772354	0.553407443209	0.485741904302	0.607539874335	0.546640889319	0.739487675205	0.690188496858	0.558724021266	0.537457709038	0.506524891252	0.640405993233	0.598840019333	0.660705654906	0.627839536008	0.601256645723	0.623006283229	0.513291445143	0.511358144031	0.516674722088	0.508458192363	0.532624456259	0.598356694055	0.551474142098	0.61333977767	0.49299178347	0.59255679072
AB7	0.878202029966	0.896085065249	0.728371193813	0.728854519091	0.877718704688	0.922184630256	0.934751087482	0.931367810536	0.929434509425	0.942000966651	0.95601739971	0.887385210246	0.928951184147	0.709521507975	0.926534557757	0.887385210246	0.927017883035	0.927984533591	0.0	0.426776220396	0.806186563557	0.840019333011	0.938134364427	0.921701304978	0.739971000483	0.829869502175	0.890768487192	0.881585306912	0.742387626873	0.707588206863	0.895118414693	0.898501691638	0.93281778637	0.937167713871	0.941034316095	0.934267762204	0.948767520541	0.913001449976	0.952150797487	0.928951184147	0.93523441276	0.873368777187	0.875785403577	0.900918318028	0.959884001933	0.950700821653	0.93523441276	0.931851135814	0.933784436926	0.931851135814	0.941034316095	0.93281778637	0.925567907202	0.931851135814	0.928951184147	0.924117931368	0.927984533591	0.922184630256	0.927984533591	0.929917834703	0.944900918318	0.93281778637
AB8	0.721604639923	0.730787820203	0.764137264379	0.584340260996	0.748187530208	0.753020782987	0.774770420493	0.761237312711	0.758820686322	0.769937167714	0.789753504108	0.728371193813	0.758337361044	0.678105364911	0.765103914935	0.727887868536	0.769453842436	0.769937167714	0.426776220396	0.0	0.645239246013	0.667955534074	0.759787336878	0.742387626873	0.739004349928	0.673272112131	0.716288061866	0.702754954084	0.543740937651	0.533591106815	0.742387626873	0.73610439826	0.762203963267	0.766553890768	0.817303044949	0.768970517158	0.77767037216	0.74528757854	0.773803769937	0.758337361044	0.75688738521	0.729337844369	0.724021266312	0.733204446593	0.793136781054	0.782986950217	0.817786370227	0.769937167714	0.793620106332	0.782020299662	0.781536974384	0.790236829386	0.771870468826	0.771870468826	0.771870468826	0.765103914935	0.764620589657	0.776703721605	0.767520541324	0.761237312711	0.780570323828	0.76848719188
AC7	0.630739487675	0.661672305462	0.893668438859	0.676655389077	0.730304494925	0.598356694055	0.722087965201	0.59255679072	0.568390526825	0.68293861769	0.60415659739	0.71290478492	0.66892218463	0.806186563557	0.711454809087	0.650072498792	0.593040115998	0.590140164331	0.806186563557	0.645239246013	0.0	0.359594006767	0.572740454326	0.56935717738	0.819719671339	0.593523441276	0.546640889319	0.507491541808	0.491058482359	0.491541807637	0.574190430159	0.547124214596	0.573707104882	0.611406476559	0.818753020783	0.762203963267	0.618656355727	0.640405993233	0.629772837119	0.733204446593	0.685355244079	0.721604639923	0.695988400193	0.646205896568	0.635089415176	0.61333977767	0.828902851619	0.777187046883	0.81246979217	0.798453359111	0.77767037216	0.797970033833	0.702271628806	0.671822136298	0.686805219913	0.684871918801	0.681005316578	0.792653455776	0.686321894635	0.771387143548	0.628806186564	0.763170613823
AC8	0.577573707105	0.579023682939	0.913001449976	0.634122764621	0.667472208797	0.524407926535	0.684871918801	0.512324794587	0.489608506525	0.612856452392	0.533591106815	0.642822619623	0.589656839053	0.819719671339	0.632189463509	0.56935717738	0.509424842919	0.501208313195	0.840019333011	0.667955534074	0.359594006767	0.0	0.475108748188	0.488158530691	0.833736104398	0.547124214596	0.413243112615	0.382793620106	0.438859352344	0.46302561624	0.52537457709	0.466892218463	0.484291928468	0.523441275979	0.747220879652	0.686321894635	0.545674238763	0.572740454326	0.55099081682	0.657805703238	0.601739971	0.689221846303	0.643305944901	0.568390526825	0.567907201547	0.54857419043	0.741420976317	0.68970517158	0.726437892702	0.716771387144	0.690188496858	0.706138231029	0.616239729338	0.587723537941	0.598840019333	0.599323344611	0.591590140164	0.698405026583	0.596423392943	0.686805219913	0.547124214596	0.669405509908
AD7	0.592073465442	0.577573707105	0.963267278879	0.66892218463	0.704204929918	0.517158047366	0.695988400193	0.508941517641	0.473175447076	0.614306428226	0.4398260029	0.655389076849	0.571290478492	0.871435476075	0.62493958434	0.570323827936	0.478492025133	0.481875302078	0.938134364427	0.759787336878	0.572740454326	0.475108748188	0.0	0.288545190913	0.896085065249	0.518124697922	0.417593040116	0.434992750121	0.511841469309	0.541807636539	0.499275012083	0.466408893185	0.475108748188	0.537457709038	0.744320927985	0.678105364911	0.477525374577	0.58095698405	0.552924117931	0.652972450459	0.605606573224	0.738037699372	0.687771870469	0.593040115998	0.5601739971	0.535524407927	0.739004349928	0.681971967134	0.728854519091	0.715804736588	0.681488641856	0.699855002417	0.609473175447	0.584340260996	0.589656839053	0.594006766554	0.579990333494	0.695021749638	0.587240212663	0.683421942968	0.554374093765	0.668438859352
AD8	0.585306911551	0.593040115998	0.952634122765	0.660222329628	0.701788303528	0.514258095698	0.690671822136	0.510874818753	0.48380860319	0.607056549058	0.438376027066	0.654905751571	0.592073465442	0.862252295795	0.640405993233	0.578540357661	0.497825036249	0.496858385694	0.921701304978	0.742387626873	0.56935717738	0.488158530691	0.288545190913	0.0	0.850652489125	0.487191880135	0.42822619623	0.440309328178	0.485741904302	0.520541324311	0.488641855969	0.46979217013	0.493475108748	0.54857419043	0.754470758821	0.688255195747	0.475592073465	0.574673755437	0.549057515708	0.651039149348	0.611406476559	0.728371193813	0.679555340744	0.579990333494	0.567907201547	0.546640889319	0.748187530208	0.695021749638	0.736587723538	0.721604639923	0.689221846303	0.709521507975	0.624456259062	0.597390043499	0.605606573224	0.607056549058	0.605606573224	0.702271628806	0.618656355727	0.686321894635	0.574190430159	0.679072015466
AE7	0.827936201063	0.880135331078	0.854519091348	0.799420009667	0.827452875785	0.890285161914	0.90961817303	0.903818269696	0.88883518608	0.908168197197	0.922667955534	0.841952634123	0.885451909135	0.822136297728	0.904301594973	0.849685838569	0.871918801353	0.87046882552	0.739971000483	0.739004349928	0.819719671339	0.833736104398	0.896085065249	0.850652489125	0.0	0.550024166264	0.871918801353	0.858385693572	0.762687288545	0.78008699855	0.839052682455	0.838086031899	0.904784920251	0.911551474142	0.925567907202	0.918318028033	0.919284678589	0.889318511358	0.918801353311	0.880618656356	0.907684871919	0.878685355244	0.877718704688	0.870952150797	0.936684388594	0.925084581924	0.89125181247	0.896568390527	0.908168197197	0.899468342194	0.90285161914	0.897051715805	0.893668438859	0.899951667472	0.904301594973	0.891735137748	0.901884968584	0.88883518608	0.898501691638	0.896085065249	0.918318028033	0.904784920251
AE8	0.587240212663	0.629772837119	0.908651522475	0.653939101015	0.684388593523	0.579023682939	0.683421942968	0.590140164331	0.575640405993	0.631706138231	0.611889801837	0.633639439343	0.632189463509	0.819236346061	0.686321894635	0.598356694055	0.579023682939	0.583856935718	0.829869502175	0.673272112131	0.593523441276	0.547124214596	0.518124697922	0.487191880135	0.550024166264	0.0	0.566940550991	0.55099081682	0.515708071532	0.515708071532	0.559690671822	0.547607539874	0.595456742388	0.602706621556	0.765103914935	0.704204929918	0.612856452392	0.594006766554	0.617206379894	0.661188980184	0.639922667956	0.701788303528	0.668438859352	0.596423392943	0.635572740454	0.610923151281	0.750120831319	0.693088448526	0.748670855486	0.727404543258	0.70372160464	0.72692121798	0.655389076849	0.62493958434	0.640405993233	0.632189463509	0.644755920735	0.710971483809	0.65973900435	0.696471725471	0.623972933784	0.686321894635
AF7	0.575640405993	0.565490575157	0.947317544708	0.664572257129	0.658772353794	0.492508458192	0.692605123248	0.476558724021	0.447559207347	0.598840019333	0.446109231513	0.617689705172	0.54857419043	0.85886901885	0.623972933784	0.567907201547	0.457225712905	0.453842435959	0.890768487192	0.716288061866	0.546640889319	0.413243112615	0.417593040116	0.42822619623	0.871918801353	0.566940550991	0.0	0.330111164814	0.496375060416	0.520057999033	0.48380860319	0.476558724021	0.43740937651	0.496375060416	0.704204929918	0.646689221846	0.447075882069	0.540840985984	0.509424842919	0.621072982117	0.554857419043	0.720637989367	0.672305461576	0.557274045433	0.53939101015	0.508458192363	0.691638472692	0.643305944901	0.69453842436	0.683421942968	0.649589173514	0.659255679072	0.577573707105	0.534074432093	0.551474142098	0.552924117931	0.559207346544	0.655389076849	0.570807153214	0.651522474625	0.508941517641	0.630256162397
AF8	0.568390526825	0.572740454326	0.933301111648	0.644755920735	0.675688738521	0.508458192363	0.685355244079	0.491541807637	0.453842435959	0.595456742388	0.484291928468	0.634606089899	0.579990333494	0.839536007733	0.629772837119	0.559207346544	0.479942000967	0.48380860319	0.881585306912	0.702754954084	0.507491541808	0.382793620106	0.434992750121	0.440309328178	0.858385693572	0.55099081682	0.330111164814	0.0	0.465925567907	0.486708554857	0.50700821653	0.457225712905	0.449975833736	0.52779120348	0.733204446593	0.668438859352	0.482358627356	0.547124214596	0.532141130981	0.619623006283	0.575157080715	0.699855002417	0.65055582407	0.551474142098	0.554374093765	0.534074432093	0.707104881585	0.661188980184	0.706138231029	0.700821652972	0.665538907685	0.675688738521	0.592073465442	0.555824069599	0.574190430159	0.574190430159	0.571290478492	0.666505558241	0.576607056549	0.665538907685	0.521507974867	0.650072498792
AG7	0.589173513775	0.601256645723	0.840985983567	0.554374093765	0.66892218463	0.540840985984	0.686321894635	0.51377477042	0.500724987917	0.603189946834	0.547124214596	0.636056065732	0.601256645723	0.751570807153	0.656839052682	0.582406959884	0.537457709038	0.536007733204	0.742387626873	0.543740937651	0.491058482359	0.438859352344	0.511841469309	0.485741904302	0.762687288545	0.515708071532	0.496375060416	0.465925567907	0.0	0.318028032866	0.546640889319	0.507974867086	0.52537457709	0.564040599323	0.764137264379	0.695021749638	0.544707588207	0.565973900435	0.559207346544	0.648622522958	0.607539874335	0.681488641856	0.629772837119	0.564523924601	0.599806669889	0.573223779604	0.754470758821	0.695505074915	0.73368777187	0.725471242146	0.697438376027	0.720637989367	0.630739487675	0.609956500725	0.618656355727	0.61333977767	0.625422909618	0.709521507975	0.643305944901	0.690671822136	0.59255679072	0.677138714355
AG8	0.597873368777	0.621072982117	0.848235862736	0.602706621556	0.678105364911	0.563073948768	0.677138714355	0.546157564041	0.538907684872	0.611406476559	0.581440309328	0.643305944901	0.612856452392	0.754470758821	0.665538907685	0.596906718221	0.568390526825	0.57177380377	0.707588206863	0.533591106815	0.491541807637	0.46302561624	0.541807636539	0.520541324311	0.78008699855	0.515708071532	0.520057999033	0.486708554857	0.318028032866	0.0	0.561623972934	0.535041082649	0.549540840986	0.579507008217	0.767520541324	0.696955050749	0.565490575157	0.573223779604	0.582406959884	0.647172547124	0.610923151281	0.675205413243	0.635572740454	0.572740454326	0.617689705172	0.589656839053	0.755920734654	0.694055099082	0.73368777187	0.726437892702	0.708071532141	0.721604639923	0.644755920735	0.622522957951	0.631222812953	0.625906234896	0.636056065732	0.707588206863	0.652489125181	0.688255195747	0.609473175447	0.677622039633
AH7	0.58337361044	0.633156114065	0.954084098598	0.706621556307	0.70372160464	0.572740454326	0.710971483809	0.560657322378	0.536007733204	0.658772353794	0.52779120348	0.665055582407	0.627839536008	0.872402126631	0.687771870469	0.594006766554	0.528757854036	0.494925084582	0.895118414693	0.742387626873	0.574190430159	0.52537457709	0.499275012083	0.488641855969	0.839052682455	0.559690671822	0.48380860319	0.50700821653	0.546640889319	0.561623972934	0.0	0.317544707588	0.563073948768	0.617689705172	0.786370227163	0.730787820203	0.534557757371	0.641855969067	0.606089898502	0.678588690188	0.647655872402	0.768970517158	0.73852102465	0.636056065732	0.638472692122	0.614789753504	0.764137264379	0.716771387144	0.767520541324	0.739004349928	0.721604639923	0.734654422426	0.640889318511	0.620106331561	0.623006283229	0.623972933784	0.633639439343	0.721121314645	0.633639439343	0.702754954084	0.612373127115	0.710488158531
AH8	0.559207346544	0.586756887385	0.955050749154	0.66892218463	0.659255679072	0.519574673755	0.688255195747	0.51377477042	0.481875302078	0.620106331561	0.509908168197	0.622039632673	0.565973900435	0.857902368294	0.631706138231	0.555340744321	0.430159497342	0.387143547608	0.898501691638	0.73610439826	0.547124214596	0.466892218463	0.466408893185	0.46979217013	0.838086031899	0.547607539874	0.476558724021	0.457225712905	0.507974867086	0.535041082649	0.317544707588	0.0	0.491541807637	0.551957467376	0.760270662156	0.696471725471	0.522474625423	0.59255679072	0.556790720155	0.630256162397	0.599323344611	0.734654422426	0.691638472692	0.597390043499	0.580473658772	0.557274045433	0.721121314645	0.667955534074	0.722087965201	0.690671822136	0.672305461576	0.687288545191	0.597390043499	0.570807153214	0.580473658772	0.579023682939	0.573707104882	0.676172063799	0.579023682939	0.654905751571	0.554857419043	0.65973900435
AA5	0.594490091832	0.512324794587	0.964717254712	0.646205896568	0.591590140164	0.444175930401	0.630739487675	0.403093281779	0.391010149831	0.541324311261	0.423392943451	0.547607539874	0.527307878202	0.862735621073	0.547607539874	0.539874335428	0.437892701788	0.443209279845	0.93281778637	0.762203963267	0.573707104882	0.484291928468	0.475108748188	0.493475108748	0.904784920251	0.595456742388	0.43740937651	0.449975833736	0.52537457709	0.549540840986	0.563073948768	0.491541807637	0.0	0.357660705655	0.680038666022	0.605123247946	0.454809086515	0.462058965684	0.465925567907	0.55099081682	0.476558724021	0.643789270179	0.597390043499	0.46979217013	0.512808119865	0.463508941518	0.687288545191	0.630739487675	0.656839052682	0.642822619623	0.649589173514	0.665055582407	0.536007733204	0.535041082649	0.550507491542	0.541807636539	0.522957950701	0.645239246013	0.55099081682	0.621556307395	0.502658289029	0.613823102948
AA6	0.608989850169	0.533107781537	0.964717254712	0.661188980184	0.623972933784	0.478008699855	0.640889318511	0.460125664572	0.472692121798	0.562107298212	0.515224746254	0.586756887385	0.529724504592	0.864185596907	0.576123731271	0.552440792653	0.478008699855	0.485741904302	0.937167713871	0.766553890768	0.611406476559	0.523441275979	0.537457709038	0.54857419043	0.911551474142	0.602706621556	0.496375060416	0.52779120348	0.564040599323	0.579507008217	0.617689705172	0.551957467376	0.357660705655	0.0	0.686321894635	0.608989850169	0.523441275979	0.492025132914	0.490575157081	0.576123731271	0.505558240696	0.670372160464	0.621072982117	0.501691638473	0.456742387627	0.41662638956	0.697921701305	0.641372643789	0.671822136298	0.663605606573	0.657805703238	0.671822136298	0.555824069599	0.551474142098	0.555824069599	0.556790720155	0.538907684872	0.658772353794	0.562107298212	0.637022716288	0.521507974867	0.626389560174
AB5	0.755920734654	0.681971967134	0.977767037216	0.737071048816	0.627839536008	0.643305944901	0.739487675205	0.659255679072	0.677622039633	0.696471725471	0.687771870469	0.621556307395	0.681971967134	0.887385210246	0.711938134364	0.706621556307	0.704688255196	0.710971483809	0.941034316095	0.817303044949	0.818753020783	0.747220879652	0.744320927985	0.754470758821	0.925567907202	0.765103914935	0.704204929918	0.733204446593	0.764137264379	0.767520541324	0.786370227163	0.760270662156	0.680038666022	0.686321894635	0.0	0.326244562591	0.632189463509	0.667472208797	0.614306428226	0.623972933784	0.599806669889	0.752537457709	0.739487675205	0.654905751571	0.631706138231	0.623006283229	0.617689705172	0.617206379894	0.631222812953	0.609473175447	0.637022716288	0.619139681005	0.599806669889	0.607056549058	0.626389560174	0.626389560174	0.672305461576	0.598356694055	0.666505558241	0.617206379894	0.672788786854	0.619139681005
AB6	0.692605123248	0.619139681005	0.971000483325	0.680038666022	0.589173513775	0.570323827936	0.678588690188	0.585790236829	0.601256645723	0.625422909618	0.625422909618	0.53697438376	0.623006283229	0.875785403577	0.645239246013	0.637989366844	0.644755920735	0.654905751571	0.934267762204	0.768970517158	0.762203963267	0.686321894635	0.678105364911	0.688255195747	0.918318028033	0.704204929918	0.646689221846	0.668438859352	0.695021749638	0.696955050749	0.730787820203	0.696471725471	0.605123247946	0.608989850169	0.326244562591	0.0	0.575640405993	0.59497341711	0.550507491542	0.566940550991	0.545674238763	0.69212179797	0.659255679072	0.57177380377	0.549057515708	0.561140647656	0.58337361044	0.533107781537	0.577573707105	0.549057515708	0.558240695988	0.574673755437	0.535041082649	0.559690671822	0.576607056549	0.572257129048	0.602223296278	0.547607539874	0.602223296278	0.533107781537	0.618173030449	0.530691155147
AC5	0.599806669889	0.574190430159	0.97921701305	0.664088931851	0.623006283229	0.453359110681	0.677622039633	0.442725954567	0.431609473175	0.585306911551	0.406476558724	0.571290478492	0.550024166264	0.8796520058	0.623489608507	0.585306911551	0.470275495408	0.473658772354	0.948767520541	0.77767037216	0.618656355727	0.545674238763	0.477525374577	0.475592073465	0.919284678589	0.612856452392	0.447075882069	0.482358627356	0.544707588207	0.565490575157	0.534557757371	0.522474625423	0.454809086515	0.523441275979	0.632189463509	0.575640405993	0.0	0.452392460126	0.445142580957	0.584823586274	0.524407926535	0.727887868536	0.664572257129	0.538907684872	0.480908651522	0.458675688739	0.620106331561	0.573707104882	0.628322861286	0.599806669889	0.591106814886	0.600289995167	0.518124697922	0.481875302078	0.499758337361	0.496375060416	0.566940550991	0.594006766554	0.584823586274	0.568873852102	0.517158047366	0.565490575157
AC6	0.623972933784	0.523924601257	0.958917351377	0.637506041566	0.568390526825	0.507491541808	0.531657805703	0.479942000967	0.513291445143	0.465442242629	0.549057515708	0.542774287095	0.538907684872	0.851619139681	0.529241179314	0.570323827936	0.545190913485	0.553407443209	0.913001449976	0.74528757854	0.640405993233	0.572740454326	0.58095698405	0.574673755437	0.889318511358	0.594006766554	0.540840985984	0.547124214596	0.565973900435	0.573223779604	0.641855969067	0.59255679072	0.462058965684	0.492025132914	0.667472208797	0.59497341711	0.452392460126	0.0	0.514741420976	0.505558240696	0.503624939584	0.505074915418	0.4398260029	0.404543257612	0.55775737071	0.531174480425	0.685838569357	0.636056065732	0.663122281295	0.637506041566	0.654422426293	0.665055582407	0.578057032383	0.572257129048	0.581923634606	0.567423876269	0.544707588207	0.653455775737	0.572257129048	0.616723054616	0.553890768487	0.62735621073
AD6	0.607056549058	0.541324311261	0.981150314161	0.637989366844	0.578540357661	0.41662638956	0.625422909618	0.441275978734	0.452875785404	0.53697438376	0.464475592073	0.524891251812	0.524891251812	0.872885451909	0.586273562107	0.551474142098	0.488158530691	0.485741904302	0.952150797487	0.773803769937	0.629772837119	0.55099081682	0.552924117931	0.549057515708	0.918801353311	0.617206379894	0.509424842919	0.532141130981	0.559207346544	0.582406959884	0.606089898502	0.556790720155	0.465925567907	0.490575157081	0.614306428226	0.550507491542	0.445142580957	0.514741420976	0.0	0.535041082649	0.408409859836	0.703238279362	0.653455775737	0.522474625423	0.463508941518	0.446592556791	0.590623489609	0.536491058482	0.577573707105	0.559207346544	0.564523924601	0.572257129048	0.472692121798	0.44900918318	0.467858869019	0.466408893185	0.537941034316	0.564040599323	0.551957467376	0.54857419043	0.474142097632	0.52779120348
AE5	0.634606089899	0.532624456259	0.980183663606	0.651522474625	0.533591106815	0.543257612373	0.574190430159	0.553407443209	0.59497341711	0.520541324311	0.61333977767	0.513291445143	0.570323827936	0.869502174964	0.54857419043	0.574190430159	0.600289995167	0.607539874335	0.928951184147	0.758337361044	0.733204446593	0.657805703238	0.652972450459	0.651039149348	0.880618656356	0.661188980184	0.621072982117	0.619623006283	0.648622522958	0.647172547124	0.678588690188	0.630256162397	0.55099081682	0.576123731271	0.623972933784	0.566940550991	0.584823586274	0.505558240696	0.535041082649	0.0	0.346544224263	0.609473175447	0.574190430159	0.499275012083	0.620589656839	0.61333977767	0.649105848236	0.60415659739	0.624456259062	0.608989850169	0.634606089899	0.637506041566	0.540840985984	0.56259062349	0.591590140164	0.559690671822	0.548090865152	0.616239729338	0.565007249879	0.588690188497	0.584823586274	0.602223296278
AE6	0.609956500725	0.505558240696	0.980183663606	0.641372643789	0.540840985984	0.468342194297	0.577573707105	0.482841952634	0.521507974867	0.51377477042	0.537457709038	0.500724987917	0.529724504592	0.869018849686	0.5601739971	0.537457709038	0.543257612373	0.546640889319	0.93523441276	0.75688738521	0.685355244079	0.601739971	0.605606573224	0.611406476559	0.907684871919	0.639922667956	0.554857419043	0.575157080715	0.607539874335	0.610923151281	0.647655872402	0.599323344611	0.476558724021	0.505558240696	0.599806669889	0.545674238763	0.524407926535	0.503624939584	0.408409859836	0.346544224263	0.0	0.660705654906	0.611889801837	0.49540840986	0.537941034316	0.529724504592	0.616239729338	0.563557274045	0.59255679072	0.578540357661	0.59497341711	0.599806669889	0.485741904302	0.476558724021	0.492508458192	0.470275495408	0.505074915418	0.585790236829	0.532141130981	0.561623972934	0.507974867086	0.563073948768
AF5	0.723054615756	0.646205896568	0.941034316095	0.685355244079	0.653455775737	0.696955050749	0.553890768487	0.655872402127	0.695988400193	0.589656839053	0.739487675205	0.6389560174	0.687771870469	0.840502658289	0.600773320445	0.684871918801	0.728854519091	0.739487675205	0.873368777187	0.729337844369	0.721604639923	0.689221846303	0.738037699372	0.728371193813	0.878685355244	0.701788303528	0.720637989367	0.699855002417	0.681488641856	0.675205413243	0.768970517158	0.734654422426	0.643789270179	0.670372160464	0.752537457709	0.69212179797	0.727887868536	0.505074915418	0.703238279362	0.609473175447	0.660705654906	0.0	0.28709521508	0.559207346544	0.735137747704	0.719188013533	0.771870468826	0.730304494925	0.7593040116	0.73852102465	0.75688738521	0.764620589657	0.703238279362	0.732721121315	0.742387626873	0.729821169647	0.68293861769	0.748187530208	0.688255195747	0.718221362977	0.731271145481	0.73368777187
AF6	0.691155147414	0.591590140164	0.936684388594	0.658289028516	0.630739487675	0.651039149348	0.531657805703	0.608023199613	0.646205896568	0.544707588207	0.68970517158	0.613823102948	0.639922667956	0.836152730788	0.555824069599	0.63653939101	0.681005316578	0.690188496858	0.875785403577	0.724021266312	0.695988400193	0.643305944901	0.687771870469	0.679555340744	0.877718704688	0.668438859352	0.672305461576	0.65055582407	0.629772837119	0.635572740454	0.73852102465	0.691638472692	0.597390043499	0.621072982117	0.739487675205	0.659255679072	0.664572257129	0.4398260029	0.653455775737	0.574190430159	0.611889801837	0.28709521508	0.0	0.509908168197	0.687288545191	0.667472208797	0.748187530208	0.70130497825	0.721604639923	0.699855002417	0.716288061866	0.735621072982	0.658772353794	0.677622039633	0.687771870469	0.677138714355	0.62735621073	0.717738037699	0.634606089899	0.687288545191	0.6805219913	0.692605123248
