	AA3	AA4	AB3	AB4	AC3	AC4	AD3	AD4	AE3	AE4	AF3	AF4	AG3	AG4	AH3	AH4	AA7	AA8	AB7	AB8	AC7	AC8	AD7	AD8	AE7	AE8	AF7	AF8	AG7	AG8	AH7	AH8	AA5	AA6	AB5	AB6	AC5	AC6	AD6	AE5	AE6	AF5	AF6	AG5	AH5	AH6	AA1	AA2	AB1	AB2	AC1	AC2	AD1	AD2	AE1	AE2	AF1	AF2	AG1	AG2	AH1	AH2
AA3	0.0	0.498308361527	0.935717738038	0.628806186564	0.637989366844	0.576123731271	0.670855485742	0.594006766554	0.580473658772	0.628322861286	0.623006283229	0.599806669889	0.58095698405	0.84485258579	0.656839052682	0.333977767037	0.575157080715	0.572740454326	0.863702271629	0.728371193813	0.635089415176	0.587240212663	0.628806186564	0.598356694055	0.832769453842	0.579507008217	0.584340260996	0.575157080715	0.582890285162	0.595456742388	0.597390043499	0.573223779604	0.598356694055	0.603189946834	0.746737554374	0.684388593523	0.623006283229	0.616239729338	0.598356694055	0.611406476559	0.597873368777	0.713871435476	0.695505074915	0.616239729338	0.631222812953	0.623489608507	0.67133881102	0.652005799903	0.708554857419	0.658772353794	0.64572257129	0.652489125181	0.575157080715	0.564523924601	0.567423876269	0.570323827936	0.579507008217	0.652005799903	0.575157080715	0.652972450459	0.576607056549	0.631706138231
AA4	0.498308361527	0.0	0.949734171097	0.579023682939	0.559207346544	0.491058482359	0.585790236829	0.467375543741	0.496858385694	0.519574673755	0.552440792653	0.505558240696	0.483325277912	0.853552440793	0.365393910101	0.377960367327	0.538424359594	0.529241179314	0.899468342194	0.737554374094	0.65973900435	0.588206863219	0.596423392943	0.563073948768	0.879168680522	0.617206379894	0.549540840986	0.549540840986	0.582406959884	0.621072982117	0.635572740454	0.592073465442	0.495891735138	0.512808119865	0.666505558241	0.595940067666	0.568873852102	0.493475108748	0.530691155147	0.515708071532	0.470758820686	0.618173030449	0.586756887385	0.502658289029	0.576607056549	0.555824069599	0.64813919768	0.593523441276	0.62735621073	0.599323344611	0.604639922668	0.62735621073	0.534074432093	0.514741420976	0.522957950701	0.53697438376	0.49299178347	0.621072982117	0.526824552924	0.576123731271	0.525857902368	0.57177380377
AB3	0.935717738038	0.949734171097	0.0	0.681005316578	0.918318028033	0.954567423876	0.957950700822	0.951184146931	0.934751087482	0.94683421943	0.973417109715	0.927984533591	0.964233929435	0.353310778154	0.964717254712	0.940550990817	0.972450459159	0.966650555824	0.725954567424	0.759787336878	0.890768487192	0.911068148864	0.957467375544	0.955534074432	0.84726921218	0.899468342194	0.941517641373	0.935717738038	0.853552440793	0.83566940551	0.949250845819	0.951184146931	0.95601739971	0.962783953601	0.974867085549	0.966167230546	0.973417109715	0.949250845819	0.973900434993	0.973900434993	0.972450459159	0.926534557757	0.93523441276	0.953117448043	0.976317061382	0.971967133881	0.974383760271	0.971967133881	0.971483808603	0.972450459159	0.973417109715	0.971000483325	0.974383760271	0.974383760271	0.975833736104	0.974383760271	0.971000483325	0.971483808603	0.972450459159	0.972450459159	0.973900434993	0.972450459159
AB4	0.628806186564	0.579023682939	0.681005316578	0.0	0.629772837119	0.605606573224	0.683905268246	0.623489608507	0.611889801837	0.625422909618	0.652005799903	0.599806669889	0.488158530691	0.565490575157	0.611406476559	0.596906718221	0.648622522958	0.637506041566	0.722571290478	0.590140164331	0.662638956017	0.631222812953	0.666022232963	0.640889318511	0.79168680522	0.632672788787	0.640889318511	0.633156114065	0.544224262929	0.595456742388	0.689221846303	0.65973900435	0.63653939101	0.652005799903	0.729337844369	0.670372160464	0.656839052682	0.62493958434	0.630739487675	0.635572740454	0.625422909618	0.660222329628	0.655389076849	0.630739487675	0.6805219913	0.668438859352	0.68293861769	0.646689221846	0.698405026583	0.674722087965	0.655389076849	0.664572257129	0.629772837119	0.632189463509	0.64813919768	0.629772837119	0.637022716288	0.671822136298	0.639439342678	0.660705654906	0.641855969067	0.652489125181
AC3	0.637989366844	0.559207346544	0.918318028033	0.629772837119	0.0	0.479942000967	0.643305944901	0.546157564041	0.564523924601	0.58337361044	0.610923151281	0.30787820203	0.596906718221	0.82648622523	0.597390043499	0.601739971	0.610439826003	0.603189946834	0.866602223296	0.757370710488	0.73368777187	0.684388593523	0.727404543258	0.686805219913	0.831319478009	0.68293861769	0.653939101015	0.674722087965	0.660705654906	0.691638472692	0.699855002417	0.665055582407	0.596423392943	0.612373127115	0.628322861286	0.593040115998	0.619139681005	0.575157080715	0.58095698405	0.552924117931	0.563557274045	0.656355727405	0.641855969067	0.553890768487	0.640405993233	0.634606089899	0.582890285162	0.590140164331	0.577090381827	0.565973900435	0.589656839053	0.573707104882	0.528274528758	0.563557274045	0.575157080715	0.553407443209	0.610439826003	0.574673755437	0.629289511841	0.576123731271	0.617689705172	0.580473658772
AC4	0.576123731271	0.491058482359	0.954567423876	0.605606573224	0.479942000967	0.0	0.623489608507	0.411309811503	0.404059932334	0.51377477042	0.331561140648	0.383760270662	0.501691638473	0.857902368294	0.57177380377	0.536491058482	0.470758820686	0.465925567907	0.920251329145	0.758820686322	0.589656839053	0.542774287095	0.536491058482	0.493958434026	0.884968583857	0.560657322378	0.493475108748	0.499275012083	0.516674722088	0.575157080715	0.571290478492	0.524891251812	0.435476075399	0.470758820686	0.640405993233	0.56935717738	0.475592073465	0.504108264862	0.412276462059	0.541324311261	0.478008699855	0.676655389077	0.64572257129	0.503141614306	0.500241662639	0.479458675689	0.623006283229	0.575640405993	0.596423392943	0.576123731271	0.577090381827	0.599323344611	0.484291928468	0.492025132914	0.510874818753	0.505558240696	0.533591106815	0.596423392943	0.560657322378	0.563557274045	0.473175447076	0.553890768487
AD3	0.670855485742	0.585790236829	0.957950700822	0.683905268246	0.643305944901	0.623489608507	0.0	0.53697438376	0.642339294345	0.366843885935	0.677138714355	0.599323344611	0.652489125181	0.866602223296	0.564523924601	0.641372643789	0.678588690188	0.679072015466	0.939584340261	0.779603673272	0.721121314645	0.701788303528	0.702271628806	0.691638472692	0.914934751087	0.692605123248	0.70130497825	0.698405026583	0.695988400193	0.690188496858	0.719671338811	0.695021749638	0.634606089899	0.650072498792	0.753987433543	0.687288545191	0.677622039633	0.545674238763	0.637989366844	0.573223779604	0.573223779604	0.553407443209	0.532141130981	0.55099081682	0.705171580474	0.686805219913	0.757854035766	0.711454809087	0.741420976317	0.726437892702	0.708554857419	0.732237796037	0.652005799903	0.660705654906	0.666988883519	0.660705654906	0.630256162397	0.735621072982	0.640889318511	0.707588206863	0.690188496858	0.696471725471
AD4	0.594006766554	0.467375543741	0.951184146931	0.623489608507	0.546157564041	0.411309811503	0.53697438376	0.0	0.317544707588	0.410826486225	0.43740937651	0.48380860319	0.520541324311	0.853069115515	0.539874335428	0.532624456259	0.46302561624	0.463508941518	0.937651039149	0.77090381827	0.586756887385	0.519574673755	0.52537457709	0.501208313195	0.909134847753	0.590623489609	0.466408893185	0.481875302078	0.506524891252	0.580473658772	0.568873852102	0.5186080232	0.394393426776	0.440309328178	0.646205896568	0.58095698405	0.460125664572	0.476558724021	0.432092798453	0.543257612373	0.468825519575	0.647172547124	0.617206379894	0.471242145964	0.503624939584	0.467375543741	0.643305944901	0.596423392943	0.626389560174	0.612373127115	0.599323344611	0.62735621073	0.506041565974	0.496375060416	0.508941517641	0.524891251812	0.516674722088	0.625906234896	0.544707588207	0.592073465442	0.501208313195	0.567907201547
AE3	0.580473658772	0.496858385694	0.934751087482	0.611889801837	0.564523924601	0.404059932334	0.642339294345	0.317544707588	0.0	0.512808119865	0.389076848719	0.497341710971	0.50700821653	0.844369260512	0.565490575157	0.526341227646	0.43064282262	0.426776220396	0.922184630256	0.756404059932	0.558724021266	0.492508458192	0.484291928468	0.460125664572	0.893185113581	0.572257129048	0.44224262929	0.450459159014	0.4813919768	0.57177380377	0.535524407927	0.494441759304	0.37506041566	0.442725954567	0.663605606573	0.600773320445	0.452392460126	0.514258095698	0.434992750121	0.592073465442	0.521991300145	0.683421942968	0.656355727405	0.511358144031	0.509424842919	0.471242145964	0.65973900435	0.610923151281	0.648622522958	0.623006283229	0.614306428226	0.641855969067	0.527307878202	0.521507974867	0.53020782987	0.547124214596	0.538907684872	0.641855969067	0.564523924601	0.606089898502	0.495891735138	0.582890285162
AE4	0.628322861286	0.519574673755	0.94683421943	0.625422909618	0.58337361044	0.51377477042	0.366843885935	0.410826486225	0.512808119865	0.0	0.572257129048	0.545190913485	0.591106814886	0.848719188014	0.537941034316	0.582890285162	0.575640405993	0.573707104882	0.934751087482	0.771870468826	0.644272595457	0.593523441276	0.594490091832	0.577573707105	0.906718221363	0.608506524891	0.580473658772	0.578540357661	0.574190430159	0.607056549058	0.632672788787	0.590140164331	0.519091348478	0.538424359594	0.705654905752	0.63653939101	0.576123731271	0.457225712905	0.537457709038	0.523924601257	0.504108264862	0.570323827936	0.544224262929	0.49540840986	0.598356694055	0.584823586274	0.705654905752	0.661188980184	0.694055099082	0.674722087965	0.666505558241	0.687771870469	0.605123247946	0.579507008217	0.598840019333	0.608023199613	0.568873852102	0.686805219913	0.591106814886	0.660222329628	0.588206863219	0.639439342678
AF3	0.623006283229	0.552440792653	0.973417109715	0.652005799903	0.610923151281	0.331561140648	0.677138714355	0.43740937651	0.389076848719	0.572257129048	0.0	0.517641372644	0.541807636539	0.880135331078	0.610923151281	0.582890285162	0.459159014016	0.444175930401	0.959400676655	0.797486708555	0.591106814886	0.552440792653	0.447075882069	0.425326244563	0.927501208313	0.607056549058	0.443692605123	0.497825036249	0.532141130981	0.610439826003	0.53020782987	0.519091348478	0.422426292895	0.485741904302	0.666022232963	0.616723054616	0.429676172064	0.540357660706	0.429192846786	0.611406476559	0.531657805703	0.710004833253	0.685838569357	0.542774287095	0.495891735138	0.472692121798	0.657805703238	0.609956500725	0.653939101015	0.620589656839	0.612856452392	0.641855969067	0.538907684872	0.514258095698	0.526824552924	0.545674238763	0.57177380377	0.641372643789	0.586756887385	0.597390043499	0.49540840986	0.589656839053
AF4	0.599806669889	0.505558240696	0.927984533591	0.599806669889	0.30787820203	0.383760270662	0.599323344611	0.48380860319	0.497341710971	0.545190913485	0.517641372644	0.0	0.545674238763	0.833736104398	0.553407443209	0.555340744321	0.568390526825	0.558724021266	0.884485258579	0.728371193813	0.683421942968	0.628322861286	0.666505558241	0.626872885452	0.851619139681	0.626872885452	0.595456742388	0.616723054616	0.608506524891	0.641372643789	0.65973900435	0.621556307395	0.53697438376	0.55775737071	0.609473175447	0.534557757371	0.552440792653	0.521507974867	0.516674722088	0.500724987917	0.510391493475	0.622039632673	0.603673272112	0.496375060416	0.568873852102	0.56259062349	0.591106814886	0.544224262929	0.572257129048	0.542774287095	0.544707588207	0.567423876269	0.484291928468	0.513291445143	0.522957950701	0.517641372644	0.558724021266	0.564523924601	0.585790236829	0.534074432093	0.552924117931	0.525857902368
AG3	0.58095698405	0.483325277912	0.964233929435	0.488158530691	0.596906718221	0.501691638473	0.652489125181	0.520541324311	0.50700821653	0.591106814886	0.541807636539	0.545674238763	0.0	0.845335911068	0.55099081682	0.522957950701	0.511841469309	0.499758337361	0.926051232479	0.766553890768	0.672788786854	0.603189946834	0.610923151281	0.578057032383	0.886901884969	0.631222812953	0.55775737071	0.56935717738	0.597390043499	0.6389560174	0.635089415176	0.58095698405	0.518124697922	0.521507974867	0.667472208797	0.61333977767	0.555824069599	0.563557274045	0.528274528758	0.568873852102	0.511841469309	0.678588690188	0.655872402127	0.541324311261	0.577573707105	0.558240695988	0.611889801837	0.577090381827	0.631706138231	0.598840019333	0.584340260996	0.596906718221	0.51377477042	0.519091348478	0.53697438376	0.527307878202	0.538907684872	0.61333977767	0.554857419043	0.593523441276	0.512324794587	0.565007249879
AG4	0.84485258579	0.853552440793	0.353310778154	0.565490575157	0.82648622523	0.857902368294	0.866602223296	0.853069115515	0.844369260512	0.848719188014	0.880135331078	0.833736104398	0.845335911068	0.0	0.86563557274	0.845335911068	0.884485258579	0.882551957467	0.706138231029	0.684388593523	0.816819719671	0.836152730788	0.874335427743	0.869018849686	0.821169647173	0.810053165781	0.861768970517	0.85645239246	0.773803769937	0.755437409377	0.8796520058	0.872402126631	0.869502174964	0.873852102465	0.893185113581	0.882068632189	0.880618656356	0.848719188014	0.879168680522	0.880618656356	0.878202029966	0.840019333011	0.84485258579	0.861768970517	0.892218463026	0.884001933301	0.880618656356	0.878202029966	0.881101981634	0.874335427743	0.889318511358	0.881585306912	0.888351860802	0.880618656356	0.890285161914	0.884968583857	0.878685355244	0.883518608023	0.880135331078	0.875785403577	0.884968583857	0.881585306912
AH3	0.656839052682	0.365393910101	0.964717254712	0.611406476559	0.597390043499	0.57177380377	0.564523924601	0.539874335428	0.565490575157	0.537941034316	0.610923151281	0.553407443209	0.55099081682	0.86563557274	0.0	0.537457709038	0.614789753504	0.608989850169	0.930884485259	0.774770420493	0.716288061866	0.652972450459	0.649105848236	0.639922667956	0.904784920251	0.687771870469	0.64572257129	0.633156114065	0.653455775737	0.69212179797	0.693088448526	0.643789270179	0.567907201547	0.587240212663	0.718221362977	0.655389076849	0.640889318511	0.528757854036	0.604639922668	0.553407443209	0.552440792653	0.588206863219	0.555340744321	0.547124214596	0.651522474625	0.630256162397	0.700821652972	0.632189463509	0.663605606573	0.658772353794	0.652489125181	0.672305461576	0.601256645723	0.601256645723	0.602706621556	0.604639922668	0.566457225713	0.671822136298	0.585790236829	0.641855969067	0.594490091832	0.619139681005
AH4	0.333977767037	0.377960367327	0.940550990817	0.596906718221	0.601739971	0.536491058482	0.641372643789	0.532624456259	0.526341227646	0.582890285162	0.582890285162	0.555340744321	0.522957950701	0.845335911068	0.537457709038	0.0	0.53020782987	0.531174480425	0.869502174964	0.723537941034	0.632189463509	0.5601739971	0.598356694055	0.579023682939	0.844369260512	0.590623489609	0.55775737071	0.545190913485	0.574673755437	0.60657322378	0.597390043499	0.552924117931	0.542774287095	0.542290961817	0.704688255196	0.63653939101	0.598840019333	0.570323827936	0.555340744321	0.570807153214	0.542774287095	0.670855485742	0.648622522958	0.573707104882	0.604639922668	0.582890285162	0.658772353794	0.616239729338	0.671822136298	0.625422909618	0.614789753504	0.636056065732	0.546640889319	0.525857902368	0.537941034316	0.540840985984	0.50700821653	0.630256162397	0.513291445143	0.61333977767	0.547607539874	0.597873368777
AA7	0.575157080715	0.538424359594	0.972450459159	0.648622522958	0.610439826003	0.470758820686	0.678588690188	0.46302561624	0.43064282262	0.575640405993	0.459159014016	0.568390526825	0.511841469309	0.884485258579	0.614789753504	0.53020782987	0.0	0.289995166747	0.918801353311	0.775253745771	0.593040115998	0.514741420976	0.509424842919	0.478975350411	0.877718704688	0.588206863219	0.461575640406	0.471725471242	0.521024649589	0.597873368777	0.531174480425	0.436442725955	0.427259545674	0.485258579024	0.698405026583	0.644272595457	0.48622522958	0.538424359594	0.481875302078	0.593040115998	0.540357660706	0.713871435476	0.683421942968	0.568390526825	0.542290961817	0.507491541808	0.661188980184	0.62735621073	0.672788786854	0.640889318511	0.603673272112	0.629289511841	0.521991300145	0.512324794587	0.521024649589	0.536491058482	0.534557757371	0.630256162397	0.538424359594	0.628806186564	0.487675205413	0.598840019333
AA8	0.572740454326	0.529241179314	0.966650555824	0.637506041566	0.603189946834	0.465925567907	0.679072015466	0.463508941518	0.426776220396	0.573707104882	0.444175930401	0.558724021266	0.499758337361	0.882551957467	0.608989850169	0.531174480425	0.289995166747	0.0	0.917351377477	0.764620589657	0.591590140164	0.505074915418	0.492025132914	0.461092315128	0.863218946351	0.569840502658	0.447559207347	0.464475592073	0.510391493475	0.585790236829	0.474142097632	0.392460125665	0.434509424843	0.486708554857	0.703238279362	0.651039149348	0.473658772354	0.541324311261	0.477042049299	0.592073465442	0.540357660706	0.716771387144	0.690188496858	0.568873852102	0.542774287095	0.508941517641	0.647172547124	0.618173030449	0.673272112131	0.633156114065	0.597873368777	0.623489608507	0.519574673755	0.505558240696	0.517641372644	0.53020782987	0.532141130981	0.619623006283	0.543740937651	0.622039632673	0.489125181247	0.593523441276
AB7	0.863702271629	0.899468342194	0.725954567424	0.722571290478	0.866602223296	0.920251329145	0.939584340261	0.937651039149	0.922184630256	0.934751087482	0.959400676655	0.884485258579	0.926051232479	0.706138231029	0.930884485259	0.869502174964	0.918801353311	0.917351377477	0.0	0.413726437893	0.823102948284	0.846302561624	0.942967617206	0.92363460609	0.735621072982	0.820686321895	0.894635089415	0.882551957467	0.755920734654	0.700338327695	0.882068632189	0.896568390527	0.925084581924	0.938617689705	0.944900918318	0.927017883035	0.942000966651	0.907684871919	0.947317544708	0.929434509425	0.939584340261	0.871435476075	0.879168680522	0.91445142581	0.955534074432	0.952150797487	0.927017883035	0.933784436926	0.938134364427	0.933784436926	0.926051232479	0.919768003867	0.919284678589	0.917834702755	0.920734654422	0.91445142581	0.925084581924	0.915418076365	0.917834702755	0.929917834703	0.948284195263	0.934751087482
AB8	0.728371193813	0.737554374094	0.759787336878	0.590140164331	0.757370710488	0.758820686322	0.779603673272	0.77090381827	0.756404059932	0.771870468826	0.797486708555	0.728371193813	0.766553890768	0.684388593523	0.774770420493	0.723537941034	0.775253745771	0.764620589657	0.413726437893	0.0	0.665538907685	0.676655389077	0.772837119381	0.752537457709	0.733204446593	0.664088931851	0.726437892702	0.711938134364	0.555824069599	0.529724504592	0.742387626873	0.746254229096	0.766553890768	0.774287095215	0.817303044949	0.767037216046	0.780570323828	0.746737554374	0.782020299662	0.769937167714	0.772837119381	0.728854519091	0.725954567424	0.752537457709	0.795070082165	0.789753504108	0.815369743838	0.771387143548	0.820686321895	0.784436926051	0.78008699855	0.790720154664	0.772353794103	0.769937167714	0.771387143548	0.76848719188	0.769937167714	0.783953600773	0.766553890768	0.768970517158	0.782986950217	0.771387143548
AC7	0.635089415176	0.65973900435	0.890768487192	0.662638956017	0.73368777187	0.589656839053	0.721121314645	0.586756887385	0.558724021266	0.644272595457	0.591106814886	0.683421942968	0.672788786854	0.816819719671	0.716288061866	0.632189463509	0.593040115998	0.591590140164	0.823102948284	0.665538907685	0.0	0.370227162881	0.576607056549	0.56259062349	0.827452875785	0.577573707105	0.54857419043	0.508458192363	0.47462542291	0.502658289029	0.567423876269	0.544224262929	0.55775737071	0.599806669889	0.810053165781	0.755437409377	0.6389560174	0.628806186564	0.602706621556	0.719188013533	0.665538907685	0.71532141131	0.698888351861	0.652972450459	0.639439342678	0.614306428226	0.813919768004	0.768970517158	0.811019816336	0.78927017883	0.7593040116	0.79168680522	0.691155147414	0.672305461576	0.681971967134	0.696955050749	0.676655389077	0.788786853552	0.677138714355	0.768003866602	0.616239729338	0.748670855486
AC8	0.587240212663	0.588206863219	0.911068148864	0.631222812953	0.684388593523	0.542774287095	0.701788303528	0.519574673755	0.492508458192	0.593523441276	0.552440792653	0.628322861286	0.603189946834	0.836152730788	0.652972450459	0.5601739971	0.514741420976	0.505074915418	0.846302561624	0.676655389077	0.370227162881	0.0	0.510391493475	0.491541807637	0.840019333011	0.539874335428	0.426292895118	0.386176897052	0.445142580957	0.500724987917	0.532141130981	0.48622522958	0.491541807637	0.531657805703	0.73852102465	0.685355244079	0.574673755437	0.571290478492	0.546157564041	0.657805703238	0.600289995167	0.679555340744	0.658772353794	0.596906718221	0.577573707105	0.550507491542	0.748670855486	0.696471725471	0.753504108265	0.729337844369	0.688738521025	0.717254712421	0.62493958434	0.601739971	0.609956500725	0.62735621073	0.599323344611	0.717254712421	0.604639922668	0.709038182697	0.554857419043	0.676172063799
AD7	0.628806186564	0.596423392943	0.957467375544	0.666022232963	0.727404543258	0.536491058482	0.702271628806	0.52537457709	0.484291928468	0.594490091832	0.447075882069	0.666505558241	0.610923151281	0.874335427743	0.649105848236	0.598356694055	0.509424842919	0.492025132914	0.942967617206	0.772837119381	0.576607056549	0.510391493475	0.0	0.297728371194	0.906234896085	0.517158047366	0.433542774287	0.466408893185	0.512324794587	0.580473658772	0.515224746254	0.492508458192	0.493958434026	0.548090865152	0.750120831319	0.691638472692	0.520541324311	0.584340260996	0.53939101015	0.665055582407	0.608023199613	0.721604639923	0.695505074915	0.612373127115	0.568390526825	0.54857419043	0.752054132431	0.695021749638	0.753020782987	0.727404543258	0.692605123248	0.717738037699	0.632189463509	0.607056549058	0.607056549058	0.633639439343	0.595456742388	0.711938134364	0.600773320445	0.707104881585	0.567423876269	0.675205413243
AD8	0.598356694055	0.563073948768	0.955534074432	0.640889318511	0.686805219913	0.493958434026	0.691638472692	0.501208313195	0.460125664572	0.577573707105	0.425326244563	0.626872885452	0.578057032383	0.869018849686	0.639922667956	0.579023682939	0.478975350411	0.461092315128	0.92363460609	0.752537457709	0.56259062349	0.491541807637	0.297728371194	0.0	0.861768970517	0.478008699855	0.394393426776	0.433542774287	0.47462542291	0.552440792653	0.496858385694	0.48380860319	0.465925567907	0.525857902368	0.717254712421	0.65732237796	0.488641855969	0.547607539874	0.501691638473	0.622522957951	0.565007249879	0.711454809087	0.681005316578	0.574673755437	0.540357660706	0.52537457709	0.716288061866	0.662638956017	0.720637989367	0.692605123248	0.654422426293	0.680038666022	0.59497341711	0.56935717738	0.573223779604	0.594490091832	0.57177380377	0.679072015466	0.582890285162	0.67133881102	0.532141130981	0.638472692122
AE7	0.832769453842	0.879168680522	0.84726921218	0.79168680522	0.831319478009	0.884968583857	0.914934751087	0.909134847753	0.893185113581	0.906718221363	0.927501208313	0.851619139681	0.886901884969	0.821169647173	0.904784920251	0.844369260512	0.877718704688	0.863218946351	0.735621072982	0.733204446593	0.827452875785	0.840019333011	0.906234896085	0.861768970517	0.0	0.565007249879	0.872402126631	0.861768970517	0.774287095215	0.7593040116	0.838569357177	0.838569357177	0.901401643306	0.908168197197	0.932334461092	0.910584823586	0.919768003867	0.88883518608	0.916384726921	0.883035282745	0.905268245529	0.872885451909	0.880618656356	0.8796520058	0.930884485259	0.928467858869	0.891735137748	0.907201546641	0.914934751087	0.897535041083	0.901401643306	0.898985016916	0.893668438859	0.890768487192	0.898985016916	0.88883518608	0.905751570807	0.892218463026	0.902368293862	0.898018366361	0.911068148864	0.910584823586
AE8	0.579507008217	0.617206379894	0.899468342194	0.632672788787	0.68293861769	0.560657322378	0.692605123248	0.590623489609	0.572257129048	0.608506524891	0.607056549058	0.626872885452	0.631222812953	0.810053165781	0.687771870469	0.590623489609	0.588206863219	0.569840502658	0.820686321895	0.664088931851	0.577573707105	0.539874335428	0.517158047366	0.478008699855	0.565007249879	0.0	0.556307394877	0.543257612373	0.512324794587	0.50459159014	0.561140647656	0.547607539874	0.58095698405	0.594490091832	0.761720637989	0.695505074915	0.61333977767	0.581923634606	0.597390043499	0.646205896568	0.627839536008	0.681971967134	0.66892218463	0.603673272112	0.611889801837	0.610439826003	0.742870952151	0.699371677139	0.753987433543	0.708071532141	0.695988400193	0.723537941034	0.643305944901	0.624456259062	0.635089415176	0.649589173514	0.634606089899	0.71532141131	0.641372643789	0.687771870469	0.591590140164	0.675688738521
AF7	0.584340260996	0.549540840986	0.941517641373	0.640889318511	0.653939101015	0.493475108748	0.70130497825	0.466408893185	0.44224262929	0.580473658772	0.443692605123	0.595456742388	0.55775737071	0.861768970517	0.64572257129	0.55775737071	0.461575640406	0.447559207347	0.894635089415	0.726437892702	0.54857419043	0.426292895118	0.433542774287	0.394393426776	0.872402126631	0.556307394877	0.0	0.331561140648	0.458192363461	0.538424359594	0.485258579024	0.488158530691	0.445625906235	0.494925084582	0.698405026583	0.634606089899	0.466892218463	0.527307878202	0.494925084582	0.617206379894	0.542290961817	0.705171580474	0.670855485742	0.550507491542	0.531174480425	0.504108264862	0.669888835186	0.626389560174	0.69453842436	0.666988883519	0.621072982117	0.642339294345	0.566457225713	0.543257612373	0.546640889319	0.572257129048	0.5601739971	0.64572257129	0.565007249879	0.646689221846	0.490575157081	0.606089898502
AF8	0.575157080715	0.549540840986	0.935717738038	0.633156114065	0.674722087965	0.499275012083	0.698405026583	0.481875302078	0.450459159014	0.578540357661	0.497825036249	0.616723054616	0.56935717738	0.85645239246	0.633156114065	0.545190913485	0.471725471242	0.464475592073	0.882551957467	0.711938134364	0.508458192363	0.386176897052	0.466408893185	0.433542774287	0.861768970517	0.543257612373	0.331561140648	0.0	0.441275978734	0.520057999033	0.515708071532	0.469308844853	0.434509424843	0.50459159014	0.718221362977	0.658289028516	0.512324794587	0.530691155147	0.506041565974	0.607056549058	0.561140647656	0.687771870469	0.655872402127	0.556307394877	0.549540840986	0.523924601257	0.68970517158	0.64813919768	0.711938134364	0.686805219913	0.646205896568	0.660222329628	0.577573707105	0.564523924601	0.570323827936	0.588206863219	0.550507491542	0.664088931851	0.553890768487	0.65973900435	0.507491541808	0.625906234896
AG7	0.582890285162	0.582406959884	0.853552440793	0.544224262929	0.660705654906	0.516674722088	0.695988400193	0.506524891252	0.4813919768	0.574190430159	0.532141130981	0.608506524891	0.597390043499	0.773803769937	0.653455775737	0.574673755437	0.521024649589	0.510391493475	0.755920734654	0.555824069599	0.47462542291	0.445142580957	0.512324794587	0.47462542291	0.774287095215	0.512324794587	0.458192363461	0.441275978734	0.0	0.333494441759	0.533591106815	0.505074915418	0.496375060416	0.546640889319	0.734654422426	0.672305461576	0.521507974867	0.540840985984	0.534074432093	0.623489608507	0.585306911551	0.667472208797	0.635089415176	0.563073948768	0.581440309328	0.560657322378	0.72450459159	0.66892218463	0.719188013533	0.69212179797	0.65732237796	0.69212179797	0.603189946834	0.588206863219	0.600773320445	0.609473175447	0.601739971	0.689221846303	0.604639922668	0.672305461576	0.561623972934	0.644755920735
AG8	0.595456742388	0.621072982117	0.83566940551	0.595456742388	0.691638472692	0.575157080715	0.690188496858	0.580473658772	0.57177380377	0.607056549058	0.610439826003	0.641372643789	0.6389560174	0.755437409377	0.69212179797	0.60657322378	0.597873368777	0.585790236829	0.700338327695	0.529724504592	0.502658289029	0.500724987917	0.580473658772	0.552440792653	0.7593040116	0.50459159014	0.538424359594	0.520057999033	0.333494441759	0.0	0.578540357661	0.560657322378	0.579507008217	0.59497341711	0.760753987434	0.697921701305	0.591590140164	0.569840502658	0.601739971	0.649105848236	0.612373127115	0.678588690188	0.662638956017	0.601739971	0.629772837119	0.610439826003	0.761237312711	0.702271628806	0.751570807153	0.729821169647	0.700338327695	0.724987916868	0.64813919768	0.632672788787	0.643789270179	0.652972450459	0.64572257129	0.723054615756	0.654422426293	0.708071532141	0.61333977767	0.678588690188
AH7	0.597390043499	0.635572740454	0.949250845819	0.689221846303	0.699855002417	0.571290478492	0.719671338811	0.568873852102	0.535524407927	0.632672788787	0.53020782987	0.65973900435	0.635089415176	0.8796520058	0.693088448526	0.597390043499	0.531174480425	0.474142097632	0.882068632189	0.742387626873	0.567423876269	0.532141130981	0.515224746254	0.496858385694	0.838569357177	0.561140647656	0.485258579024	0.515708071532	0.533591106815	0.578540357661	0.0	0.32866118898	0.569840502658	0.612373127115	0.782020299662	0.725954567424	0.561140647656	0.633639439343	0.594006766554	0.670855485742	0.640889318511	0.763170613823	0.740937651039	0.655389076849	0.633156114065	0.616239729338	0.755437409377	0.727887868536	0.779120347994	0.73610439826	0.708554857419	0.732237796037	0.637989366844	0.620589656839	0.628806186564	0.641372643789	0.631706138231	0.733204446593	0.627839536008	0.716288061866	0.604639922668	0.707104881585
AH8	0.573223779604	0.592073465442	0.951184146931	0.65973900435	0.665055582407	0.524891251812	0.695021749638	0.5186080232	0.494441759304	0.590140164331	0.519091348478	0.621556307395	0.58095698405	0.872402126631	0.643789270179	0.552924117931	0.436442725955	0.392460125665	0.896568390527	0.746254229096	0.544224262929	0.48622522958	0.492508458192	0.48380860319	0.838569357177	0.547607539874	0.488158530691	0.469308844853	0.505074915418	0.560657322378	0.32866118898	0.0	0.510391493475	0.551474142098	0.753987433543	0.695505074915	0.554374093765	0.589656839053	0.544224262929	0.625422909618	0.591106814886	0.720637989367	0.702271628806	0.611406476559	0.58337361044	0.55775737071	0.712421459642	0.681488641856	0.73368777187	0.693088448526	0.661188980184	0.682455292412	0.592073465442	0.571290478492	0.577090381827	0.593523441276	0.578540357661	0.681488641856	0.577090381827	0.674238762687	0.545190913485	0.660705654906
AA5	0.598356694055	0.495891735138	0.95601739971	0.63653939101	0.596423392943	0.435476075399	0.634606089899	0.394393426776	0.37506041566	0.519091348478	0.422426292895	0.53697438376	0.518124697922	0.869502174964	0.567907201547	0.542774287095	0.427259545674	0.434509424843	0.925084581924	0.766553890768	0.55775737071	0.491541807637	0.493958434026	0.465925567907	0.901401643306	0.58095698405	0.445625906235	0.434509424843	0.496375060416	0.579507008217	0.569840502658	0.510391493475	0.0	0.339777670372	0.665055582407	0.585790236829	0.464958917351	0.458675688739	0.443209279845	0.548090865152	0.47220879652	0.62735621073	0.601256645723	0.46302561624	0.508458192363	0.456742387627	0.678588690188	0.625906234896	0.655389076849	0.637989366844	0.628322861286	0.658772353794	0.522957950701	0.526824552924	0.540357660706	0.552440792653	0.527307878202	0.65732237796	0.5601739971	0.618656355727	0.493958434026	0.59497341711
AA6	0.603189946834	0.512808119865	0.962783953601	0.652005799903	0.612373127115	0.470758820686	0.650072498792	0.440309328178	0.442725954567	0.538424359594	0.485741904302	0.55775737071	0.521507974867	0.873852102465	0.587240212663	0.542290961817	0.485258579024	0.486708554857	0.938617689705	0.774287095215	0.599806669889	0.531657805703	0.548090865152	0.525857902368	0.908168197197	0.594490091832	0.494925084582	0.50459159014	0.546640889319	0.59497341711	0.612373127115	0.551474142098	0.339777670372	0.0	0.666022232963	0.584823586274	0.512324794587	0.489608506525	0.47462542291	0.565007249879	0.487191880135	0.654905751571	0.62735621073	0.496375060416	0.447075882069	0.405509908168	0.672305461576	0.628806186564	0.655389076849	0.641372643789	0.629289511841	0.658772353794	0.533107781537	0.531657805703	0.545190913485	0.558724021266	0.535041082649	0.657805703238	0.560657322378	0.618656355727	0.514741420976	0.602706621556
AB5	0.746737554374	0.666505558241	0.974867085549	0.729337844369	0.628322861286	0.640405993233	0.753987433543	0.646205896568	0.663605606573	0.705654905752	0.666022232963	0.609473175447	0.667472208797	0.893185113581	0.718221362977	0.704688255196	0.698405026583	0.703238279362	0.944900918318	0.817303044949	0.810053165781	0.73852102465	0.750120831319	0.717254712421	0.932334461092	0.761720637989	0.698405026583	0.718221362977	0.734654422426	0.760753987434	0.782020299662	0.753987433543	0.665055582407	0.666022232963	0.0	0.301594973417	0.608023199613	0.66892218463	0.614789753504	0.627839536008	0.605123247946	0.746254229096	0.730304494925	0.645239246013	0.617206379894	0.610923151281	0.610439826003	0.612856452392	0.622522957951	0.602223296278	0.619139681005	0.608989850169	0.593523441276	0.598840019333	0.608506524891	0.620106331561	0.673755437409	0.609473175447	0.666022232963	0.595940067666	0.677138714355	0.604639922668
AB6	0.684388593523	0.595940067666	0.966167230546	0.670372160464	0.593040115998	0.56935717738	0.687288545191	0.58095698405	0.600773320445	0.63653939101	0.616723054616	0.534557757371	0.61333977767	0.882068632189	0.655389076849	0.63653939101	0.644272595457	0.651039149348	0.927017883035	0.767037216046	0.755437409377	0.685355244079	0.691638472692	0.65732237796	0.910584823586	0.695505074915	0.634606089899	0.658289028516	0.672305461576	0.697921701305	0.725954567424	0.695505074915	0.585790236829	0.584823586274	0.301594973417	0.0	0.565490575157	0.593523441276	0.560657322378	0.565490575157	0.542774287095	0.670855485742	0.647655872402	0.550024166264	0.565973900435	0.554857419043	0.601739971	0.565490575157	0.600289995167	0.566940550991	0.57177380377	0.587240212663	0.534074432093	0.554857419043	0.563073948768	0.572257129048	0.60657322378	0.582406959884	0.609473175447	0.547124214596	0.630256162397	0.549057515708
AC5	0.623006283229	0.568873852102	0.973417109715	0.656839052682	0.619139681005	0.475592073465	0.677622039633	0.460125664572	0.452392460126	0.576123731271	0.429676172064	0.552440792653	0.555824069599	0.880618656356	0.640889318511	0.598840019333	0.48622522958	0.473658772354	0.942000966651	0.780570323828	0.6389560174	0.574673755437	0.520541324311	0.488641855969	0.919768003867	0.61333977767	0.466892218463	0.512324794587	0.521507974867	0.591590140164	0.561140647656	0.554374093765	0.464958917351	0.512324794587	0.608023199613	0.565490575157	0.0	0.436926051232	0.439342677622	0.585790236829	0.520057999033	0.709038182697	0.666505558241	0.539874335428	0.482841952634	0.467375543741	0.602223296278	0.57177380377	0.61575640406	0.58095698405	0.566457225713	0.586273562107	0.514741420976	0.484291928468	0.505074915418	0.521507974867	0.574190430159	0.593040115998	0.585306911551	0.565007249879	0.529241179314	0.539874335428
AC6	0.616239729338	0.493475108748	0.949250845819	0.62493958434	0.575157080715	0.504108264862	0.545674238763	0.476558724021	0.514258095698	0.457225712905	0.540357660706	0.521507974867	0.563557274045	0.848719188014	0.528757854036	0.570323827936	0.538424359594	0.541324311261	0.907684871919	0.746737554374	0.628806186564	0.571290478492	0.584340260996	0.547607539874	0.88883518608	0.581923634606	0.527307878202	0.530691155147	0.540840985984	0.569840502658	0.633639439343	0.589656839053	0.458675688739	0.489608506525	0.66892218463	0.593523441276	0.436926051232	0.0	0.513291445143	0.50700821653	0.48622522958	0.482841952634	0.4398260029	0.417593040116	0.561140647656	0.545190913485	0.677138714355	0.63653939101	0.665055582407	0.637506041566	0.640889318511	0.659255679072	0.578057032383	0.566457225713	0.584823586274	0.587723537941	0.549540840986	0.663605606573	0.575157080715	0.618173030449	0.550507491542	0.608023199613
AD6	0.598356694055	0.530691155147	0.973900434993	0.630739487675	0.58095698405	0.412276462059	0.637989366844	0.432092798453	0.434992750121	0.537457709038	0.429192846786	0.516674722088	0.528274528758	0.879168680522	0.604639922668	0.555340744321	0.481875302078	0.477042049299	0.947317544708	0.782020299662	0.602706621556	0.546157564041	0.53939101015	0.501691638473	0.916384726921	0.597390043499	0.494925084582	0.506041565974	0.534074432093	0.601739971	0.594006766554	0.544224262929	0.443209279845	0.47462542291	0.614789753504	0.560657322378	0.439342677622	0.513291445143	0.0	0.542774287095	0.41904301595	0.699371677139	0.663605606573	0.531657805703	0.461575640406	0.445625906235	0.601256645723	0.554857419043	0.602223296278	0.564040599323	0.5601739971	0.58337361044	0.478975350411	0.449975833736	0.475592073465	0.487191880135	0.541324311261	0.58337361044	0.553407443209	0.55099081682	0.474142097632	0.541807636539
AE5	0.611406476559	0.515708071532	0.973900434993	0.635572740454	0.552924117931	0.541324311261	0.573223779604	0.543257612373	0.592073465442	0.523924601257	0.611406476559	0.500724987917	0.568873852102	0.880618656356	0.553407443209	0.570807153214	0.593040115998	0.592073465442	0.929434509425	0.769937167714	0.719188013533	0.657805703238	0.665055582407	0.622522957951	0.883035282745	0.646205896568	0.617206379894	0.607056549058	0.623489608507	0.649105848236	0.670855485742	0.625422909618	0.548090865152	0.565007249879	0.627839536008	0.565490575157	0.585790236829	0.50700821653	0.542774287095	0.0	0.354760753987	0.598840019333	0.574673755437	0.49540840986	0.619139681005	0.61333977767	0.639439342678	0.604639922668	0.62493958434	0.600773320445	0.612856452392	0.638472692122	0.524407926535	0.555340744321	0.578057032383	0.561623972934	0.54857419043	0.636056065732	0.565490575157	0.588206863219	0.571290478492	0.591590140164
AE6	0.597873368777	0.470758820686	0.972450459159	0.625422909618	0.563557274045	0.478008699855	0.573223779604	0.468825519575	0.521991300145	0.504108264862	0.531657805703	0.510391493475	0.511841469309	0.878202029966	0.552440792653	0.542774287095	0.540357660706	0.540357660706	0.939584340261	0.772837119381	0.665538907685	0.600289995167	0.608023199613	0.565007249879	0.905268245529	0.627839536008	0.542290961817	0.561140647656	0.585306911551	0.612373127115	0.640889318511	0.591106814886	0.47220879652	0.487191880135	0.605123247946	0.542774287095	0.520057999033	0.48622522958	0.41904301595	0.354760753987	0.0	0.628322861286	0.598356694055	0.466892218463	0.537457709038	0.532624456259	0.633156114065	0.588690188497	0.610923151281	0.593523441276	0.597873368777	0.621556307395	0.491058482359	0.480425326245	0.50700821653	0.516674722088	0.515224746254	0.625422909618	0.535524407927	0.575157080715	0.509424842919	0.574190430159
AF5	0.713871435476	0.618173030449	0.926534557757	0.660222329628	0.656355727405	0.676655389077	0.553407443209	0.647172547124	0.683421942968	0.570323827936	0.710004833253	0.622039632673	0.678588690188	0.840019333011	0.588206863219	0.670855485742	0.713871435476	0.716771387144	0.871435476075	0.728854519091	0.71532141131	0.679555340744	0.721604639923	0.711454809087	0.872885451909	0.681971967134	0.705171580474	0.687771870469	0.667472208797	0.678588690188	0.763170613823	0.720637989367	0.62735621073	0.654905751571	0.746254229096	0.670855485742	0.709038182697	0.482841952634	0.699371677139	0.598840019333	0.628322861286	0.0	0.285161913968	0.537457709038	0.720637989367	0.709038182697	0.753020782987	0.725471242146	0.74770420493	0.719188013533	0.730787820203	0.748670855486	0.68970517158	0.71532141131	0.722087965201	0.713388110198	0.667472208797	0.744320927985	0.678588690188	0.695988400193	0.713871435476	0.71532141131
AF6	0.695505074915	0.586756887385	0.93523441276	0.655389076849	0.641855969067	0.64572257129	0.532141130981	0.617206379894	0.656355727405	0.544224262929	0.685838569357	0.603673272112	0.655872402127	0.84485258579	0.555340744321	0.648622522958	0.683421942968	0.690188496858	0.879168680522	0.725954567424	0.698888351861	0.658772353794	0.695505074915	0.681005316578	0.880618656356	0.66892218463	0.670855485742	0.655872402127	0.635089415176	0.662638956017	0.740937651039	0.702271628806	0.601256645723	0.62735621073	0.730304494925	0.647655872402	0.666505558241	0.4398260029	0.663605606573	0.574673755437	0.598356694055	0.285161913968	0.0	0.509424842919	0.691155147414	0.681005316578	0.744804253262	0.699371677139	0.723054615756	0.694055099082	0.697921701305	0.725471242146	0.663122281295	0.678588690188	0.685838569357	0.676172063799	0.637022716288	0.720637989367	0.643305944901	0.674722087965	0.684871918801	0.679555340744
