	AA3	AA4	AB3	AB4	AC3	AC4	AD3	AD4	AE3	AE4	AF3	AF4	AG3	AG4	AH3	AH4	AA7	AA8	AB7	AB8	AC7	AC8	AD7	AD8	AE7	AE8	AF7	AF8	AG7	AG8	AH7	AH8	AA5	AA6	AB5	AB6	AC5	AC6	AD6	AE5	AE6	AF5	AF6	AG5	AH5	AH6	AA1	AA2	AB1	AB2	AC1	AC2	AD1	AD2	AE1	AE2	AF1	AF2	AG1	AG2	AH1	AH2
AA3	0.0	0.491058482359	0.945384243596	0.635089415176	0.663122281295	0.577090381827	0.669888835186	0.564523924601	0.550507491542	0.602223296278	0.593523441276	0.61575640406	0.568873852102	0.853552440793	0.649105848236	0.323344610923	0.552924117931	0.553407443209	0.876752054132	0.717738037699	0.601739971	0.557274045433	0.573707104882	0.561623972934	0.843402609957	0.579023682939	0.550024166264	0.540357660706	0.570323827936	0.584823586274	0.579023682939	0.534074432093	0.567423876269	0.58095698405	0.750604156597	0.687288545191	0.600773320445	0.609956500725	0.582406959884	0.642822619623	0.598840019333	0.714354760754	0.686805219913	0.590623489609	0.616239729338	0.601256645723	0.684871918801	0.645239246013	0.71532141131	0.669888835186	0.625422909618	0.658772353794	0.588206863219	0.565007249879	0.5601739971	0.548090865152	0.586756887385	0.662155630739	0.581923634606	0.65732237796	0.557274045433	0.64813919768
AA4	0.491058482359	0.0	0.955534074432	0.58095698405	0.563557274045	0.481875302078	0.579023682939	0.470758820686	0.491058482359	0.506041565974	0.540840985984	0.514741420976	0.461575640406	0.855969067182	0.378927017883	0.378443692605	0.532624456259	0.531657805703	0.895118414693	0.738037699372	0.653939101015	0.582406959884	0.588690188497	0.587723537941	0.884485258579	0.622522957951	0.531174480425	0.561623972934	0.587723537941	0.609956500725	0.631222812953	0.583856935718	0.499275012083	0.510874818753	0.656355727405	0.583856935718	0.555340744321	0.496858385694	0.499758337361	0.52537457709	0.46979217013	0.625906234896	0.587723537941	0.500241662639	0.567907201547	0.558240695988	0.636056065732	0.564040599323	0.617689705172	0.588206863219	0.570807153214	0.612373127115	0.519091348478	0.506041565974	0.515224746254	0.51377477042	0.496375060416	0.611406476559	0.527307878202	0.572257129048	0.506041565974	0.563557274045
AB3	0.945384243596	0.955534074432	0.0	0.695021749638	0.917351377477	0.9584340261	0.960367327211	0.95360077332	0.931851135814	0.955534074432	0.975833736104	0.937167713871	0.968100531658	0.340744320928	0.969067182214	0.948284195263	0.974867085549	0.971000483325	0.735621072982	0.76848719188	0.894151764137	0.913968100532	0.963267278879	0.949250845819	0.852585790237	0.90043499275	0.947800869986	0.928951184147	0.845819236346	0.84485258579	0.952150797487	0.956500724988	0.961333977767	0.963750604157	0.977283711938	0.970517158047	0.978733687772	0.956500724988	0.977283711938	0.977283711938	0.97680038666	0.93523441276	0.940067665539	0.949734171097	0.97921701305	0.975350410826	0.977767037216	0.976317061382	0.975350410826	0.977283711938	0.975833736104	0.976317061382	0.977283711938	0.977283711938	0.977767037216	0.977767037216	0.97680038666	0.973900434993	0.97680038666	0.977767037216	0.975350410826	0.976317061382
AB4	0.635089415176	0.58095698405	0.695021749638	0.0	0.642339294345	0.616723054616	0.670855485742	0.619623006283	0.608506524891	0.616239729338	0.647655872402	0.610923151281	0.485741904302	0.577090381827	0.602223296278	0.595940067666	0.638472692122	0.632189463509	0.732237796037	0.585306911551	0.655389076849	0.625906234896	0.665538907685	0.642822619623	0.8008699855	0.636056065732	0.652972450459	0.633639439343	0.542774287095	0.574190430159	0.693571773804	0.647655872402	0.63653939101	0.65055582407	0.736587723538	0.675205413243	0.65973900435	0.637022716288	0.630256162397	0.6389560174	0.628322861286	0.652489125181	0.644272595457	0.620589656839	0.691155147414	0.681005316578	0.704688255196	0.65732237796	0.706138231029	0.684871918801	0.664572257129	0.678588690188	0.625906234896	0.647172547124	0.658772353794	0.652489125181	0.639439342678	0.679555340744	0.644755920735	0.67133881102	0.644755920735	0.65973900435
AC3	0.663122281295	0.563557274045	0.917351377477	0.642339294345	0.0	0.492025132914	0.641372643789	0.563073948768	0.565973900435	0.585306911551	0.618173030449	0.332044465926	0.611406476559	0.826002899952	0.599323344611	0.597390043499	0.619623006283	0.605123247946	0.869502174964	0.746254229096	0.727887868536	0.676655389077	0.733204446593	0.719188013533	0.832286128565	0.687771870469	0.650072498792	0.681005316578	0.676172063799	0.681005316578	0.708071532141	0.661672305462	0.600773320445	0.624456259062	0.639922667956	0.602706621556	0.643789270179	0.594490091832	0.596906718221	0.557274045433	0.55099081682	0.658772353794	0.647172547124	0.57177380377	0.664572257129	0.657805703238	0.60657322378	0.598356694055	0.602223296278	0.595456742388	0.60657322378	0.601739971	0.551474142098	0.58337361044	0.59255679072	0.579023682939	0.608023199613	0.595456742388	0.614789753504	0.596423392943	0.617689705172	0.603673272112
AC4	0.577090381827	0.481875302078	0.9584340261	0.616723054616	0.492025132914	0.0	0.61333977767	0.405993233446	0.424359594007	0.512808119865	0.350894151764	0.408409859836	0.511841469309	0.860802319961	0.558724021266	0.537457709038	0.489125181247	0.475108748188	0.927017883035	0.763653939101	0.608023199613	0.543257612373	0.551957467376	0.538907684872	0.895118414693	0.59497341711	0.498308361527	0.530691155147	0.559207346544	0.573223779604	0.591590140164	0.536007733204	0.459159014016	0.469308844853	0.650072498792	0.571290478492	0.488158530691	0.5186080232	0.433542774287	0.559690671822	0.486708554857	0.675688738521	0.637506041566	0.49299178347	0.519574673755	0.485741904302	0.638472692122	0.581440309328	0.610439826003	0.582890285162	0.576123731271	0.611889801837	0.508458192363	0.509424842919	0.511841469309	0.506524891252	0.546157564041	0.61575640406	0.564040599323	0.579507008217	0.489125181247	0.581923634606
AD3	0.669888835186	0.579023682939	0.960367327211	0.670855485742	0.641372643789	0.61333977767	0.0	0.543740937651	0.641372643789	0.354760753987	0.676172063799	0.609956500725	0.637989366844	0.869985500242	0.564040599323	0.633156114065	0.6805219913	0.676172063799	0.93281778637	0.779120347994	0.72450459159	0.684388593523	0.696471725471	0.690188496858	0.913484775254	0.681488641856	0.685838569357	0.687771870469	0.685355244079	0.674238762687	0.713871435476	0.684871918801	0.630739487675	0.646205896568	0.733204446593	0.669405509908	0.672788786854	0.535041082649	0.621556307395	0.554857419043	0.568390526825	0.538424359594	0.520057999033	0.55775737071	0.687771870469	0.684871918801	0.753504108265	0.704204929918	0.731271145481	0.709521507975	0.691155147414	0.735621072982	0.658772353794	0.651522474625	0.661672305462	0.658772353794	0.623006283229	0.729337844369	0.633156114065	0.705654905752	0.681971967134	0.700338327695
AD4	0.564523924601	0.470758820686	0.95360077332	0.619623006283	0.563073948768	0.405993233446	0.543740937651	0.0	0.300144997583	0.424359594007	0.416143064282	0.486708554857	0.499758337361	0.861768970517	0.538907684872	0.522957950701	0.46302561624	0.45142580957	0.939101014983	0.774770420493	0.575640405993	0.49540840986	0.508941517641	0.49299178347	0.902368293862	0.600289995167	0.450942484292	0.470275495408	0.514258095698	0.560657322378	0.555824069599	0.499275012083	0.402609956501	0.452875785404	0.64572257129	0.559690671822	0.435476075399	0.510391493475	0.41662638956	0.573707104882	0.487191880135	0.654905751571	0.619623006283	0.485258579024	0.498791686805	0.458192363461	0.647655872402	0.587723537941	0.628322861286	0.599323344611	0.58337361044	0.628806186564	0.510391493475	0.502174963751	0.502174963751	0.50459159014	0.537457709038	0.623489608507	0.544224262929	0.591590140164	0.496375060416	0.588206863219
AE3	0.550507491542	0.491058482359	0.931851135814	0.608506524891	0.565973900435	0.424359594007	0.641372643789	0.300144997583	0.0	0.518124697922	0.404543257612	0.501208313195	0.509908168197	0.846302561624	0.565007249879	0.534074432093	0.458192363461	0.449975833736	0.9212179797	0.754470758821	0.552924117931	0.476075398743	0.48622522958	0.479458675689	0.89125181247	0.584340260996	0.440309328178	0.463992266796	0.494925084582	0.541324311261	0.543740937651	0.498791686805	0.400676655389	0.455775737071	0.665538907685	0.578057032383	0.440792653456	0.532141130981	0.438376027066	0.608506524891	0.521507974867	0.685355244079	0.644755920735	0.497341710971	0.501208313195	0.463508941518	0.652972450459	0.596423392943	0.632672788787	0.616723054616	0.587723537941	0.633156114065	0.515708071532	0.519574673755	0.522957950701	0.523924601257	0.549057515708	0.632189463509	0.565007249879	0.602706621556	0.497825036249	0.592073465442
AE4	0.602223296278	0.506041565974	0.955534074432	0.616239729338	0.585306911551	0.512808119865	0.354760753987	0.424359594007	0.518124697922	0.0	0.573707104882	0.533107781537	0.549057515708	0.857419043016	0.52779120348	0.552924117931	0.584340260996	0.585790236829	0.93281778637	0.767520541324	0.662638956017	0.602223296278	0.614306428226	0.600773320445	0.908651522475	0.625906234896	0.589656839053	0.582406959884	0.592073465442	0.596423392943	0.651039149348	0.601256645723	0.53020782987	0.556307394877	0.686321894635	0.612373127115	0.582890285162	0.471242145964	0.527307878202	0.507974867086	0.497825036249	0.579990333494	0.549540840986	0.478975350411	0.607056549058	0.603189946834	0.695505074915	0.641855969067	0.682455292412	0.658772353794	0.639439342678	0.675205413243	0.593523441276	0.579507008217	0.575640405993	0.579990333494	0.559690671822	0.674238762687	0.570807153214	0.652005799903	0.58337361044	0.640889318511
AF3	0.593523441276	0.540840985984	0.975833736104	0.647655872402	0.618173030449	0.350894151764	0.676172063799	0.416143064282	0.404543257612	0.573707104882	0.0	0.528274528758	0.529724504592	0.881101981634	0.607539874335	0.569840502658	0.447559207347	0.432092798453	0.954084098598	0.792653455776	0.59255679072	0.523441275979	0.459159014016	0.446109231513	0.917834702755	0.614789753504	0.427742870952	0.511841469309	0.540357660706	0.591590140164	0.532141130981	0.511358144031	0.436926051232	0.49299178347	0.671822136298	0.607539874335	0.427742870952	0.559207346544	0.453359110681	0.620589656839	0.537457709038	0.719188013533	0.681005316578	0.532141130981	0.51619139681	0.475592073465	0.667472208797	0.607539874335	0.669888835186	0.61575640406	0.605606573224	0.645239246013	0.548090865152	0.523924601257	0.529241179314	0.527307878202	0.577090381827	0.644755920735	0.596906718221	0.609956500725	0.500241662639	0.605606573224
AF4	0.61575640406	0.514741420976	0.937167713871	0.610923151281	0.332044465926	0.408409859836	0.609956500725	0.486708554857	0.501208313195	0.533107781537	0.528274528758	0.0	0.551474142098	0.841952634123	0.565007249879	0.54857419043	0.572257129048	0.557274045433	0.884001933301	0.727404543258	0.695988400193	0.635089415176	0.674722087965	0.655389076849	0.849685838569	0.637506041566	0.596423392943	0.632672788787	0.636056065732	0.64572257129	0.666505558241	0.621072982117	0.54857419043	0.574673755437	0.617206379894	0.542290961817	0.561140647656	0.54857419043	0.520541324311	0.517641372644	0.508941517641	0.637022716288	0.623006283229	0.527307878202	0.581923634606	0.574190430159	0.582406959884	0.523924601257	0.571290478492	0.538424359594	0.546157564041	0.556790720155	0.483325277912	0.503624939584	0.519574673755	0.518124697922	0.563073948768	0.559207346544	0.576123731271	0.53020782987	0.551957467376	0.53020782987
AG3	0.568873852102	0.461575640406	0.968100531658	0.485741904302	0.611406476559	0.511841469309	0.637989366844	0.499758337361	0.509908168197	0.549057515708	0.529724504592	0.551474142098	0.0	0.846785886902	0.525857902368	0.502174963751	0.500241662639	0.48380860319	0.931851135814	0.773320444659	0.650072498792	0.579023682939	0.590140164331	0.59255679072	0.888351860802	0.616239729338	0.52779120348	0.565007249879	0.586756887385	0.61333977767	0.619139681005	0.566940550991	0.503141614306	0.517641372644	0.66892218463	0.611406476559	0.546157564041	0.549540840986	0.503141614306	0.572740454326	0.514741420976	0.679555340744	0.642822619623	0.52779120348	0.565007249879	0.548090865152	0.630739487675	0.582406959884	0.623489608507	0.612856452392	0.584823586274	0.617206379894	0.52779120348	0.518124697922	0.532141130981	0.525857902368	0.515708071532	0.622522957951	0.551957467376	0.600289995167	0.489608506525	0.589656839053
AG4	0.853552440793	0.855969067182	0.340744320928	0.577090381827	0.826002899952	0.860802319961	0.869985500242	0.861768970517	0.846302561624	0.857419043016	0.881101981634	0.841952634123	0.846785886902	0.0	0.872885451909	0.848719188014	0.886901884969	0.882551957467	0.713871435476	0.688738521025	0.812953117448	0.827936201063	0.880618656356	0.862252295795	0.823102948284	0.822136297728	0.860802319961	0.841469308845	0.761237312711	0.754470758821	0.880135331078	0.866602223296	0.874335427743	0.875785403577	0.897051715805	0.88883518608	0.889801836636	0.859352344128	0.884001933301	0.8796520058	0.880135331078	0.843885935234	0.848719188014	0.860318994683	0.892701788304	0.888351860802	0.886418559691	0.884968583857	0.88883518608	0.878202029966	0.890768487192	0.883035282745	0.887385210246	0.884001933301	0.890768487192	0.889318511358	0.886418559691	0.884001933301	0.881585306912	0.880618656356	0.887385210246	0.88883518608
AH3	0.649105848236	0.378927017883	0.969067182214	0.602223296278	0.599323344611	0.558724021266	0.564040599323	0.538907684872	0.565007249879	0.52779120348	0.607539874335	0.565007249879	0.525857902368	0.872885451909	0.0	0.517641372644	0.599323344611	0.586756887385	0.927501208313	0.771387143548	0.706138231029	0.631706138231	0.639439342678	0.65055582407	0.909134847753	0.687288545191	0.62493958434	0.637022716288	0.651522474625	0.669888835186	0.693571773804	0.652489125181	0.550507491542	0.580473658772	0.706138231029	0.642822619623	0.635572740454	0.543257612373	0.577090381827	0.545674238763	0.55099081682	0.591106814886	0.565007249879	0.553890768487	0.639922667956	0.621072982117	0.700338327695	0.629772837119	0.660222329628	0.645239246013	0.637022716288	0.666022232963	0.581923634606	0.593523441276	0.598356694055	0.60415659739	0.546640889319	0.666505558241	0.554857419043	0.632189463509	0.586756887385	0.621556307395
AH4	0.323344610923	0.378443692605	0.948284195263	0.595940067666	0.597390043499	0.537457709038	0.633156114065	0.522957950701	0.534074432093	0.552924117931	0.569840502658	0.54857419043	0.502174963751	0.848719188014	0.517641372644	0.0	0.521991300145	0.525857902368	0.875785403577	0.718221362977	0.625906234896	0.556307394877	0.58095698405	0.575640405993	0.839536007733	0.591106814886	0.536007733204	0.538424359594	0.566457225713	0.588690188497	0.589656839053	0.541807636539	0.53939101015	0.541324311261	0.696471725471	0.62735621073	0.581923634606	0.566457225713	0.541324311261	0.56935717738	0.53697438376	0.680038666022	0.640405993233	0.55775737071	0.589656839053	0.572257129048	0.651039149348	0.595940067666	0.664088931851	0.608989850169	0.589656839053	0.624456259062	0.53697438376	0.510874818753	0.520541324311	0.518124697922	0.521507974867	0.617206379894	0.517158047366	0.609473175447	0.529241179314	0.600289995167
AA7	0.552924117931	0.532624456259	0.974867085549	0.638472692122	0.619623006283	0.489125181247	0.6805219913	0.46302561624	0.458192363461	0.584340260996	0.447559207347	0.572257129048	0.500241662639	0.886901884969	0.599323344611	0.521991300145	0.0	0.279845335911	0.926534557757	0.758820686322	0.580473658772	0.497825036249	0.496858385694	0.489125181247	0.869985500242	0.591590140164	0.440309328178	0.479942000967	0.527307878202	0.575640405993	0.517158047366	0.426776220396	0.422426292895	0.487191880135	0.715804736588	0.65732237796	0.482358627356	0.569840502658	0.491058482359	0.616239729338	0.556307394877	0.718704688255	0.68293861769	0.559207346544	0.551474142098	0.504108264862	0.666022232963	0.614789753504	0.681005316578	0.644272595457	0.588690188497	0.634122764621	0.526341227646	0.529724504592	0.526341227646	0.522957950701	0.527307878202	0.630739487675	0.54857419043	0.628322861286	0.488641855969	0.603189946834
AA8	0.553407443209	0.531657805703	0.971000483325	0.632189463509	0.605123247946	0.475108748188	0.676172063799	0.45142580957	0.449975833736	0.585790236829	0.432092798453	0.557274045433	0.48380860319	0.882551957467	0.586756887385	0.525857902368	0.279845335911	0.0	0.917351377477	0.748670855486	0.573707104882	0.481875302078	0.488158530691	0.480908651522	0.859835669406	0.581923634606	0.421459642339	0.478492025133	0.522474625423	0.567423876269	0.474142097632	0.39342677622	0.422909618173	0.483325277912	0.710004833253	0.652005799903	0.463508941518	0.57177380377	0.478975350411	0.611406476559	0.551957467376	0.730787820203	0.686321894635	0.551957467376	0.543740937651	0.496375060416	0.640889318511	0.596906718221	0.666988883519	0.632189463509	0.577573707105	0.610923151281	0.505074915418	0.516674722088	0.512808119865	0.506524891252	0.52779120348	0.617689705172	0.546157564041	0.619139681005	0.480908651522	0.591106814886
AB7	0.876752054132	0.895118414693	0.735621072982	0.732237796037	0.869502174964	0.927017883035	0.93281778637	0.939101014983	0.9212179797	0.93281778637	0.954084098598	0.884001933301	0.931851135814	0.713871435476	0.927501208313	0.875785403577	0.926534557757	0.917351377477	0.0	0.402609956501	0.811986466892	0.838086031899	0.938617689705	0.92363460609	0.736587723538	0.823102948284	0.896568390527	0.871435476075	0.732721121315	0.706138231029	0.888351860802	0.901884968584	0.924601256646	0.933301111648	0.937651039149	0.936684388594	0.94441759304	0.911551474142	0.947800869986	0.924117931368	0.929917834703	0.862252295795	0.872402126631	0.908168197197	0.957950700822	0.949734171097	0.926534557757	0.918318028033	0.928951184147	0.926051232479	0.932334461092	0.918801353311	0.926051232479	0.917834702755	0.919284678589	0.916868052199	0.920734654422	0.91203479942	0.925084581924	0.919768003867	0.941517641373	0.925084581924
AB8	0.717738037699	0.738037699372	0.76848719188	0.585306911551	0.746254229096	0.763653939101	0.779120347994	0.774770420493	0.754470758821	0.767520541324	0.792653455776	0.727404543258	0.773320444659	0.688738521025	0.771387143548	0.718221362977	0.758820686322	0.748670855486	0.402609956501	0.0	0.658289028516	0.677622039633	0.767037216046	0.750120831319	0.725954567424	0.656839052682	0.721121314645	0.69453842436	0.550024166264	0.528274528758	0.728854519091	0.729821169647	0.767520541324	0.769937167714	0.817303044949	0.783470275495	0.782020299662	0.742387626873	0.778637022716	0.763653939101	0.765103914935	0.723054615756	0.727887868536	0.74528757854	0.796520057999	0.787336877719	0.802803286612	0.756404059932	0.804736587724	0.764620589657	0.76848719188	0.776220396327	0.764137264379	0.75688738521	0.754470758821	0.758820686322	0.754470758821	0.772837119381	0.758820686322	0.759787336878	0.77767037216	0.75688738521
AC7	0.601739971	0.653939101015	0.894151764137	0.655389076849	0.727887868536	0.608023199613	0.72450459159	0.575640405993	0.552924117931	0.662638956017	0.59255679072	0.695988400193	0.650072498792	0.812953117448	0.706138231029	0.625906234896	0.580473658772	0.573707104882	0.811986466892	0.658289028516	0.0	0.356694055099	0.568873852102	0.555824069599	0.819236346061	0.577573707105	0.53697438376	0.496858385694	0.465442242629	0.500724987917	0.567423876269	0.552924117931	0.558240695988	0.595456742388	0.811503141614	0.743837602707	0.62735621073	0.646205896568	0.615273078782	0.723054615756	0.684871918801	0.702271628806	0.684388593523	0.626389560174	0.637506041566	0.596906718221	0.81488641856	0.765103914935	0.809569840503	0.78008699855	0.739004349928	0.788786853552	0.691638472692	0.673755437409	0.678105364911	0.66892218463	0.677138714355	0.792653455776	0.678105364911	0.764620589657	0.617206379894	0.760270662156
AC8	0.557274045433	0.582406959884	0.913968100532	0.625906234896	0.676655389077	0.543257612373	0.684388593523	0.49540840986	0.476075398743	0.602223296278	0.523441275979	0.635089415176	0.579023682939	0.827936201063	0.631706138231	0.556307394877	0.497825036249	0.481875302078	0.838086031899	0.677622039633	0.356694055099	0.0	0.4813919768	0.483325277912	0.839536007733	0.542774287095	0.398260029	0.362493958434	0.422909618173	0.473658772354	0.51377477042	0.475108748188	0.47220879652	0.519091348478	0.734171097148	0.674238762687	0.543740937651	0.579990333494	0.546157564041	0.646205896568	0.611889801837	0.669405509908	0.634606089899	0.565007249879	0.572740454326	0.525857902368	0.739487675205	0.684871918801	0.738037699372	0.708554857419	0.663122281295	0.708554857419	0.610923151281	0.597390043499	0.600289995167	0.593523441276	0.594490091832	0.717254712421	0.596423392943	0.693571773804	0.542774287095	0.6805219913
AD7	0.573707104882	0.588690188497	0.963267278879	0.665538907685	0.733204446593	0.551957467376	0.696471725471	0.508941517641	0.48622522958	0.614306428226	0.459159014016	0.674722087965	0.590140164331	0.880618656356	0.639439342678	0.58095698405	0.496858385694	0.488158530691	0.938617689705	0.767037216046	0.568873852102	0.4813919768	0.0	0.30787820203	0.903818269696	0.533591106815	0.412276462059	0.458675688739	0.50700821653	0.551957467376	0.507974867086	0.492025132914	0.497341710971	0.55099081682	0.754470758821	0.688255195747	0.523441275979	0.610439826003	0.558724021266	0.666505558241	0.625422909618	0.723537941034	0.686805219913	0.590623489609	0.58095698405	0.545190913485	0.746254229096	0.687771870469	0.754470758821	0.726437892702	0.66892218463	0.717254712421	0.630256162397	0.611406476559	0.60415659739	0.609473175447	0.607056549058	0.72450459159	0.604639922668	0.70372160464	0.564523924601	0.687288545191
AD8	0.561623972934	0.587723537941	0.949250845819	0.642822619623	0.719188013533	0.538907684872	0.690188496858	0.49299178347	0.479458675689	0.600773320445	0.446109231513	0.655389076849	0.59255679072	0.862252295795	0.65055582407	0.575640405993	0.489125181247	0.480908651522	0.92363460609	0.750120831319	0.555824069599	0.483325277912	0.30787820203	0.0	0.847752537458	0.478492025133	0.413726437893	0.46302561624	0.484775253746	0.529724504592	0.494441759304	0.475108748188	0.491058482359	0.549540840986	0.755920734654	0.682455292412	0.50700821653	0.596423392943	0.553890768487	0.653939101015	0.616239729338	0.718221362977	0.681005316578	0.575640405993	0.586756887385	0.549057515708	0.751087481875	0.68970517158	0.755920734654	0.722571290478	0.673755437409	0.718704688255	0.636056065732	0.611889801837	0.607056549058	0.608506524891	0.621556307395	0.722571290478	0.625422909618	0.702754954084	0.574673755437	0.685355244079
AE7	0.843402609957	0.884485258579	0.852585790237	0.8008699855	0.832286128565	0.895118414693	0.913484775254	0.902368293862	0.89125181247	0.908651522475	0.917834702755	0.849685838569	0.888351860802	0.823102948284	0.909134847753	0.839536007733	0.869985500242	0.859835669406	0.736587723538	0.725954567424	0.819236346061	0.839536007733	0.903818269696	0.847752537458	0.0	0.545190913485	0.870952150797	0.855485741904	0.760753987434	0.760270662156	0.837602706622	0.841469308845	0.902368293862	0.906718221363	0.931851135814	0.926534557757	0.918318028033	0.894635089415	0.916384726921	0.880135331078	0.901884968584	0.875302078299	0.8796520058	0.878202029966	0.936201063316	0.927017883035	0.890285161914	0.898985016916	0.917834702755	0.893668438859	0.903334944418	0.893668438859	0.894635089415	0.898501691638	0.90285161914	0.886418559691	0.906234896085	0.888351860802	0.898501691638	0.90043499275	0.90961817303	0.899468342194
AE8	0.579023682939	0.622522957951	0.90043499275	0.636056065732	0.687771870469	0.59497341711	0.681488641856	0.600289995167	0.584340260996	0.625906234896	0.614789753504	0.637506041566	0.616239729338	0.822136297728	0.687288545191	0.591106814886	0.591590140164	0.581923634606	0.823102948284	0.656839052682	0.577573707105	0.542774287095	0.533591106815	0.478492025133	0.545190913485	0.0	0.568390526825	0.54857419043	0.521024649589	0.506524891252	0.565007249879	0.553890768487	0.600289995167	0.603189946834	0.764137264379	0.704688255196	0.621556307395	0.600289995167	0.614306428226	0.64572257129	0.636056065732	0.69453842436	0.666022232963	0.59255679072	0.635089415176	0.620589656839	0.751087481875	0.696471725471	0.762687288545	0.709521507975	0.686805219913	0.72692121798	0.661188980184	0.640405993233	0.639439342678	0.626872885452	0.651039149348	0.72692121798	0.658289028516	0.701788303528	0.608989850169	0.69212179797
AF7	0.550024166264	0.531174480425	0.947800869986	0.652972450459	0.650072498792	0.498308361527	0.685838569357	0.450942484292	0.440309328178	0.589656839053	0.427742870952	0.596423392943	0.52779120348	0.860802319961	0.62493958434	0.536007733204	0.440309328178	0.421459642339	0.896568390527	0.721121314645	0.53697438376	0.398260029	0.412276462059	0.413726437893	0.870952150797	0.568390526825	0.0	0.336877718705	0.479458675689	0.52537457709	0.476075398743	0.470758820686	0.428709521508	0.485741904302	0.69453842436	0.630739487675	0.467375543741	0.55775737071	0.48622522958	0.616239729338	0.552924117931	0.704204929918	0.665055582407	0.534074432093	0.526341227646	0.480908651522	0.668438859352	0.615273078782	0.683421942968	0.646205896568	0.598840019333	0.640405993233	0.553407443209	0.532624456259	0.530691155147	0.529724504592	0.546157564041	0.643305944901	0.555824069599	0.628806186564	0.48380860319	0.616723054616
AF8	0.540357660706	0.561623972934	0.928951184147	0.633639439343	0.681005316578	0.530691155147	0.687771870469	0.470275495408	0.463992266796	0.582406959884	0.511841469309	0.632672788787	0.565007249879	0.841469308845	0.637022716288	0.538424359594	0.479942000967	0.478492025133	0.871435476075	0.69453842436	0.496858385694	0.362493958434	0.458675688739	0.46302561624	0.855485741904	0.54857419043	0.336877718705	0.0	0.443692605123	0.487675205413	0.511358144031	0.470275495408	0.451909134848	0.524891251812	0.734171097148	0.668438859352	0.517641372644	0.56259062349	0.523924601257	0.625906234896	0.587240212663	0.679072015466	0.642822619623	0.541807636539	0.563557274045	0.526341227646	0.702754954084	0.65055582407	0.717738037699	0.68293861769	0.637506041566	0.673755437409	0.585306911551	0.572257129048	0.568873852102	0.568873852102	0.570807153214	0.681005316578	0.565973900435	0.668438859352	0.519091348478	0.649105848236
AG7	0.570323827936	0.587723537941	0.845819236346	0.542774287095	0.676172063799	0.559207346544	0.685355244079	0.514258095698	0.494925084582	0.592073465442	0.540357660706	0.636056065732	0.586756887385	0.761237312711	0.651522474625	0.566457225713	0.527307878202	0.522474625423	0.732721121315	0.550024166264	0.465442242629	0.422909618173	0.50700821653	0.484775253746	0.760753987434	0.521024649589	0.479458675689	0.443692605123	0.0	0.310778153697	0.539874335428	0.506524891252	0.504108264862	0.550507491542	0.752537457709	0.68293861769	0.547124214596	0.58337361044	0.553407443209	0.653455775737	0.605123247946	0.663122281295	0.631222812953	0.561623972934	0.594490091832	0.566940550991	0.739971000483	0.68293861769	0.741904301595	0.709038182697	0.662638956017	0.710004833253	0.623489608507	0.600289995167	0.599323344611	0.598356694055	0.622039632673	0.716288061866	0.628322861286	0.693088448526	0.581440309328	0.677622039633
AG8	0.584823586274	0.609956500725	0.84485258579	0.574190430159	0.681005316578	0.573223779604	0.674238762687	0.560657322378	0.541324311261	0.596423392943	0.591590140164	0.64572257129	0.61333977767	0.754470758821	0.669888835186	0.588690188497	0.575640405993	0.567423876269	0.706138231029	0.528274528758	0.500724987917	0.473658772354	0.551957467376	0.529724504592	0.760270662156	0.506524891252	0.52537457709	0.487675205413	0.310778153697	0.0	0.570323827936	0.541807636539	0.554857419043	0.572740454326	0.755437409377	0.691638472692	0.589173513775	0.584823586274	0.584823586274	0.651522474625	0.618656355727	0.656839052682	0.630739487675	0.579023682939	0.622522957951	0.595940067666	0.754954084099	0.693088448526	0.754470758821	0.716288061866	0.678588690188	0.720154664089	0.652489125181	0.633156114065	0.62493958434	0.629289511841	0.642822619623	0.724987916868	0.654422426293	0.693571773804	0.610439826003	0.68970517158
AH7	0.579023682939	0.631222812953	0.952150797487	0.693571773804	0.708071532141	0.591590140164	0.713871435476	0.555824069599	0.543740937651	0.651039149348	0.532141130981	0.666505558241	0.619139681005	0.880135331078	0.693571773804	0.589656839053	0.517158047366	0.474142097632	0.888351860802	0.728854519091	0.567423876269	0.51377477042	0.507974867086	0.494441759304	0.837602706622	0.565007249879	0.476075398743	0.511358144031	0.539874335428	0.570323827936	0.0	0.33107781537	0.560657322378	0.61333977767	0.787820202997	0.728854519091	0.558724021266	0.658772353794	0.609956500725	0.676655389077	0.655389076849	0.762687288545	0.734171097148	0.636056065732	0.642339294345	0.608506524891	0.757370710488	0.719671338811	0.776220396327	0.732721121315	0.694055099082	0.732237796037	0.640889318511	0.634606089899	0.619623006283	0.619623006283	0.64572257129	0.739004349928	0.634122764621	0.710488158531	0.610923151281	0.721121314645
AH8	0.534074432093	0.583856935718	0.956500724988	0.647655872402	0.661672305462	0.536007733204	0.684871918801	0.499275012083	0.498791686805	0.601256645723	0.511358144031	0.621072982117	0.566940550991	0.866602223296	0.652489125181	0.541807636539	0.426776220396	0.39342677622	0.901884968584	0.729821169647	0.552924117931	0.475108748188	0.492025132914	0.475108748188	0.841469308845	0.553890768487	0.470758820686	0.470275495408	0.506524891252	0.541807636539	0.33107781537	0.0	0.506524891252	0.553890768487	0.752537457709	0.687771870469	0.525857902368	0.609473175447	0.55099081682	0.629772837119	0.601739971	0.72450459159	0.685355244079	0.589656839053	0.591106814886	0.555824069599	0.706138231029	0.664088931851	0.732237796037	0.68293861769	0.640405993233	0.678105364911	0.580473658772	0.58095698405	0.572257129048	0.557274045433	0.593523441276	0.679555340744	0.578057032383	0.663605606573	0.556790720155	0.662638956017
AA5	0.567423876269	0.499275012083	0.961333977767	0.63653939101	0.600773320445	0.459159014016	0.630739487675	0.402609956501	0.400676655389	0.53020782987	0.436926051232	0.54857419043	0.503141614306	0.874335427743	0.550507491542	0.53939101015	0.422426292895	0.422909618173	0.924601256646	0.767520541324	0.558240695988	0.47220879652	0.497341710971	0.491058482359	0.902368293862	0.600289995167	0.428709521508	0.451909134848	0.504108264862	0.554857419043	0.560657322378	0.506524891252	0.0	0.335427742871	0.679555340744	0.593040115998	0.470275495408	0.473658772354	0.464475592073	0.56935717738	0.491541807637	0.625422909618	0.587723537941	0.450459159014	0.52779120348	0.462058965684	0.691638472692	0.626389560174	0.671822136298	0.648622522958	0.632189463509	0.67133881102	0.540840985984	0.544707588207	0.556307394877	0.547124214596	0.523924601257	0.665538907685	0.555824069599	0.632672788787	0.499758337361	0.631222812953
AA6	0.58095698405	0.510874818753	0.963750604157	0.65055582407	0.624456259062	0.469308844853	0.646205896568	0.452875785404	0.455775737071	0.556307394877	0.49299178347	0.574673755437	0.517641372644	0.875785403577	0.580473658772	0.541324311261	0.487191880135	0.483325277912	0.933301111648	0.769937167714	0.595456742388	0.519091348478	0.55099081682	0.549540840986	0.906718221363	0.603189946834	0.485741904302	0.524891251812	0.550507491542	0.572740454326	0.61333977767	0.553890768487	0.335427742871	0.0	0.668438859352	0.582890285162	0.512808119865	0.503624939584	0.466892218463	0.587723537941	0.503141614306	0.65973900435	0.61575640406	0.49540840986	0.457709038183	0.408893185114	0.688255195747	0.62735621073	0.662638956017	0.646689221846	0.620106331561	0.666022232963	0.544224262929	0.542774287095	0.54857419043	0.544224262929	0.537941034316	0.663605606573	0.563073948768	0.626389560174	0.514258095698	0.62493958434
AB5	0.750604156597	0.656355727405	0.977283711938	0.736587723538	0.639922667956	0.650072498792	0.733204446593	0.64572257129	0.665538907685	0.686321894635	0.671822136298	0.617206379894	0.66892218463	0.897051715805	0.706138231029	0.696471725471	0.715804736588	0.710004833253	0.937651039149	0.817303044949	0.811503141614	0.734171097148	0.754470758821	0.755920734654	0.931851135814	0.764137264379	0.69453842436	0.734171097148	0.752537457709	0.755437409377	0.787820202997	0.752537457709	0.679555340744	0.668438859352	0.0	0.306911551474	0.617206379894	0.67133881102	0.633156114065	0.635089415176	0.617206379894	0.743354277429	0.73368777187	0.663122281295	0.623972933784	0.621556307395	0.61333977767	0.604639922668	0.626872885452	0.605606573224	0.61575640406	0.615273078782	0.585790236829	0.59255679072	0.617689705172	0.622039632673	0.666505558241	0.590623489609	0.676172063799	0.605123247946	0.673272112131	0.608989850169
AB6	0.687288545191	0.583856935718	0.970517158047	0.675205413243	0.602706621556	0.571290478492	0.669405509908	0.559690671822	0.578057032383	0.612373127115	0.607539874335	0.542290961817	0.611406476559	0.88883518608	0.642822619623	0.62735621073	0.65732237796	0.652005799903	0.936684388594	0.783470275495	0.743837602707	0.674238762687	0.688255195747	0.682455292412	0.926534557757	0.704688255196	0.630739487675	0.668438859352	0.68293861769	0.691638472692	0.728854519091	0.687771870469	0.593040115998	0.582890285162	0.306911551474	0.0	0.550024166264	0.583856935718	0.567423876269	0.567423876269	0.546157564041	0.677138714355	0.65973900435	0.553407443209	0.56935717738	0.559690671822	0.623972933784	0.563073948768	0.605123247946	0.579990333494	0.579023682939	0.599323344611	0.526824552924	0.538424359594	0.570323827936	0.56935717738	0.597873368777	0.586756887385	0.601256645723	0.567907201547	0.612373127115	0.563073948768
AC5	0.600773320445	0.555340744321	0.978733687772	0.65973900435	0.643789270179	0.488158530691	0.672788786854	0.435476075399	0.440792653456	0.582890285162	0.427742870952	0.561140647656	0.546157564041	0.889801836636	0.635572740454	0.581923634606	0.482358627356	0.463508941518	0.94441759304	0.782020299662	0.62735621073	0.543740937651	0.523441275979	0.50700821653	0.918318028033	0.621556307395	0.467375543741	0.517641372644	0.547124214596	0.589173513775	0.558724021266	0.525857902368	0.470275495408	0.512808119865	0.617206379894	0.550024166264	0.0	0.466892218463	0.464958917351	0.600773320445	0.534557757371	0.723537941034	0.669888835186	0.528274528758	0.487675205413	0.450942484292	0.602706621556	0.557274045433	0.621556307395	0.570807153214	0.549540840986	0.591590140164	0.513291445143	0.485258579024	0.491058482359	0.499758337361	0.586273562107	0.594006766554	0.594490091832	0.565973900435	0.52779120348	0.553890768487
AC6	0.609956500725	0.496858385694	0.956500724988	0.637022716288	0.594490091832	0.5186080232	0.535041082649	0.510391493475	0.532141130981	0.471242145964	0.559207346544	0.54857419043	0.549540840986	0.859352344128	0.543257612373	0.566457225713	0.569840502658	0.57177380377	0.911551474142	0.742387626873	0.646205896568	0.579990333494	0.610439826003	0.596423392943	0.894635089415	0.600289995167	0.55775737071	0.56259062349	0.58337361044	0.584823586274	0.658772353794	0.609473175447	0.473658772354	0.503624939584	0.67133881102	0.583856935718	0.466892218463	0.0	0.527307878202	0.515224746254	0.50459159014	0.478975350411	0.437892701788	0.420492991783	0.573707104882	0.564040599323	0.686805219913	0.637989366844	0.665538907685	0.637506041566	0.626389560174	0.664572257129	0.592073465442	0.574190430159	0.577573707105	0.577090381827	0.552924117931	0.663605606573	0.578540357661	0.626389560174	0.553890768487	0.625906234896
AD6	0.582406959884	0.499758337361	0.977283711938	0.630256162397	0.596906718221	0.433542774287	0.621556307395	0.41662638956	0.438376027066	0.527307878202	0.453359110681	0.520541324311	0.503141614306	0.884001933301	0.577090381827	0.541324311261	0.491058482359	0.478975350411	0.947800869986	0.778637022716	0.615273078782	0.546157564041	0.558724021266	0.553890768487	0.916384726921	0.614306428226	0.48622522958	0.523924601257	0.553407443209	0.584823586274	0.609956500725	0.55099081682	0.464475592073	0.466892218463	0.633156114065	0.567423876269	0.464958917351	0.527307878202	0.0	0.555340744321	0.415659739004	0.698888351861	0.652972450459	0.512324794587	0.482358627356	0.45142580957	0.609473175447	0.553407443209	0.596423392943	0.57177380377	0.552440792653	0.589656839053	0.478008699855	0.472692121798	0.485741904302	0.473175447076	0.537457709038	0.586756887385	0.547607539874	0.566940550991	0.470275495408	0.55099081682
AE5	0.642822619623	0.52537457709	0.977283711938	0.6389560174	0.557274045433	0.559690671822	0.554857419043	0.573707104882	0.608506524891	0.507974867086	0.620589656839	0.517641372644	0.572740454326	0.8796520058	0.545674238763	0.56935717738	0.616239729338	0.611406476559	0.924117931368	0.763653939101	0.723054615756	0.646205896568	0.666505558241	0.653939101015	0.880135331078	0.64572257129	0.616239729338	0.625906234896	0.653455775737	0.651522474625	0.676655389077	0.629772837119	0.56935717738	0.587723537941	0.635089415176	0.567423876269	0.600773320445	0.515224746254	0.555340744321	0.0	0.376510391493	0.601739971	0.57177380377	0.51619139681	0.644272595457	0.629772837119	0.653455775737	0.604639922668	0.646205896568	0.605123247946	0.62493958434	0.647655872402	0.544707588207	0.565973900435	0.594006766554	0.573223779604	0.558240695988	0.639922667956	0.556307394877	0.606089898502	0.579990333494	0.610923151281
AE6	0.598840019333	0.46979217013	0.97680038666	0.628322861286	0.55099081682	0.486708554857	0.568390526825	0.487191880135	0.521507974867	0.497825036249	0.537457709038	0.508941517641	0.514741420976	0.880135331078	0.55099081682	0.53697438376	0.556307394877	0.551957467376	0.929917834703	0.765103914935	0.684871918801	0.611889801837	0.625422909618	0.616239729338	0.901884968584	0.636056065732	0.552924117931	0.587240212663	0.605123247946	0.618656355727	0.655389076849	0.601739971	0.491541807637	0.503141614306	0.617206379894	0.546157564041	0.534557757371	0.50459159014	0.415659739004	0.376510391493	0.0	0.643789270179	0.601256645723	0.48622522958	0.564040599323	0.546157564041	0.630256162397	0.574190430159	0.611889801837	0.58095698405	0.575640405993	0.610923151281	0.499758337361	0.49299178347	0.518124697922	0.497825036249	0.515224746254	0.605123247946	0.538907684872	0.577090381827	0.517641372644	0.575157080715
AF5	0.714354760754	0.625906234896	0.93523441276	0.652489125181	0.658772353794	0.675688738521	0.538424359594	0.654905751571	0.685355244079	0.579990333494	0.719188013533	0.637022716288	0.679555340744	0.843885935234	0.591106814886	0.680038666022	0.718704688255	0.730787820203	0.862252295795	0.723054615756	0.702271628806	0.669405509908	0.723537941034	0.718221362977	0.875302078299	0.69453842436	0.704204929918	0.679072015466	0.663122281295	0.656839052682	0.762687288545	0.72450459159	0.625422909618	0.65973900435	0.743354277429	0.677138714355	0.723537941034	0.478975350411	0.698888351861	0.601739971	0.643789270179	0.0	0.274045432576	0.561140647656	0.731754470759	0.719188013533	0.76848719188	0.722087965201	0.745770903818	0.718704688255	0.732721121315	0.751087481875	0.695988400193	0.717254712421	0.729337844369	0.725471242146	0.674722087965	0.747220879652	0.677622039633	0.707104881585	0.718704688255	0.720154664089
AF6	0.686805219913	0.587723537941	0.940067665539	0.644272595457	0.647172547124	0.637506041566	0.520057999033	0.619623006283	0.644755920735	0.549540840986	0.681005316578	0.623006283229	0.642822619623	0.848719188014	0.565007249879	0.640405993233	0.68293861769	0.686321894635	0.872402126631	0.727887868536	0.684388593523	0.634606089899	0.686805219913	0.681005316578	0.8796520058	0.666022232963	0.665055582407	0.642822619623	0.631222812953	0.630739487675	0.734171097148	0.685355244079	0.587723537941	0.61575640406	0.73368777187	0.65973900435	0.669888835186	0.437892701788	0.652972450459	0.57177380377	0.601256645723	0.274045432576	0.0	0.5186080232	0.691155147414	0.679555340744	0.749154180764	0.700821652972	0.731271145481	0.70130497825	0.69212179797	0.735137747704	0.663605606573	0.672788786854	0.684388593523	0.6805219913	0.631222812953	0.731754470759	0.634606089899	0.687288545191	0.677622039633	0.693571773804
