	AA3	AA4	AB3	AB4	AC3	AC4	AD3	AD4	AE3	AE4	AF3	AF4	AG3	AG4	AH3	AH4	AA7	AA8	AB7	AB8	AC7	AC8	AD7	AD8	AE7	AE8	AF7	AF8	AG7	AG8	AH7	AH8	AA5	AA6	AB5	AB6	AC5	AC6	AD6	AE5	AE6	AF5	AF6	AG5	AH5	AH6	AA1	AA2	AB1	AB2	AC1	AC2	AD1	AD2	AE1	AE2	AF1	AF2	AG1	AG2	AH1	AH2
AA3	0.0	0.500724987917	0.93281778637	0.634606089899	0.67133881102	0.590140164331	0.667955534074	0.587723537941	0.580473658772	0.637022716288	0.625422909618	0.611889801837	0.599323344611	0.850169163847	0.663122281295	0.35186080232	0.593040115998	0.577573707105	0.862252295795	0.72692121798	0.629289511841	0.588206863219	0.614306428226	0.593523441276	0.829869502175	0.590623489609	0.584340260996	0.581440309328	0.602706621556	0.587240212663	0.595456742388	0.579990333494	0.597390043499	0.611406476559	0.764137264379	0.69212179797	0.608506524891	0.629289511841	0.602223296278	0.621072982117	0.618656355727	0.704688255196	0.713388110198	0.622522957951	0.637989366844	0.620106331561	0.682455292412	0.666988883519	0.711454809087	0.663605606573	0.642822619623	0.672788786854	0.581923634606	0.571290478492	0.582406959884	0.578540357661	0.596906718221	0.673272112131	0.595940067666	0.669405509908	0.588690188497	0.656355727405
AA4	0.500724987917	0.0	0.949250845819	0.579990333494	0.569840502658	0.498791686805	0.578057032383	0.501691638473	0.500724987917	0.525857902368	0.559207346544	0.491541807637	0.479942000967	0.85645239246	0.359594006767	0.344610923151	0.536007733204	0.527307878202	0.88883518608	0.739004349928	0.650072498792	0.591590140164	0.58337361044	0.585790236829	0.873852102465	0.614306428226	0.561140647656	0.551957467376	0.595456742388	0.608506524891	0.621556307395	0.572740454326	0.500724987917	0.5186080232	0.672788786854	0.592073465442	0.572740454326	0.521991300145	0.532141130981	0.517158047366	0.499758337361	0.620589656839	0.608023199613	0.511841469309	0.579023682939	0.565490575157	0.652005799903	0.586756887385	0.630739487675	0.596423392943	0.588690188497	0.632189463509	0.514741420976	0.507974867086	0.519091348478	0.507491541808	0.491058482359	0.623489608507	0.511358144031	0.601256645723	0.52537457709	0.576607056549
AB3	0.93281778637	0.949250845819	0.0	0.675205413243	0.913484775254	0.948284195263	0.955050749154	0.942000966651	0.930884485259	0.949250845819	0.971483808603	0.924117931368	0.966167230546	0.348477525375	0.960367327211	0.945384243596	0.969550507492	0.968583856936	0.73368777187	0.746737554374	0.886418559691	0.901401643306	0.962300628323	0.947800869986	0.852102464959	0.892701788304	0.941517641373	0.933784436926	0.845819236346	0.83325277912	0.951184146931	0.954084098598	0.9584340261	0.960850652489	0.972933784437	0.964233929435	0.972450459159	0.953117448043	0.971967133881	0.972450459159	0.972933784437	0.931367810536	0.929434509425	0.949734171097	0.974383760271	0.971967133881	0.972933784437	0.970517158047	0.968100531658	0.970517158047	0.974867085549	0.969067182214	0.972450459159	0.971483808603	0.975350410826	0.971000483325	0.971000483325	0.96761720638	0.969550507492	0.970517158047	0.969550507492	0.971967133881
AB4	0.634606089899	0.579990333494	0.675205413243	0.0	0.634122764621	0.604639922668	0.680038666022	0.622522957951	0.610923151281	0.643789270179	0.642822619623	0.591106814886	0.489608506525	0.556790720155	0.610923151281	0.591590140164	0.643305944901	0.633639439343	0.717738037699	0.573707104882	0.657805703238	0.619139681005	0.658289028516	0.64813919768	0.78927017883	0.616239729338	0.646205896568	0.632189463509	0.555340744321	0.568390526825	0.684388593523	0.642822619623	0.644755920735	0.650072498792	0.735137747704	0.672305461576	0.651522474625	0.642339294345	0.622039632673	0.633156114065	0.621556307395	0.663605606573	0.660222329628	0.62735621073	0.685838569357	0.67133881102	0.697921701305	0.659255679072	0.694055099082	0.669888835186	0.666505558241	0.679072015466	0.62493958434	0.631706138231	0.647172547124	0.628806186564	0.639439342678	0.67133881102	0.640889318511	0.666022232963	0.640405993233	0.656839052682
AC3	0.67133881102	0.569840502658	0.913484775254	0.634122764621	0.0	0.488158530691	0.637506041566	0.543740937651	0.56259062349	0.591106814886	0.617206379894	0.343644272595	0.605123247946	0.827936201063	0.591590140164	0.590140164331	0.623972933784	0.61333977767	0.872885451909	0.768003866602	0.735621072982	0.693088448526	0.723537941034	0.718221362977	0.830836152731	0.677622039633	0.661188980184	0.6805219913	0.670855485742	0.681488641856	0.710971483809	0.672788786854	0.60657322378	0.64572257129	0.635089415176	0.59497341711	0.626389560174	0.588206863219	0.584340260996	0.565007249879	0.559690671822	0.667472208797	0.653455775737	0.575640405993	0.661188980184	0.653939101015	0.607056549058	0.582890285162	0.574673755437	0.567423876269	0.60657322378	0.594490091832	0.545674238763	0.579023682939	0.587723537941	0.56259062349	0.628806186564	0.599806669889	0.627839536008	0.601256645723	0.605606573224	0.590140164331
AC4	0.590140164331	0.498791686805	0.948284195263	0.604639922668	0.488158530691	0.0	0.616723054616	0.400193330111	0.400676655389	0.5186080232	0.350410826486	0.390043499275	0.508458192363	0.856935717738	0.564040599323	0.508941517641	0.475108748188	0.463508941518	0.920734654422	0.761720637989	0.592073465442	0.535041082649	0.521024649589	0.522474625423	0.887868535524	0.578057032383	0.478492025133	0.501208313195	0.53939101015	0.557274045433	0.569840502658	0.5186080232	0.461575640406	0.492508458192	0.642339294345	0.565007249879	0.452875785404	0.506524891252	0.411309811503	0.547124214596	0.488641855969	0.676655389077	0.664088931851	0.503624939584	0.497825036249	0.489608506525	0.637022716288	0.574190430159	0.598356694055	0.572740454326	0.567423876269	0.61575640406	0.493475108748	0.494925084582	0.506041565974	0.499275012083	0.542290961817	0.604639922668	0.549057515708	0.574673755437	0.464475592073	0.57177380377
AD3	0.667955534074	0.578057032383	0.955050749154	0.680038666022	0.637506041566	0.616723054616	0.0	0.519091348478	0.627839536008	0.358627356211	0.672305461576	0.587723537941	0.632672788787	0.867568873852	0.558240695988	0.619139681005	0.684871918801	0.681005316578	0.934267762204	0.78008699855	0.714838086032	0.685355244079	0.696471725471	0.687771870469	0.91203479942	0.681005316578	0.69212179797	0.688255195747	0.681971967134	0.679072015466	0.713388110198	0.68293861769	0.622522957951	0.647172547124	0.733204446593	0.658289028516	0.665055582407	0.520541324311	0.628806186564	0.565007249879	0.557274045433	0.561140647656	0.552440792653	0.549540840986	0.69453842436	0.683421942968	0.761237312711	0.693571773804	0.725954567424	0.697438376027	0.695021749638	0.73852102465	0.647172547124	0.65973900435	0.66892218463	0.647655872402	0.625422909618	0.717254712421	0.626872885452	0.699371677139	0.679555340744	0.691638472692
AD4	0.587723537941	0.501691638473	0.942000966651	0.622522957951	0.543740937651	0.400193330111	0.519091348478	0.0	0.310778153697	0.406476558724	0.420976317061	0.465925567907	0.526341227646	0.852585790237	0.542774287095	0.515708071532	0.470758820686	0.462058965684	0.928467858869	0.769937167714	0.574190430159	0.519091348478	0.505074915418	0.495891735138	0.901401643306	0.599806669889	0.463508941518	0.488641855969	0.508458192363	0.564040599323	0.554857419043	0.504108264862	0.397776703722	0.476558724021	0.652972450459	0.578057032383	0.435959400677	0.473658772354	0.42822619623	0.530691155147	0.477042049299	0.638472692122	0.623489608507	0.471725471242	0.507491541808	0.490575157081	0.662155630739	0.603673272112	0.628806186564	0.604639922668	0.59255679072	0.641855969067	0.500724987917	0.513291445143	0.524407926535	0.513291445143	0.542290961817	0.628322861286	0.548090865152	0.606089898502	0.49540840986	0.588206863219
AE3	0.580473658772	0.500724987917	0.930884485259	0.610923151281	0.56259062349	0.400676655389	0.627839536008	0.310778153697	0.0	0.509908168197	0.39584340261	0.485258579024	0.506524891252	0.848235862736	0.550024166264	0.510874818753	0.432092798453	0.424842919285	0.917351377477	0.759787336878	0.549540840986	0.498791686805	0.475108748188	0.46979217013	0.884485258579	0.579507008217	0.432576123731	0.450459159014	0.492508458192	0.548090865152	0.531174480425	0.490575157081	0.399226679555	0.463508941518	0.66892218463	0.590623489609	0.424359594007	0.507491541808	0.440792653456	0.58095698405	0.521991300145	0.667955534074	0.659255679072	0.507974867086	0.496375060416	0.47462542291	0.662155630739	0.604639922668	0.62735621073	0.609956500725	0.590623489609	0.647172547124	0.509908168197	0.517641372644	0.534557757371	0.523441275979	0.541807636539	0.631222812953	0.559207346544	0.60657322378	0.484775253746	0.588690188497
AE4	0.637022716288	0.525857902368	0.949250845819	0.643789270179	0.591106814886	0.5186080232	0.358627356211	0.406476558724	0.509908168197	0.0	0.579990333494	0.540840985984	0.577090381827	0.861768970517	0.526824552924	0.553407443209	0.59497341711	0.582890285162	0.944900918318	0.784920251329	0.663605606573	0.61333977767	0.605606573224	0.596423392943	0.916868052199	0.629289511841	0.599323344611	0.595940067666	0.589173513775	0.608023199613	0.649589173514	0.605123247946	0.526341227646	0.551474142098	0.701788303528	0.623972933784	0.576607056549	0.469308844853	0.537941034316	0.528274528758	0.50700821653	0.586273562107	0.568873852102	0.494441759304	0.609956500725	0.595456742388	0.72450459159	0.666022232963	0.693088448526	0.663122281295	0.658289028516	0.697921701305	0.607056549058	0.597873368777	0.605123247946	0.601739971	0.587240212663	0.682455292412	0.596906718221	0.666988883519	0.590140164331	0.652489125181
AF3	0.625422909618	0.559207346544	0.971483808603	0.642822619623	0.617206379894	0.350410826486	0.672305461576	0.420976317061	0.39584340261	0.579990333494	0.0	0.515224746254	0.537941034316	0.884968583857	0.597873368777	0.56935717738	0.445142580957	0.429676172064	0.954567423876	0.798453359111	0.595940067666	0.551957467376	0.43740937651	0.459159014016	0.920251329145	0.616723054616	0.43740937651	0.492508458192	0.538907684872	0.592073465442	0.526341227646	0.520541324311	0.438859352344	0.511841469309	0.679072015466	0.617689705172	0.41662638956	0.541324311261	0.436926051232	0.602706621556	0.538424359594	0.710488158531	0.699371677139	0.537941034316	0.505074915418	0.493475108748	0.662638956017	0.606089898502	0.645239246013	0.609956500725	0.593523441276	0.644755920735	0.53939101015	0.517158047366	0.526824552924	0.531174480425	0.577090381827	0.637506041566	0.584823586274	0.60415659739	0.482358627356	0.594490091832
AF4	0.611889801837	0.491541807637	0.924117931368	0.591106814886	0.343644272595	0.390043499275	0.587723537941	0.465925567907	0.485258579024	0.540840985984	0.515224746254	0.0	0.538424359594	0.832769453842	0.53697438376	0.533107781537	0.558240695988	0.551474142098	0.882068632189	0.731271145481	0.679072015466	0.626872885452	0.64572257129	0.644272595457	0.850652489125	0.614789753504	0.588690188497	0.613823102948	0.612856452392	0.619139681005	0.654905751571	0.608989850169	0.537941034316	0.576123731271	0.616239729338	0.534557757371	0.542290961817	0.528757854036	0.493475108748	0.511841469309	0.501691638473	0.626389560174	0.614789753504	0.511358144031	0.567907201547	0.560657322378	0.596423392943	0.533591106815	0.553407443209	0.526341227646	0.541807636539	0.568390526825	0.478008699855	0.500724987917	0.512808119865	0.505074915418	0.558724021266	0.565490575157	0.566457225713	0.546640889319	0.534074432093	0.52537457709
AG3	0.599323344611	0.479942000967	0.966167230546	0.489608506525	0.605123247946	0.508458192363	0.632672788787	0.526341227646	0.506524891252	0.577090381827	0.537941034316	0.538424359594	0.0	0.845335911068	0.516674722088	0.511358144031	0.508941517641	0.500724987917	0.929434509425	0.77767037216	0.666505558241	0.611889801837	0.590623489609	0.607056549058	0.888351860802	0.630256162397	0.55775737071	0.57177380377	0.607539874335	0.624456259062	0.636056065732	0.573707104882	0.521507974867	0.526824552924	0.678105364911	0.619623006283	0.541807636539	0.548090865152	0.517158047366	0.567907201547	0.516674722088	0.667472208797	0.653455775737	0.533591106815	0.574673755437	0.55775737071	0.63653939101	0.593040115998	0.62735621073	0.603673272112	0.579507008217	0.617689705172	0.514258095698	0.520541324311	0.536007733204	0.525857902368	0.544707588207	0.612856452392	0.561623972934	0.603189946834	0.510874818753	0.575157080715
AG4	0.850169163847	0.85645239246	0.348477525375	0.556790720155	0.827936201063	0.856935717738	0.867568873852	0.852585790237	0.848235862736	0.861768970517	0.884968583857	0.832769453842	0.845335911068	0.0	0.869985500242	0.855002416626	0.889801836636	0.885935234413	0.710488158531	0.675688738521	0.815853069116	0.82648622523	0.881101981634	0.869502174964	0.822136297728	0.813436442726	0.864668922185	0.855485741904	0.768003866602	0.745770903818	0.884001933301	0.873852102465	0.874818753021	0.875785403577	0.901401643306	0.891735137748	0.891735137748	0.861768970517	0.886901884969	0.884001933301	0.880135331078	0.84485258579	0.841952634123	0.869018849686	0.895118414693	0.886901884969	0.885451909135	0.888351860802	0.884485258579	0.882551957467	0.898018366361	0.886418559691	0.890768487192	0.887385210246	0.898501691638	0.887385210246	0.887868535524	0.885935234413	0.885935234413	0.882551957467	0.890768487192	0.890285161914
AH3	0.663122281295	0.359594006767	0.960367327211	0.610923151281	0.591590140164	0.564040599323	0.558240695988	0.542774287095	0.550024166264	0.526824552924	0.597873368777	0.53697438376	0.516674722088	0.869985500242	0.0	0.503624939584	0.605123247946	0.593523441276	0.931367810536	0.773320444659	0.700821652972	0.652005799903	0.627839536008	0.6389560174	0.904784920251	0.681005316578	0.633639439343	0.625422909618	0.650072498792	0.666505558241	0.690671822136	0.63653939101	0.546640889319	0.575640405993	0.710971483809	0.6389560174	0.619623006283	0.530691155147	0.581440309328	0.53697438376	0.53939101015	0.596906718221	0.570807153214	0.536491058482	0.631706138231	0.62493958434	0.699371677139	0.626872885452	0.656839052682	0.640405993233	0.635572740454	0.670372160464	0.576123731271	0.581923634606	0.593040115998	0.577573707105	0.559207346544	0.654422426293	0.56935717738	0.635089415176	0.588206863219	0.606089898502
AH4	0.35186080232	0.344610923151	0.945384243596	0.591590140164	0.590140164331	0.508941517641	0.619139681005	0.515708071532	0.510874818753	0.553407443209	0.56935717738	0.533107781537	0.511358144031	0.855002416626	0.503624939584	0.0	0.529724504592	0.526341227646	0.882551957467	0.743837602707	0.63653939101	0.579023682939	0.576123731271	0.574190430159	0.850169163847	0.600773320445	0.547607539874	0.53939101015	0.582406959884	0.591106814886	0.598356694055	0.55099081682	0.522474625423	0.536491058482	0.69212179797	0.609473175447	0.564040599323	0.549540840986	0.53939101015	0.542290961817	0.528274528758	0.652005799903	0.648622522958	0.540840985984	0.587240212663	0.567907201547	0.65055582407	0.593523441276	0.647172547124	0.596906718221	0.588690188497	0.631222812953	0.519574673755	0.507974867086	0.526341227646	0.511841469309	0.502658289029	0.622522957951	0.508941517641	0.602223296278	0.532624456259	0.581923634606
AA7	0.593040115998	0.536007733204	0.969550507492	0.643305944901	0.623972933784	0.475108748188	0.684871918801	0.470758820686	0.432092798453	0.59497341711	0.445142580957	0.558240695988	0.508941517641	0.889801836636	0.605123247946	0.529724504592	0.0	0.278395360077	0.924601256646	0.780570323828	0.581440309328	0.529241179314	0.487675205413	0.501691638473	0.882068632189	0.598356694055	0.449975833736	0.459159014016	0.537457709038	0.585790236829	0.52537457709	0.42822619623	0.4398260029	0.483325277912	0.710971483809	0.651039149348	0.464958917351	0.554857419043	0.480425326245	0.60415659739	0.5601739971	0.717254712421	0.702754954084	0.55775737071	0.540840985984	0.514258095698	0.666988883519	0.605606573224	0.658289028516	0.628322861286	0.577573707105	0.631706138231	0.52537457709	0.50459159014	0.523924601257	0.525857902368	0.546640889319	0.628322861286	0.5601739971	0.625906234896	0.482358627356	0.599323344611
AA8	0.577573707105	0.527307878202	0.968583856936	0.633639439343	0.61333977767	0.463508941518	0.681005316578	0.462058965684	0.424842919285	0.582890285162	0.429676172064	0.551474142098	0.500724987917	0.885935234413	0.593523441276	0.526341227646	0.278395360077	0.0	0.922184630256	0.778637022716	0.580473658772	0.521507974867	0.473658772354	0.488158530691	0.861285645239	0.585790236829	0.440309328178	0.456259062349	0.524891251812	0.575640405993	0.477042049299	0.387143547608	0.42822619623	0.48380860319	0.712421459642	0.647172547124	0.449975833736	0.552924117931	0.46979217013	0.593523441276	0.549540840986	0.710004833253	0.698405026583	0.545674238763	0.53697438376	0.509908168197	0.647172547124	0.601256645723	0.651039149348	0.618173030449	0.574673755437	0.615273078782	0.501691638473	0.500724987917	0.520541324311	0.514741420976	0.540357660706	0.61575640406	0.553890768487	0.618173030449	0.473175447076	0.590623489609
AB7	0.862252295795	0.88883518608	0.73368777187	0.717738037699	0.872885451909	0.920734654422	0.934267762204	0.928467858869	0.917351377477	0.944900918318	0.954567423876	0.882068632189	0.929434509425	0.710488158531	0.931367810536	0.882551957467	0.924601256646	0.922184630256	0.0	0.403576607057	0.802803286612	0.828902851619	0.936684388594	0.922184630256	0.735137747704	0.811503141614	0.898018366361	0.873368777187	0.733204446593	0.691638472692	0.885451909135	0.898018366361	0.919284678589	0.938617689705	0.947317544708	0.93281778637	0.947800869986	0.919768003867	0.946350894152	0.926051232479	0.934267762204	0.876268728855	0.871435476075	0.910101498308	0.958917351377	0.947317544708	0.928951184147	0.927501208313	0.925084581924	0.924601256646	0.937651039149	0.923151280812	0.926051232479	0.919768003867	0.92363460609	0.915901401643	0.922184630256	0.915418076365	0.920734654422	0.925567907202	0.942967617206	0.929917834703
AB8	0.72692121798	0.739004349928	0.746737554374	0.573707104882	0.768003866602	0.761720637989	0.78008699855	0.769937167714	0.759787336878	0.784920251329	0.798453359111	0.731271145481	0.77767037216	0.675688738521	0.773320444659	0.743837602707	0.780570323828	0.778637022716	0.403576607057	0.0	0.651522474625	0.671822136298	0.77090381827	0.756404059932	0.740454325761	0.661188980184	0.736587723538	0.710971483809	0.546640889319	0.531657805703	0.746737554374	0.747220879652	0.769453842436	0.780570323828	0.836152730788	0.778153697438	0.787820202997	0.759787336878	0.786370227163	0.778637022716	0.779603673272	0.729821169647	0.723537941034	0.751087481875	0.805703238279	0.793136781054	0.838086031899	0.782986950217	0.807636539391	0.792170130498	0.79168680522	0.806186563557	0.783953600773	0.77767037216	0.781536974384	0.769453842436	0.769453842436	0.788303528275	0.773320444659	0.775253745771	0.787820202997	0.784920251329
AC7	0.629289511841	0.650072498792	0.886418559691	0.657805703238	0.735621072982	0.592073465442	0.714838086032	0.574190430159	0.549540840986	0.663605606573	0.595940067666	0.679072015466	0.666505558241	0.815853069116	0.700821652972	0.63653939101	0.581440309328	0.580473658772	0.802803286612	0.651522474625	0.0	0.343644272595	0.570807153214	0.561140647656	0.819236346061	0.578540357661	0.53939101015	0.512808119865	0.473658772354	0.49540840986	0.572257129048	0.549057515708	0.553890768487	0.607056549058	0.81246979217	0.753504108265	0.620589656839	0.651522474625	0.609473175447	0.715804736588	0.681005316578	0.707104881585	0.699855002417	0.632672788787	0.639439342678	0.614789753504	0.822619623006	0.76848719188	0.797486708555	0.783470275495	0.740454325761	0.792653455776	0.68293861769	0.668438859352	0.678105364911	0.689221846303	0.675205413243	0.789753504108	0.681971967134	0.772353794103	0.619139681005	0.760270662156
AC8	0.588206863219	0.591590140164	0.901401643306	0.619139681005	0.693088448526	0.535041082649	0.685355244079	0.519091348478	0.498791686805	0.61333977767	0.551957467376	0.626872885452	0.611889801837	0.82648622523	0.652005799903	0.579023682939	0.529241179314	0.521507974867	0.828902851619	0.671822136298	0.343644272595	0.0	0.511358144031	0.498308361527	0.834702754954	0.535524407927	0.423392943451	0.391010149831	0.448525857902	0.46302561624	0.526824552924	0.48380860319	0.495891735138	0.543740937651	0.751570807153	0.6805219913	0.555340744321	0.584340260996	0.545674238763	0.641372643789	0.608506524891	0.660222329628	0.652972450459	0.574673755437	0.580473658772	0.552924117931	0.749154180764	0.691638472692	0.73852102465	0.717254712421	0.673272112131	0.719188013533	0.616723054616	0.594006766554	0.608506524891	0.61333977767	0.605123247946	0.712421459642	0.603673272112	0.708071532141	0.552440792653	0.685355244079
AD7	0.614306428226	0.58337361044	0.962300628323	0.658289028516	0.723537941034	0.521024649589	0.696471725471	0.505074915418	0.475108748188	0.605606573224	0.43740937651	0.64572257129	0.590623489609	0.881101981634	0.627839536008	0.576123731271	0.487675205413	0.473658772354	0.936684388594	0.77090381827	0.570807153214	0.511358144031	0.0	0.285161913968	0.904301594973	0.531657805703	0.409376510391	0.454325761237	0.503141614306	0.562107298212	0.510874818753	0.490091831803	0.477042049299	0.539874335428	0.74770420493	0.673272112131	0.500241662639	0.573223779604	0.533107781537	0.636056065732	0.607056549058	0.709038182697	0.696471725471	0.584340260996	0.559207346544	0.544707588207	0.741420976317	0.676172063799	0.727404543258	0.708554857419	0.657805703238	0.707104881585	0.609473175447	0.591590140164	0.596906718221	0.611889801837	0.588206863219	0.701788303528	0.594006766554	0.691638472692	0.547607539874	0.67133881102
AD8	0.593523441276	0.585790236829	0.947800869986	0.64813919768	0.718221362977	0.522474625423	0.687771870469	0.495891735138	0.46979217013	0.596423392943	0.459159014016	0.644272595457	0.607056549058	0.869502174964	0.6389560174	0.574190430159	0.501691638473	0.488158530691	0.922184630256	0.756404059932	0.561140647656	0.498308361527	0.285161913968	0.0	0.860802319961	0.49299178347	0.412276462059	0.457709038183	0.494441759304	0.544224262929	0.501691638473	0.487675205413	0.498791686805	0.552440792653	0.757370710488	0.682455292412	0.510391493475	0.580473658772	0.541807636539	0.640889318511	0.610923151281	0.700338327695	0.693571773804	0.587240212663	0.569840502658	0.557274045433	0.757854035766	0.695021749638	0.740454325761	0.714354760754	0.673755437409	0.718221362977	0.614306428226	0.605123247946	0.610439826003	0.622039632673	0.60657322378	0.716771387144	0.608989850169	0.699371677139	0.56259062349	0.683421942968
AE7	0.829869502175	0.873852102465	0.852102464959	0.78927017883	0.830836152731	0.887868535524	0.91203479942	0.901401643306	0.884485258579	0.916868052199	0.920251329145	0.850652489125	0.888351860802	0.822136297728	0.904784920251	0.850169163847	0.882068632189	0.861285645239	0.735137747704	0.740454325761	0.819236346061	0.834702754954	0.904301594973	0.860802319961	0.0	0.543740937651	0.878685355244	0.855969067182	0.767037216046	0.764137264379	0.838086031899	0.850169163847	0.893668438859	0.908651522475	0.93523441276	0.922667955534	0.916868052199	0.904784920251	0.915418076365	0.880618656356	0.899951667472	0.882068632189	0.874335427743	0.878202029966	0.940550990817	0.922184630256	0.890285161914	0.90285161914	0.910101498308	0.892218463026	0.907684871919	0.898018366361	0.894151764137	0.893668438859	0.905751570807	0.88883518608	0.903334944418	0.88883518608	0.902368293862	0.900918318028	0.908168197197	0.900918318028
AE8	0.590623489609	0.614306428226	0.892701788304	0.616239729338	0.677622039633	0.578057032383	0.681005316578	0.599806669889	0.579507008217	0.629289511841	0.616723054616	0.614789753504	0.630256162397	0.813436442726	0.681005316578	0.600773320445	0.598356694055	0.585790236829	0.811503141614	0.661188980184	0.578540357661	0.535524407927	0.531657805703	0.49299178347	0.543740937651	0.0	0.568390526825	0.552440792653	0.513291445143	0.505074915418	0.577573707105	0.558240695988	0.597873368777	0.612373127115	0.765587240213	0.700821652972	0.618656355727	0.601739971	0.617206379894	0.634606089899	0.637506041566	0.671822136298	0.665538907685	0.59497341711	0.63653939101	0.622522957951	0.74770420493	0.691638472692	0.739487675205	0.708071532141	0.68970517158	0.727887868536	0.653939101015	0.629772837119	0.643305944901	0.647655872402	0.641855969067	0.71290478492	0.651039149348	0.69453842436	0.603673272112	0.685355244079
AF7	0.584340260996	0.561140647656	0.941517641373	0.646205896568	0.661188980184	0.478492025133	0.69212179797	0.463508941518	0.432576123731	0.599323344611	0.43740937651	0.588690188497	0.55775737071	0.864668922185	0.633639439343	0.547607539874	0.449975833736	0.440309328178	0.898018366361	0.736587723538	0.53939101015	0.423392943451	0.409376510391	0.412276462059	0.878685355244	0.568390526825	0.0	0.317544707588	0.478492025133	0.522474625423	0.488158530691	0.491058482359	0.427742870952	0.498308361527	0.704204929918	0.630256162397	0.455775737071	0.535041082649	0.493958434026	0.602223296278	0.553407443209	0.690188496858	0.678105364911	0.535524407927	0.53020782987	0.50700821653	0.680038666022	0.630739487675	0.679072015466	0.662638956017	0.610923151281	0.653455775737	0.558724021266	0.533107781537	0.544224262929	0.5601739971	0.568390526825	0.642822619623	0.568390526825	0.65055582407	0.48380860319	0.617689705172
AF8	0.581440309328	0.551957467376	0.933784436926	0.632189463509	0.6805219913	0.501208313195	0.688255195747	0.488641855969	0.450459159014	0.595940067666	0.492508458192	0.613823102948	0.57177380377	0.855485741904	0.625422909618	0.53939101015	0.459159014016	0.456259062349	0.873368777187	0.710971483809	0.512808119865	0.391010149831	0.454325761237	0.457709038183	0.855969067182	0.552440792653	0.317544707588	0.0	0.465925567907	0.497341710971	0.504108264862	0.467375543741	0.443692605123	0.514741420976	0.725954567424	0.654422426293	0.487191880135	0.548090865152	0.512324794587	0.594006766554	0.574190430159	0.670372160464	0.655872402127	0.538907684872	0.554857419043	0.531174480425	0.693088448526	0.647172547124	0.695021749638	0.677622039633	0.623006283229	0.663605606573	0.571290478492	0.552924117931	0.560657322378	0.574190430159	0.551957467376	0.655389076849	0.557274045433	0.662155630739	0.505074915418	0.637506041566
AG7	0.602706621556	0.595456742388	0.845819236346	0.555340744321	0.670855485742	0.53939101015	0.681971967134	0.508458192363	0.492508458192	0.589173513775	0.538907684872	0.612856452392	0.607539874335	0.768003866602	0.650072498792	0.582406959884	0.537457709038	0.524891251812	0.733204446593	0.546640889319	0.473658772354	0.448525857902	0.503141614306	0.494441759304	0.767037216046	0.513291445143	0.478492025133	0.465925567907	0.0	0.314161430643	0.549540840986	0.509424842919	0.503624939584	0.567423876269	0.749154180764	0.679072015466	0.533591106815	0.570807153214	0.556307394877	0.628806186564	0.60415659739	0.651039149348	0.637022716288	0.560657322378	0.601256645723	0.578540357661	0.74528757854	0.681005316578	0.726437892702	0.70130497825	0.657805703238	0.713871435476	0.620589656839	0.608023199613	0.618173030449	0.623972933784	0.626389560174	0.705171580474	0.634122764621	0.690188496858	0.579990333494	0.670855485742
AG8	0.587240212663	0.608506524891	0.83325277912	0.568390526825	0.681488641856	0.557274045433	0.679072015466	0.564040599323	0.548090865152	0.608023199613	0.592073465442	0.619139681005	0.624456259062	0.745770903818	0.666505558241	0.591106814886	0.585790236829	0.575640405993	0.691638472692	0.531657805703	0.49540840986	0.46302561624	0.562107298212	0.544224262929	0.764137264379	0.505074915418	0.522474625423	0.497341710971	0.314161430643	0.0	0.564523924601	0.540840985984	0.554374093765	0.584340260996	0.765587240213	0.69212179797	0.578540357661	0.576123731271	0.584340260996	0.640889318511	0.619623006283	0.647172547124	0.65055582407	0.576123731271	0.611406476559	0.591106814886	0.756404059932	0.694055099082	0.73610439826	0.713871435476	0.675205413243	0.724021266312	0.638472692122	0.625906234896	0.631222812953	0.638472692122	0.638472692122	0.719188013533	0.643305944901	0.697921701305	0.589173513775	0.681488641856
AH7	0.595456742388	0.621556307395	0.951184146931	0.684388593523	0.710971483809	0.569840502658	0.713388110198	0.554857419043	0.531174480425	0.649589173514	0.526341227646	0.654905751571	0.636056065732	0.884001933301	0.690671822136	0.598356694055	0.52537457709	0.477042049299	0.885451909135	0.746737554374	0.572257129048	0.526824552924	0.510874818753	0.501691638473	0.838086031899	0.577573707105	0.488158530691	0.504108264862	0.549540840986	0.564523924601	0.0	0.342194296762	0.560657322378	0.614306428226	0.788303528275	0.727404543258	0.556790720155	0.643789270179	0.593523441276	0.662155630739	0.648622522958	0.753504108265	0.749154180764	0.633639439343	0.637989366844	0.621072982117	0.763170613823	0.72450459159	0.754954084099	0.722571290478	0.69212179797	0.737554374094	0.632189463509	0.623489608507	0.623972933784	0.634122764621	0.635089415176	0.730304494925	0.628806186564	0.721121314645	0.602223296278	0.713388110198
AH8	0.579990333494	0.572740454326	0.954084098598	0.642822619623	0.672788786854	0.5186080232	0.68293861769	0.504108264862	0.490575157081	0.605123247946	0.520541324311	0.608989850169	0.573707104882	0.873852102465	0.63653939101	0.55099081682	0.42822619623	0.387143547608	0.898018366361	0.747220879652	0.549057515708	0.48380860319	0.490091831803	0.487675205413	0.850169163847	0.558240695988	0.491058482359	0.467375543741	0.509424842919	0.540840985984	0.342194296762	0.0	0.498308361527	0.54857419043	0.760270662156	0.690671822136	0.532141130981	0.59497341711	0.536007733204	0.612856452392	0.600289995167	0.713388110198	0.708554857419	0.586273562107	0.58095698405	0.558240695988	0.718221362977	0.667955534074	0.709521507975	0.671822136298	0.641372643789	0.687288545191	0.579507008217	0.563073948768	0.579507008217	0.579023682939	0.576123731271	0.676172063799	0.580473658772	0.665538907685	0.538424359594	0.657805703238
AA5	0.597390043499	0.500724987917	0.9584340261	0.644755920735	0.60657322378	0.461575640406	0.622522957951	0.397776703722	0.399226679555	0.526341227646	0.438859352344	0.537941034316	0.521507974867	0.874818753021	0.546640889319	0.522474625423	0.4398260029	0.42822619623	0.919284678589	0.769453842436	0.553890768487	0.495891735138	0.477042049299	0.498791686805	0.893668438859	0.597873368777	0.427742870952	0.443692605123	0.503624939584	0.554374093765	0.560657322378	0.498308361527	0.0	0.355244079265	0.68293861769	0.590140164331	0.466892218463	0.462542290962	0.458192363461	0.537457709038	0.482841952634	0.618173030449	0.605606573224	0.455775737071	0.519091348478	0.476558724021	0.694055099082	0.637506041566	0.660222329628	0.646205896568	0.630256162397	0.681005316578	0.528757854036	0.543257612373	0.5601739971	0.546640889319	0.542290961817	0.664572257129	0.5601739971	0.640405993233	0.494441759304	0.620589656839
AA6	0.611406476559	0.5186080232	0.960850652489	0.650072498792	0.64572257129	0.492508458192	0.647172547124	0.476558724021	0.463508941518	0.551474142098	0.511841469309	0.576123731271	0.526824552924	0.875785403577	0.575640405993	0.536491058482	0.483325277912	0.48380860319	0.938617689705	0.780570323828	0.607056549058	0.543740937651	0.539874335428	0.552440792653	0.908651522475	0.612373127115	0.498308361527	0.514741420976	0.567423876269	0.584340260996	0.614306428226	0.54857419043	0.355244079265	0.0	0.685355244079	0.59255679072	0.523441275979	0.496375060416	0.488641855969	0.574673755437	0.512808119865	0.660222329628	0.641855969067	0.509424842919	0.467858869019	0.424842919285	0.695505074915	0.643789270179	0.670372160464	0.655389076849	0.632189463509	0.6805219913	0.544224262929	0.552924117931	0.573707104882	0.554374093765	0.554374093765	0.670855485742	0.56259062349	0.649589173514	0.515224746254	0.628806186564
AB5	0.764137264379	0.672788786854	0.972933784437	0.735137747704	0.635089415176	0.642339294345	0.733204446593	0.652972450459	0.66892218463	0.701788303528	0.679072015466	0.616239729338	0.678105364911	0.901401643306	0.710971483809	0.69212179797	0.710971483809	0.712421459642	0.947317544708	0.836152730788	0.81246979217	0.751570807153	0.74770420493	0.757370710488	0.93523441276	0.765587240213	0.704204929918	0.725954567424	0.749154180764	0.765587240213	0.788303528275	0.760270662156	0.68293861769	0.685355244079	0.0	0.310778153697	0.625422909618	0.65732237796	0.621072982117	0.631706138231	0.616723054616	0.741420976317	0.734171097148	0.65055582407	0.620589656839	0.614306428226	0.618656355727	0.607539874335	0.617689705172	0.599806669889	0.626389560174	0.61575640406	0.597873368777	0.602223296278	0.61575640406	0.635089415176	0.676172063799	0.607539874335	0.664088931851	0.605606573224	0.678105364911	0.614789753504
AB6	0.69212179797	0.592073465442	0.964233929435	0.672305461576	0.59497341711	0.565007249879	0.658289028516	0.578057032383	0.590623489609	0.623972933784	0.617689705172	0.534557757371	0.619623006283	0.891735137748	0.6389560174	0.609473175447	0.651039149348	0.647172547124	0.93281778637	0.778153697438	0.753504108265	0.6805219913	0.673272112131	0.682455292412	0.922667955534	0.700821652972	0.630256162397	0.654422426293	0.679072015466	0.69212179797	0.727404543258	0.690671822136	0.590140164331	0.59255679072	0.310778153697	0.0	0.568390526825	0.570323827936	0.561623972934	0.565007249879	0.543740937651	0.669405509908	0.657805703238	0.551957467376	0.550024166264	0.536491058482	0.599806669889	0.540357660706	0.581923634606	0.545674238763	0.561140647656	0.575157080715	0.526824552924	0.543257612373	0.561140647656	0.574673755437	0.601256645723	0.55775737071	0.594490091832	0.544707588207	0.619139681005	0.541807636539
AC5	0.608506524891	0.572740454326	0.972450459159	0.651522474625	0.626389560174	0.452875785404	0.665055582407	0.435959400677	0.424359594007	0.576607056549	0.41662638956	0.542290961817	0.541807636539	0.891735137748	0.619623006283	0.564040599323	0.464958917351	0.449975833736	0.947800869986	0.787820202997	0.620589656839	0.555340744321	0.500241662639	0.510391493475	0.916868052199	0.618656355727	0.455775737071	0.487191880135	0.533591106815	0.578540357661	0.556790720155	0.532141130981	0.466892218463	0.523441275979	0.625422909618	0.568390526825	0.0	0.441275978734	0.434026099565	0.568390526825	0.526341227646	0.700338327695	0.672788786854	0.531174480425	0.485741904302	0.468342194297	0.606089898502	0.568390526825	0.611889801837	0.579023682939	0.550507491542	0.595456742388	0.504108264862	0.483325277912	0.494925084582	0.520057999033	0.576607056549	0.59255679072	0.578057032383	0.569840502658	0.504108264862	0.551957467376
AC6	0.629289511841	0.521991300145	0.953117448043	0.642339294345	0.588206863219	0.506524891252	0.520541324311	0.473658772354	0.507491541808	0.469308844853	0.541324311261	0.528757854036	0.548090865152	0.861768970517	0.530691155147	0.549540840986	0.554857419043	0.552924117931	0.919768003867	0.759787336878	0.651522474625	0.584340260996	0.573223779604	0.580473658772	0.904784920251	0.601739971	0.535041082649	0.548090865152	0.570807153214	0.576123731271	0.643789270179	0.59497341711	0.462542290962	0.496375060416	0.65732237796	0.570323827936	0.441275978734	0.0	0.51619139681	0.50700821653	0.493475108748	0.479458675689	0.447075882069	0.412276462059	0.5601739971	0.536007733204	0.68293861769	0.628806186564	0.646689221846	0.625906234896	0.623972933784	0.661188980184	0.573707104882	0.561623972934	0.576123731271	0.571290478492	0.561140647656	0.653939101015	0.568873852102	0.620106331561	0.543740937651	0.614306428226
AD6	0.602223296278	0.532141130981	0.971967133881	0.622039632673	0.584340260996	0.411309811503	0.628806186564	0.42822619623	0.440792653456	0.537941034316	0.436926051232	0.493475108748	0.517158047366	0.886901884969	0.581440309328	0.53939101015	0.480425326245	0.46979217013	0.946350894152	0.786370227163	0.609473175447	0.545674238763	0.533107781537	0.541807636539	0.915418076365	0.617206379894	0.493958434026	0.512324794587	0.556307394877	0.584340260996	0.593523441276	0.536007733204	0.458192363461	0.488641855969	0.621072982117	0.561623972934	0.434026099565	0.51619139681	0.0	0.538424359594	0.427742870952	0.691155147414	0.677138714355	0.519091348478	0.478975350411	0.459642339294	0.602706621556	0.544224262929	0.589173513775	0.553407443209	0.538907684872	0.582890285162	0.465442242629	0.464958917351	0.475108748188	0.487675205413	0.545674238763	0.574190430159	0.55099081682	0.565007249879	0.461092315128	0.534074432093
AE5	0.621072982117	0.517158047366	0.972450459159	0.633156114065	0.565007249879	0.547124214596	0.565007249879	0.530691155147	0.58095698405	0.528274528758	0.602706621556	0.511841469309	0.567907201547	0.884001933301	0.53697438376	0.542290961817	0.60415659739	0.593523441276	0.926051232479	0.778637022716	0.715804736588	0.641372643789	0.636056065732	0.640889318511	0.880618656356	0.634606089899	0.602223296278	0.594006766554	0.628806186564	0.640889318511	0.662155630739	0.612856452392	0.537457709038	0.574673755437	0.631706138231	0.565007249879	0.568390526825	0.50700821653	0.538424359594	0.0	0.35186080232	0.603189946834	0.586756887385	0.496375060416	0.61575640406	0.608506524891	0.653455775737	0.610439826003	0.629772837119	0.598356694055	0.611889801837	0.64572257129	0.531174480425	0.555824069599	0.582890285162	0.541324311261	0.545674238763	0.627839536008	0.543257612373	0.604639922668	0.567423876269	0.597390043499
AE6	0.618656355727	0.499758337361	0.972933784437	0.621556307395	0.559690671822	0.488641855969	0.557274045433	0.477042049299	0.521991300145	0.50700821653	0.538424359594	0.501691638473	0.516674722088	0.880135331078	0.53939101015	0.528274528758	0.5601739971	0.549540840986	0.934267762204	0.779603673272	0.681005316578	0.608506524891	0.607056549058	0.610923151281	0.899951667472	0.637506041566	0.553407443209	0.574190430159	0.60415659739	0.619623006283	0.648622522958	0.600289995167	0.482841952634	0.512808119865	0.616723054616	0.543740937651	0.526341227646	0.493475108748	0.427742870952	0.35186080232	0.0	0.635572740454	0.607056549058	0.476075398743	0.55775737071	0.538907684872	0.640405993233	0.587240212663	0.614789753504	0.584823586274	0.584823586274	0.633639439343	0.501691638473	0.494441759304	0.522474625423	0.505558240696	0.545190913485	0.614306428226	0.536007733204	0.587240212663	0.5186080232	0.578540357661
AF5	0.704688255196	0.620589656839	0.931367810536	0.663605606573	0.667472208797	0.676655389077	0.561140647656	0.638472692122	0.667955534074	0.586273562107	0.710488158531	0.626389560174	0.667472208797	0.84485258579	0.596906718221	0.652005799903	0.717254712421	0.710004833253	0.876268728855	0.729821169647	0.707104881585	0.660222329628	0.709038182697	0.700338327695	0.882068632189	0.671822136298	0.690188496858	0.670372160464	0.651039149348	0.647172547124	0.753504108265	0.713388110198	0.618173030449	0.660222329628	0.741420976317	0.669405509908	0.700338327695	0.479458675689	0.691155147414	0.603189946834	0.635572740454	0.0	0.288545190913	0.545190913485	0.713388110198	0.70372160464	0.768970517158	0.718704688255	0.739487675205	0.719671338811	0.735621072982	0.763170613823	0.683905268246	0.708071532141	0.717254712421	0.700338327695	0.66892218463	0.746737554374	0.67133881102	0.712421459642	0.696955050749	0.71532141131
AF6	0.713388110198	0.608023199613	0.929434509425	0.660222329628	0.653455775737	0.664088931851	0.552440792653	0.623489608507	0.659255679072	0.568873852102	0.699371677139	0.614789753504	0.653455775737	0.841952634123	0.570807153214	0.648622522958	0.702754954084	0.698405026583	0.871435476075	0.723537941034	0.699855002417	0.652972450459	0.696471725471	0.693571773804	0.874335427743	0.665538907685	0.678105364911	0.655872402127	0.637022716288	0.65055582407	0.749154180764	0.708554857419	0.605606573224	0.641855969067	0.734171097148	0.657805703238	0.672788786854	0.447075882069	0.677138714355	0.586756887385	0.607056549058	0.288545190913	0.0	0.526341227646	0.704204929918	0.687771870469	0.755920734654	0.701788303528	0.717254712421	0.702754954084	0.708071532141	0.738037699372	0.66892218463	0.68970517158	0.698888351861	0.676172063799	0.64813919768	0.72692121798	0.650072498792	0.693571773804	0.69453842436	0.693088448526
