	AA3	AA4	AB3	AB4	AC3	AC4	AD3	AD4	AE3	AE4	AF3	AF4	AG3	AG4	AH3	AH4	AA7	AA8	AB7	AB8	AC7	AC8	AD7	AD8	AE7	AE8	AF7	AF8	AG7	AG8	AH7	AH8	AA5	AA6	AB5	AB6	AC5	AC6	AD6	AE5	AE6	AF5	AF6	AG5	AH5	AH6	AA1	AA2	AB1	AB2	AC1	AC2	AD1	AD2	AE1	AE2	AF1	AF2	AG1	AG2	AH1	AH2
AA3	0.0	0.470758820686	0.93523441276	0.620589656839	0.654905751571	0.564040599323	0.674722087965	0.575157080715	0.569840502658	0.595940067666	0.612856452392	0.599806669889	0.58095698405	0.855485741904	0.639439342678	0.324794586757	0.565973900435	0.568873852102	0.868535524408	0.722087965201	0.612856452392	0.562107298212	0.583856935718	0.587723537941	0.825519574674	0.577573707105	0.55099081682	0.562107298212	0.582406959884	0.583856935718	0.578057032383	0.551474142098	0.578540357661	0.582890285162	0.742870952151	0.681488641856	0.588690188497	0.612856452392	0.595940067666	0.616723054616	0.602223296278	0.697438376027	0.696955050749	0.60657322378	0.61575640406	0.610923151281	0.688255195747	0.647172547124	0.723537941034	0.666022232963	0.652972450459	0.663605606573	0.572740454326	0.564523924601	0.556307394877	0.558240695988	0.576607056549	0.65732237796	0.587240212663	0.663122281295	0.567907201547	0.652489125181
AA4	0.470758820686	0.0	0.952634122765	0.59255679072	0.592073465442	0.480908651522	0.608023199613	0.478975350411	0.495891735138	0.517158047366	0.546157564041	0.520057999033	0.488641855969	0.866118898018	0.394393426776	0.360077332044	0.523441275979	0.523441275979	0.897051715805	0.735621072982	0.638472692122	0.564523924601	0.549057515708	0.560657322378	0.874818753021	0.603189946834	0.523924601257	0.53939101015	0.58337361044	0.60415659739	0.614306428226	0.567907201547	0.49299178347	0.50700821653	0.671822136298	0.597873368777	0.54857419043	0.52779120348	0.52537457709	0.524891251812	0.47462542291	0.644755920735	0.630256162397	0.519091348478	0.567907201547	0.555340744321	0.666505558241	0.595456742388	0.649105848236	0.606089898502	0.612373127115	0.646205896568	0.52779120348	0.526824552924	0.514741420976	0.523924601257	0.499758337361	0.630739487675	0.515224746254	0.60415659739	0.519574673755	0.594490091832
AB3	0.93523441276	0.952634122765	0.0	0.673272112131	0.919284678589	0.951667472209	0.957467375544	0.952634122765	0.937167713871	0.948767520541	0.97680038666	0.939584340261	0.968583856936	0.365393910101	0.963267278879	0.94683421943	0.973417109715	0.970517158047	0.736587723538	0.755920734654	0.894151764137	0.909134847753	0.962300628323	0.951667472209	0.845819236346	0.890768487192	0.941517641373	0.939584340261	0.843402609957	0.839052682455	0.952634122765	0.955050749154	0.959884001933	0.965683905268	0.976317061382	0.969067182214	0.974867085549	0.962300628323	0.974383760271	0.975350410826	0.974383760271	0.93523441276	0.941034316095	0.949250845819	0.97921701305	0.973900434993	0.975350410826	0.974383760271	0.970517158047	0.975833736104	0.973417109715	0.973417109715	0.975350410826	0.974383760271	0.977767037216	0.973900434993	0.976317061382	0.971483808603	0.974383760271	0.976317061382	0.975350410826	0.974383760271
AB4	0.620589656839	0.59255679072	0.673272112131	0.0	0.648622522958	0.598840019333	0.688738521025	0.620106331561	0.610439826003	0.626872885452	0.64813919768	0.616239729338	0.491541807637	0.5601739971	0.60657322378	0.589656839053	0.641855969067	0.637506041566	0.717738037699	0.579990333494	0.655872402127	0.623489608507	0.65732237796	0.646205896568	0.787820202997	0.628806186564	0.642339294345	0.640405993233	0.557274045433	0.574190430159	0.684388593523	0.64813919768	0.630739487675	0.656839052682	0.74528757854	0.685355244079	0.657805703238	0.651039149348	0.639439342678	0.644755920735	0.629289511841	0.65973900435	0.664088931851	0.641372643789	0.685838569357	0.681005316578	0.71290478492	0.669405509908	0.717738037699	0.675205413243	0.675205413243	0.695505074915	0.644272595457	0.638472692122	0.65732237796	0.64572257129	0.643305944901	0.686321894635	0.635089415176	0.677622039633	0.652005799903	0.673272112131
AC3	0.654905751571	0.592073465442	0.919284678589	0.648622522958	0.0	0.485741904302	0.654422426293	0.567907201547	0.577573707105	0.60657322378	0.632672788787	0.321894635089	0.620589656839	0.837602706622	0.602706621556	0.623972933784	0.628806186564	0.622522957951	0.871435476075	0.764620589657	0.739487675205	0.686321894635	0.724987916868	0.711938134364	0.833736104398	0.690671822136	0.673755437409	0.694055099082	0.684388593523	0.698405026583	0.717254712421	0.672788786854	0.607539874335	0.638472692122	0.633639439343	0.591106814886	0.623972933784	0.591106814886	0.589173513775	0.566940550991	0.576123731271	0.664088931851	0.656839052682	0.572257129048	0.649105848236	0.647172547124	0.581440309328	0.585790236829	0.574190430159	0.565007249879	0.597390043499	0.578540357661	0.542774287095	0.569840502658	0.581440309328	0.568873852102	0.617206379894	0.578057032383	0.618656355727	0.574190430159	0.63653939101	0.58337361044
AC4	0.564040599323	0.480908651522	0.951667472209	0.598840019333	0.485741904302	0.0	0.623006283229	0.407926534558	0.391010149831	0.524891251812	0.346060898985	0.394876752054	0.509424842919	0.864185596907	0.557274045433	0.517158047366	0.471242145964	0.463992266796	0.917351377477	0.751087481875	0.579990333494	0.51619139681	0.513291445143	0.500724987917	0.885451909135	0.575157080715	0.488641855969	0.509424842919	0.530691155147	0.564523924601	0.563073948768	0.505074915418	0.448042532624	0.473658772354	0.631706138231	0.565973900435	0.451909134848	0.520057999033	0.407926534558	0.544224262929	0.489125181247	0.684871918801	0.67133881102	0.511358144031	0.504108264862	0.467375543741	0.623972933784	0.562107298212	0.615273078782	0.562107298212	0.568390526825	0.605123247946	0.478008699855	0.496858385694	0.480908651522	0.48622522958	0.533107781537	0.594006766554	0.532624456259	0.566940550991	0.467375543741	0.559690671822
AD3	0.674722087965	0.608023199613	0.957467375544	0.688738521025	0.654422426293	0.623006283229	0.0	0.531174480425	0.640405993233	0.352344127598	0.678588690188	0.615273078782	0.649105848236	0.87723537941	0.567423876269	0.644272595457	0.690671822136	0.693571773804	0.942967617206	0.78250362494	0.717738037699	0.697921701305	0.70372160464	0.695021749638	0.923151280812	0.69453842436	0.699371677139	0.697921701305	0.695021749638	0.695988400193	0.724021266312	0.695505074915	0.634606089899	0.656839052682	0.749154180764	0.674238762687	0.669888835186	0.545674238763	0.634122764621	0.591106814886	0.587240212663	0.567907201547	0.56259062349	0.563557274045	0.703238279362	0.688738521025	0.771387143548	0.704204929918	0.750604156597	0.711938134364	0.713871435476	0.746254229096	0.660705654906	0.667955534074	0.672788786854	0.665538907685	0.650072498792	0.735621072982	0.651039149348	0.726437892702	0.69453842436	0.713871435476
AD4	0.575157080715	0.478975350411	0.952634122765	0.620106331561	0.567907201547	0.407926534558	0.531174480425	0.0	0.32866118898	0.406476558724	0.421942967617	0.496858385694	0.52779120348	0.869502174964	0.538907684872	0.532141130981	0.440792653456	0.449975833736	0.936201063316	0.775737071049	0.579990333494	0.502174963751	0.480425326245	0.484291928468	0.91203479942	0.601739971	0.446592556791	0.463992266796	0.499275012083	0.575640405993	0.541324311261	0.491541807637	0.378927017883	0.443209279845	0.654905751571	0.58095698405	0.434992750121	0.475108748188	0.434509424843	0.541807636539	0.470275495408	0.640889318511	0.625422909618	0.475592073465	0.5186080232	0.476558724021	0.666988883519	0.607539874335	0.64813919768	0.618173030449	0.619139681005	0.643789270179	0.521507974867	0.536491058482	0.519091348478	0.528757854036	0.533591106815	0.637506041566	0.544224262929	0.62735621073	0.500724987917	0.606089898502
AE3	0.569840502658	0.495891735138	0.937167713871	0.610439826003	0.577573707105	0.391010149831	0.640405993233	0.32866118898	0.0	0.514741420976	0.421942967617	0.506041565974	0.519574673755	0.859352344128	0.559690671822	0.538424359594	0.443692605123	0.449975833736	0.924601256646	0.761237312711	0.558724021266	0.482358627356	0.482358627356	0.488641855969	0.892701788304	0.584340260996	0.450942484292	0.472692121798	0.492025132914	0.547607539874	0.550024166264	0.491541807637	0.400676655389	0.45142580957	0.663605606573	0.598840019333	0.444659255679	0.519574673755	0.434509424843	0.59497341711	0.517158047366	0.683905268246	0.677138714355	0.511358144031	0.50700821653	0.46060898985	0.661672305462	0.605606573224	0.653455775737	0.61333977767	0.615273078782	0.64813919768	0.519574673755	0.535524407927	0.523441275979	0.53020782987	0.544224262929	0.631222812953	0.559690671822	0.621072982117	0.493475108748	0.60415659739
AE4	0.595940067666	0.517158047366	0.948767520541	0.626872885452	0.60657322378	0.524891251812	0.352344127598	0.406476558724	0.514741420976	0.0	0.577573707105	0.550507491542	0.573223779604	0.868535524408	0.521507974867	0.553890768487	0.587723537941	0.590623489609	0.936684388594	0.769937167714	0.648622522958	0.585790236829	0.588206863219	0.583856935718	0.905751570807	0.614306428226	0.584340260996	0.585790236829	0.581440309328	0.601256645723	0.638472692122	0.593040115998	0.533107781537	0.559207346544	0.696471725471	0.624456259062	0.572740454326	0.47220879652	0.527307878202	0.524891251812	0.515708071532	0.576607056549	0.56935717738	0.497825036249	0.613823102948	0.599323344611	0.712421459642	0.652972450459	0.698888351861	0.664572257129	0.674722087965	0.687771870469	0.591590140164	0.593040115998	0.586273562107	0.593523441276	0.582406959884	0.686321894635	0.589656839053	0.672788786854	0.588206863219	0.658772353794
AF3	0.612856452392	0.546157564041	0.97680038666	0.64813919768	0.632672788787	0.346060898985	0.678588690188	0.421942967617	0.421942967617	0.577573707105	0.0	0.533591106815	0.555340744321	0.889318511358	0.609956500725	0.578540357661	0.44900918318	0.44224262929	0.955534074432	0.794586756887	0.602223296278	0.535041082649	0.43740937651	0.420976317061	0.927501208313	0.622039632673	0.45142580957	0.511358144031	0.527307878202	0.598356694055	0.535041082649	0.510391493475	0.432576123731	0.499758337361	0.675688738521	0.621556307395	0.420492991783	0.554374093765	0.448525857902	0.613823102948	0.551957467376	0.718221362977	0.707588206863	0.545190913485	0.533107781537	0.494441759304	0.674238762687	0.612373127115	0.673755437409	0.620589656839	0.614306428226	0.651522474625	0.53939101015	0.543257612373	0.531657805703	0.531657805703	0.574190430159	0.644272595457	0.587723537941	0.614789753504	0.509424842919	0.60657322378
AF4	0.599806669889	0.520057999033	0.939584340261	0.616239729338	0.321894635089	0.394876752054	0.615273078782	0.496858385694	0.506041565974	0.550507491542	0.533591106815	0.0	0.544707588207	0.853552440793	0.552440792653	0.553890768487	0.55775737071	0.554857419043	0.893185113581	0.73852102465	0.688738521025	0.627839536008	0.646205896568	0.638472692122	0.853069115515	0.627839536008	0.602223296278	0.623006283229	0.62735621073	0.639922667956	0.652489125181	0.604639922668	0.537941034316	0.569840502658	0.599806669889	0.523441275979	0.559690671822	0.549057515708	0.51619139681	0.50700821653	0.506524891252	0.637022716288	0.623972933784	0.518124697922	0.555824069599	0.55775737071	0.581440309328	0.515708071532	0.55775737071	0.513291445143	0.522957950701	0.555340744321	0.467858869019	0.491058482359	0.503141614306	0.500724987917	0.547607539874	0.546157564041	0.552440792653	0.522957950701	0.5601739971	0.51377477042
AG3	0.58095698405	0.488641855969	0.968583856936	0.491541807637	0.620589656839	0.509424842919	0.649105848236	0.52779120348	0.519574673755	0.573223779604	0.555340744321	0.544707588207	0.0	0.853069115515	0.522474625423	0.525857902368	0.498791686805	0.508458192363	0.927984533591	0.76848719188	0.674722087965	0.609956500725	0.579990333494	0.600289995167	0.889318511358	0.634606089899	0.558724021266	0.58337361044	0.616239729338	0.637989366844	0.641855969067	0.579507008217	0.522957950701	0.52779120348	0.671822136298	0.614789753504	0.552924117931	0.562107298212	0.536491058482	0.570807153214	0.510874818753	0.679072015466	0.666022232963	0.551474142098	0.580473658772	0.568873852102	0.635572740454	0.574673755437	0.640405993233	0.601739971	0.592073465442	0.61333977767	0.518124697922	0.521024649589	0.542290961817	0.533591106815	0.535041082649	0.61575640406	0.542774287095	0.606089898502	0.520057999033	0.586273562107
AG4	0.855485741904	0.866118898018	0.365393910101	0.5601739971	0.837602706622	0.864185596907	0.87723537941	0.869502174964	0.859352344128	0.868535524408	0.889318511358	0.853552440793	0.853069115515	0.0	0.879168680522	0.858385693572	0.896568390527	0.896085065249	0.708071532141	0.681488641856	0.82406959884	0.836636056066	0.885451909135	0.877718704688	0.82648622523	0.820202996617	0.86563557274	0.863218946351	0.769937167714	0.751087481875	0.885935234413	0.878202029966	0.880135331078	0.883518608023	0.910101498308	0.892218463026	0.895118414693	0.874818753021	0.896568390527	0.891735137748	0.892218463026	0.855969067182	0.856935717738	0.868535524408	0.897535041083	0.896085065249	0.892218463026	0.89125181247	0.893185113581	0.893668438859	0.897051715805	0.894635089415	0.896085065249	0.891735137748	0.897535041083	0.895118414693	0.894635089415	0.897051715805	0.892701788304	0.893668438859	0.897051715805	0.893668438859
AH3	0.639439342678	0.394393426776	0.963267278879	0.60657322378	0.602706621556	0.557274045433	0.567423876269	0.538907684872	0.559690671822	0.521507974867	0.609956500725	0.552440792653	0.522474625423	0.879168680522	0.0	0.529724504592	0.600289995167	0.595456742388	0.934267762204	0.775253745771	0.693571773804	0.642822619623	0.618173030449	0.635089415176	0.902368293862	0.679555340744	0.630739487675	0.630739487675	0.652489125181	0.670855485742	0.684388593523	0.631706138231	0.545190913485	0.583856935718	0.717254712421	0.644755920735	0.625422909618	0.537457709038	0.593523441276	0.552440792653	0.53939101015	0.582406959884	0.569840502658	0.556790720155	0.637506041566	0.627839536008	0.704204929918	0.630256162397	0.667955534074	0.64813919768	0.645239246013	0.679072015466	0.600773320445	0.597390043499	0.593040115998	0.608989850169	0.57177380377	0.672305461576	0.561623972934	0.648622522958	0.59497341711	0.633639439343
AH4	0.324794586757	0.360077332044	0.94683421943	0.589656839053	0.623972933784	0.517158047366	0.644272595457	0.532141130981	0.538424359594	0.553890768487	0.578540357661	0.553890768487	0.525857902368	0.858385693572	0.529724504592	0.0	0.541324311261	0.543740937651	0.882551957467	0.734654422426	0.628806186564	0.564523924601	0.565973900435	0.574673755437	0.854035766071	0.595456742388	0.549057515708	0.55775737071	0.579507008217	0.591590140164	0.593040115998	0.549540840986	0.551474142098	0.556790720155	0.701788303528	0.643789270179	0.57177380377	0.582890285162	0.551474142098	0.576607056549	0.539874335428	0.677622039633	0.66892218463	0.573707104882	0.591590140164	0.587240212663	0.664572257129	0.598356694055	0.673755437409	0.618656355727	0.616723054616	0.641372643789	0.53697438376	0.529241179314	0.526341227646	0.525857902368	0.524891251812	0.623972933784	0.535524407927	0.62493958434	0.53697438376	0.601739971
AA7	0.565973900435	0.523441275979	0.973417109715	0.641855969067	0.628806186564	0.471242145964	0.690671822136	0.440792653456	0.443692605123	0.587723537941	0.44900918318	0.55775737071	0.498791686805	0.896568390527	0.600289995167	0.541324311261	0.0	0.301594973417	0.925567907202	0.769453842436	0.591106814886	0.508458192363	0.470758820686	0.482841952634	0.873852102465	0.588206863219	0.444659255679	0.47220879652	0.523924601257	0.591106814886	0.523441275979	0.429192846786	0.426292895118	0.478975350411	0.696955050749	0.645239246013	0.465925567907	0.558724021266	0.482358627356	0.603189946834	0.532141130981	0.718221362977	0.710971483809	0.565973900435	0.542774287095	0.497825036249	0.662155630739	0.607056549058	0.672305461576	0.629772837119	0.597873368777	0.630739487675	0.509424842919	0.52537457709	0.510391493475	0.517641372644	0.53020782987	0.620106331561	0.547124214596	0.636056065732	0.499758337361	0.606089898502
AA8	0.568873852102	0.523441275979	0.970517158047	0.637506041566	0.622522957951	0.463992266796	0.693571773804	0.449975833736	0.449975833736	0.590623489609	0.44224262929	0.554857419043	0.508458192363	0.896085065249	0.595456742388	0.543740937651	0.301594973417	0.0	0.926051232479	0.768003866602	0.584823586274	0.504108264862	0.44900918318	0.456742387627	0.867568873852	0.578057032383	0.42822619623	0.466892218463	0.514258095698	0.580473658772	0.471725471242	0.397293378444	0.436442725955	0.499758337361	0.712421459642	0.652972450459	0.458675688739	0.568390526825	0.480425326245	0.599806669889	0.541324311261	0.723054615756	0.713388110198	0.567423876269	0.546640889319	0.503141614306	0.656355727405	0.600289995167	0.677622039633	0.629772837119	0.597873368777	0.628806186564	0.519574673755	0.520541324311	0.516674722088	0.514741420976	0.535041082649	0.622039632673	0.543257612373	0.629772837119	0.49540840986	0.600289995167
AB7	0.868535524408	0.897051715805	0.736587723538	0.717738037699	0.871435476075	0.917351377477	0.942967617206	0.936201063316	0.924601256646	0.936684388594	0.955534074432	0.893185113581	0.927984533591	0.708071532141	0.934267762204	0.882551957467	0.925567907202	0.926051232479	0.0	0.409376510391	0.820202996617	0.843885935234	0.931851135814	0.922667955534	0.73852102465	0.81246979217	0.889318511358	0.890285161914	0.752054132431	0.702271628806	0.889801836636	0.898985016916	0.923151280812	0.937651039149	0.945867568874	0.933301111648	0.949250845819	0.918801353311	0.959400676655	0.924117931368	0.933784436926	0.862252295795	0.869985500242	0.901884968584	0.959884001933	0.9584340261	0.931851135814	0.933301111648	0.935717738038	0.933784436926	0.93523441276	0.925567907202	0.927984533591	0.927501208313	0.920734654422	0.921701304978	0.920251329145	0.921701304978	0.920734654422	0.926051232479	0.953117448043	0.927984533591
AB8	0.722087965201	0.735621072982	0.755920734654	0.579990333494	0.764620589657	0.751087481875	0.78250362494	0.775737071049	0.761237312711	0.769937167714	0.794586756887	0.73852102465	0.76848719188	0.681488641856	0.775253745771	0.734654422426	0.769453842436	0.768003866602	0.409376510391	0.0	0.656355727405	0.673272112131	0.760753987434	0.753020782987	0.731754470759	0.65732237796	0.722087965201	0.719671338811	0.566940550991	0.532624456259	0.743837602707	0.737554374094	0.766553890768	0.773803769937	0.829386176897	0.776703721605	0.788303528275	0.75688738521	0.792170130498	0.769453842436	0.765103914935	0.718221362977	0.726437892702	0.739971000483	0.798453359111	0.793136781054	0.826969550507	0.778637022716	0.820202996617	0.782020299662	0.784920251329	0.80328661189	0.776220396327	0.776220396327	0.76848719188	0.766553890768	0.767037216046	0.785403576607	0.768003866602	0.780570323828	0.786370227163	0.776703721605
AC7	0.612856452392	0.638472692122	0.894151764137	0.655872402127	0.739487675205	0.579990333494	0.717738037699	0.579990333494	0.558724021266	0.648622522958	0.602223296278	0.688738521025	0.674722087965	0.82406959884	0.693571773804	0.628806186564	0.591106814886	0.584823586274	0.820202996617	0.656355727405	0.0	0.366360560657	0.570807153214	0.568873852102	0.82165297245	0.573707104882	0.540840985984	0.527307878202	0.48622522958	0.493475108748	0.570323827936	0.533107781537	0.563073948768	0.600773320445	0.804736587724	0.748670855486	0.622039632673	0.64813919768	0.616239729338	0.712421459642	0.675688738521	0.696471725471	0.706621556307	0.634606089899	0.644272595457	0.603189946834	0.820202996617	0.760753987434	0.811986466892	0.773803769937	0.753987433543	0.78927017883	0.679555340744	0.683421942968	0.672305461576	0.676172063799	0.672788786854	0.782986950217	0.674238762687	0.774770420493	0.616239729338	0.754470758821
AC8	0.562107298212	0.564523924601	0.909134847753	0.623489608507	0.686321894635	0.51619139681	0.697921701305	0.502174963751	0.482358627356	0.585790236829	0.535041082649	0.627839536008	0.609956500725	0.836636056066	0.642822619623	0.564523924601	0.508458192363	0.504108264862	0.843885935234	0.673272112131	0.366360560657	0.0	0.478975350411	0.484291928468	0.830352827453	0.53939101015	0.398260029	0.387626872885	0.4398260029	0.478492025133	0.515708071532	0.465925567907	0.484775253746	0.528757854036	0.734654422426	0.679555340744	0.544224262929	0.585790236829	0.540357660706	0.63653939101	0.591106814886	0.669888835186	0.662638956017	0.578540357661	0.577090381827	0.538907684872	0.738037699372	0.679072015466	0.735621072982	0.705654905752	0.681005316578	0.705654905752	0.603673272112	0.60657322378	0.595940067666	0.598356694055	0.600773320445	0.703238279362	0.600289995167	0.705654905752	0.542774287095	0.675205413243
AD7	0.583856935718	0.549057515708	0.962300628323	0.65732237796	0.724987916868	0.513291445143	0.70372160464	0.480425326245	0.482358627356	0.588206863219	0.43740937651	0.646205896568	0.579990333494	0.885451909135	0.618173030449	0.565973900435	0.470758820686	0.44900918318	0.931851135814	0.760753987434	0.570807153214	0.478975350411	0.0	0.289995166747	0.893668438859	0.521024649589	0.402126631223	0.44900918318	0.496858385694	0.55775737071	0.501691638473	0.471725471242	0.477525374577	0.529241179314	0.740937651039	0.681005316578	0.500241662639	0.589656839053	0.53939101015	0.641372643789	0.595456742388	0.720637989367	0.711454809087	0.59497341711	0.573707104882	0.531657805703	0.740937651039	0.677138714355	0.741420976317	0.703238279362	0.670372160464	0.706138231029	0.604639922668	0.599323344611	0.586756887385	0.599806669889	0.587240212663	0.700338327695	0.586756887385	0.696955050749	0.545674238763	0.670855485742
AD8	0.587723537941	0.560657322378	0.951667472209	0.646205896568	0.711938134364	0.500724987917	0.695021749638	0.484291928468	0.488641855969	0.583856935718	0.420976317061	0.638472692122	0.600289995167	0.877718704688	0.635089415176	0.574673755437	0.482841952634	0.456742387627	0.922667955534	0.753020782987	0.568873852102	0.484291928468	0.289995166747	0.0	0.857902368294	0.485258579024	0.408893185114	0.462542290962	0.478492025133	0.53939101015	0.496858385694	0.476075398743	0.487675205413	0.537457709038	0.735621072982	0.678588690188	0.490091831803	0.580473658772	0.528274528758	0.636056065732	0.602706621556	0.718221362977	0.709038182697	0.591106814886	0.574190430159	0.542290961817	0.742870952151	0.679072015466	0.739487675205	0.700821652972	0.670855485742	0.707104881585	0.60415659739	0.602223296278	0.589173513775	0.598840019333	0.598840019333	0.704204929918	0.601256645723	0.697921701305	0.551474142098	0.669888835186
AE7	0.825519574674	0.874818753021	0.845819236346	0.787820202997	0.833736104398	0.885451909135	0.923151280812	0.91203479942	0.892701788304	0.905751570807	0.927501208313	0.853069115515	0.889318511358	0.82648622523	0.902368293862	0.854035766071	0.873852102465	0.867568873852	0.73852102465	0.731754470759	0.82165297245	0.830352827453	0.893668438859	0.857902368294	0.0	0.53939101015	0.866118898018	0.869985500242	0.769453842436	0.763653939101	0.838569357177	0.832769453842	0.899951667472	0.910584823586	0.934751087482	0.921701304978	0.925084581924	0.90285161914	0.924117931368	0.874818753021	0.903818269696	0.875302078299	0.874818753021	0.876268728855	0.937651039149	0.937651039149	0.892218463026	0.898501691638	0.913484775254	0.897051715805	0.900918318028	0.898501691638	0.898018366361	0.894635089415	0.90285161914	0.893668438859	0.899951667472	0.894635089415	0.90285161914	0.904784920251	0.922667955534	0.903334944418
AE8	0.577573707105	0.603189946834	0.890768487192	0.628806186564	0.690671822136	0.575157080715	0.69453842436	0.601739971	0.584340260996	0.614306428226	0.622039632673	0.627839536008	0.634606089899	0.820202996617	0.679555340744	0.595456742388	0.588206863219	0.578057032383	0.81246979217	0.65732237796	0.573707104882	0.53939101015	0.521024649589	0.485258579024	0.53939101015	0.0	0.561623972934	0.564040599323	0.515224746254	0.506041565974	0.564523924601	0.550024166264	0.595456742388	0.601739971	0.764137264379	0.706138231029	0.623006283229	0.60415659739	0.621072982117	0.64572257129	0.644755920735	0.682455292412	0.680038666022	0.594006766554	0.64813919768	0.633156114065	0.753504108265	0.695021749638	0.756404059932	0.710971483809	0.697921701305	0.735621072982	0.647655872402	0.639439342678	0.637989366844	0.643305944901	0.644755920735	0.720154664089	0.655389076849	0.709038182697	0.61575640406	0.693088448526
AF7	0.55099081682	0.523924601257	0.941517641373	0.642339294345	0.673755437409	0.488641855969	0.699371677139	0.446592556791	0.450942484292	0.584340260996	0.45142580957	0.602223296278	0.558724021266	0.86563557274	0.630739487675	0.549057515708	0.444659255679	0.42822619623	0.889318511358	0.722087965201	0.540840985984	0.398260029	0.402126631223	0.408893185114	0.866118898018	0.561623972934	0.0	0.319961333978	0.462542290962	0.519574673755	0.475592073465	0.473658772354	0.436926051232	0.487191880135	0.703238279362	0.646205896568	0.469308844853	0.550507491542	0.498791686805	0.607539874335	0.55099081682	0.695505074915	0.683421942968	0.550024166264	0.545190913485	0.505074915418	0.686805219913	0.635572740454	0.70130497825	0.665055582407	0.639922667956	0.653939101015	0.559690671822	0.561140647656	0.548090865152	0.5601739971	0.554374093765	0.648622522958	0.56935717738	0.660705654906	0.501691638473	0.627839536008
AF8	0.562107298212	0.53939101015	0.939584340261	0.640405993233	0.694055099082	0.509424842919	0.697921701305	0.463992266796	0.472692121798	0.585790236829	0.511358144031	0.623006283229	0.58337361044	0.863218946351	0.630739487675	0.55775737071	0.47220879652	0.466892218463	0.890285161914	0.719671338811	0.527307878202	0.387626872885	0.44900918318	0.462542290962	0.869985500242	0.564040599323	0.319961333978	0.0	0.462058965684	0.515708071532	0.514741420976	0.47462542291	0.44900918318	0.505074915418	0.719188013533	0.662638956017	0.500724987917	0.55775737071	0.51619139681	0.612856452392	0.568873852102	0.688255195747	0.675205413243	0.561140647656	0.565007249879	0.522474625423	0.705171580474	0.65055582407	0.716771387144	0.683421942968	0.655872402127	0.672305461576	0.580473658772	0.577573707105	0.565973900435	0.576607056549	0.566457225713	0.674238762687	0.567907201547	0.681971967134	0.512808119865	0.646689221846
AG7	0.582406959884	0.58337361044	0.843402609957	0.557274045433	0.684388593523	0.530691155147	0.695021749638	0.499275012083	0.492025132914	0.581440309328	0.527307878202	0.62735621073	0.616239729338	0.769937167714	0.652489125181	0.579507008217	0.523924601257	0.514258095698	0.752054132431	0.566940550991	0.48622522958	0.4398260029	0.496858385694	0.478492025133	0.769453842436	0.515224746254	0.462542290962	0.462058965684	0.0	0.311744804253	0.535041082649	0.509908168197	0.498308361527	0.559690671822	0.74770420493	0.683905268246	0.524891251812	0.582890285162	0.545674238763	0.637989366844	0.614789753504	0.656839052682	0.661188980184	0.561623972934	0.607056549058	0.576123731271	0.749154180764	0.683421942968	0.743837602707	0.705171580474	0.6805219913	0.720154664089	0.612856452392	0.624456259062	0.618173030449	0.619139681005	0.631222812953	0.710488158531	0.640889318511	0.703238279362	0.579507008217	0.678105364911
AG8	0.583856935718	0.60415659739	0.839052682455	0.574190430159	0.698405026583	0.564523924601	0.695988400193	0.575640405993	0.547607539874	0.601256645723	0.598356694055	0.639922667956	0.637989366844	0.751087481875	0.670855485742	0.591590140164	0.591106814886	0.580473658772	0.702271628806	0.532624456259	0.493475108748	0.478492025133	0.55775737071	0.53939101015	0.763653939101	0.506041565974	0.519574673755	0.515708071532	0.311744804253	0.0	0.575157080715	0.548090865152	0.565973900435	0.581440309328	0.757370710488	0.696471725471	0.587240212663	0.58337361044	0.585790236829	0.656839052682	0.635572740454	0.653939101015	0.664088931851	0.573707104882	0.633639439343	0.60415659739	0.761720637989	0.695505074915	0.756404059932	0.717738037699	0.702271628806	0.734654422426	0.640405993233	0.643789270179	0.637022716288	0.640889318511	0.642339294345	0.721121314645	0.657805703238	0.71290478492	0.604639922668	0.695021749638
AH7	0.578057032383	0.614306428226	0.952634122765	0.684388593523	0.717254712421	0.563073948768	0.724021266312	0.541324311261	0.550024166264	0.638472692122	0.535041082649	0.652489125181	0.641855969067	0.885935234413	0.684388593523	0.593040115998	0.523441275979	0.471725471242	0.889801836636	0.743837602707	0.570323827936	0.515708071532	0.501691638473	0.496858385694	0.838569357177	0.564523924601	0.475592073465	0.514741420976	0.535041082649	0.575157080715	0.0	0.337361043983	0.564523924601	0.616723054616	0.776703721605	0.729821169647	0.556790720155	0.649105848236	0.599323344611	0.666022232963	0.652005799903	0.75688738521	0.756404059932	0.648622522958	0.648622522958	0.617206379894	0.765587240213	0.719671338811	0.782020299662	0.724021266312	0.710971483809	0.735137747704	0.633156114065	0.6389560174	0.617689705172	0.628806186564	0.632189463509	0.73852102465	0.633156114065	0.723537941034	0.608506524891	0.713388110198
AH8	0.551474142098	0.567907201547	0.955050749154	0.64813919768	0.672788786854	0.505074915418	0.695505074915	0.491541807637	0.491541807637	0.593040115998	0.510391493475	0.604639922668	0.579507008217	0.878202029966	0.631706138231	0.549540840986	0.429192846786	0.397293378444	0.898985016916	0.737554374094	0.533107781537	0.465925567907	0.471725471242	0.476075398743	0.832769453842	0.550024166264	0.473658772354	0.47462542291	0.509908168197	0.548090865152	0.337361043983	0.0	0.494925084582	0.546157564041	0.743837602707	0.684388593523	0.526824552924	0.595456742388	0.539874335428	0.609956500725	0.591106814886	0.713388110198	0.707104881585	0.599323344611	0.591106814886	0.551474142098	0.717738037699	0.662155630739	0.735137747704	0.677622039633	0.65732237796	0.68293861769	0.578057032383	0.577573707105	0.567423876269	0.575640405993	0.578540357661	0.677622039633	0.581440309328	0.681488641856	0.542290961817	0.661672305462
AA5	0.578540357661	0.49299178347	0.959884001933	0.630739487675	0.607539874335	0.448042532624	0.634606089899	0.378927017883	0.400676655389	0.533107781537	0.432576123731	0.537941034316	0.522957950701	0.880135331078	0.545190913485	0.551474142098	0.426292895118	0.436442725955	0.923151280812	0.766553890768	0.563073948768	0.484775253746	0.477525374577	0.487675205413	0.899951667472	0.595456742388	0.436926051232	0.44900918318	0.498308361527	0.565973900435	0.564523924601	0.494925084582	0.0	0.353310778154	0.671822136298	0.593523441276	0.453842435959	0.468342194297	0.447559207347	0.549540840986	0.477042049299	0.627839536008	0.614306428226	0.464475592073	0.52537457709	0.465442242629	0.691638472692	0.631706138231	0.667955534074	0.637022716288	0.642822619623	0.674238762687	0.535041082649	0.560657322378	0.550507491542	0.55099081682	0.541324311261	0.660222329628	0.560657322378	0.637989366844	0.502658289029	0.625906234896
AA6	0.582890285162	0.50700821653	0.965683905268	0.656839052682	0.638472692122	0.473658772354	0.656839052682	0.443209279845	0.45142580957	0.559207346544	0.499758337361	0.569840502658	0.52779120348	0.883518608023	0.583856935718	0.556790720155	0.478975350411	0.499758337361	0.937651039149	0.773803769937	0.600773320445	0.528757854036	0.529241179314	0.537457709038	0.910584823586	0.601739971	0.487191880135	0.505074915418	0.559690671822	0.581440309328	0.616723054616	0.546157564041	0.353310778154	0.0	0.671822136298	0.592073465442	0.505558240696	0.502658289029	0.474142097632	0.58095698405	0.505558240696	0.661188980184	0.64813919768	0.508458192363	0.458192363461	0.411309811503	0.688255195747	0.630739487675	0.679072015466	0.642339294345	0.641372643789	0.672305461576	0.53939101015	0.564040599323	0.551474142098	0.553407443209	0.551474142098	0.658772353794	0.56935717738	0.643789270179	0.520057999033	0.630739487675
AB5	0.742870952151	0.671822136298	0.976317061382	0.74528757854	0.633639439343	0.631706138231	0.749154180764	0.654905751571	0.663605606573	0.696471725471	0.675688738521	0.599806669889	0.671822136298	0.910101498308	0.717254712421	0.701788303528	0.696955050749	0.712421459642	0.945867568874	0.829386176897	0.804736587724	0.734654422426	0.740937651039	0.735621072982	0.934751087482	0.764137264379	0.703238279362	0.719188013533	0.74770420493	0.757370710488	0.776703721605	0.743837602707	0.671822136298	0.671822136298	0.0	0.335427742871	0.623972933784	0.661188980184	0.623972933784	0.629289511841	0.611889801837	0.743354277429	0.739004349928	0.645239246013	0.627839536008	0.622522957951	0.625906234896	0.623972933784	0.637506041566	0.60657322378	0.631222812953	0.626389560174	0.598840019333	0.600289995167	0.612373127115	0.608506524891	0.660222329628	0.609956500725	0.656355727405	0.60657322378	0.681005316578	0.613823102948
AB6	0.681488641856	0.597873368777	0.969067182214	0.685355244079	0.591106814886	0.565973900435	0.674238762687	0.58095698405	0.598840019333	0.624456259062	0.621556307395	0.523441275979	0.614789753504	0.892218463026	0.644755920735	0.643789270179	0.645239246013	0.652972450459	0.933301111648	0.776703721605	0.748670855486	0.679555340744	0.681005316578	0.678588690188	0.921701304978	0.706138231029	0.646205896568	0.662638956017	0.683905268246	0.696471725471	0.729821169647	0.684388593523	0.593523441276	0.592073465442	0.335427742871	0.0	0.577573707105	0.577090381827	0.564523924601	0.565490575157	0.544224262929	0.665055582407	0.650072498792	0.554857419043	0.552440792653	0.550024166264	0.593523441276	0.547607539874	0.589656839053	0.546640889319	0.564040599323	0.595456742388	0.533591106815	0.559207346544	0.569840502658	0.566457225713	0.605606573224	0.565007249879	0.608506524891	0.553890768487	0.630739487675	0.541807636539
AC5	0.588690188497	0.54857419043	0.974867085549	0.657805703238	0.623972933784	0.451909134848	0.669888835186	0.434992750121	0.444659255679	0.572740454326	0.420492991783	0.559690671822	0.552924117931	0.895118414693	0.625422909618	0.57177380377	0.465925567907	0.458675688739	0.949250845819	0.788303528275	0.622039632673	0.544224262929	0.500241662639	0.490091831803	0.925084581924	0.623006283229	0.469308844853	0.500724987917	0.524891251812	0.587240212663	0.556790720155	0.526824552924	0.453842435959	0.505558240696	0.623972933784	0.577573707105	0.0	0.445142580957	0.434026099565	0.583856935718	0.534557757371	0.707588206863	0.684871918801	0.534557757371	0.497341710971	0.465442242629	0.61575640406	0.573707104882	0.635572740454	0.587723537941	0.578540357661	0.601739971	0.500241662639	0.501691638473	0.499275012083	0.489608506525	0.572257129048	0.596423392943	0.578057032383	0.577090381827	0.511841469309	0.56259062349
AC6	0.612856452392	0.52779120348	0.962300628323	0.651039149348	0.591106814886	0.520057999033	0.545674238763	0.475108748188	0.519574673755	0.47220879652	0.554374093765	0.549057515708	0.562107298212	0.874818753021	0.537457709038	0.582890285162	0.558724021266	0.568390526825	0.918801353311	0.75688738521	0.64813919768	0.585790236829	0.589656839053	0.580473658772	0.90285161914	0.60415659739	0.550507491542	0.55775737071	0.582890285162	0.58337361044	0.649105848236	0.595456742388	0.468342194297	0.502658289029	0.661188980184	0.577090381827	0.445142580957	0.0	0.521024649589	0.529724504592	0.515708071532	0.502658289029	0.480908651522	0.42822619623	0.576123731271	0.551957467376	0.674722087965	0.627839536008	0.660705654906	0.630256162397	0.641855969067	0.666988883519	0.577090381827	0.586273562107	0.58337361044	0.583856935718	0.567423876269	0.652005799903	0.579507008217	0.624456259062	0.553890768487	0.621556307395
AD6	0.595940067666	0.52537457709	0.974383760271	0.639439342678	0.589173513775	0.407926534558	0.634122764621	0.434509424843	0.434509424843	0.527307878202	0.448525857902	0.51619139681	0.536491058482	0.896568390527	0.593523441276	0.551474142098	0.482358627356	0.480425326245	0.959400676655	0.792170130498	0.616239729338	0.540357660706	0.53939101015	0.528274528758	0.924117931368	0.621072982117	0.498791686805	0.51619139681	0.545674238763	0.585790236829	0.599323344611	0.539874335428	0.447559207347	0.474142097632	0.623972933784	0.564523924601	0.434026099565	0.521024649589	0.0	0.547124214596	0.436926051232	0.691638472692	0.685838569357	0.52779120348	0.479942000967	0.452875785404	0.610923151281	0.549540840986	0.609473175447	0.563073948768	0.564040599323	0.594490091832	0.466892218463	0.477042049299	0.471725471242	0.477042049299	0.549057515708	0.58095698405	0.546157564041	0.569840502658	0.487675205413	0.553407443209
AE5	0.616723054616	0.524891251812	0.975350410826	0.644755920735	0.566940550991	0.544224262929	0.591106814886	0.541807636539	0.59497341711	0.524891251812	0.613823102948	0.50700821653	0.570807153214	0.891735137748	0.552440792653	0.576607056549	0.603189946834	0.599806669889	0.924117931368	0.769453842436	0.712421459642	0.63653939101	0.641372643789	0.636056065732	0.874818753021	0.64572257129	0.607539874335	0.612856452392	0.637989366844	0.656839052682	0.666022232963	0.609956500725	0.549540840986	0.58095698405	0.629289511841	0.565490575157	0.583856935718	0.529724504592	0.547124214596	0.0	0.364910584824	0.599323344611	0.59497341711	0.524891251812	0.625906234896	0.62735621073	0.65732237796	0.605123247946	0.644272595457	0.608023199613	0.623489608507	0.649589173514	0.550507491542	0.56935717738	0.582890285162	0.56259062349	0.555824069599	0.639439342678	0.55775737071	0.623489608507	0.575157080715	0.610923151281
AE6	0.602223296278	0.47462542291	0.974383760271	0.629289511841	0.576123731271	0.489125181247	0.587240212663	0.470275495408	0.517158047366	0.515708071532	0.551957467376	0.506524891252	0.510874818753	0.892218463026	0.53939101015	0.539874335428	0.532141130981	0.541324311261	0.933784436926	0.765103914935	0.675688738521	0.591106814886	0.595456742388	0.602706621556	0.903818269696	0.644755920735	0.55099081682	0.568873852102	0.614789753504	0.635572740454	0.652005799903	0.591106814886	0.477042049299	0.505558240696	0.611889801837	0.544224262929	0.534557757371	0.515708071532	0.436926051232	0.364910584824	0.0	0.635572740454	0.630256162397	0.49299178347	0.549057515708	0.546157564041	0.636056065732	0.577090381827	0.617206379894	0.583856935718	0.595456742388	0.62493958434	0.501691638473	0.503141614306	0.516674722088	0.503624939584	0.507491541808	0.61333977767	0.523924601257	0.581923634606	0.526824552924	0.582406959884
AF5	0.697438376027	0.644755920735	0.93523441276	0.65973900435	0.664088931851	0.684871918801	0.567907201547	0.640889318511	0.683905268246	0.576607056549	0.718221362977	0.637022716288	0.679072015466	0.855969067182	0.582406959884	0.677622039633	0.718221362977	0.723054615756	0.862252295795	0.718221362977	0.696471725471	0.669888835186	0.720637989367	0.718221362977	0.875302078299	0.682455292412	0.695505074915	0.688255195747	0.656839052682	0.653939101015	0.75688738521	0.713388110198	0.627839536008	0.661188980184	0.743354277429	0.665055582407	0.707588206863	0.502658289029	0.691638472692	0.599323344611	0.635572740454	0.0	0.287578540358	0.535041082649	0.724021266312	0.718704688255	0.763653939101	0.717738037699	0.747220879652	0.711454809087	0.734654422426	0.755920734654	0.699371677139	0.714838086032	0.723054615756	0.718221362977	0.675205413243	0.73852102465	0.677138714355	0.709521507975	0.712421459642	0.716771387144
AF6	0.696955050749	0.630256162397	0.941034316095	0.664088931851	0.656839052682	0.67133881102	0.56259062349	0.625422909618	0.677138714355	0.56935717738	0.707588206863	0.623972933784	0.666022232963	0.856935717738	0.569840502658	0.66892218463	0.710971483809	0.713388110198	0.869985500242	0.726437892702	0.706621556307	0.662638956017	0.711454809087	0.709038182697	0.874818753021	0.680038666022	0.683421942968	0.675205413243	0.661188980184	0.664088931851	0.756404059932	0.707104881585	0.614306428226	0.64813919768	0.739004349928	0.650072498792	0.684871918801	0.480908651522	0.685838569357	0.59497341711	0.630256162397	0.287578540358	0.0	0.525857902368	0.711454809087	0.703238279362	0.757854035766	0.705654905752	0.741420976317	0.706621556307	0.716288061866	0.750604156597	0.691155147414	0.704204929918	0.716288061866	0.709038182697	0.660222329628	0.731754470759	0.65973900435	0.709521507975	0.705654905752	0.711454809087
