	AA3	AA4	AB3	AB4	AC3	AC4	AD3	AD4	AE3	AE4	AF3	AF4	AG3	AG4	AH3	AH4	AA7	AA8	AB7	AB8	AC7	AC8	AD7	AD8	AE7	AE8	AF7	AF8	AG7	AG8	AH7	AH8	AA5	AA6	AB5	AB6	AC5	AC6	AD6	AE5	AE6	AF5	AF6	AG5	AH5	AH6	AA1	AA2	AB1	AB2	AC1	AC2	AD1	AD2	AE1	AE2	AF1	AF2	AG1	AG2	AH1	AH2
AA3	0.0	0.498308361527	0.928467858869	0.642339294345	0.64813919768	0.58095698405	0.666022232963	0.597390043499	0.574673755437	0.620589656839	0.612856452392	0.602706621556	0.585790236829	0.852102464959	0.663122281295	0.325277912035	0.574190430159	0.570323827936	0.873368777187	0.716288061866	0.628322861286	0.577573707105	0.602706621556	0.588690188497	0.830352827453	0.583856935718	0.58095698405	0.559690671822	0.594006766554	0.581440309328	0.593523441276	0.573707104882	0.59497341711	0.608506524891	0.748670855486	0.680038666022	0.60657322378	0.617206379894	0.601739971	0.635572740454	0.602706621556	0.716771387144	0.691155147414	0.631706138231	0.619623006283	0.621072982117	0.669888835186	0.653939101015	0.715804736588	0.665538907685	0.642822619623	0.659255679072	0.577573707105	0.56935717738	0.576123731271	0.578057032383	0.591106814886	0.65732237796	0.593040115998	0.670372160464	0.582406959884	0.646205896568
AA4	0.498308361527	0.0	0.946350894152	0.585306911551	0.572740454326	0.508941517641	0.590623489609	0.490091831803	0.509908168197	0.522957950701	0.56259062349	0.518124697922	0.476558724021	0.864185596907	0.385210246496	0.383760270662	0.530691155147	0.528274528758	0.895601739971	0.736587723538	0.673755437409	0.581440309328	0.589656839053	0.576123731271	0.876752054132	0.625906234896	0.560657322378	0.575640405993	0.61575640406	0.61575640406	0.6389560174	0.573707104882	0.517641372644	0.520057999033	0.66892218463	0.596906718221	0.584823586274	0.529241179314	0.553890768487	0.536007733204	0.49540840986	0.640889318511	0.610439826003	0.529241179314	0.570323827936	0.587240212663	0.627839536008	0.58095698405	0.637022716288	0.595940067666	0.586273562107	0.619623006283	0.526341227646	0.517158047366	0.51377477042	0.536007733204	0.494441759304	0.616723054616	0.513291445143	0.598356694055	0.524891251812	0.566457225713
AB3	0.928467858869	0.946350894152	0.0	0.675205413243	0.911551474142	0.94683421943	0.951184146931	0.940550990817	0.925084581924	0.942484291928	0.966650555824	0.927984533591	0.961817303045	0.334461092315	0.956984050266	0.939101014983	0.962783953601	0.963750604157	0.739971000483	0.741420976317	0.882068632189	0.906234896085	0.957467375544	0.951667472209	0.850652489125	0.880618656356	0.932334461092	0.927984533591	0.836636056066	0.823102948284	0.947800869986	0.94441759304	0.954567423876	0.955050749154	0.968100531658	0.958917351377	0.969067182214	0.948284195263	0.966650555824	0.969550507492	0.968583856936	0.934751087482	0.930884485259	0.946350894152	0.971000483325	0.96761720638	0.969550507492	0.964233929435	0.96520057999	0.966650555824	0.96761720638	0.966167230546	0.971967133881	0.971483808603	0.971000483325	0.969550507492	0.96761720638	0.965683905268	0.966167230546	0.96761720638	0.96761720638	0.966167230546
AB4	0.642339294345	0.585306911551	0.675205413243	0.0	0.640889318511	0.605606573224	0.69453842436	0.614306428226	0.613823102948	0.632672788787	0.642822619623	0.617206379894	0.489608506525	0.567907201547	0.611406476559	0.61333977767	0.633156114065	0.634122764621	0.732237796037	0.567907201547	0.663122281295	0.637022716288	0.666505558241	0.653455775737	0.798936684389	0.640889318511	0.644755920735	0.639439342678	0.567423876269	0.580473658772	0.700821652972	0.651522474625	0.646689221846	0.653939101015	0.726437892702	0.668438859352	0.666022232963	0.643789270179	0.637989366844	0.640405993233	0.631706138231	0.68970517158	0.66892218463	0.640405993233	0.677138714355	0.681971967134	0.689221846303	0.655389076849	0.69453842436	0.667955534074	0.657805703238	0.666505558241	0.630739487675	0.630739487675	0.653455775737	0.637506041566	0.643789270179	0.671822136298	0.637989366844	0.667955534074	0.639439342678	0.662155630739
AC3	0.64813919768	0.572740454326	0.911551474142	0.640889318511	0.0	0.488641855969	0.644755920735	0.538424359594	0.557274045433	0.582890285162	0.612373127115	0.327694538424	0.602223296278	0.83325277912	0.618173030449	0.612373127115	0.603673272112	0.608989850169	0.881101981634	0.75688738521	0.72692121798	0.674238762687	0.713871435476	0.699855002417	0.831802803287	0.676172063799	0.658289028516	0.679072015466	0.675688738521	0.682455292412	0.701788303528	0.653939101015	0.60657322378	0.617206379894	0.629772837119	0.585306911551	0.628806186564	0.589656839053	0.582890285162	0.548090865152	0.561623972934	0.678105364911	0.652005799903	0.579023682939	0.637506041566	0.647172547124	0.581440309328	0.586273562107	0.589173513775	0.577090381827	0.589173513775	0.589173513775	0.534557757371	0.559690671822	0.577573707105	0.562107298212	0.598840019333	0.579990333494	0.609956500725	0.602706621556	0.608989850169	0.585306911551
AC4	0.58095698405	0.508941517641	0.94683421943	0.605606573224	0.488641855969	0.0	0.627839536008	0.408409859836	0.392460125665	0.512808119865	0.338327694538	0.409859835669	0.49540840986	0.865152247463	0.574190430159	0.53697438376	0.444659255679	0.444659255679	0.926534557757	0.760270662156	0.58337361044	0.523924601257	0.505558240696	0.491541807637	0.889801836636	0.58337361044	0.484291928468	0.495891735138	0.529241179314	0.552924117931	0.560657322378	0.508941517641	0.436926051232	0.470275495408	0.653455775737	0.56935717738	0.448042532624	0.521024649589	0.427259545674	0.564040599323	0.478008699855	0.688255195747	0.654422426293	0.543740937651	0.505074915418	0.480425326245	0.629772837119	0.578540357661	0.609473175447	0.586273562107	0.573707104882	0.609473175447	0.494441759304	0.494441759304	0.513291445143	0.521507974867	0.539874335428	0.605123247946	0.554857419043	0.586756887385	0.453842435959	0.555340744321
AD3	0.666022232963	0.590623489609	0.951184146931	0.69453842436	0.644755920735	0.627839536008	0.0	0.511358144031	0.635572740454	0.370227162881	0.675688738521	0.591590140164	0.638472692122	0.869502174964	0.58337361044	0.635572740454	0.682455292412	0.681005316578	0.934751087482	0.775737071049	0.721604639923	0.686321894635	0.700338327695	0.69453842436	0.913968100532	0.681005316578	0.693571773804	0.691155147414	0.688738521025	0.678105364911	0.710004833253	0.6805219913	0.637506041566	0.64813919768	0.732721121315	0.669405509908	0.677622039633	0.526824552924	0.633156114065	0.583856935718	0.575157080715	0.558240695988	0.531174480425	0.538424359594	0.692605123248	0.687288545191	0.755920734654	0.709038182697	0.744320927985	0.709521507975	0.709521507975	0.734171097148	0.65055582407	0.655872402127	0.664572257129	0.661672305462	0.630739487675	0.729821169647	0.647655872402	0.709038182697	0.681971967134	0.691638472692
AD4	0.597390043499	0.490091831803	0.940550990817	0.614306428226	0.538424359594	0.408409859836	0.511358144031	0.0	0.329144514258	0.381826969551	0.443692605123	0.475108748188	0.496375060416	0.858385693572	0.534074432093	0.540840985984	0.450942484292	0.447075882069	0.93523441276	0.769453842436	0.593040115998	0.512324794587	0.495891735138	0.480908651522	0.898985016916	0.59497341711	0.465442242629	0.475592073465	0.518124697922	0.558724021266	0.546157564041	0.48622522958	0.400193330111	0.442725954567	0.662638956017	0.576123731271	0.466892218463	0.476558724021	0.457225712905	0.540357660706	0.467375543741	0.639922667956	0.598840019333	0.495891735138	0.512808119865	0.493475108748	0.65732237796	0.608506524891	0.649589173514	0.626389560174	0.607539874335	0.643789270179	0.519574673755	0.521991300145	0.521024649589	0.53939101015	0.526824552924	0.6389560174	0.552924117931	0.622522957951	0.498308361527	0.591590140164
AE3	0.574673755437	0.509908168197	0.925084581924	0.613823102948	0.557274045433	0.392460125665	0.635572740454	0.329144514258	0.0	0.490091831803	0.40744320928	0.497341710971	0.505558240696	0.846785886902	0.563073948768	0.546157564041	0.434992750121	0.432576123731	0.917834702755	0.752537457709	0.55775737071	0.482841952634	0.472692121798	0.458675688739	0.887385210246	0.584340260996	0.446109231513	0.453359110681	0.498791686805	0.540840985984	0.53697438376	0.484291928468	0.392943450942	0.442725954567	0.668438859352	0.587723537941	0.442725954567	0.527307878202	0.450459159014	0.598840019333	0.517158047366	0.681971967134	0.644755920735	0.55099081682	0.497825036249	0.472692121798	0.657805703238	0.601256645723	0.641372643789	0.62493958434	0.605606573224	0.639922667956	0.528757854036	0.529724504592	0.531657805703	0.541807636539	0.543740937651	0.639922667956	0.563557274045	0.609956500725	0.485741904302	0.586273562107
AE4	0.620589656839	0.522957950701	0.942484291928	0.632672788787	0.582890285162	0.512808119865	0.370227162881	0.381826969551	0.490091831803	0.0	0.563557274045	0.527307878202	0.565490575157	0.856935717738	0.551957467376	0.563557274045	0.570323827936	0.570807153214	0.93523441276	0.771870468826	0.641855969067	0.578057032383	0.585790236829	0.574190430159	0.907201546641	0.609473175447	0.572257129048	0.568873852102	0.576607056549	0.593040115998	0.628322861286	0.584823586274	0.523441275979	0.533591106815	0.692605123248	0.615273078782	0.566457225713	0.462058965684	0.530691155147	0.526824552924	0.512808119865	0.597873368777	0.558724021266	0.500241662639	0.585790236829	0.588690188497	0.705654905752	0.653939101015	0.697438376027	0.674722087965	0.661672305462	0.685838569357	0.590623489609	0.584340260996	0.587240212663	0.601256645723	0.571290478492	0.683905268246	0.589173513775	0.67133881102	0.576123731271	0.642822619623
AF3	0.612856452392	0.56259062349	0.966650555824	0.642822619623	0.612373127115	0.338327694538	0.675688738521	0.443692605123	0.40744320928	0.563557274045	0.0	0.523924601257	0.531174480425	0.886901884969	0.610439826003	0.585790236829	0.446592556791	0.430159497342	0.956500724988	0.787820202997	0.589173513775	0.546157564041	0.438376027066	0.434026099565	0.920251329145	0.618173030449	0.447559207347	0.503141614306	0.553890768487	0.586756887385	0.525857902368	0.509424842919	0.425809569841	0.487675205413	0.67133881102	0.607056549058	0.409859835669	0.554857419043	0.449492508458	0.621556307395	0.528274528758	0.722571290478	0.691155147414	0.577090381827	0.50459159014	0.476075398743	0.655389076849	0.607056549058	0.653455775737	0.621072982117	0.603189946834	0.641372643789	0.53939101015	0.523441275979	0.525857902368	0.538907684872	0.570807153214	0.635089415176	0.581440309328	0.610439826003	0.480425326245	0.583856935718
AF4	0.602706621556	0.518124697922	0.927984533591	0.617206379894	0.327694538424	0.409859835669	0.591590140164	0.475108748188	0.497341710971	0.527307878202	0.523924601257	0.0	0.547607539874	0.848719188014	0.560657322378	0.558724021266	0.555824069599	0.552440792653	0.889318511358	0.72692121798	0.683421942968	0.622039632673	0.647172547124	0.633639439343	0.848719188014	0.619139681005	0.589656839053	0.620106331561	0.626872885452	0.634606089899	0.651039149348	0.603189946834	0.541807636539	0.549540840986	0.61575640406	0.529724504592	0.554374093765	0.535524407927	0.515708071532	0.507974867086	0.500241662639	0.632672788787	0.607056549058	0.534557757371	0.556790720155	0.566940550991	0.590623489609	0.540357660706	0.578057032383	0.543257612373	0.538907684872	0.568390526825	0.482841952634	0.505558240696	0.525857902368	0.516674722088	0.554374093765	0.565973900435	0.552440792653	0.554374093765	0.544707588207	0.524891251812
AG3	0.585790236829	0.476558724021	0.961817303045	0.489608506525	0.602223296278	0.49540840986	0.638472692122	0.496375060416	0.505558240696	0.565490575157	0.531174480425	0.547607539874	0.0	0.855002416626	0.532141130981	0.523924601257	0.505074915418	0.496375060416	0.931367810536	0.766070565491	0.672788786854	0.591106814886	0.580473658772	0.572740454326	0.889318511358	0.632672788787	0.553407443209	0.577090381827	0.616723054616	0.619623006283	0.632189463509	0.563073948768	0.517641372644	0.520541324311	0.664088931851	0.602223296278	0.551474142098	0.549057515708	0.532624456259	0.572740454326	0.512324794587	0.683421942968	0.647172547124	0.551474142098	0.557274045433	0.57177380377	0.614789753504	0.576123731271	0.625422909618	0.605606573224	0.576123731271	0.593523441276	0.512324794587	0.515708071532	0.529241179314	0.533591106815	0.533107781537	0.61333977767	0.551474142098	0.60657322378	0.50700821653	0.564523924601
AG4	0.852102464959	0.864185596907	0.334461092315	0.567907201547	0.83325277912	0.865152247463	0.869502174964	0.858385693572	0.846785886902	0.856935717738	0.886901884969	0.848719188014	0.855002416626	0.0	0.874335427743	0.859352344128	0.889318511358	0.888351860802	0.715804736588	0.678105364911	0.817303044949	0.837602706622	0.885935234413	0.880618656356	0.825036249396	0.806669888835	0.859835669406	0.858385693572	0.768970517158	0.758337361044	0.885451909135	0.868535524408	0.885451909135	0.882551957467	0.903334944418	0.891735137748	0.895601739971	0.867085548574	0.890768487192	0.886901884969	0.888351860802	0.853552440793	0.854035766071	0.870952150797	0.898501691638	0.893185113581	0.889801836636	0.886901884969	0.889801836636	0.892218463026	0.897535041083	0.892218463026	0.894151764137	0.890768487192	0.898501691638	0.89125181247	0.891735137748	0.891735137748	0.889318511358	0.89125181247	0.890768487192	0.892701788304
AH3	0.663122281295	0.385210246496	0.956984050266	0.611406476559	0.618173030449	0.574190430159	0.58337361044	0.534074432093	0.563073948768	0.551957467376	0.610439826003	0.560657322378	0.532141130981	0.874335427743	0.0	0.543740937651	0.597390043499	0.602223296278	0.929434509425	0.769453842436	0.720154664089	0.641372643789	0.635089415176	0.628806186564	0.899951667472	0.685355244079	0.640405993233	0.637506041566	0.666988883519	0.679555340744	0.694055099082	0.635572740454	0.569840502658	0.582890285162	0.707588206863	0.642822619623	0.64572257129	0.558240695988	0.619623006283	0.560657322378	0.564523924601	0.601256645723	0.58337361044	0.566457225713	0.640405993233	0.651039149348	0.700821652972	0.630256162397	0.679072015466	0.654905751571	0.647172547124	0.670855485742	0.596906718221	0.602706621556	0.597873368777	0.613823102948	0.575157080715	0.676172063799	0.583856935718	0.641372643789	0.596906718221	0.621556307395
AH4	0.325277912035	0.383760270662	0.939101014983	0.61333977767	0.612373127115	0.53697438376	0.635572740454	0.540840985984	0.546157564041	0.563557274045	0.585790236829	0.558724021266	0.523924601257	0.859352344128	0.543740937651	0.0	0.546640889319	0.545190913485	0.886418559691	0.730304494925	0.649589173514	0.56935717738	0.58337361044	0.570807153214	0.856935717738	0.603189946834	0.564040599323	0.552440792653	0.590623489609	0.593523441276	0.605606573224	0.554857419043	0.555340744321	0.558724021266	0.703238279362	0.631222812953	0.594490091832	0.568873852102	0.569840502658	0.585306911551	0.541807636539	0.679555340744	0.644272595457	0.579023682939	0.588206863219	0.597390043499	0.652972450459	0.610439826003	0.665055582407	0.625422909618	0.610439826003	0.637506041566	0.542774287095	0.536491058482	0.546157564041	0.55099081682	0.524891251812	0.633156114065	0.541324311261	0.635089415176	0.553890768487	0.602706621556
AA7	0.574190430159	0.530691155147	0.962783953601	0.633156114065	0.603673272112	0.444659255679	0.682455292412	0.450942484292	0.434992750121	0.570323827936	0.446592556791	0.555824069599	0.505074915418	0.889318511358	0.597390043499	0.546640889319	0.0	0.27549540841	0.924117931368	0.768970517158	0.589173513775	0.501208313195	0.477042049299	0.468825519575	0.873852102465	0.593040115998	0.44900918318	0.475592073465	0.542774287095	0.570323827936	0.517158047366	0.404543257612	0.415659739004	0.471242145964	0.710004833253	0.642339294345	0.478975350411	0.558240695988	0.48622522958	0.609956500725	0.545674238763	0.718704688255	0.677622039633	0.582890285162	0.536491058482	0.515708071532	0.652489125181	0.610923151281	0.655389076849	0.634122764621	0.594006766554	0.623972933784	0.522474625423	0.52779120348	0.53020782987	0.533591106815	0.531657805703	0.626872885452	0.540357660706	0.637989366844	0.488641855969	0.592073465442
AA8	0.570323827936	0.528274528758	0.963750604157	0.634122764621	0.608989850169	0.444659255679	0.681005316578	0.447075882069	0.432576123731	0.570807153214	0.430159497342	0.552440792653	0.496375060416	0.888351860802	0.602223296278	0.545190913485	0.27549540841	0.0	0.921701304978	0.759787336878	0.586756887385	0.496858385694	0.457709038183	0.45142580957	0.866118898018	0.579990333494	0.42822619623	0.469308844853	0.531657805703	0.556790720155	0.467858869019	0.376027066216	0.409376510391	0.473658772354	0.709038182697	0.642339294345	0.458192363461	0.564523924601	0.48622522958	0.608506524891	0.545190913485	0.729337844369	0.690671822136	0.586756887385	0.527307878202	0.509908168197	0.643789270179	0.600773320445	0.662155630739	0.630256162397	0.587723537941	0.617206379894	0.520057999033	0.5186080232	0.521024649589	0.521507974867	0.533591106815	0.620589656839	0.546640889319	0.633639439343	0.48622522958	0.588206863219
AB7	0.873368777187	0.895601739971	0.739971000483	0.732237796037	0.881101981634	0.926534557757	0.934751087482	0.93523441276	0.917834702755	0.93523441276	0.956500724988	0.889318511358	0.931367810536	0.715804736588	0.929434509425	0.886418559691	0.924117931368	0.921701304978	0.0	0.409859835669	0.817786370227	0.845819236346	0.940067665539	0.924117931368	0.745770903818	0.804253262446	0.886901884969	0.880618656356	0.72450459159	0.687288545191	0.889801836636	0.901401643306	0.928951184147	0.941517641373	0.948767520541	0.941517641373	0.950700821653	0.905268245529	0.949734171097	0.920734654422	0.935717738038	0.873852102465	0.880135331078	0.910101498308	0.95601739971	0.954567423876	0.935717738038	0.930401159981	0.933784436926	0.940067665539	0.942000966651	0.930884485259	0.919768003867	0.924117931368	0.926534557757	0.922667955534	0.926051232479	0.930401159981	0.928467858869	0.936684388594	0.950217496375	0.939584340261
AB8	0.716288061866	0.736587723538	0.741420976317	0.567907201547	0.75688738521	0.760270662156	0.775737071049	0.769453842436	0.752537457709	0.771870468826	0.787820202997	0.72692121798	0.766070565491	0.678105364911	0.769453842436	0.730304494925	0.768970517158	0.759787336878	0.409859835669	0.0	0.658772353794	0.675688738521	0.767037216046	0.753504108265	0.730787820203	0.65055582407	0.713871435476	0.703238279362	0.546157564041	0.514258095698	0.737071048816	0.734171097148	0.766553890768	0.775253745771	0.813919768004	0.77767037216	0.785403576607	0.744320927985	0.781053649106	0.751570807153	0.762687288545	0.732237796037	0.726437892702	0.739004349928	0.794103431609	0.794103431609	0.809086515225	0.768970517158	0.794103431609	0.778153697438	0.783953600773	0.779603673272	0.757854035766	0.765103914935	0.769937167714	0.763653939101	0.768003866602	0.781536974384	0.768003866602	0.774287095215	0.778153697438	0.774287095215
AC7	0.628322861286	0.673755437409	0.882068632189	0.663122281295	0.72692121798	0.58337361044	0.721604639923	0.593040115998	0.55775737071	0.641855969067	0.589173513775	0.683421942968	0.672788786854	0.817303044949	0.720154664089	0.649589173514	0.589173513775	0.586756887385	0.817786370227	0.658772353794	0.0	0.376027066216	0.583856935718	0.562107298212	0.822136297728	0.574673755437	0.547607539874	0.516674722088	0.475592073465	0.475108748188	0.569840502658	0.55775737071	0.564523924601	0.603189946834	0.816819719671	0.745770903818	0.625422909618	0.649105848236	0.617206379894	0.736587723538	0.679555340744	0.720637989367	0.69453842436	0.662155630739	0.642339294345	0.609473175447	0.807636539391	0.769453842436	0.804736587724	0.785403576607	0.749637506042	0.783953600773	0.69212179797	0.683421942968	0.677622039633	0.69212179797	0.686321894635	0.778637022716	0.688738521025	0.772353794103	0.617206379894	0.74528757854
AC8	0.577573707105	0.581440309328	0.906234896085	0.637022716288	0.674238762687	0.523924601257	0.686321894635	0.512324794587	0.482841952634	0.578057032383	0.546157564041	0.622039632673	0.591106814886	0.837602706622	0.641372643789	0.56935717738	0.501208313195	0.496858385694	0.845819236346	0.675688738521	0.376027066216	0.0	0.500241662639	0.487675205413	0.838569357177	0.543257612373	0.399226679555	0.384726921218	0.451909134848	0.472692121798	0.526341227646	0.47462542291	0.48622522958	0.51619139681	0.739004349928	0.670855485742	0.553407443209	0.583856935718	0.55099081682	0.654422426293	0.60415659739	0.682455292412	0.646689221846	0.599806669889	0.570807153214	0.542774287095	0.73610439826	0.686805219913	0.734654422426	0.714354760754	0.670855485742	0.709521507975	0.611406476559	0.608023199613	0.605606573224	0.616239729338	0.601739971	0.697921701305	0.609956500725	0.700821652972	0.540357660706	0.665538907685
AD7	0.602706621556	0.589656839053	0.957467375544	0.666505558241	0.713871435476	0.505558240696	0.700338327695	0.495891735138	0.472692121798	0.585790236829	0.438376027066	0.647172547124	0.580473658772	0.885935234413	0.635089415176	0.58337361044	0.477042049299	0.457709038183	0.940067665539	0.767037216046	0.583856935718	0.500241662639	0.0	0.274528757854	0.901401643306	0.533591106815	0.426292895118	0.455292411793	0.521991300145	0.555340744321	0.502174963751	0.475108748188	0.470758820686	0.534557757371	0.744320927985	0.67133881102	0.494925084582	0.601256645723	0.53939101015	0.654905751571	0.602706621556	0.724021266312	0.694055099082	0.612373127115	0.553890768487	0.534074432093	0.732237796037	0.679072015466	0.73368777187	0.714838086032	0.666505558241	0.700338327695	0.617689705172	0.605606573224	0.596423392943	0.611406476559	0.596906718221	0.696955050749	0.605606573224	0.694055099082	0.552924117931	0.660705654906
AD8	0.588690188497	0.576123731271	0.951667472209	0.653455775737	0.699855002417	0.491541807637	0.69453842436	0.480908651522	0.458675688739	0.574190430159	0.434026099565	0.633639439343	0.572740454326	0.880618656356	0.628806186564	0.570807153214	0.468825519575	0.45142580957	0.924117931368	0.753504108265	0.562107298212	0.487675205413	0.274528757854	0.0	0.869502174964	0.501691638473	0.406476558724	0.442725954567	0.49540840986	0.528757854036	0.497825036249	0.471242145964	0.455292411793	0.523924601257	0.73852102465	0.668438859352	0.484775253746	0.579990333494	0.529724504592	0.647172547124	0.589656839053	0.716288061866	0.685355244079	0.59255679072	0.54857419043	0.531174480425	0.72692121798	0.672305461576	0.728854519091	0.706138231029	0.660222329628	0.691638472692	0.608989850169	0.593523441276	0.583856935718	0.603189946834	0.590140164331	0.689221846303	0.602706621556	0.685355244079	0.545190913485	0.650072498792
AE7	0.830352827453	0.876752054132	0.850652489125	0.798936684389	0.831802803287	0.889801836636	0.913968100532	0.898985016916	0.887385210246	0.907201546641	0.920251329145	0.848719188014	0.889318511358	0.825036249396	0.899951667472	0.856935717738	0.873852102465	0.866118898018	0.745770903818	0.730787820203	0.822136297728	0.838569357177	0.901401643306	0.869502174964	0.0	0.543740937651	0.868535524408	0.855485741904	0.764137264379	0.750604156597	0.838086031899	0.837602706622	0.901884968584	0.908651522475	0.932334461092	0.92363460609	0.919768003867	0.894635089415	0.915418076365	0.8796520058	0.897535041083	0.877718704688	0.882068632189	0.869985500242	0.93281778637	0.926534557757	0.893185113581	0.895118414693	0.911068148864	0.899951667472	0.903818269696	0.896085065249	0.887868535524	0.889801836636	0.903334944418	0.884968583857	0.901884968584	0.898018366361	0.90043499275	0.91203479942	0.912518124698	0.906234896085
AE8	0.583856935718	0.625906234896	0.880618656356	0.640889318511	0.676172063799	0.58337361044	0.681005316578	0.59497341711	0.584340260996	0.609473175447	0.618173030449	0.619139681005	0.632672788787	0.806669888835	0.685355244079	0.603189946834	0.593040115998	0.579990333494	0.804253262446	0.65055582407	0.574673755437	0.543257612373	0.533591106815	0.501691638473	0.543740937651	0.0	0.567423876269	0.552924117931	0.503624939584	0.488641855969	0.56935717738	0.552924117931	0.601739971	0.608506524891	0.774287095215	0.710488158531	0.62735621073	0.608506524891	0.612856452392	0.665538907685	0.630739487675	0.696471725471	0.673755437409	0.611889801837	0.62735621073	0.627839536008	0.745770903818	0.693571773804	0.75688738521	0.717254712421	0.691638472692	0.714838086032	0.647655872402	0.628806186564	0.637989366844	0.644272595457	0.652489125181	0.713871435476	0.653455775737	0.710488158531	0.607056549058	0.676655389077
AF7	0.58095698405	0.560657322378	0.932334461092	0.644755920735	0.658289028516	0.484291928468	0.693571773804	0.465442242629	0.446109231513	0.572257129048	0.447559207347	0.589656839053	0.553407443209	0.859835669406	0.640405993233	0.564040599323	0.44900918318	0.42822619623	0.886901884969	0.713871435476	0.547607539874	0.399226679555	0.426292895118	0.406476558724	0.868535524408	0.567423876269	0.0	0.339294345094	0.4813919768	0.511358144031	0.483325277912	0.464958917351	0.420492991783	0.491541807637	0.704204929918	0.634606089899	0.468342194297	0.55775737071	0.50700821653	0.621556307395	0.5601739971	0.704204929918	0.667472208797	0.56935717738	0.53939101015	0.507491541808	0.676172063799	0.634606089899	0.696471725471	0.678588690188	0.625906234896	0.651039149348	0.571290478492	0.556307394877	0.552440792653	0.565007249879	0.558724021266	0.648622522958	0.578540357661	0.659255679072	0.505558240696	0.617206379894
AF8	0.559690671822	0.575640405993	0.927984533591	0.639439342678	0.679072015466	0.495891735138	0.691155147414	0.475592073465	0.453359110681	0.568873852102	0.503141614306	0.620106331561	0.577090381827	0.858385693572	0.637506041566	0.552440792653	0.475592073465	0.469308844853	0.880618656356	0.703238279362	0.516674722088	0.384726921218	0.455292411793	0.442725954567	0.855485741904	0.552924117931	0.339294345094	0.0	0.468825519575	0.49540840986	0.514258095698	0.460125664572	0.452875785404	0.511841469309	0.730304494925	0.658772353794	0.510391493475	0.561623972934	0.530691155147	0.630256162397	0.579990333494	0.686321894635	0.64813919768	0.569840502658	0.552440792653	0.529724504592	0.69212179797	0.652005799903	0.706138231029	0.687288545191	0.642822619623	0.667472208797	0.591106814886	0.577573707105	0.574190430159	0.586273562107	0.56935717738	0.662638956017	0.578057032383	0.677138714355	0.513291445143	0.630739487675
AG7	0.594006766554	0.61575640406	0.836636056066	0.567423876269	0.675688738521	0.529241179314	0.688738521025	0.518124697922	0.498791686805	0.576607056549	0.553890768487	0.626872885452	0.616723054616	0.768970517158	0.666988883519	0.590623489609	0.542774287095	0.531657805703	0.72450459159	0.546157564041	0.475592073465	0.451909134848	0.521991300145	0.49540840986	0.764137264379	0.503624939584	0.4813919768	0.468825519575	0.0	0.293378443693	0.555340744321	0.520541324311	0.521991300145	0.558240695988	0.752537457709	0.676655389077	0.550507491542	0.582406959884	0.551474142098	0.658772353794	0.608506524891	0.670855485742	0.637506041566	0.588690188497	0.599323344611	0.58095698405	0.739487675205	0.690188496858	0.73610439826	0.720154664089	0.676655389077	0.713871435476	0.633639439343	0.617206379894	0.618173030449	0.631222812953	0.635572740454	0.708071532141	0.644755920735	0.698405026583	0.588206863219	0.667472208797
AG8	0.581440309328	0.61575640406	0.823102948284	0.580473658772	0.682455292412	0.552924117931	0.678105364911	0.558724021266	0.540840985984	0.593040115998	0.586756887385	0.634606089899	0.619623006283	0.758337361044	0.679555340744	0.593523441276	0.570323827936	0.556790720155	0.687288545191	0.514258095698	0.475108748188	0.472692121798	0.555340744321	0.528757854036	0.750604156597	0.488641855969	0.511358144031	0.49540840986	0.293378443693	0.0	0.557274045433	0.535041082649	0.5601739971	0.579507008217	0.769937167714	0.695988400193	0.586756887385	0.595456742388	0.575640405993	0.665538907685	0.618656355727	0.676655389077	0.651039149348	0.60657322378	0.618656355727	0.602223296278	0.751570807153	0.69453842436	0.749154180764	0.727404543258	0.693088448526	0.72450459159	0.646689221846	0.625906234896	0.628806186564	0.642339294345	0.639439342678	0.720154664089	0.655872402127	0.710004833253	0.60415659739	0.6805219913
AH7	0.593523441276	0.6389560174	0.947800869986	0.700821652972	0.701788303528	0.560657322378	0.710004833253	0.546157564041	0.53697438376	0.628322861286	0.525857902368	0.651039149348	0.632189463509	0.885451909135	0.694055099082	0.605606573224	0.517158047366	0.467858869019	0.889801836636	0.737071048816	0.569840502658	0.526341227646	0.502174963751	0.497825036249	0.838086031899	0.56935717738	0.483325277912	0.514258095698	0.555340744321	0.557274045433	0.0	0.32866118898	0.549540840986	0.60657322378	0.786853552441	0.725954567424	0.552924117931	0.658772353794	0.612856452392	0.686321894635	0.651522474625	0.76848719188	0.740937651039	0.666505558241	0.63653939101	0.608989850169	0.750120831319	0.722087965201	0.766553890768	0.733204446593	0.704688255196	0.733204446593	0.635089415176	0.63653939101	0.620106331561	0.635089415176	0.634122764621	0.726437892702	0.63653939101	0.723054615756	0.603189946834	0.710004833253
AH8	0.573707104882	0.573707104882	0.94441759304	0.651522474625	0.653939101015	0.508941517641	0.6805219913	0.48622522958	0.484291928468	0.584823586274	0.509424842919	0.603189946834	0.563073948768	0.868535524408	0.635572740454	0.554857419043	0.404543257612	0.376027066216	0.901401643306	0.734171097148	0.55775737071	0.47462542291	0.475108748188	0.471242145964	0.837602706622	0.552924117931	0.464958917351	0.460125664572	0.520541324311	0.535041082649	0.32866118898	0.0	0.487191880135	0.535524407927	0.755437409377	0.688738521025	0.534557757371	0.603673272112	0.5601739971	0.638472692122	0.597873368777	0.725954567424	0.691638472692	0.616723054616	0.58095698405	0.563557274045	0.699371677139	0.664088931851	0.721604639923	0.687771870469	0.651522474625	0.676655389077	0.588690188497	0.583856935718	0.575157080715	0.588206863219	0.579507008217	0.67133881102	0.592073465442	0.683421942968	0.550507491542	0.653939101015
AA5	0.59497341711	0.517641372644	0.954567423876	0.646689221846	0.60657322378	0.436926051232	0.637506041566	0.400193330111	0.392943450942	0.523441275979	0.425809569841	0.541807636539	0.517641372644	0.885451909135	0.569840502658	0.555340744321	0.415659739004	0.409376510391	0.928951184147	0.766553890768	0.564523924601	0.48622522958	0.470758820686	0.455292411793	0.901884968584	0.601739971	0.420492991783	0.452875785404	0.521991300145	0.5601739971	0.549540840986	0.487191880135	0.0	0.32866118898	0.674238762687	0.579507008217	0.448042532624	0.483325277912	0.476075398743	0.565973900435	0.487191880135	0.645239246013	0.603189946834	0.510391493475	0.510874818753	0.469308844853	0.682455292412	0.632672788787	0.668438859352	0.651039149348	0.640405993233	0.669888835186	0.539874335428	0.554857419043	0.561623972934	0.55775737071	0.542774287095	0.664572257129	0.569840502658	0.635089415176	0.499275012083	0.612856452392
AA6	0.608506524891	0.520057999033	0.955050749154	0.653939101015	0.617206379894	0.470275495408	0.64813919768	0.442725954567	0.442725954567	0.533591106815	0.487675205413	0.549540840986	0.520541324311	0.882551957467	0.582890285162	0.558724021266	0.471242145964	0.473658772354	0.941517641373	0.775253745771	0.603189946834	0.51619139681	0.534557757371	0.523924601257	0.908651522475	0.608506524891	0.491541807637	0.511841469309	0.558240695988	0.579507008217	0.60657322378	0.535524407927	0.32866118898	0.0	0.66892218463	0.576123731271	0.510391493475	0.50700821653	0.488158530691	0.583856935718	0.495891735138	0.668438859352	0.627839536008	0.536007733204	0.448525857902	0.421459642339	0.673755437409	0.626389560174	0.664572257129	0.649589173514	0.626389560174	0.657805703238	0.538907684872	0.548090865152	0.551957467376	0.553890768487	0.545190913485	0.656355727405	0.57177380377	0.635572740454	0.509424842919	0.608023199613
AB5	0.748670855486	0.66892218463	0.968100531658	0.726437892702	0.629772837119	0.653455775737	0.732721121315	0.662638956017	0.668438859352	0.692605123248	0.67133881102	0.61575640406	0.664088931851	0.903334944418	0.707588206863	0.703238279362	0.710004833253	0.709038182697	0.948767520541	0.813919768004	0.816819719671	0.739004349928	0.744320927985	0.73852102465	0.932334461092	0.774287095215	0.704204929918	0.730304494925	0.752537457709	0.769937167714	0.786853552441	0.755437409377	0.674238762687	0.66892218463	0.0	0.309328177864	0.611406476559	0.663122281295	0.620106331561	0.619139681005	0.602706621556	0.747220879652	0.730304494925	0.654422426293	0.619623006283	0.622039632673	0.603189946834	0.61575640406	0.633156114065	0.603673272112	0.623006283229	0.616239729338	0.598840019333	0.605123247946	0.617206379894	0.623006283229	0.65973900435	0.593523441276	0.653939101015	0.609473175447	0.670372160464	0.612856452392
AB6	0.680038666022	0.596906718221	0.958917351377	0.668438859352	0.585306911551	0.56935717738	0.669405509908	0.576123731271	0.587723537941	0.615273078782	0.607056549058	0.529724504592	0.602223296278	0.891735137748	0.642822619623	0.631222812953	0.642339294345	0.642339294345	0.941517641373	0.77767037216	0.745770903818	0.670855485742	0.67133881102	0.668438859352	0.92363460609	0.710488158531	0.634606089899	0.658772353794	0.676655389077	0.695988400193	0.725954567424	0.688738521025	0.579507008217	0.576123731271	0.309328177864	0.0	0.553890768487	0.580473658772	0.556307394877	0.551474142098	0.534074432093	0.679555340744	0.652489125181	0.559690671822	0.544707588207	0.551474142098	0.583856935718	0.545674238763	0.585306911551	0.557274045433	0.552924117931	0.568390526825	0.523924601257	0.547607539874	0.563073948768	0.566940550991	0.586273562107	0.549057515708	0.592073465442	0.552440792653	0.612856452392	0.540840985984
AC5	0.60657322378	0.584823586274	0.969067182214	0.666022232963	0.628806186564	0.448042532624	0.677622039633	0.466892218463	0.442725954567	0.566457225713	0.409859835669	0.554374093765	0.551474142098	0.895601739971	0.64572257129	0.594490091832	0.478975350411	0.458192363461	0.950700821653	0.785403576607	0.625422909618	0.553407443209	0.494925084582	0.484775253746	0.919768003867	0.62735621073	0.468342194297	0.510391493475	0.550507491542	0.586756887385	0.552924117931	0.534557757371	0.448042532624	0.510391493475	0.611406476559	0.553890768487	0.0	0.46979217013	0.444659255679	0.599806669889	0.522474625423	0.723537941034	0.670855485742	0.568390526825	0.47220879652	0.44900918318	0.601256645723	0.565007249879	0.617689705172	0.587240212663	0.564523924601	0.587723537941	0.512324794587	0.488641855969	0.499275012083	0.528274528758	0.573707104882	0.585790236829	0.587240212663	0.573707104882	0.514258095698	0.540840985984
AC6	0.617206379894	0.529241179314	0.948284195263	0.643789270179	0.589656839053	0.521024649589	0.526824552924	0.476558724021	0.527307878202	0.462058965684	0.554857419043	0.535524407927	0.549057515708	0.867085548574	0.558240695988	0.568873852102	0.558240695988	0.564523924601	0.905268245529	0.744320927985	0.649105848236	0.583856935718	0.601256645723	0.579990333494	0.894635089415	0.608506524891	0.55775737071	0.561623972934	0.582406959884	0.595456742388	0.658772353794	0.603673272112	0.483325277912	0.50700821653	0.663122281295	0.580473658772	0.46979217013	0.0	0.533107781537	0.522957950701	0.506041565974	0.480908651522	0.427742870952	0.41904301595	0.5601739971	0.567423876269	0.666505558241	0.625422909618	0.662155630739	0.632672788787	0.635572740454	0.658289028516	0.576607056549	0.568873852102	0.572740454326	0.586273562107	0.542774287095	0.651039149348	0.565490575157	0.617689705172	0.549057515708	0.60657322378
AD6	0.601739971	0.553890768487	0.966650555824	0.637989366844	0.582890285162	0.427259545674	0.633156114065	0.457225712905	0.450459159014	0.530691155147	0.449492508458	0.515708071532	0.532624456259	0.890768487192	0.619623006283	0.569840502658	0.48622522958	0.48622522958	0.949734171097	0.781053649106	0.617206379894	0.55099081682	0.53939101015	0.529724504592	0.915418076365	0.612856452392	0.50700821653	0.530691155147	0.551474142098	0.575640405993	0.612856452392	0.5601739971	0.476075398743	0.488158530691	0.620106331561	0.556307394877	0.444659255679	0.533107781537	0.0	0.554857419043	0.43064282262	0.705654905752	0.667472208797	0.564040599323	0.480908651522	0.452392460126	0.59255679072	0.549540840986	0.593523441276	0.561140647656	0.549057515708	0.574673755437	0.484775253746	0.468825519575	0.483325277912	0.501691638473	0.565490575157	0.574673755437	0.565973900435	0.55775737071	0.47220879652	0.534074432093
AE5	0.635572740454	0.536007733204	0.969550507492	0.640405993233	0.548090865152	0.564040599323	0.583856935718	0.540357660706	0.598840019333	0.526824552924	0.621556307395	0.507974867086	0.572740454326	0.886901884969	0.560657322378	0.585306911551	0.609956500725	0.608506524891	0.920734654422	0.751570807153	0.736587723538	0.654422426293	0.654905751571	0.647172547124	0.8796520058	0.665538907685	0.621556307395	0.630256162397	0.658772353794	0.665538907685	0.686321894635	0.638472692122	0.565973900435	0.583856935718	0.619139681005	0.551474142098	0.599806669889	0.522957950701	0.554857419043	0.0	0.359594006767	0.614306428226	0.587240212663	0.516674722088	0.624456259062	0.632672788787	0.636056065732	0.602706621556	0.640405993233	0.602706621556	0.621072982117	0.632672788787	0.546157564041	0.565490575157	0.596906718221	0.558724021266	0.551957467376	0.623489608507	0.564523924601	0.601739971	0.58337361044	0.607539874335
AE6	0.602706621556	0.49540840986	0.968583856936	0.631706138231	0.561623972934	0.478008699855	0.575157080715	0.467375543741	0.517158047366	0.512808119865	0.528274528758	0.500241662639	0.512324794587	0.888351860802	0.564523924601	0.541807636539	0.545674238763	0.545190913485	0.935717738038	0.762687288545	0.679555340744	0.60415659739	0.602706621556	0.589656839053	0.897535041083	0.630739487675	0.5601739971	0.579990333494	0.608506524891	0.618656355727	0.651522474625	0.597873368777	0.487191880135	0.495891735138	0.602706621556	0.534074432093	0.522474625423	0.506041565974	0.43064282262	0.359594006767	0.0	0.655872402127	0.614789753504	0.504108264862	0.535041082649	0.546157564041	0.610439826003	0.566457225713	0.600773320445	0.575157080715	0.574190430159	0.598840019333	0.4813919768	0.481875302078	0.502174963751	0.499275012083	0.509908168197	0.590623489609	0.537457709038	0.573223779604	0.499275012083	0.550507491542
AF5	0.716771387144	0.640889318511	0.934751087482	0.68970517158	0.678105364911	0.688255195747	0.558240695988	0.639922667956	0.681971967134	0.597873368777	0.722571290478	0.632672788787	0.683421942968	0.853552440793	0.601256645723	0.679555340744	0.718704688255	0.729337844369	0.873852102465	0.732237796037	0.720637989367	0.682455292412	0.724021266312	0.716288061866	0.877718704688	0.696471725471	0.704204929918	0.686321894635	0.670855485742	0.676655389077	0.76848719188	0.725954567424	0.645239246013	0.668438859352	0.747220879652	0.679555340744	0.723537941034	0.480908651522	0.705654905752	0.614306428226	0.655872402127	0.0	0.276945384244	0.543257612373	0.72692121798	0.728854519091	0.770420492992	0.718221362977	0.752054132431	0.72450459159	0.737554374094	0.757370710488	0.699371677139	0.722087965201	0.730304494925	0.721604639923	0.681971967134	0.754470758821	0.688255195747	0.716771387144	0.720637989367	0.721604639923
AF6	0.691155147414	0.610439826003	0.930884485259	0.66892218463	0.652005799903	0.654422426293	0.531174480425	0.598840019333	0.644755920735	0.558724021266	0.691155147414	0.607056549058	0.647172547124	0.854035766071	0.58337361044	0.644272595457	0.677622039633	0.690671822136	0.880135331078	0.726437892702	0.69453842436	0.646689221846	0.694055099082	0.685355244079	0.882068632189	0.673755437409	0.667472208797	0.64813919768	0.637506041566	0.651039149348	0.740937651039	0.691638472692	0.603189946834	0.627839536008	0.730304494925	0.652489125181	0.670855485742	0.427742870952	0.667472208797	0.587240212663	0.614789753504	0.276945384244	0.0	0.502658289029	0.693088448526	0.695505074915	0.74770420493	0.70130497825	0.735621072982	0.698405026583	0.703238279362	0.735621072982	0.665538907685	0.684388593523	0.697921701305	0.683421942968	0.639439342678	0.72692121798	0.646689221846	0.69453842436	0.685355244079	0.68293861769
