	AA3	AA4	AB3	AB4	AC3	AC4	AD3	AD4	AE3	AE4	AF3	AF4	AG3	AG4	AH3	AH4	AA7	AA8	AB7	AB8	AC7	AC8	AD7	AD8	AE7	AE8	AF7	AF8	AG7	AG8	AH7	AH8	AA5	AA6	AB5	AB6	AC5	AC6	AD6	AE5	AE6	AF5	AF6	AG5	AH5	AH6	AA1	AA2	AB1	AB2	AC1	AC2	AD1	AD2	AE1	AE2	AF1	AF2	AG1	AG2	AH1	AH2
AA3	0.0	0.470758820686	0.928951184147	0.626389560174	0.652005799903	0.575157080715	0.677138714355	0.599806669889	0.558724021266	0.625906234896	0.61333977767	0.613823102948	0.577573707105	0.849202513291	0.641372643789	0.326727887869	0.582890285162	0.563557274045	0.866118898018	0.709038182697	0.603189946834	0.564040599323	0.592073465442	0.59497341711	0.830836152731	0.592073465442	0.562107298212	0.564523924601	0.58337361044	0.591106814886	0.598356694055	0.570323827936	0.577573707105	0.604639922668	0.749637506042	0.685838569357	0.612856452392	0.625906234896	0.603673272112	0.631706138231	0.597390043499	0.711938134364	0.690188496858	0.637989366844	0.630739487675	0.619623006283	0.685838569357	0.651039149348	0.706138231029	0.65973900435	0.639922667956	0.657805703238	0.570323827936	0.570807153214	0.572257129048	0.568873852102	0.58337361044	0.673272112131	0.584340260996	0.656839052682	0.579507008217	0.645239246013
AA4	0.470758820686	0.0	0.94683421943	0.575640405993	0.56935717738	0.511841469309	0.582890285162	0.492508458192	0.521024649589	0.510874818753	0.568390526825	0.50700821653	0.490575157081	0.858385693572	0.37264378927	0.359110681489	0.546157564041	0.544224262929	0.892701788304	0.733204446593	0.652005799903	0.581923634606	0.588690188497	0.582406959884	0.869018849686	0.628322861286	0.563073948768	0.57177380377	0.600773320445	0.616239729338	0.628806186564	0.573223779604	0.517641372644	0.535041082649	0.675688738521	0.593523441276	0.572740454326	0.519574673755	0.549057515708	0.519574673755	0.491058482359	0.621556307395	0.585306911551	0.526341227646	0.581440309328	0.586756887385	0.666022232963	0.595940067666	0.643305944901	0.599806669889	0.599323344611	0.623006283229	0.53020782987	0.529241179314	0.543257612373	0.526341227646	0.50459159014	0.634122764621	0.496375060416	0.599323344611	0.537457709038	0.58095698405
AB3	0.928951184147	0.94683421943	0.0	0.665538907685	0.914934751087	0.95360077332	0.957467375544	0.94441759304	0.925084581924	0.947317544708	0.971967133881	0.939101014983	0.96520057999	0.324794586757	0.959884001933	0.935717738038	0.969550507492	0.966167230546	0.735137747704	0.755437409377	0.885935234413	0.905268245529	0.956984050266	0.949250845819	0.849202513291	0.906718221363	0.937651039149	0.927984533591	0.858385693572	0.822136297728	0.951667472209	0.947800869986	0.954084098598	0.962300628323	0.971967133881	0.969067182214	0.971000483325	0.951667472209	0.970033832769	0.970033832769	0.968583856936	0.927017883035	0.926051232479	0.94683421943	0.971483808603	0.970517158047	0.971967133881	0.969067182214	0.968583856936	0.969550507492	0.973900434993	0.969550507492	0.971967133881	0.971483808603	0.975833736104	0.971000483325	0.969550507492	0.971967133881	0.969550507492	0.969550507492	0.971000483325	0.971000483325
AB4	0.626389560174	0.575640405993	0.665538907685	0.0	0.637022716288	0.617206379894	0.686321894635	0.618173030449	0.598356694055	0.638472692122	0.645239246013	0.608506524891	0.481875302078	0.558724021266	0.60415659739	0.578057032383	0.629772837119	0.627839536008	0.72692121798	0.578540357661	0.64572257129	0.609956500725	0.652005799903	0.635572740454	0.791203479942	0.651039149348	0.640405993233	0.625906234896	0.57177380377	0.568873852102	0.686321894635	0.637506041566	0.629289511841	0.652005799903	0.728371193813	0.673755437409	0.659255679072	0.642339294345	0.625422909618	0.635572740454	0.624456259062	0.65055582407	0.652489125181	0.631706138231	0.680038666022	0.673755437409	0.710004833253	0.672788786854	0.696955050749	0.672788786854	0.671822136298	0.670372160464	0.633639439343	0.632672788787	0.648622522958	0.637506041566	0.637506041566	0.689221846303	0.626872885452	0.670855485742	0.645239246013	0.671822136298
AC3	0.652005799903	0.56935717738	0.914934751087	0.637022716288	0.0	0.517158047366	0.646689221846	0.549540840986	0.56935717738	0.585306911551	0.619623006283	0.339294345094	0.596906718221	0.836636056066	0.603673272112	0.60415659739	0.626389560174	0.608506524891	0.875785403577	0.755437409377	0.734171097148	0.679072015466	0.720637989367	0.702271628806	0.829386176897	0.6805219913	0.649589173514	0.691638472692	0.669405509908	0.680038666022	0.704204929918	0.662155630739	0.612373127115	0.635572740454	0.620106331561	0.575157080715	0.628322861286	0.572257129048	0.596423392943	0.546640889319	0.563557274045	0.647655872402	0.639922667956	0.561140647656	0.656355727405	0.642822619623	0.601739971	0.59255679072	0.596423392943	0.565973900435	0.595456742388	0.586756887385	0.533107781537	0.58337361044	0.582890285162	0.579990333494	0.614789753504	0.577573707105	0.622039632673	0.600773320445	0.622039632673	0.592073465442
AC4	0.575157080715	0.511841469309	0.95360077332	0.617206379894	0.517158047366	0.0	0.629772837119	0.420009666506	0.394876752054	0.52779120348	0.322377960367	0.416143064282	0.496858385694	0.873852102465	0.571290478492	0.531657805703	0.456742387627	0.44224262929	0.92363460609	0.754954084099	0.58337361044	0.518124697922	0.498308361527	0.50459159014	0.88883518608	0.577090381827	0.470275495408	0.499758337361	0.522957950701	0.564040599323	0.557274045433	0.496375060416	0.423876268729	0.483325277912	0.654422426293	0.58095698405	0.459642339294	0.501691638473	0.421459642339	0.558724021266	0.477042049299	0.685838569357	0.655389076849	0.523924601257	0.518124697922	0.479942000967	0.661188980184	0.59497341711	0.614306428226	0.584340260996	0.581440309328	0.618173030449	0.504108264862	0.500241662639	0.516674722088	0.505074915418	0.553890768487	0.621556307395	0.541807636539	0.585306911551	0.478492025133	0.573223779604
AD3	0.677138714355	0.582890285162	0.957467375544	0.686321894635	0.646689221846	0.629772837119	0.0	0.519091348478	0.63653939101	0.369260512325	0.670372160464	0.605606573224	0.639439342678	0.873368777187	0.561140647656	0.631706138231	0.683421942968	0.682455292412	0.940550990817	0.779120347994	0.713388110198	0.684388593523	0.693088448526	0.687771870469	0.914934751087	0.695505074915	0.696471725471	0.691638472692	0.688255195747	0.681971967134	0.719671338811	0.690671822136	0.638472692122	0.647172547124	0.738037699372	0.66892218463	0.680038666022	0.534074432093	0.630739487675	0.568390526825	0.575157080715	0.547607539874	0.521507974867	0.545674238763	0.696955050749	0.688255195747	0.77090381827	0.705654905752	0.739971000483	0.711938134364	0.703238279362	0.731754470759	0.652005799903	0.65732237796	0.667955534074	0.652489125181	0.633639439343	0.731754470759	0.6389560174	0.712421459642	0.688738521025	0.695021749638
AD4	0.599806669889	0.492508458192	0.94441759304	0.618173030449	0.549540840986	0.420009666506	0.519091348478	0.0	0.330111164814	0.39584340261	0.447075882069	0.478008699855	0.496858385694	0.860318994683	0.540840985984	0.533591106815	0.484291928468	0.47462542291	0.934751087482	0.767520541324	0.586756887385	0.513291445143	0.523441275979	0.517158047366	0.902368293862	0.593523441276	0.47220879652	0.505074915418	0.523441275979	0.555340744321	0.568873852102	0.509908168197	0.427742870952	0.46060898985	0.644272595457	0.563073948768	0.465925567907	0.467858869019	0.424359594007	0.547607539874	0.47220879652	0.643789270179	0.606089898502	0.487675205413	0.496858385694	0.471242145964	0.668438859352	0.601739971	0.633639439343	0.603673272112	0.598840019333	0.62493958434	0.517641372644	0.509424842919	0.514741420976	0.510391493475	0.540840985984	0.632672788787	0.542290961817	0.610439826003	0.511358144031	0.585790236829
AE3	0.558724021266	0.521024649589	0.925084581924	0.598356694055	0.56935717738	0.394876752054	0.63653939101	0.330111164814	0.0	0.51619139681	0.399710004833	0.512808119865	0.494925084582	0.847752537458	0.565973900435	0.536491058482	0.447559207347	0.440309328178	0.9212179797	0.755920734654	0.551957467376	0.485258579024	0.473658772354	0.485258579024	0.882068632189	0.579507008217	0.428709521508	0.458675688739	0.470758820686	0.536491058482	0.544224262929	0.478492025133	0.391010149831	0.469308844853	0.675688738521	0.60415659739	0.454325761237	0.515708071532	0.422426292895	0.595940067666	0.517158047366	0.685838569357	0.652489125181	0.524891251812	0.504108264862	0.466892218463	0.674238762687	0.611406476559	0.641372643789	0.616239729338	0.601256645723	0.636056065732	0.529724504592	0.523441275979	0.533107781537	0.529241179314	0.571290478492	0.648622522958	0.556790720155	0.614306428226	0.491541807637	0.595456742388
AE4	0.625906234896	0.510874818753	0.947317544708	0.638472692122	0.585306911551	0.52779120348	0.369260512325	0.39584340261	0.51619139681	0.0	0.579023682939	0.522474625423	0.559207346544	0.864185596907	0.53697438376	0.568390526825	0.583856935718	0.58095698405	0.932334461092	0.770420492992	0.654422426293	0.596423392943	0.603189946834	0.598840019333	0.909134847753	0.62735621073	0.582406959884	0.586756887385	0.585790236829	0.60415659739	0.647655872402	0.598356694055	0.545190913485	0.555824069599	0.686321894635	0.608023199613	0.57177380377	0.467375543741	0.535041082649	0.523924601257	0.496375060416	0.581440309328	0.549540840986	0.495891735138	0.597390043499	0.594006766554	0.721121314645	0.657805703238	0.688255195747	0.661672305462	0.651039149348	0.673755437409	0.588690188497	0.58095698405	0.581923634606	0.575640405993	0.568873852102	0.68293861769	0.582406959884	0.666988883519	0.586273562107	0.642339294345
AF3	0.61333977767	0.568390526825	0.971967133881	0.645239246013	0.619623006283	0.322377960367	0.670372160464	0.447075882069	0.399710004833	0.579023682939	0.0	0.51619139681	0.524891251812	0.890285161914	0.602223296278	0.587240212663	0.427259545674	0.428709521508	0.957950700822	0.794103431609	0.598356694055	0.546157564041	0.449492508458	0.461092315128	0.9212179797	0.60657322378	0.440792653456	0.502174963751	0.526824552924	0.595456742388	0.532141130981	0.488641855969	0.422909618173	0.503624939584	0.684871918801	0.620589656839	0.429192846786	0.541324311261	0.429192846786	0.614306428226	0.535041082649	0.72450459159	0.687288545191	0.552924117931	0.5186080232	0.472692121798	0.680038666022	0.614306428226	0.652005799903	0.61575640406	0.605123247946	0.637989366844	0.544224262929	0.520057999033	0.532141130981	0.530691155147	0.594006766554	0.64813919768	0.584823586274	0.608989850169	0.500724987917	0.591590140164
AF4	0.613823102948	0.50700821653	0.939101014983	0.608506524891	0.339294345094	0.416143064282	0.605606573224	0.478008699855	0.512808119865	0.522474625423	0.51619139681	0.0	0.538424359594	0.855485741904	0.542290961817	0.553890768487	0.563557274045	0.556790720155	0.901401643306	0.736587723538	0.69212179797	0.630256162397	0.652005799903	0.633156114065	0.859352344128	0.639922667956	0.590623489609	0.631222812953	0.628322861286	0.645239246013	0.652972450459	0.602706621556	0.550024166264	0.574673755437	0.621556307395	0.535041082649	0.550507491542	0.52537457709	0.512324794587	0.505558240696	0.512808119865	0.626872885452	0.609956500725	0.522474625423	0.578057032383	0.564040599323	0.611889801837	0.548090865152	0.575640405993	0.530691155147	0.538907684872	0.558240695988	0.483325277912	0.510874818753	0.526824552924	0.522957950701	0.567907201547	0.571290478492	0.561140647656	0.547607539874	0.55099081682	0.534074432093
AG3	0.577573707105	0.490575157081	0.96520057999	0.481875302078	0.596906718221	0.496858385694	0.639439342678	0.496858385694	0.494925084582	0.559207346544	0.524891251812	0.538424359594	0.0	0.855969067182	0.535524407927	0.523441275979	0.512808119865	0.505074915418	0.931367810536	0.766070565491	0.651522474625	0.587240212663	0.585306911551	0.583856935718	0.885935234413	0.626872885452	0.537457709038	0.573707104882	0.59255679072	0.618173030449	0.626872885452	0.551957467376	0.521991300145	0.531657805703	0.665538907685	0.598840019333	0.536007733204	0.529724504592	0.507491541808	0.568390526825	0.506524891252	0.674238762687	0.642339294345	0.526824552924	0.559207346544	0.559690671822	0.635572740454	0.586756887385	0.623489608507	0.598356694055	0.588690188497	0.595940067666	0.519091348478	0.509908168197	0.528757854036	0.521991300145	0.553890768487	0.617689705172	0.539874335428	0.601256645723	0.499275012083	0.573223779604
AG4	0.849202513291	0.858385693572	0.324794586757	0.558724021266	0.836636056066	0.873852102465	0.873368777187	0.860318994683	0.847752537458	0.864185596907	0.890285161914	0.855485741904	0.855969067182	0.0	0.875302078299	0.848235862736	0.894151764137	0.890285161914	0.713871435476	0.685838569357	0.813919768004	0.830836152731	0.879168680522	0.869985500242	0.820202996617	0.830352827453	0.863218946351	0.854519091348	0.78927017883	0.740454325761	0.881585306912	0.871435476075	0.877718704688	0.881101981634	0.899468342194	0.890768487192	0.890285161914	0.863702271629	0.885935234413	0.885935234413	0.884968583857	0.845819236346	0.841952634123	0.864668922185	0.896085065249	0.892218463026	0.88883518608	0.891735137748	0.887385210246	0.884485258579	0.893668438859	0.88883518608	0.894151764137	0.889318511358	0.90043499275	0.895601739971	0.88883518608	0.889318511358	0.887868535524	0.891735137748	0.893185113581	0.889801836636
AH3	0.641372643789	0.37264378927	0.959884001933	0.60415659739	0.603673272112	0.571290478492	0.561140647656	0.540840985984	0.565973900435	0.53697438376	0.602223296278	0.542290961817	0.535524407927	0.875302078299	0.0	0.521024649589	0.588690188497	0.584823586274	0.927984533591	0.774770420493	0.700338327695	0.637022716288	0.628806186564	0.636056065732	0.901884968584	0.691155147414	0.633156114065	0.630256162397	0.657805703238	0.66892218463	0.69212179797	0.622522957951	0.556790720155	0.580473658772	0.702271628806	0.629772837119	0.629289511841	0.535041082649	0.596906718221	0.542774287095	0.549540840986	0.580473658772	0.54857419043	0.542290961817	0.63653939101	0.633639439343	0.710488158531	0.630739487675	0.667472208797	0.641372643789	0.637022716288	0.664572257129	0.595456742388	0.591590140164	0.596906718221	0.593523441276	0.563073948768	0.672305461576	0.552924117931	0.636056065732	0.598356694055	0.615273078782
AH4	0.326727887869	0.359110681489	0.935717738038	0.578057032383	0.60415659739	0.531657805703	0.631706138231	0.533591106815	0.536491058482	0.568390526825	0.587240212663	0.553890768487	0.523441275979	0.848235862736	0.521024649589	0.0	0.550507491542	0.545190913485	0.869018849686	0.713871435476	0.631222812953	0.567907201547	0.584340260996	0.576123731271	0.841952634123	0.599323344611	0.564040599323	0.565490575157	0.589656839053	0.591590140164	0.594490091832	0.546640889319	0.550507491542	0.560657322378	0.695505074915	0.629289511841	0.585790236829	0.565490575157	0.563557274045	0.567423876269	0.531657805703	0.666505558241	0.638472692122	0.576607056549	0.606089898502	0.605123247946	0.666022232963	0.602706621556	0.656839052682	0.601256645723	0.601739971	0.616723054616	0.544224262929	0.529241179314	0.534557757371	0.523924601257	0.522474625423	0.633156114065	0.528757854036	0.609956500725	0.554857419043	0.600289995167
AA7	0.582890285162	0.546157564041	0.969550507492	0.629772837119	0.626389560174	0.456742387627	0.683421942968	0.484291928468	0.447559207347	0.583856935718	0.427259545674	0.563557274045	0.512808119865	0.894151764137	0.588690188497	0.550507491542	0.0	0.275978733688	0.92363460609	0.767037216046	0.593523441276	0.520057999033	0.458192363461	0.462058965684	0.876752054132	0.576607056549	0.431126147898	0.4813919768	0.52779120348	0.578540357661	0.50700821653	0.396326727888	0.423392943451	0.489125181247	0.706138231029	0.640405993233	0.461092315128	0.561623972934	0.472692121798	0.602706621556	0.540357660706	0.719188013533	0.690188496858	0.576607056549	0.539874335428	0.509424842919	0.681488641856	0.616239729338	0.667955534074	0.629289511841	0.596906718221	0.624456259062	0.525857902368	0.528757854036	0.53020782987	0.520057999033	0.557274045433	0.639439342678	0.546640889319	0.636056065732	0.504108264862	0.594490091832
AA8	0.563557274045	0.544224262929	0.966167230546	0.627839536008	0.608506524891	0.44224262929	0.682455292412	0.47462542291	0.440309328178	0.58095698405	0.428709521508	0.556790720155	0.505074915418	0.890285161914	0.584823586274	0.545190913485	0.275978733688	0.0	0.915901401643	0.761237312711	0.583856935718	0.506041565974	0.479942000967	0.478975350411	0.858385693572	0.564040599323	0.441275978734	0.47220879652	0.516674722088	0.568390526825	0.474142097632	0.359594006767	0.419526341228	0.490575157081	0.704688255196	0.643305944901	0.469308844853	0.560657322378	0.467375543741	0.596906718221	0.529241179314	0.721604639923	0.694055099082	0.567907201547	0.537457709038	0.505074915418	0.663122281295	0.609473175447	0.666988883519	0.622522957951	0.590140164331	0.621072982117	0.511358144031	0.520541324311	0.521991300145	0.517158047366	0.554374093765	0.625422909618	0.544707588207	0.631706138231	0.498308361527	0.597390043499
AB7	0.866118898018	0.892701788304	0.735137747704	0.72692121798	0.875785403577	0.92363460609	0.940550990817	0.934751087482	0.9212179797	0.932334461092	0.957950700822	0.901401643306	0.931367810536	0.713871435476	0.927984533591	0.869018849686	0.92363460609	0.915901401643	0.0	0.393910101498	0.812953117448	0.831319478009	0.930401159981	0.918801353311	0.736587723538	0.821169647173	0.887385210246	0.884968583857	0.769453842436	0.690188496858	0.885935234413	0.897051715805	0.920734654422	0.940550990817	0.936201063316	0.931851135814	0.939101014983	0.916384726921	0.953117448043	0.929917834703	0.937167713871	0.863218946351	0.863218946351	0.902368293862	0.957950700822	0.953117448043	0.926534557757	0.923151280812	0.93281778637	0.927501208313	0.931851135814	0.922667955534	0.917834702755	0.922667955534	0.922184630256	0.917351377477	0.918318028033	0.919284678589	0.926051232479	0.928951184147	0.954084098598	0.929434509425
AB8	0.709038182697	0.733204446593	0.755437409377	0.578540357661	0.755437409377	0.754954084099	0.779120347994	0.767520541324	0.755920734654	0.770420492992	0.794103431609	0.736587723538	0.766070565491	0.685838569357	0.774770420493	0.713871435476	0.767037216046	0.761237312711	0.393910101498	0.0	0.658289028516	0.669405509908	0.760753987434	0.742870952151	0.722087965201	0.666022232963	0.714354760754	0.711454809087	0.568390526825	0.520057999033	0.728371193813	0.73368777187	0.757854035766	0.773320444659	0.810053165781	0.768970517158	0.77090381827	0.753504108265	0.782020299662	0.75688738521	0.7593040116	0.71532141131	0.709038182697	0.729821169647	0.797003383277	0.785886901885	0.811503141614	0.764620589657	0.799903334944	0.778153697438	0.776220396327	0.782020299662	0.762687288545	0.763170613823	0.766553890768	0.762203963267	0.757854035766	0.788786853552	0.757854035766	0.769453842436	0.785403576607	0.764620589657
AC7	0.603189946834	0.652005799903	0.885935234413	0.64572257129	0.734171097148	0.58337361044	0.713388110198	0.586756887385	0.551957467376	0.654422426293	0.598356694055	0.69212179797	0.651522474625	0.813919768004	0.700338327695	0.631222812953	0.593523441276	0.583856935718	0.812953117448	0.658289028516	0.0	0.348960850652	0.563557274045	0.5601739971	0.817303044949	0.58095698405	0.532141130981	0.497825036249	0.473175447076	0.490575157081	0.570323827936	0.551957467376	0.556790720155	0.597873368777	0.811503141614	0.743837602707	0.627839536008	0.634606089899	0.602223296278	0.717254712421	0.665538907685	0.704204929918	0.681488641856	0.634606089899	0.631222812953	0.598840019333	0.823102948284	0.762203963267	0.792170130498	0.777187046883	0.746737554374	0.774770420493	0.683421942968	0.665055582407	0.674238762687	0.673272112131	0.683421942968	0.791203479942	0.672305461576	0.766070565491	0.623972933784	0.746254229096
AC8	0.564040599323	0.581923634606	0.905268245529	0.609956500725	0.679072015466	0.518124697922	0.684388593523	0.513291445143	0.485258579024	0.596423392943	0.546157564041	0.630256162397	0.587240212663	0.830836152731	0.637022716288	0.567907201547	0.520057999033	0.506041565974	0.831319478009	0.669405509908	0.348960850652	0.0	0.496858385694	0.488641855969	0.826969550507	0.537941034316	0.402126631223	0.380860318995	0.438376027066	0.476558724021	0.527307878202	0.478008699855	0.490575157081	0.531174480425	0.740937651039	0.678588690188	0.554857419043	0.579507008217	0.535524407927	0.648622522958	0.587723537941	0.667955534074	0.639922667956	0.576123731271	0.575157080715	0.540357660706	0.742387626873	0.6805219913	0.723054615756	0.705654905752	0.665055582407	0.69453842436	0.608989850169	0.585306911551	0.594490091832	0.596423392943	0.608989850169	0.710004833253	0.591106814886	0.696955050749	0.54857419043	0.662638956017
AD7	0.592073465442	0.588690188497	0.956984050266	0.652005799903	0.720637989367	0.498308361527	0.693088448526	0.523441275979	0.473658772354	0.603189946834	0.449492508458	0.652005799903	0.585306911551	0.879168680522	0.628806186564	0.584340260996	0.458192363461	0.479942000967	0.930401159981	0.760753987434	0.563557274045	0.496858385694	0.0	0.289028516191	0.894635089415	0.52537457709	0.421942967617	0.443692605123	0.487191880135	0.558240695988	0.505558240696	0.45142580957	0.466892218463	0.537941034316	0.753020782987	0.68970517158	0.502658289029	0.582406959884	0.523924601257	0.655872402127	0.593523441276	0.720637989367	0.683905268246	0.597873368777	0.558240695988	0.531657805703	0.755920734654	0.684388593523	0.735621072982	0.714354760754	0.674722087965	0.698405026583	0.617689705172	0.606089898502	0.599806669889	0.608989850169	0.600289995167	0.715804736588	0.595456742388	0.699855002417	0.5601739971	0.673272112131
AD8	0.59497341711	0.582406959884	0.949250845819	0.635572740454	0.702271628806	0.50459159014	0.687771870469	0.517158047366	0.485258579024	0.598840019333	0.461092315128	0.633156114065	0.583856935718	0.869985500242	0.636056065732	0.576123731271	0.462058965684	0.478975350411	0.918801353311	0.742870952151	0.5601739971	0.488641855969	0.289028516191	0.0	0.852585790237	0.488641855969	0.414209763171	0.447075882069	0.467375543741	0.536007733204	0.494925084582	0.454809086515	0.485741904302	0.544707588207	0.750604156597	0.687771870469	0.500241662639	0.577090381827	0.522474625423	0.648622522958	0.579507008217	0.718221362977	0.6805219913	0.588690188497	0.571290478492	0.537941034316	0.750120831319	0.678105364911	0.733204446593	0.705171580474	0.665055582407	0.68970517158	0.611406476559	0.59497341711	0.588690188497	0.596423392943	0.597390043499	0.711454809087	0.594006766554	0.694055099082	0.559690671822	0.662638956017
AE7	0.830836152731	0.869018849686	0.849202513291	0.791203479942	0.829386176897	0.88883518608	0.914934751087	0.902368293862	0.882068632189	0.909134847753	0.9212179797	0.859352344128	0.885935234413	0.820202996617	0.901884968584	0.841952634123	0.876752054132	0.858385693572	0.736587723538	0.722087965201	0.817303044949	0.826969550507	0.894635089415	0.852585790237	0.0	0.547124214596	0.86805219913	0.861285645239	0.776703721605	0.751570807153	0.837119381344	0.843402609957	0.88883518608	0.910584823586	0.920734654422	0.913968100532	0.915901401643	0.902368293862	0.920734654422	0.872402126631	0.894151764137	0.87046882552	0.872402126631	0.872402126631	0.936201063316	0.925084581924	0.893668438859	0.90043499275	0.918801353311	0.889801836636	0.904301594973	0.898985016916	0.88883518608	0.903818269696	0.906234896085	0.892218463026	0.901401643306	0.889801836636	0.906234896085	0.904301594973	0.919768003867	0.903818269696
AE8	0.592073465442	0.628322861286	0.906718221363	0.651039149348	0.6805219913	0.577090381827	0.695505074915	0.593523441276	0.579507008217	0.62735621073	0.60657322378	0.639922667956	0.626872885452	0.830352827453	0.691155147414	0.599323344611	0.576607056549	0.564040599323	0.821169647173	0.666022232963	0.58095698405	0.537941034316	0.52537457709	0.488641855969	0.547124214596	0.0	0.563557274045	0.555824069599	0.516674722088	0.513291445143	0.563073948768	0.543740937651	0.587723537941	0.603673272112	0.754470758821	0.702271628806	0.612856452392	0.604639922668	0.61333977767	0.653939101015	0.626389560174	0.690671822136	0.673272112131	0.610439826003	0.6389560174	0.614306428226	0.751087481875	0.700821652972	0.766553890768	0.714838086032	0.695505074915	0.726437892702	0.646205896568	0.6389560174	0.645239246013	0.636056065732	0.653455775737	0.727887868536	0.654905751571	0.712421459642	0.629289511841	0.681488641856
AF7	0.562107298212	0.563073948768	0.937651039149	0.640405993233	0.649589173514	0.470275495408	0.696471725471	0.47220879652	0.428709521508	0.582406959884	0.440792653456	0.590623489609	0.537457709038	0.863218946351	0.633156114065	0.564040599323	0.431126147898	0.441275978734	0.887385210246	0.714354760754	0.532141130981	0.402126631223	0.421942967617	0.414209763171	0.86805219913	0.563557274045	0.0	0.325277912035	0.451909134848	0.519091348478	0.484291928468	0.44900918318	0.421459642339	0.488158530691	0.699855002417	0.632189463509	0.44900918318	0.53697438376	0.477525374577	0.614306428226	0.543257612373	0.695988400193	0.665055582407	0.541324311261	0.524891251812	0.492508458192	0.681971967134	0.627839536008	0.679072015466	0.657805703238	0.618173030449	0.63653939101	0.560657322378	0.545190913485	0.543740937651	0.546640889319	0.578057032383	0.655872402127	0.565973900435	0.647655872402	0.49299178347	0.612373127115
AF8	0.564523924601	0.57177380377	0.927984533591	0.625906234896	0.691638472692	0.499758337361	0.691638472692	0.505074915418	0.458675688739	0.586756887385	0.502174963751	0.631222812953	0.573707104882	0.854519091348	0.630256162397	0.565490575157	0.4813919768	0.47220879652	0.884968583857	0.711454809087	0.497825036249	0.380860318995	0.443692605123	0.447075882069	0.861285645239	0.555824069599	0.325277912035	0.0	0.444175930401	0.50459159014	0.506041565974	0.444659255679	0.435476075399	0.51377477042	0.739004349928	0.675205413243	0.507491541808	0.567423876269	0.512808119865	0.624456259062	0.576607056549	0.687288545191	0.653455775737	0.566457225713	0.562107298212	0.533107781537	0.722571290478	0.662155630739	0.713871435476	0.69212179797	0.655872402127	0.674722087965	0.591590140164	0.577090381827	0.577573707105	0.581440309328	0.588206863219	0.68970517158	0.577090381827	0.681488641856	0.526341227646	0.649589173514
AG7	0.58337361044	0.600773320445	0.858385693572	0.57177380377	0.669405509908	0.522957950701	0.688255195747	0.523441275979	0.470758820686	0.585790236829	0.526824552924	0.628322861286	0.59255679072	0.78927017883	0.657805703238	0.589656839053	0.52779120348	0.516674722088	0.769453842436	0.568390526825	0.473175447076	0.438376027066	0.487191880135	0.467375543741	0.776703721605	0.516674722088	0.451909134848	0.444175930401	0.0	0.328177863702	0.538424359594	0.49540840986	0.487191880135	0.561623972934	0.747220879652	0.678105364911	0.516674722088	0.567423876269	0.531657805703	0.637989366844	0.589656839053	0.663605606573	0.630739487675	0.558724021266	0.597390043499	0.55775737071	0.744804253262	0.678588690188	0.72450459159	0.701788303528	0.664572257129	0.699371677139	0.621072982117	0.607056549058	0.614789753504	0.614306428226	0.631706138231	0.717254712421	0.623489608507	0.686805219913	0.586273562107	0.664572257129
AG8	0.591106814886	0.616239729338	0.822136297728	0.568873852102	0.680038666022	0.564040599323	0.681971967134	0.555340744321	0.536491058482	0.60415659739	0.595456742388	0.645239246013	0.618173030449	0.740454325761	0.66892218463	0.591590140164	0.578540357661	0.568390526825	0.690188496858	0.520057999033	0.490575157081	0.476558724021	0.558240695988	0.536007733204	0.751570807153	0.513291445143	0.519091348478	0.50459159014	0.328177863702	0.0	0.578540357661	0.549057515708	0.555340744321	0.589173513775	0.764620589657	0.694055099082	0.582890285162	0.581440309328	0.582406959884	0.652005799903	0.603189946834	0.657805703238	0.633639439343	0.577573707105	0.623489608507	0.597873368777	0.763653939101	0.693571773804	0.737071048816	0.71290478492	0.687288545191	0.71290478492	0.636056065732	0.630256162397	0.632672788787	0.633156114065	0.646205896568	0.733204446593	0.647172547124	0.702271628806	0.609473175447	0.679555340744
AH7	0.598356694055	0.628806186564	0.951667472209	0.686321894635	0.704204929918	0.557274045433	0.719671338811	0.568873852102	0.544224262929	0.647655872402	0.532141130981	0.652972450459	0.626872885452	0.881585306912	0.69212179797	0.594490091832	0.50700821653	0.474142097632	0.885935234413	0.728371193813	0.570323827936	0.527307878202	0.505558240696	0.494925084582	0.837119381344	0.563073948768	0.484291928468	0.506041565974	0.538424359594	0.578540357661	0.0	0.323344610923	0.559690671822	0.615273078782	0.784436926051	0.728854519091	0.54857419043	0.643305944901	0.593040115998	0.673272112131	0.637022716288	0.767037216046	0.743354277429	0.652005799903	0.643305944901	0.607539874335	0.767520541324	0.718704688255	0.769453842436	0.723537941034	0.702271628806	0.727887868536	0.628806186564	0.630739487675	0.620589656839	0.629289511841	0.640405993233	0.740937651039	0.639922667956	0.717738037699	0.619139681005	0.705171580474
AH8	0.570323827936	0.573223779604	0.947800869986	0.637506041566	0.662155630739	0.496375060416	0.690671822136	0.509908168197	0.478492025133	0.598356694055	0.488641855969	0.602706621556	0.551957467376	0.871435476075	0.622522957951	0.546640889319	0.396326727888	0.359594006767	0.897051715805	0.73368777187	0.551957467376	0.478008699855	0.45142580957	0.454809086515	0.843402609957	0.543740937651	0.44900918318	0.444659255679	0.49540840986	0.549057515708	0.323344610923	0.0	0.480425326245	0.536007733204	0.743837602707	0.681971967134	0.504108264862	0.58095698405	0.526341227646	0.617206379894	0.577573707105	0.717254712421	0.686321894635	0.596423392943	0.57177380377	0.547124214596	0.708071532141	0.652489125181	0.717738037699	0.672305461576	0.643789270179	0.667955534074	0.579507008217	0.571290478492	0.565973900435	0.566940550991	0.579507008217	0.683905268246	0.573707104882	0.668438859352	0.551957467376	0.640889318511
AA5	0.577573707105	0.517641372644	0.954084098598	0.629289511841	0.612373127115	0.423876268729	0.638472692122	0.427742870952	0.391010149831	0.545190913485	0.422909618173	0.550024166264	0.521991300145	0.877718704688	0.556790720155	0.550507491542	0.423392943451	0.419526341228	0.920734654422	0.757854035766	0.556790720155	0.490575157081	0.466892218463	0.485741904302	0.88883518608	0.587723537941	0.421459642339	0.435476075399	0.487191880135	0.555340744321	0.559690671822	0.480425326245	0.0	0.356210729821	0.687771870469	0.598356694055	0.471725471242	0.476075398743	0.443209279845	0.56259062349	0.482841952634	0.638472692122	0.600773320445	0.488158530691	0.519574673755	0.475108748188	0.704688255196	0.639439342678	0.668438859352	0.643789270179	0.636056065732	0.664572257129	0.532624456259	0.544707588207	0.559690671822	0.54857419043	0.555340744321	0.670855485742	0.549540840986	0.6389560174	0.501208313195	0.623972933784
AA6	0.604639922668	0.535041082649	0.962300628323	0.652005799903	0.635572740454	0.483325277912	0.647172547124	0.46060898985	0.469308844853	0.555824069599	0.503624939584	0.574673755437	0.531657805703	0.881101981634	0.580473658772	0.560657322378	0.489125181247	0.490575157081	0.940550990817	0.773320444659	0.597873368777	0.531174480425	0.537941034316	0.544707588207	0.910584823586	0.603673272112	0.488158530691	0.51377477042	0.561623972934	0.589173513775	0.615273078782	0.536007733204	0.356210729821	0.0	0.678588690188	0.586273562107	0.527307878202	0.487675205413	0.484291928468	0.581923634606	0.502658289029	0.668438859352	0.62493958434	0.521024649589	0.455775737071	0.425326244563	0.705654905752	0.641372643789	0.670372160464	0.650072498792	0.62735621073	0.660705654906	0.546640889319	0.54857419043	0.557274045433	0.548090865152	0.564523924601	0.670855485742	0.56259062349	0.640405993233	0.51377477042	0.623972933784
AB5	0.749637506042	0.675688738521	0.971967133881	0.728371193813	0.620106331561	0.654422426293	0.738037699372	0.644272595457	0.675688738521	0.686321894635	0.684871918801	0.621556307395	0.665538907685	0.899468342194	0.702271628806	0.695505074915	0.706138231029	0.704688255196	0.936201063316	0.810053165781	0.811503141614	0.740937651039	0.753020782987	0.750604156597	0.920734654422	0.754470758821	0.699855002417	0.739004349928	0.747220879652	0.764620589657	0.784436926051	0.743837602707	0.687771870469	0.678588690188	0.0	0.316578057032	0.632672788787	0.653455775737	0.62493958434	0.631222812953	0.616723054616	0.734171097148	0.728371193813	0.649105848236	0.6389560174	0.627839536008	0.631222812953	0.618656355727	0.626389560174	0.600773320445	0.623006283229	0.621072982117	0.595456742388	0.594006766554	0.616723054616	0.626389560174	0.660705654906	0.601256645723	0.661188980184	0.616723054616	0.672788786854	0.619139681005
AB6	0.685838569357	0.593523441276	0.969067182214	0.673755437409	0.575157080715	0.58095698405	0.66892218463	0.563073948768	0.60415659739	0.608023199613	0.620589656839	0.535041082649	0.598840019333	0.890768487192	0.629772837119	0.629289511841	0.640405993233	0.643305944901	0.931851135814	0.768970517158	0.743837602707	0.678588690188	0.68970517158	0.687771870469	0.913968100532	0.702271628806	0.632189463509	0.675205413243	0.678105364911	0.694055099082	0.728854519091	0.681971967134	0.598356694055	0.586273562107	0.316578057032	0.0	0.566940550991	0.562107298212	0.567907201547	0.543740937651	0.536491058482	0.665055582407	0.641372643789	0.545190913485	0.572257129048	0.554857419043	0.621072982117	0.567423876269	0.591106814886	0.570323827936	0.574673755437	0.593040115998	0.522957950701	0.538907684872	0.56935717738	0.573223779604	0.597390043499	0.58337361044	0.601739971	0.57177380377	0.614306428226	0.562107298212
AC5	0.612856452392	0.572740454326	0.971000483325	0.659255679072	0.628322861286	0.459642339294	0.680038666022	0.465925567907	0.454325761237	0.57177380377	0.429192846786	0.550507491542	0.536007733204	0.890285161914	0.629289511841	0.585790236829	0.461092315128	0.469308844853	0.939101014983	0.77090381827	0.627839536008	0.554857419043	0.502658289029	0.500241662639	0.915901401643	0.612856452392	0.44900918318	0.507491541808	0.516674722088	0.582890285162	0.54857419043	0.504108264862	0.471725471242	0.527307878202	0.632672788787	0.566940550991	0.0	0.444175930401	0.427259545674	0.588206863219	0.525857902368	0.716288061866	0.67133881102	0.548090865152	0.488641855969	0.461575640406	0.617689705172	0.574673755437	0.618656355727	0.587723537941	0.561623972934	0.581440309328	0.513291445143	0.482358627356	0.499275012083	0.517158047366	0.589173513775	0.600773320445	0.580473658772	0.568390526825	0.521024649589	0.551474142098
AC6	0.625906234896	0.519574673755	0.951667472209	0.642339294345	0.572257129048	0.501691638473	0.534074432093	0.467858869019	0.515708071532	0.467375543741	0.541324311261	0.52537457709	0.529724504592	0.863702271629	0.535041082649	0.565490575157	0.561623972934	0.560657322378	0.916384726921	0.753504108265	0.634606089899	0.579507008217	0.582406959884	0.577090381827	0.902368293862	0.604639922668	0.53697438376	0.567423876269	0.567423876269	0.581440309328	0.643305944901	0.58095698405	0.476075398743	0.487675205413	0.653455775737	0.562107298212	0.444175930401	0.0	0.506041565974	0.5186080232	0.49299178347	0.490091831803	0.447559207347	0.401159980667	0.546157564041	0.542774287095	0.674722087965	0.622039632673	0.646689221846	0.61575640406	0.616239729338	0.6389560174	0.563557274045	0.552440792653	0.555340744321	0.551957467376	0.559690671822	0.64813919768	0.570807153214	0.614306428226	0.546640889319	0.601256645723
AD6	0.603673272112	0.549057515708	0.970033832769	0.625422909618	0.596423392943	0.421459642339	0.630739487675	0.424359594007	0.422426292895	0.535041082649	0.429192846786	0.512324794587	0.507491541808	0.885935234413	0.596906718221	0.563557274045	0.472692121798	0.467375543741	0.953117448043	0.782020299662	0.602223296278	0.535524407927	0.523924601257	0.522474625423	0.920734654422	0.61333977767	0.477525374577	0.512808119865	0.531657805703	0.582406959884	0.593040115998	0.526341227646	0.443209279845	0.484291928468	0.62493958434	0.567907201547	0.427259545674	0.506041565974	0.0	0.567907201547	0.437892701788	0.70130497825	0.668438859352	0.535041082649	0.461575640406	0.429676172064	0.612373127115	0.548090865152	0.590140164331	0.555340744321	0.542774287095	0.56935717738	0.474142097632	0.446592556791	0.467375543741	0.485258579024	0.566457225713	0.580473658772	0.548090865152	0.566457225713	0.479942000967	0.53020782987
AE5	0.631706138231	0.519574673755	0.970033832769	0.635572740454	0.546640889319	0.558724021266	0.568390526825	0.547607539874	0.595940067666	0.523924601257	0.614306428226	0.505558240696	0.568390526825	0.885935234413	0.542774287095	0.567423876269	0.602706621556	0.596906718221	0.929917834703	0.75688738521	0.717254712421	0.648622522958	0.655872402127	0.648622522958	0.872402126631	0.653939101015	0.614306428226	0.624456259062	0.637989366844	0.652005799903	0.673272112131	0.617206379894	0.56259062349	0.581923634606	0.631222812953	0.543740937651	0.588206863219	0.5186080232	0.567907201547	0.0	0.359110681489	0.601739971	0.577573707105	0.510391493475	0.627839536008	0.620589656839	0.657805703238	0.614306428226	0.64572257129	0.596423392943	0.618656355727	0.62735621073	0.532624456259	0.567907201547	0.595456742388	0.558240695988	0.548090865152	0.630739487675	0.556790720155	0.603189946834	0.584340260996	0.603189946834
AE6	0.597390043499	0.491058482359	0.968583856936	0.624456259062	0.563557274045	0.477042049299	0.575157080715	0.47220879652	0.517158047366	0.496375060416	0.535041082649	0.512808119865	0.506524891252	0.884968583857	0.549540840986	0.531657805703	0.540357660706	0.529241179314	0.937167713871	0.7593040116	0.665538907685	0.587723537941	0.593523441276	0.579507008217	0.894151764137	0.626389560174	0.543257612373	0.576607056549	0.589656839053	0.603189946834	0.637022716288	0.577573707105	0.482841952634	0.502658289029	0.616723054616	0.536491058482	0.525857902368	0.49299178347	0.437892701788	0.359110681489	0.0	0.646205896568	0.610439826003	0.479458675689	0.545190913485	0.539874335428	0.654422426293	0.601739971	0.622522957951	0.584340260996	0.597390043499	0.61575640406	0.497825036249	0.499275012083	0.51377477042	0.495891735138	0.520541324311	0.623972933784	0.526824552924	0.589656839053	0.50459159014	0.580473658772
AF5	0.711938134364	0.621556307395	0.927017883035	0.65055582407	0.647655872402	0.685838569357	0.547607539874	0.643789270179	0.685838569357	0.581440309328	0.72450459159	0.626872885452	0.674238762687	0.845819236346	0.580473658772	0.666505558241	0.719188013533	0.721604639923	0.863218946351	0.71532141131	0.704204929918	0.667955534074	0.720637989367	0.718221362977	0.87046882552	0.690671822136	0.695988400193	0.687288545191	0.663605606573	0.657805703238	0.767037216046	0.717254712421	0.638472692122	0.668438859352	0.734171097148	0.665055582407	0.716288061866	0.490091831803	0.70130497825	0.601739971	0.646205896568	0.0	0.29869502175	0.529724504592	0.723537941034	0.720154664089	0.762203963267	0.718221362977	0.732721121315	0.713388110198	0.729821169647	0.740454325761	0.696471725471	0.722087965201	0.725954567424	0.707588206863	0.668438859352	0.741420976317	0.673272112131	0.709521507975	0.718704688255	0.714838086032
AF6	0.690188496858	0.585306911551	0.926051232479	0.652489125181	0.639922667956	0.655389076849	0.521507974867	0.606089898502	0.652489125181	0.549540840986	0.687288545191	0.609956500725	0.642339294345	0.841952634123	0.54857419043	0.638472692122	0.690188496858	0.694055099082	0.863218946351	0.709038182697	0.681488641856	0.639922667956	0.683905268246	0.6805219913	0.872402126631	0.673272112131	0.665055582407	0.653455775737	0.630739487675	0.633639439343	0.743354277429	0.686321894635	0.600773320445	0.62493958434	0.728371193813	0.641372643789	0.67133881102	0.447559207347	0.668438859352	0.577573707105	0.610439826003	0.29869502175	0.0	0.496375060416	0.691155147414	0.685838569357	0.755920734654	0.707104881585	0.724021266312	0.697921701305	0.695505074915	0.724021266312	0.665538907685	0.687288545191	0.693571773804	0.674238762687	0.629289511841	0.726437892702	0.639922667956	0.688255195747	0.682455292412	0.682455292412
