	AA3	AA4	AB3	AB4	AC3	AC4	AD3	AD4	AE3	AE4	AF3	AF4	AG3	AG4	AH3	AH4	AA7	AA8	AB7	AB8	AC7	AC8	AD7	AD8	AE7	AE8	AF7	AF8	AG7	AG8	AH7	AH8	AA5	AA6	AB5	AB6	AC5	AC6	AD6	AE5	AE6	AF5	AF6	AG5	AH5	AH6	AA1	AA2	AB1	AB2	AC1	AC2	AD1	AD2	AE1	AE2	AF1	AF2	AG1	AG2	AH1	AH2
AA3	0.0	0.505074915418	0.924601256646	0.628322861286	0.65732237796	0.581440309328	0.676172063799	0.569840502658	0.563557274045	0.614306428226	0.606089898502	0.603189946834	0.584340260996	0.84485258579	0.639922667956	0.327694538424	0.557274045433	0.555340744321	0.861285645239	0.714354760754	0.614306428226	0.55775737071	0.58337361044	0.584340260996	0.827936201063	0.579023682939	0.551474142098	0.556307394877	0.568390526825	0.573223779604	0.578540357661	0.54857419043	0.578057032383	0.579023682939	0.751087481875	0.690188496858	0.599806669889	0.611406476559	0.584340260996	0.630256162397	0.607056549058	0.712421459642	0.680038666022	0.612373127115	0.623006283229	0.620106331561	0.676655389077	0.644272595457	0.706138231029	0.670855485742	0.642822619623	0.680038666022	0.578540357661	0.554374093765	0.563073948768	0.56935717738	0.588690188497	0.666505558241	0.603189946834	0.654905751571	0.574190430159	0.64813919768
AA4	0.505074915418	0.0	0.950217496375	0.580473658772	0.569840502658	0.506041565974	0.58095698405	0.497825036249	0.512324794587	0.51619139681	0.568873852102	0.523924601257	0.485258579024	0.861285645239	0.362010633156	0.381826969551	0.538907684872	0.537941034316	0.897535041083	0.741904301595	0.669888835186	0.575157080715	0.594490091832	0.586756887385	0.883518608023	0.629772837119	0.554374093765	0.575157080715	0.598840019333	0.622522957951	0.640889318511	0.586756887385	0.509424842919	0.529241179314	0.669888835186	0.602706621556	0.581923634606	0.526341227646	0.526341227646	0.52779120348	0.504108264862	0.632189463509	0.586756887385	0.527307878202	0.593523441276	0.584340260996	0.634606089899	0.56935717738	0.622522957951	0.587723537941	0.589656839053	0.625906234896	0.522474625423	0.515224746254	0.519091348478	0.524407926535	0.487191880135	0.611406476559	0.499758337361	0.579507008217	0.536491058482	0.574673755437
AB3	0.924601256646	0.950217496375	0.0	0.672305461576	0.918801353311	0.950700821653	0.957950700822	0.938134364427	0.925567907202	0.950700821653	0.96761720638	0.933301111648	0.957950700822	0.333977767037	0.955534074432	0.943450942484	0.970517158047	0.962783953601	0.740454325761	0.742870952151	0.890768487192	0.910584823586	0.956984050266	0.952150797487	0.850169163847	0.895118414693	0.935717738038	0.925084581924	0.853069115515	0.830836152731	0.948767520541	0.952150797487	0.956500724988	0.9584340261	0.970033832769	0.962300628323	0.969550507492	0.948284195263	0.969067182214	0.969067182214	0.968583856936	0.928951184147	0.934751087482	0.943934267762	0.974867085549	0.969550507492	0.971000483325	0.96520057999	0.966167230546	0.968100531658	0.969067182214	0.968583856936	0.970517158047	0.969550507492	0.977283711938	0.971967133881	0.969067182214	0.968100531658	0.970517158047	0.968583856936	0.970517158047	0.969550507492
AB4	0.628322861286	0.580473658772	0.672305461576	0.0	0.629289511841	0.61333977767	0.691155147414	0.612373127115	0.600289995167	0.641372643789	0.638472692122	0.61575640406	0.47462542291	0.566457225713	0.600289995167	0.592073465442	0.626389560174	0.623006283229	0.725471242146	0.56259062349	0.658772353794	0.612856452392	0.654905751571	0.644755920735	0.791203479942	0.639439342678	0.633156114065	0.619623006283	0.554374093765	0.578540357661	0.686321894635	0.650072498792	0.628806186564	0.648622522958	0.727404543258	0.666505558241	0.657805703238	0.642339294345	0.613823102948	0.623489608507	0.626389560174	0.681005316578	0.662638956017	0.63653939101	0.684388593523	0.665538907685	0.68293861769	0.642339294345	0.691638472692	0.661188980184	0.661188980184	0.673272112131	0.62493958434	0.626872885452	0.64813919768	0.637506041566	0.637506041566	0.676655389077	0.630256162397	0.641855969067	0.634122764621	0.662155630739
AC3	0.65732237796	0.569840502658	0.918801353311	0.629289511841	0.0	0.494925084582	0.625906234896	0.556790720155	0.552924117931	0.585306911551	0.613823102948	0.311744804253	0.60415659739	0.841469308845	0.599323344611	0.602223296278	0.622522957951	0.603673272112	0.876268728855	0.757370710488	0.727887868536	0.670372160464	0.711938134364	0.706138231029	0.843402609957	0.693571773804	0.649105848236	0.671822136298	0.669405509908	0.692605123248	0.713388110198	0.679072015466	0.594006766554	0.630739487675	0.609956500725	0.571290478492	0.612856452392	0.565490575157	0.572257129048	0.559207346544	0.565973900435	0.65973900435	0.641372643789	0.56259062349	0.633639439343	0.622039632673	0.579990333494	0.573223779604	0.579507008217	0.559207346544	0.589656839053	0.584823586274	0.526341227646	0.559690671822	0.579023682939	0.556790720155	0.61333977767	0.581440309328	0.610923151281	0.568390526825	0.609956500725	0.578540357661
AC4	0.581440309328	0.506041565974	0.950700821653	0.61333977767	0.494925084582	0.0	0.621556307395	0.405509908168	0.391493475109	0.521991300145	0.333977767037	0.415659739004	0.501691638473	0.866118898018	0.55775737071	0.519091348478	0.473175447076	0.463992266796	0.927017883035	0.765587240213	0.583856935718	0.515224746254	0.515224746254	0.506524891252	0.890285161914	0.587723537941	0.491058482359	0.507491541808	0.526341227646	0.575157080715	0.573707104882	0.522474625423	0.443692605123	0.480425326245	0.634606089899	0.561623972934	0.466408893185	0.499275012083	0.411793136781	0.55775737071	0.491541807637	0.686321894635	0.640405993233	0.51377477042	0.502658289029	0.4813919768	0.612373127115	0.5601739971	0.602223296278	0.56935717738	0.574673755437	0.608989850169	0.482841952634	0.490091831803	0.515224746254	0.494441759304	0.545674238763	0.605123247946	0.553890768487	0.557274045433	0.474142097632	0.564523924601
AD3	0.676172063799	0.58095698405	0.957950700822	0.691155147414	0.625906234896	0.621556307395	0.0	0.538907684872	0.635089415176	0.364427259546	0.675688738521	0.608023199613	0.635572740454	0.874818753021	0.568873852102	0.632672788787	0.684388593523	0.685838569357	0.941034316095	0.783470275495	0.719188013533	0.692605123248	0.700338327695	0.685838569357	0.91445142581	0.684871918801	0.700821652972	0.690671822136	0.684871918801	0.684388593523	0.719671338811	0.68970517158	0.62493958434	0.64572257129	0.73852102465	0.65973900435	0.680038666022	0.533591106815	0.625906234896	0.587723537941	0.574190430159	0.548090865152	0.512324794587	0.539874335428	0.70130497825	0.681005316578	0.749154180764	0.698405026583	0.73852102465	0.702271628806	0.699371677139	0.737071048816	0.646205896568	0.657805703238	0.675688738521	0.652489125181	0.632672788787	0.72692121798	0.642339294345	0.695988400193	0.689221846303	0.701788303528
AD4	0.569840502658	0.497825036249	0.938134364427	0.612373127115	0.556790720155	0.405509908168	0.538907684872	0.0	0.309328177864	0.424842919285	0.421459642339	0.499758337361	0.507491541808	0.855969067182	0.540840985984	0.512808119865	0.455292411793	0.446592556791	0.931851135814	0.76848719188	0.581923634606	0.489125181247	0.49299178347	0.4813919768	0.899468342194	0.596423392943	0.4398260029	0.469308844853	0.492508458192	0.568873852102	0.544224262929	0.493958434026	0.405509908168	0.447559207347	0.656839052682	0.576123731271	0.447075882069	0.474142097632	0.436442725955	0.559207346544	0.490575157081	0.648622522958	0.60657322378	0.487675205413	0.510391493475	0.487191880135	0.654905751571	0.596423392943	0.649589173514	0.622522957951	0.608989850169	0.644755920735	0.516674722088	0.51377477042	0.528274528758	0.526824552924	0.535524407927	0.6389560174	0.547124214596	0.615273078782	0.498308361527	0.607056549058
AE3	0.563557274045	0.512324794587	0.925567907202	0.600289995167	0.552924117931	0.391493475109	0.635089415176	0.309328177864	0.0	0.512808119865	0.405509908168	0.508458192363	0.499758337361	0.846785886902	0.550507491542	0.513291445143	0.437892701788	0.429676172064	0.916384726921	0.752537457709	0.554857419043	0.450459159014	0.475108748188	0.46979217013	0.88883518608	0.585306911551	0.432576123731	0.468342194297	0.472692121798	0.54857419043	0.542774287095	0.490091831803	0.390526824553	0.453842435959	0.664088931851	0.592073465442	0.454325761237	0.510391493475	0.437892701788	0.602223296278	0.531657805703	0.681971967134	0.640889318511	0.519574673755	0.501691638473	0.477525374577	0.640889318511	0.587240212663	0.636056065732	0.612856452392	0.598356694055	0.63653939101	0.510391493475	0.512808119865	0.521991300145	0.522957950701	0.53697438376	0.629289511841	0.55099081682	0.600773320445	0.48622522958	0.597390043499
AE4	0.614306428226	0.51619139681	0.950700821653	0.641372643789	0.585306911551	0.521991300145	0.364427259546	0.424842919285	0.512808119865	0.0	0.579990333494	0.555824069599	0.575640405993	0.866118898018	0.535524407927	0.556307394877	0.590623489609	0.583856935718	0.931367810536	0.770420492992	0.652972450459	0.582406959884	0.590140164331	0.584340260996	0.910584823586	0.611406476559	0.588206863219	0.576123731271	0.579507008217	0.599323344611	0.637022716288	0.59497341711	0.536007733204	0.555824069599	0.688255195747	0.615273078782	0.58095698405	0.462058965684	0.53697438376	0.540840985984	0.515224746254	0.584340260996	0.538907684872	0.501208313195	0.605123247946	0.596423392943	0.697438376027	0.646205896568	0.698405026583	0.667955534074	0.659255679072	0.688255195747	0.59497341711	0.585790236829	0.602706621556	0.588206863219	0.58095698405	0.687288545191	0.592073465442	0.665055582407	0.584340260996	0.655872402127
AF3	0.606089898502	0.568873852102	0.96761720638	0.638472692122	0.613823102948	0.333977767037	0.675688738521	0.421459642339	0.405509908168	0.579990333494	0.0	0.536491058482	0.533591106815	0.887868535524	0.601739971	0.565973900435	0.450942484292	0.435476075399	0.954084098598	0.790720154664	0.593040115998	0.522957950701	0.424842919285	0.432576123731	0.915418076365	0.614306428226	0.434992750121	0.490091831803	0.522957950701	0.599323344611	0.526824552924	0.505558240696	0.439342677622	0.502174963751	0.678105364911	0.618173030449	0.432092798453	0.540357660706	0.448525857902	0.616239729338	0.546640889319	0.722571290478	0.679555340744	0.548090865152	0.518124697922	0.497825036249	0.653455775737	0.598356694055	0.658772353794	0.619139681005	0.608989850169	0.64572257129	0.534074432093	0.513291445143	0.542290961817	0.537457709038	0.586273562107	0.647655872402	0.594490091832	0.600773320445	0.491541807637	0.602223296278
AF4	0.603189946834	0.523924601257	0.933301111648	0.61575640406	0.311744804253	0.415659739004	0.608023199613	0.499758337361	0.508458192363	0.555824069599	0.536491058482	0.0	0.563557274045	0.849202513291	0.562107298212	0.545190913485	0.566940550991	0.549540840986	0.876752054132	0.728854519091	0.70372160464	0.633639439343	0.661188980184	0.654422426293	0.838569357177	0.644755920735	0.603189946834	0.62735621073	0.631222812953	0.655872402127	0.656839052682	0.619623006283	0.543257612373	0.58095698405	0.608506524891	0.531174480425	0.564523924601	0.53697438376	0.520541324311	0.531657805703	0.521991300145	0.642339294345	0.621072982117	0.528274528758	0.587240212663	0.572740454326	0.572257129048	0.532141130981	0.576607056549	0.535041082649	0.545674238763	0.568390526825	0.475108748188	0.503624939584	0.53020782987	0.508941517641	0.565007249879	0.559207346544	0.567423876269	0.535041082649	0.563557274045	0.533591106815
AG3	0.584340260996	0.485258579024	0.957950700822	0.47462542291	0.60415659739	0.501691638473	0.635572740454	0.507491541808	0.499758337361	0.575640405993	0.533591106815	0.563557274045	0.0	0.847752537458	0.51619139681	0.514258095698	0.503141614306	0.48380860319	0.927984533591	0.77090381827	0.668438859352	0.579507008217	0.591106814886	0.587723537941	0.890768487192	0.629772837119	0.538907684872	0.579507008217	0.593040115998	0.616239729338	0.633156114065	0.573223779604	0.517158047366	0.523924601257	0.659255679072	0.608989850169	0.546157564041	0.540357660706	0.507974867086	0.575157080715	0.520541324311	0.683905268246	0.639439342678	0.541807636539	0.564040599323	0.554374093765	0.622039632673	0.570807153214	0.628806186564	0.598356694055	0.581923634606	0.605123247946	0.518124697922	0.510874818753	0.528757854036	0.524891251812	0.537457709038	0.615273078782	0.541807636539	0.58095698405	0.506041565974	0.579990333494
AG4	0.84485258579	0.861285645239	0.333977767037	0.566457225713	0.841469308845	0.866118898018	0.874818753021	0.855969067182	0.846785886902	0.866118898018	0.887868535524	0.849202513291	0.847752537458	0.0	0.87046882552	0.857419043016	0.897051715805	0.888351860802	0.715804736588	0.669888835186	0.82165297245	0.836636056066	0.881101981634	0.875785403577	0.819236346061	0.824552924118	0.860802319961	0.850169163847	0.782986950217	0.749637506042	0.885451909135	0.878685355244	0.878685355244	0.877718704688	0.898501691638	0.88883518608	0.894635089415	0.864668922185	0.886901884969	0.882551957467	0.885935234413	0.84726921218	0.854519091348	0.867568873852	0.899468342194	0.890768487192	0.890285161914	0.888351860802	0.88883518608	0.886418559691	0.894635089415	0.889318511358	0.892218463026	0.885451909135	0.90285161914	0.890285161914	0.890285161914	0.886418559691	0.889318511358	0.886418559691	0.889801836636	0.893185113581
AH3	0.639922667956	0.362010633156	0.955534074432	0.600289995167	0.599323344611	0.55775737071	0.568873852102	0.540840985984	0.550507491542	0.535524407927	0.601739971	0.562107298212	0.51619139681	0.87046882552	0.0	0.509908168197	0.578540357661	0.582406959884	0.924601256646	0.772837119381	0.700338327695	0.618173030449	0.626872885452	0.626872885452	0.897051715805	0.677622039633	0.618656355727	0.632189463509	0.645239246013	0.663122281295	0.679072015466	0.631222812953	0.529241179314	0.565007249879	0.706138231029	0.635089415176	0.630256162397	0.542290961817	0.580473658772	0.542290961817	0.55099081682	0.601739971	0.556790720155	0.552440792653	0.63653939101	0.625906234896	0.687771870469	0.61575640406	0.662638956017	0.639922667956	0.635089415176	0.675688738521	0.581923634606	0.584823586274	0.582406959884	0.592073465442	0.546640889319	0.669405509908	0.549540840986	0.629289511841	0.587723537941	0.616723054616
AH4	0.327694538424	0.381826969551	0.943450942484	0.592073465442	0.602223296278	0.519091348478	0.632672788787	0.512808119865	0.513291445143	0.556307394877	0.565973900435	0.545190913485	0.514258095698	0.857419043016	0.509908168197	0.0	0.52779120348	0.523924601257	0.884968583857	0.730304494925	0.633639439343	0.550507491542	0.570807153214	0.558240695988	0.854519091348	0.593040115998	0.541807636539	0.545190913485	0.561140647656	0.585306911551	0.589173513775	0.541807636539	0.520057999033	0.532141130981	0.704688255196	0.633156114065	0.573223779604	0.564040599323	0.533591106815	0.56259062349	0.535041082649	0.676655389077	0.635089415176	0.561623972934	0.590140164331	0.575157080715	0.649105848236	0.596423392943	0.653455775737	0.614789753504	0.616239729338	0.643305944901	0.529724504592	0.51377477042	0.526341227646	0.521991300145	0.512324794587	0.627839536008	0.525857902368	0.60415659739	0.536491058482	0.601739971
AA7	0.557274045433	0.538907684872	0.970517158047	0.626389560174	0.622522957951	0.473175447076	0.684388593523	0.455292411793	0.437892701788	0.590623489609	0.450942484292	0.566940550991	0.503141614306	0.897051715805	0.578540357661	0.52779120348	0.0	0.283711938134	0.920251329145	0.769453842436	0.59497341711	0.49299178347	0.493475108748	0.489125181247	0.875302078299	0.597390043499	0.445625906235	0.478008699855	0.522957950701	0.595940067666	0.522474625423	0.409859835669	0.423392943451	0.478975350411	0.710971483809	0.653455775737	0.478492025133	0.567907201547	0.474142097632	0.609956500725	0.555340744321	0.728371193813	0.688738521025	0.579023682939	0.550024166264	0.52537457709	0.637022716288	0.600289995167	0.653455775737	0.632672788787	0.585790236829	0.628806186564	0.508941517641	0.509908168197	0.515224746254	0.524891251812	0.538424359594	0.620589656839	0.539874335428	0.61575640406	0.494925084582	0.595940067666
AA8	0.555340744321	0.537941034316	0.962783953601	0.623006283229	0.603673272112	0.463992266796	0.685838569357	0.446592556791	0.429676172064	0.583856935718	0.435476075399	0.549540840986	0.48380860319	0.888351860802	0.582406959884	0.523924601257	0.283711938134	0.0	0.923151280812	0.767520541324	0.593523441276	0.486708554857	0.480908651522	0.472692121798	0.862735621073	0.579023682939	0.421942967617	0.470275495408	0.50459159014	0.576607056549	0.476075398743	0.374577090382	0.431126147898	0.483325277912	0.708071532141	0.650072498792	0.458675688739	0.564523924601	0.46979217013	0.606089898502	0.544707588207	0.72692121798	0.683421942968	0.570323827936	0.538424359594	0.519574673755	0.623972933784	0.585306911551	0.65055582407	0.622522957951	0.577090381827	0.616723054616	0.497341710971	0.500724987917	0.50700821653	0.516674722088	0.539874335428	0.611889801837	0.544224262929	0.609473175447	0.491058482359	0.589173513775
AB7	0.861285645239	0.897535041083	0.740454325761	0.725471242146	0.876268728855	0.927017883035	0.941034316095	0.931851135814	0.916384726921	0.931367810536	0.954084098598	0.876752054132	0.927984533591	0.715804736588	0.924601256646	0.884968583857	0.920251329145	0.923151280812	0.0	0.405993233446	0.814403093282	0.834219429676	0.937167713871	0.92363460609	0.739487675205	0.819236346061	0.889801836636	0.867568873852	0.751087481875	0.700338327695	0.883518608023	0.901401643306	0.921701304978	0.934267762204	0.941517641373	0.933784436926	0.944900918318	0.909134847753	0.947800869986	0.926534557757	0.939584340261	0.861768970517	0.882068632189	0.907684871919	0.958917351377	0.951667472209	0.925084581924	0.928467858869	0.927984533591	0.931367810536	0.925567907202	0.916868052199	0.917834702755	0.910584823586	0.915901401643	0.910101498308	0.923151280812	0.918318028033	0.926051232479	0.925567907202	0.94683421943	0.924117931368
AB8	0.714354760754	0.741904301595	0.742870952151	0.56259062349	0.757370710488	0.765587240213	0.783470275495	0.76848719188	0.752537457709	0.770420492992	0.790720154664	0.728854519091	0.77090381827	0.669888835186	0.772837119381	0.730304494925	0.769453842436	0.767520541324	0.405993233446	0.0	0.660705654906	0.668438859352	0.7593040116	0.748670855486	0.726437892702	0.652972450459	0.720637989367	0.694055099082	0.54857419043	0.535524407927	0.735621072982	0.739971000483	0.763170613823	0.773803769937	0.829869502175	0.78008699855	0.784436926051	0.744320927985	0.778153697438	0.760753987434	0.773320444659	0.719188013533	0.73610439826	0.74528757854	0.796036732721	0.793620106332	0.813436442726	0.76848719188	0.800386660222	0.77767037216	0.778153697438	0.786370227163	0.765103914935	0.762203963267	0.766553890768	0.757370710488	0.760270662156	0.787820202997	0.768003866602	0.768003866602	0.784920251329	0.768003866602
AC7	0.614306428226	0.669888835186	0.890768487192	0.658772353794	0.727887868536	0.583856935718	0.719188013533	0.581923634606	0.554857419043	0.652972450459	0.593040115998	0.70372160464	0.668438859352	0.82165297245	0.700338327695	0.633639439343	0.59497341711	0.593523441276	0.814403093282	0.660705654906	0.0	0.366843885935	0.577090381827	0.561140647656	0.824552924118	0.576607056549	0.549540840986	0.507491541808	0.474142097632	0.498791686805	0.571290478492	0.555340744321	0.563073948768	0.60415659739	0.810053165781	0.745770903818	0.63653939101	0.640405993233	0.611889801837	0.718704688255	0.670855485742	0.71290478492	0.688255195747	0.640889318511	0.650072498792	0.62493958434	0.799903334944	0.74770420493	0.804253262446	0.779603673272	0.748187530208	0.786370227163	0.676655389077	0.658289028516	0.681005316578	0.681005316578	0.681971967134	0.787336877719	0.688738521025	0.762687288545	0.618656355727	0.751570807153
AC8	0.55775737071	0.575157080715	0.910584823586	0.612856452392	0.670372160464	0.515224746254	0.692605123248	0.489125181247	0.450459159014	0.582406959884	0.522957950701	0.633639439343	0.579507008217	0.836636056066	0.618173030449	0.550507491542	0.49299178347	0.486708554857	0.834219429676	0.668438859352	0.366843885935	0.0	0.48380860319	0.476075398743	0.83325277912	0.542774287095	0.394393426776	0.367327211213	0.419526341228	0.477525374577	0.523441275979	0.478008699855	0.462542290962	0.509424842919	0.734654422426	0.675205413243	0.552924117931	0.570807153214	0.536491058482	0.635089415176	0.591106814886	0.67133881102	0.633639439343	0.577573707105	0.574190430159	0.551957467376	0.719188013533	0.660705654906	0.729337844369	0.704204929918	0.665055582407	0.704688255196	0.594490091832	0.579507008217	0.588690188497	0.597390043499	0.581923634606	0.702271628806	0.593523441276	0.684388593523	0.541324311261	0.669888835186
AD7	0.58337361044	0.594490091832	0.956984050266	0.654905751571	0.711938134364	0.515224746254	0.700338327695	0.49299178347	0.475108748188	0.590140164331	0.424842919285	0.661188980184	0.591106814886	0.881101981634	0.626872885452	0.570807153214	0.493475108748	0.480908651522	0.937167713871	0.7593040116	0.577090381827	0.48380860319	0.0	0.292895118415	0.897051715805	0.521991300145	0.419526341228	0.450459159014	0.483325277912	0.565490575157	0.50459159014	0.485741904302	0.482841952634	0.526824552924	0.745770903818	0.678105364911	0.512808119865	0.587723537941	0.540357660706	0.644755920735	0.600773320445	0.720637989367	0.675205413243	0.596423392943	0.565007249879	0.557274045433	0.726437892702	0.66892218463	0.738037699372	0.71290478492	0.670372160464	0.710004833253	0.605123247946	0.590623489609	0.600773320445	0.610923151281	0.594490091832	0.716288061866	0.607056549058	0.695021749638	0.556790720155	0.677138714355
AD8	0.584340260996	0.586756887385	0.952150797487	0.644755920735	0.706138231029	0.506524891252	0.685838569357	0.4813919768	0.46979217013	0.584340260996	0.432576123731	0.654422426293	0.587723537941	0.875785403577	0.626872885452	0.558240695988	0.489125181247	0.472692121798	0.92363460609	0.748670855486	0.561140647656	0.476075398743	0.292895118415	0.0	0.867568873852	0.49540840986	0.417593040116	0.44900918318	0.471242145964	0.550024166264	0.501691638473	0.478008699855	0.480908651522	0.528757854036	0.754470758821	0.681488641856	0.510874818753	0.585306911551	0.536491058482	0.651039149348	0.597873368777	0.718704688255	0.676655389077	0.595456742388	0.565490575157	0.552924117931	0.72692121798	0.669405509908	0.735621072982	0.711454809087	0.666988883519	0.709521507975	0.602706621556	0.588690188497	0.596906718221	0.605606573224	0.592073465442	0.713388110198	0.610923151281	0.690188496858	0.557274045433	0.675688738521
AE7	0.827936201063	0.883518608023	0.850169163847	0.791203479942	0.843402609957	0.890285161914	0.91445142581	0.899468342194	0.88883518608	0.910584823586	0.915418076365	0.838569357177	0.890768487192	0.819236346061	0.897051715805	0.854519091348	0.875302078299	0.862735621073	0.739487675205	0.726437892702	0.824552924118	0.83325277912	0.897051715805	0.867568873852	0.0	0.548090865152	0.87046882552	0.850652489125	0.772353794103	0.754470758821	0.837602706622	0.848719188014	0.895601739971	0.905268245529	0.928467858869	0.920734654422	0.927501208313	0.898018366361	0.90961817303	0.882068632189	0.901401643306	0.873368777187	0.878685355244	0.876752054132	0.937167713871	0.926051232479	0.893185113581	0.904784920251	0.903818269696	0.897051715805	0.897051715805	0.897051715805	0.890285161914	0.893668438859	0.904301594973	0.88883518608	0.903818269696	0.888351860802	0.904784920251	0.90043499275	0.91445142581	0.903334944418
AE8	0.579023682939	0.629772837119	0.895118414693	0.639439342678	0.693571773804	0.587723537941	0.684871918801	0.596423392943	0.585306911551	0.611406476559	0.614306428226	0.644755920735	0.629772837119	0.824552924118	0.677622039633	0.593040115998	0.597390043499	0.579023682939	0.819236346061	0.652972450459	0.576607056549	0.542774287095	0.521991300145	0.49540840986	0.548090865152	0.0	0.559690671822	0.546157564041	0.513291445143	0.506041565974	0.567423876269	0.565007249879	0.595940067666	0.604639922668	0.766553890768	0.705171580474	0.628806186564	0.603189946834	0.604639922668	0.657805703238	0.630739487675	0.695988400193	0.668438859352	0.610923151281	0.637989366844	0.626872885452	0.739971000483	0.690188496858	0.750604156597	0.718221362977	0.693571773804	0.724987916868	0.64813919768	0.630256162397	0.647172547124	0.633156114065	0.642822619623	0.721604639923	0.663122281295	0.701788303528	0.615273078782	0.692605123248
AF7	0.551474142098	0.554374093765	0.935717738038	0.633156114065	0.649105848236	0.491058482359	0.700821652972	0.4398260029	0.432576123731	0.588206863219	0.434992750121	0.603189946834	0.538907684872	0.860802319961	0.618656355727	0.541807636539	0.445625906235	0.421942967617	0.889801836636	0.720637989367	0.549540840986	0.394393426776	0.419526341228	0.417593040116	0.87046882552	0.559690671822	0.0	0.336394393427	0.46302561624	0.537941034316	0.48380860319	0.475592073465	0.43740937651	0.476558724021	0.700821652972	0.63653939101	0.471725471242	0.542774287095	0.493475108748	0.614789753504	0.550024166264	0.702754954084	0.653455775737	0.55099081682	0.533107781537	0.515224746254	0.660222329628	0.613823102948	0.688738521025	0.663122281295	0.617689705172	0.653939101015	0.551474142098	0.53939101015	0.548090865152	0.559207346544	0.552924117931	0.647655872402	0.564040599323	0.64572257129	0.499758337361	0.622039632673
AF8	0.556307394877	0.575157080715	0.925084581924	0.619623006283	0.671822136298	0.507491541808	0.690671822136	0.469308844853	0.468342194297	0.576123731271	0.490091831803	0.62735621073	0.579507008217	0.850169163847	0.632189463509	0.545190913485	0.478008699855	0.470275495408	0.867568873852	0.694055099082	0.507491541808	0.367327211213	0.450459159014	0.44900918318	0.850652489125	0.546157564041	0.336394393427	0.0	0.43740937651	0.505558240696	0.505558240696	0.478975350411	0.46060898985	0.509908168197	0.722087965201	0.660705654906	0.501691638473	0.554857419043	0.5186080232	0.604639922668	0.56935717738	0.674722087965	0.629772837119	0.555824069599	0.568873852102	0.550024166264	0.679072015466	0.629772837119	0.707588206863	0.681488641856	0.641372643789	0.666505558241	0.573223779604	0.552440792653	0.569840502658	0.572257129048	0.565007249879	0.670372160464	0.576607056549	0.65973900435	0.514741420976	0.64572257129
AG7	0.568390526825	0.598840019333	0.853069115515	0.554374093765	0.669405509908	0.526341227646	0.684871918801	0.492508458192	0.472692121798	0.579507008217	0.522957950701	0.631222812953	0.593040115998	0.782986950217	0.645239246013	0.561140647656	0.522957950701	0.50459159014	0.751087481875	0.54857419043	0.474142097632	0.419526341228	0.483325277912	0.471242145964	0.772353794103	0.513291445143	0.46302561624	0.43740937651	0.0	0.312711454809	0.53020782987	0.500241662639	0.493958434026	0.544707588207	0.749154180764	0.674722087965	0.53020782987	0.570807153214	0.53939101015	0.637022716288	0.589656839053	0.663605606573	0.634606089899	0.571290478492	0.590623489609	0.578057032383	0.723054615756	0.662638956017	0.724987916868	0.697438376027	0.667472208797	0.704204929918	0.605606573224	0.59255679072	0.613823102948	0.599806669889	0.609956500725	0.710971483809	0.629772837119	0.680038666022	0.574190430159	0.667955534074
AG8	0.573223779604	0.622522957951	0.830836152731	0.578540357661	0.692605123248	0.575157080715	0.684388593523	0.568873852102	0.54857419043	0.599323344611	0.599323344611	0.655872402127	0.616239729338	0.749637506042	0.663122281295	0.585306911551	0.595940067666	0.576607056549	0.700338327695	0.535524407927	0.498791686805	0.477525374577	0.565490575157	0.550024166264	0.754470758821	0.506041565974	0.537941034316	0.505558240696	0.312711454809	0.0	0.577090381827	0.557274045433	0.57177380377	0.590623489609	0.772353794103	0.70130497825	0.594006766554	0.590623489609	0.589173513775	0.660705654906	0.617689705172	0.665055582407	0.651039149348	0.602223296278	0.617689705172	0.614789753504	0.745770903818	0.686805219913	0.74528757854	0.719671338811	0.692605123248	0.728854519091	0.643305944901	0.621556307395	0.63653939101	0.629289511841	0.637506041566	0.731754470759	0.658772353794	0.700821652972	0.60415659739	0.690671822136
AH7	0.578540357661	0.640889318511	0.948767520541	0.686321894635	0.713388110198	0.573707104882	0.719671338811	0.544224262929	0.542774287095	0.637022716288	0.526824552924	0.656839052682	0.633156114065	0.885451909135	0.679072015466	0.589173513775	0.522474625423	0.476075398743	0.883518608023	0.735621072982	0.571290478492	0.523441275979	0.50459159014	0.501691638473	0.837602706622	0.567423876269	0.48380860319	0.505558240696	0.53020782987	0.577090381827	0.0	0.337844369261	0.563557274045	0.609956500725	0.783470275495	0.72692121798	0.565973900435	0.65732237796	0.596423392943	0.667955534074	0.646205896568	0.764137264379	0.729821169647	0.653939101015	0.642339294345	0.628322861286	0.744804253262	0.71290478492	0.765587240213	0.73368777187	0.704688255196	0.737554374094	0.634606089899	0.614306428226	0.631222812953	0.632189463509	0.634122764621	0.736587723538	0.640889318511	0.710488158531	0.609956500725	0.711938134364
AH8	0.54857419043	0.586756887385	0.952150797487	0.650072498792	0.679072015466	0.522474625423	0.68970517158	0.493958434026	0.490091831803	0.59497341711	0.505558240696	0.619623006283	0.573223779604	0.878685355244	0.631222812953	0.541807636539	0.409859835669	0.374577090382	0.901401643306	0.739971000483	0.555340744321	0.478008699855	0.485741904302	0.478008699855	0.848719188014	0.565007249879	0.475592073465	0.478975350411	0.500241662639	0.557274045433	0.337844369261	0.0	0.498791686805	0.549057515708	0.757370710488	0.69453842436	0.543740937651	0.610439826003	0.541807636539	0.626872885452	0.595940067666	0.728371193813	0.695988400193	0.60657322378	0.587240212663	0.573223779604	0.686805219913	0.658289028516	0.713871435476	0.683421942968	0.641372643789	0.681005316578	0.570323827936	0.560657322378	0.568390526825	0.576607056549	0.578540357661	0.674238762687	0.585306911551	0.672305461576	0.552924117931	0.654422426293
AA5	0.578057032383	0.509424842919	0.956500724988	0.628806186564	0.594006766554	0.443692605123	0.62493958434	0.405509908168	0.390526824553	0.536007733204	0.439342677622	0.543257612373	0.517158047366	0.878685355244	0.529241179314	0.520057999033	0.423392943451	0.431126147898	0.921701304978	0.763170613823	0.563073948768	0.462542290962	0.482841952634	0.480908651522	0.895601739971	0.595940067666	0.43740937651	0.46060898985	0.493958434026	0.57177380377	0.563557274045	0.498791686805	0.0	0.333494441759	0.693088448526	0.59255679072	0.483325277912	0.464475592073	0.464475592073	0.547124214596	0.482358627356	0.629289511841	0.577573707105	0.473175447076	0.528757854036	0.488641855969	0.678105364911	0.62493958434	0.670372160464	0.641855969067	0.637506041566	0.674238762687	0.522957950701	0.544224262929	0.554374093765	0.54857419043	0.523441275979	0.670855485742	0.547124214596	0.625906234896	0.498308361527	0.629289511841
AA6	0.579023682939	0.529241179314	0.9584340261	0.648622522958	0.630739487675	0.480425326245	0.64572257129	0.447559207347	0.453842435959	0.555824069599	0.502174963751	0.58095698405	0.523924601257	0.877718704688	0.565007249879	0.532141130981	0.478975350411	0.483325277912	0.934267762204	0.773803769937	0.60415659739	0.509424842919	0.526824552924	0.528757854036	0.905268245529	0.604639922668	0.476558724021	0.509908168197	0.544707588207	0.590623489609	0.609956500725	0.549057515708	0.333494441759	0.0	0.685838569357	0.588206863219	0.511358144031	0.488158530691	0.478008699855	0.577573707105	0.509424842919	0.663122281295	0.611889801837	0.505074915418	0.464475592073	0.426776220396	0.680038666022	0.627839536008	0.674238762687	0.652972450459	0.640405993233	0.675205413243	0.535041082649	0.547607539874	0.552440792653	0.55099081682	0.537941034316	0.67133881102	0.560657322378	0.633156114065	0.511841469309	0.631222812953
AB5	0.751087481875	0.669888835186	0.970033832769	0.727404543258	0.609956500725	0.634606089899	0.73852102465	0.656839052682	0.664088931851	0.688255195747	0.678105364911	0.608506524891	0.659255679072	0.898501691638	0.706138231029	0.704688255196	0.710971483809	0.708071532141	0.941517641373	0.829869502175	0.810053165781	0.734654422426	0.745770903818	0.754470758821	0.928467858869	0.766553890768	0.700821652972	0.722087965201	0.749154180764	0.772353794103	0.783470275495	0.757370710488	0.693088448526	0.685838569357	0.0	0.318994683422	0.61575640406	0.654905751571	0.621556307395	0.642339294345	0.619139681005	0.753987433543	0.734171097148	0.652489125181	0.62493958434	0.615273078782	0.594006766554	0.605606573224	0.623006283229	0.594006766554	0.620589656839	0.607539874335	0.610439826003	0.609473175447	0.617689705172	0.622522957951	0.659255679072	0.594006766554	0.657805703238	0.602706621556	0.664088931851	0.611889801837
AB6	0.690188496858	0.602706621556	0.962300628323	0.666505558241	0.571290478492	0.561623972934	0.65973900435	0.576123731271	0.592073465442	0.615273078782	0.618173030449	0.531174480425	0.608989850169	0.88883518608	0.635089415176	0.633156114065	0.653455775737	0.650072498792	0.933784436926	0.78008699855	0.745770903818	0.675205413243	0.678105364911	0.681488641856	0.920734654422	0.705171580474	0.63653939101	0.660705654906	0.674722087965	0.70130497825	0.72692121798	0.69453842436	0.59255679072	0.588206863219	0.318994683422	0.0	0.562107298212	0.565973900435	0.563557274045	0.582890285162	0.554857419043	0.669888835186	0.639439342678	0.547124214596	0.56935717738	0.554857419043	0.598356694055	0.565007249879	0.601739971	0.568873852102	0.579990333494	0.591106814886	0.535524407927	0.555340744321	0.566457225713	0.56259062349	0.597390043499	0.579507008217	0.599323344611	0.559690671822	0.612373127115	0.570323827936
AC5	0.599806669889	0.581923634606	0.969550507492	0.657805703238	0.612856452392	0.466408893185	0.680038666022	0.447075882069	0.454325761237	0.58095698405	0.432092798453	0.564523924601	0.546157564041	0.894635089415	0.630256162397	0.573223779604	0.478492025133	0.458675688739	0.944900918318	0.784436926051	0.63653939101	0.552924117931	0.512808119865	0.510874818753	0.927501208313	0.628806186564	0.471725471242	0.501691638473	0.53020782987	0.594006766554	0.565973900435	0.543740937651	0.483325277912	0.511358144031	0.61575640406	0.562107298212	0.0	0.458192363461	0.449492508458	0.597873368777	0.533107781537	0.719188013533	0.658772353794	0.54857419043	0.479458675689	0.468342194297	0.582890285162	0.544707588207	0.606089898502	0.572257129048	0.558724021266	0.586273562107	0.498791686805	0.478492025133	0.498308361527	0.504108264862	0.57177380377	0.584340260996	0.587240212663	0.551957467376	0.517158047366	0.552924117931
AC6	0.611406476559	0.526341227646	0.948284195263	0.642339294345	0.565490575157	0.499275012083	0.533591106815	0.474142097632	0.510391493475	0.462058965684	0.540357660706	0.53697438376	0.540357660706	0.864668922185	0.542290961817	0.564040599323	0.567907201547	0.564523924601	0.909134847753	0.744320927985	0.640405993233	0.570807153214	0.587723537941	0.585306911551	0.898018366361	0.603189946834	0.542774287095	0.554857419043	0.570807153214	0.590623489609	0.65732237796	0.610439826003	0.464475592073	0.488158530691	0.654905751571	0.565973900435	0.458192363461	0.0	0.509908168197	0.541324311261	0.497341710971	0.481875302078	0.428709521508	0.408893185114	0.547124214596	0.532624456259	0.651522474625	0.612373127115	0.652972450459	0.620106331561	0.623489608507	0.652489125181	0.563073948768	0.554857419043	0.572740454326	0.559690671822	0.556790720155	0.643789270179	0.576123731271	0.603673272112	0.536491058482	0.616239729338
AD6	0.584340260996	0.526341227646	0.969067182214	0.613823102948	0.572257129048	0.411793136781	0.625906234896	0.436442725955	0.437892701788	0.53697438376	0.448525857902	0.520541324311	0.507974867086	0.886901884969	0.580473658772	0.533591106815	0.474142097632	0.46979217013	0.947800869986	0.778153697438	0.611889801837	0.536491058482	0.540357660706	0.536491058482	0.90961817303	0.604639922668	0.493475108748	0.5186080232	0.53939101015	0.589173513775	0.596423392943	0.541807636539	0.464475592073	0.478008699855	0.621556307395	0.563557274045	0.449492508458	0.509908168197	0.0	0.540357660706	0.427259545674	0.70372160464	0.655872402127	0.534557757371	0.478975350411	0.456259062349	0.591106814886	0.536007733204	0.587240212663	0.556790720155	0.553407443209	0.588690188497	0.469308844853	0.448042532624	0.4813919768	0.467858869019	0.549540840986	0.58337361044	0.546640889319	0.550507491542	0.462542290962	0.542774287095
AE5	0.630256162397	0.52779120348	0.969067182214	0.623489608507	0.559207346544	0.55775737071	0.587723537941	0.559207346544	0.602223296278	0.540840985984	0.616239729338	0.531657805703	0.575157080715	0.882551957467	0.542290961817	0.56259062349	0.609956500725	0.606089898502	0.926534557757	0.760753987434	0.718704688255	0.635089415176	0.644755920735	0.651039149348	0.882068632189	0.657805703238	0.614789753504	0.604639922668	0.637022716288	0.660705654906	0.667955534074	0.626872885452	0.547124214596	0.577573707105	0.642339294345	0.582890285162	0.597873368777	0.541324311261	0.540357660706	0.0	0.359594006767	0.627839536008	0.590140164331	0.53939101015	0.627839536008	0.616239729338	0.640889318511	0.597390043499	0.633639439343	0.602223296278	0.623006283229	0.644272595457	0.540357660706	0.567907201547	0.59255679072	0.555340744321	0.547607539874	0.633156114065	0.552440792653	0.589173513775	0.578057032383	0.610923151281
AE6	0.607056549058	0.504108264862	0.968583856936	0.626389560174	0.565973900435	0.491541807637	0.574190430159	0.490575157081	0.531657805703	0.515224746254	0.546640889319	0.521991300145	0.520541324311	0.885935234413	0.55099081682	0.535041082649	0.555340744321	0.544707588207	0.939584340261	0.773320444659	0.670855485742	0.591106814886	0.600773320445	0.597873368777	0.901401643306	0.630739487675	0.550024166264	0.56935717738	0.589656839053	0.617689705172	0.646205896568	0.595940067666	0.482358627356	0.509424842919	0.619139681005	0.554857419043	0.533107781537	0.497341710971	0.427259545674	0.359594006767	0.0	0.652972450459	0.602706621556	0.487675205413	0.558240695988	0.542290961817	0.622522957951	0.573707104882	0.624456259062	0.59255679072	0.595456742388	0.627839536008	0.496858385694	0.502658289029	0.538907684872	0.502174963751	0.526341227646	0.623972933784	0.541324311261	0.58337361044	0.517158047366	0.59255679072
AF5	0.712421459642	0.632189463509	0.928951184147	0.681005316578	0.65973900435	0.686321894635	0.548090865152	0.648622522958	0.681971967134	0.584340260996	0.722571290478	0.642339294345	0.683905268246	0.84726921218	0.601739971	0.676655389077	0.728371193813	0.72692121798	0.861768970517	0.719188013533	0.71290478492	0.67133881102	0.720637989367	0.718704688255	0.873368777187	0.695988400193	0.702754954084	0.674722087965	0.663605606573	0.665055582407	0.764137264379	0.728371193813	0.629289511841	0.663122281295	0.753987433543	0.669888835186	0.719188013533	0.481875302078	0.70372160464	0.627839536008	0.652972450459	0.0	0.279362010633	0.538907684872	0.730787820203	0.716288061866	0.763170613823	0.720637989367	0.753504108265	0.718704688255	0.73610439826	0.755920734654	0.70130497825	0.724987916868	0.732237796037	0.711938134364	0.680038666022	0.74770420493	0.679072015466	0.705171580474	0.716771387144	0.726437892702
AF6	0.680038666022	0.586756887385	0.934751087482	0.662638956017	0.641372643789	0.640405993233	0.512324794587	0.60657322378	0.640889318511	0.538907684872	0.679555340744	0.621072982117	0.639439342678	0.854519091348	0.556790720155	0.635089415176	0.688738521025	0.683421942968	0.882068632189	0.73610439826	0.688255195747	0.633639439343	0.675205413243	0.676655389077	0.878685355244	0.668438859352	0.653455775737	0.629772837119	0.634606089899	0.651039149348	0.729821169647	0.695988400193	0.577573707105	0.611889801837	0.734171097148	0.639439342678	0.658772353794	0.428709521508	0.655872402127	0.590140164331	0.602706621556	0.279362010633	0.0	0.496375060416	0.681005316578	0.671822136298	0.746737554374	0.700821652972	0.732237796037	0.699371677139	0.700338327695	0.730304494925	0.651039149348	0.6805219913	0.685838569357	0.666022232963	0.628322861286	0.722571290478	0.634606089899	0.682455292412	0.672305461576	0.698888351861
