	AA3	AA4	AB3	AB4	AC3	AC4	AD3	AD4	AE3	AE4	AF3	AF4	AG3	AG4	AH3	AH4	AA7	AA8	AB7	AB8	AC7	AC8	AD7	AD8	AE7	AE8	AF7	AF8	AG7	AG8	AH7	AH8	AA5	AA6	AB5	AB6	AC5	AC6	AD6	AE5	AE6	AF5	AF6	AG5	AH5	AH6	AA1	AA2	AB1	AB2	AC1	AC2	AD1	AD2	AE1	AE2	AF1	AF2	AG1	AG2	AH1	AH2
AA3	0.0	0.486708554857	0.929434509425	0.637022716288	0.65055582407	0.583856935718	0.674722087965	0.579990333494	0.574673755437	0.620589656839	0.610923151281	0.618173030449	0.581923634606	0.840985983567	0.654422426293	0.322861285645	0.58095698405	0.571290478492	0.860318994683	0.707104881585	0.624456259062	0.567423876269	0.599806669889	0.589656839053	0.834219429676	0.590623489609	0.566940550991	0.553890768487	0.572257129048	0.588690188497	0.595940067666	0.567423876269	0.59497341711	0.60415659739	0.761237312711	0.697438376027	0.605123247946	0.625422909618	0.59497341711	0.634606089899	0.599323344611	0.71290478492	0.676172063799	0.621072982117	0.617206379894	0.617689705172	0.677622039633	0.647655872402	0.720637989367	0.665055582407	0.634122764621	0.660705654906	0.566457225713	0.573707104882	0.574673755437	0.559207346544	0.573707104882	0.65973900435	0.590623489609	0.670372160464	0.588206863219	0.642822619623
AA4	0.486708554857	0.0	0.948284195263	0.591590140164	0.565490575157	0.490091831803	0.600773320445	0.476075398743	0.494925084582	0.520541324311	0.558240695988	0.523924601257	0.468825519575	0.850652489125	0.385210246496	0.379410343161	0.528274528758	0.521991300145	0.893668438859	0.721121314645	0.653939101015	0.5601739971	0.588206863219	0.584340260996	0.8796520058	0.611406476559	0.531174480425	0.553407443209	0.591590140164	0.602706621556	0.624456259062	0.568873852102	0.494925084582	0.504108264862	0.676655389077	0.598356694055	0.55099081682	0.506041565974	0.535524407927	0.52537457709	0.468342194297	0.622522957951	0.580473658772	0.504108264862	0.570323827936	0.56259062349	0.646205896568	0.581923634606	0.641855969067	0.601739971	0.607056549058	0.632189463509	0.523441275979	0.516674722088	0.528757854036	0.520541324311	0.494441759304	0.635089415176	0.502658289029	0.604639922668	0.520541324311	0.578057032383
AB3	0.929434509425	0.948284195263	0.0	0.669405509908	0.913968100532	0.953117448043	0.957467375544	0.943450942484	0.930884485259	0.94683421943	0.973417109715	0.93523441276	0.961817303045	0.340744320928	0.959400676655	0.946350894152	0.969067182214	0.966167230546	0.736587723538	0.746254229096	0.886418559691	0.91203479942	0.955534074432	0.94683421943	0.849202513291	0.906718221363	0.939584340261	0.930401159981	0.849685838569	0.843402609957	0.952150797487	0.949734171097	0.9584340261	0.961333977767	0.974383760271	0.966167230546	0.974867085549	0.955050749154	0.973900434993	0.973417109715	0.973900434993	0.933784436926	0.940067665539	0.953117448043	0.975350410826	0.971967133881	0.972450459159	0.971000483325	0.971967133881	0.974383760271	0.974867085549	0.972450459159	0.975833736104	0.973900434993	0.975833736104	0.973900434993	0.973417109715	0.972933784437	0.972450459159	0.975350410826	0.973417109715	0.971967133881
AB4	0.637022716288	0.591590140164	0.669405509908	0.0	0.633639439343	0.616723054616	0.710971483809	0.619139681005	0.615273078782	0.639922667956	0.641855969067	0.617206379894	0.482358627356	0.547124214596	0.617206379894	0.595456742388	0.627839536008	0.630256162397	0.728854519091	0.56259062349	0.664088931851	0.618173030449	0.65732237796	0.644272595457	0.79168680522	0.645239246013	0.639439342678	0.625422909618	0.563557274045	0.583856935718	0.687771870469	0.64572257129	0.649105848236	0.660705654906	0.731754470759	0.683905268246	0.647655872402	0.650072498792	0.634122764621	0.638472692122	0.625422909618	0.664572257129	0.660222329628	0.640889318511	0.680038666022	0.672788786854	0.680038666022	0.658772353794	0.702754954084	0.664572257129	0.676655389077	0.664572257129	0.631222812953	0.646689221846	0.652005799903	0.643789270179	0.635089415176	0.675205413243	0.633156114065	0.663605606573	0.645239246013	0.663605606573
AC3	0.65055582407	0.565490575157	0.913968100532	0.633639439343	0.0	0.491541807637	0.643789270179	0.547607539874	0.57177380377	0.592073465442	0.627839536008	0.341710971484	0.600773320445	0.82165297245	0.609956500725	0.591590140164	0.626389560174	0.594006766554	0.869018849686	0.742870952151	0.740937651039	0.676655389077	0.722571290478	0.713388110198	0.825036249396	0.685355244079	0.657805703238	0.675205413243	0.674722087965	0.679555340744	0.704204929918	0.667472208797	0.604639922668	0.623006283229	0.646205896568	0.598356694055	0.633156114065	0.56935717738	0.605606573224	0.553890768487	0.556307394877	0.642339294345	0.630256162397	0.551474142098	0.656839052682	0.64813919768	0.596906718221	0.612373127115	0.601256645723	0.58095698405	0.614789753504	0.608023199613	0.5601739971	0.590623489609	0.597390043499	0.566940550991	0.613823102948	0.595940067666	0.612856452392	0.610923151281	0.639439342678	0.600289995167
AC4	0.583856935718	0.490091831803	0.953117448043	0.616723054616	0.491541807637	0.0	0.623489608507	0.389560173997	0.406959884002	0.518124697922	0.343644272595	0.399226679555	0.503141614306	0.860318994683	0.564523924601	0.547124214596	0.477042049299	0.46060898985	0.930401159981	0.754470758821	0.599806669889	0.520057999033	0.531174480425	0.52779120348	0.89125181247	0.586273562107	0.503624939584	0.509908168197	0.535041082649	0.562107298212	0.580473658772	0.521024649589	0.446109231513	0.46979217013	0.657805703238	0.566457225713	0.457709038183	0.506524891252	0.416143064282	0.552924117931	0.479942000967	0.662155630739	0.619139681005	0.492025132914	0.498308361527	0.476075398743	0.632672788787	0.56935717738	0.610439826003	0.581440309328	0.581440309328	0.610923151281	0.489125181247	0.506524891252	0.509424842919	0.497825036249	0.544707588207	0.611406476559	0.552924117931	0.585306911551	0.499275012083	0.561623972934
AD3	0.674722087965	0.600773320445	0.957467375544	0.710971483809	0.643789270179	0.623489608507	0.0	0.538907684872	0.642822619623	0.365877235379	0.683421942968	0.623006283229	0.64572257129	0.861768970517	0.585790236829	0.652489125181	0.684388593523	0.678105364911	0.938134364427	0.765587240213	0.725954567424	0.697921701305	0.706621556307	0.69453842436	0.911551474142	0.687771870469	0.697438376027	0.695988400193	0.696955050749	0.688255195747	0.722571290478	0.694055099082	0.639439342678	0.654422426293	0.749154180764	0.67133881102	0.679555340744	0.549540840986	0.643305944901	0.588206863219	0.591590140164	0.561623972934	0.524407926535	0.561623972934	0.697921701305	0.684388593523	0.757370710488	0.708071532141	0.742387626873	0.718221362977	0.716288061866	0.739487675205	0.657805703238	0.663605606573	0.685355244079	0.663122281295	0.652972450459	0.742870952151	0.653939101015	0.729821169647	0.695021749638	0.708554857419
AD4	0.579990333494	0.476075398743	0.943450942484	0.619139681005	0.547607539874	0.389560173997	0.538907684872	0.0	0.332527791203	0.410826486225	0.449492508458	0.494925084582	0.505558240696	0.852585790237	0.550507491542	0.536491058482	0.479458675689	0.458192363461	0.937167713871	0.760753987434	0.581923634606	0.500241662639	0.520541324311	0.5186080232	0.904784920251	0.599323344611	0.46979217013	0.482841952634	0.513291445143	0.544224262929	0.565973900435	0.512808119865	0.41904301595	0.455292411793	0.663122281295	0.572257129048	0.450459159014	0.485741904302	0.412759787337	0.553407443209	0.465925567907	0.642822619623	0.599806669889	0.47462542291	0.497341710971	0.466892218463	0.641855969067	0.573223779604	0.626872885452	0.603189946834	0.597873368777	0.620589656839	0.491058482359	0.497341710971	0.514258095698	0.502658289029	0.529724504592	0.626872885452	0.53939101015	0.614306428226	0.505074915418	0.584340260996
AE3	0.574673755437	0.494925084582	0.930884485259	0.615273078782	0.57177380377	0.406959884002	0.642822619623	0.332527791203	0.0	0.507491541808	0.406476558724	0.514741420976	0.506524891252	0.843402609957	0.569840502658	0.539874335428	0.42822619623	0.419526341228	0.923151280812	0.747220879652	0.556790720155	0.477042049299	0.482358627356	0.471725471242	0.886901884969	0.590140164331	0.420976317061	0.453842435959	0.49540840986	0.536491058482	0.518124697922	0.470275495408	0.393910101498	0.452875785404	0.688738521025	0.603189946834	0.425326244563	0.518124697922	0.421459642339	0.59255679072	0.505074915418	0.669405509908	0.623006283229	0.496375060416	0.506041565974	0.473658772354	0.658289028516	0.596423392943	0.644755920735	0.613823102948	0.610923151281	0.639439342678	0.512808119865	0.531657805703	0.540357660706	0.53020782987	0.547607539874	0.645239246013	0.556307394877	0.62493958434	0.50459159014	0.598840019333
AE4	0.620589656839	0.520541324311	0.94683421943	0.639922667956	0.592073465442	0.518124697922	0.365877235379	0.410826486225	0.507491541808	0.0	0.585306911551	0.55775737071	0.574190430159	0.851135814403	0.544224262929	0.579023682939	0.589173513775	0.58337361044	0.935717738038	0.755437409377	0.649589173514	0.581440309328	0.598356694055	0.584340260996	0.907684871919	0.602223296278	0.58337361044	0.584823586274	0.58337361044	0.578540357661	0.633639439343	0.594006766554	0.534074432093	0.546157564041	0.714354760754	0.633639439343	0.575640405993	0.459159014016	0.552924117931	0.532624456259	0.528274528758	0.574190430159	0.53939101015	0.499758337361	0.603673272112	0.589656839053	0.721121314645	0.656839052682	0.705654905752	0.677622039633	0.6805219913	0.696471725471	0.602223296278	0.586756887385	0.597873368777	0.600289995167	0.585790236829	0.70372160464	0.600289995167	0.691155147414	0.601739971	0.660222329628
AF3	0.610923151281	0.558240695988	0.973417109715	0.641855969067	0.627839536008	0.343644272595	0.683421942968	0.449492508458	0.406476558724	0.585306911551	0.0	0.536491058482	0.528757854036	0.880135331078	0.617206379894	0.593523441276	0.445142580957	0.441759304012	0.95601739971	0.78250362494	0.597873368777	0.531174480425	0.456742387627	0.465442242629	0.914934751087	0.611406476559	0.449975833736	0.490091831803	0.547124214596	0.584823586274	0.526824552924	0.491541807637	0.434992750121	0.508941517641	0.690188496858	0.628322861286	0.411309811503	0.558724021266	0.425809569841	0.612373127115	0.53697438376	0.707588206863	0.667472208797	0.541807636539	0.500241662639	0.478492025133	0.661672305462	0.59497341711	0.666505558241	0.619139681005	0.607539874335	0.636056065732	0.529241179314	0.53020782987	0.532624456259	0.531657805703	0.58095698405	0.641372643789	0.589173513775	0.616239729338	0.511358144031	0.591590140164
AF4	0.618173030449	0.523924601257	0.93523441276	0.617206379894	0.341710971484	0.399226679555	0.623006283229	0.494925084582	0.514741420976	0.55775737071	0.536491058482	0.0	0.551474142098	0.841952634123	0.56935717738	0.563073948768	0.570323827936	0.552440792653	0.892218463026	0.725471242146	0.708071532141	0.628806186564	0.671822136298	0.658289028516	0.855485741904	0.644755920735	0.606089898502	0.625906234896	0.641855969067	0.658289028516	0.667955534074	0.626389560174	0.549057515708	0.574190430159	0.623972933784	0.53697438376	0.563073948768	0.543740937651	0.532141130981	0.519574673755	0.506041565974	0.623972933784	0.607056549058	0.511358144031	0.579507008217	0.573223779604	0.582890285162	0.542774287095	0.572257129048	0.53939101015	0.559207346544	0.574673755437	0.49540840986	0.527307878202	0.539874335428	0.520057999033	0.573707104882	0.569840502658	0.575640405993	0.557274045433	0.571290478492	0.531657805703
AG3	0.581923634606	0.468825519575	0.961817303045	0.482358627356	0.600773320445	0.503141614306	0.64572257129	0.505558240696	0.506524891252	0.574190430159	0.528757854036	0.551474142098	0.0	0.840502658289	0.534074432093	0.516674722088	0.497341710971	0.48622522958	0.924601256646	0.749637506042	0.663122281295	0.586756887385	0.591590140164	0.599806669889	0.880618656356	0.616239729338	0.546640889319	0.571290478492	0.601256645723	0.614789753504	0.626872885452	0.563073948768	0.517641372644	0.519091348478	0.677138714355	0.610923151281	0.541324311261	0.539874335428	0.512324794587	0.56259062349	0.495891735138	0.655872402127	0.61575640406	0.52537457709	0.571290478492	0.561623972934	0.616723054616	0.565490575157	0.627839536008	0.597873368777	0.589173513775	0.599323344611	0.504108264862	0.52537457709	0.53697438376	0.530691155147	0.539874335428	0.609473175447	0.545190913485	0.603189946834	0.509908168197	0.569840502658
AG4	0.840985983567	0.850652489125	0.340744320928	0.547124214596	0.82165297245	0.860318994683	0.861768970517	0.852585790237	0.843402609957	0.851135814403	0.880135331078	0.841952634123	0.840502658289	0.0	0.861768970517	0.851135814403	0.881585306912	0.880618656356	0.713388110198	0.667472208797	0.804253262446	0.82648622523	0.869018849686	0.859352344128	0.825519574674	0.821169647173	0.854035766071	0.844369260512	0.76848719188	0.75688738521	0.875785403577	0.864668922185	0.869502174964	0.87046882552	0.890768487192	0.87723537941	0.882551957467	0.859835669406	0.879168680522	0.877718704688	0.879168680522	0.842435959401	0.847752537458	0.863218946351	0.885451909135	0.883035282745	0.881101981634	0.878685355244	0.882551957467	0.8796520058	0.884968583857	0.876268728855	0.882068632189	0.877718704688	0.885935234413	0.8796520058	0.880135331078	0.878685355244	0.878202029966	0.880135331078	0.881585306912	0.878685355244
AH3	0.654422426293	0.385210246496	0.959400676655	0.617206379894	0.609956500725	0.564523924601	0.585790236829	0.550507491542	0.569840502658	0.544224262929	0.617206379894	0.56935717738	0.534074432093	0.861768970517	0.0	0.526824552924	0.596423392943	0.596423392943	0.927017883035	0.755920734654	0.707104881585	0.633156114065	0.640889318511	0.646689221846	0.901884968584	0.6805219913	0.629772837119	0.635089415176	0.653939101015	0.666988883519	0.690188496858	0.636056065732	0.558240695988	0.580473658772	0.718221362977	0.644272595457	0.631222812953	0.542774287095	0.602223296278	0.561140647656	0.555824069599	0.585306911551	0.558724021266	0.554374093765	0.647655872402	0.638472692122	0.705654905752	0.632672788787	0.682455292412	0.655872402127	0.653455775737	0.676172063799	0.604639922668	0.612856452392	0.608023199613	0.605123247946	0.573707104882	0.68293861769	0.563557274045	0.65055582407	0.600773320445	0.624456259062
AH4	0.322861285645	0.379410343161	0.946350894152	0.595456742388	0.591590140164	0.547124214596	0.652489125181	0.536491058482	0.539874335428	0.579023682939	0.593523441276	0.563073948768	0.516674722088	0.851135814403	0.526824552924	0.0	0.533591106815	0.523924601257	0.877718704688	0.717254712421	0.649105848236	0.565973900435	0.590623489609	0.579507008217	0.848235862736	0.607539874335	0.551474142098	0.551474142098	0.584823586274	0.606089898502	0.603189946834	0.547124214596	0.54857419043	0.55775737071	0.708071532141	0.640405993233	0.586756887385	0.58337361044	0.5601739971	0.577090381827	0.53697438376	0.665055582407	0.628322861286	0.573707104882	0.601739971	0.592073465442	0.636056065732	0.596906718221	0.665055582407	0.609956500725	0.594490091832	0.614306428226	0.524891251812	0.535524407927	0.542290961817	0.519091348478	0.507974867086	0.623489608507	0.521024649589	0.622522957951	0.554857419043	0.591106814886
AA7	0.58095698405	0.528274528758	0.969067182214	0.627839536008	0.626389560174	0.477042049299	0.684388593523	0.479458675689	0.42822619623	0.589173513775	0.445142580957	0.570323827936	0.497341710971	0.881585306912	0.596423392943	0.533591106815	0.0	0.290961817303	0.922184630256	0.761237312711	0.589173513775	0.512324794587	0.489125181247	0.48622522958	0.86805219913	0.588690188497	0.44224262929	0.478492025133	0.540840985984	0.574673755437	0.509424842919	0.410826486225	0.430159497342	0.497825036249	0.718221362977	0.65055582407	0.466408893185	0.563073948768	0.459642339294	0.613823102948	0.546640889319	0.701788303528	0.663605606573	0.566940550991	0.552924117931	0.51377477042	0.653455775737	0.600773320445	0.661188980184	0.634606089899	0.597390043499	0.626389560174	0.512808119865	0.528274528758	0.530691155147	0.526824552924	0.538907684872	0.62493958434	0.547124214596	0.638472692122	0.498308361527	0.591106814886
AA8	0.571290478492	0.521991300145	0.966167230546	0.630256162397	0.594006766554	0.46060898985	0.678105364911	0.458192363461	0.419526341228	0.58337361044	0.441759304012	0.552440792653	0.48622522958	0.880618656356	0.596423392943	0.523924601257	0.290961817303	0.0	0.911551474142	0.749154180764	0.576607056549	0.500724987917	0.495891735138	0.490575157081	0.862735621073	0.575640405993	0.437892701788	0.458192363461	0.52537457709	0.562107298212	0.482358627356	0.376027066216	0.415176413726	0.480908651522	0.70372160464	0.641372643789	0.458675688739	0.554374093765	0.45142580957	0.599806669889	0.526824552924	0.705654905752	0.664572257129	0.554374093765	0.535524407927	0.495891735138	0.632672788787	0.583856935718	0.656839052682	0.618656355727	0.583856935718	0.609473175447	0.488158530691	0.50700821653	0.51377477042	0.50459159014	0.529241179314	0.607056549058	0.540357660706	0.625906234896	0.488641855969	0.574190430159
AB7	0.860318994683	0.893668438859	0.736587723538	0.728854519091	0.869018849686	0.930401159981	0.938134364427	0.937167713871	0.923151280812	0.935717738038	0.95601739971	0.892218463026	0.924601256646	0.713388110198	0.927017883035	0.877718704688	0.922184630256	0.911551474142	0.0	0.400193330111	0.818753020783	0.854519091348	0.93281778637	0.916384726921	0.736587723538	0.82648622523	0.886418559691	0.874335427743	0.741420976317	0.709038182697	0.882551957467	0.894151764137	0.920251329145	0.936201063316	0.942000966651	0.933301111648	0.942000966651	0.916868052199	0.953117448043	0.939101014983	0.936201063316	0.872885451909	0.880618656356	0.918318028033	0.959400676655	0.95601739971	0.926051232479	0.937167713871	0.932334461092	0.937651039149	0.932334461092	0.922184630256	0.918318028033	0.917834702755	0.919768003867	0.91445142581	0.923151280812	0.919284678589	0.922667955534	0.932334461092	0.951667472209	0.924601256646
AB8	0.707104881585	0.721121314645	0.746254229096	0.56259062349	0.742870952151	0.754470758821	0.765587240213	0.760753987434	0.747220879652	0.755437409377	0.78250362494	0.725471242146	0.749637506042	0.667472208797	0.755920734654	0.717254712421	0.761237312711	0.749154180764	0.400193330111	0.0	0.652005799903	0.677622039633	0.748187530208	0.72692121798	0.740937651039	0.652005799903	0.702754954084	0.688255195747	0.545674238763	0.524407926535	0.728854519091	0.727404543258	0.755437409377	0.760270662156	0.807636539391	0.7593040116	0.764620589657	0.741420976317	0.771387143548	0.761720637989	0.753987433543	0.716288061866	0.723537941034	0.740937651039	0.783470275495	0.78008699855	0.805219913001	0.759787336878	0.78927017883	0.771870468826	0.769937167714	0.78008699855	0.755920734654	0.753504108265	0.7593040116	0.753504108265	0.749154180764	0.781536974384	0.753020782987	0.766553890768	0.774770420493	0.758337361044
AC7	0.624456259062	0.653939101015	0.886418559691	0.664088931851	0.740937651039	0.599806669889	0.725954567424	0.581923634606	0.556790720155	0.649589173514	0.597873368777	0.708071532141	0.663122281295	0.804253262446	0.707104881585	0.649105848236	0.589173513775	0.576607056549	0.818753020783	0.652005799903	0.0	0.365877235379	0.579507008217	0.572740454326	0.82406959884	0.59497341711	0.537941034316	0.500724987917	0.468342194297	0.495891735138	0.566940550991	0.535041082649	0.557274045433	0.607056549058	0.829869502175	0.762687288545	0.619623006283	0.656355727405	0.602706621556	0.72450459159	0.676172063799	0.714838086032	0.684871918801	0.653455775737	0.642339294345	0.612856452392	0.815853069116	0.755920734654	0.814403093282	0.784920251329	0.757370710488	0.788303528275	0.674238762687	0.682455292412	0.687288545191	0.68970517158	0.672788786854	0.792170130498	0.6805219913	0.782020299662	0.626389560174	0.758337361044
AC8	0.567423876269	0.5601739971	0.91203479942	0.618173030449	0.676655389077	0.520057999033	0.697921701305	0.500241662639	0.477042049299	0.581440309328	0.531174480425	0.628806186564	0.586756887385	0.82648622523	0.633156114065	0.565973900435	0.512324794587	0.500724987917	0.854519091348	0.677622039633	0.365877235379	0.0	0.483325277912	0.484775253746	0.835186080232	0.536491058482	0.404059932334	0.370227162881	0.449492508458	0.478492025133	0.530691155147	0.467375543741	0.476075398743	0.521991300145	0.746737554374	0.673272112131	0.532141130981	0.570323827936	0.522474625423	0.640889318511	0.581923634606	0.667955534074	0.625906234896	0.565973900435	0.57177380377	0.544224262929	0.723537941034	0.653939101015	0.733204446593	0.697438376027	0.668438859352	0.691638472692	0.587240212663	0.587240212663	0.594490091832	0.59255679072	0.575640405993	0.697921701305	0.587240212663	0.695988400193	0.535041082649	0.663122281295
AD7	0.599806669889	0.588206863219	0.955534074432	0.65732237796	0.722571290478	0.531174480425	0.706621556307	0.520541324311	0.482358627356	0.598356694055	0.456742387627	0.671822136298	0.591590140164	0.869018849686	0.640889318511	0.590623489609	0.489125181247	0.495891735138	0.93281778637	0.748187530208	0.579507008217	0.483325277912	0.0	0.296761720638	0.894151764137	0.508941517641	0.436442725955	0.450459159014	0.511841469309	0.537457709038	0.502174963751	0.454325761237	0.483325277912	0.550024166264	0.754470758821	0.683905268246	0.492025132914	0.593040115998	0.515708071532	0.651039149348	0.598840019333	0.706138231029	0.669888835186	0.597390043499	0.570323827936	0.546640889319	0.73852102465	0.667955534074	0.741420976317	0.70372160464	0.677622039633	0.702271628806	0.605123247946	0.598840019333	0.600289995167	0.60657322378	0.593040115998	0.710971483809	0.603673272112	0.704204929918	0.56259062349	0.672788786854
AD8	0.589656839053	0.584340260996	0.94683421943	0.644272595457	0.713388110198	0.52779120348	0.69453842436	0.5186080232	0.471725471242	0.584340260996	0.465442242629	0.658289028516	0.599806669889	0.859352344128	0.646689221846	0.579507008217	0.48622522958	0.490575157081	0.916384726921	0.72692121798	0.572740454326	0.484775253746	0.296761720638	0.0	0.855002416626	0.477525374577	0.420976317061	0.45142580957	0.488641855969	0.519574673755	0.494925084582	0.458675688739	0.495891735138	0.550507491542	0.760753987434	0.685838569357	0.495891735138	0.582890285162	0.518124697922	0.646205896568	0.594490091832	0.698888351861	0.667472208797	0.590623489609	0.571290478492	0.55099081682	0.73610439826	0.665538907685	0.743837602707	0.70372160464	0.675205413243	0.704204929918	0.605606573224	0.604639922668	0.608506524891	0.608989850169	0.594006766554	0.710488158531	0.613823102948	0.704204929918	0.563073948768	0.667472208797
AE7	0.834219429676	0.8796520058	0.849202513291	0.79168680522	0.825036249396	0.89125181247	0.911551474142	0.904784920251	0.886901884969	0.907684871919	0.914934751087	0.855485741904	0.880618656356	0.825519574674	0.901884968584	0.848235862736	0.86805219913	0.862735621073	0.736587723538	0.740937651039	0.82406959884	0.835186080232	0.894151764137	0.855002416626	0.0	0.542774287095	0.86805219913	0.85645239246	0.769453842436	0.758820686322	0.838569357177	0.843402609957	0.895601739971	0.909134847753	0.927017883035	0.91203479942	0.917834702755	0.893668438859	0.912518124698	0.893185113581	0.903818269696	0.876752054132	0.882551957467	0.883518608023	0.934751087482	0.924117931368	0.887868535524	0.908168197197	0.905268245529	0.895118414693	0.904301594973	0.897535041083	0.89125181247	0.893185113581	0.905751570807	0.884968583857	0.899951667472	0.886901884969	0.898985016916	0.908651522475	0.915418076365	0.897535041083
AE8	0.590623489609	0.611406476559	0.906718221363	0.645239246013	0.685355244079	0.586273562107	0.687771870469	0.599323344611	0.590140164331	0.602223296278	0.611406476559	0.644755920735	0.616239729338	0.821169647173	0.6805219913	0.607539874335	0.588690188497	0.575640405993	0.82648622523	0.652005799903	0.59497341711	0.536491058482	0.508941517641	0.477525374577	0.542774287095	0.0	0.558240695988	0.542290961817	0.517158047366	0.50459159014	0.566940550991	0.553890768487	0.59497341711	0.607539874335	0.772837119381	0.706138231029	0.61575640406	0.597390043499	0.609473175447	0.659255679072	0.627839536008	0.681488641856	0.652972450459	0.598840019333	0.628322861286	0.622039632673	0.742387626873	0.679072015466	0.749154180764	0.698888351861	0.69212179797	0.716771387144	0.640889318511	0.623489608507	0.633639439343	0.632672788787	0.639439342678	0.718221362977	0.651039149348	0.709521507975	0.614789753504	0.677622039633
AF7	0.566940550991	0.531174480425	0.939584340261	0.639439342678	0.657805703238	0.503624939584	0.697438376027	0.46979217013	0.420976317061	0.58337361044	0.449975833736	0.606089898502	0.546640889319	0.854035766071	0.629772837119	0.551474142098	0.44224262929	0.437892701788	0.886418559691	0.702754954084	0.537941034316	0.404059932334	0.436442725955	0.420976317061	0.86805219913	0.558240695988	0.0	0.323827936201	0.477525374577	0.512324794587	0.479458675689	0.450942484292	0.431126147898	0.495891735138	0.71290478492	0.637989366844	0.451909134848	0.545674238763	0.475592073465	0.611889801837	0.543257612373	0.684871918801	0.642339294345	0.547124214596	0.540840985984	0.517158047366	0.671822136298	0.611889801837	0.693571773804	0.656355727405	0.62493958434	0.646205896568	0.551474142098	0.540357660706	0.55099081682	0.552924117931	0.547124214596	0.649105848236	0.559690671822	0.654422426293	0.498308361527	0.616239729338
AF8	0.553890768487	0.553407443209	0.930401159981	0.625422909618	0.675205413243	0.509908168197	0.695988400193	0.482841952634	0.453842435959	0.584823586274	0.490091831803	0.625906234896	0.571290478492	0.844369260512	0.635089415176	0.551474142098	0.478492025133	0.458192363461	0.874335427743	0.688255195747	0.500724987917	0.370227162881	0.450459159014	0.45142580957	0.85645239246	0.542290961817	0.323827936201	0.0	0.44900918318	0.490091831803	0.499275012083	0.441759304012	0.440309328178	0.519091348478	0.739487675205	0.66892218463	0.490091831803	0.559690671822	0.493958434026	0.610923151281	0.562107298212	0.669888835186	0.628322861286	0.553890768487	0.558724021266	0.535041082649	0.690188496858	0.628322861286	0.710971483809	0.674722087965	0.641855969067	0.657805703238	0.55775737071	0.554857419043	0.566457225713	0.565973900435	0.551957467376	0.662638956017	0.562107298212	0.67133881102	0.511358144031	0.631706138231
AG7	0.572257129048	0.591590140164	0.849685838569	0.563557274045	0.674722087965	0.535041082649	0.696955050749	0.513291445143	0.49540840986	0.58337361044	0.547124214596	0.641855969067	0.601256645723	0.76848719188	0.653939101015	0.584823586274	0.540840985984	0.52537457709	0.741420976317	0.545674238763	0.468342194297	0.449492508458	0.511841469309	0.488641855969	0.769453842436	0.517158047366	0.477525374577	0.44900918318	0.0	0.306428226196	0.552924117931	0.514258095698	0.512808119865	0.561140647656	0.760270662156	0.687288545191	0.550507491542	0.58337361044	0.529724504592	0.643789270179	0.599806669889	0.655389076849	0.626389560174	0.570807153214	0.590623489609	0.573707104882	0.742387626873	0.664572257129	0.739487675205	0.704688255196	0.679072015466	0.711454809087	0.607056549058	0.599323344611	0.61333977767	0.610439826003	0.614306428226	0.713388110198	0.631706138231	0.699855002417	0.582406959884	0.668438859352
AG8	0.588690188497	0.602706621556	0.843402609957	0.583856935718	0.679555340744	0.562107298212	0.688255195747	0.544224262929	0.536491058482	0.578540357661	0.584823586274	0.658289028516	0.614789753504	0.75688738521	0.666988883519	0.606089898502	0.574673755437	0.562107298212	0.709038182697	0.524407926535	0.495891735138	0.478492025133	0.537457709038	0.519574673755	0.758820686322	0.50459159014	0.512324794587	0.490091831803	0.306428226196	0.0	0.570807153214	0.53697438376	0.559207346544	0.584340260996	0.762687288545	0.690188496858	0.575157080715	0.582406959884	0.567907201547	0.651522474625	0.616723054616	0.654905751571	0.62493958434	0.589656839053	0.619623006283	0.598356694055	0.747220879652	0.670855485742	0.74528757854	0.710971483809	0.687288545191	0.718221362977	0.632672788787	0.614789753504	0.622522957951	0.634606089899	0.631222812953	0.716771387144	0.652489125181	0.702754954084	0.610439826003	0.676172063799
AH7	0.595940067666	0.624456259062	0.952150797487	0.687771870469	0.704204929918	0.580473658772	0.722571290478	0.565973900435	0.518124697922	0.633639439343	0.526824552924	0.667955534074	0.626872885452	0.875785403577	0.690188496858	0.603189946834	0.509424842919	0.482358627356	0.882551957467	0.728854519091	0.566940550991	0.530691155147	0.502174963751	0.494925084582	0.838569357177	0.566940550991	0.479458675689	0.499275012083	0.552924117931	0.570807153214	0.0	0.335427742871	0.554857419043	0.619623006283	0.796036732721	0.734654422426	0.543740937651	0.65055582407	0.58095698405	0.682455292412	0.644755920735	0.757370710488	0.727887868536	0.646689221846	0.641372643789	0.617689705172	0.756404059932	0.712421459642	0.766553890768	0.731271145481	0.709521507975	0.732237796037	0.627839536008	0.629289511841	0.626872885452	0.637506041566	0.623006283229	0.736587723538	0.633156114065	0.728854519091	0.615273078782	0.705171580474
AH8	0.567423876269	0.568873852102	0.949734171097	0.64572257129	0.667472208797	0.521024649589	0.694055099082	0.512808119865	0.470275495408	0.594006766554	0.491541807637	0.626389560174	0.563073948768	0.864668922185	0.636056065732	0.547124214596	0.410826486225	0.376027066216	0.894151764137	0.727404543258	0.535041082649	0.467375543741	0.454325761237	0.458675688739	0.843402609957	0.553890768487	0.450942484292	0.441759304012	0.514258095698	0.53697438376	0.335427742871	0.0	0.478975350411	0.544707588207	0.762203963267	0.689221846303	0.499758337361	0.594006766554	0.514741420976	0.63653939101	0.594006766554	0.704688255196	0.670372160464	0.597873368777	0.578540357661	0.551474142098	0.705654905752	0.655389076849	0.724987916868	0.684388593523	0.652489125181	0.676655389077	0.575640405993	0.574673755437	0.577573707105	0.579023682939	0.565007249879	0.679072015466	0.578540357661	0.687771870469	0.549540840986	0.647655872402
AA5	0.59497341711	0.494925084582	0.9584340261	0.649105848236	0.604639922668	0.446109231513	0.639439342678	0.41904301595	0.393910101498	0.534074432093	0.434992750121	0.549057515708	0.517641372644	0.869502174964	0.558240695988	0.54857419043	0.430159497342	0.415176413726	0.920251329145	0.755437409377	0.557274045433	0.476075398743	0.483325277912	0.495891735138	0.895601739971	0.59497341711	0.431126147898	0.440309328178	0.512808119865	0.559207346544	0.554857419043	0.478975350411	0.0	0.353794103432	0.695988400193	0.599323344611	0.46060898985	0.467375543741	0.447559207347	0.554857419043	0.478975350411	0.612856452392	0.565490575157	0.465925567907	0.519091348478	0.469308844853	0.690188496858	0.620589656839	0.666988883519	0.643789270179	0.639922667956	0.673755437409	0.524407926535	0.551957467376	0.563557274045	0.550507491542	0.546640889319	0.663605606573	0.558240695988	0.644272595457	0.514741420976	0.620106331561
AA6	0.60415659739	0.504108264862	0.961333977767	0.660705654906	0.623006283229	0.46979217013	0.654422426293	0.455292411793	0.452875785404	0.546157564041	0.508941517641	0.574190430159	0.519091348478	0.87046882552	0.580473658772	0.55775737071	0.497825036249	0.480908651522	0.936201063316	0.760270662156	0.607056549058	0.521991300145	0.550024166264	0.550507491542	0.909134847753	0.607539874335	0.495891735138	0.519091348478	0.561140647656	0.584340260996	0.619623006283	0.544707588207	0.353794103432	0.0	0.683421942968	0.583856935718	0.514741420976	0.493475108748	0.479942000967	0.577090381827	0.490091831803	0.640405993233	0.59497341711	0.495891735138	0.44900918318	0.41904301595	0.681971967134	0.617689705172	0.665538907685	0.644272595457	0.635089415176	0.664572257129	0.528274528758	0.545674238763	0.555824069599	0.547124214596	0.552440792653	0.661188980184	0.564040599323	0.645239246013	0.520057999033	0.621556307395
AB5	0.761237312711	0.676655389077	0.974383760271	0.731754470759	0.646205896568	0.657805703238	0.749154180764	0.663122281295	0.688738521025	0.714354760754	0.690188496858	0.623972933784	0.677138714355	0.890768487192	0.718221362977	0.708071532141	0.718221362977	0.70372160464	0.942000966651	0.807636539391	0.829869502175	0.746737554374	0.754470758821	0.760753987434	0.927017883035	0.772837119381	0.71290478492	0.739487675205	0.760270662156	0.762687288545	0.796036732721	0.762203963267	0.695988400193	0.683421942968	0.0	0.312228129531	0.633639439343	0.669405509908	0.64572257129	0.631222812953	0.611406476559	0.73368777187	0.729337844369	0.652489125181	0.629289511841	0.623972933784	0.614789753504	0.616239729338	0.632672788787	0.606089898502	0.629772837119	0.623489608507	0.605606573224	0.604639922668	0.635089415176	0.637989366844	0.686805219913	0.610923151281	0.679072015466	0.614789753504	0.698405026583	0.619139681005
AB6	0.697438376027	0.598356694055	0.966167230546	0.683905268246	0.598356694055	0.566457225713	0.67133881102	0.572257129048	0.603189946834	0.633639439343	0.628322861286	0.53697438376	0.610923151281	0.87723537941	0.644272595457	0.640405993233	0.65055582407	0.641372643789	0.933301111648	0.7593040116	0.762687288545	0.673272112131	0.683905268246	0.685838569357	0.91203479942	0.706138231029	0.637989366844	0.66892218463	0.687288545191	0.690188496858	0.734654422426	0.689221846303	0.599323344611	0.583856935718	0.312228129531	0.0	0.577090381827	0.578540357661	0.58337361044	0.551474142098	0.529724504592	0.654422426293	0.63653939101	0.541324311261	0.567423876269	0.555824069599	0.605606573224	0.553407443209	0.592073465442	0.56259062349	0.570323827936	0.593040115998	0.53020782987	0.548090865152	0.580473658772	0.576123731271	0.618173030449	0.581923634606	0.608023199613	0.570807153214	0.642822619623	0.55099081682
AC5	0.605123247946	0.55099081682	0.974867085549	0.647655872402	0.633156114065	0.457709038183	0.679555340744	0.450459159014	0.425326244563	0.575640405993	0.411309811503	0.563073948768	0.541324311261	0.882551957467	0.631222812953	0.586756887385	0.466408893185	0.458675688739	0.942000966651	0.764620589657	0.619623006283	0.532141130981	0.492025132914	0.495891735138	0.917834702755	0.61575640406	0.451909134848	0.490091831803	0.550507491542	0.575157080715	0.543740937651	0.499758337361	0.46060898985	0.514741420976	0.633639439343	0.577090381827	0.0	0.461092315128	0.424842919285	0.587240212663	0.511841469309	0.696471725471	0.648622522958	0.53020782987	0.476075398743	0.456259062349	0.602223296278	0.549057515708	0.629289511841	0.570323827936	0.561623972934	0.579990333494	0.500724987917	0.48622522958	0.491058482359	0.505074915418	0.563073948768	0.591106814886	0.575157080715	0.576123731271	0.524407926535	0.546157564041
AC6	0.625422909618	0.506041565974	0.955050749154	0.650072498792	0.56935717738	0.506524891252	0.549540840986	0.485741904302	0.518124697922	0.459159014016	0.558724021266	0.543740937651	0.539874335428	0.859835669406	0.542774287095	0.58337361044	0.563073948768	0.554374093765	0.916868052199	0.741420976317	0.656355727405	0.570323827936	0.593040115998	0.582890285162	0.893668438859	0.597390043499	0.545674238763	0.559690671822	0.58337361044	0.582406959884	0.65055582407	0.594006766554	0.467375543741	0.493475108748	0.669405509908	0.578540357661	0.461092315128	0.0	0.524407926535	0.503141614306	0.488641855969	0.477042049299	0.431126147898	0.403576607057	0.558240695988	0.543740937651	0.669405509908	0.619623006283	0.659255679072	0.620106331561	0.631706138231	0.65732237796	0.570807153214	0.5601739971	0.570807153214	0.565973900435	0.560657322378	0.663122281295	0.570807153214	0.622039632673	0.556790720155	0.61575640406
AD6	0.59497341711	0.535524407927	0.973900434993	0.634122764621	0.605606573224	0.416143064282	0.643305944901	0.412759787337	0.421459642339	0.552924117931	0.425809569841	0.532141130981	0.512324794587	0.879168680522	0.602223296278	0.5601739971	0.459642339294	0.45142580957	0.953117448043	0.771387143548	0.602706621556	0.522474625423	0.515708071532	0.518124697922	0.912518124698	0.609473175447	0.475592073465	0.493958434026	0.529724504592	0.567907201547	0.58095698405	0.514741420976	0.447559207347	0.479942000967	0.64572257129	0.58337361044	0.424842919285	0.524407926535	0.0	0.546157564041	0.412276462059	0.691155147414	0.639922667956	0.518124697922	0.470275495408	0.447559207347	0.60415659739	0.54857419043	0.607539874335	0.57177380377	0.569840502658	0.59255679072	0.47220879652	0.476558724021	0.485741904302	0.471725471242	0.544707588207	0.591590140164	0.550507491542	0.581440309328	0.478008699855	0.549540840986
AE5	0.634606089899	0.52537457709	0.973417109715	0.638472692122	0.553890768487	0.552924117931	0.588206863219	0.553407443209	0.59255679072	0.532624456259	0.612373127115	0.519574673755	0.56259062349	0.877718704688	0.561140647656	0.577090381827	0.613823102948	0.599806669889	0.939101014983	0.761720637989	0.72450459159	0.640889318511	0.651039149348	0.646205896568	0.893185113581	0.659255679072	0.611889801837	0.610923151281	0.643789270179	0.651522474625	0.682455292412	0.63653939101	0.554857419043	0.577090381827	0.631222812953	0.551474142098	0.587240212663	0.503141614306	0.546157564041	0.0	0.35186080232	0.589656839053	0.563073948768	0.499758337361	0.613823102948	0.611889801837	0.644272595457	0.602223296278	0.635089415176	0.598840019333	0.625906234896	0.645239246013	0.541807636539	0.561623972934	0.603673272112	0.554374093765	0.56259062349	0.638472692122	0.560657322378	0.600773320445	0.580473658772	0.598840019333
AE6	0.599323344611	0.468342194297	0.973900434993	0.625422909618	0.556307394877	0.479942000967	0.591590140164	0.465925567907	0.505074915418	0.528274528758	0.53697438376	0.506041565974	0.495891735138	0.879168680522	0.555824069599	0.53697438376	0.546640889319	0.526824552924	0.936201063316	0.753987433543	0.676172063799	0.581923634606	0.598840019333	0.594490091832	0.903818269696	0.627839536008	0.543257612373	0.562107298212	0.599806669889	0.616723054616	0.644755920735	0.594006766554	0.478975350411	0.490091831803	0.611406476559	0.529724504592	0.511841469309	0.488641855969	0.412276462059	0.35186080232	0.0	0.627839536008	0.579990333494	0.467375543741	0.534557757371	0.532624456259	0.609473175447	0.558240695988	0.600773320445	0.570323827936	0.582406959884	0.604639922668	0.475592073465	0.484291928468	0.520057999033	0.482841952634	0.519091348478	0.601739971	0.519091348478	0.573223779604	0.518124697922	0.565973900435
AF5	0.71290478492	0.622522957951	0.933784436926	0.664572257129	0.642339294345	0.662155630739	0.561623972934	0.642822619623	0.669405509908	0.574190430159	0.707588206863	0.623972933784	0.655872402127	0.842435959401	0.585306911551	0.665055582407	0.701788303528	0.705654905752	0.872885451909	0.716288061866	0.714838086032	0.667955534074	0.706138231029	0.698888351861	0.876752054132	0.681488641856	0.684871918801	0.669888835186	0.655389076849	0.654905751571	0.757370710488	0.704688255196	0.612856452392	0.640405993233	0.73368777187	0.654422426293	0.696471725471	0.477042049299	0.691155147414	0.589656839053	0.627839536008	0.0	0.267278878685	0.537457709038	0.708554857419	0.694055099082	0.743837602707	0.706138231029	0.739971000483	0.706138231029	0.72692121798	0.741420976317	0.688255195747	0.700821652972	0.714354760754	0.695505074915	0.664088931851	0.742387626873	0.660705654906	0.70372160464	0.700821652972	0.713871435476
AF6	0.676172063799	0.580473658772	0.940067665539	0.660222329628	0.630256162397	0.619139681005	0.524407926535	0.599806669889	0.623006283229	0.53939101015	0.667472208797	0.607056549058	0.61575640406	0.847752537458	0.558724021266	0.628322861286	0.663605606573	0.664572257129	0.880618656356	0.723537941034	0.684871918801	0.625906234896	0.669888835186	0.667472208797	0.882551957467	0.652972450459	0.642339294345	0.628322861286	0.626389560174	0.62493958434	0.727887868536	0.670372160464	0.565490575157	0.59497341711	0.729337844369	0.63653939101	0.648622522958	0.431126147898	0.639922667956	0.563073948768	0.579990333494	0.267278878685	0.0	0.491541807637	0.664572257129	0.651522474625	0.73368777187	0.68293861769	0.71532141131	0.6805219913	0.68970517158	0.719671338811	0.640889318511	0.652972450459	0.671822136298	0.650072498792	0.617206379894	0.719671338811	0.615273078782	0.678105364911	0.65973900435	0.681005316578
