	AA3	AA4	AB3	AB4	AC3	AC4	AD3	AD4	AE3	AE4	AF3	AF4	AG3	AG4	AH3	AH4	AA7	AA8	AB7	AB8	AC7	AC8	AD7	AD8	AE7	AE8	AF7	AF8	AG7	AG8	AH7	AH8	AA5	AA6	AB5	AB6	AC5	AC6	AD6	AE5	AE6	AF5	AF6	AG5	AH5	AH6	AA1	AA2	AB1	AB2	AC1	AC2	AD1	AD2	AE1	AE2	AF1	AF2	AG1	AG2	AH1	AH2
AA3	0.0	0.473658772354	0.933301111648	0.638472692122	0.646689221846	0.558724021266	0.68293861769	0.572257129048	0.541324311261	0.604639922668	0.586273562107	0.590623489609	0.583856935718	0.859352344128	0.639922667956	0.311744804253	0.536007733204	0.545190913485	0.866602223296	0.71532141131	0.608989850169	0.550024166264	0.559207346544	0.54857419043	0.83325277912	0.577573707105	0.542774287095	0.551957467376	0.574190430159	0.582890285162	0.579023682939	0.541807636539	0.564040599323	0.574190430159	0.739487675205	0.679555340744	0.594006766554	0.608023199613	0.578540357661	0.619623006283	0.586756887385	0.704204929918	0.686805219913	0.603189946834	0.608989850169	0.593523441276	0.688738521025	0.644755920735	0.716771387144	0.666022232963	0.630739487675	0.659255679072	0.574673755437	0.540840985984	0.560657322378	0.565490575157	0.566940550991	0.652489125181	0.561623972934	0.667472208797	0.552924117931	0.653455775737
AA4	0.473658772354	0.0	0.94683421943	0.579507008217	0.561140647656	0.489125181247	0.597390043499	0.478975350411	0.499758337361	0.503141614306	0.549057515708	0.505074915418	0.488641855969	0.86563557274	0.383276945384	0.35427742871	0.526824552924	0.52779120348	0.882551957467	0.71290478492	0.647655872402	0.579990333494	0.573707104882	0.558724021266	0.869985500242	0.609473175447	0.550507491542	0.559207346544	0.589173513775	0.61333977767	0.61333977767	0.574673755437	0.504108264862	0.501691638473	0.665538907685	0.587240212663	0.563073948768	0.513291445143	0.520541324311	0.540840985984	0.48622522958	0.625422909618	0.608023199613	0.50459159014	0.576607056549	0.563073948768	0.646205896568	0.581923634606	0.628806186564	0.597873368777	0.587240212663	0.624456259062	0.510391493475	0.508458192363	0.525857902368	0.509424842919	0.480425326245	0.602223296278	0.498308361527	0.593523441276	0.505558240696	0.578057032383
AB3	0.933301111648	0.94683421943	0.0	0.67133881102	0.908168197197	0.954084098598	0.956500724988	0.94441759304	0.928467858869	0.950700821653	0.970033832769	0.93523441276	0.966167230546	0.331561140648	0.958917351377	0.942484291928	0.968583856936	0.966167230546	0.73852102465	0.7593040116	0.888351860802	0.916868052199	0.957950700822	0.943934267762	0.852102464959	0.898985016916	0.935717738038	0.93523441276	0.83566940551	0.834219429676	0.952150797487	0.947317544708	0.95360077332	0.961333977767	0.973900434993	0.96520057999	0.972450459159	0.954567423876	0.971967133881	0.971483808603	0.971967133881	0.93523441276	0.930401159981	0.952634122765	0.979700338328	0.969067182214	0.972450459159	0.971000483325	0.970517158047	0.971483808603	0.972933784437	0.970033832769	0.971483808603	0.972933784437	0.976317061382	0.972450459159	0.971483808603	0.970033832769	0.971967133881	0.972450459159	0.971483808603	0.971483808603
AB4	0.638472692122	0.579507008217	0.67133881102	0.0	0.619623006283	0.616239729338	0.68293861769	0.623489608507	0.614306428226	0.629289511841	0.659255679072	0.610923151281	0.492025132914	0.563073948768	0.605606573224	0.594490091832	0.644755920735	0.641855969067	0.72692121798	0.573707104882	0.66892218463	0.639922667956	0.667472208797	0.640405993233	0.794586756887	0.645239246013	0.650072498792	0.645239246013	0.556307394877	0.588206863219	0.702754954084	0.654905751571	0.639922667956	0.646205896568	0.719188013533	0.669405509908	0.655872402127	0.639439342678	0.626389560174	0.636056065732	0.632189463509	0.659255679072	0.658289028516	0.634606089899	0.695505074915	0.665538907685	0.697438376027	0.652005799903	0.699371677139	0.67133881102	0.665538907685	0.672788786854	0.63653939101	0.634122764621	0.652972450459	0.6389560174	0.647172547124	0.659255679072	0.641372643789	0.667472208797	0.643305944901	0.656355727405
AC3	0.646689221846	0.561140647656	0.908168197197	0.619623006283	0.0	0.500724987917	0.644755920735	0.555824069599	0.553407443209	0.580473658772	0.629289511841	0.316578057032	0.588690188497	0.831802803287	0.598356694055	0.594490091832	0.615273078782	0.599806669889	0.857419043016	0.73368777187	0.730787820203	0.686321894635	0.723537941034	0.696955050749	0.82165297245	0.695505074915	0.661188980184	0.692605123248	0.673755437409	0.684388593523	0.702271628806	0.662155630739	0.607056549058	0.622522957951	0.621072982117	0.575640405993	0.620589656839	0.585306911551	0.574673755437	0.559690671822	0.537457709038	0.654422426293	0.656355727405	0.581440309328	0.649105848236	0.633156114065	0.600773320445	0.574673755437	0.569840502658	0.558240695988	0.58095698405	0.574673755437	0.532141130981	0.555824069599	0.574673755437	0.561623972934	0.602706621556	0.574190430159	0.610923151281	0.579990333494	0.622522957951	0.579990333494
AC4	0.558724021266	0.489125181247	0.954084098598	0.616239729338	0.500724987917	0.0	0.634606089899	0.403093281779	0.415176413726	0.502174963751	0.348477525375	0.407926534558	0.508458192363	0.873368777187	0.575157080715	0.517641372644	0.470275495408	0.450459159014	0.927501208313	0.755437409377	0.594006766554	0.532141130981	0.522474625423	0.492025132914	0.889801836636	0.581923634606	0.491541807637	0.519574673755	0.536007733204	0.564523924601	0.573223779604	0.523924601257	0.449975833736	0.466892218463	0.647172547124	0.570323827936	0.473175447076	0.512324794587	0.429192846786	0.556307394877	0.46060898985	0.676172063799	0.658289028516	0.499275012083	0.518124697922	0.480908651522	0.662155630739	0.585306911551	0.617689705172	0.597390043499	0.583856935718	0.623489608507	0.489608506525	0.492025132914	0.521024649589	0.50459159014	0.520541324311	0.610439826003	0.541324311261	0.590623489609	0.490091831803	0.580473658772
AD3	0.68293861769	0.597390043499	0.956500724988	0.68293861769	0.644755920735	0.634606089899	0.0	0.551474142098	0.653939101015	0.372160463992	0.68970517158	0.603189946834	0.646689221846	0.881101981634	0.568873852102	0.645239246013	0.685355244079	0.690671822136	0.943450942484	0.769453842436	0.739971000483	0.701788303528	0.700821652972	0.693088448526	0.917351377477	0.694055099082	0.708071532141	0.702271628806	0.694055099082	0.691638472692	0.732237796037	0.695988400193	0.630739487675	0.653455775737	0.730787820203	0.654905751571	0.682455292412	0.546157564041	0.631222812953	0.577573707105	0.578540357661	0.545674238763	0.525857902368	0.552924117931	0.710971483809	0.688255195747	0.7593040116	0.710004833253	0.723537941034	0.711938134364	0.693571773804	0.727887868536	0.652489125181	0.666022232963	0.674238762687	0.659255679072	0.637506041566	0.717738037699	0.638472692122	0.699371677139	0.696471725471	0.691155147414
AD4	0.572257129048	0.478975350411	0.94441759304	0.623489608507	0.555824069599	0.403093281779	0.551474142098	0.0	0.326727887869	0.41662638956	0.426292895118	0.486708554857	0.503624939584	0.86805219913	0.537457709038	0.525857902368	0.446109231513	0.424359594007	0.938617689705	0.765587240213	0.582406959884	0.505558240696	0.487191880135	0.467858869019	0.904301594973	0.59255679072	0.445625906235	0.471725471242	0.511841469309	0.568873852102	0.544224262929	0.503624939584	0.394393426776	0.443692605123	0.652489125181	0.581440309328	0.440792653456	0.487675205413	0.432092798453	0.554374093765	0.457709038183	0.641855969067	0.625422909618	0.470275495408	0.512808119865	0.48622522958	0.665055582407	0.607056549058	0.63653939101	0.621072982117	0.603189946834	0.641855969067	0.510874818753	0.510874818753	0.532141130981	0.521507974867	0.51619139681	0.635572740454	0.546640889319	0.616723054616	0.500724987917	0.600289995167
AE3	0.541324311261	0.499758337361	0.928467858869	0.614306428226	0.553407443209	0.415176413726	0.653939101015	0.326727887869	0.0	0.510874818753	0.431126147898	0.496858385694	0.503141614306	0.859352344128	0.559207346544	0.524407926535	0.447075882069	0.436926051232	0.919284678589	0.745770903818	0.550507491542	0.479942000967	0.498791686805	0.47462542291	0.886418559691	0.586756887385	0.452392460126	0.48622522958	0.504108264862	0.542774287095	0.563557274045	0.523441275979	0.421942967617	0.45142580957	0.659255679072	0.601256645723	0.458675688739	0.523441275979	0.43740937651	0.604639922668	0.509424842919	0.677138714355	0.666022232963	0.51377477042	0.500241662639	0.473175447076	0.662638956017	0.599806669889	0.635572740454	0.613823102948	0.590623489609	0.632189463509	0.510391493475	0.50700821653	0.52779120348	0.521024649589	0.531657805703	0.621556307395	0.556790720155	0.605123247946	0.489608506525	0.589173513775
AE4	0.604639922668	0.503141614306	0.950700821653	0.629289511841	0.580473658772	0.502174963751	0.372160463992	0.41662638956	0.510874818753	0.0	0.576607056549	0.5186080232	0.570807153214	0.870952150797	0.541807636539	0.56259062349	0.566457225713	0.568873852102	0.932334461092	0.758820686322	0.664572257129	0.594490091832	0.596906718221	0.572257129048	0.906234896085	0.613823102948	0.581440309328	0.582406959884	0.594490091832	0.603673272112	0.640405993233	0.591106814886	0.521991300145	0.541807636539	0.672788786854	0.600773320445	0.563073948768	0.446592556791	0.515224746254	0.516674722088	0.479942000967	0.565490575157	0.551474142098	0.456742387627	0.593523441276	0.577090381827	0.705654905752	0.64572257129	0.677138714355	0.662155630739	0.643305944901	0.673755437409	0.56935717738	0.566940550991	0.576607056549	0.58095698405	0.552440792653	0.662638956017	0.572740454326	0.652489125181	0.570807153214	0.635572740454
AF3	0.586273562107	0.549057515708	0.970033832769	0.659255679072	0.629289511841	0.348477525375	0.68970517158	0.426292895118	0.431126147898	0.576607056549	0.0	0.534557757371	0.538907684872	0.896085065249	0.613823102948	0.568873852102	0.449492508458	0.432092798453	0.955050749154	0.788303528275	0.593040115998	0.543740937651	0.443692605123	0.415176413726	0.9212179797	0.620589656839	0.453842435959	0.505074915418	0.535524407927	0.596906718221	0.526824552924	0.512324794587	0.447075882069	0.498791686805	0.675688738521	0.633639439343	0.422909618173	0.564523924601	0.452392460126	0.635572740454	0.535041082649	0.717738037699	0.700821652972	0.554857419043	0.524407926535	0.487191880135	0.681005316578	0.618173030449	0.666988883519	0.629772837119	0.607056549058	0.649589173514	0.541324311261	0.519091348478	0.538424359594	0.532624456259	0.567423876269	0.644755920735	0.583856935718	0.616723054616	0.509424842919	0.608989850169
AF4	0.590623489609	0.505074915418	0.93523441276	0.610923151281	0.316578057032	0.407926534558	0.603189946834	0.486708554857	0.496858385694	0.5186080232	0.534557757371	0.0	0.535041082649	0.856935717738	0.562107298212	0.532141130981	0.557274045433	0.540357660706	0.889318511358	0.728854519091	0.695021749638	0.630739487675	0.649105848236	0.624456259062	0.854519091348	0.636056065732	0.593040115998	0.629289511841	0.626872885452	0.640405993233	0.655389076849	0.607539874335	0.542290961817	0.560657322378	0.60657322378	0.525857902368	0.55099081682	0.535524407927	0.510391493475	0.511358144031	0.478492025133	0.626389560174	0.617206379894	0.521024649589	0.569840502658	0.553407443209	0.595456742388	0.531657805703	0.560657322378	0.534074432093	0.531657805703	0.555824069599	0.472692121798	0.496375060416	0.515708071532	0.49299178347	0.543740937651	0.545190913485	0.554374093765	0.532624456259	0.561623972934	0.516674722088
AG3	0.583856935718	0.488641855969	0.966167230546	0.492025132914	0.588690188497	0.508458192363	0.646689221846	0.503624939584	0.503141614306	0.570807153214	0.538907684872	0.535041082649	0.0	0.861285645239	0.528274528758	0.522957950701	0.513291445143	0.494925084582	0.933301111648	0.760270662156	0.686321894635	0.610439826003	0.598840019333	0.594490091832	0.889318511358	0.640889318511	0.572740454326	0.595456742388	0.619623006283	0.6389560174	0.644755920735	0.591106814886	0.534557757371	0.522474625423	0.647172547124	0.599806669889	0.542290961817	0.558240695988	0.519091348478	0.570323827936	0.503624939584	0.668438859352	0.652972450459	0.551474142098	0.572257129048	0.567907201547	0.616723054616	0.561623972934	0.622522957951	0.594006766554	0.566457225713	0.602706621556	0.511358144031	0.5186080232	0.540840985984	0.519574673755	0.537457709038	0.578057032383	0.554374093765	0.59497341711	0.511841469309	0.551957467376
AG4	0.859352344128	0.86563557274	0.331561140648	0.563073948768	0.831802803287	0.873368777187	0.881101981634	0.86805219913	0.859352344128	0.870952150797	0.896085065249	0.856935717738	0.861285645239	0.0	0.882551957467	0.860802319961	0.897535041083	0.893185113581	0.712421459642	0.691638472692	0.82406959884	0.84485258579	0.884968583857	0.874335427743	0.827936201063	0.827452875785	0.864668922185	0.863218946351	0.769453842436	0.754954084099	0.889318511358	0.872402126631	0.877718704688	0.883518608023	0.907201546641	0.894635089415	0.898018366361	0.873368777187	0.894151764137	0.89125181247	0.894151764137	0.862735621073	0.849685838569	0.880618656356	0.907684871919	0.894635089415	0.896085065249	0.893185113581	0.897051715805	0.893185113581	0.898018366361	0.895118414693	0.898018366361	0.894151764137	0.900918318028	0.897051715805	0.896568390527	0.892218463026	0.894635089415	0.892701788304	0.898985016916	0.893185113581
AH3	0.639922667956	0.383276945384	0.958917351377	0.605606573224	0.598356694055	0.575157080715	0.568873852102	0.537457709038	0.559207346544	0.541807636539	0.613823102948	0.562107298212	0.528274528758	0.882551957467	0.0	0.519091348478	0.59255679072	0.603189946834	0.934267762204	0.768970517158	0.712421459642	0.647655872402	0.638472692122	0.634606089899	0.907684871919	0.695021749638	0.649105848236	0.641372643789	0.660705654906	0.679072015466	0.699371677139	0.65732237796	0.546640889319	0.566940550991	0.710488158531	0.637506041566	0.628806186564	0.545674238763	0.599323344611	0.558240695988	0.554857419043	0.593523441276	0.573707104882	0.54857419043	0.653939101015	0.647655872402	0.707588206863	0.6389560174	0.666022232963	0.660222329628	0.640405993233	0.675688738521	0.599806669889	0.605606573224	0.608506524891	0.600289995167	0.579990333494	0.662155630739	0.575157080715	0.647172547124	0.588206863219	0.629289511841
AH4	0.311744804253	0.35427742871	0.942484291928	0.594490091832	0.594490091832	0.517641372644	0.645239246013	0.525857902368	0.524407926535	0.56259062349	0.568873852102	0.532141130981	0.522957950701	0.860802319961	0.519091348478	0.0	0.521024649589	0.528274528758	0.869018849686	0.713388110198	0.633156114065	0.568873852102	0.572740454326	0.561140647656	0.845819236346	0.597390043499	0.549540840986	0.555340744321	0.574673755437	0.598840019333	0.594490091832	0.555340744321	0.53697438376	0.536007733204	0.690671822136	0.62735621073	0.581440309328	0.565973900435	0.532141130981	0.564523924601	0.524407926535	0.658772353794	0.644755920735	0.557274045433	0.589173513775	0.583856935718	0.65732237796	0.595940067666	0.654422426293	0.611406476559	0.594490091832	0.631222812953	0.521991300145	0.515224746254	0.532141130981	0.514258095698	0.495891735138	0.608989850169	0.505558240696	0.608023199613	0.521507974867	0.598840019333
AA7	0.536007733204	0.526824552924	0.968583856936	0.644755920735	0.615273078782	0.470275495408	0.685355244079	0.446109231513	0.447075882069	0.566457225713	0.449492508458	0.557274045433	0.513291445143	0.897535041083	0.59255679072	0.521024649589	0.0	0.287578540358	0.919284678589	0.769937167714	0.583856935718	0.508458192363	0.468825519575	0.464958917351	0.876268728855	0.598840019333	0.455775737071	0.468342194297	0.535524407927	0.584823586274	0.519574673755	0.424359594007	0.416143064282	0.477042049299	0.705171580474	0.65055582407	0.47462542291	0.567907201547	0.479942000967	0.614306428226	0.548090865152	0.710488158531	0.695021749638	0.559207346544	0.543740937651	0.5186080232	0.673272112131	0.615273078782	0.676655389077	0.643789270179	0.590140164331	0.631706138231	0.51377477042	0.511841469309	0.533107781537	0.522474625423	0.521507974867	0.61575640406	0.535041082649	0.637989366844	0.473658772354	0.608989850169
AA8	0.545190913485	0.52779120348	0.966167230546	0.641855969067	0.599806669889	0.450459159014	0.690671822136	0.424359594007	0.436926051232	0.568873852102	0.432092798453	0.540357660706	0.494925084582	0.893185113581	0.603189946834	0.528274528758	0.287578540358	0.0	0.917351377477	0.758337361044	0.582406959884	0.503141614306	0.467858869019	0.456742387627	0.864668922185	0.584340260996	0.439342677622	0.463508941518	0.525857902368	0.574673755437	0.481875302078	0.389560173997	0.422426292895	0.476558724021	0.694055099082	0.644272595457	0.458192363461	0.559207346544	0.467375543741	0.615273078782	0.532624456259	0.713388110198	0.699371677139	0.547124214596	0.53020782987	0.500724987917	0.65732237796	0.593040115998	0.666988883519	0.619139681005	0.579990333494	0.617689705172	0.506524891252	0.492508458192	0.519574673755	0.512324794587	0.526341227646	0.605606573224	0.538907684872	0.620589656839	0.469308844853	0.583856935718
AB7	0.866602223296	0.882551957467	0.73852102465	0.72692121798	0.857419043016	0.927501208313	0.943450942484	0.938617689705	0.919284678589	0.932334461092	0.955050749154	0.889318511358	0.933301111648	0.712421459642	0.934267762204	0.869018849686	0.919284678589	0.917351377477	0.0	0.413243112615	0.815369743838	0.847752537458	0.932334461092	0.915901401643	0.734654422426	0.827452875785	0.89125181247	0.883518608023	0.738037699372	0.702271628806	0.880135331078	0.884968583857	0.926534557757	0.937167713871	0.937651039149	0.927984533591	0.948284195263	0.924601256646	0.948767520541	0.931851135814	0.935717738038	0.885451909135	0.880135331078	0.917351377477	0.964717254712	0.951667472209	0.916868052199	0.9212179797	0.936684388594	0.929434509425	0.920734654422	0.915418076365	0.91445142581	0.909134847753	0.911551474142	0.911551474142	0.922667955534	0.906718221363	0.917351377477	0.929434509425	0.945384243596	0.928951184147
AB8	0.71532141131	0.71290478492	0.7593040116	0.573707104882	0.73368777187	0.755437409377	0.769453842436	0.765587240213	0.745770903818	0.758820686322	0.788303528275	0.728854519091	0.760270662156	0.691638472692	0.768970517158	0.713388110198	0.769937167714	0.758337361044	0.413243112615	0.0	0.652489125181	0.673755437409	0.752537457709	0.737071048816	0.727887868536	0.656355727405	0.713871435476	0.700821652972	0.544224262929	0.522957950701	0.734654422426	0.727404543258	0.757854035766	0.76848719188	0.80328661189	0.762203963267	0.772353794103	0.750120831319	0.76848719188	0.753504108265	0.756404059932	0.728854519091	0.720154664089	0.739004349928	0.795070082165	0.778637022716	0.805703238279	0.7593040116	0.796036732721	0.767037216046	0.77090381827	0.778637022716	0.762203963267	0.758337361044	0.759787336878	0.756404059932	0.746254229096	0.758820686322	0.750120831319	0.756404059932	0.776703721605	0.758337361044
AC7	0.608989850169	0.647655872402	0.888351860802	0.66892218463	0.730787820203	0.594006766554	0.739971000483	0.582406959884	0.550507491542	0.664572257129	0.593040115998	0.695021749638	0.686321894635	0.82406959884	0.712421459642	0.633156114065	0.583856935718	0.582406959884	0.815369743838	0.652489125181	0.0	0.361527307878	0.579023682939	0.550024166264	0.825519574674	0.588206863219	0.544224262929	0.514741420976	0.478975350411	0.501208313195	0.579023682939	0.567423876269	0.561140647656	0.608023199613	0.811503141614	0.757854035766	0.633639439343	0.653939101015	0.622522957951	0.739487675205	0.681971967134	0.728371193813	0.706621556307	0.638472692122	0.64813919768	0.616723054616	0.829869502175	0.771387143548	0.809569840503	0.787336877719	0.751087481875	0.795070082165	0.682455292412	0.670855485742	0.688738521025	0.684388593523	0.674722087965	0.787336877719	0.681971967134	0.774770420493	0.62735621073	0.762203963267
AC8	0.550024166264	0.579990333494	0.916868052199	0.639922667956	0.686321894635	0.532141130981	0.701788303528	0.505558240696	0.479942000967	0.594490091832	0.543740937651	0.630739487675	0.610439826003	0.84485258579	0.647655872402	0.568873852102	0.508458192363	0.503141614306	0.847752537458	0.673755437409	0.361527307878	0.0	0.481875302078	0.482358627356	0.844369260512	0.558724021266	0.411793136781	0.381343644273	0.443209279845	0.483325277912	0.524407926535	0.500241662639	0.482841952634	0.525857902368	0.743354277429	0.688255195747	0.56259062349	0.590623489609	0.555340744321	0.65973900435	0.607056549058	0.686321894635	0.665538907685	0.575640405993	0.578057032383	0.554374093765	0.754470758821	0.696955050749	0.746737554374	0.721604639923	0.679555340744	0.720154664089	0.60657322378	0.596423392943	0.614306428226	0.613823102948	0.593523441276	0.710488158531	0.605123247946	0.706621556307	0.542774287095	0.685355244079
AD7	0.559207346544	0.573707104882	0.957950700822	0.667472208797	0.723537941034	0.522474625423	0.700821652972	0.487191880135	0.498791686805	0.596906718221	0.443692605123	0.649105848236	0.598840019333	0.884968583857	0.638472692122	0.572740454326	0.468825519575	0.467858869019	0.932334461092	0.752537457709	0.579023682939	0.481875302078	0.0	0.295795070082	0.889801836636	0.507491541808	0.433059449009	0.448525857902	0.505558240696	0.549057515708	0.493475108748	0.476558724021	0.487675205413	0.538424359594	0.747220879652	0.691155147414	0.505074915418	0.597873368777	0.542774287095	0.652972450459	0.602223296278	0.721121314645	0.705171580474	0.59497341711	0.565007249879	0.553407443209	0.752054132431	0.686805219913	0.74770420493	0.717738037699	0.677138714355	0.714838086032	0.609956500725	0.595940067666	0.607539874335	0.607056549058	0.587240212663	0.702754954084	0.598356694055	0.704688255196	0.550024166264	0.683421942968
AD8	0.54857419043	0.558724021266	0.943934267762	0.640405993233	0.696955050749	0.492025132914	0.693088448526	0.467858869019	0.47462542291	0.572257129048	0.415176413726	0.624456259062	0.594490091832	0.874335427743	0.634606089899	0.561140647656	0.464958917351	0.456742387627	0.915901401643	0.737071048816	0.550024166264	0.482358627356	0.295795070082	0.0	0.845335911068	0.471242145964	0.409376510391	0.435476075399	0.473175447076	0.529241179314	0.494925084582	0.469308844853	0.46060898985	0.520057999033	0.730304494925	0.672305461576	0.483325277912	0.56259062349	0.517641372644	0.643305944901	0.579507008217	0.70130497825	0.68970517158	0.554374093765	0.556307394877	0.525857902368	0.734654422426	0.667955534074	0.732237796037	0.69453842436	0.65732237796	0.695988400193	0.598356694055	0.578540357661	0.590623489609	0.595940067666	0.574673755437	0.687288545191	0.582406959884	0.680038666022	0.545674238763	0.664088931851
AE7	0.83325277912	0.869985500242	0.852102464959	0.794586756887	0.82165297245	0.889801836636	0.917351377477	0.904301594973	0.886418559691	0.906234896085	0.9212179797	0.854519091348	0.889318511358	0.827936201063	0.907684871919	0.845819236346	0.876268728855	0.864668922185	0.734654422426	0.727887868536	0.825519574674	0.844369260512	0.889801836636	0.845335911068	0.0	0.554374093765	0.874335427743	0.863218946351	0.765103914935	0.768003866602	0.837602706622	0.834219429676	0.897535041083	0.907684871919	0.925567907202	0.913968100532	0.918801353311	0.902368293862	0.909134847753	0.87723537941	0.898501691638	0.8796520058	0.877718704688	0.883518608023	0.94441759304	0.916384726921	0.893668438859	0.899951667472	0.914934751087	0.896568390527	0.902368293862	0.897051715805	0.89125181247	0.894635089415	0.90043499275	0.89125181247	0.905751570807	0.890768487192	0.895118414693	0.901884968584	0.907201546641	0.904784920251
AE8	0.577573707105	0.609473175447	0.898985016916	0.645239246013	0.695505074915	0.581923634606	0.694055099082	0.59255679072	0.586756887385	0.613823102948	0.620589656839	0.636056065732	0.640889318511	0.827452875785	0.695021749638	0.597390043499	0.598840019333	0.584340260996	0.827452875785	0.656355727405	0.588206863219	0.558724021266	0.507491541808	0.471242145964	0.554374093765	0.0	0.566457225713	0.563557274045	0.521507974867	0.521024649589	0.575640405993	0.550024166264	0.595940067666	0.606089898502	0.761237312711	0.707104881585	0.615273078782	0.603673272112	0.611406476559	0.650072498792	0.626389560174	0.697438376027	0.681488641856	0.594006766554	0.640405993233	0.616723054616	0.760753987434	0.705654905752	0.760753987434	0.714354760754	0.695988400193	0.735137747704	0.642822619623	0.630739487675	0.644755920735	0.641855969067	0.63653939101	0.71532141131	0.650072498792	0.705171580474	0.610923151281	0.690671822136
AF7	0.542774287095	0.550507491542	0.935717738038	0.650072498792	0.661188980184	0.491541807637	0.708071532141	0.445625906235	0.452392460126	0.581440309328	0.453842435959	0.593040115998	0.572740454326	0.864668922185	0.649105848236	0.549540840986	0.455775737071	0.439342677622	0.89125181247	0.713871435476	0.544224262929	0.411793136781	0.433059449009	0.409376510391	0.874335427743	0.566457225713	0.0	0.329627839536	0.471725471242	0.519574673755	0.487191880135	0.485258579024	0.441759304012	0.499758337361	0.695021749638	0.637989366844	0.449492508458	0.541807636539	0.500241662639	0.630256162397	0.552440792653	0.695988400193	0.684871918801	0.542774287095	0.533591106815	0.510874818753	0.684388593523	0.633156114065	0.692605123248	0.664088931851	0.619623006283	0.655872402127	0.5601739971	0.536007733204	0.5601739971	0.559207346544	0.550507491542	0.643789270179	0.569840502658	0.652489125181	0.502658289029	0.621556307395
AF8	0.551957467376	0.559207346544	0.93523441276	0.645239246013	0.692605123248	0.519574673755	0.702271628806	0.471725471242	0.48622522958	0.582406959884	0.505074915418	0.629289511841	0.595456742388	0.863218946351	0.641372643789	0.555340744321	0.468342194297	0.463508941518	0.883518608023	0.700821652972	0.514741420976	0.381343644273	0.448525857902	0.435476075399	0.863218946351	0.563557274045	0.329627839536	0.0	0.463992266796	0.506041565974	0.513291445143	0.478975350411	0.450942484292	0.518124697922	0.722571290478	0.663122281295	0.499275012083	0.556307394877	0.533107781537	0.626389560174	0.575157080715	0.677138714355	0.665055582407	0.555340744321	0.559207346544	0.537941034316	0.716771387144	0.660222329628	0.722087965201	0.692605123248	0.645239246013	0.683421942968	0.579990333494	0.565007249879	0.585790236829	0.584340260996	0.562107298212	0.671822136298	0.573707104882	0.681488641856	0.511358144031	0.652972450459
AG7	0.574190430159	0.589173513775	0.83566940551	0.556307394877	0.673755437409	0.536007733204	0.694055099082	0.511841469309	0.504108264862	0.594490091832	0.535524407927	0.626872885452	0.619623006283	0.769453842436	0.660705654906	0.574673755437	0.535524407927	0.525857902368	0.738037699372	0.544224262929	0.478975350411	0.443209279845	0.505558240696	0.473175447076	0.765103914935	0.521507974867	0.471725471242	0.463992266796	0.0	0.314161430643	0.534074432093	0.501208313195	0.513291445143	0.555824069599	0.754954084099	0.693088448526	0.539874335428	0.581440309328	0.549057515708	0.652005799903	0.598840019333	0.670372160464	0.643789270179	0.563557274045	0.594006766554	0.57177380377	0.755920734654	0.689221846303	0.74528757854	0.713871435476	0.674238762687	0.719188013533	0.61333977767	0.601739971	0.617206379894	0.614789753504	0.616723054616	0.707588206863	0.621556307395	0.696955050749	0.583856935718	0.681005316578
AG8	0.582890285162	0.61333977767	0.834219429676	0.588206863219	0.684388593523	0.564523924601	0.691638472692	0.568873852102	0.542774287095	0.603673272112	0.596906718221	0.640405993233	0.6389560174	0.754954084099	0.679072015466	0.598840019333	0.584823586274	0.574673755437	0.702271628806	0.522957950701	0.501208313195	0.483325277912	0.549057515708	0.529241179314	0.768003866602	0.521024649589	0.519574673755	0.506041565974	0.314161430643	0.0	0.575157080715	0.550507491542	0.56935717738	0.590623489609	0.755920734654	0.698888351861	0.589656839053	0.585306911551	0.585306911551	0.661672305462	0.617689705172	0.682455292412	0.652489125181	0.590140164331	0.625906234896	0.600289995167	0.766553890768	0.697921701305	0.755920734654	0.723054615756	0.685355244079	0.727404543258	0.637506041566	0.628322861286	0.635572740454	0.639922667956	0.637989366844	0.710971483809	0.64813919768	0.705171580474	0.614789753504	0.689221846303
AH7	0.579023682939	0.61333977767	0.952150797487	0.702754954084	0.702271628806	0.573223779604	0.732237796037	0.544224262929	0.563557274045	0.640405993233	0.526824552924	0.655389076849	0.644755920735	0.889318511358	0.699371677139	0.594490091832	0.519574673755	0.481875302078	0.880135331078	0.734654422426	0.579023682939	0.524407926535	0.493475108748	0.494925084582	0.837602706622	0.575640405993	0.487191880135	0.513291445143	0.534074432093	0.575157080715	0.0	0.331561140648	0.565973900435	0.612373127115	0.774770420493	0.728854519091	0.548090865152	0.64813919768	0.593523441276	0.673755437409	0.63653939101	0.765103914935	0.754470758821	0.631222812953	0.642339294345	0.615273078782	0.764620589657	0.72450459159	0.773320444659	0.727404543258	0.699855002417	0.739487675205	0.623489608507	0.621556307395	0.626389560174	0.632189463509	0.628806186564	0.728854519091	0.629772837119	0.724021266312	0.611406476559	0.714354760754
AH8	0.541807636539	0.574673755437	0.947317544708	0.654905751571	0.662155630739	0.523924601257	0.695988400193	0.503624939584	0.523441275979	0.591106814886	0.512324794587	0.607539874335	0.591106814886	0.872402126631	0.65732237796	0.555340744321	0.424359594007	0.389560173997	0.884968583857	0.727404543258	0.567423876269	0.500241662639	0.476558724021	0.469308844853	0.834219429676	0.550024166264	0.485258579024	0.478975350411	0.501208313195	0.550507491542	0.331561140648	0.0	0.51377477042	0.555824069599	0.741420976317	0.684871918801	0.526824552924	0.594006766554	0.540840985984	0.625422909618	0.58337361044	0.710488158531	0.695021749638	0.577090381827	0.594006766554	0.56259062349	0.710004833253	0.666022232963	0.727404543258	0.674238762687	0.640405993233	0.676655389077	0.566457225713	0.563073948768	0.577573707105	0.579023682939	0.572740454326	0.664088931851	0.580473658772	0.673272112131	0.563073948768	0.658289028516
AA5	0.564040599323	0.504108264862	0.95360077332	0.639922667956	0.607056549058	0.449975833736	0.630739487675	0.394393426776	0.421942967617	0.521991300145	0.447075882069	0.542290961817	0.534557757371	0.877718704688	0.546640889319	0.53697438376	0.416143064282	0.422426292895	0.926534557757	0.757854035766	0.561140647656	0.482841952634	0.487675205413	0.46060898985	0.897535041083	0.595940067666	0.441759304012	0.450942484292	0.513291445143	0.56935717738	0.565973900435	0.51377477042	0.0	0.346060898985	0.684871918801	0.601739971	0.47220879652	0.466408893185	0.458675688739	0.571290478492	0.490091831803	0.617206379894	0.595456742388	0.46302561624	0.535041082649	0.481875302078	0.709038182697	0.645239246013	0.669405509908	0.654905751571	0.639439342678	0.677622039633	0.531174480425	0.542290961817	0.568873852102	0.551957467376	0.526824552924	0.663122281295	0.55775737071	0.64572257129	0.493475108748	0.627839536008
AA6	0.574190430159	0.501691638473	0.961333977767	0.646205896568	0.622522957951	0.466892218463	0.653455775737	0.443692605123	0.45142580957	0.541807636539	0.498791686805	0.560657322378	0.522474625423	0.883518608023	0.566940550991	0.536007733204	0.477042049299	0.476558724021	0.937167713871	0.76848719188	0.608023199613	0.525857902368	0.538424359594	0.520057999033	0.907684871919	0.606089898502	0.499758337361	0.518124697922	0.555824069599	0.590623489609	0.612373127115	0.555824069599	0.346060898985	0.0	0.675205413243	0.589173513775	0.517641372644	0.501691638473	0.475592073465	0.593040115998	0.490575157081	0.654905751571	0.628322861286	0.500241662639	0.456742387627	0.427259545674	0.690188496858	0.628806186564	0.658289028516	0.642822619623	0.622039632673	0.65973900435	0.520541324311	0.533591106815	0.550507491542	0.535524407927	0.526824552924	0.646689221846	0.5601739971	0.629289511841	0.508458192363	0.612373127115
AB5	0.739487675205	0.665538907685	0.973900434993	0.719188013533	0.621072982117	0.647172547124	0.730787820203	0.652489125181	0.659255679072	0.672788786854	0.675688738521	0.60657322378	0.647172547124	0.907201546641	0.710488158531	0.690671822136	0.705171580474	0.694055099082	0.937651039149	0.80328661189	0.811503141614	0.743354277429	0.747220879652	0.730304494925	0.925567907202	0.761237312711	0.695021749638	0.722571290478	0.754954084099	0.755920734654	0.774770420493	0.741420976317	0.684871918801	0.675205413243	0.0	0.329627839536	0.613823102948	0.655872402127	0.621072982117	0.629289511841	0.595456742388	0.729821169647	0.740454325761	0.65973900435	0.635089415176	0.623972933784	0.630256162397	0.612856452392	0.623489608507	0.601739971	0.619623006283	0.611889801837	0.59255679072	0.591106814886	0.60657322378	0.599323344611	0.653939101015	0.602706621556	0.656839052682	0.605606573224	0.676655389077	0.606089898502
AB6	0.679555340744	0.587240212663	0.96520057999	0.669405509908	0.575640405993	0.570323827936	0.654905751571	0.581440309328	0.601256645723	0.600773320445	0.633639439343	0.525857902368	0.599806669889	0.894635089415	0.637506041566	0.62735621073	0.65055582407	0.644272595457	0.927984533591	0.762203963267	0.757854035766	0.688255195747	0.691155147414	0.672305461576	0.913968100532	0.707104881585	0.637989366844	0.663122281295	0.693088448526	0.698888351861	0.728854519091	0.684871918801	0.601739971	0.589173513775	0.329627839536	0.0	0.575640405993	0.581440309328	0.561140647656	0.556790720155	0.522474625423	0.652005799903	0.658289028516	0.556790720155	0.567907201547	0.550507491542	0.603189946834	0.554374093765	0.577090381827	0.556790720155	0.553407443209	0.575157080715	0.529241179314	0.542290961817	0.557274045433	0.554857419043	0.59255679072	0.554857419043	0.601256645723	0.544707588207	0.631706138231	0.532624456259
AC5	0.594006766554	0.563073948768	0.972450459159	0.655872402127	0.620589656839	0.473175447076	0.682455292412	0.440792653456	0.458675688739	0.563073948768	0.422909618173	0.55099081682	0.542290961817	0.898018366361	0.628806186564	0.581440309328	0.47462542291	0.458192363461	0.948284195263	0.772353794103	0.633639439343	0.56259062349	0.505074915418	0.483325277912	0.918801353311	0.615273078782	0.449492508458	0.499275012083	0.539874335428	0.589656839053	0.548090865152	0.526824552924	0.47220879652	0.517641372644	0.613823102948	0.575640405993	0.0	0.443692605123	0.4398260029	0.597390043499	0.51619139681	0.70130497825	0.678588690188	0.53697438376	0.492025132914	0.465442242629	0.623006283229	0.56935717738	0.636056065732	0.585306911551	0.566940550991	0.599323344611	0.50459159014	0.479942000967	0.504108264862	0.497341710971	0.565007249879	0.590623489609	0.575157080715	0.575157080715	0.534074432093	0.560657322378
AC6	0.608023199613	0.513291445143	0.954567423876	0.639439342678	0.585306911551	0.512324794587	0.546157564041	0.487675205413	0.523441275979	0.446592556791	0.564523924601	0.535524407927	0.558240695988	0.873368777187	0.545674238763	0.565973900435	0.567907201547	0.559207346544	0.924601256646	0.750120831319	0.653939101015	0.590623489609	0.597873368777	0.56259062349	0.902368293862	0.603673272112	0.541807636539	0.556307394877	0.581440309328	0.585306911551	0.64813919768	0.594006766554	0.466408893185	0.501691638473	0.655872402127	0.581440309328	0.443692605123	0.0	0.523441275979	0.52779120348	0.487675205413	0.480425326245	0.462058965684	0.403093281779	0.570323827936	0.544707588207	0.691155147414	0.638472692122	0.659255679072	0.63653939101	0.629772837119	0.662638956017	0.565973900435	0.566457225713	0.58095698405	0.578540357661	0.550024166264	0.64813919768	0.572740454326	0.621072982117	0.561623972934	0.620589656839
AD6	0.578540357661	0.520541324311	0.971967133881	0.626389560174	0.574673755437	0.429192846786	0.631222812953	0.432092798453	0.43740937651	0.515224746254	0.452392460126	0.510391493475	0.519091348478	0.894151764137	0.599323344611	0.532141130981	0.479942000967	0.467375543741	0.948767520541	0.76848719188	0.622522957951	0.555340744321	0.542774287095	0.517641372644	0.909134847753	0.611406476559	0.500241662639	0.533107781537	0.549057515708	0.585306911551	0.593523441276	0.540840985984	0.458675688739	0.475592073465	0.621072982117	0.561140647656	0.4398260029	0.523441275979	0.0	0.553407443209	0.411309811503	0.685838569357	0.66892218463	0.524407926535	0.482358627356	0.448042532624	0.610439826003	0.543740937651	0.594490091832	0.563073948768	0.546640889319	0.581440309328	0.462058965684	0.452392460126	0.477042049299	0.471242145964	0.532141130981	0.566940550991	0.550507491542	0.556790720155	0.492025132914	0.543740937651
AE5	0.619623006283	0.540840985984	0.971483808603	0.636056065732	0.559690671822	0.556307394877	0.577573707105	0.554374093765	0.604639922668	0.516674722088	0.635572740454	0.511358144031	0.570323827936	0.89125181247	0.558240695988	0.564523924601	0.614306428226	0.615273078782	0.931851135814	0.753504108265	0.739487675205	0.65973900435	0.652972450459	0.643305944901	0.87723537941	0.650072498792	0.630256162397	0.626389560174	0.652005799903	0.661672305462	0.673755437409	0.625422909618	0.571290478492	0.593040115998	0.629289511841	0.556790720155	0.597390043499	0.52779120348	0.553407443209	0.0	0.357177380377	0.593040115998	0.586273562107	0.521024649589	0.647172547124	0.62735621073	0.669405509908	0.617206379894	0.641855969067	0.617689705172	0.628322861286	0.648622522958	0.558240695988	0.583856935718	0.605123247946	0.573707104882	0.5601739971	0.630739487675	0.566457225713	0.614306428226	0.590623489609	0.609473175447
AE6	0.586756887385	0.48622522958	0.971967133881	0.632189463509	0.537457709038	0.46060898985	0.578540357661	0.457709038183	0.509424842919	0.479942000967	0.535041082649	0.478492025133	0.503624939584	0.894151764137	0.554857419043	0.524407926535	0.548090865152	0.532624456259	0.935717738038	0.756404059932	0.681971967134	0.607056549058	0.602223296278	0.579507008217	0.898501691638	0.626389560174	0.552440792653	0.575157080715	0.598840019333	0.617689705172	0.63653939101	0.58337361044	0.490091831803	0.490575157081	0.595456742388	0.522474625423	0.51619139681	0.487675205413	0.411309811503	0.357177380377	0.0	0.623006283229	0.608989850169	0.477042049299	0.549540840986	0.528757854036	0.629289511841	0.567423876269	0.598840019333	0.578057032383	0.572740454326	0.60657322378	0.479942000967	0.485741904302	0.505558240696	0.492508458192	0.501208313195	0.591590140164	0.532141130981	0.568873852102	0.521024649589	0.563073948768
AF5	0.704204929918	0.625422909618	0.93523441276	0.659255679072	0.654422426293	0.676172063799	0.545674238763	0.641855969067	0.677138714355	0.565490575157	0.717738037699	0.626389560174	0.668438859352	0.862735621073	0.593523441276	0.658772353794	0.710488158531	0.713388110198	0.885451909135	0.728854519091	0.728371193813	0.686321894635	0.721121314645	0.70130497825	0.8796520058	0.697438376027	0.695988400193	0.677138714355	0.670372160464	0.682455292412	0.765103914935	0.710488158531	0.617206379894	0.654905751571	0.729821169647	0.652005799903	0.70130497825	0.480425326245	0.685838569357	0.593040115998	0.623006283229	0.0	0.294345094248	0.53020782987	0.722571290478	0.707588206863	0.757854035766	0.721604639923	0.728371193813	0.715804736588	0.725954567424	0.742870952151	0.687771870469	0.705171580474	0.720154664089	0.707588206863	0.662638956017	0.72450459159	0.670855485742	0.696955050749	0.705654905752	0.705654905752
AF6	0.686805219913	0.608023199613	0.930401159981	0.658289028516	0.656355727405	0.658289028516	0.525857902368	0.625422909618	0.666022232963	0.551474142098	0.700821652972	0.617206379894	0.652972450459	0.849685838569	0.573707104882	0.644755920735	0.695021749638	0.699371677139	0.880135331078	0.720154664089	0.706621556307	0.665538907685	0.705171580474	0.68970517158	0.877718704688	0.681488641856	0.684871918801	0.665055582407	0.643789270179	0.652489125181	0.754470758821	0.695021749638	0.595456742388	0.628322861286	0.740454325761	0.658289028516	0.678588690188	0.462058965684	0.66892218463	0.586273562107	0.608989850169	0.294345094248	0.0	0.518124697922	0.711938134364	0.687288545191	0.761720637989	0.720154664089	0.727887868536	0.710004833253	0.706621556307	0.744320927985	0.672305461576	0.690188496858	0.706621556307	0.69453842436	0.643305944901	0.72450459159	0.64813919768	0.691155147414	0.690671822136	0.698888351861
