	AA3	AA4	AB3	AB4	AC3	AC4	AD3	AD4	AE3	AE4	AF3	AF4	AG3	AG4	AH3	AH4	AA7	AA8	AB7	AB8	AC7	AC8	AD7	AD8	AE7	AE8	AF7	AF8	AG7	AG8	AH7	AH8	AA5	AA6	AB5	AB6	AC5	AC6	AD6	AE5	AE6	AF5	AF6	AG5	AH5	AH6	AA1	AA2	AB1	AB2	AC1	AC2	AD1	AD2	AE1	AE2	AF1	AF2	AG1	AG2	AH1	AH2
AA3	0.0	0.482358627356	0.937167713871	0.641372643789	0.666022232963	0.581923634606	0.675688738521	0.571290478492	0.562107298212	0.616723054616	0.606089898502	0.605606573224	0.576607056549	0.843402609957	0.648622522958	0.330111164814	0.559690671822	0.551474142098	0.862252295795	0.718704688255	0.618656355727	0.578057032383	0.584823586274	0.576123731271	0.830352827453	0.584823586274	0.558240695988	0.565973900435	0.582406959884	0.579023682939	0.581923634606	0.54857419043	0.577573707105	0.586273562107	0.748187530208	0.68970517158	0.595456742388	0.622039632673	0.595940067666	0.626389560174	0.591590140164	0.710971483809	0.699855002417	0.614789753504	0.637506041566	0.593523441276	0.697438376027	0.642822619623	0.72450459159	0.660705654906	0.653455775737	0.662638956017	0.576123731271	0.574673755437	0.558724021266	0.557274045433	0.586756887385	0.644755920735	0.58337361044	0.678105364911	0.568873852102	0.641855969067
AA4	0.482358627356	0.0	0.944900918318	0.580473658772	0.566940550991	0.484291928468	0.586756887385	0.470275495408	0.49540840986	0.506524891252	0.543257612373	0.506041565974	0.469308844853	0.845335911068	0.379410343161	0.37264378927	0.525857902368	0.53020782987	0.886418559691	0.730304494925	0.661672305462	0.591590140164	0.572740454326	0.578057032383	0.871918801353	0.604639922668	0.537457709038	0.563073948768	0.586273562107	0.588206863219	0.623489608507	0.577573707105	0.496375060416	0.517641372644	0.668438859352	0.600289995167	0.541807636539	0.514258095698	0.529241179314	0.526824552924	0.476075398743	0.640405993233	0.598356694055	0.505558240696	0.584823586274	0.550507491542	0.649105848236	0.579507008217	0.639439342678	0.599806669889	0.599806669889	0.622039632673	0.522474625423	0.524407926535	0.524407926535	0.514258095698	0.491541807637	0.60415659739	0.519574673755	0.594490091832	0.51619139681	0.571290478492
AB3	0.937167713871	0.944900918318	0.0	0.671822136298	0.920251329145	0.959884001933	0.961817303045	0.944900918318	0.934751087482	0.951667472209	0.97680038666	0.939101014983	0.966167230546	0.342194296762	0.962783953601	0.945867568874	0.975350410826	0.974383760271	0.742387626873	0.739971000483	0.894151764137	0.906718221363	0.963267278879	0.951667472209	0.852585790237	0.907684871919	0.948284195263	0.937651039149	0.846302561624	0.84485258579	0.955534074432	0.953117448043	0.960850652489	0.965683905268	0.975833736104	0.968100531658	0.977283711938	0.953117448043	0.975833736104	0.976317061382	0.976317061382	0.943450942484	0.934751087482	0.949734171097	0.979700338328	0.972933784437	0.976317061382	0.974867085549	0.973900434993	0.977283711938	0.975350410826	0.974383760271	0.977767037216	0.977283711938	0.97921701305	0.975350410826	0.974383760271	0.973417109715	0.975833736104	0.97921701305	0.975350410826	0.974383760271
AB4	0.641372643789	0.580473658772	0.671822136298	0.0	0.6389560174	0.60657322378	0.687771870469	0.61575640406	0.610923151281	0.623489608507	0.651039149348	0.617206379894	0.494441759304	0.546157564041	0.608023199613	0.599806669889	0.645239246013	0.647172547124	0.730304494925	0.563557274045	0.664572257129	0.636056065732	0.672305461576	0.655872402127	0.794586756887	0.644272595457	0.662155630739	0.655872402127	0.552924117931	0.570807153214	0.695505074915	0.650072498792	0.646205896568	0.663605606573	0.737554374094	0.684388593523	0.655389076849	0.647655872402	0.639439342678	0.630739487675	0.628806186564	0.681005316578	0.652005799903	0.624456259062	0.699371677139	0.675205413243	0.710488158531	0.669405509908	0.708554857419	0.681971967134	0.678588690188	0.681971967134	0.642822619623	0.651039149348	0.662638956017	0.646689221846	0.65732237796	0.673755437409	0.655389076849	0.674722087965	0.65055582407	0.665538907685
AC3	0.666022232963	0.566940550991	0.920251329145	0.6389560174	0.0	0.510874818753	0.647655872402	0.558724021266	0.581440309328	0.581923634606	0.624456259062	0.332044465926	0.611406476559	0.822136297728	0.603673272112	0.618173030449	0.614306428226	0.605123247946	0.867568873852	0.761720637989	0.73610439826	0.702754954084	0.725954567424	0.719671338811	0.825036249396	0.690188496858	0.654905751571	0.698405026583	0.673755437409	0.676655389077	0.705654905752	0.676172063799	0.626872885452	0.6389560174	0.630256162397	0.591106814886	0.625422909618	0.611889801837	0.592073465442	0.564523924601	0.557274045433	0.677622039633	0.65055582407	0.5601739971	0.65732237796	0.643305944901	0.604639922668	0.586756887385	0.597390043499	0.579990333494	0.607056549058	0.590623489609	0.535041082649	0.573707104882	0.591106814886	0.564040599323	0.626389560174	0.577090381827	0.631706138231	0.592073465442	0.625422909618	0.589173513775
AC4	0.581923634606	0.484291928468	0.959884001933	0.60657322378	0.510874818753	0.0	0.610923151281	0.392460125665	0.40502658289	0.501691638473	0.345094248429	0.418559690672	0.507491541808	0.858385693572	0.554374093765	0.542774287095	0.467375543741	0.448042532624	0.930884485259	0.767037216046	0.591106814886	0.546640889319	0.512808119865	0.512324794587	0.890768487192	0.58337361044	0.483325277912	0.50700821653	0.526341227646	0.551474142098	0.573707104882	0.510391493475	0.432576123731	0.471242145964	0.65973900435	0.577573707105	0.467375543741	0.519574673755	0.428709521508	0.544707588207	0.465442242629	0.678105364911	0.641855969067	0.480425326245	0.518124697922	0.49540840986	0.649589173514	0.589656839053	0.616239729338	0.599323344611	0.596423392943	0.615273078782	0.487675205413	0.519574673755	0.521024649589	0.516674722088	0.554374093765	0.598840019333	0.561623972934	0.588206863219	0.479458675689	0.570323827936
AD3	0.675688738521	0.586756887385	0.961817303045	0.687771870469	0.647655872402	0.610923151281	0.0	0.51619139681	0.637989366844	0.365393910101	0.671822136298	0.610439826003	0.6389560174	0.867568873852	0.576123731271	0.644755920735	0.6805219913	0.684871918801	0.949250845819	0.79168680522	0.722571290478	0.69212179797	0.693088448526	0.687771870469	0.922667955534	0.681488641856	0.692605123248	0.695988400193	0.69212179797	0.688738521025	0.721604639923	0.686321894635	0.634606089899	0.647172547124	0.744320927985	0.676655389077	0.667955534074	0.535041082649	0.634606089899	0.590623489609	0.576123731271	0.546640889319	0.532141130981	0.547124214596	0.69453842436	0.683421942968	0.772353794103	0.717254712421	0.752537457709	0.720154664089	0.714354760754	0.735621072982	0.652489125181	0.654905751571	0.676172063799	0.660705654906	0.632189463509	0.72450459159	0.635089415176	0.725954567424	0.684871918801	0.698405026583
AD4	0.571290478492	0.470275495408	0.944900918318	0.61575640406	0.558724021266	0.392460125665	0.51619139681	0.0	0.333011116481	0.388593523441	0.433542774287	0.491541807637	0.517641372644	0.84726921218	0.541807636539	0.523441275979	0.474142097632	0.455292411793	0.930401159981	0.763653939101	0.575640405993	0.5186080232	0.512808119865	0.501208313195	0.90285161914	0.597390043499	0.457709038183	0.488641855969	0.512324794587	0.544707588207	0.568390526825	0.511841469309	0.40502658289	0.447075882069	0.653939101015	0.575640405993	0.44900918318	0.493958434026	0.433059449009	0.554374093765	0.46979217013	0.645239246013	0.606089898502	0.457225712905	0.51619139681	0.488158530691	0.671822136298	0.608989850169	0.650072498792	0.630256162397	0.616723054616	0.635089415176	0.516674722088	0.527307878202	0.522474625423	0.517641372644	0.536491058482	0.624456259062	0.54857419043	0.62735621073	0.498308361527	0.590623489609
AE3	0.562107298212	0.49540840986	0.934751087482	0.610923151281	0.581440309328	0.40502658289	0.637989366844	0.333011116481	0.0	0.506524891252	0.394876752054	0.519574673755	0.517641372644	0.842919284679	0.56935717738	0.529241179314	0.438376027066	0.420976317061	0.919284678589	0.753020782987	0.555824069599	0.492508458192	0.464958917351	0.460125664572	0.886901884969	0.581440309328	0.425326244563	0.445142580957	0.491058482359	0.533107781537	0.531657805703	0.474142097632	0.399226679555	0.467858869019	0.675205413243	0.606089898502	0.434992750121	0.538424359594	0.444659255679	0.594490091832	0.522474625423	0.694055099082	0.655389076849	0.490575157081	0.5186080232	0.484291928468	0.671822136298	0.615273078782	0.654905751571	0.629289511841	0.614789753504	0.644272595457	0.532624456259	0.543257612373	0.532141130981	0.531657805703	0.552924117931	0.634606089899	0.563073948768	0.626872885452	0.494925084582	0.599806669889
AE4	0.616723054616	0.506524891252	0.951667472209	0.623489608507	0.581923634606	0.501691638473	0.365393910101	0.388593523441	0.506524891252	0.0	0.565973900435	0.546640889319	0.568390526825	0.855485741904	0.543257612373	0.564523924601	0.57177380377	0.574673755437	0.940067665539	0.773320444659	0.659255679072	0.611406476559	0.597390043499	0.586756887385	0.908168197197	0.611406476559	0.58095698405	0.585790236829	0.578057032383	0.579023682939	0.642822619623	0.590140164331	0.532141130981	0.549540840986	0.695988400193	0.623972933784	0.564523924601	0.467858869019	0.529241179314	0.524891251812	0.500241662639	0.597873368777	0.560657322378	0.480425326245	0.597390043499	0.584340260996	0.710488158531	0.646205896568	0.692605123248	0.665538907685	0.656839052682	0.675205413243	0.584340260996	0.586273562107	0.588206863219	0.589656839053	0.573707104882	0.667955534074	0.585790236829	0.66892218463	0.572740454326	0.63653939101
AF3	0.606089898502	0.543257612373	0.97680038666	0.651039149348	0.624456259062	0.345094248429	0.671822136298	0.433542774287	0.394876752054	0.565973900435	0.0	0.529724504592	0.539874335428	0.879168680522	0.601739971	0.57177380377	0.452392460126	0.426776220396	0.95360077332	0.796520057999	0.588690188497	0.543257612373	0.438376027066	0.453359110681	0.916384726921	0.612856452392	0.431126147898	0.471725471242	0.543740937651	0.585790236829	0.524407926535	0.489125181247	0.424842919285	0.491541807637	0.678105364911	0.620106331561	0.410343160947	0.570807153214	0.43740937651	0.621072982117	0.533107781537	0.72692121798	0.686321894635	0.520057999033	0.511358144031	0.478008699855	0.668438859352	0.614306428226	0.663122281295	0.61333977767	0.611889801837	0.636056065732	0.540840985984	0.532624456259	0.521991300145	0.52537457709	0.574673755437	0.626872885452	0.575640405993	0.609473175447	0.497825036249	0.59497341711
AF4	0.605606573224	0.506041565974	0.939101014983	0.617206379894	0.332044465926	0.418559690672	0.610439826003	0.491541807637	0.519574673755	0.546640889319	0.529724504592	0.0	0.55099081682	0.839052682455	0.551957467376	0.546640889319	0.559207346544	0.553890768487	0.880135331078	0.728371193813	0.699855002417	0.662155630739	0.658772353794	0.650072498792	0.842919284679	0.62493958434	0.594006766554	0.637022716288	0.631222812953	0.627839536008	0.651039149348	0.612856452392	0.557274045433	0.578057032383	0.597873368777	0.522474625423	0.553890768487	0.55775737071	0.52537457709	0.517641372644	0.500241662639	0.63653939101	0.61333977767	0.505074915418	0.568873852102	0.557274045433	0.580473658772	0.524407926535	0.563557274045	0.521024649589	0.535041082649	0.556790720155	0.457225712905	0.491058482359	0.508458192363	0.503141614306	0.564523924601	0.537457709038	0.575157080715	0.52537457709	0.556307394877	0.514741420976
AG3	0.576607056549	0.469308844853	0.966167230546	0.494441759304	0.611406476559	0.507491541808	0.6389560174	0.517641372644	0.517641372644	0.568390526825	0.539874335428	0.55099081682	0.0	0.841469308845	0.53697438376	0.511841469309	0.504108264862	0.49540840986	0.920251329145	0.759787336878	0.678105364911	0.621072982117	0.583856935718	0.595456742388	0.878685355244	0.623972933784	0.550024166264	0.586756887385	0.604639922668	0.609473175447	0.632189463509	0.570323827936	0.531174480425	0.537941034316	0.670372160464	0.620589656839	0.53939101015	0.575157080715	0.529241179314	0.56935717738	0.519091348478	0.68293861769	0.653939101015	0.538424359594	0.59255679072	0.554857419043	0.633156114065	0.584340260996	0.639922667956	0.611406476559	0.593523441276	0.602223296278	0.525857902368	0.536491058482	0.546640889319	0.521507974867	0.53697438376	0.597390043499	0.554374093765	0.608506524891	0.512808119865	0.560657322378
AG4	0.843402609957	0.845335911068	0.342194296762	0.546157564041	0.822136297728	0.858385693572	0.867568873852	0.84726921218	0.842919284679	0.855485741904	0.879168680522	0.839052682455	0.841469308845	0.0	0.866602223296	0.846302561624	0.884968583857	0.883035282745	0.706621556307	0.659255679072	0.810536491058	0.819236346061	0.876268728855	0.863218946351	0.826002899952	0.825519574674	0.857902368294	0.853069115515	0.758820686322	0.73852102465	0.876268728855	0.861285645239	0.867085548574	0.871435476075	0.895601739971	0.882551957467	0.884001933301	0.854519091348	0.881101981634	0.875785403577	0.874335427743	0.852102464959	0.843885935234	0.85645239246	0.893185113581	0.881585306912	0.876752054132	0.8796520058	0.879168680522	0.880618656356	0.885935234413	0.877718704688	0.884968583857	0.8796520058	0.885935234413	0.881101981634	0.881101981634	0.881101981634	0.880618656356	0.880135331078	0.884485258579	0.882551957467
AH3	0.648622522958	0.379410343161	0.962783953601	0.608023199613	0.603673272112	0.554374093765	0.576123731271	0.541807636539	0.56935717738	0.543257612373	0.601739971	0.551957467376	0.53697438376	0.866602223296	0.0	0.529241179314	0.590623489609	0.595456742388	0.924117931368	0.769453842436	0.717738037699	0.656839052682	0.631222812953	0.638472692122	0.899951667472	0.672305461576	0.639439342678	0.644272595457	0.656355727405	0.660222329628	0.688255195747	0.641855969067	0.553890768487	0.586273562107	0.712421459642	0.649589173514	0.619623006283	0.554374093765	0.60657322378	0.544224262929	0.553407443209	0.605606573224	0.559207346544	0.550024166264	0.663122281295	0.625906234896	0.708554857419	0.6389560174	0.674722087965	0.658289028516	0.645239246013	0.667955534074	0.602706621556	0.610923151281	0.612373127115	0.598840019333	0.572740454326	0.659255679072	0.579023682939	0.643305944901	0.596423392943	0.618173030449
AH4	0.330111164814	0.37264378927	0.945867568874	0.599806669889	0.618173030449	0.542774287095	0.644755920735	0.523441275979	0.529241179314	0.564523924601	0.57177380377	0.546640889319	0.511841469309	0.846302561624	0.529241179314	0.0	0.539874335428	0.550024166264	0.871435476075	0.723537941034	0.65055582407	0.590140164331	0.576607056549	0.573223779604	0.853552440793	0.599323344611	0.553407443209	0.561140647656	0.581923634606	0.578540357661	0.60657322378	0.561140647656	0.546157564041	0.55775737071	0.695021749638	0.635089415176	0.568873852102	0.582890285162	0.558724021266	0.577090381827	0.542774287095	0.684388593523	0.64813919768	0.573223779604	0.612373127115	0.578057032383	0.666505558241	0.602223296278	0.674238762687	0.61575640406	0.620106331561	0.636056065732	0.551474142098	0.542290961817	0.546157564041	0.529724504592	0.524407926535	0.617206379894	0.531174480425	0.628322861286	0.536491058482	0.597873368777
AA7	0.559690671822	0.525857902368	0.975350410826	0.645239246013	0.614306428226	0.467375543741	0.6805219913	0.474142097632	0.438376027066	0.57177380377	0.452392460126	0.559207346544	0.504108264862	0.884968583857	0.590623489609	0.539874335428	0.0	0.278395360077	0.915901401643	0.764620589657	0.596906718221	0.536007733204	0.484775253746	0.492508458192	0.865152247463	0.587723537941	0.46060898985	0.485258579024	0.53020782987	0.566940550991	0.53020782987	0.433542774287	0.417109714838	0.484775253746	0.702754954084	0.649105848236	0.467858869019	0.567423876269	0.476075398743	0.601256645723	0.539874335428	0.720154664089	0.68970517158	0.556790720155	0.543740937651	0.521507974867	0.659255679072	0.611406476559	0.66892218463	0.633156114065	0.605606573224	0.617689705172	0.508458192363	0.534074432093	0.522957950701	0.507491541808	0.537457709038	0.605606573224	0.555340744321	0.637506041566	0.487675205413	0.588206863219
AA8	0.551474142098	0.53020782987	0.974383760271	0.647172547124	0.605123247946	0.448042532624	0.684871918801	0.455292411793	0.420976317061	0.574673755437	0.426776220396	0.553890768487	0.49540840986	0.883035282745	0.595456742388	0.550024166264	0.278395360077	0.0	0.917351377477	0.765103914935	0.582890285162	0.518124697922	0.471242145964	0.479942000967	0.864185596907	0.585790236829	0.432576123731	0.468825519575	0.521991300145	0.563073948768	0.487191880135	0.385693571774	0.412759787337	0.477042049299	0.699371677139	0.643789270179	0.45142580957	0.578540357661	0.467375543741	0.607056549058	0.538424359594	0.727404543258	0.695988400193	0.545190913485	0.531174480425	0.493958434026	0.644272595457	0.598840019333	0.661188980184	0.618656355727	0.594006766554	0.606089898502	0.500241662639	0.521991300145	0.511358144031	0.499275012083	0.546640889319	0.593040115998	0.551957467376	0.624456259062	0.475592073465	0.573223779604
AB7	0.862252295795	0.886418559691	0.742387626873	0.730304494925	0.867568873852	0.930884485259	0.949250845819	0.930401159981	0.919284678589	0.940067665539	0.95360077332	0.880135331078	0.920251329145	0.706621556307	0.924117931368	0.871435476075	0.915901401643	0.917351377477	0.0	0.414209763171	0.817786370227	0.831319478009	0.936201063316	0.923151280812	0.735137747704	0.822619623006	0.896568390527	0.890285161914	0.742387626873	0.700338327695	0.884001933301	0.893185113581	0.926534557757	0.939101014983	0.932334461092	0.930401159981	0.945384243596	0.915901401643	0.944900918318	0.927017883035	0.936684388594	0.881585306912	0.877718704688	0.912518124698	0.959400676655	0.949734171097	0.918801353311	0.920734654422	0.932334461092	0.923151280812	0.924117931368	0.916868052199	0.915901401643	0.914934751087	0.918318028033	0.912518124698	0.925567907202	0.913968100532	0.921701304978	0.929917834703	0.941034316095	0.922184630256
AB8	0.718704688255	0.730304494925	0.739971000483	0.563557274045	0.761720637989	0.767037216046	0.79168680522	0.763653939101	0.753020782987	0.773320444659	0.796520057999	0.728371193813	0.759787336878	0.659255679072	0.769453842436	0.723537941034	0.764620589657	0.765103914935	0.414209763171	0.0	0.659255679072	0.674238762687	0.763170613823	0.748670855486	0.734171097148	0.661188980184	0.724987916868	0.714354760754	0.548090865152	0.541324311261	0.741420976317	0.739971000483	0.772837119381	0.779120347994	0.819719671339	0.778637022716	0.783953600773	0.750120831319	0.775253745771	0.765103914935	0.771387143548	0.739004349928	0.732721121315	0.746254229096	0.795553407443	0.790720154664	0.825519574674	0.778153697438	0.813919768004	0.782986950217	0.778637022716	0.795070082165	0.763653939101	0.767037216046	0.769453842436	0.764620589657	0.765103914935	0.784920251329	0.766070565491	0.786853552441	0.773803769937	0.767037216046
AC7	0.618656355727	0.661672305462	0.894151764137	0.664572257129	0.73610439826	0.591106814886	0.722571290478	0.575640405993	0.555824069599	0.659255679072	0.588690188497	0.699855002417	0.678105364911	0.810536491058	0.717738037699	0.65055582407	0.596906718221	0.582890285162	0.817786370227	0.659255679072	0.0	0.346060898985	0.569840502658	0.564523924601	0.823102948284	0.588206863219	0.541324311261	0.51619139681	0.470275495408	0.49299178347	0.565007249879	0.544707588207	0.563557274045	0.610439826003	0.816819719671	0.755920734654	0.616723054616	0.660705654906	0.613823102948	0.732721121315	0.677622039633	0.721121314645	0.707104881585	0.63653939101	0.642339294345	0.625422909618	0.82165297245	0.769937167714	0.809569840503	0.781053649106	0.758337361044	0.787820202997	0.687771870469	0.699855002417	0.678105364911	0.675205413243	0.685355244079	0.776703721605	0.679072015466	0.773320444659	0.619623006283	0.745770903818
AC8	0.578057032383	0.591590140164	0.906718221363	0.636056065732	0.702754954084	0.546640889319	0.69212179797	0.5186080232	0.492508458192	0.611406476559	0.543257612373	0.662155630739	0.621072982117	0.819236346061	0.656839052682	0.590140164331	0.536007733204	0.518124697922	0.831319478009	0.674238762687	0.346060898985	0.0	0.498308361527	0.486708554857	0.837119381344	0.549057515708	0.429192846786	0.398260029	0.438859352344	0.473658772354	0.528274528758	0.490091831803	0.500724987917	0.543740937651	0.757370710488	0.695505074915	0.555340744321	0.599806669889	0.563557274045	0.678105364911	0.623489608507	0.678105364911	0.661672305462	0.58337361044	0.594490091832	0.55775737071	0.76848719188	0.707104881585	0.762687288545	0.732721121315	0.70372160464	0.724021266312	0.634122764621	0.637989366844	0.619139681005	0.620106331561	0.61575640406	0.718221362977	0.620106331561	0.728854519091	0.561140647656	0.685838569357
AD7	0.584823586274	0.572740454326	0.963267278879	0.672305461576	0.725954567424	0.512808119865	0.693088448526	0.512808119865	0.464958917351	0.597390043499	0.438376027066	0.658772353794	0.583856935718	0.876268728855	0.631222812953	0.576607056549	0.484775253746	0.471242145964	0.936201063316	0.763170613823	0.569840502658	0.498308361527	0.0	0.297728371194	0.895601739971	0.517641372644	0.418076365394	0.434992750121	0.510874818753	0.546157564041	0.502174963751	0.466408893185	0.469308844853	0.537941034316	0.752537457709	0.687771870469	0.497341710971	0.598840019333	0.540357660706	0.65973900435	0.610439826003	0.730304494925	0.69453842436	0.597390043499	0.576123731271	0.540840985984	0.745770903818	0.683421942968	0.74528757854	0.713871435476	0.6805219913	0.703238279362	0.616723054616	0.619139681005	0.597390043499	0.605123247946	0.581923634606	0.69212179797	0.590140164331	0.707104881585	0.547124214596	0.668438859352
AD8	0.576123731271	0.578057032383	0.951667472209	0.655872402127	0.719671338811	0.512324794587	0.687771870469	0.501208313195	0.460125664572	0.586756887385	0.453359110681	0.650072498792	0.595456742388	0.863218946351	0.638472692122	0.573223779604	0.492508458192	0.479942000967	0.923151280812	0.748670855486	0.564523924601	0.486708554857	0.297728371194	0.0	0.862252295795	0.485258579024	0.412759787337	0.427259545674	0.487675205413	0.525857902368	0.495891735138	0.457709038183	0.484291928468	0.542774287095	0.752537457709	0.685355244079	0.493958434026	0.591590140164	0.53939101015	0.65732237796	0.608023199613	0.725471242146	0.690188496858	0.592073465442	0.573707104882	0.550024166264	0.752054132431	0.685355244079	0.751087481875	0.718704688255	0.685355244079	0.711454809087	0.618656355727	0.623006283229	0.601739971	0.609956500725	0.60657322378	0.696471725471	0.603673272112	0.707588206863	0.551474142098	0.672305461576
AE7	0.830352827453	0.871918801353	0.852585790237	0.794586756887	0.825036249396	0.890768487192	0.922667955534	0.90285161914	0.886901884969	0.908168197197	0.916384726921	0.842919284679	0.878685355244	0.826002899952	0.899951667472	0.853552440793	0.865152247463	0.864185596907	0.735137747704	0.734171097148	0.823102948284	0.837119381344	0.895601739971	0.862252295795	0.0	0.546640889319	0.876268728855	0.869502174964	0.766553890768	0.775253745771	0.839052682455	0.841952634123	0.899951667472	0.910584823586	0.927501208313	0.913484775254	0.919284678589	0.896568390527	0.913484775254	0.877718704688	0.898985016916	0.885935234413	0.873852102465	0.877718704688	0.942484291928	0.922667955534	0.892701788304	0.901884968584	0.909134847753	0.889801836636	0.904784920251	0.897535041083	0.890285161914	0.895601739971	0.901401643306	0.890285161914	0.908651522475	0.887385210246	0.901401643306	0.903334944418	0.910101498308	0.90043499275
AE8	0.584823586274	0.604639922668	0.907684871919	0.644272595457	0.690188496858	0.58337361044	0.681488641856	0.597390043499	0.581440309328	0.611406476559	0.612856452392	0.62493958434	0.623972933784	0.825519574674	0.672305461576	0.599323344611	0.587723537941	0.585790236829	0.822619623006	0.661188980184	0.588206863219	0.549057515708	0.517641372644	0.485258579024	0.546640889319	0.0	0.564523924601	0.556790720155	0.518124697922	0.509908168197	0.57177380377	0.559207346544	0.59497341711	0.608506524891	0.7593040116	0.698405026583	0.618656355727	0.596906718221	0.611406476559	0.657805703238	0.628806186564	0.688255195747	0.662638956017	0.588690188497	0.640405993233	0.621556307395	0.751087481875	0.700821652972	0.752537457709	0.705171580474	0.694055099082	0.723537941034	0.635572740454	0.640889318511	0.630256162397	0.637989366844	0.644755920735	0.701788303528	0.642339294345	0.707588206863	0.60657322378	0.681488641856
AF7	0.558240695988	0.537457709038	0.948284195263	0.662155630739	0.654905751571	0.483325277912	0.692605123248	0.457709038183	0.425326244563	0.58095698405	0.431126147898	0.594006766554	0.550024166264	0.857902368294	0.639439342678	0.553407443209	0.46060898985	0.432576123731	0.896568390527	0.724987916868	0.541324311261	0.429192846786	0.418076365394	0.412759787337	0.876268728855	0.564523924601	0.0	0.316578057032	0.4813919768	0.517158047366	0.478492025133	0.464475592073	0.440792653456	0.491541807637	0.698405026583	0.633156114065	0.444175930401	0.567907201547	0.490091831803	0.626389560174	0.550507491542	0.71290478492	0.678588690188	0.53939101015	0.536007733204	0.505558240696	0.673755437409	0.62493958434	0.689221846303	0.654905751571	0.617206379894	0.635572740454	0.555824069599	0.557274045433	0.544224262929	0.548090865152	0.556307394877	0.620589656839	0.564523924601	0.656355727405	0.484291928468	0.608989850169
AF8	0.565973900435	0.563073948768	0.937651039149	0.655872402127	0.698405026583	0.50700821653	0.695988400193	0.488641855969	0.445142580957	0.585790236829	0.471725471242	0.637022716288	0.586756887385	0.853069115515	0.644272595457	0.561140647656	0.485258579024	0.468825519575	0.890285161914	0.714354760754	0.51619139681	0.398260029	0.434992750121	0.427259545674	0.869502174964	0.556790720155	0.316578057032	0.0	0.455775737071	0.495891735138	0.502174963751	0.46302561624	0.446109231513	0.516674722088	0.72692121798	0.660705654906	0.470275495408	0.560657322378	0.519574673755	0.633639439343	0.584823586274	0.69212179797	0.653939101015	0.54857419043	0.553407443209	0.53020782987	0.71290478492	0.660222329628	0.717738037699	0.687771870469	0.654422426293	0.677622039633	0.587240212663	0.588206863219	0.575157080715	0.579507008217	0.577573707105	0.666988883519	0.575157080715	0.681005316578	0.509424842919	0.640889318511
AG7	0.582406959884	0.586273562107	0.846302561624	0.552924117931	0.673755437409	0.526341227646	0.69212179797	0.512324794587	0.491058482359	0.578057032383	0.543740937651	0.631222812953	0.604639922668	0.758820686322	0.656355727405	0.581923634606	0.53020782987	0.521991300145	0.742387626873	0.548090865152	0.470275495408	0.438859352344	0.510874818753	0.487675205413	0.766553890768	0.518124697922	0.4813919768	0.455775737071	0.0	0.309328177864	0.545674238763	0.509908168197	0.510391493475	0.55099081682	0.745770903818	0.680038666022	0.531657805703	0.572740454326	0.538907684872	0.644755920735	0.602223296278	0.686321894635	0.646205896568	0.563557274045	0.58095698405	0.572740454326	0.750120831319	0.684871918801	0.73852102465	0.707104881585	0.679072015466	0.707104881585	0.611406476559	0.613823102948	0.603673272112	0.611889801837	0.626872885452	0.698405026583	0.622522957951	0.695021749638	0.576607056549	0.664088931851
AG8	0.579023682939	0.588206863219	0.84485258579	0.570807153214	0.676655389077	0.551474142098	0.688738521025	0.544707588207	0.533107781537	0.579023682939	0.585790236829	0.627839536008	0.609473175447	0.73852102465	0.660222329628	0.578540357661	0.566940550991	0.563073948768	0.700338327695	0.541324311261	0.49299178347	0.473658772354	0.546157564041	0.525857902368	0.775253745771	0.509908168197	0.517158047366	0.495891735138	0.309328177864	0.0	0.579023682939	0.532624456259	0.5601739971	0.57177380377	0.747220879652	0.684388593523	0.56935717738	0.570807153214	0.563557274045	0.65055582407	0.600773320445	0.681005316578	0.646689221846	0.563557274045	0.596423392943	0.588206863219	0.744320927985	0.676172063799	0.733204446593	0.700338327695	0.679555340744	0.701788303528	0.619623006283	0.615273078782	0.607056549058	0.613823102948	0.623972933784	0.690671822136	0.62493958434	0.694055099082	0.581923634606	0.657805703238
AH7	0.581923634606	0.623489608507	0.955534074432	0.695505074915	0.705654905752	0.573707104882	0.721604639923	0.568390526825	0.531657805703	0.642822619623	0.524407926535	0.651039149348	0.632189463509	0.876268728855	0.688255195747	0.60657322378	0.53020782987	0.487191880135	0.884001933301	0.741420976317	0.565007249879	0.528274528758	0.502174963751	0.495891735138	0.839052682455	0.57177380377	0.478492025133	0.502174963751	0.545674238763	0.579023682939	0.0	0.327694538424	0.563557274045	0.61575640406	0.785403576607	0.73368777187	0.546640889319	0.651522474625	0.593040115998	0.681488641856	0.646205896568	0.760270662156	0.743354277429	0.640405993233	0.634606089899	0.62735621073	0.760753987434	0.723054615756	0.772837119381	0.721121314645	0.711454809087	0.732721121315	0.634606089899	0.646689221846	0.622039632673	0.623972933784	0.641855969067	0.723054615756	0.627839536008	0.722571290478	0.600289995167	0.704204929918
AH8	0.54857419043	0.577573707105	0.953117448043	0.650072498792	0.676172063799	0.510391493475	0.686321894635	0.511841469309	0.474142097632	0.590140164331	0.489125181247	0.612856452392	0.570323827936	0.861285645239	0.641855969067	0.561140647656	0.433542774287	0.385693571774	0.893185113581	0.739971000483	0.544707588207	0.490091831803	0.466408893185	0.457709038183	0.841952634123	0.559207346544	0.464475592073	0.46302561624	0.509908168197	0.532624456259	0.327694538424	0.0	0.490575157081	0.549540840986	0.750604156597	0.695505074915	0.500724987917	0.601739971	0.535041082649	0.628806186564	0.595456742388	0.723537941034	0.695988400193	0.591590140164	0.583856935718	0.562107298212	0.716288061866	0.666022232963	0.723537941034	0.674238762687	0.65732237796	0.681005316578	0.582890285162	0.597390043499	0.58095698405	0.576123731271	0.590140164331	0.669888835186	0.577090381827	0.674238762687	0.533591106815	0.642822619623
AA5	0.577573707105	0.496375060416	0.960850652489	0.646205896568	0.626872885452	0.432576123731	0.634606089899	0.40502658289	0.399226679555	0.532141130981	0.424842919285	0.557274045433	0.531174480425	0.867085548574	0.553890768487	0.546157564041	0.417109714838	0.412759787337	0.926534557757	0.772837119381	0.563557274045	0.500724987917	0.469308844853	0.484291928468	0.899951667472	0.59497341711	0.440792653456	0.446109231513	0.510391493475	0.5601739971	0.563557274045	0.490575157081	0.0	0.359594006767	0.681971967134	0.598840019333	0.456742387627	0.503624939584	0.469308844853	0.567423876269	0.498791686805	0.64813919768	0.608506524891	0.477042049299	0.53020782987	0.478492025133	0.700338327695	0.639922667956	0.6805219913	0.656355727405	0.645239246013	0.674238762687	0.528274528758	0.565973900435	0.558724021266	0.552440792653	0.536007733204	0.655872402127	0.559207346544	0.648622522958	0.497825036249	0.619139681005
AA6	0.586273562107	0.517641372644	0.965683905268	0.663605606573	0.6389560174	0.471242145964	0.647172547124	0.447075882069	0.467858869019	0.549540840986	0.491541807637	0.578057032383	0.537941034316	0.871435476075	0.586273562107	0.55775737071	0.484775253746	0.477042049299	0.939101014983	0.779120347994	0.610439826003	0.543740937651	0.537941034316	0.542774287095	0.910584823586	0.608506524891	0.491541807637	0.516674722088	0.55099081682	0.57177380377	0.61575640406	0.549540840986	0.359594006767	0.0	0.673272112131	0.585306911551	0.501208313195	0.523441275979	0.486708554857	0.587723537941	0.50700821653	0.673272112131	0.636056065732	0.496858385694	0.462058965684	0.406959884002	0.693088448526	0.639922667956	0.674722087965	0.649589173514	0.636056065732	0.65973900435	0.528757854036	0.559207346544	0.55099081682	0.544707588207	0.554857419043	0.649105848236	0.568873852102	0.643789270179	0.510874818753	0.613823102948
AB5	0.748187530208	0.668438859352	0.975833736104	0.737554374094	0.630256162397	0.65973900435	0.744320927985	0.653939101015	0.675205413243	0.695988400193	0.678105364911	0.597873368777	0.670372160464	0.895601739971	0.712421459642	0.695021749638	0.702754954084	0.699371677139	0.932334461092	0.819719671339	0.816819719671	0.757370710488	0.752537457709	0.752537457709	0.927501208313	0.7593040116	0.698405026583	0.72692121798	0.745770903818	0.747220879652	0.785403576607	0.750604156597	0.681971967134	0.673272112131	0.0	0.30546157564	0.626389560174	0.6805219913	0.626872885452	0.633156114065	0.607056549058	0.755437409377	0.729337844369	0.644272595457	0.627839536008	0.612856452392	0.61333977767	0.608506524891	0.627839536008	0.597873368777	0.61575640406	0.614789753504	0.594490091832	0.597390043499	0.618173030449	0.614789753504	0.664572257129	0.59255679072	0.666022232963	0.605123247946	0.687288545191	0.605606573224
AB6	0.68970517158	0.600289995167	0.968100531658	0.684388593523	0.591106814886	0.577573707105	0.676655389077	0.575640405993	0.606089898502	0.623972933784	0.620106331561	0.522474625423	0.620589656839	0.882551957467	0.649589173514	0.635089415176	0.649105848236	0.643789270179	0.930401159981	0.778637022716	0.755920734654	0.695505074915	0.687771870469	0.685355244079	0.913484775254	0.698405026583	0.633156114065	0.660705654906	0.680038666022	0.684388593523	0.73368777187	0.695505074915	0.598840019333	0.585306911551	0.30546157564	0.0	0.576607056549	0.59255679072	0.575157080715	0.569840502658	0.550024166264	0.682455292412	0.647655872402	0.543257612373	0.556307394877	0.535524407927	0.59255679072	0.549540840986	0.591106814886	0.550024166264	0.556790720155	0.574673755437	0.53020782987	0.551474142098	0.573223779604	0.56935717738	0.607056549058	0.55099081682	0.608989850169	0.551474142098	0.635089415176	0.538424359594
AC5	0.595456742388	0.541807636539	0.977283711938	0.655389076849	0.625422909618	0.467375543741	0.667955534074	0.44900918318	0.434992750121	0.564523924601	0.410343160947	0.553890768487	0.53939101015	0.884001933301	0.619623006283	0.568873852102	0.467858869019	0.45142580957	0.945384243596	0.783953600773	0.616723054616	0.555340744321	0.497341710971	0.493958434026	0.919284678589	0.618656355727	0.444175930401	0.470275495408	0.531657805703	0.56935717738	0.546640889319	0.500724987917	0.456742387627	0.501208313195	0.626389560174	0.576607056549	0.0	0.46302561624	0.438859352344	0.588690188497	0.520057999033	0.717254712421	0.671822136298	0.517641372644	0.476075398743	0.468342194297	0.610923151281	0.557274045433	0.632672788787	0.583856935718	0.560657322378	0.588206863219	0.500241662639	0.494925084582	0.485741904302	0.489125181247	0.565973900435	0.575157080715	0.565973900435	0.571290478492	0.511841469309	0.542290961817
AC6	0.622039632673	0.514258095698	0.953117448043	0.647655872402	0.611889801837	0.519574673755	0.535041082649	0.493958434026	0.538424359594	0.467858869019	0.570807153214	0.55775737071	0.575157080715	0.854519091348	0.554374093765	0.582890285162	0.567423876269	0.578540357661	0.915901401643	0.750120831319	0.660705654906	0.599806669889	0.598840019333	0.591590140164	0.896568390527	0.596906718221	0.567907201547	0.560657322378	0.572740454326	0.570807153214	0.651522474625	0.601739971	0.503624939584	0.523441275979	0.6805219913	0.59255679072	0.46302561624	0.0	0.536491058482	0.528274528758	0.523441275979	0.494441759304	0.449492508458	0.427259545674	0.573223779604	0.559207346544	0.705654905752	0.653455775737	0.689221846303	0.654422426293	0.658772353794	0.678105364911	0.585306911551	0.59497341711	0.597873368777	0.597873368777	0.567907201547	0.664088931851	0.581923634606	0.653939101015	0.561140647656	0.635572740454
AD6	0.595940067666	0.529241179314	0.975833736104	0.639439342678	0.592073465442	0.428709521508	0.634606089899	0.433059449009	0.444659255679	0.529241179314	0.43740937651	0.52537457709	0.529241179314	0.881101981634	0.60657322378	0.558724021266	0.476075398743	0.467375543741	0.944900918318	0.775253745771	0.613823102948	0.563557274045	0.540357660706	0.53939101015	0.913484775254	0.611406476559	0.490091831803	0.519574673755	0.538907684872	0.563557274045	0.593040115998	0.535041082649	0.469308844853	0.486708554857	0.626872885452	0.575157080715	0.438859352344	0.536491058482	0.0	0.546640889319	0.420976317061	0.702754954084	0.662155630739	0.503624939584	0.489125181247	0.479458675689	0.62735621073	0.565007249879	0.616723054616	0.577573707105	0.572740454326	0.599806669889	0.491058482359	0.483325277912	0.481875302078	0.4813919768	0.558724021266	0.584823586274	0.552440792653	0.579990333494	0.48622522958	0.547124214596
AE5	0.626389560174	0.526824552924	0.976317061382	0.630739487675	0.564523924601	0.544707588207	0.590623489609	0.554374093765	0.594490091832	0.524891251812	0.621072982117	0.517641372644	0.56935717738	0.875785403577	0.544224262929	0.577090381827	0.601256645723	0.607056549058	0.927017883035	0.765103914935	0.732721121315	0.678105364911	0.65973900435	0.65732237796	0.877718704688	0.657805703238	0.626389560174	0.633639439343	0.644755920735	0.65055582407	0.681488641856	0.628806186564	0.567423876269	0.587723537941	0.633156114065	0.569840502658	0.588690188497	0.528274528758	0.546640889319	0.0	0.358144030933	0.612373127115	0.580473658772	0.514258095698	0.632672788787	0.62735621073	0.65732237796	0.603673272112	0.638472692122	0.599806669889	0.622522957951	0.640405993233	0.537941034316	0.572740454326	0.600289995167	0.565490575157	0.559690671822	0.622522957951	0.577090381827	0.607056549058	0.578540357661	0.598840019333
AE6	0.591590140164	0.476075398743	0.976317061382	0.628806186564	0.557274045433	0.465442242629	0.576123731271	0.46979217013	0.522474625423	0.500241662639	0.533107781537	0.500241662639	0.519091348478	0.874335427743	0.553407443209	0.542774287095	0.539874335428	0.538424359594	0.936684388594	0.771387143548	0.677622039633	0.623489608507	0.610439826003	0.608023199613	0.898985016916	0.628806186564	0.550507491542	0.584823586274	0.602223296278	0.600773320445	0.646205896568	0.595456742388	0.498791686805	0.50700821653	0.607056549058	0.550024166264	0.520057999033	0.523441275979	0.420976317061	0.358144030933	0.0	0.651522474625	0.608989850169	0.473175447076	0.559207346544	0.547607539874	0.63653939101	0.580473658772	0.616239729338	0.584340260996	0.593523441276	0.61575640406	0.487675205413	0.509908168197	0.524891251812	0.500724987917	0.522474625423	0.594006766554	0.535041082649	0.583856935718	0.5186080232	0.573223779604
AF5	0.710971483809	0.640405993233	0.943450942484	0.681005316578	0.677622039633	0.678105364911	0.546640889319	0.645239246013	0.694055099082	0.597873368777	0.72692121798	0.63653939101	0.68293861769	0.852102464959	0.605606573224	0.684388593523	0.720154664089	0.727404543258	0.881585306912	0.739004349928	0.721121314645	0.678105364911	0.730304494925	0.725471242146	0.885935234413	0.688255195747	0.71290478492	0.69212179797	0.686321894635	0.681005316578	0.760270662156	0.723537941034	0.64813919768	0.673272112131	0.755437409377	0.682455292412	0.717254712421	0.494441759304	0.702754954084	0.612373127115	0.651522474625	0.0	0.302561623973	0.54857419043	0.732721121315	0.718704688255	0.776703721605	0.739971000483	0.766070565491	0.731271145481	0.741904301595	0.764620589657	0.695505074915	0.718704688255	0.736587723538	0.720154664089	0.687771870469	0.743354277429	0.695988400193	0.735137747704	0.718704688255	0.722087965201
AF6	0.699855002417	0.598356694055	0.934751087482	0.652005799903	0.65055582407	0.641855969067	0.532141130981	0.606089898502	0.655389076849	0.560657322378	0.686321894635	0.61333977767	0.653939101015	0.843885935234	0.559207346544	0.64813919768	0.68970517158	0.695988400193	0.877718704688	0.732721121315	0.707104881585	0.661672305462	0.69453842436	0.690188496858	0.873852102465	0.662638956017	0.678588690188	0.653939101015	0.646205896568	0.646689221846	0.743354277429	0.695988400193	0.608506524891	0.636056065732	0.729337844369	0.647655872402	0.671822136298	0.449492508458	0.662155630739	0.580473658772	0.608989850169	0.302561623973	0.0	0.51377477042	0.695988400193	0.676655389077	0.759787336878	0.710004833253	0.736587723538	0.697921701305	0.699371677139	0.731754470759	0.665055582407	0.6805219913	0.698405026583	0.678105364911	0.637022716288	0.713388110198	0.647655872402	0.694055099082	0.681971967134	0.686321894635
