	AA3	AA4	AB3	AB4	AC3	AC4	AD3	AD4	AE3	AE4	AF3	AF4	AG3	AG4	AH3	AH4	AA7	AA8	AB7	AB8	AC7	AC8	AD7	AD8	AE7	AE8	AF7	AF8	AG7	AG8	AH7	AH8	AA5	AA6	AB5	AB6	AC5	AC6	AD6	AE5	AE6	AF5	AF6	AG5	AH5	AH6	AA1	AA2	AB1	AB2	AC1	AC2	AD1	AD2	AE1	AE2	AF1	AF2	AG1	AG2	AH1	AH2
AA3	0.0	0.501208313195	0.937651039149	0.647655872402	0.661672305462	0.598840019333	0.685838569357	0.579023682939	0.580473658772	0.619623006283	0.624456259062	0.609956500725	0.579507008217	0.845335911068	0.65055582407	0.329627839536	0.568390526825	0.588690188497	0.85886901885	0.725954567424	0.633156114065	0.584823586274	0.599806669889	0.598356694055	0.834219429676	0.582406959884	0.572257129048	0.570323827936	0.587240212663	0.582406959884	0.597390043499	0.559207346544	0.595456742388	0.610439826003	0.743354277429	0.695021749638	0.613823102948	0.625906234896	0.595940067666	0.621556307395	0.604639922668	0.708071532141	0.683421942968	0.616723054616	0.623489608507	0.617206379894	0.675205413243	0.643305944901	0.710971483809	0.653455775737	0.649589173514	0.662155630739	0.575157080715	0.565007249879	0.577090381827	0.554857419043	0.572740454326	0.652489125181	0.580473658772	0.660705654906	0.573223779604	0.635089415176
AA4	0.501208313195	0.0	0.95360077332	0.588206863219	0.58095698405	0.500241662639	0.60657322378	0.479942000967	0.511358144031	0.508458192363	0.563557274045	0.53697438376	0.461092315128	0.859835669406	0.378927017883	0.369743837603	0.530691155147	0.53939101015	0.902368293862	0.754470758821	0.662155630739	0.575157080715	0.582890285162	0.579507008217	0.884968583857	0.625422909618	0.544224262929	0.540840985984	0.591590140164	0.60657322378	0.631222812953	0.586756887385	0.505074915418	0.521507974867	0.662638956017	0.599323344611	0.560657322378	0.51619139681	0.519574673755	0.533591106815	0.468825519575	0.635089415176	0.602223296278	0.507491541808	0.570807153214	0.55775737071	0.633156114065	0.569840502658	0.627839536008	0.585306911551	0.593523441276	0.619139681005	0.519574673755	0.513291445143	0.509908168197	0.508941517641	0.493475108748	0.607056549058	0.51377477042	0.584823586274	0.498791686805	0.561140647656
AB3	0.937651039149	0.95360077332	0.0	0.681488641856	0.9212179797	0.95601739971	0.954084098598	0.940550990817	0.933784436926	0.94683421943	0.969067182214	0.939101014983	0.965683905268	0.336877718705	0.9584340261	0.941034316095	0.971000483325	0.969067182214	0.732237796037	0.745770903818	0.890768487192	0.915901401643	0.957467375544	0.949734171097	0.851619139681	0.886418559691	0.942967617206	0.929917834703	0.843885935234	0.843885935234	0.953117448043	0.950700821653	0.957950700822	0.962783953601	0.973417109715	0.964717254712	0.974867085549	0.956500724988	0.974383760271	0.972450459159	0.972933784437	0.940067665539	0.927501208313	0.948284195263	0.974383760271	0.969550507492	0.974383760271	0.971967133881	0.972933784437	0.972933784437	0.971967133881	0.969550507492	0.973900434993	0.973417109715	0.977283711938	0.973900434993	0.973417109715	0.971000483325	0.971483808603	0.973900434993	0.974383760271	0.972933784437
AB4	0.647655872402	0.588206863219	0.681488641856	0.0	0.639922667956	0.625906234896	0.697438376027	0.631222812953	0.625906234896	0.630739487675	0.663605606573	0.623489608507	0.492025132914	0.564523924601	0.611889801837	0.599323344611	0.645239246013	0.650072498792	0.710004833253	0.572257129048	0.679072015466	0.6389560174	0.667955534074	0.665055582407	0.783470275495	0.639439342678	0.658289028516	0.645239246013	0.564523924601	0.586273562107	0.702271628806	0.659255679072	0.65055582407	0.664572257129	0.72450459159	0.680038666022	0.663122281295	0.652972450459	0.643789270179	0.644272595457	0.628806186564	0.681005316578	0.660705654906	0.632672788787	0.693571773804	0.684871918801	0.688738521025	0.656839052682	0.689221846303	0.660705654906	0.665538907685	0.667955534074	0.629772837119	0.65055582407	0.655389076849	0.643305944901	0.649589173514	0.663605606573	0.644755920735	0.664088931851	0.646689221846	0.666505558241
AC3	0.661672305462	0.58095698405	0.9212179797	0.639922667956	0.0	0.482358627356	0.662638956017	0.548090865152	0.569840502658	0.598840019333	0.608506524891	0.324794586757	0.614789753504	0.831319478009	0.597390043499	0.603189946834	0.632189463509	0.603189946834	0.869502174964	0.757854035766	0.742387626873	0.685838569357	0.732721121315	0.722087965201	0.832286128565	0.686321894635	0.662638956017	0.675205413243	0.669405509908	0.693088448526	0.711938134364	0.676655389077	0.610923151281	0.625422909618	0.619139681005	0.579507008217	0.624456259062	0.605123247946	0.591106814886	0.568873852102	0.549540840986	0.669405509908	0.659255679072	0.57177380377	0.64572257129	0.633156114065	0.584340260996	0.573223779604	0.575157080715	0.559207346544	0.587240212663	0.585790236829	0.546640889319	0.566940550991	0.57177380377	0.569840502658	0.598840019333	0.573223779604	0.614306428226	0.578057032383	0.627839536008	0.588690188497
AC4	0.598840019333	0.500241662639	0.95601739971	0.625906234896	0.482358627356	0.0	0.634606089899	0.412276462059	0.43064282262	0.532624456259	0.355244079265	0.410826486225	0.498791686805	0.862735621073	0.574190430159	0.524891251812	0.502658289029	0.481875302078	0.928951184147	0.776703721605	0.621556307395	0.555824069599	0.551957467376	0.538424359594	0.898501691638	0.601739971	0.507491541808	0.519091348478	0.543740937651	0.578057032383	0.591590140164	0.53697438376	0.473175447076	0.480425326245	0.626872885452	0.567423876269	0.482841952634	0.511358144031	0.425809569841	0.557274045433	0.489608506525	0.678105364911	0.646689221846	0.511358144031	0.508941517641	0.482358627356	0.62493958434	0.559207346544	0.590623489609	0.55775737071	0.575157080715	0.599806669889	0.49299178347	0.482841952634	0.519091348478	0.485258579024	0.539874335428	0.594490091832	0.553407443209	0.560657322378	0.488158530691	0.555824069599
AD3	0.685838569357	0.60657322378	0.954084098598	0.697438376027	0.662638956017	0.634606089899	0.0	0.5601739971	0.649589173514	0.365393910101	0.686805219913	0.613823102948	0.649589173514	0.866118898018	0.590140164331	0.652972450459	0.697921701305	0.694055099082	0.936201063316	0.794103431609	0.728854519091	0.704688255196	0.702754954084	0.699371677139	0.913001449976	0.694055099082	0.701788303528	0.699855002417	0.702271628806	0.695988400193	0.725954567424	0.696955050749	0.64572257129	0.670855485742	0.740937651039	0.667472208797	0.686321894635	0.541807636539	0.643305944901	0.58337361044	0.584340260996	0.557274045433	0.534074432093	0.565973900435	0.704204929918	0.69212179797	0.762687288545	0.702271628806	0.740454325761	0.699855002417	0.719671338811	0.740454325761	0.663122281295	0.678588690188	0.681005316578	0.666022232963	0.637022716288	0.726437892702	0.646689221846	0.713871435476	0.698405026583	0.705654905752
AD4	0.579023682939	0.479942000967	0.940550990817	0.631222812953	0.548090865152	0.412276462059	0.5601739971	0.0	0.301111648139	0.439342677622	0.427742870952	0.48380860319	0.498308361527	0.853552440793	0.554857419043	0.510874818753	0.467375543741	0.442725954567	0.930884485259	0.774287095215	0.578540357661	0.493475108748	0.507974867086	0.492508458192	0.903818269696	0.607056549058	0.444659255679	0.464475592073	0.493475108748	0.549057515708	0.551957467376	0.507491541808	0.402126631223	0.449492508458	0.633639439343	0.554374093765	0.432092798453	0.483325277912	0.398743354277	0.56259062349	0.468825519575	0.657805703238	0.616239729338	0.4813919768	0.479942000967	0.454809086515	0.638472692122	0.576123731271	0.618173030449	0.586273562107	0.593523441276	0.619139681005	0.502174963751	0.478492025133	0.505074915418	0.481875302078	0.5186080232	0.605123247946	0.529724504592	0.594490091832	0.49299178347	0.571290478492
AE3	0.580473658772	0.511358144031	0.933784436926	0.625906234896	0.569840502658	0.43064282262	0.649589173514	0.301111648139	0.0	0.519091348478	0.410826486225	0.512808119865	0.503624939584	0.846302561624	0.568873852102	0.519574673755	0.475108748188	0.449975833736	0.927501208313	0.773320444659	0.5601739971	0.487675205413	0.505074915418	0.491541807637	0.894635089415	0.599806669889	0.457709038183	0.473175447076	0.492025132914	0.546640889319	0.55775737071	0.5186080232	0.412759787337	0.461575640406	0.649589173514	0.582890285162	0.443209279845	0.521024649589	0.419526341228	0.608023199613	0.523441275979	0.688255195747	0.649589173514	0.510391493475	0.48622522958	0.459159014016	0.653455775737	0.595456742388	0.632672788787	0.596906718221	0.602223296278	0.63653939101	0.521991300145	0.504108264862	0.53020782987	0.505074915418	0.547607539874	0.62493958434	0.555340744321	0.601739971	0.495891735138	0.589656839053
AE4	0.619623006283	0.508458192363	0.94683421943	0.630739487675	0.598840019333	0.532624456259	0.365393910101	0.439342677622	0.519091348478	0.0	0.580473658772	0.550024166264	0.555340744321	0.857419043016	0.535041082649	0.553890768487	0.594490091832	0.593523441276	0.934267762204	0.783953600773	0.665055582407	0.600773320445	0.615273078782	0.597873368777	0.899951667472	0.630256162397	0.592073465442	0.588690188497	0.594006766554	0.60657322378	0.651039149348	0.607056549058	0.536007733204	0.561140647656	0.682455292412	0.608023199613	0.581923634606	0.467858869019	0.542774287095	0.521991300145	0.499758337361	0.578540357661	0.543257612373	0.500241662639	0.606089898502	0.596423392943	0.710488158531	0.646205896568	0.695988400193	0.653455775737	0.666022232963	0.684871918801	0.59255679072	0.578540357661	0.601739971	0.580473658772	0.5601739971	0.679072015466	0.574673755437	0.666988883519	0.59255679072	0.646689221846
AF3	0.624456259062	0.563557274045	0.969067182214	0.663605606573	0.608506524891	0.355244079265	0.686805219913	0.427742870952	0.410826486225	0.580473658772	0.0	0.524407926535	0.534074432093	0.87723537941	0.624456259062	0.566457225713	0.463508941518	0.446109231513	0.954567423876	0.805219913001	0.598356694055	0.549057515708	0.465442242629	0.45142580957	0.920251329145	0.626872885452	0.447075882069	0.490091831803	0.529241179314	0.594006766554	0.534557757371	0.50459159014	0.436442725955	0.496858385694	0.655872402127	0.605606573224	0.407926534558	0.544707588207	0.433059449009	0.619623006283	0.545190913485	0.715804736588	0.689221846303	0.543257612373	0.500241662639	0.468342194297	0.658289028516	0.59497341711	0.644272595457	0.596906718221	0.60657322378	0.634606089899	0.537941034316	0.506041565974	0.543257612373	0.516674722088	0.582406959884	0.628806186564	0.584823586274	0.594490091832	0.515224746254	0.589173513775
AF4	0.609956500725	0.53697438376	0.939101014983	0.623489608507	0.324794586757	0.410826486225	0.613823102948	0.48380860319	0.512808119865	0.550024166264	0.524407926535	0.0	0.561140647656	0.840985983567	0.562107298212	0.54857419043	0.583856935718	0.551474142098	0.883518608023	0.740454325761	0.714838086032	0.643789270179	0.675205413243	0.661188980184	0.850169163847	0.643789270179	0.608989850169	0.622039632673	0.631706138231	0.654905751571	0.665055582407	0.622039632673	0.551474142098	0.57177380377	0.604639922668	0.539874335428	0.56935717738	0.54857419043	0.538907684872	0.521024649589	0.508458192363	0.631222812953	0.618656355727	0.516674722088	0.589173513775	0.577090381827	0.590140164331	0.535524407927	0.579990333494	0.533591106815	0.554374093765	0.577090381827	0.499758337361	0.517641372644	0.536007733204	0.524407926535	0.556307394877	0.563073948768	0.570807153214	0.544707588207	0.577090381827	0.551957467376
AG3	0.579507008217	0.461092315128	0.965683905268	0.492025132914	0.614789753504	0.498791686805	0.649589173514	0.498308361527	0.503624939584	0.555340744321	0.534074432093	0.561140647656	0.0	0.845819236346	0.523441275979	0.512324794587	0.498308361527	0.465925567907	0.925084581924	0.775253745771	0.664088931851	0.578540357661	0.585790236829	0.590623489609	0.885451909135	0.613823102948	0.524891251812	0.550024166264	0.589656839053	0.606089898502	0.622039632673	0.568873852102	0.507974867086	0.508458192363	0.657805703238	0.616723054616	0.529241179314	0.548090865152	0.50700821653	0.56935717738	0.499758337361	0.676172063799	0.639922667956	0.520057999033	0.549540840986	0.53697438376	0.619139681005	0.569840502658	0.624456259062	0.585306911551	0.586756887385	0.598356694055	0.50459159014	0.504108264862	0.520057999033	0.501208313195	0.538907684872	0.593523441276	0.54857419043	0.588690188497	0.502658289029	0.559690671822
AG4	0.845335911068	0.859835669406	0.336877718705	0.564523924601	0.831319478009	0.862735621073	0.866118898018	0.853552440793	0.846302561624	0.857419043016	0.87723537941	0.840985983567	0.845819236346	0.0	0.864668922185	0.842919284679	0.884485258579	0.881101981634	0.712421459642	0.663605606573	0.811503141614	0.828419526341	0.870952150797	0.86805219913	0.827452875785	0.807636539391	0.857419043016	0.845335911068	0.757370710488	0.749154180764	0.875785403577	0.860318994683	0.868535524408	0.872885451909	0.894635089415	0.880135331078	0.885451909135	0.862252295795	0.881101981634	0.879168680522	0.876752054132	0.852585790237	0.838086031899	0.860802319961	0.887385210246	0.882551957467	0.882551957467	0.881585306912	0.881101981634	0.8796520058	0.884485258579	0.879168680522	0.882551957467	0.880135331078	0.884968583857	0.882068632189	0.884968583857	0.883035282745	0.880135331078	0.881101981634	0.884485258579	0.883518608023
AH3	0.65055582407	0.378927017883	0.9584340261	0.611889801837	0.597390043499	0.574190430159	0.590140164331	0.554857419043	0.568873852102	0.535041082649	0.624456259062	0.562107298212	0.523441275979	0.864668922185	0.0	0.525857902368	0.598356694055	0.599806669889	0.923151280812	0.778637022716	0.717738037699	0.632672788787	0.644272595457	0.646205896568	0.898501691638	0.686321894635	0.624456259062	0.626872885452	0.656839052682	0.664572257129	0.686321894635	0.648622522958	0.54857419043	0.582406959884	0.705171580474	0.634122764621	0.634606089899	0.551474142098	0.601256645723	0.54857419043	0.537941034316	0.609473175447	0.582406959884	0.550507491542	0.637506041566	0.626389560174	0.700338327695	0.628322861286	0.665055582407	0.626872885452	0.648622522958	0.677138714355	0.598840019333	0.598840019333	0.593040115998	0.594490091832	0.565007249879	0.668438859352	0.563557274045	0.624456259062	0.593040115998	0.621556307395
AH4	0.329627839536	0.369743837603	0.941034316095	0.599323344611	0.603189946834	0.524891251812	0.652972450459	0.510874818753	0.519574673755	0.553890768487	0.566457225713	0.54857419043	0.512324794587	0.842919284679	0.525857902368	0.0	0.528274528758	0.537457709038	0.86805219913	0.730787820203	0.62735621073	0.555340744321	0.570323827936	0.572740454326	0.850652489125	0.58337361044	0.547607539874	0.540840985984	0.568873852102	0.577090381827	0.579507008217	0.539874335428	0.534557757371	0.551957467376	0.695988400193	0.639922667956	0.57177380377	0.573223779604	0.536491058482	0.573707104882	0.519091348478	0.677138714355	0.645239246013	0.551957467376	0.583856935718	0.572740454326	0.654422426293	0.603189946834	0.664572257129	0.608023199613	0.609956500725	0.640405993233	0.533591106815	0.509424842919	0.53020782987	0.502658289029	0.514741420976	0.623006283229	0.515708071532	0.619139681005	0.520541324311	0.603189946834
AA7	0.568390526825	0.530691155147	0.971000483325	0.645239246013	0.632189463509	0.502658289029	0.697921701305	0.467375543741	0.475108748188	0.594490091832	0.463508941518	0.583856935718	0.498308361527	0.884485258579	0.598356694055	0.528274528758	0.0	0.304494925085	0.91445142581	0.779120347994	0.594490091832	0.505558240696	0.489608506525	0.48380860319	0.869018849686	0.606089898502	0.449492508458	0.456742387627	0.524407926535	0.58337361044	0.519091348478	0.415659739004	0.433059449009	0.501208313195	0.710488158531	0.663605606573	0.470758820686	0.560657322378	0.481875302078	0.606089898502	0.53939101015	0.717254712421	0.686321894635	0.579990333494	0.536491058482	0.514258095698	0.660705654906	0.613823102948	0.678105364911	0.628806186564	0.610439826003	0.632672788787	0.520541324311	0.505558240696	0.542290961817	0.509424842919	0.529241179314	0.621072982117	0.539874335428	0.6389560174	0.491541807637	0.60657322378
AA8	0.588690188497	0.53939101015	0.969067182214	0.650072498792	0.603189946834	0.481875302078	0.694055099082	0.442725954567	0.449975833736	0.593523441276	0.446109231513	0.551474142098	0.465925567907	0.881101981634	0.599806669889	0.537457709038	0.304494925085	0.0	0.913484775254	0.773803769937	0.593040115998	0.498791686805	0.500241662639	0.499275012083	0.869018849686	0.602223296278	0.438376027066	0.457709038183	0.521507974867	0.569840502658	0.490575157081	0.394393426776	0.420492991783	0.478975350411	0.683421942968	0.638472692122	0.458675688739	0.560657322378	0.464958917351	0.601739971	0.524891251812	0.718704688255	0.684871918801	0.549540840986	0.51377477042	0.490575157081	0.647655872402	0.586273562107	0.65732237796	0.603189946834	0.590140164331	0.618173030449	0.509424842919	0.480425326245	0.5186080232	0.491058482359	0.53697438376	0.610923151281	0.547124214596	0.608506524891	0.500241662639	0.582890285162
AB7	0.85886901885	0.902368293862	0.732237796037	0.710004833253	0.869502174964	0.928951184147	0.936201063316	0.930884485259	0.927501208313	0.934267762204	0.954567423876	0.883518608023	0.925084581924	0.712421459642	0.923151280812	0.86805219913	0.91445142581	0.913484775254	0.0	0.394876752054	0.810053165781	0.842435959401	0.926534557757	0.92363460609	0.73610439826	0.809086515225	0.889318511358	0.871435476075	0.743354277429	0.700338327695	0.880135331078	0.88883518608	0.925567907202	0.940067665539	0.939101014983	0.937167713871	0.951667472209	0.920251329145	0.947800869986	0.920734654422	0.926534557757	0.874335427743	0.877718704688	0.902368293862	0.960850652489	0.950217496375	0.924117931368	0.927984533591	0.931851135814	0.93281778637	0.927501208313	0.918318028033	0.916868052199	0.913001449976	0.913001449976	0.916384726921	0.916868052199	0.91445142581	0.916868052199	0.931367810536	0.94683421943	0.935717738038
AB8	0.725954567424	0.754470758821	0.745770903818	0.572257129048	0.757854035766	0.776703721605	0.794103431609	0.774287095215	0.773320444659	0.783953600773	0.805219913001	0.740454325761	0.775253745771	0.663605606573	0.778637022716	0.730787820203	0.779120347994	0.773803769937	0.394876752054	0.0	0.669888835186	0.688738521025	0.764620589657	0.766070565491	0.742387626873	0.66892218463	0.726437892702	0.710971483809	0.574190430159	0.549057515708	0.753020782987	0.746254229096	0.775253745771	0.785403576607	0.817303044949	0.785886901885	0.797486708555	0.767037216046	0.788303528275	0.771870468826	0.767520541324	0.744320927985	0.739487675205	0.74770420493	0.804736587724	0.797486708555	0.824552924118	0.778153697438	0.806669888835	0.784436926051	0.788786853552	0.797486708555	0.778637022716	0.775253745771	0.77767037216	0.777187046883	0.769453842436	0.794103431609	0.771387143548	0.783470275495	0.788786853552	0.779120347994
AC7	0.633156114065	0.662155630739	0.890768487192	0.679072015466	0.742387626873	0.621556307395	0.728854519091	0.578540357661	0.5601739971	0.665055582407	0.598356694055	0.714838086032	0.664088931851	0.811503141614	0.717738037699	0.62735621073	0.594490091832	0.593040115998	0.810053165781	0.669888835186	0.0	0.382310294828	0.573223779604	0.57177380377	0.822619623006	0.590623489609	0.549540840986	0.515708071532	0.478492025133	0.497825036249	0.569840502658	0.551474142098	0.559207346544	0.611406476559	0.813919768004	0.757854035766	0.62735621073	0.63653939101	0.607539874335	0.731271145481	0.679555340744	0.721121314645	0.70372160464	0.65055582407	0.637506041566	0.60657322378	0.826002899952	0.764137264379	0.805219913001	0.773320444659	0.762203963267	0.795070082165	0.694055099082	0.666505558241	0.694055099082	0.668438859352	0.682455292412	0.788786853552	0.6805219913	0.769453842436	0.621072982117	0.749637506042
AC8	0.584823586274	0.575157080715	0.915901401643	0.6389560174	0.685838569357	0.555824069599	0.704688255196	0.493475108748	0.487675205413	0.600773320445	0.549057515708	0.643789270179	0.578540357661	0.828419526341	0.632672788787	0.555340744321	0.505558240696	0.498791686805	0.842435959401	0.688738521025	0.382310294828	0.0	0.500724987917	0.500724987917	0.850169163847	0.568873852102	0.394876752054	0.383276945384	0.428709521508	0.477525374577	0.519574673755	0.487675205413	0.479458675689	0.522957950701	0.731754470759	0.6805219913	0.541807636539	0.568390526825	0.539874335428	0.652972450459	0.594006766554	0.676172063799	0.647655872402	0.585790236829	0.567907201547	0.529241179314	0.741420976317	0.672305461576	0.730787820203	0.697921701305	0.678588690188	0.707588206863	0.608023199613	0.578540357661	0.60415659739	0.58095698405	0.595940067666	0.702754954084	0.595940067666	0.692605123248	0.536491058482	0.657805703238
AD7	0.599806669889	0.582890285162	0.957467375544	0.667955534074	0.732721121315	0.551957467376	0.702754954084	0.507974867086	0.505074915418	0.615273078782	0.465442242629	0.675205413243	0.585790236829	0.870952150797	0.644272595457	0.570323827936	0.489608506525	0.500241662639	0.926534557757	0.764620589657	0.573223779604	0.500724987917	0.0	0.293861768971	0.892218463026	0.52537457709	0.43064282262	0.455775737071	0.505558240696	0.54857419043	0.500724987917	0.464475592073	0.488641855969	0.549540840986	0.750120831319	0.68970517158	0.507974867086	0.590140164331	0.528274528758	0.657805703238	0.608023199613	0.717738037699	0.688255195747	0.60657322378	0.574673755437	0.543257612373	0.749637506042	0.68293861769	0.738037699372	0.709038182697	0.685355244079	0.714838086032	0.620106331561	0.590623489609	0.614789753504	0.596423392943	0.600289995167	0.71290478492	0.603673272112	0.697438376027	0.556790720155	0.670372160464
AD8	0.598356694055	0.579507008217	0.949734171097	0.665055582407	0.722087965201	0.538424359594	0.699371677139	0.492508458192	0.491541807637	0.597873368777	0.45142580957	0.661188980184	0.590623489609	0.86805219913	0.646205896568	0.572740454326	0.48380860319	0.499275012083	0.92363460609	0.766070565491	0.57177380377	0.500724987917	0.293861768971	0.0	0.862252295795	0.500724987917	0.418559690672	0.449492508458	0.492025132914	0.545674238763	0.499758337361	0.472692121798	0.487191880135	0.551474142098	0.744804253262	0.679555340744	0.491058482359	0.579023682939	0.518124697922	0.644755920735	0.605606573224	0.725471242146	0.688255195747	0.597873368777	0.567423876269	0.537941034316	0.748670855486	0.675688738521	0.734654422426	0.702271628806	0.679555340744	0.710004833253	0.614789753504	0.58337361044	0.608506524891	0.589656839053	0.603189946834	0.705171580474	0.608023199613	0.695505074915	0.556790720155	0.665055582407
AE7	0.834219429676	0.884968583857	0.851619139681	0.783470275495	0.832286128565	0.898501691638	0.913001449976	0.903818269696	0.894635089415	0.899951667472	0.920251329145	0.850169163847	0.885451909135	0.827452875785	0.898501691638	0.850652489125	0.869018849686	0.869018849686	0.73610439826	0.742387626873	0.822619623006	0.850169163847	0.892218463026	0.862252295795	0.0	0.550024166264	0.868535524408	0.860318994683	0.77090381827	0.773803769937	0.838569357177	0.842919284679	0.897535041083	0.90961817303	0.927017883035	0.917834702755	0.921701304978	0.900918318028	0.916384726921	0.869985500242	0.897051715805	0.878202029966	0.868535524408	0.873368777187	0.936201063316	0.917351377477	0.892701788304	0.901884968584	0.912518124698	0.896085065249	0.906234896085	0.895601739971	0.890768487192	0.88883518608	0.905268245529	0.888351860802	0.900918318028	0.888351860802	0.896568390527	0.907201546641	0.913968100532	0.911068148864
AE8	0.582406959884	0.625422909618	0.886418559691	0.639439342678	0.686321894635	0.601739971	0.694055099082	0.607056549058	0.599806669889	0.630256162397	0.626872885452	0.643789270179	0.613823102948	0.807636539391	0.686321894635	0.58337361044	0.606089898502	0.602223296278	0.809086515225	0.66892218463	0.590623489609	0.568873852102	0.52537457709	0.500724987917	0.550024166264	0.0	0.576123731271	0.565490575157	0.520541324311	0.523441275979	0.593523441276	0.570323827936	0.608506524891	0.631222812953	0.757370710488	0.708554857419	0.636056065732	0.630739487675	0.616723054616	0.647655872402	0.637989366844	0.698888351861	0.65732237796	0.601739971	0.651039149348	0.629289511841	0.757370710488	0.693088448526	0.753020782987	0.702271628806	0.706138231029	0.735137747704	0.647172547124	0.620106331561	0.656839052682	0.622522957951	0.644755920735	0.720637989367	0.643789270179	0.708554857419	0.616723054616	0.690188496858
AF7	0.572257129048	0.544224262929	0.942967617206	0.658289028516	0.662638956017	0.507491541808	0.701788303528	0.444659255679	0.457709038183	0.592073465442	0.447075882069	0.608989850169	0.524891251812	0.857419043016	0.624456259062	0.547607539874	0.449492508458	0.438376027066	0.889318511358	0.726437892702	0.549540840986	0.394876752054	0.43064282262	0.418559690672	0.868535524408	0.576123731271	0.0	0.30787820203	0.468825519575	0.526824552924	0.479458675689	0.465925567907	0.428709521508	0.491058482359	0.685355244079	0.634606089899	0.454809086515	0.544224262929	0.484291928468	0.61575640406	0.541324311261	0.70130497825	0.662155630739	0.552440792653	0.526341227646	0.492025132914	0.673272112131	0.612373127115	0.679072015466	0.644272595457	0.621072982117	0.642822619623	0.558724021266	0.522957950701	0.547607539874	0.524407926535	0.546640889319	0.633639439343	0.550024166264	0.643789270179	0.49299178347	0.602223296278
AF8	0.570323827936	0.540840985984	0.929917834703	0.645239246013	0.675205413243	0.519091348478	0.699855002417	0.464475592073	0.473175447076	0.588690188497	0.490091831803	0.622039632673	0.550024166264	0.845335911068	0.626872885452	0.540840985984	0.456742387627	0.457709038183	0.871435476075	0.710971483809	0.515708071532	0.383276945384	0.455775737071	0.449492508458	0.860318994683	0.565490575157	0.30787820203	0.0	0.445625906235	0.499758337361	0.50459159014	0.455292411793	0.439342677622	0.510874818753	0.705171580474	0.656355727405	0.482358627356	0.53939101015	0.499275012083	0.608989850169	0.54857419043	0.679555340744	0.642339294345	0.546157564041	0.543257612373	0.51377477042	0.681488641856	0.620106331561	0.692605123248	0.654905751571	0.633639439343	0.65055582407	0.567907201547	0.529241179314	0.554374093765	0.535041082649	0.540357660706	0.64813919768	0.537457709038	0.65732237796	0.485258579024	0.610923151281
AG7	0.587240212663	0.591590140164	0.843885935234	0.564523924601	0.669405509908	0.543740937651	0.702271628806	0.493475108748	0.492025132914	0.594006766554	0.529241179314	0.631706138231	0.589656839053	0.757370710488	0.656839052682	0.568873852102	0.524407926535	0.521507974867	0.743354277429	0.574190430159	0.478492025133	0.428709521508	0.505558240696	0.492025132914	0.77090381827	0.520541324311	0.468825519575	0.445625906235	0.0	0.303528274529	0.547607539874	0.511841469309	0.501691638473	0.552440792653	0.737554374094	0.671822136298	0.526824552924	0.558240695988	0.53020782987	0.633156114065	0.599806669889	0.67133881102	0.625906234896	0.555824069599	0.584340260996	0.553890768487	0.733204446593	0.661188980184	0.714354760754	0.683905268246	0.664572257129	0.698405026583	0.612373127115	0.586756887385	0.620589656839	0.592073465442	0.616723054616	0.695505074915	0.615273078782	0.678105364911	0.563557274045	0.652489125181
AG8	0.582406959884	0.60657322378	0.843885935234	0.586273562107	0.693088448526	0.578057032383	0.695988400193	0.549057515708	0.546640889319	0.60657322378	0.594006766554	0.654905751571	0.606089898502	0.749154180764	0.664572257129	0.577090381827	0.58337361044	0.569840502658	0.700338327695	0.549057515708	0.497825036249	0.477525374577	0.54857419043	0.545674238763	0.773803769937	0.523441275979	0.526824552924	0.499758337361	0.303528274529	0.0	0.56935717738	0.545190913485	0.559690671822	0.579990333494	0.763170613823	0.698405026583	0.582890285162	0.570807153214	0.577573707105	0.652005799903	0.617206379894	0.676172063799	0.643305944901	0.582890285162	0.611406476559	0.595940067666	0.761237312711	0.684388593523	0.737071048816	0.707104881585	0.696955050749	0.725471242146	0.626389560174	0.607056549058	0.632672788787	0.618173030449	0.629289511841	0.717738037699	0.639439342678	0.695021749638	0.592073465442	0.67133881102
AH7	0.597390043499	0.631222812953	0.953117448043	0.702271628806	0.711938134364	0.591590140164	0.725954567424	0.551957467376	0.55775737071	0.651039149348	0.534557757371	0.665055582407	0.622039632673	0.875785403577	0.686321894635	0.579507008217	0.519091348478	0.490575157081	0.880135331078	0.753020782987	0.569840502658	0.519574673755	0.500724987917	0.499758337361	0.838569357177	0.593523441276	0.479458675689	0.50459159014	0.547607539874	0.56935717738	0.0	0.318994683422	0.561140647656	0.618656355727	0.775737071049	0.734654422426	0.55099081682	0.640405993233	0.593040115998	0.675205413243	0.644272595457	0.765587240213	0.736587723538	0.655872402127	0.637506041566	0.609956500725	0.765587240213	0.717254712421	0.766070565491	0.718221362977	0.714354760754	0.739971000483	0.634606089899	0.611406476559	0.633639439343	0.614789753504	0.630739487675	0.724987916868	0.62735621073	0.720154664089	0.607539874335	0.707588206863
AH8	0.559207346544	0.586756887385	0.950700821653	0.659255679072	0.676655389077	0.53697438376	0.696955050749	0.507491541808	0.5186080232	0.607056549058	0.50459159014	0.622039632673	0.568873852102	0.860318994683	0.648622522958	0.539874335428	0.415659739004	0.394393426776	0.88883518608	0.746254229096	0.551474142098	0.487675205413	0.464475592073	0.472692121798	0.842919284679	0.570323827936	0.465925567907	0.455292411793	0.511841469309	0.545190913485	0.318994683422	0.0	0.499275012083	0.563073948768	0.74528757854	0.69212179797	0.509424842919	0.581923634606	0.533107781537	0.627839536008	0.595456742388	0.713871435476	0.681488641856	0.608023199613	0.58337361044	0.555340744321	0.710971483809	0.664088931851	0.724987916868	0.672788786854	0.660705654906	0.679555340744	0.577573707105	0.556307394877	0.589173513775	0.557274045433	0.579507008217	0.670372160464	0.579507008217	0.679555340744	0.551474142098	0.654422426293
AA5	0.595456742388	0.505074915418	0.957950700822	0.65055582407	0.610923151281	0.473175447076	0.64572257129	0.402126631223	0.412759787337	0.536007733204	0.436442725955	0.551474142098	0.507974867086	0.868535524408	0.54857419043	0.534557757371	0.433059449009	0.420492991783	0.925567907202	0.775253745771	0.559207346544	0.479458675689	0.488641855969	0.487191880135	0.897535041083	0.608506524891	0.428709521508	0.439342677622	0.501691638473	0.559690671822	0.561140647656	0.499275012083	0.0	0.352827452876	0.670372160464	0.591106814886	0.468825519575	0.466892218463	0.449975833736	0.555824069599	0.4813919768	0.631222812953	0.593523441276	0.47462542291	0.512324794587	0.465442242629	0.694055099082	0.630256162397	0.665538907685	0.635572740454	0.642822619623	0.670855485742	0.537941034316	0.532141130981	0.568390526825	0.534557757371	0.535041082649	0.663122281295	0.55099081682	0.634122764621	0.500724987917	0.621072982117
AA6	0.610439826003	0.521507974867	0.962783953601	0.664572257129	0.625422909618	0.480425326245	0.670855485742	0.449492508458	0.461575640406	0.561140647656	0.496858385694	0.57177380377	0.508458192363	0.872885451909	0.582406959884	0.551957467376	0.501208313195	0.478975350411	0.940067665539	0.785403576607	0.611406476559	0.522957950701	0.549540840986	0.551474142098	0.90961817303	0.631222812953	0.491058482359	0.510874818753	0.552440792653	0.579990333494	0.618656355727	0.563073948768	0.352827452876	0.0	0.656839052682	0.573223779604	0.506041565974	0.496858385694	0.473658772354	0.588206863219	0.506041565974	0.663122281295	0.628322861286	0.508458192363	0.444175930401	0.408893185114	0.677622039633	0.61575640406	0.65055582407	0.623489608507	0.627839536008	0.655872402127	0.53020782987	0.516674722088	0.549540840986	0.52537457709	0.541807636539	0.64813919768	0.562107298212	0.625422909618	0.521991300145	0.608989850169
AB5	0.743354277429	0.662638956017	0.973417109715	0.72450459159	0.619139681005	0.626872885452	0.740937651039	0.633639439343	0.649589173514	0.682455292412	0.655872402127	0.604639922668	0.657805703238	0.894635089415	0.705171580474	0.695988400193	0.710488158531	0.683421942968	0.939101014983	0.817303044949	0.813919768004	0.731754470759	0.750120831319	0.744804253262	0.927017883035	0.757370710488	0.685355244079	0.705171580474	0.737554374094	0.763170613823	0.775737071049	0.74528757854	0.670372160464	0.656839052682	0.0	0.3194780087	0.618173030449	0.664572257129	0.633639439343	0.62735621073	0.612373127115	0.732721121315	0.723054615756	0.629772837119	0.620589656839	0.610439826003	0.612856452392	0.599323344611	0.617206379894	0.585306911551	0.609956500725	0.608506524891	0.582406959884	0.601256645723	0.60415659739	0.617206379894	0.655872402127	0.590140164331	0.653939101015	0.600773320445	0.677138714355	0.608989850169
AB6	0.695021749638	0.599323344611	0.964717254712	0.680038666022	0.579507008217	0.567423876269	0.667472208797	0.554374093765	0.582890285162	0.608023199613	0.605606573224	0.539874335428	0.616723054616	0.880135331078	0.634122764621	0.639922667956	0.663605606573	0.638472692122	0.937167713871	0.785886901885	0.757854035766	0.6805219913	0.68970517158	0.679555340744	0.917834702755	0.708554857419	0.634606089899	0.656355727405	0.671822136298	0.698405026583	0.734654422426	0.69212179797	0.591106814886	0.573223779604	0.3194780087	0.0	0.574190430159	0.591590140164	0.578057032383	0.562107298212	0.543740937651	0.665055582407	0.645239246013	0.53697438376	0.563557274045	0.544224262929	0.601739971	0.546157564041	0.590140164331	0.547124214596	0.562107298212	0.585790236829	0.534557757371	0.566457225713	0.565007249879	0.578540357661	0.600773320445	0.567423876269	0.60657322378	0.559207346544	0.635572740454	0.556307394877
AC5	0.613823102948	0.560657322378	0.974867085549	0.663122281295	0.624456259062	0.482841952634	0.686321894635	0.432092798453	0.443209279845	0.581923634606	0.407926534558	0.56935717738	0.529241179314	0.885451909135	0.634606089899	0.57177380377	0.470758820686	0.458675688739	0.951667472209	0.797486708555	0.62735621073	0.541807636539	0.507974867086	0.491058482359	0.921701304978	0.636056065732	0.454809086515	0.482358627356	0.526824552924	0.582890285162	0.55099081682	0.509424842919	0.468825519575	0.506041565974	0.618173030449	0.574190430159	0.0	0.454325761237	0.436442725955	0.585306911551	0.537941034316	0.71532141131	0.656355727405	0.536491058482	0.476075398743	0.458675688739	0.601739971	0.558724021266	0.617689705172	0.564040599323	0.567423876269	0.585306911551	0.496375060416	0.468825519575	0.50459159014	0.489125181247	0.566457225713	0.574673755437	0.574673755437	0.560657322378	0.525857902368	0.544224262929
AC6	0.625906234896	0.51619139681	0.956500724988	0.652972450459	0.605123247946	0.511358144031	0.541807636539	0.483325277912	0.521024649589	0.467858869019	0.544707588207	0.54857419043	0.548090865152	0.862252295795	0.551474142098	0.573223779604	0.560657322378	0.560657322378	0.920251329145	0.767037216046	0.63653939101	0.568390526825	0.590140164331	0.579023682939	0.900918318028	0.630739487675	0.544224262929	0.53939101015	0.558240695988	0.570807153214	0.640405993233	0.581923634606	0.466892218463	0.496858385694	0.664572257129	0.591590140164	0.454325761237	0.0	0.520541324311	0.51377477042	0.514258095698	0.492025132914	0.449492508458	0.440309328178	0.563557274045	0.536491058482	0.686321894635	0.62735621073	0.667955534074	0.621072982117	0.647172547124	0.672788786854	0.58337361044	0.565490575157	0.59255679072	0.575640405993	0.554857419043	0.654422426293	0.568873852102	0.62493958434	0.55775737071	0.628806186564
AD6	0.595940067666	0.519574673755	0.974383760271	0.643789270179	0.591106814886	0.425809569841	0.643305944901	0.398743354277	0.419526341228	0.542774287095	0.433059449009	0.538907684872	0.50700821653	0.881101981634	0.601256645723	0.536491058482	0.481875302078	0.464958917351	0.947800869986	0.788303528275	0.607539874335	0.539874335428	0.528274528758	0.518124697922	0.916384726921	0.616723054616	0.484291928468	0.499275012083	0.53020782987	0.577573707105	0.593040115998	0.533107781537	0.449975833736	0.473658772354	0.633639439343	0.578057032383	0.436442725955	0.520541324311	0.0	0.547607539874	0.419526341228	0.697438376027	0.661672305462	0.526824552924	0.475108748188	0.448042532624	0.618173030449	0.559690671822	0.606089898502	0.558724021266	0.57177380377	0.596906718221	0.484291928468	0.457709038183	0.490575157081	0.462542290962	0.544224262929	0.594490091832	0.554857419043	0.567423876269	0.477525374577	0.555340744321
AE5	0.621556307395	0.533591106815	0.972450459159	0.644272595457	0.568873852102	0.557274045433	0.58337361044	0.56259062349	0.608023199613	0.521991300145	0.619623006283	0.521024649589	0.56935717738	0.879168680522	0.54857419043	0.573707104882	0.606089898502	0.601739971	0.920734654422	0.771870468826	0.731271145481	0.652972450459	0.657805703238	0.644755920735	0.869985500242	0.647655872402	0.61575640406	0.608989850169	0.633156114065	0.652005799903	0.675205413243	0.627839536008	0.555824069599	0.588206863219	0.62735621073	0.562107298212	0.585306911551	0.51377477042	0.547607539874	0.0	0.367810536491	0.599323344611	0.566940550991	0.497825036249	0.626872885452	0.620106331561	0.644272595457	0.596906718221	0.634606089899	0.58337361044	0.61575640406	0.635089415176	0.538424359594	0.565973900435	0.581440309328	0.551957467376	0.544707588207	0.611406476559	0.556307394877	0.593523441276	0.575157080715	0.598840019333
AE6	0.604639922668	0.468825519575	0.972933784437	0.628806186564	0.549540840986	0.489608506525	0.584340260996	0.468825519575	0.523441275979	0.499758337361	0.545190913485	0.508458192363	0.499758337361	0.876752054132	0.537941034316	0.519091348478	0.53939101015	0.524891251812	0.926534557757	0.767520541324	0.679555340744	0.594006766554	0.608023199613	0.605606573224	0.897051715805	0.637989366844	0.541324311261	0.54857419043	0.599806669889	0.617206379894	0.644272595457	0.595456742388	0.4813919768	0.506041565974	0.612373127115	0.543740937651	0.537941034316	0.514258095698	0.419526341228	0.367810536491	0.0	0.634606089899	0.597390043499	0.482841952634	0.54857419043	0.535041082649	0.620106331561	0.563073948768	0.597873368777	0.558724021266	0.584823586274	0.605606573224	0.491058482359	0.487675205413	0.500724987917	0.477525374577	0.506041565974	0.595456742388	0.514258095698	0.576123731271	0.505074915418	0.564523924601
AF5	0.708071532141	0.635089415176	0.940067665539	0.681005316578	0.669405509908	0.678105364911	0.557274045433	0.657805703238	0.688255195747	0.578540357661	0.715804736588	0.631222812953	0.676172063799	0.852585790237	0.609473175447	0.677138714355	0.717254712421	0.718704688255	0.874335427743	0.744320927985	0.721121314645	0.676172063799	0.717738037699	0.725471242146	0.878202029966	0.698888351861	0.70130497825	0.679555340744	0.67133881102	0.676172063799	0.765587240213	0.713871435476	0.631222812953	0.663122281295	0.732721121315	0.665055582407	0.71532141131	0.492025132914	0.697438376027	0.599323344611	0.634606089899	0.0	0.279362010633	0.537457709038	0.723537941034	0.710004833253	0.753020782987	0.708071532141	0.73852102465	0.698888351861	0.72450459159	0.748187530208	0.696471725471	0.716288061866	0.721604639923	0.710004833253	0.672305461576	0.73852102465	0.679072015466	0.701788303528	0.711938134364	0.718704688255
AF6	0.683421942968	0.602223296278	0.927501208313	0.660705654906	0.659255679072	0.646689221846	0.534074432093	0.616239729338	0.649589173514	0.543257612373	0.689221846303	0.618656355727	0.639922667956	0.838086031899	0.582406959884	0.645239246013	0.686321894635	0.684871918801	0.877718704688	0.739487675205	0.70372160464	0.647655872402	0.688255195747	0.688255195747	0.868535524408	0.65732237796	0.662155630739	0.642339294345	0.625906234896	0.643305944901	0.736587723538	0.681488641856	0.593523441276	0.628322861286	0.723054615756	0.645239246013	0.656355727405	0.449492508458	0.661672305462	0.566940550991	0.597390043499	0.279362010633	0.0	0.507491541808	0.686321894635	0.673755437409	0.748670855486	0.702271628806	0.726437892702	0.681005316578	0.709521507975	0.735621072982	0.661188980184	0.684871918801	0.689221846303	0.678105364911	0.631706138231	0.719671338811	0.640405993233	0.686805219913	0.675688738521	0.692605123248
