	AA3	AA4	AB3	AB4	AC3	AC4	AD3	AD4	AE3	AE4	AF3	AF4	AG3	AG4	AH3	AH4	AA7	AA8	AB7	AB8	AC7	AC8	AD7	AD8	AE7	AE8	AF7	AF8	AG7	AG8	AH7	AH8	AA5	AA6	AB5	AB6	AC5	AC6	AD6	AE5	AE6	AF5	AF6	AG5	AH5	AH6	AA1	AA2	AB1	AB2	AC1	AC2	AD1	AD2	AE1	AE2	AF1	AF2	AG1	AG2	AH1	AH2
AA3	0.0	0.484291928468	0.929434509425	0.634122764621	0.666505558241	0.583856935718	0.685838569357	0.576607056549	0.573707104882	0.62735621073	0.61333977767	0.611889801837	0.587723537941	0.845819236346	0.649589173514	0.334461092315	0.579507008217	0.574190430159	0.866602223296	0.723054615756	0.594490091832	0.568873852102	0.581923634606	0.574190430159	0.827936201063	0.595456742388	0.571290478492	0.555824069599	0.581440309328	0.591590140164	0.590140164331	0.56259062349	0.586273562107	0.598356694055	0.749637506042	0.686805219913	0.620106331561	0.628806186564	0.605123247946	0.610439826003	0.608506524891	0.730787820203	0.714354760754	0.619623006283	0.635572740454	0.614306428226	0.696955050749	0.645239246013	0.717254712421	0.678588690188	0.644272595457	0.677622039633	0.589173513775	0.561623972934	0.579023682939	0.573707104882	0.576607056549	0.665538907685	0.582406959884	0.673272112131	0.56935717738	0.65732237796
AA4	0.484291928468	0.0	0.943934267762	0.572740454326	0.573223779604	0.487191880135	0.607539874335	0.488158530691	0.505074915418	0.516674722088	0.565007249879	0.497825036249	0.479942000967	0.855002416626	0.394393426776	0.359110681489	0.536007733204	0.538907684872	0.884001933301	0.719188013533	0.650072498792	0.56935717738	0.575157080715	0.575157080715	0.868535524408	0.60657322378	0.544707588207	0.553407443209	0.595940067666	0.610923151281	0.623489608507	0.573223779604	0.511841469309	0.524407926535	0.655872402127	0.586273562107	0.560657322378	0.5186080232	0.529241179314	0.5186080232	0.489125181247	0.637989366844	0.604639922668	0.52537457709	0.581923634606	0.553890768487	0.654905751571	0.575640405993	0.630739487675	0.598840019333	0.595456742388	0.631706138231	0.519574673755	0.512324794587	0.527307878202	0.517641372644	0.498791686805	0.614789753504	0.512324794587	0.593040115998	0.528274528758	0.57177380377
AB3	0.929434509425	0.943934267762	0.0	0.683421942968	0.930884485259	0.956500724988	0.961333977767	0.942967617206	0.93523441276	0.957467375544	0.975350410826	0.945384243596	0.968583856936	0.33107781537	0.963750604157	0.939584340261	0.974867085549	0.972933784437	0.740454325761	0.761720637989	0.902368293862	0.914934751087	0.9584340261	0.951184146931	0.861768970517	0.899951667472	0.944900918318	0.925084581924	0.847752537458	0.840019333011	0.954084098598	0.951667472209	0.960367327211	0.96520057999	0.975350410826	0.970033832769	0.977283711938	0.958917351377	0.97680038666	0.974867085549	0.974867085549	0.937167713871	0.939584340261	0.955534074432	0.978733687772	0.974867085549	0.975350410826	0.972933784437	0.971967133881	0.974383760271	0.975350410826	0.972933784437	0.975833736104	0.976317061382	0.975833736104	0.974867085549	0.974867085549	0.973900434993	0.974383760271	0.976317061382	0.975350410826	0.973900434993
AB4	0.634122764621	0.572740454326	0.683421942968	0.0	0.647655872402	0.610439826003	0.686805219913	0.61575640406	0.622039632673	0.626389560174	0.659255679072	0.609956500725	0.484291928468	0.568873852102	0.598356694055	0.585306911551	0.646689221846	0.647172547124	0.721121314645	0.573707104882	0.663122281295	0.62493958434	0.658772353794	0.649589173514	0.797970033833	0.634606089899	0.64813919768	0.62493958434	0.552440792653	0.581923634606	0.688255195747	0.644755920735	0.640889318511	0.652005799903	0.722087965201	0.665055582407	0.660222329628	0.635089415176	0.634122764621	0.641855969067	0.626872885452	0.654422426293	0.648622522958	0.62735621073	0.697438376027	0.678105364911	0.714838086032	0.668438859352	0.698888351861	0.678105364911	0.677138714355	0.690188496858	0.634122764621	0.637989366844	0.66892218463	0.641372643789	0.640405993233	0.68293861769	0.637989366844	0.672305461576	0.648622522958	0.669888835186
AC3	0.666505558241	0.573223779604	0.930884485259	0.647655872402	0.0	0.505558240696	0.644272595457	0.572257129048	0.573707104882	0.598840019333	0.633639439343	0.325277912035	0.618656355727	0.845819236346	0.612373127115	0.617206379894	0.631222812953	0.605123247946	0.871918801353	0.765587240213	0.748187530208	0.690671822136	0.722087965201	0.706138231029	0.831802803287	0.691638472692	0.670372160464	0.681005316578	0.70130497825	0.708554857419	0.71532141131	0.661672305462	0.605606573224	0.640405993233	0.629289511841	0.593040115998	0.626872885452	0.57177380377	0.592073465442	0.546157564041	0.558240695988	0.643305944901	0.636056065732	0.566940550991	0.659255679072	0.637989366844	0.596906718221	0.588690188497	0.594490091832	0.576607056549	0.597390043499	0.590623489609	0.544707588207	0.575157080715	0.597390043499	0.584823586274	0.617689705172	0.579023682939	0.635572740454	0.589656839053	0.632672788787	0.60415659739
AC4	0.583856935718	0.487191880135	0.956500724988	0.610439826003	0.505558240696	0.0	0.62493958434	0.43064282262	0.423392943451	0.505074915418	0.354760753987	0.395360077332	0.515224746254	0.864668922185	0.582406959884	0.53020782987	0.475592073465	0.465442242629	0.916384726921	0.754470758821	0.604639922668	0.536491058482	0.530691155147	0.508941517641	0.884001933301	0.581923634606	0.492025132914	0.510874818753	0.543740937651	0.567423876269	0.572257129048	0.514258095698	0.454325761237	0.46302561624	0.631222812953	0.548090865152	0.462058965684	0.494925084582	0.434026099565	0.533107781537	0.466408893185	0.682455292412	0.64813919768	0.499758337361	0.511358144031	0.469308844853	0.647172547124	0.574673755437	0.605123247946	0.589656839053	0.578057032383	0.614306428226	0.491058482359	0.490091831803	0.506524891252	0.506041565974	0.531174480425	0.604639922668	0.548090865152	0.577090381827	0.4813919768	0.564040599323
AD3	0.685838569357	0.607539874335	0.961333977767	0.686805219913	0.644272595457	0.62493958434	0.0	0.537457709038	0.652972450459	0.376510391493	0.685838569357	0.587240212663	0.647172547124	0.875302078299	0.585790236829	0.648622522958	0.69453842436	0.693088448526	0.943450942484	0.781536974384	0.731271145481	0.699855002417	0.709521507975	0.698405026583	0.914934751087	0.687771870469	0.706138231029	0.70130497825	0.697438376027	0.691155147414	0.727404543258	0.696955050749	0.63653939101	0.664572257129	0.734654422426	0.673272112131	0.678105364911	0.53939101015	0.646205896568	0.570323827936	0.593523441276	0.561140647656	0.53697438376	0.554857419043	0.710488158531	0.69212179797	0.763170613823	0.709038182697	0.739004349928	0.713388110198	0.716771387144	0.742870952151	0.664572257129	0.675205413243	0.690671822136	0.67133881102	0.643305944901	0.728854519091	0.652489125181	0.717738037699	0.702271628806	0.711454809087
AD4	0.576607056549	0.488158530691	0.942967617206	0.61575640406	0.572257129048	0.43064282262	0.537457709038	0.0	0.327211213146	0.400193330111	0.438859352344	0.498791686805	0.534074432093	0.857902368294	0.568390526825	0.53697438376	0.462542290962	0.454325761237	0.930401159981	0.765103914935	0.561623972934	0.499275012083	0.490575157081	0.480425326245	0.903334944418	0.601739971	0.440792653456	0.459642339294	0.511358144031	0.569840502658	0.548090865152	0.489608506525	0.410826486225	0.449975833736	0.656839052682	0.570807153214	0.448525857902	0.461575640406	0.437892701788	0.537457709038	0.466892218463	0.647172547124	0.618656355727	0.472692121798	0.523441275979	0.490575157081	0.681971967134	0.605123247946	0.649105848236	0.637989366844	0.619623006283	0.654905751571	0.53020782987	0.521991300145	0.531657805703	0.541324311261	0.543740937651	0.640405993233	0.554374093765	0.634606089899	0.502658289029	0.602706621556
AE3	0.573707104882	0.505074915418	0.93523441276	0.622039632673	0.573707104882	0.423392943451	0.652972450459	0.327211213146	0.0	0.507491541808	0.420976317061	0.506041565974	0.52779120348	0.855485741904	0.581923634606	0.546157564041	0.44900918318	0.436442725955	0.927017883035	0.764620589657	0.549057515708	0.485258579024	0.48380860319	0.483325277912	0.895601739971	0.597873368777	0.446109231513	0.472692121798	0.499758337361	0.562107298212	0.553890768487	0.493958434026	0.409376510391	0.450942484292	0.663605606573	0.582890285162	0.449492508458	0.509424842919	0.430159497342	0.588690188497	0.507491541808	0.68970517158	0.656839052682	0.509424842919	0.505074915418	0.464475592073	0.669405509908	0.590140164331	0.634606089899	0.620589656839	0.604639922668	0.642822619623	0.519574673755	0.507491541808	0.515708071532	0.541324311261	0.546640889319	0.635572740454	0.555824069599	0.608023199613	0.490575157081	0.590140164331
AE4	0.62735621073	0.516674722088	0.957467375544	0.626389560174	0.598840019333	0.505074915418	0.376510391493	0.400193330111	0.507491541808	0.0	0.565007249879	0.516674722088	0.563557274045	0.867085548574	0.546640889319	0.565007249879	0.576123731271	0.572740454326	0.938134364427	0.775253745771	0.644755920735	0.582406959884	0.581440309328	0.577573707105	0.919284678589	0.618656355727	0.580473658772	0.570807153214	0.590140164331	0.608023199613	0.632672788787	0.577573707105	0.514741420976	0.532624456259	0.69453842436	0.616723054616	0.567423876269	0.450459159014	0.534074432093	0.51377477042	0.508941517641	0.579023682939	0.55099081682	0.476075398743	0.590623489609	0.575640405993	0.713388110198	0.643305944901	0.686805219913	0.673755437409	0.662155630739	0.687288545191	0.58337361044	0.567423876269	0.584340260996	0.585306911551	0.561623972934	0.673755437409	0.579507008217	0.666988883519	0.579023682939	0.649105848236
AF3	0.61333977767	0.565007249879	0.975350410826	0.659255679072	0.633639439343	0.354760753987	0.685838569357	0.438859352344	0.420976317061	0.565007249879	0.0	0.524407926535	0.555340744321	0.890768487192	0.632672788787	0.593040115998	0.438376027066	0.444175930401	0.95601739971	0.795553407443	0.585306911551	0.540840985984	0.441759304012	0.434509424843	0.920251329145	0.619139681005	0.432576123731	0.500241662639	0.545674238763	0.594006766554	0.532141130981	0.508941517641	0.449492508458	0.494441759304	0.673755437409	0.611406476559	0.424842919285	0.541807636539	0.448525857902	0.604639922668	0.52779120348	0.730304494925	0.695505074915	0.541324311261	0.523441275979	0.484775253746	0.676172063799	0.604639922668	0.658289028516	0.632189463509	0.609473175447	0.653939101015	0.549057515708	0.519574673755	0.533107781537	0.540840985984	0.582890285162	0.643305944901	0.591106814886	0.607539874335	0.494441759304	0.594490091832
AF4	0.611889801837	0.497825036249	0.945384243596	0.609956500725	0.325277912035	0.395360077332	0.587240212663	0.498791686805	0.506041565974	0.516674722088	0.524407926535	0.0	0.552440792653	0.85886901885	0.5601739971	0.53697438376	0.549540840986	0.533591106815	0.893185113581	0.74770420493	0.688255195747	0.625906234896	0.644755920735	0.629772837119	0.855969067182	0.630739487675	0.590140164331	0.609956500725	0.637506041566	0.641372643789	0.651039149348	0.598356694055	0.528757854036	0.563073948768	0.595940067666	0.517641372644	0.544707588207	0.504108264862	0.511841469309	0.482358627356	0.491541807637	0.621072982117	0.59255679072	0.499275012083	0.566940550991	0.541324311261	0.590623489609	0.526341227646	0.573707104882	0.536007733204	0.526341227646	0.559207346544	0.46979217013	0.504108264862	0.514741420976	0.517158047366	0.542774287095	0.547607539874	0.565490575157	0.533107781537	0.559207346544	0.523441275979
AG3	0.587723537941	0.479942000967	0.968583856936	0.484291928468	0.618656355727	0.515224746254	0.647172547124	0.534074432093	0.52779120348	0.563557274045	0.555340744321	0.552440792653	0.0	0.850652489125	0.524891251812	0.524407926535	0.493475108748	0.498308361527	0.926534557757	0.763653939101	0.66892218463	0.594006766554	0.577573707105	0.589656839053	0.887868535524	0.628806186564	0.553890768487	0.572257129048	0.61575640406	0.625906234896	0.637022716288	0.573223779604	0.522474625423	0.52779120348	0.666988883519	0.613823102948	0.546157564041	0.546640889319	0.523441275979	0.571290478492	0.518124697922	0.687771870469	0.653455775737	0.546640889319	0.587723537941	0.5601739971	0.6389560174	0.569840502658	0.637022716288	0.608023199613	0.595456742388	0.617206379894	0.5186080232	0.522474625423	0.550507491542	0.53697438376	0.544707588207	0.61575640406	0.546640889319	0.610439826003	0.519574673755	0.572257129048
AG4	0.845819236346	0.855002416626	0.33107781537	0.568873852102	0.845819236346	0.864668922185	0.875302078299	0.857902368294	0.855485741904	0.867085548574	0.890768487192	0.85886901885	0.850652489125	0.0	0.871918801353	0.849202513291	0.893668438859	0.893668438859	0.705654905752	0.681971967134	0.828419526341	0.839052682455	0.881101981634	0.875785403577	0.82406959884	0.820202996617	0.866602223296	0.849202513291	0.770420492992	0.757370710488	0.883518608023	0.871435476075	0.87723537941	0.883518608023	0.900918318028	0.892701788304	0.896085065249	0.87046882552	0.89125181247	0.887385210246	0.887385210246	0.850652489125	0.84726921218	0.874335427743	0.902368293862	0.893668438859	0.893185113581	0.892218463026	0.890285161914	0.889318511358	0.899468342194	0.88883518608	0.895601739971	0.895118414693	0.903334944418	0.898501691638	0.895118414693	0.890768487192	0.89125181247	0.890768487192	0.894635089415	0.896085065249
AH3	0.649589173514	0.394393426776	0.963750604157	0.598356694055	0.612373127115	0.582406959884	0.585790236829	0.568390526825	0.581923634606	0.546640889319	0.632672788787	0.5601739971	0.524891251812	0.871918801353	0.0	0.528757854036	0.603673272112	0.61333977767	0.924601256646	0.765103914935	0.707104881585	0.641372643789	0.643305944901	0.647172547124	0.90043499275	0.684871918801	0.639922667956	0.648622522958	0.666022232963	0.683905268246	0.689221846303	0.643305944901	0.557274045433	0.591590140164	0.717254712421	0.647655872402	0.644755920735	0.559207346544	0.603189946834	0.56935717738	0.576607056549	0.600773320445	0.566940550991	0.574190430159	0.665538907685	0.633156114065	0.716771387144	0.631706138231	0.677138714355	0.663122281295	0.662155630739	0.685838569357	0.602706621556	0.61333977767	0.619139681005	0.617689705172	0.582406959884	0.680038666022	0.579023682939	0.652489125181	0.605123247946	0.618656355727
AH4	0.334461092315	0.359110681489	0.939584340261	0.585306911551	0.617206379894	0.53020782987	0.648622522958	0.53697438376	0.546157564041	0.565007249879	0.593040115998	0.53697438376	0.524407926535	0.849202513291	0.528757854036	0.0	0.546157564041	0.551474142098	0.877718704688	0.727404543258	0.634122764621	0.561623972934	0.574673755437	0.576123731271	0.849685838569	0.598840019333	0.558724021266	0.550024166264	0.584340260996	0.603673272112	0.605123247946	0.555824069599	0.547607539874	0.558240695988	0.697438376027	0.623006283229	0.581923634606	0.576607056549	0.559207346544	0.541324311261	0.539874335428	0.671822136298	0.654905751571	0.567907201547	0.60657322378	0.579990333494	0.670855485742	0.599806669889	0.662155630739	0.623972933784	0.61333977767	0.646205896568	0.537941034316	0.535041082649	0.55775737071	0.535524407927	0.511358144031	0.632189463509	0.521991300145	0.62735621073	0.550507491542	0.609956500725
AA7	0.579507008217	0.536007733204	0.974867085549	0.646689221846	0.631222812953	0.475592073465	0.69453842436	0.462542290962	0.44900918318	0.576123731271	0.438376027066	0.549540840986	0.493475108748	0.893668438859	0.603673272112	0.546157564041	0.0	0.294345094248	0.919284678589	0.777187046883	0.574673755437	0.497341710971	0.456742387627	0.469308844853	0.8796520058	0.595456742388	0.437892701788	0.466408893185	0.537457709038	0.581440309328	0.511358144031	0.420976317061	0.436442725955	0.471242145964	0.696955050749	0.633156114065	0.456742387627	0.559207346544	0.464475592073	0.584340260996	0.545190913485	0.722087965201	0.695021749638	0.564523924601	0.546157564041	0.504108264862	0.672305461576	0.593523441276	0.665055582407	0.635572740454	0.599806669889	0.631706138231	0.525857902368	0.501208313195	0.520541324311	0.520541324311	0.534074432093	0.626389560174	0.535041082649	0.629289511841	0.467375543741	0.60415659739
AA8	0.574190430159	0.538907684872	0.972933784437	0.647172547124	0.605123247946	0.465442242629	0.693088448526	0.454325761237	0.436442725955	0.572740454326	0.444175930401	0.533591106815	0.498308361527	0.893668438859	0.61333977767	0.551474142098	0.294345094248	0.0	0.919768003867	0.774770420493	0.574190430159	0.497341710971	0.473175447076	0.48380860319	0.866118898018	0.589656839053	0.436926051232	0.462058965684	0.537941034316	0.578540357661	0.48380860319	0.377477042049	0.434026099565	0.468825519575	0.688255195747	0.628322861286	0.462542290962	0.55099081682	0.459159014016	0.58095698405	0.532624456259	0.72692121798	0.698888351861	0.550024166264	0.537457709038	0.492025132914	0.647172547124	0.579507008217	0.660222329628	0.621072982117	0.582406959884	0.610439826003	0.499758337361	0.490091831803	0.506041565974	0.509908168197	0.533591106815	0.601256645723	0.536007733204	0.613823102948	0.476075398743	0.595456742388
AB7	0.866602223296	0.884001933301	0.740454325761	0.721121314645	0.871918801353	0.916384726921	0.943450942484	0.930401159981	0.927017883035	0.938134364427	0.95601739971	0.893185113581	0.926534557757	0.705654905752	0.924601256646	0.877718704688	0.919284678589	0.919768003867	0.0	0.399710004833	0.823102948284	0.845335911068	0.926051232479	0.911068148864	0.732721121315	0.813436442726	0.897051715805	0.869018849686	0.744804253262	0.711454809087	0.883518608023	0.883518608023	0.923151280812	0.936684388594	0.945384243596	0.938134364427	0.945384243596	0.919768003867	0.951667472209	0.916868052199	0.942000966651	0.882068632189	0.874335427743	0.922667955534	0.96761720638	0.948284195263	0.927984533591	0.927984533591	0.936684388594	0.936684388594	0.933784436926	0.920251329145	0.919768003867	0.923151280812	0.923151280812	0.915418076365	0.922667955534	0.924601256646	0.920734654422	0.933784436926	0.946350894152	0.939584340261
AB8	0.723054615756	0.719188013533	0.761720637989	0.573707104882	0.765587240213	0.754470758821	0.781536974384	0.765103914935	0.764620589657	0.775253745771	0.795553407443	0.74770420493	0.763653939101	0.681971967134	0.765103914935	0.727404543258	0.777187046883	0.774770420493	0.399710004833	0.0	0.666022232963	0.680038666022	0.760753987434	0.743837602707	0.737071048816	0.663605606573	0.732721121315	0.695021749638	0.54857419043	0.536491058482	0.740937651039	0.731754470759	0.767520541324	0.774770420493	0.813436442726	0.774770420493	0.777187046883	0.753987433543	0.784436926051	0.768003866602	0.77090381827	0.746254229096	0.728371193813	0.759787336878	0.807153214113	0.786370227163	0.823586273562	0.773803769937	0.797003383277	0.779120347994	0.786853552441	0.787820202997	0.771870468826	0.771387143548	0.775253745771	0.765587240213	0.764620589657	0.785403576607	0.766553890768	0.771387143548	0.785403576607	0.772353794103
AC7	0.594490091832	0.650072498792	0.902368293862	0.663122281295	0.748187530208	0.604639922668	0.731271145481	0.561623972934	0.549057515708	0.644755920735	0.585306911551	0.688255195747	0.66892218463	0.828419526341	0.707104881585	0.634122764621	0.574673755437	0.574190430159	0.823102948284	0.666022232963	0.0	0.360560657322	0.552924117931	0.550507491542	0.827452875785	0.596423392943	0.532624456259	0.494925084582	0.465925567907	0.493958434026	0.560657322378	0.537941034316	0.544707588207	0.587723537941	0.802319961334	0.73852102465	0.621072982117	0.644272595457	0.597390043499	0.705171580474	0.66892218463	0.734171097148	0.713388110198	0.635089415176	0.641855969067	0.60657322378	0.818269695505	0.751087481875	0.799903334944	0.784920251329	0.749637506042	0.791203479942	0.684388593523	0.661188980184	0.66892218463	0.681488641856	0.670372160464	0.775737071049	0.667472208797	0.767520541324	0.600289995167	0.745770903818
AC8	0.568873852102	0.56935717738	0.914934751087	0.62493958434	0.690671822136	0.536491058482	0.699855002417	0.499275012083	0.485258579024	0.582406959884	0.540840985984	0.625906234896	0.594006766554	0.839052682455	0.641372643789	0.561623972934	0.497341710971	0.497341710971	0.845335911068	0.680038666022	0.360560657322	0.0	0.475108748188	0.477042049299	0.839052682455	0.555824069599	0.409859835669	0.381343644273	0.434509424843	0.478492025133	0.524891251812	0.474142097632	0.477042049299	0.50459159014	0.731271145481	0.65973900435	0.547124214596	0.576607056549	0.52779120348	0.630256162397	0.591590140164	0.683421942968	0.652972450459	0.566457225713	0.577573707105	0.530691155147	0.743837602707	0.669888835186	0.728371193813	0.713871435476	0.673755437409	0.709521507975	0.607539874335	0.579507008217	0.593040115998	0.609956500725	0.586756887385	0.701788303528	0.584823586274	0.698888351861	0.532141130981	0.662155630739
AD7	0.581923634606	0.575157080715	0.9584340261	0.658772353794	0.722087965201	0.530691155147	0.709521507975	0.490575157081	0.48380860319	0.581440309328	0.441759304012	0.644755920735	0.577573707105	0.881101981634	0.643305944901	0.574673755437	0.456742387627	0.473175447076	0.926051232479	0.760753987434	0.552924117931	0.475108748188	0.0	0.289511841469	0.887868535524	0.521991300145	0.409859835669	0.448042532624	0.505558240696	0.551474142098	0.496858385694	0.465925567907	0.487675205413	0.520057999033	0.73852102465	0.66892218463	0.509424842919	0.585790236829	0.526341227646	0.629772837119	0.591106814886	0.723537941034	0.69453842436	0.589656839053	0.573707104882	0.534074432093	0.74528757854	0.663122281295	0.730304494925	0.712421459642	0.667955534074	0.705654905752	0.61333977767	0.586756887385	0.592073465442	0.612373127115	0.580473658772	0.70372160464	0.584340260996	0.694055099082	0.534074432093	0.666022232963
AD8	0.574190430159	0.575157080715	0.951184146931	0.649589173514	0.706138231029	0.508941517641	0.698405026583	0.480425326245	0.483325277912	0.577573707105	0.434509424843	0.629772837119	0.589656839053	0.875785403577	0.647172547124	0.576123731271	0.469308844853	0.48380860319	0.911068148864	0.743837602707	0.550507491542	0.477042049299	0.289511841469	0.0	0.847752537458	0.4813919768	0.408893185114	0.443209279845	0.48380860319	0.535041082649	0.492508458192	0.465442242629	0.500241662639	0.528274528758	0.73610439826	0.664572257129	0.500241662639	0.576607056549	0.522474625423	0.620589656839	0.582406959884	0.720154664089	0.69212179797	0.575640405993	0.574190430159	0.542290961817	0.742870952151	0.653939101015	0.724987916868	0.708071532141	0.659255679072	0.702754954084	0.599806669889	0.573223779604	0.584340260996	0.596423392943	0.585306911551	0.70130497825	0.593523441276	0.684388593523	0.532624456259	0.656839052682
AE7	0.827936201063	0.868535524408	0.861768970517	0.797970033833	0.831802803287	0.884001933301	0.914934751087	0.903334944418	0.895601739971	0.919284678589	0.920251329145	0.855969067182	0.887868535524	0.82406959884	0.90043499275	0.849685838569	0.8796520058	0.866118898018	0.732721121315	0.737071048816	0.827452875785	0.839052682455	0.887868535524	0.847752537458	0.0	0.540357660706	0.87723537941	0.849685838569	0.774287095215	0.758337361044	0.837119381344	0.836152730788	0.898985016916	0.907201546641	0.927984533591	0.917351377477	0.916868052199	0.898018366361	0.92363460609	0.867085548574	0.901884968584	0.878685355244	0.874335427743	0.884001933301	0.946350894152	0.918801353311	0.89125181247	0.898501691638	0.917351377477	0.903818269696	0.901884968584	0.897051715805	0.884968583857	0.890768487192	0.909134847753	0.885451909135	0.903334944418	0.889318511358	0.90043499275	0.906234896085	0.913484775254	0.915901401643
AE8	0.595456742388	0.60657322378	0.899951667472	0.634606089899	0.691638472692	0.581923634606	0.687771870469	0.601739971	0.597873368777	0.618656355727	0.619139681005	0.630739487675	0.628806186564	0.820202996617	0.684871918801	0.598840019333	0.595456742388	0.589656839053	0.813436442726	0.663605606573	0.596423392943	0.555824069599	0.521991300145	0.4813919768	0.540357660706	0.0	0.586273562107	0.552924117931	0.52779120348	0.515224746254	0.573223779604	0.552440792653	0.607539874335	0.608506524891	0.751087481875	0.695021749638	0.618656355727	0.601739971	0.621556307395	0.625906234896	0.628806186564	0.698888351861	0.679555340744	0.614306428226	0.644755920735	0.619623006283	0.750120831319	0.679555340744	0.749637506042	0.71532141131	0.695021749638	0.725954567424	0.64572257129	0.623489608507	0.635572740454	0.641372643789	0.645239246013	0.719188013533	0.656355727405	0.701788303528	0.608989850169	0.689221846303
AF7	0.571290478492	0.544707588207	0.944900918318	0.64813919768	0.670372160464	0.492025132914	0.706138231029	0.440792653456	0.446109231513	0.580473658772	0.432576123731	0.590140164331	0.553890768487	0.866602223296	0.639922667956	0.558724021266	0.437892701788	0.436926051232	0.897051715805	0.732721121315	0.532624456259	0.409859835669	0.409859835669	0.408893185114	0.87723537941	0.586273562107	0.0	0.329144514258	0.484775253746	0.534074432093	0.488641855969	0.474142097632	0.446592556791	0.476558724021	0.686805219913	0.618656355727	0.458675688739	0.538424359594	0.484291928468	0.606089898502	0.538907684872	0.709521507975	0.673755437409	0.538907684872	0.53697438376	0.49299178347	0.680038666022	0.61333977767	0.679072015466	0.662638956017	0.621072982117	0.643789270179	0.551957467376	0.519574673755	0.53697438376	0.557274045433	0.556790720155	0.635089415176	0.561140647656	0.64572257129	0.487191880135	0.60415659739
AF8	0.555824069599	0.553407443209	0.925084581924	0.62493958434	0.681005316578	0.510874818753	0.70130497825	0.459642339294	0.472692121798	0.570807153214	0.500241662639	0.609956500725	0.572257129048	0.849202513291	0.648622522958	0.550024166264	0.466408893185	0.462058965684	0.869018849686	0.695021749638	0.494925084582	0.381343644273	0.448042532624	0.443209279845	0.849685838569	0.552924117931	0.329144514258	0.0	0.446109231513	0.494925084582	0.504108264862	0.44900918318	0.461575640406	0.500724987917	0.714354760754	0.650072498792	0.498308361527	0.553890768487	0.501691638473	0.589173513775	0.5601739971	0.687288545191	0.654422426293	0.540357660706	0.560657322378	0.526824552924	0.697438376027	0.626389560174	0.695021749638	0.681488641856	0.6389560174	0.659255679072	0.565973900435	0.540357660706	0.55099081682	0.567423876269	0.552924117931	0.65732237796	0.559690671822	0.667955534074	0.488158530691	0.623489608507
AG7	0.581440309328	0.595940067666	0.847752537458	0.552440792653	0.70130497825	0.543740937651	0.697438376027	0.511358144031	0.499758337361	0.590140164331	0.545674238763	0.637506041566	0.61575640406	0.770420492992	0.666022232963	0.584340260996	0.537457709038	0.537941034316	0.744804253262	0.54857419043	0.465925567907	0.434509424843	0.505558240696	0.48380860319	0.774287095215	0.52779120348	0.484775253746	0.446109231513	0.0	0.324794586757	0.545674238763	0.50700821653	0.520057999033	0.551474142098	0.746737554374	0.673272112131	0.543257612373	0.581923634606	0.547124214596	0.633639439343	0.605606573224	0.681488641856	0.654905751571	0.576123731271	0.600773320445	0.572740454326	0.758337361044	0.674238762687	0.73610439826	0.723054615756	0.679555340744	0.720637989367	0.621556307395	0.603673272112	0.621556307395	0.617689705172	0.619139681005	0.714354760754	0.629289511841	0.705654905752	0.568390526825	0.676655389077
AG8	0.591590140164	0.610923151281	0.840019333011	0.581923634606	0.708554857419	0.567423876269	0.691155147414	0.569840502658	0.562107298212	0.608023199613	0.594006766554	0.641372643789	0.625906234896	0.757370710488	0.683905268246	0.603673272112	0.581440309328	0.578540357661	0.711454809087	0.536491058482	0.493958434026	0.478492025133	0.551474142098	0.535041082649	0.758337361044	0.515224746254	0.534074432093	0.494925084582	0.324794586757	0.0	0.561623972934	0.545674238763	0.565973900435	0.586756887385	0.760270662156	0.688255195747	0.594490091832	0.590623489609	0.589173513775	0.635089415176	0.618656355727	0.695505074915	0.672788786854	0.601256645723	0.627839536008	0.606089898502	0.768003866602	0.686805219913	0.743837602707	0.730787820203	0.696955050749	0.727887868536	0.644755920735	0.623006283229	0.63653939101	0.644755920735	0.641372643789	0.724987916868	0.651039149348	0.706621556307	0.598356694055	0.687288545191
AH7	0.590140164331	0.623489608507	0.954084098598	0.688255195747	0.71532141131	0.572257129048	0.727404543258	0.548090865152	0.553890768487	0.632672788787	0.532141130981	0.651039149348	0.637022716288	0.883518608023	0.689221846303	0.605123247946	0.511358144031	0.48380860319	0.883518608023	0.740937651039	0.560657322378	0.524891251812	0.496858385694	0.492508458192	0.837119381344	0.573223779604	0.488641855969	0.504108264862	0.545674238763	0.561623972934	0.0	0.325761237313	0.579990333494	0.608023199613	0.775253745771	0.715804736588	0.550507491542	0.652005799903	0.589656839053	0.64572257129	0.643789270179	0.775737071049	0.756404059932	0.646205896568	0.641855969067	0.613823102948	0.765587240213	0.706138231029	0.769453842436	0.741420976317	0.702271628806	0.73610439826	0.634606089899	0.61333977767	0.619139681005	0.63653939101	0.630739487675	0.72450459159	0.633639439343	0.724987916868	0.596423392943	0.713871435476
AH8	0.56259062349	0.573223779604	0.951667472209	0.644755920735	0.661672305462	0.514258095698	0.696955050749	0.489608506525	0.493958434026	0.577573707105	0.508941517641	0.598356694055	0.573223779604	0.871435476075	0.643305944901	0.555824069599	0.420976317061	0.377477042049	0.883518608023	0.731754470759	0.537941034316	0.474142097632	0.465925567907	0.465442242629	0.836152730788	0.552440792653	0.474142097632	0.44900918318	0.50700821653	0.545674238763	0.325761237313	0.0	0.509908168197	0.536007733204	0.735137747704	0.672788786854	0.521507974867	0.589656839053	0.52779120348	0.59497341711	0.583856935718	0.721121314645	0.696471725471	0.587240212663	0.588206863219	0.545190913485	0.70130497825	0.643789270179	0.710488158531	0.681971967134	0.641372643789	0.673272112131	0.567423876269	0.552440792653	0.572740454326	0.577090381827	0.567423876269	0.659255679072	0.570807153214	0.667472208797	0.531174480425	0.656839052682
AA5	0.586273562107	0.511841469309	0.960367327211	0.640889318511	0.605606573224	0.454325761237	0.63653939101	0.410826486225	0.409376510391	0.514741420976	0.449492508458	0.528757854036	0.522474625423	0.87723537941	0.557274045433	0.547607539874	0.436442725955	0.434026099565	0.923151280812	0.767520541324	0.544707588207	0.477042049299	0.487675205413	0.500241662639	0.898985016916	0.607539874335	0.446592556791	0.461575640406	0.520057999033	0.565973900435	0.579990333494	0.509908168197	0.0	0.334944417593	0.679555340744	0.583856935718	0.485741904302	0.456742387627	0.44900918318	0.542774287095	0.484775253746	0.621072982117	0.596423392943	0.456742387627	0.528757854036	0.464958917351	0.699855002417	0.623489608507	0.666505558241	0.649589173514	0.637022716288	0.669405509908	0.523441275979	0.531174480425	0.547607539874	0.547124214596	0.530691155147	0.657805703238	0.549540840986	0.632672788787	0.486708554857	0.614306428226
AA6	0.598356694055	0.524407926535	0.96520057999	0.652005799903	0.640405993233	0.46302561624	0.664572257129	0.449975833736	0.450942484292	0.532624456259	0.494441759304	0.563073948768	0.52779120348	0.883518608023	0.591590140164	0.558240695988	0.471242145964	0.468825519575	0.936684388594	0.774770420493	0.587723537941	0.50459159014	0.520057999033	0.528274528758	0.907201546641	0.608506524891	0.476558724021	0.500724987917	0.551474142098	0.586756887385	0.608023199613	0.536007733204	0.334944417593	0.0	0.66892218463	0.574190430159	0.509908168197	0.484291928468	0.467375543741	0.56935717738	0.49299178347	0.660222329628	0.636056065732	0.49299178347	0.460125664572	0.403093281779	0.694055099082	0.621556307395	0.666022232963	0.652489125181	0.631222812953	0.660705654906	0.535041082649	0.531174480425	0.548090865152	0.547607539874	0.543257612373	0.652005799903	0.553890768487	0.63653939101	0.506524891252	0.611889801837
AB5	0.749637506042	0.655872402127	0.975350410826	0.722087965201	0.629289511841	0.631222812953	0.734654422426	0.656839052682	0.663605606573	0.69453842436	0.673755437409	0.595940067666	0.666988883519	0.900918318028	0.717254712421	0.697438376027	0.696955050749	0.688255195747	0.945384243596	0.813436442726	0.802319961334	0.731271145481	0.73852102465	0.73610439826	0.927984533591	0.751087481875	0.686805219913	0.714354760754	0.746737554374	0.760270662156	0.775253745771	0.735137747704	0.679555340744	0.66892218463	0.0	0.321411309812	0.614789753504	0.658772353794	0.62735621073	0.621556307395	0.590140164331	0.730787820203	0.721121314645	0.638472692122	0.632672788787	0.611889801837	0.622522957951	0.620589656839	0.621556307395	0.596906718221	0.621072982117	0.614306428226	0.590140164331	0.612373127115	0.596423392943	0.623006283229	0.664088931851	0.596423392943	0.663605606573	0.600289995167	0.669888835186	0.610923151281
AB6	0.686805219913	0.586273562107	0.970033832769	0.665055582407	0.593040115998	0.548090865152	0.673272112131	0.570807153214	0.582890285162	0.616723054616	0.611406476559	0.517641372644	0.613823102948	0.892701788304	0.647655872402	0.623006283229	0.633156114065	0.628322861286	0.938134364427	0.774770420493	0.73852102465	0.65973900435	0.66892218463	0.664572257129	0.917351377477	0.695021749638	0.618656355727	0.650072498792	0.673272112131	0.688255195747	0.715804736588	0.672788786854	0.583856935718	0.574190430159	0.321411309812	0.0	0.554857419043	0.568873852102	0.556307394877	0.553407443209	0.519574673755	0.677622039633	0.647172547124	0.533107781537	0.55099081682	0.526824552924	0.611406476559	0.550507491542	0.584340260996	0.566940550991	0.568390526825	0.584340260996	0.5186080232	0.566940550991	0.558724021266	0.574190430159	0.592073465442	0.565490575157	0.603673272112	0.554374093765	0.622039632673	0.548090865152
AC5	0.620106331561	0.560657322378	0.977283711938	0.660222329628	0.626872885452	0.462058965684	0.678105364911	0.448525857902	0.449492508458	0.567423876269	0.424842919285	0.544707588207	0.546157564041	0.896085065249	0.644755920735	0.581923634606	0.456742387627	0.462542290962	0.945384243596	0.777187046883	0.621072982117	0.547124214596	0.509424842919	0.500241662639	0.916868052199	0.618656355727	0.458675688739	0.498308361527	0.543257612373	0.594490091832	0.550507491542	0.521507974867	0.485741904302	0.509908168197	0.614789753504	0.554857419043	0.0	0.437892701788	0.433542774287	0.572740454326	0.50459159014	0.718221362977	0.67133881102	0.525857902368	0.498791686805	0.464958917351	0.615273078782	0.564040599323	0.61575640406	0.581923634606	0.565973900435	0.597390043499	0.502658289029	0.479458675689	0.499758337361	0.51377477042	0.571290478492	0.580473658772	0.578057032383	0.57177380377	0.511841469309	0.556307394877
AC6	0.628806186564	0.5186080232	0.958917351377	0.635089415176	0.57177380377	0.494925084582	0.53939101015	0.461575640406	0.509424842919	0.450459159014	0.541807636539	0.504108264862	0.546640889319	0.87046882552	0.559207346544	0.576607056549	0.559207346544	0.55099081682	0.919768003867	0.753987433543	0.644272595457	0.576607056549	0.585790236829	0.576607056549	0.898018366361	0.601739971	0.538424359594	0.553890768487	0.581923634606	0.590623489609	0.652005799903	0.589656839053	0.456742387627	0.484291928468	0.658772353794	0.568873852102	0.437892701788	0.0	0.508458192363	0.506524891252	0.489125181247	0.494441759304	0.460125664572	0.404543257612	0.555340744321	0.53020782987	0.670372160464	0.610439826003	0.64813919768	0.618173030449	0.624456259062	0.643305944901	0.559207346544	0.545674238763	0.561623972934	0.567907201547	0.561140647656	0.632672788787	0.586756887385	0.607056549058	0.54857419043	0.60415659739
AD6	0.605123247946	0.529241179314	0.97680038666	0.634122764621	0.592073465442	0.434026099565	0.646205896568	0.437892701788	0.430159497342	0.534074432093	0.448525857902	0.511841469309	0.523441275979	0.89125181247	0.603189946834	0.559207346544	0.464475592073	0.459159014016	0.951667472209	0.784436926051	0.597390043499	0.52779120348	0.526341227646	0.522474625423	0.92363460609	0.621556307395	0.484291928468	0.501691638473	0.547124214596	0.589173513775	0.589656839053	0.52779120348	0.44900918318	0.467375543741	0.62735621073	0.556307394877	0.433542774287	0.508458192363	0.0	0.53939101015	0.406959884002	0.697438376027	0.673755437409	0.52537457709	0.482358627356	0.441759304012	0.609956500725	0.538424359594	0.598840019333	0.569840502658	0.559207346544	0.589173513775	0.478492025133	0.456259062349	0.476558724021	0.496375060416	0.550024166264	0.584823586274	0.554374093765	0.570807153214	0.468825519575	0.537457709038
AE5	0.610439826003	0.5186080232	0.974867085549	0.641855969067	0.546157564041	0.533107781537	0.570323827936	0.537457709038	0.588690188497	0.51377477042	0.604639922668	0.482358627356	0.571290478492	0.887385210246	0.56935717738	0.541324311261	0.584340260996	0.58095698405	0.916868052199	0.768003866602	0.705171580474	0.630256162397	0.629772837119	0.620589656839	0.867085548574	0.625906234896	0.606089898502	0.589173513775	0.633639439343	0.635089415176	0.64572257129	0.59497341711	0.542774287095	0.56935717738	0.621556307395	0.553407443209	0.572740454326	0.506524891252	0.53939101015	0.0	0.361527307878	0.610439826003	0.586273562107	0.503141614306	0.620589656839	0.596423392943	0.652489125181	0.59255679072	0.649589173514	0.617206379894	0.608506524891	0.6389560174	0.518124697922	0.544224262929	0.581923634606	0.537941034316	0.526824552924	0.621072982117	0.548090865152	0.613823102948	0.565490575157	0.611406476559
AE6	0.608506524891	0.489125181247	0.974867085549	0.626872885452	0.558240695988	0.466408893185	0.593523441276	0.466892218463	0.507491541808	0.508941517641	0.52779120348	0.491541807637	0.518124697922	0.887385210246	0.576607056549	0.539874335428	0.545190913485	0.532624456259	0.942000966651	0.77090381827	0.66892218463	0.591590140164	0.591106814886	0.582406959884	0.901884968584	0.628806186564	0.538907684872	0.5601739971	0.605606573224	0.618656355727	0.643789270179	0.583856935718	0.484775253746	0.49299178347	0.590140164331	0.519574673755	0.50459159014	0.489125181247	0.406959884002	0.361527307878	0.0	0.652972450459	0.62493958434	0.482358627356	0.532141130981	0.512808119865	0.621072982117	0.558724021266	0.607056549058	0.574190430159	0.576123731271	0.603673272112	0.471242145964	0.468825519575	0.511358144031	0.491541807637	0.519574673755	0.589173513775	0.535524407927	0.56259062349	0.523441275979	0.565973900435
AF5	0.730787820203	0.637989366844	0.937167713871	0.654422426293	0.643305944901	0.682455292412	0.561140647656	0.647172547124	0.68970517158	0.579023682939	0.730304494925	0.621072982117	0.687771870469	0.850652489125	0.600773320445	0.671822136298	0.722087965201	0.72692121798	0.882068632189	0.746254229096	0.734171097148	0.683421942968	0.723537941034	0.720154664089	0.878685355244	0.698888351861	0.709521507975	0.687288545191	0.681488641856	0.695505074915	0.775737071049	0.721121314645	0.621072982117	0.660222329628	0.730787820203	0.677622039633	0.718221362977	0.494441759304	0.697438376027	0.610439826003	0.652972450459	0.0	0.285161913968	0.542290961817	0.735137747704	0.713388110198	0.753987433543	0.728371193813	0.737554374094	0.700338327695	0.744804253262	0.740937651039	0.696955050749	0.716288061866	0.734171097148	0.71532141131	0.675688738521	0.730787820203	0.686805219913	0.706621556307	0.717254712421	0.725471242146
AF6	0.714354760754	0.604639922668	0.939584340261	0.648622522958	0.636056065732	0.64813919768	0.53697438376	0.618656355727	0.656839052682	0.55099081682	0.695505074915	0.59255679072	0.653455775737	0.84726921218	0.566940550991	0.654905751571	0.695021749638	0.698888351861	0.874335427743	0.728371193813	0.713388110198	0.652972450459	0.69453842436	0.69212179797	0.874335427743	0.679555340744	0.673755437409	0.654422426293	0.654905751571	0.672788786854	0.756404059932	0.696471725471	0.596423392943	0.636056065732	0.721121314645	0.647172547124	0.67133881102	0.460125664572	0.673755437409	0.586273562107	0.62493958434	0.285161913968	0.0	0.517641372644	0.706138231029	0.679555340744	0.744320927985	0.695988400193	0.727887868536	0.69453842436	0.706621556307	0.730787820203	0.666505558241	0.688738521025	0.706138231029	0.688255195747	0.642339294345	0.714838086032	0.650072498792	0.688738521025	0.689221846303	0.691638472692
