	AA3	AA4	AB3	AB4	AC3	AC4	AD3	AD4	AE3	AE4	AF3	AF4	AG3	AG4	AH3	AH4	AA7	AA8	AB7	AB8	AC7	AC8	AD7	AD8	AE7	AE8	AF7	AF8	AG7	AG8	AH7	AH8	AA5	AA6	AB5	AB6	AC5	AC6	AD6	AE5	AE6	AF5	AF6	AG5	AH5	AH6	AA1	AA2	AB1	AB2	AC1	AC2	AD1	AD2	AE1	AE2	AF1	AF2	AG1	AG2	AH1	AH2
AA3	0.0	0.480425326245	0.941034316095	0.632189463509	0.666022232963	0.593040115998	0.677138714355	0.587723537941	0.565973900435	0.626872885452	0.603189946834	0.627839536008	0.581440309328	0.860802319961	0.653939101015	0.327211213146	0.581440309328	0.568390526825	0.881101981634	0.718704688255	0.622522957951	0.565490575157	0.587723537941	0.577090381827	0.83566940551	0.587723537941	0.573223779604	0.564040599323	0.593523441276	0.58337361044	0.586273562107	0.552924117931	0.588206863219	0.588690188497	0.740454325761	0.698888351861	0.596906718221	0.626872885452	0.596906718221	0.632672788787	0.594490091832	0.733204446593	0.687771870469	0.621072982117	0.616723054616	0.611889801837	0.678588690188	0.654905751571	0.707588206863	0.666022232963	0.649589173514	0.664088931851	0.572257129048	0.57177380377	0.570807153214	0.573707104882	0.575157080715	0.658289028516	0.584823586274	0.666988883519	0.581440309328	0.656839052682
AA4	0.480425326245	0.0	0.943450942484	0.56259062349	0.584823586274	0.501691638473	0.601256645723	0.473658772354	0.488158530691	0.529241179314	0.544224262929	0.516674722088	0.482358627356	0.85645239246	0.38424359594	0.367810536491	0.534074432093	0.526824552924	0.892701788304	0.727887868536	0.647655872402	0.563557274045	0.579023682939	0.579990333494	0.873852102465	0.607056549058	0.545190913485	0.553890768487	0.595456742388	0.597390043499	0.620589656839	0.566457225713	0.507491541808	0.507974867086	0.654422426293	0.598840019333	0.552924117931	0.51619139681	0.534074432093	0.53939101015	0.472692121798	0.655872402127	0.605606573224	0.515708071532	0.574190430159	0.567907201547	0.660705654906	0.590140164331	0.635572740454	0.60657322378	0.612373127115	0.637022716288	0.523441275979	0.519574673755	0.526824552924	0.518124697922	0.500241662639	0.628322861286	0.507974867086	0.598840019333	0.52779120348	0.59255679072
AB3	0.941034316095	0.943450942484	0.0	0.68970517158	0.916868052199	0.955534074432	0.950700821653	0.952634122765	0.928467858869	0.949250845819	0.970033832769	0.936201063316	0.969067182214	0.347027549541	0.963750604157	0.945867568874	0.970033832769	0.968583856936	0.7593040116	0.749154180764	0.882068632189	0.913968100532	0.957467375544	0.952634122765	0.853069115515	0.890285161914	0.939584340261	0.930401159981	0.840019333011	0.850652489125	0.955050749154	0.951667472209	0.95601739971	0.961817303045	0.974867085549	0.969550507492	0.973417109715	0.954567423876	0.973900434993	0.973417109715	0.971483808603	0.930401159981	0.934751087482	0.951667472209	0.975833736104	0.971967133881	0.972933784437	0.971000483325	0.96761720638	0.973417109715	0.970033832769	0.971000483325	0.973417109715	0.972450459159	0.975350410826	0.972933784437	0.972450459159	0.970517158047	0.971483808603	0.973900434993	0.971483808603	0.971000483325
AB4	0.632189463509	0.56259062349	0.68970517158	0.0	0.620589656839	0.601739971	0.676655389077	0.604639922668	0.584823586274	0.622522957951	0.617689705172	0.589656839053	0.467858869019	0.581440309328	0.600289995167	0.589173513775	0.621556307395	0.613823102948	0.743354277429	0.55775737071	0.652489125181	0.617689705172	0.657805703238	0.637022716288	0.792653455776	0.622522957951	0.631222812953	0.616723054616	0.554374093765	0.581923634606	0.683421942968	0.639922667956	0.618656355727	0.627839536008	0.715804736588	0.65973900435	0.633156114065	0.632672788787	0.60657322378	0.633639439343	0.60415659739	0.671822136298	0.657805703238	0.623972933784	0.674722087965	0.661672305462	0.708071532141	0.653939101015	0.682455292412	0.663122281295	0.661672305462	0.672305461576	0.61575640406	0.62735621073	0.637022716288	0.632672788787	0.624456259062	0.67133881102	0.622039632673	0.663605606573	0.637022716288	0.658772353794
AC3	0.666022232963	0.584823586274	0.916868052199	0.620589656839	0.0	0.513291445143	0.640405993233	0.569840502658	0.56935717738	0.586273562107	0.619139681005	0.34267762204	0.612373127115	0.839052682455	0.605123247946	0.624456259062	0.632672788787	0.600289995167	0.869502174964	0.75688738521	0.740454325761	0.688255195747	0.738037699372	0.719671338811	0.82165297245	0.69212179797	0.669405509908	0.684388593523	0.683421942968	0.695505074915	0.709038182697	0.673755437409	0.618173030449	0.628322861286	0.6389560174	0.595940067666	0.630256162397	0.589656839053	0.598840019333	0.577090381827	0.554857419043	0.672788786854	0.656355727405	0.574190430159	0.656839052682	0.653455775737	0.611406476559	0.585306911551	0.59255679072	0.579990333494	0.605123247946	0.590623489609	0.549057515708	0.572257129048	0.589656839053	0.568390526825	0.637989366844	0.586756887385	0.614789753504	0.577090381827	0.629289511841	0.599323344611
AC4	0.593040115998	0.501691638473	0.955534074432	0.601739971	0.513291445143	0.0	0.625906234896	0.414209763171	0.421942967617	0.522474625423	0.34026099565	0.423392943451	0.52537457709	0.874818753021	0.568873852102	0.538907684872	0.494925084582	0.457225712905	0.926051232479	0.752054132431	0.604639922668	0.537941034316	0.539874335428	0.521991300145	0.891735137748	0.593523441276	0.50459159014	0.52779120348	0.544224262929	0.574190430159	0.582406959884	0.529241179314	0.458192363461	0.468825519575	0.649105848236	0.573707104882	0.47220879652	0.505558240696	0.436442725955	0.561623972934	0.487191880135	0.697921701305	0.652489125181	0.506041565974	0.514258095698	0.501208313195	0.659255679072	0.595940067666	0.61333977767	0.601739971	0.602706621556	0.62493958434	0.512808119865	0.525857902368	0.524407926535	0.521024649589	0.556307394877	0.622522957951	0.558724021266	0.591106814886	0.49299178347	0.591106814886
AD3	0.677138714355	0.601256645723	0.950700821653	0.676655389077	0.640405993233	0.625906234896	0.0	0.542290961817	0.635572740454	0.356210729821	0.682455292412	0.593040115998	0.65732237796	0.875785403577	0.579990333494	0.645239246013	0.69212179797	0.687288545191	0.934267762204	0.764620589657	0.719671338811	0.693088448526	0.698405026583	0.696955050749	0.910101498308	0.68970517158	0.703238279362	0.695988400193	0.692605123248	0.690671822136	0.722087965201	0.70130497825	0.639922667956	0.65732237796	0.739004349928	0.675688738521	0.683421942968	0.548090865152	0.644755920735	0.582406959884	0.586756887385	0.565973900435	0.523924601257	0.573707104882	0.703238279362	0.696471725471	0.776220396327	0.71290478492	0.741904301595	0.728854519091	0.716288061866	0.735621072982	0.662638956017	0.666022232963	0.675688738521	0.67133881102	0.642822619623	0.728854519091	0.643305944901	0.719671338811	0.69453842436	0.710971483809
AD4	0.587723537941	0.473658772354	0.952634122765	0.604639922668	0.569840502658	0.414209763171	0.542290961817	0.0	0.305944900918	0.421942967617	0.423876268729	0.494925084582	0.507974867086	0.872402126631	0.534557757371	0.523924601257	0.464958917351	0.428709521508	0.94683421943	0.771387143548	0.592073465442	0.504108264862	0.503624939584	0.501691638473	0.911068148864	0.607056549058	0.458675688739	0.478492025133	0.51619139681	0.579023682939	0.561623972934	0.49299178347	0.399710004833	0.436926051232	0.65973900435	0.586273562107	0.447559207347	0.48380860319	0.436442725955	0.563557274045	0.470758820686	0.668438859352	0.620106331561	0.485741904302	0.495891735138	0.488641855969	0.66892218463	0.599806669889	0.633156114065	0.625422909618	0.610439826003	0.632189463509	0.512324794587	0.523441275979	0.515708071532	0.529241179314	0.538424359594	0.629772837119	0.543257612373	0.615273078782	0.496858385694	0.599323344611
AE3	0.565973900435	0.488158530691	0.928467858869	0.584823586274	0.56935717738	0.421942967617	0.635572740454	0.305944900918	0.0	0.512324794587	0.401643305945	0.501208313195	0.515224746254	0.852585790237	0.560657322378	0.521507974867	0.457225712905	0.42822619623	0.917834702755	0.744320927985	0.561623972934	0.472692121798	0.47462542291	0.48622522958	0.882068632189	0.574673755437	0.441275978734	0.464475592073	0.489125181247	0.552440792653	0.540357660706	0.46979217013	0.396326727888	0.445625906235	0.666505558241	0.59255679072	0.436442725955	0.510874818753	0.440309328178	0.602223296278	0.508941517641	0.698405026583	0.648622522958	0.500724987917	0.484291928468	0.480908651522	0.667472208797	0.602223296278	0.628322861286	0.625422909618	0.604639922668	0.632189463509	0.512808119865	0.530691155147	0.521991300145	0.532624456259	0.546640889319	0.635089415176	0.554374093765	0.612373127115	0.491541807637	0.600289995167
AE4	0.626872885452	0.529241179314	0.949250845819	0.622522957951	0.586273562107	0.522474625423	0.356210729821	0.421942967617	0.512324794587	0.0	0.576607056549	0.526824552924	0.588206863219	0.869502174964	0.542774287095	0.57177380377	0.586756887385	0.587723537941	0.937167713871	0.758337361044	0.661188980184	0.598840019333	0.611889801837	0.602223296278	0.906718221363	0.62493958434	0.602223296278	0.589173513775	0.588690188497	0.605123247946	0.647655872402	0.602223296278	0.53020782987	0.550507491542	0.68970517158	0.621072982117	0.577573707105	0.470758820686	0.540357660706	0.52779120348	0.517158047366	0.603189946834	0.554857419043	0.503624939584	0.608023199613	0.607539874335	0.723054615756	0.661188980184	0.695021749638	0.674722087965	0.680038666022	0.688738521025	0.601256645723	0.610923151281	0.592073465442	0.602223296278	0.571290478492	0.682455292412	0.598840019333	0.669405509908	0.589173513775	0.656839052682
AF3	0.603189946834	0.544224262929	0.970033832769	0.617689705172	0.619139681005	0.34026099565	0.682455292412	0.423876268729	0.401643305945	0.576607056549	0.0	0.516674722088	0.535524407927	0.89125181247	0.603189946834	0.567423876269	0.44900918318	0.413243112615	0.956984050266	0.78250362494	0.603673272112	0.536007733204	0.450459159014	0.445625906235	0.919284678589	0.621072982117	0.43740937651	0.501691638473	0.541807636539	0.601256645723	0.524891251812	0.488158530691	0.443209279845	0.488641855969	0.666022232963	0.610439826003	0.403093281779	0.543740937651	0.4398260029	0.617206379894	0.528274528758	0.732237796037	0.685838569357	0.539874335428	0.498791686805	0.488641855969	0.667955534074	0.60415659739	0.645239246013	0.622039632673	0.607056549058	0.635089415176	0.531657805703	0.528274528758	0.522957950701	0.528757854036	0.575157080715	0.63653939101	0.582406959884	0.609473175447	0.495891735138	0.597390043499
AF4	0.627839536008	0.516674722088	0.936201063316	0.589656839053	0.34267762204	0.423392943451	0.593040115998	0.494925084582	0.501208313195	0.526824552924	0.516674722088	0.0	0.551474142098	0.859352344128	0.543257612373	0.568873852102	0.579507008217	0.549540840986	0.898501691638	0.734654422426	0.699855002417	0.634606089899	0.666988883519	0.649589173514	0.861768970517	0.647172547124	0.599806669889	0.617206379894	0.637022716288	0.639922667956	0.666988883519	0.626389560174	0.555340744321	0.565490575157	0.604639922668	0.529724504592	0.553890768487	0.533107781537	0.506041565974	0.523924601257	0.489608506525	0.641372643789	0.616723054616	0.519091348478	0.566940550991	0.564523924601	0.594490091832	0.524407926535	0.56935717738	0.540357660706	0.540840985984	0.552924117931	0.480908651522	0.500241662639	0.51377477042	0.505074915418	0.579023682939	0.554374093765	0.570323827936	0.531657805703	0.55775737071	0.529724504592
AG3	0.581440309328	0.482358627356	0.969067182214	0.467858869019	0.612373127115	0.52537457709	0.65732237796	0.507974867086	0.515224746254	0.588206863219	0.535524407927	0.551474142098	0.0	0.856935717738	0.53020782987	0.523924601257	0.514741420976	0.487675205413	0.929917834703	0.754470758821	0.680038666022	0.596423392943	0.599806669889	0.598356694055	0.885935234413	0.629772837119	0.560657322378	0.58337361044	0.614789753504	0.621072982117	0.641855969067	0.579990333494	0.526824552924	0.522957950701	0.655872402127	0.618656355727	0.545674238763	0.559207346544	0.510391493475	0.582406959884	0.506041565974	0.70130497825	0.652005799903	0.550024166264	0.582406959884	0.573223779604	0.638472692122	0.586756887385	0.622039632673	0.609956500725	0.586756887385	0.609473175447	0.510391493475	0.521507974867	0.538907684872	0.531174480425	0.549540840986	0.615273078782	0.551474142098	0.603673272112	0.517641372644	0.579507008217
AG4	0.860802319961	0.85645239246	0.347027549541	0.581440309328	0.839052682455	0.874818753021	0.875785403577	0.872402126631	0.852585790237	0.869502174964	0.89125181247	0.859352344128	0.856935717738	0.0	0.881585306912	0.85886901885	0.90043499275	0.897051715805	0.731271145481	0.676172063799	0.81246979217	0.840985983567	0.885935234413	0.882068632189	0.826002899952	0.82406959884	0.869502174964	0.856935717738	0.769937167714	0.763170613823	0.890768487192	0.87723537941	0.878685355244	0.881585306912	0.910101498308	0.893185113581	0.896085065249	0.869985500242	0.896085065249	0.892218463026	0.894151764137	0.853552440793	0.857419043016	0.874818753021	0.906234896085	0.901884968584	0.895601739971	0.892218463026	0.896085065249	0.894151764137	0.899951667472	0.895118414693	0.90043499275	0.894635089415	0.901884968584	0.90043499275	0.896085065249	0.896085065249	0.894635089415	0.899468342194	0.898985016916	0.898018366361
AH3	0.653939101015	0.38424359594	0.963750604157	0.600289995167	0.605123247946	0.568873852102	0.579990333494	0.534557757371	0.560657322378	0.542774287095	0.603189946834	0.543257612373	0.53020782987	0.881585306912	0.0	0.532624456259	0.602223296278	0.596423392943	0.926534557757	0.760270662156	0.716288061866	0.635089415176	0.636056065732	0.643789270179	0.90285161914	0.687288545191	0.642822619623	0.644272595457	0.669405509908	0.675205413243	0.694055099082	0.637506041566	0.552440792653	0.577090381827	0.696471725471	0.640889318511	0.628322861286	0.553890768487	0.593523441276	0.554374093765	0.539874335428	0.615273078782	0.577573707105	0.563557274045	0.644272595457	0.6389560174	0.707104881585	0.623972933784	0.661188980184	0.655872402127	0.639922667956	0.667955534074	0.593040115998	0.588206863219	0.592073465442	0.602223296278	0.566940550991	0.667472208797	0.55775737071	0.638472692122	0.595456742388	0.620106331561
AH4	0.327211213146	0.367810536491	0.945867568874	0.589173513775	0.624456259062	0.538907684872	0.645239246013	0.523924601257	0.521507974867	0.57177380377	0.567423876269	0.568873852102	0.523924601257	0.85886901885	0.532624456259	0.0	0.539874335428	0.53020782987	0.881585306912	0.722087965201	0.631706138231	0.559690671822	0.575640405993	0.564523924601	0.848719188014	0.581923634606	0.554374093765	0.546640889319	0.584823586274	0.58337361044	0.584823586274	0.537941034316	0.537457709038	0.539874335428	0.70372160464	0.647172547124	0.572257129048	0.574673755437	0.548090865152	0.58095698405	0.531174480425	0.691155147414	0.644272595457	0.563557274045	0.583856935718	0.583856935718	0.674722087965	0.615273078782	0.669888835186	0.627839536008	0.627839536008	0.644755920735	0.547607539874	0.540840985984	0.542290961817	0.542290961817	0.512808119865	0.639922667956	0.528757854036	0.626872885452	0.53939101015	0.619623006283
AA7	0.581440309328	0.534074432093	0.970033832769	0.621556307395	0.632672788787	0.494925084582	0.69212179797	0.464958917351	0.457225712905	0.586756887385	0.44900918318	0.579507008217	0.514741420976	0.90043499275	0.602223296278	0.539874335428	0.0	0.285161913968	0.925084581924	0.77090381827	0.605606573224	0.513291445143	0.487191880135	0.478008699855	0.876752054132	0.608989850169	0.461092315128	0.488641855969	0.540357660706	0.59255679072	0.521507974867	0.423876268729	0.437892701788	0.496858385694	0.701788303528	0.659255679072	0.470275495408	0.568873852102	0.491541807637	0.623972933784	0.548090865152	0.737554374094	0.688255195747	0.590140164331	0.53697438376	0.537457709038	0.678588690188	0.620589656839	0.670372160464	0.64813919768	0.60657322378	0.634122764621	0.521024649589	0.537941034316	0.535041082649	0.531657805703	0.544707588207	0.632189463509	0.543740937651	0.640889318511	0.502658289029	0.611889801837
AA8	0.568390526825	0.526824552924	0.968583856936	0.613823102948	0.600289995167	0.457225712905	0.687288545191	0.428709521508	0.42822619623	0.587723537941	0.413243112615	0.549540840986	0.487675205413	0.897051715805	0.596423392943	0.53020782987	0.285161913968	0.0	0.925084581924	0.766553890768	0.587723537941	0.497825036249	0.476558724021	0.464958917351	0.863218946351	0.595940067666	0.430159497342	0.478975350411	0.524891251812	0.590623489609	0.479458675689	0.382793620106	0.421459642339	0.468342194297	0.683905268246	0.637506041566	0.439342677622	0.552924117931	0.464475592073	0.611406476559	0.524891251812	0.738037699372	0.68970517158	0.555340744321	0.509908168197	0.501691638473	0.651039149348	0.59497341711	0.647172547124	0.621556307395	0.586273562107	0.610923151281	0.497825036249	0.517158047366	0.515224746254	0.509424842919	0.542774287095	0.605606573224	0.536007733204	0.620106331561	0.487191880135	0.594490091832
AB7	0.881101981634	0.892701788304	0.7593040116	0.743354277429	0.869502174964	0.926051232479	0.934267762204	0.94683421943	0.917834702755	0.937167713871	0.956984050266	0.898501691638	0.929917834703	0.731271145481	0.926534557757	0.881585306912	0.925084581924	0.925084581924	0.0	0.404059932334	0.811019816336	0.832769453842	0.933784436926	0.918801353311	0.740937651039	0.823102948284	0.89125181247	0.877718704688	0.734654422426	0.695988400193	0.884485258579	0.898985016916	0.927501208313	0.938134364427	0.941034316095	0.934751087482	0.943934267762	0.918801353311	0.951184146931	0.933784436926	0.937167713871	0.871435476075	0.882068632189	0.908651522475	0.963267278879	0.950700821653	0.928951184147	0.928951184147	0.943934267762	0.933301111648	0.930884485259	0.927017883035	0.922667955534	0.915901401643	0.9212179797	0.916384726921	0.922184630256	0.917834702755	0.919284678589	0.928951184147	0.952634122765	0.931367810536
AB8	0.718704688255	0.727887868536	0.749154180764	0.55775737071	0.75688738521	0.752054132431	0.764620589657	0.771387143548	0.744320927985	0.758337361044	0.78250362494	0.734654422426	0.754470758821	0.676172063799	0.760270662156	0.722087965201	0.77090381827	0.766553890768	0.404059932334	0.0	0.646689221846	0.664088931851	0.751570807153	0.735621072982	0.733204446593	0.649589173514	0.713871435476	0.699371677139	0.536007733204	0.519091348478	0.739971000483	0.734171097148	0.757854035766	0.764137264379	0.808603189947	0.766553890768	0.768003866602	0.73852102465	0.76848719188	0.759787336878	0.754470758821	0.711454809087	0.714354760754	0.735137747704	0.792170130498	0.777187046883	0.82165297245	0.766070565491	0.800386660222	0.78008699855	0.777187046883	0.790236829386	0.771387143548	0.761720637989	0.769453842436	0.765587240213	0.761720637989	0.781536974384	0.766553890768	0.763653939101	0.781536974384	0.768970517158
AC7	0.622522957951	0.647655872402	0.882068632189	0.652489125181	0.740454325761	0.604639922668	0.719671338811	0.592073465442	0.561623972934	0.661188980184	0.603673272112	0.699855002417	0.680038666022	0.81246979217	0.716288061866	0.631706138231	0.605606573224	0.587723537941	0.811019816336	0.646689221846	0.0	0.367810536491	0.576123731271	0.565007249879	0.809086515225	0.585790236829	0.546640889319	0.532141130981	0.483325277912	0.50459159014	0.575640405993	0.540840985984	0.572257129048	0.598840019333	0.808119864669	0.758820686322	0.62493958434	0.652972450459	0.620589656839	0.714838086032	0.667472208797	0.720637989367	0.695505074915	0.649589173514	0.626872885452	0.621072982117	0.825519574674	0.766070565491	0.799903334944	0.79168680522	0.760753987434	0.787336877719	0.683421942968	0.693088448526	0.68293861769	0.68970517158	0.669888835186	0.785886901885	0.681971967134	0.779603673272	0.618656355727	0.764137264379
AC8	0.565490575157	0.563557274045	0.913968100532	0.617689705172	0.688255195747	0.537941034316	0.693088448526	0.504108264862	0.472692121798	0.598840019333	0.536007733204	0.634606089899	0.596423392943	0.840985983567	0.635089415176	0.559690671822	0.513291445143	0.497825036249	0.832769453842	0.664088931851	0.367810536491	0.0	0.484775253746	0.480425326245	0.836152730788	0.546640889319	0.400193330111	0.390043499275	0.438376027066	0.483325277912	0.527307878202	0.466892218463	0.478492025133	0.514258095698	0.730787820203	0.681971967134	0.543257612373	0.581923634606	0.548090865152	0.642339294345	0.587240212663	0.693088448526	0.654422426293	0.584340260996	0.55775737071	0.551474142098	0.744320927985	0.681971967134	0.729337844369	0.719671338811	0.685838569357	0.707104881585	0.604639922668	0.608989850169	0.599323344611	0.611889801837	0.589173513775	0.706138231029	0.597873368777	0.704204929918	0.544707588207	0.680038666022
AD7	0.587723537941	0.579023682939	0.957467375544	0.657805703238	0.738037699372	0.539874335428	0.698405026583	0.503624939584	0.47462542291	0.611889801837	0.450459159014	0.666988883519	0.599806669889	0.885935234413	0.636056065732	0.575640405993	0.487191880135	0.476558724021	0.933784436926	0.751570807153	0.576123731271	0.484775253746	0.0	0.304011599807	0.896085065249	0.521507974867	0.425326244563	0.480425326245	0.51619139681	0.572257129048	0.503141614306	0.455292411793	0.479942000967	0.537457709038	0.753987433543	0.700821652972	0.502174963751	0.599323344611	0.552440792653	0.663605606573	0.613823102948	0.739487675205	0.692605123248	0.613823102948	0.559207346544	0.556790720155	0.75688738521	0.693571773804	0.748187530208	0.730787820203	0.687771870469	0.718221362977	0.626389560174	0.628322861286	0.611889801837	0.629772837119	0.596423392943	0.719671338811	0.610439826003	0.718221362977	0.563073948768	0.682455292412
AD8	0.577090381827	0.579990333494	0.952634122765	0.637022716288	0.719671338811	0.521991300145	0.696955050749	0.501691638473	0.48622522958	0.602223296278	0.445625906235	0.649589173514	0.598356694055	0.882068632189	0.643789270179	0.564523924601	0.478008699855	0.464958917351	0.918801353311	0.735621072982	0.565007249879	0.480425326245	0.304011599807	0.0	0.845819236346	0.473658772354	0.402609956501	0.454809086515	0.490575157081	0.549057515708	0.502658289029	0.461092315128	0.478975350411	0.531174480425	0.739971000483	0.684388593523	0.486708554857	0.577573707105	0.530691155147	0.640889318511	0.588206863219	0.729821169647	0.679072015466	0.586756887385	0.553890768487	0.544707588207	0.748670855486	0.681488641856	0.73610439826	0.715804736588	0.677138714355	0.704688255196	0.611406476559	0.611406476559	0.597873368777	0.61333977767	0.582406959884	0.708554857419	0.605123247946	0.703238279362	0.548090865152	0.674722087965
AE7	0.83566940551	0.873852102465	0.853069115515	0.792653455776	0.82165297245	0.891735137748	0.910101498308	0.911068148864	0.882068632189	0.906718221363	0.919284678589	0.861768970517	0.885935234413	0.826002899952	0.90285161914	0.848719188014	0.876752054132	0.863218946351	0.740937651039	0.733204446593	0.809086515225	0.836152730788	0.896085065249	0.845819236346	0.0	0.525857902368	0.86805219913	0.855002416626	0.769453842436	0.762687288545	0.836636056066	0.841469308845	0.899951667472	0.90961817303	0.925084581924	0.91445142581	0.918801353311	0.896568390527	0.913484775254	0.893668438859	0.899951667472	0.875785403577	0.873852102465	0.8796520058	0.938617689705	0.92363460609	0.889801836636	0.90285161914	0.91445142581	0.895118414693	0.899951667472	0.893185113581	0.890285161914	0.888351860802	0.90285161914	0.886901884969	0.904784920251	0.885451909135	0.896568390527	0.893668438859	0.914934751087	0.902368293862
AE8	0.587723537941	0.607056549058	0.890285161914	0.622522957951	0.69212179797	0.593523441276	0.68970517158	0.607056549058	0.574673755437	0.62493958434	0.621072982117	0.647172547124	0.629772837119	0.82406959884	0.687288545191	0.581923634606	0.608989850169	0.595940067666	0.823102948284	0.649589173514	0.585790236829	0.546640889319	0.521507974867	0.473658772354	0.525857902368	0.0	0.569840502658	0.547607539874	0.519091348478	0.507974867086	0.586756887385	0.568873852102	0.602223296278	0.610923151281	0.750120831319	0.706138231029	0.622039632673	0.602223296278	0.614306428226	0.651522474625	0.623489608507	0.696955050749	0.652489125181	0.592073465442	0.639922667956	0.626389560174	0.75688738521	0.69453842436	0.750604156597	0.71532141131	0.708554857419	0.728371193813	0.653455775737	0.640405993233	0.637506041566	0.639922667956	0.631706138231	0.71290478492	0.653939101015	0.695021749638	0.610923151281	0.690188496858
AF7	0.573223779604	0.545190913485	0.939584340261	0.631222812953	0.669405509908	0.50459159014	0.703238279362	0.458675688739	0.441275978734	0.602223296278	0.43740937651	0.599806669889	0.560657322378	0.869502174964	0.642822619623	0.554374093765	0.461092315128	0.430159497342	0.89125181247	0.713871435476	0.546640889319	0.400193330111	0.425326244563	0.402609956501	0.86805219913	0.569840502658	0.0	0.333011116481	0.473175447076	0.535524407927	0.487191880135	0.46979217013	0.436926051232	0.482358627356	0.688738521025	0.646205896568	0.44900918318	0.537941034316	0.49540840986	0.623972933784	0.545190913485	0.716288061866	0.667955534074	0.549057515708	0.519091348478	0.510874818753	0.690188496858	0.631706138231	0.688255195747	0.673755437409	0.630256162397	0.654422426293	0.560657322378	0.559207346544	0.545190913485	0.565007249879	0.567907201547	0.654905751571	0.576607056549	0.657805703238	0.497825036249	0.62735621073
AF8	0.564040599323	0.553890768487	0.930401159981	0.616723054616	0.684388593523	0.52779120348	0.695988400193	0.478492025133	0.464475592073	0.589173513775	0.501691638473	0.617206379894	0.58337361044	0.856935717738	0.644272595457	0.546640889319	0.488641855969	0.478975350411	0.877718704688	0.699371677139	0.532141130981	0.390043499275	0.480425326245	0.454809086515	0.855002416626	0.547607539874	0.333011116481	0.0	0.455775737071	0.518124697922	0.508941517641	0.467858869019	0.461575640406	0.512808119865	0.708554857419	0.664572257129	0.501208313195	0.553407443209	0.511358144031	0.617206379894	0.555824069599	0.704688255196	0.656839052682	0.552924117931	0.543740937651	0.537941034316	0.704688255196	0.645239246013	0.703238279362	0.688738521025	0.655872402127	0.670372160464	0.570807153214	0.578057032383	0.56259062349	0.576123731271	0.565007249879	0.666505558241	0.579023682939	0.670855485742	0.51619139681	0.641855969067
AG7	0.593523441276	0.595456742388	0.840019333011	0.554374093765	0.683421942968	0.544224262929	0.692605123248	0.51619139681	0.489125181247	0.588690188497	0.541807636539	0.637022716288	0.614789753504	0.769937167714	0.669405509908	0.584823586274	0.540357660706	0.524891251812	0.734654422426	0.536007733204	0.483325277912	0.438376027066	0.51619139681	0.490575157081	0.769453842436	0.519091348478	0.473175447076	0.455775737071	0.0	0.334461092315	0.544224262929	0.506524891252	0.503624939584	0.559690671822	0.744320927985	0.691155147414	0.536007733204	0.579023682939	0.552440792653	0.6389560174	0.602706621556	0.681971967134	0.638472692122	0.577573707105	0.593523441276	0.586273562107	0.752537457709	0.679072015466	0.729821169647	0.717254712421	0.677622039633	0.710004833253	0.626872885452	0.622039632673	0.617689705172	0.623972933784	0.619623006283	0.707588206863	0.633639439343	0.696955050749	0.580473658772	0.677138714355
AG8	0.58337361044	0.597390043499	0.850652489125	0.581923634606	0.695505074915	0.574190430159	0.690671822136	0.579023682939	0.552440792653	0.605123247946	0.601256645723	0.639922667956	0.621072982117	0.763170613823	0.675205413243	0.58337361044	0.59255679072	0.590623489609	0.695988400193	0.519091348478	0.50459159014	0.483325277912	0.572257129048	0.549057515708	0.762687288545	0.507974867086	0.535524407927	0.518124697922	0.334461092315	0.0	0.58095698405	0.55775737071	0.58337361044	0.593523441276	0.753504108265	0.704204929918	0.594490091832	0.584823586274	0.585790236829	0.653939101015	0.611889801837	0.677622039633	0.642339294345	0.591106814886	0.620589656839	0.618173030449	0.756404059932	0.686321894635	0.735137747704	0.718704688255	0.690671822136	0.714838086032	0.633639439343	0.631222812953	0.626389560174	0.630256162397	0.62493958434	0.713871435476	0.641855969067	0.702271628806	0.598356694055	0.683905268246
AH7	0.586273562107	0.620589656839	0.955050749154	0.683421942968	0.709038182697	0.582406959884	0.722087965201	0.561623972934	0.540357660706	0.647655872402	0.524891251812	0.666988883519	0.641855969067	0.890768487192	0.694055099082	0.584823586274	0.521507974867	0.479458675689	0.884485258579	0.739971000483	0.575640405993	0.527307878202	0.503141614306	0.502658289029	0.836636056066	0.586756887385	0.487191880135	0.508941517641	0.544224262929	0.58095698405	0.0	0.343160947318	0.564040599323	0.614306428226	0.774770420493	0.737554374094	0.544224262929	0.65055582407	0.59497341711	0.674238762687	0.639922667956	0.770420492992	0.727887868536	0.643789270179	0.626389560174	0.619623006283	0.765103914935	0.716288061866	0.766070565491	0.735137747704	0.708071532141	0.731271145481	0.633639439343	0.639439342678	0.628806186564	0.631706138231	0.625422909618	0.731271145481	0.629772837119	0.724021266312	0.604639922668	0.714838086032
AH8	0.552924117931	0.566457225713	0.951667472209	0.639922667956	0.673755437409	0.529241179314	0.70130497825	0.49299178347	0.46979217013	0.602223296278	0.488158530691	0.626389560174	0.579990333494	0.87723537941	0.637506041566	0.537941034316	0.423876268729	0.382793620106	0.898985016916	0.734171097148	0.540840985984	0.466892218463	0.455292411793	0.461092315128	0.841469308845	0.568873852102	0.46979217013	0.467858869019	0.506524891252	0.55775737071	0.343160947318	0.0	0.479458675689	0.542774287095	0.745770903818	0.695988400193	0.513291445143	0.596906718221	0.543740937651	0.62735621073	0.582890285162	0.735621072982	0.689221846303	0.599806669889	0.567907201547	0.563073948768	0.717254712421	0.660705654906	0.722571290478	0.688255195747	0.652005799903	0.677622039633	0.579990333494	0.586756887385	0.58095698405	0.582406959884	0.565490575157	0.677622039633	0.565973900435	0.678105364911	0.546640889319	0.65732237796
AA5	0.588206863219	0.507491541808	0.95601739971	0.618656355727	0.618173030449	0.458192363461	0.639922667956	0.399710004833	0.396326727888	0.53020782987	0.443209279845	0.555340744321	0.526824552924	0.878685355244	0.552440792653	0.537457709038	0.437892701788	0.421459642339	0.927501208313	0.757854035766	0.572257129048	0.478492025133	0.479942000967	0.478975350411	0.899951667472	0.602223296278	0.436926051232	0.461575640406	0.503624939584	0.58337361044	0.564040599323	0.479458675689	0.0	0.338811019816	0.681005316578	0.597390043499	0.455292411793	0.459159014016	0.47220879652	0.559690671822	0.47462542291	0.644755920735	0.594006766554	0.461575640406	0.504108264862	0.487191880135	0.706138231029	0.644272595457	0.678105364911	0.663605606573	0.650072498792	0.673272112131	0.538424359594	0.565973900435	0.563557274045	0.55775737071	0.543740937651	0.670855485742	0.559207346544	0.651522474625	0.507491541808	0.637989366844
AA6	0.588690188497	0.507974867086	0.961817303045	0.627839536008	0.628322861286	0.468825519575	0.65732237796	0.436926051232	0.445625906235	0.550507491542	0.488641855969	0.565490575157	0.522957950701	0.881585306912	0.577090381827	0.539874335428	0.496858385694	0.468342194297	0.938134364427	0.764137264379	0.598840019333	0.514258095698	0.537457709038	0.531174480425	0.90961817303	0.610923151281	0.482358627356	0.512808119865	0.559690671822	0.593523441276	0.614306428226	0.542774287095	0.338811019816	0.0	0.666988883519	0.582406959884	0.504108264862	0.482841952634	0.478008699855	0.578540357661	0.492508458192	0.675205413243	0.623006283229	0.488158530691	0.440309328178	0.427742870952	0.68970517158	0.630739487675	0.660222329628	0.651522474625	0.634606089899	0.657805703238	0.524891251812	0.549540840986	0.544224262929	0.546157564041	0.545190913485	0.655872402127	0.558240695988	0.63653939101	0.505558240696	0.625906234896
AB5	0.740454325761	0.654422426293	0.974867085549	0.715804736588	0.6389560174	0.649105848236	0.739004349928	0.65973900435	0.666505558241	0.68970517158	0.666022232963	0.604639922668	0.655872402127	0.910101498308	0.696471725471	0.70372160464	0.701788303528	0.683905268246	0.941034316095	0.808603189947	0.808119864669	0.730787820203	0.753987433543	0.739971000483	0.925084581924	0.750120831319	0.688738521025	0.708554857419	0.744320927985	0.753504108265	0.774770420493	0.745770903818	0.681005316578	0.666988883519	0.0	0.320444659256	0.619139681005	0.659255679072	0.598840019333	0.629772837119	0.593523441276	0.749637506042	0.739487675205	0.641372643789	0.633639439343	0.622039632673	0.629772837119	0.610439826003	0.632189463509	0.612856452392	0.633639439343	0.612856452392	0.593523441276	0.586273562107	0.601256645723	0.594490091832	0.669405509908	0.606089898502	0.660222329628	0.60415659739	0.665538907685	0.621556307395
AB6	0.698888351861	0.598840019333	0.969550507492	0.65973900435	0.595940067666	0.573707104882	0.675688738521	0.586273562107	0.59255679072	0.621072982117	0.610439826003	0.529724504592	0.618656355727	0.893185113581	0.640889318511	0.647172547124	0.659255679072	0.637506041566	0.934751087482	0.766553890768	0.758820686322	0.681971967134	0.700821652972	0.684388593523	0.91445142581	0.706138231029	0.646205896568	0.664572257129	0.691155147414	0.704204929918	0.737554374094	0.695988400193	0.597390043499	0.582406959884	0.320444659256	0.0	0.58095698405	0.587240212663	0.547607539874	0.58095698405	0.545190913485	0.681971967134	0.666022232963	0.550024166264	0.567423876269	0.55775737071	0.608989850169	0.558240695988	0.590140164331	0.573223779604	0.587240212663	0.585790236829	0.535041082649	0.562107298212	0.565973900435	0.57177380377	0.621556307395	0.574673755437	0.615273078782	0.561140647656	0.632672788787	0.566457225713
AC5	0.596906718221	0.552924117931	0.973417109715	0.633156114065	0.630256162397	0.47220879652	0.683421942968	0.447559207347	0.436442725955	0.577573707105	0.403093281779	0.553890768487	0.545674238763	0.896085065249	0.628322861286	0.572257129048	0.470275495408	0.439342677622	0.943934267762	0.768003866602	0.62493958434	0.543257612373	0.502174963751	0.486708554857	0.918801353311	0.622039632673	0.44900918318	0.501208313195	0.536007733204	0.594490091832	0.544224262929	0.513291445143	0.455292411793	0.504108264862	0.619139681005	0.58095698405	0.0	0.448042532624	0.425809569841	0.585790236829	0.516674722088	0.727887868536	0.66892218463	0.534074432093	0.47220879652	0.469308844853	0.612373127115	0.568873852102	0.617206379894	0.583856935718	0.569840502658	0.588690188497	0.503624939584	0.490575157081	0.488158530691	0.496858385694	0.567423876269	0.589173513775	0.578540357661	0.578057032383	0.510391493475	0.564040599323
AC6	0.626872885452	0.51619139681	0.954567423876	0.632672788787	0.589656839053	0.505558240696	0.548090865152	0.48380860319	0.510874818753	0.470758820686	0.543740937651	0.533107781537	0.559207346544	0.869985500242	0.553890768487	0.574673755437	0.568873852102	0.552924117931	0.918801353311	0.73852102465	0.652972450459	0.581923634606	0.599323344611	0.577573707105	0.896568390527	0.602223296278	0.537941034316	0.553407443209	0.579023682939	0.584823586274	0.65055582407	0.596906718221	0.459159014016	0.482841952634	0.659255679072	0.587240212663	0.448042532624	0.0	0.521507974867	0.526341227646	0.492508458192	0.501208313195	0.44900918318	0.410826486225	0.551474142098	0.547124214596	0.685838569357	0.629772837119	0.664088931851	0.640889318511	0.643789270179	0.665055582407	0.574673755437	0.581440309328	0.578057032383	0.577573707105	0.566457225713	0.658289028516	0.58337361044	0.633639439343	0.546640889319	0.62735621073
AD6	0.596906718221	0.534074432093	0.973900434993	0.60657322378	0.598840019333	0.436442725955	0.644755920735	0.436442725955	0.440309328178	0.540357660706	0.4398260029	0.506041565974	0.510391493475	0.896085065249	0.593523441276	0.548090865152	0.491541807637	0.464475592073	0.951184146931	0.76848719188	0.620589656839	0.548090865152	0.552440792653	0.530691155147	0.913484775254	0.614306428226	0.49540840986	0.511358144031	0.552440792653	0.585790236829	0.59497341711	0.543740937651	0.47220879652	0.478008699855	0.598840019333	0.547607539874	0.425809569841	0.521507974867	0.0	0.543740937651	0.419526341228	0.718704688255	0.670855485742	0.519574673755	0.452392460126	0.444659255679	0.595940067666	0.535524407927	0.577573707105	0.559690671822	0.545190913485	0.566457225713	0.456742387627	0.447559207347	0.448042532624	0.47220879652	0.547124214596	0.563557274045	0.555824069599	0.551957467376	0.463992266796	0.529241179314
AE5	0.632672788787	0.53939101015	0.973417109715	0.633639439343	0.577090381827	0.561623972934	0.582406959884	0.563557274045	0.602223296278	0.52779120348	0.617206379894	0.523924601257	0.582406959884	0.892218463026	0.554374093765	0.58095698405	0.623972933784	0.611406476559	0.933784436926	0.759787336878	0.714838086032	0.642339294345	0.663605606573	0.640889318511	0.893668438859	0.651522474625	0.623972933784	0.617206379894	0.6389560174	0.653939101015	0.674238762687	0.62735621073	0.559690671822	0.578540357661	0.629772837119	0.58095698405	0.585790236829	0.526341227646	0.543740937651	0.0	0.352827452876	0.621556307395	0.583856935718	0.511841469309	0.630739487675	0.623489608507	0.670855485742	0.618656355727	0.643789270179	0.629289511841	0.640405993233	0.653939101015	0.554857419043	0.567907201547	0.601739971	0.565973900435	0.555824069599	0.642339294345	0.557274045433	0.618173030449	0.579023682939	0.631222812953
AE6	0.594490091832	0.472692121798	0.971483808603	0.60415659739	0.554857419043	0.487191880135	0.586756887385	0.470758820686	0.508941517641	0.517158047366	0.528274528758	0.489608506525	0.506041565974	0.894151764137	0.539874335428	0.531174480425	0.548090865152	0.524891251812	0.937167713871	0.754470758821	0.667472208797	0.587240212663	0.613823102948	0.588206863219	0.899951667472	0.623489608507	0.545190913485	0.555824069599	0.602706621556	0.611889801837	0.639922667956	0.582890285162	0.47462542291	0.492508458192	0.593523441276	0.545190913485	0.516674722088	0.492508458192	0.419526341228	0.352827452876	0.0	0.652972450459	0.603189946834	0.472692121798	0.544707588207	0.539874335428	0.634606089899	0.577573707105	0.608506524891	0.590623489609	0.599323344611	0.620106331561	0.478492025133	0.496375060416	0.512808119865	0.493475108748	0.506524891252	0.602223296278	0.517158047366	0.581923634606	0.496858385694	0.58095698405
AF5	0.733204446593	0.655872402127	0.930401159981	0.671822136298	0.672788786854	0.697921701305	0.565973900435	0.668438859352	0.698405026583	0.603189946834	0.732237796037	0.641372643789	0.70130497825	0.853552440793	0.615273078782	0.691155147414	0.737554374094	0.738037699372	0.871435476075	0.711454809087	0.720637989367	0.693088448526	0.739487675205	0.729821169647	0.875785403577	0.696955050749	0.716288061866	0.704688255196	0.681971967134	0.677622039633	0.770420492992	0.735621072982	0.644755920735	0.675205413243	0.749637506042	0.681971967134	0.727887868536	0.501208313195	0.718704688255	0.621556307395	0.652972450459	0.0	0.282261962301	0.565007249879	0.743354277429	0.735137747704	0.782986950217	0.730787820203	0.755437409377	0.728371193813	0.751087481875	0.758337361044	0.712421459642	0.726437892702	0.746254229096	0.726437892702	0.693571773804	0.746737554374	0.694055099082	0.721121314645	0.729821169647	0.735137747704
AF6	0.687771870469	0.605606573224	0.934751087482	0.657805703238	0.656355727405	0.652489125181	0.523924601257	0.620106331561	0.648622522958	0.554857419043	0.685838569357	0.616723054616	0.652005799903	0.857419043016	0.577573707105	0.644272595457	0.688255195747	0.68970517158	0.882068632189	0.714354760754	0.695505074915	0.654422426293	0.692605123248	0.679072015466	0.873852102465	0.652489125181	0.667955534074	0.656839052682	0.638472692122	0.642339294345	0.727887868536	0.689221846303	0.594006766554	0.623006283229	0.739487675205	0.666022232963	0.66892218463	0.44900918318	0.670855485742	0.583856935718	0.603189946834	0.282261962301	0.0	0.519091348478	0.693088448526	0.688255195747	0.776703721605	0.715804736588	0.743354277429	0.715804736588	0.722087965201	0.74770420493	0.666505558241	0.684388593523	0.700821652972	0.684388593523	0.642339294345	0.735137747704	0.646205896568	0.70130497825	0.683421942968	0.705654905752
