	AA3	AA4	AB3	AB4	AC3	AC4	AD3	AD4	AE3	AE4	AF3	AF4	AG3	AG4	AH3	AH4	AA7	AA8	AB7	AB8	AC7	AC8	AD7	AD8	AE7	AE8	AF7	AF8	AG7	AG8	AH7	AH8	AA5	AA6	AB5	AB6	AC5	AC6	AD6	AE5	AE6	AF5	AF6	AG5	AH5	AH6	AA1	AA2	AB1	AB2	AC1	AC2	AD1	AD2	AE1	AE2	AF1	AF2	AG1	AG2	AH1	AH2
AA3	0.0	0.494441759304	0.929434509425	0.623006283229	0.65732237796	0.589656839053	0.662155630739	0.593523441276	0.56935717738	0.652972450459	0.62493958434	0.617206379894	0.585790236829	0.840502658289	0.666988883519	0.333011116481	0.578540357661	0.578057032383	0.853069115515	0.712421459642	0.616723054616	0.574190430159	0.602706621556	0.590623489609	0.830352827453	0.591590140164	0.579990333494	0.56935717738	0.590623489609	0.582406959884	0.594006766554	0.565490575157	0.596906718221	0.606089898502	0.750604156597	0.701788303528	0.603189946834	0.62735621073	0.605123247946	0.643789270179	0.598840019333	0.702754954084	0.697438376027	0.626872885452	0.641855969067	0.616239729338	0.686321894635	0.649105848236	0.725954567424	0.681971967134	0.637506041566	0.677138714355	0.567423876269	0.57177380377	0.581440309328	0.578057032383	0.576607056549	0.669888835186	0.587240212663	0.685838569357	0.590140164331	0.650072498792
AA4	0.494441759304	0.0	0.951667472209	0.587723537941	0.558240695988	0.478492025133	0.584340260996	0.477042049299	0.478975350411	0.537941034316	0.543257612373	0.514258095698	0.455775737071	0.854519091348	0.381826969551	0.361527307878	0.5186080232	0.519091348478	0.901401643306	0.735137747704	0.649589173514	0.573223779604	0.596423392943	0.579990333494	0.883035282745	0.625906234896	0.538424359594	0.540357660706	0.579507008217	0.613823102948	0.62735621073	0.574190430159	0.490575157081	0.501208313195	0.658289028516	0.599323344611	0.541807636539	0.498791686805	0.508458192363	0.532624456259	0.465442242629	0.622522957951	0.597390043499	0.496858385694	0.573223779604	0.544224262929	0.643305944901	0.570807153214	0.633639439343	0.597390043499	0.587723537941	0.62493958434	0.501208313195	0.50700821653	0.514741420976	0.514741420976	0.480908651522	0.616723054616	0.505074915418	0.593523441276	0.508941517641	0.57177380377
AB3	0.929434509425	0.951667472209	0.0	0.6805219913	0.921701304978	0.954084098598	0.955534074432	0.94441759304	0.933784436926	0.950217496375	0.973417109715	0.93523441276	0.968583856936	0.357177380377	0.962783953601	0.944900918318	0.974867085549	0.970033832769	0.73368777187	0.760753987434	0.889801836636	0.907684871919	0.963267278879	0.951184146931	0.853069115515	0.90043499275	0.942484291928	0.930401159981	0.848235862736	0.83566940551	0.955534074432	0.954567423876	0.959400676655	0.966167230546	0.974867085549	0.96520057999	0.977283711938	0.956500724988	0.975833736104	0.976317061382	0.976317061382	0.944900918318	0.924601256646	0.956984050266	0.977283711938	0.974867085549	0.974867085549	0.973900434993	0.974383760271	0.974867085549	0.974867085549	0.972450459159	0.976317061382	0.97680038666	0.977283711938	0.976317061382	0.975833736104	0.974383760271	0.976317061382	0.97680038666	0.974867085549	0.974867085549
AB4	0.623006283229	0.587723537941	0.6805219913	0.0	0.646205896568	0.609956500725	0.686805219913	0.632189463509	0.617689705172	0.646689221846	0.648622522958	0.615273078782	0.493475108748	0.5601739971	0.619623006283	0.588690188497	0.644272595457	0.637022716288	0.722571290478	0.572740454326	0.662155630739	0.623972933784	0.658289028516	0.64572257129	0.789753504108	0.644755920735	0.652972450459	0.636056065732	0.553407443209	0.584823586274	0.685838569357	0.646689221846	0.646205896568	0.661672305462	0.739487675205	0.674722087965	0.652489125181	0.639439342678	0.640889318511	0.639922667956	0.62493958434	0.670855485742	0.652005799903	0.646689221846	0.698888351861	0.678105364911	0.711454809087	0.655389076849	0.708554857419	0.682455292412	0.669888835186	0.685838569357	0.6389560174	0.638472692122	0.652005799903	0.644755920735	0.639439342678	0.684871918801	0.648622522958	0.678105364911	0.653939101015	0.662155630739
AC3	0.65732237796	0.558240695988	0.921701304978	0.646205896568	0.0	0.490575157081	0.633639439343	0.548090865152	0.564523924601	0.581440309328	0.612373127115	0.323827936201	0.613823102948	0.832769453842	0.617689705172	0.594490091832	0.610923151281	0.619623006283	0.873852102465	0.755920734654	0.734171097148	0.686805219913	0.719671338811	0.705171580474	0.837119381344	0.69212179797	0.652489125181	0.672305461576	0.670855485742	0.691638472692	0.705654905752	0.661188980184	0.602223296278	0.623006283229	0.625422909618	0.590623489609	0.617689705172	0.58337361044	0.590140164331	0.533107781537	0.568390526825	0.654422426293	0.642339294345	0.561623972934	0.648622522958	0.632189463509	0.603673272112	0.593523441276	0.597873368777	0.586273562107	0.601739971	0.59255679072	0.543740937651	0.571290478492	0.582890285162	0.556307394877	0.608989850169	0.589656839053	0.622039632673	0.593040115998	0.620106331561	0.579023682939
AC4	0.589656839053	0.478492025133	0.954084098598	0.609956500725	0.490575157081	0.0	0.611889801837	0.391010149831	0.405509908168	0.51377477042	0.339777670372	0.399710004833	0.506041565974	0.861768970517	0.587723537941	0.520541324311	0.466408893185	0.464958917351	0.924601256646	0.756404059932	0.589173513775	0.528757854036	0.529724504592	0.515224746254	0.897535041083	0.584340260996	0.485741904302	0.514741420976	0.536491058482	0.579990333494	0.572740454326	0.519091348478	0.454809086515	0.475108748188	0.629289511841	0.566940550991	0.443692605123	0.509908168197	0.416143064282	0.551474142098	0.487675205413	0.674722087965	0.654422426293	0.510391493475	0.50700821653	0.476075398743	0.626389560174	0.562107298212	0.601739971	0.583856935718	0.565490575157	0.604639922668	0.467375543741	0.489608506525	0.501691638473	0.490575157081	0.51619139681	0.595940067666	0.538907684872	0.586273562107	0.477525374577	0.559207346544
AD3	0.662155630739	0.584340260996	0.955534074432	0.686805219913	0.633639439343	0.611889801837	0.0	0.539874335428	0.635572740454	0.357177380377	0.66892218463	0.60657322378	0.638472692122	0.867085548574	0.584823586274	0.62735621073	0.671822136298	0.674238762687	0.935717738038	0.766553890768	0.712421459642	0.679555340744	0.692605123248	0.677622039633	0.913001449976	0.683905268246	0.685355244079	0.683421942968	0.68293861769	0.674722087965	0.711938134364	0.681971967134	0.620106331561	0.642822619623	0.743354277429	0.669405509908	0.672788786854	0.51619139681	0.623006283229	0.588690188497	0.572257129048	0.54857419043	0.538907684872	0.538907684872	0.698888351861	0.679072015466	0.766553890768	0.70372160464	0.74770420493	0.720637989367	0.702754954084	0.739004349928	0.64572257129	0.660705654906	0.660705654906	0.651039149348	0.618656355727	0.726437892702	0.634122764621	0.715804736588	0.685355244079	0.698405026583
AD4	0.593523441276	0.477042049299	0.94441759304	0.632189463509	0.548090865152	0.391010149831	0.539874335428	0.0	0.321411309812	0.420976317061	0.423392943451	0.491541807637	0.524891251812	0.853552440793	0.572740454326	0.522957950701	0.454809086515	0.459642339294	0.929434509425	0.760753987434	0.573707104882	0.497825036249	0.505074915418	0.48622522958	0.905751570807	0.592073465442	0.4398260029	0.475108748188	0.512808119865	0.576607056549	0.54857419043	0.503141614306	0.398260029	0.446109231513	0.645239246013	0.572740454326	0.421942967617	0.485258579024	0.429676172064	0.565973900435	0.490091831803	0.645239246013	0.621556307395	0.487675205413	0.503141614306	0.467375543741	0.652005799903	0.585306911551	0.639439342678	0.62493958434	0.598356694055	0.629289511841	0.484291928468	0.502174963751	0.520057999033	0.518124697922	0.520057999033	0.61575640406	0.537457709038	0.616239729338	0.51377477042	0.591106814886
AE3	0.56935717738	0.478975350411	0.933784436926	0.617689705172	0.564523924601	0.405509908168	0.635572740454	0.321411309812	0.0	0.51619139681	0.410826486225	0.505074915418	0.510874818753	0.845819236346	0.575640405993	0.51619139681	0.440792653456	0.441759304012	0.9212179797	0.752537457709	0.55099081682	0.474142097632	0.493958434026	0.471242145964	0.892701788304	0.583856935718	0.434509424843	0.467375543741	0.49540840986	0.564040599323	0.546640889319	0.483325277912	0.398260029	0.459159014016	0.667472208797	0.598840019333	0.441759304012	0.512324794587	0.4398260029	0.599323344611	0.524407926535	0.675688738521	0.653455775737	0.511358144031	0.509424842919	0.476558724021	0.663122281295	0.591590140164	0.642339294345	0.628322861286	0.599806669889	0.639439342678	0.498791686805	0.515708071532	0.531657805703	0.536491058482	0.521507974867	0.633639439343	0.54857419043	0.616239729338	0.49540840986	0.594490091832
AE4	0.652972450459	0.537941034316	0.950217496375	0.646689221846	0.581440309328	0.51377477042	0.357177380377	0.420976317061	0.51619139681	0.0	0.57177380377	0.554857419043	0.584823586274	0.860318994683	0.565007249879	0.587240212663	0.587723537941	0.585790236829	0.939584340261	0.768970517158	0.656355727405	0.599806669889	0.605123247946	0.588206863219	0.917351377477	0.635572740454	0.589656839053	0.591106814886	0.592073465442	0.617206379894	0.64572257129	0.599323344611	0.529241179314	0.55099081682	0.696471725471	0.623006283229	0.579507008217	0.446592556791	0.539874335428	0.538424359594	0.524891251812	0.574190430159	0.55099081682	0.48622522958	0.609956500725	0.587723537941	0.712421459642	0.656355727405	0.708071532141	0.678105364911	0.65732237796	0.690188496858	0.606089898502	0.599806669889	0.601256645723	0.605606573224	0.57177380377	0.680038666022	0.597873368777	0.675205413243	0.598356694055	0.653939101015
AF3	0.62493958434	0.543257612373	0.973417109715	0.648622522958	0.612373127115	0.339777670372	0.66892218463	0.423392943451	0.410826486225	0.57177380377	0.0	0.533591106815	0.538907684872	0.884001933301	0.630256162397	0.572257129048	0.44224262929	0.446592556791	0.9584340261	0.792170130498	0.599806669889	0.534074432093	0.447559207347	0.426292895118	0.912518124698	0.601739971	0.448525857902	0.509424842919	0.53939101015	0.60415659739	0.525857902368	0.509424842919	0.441759304012	0.501208313195	0.670855485742	0.625906234896	0.430159497342	0.545674238763	0.454325761237	0.608506524891	0.540840985984	0.707588206863	0.691155147414	0.53939101015	0.520541324311	0.489125181247	0.667955534074	0.601739971	0.656355727405	0.623489608507	0.609473175447	0.647172547124	0.528757854036	0.521507974867	0.536491058482	0.536491058482	0.566457225713	0.645239246013	0.573707104882	0.616723054616	0.504108264862	0.595940067666
AF4	0.617206379894	0.514258095698	0.93523441276	0.615273078782	0.323827936201	0.399710004833	0.60657322378	0.491541807637	0.505074915418	0.554857419043	0.533591106815	0.0	0.558724021266	0.842919284679	0.574673755437	0.550507491542	0.564040599323	0.567907201547	0.883518608023	0.72450459159	0.69453842436	0.645239246013	0.665538907685	0.651039149348	0.848719188014	0.637989366844	0.603673272112	0.631222812953	0.637506041566	0.652489125181	0.662155630739	0.616239729338	0.545190913485	0.572257129048	0.604639922668	0.54857419043	0.552440792653	0.547124214596	0.524407926535	0.506041565974	0.520541324311	0.633156114065	0.622522957951	0.524891251812	0.582406959884	0.565490575157	0.581440309328	0.528274528758	0.570323827936	0.540840985984	0.549057515708	0.553407443209	0.476075398743	0.51377477042	0.529241179314	0.497825036249	0.556307394877	0.549057515708	0.570807153214	0.546640889319	0.561623972934	0.524407926535
AG3	0.585790236829	0.455775737071	0.968583856936	0.493475108748	0.613823102948	0.506041565974	0.638472692122	0.524891251812	0.510874818753	0.584823586274	0.538907684872	0.558724021266	0.0	0.846302561624	0.53697438376	0.517641372644	0.502174963751	0.501208313195	0.930401159981	0.761237312711	0.665055582407	0.60415659739	0.589173513775	0.584340260996	0.893185113581	0.640889318511	0.551957467376	0.565007249879	0.600289995167	0.629289511841	0.639439342678	0.572257129048	0.523924601257	0.523924601257	0.664572257129	0.622039632673	0.541807636539	0.543740937651	0.515708071532	0.572257129048	0.510874818753	0.666022232963	0.641855969067	0.533591106815	0.582406959884	0.555824069599	0.632672788787	0.570323827936	0.629772837119	0.620589656839	0.585790236829	0.607539874335	0.497825036249	0.515224746254	0.53939101015	0.529241179314	0.521024649589	0.617206379894	0.541807636539	0.620589656839	0.508458192363	0.579990333494
AG4	0.840502658289	0.854519091348	0.357177380377	0.5601739971	0.832769453842	0.861768970517	0.867085548574	0.853552440793	0.845819236346	0.860318994683	0.884001933301	0.842919284679	0.846302561624	0.0	0.869018849686	0.844369260512	0.889801836636	0.882551957467	0.70372160464	0.6805219913	0.811986466892	0.827936201063	0.873852102465	0.862735621073	0.822136297728	0.81246979217	0.860802319961	0.847752537458	0.762687288545	0.732721121315	0.877718704688	0.868535524408	0.873852102465	0.881585306912	0.89125181247	0.878685355244	0.886901884969	0.857419043016	0.885935234413	0.882068632189	0.882068632189	0.855969067182	0.83325277912	0.866602223296	0.889801836636	0.885935234413	0.883035282745	0.886901884969	0.886901884969	0.881101981634	0.891735137748	0.884485258579	0.889318511358	0.886901884969	0.890285161914	0.88883518608	0.890285161914	0.885451909135	0.888351860802	0.882551957467	0.888351860802	0.885935234413
AH3	0.666988883519	0.381826969551	0.962783953601	0.619623006283	0.617689705172	0.587723537941	0.584823586274	0.572740454326	0.575640405993	0.565007249879	0.630256162397	0.574673755437	0.53697438376	0.869018849686	0.0	0.521991300145	0.614306428226	0.611406476559	0.927501208313	0.76848719188	0.709521507975	0.647655872402	0.660222329628	0.64813919768	0.904301594973	0.706621556307	0.656355727405	0.641372643789	0.661188980184	0.694055099082	0.705171580474	0.647172547124	0.566457225713	0.593040115998	0.724021266312	0.656355727405	0.641372643789	0.544707588207	0.602223296278	0.576123731271	0.56259062349	0.597873368777	0.574673755437	0.562107298212	0.666505558241	0.638472692122	0.714354760754	0.62735621073	0.676655389077	0.669405509908	0.661188980184	0.673755437409	0.597873368777	0.612856452392	0.609956500725	0.612856452392	0.572740454326	0.672305461576	0.590623489609	0.649589173514	0.60657322378	0.62735621073
AH4	0.333011116481	0.361527307878	0.944900918318	0.588690188497	0.594490091832	0.520541324311	0.62735621073	0.522957950701	0.51619139681	0.587240212663	0.572257129048	0.550507491542	0.517641372644	0.844369260512	0.521991300145	0.0	0.528757854036	0.533107781537	0.877718704688	0.723537941034	0.630739487675	0.56935717738	0.580473658772	0.563073948768	0.843885935234	0.600773320445	0.55775737071	0.537457709038	0.573223779604	0.591590140164	0.594490091832	0.546640889319	0.538907684872	0.54857419043	0.699855002417	0.640889318511	0.575157080715	0.568873852102	0.544707588207	0.576607056549	0.5186080232	0.665055582407	0.640889318511	0.559690671822	0.60415659739	0.572257129048	0.665055582407	0.600289995167	0.661672305462	0.623006283229	0.605606573224	0.633156114065	0.510874818753	0.53020782987	0.541807636539	0.531657805703	0.503141614306	0.630256162397	0.523441275979	0.625906234896	0.53939101015	0.596906718221
AA7	0.578540357661	0.5186080232	0.974867085549	0.644272595457	0.610923151281	0.466408893185	0.671822136298	0.454809086515	0.440792653456	0.587723537941	0.44224262929	0.564040599323	0.502174963751	0.889801836636	0.614306428226	0.528757854036	0.0	0.274045432576	0.919284678589	0.772837119381	0.589656839053	0.512324794587	0.491058482359	0.487675205413	0.871435476075	0.59255679072	0.455775737071	0.467858869019	0.536491058482	0.59255679072	0.517158047366	0.42822619623	0.409859835669	0.479942000967	0.700821652972	0.652972450459	0.463508941518	0.55099081682	0.484775253746	0.596906718221	0.540357660706	0.709521507975	0.68970517158	0.559207346544	0.546157564041	0.509908168197	0.658772353794	0.601739971	0.664088931851	0.634122764621	0.584823586274	0.629289511841	0.492508458192	0.503141614306	0.528757854036	0.522474625423	0.512324794587	0.619623006283	0.543740937651	0.639439342678	0.488158530691	0.592073465442
AA8	0.578057032383	0.519091348478	0.970033832769	0.637022716288	0.619623006283	0.464958917351	0.674238762687	0.459642339294	0.441759304012	0.585790236829	0.446592556791	0.567907201547	0.501208313195	0.882551957467	0.611406476559	0.533107781537	0.274045432576	0.0	0.91445142581	0.765587240213	0.576607056549	0.498308361527	0.491058482359	0.484291928468	0.854035766071	0.570807153214	0.461092315128	0.465442242629	0.526824552924	0.580473658772	0.489125181247	0.385210246496	0.418559690672	0.487675205413	0.705171580474	0.660222329628	0.461575640406	0.553890768487	0.484775253746	0.60657322378	0.543257612373	0.714354760754	0.68970517158	0.564523924601	0.547607539874	0.507491541808	0.659255679072	0.59497341711	0.67133881102	0.636056065732	0.584823586274	0.62735621073	0.497341710971	0.503624939584	0.527307878202	0.521024649589	0.514741420976	0.621556307395	0.53939101015	0.644755920735	0.489125181247	0.588690188497
AB7	0.853069115515	0.901401643306	0.73368777187	0.722571290478	0.873852102465	0.924601256646	0.935717738038	0.929434509425	0.9212179797	0.939584340261	0.9584340261	0.883518608023	0.930401159981	0.70372160464	0.927501208313	0.877718704688	0.919284678589	0.91445142581	0.0	0.396810053166	0.817786370227	0.838569357177	0.931851135814	0.921701304978	0.736587723538	0.825036249396	0.895601739971	0.87046882552	0.744320927985	0.681488641856	0.882068632189	0.893668438859	0.921701304978	0.939101014983	0.938617689705	0.930401159981	0.934267762204	0.919768003867	0.945384243596	0.92363460609	0.941034316095	0.877718704688	0.863218946351	0.917834702755	0.957467375544	0.954567423876	0.917834702755	0.926534557757	0.934267762204	0.928467858869	0.924601256646	0.915901401643	0.917834702755	0.911068148864	0.91203479942	0.908168197197	0.91445142581	0.908651522475	0.920734654422	0.931367810536	0.947317544708	0.9212179797
AB8	0.712421459642	0.735137747704	0.760753987434	0.572740454326	0.755920734654	0.756404059932	0.766553890768	0.760753987434	0.752537457709	0.768970517158	0.792170130498	0.72450459159	0.761237312711	0.6805219913	0.76848719188	0.723537941034	0.772837119381	0.765587240213	0.396810053166	0.0	0.65973900435	0.667472208797	0.750604156597	0.743837602707	0.741420976317	0.659255679072	0.720154664089	0.697438376027	0.53697438376	0.513291445143	0.742870952151	0.740454325761	0.763170613823	0.769937167714	0.807153214113	0.766070565491	0.764137264379	0.744804253262	0.771387143548	0.764137264379	0.763170613823	0.72692121798	0.713388110198	0.744804253262	0.793136781054	0.783953600773	0.809569840503	0.762203963267	0.793136781054	0.769453842436	0.776703721605	0.78008699855	0.765587240213	0.757370710488	0.765103914935	0.755920734654	0.757370710488	0.76848719188	0.757854035766	0.769937167714	0.778637022716	0.766553890768
AC7	0.616723054616	0.649589173514	0.889801836636	0.662155630739	0.734171097148	0.589173513775	0.712421459642	0.573707104882	0.55099081682	0.656355727405	0.599806669889	0.69453842436	0.665055582407	0.811986466892	0.709521507975	0.630739487675	0.589656839053	0.576607056549	0.817786370227	0.65973900435	0.0	0.35427742871	0.580473658772	0.560657322378	0.826002899952	0.581440309328	0.542774287095	0.522474625423	0.484291928468	0.497341710971	0.570807153214	0.547607539874	0.556790720155	0.590140164331	0.813919768004	0.75688738521	0.621556307395	0.634606089899	0.616723054616	0.730787820203	0.677622039633	0.708071532141	0.695505074915	0.647655872402	0.644755920735	0.612373127115	0.817303044949	0.75688738521	0.806186563557	0.792170130498	0.749154180764	0.786853552441	0.666988883519	0.667472208797	0.684388593523	0.688738521025	0.660222329628	0.794103431609	0.675688738521	0.776703721605	0.623489608507	0.752537457709
AC8	0.574190430159	0.573223779604	0.907684871919	0.623972933784	0.686805219913	0.528757854036	0.679555340744	0.497825036249	0.474142097632	0.599806669889	0.534074432093	0.645239246013	0.60415659739	0.827936201063	0.647655872402	0.56935717738	0.512324794587	0.498308361527	0.838569357177	0.667472208797	0.35427742871	0.0	0.498308361527	0.483325277912	0.838086031899	0.543740937651	0.423876268729	0.390526824553	0.432092798453	0.489125181247	0.521024649589	0.463508941518	0.486708554857	0.526341227646	0.743354277429	0.683905268246	0.538424359594	0.572257129048	0.54857419043	0.664088931851	0.60657322378	0.663605606573	0.643789270179	0.581440309328	0.585306911551	0.550507491542	0.740937651039	0.675205413243	0.739971000483	0.718221362977	0.675205413243	0.71290478492	0.598840019333	0.591106814886	0.611406476559	0.618656355727	0.583856935718	0.71290478492	0.599806669889	0.71290478492	0.555824069599	0.677622039633
AD7	0.602706621556	0.596423392943	0.963267278879	0.658289028516	0.719671338811	0.529724504592	0.692605123248	0.505074915418	0.493958434026	0.605123247946	0.447559207347	0.665538907685	0.589173513775	0.873852102465	0.660222329628	0.580473658772	0.491058482359	0.491058482359	0.931851135814	0.750604156597	0.580473658772	0.498308361527	0.0	0.292895118415	0.893668438859	0.522474625423	0.440792653456	0.477042049299	0.506041565974	0.572257129048	0.504108264862	0.489125181247	0.486708554857	0.541324311261	0.740454325761	0.681005316578	0.510874818753	0.585790236829	0.538907684872	0.65732237796	0.59497341711	0.710004833253	0.691638472692	0.591590140164	0.570807153214	0.55099081682	0.741420976317	0.670855485742	0.739487675205	0.718704688255	0.67133881102	0.704688255196	0.598356694055	0.59497341711	0.606089898502	0.620106331561	0.588206863219	0.709038182697	0.595940067666	0.712421459642	0.564523924601	0.677622039633
AD8	0.590623489609	0.579990333494	0.951184146931	0.64572257129	0.705171580474	0.515224746254	0.677622039633	0.48622522958	0.471242145964	0.588206863219	0.426292895118	0.651039149348	0.584340260996	0.862735621073	0.64813919768	0.563073948768	0.487675205413	0.484291928468	0.921701304978	0.743837602707	0.560657322378	0.483325277912	0.292895118415	0.0	0.853069115515	0.488641855969	0.420976317061	0.454809086515	0.481875302078	0.550024166264	0.497341710971	0.481875302078	0.473658772354	0.537457709038	0.739004349928	0.679072015466	0.502174963751	0.570323827936	0.531657805703	0.64572257129	0.582406959884	0.704204929918	0.686321894635	0.573707104882	0.563557274045	0.544224262929	0.734654422426	0.660705654906	0.740937651039	0.714354760754	0.662638956017	0.697921701305	0.59255679072	0.585790236829	0.598840019333	0.605123247946	0.584823586274	0.702271628806	0.589656839053	0.700821652972	0.553407443209	0.66892218463
AE7	0.830352827453	0.883035282745	0.853069115515	0.789753504108	0.837119381344	0.897535041083	0.913001449976	0.905751570807	0.892701788304	0.917351377477	0.912518124698	0.848719188014	0.893185113581	0.822136297728	0.904301594973	0.843885935234	0.871435476075	0.854035766071	0.736587723538	0.741420976317	0.826002899952	0.838086031899	0.893668438859	0.853069115515	0.0	0.543740937651	0.876268728855	0.850169163847	0.768003866602	0.758337361044	0.838569357177	0.846302561624	0.898018366361	0.915418076365	0.925567907202	0.912518124698	0.910101498308	0.895118414693	0.917834702755	0.877718704688	0.901401643306	0.885935234413	0.867568873852	0.886418559691	0.939584340261	0.922667955534	0.897051715805	0.905751570807	0.912518124698	0.898018366361	0.904784920251	0.897051715805	0.893668438859	0.895601739971	0.903334944418	0.890768487192	0.904784920251	0.889318511358	0.903818269696	0.908168197197	0.917351377477	0.902368293862
AE8	0.591590140164	0.625906234896	0.90043499275	0.644755920735	0.69212179797	0.584340260996	0.683905268246	0.592073465442	0.583856935718	0.635572740454	0.601739971	0.637989366844	0.640889318511	0.81246979217	0.706621556307	0.600773320445	0.59255679072	0.570807153214	0.825036249396	0.659255679072	0.581440309328	0.543740937651	0.522474625423	0.488641855969	0.543740937651	0.0	0.57177380377	0.550507491542	0.526341227646	0.512324794587	0.571290478492	0.556790720155	0.591590140164	0.608989850169	0.762687288545	0.710004833253	0.607056549058	0.604639922668	0.609473175447	0.666505558241	0.639922667956	0.686805219913	0.674722087965	0.61333977767	0.631706138231	0.615273078782	0.757854035766	0.700338327695	0.759787336878	0.723537941034	0.704688255196	0.73610439826	0.647172547124	0.637989366844	0.651039149348	0.650072498792	0.646205896568	0.730304494925	0.64813919768	0.725954567424	0.608506524891	0.705654905752
AF7	0.579990333494	0.538424359594	0.942484291928	0.652972450459	0.652489125181	0.485741904302	0.685355244079	0.4398260029	0.434509424843	0.589656839053	0.448525857902	0.603673272112	0.551957467376	0.860802319961	0.656355727405	0.55775737071	0.455775737071	0.461092315128	0.895601739971	0.720154664089	0.542774287095	0.423876268729	0.440792653456	0.420976317061	0.876268728855	0.57177380377	0.0	0.336877718705	0.478008699855	0.538907684872	0.491058482359	0.489125181247	0.439342677622	0.487191880135	0.690188496858	0.63653939101	0.454325761237	0.546640889319	0.49540840986	0.623972933784	0.554857419043	0.692605123248	0.664572257129	0.535041082649	0.531174480425	0.501208313195	0.672305461576	0.617689705172	0.687288545191	0.667955534074	0.619139681005	0.652005799903	0.541324311261	0.539874335428	0.555824069599	0.564523924601	0.553407443209	0.647655872402	0.556790720155	0.663605606573	0.498791686805	0.622039632673
AF8	0.56935717738	0.540357660706	0.930401159981	0.636056065732	0.672305461576	0.514741420976	0.683421942968	0.475108748188	0.467375543741	0.591106814886	0.509424842919	0.631222812953	0.565007249879	0.847752537458	0.641372643789	0.537457709038	0.467858869019	0.465442242629	0.87046882552	0.697438376027	0.522474625423	0.390526824553	0.477042049299	0.454809086515	0.850169163847	0.550507491542	0.336877718705	0.0	0.460125664572	0.520541324311	0.511358144031	0.466892218463	0.454809086515	0.509424842919	0.714354760754	0.662638956017	0.491541807637	0.545674238763	0.531657805703	0.619139681005	0.563557274045	0.673272112131	0.652005799903	0.55099081682	0.563073948768	0.528757854036	0.690671822136	0.628806186564	0.70372160464	0.68293861769	0.634122764621	0.663605606573	0.564040599323	0.552440792653	0.563073948768	0.572257129048	0.537941034316	0.666988883519	0.563073948768	0.685838569357	0.517641372644	0.632672788787
AG7	0.590623489609	0.579507008217	0.848235862736	0.553407443209	0.670855485742	0.536491058482	0.68293861769	0.512808119865	0.49540840986	0.592073465442	0.53939101015	0.637506041566	0.600289995167	0.762687288545	0.661188980184	0.573223779604	0.536491058482	0.526824552924	0.744320927985	0.53697438376	0.484291928468	0.432092798453	0.506041565974	0.481875302078	0.768003866602	0.526341227646	0.478008699855	0.460125664572	0.0	0.340744320928	0.544707588207	0.509424842919	0.514258095698	0.548090865152	0.740937651039	0.676172063799	0.546157564041	0.562107298212	0.554374093765	0.649105848236	0.593523441276	0.664088931851	0.627839536008	0.57177380377	0.591106814886	0.568873852102	0.744804253262	0.668438859352	0.735621072982	0.71532141131	0.669888835186	0.713871435476	0.612856452392	0.601256645723	0.61333977767	0.61575640406	0.611406476559	0.711938134364	0.625422909618	0.70130497825	0.582890285162	0.670855485742
AG8	0.582406959884	0.613823102948	0.83566940551	0.584823586274	0.691638472692	0.579990333494	0.674722087965	0.576607056549	0.564040599323	0.617206379894	0.60415659739	0.652489125181	0.629289511841	0.732721121315	0.694055099082	0.591590140164	0.59255679072	0.580473658772	0.681488641856	0.513291445143	0.497341710971	0.489125181247	0.572257129048	0.550024166264	0.758337361044	0.512324794587	0.538907684872	0.520541324311	0.340744320928	0.0	0.572740454326	0.55775737071	0.577090381827	0.595940067666	0.766553890768	0.702271628806	0.59497341711	0.584340260996	0.598840019333	0.665538907685	0.616723054616	0.671822136298	0.640405993233	0.591590140164	0.62493958434	0.607056549058	0.765587240213	0.690188496858	0.757854035766	0.734654422426	0.698405026583	0.735621072982	0.636056065732	0.628322861286	0.641372643789	0.640889318511	0.630739487675	0.732237796037	0.649105848236	0.721121314645	0.612373127115	0.692605123248
AH7	0.594006766554	0.62735621073	0.955534074432	0.685838569357	0.705654905752	0.572740454326	0.711938134364	0.54857419043	0.546640889319	0.64572257129	0.525857902368	0.662155630739	0.639439342678	0.877718704688	0.705171580474	0.594490091832	0.517158047366	0.489125181247	0.882068632189	0.742870952151	0.570807153214	0.521024649589	0.504108264862	0.497341710971	0.838569357177	0.571290478492	0.491058482359	0.511358144031	0.544707588207	0.572740454326	0.0	0.333977767037	0.559207346544	0.610923151281	0.78008699855	0.732237796037	0.555824069599	0.640889318511	0.608506524891	0.677138714355	0.637989366844	0.750604156597	0.737554374094	0.644272595457	0.634606089899	0.620106331561	0.757854035766	0.711454809087	0.770420492992	0.734171097148	0.698888351861	0.735137747704	0.623006283229	0.622522957951	0.625906234896	0.637022716288	0.618173030449	0.734654422426	0.633639439343	0.734171097148	0.608506524891	0.705171580474
AH8	0.565490575157	0.574190430159	0.954567423876	0.646689221846	0.661188980184	0.519091348478	0.681971967134	0.503141614306	0.483325277912	0.599323344611	0.509424842919	0.616239729338	0.572257129048	0.868535524408	0.647172547124	0.546640889319	0.42822619623	0.385210246496	0.893668438859	0.740454325761	0.547607539874	0.463508941518	0.489125181247	0.481875302078	0.846302561624	0.556790720155	0.489125181247	0.466892218463	0.509424842919	0.55775737071	0.333977767037	0.0	0.495891735138	0.538907684872	0.74770420493	0.692605123248	0.516674722088	0.585306911551	0.549540840986	0.626389560174	0.582406959884	0.711938134364	0.690188496858	0.596423392943	0.583856935718	0.55099081682	0.708554857419	0.652005799903	0.719671338811	0.683421942968	0.639439342678	0.678588690188	0.557274045433	0.56259062349	0.579990333494	0.579507008217	0.550507491542	0.675205413243	0.570807153214	0.684871918801	0.544707588207	0.649105848236
AA5	0.596906718221	0.490575157081	0.959400676655	0.646205896568	0.602223296278	0.454809086515	0.620106331561	0.398260029	0.398260029	0.529241179314	0.441759304012	0.545190913485	0.523924601257	0.873852102465	0.566457225713	0.538907684872	0.409859835669	0.418559690672	0.921701304978	0.763170613823	0.556790720155	0.486708554857	0.486708554857	0.473658772354	0.898018366361	0.591590140164	0.439342677622	0.454809086515	0.514258095698	0.577090381827	0.559207346544	0.495891735138	0.0	0.343644272595	0.679555340744	0.604639922668	0.454809086515	0.460125664572	0.471725471242	0.547607539874	0.492025132914	0.623006283229	0.595940067666	0.461575640406	0.530691155147	0.476558724021	0.699855002417	0.628322861286	0.683421942968	0.659255679072	0.640889318511	0.679072015466	0.519574673755	0.545190913485	0.568390526825	0.563557274045	0.517641372644	0.667955534074	0.549057515708	0.647172547124	0.500724987917	0.62493958434
AA6	0.606089898502	0.501208313195	0.966167230546	0.661672305462	0.623006283229	0.475108748188	0.642822619623	0.446109231513	0.459159014016	0.55099081682	0.501208313195	0.572257129048	0.523924601257	0.881585306912	0.593040115998	0.54857419043	0.479942000967	0.487675205413	0.939101014983	0.769937167714	0.590140164331	0.526341227646	0.541324311261	0.537457709038	0.915418076365	0.608989850169	0.487191880135	0.509424842919	0.548090865152	0.595940067666	0.610923151281	0.538907684872	0.343644272595	0.0	0.678105364911	0.600773320445	0.503624939584	0.49299178347	0.470275495408	0.580473658772	0.509908168197	0.65055582407	0.626872885452	0.503141614306	0.468342194297	0.409859835669	0.693571773804	0.62735621073	0.679072015466	0.662155630739	0.636056065732	0.675205413243	0.523441275979	0.53697438376	0.56259062349	0.557274045433	0.532141130981	0.664572257129	0.559207346544	0.651039149348	0.523441275979	0.619623006283
AB5	0.750604156597	0.658289028516	0.974867085549	0.739487675205	0.625422909618	0.629289511841	0.743354277429	0.645239246013	0.667472208797	0.696471725471	0.670855485742	0.604639922668	0.664572257129	0.89125181247	0.724021266312	0.699855002417	0.700821652972	0.705171580474	0.938617689705	0.807153214113	0.813919768004	0.743354277429	0.740454325761	0.739004349928	0.925567907202	0.762687288545	0.690188496858	0.714354760754	0.740937651039	0.766553890768	0.78008699855	0.74770420493	0.679555340744	0.678105364911	0.0	0.315128081199	0.609473175447	0.669888835186	0.630256162397	0.625906234896	0.619139681005	0.746737554374	0.73368777187	0.653939101015	0.627839536008	0.617206379894	0.614306428226	0.61333977767	0.630739487675	0.601256645723	0.62493958434	0.623489608507	0.601256645723	0.591106814886	0.597873368777	0.608023199613	0.666505558241	0.608506524891	0.654422426293	0.618656355727	0.673755437409	0.611406476559
AB6	0.701788303528	0.599323344611	0.96520057999	0.674722087965	0.590623489609	0.566940550991	0.669405509908	0.572740454326	0.598840019333	0.623006283229	0.625906234896	0.54857419043	0.622039632673	0.878685355244	0.656355727405	0.640889318511	0.652972450459	0.660222329628	0.930401159981	0.766070565491	0.75688738521	0.683905268246	0.681005316578	0.679072015466	0.912518124698	0.710004833253	0.63653939101	0.662638956017	0.676172063799	0.702271628806	0.732237796037	0.692605123248	0.604639922668	0.600773320445	0.315128081199	0.0	0.56935717738	0.594490091832	0.569840502658	0.570807153214	0.5601739971	0.665538907685	0.647172547124	0.560657322378	0.562107298212	0.566457225713	0.598356694055	0.540840985984	0.59255679072	0.55775737071	0.552924117931	0.577090381827	0.538424359594	0.551474142098	0.554857419043	0.567907201547	0.603673272112	0.561140647656	0.598356694055	0.559207346544	0.631706138231	0.535524407927
AC5	0.603189946834	0.541807636539	0.977283711938	0.652489125181	0.617689705172	0.443692605123	0.672788786854	0.421942967617	0.441759304012	0.579507008217	0.430159497342	0.552440792653	0.541807636539	0.886901884969	0.641372643789	0.575157080715	0.463508941518	0.461575640406	0.934267762204	0.764137264379	0.621556307395	0.538424359594	0.510874818753	0.502174963751	0.910101498308	0.607056549058	0.454325761237	0.491541807637	0.546157564041	0.59497341711	0.555824069599	0.516674722088	0.454809086515	0.503624939584	0.609473175447	0.56935717738	0.0	0.465925567907	0.445625906235	0.584823586274	0.526341227646	0.710004833253	0.673755437409	0.539874335428	0.468342194297	0.45142580957	0.603673272112	0.549057515708	0.61333977767	0.579507008217	0.550507491542	0.585790236829	0.485741904302	0.460125664572	0.479942000967	0.488641855969	0.549540840986	0.584823586274	0.550024166264	0.568390526825	0.504108264862	0.542290961817
AC6	0.62735621073	0.498791686805	0.956500724988	0.639439342678	0.58337361044	0.509908168197	0.51619139681	0.485258579024	0.512324794587	0.446592556791	0.545674238763	0.547124214596	0.543740937651	0.857419043016	0.544707588207	0.568873852102	0.55099081682	0.553890768487	0.919768003867	0.744804253262	0.634606089899	0.572257129048	0.585790236829	0.570323827936	0.895118414693	0.604639922668	0.546640889319	0.545674238763	0.562107298212	0.584340260996	0.640889318511	0.585306911551	0.460125664572	0.49299178347	0.669888835186	0.594490091832	0.465925567907	0.0	0.514741420976	0.506041565974	0.500241662639	0.473658772354	0.443209279845	0.403093281779	0.5601739971	0.543740937651	0.682455292412	0.623006283229	0.676655389077	0.644272595457	0.629289511841	0.664572257129	0.571290478492	0.565490575157	0.572740454326	0.574673755437	0.542290961817	0.659255679072	0.552440792653	0.632672788787	0.550024166264	0.619139681005
AD6	0.605123247946	0.508458192363	0.975833736104	0.640889318511	0.590140164331	0.416143064282	0.623006283229	0.429676172064	0.4398260029	0.539874335428	0.454325761237	0.524407926535	0.515708071532	0.885935234413	0.602223296278	0.544707588207	0.484775253746	0.484775253746	0.945384243596	0.771387143548	0.616723054616	0.54857419043	0.538907684872	0.531657805703	0.917834702755	0.609473175447	0.49540840986	0.531657805703	0.554374093765	0.598840019333	0.608506524891	0.549540840986	0.471725471242	0.470275495408	0.630256162397	0.569840502658	0.445625906235	0.514741420976	0.0	0.546640889319	0.426776220396	0.6805219913	0.660222329628	0.517158047366	0.481875302078	0.446109231513	0.605606573224	0.53939101015	0.597390043499	0.581923634606	0.556790720155	0.591590140164	0.463508941518	0.463508941518	0.484291928468	0.485258579024	0.528274528758	0.58095698405	0.534074432093	0.579507008217	0.46979217013	0.552440792653
AE5	0.643789270179	0.532624456259	0.976317061382	0.639922667956	0.533107781537	0.551474142098	0.588690188497	0.565973900435	0.599323344611	0.538424359594	0.608506524891	0.506041565974	0.572257129048	0.882068632189	0.576123731271	0.576607056549	0.596906718221	0.60657322378	0.92363460609	0.764137264379	0.730787820203	0.664088931851	0.65732237796	0.64572257129	0.877718704688	0.666505558241	0.623972933784	0.619139681005	0.649105848236	0.665538907685	0.677138714355	0.626389560174	0.547607539874	0.580473658772	0.625906234896	0.570807153214	0.584823586274	0.506041565974	0.546640889319	0.0	0.352344127598	0.598356694055	0.586756887385	0.507491541808	0.638472692122	0.617689705172	0.643305944901	0.594006766554	0.634122764621	0.597390043499	0.614789753504	0.631706138231	0.543257612373	0.565973900435	0.591106814886	0.56259062349	0.545190913485	0.617689705172	0.549057515708	0.607056549058	0.572257129048	0.597390043499
AE6	0.598840019333	0.465442242629	0.976317061382	0.62493958434	0.568390526825	0.487675205413	0.572257129048	0.490091831803	0.524407926535	0.524891251812	0.540840985984	0.520541324311	0.510874818753	0.882068632189	0.56259062349	0.5186080232	0.540357660706	0.543257612373	0.941034316095	0.763170613823	0.677622039633	0.60657322378	0.59497341711	0.582406959884	0.901401643306	0.639922667956	0.554857419043	0.563557274045	0.593523441276	0.616723054616	0.637989366844	0.582406959884	0.492025132914	0.509908168197	0.619139681005	0.5601739971	0.526341227646	0.500241662639	0.426776220396	0.352344127598	0.0	0.630256162397	0.610439826003	0.486708554857	0.565973900435	0.541324311261	0.647655872402	0.58337361044	0.631706138231	0.60415659739	0.602223296278	0.634122764621	0.494441759304	0.512324794587	0.538424359594	0.515708071532	0.503624939584	0.623006283229	0.512808119865	0.608506524891	0.515224746254	0.591106814886
AF5	0.702754954084	0.622522957951	0.944900918318	0.670855485742	0.654422426293	0.674722087965	0.54857419043	0.645239246013	0.675688738521	0.574190430159	0.707588206863	0.633156114065	0.666022232963	0.855969067182	0.597873368777	0.665055582407	0.709521507975	0.714354760754	0.877718704688	0.72692121798	0.708071532141	0.663605606573	0.710004833253	0.704204929918	0.885935234413	0.686805219913	0.692605123248	0.673272112131	0.664088931851	0.671822136298	0.750604156597	0.711938134364	0.623006283229	0.65055582407	0.746737554374	0.665538907685	0.710004833253	0.473658772354	0.6805219913	0.598356694055	0.630256162397	0.0	0.27307878202	0.533591106815	0.723054615756	0.709038182697	0.762203963267	0.711454809087	0.74770420493	0.722571290478	0.721121314645	0.749637506042	0.687771870469	0.709038182697	0.719188013533	0.705171580474	0.65973900435	0.738037699372	0.667472208797	0.714354760754	0.700821652972	0.704688255196
AF6	0.697438376027	0.597390043499	0.924601256646	0.652005799903	0.642339294345	0.654422426293	0.538907684872	0.621556307395	0.653455775737	0.55099081682	0.691155147414	0.622522957951	0.641855969067	0.83325277912	0.574673755437	0.640889318511	0.68970517158	0.68970517158	0.863218946351	0.713388110198	0.695505074915	0.643789270179	0.691638472692	0.686321894635	0.867568873852	0.674722087965	0.664572257129	0.652005799903	0.627839536008	0.640405993233	0.737554374094	0.690188496858	0.595940067666	0.626872885452	0.73368777187	0.647172547124	0.673755437409	0.443209279845	0.660222329628	0.586756887385	0.610439826003	0.27307878202	0.0	0.518124697922	0.696955050749	0.682455292412	0.754954084099	0.70130497825	0.73852102465	0.710971483809	0.704204929918	0.739487675205	0.664572257129	0.685838569357	0.695988400193	0.683905268246	0.637989366844	0.727887868536	0.646205896568	0.700821652972	0.684871918801	0.697921701305
