	AA3	AA4	AB3	AB4	AC3	AC4	AD3	AD4	AE3	AE4	AF3	AF4	AG3	AG4	AH3	AH4	AA7	AA8	AB7	AB8	AC7	AC8	AD7	AD8	AE7	AE8	AF7	AF8	AG7	AG8	AH7	AH8	AA5	AA6	AB5	AB6	AC5	AC6	AD6	AE5	AE6	AF5	AF6	AG5	AH5	AH6	AA1	AA2	AB1	AB2	AC1	AC2	AD1	AD2	AE1	AE2	AF1	AF2	AG1	AG2	AH1	AH2
AA3	0.0	0.495891735138	0.934267762204	0.652972450459	0.677622039633	0.595940067666	0.67133881102	0.585790236829	0.574673755437	0.631222812953	0.620106331561	0.623006283229	0.602706621556	0.839052682455	0.667955534074	0.333011116481	0.581440309328	0.589656839053	0.867085548574	0.717738037699	0.600289995167	0.573223779604	0.598840019333	0.594006766554	0.829869502175	0.588206863219	0.575157080715	0.578540357661	0.591106814886	0.582890285162	0.59255679072	0.563557274045	0.595940067666	0.599806669889	0.760753987434	0.695988400193	0.609473175447	0.632189463509	0.597390043499	0.649589173514	0.603189946834	0.732237796037	0.711454809087	0.632672788787	0.632189463509	0.620589656839	0.696471725471	0.664088931851	0.720154664089	0.666505558241	0.637022716288	0.667472208797	0.579507008217	0.570807153214	0.561140647656	0.578057032383	0.59255679072	0.67133881102	0.603673272112	0.674238762687	0.577573707105	0.651522474625
AA4	0.495891735138	0.0	0.948767520541	0.598840019333	0.558240695988	0.478975350411	0.587240212663	0.458675688739	0.48622522958	0.522957950701	0.537457709038	0.489608506525	0.480425326245	0.851619139681	0.420009666506	0.362977283712	0.534074432093	0.528274528758	0.885935234413	0.724987916868	0.648622522958	0.576123731271	0.583856935718	0.574673755437	0.86805219913	0.62493958434	0.533591106815	0.566940550991	0.589656839053	0.60415659739	0.62493958434	0.583856935718	0.501691638473	0.502658289029	0.647655872402	0.579990333494	0.551957467376	0.501691638473	0.507974867086	0.543740937651	0.471242145964	0.656355727405	0.611889801837	0.499758337361	0.559207346544	0.548090865152	0.634606089899	0.573707104882	0.609956500725	0.575157080715	0.573223779604	0.603189946834	0.497825036249	0.499275012083	0.502658289029	0.509424842919	0.497825036249	0.609473175447	0.522957950701	0.574673755437	0.508941517641	0.546640889319
AB3	0.934267762204	0.948767520541	0.0	0.667472208797	0.913484775254	0.960850652489	0.959884001933	0.95360077332	0.930401159981	0.95601739971	0.976317061382	0.93523441276	0.969067182214	0.363943934268	0.965683905268	0.946350894152	0.976317061382	0.973900434993	0.74528757854	0.767037216046	0.898018366361	0.912518124698	0.96520057999	0.952634122765	0.853552440793	0.898501691638	0.942484291928	0.942000966651	0.852585790237	0.84726921218	0.954084098598	0.95360077332	0.961817303045	0.968100531658	0.977283711938	0.970033832769	0.978250362494	0.956984050266	0.978250362494	0.979700338328	0.977767037216	0.938134364427	0.942967617206	0.952634122765	0.981150314161	0.975350410826	0.977283711938	0.974867085549	0.974383760271	0.97680038666	0.97680038666	0.976317061382	0.97921701305	0.979700338328	0.980183663606	0.978733687772	0.975833736104	0.976317061382	0.97680038666	0.980183663606	0.977283711938	0.975833736104
AB4	0.652972450459	0.598840019333	0.667472208797	0.0	0.646689221846	0.622039632673	0.683421942968	0.626389560174	0.619623006283	0.643305944901	0.662638956017	0.616723054616	0.507491541808	0.542290961817	0.620589656839	0.592073465442	0.64572257129	0.655389076849	0.726437892702	0.582890285162	0.659255679072	0.628322861286	0.672788786854	0.662155630739	0.794586756887	0.65732237796	0.653939101015	0.657805703238	0.563557274045	0.586273562107	0.698888351861	0.663122281295	0.649589173514	0.661188980184	0.739487675205	0.675205413243	0.669405509908	0.647172547124	0.639922667956	0.647172547124	0.629289511841	0.680038666022	0.672305461576	0.641372643789	0.693088448526	0.6805219913	0.710971483809	0.671822136298	0.695988400193	0.681971967134	0.676172063799	0.675688738521	0.641372643789	0.656839052682	0.65732237796	0.641855969067	0.655389076849	0.688255195747	0.650072498792	0.6805219913	0.658772353794	0.675205413243
AC3	0.677622039633	0.558240695988	0.913484775254	0.646689221846	0.0	0.506041565974	0.637506041566	0.578057032383	0.569840502658	0.601739971	0.629289511841	0.34944417593	0.610923151281	0.821169647173	0.612373127115	0.595940067666	0.620106331561	0.616239729338	0.862252295795	0.743354277429	0.732721121315	0.687288545191	0.732237796037	0.719671338811	0.825036249396	0.710488158531	0.658289028516	0.695988400193	0.675205413243	0.693088448526	0.714354760754	0.685838569357	0.625422909618	0.633639439343	0.631222812953	0.600773320445	0.643789270179	0.575157080715	0.593523441276	0.565007249879	0.572740454326	0.660705654906	0.643789270179	0.569840502658	0.667472208797	0.654905751571	0.610439826003	0.600773320445	0.602223296278	0.581923634606	0.614789753504	0.603673272112	0.561623972934	0.597390043499	0.601739971	0.580473658772	0.620589656839	0.60415659739	0.628322861286	0.595940067666	0.623006283229	0.597873368777
AC4	0.595940067666	0.478975350411	0.960850652489	0.622039632673	0.506041565974	0.0	0.611406476559	0.40744320928	0.415176413726	0.515224746254	0.344610923151	0.402126631223	0.504108264862	0.863218946351	0.576607056549	0.519091348478	0.463508941518	0.461092315128	0.928467858869	0.763653939101	0.579990333494	0.527307878202	0.518124697922	0.508458192363	0.893668438859	0.585306911551	0.473658772354	0.50459159014	0.526341227646	0.570807153214	0.565490575157	0.524891251812	0.450942484292	0.470275495408	0.649105848236	0.5601739971	0.459159014016	0.507974867086	0.415176413726	0.562107298212	0.48622522958	0.687288545191	0.651039149348	0.507491541808	0.504108264862	0.487675205413	0.640889318511	0.581923634606	0.599806669889	0.584823586274	0.573223779604	0.608506524891	0.489125181247	0.515224746254	0.515708071532	0.507974867086	0.533591106815	0.607539874335	0.547124214596	0.589173513775	0.482358627356	0.560657322378
AD3	0.67133881102	0.587240212663	0.959884001933	0.683421942968	0.637506041566	0.611406476559	0.0	0.505558240696	0.637989366844	0.347027549541	0.665055582407	0.600289995167	0.630739487675	0.865152247463	0.560657322378	0.619623006283	0.668438859352	0.672788786854	0.940067665539	0.77767037216	0.710971483809	0.680038666022	0.681005316578	0.676172063799	0.915901401643	0.686321894635	0.683905268246	0.685355244079	0.674722087965	0.669405509908	0.708554857419	0.685355244079	0.621556307395	0.628322861286	0.743354277429	0.659255679072	0.664088931851	0.528274528758	0.616723054616	0.568873852102	0.558724021266	0.570323827936	0.544707588207	0.549057515708	0.684871918801	0.672305461576	0.756404059932	0.707588206863	0.723054615756	0.700338327695	0.689221846303	0.723537941034	0.647172547124	0.64813919768	0.661672305462	0.65732237796	0.623006283229	0.72450459159	0.632672788787	0.705171580474	0.679072015466	0.687771870469
AD4	0.585790236829	0.458675688739	0.95360077332	0.626389560174	0.578057032383	0.40744320928	0.505558240696	0.0	0.352344127598	0.39342677622	0.45142580957	0.506041565974	0.509424842919	0.855969067182	0.549540840986	0.511358144031	0.466408893185	0.457709038183	0.938617689705	0.773803769937	0.568873852102	0.514741420976	0.505074915418	0.492025132914	0.90285161914	0.589656839053	0.459642339294	0.482358627356	0.519091348478	0.573707104882	0.561623972934	0.507974867086	0.410343160947	0.45142580957	0.675205413243	0.577090381827	0.470758820686	0.470275495408	0.439342677622	0.553407443209	0.461092315128	0.641855969067	0.609473175447	0.467858869019	0.523924601257	0.509424842919	0.677138714355	0.622039632673	0.649589173514	0.621072982117	0.618173030449	0.647655872402	0.517641372644	0.533107781537	0.538424359594	0.536007733204	0.521024649589	0.656355727405	0.53939101015	0.631222812953	0.507974867086	0.598840019333
AE3	0.574673755437	0.48622522958	0.930401159981	0.619623006283	0.569840502658	0.415176413726	0.637989366844	0.352344127598	0.0	0.515708071532	0.412759787337	0.491058482359	0.509908168197	0.843402609957	0.582406959884	0.519574673755	0.464475592073	0.456259062349	0.921701304978	0.749637506042	0.540357660706	0.500724987917	0.503624939584	0.485258579024	0.886418559691	0.583856935718	0.457225712905	0.475108748188	0.49299178347	0.553890768487	0.565490575157	0.521024649589	0.422909618173	0.454809086515	0.660705654906	0.577573707105	0.449975833736	0.521024649589	0.425326244563	0.605123247946	0.5186080232	0.698405026583	0.663605606573	0.514741420976	0.488158530691	0.46979217013	0.654422426293	0.600773320445	0.621556307395	0.605123247946	0.587723537941	0.623006283229	0.497825036249	0.522957950701	0.514258095698	0.530691155147	0.546157564041	0.63653939101	0.565973900435	0.605606573224	0.50700821653	0.571290478492
AE4	0.631222812953	0.522957950701	0.95601739971	0.643305944901	0.601739971	0.515224746254	0.347027549541	0.39342677622	0.515708071532	0.0	0.577573707105	0.541807636539	0.58095698405	0.859352344128	0.539874335428	0.563557274045	0.574190430159	0.581440309328	0.93523441276	0.771870468826	0.65055582407	0.587240212663	0.595940067666	0.582890285162	0.907201546641	0.625422909618	0.582890285162	0.581923634606	0.585790236829	0.598356694055	0.6389560174	0.595940067666	0.538424359594	0.544707588207	0.705171580474	0.611406476559	0.573707104882	0.459642339294	0.52779120348	0.530691155147	0.500724987917	0.591590140164	0.553890768487	0.49540840986	0.594490091832	0.589656839053	0.711938134364	0.660222329628	0.689221846303	0.666505558241	0.652489125181	0.683421942968	0.588690188497	0.587240212663	0.596423392943	0.596906718221	0.575640405993	0.687771870469	0.587723537941	0.676172063799	0.586273562107	0.637989366844
AF3	0.620106331561	0.537457709038	0.976317061382	0.662638956017	0.629289511841	0.344610923151	0.665055582407	0.45142580957	0.412759787337	0.577573707105	0.0	0.509424842919	0.544707588207	0.880135331078	0.629289511841	0.569840502658	0.446592556791	0.415176413726	0.957950700822	0.794103431609	0.578057032383	0.552924117931	0.452392460126	0.438376027066	0.924117931368	0.611889801837	0.43740937651	0.500724987917	0.54857419043	0.598840019333	0.528757854036	0.51377477042	0.43740937651	0.494441759304	0.66892218463	0.598840019333	0.404543257612	0.553890768487	0.44224262929	0.626872885452	0.542774287095	0.728371193813	0.698405026583	0.543740937651	0.491541807637	0.482841952634	0.663122281295	0.606089898502	0.644272595457	0.607056549058	0.595456742388	0.626872885452	0.526341227646	0.52537457709	0.523924601257	0.527307878202	0.576123731271	0.643305944901	0.589173513775	0.604639922668	0.512808119865	0.579023682939
AF4	0.623006283229	0.489608506525	0.93523441276	0.616723054616	0.34944417593	0.402126631223	0.600289995167	0.506041565974	0.491058482359	0.541807636539	0.509424842919	0.0	0.538424359594	0.839536007733	0.557274045433	0.53697438376	0.5601739971	0.556307394877	0.887385210246	0.723537941034	0.678105364911	0.616723054616	0.654422426293	0.638472692122	0.847752537458	0.633639439343	0.584340260996	0.627839536008	0.614789753504	0.637506041566	0.65732237796	0.621072982117	0.553407443209	0.561140647656	0.611889801837	0.531657805703	0.566940550991	0.525857902368	0.498791686805	0.52537457709	0.509908168197	0.640889318511	0.610923151281	0.522957950701	0.565490575157	0.554374093765	0.590140164331	0.533591106815	0.558240695988	0.52537457709	0.530691155147	0.556307394877	0.483325277912	0.508941517641	0.513291445143	0.512324794587	0.550507491542	0.555824069599	0.570807153214	0.535524407927	0.547124214596	0.503624939584
AG3	0.602706621556	0.480425326245	0.969067182214	0.507491541808	0.610923151281	0.504108264862	0.630739487675	0.509424842919	0.509908168197	0.58095698405	0.544707588207	0.538424359594	0.0	0.843885935234	0.544224262929	0.519574673755	0.50700821653	0.506524891252	0.927984533591	0.766553890768	0.675688738521	0.60657322378	0.602223296278	0.598356694055	0.887868535524	0.651039149348	0.557274045433	0.579507008217	0.614789753504	0.62735621073	0.64813919768	0.593040115998	0.531174480425	0.522957950701	0.667472208797	0.601256645723	0.554857419043	0.54857419043	0.508941517641	0.573223779604	0.505558240696	0.685355244079	0.646689221846	0.552440792653	0.582406959884	0.572257129048	0.619139681005	0.583856935718	0.613823102948	0.607056549058	0.576607056549	0.601256645723	0.50459159014	0.536491058482	0.533107781537	0.52537457709	0.530691155147	0.610439826003	0.554857419043	0.605606573224	0.5186080232	0.555340744321
AG4	0.839052682455	0.851619139681	0.363943934268	0.542290961817	0.821169647173	0.863218946351	0.865152247463	0.855969067182	0.843402609957	0.859352344128	0.880135331078	0.839536007733	0.843885935234	0.0	0.869985500242	0.849685838569	0.88883518608	0.88883518608	0.719188013533	0.687288545191	0.820686321895	0.827452875785	0.882551957467	0.872402126631	0.82165297245	0.814403093282	0.859835669406	0.857902368294	0.77090381827	0.749637506042	0.875785403577	0.871435476075	0.869502174964	0.874335427743	0.892218463026	0.878202029966	0.885935234413	0.857419043016	0.8796520058	0.8796520058	0.87723537941	0.849202513291	0.854035766071	0.861285645239	0.893668438859	0.885451909135	0.881585306912	0.883035282745	0.885451909135	0.882551957467	0.889801836636	0.885935234413	0.890285161914	0.886901884969	0.895601739971	0.887385210246	0.884968583857	0.885451909135	0.884001933301	0.886418559691	0.890285161914	0.885935234413
AH3	0.667955534074	0.420009666506	0.965683905268	0.620589656839	0.612373127115	0.576607056549	0.560657322378	0.549540840986	0.582406959884	0.539874335428	0.629289511841	0.557274045433	0.544224262929	0.869985500242	0.0	0.522957950701	0.608023199613	0.623006283229	0.930401159981	0.76848719188	0.705171580474	0.646205896568	0.639922667956	0.646205896568	0.909134847753	0.707104881585	0.65732237796	0.6389560174	0.661672305462	0.677138714355	0.695988400193	0.648622522958	0.570323827936	0.595940067666	0.72450459159	0.653455775737	0.64813919768	0.545190913485	0.60415659739	0.5601739971	0.555340744321	0.607056549058	0.56259062349	0.558240695988	0.659255679072	0.65732237796	0.713871435476	0.644272595457	0.65973900435	0.654905751571	0.652005799903	0.678105364911	0.596423392943	0.615273078782	0.612373127115	0.611406476559	0.578057032383	0.685355244079	0.582406959884	0.652972450459	0.603189946834	0.62735621073
AH4	0.333011116481	0.362977283712	0.946350894152	0.592073465442	0.595940067666	0.519091348478	0.619623006283	0.511358144031	0.519574673755	0.563557274045	0.569840502658	0.53697438376	0.519574673755	0.849685838569	0.522957950701	0.0	0.520057999033	0.536491058482	0.872885451909	0.721121314645	0.622522957951	0.561140647656	0.573223779604	0.565007249879	0.84485258579	0.602706621556	0.552440792653	0.554857419043	0.56935717738	0.585306911551	0.584823586274	0.545190913485	0.537457709038	0.540840985984	0.70130497825	0.621072982117	0.579023682939	0.566457225713	0.52537457709	0.579023682939	0.524407926535	0.677138714355	0.645239246013	0.554857419043	0.596423392943	0.578057032383	0.650072498792	0.60657322378	0.652972450459	0.60657322378	0.579990333494	0.612856452392	0.507491541808	0.517158047366	0.51377477042	0.515708071532	0.512324794587	0.621556307395	0.528757854036	0.607056549058	0.519091348478	0.589173513775
AA7	0.581440309328	0.534074432093	0.976317061382	0.64572257129	0.620106331561	0.463508941518	0.668438859352	0.466408893185	0.464475592073	0.574190430159	0.446592556791	0.5601739971	0.50700821653	0.88883518608	0.608023199613	0.520057999033	0.0	0.286611889802	0.917834702755	0.765587240213	0.576123731271	0.522474625423	0.482358627356	0.476075398743	0.873852102465	0.59497341711	0.46060898985	0.464475592073	0.535524407927	0.582890285162	0.515224746254	0.425326244563	0.420009666506	0.492025132914	0.712421459642	0.638472692122	0.475108748188	0.57177380377	0.47220879652	0.606089898502	0.538424359594	0.722571290478	0.68293861769	0.565007249879	0.545190913485	0.531657805703	0.670855485742	0.621072982117	0.65732237796	0.626872885452	0.587723537941	0.620106331561	0.505074915418	0.534074432093	0.52779120348	0.526824552924	0.532624456259	0.632672788787	0.553407443209	0.637022716288	0.502658289029	0.586273562107
AA8	0.589656839053	0.528274528758	0.973900434993	0.655389076849	0.616239729338	0.461092315128	0.672788786854	0.457709038183	0.456259062349	0.581440309328	0.415176413726	0.556307394877	0.506524891252	0.88883518608	0.623006283229	0.536491058482	0.286611889802	0.0	0.916384726921	0.758820686322	0.574673755437	0.518124697922	0.463992266796	0.462542290962	0.859352344128	0.577573707105	0.426292895118	0.464475592073	0.531174480425	0.579990333494	0.469308844853	0.397776703722	0.42822619623	0.491541807637	0.700338327695	0.636056065732	0.450459159014	0.565490575157	0.47462542291	0.612856452392	0.529241179314	0.732721121315	0.698888351861	0.558724021266	0.531174480425	0.517641372644	0.65973900435	0.611406476559	0.659255679072	0.622039632673	0.584340260996	0.61575640406	0.512808119865	0.528274528758	0.524891251812	0.52537457709	0.544707588207	0.627839536008	0.5601739971	0.619139681005	0.503624939584	0.58095698405
AB7	0.867085548574	0.885935234413	0.74528757854	0.726437892702	0.862252295795	0.928467858869	0.940067665539	0.938617689705	0.921701304978	0.93523441276	0.957950700822	0.887385210246	0.927984533591	0.719188013533	0.930401159981	0.872885451909	0.917834702755	0.916384726921	0.0	0.409376510391	0.811019816336	0.829869502175	0.944900918318	0.925084581924	0.737071048816	0.819236346061	0.893185113581	0.88883518608	0.73368777187	0.696955050749	0.884001933301	0.895118414693	0.925567907202	0.938134364427	0.936684388594	0.929434509425	0.943934267762	0.920251329145	0.947317544708	0.926051232479	0.943450942484	0.869018849686	0.870952150797	0.906718221363	0.960367327211	0.950217496375	0.925084581924	0.926534557757	0.934267762204	0.926051232479	0.929917834703	0.917351377477	0.916868052199	0.915418076365	0.916384726921	0.911551474142	0.924117931368	0.911551474142	0.927501208313	0.922667955534	0.948284195263	0.929917834703
AB8	0.717738037699	0.724987916868	0.767037216046	0.582890285162	0.743354277429	0.763653939101	0.77767037216	0.773803769937	0.749637506042	0.771870468826	0.794103431609	0.723537941034	0.766553890768	0.687288545191	0.76848719188	0.721121314645	0.765587240213	0.758820686322	0.409376510391	0.0	0.657805703238	0.670372160464	0.76848719188	0.743837602707	0.739487675205	0.662638956017	0.721121314645	0.713388110198	0.539874335428	0.53697438376	0.735621072982	0.737071048816	0.760753987434	0.773320444659	0.810536491058	0.770420492992	0.779603673272	0.760270662156	0.779120347994	0.764620589657	0.774287095215	0.731271145481	0.725954567424	0.743354277429	0.793620106332	0.784920251329	0.817303044949	0.767037216046	0.789753504108	0.77090381827	0.775253745771	0.778637022716	0.764137264379	0.765587240213	0.763170613823	0.762203963267	0.7593040116	0.777187046883	0.761720637989	0.767037216046	0.776703721605	0.768970517158
AC7	0.600289995167	0.648622522958	0.898018366361	0.659255679072	0.732721121315	0.579990333494	0.710971483809	0.568873852102	0.540357660706	0.65055582407	0.578057032383	0.678105364911	0.675688738521	0.820686321895	0.705171580474	0.622522957951	0.576123731271	0.574673755437	0.811019816336	0.657805703238	0.0	0.367327211213	0.565973900435	0.548090865152	0.82648622523	0.565973900435	0.540357660706	0.511841469309	0.463992266796	0.500241662639	0.554374093765	0.55099081682	0.554857419043	0.602706621556	0.804253262446	0.731271145481	0.607539874335	0.652489125181	0.603189946834	0.720637989367	0.65732237796	0.704204929918	0.698405026583	0.625422909618	0.630739487675	0.619139681005	0.811503141614	0.762203963267	0.785886901885	0.773320444659	0.736587723538	0.770420492992	0.670855485742	0.676172063799	0.66892218463	0.675688738521	0.672305461576	0.782986950217	0.672788786854	0.766070565491	0.62493958434	0.731271145481
AC8	0.573223779604	0.576123731271	0.912518124698	0.628322861286	0.687288545191	0.527307878202	0.680038666022	0.514741420976	0.500724987917	0.587240212663	0.552924117931	0.616723054616	0.60657322378	0.827452875785	0.646205896568	0.561140647656	0.522474625423	0.518124697922	0.829869502175	0.670372160464	0.367327211213	0.0	0.514741420976	0.498791686805	0.834702754954	0.533107781537	0.423392943451	0.381343644273	0.437892701788	0.473175447076	0.534557757371	0.49540840986	0.501208313195	0.518124697922	0.732721121315	0.657805703238	0.556307394877	0.582406959884	0.530691155147	0.646689221846	0.582406959884	0.672788786854	0.638472692122	0.565007249879	0.568390526825	0.555340744321	0.735137747704	0.675205413243	0.722087965201	0.701788303528	0.662155630739	0.691155147414	0.593040115998	0.599806669889	0.595456742388	0.598356694055	0.583856935718	0.707104881585	0.590140164331	0.699371677139	0.548090865152	0.648622522958
AD7	0.598840019333	0.583856935718	0.96520057999	0.672788786854	0.732237796037	0.518124697922	0.681005316578	0.505074915418	0.503624939584	0.595940067666	0.452392460126	0.654422426293	0.602223296278	0.882551957467	0.639922667956	0.573223779604	0.482358627356	0.463992266796	0.944900918318	0.76848719188	0.565973900435	0.514741420976	0.0	0.282745287579	0.901884968584	0.522957950701	0.435959400677	0.469308844853	0.513291445143	0.566457225713	0.512808119865	0.480425326245	0.4813919768	0.541807636539	0.750604156597	0.678588690188	0.491541807637	0.601256645723	0.544224262929	0.65732237796	0.602223296278	0.732237796037	0.693571773804	0.60415659739	0.565007249879	0.554374093765	0.744804253262	0.687288545191	0.730787820203	0.710004833253	0.66892218463	0.705171580474	0.610923151281	0.612856452392	0.602223296278	0.611406476559	0.596423392943	0.717738037699	0.602706621556	0.707104881585	0.56935717738	0.660222329628
AD8	0.594006766554	0.574673755437	0.952634122765	0.662155630739	0.719671338811	0.508458192363	0.676172063799	0.492025132914	0.485258579024	0.582890285162	0.438376027066	0.638472692122	0.598356694055	0.872402126631	0.646205896568	0.565007249879	0.476075398743	0.462542290962	0.925084581924	0.743837602707	0.548090865152	0.498791686805	0.282745287579	0.0	0.867085548574	0.48380860319	0.404543257612	0.448042532624	0.481875302078	0.539874335428	0.493475108748	0.473658772354	0.462542290962	0.525857902368	0.746254229096	0.665538907685	0.482358627356	0.584340260996	0.532141130981	0.648622522958	0.588690188497	0.730787820203	0.69212179797	0.582406959884	0.556307394877	0.544707588207	0.748187530208	0.683905268246	0.725471242146	0.704204929918	0.66892218463	0.701788303528	0.603673272112	0.604639922668	0.593040115998	0.606089898502	0.59497341711	0.712421459642	0.60415659739	0.70372160464	0.561140647656	0.657805703238
AE7	0.829869502175	0.86805219913	0.853552440793	0.794586756887	0.825036249396	0.893668438859	0.915901401643	0.90285161914	0.886418559691	0.907201546641	0.924117931368	0.847752537458	0.887868535524	0.82165297245	0.909134847753	0.84485258579	0.873852102465	0.859352344128	0.737071048816	0.739487675205	0.82648622523	0.834702754954	0.901884968584	0.867085548574	0.0	0.563073948768	0.870952150797	0.866118898018	0.764137264379	0.762687288545	0.837119381344	0.848235862736	0.898985016916	0.911068148864	0.924601256646	0.917834702755	0.919284678589	0.899468342194	0.908651522475	0.877718704688	0.903334944418	0.880618656356	0.877718704688	0.876752054132	0.939584340261	0.925567907202	0.889318511358	0.901401643306	0.916384726921	0.897051715805	0.897051715805	0.892701788304	0.892701788304	0.891735137748	0.896085065249	0.886418559691	0.908168197197	0.885451909135	0.908651522475	0.893185113581	0.911551474142	0.903334944418
AE8	0.588206863219	0.62493958434	0.898501691638	0.65732237796	0.710488158531	0.585306911551	0.686321894635	0.589656839053	0.583856935718	0.625422909618	0.611889801837	0.633639439343	0.651039149348	0.814403093282	0.707104881585	0.602706621556	0.59497341711	0.577573707105	0.819236346061	0.662638956017	0.565973900435	0.533107781537	0.522957950701	0.48380860319	0.563073948768	0.0	0.549057515708	0.553890768487	0.508941517641	0.503141614306	0.570323827936	0.560657322378	0.589173513775	0.607056549058	0.771870468826	0.704688255196	0.607539874335	0.619139681005	0.600773320445	0.666988883519	0.640405993233	0.703238279362	0.679555340744	0.608506524891	0.637989366844	0.622039632673	0.762203963267	0.716288061866	0.764137264379	0.72450459159	0.702271628806	0.732721121315	0.655872402127	0.649589173514	0.656355727405	0.655389076849	0.655872402127	0.733204446593	0.665538907685	0.716771387144	0.616239729338	0.684388593523
AF7	0.575157080715	0.533591106815	0.942484291928	0.653939101015	0.658289028516	0.473658772354	0.683905268246	0.459642339294	0.457225712905	0.582890285162	0.43740937651	0.584340260996	0.557274045433	0.859835669406	0.65732237796	0.552440792653	0.46060898985	0.426292895118	0.893185113581	0.721121314645	0.540357660706	0.423392943451	0.435959400677	0.404543257612	0.870952150797	0.549057515708	0.0	0.344127597873	0.481875302078	0.537941034316	0.476558724021	0.471725471242	0.434509424843	0.485741904302	0.679072015466	0.616239729338	0.443692605123	0.543257612373	0.4813919768	0.619139681005	0.533591106815	0.716771387144	0.6805219913	0.545674238763	0.517158047366	0.509908168197	0.672788786854	0.621072982117	0.672305461576	0.649105848236	0.607056549058	0.629289511841	0.536491058482	0.543740937651	0.535041082649	0.540357660706	0.555340744321	0.645239246013	0.565007249879	0.644755920735	0.499275012083	0.589656839053
AF8	0.578540357661	0.566940550991	0.942000966651	0.657805703238	0.695988400193	0.50459159014	0.685355244079	0.482358627356	0.475108748188	0.581923634606	0.500724987917	0.627839536008	0.579507008217	0.857902368294	0.6389560174	0.554857419043	0.464475592073	0.464475592073	0.88883518608	0.713388110198	0.511841469309	0.381343644273	0.469308844853	0.448042532624	0.866118898018	0.553890768487	0.344127597873	0.0	0.472692121798	0.522957950701	0.517158047366	0.464958917351	0.436926051232	0.500724987917	0.718221362977	0.650072498792	0.493958434026	0.566457225713	0.51377477042	0.623006283229	0.563073948768	0.70130497825	0.660222329628	0.55099081682	0.554857419043	0.541807636539	0.714354760754	0.661188980184	0.705171580474	0.68970517158	0.647655872402	0.674238762687	0.575640405993	0.579507008217	0.575640405993	0.579507008217	0.564040599323	0.68970517158	0.579507008217	0.683421942968	0.524891251812	0.631222812953
AG7	0.591106814886	0.589656839053	0.852585790237	0.563557274045	0.675205413243	0.526341227646	0.674722087965	0.519091348478	0.49299178347	0.585790236829	0.54857419043	0.614789753504	0.614789753504	0.77090381827	0.661672305462	0.56935717738	0.535524407927	0.531174480425	0.73368777187	0.539874335428	0.463992266796	0.437892701788	0.513291445143	0.481875302078	0.764137264379	0.508941517641	0.481875302078	0.472692121798	0.0	0.320444659256	0.543740937651	0.5186080232	0.50700821653	0.559690671822	0.745770903818	0.665538907685	0.536007733204	0.579507008217	0.543257612373	0.642822619623	0.596906718221	0.669405509908	0.641372643789	0.551474142098	0.580473658772	0.572740454326	0.742870952151	0.677138714355	0.713871435476	0.699371677139	0.660705654906	0.698405026583	0.607539874335	0.608023199613	0.607539874335	0.611889801837	0.616239729338	0.711938134364	0.625422909618	0.696471725471	0.578057032383	0.65055582407
AG8	0.582890285162	0.60415659739	0.84726921218	0.586273562107	0.693088448526	0.570807153214	0.669405509908	0.573707104882	0.553890768487	0.598356694055	0.598840019333	0.637506041566	0.62735621073	0.749637506042	0.677138714355	0.585306911551	0.582890285162	0.579990333494	0.696955050749	0.53697438376	0.500241662639	0.473175447076	0.566457225713	0.539874335428	0.762687288545	0.503141614306	0.537941034316	0.522957950701	0.320444659256	0.0	0.572257129048	0.55099081682	0.566457225713	0.586756887385	0.761720637989	0.677138714355	0.58095698405	0.593040115998	0.578540357661	0.652489125181	0.611889801837	0.667955534074	0.659255679072	0.573707104882	0.60415659739	0.601256645723	0.7593040116	0.697921701305	0.734654422426	0.71532141131	0.686805219913	0.713388110198	0.625422909618	0.623006283229	0.625422909618	0.634606089899	0.637989366844	0.724987916868	0.648622522958	0.709038182697	0.607539874335	0.672305461576
AH7	0.59255679072	0.62493958434	0.954084098598	0.698888351861	0.714354760754	0.565490575157	0.708554857419	0.561623972934	0.565490575157	0.6389560174	0.528757854036	0.65732237796	0.64813919768	0.875785403577	0.695988400193	0.584823586274	0.515224746254	0.469308844853	0.884001933301	0.735621072982	0.554374093765	0.534557757371	0.512808119865	0.493475108748	0.837119381344	0.570323827936	0.476558724021	0.517158047366	0.543740937651	0.572257129048	0.0	0.320927984534	0.554374093765	0.615273078782	0.777187046883	0.718704688255	0.543740937651	0.655872402127	0.597873368777	0.678105364911	0.639922667956	0.763653939101	0.743837602707	0.649589173514	0.630256162397	0.623489608507	0.764137264379	0.726437892702	0.763170613823	0.730304494925	0.702271628806	0.725954567424	0.625422909618	0.634122764621	0.625906234896	0.628322861286	0.638472692122	0.738037699372	0.641855969067	0.717738037699	0.61333977767	0.699855002417
AH8	0.563557274045	0.583856935718	0.95360077332	0.663122281295	0.685838569357	0.524891251812	0.685355244079	0.507974867086	0.521024649589	0.595940067666	0.51377477042	0.621072982117	0.593040115998	0.871435476075	0.648622522958	0.545190913485	0.425326244563	0.397776703722	0.895118414693	0.737071048816	0.55099081682	0.49540840986	0.480425326245	0.473658772354	0.848235862736	0.560657322378	0.471725471242	0.464958917351	0.5186080232	0.55099081682	0.320927984534	0.0	0.498308361527	0.5601739971	0.751570807153	0.686321894635	0.526824552924	0.607539874335	0.549057515708	0.639922667956	0.59497341711	0.728371193813	0.699855002417	0.608023199613	0.580473658772	0.575157080715	0.711454809087	0.678105364911	0.721121314645	0.679555340744	0.647172547124	0.674238762687	0.56935717738	0.581440309328	0.572257129048	0.579507008217	0.581923634606	0.683421942968	0.590140164331	0.675205413243	0.565007249879	0.651039149348
AA5	0.595940067666	0.501691638473	0.961817303045	0.649589173514	0.625422909618	0.450942484292	0.621556307395	0.410343160947	0.422909618173	0.538424359594	0.43740937651	0.553407443209	0.531174480425	0.869502174964	0.570323827936	0.537457709038	0.420009666506	0.42822619623	0.925567907202	0.760753987434	0.554857419043	0.501208313195	0.4813919768	0.462542290962	0.898985016916	0.589173513775	0.434509424843	0.436926051232	0.50700821653	0.566457225713	0.554374093765	0.498308361527	0.0	0.35186080232	0.690188496858	0.59255679072	0.462058965684	0.478008699855	0.471242145964	0.563073948768	0.479942000967	0.637022716288	0.610439826003	0.468825519575	0.52537457709	0.492508458192	0.705171580474	0.652005799903	0.669405509908	0.653939101015	0.638472692122	0.671822136298	0.533107781537	0.566940550991	0.563073948768	0.557274045433	0.532141130981	0.681971967134	0.56259062349	0.653455775737	0.516674722088	0.61575640406
AA6	0.599806669889	0.502658289029	0.968100531658	0.661188980184	0.633639439343	0.470275495408	0.628322861286	0.45142580957	0.454809086515	0.544707588207	0.494441759304	0.561140647656	0.522957950701	0.874335427743	0.595940067666	0.540840985984	0.492025132914	0.491541807637	0.938134364427	0.773320444659	0.602706621556	0.518124697922	0.541807636539	0.525857902368	0.911068148864	0.607056549058	0.485741904302	0.500724987917	0.559690671822	0.586756887385	0.615273078782	0.5601739971	0.35186080232	0.0	0.675205413243	0.575157080715	0.51619139681	0.491541807637	0.474142097632	0.58095698405	0.489608506525	0.663605606573	0.633639439343	0.499758337361	0.449975833736	0.415659739004	0.686805219913	0.640889318511	0.653455775737	0.644755920735	0.620589656839	0.652489125181	0.52779120348	0.551474142098	0.546157564041	0.545674238763	0.537457709038	0.665055582407	0.55775737071	0.644755920735	0.516674722088	0.604639922668
AB5	0.760753987434	0.647655872402	0.977283711938	0.739487675205	0.631222812953	0.649105848236	0.743354277429	0.675205413243	0.660705654906	0.705171580474	0.66892218463	0.611889801837	0.667472208797	0.892218463026	0.72450459159	0.70130497825	0.712421459642	0.700338327695	0.936684388594	0.810536491058	0.804253262446	0.732721121315	0.750604156597	0.746254229096	0.924601256646	0.771870468826	0.679072015466	0.718221362977	0.745770903818	0.761720637989	0.777187046883	0.751570807153	0.690188496858	0.675205413243	0.0	0.319961333978	0.637022716288	0.656839052682	0.622522957951	0.624456259062	0.619139681005	0.753504108265	0.735137747704	0.65732237796	0.628322861286	0.626389560174	0.621072982117	0.609956500725	0.625906234896	0.602223296278	0.618173030449	0.610439826003	0.598840019333	0.603189946834	0.614306428226	0.61333977767	0.661672305462	0.607539874335	0.667472208797	0.601256645723	0.668438859352	0.60415659739
AB6	0.695988400193	0.579990333494	0.970033832769	0.675205413243	0.600773320445	0.5601739971	0.659255679072	0.577090381827	0.577573707105	0.611406476559	0.598840019333	0.531657805703	0.601256645723	0.878202029966	0.653455775737	0.621072982117	0.638472692122	0.636056065732	0.929434509425	0.770420492992	0.731271145481	0.657805703238	0.678588690188	0.665538907685	0.917834702755	0.704688255196	0.616239729338	0.650072498792	0.665538907685	0.677138714355	0.718704688255	0.686321894635	0.59255679072	0.575157080715	0.319961333978	0.0	0.56935717738	0.570807153214	0.547607539874	0.542774287095	0.530691155147	0.683905268246	0.653939101015	0.543257612373	0.549057515708	0.544707588207	0.61333977767	0.558724021266	0.58095698405	0.560657322378	0.560657322378	0.581440309328	0.519574673755	0.543740937651	0.56259062349	0.554857419043	0.586756887385	0.576607056549	0.586273562107	0.55775737071	0.612373127115	0.537941034316
AC5	0.609473175447	0.551957467376	0.978250362494	0.669405509908	0.643789270179	0.459159014016	0.664088931851	0.470758820686	0.449975833736	0.573707104882	0.404543257612	0.566940550991	0.554857419043	0.885935234413	0.64813919768	0.579023682939	0.475108748188	0.450459159014	0.943934267762	0.779603673272	0.607539874335	0.556307394877	0.491541807637	0.482358627356	0.919284678589	0.607539874335	0.443692605123	0.493958434026	0.536007733204	0.58095698405	0.543740937651	0.526824552924	0.462058965684	0.51619139681	0.637022716288	0.56935717738	0.0	0.448042532624	0.446109231513	0.591106814886	0.529724504592	0.721121314645	0.678105364911	0.532624456259	0.48622522958	0.480425326245	0.626389560174	0.578057032383	0.625906234896	0.599323344611	0.567907201547	0.594490091832	0.517158047366	0.502174963751	0.507974867086	0.515708071532	0.578540357661	0.607056549058	0.587723537941	0.589656839053	0.532141130981	0.551474142098
AC6	0.632189463509	0.501691638473	0.956984050266	0.647172547124	0.575157080715	0.507974867086	0.528274528758	0.470275495408	0.521024649589	0.459642339294	0.553890768487	0.525857902368	0.54857419043	0.857419043016	0.545190913485	0.566457225713	0.57177380377	0.565490575157	0.920251329145	0.760270662156	0.652489125181	0.582406959884	0.601256645723	0.584340260996	0.899468342194	0.619139681005	0.543257612373	0.566457225713	0.579507008217	0.593040115998	0.655872402127	0.607539874335	0.478008699855	0.491541807637	0.656839052682	0.570807153214	0.448042532624	0.0	0.514741420976	0.512808119865	0.484291928468	0.505558240696	0.462542290962	0.413726437893	0.550507491542	0.541324311261	0.672788786854	0.619623006283	0.647655872402	0.62493958434	0.61333977767	0.641855969067	0.562107298212	0.565973900435	0.569840502658	0.573707104882	0.555340744321	0.651039149348	0.579023682939	0.618656355727	0.552440792653	0.597873368777
AD6	0.597390043499	0.507974867086	0.978250362494	0.639922667956	0.593523441276	0.415176413726	0.616723054616	0.439342677622	0.425326244563	0.52779120348	0.44224262929	0.498791686805	0.508941517641	0.8796520058	0.60415659739	0.52537457709	0.47220879652	0.47462542291	0.947317544708	0.779120347994	0.603189946834	0.530691155147	0.544224262929	0.532141130981	0.908651522475	0.600773320445	0.4813919768	0.51377477042	0.543257612373	0.578540357661	0.597873368777	0.549057515708	0.471242145964	0.474142097632	0.622522957951	0.547607539874	0.446109231513	0.514741420976	0.0	0.541324311261	0.411793136781	0.709038182697	0.664088931851	0.521507974867	0.466892218463	0.457225712905	0.603673272112	0.547124214596	0.589656839053	0.556790720155	0.535041082649	0.573223779604	0.452392460126	0.464958917351	0.467375543741	0.477525374577	0.537941034316	0.578057032383	0.545190913485	0.563557274045	0.475108748188	0.523924601257
AE5	0.649589173514	0.543740937651	0.979700338328	0.647172547124	0.565007249879	0.562107298212	0.568873852102	0.553407443209	0.605123247946	0.530691155147	0.626872885452	0.52537457709	0.573223779604	0.8796520058	0.5601739971	0.579023682939	0.606089898502	0.612856452392	0.926051232479	0.764620589657	0.720637989367	0.646689221846	0.65732237796	0.648622522958	0.877718704688	0.666988883519	0.619139681005	0.623006283229	0.642822619623	0.652489125181	0.678105364911	0.639922667956	0.563073948768	0.58095698405	0.624456259062	0.542774287095	0.591106814886	0.512808119865	0.541324311261	0.0	0.365393910101	0.611406476559	0.58337361044	0.511841469309	0.629289511841	0.625422909618	0.656839052682	0.616723054616	0.638472692122	0.609956500725	0.627839536008	0.634606089899	0.547124214596	0.572257129048	0.59497341711	0.56935717738	0.554857419043	0.637022716288	0.56259062349	0.601739971	0.579990333494	0.59497341711
AE6	0.603189946834	0.471242145964	0.977767037216	0.629289511841	0.572740454326	0.48622522958	0.558724021266	0.461092315128	0.5186080232	0.500724987917	0.542774287095	0.509908168197	0.505558240696	0.87723537941	0.555340744321	0.524407926535	0.538424359594	0.529241179314	0.943450942484	0.774287095215	0.65732237796	0.582406959884	0.602223296278	0.588690188497	0.903334944418	0.640405993233	0.533591106815	0.563073948768	0.596906718221	0.611889801837	0.639922667956	0.59497341711	0.479942000967	0.489608506525	0.619139681005	0.530691155147	0.529724504592	0.484291928468	0.411793136781	0.365393910101	0.0	0.652972450459	0.610923151281	0.472692121798	0.541807636539	0.53939101015	0.644755920735	0.594006766554	0.616723054616	0.59497341711	0.593040115998	0.617206379894	0.488641855969	0.500241662639	0.516674722088	0.509908168197	0.502658289029	0.622522957951	0.526341227646	0.591106814886	0.504108264862	0.570807153214
AF5	0.732237796037	0.656355727405	0.938134364427	0.680038666022	0.660705654906	0.687288545191	0.570323827936	0.641855969067	0.698405026583	0.591590140164	0.728371193813	0.640889318511	0.685355244079	0.849202513291	0.607056549058	0.677138714355	0.722571290478	0.732721121315	0.869018849686	0.731271145481	0.704204929918	0.672788786854	0.732237796037	0.730787820203	0.880618656356	0.703238279362	0.716771387144	0.70130497825	0.669405509908	0.667955534074	0.763653939101	0.728371193813	0.637022716288	0.663605606573	0.753504108265	0.683905268246	0.721121314645	0.505558240696	0.709038182697	0.611406476559	0.652972450459	0.0	0.296761720638	0.552440792653	0.739487675205	0.724021266312	0.772353794103	0.744320927985	0.750120831319	0.73368777187	0.744320927985	0.757370710488	0.70372160464	0.730304494925	0.739487675205	0.723054615756	0.681971967134	0.763170613823	0.685838569357	0.726437892702	0.725471242146	0.727887868536
AF6	0.711454809087	0.611889801837	0.942967617206	0.672305461576	0.643789270179	0.651039149348	0.544707588207	0.609473175447	0.663605606573	0.553890768487	0.698405026583	0.610923151281	0.646689221846	0.854035766071	0.56259062349	0.645239246013	0.68293861769	0.698888351861	0.870952150797	0.725954567424	0.698405026583	0.638472692122	0.693571773804	0.69212179797	0.877718704688	0.679555340744	0.6805219913	0.660222329628	0.641372643789	0.659255679072	0.743837602707	0.699855002417	0.610439826003	0.633639439343	0.735137747704	0.653939101015	0.678105364911	0.462542290962	0.664088931851	0.58337361044	0.610923151281	0.296761720638	0.0	0.514258095698	0.698405026583	0.689221846303	0.75688738521	0.715804736588	0.722087965201	0.699371677139	0.698888351861	0.735137747704	0.667955534074	0.686321894635	0.697438376027	0.685355244079	0.640405993233	0.73368777187	0.642339294345	0.700338327695	0.682455292412	0.696955050749
