	AA3	AA4	AB3	AB4	AC3	AC4	AD3	AD4	AE3	AE4	AF3	AF4	AG3	AG4	AH3	AH4	AA7	AA8	AB7	AB8	AC7	AC8	AD7	AD8	AE7	AE8	AF7	AF8	AG7	AG8	AH7	AH8	AA5	AA6	AB5	AB6	AC5	AC6	AD6	AE5	AE6	AF5	AF6	AG5	AH5	AH6	AA1	AA2	AB1	AB2	AC1	AC2	AD1	AD2	AE1	AE2	AF1	AF2	AG1	AG2	AH1	AH2
AA3	0.0	0.491058482359	0.943934267762	0.631706138231	0.654422426293	0.584340260996	0.663605606573	0.576123731271	0.580473658772	0.612373127115	0.613823102948	0.590140164331	0.581440309328	0.85645239246	0.64813919768	0.326244562591	0.565007249879	0.573223779604	0.869018849686	0.714354760754	0.623006283229	0.572740454326	0.591590140164	0.574673755437	0.83566940551	0.595940067666	0.573707104882	0.566457225713	0.589656839053	0.585790236829	0.591106814886	0.563557274045	0.594006766554	0.593040115998	0.741420976317	0.687288545191	0.609473175447	0.608023199613	0.594006766554	0.616723054616	0.593523441276	0.700338327695	0.680038666022	0.613823102948	0.616239729338	0.621072982117	0.678588690188	0.638472692122	0.714354760754	0.648622522958	0.652972450459	0.65973900435	0.566457225713	0.5601739971	0.556790720155	0.567907201547	0.566457225713	0.648622522958	0.572257129048	0.666022232963	0.573707104882	0.639922667956
AA4	0.491058482359	0.0	0.951184146931	0.574673755437	0.558240695988	0.492508458192	0.596906718221	0.464475592073	0.503624939584	0.50700821653	0.552440792653	0.506041565974	0.475108748188	0.862735621073	0.378443692605	0.376027066216	0.535041082649	0.532141130981	0.897051715805	0.724987916868	0.64572257129	0.579023682939	0.585790236829	0.58337361044	0.881585306912	0.627839536008	0.539874335428	0.552440792653	0.596906718221	0.61575640406	0.632189463509	0.579990333494	0.515224746254	0.515708071532	0.660222329628	0.59255679072	0.569840502658	0.512808119865	0.522474625423	0.524407926535	0.476558724021	0.623489608507	0.590623489609	0.515224746254	0.579507008217	0.579507008217	0.649589173514	0.578540357661	0.633639439343	0.589656839053	0.593040115998	0.621556307395	0.515224746254	0.511358144031	0.510874818753	0.520057999033	0.503141614306	0.613823102948	0.503624939584	0.58095698405	0.51619139681	0.560657322378
AB3	0.943934267762	0.951184146931	0.0	0.685355244079	0.920734654422	0.95360077332	0.957950700822	0.945384243596	0.928467858869	0.951184146931	0.972933784437	0.939101014983	0.968100531658	0.334944417593	0.963267278879	0.943450942484	0.971483808603	0.972450459159	0.718704688255	0.752054132431	0.897535041083	0.911068148864	0.961817303045	0.947317544708	0.849202513291	0.896568390527	0.94441759304	0.93281778637	0.840502658289	0.823586273562	0.952634122765	0.957950700822	0.959884001933	0.963750604157	0.976317061382	0.964717254712	0.975833736104	0.959400676655	0.975350410826	0.975350410826	0.974867085549	0.940067665539	0.941517641373	0.955050749154	0.97921701305	0.973417109715	0.976317061382	0.973417109715	0.971967133881	0.973417109715	0.975833736104	0.972933784437	0.976317061382	0.975833736104	0.97921701305	0.974383760271	0.974383760271	0.975833736104	0.974867085549	0.973900434993	0.974867085549	0.975350410826
AB4	0.631706138231	0.574673755437	0.685355244079	0.0	0.629289511841	0.608023199613	0.691155147414	0.606089898502	0.608506524891	0.622039632673	0.642822619623	0.606089898502	0.486708554857	0.577573707105	0.614789753504	0.585790236829	0.637989366844	0.628806186564	0.72692121798	0.566940550991	0.65973900435	0.618656355727	0.663122281295	0.639439342678	0.794586756887	0.65055582407	0.642822619623	0.630739487675	0.550507491542	0.584823586274	0.685355244079	0.647655872402	0.645239246013	0.646205896568	0.725471242146	0.675688738521	0.662155630739	0.6389560174	0.622039632673	0.639922667956	0.629772837119	0.669888835186	0.658772353794	0.640889318511	0.684871918801	0.67133881102	0.695988400193	0.656355727405	0.697921701305	0.672305461576	0.669405509908	0.674238762687	0.633156114065	0.642822619623	0.649589173514	0.645239246013	0.64572257129	0.671822136298	0.639439342678	0.676655389077	0.637506041566	0.669405509908
AC3	0.654422426293	0.558240695988	0.920734654422	0.629289511841	0.0	0.480425326245	0.657805703238	0.554857419043	0.56259062349	0.584340260996	0.617206379894	0.330594490092	0.600773320445	0.833736104398	0.587723537941	0.602223296278	0.60657322378	0.600773320445	0.871435476075	0.751087481875	0.729821169647	0.681488641856	0.727404543258	0.705171580474	0.834702754954	0.699371677139	0.665055582407	0.671822136298	0.670372160464	0.687288545191	0.707104881585	0.666988883519	0.613823102948	0.643789270179	0.626389560174	0.589173513775	0.630256162397	0.60415659739	0.596423392943	0.570323827936	0.561623972934	0.662638956017	0.642822619623	0.564523924601	0.648622522958	0.637989366844	0.607539874335	0.578057032383	0.599806669889	0.577573707105	0.603189946834	0.588206863219	0.537457709038	0.586756887385	0.576607056549	0.558724021266	0.626389560174	0.58095698405	0.616239729338	0.599806669889	0.614789753504	0.605123247946
AC4	0.584340260996	0.492508458192	0.95360077332	0.608023199613	0.480425326245	0.0	0.611406476559	0.409859835669	0.404543257612	0.511841469309	0.343160947318	0.391010149831	0.515224746254	0.866602223296	0.566940550991	0.532624456259	0.4813919768	0.448042532624	0.928951184147	0.749637506042	0.594490091832	0.541807636539	0.540357660706	0.528274528758	0.893185113581	0.600773320445	0.514258095698	0.522957950701	0.543257612373	0.566457225713	0.59255679072	0.532141130981	0.459642339294	0.489608506525	0.637989366844	0.570323827936	0.460125664572	0.512324794587	0.420976317061	0.56259062349	0.484291928468	0.672305461576	0.635089415176	0.493475108748	0.4813919768	0.488641855969	0.633639439343	0.56935717738	0.600289995167	0.574673755437	0.578057032383	0.606089898502	0.493958434026	0.514741420976	0.498308361527	0.501691638473	0.542774287095	0.591106814886	0.558724021266	0.574673755437	0.479458675689	0.547124214596
AD3	0.663605606573	0.596906718221	0.957950700822	0.691155147414	0.657805703238	0.611406476559	0.0	0.519574673755	0.639439342678	0.3610439826	0.670855485742	0.601739971	0.641855969067	0.876752054132	0.571290478492	0.635572740454	0.675205413243	0.679072015466	0.940550990817	0.767520541324	0.700821652972	0.682455292412	0.688738521025	0.681005316578	0.917351377477	0.689221846303	0.681005316578	0.681488641856	0.68293861769	0.677138714355	0.708071532141	0.681005316578	0.624456259062	0.639922667956	0.749637506042	0.679072015466	0.671822136298	0.52779120348	0.619623006283	0.574190430159	0.574190430159	0.57177380377	0.543740937651	0.523441275979	0.683421942968	0.672305461576	0.783953600773	0.709521507975	0.746254229096	0.708071532141	0.718221362977	0.73852102465	0.657805703238	0.652489125181	0.660705654906	0.649589173514	0.621556307395	0.722087965201	0.636056065732	0.720637989367	0.680038666022	0.695988400193
AD4	0.576123731271	0.464475592073	0.945384243596	0.606089898502	0.554857419043	0.409859835669	0.519574673755	0.0	0.331561140648	0.398260029	0.434992750121	0.478492025133	0.514258095698	0.862252295795	0.543740937651	0.517641372644	0.459642339294	0.444659255679	0.935717738038	0.750604156597	0.561623972934	0.503624939584	0.513291445143	0.500241662639	0.904784920251	0.607056549058	0.46060898985	0.47462542291	0.51377477042	0.559207346544	0.555340744321	0.499758337361	0.417593040116	0.453842435959	0.658289028516	0.586273562107	0.456259062349	0.478008699855	0.434509424843	0.557274045433	0.46060898985	0.637022716288	0.608506524891	0.46979217013	0.497825036249	0.505074915418	0.666988883519	0.601256645723	0.644272595457	0.609473175447	0.612373127115	0.637022716288	0.519091348478	0.511841469309	0.519091348478	0.524407926535	0.521991300145	0.629289511841	0.539874335428	0.619139681005	0.49540840986	0.589656839053
AE3	0.580473658772	0.503624939584	0.928467858869	0.608506524891	0.56259062349	0.404543257612	0.639439342678	0.331561140648	0.0	0.511841469309	0.404059932334	0.499758337361	0.516674722088	0.853552440793	0.564040599323	0.530691155147	0.446592556791	0.425326244563	0.920734654422	0.737071048816	0.537457709038	0.46979217013	0.479942000967	0.482841952634	0.885451909135	0.593040115998	0.441759304012	0.469308844853	0.487675205413	0.535524407927	0.543257612373	0.493475108748	0.409376510391	0.462542290962	0.666988883519	0.602706621556	0.437892701788	0.521991300145	0.437892701788	0.600289995167	0.507491541808	0.681488641856	0.651039149348	0.50700821653	0.488641855969	0.496858385694	0.670855485742	0.602706621556	0.64813919768	0.609473175447	0.609473175447	0.643305944901	0.526341227646	0.52537457709	0.531657805703	0.538424359594	0.540840985984	0.641372643789	0.561623972934	0.617206379894	0.492508458192	0.588690188497
AE4	0.612373127115	0.50700821653	0.951184146931	0.622039632673	0.584340260996	0.511841469309	0.3610439826	0.398260029	0.511841469309	0.0	0.572740454326	0.519574673755	0.56259062349	0.867568873852	0.52537457709	0.56259062349	0.575640405993	0.580473658772	0.932334461092	0.749154180764	0.652005799903	0.592073465442	0.607539874335	0.590623489609	0.910584823586	0.629772837119	0.581440309328	0.577090381827	0.589173513775	0.606089898502	0.640405993233	0.587240212663	0.53020782987	0.542774287095	0.683905268246	0.61575640406	0.578540357661	0.453359110681	0.535524407927	0.509424842919	0.49540840986	0.573223779604	0.547124214596	0.48380860319	0.591106814886	0.584340260996	0.713871435476	0.642339294345	0.689221846303	0.654905751571	0.662155630739	0.681488641856	0.587723537941	0.581923634606	0.579990333494	0.569840502658	0.553890768487	0.670372160464	0.570323827936	0.664572257129	0.578540357661	0.634122764621
AF3	0.613823102948	0.552440792653	0.972933784437	0.642822619623	0.617206379894	0.343160947318	0.670855485742	0.434992750121	0.404059932334	0.572740454326	0.0	0.517641372644	0.536491058482	0.88883518608	0.615273078782	0.58095698405	0.454809086515	0.415659739004	0.956984050266	0.776220396327	0.582890285162	0.528274528758	0.465442242629	0.46302561624	0.926534557757	0.635572740454	0.46979217013	0.503141614306	0.53939101015	0.594006766554	0.533107781537	0.513291445143	0.43064282262	0.503624939584	0.671822136298	0.621556307395	0.406476558724	0.550507491542	0.438859352344	0.624456259062	0.530691155147	0.71532141131	0.684388593523	0.532141130981	0.491058482359	0.493958434026	0.673755437409	0.608989850169	0.666022232963	0.619139681005	0.617689705172	0.641855969067	0.537941034316	0.52779120348	0.524407926535	0.542290961817	0.573707104882	0.637022716288	0.588690188497	0.615273078782	0.503624939584	0.587723537941
AF4	0.590140164331	0.506041565974	0.939101014983	0.606089898502	0.330594490092	0.391010149831	0.601739971	0.478492025133	0.499758337361	0.519574673755	0.517641372644	0.0	0.55099081682	0.851135814403	0.546640889319	0.531174480425	0.549540840986	0.528757854036	0.881585306912	0.721604639923	0.684388593523	0.628806186564	0.656355727405	0.632189463509	0.850169163847	0.640889318511	0.600773320445	0.607539874335	0.630739487675	0.647172547124	0.643305944901	0.597873368777	0.548090865152	0.579990333494	0.608506524891	0.538424359594	0.540357660706	0.541324311261	0.515708071532	0.513291445143	0.503141614306	0.617206379894	0.599323344611	0.499275012083	0.561140647656	0.556790720155	0.598840019333	0.533591106815	0.588206863219	0.532141130981	0.535041082649	0.561623972934	0.465442242629	0.508458192363	0.506041565974	0.498791686805	0.561140647656	0.554857419043	0.553407443209	0.550507491542	0.550024166264	0.546640889319
AG3	0.581440309328	0.475108748188	0.968100531658	0.486708554857	0.600773320445	0.515224746254	0.641855969067	0.514258095698	0.516674722088	0.56259062349	0.536491058482	0.55099081682	0.0	0.85645239246	0.530691155147	0.517641372644	0.488641855969	0.474142097632	0.933784436926	0.756404059932	0.658289028516	0.602223296278	0.591590140164	0.603673272112	0.885935234413	0.639439342678	0.556790720155	0.574673755437	0.612856452392	0.627839536008	0.636056065732	0.569840502658	0.525857902368	0.530691155147	0.665538907685	0.616723054616	0.544224262929	0.565007249879	0.515224746254	0.573223779604	0.512324794587	0.667955534074	0.639439342678	0.542774287095	0.577090381827	0.576607056549	0.624456259062	0.577090381827	0.632672788787	0.598356694055	0.584340260996	0.602223296278	0.522474625423	0.514741420976	0.529724504592	0.523924601257	0.539874335428	0.602706621556	0.546640889319	0.607539874335	0.499275012083	0.559207346544
AG4	0.85645239246	0.862735621073	0.334944417593	0.577573707105	0.833736104398	0.866602223296	0.876752054132	0.862252295795	0.853552440793	0.867568873852	0.88883518608	0.851135814403	0.85645239246	0.0	0.876268728855	0.855002416626	0.893668438859	0.893668438859	0.704688255196	0.671822136298	0.828419526341	0.839052682455	0.889801836636	0.871918801353	0.825519574674	0.825519574674	0.868535524408	0.857419043016	0.765103914935	0.743354277429	0.888351860802	0.882068632189	0.881585306912	0.882068632189	0.905751570807	0.889801836636	0.894635089415	0.86805219913	0.88883518608	0.888351860802	0.889801836636	0.855002416626	0.849685838569	0.873368777187	0.904784920251	0.898501691638	0.885935234413	0.885935234413	0.88883518608	0.884968583857	0.898501691638	0.889801836636	0.899468342194	0.894151764137	0.901884968584	0.894151764137	0.893185113581	0.892701788304	0.89125181247	0.884001933301	0.895118414693	0.893668438859
AH3	0.64813919768	0.378443692605	0.963267278879	0.614789753504	0.587723537941	0.566940550991	0.571290478492	0.543740937651	0.564040599323	0.52537457709	0.615273078782	0.546640889319	0.530691155147	0.876268728855	0.0	0.528757854036	0.599806669889	0.593040115998	0.925084581924	0.751570807153	0.696955050749	0.635572740454	0.633156114065	0.644272595457	0.899468342194	0.686805219913	0.623489608507	0.633639439343	0.657805703238	0.673272112131	0.694055099082	0.636056065732	0.5601739971	0.58095698405	0.70372160464	0.639922667956	0.633156114065	0.529724504592	0.592073465442	0.537941034316	0.546157564041	0.585306911551	0.564523924601	0.550507491542	0.645239246013	0.650072498792	0.708554857419	0.630739487675	0.672788786854	0.649589173514	0.64572257129	0.67133881102	0.59255679072	0.600289995167	0.589173513775	0.612373127115	0.564040599323	0.663122281295	0.565007249879	0.636056065732	0.593523441276	0.613823102948
AH4	0.326244562591	0.376027066216	0.943450942484	0.585790236829	0.602223296278	0.532624456259	0.635572740454	0.517641372644	0.530691155147	0.56259062349	0.58095698405	0.531174480425	0.517641372644	0.855002416626	0.528757854036	0.0	0.540357660706	0.545674238763	0.874335427743	0.71532141131	0.619623006283	0.561623972934	0.574673755437	0.565007249879	0.845335911068	0.598840019333	0.552440792653	0.553890768487	0.580473658772	0.595940067666	0.595940067666	0.548090865152	0.553407443209	0.545674238763	0.709038182697	0.640405993233	0.586273562107	0.563073948768	0.553890768487	0.563557274045	0.531174480425	0.663605606573	0.631706138231	0.56935717738	0.605123247946	0.601739971	0.666988883519	0.608506524891	0.670372160464	0.606089898502	0.620589656839	0.638472692122	0.538424359594	0.528274528758	0.529724504592	0.534557757371	0.507974867086	0.629289511841	0.506041565974	0.619623006283	0.53939101015	0.598356694055
AA7	0.565007249879	0.535041082649	0.971483808603	0.637989366844	0.60657322378	0.4813919768	0.675205413243	0.459642339294	0.446592556791	0.575640405993	0.454809086515	0.549540840986	0.488641855969	0.893668438859	0.599806669889	0.540357660706	0.0	0.301594973417	0.920734654422	0.761720637989	0.578057032383	0.510874818753	0.497825036249	0.510874818753	0.872885451909	0.606089898502	0.461575640406	0.477042049299	0.53697438376	0.582406959884	0.533107781537	0.438859352344	0.430159497342	0.473658772354	0.694055099082	0.646689221846	0.475108748188	0.556307394877	0.488641855969	0.608506524891	0.521507974867	0.714838086032	0.680038666022	0.56935717738	0.530691155147	0.524891251812	0.651039149348	0.593523441276	0.670855485742	0.621556307395	0.594006766554	0.61333977767	0.517641372644	0.512324794587	0.512808119865	0.521507974867	0.543257612373	0.604639922668	0.547124214596	0.636056065732	0.490575157081	0.595456742388
AA8	0.573223779604	0.532141130981	0.972450459159	0.628806186564	0.600773320445	0.448042532624	0.679072015466	0.444659255679	0.425326244563	0.580473658772	0.415659739004	0.528757854036	0.474142097632	0.893668438859	0.593040115998	0.545674238763	0.301594973417	0.0	0.926051232479	0.760270662156	0.562107298212	0.495891735138	0.469308844853	0.480425326245	0.869018849686	0.599806669889	0.4398260029	0.467375543741	0.522474625423	0.574190430159	0.471242145964	0.396810053166	0.425326244563	0.479942000967	0.684871918801	0.641372643789	0.440309328178	0.558724021266	0.455775737071	0.608989850169	0.516674722088	0.719188013533	0.682455292412	0.553407443209	0.508941517641	0.511841469309	0.637022716288	0.575640405993	0.649105848236	0.607056549058	0.579507008217	0.603673272112	0.500724987917	0.490575157081	0.499275012083	0.509908168197	0.535041082649	0.597873368777	0.540357660706	0.621072982117	0.465925567907	0.573223779604
AB7	0.869018849686	0.897051715805	0.718704688255	0.72692121798	0.871435476075	0.928951184147	0.940550990817	0.935717738038	0.920734654422	0.932334461092	0.956984050266	0.881585306912	0.933784436926	0.704688255196	0.925084581924	0.874335427743	0.920734654422	0.926051232479	0.0	0.420976317061	0.823586273562	0.843402609957	0.93523441276	0.915418076365	0.739971000483	0.820202996617	0.891735137748	0.878202029966	0.744804253262	0.70130497825	0.887868535524	0.899951667472	0.928467858869	0.934267762204	0.94441759304	0.924601256646	0.952634122765	0.922667955534	0.955050749154	0.929434509425	0.936684388594	0.881585306912	0.880135331078	0.918318028033	0.959400676655	0.948284195263	0.927017883035	0.917351377477	0.939584340261	0.928467858869	0.929917834703	0.922184630256	0.918801353311	0.918801353311	0.919768003867	0.914934751087	0.925084581924	0.916868052199	0.916868052199	0.931367810536	0.951184146931	0.941034316095
AB8	0.714354760754	0.724987916868	0.752054132431	0.566940550991	0.751087481875	0.749637506042	0.767520541324	0.750604156597	0.737071048816	0.749154180764	0.776220396327	0.721604639923	0.756404059932	0.671822136298	0.751570807153	0.71532141131	0.761720637989	0.760270662156	0.420976317061	0.0	0.656355727405	0.666022232963	0.745770903818	0.724021266312	0.744320927985	0.663605606573	0.704688255196	0.690188496858	0.530691155147	0.524891251812	0.735137747704	0.735621072982	0.753504108265	0.752054132431	0.814403093282	0.758820686322	0.771387143548	0.736587723538	0.768970517158	0.756404059932	0.753020782987	0.726437892702	0.711454809087	0.735621072982	0.781053649106	0.771870468826	0.824552924118	0.766553890768	0.818753020783	0.776220396327	0.772837119381	0.796520057999	0.762203963267	0.760753987434	0.766070565491	0.757854035766	0.755437409377	0.78250362494	0.753504108265	0.766553890768	0.774770420493	0.773803769937
AC7	0.623006283229	0.64572257129	0.897535041083	0.65973900435	0.729821169647	0.594490091832	0.700821652972	0.561623972934	0.537457709038	0.652005799903	0.582890285162	0.684388593523	0.658289028516	0.828419526341	0.696955050749	0.619623006283	0.578057032383	0.562107298212	0.823586273562	0.656355727405	0.0	0.336877718705	0.55099081682	0.55099081682	0.827452875785	0.605123247946	0.535524407927	0.505558240696	0.4813919768	0.503141614306	0.554857419043	0.540357660706	0.545674238763	0.582406959884	0.805219913001	0.74770420493	0.607056549058	0.633156114065	0.596423392943	0.714838086032	0.65055582407	0.712421459642	0.687771870469	0.635089415176	0.624456259062	0.618656355727	0.817303044949	0.760270662156	0.8008699855	0.770420492992	0.753020782987	0.783953600773	0.686805219913	0.666505558241	0.66892218463	0.688738521025	0.650072498792	0.774770420493	0.666505558241	0.769453842436	0.615273078782	0.735621072982
AC8	0.572740454326	0.579023682939	0.911068148864	0.618656355727	0.681488641856	0.541807636539	0.682455292412	0.503624939584	0.46979217013	0.592073465442	0.528274528758	0.628806186564	0.602223296278	0.839052682455	0.635572740454	0.561623972934	0.510874818753	0.495891735138	0.843402609957	0.666022232963	0.336877718705	0.0	0.46979217013	0.473175447076	0.839536007733	0.575640405993	0.397293378444	0.381343644273	0.425326244563	0.470275495408	0.513291445143	0.478975350411	0.476558724021	0.511841469309	0.741420976317	0.682455292412	0.535524407927	0.572257129048	0.544707588207	0.652005799903	0.580473658772	0.675205413243	0.645239246013	0.577573707105	0.5601739971	0.565973900435	0.748670855486	0.682455292412	0.743837602707	0.711938134364	0.682455292412	0.708554857419	0.612373127115	0.600289995167	0.601256645723	0.617689705172	0.577573707105	0.707588206863	0.597390043499	0.705171580474	0.550024166264	0.658772353794
AD7	0.591590140164	0.585790236829	0.961817303045	0.663122281295	0.727404543258	0.540357660706	0.688738521025	0.513291445143	0.479942000967	0.607539874335	0.465442242629	0.656355727405	0.591590140164	0.889801836636	0.633156114065	0.574673755437	0.497825036249	0.469308844853	0.93523441276	0.745770903818	0.55099081682	0.46979217013	0.0	0.284195263412	0.892218463026	0.531174480425	0.443692605123	0.468825519575	0.504108264862	0.552440792653	0.505558240696	0.487191880135	0.473175447076	0.525857902368	0.755437409377	0.692605123248	0.502658289029	0.589656839053	0.535524407927	0.652489125181	0.586273562107	0.713388110198	0.68970517158	0.603189946834	0.554857419043	0.570323827936	0.755920734654	0.685838569357	0.753987433543	0.718221362977	0.684388593523	0.720154664089	0.623972933784	0.603189946834	0.607539874335	0.627839536008	0.579023682939	0.713388110198	0.598840019333	0.709521507975	0.561623972934	0.665538907685
AD8	0.574673755437	0.58337361044	0.947317544708	0.639439342678	0.705171580474	0.528274528758	0.681005316578	0.500241662639	0.482841952634	0.590623489609	0.46302561624	0.632189463509	0.603673272112	0.871918801353	0.644272595457	0.565007249879	0.510874818753	0.480425326245	0.915418076365	0.724021266312	0.55099081682	0.473175447076	0.284195263412	0.0	0.845819236346	0.485741904302	0.4398260029	0.460125664572	0.480425326245	0.524407926535	0.488641855969	0.48380860319	0.494441759304	0.53697438376	0.748187530208	0.686321894635	0.494441759304	0.581923634606	0.542290961817	0.643305944901	0.578540357661	0.710488158531	0.685355244079	0.594006766554	0.551474142098	0.563557274045	0.754954084099	0.683905268246	0.74770420493	0.710004833253	0.679555340744	0.715804736588	0.621072982117	0.598356694055	0.602223296278	0.621556307395	0.593040115998	0.709521507975	0.604639922668	0.697921701305	0.568390526825	0.662638956017
AE7	0.83566940551	0.881585306912	0.849202513291	0.794586756887	0.834702754954	0.893185113581	0.917351377477	0.904784920251	0.885451909135	0.910584823586	0.926534557757	0.850169163847	0.885935234413	0.825519574674	0.899468342194	0.845335911068	0.872885451909	0.869018849686	0.739971000483	0.744320927985	0.827452875785	0.839536007733	0.892218463026	0.845819236346	0.0	0.533591106815	0.876268728855	0.857902368294	0.766553890768	0.7593040116	0.837602706622	0.846785886902	0.904301594973	0.907201546641	0.932334461092	0.909134847753	0.915901401643	0.899951667472	0.918318028033	0.8796520058	0.890768487192	0.876268728855	0.878202029966	0.885451909135	0.937651039149	0.92363460609	0.89125181247	0.893185113581	0.917351377477	0.894151764137	0.906718221363	0.896085065249	0.897051715805	0.900918318028	0.901401643306	0.886901884969	0.912518124698	0.891735137748	0.897535041083	0.906234896085	0.910101498308	0.912518124698
AE8	0.595940067666	0.627839536008	0.896568390527	0.65055582407	0.699371677139	0.600773320445	0.689221846303	0.607056549058	0.593040115998	0.629772837119	0.635572740454	0.640889318511	0.639439342678	0.825519574674	0.686805219913	0.598840019333	0.606089898502	0.599806669889	0.820202996617	0.663605606573	0.605123247946	0.575640405993	0.531174480425	0.485741904302	0.533591106815	0.0	0.582406959884	0.565007249879	0.532624456259	0.51619139681	0.578057032383	0.578057032383	0.618173030449	0.618173030449	0.767037216046	0.702754954084	0.630739487675	0.614789753504	0.633156114065	0.65055582407	0.617206379894	0.69453842436	0.674238762687	0.628322861286	0.644272595457	0.637506041566	0.765587240213	0.706138231029	0.774287095215	0.717254712421	0.708554857419	0.737071048816	0.667955534074	0.644272595457	0.649589173514	0.650072498792	0.644272595457	0.72450459159	0.655389076849	0.714354760754	0.617206379894	0.690188496858
AF7	0.573707104882	0.539874335428	0.94441759304	0.642822619623	0.665055582407	0.514258095698	0.681005316578	0.46060898985	0.441759304012	0.581440309328	0.46979217013	0.600773320445	0.556790720155	0.868535524408	0.623489608507	0.552440792653	0.461575640406	0.4398260029	0.891735137748	0.704688255196	0.535524407927	0.397293378444	0.443692605123	0.4398260029	0.876268728855	0.582406959884	0.0	0.318028032866	0.46302561624	0.514741420976	0.49540840986	0.484291928468	0.432092798453	0.476558724021	0.697921701305	0.637989366844	0.461092315128	0.549057515708	0.501691638473	0.617689705172	0.536491058482	0.687288545191	0.658289028516	0.549057515708	0.524407926535	0.52779120348	0.686805219913	0.630739487675	0.700338327695	0.663122281295	0.632189463509	0.658772353794	0.568873852102	0.542290961817	0.548090865152	0.561623972934	0.547124214596	0.64572257129	0.566940550991	0.65973900435	0.505558240696	0.609473175447
AF8	0.566457225713	0.552440792653	0.93281778637	0.630739487675	0.671822136298	0.522957950701	0.681488641856	0.47462542291	0.469308844853	0.577090381827	0.503141614306	0.607539874335	0.574673755437	0.857419043016	0.633639439343	0.553890768487	0.477042049299	0.467375543741	0.878202029966	0.690188496858	0.505558240696	0.381343644273	0.468825519575	0.460125664572	0.857902368294	0.565007249879	0.318028032866	0.0	0.448525857902	0.493958434026	0.506524891252	0.467375543741	0.454325761237	0.501208313195	0.723054615756	0.662638956017	0.502174963751	0.551474142098	0.521991300145	0.614306428226	0.544224262929	0.671822136298	0.645239246013	0.556790720155	0.546640889319	0.54857419043	0.704688255196	0.642822619623	0.710004833253	0.679555340744	0.65055582407	0.670855485742	0.579507008217	0.558724021266	0.565490575157	0.579507008217	0.555340744321	0.667472208797	0.566457225713	0.677138714355	0.520541324311	0.618656355727
AG7	0.589656839053	0.596906718221	0.840502658289	0.550507491542	0.670372160464	0.543257612373	0.68293861769	0.51377477042	0.487675205413	0.589173513775	0.53939101015	0.630739487675	0.612856452392	0.765103914935	0.657805703238	0.580473658772	0.53697438376	0.522474625423	0.744804253262	0.530691155147	0.4813919768	0.425326244563	0.504108264862	0.480425326245	0.766553890768	0.532624456259	0.46302561624	0.448525857902	0.0	0.319961333978	0.545674238763	0.509424842919	0.514258095698	0.545674238763	0.744804253262	0.682455292412	0.53697438376	0.565007249879	0.551474142098	0.637989366844	0.59255679072	0.666988883519	0.628322861286	0.578057032383	0.574673755437	0.567423876269	0.756404059932	0.680038666022	0.741904301595	0.705654905752	0.679555340744	0.720637989367	0.626872885452	0.616239729338	0.61575640406	0.621556307395	0.611889801837	0.711938134364	0.626389560174	0.701788303528	0.586756887385	0.664572257129
AG8	0.585790236829	0.61575640406	0.823586273562	0.584823586274	0.687288545191	0.566457225713	0.677138714355	0.559207346544	0.535524407927	0.606089898502	0.594006766554	0.647172547124	0.627839536008	0.743354277429	0.673272112131	0.595940067666	0.582406959884	0.574190430159	0.70130497825	0.524891251812	0.503141614306	0.470275495408	0.552440792653	0.524407926535	0.7593040116	0.51619139681	0.514741420976	0.493958434026	0.319961333978	0.0	0.564040599323	0.550507491542	0.570807153214	0.576123731271	0.759787336878	0.695505074915	0.588690188497	0.582890285162	0.591590140164	0.654422426293	0.611406476559	0.676172063799	0.646205896568	0.60657322378	0.610439826003	0.598356694055	0.767037216046	0.68970517158	0.753020782987	0.711938134364	0.696955050749	0.728854519091	0.652005799903	0.630256162397	0.635089415176	0.637022716288	0.635572740454	0.725471242146	0.644272595457	0.707588206863	0.610439826003	0.673272112131
AH7	0.591106814886	0.632189463509	0.952634122765	0.685355244079	0.707104881585	0.59255679072	0.708071532141	0.555340744321	0.543257612373	0.640405993233	0.533107781537	0.643305944901	0.636056065732	0.888351860802	0.694055099082	0.595940067666	0.533107781537	0.471242145964	0.887868535524	0.735137747704	0.554857419043	0.513291445143	0.505558240696	0.488641855969	0.837602706622	0.578057032383	0.49540840986	0.506524891252	0.545674238763	0.564040599323	0.0	0.341227646206	0.55775737071	0.602706621556	0.784920251329	0.735137747704	0.543257612373	0.640889318511	0.598840019333	0.662638956017	0.625422909618	0.757370710488	0.737071048816	0.648622522958	0.625906234896	0.628322861286	0.765587240213	0.712421459642	0.781536974384	0.724021266312	0.713388110198	0.737071048816	0.633639439343	0.629289511841	0.622522957951	0.642339294345	0.62735621073	0.733204446593	0.628322861286	0.728371193813	0.608506524891	0.712421459642
AH8	0.563557274045	0.579990333494	0.957950700822	0.647655872402	0.666988883519	0.532141130981	0.681005316578	0.499758337361	0.493475108748	0.587240212663	0.513291445143	0.597873368777	0.569840502658	0.882068632189	0.636056065732	0.548090865152	0.438859352344	0.396810053166	0.899951667472	0.735621072982	0.540357660706	0.478975350411	0.487191880135	0.48380860319	0.846785886902	0.578057032383	0.484291928468	0.467375543741	0.509424842919	0.550507491542	0.341227646206	0.0	0.506041565974	0.537941034316	0.739004349928	0.685838569357	0.519574673755	0.579507008217	0.533591106815	0.608989850169	0.557274045433	0.717738037699	0.68293861769	0.594006766554	0.562107298212	0.566940550991	0.710971483809	0.651039149348	0.73368777187	0.673755437409	0.655872402127	0.68293861769	0.58337361044	0.565490575157	0.569840502658	0.583856935718	0.565490575157	0.676655389077	0.567907201547	0.684388593523	0.542774287095	0.652972450459
AA5	0.594006766554	0.515224746254	0.959884001933	0.645239246013	0.613823102948	0.459642339294	0.624456259062	0.417593040116	0.409376510391	0.53020782987	0.43064282262	0.548090865152	0.525857902368	0.881585306912	0.5601739971	0.553407443209	0.430159497342	0.425326244563	0.928467858869	0.753504108265	0.545674238763	0.476558724021	0.473175447076	0.494441759304	0.904301594973	0.618173030449	0.432092798453	0.454325761237	0.514258095698	0.570807153214	0.55775737071	0.506041565974	0.0	0.347994200097	0.683905268246	0.597873368777	0.461092315128	0.473658772354	0.468825519575	0.564523924601	0.475592073465	0.624456259062	0.59497341711	0.475592073465	0.514258095698	0.498308361527	0.712421459642	0.64572257129	0.686805219913	0.653939101015	0.655389076849	0.685355244079	0.541807636539	0.557274045433	0.562107298212	0.567907201547	0.533107781537	0.67133881102	0.565490575157	0.653455775737	0.508941517641	0.622522957951
AA6	0.593040115998	0.515708071532	0.963750604157	0.646205896568	0.643789270179	0.489608506525	0.639922667956	0.453842435959	0.462542290962	0.542774287095	0.503624939584	0.579990333494	0.530691155147	0.882068632189	0.58095698405	0.545674238763	0.473658772354	0.479942000967	0.934267762204	0.752054132431	0.582406959884	0.511841469309	0.525857902368	0.53697438376	0.907201546641	0.618173030449	0.476558724021	0.501208313195	0.545674238763	0.576123731271	0.602706621556	0.537941034316	0.347994200097	0.0	0.688255195747	0.599806669889	0.51619139681	0.491541807637	0.485741904302	0.589656839053	0.493475108748	0.652972450459	0.618656355727	0.50700821653	0.461575640406	0.446592556791	0.710971483809	0.643789270179	0.686321894635	0.652005799903	0.652005799903	0.678588690188	0.552924117931	0.557274045433	0.561140647656	0.565490575157	0.535524407927	0.667955534074	0.559690671822	0.651039149348	0.519091348478	0.621072982117
AB5	0.741420976317	0.660222329628	0.976317061382	0.725471242146	0.626389560174	0.637989366844	0.749637506042	0.658289028516	0.666988883519	0.683905268246	0.671822136298	0.608506524891	0.665538907685	0.905751570807	0.70372160464	0.709038182697	0.694055099082	0.684871918801	0.94441759304	0.814403093282	0.805219913001	0.741420976317	0.755437409377	0.748187530208	0.932334461092	0.767037216046	0.697921701305	0.723054615756	0.744804253262	0.759787336878	0.784920251329	0.739004349928	0.683905268246	0.688255195747	0.0	0.324794586757	0.619139681005	0.68293861769	0.622039632673	0.642339294345	0.608506524891	0.73852102465	0.728854519091	0.637506041566	0.619139681005	0.613823102948	0.623489608507	0.603189946834	0.628322861286	0.59497341711	0.617689705172	0.611889801837	0.602223296278	0.598840019333	0.618656355727	0.615273078782	0.673272112131	0.593040115998	0.663122281295	0.607539874335	0.670855485742	0.616239729338
AB6	0.687288545191	0.59255679072	0.964717254712	0.675688738521	0.589173513775	0.570323827936	0.679072015466	0.586273562107	0.602706621556	0.61575640406	0.621556307395	0.538424359594	0.616723054616	0.889801836636	0.639922667956	0.640405993233	0.646689221846	0.641372643789	0.924601256646	0.758820686322	0.74770420493	0.682455292412	0.692605123248	0.686321894635	0.909134847753	0.702754954084	0.637989366844	0.662638956017	0.682455292412	0.695505074915	0.735137747704	0.685838569357	0.597873368777	0.599806669889	0.324794586757	0.0	0.568873852102	0.601256645723	0.570323827936	0.583856935718	0.547124214596	0.665538907685	0.650072498792	0.53697438376	0.562107298212	0.543740937651	0.602223296278	0.547124214596	0.597390043499	0.549540840986	0.557274045433	0.580473658772	0.540840985984	0.553407443209	0.570323827936	0.563073948768	0.608023199613	0.556790720155	0.604639922668	0.555824069599	0.627839536008	0.550024166264
AC5	0.609473175447	0.569840502658	0.975833736104	0.662155630739	0.630256162397	0.460125664572	0.671822136298	0.456259062349	0.437892701788	0.578540357661	0.406476558724	0.540357660706	0.544224262929	0.894635089415	0.633156114065	0.586273562107	0.475108748188	0.440309328178	0.952634122765	0.771387143548	0.607056549058	0.535524407927	0.502658289029	0.494441759304	0.915901401643	0.630739487675	0.461092315128	0.502174963751	0.53697438376	0.588690188497	0.543257612373	0.519574673755	0.461092315128	0.51619139681	0.619139681005	0.568873852102	0.0	0.467375543741	0.438859352344	0.587723537941	0.520057999033	0.706621556307	0.666505558241	0.52537457709	0.449975833736	0.462058965684	0.620106331561	0.570807153214	0.631222812953	0.575640405993	0.570807153214	0.595456742388	0.498791686805	0.495891735138	0.490091831803	0.520541324311	0.578057032383	0.591106814886	0.585790236829	0.573223779604	0.520541324311	0.541324311261
AC6	0.608023199613	0.512808119865	0.959400676655	0.6389560174	0.60415659739	0.512324794587	0.52779120348	0.478008699855	0.521991300145	0.453359110681	0.550507491542	0.541324311261	0.565007249879	0.86805219913	0.529724504592	0.563073948768	0.556307394877	0.558724021266	0.922667955534	0.736587723538	0.633156114065	0.572257129048	0.589656839053	0.581923634606	0.899951667472	0.614789753504	0.549057515708	0.551474142098	0.565007249879	0.582890285162	0.640889318511	0.579507008217	0.473658772354	0.491541807637	0.68293861769	0.601256645723	0.467375543741	0.0	0.520541324311	0.511358144031	0.499758337361	0.489608506525	0.4398260029	0.43740937651	0.556790720155	0.546640889319	0.697438376027	0.643305944901	0.677138714355	0.633639439343	0.646205896568	0.674238762687	0.586273562107	0.581440309328	0.579990333494	0.574190430159	0.549057515708	0.663122281295	0.561140647656	0.635089415176	0.553890768487	0.623489608507
AD6	0.594006766554	0.522474625423	0.975350410826	0.622039632673	0.596423392943	0.420976317061	0.619623006283	0.434509424843	0.437892701788	0.535524407927	0.438859352344	0.515708071532	0.515224746254	0.88883518608	0.592073465442	0.553890768487	0.488641855969	0.455775737071	0.955050749154	0.768970517158	0.596423392943	0.544707588207	0.535524407927	0.542290961817	0.918318028033	0.633156114065	0.501691638473	0.521991300145	0.551474142098	0.591590140164	0.598840019333	0.533591106815	0.468825519575	0.485741904302	0.622039632673	0.570323827936	0.438859352344	0.520541324311	0.0	0.546157564041	0.415176413726	0.696955050749	0.657805703238	0.515708071532	0.446592556791	0.456742387627	0.607056549058	0.547124214596	0.598356694055	0.565973900435	0.55775737071	0.585790236829	0.476075398743	0.46979217013	0.467375543741	0.480908651522	0.544224262929	0.565007249879	0.554374093765	0.566457225713	0.47462542291	0.529241179314
AE5	0.616723054616	0.524407926535	0.975350410826	0.639922667956	0.570323827936	0.56259062349	0.574190430159	0.557274045433	0.600289995167	0.509424842919	0.624456259062	0.513291445143	0.573223779604	0.888351860802	0.537941034316	0.563557274045	0.608506524891	0.608989850169	0.929434509425	0.756404059932	0.714838086032	0.652005799903	0.652489125181	0.643305944901	0.8796520058	0.65055582407	0.617689705172	0.614306428226	0.637989366844	0.654422426293	0.662638956017	0.608989850169	0.564523924601	0.589656839053	0.642339294345	0.583856935718	0.587723537941	0.511358144031	0.546157564041	0.0	0.366843885935	0.586273562107	0.568390526825	0.50459159014	0.626872885452	0.625906234896	0.669405509908	0.621072982117	0.657805703238	0.612856452392	0.637989366844	0.663605606573	0.547124214596	0.578057032383	0.591590140164	0.564040599323	0.550507491542	0.641372643789	0.554857419043	0.62493958434	0.584340260996	0.607056549058
AE6	0.593523441276	0.476558724021	0.974867085549	0.629772837119	0.561623972934	0.484291928468	0.574190430159	0.46060898985	0.507491541808	0.49540840986	0.530691155147	0.503141614306	0.512324794587	0.889801836636	0.546157564041	0.531174480425	0.521507974867	0.516674722088	0.936684388594	0.753020782987	0.65055582407	0.580473658772	0.586273562107	0.578540357661	0.890768487192	0.617206379894	0.536491058482	0.544224262929	0.59255679072	0.611406476559	0.625422909618	0.557274045433	0.475592073465	0.493475108748	0.608506524891	0.547124214596	0.520057999033	0.499758337361	0.415176413726	0.366843885935	0.0	0.639439342678	0.600289995167	0.478492025133	0.534074432093	0.534557757371	0.652005799903	0.596906718221	0.635572740454	0.594006766554	0.614306428226	0.638472692122	0.506041565974	0.499275012083	0.512808119865	0.514258095698	0.509908168197	0.616239729338	0.521991300145	0.593523441276	0.497341710971	0.576607056549
AF5	0.700338327695	0.623489608507	0.940067665539	0.669888835186	0.662638956017	0.672305461576	0.57177380377	0.637022716288	0.681488641856	0.573223779604	0.71532141131	0.617206379894	0.667955534074	0.855002416626	0.585306911551	0.663605606573	0.714838086032	0.719188013533	0.881585306912	0.726437892702	0.712421459642	0.675205413243	0.713388110198	0.710488158531	0.876268728855	0.69453842436	0.687288545191	0.671822136298	0.666988883519	0.676172063799	0.757370710488	0.717738037699	0.624456259062	0.652972450459	0.73852102465	0.665538907685	0.706621556307	0.489608506525	0.696955050749	0.586273562107	0.639439342678	0.0	0.286611889802	0.526341227646	0.718221362977	0.702754954084	0.771387143548	0.723054615756	0.761237312711	0.719188013533	0.72692121798	0.753504108265	0.688738521025	0.714354760754	0.720154664089	0.704688255196	0.666988883519	0.743354277429	0.666505558241	0.708071532141	0.705171580474	0.725471242146
AF6	0.680038666022	0.590623489609	0.941517641373	0.658772353794	0.642822619623	0.635089415176	0.543740937651	0.608506524891	0.651039149348	0.547124214596	0.684388593523	0.599323344611	0.639439342678	0.849685838569	0.564523924601	0.631706138231	0.680038666022	0.682455292412	0.880135331078	0.711454809087	0.687771870469	0.645239246013	0.68970517158	0.685355244079	0.878202029966	0.674238762687	0.658289028516	0.645239246013	0.628322861286	0.646205896568	0.737071048816	0.68293861769	0.59497341711	0.618656355727	0.728854519091	0.650072498792	0.666505558241	0.4398260029	0.657805703238	0.568390526825	0.600289995167	0.286611889802	0.0	0.494925084582	0.684388593523	0.672305461576	0.753504108265	0.702754954084	0.736587723538	0.695505074915	0.704204929918	0.73368777187	0.655389076849	0.677622039633	0.687771870469	0.663122281295	0.625422909618	0.723054615756	0.620589656839	0.689221846303	0.675688738521	0.686321894635
