	AA3	AA4	AB3	AB4	AC3	AC4	AD3	AD4	AE3	AE4	AF3	AF4	AG3	AG4	AH3	AH4	AA7	AA8	AB7	AB8	AC7	AC8	AD7	AD8	AE7	AE8	AF7	AF8	AG7	AG8	AH7	AH8	AA5	AA6	AB5	AB6	AC5	AC6	AD6	AE5	AE6	AF5	AF6	AG5	AH5	AH6	AA1	AA2	AB1	AB2	AC1	AC2	AD1	AD2	AE1	AE2	AF1	AF2	AG1	AG2	AH1	AH2
AA3	0.0	0.478975350411	0.931851135814	0.630256162397	0.65055582407	0.571290478492	0.679555340744	0.573707104882	0.55099081682	0.619623006283	0.607056549058	0.623006283229	0.596906718221	0.855002416626	0.656355727405	0.344610923151	0.562107298212	0.553407443209	0.861768970517	0.726437892702	0.602706621556	0.563073948768	0.584823586274	0.587723537941	0.82406959884	0.574190430159	0.565490575157	0.558724021266	0.57177380377	0.567423876269	0.582406959884	0.561623972934	0.575157080715	0.583856935718	0.752054132431	0.704204929918	0.606089898502	0.619623006283	0.579023682939	0.642339294345	0.596906718221	0.705654905752	0.703238279362	0.602223296278	0.628806186564	0.615273078782	0.684388593523	0.65055582407	0.711454809087	0.677622039633	0.640405993233	0.667955534074	0.566457225713	0.568390526825	0.565973900435	0.55775737071	0.59255679072	0.676172063799	0.595940067666	0.673272112131	0.574673755437	0.634122764621
AA4	0.478975350411	0.0	0.939584340261	0.574190430159	0.571290478492	0.509908168197	0.575157080715	0.489125181247	0.503141614306	0.499275012083	0.584340260996	0.523924601257	0.488641855969	0.85645239246	0.374577090382	0.368293861769	0.54857419043	0.551957467376	0.892218463026	0.739487675205	0.648622522958	0.567907201547	0.57177380377	0.589173513775	0.867568873852	0.603673272112	0.564040599323	0.55775737071	0.595940067666	0.597390043499	0.623489608507	0.593040115998	0.510391493475	0.532624456259	0.694055099082	0.620589656839	0.59255679072	0.517158047366	0.540840985984	0.53697438376	0.498791686805	0.605606573224	0.600289995167	0.510874818753	0.599806669889	0.586756887385	0.670855485742	0.605606573224	0.644272595457	0.618173030449	0.617689705172	0.650072498792	0.532624456259	0.530691155147	0.543257612373	0.543740937651	0.511358144031	0.651522474625	0.52537457709	0.612373127115	0.534074432093	0.590140164331
AB3	0.931851135814	0.939584340261	0.0	0.679555340744	0.917351377477	0.951184146931	0.957467375544	0.94441759304	0.927984533591	0.945384243596	0.972933784437	0.930401159981	0.964233929435	0.343160947318	0.954084098598	0.938617689705	0.970517158047	0.96761720638	0.739004349928	0.740937651039	0.897051715805	0.910584823586	0.957467375544	0.950217496375	0.849202513291	0.898018366361	0.939584340261	0.927017883035	0.846785886902	0.830352827453	0.950217496375	0.954567423876	0.954567423876	0.959884001933	0.970033832769	0.964717254712	0.971483808603	0.945867568874	0.968583856936	0.970517158047	0.969550507492	0.938134364427	0.93281778637	0.945867568874	0.972450459159	0.970517158047	0.971483808603	0.967133881102	0.968100531658	0.969067182214	0.966167230546	0.966167230546	0.970517158047	0.970033832769	0.971967133881	0.971483808603	0.968583856936	0.964717254712	0.96761720638	0.971483808603	0.970033832769	0.968100531658
AB4	0.630256162397	0.574190430159	0.679555340744	0.0	0.634606089899	0.607539874335	0.683421942968	0.611889801837	0.605123247946	0.619623006283	0.656355727405	0.600289995167	0.484775253746	0.570323827936	0.611889801837	0.594006766554	0.635089415176	0.636056065732	0.729821169647	0.577090381827	0.668438859352	0.621556307395	0.661188980184	0.65055582407	0.789753504108	0.623972933784	0.64813919768	0.625906234896	0.556790720155	0.571290478492	0.690188496858	0.662155630739	0.641855969067	0.656355727405	0.723054615756	0.672305461576	0.65055582407	0.632672788787	0.62493958434	0.628806186564	0.631222812953	0.676172063799	0.674722087965	0.614789753504	0.685838569357	0.672305461576	0.688255195747	0.650072498792	0.685355244079	0.668438859352	0.665055582407	0.666505558241	0.624456259062	0.630256162397	0.651522474625	0.638472692122	0.64572257129	0.6805219913	0.638472692122	0.660705654906	0.640889318511	0.651039149348
AC3	0.65055582407	0.571290478492	0.917351377477	0.634606089899	0.0	0.48380860319	0.637506041566	0.568873852102	0.558724021266	0.580473658772	0.614306428226	0.309328177864	0.590140164331	0.844369260512	0.606089898502	0.599806669889	0.608023199613	0.60415659739	0.870952150797	0.755437409377	0.737071048816	0.685838569357	0.721121314645	0.704688255196	0.827936201063	0.688255195747	0.662638956017	0.679072015466	0.677622039633	0.690188496858	0.703238279362	0.6805219913	0.602223296278	0.646689221846	0.629289511841	0.58095698405	0.629772837119	0.577090381827	0.583856935718	0.555824069599	0.549540840986	0.666988883519	0.670372160464	0.563557274045	0.6389560174	0.634606089899	0.586756887385	0.578057032383	0.589656839053	0.57177380377	0.584340260996	0.582890285162	0.520541324311	0.561140647656	0.575640405993	0.557274045433	0.61575640406	0.57177380377	0.617206379894	0.58337361044	0.614306428226	0.575157080715
AC4	0.571290478492	0.509908168197	0.951184146931	0.607539874335	0.48380860319	0.0	0.620589656839	0.412276462059	0.408409859836	0.522957950701	0.34944417593	0.397776703722	0.496858385694	0.869502174964	0.56259062349	0.517641372644	0.477042049299	0.460125664572	0.920734654422	0.763170613823	0.599806669889	0.533591106815	0.530691155147	0.518124697922	0.883035282745	0.568873852102	0.497341710971	0.520541324311	0.545674238763	0.561140647656	0.576123731271	0.52537457709	0.450459159014	0.476075398743	0.648622522958	0.578057032383	0.478975350411	0.513291445143	0.418559690672	0.538907684872	0.477042049299	0.67133881102	0.667472208797	0.491058482359	0.507974867086	0.49540840986	0.641372643789	0.579023682939	0.605123247946	0.582406959884	0.584340260996	0.610439826003	0.488158530691	0.506524891252	0.510391493475	0.502174963751	0.550024166264	0.616239729338	0.545190913485	0.570323827936	0.478492025133	0.557274045433
AD3	0.679555340744	0.575157080715	0.957467375544	0.683421942968	0.637506041566	0.620589656839	0.0	0.533107781537	0.639922667956	0.346544224263	0.687288545191	0.60657322378	0.634122764621	0.876268728855	0.573707104882	0.642822619623	0.688738521025	0.68293861769	0.936684388594	0.788303528275	0.72692121798	0.695021749638	0.704204929918	0.696955050749	0.913001449976	0.682455292412	0.696955050749	0.693088448526	0.691155147414	0.687288545191	0.723054615756	0.693571773804	0.629289511841	0.653939101015	0.73368777187	0.674238762687	0.684871918801	0.541807636539	0.641855969067	0.588206863219	0.590623489609	0.538424359594	0.537457709038	0.556307394877	0.697438376027	0.691155147414	0.756404059932	0.697921701305	0.732721121315	0.709038182697	0.702271628806	0.730304494925	0.644272595457	0.658772353794	0.672788786854	0.660222329628	0.632189463509	0.723054615756	0.637022716288	0.708554857419	0.68293861769	0.687288545191
AD4	0.573707104882	0.489125181247	0.94441759304	0.611889801837	0.568873852102	0.412276462059	0.533107781537	0.0	0.307394876752	0.424842919285	0.444175930401	0.519091348478	0.506524891252	0.862735621073	0.531657805703	0.521024649589	0.451909134848	0.441275978734	0.938134364427	0.778153697438	0.575640405993	0.478492025133	0.486708554857	0.478975350411	0.903818269696	0.589656839053	0.446592556791	0.461092315128	0.515708071532	0.545674238763	0.548090865152	0.497825036249	0.391976800387	0.443692605123	0.66892218463	0.594490091832	0.458192363461	0.488158530691	0.421942967617	0.549540840986	0.480908651522	0.634122764621	0.633639439343	0.470758820686	0.522957950701	0.502174963751	0.669888835186	0.607539874335	0.639439342678	0.631706138231	0.61575640406	0.639922667956	0.51377477042	0.524407926535	0.526824552924	0.52537457709	0.529241179314	0.646689221846	0.537457709038	0.620589656839	0.484291928468	0.592073465442
AE3	0.55099081682	0.503141614306	0.927984533591	0.605123247946	0.558724021266	0.408409859836	0.639922667956	0.307394876752	0.0	0.518124697922	0.402126631223	0.509424842919	0.498308361527	0.854035766071	0.548090865152	0.525857902368	0.426776220396	0.422909618173	0.921701304978	0.767520541324	0.555340744321	0.454325761237	0.456259062349	0.464475592073	0.877718704688	0.570323827936	0.425809569841	0.444659255679	0.479458675689	0.524891251812	0.526824552924	0.48380860319	0.389076848719	0.459159014016	0.680038666022	0.614789753504	0.44900918318	0.52537457709	0.425809569841	0.590140164331	0.515708071532	0.675688738521	0.672305461576	0.494441759304	0.519091348478	0.498791686805	0.669888835186	0.610439826003	0.640405993233	0.628806186564	0.612856452392	0.646205896568	0.519574673755	0.536007733204	0.532624456259	0.536007733204	0.544224262929	0.655872402127	0.552440792653	0.621556307395	0.480425326245	0.590140164331
AE4	0.619623006283	0.499275012083	0.945384243596	0.619623006283	0.580473658772	0.522957950701	0.346544224263	0.424842919285	0.518124697922	0.0	0.589656839053	0.540357660706	0.57177380377	0.861285645239	0.534557757371	0.566940550991	0.59255679072	0.591590140164	0.931851135814	0.774770420493	0.668438859352	0.593523441276	0.616723054616	0.595456742388	0.900918318028	0.620106331561	0.599806669889	0.588206863219	0.597873368777	0.609473175447	0.654422426293	0.618173030449	0.53697438376	0.565007249879	0.693088448526	0.621072982117	0.589656839053	0.458675688739	0.544707588207	0.53020782987	0.524407926535	0.551957467376	0.550024166264	0.459159014016	0.609473175447	0.606089898502	0.706138231029	0.647655872402	0.681488641856	0.671822136298	0.663122281295	0.685838569357	0.582890285162	0.593040115998	0.59497341711	0.596906718221	0.582406959884	0.68293861769	0.585790236829	0.668438859352	0.593523441276	0.637022716288
AF3	0.607056549058	0.584340260996	0.972933784437	0.656355727405	0.614306428226	0.34944417593	0.687288545191	0.444175930401	0.402126631223	0.589656839053	0.0	0.527307878202	0.540840985984	0.892218463026	0.617689705172	0.581440309328	0.458675688739	0.447075882069	0.960367327211	0.809569840503	0.599323344611	0.529241179314	0.465442242629	0.453842435959	0.924117931368	0.617689705172	0.452392460126	0.503141614306	0.53697438376	0.58337361044	0.530691155147	0.511841469309	0.431609473175	0.505074915418	0.667472208797	0.622039632673	0.413243112615	0.56259062349	0.430159497342	0.61333977767	0.544707588207	0.720154664089	0.713871435476	0.539874335428	0.50700821653	0.492508458192	0.661672305462	0.600289995167	0.647655872402	0.616723054616	0.607056549058	0.635089415176	0.529724504592	0.522957950701	0.523924601257	0.522474625423	0.596906718221	0.644272595457	0.587723537941	0.60657322378	0.503141614306	0.577090381827
AF4	0.623006283229	0.523924601257	0.930401159981	0.600289995167	0.309328177864	0.397776703722	0.60657322378	0.519091348478	0.509424842919	0.540357660706	0.527307878202	0.0	0.540357660706	0.853552440793	0.562107298212	0.555824069599	0.578057032383	0.574190430159	0.88883518608	0.739487675205	0.700821652972	0.639922667956	0.664088931851	0.649589173514	0.848719188014	0.632672788787	0.609473175447	0.630739487675	0.643305944901	0.653939101015	0.66892218463	0.6389560174	0.553890768487	0.593523441276	0.611406476559	0.534074432093	0.583856935718	0.535041082649	0.529241179314	0.509424842919	0.507491541808	0.637022716288	0.639922667956	0.521991300145	0.576607056549	0.57177380377	0.597390043499	0.540840985984	0.574190430159	0.546157564041	0.554374093765	0.564523924601	0.488158530691	0.515224746254	0.532141130981	0.524891251812	0.577573707105	0.575157080715	0.578540357661	0.543257612373	0.565007249879	0.530691155147
AG3	0.596906718221	0.488641855969	0.964233929435	0.484775253746	0.590140164331	0.496858385694	0.634122764621	0.506524891252	0.498308361527	0.57177380377	0.540840985984	0.540357660706	0.0	0.851135814403	0.522957950701	0.535524407927	0.50700821653	0.505558240696	0.93281778637	0.78008699855	0.673755437409	0.601739971	0.591590140164	0.601739971	0.885451909135	0.634122764621	0.565973900435	0.577090381827	0.622522957951	0.629289511841	0.640889318511	0.594006766554	0.523441275979	0.539874335428	0.662638956017	0.610923151281	0.537457709038	0.553890768487	0.502658289029	0.565007249879	0.500724987917	0.668438859352	0.669405509908	0.535041082649	0.572257129048	0.555824069599	0.618656355727	0.561623972934	0.607056549058	0.592073465442	0.579023682939	0.597873368777	0.490091831803	0.514258095698	0.530691155147	0.516674722088	0.542774287095	0.612856452392	0.547124214596	0.591106814886	0.514741420976	0.549540840986
AG4	0.855002416626	0.85645239246	0.343160947318	0.570323827936	0.844369260512	0.869502174964	0.876268728855	0.862735621073	0.854035766071	0.861285645239	0.892218463026	0.853552440793	0.851135814403	0.0	0.873852102465	0.863702271629	0.897535041083	0.893668438859	0.708071532141	0.670372160464	0.829386176897	0.840502658289	0.884485258579	0.879168680522	0.822619623006	0.824552924118	0.87046882552	0.854519091348	0.768970517158	0.753020782987	0.887385210246	0.878685355244	0.880618656356	0.883518608023	0.902368293862	0.896085065249	0.896085065249	0.864185596907	0.890768487192	0.88883518608	0.891735137748	0.860802319961	0.854035766071	0.869985500242	0.902368293862	0.90043499275	0.891735137748	0.889318511358	0.891735137748	0.887868535524	0.898018366361	0.890768487192	0.896568390527	0.887385210246	0.901884968584	0.895118414693	0.895118414693	0.889318511358	0.89125181247	0.89125181247	0.895601739971	0.894635089415
AH3	0.656355727405	0.374577090382	0.954084098598	0.611889801837	0.606089898502	0.56259062349	0.573707104882	0.531657805703	0.548090865152	0.534557757371	0.617689705172	0.562107298212	0.522957950701	0.873852102465	0.0	0.522957950701	0.599806669889	0.602223296278	0.923151280812	0.775737071049	0.709038182697	0.629289511841	0.635572740454	0.635572740454	0.897051715805	0.679555340744	0.631706138231	0.627839536008	0.66892218463	0.670855485742	0.690671822136	0.656355727405	0.549057515708	0.577090381827	0.713871435476	0.646689221846	0.640405993233	0.551474142098	0.586756887385	0.559207346544	0.562107298212	0.597873368777	0.588690188497	0.541324311261	0.645239246013	0.630739487675	0.703238279362	0.624456259062	0.651522474625	0.6389560174	0.644272595457	0.667472208797	0.578540357661	0.586273562107	0.595940067666	0.600773320445	0.561140647656	0.668438859352	0.566457225713	0.636056065732	0.58337361044	0.616239729338
AH4	0.344610923151	0.368293861769	0.938617689705	0.594006766554	0.599806669889	0.517641372644	0.642822619623	0.521024649589	0.525857902368	0.566940550991	0.581440309328	0.555824069599	0.535524407927	0.863702271629	0.522957950701	0.0	0.55099081682	0.552440792653	0.8796520058	0.735621072982	0.646205896568	0.575157080715	0.580473658772	0.570807153214	0.851619139681	0.599806669889	0.556790720155	0.552924117931	0.583856935718	0.59497341711	0.600773320445	0.576607056549	0.541807636539	0.550024166264	0.69453842436	0.635089415176	0.574673755437	0.575640405993	0.536491058482	0.561140647656	0.53020782987	0.66892218463	0.668438859352	0.563073948768	0.604639922668	0.588206863219	0.656839052682	0.60415659739	0.649105848236	0.610923151281	0.61575640406	0.633639439343	0.52537457709	0.519574673755	0.528757854036	0.525857902368	0.516674722088	0.642822619623	0.524407926535	0.618656355727	0.534557757371	0.587240212663
AA7	0.562107298212	0.54857419043	0.970517158047	0.635089415176	0.608023199613	0.477042049299	0.688738521025	0.451909134848	0.426776220396	0.59255679072	0.458675688739	0.578057032383	0.50700821653	0.897535041083	0.599806669889	0.55099081682	0.0	0.297245045916	0.922667955534	0.782986950217	0.592073465442	0.505074915418	0.482841952634	0.488158530691	0.875302078299	0.588690188497	0.456259062349	0.465925567907	0.522474625423	0.564040599323	0.526341227646	0.426292895118	0.423876268729	0.476558724021	0.704204929918	0.651039149348	0.475592073465	0.568390526825	0.455775737071	0.605123247946	0.54857419043	0.71290478492	0.707588206863	0.551474142098	0.545674238763	0.519574673755	0.653939101015	0.601256645723	0.65732237796	0.637022716288	0.586273562107	0.619139681005	0.498791686805	0.521991300145	0.522474625423	0.511841469309	0.53939101015	0.619623006283	0.544707588207	0.633639439343	0.470758820686	0.577090381827
AA8	0.553407443209	0.551957467376	0.96761720638	0.636056065732	0.60415659739	0.460125664572	0.68293861769	0.441275978734	0.422909618173	0.591590140164	0.447075882069	0.574190430159	0.505558240696	0.893668438859	0.602223296278	0.552440792653	0.297245045916	0.0	0.917351377477	0.774770420493	0.575640405993	0.493958434026	0.471242145964	0.479458675689	0.862735621073	0.575640405993	0.44224262929	0.466892218463	0.517158047366	0.559690671822	0.481875302078	0.382793620106	0.418559690672	0.478975350411	0.701788303528	0.651522474625	0.471242145964	0.57177380377	0.454325761237	0.600773320445	0.540840985984	0.724021266312	0.710004833253	0.553890768487	0.542290961817	0.513291445143	0.639922667956	0.595456742388	0.655872402127	0.635572740454	0.584340260996	0.616239729338	0.492025132914	0.519574673755	0.516674722088	0.503141614306	0.543257612373	0.616723054616	0.544707588207	0.62493958434	0.479458675689	0.58337361044
AB7	0.861768970517	0.892218463026	0.739004349928	0.729821169647	0.870952150797	0.920734654422	0.936684388594	0.938134364427	0.921701304978	0.931851135814	0.960367327211	0.88883518608	0.93281778637	0.708071532141	0.923151280812	0.8796520058	0.922667955534	0.917351377477	0.0	0.39584340261	0.812953117448	0.849685838569	0.93281778637	0.940067665539	0.735137747704	0.830352827453	0.895601739971	0.882068632189	0.756404059932	0.710488158531	0.883035282745	0.898501691638	0.925567907202	0.934267762204	0.942967617206	0.937651039149	0.951667472209	0.907201546641	0.947800869986	0.93281778637	0.938617689705	0.873852102465	0.873852102465	0.90961817303	0.960367327211	0.953117448043	0.927984533591	0.925084581924	0.936684388594	0.933784436926	0.927501208313	0.921701304978	0.915418076365	0.91203479942	0.916868052199	0.910584823586	0.923151280812	0.911068148864	0.919768003867	0.93281778637	0.944900918318	0.927017883035
AB8	0.726437892702	0.739487675205	0.740937651039	0.577090381827	0.755437409377	0.763170613823	0.788303528275	0.778153697438	0.767520541324	0.774770420493	0.809569840503	0.739487675205	0.78008699855	0.670372160464	0.775737071049	0.735621072982	0.782986950217	0.774770420493	0.39584340261	0.0	0.675688738521	0.697438376027	0.774770420493	0.775737071049	0.727887868536	0.6805219913	0.737071048816	0.718221362977	0.561623972934	0.543740937651	0.751087481875	0.755920734654	0.776220396327	0.782020299662	0.818753020783	0.788786853552	0.796036732721	0.749154180764	0.786853552441	0.777187046883	0.780570323828	0.740454325761	0.735621072982	0.751087481875	0.805219913001	0.797970033833	0.82648622523	0.781536974384	0.800386660222	0.785403576607	0.789753504108	0.789753504108	0.778153697438	0.770420492992	0.779603673272	0.772353794103	0.774770420493	0.785403576607	0.773320444659	0.783470275495	0.788303528275	0.780570323828
AC7	0.602706621556	0.648622522958	0.897051715805	0.668438859352	0.737071048816	0.599806669889	0.72692121798	0.575640405993	0.555340744321	0.668438859352	0.599323344611	0.700821652972	0.673755437409	0.829386176897	0.709038182697	0.646205896568	0.592073465442	0.575640405993	0.812953117448	0.675688738521	0.0	0.371677138714	0.567423876269	0.574190430159	0.82648622523	0.577573707105	0.530691155147	0.515224746254	0.488158530691	0.480908651522	0.568390526825	0.54857419043	0.558724021266	0.584823586274	0.804736587724	0.7593040116	0.623489608507	0.647172547124	0.605123247946	0.723054615756	0.679072015466	0.708554857419	0.704204929918	0.631222812953	0.643789270179	0.616239729338	0.825036249396	0.761237312711	0.801353310778	0.789753504108	0.751570807153	0.788303528275	0.680038666022	0.686805219913	0.679555340744	0.676655389077	0.683905268246	0.8008699855	0.681488641856	0.771870468826	0.616723054616	0.744320927985
AC8	0.563073948768	0.567907201547	0.910584823586	0.621556307395	0.685838569357	0.533591106815	0.695021749638	0.478492025133	0.454325761237	0.593523441276	0.529241179314	0.639922667956	0.601739971	0.840502658289	0.629289511841	0.575157080715	0.505074915418	0.493958434026	0.849685838569	0.697438376027	0.371677138714	0.0	0.469308844853	0.490575157081	0.847752537458	0.555340744321	0.390043499275	0.382310294828	0.43064282262	0.46060898985	0.532624456259	0.493475108748	0.462058965684	0.498791686805	0.742870952151	0.68970517158	0.539874335428	0.580473658772	0.518124697922	0.651039149348	0.600773320445	0.675688738521	0.66892218463	0.5601739971	0.574673755437	0.549540840986	0.744320927985	0.674238762687	0.727404543258	0.720154664089	0.672305461576	0.707588206863	0.598840019333	0.603673272112	0.599806669889	0.598840019333	0.59497341711	0.716288061866	0.600773320445	0.699855002417	0.542774287095	0.655389076849
AD7	0.584823586274	0.57177380377	0.957467375544	0.661188980184	0.721121314645	0.530691155147	0.704204929918	0.486708554857	0.456259062349	0.616723054616	0.465442242629	0.664088931851	0.591590140164	0.884485258579	0.635572740454	0.580473658772	0.482841952634	0.471242145964	0.93281778637	0.774770420493	0.567423876269	0.469308844853	0.0	0.301594973417	0.896085065249	0.512324794587	0.428709521508	0.441275978734	0.494925084582	0.538424359594	0.499758337361	0.465925567907	0.466892218463	0.521024649589	0.747220879652	0.691638472692	0.503141614306	0.601739971	0.526341227646	0.655389076849	0.608023199613	0.716771387144	0.712421459642	0.590623489609	0.57177380377	0.556790720155	0.755437409377	0.681488641856	0.735137747704	0.727404543258	0.677622039633	0.710004833253	0.610439826003	0.611406476559	0.601256645723	0.605123247946	0.592073465442	0.728854519091	0.600773320445	0.700821652972	0.555340744321	0.660222329628
AD8	0.587723537941	0.589173513775	0.950217496375	0.65055582407	0.704688255196	0.518124697922	0.696955050749	0.478975350411	0.464475592073	0.595456742388	0.453842435959	0.649589173514	0.601739971	0.879168680522	0.635572740454	0.570807153214	0.488158530691	0.479458675689	0.940067665539	0.775737071049	0.574190430159	0.490575157081	0.301594973417	0.0	0.863702271629	0.476558724021	0.4398260029	0.453842435959	0.486708554857	0.533591106815	0.506041565974	0.478492025133	0.481875302078	0.53020782987	0.742387626873	0.689221846303	0.485258579024	0.589173513775	0.521024649589	0.646205896568	0.59497341711	0.711938134364	0.709038182697	0.570807153214	0.565490575157	0.559690671822	0.746254229096	0.672305461576	0.725471242146	0.714354760754	0.670855485742	0.700338327695	0.602223296278	0.603673272112	0.59497341711	0.599806669889	0.608506524891	0.719188013533	0.608023199613	0.690671822136	0.558724021266	0.649589173514
AE7	0.82406959884	0.867568873852	0.849202513291	0.789753504108	0.827936201063	0.883035282745	0.913001449976	0.903818269696	0.877718704688	0.900918318028	0.924117931368	0.848719188014	0.885451909135	0.822619623006	0.897051715805	0.851619139681	0.875302078299	0.862735621073	0.735137747704	0.727887868536	0.82648622523	0.847752537458	0.896085065249	0.863702271629	0.0	0.549540840986	0.878685355244	0.854519091348	0.768970517158	0.768970517158	0.836636056066	0.846785886902	0.893668438859	0.907684871919	0.926534557757	0.915901401643	0.912518124698	0.885451909135	0.908651522475	0.881585306912	0.898018366361	0.882551957467	0.87046882552	0.872885451909	0.938617689705	0.925084581924	0.89125181247	0.898985016916	0.908168197197	0.894635089415	0.902368293862	0.895601739971	0.893185113581	0.898018366361	0.899951667472	0.888351860802	0.903334944418	0.882068632189	0.900918318028	0.905268245529	0.910101498308	0.903818269696
AE8	0.574190430159	0.603673272112	0.898018366361	0.623972933784	0.688255195747	0.568873852102	0.682455292412	0.589656839053	0.570323827936	0.620106331561	0.617689705172	0.632672788787	0.634122764621	0.824552924118	0.679555340744	0.599806669889	0.588690188497	0.575640405993	0.830352827453	0.6805219913	0.577573707105	0.555340744321	0.512324794587	0.476558724021	0.549540840986	0.0	0.577573707105	0.552440792653	0.518124697922	0.511358144031	0.565973900435	0.55099081682	0.595940067666	0.605123247946	0.766070565491	0.71532141131	0.610439826003	0.596423392943	0.605606573224	0.654422426293	0.633156114065	0.696955050749	0.679555340744	0.597390043499	0.631706138231	0.622522957951	0.75688738521	0.688738521025	0.743837602707	0.719188013533	0.690671822136	0.721121314645	0.647655872402	0.640405993233	0.636056065732	0.640405993233	0.649105848236	0.725954567424	0.647172547124	0.704688255196	0.606089898502	0.670855485742
AF7	0.565490575157	0.564040599323	0.939584340261	0.64813919768	0.662638956017	0.497341710971	0.696955050749	0.446592556791	0.425809569841	0.599806669889	0.452392460126	0.609473175447	0.565973900435	0.87046882552	0.631706138231	0.556790720155	0.456259062349	0.44224262929	0.895601739971	0.737071048816	0.530691155147	0.390043499275	0.428709521508	0.4398260029	0.878685355244	0.577573707105	0.0	0.314161430643	0.458675688739	0.509908168197	0.48380860319	0.470758820686	0.425809569841	0.478492025133	0.697438376027	0.641855969067	0.450459159014	0.548090865152	0.478975350411	0.621072982117	0.558240695988	0.691155147414	0.691638472692	0.536007733204	0.528274528758	0.503141614306	0.682455292412	0.621556307395	0.677622039633	0.667955534074	0.618656355727	0.645239246013	0.550507491542	0.549540840986	0.546157564041	0.544224262929	0.564040599323	0.658289028516	0.563073948768	0.646205896568	0.482358627356	0.598840019333
AF8	0.558724021266	0.55775737071	0.927017883035	0.625906234896	0.679072015466	0.520541324311	0.693088448526	0.461092315128	0.444659255679	0.588206863219	0.503141614306	0.630739487675	0.577090381827	0.854519091348	0.627839536008	0.552924117931	0.465925567907	0.466892218463	0.882068632189	0.718221362977	0.515224746254	0.382310294828	0.441275978734	0.453842435959	0.854519091348	0.552440792653	0.314161430643	0.0	0.446592556791	0.492025132914	0.50700821653	0.470275495408	0.441759304012	0.498791686805	0.719188013533	0.666505558241	0.487191880135	0.552924117931	0.497825036249	0.622039632673	0.573223779604	0.675688738521	0.670855485742	0.530691155147	0.561140647656	0.535041082649	0.698888351861	0.641372643789	0.699371677139	0.690671822136	0.64572257129	0.668438859352	0.565007249879	0.567907201547	0.56935717738	0.559690671822	0.558240695988	0.68293861769	0.563557274045	0.667955534074	0.508458192363	0.619623006283
AG7	0.57177380377	0.595940067666	0.846785886902	0.556790720155	0.677622039633	0.545674238763	0.691155147414	0.515708071532	0.479458675689	0.597873368777	0.53697438376	0.643305944901	0.622522957951	0.768970517158	0.66892218463	0.583856935718	0.522474625423	0.517158047366	0.756404059932	0.561623972934	0.488158530691	0.43064282262	0.494925084582	0.486708554857	0.768970517158	0.518124697922	0.458675688739	0.446592556791	0.0	0.286611889802	0.532141130981	0.512808119865	0.499275012083	0.546157564041	0.753020782987	0.693571773804	0.529724504592	0.570323827936	0.545674238763	0.646689221846	0.608989850169	0.658772353794	0.654422426293	0.55775737071	0.598356694055	0.579990333494	0.755437409377	0.682455292412	0.734171097148	0.724021266312	0.680038666022	0.710004833253	0.624456259062	0.622522957951	0.61333977767	0.621556307395	0.631222812953	0.724021266312	0.632189463509	0.700821652972	0.575640405993	0.660222329628
AG8	0.567423876269	0.597390043499	0.830352827453	0.571290478492	0.690188496858	0.561140647656	0.687288545191	0.545674238763	0.524891251812	0.609473175447	0.58337361044	0.653939101015	0.629289511841	0.753020782987	0.670855485742	0.59497341711	0.564040599323	0.559690671822	0.710488158531	0.543740937651	0.480908651522	0.46060898985	0.538424359594	0.533591106815	0.768970517158	0.511358144031	0.509908168197	0.492025132914	0.286611889802	0.0	0.553890768487	0.544707588207	0.545674238763	0.568873852102	0.764137264379	0.710004833253	0.573707104882	0.585790236829	0.564040599323	0.664088931851	0.619623006283	0.665055582407	0.660705654906	0.57177380377	0.614306428226	0.601256645723	0.769453842436	0.694055099082	0.746737554374	0.73610439826	0.694055099082	0.72450459159	0.635089415176	0.637989366844	0.629772837119	0.63653939101	0.637506041566	0.734654422426	0.650072498792	0.710488158531	0.598356694055	0.678105364911
AH7	0.582406959884	0.623489608507	0.950217496375	0.690188496858	0.703238279362	0.576123731271	0.723054615756	0.548090865152	0.526824552924	0.654422426293	0.530691155147	0.66892218463	0.640889318511	0.887385210246	0.690671822136	0.600773320445	0.526341227646	0.481875302078	0.883035282745	0.751087481875	0.568390526825	0.532624456259	0.499758337361	0.506041565974	0.836636056066	0.565973900435	0.48380860319	0.50700821653	0.532141130981	0.553890768487	0.0	0.322377960367	0.554374093765	0.608989850169	0.78250362494	0.734171097148	0.547124214596	0.655872402127	0.58337361044	0.676655389077	0.64572257129	0.757854035766	0.744804253262	0.63653939101	0.638472692122	0.62493958434	0.768970517158	0.714838086032	0.760753987434	0.731754470759	0.704688255196	0.730787820203	0.628322861286	0.634606089899	0.622522957951	0.621072982117	0.634606089899	0.739971000483	0.632672788787	0.723537941034	0.599806669889	0.696955050749
AH8	0.561623972934	0.593040115998	0.954567423876	0.662155630739	0.6805219913	0.52537457709	0.693571773804	0.497825036249	0.48380860319	0.618173030449	0.511841469309	0.6389560174	0.594006766554	0.878685355244	0.656355727405	0.576607056549	0.426292895118	0.382793620106	0.898501691638	0.755920734654	0.54857419043	0.493475108748	0.465925567907	0.478492025133	0.846785886902	0.55099081682	0.470758820686	0.470275495408	0.512808119865	0.544707588207	0.322377960367	0.0	0.502658289029	0.552924117931	0.760753987434	0.711938134364	0.519091348478	0.61575640406	0.535524407927	0.642822619623	0.609473175447	0.725954567424	0.712421459642	0.60415659739	0.595456742388	0.577573707105	0.728371193813	0.66892218463	0.727887868536	0.699371677139	0.661188980184	0.687288545191	0.587240212663	0.596423392943	0.589656839053	0.579507008217	0.591590140164	0.698405026583	0.59255679072	0.685838569357	0.555340744321	0.655389076849
AA5	0.575157080715	0.510391493475	0.954567423876	0.641855969067	0.602223296278	0.450459159014	0.629289511841	0.391976800387	0.389076848719	0.53697438376	0.431609473175	0.553890768487	0.523441275979	0.880618656356	0.549057515708	0.541807636539	0.423876268729	0.418559690672	0.925567907202	0.776220396327	0.558724021266	0.462058965684	0.466892218463	0.481875302078	0.893668438859	0.595940067666	0.425809569841	0.441759304012	0.499275012083	0.545674238763	0.554374093765	0.502658289029	0.0	0.341227646206	0.675688738521	0.596423392943	0.452875785404	0.463992266796	0.441759304012	0.545674238763	0.482841952634	0.617206379894	0.614306428226	0.452875785404	0.523924601257	0.479942000967	0.69212179797	0.623006283229	0.661672305462	0.648622522958	0.641372643789	0.668438859352	0.5186080232	0.550507491542	0.558724021266	0.549540840986	0.547124214596	0.670855485742	0.556307394877	0.637022716288	0.492508458192	0.607056549058
AA6	0.583856935718	0.532624456259	0.959884001933	0.656355727405	0.646689221846	0.476075398743	0.653939101015	0.443692605123	0.459159014016	0.565007249879	0.505074915418	0.593523441276	0.539874335428	0.883518608023	0.577090381827	0.550024166264	0.476558724021	0.478975350411	0.934267762204	0.782020299662	0.584823586274	0.498791686805	0.521024649589	0.53020782987	0.907684871919	0.605123247946	0.478492025133	0.498791686805	0.546157564041	0.568873852102	0.608989850169	0.552924117931	0.341227646206	0.0	0.696955050749	0.613823102948	0.5186080232	0.508941517641	0.475592073465	0.578540357661	0.516674722088	0.656355727405	0.652972450459	0.502658289029	0.47220879652	0.438376027066	0.700338327695	0.6389560174	0.677138714355	0.666988883519	0.646205896568	0.675688738521	0.537941034316	0.555340744321	0.564523924601	0.556307394877	0.54857419043	0.678588690188	0.561140647656	0.651039149348	0.501691638473	0.619623006283
AB5	0.752054132431	0.694055099082	0.970033832769	0.723054615756	0.629289511841	0.648622522958	0.73368777187	0.66892218463	0.680038666022	0.693088448526	0.667472208797	0.611406476559	0.662638956017	0.902368293862	0.713871435476	0.69453842436	0.704204929918	0.701788303528	0.942967617206	0.818753020783	0.804736587724	0.742870952151	0.747220879652	0.742387626873	0.926534557757	0.766070565491	0.697438376027	0.719188013533	0.753020782987	0.764137264379	0.78250362494	0.760753987434	0.675688738521	0.696955050749	0.0	0.303528274529	0.6389560174	0.662155630739	0.634122764621	0.628806186564	0.608023199613	0.750120831319	0.753020782987	0.652972450459	0.623972933784	0.610439826003	0.619623006283	0.611406476559	0.629289511841	0.60657322378	0.622522957951	0.618656355727	0.599806669889	0.596423392943	0.599806669889	0.618656355727	0.670372160464	0.603189946834	0.662638956017	0.608989850169	0.675688738521	0.608506524891
AB6	0.704204929918	0.620589656839	0.964717254712	0.672305461576	0.58095698405	0.578057032383	0.674238762687	0.594490091832	0.614789753504	0.621072982117	0.622039632673	0.534074432093	0.610923151281	0.896085065249	0.646689221846	0.635089415176	0.651039149348	0.651522474625	0.937651039149	0.788786853552	0.7593040116	0.68970517158	0.691638472692	0.689221846303	0.915901401643	0.71532141131	0.641855969067	0.666505558241	0.693571773804	0.710004833253	0.734171097148	0.711938134364	0.596423392943	0.613823102948	0.303528274529	0.0	0.598840019333	0.588690188497	0.582406959884	0.554857419043	0.529241179314	0.681488641856	0.685355244079	0.572740454326	0.562107298212	0.548090865152	0.599806669889	0.551957467376	0.589656839053	0.563557274045	0.571290478492	0.591106814886	0.533107781537	0.558240695988	0.565490575157	0.581923634606	0.613823102948	0.573223779604	0.60657322378	0.558724021266	0.62493958434	0.546640889319
AC5	0.606089898502	0.59255679072	0.971483808603	0.65055582407	0.629772837119	0.478975350411	0.684871918801	0.458192363461	0.44900918318	0.589656839053	0.413243112615	0.583856935718	0.537457709038	0.896085065249	0.640405993233	0.574673755437	0.475592073465	0.471242145964	0.951667472209	0.796036732721	0.623489608507	0.539874335428	0.503141614306	0.485258579024	0.912518124698	0.610439826003	0.450459159014	0.487191880135	0.529724504592	0.573707104882	0.547124214596	0.519091348478	0.452875785404	0.5186080232	0.6389560174	0.598840019333	0.0	0.453842435959	0.446592556791	0.583856935718	0.520057999033	0.711454809087	0.69453842436	0.533107781537	0.502658289029	0.483325277912	0.624456259062	0.586273562107	0.633639439343	0.608506524891	0.584340260996	0.601739971	0.521991300145	0.51619139681	0.519091348478	0.517158047366	0.582406959884	0.619623006283	0.583856935718	0.587723537941	0.519091348478	0.562107298212
AC6	0.619623006283	0.517158047366	0.945867568874	0.632672788787	0.577090381827	0.513291445143	0.541807636539	0.488158530691	0.52537457709	0.458675688739	0.56259062349	0.535041082649	0.553890768487	0.864185596907	0.551474142098	0.575640405993	0.568390526825	0.57177380377	0.907201546641	0.749154180764	0.647172547124	0.580473658772	0.601739971	0.589173513775	0.885451909135	0.596423392943	0.548090865152	0.552924117931	0.570323827936	0.585790236829	0.655872402127	0.61575640406	0.463992266796	0.508941517641	0.662155630739	0.588690188497	0.453842435959	0.0	0.528274528758	0.517158047366	0.507974867086	0.478008699855	0.461575640406	0.391010149831	0.558724021266	0.553890768487	0.676655389077	0.623489608507	0.655872402127	0.6389560174	0.633639439343	0.658289028516	0.563557274045	0.570323827936	0.578057032383	0.577573707105	0.56259062349	0.65973900435	0.566940550991	0.614789753504	0.544707588207	0.601256645723
AD6	0.579023682939	0.540840985984	0.968583856936	0.62493958434	0.583856935718	0.418559690672	0.641855969067	0.421942967617	0.425809569841	0.544707588207	0.430159497342	0.529241179314	0.502658289029	0.890768487192	0.586756887385	0.536491058482	0.455775737071	0.454325761237	0.947800869986	0.786853552441	0.605123247946	0.518124697922	0.526341227646	0.521024649589	0.908651522475	0.605606573224	0.478975350411	0.497825036249	0.545674238763	0.564040599323	0.58337361044	0.535524407927	0.441759304012	0.475592073465	0.634122764621	0.582406959884	0.446592556791	0.528274528758	0.0	0.538907684872	0.421459642339	0.68970517158	0.682455292412	0.512324794587	0.491058482359	0.468342194297	0.616239729338	0.555824069599	0.599323344611	0.570323827936	0.567907201547	0.588206863219	0.473175447076	0.472692121798	0.479458675689	0.478492025133	0.551474142098	0.589656839053	0.541807636539	0.57177380377	0.461092315128	0.534557757371
AE5	0.642339294345	0.53697438376	0.970517158047	0.628806186564	0.555824069599	0.538907684872	0.588206863219	0.549540840986	0.590140164331	0.53020782987	0.61333977767	0.509424842919	0.565007249879	0.88883518608	0.559207346544	0.561140647656	0.605123247946	0.600773320445	0.93281778637	0.777187046883	0.723054615756	0.651039149348	0.655389076849	0.646205896568	0.881585306912	0.654422426293	0.621072982117	0.622039632673	0.646689221846	0.664088931851	0.676655389077	0.642822619623	0.545674238763	0.578540357661	0.628806186564	0.554857419043	0.583856935718	0.517158047366	0.538907684872	0.0	0.353310778154	0.61333977767	0.61575640406	0.514741420976	0.620106331561	0.612856452392	0.64813919768	0.600773320445	0.628322861286	0.603673272112	0.609956500725	0.632672788787	0.53697438376	0.549540840986	0.582406959884	0.564523924601	0.556790720155	0.632189463509	0.563557274045	0.59497341711	0.564523924601	0.584340260996
AE6	0.596906718221	0.498791686805	0.969550507492	0.631222812953	0.549540840986	0.477042049299	0.590623489609	0.480908651522	0.515708071532	0.524407926535	0.544707588207	0.507491541808	0.500724987917	0.891735137748	0.562107298212	0.53020782987	0.54857419043	0.540840985984	0.938617689705	0.780570323828	0.679072015466	0.600773320445	0.608023199613	0.59497341711	0.898018366361	0.633156114065	0.558240695988	0.573223779604	0.608989850169	0.619623006283	0.64572257129	0.609473175447	0.482841952634	0.516674722088	0.608023199613	0.529241179314	0.520057999033	0.507974867086	0.421459642339	0.353310778154	0.0	0.646689221846	0.642822619623	0.48380860319	0.541324311261	0.531174480425	0.623489608507	0.571290478492	0.596423392943	0.581440309328	0.585790236829	0.60657322378	0.471242145964	0.48622522958	0.507974867086	0.496858385694	0.525857902368	0.600289995167	0.534074432093	0.570323827936	0.503624939584	0.547124214596
AF5	0.705654905752	0.605606573224	0.938134364427	0.676172063799	0.666988883519	0.67133881102	0.538424359594	0.634122764621	0.675688738521	0.551957467376	0.720154664089	0.637022716288	0.668438859352	0.860802319961	0.597873368777	0.66892218463	0.71290478492	0.724021266312	0.873852102465	0.740454325761	0.708554857419	0.675688738521	0.716771387144	0.711938134364	0.882551957467	0.696955050749	0.691155147414	0.675688738521	0.658772353794	0.665055582407	0.757854035766	0.725954567424	0.617206379894	0.656355727405	0.750120831319	0.681488641856	0.711454809087	0.478008699855	0.68970517158	0.61333977767	0.646689221846	0.0	0.270662155631	0.533107781537	0.719671338811	0.71532141131	0.771870468826	0.717254712421	0.751087481875	0.725954567424	0.729821169647	0.748187530208	0.683905268246	0.706138231029	0.724987916868	0.710971483809	0.665055582407	0.74770420493	0.667472208797	0.711454809087	0.700821652972	0.708071532141
AF6	0.703238279362	0.600289995167	0.93281778637	0.674722087965	0.670372160464	0.667472208797	0.537457709038	0.633639439343	0.672305461576	0.550024166264	0.713871435476	0.639922667956	0.669405509908	0.854035766071	0.588690188497	0.668438859352	0.707588206863	0.710004833253	0.873852102465	0.735621072982	0.704204929918	0.66892218463	0.712421459642	0.709038182697	0.87046882552	0.679555340744	0.691638472692	0.670855485742	0.654422426293	0.660705654906	0.744804253262	0.712421459642	0.614306428226	0.652972450459	0.753020782987	0.685355244079	0.69453842436	0.461575640406	0.682455292412	0.61575640406	0.642822619623	0.270662155631	0.0	0.531657805703	0.712421459642	0.705171580474	0.768970517158	0.715804736588	0.748670855486	0.721604639923	0.725954567424	0.749637506042	0.6805219913	0.70130497825	0.716288061866	0.704688255196	0.660705654906	0.745770903818	0.662638956017	0.705171580474	0.698405026583	0.706138231029
