	AA3	AA4	AB3	AB4	AC3	AC4	AD3	AD4	AE3	AE4	AF3	AF4	AG3	AG4	AH3	AH4	AA7	AA8	AB7	AB8	AC7	AC8	AD7	AD8	AE7	AE8	AF7	AF8	AG7	AG8	AH7	AH8	AA5	AA6	AB5	AB6	AC5	AC6	AD6	AE5	AE6	AF5	AF6	AG5	AH5	AH6	AA1	AA2	AB1	AB2	AC1	AC2	AD1	AD2	AE1	AE2	AF1	AF2	AG1	AG2	AH1	AH2
AA3	0.0	0.491058482359	0.934751087482	0.630256162397	0.65732237796	0.565973900435	0.655389076849	0.575640405993	0.558724021266	0.608989850169	0.602223296278	0.605123247946	0.588206863219	0.854519091348	0.639439342678	0.312228129531	0.54857419043	0.559207346544	0.871918801353	0.721121314645	0.614789753504	0.567907201547	0.581923634606	0.578540357661	0.837602706622	0.586273562107	0.565007249879	0.553407443209	0.588690188497	0.58337361044	0.578540357661	0.571290478492	0.584823586274	0.58095698405	0.737554374094	0.679072015466	0.605123247946	0.614789753504	0.58095698405	0.626872885452	0.593040115998	0.720154664089	0.677138714355	0.619623006283	0.60657322378	0.601739971	0.677138714355	0.654422426293	0.710971483809	0.661672305462	0.634606089899	0.656355727405	0.567907201547	0.559207346544	0.561623972934	0.554374093765	0.566457225713	0.646689221846	0.579023682939	0.660705654906	0.565007249879	0.645239246013
AA4	0.491058482359	0.0	0.948767520541	0.574190430159	0.596906718221	0.493958434026	0.585306911551	0.498308361527	0.511358144031	0.524407926535	0.562107298212	0.529724504592	0.491541807637	0.863702271629	0.383760270662	0.380860318995	0.541807636539	0.544707588207	0.894635089415	0.727887868536	0.652972450459	0.581440309328	0.582890285162	0.56935717738	0.884001933301	0.628322861286	0.558240695988	0.554857419043	0.599806669889	0.609473175447	0.632189463509	0.579023682939	0.522957950701	0.527307878202	0.667472208797	0.587240212663	0.57177380377	0.521507974867	0.529241179314	0.534557757371	0.490575157081	0.640405993233	0.594006766554	0.523924601257	0.579507008217	0.559690671822	0.660222329628	0.611406476559	0.641372643789	0.601739971	0.605123247946	0.629772837119	0.545190913485	0.534074432093	0.520541324311	0.522474625423	0.505558240696	0.62493958434	0.515708071532	0.596423392943	0.529724504592	0.590623489609
AB3	0.934751087482	0.948767520541	0.0	0.68293861769	0.913968100532	0.950700821653	0.952150797487	0.94441759304	0.928951184147	0.945867568874	0.971000483325	0.925084581924	0.966167230546	0.341710971484	0.958917351377	0.940550990817	0.971967133881	0.966650555824	0.726437892702	0.748187530208	0.887385210246	0.915901401643	0.954567423876	0.952634122765	0.849202513291	0.901884968584	0.943934267762	0.931367810536	0.859835669406	0.841952634123	0.952634122765	0.955534074432	0.956500724988	0.961333977767	0.972450459159	0.967133881102	0.975350410826	0.954084098598	0.972450459159	0.972933784437	0.971967133881	0.929917834703	0.928951184147	0.946350894152	0.975833736104	0.971483808603	0.973900434993	0.972933784437	0.971967133881	0.972450459159	0.975833736104	0.970517158047	0.973417109715	0.974867085549	0.974867085549	0.974383760271	0.972450459159	0.972450459159	0.971000483325	0.973900434993	0.972450459159	0.970517158047
AB4	0.630256162397	0.574190430159	0.68293861769	0.0	0.638472692122	0.595940067666	0.684871918801	0.612856452392	0.59497341711	0.618173030449	0.637506041566	0.598840019333	0.4813919768	0.567423876269	0.605123247946	0.587723537941	0.62735621073	0.622039632673	0.717254712421	0.561140647656	0.647655872402	0.625422909618	0.649105848236	0.636056065732	0.801353310778	0.642822619623	0.642339294345	0.627839536008	0.565973900435	0.586756887385	0.690671822136	0.653939101015	0.632189463509	0.641372643789	0.720154664089	0.661672305462	0.654905751571	0.623972933784	0.623489608507	0.629289511841	0.621072982117	0.662638956017	0.655389076849	0.621556307395	0.674238762687	0.655389076849	0.708071532141	0.667955534074	0.696955050749	0.661188980184	0.673755437409	0.679555340744	0.629772837119	0.635572740454	0.644755920735	0.632672788787	0.636056065732	0.678588690188	0.632189463509	0.665538907685	0.643305944901	0.661188980184
AC3	0.65732237796	0.596906718221	0.913968100532	0.638472692122	0.0	0.493958434026	0.649589173514	0.557274045433	0.564523924601	0.593523441276	0.618656355727	0.332527791203	0.620589656839	0.830836152731	0.608989850169	0.603189946834	0.617206379894	0.60657322378	0.87046882552	0.752537457709	0.731271145481	0.686321894635	0.725954567424	0.706621556307	0.832286128565	0.687288545191	0.677622039633	0.682455292412	0.676655389077	0.688738521025	0.710004833253	0.674238762687	0.607056549058	0.634122764621	0.626389560174	0.578057032383	0.623972933784	0.577573707105	0.592073465442	0.565973900435	0.570323827936	0.647655872402	0.637506041566	0.564523924601	0.651039149348	0.630739487675	0.602706621556	0.592073465442	0.593040115998	0.570807153214	0.60657322378	0.590140164331	0.553407443209	0.576607056549	0.584340260996	0.573707104882	0.62735621073	0.579023682939	0.618173030449	0.589656839053	0.618173030449	0.599323344611
AC4	0.565973900435	0.493958434026	0.950700821653	0.595940067666	0.493958434026	0.0	0.610439826003	0.406959884002	0.398260029	0.5186080232	0.333494441759	0.391493475109	0.497825036249	0.866602223296	0.556790720155	0.512808119865	0.478492025133	0.459642339294	0.913484775254	0.739004349928	0.588690188497	0.528757854036	0.51619139681	0.520541324311	0.884485258579	0.582406959884	0.509908168197	0.502658289029	0.54857419043	0.580473658772	0.565007249879	0.51619139681	0.450942484292	0.469308844853	0.629772837119	0.555340744321	0.478492025133	0.505558240696	0.418559690672	0.544707588207	0.473175447076	0.678588690188	0.633639439343	0.511841469309	0.492508458192	0.475592073465	0.631706138231	0.578057032383	0.593523441276	0.567423876269	0.573223779604	0.595940067666	0.487191880135	0.487191880135	0.506041565974	0.498791686805	0.524407926535	0.58337361044	0.53697438376	0.570807153214	0.459159014016	0.559690671822
AD3	0.655389076849	0.585306911551	0.952150797487	0.684871918801	0.649589173514	0.610439826003	0.0	0.519091348478	0.631706138231	0.336877718705	0.670855485742	0.59497341711	0.63653939101	0.869018849686	0.574190430159	0.631222812953	0.676172063799	0.673755437409	0.937167713871	0.773803769937	0.710488158531	0.680038666022	0.685355244079	0.680038666022	0.913968100532	0.671822136298	0.682455292412	0.677622039633	0.678105364911	0.675688738521	0.707104881585	0.686805219913	0.620589656839	0.639439342678	0.728371193813	0.643305944901	0.665055582407	0.512808119865	0.625906234896	0.589656839053	0.572257129048	0.547607539874	0.510391493475	0.541324311261	0.69212179797	0.671822136298	0.769453842436	0.704688255196	0.737554374094	0.709038182697	0.710971483809	0.734654422426	0.669405509908	0.653939101015	0.660705654906	0.656355727405	0.628322861286	0.722087965201	0.639922667956	0.714838086032	0.672788786854	0.708071532141
AD4	0.575640405993	0.498308361527	0.94441759304	0.612856452392	0.557274045433	0.406959884002	0.519091348478	0.0	0.301594973417	0.404543257612	0.411309811503	0.481875302078	0.523441275979	0.862252295795	0.551474142098	0.523924601257	0.461092315128	0.443692605123	0.93281778637	0.760753987434	0.569840502658	0.498308361527	0.49540840986	0.4813919768	0.90285161914	0.602223296278	0.454325761237	0.459642339294	0.501691638473	0.576123731271	0.541324311261	0.488158530691	0.385210246496	0.434992750121	0.638472692122	0.549540840986	0.435959400677	0.473175447076	0.439342677622	0.551474142098	0.479942000967	0.646205896568	0.601256645723	0.49299178347	0.486708554857	0.47220879652	0.669405509908	0.615273078782	0.6389560174	0.614306428226	0.609956500725	0.637022716288	0.522474625423	0.517641372644	0.521507974867	0.522474625423	0.52779120348	0.623972933784	0.546640889319	0.616239729338	0.498791686805	0.601256645723
AE3	0.558724021266	0.511358144031	0.928951184147	0.59497341711	0.564523924601	0.398260029	0.631706138231	0.301594973417	0.0	0.516674722088	0.391976800387	0.496858385694	0.498791686805	0.850652489125	0.554857419043	0.533591106815	0.434509424843	0.420976317061	0.914934751087	0.739487675205	0.549540840986	0.463508941518	0.477042049299	0.479942000967	0.884001933301	0.58337361044	0.434026099565	0.443209279845	0.481875302078	0.558724021266	0.531174480425	0.469308844853	0.391976800387	0.443209279845	0.657805703238	0.59497341711	0.444175930401	0.520541324311	0.440309328178	0.598840019333	0.531657805703	0.690671822136	0.642822619623	0.522957950701	0.48380860319	0.467858869019	0.658289028516	0.603673272112	0.633639439343	0.601256645723	0.594490091832	0.624456259062	0.511841469309	0.515224746254	0.514258095698	0.511358144031	0.535524407927	0.616239729338	0.560657322378	0.60657322378	0.486708554857	0.589173513775
AE4	0.608989850169	0.524407926535	0.945867568874	0.618173030449	0.593523441276	0.5186080232	0.336877718705	0.404543257612	0.516674722088	0.0	0.577090381827	0.535041082649	0.572257129048	0.860318994683	0.533107781537	0.563557274045	0.579990333494	0.580473658772	0.934267762204	0.766070565491	0.655872402127	0.599806669889	0.599323344611	0.585790236829	0.905268245529	0.619139681005	0.592073465442	0.586756887385	0.580473658772	0.598840019333	0.638472692122	0.595940067666	0.522957950701	0.546157564041	0.697438376027	0.598356694055	0.571290478492	0.442725954567	0.538907684872	0.529724504592	0.509908168197	0.569840502658	0.525857902368	0.497825036249	0.60657322378	0.58095698405	0.721604639923	0.664088931851	0.691638472692	0.665055582407	0.662155630739	0.682455292412	0.607539874335	0.593523441276	0.596423392943	0.588690188497	0.566940550991	0.678588690188	0.584823586274	0.66892218463	0.581440309328	0.649589173514
AF3	0.602223296278	0.562107298212	0.971000483325	0.637506041566	0.618656355727	0.333494441759	0.670855485742	0.411309811503	0.391976800387	0.577090381827	0.0	0.520057999033	0.536491058482	0.89125181247	0.615273078782	0.570807153214	0.468342194297	0.447075882069	0.958917351377	0.783953600773	0.593040115998	0.534074432093	0.434509424843	0.445142580957	0.918318028033	0.617206379894	0.447075882069	0.482358627356	0.535524407927	0.606089898502	0.528757854036	0.503624939584	0.438859352344	0.484775253746	0.665055582407	0.611406476559	0.428709521508	0.546157564041	0.456259062349	0.616239729338	0.542774287095	0.723054615756	0.674238762687	0.550024166264	0.500241662639	0.484291928468	0.669888835186	0.61333977767	0.654905751571	0.608023199613	0.609473175447	0.636056065732	0.541324311261	0.523441275979	0.538424359594	0.527307878202	0.564523924601	0.629289511841	0.58095698405	0.610439826003	0.492025132914	0.598356694055
AF4	0.605123247946	0.529724504592	0.925084581924	0.598840019333	0.332527791203	0.391493475109	0.59497341711	0.481875302078	0.496858385694	0.535041082649	0.520057999033	0.0	0.554857419043	0.840019333011	0.556307394877	0.537941034316	0.563073948768	0.549057515708	0.883518608023	0.725471242146	0.676655389077	0.620106331561	0.648622522958	0.626872885452	0.850169163847	0.624456259062	0.608023199613	0.614789753504	0.614306428226	0.629289511841	0.652972450459	0.611889801837	0.528757854036	0.560657322378	0.599806669889	0.511358144031	0.551474142098	0.522474625423	0.515708071532	0.505558240696	0.505074915418	0.630739487675	0.600773320445	0.505074915418	0.560657322378	0.543257612373	0.599323344611	0.544707588207	0.569840502658	0.528274528758	0.544707588207	0.559690671822	0.4813919768	0.502174963751	0.522957950701	0.506524891252	0.560657322378	0.544707588207	0.554857419043	0.536007733204	0.537941034316	0.538424359594
AG3	0.588206863219	0.491541807637	0.966167230546	0.4813919768	0.620589656839	0.497825036249	0.63653939101	0.523441275979	0.498791686805	0.572257129048	0.536491058482	0.554857419043	0.0	0.853552440793	0.518124697922	0.53697438376	0.517641372644	0.500241662639	0.934267762204	0.761237312711	0.666988883519	0.597873368777	0.600289995167	0.583856935718	0.894635089415	0.640889318511	0.560657322378	0.58337361044	0.61333977767	0.628322861286	0.644272595457	0.572257129048	0.527307878202	0.530691155147	0.662155630739	0.612373127115	0.545674238763	0.536491058482	0.513291445143	0.572257129048	0.521024649589	0.673272112131	0.636056065732	0.540840985984	0.564040599323	0.545674238763	0.630256162397	0.597390043499	0.622522957951	0.603189946834	0.594006766554	0.608023199613	0.53020782987	0.526341227646	0.527307878202	0.5186080232	0.546640889319	0.612373127115	0.556790720155	0.602706621556	0.520541324311	0.579507008217
AG4	0.854519091348	0.863702271629	0.341710971484	0.567423876269	0.830836152731	0.866602223296	0.869018849686	0.862252295795	0.850652489125	0.860318994683	0.89125181247	0.840019333011	0.853552440793	0.0	0.873852102465	0.855969067182	0.893668438859	0.889318511358	0.702271628806	0.674238762687	0.813919768004	0.840502658289	0.876752054132	0.875785403577	0.822619623006	0.826969550507	0.866118898018	0.853552440793	0.783953600773	0.757370710488	0.886418559691	0.876752054132	0.876268728855	0.880618656356	0.899468342194	0.891735137748	0.896085065249	0.864668922185	0.891735137748	0.886901884969	0.886418559691	0.842435959401	0.845819236346	0.867085548574	0.90043499275	0.892218463026	0.890768487192	0.892218463026	0.89125181247	0.888351860802	0.896568390527	0.888351860802	0.894635089415	0.891735137748	0.896085065249	0.894151764137	0.892701788304	0.893185113581	0.889318511358	0.886901884969	0.892701788304	0.892218463026
AH3	0.639439342678	0.383760270662	0.958917351377	0.605123247946	0.608989850169	0.556790720155	0.574190430159	0.551474142098	0.554857419043	0.533107781537	0.615273078782	0.556307394877	0.518124697922	0.873852102465	0.0	0.524891251812	0.594006766554	0.590140164331	0.917834702755	0.760753987434	0.703238279362	0.633639439343	0.634122764621	0.623972933784	0.896568390527	0.686805219913	0.620106331561	0.628806186564	0.652972450459	0.663122281295	0.686321894635	0.614306428226	0.556307394877	0.581923634606	0.704204929918	0.622039632673	0.631706138231	0.540840985984	0.587240212663	0.549540840986	0.55775737071	0.60657322378	0.574673755437	0.557274045433	0.635089415176	0.618173030449	0.697921701305	0.633156114065	0.653939101015	0.635572740454	0.639439342678	0.65973900435	0.598840019333	0.590140164331	0.578540357661	0.595456742388	0.575157080715	0.660222329628	0.568873852102	0.636056065732	0.588206863219	0.622522957951
AH4	0.312228129531	0.380860318995	0.940550990817	0.587723537941	0.603189946834	0.512808119865	0.631222812953	0.523924601257	0.533591106815	0.563557274045	0.570807153214	0.537941034316	0.53697438376	0.855969067182	0.524891251812	0.0	0.540840985984	0.548090865152	0.875785403577	0.723054615756	0.627839536008	0.567907201547	0.576123731271	0.562107298212	0.851135814403	0.608506524891	0.554857419043	0.550507491542	0.581923634606	0.590623489609	0.598356694055	0.5601739971	0.543257612373	0.548090865152	0.691155147414	0.625906234896	0.579023682939	0.572257129048	0.53939101015	0.557274045433	0.535041082649	0.677138714355	0.629772837119	0.569840502658	0.586756887385	0.579023682939	0.663122281295	0.61575640406	0.658289028516	0.607539874335	0.609956500725	0.630739487675	0.534074432093	0.529724504592	0.536007733204	0.523924601257	0.519091348478	0.620106331561	0.51619139681	0.613823102948	0.532141130981	0.600773320445
AA7	0.54857419043	0.541807636539	0.971967133881	0.62735621073	0.617206379894	0.478492025133	0.676172063799	0.461092315128	0.434509424843	0.579990333494	0.468342194297	0.563073948768	0.517641372644	0.893668438859	0.594006766554	0.540840985984	0.0	0.287578540358	0.919284678589	0.762687288545	0.58337361044	0.506041565974	0.50459159014	0.479942000967	0.872402126631	0.590623489609	0.465442242629	0.476075398743	0.528757854036	0.599806669889	0.532624456259	0.412759787337	0.438859352344	0.467858869019	0.701788303528	0.652005799903	0.489125181247	0.554857419043	0.485741904302	0.597873368777	0.548090865152	0.718704688255	0.675205413243	0.572740454326	0.536007733204	0.511358144031	0.665538907685	0.61333977767	0.664088931851	0.629772837119	0.593523441276	0.620106331561	0.51377477042	0.522957950701	0.524891251812	0.516674722088	0.527307878202	0.611406476559	0.542290961817	0.633156114065	0.492025132914	0.60657322378
AA8	0.559207346544	0.544707588207	0.966650555824	0.622039632673	0.60657322378	0.459642339294	0.673755437409	0.443692605123	0.420976317061	0.580473658772	0.447075882069	0.549057515708	0.500241662639	0.889318511358	0.590140164331	0.548090865152	0.287578540358	0.0	0.915418076365	0.75688738521	0.579023682939	0.496375060416	0.49540840986	0.466892218463	0.861768970517	0.585306911551	0.450942484292	0.468342194297	0.521991300145	0.593523441276	0.487191880135	0.372160463992	0.436442725955	0.468342194297	0.68970517158	0.645239246013	0.46979217013	0.55099081682	0.478975350411	0.602706621556	0.536491058482	0.721604639923	0.680038666022	0.5601739971	0.525857902368	0.498791686805	0.65055582407	0.592073465442	0.64572257129	0.611406476559	0.577090381827	0.605606573224	0.508941517641	0.503624939584	0.508941517641	0.50459159014	0.530691155147	0.598840019333	0.54857419043	0.621072982117	0.480908651522	0.588206863219
AB7	0.871918801353	0.894635089415	0.726437892702	0.717254712421	0.87046882552	0.913484775254	0.937167713871	0.93281778637	0.914934751087	0.934267762204	0.958917351377	0.883518608023	0.934267762204	0.702271628806	0.917834702755	0.875785403577	0.919284678589	0.915418076365	0.0	0.406476558724	0.807636539391	0.846302561624	0.928951184147	0.915901401643	0.73852102465	0.825036249396	0.894635089415	0.872402126631	0.763170613823	0.693088448526	0.883518608023	0.899951667472	0.916384726921	0.938617689705	0.942967617206	0.933784436926	0.941034316095	0.916868052199	0.946350894152	0.928467858869	0.930884485259	0.87046882552	0.866118898018	0.913968100532	0.957950700822	0.954084098598	0.927017883035	0.927501208313	0.940067665539	0.929917834703	0.930884485259	0.921701304978	0.917351377477	0.918801353311	0.921701304978	0.9212179797	0.924117931368	0.919284678589	0.920734654422	0.92363460609	0.94441759304	0.930401159981
AB8	0.721121314645	0.727887868536	0.748187530208	0.561140647656	0.752537457709	0.739004349928	0.773803769937	0.760753987434	0.739487675205	0.766070565491	0.783953600773	0.725471242146	0.761237312711	0.674238762687	0.760753987434	0.723054615756	0.762687288545	0.75688738521	0.406476558724	0.0	0.641855969067	0.672305461576	0.750120831319	0.737554374094	0.737071048816	0.663122281295	0.715804736588	0.689221846303	0.558240695988	0.516674722088	0.735621072982	0.740937651039	0.746254229096	0.765587240213	0.811503141614	0.76848719188	0.769937167714	0.745770903818	0.772837119381	0.756404059932	0.753020782987	0.722087965201	0.707104881585	0.744320927985	0.782986950217	0.781053649106	0.831802803287	0.77090381827	0.806186563557	0.78008699855	0.779603673272	0.789753504108	0.768970517158	0.77090381827	0.769453842436	0.768970517158	0.766553890768	0.78008699855	0.762687288545	0.765103914935	0.780570323828	0.767037216046
AC7	0.614789753504	0.652972450459	0.887385210246	0.647655872402	0.731271145481	0.588690188497	0.710488158531	0.569840502658	0.549540840986	0.655872402127	0.593040115998	0.676655389077	0.666988883519	0.813919768004	0.703238279362	0.627839536008	0.58337361044	0.579023682939	0.807636539391	0.641855969067	0.0	0.360077332044	0.565490575157	0.56259062349	0.817303044949	0.581923634606	0.535041082649	0.503141614306	0.470275495408	0.497341710971	0.564040599323	0.552924117931	0.556790720155	0.584823586274	0.801836636056	0.745770903818	0.626389560174	0.645239246013	0.617689705172	0.710488158531	0.666022232963	0.718704688255	0.685355244079	0.642822619623	0.620589656839	0.611889801837	0.820202996617	0.765587240213	0.801836636056	0.773320444659	0.74770420493	0.782020299662	0.681488641856	0.674238762687	0.670855485742	0.672788786854	0.653455775737	0.775737071049	0.667472208797	0.768003866602	0.614789753504	0.754470758821
AC8	0.567907201547	0.581440309328	0.915901401643	0.625422909618	0.686321894635	0.528757854036	0.680038666022	0.498308361527	0.463508941518	0.599806669889	0.534074432093	0.620106331561	0.597873368777	0.840502658289	0.633639439343	0.567907201547	0.506041565974	0.496375060416	0.846302561624	0.672305461576	0.360077332044	0.0	0.48380860319	0.482358627356	0.845819236346	0.556790720155	0.400193330111	0.371677138714	0.44900918318	0.500724987917	0.519574673755	0.465442242629	0.467858869019	0.509908168197	0.738037699372	0.684871918801	0.558240695988	0.579990333494	0.550507491542	0.64813919768	0.597873368777	0.684388593523	0.641855969067	0.594490091832	0.558724021266	0.549540840986	0.744320927985	0.68970517158	0.732721121315	0.709038182697	0.672788786854	0.702271628806	0.613823102948	0.599323344611	0.598356694055	0.602223296278	0.579507008217	0.700338327695	0.594490091832	0.700338327695	0.54857419043	0.680038666022
AD7	0.581923634606	0.582890285162	0.954567423876	0.649105848236	0.725954567424	0.51619139681	0.685355244079	0.49540840986	0.477042049299	0.599323344611	0.434509424843	0.648622522958	0.600289995167	0.876752054132	0.634122764621	0.576123731271	0.50459159014	0.49540840986	0.928951184147	0.750120831319	0.565490575157	0.48380860319	0.0	0.287578540358	0.891735137748	0.512324794587	0.427742870952	0.443692605123	0.508458192363	0.563073948768	0.499275012083	0.465925567907	0.481875302078	0.527307878202	0.743354277429	0.683905268246	0.520541324311	0.588690188497	0.552440792653	0.652489125181	0.605606573224	0.720637989367	0.674238762687	0.603673272112	0.556790720155	0.557274045433	0.749637506042	0.690671822136	0.735137747704	0.709521507975	0.674722087965	0.700821652972	0.623006283229	0.610439826003	0.605606573224	0.609956500725	0.580473658772	0.701788303528	0.599806669889	0.700338327695	0.556307394877	0.680038666022
AD8	0.578540357661	0.56935717738	0.952634122765	0.636056065732	0.706621556307	0.520541324311	0.680038666022	0.4813919768	0.479942000967	0.585790236829	0.445142580957	0.626872885452	0.583856935718	0.875785403577	0.623972933784	0.562107298212	0.479942000967	0.466892218463	0.915901401643	0.737554374094	0.56259062349	0.482358627356	0.287578540358	0.0	0.853069115515	0.473658772354	0.404543257612	0.439342677622	0.478975350411	0.551474142098	0.493475108748	0.461092315128	0.483325277912	0.510874818753	0.733204446593	0.671822136298	0.501208313195	0.576607056549	0.533107781537	0.633639439343	0.587240212663	0.720637989367	0.677622039633	0.588206863219	0.550024166264	0.542290961817	0.739971000483	0.679072015466	0.723054615756	0.69453842436	0.662638956017	0.694055099082	0.601739971	0.596423392943	0.585306911551	0.593523441276	0.566457225713	0.690671822136	0.591106814886	0.690188496858	0.550507491542	0.665538907685
AE7	0.837602706622	0.884001933301	0.849202513291	0.801353310778	0.832286128565	0.884485258579	0.913968100532	0.90285161914	0.884001933301	0.905268245529	0.918318028033	0.850169163847	0.894635089415	0.822619623006	0.896568390527	0.851135814403	0.872402126631	0.861768970517	0.73852102465	0.737071048816	0.817303044949	0.845819236346	0.891735137748	0.853069115515	0.0	0.544707588207	0.874818753021	0.854519091348	0.779603673272	0.778637022716	0.839536007733	0.859835669406	0.896568390527	0.91203479942	0.931851135814	0.923151280812	0.920734654422	0.896568390527	0.916868052199	0.882551957467	0.901884968584	0.875785403577	0.872402126631	0.881585306912	0.938134364427	0.922667955534	0.89125181247	0.903818269696	0.907684871919	0.898501691638	0.906718221363	0.897051715805	0.892218463026	0.891735137748	0.897051715805	0.890285161914	0.908168197197	0.892218463026	0.905268245529	0.907201546641	0.908651522475	0.908168197197
AE8	0.586273562107	0.628322861286	0.901884968584	0.642822619623	0.687288545191	0.582406959884	0.671822136298	0.602223296278	0.58337361044	0.619139681005	0.617206379894	0.624456259062	0.640889318511	0.826969550507	0.686805219913	0.608506524891	0.590623489609	0.585306911551	0.825036249396	0.663122281295	0.581923634606	0.556790720155	0.512324794587	0.473658772354	0.544707588207	0.0	0.573707104882	0.554857419043	0.526824552924	0.537457709038	0.569840502658	0.568873852102	0.605606573224	0.612373127115	0.761720637989	0.706138231029	0.621556307395	0.601739971	0.615273078782	0.655872402127	0.635572740454	0.700821652972	0.662638956017	0.609956500725	0.639922667956	0.628322861286	0.754470758821	0.70372160464	0.752054132431	0.713388110198	0.697921701305	0.726437892702	0.658289028516	0.643789270179	0.644755920735	0.6389560174	0.637022716288	0.716288061866	0.661188980184	0.71290478492	0.612856452392	0.699371677139
AF7	0.565007249879	0.558240695988	0.943934267762	0.642339294345	0.677622039633	0.509908168197	0.682455292412	0.454325761237	0.434026099565	0.592073465442	0.447075882069	0.608023199613	0.560657322378	0.866118898018	0.620106331561	0.554857419043	0.465442242629	0.450942484292	0.894635089415	0.715804736588	0.535041082649	0.400193330111	0.427742870952	0.404543257612	0.874818753021	0.573707104882	0.0	0.310778153697	0.477042049299	0.543740937651	0.488158530691	0.457225712905	0.428709521508	0.475592073465	0.702754954084	0.65055582407	0.482841952634	0.554857419043	0.514741420976	0.623489608507	0.564040599323	0.702271628806	0.65732237796	0.570807153214	0.528274528758	0.522957950701	0.705171580474	0.653455775737	0.706621556307	0.679555340744	0.640889318511	0.668438859352	0.575640405993	0.558724021266	0.566940550991	0.570323827936	0.550024166264	0.660705654906	0.574673755437	0.67133881102	0.515708071532	0.639439342678
AF8	0.553407443209	0.554857419043	0.931367810536	0.627839536008	0.682455292412	0.502658289029	0.677622039633	0.459642339294	0.443209279845	0.586756887385	0.482358627356	0.614789753504	0.58337361044	0.853552440793	0.628806186564	0.550507491542	0.476075398743	0.468342194297	0.872402126631	0.689221846303	0.503141614306	0.371677138714	0.443692605123	0.439342677622	0.854519091348	0.554857419043	0.310778153697	0.0	0.454325761237	0.517641372644	0.501208313195	0.44900918318	0.434992750121	0.49299178347	0.71532141131	0.661672305462	0.496858385694	0.55099081682	0.52537457709	0.615273078782	0.565490575157	0.681488641856	0.636056065732	0.565007249879	0.531657805703	0.533107781537	0.704204929918	0.654422426293	0.707588206863	0.676655389077	0.643789270179	0.663122281295	0.576123731271	0.562107298212	0.562107298212	0.572257129048	0.549540840986	0.661672305462	0.563073948768	0.670855485742	0.510391493475	0.639922667956
AG7	0.588690188497	0.599806669889	0.859835669406	0.565973900435	0.676655389077	0.54857419043	0.678105364911	0.501691638473	0.481875302078	0.580473658772	0.535524407927	0.614306428226	0.61333977767	0.783953600773	0.652972450459	0.581923634606	0.528757854036	0.521991300145	0.763170613823	0.558240695988	0.470275495408	0.44900918318	0.508458192363	0.478975350411	0.779603673272	0.526824552924	0.477042049299	0.454325761237	0.0	0.337361043983	0.552924117931	0.520057999033	0.501691638473	0.542774287095	0.739971000483	0.678105364911	0.53697438376	0.569840502658	0.556790720155	0.639922667956	0.598356694055	0.668438859352	0.623489608507	0.570323827936	0.588206863219	0.574190430159	0.750604156597	0.688738521025	0.727887868536	0.705654905752	0.669405509908	0.704204929918	0.613823102948	0.603189946834	0.617689705172	0.608506524891	0.598840019333	0.70130497825	0.623006283229	0.693088448526	0.58095698405	0.672788786854
AG8	0.58337361044	0.609473175447	0.841952634123	0.586756887385	0.688738521025	0.580473658772	0.675688738521	0.576123731271	0.558724021266	0.598840019333	0.606089898502	0.629289511841	0.628322861286	0.757370710488	0.663122281295	0.590623489609	0.599806669889	0.593523441276	0.693088448526	0.516674722088	0.497341710971	0.500724987917	0.563073948768	0.551474142098	0.778637022716	0.537457709038	0.543740937651	0.517641372644	0.337361043983	0.0	0.59497341711	0.572257129048	0.577090381827	0.593523441276	0.751087481875	0.693088448526	0.598356694055	0.584823586274	0.599323344611	0.652972450459	0.60657322378	0.666505558241	0.629289511841	0.590623489609	0.608023199613	0.609473175447	0.761720637989	0.698888351861	0.743837602707	0.713871435476	0.686805219913	0.719671338811	0.637506041566	0.621072982117	0.629289511841	0.622039632673	0.617206379894	0.71290478492	0.644272595457	0.699855002417	0.604639922668	0.681971967134
AH7	0.578540357661	0.632189463509	0.952634122765	0.690671822136	0.710004833253	0.565007249879	0.707104881585	0.541324311261	0.531174480425	0.638472692122	0.528757854036	0.652972450459	0.644272595457	0.886418559691	0.686321894635	0.598356694055	0.532624456259	0.487191880135	0.883518608023	0.735621072982	0.564040599323	0.519574673755	0.499275012083	0.493475108748	0.839536007733	0.569840502658	0.488158530691	0.501208313195	0.552924117931	0.59497341711	0.0	0.34267762204	0.563557274045	0.600773320445	0.779603673272	0.729821169647	0.561140647656	0.644755920735	0.606089898502	0.673272112131	0.643789270179	0.764137264379	0.725471242146	0.651522474625	0.632189463509	0.622522957951	0.765587240213	0.724987916868	0.767037216046	0.727404543258	0.70372160464	0.730304494925	0.629772837119	0.625422909618	0.628322861286	0.630739487675	0.616239729338	0.727887868536	0.631706138231	0.726437892702	0.605123247946	0.718221362977
AH8	0.571290478492	0.579023682939	0.955534074432	0.653939101015	0.674238762687	0.51619139681	0.686805219913	0.488158530691	0.469308844853	0.595940067666	0.503624939584	0.611889801837	0.572257129048	0.876752054132	0.614306428226	0.5601739971	0.412759787337	0.372160463992	0.899951667472	0.740937651039	0.552924117931	0.465442242629	0.465925567907	0.461092315128	0.859835669406	0.568873852102	0.457225712905	0.44900918318	0.520057999033	0.572257129048	0.34267762204	0.0	0.476558724021	0.507491541808	0.743837602707	0.690671822136	0.518124697922	0.587240212663	0.550507491542	0.629772837119	0.593040115998	0.724987916868	0.683905268246	0.603189946834	0.560657322378	0.554374093765	0.719671338811	0.669405509908	0.717738037699	0.672788786854	0.651522474625	0.677622039633	0.589656839053	0.579990333494	0.577090381827	0.579990333494	0.558724021266	0.676655389077	0.574190430159	0.670855485742	0.543740937651	0.659255679072
AA5	0.584823586274	0.522957950701	0.956500724988	0.632189463509	0.607056549058	0.450942484292	0.620589656839	0.385210246496	0.391976800387	0.522957950701	0.438859352344	0.528757854036	0.527307878202	0.876268728855	0.556307394877	0.543257612373	0.438859352344	0.436442725955	0.916384726921	0.746254229096	0.556790720155	0.467858869019	0.481875302078	0.483325277912	0.896568390527	0.605606573224	0.428709521508	0.434992750121	0.501691638473	0.577090381827	0.563557274045	0.476558724021	0.0	0.325761237313	0.670372160464	0.566457225713	0.47220879652	0.459159014016	0.468825519575	0.558240695988	0.493475108748	0.620106331561	0.573707104882	0.473175447076	0.504108264862	0.469308844853	0.70372160464	0.65055582407	0.670372160464	0.644272595457	0.642822619623	0.667472208797	0.544224262929	0.55775737071	0.561140647656	0.548090865152	0.535524407927	0.660705654906	0.560657322378	0.639439342678	0.500241662639	0.625906234896
AA6	0.58095698405	0.527307878202	0.961333977767	0.641372643789	0.634122764621	0.469308844853	0.639439342678	0.434992750121	0.443209279845	0.546157564041	0.484775253746	0.560657322378	0.530691155147	0.880618656356	0.581923634606	0.548090865152	0.467858869019	0.468342194297	0.938617689705	0.765587240213	0.584823586274	0.509908168197	0.527307878202	0.510874818753	0.91203479942	0.612373127115	0.475592073465	0.49299178347	0.542774287095	0.593523441276	0.600773320445	0.507491541808	0.325761237313	0.0	0.673272112131	0.577573707105	0.508458192363	0.49299178347	0.472692121798	0.588206863219	0.505074915418	0.662155630739	0.618173030449	0.51377477042	0.442725954567	0.414693088449	0.698405026583	0.646689221846	0.669888835186	0.648622522958	0.637989366844	0.660705654906	0.545674238763	0.553407443209	0.551957467376	0.548090865152	0.541324311261	0.653455775737	0.563073948768	0.643305944901	0.50700821653	0.626872885452
AB5	0.737554374094	0.667472208797	0.972450459159	0.720154664089	0.626389560174	0.629772837119	0.728371193813	0.638472692122	0.657805703238	0.697438376027	0.665055582407	0.599806669889	0.662155630739	0.899468342194	0.704204929918	0.691155147414	0.701788303528	0.68970517158	0.942967617206	0.811503141614	0.801836636056	0.738037699372	0.743354277429	0.733204446593	0.931851135814	0.761720637989	0.702754954084	0.71532141131	0.739971000483	0.751087481875	0.779603673272	0.743837602707	0.670372160464	0.673272112131	0.0	0.325761237313	0.620106331561	0.661672305462	0.631222812953	0.628322861286	0.609956500725	0.734171097148	0.716771387144	0.642339294345	0.624456259062	0.611889801837	0.625906234896	0.611889801837	0.632189463509	0.596906718221	0.625906234896	0.612373127115	0.587240212663	0.588690188497	0.610439826003	0.596423392943	0.663605606573	0.595940067666	0.661188980184	0.605606573224	0.661672305462	0.618173030449
AB6	0.679072015466	0.587240212663	0.967133881102	0.661672305462	0.578057032383	0.555340744321	0.643305944901	0.549540840986	0.59497341711	0.598356694055	0.611406476559	0.511358144031	0.612373127115	0.891735137748	0.622039632673	0.625906234896	0.652005799903	0.645239246013	0.933784436926	0.76848719188	0.745770903818	0.684871918801	0.683905268246	0.671822136298	0.923151280812	0.706138231029	0.65055582407	0.661672305462	0.678105364911	0.693088448526	0.729821169647	0.690671822136	0.566457225713	0.577573707105	0.325761237313	0.0	0.581923634606	0.558240695988	0.576607056549	0.5601739971	0.53697438376	0.654905751571	0.623006283229	0.53020782987	0.558240695988	0.556790720155	0.617206379894	0.565007249879	0.596423392943	0.560657322378	0.574673755437	0.587240212663	0.534074432093	0.551957467376	0.564523924601	0.554857419043	0.600773320445	0.564040599323	0.598356694055	0.559207346544	0.621072982117	0.561140647656
AC5	0.605123247946	0.57177380377	0.975350410826	0.654905751571	0.623972933784	0.478492025133	0.665055582407	0.435959400677	0.444175930401	0.571290478492	0.428709521508	0.551474142098	0.545674238763	0.896085065249	0.631706138231	0.579023682939	0.489125181247	0.46979217013	0.941034316095	0.769937167714	0.626389560174	0.558240695988	0.520541324311	0.501208313195	0.920734654422	0.621556307395	0.482841952634	0.496858385694	0.53697438376	0.598356694055	0.561140647656	0.518124697922	0.47220879652	0.508458192363	0.620106331561	0.581923634606	0.0	0.443692605123	0.46302561624	0.58337361044	0.531657805703	0.715804736588	0.651039149348	0.539874335428	0.497341710971	0.485258579024	0.622522957951	0.587240212663	0.628806186564	0.584823586274	0.572257129048	0.597390043499	0.520057999033	0.504108264862	0.523441275979	0.506041565974	0.565007249879	0.59255679072	0.586756887385	0.575157080715	0.523924601257	0.570323827936
AC6	0.614789753504	0.521507974867	0.954084098598	0.623972933784	0.577573707105	0.505558240696	0.512808119865	0.473175447076	0.520541324311	0.442725954567	0.546157564041	0.522474625423	0.536491058482	0.864668922185	0.540840985984	0.572257129048	0.554857419043	0.55099081682	0.916868052199	0.745770903818	0.645239246013	0.579990333494	0.588690188497	0.576607056549	0.896568390527	0.601739971	0.554857419043	0.55099081682	0.569840502658	0.584823586274	0.644755920735	0.587240212663	0.459159014016	0.49299178347	0.661672305462	0.558240695988	0.443692605123	0.0	0.514258095698	0.519574673755	0.491541807637	0.485741904302	0.43064282262	0.416143064282	0.555340744321	0.532141130981	0.687288545191	0.637989366844	0.661188980184	0.627839536008	0.630739487675	0.651522474625	0.582406959884	0.573223779604	0.578057032383	0.568390526825	0.55099081682	0.649105848236	0.570323827936	0.617689705172	0.543740937651	0.62493958434
AD6	0.58095698405	0.529241179314	0.972450459159	0.623489608507	0.592073465442	0.418559690672	0.625906234896	0.439342677622	0.440309328178	0.538907684872	0.456259062349	0.515708071532	0.513291445143	0.891735137748	0.587240212663	0.53939101015	0.485741904302	0.478975350411	0.946350894152	0.772837119381	0.617689705172	0.550507491542	0.552440792653	0.533107781537	0.916868052199	0.615273078782	0.514741420976	0.52537457709	0.556790720155	0.599323344611	0.606089898502	0.550507491542	0.468825519575	0.472692121798	0.631222812953	0.576607056549	0.46302561624	0.514258095698	0.0	0.545190913485	0.427742870952	0.702271628806	0.655872402127	0.540357660706	0.477525374577	0.461575640406	0.617206379894	0.565973900435	0.600773320445	0.567907201547	0.563557274045	0.583856935718	0.48622522958	0.475592073465	0.478975350411	0.47462542291	0.535041082649	0.575640405993	0.547124214596	0.569840502658	0.456742387627	0.54857419043
AE5	0.626872885452	0.534557757371	0.972933784437	0.629289511841	0.565973900435	0.544707588207	0.589656839053	0.551474142098	0.598840019333	0.529724504592	0.616239729338	0.505558240696	0.572257129048	0.886901884969	0.549540840986	0.557274045433	0.597873368777	0.602706621556	0.928467858869	0.756404059932	0.710488158531	0.64813919768	0.652489125181	0.633639439343	0.882551957467	0.655872402127	0.623489608507	0.615273078782	0.639922667956	0.652972450459	0.673272112131	0.629772837119	0.558240695988	0.588206863219	0.628322861286	0.5601739971	0.58337361044	0.519574673755	0.545190913485	0.0	0.375543740938	0.614789753504	0.584823586274	0.504108264862	0.630256162397	0.618656355727	0.661672305462	0.630256162397	0.636056065732	0.598840019333	0.629772837119	0.643305944901	0.543740937651	0.573223779604	0.600773320445	0.568390526825	0.565007249879	0.629289511841	0.565973900435	0.60657322378	0.575157080715	0.612856452392
AE6	0.593040115998	0.490575157081	0.971967133881	0.621072982117	0.570323827936	0.473175447076	0.572257129048	0.479942000967	0.531657805703	0.509908168197	0.542774287095	0.505074915418	0.521024649589	0.886418559691	0.55775737071	0.535041082649	0.548090865152	0.536491058482	0.930884485259	0.753020782987	0.666022232963	0.597873368777	0.605606573224	0.587240212663	0.901884968584	0.635572740454	0.564040599323	0.565490575157	0.598356694055	0.60657322378	0.643789270179	0.593040115998	0.493475108748	0.505074915418	0.609956500725	0.53697438376	0.531657805703	0.491541807637	0.427742870952	0.375543740938	0.0	0.643305944901	0.597390043499	0.489608506525	0.547607539874	0.532141130981	0.647172547124	0.597390043499	0.612856452392	0.574190430159	0.601256645723	0.621556307395	0.509908168197	0.500241662639	0.516674722088	0.499275012083	0.51377477042	0.603189946834	0.535524407927	0.576607056549	0.503624939584	0.581923634606
AF5	0.720154664089	0.640405993233	0.929917834703	0.662638956017	0.647655872402	0.678588690188	0.547607539874	0.646205896568	0.690671822136	0.569840502658	0.723054615756	0.630739487675	0.673272112131	0.842435959401	0.60657322378	0.677138714355	0.718704688255	0.721604639923	0.87046882552	0.722087965201	0.718704688255	0.684388593523	0.720637989367	0.720637989367	0.875785403577	0.700821652972	0.702271628806	0.681488641856	0.668438859352	0.666505558241	0.764137264379	0.724987916868	0.620106331561	0.662155630739	0.734171097148	0.654905751571	0.715804736588	0.485741904302	0.702271628806	0.614789753504	0.643305944901	0.0	0.276462058966	0.542774287095	0.733204446593	0.710971483809	0.766070565491	0.719188013533	0.742387626873	0.710488158531	0.739487675205	0.742387626873	0.702754954084	0.720154664089	0.731271145481	0.709038182697	0.681005316578	0.727887868536	0.675205413243	0.709521507975	0.710488158531	0.724021266312
AF6	0.677138714355	0.594006766554	0.928951184147	0.655389076849	0.637506041566	0.633639439343	0.510391493475	0.601256645723	0.642822619623	0.525857902368	0.674238762687	0.600773320445	0.636056065732	0.845819236346	0.574673755437	0.629772837119	0.675205413243	0.680038666022	0.866118898018	0.707104881585	0.685355244079	0.641855969067	0.674238762687	0.677622039633	0.872402126631	0.662638956017	0.65732237796	0.636056065732	0.623489608507	0.629289511841	0.725471242146	0.683905268246	0.573707104882	0.618173030449	0.716771387144	0.623006283229	0.651039149348	0.43064282262	0.655872402127	0.584823586274	0.597390043499	0.276462058966	0.0	0.500241662639	0.686321894635	0.665055582407	0.755437409377	0.705654905752	0.73368777187	0.697921701305	0.705654905752	0.734654422426	0.660222329628	0.671822136298	0.683905268246	0.665538907685	0.630739487675	0.718704688255	0.629289511841	0.695505074915	0.670372160464	0.703238279362
