	AA3	AA4	AB3	AB4	AC3	AC4	AD3	AD4	AE3	AE4	AF3	AF4	AG3	AG4	AH3	AH4	AA7	AA8	AB7	AB8	AC7	AC8	AD7	AD8	AE7	AE8	AF7	AF8	AG7	AG8	AH7	AH8	AA5	AA6	AB5	AB6	AC5	AC6	AD6	AE5	AE6	AF5	AF6	AG5	AH5	AH6	AA1	AA2	AB1	AB2	AC1	AC2	AD1	AD2	AE1	AE2	AF1	AF2	AG1	AG2	AH1	AH2
AA3	0.0	0.493475108748	0.940550990817	0.628806186564	0.656839052682	0.577573707105	0.663605606573	0.576607056549	0.574190430159	0.61333977767	0.608989850169	0.611889801837	0.590623489609	0.855969067182	0.64813919768	0.34944417593	0.549540840986	0.562107298212	0.860318994683	0.722571290478	0.614306428226	0.563073948768	0.582406959884	0.584823586274	0.821169647173	0.570323827936	0.559207346544	0.545190913485	0.565007249879	0.566457225713	0.573707104882	0.545674238763	0.586273562107	0.586756887385	0.748670855486	0.681971967134	0.582406959884	0.623972933784	0.597390043499	0.628322861286	0.593040115998	0.709038182697	0.691155147414	0.610923151281	0.610439826003	0.609956500725	0.683905268246	0.637989366844	0.707104881585	0.673755437409	0.649105848236	0.667472208797	0.561140647656	0.555824069599	0.559207346544	0.56259062349	0.580473658772	0.663605606573	0.581923634606	0.652489125181	0.561623972934	0.64813919768
AA4	0.493475108748	0.0	0.951184146931	0.592073465442	0.568873852102	0.510391493475	0.585790236829	0.487191880135	0.497825036249	0.522474625423	0.555824069599	0.515224746254	0.482358627356	0.860802319961	0.376510391493	0.366843885935	0.538424359594	0.539874335428	0.895601739971	0.739487675205	0.660705654906	0.576123731271	0.58337361044	0.600289995167	0.873368777187	0.622522957951	0.548090865152	0.553407443209	0.595940067666	0.618656355727	0.63653939101	0.586756887385	0.517641372644	0.522957950701	0.667955534074	0.586756887385	0.566457225713	0.544224262929	0.53939101015	0.524407926535	0.502658289029	0.641372643789	0.606089898502	0.530691155147	0.582890285162	0.578057032383	0.64813919768	0.578057032383	0.628806186564	0.592073465442	0.607539874335	0.631222812953	0.530691155147	0.523924601257	0.549540840986	0.536491058482	0.504108264862	0.617206379894	0.512324794587	0.574190430159	0.525857902368	0.577573707105
AB3	0.940550990817	0.951184146931	0.0	0.69453842436	0.9212179797	0.953117448043	0.957467375544	0.948767520541	0.925567907202	0.948767520541	0.97680038666	0.934751087482	0.968583856936	0.351377477042	0.96520057999	0.944900918318	0.974867085549	0.972933784437	0.724021266312	0.770420492992	0.892218463026	0.919768003867	0.956984050266	0.954567423876	0.853069115515	0.907684871919	0.946350894152	0.940067665539	0.851619139681	0.834219429676	0.95601739971	0.960850652489	0.958917351377	0.968583856936	0.977283711938	0.971000483325	0.980183663606	0.954084098598	0.977283711938	0.977767037216	0.977283711938	0.932334461092	0.940067665539	0.95360077332	0.97921701305	0.977283711938	0.978733687772	0.976317061382	0.974867085549	0.97680038666	0.974867085549	0.974383760271	0.977283711938	0.977283711938	0.978733687772	0.977283711938	0.97680038666	0.975833736104	0.975833736104	0.97921701305	0.975833736104	0.975833736104
AB4	0.628806186564	0.592073465442	0.69453842436	0.0	0.649105848236	0.617206379894	0.670372160464	0.634122764621	0.614306428226	0.634606089899	0.654905751571	0.611889801837	0.497825036249	0.575640405993	0.624456259062	0.608023199613	0.64813919768	0.652005799903	0.723054615756	0.589656839053	0.663122281295	0.638472692122	0.660705654906	0.671822136298	0.796036732721	0.637022716288	0.662155630739	0.654422426293	0.558724021266	0.579507008217	0.687288545191	0.655389076849	0.653939101015	0.663605606573	0.739971000483	0.682455292412	0.664088931851	0.652005799903	0.642822619623	0.642339294345	0.63653939101	0.670855485742	0.666988883519	0.64813919768	0.695505074915	0.691638472692	0.709521507975	0.667472208797	0.706138231029	0.684388593523	0.684388593523	0.686321894635	0.652972450459	0.657805703238	0.673755437409	0.65055582407	0.657805703238	0.680038666022	0.64813919768	0.670855485742	0.656355727405	0.672305461576
AC3	0.656839052682	0.568873852102	0.9212179797	0.649105848236	0.0	0.486708554857	0.631706138231	0.563073948768	0.558724021266	0.572740454326	0.618173030449	0.331561140648	0.599806669889	0.837602706622	0.609473175447	0.621556307395	0.619623006283	0.60415659739	0.866118898018	0.752054132431	0.736587723538	0.676655389077	0.717254712421	0.722087965201	0.829869502175	0.699371677139	0.661672305462	0.677622039633	0.673755437409	0.687771870469	0.709038182697	0.661672305462	0.621072982117	0.621072982117	0.618173030449	0.568873852102	0.625422909618	0.567423876269	0.588206863219	0.54857419043	0.551474142098	0.660222329628	0.639439342678	0.567423876269	0.632672788787	0.633156114065	0.593523441276	0.586756887385	0.581923634606	0.563557274045	0.593040115998	0.590140164331	0.536007733204	0.567907201547	0.576607056549	0.567907201547	0.619623006283	0.575640405993	0.622522957951	0.56935717738	0.606089898502	0.591590140164
AC4	0.577573707105	0.510391493475	0.953117448043	0.617206379894	0.486708554857	0.0	0.61333977767	0.424842919285	0.402126631223	0.515224746254	0.336877718705	0.393910101498	0.515224746254	0.864185596907	0.587240212663	0.541324311261	0.478492025133	0.464475592073	0.917351377477	0.757854035766	0.588206863219	0.531174480425	0.51619139681	0.521991300145	0.88883518608	0.58337361044	0.499758337361	0.51377477042	0.536007733204	0.559207346544	0.576607056549	0.529241179314	0.471242145964	0.479458675689	0.634606089899	0.556307394877	0.462542290962	0.529241179314	0.408893185114	0.553407443209	0.479942000967	0.694055099082	0.657805703238	0.524407926535	0.504108264862	0.47462542291	0.625422909618	0.552924117931	0.595456742388	0.569840502658	0.578540357661	0.594490091832	0.485258579024	0.486708554857	0.499275012083	0.496375060416	0.553890768487	0.578540357661	0.539874335428	0.555824069599	0.475108748188	0.553407443209
AD3	0.663605606573	0.585790236829	0.957467375544	0.670372160464	0.631706138231	0.61333977767	0.0	0.539874335428	0.623489608507	0.344610923151	0.667472208797	0.589173513775	0.634122764621	0.869018849686	0.555824069599	0.628806186564	0.6805219913	0.676655389077	0.940067665539	0.778637022716	0.724021266312	0.687288545191	0.680038666022	0.68293861769	0.915418076365	0.682455292412	0.684871918801	0.681488641856	0.677138714355	0.670372160464	0.710971483809	0.680038666022	0.62493958434	0.641855969067	0.729821169647	0.656839052682	0.669888835186	0.523441275979	0.629772837119	0.5601739971	0.568390526825	0.557274045433	0.534074432093	0.546640889319	0.686321894635	0.679555340744	0.759787336878	0.677622039633	0.722087965201	0.70130497825	0.708554857419	0.724021266312	0.643789270179	0.656355727405	0.666505558241	0.650072498792	0.616239729338	0.713388110198	0.627839536008	0.68970517158	0.686805219913	0.690671822136
AD4	0.576607056549	0.487191880135	0.948767520541	0.634122764621	0.563073948768	0.424842919285	0.539874335428	0.0	0.309328177864	0.421459642339	0.431609473175	0.496375060416	0.511841469309	0.863702271629	0.544224262929	0.533107781537	0.460125664572	0.44224262929	0.942484291928	0.777187046883	0.575157080715	0.491541807637	0.500724987917	0.493475108748	0.911068148864	0.599806669889	0.455292411793	0.459159014016	0.501208313195	0.56935717738	0.552924117931	0.496375060416	0.403093281779	0.437892701788	0.657805703238	0.575640405993	0.442725954567	0.490091831803	0.420492991783	0.546640889319	0.456259062349	0.664088931851	0.617689705172	0.489608506525	0.508458192363	0.481875302078	0.663605606573	0.59255679072	0.63653939101	0.616239729338	0.623006283229	0.639439342678	0.514258095698	0.503141614306	0.529724504592	0.52779120348	0.535041082649	0.62493958434	0.539874335428	0.60657322378	0.498308361527	0.600773320445
AE3	0.574190430159	0.497825036249	0.925567907202	0.614306428226	0.558724021266	0.402126631223	0.623489608507	0.309328177864	0.0	0.498308361527	0.409376510391	0.499758337361	0.501691638473	0.846785886902	0.557274045433	0.531657805703	0.444175930401	0.422909618173	0.913968100532	0.753020782987	0.537457709038	0.463992266796	0.480908651522	0.472692121798	0.877718704688	0.58337361044	0.451909134848	0.459159014016	0.47462542291	0.541324311261	0.544707588207	0.488641855969	0.402609956501	0.441759304012	0.675205413243	0.601739971	0.449975833736	0.521507974867	0.420009666506	0.589656839053	0.506524891252	0.688738521025	0.646689221846	0.511358144031	0.510874818753	0.487191880135	0.666022232963	0.597873368777	0.645239246013	0.621072982117	0.623972933784	0.642339294345	0.514741420976	0.515708071532	0.540840985984	0.534074432093	0.549540840986	0.631222812953	0.546640889319	0.606089898502	0.487191880135	0.599806669889
AE4	0.61333977767	0.522474625423	0.948767520541	0.634606089899	0.572740454326	0.515224746254	0.344610923151	0.421459642339	0.498308361527	0.0	0.564040599323	0.523441275979	0.574673755437	0.861768970517	0.528274528758	0.571290478492	0.580473658772	0.583856935718	0.934267762204	0.774287095215	0.661188980184	0.593040115998	0.600289995167	0.605123247946	0.905751570807	0.61575640406	0.593040115998	0.587723537941	0.586273562107	0.603673272112	0.643789270179	0.594490091832	0.533107781537	0.542774287095	0.686321894635	0.609956500725	0.573707104882	0.475592073465	0.533107781537	0.518124697922	0.490091831803	0.595940067666	0.554857419043	0.496858385694	0.596906718221	0.596423392943	0.711454809087	0.633639439343	0.679555340744	0.654905751571	0.670855485742	0.681488641856	0.594490091832	0.581923634606	0.582406959884	0.595456742388	0.566457225713	0.671822136298	0.577090381827	0.650072498792	0.585790236829	0.642339294345
AF3	0.608989850169	0.555824069599	0.97680038666	0.654905751571	0.618173030449	0.336877718705	0.667472208797	0.431609473175	0.409376510391	0.564040599323	0.0	0.521991300145	0.534074432093	0.889801836636	0.608989850169	0.584823586274	0.447075882069	0.439342677622	0.956984050266	0.795553407443	0.591106814886	0.53020782987	0.4398260029	0.4398260029	0.918318028033	0.612856452392	0.455292411793	0.503624939584	0.523924601257	0.588206863219	0.527307878202	0.50459159014	0.447075882069	0.491541807637	0.679555340744	0.617689705172	0.407926534558	0.558724021266	0.434509424843	0.603189946834	0.522957950701	0.727404543258	0.688738521025	0.547124214596	0.515224746254	0.492508458192	0.671822136298	0.599806669889	0.655389076849	0.616723054616	0.621072982117	0.642822619623	0.534557757371	0.516674722088	0.533107781537	0.531174480425	0.588206863219	0.630739487675	0.571290478492	0.594490091832	0.486708554857	0.591590140164
AF4	0.611889801837	0.515224746254	0.934751087482	0.611889801837	0.331561140648	0.393910101498	0.589173513775	0.496375060416	0.499758337361	0.523441275979	0.521991300145	0.0	0.547124214596	0.845819236346	0.566457225713	0.5601739971	0.576123731271	0.55099081682	0.889318511358	0.733204446593	0.693088448526	0.620106331561	0.647172547124	0.650072498792	0.851135814403	0.637022716288	0.595940067666	0.615273078782	0.614306428226	0.635089415176	0.661188980184	0.614306428226	0.552924117931	0.55775737071	0.599323344611	0.508941517641	0.565490575157	0.535524407927	0.524891251812	0.500241662639	0.494925084582	0.634122764621	0.61575640406	0.526341227646	0.549057515708	0.548090865152	0.587723537941	0.521024649589	0.55775737071	0.524891251812	0.541324311261	0.554374093765	0.47462542291	0.499758337361	0.51619139681	0.523441275979	0.564040599323	0.541324311261	0.561623972934	0.50700821653	0.540840985984	0.519574673755
AG3	0.590623489609	0.482358627356	0.968583856936	0.497825036249	0.599806669889	0.515224746254	0.634122764621	0.511841469309	0.501691638473	0.574673755437	0.534074432093	0.547124214596	0.0	0.848719188014	0.521024649589	0.532141130981	0.513291445143	0.49540840986	0.929434509425	0.769453842436	0.674238762687	0.598356694055	0.598356694055	0.617689705172	0.885451909135	0.639439342678	0.55775737071	0.578540357661	0.608506524891	0.634606089899	0.637022716288	0.570323827936	0.540840985984	0.523441275979	0.656355727405	0.606089898502	0.532141130981	0.550024166264	0.517158047366	0.572740454326	0.520057999033	0.681971967134	0.645239246013	0.56259062349	0.578540357661	0.559690671822	0.609473175447	0.556307394877	0.608506524891	0.590140164331	0.582406959884	0.584340260996	0.520541324311	0.519091348478	0.539874335428	0.521024649589	0.543740937651	0.592073465442	0.546157564041	0.569840502658	0.509908168197	0.560657322378
AG4	0.855969067182	0.860802319961	0.351377477042	0.575640405993	0.837602706622	0.864185596907	0.869018849686	0.863702271629	0.846785886902	0.861768970517	0.889801836636	0.845819236346	0.848719188014	0.0	0.873852102465	0.854035766071	0.896085065249	0.893185113581	0.694055099082	0.689221846303	0.817786370227	0.842435959401	0.876268728855	0.876268728855	0.826969550507	0.831802803287	0.867085548574	0.860318994683	0.76848719188	0.752537457709	0.881101981634	0.878685355244	0.876752054132	0.882551957467	0.904301594973	0.886901884969	0.894635089415	0.864185596907	0.893668438859	0.889801836636	0.890285161914	0.845335911068	0.850652489125	0.869018849686	0.898501691638	0.897535041083	0.893185113581	0.893185113581	0.893185113581	0.889801836636	0.895601739971	0.889318511358	0.896568390527	0.892218463026	0.90043499275	0.898501691638	0.895118414693	0.89125181247	0.892218463026	0.891735137748	0.897051715805	0.895601739971
AH3	0.64813919768	0.376510391493	0.96520057999	0.624456259062	0.609473175447	0.587240212663	0.555824069599	0.544224262929	0.557274045433	0.528274528758	0.608989850169	0.566457225713	0.521024649589	0.873852102465	0.0	0.516674722088	0.594490091832	0.596906718221	0.93281778637	0.77767037216	0.694055099082	0.634122764621	0.633156114065	0.643789270179	0.908168197197	0.678588690188	0.634122764621	0.632189463509	0.651522474625	0.665055582407	0.68293861769	0.636056065732	0.554374093765	0.573707104882	0.718704688255	0.646689221846	0.62735621073	0.55099081682	0.598840019333	0.554857419043	0.550507491542	0.605123247946	0.565973900435	0.559690671822	0.646689221846	0.633639439343	0.71290478492	0.625906234896	0.666988883519	0.657805703238	0.664088931851	0.679072015466	0.605606573224	0.600289995167	0.611889801837	0.612373127115	0.567907201547	0.67133881102	0.577090381827	0.63653939101	0.594006766554	0.625422909618
AH4	0.34944417593	0.366843885935	0.944900918318	0.608023199613	0.621556307395	0.541324311261	0.628806186564	0.533107781537	0.531657805703	0.571290478492	0.584823586274	0.5601739971	0.532141130981	0.854035766071	0.516674722088	0.0	0.548090865152	0.546157564041	0.87723537941	0.735621072982	0.633156114065	0.559207346544	0.573707104882	0.585790236829	0.855002416626	0.60415659739	0.551957467376	0.547124214596	0.581923634606	0.601739971	0.607056549058	0.563557274045	0.551957467376	0.545674238763	0.704204929918	0.63653939101	0.58095698405	0.596906718221	0.560657322378	0.579507008217	0.548090865152	0.684871918801	0.652005799903	0.582406959884	0.594490091832	0.589173513775	0.665538907685	0.600289995167	0.669888835186	0.625906234896	0.620106331561	0.639439342678	0.542774287095	0.52779120348	0.552924117931	0.542290961817	0.511841469309	0.622522957951	0.521024649589	0.609956500725	0.545190913485	0.604639922668
AA7	0.549540840986	0.538424359594	0.974867085549	0.64813919768	0.619623006283	0.478492025133	0.6805219913	0.460125664572	0.444175930401	0.580473658772	0.447075882069	0.576123731271	0.513291445143	0.896085065249	0.594490091832	0.548090865152	0.0	0.285161913968	0.921701304978	0.781536974384	0.583856935718	0.49299178347	0.4813919768	0.493958434026	0.87046882552	0.593040115998	0.443692605123	0.46302561624	0.511841469309	0.581440309328	0.5186080232	0.405993233446	0.44224262929	0.477042049299	0.710488158531	0.64813919768	0.463992266796	0.585306911551	0.465442242629	0.601256645723	0.545190913485	0.725471242146	0.690671822136	0.575157080715	0.545190913485	0.511358144031	0.65732237796	0.592073465442	0.663605606573	0.640405993233	0.598356694055	0.621556307395	0.510874818753	0.505074915418	0.532141130981	0.523441275979	0.543740937651	0.618656355727	0.543257612373	0.615273078782	0.495891735138	0.602223296278
AA8	0.562107298212	0.539874335428	0.972933784437	0.652005799903	0.60415659739	0.464475592073	0.676655389077	0.44224262929	0.422909618173	0.583856935718	0.439342677622	0.55099081682	0.49540840986	0.893185113581	0.596906718221	0.546157564041	0.285161913968	0.0	0.922184630256	0.776220396327	0.577090381827	0.484775253746	0.483325277912	0.493475108748	0.867085548574	0.585790236829	0.446592556791	0.461092315128	0.505558240696	0.578540357661	0.490575157081	0.376993716771	0.435959400677	0.465925567907	0.693571773804	0.633156114065	0.449975833736	0.565007249879	0.452875785404	0.601256645723	0.534557757371	0.727887868536	0.688738521025	0.563073948768	0.531657805703	0.496858385694	0.647655872402	0.578057032383	0.652005799903	0.62493958434	0.59497341711	0.608989850169	0.502174963751	0.493958434026	0.521024649589	0.511358144031	0.542774287095	0.608506524891	0.542774287095	0.599806669889	0.482358627356	0.590140164331
AB7	0.860318994683	0.895601739971	0.724021266312	0.723054615756	0.866118898018	0.917351377477	0.940067665539	0.942484291928	0.913968100532	0.934267762204	0.956984050266	0.889318511358	0.929434509425	0.694055099082	0.93281778637	0.87723537941	0.921701304978	0.922184630256	0.0	0.408409859836	0.814403093282	0.852585790237	0.926051232479	0.925567907202	0.731271145481	0.823586273562	0.89125181247	0.87046882552	0.753020782987	0.695988400193	0.881585306912	0.899951667472	0.927017883035	0.941034316095	0.939584340261	0.932334461092	0.941517641373	0.9212179797	0.952150797487	0.928467858869	0.945867568874	0.867085548574	0.879168680522	0.91445142581	0.956984050266	0.951667472209	0.922667955534	0.927984533591	0.935717738038	0.930401159981	0.927501208313	0.918801353311	0.917351377477	0.91445142581	0.914934751087	0.917834702755	0.915901401643	0.915901401643	0.9212179797	0.917351377477	0.945384243596	0.930401159981
AB8	0.722571290478	0.739487675205	0.770420492992	0.589656839053	0.752054132431	0.757854035766	0.778637022716	0.777187046883	0.753020782987	0.774287095215	0.795553407443	0.733204446593	0.769453842436	0.689221846303	0.77767037216	0.735621072982	0.781536974384	0.776220396327	0.408409859836	0.0	0.660705654906	0.686321894635	0.760753987434	0.754470758821	0.742870952151	0.674238762687	0.724021266312	0.703238279362	0.566457225713	0.540357660706	0.749637506042	0.755437409377	0.771387143548	0.780570323828	0.817786370227	0.77767037216	0.780570323828	0.758820686322	0.78250362494	0.770420492992	0.779603673272	0.73368777187	0.722571290478	0.752537457709	0.798453359111	0.791203479942	0.822136297728	0.781053649106	0.811019816336	0.774287095215	0.784920251329	0.79168680522	0.772353794103	0.774770420493	0.772837119381	0.776703721605	0.769453842436	0.783953600773	0.77090381827	0.761237312711	0.786370227163	0.779120347994
AC7	0.614306428226	0.660705654906	0.892218463026	0.663122281295	0.736587723538	0.588206863219	0.724021266312	0.575157080715	0.537457709038	0.661188980184	0.591106814886	0.693088448526	0.674238762687	0.817786370227	0.694055099082	0.633156114065	0.583856935718	0.577090381827	0.814403093282	0.660705654906	0.0	0.369743837603	0.553407443209	0.5601739971	0.821169647173	0.591590140164	0.547124214596	0.505558240696	0.478008699855	0.496375060416	0.570323827936	0.555824069599	0.554374093765	0.594490091832	0.814403093282	0.750604156597	0.617689705172	0.660705654906	0.597390043499	0.719671338811	0.66892218463	0.721121314645	0.695021749638	0.64813919768	0.646205896568	0.610923151281	0.822136297728	0.752537457709	0.805219913001	0.784920251329	0.764137264379	0.788786853552	0.683905268246	0.666022232963	0.683905268246	0.683905268246	0.682455292412	0.785886901885	0.674722087965	0.762203963267	0.626872885452	0.750120831319
AC8	0.563073948768	0.576123731271	0.919768003867	0.638472692122	0.676655389077	0.531174480425	0.687288545191	0.491541807637	0.463992266796	0.593040115998	0.53020782987	0.620106331561	0.598356694055	0.842435959401	0.634122764621	0.559207346544	0.49299178347	0.484775253746	0.852585790237	0.686321894635	0.369743837603	0.0	0.476075398743	0.487675205413	0.841952634123	0.547124214596	0.394876752054	0.356694055099	0.420976317061	0.480908651522	0.517158047366	0.46979217013	0.47220879652	0.517641372644	0.739487675205	0.66892218463	0.52537457709	0.586756887385	0.516674722088	0.640405993233	0.585790236829	0.688255195747	0.6389560174	0.578057032383	0.57177380377	0.541324311261	0.735137747704	0.666022232963	0.723054615756	0.705171580474	0.681005316578	0.700821652972	0.599323344611	0.583856935718	0.60415659739	0.601739971	0.591590140164	0.695988400193	0.589173513775	0.688255195747	0.544224262929	0.658772353794
AD7	0.582406959884	0.58337361044	0.956984050266	0.660705654906	0.717254712421	0.51619139681	0.680038666022	0.500724987917	0.480908651522	0.600289995167	0.4398260029	0.647172547124	0.598356694055	0.876268728855	0.633156114065	0.573707104882	0.4813919768	0.483325277912	0.926051232479	0.760753987434	0.553407443209	0.476075398743	0.0	0.280811986467	0.884968583857	0.505074915418	0.423392943451	0.446109231513	0.479458675689	0.552440792653	0.494925084582	0.460125664572	0.478975350411	0.540840985984	0.742870952151	0.677138714355	0.481875302078	0.608023199613	0.519574673755	0.646689221846	0.594490091832	0.725471242146	0.685838569357	0.60415659739	0.568873852102	0.543740937651	0.739487675205	0.655872402127	0.731271145481	0.710004833253	0.679072015466	0.70130497825	0.602223296278	0.583856935718	0.597390043499	0.606089898502	0.592073465442	0.699371677139	0.583856935718	0.687288545191	0.553407443209	0.657805703238
AD8	0.584823586274	0.600289995167	0.954567423876	0.671822136298	0.722087965201	0.521991300145	0.68293861769	0.493475108748	0.472692121798	0.605123247946	0.4398260029	0.650072498792	0.617689705172	0.876268728855	0.643789270179	0.585790236829	0.493958434026	0.493475108748	0.925567907202	0.754470758821	0.5601739971	0.487675205413	0.280811986467	0.0	0.86805219913	0.489125181247	0.43740937651	0.459642339294	0.477042049299	0.549540840986	0.501208313195	0.478492025133	0.483325277912	0.544707588207	0.754954084099	0.683905268246	0.494925084582	0.610439826003	0.525857902368	0.656839052682	0.600773320445	0.726437892702	0.690671822136	0.605606573224	0.576123731271	0.552924117931	0.757370710488	0.673755437409	0.744320927985	0.719671338811	0.691155147414	0.716771387144	0.611406476559	0.599323344611	0.611406476559	0.619139681005	0.611406476559	0.71290478492	0.607056549058	0.698405026583	0.565973900435	0.676172063799
AE7	0.821169647173	0.873368777187	0.853069115515	0.796036732721	0.829869502175	0.88883518608	0.915418076365	0.911068148864	0.877718704688	0.905751570807	0.918318028033	0.851135814403	0.885451909135	0.826969550507	0.908168197197	0.855002416626	0.87046882552	0.867085548574	0.731271145481	0.742870952151	0.821169647173	0.841952634123	0.884968583857	0.86805219913	0.0	0.555824069599	0.869985500242	0.852102464959	0.765587240213	0.753987433543	0.839536007733	0.841952634123	0.901401643306	0.913484775254	0.931851135814	0.919284678589	0.913001449976	0.899951667472	0.91445142581	0.884968583857	0.907684871919	0.867085548574	0.883035282745	0.885451909135	0.932334461092	0.922184630256	0.891735137748	0.898985016916	0.913968100532	0.895118414693	0.899951667472	0.895118414693	0.890285161914	0.894151764137	0.899951667472	0.89125181247	0.90285161914	0.889318511358	0.901401643306	0.899468342194	0.912518124698	0.90961817303
AE8	0.570323827936	0.622522957951	0.907684871919	0.637022716288	0.699371677139	0.58337361044	0.682455292412	0.599806669889	0.58337361044	0.61575640406	0.612856452392	0.637022716288	0.639439342678	0.831802803287	0.678588690188	0.60415659739	0.593040115998	0.585790236829	0.823586273562	0.674238762687	0.591590140164	0.547124214596	0.505074915418	0.489125181247	0.555824069599	0.0	0.556790720155	0.540357660706	0.509424842919	0.509424842919	0.575157080715	0.56259062349	0.599323344611	0.610439826003	0.763170613823	0.700821652972	0.610923151281	0.610439826003	0.611889801837	0.653939101015	0.630739487675	0.679555340744	0.670855485742	0.601256645723	0.620589656839	0.622522957951	0.755437409377	0.682455292412	0.756404059932	0.710488158531	0.702754954084	0.725471242146	0.647172547124	0.632672788787	0.637022716288	0.650072498792	0.646689221846	0.719671338811	0.645239246013	0.68970517158	0.610923151281	0.684388593523
AF7	0.559207346544	0.548090865152	0.946350894152	0.662155630739	0.661672305462	0.499758337361	0.684871918801	0.455292411793	0.451909134848	0.593040115998	0.455292411793	0.595940067666	0.55775737071	0.867085548574	0.634122764621	0.551957467376	0.443692605123	0.446592556791	0.89125181247	0.724021266312	0.547124214596	0.394876752054	0.423392943451	0.43740937651	0.869985500242	0.556790720155	0.0	0.324311261479	0.459642339294	0.534557757371	0.48380860319	0.477525374577	0.444659255679	0.491058482359	0.700821652972	0.634606089899	0.443692605123	0.564523924601	0.484775253746	0.61333977767	0.544707588207	0.706621556307	0.666505558241	0.56259062349	0.540357660706	0.50459159014	0.675205413243	0.614306428226	0.684871918801	0.661188980184	0.630739487675	0.646689221846	0.556307394877	0.534074432093	0.55099081682	0.566457225713	0.556790720155	0.634606089899	0.56259062349	0.643305944901	0.502174963751	0.612856452392
AF8	0.545190913485	0.553407443209	0.940067665539	0.654422426293	0.677622039633	0.51377477042	0.681488641856	0.459159014016	0.459159014016	0.587723537941	0.503624939584	0.615273078782	0.578540357661	0.860318994683	0.632189463509	0.547124214596	0.46302561624	0.461092315128	0.87046882552	0.703238279362	0.505558240696	0.356694055099	0.446109231513	0.459642339294	0.852102464959	0.540357660706	0.324311261479	0.0	0.434992750121	0.505558240696	0.511841469309	0.456742387627	0.439342677622	0.506524891252	0.718221362977	0.652489125181	0.486708554857	0.56935717738	0.495891735138	0.612856452392	0.562107298212	0.681488641856	0.641372643789	0.566940550991	0.556790720155	0.525857902368	0.69212179797	0.626872885452	0.696955050749	0.671822136298	0.65055582407	0.660705654906	0.561623972934	0.545674238763	0.568390526825	0.567423876269	0.554857419043	0.656839052682	0.555340744321	0.652972450459	0.502174963751	0.626389560174
AG7	0.565007249879	0.595940067666	0.851619139681	0.558724021266	0.673755437409	0.536007733204	0.677138714355	0.501208313195	0.47462542291	0.586273562107	0.523924601257	0.614306428226	0.608506524891	0.76848719188	0.651522474625	0.581923634606	0.511841469309	0.505558240696	0.753020782987	0.566457225713	0.478008699855	0.420976317061	0.479458675689	0.477042049299	0.765587240213	0.509424842919	0.459642339294	0.434992750121	0.0	0.325761237313	0.52537457709	0.491058482359	0.499275012083	0.550024166264	0.748187530208	0.678588690188	0.514741420976	0.589173513775	0.531174480425	0.632189463509	0.58095698405	0.676172063799	0.629772837119	0.570323827936	0.584340260996	0.568390526825	0.739004349928	0.657805703238	0.724021266312	0.700821652972	0.675688738521	0.700338327695	0.60415659739	0.596423392943	0.597873368777	0.609473175447	0.61333977767	0.697438376027	0.610439826003	0.677622039633	0.579990333494	0.65732237796
AG8	0.566457225713	0.618656355727	0.834219429676	0.579507008217	0.687771870469	0.559207346544	0.670372160464	0.56935717738	0.541324311261	0.603673272112	0.588206863219	0.635089415176	0.634606089899	0.752537457709	0.665055582407	0.601739971	0.581440309328	0.578540357661	0.695988400193	0.540357660706	0.496375060416	0.480908651522	0.552440792653	0.549540840986	0.753987433543	0.509424842919	0.534557757371	0.505558240696	0.325761237313	0.0	0.572740454326	0.55775737071	0.572257129048	0.588206863219	0.763653939101	0.693571773804	0.576607056549	0.602706621556	0.584823586274	0.644755920735	0.600289995167	0.666988883519	0.643305944901	0.600773320445	0.617689705172	0.603673272112	0.75688738521	0.673755437409	0.741904301595	0.714354760754	0.699371677139	0.719671338811	0.635572740454	0.630256162397	0.626389560174	0.644755920735	0.643305944901	0.71532141131	0.646205896568	0.691155147414	0.610923151281	0.673272112131
AH7	0.573707104882	0.63653939101	0.95601739971	0.687288545191	0.709038182697	0.576607056549	0.710971483809	0.552924117931	0.544707588207	0.643789270179	0.527307878202	0.661188980184	0.637022716288	0.881101981634	0.68293861769	0.607056549058	0.5186080232	0.490575157081	0.881585306912	0.749637506042	0.570323827936	0.517158047366	0.494925084582	0.501208313195	0.839536007733	0.575157080715	0.48380860319	0.511841469309	0.52537457709	0.572740454326	0.0	0.336394393427	0.565973900435	0.610923151281	0.785886901885	0.725471242146	0.532624456259	0.669405509908	0.584340260996	0.675688738521	0.645239246013	0.765103914935	0.744804253262	0.655872402127	0.6389560174	0.611889801837	0.760753987434	0.706138231029	0.766553890768	0.734171097148	0.717254712421	0.734654422426	0.634122764621	0.613823102948	0.623489608507	0.640889318511	0.633156114065	0.724021266312	0.628322861286	0.708071532141	0.607056549058	0.710004833253
AH8	0.545674238763	0.586756887385	0.960850652489	0.655389076849	0.661672305462	0.529241179314	0.680038666022	0.496375060416	0.488641855969	0.594490091832	0.50459159014	0.614306428226	0.570323827936	0.878685355244	0.636056065732	0.563557274045	0.405993233446	0.376993716771	0.899951667472	0.755437409377	0.555824069599	0.46979217013	0.460125664572	0.478492025133	0.841952634123	0.56259062349	0.477525374577	0.456742387627	0.491058482359	0.55775737071	0.336394393427	0.0	0.498308361527	0.541324311261	0.745770903818	0.679555340744	0.505558240696	0.60415659739	0.520057999033	0.619623006283	0.587240212663	0.723054615756	0.685355244079	0.599806669889	0.58095698405	0.549057515708	0.705654905752	0.640889318511	0.713388110198	0.681971967134	0.656355727405	0.670372160464	0.569840502658	0.555340744321	0.574190430159	0.574190430159	0.568873852102	0.667955534074	0.572740454326	0.653939101015	0.541324311261	0.650072498792
AA5	0.586273562107	0.517641372644	0.958917351377	0.653939101015	0.621072982117	0.471242145964	0.62493958434	0.403093281779	0.402609956501	0.533107781537	0.447075882069	0.552924117931	0.540840985984	0.876752054132	0.554374093765	0.551957467376	0.44224262929	0.435959400677	0.927017883035	0.771387143548	0.554374093765	0.47220879652	0.478975350411	0.483325277912	0.901401643306	0.599323344611	0.444659255679	0.439342677622	0.499275012083	0.572257129048	0.565973900435	0.498308361527	0.0	0.358144030933	0.683905268246	0.59255679072	0.463992266796	0.475592073465	0.458192363461	0.547607539874	0.478492025133	0.63653939101	0.594490091832	0.473175447076	0.534074432093	0.486708554857	0.704688255196	0.630256162397	0.676172063799	0.656355727405	0.661188980184	0.683905268246	0.540840985984	0.549540840986	0.575157080715	0.556307394877	0.542774287095	0.664088931851	0.558724021266	0.636056065732	0.510874818753	0.626872885452
AA6	0.586756887385	0.522957950701	0.968583856936	0.663605606573	0.621072982117	0.479458675689	0.641855969067	0.437892701788	0.441759304012	0.542774287095	0.491541807637	0.55775737071	0.523441275979	0.882551957467	0.573707104882	0.545674238763	0.477042049299	0.465925567907	0.941034316095	0.780570323828	0.594490091832	0.517641372644	0.540840985984	0.544707588207	0.913484775254	0.610439826003	0.491058482359	0.506524891252	0.550024166264	0.588206863219	0.610923151281	0.541324311261	0.358144030933	0.0	0.667472208797	0.576607056549	0.50459159014	0.501691638473	0.470758820686	0.572740454326	0.485741904302	0.677138714355	0.627839536008	0.502658289029	0.456259062349	0.421459642339	0.683421942968	0.609473175447	0.652489125181	0.641372643789	0.635572740454	0.652489125181	0.526341227646	0.52779120348	0.55099081682	0.546157564041	0.542774287095	0.642339294345	0.55099081682	0.618656355727	0.500241662639	0.607056549058
AB5	0.748670855486	0.667955534074	0.977283711938	0.739971000483	0.618173030449	0.634606089899	0.729821169647	0.657805703238	0.675205413243	0.686321894635	0.679555340744	0.599323344611	0.656355727405	0.904301594973	0.718704688255	0.704204929918	0.710488158531	0.693571773804	0.939584340261	0.817786370227	0.814403093282	0.739487675205	0.742870952151	0.754954084099	0.931851135814	0.763170613823	0.700821652972	0.718221362977	0.748187530208	0.763653939101	0.785886901885	0.745770903818	0.683905268246	0.667472208797	0.0	0.301594973417	0.634122764621	0.654422426293	0.629289511841	0.623972933784	0.604639922668	0.741420976317	0.727404543258	0.649589173514	0.628806186564	0.619139681005	0.613823102948	0.622039632673	0.632189463509	0.601256645723	0.621072982117	0.614789753504	0.595456742388	0.590623489609	0.616723054616	0.624456259062	0.664572257129	0.59497341711	0.664088931851	0.596906718221	0.662638956017	0.608989850169
AB6	0.681971967134	0.586756887385	0.971000483325	0.682455292412	0.568873852102	0.556307394877	0.656839052682	0.575640405993	0.601739971	0.609956500725	0.617689705172	0.508941517641	0.606089898502	0.886901884969	0.646689221846	0.63653939101	0.64813919768	0.633156114065	0.932334461092	0.77767037216	0.750604156597	0.66892218463	0.677138714355	0.683905268246	0.919284678589	0.700821652972	0.634606089899	0.652489125181	0.678588690188	0.693571773804	0.725471242146	0.679555340744	0.59255679072	0.576607056549	0.301594973417	0.0	0.58337361044	0.567907201547	0.568390526825	0.552924117931	0.528757854036	0.670855485742	0.648622522958	0.545674238763	0.564523924601	0.55099081682	0.602706621556	0.559690671822	0.590623489609	0.560657322378	0.565490575157	0.584823586274	0.533591106815	0.545190913485	0.562107298212	0.574190430159	0.594006766554	0.565973900435	0.597390043499	0.544707588207	0.609956500725	0.546157564041
AC5	0.582406959884	0.566457225713	0.980183663606	0.664088931851	0.625422909618	0.462542290962	0.669888835186	0.442725954567	0.449975833736	0.573707104882	0.407926534558	0.565490575157	0.532141130981	0.894635089415	0.62735621073	0.58095698405	0.463992266796	0.449975833736	0.941517641373	0.780570323828	0.617689705172	0.52537457709	0.481875302078	0.494925084582	0.913001449976	0.610923151281	0.443692605123	0.486708554857	0.514741420976	0.576607056549	0.532624456259	0.505558240696	0.463992266796	0.50459159014	0.634122764621	0.58337361044	0.0	0.458192363461	0.42822619623	0.572740454326	0.50700821653	0.71532141131	0.664572257129	0.536007733204	0.494441759304	0.475108748188	0.619623006283	0.57177380377	0.633639439343	0.587240212663	0.587723537941	0.602706621556	0.511841469309	0.49299178347	0.506524891252	0.496375060416	0.570323827936	0.596423392943	0.56259062349	0.572740454326	0.498791686805	0.562107298212
AC6	0.623972933784	0.544224262929	0.954084098598	0.652005799903	0.567423876269	0.529241179314	0.523441275979	0.490091831803	0.521507974867	0.475592073465	0.558724021266	0.535524407927	0.550024166264	0.864185596907	0.55099081682	0.596906718221	0.585306911551	0.565007249879	0.9212179797	0.758820686322	0.660705654906	0.586756887385	0.608023199613	0.610439826003	0.899951667472	0.610439826003	0.564523924601	0.56935717738	0.589173513775	0.602706621556	0.669405509908	0.60415659739	0.475592073465	0.501691638473	0.654422426293	0.567907201547	0.458192363461	0.0	0.526341227646	0.522474625423	0.488158530691	0.483325277912	0.427259545674	0.404059932334	0.551474142098	0.552440792653	0.676655389077	0.617689705172	0.65732237796	0.618656355727	0.635572740454	0.65732237796	0.571290478492	0.567423876269	0.572257129048	0.575157080715	0.572740454326	0.649105848236	0.580473658772	0.602223296278	0.555824069599	0.611406476559
AD6	0.597390043499	0.53939101015	0.977283711938	0.642822619623	0.588206863219	0.408893185114	0.629772837119	0.420492991783	0.420009666506	0.533107781537	0.434509424843	0.524891251812	0.517158047366	0.893668438859	0.598840019333	0.560657322378	0.465442242629	0.452875785404	0.952150797487	0.78250362494	0.597390043499	0.516674722088	0.519574673755	0.525857902368	0.91445142581	0.611889801837	0.484775253746	0.495891735138	0.531174480425	0.584823586274	0.584340260996	0.520057999033	0.458192363461	0.470758820686	0.629289511841	0.568390526825	0.42822619623	0.526341227646	0.0	0.543257612373	0.402126631223	0.703238279362	0.662638956017	0.532624456259	0.480908651522	0.456742387627	0.613823102948	0.545674238763	0.600773320445	0.56935717738	0.573223779604	0.587723537941	0.4813919768	0.46302561624	0.487191880135	0.474142097632	0.552440792653	0.574673755437	0.537941034316	0.563073948768	0.459642339294	0.547124214596
AE5	0.628322861286	0.524407926535	0.977767037216	0.642339294345	0.54857419043	0.553407443209	0.5601739971	0.546640889319	0.589656839053	0.518124697922	0.603189946834	0.500241662639	0.572740454326	0.889801836636	0.554857419043	0.579507008217	0.601256645723	0.601256645723	0.928467858869	0.770420492992	0.719671338811	0.640405993233	0.646689221846	0.656839052682	0.884968583857	0.653939101015	0.61333977767	0.612856452392	0.632189463509	0.644755920735	0.675688738521	0.619623006283	0.547607539874	0.572740454326	0.623972933784	0.552924117931	0.572740454326	0.522474625423	0.543257612373	0.0	0.356694055099	0.612856452392	0.576123731271	0.508941517641	0.611406476559	0.617689705172	0.653939101015	0.594490091832	0.623972933784	0.59255679072	0.622039632673	0.639439342678	0.542774287095	0.563073948768	0.585790236829	0.561140647656	0.55099081682	0.628322861286	0.557274045433	0.581440309328	0.571290478492	0.598356694055
AE6	0.593040115998	0.502658289029	0.977283711938	0.63653939101	0.551474142098	0.479942000967	0.568390526825	0.456259062349	0.506524891252	0.490091831803	0.522957950701	0.494925084582	0.520057999033	0.890285161914	0.550507491542	0.548090865152	0.545190913485	0.534557757371	0.945867568874	0.779603673272	0.66892218463	0.585790236829	0.594490091832	0.600773320445	0.907684871919	0.630739487675	0.544707588207	0.562107298212	0.58095698405	0.600289995167	0.645239246013	0.587240212663	0.478492025133	0.485741904302	0.604639922668	0.528757854036	0.50700821653	0.488158530691	0.402126631223	0.356694055099	0.0	0.647172547124	0.603189946834	0.479942000967	0.532624456259	0.532141130981	0.639922667956	0.574673755437	0.60657322378	0.574190430159	0.606089898502	0.617206379894	0.499758337361	0.489125181247	0.514741420976	0.507974867086	0.526824552924	0.602706621556	0.53020782987	0.570807153214	0.501691638473	0.574190430159
AF5	0.709038182697	0.641372643789	0.932334461092	0.670855485742	0.660222329628	0.694055099082	0.557274045433	0.664088931851	0.688738521025	0.595940067666	0.727404543258	0.634122764621	0.681971967134	0.845335911068	0.605123247946	0.684871918801	0.725471242146	0.727887868536	0.867085548574	0.73368777187	0.721121314645	0.688255195747	0.725471242146	0.726437892702	0.867085548574	0.679555340744	0.706621556307	0.681488641856	0.676172063799	0.666988883519	0.765103914935	0.723054615756	0.63653939101	0.677138714355	0.741420976317	0.670855485742	0.71532141131	0.483325277912	0.703238279362	0.612856452392	0.647172547124	0.0	0.289028516191	0.547124214596	0.726437892702	0.727887868536	0.774287095215	0.723054615756	0.747220879652	0.717254712421	0.738037699372	0.754470758821	0.70372160464	0.718704688255	0.739004349928	0.720637989367	0.678588690188	0.74770420493	0.697921701305	0.698405026583	0.721604639923	0.730304494925
AF6	0.691155147414	0.606089898502	0.940067665539	0.666988883519	0.639439342678	0.657805703238	0.534074432093	0.617689705172	0.646689221846	0.554857419043	0.688738521025	0.61575640406	0.645239246013	0.850652489125	0.565973900435	0.652005799903	0.690671822136	0.688738521025	0.879168680522	0.722571290478	0.695021749638	0.6389560174	0.685838569357	0.690671822136	0.883035282745	0.670855485742	0.666505558241	0.641372643789	0.629772837119	0.643305944901	0.744804253262	0.685355244079	0.594490091832	0.627839536008	0.727404543258	0.648622522958	0.664572257129	0.427259545674	0.662638956017	0.576123731271	0.603189946834	0.289028516191	0.0	0.506524891252	0.684388593523	0.678105364911	0.752537457709	0.688255195747	0.725471242146	0.697438376027	0.710488158531	0.738037699372	0.666022232963	0.676655389077	0.69453842436	0.675688738521	0.629289511841	0.722571290478	0.644272595457	0.682455292412	0.681488641856	0.69212179797
