	AA3	AA4	AB3	AB4	AC3	AC4	AD3	AD4	AE3	AE4	AF3	AF4	AG3	AG4	AH3	AH4	AA7	AA8	AB7	AB8	AC7	AC8	AD7	AD8	AE7	AE8	AF7	AF8	AG7	AG8	AH7	AH8	AA5	AA6	AB5	AB6	AC5	AC6	AD6	AE5	AE6	AF5	AF6	AG5	AH5	AH6	AA1	AA2	AB1	AB2	AC1	AC2	AD1	AD2	AE1	AE2	AF1	AF2	AG1	AG2	AH1	AH2
AA3	0.0	0.491541807637	0.942000966651	0.630739487675	0.658772353794	0.597390043499	0.669888835186	0.581440309328	0.569840502658	0.635572740454	0.607056549058	0.617206379894	0.585790236829	0.856935717738	0.660222329628	0.336394393427	0.577573707105	0.552924117931	0.864668922185	0.698888351861	0.614306428226	0.568873852102	0.576607056549	0.580473658772	0.836636056066	0.58337361044	0.565490575157	0.570323827936	0.582406959884	0.599323344611	0.590140164331	0.561140647656	0.577573707105	0.594006766554	0.744320927985	0.676655389077	0.603189946834	0.608989850169	0.591106814886	0.631222812953	0.599323344611	0.717738037699	0.685355244079	0.604639922668	0.629289511841	0.607056549058	0.691638472692	0.65055582407	0.704688255196	0.667472208797	0.649105848236	0.661188980184	0.569840502658	0.564523924601	0.576123731271	0.558724021266	0.579507008217	0.662638956017	0.585306911551	0.666988883519	0.585306911551	0.643305944901
AA4	0.491541807637	0.0	0.952150797487	0.585306911551	0.562107298212	0.492508458192	0.607539874335	0.470275495408	0.493958434026	0.539874335428	0.551474142098	0.508458192363	0.470758820686	0.863702271629	0.390043499275	0.370710488159	0.539874335428	0.529241179314	0.894635089415	0.709038182697	0.661188980184	0.572740454326	0.577573707105	0.591106814886	0.869985500242	0.618173030449	0.539874335428	0.562107298212	0.587240212663	0.626389560174	0.621072982117	0.572257129048	0.504108264862	0.513291445143	0.652489125181	0.565490575157	0.55099081682	0.505558240696	0.523924601257	0.514741420976	0.479458675689	0.627839536008	0.592073465442	0.498308361527	0.575157080715	0.552440792653	0.649589173514	0.584340260996	0.62493958434	0.589173513775	0.602223296278	0.621556307395	0.506041565974	0.510391493475	0.519574673755	0.501691638473	0.50700821653	0.610439826003	0.499758337361	0.579507008217	0.509424842919	0.573223779604
AB3	0.942000966651	0.952150797487	0.0	0.676172063799	0.924117931368	0.957950700822	0.960850652489	0.944900918318	0.935717738038	0.957467375544	0.974867085549	0.942000966651	0.971483808603	0.343644272595	0.964233929435	0.946350894152	0.974383760271	0.971000483325	0.740454325761	0.754470758821	0.891735137748	0.915418076365	0.963750604157	0.953117448043	0.851619139681	0.897535041083	0.941034316095	0.927984533591	0.845335911068	0.82648622523	0.951667472209	0.955050749154	0.960850652489	0.963750604157	0.974867085549	0.968100531658	0.977283711938	0.957950700822	0.974383760271	0.974383760271	0.973900434993	0.93281778637	0.93281778637	0.952150797487	0.97680038666	0.974383760271	0.973900434993	0.973900434993	0.971483808603	0.974383760271	0.973900434993	0.972933784437	0.975350410826	0.976317061382	0.97680038666	0.975833736104	0.974867085549	0.975833736104	0.972933784437	0.977283711938	0.974867085549	0.972933784437
AB4	0.630739487675	0.585306911551	0.676172063799	0.0	0.643789270179	0.621556307395	0.702754954084	0.62493958434	0.615273078782	0.652489125181	0.654422426293	0.616723054616	0.491541807637	0.559207346544	0.622522957951	0.595456742388	0.645239246013	0.643305944901	0.731271145481	0.546157564041	0.651039149348	0.622039632673	0.654905751571	0.657805703238	0.786853552441	0.635572740454	0.644755920735	0.631706138231	0.555824069599	0.584340260996	0.680038666022	0.648622522958	0.645239246013	0.658289028516	0.737071048816	0.677622039633	0.66892218463	0.643789270179	0.644272595457	0.64572257129	0.631222812953	0.659255679072	0.652005799903	0.631222812953	0.697921701305	0.676655389077	0.710971483809	0.676655389077	0.701788303528	0.685355244079	0.689221846303	0.679555340744	0.640405993233	0.647655872402	0.663605606573	0.65055582407	0.64813919768	0.687288545191	0.647655872402	0.681971967134	0.651039149348	0.676655389077
AC3	0.658772353794	0.562107298212	0.924117931368	0.643789270179	0.0	0.49540840986	0.653939101015	0.53697438376	0.565973900435	0.598840019333	0.611406476559	0.306911551474	0.60657322378	0.837119381344	0.608989850169	0.595456742388	0.614306428226	0.598356694055	0.868535524408	0.739971000483	0.72692121798	0.666988883519	0.712421459642	0.706621556307	0.83566940551	0.6805219913	0.640405993233	0.678588690188	0.662155630739	0.687771870469	0.700338327695	0.662155630739	0.609956500725	0.616723054616	0.608989850169	0.566940550991	0.610923151281	0.565973900435	0.574673755437	0.547124214596	0.550024166264	0.648622522958	0.633639439343	0.540357660706	0.639922667956	0.618656355727	0.587723537941	0.582890285162	0.58337361044	0.568390526825	0.591590140164	0.585306911551	0.523441275979	0.559690671822	0.583856935718	0.561623972934	0.61333977767	0.572257129048	0.620106331561	0.590623489609	0.626872885452	0.590140164331
AC4	0.597390043499	0.492508458192	0.957950700822	0.621556307395	0.49540840986	0.0	0.619623006283	0.398260029	0.413243112615	0.52779120348	0.345094248429	0.412759787337	0.506041565974	0.86805219913	0.577573707105	0.540840985984	0.476075398743	0.467858869019	0.928951184147	0.741420976317	0.598840019333	0.535041082649	0.534074432093	0.521991300145	0.90043499275	0.601256645723	0.488158530691	0.525857902368	0.535041082649	0.58095698405	0.573223779604	0.523441275979	0.459642339294	0.471242145964	0.642822619623	0.562107298212	0.465925567907	0.495891735138	0.424359594007	0.549540840986	0.487191880135	0.676655389077	0.638472692122	0.49299178347	0.509908168197	0.482358627356	0.637022716288	0.575640405993	0.600773320445	0.587240212663	0.584340260996	0.601256645723	0.490575157081	0.503624939584	0.531174480425	0.50700821653	0.556790720155	0.599806669889	0.5601739971	0.590140164331	0.481875302078	0.563073948768
AD3	0.669888835186	0.607539874335	0.960850652489	0.702754954084	0.653939101015	0.619623006283	0.0	0.52779120348	0.64572257129	0.355244079265	0.676655389077	0.623006283229	0.642822619623	0.872402126631	0.589656839053	0.643789270179	0.686805219913	0.685355244079	0.939584340261	0.753504108265	0.714354760754	0.69453842436	0.697438376027	0.687288545191	0.913968100532	0.683421942968	0.694055099082	0.691638472692	0.688738521025	0.684388593523	0.716288061866	0.689221846303	0.626872885452	0.654422426293	0.73610439826	0.662638956017	0.671822136298	0.528757854036	0.63653939101	0.603673272112	0.566940550991	0.565007249879	0.53697438376	0.556790720155	0.694055099082	0.675205413243	0.773320444659	0.715804736588	0.741420976317	0.719188013533	0.729337844369	0.748670855486	0.662638956017	0.661672305462	0.668438859352	0.666022232963	0.656839052682	0.735621072982	0.649589173514	0.722571290478	0.686805219913	0.703238279362
AD4	0.581440309328	0.470275495408	0.944900918318	0.62493958434	0.53697438376	0.398260029	0.52779120348	0.0	0.326244562591	0.427742870952	0.435959400677	0.491541807637	0.513291445143	0.859835669406	0.550024166264	0.523441275979	0.479458675689	0.455292411793	0.937167713871	0.749154180764	0.579507008217	0.507491541808	0.514258095698	0.505074915418	0.901401643306	0.602706621556	0.444659255679	0.493958434026	0.518124697922	0.57177380377	0.5601739971	0.501691638473	0.412759787337	0.456742387627	0.652005799903	0.563557274045	0.446592556791	0.464958917351	0.435959400677	0.546640889319	0.462058965684	0.635089415176	0.599323344611	0.464475592073	0.514741420976	0.484775253746	0.659255679072	0.59497341711	0.62735621073	0.619623006283	0.611406476559	0.626872885452	0.500724987917	0.514258095698	0.515708071532	0.518124697922	0.541807636539	0.621556307395	0.545674238763	0.623972933784	0.49299178347	0.581923634606
AE3	0.569840502658	0.493958434026	0.935717738038	0.615273078782	0.565973900435	0.413243112615	0.64572257129	0.326244562591	0.0	0.537941034316	0.416143064282	0.523441275979	0.503141614306	0.854519091348	0.578057032383	0.53020782987	0.458192363461	0.428709521508	0.922184630256	0.73610439826	0.555824069599	0.48622522958	0.479458675689	0.48622522958	0.890285161914	0.597390043499	0.430159497342	0.472692121798	0.505074915418	0.557274045433	0.544224262929	0.492025132914	0.413243112615	0.454325761237	0.672305461576	0.602223296278	0.455775737071	0.510391493475	0.445142580957	0.598840019333	0.522474625423	0.686805219913	0.649105848236	0.510391493475	0.5186080232	0.485258579024	0.666505558241	0.607056549058	0.634606089899	0.620589656839	0.614789753504	0.635089415176	0.519091348478	0.528757854036	0.53939101015	0.532624456259	0.544707588207	0.631222812953	0.558724021266	0.623972933784	0.4813919768	0.596423392943
AE4	0.635572740454	0.539874335428	0.957467375544	0.652489125181	0.598840019333	0.52779120348	0.355244079265	0.427742870952	0.537941034316	0.0	0.583856935718	0.553890768487	0.581923634606	0.868535524408	0.55099081682	0.584340260996	0.602706621556	0.597390043499	0.939101014983	0.751570807153	0.668438859352	0.603189946834	0.614306428226	0.60657322378	0.913968100532	0.632189463509	0.605123247946	0.599323344611	0.602706621556	0.62493958434	0.657805703238	0.606089898502	0.540357660706	0.562107298212	0.69453842436	0.612373127115	0.590140164331	0.462542290962	0.554857419043	0.552924117931	0.510874818753	0.568390526825	0.532141130981	0.50700821653	0.61575640406	0.597873368777	0.716771387144	0.657805703238	0.700338327695	0.683421942968	0.676172063799	0.688738521025	0.607056549058	0.596423392943	0.604639922668	0.602223296278	0.600773320445	0.681005316578	0.594006766554	0.6805219913	0.596906718221	0.644755920735
AF3	0.607056549058	0.551474142098	0.974867085549	0.654422426293	0.611406476559	0.345094248429	0.676655389077	0.435959400677	0.416143064282	0.583856935718	0.0	0.529724504592	0.535041082649	0.890285161914	0.625422909618	0.579023682939	0.437892701788	0.434992750121	0.957950700822	0.772353794103	0.590140164331	0.550024166264	0.443692605123	0.445142580957	0.920734654422	0.621556307395	0.438376027066	0.503624939584	0.556307394877	0.610923151281	0.535524407927	0.492508458192	0.444659255679	0.500724987917	0.674722087965	0.609956500725	0.427742870952	0.533107781537	0.454325761237	0.610439826003	0.540357660706	0.714354760754	0.675688738521	0.535041082649	0.521024649589	0.49540840986	0.667955534074	0.60415659739	0.654422426293	0.618656355727	0.618656355727	0.634122764621	0.53697438376	0.53020782987	0.549540840986	0.53020782987	0.582890285162	0.633156114065	0.591106814886	0.619139681005	0.494925084582	0.588690188497
AF4	0.617206379894	0.508458192363	0.942000966651	0.616723054616	0.306911551474	0.412759787337	0.623006283229	0.491541807637	0.523441275979	0.553890768487	0.529724504592	0.0	0.553407443209	0.853069115515	0.552924117931	0.547607539874	0.56259062349	0.554374093765	0.87723537941	0.710004833253	0.707104881585	0.634122764621	0.663122281295	0.65973900435	0.840019333011	0.640405993233	0.598356694055	0.640405993233	0.631706138231	0.654422426293	0.653939101015	0.616239729338	0.562107298212	0.571290478492	0.618173030449	0.524891251812	0.568873852102	0.538424359594	0.521024649589	0.507974867086	0.500724987917	0.628322861286	0.60657322378	0.507974867086	0.591106814886	0.570807153214	0.579990333494	0.526341227646	0.56935717738	0.535041082649	0.534557757371	0.55099081682	0.478492025133	0.499275012083	0.525857902368	0.510391493475	0.572257129048	0.542774287095	0.579990333494	0.543257612373	0.563073948768	0.525857902368
AG3	0.585790236829	0.470758820686	0.971483808603	0.491541807637	0.60657322378	0.506041565974	0.642822619623	0.513291445143	0.503141614306	0.581923634606	0.535041082649	0.553407443209	0.0	0.853552440793	0.53697438376	0.522957950701	0.509908168197	0.503624939584	0.932334461092	0.742870952151	0.673272112131	0.581923634606	0.58337361044	0.609473175447	0.89125181247	0.637989366844	0.531174480425	0.570323827936	0.600289995167	0.634606089899	0.632189463509	0.574190430159	0.527307878202	0.521507974867	0.665055582407	0.598356694055	0.540840985984	0.529724504592	0.513291445143	0.564523924601	0.503624939584	0.666988883519	0.632189463509	0.521024649589	0.577090381827	0.555340744321	0.622039632673	0.578540357661	0.61333977767	0.602706621556	0.593523441276	0.59255679072	0.511358144031	0.517641372644	0.535041082649	0.524891251812	0.535041082649	0.608023199613	0.545190913485	0.602223296278	0.503141614306	0.572257129048
AG4	0.856935717738	0.863702271629	0.343644272595	0.559207346544	0.837119381344	0.86805219913	0.872402126631	0.859835669406	0.854519091348	0.868535524408	0.890285161914	0.853069115515	0.853552440793	0.0	0.878202029966	0.856935717738	0.893668438859	0.89125181247	0.716288061866	0.677622039633	0.819236346061	0.840019333011	0.887868535524	0.87723537941	0.82165297245	0.818269695505	0.867085548574	0.853552440793	0.771870468826	0.753020782987	0.884968583857	0.876752054132	0.879168680522	0.883035282745	0.898985016916	0.888351860802	0.889801836636	0.863702271629	0.891735137748	0.887868535524	0.884485258579	0.851619139681	0.850169163847	0.867568873852	0.901401643306	0.894635089415	0.886901884969	0.887868535524	0.885935234413	0.88883518608	0.892218463026	0.885451909135	0.891735137748	0.88883518608	0.898985016916	0.889801836636	0.892701788304	0.893185113581	0.88883518608	0.89125181247	0.897051715805	0.890285161914
AH3	0.660222329628	0.390043499275	0.964233929435	0.622522957951	0.608989850169	0.577573707105	0.589656839053	0.550024166264	0.578057032383	0.55099081682	0.625422909618	0.552924117931	0.53697438376	0.878202029966	0.0	0.531657805703	0.608989850169	0.607539874335	0.924117931368	0.741904301595	0.717738037699	0.637506041566	0.635572740454	0.658772353794	0.905268245529	0.699371677139	0.629289511841	0.628322861286	0.662638956017	0.688255195747	0.694055099082	0.639922667956	0.562107298212	0.589173513775	0.709521507975	0.619139681005	0.637022716288	0.552440792653	0.608989850169	0.55099081682	0.545674238763	0.597873368777	0.569840502658	0.560657322378	0.656839052682	0.636056065732	0.711454809087	0.629772837119	0.659255679072	0.653455775737	0.650072498792	0.669405509908	0.593040115998	0.599806669889	0.607539874335	0.605123247946	0.576607056549	0.658289028516	0.56935717738	0.646205896568	0.595940067666	0.621556307395
AH4	0.336394393427	0.370710488159	0.946350894152	0.595456742388	0.595456742388	0.540840985984	0.643789270179	0.523441275979	0.53020782987	0.584340260996	0.579023682939	0.547607539874	0.522957950701	0.856935717738	0.531657805703	0.0	0.55099081682	0.536007733204	0.872402126631	0.702754954084	0.6389560174	0.553407443209	0.572257129048	0.585790236829	0.852585790237	0.60415659739	0.555340744321	0.552440792653	0.579990333494	0.608989850169	0.600289995167	0.550024166264	0.544224262929	0.555824069599	0.70130497825	0.623972933784	0.579990333494	0.570323827936	0.554857419043	0.571290478492	0.544707588207	0.667472208797	0.63653939101	0.559207346544	0.605123247946	0.580473658772	0.65732237796	0.604639922668	0.653939101015	0.623489608507	0.617206379894	0.629289511841	0.524891251812	0.524407926535	0.537941034316	0.521024649589	0.515708071532	0.621072982117	0.513291445143	0.625422909618	0.541807636539	0.598356694055
AA7	0.577573707105	0.539874335428	0.974383760271	0.645239246013	0.614306428226	0.476075398743	0.686805219913	0.479458675689	0.458192363461	0.602706621556	0.437892701788	0.56259062349	0.509908168197	0.893668438859	0.608989850169	0.55099081682	0.0	0.299178347028	0.9212179797	0.753020782987	0.602706621556	0.517158047366	0.473658772354	0.497825036249	0.877718704688	0.600289995167	0.431126147898	0.464958917351	0.542774287095	0.598356694055	0.50700821653	0.416143064282	0.442725954567	0.496375060416	0.706621556307	0.64572257129	0.474142097632	0.560657322378	0.493958434026	0.597873368777	0.542774287095	0.716288061866	0.681971967134	0.576123731271	0.552924117931	0.522957950701	0.658772353794	0.60415659739	0.657805703238	0.627839536008	0.601256645723	0.617689705172	0.523924601257	0.520057999033	0.533591106815	0.521991300145	0.540840985984	0.616239729338	0.559207346544	0.633156114065	0.489608506525	0.600289995167
AA8	0.552924117931	0.529241179314	0.971000483325	0.643305944901	0.598356694055	0.467858869019	0.685355244079	0.455292411793	0.428709521508	0.597390043499	0.434992750121	0.554374093765	0.503624939584	0.89125181247	0.607539874335	0.536007733204	0.299178347028	0.0	0.918318028033	0.752054132431	0.574673755437	0.492508458192	0.466408893185	0.48380860319	0.86563557274	0.579023682939	0.420976317061	0.454809086515	0.52537457709	0.588690188497	0.480908651522	0.371677138714	0.420976317061	0.485741904302	0.699855002417	0.639439342678	0.454809086515	0.552924117931	0.476558724021	0.594490091832	0.535041082649	0.719188013533	0.679555340744	0.555340744321	0.538907684872	0.51377477042	0.649589173514	0.595456742388	0.658772353794	0.623972933784	0.593523441276	0.611406476559	0.497825036249	0.515708071532	0.532624456259	0.509424842919	0.535041082649	0.608506524891	0.546157564041	0.627839536008	0.475592073465	0.596906718221
AB7	0.864668922185	0.894635089415	0.740454325761	0.731271145481	0.868535524408	0.928951184147	0.939584340261	0.937167713871	0.922184630256	0.939101014983	0.957950700822	0.87723537941	0.932334461092	0.716288061866	0.924117931368	0.872402126631	0.9212179797	0.918318028033	0.0	0.412759787337	0.811503141614	0.831802803287	0.932334461092	0.917351377477	0.730787820203	0.81246979217	0.894151764137	0.868535524408	0.728371193813	0.693088448526	0.881585306912	0.89125181247	0.932334461092	0.936684388594	0.936201063316	0.93281778637	0.950700821653	0.918318028033	0.948284195263	0.929917834703	0.937651039149	0.881585306912	0.880135331078	0.913484775254	0.9584340261	0.952634122765	0.9212179797	0.9212179797	0.931367810536	0.929434509425	0.92363460609	0.916868052199	0.918318028033	0.91445142581	0.915901401643	0.91203479942	0.914934751087	0.915901401643	0.919284678589	0.924601256646	0.949250845819	0.928951184147
AB8	0.698888351861	0.709038182697	0.754470758821	0.546157564041	0.739971000483	0.741420976317	0.753504108265	0.749154180764	0.73610439826	0.751570807153	0.772353794103	0.710004833253	0.742870952151	0.677622039633	0.741904301595	0.702754954084	0.753020782987	0.752054132431	0.412759787337	0.0	0.63653939101	0.65732237796	0.74528757854	0.728854519091	0.72692121798	0.638472692122	0.713388110198	0.682455292412	0.528757854036	0.51377477042	0.721604639923	0.720154664089	0.74770420493	0.750120831319	0.797486708555	0.752054132431	0.761237312711	0.733204446593	0.763170613823	0.743354277429	0.741904301595	0.718221362977	0.704688255196	0.723537941034	0.779120347994	0.766553890768	0.801836636056	0.750604156597	0.779120347994	0.757854035766	0.760753987434	0.773320444659	0.751570807153	0.746254229096	0.751570807153	0.750120831319	0.743837602707	0.769453842436	0.744320927985	0.744320927985	0.764620589657	0.751087481875
AC7	0.614306428226	0.661188980184	0.891735137748	0.651039149348	0.72692121798	0.598840019333	0.714354760754	0.579507008217	0.555824069599	0.668438859352	0.590140164331	0.707104881585	0.673272112131	0.819236346061	0.717738037699	0.6389560174	0.602706621556	0.574673755437	0.811503141614	0.63653939101	0.0	0.369743837603	0.569840502658	0.570807153214	0.824552924118	0.589656839053	0.545674238763	0.517641372644	0.482358627356	0.499275012083	0.568390526825	0.558240695988	0.566457225713	0.600773320445	0.808603189947	0.740937651039	0.620106331561	0.641372643789	0.612856452392	0.71532141131	0.678105364911	0.721604639923	0.685355244079	0.646205896568	0.641855969067	0.619139681005	0.818269695505	0.759787336878	0.792653455776	0.782986950217	0.758820686322	0.779603673272	0.676172063799	0.675688738521	0.687288545191	0.677622039633	0.681971967134	0.778153697438	0.679072015466	0.775253745771	0.621556307395	0.752054132431
AC8	0.568873852102	0.572740454326	0.915418076365	0.622039632673	0.666988883519	0.535041082649	0.69453842436	0.507491541808	0.48622522958	0.603189946834	0.550024166264	0.634122764621	0.581923634606	0.840019333011	0.637506041566	0.553407443209	0.517158047366	0.492508458192	0.831802803287	0.65732237796	0.369743837603	0.0	0.492508458192	0.501691638473	0.83566940551	0.551474142098	0.400676655389	0.373127114548	0.442725954567	0.488158530691	0.5186080232	0.477525374577	0.494441759304	0.510874818753	0.738037699372	0.670372160464	0.558724021266	0.576123731271	0.538424359594	0.641372643789	0.591590140164	0.678105364911	0.643305944901	0.580473658772	0.573707104882	0.55099081682	0.735137747704	0.670855485742	0.715804736588	0.705171580474	0.678105364911	0.69453842436	0.595940067666	0.59497341711	0.601739971	0.597873368777	0.585790236829	0.695505074915	0.587723537941	0.699855002417	0.531174480425	0.667472208797
AD7	0.576607056549	0.577573707105	0.963750604157	0.654905751571	0.712421459642	0.534074432093	0.697438376027	0.514258095698	0.479458675689	0.614306428226	0.443692605123	0.663122281295	0.58337361044	0.887868535524	0.635572740454	0.572257129048	0.473658772354	0.466408893185	0.932334461092	0.74528757854	0.569840502658	0.492508458192	0.0	0.321894635089	0.899468342194	0.528274528758	0.425809569841	0.452392460126	0.519091348478	0.564040599323	0.499758337361	0.453842435959	0.478492025133	0.53939101015	0.747220879652	0.675205413243	0.51619139681	0.590623489609	0.538907684872	0.649105848236	0.603189946834	0.722087965201	0.688255195747	0.601739971	0.574190430159	0.554374093765	0.744804253262	0.677622039633	0.727887868536	0.712421459642	0.682455292412	0.699371677139	0.603673272112	0.604639922668	0.604639922668	0.616239729338	0.589656839053	0.702271628806	0.586756887385	0.700821652972	0.546640889319	0.665055582407
AD8	0.580473658772	0.591106814886	0.953117448043	0.657805703238	0.706621556307	0.521991300145	0.687288545191	0.505074915418	0.48622522958	0.60657322378	0.445142580957	0.65973900435	0.609473175447	0.87723537941	0.658772353794	0.585790236829	0.497825036249	0.48380860319	0.917351377477	0.728854519091	0.570807153214	0.501691638473	0.321894635089	0.0	0.853552440793	0.487675205413	0.432576123731	0.465442242629	0.500241662639	0.551957467376	0.499275012083	0.46302561624	0.49299178347	0.54857419043	0.746737554374	0.674238762687	0.499275012083	0.579990333494	0.545674238763	0.646205896568	0.605123247946	0.710488158531	0.679072015466	0.59255679072	0.574673755437	0.565490575157	0.755437409377	0.683421942968	0.735621072982	0.717254712421	0.690188496858	0.708071532141	0.614789753504	0.608989850169	0.619139681005	0.623006283229	0.612373127115	0.711454809087	0.609473175447	0.710004833253	0.566457225713	0.672305461576
AE7	0.836636056066	0.869985500242	0.851619139681	0.786853552441	0.83566940551	0.90043499275	0.913968100532	0.901401643306	0.890285161914	0.913968100532	0.920734654422	0.840019333011	0.89125181247	0.82165297245	0.905268245529	0.852585790237	0.877718704688	0.86563557274	0.730787820203	0.72692121798	0.824552924118	0.83566940551	0.899468342194	0.853552440793	0.0	0.553407443209	0.874818753021	0.859835669406	0.756404059932	0.761237312711	0.837602706622	0.842919284679	0.899951667472	0.903818269696	0.923151280812	0.915901401643	0.920251329145	0.895118414693	0.9212179797	0.874335427743	0.897051715805	0.871435476075	0.873852102465	0.874818753021	0.939584340261	0.922667955534	0.89125181247	0.901884968584	0.910101498308	0.891735137748	0.90285161914	0.896568390527	0.886901884969	0.894151764137	0.909134847753	0.884485258579	0.903334944418	0.892218463026	0.902368293862	0.905268245529	0.913001449976	0.905751570807
AE8	0.58337361044	0.618173030449	0.897535041083	0.635572740454	0.6805219913	0.601256645723	0.683421942968	0.602706621556	0.597390043499	0.632189463509	0.621556307395	0.640405993233	0.637989366844	0.818269695505	0.699371677139	0.60415659739	0.600289995167	0.579023682939	0.81246979217	0.638472692122	0.589656839053	0.551474142098	0.528274528758	0.487675205413	0.553407443209	0.0	0.578057032383	0.566940550991	0.522474625423	0.529724504592	0.561140647656	0.552924117931	0.611406476559	0.614306428226	0.762203963267	0.710971483809	0.630739487675	0.60657322378	0.626872885452	0.659255679072	0.640889318511	0.693088448526	0.667472208797	0.608506524891	0.637506041566	0.631706138231	0.751570807153	0.682455292412	0.753987433543	0.707588206863	0.706621556307	0.723537941034	0.639439342678	0.627839536008	0.647172547124	0.637022716288	0.646689221846	0.71532141131	0.642822619623	0.710971483809	0.614306428226	0.684871918801
AF7	0.565490575157	0.539874335428	0.941034316095	0.644755920735	0.640405993233	0.488158530691	0.694055099082	0.444659255679	0.430159497342	0.605123247946	0.438376027066	0.598356694055	0.531174480425	0.867085548574	0.629289511841	0.555340744321	0.431126147898	0.420976317061	0.894151764137	0.713388110198	0.545674238763	0.400676655389	0.425809569841	0.432576123731	0.874818753021	0.578057032383	0.0	0.302078298695	0.474142097632	0.539874335428	0.484291928468	0.448525857902	0.423392943451	0.46060898985	0.687771870469	0.618173030449	0.453842435959	0.529241179314	0.477042049299	0.605123247946	0.544707588207	0.695505074915	0.661188980184	0.53697438376	0.530691155147	0.507974867086	0.670372160464	0.611406476559	0.671822136298	0.655872402127	0.614789753504	0.629289511841	0.545190913485	0.537941034316	0.545190913485	0.546640889319	0.555340744321	0.632189463509	0.566940550991	0.650072498792	0.48380860319	0.60657322378
AF8	0.570323827936	0.562107298212	0.927984533591	0.631706138231	0.678588690188	0.525857902368	0.691638472692	0.493958434026	0.472692121798	0.599323344611	0.503624939584	0.640405993233	0.570323827936	0.853552440793	0.628322861286	0.552440792653	0.464958917351	0.454809086515	0.868535524408	0.682455292412	0.517641372644	0.373127114548	0.452392460126	0.465442242629	0.859835669406	0.566940550991	0.302078298695	0.0	0.460125664572	0.514741420976	0.501208313195	0.449492508458	0.44900918318	0.501208313195	0.729337844369	0.661672305462	0.498308361527	0.556790720155	0.523441275979	0.620106331561	0.572740454326	0.674722087965	0.63653939101	0.567423876269	0.567423876269	0.545674238763	0.710488158531	0.646205896568	0.711454809087	0.694055099082	0.657805703238	0.673755437409	0.583856935718	0.574190430159	0.58337361044	0.582406959884	0.566457225713	0.674238762687	0.569840502658	0.688255195747	0.510391493475	0.642822619623
AG7	0.582406959884	0.587240212663	0.845335911068	0.555824069599	0.662155630739	0.535041082649	0.688738521025	0.518124697922	0.505074915418	0.602706621556	0.556307394877	0.631706138231	0.600289995167	0.771870468826	0.662638956017	0.579990333494	0.542774287095	0.52537457709	0.728371193813	0.528757854036	0.482358627356	0.442725954567	0.519091348478	0.500241662639	0.756404059932	0.522474625423	0.474142097632	0.460125664572	0.0	0.322861285645	0.551957467376	0.514741420976	0.529724504592	0.557274045433	0.737071048816	0.664088931851	0.550507491542	0.56935717738	0.554857419043	0.632189463509	0.59497341711	0.665055582407	0.619139681005	0.573223779604	0.608023199613	0.578540357661	0.733204446593	0.666988883519	0.712421459642	0.695505074915	0.666988883519	0.690671822136	0.614306428226	0.601739971	0.617689705172	0.617689705172	0.61333977767	0.690188496858	0.622039632673	0.688738521025	0.56935717738	0.660705654906
AG8	0.599323344611	0.626389560174	0.82648622523	0.584340260996	0.687771870469	0.58095698405	0.684388593523	0.57177380377	0.557274045433	0.62493958434	0.610923151281	0.654422426293	0.634606089899	0.753020782987	0.688255195747	0.608989850169	0.598356694055	0.588690188497	0.693088448526	0.51377477042	0.499275012083	0.488158530691	0.564040599323	0.551957467376	0.761237312711	0.529724504592	0.539874335428	0.514741420976	0.322861285645	0.0	0.591106814886	0.571290478492	0.580473658772	0.58337361044	0.76848719188	0.68970517158	0.60657322378	0.591106814886	0.601256645723	0.663122281295	0.622039632673	0.676172063799	0.6389560174	0.596423392943	0.626389560174	0.600289995167	0.763653939101	0.695021749638	0.740937651039	0.725954567424	0.697921701305	0.729821169647	0.644272595457	0.633639439343	0.646689221846	0.649105848236	0.647655872402	0.723537941034	0.65732237796	0.718704688255	0.607539874335	0.681488641856
AH7	0.590140164331	0.621072982117	0.951667472209	0.680038666022	0.700338327695	0.573223779604	0.716288061866	0.5601739971	0.544224262929	0.657805703238	0.535524407927	0.653939101015	0.632189463509	0.884968583857	0.694055099082	0.600289995167	0.50700821653	0.480908651522	0.881585306912	0.721604639923	0.568390526825	0.5186080232	0.499758337361	0.499275012083	0.837602706622	0.561140647656	0.484291928468	0.501208313195	0.551957467376	0.591106814886	0.0	0.318994683422	0.561140647656	0.611889801837	0.779120347994	0.723054615756	0.555340744321	0.641855969067	0.600289995167	0.666988883519	0.639439342678	0.762687288545	0.737554374094	0.642822619623	0.636056065732	0.620589656839	0.7593040116	0.71290478492	0.755437409377	0.732237796037	0.710004833253	0.724987916868	0.625422909618	0.631222812953	0.637022716288	0.628806186564	0.631706138231	0.724021266312	0.629772837119	0.717738037699	0.598840019333	0.713388110198
AH8	0.561140647656	0.572257129048	0.955050749154	0.648622522958	0.662155630739	0.523441275979	0.689221846303	0.501691638473	0.492025132914	0.606089898502	0.492508458192	0.616239729338	0.574190430159	0.876752054132	0.639922667956	0.550024166264	0.416143064282	0.371677138714	0.89125181247	0.720154664089	0.558240695988	0.477525374577	0.453842435959	0.46302561624	0.842919284679	0.552924117931	0.448525857902	0.449492508458	0.514741420976	0.571290478492	0.318994683422	0.0	0.492508458192	0.547607539874	0.746737554374	0.6805219913	0.501208313195	0.590623489609	0.537941034316	0.618656355727	0.590140164331	0.716771387144	0.685355244079	0.596906718221	0.581923634606	0.563557274045	0.718704688255	0.65973900435	0.714354760754	0.682455292412	0.656839052682	0.673272112131	0.570807153214	0.578540357661	0.584823586274	0.579023682939	0.573707104882	0.674722087965	0.573223779604	0.678105364911	0.538907684872	0.657805703238
AA5	0.577573707105	0.504108264862	0.960850652489	0.645239246013	0.609956500725	0.459642339294	0.626872885452	0.412759787337	0.413243112615	0.540357660706	0.444659255679	0.562107298212	0.527307878202	0.879168680522	0.562107298212	0.544224262929	0.442725954567	0.420976317061	0.932334461092	0.74770420493	0.566457225713	0.494441759304	0.478492025133	0.49299178347	0.899951667472	0.611406476559	0.423392943451	0.44900918318	0.529724504592	0.580473658772	0.561140647656	0.492508458192	0.0	0.355244079265	0.681005316578	0.587723537941	0.467858869019	0.457225712905	0.482841952634	0.548090865152	0.485258579024	0.628806186564	0.591590140164	0.478975350411	0.533107781537	0.484291928468	0.701788303528	0.64572257129	0.676172063799	0.660222329628	0.653455775737	0.677622039633	0.528274528758	0.561623972934	0.57177380377	0.563557274045	0.55099081682	0.667472208797	0.5601739971	0.653455775737	0.503141614306	0.626389560174
AA6	0.594006766554	0.513291445143	0.963750604157	0.658289028516	0.616723054616	0.471242145964	0.654422426293	0.456742387627	0.454325761237	0.562107298212	0.500724987917	0.571290478492	0.521507974867	0.883035282745	0.589173513775	0.555824069599	0.496375060416	0.485741904302	0.936684388594	0.750120831319	0.600773320445	0.510874818753	0.53939101015	0.54857419043	0.903818269696	0.614306428226	0.46060898985	0.501208313195	0.557274045433	0.58337361044	0.611889801837	0.547607539874	0.355244079265	0.0	0.669888835186	0.570807153214	0.506524891252	0.484291928468	0.478975350411	0.579023682939	0.503624939584	0.65973900435	0.622522957951	0.499758337361	0.458675688739	0.412276462059	0.681005316578	0.624456259062	0.657805703238	0.643305944901	0.630256162397	0.650072498792	0.521507974867	0.537941034316	0.546157564041	0.537941034316	0.553890768487	0.644272595457	0.56259062349	0.640405993233	0.498791686805	0.602706621556
AB5	0.744320927985	0.652489125181	0.974867085549	0.737071048816	0.608989850169	0.642822619623	0.73610439826	0.652005799903	0.672305461576	0.69453842436	0.674722087965	0.618173030449	0.665055582407	0.898985016916	0.709521507975	0.70130497825	0.706621556307	0.699855002417	0.936201063316	0.797486708555	0.808603189947	0.738037699372	0.747220879652	0.746737554374	0.923151280812	0.762203963267	0.687771870469	0.729337844369	0.737071048816	0.76848719188	0.779120347994	0.746737554374	0.681005316578	0.669888835186	0.0	0.328177863702	0.624456259062	0.652972450459	0.608506524891	0.628806186564	0.617689705172	0.726437892702	0.720637989367	0.634606089899	0.631706138231	0.615273078782	0.619139681005	0.62735621073	0.630739487675	0.613823102948	0.636056065732	0.626389560174	0.603673272112	0.591106814886	0.606089898502	0.620589656839	0.664088931851	0.608989850169	0.65732237796	0.62493958434	0.674238762687	0.614306428226
AB6	0.676655389077	0.565490575157	0.968100531658	0.677622039633	0.566940550991	0.562107298212	0.662638956017	0.563557274045	0.602223296278	0.612373127115	0.609956500725	0.524891251812	0.598356694055	0.888351860802	0.619139681005	0.623972933784	0.64572257129	0.639439342678	0.93281778637	0.752054132431	0.740937651039	0.670372160464	0.675205413243	0.674238762687	0.915901401643	0.710971483809	0.618173030449	0.661672305462	0.664088931851	0.68970517158	0.723054615756	0.6805219913	0.587723537941	0.570807153214	0.328177863702	0.0	0.564040599323	0.565973900435	0.549540840986	0.549540840986	0.535041082649	0.654905751571	0.628322861286	0.520057999033	0.576123731271	0.555824069599	0.614306428226	0.555824069599	0.590140164331	0.574673755437	0.567907201547	0.591106814886	0.52537457709	0.538424359594	0.550024166264	0.567423876269	0.599323344611	0.570323827936	0.594490091832	0.573223779604	0.620106331561	0.542290961817
AC5	0.603189946834	0.55099081682	0.977283711938	0.66892218463	0.610923151281	0.465925567907	0.671822136298	0.446592556791	0.455775737071	0.590140164331	0.427742870952	0.568873852102	0.540840985984	0.889801836636	0.637022716288	0.579990333494	0.474142097632	0.454809086515	0.950700821653	0.761237312711	0.620106331561	0.558724021266	0.51619139681	0.499275012083	0.920251329145	0.630739487675	0.453842435959	0.498308361527	0.550507491542	0.60657322378	0.555340744321	0.501208313195	0.467858869019	0.506524891252	0.624456259062	0.564040599323	0.0	0.445625906235	0.432576123731	0.584340260996	0.519091348478	0.709038182697	0.666988883519	0.529241179314	0.480425326245	0.468825519575	0.610439826003	0.564040599323	0.616723054616	0.583856935718	0.570323827936	0.585790236829	0.497825036249	0.487675205413	0.509908168197	0.505074915418	0.579023682939	0.585790236829	0.579023682939	0.584340260996	0.514258095698	0.556307394877
AC6	0.608989850169	0.505558240696	0.957950700822	0.643789270179	0.565973900435	0.495891735138	0.528757854036	0.464958917351	0.510391493475	0.462542290962	0.533107781537	0.538424359594	0.529724504592	0.863702271629	0.552440792653	0.570323827936	0.560657322378	0.552924117931	0.918318028033	0.733204446593	0.641372643789	0.576123731271	0.590623489609	0.579990333494	0.895118414693	0.60657322378	0.529241179314	0.556790720155	0.56935717738	0.591106814886	0.641855969067	0.590623489609	0.457225712905	0.484291928468	0.652972450459	0.565973900435	0.445625906235	0.0	0.509908168197	0.518124697922	0.472692121798	0.490091831803	0.449975833736	0.405993233446	0.548090865152	0.528274528758	0.672305461576	0.620589656839	0.656839052682	0.633156114065	0.627839536008	0.649589173514	0.557274045433	0.55775737071	0.579990333494	0.568873852102	0.564523924601	0.644755920735	0.578540357661	0.623489608507	0.539874335428	0.611406476559
AD6	0.591106814886	0.523924601257	0.974383760271	0.644272595457	0.574673755437	0.424359594007	0.63653939101	0.435959400677	0.445142580957	0.554857419043	0.454325761237	0.521024649589	0.513291445143	0.891735137748	0.608989850169	0.554857419043	0.493958434026	0.476558724021	0.948284195263	0.763170613823	0.612856452392	0.538424359594	0.538907684872	0.545674238763	0.9212179797	0.626872885452	0.477042049299	0.523441275979	0.554857419043	0.601256645723	0.600289995167	0.537941034316	0.482841952634	0.478975350411	0.608506524891	0.549540840986	0.432576123731	0.509908168197	0.0	0.548090865152	0.440309328178	0.697921701305	0.662155630739	0.514741420976	0.475108748188	0.453359110681	0.59497341711	0.538424359594	0.579990333494	0.564523924601	0.555824069599	0.568390526825	0.455292411793	0.459159014016	0.481875302078	0.481875302078	0.552440792653	0.570323827936	0.555340744321	0.568873852102	0.468825519575	0.53020782987
AE5	0.631222812953	0.514741420976	0.974383760271	0.64572257129	0.547124214596	0.549540840986	0.603673272112	0.546640889319	0.598840019333	0.552924117931	0.610439826003	0.507974867086	0.564523924601	0.887868535524	0.55099081682	0.571290478492	0.597873368777	0.594490091832	0.929917834703	0.743354277429	0.71532141131	0.641372643789	0.649105848236	0.646205896568	0.874335427743	0.659255679072	0.605123247946	0.620106331561	0.632189463509	0.663122281295	0.666988883519	0.618656355727	0.548090865152	0.579023682939	0.628806186564	0.549540840986	0.584340260996	0.518124697922	0.548090865152	0.0	0.356694055099	0.618173030449	0.585790236829	0.51377477042	0.627839536008	0.608506524891	0.648622522958	0.608506524891	0.634122764621	0.60657322378	0.614789753504	0.630256162397	0.528757854036	0.556790720155	0.585790236829	0.555340744321	0.551957467376	0.618173030449	0.561140647656	0.60415659739	0.577090381827	0.594006766554
AE6	0.599323344611	0.479458675689	0.973900434993	0.631222812953	0.550024166264	0.487191880135	0.566940550991	0.462058965684	0.522474625423	0.510874818753	0.540357660706	0.500724987917	0.503624939584	0.884485258579	0.545674238763	0.544707588207	0.542774287095	0.535041082649	0.937651039149	0.741904301595	0.678105364911	0.591590140164	0.603189946834	0.605123247946	0.897051715805	0.640889318511	0.544707588207	0.572740454326	0.59497341711	0.622039632673	0.639439342678	0.590140164331	0.485258579024	0.503624939584	0.617689705172	0.535041082649	0.519091348478	0.472692121798	0.440309328178	0.356694055099	0.0	0.629772837119	0.590623489609	0.465925567907	0.554857419043	0.532624456259	0.625906234896	0.579990333494	0.604639922668	0.583856935718	0.589656839053	0.608506524891	0.488158530691	0.48622522958	0.513291445143	0.498791686805	0.52779120348	0.600773320445	0.532624456259	0.582890285162	0.511358144031	0.565490575157
AF5	0.717738037699	0.627839536008	0.93281778637	0.659255679072	0.648622522958	0.676655389077	0.565007249879	0.635089415176	0.686805219913	0.568390526825	0.714354760754	0.628322861286	0.666988883519	0.851619139681	0.597873368777	0.667472208797	0.716288061866	0.719188013533	0.881585306912	0.718221362977	0.721604639923	0.678105364911	0.722087965201	0.710488158531	0.871435476075	0.693088448526	0.695505074915	0.674722087965	0.665055582407	0.676172063799	0.762687288545	0.716771387144	0.628806186564	0.65973900435	0.726437892702	0.654905751571	0.709038182697	0.490091831803	0.697921701305	0.618173030449	0.629772837119	0.0	0.272595456742	0.550024166264	0.72450459159	0.710971483809	0.748670855486	0.721604639923	0.738037699372	0.710971483809	0.731271145481	0.737554374094	0.690188496858	0.708554857419	0.721121314645	0.708071532141	0.674238762687	0.730304494925	0.674238762687	0.704204929918	0.710488158531	0.713388110198
AF6	0.685355244079	0.592073465442	0.93281778637	0.652005799903	0.633639439343	0.638472692122	0.53697438376	0.599323344611	0.649105848236	0.532141130981	0.675688738521	0.60657322378	0.632189463509	0.850169163847	0.569840502658	0.63653939101	0.681971967134	0.679555340744	0.880135331078	0.704688255196	0.685355244079	0.643305944901	0.688255195747	0.679072015466	0.873852102465	0.667472208797	0.661188980184	0.63653939101	0.619139681005	0.6389560174	0.737554374094	0.685355244079	0.591590140164	0.622522957951	0.720637989367	0.628322861286	0.666988883519	0.449975833736	0.662155630739	0.585790236829	0.590623489609	0.272595456742	0.0	0.514741420976	0.693088448526	0.674238762687	0.739971000483	0.698888351861	0.726437892702	0.693088448526	0.704688255196	0.725471242146	0.653939101015	0.669405509908	0.686805219913	0.670372160464	0.6389560174	0.71532141131	0.637022716288	0.689221846303	0.675205413243	0.681005316578
