	AA3	AA4	AB3	AB4	AC3	AC4	AD3	AD4	AE3	AE4	AF3	AF4	AG3	AG4	AH3	AH4	AA7	AA8	AB7	AB8	AC7	AC8	AD7	AD8	AE7	AE8	AF7	AF8	AG7	AG8	AH7	AH8	AA5	AA6	AB5	AB6	AC5	AC6	AD6	AE5	AE6	AF5	AF6	AG5	AH5	AH6	AA1	AA2	AB1	AB2	AC1	AC2	AD1	AD2	AE1	AE2	AF1	AF2	AG1	AG2	AH1	AH2
AA3	0.0	0.471725471242	0.939101014983	0.630739487675	0.659255679072	0.56259062349	0.681488641856	0.567907201547	0.545190913485	0.625422909618	0.59255679072	0.611406476559	0.578057032383	0.853552440793	0.630256162397	0.319961333978	0.54857419043	0.554374093765	0.866602223296	0.720637989367	0.610439826003	0.56259062349	0.586756887385	0.586756887385	0.833736104398	0.593040115998	0.55775737071	0.55775737071	0.579023682939	0.59497341711	0.580473658772	0.552924117931	0.577573707105	0.575157080715	0.743837602707	0.672788786854	0.598356694055	0.613823102948	0.605123247946	0.61575640406	0.585790236829	0.717254712421	0.700821652972	0.612373127115	0.618173030449	0.615273078782	0.677622039633	0.649105848236	0.701788303528	0.665538907685	0.6389560174	0.658289028516	0.577573707105	0.552924117931	0.556307394877	0.561140647656	0.565973900435	0.647655872402	0.581923634606	0.656355727405	0.568873852102	0.651039149348
AA4	0.471725471242	0.0	0.951184146931	0.567423876269	0.576123731271	0.479458675689	0.598356694055	0.479458675689	0.496858385694	0.52779120348	0.544224262929	0.517158047366	0.475108748188	0.861768970517	0.383276945384	0.362010633156	0.541324311261	0.532624456259	0.898501691638	0.728854519091	0.660222329628	0.570807153214	0.588206863219	0.581440309328	0.885451909135	0.625906234896	0.542774287095	0.563073948768	0.581440309328	0.605606573224	0.631706138231	0.579507008217	0.511841469309	0.514741420976	0.661672305462	0.579507008217	0.559690671822	0.509424842919	0.535524407927	0.544224262929	0.4813919768	0.632189463509	0.609473175447	0.510391493475	0.570323827936	0.556790720155	0.63653939101	0.579990333494	0.633156114065	0.608989850169	0.587723537941	0.620106331561	0.538424359594	0.517158047366	0.535524407927	0.509908168197	0.502658289029	0.612856452392	0.510874818753	0.590623489609	0.522474625423	0.584340260996
AB3	0.939101014983	0.951184146931	0.0	0.685355244079	0.921701304978	0.954567423876	0.962783953601	0.950700821653	0.93281778637	0.95601739971	0.977283711938	0.93523441276	0.966650555824	0.345094248429	0.962300628323	0.944900918318	0.972450459159	0.971967133881	0.748670855486	0.755920734654	0.892218463026	0.912518124698	0.959884001933	0.95601739971	0.855485741904	0.894635089415	0.940550990817	0.936684388594	0.841469308845	0.852585790237	0.952634122765	0.955050749154	0.958917351377	0.968100531658	0.978250362494	0.969550507492	0.976317061382	0.956984050266	0.97680038666	0.977283711938	0.977283711938	0.938134364427	0.941034316095	0.949734171097	0.979700338328	0.97680038666	0.97680038666	0.974867085549	0.974383760271	0.971967133881	0.975350410826	0.975833736104	0.978250362494	0.978733687772	0.978250362494	0.978250362494	0.974383760271	0.974383760271	0.976317061382	0.976317061382	0.97921701305	0.97680038666
AB4	0.630739487675	0.567423876269	0.685355244079	0.0	0.635089415176	0.596423392943	0.694055099082	0.608023199613	0.605123247946	0.635572740454	0.637022716288	0.603673272112	0.4813919768	0.575640405993	0.60415659739	0.598840019333	0.636056065732	0.635572740454	0.734171097148	0.572257129048	0.664088931851	0.629772837119	0.660705654906	0.646689221846	0.8008699855	0.641372643789	0.640889318511	0.643305944901	0.550507491542	0.598356694055	0.696471725471	0.652005799903	0.64572257129	0.655872402127	0.72450459159	0.666988883519	0.645239246013	0.631706138231	0.634606089899	0.637989366844	0.621072982117	0.666505558241	0.666505558241	0.621556307395	0.678105364911	0.669888835186	0.681971967134	0.644755920735	0.688738521025	0.670855485742	0.658289028516	0.661188980184	0.629289511841	0.634122764621	0.652489125181	0.630256162397	0.642339294345	0.663605606573	0.638472692122	0.65732237796	0.642822619623	0.662638956017
AC3	0.659255679072	0.576123731271	0.921701304978	0.635089415176	0.0	0.494441759304	0.642339294345	0.554857419043	0.5601739971	0.598840019333	0.616723054616	0.304494925085	0.598356694055	0.840502658289	0.59497341711	0.606089898502	0.622039632673	0.620106331561	0.867085548574	0.75688738521	0.741420976317	0.686321894635	0.721604639923	0.710004833253	0.831319478009	0.690188496858	0.666022232963	0.689221846303	0.672305461576	0.693088448526	0.709038182697	0.675205413243	0.618656355727	0.637506041566	0.622039632673	0.585306911551	0.623006283229	0.586273562107	0.585306911551	0.560657322378	0.562107298212	0.65732237796	0.649589173514	0.557274045433	0.646689221846	0.642822619623	0.587240212663	0.584823586274	0.573223779604	0.562107298212	0.59497341711	0.586273562107	0.543740937651	0.576607056549	0.583856935718	0.55775737071	0.623489608507	0.567423876269	0.624456259062	0.594006766554	0.618656355727	0.587240212663
AC4	0.56259062349	0.479458675689	0.954567423876	0.596423392943	0.494441759304	0.0	0.629289511841	0.396810053166	0.399710004833	0.512808119865	0.34026099565	0.406476558724	0.500241662639	0.867085548574	0.54857419043	0.529241179314	0.464958917351	0.463992266796	0.919768003867	0.745770903818	0.581923634606	0.526341227646	0.517158047366	0.505558240696	0.881585306912	0.582406959884	0.482841952634	0.506524891252	0.519091348478	0.551474142098	0.559207346544	0.499275012083	0.454325761237	0.471242145964	0.652489125181	0.567423876269	0.47462542291	0.509908168197	0.429192846786	0.553407443209	0.470275495408	0.6805219913	0.662638956017	0.504108264862	0.521024649589	0.489125181247	0.640405993233	0.578057032383	0.611889801837	0.595940067666	0.58337361044	0.614306428226	0.507491541808	0.508941517641	0.510391493475	0.500241662639	0.541807636539	0.606089898502	0.549540840986	0.589173513775	0.475592073465	0.586756887385
AD3	0.681488641856	0.598356694055	0.962783953601	0.694055099082	0.642339294345	0.629289511841	0.0	0.534557757371	0.643305944901	0.359110681489	0.680038666022	0.599806669889	0.646205896568	0.878202029966	0.577573707105	0.641372643789	0.68970517158	0.691155147414	0.939101014983	0.77090381827	0.732237796037	0.693088448526	0.702754954084	0.696955050749	0.918801353311	0.694055099082	0.699371677139	0.699855002417	0.698888351861	0.69453842436	0.725954567424	0.695505074915	0.636056065732	0.651522474625	0.731754470759	0.661188980184	0.6805219913	0.547124214596	0.641372643789	0.581440309328	0.579507008217	0.53939101015	0.523924601257	0.54857419043	0.702271628806	0.684388593523	0.761720637989	0.705654905752	0.748187530208	0.721604639923	0.708554857419	0.741904301595	0.658289028516	0.676172063799	0.678588690188	0.664088931851	0.631222812953	0.729821169647	0.625422909618	0.710488158531	0.689221846303	0.71290478492
AD4	0.567907201547	0.479458675689	0.950700821653	0.608023199613	0.554857419043	0.396810053166	0.534557757371	0.0	0.320444659256	0.408409859836	0.417109714838	0.490575157081	0.511841469309	0.867085548574	0.532624456259	0.515708071532	0.451909134848	0.454325761237	0.934751087482	0.757854035766	0.578540357661	0.513291445143	0.501208313195	0.492508458192	0.90043499275	0.599323344611	0.448525857902	0.475108748188	0.498308361527	0.555340744321	0.544707588207	0.493475108748	0.406959884002	0.45142580957	0.652005799903	0.558724021266	0.436926051232	0.469308844853	0.420976317061	0.55775737071	0.458192363461	0.634122764621	0.616723054616	0.476075398743	0.50700821653	0.468825519575	0.653939101015	0.594490091832	0.638472692122	0.617206379894	0.601739971	0.633156114065	0.520057999033	0.508458192363	0.509908168197	0.512324794587	0.530691155147	0.623972933784	0.539874335428	0.607056549058	0.504108264862	0.603189946834
AE3	0.545190913485	0.496858385694	0.93281778637	0.605123247946	0.5601739971	0.399710004833	0.643305944901	0.320444659256	0.0	0.506524891252	0.403576607057	0.508458192363	0.510391493475	0.852585790237	0.558240695988	0.524891251812	0.450942484292	0.455775737071	0.915418076365	0.741420976317	0.552924117931	0.491058482359	0.493475108748	0.489125181247	0.882068632189	0.582406959884	0.440792653456	0.46979217013	0.477042049299	0.541324311261	0.546640889319	0.482841952634	0.41904301595	0.453842435959	0.658289028516	0.572740454326	0.440792653456	0.516674722088	0.427259545674	0.606089898502	0.509424842919	0.677622039633	0.660705654906	0.507974867086	0.495891735138	0.457225712905	0.653455775737	0.598356694055	0.633639439343	0.618656355727	0.597873368777	0.636056065732	0.522957950701	0.517641372644	0.517158047366	0.516674722088	0.548090865152	0.629289511841	0.560657322378	0.605123247946	0.509424842919	0.600289995167
AE4	0.625422909618	0.52779120348	0.95601739971	0.635572740454	0.598840019333	0.512808119865	0.359110681489	0.408409859836	0.506524891252	0.0	0.573223779604	0.53939101015	0.575157080715	0.870952150797	0.53697438376	0.569840502658	0.581923634606	0.579507008217	0.936201063316	0.761720637989	0.657805703238	0.585790236829	0.583856935718	0.575157080715	0.908168197197	0.619139681005	0.58337361044	0.582890285162	0.577090381827	0.600773320445	0.633639439343	0.586273562107	0.52537457709	0.542290961817	0.69453842436	0.611889801837	0.573707104882	0.443692605123	0.533591106815	0.539874335428	0.491058482359	0.565490575157	0.544707588207	0.484775253746	0.609956500725	0.586273562107	0.718704688255	0.661188980184	0.706138231029	0.68293861769	0.670855485742	0.697921701305	0.610439826003	0.593523441276	0.587723537941	0.595940067666	0.581923634606	0.689221846303	0.583856935718	0.674722087965	0.590623489609	0.673755437409
AF3	0.59255679072	0.544224262929	0.977283711938	0.637022716288	0.616723054616	0.34026099565	0.680038666022	0.417109714838	0.403576607057	0.573223779604	0.0	0.525857902368	0.527307878202	0.889801836636	0.601739971	0.567907201547	0.44224262929	0.446109231513	0.953117448043	0.781536974384	0.596906718221	0.554374093765	0.450459159014	0.444175930401	0.919284678589	0.62735621073	0.438376027066	0.505074915418	0.537457709038	0.584823586274	0.52537457709	0.509908168197	0.439342677622	0.490091831803	0.670372160464	0.597873368777	0.417593040116	0.545190913485	0.429676172064	0.627839536008	0.527307878202	0.715804736588	0.695505074915	0.539874335428	0.508941517641	0.478008699855	0.656839052682	0.599806669889	0.64813919768	0.618656355727	0.599323344611	0.63653939101	0.534557757371	0.518124697922	0.513291445143	0.51619139681	0.575157080715	0.62735621073	0.588206863219	0.607056549058	0.510391493475	0.602223296278
AF4	0.611406476559	0.517158047366	0.93523441276	0.603673272112	0.304494925085	0.406476558724	0.599806669889	0.490575157081	0.508458192363	0.53939101015	0.525857902368	0.0	0.545674238763	0.849202513291	0.55099081682	0.558724021266	0.565973900435	0.565490575157	0.883518608023	0.728371193813	0.707104881585	0.637022716288	0.663122281295	0.647172547124	0.839536007733	0.631222812953	0.60657322378	0.632672788787	0.626389560174	0.645239246013	0.661188980184	0.619139681005	0.560657322378	0.579023682939	0.620106331561	0.531174480425	0.565007249879	0.534557757371	0.52537457709	0.51619139681	0.516674722088	0.623006283229	0.612373127115	0.505074915418	0.584823586274	0.581923634606	0.596423392943	0.540357660706	0.571290478492	0.548090865152	0.552440792653	0.573707104882	0.499275012083	0.5186080232	0.528274528758	0.507974867086	0.567423876269	0.560657322378	0.571290478492	0.551474142098	0.564040599323	0.546640889319
AG3	0.578057032383	0.475108748188	0.966650555824	0.4813919768	0.598356694055	0.500241662639	0.646205896568	0.511841469309	0.510391493475	0.575157080715	0.527307878202	0.545674238763	0.0	0.854519091348	0.526341227646	0.521991300145	0.505074915418	0.500724987917	0.927984533591	0.755437409377	0.679555340744	0.599323344611	0.60415659739	0.601256645723	0.883035282745	0.635089415176	0.549057515708	0.583856935718	0.606089898502	0.633156114065	0.637989366844	0.570807153214	0.533591106815	0.532141130981	0.661188980184	0.603189946834	0.546640889319	0.555340744321	0.529241179314	0.593040115998	0.524407926535	0.678588690188	0.655872402127	0.540840985984	0.571290478492	0.55775737071	0.615273078782	0.560657322378	0.621072982117	0.601739971	0.576607056549	0.587240212663	0.524891251812	0.512808119865	0.541324311261	0.502658289029	0.549057515708	0.596423392943	0.561623972934	0.594490091832	0.520057999033	0.583856935718
AG4	0.853552440793	0.861768970517	0.345094248429	0.575640405993	0.840502658289	0.867085548574	0.878202029966	0.867085548574	0.852585790237	0.870952150797	0.889801836636	0.849202513291	0.854519091348	0.0	0.878202029966	0.85886901885	0.892701788304	0.892218463026	0.706621556307	0.6805219913	0.816819719671	0.835186080232	0.880618656356	0.878202029966	0.827936201063	0.815853069116	0.864185596907	0.861768970517	0.765587240213	0.765587240213	0.885451909135	0.876752054132	0.882551957467	0.88883518608	0.901884968584	0.889801836636	0.892701788304	0.869018849686	0.895118414693	0.89125181247	0.892218463026	0.855485741904	0.859835669406	0.869985500242	0.899468342194	0.892701788304	0.890285161914	0.88883518608	0.891735137748	0.889318511358	0.893185113581	0.891735137748	0.895601739971	0.890285161914	0.896568390527	0.892218463026	0.893185113581	0.890768487192	0.891735137748	0.89125181247	0.897535041083	0.894635089415
AH3	0.630256162397	0.383276945384	0.962300628323	0.60415659739	0.59497341711	0.54857419043	0.577573707105	0.532624456259	0.558240695988	0.53697438376	0.601739971	0.55099081682	0.526341227646	0.878202029966	0.0	0.514258095698	0.598356694055	0.594006766554	0.919768003867	0.758337361044	0.703238279362	0.623006283229	0.636056065732	0.637506041566	0.898501691638	0.683905268246	0.617206379894	0.629772837119	0.652972450459	0.671822136298	0.681971967134	0.626389560174	0.55099081682	0.580473658772	0.710971483809	0.632189463509	0.630739487675	0.536491058482	0.595940067666	0.558240695988	0.538424359594	0.601739971	0.576123731271	0.542774287095	0.634122764621	0.623006283229	0.699371677139	0.627839536008	0.672788786854	0.654905751571	0.641372643789	0.668438859352	0.600289995167	0.591106814886	0.606089898502	0.587240212663	0.563557274045	0.666505558241	0.556790720155	0.637989366844	0.584823586274	0.625422909618
AH4	0.319961333978	0.362010633156	0.944900918318	0.598840019333	0.606089898502	0.529241179314	0.641372643789	0.515708071532	0.524891251812	0.569840502658	0.567907201547	0.558724021266	0.521991300145	0.85886901885	0.514258095698	0.0	0.528274528758	0.535041082649	0.871435476075	0.713388110198	0.631706138231	0.55099081682	0.581923634606	0.577573707105	0.84726921218	0.595940067666	0.542774287095	0.547607539874	0.572740454326	0.59255679072	0.595456742388	0.547607539874	0.543257612373	0.548090865152	0.702271628806	0.628322861286	0.586273562107	0.561140647656	0.562107298212	0.566940550991	0.533591106815	0.667955534074	0.647172547124	0.555824069599	0.591590140164	0.583856935718	0.655389076849	0.604639922668	0.655872402127	0.623972933784	0.606089898502	0.632672788787	0.551957467376	0.522957950701	0.538424359594	0.520057999033	0.515224746254	0.624456259062	0.53020782987	0.623006283229	0.535524407927	0.612856452392
AA7	0.54857419043	0.541324311261	0.972450459159	0.636056065732	0.622039632673	0.464958917351	0.68970517158	0.451909134848	0.450942484292	0.581923634606	0.44224262929	0.565973900435	0.505074915418	0.892701788304	0.598356694055	0.528274528758	0.0	0.286128564524	0.915418076365	0.767520541324	0.590140164331	0.520057999033	0.492508458192	0.492508458192	0.869018849686	0.599806669889	0.430159497342	0.476075398743	0.529724504592	0.568390526825	0.520057999033	0.434026099565	0.432092798453	0.478008699855	0.703238279362	0.631706138231	0.474142097632	0.549540840986	0.474142097632	0.608506524891	0.52537457709	0.714838086032	0.699371677139	0.564040599323	0.541324311261	0.503624939584	0.651522474625	0.608023199613	0.652972450459	0.635089415176	0.584823586274	0.623489608507	0.522957950701	0.514258095698	0.509424842919	0.510391493475	0.541324311261	0.60415659739	0.556307394877	0.628806186564	0.492025132914	0.609956500725
AA8	0.554374093765	0.532624456259	0.971967133881	0.635572740454	0.620106331561	0.463992266796	0.691155147414	0.454325761237	0.455775737071	0.579507008217	0.446109231513	0.565490575157	0.500724987917	0.892218463026	0.594006766554	0.535041082649	0.286128564524	0.0	0.915418076365	0.765103914935	0.581440309328	0.509424842919	0.488158530691	0.484291928468	0.866118898018	0.594490091832	0.436442725955	0.467858869019	0.518124697922	0.567423876269	0.483325277912	0.393910101498	0.434992750121	0.493475108748	0.71290478492	0.644272595457	0.473658772354	0.558240695988	0.478008699855	0.618656355727	0.531657805703	0.724021266312	0.706138231029	0.569840502658	0.546640889319	0.510391493475	0.652489125181	0.600773320445	0.657805703238	0.634606089899	0.58337361044	0.619139681005	0.520057999033	0.506524891252	0.510391493475	0.509908168197	0.542290961817	0.607056549058	0.558240695988	0.628806186564	0.493475108748	0.602223296278
AB7	0.866602223296	0.898501691638	0.748670855486	0.734171097148	0.867085548574	0.919768003867	0.939101014983	0.934751087482	0.915418076365	0.936201063316	0.953117448043	0.883518608023	0.927984533591	0.706621556307	0.919768003867	0.871435476075	0.915418076365	0.915418076365	0.0	0.413243112615	0.813436442726	0.837602706622	0.93523441276	0.930401159981	0.735137747704	0.812953117448	0.890285161914	0.869018849686	0.743837602707	0.708071532141	0.887385210246	0.899468342194	0.927017883035	0.933784436926	0.938617689705	0.929917834703	0.942484291928	0.913001449976	0.952634122765	0.919768003867	0.931851135814	0.869985500242	0.890768487192	0.90961817303	0.956500724988	0.95360077332	0.926051232479	0.925084581924	0.931367810536	0.924601256646	0.927017883035	0.918801353311	0.922667955534	0.918318028033	0.918318028033	0.918801353311	0.924601256646	0.915418076365	0.927501208313	0.928951184147	0.947317544708	0.924117931368
AB8	0.720637989367	0.728854519091	0.755920734654	0.572257129048	0.75688738521	0.745770903818	0.77090381827	0.757854035766	0.741420976317	0.761720637989	0.781536974384	0.728371193813	0.755437409377	0.6805219913	0.758337361044	0.713388110198	0.767520541324	0.765103914935	0.413243112615	0.0	0.65055582407	0.667472208797	0.750120831319	0.746254229096	0.733204446593	0.639439342678	0.710971483809	0.685838569357	0.544707588207	0.521991300145	0.734171097148	0.73610439826	0.762687288545	0.765587240213	0.81488641856	0.764620589657	0.771387143548	0.740454325761	0.776703721605	0.758820686322	0.752054132431	0.710971483809	0.725471242146	0.737071048816	0.789753504108	0.786853552441	0.819236346061	0.768003866602	0.809086515225	0.785403576607	0.78250362494	0.786853552441	0.769453842436	0.768970517158	0.77090381827	0.763170613823	0.760753987434	0.794586756887	0.758337361044	0.761720637989	0.780570323828	0.771387143548
AC7	0.610439826003	0.660222329628	0.892218463026	0.664088931851	0.741420976317	0.581923634606	0.732237796037	0.578540357661	0.552924117931	0.657805703238	0.596906718221	0.707104881585	0.679555340744	0.816819719671	0.703238279362	0.631706138231	0.590140164331	0.581440309328	0.813436442726	0.65055582407	0.0	0.377477042049	0.580473658772	0.576123731271	0.826969550507	0.586273562107	0.53697438376	0.497341710971	0.477525374577	0.479458675689	0.570323827936	0.544707588207	0.5601739971	0.599323344611	0.819236346061	0.744804253262	0.624456259062	0.640405993233	0.620589656839	0.720154664089	0.666988883519	0.721604639923	0.711454809087	0.65055582407	0.64813919768	0.614789753504	0.823102948284	0.762203963267	0.806186563557	0.791203479942	0.755437409377	0.790236829386	0.69453842436	0.669405509908	0.675205413243	0.677138714355	0.675205413243	0.784920251329	0.686321894635	0.771870468826	0.633156114065	0.768003866602
AC8	0.56259062349	0.570807153214	0.912518124698	0.629772837119	0.686321894635	0.526341227646	0.693088448526	0.513291445143	0.491058482359	0.585790236829	0.554374093765	0.637022716288	0.599323344611	0.835186080232	0.623006283229	0.55099081682	0.520057999033	0.509424842919	0.837602706622	0.667472208797	0.377477042049	0.0	0.511358144031	0.515224746254	0.840502658289	0.556307394877	0.410826486225	0.376510391493	0.443692605123	0.466408893185	0.539874335428	0.48622522958	0.499275012083	0.521991300145	0.737554374094	0.662638956017	0.555824069599	0.564040599323	0.552440792653	0.643789270179	0.586273562107	0.66892218463	0.654905751571	0.584823586274	0.581923634606	0.541807636539	0.740454325761	0.675205413243	0.732721121315	0.719188013533	0.678105364911	0.700338327695	0.610923151281	0.582890285162	0.59255679072	0.593523441276	0.582406959884	0.701788303528	0.598356694055	0.696955050749	0.560657322378	0.684871918801
AD7	0.586756887385	0.588206863219	0.959884001933	0.660705654906	0.721604639923	0.517158047366	0.702754954084	0.501208313195	0.493475108748	0.583856935718	0.450459159014	0.663122281295	0.60415659739	0.880618656356	0.636056065732	0.581923634606	0.492508458192	0.488158530691	0.93523441276	0.750120831319	0.580473658772	0.511358144031	0.0	0.276462058966	0.896568390527	0.524891251812	0.432092798453	0.463992266796	0.504108264862	0.55099081682	0.502174963751	0.48622522958	0.493475108748	0.53697438376	0.748187530208	0.669888835186	0.507491541808	0.586273562107	0.534074432093	0.649589173514	0.588206863219	0.716771387144	0.698405026583	0.607056549058	0.578057032383	0.545190913485	0.742870952151	0.674238762687	0.739487675205	0.720637989367	0.674238762687	0.700821652972	0.617689705172	0.59497341711	0.595940067666	0.604639922668	0.596906718221	0.705654905752	0.611406476559	0.698888351861	0.564040599323	0.680038666022
AD8	0.586756887385	0.581440309328	0.95601739971	0.646689221846	0.710004833253	0.505558240696	0.696955050749	0.492508458192	0.489125181247	0.575157080715	0.444175930401	0.647172547124	0.601256645723	0.878202029966	0.637506041566	0.577573707105	0.492508458192	0.484291928468	0.930401159981	0.746254229096	0.576123731271	0.515224746254	0.276462058966	0.0	0.867085548574	0.501208313195	0.423876268729	0.473175447076	0.487675205413	0.534074432093	0.504108264862	0.489608506525	0.499275012083	0.540357660706	0.744804253262	0.661188980184	0.49540840986	0.581923634606	0.523924601257	0.637989366844	0.578540357661	0.716288061866	0.696471725471	0.599323344611	0.581440309328	0.551474142098	0.73368777187	0.665538907685	0.732237796037	0.708554857419	0.662155630739	0.693088448526	0.609956500725	0.590623489609	0.591106814886	0.598840019333	0.596906718221	0.696955050749	0.607539874335	0.691638472692	0.565973900435	0.670855485742
AE7	0.833736104398	0.885451909135	0.855485741904	0.8008699855	0.831319478009	0.881585306912	0.918801353311	0.90043499275	0.882068632189	0.908168197197	0.919284678589	0.839536007733	0.883035282745	0.827936201063	0.898501691638	0.84726921218	0.869018849686	0.866118898018	0.735137747704	0.733204446593	0.826969550507	0.840502658289	0.896568390527	0.867085548574	0.0	0.533591106815	0.867085548574	0.859835669406	0.766553890768	0.778153697438	0.837602706622	0.851135814403	0.903334944418	0.906718221363	0.929434509425	0.917351377477	0.921701304978	0.898501691638	0.918318028033	0.872885451909	0.898018366361	0.87046882552	0.877718704688	0.87723537941	0.940067665539	0.934751087482	0.889801836636	0.907684871919	0.907684871919	0.90043499275	0.902368293862	0.898985016916	0.894151764137	0.90285161914	0.902368293862	0.893668438859	0.904784920251	0.892701788304	0.907684871919	0.905268245529	0.91445142581	0.903334944418
AE8	0.593040115998	0.625906234896	0.894635089415	0.641372643789	0.690188496858	0.582406959884	0.694055099082	0.599323344611	0.582406959884	0.619139681005	0.62735621073	0.631222812953	0.635089415176	0.815853069116	0.683905268246	0.595940067666	0.599806669889	0.594490091832	0.812953117448	0.639439342678	0.586273562107	0.556307394877	0.524891251812	0.501208313195	0.533591106815	0.0	0.574673755437	0.566457225713	0.514741420976	0.513291445143	0.574190430159	0.571290478492	0.611406476559	0.617206379894	0.765587240213	0.698405026583	0.623489608507	0.608506524891	0.626872885452	0.661672305462	0.622039632673	0.687288545191	0.676655389077	0.611889801837	0.64813919768	0.637022716288	0.751087481875	0.704204929918	0.755437409377	0.726437892702	0.699855002417	0.731754470759	0.659255679072	0.636056065732	0.639922667956	0.639922667956	0.651039149348	0.732237796037	0.658772353794	0.709038182697	0.614306428226	0.701788303528
AF7	0.55775737071	0.542774287095	0.940550990817	0.640889318511	0.666022232963	0.482841952634	0.699371677139	0.448525857902	0.440792653456	0.58337361044	0.438376027066	0.60657322378	0.549057515708	0.864185596907	0.617206379894	0.542774287095	0.430159497342	0.436442725955	0.890285161914	0.710971483809	0.53697438376	0.410826486225	0.432092798453	0.423876268729	0.867085548574	0.574673755437	0.0	0.327211213146	0.467858869019	0.511841469309	0.485258579024	0.475108748188	0.422426292895	0.46979217013	0.704204929918	0.626872885452	0.460125664572	0.526341227646	0.494441759304	0.631706138231	0.537457709038	0.687288545191	0.672305461576	0.558240695988	0.535041082649	0.50459159014	0.6805219913	0.622522957951	0.688738521025	0.670855485742	0.62493958434	0.648622522958	0.567423876269	0.539874335428	0.541807636539	0.547124214596	0.559207346544	0.646205896568	0.569840502658	0.649105848236	0.511841469309	0.626389560174
AF8	0.55775737071	0.563073948768	0.936684388594	0.643305944901	0.689221846303	0.506524891252	0.699855002417	0.475108748188	0.46979217013	0.582890285162	0.505074915418	0.632672788787	0.583856935718	0.861768970517	0.629772837119	0.547607539874	0.476075398743	0.467858869019	0.869018849686	0.685838569357	0.497341710971	0.376510391493	0.463992266796	0.473175447076	0.859835669406	0.566457225713	0.327211213146	0.0	0.440309328178	0.490575157081	0.517158047366	0.463508941518	0.449975833736	0.507974867086	0.724987916868	0.652005799903	0.501691638473	0.545674238763	0.517158047366	0.633639439343	0.560657322378	0.669405509908	0.65973900435	0.570807153214	0.564523924601	0.535524407927	0.704688255196	0.644272595457	0.709521507975	0.69212179797	0.646689221846	0.670372160464	0.581923634606	0.553890768487	0.560657322378	0.567423876269	0.564040599323	0.671822136298	0.573223779604	0.672788786854	0.53020782987	0.649589173514
AG7	0.579023682939	0.581440309328	0.841469308845	0.550507491542	0.672305461576	0.519091348478	0.698888351861	0.498308361527	0.477042049299	0.577090381827	0.537457709038	0.626389560174	0.606089898502	0.765587240213	0.652972450459	0.572740454326	0.529724504592	0.518124697922	0.743837602707	0.544707588207	0.477525374577	0.443692605123	0.504108264862	0.487675205413	0.766553890768	0.514741420976	0.467858869019	0.440309328178	0.0	0.300144997583	0.550024166264	0.516674722088	0.506524891252	0.551474142098	0.74770420493	0.663122281295	0.527307878202	0.553407443209	0.536007733204	0.649589173514	0.581923634606	0.665538907685	0.654422426293	0.560657322378	0.591590140164	0.562107298212	0.735137747704	0.667472208797	0.724987916868	0.705171580474	0.663122281295	0.696955050749	0.611889801837	0.597873368777	0.601739971	0.603673272112	0.614306428226	0.698888351861	0.622522957951	0.684388593523	0.576607056549	0.668438859352
AG8	0.59497341711	0.605606573224	0.852585790237	0.598356694055	0.693088448526	0.551474142098	0.69453842436	0.555340744321	0.541324311261	0.600773320445	0.584823586274	0.645239246013	0.633156114065	0.765587240213	0.671822136298	0.59255679072	0.568390526825	0.567423876269	0.708071532141	0.521991300145	0.479458675689	0.466408893185	0.55099081682	0.534074432093	0.778153697438	0.513291445143	0.511841469309	0.490575157081	0.300144997583	0.0	0.565973900435	0.549057515708	0.557274045433	0.589656839053	0.769453842436	0.685838569357	0.579990333494	0.578540357661	0.579023682939	0.660222329628	0.607539874335	0.672305461576	0.664088931851	0.595940067666	0.623489608507	0.599323344611	0.761237312711	0.693571773804	0.746737554374	0.728371193813	0.688738521025	0.722087965201	0.65055582407	0.629772837119	0.629289511841	0.633156114065	0.643305944901	0.719671338811	0.647172547124	0.706621556307	0.609473175447	0.693088448526
AH7	0.580473658772	0.631706138231	0.952634122765	0.696471725471	0.709038182697	0.559207346544	0.725954567424	0.544707588207	0.546640889319	0.633639439343	0.52537457709	0.661188980184	0.637989366844	0.885451909135	0.681971967134	0.595456742388	0.520057999033	0.483325277912	0.887385210246	0.734171097148	0.570323827936	0.539874335428	0.502174963751	0.504108264862	0.837602706622	0.574190430159	0.485258579024	0.517158047366	0.550024166264	0.565973900435	0.0	0.341710971484	0.565007249879	0.614306428226	0.784436926051	0.717254712421	0.559207346544	0.640405993233	0.596906718221	0.670855485742	0.632672788787	0.761237312711	0.743837602707	0.654905751571	0.645239246013	0.614306428226	0.764137264379	0.718221362977	0.765103914935	0.737554374094	0.706138231029	0.729337844369	0.639922667956	0.625422909618	0.61333977767	0.62735621073	0.630256162397	0.731271145481	0.6389560174	0.716771387144	0.612373127115	0.72450459159
AH8	0.552924117931	0.579507008217	0.955050749154	0.652005799903	0.675205413243	0.499275012083	0.695505074915	0.493475108748	0.482841952634	0.586273562107	0.509908168197	0.619139681005	0.570807153214	0.876752054132	0.626389560174	0.547607539874	0.434026099565	0.393910101498	0.899468342194	0.73610439826	0.544707588207	0.48622522958	0.48622522958	0.489608506525	0.851135814403	0.571290478492	0.475108748188	0.463508941518	0.516674722088	0.549057515708	0.341710971484	0.0	0.503624939584	0.537941034316	0.748187530208	0.675688738521	0.532624456259	0.589656839053	0.535524407927	0.616239729338	0.577573707105	0.719188013533	0.699371677139	0.610439826003	0.584340260996	0.551474142098	0.718221362977	0.656839052682	0.710488158531	0.681971967134	0.65732237796	0.683905268246	0.592073465442	0.565973900435	0.572257129048	0.573223779604	0.563557274045	0.678105364911	0.585306911551	0.671822136298	0.556790720155	0.667955534074
AA5	0.577573707105	0.511841469309	0.958917351377	0.64572257129	0.618656355727	0.454325761237	0.636056065732	0.406959884002	0.41904301595	0.52537457709	0.439342677622	0.560657322378	0.533591106815	0.882551957467	0.55099081682	0.543257612373	0.432092798453	0.434992750121	0.927017883035	0.762687288545	0.5601739971	0.499275012083	0.493475108748	0.499275012083	0.903334944418	0.611406476559	0.422426292895	0.449975833736	0.506524891252	0.557274045433	0.565007249879	0.503624939584	0.0	0.343644272595	0.692605123248	0.596423392943	0.466408893185	0.462542290962	0.464475592073	0.572257129048	0.477042049299	0.625906234896	0.60415659739	0.476558724021	0.53020782987	0.477042049299	0.70130497825	0.637989366844	0.678588690188	0.65973900435	0.645239246013	0.672788786854	0.552440792653	0.551474142098	0.558240695988	0.548090865152	0.547124214596	0.666022232963	0.567907201547	0.640889318511	0.51619139681	0.641372643789
AA6	0.575157080715	0.514741420976	0.968100531658	0.655872402127	0.637506041566	0.471242145964	0.651522474625	0.45142580957	0.453842435959	0.542290961817	0.490091831803	0.579023682939	0.532141130981	0.88883518608	0.580473658772	0.548090865152	0.478008699855	0.493475108748	0.933784436926	0.765587240213	0.599323344611	0.521991300145	0.53697438376	0.540357660706	0.906718221363	0.617206379894	0.46979217013	0.507974867086	0.551474142098	0.589656839053	0.614306428226	0.537941034316	0.343644272595	0.0	0.686805219913	0.586273562107	0.508458192363	0.488641855969	0.488158530691	0.587240212663	0.493475108748	0.659255679072	0.632189463509	0.517641372644	0.469308844853	0.431126147898	0.693088448526	0.635572740454	0.677622039633	0.659255679072	0.635572740454	0.666505558241	0.55099081682	0.547124214596	0.549540840986	0.542774287095	0.547124214596	0.662155630739	0.563557274045	0.641372643789	0.521991300145	0.637506041566
AB5	0.743837602707	0.661672305462	0.978250362494	0.72450459159	0.622039632673	0.652489125181	0.731754470759	0.652005799903	0.658289028516	0.69453842436	0.670372160464	0.620106331561	0.661188980184	0.901884968584	0.710971483809	0.702271628806	0.703238279362	0.71290478492	0.938617689705	0.81488641856	0.819236346061	0.737554374094	0.748187530208	0.744804253262	0.929434509425	0.765587240213	0.704204929918	0.724987916868	0.74770420493	0.769453842436	0.784436926051	0.748187530208	0.692605123248	0.686805219913	0.0	0.328177863702	0.619623006283	0.667472208797	0.629772837119	0.638472692122	0.621556307395	0.73610439826	0.73610439826	0.65732237796	0.633156114065	0.628806186564	0.623006283229	0.621556307395	0.636056065732	0.601739971	0.628322861286	0.617689705172	0.602223296278	0.621556307395	0.62493958434	0.611406476559	0.67133881102	0.596906718221	0.663122281295	0.607056549058	0.676655389077	0.623006283229
AB6	0.672788786854	0.579507008217	0.969550507492	0.666988883519	0.585306911551	0.567423876269	0.661188980184	0.558724021266	0.572740454326	0.611889801837	0.597873368777	0.531174480425	0.603189946834	0.889801836636	0.632189463509	0.628322861286	0.631706138231	0.644272595457	0.929917834703	0.764620589657	0.744804253262	0.662638956017	0.669888835186	0.661188980184	0.917351377477	0.698405026583	0.626872885452	0.652005799903	0.663122281295	0.685838569357	0.717254712421	0.675688738521	0.596423392943	0.586273562107	0.328177863702	0.0	0.550024166264	0.577573707105	0.553407443209	0.566940550991	0.545674238763	0.66892218463	0.656839052682	0.542290961817	0.550507491542	0.542290961817	0.610923151281	0.558240695988	0.598356694055	0.566457225713	0.565490575157	0.587240212663	0.526824552924	0.564523924601	0.558240695988	0.547607539874	0.594006766554	0.568873852102	0.585306911551	0.553890768487	0.612373127115	0.553890768487
AC5	0.598356694055	0.559690671822	0.976317061382	0.645239246013	0.623006283229	0.47462542291	0.6805219913	0.436926051232	0.440792653456	0.573707104882	0.417593040116	0.565007249879	0.546640889319	0.892701788304	0.630739487675	0.586273562107	0.474142097632	0.473658772354	0.942484291928	0.771387143548	0.624456259062	0.555824069599	0.507491541808	0.49540840986	0.921701304978	0.623489608507	0.460125664572	0.501691638473	0.527307878202	0.579990333494	0.559207346544	0.532624456259	0.466408893185	0.508458192363	0.619623006283	0.550024166264	0.0	0.455292411793	0.427259545674	0.60657322378	0.521507974867	0.710004833253	0.680038666022	0.539874335428	0.485258579024	0.451909134848	0.605123247946	0.56259062349	0.612373127115	0.584340260996	0.558240695988	0.587723537941	0.505074915418	0.496375060416	0.489125181247	0.491541807637	0.578540357661	0.593040115998	0.593040115998	0.562107298212	0.530691155147	0.565490575157
AC6	0.613823102948	0.509424842919	0.956984050266	0.631706138231	0.586273562107	0.509908168197	0.547124214596	0.469308844853	0.516674722088	0.443692605123	0.545190913485	0.534557757371	0.555340744321	0.869018849686	0.536491058482	0.561140647656	0.549540840986	0.558240695988	0.913001449976	0.740454325761	0.640405993233	0.564040599323	0.586273562107	0.581923634606	0.898501691638	0.608506524891	0.526341227646	0.545674238763	0.553407443209	0.578540357661	0.640405993233	0.589656839053	0.462542290962	0.488641855969	0.667472208797	0.577573707105	0.455292411793	0.0	0.516674722088	0.540840985984	0.477042049299	0.480908651522	0.445625906235	0.413243112615	0.558724021266	0.540840985984	0.682455292412	0.628806186564	0.672305461576	0.64572257129	0.628806186564	0.655872402127	0.58337361044	0.568390526825	0.564523924601	0.565007249879	0.566457225713	0.654905751571	0.570323827936	0.625906234896	0.548090865152	0.640889318511
AD6	0.605123247946	0.535524407927	0.97680038666	0.634606089899	0.585306911551	0.429192846786	0.641372643789	0.420976317061	0.427259545674	0.533591106815	0.429676172064	0.52537457709	0.529241179314	0.895118414693	0.595940067666	0.562107298212	0.474142097632	0.478008699855	0.952634122765	0.776703721605	0.620589656839	0.552440792653	0.534074432093	0.523924601257	0.918318028033	0.626872885452	0.494441759304	0.517158047366	0.536007733204	0.579023682939	0.596906718221	0.535524407927	0.464475592073	0.488158530691	0.629772837119	0.553407443209	0.427259545674	0.516674722088	0.0	0.564523924601	0.426292895118	0.696471725471	0.675205413243	0.519574673755	0.489608506525	0.454809086515	0.606089898502	0.547124214596	0.598840019333	0.569840502658	0.555340744321	0.579507008217	0.482358627356	0.468825519575	0.473658772354	0.468825519575	0.566457225713	0.577090381827	0.568873852102	0.563073948768	0.494925084582	0.556790720155
AE5	0.61575640406	0.544224262929	0.977283711938	0.637989366844	0.560657322378	0.553407443209	0.581440309328	0.55775737071	0.606089898502	0.539874335428	0.627839536008	0.51619139681	0.593040115998	0.89125181247	0.558240695988	0.566940550991	0.608506524891	0.618656355727	0.919768003867	0.758820686322	0.720154664089	0.643789270179	0.649589173514	0.637989366844	0.872885451909	0.661672305462	0.631706138231	0.633639439343	0.649589173514	0.660222329628	0.670855485742	0.616239729338	0.572257129048	0.587240212663	0.638472692122	0.566940550991	0.60657322378	0.540840985984	0.564523924601	0.0	0.365877235379	0.60657322378	0.59255679072	0.536007733204	0.635089415176	0.633156114065	0.65732237796	0.609956500725	0.65055582407	0.632672788787	0.635572740454	0.645239246013	0.553890768487	0.574190430159	0.600773320445	0.556307394877	0.556307394877	0.640889318511	0.563557274045	0.620589656839	0.586273562107	0.618173030449
AE6	0.585790236829	0.4813919768	0.977283711938	0.621072982117	0.562107298212	0.470275495408	0.579507008217	0.458192363461	0.509424842919	0.491058482359	0.527307878202	0.516674722088	0.524407926535	0.892218463026	0.538424359594	0.533591106815	0.52537457709	0.531657805703	0.931851135814	0.752054132431	0.666988883519	0.586273562107	0.588206863219	0.578540357661	0.898018366361	0.622039632673	0.537457709038	0.560657322378	0.581923634606	0.607539874335	0.632672788787	0.577573707105	0.477042049299	0.493475108748	0.621556307395	0.545674238763	0.521507974867	0.477042049299	0.426292895118	0.365877235379	0.0	0.628806186564	0.608989850169	0.481875302078	0.537457709038	0.537457709038	0.630739487675	0.57177380377	0.617689705172	0.599806669889	0.59255679072	0.612373127115	0.51619139681	0.496375060416	0.508458192363	0.493958434026	0.519091348478	0.609473175447	0.524407926535	0.582890285162	0.492508458192	0.591590140164
AF5	0.717254712421	0.632189463509	0.938134364427	0.666505558241	0.65732237796	0.6805219913	0.53939101015	0.634122764621	0.677622039633	0.565490575157	0.715804736588	0.623006283229	0.678588690188	0.855485741904	0.601739971	0.667955534074	0.714838086032	0.724021266312	0.869985500242	0.710971483809	0.721604639923	0.66892218463	0.716771387144	0.716288061866	0.87046882552	0.687288545191	0.687288545191	0.669405509908	0.665538907685	0.672305461576	0.761237312711	0.719188013533	0.625906234896	0.659255679072	0.73610439826	0.66892218463	0.710004833253	0.480908651522	0.696471725471	0.60657322378	0.628806186564	0.0	0.278878685355	0.531174480425	0.720637989367	0.709038182697	0.753504108265	0.713388110198	0.743354277429	0.718221362977	0.732237796037	0.745770903818	0.697921701305	0.717738037699	0.728371193813	0.706621556307	0.670855485742	0.740454325761	0.675688738521	0.697921701305	0.711938134364	0.724021266312
AF6	0.700821652972	0.609473175447	0.941034316095	0.666505558241	0.649589173514	0.662638956017	0.523924601257	0.616723054616	0.660705654906	0.544707588207	0.695505074915	0.612373127115	0.655872402127	0.859835669406	0.576123731271	0.647172547124	0.699371677139	0.706138231029	0.890768487192	0.725471242146	0.711454809087	0.654905751571	0.698405026583	0.696471725471	0.877718704688	0.676655389077	0.672305461576	0.65973900435	0.654422426293	0.664088931851	0.743837602707	0.699371677139	0.60415659739	0.632189463509	0.73610439826	0.656839052682	0.680038666022	0.445625906235	0.675205413243	0.59255679072	0.608989850169	0.278878685355	0.0	0.514741420976	0.702754954084	0.688255195747	0.749154180764	0.70372160464	0.735137747704	0.707588206863	0.707104881585	0.738037699372	0.678588690188	0.699371677139	0.707588206863	0.688738521025	0.647172547124	0.730787820203	0.652972450459	0.692605123248	0.692605123248	0.709521507975
