	AA3	AA4	AB3	AB4	AC3	AC4	AD3	AD4	AE3	AE4	AF3	AF4	AG3	AG4	AH3	AH4	AA7	AA8	AB7	AB8	AC7	AC8	AD7	AD8	AE7	AE8	AF7	AF8	AG7	AG8	AH7	AH8	AA5	AA6	AB5	AB6	AC5	AC6	AD6	AE5	AE6	AF5	AF6	AG5	AH5	AH6	AA1	AA2	AB1	AB2	AC1	AC2	AD1	AD2	AE1	AE2	AF1	AF2	AG1	AG2	AH1	AH2
AA3	0.0	0.492025132914	0.934267762204	0.635089415176	0.649105848236	0.579023682939	0.683421942968	0.592073465442	0.586273562107	0.648622522958	0.612856452392	0.615273078782	0.59497341711	0.849685838569	0.652972450459	0.337361043983	0.58337361044	0.577573707105	0.863702271629	0.725954567424	0.633639439343	0.59255679072	0.601256645723	0.595940067666	0.829386176897	0.585790236829	0.584823586274	0.585306911551	0.582890285162	0.595940067666	0.596906718221	0.569840502658	0.597873368777	0.613823102948	0.729821169647	0.691155147414	0.618656355727	0.625906234896	0.608023199613	0.622522957951	0.606089898502	0.712421459642	0.69212179797	0.62735621073	0.63653939101	0.631706138231	0.684871918801	0.640405993233	0.711454809087	0.669405509908	0.646205896568	0.658289028516	0.58337361044	0.565007249879	0.581440309328	0.576607056549	0.584823586274	0.662638956017	0.591106814886	0.673755437409	0.595940067666	0.646205896568
AA4	0.492025132914	0.0	0.948284195263	0.575157080715	0.575157080715	0.492508458192	0.602706621556	0.492508458192	0.51619139681	0.528274528758	0.559690671822	0.531174480425	0.487191880135	0.859352344128	0.378927017883	0.355727404543	0.542290961817	0.537457709038	0.889801836636	0.744320927985	0.660222329628	0.591590140164	0.587240212663	0.577090381827	0.871918801353	0.613823102948	0.560657322378	0.556790720155	0.592073465442	0.615273078782	0.62493958434	0.578540357661	0.519091348478	0.524891251812	0.656355727405	0.603189946834	0.570807153214	0.522474625423	0.545190913485	0.525857902368	0.496858385694	0.647172547124	0.599806669889	0.53020782987	0.595456742388	0.576607056549	0.654422426293	0.588690188497	0.629772837119	0.601739971	0.602223296278	0.627839536008	0.53020782987	0.51619139681	0.52779120348	0.53020782987	0.498308361527	0.635572740454	0.521024649589	0.612373127115	0.521991300145	0.584340260996
AB3	0.934267762204	0.948284195263	0.0	0.685838569357	0.905268245529	0.952150797487	0.954084098598	0.937167713871	0.928951184147	0.950217496375	0.970033832769	0.937651039149	0.966167230546	0.348960850652	0.962300628323	0.939584340261	0.968583856936	0.969067182214	0.748670855486	0.752537457709	0.886901884969	0.901401643306	0.961333977767	0.947317544708	0.845819236346	0.903334944418	0.940067665539	0.938617689705	0.845819236346	0.840502658289	0.953117448043	0.956500724988	0.955050749154	0.959400676655	0.973417109715	0.966167230546	0.972450459159	0.954084098598	0.973417109715	0.972933784437	0.972450459159	0.931367810536	0.933301111648	0.948767520541	0.974867085549	0.970033832769	0.971967133881	0.972450459159	0.96761720638	0.971967133881	0.973417109715	0.968583856936	0.971967133881	0.973417109715	0.977767037216	0.972450459159	0.971967133881	0.970033832769	0.971000483325	0.973417109715	0.971967133881	0.971483808603
AB4	0.635089415176	0.575157080715	0.685838569357	0.0	0.621556307395	0.602223296278	0.684871918801	0.60657322378	0.608989850169	0.628322861286	0.647655872402	0.610439826003	0.477525374577	0.574190430159	0.610439826003	0.582890285162	0.635572740454	0.641855969067	0.741904301595	0.590140164331	0.661188980184	0.625906234896	0.664088931851	0.651522474625	0.793136781054	0.637506041566	0.655389076849	0.644272595457	0.554857419043	0.586273562107	0.68970517158	0.644755920735	0.63653939101	0.646205896568	0.707104881585	0.665538907685	0.652972450459	0.630739487675	0.6389560174	0.633639439343	0.622039632673	0.674238762687	0.649105848236	0.628806186564	0.687288545191	0.676655389077	0.694055099082	0.663122281295	0.693088448526	0.672788786854	0.675688738521	0.675688738521	0.628806186564	0.64572257129	0.658772353794	0.639922667956	0.644272595457	0.677622039633	0.634606089899	0.681971967134	0.651039149348	0.675688738521
AC3	0.649105848236	0.575157080715	0.905268245529	0.621556307395	0.0	0.486708554857	0.645239246013	0.545190913485	0.566940550991	0.591106814886	0.613823102948	0.307394876752	0.60415659739	0.825519574674	0.603189946834	0.585306911551	0.609956500725	0.595456742388	0.863218946351	0.752054132431	0.71290478492	0.673272112131	0.71290478492	0.706621556307	0.82648622523	0.680038666022	0.643305944901	0.662155630739	0.659255679072	0.681005316578	0.698405026583	0.656355727405	0.590623489609	0.620106331561	0.59497341711	0.568390526825	0.606089898502	0.575640405993	0.592073465442	0.553890768487	0.547607539874	0.670372160464	0.646689221846	0.561140647656	0.630739487675	0.623489608507	0.590623489609	0.586756887385	0.58095698405	0.571290478492	0.588206863219	0.589173513775	0.528274528758	0.550507491542	0.572257129048	0.550024166264	0.609473175447	0.577090381827	0.612856452392	0.579990333494	0.60657322378	0.580473658772
AC4	0.579023682939	0.492508458192	0.952150797487	0.602223296278	0.486708554857	0.0	0.62493958434	0.409376510391	0.40502658289	0.522474625423	0.327211213146	0.417109714838	0.479458675689	0.869018849686	0.554857419043	0.51377477042	0.468342194297	0.444659255679	0.92363460609	0.766553890768	0.588690188497	0.53939101015	0.517158047366	0.510874818753	0.889801836636	0.585306911551	0.490091831803	0.500241662639	0.541324311261	0.577090381827	0.572257129048	0.50700821653	0.448525857902	0.467858869019	0.632672788787	0.571290478492	0.478492025133	0.510874818753	0.433542774287	0.544707588207	0.462542290962	0.691155147414	0.645239246013	0.507974867086	0.512808119865	0.471725471242	0.638472692122	0.578057032383	0.605123247946	0.573707104882	0.582406959884	0.61333977767	0.493475108748	0.491541807637	0.504108264862	0.506524891252	0.519574673755	0.609956500725	0.543257612373	0.589656839053	0.462058965684	0.568390526825
AD3	0.683421942968	0.602706621556	0.954084098598	0.684871918801	0.645239246013	0.62493958434	0.0	0.528274528758	0.652489125181	0.3610439826	0.681488641856	0.611889801837	0.650072498792	0.869502174964	0.578540357661	0.642339294345	0.68970517158	0.693571773804	0.93281778637	0.78008699855	0.721121314645	0.696955050749	0.703238279362	0.697921701305	0.913484775254	0.683905268246	0.704688255196	0.696471725471	0.70130497825	0.692605123248	0.724021266312	0.697438376027	0.631222812953	0.65055582407	0.731754470759	0.679555340744	0.673755437409	0.546157564041	0.646205896568	0.596906718221	0.589656839053	0.541807636539	0.52779120348	0.556790720155	0.701788303528	0.685838569357	0.765103914935	0.71290478492	0.734654422426	0.706138231029	0.711938134364	0.742387626873	0.661672305462	0.668438859352	0.673755437409	0.666022232963	0.643305944901	0.727404543258	0.653939101015	0.717738037699	0.699371677139	0.696955050749
AD4	0.592073465442	0.492508458192	0.937167713871	0.60657322378	0.545190913485	0.409376510391	0.528274528758	0.0	0.326727887869	0.409376510391	0.425326244563	0.496375060416	0.500724987917	0.850169163847	0.540840985984	0.520057999033	0.455292411793	0.442725954567	0.927984533591	0.77090381827	0.571290478492	0.503141614306	0.501208313195	0.489125181247	0.896568390527	0.597390043499	0.446592556791	0.455292411793	0.49299178347	0.560657322378	0.542290961817	0.489608506525	0.399710004833	0.461092315128	0.649105848236	0.581440309328	0.450459159014	0.476075398743	0.434026099565	0.540357660706	0.468825519575	0.645239246013	0.607539874335	0.472692121798	0.528757854036	0.477525374577	0.666022232963	0.602223296278	0.635089415176	0.615273078782	0.613823102948	0.641855969067	0.533107781537	0.519574673755	0.521024649589	0.532141130981	0.525857902368	0.642822619623	0.559690671822	0.632189463509	0.500241662639	0.597873368777
AE3	0.586273562107	0.51619139681	0.928951184147	0.608989850169	0.566940550991	0.40502658289	0.652489125181	0.326727887869	0.0	0.523441275979	0.40502658289	0.53020782987	0.485741904302	0.84726921218	0.561623972934	0.522957950701	0.435959400677	0.418559690672	0.917351377477	0.760753987434	0.555824069599	0.480908651522	0.489608506525	0.478008699855	0.888351860802	0.59255679072	0.429192846786	0.437892701788	0.4813919768	0.555340744321	0.541807636539	0.492025132914	0.401159980667	0.463508941518	0.661672305462	0.608506524891	0.454325761237	0.523924601257	0.433542774287	0.601256645723	0.528757854036	0.697438376027	0.663605606573	0.516674722088	0.522474625423	0.464475592073	0.664572257129	0.604639922668	0.64572257129	0.617206379894	0.610923151281	0.642822619623	0.532141130981	0.524407926535	0.52779120348	0.535041082649	0.545674238763	0.641372643789	0.576607056549	0.629772837119	0.485258579024	0.594490091832
AE4	0.648622522958	0.528274528758	0.950217496375	0.628322861286	0.591106814886	0.522474625423	0.3610439826	0.409376510391	0.523441275979	0.0	0.574673755437	0.547124214596	0.56259062349	0.85886901885	0.538907684872	0.582406959884	0.579023682939	0.580473658772	0.940067665539	0.781053649106	0.661672305462	0.608506524891	0.599806669889	0.599323344611	0.912518124698	0.625422909618	0.592073465442	0.581923634606	0.599323344611	0.623006283229	0.652972450459	0.595456742388	0.51619139681	0.537457709038	0.679555340744	0.612856452392	0.572257129048	0.449975833736	0.544224262929	0.533107781537	0.506041565974	0.581923634606	0.544707588207	0.486708554857	0.595940067666	0.586756887385	0.702754954084	0.650072498792	0.6805219913	0.666505558241	0.652972450459	0.679555340744	0.591590140164	0.590623489609	0.592073465442	0.598356694055	0.565973900435	0.666988883519	0.594006766554	0.676172063799	0.585790236829	0.640889318511
AF3	0.612856452392	0.559690671822	0.970033832769	0.647655872402	0.613823102948	0.327211213146	0.681488641856	0.425326244563	0.40502658289	0.574673755437	0.0	0.540357660706	0.519574673755	0.887385210246	0.603673272112	0.573223779604	0.448042532624	0.408893185114	0.950700821653	0.793620106332	0.595456742388	0.540840985984	0.436442725955	0.444659255679	0.915418076365	0.614306428226	0.446109231513	0.491541807637	0.528274528758	0.596423392943	0.520541324311	0.485258579024	0.444659255679	0.508941517641	0.667955534074	0.619623006283	0.427742870952	0.551957467376	0.435476075399	0.612856452392	0.527307878202	0.731271145481	0.686321894635	0.545190913485	0.517641372644	0.468825519575	0.661672305462	0.603673272112	0.656355727405	0.61575640406	0.60415659739	0.637506041566	0.53939101015	0.517158047366	0.522957950701	0.534557757371	0.568390526825	0.640889318511	0.586756887385	0.62493958434	0.490091831803	0.593523441276
AF4	0.615273078782	0.531174480425	0.937651039149	0.610439826003	0.307394876752	0.417109714838	0.611889801837	0.496375060416	0.53020782987	0.547124214596	0.540357660706	0.0	0.556790720155	0.849685838569	0.56259062349	0.549057515708	0.570323827936	0.553890768487	0.879168680522	0.738037699372	0.70372160464	0.65055582407	0.664572257129	0.660222329628	0.84726921218	0.643305944901	0.605606573224	0.623489608507	0.644272595457	0.664572257129	0.664088931851	0.614789753504	0.558240695988	0.585306911551	0.596423392943	0.541324311261	0.571290478492	0.544707588207	0.543740937651	0.526824552924	0.509424842919	0.638472692122	0.608989850169	0.532624456259	0.587723537941	0.582890285162	0.581440309328	0.535524407927	0.569840502658	0.534557757371	0.538424359594	0.558240695988	0.48622522958	0.506524891252	0.524407926535	0.509908168197	0.578057032383	0.554374093765	0.576607056549	0.553407443209	0.556307394877	0.531174480425
AG3	0.59497341711	0.487191880135	0.966167230546	0.477525374577	0.60415659739	0.479458675689	0.650072498792	0.500724987917	0.485741904302	0.56259062349	0.519574673755	0.556790720155	0.0	0.846785886902	0.529724504592	0.51619139681	0.495891735138	0.487675205413	0.933301111648	0.776220396327	0.657805703238	0.594490091832	0.586756887385	0.58337361044	0.89125181247	0.616723054616	0.534074432093	0.544224262929	0.590623489609	0.613823102948	0.628806186564	0.56935717738	0.510391493475	0.512808119865	0.64572257129	0.605123247946	0.535524407927	0.534074432093	0.510874818753	0.563557274045	0.497341710971	0.687288545191	0.642822619623	0.525857902368	0.564523924601	0.547607539874	0.632189463509	0.582406959884	0.632672788787	0.610439826003	0.59255679072	0.609473175447	0.509424842919	0.519091348478	0.531174480425	0.536007733204	0.532624456259	0.617689705172	0.557274045433	0.616723054616	0.494441759304	0.576607056549
AG4	0.849685838569	0.859352344128	0.348960850652	0.574190430159	0.825519574674	0.869018849686	0.869502174964	0.850169163847	0.84726921218	0.85886901885	0.887385210246	0.849685838569	0.846785886902	0.0	0.874818753021	0.852102464959	0.892701788304	0.891735137748	0.725471242146	0.674238762687	0.817786370227	0.827452875785	0.880618656356	0.867568873852	0.826969550507	0.82648622523	0.860802319961	0.852585790237	0.762687288545	0.747220879652	0.883035282745	0.875785403577	0.876268728855	0.876752054132	0.901401643306	0.890285161914	0.893185113581	0.865152247463	0.890768487192	0.884485258579	0.882551957467	0.850169163847	0.842919284679	0.869502174964	0.895601739971	0.892701788304	0.882551957467	0.884968583857	0.888351860802	0.887385210246	0.893668438859	0.886901884969	0.893185113581	0.887385210246	0.895601739971	0.889318511358	0.89125181247	0.88883518608	0.88883518608	0.887385210246	0.896085065249	0.890768487192
AH3	0.652972450459	0.378927017883	0.962300628323	0.610439826003	0.603189946834	0.554857419043	0.578540357661	0.540840985984	0.561623972934	0.538907684872	0.603673272112	0.56259062349	0.529724504592	0.874818753021	0.0	0.521024649589	0.597873368777	0.597873368777	0.929917834703	0.787336877719	0.703238279362	0.640405993233	0.626872885452	0.637506041566	0.908168197197	0.675688738521	0.623489608507	0.616723054616	0.650072498792	0.673755437409	0.685355244079	0.633639439343	0.543257612373	0.565973900435	0.699371677139	0.641372643789	0.622039632673	0.53020782987	0.587240212663	0.547124214596	0.547607539874	0.612373127115	0.555824069599	0.551474142098	0.64572257129	0.632672788787	0.699371677139	0.628806186564	0.660222329628	0.646689221846	0.648622522958	0.669888835186	0.586756887385	0.585790236829	0.591106814886	0.590140164331	0.570807153214	0.673755437409	0.570807153214	0.653455775737	0.58095698405	0.618173030449
AH4	0.337361043983	0.355727404543	0.939584340261	0.582890285162	0.585306911551	0.51377477042	0.642339294345	0.520057999033	0.522957950701	0.582406959884	0.573223779604	0.549057515708	0.51619139681	0.852102464959	0.521024649589	0.0	0.52537457709	0.528274528758	0.869502174964	0.729337844369	0.632672788787	0.563557274045	0.582890285162	0.570807153214	0.846785886902	0.592073465442	0.549540840986	0.552440792653	0.567907201547	0.593040115998	0.599323344611	0.55099081682	0.542290961817	0.549540840986	0.681005316578	0.637989366844	0.582890285162	0.563557274045	0.554857419043	0.577573707105	0.529241179314	0.680038666022	0.640405993233	0.568390526825	0.603189946834	0.589173513775	0.649589173514	0.593523441276	0.661672305462	0.612856452392	0.604639922668	0.62735621073	0.536007733204	0.508458192363	0.532624456259	0.52537457709	0.507974867086	0.623006283229	0.524407926535	0.621556307395	0.531174480425	0.595940067666
AA7	0.58337361044	0.542290961817	0.968583856936	0.635572740454	0.609956500725	0.468342194297	0.68970517158	0.455292411793	0.435959400677	0.579023682939	0.448042532624	0.570323827936	0.495891735138	0.892701788304	0.597873368777	0.52537457709	0.0	0.304978250362	0.919284678589	0.775737071049	0.584823586274	0.509424842919	0.491541807637	0.490575157081	0.872885451909	0.596423392943	0.452392460126	0.461575640406	0.524891251812	0.597873368777	0.520541324311	0.416143064282	0.433542774287	0.490575157081	0.687771870469	0.652972450459	0.479942000967	0.561140647656	0.480425326245	0.60657322378	0.538424359594	0.730304494925	0.683421942968	0.568873852102	0.558240695988	0.506041565974	0.660705654906	0.610439826003	0.670372160464	0.629772837119	0.604639922668	0.630256162397	0.521507974867	0.516674722088	0.53020782987	0.532624456259	0.526824552924	0.626389560174	0.550507491542	0.647172547124	0.488158530691	0.604639922668
AA8	0.577573707105	0.537457709038	0.969067182214	0.641855969067	0.595456742388	0.444659255679	0.693571773804	0.442725954567	0.418559690672	0.580473658772	0.408893185114	0.553890768487	0.487675205413	0.891735137748	0.597873368777	0.528274528758	0.304978250362	0.0	0.9212179797	0.771387143548	0.567423876269	0.496858385694	0.462058965684	0.459159014016	0.86805219913	0.583856935718	0.41662638956	0.445625906235	0.514741420976	0.583856935718	0.466408893185	0.375543740938	0.415659739004	0.484775253746	0.681488641856	0.649589173514	0.457709038183	0.556307394877	0.453359110681	0.598840019333	0.526824552924	0.734654422426	0.691155147414	0.560657322378	0.549540840986	0.489125181247	0.65055582407	0.593040115998	0.660705654906	0.622039632673	0.593523441276	0.619139681005	0.513291445143	0.507491541808	0.522957950701	0.52537457709	0.524891251812	0.616723054616	0.553407443209	0.635089415176	0.459642339294	0.589173513775
AB7	0.863702271629	0.889801836636	0.748670855486	0.741904301595	0.863218946351	0.92363460609	0.93281778637	0.927984533591	0.917351377477	0.940067665539	0.950700821653	0.879168680522	0.933301111648	0.725471242146	0.929917834703	0.869502174964	0.919284678589	0.9212179797	0.0	0.402609956501	0.816819719671	0.82406959884	0.931367810536	0.917834702755	0.73368777187	0.829386176897	0.886901884969	0.876752054132	0.73852102465	0.685355244079	0.885935234413	0.903818269696	0.922667955534	0.93281778637	0.932334461092	0.929434509425	0.942000966651	0.910101498308	0.951184146931	0.931367810536	0.93523441276	0.868535524408	0.862735621073	0.911068148864	0.954567423876	0.951184146931	0.926051232479	0.921701304978	0.927984533591	0.930884485259	0.930401159981	0.921701304978	0.917351377477	0.915901401643	0.920734654422	0.916384726921	0.926051232479	0.917834702755	0.915418076365	0.928951184147	0.942000966651	0.925567907202
AB8	0.725954567424	0.744320927985	0.752537457709	0.590140164331	0.752054132431	0.766553890768	0.78008699855	0.77090381827	0.760753987434	0.781053649106	0.793620106332	0.738037699372	0.776220396327	0.674238762687	0.787336877719	0.729337844369	0.775737071049	0.771387143548	0.402609956501	0.0	0.669888835186	0.666505558241	0.76848719188	0.754954084099	0.722571290478	0.676172063799	0.721604639923	0.710971483809	0.549057515708	0.531174480425	0.739971000483	0.753987433543	0.769937167714	0.773803769937	0.811503141614	0.781536974384	0.786853552441	0.752054132431	0.789753504108	0.775253745771	0.774287095215	0.728854519091	0.722087965201	0.753020782987	0.804253262446	0.797970033833	0.82165297245	0.775253745771	0.802319961334	0.77767037216	0.784436926051	0.795553407443	0.772353794103	0.772837119381	0.774770420493	0.768970517158	0.774287095215	0.797003383277	0.768003866602	0.787820202997	0.786370227163	0.775737071049
AC7	0.633639439343	0.660222329628	0.886901884969	0.661188980184	0.71290478492	0.588690188497	0.721121314645	0.571290478492	0.555824069599	0.661672305462	0.595456742388	0.70372160464	0.657805703238	0.817786370227	0.703238279362	0.632672788787	0.584823586274	0.567423876269	0.816819719671	0.669888835186	0.0	0.366360560657	0.579023682939	0.566457225713	0.822136297728	0.587723537941	0.540357660706	0.515224746254	0.47220879652	0.497341710971	0.56935717738	0.554857419043	0.564523924601	0.597390043499	0.797486708555	0.749637506042	0.626872885452	0.640405993233	0.595940067666	0.720154664089	0.663605606573	0.710971483809	0.69453842436	0.637989366844	0.652972450459	0.596423392943	0.817303044949	0.756404059932	0.802803286612	0.774287095215	0.754470758821	0.783953600773	0.690188496858	0.673755437409	0.674722087965	0.689221846303	0.663122281295	0.786370227163	0.685355244079	0.785403576607	0.61575640406	0.746737554374
AC8	0.59255679072	0.591590140164	0.901401643306	0.625906234896	0.673272112131	0.53939101015	0.696955050749	0.503141614306	0.480908651522	0.608506524891	0.540840985984	0.65055582407	0.594490091832	0.827452875785	0.640405993233	0.563557274045	0.509424842919	0.496858385694	0.82406959884	0.666505558241	0.366360560657	0.0	0.498791686805	0.486708554857	0.825519574674	0.550024166264	0.397776703722	0.374093765104	0.416143064282	0.489125181247	0.517158047366	0.483325277912	0.489608506525	0.530691155147	0.731271145481	0.678588690188	0.546157564041	0.575640405993	0.535524407927	0.647655872402	0.598356694055	0.683905268246	0.641855969067	0.582406959884	0.596423392943	0.541324311261	0.739971000483	0.674238762687	0.73610439826	0.711454809087	0.677622039633	0.702754954084	0.620106331561	0.601256645723	0.599806669889	0.617206379894	0.585790236829	0.711454809087	0.614306428226	0.719671338811	0.546157564041	0.67133881102
AD7	0.601256645723	0.587240212663	0.961333977767	0.664088931851	0.71290478492	0.517158047366	0.703238279362	0.501208313195	0.489608506525	0.599806669889	0.436442725955	0.664572257129	0.586756887385	0.880618656356	0.626872885452	0.582890285162	0.491541807637	0.462058965684	0.931367810536	0.76848719188	0.579023682939	0.498791686805	0.0	0.282261962301	0.896085065249	0.51619139681	0.439342677622	0.465925567907	0.491541807637	0.570807153214	0.503141614306	0.464958917351	0.484775253746	0.53697438376	0.737071048816	0.679555340744	0.509908168197	0.581440309328	0.518124697922	0.642822619623	0.595456742388	0.731754470759	0.687771870469	0.59497341711	0.579023682939	0.530691155147	0.745770903818	0.676172063799	0.73368777187	0.703238279362	0.672788786854	0.702754954084	0.605123247946	0.603189946834	0.593523441276	0.616723054616	0.579990333494	0.71532141131	0.603673272112	0.710971483809	0.556307394877	0.671822136298
AD8	0.595940067666	0.577090381827	0.947317544708	0.651522474625	0.706621556307	0.510874818753	0.697921701305	0.489125181247	0.478008699855	0.599323344611	0.444659255679	0.660222329628	0.58337361044	0.867568873852	0.637506041566	0.570807153214	0.490575157081	0.459159014016	0.917834702755	0.754954084099	0.566457225713	0.486708554857	0.282261962301	0.0	0.859835669406	0.493958434026	0.427742870952	0.461092315128	0.479458675689	0.55099081682	0.49299178347	0.464475592073	0.487675205413	0.546157564041	0.737554374094	0.6805219913	0.509908168197	0.580473658772	0.528274528758	0.64813919768	0.599806669889	0.728854519091	0.690188496858	0.597873368777	0.583856935718	0.534557757371	0.747220879652	0.681488641856	0.733204446593	0.704688255196	0.682455292412	0.709521507975	0.616239729338	0.608506524891	0.601739971	0.619623006283	0.592073465442	0.722571290478	0.617689705172	0.708554857419	0.56259062349	0.678105364911
AE7	0.829386176897	0.871918801353	0.845819236346	0.793136781054	0.82648622523	0.889801836636	0.913484775254	0.896568390527	0.888351860802	0.912518124698	0.915418076365	0.84726921218	0.89125181247	0.826969550507	0.908168197197	0.846785886902	0.872885451909	0.86805219913	0.73368777187	0.722571290478	0.822136297728	0.825519574674	0.896085065249	0.859835669406	0.0	0.539874335428	0.867568873852	0.866118898018	0.760753987434	0.760753987434	0.838569357177	0.841952634123	0.901884968584	0.905268245529	0.920251329145	0.918801353311	0.915418076365	0.897535041083	0.92363460609	0.878685355244	0.898018366361	0.872885451909	0.867085548574	0.874335427743	0.936684388594	0.924601256646	0.893668438859	0.899468342194	0.911068148864	0.902368293862	0.904784920251	0.90043499275	0.897051715805	0.893668438859	0.905751570807	0.890285161914	0.905751570807	0.88883518608	0.901884968584	0.902368293862	0.916384726921	0.905268245529
AE8	0.585790236829	0.613823102948	0.903334944418	0.637506041566	0.680038666022	0.585306911551	0.683905268246	0.597390043499	0.59255679072	0.625422909618	0.614306428226	0.643305944901	0.616723054616	0.82648622523	0.675688738521	0.592073465442	0.596423392943	0.583856935718	0.829386176897	0.676172063799	0.587723537941	0.550024166264	0.51619139681	0.493958434026	0.539874335428	0.0	0.567423876269	0.565007249879	0.523441275979	0.519574673755	0.570807153214	0.554374093765	0.60415659739	0.605606573224	0.74528757854	0.705654905752	0.621072982117	0.598840019333	0.621556307395	0.6389560174	0.619139681005	0.69212179797	0.66892218463	0.594006766554	0.634122764621	0.628322861286	0.749637506042	0.694055099082	0.748187530208	0.707588206863	0.686321894635	0.720154664089	0.640405993233	0.625422909618	0.630256162397	0.640889318511	0.625422909618	0.720154664089	0.652005799903	0.71290478492	0.608989850169	0.673755437409
AF7	0.584823586274	0.560657322378	0.940067665539	0.655389076849	0.643305944901	0.490091831803	0.704688255196	0.446592556791	0.429192846786	0.592073465442	0.446109231513	0.605606573224	0.534074432093	0.860802319961	0.623489608507	0.549540840986	0.452392460126	0.41662638956	0.886901884969	0.721604639923	0.540357660706	0.397776703722	0.439342677622	0.427742870952	0.867568873852	0.567423876269	0.0	0.302561623973	0.450459159014	0.532624456259	0.480425326245	0.4813919768	0.433542774287	0.486708554857	0.688738521025	0.637022716288	0.466408893185	0.536007733204	0.486708554857	0.609956500725	0.544224262929	0.708071532141	0.65973900435	0.548090865152	0.550024166264	0.498308361527	0.685838569357	0.624456259062	0.68970517158	0.661672305462	0.627839536008	0.652005799903	0.558724021266	0.544707588207	0.545674238763	0.563073948768	0.554374093765	0.659255679072	0.588690188497	0.674722087965	0.490575157081	0.619623006283
AF8	0.585306911551	0.556790720155	0.938617689705	0.644272595457	0.662155630739	0.500241662639	0.696471725471	0.455292411793	0.437892701788	0.581923634606	0.491541807637	0.623489608507	0.544224262929	0.852585790237	0.616723054616	0.552440792653	0.461575640406	0.445625906235	0.876752054132	0.710971483809	0.515224746254	0.374093765104	0.465925567907	0.461092315128	0.866118898018	0.565007249879	0.302561623973	0.0	0.42822619623	0.514258095698	0.5186080232	0.471242145964	0.422909618173	0.482841952634	0.698405026583	0.646205896568	0.494925084582	0.530691155147	0.491058482359	0.608023199613	0.55099081682	0.686805219913	0.639922667956	0.540840985984	0.554374093765	0.506041565974	0.690188496858	0.626389560174	0.694055099082	0.667955534074	0.635572740454	0.65732237796	0.568873852102	0.552440792653	0.553407443209	0.56935717738	0.542774287095	0.664088931851	0.578057032383	0.679555340744	0.494925084582	0.625906234896
AG7	0.582890285162	0.592073465442	0.845819236346	0.554857419043	0.659255679072	0.541324311261	0.70130497825	0.49299178347	0.4813919768	0.599323344611	0.528274528758	0.644272595457	0.590623489609	0.762687288545	0.650072498792	0.567907201547	0.524891251812	0.514741420976	0.73852102465	0.549057515708	0.47220879652	0.416143064282	0.491541807637	0.479458675689	0.760753987434	0.523441275979	0.450459159014	0.42822619623	0.0	0.32866118898	0.527307878202	0.494441759304	0.506524891252	0.559690671822	0.737071048816	0.679072015466	0.523441275979	0.557274045433	0.540357660706	0.633639439343	0.589173513775	0.673272112131	0.627839536008	0.570323827936	0.596906718221	0.564040599323	0.738037699372	0.667955534074	0.723537941034	0.702754954084	0.669405509908	0.698888351861	0.620589656839	0.602223296278	0.606089898502	0.617206379894	0.602223296278	0.705654905752	0.631706138231	0.704688255196	0.571290478492	0.665538907685
AG8	0.595940067666	0.615273078782	0.840502658289	0.586273562107	0.681005316578	0.577090381827	0.692605123248	0.560657322378	0.555340744321	0.623006283229	0.596423392943	0.664572257129	0.613823102948	0.747220879652	0.673755437409	0.593040115998	0.597873368777	0.583856935718	0.685355244079	0.531174480425	0.497341710971	0.489125181247	0.570807153214	0.55099081682	0.760753987434	0.519574673755	0.532624456259	0.514258095698	0.32866118898	0.0	0.587240212663	0.567423876269	0.576607056549	0.586756887385	0.765103914935	0.708071532141	0.596906718221	0.582406959884	0.598356694055	0.665055582407	0.616239729338	0.675688738521	0.654422426293	0.598840019333	0.632672788787	0.619623006283	0.764620589657	0.698888351861	0.752537457709	0.727887868536	0.698405026583	0.726437892702	0.647655872402	0.637506041566	0.636056065732	0.653939101015	0.634606089899	0.732721121315	0.665055582407	0.728854519091	0.611889801837	0.692605123248
AH7	0.596906718221	0.62493958434	0.953117448043	0.68970517158	0.698405026583	0.572257129048	0.724021266312	0.542290961817	0.541807636539	0.652972450459	0.520541324311	0.664088931851	0.628806186564	0.883035282745	0.685355244079	0.599323344611	0.520541324311	0.466408893185	0.885935234413	0.739971000483	0.56935717738	0.517158047366	0.503141614306	0.49299178347	0.838569357177	0.570807153214	0.480425326245	0.5186080232	0.527307878202	0.587240212663	0.0	0.321894635089	0.559690671822	0.61575640406	0.759787336878	0.729337844369	0.557274045433	0.639439342678	0.591590140164	0.663122281295	0.633639439343	0.763653939101	0.740454325761	0.64813919768	0.65055582407	0.60657322378	0.762687288545	0.710488158531	0.764620589657	0.724987916868	0.706621556307	0.731754470759	0.631706138231	0.629289511841	0.621072982117	0.639439342678	0.621072982117	0.737071048816	0.635572740454	0.737071048816	0.600773320445	0.708554857419
AH8	0.569840502658	0.578540357661	0.956500724988	0.644755920735	0.656355727405	0.50700821653	0.697438376027	0.489608506525	0.492025132914	0.595456742388	0.485258579024	0.614789753504	0.56935717738	0.875785403577	0.633639439343	0.55099081682	0.416143064282	0.375543740938	0.903818269696	0.753987433543	0.554857419043	0.483325277912	0.464958917351	0.464475592073	0.841952634123	0.554374093765	0.4813919768	0.471242145964	0.494441759304	0.567423876269	0.321894635089	0.0	0.498308361527	0.552924117931	0.727887868536	0.685355244079	0.514741420976	0.588206863219	0.521507974867	0.617689705172	0.577573707105	0.731754470759	0.685838569357	0.589656839053	0.593040115998	0.545674238763	0.707588206863	0.650072498792	0.708071532141	0.673755437409	0.650072498792	0.671822136298	0.582890285162	0.567907201547	0.565490575157	0.579990333494	0.560657322378	0.678588690188	0.582890285162	0.682455292412	0.53697438376	0.647655872402
AA5	0.597873368777	0.519091348478	0.955050749154	0.63653939101	0.590623489609	0.448525857902	0.631222812953	0.399710004833	0.401159980667	0.51619139681	0.444659255679	0.558240695988	0.510391493475	0.876268728855	0.543257612373	0.542290961817	0.433542774287	0.415659739004	0.922667955534	0.769937167714	0.564523924601	0.489608506525	0.484775253746	0.487675205413	0.901884968584	0.60415659739	0.433542774287	0.422909618173	0.506524891252	0.576607056549	0.559690671822	0.498308361527	0.0	0.337844369261	0.672788786854	0.602706621556	0.472692121798	0.451909134848	0.456742387627	0.542290961817	0.47462542291	0.632672788787	0.59255679072	0.467858869019	0.538907684872	0.466408893185	0.695505074915	0.635089415176	0.669405509908	0.651522474625	0.645239246013	0.678105364911	0.536007733204	0.545674238763	0.56259062349	0.561140647656	0.532624456259	0.669888835186	0.575640405993	0.656839052682	0.490575157081	0.624456259062
AA6	0.613823102948	0.524891251812	0.959400676655	0.646205896568	0.620106331561	0.467858869019	0.65055582407	0.461092315128	0.463508941518	0.537457709038	0.508941517641	0.585306911551	0.512808119865	0.876752054132	0.565973900435	0.549540840986	0.490575157081	0.484775253746	0.93281778637	0.773803769937	0.597390043499	0.530691155147	0.53697438376	0.546157564041	0.905268245529	0.605606573224	0.486708554857	0.482841952634	0.559690671822	0.586756887385	0.61575640406	0.552924117931	0.337844369261	0.0	0.676655389077	0.599323344611	0.52779120348	0.480425326245	0.485741904302	0.566940550991	0.490575157081	0.663122281295	0.620106331561	0.499758337361	0.477525374577	0.430159497342	0.694055099082	0.635572740454	0.66892218463	0.649589173514	0.642339294345	0.670372160464	0.543257612373	0.543740937651	0.557274045433	0.554857419043	0.535041082649	0.669405509908	0.575640405993	0.65732237796	0.498791686805	0.62735621073
AB5	0.729821169647	0.656355727405	0.973417109715	0.707104881585	0.59497341711	0.632672788787	0.731754470759	0.649105848236	0.661672305462	0.679555340744	0.667955534074	0.596423392943	0.64572257129	0.901401643306	0.699371677139	0.681005316578	0.687771870469	0.681488641856	0.932334461092	0.811503141614	0.797486708555	0.731271145481	0.737071048816	0.737554374094	0.920251329145	0.74528757854	0.688738521025	0.698405026583	0.737071048816	0.765103914935	0.759787336878	0.727887868536	0.672788786854	0.676655389077	0.0	0.318994683422	0.612373127115	0.651522474625	0.626389560174	0.601256645723	0.603189946834	0.743837602707	0.717254712421	0.631222812953	0.626389560174	0.616239729338	0.61333977767	0.616239729338	0.623489608507	0.592073465442	0.609473175447	0.611406476559	0.586756887385	0.586756887385	0.587240212663	0.586273562107	0.652489125181	0.593040115998	0.638472692122	0.59497341711	0.652005799903	0.601256645723
AB6	0.691155147414	0.603189946834	0.966167230546	0.665538907685	0.568390526825	0.571290478492	0.679555340744	0.581440309328	0.608506524891	0.612856452392	0.619623006283	0.541324311261	0.605123247946	0.890285161914	0.641372643789	0.637989366844	0.652972450459	0.649589173514	0.929434509425	0.781536974384	0.749637506042	0.678588690188	0.679555340744	0.6805219913	0.918801353311	0.705654905752	0.637022716288	0.646205896568	0.679072015466	0.708071532141	0.729337844369	0.685355244079	0.602706621556	0.599323344611	0.318994683422	0.0	0.574190430159	0.579023682939	0.576123731271	0.565973900435	0.552924117931	0.679072015466	0.647655872402	0.544224262929	0.554374093765	0.557274045433	0.590140164331	0.549057515708	0.572740454326	0.541807636539	0.553890768487	0.565490575157	0.543257612373	0.560657322378	0.565973900435	0.554857419043	0.603189946834	0.556307394877	0.602223296278	0.556307394877	0.622522957951	0.545190913485
AC5	0.618656355727	0.570807153214	0.972450459159	0.652972450459	0.606089898502	0.478492025133	0.673755437409	0.450459159014	0.454325761237	0.572257129048	0.427742870952	0.571290478492	0.535524407927	0.893185113581	0.622039632673	0.582890285162	0.479942000967	0.457709038183	0.942000966651	0.786853552441	0.626872885452	0.546157564041	0.509908168197	0.509908168197	0.915418076365	0.621072982117	0.466408893185	0.494925084582	0.523441275979	0.596906718221	0.557274045433	0.514741420976	0.472692121798	0.52779120348	0.612373127115	0.574190430159	0.0	0.428709521508	0.43064282262	0.584340260996	0.526341227646	0.715804736588	0.661188980184	0.531174480425	0.492508458192	0.451909134848	0.608506524891	0.565973900435	0.623972933784	0.581923634606	0.566457225713	0.590140164331	0.522474625423	0.488641855969	0.498791686805	0.506041565974	0.565490575157	0.593040115998	0.590140164331	0.587240212663	0.511358144031	0.555340744321
AC6	0.625906234896	0.522474625423	0.954084098598	0.630739487675	0.575640405993	0.510874818753	0.546157564041	0.476075398743	0.523924601257	0.449975833736	0.551957467376	0.544707588207	0.534074432093	0.865152247463	0.53020782987	0.563557274045	0.561140647656	0.556307394877	0.910101498308	0.752054132431	0.640405993233	0.575640405993	0.581440309328	0.580473658772	0.897535041083	0.598840019333	0.536007733204	0.530691155147	0.557274045433	0.582406959884	0.639439342678	0.588206863219	0.451909134848	0.480425326245	0.651522474625	0.579023682939	0.428709521508	0.0	0.529241179314	0.517158047366	0.487191880135	0.500241662639	0.452392460126	0.417109714838	0.554374093765	0.53697438376	0.679555340744	0.629289511841	0.661188980184	0.634122764621	0.633639439343	0.657805703238	0.567907201547	0.558240695988	0.566457225713	0.571290478492	0.546640889319	0.654905751571	0.579507008217	0.633156114065	0.542774287095	0.609473175447
AD6	0.608023199613	0.545190913485	0.973417109715	0.6389560174	0.592073465442	0.433542774287	0.646205896568	0.434026099565	0.433542774287	0.544224262929	0.435476075399	0.543740937651	0.510874818753	0.890768487192	0.587240212663	0.554857419043	0.480425326245	0.453359110681	0.951184146931	0.789753504108	0.595940067666	0.535524407927	0.518124697922	0.528274528758	0.92363460609	0.621556307395	0.486708554857	0.491058482359	0.540357660706	0.598356694055	0.591590140164	0.521507974867	0.456742387627	0.485741904302	0.626389560174	0.576123731271	0.43064282262	0.529241179314	0.0	0.5601739971	0.434026099565	0.720154664089	0.672305461576	0.534557757371	0.480908651522	0.431609473175	0.600773320445	0.537941034316	0.607056549058	0.566457225713	0.561140647656	0.579023682939	0.482841952634	0.463992266796	0.471242145964	0.492025132914	0.540357660706	0.579023682939	0.561140647656	0.588206863219	0.456259062349	0.533591106815
AE5	0.622522957951	0.525857902368	0.972933784437	0.633639439343	0.553890768487	0.544707588207	0.596906718221	0.540357660706	0.601256645723	0.533107781537	0.612856452392	0.526824552924	0.563557274045	0.884485258579	0.547124214596	0.577573707105	0.60657322378	0.598840019333	0.931367810536	0.775253745771	0.720154664089	0.647655872402	0.642822619623	0.64813919768	0.878685355244	0.6389560174	0.609956500725	0.608023199613	0.633639439343	0.665055582407	0.663122281295	0.617689705172	0.542290961817	0.566940550991	0.601256645723	0.565973900435	0.584340260996	0.517158047366	0.5601739971	0.0	0.35186080232	0.623006283229	0.582406959884	0.517158047366	0.618656355727	0.618173030449	0.650072498792	0.601739971	0.633639439343	0.598356694055	0.61575640406	0.644755920735	0.53939101015	0.561623972934	0.587240212663	0.565490575157	0.55099081682	0.628806186564	0.560657322378	0.61333977767	0.575640405993	0.594006766554
AE6	0.606089898502	0.496858385694	0.972450459159	0.622039632673	0.547607539874	0.462542290962	0.589656839053	0.468825519575	0.528757854036	0.506041565974	0.527307878202	0.509424842919	0.497341710971	0.882551957467	0.547607539874	0.529241179314	0.538424359594	0.526824552924	0.93523441276	0.774287095215	0.663605606573	0.598356694055	0.595456742388	0.599806669889	0.898018366361	0.619139681005	0.544224262929	0.55099081682	0.589173513775	0.616239729338	0.633639439343	0.577573707105	0.47462542291	0.490575157081	0.603189946834	0.552924117931	0.526341227646	0.487191880135	0.434026099565	0.35186080232	0.0	0.649589173514	0.606089898502	0.476558724021	0.54857419043	0.546640889319	0.63653939101	0.58337361044	0.61575640406	0.58337361044	0.595940067666	0.620589656839	0.496375060416	0.490575157081	0.5186080232	0.5186080232	0.505558240696	0.610923151281	0.540840985984	0.596423392943	0.50700821653	0.575640405993
AF5	0.712421459642	0.647172547124	0.931367810536	0.674238762687	0.670372160464	0.691155147414	0.541807636539	0.645239246013	0.697438376027	0.581923634606	0.731271145481	0.638472692122	0.687288545191	0.850169163847	0.612373127115	0.680038666022	0.730304494925	0.734654422426	0.868535524408	0.728854519091	0.710971483809	0.683905268246	0.731754470759	0.728854519091	0.872885451909	0.69212179797	0.708071532141	0.686805219913	0.673272112131	0.675688738521	0.763653939101	0.731754470759	0.632672788787	0.663122281295	0.743837602707	0.679072015466	0.715804736588	0.500241662639	0.720154664089	0.623006283229	0.649589173514	0.0	0.286128564524	0.545674238763	0.735137747704	0.722087965201	0.767520541324	0.733204446593	0.748187530208	0.721604639923	0.742387626873	0.760270662156	0.704204929918	0.723054615756	0.73852102465	0.721121314645	0.684388593523	0.758820686322	0.693571773804	0.727404543258	0.724987916868	0.723537941034
AF6	0.69212179797	0.599806669889	0.933301111648	0.649105848236	0.646689221846	0.645239246013	0.52779120348	0.607539874335	0.663605606573	0.544707588207	0.686321894635	0.608989850169	0.642822619623	0.842919284679	0.555824069599	0.640405993233	0.683421942968	0.691155147414	0.862735621073	0.722087965201	0.69453842436	0.641855969067	0.687771870469	0.690188496858	0.867085548574	0.66892218463	0.65973900435	0.639922667956	0.627839536008	0.654422426293	0.740454325761	0.685838569357	0.59255679072	0.620106331561	0.717254712421	0.647655872402	0.661188980184	0.452392460126	0.672305461576	0.582406959884	0.606089898502	0.286128564524	0.0	0.503141614306	0.690188496858	0.676655389077	0.739971000483	0.700821652972	0.713388110198	0.681971967134	0.695505074915	0.731271145481	0.663605606573	0.672788786854	0.689221846303	0.674238762687	0.63653939101	0.723054615756	0.642822619623	0.693088448526	0.681971967134	0.681005316578
