	AA3	AA4	AB3	AB4	AC3	AC4	AD3	AD4	AE3	AE4	AF3	AF4	AG3	AG4	AH3	AH4	AA7	AA8	AB7	AB8	AC7	AC8	AD7	AD8	AE7	AE8	AF7	AF8	AG7	AG8	AH7	AH8	AA5	AA6	AB5	AB6	AC5	AC6	AD6	AE5	AE6	AF5	AF6	AG5	AH5	AH6	AA1	AA2	AB1	AB2	AC1	AC2	AD1	AD2	AE1	AE2	AF1	AF2	AG1	AG2	AH1	AH2
AA3	0.0	0.476075398743	0.934267762204	0.608506524891	0.644755920735	0.568390526825	0.675205413243	0.574190430159	0.572740454326	0.612373127115	0.609473175447	0.603673272112	0.566940550991	0.842435959401	0.648622522958	0.309811503142	0.564040599323	0.55775737071	0.864668922185	0.718704688255	0.623972933784	0.572740454326	0.594490091832	0.592073465442	0.836636056066	0.591590140164	0.570807153214	0.55775737071	0.567907201547	0.588206863219	0.594490091832	0.556790720155	0.589656839053	0.589656839053	0.740454325761	0.664088931851	0.597873368777	0.628806186564	0.586273562107	0.617689705172	0.594006766554	0.711938134364	0.704204929918	0.617689705172	0.615273078782	0.600773320445	0.661672305462	0.633639439343	0.696471725471	0.648622522958	0.634122764621	0.649105848236	0.556307394877	0.553890768487	0.555340744321	0.554374093765	0.559690671822	0.661188980184	0.568390526825	0.659255679072	0.563073948768	0.640889318511
AA4	0.476075398743	0.0	0.94683421943	0.568873852102	0.556790720155	0.487675205413	0.589656839053	0.468825519575	0.488158530691	0.517158047366	0.547124214596	0.499275012083	0.468825519575	0.849685838569	0.365877235379	0.373127114548	0.526341227646	0.52779120348	0.895118414693	0.728854519091	0.647655872402	0.567907201547	0.571290478492	0.581440309328	0.873368777187	0.606089898502	0.532141130981	0.552440792653	0.58337361044	0.600773320445	0.623006283229	0.56935717738	0.487191880135	0.510874818753	0.665055582407	0.572740454326	0.551957467376	0.506041565974	0.522957950701	0.50700821653	0.478492025133	0.62493958434	0.593523441276	0.493475108748	0.575157080715	0.54857419043	0.642822619623	0.582890285162	0.635572740454	0.591590140164	0.598356694055	0.626872885452	0.508458192363	0.514741420976	0.515708071532	0.510874818753	0.503141614306	0.635089415176	0.508458192363	0.589173513775	0.512808119865	0.585306911551
AB3	0.934267762204	0.94683421943	0.0	0.689221846303	0.914934751087	0.957950700822	0.96520057999	0.944900918318	0.941034316095	0.947317544708	0.974383760271	0.928951184147	0.968100531658	0.351377477042	0.965683905268	0.943450942484	0.974383760271	0.971000483325	0.739971000483	0.753987433543	0.898018366361	0.913001449976	0.961817303045	0.950700821653	0.849685838569	0.907201546641	0.945384243596	0.929434509425	0.84726921218	0.849202513291	0.954084098598	0.954567423876	0.9584340261	0.96520057999	0.975833736104	0.968583856936	0.974867085549	0.95360077332	0.972933784437	0.973417109715	0.972450459159	0.939101014983	0.941034316095	0.949250845819	0.976317061382	0.970517158047	0.974383760271	0.973417109715	0.969550507492	0.974383760271	0.974383760271	0.972933784437	0.976317061382	0.975833736104	0.977283711938	0.975350410826	0.972450459159	0.974383760271	0.972933784437	0.975350410826	0.976317061382	0.973417109715
AB4	0.608506524891	0.568873852102	0.689221846303	0.0	0.641855969067	0.600773320445	0.690188496858	0.610439826003	0.615273078782	0.614789753504	0.653939101015	0.604639922668	0.489125181247	0.571290478492	0.611889801837	0.583856935718	0.643305944901	0.636056065732	0.730304494925	0.575157080715	0.660222329628	0.617206379894	0.652489125181	0.642822619623	0.795553407443	0.628806186564	0.644755920735	0.627839536008	0.549540840986	0.589173513775	0.684871918801	0.644755920735	0.636056065732	0.651522474625	0.74528757854	0.674722087965	0.65055582407	0.632672788787	0.6389560174	0.637506041566	0.62735621073	0.666505558241	0.653939101015	0.631706138231	0.686321894635	0.666022232963	0.708554857419	0.663122281295	0.713388110198	0.678105364911	0.673272112131	0.68293861769	0.629772837119	0.639439342678	0.656839052682	0.631706138231	0.644272595457	0.695988400193	0.640889318511	0.679555340744	0.648622522958	0.667472208797
AC3	0.644755920735	0.556790720155	0.914934751087	0.641855969067	0.0	0.499275012083	0.651039149348	0.558724021266	0.561140647656	0.600289995167	0.633156114065	0.319961333978	0.605123247946	0.828419526341	0.607056549058	0.607056549058	0.621072982117	0.616723054616	0.860802319961	0.74770420493	0.734654422426	0.68293861769	0.726437892702	0.720637989367	0.82648622523	0.692605123248	0.671822136298	0.685355244079	0.676172063799	0.681005316578	0.710971483809	0.666988883519	0.599323344611	0.633639439343	0.623489608507	0.589173513775	0.625906234896	0.590140164331	0.591106814886	0.56259062349	0.566940550991	0.662638956017	0.642339294345	0.575157080715	0.656355727405	0.638472692122	0.587240212663	0.594490091832	0.582890285162	0.554374093765	0.60657322378	0.595940067666	0.533107781537	0.583856935718	0.579023682939	0.564040599323	0.626872885452	0.577090381827	0.620106331561	0.594490091832	0.617689705172	0.598840019333
AC4	0.568390526825	0.487675205413	0.957950700822	0.600773320445	0.499275012083	0.0	0.626872885452	0.434992750121	0.422426292895	0.52537457709	0.35427742871	0.407926534558	0.47462542291	0.868535524408	0.55099081682	0.526824552924	0.489608506525	0.483325277912	0.927984533591	0.755920734654	0.614306428226	0.551474142098	0.540357660706	0.535041082649	0.889318511358	0.573707104882	0.50700821653	0.528757854036	0.539874335428	0.575640405993	0.594006766554	0.53697438376	0.466408893185	0.482841952634	0.62735621073	0.544224262929	0.462542290962	0.524891251812	0.432092798453	0.535041082649	0.456742387627	0.688255195747	0.661672305462	0.515708071532	0.49299178347	0.475108748188	0.615273078782	0.559207346544	0.598840019333	0.56935717738	0.558240695988	0.59255679072	0.488641855969	0.487191880135	0.503141614306	0.483325277912	0.532141130981	0.595940067666	0.545674238763	0.572740454326	0.453359110681	0.557274045433
AD3	0.675205413243	0.589656839053	0.96520057999	0.690188496858	0.651039149348	0.626872885452	0.0	0.534074432093	0.640889318511	0.369743837603	0.6805219913	0.601739971	0.641372643789	0.876268728855	0.584823586274	0.652005799903	0.678588690188	0.686321894635	0.941517641373	0.779603673272	0.718704688255	0.695505074915	0.695988400193	0.695021749638	0.9212179797	0.681971967134	0.695988400193	0.697921701305	0.694055099082	0.685355244079	0.723537941034	0.689221846303	0.628322861286	0.647655872402	0.754470758821	0.673755437409	0.675688738521	0.523441275979	0.634122764621	0.58095698405	0.583856935718	0.565973900435	0.552924117931	0.541324311261	0.691638472692	0.68293861769	0.759787336878	0.707104881585	0.737071048816	0.712421459642	0.704204929918	0.732721121315	0.651039149348	0.659255679072	0.668438859352	0.65973900435	0.626389560174	0.737554374094	0.642339294345	0.720154664089	0.686805219913	0.710488158531
AD4	0.574190430159	0.468825519575	0.944900918318	0.610439826003	0.558724021266	0.434992750121	0.534074432093	0.0	0.31029482842	0.406959884002	0.450459159014	0.503141614306	0.50459159014	0.859352344128	0.532141130981	0.523924601257	0.465925567907	0.46060898985	0.928467858869	0.761720637989	0.576123731271	0.500241662639	0.510391493475	0.506041565974	0.895118414693	0.586273562107	0.466408893185	0.480425326245	0.497341710971	0.553407443209	0.551957467376	0.50459159014	0.409859835669	0.457225712905	0.657805703238	0.566940550991	0.456259062349	0.495891735138	0.453359110681	0.537941034316	0.467375543741	0.649589173514	0.623972933784	0.487191880135	0.514741420976	0.495891735138	0.666988883519	0.607056549058	0.646689221846	0.623489608507	0.612856452392	0.636056065732	0.512808119865	0.519574673755	0.534557757371	0.533107781537	0.526341227646	0.650072498792	0.54857419043	0.633156114065	0.485741904302	0.608023199613
AE3	0.572740454326	0.488158530691	0.941034316095	0.615273078782	0.561140647656	0.422426292895	0.640889318511	0.31029482842	0.0	0.510391493475	0.40744320928	0.502174963751	0.493958434026	0.85886901885	0.544224262929	0.531174480425	0.452875785404	0.445625906235	0.923151280812	0.754470758821	0.553890768487	0.4813919768	0.487675205413	0.490575157081	0.892701788304	0.587723537941	0.444175930401	0.455775737071	0.481875302078	0.550024166264	0.538424359594	0.480425326245	0.39342677622	0.452392460126	0.661672305462	0.575640405993	0.427742870952	0.52537457709	0.438859352344	0.578057032383	0.500241662639	0.682455292412	0.656355727405	0.51619139681	0.491058482359	0.463992266796	0.651039149348	0.599323344611	0.631706138231	0.612373127115	0.597873368777	0.626872885452	0.511358144031	0.515708071532	0.528274528758	0.527307878202	0.534074432093	0.643305944901	0.562107298212	0.613823102948	0.488641855969	0.593523441276
AE4	0.612373127115	0.517158047366	0.947317544708	0.614789753504	0.600289995167	0.52537457709	0.369743837603	0.406959884002	0.510391493475	0.0	0.586756887385	0.550024166264	0.572257129048	0.857902368294	0.551957467376	0.578057032383	0.590140164331	0.595456742388	0.931367810536	0.763170613823	0.642822619623	0.586756887385	0.598356694055	0.590140164331	0.90043499275	0.607539874335	0.594006766554	0.591106814886	0.578540357661	0.601739971	0.639439342678	0.600289995167	0.536491058482	0.556790720155	0.714354760754	0.629289511841	0.579023682939	0.475108748188	0.549540840986	0.532141130981	0.503624939584	0.58337361044	0.576607056549	0.508458192363	0.609956500725	0.595456742388	0.717738037699	0.662638956017	0.709521507975	0.680038666022	0.672788786854	0.696471725471	0.591106814886	0.596423392943	0.60657322378	0.598840019333	0.575640405993	0.703238279362	0.597873368777	0.693088448526	0.594006766554	0.670855485742
AF3	0.609473175447	0.547124214596	0.974383760271	0.653939101015	0.633156114065	0.35427742871	0.6805219913	0.450459159014	0.40744320928	0.586756887385	0.0	0.537941034316	0.528757854036	0.888351860802	0.601256645723	0.577090381827	0.441759304012	0.446592556791	0.957950700822	0.791203479942	0.588690188497	0.540357660706	0.445625906235	0.442725954567	0.917351377477	0.611406476559	0.443692605123	0.518124697922	0.53020782987	0.591106814886	0.529241179314	0.500724987917	0.444175930401	0.502174963751	0.681488641856	0.610923151281	0.423392943451	0.55775737071	0.454809086515	0.608506524891	0.521024649589	0.723537941034	0.697921701305	0.551474142098	0.509424842919	0.501208313195	0.667955534074	0.609956500725	0.661672305462	0.623972933784	0.608506524891	0.6389560174	0.550507491542	0.527307878202	0.537941034316	0.543740937651	0.582890285162	0.651522474625	0.591106814886	0.620589656839	0.493475108748	0.605606573224
AF4	0.603673272112	0.499275012083	0.928951184147	0.604639922668	0.319961333978	0.407926534558	0.601739971	0.503141614306	0.502174963751	0.550024166264	0.537941034316	0.0	0.544707588207	0.840502658289	0.550024166264	0.557274045433	0.573707104882	0.564040599323	0.87723537941	0.719671338811	0.690671822136	0.623489608507	0.663122281295	0.656355727405	0.845819236346	0.632189463509	0.610923151281	0.631222812953	0.62735621073	0.637022716288	0.664088931851	0.620106331561	0.543257612373	0.572740454326	0.627839536008	0.537457709038	0.574190430159	0.538424359594	0.529724504592	0.506041565974	0.506041565974	0.623006283229	0.595456742388	0.5186080232	0.593523441276	0.574190430159	0.603673272112	0.550507491542	0.578540357661	0.537457709038	0.559207346544	0.579990333494	0.494925084582	0.522474625423	0.532141130981	0.510874818753	0.573223779604	0.583856935718	0.572257129048	0.562107298212	0.553407443209	0.546157564041
AG3	0.566940550991	0.468825519575	0.968100531658	0.489125181247	0.605123247946	0.47462542291	0.641372643789	0.50459159014	0.493958434026	0.572257129048	0.528757854036	0.544707588207	0.0	0.849202513291	0.515708071532	0.521991300145	0.503624939584	0.501691638473	0.927017883035	0.758820686322	0.656839052682	0.580473658772	0.579507008217	0.593040115998	0.883518608023	0.615273078782	0.526824552924	0.548090865152	0.595456742388	0.616723054616	0.621072982117	0.557274045433	0.508941517641	0.512324794587	0.668438859352	0.59497341711	0.531174480425	0.549057515708	0.522957950701	0.555824069599	0.512808119865	0.675205413243	0.64813919768	0.543257612373	0.563557274045	0.537457709038	0.616723054616	0.574190430159	0.631706138231	0.596423392943	0.576607056549	0.600773320445	0.510874818753	0.506524891252	0.523924601257	0.511841469309	0.542774287095	0.611406476559	0.550024166264	0.601739971	0.498791686805	0.577573707105
AG4	0.842435959401	0.849685838569	0.351377477042	0.571290478492	0.828419526341	0.868535524408	0.876268728855	0.859352344128	0.85886901885	0.857902368294	0.888351860802	0.840502658289	0.849202513291	0.0	0.871435476075	0.84726921218	0.895118414693	0.892218463026	0.709521507975	0.677138714355	0.820202996617	0.828902851619	0.884001933301	0.870952150797	0.823102948284	0.825036249396	0.869502174964	0.851135814403	0.77090381827	0.760270662156	0.883035282745	0.874335427743	0.875302078299	0.880135331078	0.899468342194	0.889801836636	0.886901884969	0.862252295795	0.889801836636	0.881585306912	0.885451909135	0.848719188014	0.850652489125	0.86563557274	0.897535041083	0.886418559691	0.883518608023	0.885451909135	0.886418559691	0.881585306912	0.892218463026	0.884968583857	0.889318511358	0.889801836636	0.900918318028	0.891735137748	0.887868535524	0.887868535524	0.884968583857	0.884968583857	0.890768487192	0.890285161914
AH3	0.648622522958	0.365877235379	0.965683905268	0.611889801837	0.607056549058	0.55099081682	0.584823586274	0.532141130981	0.544224262929	0.551957467376	0.601256645723	0.550024166264	0.515708071532	0.871435476075	0.0	0.540357660706	0.579507008217	0.59255679072	0.931367810536	0.778637022716	0.710004833253	0.63653939101	0.639439342678	0.653939101015	0.912518124698	0.694055099082	0.606089898502	0.624456259062	0.663122281295	0.68293861769	0.703238279362	0.641372643789	0.526824552924	0.55775737071	0.705171580474	0.628806186564	0.612856452392	0.522474625423	0.592073465442	0.545674238763	0.540357660706	0.61575640406	0.574190430159	0.547124214596	0.628806186564	0.611406476559	0.684871918801	0.61333977767	0.656355727405	0.634606089899	0.623489608507	0.653939101015	0.576123731271	0.582406959884	0.579507008217	0.581923634606	0.569840502658	0.666505558241	0.563557274045	0.635572740454	0.575157080715	0.610923151281
AH4	0.309811503142	0.373127114548	0.943450942484	0.583856935718	0.607056549058	0.526824552924	0.652005799903	0.523924601257	0.531174480425	0.578057032383	0.577090381827	0.557274045433	0.521991300145	0.84726921218	0.540357660706	0.0	0.527307878202	0.528757854036	0.874818753021	0.721121314645	0.637989366844	0.564040599323	0.58095698405	0.582406959884	0.846785886902	0.601256645723	0.550024166264	0.543740937651	0.576123731271	0.599323344611	0.593040115998	0.545674238763	0.545190913485	0.55099081682	0.702271628806	0.626872885452	0.578057032383	0.58337361044	0.549057515708	0.574190430159	0.544707588207	0.676655389077	0.655872402127	0.563557274045	0.597390043499	0.572740454326	0.645239246013	0.591590140164	0.661188980184	0.599806669889	0.598840019333	0.621556307395	0.53697438376	0.519574673755	0.525857902368	0.515708071532	0.512324794587	0.630739487675	0.512808119865	0.616239729338	0.527307878202	0.600289995167
AA7	0.564040599323	0.526341227646	0.974383760271	0.643305944901	0.621072982117	0.489608506525	0.678588690188	0.465925567907	0.452875785404	0.590140164331	0.441759304012	0.573707104882	0.503624939584	0.895118414693	0.579507008217	0.527307878202	0.0	0.292895118415	0.922667955534	0.775737071049	0.596906718221	0.513291445143	0.469308844853	0.482358627356	0.870952150797	0.591590140164	0.424359594007	0.475592073465	0.532624456259	0.579023682939	0.510391493475	0.409376510391	0.439342677622	0.493475108748	0.705654905752	0.634122764621	0.471725471242	0.565973900435	0.490091831803	0.590623489609	0.535041082649	0.717254712421	0.691638472692	0.559690671822	0.546157564041	0.523924601257	0.661188980184	0.609473175447	0.670372160464	0.632189463509	0.600289995167	0.625906234896	0.521507974867	0.526824552924	0.531657805703	0.521507974867	0.528757854036	0.636056065732	0.537941034316	0.645239246013	0.487675205413	0.610923151281
AA8	0.55775737071	0.52779120348	0.971000483325	0.636056065732	0.616723054616	0.483325277912	0.686321894635	0.46060898985	0.445625906235	0.595456742388	0.446592556791	0.564040599323	0.501691638473	0.892218463026	0.59255679072	0.528757854036	0.292895118415	0.0	0.915418076365	0.763653939101	0.584823586274	0.499758337361	0.471242145964	0.48380860319	0.869018849686	0.581923634606	0.430159497342	0.467375543741	0.513291445143	0.566457225713	0.479458675689	0.364910584824	0.442725954567	0.490575157081	0.706621556307	0.635089415176	0.46302561624	0.565973900435	0.481875302078	0.586756887385	0.52779120348	0.725954567424	0.697438376027	0.560657322378	0.529241179314	0.503141614306	0.651522474625	0.596423392943	0.663605606573	0.630256162397	0.593040115998	0.616723054616	0.51619139681	0.516674722088	0.5186080232	0.521507974867	0.536491058482	0.630739487675	0.543740937651	0.634122764621	0.472692121798	0.599806669889
AB7	0.864668922185	0.895118414693	0.739971000483	0.730304494925	0.860802319961	0.927984533591	0.941517641373	0.928467858869	0.923151280812	0.931367810536	0.957950700822	0.87723537941	0.927017883035	0.709521507975	0.931367810536	0.874818753021	0.922667955534	0.915418076365	0.0	0.403576607057	0.823102948284	0.840985983567	0.936201063316	0.928951184147	0.724987916868	0.830352827453	0.897051715805	0.873368777187	0.742387626873	0.702754954084	0.883518608023	0.896568390527	0.917351377477	0.938134364427	0.941517641373	0.930401159981	0.94683421943	0.916868052199	0.946350894152	0.928951184147	0.943450942484	0.884001933301	0.877718704688	0.905751570807	0.9584340261	0.947800869986	0.925084581924	0.925567907202	0.927017883035	0.928951184147	0.926051232479	0.915418076365	0.91445142581	0.922667955534	0.918801353311	0.911068148864	0.92363460609	0.919284678589	0.917834702755	0.934267762204	0.945867568874	0.929434509425
AB8	0.718704688255	0.728854519091	0.753987433543	0.575157080715	0.74770420493	0.755920734654	0.779603673272	0.761720637989	0.754470758821	0.763170613823	0.791203479942	0.719671338811	0.758820686322	0.677138714355	0.778637022716	0.721121314645	0.775737071049	0.763653939101	0.403576607057	0.0	0.666505558241	0.675688738521	0.757370710488	0.753504108265	0.723054615756	0.663605606573	0.724021266312	0.699371677139	0.536007733204	0.521507974867	0.730787820203	0.740937651039	0.754954084099	0.771387143548	0.818753020783	0.769937167714	0.780570323828	0.749637506042	0.771870468826	0.753987433543	0.76848719188	0.73852102465	0.728371193813	0.735137747704	0.797970033833	0.783953600773	0.815853069116	0.770420492992	0.808603189947	0.786853552441	0.781536974384	0.792170130498	0.76848719188	0.773803769937	0.772837119381	0.765103914935	0.762203963267	0.802319961334	0.768003866602	0.786370227163	0.78250362494	0.770420492992
AC7	0.623972933784	0.647655872402	0.898018366361	0.660222329628	0.734654422426	0.614306428226	0.718704688255	0.576123731271	0.553890768487	0.642822619623	0.588690188497	0.690671822136	0.656839052682	0.820202996617	0.710004833253	0.637989366844	0.596906718221	0.584823586274	0.823102948284	0.666505558241	0.0	0.364427259546	0.568873852102	0.56935717738	0.830352827453	0.577573707105	0.536007733204	0.50700821653	0.462542290962	0.485258579024	0.562107298212	0.547607539874	0.548090865152	0.601256645723	0.81246979217	0.739487675205	0.614789753504	0.645239246013	0.616239729338	0.718704688255	0.65973900435	0.722571290478	0.713388110198	0.633639439343	0.633639439343	0.616239729338	0.817786370227	0.767037216046	0.802319961334	0.788786853552	0.750120831319	0.782020299662	0.690188496858	0.674238762687	0.680038666022	0.687771870469	0.66892218463	0.793620106332	0.677622039633	0.782020299662	0.618173030449	0.760753987434
AC8	0.572740454326	0.567907201547	0.913001449976	0.617206379894	0.68293861769	0.551474142098	0.695505074915	0.500241662639	0.4813919768	0.586756887385	0.540357660706	0.623489608507	0.580473658772	0.828902851619	0.63653939101	0.564040599323	0.513291445143	0.499758337361	0.840985983567	0.675688738521	0.364427259546	0.0	0.493958434026	0.494441759304	0.840502658289	0.537941034316	0.399226679555	0.378443692605	0.423392943451	0.46979217013	0.527307878202	0.471242145964	0.474142097632	0.523924601257	0.739487675205	0.66892218463	0.542290961817	0.577573707105	0.540840985984	0.644755920735	0.583856935718	0.677622039633	0.652972450459	0.563557274045	0.572257129048	0.540357660706	0.731271145481	0.679072015466	0.730304494925	0.715804736588	0.666988883519	0.694055099082	0.607056549058	0.588206863219	0.603673272112	0.608506524891	0.574673755437	0.704204929918	0.586756887385	0.702271628806	0.531174480425	0.677138714355
AD7	0.594490091832	0.571290478492	0.961817303045	0.652489125181	0.726437892702	0.540357660706	0.695988400193	0.510391493475	0.487675205413	0.598356694055	0.445625906235	0.663122281295	0.579507008217	0.884001933301	0.639439342678	0.58095698405	0.469308844853	0.471242145964	0.936201063316	0.757370710488	0.568873852102	0.493958434026	0.0	0.293861768971	0.898018366361	0.51377477042	0.417593040116	0.463508941518	0.492508458192	0.549057515708	0.500724987917	0.452392460126	0.492508458192	0.538424359594	0.752054132431	0.679072015466	0.512324794587	0.600773320445	0.543740937651	0.648622522958	0.594006766554	0.724021266312	0.713871435476	0.595456742388	0.567423876269	0.544224262929	0.73852102465	0.678105364911	0.73852102465	0.718704688255	0.66892218463	0.698888351861	0.615273078782	0.600773320445	0.605606573224	0.618656355727	0.578540357661	0.719188013533	0.594490091832	0.709521507975	0.548090865152	0.675205413243
AD8	0.592073465442	0.581440309328	0.950700821653	0.642822619623	0.720637989367	0.535041082649	0.695021749638	0.506041565974	0.490575157081	0.590140164331	0.442725954567	0.656355727405	0.593040115998	0.870952150797	0.653939101015	0.582406959884	0.482358627356	0.48380860319	0.928951184147	0.753504108265	0.56935717738	0.494441759304	0.293861768971	0.0	0.869985500242	0.486708554857	0.425326244563	0.467858869019	0.476558724021	0.53939101015	0.502174963751	0.473175447076	0.501691638473	0.546157564041	0.750604156597	0.674722087965	0.502658289029	0.593040115998	0.538424359594	0.643789270179	0.583856935718	0.717254712421	0.70130497825	0.584823586274	0.565490575157	0.547607539874	0.745770903818	0.68293861769	0.742387626873	0.71532141131	0.670855485742	0.702271628806	0.618173030449	0.595940067666	0.609956500725	0.618656355727	0.592073465442	0.720154664089	0.607056549058	0.709521507975	0.553890768487	0.674238762687
AE7	0.836636056066	0.873368777187	0.849685838569	0.795553407443	0.82648622523	0.889318511358	0.9212179797	0.895118414693	0.892701788304	0.90043499275	0.917351377477	0.845819236346	0.883518608023	0.823102948284	0.912518124698	0.846785886902	0.870952150797	0.869018849686	0.724987916868	0.723054615756	0.830352827453	0.840502658289	0.898018366361	0.869985500242	0.0	0.551957467376	0.875785403577	0.852585790237	0.760270662156	0.762203963267	0.840502658289	0.845335911068	0.894635089415	0.908651522475	0.926534557757	0.913484775254	0.918318028033	0.901884968584	0.916384726921	0.884001933301	0.902368293862	0.884001933301	0.880618656356	0.869018849686	0.93523441276	0.92363460609	0.894635089415	0.897535041083	0.907201546641	0.88883518608	0.906718221363	0.895118414693	0.890285161914	0.895601739971	0.904784920251	0.888351860802	0.905268245529	0.890285161914	0.898018366361	0.904784920251	0.91203479942	0.906234896085
AE8	0.591590140164	0.606089898502	0.907201546641	0.628806186564	0.692605123248	0.573707104882	0.681971967134	0.586273562107	0.587723537941	0.607539874335	0.611406476559	0.632189463509	0.615273078782	0.825036249396	0.694055099082	0.601256645723	0.591590140164	0.581923634606	0.830352827453	0.663605606573	0.577573707105	0.537941034316	0.51377477042	0.486708554857	0.551957467376	0.0	0.564040599323	0.53697438376	0.509908168197	0.497341710971	0.567907201547	0.554857419043	0.591590140164	0.60415659739	0.763653939101	0.687771870469	0.614306428226	0.605123247946	0.603189946834	0.642339294345	0.613823102948	0.687288545191	0.683421942968	0.582406959884	0.62735621073	0.610439826003	0.750604156597	0.69453842436	0.752537457709	0.71290478492	0.695505074915	0.718221362977	0.65055582407	0.627839536008	0.64813919768	0.637506041566	0.635089415176	0.723537941034	0.646689221846	0.707104881585	0.603189946834	0.68970517158
AF7	0.570807153214	0.532141130981	0.945384243596	0.644755920735	0.671822136298	0.50700821653	0.695988400193	0.466408893185	0.444175930401	0.594006766554	0.443692605123	0.610923151281	0.526824552924	0.869502174964	0.606089898502	0.550024166264	0.424359594007	0.430159497342	0.897051715805	0.724021266312	0.536007733204	0.399226679555	0.417593040116	0.425326244563	0.875785403577	0.564040599323	0.0	0.322861285645	0.46060898985	0.522957950701	0.483325277912	0.453842435959	0.423876268729	0.4813919768	0.707104881585	0.637022716288	0.472692121798	0.551957467376	0.500241662639	0.603673272112	0.544224262929	0.698405026583	0.671822136298	0.537457709038	0.538907684872	0.509908168197	0.674722087965	0.626389560174	0.690671822136	0.670372160464	0.622039632673	0.646205896568	0.563557274045	0.54857419043	0.558724021266	0.565490575157	0.549540840986	0.655872402127	0.565007249879	0.663122281295	0.498308361527	0.623006283229
AF8	0.55775737071	0.552440792653	0.929434509425	0.627839536008	0.685355244079	0.528757854036	0.697921701305	0.480425326245	0.455775737071	0.591106814886	0.518124697922	0.631222812953	0.548090865152	0.851135814403	0.624456259062	0.543740937651	0.475592073465	0.467375543741	0.873368777187	0.699371677139	0.50700821653	0.378443692605	0.463508941518	0.467858869019	0.852585790237	0.53697438376	0.322861285645	0.0	0.438376027066	0.502174963751	0.512808119865	0.461092315128	0.443692605123	0.504108264862	0.72692121798	0.659255679072	0.508941517641	0.56935717738	0.527307878202	0.610923151281	0.565973900435	0.68293861769	0.65732237796	0.552924117931	0.571290478492	0.535041082649	0.697921701305	0.647655872402	0.711938134364	0.695988400193	0.645239246013	0.67133881102	0.579507008217	0.567907201547	0.579507008217	0.588206863219	0.544707588207	0.679072015466	0.564523924601	0.687288545191	0.511358144031	0.642339294345
AG7	0.567907201547	0.58337361044	0.84726921218	0.549540840986	0.676172063799	0.539874335428	0.694055099082	0.497341710971	0.481875302078	0.578540357661	0.53020782987	0.62735621073	0.595456742388	0.77090381827	0.663122281295	0.576123731271	0.532624456259	0.513291445143	0.742387626873	0.536007733204	0.462542290962	0.423392943451	0.492508458192	0.476558724021	0.760270662156	0.509908168197	0.46060898985	0.438376027066	0.0	0.314644755921	0.536007733204	0.499275012083	0.486708554857	0.554374093765	0.750604156597	0.677622039633	0.521024649589	0.579990333494	0.546157564041	0.637022716288	0.582890285162	0.677622039633	0.662638956017	0.558240695988	0.587723537941	0.567907201547	0.740937651039	0.675688738521	0.737071048816	0.717738037699	0.674238762687	0.702754954084	0.620106331561	0.606089898502	0.620106331561	0.620589656839	0.606089898502	0.721121314645	0.623489608507	0.704688255196	0.563557274045	0.672305461576
AG8	0.588206863219	0.600773320445	0.849202513291	0.589173513775	0.681005316578	0.575640405993	0.685355244079	0.553407443209	0.550024166264	0.601739971	0.591106814886	0.637022716288	0.616723054616	0.760270662156	0.68293861769	0.599323344611	0.579023682939	0.566457225713	0.702754954084	0.521507974867	0.485258579024	0.46979217013	0.549057515708	0.53939101015	0.762203963267	0.497341710971	0.522957950701	0.502174963751	0.314644755921	0.0	0.555824069599	0.541324311261	0.556307394877	0.592073465442	0.761720637989	0.68970517158	0.579507008217	0.589656839053	0.577573707105	0.651039149348	0.601256645723	0.687771870469	0.672788786854	0.578057032383	0.625422909618	0.607056549058	0.755437409377	0.69212179797	0.751087481875	0.723537941034	0.693571773804	0.718704688255	0.644272595457	0.632189463509	0.640405993233	0.641855969067	0.630256162397	0.73610439826	0.642339294345	0.709038182697	0.605606573224	0.688738521025
AH7	0.594490091832	0.623006283229	0.954084098598	0.684871918801	0.710971483809	0.594006766554	0.723537941034	0.551957467376	0.538424359594	0.639439342678	0.529241179314	0.664088931851	0.621072982117	0.883035282745	0.703238279362	0.593040115998	0.510391493475	0.479458675689	0.883518608023	0.730787820203	0.562107298212	0.527307878202	0.500724987917	0.502174963751	0.840502658289	0.567907201547	0.483325277912	0.512808119865	0.536007733204	0.555824069599	0.0	0.324794586757	0.570807153214	0.611406476559	0.784436926051	0.715804736588	0.567907201547	0.652972450459	0.603673272112	0.669405509908	0.632189463509	0.765587240213	0.754470758821	0.640405993233	0.639439342678	0.623489608507	0.760753987434	0.721604639923	0.764620589657	0.73368777187	0.704688255196	0.729337844369	0.6389560174	0.624456259062	0.628806186564	0.6389560174	0.626872885452	0.745770903818	0.627839536008	0.730787820203	0.597873368777	0.717738037699
AH8	0.556790720155	0.56935717738	0.954567423876	0.644755920735	0.666988883519	0.53697438376	0.689221846303	0.50459159014	0.480425326245	0.600289995167	0.500724987917	0.620106331561	0.557274045433	0.874335427743	0.641372643789	0.545674238763	0.409376510391	0.364910584824	0.896568390527	0.740937651039	0.547607539874	0.471242145964	0.452392460126	0.473175447076	0.845335911068	0.554857419043	0.453842435959	0.461092315128	0.499275012083	0.541324311261	0.324794586757	0.0	0.496858385694	0.542774287095	0.753020782987	0.677622039633	0.517641372644	0.596906718221	0.547607539874	0.623972933784	0.585790236829	0.722571290478	0.707588206863	0.594490091832	0.58337361044	0.554374093765	0.706621556307	0.661188980184	0.71532141131	0.6805219913	0.647172547124	0.667472208797	0.585306911551	0.57177380377	0.573707104882	0.579990333494	0.5601739971	0.681971967134	0.573707104882	0.683421942968	0.536491058482	0.662638956017
AA5	0.589656839053	0.487191880135	0.9584340261	0.636056065732	0.599323344611	0.466408893185	0.628322861286	0.409859835669	0.39342677622	0.536491058482	0.444175930401	0.543257612373	0.508941517641	0.875302078299	0.526824552924	0.545190913485	0.439342677622	0.442725954567	0.917351377477	0.754954084099	0.548090865152	0.474142097632	0.492508458192	0.501691638473	0.894635089415	0.591590140164	0.423876268729	0.443692605123	0.486708554857	0.556307394877	0.570807153214	0.496858385694	0.0	0.347027549541	0.678105364911	0.582890285162	0.459159014016	0.465442242629	0.467375543741	0.534557757371	0.457709038183	0.617206379894	0.590140164331	0.459642339294	0.512324794587	0.462058965684	0.689221846303	0.631222812953	0.669888835186	0.64572257129	0.636056065732	0.664088931851	0.523924601257	0.544707588207	0.55775737071	0.549540840986	0.532624456259	0.670855485742	0.554374093765	0.64572257129	0.482841952634	0.625422909618
AA6	0.589656839053	0.510874818753	0.96520057999	0.651522474625	0.633639439343	0.482841952634	0.647655872402	0.457225712905	0.452392460126	0.556790720155	0.502174963751	0.572740454326	0.512324794587	0.880135331078	0.55775737071	0.55099081682	0.493475108748	0.490575157081	0.938134364427	0.771387143548	0.601256645723	0.523924601257	0.538424359594	0.546157564041	0.908651522475	0.60415659739	0.4813919768	0.504108264862	0.554374093765	0.592073465442	0.611406476559	0.542774287095	0.347027549541	0.0	0.675688738521	0.582406959884	0.505558240696	0.501208313195	0.48380860319	0.559690671822	0.488641855969	0.65973900435	0.630256162397	0.503141614306	0.445142580957	0.398260029	0.68293861769	0.634122764621	0.669888835186	0.650072498792	0.635572740454	0.660222329628	0.535041082649	0.547607539874	0.559690671822	0.555824069599	0.536491058482	0.670372160464	0.560657322378	0.65055582407	0.492508458192	0.626389560174
AB5	0.740454325761	0.665055582407	0.975833736104	0.74528757854	0.623489608507	0.62735621073	0.754470758821	0.657805703238	0.661672305462	0.714354760754	0.681488641856	0.627839536008	0.668438859352	0.899468342194	0.705171580474	0.702271628806	0.705654905752	0.706621556307	0.941517641373	0.818753020783	0.81246979217	0.739487675205	0.752054132431	0.750604156597	0.926534557757	0.763653939101	0.707104881585	0.72692121798	0.750604156597	0.761720637989	0.784436926051	0.753020782987	0.678105364911	0.675688738521	0.0	0.315128081199	0.614789753504	0.673272112131	0.610923151281	0.625422909618	0.610439826003	0.74528757854	0.72450459159	0.663605606573	0.633639439343	0.623972933784	0.618656355727	0.619139681005	0.630256162397	0.604639922668	0.633156114065	0.620106331561	0.595940067666	0.609473175447	0.60657322378	0.616239729338	0.676655389077	0.606089898502	0.656839052682	0.617206379894	0.669405509908	0.62493958434
AB6	0.664088931851	0.572740454326	0.968583856936	0.674722087965	0.589173513775	0.544224262929	0.673755437409	0.566940550991	0.575640405993	0.629289511841	0.610923151281	0.537457709038	0.59497341711	0.889801836636	0.628806186564	0.626872885452	0.634122764621	0.635089415176	0.930401159981	0.769937167714	0.739487675205	0.66892218463	0.679072015466	0.674722087965	0.913484775254	0.687771870469	0.637022716288	0.659255679072	0.677622039633	0.68970517158	0.715804736588	0.677622039633	0.582890285162	0.582406959884	0.315128081199	0.0	0.544224262929	0.578057032383	0.552440792653	0.536491058482	0.53020782987	0.672788786854	0.637022716288	0.539874335428	0.5601739971	0.538907684872	0.608023199613	0.563073948768	0.59497341711	0.568873852102	0.566940550991	0.583856935718	0.511358144031	0.546157564041	0.549057515708	0.541807636539	0.595456742388	0.582406959884	0.586756887385	0.574673755437	0.612856452392	0.554857419043
AC5	0.597873368777	0.551957467376	0.974867085549	0.65055582407	0.625906234896	0.462542290962	0.675688738521	0.456259062349	0.427742870952	0.579023682939	0.423392943451	0.574190430159	0.531174480425	0.886901884969	0.612856452392	0.578057032383	0.471725471242	0.46302561624	0.94683421943	0.780570323828	0.614789753504	0.542290961817	0.512324794587	0.502658289029	0.918318028033	0.614306428226	0.472692121798	0.508941517641	0.521024649589	0.579507008217	0.567907201547	0.517641372644	0.459159014016	0.505558240696	0.614789753504	0.544224262929	0.0	0.459159014016	0.44224262929	0.573707104882	0.512324794587	0.710971483809	0.671822136298	0.53939101015	0.464958917351	0.456259062349	0.601739971	0.555824069599	0.617206379894	0.572257129048	0.564040599323	0.584823586274	0.502174963751	0.485258579024	0.501208313195	0.50459159014	0.568390526825	0.587240212663	0.579507008217	0.572257129048	0.50459159014	0.551474142098
AC6	0.628806186564	0.506041565974	0.95360077332	0.632672788787	0.590140164331	0.524891251812	0.523441275979	0.495891735138	0.52537457709	0.475108748188	0.55775737071	0.538424359594	0.549057515708	0.862252295795	0.522474625423	0.58337361044	0.565973900435	0.565973900435	0.916868052199	0.749637506042	0.645239246013	0.577573707105	0.600773320445	0.593040115998	0.901884968584	0.605123247946	0.551957467376	0.56935717738	0.579990333494	0.589656839053	0.652972450459	0.596906718221	0.465442242629	0.501208313195	0.673272112131	0.578057032383	0.459159014016	0.0	0.526341227646	0.512324794587	0.487191880135	0.471242145964	0.441275978734	0.410343160947	0.563557274045	0.540840985984	0.676655389077	0.624456259062	0.666505558241	0.635572740454	0.631222812953	0.655872402127	0.569840502658	0.57177380377	0.585790236829	0.577090381827	0.559690671822	0.663122281295	0.577090381827	0.632189463509	0.549057515708	0.619139681005
AD6	0.586273562107	0.522957950701	0.972933784437	0.6389560174	0.591106814886	0.432092798453	0.634122764621	0.453359110681	0.438859352344	0.549540840986	0.454809086515	0.529724504592	0.522957950701	0.889801836636	0.592073465442	0.549057515708	0.490091831803	0.481875302078	0.946350894152	0.771870468826	0.616239729338	0.540840985984	0.543740937651	0.538424359594	0.916384726921	0.603189946834	0.500241662639	0.527307878202	0.546157564041	0.577573707105	0.603673272112	0.547607539874	0.467375543741	0.48380860319	0.610923151281	0.552440792653	0.44224262929	0.526341227646	0.0	0.528757854036	0.402126631223	0.702271628806	0.67133881102	0.528757854036	0.458192363461	0.453842435959	0.604639922668	0.552924117931	0.604639922668	0.563557274045	0.552924117931	0.58337361044	0.478008699855	0.465925567907	0.480908651522	0.475108748188	0.549057515708	0.59255679072	0.552924117931	0.572257129048	0.466408893185	0.5601739971
AE5	0.617689705172	0.50700821653	0.973417109715	0.637506041566	0.56259062349	0.535041082649	0.58095698405	0.537941034316	0.578057032383	0.532141130981	0.608506524891	0.506041565974	0.555824069599	0.881585306912	0.545674238763	0.574190430159	0.590623489609	0.586756887385	0.928951184147	0.753987433543	0.718704688255	0.644755920735	0.648622522958	0.643789270179	0.884001933301	0.642339294345	0.603673272112	0.610923151281	0.637022716288	0.651039149348	0.669405509908	0.623972933784	0.534557757371	0.559690671822	0.625422909618	0.536491058482	0.573707104882	0.512324794587	0.528757854036	0.0	0.348960850652	0.605606573224	0.575640405993	0.500241662639	0.608506524891	0.601256645723	0.641372643789	0.593040115998	0.629772837119	0.593040115998	0.61333977767	0.626872885452	0.51619139681	0.557274045433	0.586273562107	0.542290961817	0.548090865152	0.626389560174	0.552440792653	0.60657322378	0.563073948768	0.609473175447
AE6	0.594006766554	0.478492025133	0.972450459159	0.62735621073	0.566940550991	0.456742387627	0.583856935718	0.467375543741	0.500241662639	0.503624939584	0.521024649589	0.506041565974	0.512808119865	0.885451909135	0.540357660706	0.544707588207	0.535041082649	0.52779120348	0.943450942484	0.76848719188	0.65973900435	0.583856935718	0.594006766554	0.583856935718	0.902368293862	0.613823102948	0.544224262929	0.565973900435	0.582890285162	0.601256645723	0.632189463509	0.585790236829	0.457709038183	0.488641855969	0.610439826003	0.53020782987	0.512324794587	0.487191880135	0.402126631223	0.348960850652	0.0	0.649589173514	0.61575640406	0.473658772354	0.52779120348	0.520057999033	0.633156114065	0.575157080715	0.620106331561	0.592073465442	0.59497341711	0.616239729338	0.484775253746	0.497341710971	0.513291445143	0.497825036249	0.528274528758	0.623489608507	0.534074432093	0.59497341711	0.49540840986	0.593040115998
AF5	0.711938134364	0.62493958434	0.939101014983	0.666505558241	0.662638956017	0.688255195747	0.565973900435	0.649589173514	0.682455292412	0.58337361044	0.723537941034	0.623006283229	0.675205413243	0.848719188014	0.61575640406	0.676655389077	0.717254712421	0.725954567424	0.884001933301	0.73852102465	0.722571290478	0.677622039633	0.724021266312	0.717254712421	0.884001933301	0.687288545191	0.698405026583	0.68293861769	0.677622039633	0.687771870469	0.765587240213	0.722571290478	0.617206379894	0.65973900435	0.74528757854	0.672788786854	0.710971483809	0.471242145964	0.702271628806	0.605606573224	0.649589173514	0.0	0.287578540358	0.531657805703	0.72692121798	0.706138231029	0.753504108265	0.722571290478	0.74770420493	0.716288061866	0.739487675205	0.748187530208	0.69212179797	0.71532141131	0.729337844369	0.709521507975	0.672788786854	0.754954084099	0.682455292412	0.720637989367	0.714354760754	0.724987916868
AF6	0.704204929918	0.593523441276	0.941034316095	0.653939101015	0.642339294345	0.661672305462	0.552924117931	0.623972933784	0.656355727405	0.576607056549	0.697921701305	0.595456742388	0.64813919768	0.850652489125	0.574190430159	0.655872402127	0.691638472692	0.697438376027	0.877718704688	0.728371193813	0.713388110198	0.652972450459	0.713871435476	0.70130497825	0.880618656356	0.683421942968	0.671822136298	0.65732237796	0.662638956017	0.672788786854	0.754470758821	0.707588206863	0.590140164331	0.630256162397	0.72450459159	0.637022716288	0.671822136298	0.441275978734	0.67133881102	0.575640405993	0.61575640406	0.287578540358	0.0	0.506524891252	0.699371677139	0.6805219913	0.73368777187	0.699371677139	0.718221362977	0.68970517158	0.702271628806	0.72450459159	0.662638956017	0.686805219913	0.700821652972	0.681971967134	0.642339294345	0.722571290478	0.64813919768	0.693088448526	0.690671822136	0.69212179797
