	AA3	AA4	AB3	AB4	AC3	AC4	AD3	AD4	AE3	AE4	AF3	AF4	AG3	AG4	AH3	AH4	AA7	AA8	AB7	AB8	AC7	AC8	AD7	AD8	AE7	AE8	AF7	AF8	AG7	AG8	AH7	AH8	AA5	AA6	AB5	AB6	AC5	AC6	AD6	AE5	AE6	AF5	AF6	AG5	AH5	AH6	AA1	AA2	AB1	AB2	AC1	AC2	AD1	AD2	AE1	AE2	AF1	AF2	AG1	AG2	AH1	AH2
AA3	0.0	0.487675205413	0.933301111648	0.637506041566	0.667955534074	0.572257129048	0.648622522958	0.589173513775	0.577573707105	0.617689705172	0.613823102948	0.612373127115	0.582890285162	0.863218946351	0.659255679072	0.333977767037	0.56935717738	0.568873852102	0.873852102465	0.723537941034	0.619139681005	0.584340260996	0.601256645723	0.588206863219	0.831319478009	0.590140164331	0.567907201547	0.568390526825	0.601739971	0.588206863219	0.590623489609	0.573223779604	0.591590140164	0.595456742388	0.750120831319	0.692605123248	0.607539874335	0.624456259062	0.594006766554	0.625906234896	0.598840019333	0.715804736588	0.695988400193	0.61575640406	0.623489608507	0.621072982117	0.692605123248	0.658772353794	0.729337844369	0.671822136298	0.655389076849	0.677138714355	0.575157080715	0.573223779604	0.567907201547	0.567423876269	0.575640405993	0.65973900435	0.575640405993	0.690188496858	0.585306911551	0.65732237796
AA4	0.487675205413	0.0	0.938617689705	0.579990333494	0.575157080715	0.489125181247	0.566940550991	0.478008699855	0.507491541808	0.508941517641	0.570323827936	0.528274528758	0.480908651522	0.862252295795	0.376027066216	0.367810536491	0.535524407927	0.546157564041	0.886418559691	0.722571290478	0.651039149348	0.576123731271	0.575157080715	0.575157080715	0.869502174964	0.619623006283	0.549057515708	0.56259062349	0.593523441276	0.614789753504	0.623972933784	0.567423876269	0.512324794587	0.517158047366	0.675688738521	0.615273078782	0.574673755437	0.507491541808	0.53697438376	0.535524407927	0.485741904302	0.626389560174	0.588206863219	0.513291445143	0.59255679072	0.581440309328	0.663122281295	0.590140164331	0.646205896568	0.61333977767	0.617206379894	0.644755920735	0.55775737071	0.538424359594	0.536007733204	0.532624456259	0.516674722088	0.633156114065	0.524407926535	0.618656355727	0.536491058482	0.589173513775
AB3	0.933301111648	0.938617689705	0.0	0.666022232963	0.910584823586	0.94683421943	0.945867568874	0.938134364427	0.920734654422	0.942000966651	0.967133881102	0.927984533591	0.960850652489	0.314161430643	0.95360077332	0.937651039149	0.962783953601	0.964233929435	0.728371193813	0.744804253262	0.887385210246	0.899951667472	0.951667472209	0.948767520541	0.846785886902	0.890768487192	0.934751087482	0.926051232479	0.83566940551	0.832769453842	0.949734171097	0.944900918318	0.954567423876	0.956500724988	0.96761720638	0.960850652489	0.969067182214	0.948284195263	0.968583856936	0.968100531658	0.96761720638	0.927984533591	0.926534557757	0.944900918318	0.971000483325	0.966650555824	0.968100531658	0.965683905268	0.96761720638	0.965683905268	0.970033832769	0.96520057999	0.970033832769	0.968100531658	0.971000483325	0.969067182214	0.968100531658	0.96761720638	0.969067182214	0.968583856936	0.969067182214	0.96761720638
AB4	0.637506041566	0.579990333494	0.666022232963	0.0	0.639439342678	0.608989850169	0.69212179797	0.613823102948	0.606089898502	0.631706138231	0.649589173514	0.625422909618	0.489125181247	0.567423876269	0.608506524891	0.600773320445	0.622039632673	0.637506041566	0.731754470759	0.584340260996	0.653455775737	0.610923151281	0.651039149348	0.644272595457	0.803769937168	0.656839052682	0.637989366844	0.628322861286	0.565007249879	0.604639922668	0.693088448526	0.640405993233	0.637506041566	0.64572257129	0.729821169647	0.679555340744	0.658289028516	0.642822619623	0.626389560174	0.644272595457	0.629772837119	0.680038666022	0.660705654906	0.634606089899	0.681005316578	0.674722087965	0.70130497825	0.670372160464	0.710971483809	0.669405509908	0.6805219913	0.673755437409	0.637989366844	0.650072498792	0.647655872402	0.643789270179	0.645239246013	0.670855485742	0.637506041566	0.672305461576	0.642339294345	0.65732237796
AC3	0.667955534074	0.575157080715	0.910584823586	0.639439342678	0.0	0.496375060416	0.642339294345	0.564040599323	0.573223779604	0.592073465442	0.618173030449	0.321411309812	0.609473175447	0.840502658289	0.609956500725	0.616239729338	0.619623006283	0.625906234896	0.87723537941	0.758820686322	0.727887868536	0.675688738521	0.719671338811	0.710971483809	0.843885935234	0.696471725471	0.65732237796	0.691155147414	0.67133881102	0.697438376027	0.713388110198	0.67133881102	0.620589656839	0.636056065732	0.604639922668	0.58095698405	0.615273078782	0.595940067666	0.587240212663	0.558724021266	0.55099081682	0.662638956017	0.644755920735	0.581923634606	0.630739487675	0.632672788787	0.594006766554	0.588206863219	0.579507008217	0.568873852102	0.59497341711	0.584823586274	0.549057515708	0.566940550991	0.580473658772	0.570323827936	0.622522957951	0.591106814886	0.620589656839	0.580473658772	0.613823102948	0.585306911551
AC4	0.572257129048	0.489125181247	0.94683421943	0.608989850169	0.496375060416	0.0	0.612856452392	0.391010149831	0.381343644273	0.526341227646	0.327694538424	0.401159980667	0.486708554857	0.873368777187	0.560657322378	0.513291445143	0.454325761237	0.445625906235	0.924117931368	0.753504108265	0.575640405993	0.516674722088	0.499275012083	0.503141614306	0.886901884969	0.575640405993	0.468342194297	0.493475108748	0.537941034316	0.554857419043	0.5601739971	0.491058482359	0.434509424843	0.46302561624	0.644272595457	0.577573707105	0.462058965684	0.502174963751	0.413243112615	0.536491058482	0.460125664572	0.673755437409	0.635089415176	0.505558240696	0.510874818753	0.491058482359	0.639922667956	0.579990333494	0.617689705172	0.588690188497	0.591590140164	0.621556307395	0.498308361527	0.489125181247	0.511841469309	0.494925084582	0.530691155147	0.601256645723	0.534557757371	0.595456742388	0.461092315128	0.565973900435
AD3	0.648622522958	0.566940550991	0.945867568874	0.69212179797	0.642339294345	0.612856452392	0.0	0.520057999033	0.620106331561	0.34267762204	0.667955534074	0.601739971	0.635572740454	0.876268728855	0.581923634606	0.619623006283	0.671822136298	0.676172063799	0.941034316095	0.778153697438	0.704688255196	0.675688738521	0.688738521025	0.687771870469	0.913484775254	0.67133881102	0.6805219913	0.676655389077	0.679555340744	0.669405509908	0.709038182697	0.681005316578	0.618173030449	0.636056065732	0.733204446593	0.676172063799	0.674722087965	0.529241179314	0.614789753504	0.563557274045	0.57177380377	0.551474142098	0.53020782987	0.540840985984	0.688738521025	0.686321894635	0.767520541324	0.703238279362	0.746737554374	0.722087965201	0.71532141131	0.746737554374	0.663122281295	0.657805703238	0.661188980184	0.648622522958	0.633156114065	0.721604639923	0.636056065732	0.726437892702	0.672305461576	0.702754954084
AD4	0.589173513775	0.478008699855	0.938134364427	0.613823102948	0.564040599323	0.391010149831	0.520057999033	0.0	0.318511358144	0.41904301595	0.434026099565	0.502658289029	0.504108264862	0.863702271629	0.541324311261	0.522957950701	0.462058965684	0.446109231513	0.933784436926	0.762687288545	0.573223779604	0.50700821653	0.489125181247	0.488158530691	0.90043499275	0.594006766554	0.435476075399	0.468825519575	0.522957950701	0.560657322378	0.547607539874	0.481875302078	0.39584340261	0.451909134848	0.665538907685	0.593523441276	0.460125664572	0.485741904302	0.4398260029	0.546640889319	0.466408893185	0.655389076849	0.612373127115	0.489125181247	0.529724504592	0.497825036249	0.673272112131	0.605123247946	0.652005799903	0.628806186564	0.621072982117	0.651039149348	0.536007733204	0.532624456259	0.536007733204	0.53020782987	0.537457709038	0.637989366844	0.559207346544	0.634606089899	0.497825036249	0.596906718221
AE3	0.577573707105	0.507491541808	0.920734654422	0.606089898502	0.573223779604	0.381343644273	0.620106331561	0.318511358144	0.0	0.522957950701	0.401643305945	0.50700821653	0.511358144031	0.855485741904	0.575640405993	0.531174480425	0.445625906235	0.434992750121	0.920734654422	0.753987433543	0.552440792653	0.492025132914	0.468342194297	0.47462542291	0.887868535524	0.584823586274	0.420492991783	0.453842435959	0.509424842919	0.546640889319	0.535524407927	0.479942000967	0.399710004833	0.464475592073	0.677622039633	0.609956500725	0.445625906235	0.51377477042	0.443209279845	0.590623489609	0.508941517641	0.683905268246	0.647655872402	0.524407926535	0.524891251812	0.488158530691	0.670855485742	0.611406476559	0.65973900435	0.627839536008	0.619139681005	0.654905751571	0.533107781537	0.535041082649	0.543257612373	0.532624456259	0.547607539874	0.637506041566	0.569840502658	0.634122764621	0.491541807637	0.598356694055
AE4	0.617689705172	0.508941517641	0.942000966651	0.631706138231	0.592073465442	0.526341227646	0.34267762204	0.41904301595	0.522957950701	0.0	0.598356694055	0.541324311261	0.566940550991	0.86805219913	0.544707588207	0.552440792653	0.599806669889	0.607539874335	0.93281778637	0.761237312711	0.66892218463	0.600289995167	0.607539874335	0.602706621556	0.904784920251	0.634606089899	0.600773320445	0.594006766554	0.598840019333	0.612856452392	0.656355727405	0.601739971	0.54857419043	0.568873852102	0.697921701305	0.631706138231	0.589173513775	0.487675205413	0.547124214596	0.519574673755	0.497341710971	0.58337361044	0.540840985984	0.494925084582	0.61575640406	0.614306428226	0.715804736588	0.65055582407	0.697438376027	0.672305461576	0.66892218463	0.691155147414	0.60657322378	0.587240212663	0.600773320445	0.59497341711	0.579023682939	0.677622039633	0.587240212663	0.679072015466	0.601256645723	0.65055582407
AF3	0.613823102948	0.570323827936	0.967133881102	0.649589173514	0.618173030449	0.327694538424	0.667955534074	0.434026099565	0.401643305945	0.598356694055	0.0	0.517158047366	0.531174480425	0.897535041083	0.622522957951	0.579023682939	0.452392460126	0.434026099565	0.961333977767	0.794586756887	0.595940067666	0.554374093765	0.450459159014	0.458192363461	0.917351377477	0.613823102948	0.440309328178	0.492025132914	0.550507491542	0.587723537941	0.531174480425	0.507491541808	0.438376027066	0.505074915418	0.674722087965	0.619623006283	0.426292895118	0.547124214596	0.444659255679	0.604639922668	0.53697438376	0.72450459159	0.678105364911	0.552924117931	0.520057999033	0.498308361527	0.669888835186	0.606089898502	0.667472208797	0.619139681005	0.612856452392	0.646689221846	0.541324311261	0.517641372644	0.538907684872	0.526824552924	0.588206863219	0.629289511841	0.585790236829	0.617206379894	0.498791686805	0.587723537941
AF4	0.612373127115	0.528274528758	0.927984533591	0.625422909618	0.321411309812	0.401159980667	0.601739971	0.502658289029	0.50700821653	0.541324311261	0.517158047366	0.0	0.566457225713	0.85645239246	0.569840502658	0.554857419043	0.567423876269	0.562107298212	0.883035282745	0.733204446593	0.690188496858	0.632189463509	0.657805703238	0.65055582407	0.848719188014	0.635572740454	0.598356694055	0.63653939101	0.635089415176	0.656839052682	0.658772353794	0.61333977767	0.560657322378	0.578057032383	0.610923151281	0.542290961817	0.558724021266	0.549057515708	0.528274528758	0.519574673755	0.512324794587	0.631706138231	0.60415659739	0.52779120348	0.572740454326	0.576607056549	0.593523441276	0.543257612373	0.583856935718	0.544224262929	0.549540840986	0.578057032383	0.498791686805	0.509908168197	0.526824552924	0.510874818753	0.56259062349	0.556790720155	0.560657322378	0.553890768487	0.545190913485	0.542290961817
AG3	0.582890285162	0.480908651522	0.960850652489	0.489125181247	0.609473175447	0.486708554857	0.635572740454	0.504108264862	0.511358144031	0.566940550991	0.531174480425	0.566457225713	0.0	0.857419043016	0.52537457709	0.525857902368	0.487191880135	0.493475108748	0.934267762204	0.766553890768	0.65732237796	0.595456742388	0.58095698405	0.581440309328	0.88883518608	0.633156114065	0.540357660706	0.577573707105	0.605123247946	0.626872885452	0.632189463509	0.56259062349	0.518124697922	0.509908168197	0.659255679072	0.616239729338	0.541324311261	0.535524407927	0.500241662639	0.570807153214	0.499275012083	0.677138714355	0.641372643789	0.532624456259	0.567907201547	0.556307394877	0.632672788787	0.58337361044	0.640889318511	0.60657322378	0.596423392943	0.609473175447	0.526341227646	0.526341227646	0.535041082649	0.525857902368	0.555340744321	0.602223296278	0.551957467376	0.608989850169	0.499758337361	0.571290478492
AG4	0.863218946351	0.862252295795	0.314161430643	0.567423876269	0.840502658289	0.873368777187	0.876268728855	0.863702271629	0.855485741904	0.86805219913	0.897535041083	0.85645239246	0.857419043016	0.0	0.880135331078	0.860318994683	0.895118414693	0.895118414693	0.703238279362	0.6805219913	0.825519574674	0.834219429676	0.887385210246	0.882068632189	0.822619623006	0.826002899952	0.869018849686	0.860802319961	0.768970517158	0.764620589657	0.88883518608	0.87723537941	0.884968583857	0.884968583857	0.906234896085	0.894151764137	0.898501691638	0.870952150797	0.894151764137	0.889318511358	0.889318511358	0.85645239246	0.854035766071	0.87723537941	0.90285161914	0.898985016916	0.894151764137	0.893668438859	0.895601739971	0.890768487192	0.902368293862	0.892701788304	0.899951667472	0.898501691638	0.901401643306	0.898501691638	0.899951667472	0.897535041083	0.898985016916	0.892701788304	0.901884968584	0.899468342194
AH3	0.659255679072	0.376027066216	0.95360077332	0.608506524891	0.609956500725	0.560657322378	0.581923634606	0.541324311261	0.575640405993	0.544707588207	0.622522957951	0.569840502658	0.52537457709	0.880135331078	0.0	0.53939101015	0.597390043499	0.61575640406	0.927017883035	0.777187046883	0.71532141131	0.64813919768	0.638472692122	0.640889318511	0.90285161914	0.698405026583	0.63653939101	0.6389560174	0.670855485742	0.688738521025	0.698405026583	0.639439342678	0.5601739971	0.585790236829	0.716771387144	0.660222329628	0.637022716288	0.549057515708	0.601256645723	0.563557274045	0.5601739971	0.603673272112	0.560657322378	0.557274045433	0.661672305462	0.649105848236	0.708554857419	0.628806186564	0.670372160464	0.663122281295	0.664088931851	0.6805219913	0.609956500725	0.61575640406	0.607056549058	0.608023199613	0.582406959884	0.666505558241	0.58095698405	0.663122281295	0.600289995167	0.622522957951
AH4	0.333977767037	0.367810536491	0.937651039149	0.600773320445	0.616239729338	0.513291445143	0.619623006283	0.522957950701	0.531174480425	0.552440792653	0.579023682939	0.554857419043	0.525857902368	0.860318994683	0.53939101015	0.0	0.538907684872	0.545674238763	0.874335427743	0.722087965201	0.62493958434	0.560657322378	0.571290478492	0.557274045433	0.846302561624	0.589173513775	0.551474142098	0.55099081682	0.581440309328	0.588690188497	0.588690188497	0.549540840986	0.541324311261	0.537457709038	0.70372160464	0.636056065732	0.579990333494	0.561623972934	0.54857419043	0.573707104882	0.52779120348	0.671822136298	0.640405993233	0.553890768487	0.597873368777	0.585790236829	0.671822136298	0.611406476559	0.680038666022	0.625422909618	0.623006283229	0.643789270179	0.551957467376	0.537457709038	0.538424359594	0.535524407927	0.514258095698	0.638472692122	0.524891251812	0.643305944901	0.535524407927	0.614306428226
AA7	0.56935717738	0.535524407927	0.962783953601	0.622039632673	0.619623006283	0.454325761237	0.671822136298	0.462058965684	0.445625906235	0.599806669889	0.452392460126	0.567423876269	0.487191880135	0.895118414693	0.597390043499	0.538907684872	0.0	0.283228612856	0.917351377477	0.767520541324	0.591590140164	0.531174480425	0.477525374577	0.475108748188	0.87046882552	0.590140164331	0.447559207347	0.47220879652	0.536007733204	0.578057032383	0.514258095698	0.428709521508	0.424359594007	0.487191880135	0.706138231029	0.652489125181	0.476558724021	0.555340744321	0.46979217013	0.602223296278	0.532624456259	0.720637989367	0.681005316578	0.573223779604	0.558240695988	0.53020782987	0.652005799903	0.605123247946	0.666505558241	0.628322861286	0.591106814886	0.621072982117	0.520541324311	0.518124697922	0.522474625423	0.522474625423	0.544707588207	0.603189946834	0.541324311261	0.637506041566	0.491541807637	0.59255679072
AA8	0.568873852102	0.546157564041	0.964233929435	0.637506041566	0.625906234896	0.445625906235	0.676172063799	0.446109231513	0.434992750121	0.607539874335	0.434026099565	0.562107298212	0.493475108748	0.895118414693	0.61575640406	0.545674238763	0.283228612856	0.0	0.913001449976	0.757854035766	0.578057032383	0.511358144031	0.464958917351	0.466408893185	0.86563557274	0.575640405993	0.426292895118	0.460125664572	0.529241179314	0.57177380377	0.479458675689	0.387626872885	0.420976317061	0.476558724021	0.701788303528	0.653455775737	0.453842435959	0.55775737071	0.471242145964	0.604639922668	0.528757854036	0.730304494925	0.689221846303	0.566940550991	0.535524407927	0.509908168197	0.648622522958	0.60415659739	0.675205413243	0.628806186564	0.589656839053	0.618173030449	0.512324794587	0.51377477042	0.518124697922	0.514741420976	0.545674238763	0.600773320445	0.554374093765	0.629772837119	0.487675205413	0.594006766554
AB7	0.873852102465	0.886418559691	0.728371193813	0.731754470759	0.87723537941	0.924117931368	0.941034316095	0.933784436926	0.920734654422	0.93281778637	0.961333977767	0.883035282745	0.934267762204	0.703238279362	0.927017883035	0.874335427743	0.917351377477	0.913001449976	0.0	0.423392943451	0.808603189947	0.841952634123	0.933784436926	0.915901401643	0.737554374094	0.826969550507	0.895118414693	0.881101981634	0.731271145481	0.69453842436	0.887385210246	0.894151764137	0.925567907202	0.940550990817	0.940067665539	0.931367810536	0.942967617206	0.917351377477	0.94683421943	0.934267762204	0.935717738038	0.882551957467	0.870952150797	0.904784920251	0.955050749154	0.956500724988	0.926051232479	0.926051232479	0.938134364427	0.924117931368	0.927984533591	0.919768003867	0.9212179797	0.911068148864	0.915901401643	0.91445142581	0.916868052199	0.913968100532	0.912518124698	0.921701304978	0.94441759304	0.930401159981
AB8	0.723537941034	0.722571290478	0.744804253262	0.584340260996	0.758820686322	0.753504108265	0.778153697438	0.762687288545	0.753987433543	0.761237312711	0.794586756887	0.733204446593	0.766553890768	0.6805219913	0.777187046883	0.722087965201	0.767520541324	0.757854035766	0.423392943451	0.0	0.654422426293	0.673272112131	0.761720637989	0.743354277429	0.725471242146	0.664088931851	0.724021266312	0.714354760754	0.523924601257	0.509424842919	0.739971000483	0.736587723538	0.764620589657	0.772837119381	0.81246979217	0.772353794103	0.779603673272	0.750120831319	0.773803769937	0.761237312711	0.761237312711	0.729821169647	0.716771387144	0.738037699372	0.793620106332	0.796036732721	0.820202996617	0.770420492992	0.810053165781	0.776703721605	0.781053649106	0.797970033833	0.773803769937	0.767037216046	0.773320444659	0.768003866602	0.768003866602	0.76848719188	0.765587240213	0.769453842436	0.784436926051	0.774287095215
AC7	0.619139681005	0.651039149348	0.887385210246	0.653455775737	0.727887868536	0.575640405993	0.704688255196	0.573223779604	0.552440792653	0.66892218463	0.595940067666	0.690188496858	0.65732237796	0.825519574674	0.71532141131	0.62493958434	0.591590140164	0.578057032383	0.808603189947	0.654422426293	0.0	0.361527307878	0.565490575157	0.565490575157	0.82165297245	0.581440309328	0.525857902368	0.498791686805	0.489608506525	0.47220879652	0.567907201547	0.543740937651	0.560657322378	0.601739971	0.81246979217	0.751087481875	0.623006283229	0.6389560174	0.604639922668	0.709038182697	0.665538907685	0.720154664089	0.695505074915	0.637506041566	0.645239246013	0.616239729338	0.818269695505	0.753020782987	0.808119864669	0.783953600773	0.752537457709	0.789753504108	0.684871918801	0.669888835186	0.686805219913	0.680038666022	0.67133881102	0.775737071049	0.676172063799	0.779120347994	0.622522957951	0.744804253262
AC8	0.584340260996	0.576123731271	0.899951667472	0.610923151281	0.675688738521	0.516674722088	0.675688738521	0.50700821653	0.492025132914	0.600289995167	0.554374093765	0.632189463509	0.595456742388	0.834219429676	0.64813919768	0.560657322378	0.531174480425	0.511358144031	0.841952634123	0.673272112131	0.361527307878	0.0	0.496375060416	0.487191880135	0.827936201063	0.549057515708	0.415659739004	0.38666022233	0.462542290962	0.471725471242	0.536491058482	0.477525374577	0.501208313195	0.53020782987	0.739971000483	0.681488641856	0.550024166264	0.567423876269	0.537941034316	0.637022716288	0.591590140164	0.686805219913	0.641855969067	0.577090381827	0.575640405993	0.551957467376	0.743837602707	0.675205413243	0.739004349928	0.712421459642	0.677138714355	0.710488158531	0.609473175447	0.594490091832	0.611889801837	0.604639922668	0.587240212663	0.697438376027	0.597873368777	0.710488158531	0.55099081682	0.666505558241
AD7	0.601256645723	0.575157080715	0.951667472209	0.651039149348	0.719671338811	0.499275012083	0.688738521025	0.489125181247	0.468342194297	0.607539874335	0.450459159014	0.657805703238	0.58095698405	0.887385210246	0.638472692122	0.571290478492	0.477525374577	0.464958917351	0.933784436926	0.761720637989	0.565490575157	0.496375060416	0.0	0.281295311745	0.894151764137	0.522957950701	0.418076365394	0.436442725955	0.512324794587	0.55099081682	0.502174963751	0.467375543741	0.465925567907	0.533591106815	0.750604156597	0.690188496858	0.495891735138	0.586273562107	0.532624456259	0.644272595457	0.595456742388	0.727404543258	0.691638472692	0.603189946834	0.57177380377	0.551474142098	0.748670855486	0.671822136298	0.74770420493	0.716288061866	0.680038666022	0.713388110198	0.611406476559	0.597390043499	0.605123247946	0.610923151281	0.587240212663	0.695988400193	0.600773320445	0.710004833253	0.563073948768	0.65973900435
AD8	0.588206863219	0.575157080715	0.948767520541	0.644272595457	0.710971483809	0.503141614306	0.687771870469	0.488158530691	0.47462542291	0.602706621556	0.458192363461	0.65055582407	0.581440309328	0.882068632189	0.640889318511	0.557274045433	0.475108748188	0.466408893185	0.915901401643	0.743354277429	0.565490575157	0.487191880135	0.281295311745	0.0	0.856935717738	0.482841952634	0.410826486225	0.429676172064	0.499275012083	0.53697438376	0.490575157081	0.459642339294	0.481875302078	0.538424359594	0.744320927985	0.686321894635	0.501208313195	0.587240212663	0.527307878202	0.635572740454	0.589173513775	0.724021266312	0.685838569357	0.597390043499	0.576123731271	0.553407443209	0.744804253262	0.669405509908	0.744804253262	0.710004833253	0.673272112131	0.709038182697	0.616239729338	0.599806669889	0.602223296278	0.607539874335	0.581440309328	0.690188496858	0.598840019333	0.70372160464	0.557274045433	0.657805703238
AE7	0.831319478009	0.869502174964	0.846785886902	0.803769937168	0.843885935234	0.886901884969	0.913484775254	0.90043499275	0.887868535524	0.904784920251	0.917351377477	0.848719188014	0.88883518608	0.822619623006	0.90285161914	0.846302561624	0.87046882552	0.86563557274	0.737554374094	0.725471242146	0.82165297245	0.827936201063	0.894151764137	0.856935717738	0.0	0.546157564041	0.878202029966	0.860802319961	0.756404059932	0.764620589657	0.839052682455	0.844369260512	0.897535041083	0.908651522475	0.925084581924	0.918801353311	0.914934751087	0.898501691638	0.91445142581	0.888351860802	0.896568390527	0.875785403577	0.873368777187	0.875302078299	0.932334461092	0.925567907202	0.892701788304	0.910584823586	0.915418076365	0.893668438859	0.905268245529	0.897535041083	0.897051715805	0.896568390527	0.901401643306	0.884001933301	0.898018366361	0.890285161914	0.894151764137	0.904301594973	0.911068148864	0.908168197197
AE8	0.590140164331	0.619623006283	0.890768487192	0.656839052682	0.696471725471	0.575640405993	0.67133881102	0.594006766554	0.584823586274	0.634606089899	0.613823102948	0.635572740454	0.633156114065	0.826002899952	0.698405026583	0.589173513775	0.590140164331	0.575640405993	0.826969550507	0.664088931851	0.581440309328	0.549057515708	0.522957950701	0.482841952634	0.546157564041	0.0	0.577573707105	0.561623972934	0.516674722088	0.503141614306	0.566940550991	0.554857419043	0.597873368777	0.602706621556	0.771870468826	0.714838086032	0.614306428226	0.599323344611	0.608989850169	0.651039149348	0.625906234896	0.700338327695	0.67133881102	0.613823102948	0.635572740454	0.618173030449	0.757854035766	0.691638472692	0.77090381827	0.71532141131	0.698888351861	0.73852102465	0.662155630739	0.632189463509	0.653939101015	0.639439342678	0.643789270179	0.710488158531	0.647172547124	0.719671338811	0.611889801837	0.687771870469
AF7	0.567907201547	0.549057515708	0.934751087482	0.637989366844	0.65732237796	0.468342194297	0.6805219913	0.435476075399	0.420492991783	0.600773320445	0.440309328178	0.598356694055	0.540357660706	0.869018849686	0.63653939101	0.551474142098	0.447559207347	0.426292895118	0.895118414693	0.724021266312	0.525857902368	0.415659739004	0.418076365394	0.410826486225	0.878202029966	0.577573707105	0.0	0.31029482842	0.481875302078	0.519091348478	0.493475108748	0.478975350411	0.416143064282	0.479458675689	0.695021749638	0.63653939101	0.44900918318	0.546640889319	0.486708554857	0.611406476559	0.539874335428	0.704688255196	0.661188980184	0.543740937651	0.534074432093	0.511358144031	0.679072015466	0.61333977767	0.69453842436	0.664572257129	0.621072982117	0.65055582407	0.553890768487	0.538424359594	0.552924117931	0.548090865152	0.564040599323	0.636056065732	0.579023682939	0.65973900435	0.496858385694	0.611889801837
AF8	0.568390526825	0.56259062349	0.926051232479	0.628322861286	0.691155147414	0.493475108748	0.676655389077	0.468825519575	0.453842435959	0.594006766554	0.492025132914	0.63653939101	0.577573707105	0.860802319961	0.6389560174	0.55099081682	0.47220879652	0.460125664572	0.881101981634	0.714354760754	0.498791686805	0.38666022233	0.436442725955	0.429676172064	0.860802319961	0.561623972934	0.31029482842	0.0	0.471725471242	0.505074915418	0.50700821653	0.461575640406	0.438859352344	0.515708071532	0.728371193813	0.673272112131	0.497341710971	0.565007249879	0.516674722088	0.614306428226	0.566940550991	0.687288545191	0.647172547124	0.563073948768	0.570323827936	0.543740937651	0.707104881585	0.643305944901	0.723537941034	0.691638472692	0.654905751571	0.680038666022	0.581923634606	0.56935717738	0.58337361044	0.577090381827	0.561623972934	0.663605606573	0.570323827936	0.685838569357	0.520541324311	0.641372643789
AG7	0.601739971	0.593523441276	0.83566940551	0.565007249879	0.67133881102	0.537941034316	0.679555340744	0.522957950701	0.509424842919	0.598840019333	0.550507491542	0.635089415176	0.605123247946	0.768970517158	0.670855485742	0.581440309328	0.536007733204	0.529241179314	0.731271145481	0.523924601257	0.489608506525	0.462542290962	0.512324794587	0.499275012083	0.756404059932	0.516674722088	0.481875302078	0.471725471242	0.0	0.314161430643	0.554374093765	0.514741420976	0.524407926535	0.574190430159	0.749637506042	0.681971967134	0.550507491542	0.574190430159	0.550507491542	0.63653939101	0.601256645723	0.679555340744	0.632672788787	0.579990333494	0.612856452392	0.603189946834	0.749154180764	0.666988883519	0.73852102465	0.709521507975	0.669405509908	0.718704688255	0.631706138231	0.61333977767	0.630256162397	0.629772837119	0.625422909618	0.691638472692	0.629772837119	0.700821652972	0.594490091832	0.667472208797
AG8	0.588206863219	0.614789753504	0.832769453842	0.604639922668	0.697438376027	0.554857419043	0.669405509908	0.560657322378	0.546640889319	0.612856452392	0.587723537941	0.656839052682	0.626872885452	0.764620589657	0.688738521025	0.588690188497	0.578057032383	0.57177380377	0.69453842436	0.509424842919	0.47220879652	0.471725471242	0.55099081682	0.53697438376	0.764620589657	0.503141614306	0.519091348478	0.505074915418	0.314161430643	0.0	0.565490575157	0.546640889319	0.561623972934	0.586756887385	0.774287095215	0.710971483809	0.577090381827	0.587240212663	0.576123731271	0.652005799903	0.616239729338	0.679555340744	0.653455775737	0.593523441276	0.624456259062	0.614789753504	0.775253745771	0.696955050749	0.766553890768	0.735137747704	0.70372160464	0.740454325761	0.64813919768	0.626872885452	0.647172547124	0.644755920735	0.642339294345	0.724021266312	0.64813919768	0.725954567424	0.612373127115	0.686321894635
AH7	0.590623489609	0.623972933784	0.949734171097	0.693088448526	0.713388110198	0.5601739971	0.709038182697	0.547607539874	0.535524407927	0.656355727405	0.531174480425	0.658772353794	0.632189463509	0.88883518608	0.698405026583	0.588690188497	0.514258095698	0.479458675689	0.887385210246	0.739971000483	0.567907201547	0.536491058482	0.502174963751	0.490575157081	0.839052682455	0.566940550991	0.493475108748	0.50700821653	0.554374093765	0.565490575157	0.0	0.346060898985	0.551957467376	0.617206379894	0.78250362494	0.736587723538	0.550024166264	0.644272595457	0.585790236829	0.668438859352	0.639922667956	0.761720637989	0.739971000483	0.649105848236	0.640405993233	0.623489608507	0.763170613823	0.719188013533	0.774770420493	0.727404543258	0.707104881585	0.73610439826	0.633156114065	0.623972933784	0.630256162397	0.632189463509	0.624456259062	0.724021266312	0.622039632673	0.727404543258	0.608989850169	0.710488158531
AH8	0.573223779604	0.567423876269	0.944900918318	0.640405993233	0.67133881102	0.491058482359	0.681005316578	0.481875302078	0.479942000967	0.601739971	0.507491541808	0.61333977767	0.56259062349	0.87723537941	0.639439342678	0.549540840986	0.428709521508	0.387626872885	0.894151764137	0.736587723538	0.543740937651	0.477525374577	0.467375543741	0.459642339294	0.844369260512	0.554857419043	0.478975350411	0.461575640406	0.514741420976	0.546640889319	0.346060898985	0.0	0.488641855969	0.538424359594	0.741904301595	0.684388593523	0.51377477042	0.575640405993	0.51619139681	0.614789753504	0.572257129048	0.717254712421	0.677622039633	0.587240212663	0.579507008217	0.554857419043	0.709038182697	0.656355727405	0.724021266312	0.667472208797	0.653455775737	0.681971967134	0.579507008217	0.567423876269	0.582406959884	0.576607056549	0.553407443209	0.665538907685	0.565973900435	0.672305461576	0.542774287095	0.644755920735
AA5	0.591590140164	0.512324794587	0.954567423876	0.637506041566	0.620589656839	0.434509424843	0.618173030449	0.39584340261	0.399710004833	0.54857419043	0.438376027066	0.560657322378	0.518124697922	0.884968583857	0.5601739971	0.541324311261	0.424359594007	0.420976317061	0.925567907202	0.764620589657	0.560657322378	0.501208313195	0.465925567907	0.481875302078	0.897535041083	0.597873368777	0.416143064282	0.438859352344	0.524407926535	0.561623972934	0.551957467376	0.488641855969	0.0	0.352344127598	0.685838569357	0.602223296278	0.467375543741	0.464475592073	0.473175447076	0.544707588207	0.485741904302	0.633156114065	0.589656839053	0.478008699855	0.542774287095	0.49540840986	0.707104881585	0.644272595457	0.681488641856	0.664572257129	0.655872402127	0.689221846303	0.551474142098	0.5601739971	0.579507008217	0.557274045433	0.550507491542	0.666505558241	0.577090381827	0.659255679072	0.509424842919	0.632189463509
AA6	0.595456742388	0.517158047366	0.956500724988	0.64572257129	0.636056065732	0.46302561624	0.636056065732	0.451909134848	0.464475592073	0.568873852102	0.505074915418	0.578057032383	0.509908168197	0.884968583857	0.585790236829	0.537457709038	0.487191880135	0.476558724021	0.940550990817	0.772837119381	0.601739971	0.53020782987	0.533591106815	0.538424359594	0.908651522475	0.602706621556	0.479458675689	0.515708071532	0.574190430159	0.586756887385	0.617206379894	0.538424359594	0.352344127598	0.0	0.679555340744	0.598840019333	0.520541324311	0.498791686805	0.484291928468	0.567423876269	0.492508458192	0.66892218463	0.623006283229	0.509424842919	0.467858869019	0.425326244563	0.690188496858	0.629772837119	0.677622039633	0.653455775737	0.640889318511	0.66892218463	0.546157564041	0.549540840986	0.566457225713	0.547124214596	0.546157564041	0.650072498792	0.565490575157	0.64813919768	0.507491541808	0.617206379894
AB5	0.750120831319	0.675688738521	0.96761720638	0.729821169647	0.604639922668	0.644272595457	0.733204446593	0.665538907685	0.677622039633	0.697921701305	0.674722087965	0.610923151281	0.659255679072	0.906234896085	0.716771387144	0.70372160464	0.706138231029	0.701788303528	0.940067665539	0.81246979217	0.81246979217	0.739971000483	0.750604156597	0.744320927985	0.925084581924	0.771870468826	0.695021749638	0.728371193813	0.749637506042	0.774287095215	0.78250362494	0.741904301595	0.685838569357	0.679555340744	0.0	0.332044465926	0.633639439343	0.667472208797	0.623489608507	0.632189463509	0.608023199613	0.737554374094	0.724987916868	0.65055582407	0.62493958434	0.620106331561	0.619623006283	0.618173030449	0.630256162397	0.600289995167	0.62493958434	0.614306428226	0.589656839053	0.597873368777	0.616723054616	0.621556307395	0.675688738521	0.60657322378	0.665538907685	0.609473175447	0.668438859352	0.617206379894
AB6	0.692605123248	0.615273078782	0.960850652489	0.679555340744	0.58095698405	0.577573707105	0.676172063799	0.593523441276	0.609956500725	0.631706138231	0.619623006283	0.542290961817	0.616239729338	0.894151764137	0.660222329628	0.636056065732	0.652489125181	0.653455775737	0.931367810536	0.772353794103	0.751087481875	0.681488641856	0.690188496858	0.686321894635	0.918801353311	0.714838086032	0.63653939101	0.673272112131	0.681971967134	0.710971483809	0.736587723538	0.684388593523	0.602223296278	0.598840019333	0.332044465926	0.0	0.583856935718	0.593523441276	0.572740454326	0.588206863219	0.5601739971	0.675205413243	0.656839052682	0.554374093765	0.544224262929	0.53939101015	0.582890285162	0.536491058482	0.583856935718	0.540840985984	0.550507491542	0.568873852102	0.539874335428	0.552924117931	0.569840502658	0.577090381827	0.617206379894	0.53697438376	0.615273078782	0.539874335428	0.619623006283	0.539874335428
AC5	0.607539874335	0.574673755437	0.969067182214	0.658289028516	0.615273078782	0.462058965684	0.674722087965	0.460125664572	0.445625906235	0.589173513775	0.426292895118	0.558724021266	0.541324311261	0.898501691638	0.637022716288	0.579990333494	0.476558724021	0.453842435959	0.942967617206	0.779603673272	0.623006283229	0.550024166264	0.495891735138	0.501208313195	0.914934751087	0.614306428226	0.44900918318	0.497341710971	0.550507491542	0.577090381827	0.550024166264	0.51377477042	0.467375543741	0.520541324311	0.633639439343	0.583856935718	0.0	0.449975833736	0.449492508458	0.590140164331	0.513291445143	0.721604639923	0.670372160464	0.545674238763	0.483325277912	0.480425326245	0.620589656839	0.567907201547	0.632189463509	0.590140164331	0.56935717738	0.597873368777	0.504108264862	0.485741904302	0.509424842919	0.506041565974	0.58337361044	0.589656839053	0.586273562107	0.588206863219	0.517641372644	0.549540840986
AC6	0.624456259062	0.507491541808	0.948284195263	0.642822619623	0.595940067666	0.502174963751	0.529241179314	0.485741904302	0.51377477042	0.487675205413	0.547124214596	0.549057515708	0.535524407927	0.870952150797	0.549057515708	0.561623972934	0.555340744321	0.55775737071	0.917351377477	0.750120831319	0.6389560174	0.567423876269	0.586273562107	0.587240212663	0.898501691638	0.599323344611	0.546640889319	0.565007249879	0.574190430159	0.587240212663	0.644272595457	0.575640405993	0.464475592073	0.498791686805	0.667472208797	0.593523441276	0.449975833736	0.0	0.517641372644	0.520057999033	0.500241662639	0.483325277912	0.435476075399	0.415176413726	0.568390526825	0.550507491542	0.685355244079	0.6389560174	0.668438859352	0.6389560174	0.644755920735	0.670855485742	0.588690188497	0.575640405993	0.586756887385	0.576607056549	0.573223779604	0.656839052682	0.577573707105	0.643789270179	0.556790720155	0.629289511841
AD6	0.594006766554	0.53697438376	0.968583856936	0.626389560174	0.587240212663	0.413243112615	0.614789753504	0.4398260029	0.443209279845	0.547124214596	0.444659255679	0.528274528758	0.500241662639	0.894151764137	0.601256645723	0.54857419043	0.46979217013	0.471242145964	0.94683421943	0.773803769937	0.604639922668	0.537941034316	0.532624456259	0.527307878202	0.91445142581	0.608989850169	0.486708554857	0.516674722088	0.550507491542	0.576123731271	0.585790236829	0.51619139681	0.473175447076	0.484291928468	0.623489608507	0.572740454326	0.449492508458	0.517641372644	0.0	0.534074432093	0.40744320928	0.702271628806	0.658289028516	0.533591106815	0.479458675689	0.470758820686	0.60657322378	0.55099081682	0.602223296278	0.565973900435	0.56935717738	0.594006766554	0.478008699855	0.468825519575	0.480425326245	0.46979217013	0.539874335428	0.572257129048	0.533591106815	0.575157080715	0.459159014016	0.53020782987
AE5	0.625906234896	0.535524407927	0.968100531658	0.644272595457	0.558724021266	0.536491058482	0.563557274045	0.546640889319	0.590623489609	0.519574673755	0.604639922668	0.519574673755	0.570807153214	0.889318511358	0.563557274045	0.573707104882	0.602223296278	0.604639922668	0.934267762204	0.761237312711	0.709038182697	0.637022716288	0.644272595457	0.635572740454	0.888351860802	0.651039149348	0.611406476559	0.614306428226	0.63653939101	0.652005799903	0.668438859352	0.614789753504	0.544707588207	0.567423876269	0.632189463509	0.588206863219	0.590140164331	0.520057999033	0.534074432093	0.0	0.360560657322	0.61333977767	0.569840502658	0.501208313195	0.61575640406	0.623006283229	0.64813919768	0.608506524891	0.630739487675	0.608023199613	0.620589656839	0.644755920735	0.539874335428	0.56259062349	0.585790236829	0.550507491542	0.553890768487	0.621556307395	0.552924117931	0.610923151281	0.572257129048	0.605606573224
AE6	0.598840019333	0.485741904302	0.96761720638	0.629772837119	0.55099081682	0.460125664572	0.57177380377	0.466408893185	0.508941517641	0.497341710971	0.53697438376	0.512324794587	0.499275012083	0.889318511358	0.5601739971	0.52779120348	0.532624456259	0.528757854036	0.935717738038	0.761237312711	0.665538907685	0.591590140164	0.595456742388	0.589173513775	0.896568390527	0.625906234896	0.539874335428	0.566940550991	0.601256645723	0.616239729338	0.639922667956	0.572257129048	0.485741904302	0.492508458192	0.608023199613	0.5601739971	0.513291445143	0.500241662639	0.40744320928	0.360560657322	0.0	0.649105848236	0.601739971	0.489125181247	0.53939101015	0.536007733204	0.620589656839	0.564040599323	0.602223296278	0.579023682939	0.587240212663	0.612373127115	0.488641855969	0.488158530691	0.506524891252	0.482841952634	0.522474625423	0.589173513775	0.523924601257	0.582406959884	0.489608506525	0.55775737071
AF5	0.715804736588	0.626389560174	0.927984533591	0.680038666022	0.662638956017	0.673755437409	0.551474142098	0.655389076849	0.683905268246	0.58337361044	0.72450459159	0.631706138231	0.677138714355	0.85645239246	0.603673272112	0.671822136298	0.720637989367	0.730304494925	0.882551957467	0.729821169647	0.720154664089	0.686805219913	0.727404543258	0.724021266312	0.875785403577	0.700338327695	0.704688255196	0.687288545191	0.679555340744	0.679555340744	0.761720637989	0.717254712421	0.633156114065	0.66892218463	0.737554374094	0.675205413243	0.721604639923	0.483325277912	0.702271628806	0.61333977767	0.649105848236	0.0	0.278878685355	0.542290961817	0.734171097148	0.722571290478	0.760270662156	0.723054615756	0.748187530208	0.716771387144	0.740454325761	0.755920734654	0.706621556307	0.722571290478	0.729337844369	0.711454809087	0.681488641856	0.730304494925	0.683421942968	0.717738037699	0.71532141131	0.723054615756
AF6	0.695988400193	0.588206863219	0.926534557757	0.660705654906	0.644755920735	0.635089415176	0.53020782987	0.612373127115	0.647655872402	0.540840985984	0.678105364911	0.60415659739	0.641372643789	0.854035766071	0.560657322378	0.640405993233	0.681005316578	0.689221846303	0.870952150797	0.716771387144	0.695505074915	0.641855969067	0.691638472692	0.685838569357	0.873368777187	0.67133881102	0.661188980184	0.647172547124	0.632672788787	0.653455775737	0.739971000483	0.677622039633	0.589656839053	0.623006283229	0.724987916868	0.656839052682	0.670372160464	0.435476075399	0.658289028516	0.569840502658	0.601739971	0.278878685355	0.0	0.50459159014	0.695505074915	0.685355244079	0.745770903818	0.685838569357	0.726437892702	0.696471725471	0.70130497825	0.73852102465	0.665055582407	0.680038666022	0.688255195747	0.669405509908	0.635572740454	0.709038182697	0.633156114065	0.697438376027	0.677138714355	0.687771870469
