	AA3	AA4	AB3	AB4	AC3	AC4	AD3	AD4	AE3	AE4	AF3	AF4	AG3	AG4	AH3	AH4	AA7	AA8	AB7	AB8	AC7	AC8	AD7	AD8	AE7	AE8	AF7	AF8	AG7	AG8	AH7	AH8	AA5	AA6	AB5	AB6	AC5	AC6	AD6	AE5	AE6	AF5	AF6	AG5	AH5	AH6	AA1	AA2	AB1	AB2	AC1	AC2	AD1	AD2	AE1	AE2	AF1	AF2	AG1	AG2	AH1	AH2
AA3	0.0	0.501208313195	0.94683421943	0.635089415176	0.680038666022	0.607056549058	0.676172063799	0.603189946834	0.587723537941	0.634122764621	0.626872885452	0.636056065732	0.583856935718	0.859352344128	0.658772353794	0.326727887869	0.589173513775	0.572740454326	0.86805219913	0.729337844369	0.626389560174	0.581923634606	0.602706621556	0.584340260996	0.841469308845	0.607056549058	0.568873852102	0.558724021266	0.584823586274	0.593523441276	0.594490091832	0.565007249879	0.59497341711	0.602706621556	0.748187530208	0.691155147414	0.609473175447	0.628806186564	0.617206379894	0.617689705172	0.603189946834	0.723054615756	0.700338327695	0.627839536008	0.628806186564	0.62735621073	0.686805219913	0.647655872402	0.725471242146	0.6805219913	0.642822619623	0.666022232963	0.573223779604	0.581923634606	0.584823586274	0.58095698405	0.587240212663	0.663605606573	0.584340260996	0.666505558241	0.590140164331	0.652972450459
AA4	0.501208313195	0.0	0.947317544708	0.578540357661	0.589173513775	0.510391493475	0.595940067666	0.488641855969	0.503624939584	0.520541324311	0.570323827936	0.538424359594	0.489608506525	0.857902368294	0.38424359594	0.390043499275	0.550024166264	0.543257612373	0.900918318028	0.744804253262	0.657805703238	0.559690671822	0.580473658772	0.581923634606	0.887868535524	0.625906234896	0.553407443209	0.552440792653	0.587723537941	0.592073465442	0.638472692122	0.576607056549	0.505558240696	0.512324794587	0.666505558241	0.590140164331	0.570323827936	0.507974867086	0.548090865152	0.528274528758	0.48380860319	0.640889318511	0.609473175447	0.519091348478	0.586273562107	0.565490575157	0.665055582407	0.596906718221	0.648622522958	0.623006283229	0.609956500725	0.644272595457	0.541324311261	0.536491058482	0.543740937651	0.528274528758	0.498791686805	0.635572740454	0.524891251812	0.597873368777	0.541324311261	0.588690188497
AB3	0.94683421943	0.947317544708	0.0	0.685355244079	0.924117931368	0.954084098598	0.960850652489	0.951184146931	0.936684388594	0.955050749154	0.975833736104	0.937651039149	0.970517158047	0.34944417593	0.96520057999	0.946350894152	0.972933784437	0.969067182214	0.763170613823	0.750604156597	0.899951667472	0.91203479942	0.962783953601	0.956984050266	0.853069115515	0.894151764137	0.945867568874	0.936684388594	0.868535524408	0.844369260512	0.956984050266	0.954567423876	0.961333977767	0.964717254712	0.977283711938	0.971967133881	0.976317061382	0.956500724988	0.974867085549	0.974383760271	0.974383760271	0.938134364427	0.93523441276	0.953117448043	0.980666988884	0.973900434993	0.974867085549	0.972450459159	0.971483808603	0.973900434993	0.974867085549	0.971000483325	0.976317061382	0.975833736104	0.980183663606	0.975350410826	0.974383760271	0.974383760271	0.971967133881	0.97680038666	0.974867085549	0.972450459159
AB4	0.635089415176	0.578540357661	0.685355244079	0.0	0.640405993233	0.607539874335	0.693571773804	0.617689705172	0.602223296278	0.631222812953	0.646689221846	0.595456742388	0.490575157081	0.561623972934	0.619623006283	0.596423392943	0.627839536008	0.623489608507	0.74528757854	0.565490575157	0.652972450459	0.606089898502	0.653455775737	0.642822619623	0.789753504108	0.613823102948	0.637022716288	0.623489608507	0.556307394877	0.55775737071	0.677138714355	0.629772837119	0.637989366844	0.647655872402	0.731271145481	0.666505558241	0.656839052682	0.640405993233	0.632189463509	0.634606089899	0.611406476559	0.681005316578	0.664572257129	0.635089415176	0.683905268246	0.675688738521	0.706138231029	0.663122281295	0.708071532141	0.678588690188	0.675688738521	0.683421942968	0.62735621073	0.641372643789	0.652005799903	0.630256162397	0.631706138231	0.680038666022	0.62735621073	0.661188980184	0.637989366844	0.669405509908
AC3	0.680038666022	0.589173513775	0.924117931368	0.640405993233	0.0	0.489125181247	0.641855969067	0.570807153214	0.58337361044	0.589656839053	0.629289511841	0.328177863702	0.60415659739	0.840019333011	0.618656355727	0.620589656839	0.636056065732	0.618173030449	0.865152247463	0.769937167714	0.74528757854	0.676655389077	0.724987916868	0.721121314645	0.828419526341	0.675205413243	0.674722087965	0.682455292412	0.693088448526	0.692605123248	0.710971483809	0.661188980184	0.611406476559	0.638472692122	0.632672788787	0.584823586274	0.637989366844	0.586756887385	0.602706621556	0.557274045433	0.560657322378	0.666988883519	0.655872402127	0.5601739971	0.666505558241	0.662155630739	0.595456742388	0.591590140164	0.598840019333	0.596423392943	0.61575640406	0.60415659739	0.550507491542	0.591106814886	0.595456742388	0.583856935718	0.618173030449	0.587723537941	0.618656355727	0.607056549058	0.632189463509	0.611406476559
AC4	0.607056549058	0.510391493475	0.954084098598	0.607539874335	0.489125181247	0.0	0.628806186564	0.41662638956	0.414209763171	0.5186080232	0.358144030933	0.385210246496	0.521991300145	0.868535524408	0.568390526825	0.540840985984	0.497825036249	0.486708554857	0.927984533591	0.767520541324	0.598356694055	0.535041082649	0.535524407927	0.528274528758	0.893185113581	0.59255679072	0.499758337361	0.526341227646	0.536007733204	0.556790720155	0.589173513775	0.510874818753	0.457709038183	0.467858869019	0.625906234896	0.55099081682	0.452392460126	0.502174963751	0.420492991783	0.554374093765	0.484775253746	0.694055099082	0.658772353794	0.503624939584	0.491541807637	0.478975350411	0.611406476559	0.558724021266	0.589656839053	0.564523924601	0.555824069599	0.590140164331	0.4813919768	0.484291928468	0.501208313195	0.489608506525	0.536007733204	0.578057032383	0.543257612373	0.554374093765	0.480908651522	0.540357660706
AD3	0.676172063799	0.595940067666	0.960850652489	0.693571773804	0.641855969067	0.628806186564	0.0	0.53020782987	0.633639439343	0.361527307878	0.682455292412	0.609956500725	0.652489125181	0.872885451909	0.587723537941	0.629289511841	0.683905268246	0.682455292412	0.936201063316	0.779120347994	0.719671338811	0.690188496858	0.700821652972	0.691638472692	0.917351377477	0.684388593523	0.702271628806	0.691155147414	0.690188496858	0.690671822136	0.719188013533	0.686805219913	0.62493958434	0.64572257129	0.740937651039	0.657805703238	0.6805219913	0.526824552924	0.637022716288	0.568873852102	0.582890285162	0.533107781537	0.507974867086	0.549540840986	0.695988400193	0.68970517158	0.762687288545	0.702754954084	0.740454325761	0.722087965201	0.70130497825	0.743354277429	0.652005799903	0.662638956017	0.668438859352	0.652005799903	0.632672788787	0.717254712421	0.634606089899	0.696955050749	0.68293861769	0.702754954084
AD4	0.603189946834	0.488641855969	0.951184146931	0.617689705172	0.570807153214	0.41662638956	0.53020782987	0.0	0.318994683422	0.405993233446	0.429676172064	0.509908168197	0.528274528758	0.866118898018	0.551957467376	0.535524407927	0.469308844853	0.452875785404	0.939584340261	0.776220396327	0.584340260996	0.492025132914	0.500724987917	0.490091831803	0.90961817303	0.606089898502	0.456742387627	0.465925567907	0.491541807637	0.558240695988	0.552924117931	0.494925084582	0.397776703722	0.437892701788	0.658289028516	0.574190430159	0.446592556791	0.473658772354	0.438859352344	0.544707588207	0.458192363461	0.665055582407	0.626872885452	0.489608506525	0.512808119865	0.482358627356	0.665055582407	0.601739971	0.649105848236	0.628806186564	0.604639922668	0.645239246013	0.508941517641	0.517641372644	0.533591106815	0.512324794587	0.523441275979	0.631706138231	0.536491058482	0.610439826003	0.49299178347	0.593523441276
AE3	0.587723537941	0.503624939584	0.936684388594	0.602223296278	0.58337361044	0.414209763171	0.633639439343	0.318994683422	0.0	0.505074915418	0.402609956501	0.522474625423	0.5186080232	0.855485741904	0.56259062349	0.542774287095	0.446592556791	0.443692605123	0.928467858869	0.767520541324	0.557274045433	0.47462542291	0.459642339294	0.457225712905	0.889801836636	0.586273562107	0.427259545674	0.448042532624	0.470275495408	0.545674238763	0.533591106815	0.476558724021	0.389076848719	0.441275978734	0.671822136298	0.599323344611	0.436926051232	0.503141614306	0.450942484292	0.58337361044	0.498791686805	0.69453842436	0.656839052682	0.509424842919	0.512808119865	0.474142097632	0.666505558241	0.610439826003	0.650072498792	0.630739487675	0.607056549058	0.651039149348	0.52537457709	0.531657805703	0.547124214596	0.521507974867	0.532624456259	0.643305944901	0.556307394877	0.612373127115	0.488158530691	0.597873368777
AE4	0.634122764621	0.520541324311	0.955050749154	0.631222812953	0.589656839053	0.5186080232	0.361527307878	0.405993233446	0.505074915418	0.0	0.577090381827	0.542774287095	0.582406959884	0.862735621073	0.542774287095	0.567907201547	0.586756887385	0.578057032383	0.933784436926	0.77090381827	0.647655872402	0.575640405993	0.589173513775	0.590623489609	0.907684871919	0.608023199613	0.589656839053	0.579990333494	0.579990333494	0.593523441276	0.639922667956	0.579990333494	0.534074432093	0.549540840986	0.690188496858	0.612373127115	0.575157080715	0.442725954567	0.528757854036	0.512808119865	0.516674722088	0.594006766554	0.554857419043	0.493958434026	0.599806669889	0.59255679072	0.711938134364	0.656355727405	0.700338327695	0.681005316578	0.653455775737	0.690671822136	0.593523441276	0.576123731271	0.593040115998	0.579990333494	0.575640405993	0.677622039633	0.578057032383	0.660705654906	0.579507008217	0.653455775737
AF3	0.626872885452	0.570323827936	0.975833736104	0.646689221846	0.629289511841	0.358144030933	0.682455292412	0.429676172064	0.402609956501	0.577090381827	0.0	0.528757854036	0.549540840986	0.890768487192	0.610439826003	0.591106814886	0.43740937651	0.462058965684	0.962300628323	0.802803286612	0.591106814886	0.530691155147	0.436442725955	0.448042532624	0.925084581924	0.626389560174	0.439342677622	0.487191880135	0.521991300145	0.583856935718	0.532624456259	0.499758337361	0.424842919285	0.484775253746	0.674238762687	0.623006283229	0.41904301595	0.54857419043	0.448525857902	0.612856452392	0.531657805703	0.740937651039	0.702754954084	0.554374093765	0.499275012083	0.475108748188	0.665055582407	0.609956500725	0.664088931851	0.620589656839	0.602706621556	0.640889318511	0.53939101015	0.511841469309	0.53020782987	0.519091348478	0.573223779604	0.644272595457	0.580473658772	0.599323344611	0.498791686805	0.591590140164
AF4	0.636056065732	0.538424359594	0.937651039149	0.595456742388	0.328177863702	0.385210246496	0.609956500725	0.509908168197	0.522474625423	0.542774287095	0.528757854036	0.0	0.538907684872	0.850169163847	0.55775737071	0.572257129048	0.576123731271	0.56259062349	0.89125181247	0.738037699372	0.701788303528	0.623972933784	0.659255679072	0.654905751571	0.848719188014	0.633639439343	0.610923151281	0.623972933784	0.639439342678	0.6389560174	0.668438859352	0.608989850169	0.55099081682	0.56935717738	0.614789753504	0.529724504592	0.567907201547	0.535524407927	0.5186080232	0.510391493475	0.502174963751	0.640405993233	0.620589656839	0.5186080232	0.583856935718	0.579507008217	0.588690188497	0.533107781537	0.574190430159	0.540357660706	0.552924117931	0.567907201547	0.492025132914	0.518124697922	0.524407926535	0.52537457709	0.559207346544	0.553890768487	0.564040599323	0.540840985984	0.560657322378	0.531657805703
AG3	0.583856935718	0.489608506525	0.970517158047	0.490575157081	0.60415659739	0.521991300145	0.652489125181	0.528274528758	0.5186080232	0.582406959884	0.549540840986	0.538907684872	0.0	0.852585790237	0.523924601257	0.529241179314	0.519091348478	0.509908168197	0.92363460609	0.761237312711	0.681005316578	0.591106814886	0.593523441276	0.60657322378	0.882068632189	0.634122764621	0.565490575157	0.571290478492	0.61575640406	0.621556307395	0.642339294345	0.566940550991	0.526824552924	0.523924601257	0.65732237796	0.597873368777	0.558240695988	0.556790720155	0.526824552924	0.550024166264	0.501691638473	0.68293861769	0.65055582407	0.537941034316	0.581923634606	0.565973900435	0.610923151281	0.565973900435	0.612856452392	0.602223296278	0.575640405993	0.594006766554	0.500241662639	0.533107781537	0.542290961817	0.519091348478	0.520541324311	0.593040115998	0.542290961817	0.588206863219	0.529724504592	0.5601739971
AG4	0.859352344128	0.857902368294	0.34944417593	0.561623972934	0.840019333011	0.868535524408	0.872885451909	0.866118898018	0.855485741904	0.862735621073	0.890768487192	0.850169163847	0.852585790237	0.0	0.875785403577	0.855002416626	0.893668438859	0.890768487192	0.733204446593	0.671822136298	0.826002899952	0.833736104398	0.882068632189	0.880618656356	0.82406959884	0.813919768004	0.866602223296	0.860318994683	0.790720154664	0.758337361044	0.883035282745	0.872885451909	0.8796520058	0.881585306912	0.899951667472	0.889801836636	0.893668438859	0.871435476075	0.89125181247	0.886418559691	0.886418559691	0.855485741904	0.852102464959	0.869985500242	0.902368293862	0.892701788304	0.886901884969	0.890768487192	0.888351860802	0.890768487192	0.895118414693	0.885451909135	0.892701788304	0.888351860802	0.898501691638	0.89125181247	0.890768487192	0.889801836636	0.890285161914	0.889318511358	0.895118414693	0.893668438859
AH3	0.658772353794	0.38424359594	0.96520057999	0.619623006283	0.618656355727	0.568390526825	0.587723537941	0.551957467376	0.56259062349	0.542774287095	0.610439826003	0.55775737071	0.523924601257	0.875785403577	0.0	0.545190913485	0.597390043499	0.601256645723	0.93523441276	0.785403576607	0.713388110198	0.632672788787	0.629289511841	0.644272595457	0.907684871919	0.691155147414	0.639439342678	0.633156114065	0.65732237796	0.670855485742	0.70130497825	0.628806186564	0.555340744321	0.574673755437	0.71290478492	0.636056065732	0.637506041566	0.541807636539	0.599806669889	0.554857419043	0.55099081682	0.621556307395	0.579507008217	0.555824069599	0.65055582407	0.630739487675	0.696955050749	0.62735621073	0.662638956017	0.650072498792	0.64572257129	0.668438859352	0.587723537941	0.609956500725	0.60415659739	0.599806669889	0.558724021266	0.664088931851	0.564040599323	0.633156114065	0.59497341711	0.608989850169
AH4	0.326727887869	0.390043499275	0.946350894152	0.596423392943	0.620589656839	0.540840985984	0.629289511841	0.535524407927	0.542774287095	0.567907201547	0.591106814886	0.572257129048	0.529241179314	0.855002416626	0.545190913485	0.0	0.549540840986	0.547607539874	0.872402126631	0.730787820203	0.641855969067	0.569840502658	0.593523441276	0.567423876269	0.846302561624	0.591590140164	0.571290478492	0.554857419043	0.586273562107	0.577573707105	0.59255679072	0.553407443209	0.546157564041	0.554857419043	0.705171580474	0.63653939101	0.589173513775	0.575157080715	0.570323827936	0.564040599323	0.53939101015	0.685838569357	0.660705654906	0.575157080715	0.610439826003	0.597873368777	0.664088931851	0.605606573224	0.676172063799	0.635089415176	0.612856452392	0.639439342678	0.534557757371	0.533591106815	0.549540840986	0.52537457709	0.529241179314	0.631706138231	0.529241179314	0.622522957951	0.54857419043	0.605123247946
AA7	0.589173513775	0.550024166264	0.972933784437	0.627839536008	0.636056065732	0.497825036249	0.683905268246	0.469308844853	0.446592556791	0.586756887385	0.43740937651	0.576123731271	0.519091348478	0.893668438859	0.597390043499	0.549540840986	0.0	0.305944900918	0.91445142581	0.773320444659	0.594490091832	0.501208313195	0.459159014016	0.468825519575	0.86563557274	0.589173513775	0.446592556791	0.46060898985	0.520541324311	0.566457225713	0.500724987917	0.431126147898	0.42822619623	0.47462542291	0.710004833253	0.65732237796	0.478975350411	0.550507491542	0.484291928468	0.589173513775	0.541807636539	0.736587723538	0.70130497825	0.582406959884	0.545674238763	0.507974867086	0.667472208797	0.605123247946	0.678105364911	0.639922667956	0.597873368777	0.634122764621	0.527307878202	0.526341227646	0.53697438376	0.520541324311	0.528757854036	0.623972933784	0.551474142098	0.632672788787	0.492508458192	0.601256645723
AA8	0.572740454326	0.543257612373	0.969067182214	0.623489608507	0.618173030449	0.486708554857	0.682455292412	0.452875785404	0.443692605123	0.578057032383	0.462058965684	0.56259062349	0.509908168197	0.890768487192	0.601256645723	0.547607539874	0.305944900918	0.0	0.913968100532	0.766553890768	0.579023682939	0.4813919768	0.489125181247	0.495891735138	0.857902368294	0.577573707105	0.453359110681	0.457225712905	0.507974867086	0.549540840986	0.500724987917	0.39342677622	0.433542774287	0.47220879652	0.701788303528	0.647655872402	0.491541807637	0.546640889319	0.478975350411	0.586273562107	0.529724504592	0.736587723538	0.70130497825	0.567423876269	0.534074432093	0.49540840986	0.644272595457	0.590140164331	0.671822136298	0.628806186564	0.587240212663	0.618173030449	0.511358144031	0.509424842919	0.520057999033	0.51619139681	0.52779120348	0.606089898502	0.55099081682	0.614789753504	0.480425326245	0.586273562107
AB7	0.86805219913	0.900918318028	0.763170613823	0.74528757854	0.865152247463	0.927984533591	0.936201063316	0.939584340261	0.928467858869	0.933784436926	0.962300628323	0.89125181247	0.92363460609	0.733204446593	0.93523441276	0.872402126631	0.91445142581	0.913968100532	0.0	0.426776220396	0.81246979217	0.841952634123	0.933301111648	0.925567907202	0.731271145481	0.817303044949	0.892218463026	0.884485258579	0.760270662156	0.715804736588	0.880618656356	0.893668438859	0.919768003867	0.936684388594	0.943450942484	0.937167713871	0.94441759304	0.920734654422	0.948767520541	0.928467858869	0.940067665539	0.875302078299	0.893185113581	0.912518124698	0.957467375544	0.9584340261	0.926534557757	0.922184630256	0.933301111648	0.939584340261	0.927017883035	0.917834702755	0.916868052199	0.9212179797	0.916384726921	0.916384726921	0.928951184147	0.915418076365	0.922667955534	0.936201063316	0.948767520541	0.930884485259
AB8	0.729337844369	0.744804253262	0.750604156597	0.565490575157	0.769937167714	0.767520541324	0.779120347994	0.776220396327	0.767520541324	0.77090381827	0.802803286612	0.738037699372	0.761237312711	0.671822136298	0.785403576607	0.730787820203	0.773320444659	0.766553890768	0.426776220396	0.0	0.658289028516	0.670855485742	0.769937167714	0.758337361044	0.728854519091	0.663122281295	0.724021266312	0.710488158531	0.556307394877	0.536007733204	0.741904301595	0.741904301595	0.771387143548	0.779603673272	0.819236346061	0.778153697438	0.785403576607	0.757370710488	0.786370227163	0.766553890768	0.77090381827	0.732721121315	0.740454325761	0.753504108265	0.801836636056	0.805703238279	0.822619623006	0.77090381827	0.808603189947	0.788303528275	0.783953600773	0.797486708555	0.77090381827	0.769453842436	0.771387143548	0.765103914935	0.769453842436	0.792170130498	0.765587240213	0.774770420493	0.785403576607	0.771387143548
AC7	0.626389560174	0.657805703238	0.899951667472	0.652972450459	0.74528757854	0.598356694055	0.719671338811	0.584340260996	0.557274045433	0.647655872402	0.591106814886	0.701788303528	0.681005316578	0.826002899952	0.713388110198	0.641855969067	0.594490091832	0.579023682939	0.81246979217	0.658289028516	0.0	0.364910584824	0.566457225713	0.554857419043	0.822136297728	0.591106814886	0.532624456259	0.520057999033	0.459642339294	0.500724987917	0.562107298212	0.541324311261	0.561623972934	0.593523441276	0.805703238279	0.74770420493	0.61575640406	0.630739487675	0.608506524891	0.704204929918	0.671822136298	0.726437892702	0.707588206863	0.642339294345	0.633156114065	0.60657322378	0.81246979217	0.763653939101	0.805219913001	0.778637022716	0.741420976317	0.788303528275	0.685838569357	0.661672305462	0.681488641856	0.670855485742	0.675205413243	0.780570323828	0.67133881102	0.753504108265	0.616239729338	0.74770420493
AC8	0.581923634606	0.559690671822	0.91203479942	0.606089898502	0.676655389077	0.535041082649	0.690188496858	0.492025132914	0.47462542291	0.575640405993	0.530691155147	0.623972933784	0.591106814886	0.833736104398	0.632672788787	0.569840502658	0.501208313195	0.4813919768	0.841952634123	0.670855485742	0.364910584824	0.0	0.4813919768	0.490091831803	0.834702754954	0.546640889319	0.39584340261	0.369743837603	0.423392943451	0.466408893185	0.5186080232	0.46302561624	0.479458675689	0.506041565974	0.720637989367	0.666988883519	0.53697438376	0.556790720155	0.536491058482	0.618656355727	0.581923634606	0.687288545191	0.65732237796	0.56935717738	0.558724021266	0.521991300145	0.727404543258	0.663122281295	0.721604639923	0.70130497825	0.656839052682	0.694055099082	0.591106814886	0.56935717738	0.592073465442	0.578057032383	0.573223779604	0.69212179797	0.583856935718	0.673755437409	0.528274528758	0.65055582407
AD7	0.602706621556	0.580473658772	0.962783953601	0.653455775737	0.724987916868	0.535524407927	0.700821652972	0.500724987917	0.459642339294	0.589173513775	0.436442725955	0.659255679072	0.593523441276	0.882068632189	0.629289511841	0.593523441276	0.459159014016	0.489125181247	0.933301111648	0.769937167714	0.566457225713	0.4813919768	0.0	0.298211696472	0.895601739971	0.534557757371	0.411309811503	0.44224262929	0.494441759304	0.547124214596	0.506524891252	0.468342194297	0.459642339294	0.519574673755	0.73368777187	0.679555340744	0.496858385694	0.575157080715	0.547607539874	0.641855969067	0.596906718221	0.73852102465	0.696955050749	0.598356694055	0.556307394877	0.528274528758	0.737554374094	0.677138714355	0.734654422426	0.707104881585	0.660222329628	0.702754954084	0.615273078782	0.596423392943	0.602706621556	0.59255679072	0.580473658772	0.709038182697	0.593523441276	0.679555340744	0.552924117931	0.663605606573
AD8	0.584340260996	0.581923634606	0.956984050266	0.642822619623	0.721121314645	0.528274528758	0.691638472692	0.490091831803	0.457225712905	0.590623489609	0.448042532624	0.654905751571	0.60657322378	0.880618656356	0.644272595457	0.567423876269	0.468825519575	0.495891735138	0.925567907202	0.758337361044	0.554857419043	0.490091831803	0.298211696472	0.0	0.859835669406	0.495891735138	0.411309811503	0.442725954567	0.473658772354	0.522957950701	0.490575157081	0.473175447076	0.473658772354	0.535041082649	0.74528757854	0.686321894635	0.499758337361	0.585306911551	0.550024166264	0.6389560174	0.59497341711	0.741420976317	0.699855002417	0.599806669889	0.565973900435	0.550024166264	0.748670855486	0.680038666022	0.750604156597	0.71532141131	0.668438859352	0.71290478492	0.612373127115	0.598356694055	0.603673272112	0.59255679072	0.596423392943	0.717254712421	0.605123247946	0.690188496858	0.550024166264	0.667472208797
AE7	0.841469308845	0.887868535524	0.853069115515	0.789753504108	0.828419526341	0.893185113581	0.917351377477	0.90961817303	0.889801836636	0.907684871919	0.925084581924	0.848719188014	0.882068632189	0.82406959884	0.907684871919	0.846302561624	0.86563557274	0.857902368294	0.731271145481	0.728854519091	0.822136297728	0.834702754954	0.895601739971	0.859835669406	0.0	0.54857419043	0.866118898018	0.860802319961	0.780570323828	0.760753987434	0.837602706622	0.842919284679	0.893668438859	0.906234896085	0.927501208313	0.921701304978	0.9212179797	0.898985016916	0.917834702755	0.874818753021	0.893185113581	0.87723537941	0.874818753021	0.87723537941	0.934267762204	0.930401159981	0.888351860802	0.889801836636	0.912518124698	0.898501691638	0.903818269696	0.895601739971	0.890285161914	0.901884968584	0.90285161914	0.891735137748	0.910101498308	0.892218463026	0.897535041083	0.90961817303	0.913001449976	0.904784920251
AE8	0.607056549058	0.625906234896	0.894151764137	0.613823102948	0.675205413243	0.59255679072	0.684388593523	0.606089898502	0.586273562107	0.608023199613	0.626389560174	0.633639439343	0.634122764621	0.813919768004	0.691155147414	0.591590140164	0.589173513775	0.577573707105	0.817303044949	0.663122281295	0.591106814886	0.546640889319	0.534557757371	0.495891735138	0.54857419043	0.0	0.569840502658	0.556790720155	0.521507974867	0.509908168197	0.581440309328	0.561140647656	0.599806669889	0.607539874335	0.752537457709	0.699855002417	0.630739487675	0.603673272112	0.620589656839	0.628806186564	0.626389560174	0.687771870469	0.662638956017	0.602223296278	0.638472692122	0.633156114065	0.732721121315	0.677622039633	0.749154180764	0.707104881585	0.681488641856	0.724987916868	0.647172547124	0.624456259062	0.635572740454	0.618656355727	0.641372643789	0.710971483809	0.642339294345	0.694055099082	0.605606573224	0.673272112131
AF7	0.568873852102	0.553407443209	0.945867568874	0.637022716288	0.674722087965	0.499758337361	0.702271628806	0.456742387627	0.427259545674	0.589656839053	0.439342677622	0.610923151281	0.565490575157	0.866602223296	0.639439342678	0.571290478492	0.446592556791	0.453359110681	0.892218463026	0.724021266312	0.532624456259	0.39584340261	0.411309811503	0.411309811503	0.866118898018	0.569840502658	0.0	0.319961333978	0.454809086515	0.506524891252	0.485741904302	0.467375543741	0.417109714838	0.480425326245	0.690671822136	0.641372643789	0.456259062349	0.536007733204	0.496858385694	0.604639922668	0.547607539874	0.714354760754	0.673272112131	0.555824069599	0.531657805703	0.500724987917	0.681005316578	0.623006283229	0.698888351861	0.669888835186	0.615273078782	0.660222329628	0.568390526825	0.536491058482	0.556307394877	0.545674238763	0.555824069599	0.654905751571	0.577573707105	0.648622522958	0.50459159014	0.605606573224
AF8	0.558724021266	0.552440792653	0.936684388594	0.623489608507	0.682455292412	0.526341227646	0.691155147414	0.465925567907	0.448042532624	0.579990333494	0.487191880135	0.623972933784	0.571290478492	0.860318994683	0.633156114065	0.554857419043	0.46060898985	0.457225712905	0.884485258579	0.710488158531	0.520057999033	0.369743837603	0.44224262929	0.442725954567	0.860802319961	0.556790720155	0.319961333978	0.0	0.445625906235	0.498791686805	0.500241662639	0.453359110681	0.435959400677	0.492025132914	0.706138231029	0.658289028516	0.478492025133	0.538424359594	0.521024649589	0.589173513775	0.558240695988	0.704688255196	0.667472208797	0.555824069599	0.550507491542	0.519574673755	0.681005316578	0.626389560174	0.692605123248	0.670855485742	0.625422909618	0.655389076849	0.561623972934	0.541807636539	0.565973900435	0.542290961817	0.544707588207	0.653939101015	0.556790720155	0.64813919768	0.494925084582	0.609473175447
AG7	0.584823586274	0.587723537941	0.868535524408	0.556307394877	0.693088448526	0.536007733204	0.690188496858	0.491541807637	0.470275495408	0.579990333494	0.521991300145	0.639439342678	0.61575640406	0.790720154664	0.65732237796	0.586273562107	0.520541324311	0.507974867086	0.760270662156	0.556307394877	0.459642339294	0.423392943451	0.494441759304	0.473658772354	0.780570323828	0.521507974867	0.454809086515	0.445625906235	0.0	0.306428226196	0.536491058482	0.495891735138	0.485741904302	0.532624456259	0.746254229096	0.683421942968	0.5186080232	0.557274045433	0.540357660706	0.630256162397	0.595456742388	0.68293861769	0.650072498792	0.573223779604	0.580473658772	0.557274045433	0.745770903818	0.684871918801	0.743837602707	0.716288061866	0.66892218463	0.716288061866	0.617689705172	0.600773320445	0.614306428226	0.603673272112	0.620589656839	0.714838086032	0.620589656839	0.68970517158	0.562107298212	0.666505558241
AG8	0.593523441276	0.592073465442	0.844369260512	0.55775737071	0.692605123248	0.556790720155	0.690671822136	0.558240695988	0.545674238763	0.593523441276	0.583856935718	0.6389560174	0.621556307395	0.758337361044	0.670855485742	0.577573707105	0.566457225713	0.549540840986	0.715804736588	0.536007733204	0.500724987917	0.466408893185	0.547124214596	0.522957950701	0.760753987434	0.509908168197	0.506524891252	0.498791686805	0.306428226196	0.0	0.56259062349	0.538424359594	0.552924117931	0.567907201547	0.752537457709	0.686321894635	0.57177380377	0.57177380377	0.574190430159	0.627839536008	0.601256645723	0.676172063799	0.649105848236	0.591106814886	0.602223296278	0.591590140164	0.753504108265	0.687771870469	0.746737554374	0.719671338811	0.678105364911	0.717738037699	0.626872885452	0.603189946834	0.619139681005	0.609473175447	0.625422909618	0.717254712421	0.630256162397	0.688255195747	0.574190430159	0.672788786854
AH7	0.594490091832	0.638472692122	0.956984050266	0.677138714355	0.710971483809	0.589173513775	0.719188013533	0.552924117931	0.533591106815	0.639922667956	0.532624456259	0.668438859352	0.642339294345	0.883035282745	0.70130497825	0.59255679072	0.500724987917	0.500724987917	0.880618656356	0.741904301595	0.562107298212	0.5186080232	0.506524891252	0.490575157081	0.837602706622	0.581440309328	0.485741904302	0.500241662639	0.536491058482	0.56259062349	0.0	0.35186080232	0.554857419043	0.605606573224	0.775253745771	0.730787820203	0.556307394877	0.637506041566	0.603189946834	0.654905751571	0.641855969067	0.77090381827	0.740454325761	0.650072498792	0.632189463509	0.608989850169	0.758820686322	0.713388110198	0.770420492992	0.728854519091	0.696471725471	0.734171097148	0.631706138231	0.624456259062	0.626389560174	0.624456259062	0.641855969067	0.732721121315	0.628322861286	0.709521507975	0.595940067666	0.703238279362
AH8	0.565007249879	0.576607056549	0.954567423876	0.629772837119	0.661188980184	0.510874818753	0.686805219913	0.494925084582	0.476558724021	0.579990333494	0.499758337361	0.608989850169	0.566940550991	0.872885451909	0.628806186564	0.553407443209	0.431126147898	0.39342677622	0.893668438859	0.741904301595	0.541324311261	0.46302561624	0.468342194297	0.473175447076	0.842919284679	0.561140647656	0.467375543741	0.453359110681	0.495891735138	0.538424359594	0.35186080232	0.0	0.485741904302	0.521991300145	0.735137747704	0.681488641856	0.519574673755	0.570323827936	0.535041082649	0.596423392943	0.576123731271	0.741420976317	0.697921701305	0.594490091832	0.566940550991	0.537941034316	0.69453842436	0.649589173514	0.710004833253	0.665538907685	0.633639439343	0.665055582407	0.569840502658	0.557274045433	0.570807153214	0.559690671822	0.567423876269	0.662638956017	0.559690671822	0.648622522958	0.528757854036	0.6389560174
AA5	0.59497341711	0.505558240696	0.961333977767	0.637989366844	0.611406476559	0.457709038183	0.62493958434	0.397776703722	0.389076848719	0.534074432093	0.424842919285	0.55099081682	0.526824552924	0.8796520058	0.555340744321	0.546157564041	0.42822619623	0.433542774287	0.919768003867	0.771387143548	0.561623972934	0.479458675689	0.459642339294	0.473658772354	0.893668438859	0.599806669889	0.417109714838	0.435959400677	0.485741904302	0.552924117931	0.554857419043	0.485741904302	0.0	0.333011116481	0.670855485742	0.583856935718	0.45142580957	0.458675688739	0.461575640406	0.544224262929	0.478492025133	0.6389560174	0.60415659739	0.470275495408	0.511358144031	0.45142580957	0.688738521025	0.629289511841	0.670372160464	0.64572257129	0.62735621073	0.669888835186	0.529241179314	0.545674238763	0.562107298212	0.531174480425	0.5186080232	0.653455775737	0.556307394877	0.621556307395	0.504108264862	0.614306428226
AA6	0.602706621556	0.512324794587	0.964717254712	0.647655872402	0.638472692122	0.467858869019	0.64572257129	0.437892701788	0.441275978734	0.549540840986	0.484775253746	0.56935717738	0.523924601257	0.881585306912	0.574673755437	0.554857419043	0.47462542291	0.47220879652	0.936684388594	0.779603673272	0.593523441276	0.506041565974	0.519574673755	0.535041082649	0.906234896085	0.607539874335	0.480425326245	0.492025132914	0.532624456259	0.567907201547	0.605606573224	0.521991300145	0.333011116481	0.0	0.668438859352	0.584340260996	0.501208313195	0.490575157081	0.466408893185	0.567423876269	0.490091831803	0.673272112131	0.637506041566	0.506524891252	0.453359110681	0.404059932334	0.681488641856	0.618656355727	0.664088931851	0.646689221846	0.620589656839	0.657805703238	0.528757854036	0.538907684872	0.553890768487	0.527307878202	0.528757854036	0.649105848236	0.557274045433	0.622039632673	0.508941517641	0.60415659739
AB5	0.748187530208	0.666505558241	0.977283711938	0.731271145481	0.632672788787	0.625906234896	0.740937651039	0.658289028516	0.671822136298	0.690188496858	0.674238762687	0.614789753504	0.65732237796	0.899951667472	0.71290478492	0.705171580474	0.710004833253	0.701788303528	0.943450942484	0.819236346061	0.805703238279	0.720637989367	0.73368777187	0.74528757854	0.927501208313	0.752537457709	0.690671822136	0.706138231029	0.746254229096	0.752537457709	0.775253745771	0.735137747704	0.670855485742	0.668438859352	0.0	0.330594490092	0.617206379894	0.658772353794	0.620589656839	0.628322861286	0.60657322378	0.752537457709	0.741904301595	0.63653939101	0.631222812953	0.627839536008	0.622039632673	0.617689705172	0.629289511841	0.616239729338	0.631706138231	0.620589656839	0.596906718221	0.592073465442	0.607056549058	0.611889801837	0.656355727405	0.601739971	0.661188980184	0.616723054616	0.67133881102	0.626389560174
AB6	0.691155147414	0.590140164331	0.971967133881	0.666505558241	0.584823586274	0.55099081682	0.657805703238	0.574190430159	0.599323344611	0.612373127115	0.623006283229	0.529724504592	0.597873368777	0.889801836636	0.636056065732	0.63653939101	0.65732237796	0.647655872402	0.937167713871	0.778153697438	0.74770420493	0.666988883519	0.679555340744	0.686321894635	0.921701304978	0.699855002417	0.641372643789	0.658289028516	0.683421942968	0.686321894635	0.730787820203	0.681488641856	0.583856935718	0.584340260996	0.330594490092	0.0	0.574673755437	0.582406959884	0.564523924601	0.556790720155	0.533107781537	0.676655389077	0.656355727405	0.537941034316	0.561140647656	0.559207346544	0.605606573224	0.54857419043	0.595456742388	0.566457225713	0.570807153214	0.589656839053	0.525857902368	0.552440792653	0.569840502658	0.575640405993	0.591590140164	0.559207346544	0.602706621556	0.545674238763	0.62735621073	0.554857419043
AC5	0.609473175447	0.570323827936	0.976317061382	0.656839052682	0.637989366844	0.452392460126	0.6805219913	0.446592556791	0.436926051232	0.575157080715	0.41904301595	0.567907201547	0.558240695988	0.893668438859	0.637506041566	0.589173513775	0.478975350411	0.491541807637	0.94441759304	0.785403576607	0.61575640406	0.53697438376	0.496858385694	0.499758337361	0.9212179797	0.630739487675	0.456259062349	0.478492025133	0.5186080232	0.57177380377	0.556307394877	0.519574673755	0.45142580957	0.501208313195	0.617206379894	0.574673755437	0.0	0.450459159014	0.440309328178	0.579023682939	0.518124697922	0.729821169647	0.688738521025	0.541807636539	0.480425326245	0.464958917351	0.615273078782	0.570807153214	0.636056065732	0.596906718221	0.565007249879	0.596906718221	0.507491541808	0.485258579024	0.507974867086	0.496858385694	0.565007249879	0.594490091832	0.584340260996	0.559690671822	0.518124697922	0.556307394877
AC6	0.628806186564	0.507974867086	0.956500724988	0.640405993233	0.586756887385	0.502174963751	0.526824552924	0.473658772354	0.503141614306	0.442725954567	0.54857419043	0.535524407927	0.556790720155	0.871435476075	0.541807636539	0.575157080715	0.550507491542	0.546640889319	0.920734654422	0.757370710488	0.630739487675	0.556790720155	0.575157080715	0.585306911551	0.898985016916	0.603673272112	0.536007733204	0.538424359594	0.557274045433	0.57177380377	0.637506041566	0.570323827936	0.458675688739	0.490575157081	0.658772353794	0.582406959884	0.450459159014	0.0	0.512324794587	0.491058482359	0.502174963751	0.50700821653	0.471242145964	0.425809569841	0.553890768487	0.541324311261	0.679072015466	0.623489608507	0.662638956017	0.646205896568	0.623489608507	0.654422426293	0.575157080715	0.564040599323	0.568873852102	0.553407443209	0.544224262929	0.647172547124	0.565490575157	0.615273078782	0.533107781537	0.618173030449
AD6	0.617206379894	0.548090865152	0.974867085549	0.632189463509	0.602706621556	0.420492991783	0.637022716288	0.438859352344	0.450942484292	0.528757854036	0.448525857902	0.5186080232	0.526824552924	0.89125181247	0.599806669889	0.570323827936	0.484291928468	0.478975350411	0.948767520541	0.786370227163	0.608506524891	0.536491058482	0.547607539874	0.550024166264	0.917834702755	0.620589656839	0.496858385694	0.521024649589	0.540357660706	0.574190430159	0.603189946834	0.535041082649	0.461575640406	0.466408893185	0.620589656839	0.564523924601	0.440309328178	0.512324794587	0.0	0.541324311261	0.419526341228	0.718704688255	0.6805219913	0.531174480425	0.462058965684	0.434992750121	0.595940067666	0.537457709038	0.594490091832	0.567423876269	0.545674238763	0.579507008217	0.45142580957	0.455292411793	0.472692121798	0.467858869019	0.533107781537	0.565973900435	0.553890768487	0.559207346544	0.461575640406	0.523441275979
AE5	0.617689705172	0.528274528758	0.974383760271	0.634606089899	0.557274045433	0.554374093765	0.568873852102	0.544707588207	0.58337361044	0.512808119865	0.612856452392	0.510391493475	0.550024166264	0.886418559691	0.554857419043	0.564040599323	0.589173513775	0.586273562107	0.928467858869	0.766553890768	0.704204929918	0.618656355727	0.641855969067	0.6389560174	0.874818753021	0.628806186564	0.604639922668	0.589173513775	0.630256162397	0.627839536008	0.654905751571	0.596423392943	0.544224262929	0.567423876269	0.628322861286	0.556790720155	0.579023682939	0.491058482359	0.541324311261	0.0	0.350410826486	0.61333977767	0.583856935718	0.494925084582	0.613823102948	0.608506524891	0.646205896568	0.600773320445	0.643789270179	0.612856452392	0.611406476559	0.642339294345	0.522474625423	0.551474142098	0.579990333494	0.53697438376	0.536491058482	0.623489608507	0.53697438376	0.601739971	0.556307394877	0.593523441276
AE6	0.603189946834	0.48380860319	0.974383760271	0.611406476559	0.560657322378	0.484775253746	0.582890285162	0.458192363461	0.498791686805	0.516674722088	0.531657805703	0.502174963751	0.501691638473	0.886418559691	0.55099081682	0.53939101015	0.541807636539	0.529724504592	0.940067665539	0.77090381827	0.671822136298	0.581923634606	0.596906718221	0.59497341711	0.893185113581	0.626389560174	0.547607539874	0.558240695988	0.595456742388	0.601256645723	0.641855969067	0.576123731271	0.478492025133	0.490091831803	0.60657322378	0.533107781537	0.518124697922	0.502174963751	0.419526341228	0.350410826486	0.0	0.661672305462	0.629289511841	0.481875302078	0.53939101015	0.53020782987	0.619623006283	0.563073948768	0.61333977767	0.578057032383	0.570807153214	0.608506524891	0.470275495408	0.491541807637	0.507491541808	0.476558724021	0.505074915418	0.593040115998	0.524891251812	0.556790720155	0.502658289029	0.555824069599
AF5	0.723054615756	0.640889318511	0.938134364427	0.681005316578	0.666988883519	0.694055099082	0.533107781537	0.665055582407	0.69453842436	0.594006766554	0.740937651039	0.640405993233	0.68293861769	0.855485741904	0.621556307395	0.685838569357	0.736587723538	0.736587723538	0.875302078299	0.732721121315	0.726437892702	0.687288545191	0.73852102465	0.741420976317	0.87723537941	0.687771870469	0.714354760754	0.704688255196	0.68293861769	0.676172063799	0.77090381827	0.741420976317	0.6389560174	0.673272112131	0.752537457709	0.676655389077	0.729821169647	0.50700821653	0.718704688255	0.61333977767	0.661672305462	0.0	0.293861768971	0.550507491542	0.744320927985	0.733204446593	0.772353794103	0.726437892702	0.756404059932	0.735137747704	0.754954084099	0.769453842436	0.708554857419	0.732237796037	0.743837602707	0.722087965201	0.685838569357	0.750120831319	0.683905268246	0.714838086032	0.723054615756	0.73368777187
AF6	0.700338327695	0.609473175447	0.93523441276	0.664572257129	0.655872402127	0.658772353794	0.507974867086	0.626872885452	0.656839052682	0.554857419043	0.702754954084	0.620589656839	0.65055582407	0.852102464959	0.579507008217	0.660705654906	0.70130497825	0.70130497825	0.893185113581	0.740454325761	0.707588206863	0.65732237796	0.696955050749	0.699855002417	0.874818753021	0.662638956017	0.673272112131	0.667472208797	0.650072498792	0.649105848236	0.740454325761	0.697921701305	0.60415659739	0.637506041566	0.741904301595	0.656355727405	0.688738521025	0.471242145964	0.6805219913	0.583856935718	0.629289511841	0.293861768971	0.0	0.517158047366	0.709038182697	0.69453842436	0.767520541324	0.705654905752	0.742870952151	0.718704688255	0.711938134364	0.747220879652	0.681488641856	0.698888351861	0.706621556307	0.69212179797	0.650072498792	0.729337844369	0.650072498792	0.68970517158	0.693571773804	0.699371677139
