	AA3	AA4	AB3	AB4	AC3	AC4	AD3	AD4	AE3	AE4	AF3	AF4	AG3	AG4	AH3	AH4	AA7	AA8	AB7	AB8	AC7	AC8	AD7	AD8	AE7	AE8	AF7	AF8	AG7	AG8	AH7	AH8	AA5	AA6	AB5	AB6	AC5	AC6	AD6	AE5	AE6	AF5	AF6	AG5	AH5	AH6	AA1	AA2	AB1	AB2	AC1	AC2	AD1	AD2	AE1	AE2	AF1	AF2	AG1	AG2	AH1	AH2
AA3	0.0	0.483325277912	0.937167713871	0.623489608507	0.646689221846	0.578540357661	0.68293861769	0.586756887385	0.559690671822	0.622522957951	0.609956500725	0.605606573224	0.585790236829	0.847752537458	0.658289028516	0.324794586757	0.578540357661	0.559207346544	0.867568873852	0.717738037699	0.615273078782	0.563557274045	0.592073465442	0.576123731271	0.83566940551	0.580473658772	0.572257129048	0.551474142098	0.574673755437	0.573223779604	0.589173513775	0.549057515708	0.579990333494	0.597873368777	0.730787820203	0.676172063799	0.604639922668	0.604639922668	0.588206863219	0.62493958434	0.585306911551	0.704688255196	0.685355244079	0.609473175447	0.626872885452	0.616723054616	0.665538907685	0.653939101015	0.724021266312	0.660705654906	0.636056065732	0.653939101015	0.576607056549	0.542290961817	0.568390526825	0.556307394877	0.575157080715	0.663605606573	0.576123731271	0.658289028516	0.582890285162	0.637989366844
AA4	0.483325277912	0.0	0.956500724988	0.565973900435	0.590623489609	0.494925084582	0.616723054616	0.507974867086	0.493475108748	0.533591106815	0.550024166264	0.527307878202	0.48622522958	0.861285645239	0.38666022233	0.374093765104	0.529241179314	0.526341227646	0.898018366361	0.736587723538	0.649105848236	0.558724021266	0.579507008217	0.586756887385	0.884485258579	0.620589656839	0.544707588207	0.547607539874	0.59255679072	0.614306428226	0.631222812953	0.579990333494	0.494925084582	0.499758337361	0.652005799903	0.589173513775	0.564523924601	0.51377477042	0.51619139681	0.533107781537	0.47462542291	0.635089415176	0.602706621556	0.517641372644	0.581440309328	0.550507491542	0.653939101015	0.586273562107	0.639439342678	0.608506524891	0.598356694055	0.620106331561	0.528274528758	0.500241662639	0.521024649589	0.524891251812	0.473658772354	0.625422909618	0.497341710971	0.602223296278	0.5186080232	0.580473658772
AB3	0.937167713871	0.956500724988	0.0	0.69212179797	0.918801353311	0.956984050266	0.956984050266	0.945384243596	0.939584340261	0.952150797487	0.974867085549	0.939101014983	0.968100531658	0.338811019816	0.963750604157	0.947317544708	0.975350410826	0.970517158047	0.740937651039	0.768003866602	0.89125181247	0.90961817303	0.961817303045	0.95601739971	0.851135814403	0.893668438859	0.94441759304	0.925567907202	0.831319478009	0.821169647173	0.955050749154	0.956500724988	0.957950700822	0.96520057999	0.972933784437	0.966167230546	0.977283711938	0.957950700822	0.975833736104	0.975833736104	0.975833736104	0.938617689705	0.933301111648	0.948284195263	0.977767037216	0.973900434993	0.975833736104	0.974867085549	0.972933784437	0.972933784437	0.975350410826	0.972933784437	0.977767037216	0.977767037216	0.981150314161	0.977767037216	0.974383760271	0.972933784437	0.974383760271	0.975833736104	0.976317061382	0.976317061382
AB4	0.623489608507	0.565973900435	0.69212179797	0.0	0.628322861286	0.589656839053	0.692605123248	0.602706621556	0.58337361044	0.619139681005	0.62735621073	0.582406959884	0.474142097632	0.574673755437	0.586273562107	0.590140164331	0.61575640406	0.612856452392	0.748187530208	0.59497341711	0.646689221846	0.60415659739	0.652005799903	0.647655872402	0.800386660222	0.635089415176	0.631222812953	0.611889801837	0.547124214596	0.56935717738	0.681488641856	0.641372643789	0.60657322378	0.624456259062	0.716288061866	0.656839052682	0.639922667956	0.61333977767	0.600289995167	0.618656355727	0.600289995167	0.670855485742	0.640889318511	0.611889801837	0.660222329628	0.646205896568	0.686805219913	0.642822619623	0.68970517158	0.65973900435	0.651522474625	0.653455775737	0.614789753504	0.608989850169	0.626872885452	0.625422909618	0.617206379894	0.674238762687	0.614306428226	0.663122281295	0.617689705172	0.643789270179
AC3	0.646689221846	0.590623489609	0.918801353311	0.628322861286	0.0	0.503141614306	0.650072498792	0.544224262929	0.555824069599	0.594490091832	0.630256162397	0.338811019816	0.618656355727	0.831802803287	0.607056549058	0.623006283229	0.611406476559	0.609956500725	0.868535524408	0.752054132431	0.734171097148	0.670855485742	0.728371193813	0.723054615756	0.831802803287	0.695021749638	0.657805703238	0.677622039633	0.676172063799	0.691155147414	0.707588206863	0.664572257129	0.619139681005	0.631222812953	0.619623006283	0.581440309328	0.63653939101	0.590140164331	0.595940067666	0.571290478492	0.558724021266	0.662638956017	0.637989366844	0.564040599323	0.658772353794	0.643305944901	0.598840019333	0.598356694055	0.595456742388	0.58337361044	0.605606573224	0.595456742388	0.539874335428	0.57177380377	0.593523441276	0.566940550991	0.618173030449	0.582890285162	0.625906234896	0.589173513775	0.629772837119	0.59255679072
AC4	0.578540357661	0.494925084582	0.956984050266	0.589656839053	0.503141614306	0.0	0.639439342678	0.408409859836	0.392943450942	0.531174480425	0.341710971484	0.410826486225	0.515708071532	0.863702271629	0.581440309328	0.550024166264	0.47462542291	0.471725471242	0.927984533591	0.763653939101	0.586273562107	0.521024649589	0.522474625423	0.513291445143	0.891735137748	0.583856935718	0.480908651522	0.512808119865	0.535041082649	0.570323827936	0.574673755437	0.521507974867	0.46060898985	0.472692121798	0.630256162397	0.556307394877	0.469308844853	0.514741420976	0.43064282262	0.557274045433	0.476558724021	0.684388593523	0.65055582407	0.516674722088	0.50459159014	0.477525374577	0.637022716288	0.585306911551	0.612373127115	0.584823586274	0.576607056549	0.603673272112	0.500724987917	0.481875302078	0.520057999033	0.509908168197	0.534557757371	0.61333977767	0.547607539874	0.579990333494	0.473658772354	0.567423876269
AD3	0.68293861769	0.616723054616	0.956984050266	0.692605123248	0.650072498792	0.639439342678	0.0	0.547124214596	0.660222329628	0.354760753987	0.700821652972	0.621072982117	0.659255679072	0.86805219913	0.588690188497	0.654422426293	0.700338327695	0.702271628806	0.934751087482	0.777187046883	0.720637989367	0.700821652972	0.710971483809	0.699855002417	0.90961817303	0.691638472692	0.709038182697	0.704204929918	0.70130497825	0.699371677139	0.732237796037	0.708554857419	0.652005799903	0.669888835186	0.747220879652	0.677138714355	0.698405026583	0.555824069599	0.639922667956	0.594006766554	0.592073465442	0.581440309328	0.565007249879	0.575157080715	0.714838086032	0.709521507975	0.774287095215	0.728371193813	0.74528757854	0.722571290478	0.718221362977	0.742387626873	0.672788786854	0.672788786854	0.68970517158	0.669405509908	0.644272595457	0.73852102465	0.647655872402	0.723054615756	0.698888351861	0.713388110198
AD4	0.586756887385	0.507974867086	0.945384243596	0.602706621556	0.544224262929	0.408409859836	0.547124214596	0.0	0.335911068149	0.414693088449	0.453842435959	0.48380860319	0.53939101015	0.857419043016	0.561140647656	0.551957467376	0.483325277912	0.480425326245	0.938134364427	0.779120347994	0.577090381827	0.501208313195	0.526824552924	0.521024649589	0.901884968584	0.599323344611	0.467858869019	0.490575157081	0.523441275979	0.576607056549	0.563073948768	0.515708071532	0.431126147898	0.461092315128	0.64572257129	0.566940550991	0.456259062349	0.482841952634	0.445625906235	0.558240695988	0.469308844853	0.647172547124	0.611406476559	0.487675205413	0.508941517641	0.482358627356	0.664572257129	0.610923151281	0.641372643789	0.620589656839	0.60415659739	0.628322861286	0.524407926535	0.50700821653	0.536007733204	0.528274528758	0.543257612373	0.637506041566	0.554857419043	0.61333977767	0.496375060416	0.593040115998
AE3	0.559690671822	0.493475108748	0.939584340261	0.58337361044	0.555824069599	0.392943450942	0.660222329628	0.335911068149	0.0	0.520057999033	0.423876268729	0.493475108748	0.50459159014	0.852585790237	0.558724021266	0.543740937651	0.453359110681	0.454809086515	0.919768003867	0.758337361044	0.545674238763	0.475108748188	0.50700821653	0.513291445143	0.891735137748	0.589173513775	0.442725954567	0.468342194297	0.510391493475	0.556307394877	0.561623972934	0.513291445143	0.433059449009	0.458192363461	0.644272595457	0.581440309328	0.453842435959	0.520541324311	0.439342677622	0.597390043499	0.504108264862	0.68293861769	0.654422426293	0.5186080232	0.498791686805	0.455775737071	0.649589173514	0.595456742388	0.624456259062	0.608989850169	0.586756887385	0.616723054616	0.517158047366	0.489608506525	0.51619139681	0.522474625423	0.532141130981	0.62735621073	0.552440792653	0.602706621556	0.478008699855	0.579507008217
AE4	0.622522957951	0.533591106815	0.952150797487	0.619139681005	0.594490091832	0.531174480425	0.354760753987	0.414693088449	0.520057999033	0.0	0.587240212663	0.543257612373	0.583856935718	0.855969067182	0.532141130981	0.581440309328	0.594006766554	0.59497341711	0.937167713871	0.776220396327	0.658772353794	0.587723537941	0.607539874335	0.605606573224	0.912518124698	0.62493958434	0.594490091832	0.586273562107	0.592073465442	0.611406476559	0.647172547124	0.60415659739	0.531657805703	0.552440792653	0.687771870469	0.611889801837	0.589173513775	0.450459159014	0.532624456259	0.52537457709	0.505074915418	0.56935717738	0.534074432093	0.491541807637	0.606089898502	0.595456742388	0.711454809087	0.661188980184	0.692605123248	0.672305461576	0.658772353794	0.68293861769	0.598356694055	0.579990333494	0.597390043499	0.581923634606	0.569840502658	0.685838569357	0.578540357661	0.673755437409	0.588690188497	0.649589173514
AF3	0.609956500725	0.550024166264	0.974867085549	0.62735621073	0.630256162397	0.341710971484	0.700821652972	0.453842435959	0.423876268729	0.587240212663	0.0	0.534074432093	0.540357660706	0.882551957467	0.610923151281	0.594490091832	0.451909134848	0.432092798453	0.956500724988	0.797486708555	0.581923634606	0.535041082649	0.439342677622	0.443692605123	0.926534557757	0.62735621073	0.437892701788	0.515224746254	0.557274045433	0.610439826003	0.529241179314	0.507491541808	0.458192363461	0.500241662639	0.681488641856	0.622522957951	0.437892701788	0.549540840986	0.465442242629	0.621072982117	0.537941034316	0.724987916868	0.69212179797	0.554857419043	0.514258095698	0.487191880135	0.672305461576	0.620589656839	0.666022232963	0.624456259062	0.607056549058	0.635572740454	0.558724021266	0.513291445143	0.540840985984	0.552440792653	0.573707104882	0.652489125181	0.584340260996	0.611406476559	0.487675205413	0.601256645723
AF4	0.605606573224	0.527307878202	0.939101014983	0.582406959884	0.338811019816	0.410826486225	0.621072982117	0.48380860319	0.493475108748	0.543257612373	0.534074432093	0.0	0.559690671822	0.843885935234	0.564523924601	0.561140647656	0.551474142098	0.555824069599	0.885935234413	0.737554374094	0.697438376027	0.62735621073	0.659255679072	0.651522474625	0.846302561624	0.635089415176	0.599323344611	0.619623006283	0.627839536008	0.644272595457	0.653939101015	0.617206379894	0.55775737071	0.572257129048	0.593523441276	0.516674722088	0.551957467376	0.531174480425	0.526341227646	0.518124697922	0.501208313195	0.623489608507	0.604639922668	0.50459159014	0.565973900435	0.553890768487	0.585790236829	0.534557757371	0.569840502658	0.529241179314	0.540840985984	0.557274045433	0.478975350411	0.498308361527	0.532624456259	0.523924601257	0.551474142098	0.5601739971	0.57177380377	0.524891251812	0.563073948768	0.526341227646
AG3	0.585790236829	0.48622522958	0.968100531658	0.474142097632	0.618656355727	0.515708071532	0.659255679072	0.53939101015	0.50459159014	0.583856935718	0.540357660706	0.559690671822	0.0	0.845335911068	0.539874335428	0.536491058482	0.497341710971	0.502658289029	0.93281778637	0.773803769937	0.666505558241	0.587240212663	0.595940067666	0.609956500725	0.889318511358	0.639922667956	0.544224262929	0.574673755437	0.603189946834	0.623006283229	0.638472692122	0.58337361044	0.52779120348	0.520541324311	0.666505558241	0.611889801837	0.546157564041	0.543257612373	0.515224746254	0.585306911551	0.507491541808	0.677138714355	0.646689221846	0.543740937651	0.579023682939	0.554374093765	0.627839536008	0.574190430159	0.633639439343	0.602706621556	0.589173513775	0.598356694055	0.532624456259	0.511841469309	0.529724504592	0.529241179314	0.538907684872	0.620589656839	0.553407443209	0.604639922668	0.505074915418	0.580473658772
AG4	0.847752537458	0.861285645239	0.338811019816	0.574673755437	0.831802803287	0.863702271629	0.86805219913	0.857419043016	0.852585790237	0.855969067182	0.882551957467	0.843885935234	0.845335911068	0.0	0.869018849686	0.851135814403	0.89125181247	0.890285161914	0.722087965201	0.688255195747	0.816819719671	0.832769453842	0.883035282745	0.874818753021	0.821169647173	0.815369743838	0.86563557274	0.84485258579	0.753020782987	0.737071048816	0.883518608023	0.875785403577	0.87046882552	0.876752054132	0.896568390527	0.888351860802	0.890285161914	0.866602223296	0.883518608023	0.884001933301	0.882551957467	0.854035766071	0.846302561624	0.861285645239	0.894635089415	0.888351860802	0.883035282745	0.882068632189	0.886901884969	0.884001933301	0.890285161914	0.885451909135	0.889801836636	0.884968583857	0.895601739971	0.889801836636	0.888351860802	0.888351860802	0.886901884969	0.884968583857	0.89125181247	0.886418559691
AH3	0.658289028516	0.38666022233	0.963750604157	0.586273562107	0.607056549058	0.581440309328	0.588690188497	0.561140647656	0.558724021266	0.532141130981	0.610923151281	0.564523924601	0.539874335428	0.869018849686	0.0	0.53939101015	0.606089898502	0.607056549058	0.931367810536	0.773320444659	0.707104881585	0.633156114065	0.642339294345	0.651522474625	0.90043499275	0.692605123248	0.635089415176	0.627839536008	0.664088931851	0.682455292412	0.697438376027	0.653939101015	0.557274045433	0.582890285162	0.708554857419	0.6389560174	0.642339294345	0.535524407927	0.587723537941	0.543257612373	0.55775737071	0.586273562107	0.555340744321	0.54857419043	0.660222329628	0.626872885452	0.712421459642	0.635089415176	0.672305461576	0.65055582407	0.640405993233	0.664572257129	0.595940067666	0.600289995167	0.59497341711	0.624456259062	0.567907201547	0.673272112131	0.57177380377	0.652972450459	0.593523441276	0.625422909618
AH4	0.324794586757	0.374093765104	0.947317544708	0.590140164331	0.623006283229	0.550024166264	0.654422426293	0.551957467376	0.543740937651	0.581440309328	0.594490091832	0.561140647656	0.536491058482	0.851135814403	0.53939101015	0.0	0.558240695988	0.55775737071	0.874335427743	0.725471242146	0.635572740454	0.564523924601	0.588206863219	0.584823586274	0.852102464959	0.607056549058	0.566940550991	0.545674238763	0.578057032383	0.597873368777	0.604639922668	0.565007249879	0.557274045433	0.563557274045	0.685838569357	0.631706138231	0.59255679072	0.574673755437	0.55099081682	0.567907201547	0.529724504592	0.669888835186	0.647172547124	0.574673755437	0.614789753504	0.591106814886	0.662155630739	0.61575640406	0.6805219913	0.621556307395	0.612856452392	0.631222812953	0.557274045433	0.523924601257	0.550024166264	0.546157564041	0.520541324311	0.639922667956	0.522474625423	0.619139681005	0.556307394877	0.603673272112
AA7	0.578540357661	0.529241179314	0.975350410826	0.61575640406	0.611406476559	0.47462542291	0.700338327695	0.483325277912	0.453359110681	0.594006766554	0.451909134848	0.551474142098	0.497341710971	0.89125181247	0.606089898502	0.558240695988	0.0	0.290478492025	0.924117931368	0.786370227163	0.588690188497	0.507491541808	0.499758337361	0.510391493475	0.880618656356	0.612373127115	0.447075882069	0.485741904302	0.549540840986	0.597873368777	0.527307878202	0.438859352344	0.444659255679	0.476075398743	0.689221846303	0.63653939101	0.478975350411	0.553407443209	0.488158530691	0.614306428226	0.529724504592	0.718704688255	0.689221846303	0.57177380377	0.537941034316	0.498308361527	0.646689221846	0.606089898502	0.65732237796	0.619623006283	0.577090381827	0.606089898502	0.519091348478	0.489125181247	0.517641372644	0.511358144031	0.534557757371	0.617206379894	0.550507491542	0.623006283229	0.48380860319	0.586273562107
AA8	0.559207346544	0.526341227646	0.970517158047	0.612856452392	0.609956500725	0.471725471242	0.702271628806	0.480425326245	0.454809086515	0.59497341711	0.432092798453	0.555824069599	0.502658289029	0.890285161914	0.607056549058	0.55775737071	0.290478492025	0.0	0.918318028033	0.771387143548	0.577573707105	0.494925084582	0.46979217013	0.480425326245	0.864185596907	0.589173513775	0.42822619623	0.474142097632	0.537457709038	0.581923634606	0.468342194297	0.391010149831	0.444659255679	0.494441759304	0.700338327695	0.644272595457	0.46979217013	0.5601739971	0.494441759304	0.609956500725	0.530691155147	0.721604639923	0.691638472692	0.575640405993	0.545674238763	0.507491541808	0.642339294345	0.611889801837	0.67133881102	0.628322861286	0.588690188497	0.615273078782	0.513291445143	0.494441759304	0.526341227646	0.512808119865	0.533591106815	0.617689705172	0.54857419043	0.624456259062	0.48380860319	0.593523441276
AB7	0.867568873852	0.898018366361	0.740937651039	0.748187530208	0.868535524408	0.927984533591	0.934751087482	0.938134364427	0.919768003867	0.937167713871	0.956500724988	0.885935234413	0.93281778637	0.722087965201	0.931367810536	0.874335427743	0.924117931368	0.918318028033	0.0	0.411793136781	0.816336394393	0.837119381344	0.93281778637	0.917834702755	0.742870952151	0.821169647173	0.894151764137	0.867085548574	0.718221362977	0.685355244079	0.886418559691	0.896085065249	0.917351377477	0.938617689705	0.935717738038	0.929434509425	0.947800869986	0.911068148864	0.94683421943	0.928951184147	0.939101014983	0.876752054132	0.869502174964	0.898985016916	0.960367327211	0.952150797487	0.925567907202	0.924601256646	0.93281778637	0.927501208313	0.929917834703	0.922184630256	0.918318028033	0.917834702755	0.919284678589	0.913968100532	0.923151280812	0.922184630256	0.922184630256	0.9212179797	0.949734171097	0.926051232479
AB8	0.717738037699	0.736587723538	0.768003866602	0.59497341711	0.752054132431	0.763653939101	0.777187046883	0.779120347994	0.758337361044	0.776220396327	0.797486708555	0.737554374094	0.773803769937	0.688255195747	0.773320444659	0.725471242146	0.786370227163	0.771387143548	0.411793136781	0.0	0.666505558241	0.679555340744	0.764137264379	0.74770420493	0.734654422426	0.660705654906	0.728371193813	0.697921701305	0.524891251812	0.512324794587	0.753504108265	0.749154180764	0.757370710488	0.778153697438	0.811986466892	0.77090381827	0.782986950217	0.745770903818	0.778153697438	0.767520541324	0.773803769937	0.731754470759	0.718221362977	0.736587723538	0.805219913001	0.796036732721	0.816336394393	0.774770420493	0.802319961334	0.772837119381	0.780570323828	0.787336877719	0.776220396327	0.768003866602	0.771870468826	0.768003866602	0.760753987434	0.788303528275	0.769937167714	0.761720637989	0.788786853552	0.774287095215
AC7	0.615273078782	0.649105848236	0.89125181247	0.646689221846	0.734171097148	0.586273562107	0.720637989367	0.577090381827	0.545674238763	0.658772353794	0.581923634606	0.697438376027	0.666505558241	0.816819719671	0.707104881585	0.635572740454	0.588690188497	0.577573707105	0.816336394393	0.666505558241	0.0	0.353794103432	0.566457225713	0.558240695988	0.822619623006	0.569840502658	0.534074432093	0.496375060416	0.466892218463	0.496858385694	0.564523924601	0.540357660706	0.549540840986	0.59255679072	0.806669888835	0.741904301595	0.623972933784	0.635572740454	0.62493958434	0.710004833253	0.658772353794	0.714838086032	0.695988400193	0.649105848236	0.640405993233	0.610923151281	0.816819719671	0.771387143548	0.807153214113	0.788786853552	0.750120831319	0.781536974384	0.694055099082	0.666988883519	0.68293861769	0.690671822136	0.669888835186	0.790236829386	0.668438859352	0.771870468826	0.614789753504	0.758820686322
AC8	0.563557274045	0.558724021266	0.90961817303	0.60415659739	0.670855485742	0.521024649589	0.700821652972	0.501208313195	0.475108748188	0.587723537941	0.535041082649	0.62735621073	0.587240212663	0.832769453842	0.633156114065	0.564523924601	0.507491541808	0.494925084582	0.837119381344	0.679555340744	0.353794103432	0.0	0.491541807637	0.489608506525	0.835186080232	0.540840985984	0.400676655389	0.360077332044	0.427259545674	0.482841952634	0.524407926535	0.4813919768	0.480425326245	0.515224746254	0.725471242146	0.660222329628	0.544707588207	0.563557274045	0.548090865152	0.626872885452	0.575640405993	0.670372160464	0.636056065732	0.572740454326	0.575157080715	0.540840985984	0.727404543258	0.674238762687	0.727887868536	0.707588206863	0.65973900435	0.686321894635	0.60657322378	0.570807153214	0.595456742388	0.598840019333	0.572257129048	0.697438376027	0.578057032383	0.692605123248	0.526824552924	0.65973900435
AD7	0.592073465442	0.579507008217	0.961817303045	0.652005799903	0.728371193813	0.522474625423	0.710971483809	0.526824552924	0.50700821653	0.607539874335	0.439342677622	0.659255679072	0.595940067666	0.883035282745	0.642339294345	0.588206863219	0.499758337361	0.46979217013	0.93281778637	0.764137264379	0.566457225713	0.491541807637	0.0	0.290961817303	0.897051715805	0.52537457709	0.433542774287	0.470275495408	0.515708071532	0.56935717738	0.503624939584	0.474142097632	0.491541807637	0.538424359594	0.742870952151	0.679555340744	0.515224746254	0.596906718221	0.557274045433	0.644755920735	0.598356694055	0.723537941034	0.698405026583	0.61333977767	0.58337361044	0.549057515708	0.750120831319	0.698888351861	0.747220879652	0.723537941034	0.675205413243	0.70130497825	0.628322861286	0.595456742388	0.611406476559	0.616723054616	0.591106814886	0.720637989367	0.598840019333	0.706621556307	0.553407443209	0.681488641856
AD8	0.576123731271	0.586756887385	0.95601739971	0.647655872402	0.723054615756	0.513291445143	0.699855002417	0.521024649589	0.513291445143	0.605606573224	0.443692605123	0.651522474625	0.609956500725	0.874818753021	0.651522474625	0.584823586274	0.510391493475	0.480425326245	0.917834702755	0.74770420493	0.558240695988	0.489608506525	0.290961817303	0.0	0.851135814403	0.480908651522	0.43064282262	0.465442242629	0.499758337361	0.546157564041	0.491058482359	0.467858869019	0.498791686805	0.554374093765	0.748187530208	0.681005316578	0.518124697922	0.596906718221	0.556307394877	0.646205896568	0.594490091832	0.715804736588	0.695021749638	0.610439826003	0.588690188497	0.563073948768	0.754470758821	0.700338327695	0.750604156597	0.723537941034	0.680038666022	0.709038182697	0.631222812953	0.593523441276	0.610439826003	0.613823102948	0.607056549058	0.723054615756	0.610923151281	0.711454809087	0.565007249879	0.683421942968
AE7	0.83566940551	0.884485258579	0.851135814403	0.800386660222	0.831802803287	0.891735137748	0.90961817303	0.901884968584	0.891735137748	0.912518124698	0.926534557757	0.846302561624	0.889318511358	0.821169647173	0.90043499275	0.852102464959	0.880618656356	0.864185596907	0.742870952151	0.734654422426	0.822619623006	0.835186080232	0.897051715805	0.851135814403	0.0	0.549057515708	0.869502174964	0.841469308845	0.757854035766	0.752054132431	0.839052682455	0.845335911068	0.895118414693	0.908651522475	0.924117931368	0.91203479942	0.918801353311	0.896085065249	0.914934751087	0.884968583857	0.894635089415	0.87723537941	0.874335427743	0.866118898018	0.940067665539	0.925084581924	0.894635089415	0.900918318028	0.913968100532	0.890285161914	0.900918318028	0.896568390527	0.893668438859	0.890768487192	0.903818269696	0.889801836636	0.908168197197	0.888351860802	0.898501691638	0.894635089415	0.914934751087	0.90285161914
AE8	0.580473658772	0.620589656839	0.893668438859	0.635089415176	0.695021749638	0.583856935718	0.691638472692	0.599323344611	0.589173513775	0.62493958434	0.62735621073	0.635089415176	0.639922667956	0.815369743838	0.692605123248	0.607056549058	0.612373127115	0.589173513775	0.821169647173	0.660705654906	0.569840502658	0.540840985984	0.52537457709	0.480908651522	0.549057515708	0.0	0.56935717738	0.542290961817	0.522474625423	0.518124697922	0.579990333494	0.560657322378	0.594006766554	0.608989850169	0.758820686322	0.695505074915	0.621556307395	0.614306428226	0.609473175447	0.655389076849	0.625906234896	0.696955050749	0.676172063799	0.60415659739	0.647172547124	0.635089415176	0.756404059932	0.709038182697	0.759787336878	0.714838086032	0.702754954084	0.732721121315	0.653939101015	0.62493958434	0.65732237796	0.628322861286	0.644755920735	0.722571290478	0.644755920735	0.707104881585	0.607539874335	0.695988400193
AF7	0.572257129048	0.544707588207	0.94441759304	0.631222812953	0.657805703238	0.480908651522	0.709038182697	0.467858869019	0.442725954567	0.594490091832	0.437892701788	0.599323344611	0.544224262929	0.86563557274	0.635089415176	0.566940550991	0.447075882069	0.42822619623	0.894151764137	0.728371193813	0.534074432093	0.400676655389	0.433542774287	0.43064282262	0.869502174964	0.56935717738	0.0	0.324311261479	0.485741904302	0.541807636539	0.480908651522	0.478492025133	0.441759304012	0.4813919768	0.679555340744	0.61333977767	0.460125664572	0.534557757371	0.502174963751	0.623006283229	0.541324311261	0.695505074915	0.664088931851	0.550507491542	0.537941034316	0.499758337361	0.669888835186	0.632189463509	0.685838569357	0.659255679072	0.611406476559	0.637022716288	0.559690671822	0.528274528758	0.55099081682	0.550024166264	0.55099081682	0.647655872402	0.56259062349	0.647655872402	0.482358627356	0.616239729338
AF8	0.551474142098	0.547607539874	0.925567907202	0.611889801837	0.677622039633	0.512808119865	0.704204929918	0.490575157081	0.468342194297	0.586273562107	0.515224746254	0.619623006283	0.574673755437	0.84485258579	0.627839536008	0.545674238763	0.485741904302	0.474142097632	0.867085548574	0.697921701305	0.496375060416	0.360077332044	0.470275495408	0.465442242629	0.841469308845	0.542290961817	0.324311261479	0.0	0.446109231513	0.499758337361	0.514741420976	0.463508941518	0.447559207347	0.505074915418	0.719671338811	0.653455775737	0.516674722088	0.554374093765	0.538907684872	0.616723054616	0.5601739971	0.674238762687	0.642822619623	0.56259062349	0.571290478492	0.530691155147	0.70130497825	0.660705654906	0.718704688255	0.687771870469	0.644272595457	0.667955534074	0.591106814886	0.553890768487	0.579990333494	0.577090381827	0.550507491542	0.677622039633	0.559690671822	0.675688738521	0.507491541808	0.644755920735
AG7	0.574673755437	0.59255679072	0.831319478009	0.547124214596	0.676172063799	0.535041082649	0.70130497825	0.523441275979	0.510391493475	0.592073465442	0.557274045433	0.627839536008	0.603189946834	0.753020782987	0.664088931851	0.578057032383	0.549540840986	0.537457709038	0.718221362977	0.524891251812	0.466892218463	0.427259545674	0.515708071532	0.499758337361	0.757854035766	0.522474625423	0.485741904302	0.446109231513	0.0	0.294345094248	0.552440792653	0.513291445143	0.522957950701	0.563073948768	0.738037699372	0.667472208797	0.549540840986	0.567423876269	0.565973900435	0.624456259062	0.582890285162	0.666988883519	0.626872885452	0.572740454326	0.595456742388	0.572257129048	0.73852102465	0.68293861769	0.729821169647	0.704688255196	0.664572257129	0.696471725471	0.620106331561	0.590623489609	0.618173030449	0.600289995167	0.610439826003	0.707588206863	0.628806186564	0.689221846303	0.575640405993	0.663605606573
AG8	0.573223779604	0.614306428226	0.821169647173	0.56935717738	0.691155147414	0.570323827936	0.699371677139	0.576607056549	0.556307394877	0.611406476559	0.610439826003	0.644272595457	0.623006283229	0.737071048816	0.682455292412	0.597873368777	0.597873368777	0.581923634606	0.685355244079	0.512324794587	0.496858385694	0.482841952634	0.56935717738	0.546157564041	0.752054132431	0.518124697922	0.541807636539	0.499758337361	0.294345094248	0.0	0.577090381827	0.559690671822	0.572257129048	0.590623489609	0.761720637989	0.685838569357	0.597873368777	0.584823586274	0.592073465442	0.647172547124	0.606089898502	0.671822136298	0.642822619623	0.598356694055	0.621556307395	0.607539874335	0.761237312711	0.705171580474	0.74770420493	0.726437892702	0.690188496858	0.720154664089	0.64813919768	0.621556307395	0.6389560174	0.633156114065	0.63653939101	0.73610439826	0.653455775737	0.710971483809	0.600773320445	0.684388593523
AH7	0.589173513775	0.631222812953	0.955050749154	0.681488641856	0.707588206863	0.574673755437	0.732237796037	0.563073948768	0.561623972934	0.647172547124	0.529241179314	0.653939101015	0.638472692122	0.883518608023	0.697438376027	0.604639922668	0.527307878202	0.468342194297	0.886418559691	0.753504108265	0.564523924601	0.524407926535	0.503624939584	0.491058482359	0.839052682455	0.579990333494	0.480908651522	0.514741420976	0.552440792653	0.577090381827	0.0	0.331561140648	0.567423876269	0.614306428226	0.774287095215	0.717254712421	0.564523924601	0.646205896568	0.618656355727	0.669405509908	0.624456259062	0.758820686322	0.742870952151	0.652489125181	0.641855969067	0.619139681005	0.755437409377	0.72692121798	0.774287095215	0.730304494925	0.70372160464	0.725954567424	0.637989366844	0.613823102948	0.633156114065	0.635089415176	0.629772837119	0.740937651039	0.630256162397	0.710488158531	0.603673272112	0.713871435476
AH8	0.549057515708	0.579990333494	0.956500724988	0.641372643789	0.664572257129	0.521507974867	0.708554857419	0.515708071532	0.513291445143	0.60415659739	0.507491541808	0.617206379894	0.58337361044	0.875785403577	0.653939101015	0.565007249879	0.438859352344	0.391010149831	0.896085065249	0.749154180764	0.540357660706	0.4813919768	0.474142097632	0.467858869019	0.845335911068	0.560657322378	0.478492025133	0.463508941518	0.513291445143	0.559690671822	0.331561140648	0.0	0.499758337361	0.550024166264	0.743354277429	0.68293861769	0.533591106815	0.593523441276	0.554374093765	0.622522957951	0.575640405993	0.717738037699	0.695021749638	0.604639922668	0.590623489609	0.568873852102	0.698405026583	0.676655389077	0.727887868536	0.675688738521	0.649105848236	0.668438859352	0.574190430159	0.553407443209	0.575157080715	0.569840502658	0.579507008217	0.675688738521	0.572740454326	0.661672305462	0.547124214596	0.661188980184
AA5	0.579990333494	0.494925084582	0.957950700822	0.60657322378	0.619139681005	0.46060898985	0.652005799903	0.431126147898	0.433059449009	0.531657805703	0.458192363461	0.55775737071	0.52779120348	0.87046882552	0.557274045433	0.557274045433	0.444659255679	0.444659255679	0.917351377477	0.757370710488	0.549540840986	0.480425326245	0.491541807637	0.498791686805	0.895118414693	0.594006766554	0.441759304012	0.447559207347	0.522957950701	0.572257129048	0.567423876269	0.499758337361	0.0	0.355727404543	0.677138714355	0.597873368777	0.487675205413	0.470758820686	0.477525374577	0.559207346544	0.48622522958	0.620589656839	0.585306911551	0.485258579024	0.538907684872	0.48622522958	0.700821652972	0.64813919768	0.680038666022	0.658289028516	0.644755920735	0.674722087965	0.550024166264	0.541324311261	0.57177380377	0.562107298212	0.524891251812	0.677622039633	0.547124214596	0.649589173514	0.498308361527	0.632672788787
AA6	0.597873368777	0.499758337361	0.96520057999	0.624456259062	0.631222812953	0.472692121798	0.669888835186	0.461092315128	0.458192363461	0.552440792653	0.500241662639	0.572257129048	0.520541324311	0.876752054132	0.582890285162	0.563557274045	0.476075398743	0.494441759304	0.938617689705	0.778153697438	0.59255679072	0.515224746254	0.538424359594	0.554374093765	0.908651522475	0.608989850169	0.4813919768	0.505074915418	0.563073948768	0.590623489609	0.614306428226	0.550024166264	0.355727404543	0.0	0.665538907685	0.58095698405	0.520057999033	0.494441759304	0.471242145964	0.589173513775	0.503624939584	0.659255679072	0.630256162397	0.512324794587	0.461092315128	0.418076365394	0.690188496858	0.634606089899	0.670855485742	0.65732237796	0.629289511841	0.653455775737	0.546157564041	0.527307878202	0.562107298212	0.558724021266	0.53697438376	0.662638956017	0.556307394877	0.643789270179	0.496858385694	0.622039632673
AB5	0.730787820203	0.652005799903	0.972933784437	0.716288061866	0.619623006283	0.630256162397	0.747220879652	0.64572257129	0.644272595457	0.687771870469	0.681488641856	0.593523441276	0.666505558241	0.896568390527	0.708554857419	0.685838569357	0.689221846303	0.700338327695	0.935717738038	0.811986466892	0.806669888835	0.725471242146	0.742870952151	0.748187530208	0.924117931368	0.758820686322	0.679555340744	0.719671338811	0.738037699372	0.761720637989	0.774287095215	0.743354277429	0.677138714355	0.665538907685	0.0	0.338327694538	0.611406476559	0.650072498792	0.62735621073	0.630256162397	0.608023199613	0.739971000483	0.724987916868	0.636056065732	0.632672788787	0.623006283229	0.622522957951	0.620589656839	0.629772837119	0.609956500725	0.62735621073	0.615273078782	0.588206863219	0.589656839053	0.615273078782	0.614789753504	0.658289028516	0.607539874335	0.652005799903	0.612373127115	0.665538907685	0.622522957951
AB6	0.676172063799	0.589173513775	0.966167230546	0.656839052682	0.581440309328	0.556307394877	0.677138714355	0.566940550991	0.581440309328	0.611889801837	0.622522957951	0.516674722088	0.611889801837	0.888351860802	0.6389560174	0.631706138231	0.63653939101	0.644272595457	0.929434509425	0.77090381827	0.741904301595	0.660222329628	0.679555340744	0.681005316578	0.91203479942	0.695505074915	0.61333977767	0.653455775737	0.667472208797	0.685838569357	0.717254712421	0.68293861769	0.597873368777	0.58095698405	0.338327694538	0.0	0.555824069599	0.566457225713	0.566457225713	0.563557274045	0.535041082649	0.665538907685	0.637989366844	0.528274528758	0.555340744321	0.543740937651	0.601256645723	0.555340744321	0.584823586274	0.554857419043	0.553407443209	0.576607056549	0.518124697922	0.547607539874	0.570807153214	0.567423876269	0.593523441276	0.56935717738	0.591106814886	0.547607539874	0.614306428226	0.545190913485
AC5	0.604639922668	0.564523924601	0.977283711938	0.639922667956	0.63653939101	0.469308844853	0.698405026583	0.456259062349	0.453842435959	0.589173513775	0.437892701788	0.551957467376	0.546157564041	0.890285161914	0.642339294345	0.59255679072	0.478975350411	0.46979217013	0.947800869986	0.782986950217	0.623972933784	0.544707588207	0.515224746254	0.518124697922	0.918801353311	0.621556307395	0.460125664572	0.516674722088	0.549540840986	0.597873368777	0.564523924601	0.533591106815	0.487675205413	0.520057999033	0.611406476559	0.555824069599	0.0	0.446592556791	0.475108748188	0.597873368777	0.53020782987	0.710004833253	0.666505558241	0.537457709038	0.4813919768	0.463992266796	0.605606573224	0.568873852102	0.624456259062	0.579507008217	0.563073948768	0.582406959884	0.51377477042	0.480425326245	0.511358144031	0.510874818753	0.577573707105	0.59255679072	0.582890285162	0.567907201547	0.516674722088	0.550507491542
AC6	0.604639922668	0.51377477042	0.957950700822	0.61333977767	0.590140164331	0.514741420976	0.555824069599	0.482841952634	0.520541324311	0.450459159014	0.549540840986	0.531174480425	0.543257612373	0.866602223296	0.535524407927	0.574673755437	0.553407443209	0.5601739971	0.911068148864	0.745770903818	0.635572740454	0.563557274045	0.596906718221	0.596906718221	0.896085065249	0.614306428226	0.534557757371	0.554374093765	0.567423876269	0.584823586274	0.646205896568	0.593523441276	0.470758820686	0.494441759304	0.650072498792	0.566457225713	0.446592556791	0.0	0.508941517641	0.529724504592	0.487191880135	0.487191880135	0.445142580957	0.417593040116	0.550507491542	0.546640889319	0.680038666022	0.630739487675	0.658772353794	0.627839536008	0.628806186564	0.651522474625	0.576607056549	0.554374093765	0.575157080715	0.551957467376	0.55099081682	0.657805703238	0.568390526825	0.616723054616	0.541807636539	0.620589656839
AD6	0.588206863219	0.51619139681	0.975833736104	0.600289995167	0.595940067666	0.43064282262	0.639922667956	0.445625906235	0.439342677622	0.532624456259	0.465442242629	0.526341227646	0.515224746254	0.883518608023	0.587723537941	0.55099081682	0.488158530691	0.494441759304	0.94683421943	0.778153697438	0.62493958434	0.548090865152	0.557274045433	0.556307394877	0.914934751087	0.609473175447	0.502174963751	0.538907684872	0.565973900435	0.592073465442	0.618656355727	0.554374093765	0.477525374577	0.471242145964	0.62735621073	0.566457225713	0.475108748188	0.508941517641	0.0	0.538907684872	0.401643305945	0.686805219913	0.655389076849	0.522957950701	0.49299178347	0.478492025133	0.620106331561	0.569840502658	0.613823102948	0.574190430159	0.558724021266	0.589656839053	0.492025132914	0.464475592073	0.482358627356	0.489125181247	0.535041082649	0.596423392943	0.537457709038	0.586756887385	0.457225712905	0.555340744321
AE5	0.62493958434	0.533107781537	0.975833736104	0.618656355727	0.571290478492	0.557274045433	0.594006766554	0.558240695988	0.597390043499	0.52537457709	0.621072982117	0.518124697922	0.585306911551	0.884001933301	0.543257612373	0.567907201547	0.614306428226	0.609956500725	0.928951184147	0.767520541324	0.710004833253	0.626872885452	0.644755920735	0.646205896568	0.884968583857	0.655389076849	0.623006283229	0.616723054616	0.624456259062	0.647172547124	0.669405509908	0.622522957951	0.559207346544	0.589173513775	0.630256162397	0.563557274045	0.597873368777	0.529724504592	0.538907684872	0.0	0.353794103432	0.609473175447	0.577090381827	0.513291445143	0.632672788787	0.620106331561	0.654422426293	0.623972933784	0.648622522958	0.616239729338	0.618173030449	0.639922667956	0.541324311261	0.566457225713	0.604639922668	0.559207346544	0.555340744321	0.651522474625	0.563557274045	0.610439826003	0.575157080715	0.61333977767
AE6	0.585306911551	0.47462542291	0.975833736104	0.600289995167	0.558724021266	0.476558724021	0.592073465442	0.469308844853	0.504108264862	0.505074915418	0.537941034316	0.501208313195	0.507491541808	0.882551957467	0.55775737071	0.529724504592	0.529724504592	0.530691155147	0.939101014983	0.773803769937	0.658772353794	0.575640405993	0.598356694055	0.594490091832	0.894635089415	0.625906234896	0.541324311261	0.5601739971	0.582890285162	0.606089898502	0.624456259062	0.575640405993	0.48622522958	0.503624939584	0.608023199613	0.535041082649	0.53020782987	0.487191880135	0.401643305945	0.353794103432	0.0	0.637506041566	0.607539874335	0.487675205413	0.547124214596	0.530691155147	0.639439342678	0.594490091832	0.618656355727	0.590623489609	0.588206863219	0.616723054616	0.503141614306	0.486708554857	0.519574673755	0.502174963751	0.507974867086	0.625906234896	0.524407926535	0.590140164331	0.498308361527	0.579990333494
AF5	0.704688255196	0.635089415176	0.938617689705	0.670855485742	0.662638956017	0.684388593523	0.581440309328	0.647172547124	0.68293861769	0.56935717738	0.724987916868	0.623489608507	0.677138714355	0.854035766071	0.586273562107	0.669888835186	0.718704688255	0.721604639923	0.876752054132	0.731754470759	0.714838086032	0.670372160464	0.723537941034	0.715804736588	0.87723537941	0.696955050749	0.695505074915	0.674238762687	0.666988883519	0.671822136298	0.758820686322	0.717738037699	0.620589656839	0.659255679072	0.739971000483	0.665538907685	0.710004833253	0.487191880135	0.686805219913	0.609473175447	0.637506041566	0.0	0.271145480909	0.545190913485	0.721121314645	0.712421459642	0.772353794103	0.72692121798	0.749637506042	0.72692121798	0.734654422426	0.75688738521	0.69453842436	0.710971483809	0.72692121798	0.706138231029	0.667955534074	0.743354277429	0.677622039633	0.713871435476	0.712421459642	0.717738037699
AF6	0.685355244079	0.602706621556	0.933301111648	0.640889318511	0.637989366844	0.65055582407	0.565007249879	0.611406476559	0.654422426293	0.534074432093	0.69212179797	0.604639922668	0.646689221846	0.846302561624	0.555340744321	0.647172547124	0.689221846303	0.691638472692	0.869502174964	0.718221362977	0.695988400193	0.636056065732	0.698405026583	0.695021749638	0.874335427743	0.676172063799	0.664088931851	0.642822619623	0.626872885452	0.642822619623	0.742870952151	0.695021749638	0.585306911551	0.630256162397	0.724987916868	0.637989366844	0.666505558241	0.445142580957	0.655389076849	0.577090381827	0.607539874335	0.271145480909	0.0	0.51377477042	0.68970517158	0.684388593523	0.74770420493	0.692605123248	0.721121314645	0.699855002417	0.695021749638	0.726437892702	0.65973900435	0.675205413243	0.692605123248	0.672305461576	0.634606089899	0.716771387144	0.640889318511	0.681005316578	0.681971967134	0.676172063799
