	AA3	AA4	AB3	AB4	AC3	AC4	AD3	AD4	AE3	AE4	AF3	AF4	AG3	AG4	AH3	AH4	AA7	AA8	AB7	AB8	AC7	AC8	AD7	AD8	AE7	AE8	AF7	AF8	AG7	AG8	AH7	AH8	AA5	AA6	AB5	AB6	AC5	AC6	AD6	AE5	AE6	AF5	AF6	AG5	AH5	AH6	AA1	AA2	AB1	AB2	AC1	AC2	AD1	AD2	AE1	AE2	AF1	AF2	AG1	AG2	AH1	AH2
AA3	0.0	0.511841469309	0.937167713871	0.64572257129	0.658772353794	0.590140164331	0.678588690188	0.598356694055	0.588206863219	0.633639439343	0.623972933784	0.610439826003	0.590140164331	0.850652489125	0.658772353794	0.32866118898	0.583856935718	0.567423876269	0.859352344128	0.704688255196	0.618173030449	0.581923634606	0.614789753504	0.594006766554	0.830352827453	0.588206863219	0.575640405993	0.567907201547	0.582406959884	0.573707104882	0.593040115998	0.559690671822	0.608989850169	0.607056549058	0.749154180764	0.679555340744	0.621072982117	0.625422909618	0.610923151281	0.632189463509	0.607056549058	0.731271145481	0.69212179797	0.617206379894	0.626389560174	0.629772837119	0.688738521025	0.64572257129	0.710971483809	0.65973900435	0.628806186564	0.664572257129	0.593523441276	0.562107298212	0.584823586274	0.578057032383	0.573223779604	0.655872402127	0.59497341711	0.673272112131	0.582406959884	0.640889318511
AA4	0.511841469309	0.0	0.949250845819	0.59255679072	0.56935717738	0.490575157081	0.600289995167	0.478492025133	0.497825036249	0.519574673755	0.536007733204	0.507491541808	0.459642339294	0.854035766071	0.358627356211	0.392460125665	0.519091348478	0.511358144031	0.889318511358	0.722571290478	0.647172547124	0.565973900435	0.583856935718	0.589173513775	0.875302078299	0.620106331561	0.53939101015	0.546640889319	0.599323344611	0.604639922668	0.625422909618	0.586756887385	0.48380860319	0.492025132914	0.663122281295	0.580473658772	0.570807153214	0.516674722088	0.531174480425	0.520541324311	0.476558724021	0.642822619623	0.595940067666	0.504108264862	0.566457225713	0.56259062349	0.649589173514	0.586273562107	0.618656355727	0.596423392943	0.593040115998	0.631706138231	0.531174480425	0.524891251812	0.524891251812	0.527307878202	0.498308361527	0.620106331561	0.50459159014	0.601256645723	0.523441275979	0.561140647656
AB3	0.937167713871	0.949250845819	0.0	0.672305461576	0.916384726921	0.956500724988	0.966167230546	0.945384243596	0.936684388594	0.959884001933	0.974383760271	0.939101014983	0.969067182214	0.338327694538	0.966167230546	0.942967617206	0.975350410826	0.970517158047	0.739487675205	0.77767037216	0.894635089415	0.918318028033	0.967133881102	0.959400676655	0.851135814403	0.898018366361	0.947317544708	0.935717738038	0.848719188014	0.845819236346	0.955534074432	0.955050749154	0.960850652489	0.966167230546	0.978250362494	0.969550507492	0.977283711938	0.952634122765	0.977767037216	0.977767037216	0.977767037216	0.941034316095	0.937651039149	0.95601739971	0.981633639439	0.974867085549	0.977767037216	0.975833736104	0.974383760271	0.977767037216	0.977767037216	0.975350410826	0.97921701305	0.97921701305	0.982600289995	0.97921701305	0.977283711938	0.977767037216	0.978250362494	0.978250362494	0.977283711938	0.97680038666
AB4	0.64572257129	0.59255679072	0.672305461576	0.0	0.646689221846	0.623489608507	0.70130497825	0.631706138231	0.635572740454	0.652972450459	0.658289028516	0.616723054616	0.497825036249	0.551957467376	0.631222812953	0.608506524891	0.654905751571	0.645239246013	0.719671338811	0.580473658772	0.651039149348	0.634122764621	0.679072015466	0.661672305462	0.796036732721	0.643305944901	0.658772353794	0.64572257129	0.566457225713	0.579507008217	0.688255195747	0.653455775737	0.657805703238	0.670372160464	0.736587723538	0.680038666022	0.676172063799	0.661188980184	0.655872402127	0.648622522958	0.644272595457	0.685838569357	0.672788786854	0.639922667956	0.698405026583	0.691155147414	0.712421459642	0.674238762687	0.708071532141	0.677622039633	0.676655389077	0.693088448526	0.652972450459	0.653939101015	0.663122281295	0.646205896568	0.657805703238	0.685355244079	0.654422426293	0.685838569357	0.667472208797	0.675688738521
AC3	0.658772353794	0.56935717738	0.916384726921	0.646689221846	0.0	0.48622522958	0.647172547124	0.55775737071	0.564040599323	0.582890285162	0.611889801837	0.326727887869	0.60657322378	0.827936201063	0.597390043499	0.601256645723	0.623972933784	0.61333977767	0.863218946351	0.737554374094	0.718704688255	0.67133881102	0.718704688255	0.714354760754	0.826969550507	0.689221846303	0.661188980184	0.66892218463	0.677138714355	0.690188496858	0.70372160464	0.667472208797	0.602223296278	0.623489608507	0.632189463509	0.59255679072	0.6389560174	0.581923634606	0.583856935718	0.563557274045	0.566940550991	0.667955534074	0.655389076849	0.572257129048	0.649589173514	0.640889318511	0.59497341711	0.591106814886	0.581923634606	0.570323827936	0.587240212663	0.586756887385	0.537941034316	0.567907201547	0.590623489609	0.561140647656	0.603673272112	0.579507008217	0.603673272112	0.593040115998	0.622039632673	0.587723537941
AC4	0.590140164331	0.490575157081	0.956500724988	0.623489608507	0.48622522958	0.0	0.628322861286	0.417593040116	0.405993233446	0.500241662639	0.329144514258	0.397293378444	0.502174963751	0.866602223296	0.558240695988	0.536491058482	0.485258579024	0.46302561624	0.928951184147	0.754470758821	0.586756887385	0.52779120348	0.524407926535	0.521991300145	0.884968583857	0.583856935718	0.483325277912	0.500724987917	0.535524407927	0.564040599323	0.576123731271	0.517641372644	0.456742387627	0.473658772354	0.645239246013	0.555824069599	0.480908651522	0.499275012083	0.420976317061	0.547124214596	0.470758820686	0.691638472692	0.646205896568	0.511841469309	0.498791686805	0.496375060416	0.635089415176	0.574190430159	0.597390043499	0.577090381827	0.575640405993	0.613823102948	0.500241662639	0.491058482359	0.512808119865	0.506041565974	0.526824552924	0.602223296278	0.542290961817	0.579507008217	0.489125181247	0.556307394877
AD3	0.678588690188	0.600289995167	0.966167230546	0.70130497825	0.647172547124	0.628322861286	0.0	0.531174480425	0.646689221846	0.369743837603	0.677138714355	0.605606573224	0.640405993233	0.869502174964	0.583856935718	0.644272595457	0.689221846303	0.688738521025	0.947317544708	0.773320444659	0.712421459642	0.692605123248	0.701788303528	0.692605123248	0.9212179797	0.686321894635	0.70372160464	0.695988400193	0.695988400193	0.688255195747	0.724987916868	0.689221846303	0.628806186564	0.647655872402	0.748670855486	0.670372160464	0.688738521025	0.544707588207	0.639439342678	0.58337361044	0.585306911551	0.573707104882	0.53020782987	0.538424359594	0.702754954084	0.687771870469	0.76848719188	0.723537941034	0.741420976317	0.716771387144	0.716288061866	0.749154180764	0.662638956017	0.66892218463	0.677138714355	0.670855485742	0.639439342678	0.730787820203	0.64572257129	0.722087965201	0.688255195747	0.699371677139
AD4	0.598356694055	0.478492025133	0.945384243596	0.631706138231	0.55775737071	0.417593040116	0.531174480425	0.0	0.336394393427	0.400193330111	0.425809569841	0.488641855969	0.514258095698	0.849685838569	0.544707588207	0.537457709038	0.453842435959	0.447559207347	0.929917834703	0.750604156597	0.577090381827	0.492508458192	0.493475108748	0.489125181247	0.897535041083	0.599323344611	0.435476075399	0.448525857902	0.514258095698	0.555824069599	0.541324311261	0.496858385694	0.423876268729	0.446592556791	0.663605606573	0.56935717738	0.44224262929	0.475108748188	0.447075882069	0.550024166264	0.464475592073	0.652489125181	0.615273078782	0.500724987917	0.501691638473	0.494925084582	0.669888835186	0.61575640406	0.634606089899	0.622039632673	0.610439826003	0.651039149348	0.530691155147	0.521024649589	0.531657805703	0.53697438376	0.526341227646	0.639439342678	0.538424359594	0.625422909618	0.5186080232	0.588690188497
AE3	0.588206863219	0.497825036249	0.936684388594	0.635572740454	0.564040599323	0.405993233446	0.646689221846	0.336394393427	0.0	0.506041565974	0.405509908168	0.491058482359	0.521507974867	0.849202513291	0.563073948768	0.533591106815	0.47220879652	0.463992266796	0.924601256646	0.746737554374	0.553890768487	0.473175447076	0.490575157081	0.498308361527	0.890768487192	0.59497341711	0.448525857902	0.464475592073	0.498791686805	0.555824069599	0.553890768487	0.500724987917	0.414693088449	0.459642339294	0.665538907685	0.580473658772	0.447075882069	0.518124697922	0.426776220396	0.596423392943	0.515708071532	0.696471725471	0.658289028516	0.536007733204	0.481875302078	0.478008699855	0.655872402127	0.600773320445	0.631706138231	0.608506524891	0.595940067666	0.638472692122	0.53020782987	0.521024649589	0.52537457709	0.528274528758	0.540840985984	0.634122764621	0.553890768487	0.608023199613	0.512324794587	0.574190430159
AE4	0.633639439343	0.519574673755	0.959884001933	0.652972450459	0.582890285162	0.500241662639	0.369743837603	0.400193330111	0.506041565974	0.0	0.555824069599	0.528274528758	0.572257129048	0.862735621073	0.532141130981	0.576607056549	0.573707104882	0.568390526825	0.936684388594	0.762203963267	0.642822619623	0.576123731271	0.583856935718	0.581923634606	0.91445142581	0.623972933784	0.572257129048	0.570323827936	0.58095698405	0.593523441276	0.639922667956	0.589656839053	0.519091348478	0.533107781537	0.687771870469	0.605123247946	0.565973900435	0.449975833736	0.521507974867	0.517641372644	0.487191880135	0.585306911551	0.547124214596	0.485741904302	0.581923634606	0.577573707105	0.705171580474	0.64572257129	0.665538907685	0.660222329628	0.649105848236	0.676172063799	0.588690188497	0.575157080715	0.58095698405	0.596423392943	0.565490575157	0.667472208797	0.578057032383	0.664088931851	0.577090381827	0.630256162397
AF3	0.623972933784	0.536007733204	0.974383760271	0.658289028516	0.611889801837	0.329144514258	0.677138714355	0.425809569841	0.405509908168	0.555824069599	0.0	0.517158047366	0.534074432093	0.883035282745	0.599323344611	0.572740454326	0.444175930401	0.419526341228	0.954084098598	0.78250362494	0.576607056549	0.529724504592	0.439342677622	0.459642339294	0.921701304978	0.62735621073	0.434992750121	0.473658772354	0.548090865152	0.600773320445	0.526824552924	0.48622522958	0.44224262929	0.487191880135	0.66892218463	0.599806669889	0.440792653456	0.537457709038	0.436442725955	0.612373127115	0.521024649589	0.72450459159	0.684871918801	0.55775737071	0.495891735138	0.491058482359	0.664572257129	0.605123247946	0.648622522958	0.612373127115	0.601739971	0.643789270179	0.545190913485	0.519091348478	0.528757854036	0.526341227646	0.564523924601	0.634606089899	0.570807153214	0.613823102948	0.508941517641	0.585306911551
AF4	0.610439826003	0.507491541808	0.939101014983	0.616723054616	0.326727887869	0.397293378444	0.605606573224	0.488641855969	0.491058482359	0.528274528758	0.517158047366	0.0	0.550024166264	0.844369260512	0.548090865152	0.55099081682	0.570323827936	0.565490575157	0.889318511358	0.71532141131	0.675205413243	0.61575640406	0.650072498792	0.641372643789	0.849685838569	0.635089415176	0.594490091832	0.602706621556	0.62493958434	0.632672788787	0.653939101015	0.614789753504	0.536007733204	0.557274045433	0.598356694055	0.51377477042	0.552924117931	0.533591106815	0.51619139681	0.49540840986	0.493475108748	0.638472692122	0.622522957951	0.517641372644	0.551957467376	0.549057515708	0.586756887385	0.529724504592	0.558724021266	0.526341227646	0.531174480425	0.561140647656	0.473175447076	0.506041565974	0.514741420976	0.506524891252	0.552440792653	0.548090865152	0.552924117931	0.53697438376	0.557274045433	0.514741420976
AG3	0.590140164331	0.459642339294	0.969067182214	0.497825036249	0.60657322378	0.502174963751	0.640405993233	0.514258095698	0.521507974867	0.572257129048	0.534074432093	0.550024166264	0.0	0.849202513291	0.512808119865	0.528274528758	0.498308361527	0.48622522958	0.928951184147	0.758337361044	0.659255679072	0.58337361044	0.591106814886	0.586756887385	0.885935234413	0.623489608507	0.543257612373	0.55775737071	0.607056549058	0.614306428226	0.629772837119	0.575640405993	0.514741420976	0.525857902368	0.671822136298	0.606089898502	0.553890768487	0.545190913485	0.522957950701	0.556790720155	0.510874818753	0.6805219913	0.637022716288	0.529241179314	0.565973900435	0.568873852102	0.630739487675	0.594006766554	0.628806186564	0.605123247946	0.593523441276	0.620589656839	0.519091348478	0.532624456259	0.543740937651	0.534557757371	0.52779120348	0.616239729338	0.533591106815	0.609473175447	0.508458192363	0.572740454326
AG4	0.850652489125	0.854035766071	0.338327694538	0.551957467376	0.827936201063	0.866602223296	0.869502174964	0.849685838569	0.849202513291	0.862735621073	0.883035282745	0.844369260512	0.849202513291	0.0	0.870952150797	0.849202513291	0.892218463026	0.887385210246	0.70130497825	0.693571773804	0.815853069116	0.83566940551	0.881101981634	0.874335427743	0.823102948284	0.812953117448	0.860318994683	0.851135814403	0.763170613823	0.750120831319	0.880135331078	0.869985500242	0.869985500242	0.874335427743	0.893185113581	0.882551957467	0.890768487192	0.859835669406	0.884001933301	0.881585306912	0.880618656356	0.84726921218	0.841469308845	0.866118898018	0.894151764137	0.886901884969	0.883035282745	0.884968583857	0.884001933301	0.884001933301	0.889318511358	0.885451909135	0.88883518608	0.886901884969	0.893668438859	0.888351860802	0.887385210246	0.886418559691	0.887385210246	0.885451909135	0.890768487192	0.885935234413
AH3	0.658772353794	0.358627356211	0.966167230546	0.631222812953	0.597390043499	0.558240695988	0.583856935718	0.544707588207	0.563073948768	0.532141130981	0.599323344611	0.548090865152	0.512808119865	0.870952150797	0.0	0.536491058482	0.593523441276	0.586273562107	0.920734654422	0.758337361044	0.697438376027	0.62493958434	0.632189463509	0.634606089899	0.901401643306	0.683905268246	0.622522957951	0.632672788787	0.659255679072	0.667955534074	0.686805219913	0.641855969067	0.534557757371	0.565490575157	0.711938134364	0.63653939101	0.635089415176	0.543257612373	0.591590140164	0.535524407927	0.541807636539	0.608023199613	0.57177380377	0.535041082649	0.6389560174	0.630739487675	0.700338327695	0.632189463509	0.65732237796	0.645239246013	0.641372643789	0.675688738521	0.593523441276	0.599806669889	0.59497341711	0.596423392943	0.558240695988	0.669888835186	0.559690671822	0.639439342678	0.596423392943	0.608989850169
AH4	0.32866118898	0.392460125665	0.942967617206	0.608506524891	0.601256645723	0.536491058482	0.644272595457	0.537457709038	0.533591106815	0.576607056549	0.572740454326	0.55099081682	0.528274528758	0.849202513291	0.536491058482	0.0	0.546157564041	0.542290961817	0.864185596907	0.708071532141	0.622039632673	0.562107298212	0.58337361044	0.576607056549	0.849202513291	0.611889801837	0.562107298212	0.556307394877	0.580473658772	0.590140164331	0.592073465442	0.550507491542	0.555340744321	0.558724021266	0.704688255196	0.62493958434	0.593523441276	0.577573707105	0.556790720155	0.57177380377	0.546640889319	0.677138714355	0.639922667956	0.567907201547	0.59497341711	0.596906718221	0.662155630739	0.608023199613	0.661188980184	0.61575640406	0.602706621556	0.637989366844	0.54857419043	0.532141130981	0.550024166264	0.53020782987	0.509424842919	0.62493958434	0.525857902368	0.630739487675	0.544224262929	0.598840019333
AA7	0.583856935718	0.519091348478	0.975350410826	0.654905751571	0.623972933784	0.485258579024	0.689221846303	0.453842435959	0.47220879652	0.573707104882	0.444175930401	0.570323827936	0.498308361527	0.892218463026	0.593523441276	0.546157564041	0.0	0.285161913968	0.918801353311	0.758337361044	0.585790236829	0.50459159014	0.493475108748	0.490575157081	0.868535524408	0.608989850169	0.451909134848	0.452392460126	0.546157564041	0.593040115998	0.519091348478	0.425326244563	0.446109231513	0.490091831803	0.710488158531	0.643789270179	0.489125181247	0.562107298212	0.490575157081	0.614306428226	0.537457709038	0.729821169647	0.690671822136	0.580473658772	0.537941034316	0.531174480425	0.666988883519	0.617206379894	0.66892218463	0.630739487675	0.593040115998	0.635089415176	0.535524407927	0.519574673755	0.544224262929	0.532624456259	0.526341227646	0.623972933784	0.536491058482	0.649589173514	0.501208313195	0.595940067666
AA8	0.567423876269	0.511358144031	0.970517158047	0.645239246013	0.61333977767	0.46302561624	0.688738521025	0.447559207347	0.463992266796	0.568390526825	0.419526341228	0.565490575157	0.48622522958	0.887385210246	0.586273562107	0.542290961817	0.285161913968	0.0	0.913968100532	0.74770420493	0.565973900435	0.48380860319	0.464475592073	0.461575640406	0.862735621073	0.597873368777	0.420492991783	0.434992750121	0.532141130981	0.573707104882	0.461575640406	0.366360560657	0.435476075399	0.490091831803	0.711454809087	0.643789270179	0.478008699855	0.561623972934	0.481875302078	0.606089898502	0.529724504592	0.734171097148	0.691155147414	0.580473658772	0.529724504592	0.529724504592	0.650072498792	0.605606573224	0.666505558241	0.623489608507	0.58337361044	0.623972933784	0.522474625423	0.511841469309	0.534557757371	0.523441275979	0.521991300145	0.612856452392	0.533591106815	0.639922667956	0.488158530691	0.585790236829
AB7	0.859352344128	0.889318511358	0.739487675205	0.719671338811	0.863218946351	0.928951184147	0.947317544708	0.929917834703	0.924601256646	0.936684388594	0.954084098598	0.889318511358	0.928951184147	0.70130497825	0.920734654422	0.864185596907	0.918801353311	0.913968100532	0.0	0.432576123731	0.811019816336	0.855485741904	0.94683421943	0.924117931368	0.727404543258	0.820202996617	0.89125181247	0.875785403577	0.748187530208	0.693571773804	0.878202029966	0.895601739971	0.923151280812	0.938134364427	0.938617689705	0.933784436926	0.951184146931	0.917351377477	0.955534074432	0.926534557757	0.938617689705	0.883035282745	0.874335427743	0.911068148864	0.951667472209	0.959400676655	0.922184630256	0.920251329145	0.930401159981	0.925567907202	0.920251329145	0.913001449976	0.916384726921	0.911068148864	0.916868052199	0.907201546641	0.913484775254	0.908651522475	0.916384726921	0.92363460609	0.940550990817	0.934267762204
AB8	0.704688255196	0.722571290478	0.77767037216	0.580473658772	0.737554374094	0.754470758821	0.773320444659	0.750604156597	0.746737554374	0.762203963267	0.78250362494	0.71532141131	0.758337361044	0.693571773804	0.758337361044	0.708071532141	0.758337361044	0.74770420493	0.432576123731	0.0	0.641372643789	0.679555340744	0.765103914935	0.744804253262	0.739971000483	0.658289028516	0.713871435476	0.698405026583	0.53939101015	0.51377477042	0.720637989367	0.728371193813	0.753020782987	0.764137264379	0.809569840503	0.7593040116	0.774287095215	0.743837602707	0.776703721605	0.753987433543	0.762687288545	0.72450459159	0.713388110198	0.73368777187	0.779120347994	0.785403576607	0.806669888835	0.74770420493	0.792170130498	0.763653939101	0.75688738521	0.77767037216	0.752054132431	0.747220879652	0.750604156597	0.740937651039	0.741904301595	0.757370710488	0.743837602707	0.758337361044	0.762203963267	0.752537457709
AC7	0.618173030449	0.647172547124	0.894635089415	0.651039149348	0.718704688255	0.586756887385	0.712421459642	0.577090381827	0.553890768487	0.642822619623	0.576607056549	0.675205413243	0.659255679072	0.815853069116	0.697438376027	0.622039632673	0.585790236829	0.565973900435	0.811019816336	0.641372643789	0.0	0.374577090382	0.579023682939	0.574673755437	0.824552924118	0.585790236829	0.542774287095	0.50700821653	0.480425326245	0.49299178347	0.563073948768	0.539874335428	0.551474142098	0.598840019333	0.799903334944	0.726437892702	0.623972933784	0.632189463509	0.602706621556	0.711454809087	0.644272595457	0.719188013533	0.682455292412	0.641372643789	0.634122764621	0.621556307395	0.808603189947	0.753987433543	0.784920251329	0.76848719188	0.739971000483	0.780570323828	0.685355244079	0.663122281295	0.672305461576	0.673272112131	0.657805703238	0.772837119381	0.667955534074	0.767037216046	0.61333977767	0.727404543258
AC8	0.581923634606	0.565973900435	0.918318028033	0.634122764621	0.67133881102	0.52779120348	0.692605123248	0.492508458192	0.473175447076	0.576123731271	0.529724504592	0.61575640406	0.58337361044	0.83566940551	0.62493958434	0.562107298212	0.50459159014	0.48380860319	0.855485741904	0.679555340744	0.374577090382	0.0	0.498791686805	0.495891735138	0.839052682455	0.556790720155	0.391493475109	0.376027066216	0.440792653456	0.489125181247	0.524407926535	0.482841952634	0.472692121798	0.519574673755	0.731754470759	0.653939101015	0.542290961817	0.565490575157	0.531174480425	0.640405993233	0.564523924601	0.686805219913	0.647655872402	0.574673755437	0.552924117931	0.556790720155	0.735137747704	0.674238762687	0.720637989367	0.699855002417	0.663122281295	0.70130497825	0.608023199613	0.589656839053	0.597873368777	0.601256645723	0.570807153214	0.699855002417	0.587723537941	0.701788303528	0.537457709038	0.650072498792
AD7	0.614789753504	0.583856935718	0.967133881102	0.679072015466	0.718704688255	0.524407926535	0.701788303528	0.493475108748	0.490575157081	0.583856935718	0.439342677622	0.650072498792	0.591106814886	0.881101981634	0.632189463509	0.58337361044	0.493475108748	0.464475592073	0.94683421943	0.765103914935	0.579023682939	0.498791686805	0.0	0.300144997583	0.907684871919	0.543257612373	0.429676172064	0.462058965684	0.512808119865	0.578057032383	0.511358144031	0.476558724021	0.496858385694	0.544224262929	0.746737554374	0.667955534074	0.510874818753	0.58095698405	0.537941034316	0.654422426293	0.586273562107	0.731754470759	0.694055099082	0.599806669889	0.54857419043	0.551957467376	0.746737554374	0.679072015466	0.73368777187	0.702754954084	0.677622039633	0.710488158531	0.625422909618	0.597873368777	0.604639922668	0.618173030449	0.589656839053	0.707588206863	0.597873368777	0.702754954084	0.55775737071	0.658289028516
AD8	0.594006766554	0.589173513775	0.959400676655	0.661672305462	0.714354760754	0.521991300145	0.692605123248	0.489125181247	0.498308361527	0.581923634606	0.459642339294	0.641372643789	0.586756887385	0.874335427743	0.634606089899	0.576607056549	0.490575157081	0.461575640406	0.924117931368	0.744804253262	0.574673755437	0.495891735138	0.300144997583	0.0	0.85645239246	0.499275012083	0.424359594007	0.458675688739	0.487675205413	0.548090865152	0.496375060416	0.468342194297	0.514258095698	0.544224262929	0.74770420493	0.670855485742	0.517158047366	0.58337361044	0.526824552924	0.642339294345	0.570807153214	0.727404543258	0.687771870469	0.591106814886	0.556790720155	0.561140647656	0.748187530208	0.674722087965	0.737071048816	0.706621556307	0.674238762687	0.704688255196	0.622522957951	0.600289995167	0.602706621556	0.61333977767	0.586756887385	0.700338327695	0.601256645723	0.704204929918	0.559207346544	0.653939101015
AE7	0.830352827453	0.875302078299	0.851135814403	0.796036732721	0.826969550507	0.884968583857	0.9212179797	0.897535041083	0.890768487192	0.91445142581	0.921701304978	0.849685838569	0.885935234413	0.823102948284	0.901401643306	0.849202513291	0.868535524408	0.862735621073	0.727404543258	0.739971000483	0.824552924118	0.839052682455	0.907684871919	0.85645239246	0.0	0.541807636539	0.872402126631	0.857419043016	0.77090381827	0.767520541324	0.839052682455	0.844369260512	0.892218463026	0.906718221363	0.931367810536	0.919768003867	0.918801353311	0.895118414693	0.919768003867	0.879168680522	0.904784920251	0.887868535524	0.878202029966	0.881585306912	0.936201063316	0.925567907202	0.890285161914	0.900918318028	0.913001449976	0.896085065249	0.899951667472	0.899468342194	0.891735137748	0.897051715805	0.907684871919	0.890285161914	0.901884968584	0.887385210246	0.898501691638	0.90043499275	0.910584823586	0.906234896085
AE8	0.588206863219	0.620106331561	0.898018366361	0.643305944901	0.689221846303	0.583856935718	0.686321894635	0.599323344611	0.59497341711	0.623972933784	0.62735621073	0.635089415176	0.623489608507	0.812953117448	0.683905268246	0.611889801837	0.608989850169	0.597873368777	0.820202996617	0.658289028516	0.585790236829	0.556790720155	0.543257612373	0.499275012083	0.541807636539	0.0	0.580473658772	0.571290478492	0.520541324311	0.51377477042	0.591106814886	0.576123731271	0.603189946834	0.617206379894	0.763170613823	0.698405026583	0.632189463509	0.599806669889	0.624456259062	0.652972450459	0.618173030449	0.702271628806	0.658772353794	0.608989850169	0.642822619623	0.637022716288	0.756404059932	0.709521507975	0.755437409377	0.714838086032	0.705171580474	0.741904301595	0.654905751571	0.637022716288	0.653455775737	0.65973900435	0.651522474625	0.720154664089	0.652972450459	0.704688255196	0.616239729338	0.685355244079
AF7	0.575640405993	0.53939101015	0.947317544708	0.658772353794	0.661188980184	0.483325277912	0.70372160464	0.435476075399	0.448525857902	0.572257129048	0.434992750121	0.594490091832	0.543257612373	0.860318994683	0.622522957951	0.562107298212	0.451909134848	0.420492991783	0.89125181247	0.713871435476	0.542774287095	0.391493475109	0.429676172064	0.424359594007	0.872402126631	0.580473658772	0.0	0.306428226196	0.471242145964	0.530691155147	0.48622522958	0.469308844853	0.440792653456	0.4813919768	0.691155147414	0.611406476559	0.46302561624	0.531657805703	0.486708554857	0.624456259062	0.523441275979	0.705654905752	0.666022232963	0.550024166264	0.509424842919	0.514258095698	0.675688738521	0.621556307395	0.673755437409	0.653939101015	0.610923151281	0.648622522958	0.566940550991	0.53697438376	0.544224262929	0.554857419043	0.541807636539	0.645239246013	0.555340744321	0.653939101015	0.495891735138	0.601739971
AF8	0.567907201547	0.546640889319	0.935717738038	0.64572257129	0.66892218463	0.500724987917	0.695988400193	0.448525857902	0.464475592073	0.570323827936	0.473658772354	0.602706621556	0.55775737071	0.851135814403	0.632672788787	0.556307394877	0.452392460126	0.434992750121	0.875785403577	0.698405026583	0.50700821653	0.376027066216	0.462058965684	0.458675688739	0.857419043016	0.571290478492	0.306428226196	0.0	0.461575640406	0.508458192363	0.506041565974	0.462542290962	0.452875785404	0.506041565974	0.706138231029	0.634122764621	0.479942000967	0.538424359594	0.505558240696	0.623972933784	0.538907684872	0.695021749638	0.655389076849	0.549540840986	0.533591106815	0.540840985984	0.688738521025	0.640405993233	0.683421942968	0.666988883519	0.62493958434	0.656839052682	0.572740454326	0.553890768487	0.566457225713	0.567423876269	0.549057515708	0.659255679072	0.558724021266	0.672305461576	0.50700821653	0.612373127115
AG7	0.582406959884	0.599323344611	0.848719188014	0.566457225713	0.677138714355	0.535524407927	0.695988400193	0.514258095698	0.498791686805	0.58095698405	0.548090865152	0.62493958434	0.607056549058	0.763170613823	0.659255679072	0.580473658772	0.546157564041	0.532141130981	0.748187530208	0.53939101015	0.480425326245	0.440792653456	0.512808119865	0.487675205413	0.77090381827	0.520541324311	0.471242145964	0.461575640406	0.0	0.325761237313	0.546640889319	0.514258095698	0.516674722088	0.555340744321	0.744804253262	0.658289028516	0.54857419043	0.564040599323	0.553890768487	0.647172547124	0.587723537941	0.676172063799	0.629289511841	0.579023682939	0.582890285162	0.582890285162	0.750604156597	0.677622039633	0.732237796037	0.706621556307	0.673755437409	0.709521507975	0.62735621073	0.606089898502	0.616239729338	0.626389560174	0.618173030449	0.709038182697	0.626872885452	0.70130497825	0.587240212663	0.661672305462
AG8	0.573707104882	0.604639922668	0.845819236346	0.579507008217	0.690188496858	0.564040599323	0.688255195747	0.555824069599	0.555824069599	0.593523441276	0.600773320445	0.632672788787	0.614306428226	0.750120831319	0.667955534074	0.590140164331	0.593040115998	0.573707104882	0.693571773804	0.51377477042	0.49299178347	0.489125181247	0.578057032383	0.548090865152	0.767520541324	0.51377477042	0.530691155147	0.508458192363	0.325761237313	0.0	0.579990333494	0.554857419043	0.570807153214	0.585790236829	0.757854035766	0.676655389077	0.591590140164	0.576123731271	0.593523441276	0.653455775737	0.593523441276	0.686321894635	0.643305944901	0.588206863219	0.599323344611	0.603189946834	0.760270662156	0.686321894635	0.739487675205	0.71532141131	0.687771870469	0.724987916868	0.639439342678	0.612373127115	0.623972933784	0.637506041566	0.630739487675	0.717738037699	0.636056065732	0.709038182697	0.599323344611	0.670372160464
AH7	0.593040115998	0.625422909618	0.955534074432	0.688255195747	0.70372160464	0.576123731271	0.724987916868	0.541324311261	0.553890768487	0.639922667956	0.526824552924	0.653939101015	0.629772837119	0.880135331078	0.686805219913	0.592073465442	0.519091348478	0.461575640406	0.878202029966	0.720637989367	0.563073948768	0.524407926535	0.511358144031	0.496375060416	0.839052682455	0.591106814886	0.48622522958	0.506041565974	0.546640889319	0.579990333494	0.0	0.32866118898	0.574190430159	0.612373127115	0.778153697438	0.718221362977	0.567907201547	0.644755920735	0.601256645723	0.674238762687	0.623972933784	0.773320444659	0.737071048816	0.652972450459	0.62735621073	0.628322861286	0.765103914935	0.719188013533	0.764620589657	0.725471242146	0.700821652972	0.735137747704	0.64572257129	0.624456259062	0.630256162397	0.6389560174	0.619623006283	0.731271145481	0.62735621073	0.728854519091	0.608023199613	0.700821652972
AH8	0.559690671822	0.586756887385	0.955050749154	0.653455775737	0.667472208797	0.517641372644	0.689221846303	0.496858385694	0.500724987917	0.589656839053	0.48622522958	0.614789753504	0.575640405993	0.869985500242	0.641855969067	0.550507491542	0.425326244563	0.366360560657	0.895601739971	0.728371193813	0.539874335428	0.482841952634	0.476558724021	0.468342194297	0.844369260512	0.576123731271	0.469308844853	0.462542290962	0.514258095698	0.554857419043	0.32866118898	0.0	0.504108264862	0.554374093765	0.749154180764	0.676655389077	0.525857902368	0.593523441276	0.544707588207	0.631222812953	0.576123731271	0.730304494925	0.686805219913	0.605123247946	0.577090381827	0.576123731271	0.708071532141	0.665538907685	0.72450459159	0.676655389077	0.641372643789	0.679555340744	0.585306911551	0.569840502658	0.587723537941	0.587723537941	0.568873852102	0.670372160464	0.581923634606	0.688738521025	0.54857419043	0.649589173514
AA5	0.608989850169	0.48380860319	0.960850652489	0.657805703238	0.602223296278	0.456742387627	0.628806186564	0.423876268729	0.414693088449	0.519091348478	0.44224262929	0.536007733204	0.514741420976	0.869985500242	0.534557757371	0.555340744321	0.446109231513	0.435476075399	0.923151280812	0.753020782987	0.551474142098	0.472692121798	0.496858385694	0.514258095698	0.892218463026	0.603189946834	0.440792653456	0.452875785404	0.516674722088	0.570807153214	0.574190430159	0.504108264862	0.0	0.347510874819	0.690188496858	0.585306911551	0.492025132914	0.463992266796	0.463992266796	0.558240695988	0.466408893185	0.62735621073	0.590140164331	0.476075398743	0.517158047366	0.484775253746	0.695505074915	0.641372643789	0.662155630739	0.64572257129	0.640405993233	0.6805219913	0.548090865152	0.551957467376	0.56259062349	0.556790720155	0.527307878202	0.666505558241	0.545674238763	0.643305944901	0.511841469309	0.611889801837
AA6	0.607056549058	0.492025132914	0.966167230546	0.670372160464	0.623489608507	0.473658772354	0.647655872402	0.446592556791	0.459642339294	0.533107781537	0.487191880135	0.557274045433	0.525857902368	0.874335427743	0.565490575157	0.558724021266	0.490091831803	0.490091831803	0.938134364427	0.764137264379	0.598840019333	0.519574673755	0.544224262929	0.544224262929	0.906718221363	0.617206379894	0.4813919768	0.506041565974	0.555340744321	0.585790236829	0.612373127115	0.554374093765	0.347510874819	0.0	0.6805219913	0.572257129048	0.509908168197	0.48380860319	0.473658772354	0.579990333494	0.485741904302	0.65973900435	0.622522957951	0.518124697922	0.443692605123	0.415176413726	0.689221846303	0.632189463509	0.657805703238	0.642339294345	0.633156114065	0.670372160464	0.546640889319	0.547607539874	0.555340744321	0.560657322378	0.539874335428	0.659255679072	0.556307394877	0.636056065732	0.532141130981	0.605123247946
AB5	0.749154180764	0.663122281295	0.978250362494	0.736587723538	0.632189463509	0.645239246013	0.748670855486	0.663605606573	0.665538907685	0.687771870469	0.66892218463	0.598356694055	0.671822136298	0.893185113581	0.711938134364	0.704688255196	0.710488158531	0.711454809087	0.938617689705	0.809569840503	0.799903334944	0.731754470759	0.746737554374	0.74770420493	0.931367810536	0.763170613823	0.691155147414	0.706138231029	0.744804253262	0.757854035766	0.778153697438	0.749154180764	0.690188496858	0.6805219913	0.0	0.332044465926	0.626389560174	0.666505558241	0.630256162397	0.642339294345	0.619139681005	0.750120831319	0.740937651039	0.655389076849	0.629289511841	0.623489608507	0.624456259062	0.618656355727	0.627839536008	0.608506524891	0.620106331561	0.61333977767	0.603673272112	0.611406476559	0.611889801837	0.61333977767	0.67133881102	0.606089898502	0.661672305462	0.608989850169	0.675688738521	0.613823102948
AB6	0.679555340744	0.580473658772	0.969550507492	0.680038666022	0.59255679072	0.555824069599	0.670372160464	0.56935717738	0.580473658772	0.605123247946	0.599806669889	0.51377477042	0.606089898502	0.882551957467	0.63653939101	0.62493958434	0.643789270179	0.643789270179	0.933784436926	0.7593040116	0.726437892702	0.653939101015	0.667955534074	0.670855485742	0.919768003867	0.698405026583	0.611406476559	0.634122764621	0.658289028516	0.676655389077	0.718221362977	0.676655389077	0.585306911551	0.572257129048	0.332044465926	0.0	0.558240695988	0.565007249879	0.553407443209	0.559207346544	0.537457709038	0.66892218463	0.65732237796	0.533107781537	0.541807636539	0.531657805703	0.608506524891	0.552440792653	0.584340260996	0.5601739971	0.55775737071	0.581923634606	0.520541324311	0.556307394877	0.560657322378	0.551957467376	0.58337361044	0.564040599323	0.58095698405	0.557274045433	0.612373127115	0.546640889319
AC5	0.621072982117	0.570807153214	0.977283711938	0.676172063799	0.6389560174	0.480908651522	0.688738521025	0.44224262929	0.447075882069	0.565973900435	0.440792653456	0.552924117931	0.553890768487	0.890768487192	0.635089415176	0.593523441276	0.489125181247	0.478008699855	0.951184146931	0.774287095215	0.623972933784	0.542290961817	0.510874818753	0.517158047366	0.918801353311	0.632189463509	0.46302561624	0.479942000967	0.54857419043	0.591590140164	0.567907201547	0.525857902368	0.492025132914	0.509908168197	0.626389560174	0.558240695988	0.0	0.446592556791	0.447559207347	0.609473175447	0.523924601257	0.722087965201	0.674238762687	0.561623972934	0.465925567907	0.468342194297	0.613823102948	0.562107298212	0.617206379894	0.583856935718	0.565490575157	0.605123247946	0.513291445143	0.487191880135	0.498308361527	0.511841469309	0.575157080715	0.585306911551	0.577090381827	0.58337361044	0.534557757371	0.550024166264
AC6	0.625422909618	0.516674722088	0.952634122765	0.661188980184	0.581923634606	0.499275012083	0.544707588207	0.475108748188	0.518124697922	0.449975833736	0.537457709038	0.533591106815	0.545190913485	0.859835669406	0.543257612373	0.577573707105	0.562107298212	0.561623972934	0.917351377477	0.743837602707	0.632189463509	0.565490575157	0.58095698405	0.58337361044	0.895118414693	0.599806669889	0.531657805703	0.538424359594	0.564040599323	0.576123731271	0.644755920735	0.593523441276	0.463992266796	0.48380860319	0.666505558241	0.565007249879	0.446592556791	0.0	0.511358144031	0.522957950701	0.484775253746	0.493958434026	0.448525857902	0.433542774287	0.546157564041	0.534557757371	0.673272112131	0.62493958434	0.651039149348	0.624456259062	0.624456259062	0.655872402127	0.568873852102	0.556790720155	0.576607056549	0.579507008217	0.55775737071	0.642339294345	0.564040599323	0.620106331561	0.553407443209	0.607056549058
AD6	0.610923151281	0.531174480425	0.977767037216	0.655872402127	0.583856935718	0.420976317061	0.639439342678	0.447075882069	0.426776220396	0.521507974867	0.436442725955	0.51619139681	0.522957950701	0.884001933301	0.591590140164	0.556790720155	0.490575157081	0.481875302078	0.955534074432	0.776703721605	0.602706621556	0.531174480425	0.537941034316	0.526824552924	0.919768003867	0.624456259062	0.486708554857	0.505558240696	0.553890768487	0.593523441276	0.601256645723	0.544707588207	0.463992266796	0.473658772354	0.630256162397	0.553407443209	0.447559207347	0.511358144031	0.0	0.549057515708	0.420492991783	0.707104881585	0.667472208797	0.539874335428	0.466408893185	0.465442242629	0.607056549058	0.553407443209	0.594490091832	0.563557274045	0.552924117931	0.592073465442	0.480908651522	0.464475592073	0.487675205413	0.479942000967	0.543740937651	0.58337361044	0.551474142098	0.568390526825	0.485258579024	0.533107781537
AE5	0.632189463509	0.520541324311	0.977767037216	0.648622522958	0.563557274045	0.547124214596	0.58337361044	0.550024166264	0.596423392943	0.517641372644	0.612373127115	0.49540840986	0.556790720155	0.881585306912	0.535524407927	0.57177380377	0.614306428226	0.606089898502	0.926534557757	0.753987433543	0.711454809087	0.640405993233	0.654422426293	0.642339294345	0.879168680522	0.652972450459	0.624456259062	0.623972933784	0.647172547124	0.653455775737	0.674238762687	0.631222812953	0.558240695988	0.579990333494	0.642339294345	0.559207346544	0.609473175447	0.522957950701	0.549057515708	0.0	0.350410826486	0.603673272112	0.579023682939	0.501691638473	0.625906234896	0.626872885452	0.652489125181	0.604639922668	0.621072982117	0.604639922668	0.616723054616	0.650072498792	0.544707588207	0.568873852102	0.594490091832	0.565490575157	0.550024166264	0.626389560174	0.55775737071	0.611406476559	0.581923634606	0.602223296278
AE6	0.607056549058	0.476558724021	0.977767037216	0.644272595457	0.566940550991	0.470758820686	0.585306911551	0.464475592073	0.515708071532	0.487191880135	0.521024649589	0.493475108748	0.510874818753	0.880618656356	0.541807636539	0.546640889319	0.537457709038	0.529724504592	0.938617689705	0.762687288545	0.644272595457	0.564523924601	0.586273562107	0.570807153214	0.904784920251	0.618173030449	0.523441275979	0.538907684872	0.587723537941	0.593523441276	0.623972933784	0.576123731271	0.466408893185	0.485741904302	0.619139681005	0.537457709038	0.523924601257	0.484775253746	0.420492991783	0.350410826486	0.0	0.64572257129	0.597390043499	0.4813919768	0.533107781537	0.531657805703	0.64572257129	0.590140164331	0.610439826003	0.597873368777	0.597873368777	0.636056065732	0.502658289029	0.494925084582	0.517641372644	0.514258095698	0.508458192363	0.619623006283	0.512324794587	0.595940067666	0.501208313195	0.573223779604
AF5	0.731271145481	0.642822619623	0.941034316095	0.685838569357	0.667955534074	0.691638472692	0.573707104882	0.652489125181	0.696471725471	0.585306911551	0.72450459159	0.638472692122	0.6805219913	0.84726921218	0.608023199613	0.677138714355	0.729821169647	0.734171097148	0.883035282745	0.72450459159	0.719188013533	0.686805219913	0.731754470759	0.727404543258	0.887868535524	0.702271628806	0.705654905752	0.695021749638	0.676172063799	0.686321894635	0.773320444659	0.730304494925	0.62735621073	0.65973900435	0.750120831319	0.66892218463	0.722087965201	0.493958434026	0.707104881585	0.603673272112	0.64572257129	0.0	0.279845335911	0.544707588207	0.732237796037	0.714838086032	0.766070565491	0.731754470759	0.741904301595	0.720637989367	0.732237796037	0.757854035766	0.702754954084	0.723054615756	0.736587723538	0.721121314645	0.682455292412	0.739487675205	0.685838569357	0.71532141131	0.721604639923	0.72450459159
AF6	0.69212179797	0.595940067666	0.937651039149	0.672788786854	0.655389076849	0.646205896568	0.53020782987	0.615273078782	0.658289028516	0.547124214596	0.684871918801	0.622522957951	0.637022716288	0.841469308845	0.57177380377	0.639922667956	0.690671822136	0.691155147414	0.874335427743	0.713388110198	0.682455292412	0.647655872402	0.694055099082	0.687771870469	0.878202029966	0.658772353794	0.666022232963	0.655389076849	0.629289511841	0.643305944901	0.737071048816	0.686805219913	0.590140164331	0.622522957951	0.740937651039	0.65732237796	0.674238762687	0.448525857902	0.667472208797	0.579023682939	0.597390043499	0.279845335911	0.0	0.499758337361	0.696955050749	0.673755437409	0.760753987434	0.720154664089	0.73610439826	0.707588206863	0.713388110198	0.750120831319	0.663605606573	0.685355244079	0.69453842436	0.685355244079	0.634122764621	0.727404543258	0.643789270179	0.702754954084	0.685838569357	0.70130497825
