	AA3	AA4	AB3	AB4	AC3	AC4	AD3	AD4	AE3	AE4	AF3	AF4	AG3	AG4	AH3	AH4	AA7	AA8	AB7	AB8	AC7	AC8	AD7	AD8	AE7	AE8	AF7	AF8	AG7	AG8	AH7	AH8	AA5	AA6	AB5	AB6	AC5	AC6	AD6	AE5	AE6	AF5	AF6	AG5	AH5	AH6	AA1	AA2	AB1	AB2	AC1	AC2	AD1	AD2	AE1	AE2	AF1	AF2	AG1	AG2	AH1	AH2
AA3	0.0	0.496375060416	0.930884485259	0.658772353794	0.654422426293	0.569840502658	0.685838569357	0.578057032383	0.568873852102	0.629772837119	0.608989850169	0.606089898502	0.587240212663	0.855969067182	0.64572257129	0.341710971484	0.570323827936	0.565007249879	0.869502174964	0.710488158531	0.619139681005	0.566940550991	0.596423392943	0.585306911551	0.83325277912	0.593040115998	0.577090381827	0.569840502658	0.576123731271	0.595940067666	0.59255679072	0.563557274045	0.592073465442	0.603189946834	0.752054132431	0.688255195747	0.609956500725	0.623006283229	0.594490091832	0.635572740454	0.590140164331	0.713871435476	0.695505074915	0.607539874335	0.633639439343	0.612373127115	0.686805219913	0.644755920735	0.711454809087	0.660222329628	0.644755920735	0.656355727405	0.561140647656	0.55775737071	0.565490575157	0.553890768487	0.581440309328	0.644272595457	0.582890285162	0.667472208797	0.578057032383	0.656839052682
AA4	0.496375060416	0.0	0.945384243596	0.591590140164	0.575640405993	0.503624939584	0.596906718221	0.502174963751	0.512324794587	0.518124697922	0.567423876269	0.522474625423	0.492025132914	0.864185596907	0.383276945384	0.369260512325	0.544224262929	0.549057515708	0.894635089415	0.727887868536	0.663122281295	0.580473658772	0.590623489609	0.594490091832	0.880618656356	0.638472692122	0.561623972934	0.551474142098	0.608989850169	0.622522957951	0.634606089899	0.582890285162	0.510391493475	0.526824552924	0.658772353794	0.588690188497	0.574190430159	0.523441275979	0.544224262929	0.538424359594	0.503141614306	0.633156114065	0.597873368777	0.510391493475	0.590140164331	0.574190430159	0.658289028516	0.599323344611	0.635572740454	0.600773320445	0.61333977767	0.624456259062	0.53020782987	0.530691155147	0.541324311261	0.51619139681	0.511358144031	0.610923151281	0.512808119865	0.602223296278	0.528757854036	0.594490091832
AB3	0.930884485259	0.945384243596	0.0	0.667955534074	0.912518124698	0.946350894152	0.953117448043	0.937167713871	0.927984533591	0.947800869986	0.966167230546	0.929434509425	0.963267278879	0.330594490092	0.9584340261	0.936684388594	0.968583856936	0.967133881102	0.734654422426	0.754470758821	0.887385210246	0.91203479942	0.959400676655	0.95601739971	0.848719188014	0.889318511358	0.942967617206	0.929917834703	0.843402609957	0.820202996617	0.953117448043	0.955050749154	0.955050749154	0.960367327211	0.971967133881	0.963750604157	0.973417109715	0.955534074432	0.970517158047	0.971967133881	0.971000483325	0.930884485259	0.926534557757	0.946350894152	0.975833736104	0.970517158047	0.970517158047	0.970033832769	0.970517158047	0.970517158047	0.970517158047	0.96761720638	0.973417109715	0.971483808603	0.97680038666	0.970517158047	0.970033832769	0.968100531658	0.968100531658	0.970517158047	0.970517158047	0.969067182214
AB4	0.658772353794	0.591590140164	0.667955534074	0.0	0.64572257129	0.616723054616	0.692605123248	0.614789753504	0.61575640406	0.630256162397	0.655872402127	0.615273078782	0.50700821653	0.561140647656	0.618656355727	0.598840019333	0.64813919768	0.649105848236	0.741420976317	0.581440309328	0.669888835186	0.644755920735	0.675688738521	0.676655389077	0.804736587724	0.660222329628	0.664088931851	0.652005799903	0.584340260996	0.589173513775	0.710004833253	0.673755437409	0.647172547124	0.660222329628	0.73368777187	0.678588690188	0.655389076849	0.647172547124	0.644272595457	0.651522474625	0.647172547124	0.676172063799	0.661188980184	0.627839536008	0.697438376027	0.6805219913	0.709038182697	0.667955534074	0.698888351861	0.668438859352	0.686805219913	0.673755437409	0.64572257129	0.650072498792	0.668438859352	0.647655872402	0.654422426293	0.664088931851	0.654905751571	0.666505558241	0.662155630739	0.673755437409
AC3	0.654422426293	0.575640405993	0.912518124698	0.64572257129	0.0	0.501691638473	0.649589173514	0.536007733204	0.561140647656	0.586756887385	0.61333977767	0.342194296762	0.609473175447	0.835186080232	0.619139681005	0.596423392943	0.615273078782	0.620106331561	0.866602223296	0.742387626873	0.72450459159	0.685355244079	0.724021266312	0.723537941034	0.830836152731	0.691155147414	0.666022232963	0.669405509908	0.695021749638	0.683905268246	0.704688255196	0.667955534074	0.601739971	0.628322861286	0.619623006283	0.584340260996	0.625906234896	0.576123731271	0.585790236829	0.559207346544	0.57177380377	0.664572257129	0.644755920735	0.553890768487	0.652005799903	0.643789270179	0.604639922668	0.600289995167	0.601256645723	0.584340260996	0.610439826003	0.598356694055	0.547124214596	0.572740454326	0.588206863219	0.58095698405	0.610439826003	0.582406959884	0.626389560174	0.596423392943	0.621556307395	0.605123247946
AC4	0.569840502658	0.503624939584	0.946350894152	0.616723054616	0.501691638473	0.0	0.637022716288	0.40502658289	0.403093281779	0.512324794587	0.337361043983	0.415659739004	0.506041565974	0.867568873852	0.577573707105	0.519574673755	0.465442242629	0.457225712905	0.918801353311	0.750604156597	0.576607056549	0.520541324311	0.524407926535	0.517158047366	0.883518608023	0.567907201547	0.484291928468	0.493958434026	0.533107781537	0.568390526825	0.564040599323	0.514258095698	0.446592556791	0.477042049299	0.65055582407	0.58095698405	0.464958917351	0.520541324311	0.419526341228	0.558240695988	0.479942000967	0.690671822136	0.660705654906	0.507491541808	0.52537457709	0.479458675689	0.653455775737	0.596906718221	0.618656355727	0.58337361044	0.59497341711	0.608023199613	0.488641855969	0.502174963751	0.518124697922	0.497825036249	0.531657805703	0.597390043499	0.550507491542	0.585790236829	0.477525374577	0.587723537941
AD3	0.685838569357	0.596906718221	0.953117448043	0.692605123248	0.649589173514	0.637022716288	0.0	0.55099081682	0.652489125181	0.361527307878	0.683421942968	0.622522957951	0.65732237796	0.872402126631	0.576607056549	0.651039149348	0.700338327695	0.702271628806	0.938134364427	0.772837119381	0.72450459159	0.70372160464	0.707588206863	0.706138231029	0.917834702755	0.699371677139	0.716771387144	0.70372160464	0.702271628806	0.700821652972	0.729337844369	0.697438376027	0.6389560174	0.664572257129	0.751570807153	0.6805219913	0.688255195747	0.551474142098	0.642822619623	0.596423392943	0.588690188497	0.552924117931	0.532141130981	0.561623972934	0.71290478492	0.693571773804	0.768970517158	0.722087965201	0.734171097148	0.723054615756	0.716771387144	0.739004349928	0.665538907685	0.675688738521	0.677622039633	0.674238762687	0.640405993233	0.716771387144	0.646689221846	0.716771387144	0.700821652972	0.714354760754
AD4	0.578057032383	0.502174963751	0.937167713871	0.614789753504	0.536007733204	0.40502658289	0.55099081682	0.0	0.314161430643	0.415659739004	0.427742870952	0.46979217013	0.521507974867	0.860318994683	0.558724021266	0.515224746254	0.455775737071	0.46060898985	0.929434509425	0.755920734654	0.574673755437	0.50700821653	0.503141614306	0.504108264862	0.893185113581	0.577090381827	0.455292411793	0.466408893185	0.50459159014	0.558724021266	0.544707588207	0.491058482359	0.412759787337	0.456259062349	0.6389560174	0.549057515708	0.436926051232	0.484291928468	0.41904301595	0.568873852102	0.472692121798	0.655872402127	0.622039632673	0.484291928468	0.507974867086	0.455292411793	0.647655872402	0.596423392943	0.61575640406	0.598356694055	0.603189946834	0.614306428226	0.482358627356	0.501208313195	0.513291445143	0.506524891252	0.53020782987	0.603673272112	0.552440792653	0.593040115998	0.509424842919	0.590140164331
AE3	0.568873852102	0.512324794587	0.927984533591	0.61575640406	0.561140647656	0.403093281779	0.652489125181	0.314161430643	0.0	0.519091348478	0.402609956501	0.493475108748	0.507974867086	0.859352344128	0.563073948768	0.516674722088	0.432576123731	0.441759304012	0.924117931368	0.752537457709	0.552924117931	0.478492025133	0.489608506525	0.500241662639	0.887868535524	0.571290478492	0.448525857902	0.458192363461	0.497825036249	0.548090865152	0.556307394877	0.488641855969	0.408409859836	0.449492508458	0.661672305462	0.589656839053	0.441759304012	0.519574673755	0.427742870952	0.608023199613	0.513291445143	0.697438376027	0.666505558241	0.517158047366	0.501691638473	0.456259062349	0.653455775737	0.597390043499	0.625906234896	0.609473175447	0.602706621556	0.620589656839	0.492508458192	0.515224746254	0.522474625423	0.510874818753	0.543740937651	0.609473175447	0.553407443209	0.601256645723	0.479458675689	0.598840019333
AE4	0.629772837119	0.518124697922	0.947800869986	0.630256162397	0.586756887385	0.512324794587	0.361527307878	0.415659739004	0.519091348478	0.0	0.569840502658	0.541324311261	0.578057032383	0.867085548574	0.538424359594	0.574190430159	0.585790236829	0.586756887385	0.93523441276	0.763653939101	0.655872402127	0.595940067666	0.600773320445	0.60657322378	0.910101498308	0.62735621073	0.595456742388	0.586756887385	0.600773320445	0.600289995167	0.646205896568	0.598840019333	0.526341227646	0.557274045433	0.686805219913	0.613823102948	0.568390526825	0.46302561624	0.530691155147	0.540840985984	0.492508458192	0.582890285162	0.555340744321	0.487675205413	0.599323344611	0.58337361044	0.707588206863	0.65973900435	0.681488641856	0.665055582407	0.665055582407	0.67133881102	0.589656839053	0.58337361044	0.585790236829	0.585790236829	0.568873852102	0.65732237796	0.578540357661	0.658772353794	0.580473658772	0.657805703238
AF3	0.608989850169	0.567423876269	0.966167230546	0.655872402127	0.61333977767	0.337361043983	0.683421942968	0.427742870952	0.402609956501	0.569840502658	0.0	0.522957950701	0.537941034316	0.888351860802	0.61333977767	0.56935717738	0.452392460126	0.429676172064	0.95360077332	0.790236829386	0.592073465442	0.542774287095	0.454325761237	0.460125664572	0.915901401643	0.602706621556	0.443692605123	0.494441759304	0.537941034316	0.601256645723	0.526341227646	0.512808119865	0.430159497342	0.493475108748	0.676655389077	0.613823102948	0.423876268729	0.550507491542	0.4398260029	0.619139681005	0.53697438376	0.72450459159	0.696471725471	0.542290961817	0.524407926535	0.478975350411	0.668438859352	0.61575640406	0.655389076849	0.614789753504	0.617206379894	0.631706138231	0.521991300145	0.520057999033	0.537457709038	0.525857902368	0.572740454326	0.622522957951	0.584340260996	0.609956500725	0.502658289029	0.603189946834
AF4	0.606089898502	0.522474625423	0.929434509425	0.615273078782	0.342194296762	0.415659739004	0.622522957951	0.46979217013	0.493475108748	0.541324311261	0.522957950701	0.0	0.556790720155	0.853069115515	0.568873852102	0.53939101015	0.565973900435	0.569840502658	0.886901884969	0.721121314645	0.691638472692	0.635089415176	0.663122281295	0.662155630739	0.848719188014	0.636056065732	0.605606573224	0.611889801837	0.639922667956	0.629772837119	0.665055582407	0.622522957951	0.546157564041	0.568873852102	0.598356694055	0.518124697922	0.555340744321	0.543740937651	0.517641372644	0.521024649589	0.507974867086	0.642822619623	0.627839536008	0.517158047366	0.570807153214	0.560657322378	0.59255679072	0.53697438376	0.570323827936	0.535524407927	0.552924117931	0.552924117931	0.478008699855	0.508458192363	0.5186080232	0.535041082649	0.55775737071	0.538907684872	0.573707104882	0.532624456259	0.561623972934	0.531657805703
AG3	0.587240212663	0.492025132914	0.963267278879	0.50700821653	0.609473175447	0.506041565974	0.65732237796	0.521507974867	0.507974867086	0.578057032383	0.537941034316	0.556790720155	0.0	0.851135814403	0.542290961817	0.5186080232	0.503624939584	0.511841469309	0.926051232479	0.757854035766	0.677138714355	0.607539874335	0.59497341711	0.607539874335	0.889801836636	0.643305944901	0.559207346544	0.566940550991	0.618656355727	0.62493958434	0.640889318511	0.573223779604	0.528274528758	0.522474625423	0.664572257129	0.610439826003	0.542290961817	0.551474142098	0.521024649589	0.581923634606	0.529724504592	0.687771870469	0.651522474625	0.534074432093	0.56935717738	0.560657322378	0.620589656839	0.575640405993	0.621556307395	0.600289995167	0.589656839053	0.587240212663	0.508458192363	0.515708071532	0.538907684872	0.500241662639	0.551474142098	0.586756887385	0.556790720155	0.600773320445	0.508941517641	0.586756887385
AG4	0.855969067182	0.864185596907	0.330594490092	0.561140647656	0.835186080232	0.867568873852	0.872402126631	0.860318994683	0.859352344128	0.867085548574	0.888351860802	0.853069115515	0.851135814403	0.0	0.878202029966	0.855969067182	0.893668438859	0.894635089415	0.712421459642	0.688255195747	0.817786370227	0.838086031899	0.884485258579	0.882551957467	0.824552924118	0.818753020783	0.871435476075	0.854519091348	0.775737071049	0.753020782987	0.881585306912	0.87723537941	0.880135331078	0.884001933301	0.898501691638	0.889801836636	0.893668438859	0.870952150797	0.889801836636	0.88883518608	0.888351860802	0.850652489125	0.848235862736	0.869502174964	0.901884968584	0.895601739971	0.890768487192	0.892218463026	0.895118414693	0.891735137748	0.898501691638	0.890768487192	0.898985016916	0.894635089415	0.900918318028	0.898985016916	0.897535041083	0.890285161914	0.892218463026	0.89125181247	0.896568390527	0.896085065249
AH3	0.64572257129	0.383276945384	0.9584340261	0.618656355727	0.619139681005	0.577573707105	0.576607056549	0.558724021266	0.563073948768	0.538424359594	0.61333977767	0.568873852102	0.542290961817	0.878202029966	0.0	0.524407926535	0.60415659739	0.611406476559	0.930401159981	0.769937167714	0.705654905752	0.637989366844	0.628806186564	0.639922667956	0.905268245529	0.687288545191	0.644272595457	0.634606089899	0.656355727405	0.659255679072	0.68970517158	0.624456259062	0.558240695988	0.593040115998	0.71532141131	0.645239246013	0.627839536008	0.551957467376	0.593523441276	0.56935717738	0.565007249879	0.609473175447	0.565973900435	0.547124214596	0.64813919768	0.635089415176	0.706621556307	0.640889318511	0.669888835186	0.655872402127	0.65732237796	0.666988883519	0.595940067666	0.595456742388	0.604639922668	0.588690188497	0.567907201547	0.660222329628	0.565007249879	0.647172547124	0.589173513775	0.635089415176
AH4	0.341710971484	0.369260512325	0.936684388594	0.598840019333	0.596423392943	0.519574673755	0.651039149348	0.515224746254	0.516674722088	0.574190430159	0.56935717738	0.53939101015	0.5186080232	0.855969067182	0.524407926535	0.0	0.528274528758	0.535041082649	0.880135331078	0.718704688255	0.641855969067	0.568873852102	0.584340260996	0.577573707105	0.849202513291	0.605123247946	0.551474142098	0.546640889319	0.58337361044	0.599806669889	0.602223296278	0.550507491542	0.542774287095	0.5601739971	0.688255195747	0.633156114065	0.574673755437	0.578540357661	0.544224262929	0.571290478492	0.530691155147	0.687288545191	0.651522474625	0.552924117931	0.597873368777	0.576123731271	0.653939101015	0.601739971	0.662638956017	0.604639922668	0.605123247946	0.614306428226	0.524407926535	0.528757854036	0.541324311261	0.509424842919	0.511358144031	0.601256645723	0.507974867086	0.605123247946	0.535524407927	0.601739971
AA7	0.570323827936	0.544224262929	0.968583856936	0.64813919768	0.615273078782	0.465442242629	0.700338327695	0.455775737071	0.432576123731	0.585790236829	0.452392460126	0.565973900435	0.503624939584	0.893668438859	0.60415659739	0.528274528758	0.0	0.290478492025	0.922667955534	0.762687288545	0.589173513775	0.519091348478	0.4813919768	0.485258579024	0.870952150797	0.581440309328	0.455292411793	0.453842435959	0.528757854036	0.581440309328	0.519574673755	0.412276462059	0.413726437893	0.478975350411	0.705654905752	0.652489125181	0.473658772354	0.5601739971	0.477042049299	0.610439826003	0.537457709038	0.729337844369	0.691638472692	0.55775737071	0.550507491542	0.502658289029	0.667472208797	0.606089898502	0.664572257129	0.633639439343	0.602706621556	0.617689705172	0.502658289029	0.514741420976	0.526824552924	0.501208313195	0.537457709038	0.608989850169	0.540840985984	0.63653939101	0.482841952634	0.614306428226
AA8	0.565007249879	0.549057515708	0.967133881102	0.649105848236	0.620106331561	0.457225712905	0.702271628806	0.46060898985	0.441759304012	0.586756887385	0.429676172064	0.569840502658	0.511841469309	0.894635089415	0.611406476559	0.535041082649	0.290478492025	0.0	0.92363460609	0.760753987434	0.58337361044	0.511841469309	0.458192363461	0.465925567907	0.869502174964	0.574190430159	0.431126147898	0.452392460126	0.52537457709	0.579990333494	0.468342194297	0.377477042049	0.430159497342	0.500724987917	0.710488158531	0.655389076849	0.458192363461	0.567423876269	0.482358627356	0.619139681005	0.541807636539	0.739004349928	0.697921701305	0.565490575157	0.542774287095	0.497825036249	0.662638956017	0.601739971	0.672788786854	0.631706138231	0.596906718221	0.614789753504	0.499275012083	0.506524891252	0.520057999033	0.496858385694	0.542774287095	0.603189946834	0.543740937651	0.634606089899	0.479942000967	0.608023199613
AB7	0.869502174964	0.894635089415	0.734654422426	0.741420976317	0.866602223296	0.918801353311	0.938134364427	0.929434509425	0.924117931368	0.93523441276	0.95360077332	0.886901884969	0.926051232479	0.712421459642	0.930401159981	0.880135331078	0.922667955534	0.92363460609	0.0	0.410343160947	0.813436442726	0.841952634123	0.933784436926	0.921701304978	0.734654422426	0.812953117448	0.897535041083	0.871435476075	0.735137747704	0.69453842436	0.881101981634	0.901401643306	0.926534557757	0.93281778637	0.942484291928	0.937651039149	0.949734171097	0.921701304978	0.94683421943	0.930401159981	0.93281778637	0.871918801353	0.878202029966	0.907684871919	0.955050749154	0.954567423876	0.924117931368	0.922667955534	0.943450942484	0.93281778637	0.927017883035	0.917351377477	0.919284678589	0.91445142581	0.918801353311	0.917834702755	0.920734654422	0.915901401643	0.921701304978	0.932334461092	0.951184146931	0.930884485259
AB8	0.710488158531	0.727887868536	0.754470758821	0.581440309328	0.742387626873	0.750604156597	0.772837119381	0.755920734654	0.752537457709	0.763653939101	0.790236829386	0.721121314645	0.757854035766	0.688255195747	0.769937167714	0.718704688255	0.762687288545	0.760753987434	0.410343160947	0.0	0.653939101015	0.671822136298	0.759787336878	0.741904301595	0.740454325761	0.660705654906	0.721121314645	0.693571773804	0.539874335428	0.526824552924	0.732721121315	0.740937651039	0.757854035766	0.761720637989	0.815853069116	0.773320444659	0.778637022716	0.74770420493	0.768970517158	0.753504108265	0.752537457709	0.714354760754	0.718221362977	0.737071048816	0.789753504108	0.783470275495	0.811019816336	0.760753987434	0.80328661189	0.775253745771	0.772353794103	0.779603673272	0.762687288545	0.75688738521	0.762203963267	0.760270662156	0.754470758821	0.771870468826	0.758337361044	0.768970517158	0.772837119381	0.761720637989
AC7	0.619139681005	0.663122281295	0.887385210246	0.669888835186	0.72450459159	0.576607056549	0.72450459159	0.574673755437	0.552924117931	0.655872402127	0.592073465442	0.691638472692	0.677138714355	0.817786370227	0.705654905752	0.641855969067	0.589173513775	0.58337361044	0.813436442726	0.653939101015	0.0	0.366360560657	0.565490575157	0.565973900435	0.82165297245	0.574190430159	0.549540840986	0.508941517641	0.453359110681	0.508458192363	0.564523924601	0.556307394877	0.561140647656	0.60657322378	0.810053165781	0.746254229096	0.621556307395	0.643789270179	0.607539874335	0.728854519091	0.663605606573	0.717738037699	0.692605123248	0.643305944901	0.651039149348	0.601256645723	0.825519574674	0.764137264379	0.8008699855	0.779120347994	0.757854035766	0.775253745771	0.667955534074	0.67133881102	0.6805219913	0.664088931851	0.671822136298	0.772353794103	0.674238762687	0.766553890768	0.616239729338	0.762687288545
AC8	0.566940550991	0.580473658772	0.91203479942	0.644755920735	0.685355244079	0.520541324311	0.70372160464	0.50700821653	0.478492025133	0.595940067666	0.542774287095	0.635089415176	0.607539874335	0.838086031899	0.637989366844	0.568873852102	0.519091348478	0.511841469309	0.841952634123	0.671822136298	0.366360560657	0.0	0.48380860319	0.487675205413	0.840019333011	0.535524407927	0.420492991783	0.376510391493	0.447075882069	0.477525374577	0.530691155147	0.481875302078	0.490575157081	0.530691155147	0.743354277429	0.677622039633	0.552924117931	0.578057032383	0.547607539874	0.653455775737	0.589656839053	0.684388593523	0.646205896568	0.581440309328	0.579507008217	0.535524407927	0.743354277429	0.68293861769	0.728371193813	0.710971483809	0.685838569357	0.693088448526	0.596423392943	0.595456742388	0.605606573224	0.583856935718	0.590140164331	0.689221846303	0.584340260996	0.700821652972	0.537457709038	0.681005316578
AD7	0.596423392943	0.590623489609	0.959400676655	0.675688738521	0.724021266312	0.524407926535	0.707588206863	0.503141614306	0.489608506525	0.600773320445	0.454325761237	0.663122281295	0.59497341711	0.884485258579	0.628806186564	0.584340260996	0.4813919768	0.458192363461	0.933784436926	0.759787336878	0.565490575157	0.48380860319	0.0	0.279845335911	0.899468342194	0.510874818753	0.416143064282	0.452875785404	0.501208313195	0.563073948768	0.510391493475	0.475108748188	0.462542290962	0.528274528758	0.758337361044	0.686805219913	0.507974867086	0.587240212663	0.540840985984	0.662155630739	0.596423392943	0.722571290478	0.689221846303	0.594490091832	0.574190430159	0.535041082649	0.755920734654	0.693088448526	0.741904301595	0.713871435476	0.688255195747	0.701788303528	0.600773320445	0.607056549058	0.612373127115	0.597390043499	0.589173513775	0.698888351861	0.586756887385	0.703238279362	0.549540840986	0.693088448526
AD8	0.585306911551	0.594490091832	0.95601739971	0.676655389077	0.723537941034	0.517158047366	0.706138231029	0.504108264862	0.500241662639	0.60657322378	0.460125664572	0.662155630739	0.607539874335	0.882551957467	0.639922667956	0.577573707105	0.485258579024	0.465925567907	0.921701304978	0.741904301595	0.565973900435	0.487675205413	0.279845335911	0.0	0.865152247463	0.483325277912	0.399710004833	0.454809086515	0.480908651522	0.53939101015	0.496858385694	0.473175447076	0.48380860319	0.540357660706	0.757370710488	0.687771870469	0.503624939584	0.593040115998	0.538907684872	0.655872402127	0.593040115998	0.722087965201	0.689221846303	0.593040115998	0.578057032383	0.536007733204	0.753504108265	0.687288545191	0.742870952151	0.713388110198	0.68970517158	0.698888351861	0.603189946834	0.60415659739	0.608989850169	0.598356694055	0.596906718221	0.695505074915	0.600289995167	0.701788303528	0.556790720155	0.69453842436
AE7	0.83325277912	0.880618656356	0.848719188014	0.804736587724	0.830836152731	0.883518608023	0.917834702755	0.893185113581	0.887868535524	0.910101498308	0.915901401643	0.848719188014	0.889801836636	0.824552924118	0.905268245529	0.849202513291	0.870952150797	0.869502174964	0.734654422426	0.740454325761	0.82165297245	0.840019333011	0.899468342194	0.865152247463	0.0	0.545674238763	0.875785403577	0.852102464959	0.769453842436	0.757854035766	0.837602706622	0.849202513291	0.901401643306	0.906234896085	0.929434509425	0.918318028033	0.917351377477	0.901401643306	0.917351377477	0.876268728855	0.896085065249	0.875785403577	0.875785403577	0.870952150797	0.937651039149	0.927017883035	0.887868535524	0.899468342194	0.917834702755	0.903818269696	0.901401643306	0.895118414693	0.895118414693	0.889801836636	0.899468342194	0.88883518608	0.906718221363	0.886418559691	0.901401643306	0.906234896085	0.913484775254	0.907684871919
AE8	0.593040115998	0.638472692122	0.889318511358	0.660222329628	0.691155147414	0.567907201547	0.699371677139	0.577090381827	0.571290478492	0.62735621073	0.602706621556	0.636056065732	0.643305944901	0.818753020783	0.687288545191	0.605123247946	0.581440309328	0.574190430159	0.812953117448	0.660705654906	0.574190430159	0.535524407927	0.510874818753	0.483325277912	0.545674238763	0.0	0.561623972934	0.541807636539	0.500724987917	0.507491541808	0.55775737071	0.546157564041	0.590623489609	0.593523441276	0.77090381827	0.710488158531	0.607539874335	0.607056549058	0.608023199613	0.655872402127	0.620589656839	0.692605123248	0.666505558241	0.607056549058	0.640889318511	0.611889801837	0.7593040116	0.711938134364	0.763653939101	0.725954567424	0.704204929918	0.725954567424	0.645239246013	0.629289511841	0.640405993233	0.637022716288	0.64813919768	0.705654905752	0.651522474625	0.717738037699	0.617206379894	0.703238279362
AF7	0.577090381827	0.561623972934	0.942967617206	0.664088931851	0.666022232963	0.484291928468	0.716771387144	0.455292411793	0.448525857902	0.595456742388	0.443692605123	0.605606573224	0.559207346544	0.871435476075	0.644272595457	0.551474142098	0.455292411793	0.431126147898	0.897535041083	0.721121314645	0.549540840986	0.420492991783	0.416143064282	0.399710004833	0.875785403577	0.561623972934	0.0	0.320444659256	0.484291928468	0.531657805703	0.482358627356	0.480908651522	0.438376027066	0.497341710971	0.705171580474	0.637989366844	0.463992266796	0.535041082649	0.499758337361	0.62735621073	0.538424359594	0.711938134364	0.678588690188	0.549057515708	0.541807636539	0.505558240696	0.687288545191	0.634606089899	0.687771870469	0.661672305462	0.633639439343	0.643305944901	0.55099081682	0.552924117931	0.565007249879	0.542290961817	0.561623972934	0.640405993233	0.568873852102	0.652972450459	0.494925084582	0.635572740454
AF8	0.569840502658	0.551474142098	0.929917834703	0.652005799903	0.669405509908	0.493958434026	0.70372160464	0.466408893185	0.458192363461	0.586756887385	0.494441759304	0.611889801837	0.566940550991	0.854519091348	0.634606089899	0.546640889319	0.453842435959	0.452392460126	0.871435476075	0.693571773804	0.508941517641	0.376510391493	0.452875785404	0.454809086515	0.852102464959	0.541807636539	0.320444659256	0.0	0.460125664572	0.507491541808	0.503141614306	0.458675688739	0.436442725955	0.504108264862	0.715804736588	0.653455775737	0.490091831803	0.545190913485	0.511358144031	0.617689705172	0.545674238763	0.690671822136	0.655872402127	0.546640889319	0.556307394877	0.51619139681	0.696471725471	0.637989366844	0.693088448526	0.676172063799	0.647172547124	0.654422426293	0.550024166264	0.554374093765	0.568873852102	0.546640889319	0.552440792653	0.646689221846	0.554857419043	0.662638956017	0.494441759304	0.643789270179
AG7	0.576123731271	0.608989850169	0.843402609957	0.584340260996	0.695021749638	0.533107781537	0.702271628806	0.50459159014	0.497825036249	0.600773320445	0.537941034316	0.639922667956	0.618656355727	0.775737071049	0.656355727405	0.58337361044	0.528757854036	0.52537457709	0.735137747704	0.539874335428	0.453359110681	0.447075882069	0.501208313195	0.480908651522	0.769453842436	0.500724987917	0.484291928468	0.460125664572	0.0	0.318028032866	0.528757854036	0.505558240696	0.507974867086	0.562107298212	0.770420492992	0.699371677139	0.540357660706	0.59255679072	0.553407443209	0.666505558241	0.59255679072	0.676172063799	0.644755920735	0.576123731271	0.607539874335	0.568390526825	0.768970517158	0.695988400193	0.751087481875	0.72450459159	0.699855002417	0.717738037699	0.618173030449	0.615273078782	0.620106331561	0.61333977767	0.632672788787	0.713388110198	0.637022716288	0.706138231029	0.591590140164	0.70130497825
AG8	0.595940067666	0.622522957951	0.820202996617	0.589173513775	0.683905268246	0.568390526825	0.700821652972	0.558724021266	0.548090865152	0.600289995167	0.601256645723	0.629772837119	0.62493958434	0.753020782987	0.659255679072	0.599806669889	0.581440309328	0.579990333494	0.69453842436	0.526824552924	0.508458192363	0.477525374577	0.563073948768	0.53939101015	0.757854035766	0.507491541808	0.531657805703	0.507491541808	0.318028032866	0.0	0.582406959884	0.555340744321	0.569840502658	0.578540357661	0.765103914935	0.691638472692	0.582890285162	0.585306911551	0.582890285162	0.658772353794	0.598840019333	0.669405509908	0.634122764621	0.579023682939	0.627839536008	0.595940067666	0.758820686322	0.687288545191	0.739487675205	0.709521507975	0.695021749638	0.707588206863	0.633156114065	0.629772837119	0.634606089899	0.630256162397	0.64813919768	0.702271628806	0.652972450459	0.69212179797	0.611889801837	0.688738521025
AH7	0.59255679072	0.634606089899	0.953117448043	0.710004833253	0.704688255196	0.564040599323	0.729337844369	0.544707588207	0.556307394877	0.646205896568	0.526341227646	0.665055582407	0.640889318511	0.881585306912	0.68970517158	0.602223296278	0.519574673755	0.468342194297	0.881101981634	0.732721121315	0.564523924601	0.530691155147	0.510391493475	0.496858385694	0.837602706622	0.55775737071	0.482358627356	0.503141614306	0.528757854036	0.582406959884	0.0	0.333494441759	0.55775737071	0.61575640406	0.786853552441	0.729821169647	0.558724021266	0.652489125181	0.607056549058	0.681971967134	0.633156114065	0.761237312711	0.735621072982	0.647172547124	0.645239246013	0.609956500725	0.767520541324	0.725954567424	0.76848719188	0.73852102465	0.715804736588	0.724021266312	0.616723054616	0.626872885452	0.630256162397	0.619623006283	0.626872885452	0.720637989367	0.630256162397	0.717738037699	0.609956500725	0.724987916868
AH8	0.563557274045	0.582890285162	0.955050749154	0.673755437409	0.667955534074	0.514258095698	0.697438376027	0.491058482359	0.488641855969	0.598840019333	0.512808119865	0.622522957951	0.573223779604	0.87723537941	0.624456259062	0.550507491542	0.412276462059	0.377477042049	0.901401643306	0.740937651039	0.556307394877	0.481875302078	0.475108748188	0.473175447076	0.849202513291	0.546157564041	0.480908651522	0.458675688739	0.505558240696	0.555340744321	0.333494441759	0.0	0.495891735138	0.544707588207	0.750120831319	0.69212179797	0.52779120348	0.604639922668	0.546640889319	0.631222812953	0.578057032383	0.729337844369	0.69453842436	0.602706621556	0.590140164331	0.545190913485	0.711938134364	0.670372160464	0.722087965201	0.683905268246	0.660222329628	0.669405509908	0.561140647656	0.565490575157	0.579507008217	0.555824069599	0.566940550991	0.662155630739	0.561140647656	0.672305461576	0.538907684872	0.669888835186
AA5	0.592073465442	0.510391493475	0.955050749154	0.647172547124	0.601739971	0.446592556791	0.6389560174	0.412759787337	0.408409859836	0.526341227646	0.430159497342	0.546157564041	0.528274528758	0.880135331078	0.558240695988	0.542774287095	0.413726437893	0.430159497342	0.926534557757	0.757854035766	0.561140647656	0.490575157081	0.462542290962	0.48380860319	0.901401643306	0.590623489609	0.438376027066	0.436442725955	0.507974867086	0.569840502658	0.55775737071	0.495891735138	0.0	0.350894151764	0.678588690188	0.589173513775	0.458192363461	0.462542290962	0.457709038183	0.554374093765	0.479942000967	0.631706138231	0.598356694055	0.465442242629	0.525857902368	0.467375543741	0.700821652972	0.636056065732	0.662155630739	0.650072498792	0.650072498792	0.666022232963	0.522474625423	0.54857419043	0.559690671822	0.529724504592	0.53020782987	0.649105848236	0.551957467376	0.634606089899	0.489608506525	0.635089415176
AA6	0.603189946834	0.526824552924	0.960367327211	0.660222329628	0.628322861286	0.477042049299	0.664572257129	0.456259062349	0.449492508458	0.557274045433	0.493475108748	0.568873852102	0.522474625423	0.884001933301	0.593040115998	0.5601739971	0.478975350411	0.500724987917	0.93281778637	0.761720637989	0.60657322378	0.530691155147	0.528274528758	0.540357660706	0.906234896085	0.593523441276	0.497341710971	0.504108264862	0.562107298212	0.578540357661	0.61575640406	0.544707588207	0.350894151764	0.0	0.666022232963	0.582406959884	0.507974867086	0.496375060416	0.477042049299	0.592073465442	0.501691638473	0.667955534074	0.637022716288	0.509908168197	0.457709038183	0.414209763171	0.686321894635	0.627839536008	0.656839052682	0.6389560174	0.634122764621	0.646205896568	0.523924601257	0.540357660706	0.550507491542	0.525857902368	0.549540840986	0.634606089899	0.559207346544	0.624456259062	0.510874818753	0.62493958434
AB5	0.752054132431	0.658772353794	0.971967133881	0.73368777187	0.619623006283	0.65055582407	0.751570807153	0.6389560174	0.661672305462	0.686805219913	0.676655389077	0.598356694055	0.664572257129	0.898501691638	0.71532141131	0.688255195747	0.705654905752	0.710488158531	0.942484291928	0.815853069116	0.810053165781	0.743354277429	0.758337361044	0.757370710488	0.929434509425	0.77090381827	0.705171580474	0.715804736588	0.770420492992	0.765103914935	0.786853552441	0.750120831319	0.678588690188	0.666022232963	0.0	0.311261478975	0.623006283229	0.662155630739	0.616239729338	0.631222812953	0.621556307395	0.735137747704	0.736587723538	0.639922667956	0.616239729338	0.611889801837	0.617206379894	0.621556307395	0.618173030449	0.59255679072	0.623972933784	0.608989850169	0.602223296278	0.610923151281	0.606089898502	0.6389560174	0.670855485742	0.591106814886	0.676172063799	0.599323344611	0.679555340744	0.611406476559
AB6	0.688255195747	0.588690188497	0.963750604157	0.678588690188	0.584340260996	0.58095698405	0.6805219913	0.549057515708	0.589656839053	0.613823102948	0.613823102948	0.518124697922	0.610439826003	0.889801836636	0.645239246013	0.633156114065	0.652489125181	0.655389076849	0.937651039149	0.773320444659	0.746254229096	0.677622039633	0.686805219913	0.687771870469	0.918318028033	0.710488158531	0.637989366844	0.653455775737	0.699371677139	0.691638472692	0.729821169647	0.69212179797	0.589173513775	0.582406959884	0.311261478975	0.0	0.570323827936	0.579990333494	0.561140647656	0.566940550991	0.554857419043	0.665055582407	0.652972450459	0.542774287095	0.551957467376	0.542774287095	0.608989850169	0.564523924601	0.579507008217	0.558724021266	0.57177380377	0.576123731271	0.541324311261	0.5601739971	0.558724021266	0.587723537941	0.605123247946	0.549540840986	0.615273078782	0.552924117931	0.628806186564	0.54857419043
AC5	0.609956500725	0.574190430159	0.973417109715	0.655389076849	0.625906234896	0.464958917351	0.688255195747	0.436926051232	0.441759304012	0.568390526825	0.423876268729	0.555340744321	0.542290961817	0.893668438859	0.627839536008	0.574673755437	0.473658772354	0.458192363461	0.949734171097	0.778637022716	0.621556307395	0.552924117931	0.507974867086	0.503624939584	0.917351377477	0.607539874335	0.463992266796	0.490091831803	0.540357660706	0.582890285162	0.558724021266	0.52779120348	0.458192363461	0.507974867086	0.623006283229	0.570323827936	0.0	0.434026099565	0.430159497342	0.593040115998	0.516674722088	0.710971483809	0.672788786854	0.531657805703	0.492508458192	0.454325761237	0.612373127115	0.563557274045	0.611889801837	0.576607056549	0.570323827936	0.579990333494	0.49299178347	0.490091831803	0.500724987917	0.509424842919	0.570323827936	0.567423876269	0.585306911551	0.565973900435	0.521991300145	0.566457225713
AC6	0.623006283229	0.523441275979	0.955534074432	0.647172547124	0.576123731271	0.520541324311	0.551474142098	0.484291928468	0.519574673755	0.46302561624	0.550507491542	0.543740937651	0.551474142098	0.870952150797	0.551957467376	0.578540357661	0.5601739971	0.567423876269	0.921701304978	0.74770420493	0.643789270179	0.578057032383	0.587240212663	0.593040115998	0.901401643306	0.607056549058	0.535041082649	0.545190913485	0.59255679072	0.585306911551	0.652489125181	0.604639922668	0.462542290962	0.496375060416	0.662155630739	0.579990333494	0.434026099565	0.0	0.513291445143	0.531657805703	0.485741904302	0.494925084582	0.44900918318	0.412759787337	0.564040599323	0.53939101015	0.679555340744	0.632672788787	0.650072498792	0.629289511841	0.634122764621	0.651039149348	0.571290478492	0.570323827936	0.578057032383	0.570807153214	0.564040599323	0.635572740454	0.587723537941	0.620589656839	0.552440792653	0.627839536008
AD6	0.594490091832	0.544224262929	0.970517158047	0.644272595457	0.585790236829	0.419526341228	0.642822619623	0.41904301595	0.427742870952	0.530691155147	0.4398260029	0.517641372644	0.521024649589	0.889801836636	0.593523441276	0.544224262929	0.477042049299	0.482358627356	0.94683421943	0.768970517158	0.607539874335	0.547607539874	0.540840985984	0.538907684872	0.917351377477	0.608023199613	0.499758337361	0.511358144031	0.553407443209	0.582890285162	0.607056549058	0.546640889319	0.457709038183	0.477042049299	0.616239729338	0.561140647656	0.430159497342	0.513291445143	0.0	0.549540840986	0.410343160947	0.702754954084	0.668438859352	0.519091348478	0.484775253746	0.435959400677	0.600773320445	0.546157564041	0.589656839053	0.551474142098	0.564523924601	0.575157080715	0.467858869019	0.462542290962	0.478492025133	0.485741904302	0.540840985984	0.558724021266	0.563073948768	0.568390526825	0.472692121798	0.549057515708
AE5	0.635572740454	0.538424359594	0.971967133881	0.651522474625	0.559207346544	0.558240695988	0.596423392943	0.568873852102	0.608023199613	0.540840985984	0.619139681005	0.521024649589	0.581923634606	0.88883518608	0.56935717738	0.571290478492	0.610439826003	0.619139681005	0.930401159981	0.753504108265	0.728854519091	0.653455775737	0.662155630739	0.655872402127	0.876268728855	0.655872402127	0.62735621073	0.617689705172	0.666505558241	0.658772353794	0.681971967134	0.631222812953	0.554374093765	0.592073465442	0.631222812953	0.566940550991	0.593040115998	0.531657805703	0.549540840986	0.0	0.362010633156	0.619139681005	0.60415659739	0.511358144031	0.633639439343	0.620589656839	0.656355727405	0.609956500725	0.628806186564	0.605123247946	0.634122764621	0.638472692122	0.556307394877	0.568390526825	0.594006766554	0.567423876269	0.557274045433	0.615273078782	0.579990333494	0.605123247946	0.586756887385	0.618656355727
AE6	0.590140164331	0.503141614306	0.971000483325	0.647172547124	0.57177380377	0.479942000967	0.588690188497	0.472692121798	0.513291445143	0.492508458192	0.53697438376	0.507974867086	0.529724504592	0.888351860802	0.565007249879	0.530691155147	0.537457709038	0.541807636539	0.93281778637	0.752537457709	0.663605606573	0.589656839053	0.596423392943	0.593040115998	0.896085065249	0.620589656839	0.538424359594	0.545674238763	0.59255679072	0.598840019333	0.633156114065	0.578057032383	0.479942000967	0.501691638473	0.621556307395	0.554857419043	0.516674722088	0.485741904302	0.410343160947	0.362010633156	0.0	0.64572257129	0.614789753504	0.465925567907	0.543740937651	0.53020782987	0.640405993233	0.59255679072	0.61575640406	0.593040115998	0.609956500725	0.619623006283	0.489125181247	0.494925084582	0.512324794587	0.494925084582	0.513291445143	0.596906718221	0.53939101015	0.590623489609	0.506041565974	0.601256645723
AF5	0.713871435476	0.633156114065	0.930884485259	0.676172063799	0.664572257129	0.690671822136	0.552924117931	0.655872402127	0.697438376027	0.582890285162	0.72450459159	0.642822619623	0.687771870469	0.850652489125	0.609473175447	0.687288545191	0.729337844369	0.739004349928	0.871918801353	0.714354760754	0.717738037699	0.684388593523	0.722571290478	0.722087965201	0.875785403577	0.692605123248	0.711938134364	0.690671822136	0.676172063799	0.669405509908	0.761237312711	0.729337844369	0.631706138231	0.667955534074	0.735137747704	0.665055582407	0.710971483809	0.494925084582	0.702754954084	0.619139681005	0.64572257129	0.0	0.288545190913	0.546640889319	0.725471242146	0.719671338811	0.768003866602	0.73610439826	0.746254229096	0.719671338811	0.746254229096	0.754470758821	0.703238279362	0.71532141131	0.733204446593	0.719671338811	0.673272112131	0.728854519091	0.689221846303	0.714354760754	0.718704688255	0.726437892702
AF6	0.695505074915	0.597873368777	0.926534557757	0.661188980184	0.644755920735	0.660705654906	0.532141130981	0.622039632673	0.666505558241	0.555340744321	0.696471725471	0.627839536008	0.651522474625	0.848235862736	0.565973900435	0.651522474625	0.691638472692	0.697921701305	0.878202029966	0.718221362977	0.692605123248	0.646205896568	0.689221846303	0.689221846303	0.875785403577	0.666505558241	0.678588690188	0.655872402127	0.644755920735	0.634122764621	0.735621072982	0.69453842436	0.598356694055	0.637022716288	0.736587723538	0.652972450459	0.672788786854	0.44900918318	0.668438859352	0.60415659739	0.614789753504	0.288545190913	0.0	0.509424842919	0.697921701305	0.684871918801	0.767520541324	0.722087965201	0.735621072982	0.708554857419	0.710004833253	0.735137747704	0.673272112131	0.686805219913	0.698405026583	0.687288545191	0.641855969067	0.719671338811	0.656839052682	0.701788303528	0.688738521025	0.711454809087
