	AA3	AA4	AB3	AB4	AC3	AC4	AD3	AD4	AE3	AE4	AF3	AF4	AG3	AG4	AH3	AH4	AA7	AA8	AB7	AB8	AC7	AC8	AD7	AD8	AE7	AE8	AF7	AF8	AG7	AG8	AH7	AH8	AA5	AA6	AB5	AB6	AC5	AC6	AD6	AE5	AE6	AF5	AF6	AG5	AH5	AH6	AA1	AA2	AB1	AB2	AC1	AC2	AD1	AD2	AE1	AE2	AF1	AF2	AG1	AG2	AH1	AH2
AA3	0.0	0.492025132914	0.927017883035	0.626389560174	0.640405993233	0.579990333494	0.676655389077	0.582406959884	0.567423876269	0.628806186564	0.615273078782	0.621072982117	0.575640405993	0.838086031899	0.670372160464	0.328177863702	0.562107298212	0.550507491542	0.864185596907	0.702754954084	0.618173030449	0.566457225713	0.587240212663	0.576607056549	0.827452875785	0.578540357661	0.571290478492	0.555340744321	0.569840502658	0.579507008217	0.58337361044	0.558724021266	0.590623489609	0.599806669889	0.751570807153	0.678105364911	0.601256645723	0.622522957951	0.590623489609	0.62735621073	0.594490091832	0.711938134364	0.699371677139	0.622039632673	0.61575640406	0.609956500725	0.685838569357	0.647655872402	0.719188013533	0.662155630739	0.637506041566	0.656839052682	0.5601739971	0.575640405993	0.566457225713	0.571290478492	0.574673755437	0.64813919768	0.583856935718	0.666988883519	0.568873852102	0.646205896568
AA4	0.492025132914	0.0	0.945384243596	0.58337361044	0.56259062349	0.49540840986	0.581923634606	0.488641855969	0.511358144031	0.510391493475	0.562107298212	0.513291445143	0.487191880135	0.855002416626	0.396810053166	0.396326727888	0.542290961817	0.541807636539	0.893668438859	0.717254712421	0.651522474625	0.581440309328	0.588206863219	0.571290478492	0.875785403577	0.618656355727	0.549057515708	0.540840985984	0.591106814886	0.603673272112	0.629289511841	0.56935717738	0.496858385694	0.516674722088	0.676655389077	0.594490091832	0.565490575157	0.50459159014	0.542774287095	0.517641372644	0.473175447076	0.610923151281	0.59497341711	0.493475108748	0.589656839053	0.577573707105	0.655872402127	0.59255679072	0.639922667956	0.598840019333	0.608989850169	0.625906234896	0.52779120348	0.531657805703	0.537457709038	0.536007733204	0.508458192363	0.614789753504	0.520541324311	0.595940067666	0.544707588207	0.594006766554
AB3	0.927017883035	0.945384243596	0.0	0.676655389077	0.917351377477	0.944900918318	0.954084098598	0.938617689705	0.929917834703	0.94683421943	0.967133881102	0.927984533591	0.962783953601	0.341227646206	0.958917351377	0.938134364427	0.96520057999	0.96520057999	0.735621072982	0.753504108265	0.879168680522	0.90961817303	0.955534074432	0.947317544708	0.84726921218	0.894635089415	0.938617689705	0.925567907202	0.846302561624	0.829386176897	0.949734171097	0.947317544708	0.95360077332	0.9584340261	0.970033832769	0.96761720638	0.970033832769	0.948767520541	0.971483808603	0.970517158047	0.970517158047	0.932334461092	0.925567907202	0.945867568874	0.973417109715	0.96761720638	0.970033832769	0.971483808603	0.968583856936	0.969550507492	0.967133881102	0.968100531658	0.971967133881	0.970517158047	0.970517158047	0.971000483325	0.970033832769	0.970517158047	0.969550507492	0.970033832769	0.970033832769	0.969067182214
AB4	0.626389560174	0.58337361044	0.676655389077	0.0	0.631222812953	0.607539874335	0.69212179797	0.617689705172	0.609473175447	0.628806186564	0.642822619623	0.618173030449	0.498308361527	0.564523924601	0.620106331561	0.595940067666	0.640405993233	0.640405993233	0.728854519091	0.565973900435	0.656355727405	0.62735621073	0.654422426293	0.644272595457	0.796520057999	0.640889318511	0.651522474625	0.631706138231	0.541807636539	0.567423876269	0.689221846303	0.651522474625	0.651522474625	0.656839052682	0.728854519091	0.666022232963	0.651522474625	0.643789270179	0.629772837119	0.634606089899	0.616239729338	0.664088931851	0.658289028516	0.62735621073	0.680038666022	0.673272112131	0.696471725471	0.655389076849	0.703238279362	0.663122281295	0.67133881102	0.667472208797	0.633639439343	0.640405993233	0.646205896568	0.636056065732	0.642339294345	0.663122281295	0.637022716288	0.65973900435	0.652489125181	0.659255679072
AC3	0.640405993233	0.56259062349	0.917351377477	0.631222812953	0.0	0.491541807637	0.664572257129	0.543740937651	0.538907684872	0.590623489609	0.593523441276	0.33107781537	0.61333977767	0.829386176897	0.614306428226	0.598356694055	0.597873368777	0.591106814886	0.87046882552	0.745770903818	0.72450459159	0.669888835186	0.711938134364	0.695505074915	0.834702754954	0.681488641856	0.641372643789	0.656355727405	0.657805703238	0.678105364911	0.698405026583	0.65732237796	0.584340260996	0.622522957951	0.609956500725	0.575640405993	0.608506524891	0.585790236829	0.56935717738	0.54857419043	0.549540840986	0.662155630739	0.666505558241	0.576123731271	0.638472692122	0.62735621073	0.576123731271	0.579507008217	0.569840502658	0.557274045433	0.579990333494	0.572740454326	0.519574673755	0.555340744321	0.558724021266	0.545190913485	0.595940067666	0.562107298212	0.593523441276	0.578057032383	0.600773320445	0.570807153214
AC4	0.579990333494	0.49540840986	0.944900918318	0.607539874335	0.491541807637	0.0	0.633156114065	0.427259545674	0.423876268729	0.507974867086	0.3610439826	0.426292895118	0.517641372644	0.857419043016	0.587723537941	0.525857902368	0.477525374577	0.467375543741	0.9212179797	0.737554374094	0.601739971	0.533591106815	0.531657805703	0.5186080232	0.885451909135	0.574673755437	0.482841952634	0.505074915418	0.523924601257	0.558724021266	0.581440309328	0.519574673755	0.46060898985	0.480908651522	0.64813919768	0.568873852102	0.489125181247	0.524407926535	0.448042532624	0.552440792653	0.484775253746	0.676655389077	0.660705654906	0.513291445143	0.520057999033	0.501691638473	0.649105848236	0.581923634606	0.626872885452	0.588206863219	0.594006766554	0.614789753504	0.493475108748	0.511358144031	0.522474625423	0.511358144031	0.529724504592	0.60415659739	0.540840985984	0.585790236829	0.468825519575	0.579507008217
AD3	0.676655389077	0.581923634606	0.954084098598	0.69212179797	0.664572257129	0.633156114065	0.0	0.554374093765	0.652972450459	0.367327211213	0.681005316578	0.601739971	0.653455775737	0.86563557274	0.589656839053	0.648622522958	0.694055099082	0.692605123248	0.940550990817	0.765587240213	0.719671338811	0.696955050749	0.704688255196	0.695988400193	0.9212179797	0.691638472692	0.705171580474	0.696955050749	0.698405026583	0.692605123248	0.727404543258	0.693571773804	0.634606089899	0.654422426293	0.743837602707	0.675688738521	0.681005316578	0.543740937651	0.631222812953	0.598840019333	0.579990333494	0.556790720155	0.532624456259	0.540840985984	0.706138231029	0.695021749638	0.760270662156	0.716771387144	0.742387626873	0.708554857419	0.715804736588	0.738037699372	0.652489125181	0.668438859352	0.670855485742	0.669405509908	0.637506041566	0.725471242146	0.645239246013	0.722571290478	0.700338327695	0.721604639923
AD4	0.582406959884	0.488641855969	0.938617689705	0.617689705172	0.543740937651	0.427259545674	0.554374093765	0.0	0.314161430643	0.420976317061	0.411309811503	0.500241662639	0.542774287095	0.84726921218	0.570807153214	0.539874335428	0.441275978734	0.443209279845	0.93281778637	0.748187530208	0.583856935718	0.511841469309	0.480908651522	0.46060898985	0.903334944418	0.593523441276	0.422426292895	0.447075882069	0.479942000967	0.551957467376	0.520057999033	0.497825036249	0.396326727888	0.459642339294	0.653939101015	0.581923634606	0.419526341228	0.489125181247	0.441759304012	0.565007249879	0.466408893185	0.648622522958	0.62493958434	0.482358627356	0.51377477042	0.479942000967	0.658772353794	0.598840019333	0.638472692122	0.611406476559	0.610439826003	0.630256162397	0.498791686805	0.524891251812	0.527307878202	0.52779120348	0.533591106815	0.621556307395	0.552924117931	0.611406476559	0.501691638473	0.601739971
AE3	0.567423876269	0.511358144031	0.929917834703	0.609473175447	0.538907684872	0.423876268729	0.652972450459	0.314161430643	0.0	0.513291445143	0.388593523441	0.498791686805	0.529724504592	0.846302561624	0.581923634606	0.534074432093	0.432092798453	0.428709521508	0.918318028033	0.73610439826	0.553407443209	0.487675205413	0.482841952634	0.475108748188	0.887868535524	0.584340260996	0.427259545674	0.438376027066	0.467858869019	0.546157564041	0.53020782987	0.473175447076	0.402126631223	0.465442242629	0.651039149348	0.58095698405	0.422426292895	0.533107781537	0.434509424843	0.608506524891	0.514741420976	0.688738521025	0.665055582407	0.521991300145	0.504108264862	0.46302561624	0.646689221846	0.584340260996	0.628322861286	0.595456742388	0.589656839053	0.614306428226	0.497341710971	0.514741420976	0.5186080232	0.5186080232	0.535524407927	0.603673272112	0.550024166264	0.589656839053	0.489125181247	0.582406959884
AE4	0.628806186564	0.510391493475	0.94683421943	0.628806186564	0.590623489609	0.507974867086	0.367327211213	0.420976317061	0.513291445143	0.0	0.571290478492	0.524891251812	0.586756887385	0.854519091348	0.555340744321	0.580473658772	0.584340260996	0.583856935718	0.937651039149	0.751570807153	0.653939101015	0.593523441276	0.599323344611	0.588206863219	0.912518124698	0.617689705172	0.586756887385	0.58095698405	0.584340260996	0.602223296278	0.645239246013	0.597390043499	0.523924601257	0.551957467376	0.700338327695	0.623489608507	0.574190430159	0.458192363461	0.537457709038	0.537457709038	0.502174963751	0.579990333494	0.556307394877	0.471725471242	0.612373127115	0.591590140164	0.713388110198	0.653455775737	0.696955050749	0.656839052682	0.665055582407	0.682455292412	0.592073465442	0.599323344611	0.601256645723	0.60657322378	0.58337361044	0.672788786854	0.591106814886	0.661672305462	0.599323344611	0.667472208797
AF3	0.615273078782	0.562107298212	0.967133881102	0.642822619623	0.593523441276	0.3610439826	0.681005316578	0.411309811503	0.388593523441	0.571290478492	0.0	0.506524891252	0.542290961817	0.879168680522	0.629289511841	0.579990333494	0.444175930401	0.438376027066	0.951184146931	0.77090381827	0.607539874335	0.551474142098	0.453359110681	0.449492508458	0.91445142581	0.607539874335	0.434509424843	0.490091831803	0.508458192363	0.586756887385	0.523441275979	0.497825036249	0.438376027066	0.500241662639	0.658289028516	0.593040115998	0.391010149831	0.563557274045	0.429192846786	0.614789753504	0.534074432093	0.720154664089	0.697921701305	0.546157564041	0.50459159014	0.471725471242	0.647655872402	0.587240212663	0.644755920735	0.597390043499	0.592073465442	0.617689705172	0.518124697922	0.512324794587	0.52537457709	0.516674722088	0.570323827936	0.609956500725	0.587240212663	0.583856935718	0.506041565974	0.585790236829
AF4	0.621072982117	0.513291445143	0.927984533591	0.618173030449	0.33107781537	0.426292895118	0.601739971	0.500241662639	0.498791686805	0.524891251812	0.506524891252	0.0	0.580473658772	0.838569357177	0.569840502658	0.560657322378	0.571290478492	0.565490575157	0.880618656356	0.709521507975	0.699371677139	0.630739487675	0.665538907685	0.647172547124	0.846785886902	0.626389560174	0.598840019333	0.621072982117	0.632189463509	0.645239246013	0.661188980184	0.616723054616	0.538424359594	0.574673755437	0.594490091832	0.509908168197	0.557274045433	0.531657805703	0.524891251812	0.501208313195	0.506041565974	0.623006283229	0.608989850169	0.520057999033	0.573223779604	0.56259062349	0.576607056549	0.528757854036	0.563557274045	0.515224746254	0.535041082649	0.556790720155	0.488641855969	0.508458192363	0.533107781537	0.508458192363	0.558240695988	0.548090865152	0.56259062349	0.531657805703	0.569840502658	0.531174480425
AG3	0.575640405993	0.487191880135	0.962783953601	0.498308361527	0.61333977767	0.517641372644	0.653455775737	0.542774287095	0.529724504592	0.586756887385	0.542290961817	0.580473658772	0.0	0.851619139681	0.554374093765	0.538907684872	0.500724987917	0.501208313195	0.928467858869	0.754954084099	0.662638956017	0.598356694055	0.592073465442	0.585306911551	0.88883518608	0.635572740454	0.541807636539	0.561623972934	0.599323344611	0.617689705172	0.63653939101	0.572740454326	0.53020782987	0.526824552924	0.686321894635	0.61333977767	0.553890768487	0.564523924601	0.523924601257	0.588206863219	0.5186080232	0.677138714355	0.65732237796	0.54857419043	0.582890285162	0.574190430159	0.631706138231	0.58095698405	0.646689221846	0.60657322378	0.600773320445	0.605123247946	0.528274528758	0.538424359594	0.534557757371	0.536491058482	0.537941034316	0.605123247946	0.549540840986	0.601256645723	0.523924601257	0.591106814886
AG4	0.838086031899	0.855002416626	0.341227646206	0.564523924601	0.829386176897	0.857419043016	0.86563557274	0.84726921218	0.846302561624	0.854519091348	0.879168680522	0.838569357177	0.851619139681	0.0	0.870952150797	0.848235862736	0.884001933301	0.880135331078	0.717254712421	0.681488641856	0.809086515225	0.83325277912	0.8796520058	0.869502174964	0.821169647173	0.817786370227	0.860802319961	0.849202513291	0.768970517158	0.745770903818	0.882551957467	0.867568873852	0.868535524408	0.872885451909	0.893668438859	0.883035282745	0.884485258579	0.85886901885	0.880618656356	0.881585306912	0.876752054132	0.847752537458	0.841469308845	0.857902368294	0.893668438859	0.884001933301	0.879168680522	0.885451909135	0.883518608023	0.878685355244	0.886418559691	0.879168680522	0.885451909135	0.883518608023	0.894151764137	0.885451909135	0.880618656356	0.880618656356	0.880135331078	0.881585306912	0.885451909135	0.884001933301
AH3	0.670372160464	0.396810053166	0.958917351377	0.620106331561	0.614306428226	0.587723537941	0.589656839053	0.570807153214	0.581923634606	0.555340744321	0.629289511841	0.569840502658	0.554374093765	0.870952150797	0.0	0.565007249879	0.621556307395	0.623972933784	0.931851135814	0.765103914935	0.720637989367	0.659255679072	0.659255679072	0.654905751571	0.909134847753	0.710488158531	0.643789270179	0.648622522958	0.668438859352	0.690671822136	0.710971483809	0.652489125181	0.566457225713	0.597390043499	0.722571290478	0.651039149348	0.643789270179	0.549057515708	0.608989850169	0.566940550991	0.568390526825	0.591590140164	0.567423876269	0.552440792653	0.66892218463	0.657805703238	0.695021749638	0.633639439343	0.663122281295	0.64813919768	0.659255679072	0.664572257129	0.61575640406	0.618173030449	0.610439826003	0.612373127115	0.589656839053	0.662638956017	0.582890285162	0.643305944901	0.621072982117	0.626389560174
AH4	0.328177863702	0.396326727888	0.938134364427	0.595940067666	0.598356694055	0.525857902368	0.648622522958	0.539874335428	0.534074432093	0.580473658772	0.579990333494	0.560657322378	0.538907684872	0.848235862736	0.565007249879	0.0	0.550024166264	0.551957467376	0.874818753021	0.704204929918	0.635572740454	0.563557274045	0.584823586274	0.570323827936	0.853069115515	0.592073465442	0.571290478492	0.552924117931	0.569840502658	0.584823586274	0.604639922668	0.567423876269	0.563073948768	0.567907201547	0.705654905752	0.632189463509	0.588690188497	0.584823586274	0.547607539874	0.588206863219	0.546157564041	0.672788786854	0.653939101015	0.582406959884	0.600289995167	0.593523441276	0.662155630739	0.603673272112	0.661188980184	0.607539874335	0.614789753504	0.632189463509	0.531174480425	0.531657805703	0.536491058482	0.53020782987	0.52537457709	0.616239729338	0.530691155147	0.610439826003	0.539874335428	0.600289995167
AA7	0.562107298212	0.542290961817	0.96520057999	0.640405993233	0.597873368777	0.477525374577	0.694055099082	0.441275978734	0.432092798453	0.584340260996	0.444175930401	0.571290478492	0.500724987917	0.884001933301	0.621556307395	0.550024166264	0.0	0.292895118415	0.917834702755	0.751570807153	0.579990333494	0.518124697922	0.488641855969	0.48380860319	0.875302078299	0.592073465442	0.431609473175	0.46060898985	0.511358144031	0.579507008217	0.51377477042	0.417593040116	0.440792653456	0.487675205413	0.705654905752	0.636056065732	0.459642339294	0.564040599323	0.491058482359	0.617689705172	0.547607539874	0.714838086032	0.698405026583	0.568873852102	0.544224262929	0.512808119865	0.651039149348	0.603189946834	0.661672305462	0.622522957951	0.586756887385	0.61575640406	0.504108264862	0.52779120348	0.517641372644	0.526824552924	0.524891251812	0.604639922668	0.540357660706	0.621556307395	0.49299178347	0.596906718221
AA8	0.550507491542	0.541807636539	0.96520057999	0.640405993233	0.591106814886	0.467375543741	0.692605123248	0.443209279845	0.428709521508	0.583856935718	0.438376027066	0.565490575157	0.501208313195	0.880135331078	0.623972933784	0.551957467376	0.292895118415	0.0	0.916868052199	0.742870952151	0.579507008217	0.506524891252	0.490091831803	0.475592073465	0.861285645239	0.572257129048	0.428709521508	0.447559207347	0.493958434026	0.568390526825	0.484775253746	0.375543740938	0.445142580957	0.495891735138	0.703238279362	0.635089415176	0.457225712905	0.568873852102	0.474142097632	0.609956500725	0.534074432093	0.719671338811	0.704204929918	0.56935717738	0.537457709038	0.502174963751	0.630739487675	0.584823586274	0.655389076849	0.612373127115	0.573707104882	0.60415659739	0.486708554857	0.519574673755	0.50700821653	0.510874818753	0.523441275979	0.593523441276	0.533107781537	0.612373127115	0.478975350411	0.577573707105
AB7	0.864185596907	0.893668438859	0.735621072982	0.728854519091	0.87046882552	0.9212179797	0.940550990817	0.93281778637	0.918318028033	0.937651039149	0.951184146931	0.880618656356	0.928467858869	0.717254712421	0.931851135814	0.874818753021	0.917834702755	0.916868052199	0.0	0.425809569841	0.805703238279	0.844369260512	0.93523441276	0.919284678589	0.739004349928	0.825519574674	0.894635089415	0.864668922185	0.760270662156	0.699371677139	0.884485258579	0.895118414693	0.924601256646	0.939584340261	0.943450942484	0.931851135814	0.947800869986	0.915901401643	0.948767520541	0.927984533591	0.936201063316	0.873852102465	0.870952150797	0.908168197197	0.952150797487	0.95360077332	0.920734654422	0.925567907202	0.928467858869	0.92363460609	0.92363460609	0.915901401643	0.91445142581	0.913484775254	0.91445142581	0.910584823586	0.913001449976	0.913484775254	0.911551474142	0.93281778637	0.943450942484	0.920251329145
AB8	0.702754954084	0.717254712421	0.753504108265	0.565973900435	0.745770903818	0.737554374094	0.765587240213	0.748187530208	0.73610439826	0.751570807153	0.77090381827	0.709521507975	0.754954084099	0.681488641856	0.765103914935	0.704204929918	0.751570807153	0.742870952151	0.425809569841	0.0	0.640889318511	0.67133881102	0.741904301595	0.727887868536	0.721604639923	0.637506041566	0.716771387144	0.678588690188	0.542290961817	0.509424842919	0.720154664089	0.721604639923	0.750604156597	0.764620589657	0.819236346061	0.763653939101	0.768970517158	0.734654422426	0.762687288545	0.744320927985	0.750120831319	0.716771387144	0.710004833253	0.730787820203	0.773803769937	0.776703721605	0.802803286612	0.756404059932	0.790236829386	0.755920734654	0.766070565491	0.775737071049	0.750120831319	0.754470758821	0.753987433543	0.750604156597	0.746254229096	0.771870468826	0.746254229096	0.761720637989	0.7593040116	0.752054132431
AC7	0.618173030449	0.651522474625	0.879168680522	0.656355727405	0.72450459159	0.601739971	0.719671338811	0.583856935718	0.553407443209	0.653939101015	0.607539874335	0.699371677139	0.662638956017	0.809086515225	0.720637989367	0.635572740454	0.579990333494	0.579507008217	0.805703238279	0.640889318511	0.0	0.360560657322	0.578057032383	0.572740454326	0.816336394393	0.588206863219	0.535041082649	0.500241662639	0.472692121798	0.485258579024	0.568873852102	0.541324311261	0.560657322378	0.599323344611	0.807153214113	0.74528757854	0.620589656839	0.651522474625	0.614789753504	0.731754470759	0.672788786854	0.718704688255	0.700821652972	0.641855969067	0.642339294345	0.60657322378	0.814403093282	0.753020782987	0.806669888835	0.778637022716	0.754954084099	0.78008699855	0.672788786854	0.683421942968	0.68293861769	0.678588690188	0.664572257129	0.771387143548	0.675205413243	0.766553890768	0.623006283229	0.754954084099
AC8	0.566457225713	0.581440309328	0.90961817303	0.62735621073	0.669888835186	0.533591106815	0.696955050749	0.511841469309	0.487675205413	0.593523441276	0.551474142098	0.630739487675	0.598356694055	0.83325277912	0.659255679072	0.563557274045	0.518124697922	0.506524891252	0.844369260512	0.67133881102	0.360560657322	0.0	0.505558240696	0.498308361527	0.839536007733	0.550507491542	0.405993233446	0.385693571774	0.438859352344	0.479458675689	0.528274528758	0.478492025133	0.493958434026	0.538424359594	0.744320927985	0.676172063799	0.553890768487	0.59255679072	0.549057515708	0.662155630739	0.591106814886	0.676172063799	0.654905751571	0.586273562107	0.584340260996	0.551474142098	0.738037699372	0.666988883519	0.73610439826	0.707104881585	0.673272112131	0.697438376027	0.590140164331	0.602223296278	0.605606573224	0.597873368777	0.583856935718	0.687288545191	0.59255679072	0.696471725471	0.539874335428	0.669888835186
AD7	0.587240212663	0.588206863219	0.955534074432	0.654422426293	0.711938134364	0.531657805703	0.704688255196	0.480908651522	0.482841952634	0.599323344611	0.453359110681	0.665538907685	0.592073465442	0.8796520058	0.659255679072	0.584823586274	0.488641855969	0.490091831803	0.93523441276	0.741904301595	0.578057032383	0.505558240696	0.0	0.282261962301	0.894151764137	0.508941517641	0.434992750121	0.46302561624	0.478492025133	0.555824069599	0.503624939584	0.477042049299	0.493958434026	0.54857419043	0.749637506042	0.682455292412	0.490091831803	0.598356694055	0.544707588207	0.662638956017	0.597390043499	0.720637989367	0.698888351861	0.603189946834	0.573707104882	0.554374093765	0.744320927985	0.669888835186	0.73852102465	0.705654905752	0.679555340744	0.695021749638	0.599806669889	0.608989850169	0.608023199613	0.609956500725	0.599323344611	0.698888351861	0.607056549058	0.695505074915	0.563073948768	0.675688738521
AD8	0.576607056549	0.571290478492	0.947317544708	0.644272595457	0.695505074915	0.5186080232	0.695988400193	0.46060898985	0.475108748188	0.588206863219	0.449492508458	0.647172547124	0.585306911551	0.869502174964	0.654905751571	0.570323827936	0.48380860319	0.475592073465	0.919284678589	0.727887868536	0.572740454326	0.498308361527	0.282261962301	0.0	0.859352344128	0.48380860319	0.412276462059	0.442725954567	0.461575640406	0.538907684872	0.493958434026	0.469308844853	0.491541807637	0.539874335428	0.739971000483	0.669405509908	0.476075398743	0.588690188497	0.527307878202	0.651039149348	0.581923634606	0.719188013533	0.702271628806	0.582890285162	0.563073948768	0.541324311261	0.735137747704	0.666505558241	0.73610439826	0.696955050749	0.669888835186	0.687288545191	0.592073465442	0.605123247946	0.596906718221	0.603189946834	0.585790236829	0.693088448526	0.598356694055	0.686805219913	0.552924117931	0.663605606573
AE7	0.827452875785	0.875785403577	0.84726921218	0.796520057999	0.834702754954	0.885451909135	0.9212179797	0.903334944418	0.887868535524	0.912518124698	0.91445142581	0.846785886902	0.88883518608	0.821169647173	0.909134847753	0.853069115515	0.875302078299	0.861285645239	0.739004349928	0.721604639923	0.816336394393	0.839536007733	0.894151764137	0.859352344128	0.0	0.556790720155	0.878202029966	0.850169163847	0.766070565491	0.758820686322	0.838569357177	0.840502658289	0.901401643306	0.911068148864	0.93281778637	0.920734654422	0.927017883035	0.898985016916	0.915901401643	0.871435476075	0.898985016916	0.8796520058	0.874818753021	0.881585306912	0.940550990817	0.921701304978	0.888351860802	0.908168197197	0.911551474142	0.894635089415	0.901884968584	0.896085065249	0.890768487192	0.894151764137	0.898985016916	0.892701788304	0.904301594973	0.892701788304	0.899951667472	0.906234896085	0.913484775254	0.898501691638
AE8	0.578540357661	0.618656355727	0.894635089415	0.640889318511	0.681488641856	0.574673755437	0.691638472692	0.593523441276	0.584340260996	0.617689705172	0.607539874335	0.626389560174	0.635572740454	0.817786370227	0.710488158531	0.592073465442	0.592073465442	0.572257129048	0.825519574674	0.637506041566	0.588206863219	0.550507491542	0.508941517641	0.48380860319	0.556790720155	0.0	0.574673755437	0.54857419043	0.516674722088	0.514258095698	0.565490575157	0.549057515708	0.596423392943	0.611889801837	0.765587240213	0.702754954084	0.630256162397	0.603189946834	0.612856452392	0.657805703238	0.629289511841	0.692605123248	0.67133881102	0.60415659739	0.631222812953	0.620589656839	0.741904301595	0.687771870469	0.754470758821	0.705654905752	0.697921701305	0.717254712421	0.633156114065	0.629772837119	0.6389560174	0.634606089899	0.639439342678	0.713871435476	0.653455775737	0.710488158531	0.607539874335	0.696471725471
AF7	0.571290478492	0.549057515708	0.938617689705	0.651522474625	0.641372643789	0.482841952634	0.705171580474	0.422426292895	0.427259545674	0.586756887385	0.434509424843	0.598840019333	0.541807636539	0.860802319961	0.643789270179	0.571290478492	0.431609473175	0.428709521508	0.894635089415	0.716771387144	0.535041082649	0.405993233446	0.434992750121	0.412276462059	0.878202029966	0.574673755437	0.0	0.312711454809	0.456742387627	0.535524407927	0.493958434026	0.466408893185	0.418559690672	0.476075398743	0.696955050749	0.625906234896	0.434026099565	0.554374093765	0.493958434026	0.631222812953	0.53939101015	0.698888351861	0.675688738521	0.546640889319	0.532141130981	0.503141614306	0.677138714355	0.615273078782	0.686805219913	0.660222329628	0.615273078782	0.639439342678	0.536007733204	0.549540840986	0.549540840986	0.551957467376	0.552924117931	0.633639439343	0.577573707105	0.646205896568	0.490575157081	0.612856452392
AF8	0.555340744321	0.540840985984	0.925567907202	0.631706138231	0.656355727405	0.505074915418	0.696955050749	0.447075882069	0.438376027066	0.58095698405	0.490091831803	0.621072982117	0.561623972934	0.849202513291	0.648622522958	0.552924117931	0.46060898985	0.447559207347	0.864668922185	0.678588690188	0.500241662639	0.385693571774	0.46302561624	0.442725954567	0.850169163847	0.54857419043	0.312711454809	0.0	0.424842919285	0.50459159014	0.50459159014	0.450942484292	0.443692605123	0.50459159014	0.719671338811	0.652005799903	0.485258579024	0.55099081682	0.51377477042	0.623489608507	0.555340744321	0.684871918801	0.662638956017	0.550507491542	0.558240695988	0.526341227646	0.69212179797	0.634606089899	0.703238279362	0.672305461576	0.637506041566	0.655872402127	0.555340744321	0.564040599323	0.571290478492	0.563557274045	0.541807636539	0.652489125181	0.567907201547	0.665055582407	0.510391493475	0.629772837119
AG7	0.569840502658	0.591106814886	0.846302561624	0.541807636539	0.657805703238	0.523924601257	0.698405026583	0.479942000967	0.467858869019	0.584340260996	0.508458192363	0.632189463509	0.599323344611	0.768970517158	0.668438859352	0.569840502658	0.511358144031	0.493958434026	0.760270662156	0.542290961817	0.472692121798	0.438859352344	0.478492025133	0.461575640406	0.766070565491	0.516674722088	0.456742387627	0.424842919285	0.0	0.321411309812	0.526824552924	0.48622522958	0.485258579024	0.551474142098	0.745770903818	0.676655389077	0.518124697922	0.574673755437	0.533591106815	0.64572257129	0.583856935718	0.670372160464	0.644755920735	0.566940550991	0.580473658772	0.556307394877	0.73610439826	0.667955534074	0.730787820203	0.698405026583	0.66892218463	0.69453842436	0.591590140164	0.603673272112	0.611889801837	0.603189946834	0.609956500725	0.691155147414	0.619623006283	0.687771870469	0.564040599323	0.664572257129
AG8	0.579507008217	0.603673272112	0.829386176897	0.567423876269	0.678105364911	0.558724021266	0.692605123248	0.551957467376	0.546157564041	0.602223296278	0.586756887385	0.645239246013	0.617689705172	0.745770903818	0.690671822136	0.584823586274	0.579507008217	0.568390526825	0.699371677139	0.509424842919	0.485258579024	0.479458675689	0.555824069599	0.538907684872	0.758820686322	0.514258095698	0.535524407927	0.50459159014	0.321411309812	0.0	0.565007249879	0.550024166264	0.56259062349	0.582890285162	0.772353794103	0.695505074915	0.589173513775	0.594006766554	0.576607056549	0.675688738521	0.61575640406	0.676655389077	0.656355727405	0.589656839053	0.616723054616	0.596906718221	0.760753987434	0.691155147414	0.756404059932	0.714354760754	0.697921701305	0.717254712421	0.633156114065	0.627839536008	0.633156114065	0.634606089899	0.637506041566	0.714354760754	0.652005799903	0.700821652972	0.599806669889	0.685838569357
AH7	0.58337361044	0.629289511841	0.949734171097	0.689221846303	0.698405026583	0.581440309328	0.727404543258	0.520057999033	0.53020782987	0.645239246013	0.523441275979	0.661188980184	0.63653939101	0.882551957467	0.710971483809	0.604639922668	0.51377477042	0.484775253746	0.884485258579	0.720154664089	0.568873852102	0.528274528758	0.503624939584	0.493958434026	0.838569357177	0.565490575157	0.493958434026	0.50459159014	0.526824552924	0.565007249879	0.0	0.333977767037	0.565973900435	0.615273078782	0.784436926051	0.730787820203	0.53939101015	0.65732237796	0.603189946834	0.679555340744	0.6389560174	0.764137264379	0.750120831319	0.648622522958	0.641372643789	0.616239729338	0.754470758821	0.709038182697	0.764620589657	0.722571290478	0.704688255196	0.723054615756	0.619623006283	0.636056065732	0.628806186564	0.630739487675	0.623972933784	0.715804736588	0.637506041566	0.718221362977	0.60657322378	0.704204929918
AH8	0.558724021266	0.56935717738	0.947317544708	0.651522474625	0.65732237796	0.519574673755	0.693571773804	0.497825036249	0.473175447076	0.597390043499	0.497825036249	0.616723054616	0.572740454326	0.867568873852	0.652489125181	0.567423876269	0.417593040116	0.375543740938	0.895118414693	0.721604639923	0.541324311261	0.478492025133	0.477042049299	0.469308844853	0.840502658289	0.549057515708	0.466408893185	0.450942484292	0.48622522958	0.550024166264	0.333977767037	0.0	0.487675205413	0.545190913485	0.754470758821	0.688738521025	0.522957950701	0.608506524891	0.541324311261	0.637022716288	0.593040115998	0.722571290478	0.704204929918	0.601739971	0.591590140164	0.558240695988	0.711938134364	0.656355727405	0.717738037699	0.674238762687	0.652489125181	0.672788786854	0.573223779604	0.586756887385	0.582890285162	0.579990333494	0.564040599323	0.664088931851	0.573707104882	0.674722087965	0.539874335428	0.652972450459
AA5	0.590623489609	0.496858385694	0.95360077332	0.651522474625	0.584340260996	0.46060898985	0.634606089899	0.396326727888	0.402126631223	0.523924601257	0.438376027066	0.538424359594	0.53020782987	0.868535524408	0.566457225713	0.563073948768	0.440792653456	0.445142580957	0.924601256646	0.750604156597	0.560657322378	0.493958434026	0.493958434026	0.491541807637	0.901401643306	0.596423392943	0.418559690672	0.443692605123	0.485258579024	0.56259062349	0.565973900435	0.487675205413	0.0	0.347027549541	0.668438859352	0.582890285162	0.459642339294	0.470275495408	0.467858869019	0.559207346544	0.468342194297	0.623006283229	0.593040115998	0.470275495408	0.524407926535	0.473175447076	0.694055099082	0.625422909618	0.668438859352	0.639439342678	0.639922667956	0.662638956017	0.517641372644	0.559690671822	0.563073948768	0.55099081682	0.529241179314	0.648622522958	0.55775737071	0.625906234896	0.509424842919	0.62493958434
AA6	0.599806669889	0.516674722088	0.9584340261	0.656839052682	0.622522957951	0.480908651522	0.654422426293	0.459642339294	0.465442242629	0.551957467376	0.500241662639	0.574673755437	0.526824552924	0.872885451909	0.597390043499	0.567907201547	0.487675205413	0.495891735138	0.939584340261	0.764620589657	0.599323344611	0.538424359594	0.54857419043	0.539874335428	0.911068148864	0.611889801837	0.476075398743	0.50459159014	0.551474142098	0.582890285162	0.615273078782	0.545190913485	0.347027549541	0.0	0.668438859352	0.584823586274	0.508941517641	0.510874818753	0.4813919768	0.590623489609	0.49299178347	0.668438859352	0.637022716288	0.511358144031	0.464958917351	0.422426292895	0.684388593523	0.61575640406	0.664088931851	0.637989366844	0.623489608507	0.64572257129	0.521507974867	0.551474142098	0.54857419043	0.551957467376	0.53939101015	0.632672788787	0.564523924601	0.627839536008	0.521507974867	0.619623006283
AB5	0.751570807153	0.676655389077	0.970033832769	0.728854519091	0.609956500725	0.64813919768	0.743837602707	0.653939101015	0.651039149348	0.700338327695	0.658289028516	0.594490091832	0.686321894635	0.893668438859	0.722571290478	0.705654905752	0.705654905752	0.703238279362	0.943450942484	0.819236346061	0.807153214113	0.744320927985	0.749637506042	0.739971000483	0.93281778637	0.765587240213	0.696955050749	0.719671338811	0.745770903818	0.772353794103	0.784436926051	0.754470758821	0.668438859352	0.668438859352	0.0	0.308844852586	0.618173030449	0.666022232963	0.611889801837	0.640889318511	0.610923151281	0.737554374094	0.740454325761	0.656355727405	0.622039632673	0.608506524891	0.612373127115	0.608989850169	0.616723054616	0.602706621556	0.620589656839	0.611889801837	0.595940067666	0.591590140164	0.626872885452	0.612856452392	0.662638956017	0.59497341711	0.668438859352	0.608989850169	0.677622039633	0.618173030449
AB6	0.678105364911	0.594490091832	0.96761720638	0.666022232963	0.575640405993	0.568873852102	0.675688738521	0.581923634606	0.58095698405	0.623489608507	0.593040115998	0.509908168197	0.61333977767	0.883035282745	0.651039149348	0.632189463509	0.636056065732	0.635089415176	0.931851135814	0.763653939101	0.74528757854	0.676172063799	0.682455292412	0.669405509908	0.920734654422	0.702754954084	0.625906234896	0.652005799903	0.676655389077	0.695505074915	0.730787820203	0.688738521025	0.582890285162	0.584823586274	0.308844852586	0.0	0.558724021266	0.587723537941	0.551474142098	0.559207346544	0.535524407927	0.674722087965	0.667955534074	0.556790720155	0.552924117931	0.535524407927	0.590623489609	0.537457709038	0.589656839053	0.55099081682	0.559207346544	0.572257129048	0.520057999033	0.53020782987	0.561623972934	0.549057515708	0.587240212663	0.555340744321	0.596423392943	0.548090865152	0.616239729338	0.551957467376
AC5	0.601256645723	0.565490575157	0.970033832769	0.651522474625	0.608506524891	0.489125181247	0.681005316578	0.419526341228	0.422426292895	0.574190430159	0.391010149831	0.557274045433	0.553890768487	0.884485258579	0.643789270179	0.588690188497	0.459642339294	0.457225712905	0.947800869986	0.768970517158	0.620589656839	0.553890768487	0.490091831803	0.476075398743	0.927017883035	0.630256162397	0.434026099565	0.485258579024	0.518124697922	0.589173513775	0.53939101015	0.522957950701	0.459642339294	0.508941517641	0.618173030449	0.558724021266	0.0	0.458192363461	0.420976317061	0.602706621556	0.516674722088	0.706621556307	0.6805219913	0.550507491542	0.475108748188	0.456742387627	0.603189946834	0.55775737071	0.618656355727	0.570807153214	0.559690671822	0.579507008217	0.48380860319	0.492025132914	0.501208313195	0.482841952634	0.564040599323	0.56935717738	0.576607056549	0.558724021266	0.517158047366	0.549540840986
AC6	0.622522957951	0.50459159014	0.948767520541	0.643789270179	0.585790236829	0.524407926535	0.543740937651	0.489125181247	0.533107781537	0.458192363461	0.563557274045	0.531657805703	0.564523924601	0.85886901885	0.549057515708	0.584823586274	0.564040599323	0.568873852102	0.915901401643	0.734654422426	0.651522474625	0.59255679072	0.598356694055	0.588690188497	0.898985016916	0.603189946834	0.554374093765	0.55099081682	0.574673755437	0.594006766554	0.65732237796	0.608506524891	0.470275495408	0.510874818753	0.666022232963	0.587723537941	0.458192363461	0.0	0.533591106815	0.523441275979	0.492508458192	0.484775253746	0.455292411793	0.40744320928	0.568873852102	0.559207346544	0.685355244079	0.630739487675	0.666988883519	0.628322861286	0.635572740454	0.664572257129	0.572257129048	0.587723537941	0.591106814886	0.587723537941	0.56259062349	0.64572257129	0.581440309328	0.631222812953	0.56259062349	0.637022716288
AD6	0.590623489609	0.542774287095	0.971483808603	0.629772837119	0.56935717738	0.448042532624	0.631222812953	0.441759304012	0.434509424843	0.537457709038	0.429192846786	0.524891251812	0.523924601257	0.880618656356	0.608989850169	0.547607539874	0.491058482359	0.474142097632	0.948767520541	0.762687288545	0.614789753504	0.549057515708	0.544707588207	0.527307878202	0.915901401643	0.612856452392	0.493958434026	0.51377477042	0.533591106815	0.576607056549	0.603189946834	0.541324311261	0.467858869019	0.4813919768	0.611889801837	0.551474142098	0.420976317061	0.533591106815	0.0	0.553407443209	0.424842919285	0.697921701305	0.673272112131	0.536491058482	0.457225712905	0.431126147898	0.591106814886	0.528757854036	0.582890285162	0.540357660706	0.543740937651	0.562107298212	0.453842435959	0.457709038183	0.465442242629	0.456259062349	0.540357660706	0.551957467376	0.553890768487	0.544224262929	0.468825519575	0.532624456259
AE5	0.62735621073	0.517641372644	0.970517158047	0.634606089899	0.54857419043	0.552440792653	0.598840019333	0.565007249879	0.608506524891	0.537457709038	0.614789753504	0.501208313195	0.588206863219	0.881585306912	0.566940550991	0.588206863219	0.617689705172	0.609956500725	0.927984533591	0.744320927985	0.731754470759	0.662155630739	0.662638956017	0.651039149348	0.871435476075	0.657805703238	0.631222812953	0.623489608507	0.64572257129	0.675688738521	0.679555340744	0.637022716288	0.559207346544	0.590623489609	0.640889318511	0.559207346544	0.602706621556	0.523441275979	0.553407443209	0.0	0.36346060899	0.607539874335	0.593523441276	0.520541324311	0.634606089899	0.626389560174	0.636056065732	0.594490091832	0.633639439343	0.593040115998	0.618173030449	0.628322861286	0.549540840986	0.581440309328	0.588690188497	0.57177380377	0.564040599323	0.614789753504	0.57177380377	0.599806669889	0.586273562107	0.604639922668
AE6	0.594490091832	0.473175447076	0.970517158047	0.616239729338	0.549540840986	0.484775253746	0.579990333494	0.466408893185	0.514741420976	0.502174963751	0.534074432093	0.506041565974	0.5186080232	0.876752054132	0.568390526825	0.546157564041	0.547607539874	0.534074432093	0.936201063316	0.750120831319	0.672788786854	0.591106814886	0.597390043499	0.581923634606	0.898985016916	0.629289511841	0.53939101015	0.555340744321	0.583856935718	0.61575640406	0.6389560174	0.593040115998	0.468342194297	0.49299178347	0.610923151281	0.535524407927	0.516674722088	0.492508458192	0.424842919285	0.36346060899	0.0	0.633156114065	0.610923151281	0.481875302078	0.53697438376	0.531174480425	0.628322861286	0.57177380377	0.61333977767	0.580473658772	0.593523441276	0.605606573224	0.471242145964	0.504108264862	0.512324794587	0.502658289029	0.518124697922	0.597873368777	0.538907684872	0.569840502658	0.512808119865	0.581923634606
AF5	0.711938134364	0.610923151281	0.932334461092	0.664088931851	0.662155630739	0.676655389077	0.556790720155	0.648622522958	0.688738521025	0.579990333494	0.720154664089	0.623006283229	0.677138714355	0.847752537458	0.591590140164	0.672788786854	0.714838086032	0.719671338811	0.873852102465	0.716771387144	0.718704688255	0.676172063799	0.720637989367	0.719188013533	0.8796520058	0.692605123248	0.698888351861	0.684871918801	0.670372160464	0.676655389077	0.764137264379	0.722571290478	0.623006283229	0.668438859352	0.737554374094	0.674722087965	0.706621556307	0.484775253746	0.697921701305	0.607539874335	0.633156114065	0.0	0.271628806187	0.53020782987	0.727404543258	0.717738037699	0.750120831319	0.716288061866	0.734654422426	0.698405026583	0.735137747704	0.737554374094	0.69212179797	0.71532141131	0.723054615756	0.712421459642	0.673272112131	0.723054615756	0.673272112131	0.697921701305	0.718704688255	0.72692121798
AF6	0.699371677139	0.59497341711	0.925567907202	0.658289028516	0.666505558241	0.660705654906	0.532624456259	0.62493958434	0.665055582407	0.556307394877	0.697921701305	0.608989850169	0.65732237796	0.841469308845	0.567423876269	0.653939101015	0.698405026583	0.704204929918	0.870952150797	0.710004833253	0.700821652972	0.654905751571	0.698888351861	0.702271628806	0.874818753021	0.67133881102	0.675688738521	0.662638956017	0.644755920735	0.656355727405	0.750120831319	0.704204929918	0.593040115998	0.637022716288	0.740454325761	0.667955534074	0.6805219913	0.455292411793	0.673272112131	0.593523441276	0.610923151281	0.271628806187	0.0	0.501208313195	0.704688255196	0.690671822136	0.748670855486	0.698888351861	0.724021266312	0.697921701305	0.709521507975	0.735137747704	0.670372160464	0.690671822136	0.70130497825	0.692605123248	0.648622522958	0.721604639923	0.65055582407	0.694055099082	0.700338327695	0.711938134364
