	AA3	AA4	AB3	AB4	AC3	AC4	AD3	AD4	AE3	AE4	AF3	AF4	AG3	AG4	AH3	AH4	AA7	AA8	AB7	AB8	AC7	AC8	AD7	AD8	AE7	AE8	AF7	AF8	AG7	AG8	AH7	AH8	AA5	AA6	AB5	AB6	AC5	AC6	AD6	AE5	AE6	AF5	AF6	AG5	AH5	AH6	AA1	AA2	AB1	AB2	AC1	AC2	AD1	AD2	AE1	AE2	AF1	AF2	AG1	AG2	AH1	AH2
AA3	0.0	0.501691638473	0.931367810536	0.646205896568	0.646205896568	0.567907201547	0.666022232963	0.581440309328	0.56935717738	0.623006283229	0.611889801837	0.596906718221	0.596423392943	0.844369260512	0.65973900435	0.336877718705	0.572740454326	0.565007249879	0.861285645239	0.703238279362	0.616723054616	0.564040599323	0.582406959884	0.594006766554	0.831319478009	0.585790236829	0.565007249879	0.557274045433	0.581923634606	0.569840502658	0.590140164331	0.56935717738	0.593523441276	0.605606573224	0.764137264379	0.700338327695	0.61575640406	0.632672788787	0.601256645723	0.635089415176	0.603673272112	0.709038182697	0.704688255196	0.611406476559	0.637506041566	0.620589656839	0.686321894635	0.660705654906	0.707588206863	0.673755437409	0.633156114065	0.662155630739	0.589173513775	0.556307394877	0.576607056549	0.577573707105	0.579023682939	0.685355244079	0.597873368777	0.660222329628	0.570323827936	0.658289028516
AA4	0.501691638473	0.0	0.951667472209	0.589656839053	0.566457225713	0.493475108748	0.572257129048	0.479942000967	0.511841469309	0.497341710971	0.563073948768	0.511841469309	0.482358627356	0.853552440793	0.36346060899	0.377477042049	0.536491058482	0.544224262929	0.898501691638	0.728854519091	0.658289028516	0.558240695988	0.56259062349	0.576607056549	0.877718704688	0.623006283229	0.553407443209	0.540357660706	0.593040115998	0.590140164331	0.621556307395	0.570323827936	0.502658289029	0.517641372644	0.676655389077	0.617689705172	0.565490575157	0.503141614306	0.537941034316	0.523441275979	0.490575157081	0.620589656839	0.586756887385	0.50459159014	0.59255679072	0.576607056549	0.652005799903	0.590623489609	0.634122764621	0.599323344611	0.599323344611	0.632189463509	0.535041082649	0.508941517641	0.527307878202	0.522957950701	0.493958434026	0.640889318511	0.505074915418	0.589173513775	0.529241179314	0.59255679072
AB3	0.931367810536	0.951667472209	0.0	0.668438859352	0.913484775254	0.954084098598	0.955534074432	0.942000966651	0.932334461092	0.948767520541	0.971967133881	0.930884485259	0.966167230546	0.360560657322	0.961817303045	0.943934267762	0.970517158047	0.971967133881	0.738037699372	0.764620589657	0.885935234413	0.912518124698	0.957950700822	0.951667472209	0.852585790237	0.896085065249	0.939584340261	0.920734654422	0.846785886902	0.838569357177	0.954567423876	0.947317544708	0.959400676655	0.963750604157	0.974867085549	0.971000483325	0.976317061382	0.957950700822	0.974383760271	0.973417109715	0.972450459159	0.937651039149	0.939584340261	0.950217496375	0.976317061382	0.972933784437	0.974383760271	0.971483808603	0.971483808603	0.973417109715	0.974867085549	0.973417109715	0.974867085549	0.975350410826	0.980183663606	0.974383760271	0.974383760271	0.974383760271	0.973900434993	0.975833736104	0.973900434993	0.974867085549
AB4	0.646205896568	0.589656839053	0.668438859352	0.0	0.623489608507	0.618173030449	0.68293861769	0.633639439343	0.628322861286	0.633156114065	0.666505558241	0.605606573224	0.506524891252	0.547124214596	0.613823102948	0.605606573224	0.650072498792	0.651039149348	0.720637989367	0.570323827936	0.67133881102	0.636056065732	0.666505558241	0.662155630739	0.793620106332	0.638472692122	0.662155630739	0.63653939101	0.556790720155	0.565007249879	0.701788303528	0.653455775737	0.662155630739	0.663122281295	0.727887868536	0.677622039633	0.670855485742	0.651039149348	0.643305944901	0.633639439343	0.637506041566	0.677622039633	0.663605606573	0.636056065732	0.709521507975	0.69453842436	0.697921701305	0.65973900435	0.685355244079	0.662638956017	0.672788786854	0.672305461576	0.636056065732	0.65055582407	0.664572257129	0.641855969067	0.652489125181	0.685838569357	0.650072498792	0.658772353794	0.657805703238	0.674238762687
AC3	0.646205896568	0.566457225713	0.913484775254	0.623489608507	0.0	0.481875302078	0.646205896568	0.540357660706	0.55099081682	0.581440309328	0.618656355727	0.32866118898	0.57177380377	0.823586273562	0.588690188497	0.599806669889	0.615273078782	0.607056549058	0.85886901885	0.73368777187	0.728371193813	0.652005799903	0.691155147414	0.707588206863	0.829869502175	0.681488641856	0.643789270179	0.655872402127	0.664088931851	0.670855485742	0.70130497825	0.659255679072	0.599323344611	0.620106331561	0.630256162397	0.587240212663	0.622039632673	0.589173513775	0.575640405993	0.543740937651	0.552440792653	0.660705654906	0.634606089899	0.566457225713	0.650072498792	0.646205896568	0.587723537941	0.589656839053	0.585790236829	0.570807153214	0.587723537941	0.575640405993	0.527307878202	0.565973900435	0.591590140164	0.551957467376	0.606089898502	0.586273562107	0.61333977767	0.584340260996	0.59497341711	0.59255679072
AC4	0.567907201547	0.493475108748	0.954084098598	0.618173030449	0.481875302078	0.0	0.619623006283	0.406959884002	0.388110198163	0.511358144031	0.335427742871	0.396326727888	0.488641855969	0.859352344128	0.571290478492	0.524891251812	0.46979217013	0.459642339294	0.913968100532	0.737071048816	0.588690188497	0.509424842919	0.494925084582	0.507491541808	0.883518608023	0.584340260996	0.478492025133	0.501208313195	0.534557757371	0.548090865152	0.558240695988	0.505074915418	0.447075882069	0.474142097632	0.635089415176	0.57177380377	0.459159014016	0.51619139681	0.413726437893	0.547124214596	0.477042049299	0.68293861769	0.661672305462	0.521507974867	0.503141614306	0.464475592073	0.62493958434	0.56935717738	0.600773320445	0.57177380377	0.563557274045	0.600773320445	0.497341710971	0.476075398743	0.500241662639	0.489608506525	0.529724504592	0.608506524891	0.543257612373	0.559690671822	0.473175447076	0.579023682939
AD3	0.666022232963	0.572257129048	0.955534074432	0.68293861769	0.646205896568	0.619623006283	0.0	0.519574673755	0.633156114065	0.351377477042	0.673755437409	0.594006766554	0.632189463509	0.860802319961	0.593040115998	0.631706138231	0.680038666022	0.678105364911	0.937167713871	0.764620589657	0.710004833253	0.681488641856	0.684388593523	0.681005316578	0.91203479942	0.683905268246	0.69212179797	0.683421942968	0.6805219913	0.676655389077	0.709038182697	0.676655389077	0.623006283229	0.642339294345	0.73610439826	0.685838569357	0.673755437409	0.535524407927	0.623006283229	0.588206863219	0.576607056549	0.558724021266	0.548090865152	0.547124214596	0.70130497825	0.685838569357	0.769453842436	0.701788303528	0.731271145481	0.712421459642	0.701788303528	0.738037699372	0.662638956017	0.658289028516	0.669888835186	0.656839052682	0.629772837119	0.732237796037	0.639439342678	0.709521507975	0.675688738521	0.712421459642
AD4	0.581440309328	0.479942000967	0.942000966651	0.633639439343	0.540357660706	0.406959884002	0.519574673755	0.0	0.311261478975	0.38666022233	0.43064282262	0.4813919768	0.513291445143	0.84485258579	0.540840985984	0.533107781537	0.467375543741	0.452392460126	0.928951184147	0.752054132431	0.579507008217	0.484291928468	0.478975350411	0.494441759304	0.898501691638	0.597873368777	0.444175930401	0.453359110681	0.500241662639	0.545190913485	0.548090865152	0.49299178347	0.391976800387	0.43740937651	0.655872402127	0.588690188497	0.446592556791	0.493958434026	0.443692605123	0.53697438376	0.473175447076	0.647655872402	0.617206379894	0.494441759304	0.499758337361	0.470758820686	0.661188980184	0.599323344611	0.626389560174	0.621072982117	0.602223296278	0.639922667956	0.521024649589	0.496858385694	0.520057999033	0.519091348478	0.53020782987	0.639922667956	0.549057515708	0.614306428226	0.491541807637	0.605123247946
AE3	0.56935717738	0.511841469309	0.932334461092	0.628322861286	0.55099081682	0.388110198163	0.633156114065	0.311261478975	0.0	0.499758337361	0.405993233446	0.493475108748	0.496858385694	0.843402609957	0.566457225713	0.537457709038	0.458192363461	0.446592556791	0.919284678589	0.74528757854	0.561140647656	0.470275495408	0.465442242629	0.490091831803	0.885451909135	0.589656839053	0.440309328178	0.452392460126	0.498791686805	0.539874335428	0.537457709038	0.484291928468	0.398743354277	0.44900918318	0.655872402127	0.59497341711	0.435959400677	0.531174480425	0.435476075399	0.589173513775	0.508941517641	0.686321894635	0.65973900435	0.523441275979	0.492508458192	0.455775737071	0.651522474625	0.598840019333	0.62493958434	0.607056549058	0.588206863219	0.627839536008	0.522957950701	0.497825036249	0.526341227646	0.523441275979	0.542290961817	0.638472692122	0.559207346544	0.589656839053	0.490575157081	0.599806669889
AE4	0.623006283229	0.497341710971	0.948767520541	0.633156114065	0.581440309328	0.511358144031	0.351377477042	0.38666022233	0.499758337361	0.0	0.567907201547	0.513291445143	0.570323827936	0.854035766071	0.546640889319	0.565490575157	0.577090381827	0.577090381827	0.93281778637	0.756404059932	0.655389076849	0.574673755437	0.580473658772	0.591590140164	0.910584823586	0.619623006283	0.581923634606	0.571290478492	0.587723537941	0.588690188497	0.639922667956	0.593040115998	0.51619139681	0.527307878202	0.690188496858	0.62493958434	0.572257129048	0.454325761237	0.527307878202	0.531657805703	0.510391493475	0.578540357661	0.550507491542	0.496858385694	0.597390043499	0.584340260996	0.705654905752	0.648622522958	0.678105364911	0.663122281295	0.655389076849	0.6805219913	0.589173513775	0.574673755437	0.582406959884	0.585306911551	0.566457225713	0.679072015466	0.584340260996	0.662638956017	0.575640405993	0.653455775737
AF3	0.611889801837	0.563073948768	0.971967133881	0.666505558241	0.618656355727	0.335427742871	0.673755437409	0.43064282262	0.405993233446	0.567907201547	0.0	0.526824552924	0.535041082649	0.881101981634	0.619623006283	0.589173513775	0.448525857902	0.443692605123	0.95601739971	0.785886901885	0.595456742388	0.536007733204	0.420976317061	0.438376027066	0.918801353311	0.621556307395	0.446109231513	0.501691638473	0.53697438376	0.576123731271	0.531174480425	0.508941517641	0.435476075399	0.496858385694	0.675688738521	0.623006283229	0.415176413726	0.56259062349	0.458675688739	0.616723054616	0.535524407927	0.723537941034	0.700338327695	0.552440792653	0.507491541808	0.47220879652	0.670372160464	0.609473175447	0.65732237796	0.62493958434	0.607056549058	0.642822619623	0.552440792653	0.509908168197	0.536491058482	0.542290961817	0.578057032383	0.65055582407	0.59497341711	0.609956500725	0.500724987917	0.617689705172
AF4	0.596906718221	0.511841469309	0.930884485259	0.605606573224	0.32866118898	0.396326727888	0.594006766554	0.4813919768	0.493475108748	0.513291445143	0.526824552924	0.0	0.52779120348	0.837119381344	0.559690671822	0.556790720155	0.56259062349	0.560657322378	0.891735137748	0.720637989367	0.689221846303	0.608023199613	0.625422909618	0.642339294345	0.852102464959	0.630739487675	0.587240212663	0.600289995167	0.624456259062	0.628806186564	0.658772353794	0.611406476559	0.541807636539	0.562107298212	0.621556307395	0.55775737071	0.565490575157	0.540357660706	0.513291445143	0.507974867086	0.507974867086	0.616723054616	0.595940067666	0.502174963751	0.587240212663	0.577090381827	0.608023199613	0.552440792653	0.574673755437	0.542290961817	0.55775737071	0.581923634606	0.488641855969	0.508941517641	0.537457709038	0.506041565974	0.55775737071	0.583856935718	0.567907201547	0.546640889319	0.546157564041	0.555340744321
AG3	0.596423392943	0.482358627356	0.966167230546	0.506524891252	0.57177380377	0.488641855969	0.632189463509	0.513291445143	0.496858385694	0.570323827936	0.535041082649	0.52779120348	0.0	0.839052682455	0.503624939584	0.526341227646	0.515224746254	0.50700821653	0.929917834703	0.757370710488	0.681005316578	0.58337361044	0.58095698405	0.602706621556	0.881585306912	0.631706138231	0.551474142098	0.57177380377	0.615273078782	0.616239729338	0.637989366844	0.574190430159	0.521507974867	0.524407926535	0.653939101015	0.599323344611	0.536007733204	0.565007249879	0.514741420976	0.552440792653	0.510874818753	0.666988883519	0.647172547124	0.539874335428	0.572740454326	0.554374093765	0.612856452392	0.568390526825	0.598840019333	0.575640405993	0.566457225713	0.587723537941	0.502174963751	0.506524891252	0.528757854036	0.499275012083	0.539874335428	0.607539874335	0.546640889319	0.573223779604	0.514741420976	0.574190430159
AG4	0.844369260512	0.853552440793	0.360560657322	0.547124214596	0.823586273562	0.859352344128	0.860802319961	0.84485258579	0.843402609957	0.854035766071	0.881101981634	0.837119381344	0.839052682455	0.0	0.869985500242	0.849685838569	0.882068632189	0.884485258579	0.710004833253	0.681971967134	0.806186563557	0.831319478009	0.871918801353	0.866602223296	0.82406959884	0.808119864669	0.857419043016	0.836636056066	0.768003866602	0.751087481875	0.873852102465	0.860318994683	0.87046882552	0.873852102465	0.890285161914	0.881585306912	0.882551957467	0.860318994683	0.880618656356	0.878202029966	0.877718704688	0.845819236346	0.852585790237	0.856935717738	0.892701788304	0.884485258579	0.8796520058	0.880618656356	0.883035282745	0.878202029966	0.888351860802	0.8796520058	0.882551957467	0.883035282745	0.893185113581	0.883518608023	0.880618656356	0.880135331078	0.880618656356	0.8796520058	0.883518608023	0.887868535524
AH3	0.65973900435	0.36346060899	0.961817303045	0.613823102948	0.588690188497	0.571290478492	0.593040115998	0.540840985984	0.566457225713	0.546640889319	0.619623006283	0.559690671822	0.503624939584	0.869985500242	0.0	0.531174480425	0.588206863219	0.59255679072	0.929434509425	0.767037216046	0.709521507975	0.622522957951	0.626872885452	0.637506041566	0.901401643306	0.690671822136	0.634122764621	0.625906234896	0.661672305462	0.660222329628	0.686805219913	0.635089415176	0.550024166264	0.572257129048	0.699371677139	0.64572257129	0.630256162397	0.551474142098	0.589656839053	0.547607539874	0.559207346544	0.620589656839	0.58337361044	0.556307394877	0.649589173514	0.631222812953	0.695988400193	0.617689705172	0.65973900435	0.644272595457	0.633639439343	0.663605606573	0.592073465442	0.588690188497	0.598356694055	0.591590140164	0.56935717738	0.6805219913	0.558724021266	0.632672788787	0.580473658772	0.620106331561
AH4	0.336877718705	0.377477042049	0.943934267762	0.605606573224	0.599806669889	0.524891251812	0.631706138231	0.533107781537	0.537457709038	0.565490575157	0.589173513775	0.556790720155	0.526341227646	0.849685838569	0.531174480425	0.0	0.540840985984	0.543740937651	0.872402126631	0.718221362977	0.647655872402	0.565490575157	0.571290478492	0.578057032383	0.853552440793	0.614306428226	0.5601739971	0.547607539874	0.585790236829	0.582406959884	0.597390043499	0.559690671822	0.55775737071	0.55775737071	0.704688255196	0.632672788787	0.588206863219	0.581440309328	0.558240695988	0.575157080715	0.547607539874	0.678105364911	0.654422426293	0.565007249879	0.606089898502	0.598356694055	0.649589173514	0.602706621556	0.658289028516	0.618173030449	0.597390043499	0.618656355727	0.538424359594	0.510391493475	0.534557757371	0.521991300145	0.507974867086	0.637022716288	0.527307878202	0.612373127115	0.537941034316	0.60415659739
AA7	0.572740454326	0.536491058482	0.970517158047	0.650072498792	0.615273078782	0.46979217013	0.680038666022	0.467375543741	0.458192363461	0.577090381827	0.448525857902	0.56259062349	0.515224746254	0.882068632189	0.588206863219	0.540840985984	0.0	0.281295311745	0.911551474142	0.752537457709	0.598356694055	0.493958434026	0.463508941518	0.477525374577	0.866118898018	0.587240212663	0.445625906235	0.46060898985	0.529724504592	0.56259062349	0.509908168197	0.426776220396	0.438859352344	0.491058482359	0.718704688255	0.664088931851	0.471242145964	0.56259062349	0.502174963751	0.598840019333	0.553407443209	0.719671338811	0.698405026583	0.569840502658	0.549540840986	0.520057999033	0.666988883519	0.616239729338	0.664088931851	0.633156114065	0.597873368777	0.630256162397	0.53939101015	0.509424842919	0.529724504592	0.529724504592	0.53697438376	0.637506041566	0.551957467376	0.631222812953	0.49299178347	0.61575640406
AA8	0.565007249879	0.544224262929	0.971967133881	0.651039149348	0.607056549058	0.459642339294	0.678105364911	0.452392460126	0.446592556791	0.577090381827	0.443692605123	0.560657322378	0.50700821653	0.884485258579	0.59255679072	0.543740937651	0.281295311745	0.0	0.922184630256	0.7593040116	0.593523441276	0.493958434026	0.462058965684	0.481875302078	0.869502174964	0.587723537941	0.436442725955	0.456259062349	0.53020782987	0.56259062349	0.480908651522	0.394876752054	0.432092798453	0.48622522958	0.709521507975	0.656355727405	0.467375543741	0.557274045433	0.494441759304	0.609473175447	0.54857419043	0.719671338811	0.697438376027	0.561140647656	0.543740937651	0.505558240696	0.643305944901	0.608023199613	0.661188980184	0.625906234896	0.577573707105	0.616239729338	0.522474625423	0.497341710971	0.52779120348	0.529241179314	0.537941034316	0.631706138231	0.550507491542	0.62493958434	0.480425326245	0.61333977767
AB7	0.861285645239	0.898501691638	0.738037699372	0.720637989367	0.85886901885	0.913968100532	0.937167713871	0.928951184147	0.919284678589	0.93281778637	0.95601739971	0.891735137748	0.929917834703	0.710004833253	0.929434509425	0.872402126631	0.911551474142	0.922184630256	0.0	0.418076365394	0.819719671339	0.850652489125	0.930401159981	0.919768003867	0.734654422426	0.813436442726	0.878685355244	0.861768970517	0.75688738521	0.70372160464	0.8796520058	0.885451909135	0.925084581924	0.936684388594	0.942967617206	0.935717738038	0.952634122765	0.919284678589	0.952634122765	0.929917834703	0.93523441276	0.880618656356	0.896085065249	0.90961817303	0.966167230546	0.962300628323	0.919284678589	0.923151280812	0.938617689705	0.932334461092	0.922184630256	0.913001449976	0.920251329145	0.910101498308	0.922184630256	0.91203479942	0.918801353311	0.913968100532	0.9212179797	0.924117931368	0.939101014983	0.929917834703
AB8	0.703238279362	0.728854519091	0.764620589657	0.570323827936	0.73368777187	0.737071048816	0.764620589657	0.752054132431	0.74528757854	0.756404059932	0.785886901885	0.720637989367	0.757370710488	0.681971967134	0.767037216046	0.718221362977	0.752537457709	0.7593040116	0.418076365394	0.0	0.654422426293	0.674238762687	0.751087481875	0.743837602707	0.734171097148	0.652972450459	0.702754954084	0.681971967134	0.55099081682	0.519091348478	0.722087965201	0.721604639923	0.754470758821	0.764620589657	0.80328661189	0.772353794103	0.776703721605	0.743354277429	0.778153697438	0.757854035766	0.757854035766	0.717738037699	0.730304494925	0.734654422426	0.795553407443	0.788786853552	0.801836636056	0.753020782987	0.793620106332	0.767520541324	0.763170613823	0.769453842436	0.761720637989	0.749154180764	0.757370710488	0.746737554374	0.747220879652	0.775253745771	0.746254229096	0.752537457709	0.762203963267	0.758820686322
AC7	0.616723054616	0.658289028516	0.885935234413	0.67133881102	0.728371193813	0.588690188497	0.710004833253	0.579507008217	0.561140647656	0.655389076849	0.595456742388	0.689221846303	0.681005316578	0.806186563557	0.709521507975	0.647655872402	0.598356694055	0.593523441276	0.819719671339	0.654422426293	0.0	0.393910101498	0.573707104882	0.56259062349	0.820686321895	0.586756887385	0.542774287095	0.512324794587	0.475108748188	0.491541807637	0.573707104882	0.552924117931	0.565007249879	0.601256645723	0.816819719671	0.758337361044	0.632189463509	0.655872402127	0.618656355727	0.73368777187	0.682455292412	0.710971483809	0.714838086032	0.64572257129	0.641372643789	0.608023199613	0.820686321895	0.770420492992	0.797003383277	0.787820202997	0.752054132431	0.78927017883	0.696955050749	0.664572257129	0.683421942968	0.690671822136	0.677138714355	0.796036732721	0.684388593523	0.769937167714	0.62493958434	0.765587240213
AC8	0.564040599323	0.558240695988	0.912518124698	0.636056065732	0.652005799903	0.509424842919	0.681488641856	0.484291928468	0.470275495408	0.574673755437	0.536007733204	0.608023199613	0.58337361044	0.831319478009	0.622522957951	0.565490575157	0.493958434026	0.493958434026	0.850652489125	0.674238762687	0.393910101498	0.0	0.478492025133	0.490091831803	0.837602706622	0.553890768487	0.392943450942	0.361527307878	0.441759304012	0.470758820686	0.530691155147	0.479942000967	0.473658772354	0.500241662639	0.733204446593	0.670855485742	0.545674238763	0.569840502658	0.532624456259	0.637506041566	0.586273562107	0.683905268246	0.665055582407	0.570807153214	0.556790720155	0.524891251812	0.723054615756	0.667955534074	0.708554857419	0.696955050749	0.656839052682	0.68970517158	0.59497341711	0.565007249879	0.588690188497	0.592073465442	0.574673755437	0.696955050749	0.581923634606	0.681971967134	0.532141130981	0.662638956017
AD7	0.582406959884	0.56259062349	0.957950700822	0.666505558241	0.691155147414	0.494925084582	0.684388593523	0.478975350411	0.465442242629	0.580473658772	0.420976317061	0.625422909618	0.58095698405	0.871918801353	0.626872885452	0.571290478492	0.463508941518	0.462058965684	0.930401159981	0.751087481875	0.573707104882	0.478492025133	0.0	0.291928467859	0.889801836636	0.517641372644	0.417593040116	0.440792653456	0.493475108748	0.534557757371	0.498791686805	0.468825519575	0.466408893185	0.524407926535	0.735137747704	0.677622039633	0.483325277912	0.575640405993	0.528274528758	0.638472692122	0.594006766554	0.719671338811	0.697438376027	0.586273562107	0.551957467376	0.521024649589	0.728854519091	0.668438859352	0.716771387144	0.700338327695	0.658289028516	0.68970517158	0.607539874335	0.570323827936	0.589173513775	0.601739971	0.570807153214	0.699855002417	0.585306911551	0.683905268246	0.535041082649	0.666505558241
AD8	0.594006766554	0.576607056549	0.951667472209	0.662155630739	0.707588206863	0.507491541808	0.681005316578	0.494441759304	0.490091831803	0.591590140164	0.438376027066	0.642339294345	0.602706621556	0.866602223296	0.637506041566	0.578057032383	0.477525374577	0.481875302078	0.919768003867	0.743837602707	0.56259062349	0.490091831803	0.291928467859	0.0	0.855485741904	0.488641855969	0.425809569841	0.447559207347	0.486708554857	0.526341227646	0.503624939584	0.474142097632	0.4813919768	0.538907684872	0.746737554374	0.685838569357	0.492025132914	0.58337361044	0.540357660706	0.65732237796	0.605606573224	0.71532141131	0.693571773804	0.59255679072	0.564040599323	0.535041082649	0.740937651039	0.681971967134	0.730787820203	0.711938134364	0.667955534074	0.700821652972	0.622039632673	0.58337361044	0.599806669889	0.615273078782	0.587240212663	0.717254712421	0.603189946834	0.695988400193	0.550507491542	0.6805219913
AE7	0.831319478009	0.877718704688	0.852585790237	0.793620106332	0.829869502175	0.883518608023	0.91203479942	0.898501691638	0.885451909135	0.910584823586	0.918801353311	0.852102464959	0.881585306912	0.82406959884	0.901401643306	0.853552440793	0.866118898018	0.869502174964	0.734654422426	0.734171097148	0.820686321895	0.837602706622	0.889801836636	0.855485741904	0.0	0.547607539874	0.862735621073	0.837602706622	0.76848719188	0.755920734654	0.839052682455	0.83325277912	0.898501691638	0.912518124698	0.928951184147	0.9212179797	0.923151280812	0.898985016916	0.915418076365	0.885935234413	0.896085065249	0.879168680522	0.886418559691	0.871918801353	0.943450942484	0.930884485259	0.893668438859	0.901884968584	0.913001449976	0.89125181247	0.904784920251	0.898501691638	0.896568390527	0.897051715805	0.90961817303	0.890768487192	0.898985016916	0.890768487192	0.902368293862	0.895601739971	0.903334944418	0.908168197197
AE8	0.585790236829	0.623006283229	0.896085065249	0.638472692122	0.681488641856	0.584340260996	0.683905268246	0.597873368777	0.589656839053	0.619623006283	0.621556307395	0.630739487675	0.631706138231	0.808119864669	0.690671822136	0.614306428226	0.587240212663	0.587723537941	0.813436442726	0.652972450459	0.586756887385	0.553890768487	0.517641372644	0.488641855969	0.547607539874	0.0	0.564040599323	0.540840985984	0.519091348478	0.504108264862	0.573223779604	0.546640889319	0.603673272112	0.617206379894	0.773320444659	0.72692121798	0.629289511841	0.60657322378	0.61575640406	0.660222329628	0.634122764621	0.690188496858	0.692605123248	0.612373127115	0.637989366844	0.632189463509	0.753504108265	0.704688255196	0.754954084099	0.713388110198	0.687288545191	0.722571290478	0.664572257129	0.633639439343	0.643789270179	0.647172547124	0.643789270179	0.724987916868	0.658772353794	0.705654905752	0.611889801837	0.699371677139
AF7	0.565007249879	0.553407443209	0.939584340261	0.662155630739	0.643789270179	0.478492025133	0.69212179797	0.444175930401	0.440309328178	0.581923634606	0.446109231513	0.587240212663	0.551474142098	0.857419043016	0.634122764621	0.5601739971	0.445625906235	0.436442725955	0.878685355244	0.702754954084	0.542774287095	0.392943450942	0.417593040116	0.425809569841	0.862735621073	0.564040599323	0.0	0.303044949251	0.476075398743	0.511841469309	0.477042049299	0.471242145964	0.430159497342	0.4813919768	0.697921701305	0.636056065732	0.452875785404	0.552440792653	0.500724987917	0.610923151281	0.553890768487	0.693571773804	0.670372160464	0.550507491542	0.52537457709	0.494441759304	0.670855485742	0.626872885452	0.671822136298	0.651039149348	0.612856452392	0.637989366844	0.558240695988	0.517641372644	0.544224262929	0.54857419043	0.551957467376	0.649105848236	0.561623972934	0.63653939101	0.488158530691	0.618173030449
AF8	0.557274045433	0.540357660706	0.920734654422	0.63653939101	0.655872402127	0.501208313195	0.683421942968	0.453359110681	0.452392460126	0.571290478492	0.501691638473	0.600289995167	0.57177380377	0.836636056066	0.625906234896	0.547607539874	0.46060898985	0.456259062349	0.861768970517	0.681971967134	0.512324794587	0.361527307878	0.440792653456	0.447559207347	0.837602706622	0.540840985984	0.303044949251	0.0	0.444175930401	0.478492025133	0.499758337361	0.461092315128	0.448042532624	0.500241662639	0.722087965201	0.658772353794	0.49540840986	0.554374093765	0.523441275979	0.609473175447	0.57177380377	0.678105364911	0.65055582407	0.54857419043	0.546640889319	0.519574673755	0.68970517158	0.640405993233	0.68970517158	0.670855485742	0.63653939101	0.656839052682	0.578057032383	0.536491058482	0.561623972934	0.564040599323	0.545674238763	0.67133881102	0.559690671822	0.656839052682	0.501208313195	0.632189463509
AG7	0.581923634606	0.593040115998	0.846785886902	0.556790720155	0.664088931851	0.534557757371	0.6805219913	0.500241662639	0.498791686805	0.587723537941	0.53697438376	0.624456259062	0.615273078782	0.768003866602	0.661672305462	0.585790236829	0.529724504592	0.53020782987	0.75688738521	0.55099081682	0.475108748188	0.441759304012	0.493475108748	0.486708554857	0.76848719188	0.519091348478	0.476075398743	0.444175930401	0.0	0.302078298695	0.53697438376	0.501208313195	0.515708071532	0.554857419043	0.753504108265	0.689221846303	0.53697438376	0.578057032383	0.556790720155	0.648622522958	0.600773320445	0.669405509908	0.658772353794	0.572257129048	0.590623489609	0.571290478492	0.74770420493	0.686805219913	0.729337844369	0.710004833253	0.673755437409	0.71290478492	0.628322861286	0.60415659739	0.617206379894	0.619623006283	0.615273078782	0.720637989367	0.634122764621	0.694055099082	0.584823586274	0.682455292412
AG8	0.569840502658	0.590140164331	0.838569357177	0.565007249879	0.670855485742	0.548090865152	0.676655389077	0.545190913485	0.539874335428	0.588690188497	0.576123731271	0.628806186564	0.616239729338	0.751087481875	0.660222329628	0.582406959884	0.56259062349	0.56259062349	0.70372160464	0.519091348478	0.491541807637	0.470758820686	0.534557757371	0.526341227646	0.755920734654	0.504108264862	0.511841469309	0.478492025133	0.302078298695	0.0	0.564040599323	0.532624456259	0.556790720155	0.566457225713	0.755437409377	0.696471725471	0.575157080715	0.574673755437	0.568390526825	0.653455775737	0.603673272112	0.666022232963	0.664088931851	0.581440309328	0.602706621556	0.59255679072	0.748670855486	0.692605123248	0.734654422426	0.713388110198	0.680038666022	0.714354760754	0.637989366844	0.608989850169	0.610439826003	0.625422909618	0.619139681005	0.722087965201	0.632672788787	0.691638472692	0.589656839053	0.684388593523
AH7	0.590140164331	0.621556307395	0.954567423876	0.701788303528	0.70130497825	0.558240695988	0.709038182697	0.548090865152	0.537457709038	0.639922667956	0.531174480425	0.658772353794	0.637989366844	0.873852102465	0.686805219913	0.597390043499	0.509908168197	0.480908651522	0.8796520058	0.722087965201	0.573707104882	0.530691155147	0.498791686805	0.503624939584	0.839052682455	0.573223779604	0.477042049299	0.499758337361	0.53697438376	0.564040599323	0.0	0.335427742871	0.559207346544	0.60657322378	0.784436926051	0.736587723538	0.545190913485	0.642822619623	0.607539874335	0.688738521025	0.641855969067	0.751087481875	0.749637506042	0.644272595457	0.636056065732	0.611406476559	0.758820686322	0.722087965201	0.758337361044	0.730304494925	0.698888351861	0.731754470759	0.633639439343	0.612856452392	0.62493958434	0.636056065732	0.620106331561	0.741904301595	0.631222812953	0.709521507975	0.600289995167	0.718221362977
AH8	0.56935717738	0.570323827936	0.947317544708	0.653455775737	0.659255679072	0.505074915418	0.676655389077	0.49299178347	0.484291928468	0.593040115998	0.508941517641	0.611406476559	0.574190430159	0.860318994683	0.635089415176	0.559690671822	0.426776220396	0.394876752054	0.885451909135	0.721604639923	0.552924117931	0.479942000967	0.468825519575	0.474142097632	0.83325277912	0.546640889319	0.471242145964	0.461092315128	0.501208313195	0.532624456259	0.335427742871	0.0	0.497341710971	0.544707588207	0.753020782987	0.701788303528	0.525857902368	0.589173513775	0.548090865152	0.639922667956	0.595456742388	0.71290478492	0.70372160464	0.596906718221	0.586756887385	0.550507491542	0.707588206863	0.667472208797	0.717254712421	0.678588690188	0.647655872402	0.678588690188	0.591106814886	0.562107298212	0.585306911551	0.584340260996	0.56935717738	0.688738521025	0.579023682939	0.664088931851	0.540840985984	0.670372160464
AA5	0.593523441276	0.502658289029	0.959400676655	0.662155630739	0.599323344611	0.447075882069	0.623006283229	0.391976800387	0.398743354277	0.51619139681	0.435476075399	0.541807636539	0.521507974867	0.87046882552	0.550024166264	0.55775737071	0.438859352344	0.432092798453	0.925084581924	0.754470758821	0.565007249879	0.473658772354	0.466408893185	0.4813919768	0.898501691638	0.603673272112	0.430159497342	0.448042532624	0.515708071532	0.556790720155	0.559207346544	0.497341710971	0.0	0.340744320928	0.6805219913	0.609473175447	0.464958917351	0.481875302078	0.460125664572	0.551474142098	0.486708554857	0.631706138231	0.600289995167	0.4813919768	0.518124697922	0.461092315128	0.69453842436	0.6389560174	0.665055582407	0.644272595457	0.637506041566	0.674722087965	0.546640889319	0.536491058482	0.561140647656	0.558724021266	0.541807636539	0.677622039633	0.561140647656	0.629772837119	0.499758337361	0.636056065732
AA6	0.605606573224	0.517641372644	0.963750604157	0.663122281295	0.620106331561	0.474142097632	0.642339294345	0.43740937651	0.44900918318	0.527307878202	0.496858385694	0.562107298212	0.524407926535	0.873852102465	0.572257129048	0.55775737071	0.491058482359	0.48622522958	0.936684388594	0.764620589657	0.601256645723	0.500241662639	0.524407926535	0.538907684872	0.912518124698	0.617206379894	0.4813919768	0.500241662639	0.554857419043	0.566457225713	0.60657322378	0.544707588207	0.340744320928	0.0	0.677138714355	0.603673272112	0.511841469309	0.507974867086	0.4813919768	0.576607056549	0.503141614306	0.65973900435	0.631222812953	0.509908168197	0.450459159014	0.410343160947	0.684388593523	0.637506041566	0.661188980184	0.646205896568	0.634122764621	0.668438859352	0.544224262929	0.531657805703	0.556790720155	0.551474142098	0.549057515708	0.666505558241	0.564040599323	0.632672788787	0.505558240696	0.633639439343
AB5	0.764137264379	0.676655389077	0.974867085549	0.727887868536	0.630256162397	0.635089415176	0.73610439826	0.655872402127	0.655872402127	0.690188496858	0.675688738521	0.621556307395	0.653939101015	0.890285161914	0.699371677139	0.704688255196	0.718704688255	0.709521507975	0.942967617206	0.80328661189	0.816819719671	0.733204446593	0.735137747704	0.746737554374	0.928951184147	0.773320444659	0.697921701305	0.722087965201	0.753504108265	0.755437409377	0.784436926051	0.753020782987	0.6805219913	0.677138714355	0.0	0.311744804253	0.62735621073	0.667955534074	0.622039632673	0.606089898502	0.599323344611	0.746737554374	0.721604639923	0.654905751571	0.634606089899	0.623972933784	0.630256162397	0.611406476559	0.630256162397	0.60415659739	0.621556307395	0.616239729338	0.599323344611	0.598356694055	0.623972933784	0.611889801837	0.669405509908	0.59255679072	0.673272112131	0.610439826003	0.674722087965	0.619623006283
AB6	0.700338327695	0.617689705172	0.971000483325	0.677622039633	0.587240212663	0.57177380377	0.685838569357	0.588690188497	0.59497341711	0.62493958434	0.623006283229	0.55775737071	0.599323344611	0.881585306912	0.64572257129	0.632672788787	0.664088931851	0.656355727405	0.935717738038	0.772353794103	0.758337361044	0.670855485742	0.677622039633	0.685838569357	0.9212179797	0.72692121798	0.636056065732	0.658772353794	0.689221846303	0.696471725471	0.736587723538	0.701788303528	0.609473175447	0.603673272112	0.311744804253	0.0	0.580473658772	0.60415659739	0.574190430159	0.561623972934	0.554857419043	0.688738521025	0.664088931851	0.570323827936	0.562107298212	0.568873852102	0.59497341711	0.545190913485	0.581923634606	0.546640889319	0.564040599323	0.560657322378	0.531657805703	0.545190913485	0.570807153214	0.555824069599	0.602223296278	0.55775737071	0.60657322378	0.539874335428	0.620106331561	0.550507491542
AC5	0.61575640406	0.565490575157	0.976317061382	0.670855485742	0.622039632673	0.459159014016	0.673755437409	0.446592556791	0.435959400677	0.572257129048	0.415176413726	0.565490575157	0.536007733204	0.882551957467	0.630256162397	0.588206863219	0.471242145964	0.467375543741	0.952634122765	0.776703721605	0.632189463509	0.545674238763	0.483325277912	0.492025132914	0.923151280812	0.629289511841	0.452875785404	0.49540840986	0.53697438376	0.575157080715	0.545190913485	0.525857902368	0.464958917351	0.511841469309	0.62735621073	0.580473658772	0.0	0.465442242629	0.448525857902	0.586756887385	0.522957950701	0.708554857419	0.678588690188	0.549057515708	0.490091831803	0.464958917351	0.621556307395	0.569840502658	0.629289511841	0.588690188497	0.571290478492	0.600289995167	0.520541324311	0.489125181247	0.505558240696	0.505074915418	0.568390526825	0.607056549058	0.591106814886	0.576607056549	0.517641372644	0.576123731271
AC6	0.632672788787	0.503141614306	0.957950700822	0.651039149348	0.589173513775	0.51619139681	0.535524407927	0.493958434026	0.531174480425	0.454325761237	0.56259062349	0.540357660706	0.565007249879	0.860318994683	0.551474142098	0.581440309328	0.56259062349	0.557274045433	0.919284678589	0.743354277429	0.655872402127	0.569840502658	0.575640405993	0.58337361044	0.898985016916	0.60657322378	0.552440792653	0.554374093765	0.578057032383	0.574673755437	0.642822619623	0.589173513775	0.481875302078	0.507974867086	0.667955534074	0.60415659739	0.465442242629	0.0	0.520057999033	0.529241179314	0.511358144031	0.487675205413	0.448525857902	0.444659255679	0.576607056549	0.561140647656	0.684388593523	0.634606089899	0.666505558241	0.637989366844	0.626872885452	0.65973900435	0.588690188497	0.575640405993	0.584823586274	0.584340260996	0.556790720155	0.664572257129	0.576607056549	0.630256162397	0.552440792653	0.642822619623
AD6	0.601256645723	0.537941034316	0.974383760271	0.643305944901	0.575640405993	0.413726437893	0.623006283229	0.443692605123	0.435476075399	0.527307878202	0.458675688739	0.513291445143	0.514741420976	0.880618656356	0.589656839053	0.558240695988	0.502174963751	0.494441759304	0.952634122765	0.778153697438	0.618656355727	0.532624456259	0.528274528758	0.540357660706	0.915418076365	0.61575640406	0.500724987917	0.523441275979	0.556790720155	0.568390526825	0.607539874335	0.548090865152	0.460125664572	0.4813919768	0.622039632673	0.574190430159	0.448525857902	0.520057999033	0.0	0.538424359594	0.412759787337	0.696471725471	0.666988883519	0.523924601257	0.484291928468	0.457225712905	0.61333977767	0.554857419043	0.592073465442	0.566940550991	0.552924117931	0.588206863219	0.485741904302	0.463992266796	0.480908651522	0.4813919768	0.543740937651	0.589173513775	0.55775737071	0.567907201547	0.465442242629	0.551474142098
AE5	0.635089415176	0.523441275979	0.973417109715	0.633639439343	0.543740937651	0.547124214596	0.588206863219	0.53697438376	0.589173513775	0.531657805703	0.616723054616	0.507974867086	0.552440792653	0.878202029966	0.547607539874	0.575157080715	0.598840019333	0.609473175447	0.929917834703	0.757854035766	0.73368777187	0.637506041566	0.638472692122	0.65732237796	0.885935234413	0.660222329628	0.610923151281	0.609473175447	0.648622522958	0.653455775737	0.688738521025	0.639922667956	0.551474142098	0.576607056549	0.606089898502	0.561623972934	0.586756887385	0.529241179314	0.538424359594	0.0	0.359110681489	0.623006283229	0.589173513775	0.522957950701	0.629289511841	0.622522957951	0.64572257129	0.593040115998	0.617206379894	0.590623489609	0.607539874335	0.631222812953	0.540840985984	0.559690671822	0.594006766554	0.552924117931	0.555824069599	0.630256162397	0.576607056549	0.582890285162	0.569840502658	0.601739971
AE6	0.603673272112	0.490575157081	0.972450459159	0.637506041566	0.552440792653	0.477042049299	0.576607056549	0.473175447076	0.508941517641	0.510391493475	0.535524407927	0.507974867086	0.510874818753	0.877718704688	0.559207346544	0.547607539874	0.553407443209	0.54857419043	0.93523441276	0.757854035766	0.682455292412	0.586273562107	0.594006766554	0.605606573224	0.896085065249	0.634122764621	0.553890768487	0.57177380377	0.600773320445	0.603673272112	0.641855969067	0.595456742388	0.486708554857	0.503141614306	0.599323344611	0.554857419043	0.522957950701	0.511358144031	0.412759787337	0.359110681489	0.0	0.652005799903	0.617689705172	0.485741904302	0.55775737071	0.545190913485	0.636056065732	0.573223779604	0.603673272112	0.573223779604	0.580473658772	0.608023199613	0.499758337361	0.488158530691	0.5186080232	0.49540840986	0.522957950701	0.61333977767	0.545674238763	0.564523924601	0.521024649589	0.586756887385
AF5	0.709038182697	0.620589656839	0.937651039149	0.677622039633	0.660705654906	0.68293861769	0.558724021266	0.647655872402	0.686321894635	0.578540357661	0.723537941034	0.616723054616	0.666988883519	0.845819236346	0.620589656839	0.678105364911	0.719671338811	0.719671338811	0.880618656356	0.717738037699	0.710971483809	0.683905268246	0.719671338811	0.71532141131	0.879168680522	0.690188496858	0.693571773804	0.678105364911	0.669405509908	0.666022232963	0.751087481875	0.71290478492	0.631706138231	0.65973900435	0.746737554374	0.688738521025	0.708554857419	0.487675205413	0.696471725471	0.623006283229	0.652005799903	0.0	0.265345577574	0.545674238763	0.72450459159	0.71290478492	0.767520541324	0.729821169647	0.750604156597	0.72692121798	0.734171097148	0.755437409377	0.693571773804	0.712421459642	0.72692121798	0.706138231029	0.671822136298	0.755920734654	0.672788786854	0.721121314645	0.710488158531	0.734171097148
AF6	0.704688255196	0.586756887385	0.939584340261	0.663605606573	0.634606089899	0.661672305462	0.548090865152	0.617206379894	0.65973900435	0.550507491542	0.700338327695	0.595940067666	0.647172547124	0.852585790237	0.58337361044	0.654422426293	0.698405026583	0.697438376027	0.896085065249	0.730304494925	0.714838086032	0.665055582407	0.697438376027	0.693571773804	0.886418559691	0.692605123248	0.670372160464	0.65055582407	0.658772353794	0.664088931851	0.749637506042	0.70372160464	0.600289995167	0.631222812953	0.721604639923	0.664088931851	0.678588690188	0.448525857902	0.666988883519	0.589173513775	0.617689705172	0.265345577574	0.0	0.520541324311	0.700338327695	0.686805219913	0.748187530208	0.702754954084	0.725471242146	0.693571773804	0.698405026583	0.728371193813	0.666505558241	0.683421942968	0.699855002417	0.678105364911	0.639439342678	0.724021266312	0.643789270179	0.690671822136	0.686321894635	0.708554857419
