	AA3	AA4	AB3	AB4	AC3	AC4	AD3	AD4	AE3	AE4	AF3	AF4	AG3	AG4	AH3	AH4	AA7	AA8	AB7	AB8	AC7	AC8	AD7	AD8	AE7	AE8	AF7	AF8	AG7	AG8	AH7	AH8	AA5	AA6	AB5	AB6	AC5	AC6	AD6	AE5	AE6	AF5	AF6	AG5	AH5	AH6	AA1	AA2	AB1	AB2	AC1	AC2	AD1	AD2	AE1	AE2	AF1	AF2	AG1	AG2	AH1	AH2
AA3	0.0	0.475592073465	0.938134364427	0.629772837119	0.653455775737	0.579023682939	0.674722087965	0.579507008217	0.565490575157	0.605123247946	0.607539874335	0.608989850169	0.579990333494	0.849685838569	0.651522474625	0.328177863702	0.565007249879	0.561140647656	0.861768970517	0.714354760754	0.612856452392	0.562107298212	0.581440309328	0.567423876269	0.827452875785	0.582406959884	0.564523924601	0.551957467376	0.575640405993	0.57177380377	0.582406959884	0.552440792653	0.570807153214	0.578540357661	0.74770420493	0.682455292412	0.590140164331	0.610439826003	0.578057032383	0.608506524891	0.592073465442	0.704688255196	0.678588690188	0.607056549058	0.618173030449	0.610923151281	0.680038666022	0.651039149348	0.702754954084	0.651522474625	0.63653939101	0.65732237796	0.555824069599	0.565007249879	0.577573707105	0.561140647656	0.566457225713	0.654905751571	0.592073465442	0.652489125181	0.569840502658	0.626389560174
AA4	0.475592073465	0.0	0.955050749154	0.594490091832	0.576123731271	0.503624939584	0.603189946834	0.481875302078	0.505558240696	0.510874818753	0.556307394877	0.517158047366	0.48380860319	0.859835669406	0.374093765104	0.375543740938	0.521507974867	0.519574673755	0.893185113581	0.739971000483	0.646689221846	0.565490575157	0.557274045433	0.567423876269	0.874818753021	0.613823102948	0.536007733204	0.551957467376	0.589173513775	0.609473175447	0.619139681005	0.5601739971	0.502174963751	0.507491541808	0.672788786854	0.591106814886	0.565490575157	0.523441275979	0.518124697922	0.526341227646	0.495891735138	0.634122764621	0.593523441276	0.517641372644	0.574673755437	0.564523924601	0.656839052682	0.589173513775	0.645239246013	0.605123247946	0.601256645723	0.629289511841	0.516674722088	0.513291445143	0.533107781537	0.512808119865	0.489608506525	0.626389560174	0.504108264862	0.595940067666	0.521507974867	0.574190430159
AB3	0.938134364427	0.955050749154	0.0	0.679072015466	0.918318028033	0.954567423876	0.9584340261	0.949250845819	0.937651039149	0.951184146931	0.975833736104	0.938134364427	0.969550507492	0.348477525375	0.964717254712	0.94683421943	0.977767037216	0.974383760271	0.744804253262	0.772837119381	0.895601739971	0.918318028033	0.965683905268	0.953117448043	0.853552440793	0.90285161914	0.945384243596	0.933784436926	0.850169163847	0.846302561624	0.9584340261	0.959400676655	0.96520057999	0.965683905268	0.977767037216	0.971000483325	0.977283711938	0.959400676655	0.97680038666	0.977283711938	0.975350410826	0.931367810536	0.942000966651	0.950217496375	0.97921701305	0.97680038666	0.977283711938	0.975350410826	0.971000483325	0.974867085549	0.97680038666	0.974867085549	0.97680038666	0.976317061382	0.980666988884	0.97680038666	0.974867085549	0.972450459159	0.973900434993	0.976317061382	0.97680038666	0.977767037216
AB4	0.629772837119	0.594490091832	0.679072015466	0.0	0.642822619623	0.61333977767	0.677622039633	0.61575640406	0.611406476559	0.623006283229	0.653939101015	0.616239729338	0.490091831803	0.56259062349	0.605606573224	0.599323344611	0.641855969067	0.644272595457	0.742387626873	0.597390043499	0.648622522958	0.631222812953	0.658772353794	0.652972450459	0.802319961334	0.647655872402	0.650072498792	0.63653939101	0.566457225713	0.596906718221	0.687771870469	0.652972450459	0.639922667956	0.647655872402	0.739971000483	0.674722087965	0.662155630739	0.647655872402	0.625906234896	0.652489125181	0.630256162397	0.659255679072	0.642339294345	0.63653939101	0.68293861769	0.6805219913	0.716288061866	0.670372160464	0.710488158531	0.678588690188	0.664572257129	0.687288545191	0.633156114065	0.644272595457	0.661188980184	0.641372643789	0.6389560174	0.681971967134	0.633639439343	0.673755437409	0.64813919768	0.663122281295
AC3	0.653455775737	0.576123731271	0.918318028033	0.642822619623	0.0	0.503624939584	0.635089415176	0.550024166264	0.55099081682	0.583856935718	0.626872885452	0.309811503142	0.593040115998	0.826969550507	0.586273562107	0.607056549058	0.614306428226	0.612373127115	0.865152247463	0.742870952151	0.719671338811	0.676172063799	0.70372160464	0.705171580474	0.829869502175	0.686321894635	0.642822619623	0.679555340744	0.664088931851	0.676655389077	0.702271628806	0.660705654906	0.594490091832	0.62735621073	0.617689705172	0.57177380377	0.613823102948	0.586273562107	0.577090381827	0.535041082649	0.555824069599	0.645239246013	0.624456259062	0.567423876269	0.63653939101	0.637989366844	0.600773320445	0.579990333494	0.577090381827	0.561623972934	0.596423392943	0.586756887385	0.53697438376	0.55775737071	0.579990333494	0.568390526825	0.611406476559	0.58337361044	0.607056549058	0.566457225713	0.623006283229	0.578540357661
AC4	0.579023682939	0.503624939584	0.954567423876	0.61333977767	0.503624939584	0.0	0.633156114065	0.421459642339	0.408893185114	0.520541324311	0.348960850652	0.411793136781	0.502174963751	0.860802319961	0.563557274045	0.549540840986	0.481875302078	0.476558724021	0.930401159981	0.772837119381	0.595456742388	0.534074432093	0.508941517641	0.506041565974	0.88883518608	0.576607056549	0.492508458192	0.517641372644	0.537941034316	0.576123731271	0.578057032383	0.523441275979	0.450459159014	0.472692121798	0.652005799903	0.576607056549	0.47462542291	0.52537457709	0.420976317061	0.557274045433	0.485741904302	0.691155147414	0.64572257129	0.505558240696	0.514741420976	0.492025132914	0.639922667956	0.59255679072	0.614306428226	0.591106814886	0.580473658772	0.612856452392	0.504108264862	0.519091348478	0.535524407927	0.512324794587	0.55099081682	0.609956500725	0.563073948768	0.578540357661	0.491058482359	0.572257129048
AD3	0.674722087965	0.603189946834	0.9584340261	0.677622039633	0.635089415176	0.633156114065	0.0	0.533591106815	0.662155630739	0.371193813436	0.695988400193	0.594006766554	0.655389076849	0.864668922185	0.575640405993	0.652972450459	0.695988400193	0.69453842436	0.935717738038	0.779603673272	0.736587723538	0.708554857419	0.704688255196	0.708071532141	0.913484775254	0.697438376027	0.711938134364	0.705654905752	0.700338327695	0.699855002417	0.729821169647	0.697438376027	0.638472692122	0.666988883519	0.73368777187	0.651522474625	0.692605123248	0.545190913485	0.635572740454	0.575157080715	0.588206863219	0.553890768487	0.520057999033	0.559690671822	0.710971483809	0.701788303528	0.765103914935	0.706138231029	0.733204446593	0.713388110198	0.703238279362	0.736587723538	0.656839052682	0.676172063799	0.681488641856	0.674238762687	0.642822619623	0.723054615756	0.652005799903	0.71532141131	0.701788303528	0.705654905752
AD4	0.579507008217	0.481875302078	0.949250845819	0.61575640406	0.550024166264	0.421459642339	0.533591106815	0.0	0.325277912035	0.39584340261	0.445142580957	0.496858385694	0.514258095698	0.853069115515	0.526824552924	0.534074432093	0.467858869019	0.45142580957	0.938134364427	0.775253745771	0.585306911551	0.509908168197	0.489608506525	0.489608506525	0.906234896085	0.593040115998	0.449975833736	0.473658772354	0.517641372644	0.571290478492	0.554374093765	0.493958434026	0.394393426776	0.4398260029	0.666022232963	0.576123731271	0.454809086515	0.476558724021	0.443209279845	0.530691155147	0.45142580957	0.637022716288	0.589173513775	0.470758820686	0.517158047366	0.488158530691	0.66892218463	0.61333977767	0.644272595457	0.622522957951	0.607539874335	0.643305944901	0.51377477042	0.526341227646	0.54857419043	0.52779120348	0.531657805703	0.636056065732	0.545190913485	0.620589656839	0.501691638473	0.59497341711
AE3	0.565490575157	0.505558240696	0.937651039149	0.611406476559	0.55099081682	0.408893185114	0.662155630739	0.325277912035	0.0	0.5186080232	0.397293378444	0.498791686805	0.513291445143	0.849685838569	0.561623972934	0.536007733204	0.450459159014	0.438859352344	0.919768003867	0.760753987434	0.559690671822	0.478975350411	0.475592073465	0.464958917351	0.88883518608	0.579507008217	0.432092798453	0.452392460126	0.495891735138	0.55775737071	0.540840985984	0.482358627356	0.411793136781	0.452875785404	0.655389076849	0.589656839053	0.424359594007	0.531657805703	0.423876268729	0.586756887385	0.501691638473	0.693088448526	0.653939101015	0.510391493475	0.492025132914	0.468825519575	0.64572257129	0.59497341711	0.623489608507	0.606089898502	0.583856935718	0.626872885452	0.501691638473	0.520057999033	0.532624456259	0.517158047366	0.548090865152	0.626872885452	0.559690671822	0.600773320445	0.49540840986	0.572740454326
AE4	0.605123247946	0.510874818753	0.951184146931	0.623006283229	0.583856935718	0.520541324311	0.371193813436	0.39584340261	0.5186080232	0.0	0.579507008217	0.524891251812	0.56935717738	0.858385693572	0.533591106815	0.563073948768	0.585306911551	0.581440309328	0.931367810536	0.77090381827	0.651522474625	0.584823586274	0.586273562107	0.584823586274	0.90043499275	0.619623006283	0.582890285162	0.573707104882	0.589173513775	0.609473175447	0.631706138231	0.584340260996	0.52779120348	0.546157564041	0.688255195747	0.597873368777	0.567423876269	0.473175447076	0.52537457709	0.534557757371	0.496375060416	0.588690188497	0.546157564041	0.490575157081	0.594490091832	0.585306911551	0.71532141131	0.657805703238	0.695988400193	0.675688738521	0.659255679072	0.681971967134	0.585306911551	0.588690188497	0.593523441276	0.589656839053	0.562107298212	0.675205413243	0.589173513775	0.666988883519	0.584340260996	0.642339294345
AF3	0.607539874335	0.556307394877	0.975833736104	0.653939101015	0.626872885452	0.348960850652	0.695988400193	0.445142580957	0.397293378444	0.579507008217	0.0	0.526341227646	0.537941034316	0.884968583857	0.606089898502	0.587240212663	0.46060898985	0.4398260029	0.956500724988	0.803769937168	0.596423392943	0.53697438376	0.447075882069	0.447075882069	0.924601256646	0.617689705172	0.440792653456	0.485741904302	0.554857419043	0.608989850169	0.526824552924	0.49299178347	0.454809086515	0.492025132914	0.681005316578	0.621556307395	0.425326244563	0.558724021266	0.451909134848	0.609473175447	0.533591106815	0.732721121315	0.684871918801	0.545674238763	0.510391493475	0.489125181247	0.66892218463	0.616239729338	0.664572257129	0.615273078782	0.60415659739	0.641855969067	0.543257612373	0.534074432093	0.553890768487	0.529724504592	0.58095698405	0.642822619623	0.59255679072	0.606089898502	0.505558240696	0.593523441276
AF4	0.608989850169	0.517158047366	0.938134364427	0.616239729338	0.309811503142	0.411793136781	0.594006766554	0.496858385694	0.498791686805	0.524891251812	0.526341227646	0.0	0.536491058482	0.851135814403	0.536007733204	0.556307394877	0.55775737071	0.556790720155	0.89125181247	0.734654422426	0.68970517158	0.629772837119	0.637506041566	0.644272595457	0.850652489125	0.630256162397	0.588206863219	0.623972933784	0.62493958434	0.637989366844	0.65732237796	0.609956500725	0.539874335428	0.566940550991	0.630739487675	0.537941034316	0.566940550991	0.540357660706	0.514741420976	0.489125181247	0.507491541808	0.632189463509	0.588206863219	0.519091348478	0.579507008217	0.578540357661	0.600289995167	0.54857419043	0.579990333494	0.546157564041	0.547124214596	0.573707104882	0.494925084582	0.509908168197	0.528757854036	0.512324794587	0.565007249879	0.568873852102	0.555340744321	0.538907684872	0.554857419043	0.535041082649
AG3	0.579990333494	0.48380860319	0.969550507492	0.490091831803	0.593040115998	0.502174963751	0.655389076849	0.514258095698	0.513291445143	0.56935717738	0.537941034316	0.536491058482	0.0	0.849202513291	0.53020782987	0.534557757371	0.508458192363	0.50700821653	0.93281778637	0.774287095215	0.669405509908	0.597873368777	0.579023682939	0.599806669889	0.886901884969	0.642339294345	0.543257612373	0.584823586274	0.609956500725	0.628322861286	0.637506041566	0.57177380377	0.518124697922	0.514741420976	0.660222329628	0.601739971	0.541324311261	0.565973900435	0.509908168197	0.566457225713	0.507491541808	0.669405509908	0.639922667956	0.550024166264	0.566457225713	0.563557274045	0.623972933784	0.58095698405	0.629772837119	0.595456742388	0.570807153214	0.601256645723	0.510874818753	0.521991300145	0.543740937651	0.522957950701	0.540357660706	0.602223296278	0.557274045433	0.586756887385	0.521991300145	0.565490575157
AG4	0.849685838569	0.859835669406	0.348477525375	0.56259062349	0.826969550507	0.860802319961	0.864668922185	0.853069115515	0.849685838569	0.858385693572	0.884968583857	0.851135814403	0.849202513291	0.0	0.868535524408	0.853552440793	0.895118414693	0.889801836636	0.727404543258	0.702754954084	0.82165297245	0.840985983567	0.888351860802	0.882551957467	0.818753020783	0.836152730788	0.867568873852	0.858385693572	0.773320444659	0.756404059932	0.888351860802	0.880135331078	0.878685355244	0.8796520058	0.903818269696	0.890285161914	0.894635089415	0.867568873852	0.886901884969	0.883518608023	0.880618656356	0.842919284679	0.851619139681	0.861285645239	0.903818269696	0.896568390527	0.884485258579	0.886901884969	0.88883518608	0.883518608023	0.898501691638	0.89125181247	0.890768487192	0.888351860802	0.898501691638	0.89125181247	0.887868535524	0.89125181247	0.882551957467	0.885451909135	0.893185113581	0.894635089415
AH3	0.651522474625	0.374093765104	0.964717254712	0.605606573224	0.586273562107	0.563557274045	0.575640405993	0.526824552924	0.561623972934	0.533591106815	0.606089898502	0.536007733204	0.53020782987	0.868535524408	0.0	0.540357660706	0.591106814886	0.596906718221	0.924117931368	0.774287095215	0.705654905752	0.640405993233	0.626389560174	0.642339294345	0.900918318028	0.693571773804	0.618656355727	0.633156114065	0.65973900435	0.681971967134	0.694055099082	0.640405993233	0.541807636539	0.568873852102	0.700338327695	0.619139681005	0.62735621073	0.534557757371	0.573707104882	0.554857419043	0.544224262929	0.596423392943	0.549540840986	0.54857419043	0.641372643789	0.62735621073	0.706138231029	0.619623006283	0.663605606573	0.646205896568	0.634606089899	0.668438859352	0.584823586274	0.590140164331	0.593523441276	0.586273562107	0.566457225713	0.665055582407	0.55775737071	0.631222812953	0.594006766554	0.603673272112
AH4	0.328177863702	0.375543740938	0.94683421943	0.599323344611	0.607056549058	0.549540840986	0.652972450459	0.534074432093	0.536007733204	0.563073948768	0.587240212663	0.556307394877	0.534557757371	0.853552440793	0.540357660706	0.0	0.531657805703	0.532624456259	0.878685355244	0.727404543258	0.632189463509	0.563073948768	0.569840502658	0.575640405993	0.850169163847	0.605606573224	0.551957467376	0.557274045433	0.588690188497	0.594490091832	0.594490091832	0.542290961817	0.550024166264	0.554857419043	0.714354760754	0.644272595457	0.587240212663	0.580473658772	0.543740937651	0.580473658772	0.55099081682	0.678588690188	0.649589173514	0.579507008217	0.597873368777	0.59255679072	0.664088931851	0.610439826003	0.673755437409	0.626389560174	0.608506524891	0.631706138231	0.536491058482	0.534074432093	0.549540840986	0.531657805703	0.51377477042	0.628806186564	0.544707588207	0.62493958434	0.549057515708	0.596906718221
AA7	0.565007249879	0.521507974867	0.977767037216	0.641855969067	0.614306428226	0.481875302078	0.695988400193	0.467858869019	0.450459159014	0.585306911551	0.46060898985	0.55775737071	0.508458192363	0.895118414693	0.591106814886	0.531657805703	0.0	0.283228612856	0.918801353311	0.76848719188	0.588690188497	0.512324794587	0.47462542291	0.500241662639	0.874335427743	0.584823586274	0.450459159014	0.479458675689	0.549057515708	0.59255679072	0.527307878202	0.420976317061	0.448042532624	0.480425326245	0.712421459642	0.648622522958	0.479458675689	0.567423876269	0.486708554857	0.586756887385	0.535041082649	0.716771387144	0.682455292412	0.561623972934	0.541807636539	0.5186080232	0.652972450459	0.608506524891	0.660222329628	0.630256162397	0.587723537941	0.619623006283	0.507491541808	0.521991300145	0.544707588207	0.513291445143	0.529724504592	0.617206379894	0.551957467376	0.622522957951	0.485741904302	0.585306911551
AA8	0.561140647656	0.519574673755	0.974383760271	0.644272595457	0.612373127115	0.476558724021	0.69453842436	0.45142580957	0.438859352344	0.581440309328	0.4398260029	0.556790720155	0.50700821653	0.889801836636	0.596906718221	0.532624456259	0.283228612856	0.0	0.918318028033	0.764620589657	0.589173513775	0.507974867086	0.465925567907	0.480425326245	0.869502174964	0.58095698405	0.427259545674	0.461575640406	0.540357660706	0.584823586274	0.479942000967	0.374093765104	0.43064282262	0.470758820686	0.704688255196	0.640889318511	0.462542290962	0.560657322378	0.482841952634	0.58337361044	0.523924601257	0.714838086032	0.679555340744	0.547124214596	0.535041082649	0.514741420976	0.646205896568	0.608023199613	0.665055582407	0.625422909618	0.586273562107	0.618656355727	0.508941517641	0.521024649589	0.546640889319	0.513291445143	0.529241179314	0.620106331561	0.552440792653	0.620589656839	0.488158530691	0.582890285162
AB7	0.861768970517	0.893185113581	0.744804253262	0.742387626873	0.865152247463	0.930401159981	0.935717738038	0.938134364427	0.919768003867	0.931367810536	0.956500724988	0.89125181247	0.93281778637	0.727404543258	0.924117931368	0.878685355244	0.918801353311	0.918318028033	0.0	0.387143547608	0.811019816336	0.842435959401	0.941034316095	0.915901401643	0.736587723538	0.818753020783	0.898501691638	0.8796520058	0.729821169647	0.704204929918	0.88883518608	0.901401643306	0.928951184147	0.93523441276	0.942967617206	0.932334461092	0.944900918318	0.917834702755	0.948767520541	0.924601256646	0.938134364427	0.865152247463	0.882068632189	0.916384726921	0.9584340261	0.952150797487	0.928467858869	0.922184630256	0.930401159981	0.929917834703	0.930401159981	0.922184630256	0.915418076365	0.913968100532	0.917834702755	0.91445142581	0.915901401643	0.918801353311	0.924117931368	0.926534557757	0.946350894152	0.925084581924
AB8	0.714354760754	0.739971000483	0.772837119381	0.597390043499	0.742870952151	0.772837119381	0.779603673272	0.775253745771	0.760753987434	0.77090381827	0.803769937168	0.734654422426	0.774287095215	0.702754954084	0.774287095215	0.727404543258	0.76848719188	0.764620589657	0.387143547608	0.0	0.656355727405	0.68293861769	0.772837119381	0.746254229096	0.714354760754	0.658289028516	0.735137747704	0.710488158531	0.531657805703	0.537941034316	0.73610439826	0.742387626873	0.773803769937	0.77767037216	0.823586273562	0.778637022716	0.786853552441	0.760270662156	0.786370227163	0.763653939101	0.774287095215	0.722087965201	0.731271145481	0.755437409377	0.806669888835	0.796520057999	0.820686321895	0.769453842436	0.802803286612	0.779120347994	0.776703721605	0.787820202997	0.763170613823	0.761720637989	0.768003866602	0.762203963267	0.758820686322	0.774770420493	0.760270662156	0.774287095215	0.788786853552	0.772353794103
AC7	0.612856452392	0.646689221846	0.895601739971	0.648622522958	0.719671338811	0.595456742388	0.736587723538	0.585306911551	0.559690671822	0.651522474625	0.596423392943	0.68970517158	0.669405509908	0.82165297245	0.705654905752	0.632189463509	0.588690188497	0.589173513775	0.811019816336	0.656355727405	0.0	0.37506041566	0.575157080715	0.570323827936	0.821169647173	0.579023682939	0.541807636539	0.507974867086	0.482358627356	0.502174963751	0.57177380377	0.557274045433	0.568873852102	0.591590140164	0.808603189947	0.750604156597	0.62493958434	0.645239246013	0.609956500725	0.711938134364	0.662638956017	0.713871435476	0.694055099082	0.622039632673	0.635572740454	0.612373127115	0.808119864669	0.769453842436	0.797003383277	0.773320444659	0.744804253262	0.784920251329	0.6805219913	0.674238762687	0.696471725471	0.675205413243	0.664088931851	0.778637022716	0.681971967134	0.762687288545	0.610923151281	0.740454325761
AC8	0.562107298212	0.565490575157	0.918318028033	0.631222812953	0.676172063799	0.534074432093	0.708554857419	0.509908168197	0.478975350411	0.584823586274	0.53697438376	0.629772837119	0.597873368777	0.840985983567	0.640405993233	0.563073948768	0.512324794587	0.507974867086	0.842435959401	0.68293861769	0.37506041566	0.0	0.481875302078	0.475108748188	0.843885935234	0.53939101015	0.399710004833	0.371193813436	0.450459159014	0.478975350411	0.526824552924	0.479942000967	0.485258579024	0.518124697922	0.734654422426	0.676655389077	0.541324311261	0.575157080715	0.540357660706	0.640889318511	0.581923634606	0.66892218463	0.640405993233	0.562107298212	0.570323827936	0.550507491542	0.730787820203	0.68293861769	0.730304494925	0.710488158531	0.667955534074	0.699371677139	0.601256645723	0.595940067666	0.614789753504	0.597873368777	0.576607056549	0.698405026583	0.597873368777	0.697921701305	0.537457709038	0.654422426293
AD7	0.581440309328	0.557274045433	0.965683905268	0.658772353794	0.70372160464	0.508941517641	0.704688255196	0.489608506525	0.475592073465	0.586273562107	0.447075882069	0.637506041566	0.579023682939	0.888351860802	0.626389560174	0.569840502658	0.47462542291	0.465925567907	0.941034316095	0.772837119381	0.575157080715	0.481875302078	0.0	0.304011599807	0.896568390527	0.513291445143	0.430159497342	0.435959400677	0.515708071532	0.56259062349	0.503624939584	0.446592556791	0.496858385694	0.521991300145	0.737554374094	0.670855485742	0.498308361527	0.585306911551	0.526824552924	0.634122764621	0.570807153214	0.718704688255	0.681971967134	0.574190430159	0.552924117931	0.535041082649	0.728854519091	0.675205413243	0.723054615756	0.696955050749	0.654422426293	0.687771870469	0.600289995167	0.590623489609	0.606089898502	0.587240212663	0.573707104882	0.687288545191	0.586756887385	0.684871918801	0.538907684872	0.647172547124
AD8	0.567423876269	0.567423876269	0.953117448043	0.652972450459	0.705171580474	0.506041565974	0.708071532141	0.489608506525	0.464958917351	0.584823586274	0.447075882069	0.644272595457	0.599806669889	0.882551957467	0.642339294345	0.575640405993	0.500241662639	0.480425326245	0.915901401643	0.746254229096	0.570323827936	0.475108748188	0.304011599807	0.0	0.853552440793	0.465925567907	0.418559690672	0.41904301595	0.492025132914	0.536007733204	0.489608506525	0.44900918318	0.498791686805	0.53020782987	0.743837602707	0.676172063799	0.498308361527	0.581923634606	0.534074432093	0.638472692122	0.579507008217	0.71532141131	0.679072015466	0.567423876269	0.565973900435	0.544707588207	0.742870952151	0.687771870469	0.73610439826	0.709521507975	0.667955534074	0.70130497825	0.603189946834	0.601256645723	0.616239729338	0.602223296278	0.590140164331	0.698888351861	0.608989850169	0.696471725471	0.552924117931	0.653939101015
AE7	0.827452875785	0.874818753021	0.853552440793	0.802319961334	0.829869502175	0.88883518608	0.913484775254	0.906234896085	0.88883518608	0.90043499275	0.924601256646	0.850652489125	0.886901884969	0.818753020783	0.900918318028	0.850169163847	0.874335427743	0.869502174964	0.736587723538	0.714354760754	0.821169647173	0.843885935234	0.896568390527	0.853552440793	0.0	0.546157564041	0.871435476075	0.85645239246	0.767520541324	0.762687288545	0.838569357177	0.844369260512	0.902368293862	0.904301594973	0.929917834703	0.918801353311	0.921701304978	0.894635089415	0.912518124698	0.871918801353	0.900918318028	0.86563557274	0.880135331078	0.87723537941	0.937651039149	0.927984533591	0.894151764137	0.894635089415	0.908651522475	0.894151764137	0.90285161914	0.896568390527	0.893185113581	0.889318511358	0.906718221363	0.884485258579	0.896085065249	0.895601739971	0.904301594973	0.896085065249	0.911068148864	0.899468342194
AE8	0.582406959884	0.613823102948	0.90285161914	0.647655872402	0.686321894635	0.576607056549	0.697438376027	0.593040115998	0.579507008217	0.619623006283	0.617689705172	0.630256162397	0.642339294345	0.836152730788	0.693571773804	0.605606573224	0.584823586274	0.58095698405	0.818753020783	0.658289028516	0.579023682939	0.53939101015	0.513291445143	0.465925567907	0.546157564041	0.0	0.559690671822	0.545674238763	0.506041565974	0.498791686805	0.556307394877	0.544224262929	0.599323344611	0.600773320445	0.765103914935	0.704688255196	0.613823102948	0.598840019333	0.608023199613	0.64572257129	0.632672788787	0.68970517158	0.675205413243	0.588690188497	0.634122764621	0.617689705172	0.74528757854	0.696955050749	0.753020782987	0.713871435476	0.687771870469	0.723537941034	0.648622522958	0.638472692122	0.651522474625	0.637989366844	0.639439342678	0.71532141131	0.665538907685	0.706621556307	0.61333977767	0.681488641856
AF7	0.564523924601	0.536007733204	0.945384243596	0.650072498792	0.642822619623	0.492508458192	0.711938134364	0.449975833736	0.432092798453	0.582890285162	0.440792653456	0.588206863219	0.543257612373	0.867568873852	0.618656355727	0.551957467376	0.450459159014	0.427259545674	0.898501691638	0.735137747704	0.541807636539	0.399710004833	0.430159497342	0.418559690672	0.871435476075	0.559690671822	0.0	0.316578057032	0.491541807637	0.52779120348	0.483325277912	0.450459159014	0.434992750121	0.47220879652	0.686321894635	0.62735621073	0.446109231513	0.540840985984	0.492025132914	0.597390043499	0.521507974867	0.693571773804	0.659255679072	0.526824552924	0.521507974867	0.502174963751	0.662638956017	0.618656355727	0.675205413243	0.649589173514	0.60657322378	0.630739487675	0.544707588207	0.537941034316	0.552924117931	0.543257612373	0.551957467376	0.627839536008	0.565007249879	0.63653939101	0.490575157081	0.594490091832
AF8	0.551957467376	0.551957467376	0.933784436926	0.63653939101	0.679555340744	0.517641372644	0.705654905752	0.473658772354	0.452392460126	0.573707104882	0.485741904302	0.623972933784	0.584823586274	0.858385693572	0.633156114065	0.557274045433	0.479458675689	0.461575640406	0.8796520058	0.710488158531	0.507974867086	0.371193813436	0.435959400677	0.41904301595	0.85645239246	0.545674238763	0.316578057032	0.0	0.459642339294	0.502174963751	0.500241662639	0.446592556791	0.468342194297	0.508458192363	0.727404543258	0.662638956017	0.48622522958	0.562107298212	0.526824552924	0.612856452392	0.558724021266	0.6805219913	0.64572257129	0.542290961817	0.557274045433	0.537941034316	0.708554857419	0.660222329628	0.714838086032	0.68970517158	0.649589173514	0.680038666022	0.578057032383	0.578057032383	0.592073465442	0.578540357661	0.558724021266	0.674722087965	0.576123731271	0.676655389077	0.519574673755	0.633639439343
AG7	0.575640405993	0.589173513775	0.850169163847	0.566457225713	0.664088931851	0.537941034316	0.700338327695	0.517641372644	0.495891735138	0.589173513775	0.554857419043	0.62493958434	0.609956500725	0.773320444659	0.65973900435	0.588690188497	0.549057515708	0.540357660706	0.729821169647	0.531657805703	0.482358627356	0.450459159014	0.515708071532	0.492025132914	0.767520541324	0.506041565974	0.491541807637	0.459642339294	0.0	0.3194780087	0.5601739971	0.529241179314	0.522957950701	0.549057515708	0.744804253262	0.675688738521	0.547607539874	0.572257129048	0.562107298212	0.623489608507	0.588206863219	0.654905751571	0.632189463509	0.55099081682	0.581923634606	0.569840502658	0.739971000483	0.681005316578	0.725471242146	0.700821652972	0.663122281295	0.708554857419	0.608506524891	0.611889801837	0.628806186564	0.620106331561	0.61575640406	0.704688255196	0.637989366844	0.687771870469	0.581440309328	0.655389076849
AG8	0.57177380377	0.609473175447	0.846302561624	0.596906718221	0.676655389077	0.576123731271	0.699855002417	0.571290478492	0.55775737071	0.609473175447	0.608989850169	0.637989366844	0.628322861286	0.756404059932	0.681971967134	0.594490091832	0.59255679072	0.584823586274	0.704204929918	0.537941034316	0.502174963751	0.478975350411	0.56259062349	0.536007733204	0.762687288545	0.498791686805	0.52779120348	0.502174963751	0.3194780087	0.0	0.574673755437	0.559690671822	0.574673755437	0.585306911551	0.755437409377	0.691638472692	0.594006766554	0.582406959884	0.588690188497	0.641372643789	0.609956500725	0.661188980184	0.644272595457	0.578540357661	0.621072982117	0.605123247946	0.752537457709	0.694055099082	0.739971000483	0.710004833253	0.688255195747	0.721604639923	0.636056065732	0.630739487675	0.649105848236	0.639922667956	0.632672788787	0.71532141131	0.655872402127	0.695505074915	0.606089898502	0.678105364911
AH7	0.582406959884	0.619139681005	0.9584340261	0.687771870469	0.702271628806	0.578057032383	0.729821169647	0.554374093765	0.540840985984	0.631706138231	0.526824552924	0.65732237796	0.637506041566	0.888351860802	0.694055099082	0.594490091832	0.527307878202	0.479942000967	0.88883518608	0.73610439826	0.57177380377	0.526824552924	0.503624939584	0.489608506525	0.838569357177	0.556307394877	0.483325277912	0.500241662639	0.5601739971	0.574673755437	0.0	0.318028032866	0.578057032383	0.608023199613	0.783953600773	0.728371193813	0.551957467376	0.637506041566	0.605606573224	0.662155630739	0.6389560174	0.760753987434	0.730787820203	0.631222812953	0.638472692122	0.614306428226	0.753504108265	0.725954567424	0.763653939101	0.722571290478	0.698888351861	0.735137747704	0.62493958434	0.625906234896	0.641372643789	0.628806186564	0.618173030449	0.724987916868	0.644272595457	0.716288061866	0.607056549058	0.695505074915
AH8	0.552440792653	0.5601739971	0.959400676655	0.652972450459	0.660705654906	0.523441275979	0.697438376027	0.493958434026	0.482358627356	0.584340260996	0.49299178347	0.609956500725	0.57177380377	0.880135331078	0.640405993233	0.542290961817	0.420976317061	0.374093765104	0.901401643306	0.742387626873	0.557274045433	0.479942000967	0.446592556791	0.44900918318	0.844369260512	0.544224262929	0.450459159014	0.446592556791	0.529241179314	0.559690671822	0.318028032866	0.0	0.512808119865	0.537941034316	0.749637506042	0.685355244079	0.498791686805	0.590623489609	0.542774287095	0.614306428226	0.577090381827	0.719188013533	0.6805219913	0.58337361044	0.579990333494	0.55775737071	0.705171580474	0.667472208797	0.716288061866	0.670372160464	0.641372643789	0.674722087965	0.578540357661	0.57177380377	0.588206863219	0.57177380377	0.556307394877	0.665055582407	0.582890285162	0.661188980184	0.540357660706	0.637506041566
AA5	0.570807153214	0.502174963751	0.96520057999	0.639922667956	0.594490091832	0.450459159014	0.638472692122	0.394393426776	0.411793136781	0.52779120348	0.454809086515	0.539874335428	0.518124697922	0.878685355244	0.541807636539	0.550024166264	0.448042532624	0.43064282262	0.928951184147	0.773803769937	0.568873852102	0.485258579024	0.496858385694	0.498791686805	0.902368293862	0.599323344611	0.434992750121	0.468342194297	0.522957950701	0.574673755437	0.578057032383	0.512808119865	0.0	0.335427742871	0.677622039633	0.584823586274	0.471725471242	0.466408893185	0.445625906235	0.529724504592	0.456259062349	0.632672788787	0.586273562107	0.454325761237	0.521024649589	0.472692121798	0.691638472692	0.636056065732	0.666505558241	0.646689221846	0.633156114065	0.670855485742	0.52537457709	0.549540840986	0.577573707105	0.549057515708	0.538907684872	0.662155630739	0.560657322378	0.63653939101	0.498791686805	0.611406476559
AA6	0.578540357661	0.507491541808	0.965683905268	0.647655872402	0.62735621073	0.472692121798	0.666988883519	0.4398260029	0.452875785404	0.546157564041	0.492025132914	0.566940550991	0.514741420976	0.8796520058	0.568873852102	0.554857419043	0.480425326245	0.470758820686	0.93523441276	0.77767037216	0.591590140164	0.518124697922	0.521991300145	0.53020782987	0.904301594973	0.600773320445	0.47220879652	0.508458192363	0.549057515708	0.585306911551	0.608023199613	0.537941034316	0.335427742871	0.0	0.676172063799	0.585306911551	0.503624939584	0.502658289029	0.461575640406	0.562107298212	0.479458675689	0.669405509908	0.61575640406	0.49540840986	0.462058965684	0.421459642339	0.684388593523	0.632672788787	0.665538907685	0.649105848236	0.621556307395	0.658772353794	0.526824552924	0.549540840986	0.572257129048	0.544707588207	0.546157564041	0.654422426293	0.561140647656	0.635572740454	0.512808119865	0.608989850169
AB5	0.74770420493	0.672788786854	0.977767037216	0.739971000483	0.617689705172	0.652005799903	0.73368777187	0.666022232963	0.655389076849	0.688255195747	0.681005316578	0.630739487675	0.660222329628	0.903818269696	0.700338327695	0.714354760754	0.712421459642	0.704688255196	0.942967617206	0.823586273562	0.808603189947	0.734654422426	0.737554374094	0.743837602707	0.929917834703	0.765103914935	0.686321894635	0.727404543258	0.744804253262	0.755437409377	0.783953600773	0.749637506042	0.677622039633	0.676172063799	0.0	0.334461092315	0.623006283229	0.671822136298	0.635089415176	0.620589656839	0.619623006283	0.741420976317	0.725471242146	0.659255679072	0.622522957951	0.620589656839	0.615273078782	0.615273078782	0.62735621073	0.601739971	0.620106331561	0.614306428226	0.602223296278	0.600289995167	0.614306428226	0.635089415176	0.669888835186	0.604639922668	0.662638956017	0.601739971	0.681005316578	0.610923151281
AB6	0.682455292412	0.591106814886	0.971000483325	0.674722087965	0.57177380377	0.576607056549	0.651522474625	0.576123731271	0.589656839053	0.597873368777	0.621556307395	0.537941034316	0.601739971	0.890285161914	0.619139681005	0.644272595457	0.648622522958	0.640889318511	0.932334461092	0.778637022716	0.750604156597	0.676655389077	0.670855485742	0.676172063799	0.918801353311	0.704688255196	0.62735621073	0.662638956017	0.675688738521	0.691638472692	0.728371193813	0.685355244079	0.584823586274	0.585306911551	0.334461092315	0.0	0.568873852102	0.582890285162	0.56259062349	0.547607539874	0.534074432093	0.660222329628	0.634122764621	0.538424359594	0.541324311261	0.541324311261	0.573223779604	0.529724504592	0.565007249879	0.536007733204	0.543257612373	0.558240695988	0.526824552924	0.543740937651	0.559690671822	0.573223779604	0.600289995167	0.540840985984	0.590623489609	0.535041082649	0.631222812953	0.525857902368
AC5	0.590140164331	0.565490575157	0.977283711938	0.662155630739	0.613823102948	0.47462542291	0.692605123248	0.454809086515	0.424359594007	0.567423876269	0.425326244563	0.566940550991	0.541324311261	0.894635089415	0.62735621073	0.587240212663	0.479458675689	0.462542290962	0.944900918318	0.786853552441	0.62493958434	0.541324311261	0.498308361527	0.498308361527	0.921701304978	0.613823102948	0.446109231513	0.48622522958	0.547607539874	0.594006766554	0.551957467376	0.498791686805	0.471725471242	0.503624939584	0.623006283229	0.568873852102	0.0	0.462542290962	0.456259062349	0.580473658772	0.511841469309	0.718704688255	0.664088931851	0.536007733204	0.469308844853	0.456742387627	0.601256645723	0.564523924601	0.618656355727	0.564040599323	0.556307394877	0.585306911551	0.492025132914	0.491541807637	0.502658289029	0.507491541808	0.571290478492	0.576607056549	0.587240212663	0.560657322378	0.521991300145	0.539874335428
AC6	0.610439826003	0.523441275979	0.959400676655	0.647655872402	0.586273562107	0.52537457709	0.545190913485	0.476558724021	0.531657805703	0.473175447076	0.558724021266	0.540357660706	0.565973900435	0.867568873852	0.534557757371	0.580473658772	0.567423876269	0.560657322378	0.917834702755	0.760270662156	0.645239246013	0.575157080715	0.585306911551	0.581923634606	0.894635089415	0.598840019333	0.540840985984	0.562107298212	0.572257129048	0.582406959884	0.637506041566	0.590623489609	0.466408893185	0.502658289029	0.671822136298	0.582890285162	0.462542290962	0.0	0.515708071532	0.508941517641	0.50459159014	0.48380860319	0.423876268729	0.421942967617	0.566940550991	0.550507491542	0.683905268246	0.644272595457	0.672305461576	0.637022716288	0.639439342678	0.667472208797	0.580473658772	0.587723537941	0.600289995167	0.590140164331	0.567907201547	0.661672305462	0.587240212663	0.634122764621	0.561140647656	0.629772837119
AD6	0.578057032383	0.518124697922	0.97680038666	0.625906234896	0.577090381827	0.420976317061	0.635572740454	0.443209279845	0.423876268729	0.52537457709	0.451909134848	0.514741420976	0.509908168197	0.886901884969	0.573707104882	0.543740937651	0.486708554857	0.482841952634	0.948767520541	0.786370227163	0.609956500725	0.540357660706	0.526824552924	0.534074432093	0.912518124698	0.608023199613	0.492025132914	0.526824552924	0.562107298212	0.588690188497	0.605606573224	0.542774287095	0.445625906235	0.461575640406	0.635089415176	0.56259062349	0.456259062349	0.515708071532	0.0	0.523924601257	0.405509908168	0.694055099082	0.648622522958	0.511841469309	0.479942000967	0.464475592073	0.611406476559	0.556790720155	0.603189946834	0.566940550991	0.552924117931	0.590623489609	0.477525374577	0.477525374577	0.494441759304	0.479942000967	0.535041082649	0.581440309328	0.53697438376	0.565973900435	0.47462542291	0.53697438376
AE5	0.608506524891	0.526341227646	0.977283711938	0.652489125181	0.535041082649	0.557274045433	0.575157080715	0.530691155147	0.586756887385	0.534557757371	0.609473175447	0.489125181247	0.566457225713	0.883518608023	0.554857419043	0.580473658772	0.586756887385	0.58337361044	0.924601256646	0.763653939101	0.711938134364	0.640889318511	0.634122764621	0.638472692122	0.871918801353	0.64572257129	0.597390043499	0.612856452392	0.623489608507	0.641372643789	0.662155630739	0.614306428226	0.529724504592	0.562107298212	0.620589656839	0.547607539874	0.580473658772	0.508941517641	0.523924601257	0.0	0.35427742871	0.611406476559	0.57177380377	0.49540840986	0.608989850169	0.609956500725	0.639922667956	0.592073465442	0.637506041566	0.593523441276	0.603189946834	0.631706138231	0.514741420976	0.542290961817	0.581923634606	0.548090865152	0.550024166264	0.618656355727	0.555824069599	0.598356694055	0.561140647656	0.583856935718
AE6	0.592073465442	0.495891735138	0.975350410826	0.630256162397	0.555824069599	0.485741904302	0.588206863219	0.45142580957	0.501691638473	0.496375060416	0.533591106815	0.507491541808	0.507491541808	0.880618656356	0.544224262929	0.55099081682	0.535041082649	0.523924601257	0.938134364427	0.774287095215	0.662638956017	0.581923634606	0.570807153214	0.579507008217	0.900918318028	0.632672788787	0.521507974867	0.558724021266	0.588206863219	0.609956500725	0.6389560174	0.577090381827	0.456259062349	0.479458675689	0.619623006283	0.534074432093	0.511841469309	0.50459159014	0.405509908168	0.35427742871	0.0	0.644755920735	0.601256645723	0.475592073465	0.534074432093	0.53020782987	0.643789270179	0.584823586274	0.619139681005	0.590140164331	0.590623489609	0.622039632673	0.49540840986	0.505074915418	0.532624456259	0.512324794587	0.523924601257	0.60415659739	0.53939101015	0.590140164331	0.507974867086	0.572740454326
AF5	0.704688255196	0.634122764621	0.931367810536	0.659255679072	0.645239246013	0.691155147414	0.553890768487	0.637022716288	0.693088448526	0.588690188497	0.732721121315	0.632189463509	0.669405509908	0.842919284679	0.596423392943	0.678588690188	0.716771387144	0.714838086032	0.865152247463	0.722087965201	0.713871435476	0.66892218463	0.718704688255	0.71532141131	0.86563557274	0.68970517158	0.693571773804	0.6805219913	0.654905751571	0.661188980184	0.760753987434	0.719188013533	0.632672788787	0.669405509908	0.741420976317	0.660222329628	0.718704688255	0.48380860319	0.694055099082	0.611406476559	0.644755920735	0.0	0.289028516191	0.537457709038	0.723537941034	0.721121314645	0.757370710488	0.719188013533	0.739487675205	0.718221362977	0.73368777187	0.743354277429	0.688255195747	0.71290478492	0.729337844369	0.71290478492	0.674238762687	0.742387626873	0.678588690188	0.715804736588	0.715804736588	0.721121314645
AF6	0.678588690188	0.593523441276	0.942000966651	0.642339294345	0.624456259062	0.64572257129	0.520057999033	0.589173513775	0.653939101015	0.546157564041	0.684871918801	0.588206863219	0.639922667956	0.851619139681	0.549540840986	0.649589173514	0.682455292412	0.679555340744	0.882068632189	0.731271145481	0.694055099082	0.640405993233	0.681971967134	0.679072015466	0.880135331078	0.675205413243	0.659255679072	0.64572257129	0.632189463509	0.644272595457	0.730787820203	0.6805219913	0.586273562107	0.61575640406	0.725471242146	0.634122764621	0.664088931851	0.423876268729	0.648622522958	0.57177380377	0.601256645723	0.289028516191	0.0	0.500724987917	0.685355244079	0.674722087965	0.745770903818	0.688738521025	0.715804736588	0.687288545191	0.686321894635	0.713871435476	0.654422426293	0.67133881102	0.684388593523	0.672788786854	0.632189463509	0.712421459642	0.632672788787	0.681971967134	0.672788786854	0.677622039633
