	AA3	AA4	AB3	AB4	AC3	AC4	AD3	AD4	AE3	AE4	AF3	AF4	AG3	AG4	AH3	AH4	AA7	AA8	AB7	AB8	AC7	AC8	AD7	AD8	AE7	AE8	AF7	AF8	AG7	AG8	AH7	AH8	AA5	AA6	AB5	AB6	AC5	AC6	AD6	AE5	AE6	AF5	AF6	AG5	AH5	AH6	AA1	AA2	AB1	AB2	AC1	AC2	AD1	AD2	AE1	AE2	AF1	AF2	AG1	AG2	AH1	AH2
AA3	0.0	0.473658772354	0.942000966651	0.635572740454	0.681488641856	0.596423392943	0.678105364911	0.588690188497	0.587723537941	0.637989366844	0.621556307395	0.623972933784	0.590140164331	0.840019333011	0.658772353794	0.324311261479	0.585306911551	0.572740454326	0.866602223296	0.714354760754	0.626389560174	0.582890285162	0.596906718221	0.594006766554	0.836152730788	0.608506524891	0.579507008217	0.574673755437	0.599323344611	0.595940067666	0.594490091832	0.554374093765	0.596906718221	0.60657322378	0.744320927985	0.69212179797	0.619623006283	0.613823102948	0.60657322378	0.625906234896	0.610923151281	0.724987916868	0.697438376027	0.620106331561	0.633639439343	0.637506041566	0.68293861769	0.633639439343	0.706138231029	0.681005316578	0.640889318511	0.661672305462	0.568873852102	0.573223779604	0.574673755437	0.549057515708	0.58095698405	0.662155630739	0.586756887385	0.672788786854	0.590623489609	0.634122764621
AA4	0.473658772354	0.0	0.956984050266	0.56935717738	0.590140164331	0.483325277912	0.593040115998	0.462058965684	0.501691638473	0.526824552924	0.544224262929	0.510391493475	0.469308844853	0.853069115515	0.387626872885	0.365877235379	0.518124697922	0.522957950701	0.896568390527	0.72692121798	0.642822619623	0.572257129048	0.567423876269	0.576607056549	0.878202029966	0.61333977767	0.533107781537	0.538907684872	0.582406959884	0.587723537941	0.622522957951	0.561140647656	0.49540840986	0.509424842919	0.660222329628	0.585790236829	0.563557274045	0.487191880135	0.525857902368	0.506524891252	0.476558724021	0.626872885452	0.595456742388	0.496858385694	0.581923634606	0.556790720155	0.643305944901	0.571290478492	0.621556307395	0.600773320445	0.586756887385	0.617689705172	0.512808119865	0.501208313195	0.514258095698	0.495891735138	0.494925084582	0.622522957951	0.482841952634	0.603189946834	0.507974867086	0.559690671822
AB3	0.942000966651	0.956984050266	0.0	0.690671822136	0.91203479942	0.954084098598	0.963750604157	0.942000966651	0.936684388594	0.951184146931	0.973900434993	0.942484291928	0.96761720638	0.346544224263	0.961817303045	0.941034316095	0.971000483325	0.968583856936	0.731754470759	0.770420492992	0.894635089415	0.916868052199	0.962783953601	0.949734171097	0.849685838569	0.904301594973	0.947800869986	0.933301111648	0.85886901885	0.844369260512	0.952634122765	0.949734171097	0.95601739971	0.961333977767	0.977767037216	0.968583856936	0.975350410826	0.958917351377	0.975833736104	0.975350410826	0.973900434993	0.937167713871	0.934267762204	0.94441759304	0.976317061382	0.973900434993	0.97680038666	0.974383760271	0.970517158047	0.975350410826	0.975833736104	0.97680038666	0.975350410826	0.976317061382	0.97921701305	0.977283711938	0.975350410826	0.977283711938	0.975833736104	0.975833736104	0.97680038666	0.976317061382
AB4	0.635572740454	0.56935717738	0.690671822136	0.0	0.637022716288	0.586756887385	0.666988883519	0.591106814886	0.599323344611	0.619623006283	0.629772837119	0.604639922668	0.479458675689	0.569840502658	0.590140164331	0.574190430159	0.622522957951	0.626389560174	0.727887868536	0.579990333494	0.652972450459	0.625906234896	0.656839052682	0.646689221846	0.794586756887	0.634606089899	0.640889318511	0.631222812953	0.55099081682	0.569840502658	0.682455292412	0.635572740454	0.62493958434	0.635572740454	0.718704688255	0.656839052682	0.648622522958	0.616239729338	0.613823102948	0.615273078782	0.608506524891	0.652489125181	0.639922667956	0.605123247946	0.675688738521	0.66892218463	0.698405026583	0.643305944901	0.68293861769	0.673272112131	0.655389076849	0.671822136298	0.607539874335	0.623006283229	0.633639439343	0.631706138231	0.626872885452	0.675205413243	0.617689705172	0.664088931851	0.632672788787	0.647655872402
AC3	0.681488641856	0.590140164331	0.91203479942	0.637022716288	0.0	0.498308361527	0.64813919768	0.552924117931	0.598356694055	0.600773320445	0.635089415176	0.345577573707	0.625422909618	0.817786370227	0.621072982117	0.606089898502	0.628806186564	0.617689705172	0.862252295795	0.743354277429	0.739004349928	0.695021749638	0.73852102465	0.727404543258	0.823586273562	0.687771870469	0.658289028516	0.686805219913	0.681971967134	0.683421942968	0.716771387144	0.663605606573	0.624456259062	0.648622522958	0.62735621073	0.587240212663	0.639439342678	0.591590140164	0.591590140164	0.573223779604	0.576123731271	0.65055582407	0.645239246013	0.572740454326	0.660705654906	0.653455775737	0.591590140164	0.593523441276	0.579507008217	0.583856935718	0.602706621556	0.591590140164	0.553890768487	0.582890285162	0.582406959884	0.575157080715	0.632672788787	0.591106814886	0.616239729338	0.603189946834	0.632189463509	0.600773320445
AC4	0.596423392943	0.483325277912	0.954084098598	0.586756887385	0.498308361527	0.0	0.62493958434	0.409859835669	0.429192846786	0.517641372644	0.358144030933	0.397293378444	0.502658289029	0.853069115515	0.562107298212	0.528757854036	0.490091831803	0.464475592073	0.919768003867	0.750604156597	0.601256645723	0.546640889319	0.540357660706	0.534557757371	0.886901884969	0.584340260996	0.490091831803	0.523441275979	0.542774287095	0.55099081682	0.588690188497	0.522474625423	0.476558724021	0.477525374577	0.620589656839	0.553407443209	0.467858869019	0.495891735138	0.417593040116	0.534074432093	0.482358627356	0.671822136298	0.645239246013	0.498308361527	0.512324794587	0.498791686805	0.632672788787	0.559690671822	0.592073465442	0.588690188497	0.565973900435	0.597390043499	0.489125181247	0.49299178347	0.502174963751	0.498791686805	0.553890768487	0.594490091832	0.547124214596	0.567907201547	0.478492025133	0.540840985984
AD3	0.678105364911	0.593040115998	0.963750604157	0.666988883519	0.64813919768	0.62493958434	0.0	0.538424359594	0.640889318511	0.369260512325	0.670372160464	0.61333977767	0.642822619623	0.865152247463	0.588690188497	0.633639439343	0.681005316578	0.684871918801	0.943450942484	0.779120347994	0.720637989367	0.690188496858	0.695021749638	0.698888351861	0.924601256646	0.688738521025	0.694055099082	0.702271628806	0.692605123248	0.686321894635	0.718704688255	0.68970517158	0.620106331561	0.644755920735	0.729337844369	0.658289028516	0.679555340744	0.53697438376	0.629772837119	0.584340260996	0.583856935718	0.551957467376	0.518124697922	0.538907684872	0.70130497825	0.691155147414	0.763170613823	0.700338327695	0.730787820203	0.709521507975	0.702754954084	0.735621072982	0.65973900435	0.660705654906	0.664088931851	0.662155630739	0.634606089899	0.729821169647	0.639922667956	0.707588206863	0.68293861769	0.700821652972
AD4	0.588690188497	0.462058965684	0.942000966651	0.591106814886	0.552924117931	0.409859835669	0.538424359594	0.0	0.316094731754	0.420492991783	0.429192846786	0.47220879652	0.510874818753	0.844369260512	0.523441275979	0.514258095698	0.453359110681	0.438376027066	0.93281778637	0.758337361044	0.570807153214	0.496375060416	0.506524891252	0.505558240696	0.899951667472	0.599323344611	0.438859352344	0.466408893185	0.494441759304	0.53697438376	0.556307394877	0.488641855969	0.403576607057	0.456259062349	0.65055582407	0.563557274045	0.450459159014	0.461092315128	0.420009666506	0.533107781537	0.473658772354	0.63653939101	0.607056549058	0.471725471242	0.515224746254	0.487191880135	0.656355727405	0.584823586274	0.61575640406	0.612856452392	0.589173513775	0.62735621073	0.507974867086	0.507491541808	0.514258095698	0.505558240696	0.53697438376	0.626872885452	0.528757854036	0.60657322378	0.494441759304	0.573707104882
AE3	0.587723537941	0.501691638473	0.936684388594	0.599323344611	0.598356694055	0.429192846786	0.640889318511	0.316094731754	0.0	0.524407926535	0.400193330111	0.522957950701	0.502658289029	0.843885935234	0.564523924601	0.525857902368	0.425809569841	0.402609956501	0.927017883035	0.757370710488	0.551474142098	0.476075398743	0.475592073465	0.480908651522	0.89125181247	0.590623489609	0.413243112615	0.445142580957	0.485258579024	0.537941034316	0.530691155147	0.476558724021	0.399226679555	0.458675688739	0.677622039633	0.603189946834	0.444175930401	0.504108264862	0.450942484292	0.586756887385	0.520057999033	0.6805219913	0.654422426293	0.517641372644	0.526824552924	0.492025132914	0.681005316578	0.612856452392	0.644755920735	0.638472692122	0.611406476559	0.651522474625	0.53697438376	0.536491058482	0.546640889319	0.537457709038	0.551957467376	0.655389076849	0.553407443209	0.630739487675	0.501208313195	0.598840019333
AE4	0.637989366844	0.526824552924	0.951184146931	0.619623006283	0.600773320445	0.517641372644	0.369260512325	0.420492991783	0.524407926535	0.0	0.578057032383	0.551957467376	0.580473658772	0.849202513291	0.561623972934	0.568873852102	0.581440309328	0.583856935718	0.932334461092	0.761237312711	0.653455775737	0.597390043499	0.598840019333	0.593040115998	0.903818269696	0.607056549058	0.584823586274	0.593523441276	0.583856935718	0.593523441276	0.636056065732	0.58337361044	0.53020782987	0.556790720155	0.683905268246	0.608506524891	0.576123731271	0.456742387627	0.538907684872	0.529724504592	0.524407926535	0.572740454326	0.546640889319	0.493475108748	0.608023199613	0.599806669889	0.714838086032	0.660222329628	0.691638472692	0.674722087965	0.667955534074	0.693088448526	0.60415659739	0.589173513775	0.600289995167	0.600289995167	0.573707104882	0.68970517158	0.588206863219	0.674238762687	0.588206863219	0.653455775737
AF3	0.621556307395	0.544224262929	0.973900434993	0.629772837119	0.635089415176	0.358144030933	0.670372160464	0.429192846786	0.400193330111	0.578057032383	0.0	0.53697438376	0.525857902368	0.876752054132	0.607056549058	0.575157080715	0.434992750121	0.420009666506	0.957467375544	0.788786853552	0.588206863219	0.536007733204	0.44900918318	0.453842435959	0.915901401643	0.608989850169	0.44224262929	0.489608506525	0.526341227646	0.573707104882	0.521507974867	0.502658289029	0.449492508458	0.499275012083	0.677138714355	0.625906234896	0.438376027066	0.531657805703	0.452875785404	0.597390043499	0.532624456259	0.714838086032	0.684871918801	0.541807636539	0.529724504592	0.51377477042	0.681005316578	0.608023199613	0.661188980184	0.63653939101	0.609956500725	0.648622522958	0.541324311261	0.523441275979	0.537941034316	0.524891251812	0.579023682939	0.644755920735	0.572257129048	0.614306428226	0.497825036249	0.59255679072
AF4	0.623972933784	0.510391493475	0.942484291928	0.604639922668	0.345577573707	0.397293378444	0.61333977767	0.47220879652	0.522957950701	0.551957467376	0.53697438376	0.0	0.5601739971	0.843402609957	0.558240695988	0.543740937651	0.566457225713	0.555824069599	0.890285161914	0.731754470759	0.704204929918	0.644272595457	0.662155630739	0.652489125181	0.857902368294	0.650072498792	0.585306911551	0.620106331561	0.635572740454	0.633639439343	0.663122281295	0.609956500725	0.556790720155	0.584340260996	0.602706621556	0.523924601257	0.567907201547	0.540840985984	0.51377477042	0.514258095698	0.505074915418	0.625422909618	0.621556307395	0.514741420976	0.578057032383	0.571290478492	0.590623489609	0.528757854036	0.558724021266	0.548090865152	0.542774287095	0.559690671822	0.48622522958	0.506524891252	0.526824552924	0.524407926535	0.576607056549	0.561623972934	0.557274045433	0.549057515708	0.555824069599	0.52537457709
AG3	0.590140164331	0.469308844853	0.96761720638	0.479458675689	0.625422909618	0.502658289029	0.642822619623	0.510874818753	0.502658289029	0.580473658772	0.525857902368	0.5601739971	0.0	0.843402609957	0.526824552924	0.524891251812	0.496858385694	0.491541807637	0.930401159981	0.759787336878	0.657805703238	0.585790236829	0.586273562107	0.603189946834	0.889801836636	0.631706138231	0.532624456259	0.559690671822	0.592073465442	0.609473175447	0.632189463509	0.568390526825	0.523441275979	0.523441275979	0.660705654906	0.606089898502	0.550507491542	0.543740937651	0.510391493475	0.558724021266	0.509908168197	0.674238762687	0.642339294345	0.527307878202	0.580473658772	0.559207346544	0.632672788787	0.568873852102	0.624456259062	0.622039632673	0.582890285162	0.603189946834	0.510391493475	0.519091348478	0.524891251812	0.529241179314	0.545674238763	0.619139681005	0.531657805703	0.612856452392	0.499275012083	0.57177380377
AG4	0.840019333011	0.853069115515	0.346544224263	0.569840502658	0.817786370227	0.853069115515	0.865152247463	0.844369260512	0.843885935234	0.849202513291	0.876752054132	0.843402609957	0.843402609957	0.0	0.863218946351	0.836152730788	0.880135331078	0.878202029966	0.710004833253	0.683421942968	0.81488641856	0.829869502175	0.871918801353	0.862252295795	0.82648622523	0.819719671339	0.85886901885	0.848719188014	0.766553890768	0.750120831319	0.873852102465	0.85886901885	0.863218946351	0.86563557274	0.895118414693	0.881101981634	0.882068632189	0.85886901885	0.873852102465	0.872885451909	0.872402126631	0.84485258579	0.842435959401	0.852102464959	0.885451909135	0.881585306912	0.876268728855	0.874335427743	0.873852102465	0.875302078299	0.881101981634	0.878202029966	0.880135331078	0.878202029966	0.883518608023	0.878202029966	0.8796520058	0.876268728855	0.878202029966	0.873852102465	0.883035282745	0.881101981634
AH3	0.658772353794	0.387626872885	0.961817303045	0.590140164331	0.621072982117	0.562107298212	0.588690188497	0.523441275979	0.564523924601	0.561623972934	0.607056549058	0.558240695988	0.526824552924	0.863218946351	0.0	0.53697438376	0.594006766554	0.607056549058	0.924117931368	0.765587240213	0.707588206863	0.640889318511	0.642822619623	0.655389076849	0.903818269696	0.693088448526	0.63653939101	0.641855969067	0.652005799903	0.666022232963	0.697438376027	0.640889318511	0.539874335428	0.586273562107	0.701788303528	0.629289511841	0.637989366844	0.535524407927	0.591106814886	0.543257612373	0.557274045433	0.599323344611	0.579507008217	0.552440792653	0.656355727405	0.635089415176	0.693571773804	0.613823102948	0.649105848236	0.650072498792	0.635089415176	0.656355727405	0.588206863219	0.596906718221	0.596906718221	0.596423392943	0.574190430159	0.667955534074	0.565007249879	0.637022716288	0.588206863219	0.601739971
AH4	0.324311261479	0.365877235379	0.941034316095	0.574190430159	0.606089898502	0.528757854036	0.633639439343	0.514258095698	0.525857902368	0.568873852102	0.575157080715	0.543740937651	0.524891251812	0.836152730788	0.53697438376	0.0	0.533591106815	0.534074432093	0.869018849686	0.710488158531	0.628322861286	0.566457225713	0.569840502658	0.573707104882	0.842919284679	0.598356694055	0.55099081682	0.546157564041	0.568873852102	0.577573707105	0.590140164331	0.538907684872	0.538907684872	0.547124214596	0.691638472692	0.625422909618	0.585790236829	0.548090865152	0.54857419043	0.555824069599	0.534074432093	0.665538907685	0.632672788787	0.550507491542	0.602706621556	0.597873368777	0.658289028516	0.588690188497	0.652489125181	0.627839536008	0.603189946834	0.623489608507	0.520541324311	0.531657805703	0.541807636539	0.517641372644	0.510874818753	0.627839536008	0.512324794587	0.627839536008	0.53939101015	0.59255679072
AA7	0.585306911551	0.518124697922	0.971000483325	0.622522957951	0.628806186564	0.490091831803	0.681005316578	0.453359110681	0.425809569841	0.581440309328	0.434992750121	0.566457225713	0.496858385694	0.880135331078	0.594006766554	0.533591106815	0.0	0.291928467859	0.917834702755	0.761720637989	0.592073465442	0.503141614306	0.476075398743	0.492025132914	0.872885451909	0.596906718221	0.433542774287	0.458675688739	0.525857902368	0.563073948768	0.514258095698	0.426776220396	0.434992750121	0.489608506525	0.696471725471	0.646205896568	0.481875302078	0.534557757371	0.485741904302	0.598840019333	0.542290961817	0.713871435476	0.682455292412	0.563557274045	0.561140647656	0.523924601257	0.666988883519	0.600289995167	0.657805703238	0.646689221846	0.591590140164	0.625422909618	0.512324794587	0.522474625423	0.530691155147	0.513291445143	0.535524407927	0.629289511841	0.53020782987	0.643789270179	0.491541807637	0.595456742388
AA8	0.572740454326	0.522957950701	0.968583856936	0.626389560174	0.617689705172	0.464475592073	0.684871918801	0.438376027066	0.402609956501	0.583856935718	0.420009666506	0.555824069599	0.491541807637	0.878202029966	0.607056549058	0.534074432093	0.291928467859	0.0	0.918318028033	0.760753987434	0.571290478492	0.485741904302	0.467375543741	0.488158530691	0.867085548574	0.589656839053	0.415176413726	0.447075882069	0.520057999033	0.556307394877	0.486708554857	0.378927017883	0.428709521508	0.474142097632	0.687771870469	0.634122764621	0.451909134848	0.537941034316	0.467858869019	0.598356694055	0.530691155147	0.715804736588	0.68293861769	0.552440792653	0.53939101015	0.505074915418	0.645239246013	0.581440309328	0.649589173514	0.634606089899	0.575640405993	0.607056549058	0.499758337361	0.502174963751	0.512324794587	0.492025132914	0.535524407927	0.611406476559	0.536007733204	0.62735621073	0.480908651522	0.575640405993
AB7	0.866602223296	0.896568390527	0.731754470759	0.727887868536	0.862252295795	0.919768003867	0.943450942484	0.93281778637	0.927017883035	0.932334461092	0.957467375544	0.890285161914	0.930401159981	0.710004833253	0.924117931368	0.869018849686	0.917834702755	0.918318028033	0.0	0.417593040116	0.823102948284	0.848719188014	0.934267762204	0.916868052199	0.731271145481	0.823586273562	0.893185113581	0.881101981634	0.754470758821	0.708554857419	0.883518608023	0.894635089415	0.921701304978	0.928467858869	0.933301111648	0.939584340261	0.947317544708	0.910584823586	0.952634122765	0.931367810536	0.937167713871	0.8796520058	0.872402126631	0.902368293862	0.966650555824	0.951184146931	0.924117931368	0.918801353311	0.925567907202	0.927984533591	0.926051232479	0.915418076365	0.916384726921	0.916868052199	0.913001449976	0.910101498308	0.913001449976	0.913484775254	0.919284678589	0.930401159981	0.94441759304	0.925567907202
AB8	0.714354760754	0.72692121798	0.770420492992	0.579990333494	0.743354277429	0.750604156597	0.779120347994	0.758337361044	0.757370710488	0.761237312711	0.788786853552	0.731754470759	0.759787336878	0.683421942968	0.765587240213	0.710488158531	0.761720637989	0.760753987434	0.417593040116	0.0	0.660222329628	0.680038666022	0.758337361044	0.73368777187	0.737071048816	0.655389076849	0.719188013533	0.706138231029	0.551474142098	0.535524407927	0.734654422426	0.732237796037	0.758337361044	0.758820686322	0.802803286612	0.771870468826	0.774287095215	0.739487675205	0.781536974384	0.760753987434	0.757854035766	0.72450459159	0.716288061866	0.734171097148	0.801353310778	0.79168680522	0.809086515225	0.761720637989	0.787820202997	0.769453842436	0.773803769937	0.775737071049	0.760270662156	0.759787336878	0.7593040116	0.758337361044	0.755437409377	0.771870468826	0.757854035766	0.772353794103	0.776220396327	0.764137264379
AC7	0.626389560174	0.642822619623	0.894635089415	0.652972450459	0.739004349928	0.601256645723	0.720637989367	0.570807153214	0.551474142098	0.653455775737	0.588206863219	0.704204929918	0.657805703238	0.81488641856	0.707588206863	0.628322861286	0.592073465442	0.571290478492	0.823102948284	0.660222329628	0.0	0.372160463992	0.563073948768	0.573707104882	0.828902851619	0.584340260996	0.547607539874	0.520057999033	0.479458675689	0.493475108748	0.57177380377	0.541324311261	0.543257612373	0.583856935718	0.804253262446	0.745770903818	0.624456259062	0.617206379894	0.612856452392	0.71290478492	0.674238762687	0.712421459642	0.685838569357	0.631706138231	0.646205896568	0.614306428226	0.823102948284	0.754954084099	0.798936684389	0.790720154664	0.744320927985	0.783953600773	0.677138714355	0.666988883519	0.684871918801	0.668438859352	0.665055582407	0.784920251329	0.674722087965	0.772353794103	0.621556307395	0.73852102465
AC8	0.582890285162	0.572257129048	0.916868052199	0.625906234896	0.695021749638	0.546640889319	0.690188496858	0.496375060416	0.476075398743	0.597390043499	0.536007733204	0.644272595457	0.585790236829	0.829869502175	0.640889318511	0.566457225713	0.503141614306	0.485741904302	0.848719188014	0.680038666022	0.372160463992	0.0	0.485258579024	0.489608506525	0.840985983567	0.550507491542	0.399710004833	0.376993716771	0.445142580957	0.468342194297	0.512324794587	0.466892218463	0.471242145964	0.506041565974	0.737554374094	0.678105364911	0.547124214596	0.554857419043	0.547607539874	0.642822619623	0.598356694055	0.673755437409	0.646205896568	0.583856935718	0.590623489609	0.553407443209	0.746254229096	0.681488641856	0.728854519091	0.723054615756	0.66892218463	0.704688255196	0.602706621556	0.588690188497	0.608989850169	0.599806669889	0.589173513775	0.704688255196	0.597390043499	0.703238279362	0.545674238763	0.65732237796
AD7	0.596906718221	0.567423876269	0.962783953601	0.656839052682	0.73852102465	0.540357660706	0.695021749638	0.506524891252	0.475592073465	0.598840019333	0.44900918318	0.662155630739	0.586273562107	0.871918801353	0.642822619623	0.569840502658	0.476075398743	0.467375543741	0.934267762204	0.758337361044	0.563073948768	0.485258579024	0.0	0.289511841469	0.894151764137	0.521507974867	0.4398260029	0.457709038183	0.504108264862	0.540840985984	0.50700821653	0.4813919768	0.480425326245	0.534557757371	0.73610439826	0.676655389077	0.509424842919	0.56259062349	0.540840985984	0.643305944901	0.597390043499	0.716288061866	0.683421942968	0.593523441276	0.582406959884	0.561623972934	0.751570807153	0.66892218463	0.735621072982	0.72450459159	0.668438859352	0.698888351861	0.608989850169	0.596423392943	0.600289995167	0.601256645723	0.588206863219	0.707588206863	0.598356694055	0.702754954084	0.554374093765	0.659255679072
AD8	0.594006766554	0.576607056549	0.949734171097	0.646689221846	0.727404543258	0.534557757371	0.698888351861	0.505558240696	0.480908651522	0.593040115998	0.453842435959	0.652489125181	0.603189946834	0.862252295795	0.655389076849	0.573707104882	0.492025132914	0.488158530691	0.916868052199	0.73368777187	0.573707104882	0.489608506525	0.289511841469	0.0	0.853552440793	0.482358627356	0.439342677622	0.452875785404	0.472692121798	0.519091348478	0.498791686805	0.480908651522	0.49540840986	0.541324311261	0.740454325761	0.674238762687	0.499275012083	0.554857419043	0.541324311261	0.642339294345	0.600773320445	0.711454809087	0.677138714355	0.581440309328	0.585790236829	0.573223779604	0.753504108265	0.675688738521	0.740454325761	0.729337844369	0.670855485742	0.704204929918	0.619623006283	0.607056549058	0.608506524891	0.612856452392	0.611889801837	0.71290478492	0.620106331561	0.707588206863	0.574190430159	0.65973900435
AE7	0.836152730788	0.878202029966	0.849685838569	0.794586756887	0.823586273562	0.886901884969	0.924601256646	0.899951667472	0.89125181247	0.903818269696	0.915901401643	0.857902368294	0.889801836636	0.82648622523	0.903818269696	0.842919284679	0.872885451909	0.867085548574	0.731271145481	0.737071048816	0.828902851619	0.840985983567	0.894151764137	0.853552440793	0.0	0.55775737071	0.872885451909	0.85645239246	0.781053649106	0.76848719188	0.837602706622	0.840019333011	0.895601739971	0.901401643306	0.924117931368	0.922184630256	0.917834702755	0.896568390527	0.9212179797	0.883518608023	0.898501691638	0.883035282745	0.877718704688	0.872402126631	0.936201063316	0.922667955534	0.893668438859	0.895601739971	0.907201546641	0.898018366361	0.903334944418	0.893668438859	0.892218463026	0.893668438859	0.898018366361	0.890768487192	0.899468342194	0.892218463026	0.903334944418	0.91203479942	0.911551474142	0.908168197197
AE8	0.608506524891	0.61333977767	0.904301594973	0.634606089899	0.687771870469	0.584340260996	0.688738521025	0.599323344611	0.590623489609	0.607056549058	0.608989850169	0.650072498792	0.631706138231	0.819719671339	0.693088448526	0.598356694055	0.596906718221	0.589656839053	0.823586273562	0.655389076849	0.584340260996	0.550507491542	0.521507974867	0.482358627356	0.55775737071	0.0	0.578057032383	0.558240695988	0.528757854036	0.516674722088	0.575640405993	0.563073948768	0.599806669889	0.60657322378	0.74770420493	0.702754954084	0.622039632673	0.599323344611	0.62493958434	0.652972450459	0.633156114065	0.699371677139	0.662155630739	0.596423392943	0.642822619623	0.626872885452	0.754470758821	0.695021749638	0.74770420493	0.718221362977	0.69212179797	0.717738037699	0.652972450459	0.623972933784	0.642822619623	0.637506041566	0.640405993233	0.722087965201	0.653455775737	0.713871435476	0.608506524891	0.685355244079
AF7	0.579507008217	0.533107781537	0.947800869986	0.640889318511	0.658289028516	0.490091831803	0.694055099082	0.438859352344	0.413243112615	0.584823586274	0.44224262929	0.585306911551	0.532624456259	0.85886901885	0.63653939101	0.55099081682	0.433542774287	0.415176413726	0.893185113581	0.719188013533	0.547607539874	0.399710004833	0.4398260029	0.439342677622	0.872885451909	0.578057032383	0.0	0.300144997583	0.47462542291	0.507491541808	0.496375060416	0.477525374577	0.43740937651	0.46979217013	0.677138714355	0.614306428226	0.45142580957	0.521024649589	0.480908651522	0.603189946834	0.533591106815	0.693088448526	0.660705654906	0.535524407927	0.535041082649	0.497341710971	0.669888835186	0.602706621556	0.665538907685	0.657805703238	0.595456742388	0.633639439343	0.533107781537	0.524407926535	0.531174480425	0.531174480425	0.558240695988	0.631706138231	0.554374093765	0.643789270179	0.490091831803	0.579507008217
AF8	0.574673755437	0.538907684872	0.933301111648	0.631222812953	0.686805219913	0.523441275979	0.702271628806	0.466408893185	0.445142580957	0.593523441276	0.489608506525	0.620106331561	0.559690671822	0.848719188014	0.641855969067	0.546157564041	0.458675688739	0.447075882069	0.881101981634	0.706138231029	0.520057999033	0.376993716771	0.457709038183	0.452875785404	0.85645239246	0.558240695988	0.300144997583	0.0	0.463992266796	0.495891735138	0.501208313195	0.467858869019	0.447559207347	0.491541807637	0.702754954084	0.643789270179	0.492025132914	0.522957950701	0.520057999033	0.608989850169	0.564040599323	0.693571773804	0.659255679072	0.549057515708	0.564523924601	0.532624456259	0.697921701305	0.636056065732	0.694055099082	0.690188496858	0.628806186564	0.660705654906	0.564523924601	0.555824069599	0.567423876269	0.565490575157	0.563557274045	0.657805703238	0.559690671822	0.67133881102	0.511358144031	0.616723054616
AG7	0.599323344611	0.582406959884	0.85886901885	0.55099081682	0.681971967134	0.542774287095	0.692605123248	0.494441759304	0.485258579024	0.583856935718	0.526341227646	0.635572740454	0.592073465442	0.766553890768	0.652005799903	0.568873852102	0.525857902368	0.520057999033	0.754470758821	0.551474142098	0.479458675689	0.445142580957	0.504108264862	0.472692121798	0.781053649106	0.528757854036	0.47462542291	0.463992266796	0.0	0.315611406477	0.536491058482	0.499758337361	0.488158530691	0.543740937651	0.750604156597	0.681488641856	0.535041082649	0.547607539874	0.547124214596	0.6389560174	0.597873368777	0.658772353794	0.623006283229	0.561623972934	0.599806669889	0.58095698405	0.75688738521	0.675205413243	0.728854519091	0.722571290478	0.672305461576	0.707104881585	0.617206379894	0.602706621556	0.612373127115	0.616239729338	0.61575640406	0.713388110198	0.623489608507	0.695021749638	0.580473658772	0.662155630739
AG8	0.595940067666	0.587723537941	0.844369260512	0.569840502658	0.683421942968	0.55099081682	0.686321894635	0.53697438376	0.537941034316	0.593523441276	0.573707104882	0.633639439343	0.609473175447	0.750120831319	0.666022232963	0.577573707105	0.563073948768	0.556307394877	0.708554857419	0.535524407927	0.493475108748	0.468342194297	0.540840985984	0.519091348478	0.76848719188	0.516674722088	0.507491541808	0.495891735138	0.315611406477	0.0	0.567423876269	0.531174480425	0.544224262929	0.567907201547	0.746737554374	0.679555340744	0.56935717738	0.546157564041	0.570807153214	0.633156114065	0.602223296278	0.659255679072	0.627839536008	0.574190430159	0.617206379894	0.599323344611	0.753020782987	0.674722087965	0.726437892702	0.718704688255	0.672305461576	0.703238279362	0.619139681005	0.607539874335	0.623006283229	0.623006283229	0.626389560174	0.712421459642	0.631706138231	0.689221846303	0.59255679072	0.657805703238
AH7	0.594490091832	0.622522957951	0.952634122765	0.682455292412	0.716771387144	0.588690188497	0.718704688255	0.556307394877	0.530691155147	0.636056065732	0.521507974867	0.663122281295	0.632189463509	0.873852102465	0.697438376027	0.590140164331	0.514258095698	0.486708554857	0.883518608023	0.734654422426	0.57177380377	0.512324794587	0.50700821653	0.498791686805	0.837602706622	0.575640405993	0.496375060416	0.501208313195	0.536491058482	0.567423876269	0.0	0.332044465926	0.565490575157	0.608989850169	0.773803769937	0.725471242146	0.564040599323	0.619139681005	0.605123247946	0.666505558241	0.64572257129	0.77090381827	0.734654422426	0.642339294345	0.644272595457	0.62493958434	0.768970517158	0.706138231029	0.756404059932	0.741420976317	0.698405026583	0.731271145481	0.62493958434	0.62493958434	0.625422909618	0.618656355727	0.620589656839	0.732721121315	0.634122764621	0.73610439826	0.608506524891	0.702271628806
AH8	0.554374093765	0.561140647656	0.949734171097	0.635572740454	0.663605606573	0.522474625423	0.68970517158	0.488641855969	0.476558724021	0.58337361044	0.502658289029	0.609956500725	0.568390526825	0.85886901885	0.640889318511	0.538907684872	0.426776220396	0.378927017883	0.894635089415	0.732237796037	0.541324311261	0.466892218463	0.4813919768	0.480908651522	0.840019333011	0.563073948768	0.477525374577	0.467858869019	0.499758337361	0.531174480425	0.332044465926	0.0	0.498308361527	0.542290961817	0.741904301595	0.687771870469	0.529241179314	0.567423876269	0.535524407927	0.616723054616	0.587240212663	0.718704688255	0.687771870469	0.590140164331	0.594490091832	0.57177380377	0.703238279362	0.645239246013	0.710004833253	0.691638472692	0.635572740454	0.672305461576	0.564040599323	0.568390526825	0.574673755437	0.553407443209	0.561623972934	0.667472208797	0.571290478492	0.679555340744	0.540357660706	0.639922667956
AA5	0.596906718221	0.49540840986	0.95601739971	0.62493958434	0.624456259062	0.476558724021	0.620106331561	0.403576607057	0.399226679555	0.53020782987	0.449492508458	0.556790720155	0.523441275979	0.863218946351	0.539874335428	0.538907684872	0.434992750121	0.428709521508	0.921701304978	0.758337361044	0.543257612373	0.471242145964	0.480425326245	0.49540840986	0.895601739971	0.599806669889	0.43740937651	0.447559207347	0.488158530691	0.544224262929	0.565490575157	0.498308361527	0.0	0.346544224263	0.687771870469	0.596906718221	0.470758820686	0.436926051232	0.471242145964	0.532141130981	0.486708554857	0.607056549058	0.572257129048	0.459642339294	0.543257612373	0.484775253746	0.71290478492	0.643789270179	0.677622039633	0.665538907685	0.649105848236	0.679555340744	0.549057515708	0.561140647656	0.574190430159	0.560657322378	0.542290961817	0.679555340744	0.546640889319	0.652489125181	0.510874818753	0.626872885452
AA6	0.60657322378	0.509424842919	0.961333977767	0.635572740454	0.648622522958	0.477525374577	0.644755920735	0.456259062349	0.458675688739	0.556790720155	0.499275012083	0.584340260996	0.523441275979	0.86563557274	0.586273562107	0.547124214596	0.489608506525	0.474142097632	0.928467858869	0.758820686322	0.583856935718	0.506041565974	0.534557757371	0.541324311261	0.901401643306	0.60657322378	0.46979217013	0.491541807637	0.543740937651	0.567907201547	0.608989850169	0.542290961817	0.346544224263	0.0	0.6805219913	0.592073465442	0.515708071532	0.47462542291	0.476075398743	0.566940550991	0.495891735138	0.64813919768	0.609956500725	0.494441759304	0.47462542291	0.422426292895	0.70372160464	0.635572740454	0.669888835186	0.662638956017	0.637506041566	0.665538907685	0.548090865152	0.552440792653	0.565007249879	0.551474142098	0.555340744321	0.67133881102	0.554857419043	0.64572257129	0.512324794587	0.614789753504
AB5	0.744320927985	0.660222329628	0.977767037216	0.718704688255	0.62735621073	0.620589656839	0.729337844369	0.65055582407	0.677622039633	0.683905268246	0.677138714355	0.602706621556	0.660705654906	0.895118414693	0.701788303528	0.691638472692	0.696471725471	0.687771870469	0.933301111648	0.802803286612	0.804253262446	0.737554374094	0.73610439826	0.740454325761	0.924117931368	0.74770420493	0.677138714355	0.702754954084	0.750604156597	0.746737554374	0.773803769937	0.741904301595	0.687771870469	0.6805219913	0.0	0.301111648139	0.622522957951	0.656839052682	0.614789753504	0.61575640406	0.596423392943	0.727887868536	0.724987916868	0.641372643789	0.620106331561	0.619623006283	0.608506524891	0.600289995167	0.611889801837	0.595456742388	0.608989850169	0.601739971	0.581923634606	0.593523441276	0.601256645723	0.61333977767	0.666988883519	0.589173513775	0.652489125181	0.597873368777	0.662638956017	0.59497341711
AB6	0.69212179797	0.585790236829	0.968583856936	0.656839052682	0.587240212663	0.553407443209	0.658289028516	0.563557274045	0.603189946834	0.608506524891	0.625906234896	0.523924601257	0.606089898502	0.881101981634	0.629289511841	0.625422909618	0.646205896568	0.634122764621	0.939584340261	0.771870468826	0.745770903818	0.678105364911	0.676655389077	0.674238762687	0.922184630256	0.702754954084	0.614306428226	0.643789270179	0.681488641856	0.679555340744	0.725471242146	0.687771870469	0.596906718221	0.592073465442	0.301111648139	0.0	0.570807153214	0.566457225713	0.555824069599	0.551957467376	0.528274528758	0.651522474625	0.636056065732	0.536491058482	0.554857419043	0.556790720155	0.608023199613	0.546157564041	0.584823586274	0.56935717738	0.561140647656	0.585790236829	0.530691155147	0.557274045433	0.565490575157	0.577573707105	0.607539874335	0.568390526825	0.594006766554	0.554374093765	0.616239729338	0.53939101015
AC5	0.619623006283	0.563557274045	0.975350410826	0.648622522958	0.639439342678	0.467858869019	0.679555340744	0.450459159014	0.444175930401	0.576123731271	0.438376027066	0.567907201547	0.550507491542	0.882068632189	0.637989366844	0.585790236829	0.481875302078	0.451909134848	0.947317544708	0.774287095215	0.624456259062	0.547124214596	0.509424842919	0.499275012083	0.917834702755	0.622039632673	0.45142580957	0.492025132914	0.535041082649	0.56935717738	0.564040599323	0.529241179314	0.470758820686	0.515708071532	0.622522957951	0.570807153214	0.0	0.433542774287	0.434992750121	0.578057032383	0.529241179314	0.708071532141	0.666988883519	0.540840985984	0.496375060416	0.487191880135	0.622039632673	0.577573707105	0.628322861286	0.609473175447	0.56935717738	0.598840019333	0.514741420976	0.497825036249	0.507974867086	0.509908168197	0.587240212663	0.603673272112	0.584823586274	0.591106814886	0.526824552924	0.550507491542
AC6	0.613823102948	0.487191880135	0.958917351377	0.616239729338	0.591590140164	0.495891735138	0.53697438376	0.461092315128	0.504108264862	0.456742387627	0.531657805703	0.540840985984	0.543740937651	0.85886901885	0.535524407927	0.548090865152	0.534557757371	0.537941034316	0.910584823586	0.739487675205	0.617206379894	0.554857419043	0.56259062349	0.554857419043	0.896568390527	0.599323344611	0.521024649589	0.522957950701	0.547607539874	0.546157564041	0.619139681005	0.567423876269	0.436926051232	0.47462542291	0.656839052682	0.566457225713	0.433542774287	0.0	0.49299178347	0.490091831803	0.49299178347	0.487675205413	0.447559207347	0.416143064282	0.563073948768	0.543740937651	0.684388593523	0.623489608507	0.657805703238	0.639922667956	0.629772837119	0.654905751571	0.569840502658	0.55775737071	0.565490575157	0.562107298212	0.544707588207	0.658772353794	0.539874335428	0.624456259062	0.53697438376	0.60657322378
AD6	0.60657322378	0.525857902368	0.975833736104	0.613823102948	0.591590140164	0.417593040116	0.629772837119	0.420009666506	0.450942484292	0.538907684872	0.452875785404	0.51377477042	0.510391493475	0.873852102465	0.591106814886	0.54857419043	0.485741904302	0.467858869019	0.952634122765	0.781536974384	0.612856452392	0.547607539874	0.540840985984	0.541324311261	0.9212179797	0.62493958434	0.480908651522	0.520057999033	0.547124214596	0.570807153214	0.605123247946	0.535524407927	0.471242145964	0.476075398743	0.614789753504	0.555824069599	0.434992750121	0.49299178347	0.0	0.542290961817	0.423392943451	0.687288545191	0.656355727405	0.526341227646	0.467858869019	0.459159014016	0.592073465442	0.528274528758	0.577573707105	0.562107298212	0.534074432093	0.565490575157	0.449492508458	0.455292411793	0.468342194297	0.476558724021	0.553890768487	0.573223779604	0.543740937651	0.558724021266	0.46979217013	0.514741420976
AE5	0.625906234896	0.506524891252	0.975350410826	0.615273078782	0.573223779604	0.534074432093	0.584340260996	0.533107781537	0.586756887385	0.529724504592	0.597390043499	0.514258095698	0.558724021266	0.872885451909	0.543257612373	0.555824069599	0.598840019333	0.598356694055	0.931367810536	0.760753987434	0.71290478492	0.642822619623	0.643305944901	0.642339294345	0.883518608023	0.652972450459	0.603189946834	0.608989850169	0.6389560174	0.633156114065	0.666505558241	0.616723054616	0.532141130981	0.566940550991	0.61575640406	0.551957467376	0.578057032383	0.490091831803	0.542290961817	0.0	0.362977283712	0.602706621556	0.577573707105	0.497825036249	0.621556307395	0.621072982117	0.655389076849	0.609473175447	0.629772837119	0.619623006283	0.619623006283	0.637506041566	0.538424359594	0.554374093765	0.572740454326	0.554374093765	0.557274045433	0.637989366844	0.544707588207	0.614306428226	0.567907201547	0.591106814886
AE6	0.610923151281	0.476558724021	0.973900434993	0.608506524891	0.576123731271	0.482358627356	0.583856935718	0.473658772354	0.520057999033	0.524407926535	0.532624456259	0.505074915418	0.509908168197	0.872402126631	0.557274045433	0.534074432093	0.542290961817	0.530691155147	0.937167713871	0.757854035766	0.674238762687	0.598356694055	0.597390043499	0.600773320445	0.898501691638	0.633156114065	0.533591106815	0.564040599323	0.597873368777	0.602223296278	0.64572257129	0.587240212663	0.486708554857	0.495891735138	0.596423392943	0.528274528758	0.529241179314	0.49299178347	0.423392943451	0.362977283712	0.0	0.639439342678	0.60657322378	0.477525374577	0.545674238763	0.540357660706	0.635089415176	0.576607056549	0.605123247946	0.593040115998	0.585306911551	0.620589656839	0.49299178347	0.485741904302	0.505074915418	0.493475108748	0.52537457709	0.608989850169	0.521024649589	0.58337361044	0.502658289029	0.562107298212
AF5	0.724987916868	0.626872885452	0.937167713871	0.652489125181	0.65055582407	0.671822136298	0.551957467376	0.63653939101	0.6805219913	0.572740454326	0.714838086032	0.625422909618	0.674238762687	0.84485258579	0.599323344611	0.665538907685	0.713871435476	0.715804736588	0.8796520058	0.72450459159	0.712421459642	0.673755437409	0.716288061866	0.711454809087	0.883035282745	0.699371677139	0.693088448526	0.693571773804	0.658772353794	0.659255679072	0.77090381827	0.718704688255	0.607056549058	0.64813919768	0.727887868536	0.651522474625	0.708071532141	0.487675205413	0.687288545191	0.602706621556	0.639439342678	0.0	0.263412276462	0.521991300145	0.719671338811	0.712421459642	0.748670855486	0.710004833253	0.728854519091	0.700821652972	0.724987916868	0.73610439826	0.693088448526	0.710004833253	0.716771387144	0.705171580474	0.670372160464	0.734171097148	0.666022232963	0.696955050749	0.70130497825	0.706621556307
AF6	0.697438376027	0.595456742388	0.934267762204	0.639922667956	0.645239246013	0.645239246013	0.518124697922	0.607056549058	0.654422426293	0.546640889319	0.684871918801	0.621556307395	0.642339294345	0.842435959401	0.579507008217	0.632672788787	0.682455292412	0.68293861769	0.872402126631	0.716288061866	0.685838569357	0.646205896568	0.683421942968	0.677138714355	0.877718704688	0.662155630739	0.660705654906	0.659255679072	0.623006283229	0.627839536008	0.734654422426	0.687771870469	0.572257129048	0.609956500725	0.724987916868	0.636056065732	0.666988883519	0.447559207347	0.656355727405	0.577573707105	0.60657322378	0.263412276462	0.0	0.490091831803	0.687288545191	0.674722087965	0.741904301595	0.692605123248	0.724021266312	0.698888351861	0.693571773804	0.727887868536	0.663122281295	0.679555340744	0.683905268246	0.67133881102	0.634122764621	0.723537941034	0.630256162397	0.686805219913	0.674722087965	0.687771870469
