	AA3	AA4	AB3	AB4	AC3	AC4	AD3	AD4	AE3	AE4	AF3	AF4	AG3	AG4	AH3	AH4	AA7	AA8	AB7	AB8	AC7	AC8	AD7	AD8	AE7	AE8	AF7	AF8	AG7	AG8	AH7	AH8	AA5	AA6	AB5	AB6	AC5	AC6	AD6	AE5	AE6	AF5	AF6	AG5	AH5	AH6	AA1	AA2	AB1	AB2	AC1	AC2	AD1	AD2	AE1	AE2	AF1	AF2	AG1	AG2	AH1	AH2
AA3	0.0	0.485741904302	0.927017883035	0.625422909618	0.650072498792	0.579507008217	0.662155630739	0.575157080715	0.572257129048	0.621556307395	0.610923151281	0.607539874335	0.575640405993	0.846785886902	0.638472692122	0.318994683422	0.578540357661	0.559207346544	0.848235862736	0.712421459642	0.610439826003	0.565490575157	0.590623489609	0.577573707105	0.816336394393	0.569840502658	0.566940550991	0.543740937651	0.583856935718	0.572740454326	0.585306911551	0.570807153214	0.583856935718	0.59255679072	0.737071048816	0.683905268246	0.592073465442	0.623489608507	0.600773320445	0.612373127115	0.610923151281	0.712421459642	0.679555340744	0.609956500725	0.628322861286	0.619623006283	0.688738521025	0.655389076849	0.718221362977	0.675205413243	0.647172547124	0.657805703238	0.576607056549	0.565007249879	0.579023682939	0.559690671822	0.577090381827	0.656839052682	0.57177380377	0.660222329628	0.586273562107	0.657805703238
AA4	0.485741904302	0.0	0.950217496375	0.568873852102	0.560657322378	0.475592073465	0.582406959884	0.475108748188	0.497825036249	0.497825036249	0.536007733204	0.496375060416	0.452875785404	0.863702271629	0.374577090382	0.388593523441	0.515708071532	0.511841469309	0.894635089415	0.739971000483	0.660222329628	0.576123731271	0.581440309328	0.571290478492	0.880135331078	0.616723054616	0.524407926535	0.546640889319	0.596423392943	0.599323344611	0.626389560174	0.590623489609	0.480425326245	0.50459159014	0.660222329628	0.584340260996	0.542774287095	0.50700821653	0.516674722088	0.521991300145	0.488641855969	0.641372643789	0.591590140164	0.492508458192	0.570807153214	0.5601739971	0.638472692122	0.575157080715	0.623489608507	0.589656839053	0.586273562107	0.613823102948	0.515224746254	0.494441759304	0.515224746254	0.503624939584	0.489608506525	0.603189946834	0.517158047366	0.571290478492	0.511358144031	0.569840502658
AB3	0.927017883035	0.950217496375	0.0	0.682455292412	0.916868052199	0.957950700822	0.957950700822	0.943934267762	0.935717738038	0.951184146931	0.973900434993	0.932334461092	0.96520057999	0.335427742871	0.964233929435	0.943450942484	0.973900434993	0.966167230546	0.736587723538	0.753987433543	0.892218463026	0.91445142581	0.956500724988	0.947800869986	0.84726921218	0.897535041083	0.945867568874	0.922667955534	0.845819236346	0.838086031899	0.953117448043	0.957467375544	0.9584340261	0.963750604157	0.973417109715	0.968100531658	0.974867085549	0.948284195263	0.974867085549	0.976317061382	0.974867085549	0.929434509425	0.936684388594	0.956984050266	0.980666988884	0.971967133881	0.97680038666	0.974383760271	0.971000483325	0.972450459159	0.97680038666	0.974383760271	0.97680038666	0.97680038666	0.980183663606	0.97680038666	0.974383760271	0.973900434993	0.974867085549	0.975350410826	0.976317061382	0.974383760271
AB4	0.625422909618	0.568873852102	0.682455292412	0.0	0.635089415176	0.601256645723	0.670372160464	0.614789753504	0.612856452392	0.610439826003	0.643305944901	0.596906718221	0.478975350411	0.581440309328	0.603189946834	0.589656839053	0.631706138231	0.631706138231	0.73368777187	0.579023682939	0.660222329628	0.630739487675	0.656355727405	0.642339294345	0.796036732721	0.63653939101	0.645239246013	0.625422909618	0.556790720155	0.581440309328	0.68970517158	0.661188980184	0.635572740454	0.655389076849	0.724987916868	0.665538907685	0.659255679072	0.624456259062	0.634606089899	0.622522957951	0.632672788787	0.663605606573	0.646689221846	0.620106331561	0.680038666022	0.667472208797	0.699371677139	0.663122281295	0.695021749638	0.670855485742	0.668438859352	0.674722087965	0.628806186564	0.637989366844	0.655389076849	0.631706138231	0.6389560174	0.667955534074	0.638472692122	0.660705654906	0.651039149348	0.665055582407
AC3	0.650072498792	0.560657322378	0.916868052199	0.635089415176	0.0	0.494925084582	0.652489125181	0.5601739971	0.564040599323	0.596423392943	0.623489608507	0.325277912035	0.596906718221	0.83566940551	0.595456742388	0.607539874335	0.616239729338	0.611889801837	0.87046882552	0.76848719188	0.731271145481	0.694055099082	0.723054615756	0.707104881585	0.830836152731	0.690188496858	0.662638956017	0.678105364911	0.68293861769	0.68970517158	0.707588206863	0.677138714355	0.605606573224	0.637506041566	0.623972933784	0.589173513775	0.62493958434	0.599806669889	0.574190430159	0.574673755437	0.553407443209	0.682455292412	0.653455775737	0.577090381827	0.640405993233	0.634122764621	0.582890285162	0.575640405993	0.576123731271	0.564523924601	0.581440309328	0.575640405993	0.541324311261	0.570323827936	0.588206863219	0.566940550991	0.611406476559	0.568390526825	0.621556307395	0.582406959884	0.616723054616	0.577090381827
AC4	0.579507008217	0.475592073465	0.957950700822	0.601256645723	0.494925084582	0.0	0.611889801837	0.402126631223	0.400193330111	0.512324794587	0.32866118898	0.401643305945	0.493958434026	0.872885451909	0.554857419043	0.537457709038	0.46979217013	0.454325761237	0.926534557757	0.768003866602	0.584340260996	0.535041082649	0.515708071532	0.507491541808	0.894151764137	0.593040115998	0.480908651522	0.510874818753	0.537941034316	0.558724021266	0.564523924601	0.511841469309	0.442725954567	0.476558724021	0.632672788787	0.566940550991	0.454325761237	0.524891251812	0.402609956501	0.549057515708	0.477525374577	0.691155147414	0.642339294345	0.502658289029	0.500724987917	0.479942000967	0.625906234896	0.569840502658	0.598840019333	0.577090381827	0.56935717738	0.598356694055	0.488158530691	0.487191880135	0.50700821653	0.485258579024	0.535041082649	0.58337361044	0.551474142098	0.566940550991	0.46979217013	0.563557274045
AD3	0.662155630739	0.582406959884	0.957950700822	0.670372160464	0.652489125181	0.611889801837	0.0	0.529724504592	0.63653939101	0.366360560657	0.663605606573	0.60657322378	0.632672788787	0.873852102465	0.575640405993	0.637022716288	0.673755437409	0.675205413243	0.937167713871	0.786370227163	0.707104881585	0.682455292412	0.68293861769	0.680038666022	0.915418076365	0.68293861769	0.68293861769	0.687771870469	0.6805219913	0.678588690188	0.710488158531	0.685838569357	0.622522957951	0.64813919768	0.744320927985	0.67133881102	0.678105364911	0.532624456259	0.620106331561	0.564040599323	0.567907201547	0.557274045433	0.523441275979	0.541324311261	0.687288545191	0.676172063799	0.762203963267	0.704204929918	0.727887868536	0.71290478492	0.700821652972	0.725471242146	0.640889318511	0.646205896568	0.662155630739	0.646205896568	0.628806186564	0.711938134364	0.637506041566	0.696955050749	0.677622039633	0.706621556307
AD4	0.575157080715	0.475108748188	0.943934267762	0.614789753504	0.5601739971	0.402126631223	0.529724504592	0.0	0.323827936201	0.416143064282	0.413243112615	0.492025132914	0.524407926535	0.859352344128	0.55099081682	0.543257612373	0.471725471242	0.457709038183	0.929434509425	0.774770420493	0.566940550991	0.5186080232	0.485741904302	0.463992266796	0.90285161914	0.601256645723	0.434992750121	0.476075398743	0.503624939584	0.549540840986	0.533591106815	0.493958434026	0.39584340261	0.457225712905	0.664088931851	0.58337361044	0.429676172064	0.482841952634	0.426776220396	0.541324311261	0.476558724021	0.648622522958	0.600289995167	0.468825519575	0.508458192363	0.485741904302	0.663605606573	0.610923151281	0.633639439343	0.623489608507	0.607539874335	0.640889318511	0.524407926535	0.509908168197	0.531657805703	0.523924601257	0.544707588207	0.625906234896	0.557274045433	0.615273078782	0.503624939584	0.610923151281
AE3	0.572257129048	0.497825036249	0.935717738038	0.612856452392	0.564040599323	0.400193330111	0.63653939101	0.323827936201	0.0	0.512324794587	0.398260029	0.497341710971	0.518124697922	0.855002416626	0.571290478492	0.543257612373	0.458192363461	0.446592556791	0.923151280812	0.765587240213	0.544224262929	0.497825036249	0.480425326245	0.467375543741	0.891735137748	0.596423392943	0.438859352344	0.464958917351	0.492508458192	0.543740937651	0.533107781537	0.492025132914	0.408409859836	0.470758820686	0.667472208797	0.597873368777	0.421459642339	0.531174480425	0.422909618173	0.591590140164	0.526824552924	0.698888351861	0.647655872402	0.503624939584	0.496858385694	0.473658772354	0.65055582407	0.603673272112	0.626389560174	0.61333977767	0.594006766554	0.632189463509	0.519091348478	0.505074915418	0.522957950701	0.511841469309	0.550024166264	0.616723054616	0.566457225713	0.598840019333	0.493958434026	0.594006766554
AE4	0.621556307395	0.497825036249	0.951184146931	0.610439826003	0.596423392943	0.512324794587	0.366360560657	0.416143064282	0.512324794587	0.0	0.567907201547	0.53939101015	0.554374093765	0.866118898018	0.529724504592	0.577090381827	0.582406959884	0.575640405993	0.937167713871	0.78008699855	0.656355727405	0.603189946834	0.589173513775	0.579023682939	0.910584823586	0.623489608507	0.575157080715	0.587240212663	0.587723537941	0.593523441276	0.640889318511	0.599806669889	0.521991300145	0.545674238763	0.685838569357	0.614789753504	0.573223779604	0.465925567907	0.529241179314	0.512324794587	0.496375060416	0.599323344611	0.548090865152	0.476558724021	0.596423392943	0.584823586274	0.707104881585	0.652972450459	0.68293861769	0.664088931851	0.655389076849	0.678588690188	0.579507008217	0.572740454326	0.586756887385	0.575157080715	0.567423876269	0.663605606573	0.577090381827	0.652972450459	0.58095698405	0.655872402127
AF3	0.610923151281	0.536007733204	0.973900434993	0.643305944901	0.623489608507	0.32866118898	0.663605606573	0.413243112615	0.398260029	0.567907201547	0.0	0.52779120348	0.531174480425	0.890768487192	0.601739971	0.579023682939	0.453842435959	0.438376027066	0.954567423876	0.797486708555	0.581440309328	0.55099081682	0.438859352344	0.438376027066	0.917834702755	0.621072982117	0.43064282262	0.519091348478	0.538907684872	0.58337361044	0.528274528758	0.501691638473	0.433542774287	0.496375060416	0.664088931851	0.612373127115	0.419526341228	0.561140647656	0.43064282262	0.610923151281	0.541807636539	0.728854519091	0.681488641856	0.536491058482	0.508458192363	0.480425326245	0.660705654906	0.597390043499	0.652489125181	0.614789753504	0.601739971	0.632672788787	0.538424359594	0.510874818753	0.526341227646	0.521024649589	0.580473658772	0.618656355727	0.590140164331	0.601739971	0.492508458192	0.596423392943
AF4	0.607539874335	0.496375060416	0.932334461092	0.596906718221	0.325277912035	0.401643305945	0.60657322378	0.492025132914	0.497341710971	0.53939101015	0.52779120348	0.0	0.54857419043	0.849202513291	0.552440792653	0.552440792653	0.578057032383	0.565973900435	0.884968583857	0.73852102465	0.68970517158	0.639439342678	0.654422426293	0.635572740454	0.847752537458	0.629289511841	0.60415659739	0.620106331561	0.630739487675	0.63653939101	0.658289028516	0.620589656839	0.539874335428	0.576607056549	0.600289995167	0.532141130981	0.56259062349	0.551474142098	0.510874818753	0.524891251812	0.492508458192	0.650072498792	0.621072982117	0.521507974867	0.561623972934	0.552440792653	0.579023682939	0.533591106815	0.565490575157	0.533107781537	0.534557757371	0.555824069599	0.477042049299	0.500724987917	0.523924601257	0.517158047366	0.550507491542	0.538907684872	0.574190430159	0.521991300145	0.553407443209	0.522474625423
AG3	0.575640405993	0.452875785404	0.96520057999	0.478975350411	0.596906718221	0.493958434026	0.632672788787	0.524407926535	0.518124697922	0.554374093765	0.531174480425	0.54857419043	0.0	0.85886901885	0.515708071532	0.517641372644	0.497825036249	0.492508458192	0.927017883035	0.769937167714	0.669405509908	0.594006766554	0.582890285162	0.596906718221	0.889801836636	0.630256162397	0.53939101015	0.574190430159	0.616239729338	0.617689705172	0.630739487675	0.584823586274	0.510874818753	0.529724504592	0.671822136298	0.616239729338	0.529724504592	0.553407443209	0.51619139681	0.570323827936	0.520541324311	0.686321894635	0.637022716288	0.530691155147	0.569840502658	0.560657322378	0.616723054616	0.579023682939	0.632189463509	0.597390043499	0.581923634606	0.594006766554	0.520541324311	0.504108264862	0.531657805703	0.509424842919	0.540357660706	0.595456742388	0.55775737071	0.586756887385	0.511358144031	0.575640405993
AG4	0.846785886902	0.863702271629	0.335427742871	0.581440309328	0.83566940551	0.872885451909	0.873852102465	0.859352344128	0.855002416626	0.866118898018	0.890768487192	0.849202513291	0.85886901885	0.0	0.875785403577	0.860318994683	0.896085065249	0.88883518608	0.710971483809	0.678588690188	0.819719671339	0.838569357177	0.8796520058	0.86805219913	0.820202996617	0.820686321895	0.86563557274	0.84485258579	0.769937167714	0.755437409377	0.883518608023	0.878202029966	0.8796520058	0.880618656356	0.899468342194	0.891735137748	0.896085065249	0.859835669406	0.887868535524	0.889318511358	0.887868535524	0.84726921218	0.854519091348	0.875785403577	0.901401643306	0.891735137748	0.890768487192	0.891735137748	0.889801836636	0.885935234413	0.899951667472	0.89125181247	0.897535041083	0.890768487192	0.90043499275	0.894151764137	0.890285161914	0.892701788304	0.89125181247	0.890768487192	0.896085065249	0.893185113581
AH3	0.638472692122	0.374577090382	0.964233929435	0.603189946834	0.595456742388	0.554857419043	0.575640405993	0.55099081682	0.571290478492	0.529724504592	0.601739971	0.552440792653	0.515708071532	0.875785403577	0.0	0.526824552924	0.581923634606	0.587240212663	0.924117931368	0.775737071049	0.711454809087	0.631222812953	0.633639439343	0.639922667956	0.900918318028	0.685355244079	0.613823102948	0.623972933784	0.660222329628	0.664088931851	0.685355244079	0.6389560174	0.547607539874	0.579507008217	0.71290478492	0.637989366844	0.620106331561	0.546157564041	0.58337361044	0.541324311261	0.5601739971	0.616723054616	0.568390526825	0.546157564041	0.637022716288	0.631222812953	0.69453842436	0.625422909618	0.655389076849	0.643789270179	0.634606089899	0.65732237796	0.589656839053	0.57177380377	0.589656839053	0.587240212663	0.553407443209	0.647655872402	0.55775737071	0.625906234896	0.589656839053	0.618173030449
AH4	0.318994683422	0.388593523441	0.943450942484	0.589656839053	0.607539874335	0.537457709038	0.637022716288	0.543257612373	0.543257612373	0.577090381827	0.579023682939	0.552440792653	0.517641372644	0.860318994683	0.526824552924	0.0	0.551474142098	0.53697438376	0.869018849686	0.728371193813	0.640405993233	0.572740454326	0.577573707105	0.572740454326	0.843402609957	0.59255679072	0.55775737071	0.54857419043	0.584340260996	0.594006766554	0.594490091832	0.560657322378	0.548090865152	0.565490575157	0.70130497825	0.6389560174	0.575157080715	0.584823586274	0.564040599323	0.56935717738	0.564040599323	0.678588690188	0.643789270179	0.5601739971	0.608023199613	0.602223296278	0.654422426293	0.608506524891	0.666988883519	0.618656355727	0.603673272112	0.620106331561	0.532624456259	0.526824552924	0.547124214596	0.529241179314	0.518124697922	0.622522957951	0.518124697922	0.604639922668	0.55099081682	0.608989850169
AA7	0.578540357661	0.515708071532	0.973900434993	0.631706138231	0.616239729338	0.46979217013	0.673755437409	0.471725471242	0.458192363461	0.582406959884	0.453842435959	0.578057032383	0.497825036249	0.896085065249	0.581923634606	0.551474142098	0.0	0.285645239246	0.915418076365	0.774770420493	0.593040115998	0.526824552924	0.505074915418	0.50700821653	0.872885451909	0.603673272112	0.456742387627	0.495891735138	0.542290961817	0.579023682939	0.52779120348	0.42822619623	0.438859352344	0.491058482359	0.703238279362	0.656839052682	0.477042049299	0.573223779604	0.491541807637	0.608989850169	0.565007249879	0.728371193813	0.68293861769	0.56935717738	0.555340744321	0.524891251812	0.651522474625	0.608506524891	0.667955534074	0.628322861286	0.587240212663	0.618656355727	0.529724504592	0.521024649589	0.529241179314	0.521507974867	0.544707588207	0.608023199613	0.560657322378	0.616723054616	0.497825036249	0.607539874335
AA8	0.559207346544	0.511841469309	0.966167230546	0.631706138231	0.611889801837	0.454325761237	0.675205413243	0.457709038183	0.446592556791	0.575640405993	0.438376027066	0.565973900435	0.492508458192	0.88883518608	0.587240212663	0.53697438376	0.285645239246	0.0	0.910584823586	0.765587240213	0.567423876269	0.499758337361	0.4813919768	0.481875302078	0.857902368294	0.579023682939	0.431609473175	0.467375543741	0.520057999033	0.564040599323	0.474142097632	0.377477042049	0.432576123731	0.488641855969	0.702271628806	0.658772353794	0.460125664572	0.567907201547	0.485258579024	0.609956500725	0.56259062349	0.726437892702	0.679555340744	0.559207346544	0.544707588207	0.512808119865	0.651039149348	0.606089898502	0.667955534074	0.625906234896	0.587240212663	0.617689705172	0.522474625423	0.506524891252	0.525857902368	0.51619139681	0.533107781537	0.608023199613	0.543740937651	0.61333977767	0.487675205413	0.605606573224
AB7	0.848235862736	0.894635089415	0.736587723538	0.73368777187	0.87046882552	0.926534557757	0.937167713871	0.929434509425	0.923151280812	0.937167713871	0.954567423876	0.884968583857	0.927017883035	0.710971483809	0.924117931368	0.869018849686	0.915418076365	0.910584823586	0.0	0.407926534558	0.815369743838	0.841469308845	0.928951184147	0.915901401643	0.729337844369	0.81488641856	0.905268245529	0.864185596907	0.739004349928	0.699855002417	0.880135331078	0.895118414693	0.924117931368	0.938617689705	0.939584340261	0.934267762204	0.950217496375	0.920251329145	0.951184146931	0.928467858869	0.932334461092	0.872885451909	0.888351860802	0.921701304978	0.9584340261	0.950700821653	0.9212179797	0.9212179797	0.936684388594	0.928467858869	0.927017883035	0.918318028033	0.906718221363	0.921701304978	0.91445142581	0.907201546641	0.916384726921	0.904301594973	0.916868052199	0.928467858869	0.948767520541	0.927017883035
AB8	0.712421459642	0.739971000483	0.753987433543	0.579023682939	0.76848719188	0.768003866602	0.786370227163	0.774770420493	0.765587240213	0.78008699855	0.797486708555	0.73852102465	0.769937167714	0.678588690188	0.775737071049	0.728371193813	0.774770420493	0.765587240213	0.407926534558	0.0	0.664572257129	0.682455292412	0.765103914935	0.749154180764	0.728371193813	0.667955534074	0.74528757854	0.70130497825	0.551474142098	0.533591106815	0.743837602707	0.748187530208	0.769937167714	0.783470275495	0.826002899952	0.784920251329	0.788303528275	0.757370710488	0.794103431609	0.76848719188	0.769937167714	0.734654422426	0.740937651039	0.766070565491	0.802803286612	0.79168680522	0.822619623006	0.779120347994	0.813436442726	0.783470275495	0.788786853552	0.798453359111	0.770420492992	0.774287095215	0.780570323828	0.766553890768	0.770420492992	0.773320444659	0.775737071049	0.774287095215	0.787820202997	0.779120347994
AC7	0.610439826003	0.660222329628	0.892218463026	0.660222329628	0.731271145481	0.584340260996	0.707104881585	0.566940550991	0.544224262929	0.656355727405	0.581440309328	0.68970517158	0.669405509908	0.819719671339	0.711454809087	0.640405993233	0.593040115998	0.567423876269	0.815369743838	0.664572257129	0.0	0.37506041566	0.555824069599	0.544707588207	0.821169647173	0.593040115998	0.538424359594	0.494925084582	0.464475592073	0.482358627356	0.55775737071	0.544707588207	0.550024166264	0.600289995167	0.801836636056	0.753020782987	0.606089898502	0.6389560174	0.601256645723	0.713388110198	0.687771870469	0.727887868536	0.695505074915	0.63653939101	0.6389560174	0.608989850169	0.811503141614	0.762203963267	0.798936684389	0.784920251329	0.744320927985	0.778153697438	0.693088448526	0.664572257129	0.681488641856	0.678588690188	0.682455292412	0.776703721605	0.680038666022	0.762687288545	0.620589656839	0.752537457709
AC8	0.565490575157	0.576123731271	0.91445142581	0.630739487675	0.694055099082	0.535041082649	0.682455292412	0.5186080232	0.497825036249	0.603189946834	0.55099081682	0.639439342678	0.594006766554	0.838569357177	0.631222812953	0.572740454326	0.526824552924	0.499758337361	0.841469308845	0.682455292412	0.37506041566	0.0	0.494925084582	0.492508458192	0.840502658289	0.556307394877	0.413726437893	0.371677138714	0.449975833736	0.469308844853	0.534557757371	0.487675205413	0.48622522958	0.522474625423	0.742387626873	0.685355244079	0.549057515708	0.590140164331	0.545674238763	0.652005799903	0.625422909618	0.691155147414	0.652972450459	0.584823586274	0.575640405993	0.54857419043	0.742387626873	0.69212179797	0.739487675205	0.724021266312	0.671822136298	0.708554857419	0.620589656839	0.593040115998	0.608989850169	0.60657322378	0.599806669889	0.702754954084	0.604639922668	0.700821652972	0.54857419043	0.683421942968
AD7	0.590623489609	0.581440309328	0.956500724988	0.656355727405	0.723054615756	0.515708071532	0.68293861769	0.485741904302	0.480425326245	0.589173513775	0.438859352344	0.654422426293	0.582890285162	0.8796520058	0.633639439343	0.577573707105	0.505074915418	0.4813919768	0.928951184147	0.765103914935	0.555824069599	0.494925084582	0.0	0.281295311745	0.885935234413	0.521507974867	0.420492991783	0.471242145964	0.502174963751	0.538907684872	0.496858385694	0.451909134848	0.485741904302	0.538424359594	0.743837602707	0.683421942968	0.493475108748	0.591106814886	0.538907684872	0.641372643789	0.616239729338	0.72450459159	0.678588690188	0.591106814886	0.566457225713	0.544224262929	0.737554374094	0.6805219913	0.734654422426	0.716288061866	0.672305461576	0.70372160464	0.623972933784	0.595940067666	0.605123247946	0.611406476559	0.600773320445	0.700821652972	0.596906718221	0.688255195747	0.559690671822	0.676172063799
AD8	0.577573707105	0.571290478492	0.947800869986	0.642339294345	0.707104881585	0.507491541808	0.680038666022	0.463992266796	0.467375543741	0.579023682939	0.438376027066	0.635572740454	0.596906718221	0.86805219913	0.639922667956	0.572740454326	0.50700821653	0.481875302078	0.915901401643	0.749154180764	0.544707588207	0.492508458192	0.281295311745	0.0	0.851619139681	0.483325277912	0.406959884002	0.454809086515	0.48380860319	0.521507974867	0.490575157081	0.470758820686	0.485258579024	0.541807636539	0.741420976317	0.681488641856	0.488158530691	0.585790236829	0.52537457709	0.639439342678	0.611406476559	0.72692121798	0.670372160464	0.584823586274	0.563073948768	0.533107781537	0.737554374094	0.679072015466	0.734654422426	0.714838086032	0.670372160464	0.698405026583	0.620106331561	0.590140164331	0.596423392943	0.602706621556	0.601256645723	0.697921701305	0.60415659739	0.685838569357	0.551474142098	0.671822136298
AE7	0.816336394393	0.880135331078	0.84726921218	0.796036732721	0.830836152731	0.894151764137	0.915418076365	0.90285161914	0.891735137748	0.910584823586	0.917834702755	0.847752537458	0.889801836636	0.820202996617	0.900918318028	0.843402609957	0.872885451909	0.857902368294	0.729337844369	0.728371193813	0.821169647173	0.840502658289	0.885935234413	0.851619139681	0.0	0.535041082649	0.87723537941	0.839536007733	0.774770420493	0.762687288545	0.837602706622	0.842919284679	0.895601739971	0.909134847753	0.926534557757	0.919284678589	0.920734654422	0.900918318028	0.925567907202	0.880135331078	0.897051715805	0.876268728855	0.881585306912	0.886418559691	0.939584340261	0.924601256646	0.892701788304	0.901884968584	0.915901401643	0.896085065249	0.902368293862	0.895118414693	0.887385210246	0.897535041083	0.901884968584	0.889801836636	0.902368293862	0.88883518608	0.896568390527	0.903334944418	0.911551474142	0.903818269696
AE8	0.569840502658	0.616723054616	0.897535041083	0.63653939101	0.690188496858	0.593040115998	0.68293861769	0.601256645723	0.596423392943	0.623489608507	0.621072982117	0.629289511841	0.630256162397	0.820686321895	0.685355244079	0.59255679072	0.603673272112	0.579023682939	0.81488641856	0.667955534074	0.593040115998	0.556307394877	0.521507974867	0.483325277912	0.535041082649	0.0	0.573223779604	0.542290961817	0.52779120348	0.515224746254	0.577090381827	0.559690671822	0.602223296278	0.614306428226	0.753504108265	0.710971483809	0.623489608507	0.607056549058	0.625906234896	0.645239246013	0.623006283229	0.68970517158	0.660222329628	0.608506524891	0.637989366844	0.619623006283	0.739971000483	0.693571773804	0.762203963267	0.717254712421	0.686805219913	0.721121314645	0.632672788787	0.623006283229	0.637022716288	0.623489608507	0.640405993233	0.699371677139	0.64572257129	0.696471725471	0.604639922668	0.685838569357
AF7	0.566940550991	0.524407926535	0.945867568874	0.645239246013	0.662638956017	0.480908651522	0.68293861769	0.434992750121	0.438859352344	0.575157080715	0.43064282262	0.60415659739	0.53939101015	0.86563557274	0.613823102948	0.55775737071	0.456742387627	0.431609473175	0.905268245529	0.74528757854	0.538424359594	0.413726437893	0.420492991783	0.406959884002	0.87723537941	0.573223779604	0.0	0.338327694538	0.482841952634	0.515708071532	0.487191880135	0.47220879652	0.420976317061	0.480425326245	0.697921701305	0.638472692122	0.446109231513	0.55099081682	0.490575157081	0.610439826003	0.563557274045	0.707104881585	0.658289028516	0.537457709038	0.53697438376	0.499758337361	0.672305461576	0.631706138231	0.684388593523	0.667955534074	0.613823102948	0.638472692122	0.565490575157	0.53697438376	0.555824069599	0.546640889319	0.556307394877	0.629772837119	0.56259062349	0.642339294345	0.49299178347	0.621072982117
AF8	0.543740937651	0.546640889319	0.922667955534	0.625422909618	0.678105364911	0.510874818753	0.687771870469	0.476075398743	0.464958917351	0.587240212663	0.519091348478	0.620106331561	0.574190430159	0.84485258579	0.623972933784	0.54857419043	0.495891735138	0.467375543741	0.864185596907	0.70130497825	0.494925084582	0.371677138714	0.471242145964	0.454809086515	0.839536007733	0.542290961817	0.338327694538	0.0	0.444659255679	0.477042049299	0.517641372644	0.468342194297	0.452392460126	0.511358144031	0.726437892702	0.671822136298	0.501691638473	0.571290478492	0.52779120348	0.616723054616	0.59497341711	0.690188496858	0.641372643789	0.561623972934	0.565007249879	0.538424359594	0.703238279362	0.658289028516	0.71290478492	0.695021749638	0.644272595457	0.67133881102	0.593040115998	0.5601739971	0.581440309328	0.572740454326	0.563557274045	0.661188980184	0.563073948768	0.669405509908	0.519574673755	0.647655872402
AG7	0.583856935718	0.596423392943	0.845819236346	0.556790720155	0.68293861769	0.537941034316	0.6805219913	0.503624939584	0.492508458192	0.587723537941	0.538907684872	0.630739487675	0.616239729338	0.769937167714	0.660222329628	0.584340260996	0.542290961817	0.520057999033	0.739004349928	0.551474142098	0.464475592073	0.449975833736	0.502174963751	0.48380860319	0.774770420493	0.52779120348	0.482841952634	0.444659255679	0.0	0.304011599807	0.53939101015	0.509424842919	0.505558240696	0.563073948768	0.753020782987	0.69453842436	0.542290961817	0.580473658772	0.558724021266	0.647172547124	0.612856452392	0.681488641856	0.643789270179	0.564523924601	0.595456742388	0.57177380377	0.744804253262	0.690188496858	0.735621072982	0.716288061866	0.676172063799	0.712421459642	0.624456259062	0.607056549058	0.623972933784	0.614789753504	0.629289511841	0.704688255196	0.634606089899	0.689221846303	0.574190430159	0.680038666022
AG8	0.572740454326	0.599323344611	0.838086031899	0.581440309328	0.68970517158	0.558724021266	0.678588690188	0.549540840986	0.543740937651	0.593523441276	0.58337361044	0.63653939101	0.617689705172	0.755437409377	0.664088931851	0.594006766554	0.579023682939	0.564040599323	0.699855002417	0.533591106815	0.482358627356	0.469308844853	0.538907684872	0.521507974867	0.762687288545	0.515224746254	0.515708071532	0.477042049299	0.304011599807	0.0	0.561623972934	0.542290961817	0.554857419043	0.577090381827	0.757854035766	0.700338327695	0.574190430159	0.581923634606	0.579023682939	0.641372643789	0.614306428226	0.679072015466	0.646689221846	0.584823586274	0.612856452392	0.579507008217	0.756404059932	0.698405026583	0.746737554374	0.725954567424	0.687771870469	0.722087965201	0.635572740454	0.623006283229	0.637989366844	0.628322861286	0.641372643789	0.708554857419	0.648622522958	0.696471725471	0.592073465442	0.687288545191
AH7	0.585306911551	0.626389560174	0.953117448043	0.68970517158	0.707588206863	0.564523924601	0.710488158531	0.533591106815	0.533107781537	0.640889318511	0.528274528758	0.658289028516	0.630739487675	0.883518608023	0.685355244079	0.594490091832	0.52779120348	0.474142097632	0.880135331078	0.743837602707	0.55775737071	0.534557757371	0.496858385694	0.490575157081	0.837602706622	0.577090381827	0.487191880135	0.517641372644	0.53939101015	0.561623972934	0.0	0.327694538424	0.565973900435	0.606089898502	0.772353794103	0.725471242146	0.551957467376	0.654422426293	0.603189946834	0.666988883519	0.655389076849	0.76848719188	0.731754470759	0.641855969067	0.634606089899	0.610439826003	0.758337361044	0.724021266312	0.771870468826	0.733204446593	0.699855002417	0.728371193813	0.63653939101	0.624456259062	0.626872885452	0.629772837119	0.635572740454	0.718704688255	0.623972933784	0.710004833253	0.598356694055	0.711938134364
AH8	0.570807153214	0.590623489609	0.957467375544	0.661188980184	0.677138714355	0.511841469309	0.685838569357	0.493958434026	0.492025132914	0.599806669889	0.501691638473	0.620589656839	0.584823586274	0.878202029966	0.6389560174	0.560657322378	0.42822619623	0.377477042049	0.895118414693	0.748187530208	0.544707588207	0.487675205413	0.451909134848	0.470758820686	0.842919284679	0.559690671822	0.47220879652	0.468342194297	0.509424842919	0.542290961817	0.327694538424	0.0	0.506524891252	0.552440792653	0.744804253262	0.699371677139	0.509908168197	0.60657322378	0.54857419043	0.625906234896	0.609473175447	0.734171097148	0.69212179797	0.600773320445	0.583856935718	0.563073948768	0.713388110198	0.673755437409	0.725471242146	0.688738521025	0.649589173514	0.674722087965	0.596423392943	0.572257129048	0.585790236829	0.583856935718	0.584823586274	0.672305461576	0.576607056549	0.670855485742	0.542290961817	0.667472208797
AA5	0.583856935718	0.480425326245	0.9584340261	0.635572740454	0.605606573224	0.442725954567	0.622522957951	0.39584340261	0.408409859836	0.521991300145	0.433542774287	0.539874335428	0.510874818753	0.8796520058	0.547607539874	0.548090865152	0.438859352344	0.432576123731	0.924117931368	0.769937167714	0.550024166264	0.48622522958	0.485741904302	0.485258579024	0.895601739971	0.602223296278	0.420976317061	0.452392460126	0.505558240696	0.554857419043	0.565973900435	0.506524891252	0.0	0.347510874819	0.674238762687	0.594490091832	0.453359110681	0.470758820686	0.435959400677	0.558240695988	0.491541807637	0.632189463509	0.577573707105	0.450459159014	0.514741420976	0.469308844853	0.684871918801	0.626872885452	0.660222329628	0.642822619623	0.622522957951	0.65973900435	0.531657805703	0.537457709038	0.557274045433	0.540357660706	0.534557757371	0.640889318511	0.5601739971	0.624456259062	0.496375060416	0.621556307395
AA6	0.59255679072	0.50459159014	0.963750604157	0.655389076849	0.637506041566	0.476558724021	0.64813919768	0.457225712905	0.470758820686	0.545674238763	0.496375060416	0.576607056549	0.529724504592	0.880618656356	0.579507008217	0.565490575157	0.491058482359	0.488641855969	0.938617689705	0.783470275495	0.600289995167	0.522474625423	0.538424359594	0.541807636539	0.909134847753	0.614306428226	0.480425326245	0.511358144031	0.563073948768	0.577090381827	0.606089898502	0.552440792653	0.347510874819	0.0	0.676655389077	0.593523441276	0.498308361527	0.508458192363	0.476558724021	0.588206863219	0.524407926535	0.666988883519	0.611406476559	0.505558240696	0.461092315128	0.420492991783	0.69212179797	0.637506041566	0.66892218463	0.651522474625	0.632189463509	0.666988883519	0.54857419043	0.542290961817	0.565007249879	0.550507491542	0.548090865152	0.649105848236	0.570323827936	0.634606089899	0.507974867086	0.630256162397
AB5	0.737071048816	0.660222329628	0.973417109715	0.724987916868	0.623972933784	0.632672788787	0.744320927985	0.664088931851	0.667472208797	0.685838569357	0.664088931851	0.600289995167	0.671822136298	0.899468342194	0.71290478492	0.70130497825	0.703238279362	0.702271628806	0.939584340261	0.826002899952	0.801836636056	0.742387626873	0.743837602707	0.741420976317	0.926534557757	0.753504108265	0.697921701305	0.726437892702	0.753020782987	0.757854035766	0.772353794103	0.744804253262	0.674238762687	0.676655389077	0.0	0.307394876752	0.632672788787	0.68293861769	0.616723054616	0.635089415176	0.607056549058	0.757370710488	0.73852102465	0.652005799903	0.631222812953	0.619139681005	0.621556307395	0.614789753504	0.629772837119	0.608506524891	0.619139681005	0.616239729338	0.594006766554	0.587723537941	0.605123247946	0.61575640406	0.666022232963	0.594490091832	0.670372160464	0.609956500725	0.675688738521	0.619623006283
AB6	0.683905268246	0.584340260996	0.968100531658	0.665538907685	0.589173513775	0.566940550991	0.67133881102	0.58337361044	0.597873368777	0.614789753504	0.612373127115	0.532141130981	0.616239729338	0.891735137748	0.637989366844	0.6389560174	0.656839052682	0.658772353794	0.934267762204	0.784920251329	0.753020782987	0.685355244079	0.683421942968	0.681488641856	0.919284678589	0.710971483809	0.638472692122	0.671822136298	0.69453842436	0.700338327695	0.725471242146	0.699371677139	0.594490091832	0.593523441276	0.307394876752	0.0	0.577090381827	0.602223296278	0.553407443209	0.573223779604	0.538424359594	0.681971967134	0.65055582407	0.551474142098	0.559690671822	0.553890768487	0.602223296278	0.554374093765	0.589656839053	0.55775737071	0.553890768487	0.576607056549	0.528757854036	0.547607539874	0.551957467376	0.570807153214	0.597873368777	0.550507491542	0.603189946834	0.540840985984	0.628322861286	0.547607539874
AC5	0.592073465442	0.542774287095	0.974867085549	0.659255679072	0.62493958434	0.454325761237	0.678105364911	0.429676172064	0.421459642339	0.573223779604	0.419526341228	0.56259062349	0.529724504592	0.896085065249	0.620106331561	0.575157080715	0.477042049299	0.460125664572	0.950217496375	0.788303528275	0.606089898502	0.549057515708	0.493475108748	0.488158530691	0.920734654422	0.623489608507	0.446109231513	0.501691638473	0.542290961817	0.574190430159	0.551957467376	0.509908168197	0.453359110681	0.498308361527	0.632672788787	0.577090381827	0.0	0.473658772354	0.434026099565	0.595456742388	0.533591106815	0.723054615756	0.665538907685	0.526824552924	0.484775253746	0.459642339294	0.608023199613	0.57177380377	0.628806186564	0.592073465442	0.560657322378	0.587240212663	0.512324794587	0.482358627356	0.501691638473	0.503624939584	0.563557274045	0.58095698405	0.570323827936	0.572257129048	0.504108264862	0.569840502658
AC6	0.623489608507	0.50700821653	0.948284195263	0.624456259062	0.599806669889	0.524891251812	0.532624456259	0.482841952634	0.531174480425	0.465925567907	0.561140647656	0.551474142098	0.553407443209	0.859835669406	0.546157564041	0.584823586274	0.573223779604	0.567907201547	0.920251329145	0.757370710488	0.6389560174	0.590140164331	0.591106814886	0.585790236829	0.900918318028	0.607056549058	0.55099081682	0.571290478492	0.580473658772	0.581923634606	0.654422426293	0.60657322378	0.470758820686	0.508458192363	0.68293861769	0.602223296278	0.473658772354	0.0	0.521991300145	0.511841469309	0.498308361527	0.485258579024	0.431126147898	0.415176413726	0.572257129048	0.558724021266	0.687288545191	0.641855969067	0.666022232963	0.647655872402	0.637989366844	0.669888835186	0.573707104882	0.576123731271	0.588206863219	0.577090381827	0.56259062349	0.652489125181	0.58337361044	0.622522957951	0.551957467376	0.632672788787
AD6	0.600773320445	0.516674722088	0.974867085549	0.634606089899	0.574190430159	0.402609956501	0.620106331561	0.426776220396	0.422909618173	0.529241179314	0.43064282262	0.510874818753	0.51619139681	0.887868535524	0.58337361044	0.564040599323	0.491541807637	0.485258579024	0.951184146931	0.794103431609	0.601256645723	0.545674238763	0.538907684872	0.52537457709	0.925567907202	0.625906234896	0.490575157081	0.52779120348	0.558724021266	0.579023682939	0.603189946834	0.54857419043	0.435959400677	0.476558724021	0.616723054616	0.553407443209	0.434026099565	0.521991300145	0.0	0.545674238763	0.434509424843	0.698405026583	0.647172547124	0.511841469309	0.463508941518	0.439342677622	0.595456742388	0.53939101015	0.586273562107	0.563073948768	0.547124214596	0.573223779604	0.464475592073	0.453842435959	0.478008699855	0.471725471242	0.543257612373	0.5601739971	0.548090865152	0.550024166264	0.463992266796	0.541807636539
AE5	0.612373127115	0.521991300145	0.976317061382	0.622522957951	0.574673755437	0.549057515708	0.564040599323	0.541324311261	0.591590140164	0.512324794587	0.610923151281	0.524891251812	0.570323827936	0.889318511358	0.541324311261	0.56935717738	0.608989850169	0.609956500725	0.928467858869	0.76848719188	0.713388110198	0.652005799903	0.641372643789	0.639439342678	0.880135331078	0.645239246013	0.610439826003	0.616723054616	0.647172547124	0.641372643789	0.666988883519	0.625906234896	0.558240695988	0.588206863219	0.635089415176	0.573223779604	0.595456742388	0.511841469309	0.545674238763	0.0	0.360560657322	0.604639922668	0.568873852102	0.497341710971	0.628806186564	0.619139681005	0.660222329628	0.618656355727	0.64572257129	0.613823102948	0.623489608507	0.647172547124	0.537941034316	0.565007249879	0.603673272112	0.5601739971	0.548090865152	0.622039632673	0.555824069599	0.601739971	0.573223779604	0.619623006283
AE6	0.610923151281	0.488641855969	0.974867085549	0.632672788787	0.553407443209	0.477525374577	0.567907201547	0.476558724021	0.526824552924	0.496375060416	0.541807636539	0.492508458192	0.520541324311	0.887868535524	0.5601739971	0.564040599323	0.565007249879	0.56259062349	0.932334461092	0.769937167714	0.687771870469	0.625422909618	0.616239729338	0.611406476559	0.897051715805	0.623006283229	0.563557274045	0.59497341711	0.612856452392	0.614306428226	0.655389076849	0.609473175447	0.491541807637	0.524407926535	0.607056549058	0.538424359594	0.533591106815	0.498308361527	0.434509424843	0.360560657322	0.0	0.644755920735	0.593523441276	0.47220879652	0.558240695988	0.547607539874	0.619139681005	0.579023682939	0.598356694055	0.57177380377	0.579990333494	0.611406476559	0.483325277912	0.494925084582	0.52779120348	0.487675205413	0.53020782987	0.587240212663	0.542290961817	0.555340744321	0.524891251812	0.573223779604
AF5	0.712421459642	0.641372643789	0.929434509425	0.663605606573	0.682455292412	0.691155147414	0.557274045433	0.648622522958	0.698888351861	0.599323344611	0.728854519091	0.650072498792	0.686321894635	0.84726921218	0.616723054616	0.678588690188	0.728371193813	0.726437892702	0.872885451909	0.734654422426	0.727887868536	0.691155147414	0.72450459159	0.72692121798	0.876268728855	0.68970517158	0.707104881585	0.690188496858	0.681488641856	0.679072015466	0.76848719188	0.734171097148	0.632189463509	0.666988883519	0.757370710488	0.681971967134	0.723054615756	0.485258579024	0.698405026583	0.604639922668	0.644755920735	0.0	0.291445142581	0.553890768487	0.736587723538	0.721121314645	0.775737071049	0.727887868536	0.751087481875	0.725954567424	0.73852102465	0.754470758821	0.702271628806	0.72692121798	0.735137747704	0.720154664089	0.678588690188	0.727887868536	0.686805219913	0.700338327695	0.723537941034	0.72692121798
AF6	0.679555340744	0.591590140164	0.936684388594	0.646689221846	0.653455775737	0.642339294345	0.523441275979	0.600289995167	0.647655872402	0.548090865152	0.681488641856	0.621072982117	0.637022716288	0.854519091348	0.568390526825	0.643789270179	0.68293861769	0.679555340744	0.888351860802	0.740937651039	0.695505074915	0.652972450459	0.678588690188	0.670372160464	0.881585306912	0.660222329628	0.658289028516	0.641372643789	0.643789270179	0.646689221846	0.731754470759	0.69212179797	0.577573707105	0.611406476559	0.73852102465	0.65055582407	0.665538907685	0.431126147898	0.647172547124	0.568873852102	0.593523441276	0.291445142581	0.0	0.508941517641	0.685838569357	0.671822136298	0.762687288545	0.706621556307	0.734171097148	0.706621556307	0.700821652972	0.732721121315	0.653939101015	0.677138714355	0.68970517158	0.669888835186	0.622522957951	0.706621556307	0.631706138231	0.6805219913	0.672305461576	0.695988400193
