	AA3	AA4	AB3	AB4	AC3	AC4	AD3	AD4	AE3	AE4	AF3	AF4	AG3	AG4	AH3	AH4	AA7	AA8	AB7	AB8	AC7	AC8	AD7	AD8	AE7	AE8	AF7	AF8	AG7	AG8	AH7	AH8	AA5	AA6	AB5	AB6	AC5	AC6	AD6	AE5	AE6	AF5	AF6	AG5	AH5	AH6	AA1	AA2	AB1	AB2	AC1	AC2	AD1	AD2	AE1	AE2	AF1	AF2	AG1	AG2	AH1	AH2
AA3	0.0	0.481875302078	0.926534557757	0.619623006283	0.643789270179	0.581440309328	0.68970517158	0.600289995167	0.57177380377	0.65055582407	0.619139681005	0.603673272112	0.600773320445	0.848235862736	0.646689221846	0.336394393427	0.570323827936	0.570323827936	0.860318994683	0.688738521025	0.620106331561	0.568873852102	0.591106814886	0.582890285162	0.820686321895	0.58095698405	0.577573707105	0.566457225713	0.567907201547	0.577090381827	0.596906718221	0.573707104882	0.594006766554	0.605123247946	0.751087481875	0.689221846303	0.613823102948	0.637022716288	0.596906718221	0.620589656839	0.599323344611	0.70372160464	0.688738521025	0.623489608507	0.621556307395	0.61333977767	0.676172063799	0.638472692122	0.71290478492	0.65732237796	0.642822619623	0.665055582407	0.567907201547	0.570807153214	0.577090381827	0.565007249879	0.578057032383	0.658772353794	0.587240212663	0.666988883519	0.593523441276	0.639439342678
AA4	0.481875302078	0.0	0.947317544708	0.575640405993	0.572740454326	0.510391493475	0.600773320445	0.512808119865	0.53020782987	0.530691155147	0.581440309328	0.523441275979	0.507974867086	0.863218946351	0.376993716771	0.391493475109	0.557274045433	0.552924117931	0.89125181247	0.717254712421	0.656839052682	0.578057032383	0.584823586274	0.587723537941	0.869018849686	0.61333977767	0.561623972934	0.561140647656	0.595940067666	0.618173030449	0.630739487675	0.585790236829	0.527307878202	0.541324311261	0.686805219913	0.612856452392	0.586273562107	0.519574673755	0.542290961817	0.530691155147	0.496375060416	0.61575640406	0.594490091832	0.533591106815	0.595940067666	0.578540357661	0.655872402127	0.591590140164	0.651522474625	0.612373127115	0.616723054616	0.644272595457	0.544224262929	0.530691155147	0.551474142098	0.540357660706	0.499275012083	0.636056065732	0.505074915418	0.608989850169	0.53939101015	0.596423392943
AB3	0.926534557757	0.947317544708	0.0	0.681488641856	0.917351377477	0.950700821653	0.954084098598	0.942967617206	0.931851135814	0.951667472209	0.968583856936	0.933301111648	0.963267278879	0.336877718705	0.961817303045	0.937167713871	0.969067182214	0.967133881102	0.740454325761	0.762203963267	0.881101981634	0.908651522475	0.954084098598	0.942484291928	0.849202513291	0.897535041083	0.939101014983	0.936684388594	0.850652489125	0.830836152731	0.948767520541	0.955050749154	0.95601739971	0.961817303045	0.971000483325	0.964233929435	0.971483808603	0.950700821653	0.971967133881	0.971967133881	0.970517158047	0.932334461092	0.930884485259	0.945867568874	0.971967133881	0.969550507492	0.971000483325	0.971000483325	0.969550507492	0.970517158047	0.971483808603	0.968583856936	0.972450459159	0.972933784437	0.975350410826	0.970517158047	0.971000483325	0.970033832769	0.971000483325	0.972450459159	0.971000483325	0.972450459159
AB4	0.619623006283	0.575640405993	0.681488641856	0.0	0.632672788787	0.598840019333	0.70130497825	0.625906234896	0.616239729338	0.637506041566	0.639922667956	0.593523441276	0.473175447076	0.574190430159	0.601739971	0.600289995167	0.641855969067	0.624456259062	0.724021266312	0.563073948768	0.652489125181	0.618173030449	0.645239246013	0.643789270179	0.787336877719	0.631222812953	0.637022716288	0.635572740454	0.537457709038	0.56259062349	0.685355244079	0.644272595457	0.63653939101	0.651522474625	0.727887868536	0.667955534074	0.646205896568	0.637022716288	0.630256162397	0.62493958434	0.617689705172	0.664088931851	0.663605606573	0.618656355727	0.678105364911	0.665055582407	0.688255195747	0.640889318511	0.702271628806	0.662155630739	0.667472208797	0.670372160464	0.627839536008	0.621556307395	0.639439342678	0.633639439343	0.634122764621	0.669405509908	0.630256162397	0.669888835186	0.637506041566	0.64813919768
AC3	0.643789270179	0.572740454326	0.917351377477	0.632672788787	0.0	0.483325277912	0.655872402127	0.549540840986	0.577573707105	0.590623489609	0.621072982117	0.316578057032	0.606089898502	0.840985983567	0.597873368777	0.611889801837	0.608023199613	0.597390043499	0.880618656356	0.735137747704	0.728854519091	0.672305461576	0.716771387144	0.714354760754	0.833736104398	0.682455292412	0.655389076849	0.670855485742	0.676172063799	0.689221846303	0.70130497825	0.663605606573	0.590140164331	0.632672788787	0.632672788787	0.588206863219	0.623489608507	0.587723537941	0.581923634606	0.545674238763	0.555340744321	0.661188980184	0.661672305462	0.567907201547	0.648622522958	0.637506041566	0.590623489609	0.589173513775	0.589656839053	0.570323827936	0.596906718221	0.597873368777	0.537457709038	0.56259062349	0.578540357661	0.552440792653	0.608506524891	0.574190430159	0.611406476559	0.593040115998	0.613823102948	0.595456742388
AC4	0.581440309328	0.510391493475	0.950700821653	0.598840019333	0.483325277912	0.0	0.632672788787	0.412759787337	0.41662638956	0.521507974867	0.347994200097	0.408409859836	0.515224746254	0.871918801353	0.568390526825	0.527307878202	0.445142580957	0.4398260029	0.918318028033	0.738037699372	0.589656839053	0.524407926535	0.519574673755	0.51619139681	0.884968583857	0.58337361044	0.491058482359	0.493958434026	0.526824552924	0.559207346544	0.566457225713	0.509424842919	0.437892701788	0.467375543741	0.651522474625	0.573223779604	0.469308844853	0.52779120348	0.405993233446	0.541324311261	0.463992266796	0.678588690188	0.662638956017	0.507974867086	0.496858385694	0.477042049299	0.619139681005	0.559207346544	0.598356694055	0.579990333494	0.573707104882	0.597873368777	0.478975350411	0.483325277912	0.490575157081	0.49540840986	0.519574673755	0.588206863219	0.530691155147	0.579507008217	0.463992266796	0.566940550991
AD3	0.68970517158	0.600773320445	0.954084098598	0.70130497825	0.655872402127	0.632672788787	0.0	0.555340744321	0.654422426293	0.379410343161	0.687288545191	0.608989850169	0.662638956017	0.879168680522	0.59255679072	0.658289028516	0.69453842436	0.697438376027	0.935717738038	0.762687288545	0.720154664089	0.704204929918	0.711938134364	0.700821652972	0.91203479942	0.691638472692	0.710004833253	0.701788303528	0.699855002417	0.693088448526	0.733204446593	0.704688255196	0.644272595457	0.669888835186	0.755437409377	0.687771870469	0.691155147414	0.546157564041	0.646205896568	0.603189946834	0.59497341711	0.556307394877	0.537457709038	0.575640405993	0.707588206863	0.696471725471	0.771387143548	0.722571290478	0.755920734654	0.716288061866	0.721121314645	0.754470758821	0.671822136298	0.665055582407	0.681488641856	0.667955534074	0.635089415176	0.740937651039	0.655389076849	0.723054615756	0.698888351861	0.724021266312
AD4	0.600289995167	0.512808119865	0.942967617206	0.625906234896	0.549540840986	0.412759787337	0.555340744321	0.0	0.314161430643	0.433542774287	0.421942967617	0.492508458192	0.537941034316	0.868535524408	0.551957467376	0.543257612373	0.436442725955	0.435476075399	0.942484291928	0.761720637989	0.598356694055	0.519091348478	0.498308361527	0.491058482359	0.910101498308	0.61333977767	0.446592556791	0.46302561624	0.515708071532	0.560657322378	0.541324311261	0.490575157081	0.39342677622	0.445142580957	0.66892218463	0.582406959884	0.420492991783	0.500241662639	0.422909618173	0.549540840986	0.473175447076	0.656839052682	0.630256162397	0.492025132914	0.503624939584	0.476075398743	0.657805703238	0.60415659739	0.642822619623	0.621556307395	0.618656355727	0.642822619623	0.514258095698	0.5186080232	0.52779120348	0.52779120348	0.521507974867	0.634122764621	0.553890768487	0.634122764621	0.509908168197	0.609956500725
AE3	0.57177380377	0.53020782987	0.931851135814	0.616239729338	0.577573707105	0.41662638956	0.654422426293	0.314161430643	0.0	0.524891251812	0.399226679555	0.521507974867	0.536491058482	0.859352344128	0.567907201547	0.533107781537	0.411309811503	0.423392943451	0.928467858869	0.74770420493	0.574673755437	0.49540840986	0.469308844853	0.467858869019	0.895601739971	0.596906718221	0.424359594007	0.456742387627	0.500241662639	0.54857419043	0.525857902368	0.4813919768	0.397776703722	0.449975833736	0.685355244079	0.610439826003	0.432092798453	0.536491058482	0.43064282262	0.594006766554	0.506524891252	0.688738521025	0.662155630739	0.5186080232	0.503624939584	0.473658772354	0.663605606573	0.60657322378	0.653939101015	0.624456259062	0.617206379894	0.643789270179	0.526824552924	0.531174480425	0.538907684872	0.544224262929	0.531174480425	0.641372643789	0.551474142098	0.631222812953	0.499275012083	0.611406476559
AE4	0.65055582407	0.530691155147	0.951667472209	0.637506041566	0.590623489609	0.521507974867	0.379410343161	0.433542774287	0.524891251812	0.0	0.582890285162	0.533107781537	0.601739971	0.873368777187	0.538907684872	0.584340260996	0.594006766554	0.59255679072	0.943450942484	0.761720637989	0.669888835186	0.602706621556	0.603673272112	0.601256645723	0.916384726921	0.62493958434	0.604639922668	0.599323344611	0.595940067666	0.614306428226	0.654905751571	0.601739971	0.530691155147	0.559690671822	0.708071532141	0.630739487675	0.59255679072	0.465442242629	0.53697438376	0.537941034316	0.511358144031	0.573707104882	0.545190913485	0.496858385694	0.60657322378	0.595940067666	0.714354760754	0.658289028516	0.698888351861	0.664572257129	0.673755437409	0.702754954084	0.607056549058	0.598840019333	0.600289995167	0.604639922668	0.572257129048	0.683421942968	0.600289995167	0.679072015466	0.598840019333	0.665055582407
AF3	0.619139681005	0.581440309328	0.968583856936	0.639922667956	0.621072982117	0.347994200097	0.687288545191	0.421942967617	0.399226679555	0.582890285162	0.0	0.531174480425	0.558724021266	0.889801836636	0.61333977767	0.584823586274	0.433542774287	0.432576123731	0.956500724988	0.779120347994	0.610923151281	0.556307394877	0.453359110681	0.455292411793	0.916868052199	0.622522957951	0.447559207347	0.503141614306	0.544224262929	0.587240212663	0.531174480425	0.499758337361	0.434992750121	0.496375060416	0.684871918801	0.625906234896	0.408893185114	0.567423876269	0.431609473175	0.614789753504	0.529724504592	0.723054615756	0.703238279362	0.549057515708	0.510391493475	0.482841952634	0.654422426293	0.601256645723	0.659255679072	0.616239729338	0.611889801837	0.637989366844	0.539874335428	0.520541324311	0.53020782987	0.536491058482	0.576123731271	0.635089415176	0.589173513775	0.620106331561	0.507491541808	0.603673272112
AF4	0.603673272112	0.523441275979	0.933301111648	0.593523441276	0.316578057032	0.408409859836	0.608989850169	0.492508458192	0.521507974867	0.533107781537	0.531174480425	0.0	0.554374093765	0.854035766071	0.555824069599	0.5601739971	0.553407443209	0.538907684872	0.88883518608	0.714354760754	0.695505074915	0.62735621073	0.65055582407	0.643789270179	0.843402609957	0.622039632673	0.593040115998	0.616723054616	0.623972933784	0.6389560174	0.647655872402	0.60657322378	0.52779120348	0.567423876269	0.624456259062	0.534557757371	0.553407443209	0.533591106815	0.524407926535	0.496858385694	0.504108264862	0.618656355727	0.617689705172	0.508941517641	0.573707104882	0.559690671822	0.578057032383	0.522957950701	0.569840502658	0.532141130981	0.543257612373	0.567423876269	0.475108748188	0.504108264862	0.510874818753	0.506041565974	0.55099081682	0.546157564041	0.557274045433	0.543257612373	0.555824069599	0.529241179314
AG3	0.600773320445	0.507974867086	0.963267278879	0.473175447076	0.606089898502	0.515224746254	0.662638956017	0.537941034316	0.536491058482	0.601739971	0.558724021266	0.554374093765	0.0	0.853552440793	0.524407926535	0.55775737071	0.520057999033	0.504108264862	0.937651039149	0.753504108265	0.680038666022	0.603189946834	0.60415659739	0.615273078782	0.890768487192	0.647172547124	0.550507491542	0.578540357661	0.619139681005	0.646205896568	0.649105848236	0.593040115998	0.531174480425	0.537941034316	0.676172063799	0.622039632673	0.565490575157	0.571290478492	0.535041082649	0.570323827936	0.514741420976	0.673755437409	0.65973900435	0.561140647656	0.586273562107	0.563557274045	0.622039632673	0.580473658772	0.638472692122	0.609473175447	0.600773320445	0.610923151281	0.528274528758	0.531174480425	0.558240695988	0.53939101015	0.543740937651	0.61333977767	0.544224262929	0.616239729338	0.509908168197	0.58337361044
AG4	0.848235862736	0.863218946351	0.336877718705	0.574190430159	0.840985983567	0.871918801353	0.879168680522	0.868535524408	0.859352344128	0.873368777187	0.889801836636	0.854035766071	0.853552440793	0.0	0.883035282745	0.854035766071	0.895118414693	0.894151764137	0.713871435476	0.684388593523	0.811503141614	0.834702754954	0.877718704688	0.86805219913	0.825036249396	0.823102948284	0.864185596907	0.859352344128	0.774287095215	0.742387626873	0.881585306912	0.880618656356	0.880618656356	0.884968583857	0.897051715805	0.885935234413	0.894635089415	0.864668922185	0.893668438859	0.892701788304	0.887868535524	0.853069115515	0.848719188014	0.870952150797	0.896085065249	0.890768487192	0.89125181247	0.892701788304	0.893668438859	0.88883518608	0.894635089415	0.888351860802	0.896085065249	0.892218463026	0.897051715805	0.892701788304	0.891735137748	0.892218463026	0.892218463026	0.890285161914	0.894151764137	0.893668438859
AH3	0.646689221846	0.376993716771	0.961817303045	0.601739971	0.597873368777	0.568390526825	0.59255679072	0.551957467376	0.567907201547	0.538907684872	0.61333977767	0.555824069599	0.524407926535	0.883035282745	0.0	0.55099081682	0.600289995167	0.595940067666	0.931851135814	0.760753987434	0.702754954084	0.635572740454	0.635089415176	0.642339294345	0.906718221363	0.68293861769	0.626389560174	0.626872885452	0.656355727405	0.670855485742	0.692605123248	0.642822619623	0.540357660706	0.58095698405	0.714354760754	0.642339294345	0.62493958434	0.539874335428	0.588690188497	0.553890768487	0.545674238763	0.598356694055	0.570323827936	0.553890768487	0.638472692122	0.618173030449	0.703238279362	0.625906234896	0.672305461576	0.653455775737	0.648622522958	0.674722087965	0.593040115998	0.586273562107	0.601739971	0.603189946834	0.556790720155	0.666988883519	0.559690671822	0.645239246013	0.596423392943	0.631222812953
AH4	0.336394393427	0.391493475109	0.937167713871	0.600289995167	0.611889801837	0.527307878202	0.658289028516	0.543257612373	0.533107781537	0.584340260996	0.584823586274	0.5601739971	0.55775737071	0.854035766071	0.55099081682	0.0	0.537457709038	0.540357660706	0.881585306912	0.700821652972	0.61333977767	0.552924117931	0.56259062349	0.564040599323	0.841952634123	0.570807153214	0.54857419043	0.545674238763	0.559690671822	0.570323827936	0.571290478492	0.539874335428	0.552924117931	0.550507491542	0.72450459159	0.659255679072	0.577573707105	0.581923634606	0.549057515708	0.591106814886	0.536007733204	0.678105364911	0.661188980184	0.56935717738	0.580473658772	0.57177380377	0.657805703238	0.611406476559	0.687288545191	0.620589656839	0.625422909618	0.642339294345	0.550024166264	0.524407926535	0.536491058482	0.542774287095	0.52537457709	0.636056065732	0.543257612373	0.633156114065	0.543740937651	0.615273078782
AA7	0.570323827936	0.557274045433	0.969067182214	0.641855969067	0.608023199613	0.445142580957	0.69453842436	0.436442725955	0.411309811503	0.594006766554	0.433542774287	0.553407443209	0.520057999033	0.895118414693	0.600289995167	0.537457709038	0.0	0.278395360077	0.929917834703	0.757370710488	0.585306911551	0.508941517641	0.477525374577	0.482841952634	0.87723537941	0.599323344611	0.438376027066	0.450459159014	0.535041082649	0.579507008217	0.520057999033	0.414693088449	0.405509908168	0.457225712905	0.705171580474	0.647655872402	0.46060898985	0.56935717738	0.450459159014	0.595456742388	0.521024649589	0.716288061866	0.696471725471	0.547124214596	0.521991300145	0.496375060416	0.651039149348	0.595940067666	0.660705654906	0.624456259062	0.594490091832	0.621556307395	0.505074915418	0.507491541808	0.521991300145	0.516674722088	0.521507974867	0.616723054616	0.536491058482	0.637506041566	0.477042049299	0.59497341711
AA8	0.570323827936	0.552924117931	0.967133881102	0.624456259062	0.597390043499	0.4398260029	0.697438376027	0.435476075399	0.423392943451	0.59255679072	0.432576123731	0.538907684872	0.504108264862	0.894151764137	0.595940067666	0.540357660706	0.278395360077	0.0	0.928951184147	0.750120831319	0.588206863219	0.502658289029	0.479458675689	0.484291928468	0.870952150797	0.589173513775	0.423876268729	0.453359110681	0.525857902368	0.57177380377	0.482358627356	0.379410343161	0.434026099565	0.473175447076	0.708071532141	0.646689221846	0.454809086515	0.57177380377	0.446592556791	0.600289995167	0.520057999033	0.721121314645	0.702271628806	0.551474142098	0.522957950701	0.494441759304	0.620589656839	0.573223779604	0.647655872402	0.608989850169	0.570807153214	0.60415659739	0.490091831803	0.495891735138	0.502658289029	0.508941517641	0.522957950701	0.592073465442	0.534074432093	0.623006283229	0.463992266796	0.578540357661
AB7	0.860318994683	0.89125181247	0.740454325761	0.724021266312	0.880618656356	0.918318028033	0.935717738038	0.942484291928	0.928467858869	0.943450942484	0.956500724988	0.88883518608	0.937651039149	0.713871435476	0.931851135814	0.881585306912	0.929917834703	0.928951184147	0.0	0.420009666506	0.81488641856	0.843885935234	0.927501208313	0.915418076365	0.746254229096	0.818753020783	0.892218463026	0.887385210246	0.738037699372	0.69212179797	0.890768487192	0.909134847753	0.931367810536	0.934751087482	0.937167713871	0.931851135814	0.947317544708	0.913484775254	0.950217496375	0.928467858869	0.942967617206	0.870952150797	0.869502174964	0.908168197197	0.959884001933	0.950700821653	0.931851135814	0.927984533591	0.936201063316	0.925567907202	0.93281778637	0.926534557757	0.92363460609	0.921701304978	0.9212179797	0.918801353311	0.919284678589	0.921701304978	0.923151280812	0.920251329145	0.951184146931	0.931367810536
AB8	0.688738521025	0.717254712421	0.762203963267	0.563073948768	0.735137747704	0.738037699372	0.762687288545	0.761720637989	0.74770420493	0.761720637989	0.779120347994	0.714354760754	0.753504108265	0.684388593523	0.760753987434	0.700821652972	0.757370710488	0.750120831319	0.420009666506	0.0	0.644272595457	0.666505558241	0.741420976317	0.72450459159	0.723537941034	0.642339294345	0.705654905752	0.698405026583	0.524891251812	0.513291445143	0.720154664089	0.722571290478	0.755920734654	0.763170613823	0.811019816336	0.758820686322	0.764137264379	0.734171097148	0.765103914935	0.749637506042	0.756404059932	0.710004833253	0.702754954084	0.726437892702	0.789753504108	0.781053649106	0.796036732721	0.749637506042	0.788786853552	0.745770903818	0.7593040116	0.769937167714	0.753987433543	0.750120831319	0.750120831319	0.747220879652	0.741420976317	0.758820686322	0.748187530208	0.743354277429	0.773803769937	0.752537457709
AC7	0.620106331561	0.656839052682	0.881101981634	0.652489125181	0.728854519091	0.589656839053	0.720154664089	0.598356694055	0.574673755437	0.669888835186	0.610923151281	0.695505074915	0.680038666022	0.811503141614	0.702754954084	0.61333977767	0.585306911551	0.588206863219	0.81488641856	0.644272595457	0.0	0.366360560657	0.58095698405	0.573223779604	0.808603189947	0.583856935718	0.562107298212	0.521991300145	0.476075398743	0.48380860319	0.578540357661	0.56935717738	0.577573707105	0.596423392943	0.81488641856	0.749154180764	0.635572740454	0.656355727405	0.607539874335	0.718221362977	0.656839052682	0.704204929918	0.69453842436	0.634606089899	0.628322861286	0.605123247946	0.811503141614	0.752054132431	0.802319961334	0.77767037216	0.754470758821	0.780570323828	0.6805219913	0.674238762687	0.679072015466	0.686805219913	0.665538907685	0.78250362494	0.676655389077	0.779120347994	0.620106331561	0.752537457709
AC8	0.568873852102	0.578057032383	0.908651522475	0.618173030449	0.672305461576	0.524407926535	0.704204929918	0.519091348478	0.49540840986	0.602706621556	0.556307394877	0.62735621073	0.603189946834	0.834702754954	0.635572740454	0.552924117931	0.508941517641	0.502658289029	0.843885935234	0.666505558241	0.366360560657	0.0	0.496375060416	0.493958434026	0.837602706622	0.5601739971	0.409859835669	0.372160463992	0.43740937651	0.478008699855	0.534557757371	0.495891735138	0.488641855969	0.510391493475	0.742870952151	0.681005316578	0.557274045433	0.588690188497	0.528757854036	0.641372643789	0.577090381827	0.672305461576	0.652005799903	0.572257129048	0.566940550991	0.538424359594	0.729337844369	0.663122281295	0.729337844369	0.702271628806	0.670372160464	0.694055099082	0.602706621556	0.596906718221	0.598840019333	0.608023199613	0.581440309328	0.695505074915	0.593523441276	0.710488158531	0.536491058482	0.669405509908
AD7	0.591106814886	0.584823586274	0.954084098598	0.645239246013	0.716771387144	0.519574673755	0.711938134364	0.498308361527	0.469308844853	0.603673272112	0.453359110681	0.65055582407	0.60415659739	0.877718704688	0.635089415176	0.56259062349	0.477525374577	0.479458675689	0.927501208313	0.741420976317	0.58095698405	0.496375060416	0.0	0.289028516191	0.885935234413	0.516674722088	0.412276462059	0.449975833736	0.501691638473	0.542774287095	0.494925084582	0.464958917351	0.497341710971	0.531174480425	0.748187530208	0.681488641856	0.487675205413	0.596906718221	0.520057999033	0.644755920735	0.584340260996	0.717254712421	0.698405026583	0.58337361044	0.56259062349	0.541324311261	0.73368777187	0.666988883519	0.739487675205	0.700821652972	0.676655389077	0.700338327695	0.61333977767	0.601256645723	0.593040115998	0.612856452392	0.575640405993	0.70372160464	0.59497341711	0.707104881585	0.560657322378	0.672788786854
AD8	0.582890285162	0.587723537941	0.942484291928	0.643789270179	0.714354760754	0.51619139681	0.700821652972	0.491058482359	0.467858869019	0.601256645723	0.455292411793	0.643789270179	0.615273078782	0.86805219913	0.642339294345	0.564040599323	0.482841952634	0.484291928468	0.915418076365	0.72450459159	0.573223779604	0.493958434026	0.289028516191	0.0	0.855002416626	0.488641855969	0.404059932334	0.450942484292	0.489608506525	0.530691155147	0.491058482359	0.466892218463	0.498791686805	0.532624456259	0.754470758821	0.686805219913	0.488158530691	0.593040115998	0.516674722088	0.640889318511	0.581440309328	0.715804736588	0.696471725471	0.577573707105	0.564523924601	0.544224262929	0.737554374094	0.673272112131	0.741420976317	0.704204929918	0.677138714355	0.706138231029	0.61333977767	0.604639922668	0.595940067666	0.613823102948	0.590623489609	0.704688255196	0.607056549058	0.709038182697	0.565490575157	0.676172063799
AE7	0.820686321895	0.869018849686	0.849202513291	0.787336877719	0.833736104398	0.884968583857	0.91203479942	0.910101498308	0.895601739971	0.916384726921	0.916868052199	0.843402609957	0.890768487192	0.825036249396	0.906718221363	0.841952634123	0.87723537941	0.870952150797	0.746254229096	0.723537941034	0.808603189947	0.837602706622	0.885935234413	0.855002416626	0.0	0.553407443209	0.87046882552	0.860802319961	0.775737071049	0.7593040116	0.838569357177	0.850652489125	0.902368293862	0.908651522475	0.927984533591	0.917834702755	0.913484775254	0.897051715805	0.912518124698	0.878685355244	0.895601739971	0.877718704688	0.875302078299	0.881585306912	0.938617689705	0.920251329145	0.890768487192	0.899951667472	0.91203479942	0.890768487192	0.90285161914	0.899951667472	0.892701788304	0.894151764137	0.901401643306	0.890768487192	0.903334944418	0.889801836636	0.905751570807	0.90043499275	0.913484775254	0.904784920251
AE8	0.58095698405	0.61333977767	0.897535041083	0.631222812953	0.682455292412	0.58337361044	0.691638472692	0.61333977767	0.596906718221	0.62493958434	0.622522957951	0.622039632673	0.647172547124	0.823102948284	0.68293861769	0.570807153214	0.599323344611	0.589173513775	0.818753020783	0.642339294345	0.583856935718	0.5601739971	0.516674722088	0.488641855969	0.553407443209	0.0	0.564523924601	0.554857419043	0.526824552924	0.514741420976	0.572257129048	0.566940550991	0.60657322378	0.611406476559	0.772353794103	0.707588206863	0.617689705172	0.601256645723	0.615273078782	0.642822619623	0.612373127115	0.68293861769	0.669888835186	0.592073465442	0.63653939101	0.621556307395	0.73368777187	0.685355244079	0.755437409377	0.697438376027	0.687288545191	0.725954567424	0.645239246013	0.628322861286	0.623972933784	0.637022716288	0.627839536008	0.706621556307	0.648622522958	0.706621556307	0.607539874335	0.68293861769
AF7	0.577573707105	0.561623972934	0.939101014983	0.637022716288	0.655389076849	0.491058482359	0.710004833253	0.446592556791	0.424359594007	0.604639922668	0.447559207347	0.593040115998	0.550507491542	0.864185596907	0.626389560174	0.54857419043	0.438376027066	0.423876268729	0.892218463026	0.705654905752	0.562107298212	0.409859835669	0.412276462059	0.404059932334	0.87046882552	0.564523924601	0.0	0.329144514258	0.480425326245	0.526824552924	0.479942000967	0.473175447076	0.44224262929	0.46979217013	0.70130497825	0.634606089899	0.433059449009	0.559207346544	0.481875302078	0.609956500725	0.529241179314	0.700821652972	0.681005316578	0.542774287095	0.53020782987	0.507974867086	0.663605606573	0.604639922668	0.682455292412	0.64572257129	0.619139681005	0.637022716288	0.558240695988	0.537457709038	0.535524407927	0.550507491542	0.550507491542	0.635572740454	0.562107298212	0.649589173514	0.48622522958	0.611889801837
AF8	0.566457225713	0.561140647656	0.936684388594	0.635572740454	0.670855485742	0.493958434026	0.701788303528	0.46302561624	0.456742387627	0.599323344611	0.503141614306	0.616723054616	0.578540357661	0.859352344128	0.626872885452	0.545674238763	0.450459159014	0.453359110681	0.887385210246	0.698405026583	0.521991300145	0.372160463992	0.449975833736	0.450942484292	0.860802319961	0.554857419043	0.329144514258	0.0	0.463992266796	0.506041565974	0.511358144031	0.459642339294	0.45142580957	0.489608506525	0.733204446593	0.665055582407	0.490575157081	0.570323827936	0.49299178347	0.60657322378	0.552924117931	0.68293861769	0.663122281295	0.546640889319	0.549057515708	0.524407926535	0.681005316578	0.630739487675	0.705171580474	0.672788786854	0.648622522958	0.659255679072	0.572257129048	0.561623972934	0.563073948768	0.573223779604	0.546640889319	0.655872402127	0.561140647656	0.681971967134	0.498791686805	0.638472692122
AG7	0.567907201547	0.595940067666	0.850652489125	0.537457709038	0.676172063799	0.526824552924	0.699855002417	0.515708071532	0.500241662639	0.595940067666	0.544224262929	0.623972933784	0.619139681005	0.774287095215	0.656355727405	0.559690671822	0.535041082649	0.525857902368	0.738037699372	0.524891251812	0.476075398743	0.43740937651	0.501691638473	0.489608506525	0.775737071049	0.526824552924	0.480425326245	0.463992266796	0.0	0.313678105365	0.549540840986	0.512324794587	0.514258095698	0.539874335428	0.753987433543	0.683905268246	0.533591106815	0.580473658772	0.522474625423	0.634606089899	0.582890285162	0.65973900435	0.640405993233	0.558724021266	0.582406959884	0.56259062349	0.729337844369	0.666505558241	0.724021266312	0.701788303528	0.667472208797	0.702271628806	0.605606573224	0.60415659739	0.599806669889	0.61333977767	0.608023199613	0.700821652972	0.623006283229	0.699371677139	0.57177380377	0.67133881102
AG8	0.577090381827	0.618173030449	0.830836152731	0.56259062349	0.689221846303	0.559207346544	0.693088448526	0.560657322378	0.54857419043	0.614306428226	0.587240212663	0.6389560174	0.646205896568	0.742387626873	0.670855485742	0.570323827936	0.579507008217	0.57177380377	0.69212179797	0.513291445143	0.48380860319	0.478008699855	0.542774287095	0.530691155147	0.7593040116	0.514741420976	0.526824552924	0.506041565974	0.313678105365	0.0	0.569840502658	0.553890768487	0.562107298212	0.57177380377	0.775737071049	0.707588206863	0.574673755437	0.595940067666	0.573223779604	0.654905751571	0.605606573224	0.663605606573	0.643789270179	0.572740454326	0.610923151281	0.587723537941	0.754954084099	0.691155147414	0.753504108265	0.721121314645	0.700821652972	0.728854519091	0.63653939101	0.629772837119	0.625422909618	0.633639439343	0.625906234896	0.722087965201	0.644755920735	0.718704688255	0.600773320445	0.694055099082
AH7	0.596906718221	0.630739487675	0.948767520541	0.685355244079	0.70130497825	0.566457225713	0.733204446593	0.541324311261	0.525857902368	0.654905751571	0.531174480425	0.647655872402	0.649105848236	0.881585306912	0.692605123248	0.571290478492	0.520057999033	0.482358627356	0.890768487192	0.720154664089	0.578540357661	0.534557757371	0.494925084582	0.491058482359	0.838569357177	0.572257129048	0.479942000967	0.511358144031	0.549540840986	0.569840502658	0.0	0.329627839536	0.570323827936	0.601256645723	0.787820202997	0.732237796037	0.536491058482	0.659255679072	0.583856935718	0.670372160464	0.626872885452	0.752054132431	0.743837602707	0.644755920735	0.640889318511	0.619139681005	0.753504108265	0.707104881585	0.765587240213	0.719671338811	0.710488158531	0.728854519091	0.62735621073	0.628806186564	0.62493958434	0.6389560174	0.621072982117	0.731754470759	0.635089415176	0.729337844369	0.606089898502	0.708071532141
AH8	0.573707104882	0.585790236829	0.955050749154	0.644272595457	0.663605606573	0.509424842919	0.704688255196	0.490575157081	0.4813919768	0.601739971	0.499758337361	0.60657322378	0.593040115998	0.880618656356	0.642822619623	0.539874335428	0.414693088449	0.379410343161	0.909134847753	0.722571290478	0.56935717738	0.495891735138	0.464958917351	0.466892218463	0.850652489125	0.566940550991	0.473175447076	0.459642339294	0.512324794587	0.553890768487	0.329627839536	0.0	0.508458192363	0.540840985984	0.760753987434	0.68970517158	0.509908168197	0.606089898502	0.5186080232	0.623489608507	0.573223779604	0.720154664089	0.70130497825	0.594006766554	0.569840502658	0.548090865152	0.698888351861	0.647655872402	0.717738037699	0.666022232963	0.647655872402	0.673755437409	0.568873852102	0.573223779604	0.57177380377	0.58095698405	0.564040599323	0.668438859352	0.575640405993	0.676172063799	0.543740937651	0.651522474625
AA5	0.594006766554	0.527307878202	0.95601739971	0.63653939101	0.590140164331	0.437892701788	0.644272595457	0.39342677622	0.397776703722	0.530691155147	0.434992750121	0.52779120348	0.531174480425	0.880618656356	0.540357660706	0.552924117931	0.405509908168	0.434026099565	0.931367810536	0.755920734654	0.577573707105	0.488641855969	0.497341710971	0.498791686805	0.902368293862	0.60657322378	0.44224262929	0.45142580957	0.514258095698	0.562107298212	0.570323827936	0.508458192363	0.0	0.331561140648	0.676655389077	0.585790236829	0.467858869019	0.475592073465	0.425809569841	0.553407443209	0.472692121798	0.635089415176	0.601256645723	0.464475592073	0.49540840986	0.456742387627	0.670372160464	0.608023199613	0.660222329628	0.635572740454	0.627839536008	0.653939101015	0.516674722088	0.532624456259	0.53939101015	0.540840985984	0.524891251812	0.646205896568	0.552440792653	0.633156114065	0.492508458192	0.61575640406
AA6	0.605123247946	0.541324311261	0.961817303045	0.651522474625	0.632672788787	0.467375543741	0.669888835186	0.445142580957	0.449975833736	0.559690671822	0.496375060416	0.567423876269	0.537941034316	0.884968583857	0.58095698405	0.550507491542	0.457225712905	0.473175447076	0.934751087482	0.763170613823	0.596423392943	0.510391493475	0.531174480425	0.532624456259	0.908651522475	0.611406476559	0.46979217013	0.489608506525	0.539874335428	0.57177380377	0.601256645723	0.540840985984	0.331561140648	0.0	0.685355244079	0.586756887385	0.504108264862	0.510874818753	0.458192363461	0.574673755437	0.494925084582	0.669888835186	0.642822619623	0.510391493475	0.451909134848	0.41662638956	0.679555340744	0.623006283229	0.669888835186	0.647655872402	0.63653939101	0.65973900435	0.535524407927	0.543740937651	0.55099081682	0.551957467376	0.52779120348	0.652489125181	0.556307394877	0.644755920735	0.502174963751	0.630256162397
AB5	0.751087481875	0.686805219913	0.971000483325	0.727887868536	0.632672788787	0.651522474625	0.755437409377	0.66892218463	0.685355244079	0.708071532141	0.684871918801	0.624456259062	0.676172063799	0.897051715805	0.714354760754	0.72450459159	0.705171580474	0.708071532141	0.937167713871	0.811019816336	0.81488641856	0.742870952151	0.748187530208	0.754470758821	0.927984533591	0.772353794103	0.70130497825	0.733204446593	0.753987433543	0.775737071049	0.787820202997	0.760753987434	0.676655389077	0.685355244079	0.0	0.315611406477	0.635572740454	0.666505558241	0.644272595457	0.627839536008	0.612856452392	0.742870952151	0.746254229096	0.65732237796	0.626389560174	0.629289511841	0.610439826003	0.612856452392	0.633639439343	0.601256645723	0.621556307395	0.615273078782	0.606089898502	0.62493958434	0.614306428226	0.631222812953	0.684388593523	0.599323344611	0.671822136298	0.610923151281	0.678588690188	0.61575640406
AB6	0.689221846303	0.612856452392	0.964233929435	0.667955534074	0.588206863219	0.573223779604	0.687771870469	0.582406959884	0.610439826003	0.630739487675	0.625906234896	0.534557757371	0.622039632673	0.885935234413	0.642339294345	0.659255679072	0.647655872402	0.646689221846	0.931851135814	0.758820686322	0.749154180764	0.681005316578	0.681488641856	0.686805219913	0.917834702755	0.707588206863	0.634606089899	0.665055582407	0.683905268246	0.707588206863	0.732237796037	0.68970517158	0.585790236829	0.586756887385	0.315611406477	0.0	0.580473658772	0.592073465442	0.575157080715	0.570323827936	0.55775737071	0.666022232963	0.662638956017	0.555824069599	0.5601739971	0.564523924601	0.604639922668	0.553407443209	0.599806669889	0.556790720155	0.565490575157	0.596423392943	0.53697438376	0.578540357661	0.565973900435	0.577573707105	0.605606573224	0.569840502658	0.601739971	0.565007249879	0.628322861286	0.554374093765
AC5	0.613823102948	0.586273562107	0.971483808603	0.646205896568	0.623489608507	0.469308844853	0.691155147414	0.420492991783	0.432092798453	0.59255679072	0.408893185114	0.553407443209	0.565490575157	0.894635089415	0.62493958434	0.577573707105	0.46060898985	0.454809086515	0.947317544708	0.764137264379	0.635572740454	0.557274045433	0.487675205413	0.488158530691	0.913484775254	0.617689705172	0.433059449009	0.490575157081	0.533591106815	0.574673755437	0.536491058482	0.509908168197	0.467858869019	0.504108264862	0.635572740454	0.580473658772	0.0	0.462058965684	0.443692605123	0.588206863219	0.51619139681	0.710488158531	0.683421942968	0.530691155147	0.475108748188	0.464475592073	0.611406476559	0.563073948768	0.626872885452	0.578057032383	0.57177380377	0.593523441276	0.509908168197	0.497341710971	0.493475108748	0.505074915418	0.565007249879	0.584823586274	0.576123731271	0.58095698405	0.513291445143	0.5601739971
AC6	0.637022716288	0.519574673755	0.950700821653	0.637022716288	0.587723537941	0.52779120348	0.546157564041	0.500241662639	0.536491058482	0.465442242629	0.567423876269	0.533591106815	0.571290478492	0.864668922185	0.539874335428	0.581923634606	0.56935717738	0.57177380377	0.913484775254	0.734171097148	0.656355727405	0.588690188497	0.596906718221	0.593040115998	0.897051715805	0.601256645723	0.559207346544	0.570323827936	0.580473658772	0.595940067666	0.659255679072	0.606089898502	0.475592073465	0.510874818753	0.666505558241	0.592073465442	0.462058965684	0.0	0.526824552924	0.517641372644	0.496375060416	0.487675205413	0.46060898985	0.424359594007	0.565973900435	0.555340744321	0.674722087965	0.63653939101	0.670855485742	0.629289511841	0.635089415176	0.675205413243	0.583856935718	0.571290478492	0.577090381827	0.578057032383	0.552440792653	0.653455775737	0.572740454326	0.627839536008	0.564523924601	0.629289511841
AD6	0.596906718221	0.542290961817	0.971967133881	0.630256162397	0.581923634606	0.405993233446	0.646205896568	0.422909618173	0.43064282262	0.53697438376	0.431609473175	0.524407926535	0.535041082649	0.893668438859	0.588690188497	0.549057515708	0.450459159014	0.446592556791	0.950217496375	0.765103914935	0.607539874335	0.528757854036	0.520057999033	0.516674722088	0.912518124698	0.615273078782	0.481875302078	0.49299178347	0.522474625423	0.573223779604	0.583856935718	0.5186080232	0.425809569841	0.458192363461	0.644272595457	0.575157080715	0.443692605123	0.526824552924	0.0	0.536007733204	0.409859835669	0.692605123248	0.669888835186	0.517641372644	0.477525374577	0.450942484292	0.616239729338	0.563073948768	0.617206379894	0.573707104882	0.578057032383	0.60415659739	0.488158530691	0.478492025133	0.487675205413	0.492508458192	0.529241179314	0.594490091832	0.544224262929	0.591106814886	0.47462542291	0.573223779604
AE5	0.620589656839	0.530691155147	0.971967133881	0.62493958434	0.545674238763	0.541324311261	0.603189946834	0.549540840986	0.594006766554	0.537941034316	0.614789753504	0.496858385694	0.570323827936	0.892701788304	0.553890768487	0.591106814886	0.595456742388	0.600289995167	0.928467858869	0.749637506042	0.718221362977	0.641372643789	0.644755920735	0.640889318511	0.878685355244	0.642822619623	0.609956500725	0.60657322378	0.634606089899	0.654905751571	0.670372160464	0.623489608507	0.553407443209	0.574673755437	0.627839536008	0.570323827936	0.588206863219	0.517641372644	0.536007733204	0.0	0.347994200097	0.608023199613	0.594006766554	0.512808119865	0.616723054616	0.610439826003	0.639439342678	0.59497341711	0.633639439343	0.598840019333	0.616723054616	0.635089415176	0.531174480425	0.555824069599	0.581440309328	0.545674238763	0.545674238763	0.618173030449	0.549540840986	0.620589656839	0.57177380377	0.60657322378
AE6	0.599323344611	0.496375060416	0.970517158047	0.617689705172	0.555340744321	0.463992266796	0.59497341711	0.473175447076	0.506524891252	0.511358144031	0.529724504592	0.504108264862	0.514741420976	0.887868535524	0.545674238763	0.536007733204	0.521024649589	0.520057999033	0.942967617206	0.756404059932	0.656839052682	0.577090381827	0.584340260996	0.581440309328	0.895601739971	0.612373127115	0.529241179314	0.552924117931	0.582890285162	0.605606573224	0.626872885452	0.573223779604	0.472692121798	0.494925084582	0.612856452392	0.55775737071	0.51619139681	0.496375060416	0.409859835669	0.347994200097	0.0	0.642339294345	0.619139681005	0.468825519575	0.531174480425	0.522474625423	0.631706138231	0.576607056549	0.619623006283	0.575157080715	0.604639922668	0.625422909618	0.494441759304	0.485741904302	0.506524891252	0.497341710971	0.505074915418	0.610923151281	0.521024649589	0.594490091832	0.492025132914	0.589656839053
AF5	0.70372160464	0.61575640406	0.932334461092	0.664088931851	0.661188980184	0.678588690188	0.556307394877	0.656839052682	0.688738521025	0.573707104882	0.723054615756	0.618656355727	0.673755437409	0.853069115515	0.598356694055	0.678105364911	0.716288061866	0.721121314645	0.870952150797	0.710004833253	0.704204929918	0.672305461576	0.717254712421	0.715804736588	0.877718704688	0.68293861769	0.700821652972	0.68293861769	0.65973900435	0.663605606573	0.752054132431	0.720154664089	0.635089415176	0.669888835186	0.742870952151	0.666022232963	0.710488158531	0.487675205413	0.692605123248	0.608023199613	0.642339294345	0.0	0.276945384244	0.55099081682	0.720637989367	0.713388110198	0.761720637989	0.715804736588	0.750120831319	0.713388110198	0.731271145481	0.750604156597	0.690188496858	0.71290478492	0.72692121798	0.70372160464	0.664572257129	0.734171097148	0.680038666022	0.711938134364	0.713388110198	0.718704688255
AF6	0.688738521025	0.594490091832	0.930884485259	0.663605606573	0.661672305462	0.662638956017	0.537457709038	0.630256162397	0.662155630739	0.545190913485	0.703238279362	0.617689705172	0.65973900435	0.848719188014	0.570323827936	0.661188980184	0.696471725471	0.702271628806	0.869502174964	0.702754954084	0.69453842436	0.652005799903	0.698405026583	0.696471725471	0.875302078299	0.669888835186	0.681005316578	0.663122281295	0.640405993233	0.643789270179	0.743837602707	0.70130497825	0.601256645723	0.642822619623	0.746254229096	0.662638956017	0.683421942968	0.46060898985	0.669888835186	0.594006766554	0.619139681005	0.276945384244	0.0	0.523924601257	0.700338327695	0.690188496858	0.760270662156	0.708554857419	0.743837602707	0.706621556307	0.708071532141	0.748187530208	0.676172063799	0.684388593523	0.700821652972	0.687288545191	0.647172547124	0.732721121315	0.656839052682	0.699371677139	0.698405026583	0.710971483809
