	AA3	AA4	AB3	AB4	AC3	AC4	AD3	AD4	AE3	AE4	AF3	AF4	AG3	AG4	AH3	AH4	AA7	AA8	AB7	AB8	AC7	AC8	AD7	AD8	AE7	AE8	AF7	AF8	AG7	AG8	AH7	AH8	AA5	AA6	AB5	AB6	AC5	AC6	AD6	AE5	AE6	AF5	AF6	AG5	AH5	AH6	AA1	AA2	AB1	AB2	AC1	AC2	AD1	AD2	AE1	AE2	AF1	AF2	AG1	AG2	AH1	AH2
AA3	0.0	0.493958434026	0.935717738038	0.641855969067	0.656839052682	0.590140164331	0.664088931851	0.585306911551	0.584340260996	0.643305944901	0.623972933784	0.603673272112	0.596423392943	0.851135814403	0.652489125181	0.329144514258	0.579023682939	0.579023682939	0.868535524408	0.710488158531	0.617689705172	0.578057032383	0.60415659739	0.601739971	0.837602706622	0.608989850169	0.582890285162	0.568390526825	0.597390043499	0.599323344611	0.599806669889	0.561623972934	0.598840019333	0.611406476559	0.762687288545	0.697438376027	0.616239729338	0.64572257129	0.601739971	0.626389560174	0.602223296278	0.716771387144	0.712421459642	0.634606089899	0.623489608507	0.625422909618	0.685355244079	0.652489125181	0.705171580474	0.679555340744	0.650072498792	0.677138714355	0.583856935718	0.567907201547	0.575157080715	0.581440309328	0.586756887385	0.675205413243	0.584823586274	0.666505558241	0.584823586274	0.665055582407
AA4	0.493958434026	0.0	0.948767520541	0.586273562107	0.594490091832	0.489608506525	0.593040115998	0.485741904302	0.485741904302	0.503141614306	0.541324311261	0.521991300145	0.489608506525	0.862735621073	0.392460125665	0.378927017883	0.505074915418	0.521507974867	0.90285161914	0.732237796037	0.640405993233	0.56935717738	0.565007249879	0.558724021266	0.883035282745	0.615273078782	0.528274528758	0.523441275979	0.568390526825	0.604639922668	0.618173030449	0.57177380377	0.490575157081	0.503141614306	0.67133881102	0.59497341711	0.544707588207	0.502174963751	0.507491541808	0.53697438376	0.473658772354	0.633156114065	0.599323344611	0.517158047366	0.558240695988	0.545674238763	0.649105848236	0.586756887385	0.622039632673	0.595940067666	0.593523441276	0.628322861286	0.52537457709	0.507974867086	0.520541324311	0.51377477042	0.505558240696	0.630739487675	0.499758337361	0.59255679072	0.507491541808	0.59497341711
AB3	0.935717738038	0.948767520541	0.0	0.673272112131	0.914934751087	0.952150797487	0.955050749154	0.941517641373	0.929434509425	0.954567423876	0.972933784437	0.939101014983	0.965683905268	0.325761237313	0.962783953601	0.939101014983	0.972450459159	0.969550507492	0.727887868536	0.758820686322	0.887868535524	0.913001449976	0.959400676655	0.950700821653	0.853069115515	0.895601739971	0.943450942484	0.938134364427	0.842435959401	0.830352827453	0.950700821653	0.953117448043	0.955050749154	0.965683905268	0.971483808603	0.962783953601	0.973900434993	0.954567423876	0.973417109715	0.973417109715	0.971967133881	0.934751087482	0.935717738038	0.949734171097	0.97680038666	0.971967133881	0.972450459159	0.971967133881	0.966650555824	0.971967133881	0.970033832769	0.969067182214	0.973900434993	0.973900434993	0.97680038666	0.973417109715	0.971483808603	0.970517158047	0.971000483325	0.973417109715	0.975350410826	0.971483808603
AB4	0.641855969067	0.586273562107	0.673272112131	0.0	0.644272595457	0.606089898502	0.683421942968	0.624456259062	0.622039632673	0.644272595457	0.65055582407	0.609473175447	0.492508458192	0.57177380377	0.612856452392	0.589173513775	0.632672788787	0.649589173514	0.724021266312	0.578540357661	0.648622522958	0.629289511841	0.663605606573	0.65732237796	0.791203479942	0.639922667956	0.656839052682	0.64813919768	0.55099081682	0.579990333494	0.688255195747	0.648622522958	0.6389560174	0.664088931851	0.729821169647	0.673272112131	0.665055582407	0.642339294345	0.625906234896	0.630739487675	0.636056065732	0.65973900435	0.667955534074	0.642822619623	0.687771870469	0.6805219913	0.705171580474	0.667955534074	0.700338327695	0.677138714355	0.683905268246	0.684871918801	0.630739487675	0.642339294345	0.665055582407	0.643789270179	0.64813919768	0.691638472692	0.640889318511	0.677622039633	0.64572257129	0.675205413243
AC3	0.656839052682	0.594490091832	0.914934751087	0.644272595457	0.0	0.492508458192	0.65055582407	0.552440792653	0.552440792653	0.589173513775	0.612856452392	0.328177863702	0.626872885452	0.831802803287	0.621072982117	0.607539874335	0.616239729338	0.596423392943	0.867568873852	0.746254229096	0.719188013533	0.687288545191	0.715804736588	0.710971483809	0.829386176897	0.696471725471	0.666505558241	0.673272112131	0.65732237796	0.690671822136	0.710004833253	0.669405509908	0.607539874335	0.620589656839	0.629289511841	0.59255679072	0.625422909618	0.573223779604	0.583856935718	0.561623972934	0.565490575157	0.661188980184	0.649105848236	0.565490575157	0.634606089899	0.633639439343	0.591106814886	0.589656839053	0.573707104882	0.582406959884	0.601739971	0.589173513775	0.542774287095	0.564523924601	0.585306911551	0.568873852102	0.619139681005	0.588690188497	0.609956500725	0.592073465442	0.619139681005	0.593040115998
AC4	0.590140164331	0.489608506525	0.952150797487	0.606089898502	0.492508458192	0.0	0.621072982117	0.406476558724	0.405993233446	0.525857902368	0.345094248429	0.384726921218	0.52537457709	0.866118898018	0.579023682939	0.541807636539	0.465442242629	0.44900918318	0.916868052199	0.749637506042	0.582890285162	0.535041082649	0.528274528758	0.525857902368	0.886418559691	0.598356694055	0.494441759304	0.503624939584	0.528274528758	0.562107298212	0.567423876269	0.519574673755	0.453842435959	0.484291928468	0.640889318511	0.568390526825	0.464958917351	0.502174963751	0.400676655389	0.564040599323	0.493475108748	0.68970517158	0.647172547124	0.514258095698	0.50459159014	0.480425326245	0.620106331561	0.574190430159	0.591590140164	0.575640405993	0.575157080715	0.601256645723	0.489125181247	0.48622522958	0.50700821653	0.493475108748	0.549057515708	0.601739971	0.533591106815	0.577573707105	0.463992266796	0.574673755437
AD3	0.664088931851	0.593040115998	0.955050749154	0.683421942968	0.65055582407	0.621072982117	0.0	0.519574673755	0.624456259062	0.354760753987	0.670855485742	0.589173513775	0.643305944901	0.869502174964	0.581923634606	0.63653939101	0.670855485742	0.680038666022	0.932334461092	0.766070565491	0.707588206863	0.68970517158	0.690188496858	0.681971967134	0.915901401643	0.678588690188	0.691155147414	0.686805219913	0.6805219913	0.673272112131	0.71290478492	0.687288545191	0.62493958434	0.638472692122	0.746254229096	0.674722087965	0.667955534074	0.531174480425	0.620106331561	0.568390526825	0.561623972934	0.571290478492	0.553890768487	0.541324311261	0.693571773804	0.678105364911	0.764137264379	0.709521507975	0.737071048816	0.722087965201	0.709038182697	0.742387626873	0.651039149348	0.653455775737	0.666988883519	0.646689221846	0.633639439343	0.739487675205	0.632189463509	0.718704688255	0.6805219913	0.722087965201
AD4	0.585306911551	0.485741904302	0.941517641373	0.624456259062	0.552440792653	0.406476558724	0.519574673755	0.0	0.313678105365	0.404059932334	0.440792653456	0.485741904302	0.553890768487	0.854519091348	0.56935717738	0.540357660706	0.485741904302	0.470758820686	0.928951184147	0.758337361044	0.568390526825	0.505074915418	0.509424842919	0.50459159014	0.902368293862	0.611406476559	0.46302561624	0.469308844853	0.500724987917	0.549540840986	0.561623972934	0.515224746254	0.410343160947	0.451909134848	0.654422426293	0.578057032383	0.452392460126	0.467858869019	0.414693088449	0.557274045433	0.476075398743	0.646205896568	0.601739971	0.48622522958	0.503624939584	0.474142097632	0.662155630739	0.600289995167	0.62735621073	0.619139681005	0.605123247946	0.636056065732	0.513291445143	0.508458192363	0.509424842919	0.513291445143	0.550507491542	0.639922667956	0.531174480425	0.617206379894	0.500724987917	0.612373127115
AE3	0.584340260996	0.485741904302	0.929434509425	0.622039632673	0.552440792653	0.405993233446	0.624456259062	0.313678105365	0.0	0.510874818753	0.405993233446	0.49540840986	0.538907684872	0.851135814403	0.570807153214	0.539874335428	0.459642339294	0.442725954567	0.915901401643	0.746254229096	0.543257612373	0.478975350411	0.485258579024	0.489125181247	0.886418559691	0.597873368777	0.441275978734	0.455292411793	0.477042049299	0.540357660706	0.546157564041	0.494925084582	0.400193330111	0.455775737071	0.662155630739	0.586756887385	0.434509424843	0.500724987917	0.422426292895	0.595456742388	0.518124697922	0.676655389077	0.63653939101	0.508941517641	0.492508458192	0.458192363461	0.655389076849	0.60657322378	0.625906234896	0.621556307395	0.603673272112	0.636056065732	0.515224746254	0.518124697922	0.520057999033	0.525857902368	0.551957467376	0.642339294345	0.545190913485	0.612856452392	0.490575157081	0.612856452392
AE4	0.643305944901	0.503141614306	0.954567423876	0.644272595457	0.589173513775	0.525857902368	0.354760753987	0.404059932334	0.510874818753	0.0	0.579507008217	0.519574673755	0.58337361044	0.862735621073	0.542774287095	0.588690188497	0.582890285162	0.590140164331	0.941517641373	0.766553890768	0.666988883519	0.613823102948	0.604639922668	0.594006766554	0.910101498308	0.629289511841	0.59497341711	0.589656839053	0.597390043499	0.61333977767	0.65732237796	0.610923151281	0.53020782987	0.546157564041	0.6805219913	0.608989850169	0.577573707105	0.467375543741	0.533107781537	0.527307878202	0.488158530691	0.587723537941	0.541324311261	0.501208313195	0.598356694055	0.584823586274	0.702271628806	0.646205896568	0.68293861769	0.661188980184	0.650072498792	0.684388593523	0.594006766554	0.582406959884	0.582890285162	0.576607056549	0.578057032383	0.684871918801	0.571290478492	0.65732237796	0.584340260996	0.662638956017
AF3	0.623972933784	0.541324311261	0.972933784437	0.65055582407	0.612856452392	0.345094248429	0.670855485742	0.440792653456	0.405993233446	0.579507008217	0.0	0.51377477042	0.55775737071	0.887868535524	0.620106331561	0.590140164331	0.443209279845	0.435476075399	0.954084098598	0.78927017883	0.585790236829	0.540357660706	0.449492508458	0.450942484292	0.916384726921	0.629772837119	0.44900918318	0.506524891252	0.527307878202	0.584340260996	0.531657805703	0.517158047366	0.442725954567	0.506041565974	0.666988883519	0.608023199613	0.411309811503	0.540840985984	0.429192846786	0.623489608507	0.546157564041	0.722571290478	0.680038666022	0.551474142098	0.50459159014	0.478492025133	0.656355727405	0.607539874335	0.644272595457	0.618173030449	0.602223296278	0.635089415176	0.535524407927	0.511358144031	0.520057999033	0.523924601257	0.593523441276	0.6389560174	0.575157080715	0.607539874335	0.497825036249	0.608506524891
AF4	0.603673272112	0.521991300145	0.939101014983	0.609473175447	0.328177863702	0.384726921218	0.589173513775	0.485741904302	0.49540840986	0.519574673755	0.51377477042	0.0	0.55099081682	0.854035766071	0.547124214596	0.546640889319	0.541807636539	0.533107781537	0.88883518608	0.728854519091	0.681971967134	0.632189463509	0.649105848236	0.642822619623	0.850169163847	0.635572740454	0.599323344611	0.611406476559	0.616723054616	0.644755920735	0.64572257129	0.607056549058	0.535524407927	0.558240695988	0.627839536008	0.549057515708	0.567907201547	0.51619139681	0.507491541808	0.506041565974	0.501208313195	0.623972933784	0.596423392943	0.49540840986	0.577090381827	0.572740454326	0.598356694055	0.544224262929	0.569840502658	0.552924117931	0.554857419043	0.575157080715	0.490091831803	0.510874818753	0.536491058482	0.503624939584	0.549540840986	0.573223779604	0.545190913485	0.556307394877	0.539874335428	0.550024166264
AG3	0.596423392943	0.489608506525	0.965683905268	0.492508458192	0.626872885452	0.52537457709	0.643305944901	0.553890768487	0.538907684872	0.58337361044	0.55775737071	0.55099081682	0.0	0.854519091348	0.530691155147	0.52779120348	0.501208313195	0.505558240696	0.924117931368	0.762687288545	0.672305461576	0.611889801837	0.594490091832	0.606089898502	0.884485258579	0.643789270179	0.557274045433	0.567907201547	0.606089898502	0.640889318511	0.639439342678	0.584340260996	0.535041082649	0.544224262929	0.685355244079	0.620589656839	0.565973900435	0.570807153214	0.538907684872	0.563557274045	0.531657805703	0.677622039633	0.637022716288	0.566940550991	0.587723537941	0.576607056549	0.637989366844	0.593523441276	0.642339294345	0.61575640406	0.603189946834	0.619623006283	0.525857902368	0.540840985984	0.563557274045	0.539874335428	0.552924117931	0.628806186564	0.53697438376	0.608506524891	0.519091348478	0.597390043499
AG4	0.851135814403	0.862735621073	0.325761237313	0.57177380377	0.831802803287	0.866118898018	0.869502174964	0.854519091348	0.851135814403	0.862735621073	0.887868535524	0.854035766071	0.854519091348	0.0	0.874818753021	0.853552440793	0.893185113581	0.892218463026	0.713871435476	0.678105364911	0.81488641856	0.830352827453	0.880135331078	0.87046882552	0.82648622523	0.824552924118	0.862735621073	0.858385693572	0.765587240213	0.749154180764	0.878202029966	0.872885451909	0.875302078299	0.884001933301	0.898985016916	0.885935234413	0.894151764137	0.864185596907	0.892701788304	0.886418559691	0.884001933301	0.850169163847	0.854035766071	0.870952150797	0.894635089415	0.889801836636	0.886901884969	0.890768487192	0.88883518608	0.885935234413	0.890768487192	0.890285161914	0.895601739971	0.892218463026	0.894635089415	0.886901884969	0.890768487192	0.891735137748	0.886418559691	0.887868535524	0.896085065249	0.894635089415
AH3	0.652489125181	0.392460125665	0.962783953601	0.612856452392	0.621072982117	0.579023682939	0.581923634606	0.56935717738	0.570807153214	0.542774287095	0.620106331561	0.547124214596	0.530691155147	0.874818753021	0.0	0.526341227646	0.590140164331	0.606089898502	0.930884485259	0.763170613823	0.710971483809	0.651522474625	0.637506041566	0.638472692122	0.901884968584	0.694055099082	0.63653939101	0.626389560174	0.650072498792	0.688738521025	0.69212179797	0.64813919768	0.551957467376	0.581440309328	0.708554857419	0.642339294345	0.633156114065	0.538424359594	0.595456742388	0.542290961817	0.548090865152	0.605123247946	0.568390526825	0.556307394877	0.649589173514	0.637506041566	0.705654905752	0.631222812953	0.654422426293	0.641372643789	0.649105848236	0.669888835186	0.597390043499	0.59497341711	0.610923151281	0.602706621556	0.566940550991	0.674238762687	0.563073948768	0.646689221846	0.602223296278	0.638472692122
AH4	0.329144514258	0.378927017883	0.939101014983	0.589173513775	0.607539874335	0.541807636539	0.63653939101	0.540357660706	0.539874335428	0.588690188497	0.590140164331	0.546640889319	0.52779120348	0.853552440793	0.526341227646	0.0	0.543740937651	0.556307394877	0.871918801353	0.713388110198	0.635089415176	0.571290478492	0.586273562107	0.58095698405	0.848235862736	0.615273078782	0.562107298212	0.554857419043	0.576123731271	0.598356694055	0.601739971	0.558724021266	0.554374093765	0.561140647656	0.705171580474	0.635572740454	0.582406959884	0.589656839053	0.552924117931	0.560657322378	0.535041082649	0.667955534074	0.653939101015	0.573707104882	0.60415659739	0.589656839053	0.658289028516	0.60415659739	0.651039149348	0.620106331561	0.612856452392	0.636056065732	0.535524407927	0.532624456259	0.542290961817	0.529241179314	0.51619139681	0.644272595457	0.515708071532	0.62493958434	0.553407443209	0.617206379894
AA7	0.579023682939	0.505074915418	0.972450459159	0.632672788787	0.616239729338	0.465442242629	0.670855485742	0.485741904302	0.459642339294	0.582890285162	0.443209279845	0.541807636539	0.501208313195	0.893185113581	0.590140164331	0.543740937651	0.0	0.296761720638	0.917351377477	0.761237312711	0.593523441276	0.522957950701	0.479458675689	0.476558724021	0.87046882552	0.599323344611	0.445625906235	0.46302561624	0.515708071532	0.574673755437	0.514741420976	0.439342677622	0.422909618173	0.487191880135	0.709038182697	0.65055582407	0.47220879652	0.558240695988	0.469308844853	0.591590140164	0.528274528758	0.715804736588	0.676655389077	0.580473658772	0.553890768487	0.515224746254	0.662638956017	0.609473175447	0.654422426293	0.630256162397	0.60657322378	0.62735621073	0.51377477042	0.51377477042	0.523924601257	0.523924601257	0.538907684872	0.636056065732	0.534557757371	0.625422909618	0.502658289029	0.61575640406
AA8	0.579023682939	0.521507974867	0.969550507492	0.649589173514	0.596423392943	0.44900918318	0.680038666022	0.470758820686	0.442725954567	0.590140164331	0.435476075399	0.533107781537	0.505558240696	0.892218463026	0.606089898502	0.556307394877	0.296761720638	0.0	0.916868052199	0.760753987434	0.579990333494	0.510874818753	0.48380860319	0.478492025133	0.86563557274	0.59497341711	0.434992750121	0.465442242629	0.508941517641	0.573223779604	0.484291928468	0.394876752054	0.426776220396	0.478492025133	0.695505074915	0.634122764621	0.453842435959	0.547607539874	0.462058965684	0.600289995167	0.53020782987	0.729821169647	0.686805219913	0.562107298212	0.521507974867	0.484291928468	0.627839536008	0.584340260996	0.64813919768	0.623489608507	0.579507008217	0.606089898502	0.499758337361	0.489608506525	0.500724987917	0.505074915418	0.549540840986	0.602706621556	0.540840985984	0.610439826003	0.490091831803	0.597390043499
AB7	0.868535524408	0.90285161914	0.727887868536	0.724021266312	0.867568873852	0.916868052199	0.932334461092	0.928951184147	0.915901401643	0.941517641373	0.954084098598	0.88883518608	0.924117931368	0.713871435476	0.930884485259	0.871918801353	0.917351377477	0.916868052199	0.0	0.409859835669	0.809086515225	0.840019333011	0.930884485259	0.9212179797	0.732721121315	0.811986466892	0.898501691638	0.881101981634	0.748187530208	0.699855002417	0.886418559691	0.895118414693	0.915418076365	0.936201063316	0.944900918318	0.931367810536	0.947800869986	0.916384726921	0.942484291928	0.920734654422	0.933784436926	0.869502174964	0.875785403577	0.909134847753	0.956984050266	0.949734171097	0.927501208313	0.926534557757	0.925084581924	0.929434509425	0.930884485259	0.919768003867	0.915901401643	0.916384726921	0.916868052199	0.916868052199	0.9212179797	0.921701304978	0.918801353311	0.928951184147	0.952150797487	0.926534557757
AB8	0.710488158531	0.732237796037	0.758820686322	0.578540357661	0.746254229096	0.749637506042	0.766070565491	0.758337361044	0.746254229096	0.766553890768	0.78927017883	0.728854519091	0.762687288545	0.678105364911	0.763170613823	0.713388110198	0.761237312711	0.760753987434	0.409859835669	0.0	0.658289028516	0.674722087965	0.759787336878	0.745770903818	0.734171097148	0.653939101015	0.724021266312	0.704688255196	0.559207346544	0.529241179314	0.735621072982	0.735137747704	0.751087481875	0.768003866602	0.810536491058	0.765587240213	0.776220396327	0.741904301595	0.766553890768	0.754470758821	0.758337361044	0.712421459642	0.720154664089	0.734171097148	0.790720154664	0.783953600773	0.811019816336	0.763170613823	0.793620106332	0.771387143548	0.772353794103	0.784920251329	0.761720637989	0.759787336878	0.763170613823	0.758820686322	0.755920734654	0.78250362494	0.749637506042	0.767037216046	0.782020299662	0.768003866602
AC7	0.617689705172	0.640405993233	0.887868535524	0.648622522958	0.719188013533	0.582890285162	0.707588206863	0.568390526825	0.543257612373	0.666988883519	0.585790236829	0.681971967134	0.672305461576	0.81488641856	0.710971483809	0.635089415176	0.593523441276	0.579990333494	0.809086515225	0.658289028516	0.0	0.372160463992	0.577573707105	0.563073948768	0.818753020783	0.582406959884	0.550507491542	0.514741420976	0.478975350411	0.470275495408	0.563557274045	0.543257612373	0.554857419043	0.61333977767	0.808119864669	0.746254229096	0.623972933784	0.643305944901	0.600289995167	0.706621556307	0.65732237796	0.709038182697	0.699371677139	0.644755920735	0.637022716288	0.605123247946	0.808119864669	0.757854035766	0.788303528275	0.78250362494	0.746254229096	0.782986950217	0.677622039633	0.658289028516	0.669405509908	0.674722087965	0.673272112131	0.778153697438	0.66892218463	0.761237312711	0.617689705172	0.757854035766
AC8	0.578057032383	0.56935717738	0.913001449976	0.629289511841	0.687288545191	0.535041082649	0.68970517158	0.505074915418	0.478975350411	0.613823102948	0.540357660706	0.632189463509	0.611889801837	0.830352827453	0.651522474625	0.571290478492	0.522957950701	0.510874818753	0.840019333011	0.674722087965	0.372160463992	0.0	0.494925084582	0.488158530691	0.837602706622	0.557274045433	0.412276462059	0.380376993717	0.44224262929	0.472692121798	0.521024649589	0.476075398743	0.480908651522	0.544707588207	0.753020782987	0.682455292412	0.55775737071	0.592073465442	0.537941034316	0.651522474625	0.59255679072	0.678588690188	0.65973900435	0.594490091832	0.578057032383	0.546157564041	0.748187530208	0.688738521025	0.739971000483	0.728854519091	0.681005316578	0.720154664089	0.618173030449	0.597390043499	0.600773320445	0.612856452392	0.608023199613	0.719188013533	0.605606573224	0.713871435476	0.555824069599	0.694055099082
AD7	0.60415659739	0.565007249879	0.959400676655	0.663605606573	0.715804736588	0.528274528758	0.690188496858	0.509424842919	0.485258579024	0.604639922668	0.449492508458	0.649105848236	0.594490091832	0.880135331078	0.637506041566	0.586273562107	0.479458675689	0.48380860319	0.930884485259	0.759787336878	0.577573707105	0.494925084582	0.0	0.28467858869	0.898018366361	0.534074432093	0.429676172064	0.461575640406	0.507491541808	0.559207346544	0.506524891252	0.486708554857	0.484775253746	0.541807636539	0.742387626873	0.674238762687	0.496858385694	0.587240212663	0.532624456259	0.644272595457	0.591106814886	0.723054615756	0.688255195747	0.608506524891	0.564040599323	0.537457709038	0.739487675205	0.677138714355	0.727887868536	0.715804736588	0.66892218463	0.703238279362	0.613823102948	0.593040115998	0.585790236829	0.607056549058	0.592073465442	0.702271628806	0.584340260996	0.693571773804	0.554857419043	0.6805219913
AD8	0.601739971	0.558724021266	0.950700821653	0.65732237796	0.710971483809	0.525857902368	0.681971967134	0.50459159014	0.489125181247	0.594006766554	0.450942484292	0.642822619623	0.606089898502	0.87046882552	0.638472692122	0.58095698405	0.476558724021	0.478492025133	0.9212179797	0.745770903818	0.563073948768	0.488158530691	0.28467858869	0.0	0.861768970517	0.503141614306	0.414693088449	0.450459159014	0.478975350411	0.53020782987	0.501208313195	0.4813919768	0.485741904302	0.537457709038	0.743354277429	0.674238762687	0.492025132914	0.577090381827	0.528274528758	0.639439342678	0.582890285162	0.713388110198	0.683421942968	0.593040115998	0.560657322378	0.529724504592	0.738037699372	0.675688738521	0.729821169647	0.71532141131	0.670855485742	0.703238279362	0.607056549058	0.590140164331	0.584340260996	0.60657322378	0.59497341711	0.70130497825	0.592073465442	0.693571773804	0.555340744321	0.68293861769
AE7	0.837602706622	0.883035282745	0.853069115515	0.791203479942	0.829386176897	0.886418559691	0.915901401643	0.902368293862	0.886418559691	0.910101498308	0.916384726921	0.850169163847	0.884485258579	0.82648622523	0.901884968584	0.848235862736	0.87046882552	0.86563557274	0.732721121315	0.734171097148	0.818753020783	0.837602706622	0.898018366361	0.861768970517	0.0	0.540840985984	0.874335427743	0.859352344128	0.764137264379	0.763170613823	0.837119381344	0.840019333011	0.891735137748	0.911068148864	0.929434509425	0.914934751087	0.923151280812	0.900918318028	0.90961817303	0.875785403577	0.896568390527	0.877718704688	0.880618656356	0.875302078299	0.93281778637	0.923151280812	0.889801836636	0.899468342194	0.908651522475	0.899468342194	0.903334944418	0.893668438859	0.889318511358	0.893668438859	0.899951667472	0.888351860802	0.903334944418	0.894151764137	0.898985016916	0.897051715805	0.918318028033	0.903334944418
AE8	0.608989850169	0.615273078782	0.895601739971	0.639922667956	0.696471725471	0.598356694055	0.678588690188	0.611406476559	0.597873368777	0.629289511841	0.629772837119	0.635572740454	0.643789270179	0.824552924118	0.694055099082	0.615273078782	0.599323344611	0.59497341711	0.811986466892	0.653939101015	0.582406959884	0.557274045433	0.534074432093	0.503141614306	0.540840985984	0.0	0.58095698405	0.564523924601	0.524891251812	0.519091348478	0.573707104882	0.566457225713	0.60657322378	0.622039632673	0.77090381827	0.706138231029	0.639922667956	0.623489608507	0.622522957951	0.652972450459	0.631706138231	0.696471725471	0.681971967134	0.615273078782	0.644272595457	0.631222812953	0.758337361044	0.705654905752	0.75688738521	0.729821169647	0.699371677139	0.731754470759	0.650072498792	0.635089415176	0.638472692122	0.640405993233	0.653455775737	0.72692121798	0.652005799903	0.709038182697	0.627839536008	0.715804736588
AF7	0.582890285162	0.528274528758	0.943450942484	0.656839052682	0.666505558241	0.494441759304	0.691155147414	0.46302561624	0.441275978734	0.59497341711	0.44900918318	0.599323344611	0.557274045433	0.862735621073	0.63653939101	0.562107298212	0.445625906235	0.434992750121	0.898501691638	0.724021266312	0.550507491542	0.412276462059	0.429676172064	0.414693088449	0.874335427743	0.58095698405	0.0	0.318994683422	0.467375543741	0.519091348478	0.489608506525	0.4813919768	0.424359594007	0.487675205413	0.70372160464	0.630739487675	0.446109231513	0.539874335428	0.487191880135	0.623006283229	0.541324311261	0.699855002417	0.655389076849	0.551957467376	0.526824552924	0.501208313195	0.679555340744	0.62493958434	0.684388593523	0.66892218463	0.620589656839	0.64813919768	0.562107298212	0.541324311261	0.53697438376	0.555824069599	0.570807153214	0.646689221846	0.559690671822	0.653455775737	0.497825036249	0.632189463509
AF8	0.568390526825	0.523441275979	0.938134364427	0.64813919768	0.673272112131	0.503624939584	0.686805219913	0.469308844853	0.455292411793	0.589656839053	0.506524891252	0.611406476559	0.567907201547	0.858385693572	0.626389560174	0.554857419043	0.46302561624	0.465442242629	0.881101981634	0.704688255196	0.514741420976	0.380376993717	0.461575640406	0.450459159014	0.859352344128	0.564523924601	0.318994683422	0.0	0.44900918318	0.502174963751	0.518124697922	0.462058965684	0.435959400677	0.507491541808	0.722571290478	0.651522474625	0.504108264862	0.554857419043	0.511358144031	0.609956500725	0.552440792653	0.688255195747	0.645239246013	0.563557274045	0.548090865152	0.521024649589	0.692605123248	0.637989366844	0.69453842436	0.682455292412	0.637022716288	0.664572257129	0.569840502658	0.552924117931	0.554857419043	0.566940550991	0.563073948768	0.658289028516	0.552440792653	0.664088931851	0.506524891252	0.64572257129
AG7	0.597390043499	0.568390526825	0.842435959401	0.55099081682	0.65732237796	0.528274528758	0.6805219913	0.500724987917	0.477042049299	0.597390043499	0.527307878202	0.616723054616	0.606089898502	0.765587240213	0.650072498792	0.576123731271	0.515708071532	0.508941517641	0.748187530208	0.559207346544	0.478975350411	0.44224262929	0.507491541808	0.478975350411	0.764137264379	0.524891251812	0.467375543741	0.44900918318	0.0	0.311744804253	0.53939101015	0.500241662639	0.493475108748	0.563557274045	0.746737554374	0.679555340744	0.526341227646	0.567907201547	0.534074432093	0.632189463509	0.590140164331	0.663605606573	0.637506041566	0.569840502658	0.591106814886	0.562107298212	0.728854519091	0.669405509908	0.713871435476	0.700821652972	0.660222329628	0.698405026583	0.612373127115	0.59255679072	0.599806669889	0.598840019333	0.620106331561	0.696471725471	0.621072982117	0.681971967134	0.578057032383	0.669888835186
AG8	0.599323344611	0.604639922668	0.830352827453	0.579990333494	0.690671822136	0.562107298212	0.673272112131	0.549540840986	0.540357660706	0.61333977767	0.584340260996	0.644755920735	0.640889318511	0.749154180764	0.688738521025	0.598356694055	0.574673755437	0.573223779604	0.699855002417	0.529241179314	0.470275495408	0.472692121798	0.559207346544	0.53020782987	0.763170613823	0.519091348478	0.519091348478	0.502174963751	0.311744804253	0.0	0.567907201547	0.544224262929	0.55099081682	0.589656839053	0.769453842436	0.700821652972	0.578540357661	0.579990333494	0.575157080715	0.662155630739	0.618173030449	0.661188980184	0.654905751571	0.594490091832	0.612856452392	0.581440309328	0.755920734654	0.700338327695	0.747220879652	0.731271145481	0.698888351861	0.734654422426	0.644272595457	0.623972933784	0.634606089899	0.633639439343	0.647655872402	0.730304494925	0.643789270179	0.709521507975	0.610439826003	0.707104881585
AH7	0.599806669889	0.618173030449	0.950700821653	0.688255195747	0.710004833253	0.567423876269	0.71290478492	0.561623972934	0.546157564041	0.65732237796	0.531657805703	0.64572257129	0.639439342678	0.878202029966	0.69212179797	0.601739971	0.514741420976	0.484291928468	0.886418559691	0.735621072982	0.563557274045	0.521024649589	0.506524891252	0.501208313195	0.837119381344	0.573707104882	0.489608506525	0.518124697922	0.53939101015	0.567907201547	0.0	0.337844369261	0.565490575157	0.616239729338	0.783953600773	0.721121314645	0.553890768487	0.64572257129	0.590140164331	0.657805703238	0.634606089899	0.761720637989	0.749154180764	0.654422426293	0.635089415176	0.611406476559	0.7593040116	0.71532141131	0.755437409377	0.73852102465	0.70372160464	0.734654422426	0.629772837119	0.61575640406	0.619139681005	0.635089415176	0.628806186564	0.730304494925	0.62735621073	0.713871435476	0.610923151281	0.720637989367
AH8	0.561623972934	0.57177380377	0.953117448043	0.648622522958	0.669405509908	0.519574673755	0.687288545191	0.515224746254	0.494925084582	0.610923151281	0.517158047366	0.607056549058	0.584340260996	0.872885451909	0.64813919768	0.558724021266	0.439342677622	0.394876752054	0.895118414693	0.735137747704	0.543257612373	0.476075398743	0.486708554857	0.4813919768	0.840019333011	0.566457225713	0.4813919768	0.462058965684	0.500241662639	0.544224262929	0.337844369261	0.0	0.497825036249	0.559207346544	0.756404059932	0.68970517158	0.539874335428	0.598356694055	0.533107781537	0.612856452392	0.58337361044	0.724987916868	0.702271628806	0.607056549058	0.586273562107	0.550024166264	0.708554857419	0.664572257129	0.714354760754	0.688738521025	0.651522474625	0.680038666022	0.579507008217	0.563557274045	0.563557274045	0.582890285162	0.576607056549	0.677622039633	0.573707104882	0.669888835186	0.558724021266	0.677138714355
AA5	0.598840019333	0.490575157081	0.955050749154	0.6389560174	0.607539874335	0.453842435959	0.62493958434	0.410343160947	0.400193330111	0.53020782987	0.442725954567	0.535524407927	0.535041082649	0.875302078299	0.551957467376	0.554374093765	0.422909618173	0.426776220396	0.915418076365	0.751087481875	0.554857419043	0.480908651522	0.484775253746	0.485741904302	0.891735137748	0.60657322378	0.424359594007	0.435959400677	0.493475108748	0.55099081682	0.565490575157	0.497825036249	0.0	0.343644272595	0.676172063799	0.597873368777	0.465925567907	0.465925567907	0.448525857902	0.557274045433	0.476075398743	0.623006283229	0.579023682939	0.46979217013	0.521991300145	0.469308844853	0.692605123248	0.637989366844	0.656839052682	0.645239246013	0.633156114065	0.66892218463	0.523441275979	0.543257612373	0.544707588207	0.547607539874	0.547124214596	0.670855485742	0.543740937651	0.639922667956	0.49540840986	0.639922667956
AA6	0.611406476559	0.503141614306	0.965683905268	0.664088931851	0.620589656839	0.484291928468	0.638472692122	0.451909134848	0.455775737071	0.546157564041	0.506041565974	0.558240695988	0.544224262929	0.884001933301	0.581440309328	0.561140647656	0.487191880135	0.478492025133	0.936201063316	0.768003866602	0.61333977767	0.544707588207	0.541807636539	0.537457709038	0.911068148864	0.622039632673	0.487675205413	0.507491541808	0.563557274045	0.589656839053	0.616239729338	0.559207346544	0.343644272595	0.0	0.670855485742	0.593040115998	0.510874818753	0.487675205413	0.485741904302	0.578540357661	0.497341710971	0.662638956017	0.61575640406	0.504108264862	0.457709038183	0.416143064282	0.684388593523	0.631222812953	0.655389076849	0.641372643789	0.625422909618	0.658772353794	0.52779120348	0.531657805703	0.539874335428	0.545190913485	0.556307394877	0.659255679072	0.551957467376	0.636056065732	0.50700821653	0.634122764621
AB5	0.762687288545	0.67133881102	0.971483808603	0.729821169647	0.629289511841	0.640889318511	0.746254229096	0.654422426293	0.662155630739	0.6805219913	0.666988883519	0.627839536008	0.685355244079	0.898985016916	0.708554857419	0.705171580474	0.709038182697	0.695505074915	0.944900918318	0.810536491058	0.808119864669	0.753020782987	0.742387626873	0.743354277429	0.929434509425	0.77090381827	0.70372160464	0.722571290478	0.746737554374	0.769453842436	0.783953600773	0.756404059932	0.676172063799	0.670855485742	0.0	0.305944900918	0.622522957951	0.644272595457	0.62735621073	0.643305944901	0.61575640406	0.741420976317	0.718221362977	0.642822619623	0.614789753504	0.609956500725	0.618656355727	0.616723054616	0.620589656839	0.598840019333	0.616723054616	0.607056549058	0.597390043499	0.623006283229	0.618173030449	0.630256162397	0.684388593523	0.60657322378	0.663122281295	0.602223296278	0.668438859352	0.612373127115
AB6	0.697438376027	0.59497341711	0.962783953601	0.673272112131	0.59255679072	0.568390526825	0.674722087965	0.578057032383	0.586756887385	0.608989850169	0.608023199613	0.549057515708	0.620589656839	0.885935234413	0.642339294345	0.635572740454	0.65055582407	0.634122764621	0.931367810536	0.765587240213	0.746254229096	0.682455292412	0.674238762687	0.674238762687	0.914934751087	0.706138231029	0.630739487675	0.651522474625	0.679555340744	0.700821652972	0.721121314645	0.68970517158	0.597873368777	0.593040115998	0.305944900918	0.0	0.567907201547	0.559690671822	0.557274045433	0.574673755437	0.549540840986	0.682455292412	0.638472692122	0.546640889319	0.555824069599	0.552924117931	0.600289995167	0.555340744321	0.582406959884	0.560657322378	0.551957467376	0.576607056549	0.529241179314	0.565490575157	0.556790720155	0.56935717738	0.608023199613	0.569840502658	0.590140164331	0.550507491542	0.610439826003	0.555824069599
AC5	0.616239729338	0.544707588207	0.973900434993	0.665055582407	0.625422909618	0.464958917351	0.667955534074	0.452392460126	0.434509424843	0.577573707105	0.411309811503	0.567907201547	0.565973900435	0.894151764137	0.633156114065	0.582406959884	0.47220879652	0.453842435959	0.947800869986	0.776220396327	0.623972933784	0.55775737071	0.496858385694	0.492025132914	0.923151280812	0.639922667956	0.446109231513	0.504108264862	0.526341227646	0.578540357661	0.553890768487	0.539874335428	0.465925567907	0.510874818753	0.622522957951	0.567907201547	0.0	0.434026099565	0.442725954567	0.594490091832	0.529724504592	0.71532141131	0.656839052682	0.538424359594	0.477042049299	0.463992266796	0.617206379894	0.579507008217	0.635089415176	0.595940067666	0.572257129048	0.602706621556	0.517641372644	0.487191880135	0.496375060416	0.50700821653	0.587723537941	0.606089898502	0.570323827936	0.58095698405	0.513291445143	0.576607056549
AC6	0.64572257129	0.502174963751	0.954567423876	0.642339294345	0.573223779604	0.502174963751	0.531174480425	0.467858869019	0.500724987917	0.467375543741	0.540840985984	0.51619139681	0.570807153214	0.864185596907	0.538424359594	0.589656839053	0.558240695988	0.547607539874	0.916384726921	0.741904301595	0.643305944901	0.592073465442	0.587240212663	0.577090381827	0.900918318028	0.623489608507	0.539874335428	0.554857419043	0.567907201547	0.579990333494	0.64572257129	0.598356694055	0.465925567907	0.487675205413	0.644272595457	0.559690671822	0.434026099565	0.0	0.497825036249	0.525857902368	0.48622522958	0.508458192363	0.450459159014	0.425809569841	0.555824069599	0.530691155147	0.665055582407	0.61333977767	0.637506041566	0.618656355727	0.608023199613	0.646689221846	0.56935717738	0.559207346544	0.564040599323	0.554374093765	0.577090381827	0.644755920735	0.5601739971	0.606089898502	0.54857419043	0.625906234896
AD6	0.601739971	0.507491541808	0.973417109715	0.625906234896	0.583856935718	0.400676655389	0.620106331561	0.414693088449	0.422426292895	0.533107781537	0.429192846786	0.507491541808	0.538907684872	0.892701788304	0.595456742388	0.552924117931	0.469308844853	0.462058965684	0.942484291928	0.766553890768	0.600289995167	0.537941034316	0.532624456259	0.528274528758	0.90961817303	0.622522957951	0.487191880135	0.511358144031	0.534074432093	0.575157080715	0.590140164331	0.533107781537	0.448525857902	0.485741904302	0.62735621073	0.557274045433	0.442725954567	0.497825036249	0.0	0.538424359594	0.41662638956	0.693088448526	0.649589173514	0.520057999033	0.489125181247	0.459642339294	0.613823102948	0.556307394877	0.59255679072	0.562107298212	0.561623972934	0.588690188497	0.470758820686	0.464475592073	0.490091831803	0.474142097632	0.552924117931	0.589656839053	0.536007733204	0.57177380377	0.466408893185	0.564040599323
AE5	0.626389560174	0.53697438376	0.973417109715	0.630739487675	0.561623972934	0.564040599323	0.568390526825	0.557274045433	0.595456742388	0.527307878202	0.623489608507	0.506041565974	0.563557274045	0.886418559691	0.542290961817	0.560657322378	0.591590140164	0.600289995167	0.920734654422	0.754470758821	0.706621556307	0.651522474625	0.644272595457	0.639439342678	0.875785403577	0.652972450459	0.623006283229	0.609956500725	0.632189463509	0.662155630739	0.657805703238	0.612856452392	0.557274045433	0.578540357661	0.643305944901	0.574673755437	0.594490091832	0.525857902368	0.538424359594	0.0	0.370227162881	0.600773320445	0.580473658772	0.51377477042	0.623972933784	0.618656355727	0.656355727405	0.617206379894	0.637989366844	0.609473175447	0.627839536008	0.65055582407	0.53939101015	0.564523924601	0.596423392943	0.566457225713	0.546157564041	0.647655872402	0.549057515708	0.615273078782	0.580473658772	0.62735621073
AE6	0.602223296278	0.473658772354	0.971967133881	0.636056065732	0.565490575157	0.493475108748	0.561623972934	0.476075398743	0.518124697922	0.488158530691	0.546157564041	0.501208313195	0.531657805703	0.884001933301	0.548090865152	0.535041082649	0.528274528758	0.53020782987	0.933784436926	0.758337361044	0.65732237796	0.59255679072	0.591106814886	0.582890285162	0.896568390527	0.631706138231	0.541324311261	0.552440792653	0.590140164331	0.618173030449	0.634606089899	0.58337361044	0.476075398743	0.497341710971	0.61575640406	0.549540840986	0.529724504592	0.48622522958	0.41662638956	0.370227162881	0.0	0.637022716288	0.593040115998	0.490575157081	0.545674238763	0.531174480425	0.639439342678	0.586756887385	0.614789753504	0.592073465442	0.596423392943	0.62735621073	0.499275012083	0.498791686805	0.51619139681	0.508458192363	0.523441275979	0.624456259062	0.512808119865	0.596423392943	0.506524891252	0.598356694055
AF5	0.716771387144	0.633156114065	0.934751087482	0.65973900435	0.661188980184	0.68970517158	0.571290478492	0.646205896568	0.676655389077	0.587723537941	0.722571290478	0.623972933784	0.677622039633	0.850169163847	0.605123247946	0.667955534074	0.715804736588	0.729821169647	0.869502174964	0.712421459642	0.709038182697	0.678588690188	0.723054615756	0.713388110198	0.877718704688	0.696471725471	0.699855002417	0.688255195747	0.663605606573	0.661188980184	0.761720637989	0.724987916868	0.623006283229	0.662638956017	0.741420976317	0.682455292412	0.71532141131	0.508458192363	0.693088448526	0.600773320445	0.637022716288	0.0	0.281778637023	0.548090865152	0.722571290478	0.713388110198	0.767037216046	0.725471242146	0.74770420493	0.722087965201	0.739487675205	0.758337361044	0.695988400193	0.719188013533	0.732237796037	0.716288061866	0.673272112131	0.757854035766	0.670855485742	0.71290478492	0.711454809087	0.738037699372
AF6	0.712421459642	0.599323344611	0.935717738038	0.667955534074	0.649105848236	0.647172547124	0.553890768487	0.601739971	0.63653939101	0.541324311261	0.680038666022	0.596423392943	0.637022716288	0.854035766071	0.568390526825	0.653939101015	0.676655389077	0.686805219913	0.875785403577	0.720154664089	0.699371677139	0.65973900435	0.688255195747	0.683421942968	0.880618656356	0.681971967134	0.655389076849	0.645239246013	0.637506041566	0.654905751571	0.749154180764	0.702271628806	0.579023682939	0.61575640406	0.718221362977	0.638472692122	0.656839052682	0.450459159014	0.649589173514	0.580473658772	0.593040115998	0.281778637023	0.0	0.50459159014	0.679555340744	0.668438859352	0.746254229096	0.689221846303	0.707104881585	0.686321894635	0.682455292412	0.723537941034	0.658289028516	0.672788786854	0.683905268246	0.665055582407	0.636056065732	0.722087965201	0.621556307395	0.682455292412	0.670855485742	0.705654905752
