	AA3	AA4	AB3	AB4	AC3	AC4	AD3	AD4	AE3	AE4	AF3	AF4	AG3	AG4	AH3	AH4	AA7	AA8	AB7	AB8	AC7	AC8	AD7	AD8	AE7	AE8	AF7	AF8	AG7	AG8	AH7	AH8	AA5	AA6	AB5	AB6	AC5	AC6	AD6	AE5	AE6	AF5	AF6	AG5	AH5	AH6	AA1	AA2	AB1	AB2	AC1	AC2	AD1	AD2	AE1	AE2	AF1	AF2	AG1	AG2	AH1	AH2
AA3	0.0	0.478008699855	0.933784436926	0.630739487675	0.651522474625	0.585790236829	0.678105364911	0.589656839053	0.576123731271	0.629289511841	0.61575640406	0.589656839053	0.582890285162	0.860318994683	0.657805703238	0.324311261479	0.578540357661	0.577573707105	0.859835669406	0.711454809087	0.618173030449	0.577090381827	0.596423392943	0.582406959884	0.828419526341	0.587240212663	0.565007249879	0.561623972934	0.579023682939	0.600773320445	0.594006766554	0.552440792653	0.586273562107	0.605123247946	0.756404059932	0.684871918801	0.608506524891	0.627839536008	0.618656355727	0.624456259062	0.605123247946	0.715804736588	0.696955050749	0.62493958434	0.642339294345	0.627839536008	0.678588690188	0.64572257129	0.721121314645	0.665538907685	0.647172547124	0.661672305462	0.571290478492	0.567423876269	0.579023682939	0.552440792653	0.584823586274	0.662638956017	0.599323344611	0.664572257129	0.589656839053	0.651522474625
AA4	0.478008699855	0.0	0.945867568874	0.574673755437	0.553407443209	0.492025132914	0.617206379894	0.477042049299	0.501208313195	0.534557757371	0.540840985984	0.4813919768	0.489125181247	0.869502174964	0.394393426776	0.368293861769	0.537457709038	0.529241179314	0.884968583857	0.716288061866	0.651039149348	0.582406959884	0.573707104882	0.570807153214	0.86805219913	0.61333977767	0.53697438376	0.55775737071	0.59497341711	0.62493958434	0.617689705172	0.566457225713	0.501208313195	0.511841469309	0.674722087965	0.590140164331	0.567907201547	0.532141130981	0.540357660706	0.535524407927	0.471242145964	0.647655872402	0.618173030449	0.522474625423	0.590140164331	0.575640405993	0.638472692122	0.566940550991	0.625906234896	0.59497341711	0.584823586274	0.621072982117	0.502174963751	0.519574673755	0.513291445143	0.506041565974	0.483325277912	0.608023199613	0.507491541808	0.595456742388	0.531657805703	0.574190430159
AB3	0.933784436926	0.945867568874	0.0	0.686805219913	0.920251329145	0.95601739971	0.957950700822	0.945867568874	0.928951184147	0.952150797487	0.967133881102	0.927017883035	0.962783953601	0.315611406477	0.958917351377	0.938134364427	0.970033832769	0.965683905268	0.723054615756	0.749637506042	0.887385210246	0.90285161914	0.952150797487	0.954084098598	0.851135814403	0.903818269696	0.937167713871	0.926051232479	0.841952634123	0.831802803287	0.948284195263	0.948284195263	0.954567423876	0.963267278879	0.972450459159	0.964717254712	0.971967133881	0.954084098598	0.970517158047	0.971483808603	0.971000483325	0.93281778637	0.93523441276	0.941034316095	0.973417109715	0.971483808603	0.971483808603	0.969550507492	0.966650555824	0.968583856936	0.971000483325	0.969067182214	0.971000483325	0.970033832769	0.972933784437	0.971000483325	0.969550507492	0.968100531658	0.970517158047	0.970033832769	0.970517158047	0.971000483325
AB4	0.630739487675	0.574673755437	0.686805219913	0.0	0.639439342678	0.609956500725	0.68970517158	0.603189946834	0.598840019333	0.633156114065	0.637022716288	0.603673272112	0.48380860319	0.592073465442	0.594490091832	0.577090381827	0.629772837119	0.629289511841	0.724987916868	0.569840502658	0.636056065732	0.612856452392	0.645239246013	0.636056065732	0.80328661189	0.640405993233	0.636056065732	0.624456259062	0.553407443209	0.594490091832	0.681005316578	0.643789270179	0.622522957951	0.639439342678	0.73852102465	0.666505558241	0.660705654906	0.641855969067	0.634606089899	0.628806186564	0.611406476559	0.658772353794	0.656839052682	0.626872885452	0.684871918801	0.668438859352	0.698888351861	0.652005799903	0.702271628806	0.673272112131	0.67133881102	0.676172063799	0.62493958434	0.634122764621	0.637022716288	0.632189463509	0.630256162397	0.669888835186	0.62735621073	0.675205413243	0.644272595457	0.667472208797
AC3	0.651522474625	0.553407443209	0.920251329145	0.639439342678	0.0	0.489608506525	0.653939101015	0.558724021266	0.570323827936	0.594490091832	0.631706138231	0.337361043983	0.605123247946	0.848235862736	0.597873368777	0.608989850169	0.62735621073	0.608506524891	0.870952150797	0.751570807153	0.728371193813	0.688255195747	0.714838086032	0.707104881585	0.838569357177	0.681488641856	0.662638956017	0.681971967134	0.690671822136	0.70130497825	0.710004833253	0.667472208797	0.60415659739	0.637022716288	0.638472692122	0.579507008217	0.631222812953	0.589173513775	0.594006766554	0.568390526825	0.536007733204	0.666022232963	0.644755920735	0.583856935718	0.667955534074	0.650072498792	0.592073465442	0.588690188497	0.589656839053	0.583856935718	0.610439826003	0.587723537941	0.538424359594	0.577573707105	0.586273562107	0.561140647656	0.602223296278	0.585306911551	0.620589656839	0.603189946834	0.620106331561	0.600773320445
AC4	0.585790236829	0.492025132914	0.95601739971	0.609956500725	0.489608506525	0.0	0.621556307395	0.418559690672	0.413243112615	0.53020782987	0.348960850652	0.396810053166	0.508941517641	0.884001933301	0.560657322378	0.524407926535	0.485741904302	0.446109231513	0.923151280812	0.753987433543	0.586273562107	0.541324311261	0.5186080232	0.511841469309	0.893668438859	0.585306911551	0.492025132914	0.51619139681	0.541807636539	0.582406959884	0.568873852102	0.515708071532	0.448525857902	0.472692121798	0.647655872402	0.568873852102	0.464475592073	0.520057999033	0.432092798453	0.545674238763	0.461575640406	0.690671822136	0.658289028516	0.530691155147	0.515224746254	0.489125181247	0.62493958434	0.561140647656	0.599323344611	0.56935717738	0.570323827936	0.598840019333	0.478008699855	0.482841952634	0.503624939584	0.485741904302	0.534557757371	0.584823586274	0.5601739971	0.573223779604	0.456742387627	0.564040599323
AD3	0.678105364911	0.617206379894	0.957950700822	0.68970517158	0.653939101015	0.621556307395	0.0	0.520057999033	0.639922667956	0.350894151764	0.675205413243	0.605606573224	0.64813919768	0.884001933301	0.579023682939	0.630739487675	0.676172063799	0.685838569357	0.941517641373	0.776220396327	0.697438376027	0.681971967134	0.686805219913	0.685838569357	0.920734654422	0.673272112131	0.692605123248	0.681005316578	0.685355244079	0.677622039633	0.708554857419	0.678588690188	0.621072982117	0.644755920735	0.747220879652	0.678105364911	0.673755437409	0.519574673755	0.62493958434	0.579507008217	0.567423876269	0.5601739971	0.541324311261	0.542774287095	0.695988400193	0.678588690188	0.760753987434	0.718221362977	0.740937651039	0.721604639923	0.706621556307	0.737554374094	0.660222329628	0.65055582407	0.663122281295	0.662638956017	0.632672788787	0.729337844369	0.639922667956	0.711454809087	0.677622039633	0.707588206863
AD4	0.589656839053	0.477042049299	0.945867568874	0.603189946834	0.558724021266	0.418559690672	0.520057999033	0.0	0.333011116481	0.405509908168	0.428709521508	0.480425326245	0.521507974867	0.869018849686	0.53939101015	0.516674722088	0.484291928468	0.451909134848	0.940067665539	0.76848719188	0.570323827936	0.510391493475	0.497341710971	0.492508458192	0.908168197197	0.598356694055	0.463508941518	0.478492025133	0.500724987917	0.568390526825	0.552924117931	0.502174963751	0.39584340261	0.443209279845	0.670372160464	0.589173513775	0.464475592073	0.488641855969	0.470758820686	0.549540840986	0.450459159014	0.653455775737	0.619139681005	0.492025132914	0.522474625423	0.494925084582	0.663605606573	0.597873368777	0.639922667956	0.625422909618	0.605123247946	0.641372643789	0.512324794587	0.511841469309	0.514258095698	0.518124697922	0.53020782987	0.628806186564	0.559207346544	0.623006283229	0.511841469309	0.607539874335
AE3	0.576123731271	0.501208313195	0.928951184147	0.598840019333	0.570323827936	0.413243112615	0.639922667956	0.333011116481	0.0	0.520057999033	0.394393426776	0.493475108748	0.519574673755	0.858385693572	0.572257129048	0.519091348478	0.448525857902	0.417593040116	0.924117931368	0.755920734654	0.551474142098	0.490091831803	0.462058965684	0.458675688739	0.88883518608	0.587240212663	0.420492991783	0.457709038183	0.487191880135	0.553890768487	0.531657805703	0.488641855969	0.391010149831	0.454809086515	0.684871918801	0.610439826003	0.445625906235	0.523924601257	0.472692121798	0.607056549058	0.496375060416	0.696471725471	0.668438859352	0.535041082649	0.521507974867	0.495891735138	0.664088931851	0.604639922668	0.643789270179	0.626389560174	0.605606573224	0.643305944901	0.52779120348	0.53020782987	0.525857902368	0.523924601257	0.551957467376	0.635089415176	0.574673755437	0.618173030449	0.504108264862	0.613823102948
AE4	0.629289511841	0.534557757371	0.952150797487	0.633156114065	0.594490091832	0.53020782987	0.350894151764	0.405509908168	0.520057999033	0.0	0.576607056549	0.528757854036	0.576607056549	0.874335427743	0.545674238763	0.570807153214	0.578540357661	0.585306911551	0.940550990817	0.77090381827	0.653939101015	0.599806669889	0.598356694055	0.601739971	0.914934751087	0.622522957951	0.585790236829	0.58095698405	0.602223296278	0.619139681005	0.649105848236	0.602706621556	0.523924601257	0.536491058482	0.693571773804	0.608506524891	0.579023682939	0.446109231513	0.526824552924	0.524407926535	0.498791686805	0.577573707105	0.55099081682	0.476075398743	0.601739971	0.579990333494	0.705171580474	0.646689221846	0.684388593523	0.666505558241	0.652005799903	0.6805219913	0.588690188497	0.575640405993	0.587240212663	0.591590140164	0.566457225713	0.673272112131	0.585306911551	0.666505558241	0.580473658772	0.648622522958
AF3	0.61575640406	0.540840985984	0.967133881102	0.637022716288	0.631706138231	0.348960850652	0.675205413243	0.428709521508	0.394393426776	0.576607056549	0.0	0.524891251812	0.546640889319	0.896568390527	0.608506524891	0.564040599323	0.462058965684	0.420492991783	0.95360077332	0.786853552441	0.58095698405	0.544224262929	0.436442725955	0.435959400677	0.921701304978	0.620589656839	0.436442725955	0.501691638473	0.53939101015	0.602223296278	0.525857902368	0.514741420976	0.433059449009	0.486708554857	0.688738521025	0.630256162397	0.442725954567	0.55775737071	0.482841952634	0.624456259062	0.515708071532	0.72692121798	0.696955050749	0.565490575157	0.526341227646	0.500241662639	0.675688738521	0.614306428226	0.666505558241	0.630739487675	0.619623006283	0.652489125181	0.548090865152	0.526824552924	0.535524407927	0.526824552924	0.579023682939	0.640405993233	0.600773320445	0.622522957951	0.503624939584	0.61575640406
AF4	0.589656839053	0.4813919768	0.927017883035	0.603673272112	0.337361043983	0.396810053166	0.605606573224	0.480425326245	0.493475108748	0.528757854036	0.524891251812	0.0	0.544707588207	0.854519091348	0.542774287095	0.536007733204	0.565973900435	0.533591106815	0.883518608023	0.718221362977	0.662638956017	0.61575640406	0.63653939101	0.629772837119	0.848719188014	0.615273078782	0.584823586274	0.611406476559	0.619623006283	0.636056065732	0.644272595457	0.597873368777	0.526341227646	0.561140647656	0.621556307395	0.532624456259	0.537457709038	0.534557757371	0.498308361527	0.502658289029	0.475108748188	0.637506041566	0.606089898502	0.523441275979	0.568873852102	0.553407443209	0.596906718221	0.526824552924	0.573707104882	0.544224262929	0.536007733204	0.561623972934	0.468825519575	0.499758337361	0.514741420976	0.503624939584	0.534557757371	0.551474142098	0.555340744321	0.53697438376	0.543257612373	0.532624456259
AG3	0.582890285162	0.489125181247	0.962783953601	0.48380860319	0.605123247946	0.508941517641	0.64813919768	0.521507974867	0.519574673755	0.576607056549	0.546640889319	0.544707588207	0.0	0.860802319961	0.53697438376	0.528757854036	0.523441275979	0.49540840986	0.923151280812	0.753504108265	0.667472208797	0.612856452392	0.59255679072	0.597873368777	0.882068632189	0.640405993233	0.554374093765	0.588690188497	0.612856452392	0.648622522958	0.644755920735	0.577090381827	0.524891251812	0.535524407927	0.675205413243	0.613823102948	0.556790720155	0.573707104882	0.536491058482	0.582406959884	0.504108264862	0.682455292412	0.657805703238	0.567907201547	0.592073465442	0.577090381827	0.62493958434	0.56259062349	0.62493958434	0.599806669889	0.573223779604	0.596423392943	0.520057999033	0.529241179314	0.521024649589	0.524891251812	0.547124214596	0.597390043499	0.556790720155	0.599806669889	0.527307878202	0.574673755437
AG4	0.860318994683	0.869502174964	0.315611406477	0.592073465442	0.848235862736	0.884001933301	0.884001933301	0.869018849686	0.858385693572	0.874335427743	0.896568390527	0.854519091348	0.860802319961	0.0	0.884485258579	0.863218946351	0.902368293862	0.898985016916	0.699371677139	0.687771870469	0.828419526341	0.839052682455	0.881101981634	0.885451909135	0.82648622523	0.833736104398	0.871435476075	0.859352344128	0.782020299662	0.768970517158	0.892218463026	0.880135331078	0.884968583857	0.890285161914	0.91203479942	0.896085065249	0.902368293862	0.874818753021	0.894635089415	0.893668438859	0.895601739971	0.86563557274	0.865152247463	0.871918801353	0.903334944418	0.902368293862	0.893185113581	0.896568390527	0.895601739971	0.895118414693	0.898501691638	0.894635089415	0.903818269696	0.895601739971	0.90285161914	0.897051715805	0.898985016916	0.897051715805	0.895601739971	0.898501691638	0.90043499275	0.896568390527
AH3	0.657805703238	0.394393426776	0.958917351377	0.594490091832	0.597873368777	0.560657322378	0.579023682939	0.53939101015	0.572257129048	0.545674238763	0.608506524891	0.542774287095	0.53697438376	0.884485258579	0.0	0.536007733204	0.599806669889	0.610923151281	0.923151280812	0.758337361044	0.705171580474	0.643305944901	0.635572740454	0.633639439343	0.896085065249	0.686321894635	0.627839536008	0.637022716288	0.654422426293	0.686321894635	0.695505074915	0.638472692122	0.551957467376	0.582406959884	0.718704688255	0.640405993233	0.634606089899	0.537941034316	0.60415659739	0.538424359594	0.528274528758	0.603189946834	0.574673755437	0.553407443209	0.653455775737	0.642339294345	0.698888351861	0.62735621073	0.657805703238	0.639439342678	0.634606089899	0.672788786854	0.581440309328	0.605606573224	0.579023682939	0.596906718221	0.56259062349	0.658289028516	0.561140647656	0.64813919768	0.606089898502	0.618656355727
AH4	0.324311261479	0.368293861769	0.938134364427	0.577090381827	0.608989850169	0.524407926535	0.630739487675	0.516674722088	0.519091348478	0.570807153214	0.564040599323	0.536007733204	0.528757854036	0.863218946351	0.536007733204	0.0	0.528757854036	0.543740937651	0.874335427743	0.712421459642	0.614306428226	0.561140647656	0.56935717738	0.555824069599	0.849685838569	0.579507008217	0.54857419043	0.543257612373	0.558240695988	0.593040115998	0.588690188497	0.540357660706	0.539874335428	0.551957467376	0.723537941034	0.644272595457	0.579507008217	0.573707104882	0.56259062349	0.579023682939	0.520057999033	0.681005316578	0.663605606573	0.567423876269	0.616239729338	0.597873368777	0.668438859352	0.61333977767	0.676655389077	0.623972933784	0.623489608507	0.644755920735	0.541324311261	0.527307878202	0.527307878202	0.529724504592	0.521024649589	0.638472692122	0.537941034316	0.625422909618	0.55099081682	0.621072982117
AA7	0.578540357661	0.537457709038	0.970033832769	0.629772837119	0.62735621073	0.485741904302	0.676172063799	0.484291928468	0.448525857902	0.578540357661	0.462058965684	0.565973900435	0.523441275979	0.902368293862	0.599806669889	0.528757854036	0.0	0.31029482842	0.917834702755	0.766553890768	0.586756887385	0.528274528758	0.49299178347	0.490575157081	0.871918801353	0.585790236829	0.463508941518	0.485741904302	0.543257612373	0.59497341711	0.524407926535	0.439342677622	0.448042532624	0.487191880135	0.727887868536	0.666022232963	0.494925084582	0.568873852102	0.532141130981	0.607056549058	0.544224262929	0.716288061866	0.693571773804	0.589656839053	0.573223779604	0.551957467376	0.672788786854	0.625422909618	0.684871918801	0.649589173514	0.61333977767	0.642822619623	0.533107781537	0.540840985984	0.534074432093	0.532624456259	0.535041082649	0.631222812953	0.550024166264	0.649105848236	0.521507974867	0.621072982117
AA8	0.577573707105	0.529241179314	0.965683905268	0.629289511841	0.608506524891	0.446109231513	0.685838569357	0.451909134848	0.417593040116	0.585306911551	0.420492991783	0.533591106815	0.49540840986	0.898985016916	0.610923151281	0.543740937651	0.31029482842	0.0	0.916384726921	0.761720637989	0.564523924601	0.504108264862	0.467375543741	0.467858869019	0.875302078299	0.581440309328	0.419526341228	0.459159014016	0.526341227646	0.586273562107	0.471242145964	0.391976800387	0.419526341228	0.465925567907	0.706138231029	0.641372643789	0.452392460126	0.567423876269	0.494925084582	0.612373127115	0.523441275979	0.729337844369	0.699371677139	0.58337361044	0.534557757371	0.506524891252	0.644272595457	0.577090381827	0.659255679072	0.621556307395	0.577090381827	0.610439826003	0.507974867086	0.495891735138	0.49299178347	0.493475108748	0.541324311261	0.598840019333	0.559690671822	0.616723054616	0.478975350411	0.581440309328
AB7	0.859835669406	0.884968583857	0.723054615756	0.724987916868	0.870952150797	0.923151280812	0.941517641373	0.940067665539	0.924117931368	0.940550990817	0.95360077332	0.883518608023	0.923151280812	0.699371677139	0.923151280812	0.874335427743	0.917834702755	0.916384726921	0.0	0.402609956501	0.817303044949	0.832769453842	0.937651039149	0.926051232479	0.734654422426	0.82406959884	0.892218463026	0.873852102465	0.749154180764	0.704204929918	0.880135331078	0.893668438859	0.920734654422	0.937651039149	0.939101014983	0.929434509425	0.941034316095	0.9212179797	0.949734171097	0.92363460609	0.941034316095	0.875785403577	0.872402126631	0.90043499275	0.957467375544	0.95360077332	0.920251329145	0.924117931368	0.936684388594	0.927984533591	0.924117931368	0.915901401643	0.913001449976	0.914934751087	0.915901401643	0.905268245529	0.920251329145	0.913484775254	0.920251329145	0.925567907202	0.944900918318	0.920734654422
AB8	0.711454809087	0.716288061866	0.749637506042	0.569840502658	0.751570807153	0.753987433543	0.776220396327	0.76848719188	0.755920734654	0.77090381827	0.786853552441	0.718221362977	0.753504108265	0.687771870469	0.758337361044	0.712421459642	0.766553890768	0.761720637989	0.402609956501	0.0	0.661672305462	0.669888835186	0.758820686322	0.744320927985	0.73368777187	0.664088931851	0.719671338811	0.695021749638	0.545674238763	0.526341227646	0.732237796037	0.737071048816	0.757854035766	0.767037216046	0.808603189947	0.765587240213	0.770420492992	0.747220879652	0.776703721605	0.755437409377	0.766070565491	0.729337844369	0.724021266312	0.728854519091	0.795553407443	0.785886901885	0.804736587724	0.764620589657	0.798936684389	0.768970517158	0.773320444659	0.785403576607	0.765103914935	0.764137264379	0.763170613823	0.75688738521	0.752537457709	0.773320444659	0.753987433543	0.763653939101	0.776703721605	0.763653939101
AC7	0.618173030449	0.651039149348	0.887385210246	0.636056065732	0.728371193813	0.586273562107	0.697438376027	0.570323827936	0.551474142098	0.653939101015	0.58095698405	0.662638956017	0.667472208797	0.828419526341	0.705171580474	0.614306428226	0.586756887385	0.564523924601	0.817303044949	0.661672305462	0.0	0.35427742871	0.566457225713	0.556790720155	0.82406959884	0.579990333494	0.52779120348	0.505074915418	0.456742387627	0.483325277912	0.559207346544	0.542774287095	0.552924117931	0.579507008217	0.812953117448	0.742387626873	0.62493958434	0.639439342678	0.622522957951	0.706138231029	0.659255679072	0.715804736588	0.69212179797	0.623972933784	0.642339294345	0.616239729338	0.808603189947	0.747220879652	0.796036732721	0.776703721605	0.743837602707	0.779603673272	0.675688738521	0.660222329628	0.665055582407	0.663605606573	0.669405509908	0.766553890768	0.679072015466	0.760753987434	0.614306428226	0.753987433543
AC8	0.577090381827	0.582406959884	0.90285161914	0.612856452392	0.688255195747	0.541324311261	0.681971967134	0.510391493475	0.490091831803	0.599806669889	0.544224262929	0.61575640406	0.612856452392	0.839052682455	0.643305944901	0.561140647656	0.528274528758	0.504108264862	0.832769453842	0.669888835186	0.35427742871	0.0	0.50459159014	0.494441759304	0.836636056066	0.556307394877	0.404543257612	0.388110198163	0.43064282262	0.483325277912	0.526341227646	0.478008699855	0.491541807637	0.515708071532	0.753987433543	0.680038666022	0.559690671822	0.579507008217	0.57177380377	0.642822619623	0.596906718221	0.686321894635	0.657805703238	0.589656839053	0.586756887385	0.564523924601	0.743354277429	0.681971967134	0.739971000483	0.718704688255	0.68293861769	0.714838086032	0.607056549058	0.599323344611	0.597390043499	0.599323344611	0.596423392943	0.700338327695	0.603673272112	0.705171580474	0.558240695988	0.685355244079
AD7	0.596423392943	0.573707104882	0.952150797487	0.645239246013	0.714838086032	0.5186080232	0.686805219913	0.497341710971	0.462058965684	0.598356694055	0.436442725955	0.63653939101	0.59255679072	0.881101981634	0.635572740454	0.56935717738	0.49299178347	0.467375543741	0.937651039149	0.758820686322	0.566457225713	0.50459159014	0.0	0.297245045916	0.901401643306	0.530691155147	0.406959884002	0.446109231513	0.507491541808	0.566457225713	0.503141614306	0.475592073465	0.475108748188	0.526341227646	0.752537457709	0.684871918801	0.512324794587	0.58337361044	0.563073948768	0.646689221846	0.590140164331	0.729821169647	0.696471725471	0.598840019333	0.578057032383	0.557274045433	0.741420976317	0.674238762687	0.741420976317	0.714838086032	0.675205413243	0.707104881585	0.607056549058	0.599323344611	0.594490091832	0.595940067666	0.582890285162	0.700338327695	0.599806669889	0.704204929918	0.559207346544	0.679555340744
AD8	0.582406959884	0.570807153214	0.954084098598	0.636056065732	0.707104881585	0.511841469309	0.685838569357	0.492508458192	0.458675688739	0.601739971	0.435959400677	0.629772837119	0.597873368777	0.885451909135	0.633639439343	0.555824069599	0.490575157081	0.467858869019	0.926051232479	0.744320927985	0.556790720155	0.494441759304	0.297245045916	0.0	0.859835669406	0.49540840986	0.402126631223	0.44224262929	0.489608506525	0.544707588207	0.495891735138	0.477042049299	0.475108748188	0.519574673755	0.758820686322	0.681488641856	0.509908168197	0.579023682939	0.55775737071	0.639439342678	0.58337361044	0.721604639923	0.696955050749	0.589656839053	0.580473658772	0.558240695988	0.743354277429	0.67133881102	0.73610439826	0.707104881585	0.666505558241	0.701788303528	0.608506524891	0.596423392943	0.59255679072	0.593523441276	0.59255679072	0.696955050749	0.606089898502	0.695988400193	0.55099081682	0.675205413243
AE7	0.828419526341	0.86805219913	0.851135814403	0.80328661189	0.838569357177	0.893668438859	0.920734654422	0.908168197197	0.88883518608	0.914934751087	0.921701304978	0.848719188014	0.882068632189	0.82648622523	0.896085065249	0.849685838569	0.871918801353	0.875302078299	0.734654422426	0.73368777187	0.82406959884	0.836636056066	0.901401643306	0.859835669406	0.0	0.541324311261	0.872885451909	0.852585790237	0.776703721605	0.77090381827	0.838086031899	0.836636056066	0.899468342194	0.909134847753	0.929434509425	0.915901401643	0.918318028033	0.903334944418	0.923151280812	0.881101981634	0.907201546641	0.881585306912	0.879168680522	0.871918801353	0.938134364427	0.93281778637	0.890768487192	0.905268245529	0.915901401643	0.896085065249	0.904301594973	0.896085065249	0.892701788304	0.898985016916	0.906234896085	0.890285161914	0.904301594973	0.894151764137	0.903334944418	0.901884968584	0.914934751087	0.896085065249
AE8	0.587240212663	0.61333977767	0.903818269696	0.640405993233	0.681488641856	0.585306911551	0.673272112131	0.598356694055	0.587240212663	0.622522957951	0.620589656839	0.615273078782	0.640405993233	0.833736104398	0.686321894635	0.579507008217	0.585790236829	0.581440309328	0.82406959884	0.664088931851	0.579990333494	0.556307394877	0.530691155147	0.49540840986	0.541324311261	0.0	0.57177380377	0.551957467376	0.533591106815	0.526824552924	0.562107298212	0.542774287095	0.602223296278	0.605606573224	0.772353794103	0.707588206863	0.617206379894	0.603673272112	0.620106331561	0.652489125181	0.639439342678	0.705171580474	0.683421942968	0.594490091832	0.637022716288	0.626389560174	0.737554374094	0.688255195747	0.755920734654	0.709521507975	0.686805219913	0.719188013533	0.646205896568	0.623489608507	0.634122764621	0.632672788787	0.632189463509	0.705654905752	0.64572257129	0.700338327695	0.606089898502	0.681488641856
AF7	0.565007249879	0.53697438376	0.937167713871	0.636056065732	0.662638956017	0.492025132914	0.692605123248	0.463508941518	0.420492991783	0.585790236829	0.436442725955	0.584823586274	0.554374093765	0.871435476075	0.627839536008	0.54857419043	0.463508941518	0.419526341228	0.892218463026	0.719671338811	0.52779120348	0.404543257612	0.406959884002	0.402126631223	0.872885451909	0.57177380377	0.0	0.318994683422	0.475592073465	0.529724504592	0.484775253746	0.47462542291	0.426292895118	0.475592073465	0.718704688255	0.64813919768	0.47220879652	0.545674238763	0.52537457709	0.625422909618	0.543257612373	0.702271628806	0.675205413243	0.554374093765	0.547124214596	0.526341227646	0.684388593523	0.631706138231	0.700338327695	0.675205413243	0.627839536008	0.660222329628	0.556307394877	0.547607539874	0.54857419043	0.552924117931	0.55775737071	0.645239246013	0.579023682939	0.658289028516	0.505558240696	0.629289511841
AF8	0.561623972934	0.55775737071	0.926051232479	0.624456259062	0.681971967134	0.51619139681	0.681005316578	0.478492025133	0.457709038183	0.58095698405	0.501691638473	0.611406476559	0.588690188497	0.859352344128	0.637022716288	0.543257612373	0.485741904302	0.459159014016	0.873852102465	0.695021749638	0.505074915418	0.388110198163	0.446109231513	0.44224262929	0.852585790237	0.551957467376	0.318994683422	0.0	0.456259062349	0.512808119865	0.506524891252	0.461092315128	0.458192363461	0.512324794587	0.73368777187	0.666022232963	0.507974867086	0.554374093765	0.549057515708	0.613823102948	0.561623972934	0.691638472692	0.661188980184	0.561623972934	0.564040599323	0.550024166264	0.700338327695	0.649105848236	0.714838086032	0.690188496858	0.641372643789	0.670372160464	0.575157080715	0.55775737071	0.560657322378	0.564040599323	0.562107298212	0.665538907685	0.576123731271	0.678105364911	0.522474625423	0.644755920735
AG7	0.579023682939	0.59497341711	0.841952634123	0.553407443209	0.690671822136	0.541807636539	0.685355244079	0.500724987917	0.487191880135	0.602223296278	0.53939101015	0.619623006283	0.612856452392	0.782020299662	0.654422426293	0.558240695988	0.543257612373	0.526341227646	0.749154180764	0.545674238763	0.456742387627	0.43064282262	0.507491541808	0.489608506525	0.776703721605	0.533591106815	0.475592073465	0.456259062349	0.0	0.315128081199	0.540357660706	0.509908168197	0.503141614306	0.537941034316	0.772837119381	0.692605123248	0.544224262929	0.583856935718	0.576123731271	0.647655872402	0.60415659739	0.674238762687	0.651039149348	0.567907201547	0.601256645723	0.575157080715	0.7593040116	0.680038666022	0.74770420493	0.719671338811	0.684871918801	0.729821169647	0.620106331561	0.616239729338	0.622039632673	0.616723054616	0.624456259062	0.714838086032	0.637506041566	0.706621556307	0.582890285162	0.69212179797
AG8	0.600773320445	0.62493958434	0.831802803287	0.594490091832	0.70130497825	0.582406959884	0.677622039633	0.568390526825	0.553890768487	0.619139681005	0.602223296278	0.636056065732	0.648622522958	0.768970517158	0.686321894635	0.593040115998	0.59497341711	0.586273562107	0.704204929918	0.526341227646	0.483325277912	0.483325277912	0.566457225713	0.544707588207	0.77090381827	0.526824552924	0.529724504592	0.512808119865	0.315128081199	0.0	0.573223779604	0.561623972934	0.568873852102	0.587240212663	0.784920251329	0.709038182697	0.589656839053	0.59255679072	0.602223296278	0.672305461576	0.639439342678	0.688738521025	0.672305461576	0.582406959884	0.637506041566	0.618173030449	0.767520541324	0.698888351861	0.753020782987	0.738037699372	0.699855002417	0.734654422426	0.65732237796	0.644272595457	0.644272595457	0.649589173514	0.648622522958	0.725954567424	0.659255679072	0.720154664089	0.614306428226	0.709521507975
AH7	0.594006766554	0.617689705172	0.948284195263	0.681005316578	0.710004833253	0.568873852102	0.708554857419	0.552924117931	0.531657805703	0.649105848236	0.525857902368	0.644272595457	0.644755920735	0.892218463026	0.695505074915	0.588690188497	0.524407926535	0.471242145964	0.880135331078	0.732237796037	0.559207346544	0.526341227646	0.503141614306	0.495891735138	0.838086031899	0.562107298212	0.484775253746	0.506524891252	0.540357660706	0.573223779604	0.0	0.342194296762	0.56259062349	0.595940067666	0.78927017883	0.73610439826	0.55775737071	0.641855969067	0.627839536008	0.661188980184	0.644272595457	0.767520541324	0.746254229096	0.649589173514	0.637989366844	0.621556307395	0.7593040116	0.714838086032	0.766553890768	0.732721121315	0.705171580474	0.734171097148	0.633156114065	0.623972933784	0.623489608507	0.625422909618	0.628806186564	0.727404543258	0.637022716288	0.716771387144	0.607056549058	0.716288061866
AH8	0.552440792653	0.566457225713	0.948284195263	0.643789270179	0.667472208797	0.515708071532	0.678588690188	0.502174963751	0.488641855969	0.602706621556	0.514741420976	0.597873368777	0.577090381827	0.880135331078	0.638472692122	0.540357660706	0.439342677622	0.391976800387	0.893668438859	0.737071048816	0.542774287095	0.478008699855	0.475592073465	0.477042049299	0.836636056066	0.542774287095	0.47462542291	0.461092315128	0.509908168197	0.561623972934	0.342194296762	0.0	0.496375060416	0.533591106815	0.762203963267	0.690188496858	0.537457709038	0.584340260996	0.573223779604	0.614789753504	0.587240212663	0.71532141131	0.699371677139	0.601256645723	0.595940067666	0.572740454326	0.710971483809	0.656839052682	0.731271145481	0.68970517158	0.657805703238	0.682455292412	0.578540357661	0.574190430159	0.57177380377	0.566457225713	0.567907201547	0.677138714355	0.581923634606	0.675205413243	0.546640889319	0.668438859352
AA5	0.586273562107	0.501208313195	0.954567423876	0.622522957951	0.60415659739	0.448525857902	0.621072982117	0.39584340261	0.391010149831	0.523924601257	0.433059449009	0.526341227646	0.524891251812	0.884968583857	0.551957467376	0.539874335428	0.448042532624	0.419526341228	0.920734654422	0.757854035766	0.552924117931	0.491541807637	0.475108748188	0.475108748188	0.899468342194	0.602223296278	0.426292895118	0.458192363461	0.503141614306	0.568873852102	0.56259062349	0.496375060416	0.0	0.332044465926	0.688255195747	0.589173513775	0.473175447076	0.469308844853	0.489125181247	0.554374093765	0.462542290962	0.630739487675	0.596423392943	0.467375543741	0.534074432093	0.496375060416	0.688255195747	0.628322861286	0.664088931851	0.65055582407	0.640405993233	0.668438859352	0.519574673755	0.544224262929	0.549540840986	0.535524407927	0.528757854036	0.652489125181	0.561623972934	0.633156114065	0.502658289029	0.625422909618
AA6	0.605123247946	0.511841469309	0.963267278879	0.639439342678	0.637022716288	0.472692121798	0.644755920735	0.443209279845	0.454809086515	0.536491058482	0.486708554857	0.561140647656	0.535524407927	0.890285161914	0.582406959884	0.551957467376	0.487191880135	0.465925567907	0.937651039149	0.767037216046	0.579507008217	0.515708071532	0.526341227646	0.519574673755	0.909134847753	0.605606573224	0.475592073465	0.512324794587	0.537941034316	0.587240212663	0.595940067666	0.533591106815	0.332044465926	0.0	0.693571773804	0.593523441276	0.514258095698	0.50459159014	0.505074915418	0.582890285162	0.495891735138	0.67133881102	0.632189463509	0.518124697922	0.480425326245	0.441759304012	0.688255195747	0.635089415176	0.669405509908	0.652972450459	0.637989366844	0.666988883519	0.540357660706	0.548090865152	0.54857419043	0.54857419043	0.540357660706	0.650072498792	0.571290478492	0.641372643789	0.519574673755	0.628322861286
AB5	0.756404059932	0.674722087965	0.972450459159	0.73852102465	0.638472692122	0.647655872402	0.747220879652	0.670372160464	0.684871918801	0.693571773804	0.688738521025	0.621556307395	0.675205413243	0.91203479942	0.718704688255	0.723537941034	0.727887868536	0.706138231029	0.939101014983	0.808603189947	0.812953117448	0.753987433543	0.752537457709	0.758820686322	0.929434509425	0.772353794103	0.718704688255	0.73368777187	0.772837119381	0.784920251329	0.78927017883	0.762203963267	0.688255195747	0.693571773804	0.0	0.340744320928	0.630256162397	0.6805219913	0.620589656839	0.643789270179	0.60415659739	0.744804253262	0.730787820203	0.672305461576	0.650072498792	0.641372643789	0.623972933784	0.623972933784	0.636056065732	0.620589656839	0.632189463509	0.618173030449	0.614306428226	0.623972933784	0.625422909618	0.631222812953	0.681005316578	0.609473175447	0.678588690188	0.617206379894	0.685355244079	0.627839536008
AB6	0.684871918801	0.590140164331	0.964717254712	0.666505558241	0.579507008217	0.568873852102	0.678105364911	0.589173513775	0.610439826003	0.608506524891	0.630256162397	0.532624456259	0.613823102948	0.896085065249	0.640405993233	0.644272595457	0.666022232963	0.641372643789	0.929434509425	0.765587240213	0.742387626873	0.680038666022	0.684871918801	0.681488641856	0.915901401643	0.707588206863	0.64813919768	0.666022232963	0.692605123248	0.709038182697	0.73610439826	0.690188496858	0.589173513775	0.593523441276	0.340744320928	0.0	0.576123731271	0.591590140164	0.55775737071	0.571290478492	0.530691155147	0.672788786854	0.648622522958	0.563557274045	0.567423876269	0.546640889319	0.595456742388	0.546157564041	0.582406959884	0.556790720155	0.566940550991	0.574190430159	0.534074432093	0.57177380377	0.576607056549	0.572740454326	0.598840019333	0.549057515708	0.603189946834	0.549057515708	0.628322861286	0.553407443209
AC5	0.608506524891	0.567907201547	0.971967133881	0.660705654906	0.631222812953	0.464475592073	0.673755437409	0.464475592073	0.445625906235	0.579023682939	0.442725954567	0.537457709038	0.556790720155	0.902368293862	0.634606089899	0.579507008217	0.494925084582	0.452392460126	0.941034316095	0.770420492992	0.62493958434	0.559690671822	0.512324794587	0.509908168197	0.918318028033	0.617206379894	0.47220879652	0.507974867086	0.544224262929	0.589656839053	0.55775737071	0.537457709038	0.473175447076	0.514258095698	0.630256162397	0.576123731271	0.0	0.454325761237	0.459159014016	0.596423392943	0.520057999033	0.719188013533	0.681971967134	0.553890768487	0.491058482359	0.46979217013	0.602706621556	0.557274045433	0.618173030449	0.588206863219	0.560657322378	0.582890285162	0.507974867086	0.49540840986	0.498308361527	0.514741420976	0.577573707105	0.576607056549	0.599806669889	0.559207346544	0.522474625423	0.561623972934
AC6	0.627839536008	0.532141130981	0.954084098598	0.641855969067	0.589173513775	0.520057999033	0.519574673755	0.488641855969	0.523924601257	0.446109231513	0.55775737071	0.534557757371	0.573707104882	0.874818753021	0.537941034316	0.573707104882	0.568873852102	0.567423876269	0.9212179797	0.747220879652	0.639439342678	0.579507008217	0.58337361044	0.579023682939	0.903334944418	0.603673272112	0.545674238763	0.554374093765	0.583856935718	0.59255679072	0.641855969067	0.584340260996	0.469308844853	0.50459159014	0.6805219913	0.591590140164	0.454325761237	0.0	0.522957950701	0.520057999033	0.498791686805	0.498308361527	0.46060898985	0.425326244563	0.572257129048	0.556790720155	0.686321894635	0.644755920735	0.670372160464	0.648622522958	0.644755920735	0.673272112131	0.58095698405	0.584823586274	0.588690188497	0.586756887385	0.557274045433	0.659255679072	0.582406959884	0.632672788787	0.54857419043	0.63653939101
AD6	0.618656355727	0.540357660706	0.970517158047	0.634606089899	0.594006766554	0.432092798453	0.62493958434	0.470758820686	0.472692121798	0.526824552924	0.482841952634	0.498308361527	0.536491058482	0.894635089415	0.60415659739	0.56259062349	0.532141130981	0.494925084582	0.949734171097	0.776703721605	0.622522957951	0.57177380377	0.563073948768	0.55775737071	0.923151280812	0.620106331561	0.52537457709	0.549057515708	0.576123731271	0.602223296278	0.627839536008	0.573223779604	0.489125181247	0.505074915418	0.620589656839	0.55775737071	0.459159014016	0.522957950701	0.0	0.559207346544	0.417593040116	0.698888351861	0.663605606573	0.543257612373	0.492508458192	0.469308844853	0.590140164331	0.534557757371	0.585306911551	0.550507491542	0.538424359594	0.56935717738	0.46979217013	0.468342194297	0.476075398743	0.489608506525	0.55775737071	0.558724021266	0.574190430159	0.557274045433	0.470275495408	0.534557757371
AE5	0.624456259062	0.535524407927	0.971483808603	0.628806186564	0.568390526825	0.545674238763	0.579507008217	0.549540840986	0.607056549058	0.524407926535	0.624456259062	0.502658289029	0.582406959884	0.893668438859	0.538424359594	0.579023682939	0.607056549058	0.612373127115	0.92363460609	0.755437409377	0.706138231029	0.642822619623	0.646689221846	0.639439342678	0.881101981634	0.652489125181	0.625422909618	0.613823102948	0.647655872402	0.672305461576	0.661188980184	0.614789753504	0.554374093765	0.582890285162	0.643789270179	0.571290478492	0.596423392943	0.520057999033	0.559207346544	0.0	0.38424359594	0.598840019333	0.570807153214	0.521507974867	0.635572740454	0.625422909618	0.65732237796	0.616239729338	0.649589173514	0.624456259062	0.633156114065	0.649105848236	0.542774287095	0.565973900435	0.591106814886	0.555824069599	0.553407443209	0.634122764621	0.554857419043	0.610923151281	0.579507008217	0.617689705172
AE6	0.605123247946	0.471242145964	0.971000483325	0.611406476559	0.536007733204	0.461575640406	0.567423876269	0.450459159014	0.496375060416	0.498791686805	0.515708071532	0.475108748188	0.504108264862	0.895601739971	0.528274528758	0.520057999033	0.544224262929	0.523441275979	0.941034316095	0.766070565491	0.659255679072	0.596906718221	0.590140164331	0.58337361044	0.907201546641	0.639439342678	0.543257612373	0.561623972934	0.60415659739	0.639439342678	0.644272595457	0.587240212663	0.462542290962	0.495891735138	0.60415659739	0.530691155147	0.520057999033	0.498791686805	0.417593040116	0.38424359594	0.0	0.640889318511	0.611406476559	0.491058482359	0.542774287095	0.531174480425	0.614789753504	0.568390526825	0.596906718221	0.574673755437	0.577090381827	0.60415659739	0.4813919768	0.484291928468	0.487675205413	0.484775253746	0.503624939584	0.586273562107	0.522957950701	0.562107298212	0.515224746254	0.567907201547
AF5	0.715804736588	0.647655872402	0.93281778637	0.658772353794	0.666022232963	0.690671822136	0.5601739971	0.653455775737	0.696471725471	0.577573707105	0.72692121798	0.637506041566	0.682455292412	0.86563557274	0.603189946834	0.681005316578	0.716288061866	0.729337844369	0.875785403577	0.729337844369	0.715804736588	0.686321894635	0.729821169647	0.721604639923	0.881585306912	0.705171580474	0.702271628806	0.691638472692	0.674238762687	0.688738521025	0.767520541324	0.71532141131	0.630739487675	0.67133881102	0.744804253262	0.672788786854	0.719188013533	0.498308361527	0.698888351861	0.598840019333	0.640889318511	0.0	0.275978733688	0.536491058482	0.741904301595	0.724987916868	0.753987433543	0.720154664089	0.744804253262	0.721121314645	0.737071048816	0.74528757854	0.692605123248	0.721604639923	0.731754470759	0.711938134364	0.672305461576	0.734654422426	0.675205413243	0.705654905752	0.716771387144	0.724021266312
AF6	0.696955050749	0.618173030449	0.93523441276	0.656839052682	0.644755920735	0.658289028516	0.541324311261	0.619139681005	0.668438859352	0.55099081682	0.696955050749	0.606089898502	0.657805703238	0.865152247463	0.574673755437	0.663605606573	0.693571773804	0.699371677139	0.872402126631	0.724021266312	0.69212179797	0.657805703238	0.696471725471	0.696955050749	0.879168680522	0.683421942968	0.675205413243	0.661188980184	0.651039149348	0.672305461576	0.746254229096	0.699371677139	0.596423392943	0.632189463509	0.730787820203	0.648622522958	0.681971967134	0.46060898985	0.663605606573	0.570807153214	0.611406476559	0.275978733688	0.0	0.507491541808	0.70130497825	0.683421942968	0.740454325761	0.708071532141	0.725954567424	0.700338327695	0.707588206863	0.729337844369	0.667472208797	0.69212179797	0.700338327695	0.685838569357	0.641855969067	0.716771387144	0.647172547124	0.685838569357	0.687288545191	0.695021749638
