	AA3	AA4	AB3	AB4	AC3	AC4	AD3	AD4	AE3	AE4	AF3	AF4	AG3	AG4	AH3	AH4	AA7	AA8	AB7	AB8	AC7	AC8	AD7	AD8	AE7	AE8	AF7	AF8	AG7	AG8	AH7	AH8	AA5	AA6	AB5	AB6	AC5	AC6	AD6	AE5	AE6	AF5	AF6	AG5	AH5	AH6	AA1	AA2	AB1	AB2	AC1	AC2	AD1	AD2	AE1	AE2	AF1	AF2	AG1	AG2	AH1	AH2
AA3	0.0	0.497825036249	0.938617689705	0.640889318511	0.666505558241	0.588690188497	0.658289028516	0.585306911551	0.565007249879	0.642339294345	0.605606573224	0.62493958434	0.579023682939	0.854035766071	0.664088931851	0.34026099565	0.574673755437	0.568390526825	0.869502174964	0.718221362977	0.622039632673	0.584823586274	0.584340260996	0.587240212663	0.835186080232	0.599323344611	0.565007249879	0.558724021266	0.586273562107	0.590623489609	0.584823586274	0.568390526825	0.580473658772	0.590623489609	0.743837602707	0.683421942968	0.597390043499	0.608989850169	0.60657322378	0.639439342678	0.600289995167	0.706138231029	0.684871918801	0.62735621073	0.624456259062	0.602706621556	0.694055099082	0.650072498792	0.726437892702	0.670372160464	0.647655872402	0.667472208797	0.589656839053	0.579990333494	0.56935717738	0.581923634606	0.575157080715	0.665538907685	0.591590140164	0.668438859352	0.584823586274	0.65055582407
AA4	0.497825036249	0.0	0.943934267762	0.588206863219	0.563073948768	0.509424842919	0.586273562107	0.477525374577	0.512324794587	0.553890768487	0.56259062349	0.507491541808	0.489125181247	0.855969067182	0.382793620106	0.378927017883	0.536491058482	0.532141130981	0.885451909135	0.718704688255	0.65732237796	0.578540357661	0.590140164331	0.589656839053	0.871918801353	0.632672788787	0.549057515708	0.556307394877	0.594006766554	0.626872885452	0.633156114065	0.568873852102	0.510391493475	0.521024649589	0.675205413243	0.589656839053	0.570323827936	0.521991300145	0.543257612373	0.529241179314	0.491058482359	0.637989366844	0.59497341711	0.52779120348	0.587240212663	0.568873852102	0.653455775737	0.58337361044	0.64813919768	0.605606573224	0.603673272112	0.634606089899	0.53020782987	0.523441275979	0.528274528758	0.526824552924	0.494925084582	0.619139681005	0.509908168197	0.599806669889	0.541807636539	0.587240212663
AB3	0.938617689705	0.943934267762	0.0	0.669888835186	0.916868052199	0.94683421943	0.951667472209	0.938134364427	0.926051232479	0.947317544708	0.968583856936	0.926051232479	0.961333977767	0.347027549541	0.957467375544	0.938134364427	0.971000483325	0.96520057999	0.742387626873	0.744804253262	0.889318511358	0.905751570807	0.950217496375	0.946350894152	0.851619139681	0.892218463026	0.935717738038	0.922184630256	0.840502658289	0.829869502175	0.949734171097	0.94683421943	0.954084098598	0.957950700822	0.968583856936	0.958917351377	0.969550507492	0.948284195263	0.969067182214	0.968583856936	0.968100531658	0.933784436926	0.931367810536	0.937651039149	0.971483808603	0.969067182214	0.969550507492	0.966167230546	0.967133881102	0.968100531658	0.969550507492	0.966650555824	0.969067182214	0.968583856936	0.969067182214	0.968583856936	0.96761720638	0.96761720638	0.968583856936	0.970033832769	0.972450459159	0.966167230546
AB4	0.640889318511	0.588206863219	0.669888835186	0.0	0.649105848236	0.617206379894	0.679072015466	0.602706621556	0.60657322378	0.651522474625	0.642339294345	0.612373127115	0.491541807637	0.568873852102	0.618656355727	0.592073465442	0.63653939101	0.629772837119	0.731754470759	0.56935717738	0.650072498792	0.620106331561	0.653455775737	0.649105848236	0.806186563557	0.64813919768	0.647655872402	0.628806186564	0.55775737071	0.587723537941	0.688255195747	0.644272595457	0.644755920735	0.654905751571	0.737071048816	0.67133881102	0.654422426293	0.639439342678	0.638472692122	0.640405993233	0.632672788787	0.679555340744	0.652489125181	0.632189463509	0.685355244079	0.66892218463	0.698405026583	0.664088931851	0.713388110198	0.676655389077	0.672305461576	0.686805219913	0.629289511841	0.631222812953	0.655389076849	0.640889318511	0.647172547124	0.680038666022	0.644272595457	0.675205413243	0.643305944901	0.659255679072
AC3	0.666505558241	0.563073948768	0.916868052199	0.649105848236	0.0	0.499758337361	0.623489608507	0.555824069599	0.568873852102	0.603189946834	0.621072982117	0.336394393427	0.611406476559	0.83566940551	0.612856452392	0.602706621556	0.612856452392	0.593040115998	0.867085548574	0.746254229096	0.725954567424	0.680038666022	0.716288061866	0.706138231029	0.82648622523	0.691155147414	0.666988883519	0.671822136298	0.667955534074	0.699855002417	0.700821652972	0.653939101015	0.60415659739	0.637022716288	0.65732237796	0.600773320445	0.638472692122	0.565007249879	0.600289995167	0.550024166264	0.542290961817	0.666505558241	0.640889318511	0.559207346544	0.663122281295	0.65055582407	0.602706621556	0.607056549058	0.618656355727	0.602706621556	0.62735621073	0.610923151281	0.55099081682	0.590140164331	0.598356694055	0.588206863219	0.606089898502	0.584823586274	0.608506524891	0.603189946834	0.62735621073	0.605123247946
AC4	0.588690188497	0.509424842919	0.94683421943	0.617206379894	0.499758337361	0.0	0.609956500725	0.397776703722	0.407926534558	0.546640889319	0.333494441759	0.409376510391	0.516674722088	0.861285645239	0.576607056549	0.547607539874	0.46060898985	0.447075882069	0.923151280812	0.754470758821	0.579023682939	0.529724504592	0.50700821653	0.497825036249	0.890285161914	0.595456742388	0.483325277912	0.482841952634	0.518124697922	0.577573707105	0.554857419043	0.503141614306	0.434992750121	0.473175447076	0.653455775737	0.574673755437	0.460125664572	0.512324794587	0.429676172064	0.562107298212	0.476075398743	0.687771870469	0.648622522958	0.536007733204	0.512324794587	0.499275012083	0.640889318511	0.579990333494	0.614306428226	0.586756887385	0.593523441276	0.620106331561	0.505558240696	0.521024649589	0.521507974867	0.534557757371	0.555824069599	0.610923151281	0.551957467376	0.589656839053	0.474142097632	0.583856935718
AD3	0.658289028516	0.586273562107	0.951667472209	0.679072015466	0.623489608507	0.609956500725	0.0	0.521507974867	0.632672788787	0.341227646206	0.665538907685	0.57177380377	0.640889318511	0.867085548574	0.582890285162	0.629289511841	0.672305461576	0.66892218463	0.940067665539	0.773320444659	0.706138231029	0.681005316578	0.679555340744	0.676655389077	0.920251329145	0.681005316578	0.687771870469	0.681488641856	0.678105364911	0.677622039633	0.705171580474	0.680038666022	0.619623006283	0.641855969067	0.741904301595	0.663122281295	0.666022232963	0.524407926535	0.61333977767	0.567423876269	0.554374093765	0.546157564041	0.523924601257	0.545190913485	0.690188496858	0.675688738521	0.7593040116	0.700338327695	0.739971000483	0.710971483809	0.713388110198	0.737554374094	0.654422426293	0.654422426293	0.660705654906	0.664088931851	0.620589656839	0.727887868536	0.62735621073	0.704688255196	0.677138714355	0.702271628806
AD4	0.585306911551	0.477525374577	0.938134364427	0.602706621556	0.555824069599	0.397776703722	0.521507974867	0.0	0.316578057032	0.443209279845	0.425326244563	0.498791686805	0.495891735138	0.849202513291	0.54857419043	0.533107781537	0.443209279845	0.427259545674	0.928951184147	0.7593040116	0.567423876269	0.501208313195	0.496375060416	0.487191880135	0.894635089415	0.59497341711	0.453359110681	0.455775737071	0.507491541808	0.572740454326	0.541807636539	0.472692121798	0.381826969551	0.435476075399	0.669888835186	0.584340260996	0.445142580957	0.480908651522	0.444175930401	0.55775737071	0.47462542291	0.646205896568	0.614789753504	0.497825036249	0.50459159014	0.489125181247	0.663122281295	0.600773320445	0.644272595457	0.617206379894	0.615273078782	0.649105848236	0.524407926535	0.53697438376	0.529241179314	0.546640889319	0.526824552924	0.635089415176	0.538907684872	0.623006283229	0.505074915418	0.608023199613
AE3	0.565007249879	0.512324794587	0.926051232479	0.60657322378	0.568873852102	0.407926534558	0.632672788787	0.316578057032	0.0	0.543740937651	0.379893668439	0.514741420976	0.519574673755	0.844369260512	0.587723537941	0.536491058482	0.439342677622	0.42822619623	0.910101498308	0.740937651039	0.550507491542	0.49540840986	0.47462542291	0.478492025133	0.886901884969	0.593040115998	0.438859352344	0.447559207347	0.488158530691	0.55099081682	0.531657805703	0.468342194297	0.391976800387	0.455292411793	0.666505558241	0.598356694055	0.424842919285	0.515708071532	0.448042532624	0.608989850169	0.522957950701	0.691155147414	0.657805703238	0.541807636539	0.492508458192	0.479942000967	0.660705654906	0.597873368777	0.647655872402	0.611406476559	0.607056549058	0.642339294345	0.523441275979	0.540357660706	0.528757854036	0.549540840986	0.542774287095	0.631706138231	0.559690671822	0.616239729338	0.503141614306	0.60415659739
AE4	0.642339294345	0.553890768487	0.947317544708	0.651522474625	0.603189946834	0.546640889319	0.341227646206	0.443209279845	0.543740937651	0.0	0.604639922668	0.545674238763	0.607056549058	0.862252295795	0.570323827936	0.59255679072	0.614789753504	0.610439826003	0.935717738038	0.763653939101	0.665055582407	0.612373127115	0.620589656839	0.614306428226	0.916868052199	0.640405993233	0.617689705172	0.610439826003	0.613823102948	0.628322861286	0.659255679072	0.610923151281	0.555824069599	0.58337361044	0.720154664089	0.642822619623	0.604639922668	0.470758820686	0.565007249879	0.552924117931	0.522957950701	0.567423876269	0.529241179314	0.52779120348	0.627839536008	0.618173030449	0.731754470759	0.668438859352	0.715804736588	0.685355244079	0.69212179797	0.717254712421	0.630256162397	0.633639439343	0.616723054616	0.639439342678	0.599323344611	0.698888351861	0.609956500725	0.683905268246	0.613823102948	0.676655389077
AF3	0.605606573224	0.56259062349	0.968583856936	0.642339294345	0.621072982117	0.333494441759	0.665538907685	0.425326244563	0.379893668439	0.604639922668	0.0	0.521991300145	0.52537457709	0.881101981634	0.615273078782	0.582406959884	0.445142580957	0.421942967617	0.951667472209	0.78250362494	0.587723537941	0.550024166264	0.432576123731	0.457709038183	0.916868052199	0.621072982117	0.441275978734	0.490091831803	0.542290961817	0.60657322378	0.52537457709	0.488158530691	0.422426292895	0.490575157081	0.66892218463	0.619139681005	0.417593040116	0.558724021266	0.450942484292	0.628806186564	0.540357660706	0.729821169647	0.693571773804	0.573707104882	0.497341710971	0.482358627356	0.661188980184	0.601256645723	0.657805703238	0.608506524891	0.607539874335	0.6389560174	0.531657805703	0.535524407927	0.526824552924	0.545190913485	0.581923634606	0.630739487675	0.585790236829	0.606089898502	0.496858385694	0.599806669889
AF4	0.62493958434	0.507491541808	0.926051232479	0.612373127115	0.336394393427	0.409376510391	0.57177380377	0.498791686805	0.514741420976	0.545674238763	0.521991300145	0.0	0.558724021266	0.839052682455	0.561140647656	0.552924117931	0.570807153214	0.558240695988	0.885451909135	0.713388110198	0.679555340744	0.629772837119	0.652005799903	0.645239246013	0.85886901885	0.648622522958	0.611406476559	0.619139681005	0.61575640406	0.649589173514	0.662638956017	0.612373127115	0.541807636539	0.579507008217	0.612373127115	0.526341227646	0.555340744321	0.517641372644	0.50459159014	0.501208313195	0.490575157081	0.618173030449	0.591590140164	0.507974867086	0.575157080715	0.55775737071	0.591590140164	0.532624456259	0.578540357661	0.530691155147	0.552924117931	0.573223779604	0.489608506525	0.508941517641	0.526824552924	0.510391493475	0.565973900435	0.558724021266	0.568873852102	0.529241179314	0.55775737071	0.528757854036
AG3	0.579023682939	0.489125181247	0.961333977767	0.491541807637	0.611406476559	0.516674722088	0.640889318511	0.495891735138	0.519574673755	0.607056549058	0.52537457709	0.558724021266	0.0	0.850169163847	0.546157564041	0.52537457709	0.491058482359	0.475108748188	0.930884485259	0.759787336878	0.656355727405	0.588690188497	0.587723537941	0.599323344611	0.884968583857	0.632672788787	0.552924117931	0.564040599323	0.595940067666	0.629772837119	0.625422909618	0.555340744321	0.51619139681	0.52779120348	0.680038666022	0.619623006283	0.538907684872	0.545190913485	0.538424359594	0.580473658772	0.515224746254	0.686805219913	0.652005799903	0.549057515708	0.576123731271	0.555824069599	0.628806186564	0.58337361044	0.645239246013	0.606089898502	0.59497341711	0.611406476559	0.526824552924	0.528274528758	0.538424359594	0.544224262929	0.546157564041	0.614789753504	0.559690671822	0.601739971	0.513291445143	0.58095698405
AG4	0.854035766071	0.855969067182	0.347027549541	0.568873852102	0.83566940551	0.861285645239	0.867085548574	0.849202513291	0.844369260512	0.862252295795	0.881101981634	0.839052682455	0.850169163847	0.0	0.872402126631	0.849685838569	0.890285161914	0.883518608023	0.713871435476	0.670372160464	0.81488641856	0.827936201063	0.87046882552	0.869502174964	0.826969550507	0.817786370227	0.858385693572	0.843885935234	0.768003866602	0.736587723538	0.876752054132	0.865152247463	0.869985500242	0.872885451909	0.895601739971	0.884001933301	0.884001933301	0.860802319961	0.880618656356	0.882068632189	0.880135331078	0.851135814403	0.848235862736	0.856935717738	0.894151764137	0.886901884969	0.882068632189	0.883518608023	0.885451909135	0.883518608023	0.892218463026	0.885451909135	0.887868535524	0.885935234413	0.89125181247	0.890768487192	0.886901884969	0.883518608023	0.886418559691	0.888351860802	0.889318511358	0.886901884969
AH3	0.664088931851	0.382793620106	0.957467375544	0.618656355727	0.612856452392	0.576607056549	0.582890285162	0.54857419043	0.587723537941	0.570323827936	0.615273078782	0.561140647656	0.546157564041	0.872402126631	0.0	0.53697438376	0.609956500725	0.614306428226	0.924117931368	0.762687288545	0.711454809087	0.645239246013	0.64572257129	0.656839052682	0.903334944418	0.70372160464	0.641855969067	0.64813919768	0.660222329628	0.695988400193	0.70130497825	0.637022716288	0.57177380377	0.603189946834	0.721121314645	0.640889318511	0.643789270179	0.552924117931	0.610439826003	0.561140647656	0.559690671822	0.596906718221	0.570807153214	0.569840502658	0.660705654906	0.646205896568	0.704688255196	0.630739487675	0.674722087965	0.647172547124	0.650072498792	0.675205413243	0.603189946834	0.609956500725	0.609956500725	0.610439826003	0.579023682939	0.671822136298	0.573707104882	0.652489125181	0.612373127115	0.637022716288
AH4	0.34026099565	0.378927017883	0.938134364427	0.592073465442	0.602706621556	0.547607539874	0.629289511841	0.533107781537	0.536491058482	0.59255679072	0.582406959884	0.552924117931	0.52537457709	0.849685838569	0.53697438376	0.0	0.540840985984	0.539874335428	0.870952150797	0.713388110198	0.633639439343	0.567907201547	0.588690188497	0.591590140164	0.850169163847	0.615273078782	0.558240695988	0.558240695988	0.582890285162	0.604639922668	0.599806669889	0.548090865152	0.551474142098	0.554857419043	0.710488158531	0.637506041566	0.586756887385	0.57177380377	0.564040599323	0.587240212663	0.545190913485	0.678105364911	0.637506041566	0.576123731271	0.607539874335	0.594006766554	0.660705654906	0.603673272112	0.678105364911	0.62493958434	0.612856452392	0.6389560174	0.553890768487	0.535041082649	0.541324311261	0.542774287095	0.511358144031	0.630256162397	0.536007733204	0.627839536008	0.555340744321	0.605606573224
AA7	0.574673755437	0.536491058482	0.971000483325	0.63653939101	0.612856452392	0.46060898985	0.672305461576	0.443209279845	0.439342677622	0.614789753504	0.445142580957	0.570807153214	0.491058482359	0.890285161914	0.609956500725	0.540840985984	0.0	0.283711938134	0.922667955534	0.767037216046	0.590623489609	0.521991300145	0.491541807637	0.494925084582	0.873852102465	0.601739971	0.457225712905	0.480908651522	0.535524407927	0.600773320445	0.526341227646	0.410826486225	0.424359594007	0.478492025133	0.70372160464	0.645239246013	0.469308844853	0.559690671822	0.486708554857	0.617689705172	0.547124214596	0.723537941034	0.688255195747	0.581923634606	0.533591106815	0.523441275979	0.655872402127	0.602223296278	0.670855485742	0.627839536008	0.592073465442	0.62493958434	0.514741420976	0.526341227646	0.519091348478	0.530691155147	0.529724504592	0.614306428226	0.545674238763	0.628322861286	0.500724987917	0.594006766554
AA8	0.568390526825	0.532141130981	0.96520057999	0.629772837119	0.593040115998	0.447075882069	0.66892218463	0.427259545674	0.42822619623	0.610439826003	0.421942967617	0.558240695988	0.475108748188	0.883518608023	0.614306428226	0.539874335428	0.283711938134	0.0	0.915418076365	0.754954084099	0.58337361044	0.508458192363	0.477525374577	0.482841952634	0.85886901885	0.585306911551	0.440792653456	0.468342194297	0.521024649589	0.587723537941	0.470275495408	0.362010633156	0.419526341228	0.471242145964	0.699371677139	0.640889318511	0.455292411793	0.553407443209	0.478975350411	0.610923151281	0.535041082649	0.726437892702	0.690671822136	0.576123731271	0.523441275979	0.512324794587	0.63653939101	0.586756887385	0.664572257129	0.61575640406	0.589173513775	0.618173030449	0.492508458192	0.523441275979	0.514741420976	0.522957950701	0.533107781537	0.597390043499	0.548090865152	0.621072982117	0.488158530691	0.584823586274
AB7	0.869502174964	0.885451909135	0.742387626873	0.731754470759	0.867085548574	0.923151280812	0.940067665539	0.928951184147	0.910101498308	0.935717738038	0.951667472209	0.885451909135	0.930884485259	0.713871435476	0.924117931368	0.870952150797	0.922667955534	0.915418076365	0.0	0.406959884002	0.811503141614	0.830836152731	0.928467858869	0.923151280812	0.736587723538	0.813436442726	0.893185113581	0.877718704688	0.740454325761	0.696471725471	0.882551957467	0.895601739971	0.925567907202	0.934267762204	0.947800869986	0.931367810536	0.948767520541	0.916384726921	0.951667472209	0.934267762204	0.93281778637	0.871918801353	0.884968583857	0.900918318028	0.956500724988	0.942967617206	0.925567907202	0.924117931368	0.933784436926	0.929434509425	0.929434509425	0.917351377477	0.911551474142	0.913484775254	0.911068148864	0.907684871919	0.913968100532	0.918318028033	0.918318028033	0.927984533591	0.94683421943	0.925084581924
AB8	0.718221362977	0.718704688255	0.744804253262	0.56935717738	0.746254229096	0.754470758821	0.773320444659	0.7593040116	0.740937651039	0.763653939101	0.78250362494	0.713388110198	0.759787336878	0.670372160464	0.762687288545	0.713388110198	0.767037216046	0.754954084099	0.406959884002	0.0	0.651039149348	0.660705654906	0.749637506042	0.743837602707	0.728854519091	0.642822619623	0.71532141131	0.698405026583	0.52779120348	0.5186080232	0.729821169647	0.730304494925	0.755437409377	0.764620589657	0.815369743838	0.769453842436	0.773320444659	0.744804253262	0.773320444659	0.763170613823	0.757854035766	0.717738037699	0.721604639923	0.728371193813	0.78927017883	0.780570323828	0.806669888835	0.760270662156	0.798453359111	0.762203963267	0.77090381827	0.781053649106	0.759787336878	0.759787336878	0.756404059932	0.754470758821	0.751087481875	0.781053649106	0.761237312711	0.760753987434	0.771387143548	0.757370710488
AC7	0.622039632673	0.65732237796	0.889318511358	0.650072498792	0.725954567424	0.579023682939	0.706138231029	0.567423876269	0.550507491542	0.665055582407	0.587723537941	0.679555340744	0.656355727405	0.81488641856	0.711454809087	0.633639439343	0.590623489609	0.58337361044	0.811503141614	0.651039149348	0.0	0.366360560657	0.564523924601	0.575640405993	0.82406959884	0.577090381827	0.534557757371	0.50700821653	0.482358627356	0.493958434026	0.566940550991	0.55099081682	0.561140647656	0.582406959884	0.802803286612	0.742387626873	0.616239729338	0.6389560174	0.611889801837	0.723054615756	0.669888835186	0.702754954084	0.683421942968	0.641372643789	0.623489608507	0.608023199613	0.813919768004	0.755920734654	0.805219913001	0.775737071049	0.751570807153	0.788303528275	0.674238762687	0.684388593523	0.672305461576	0.688255195747	0.669405509908	0.775253745771	0.672788786854	0.768003866602	0.620106331561	0.746254229096
AC8	0.584823586274	0.578540357661	0.905751570807	0.620106331561	0.680038666022	0.529724504592	0.681005316578	0.501208313195	0.49540840986	0.612373127115	0.550024166264	0.629772837119	0.588690188497	0.827936201063	0.645239246013	0.567907201547	0.521991300145	0.508458192363	0.830836152731	0.660705654906	0.366360560657	0.0	0.505558240696	0.513291445143	0.832769453842	0.551474142098	0.410826486225	0.385693571774	0.438376027066	0.485741904302	0.5186080232	0.473175447076	0.500724987917	0.515224746254	0.741904301595	0.678105364911	0.554857419043	0.582890285162	0.555340744321	0.648622522958	0.597390043499	0.6805219913	0.65055582407	0.594490091832	0.563073948768	0.553407443209	0.732237796037	0.674238762687	0.731271145481	0.703238279362	0.66892218463	0.708554857419	0.602223296278	0.608989850169	0.595940067666	0.618656355727	0.587240212663	0.695505074915	0.600289995167	0.700338327695	0.553890768487	0.671822136298
AD7	0.584340260996	0.590140164331	0.950217496375	0.653455775737	0.716288061866	0.50700821653	0.679555340744	0.496375060416	0.47462542291	0.620589656839	0.432576123731	0.652005799903	0.587723537941	0.87046882552	0.64572257129	0.588690188497	0.491541807637	0.477525374577	0.928467858869	0.749637506042	0.564523924601	0.505558240696	0.0	0.313194780087	0.885451909135	0.522957950701	0.427259545674	0.463508941518	0.511841469309	0.5601739971	0.495891735138	0.460125664572	0.47462542291	0.533591106815	0.749637506042	0.683421942968	0.50700821653	0.596906718221	0.559690671822	0.65732237796	0.608989850169	0.722087965201	0.688738521025	0.615273078782	0.56259062349	0.553407443209	0.749637506042	0.6805219913	0.74770420493	0.713388110198	0.678105364911	0.711938134364	0.614789753504	0.614789753504	0.597873368777	0.625422909618	0.593040115998	0.706621556307	0.600773320445	0.707104881585	0.570323827936	0.674238762687
AD8	0.587240212663	0.589656839053	0.946350894152	0.649105848236	0.706138231029	0.497825036249	0.676655389077	0.487191880135	0.478492025133	0.614306428226	0.457709038183	0.645239246013	0.599323344611	0.869502174964	0.656839052682	0.591590140164	0.494925084582	0.482841952634	0.923151280812	0.743837602707	0.575640405993	0.513291445143	0.313194780087	0.0	0.859352344128	0.500241662639	0.425809569841	0.473658772354	0.488158530691	0.553407443209	0.502174963751	0.476558724021	0.49540840986	0.534557757371	0.741904301595	0.677138714355	0.495891735138	0.588206863219	0.543257612373	0.647172547124	0.602706621556	0.72450459159	0.687771870469	0.603189946834	0.560657322378	0.559207346544	0.74770420493	0.678588690188	0.744804253262	0.709038182697	0.672305461576	0.706621556307	0.607056549058	0.611406476559	0.59497341711	0.618173030449	0.609956500725	0.705171580474	0.616723054616	0.702754954084	0.563557274045	0.67133881102
AE7	0.835186080232	0.871918801353	0.851619139681	0.806186563557	0.82648622523	0.890285161914	0.920251329145	0.894635089415	0.886901884969	0.916868052199	0.916868052199	0.85886901885	0.884968583857	0.826969550507	0.903334944418	0.850169163847	0.873852102465	0.85886901885	0.736587723538	0.728854519091	0.82406959884	0.832769453842	0.885451909135	0.859352344128	0.0	0.539874335428	0.873852102465	0.855969067182	0.763170613823	0.762687288545	0.838086031899	0.844369260512	0.898985016916	0.907684871919	0.936201063316	0.919768003867	0.922667955534	0.900918318028	0.916384726921	0.888351860802	0.903334944418	0.8796520058	0.878202029966	0.872402126631	0.936684388594	0.924601256646	0.89125181247	0.899951667472	0.911551474142	0.901401643306	0.901401643306	0.891735137748	0.887385210246	0.899951667472	0.900918318028	0.892218463026	0.901401643306	0.892218463026	0.899468342194	0.902368293862	0.914934751087	0.907201546641
AE8	0.599323344611	0.632672788787	0.892218463026	0.64813919768	0.691155147414	0.595456742388	0.681005316578	0.59497341711	0.593040115998	0.640405993233	0.621072982117	0.648622522958	0.632672788787	0.817786370227	0.70372160464	0.615273078782	0.601739971	0.585306911551	0.813436442726	0.642822619623	0.577090381827	0.551474142098	0.522957950701	0.500241662639	0.539874335428	0.0	0.572740454326	0.558724021266	0.520057999033	0.521024649589	0.56935717738	0.565007249879	0.60657322378	0.616723054616	0.779603673272	0.714838086032	0.626872885452	0.613823102948	0.62493958434	0.677622039633	0.64572257129	0.697921701305	0.677622039633	0.626872885452	0.6389560174	0.633639439343	0.761720637989	0.693571773804	0.766553890768	0.721604639923	0.704204929918	0.732721121315	0.662155630739	0.655389076849	0.643789270179	0.666022232963	0.65973900435	0.725954567424	0.66892218463	0.716771387144	0.621556307395	0.696471725471
AF7	0.565007249879	0.549057515708	0.935717738038	0.647655872402	0.666988883519	0.483325277912	0.687771870469	0.453359110681	0.438859352344	0.617689705172	0.441275978734	0.611406476559	0.552924117931	0.858385693572	0.641855969067	0.558240695988	0.457225712905	0.440792653456	0.893185113581	0.71532141131	0.534557757371	0.410826486225	0.427259545674	0.425809569841	0.873852102465	0.572740454326	0.0	0.316578057032	0.479942000967	0.543740937651	0.478975350411	0.45142580957	0.430159497342	0.480425326245	0.712421459642	0.644272595457	0.468342194297	0.556790720155	0.519091348478	0.624456259062	0.558724021266	0.706621556307	0.674238762687	0.577573707105	0.531174480425	0.519574673755	0.698405026583	0.638472692122	0.708554857419	0.676655389077	0.635572740454	0.670855485742	0.565007249879	0.571290478492	0.563557274045	0.586273562107	0.559207346544	0.656355727405	0.574190430159	0.670855485742	0.512808119865	0.635089415176
AF8	0.558724021266	0.556307394877	0.922184630256	0.628806186564	0.671822136298	0.482841952634	0.681488641856	0.455775737071	0.447559207347	0.610439826003	0.490091831803	0.619139681005	0.564040599323	0.843885935234	0.64813919768	0.558240695988	0.480908651522	0.468342194297	0.877718704688	0.698405026583	0.50700821653	0.385693571774	0.463508941518	0.473658772354	0.855969067182	0.558724021266	0.316578057032	0.0	0.46302561624	0.520541324311	0.519091348478	0.459642339294	0.4398260029	0.487191880135	0.71290478492	0.649589173514	0.498791686805	0.548090865152	0.525857902368	0.619139681005	0.560657322378	0.691155147414	0.65732237796	0.5601739971	0.534074432093	0.522957950701	0.696955050749	0.642822619623	0.712421459642	0.682455292412	0.637506041566	0.669405509908	0.567423876269	0.568873852102	0.56259062349	0.581923634606	0.565973900435	0.656355727405	0.576123731271	0.673755437409	0.521991300145	0.634606089899
AG7	0.586273562107	0.594006766554	0.840502658289	0.55775737071	0.667955534074	0.518124697922	0.678105364911	0.507491541808	0.488158530691	0.613823102948	0.542290961817	0.61575640406	0.595940067666	0.768003866602	0.660222329628	0.582890285162	0.535524407927	0.521024649589	0.740454325761	0.52779120348	0.482358627356	0.438376027066	0.511841469309	0.488158530691	0.763170613823	0.520057999033	0.479942000967	0.46302561624	0.0	0.298211696472	0.552440792653	0.50700821653	0.508458192363	0.549057515708	0.737071048816	0.671822136298	0.540357660706	0.563073948768	0.547124214596	0.637989366844	0.594006766554	0.671822136298	0.640405993233	0.564040599323	0.582890285162	0.58337361044	0.734171097148	0.666988883519	0.726437892702	0.693571773804	0.661672305462	0.703238279362	0.608023199613	0.609956500725	0.600773320445	0.620106331561	0.609956500725	0.691155147414	0.623489608507	0.689221846303	0.573707104882	0.65732237796
AG8	0.590623489609	0.626872885452	0.829869502175	0.587723537941	0.699855002417	0.577573707105	0.677622039633	0.572740454326	0.55099081682	0.628322861286	0.60657322378	0.649589173514	0.629772837119	0.736587723538	0.695988400193	0.604639922668	0.600773320445	0.587723537941	0.696471725471	0.5186080232	0.493958434026	0.485741904302	0.5601739971	0.553407443209	0.762687288545	0.521024649589	0.543740937651	0.520541324311	0.298211696472	0.0	0.577573707105	0.5601739971	0.579990333494	0.597873368777	0.76848719188	0.705171580474	0.593040115998	0.593523441276	0.600773320445	0.669405509908	0.627839536008	0.674238762687	0.658772353794	0.606089898502	0.623972933784	0.625906234896	0.764620589657	0.699371677139	0.759787336878	0.724021266312	0.69453842436	0.73368777187	0.656355727405	0.648622522958	0.642822619623	0.663122281295	0.648622522958	0.723054615756	0.664088931851	0.716771387144	0.614306428226	0.692605123248
AH7	0.584823586274	0.633156114065	0.949734171097	0.688255195747	0.700821652972	0.554857419043	0.705171580474	0.541807636539	0.531657805703	0.659255679072	0.52537457709	0.662638956017	0.625422909618	0.876752054132	0.70130497825	0.599806669889	0.526341227646	0.470275495408	0.882551957467	0.729821169647	0.566940550991	0.5186080232	0.495891735138	0.502174963751	0.838086031899	0.56935717738	0.478975350411	0.519091348478	0.552440792653	0.577573707105	0.0	0.321894635089	0.556790720155	0.602706621556	0.781536974384	0.717254712421	0.55099081682	0.650072498792	0.608989850169	0.681488641856	0.643305944901	0.753987433543	0.73852102465	0.664088931851	0.623489608507	0.623489608507	0.760270662156	0.718221362977	0.773803769937	0.726437892702	0.706621556307	0.740454325761	0.627839536008	0.643305944901	0.623006283229	0.647172547124	0.625906234896	0.723537941034	0.628806186564	0.723054615756	0.607056549058	0.710488158531
AH8	0.568390526825	0.568873852102	0.94683421943	0.644272595457	0.653939101015	0.503141614306	0.680038666022	0.472692121798	0.468342194297	0.610923151281	0.488158530691	0.612373127115	0.555340744321	0.865152247463	0.637022716288	0.548090865152	0.410826486225	0.362010633156	0.895601739971	0.730304494925	0.55099081682	0.473175447076	0.460125664572	0.476558724021	0.844369260512	0.565007249879	0.45142580957	0.459642339294	0.50700821653	0.5601739971	0.321894635089	0.0	0.4813919768	0.52779120348	0.749154180764	0.680038666022	0.505558240696	0.591106814886	0.552924117931	0.626389560174	0.588690188497	0.724987916868	0.690188496858	0.608023199613	0.563557274045	0.558724021266	0.711454809087	0.656355727405	0.72450459159	0.672788786854	0.649105848236	0.683421942968	0.576123731271	0.58337361044	0.573707104882	0.591590140164	0.556790720155	0.668438859352	0.574673755437	0.670372160464	0.552924117931	0.64813919768
AA5	0.580473658772	0.510391493475	0.954084098598	0.644755920735	0.60415659739	0.434992750121	0.619623006283	0.381826969551	0.391976800387	0.555824069599	0.422426292895	0.541807636539	0.51619139681	0.869985500242	0.57177380377	0.551474142098	0.424359594007	0.419526341228	0.925567907202	0.755437409377	0.561140647656	0.500724987917	0.47462542291	0.49540840986	0.898985016916	0.60657322378	0.430159497342	0.4398260029	0.508458192363	0.579990333494	0.556790720155	0.4813919768	0.0	0.330594490092	0.676655389077	0.589656839053	0.452392460126	0.466892218463	0.46302561624	0.564040599323	0.484775253746	0.635089415176	0.596906718221	0.491541807637	0.507974867086	0.477042049299	0.691155147414	0.625906234896	0.672788786854	0.644755920735	0.63653939101	0.673272112131	0.535041082649	0.567423876269	0.556307394877	0.565973900435	0.540840985984	0.65973900435	0.554857419043	0.6389560174	0.511841469309	0.62493958434
AA6	0.590623489609	0.521024649589	0.957950700822	0.654905751571	0.637022716288	0.473175447076	0.641855969067	0.435476075399	0.455292411793	0.58337361044	0.490575157081	0.579507008217	0.52779120348	0.872885451909	0.603189946834	0.554857419043	0.478492025133	0.471242145964	0.934267762204	0.764620589657	0.582406959884	0.515224746254	0.533591106815	0.534557757371	0.907684871919	0.616723054616	0.480425326245	0.487191880135	0.549057515708	0.597873368777	0.602706621556	0.52779120348	0.330594490092	0.0	0.685838569357	0.599323344611	0.500241662639	0.498308361527	0.475108748188	0.594490091832	0.509424842919	0.669888835186	0.633156114065	0.530691155147	0.460125664572	0.434026099565	0.697438376027	0.632189463509	0.68293861769	0.651039149348	0.643789270179	0.677138714355	0.547124214596	0.571290478492	0.559690671822	0.572740454326	0.547124214596	0.666988883519	0.561623972934	0.644755920735	0.519091348478	0.629772837119
AB5	0.743837602707	0.675205413243	0.968583856936	0.737071048816	0.65732237796	0.653455775737	0.741904301595	0.669888835186	0.666505558241	0.720154664089	0.66892218463	0.612373127115	0.680038666022	0.895601739971	0.721121314645	0.710488158531	0.70372160464	0.699371677139	0.947800869986	0.815369743838	0.802803286612	0.741904301595	0.749637506042	0.741904301595	0.936201063316	0.779603673272	0.712421459642	0.71290478492	0.737071048816	0.76848719188	0.781536974384	0.749154180764	0.676655389077	0.685838569357	0.0	0.333977767037	0.61575640406	0.671822136298	0.609473175447	0.6389560174	0.61333977767	0.765587240213	0.746254229096	0.663122281295	0.622522957951	0.61333977767	0.624456259062	0.623972933784	0.639922667956	0.608989850169	0.632189463509	0.62493958434	0.599323344611	0.596906718221	0.609473175447	0.60657322378	0.681005316578	0.605123247946	0.669888835186	0.607056549058	0.66892218463	0.618173030449
AB6	0.683421942968	0.589656839053	0.958917351377	0.67133881102	0.600773320445	0.574673755437	0.663122281295	0.584340260996	0.598356694055	0.642822619623	0.619139681005	0.526341227646	0.619623006283	0.884001933301	0.640889318511	0.637506041566	0.645239246013	0.640889318511	0.931367810536	0.769453842436	0.742387626873	0.678105364911	0.683421942968	0.677138714355	0.919768003867	0.714838086032	0.644272595457	0.649589173514	0.671822136298	0.705171580474	0.717254712421	0.680038666022	0.589656839053	0.599323344611	0.333977767037	0.0	0.569840502658	0.581923634606	0.549540840986	0.558724021266	0.529724504592	0.685838569357	0.659255679072	0.559207346544	0.556307394877	0.543740937651	0.593523441276	0.545190913485	0.585306911551	0.550024166264	0.553407443209	0.569840502658	0.520541324311	0.542290961817	0.551957467376	0.556790720155	0.600289995167	0.549540840986	0.590623489609	0.541324311261	0.620589656839	0.534074432093
AC5	0.597390043499	0.570323827936	0.969550507492	0.654422426293	0.638472692122	0.460125664572	0.666022232963	0.445142580957	0.424842919285	0.604639922668	0.417593040116	0.555340744321	0.538907684872	0.884001933301	0.643789270179	0.586756887385	0.469308844853	0.455292411793	0.948767520541	0.773320444659	0.616239729338	0.554857419043	0.50700821653	0.495891735138	0.922667955534	0.626872885452	0.468342194297	0.498791686805	0.540357660706	0.593040115998	0.55099081682	0.505558240696	0.452392460126	0.500241662639	0.61575640406	0.569840502658	0.0	0.449492508458	0.423876268729	0.59255679072	0.5186080232	0.716771387144	0.676172063799	0.556790720155	0.456742387627	0.455292411793	0.604639922668	0.551957467376	0.623972933784	0.575640405993	0.555824069599	0.586756887385	0.49540840986	0.492508458192	0.482841952634	0.494925084582	0.57177380377	0.577090381827	0.576607056549	0.566940550991	0.510391493475	0.551474142098
AC6	0.608989850169	0.521991300145	0.948284195263	0.639439342678	0.565007249879	0.512324794587	0.524407926535	0.480908651522	0.515708071532	0.470758820686	0.558724021266	0.517641372644	0.545190913485	0.860802319961	0.552924117931	0.57177380377	0.559690671822	0.553407443209	0.916384726921	0.744804253262	0.6389560174	0.582890285162	0.596906718221	0.588206863219	0.900918318028	0.613823102948	0.556790720155	0.548090865152	0.563073948768	0.593523441276	0.650072498792	0.591106814886	0.466892218463	0.498308361527	0.671822136298	0.581923634606	0.449492508458	0.0	0.511358144031	0.514258095698	0.478975350411	0.487191880135	0.443209279845	0.431126147898	0.551957467376	0.53939101015	0.6805219913	0.616723054616	0.663605606573	0.634606089899	0.630256162397	0.658772353794	0.573707104882	0.573707104882	0.566457225713	0.582890285162	0.552440792653	0.64572257129	0.568873852102	0.622522957951	0.544707588207	0.623006283229
AD6	0.60657322378	0.543257612373	0.969067182214	0.638472692122	0.600289995167	0.429676172064	0.61333977767	0.444175930401	0.448042532624	0.565007249879	0.450942484292	0.50459159014	0.538424359594	0.880618656356	0.610439826003	0.564040599323	0.486708554857	0.478975350411	0.951667472209	0.773320444659	0.611889801837	0.555340744321	0.559690671822	0.543257612373	0.916384726921	0.62493958434	0.519091348478	0.525857902368	0.547124214596	0.600773320445	0.608989850169	0.552924117931	0.46302561624	0.475108748188	0.609473175447	0.549540840986	0.423876268729	0.511358144031	0.0	0.557274045433	0.421942967617	0.695505074915	0.652005799903	0.54857419043	0.454809086515	0.453359110681	0.601739971	0.53939101015	0.594006766554	0.551957467376	0.549540840986	0.579990333494	0.469308844853	0.477042049299	0.468825519575	0.474142097632	0.553890768487	0.567423876269	0.555340744321	0.551957467376	0.480908651522	0.545674238763
AE5	0.639439342678	0.529241179314	0.968583856936	0.640405993233	0.550024166264	0.562107298212	0.567423876269	0.55775737071	0.608989850169	0.552924117931	0.628806186564	0.501208313195	0.580473658772	0.882068632189	0.561140647656	0.587240212663	0.617689705172	0.610923151281	0.934267762204	0.763170613823	0.723054615756	0.648622522958	0.65732237796	0.647172547124	0.888351860802	0.677622039633	0.624456259062	0.619139681005	0.637989366844	0.669405509908	0.681488641856	0.626389560174	0.564040599323	0.594490091832	0.6389560174	0.558724021266	0.59255679072	0.514258095698	0.557274045433	0.0	0.373610439826	0.604639922668	0.578057032383	0.507491541808	0.630256162397	0.623489608507	0.655389076849	0.60657322378	0.646205896568	0.609956500725	0.635572740454	0.652489125181	0.554857419043	0.581440309328	0.604639922668	0.580473658772	0.559690671822	0.633639439343	0.561140647656	0.607539874335	0.59255679072	0.614306428226
AE6	0.600289995167	0.491058482359	0.968100531658	0.632672788787	0.542290961817	0.476075398743	0.554374093765	0.47462542291	0.522957950701	0.522957950701	0.540357660706	0.490575157081	0.515224746254	0.880135331078	0.559690671822	0.545190913485	0.547124214596	0.535041082649	0.93281778637	0.757854035766	0.669888835186	0.597390043499	0.608989850169	0.602706621556	0.903334944418	0.64572257129	0.558724021266	0.560657322378	0.594006766554	0.627839536008	0.643305944901	0.588690188497	0.484775253746	0.509424842919	0.61333977767	0.529724504592	0.5186080232	0.478975350411	0.421942967617	0.373610439826	0.0	0.631222812953	0.590623489609	0.482358627356	0.550024166264	0.536007733204	0.625422909618	0.566940550991	0.614789753504	0.581923634606	0.585790236829	0.617206379894	0.493958434026	0.507974867086	0.507491541808	0.510391493475	0.519091348478	0.599323344611	0.527307878202	0.574673755437	0.511358144031	0.576123731271
AF5	0.706138231029	0.637989366844	0.933784436926	0.679555340744	0.666505558241	0.687771870469	0.546157564041	0.646205896568	0.691155147414	0.567423876269	0.729821169647	0.618173030449	0.686805219913	0.851135814403	0.596906718221	0.678105364911	0.723537941034	0.726437892702	0.871918801353	0.717738037699	0.702754954084	0.6805219913	0.722087965201	0.72450459159	0.8796520058	0.697921701305	0.706621556307	0.691155147414	0.671822136298	0.674238762687	0.753987433543	0.724987916868	0.635089415176	0.669888835186	0.765587240213	0.685838569357	0.716771387144	0.487191880135	0.695505074915	0.604639922668	0.631222812953	0.0	0.276462058966	0.534557757371	0.73368777187	0.714838086032	0.771870468826	0.716288061866	0.755437409377	0.725471242146	0.743354277429	0.764137264379	0.702754954084	0.722087965201	0.729821169647	0.722571290478	0.672788786854	0.751087481875	0.675205413243	0.717738037699	0.720154664089	0.724021266312
AF6	0.684871918801	0.59497341711	0.931367810536	0.652489125181	0.640889318511	0.648622522958	0.523924601257	0.614789753504	0.657805703238	0.529241179314	0.693571773804	0.591590140164	0.652005799903	0.848235862736	0.570807153214	0.637506041566	0.688255195747	0.690671822136	0.884968583857	0.721604639923	0.683421942968	0.65055582407	0.688738521025	0.687771870469	0.878202029966	0.677622039633	0.674238762687	0.65732237796	0.640405993233	0.658772353794	0.73852102465	0.690188496858	0.596906718221	0.633156114065	0.746254229096	0.659255679072	0.676172063799	0.443209279845	0.652005799903	0.578057032383	0.590623489609	0.276462058966	0.0	0.501208313195	0.699371677139	0.682455292412	0.748187530208	0.690188496858	0.735621072982	0.702271628806	0.707588206863	0.737071048816	0.666505558241	0.681005316578	0.68970517158	0.681488641856	0.632189463509	0.721121314645	0.632189463509	0.687288545191	0.686321894635	0.695988400193
