	AA3	AA4	AB3	AB4	AC3	AC4	AD3	AD4	AE3	AE4	AF3	AF4	AG3	AG4	AH3	AH4	AA7	AA8	AB7	AB8	AC7	AC8	AD7	AD8	AE7	AE8	AF7	AF8	AG7	AG8	AH7	AH8	AA5	AA6	AB5	AB6	AC5	AC6	AD6	AE5	AE6	AF5	AF6	AG5	AH5	AH6	AA1	AA2	AB1	AB2	AC1	AC2	AD1	AD2	AE1	AE2	AF1	AF2	AG1	AG2	AH1	AH2
AA3	0.0	0.485741904302	0.936684388594	0.635089415176	0.663605606573	0.57177380377	0.683421942968	0.58095698405	0.577090381827	0.634606089899	0.608989850169	0.605606573224	0.586273562107	0.852585790237	0.641372643789	0.337844369261	0.575157080715	0.570323827936	0.871918801353	0.701788303528	0.616723054616	0.58337361044	0.596906718221	0.587240212663	0.838086031899	0.595456742388	0.579023682939	0.555824069599	0.581440309328	0.595456742388	0.594006766554	0.552924117931	0.591106814886	0.604639922668	0.742387626873	0.685838569357	0.611889801837	0.627839536008	0.61575640406	0.616723054616	0.605123247946	0.730304494925	0.70130497825	0.629289511841	0.622039632673	0.634122764621	0.678588690188	0.661672305462	0.709038182697	0.670372160464	0.635089415176	0.664572257129	0.570323827936	0.564040599323	0.570807153214	0.556307394877	0.576607056549	0.670855485742	0.588206863219	0.653455775737	0.577573707105	0.629772837119
AA4	0.485741904302	0.0	0.942484291928	0.57177380377	0.566457225713	0.478008699855	0.607539874335	0.476558724021	0.488641855969	0.525857902368	0.53697438376	0.494441759304	0.45142580957	0.849685838569	0.360560657322	0.370227162881	0.521507974867	0.523924601257	0.895118414693	0.719188013533	0.641372643789	0.558724021266	0.579023682939	0.58095698405	0.871435476075	0.604639922668	0.53697438376	0.554374093765	0.583856935718	0.599323344611	0.621556307395	0.569840502658	0.493475108748	0.50459159014	0.656355727405	0.589173513775	0.552924117931	0.507491541808	0.528274528758	0.519574673755	0.484775253746	0.647655872402	0.600773320445	0.509424842919	0.577090381827	0.574190430159	0.640405993233	0.575157080715	0.623489608507	0.598356694055	0.577573707105	0.612856452392	0.508458192363	0.503624939584	0.522957950701	0.521507974867	0.492025132914	0.60657322378	0.507491541808	0.570807153214	0.516674722088	0.556307394877
AB3	0.936684388594	0.942484291928	0.0	0.672305461576	0.917351377477	0.949734171097	0.9584340261	0.938617689705	0.920734654422	0.947317544708	0.971000483325	0.933784436926	0.963750604157	0.34944417593	0.956500724988	0.946350894152	0.970517158047	0.968583856936	0.740454325761	0.764137264379	0.891735137748	0.898985016916	0.960367327211	0.949250845819	0.846302561624	0.898501691638	0.942000966651	0.928467858869	0.836152730788	0.832286128565	0.949734171097	0.957467375544	0.952634122765	0.958917351377	0.972450459159	0.96761720638	0.973900434993	0.954084098598	0.973417109715	0.972450459159	0.972933784437	0.932334461092	0.933784436926	0.952634122765	0.973417109715	0.971483808603	0.973417109715	0.971000483325	0.969550507492	0.971967133881	0.970033832769	0.970033832769	0.972933784437	0.972933784437	0.974383760271	0.973417109715	0.971967133881	0.971483808603	0.971967133881	0.973417109715	0.971483808603	0.971483808603
AB4	0.635089415176	0.57177380377	0.672305461576	0.0	0.648622522958	0.611406476559	0.687288545191	0.616723054616	0.605123247946	0.641372643789	0.635089415176	0.608506524891	0.48622522958	0.556307394877	0.604639922668	0.596906718221	0.637022716288	0.637989366844	0.734654422426	0.570323827936	0.653939101015	0.610439826003	0.660222329628	0.642822619623	0.790236829386	0.633639439343	0.646689221846	0.629772837119	0.53939101015	0.578057032383	0.684871918801	0.642339294345	0.632672788787	0.647172547124	0.72692121798	0.672788786854	0.649589173514	0.630739487675	0.630256162397	0.645239246013	0.62735621073	0.666505558241	0.662155630739	0.637022716288	0.681971967134	0.682455292412	0.70372160464	0.661672305462	0.698888351861	0.677622039633	0.663122281295	0.671822136298	0.628322861286	0.629289511841	0.64572257129	0.635572740454	0.64572257129	0.674238762687	0.640889318511	0.654905751571	0.645239246013	0.660705654906
AC3	0.663605606573	0.566457225713	0.917351377477	0.648622522958	0.0	0.478975350411	0.652489125181	0.557274045433	0.569840502658	0.600289995167	0.630739487675	0.332044465926	0.611406476559	0.832769453842	0.607539874335	0.612373127115	0.621556307395	0.603189946834	0.871918801353	0.744320927985	0.733204446593	0.675688738521	0.71532141131	0.721604639923	0.832769453842	0.68293861769	0.673755437409	0.678105364911	0.685838569357	0.68970517158	0.705171580474	0.662638956017	0.613823102948	0.641372643789	0.635089415176	0.594490091832	0.638472692122	0.587240212663	0.601739971	0.554374093765	0.56259062349	0.675688738521	0.656355727405	0.573223779604	0.661672305462	0.665055582407	0.60657322378	0.601739971	0.600289995167	0.585306911551	0.605123247946	0.602706621556	0.555340744321	0.58337361044	0.589656839053	0.57177380377	0.625422909618	0.59497341711	0.625422909618	0.590623489609	0.629289511841	0.597390043499
AC4	0.57177380377	0.478008699855	0.949734171097	0.611406476559	0.478975350411	0.0	0.623972933784	0.414209763171	0.415659739004	0.51377477042	0.358627356211	0.392943450942	0.500724987917	0.862735621073	0.561140647656	0.524891251812	0.468825519575	0.445142580957	0.911068148864	0.735621072982	0.588690188497	0.53697438376	0.520057999033	0.529724504592	0.885935234413	0.58095698405	0.502174963751	0.50459159014	0.541807636539	0.570323827936	0.568873852102	0.509424842919	0.448525857902	0.47462542291	0.634606089899	0.5601739971	0.471725471242	0.491541807637	0.434992750121	0.529241179314	0.470275495408	0.688255195747	0.647655872402	0.497825036249	0.498791686805	0.495891735138	0.634606089899	0.561623972934	0.603189946834	0.582406959884	0.563557274045	0.596906718221	0.486708554857	0.502658289029	0.504108264862	0.477525374577	0.538424359594	0.592073465442	0.538907684872	0.561140647656	0.479942000967	0.541807636539
AD3	0.683421942968	0.607539874335	0.9584340261	0.687288545191	0.652489125181	0.623972933784	0.0	0.542290961817	0.656839052682	0.371193813436	0.685355244079	0.600289995167	0.649105848236	0.873368777187	0.572740454326	0.651039149348	0.691155147414	0.692605123248	0.935717738038	0.760753987434	0.72692121798	0.70130497825	0.705171580474	0.702271628806	0.915901401643	0.694055099082	0.710004833253	0.699371677139	0.702754954084	0.694055099082	0.726437892702	0.693571773804	0.644272595457	0.662155630739	0.729821169647	0.65732237796	0.687288545191	0.551474142098	0.640889318511	0.584823586274	0.586273562107	0.579023682939	0.549540840986	0.559207346544	0.704688255196	0.713871435476	0.760270662156	0.698888351861	0.740454325761	0.713388110198	0.705654905752	0.724021266312	0.654905751571	0.673272112131	0.679555340744	0.652972450459	0.637989366844	0.713871435476	0.64813919768	0.697921701305	0.699371677139	0.686321894635
AD4	0.58095698405	0.476558724021	0.938617689705	0.616723054616	0.557274045433	0.414209763171	0.542290961817	0.0	0.321894635089	0.40744320928	0.422426292895	0.489608506525	0.510391493475	0.851135814403	0.536007733204	0.526341227646	0.451909134848	0.429676172064	0.927501208313	0.746254229096	0.559207346544	0.490091831803	0.485741904302	0.492025132914	0.895118414693	0.589173513775	0.450459159014	0.46060898985	0.49540840986	0.559690671822	0.543257612373	0.480425326245	0.380860318995	0.45142580957	0.665538907685	0.582890285162	0.446592556791	0.457225712905	0.440792653456	0.536491058482	0.473658772354	0.649105848236	0.603673272112	0.470758820686	0.510391493475	0.499758337361	0.675688738521	0.611889801837	0.652489125181	0.629772837119	0.611889801837	0.643305944901	0.524891251812	0.544707588207	0.548090865152	0.529724504592	0.534557757371	0.637506041566	0.542290961817	0.608506524891	0.502174963751	0.588206863219
AE3	0.577090381827	0.488641855969	0.920734654422	0.605123247946	0.569840502658	0.415659739004	0.656839052682	0.321894635089	0.0	0.514258095698	0.40744320928	0.511358144031	0.504108264862	0.838086031899	0.554374093765	0.537941034316	0.44900918318	0.425809569841	0.907684871919	0.731271145481	0.535041082649	0.472692121798	0.489608506525	0.493475108748	0.882068632189	0.584823586274	0.450942484292	0.465925567907	0.477525374577	0.547607539874	0.541807636539	0.481875302078	0.392460125665	0.457225712905	0.675205413243	0.598356694055	0.453359110681	0.500724987917	0.436442725955	0.588206863219	0.522957950701	0.69212179797	0.647655872402	0.503141614306	0.508458192363	0.491541807637	0.675688738521	0.608989850169	0.653455775737	0.635089415176	0.607539874335	0.645239246013	0.527307878202	0.540357660706	0.547607539874	0.530691155147	0.544707588207	0.637989366844	0.55099081682	0.611406476559	0.500241662639	0.587723537941
AE4	0.634606089899	0.525857902368	0.947317544708	0.641372643789	0.600289995167	0.51377477042	0.371193813436	0.40744320928	0.514258095698	0.0	0.579990333494	0.546640889319	0.570323827936	0.860802319961	0.540840985984	0.577090381827	0.590623489609	0.589173513775	0.93523441276	0.757854035766	0.651039149348	0.584823586274	0.586273562107	0.590140164331	0.916384726921	0.616723054616	0.591590140164	0.577573707105	0.576607056549	0.590623489609	0.637506041566	0.591106814886	0.52779120348	0.545190913485	0.691638472692	0.611889801837	0.573223779604	0.449975833736	0.53697438376	0.53020782987	0.514258095698	0.595456742388	0.555340744321	0.494441759304	0.607056549058	0.597873368777	0.72450459159	0.666022232963	0.709038182697	0.685355244079	0.666988883519	0.689221846303	0.601739971	0.616239729338	0.611889801837	0.601256645723	0.579990333494	0.686805219913	0.599806669889	0.665055582407	0.595456742388	0.642822619623
AF3	0.608989850169	0.53697438376	0.971000483325	0.635089415176	0.630739487675	0.358627356211	0.685355244079	0.422426292895	0.40744320928	0.579990333494	0.0	0.531657805703	0.516674722088	0.885451909135	0.594490091832	0.564040599323	0.433059449009	0.406476558724	0.952150797487	0.781536974384	0.573707104882	0.526824552924	0.432092798453	0.436926051232	0.918318028033	0.614789753504	0.435959400677	0.491058482359	0.53697438376	0.596423392943	0.519091348478	0.4813919768	0.428709521508	0.490091831803	0.678105364911	0.625422909618	0.429192846786	0.531174480425	0.442725954567	0.597390043499	0.539874335428	0.728371193813	0.686805219913	0.525857902368	0.511358144031	0.49540840986	0.680038666022	0.61333977767	0.65973900435	0.630256162397	0.605606573224	0.643305944901	0.544707588207	0.537457709038	0.54857419043	0.535524407927	0.569840502658	0.647172547124	0.569840502658	0.605123247946	0.492508458192	0.59255679072
AF4	0.605606573224	0.494441759304	0.933784436926	0.608506524891	0.332044465926	0.392943450942	0.600289995167	0.489608506525	0.511358144031	0.546640889319	0.531657805703	0.0	0.540840985984	0.848235862736	0.540840985984	0.546157564041	0.548090865152	0.535041082649	0.886418559691	0.717254712421	0.682455292412	0.620589656839	0.643305944901	0.65055582407	0.852585790237	0.631706138231	0.606089898502	0.617206379894	0.629772837119	0.632672788787	0.65055582407	0.598356694055	0.541807636539	0.564040599323	0.609956500725	0.535041082649	0.564040599323	0.526824552924	0.514741420976	0.500241662639	0.501208313195	0.641372643789	0.609473175447	0.508458192363	0.57177380377	0.572740454326	0.59255679072	0.52537457709	0.576123731271	0.549540840986	0.528274528758	0.551957467376	0.477042049299	0.501208313195	0.515708071532	0.505558240696	0.555824069599	0.551474142098	0.558724021266	0.529241179314	0.545674238763	0.512324794587
AG3	0.586273562107	0.45142580957	0.963750604157	0.48622522958	0.611406476559	0.500724987917	0.649105848236	0.510391493475	0.504108264862	0.570323827936	0.516674722088	0.540840985984	0.0	0.846785886902	0.524407926535	0.514741420976	0.480908651522	0.483325277912	0.931367810536	0.753504108265	0.653939101015	0.582406959884	0.578540357661	0.590140164331	0.892701788304	0.620589656839	0.535524407927	0.56935717738	0.590140164331	0.608506524891	0.628322861286	0.554857419043	0.500241662639	0.513291445143	0.657805703238	0.609473175447	0.537941034316	0.532141130981	0.518124697922	0.559690671822	0.504108264862	0.686321894635	0.65055582407	0.53020782987	0.564523924601	0.568390526825	0.642339294345	0.582406959884	0.626389560174	0.614306428226	0.572740454326	0.607056549058	0.510874818753	0.516674722088	0.534557757371	0.52537457709	0.53020782987	0.611406476559	0.546157564041	0.594006766554	0.49540840986	0.565490575157
AG4	0.852585790237	0.849685838569	0.34944417593	0.556307394877	0.832769453842	0.862735621073	0.873368777187	0.851135814403	0.838086031899	0.860802319961	0.885451909135	0.848235862736	0.846785886902	0.0	0.865152247463	0.85645239246	0.889801836636	0.88883518608	0.716771387144	0.691638472692	0.82165297245	0.825036249396	0.881585306912	0.871435476075	0.82406959884	0.821169647173	0.864668922185	0.852102464959	0.7593040116	0.742387626873	0.880618656356	0.873368777187	0.867085548574	0.874335427743	0.897051715805	0.887868535524	0.886901884969	0.861768970517	0.883518608023	0.883035282745	0.8796520058	0.852102464959	0.849202513291	0.86563557274	0.894635089415	0.890768487192	0.886418559691	0.884968583857	0.885935234413	0.883035282745	0.891735137748	0.883035282745	0.893185113581	0.887868535524	0.898985016916	0.888351860802	0.887868535524	0.887868535524	0.885451909135	0.887385210246	0.89125181247	0.889801836636
AH3	0.641372643789	0.360560657322	0.956500724988	0.604639922668	0.607539874335	0.561140647656	0.572740454326	0.536007733204	0.554374093765	0.540840985984	0.594490091832	0.540840985984	0.524407926535	0.865152247463	0.0	0.519574673755	0.603673272112	0.600773320445	0.923151280812	0.756404059932	0.68970517158	0.617206379894	0.634122764621	0.633156114065	0.901401643306	0.669888835186	0.620589656839	0.631706138231	0.638472692122	0.660222329628	0.677138714355	0.62735621073	0.555340744321	0.579507008217	0.713388110198	0.644755920735	0.622039632673	0.520057999033	0.594490091832	0.546640889319	0.549540840986	0.616723054616	0.567907201547	0.548090865152	0.639439342678	0.637022716288	0.705171580474	0.625906234896	0.666505558241	0.656839052682	0.634122764621	0.665538907685	0.579990333494	0.579507008217	0.592073465442	0.596423392943	0.550507491542	0.657805703238	0.5601739971	0.630739487675	0.584340260996	0.604639922668
AH4	0.337844369261	0.370227162881	0.946350894152	0.596906718221	0.612373127115	0.524891251812	0.651039149348	0.526341227646	0.537941034316	0.577090381827	0.564040599323	0.546157564041	0.514741420976	0.85645239246	0.519574673755	0.0	0.531657805703	0.535524407927	0.882551957467	0.710488158531	0.633639439343	0.572257129048	0.582406959884	0.58095698405	0.853552440793	0.59497341711	0.559207346544	0.551474142098	0.576123731271	0.594006766554	0.594490091832	0.53939101015	0.544224262929	0.551957467376	0.691638472692	0.633156114065	0.586756887385	0.579507008217	0.556307394877	0.555340744321	0.545674238763	0.691638472692	0.65732237796	0.573223779604	0.598356694055	0.593040115998	0.666505558241	0.61333977767	0.667472208797	0.622039632673	0.600773320445	0.628806186564	0.53697438376	0.528274528758	0.536491058482	0.534557757371	0.510391493475	0.625422909618	0.533107781537	0.601739971	0.53697438376	0.586273562107
AA7	0.575157080715	0.521507974867	0.970517158047	0.637022716288	0.621556307395	0.468825519575	0.691155147414	0.451909134848	0.44900918318	0.590623489609	0.433059449009	0.548090865152	0.480908651522	0.889801836636	0.603673272112	0.531657805703	0.0	0.285161913968	0.922667955534	0.75688738521	0.585306911551	0.501208313195	0.480425326245	0.49299178347	0.872402126631	0.593523441276	0.440309328178	0.477525374577	0.532624456259	0.582890285162	0.519574673755	0.418559690672	0.429676172064	0.483325277912	0.690188496858	0.643305944901	0.469308844853	0.545674238763	0.468342194297	0.586756887385	0.536491058482	0.727887868536	0.691638472692	0.556790720155	0.541807636539	0.523441275979	0.662155630739	0.611889801837	0.660222329628	0.632672788787	0.58337361044	0.621556307395	0.500724987917	0.523924601257	0.53020782987	0.510391493475	0.52779120348	0.61333977767	0.542774287095	0.61575640406	0.484775253746	0.579990333494
AA8	0.570323827936	0.523924601257	0.968583856936	0.637989366844	0.603189946834	0.445142580957	0.692605123248	0.429676172064	0.425809569841	0.589173513775	0.406476558724	0.535041082649	0.483325277912	0.88883518608	0.600773320445	0.535524407927	0.285161913968	0.0	0.926051232479	0.75688738521	0.565973900435	0.490091831803	0.468342194297	0.476075398743	0.867568873852	0.588690188497	0.432576123731	0.465925567907	0.528274528758	0.578540357661	0.4813919768	0.376510391493	0.431126147898	0.482841952634	0.685355244079	0.6389560174	0.444175930401	0.542774287095	0.464475592073	0.587723537941	0.528757854036	0.733204446593	0.694055099082	0.546640889319	0.518124697922	0.50700821653	0.651039149348	0.595456742388	0.652005799903	0.620106331561	0.573707104882	0.60657322378	0.500241662639	0.511841469309	0.521024649589	0.500724987917	0.53020782987	0.606089898502	0.538424359594	0.601739971	0.476558724021	0.568390526825
AB7	0.871918801353	0.895118414693	0.740454325761	0.734654422426	0.871918801353	0.911068148864	0.935717738038	0.927501208313	0.907684871919	0.93523441276	0.952150797487	0.886418559691	0.931367810536	0.716771387144	0.923151280812	0.882551957467	0.922667955534	0.926051232479	0.0	0.413243112615	0.811019816336	0.839536007733	0.930884485259	0.922667955534	0.728854519091	0.816819719671	0.901401643306	0.868535524408	0.740937651039	0.697438376027	0.886418559691	0.901884968584	0.919768003867	0.931851135814	0.93523441276	0.931851135814	0.948767520541	0.916868052199	0.954084098598	0.922184630256	0.925084581924	0.868535524408	0.872885451909	0.91445142581	0.960850652489	0.959400676655	0.926534557757	0.933784436926	0.930884485259	0.928467858869	0.930401159981	0.920251329145	0.920251329145	0.913484775254	0.923151280812	0.914934751087	0.91445142581	0.917834702755	0.918801353311	0.928467858869	0.948767520541	0.926534557757
AB8	0.701788303528	0.719188013533	0.764137264379	0.570323827936	0.744320927985	0.735621072982	0.760753987434	0.746254229096	0.731271145481	0.757854035766	0.781536974384	0.717254712421	0.753504108265	0.691638472692	0.756404059932	0.710488158531	0.75688738521	0.75688738521	0.413243112615	0.0	0.648622522958	0.666988883519	0.740454325761	0.730787820203	0.734171097148	0.643305944901	0.716288061866	0.676655389077	0.533107781537	0.525857902368	0.72450459159	0.732237796037	0.739487675205	0.74770420493	0.798453359111	0.752537457709	0.765587240213	0.738037699372	0.773320444659	0.742387626873	0.737554374094	0.724021266312	0.709038182697	0.736587723538	0.78250362494	0.787336877719	0.811019816336	0.74770420493	0.790720154664	0.77767037216	0.762203963267	0.770420492992	0.749154180764	0.742387626873	0.753987433543	0.739487675205	0.740454325761	0.760270662156	0.742870952151	0.753020782987	0.764620589657	0.750120831319
AC7	0.616723054616	0.641372643789	0.891735137748	0.653939101015	0.733204446593	0.588690188497	0.72692121798	0.559207346544	0.535041082649	0.651039149348	0.573707104882	0.682455292412	0.653939101015	0.82165297245	0.68970517158	0.633639439343	0.585306911551	0.565973900435	0.811019816336	0.648622522958	0.0	0.368293861769	0.57177380377	0.55099081682	0.826002899952	0.590140164331	0.541324311261	0.499275012083	0.466408893185	0.503624939584	0.564040599323	0.534074432093	0.543257612373	0.603673272112	0.799903334944	0.748670855486	0.614306428226	0.637989366844	0.608023199613	0.708554857419	0.678105364911	0.730787820203	0.706138231029	0.637989366844	0.630256162397	0.619623006283	0.820202996617	0.757370710488	0.802803286612	0.787336877719	0.73852102465	0.776703721605	0.673755437409	0.679072015466	0.682455292412	0.676172063799	0.66892218463	0.78250362494	0.671822136298	0.760270662156	0.613823102948	0.731271145481
AC8	0.58337361044	0.558724021266	0.898985016916	0.610439826003	0.675688738521	0.53697438376	0.70130497825	0.490091831803	0.472692121798	0.584823586274	0.526824552924	0.620589656839	0.582406959884	0.825036249396	0.617206379894	0.572257129048	0.501208313195	0.490091831803	0.839536007733	0.666988883519	0.368293861769	0.0	0.485258579024	0.488158530691	0.821169647173	0.536491058482	0.398743354277	0.369260512325	0.42822619623	0.479458675689	0.516674722088	0.477042049299	0.473658772354	0.520057999033	0.724021266312	0.671822136298	0.535041082649	0.559207346544	0.532624456259	0.628322861286	0.591106814886	0.689221846303	0.644755920735	0.571290478492	0.567907201547	0.547124214596	0.733204446593	0.669405509908	0.719671338811	0.708554857419	0.654905751571	0.690188496858	0.593040115998	0.595940067666	0.595940067666	0.597873368777	0.575157080715	0.694055099082	0.585306911551	0.679072015466	0.53697438376	0.643305944901
AD7	0.596906718221	0.579023682939	0.960367327211	0.660222329628	0.71532141131	0.520057999033	0.705171580474	0.485741904302	0.489608506525	0.586273562107	0.432092798453	0.643305944901	0.578540357661	0.881585306912	0.634122764621	0.582406959884	0.480425326245	0.468342194297	0.930884485259	0.740454325761	0.57177380377	0.485258579024	0.0	0.296761720638	0.896085065249	0.52537457709	0.423392943451	0.454325761237	0.498308361527	0.556790720155	0.501208313195	0.466892218463	0.484291928468	0.532624456259	0.728854519091	0.668438859352	0.496375060416	0.57177380377	0.531657805703	0.633156114065	0.598356694055	0.739004349928	0.691638472692	0.59255679072	0.552440792653	0.556307394877	0.740454325761	0.674722087965	0.731271145481	0.720154664089	0.657805703238	0.693088448526	0.600773320445	0.596423392943	0.598356694055	0.596906718221	0.593523441276	0.697438376027	0.600289995167	0.688255195747	0.547124214596	0.645239246013
AD8	0.587240212663	0.58095698405	0.949250845819	0.642822619623	0.721604639923	0.529724504592	0.702271628806	0.492025132914	0.493475108748	0.590140164331	0.436926051232	0.65055582407	0.590140164331	0.871435476075	0.633156114065	0.58095698405	0.49299178347	0.476075398743	0.922667955534	0.730787820203	0.55099081682	0.488158530691	0.296761720638	0.0	0.863702271629	0.500241662639	0.430159497342	0.453359110681	0.482841952634	0.540840985984	0.50459159014	0.473658772354	0.487675205413	0.541807636539	0.746254229096	0.68293861769	0.505074915418	0.572257129048	0.53939101015	0.643305944901	0.604639922668	0.728371193813	0.687288545191	0.577573707105	0.565490575157	0.568390526825	0.749637506042	0.684388593523	0.73852102465	0.724987916868	0.663605606573	0.704688255196	0.613823102948	0.605123247946	0.608023199613	0.605123247946	0.601739971	0.709038182697	0.610923151281	0.695988400193	0.563073948768	0.65732237796
AE7	0.838086031899	0.871435476075	0.846302561624	0.790236829386	0.832769453842	0.885935234413	0.915901401643	0.895118414693	0.882068632189	0.916384726921	0.918318028033	0.852585790237	0.892701788304	0.82406959884	0.901401643306	0.853552440793	0.872402126631	0.867568873852	0.728854519091	0.734171097148	0.826002899952	0.821169647173	0.896085065249	0.863702271629	0.0	0.549540840986	0.875302078299	0.851135814403	0.766070565491	0.768970517158	0.839052682455	0.842435959401	0.895601739971	0.908168197197	0.926534557757	0.919768003867	0.925084581924	0.901401643306	0.919768003867	0.875302078299	0.898018366361	0.876268728855	0.8796520058	0.883518608023	0.933784436926	0.932334461092	0.894635089415	0.909134847753	0.907684871919	0.900918318028	0.902368293862	0.896568390527	0.891735137748	0.895118414693	0.90043499275	0.887868535524	0.901401643306	0.895601739971	0.900918318028	0.903818269696	0.91445142581	0.903818269696
AE8	0.595456742388	0.604639922668	0.898501691638	0.633639439343	0.68293861769	0.58095698405	0.694055099082	0.589173513775	0.584823586274	0.616723054616	0.614789753504	0.631706138231	0.620589656839	0.821169647173	0.669888835186	0.59497341711	0.593523441276	0.588690188497	0.816819719671	0.643305944901	0.590140164331	0.536491058482	0.52537457709	0.500241662639	0.549540840986	0.0	0.57177380377	0.554374093765	0.525857902368	0.522474625423	0.573223779604	0.559207346544	0.594490091832	0.60657322378	0.752537457709	0.701788303528	0.630256162397	0.612856452392	0.618173030449	0.628806186564	0.626872885452	0.700821652972	0.675205413243	0.593523441276	0.631222812953	0.635572740454	0.751570807153	0.698405026583	0.743354277429	0.722571290478	0.683905268246	0.718221362977	0.6389560174	0.644272595457	0.649105848236	0.633639439343	0.638472692122	0.714838086032	0.648622522958	0.697438376027	0.605123247946	0.676655389077
AF7	0.579023682939	0.53697438376	0.942000966651	0.646689221846	0.673755437409	0.502174963751	0.710004833253	0.450459159014	0.450942484292	0.591590140164	0.435959400677	0.606089898502	0.535524407927	0.864668922185	0.620589656839	0.559207346544	0.440309328178	0.432576123731	0.901401643306	0.716288061866	0.541324311261	0.398743354277	0.423392943451	0.430159497342	0.875302078299	0.57177380377	0.0	0.329144514258	0.482841952634	0.533591106815	0.482358627356	0.475108748188	0.43740937651	0.488158530691	0.698888351861	0.641372643789	0.46302561624	0.537457709038	0.499758337361	0.610439826003	0.555824069599	0.720637989367	0.66892218463	0.552924117931	0.536007733204	0.5186080232	0.696471725471	0.628322861286	0.696471725471	0.68293861769	0.624456259062	0.656355727405	0.560657322378	0.555340744321	0.561623972934	0.560657322378	0.55775737071	0.647655872402	0.570323827936	0.655872402127	0.502658289029	0.601739971
AF8	0.555824069599	0.554374093765	0.928467858869	0.629772837119	0.678105364911	0.50459159014	0.699371677139	0.46060898985	0.465925567907	0.577573707105	0.491058482359	0.617206379894	0.56935717738	0.852102464959	0.631706138231	0.551474142098	0.477525374577	0.465925567907	0.868535524408	0.676655389077	0.499275012083	0.369260512325	0.454325761237	0.453359110681	0.851135814403	0.554374093765	0.329144514258	0.0	0.452392460126	0.500241662639	0.50459159014	0.456259062349	0.451909134848	0.520541324311	0.719671338811	0.663605606573	0.499275012083	0.546157564041	0.521024649589	0.603673272112	0.567907201547	0.700338327695	0.651522474625	0.555340744321	0.555824069599	0.545674238763	0.706138231029	0.641855969067	0.702271628806	0.693571773804	0.6389560174	0.661188980184	0.569840502658	0.569840502658	0.575157080715	0.565490575157	0.563073948768	0.665055582407	0.570807153214	0.670372160464	0.51377477042	0.615273078782
AG7	0.581440309328	0.583856935718	0.836152730788	0.53939101015	0.685838569357	0.541807636539	0.702754954084	0.49540840986	0.477525374577	0.576607056549	0.53697438376	0.629772837119	0.590140164331	0.7593040116	0.638472692122	0.576123731271	0.532624456259	0.528274528758	0.740937651039	0.533107781537	0.466408893185	0.42822619623	0.498308361527	0.482841952634	0.766070565491	0.525857902368	0.482841952634	0.452392460126	0.0	0.323344610923	0.53939101015	0.502174963751	0.502174963751	0.553890768487	0.743837602707	0.682455292412	0.536007733204	0.561623972934	0.536491058482	0.628322861286	0.596423392943	0.6805219913	0.637506041566	0.566457225713	0.590140164331	0.578057032383	0.757370710488	0.690188496858	0.737071048816	0.725471242146	0.66892218463	0.711454809087	0.61333977767	0.618173030449	0.61575640406	0.613823102948	0.617206379894	0.713871435476	0.632189463509	0.692605123248	0.573707104882	0.660705654906
AG8	0.595456742388	0.599323344611	0.832286128565	0.578057032383	0.68970517158	0.570323827936	0.694055099082	0.559690671822	0.547607539874	0.590623489609	0.596423392943	0.632672788787	0.608506524891	0.742387626873	0.660222329628	0.594006766554	0.582890285162	0.578540357661	0.697438376027	0.525857902368	0.503624939584	0.479458675689	0.556790720155	0.540840985984	0.768970517158	0.522474625423	0.533591106815	0.500241662639	0.323344610923	0.0	0.578540357661	0.552440792653	0.5601739971	0.585790236829	0.748187530208	0.688255195747	0.589656839053	0.567423876269	0.591106814886	0.642822619623	0.60657322378	0.681971967134	0.65055582407	0.584340260996	0.62493958434	0.617206379894	0.758337361044	0.687288545191	0.738037699372	0.727404543258	0.674238762687	0.710971483809	0.627839536008	0.633156114065	0.634122764621	0.631222812953	0.634606089899	0.713388110198	0.65055582407	0.69453842436	0.600773320445	0.663122281295
AH7	0.594006766554	0.621556307395	0.949734171097	0.684871918801	0.705171580474	0.568873852102	0.726437892702	0.543257612373	0.541807636539	0.637506041566	0.519091348478	0.65055582407	0.628322861286	0.880618656356	0.677138714355	0.594490091832	0.519574673755	0.4813919768	0.886418559691	0.72450459159	0.564040599323	0.516674722088	0.501208313195	0.50459159014	0.839052682455	0.573223779604	0.482358627356	0.50459159014	0.53939101015	0.578540357661	0.0	0.335427742871	0.572257129048	0.614789753504	0.774287095215	0.731271145481	0.553890768487	0.638472692122	0.595456742388	0.651522474625	0.643789270179	0.775253745771	0.74770420493	0.644755920735	0.643305944901	0.621556307395	0.765587240213	0.725954567424	0.768003866602	0.741420976317	0.695988400193	0.727404543258	0.623489608507	0.638472692122	0.632672788787	0.633639439343	0.624456259062	0.724987916868	0.637022716288	0.721121314645	0.608506524891	0.69212179797
AH8	0.552924117931	0.569840502658	0.957467375544	0.642339294345	0.662638956017	0.509424842919	0.693571773804	0.480425326245	0.481875302078	0.591106814886	0.4813919768	0.598356694055	0.554857419043	0.873368777187	0.62735621073	0.53939101015	0.418559690672	0.376510391493	0.901884968584	0.732237796037	0.534074432093	0.477042049299	0.466892218463	0.473658772354	0.842435959401	0.559207346544	0.475108748188	0.456259062349	0.502174963751	0.552440792653	0.335427742871	0.0	0.494925084582	0.540357660706	0.739004349928	0.684388593523	0.522474625423	0.578540357661	0.534074432093	0.597390043499	0.585306911551	0.72450459159	0.694055099082	0.590140164331	0.574673755437	0.564523924601	0.706621556307	0.662638956017	0.71532141131	0.687288545191	0.635572740454	0.666505558241	0.56259062349	0.577090381827	0.579023682939	0.565490575157	0.563557274045	0.666022232963	0.571290478492	0.665055582407	0.534074432093	0.631222812953
AA5	0.591106814886	0.493475108748	0.952634122765	0.632672788787	0.613823102948	0.448525857902	0.644272595457	0.380860318995	0.392460125665	0.52779120348	0.428709521508	0.541807636539	0.500241662639	0.867085548574	0.555340744321	0.544224262929	0.429676172064	0.431126147898	0.919768003867	0.739487675205	0.543257612373	0.473658772354	0.484291928468	0.487675205413	0.895601739971	0.594490091832	0.43740937651	0.451909134848	0.502174963751	0.5601739971	0.572257129048	0.494925084582	0.0	0.347994200097	0.666022232963	0.584340260996	0.463992266796	0.449492508458	0.456259062349	0.543257612373	0.485258579024	0.634122764621	0.589173513775	0.454809086515	0.512808119865	0.482841952634	0.699855002417	0.632672788787	0.67133881102	0.654422426293	0.626389560174	0.661188980184	0.525857902368	0.559690671822	0.567423876269	0.543740937651	0.532141130981	0.652972450459	0.557274045433	0.627839536008	0.502658289029	0.598356694055
AA6	0.604639922668	0.50459159014	0.958917351377	0.647172547124	0.641372643789	0.47462542291	0.662155630739	0.45142580957	0.457225712905	0.545190913485	0.490091831803	0.564040599323	0.513291445143	0.874335427743	0.579507008217	0.551957467376	0.483325277912	0.482841952634	0.931851135814	0.74770420493	0.603673272112	0.520057999033	0.532624456259	0.541807636539	0.908168197197	0.60657322378	0.488158530691	0.520541324311	0.553890768487	0.585790236829	0.614789753504	0.540357660706	0.347994200097	0.0	0.666505558241	0.585306911551	0.511358144031	0.478975350411	0.48380860319	0.56935717738	0.499758337361	0.67133881102	0.625906234896	0.497825036249	0.459642339294	0.420492991783	0.693571773804	0.629289511841	0.670372160464	0.655389076849	0.618656355727	0.654422426293	0.53020782987	0.552440792653	0.560657322378	0.537941034316	0.536491058482	0.653939101015	0.564040599323	0.621556307395	0.511841469309	0.599323344611
AB5	0.742387626873	0.656355727405	0.972450459159	0.72692121798	0.635089415176	0.634606089899	0.729821169647	0.665538907685	0.675205413243	0.691638472692	0.678105364911	0.609956500725	0.657805703238	0.897051715805	0.713388110198	0.691638472692	0.690188496858	0.685355244079	0.93523441276	0.798453359111	0.799903334944	0.724021266312	0.728854519091	0.746254229096	0.926534557757	0.752537457709	0.698888351861	0.719671338811	0.743837602707	0.748187530208	0.774287095215	0.739004349928	0.666022232963	0.666505558241	0.0	0.311261478975	0.631222812953	0.656839052682	0.62735621073	0.626872885452	0.598356694055	0.739971000483	0.722087965201	0.636056065732	0.617206379894	0.612373127115	0.618656355727	0.600773320445	0.613823102948	0.58337361044	0.605606573224	0.601739971	0.594490091832	0.599323344611	0.618656355727	0.615273078782	0.665538907685	0.582406959884	0.656839052682	0.588206863219	0.672305461576	0.603673272112
AB6	0.685838569357	0.589173513775	0.96761720638	0.672788786854	0.594490091832	0.5601739971	0.65732237796	0.582890285162	0.598356694055	0.611889801837	0.625422909618	0.535041082649	0.609473175447	0.887868535524	0.644755920735	0.633156114065	0.643305944901	0.6389560174	0.931851135814	0.752537457709	0.748670855486	0.671822136298	0.668438859352	0.68293861769	0.919768003867	0.701788303528	0.641372643789	0.663605606573	0.682455292412	0.688255195747	0.731271145481	0.684388593523	0.584340260996	0.585306911551	0.311261478975	0.0	0.576123731271	0.568390526825	0.565007249879	0.566940550991	0.531174480425	0.677622039633	0.644755920735	0.538424359594	0.553890768487	0.549057515708	0.609473175447	0.549057515708	0.595456742388	0.567907201547	0.560657322378	0.572740454326	0.533107781537	0.555824069599	0.571290478492	0.566940550991	0.598840019333	0.553890768487	0.602223296278	0.543740937651	0.628322861286	0.541324311261
AC5	0.611889801837	0.552924117931	0.973900434993	0.649589173514	0.638472692122	0.471725471242	0.687288545191	0.446592556791	0.453359110681	0.573223779604	0.429192846786	0.564040599323	0.537941034316	0.886901884969	0.622039632673	0.586756887385	0.469308844853	0.444175930401	0.948767520541	0.765587240213	0.614306428226	0.535041082649	0.496375060416	0.505074915418	0.925084581924	0.630256162397	0.46302561624	0.499275012083	0.536007733204	0.589656839053	0.553890768487	0.522474625423	0.463992266796	0.511358144031	0.631222812953	0.576123731271	0.0	0.431126147898	0.433059449009	0.580473658772	0.521024649589	0.719188013533	0.661672305462	0.520057999033	0.484775253746	0.480425326245	0.628322861286	0.572740454326	0.634606089899	0.600289995167	0.563557274045	0.598840019333	0.51377477042	0.507491541808	0.515708071532	0.503624939584	0.579507008217	0.593040115998	0.581923634606	0.570323827936	0.517641372644	0.55099081682
AC6	0.627839536008	0.507491541808	0.954084098598	0.630739487675	0.587240212663	0.491541807637	0.551474142098	0.457225712905	0.500724987917	0.449975833736	0.531174480425	0.526824552924	0.532141130981	0.861768970517	0.520057999033	0.579507008217	0.545674238763	0.542774287095	0.916868052199	0.738037699372	0.637989366844	0.559207346544	0.57177380377	0.572257129048	0.901401643306	0.612856452392	0.537457709038	0.546157564041	0.561623972934	0.567423876269	0.638472692122	0.578540357661	0.449492508458	0.478975350411	0.656839052682	0.568390526825	0.431126147898	0.0	0.503141614306	0.513291445143	0.473658772354	0.506041565974	0.454809086515	0.415176413726	0.550024166264	0.535524407927	0.674238762687	0.617206379894	0.656839052682	0.628322861286	0.610923151281	0.635089415176	0.555340744321	0.573707104882	0.575157080715	0.565490575157	0.556307394877	0.63653939101	0.571290478492	0.597873368777	0.551474142098	0.587240212663
AD6	0.61575640406	0.528274528758	0.973417109715	0.630256162397	0.601739971	0.434992750121	0.640889318511	0.440792653456	0.436442725955	0.53697438376	0.442725954567	0.514741420976	0.518124697922	0.883518608023	0.594490091832	0.556307394877	0.468342194297	0.464475592073	0.954084098598	0.773320444659	0.608023199613	0.532624456259	0.531657805703	0.53939101015	0.919768003867	0.618173030449	0.499758337361	0.521024649589	0.536491058482	0.591106814886	0.595456742388	0.534074432093	0.456259062349	0.48380860319	0.62735621073	0.565007249879	0.433059449009	0.503141614306	0.0	0.546157564041	0.428709521508	0.71290478492	0.662638956017	0.514258095698	0.479942000967	0.470758820686	0.620589656839	0.554857419043	0.59497341711	0.573223779604	0.55099081682	0.58337361044	0.476558724021	0.4813919768	0.491541807637	0.480425326245	0.556790720155	0.586756887385	0.564523924601	0.565007249879	0.49540840986	0.535041082649
AE5	0.616723054616	0.519574673755	0.972450459159	0.645239246013	0.554374093765	0.529241179314	0.584823586274	0.536491058482	0.588206863219	0.53020782987	0.597390043499	0.500241662639	0.559690671822	0.883035282745	0.546640889319	0.555340744321	0.586756887385	0.587723537941	0.922184630256	0.742387626873	0.708554857419	0.628322861286	0.633156114065	0.643305944901	0.875302078299	0.628806186564	0.610439826003	0.603673272112	0.628322861286	0.642822619623	0.651522474625	0.597390043499	0.543257612373	0.56935717738	0.626872885452	0.566940550991	0.580473658772	0.513291445143	0.546157564041	0.0	0.358144030933	0.625422909618	0.579507008217	0.501691638473	0.617689705172	0.622039632673	0.656355727405	0.602223296278	0.639922667956	0.609956500725	0.604639922668	0.631706138231	0.52537457709	0.553407443209	0.581923634606	0.536007733204	0.540357660706	0.619623006283	0.548090865152	0.587723537941	0.558724021266	0.585790236829
AE6	0.605123247946	0.484775253746	0.972933784437	0.62735621073	0.56259062349	0.470275495408	0.586273562107	0.473658772354	0.522957950701	0.514258095698	0.539874335428	0.501208313195	0.504108264862	0.8796520058	0.549540840986	0.545674238763	0.536491058482	0.528757854036	0.925084581924	0.737554374094	0.678105364911	0.591106814886	0.598356694055	0.604639922668	0.898018366361	0.626872885452	0.555824069599	0.567907201547	0.596423392943	0.60657322378	0.643789270179	0.585306911551	0.485258579024	0.499758337361	0.598356694055	0.531174480425	0.521024649589	0.473658772354	0.428709521508	0.358144030933	0.0	0.651039149348	0.60415659739	0.47462542291	0.551474142098	0.557274045433	0.637506041566	0.565007249879	0.612373127115	0.590623489609	0.575157080715	0.603673272112	0.491541807637	0.502658289029	0.512808119865	0.488641855969	0.520541324311	0.600289995167	0.544224262929	0.565490575157	0.517158047366	0.550024166264
AF5	0.730304494925	0.647655872402	0.932334461092	0.666505558241	0.675688738521	0.688255195747	0.579023682939	0.649105848236	0.69212179797	0.595456742388	0.728371193813	0.641372643789	0.686321894635	0.852102464959	0.616723054616	0.691638472692	0.727887868536	0.733204446593	0.868535524408	0.724021266312	0.730787820203	0.689221846303	0.739004349928	0.728371193813	0.876268728855	0.700821652972	0.720637989367	0.700338327695	0.6805219913	0.681971967134	0.775253745771	0.72450459159	0.634122764621	0.67133881102	0.739971000483	0.677622039633	0.719188013533	0.506041565974	0.71290478492	0.625422909618	0.651039149348	0.0	0.294345094248	0.554857419043	0.736587723538	0.726437892702	0.768970517158	0.72692121798	0.752537457709	0.730304494925	0.737071048816	0.747220879652	0.704204929918	0.727404543258	0.736587723538	0.719671338811	0.687771870469	0.731271145481	0.693088448526	0.699855002417	0.734654422426	0.722571290478
AF6	0.70130497825	0.600773320445	0.933784436926	0.662155630739	0.656355727405	0.647655872402	0.549540840986	0.603673272112	0.647655872402	0.555340744321	0.686805219913	0.609473175447	0.65055582407	0.849202513291	0.567907201547	0.65732237796	0.691638472692	0.694055099082	0.872885451909	0.709038182697	0.706138231029	0.644755920735	0.691638472692	0.687288545191	0.8796520058	0.675205413243	0.66892218463	0.651522474625	0.637506041566	0.65055582407	0.74770420493	0.694055099082	0.589173513775	0.625906234896	0.722087965201	0.644755920735	0.661672305462	0.454809086515	0.662638956017	0.579507008217	0.60415659739	0.294345094248	0.0	0.508458192363	0.686321894635	0.687288545191	0.750120831319	0.695505074915	0.727887868536	0.709521507975	0.693088448526	0.722571290478	0.663122281295	0.683421942968	0.687771870469	0.676655389077	0.6389560174	0.709038182697	0.649589173514	0.680038666022	0.685355244079	0.679072015466
