	AA3	AA4	AB3	AB4	AC3	AC4	AD3	AD4	AE3	AE4	AF3	AF4	AG3	AG4	AH3	AH4	AA7	AA8	AB7	AB8	AC7	AC8	AD7	AD8	AE7	AE8	AF7	AF8	AG7	AG8	AH7	AH8	AA5	AA6	AB5	AB6	AC5	AC6	AD6	AE5	AE6	AF5	AF6	AG5	AH5	AH6	AA1	AA2	AB1	AB2	AC1	AC2	AD1	AD2	AE1	AE2	AF1	AF2	AG1	AG2	AH1	AH2
AA3	0.0	0.492508458192	0.942000966651	0.620106331561	0.64813919768	0.584340260996	0.673272112131	0.585306911551	0.582890285162	0.625906234896	0.621556307395	0.609956500725	0.591590140164	0.852102464959	0.637022716288	0.336877718705	0.577573707105	0.573707104882	0.869018849686	0.714354760754	0.626872885452	0.572740454326	0.602223296278	0.593523441276	0.833736104398	0.603189946834	0.573223779604	0.565007249879	0.594006766554	0.582890285162	0.59497341711	0.565973900435	0.599806669889	0.605123247946	0.737554374094	0.699855002417	0.606089898502	0.626872885452	0.594490091832	0.626872885452	0.608023199613	0.70372160464	0.684388593523	0.631706138231	0.63653939101	0.623006283229	0.693088448526	0.630256162397	0.708554857419	0.663122281295	0.647172547124	0.665055582407	0.568873852102	0.578540357661	0.573223779604	0.564040599323	0.58337361044	0.655389076849	0.580473658772	0.667955534074	0.588690188497	0.653939101015
AA4	0.492508458192	0.0	0.954567423876	0.556790720155	0.563557274045	0.498791686805	0.578057032383	0.474142097632	0.509908168197	0.50700821653	0.568873852102	0.508941517641	0.491058482359	0.863702271629	0.354760753987	0.376993716771	0.542290961817	0.539874335428	0.898018366361	0.735621072982	0.658289028516	0.561623972934	0.576607056549	0.584340260996	0.881585306912	0.629772837119	0.540840985984	0.556307394877	0.602223296278	0.607539874335	0.63653939101	0.583856935718	0.507491541808	0.521991300145	0.659255679072	0.610923151281	0.569840502658	0.523441275979	0.532141130981	0.536007733204	0.49299178347	0.628806186564	0.587723537941	0.520541324311	0.602223296278	0.575640405993	0.666505558241	0.579990333494	0.635572740454	0.606089898502	0.609956500725	0.634122764621	0.544224262929	0.52779120348	0.533591106815	0.532624456259	0.505558240696	0.630256162397	0.516674722088	0.607539874335	0.532624456259	0.601739971
AB3	0.942000966651	0.954567423876	0.0	0.701788303528	0.919768003867	0.963750604157	0.966650555824	0.952634122765	0.940550990817	0.9584340261	0.981150314161	0.942967617206	0.976317061382	0.369260512325	0.969067182214	0.94683421943	0.980666988884	0.976317061382	0.747220879652	0.762203963267	0.886418559691	0.920251329145	0.967133881102	0.9584340261	0.856935717738	0.903818269696	0.950217496375	0.934751087482	0.84726921218	0.850169163847	0.956984050266	0.968100531658	0.964717254712	0.968583856936	0.980666988884	0.974383760271	0.982116964717	0.962300628323	0.982116964717	0.982116964717	0.981150314161	0.941034316095	0.952634122765	0.955534074432	0.984050265829	0.981633639439	0.982600289995	0.979700338328	0.976317061382	0.979700338328	0.981150314161	0.978250362494	0.982600289995	0.982116964717	0.982116964717	0.982116964717	0.980666988884	0.981150314161	0.978733687772	0.982116964717	0.982116964717	0.982116964717
AB4	0.620106331561	0.556790720155	0.701788303528	0.0	0.610923151281	0.589173513775	0.683421942968	0.599806669889	0.59255679072	0.61575640406	0.632189463509	0.579507008217	0.482841952634	0.588206863219	0.601256645723	0.573707104882	0.623972933784	0.61575640406	0.73368777187	0.567423876269	0.628806186564	0.598356694055	0.641372643789	0.628806186564	0.790720154664	0.614789753504	0.627839536008	0.608506524891	0.532624456259	0.557274045433	0.672788786854	0.634606089899	0.623972933784	0.642822619623	0.704204929918	0.665055582407	0.635089415176	0.622039632673	0.622522957951	0.622522957951	0.616239729338	0.657805703238	0.652972450459	0.617206379894	0.674722087965	0.663605606573	0.708071532141	0.644272595457	0.697921701305	0.664572257129	0.675688738521	0.671822136298	0.620589656839	0.627839536008	0.642339294345	0.621072982117	0.623006283229	0.672788786854	0.62493958434	0.656355727405	0.638472692122	0.660222329628
AC3	0.64813919768	0.563557274045	0.919768003867	0.610923151281	0.0	0.490575157081	0.651522474625	0.547607539874	0.552924117931	0.585790236829	0.611406476559	0.313194780087	0.597390043499	0.832769453842	0.603673272112	0.592073465442	0.609956500725	0.60415659739	0.862252295795	0.750120831319	0.712421459642	0.665538907685	0.711938134364	0.69453842436	0.828419526341	0.677138714355	0.637022716288	0.675205413243	0.663605606573	0.671822136298	0.701788303528	0.658289028516	0.599806669889	0.622039632673	0.627839536008	0.584340260996	0.625422909618	0.594490091832	0.565490575157	0.58337361044	0.55775737071	0.659255679072	0.64572257129	0.569840502658	0.651039149348	0.639439342678	0.603189946834	0.576123731271	0.576607056549	0.581923634606	0.604639922668	0.592073465442	0.532624456259	0.577090381827	0.584340260996	0.556307394877	0.614789753504	0.58095698405	0.618173030449	0.588206863219	0.608506524891	0.588206863219
AC4	0.584340260996	0.498791686805	0.963750604157	0.589173513775	0.490575157081	0.0	0.623006283229	0.395360077332	0.398743354277	0.50700821653	0.337844369261	0.417593040116	0.513291445143	0.867568873852	0.552924117931	0.512808119865	0.459159014016	0.442725954567	0.926051232479	0.757854035766	0.573223779604	0.513291445143	0.498791686805	0.500241662639	0.88883518608	0.576607056549	0.480425326245	0.521507974867	0.52537457709	0.54857419043	0.567907201547	0.515708071532	0.437892701788	0.466408893185	0.632672788787	0.576123731271	0.452875785404	0.517641372644	0.396810053166	0.564040599323	0.464958917351	0.676172063799	0.641855969067	0.51377477042	0.498791686805	0.488158530691	0.652489125181	0.561623972934	0.604639922668	0.581923634606	0.579023682939	0.61333977767	0.490575157081	0.501691638473	0.510874818753	0.510874818753	0.538907684872	0.604639922668	0.551957467376	0.579990333494	0.480908651522	0.575157080715
AD3	0.673272112131	0.578057032383	0.966650555824	0.683421942968	0.651522474625	0.623006283229	0.0	0.529724504592	0.641372643789	0.356694055099	0.674238762687	0.601256645723	0.647655872402	0.872402126631	0.559207346544	0.630739487675	0.684388593523	0.674722087965	0.937167713871	0.773320444659	0.721604639923	0.685355244079	0.686805219913	0.683905268246	0.915418076365	0.679555340744	0.692605123248	0.681971967134	0.690671822136	0.684388593523	0.713871435476	0.685355244079	0.625906234896	0.64813919768	0.722571290478	0.666022232963	0.674722087965	0.537457709038	0.623489608507	0.565973900435	0.576607056549	0.537941034316	0.511841469309	0.541324311261	0.696471725471	0.675688738521	0.765103914935	0.697921701305	0.725954567424	0.70372160464	0.70372160464	0.736587723538	0.650072498792	0.656355727405	0.666022232963	0.656839052682	0.622522957951	0.722087965201	0.634606089899	0.710004833253	0.679555340744	0.709521507975
AD4	0.585306911551	0.474142097632	0.952634122765	0.599806669889	0.547607539874	0.395360077332	0.529724504592	0.0	0.318028032866	0.401159980667	0.436926051232	0.490575157081	0.510391493475	0.855969067182	0.523441275979	0.51619139681	0.453359110681	0.441759304012	0.937167713871	0.766553890768	0.564523924601	0.484775253746	0.48380860319	0.488641855969	0.902368293862	0.592073465442	0.441759304012	0.478008699855	0.50700821653	0.549540840986	0.559690671822	0.504108264862	0.385210246496	0.435959400677	0.644272595457	0.586273562107	0.457709038183	0.482358627356	0.43740937651	0.561140647656	0.462058965684	0.642822619623	0.604639922668	0.490575157081	0.516674722088	0.495891735138	0.682455292412	0.597390043499	0.64572257129	0.625906234896	0.616723054616	0.646689221846	0.524891251812	0.511841469309	0.528274528758	0.530691155147	0.529241179314	0.637506041566	0.550024166264	0.629289511841	0.508458192363	0.61333977767
AE3	0.582890285162	0.509908168197	0.940550990817	0.59255679072	0.552924117931	0.398743354277	0.641372643789	0.318028032866	0.0	0.510874818753	0.40502658289	0.491541807637	0.511841469309	0.854035766071	0.552440792653	0.526824552924	0.437892701788	0.431126147898	0.923151280812	0.749154180764	0.550024166264	0.473175447076	0.473175447076	0.480908651522	0.891735137748	0.581440309328	0.433059449009	0.467858869019	0.485258579024	0.534074432093	0.546157564041	0.485741904302	0.414693088449	0.461575640406	0.637989366844	0.597873368777	0.425326244563	0.534074432093	0.421459642339	0.617689705172	0.524891251812	0.692605123248	0.649589173514	0.526341227646	0.491058482359	0.470275495408	0.657805703238	0.573223779604	0.629772837119	0.593040115998	0.590623489609	0.621072982117	0.508458192363	0.499758337361	0.506041565974	0.515708071532	0.550507491542	0.615273078782	0.564040599323	0.595456742388	0.498308361527	0.582406959884
AE4	0.625906234896	0.50700821653	0.9584340261	0.61575640406	0.585790236829	0.50700821653	0.356694055099	0.401159980667	0.510874818753	0.0	0.565490575157	0.53020782987	0.587723537941	0.861768970517	0.52779120348	0.554857419043	0.575157080715	0.57177380377	0.934267762204	0.763653939101	0.646205896568	0.577573707105	0.58337361044	0.576123731271	0.907684871919	0.61333977767	0.584340260996	0.577573707105	0.575157080715	0.594490091832	0.634606089899	0.587723537941	0.519574673755	0.541324311261	0.679072015466	0.622522957951	0.558724021266	0.445142580957	0.523441275979	0.526824552924	0.493475108748	0.568390526825	0.537941034316	0.478492025133	0.597873368777	0.578057032383	0.716771387144	0.639439342678	0.682455292412	0.662638956017	0.661672305462	0.682455292412	0.595456742388	0.578540357661	0.58337361044	0.588690188497	0.566457225713	0.672788786854	0.577573707105	0.665055582407	0.585790236829	0.657805703238
AF3	0.621556307395	0.568873852102	0.981150314161	0.632189463509	0.611406476559	0.337844369261	0.674238762687	0.436926051232	0.40502658289	0.565490575157	0.0	0.528757854036	0.543740937651	0.884968583857	0.605123247946	0.578540357661	0.448525857902	0.448042532624	0.95601739971	0.788786853552	0.587723537941	0.537941034316	0.444659255679	0.445142580957	0.915418076365	0.609956500725	0.444175930401	0.519574673755	0.533107781537	0.582406959884	0.528274528758	0.512808119865	0.454325761237	0.499758337361	0.662638956017	0.62735621073	0.403093281779	0.556307394877	0.441759304012	0.631706138231	0.531657805703	0.717254712421	0.68293861769	0.54857419043	0.50459159014	0.494441759304	0.673272112131	0.594006766554	0.661188980184	0.608023199613	0.606089898502	0.6389560174	0.537457709038	0.516674722088	0.526341227646	0.540357660706	0.582406959884	0.637022716288	0.593040115998	0.601739971	0.508941517641	0.599806669889
AF4	0.609956500725	0.508941517641	0.942967617206	0.579507008217	0.313194780087	0.417593040116	0.601256645723	0.490575157081	0.491541807637	0.53020782987	0.528757854036	0.0	0.543740937651	0.849685838569	0.546640889319	0.543257612373	0.558724021266	0.553407443209	0.878202029966	0.725471242146	0.683421942968	0.623006283229	0.654905751571	0.642339294345	0.842435959401	0.640405993233	0.588690188497	0.631706138231	0.630256162397	0.63653939101	0.652005799903	0.608989850169	0.549540840986	0.569840502658	0.606089898502	0.531174480425	0.566940550991	0.549057515708	0.505074915418	0.536491058482	0.499275012083	0.623006283229	0.609473175447	0.531657805703	0.579990333494	0.570807153214	0.595456742388	0.518124697922	0.565973900435	0.531174480425	0.549057515708	0.559207346544	0.481875302078	0.503624939584	0.51377477042	0.496858385694	0.564523924601	0.544707588207	0.574190430159	0.528274528758	0.556307394877	0.528274528758
AG3	0.591590140164	0.491058482359	0.976317061382	0.482841952634	0.597390043499	0.513291445143	0.647655872402	0.510391493475	0.511841469309	0.587723537941	0.543740937651	0.543740937651	0.0	0.852102464959	0.522957950701	0.539874335428	0.5186080232	0.50700821653	0.930884485259	0.761237312711	0.6805219913	0.593040115998	0.593040115998	0.605606573224	0.886901884969	0.639439342678	0.541324311261	0.589656839053	0.619139681005	0.623972933784	0.644272595457	0.579507008217	0.546157564041	0.545190913485	0.65732237796	0.619139681005	0.545190913485	0.572257129048	0.531174480425	0.582890285162	0.530691155147	0.681488641856	0.648622522958	0.564040599323	0.589173513775	0.563557274045	0.623489608507	0.549057515708	0.612856452392	0.594006766554	0.578540357661	0.59255679072	0.507491541808	0.526341227646	0.541324311261	0.519091348478	0.550507491542	0.598356694055	0.565973900435	0.586273562107	0.515224746254	0.564040599323
AG4	0.852102464959	0.863702271629	0.369260512325	0.588206863219	0.832769453842	0.867568873852	0.872402126631	0.855969067182	0.854035766071	0.861768970517	0.884968583857	0.849685838569	0.852102464959	0.0	0.879168680522	0.853552440793	0.893185113581	0.891735137748	0.721604639923	0.683905268246	0.811019816336	0.841469308845	0.882551957467	0.874818753021	0.824552924118	0.818753020783	0.869502174964	0.855485741904	0.76848719188	0.764137264379	0.889318511358	0.879168680522	0.87723537941	0.879168680522	0.898501691638	0.88883518608	0.892218463026	0.865152247463	0.889318511358	0.884968583857	0.886901884969	0.851135814403	0.861285645239	0.866602223296	0.901401643306	0.889801836636	0.886418559691	0.88883518608	0.887385210246	0.886901884969	0.894635089415	0.886901884969	0.892701788304	0.889801836636	0.897535041083	0.891735137748	0.889801836636	0.887868535524	0.887868535524	0.883518608023	0.892701788304	0.890285161914
AH3	0.637022716288	0.354760753987	0.969067182214	0.601256645723	0.603673272112	0.552924117931	0.559207346544	0.523441275979	0.552440792653	0.52779120348	0.605123247946	0.546640889319	0.522957950701	0.879168680522	0.0	0.521024649589	0.590140164331	0.589656839053	0.930401159981	0.770420492992	0.69212179797	0.618173030449	0.611889801837	0.634122764621	0.903818269696	0.678588690188	0.612373127115	0.618656355727	0.643305944901	0.654905751571	0.6805219913	0.620106331561	0.538907684872	0.566940550991	0.700338327695	0.642339294345	0.609473175447	0.534557757371	0.587240212663	0.548090865152	0.543257612373	0.602706621556	0.55775737071	0.544224262929	0.650072498792	0.617689705172	0.706138231029	0.621072982117	0.65732237796	0.649105848236	0.642822619623	0.667472208797	0.588206863219	0.589656839053	0.587723537941	0.579507008217	0.546157564041	0.664572257129	0.551957467376	0.646689221846	0.579023682939	0.623489608507
AH4	0.336877718705	0.376993716771	0.94683421943	0.573707104882	0.592073465442	0.512808119865	0.630739487675	0.51619139681	0.526824552924	0.554857419043	0.578540357661	0.543257612373	0.539874335428	0.853552440793	0.521024649589	0.0	0.542290961817	0.540840985984	0.878202029966	0.724021266312	0.618656355727	0.553890768487	0.582406959884	0.575640405993	0.847752537458	0.582406959884	0.547607539874	0.543740937651	0.570807153214	0.565973900435	0.58095698405	0.547124214596	0.546157564041	0.552440792653	0.695505074915	0.64813919768	0.580473658772	0.561140647656	0.53939101015	0.573707104882	0.526341227646	0.663605606573	0.637506041566	0.564523924601	0.603673272112	0.582890285162	0.673755437409	0.597390043499	0.658772353794	0.61575640406	0.618173030449	0.641855969067	0.546640889319	0.529241179314	0.52537457709	0.541807636539	0.522474625423	0.632189463509	0.530691155147	0.623972933784	0.533591106815	0.620106331561
AA7	0.577573707105	0.542290961817	0.980666988884	0.623972933784	0.609956500725	0.459159014016	0.684388593523	0.453359110681	0.437892701788	0.575157080715	0.448525857902	0.558724021266	0.5186080232	0.893185113581	0.590140164331	0.542290961817	0.0	0.289511841469	0.922184630256	0.763170613823	0.584340260996	0.504108264862	0.478492025133	0.488641855969	0.875785403577	0.594490091832	0.440792653456	0.480908651522	0.523441275979	0.570807153214	0.521507974867	0.408409859836	0.43064282262	0.476558724021	0.693088448526	0.660705654906	0.467375543741	0.565490575157	0.476558724021	0.616723054616	0.538424359594	0.713388110198	0.686321894635	0.572257129048	0.539874335428	0.518124697922	0.651522474625	0.59497341711	0.661188980184	0.622039632673	0.591590140164	0.618173030449	0.501691638473	0.514741420976	0.518124697922	0.515708071532	0.543740937651	0.602706621556	0.550024166264	0.631706138231	0.488641855969	0.605123247946
AA8	0.573707104882	0.539874335428	0.976317061382	0.61575640406	0.60415659739	0.442725954567	0.674722087965	0.441759304012	0.431126147898	0.57177380377	0.448042532624	0.553407443209	0.50700821653	0.891735137748	0.589656839053	0.540840985984	0.289511841469	0.0	0.916384726921	0.750120831319	0.578540357661	0.491541807637	0.478975350411	0.485741904302	0.861285645239	0.575640405993	0.438859352344	0.473658772354	0.510874818753	0.561623972934	0.492508458192	0.371193813436	0.444175930401	0.488641855969	0.690671822136	0.65732237796	0.466408893185	0.567907201547	0.467858869019	0.612856452392	0.529724504592	0.713871435476	0.683421942968	0.56259062349	0.532141130981	0.513291445143	0.645239246013	0.575640405993	0.652489125181	0.616239729338	0.581923634606	0.61333977767	0.500241662639	0.506041565974	0.510391493475	0.506041565974	0.539874335428	0.595940067666	0.547124214596	0.623489608507	0.484291928468	0.584340260996
AB7	0.869018849686	0.898018366361	0.747220879652	0.73368777187	0.862252295795	0.926051232479	0.937167713871	0.937167713871	0.923151280812	0.934267762204	0.95601739971	0.878202029966	0.930884485259	0.721604639923	0.930401159981	0.878202029966	0.922184630256	0.916384726921	0.0	0.415176413726	0.80328661189	0.853552440793	0.936684388594	0.924601256646	0.742870952151	0.827936201063	0.885451909135	0.86805219913	0.731754470759	0.721121314645	0.884485258579	0.90285161914	0.929434509425	0.938134364427	0.942000966651	0.93281778637	0.947317544708	0.924117931368	0.949734171097	0.927017883035	0.930884485259	0.866118898018	0.878685355244	0.904301594973	0.959400676655	0.949250845819	0.928467858869	0.922184630256	0.928467858869	0.929434509425	0.930884485259	0.914934751087	0.917351377477	0.920734654422	0.913484775254	0.916384726921	0.918318028033	0.913484775254	0.91445142581	0.931851135814	0.950700821653	0.928467858869
AB8	0.714354760754	0.735621072982	0.762203963267	0.567423876269	0.750120831319	0.757854035766	0.773320444659	0.766553890768	0.749154180764	0.763653939101	0.788786853552	0.725471242146	0.761237312711	0.683905268246	0.770420492992	0.724021266312	0.763170613823	0.750120831319	0.415176413726	0.0	0.641372643789	0.681488641856	0.761237312711	0.751087481875	0.730304494925	0.653455775737	0.706621556307	0.686805219913	0.53939101015	0.547607539874	0.732237796037	0.73852102465	0.766553890768	0.772353794103	0.809569840503	0.772353794103	0.771387143548	0.752537457709	0.775253745771	0.756404059932	0.757854035766	0.720154664089	0.723537941034	0.734171097148	0.792653455776	0.778153697438	0.826969550507	0.759787336878	0.785403576607	0.767520541324	0.773803769937	0.779603673272	0.760270662156	0.754470758821	0.757370710488	0.755920734654	0.754954084099	0.775253745771	0.755920734654	0.771387143548	0.777187046883	0.762203963267
AC7	0.626872885452	0.658289028516	0.886418559691	0.628806186564	0.712421459642	0.573223779604	0.721604639923	0.564523924601	0.550024166264	0.646205896568	0.587723537941	0.683421942968	0.6805219913	0.811019816336	0.69212179797	0.618656355727	0.584340260996	0.578540357661	0.80328661189	0.641372643789	0.0	0.379410343161	0.577573707105	0.565973900435	0.808119864669	0.569840502658	0.555824069599	0.512324794587	0.458675688739	0.479942000967	0.569840502658	0.563073948768	0.5601739971	0.601739971	0.794586756887	0.757854035766	0.619139681005	0.646689221846	0.605123247946	0.721604639923	0.661672305462	0.700338327695	0.693571773804	0.640889318511	0.634606089899	0.625906234896	0.819719671339	0.742387626873	0.795070082165	0.768970517158	0.748670855486	0.776703721605	0.675205413243	0.658772353794	0.66892218463	0.677138714355	0.668438859352	0.778153697438	0.670855485742	0.763653939101	0.62493958434	0.753504108265
AC8	0.572740454326	0.561623972934	0.920251329145	0.598356694055	0.665538907685	0.513291445143	0.685355244079	0.484775253746	0.473175447076	0.577573707105	0.537941034316	0.623006283229	0.593040115998	0.841469308845	0.618173030449	0.553890768487	0.504108264862	0.491541807637	0.853552440793	0.681488641856	0.379410343161	0.0	0.481875302078	0.4813919768	0.839536007733	0.53939101015	0.406476558724	0.363943934268	0.440309328178	0.466892218463	0.529724504592	0.488158530691	0.479942000967	0.510391493475	0.713871435476	0.6805219913	0.537941034316	0.570807153214	0.532141130981	0.637989366844	0.578540357661	0.672788786854	0.63653939101	0.565973900435	0.563073948768	0.549540840986	0.739487675205	0.64813919768	0.718704688255	0.694055099082	0.664572257129	0.693571773804	0.594006766554	0.578057032383	0.585790236829	0.601739971	0.57177380377	0.695988400193	0.582890285162	0.690188496858	0.53697438376	0.661188980184
AD7	0.602223296278	0.576607056549	0.967133881102	0.641372643789	0.711938134364	0.498791686805	0.686805219913	0.48380860319	0.473175447076	0.58337361044	0.444659255679	0.654905751571	0.593040115998	0.882551957467	0.611889801837	0.582406959884	0.478492025133	0.478975350411	0.936684388594	0.761237312711	0.577573707105	0.481875302078	0.0	0.29627839536	0.900918318028	0.521991300145	0.426292895118	0.463992266796	0.493958434026	0.546157564041	0.506524891252	0.4813919768	0.478975350411	0.526824552924	0.725954567424	0.687288545191	0.485741904302	0.586273562107	0.535041082649	0.643789270179	0.589173513775	0.719671338811	0.687771870469	0.591590140164	0.555824069599	0.54857419043	0.750120831319	0.65973900435	0.734654422426	0.699855002417	0.67133881102	0.696955050749	0.609956500725	0.588690188497	0.592073465442	0.611889801837	0.578057032383	0.699371677139	0.589656839053	0.696955050749	0.557274045433	0.669405509908
AD8	0.593523441276	0.584340260996	0.9584340261	0.628806186564	0.69453842436	0.500241662639	0.683905268246	0.488641855969	0.480908651522	0.576123731271	0.445142580957	0.642339294345	0.605606573224	0.874818753021	0.634122764621	0.575640405993	0.488641855969	0.485741904302	0.924601256646	0.751087481875	0.565973900435	0.4813919768	0.29627839536	0.0	0.86563557274	0.490091831803	0.424842919285	0.46302561624	0.466892218463	0.518124697922	0.498791686805	0.493958434026	0.500241662639	0.532624456259	0.724021266312	0.682455292412	0.479942000967	0.57177380377	0.530691155147	0.640405993233	0.582890285162	0.713388110198	0.679555340744	0.577090381827	0.551474142098	0.556790720155	0.743354277429	0.655872402127	0.727404543258	0.689221846303	0.662155630739	0.689221846303	0.600773320445	0.584823586274	0.587723537941	0.60415659739	0.590140164331	0.690671822136	0.600289995167	0.687288545191	0.559690671822	0.664088931851
AE7	0.833736104398	0.881585306912	0.856935717738	0.790720154664	0.828419526341	0.88883518608	0.915418076365	0.902368293862	0.891735137748	0.907684871919	0.915418076365	0.842435959401	0.886901884969	0.824552924118	0.903818269696	0.847752537458	0.875785403577	0.861285645239	0.742870952151	0.730304494925	0.808119864669	0.839536007733	0.900918318028	0.86563557274	0.0	0.550024166264	0.864668922185	0.852585790237	0.763170613823	0.763170613823	0.837602706622	0.848719188014	0.903334944418	0.90961817303	0.929917834703	0.916868052199	0.922184630256	0.905751570807	0.910101498308	0.876752054132	0.899951667472	0.875302078299	0.883518608023	0.876268728855	0.940067665539	0.92363460609	0.89125181247	0.904784920251	0.906718221363	0.893185113581	0.904301594973	0.895601739971	0.893668438859	0.899468342194	0.901884968584	0.885935234413	0.905751570807	0.889318511358	0.899951667472	0.904784920251	0.915418076365	0.898501691638
AE8	0.603189946834	0.629772837119	0.903818269696	0.614789753504	0.677138714355	0.576607056549	0.679555340744	0.592073465442	0.581440309328	0.61333977767	0.609956500725	0.640405993233	0.639439342678	0.818753020783	0.678588690188	0.582406959884	0.594490091832	0.575640405993	0.827936201063	0.653455775737	0.569840502658	0.53939101015	0.521991300145	0.490091831803	0.550024166264	0.0	0.556790720155	0.544707588207	0.510391493475	0.497825036249	0.568390526825	0.562107298212	0.596906718221	0.606089898502	0.748187530208	0.712421459642	0.616723054616	0.603189946834	0.60415659739	0.648622522958	0.616239729338	0.68293861769	0.672788786854	0.591106814886	0.634122764621	0.62493958434	0.757854035766	0.68293861769	0.74770420493	0.70130497825	0.700821652972	0.732237796037	0.651522474625	0.633156114065	0.640405993233	0.649589173514	0.639439342678	0.720637989367	0.651522474625	0.712421459642	0.618173030449	0.695988400193
AF7	0.573223779604	0.540840985984	0.950217496375	0.627839536008	0.637022716288	0.480425326245	0.692605123248	0.441759304012	0.433059449009	0.584340260996	0.444175930401	0.588690188497	0.541324311261	0.869502174964	0.612373127115	0.547607539874	0.440792653456	0.438859352344	0.885451909135	0.706621556307	0.555824069599	0.406476558724	0.426292895118	0.424842919285	0.864668922185	0.556790720155	0.0	0.3194780087	0.466892218463	0.51377477042	0.480425326245	0.479942000967	0.449492508458	0.478492025133	0.67133881102	0.63653939101	0.444175930401	0.553890768487	0.494925084582	0.617689705172	0.524891251812	0.697438376027	0.664572257129	0.549540840986	0.523924601257	0.511841469309	0.667955534074	0.581923634606	0.665538907685	0.640405993233	0.599323344611	0.622522957951	0.544224262929	0.524407926535	0.53020782987	0.548090865152	0.549540840986	0.621556307395	0.568873852102	0.639439342678	0.494925084582	0.600773320445
AF8	0.565007249879	0.556307394877	0.934751087482	0.608506524891	0.675205413243	0.521507974867	0.681971967134	0.478008699855	0.467858869019	0.577573707105	0.519574673755	0.631706138231	0.589656839053	0.855485741904	0.618656355727	0.543740937651	0.480908651522	0.473658772354	0.86805219913	0.686805219913	0.512324794587	0.363943934268	0.463992266796	0.46302561624	0.852585790237	0.544707588207	0.3194780087	0.0	0.440792653456	0.485258579024	0.510874818753	0.468825519575	0.478008699855	0.515224746254	0.712421459642	0.678105364911	0.511358144031	0.564523924601	0.529724504592	0.613823102948	0.565490575157	0.674722087965	0.643305944901	0.566457225713	0.564040599323	0.550507491542	0.710004833253	0.623006283229	0.70372160464	0.681971967134	0.645239246013	0.669405509908	0.575640405993	0.559207346544	0.567423876269	0.584340260996	0.54857419043	0.664572257129	0.56259062349	0.679555340744	0.52779120348	0.639922667956
AG7	0.594006766554	0.602223296278	0.84726921218	0.532624456259	0.663605606573	0.52537457709	0.690671822136	0.50700821653	0.485258579024	0.575157080715	0.533107781537	0.630256162397	0.619139681005	0.76848719188	0.643305944901	0.570807153214	0.523441275979	0.510874818753	0.731754470759	0.53939101015	0.458675688739	0.440309328178	0.493958434026	0.466892218463	0.763170613823	0.510391493475	0.466892218463	0.440792653456	0.0	0.314644755921	0.542290961817	0.509908168197	0.51377477042	0.552440792653	0.730304494925	0.686805219913	0.531657805703	0.576123731271	0.551474142098	0.638472692122	0.584340260996	0.652489125181	0.629772837119	0.570807153214	0.576123731271	0.579507008217	0.753987433543	0.65973900435	0.729821169647	0.699855002417	0.669405509908	0.706138231029	0.608023199613	0.598840019333	0.607539874335	0.616239729338	0.610923151281	0.706621556307	0.626872885452	0.695505074915	0.580473658772	0.672788786854
AG8	0.582890285162	0.607539874335	0.850169163847	0.557274045433	0.671822136298	0.54857419043	0.684388593523	0.549540840986	0.534074432093	0.594490091832	0.582406959884	0.63653939101	0.623972933784	0.764137264379	0.654905751571	0.565973900435	0.570807153214	0.561623972934	0.721121314645	0.547607539874	0.479942000967	0.466892218463	0.546157564041	0.518124697922	0.763170613823	0.497825036249	0.51377477042	0.485258579024	0.314644755921	0.0	0.559207346544	0.543740937651	0.559207346544	0.579507008217	0.746737554374	0.702271628806	0.576607056549	0.584823586274	0.568390526825	0.646205896568	0.592073465442	0.653455775737	0.644755920735	0.584823586274	0.602706621556	0.605123247946	0.766553890768	0.676172063799	0.748670855486	0.710004833253	0.69212179797	0.716288061866	0.629772837119	0.618173030449	0.625422909618	0.636056065732	0.630256162397	0.719188013533	0.643305944901	0.705171580474	0.607539874335	0.687288545191
AH7	0.59497341711	0.63653939101	0.956984050266	0.672788786854	0.701788303528	0.567907201547	0.713871435476	0.559690671822	0.546157564041	0.634606089899	0.528274528758	0.652005799903	0.644272595457	0.889318511358	0.6805219913	0.58095698405	0.521507974867	0.492508458192	0.884485258579	0.732237796037	0.569840502658	0.529724504592	0.506524891252	0.498791686805	0.837602706622	0.568390526825	0.480425326245	0.510874818753	0.542290961817	0.559207346544	0.0	0.347027549541	0.578057032383	0.61333977767	0.771387143548	0.739971000483	0.547607539874	0.647655872402	0.600289995167	0.671822136298	0.633156114065	0.757370710488	0.742870952151	0.652005799903	0.628806186564	0.628322861286	0.771387143548	0.70372160464	0.760753987434	0.722087965201	0.704204929918	0.728371193813	0.630256162397	0.625422909618	0.618173030449	0.636056065732	0.629772837119	0.734171097148	0.630739487675	0.722571290478	0.617689705172	0.716288061866
AH8	0.565973900435	0.583856935718	0.968100531658	0.634606089899	0.658289028516	0.515708071532	0.685355244079	0.504108264862	0.485741904302	0.587723537941	0.512808119865	0.608989850169	0.579507008217	0.879168680522	0.620106331561	0.547124214596	0.408409859836	0.371193813436	0.90285161914	0.73852102465	0.563073948768	0.488158530691	0.4813919768	0.493958434026	0.848719188014	0.562107298212	0.479942000967	0.468825519575	0.509908168197	0.543740937651	0.347027549541	0.0	0.506524891252	0.539874335428	0.729337844369	0.695988400193	0.521507974867	0.59497341711	0.538907684872	0.615273078782	0.577573707105	0.715804736588	0.685355244079	0.598840019333	0.580473658772	0.560657322378	0.706138231029	0.643305944901	0.707588206863	0.662155630739	0.647172547124	0.667955534074	0.564040599323	0.568390526825	0.568873852102	0.572740454326	0.565973900435	0.666022232963	0.564040599323	0.662638956017	0.547607539874	0.653939101015
AA5	0.599806669889	0.507491541808	0.964717254712	0.623972933784	0.599806669889	0.437892701788	0.625906234896	0.385210246496	0.414693088449	0.519574673755	0.454325761237	0.549540840986	0.546157564041	0.87723537941	0.538907684872	0.546157564041	0.43064282262	0.444175930401	0.929434509425	0.766553890768	0.5601739971	0.479942000967	0.478975350411	0.500241662639	0.903334944418	0.596906718221	0.449492508458	0.478008699855	0.51377477042	0.559207346544	0.578057032383	0.506524891252	0.0	0.333494441759	0.666988883519	0.605123247946	0.47220879652	0.46979217013	0.462058965684	0.570323827936	0.475592073465	0.620589656839	0.58337361044	0.473175447076	0.521507974867	0.480425326245	0.708071532141	0.623972933784	0.672788786854	0.646205896568	0.640405993233	0.674722087965	0.536491058482	0.546157564041	0.55775737071	0.551957467376	0.539874335428	0.666022232963	0.560657322378	0.647172547124	0.501691638473	0.62493958434
AA6	0.605123247946	0.521991300145	0.968583856936	0.642822619623	0.622039632673	0.466408893185	0.64813919768	0.435959400677	0.461575640406	0.541324311261	0.499758337361	0.569840502658	0.545190913485	0.879168680522	0.566940550991	0.552440792653	0.476558724021	0.488641855969	0.938134364427	0.772353794103	0.601739971	0.510391493475	0.526824552924	0.532624456259	0.90961817303	0.606089898502	0.478492025133	0.515224746254	0.552440792653	0.579507008217	0.61333977767	0.539874335428	0.333494441759	0.0	0.658772353794	0.590140164331	0.500724987917	0.498791686805	0.47462542291	0.596423392943	0.491058482359	0.653455775737	0.617689705172	0.511358144031	0.453359110681	0.423876268729	0.699371677139	0.61575640406	0.664572257129	0.644272595457	0.629289511841	0.663605606573	0.538424359594	0.540357660706	0.54857419043	0.547124214596	0.54857419043	0.653939101015	0.565007249879	0.642822619623	0.512324794587	0.616239729338
AB5	0.737554374094	0.659255679072	0.980666988884	0.704204929918	0.627839536008	0.632672788787	0.722571290478	0.644272595457	0.637989366844	0.679072015466	0.662638956017	0.606089898502	0.65732237796	0.898501691638	0.700338327695	0.695505074915	0.693088448526	0.690671822136	0.942000966651	0.809569840503	0.794586756887	0.713871435476	0.725954567424	0.724021266312	0.929917834703	0.748187530208	0.67133881102	0.712421459642	0.730304494925	0.746737554374	0.771387143548	0.729337844369	0.666988883519	0.658772353794	0.0	0.300144997583	0.621072982117	0.659255679072	0.612856452392	0.639439342678	0.605606573224	0.731754470759	0.714838086032	0.625906234896	0.616239729338	0.601739971	0.621556307395	0.601256645723	0.616239729338	0.591590140164	0.61575640406	0.61333977767	0.578057032383	0.579023682939	0.608989850169	0.593040115998	0.659255679072	0.597873368777	0.662155630739	0.595456742388	0.65973900435	0.605606573224
AB6	0.699855002417	0.610923151281	0.974383760271	0.665055582407	0.584340260996	0.576123731271	0.666022232963	0.586273562107	0.597873368777	0.622522957951	0.62735621073	0.531174480425	0.619139681005	0.88883518608	0.642339294345	0.64813919768	0.660705654906	0.65732237796	0.93281778637	0.772353794103	0.757854035766	0.6805219913	0.687288545191	0.682455292412	0.916868052199	0.712421459642	0.63653939101	0.678105364911	0.686805219913	0.702271628806	0.739971000483	0.695988400193	0.605123247946	0.590140164331	0.300144997583	0.0	0.582890285162	0.589656839053	0.575157080715	0.579990333494	0.545190913485	0.670855485742	0.648622522958	0.547124214596	0.566940550991	0.54857419043	0.603673272112	0.547607539874	0.570323827936	0.546640889319	0.56935717738	0.585790236829	0.536491058482	0.550507491542	0.577573707105	0.559690671822	0.614789753504	0.564523924601	0.622039632673	0.55099081682	0.630256162397	0.54857419043
AC5	0.606089898502	0.569840502658	0.982116964717	0.635089415176	0.625422909618	0.452875785404	0.674722087965	0.457709038183	0.425326244563	0.558724021266	0.403093281779	0.566940550991	0.545190913485	0.892218463026	0.609473175447	0.580473658772	0.467375543741	0.466408893185	0.947317544708	0.771387143548	0.619139681005	0.537941034316	0.485741904302	0.479942000967	0.922184630256	0.616723054616	0.444175930401	0.511358144031	0.531657805703	0.576607056549	0.547607539874	0.521507974867	0.47220879652	0.500724987917	0.621072982117	0.582890285162	0.0	0.453359110681	0.434026099565	0.596906718221	0.511358144031	0.70130497825	0.663122281295	0.537941034316	0.48380860319	0.47462542291	0.625422909618	0.557274045433	0.627839536008	0.588690188497	0.578057032383	0.601739971	0.510391493475	0.489608506525	0.497341710971	0.503141614306	0.571290478492	0.596906718221	0.582890285162	0.584823586274	0.521024649589	0.570807153214
AC6	0.626872885452	0.523441275979	0.962300628323	0.622039632673	0.594490091832	0.517641372644	0.537457709038	0.482358627356	0.534074432093	0.445142580957	0.556307394877	0.549057515708	0.572257129048	0.865152247463	0.534557757371	0.561140647656	0.565490575157	0.567907201547	0.924117931368	0.752537457709	0.646689221846	0.570807153214	0.586273562107	0.57177380377	0.905751570807	0.603189946834	0.553890768487	0.564523924601	0.576123731271	0.584823586274	0.647655872402	0.59497341711	0.46979217013	0.498791686805	0.659255679072	0.589656839053	0.453359110681	0.0	0.526341227646	0.526824552924	0.484291928468	0.48380860319	0.452875785404	0.426292895118	0.566457225713	0.544224262929	0.696955050749	0.619139681005	0.663605606573	0.637506041566	0.646689221846	0.669405509908	0.586273562107	0.576123731271	0.580473658772	0.586273562107	0.570323827936	0.662638956017	0.585306911551	0.634122764621	0.565973900435	0.635089415176
AD6	0.594490091832	0.532141130981	0.982116964717	0.622522957951	0.565490575157	0.396810053166	0.623489608507	0.43740937651	0.421459642339	0.523441275979	0.441759304012	0.505074915418	0.531174480425	0.889318511358	0.587240212663	0.53939101015	0.476558724021	0.467858869019	0.949734171097	0.775253745771	0.605123247946	0.532141130981	0.535041082649	0.530691155147	0.910101498308	0.60415659739	0.494925084582	0.529724504592	0.551474142098	0.568390526825	0.600289995167	0.538907684872	0.462058965684	0.47462542291	0.612856452392	0.575157080715	0.434026099565	0.526341227646	0.0	0.546640889319	0.415176413726	0.690671822136	0.655389076849	0.530691155147	0.469308844853	0.459642339294	0.613823102948	0.534557757371	0.592073465442	0.559690671822	0.558240695988	0.590140164331	0.464958917351	0.461575640406	0.478492025133	0.474142097632	0.537941034316	0.577573707105	0.549540840986	0.565007249879	0.479942000967	0.548090865152
AE5	0.626872885452	0.536007733204	0.982116964717	0.622522957951	0.58337361044	0.564040599323	0.565973900435	0.561140647656	0.617689705172	0.526824552924	0.631706138231	0.536491058482	0.582890285162	0.884968583857	0.548090865152	0.573707104882	0.616723054616	0.612856452392	0.927017883035	0.756404059932	0.721604639923	0.637989366844	0.643789270179	0.640405993233	0.876752054132	0.648622522958	0.617689705172	0.613823102948	0.638472692122	0.646205896568	0.671822136298	0.615273078782	0.570323827936	0.596423392943	0.639439342678	0.579990333494	0.596906718221	0.526824552924	0.546640889319	0.0	0.358627356211	0.602223296278	0.568390526825	0.529241179314	0.639439342678	0.626872885452	0.666988883519	0.602706621556	0.638472692122	0.611406476559	0.625422909618	0.647655872402	0.546640889319	0.578057032383	0.602706621556	0.570323827936	0.551474142098	0.637022716288	0.562107298212	0.618656355727	0.584823586274	0.610439826003
AE6	0.608023199613	0.49299178347	0.981150314161	0.616239729338	0.55775737071	0.464958917351	0.576607056549	0.462058965684	0.524891251812	0.493475108748	0.531657805703	0.499275012083	0.530691155147	0.886901884969	0.543257612373	0.526341227646	0.538424359594	0.529724504592	0.930884485259	0.757854035766	0.661672305462	0.578540357661	0.589173513775	0.582890285162	0.899951667472	0.616239729338	0.524891251812	0.565490575157	0.584340260996	0.592073465442	0.633156114065	0.577573707105	0.475592073465	0.491058482359	0.605606573224	0.545190913485	0.511358144031	0.484291928468	0.415176413726	0.358627356211	0.0	0.637506041566	0.59497341711	0.469308844853	0.540840985984	0.52779120348	0.646205896568	0.570807153214	0.61575640406	0.584823586274	0.592073465442	0.620589656839	0.497341710971	0.495891735138	0.515224746254	0.511841469309	0.52779120348	0.605606573224	0.550024166264	0.584823586274	0.505074915418	0.58337361044
AF5	0.70372160464	0.628806186564	0.941034316095	0.657805703238	0.659255679072	0.676172063799	0.537941034316	0.642822619623	0.692605123248	0.568390526825	0.717254712421	0.623006283229	0.681488641856	0.851135814403	0.602706621556	0.663605606573	0.713388110198	0.713871435476	0.866118898018	0.720154664089	0.700338327695	0.672788786854	0.719671338811	0.713388110198	0.875302078299	0.68293861769	0.697438376027	0.674722087965	0.652489125181	0.653455775737	0.757370710488	0.715804736588	0.620589656839	0.653455775737	0.731754470759	0.670855485742	0.70130497825	0.48380860319	0.690671822136	0.602223296278	0.637506041566	0.0	0.291928467859	0.529241179314	0.723054615756	0.698888351861	0.766553890768	0.707104881585	0.739971000483	0.716771387144	0.739487675205	0.757854035766	0.685838569357	0.708554857419	0.721604639923	0.699371677139	0.661672305462	0.74770420493	0.66892218463	0.714354760754	0.706138231029	0.711938134364
AF6	0.684388593523	0.587723537941	0.952634122765	0.652972450459	0.64572257129	0.641855969067	0.511841469309	0.604639922668	0.649589173514	0.537941034316	0.68293861769	0.609473175447	0.648622522958	0.861285645239	0.55775737071	0.637506041566	0.686321894635	0.683421942968	0.878685355244	0.723537941034	0.693571773804	0.63653939101	0.687771870469	0.679555340744	0.883518608023	0.672788786854	0.664572257129	0.643305944901	0.629772837119	0.644755920735	0.742870952151	0.685355244079	0.58337361044	0.617689705172	0.714838086032	0.648622522958	0.663122281295	0.452875785404	0.655389076849	0.568390526825	0.59497341711	0.291928467859	0.0	0.496858385694	0.687771870469	0.666022232963	0.757854035766	0.69212179797	0.718704688255	0.695505074915	0.696471725471	0.73368777187	0.65973900435	0.674722087965	0.686321894635	0.669888835186	0.633156114065	0.717254712421	0.63653939101	0.69212179797	0.673755437409	0.69453842436
