	AA3	AA4	AB3	AB4	AC3	AC4	AD3	AD4	AE3	AE4	AF3	AF4	AG3	AG4	AH3	AH4	AA7	AA8	AB7	AB8	AC7	AC8	AD7	AD8	AE7	AE8	AF7	AF8	AG7	AG8	AH7	AH8	AA5	AA6	AB5	AB6	AC5	AC6	AD6	AE5	AE6	AF5	AF6	AG5	AH5	AH6	AA1	AA2	AB1	AB2	AC1	AC2	AD1	AD2	AE1	AE2	AF1	AF2	AG1	AG2	AH1	AH2
AA3	0.0	0.497341710971	0.935717738038	0.651039149348	0.680038666022	0.587240212663	0.672788786854	0.580473658772	0.569840502658	0.625906234896	0.614789753504	0.607056549058	0.572740454326	0.848719188014	0.640405993233	0.327211213146	0.5601739971	0.556790720155	0.863702271629	0.706138231029	0.618656355727	0.566940550991	0.595456742388	0.58095698405	0.832286128565	0.588690188497	0.55775737071	0.559690671822	0.581923634606	0.577090381827	0.575157080715	0.549540840986	0.582890285162	0.593523441276	0.748187530208	0.687771870469	0.599323344611	0.61575640406	0.589173513775	0.633156114065	0.600289995167	0.71290478492	0.697438376027	0.617206379894	0.619623006283	0.60415659739	0.689221846303	0.651522474625	0.721604639923	0.670372160464	0.64572257129	0.670855485742	0.581923634606	0.558240695988	0.563073948768	0.56935717738	0.572740454326	0.653939101015	0.591106814886	0.673272112131	0.577573707105	0.657805703238
AA4	0.497341710971	0.0	0.948284195263	0.57177380377	0.598356694055	0.521991300145	0.591590140164	0.509424842919	0.494925084582	0.526341227646	0.568873852102	0.522474625423	0.479942000967	0.851619139681	0.370227162881	0.391493475109	0.537941034316	0.542774287095	0.896568390527	0.730787820203	0.676655389077	0.583856935718	0.595456742388	0.586273562107	0.8796520058	0.634122764621	0.57177380377	0.559690671822	0.617689705172	0.616239729338	0.641372643789	0.574190430159	0.515224746254	0.532624456259	0.676172063799	0.599323344611	0.576607056549	0.549540840986	0.547607539874	0.531174480425	0.508941517641	0.639922667956	0.61333977767	0.53939101015	0.597873368777	0.58095698405	0.642822619623	0.581923634606	0.632189463509	0.59497341711	0.588690188497	0.628806186564	0.532624456259	0.533107781537	0.531657805703	0.540357660706	0.509908168197	0.61575640406	0.514741420976	0.606089898502	0.534074432093	0.579023682939
AB3	0.935717738038	0.948284195263	0.0	0.663605606573	0.913001449976	0.951184146931	0.961817303045	0.937651039149	0.935717738038	0.955534074432	0.971483808603	0.943450942484	0.963750604157	0.35186080232	0.962300628323	0.940550990817	0.972450459159	0.967133881102	0.743354277429	0.741420976317	0.899951667472	0.916384726921	0.960850652489	0.95360077332	0.849202513291	0.898501691638	0.947317544708	0.939101014983	0.84726921218	0.829869502175	0.953117448043	0.946350894152	0.954084098598	0.961817303045	0.974867085549	0.965683905268	0.973900434993	0.9584340261	0.973900434993	0.975350410826	0.974867085549	0.940067665539	0.939101014983	0.951184146931	0.977283711938	0.972933784437	0.974867085549	0.972933784437	0.971483808603	0.973417109715	0.973900434993	0.972933784437	0.975833736104	0.974867085549	0.97921701305	0.973417109715	0.973417109715	0.972450459159	0.973417109715	0.972933784437	0.975833736104	0.971967133881
AB4	0.651039149348	0.57177380377	0.663605606573	0.0	0.630256162397	0.594006766554	0.679072015466	0.60657322378	0.59497341711	0.618173030449	0.643305944901	0.603673272112	0.489125181247	0.545674238763	0.600773320445	0.601739971	0.63653939101	0.626389560174	0.732721121315	0.555340744321	0.676172063799	0.629772837119	0.668438859352	0.649105848236	0.794586756887	0.638472692122	0.641372643789	0.634606089899	0.554374093765	0.561623972934	0.698405026583	0.641372643789	0.629289511841	0.644755920735	0.726437892702	0.651522474625	0.647172547124	0.631706138231	0.621072982117	0.624456259062	0.628322861286	0.658289028516	0.661672305462	0.614306428226	0.683421942968	0.663605606573	0.688255195747	0.647172547124	0.691155147414	0.663122281295	0.652489125181	0.667955534074	0.621556307395	0.6389560174	0.646689221846	0.632189463509	0.635089415176	0.654905751571	0.630739487675	0.658289028516	0.637022716288	0.648622522958
AC3	0.680038666022	0.598356694055	0.913001449976	0.630256162397	0.0	0.496858385694	0.655872402127	0.560657322378	0.573223779604	0.589656839053	0.624456259062	0.350410826486	0.612856452392	0.827452875785	0.612373127115	0.618173030449	0.630256162397	0.612856452392	0.863702271629	0.747220879652	0.746737554374	0.695021749638	0.739487675205	0.727887868536	0.830836152731	0.699371677139	0.66892218463	0.700338327695	0.681005316578	0.692605123248	0.723537941034	0.667955534074	0.618173030449	0.652005799903	0.632189463509	0.591590140164	0.640889318511	0.608023199613	0.599323344611	0.573223779604	0.567423876269	0.660705654906	0.65973900435	0.580473658772	0.668438859352	0.651522474625	0.603189946834	0.595456742388	0.605123247946	0.591106814886	0.614306428226	0.605123247946	0.561140647656	0.595456742388	0.602706621556	0.582406959884	0.625422909618	0.597390043499	0.628806186564	0.614306428226	0.623006283229	0.614789753504
AC4	0.587240212663	0.521991300145	0.951184146931	0.594006766554	0.496858385694	0.0	0.623972933784	0.402126631223	0.403093281779	0.503624939584	0.344610923151	0.392460125665	0.506524891252	0.858385693572	0.560657322378	0.535524407927	0.485258579024	0.456259062349	0.916868052199	0.74770420493	0.605123247946	0.530691155147	0.536491058482	0.518124697922	0.89125181247	0.573707104882	0.494441759304	0.520057999033	0.533591106815	0.566457225713	0.576123731271	0.515224746254	0.451909134848	0.478492025133	0.637022716288	0.564523924601	0.468342194297	0.524891251812	0.424359594007	0.556307394877	0.473658772354	0.681005316578	0.656355727405	0.507491541808	0.518124697922	0.488641855969	0.621072982117	0.568873852102	0.595456742388	0.574673755437	0.562107298212	0.598356694055	0.4813919768	0.504108264862	0.513291445143	0.506041565974	0.529241179314	0.581440309328	0.552440792653	0.570807153214	0.480425326245	0.561623972934
AD3	0.672788786854	0.591590140164	0.961817303045	0.679072015466	0.655872402127	0.623972933784	0.0	0.519091348478	0.632189463509	0.353794103432	0.673272112131	0.600289995167	0.637022716288	0.86563557274	0.572740454326	0.623972933784	0.681005316578	0.6805219913	0.934267762204	0.779120347994	0.714354760754	0.683421942968	0.689221846303	0.687771870469	0.91445142581	0.6805219913	0.694055099082	0.68970517158	0.6805219913	0.678105364911	0.71290478492	0.685355244079	0.622522957951	0.651522474625	0.735137747704	0.654905751571	0.669405509908	0.533107781537	0.631706138231	0.562107298212	0.575640405993	0.545674238763	0.534074432093	0.545674238763	0.695021749638	0.681005316578	0.760270662156	0.705171580474	0.734171097148	0.707104881585	0.698888351861	0.733204446593	0.649105848236	0.652489125181	0.664572257129	0.65732237796	0.624456259062	0.718704688255	0.634606089899	0.704204929918	0.68293861769	0.702271628806
AD4	0.580473658772	0.509424842919	0.937651039149	0.60657322378	0.560657322378	0.402126631223	0.519091348478	0.0	0.325761237313	0.390043499275	0.428709521508	0.477525374577	0.508458192363	0.845335911068	0.540840985984	0.53697438376	0.485258579024	0.456259062349	0.937167713871	0.768003866602	0.574190430159	0.505074915418	0.509908168197	0.493958434026	0.906718221363	0.595456742388	0.462542290962	0.487675205413	0.507974867086	0.564040599323	0.568390526825	0.49540840986	0.408409859836	0.44900918318	0.653455775737	0.569840502658	0.454325761237	0.488641855969	0.434992750121	0.556307394877	0.462542290962	0.642339294345	0.616239729338	0.488641855969	0.50700821653	0.470275495408	0.655872402127	0.59497341711	0.636056065732	0.612856452392	0.594006766554	0.635089415176	0.517641372644	0.506524891252	0.516674722088	0.531174480425	0.5186080232	0.620589656839	0.536007733204	0.610923151281	0.501208313195	0.595456742388
AE3	0.569840502658	0.494925084582	0.935717738038	0.59497341711	0.573223779604	0.403093281779	0.632189463509	0.325761237313	0.0	0.501691638473	0.400193330111	0.493958434026	0.477525374577	0.850652489125	0.540840985984	0.531174480425	0.436926051232	0.405993233446	0.922184630256	0.752054132431	0.563557274045	0.477042049299	0.4813919768	0.474142097632	0.885451909135	0.579023682939	0.438376027066	0.445625906235	0.492508458192	0.554857419043	0.538424359594	0.464958917351	0.390043499275	0.443692605123	0.66892218463	0.598840019333	0.44900918318	0.526824552924	0.428709521508	0.594006766554	0.496858385694	0.681971967134	0.657805703238	0.51619139681	0.510874818753	0.475592073465	0.652972450459	0.594490091832	0.635572740454	0.609473175447	0.583856935718	0.637506041566	0.520057999033	0.521024649589	0.521991300145	0.532141130981	0.52537457709	0.617206379894	0.545190913485	0.602223296278	0.478008699855	0.583856935718
AE4	0.625906234896	0.526341227646	0.955534074432	0.618173030449	0.589656839053	0.503624939584	0.353794103432	0.390043499275	0.501691638473	0.0	0.556307394877	0.525857902368	0.555340744321	0.862252295795	0.542290961817	0.579507008217	0.566940550991	0.564523924601	0.943450942484	0.776703721605	0.663605606573	0.597873368777	0.602706621556	0.59255679072	0.916868052199	0.626872885452	0.581440309328	0.587240212663	0.596906718221	0.608023199613	0.651522474625	0.585790236829	0.518124697922	0.544224262929	0.68293861769	0.595456742388	0.5601739971	0.454809086515	0.528274528758	0.510391493475	0.491058482359	0.581923634606	0.563073948768	0.48380860319	0.589173513775	0.57177380377	0.693088448526	0.635089415176	0.675688738521	0.653939101015	0.631222812953	0.666988883519	0.586756887385	0.566940550991	0.579990333494	0.581440309328	0.55099081682	0.653455775737	0.575157080715	0.650072498792	0.572740454326	0.634122764621
AF3	0.614789753504	0.568873852102	0.971483808603	0.643305944901	0.624456259062	0.344610923151	0.673272112131	0.428709521508	0.400193330111	0.556307394877	0.0	0.50700821653	0.52779120348	0.883035282745	0.593040115998	0.582890285162	0.444175930401	0.438376027066	0.955534074432	0.787336877719	0.601739971	0.532624456259	0.446592556791	0.443692605123	0.922184630256	0.60657322378	0.434992750121	0.480908651522	0.538424359594	0.598840019333	0.527307878202	0.490575157081	0.424842919285	0.489125181247	0.662155630739	0.607539874335	0.404543257612	0.56259062349	0.441759304012	0.619139681005	0.519574673755	0.711454809087	0.688255195747	0.542290961817	0.509908168197	0.475592073465	0.660705654906	0.601256645723	0.646205896568	0.603673272112	0.59497341711	0.641855969067	0.533591106815	0.513291445143	0.524407926535	0.535524407927	0.560657322378	0.618173030449	0.579990333494	0.596423392943	0.493475108748	0.594490091832
AF4	0.607056549058	0.522474625423	0.943450942484	0.603673272112	0.350410826486	0.392460125665	0.600289995167	0.477525374577	0.493958434026	0.525857902368	0.50700821653	0.0	0.547124214596	0.850652489125	0.544224262929	0.537457709038	0.5601739971	0.546640889319	0.889318511358	0.730787820203	0.696471725471	0.631222812953	0.658289028516	0.637022716288	0.852102464959	0.636056065732	0.594006766554	0.627839536008	0.62735621073	0.636056065732	0.653455775737	0.597873368777	0.543740937651	0.578540357661	0.617206379894	0.540357660706	0.552440792653	0.550507491542	0.518124697922	0.519574673755	0.50700821653	0.631706138231	0.619139681005	0.512808119865	0.58095698405	0.561623972934	0.595456742388	0.535524407927	0.582406959884	0.539874335428	0.547124214596	0.569840502658	0.489125181247	0.509908168197	0.529241179314	0.507974867086	0.543257612373	0.550507491542	0.549057515708	0.543257612373	0.544707588207	0.546157564041
AG3	0.572740454326	0.479942000967	0.963750604157	0.489125181247	0.612856452392	0.506524891252	0.637022716288	0.508458192363	0.477525374577	0.555340744321	0.52779120348	0.547124214596	0.0	0.841469308845	0.53020782987	0.539874335428	0.501208313195	0.485741904302	0.924117931368	0.754954084099	0.667955534074	0.589173513775	0.588206863219	0.591106814886	0.889801836636	0.629289511841	0.546640889319	0.561140647656	0.606089898502	0.611889801837	0.630739487675	0.556307394877	0.516674722088	0.524407926535	0.666022232963	0.602223296278	0.52779120348	0.556790720155	0.504108264862	0.578057032383	0.509424842919	0.672305461576	0.655389076849	0.535524407927	0.564040599323	0.545674238763	0.622039632673	0.572257129048	0.631706138231	0.605606573224	0.574190430159	0.608023199613	0.519091348478	0.519091348478	0.513291445143	0.53020782987	0.533107781537	0.598840019333	0.559690671822	0.601739971	0.498791686805	0.573223779604
AG4	0.848719188014	0.851619139681	0.35186080232	0.545674238763	0.827452875785	0.858385693572	0.86563557274	0.845335911068	0.850652489125	0.862252295795	0.883035282745	0.850652489125	0.841469308845	0.0	0.869985500242	0.846785886902	0.889801836636	0.882068632189	0.713388110198	0.664572257129	0.820202996617	0.827936201063	0.876268728855	0.869502174964	0.82406959884	0.816336394393	0.861285645239	0.853069115515	0.7593040116	0.734171097148	0.882068632189	0.862252295795	0.867568873852	0.870952150797	0.898501691638	0.883518608023	0.886418559691	0.864185596907	0.882068632189	0.877718704688	0.878202029966	0.852585790237	0.851619139681	0.863218946351	0.888351860802	0.883035282745	0.87723537941	0.880618656356	0.879168680522	0.881585306912	0.886901884969	0.883035282745	0.887385210246	0.880618656356	0.889801836636	0.884001933301	0.882551957467	0.882551957467	0.881585306912	0.881101981634	0.885935234413	0.884001933301
AH3	0.640405993233	0.370227162881	0.962300628323	0.600773320445	0.612373127115	0.560657322378	0.572740454326	0.540840985984	0.540840985984	0.542290961817	0.593040115998	0.544224262929	0.53020782987	0.869985500242	0.0	0.525857902368	0.59497341711	0.591590140164	0.926534557757	0.764620589657	0.705654905752	0.622522957951	0.627839536008	0.632189463509	0.903334944418	0.678588690188	0.629772837119	0.618656355727	0.657805703238	0.65732237796	0.683421942968	0.619139681005	0.549540840986	0.588206863219	0.710004833253	0.623489608507	0.614789753504	0.547124214596	0.578057032383	0.552924117931	0.541807636539	0.601739971	0.576607056549	0.546640889319	0.638472692122	0.624456259062	0.70130497825	0.626872885452	0.671822136298	0.64572257129	0.634122764621	0.673755437409	0.591590140164	0.599323344611	0.578057032383	0.600773320445	0.558724021266	0.658772353794	0.558240695988	0.642339294345	0.589173513775	0.614789753504
AH4	0.327211213146	0.391493475109	0.940550990817	0.601739971	0.618173030449	0.535524407927	0.623972933784	0.53697438376	0.531174480425	0.579507008217	0.582890285162	0.537457709038	0.539874335428	0.846785886902	0.525857902368	0.0	0.560657322378	0.558724021266	0.869018849686	0.710971483809	0.637506041566	0.573223779604	0.598356694055	0.579507008217	0.841952634123	0.601256645723	0.57177380377	0.564040599323	0.576123731271	0.583856935718	0.598840019333	0.556307394877	0.553890768487	0.572257129048	0.706621556307	0.635089415176	0.580473658772	0.583856935718	0.558240695988	0.56935717738	0.549540840986	0.662155630739	0.65055582407	0.561623972934	0.613823102948	0.598840019333	0.662155630739	0.605606573224	0.664088931851	0.616723054616	0.608023199613	0.640405993233	0.541807636539	0.534557757371	0.554857419043	0.540840985984	0.521507974867	0.624456259062	0.532624456259	0.619623006283	0.555340744321	0.609473175447
AA7	0.5601739971	0.537941034316	0.972450459159	0.63653939101	0.630256162397	0.485258579024	0.681005316578	0.485258579024	0.436926051232	0.566940550991	0.444175930401	0.5601739971	0.501208313195	0.889801836636	0.59497341711	0.560657322378	0.0	0.301594973417	0.919768003867	0.765587240213	0.594006766554	0.514258095698	0.484291928468	0.489125181247	0.878685355244	0.594490091832	0.443209279845	0.452875785404	0.540840985984	0.585790236829	0.517641372644	0.419526341228	0.431609473175	0.480908651522	0.701788303528	0.649589173514	0.461092315128	0.56259062349	0.493958434026	0.608506524891	0.538907684872	0.719671338811	0.693571773804	0.573223779604	0.550024166264	0.513291445143	0.652972450459	0.603673272112	0.665055582407	0.635089415176	0.585790236829	0.617689705172	0.508941517641	0.512324794587	0.512324794587	0.516674722088	0.519574673755	0.593523441276	0.55099081682	0.635089415176	0.496858385694	0.597390043499
AA8	0.556790720155	0.542774287095	0.967133881102	0.626389560174	0.612856452392	0.456259062349	0.6805219913	0.456259062349	0.405993233446	0.564523924601	0.438376027066	0.546640889319	0.485741904302	0.882068632189	0.591590140164	0.558724021266	0.301594973417	0.0	0.913001449976	0.757854035766	0.566940550991	0.492025132914	0.494441759304	0.493958434026	0.861768970517	0.577090381827	0.450942484292	0.462058965684	0.519574673755	0.578057032383	0.484291928468	0.37264378927	0.426292895118	0.473175447076	0.691155147414	0.637506041566	0.458192363461	0.568390526825	0.464475592073	0.608506524891	0.521507974867	0.722571290478	0.691155147414	0.558724021266	0.529241179314	0.486708554857	0.630256162397	0.578057032383	0.658772353794	0.613823102948	0.566457225713	0.605123247946	0.499275012083	0.492508458192	0.497341710971	0.500241662639	0.527307878202	0.579507008217	0.542290961817	0.610439826003	0.480425326245	0.577090381827
AB7	0.863702271629	0.896568390527	0.743354277429	0.732721121315	0.863702271629	0.916868052199	0.934267762204	0.937167713871	0.922184630256	0.943450942484	0.955534074432	0.889318511358	0.924117931368	0.713388110198	0.926534557757	0.869018849686	0.919768003867	0.913001449976	0.0	0.416143064282	0.806186563557	0.840502658289	0.936684388594	0.924601256646	0.734171097148	0.82648622523	0.894151764137	0.885935234413	0.746254229096	0.691638472692	0.881101981634	0.893185113581	0.923151280812	0.937651039149	0.938134364427	0.931851135814	0.944900918318	0.91445142581	0.947317544708	0.931367810536	0.938134364427	0.874818753021	0.875785403577	0.909134847753	0.960367327211	0.953117448043	0.919768003867	0.921701304978	0.93523441276	0.923151280812	0.927501208313	0.916868052199	0.913484775254	0.916384726921	0.917351377477	0.913484775254	0.913484775254	0.915901401643	0.914934751087	0.924117931368	0.950217496375	0.929434509425
AB8	0.706138231029	0.730787820203	0.741420976317	0.555340744321	0.747220879652	0.74770420493	0.779120347994	0.768003866602	0.752054132431	0.776703721605	0.787336877719	0.730787820203	0.754954084099	0.664572257129	0.764620589657	0.710971483809	0.765587240213	0.757854035766	0.416143064282	0.0	0.661188980184	0.687288545191	0.760270662156	0.742387626873	0.734171097148	0.656355727405	0.724021266312	0.708554857419	0.552440792653	0.517158047366	0.734171097148	0.727404543258	0.758337361044	0.772353794103	0.809086515225	0.76848719188	0.778153697438	0.753504108265	0.780570323828	0.759787336878	0.764137264379	0.734171097148	0.735621072982	0.743837602707	0.797970033833	0.789753504108	0.816336394393	0.765587240213	0.799903334944	0.760270662156	0.772353794103	0.781053649106	0.758337361044	0.760270662156	0.760270662156	0.760753987434	0.758337361044	0.764620589657	0.764137264379	0.767037216046	0.778637022716	0.760753987434
AC7	0.618656355727	0.676655389077	0.899951667472	0.676172063799	0.746737554374	0.605123247946	0.714354760754	0.574190430159	0.563557274045	0.663605606573	0.601739971	0.696471725471	0.667955534074	0.820202996617	0.705654905752	0.637506041566	0.594006766554	0.566940550991	0.806186563557	0.661188980184	0.0	0.369743837603	0.575640405993	0.565007249879	0.832286128565	0.578057032383	0.536491058482	0.521024649589	0.48380860319	0.51377477042	0.568390526825	0.538907684872	0.561623972934	0.595940067666	0.81488641856	0.749637506042	0.620589656839	0.649105848236	0.618656355727	0.722571290478	0.663605606573	0.718221362977	0.707588206863	0.653939101015	0.635572740454	0.603189946834	0.819236346061	0.766553890768	0.805703238279	0.781536974384	0.746254229096	0.791203479942	0.695505074915	0.671822136298	0.685355244079	0.693088448526	0.668438859352	0.773803769937	0.685355244079	0.767037216046	0.630256162397	0.754954084099
AC8	0.566940550991	0.583856935718	0.916384726921	0.629772837119	0.695021749638	0.530691155147	0.683421942968	0.505074915418	0.477042049299	0.597873368777	0.532624456259	0.631222812953	0.589173513775	0.827936201063	0.622522957951	0.573223779604	0.514258095698	0.492025132914	0.840502658289	0.687288545191	0.369743837603	0.0	0.491541807637	0.489608506525	0.846785886902	0.546640889319	0.408409859836	0.37506041566	0.443692605123	0.490575157081	0.528757854036	0.467375543741	0.479458675689	0.514258095698	0.747220879652	0.677138714355	0.550024166264	0.58337361044	0.53697438376	0.64572257129	0.586756887385	0.676172063799	0.656839052682	0.58337361044	0.577090381827	0.541807636539	0.735137747704	0.6805219913	0.728371193813	0.70372160464	0.665538907685	0.710004833253	0.611889801837	0.591106814886	0.600773320445	0.609473175447	0.586273562107	0.68970517158	0.600289995167	0.695021749638	0.553407443209	0.666505558241
AD7	0.595456742388	0.595456742388	0.960850652489	0.668438859352	0.739487675205	0.536491058482	0.689221846303	0.509908168197	0.4813919768	0.602706621556	0.446592556791	0.658289028516	0.588206863219	0.876268728855	0.627839536008	0.598356694055	0.484291928468	0.494441759304	0.936684388594	0.760270662156	0.575640405993	0.491541807637	0.0	0.290478492025	0.90285161914	0.531657805703	0.420492991783	0.434509424843	0.508458192363	0.573707104882	0.50459159014	0.467858869019	0.470758820686	0.528274528758	0.751087481875	0.679555340744	0.496858385694	0.588206863219	0.544707588207	0.656839052682	0.605123247946	0.718221362977	0.699855002417	0.606089898502	0.570807153214	0.538424359594	0.746737554374	0.683905268246	0.742387626873	0.713871435476	0.669888835186	0.71290478492	0.621556307395	0.607056549058	0.612373127115	0.623006283229	0.589173513775	0.703238279362	0.605606573224	0.698405026583	0.567423876269	0.673272112131
AD8	0.58095698405	0.586273562107	0.95360077332	0.649105848236	0.727887868536	0.518124697922	0.687771870469	0.493958434026	0.474142097632	0.59255679072	0.443692605123	0.637022716288	0.591106814886	0.869502174964	0.632189463509	0.579507008217	0.489125181247	0.493958434026	0.924601256646	0.742387626873	0.565007249879	0.489608506525	0.290478492025	0.0	0.862252295795	0.49299178347	0.405993233446	0.425809569841	0.486708554857	0.546157564041	0.496375060416	0.463992266796	0.482358627356	0.535041082649	0.751087481875	0.676172063799	0.489608506525	0.584340260996	0.540357660706	0.643789270179	0.593523441276	0.717738037699	0.693571773804	0.596906718221	0.570323827936	0.545190913485	0.739487675205	0.674722087965	0.737554374094	0.704688255196	0.660705654906	0.707104881585	0.618656355727	0.597390043499	0.602706621556	0.610439826003	0.597390043499	0.69453842436	0.610923151281	0.691155147414	0.565007249879	0.666022232963
AE7	0.832286128565	0.8796520058	0.849202513291	0.794586756887	0.830836152731	0.89125181247	0.91445142581	0.906718221363	0.885451909135	0.916868052199	0.922184630256	0.852102464959	0.889801836636	0.82406959884	0.903334944418	0.841952634123	0.878685355244	0.861768970517	0.734171097148	0.734171097148	0.832286128565	0.846785886902	0.90285161914	0.862252295795	0.0	0.549540840986	0.875785403577	0.867568873852	0.766070565491	0.760270662156	0.838569357177	0.840019333011	0.901401643306	0.910584823586	0.930401159981	0.917351377477	0.920734654422	0.896085065249	0.922667955534	0.888351860802	0.899951667472	0.884001933301	0.87723537941	0.878685355244	0.940067665539	0.925084581924	0.891735137748	0.898018366361	0.917834702755	0.895601739971	0.904784920251	0.898501691638	0.894151764137	0.890768487192	0.906234896085	0.887868535524	0.902368293862	0.891735137748	0.899951667472	0.906718221363	0.916868052199	0.911551474142
AE8	0.588690188497	0.634122764621	0.898501691638	0.638472692122	0.699371677139	0.573707104882	0.6805219913	0.595456742388	0.579023682939	0.626872885452	0.60657322378	0.636056065732	0.629289511841	0.816336394393	0.678588690188	0.601256645723	0.594490091832	0.577090381827	0.82648622523	0.656355727405	0.578057032383	0.546640889319	0.531657805703	0.49299178347	0.549540840986	0.0	0.571290478492	0.564040599323	0.514741420976	0.5186080232	0.564523924601	0.547607539874	0.591106814886	0.602706621556	0.765103914935	0.711938134364	0.616239729338	0.598356694055	0.613823102948	0.659255679072	0.630739487675	0.70372160464	0.683421942968	0.612373127115	0.642339294345	0.61575640406	0.753020782987	0.70130497825	0.759787336878	0.707104881585	0.693571773804	0.735621072982	0.65973900435	0.63653939101	0.658289028516	0.640405993233	0.642339294345	0.716288061866	0.665538907685	0.708554857419	0.616239729338	0.695021749638
AF7	0.55775737071	0.57177380377	0.947317544708	0.641372643789	0.66892218463	0.494441759304	0.694055099082	0.462542290962	0.438376027066	0.581440309328	0.434992750121	0.594006766554	0.546640889319	0.861285645239	0.629772837119	0.57177380377	0.443209279845	0.450942484292	0.894151764137	0.724021266312	0.536491058482	0.408409859836	0.420492991783	0.405993233446	0.875785403577	0.571290478492	0.0	0.304494925085	0.47462542291	0.533107781537	0.484775253746	0.446109231513	0.433542774287	0.479458675689	0.698405026583	0.634606089899	0.451909134848	0.542774287095	0.501208313195	0.610439826003	0.536007733204	0.69453842436	0.67133881102	0.550507491542	0.536491058482	0.50459159014	0.678588690188	0.625906234896	0.686805219913	0.662638956017	0.612856452392	0.655389076849	0.565490575157	0.541807636539	0.548090865152	0.562107298212	0.555824069599	0.636056065732	0.572257129048	0.64572257129	0.497825036249	0.609956500725
AF8	0.559690671822	0.559690671822	0.939101014983	0.634606089899	0.700338327695	0.520057999033	0.68970517158	0.487675205413	0.445625906235	0.587240212663	0.480908651522	0.627839536008	0.561140647656	0.853069115515	0.618656355727	0.564040599323	0.452875785404	0.462058965684	0.885935234413	0.708554857419	0.521024649589	0.37506041566	0.434509424843	0.425809569841	0.867568873852	0.564040599323	0.304494925085	0.0	0.463508941518	0.518124697922	0.505074915418	0.434026099565	0.429676172064	0.498308361527	0.725471242146	0.662638956017	0.488158530691	0.562107298212	0.517158047366	0.618656355727	0.561623972934	0.688738521025	0.664572257129	0.568873852102	0.565973900435	0.53697438376	0.698888351861	0.651039149348	0.708071532141	0.683421942968	0.633639439343	0.675688738521	0.586756887385	0.567907201547	0.577573707105	0.586756887385	0.555340744321	0.653455775737	0.570323827936	0.67133881102	0.523441275979	0.632189463509
AG7	0.581923634606	0.617689705172	0.84726921218	0.554374093765	0.681005316578	0.533591106815	0.6805219913	0.507974867086	0.492508458192	0.596906718221	0.538424359594	0.62735621073	0.606089898502	0.7593040116	0.657805703238	0.576123731271	0.540840985984	0.519574673755	0.746254229096	0.552440792653	0.48380860319	0.443692605123	0.508458192363	0.486708554857	0.766070565491	0.514741420976	0.47462542291	0.463508941518	0.0	0.315611406477	0.536007733204	0.49299178347	0.496858385694	0.555340744321	0.755437409377	0.680038666022	0.536007733204	0.572257129048	0.565490575157	0.641855969067	0.59497341711	0.665055582407	0.650072498792	0.574673755437	0.607056549058	0.572257129048	0.739971000483	0.674722087965	0.724021266312	0.698888351861	0.664088931851	0.712421459642	0.620106331561	0.603673272112	0.622039632673	0.613823102948	0.620589656839	0.697438376027	0.641372643789	0.683421942968	0.586756887385	0.665055582407
AG8	0.577090381827	0.616239729338	0.829869502175	0.561623972934	0.692605123248	0.566457225713	0.678105364911	0.564040599323	0.554857419043	0.608023199613	0.598840019333	0.636056065732	0.611889801837	0.734171097148	0.65732237796	0.583856935718	0.585790236829	0.578057032383	0.691638472692	0.517158047366	0.51377477042	0.490575157081	0.573707104882	0.546157564041	0.760270662156	0.5186080232	0.533107781537	0.518124697922	0.315611406477	0.0	0.584340260996	0.551474142098	0.566940550991	0.59497341711	0.765103914935	0.69453842436	0.604639922668	0.589656839053	0.588690188497	0.654905751571	0.606089898502	0.675688738521	0.665538907685	0.594006766554	0.628806186564	0.608989850169	0.753020782987	0.684388593523	0.742870952151	0.708554857419	0.676172063799	0.720637989367	0.632672788787	0.616239729338	0.631706138231	0.62735621073	0.623489608507	0.699371677139	0.649105848236	0.695021749638	0.606089898502	0.672788786854
AH7	0.575157080715	0.641372643789	0.953117448043	0.698405026583	0.723537941034	0.576123731271	0.71290478492	0.568390526825	0.538424359594	0.651522474625	0.527307878202	0.653455775737	0.630739487675	0.882068632189	0.683421942968	0.598840019333	0.517641372644	0.484291928468	0.881101981634	0.734171097148	0.568390526825	0.528757854036	0.50459159014	0.496375060416	0.838569357177	0.564523924601	0.484775253746	0.505074915418	0.536007733204	0.584340260996	0.0	0.335427742871	0.565490575157	0.599323344611	0.781536974384	0.733204446593	0.541807636539	0.649105848236	0.611406476559	0.673272112131	0.634122764621	0.770420492992	0.750604156597	0.653939101015	0.640405993233	0.609956500725	0.755920734654	0.714354760754	0.766553890768	0.722087965201	0.695505074915	0.732721121315	0.637506041566	0.618656355727	0.628806186564	0.633639439343	0.621556307395	0.720154664089	0.639922667956	0.711938134364	0.61333977767	0.710488158531
AH8	0.549540840986	0.574190430159	0.946350894152	0.641372643789	0.667955534074	0.515224746254	0.685355244079	0.49540840986	0.464958917351	0.585790236829	0.490575157081	0.597873368777	0.556307394877	0.862252295795	0.619139681005	0.556307394877	0.419526341228	0.37264378927	0.893185113581	0.727404543258	0.538907684872	0.467375543741	0.467858869019	0.463992266796	0.840019333011	0.547607539874	0.446109231513	0.434026099565	0.49299178347	0.551474142098	0.335427742871	0.0	0.4813919768	0.521991300145	0.746737554374	0.681005316578	0.505074915418	0.581440309328	0.53939101015	0.616723054616	0.575157080715	0.71532141131	0.68970517158	0.593523441276	0.579023682939	0.545190913485	0.699371677139	0.64813919768	0.71290478492	0.661672305462	0.633639439343	0.672788786854	0.575157080715	0.561140647656	0.574673755437	0.575157080715	0.551474142098	0.658289028516	0.567907201547	0.662155630739	0.540840985984	0.643789270179
AA5	0.582890285162	0.515224746254	0.954084098598	0.629289511841	0.618173030449	0.451909134848	0.622522957951	0.408409859836	0.390043499275	0.518124697922	0.424842919285	0.543740937651	0.516674722088	0.867568873852	0.549540840986	0.553890768487	0.431609473175	0.426292895118	0.923151280812	0.758337361044	0.561623972934	0.479458675689	0.470758820686	0.482358627356	0.901401643306	0.591106814886	0.433542774287	0.429676172064	0.496858385694	0.566940550991	0.565490575157	0.4813919768	0.0	0.343160947318	0.674722087965	0.585306911551	0.466892218463	0.47220879652	0.459159014016	0.556307394877	0.473175447076	0.619623006283	0.596423392943	0.473175447076	0.522474625423	0.47462542291	0.69212179797	0.62735621073	0.664088931851	0.64572257129	0.626389560174	0.673272112131	0.531174480425	0.542774287095	0.5601739971	0.561623972934	0.523924601257	0.651522474625	0.552440792653	0.629772837119	0.500724987917	0.615273078782
AA6	0.593523441276	0.532624456259	0.961817303045	0.644755920735	0.652005799903	0.478492025133	0.651522474625	0.44900918318	0.443692605123	0.544224262929	0.489125181247	0.578540357661	0.524407926535	0.870952150797	0.588206863219	0.572257129048	0.480908651522	0.473175447076	0.937651039149	0.772353794103	0.595940067666	0.514258095698	0.528274528758	0.535041082649	0.910584823586	0.602706621556	0.479458675689	0.498308361527	0.555340744321	0.59497341711	0.599323344611	0.521991300145	0.343160947318	0.0	0.673272112131	0.582406959884	0.498308361527	0.510874818753	0.476075398743	0.582890285162	0.491058482359	0.659255679072	0.631222812953	0.517641372644	0.455292411793	0.418076365394	0.690671822136	0.635572740454	0.66892218463	0.646205896568	0.626389560174	0.670372160464	0.551957467376	0.55099081682	0.5601739971	0.566940550991	0.540357660706	0.652489125181	0.570323827936	0.626872885452	0.513291445143	0.622039632673
AB5	0.748187530208	0.676172063799	0.974867085549	0.726437892702	0.632189463509	0.637022716288	0.735137747704	0.653455775737	0.66892218463	0.68293861769	0.662155630739	0.617206379894	0.666022232963	0.898501691638	0.710004833253	0.706621556307	0.701788303528	0.691155147414	0.938134364427	0.809086515225	0.81488641856	0.747220879652	0.751087481875	0.751087481875	0.930401159981	0.765103914935	0.698405026583	0.725471242146	0.755437409377	0.765103914935	0.781536974384	0.746737554374	0.674722087965	0.673272112131	0.0	0.338327694538	0.622039632673	0.681005316578	0.618173030449	0.620106331561	0.611889801837	0.737071048816	0.73610439826	0.652489125181	0.634122764621	0.621072982117	0.615273078782	0.618656355727	0.62735621073	0.608023199613	0.626389560174	0.617206379894	0.591106814886	0.587240212663	0.619623006283	0.614789753504	0.661672305462	0.603673272112	0.658289028516	0.611889801837	0.662155630739	0.623489608507
AB6	0.687771870469	0.599323344611	0.965683905268	0.651522474625	0.591590140164	0.564523924601	0.654905751571	0.569840502658	0.598840019333	0.595456742388	0.607539874335	0.540357660706	0.602223296278	0.883518608023	0.623489608507	0.635089415176	0.649589173514	0.637506041566	0.931851135814	0.76848719188	0.749637506042	0.677138714355	0.679555340744	0.676172063799	0.917351377477	0.711938134364	0.634606089899	0.662638956017	0.680038666022	0.69453842436	0.733204446593	0.681005316578	0.585306911551	0.582406959884	0.338327694538	0.0	0.571290478492	0.583856935718	0.563073948768	0.552440792653	0.533107781537	0.659255679072	0.644272595457	0.534557757371	0.55775737071	0.545190913485	0.603189946834	0.539874335428	0.576123731271	0.546157564041	0.552924117931	0.576123731271	0.519574673755	0.543257612373	0.574190430159	0.572740454326	0.598840019333	0.55099081682	0.601256645723	0.541807636539	0.614306428226	0.544224262929
AC5	0.599323344611	0.576607056549	0.973900434993	0.647172547124	0.640889318511	0.468342194297	0.669405509908	0.454325761237	0.44900918318	0.5601739971	0.404543257612	0.552440792653	0.52779120348	0.886418559691	0.614789753504	0.580473658772	0.461092315128	0.458192363461	0.944900918318	0.778153697438	0.620589656839	0.550024166264	0.496858385694	0.489608506525	0.920734654422	0.616239729338	0.451909134848	0.488158530691	0.536007733204	0.604639922668	0.541807636539	0.505074915418	0.466892218463	0.498308361527	0.622039632673	0.571290478492	0.0	0.463508941518	0.446592556791	0.586273562107	0.508458192363	0.710488158531	0.675688738521	0.53697438376	0.485258579024	0.461092315128	0.609956500725	0.562107298212	0.62493958434	0.584340260996	0.55099081682	0.594006766554	0.513291445143	0.485258579024	0.496375060416	0.500724987917	0.555340744321	0.575640405993	0.576123731271	0.567907201547	0.508458192363	0.550024166264
AC6	0.61575640406	0.549540840986	0.9584340261	0.631706138231	0.608023199613	0.524891251812	0.533107781537	0.488641855969	0.526824552924	0.454809086515	0.56259062349	0.550507491542	0.556790720155	0.864185596907	0.547124214596	0.583856935718	0.56259062349	0.568390526825	0.91445142581	0.753504108265	0.649105848236	0.58337361044	0.588206863219	0.584340260996	0.896085065249	0.598356694055	0.542774287095	0.562107298212	0.572257129048	0.589656839053	0.649105848236	0.581440309328	0.47220879652	0.510874818753	0.681005316578	0.583856935718	0.463508941518	0.0	0.531657805703	0.521024649589	0.503141614306	0.487675205413	0.442725954567	0.435476075399	0.575157080715	0.54857419043	0.684388593523	0.628806186564	0.672305461576	0.637506041566	0.639439342678	0.668438859352	0.591106814886	0.590140164331	0.596906718221	0.59497341711	0.552440792653	0.653455775737	0.581923634606	0.629772837119	0.56259062349	0.632189463509
AD6	0.589173513775	0.547607539874	0.973900434993	0.621072982117	0.599323344611	0.424359594007	0.631706138231	0.434992750121	0.428709521508	0.528274528758	0.441759304012	0.518124697922	0.504108264862	0.882068632189	0.578057032383	0.558240695988	0.493958434026	0.464475592073	0.947317544708	0.780570323828	0.618656355727	0.53697438376	0.544707588207	0.540357660706	0.922667955534	0.613823102948	0.501208313195	0.517158047366	0.565490575157	0.588690188497	0.611406476559	0.53939101015	0.459159014016	0.476075398743	0.618173030449	0.563073948768	0.446592556791	0.531657805703	0.0	0.553407443209	0.408409859836	0.694055099082	0.666988883519	0.533107781537	0.476558724021	0.444175930401	0.601256645723	0.538424359594	0.601739971	0.564523924601	0.542290961817	0.580473658772	0.477525374577	0.46060898985	0.468825519575	0.488641855969	0.522957950701	0.56935717738	0.53939101015	0.561623972934	0.459642339294	0.534074432093
AE5	0.633156114065	0.531174480425	0.975350410826	0.624456259062	0.573223779604	0.556307394877	0.562107298212	0.556307394877	0.594006766554	0.510391493475	0.619139681005	0.519574673755	0.578057032383	0.877718704688	0.552924117931	0.56935717738	0.608506524891	0.608506524891	0.931367810536	0.759787336878	0.722571290478	0.64572257129	0.656839052682	0.643789270179	0.888351860802	0.659255679072	0.610439826003	0.618656355727	0.641855969067	0.654905751571	0.673272112131	0.616723054616	0.556307394877	0.582890285162	0.620106331561	0.552440792653	0.586273562107	0.521024649589	0.553407443209	0.0	0.375543740938	0.602223296278	0.584340260996	0.512808119865	0.629772837119	0.618173030449	0.650072498792	0.611889801837	0.637506041566	0.60657322378	0.612373127115	0.642822619623	0.538424359594	0.563557274045	0.598840019333	0.556307394877	0.549057515708	0.618656355727	0.54857419043	0.608989850169	0.578540357661	0.604639922668
AE6	0.600289995167	0.508941517641	0.974867085549	0.628322861286	0.567423876269	0.473658772354	0.575640405993	0.462542290962	0.496858385694	0.491058482359	0.519574673755	0.50700821653	0.509424842919	0.878202029966	0.541807636539	0.549540840986	0.538907684872	0.521507974867	0.938134364427	0.764137264379	0.663605606573	0.586756887385	0.605123247946	0.593523441276	0.899951667472	0.630739487675	0.536007733204	0.561623972934	0.59497341711	0.606089898502	0.634122764621	0.575157080715	0.473175447076	0.491058482359	0.611889801837	0.533107781537	0.508458192363	0.503141614306	0.408409859836	0.375543740938	0.0	0.644272595457	0.621072982117	0.491058482359	0.536007733204	0.519091348478	0.635089415176	0.579990333494	0.599323344611	0.578057032383	0.575157080715	0.617206379894	0.50459159014	0.490091831803	0.510874818753	0.520541324311	0.514741420976	0.595940067666	0.543257612373	0.573707104882	0.488158530691	0.572740454326
AF5	0.71290478492	0.639922667956	0.940067665539	0.658289028516	0.660705654906	0.681005316578	0.545674238763	0.642339294345	0.681971967134	0.581923634606	0.711454809087	0.631706138231	0.672305461576	0.852585790237	0.601739971	0.662155630739	0.719671338811	0.722571290478	0.874818753021	0.734171097148	0.718221362977	0.676172063799	0.718221362977	0.717738037699	0.884001933301	0.70372160464	0.69453842436	0.688738521025	0.665055582407	0.675688738521	0.770420492992	0.71532141131	0.619623006283	0.659255679072	0.737071048816	0.659255679072	0.710488158531	0.487675205413	0.694055099082	0.602223296278	0.644272595457	0.0	0.283228612856	0.542774287095	0.723054615756	0.710971483809	0.754470758821	0.717254712421	0.746737554374	0.705654905752	0.731754470759	0.74770420493	0.695021749638	0.716771387144	0.727404543258	0.715804736588	0.670855485742	0.729337844369	0.675688738521	0.710488158531	0.712421459642	0.727887868536
AF6	0.697438376027	0.61333977767	0.939101014983	0.661672305462	0.65973900435	0.656355727405	0.534074432093	0.616239729338	0.657805703238	0.563073948768	0.688255195747	0.619139681005	0.655389076849	0.851619139681	0.576607056549	0.65055582407	0.693571773804	0.691155147414	0.875785403577	0.735621072982	0.707588206863	0.656839052682	0.699855002417	0.693571773804	0.87723537941	0.683421942968	0.67133881102	0.664572257129	0.650072498792	0.665538907685	0.750604156597	0.68970517158	0.596423392943	0.631222812953	0.73610439826	0.644272595457	0.675688738521	0.442725954567	0.666988883519	0.584340260996	0.621072982117	0.283228612856	0.0	0.520541324311	0.700821652972	0.681005316578	0.751087481875	0.698405026583	0.732237796037	0.693088448526	0.700821652972	0.740454325761	0.668438859352	0.688255195747	0.698888351861	0.686321894635	0.640405993233	0.715804736588	0.642822619623	0.693571773804	0.688738521025	0.697921701305
