	AA3	AA4	AB3	AB4	AC3	AC4	AD3	AD4	AE3	AE4	AF3	AF4	AG3	AG4	AH3	AH4	AA7	AA8	AB7	AB8	AC7	AC8	AD7	AD8	AE7	AE8	AF7	AF8	AG7	AG8	AH7	AH8	AA5	AA6	AB5	AB6	AC5	AC6	AD6	AE5	AE6	AF5	AF6	AG5	AH5	AH6	AA1	AA2	AB1	AB2	AC1	AC2	AD1	AD2	AE1	AE2	AF1	AF2	AG1	AG2	AH1	AH2
AA3	0.0	0.506524891252	0.93523441276	0.64572257129	0.657805703238	0.586273562107	0.672788786854	0.576607056549	0.573707104882	0.620589656839	0.619139681005	0.611406476559	0.586273562107	0.852102464959	0.649105848236	0.33107781537	0.570323827936	0.569840502658	0.859352344128	0.711938134364	0.621556307395	0.573223779604	0.604639922668	0.590623489609	0.838569357177	0.597390043499	0.563073948768	0.564040599323	0.58095698405	0.584340260996	0.591590140164	0.565490575157	0.599806669889	0.598840019333	0.746254229096	0.686321894635	0.616239729338	0.632189463509	0.613823102948	0.643789270179	0.609473175447	0.731754470759	0.693088448526	0.630739487675	0.628806186564	0.621072982117	0.686805219913	0.652489125181	0.720637989367	0.675205413243	0.652489125181	0.664572257129	0.57177380377	0.570807153214	0.574673755437	0.565973900435	0.577573707105	0.668438859352	0.59497341711	0.666505558241	0.586756887385	0.65055582407
AA4	0.506524891252	0.0	0.954084098598	0.577573707105	0.570807153214	0.483325277912	0.582406959884	0.505558240696	0.497825036249	0.515224746254	0.563073948768	0.5186080232	0.464475592073	0.866602223296	0.367810536491	0.394393426776	0.537941034316	0.52537457709	0.890768487192	0.724987916868	0.670372160464	0.568390526825	0.589656839053	0.588206863219	0.881585306912	0.625422909618	0.550024166264	0.549057515708	0.59255679072	0.613823102948	0.637989366844	0.575157080715	0.512324794587	0.519091348478	0.666505558241	0.590140164331	0.56935717738	0.515224746254	0.544707588207	0.53939101015	0.487675205413	0.638472692122	0.588690188497	0.529241179314	0.585306911551	0.565973900435	0.643789270179	0.573707104882	0.625422909618	0.591590140164	0.602223296278	0.617689705172	0.515708071532	0.521507974867	0.530691155147	0.515708071532	0.509908168197	0.616723054616	0.511358144031	0.59255679072	0.532141130981	0.578057032383
AB3	0.93523441276	0.954084098598	0.0	0.684388593523	0.917351377477	0.959884001933	0.958917351377	0.943450942484	0.936201063316	0.954567423876	0.97680038666	0.939584340261	0.969067182214	0.33107781537	0.964717254712	0.93523441276	0.974867085549	0.971483808603	0.739971000483	0.748187530208	0.89125181247	0.910584823586	0.967133881102	0.958917351377	0.853552440793	0.90285161914	0.940067665539	0.943450942484	0.845819236346	0.841469308845	0.956984050266	0.956500724988	0.962300628323	0.966650555824	0.977767037216	0.968583856936	0.977767037216	0.959400676655	0.97680038666	0.975833736104	0.975833736104	0.933784436926	0.936201063316	0.958917351377	0.978733687772	0.975833736104	0.976317061382	0.973417109715	0.972933784437	0.976317061382	0.974383760271	0.972450459159	0.976317061382	0.975833736104	0.982116964717	0.97680038666	0.975350410826	0.972450459159	0.974867085549	0.977283711938	0.975833736104	0.974867085549
AB4	0.64572257129	0.577573707105	0.684388593523	0.0	0.623972933784	0.608506524891	0.681488641856	0.611406476559	0.605606573224	0.622522957951	0.65055582407	0.616239729338	0.480425326245	0.572257129048	0.599806669889	0.594490091832	0.632672788787	0.632672788787	0.72692121798	0.562107298212	0.661672305462	0.611889801837	0.666988883519	0.652489125181	0.796036732721	0.647655872402	0.639922667956	0.646689221846	0.555824069599	0.583856935718	0.697438376027	0.651039149348	0.647172547124	0.653939101015	0.72450459159	0.677138714355	0.655872402127	0.653455775737	0.63653939101	0.637989366844	0.625422909618	0.676655389077	0.668438859352	0.64572257129	0.688738521025	0.675205413243	0.693088448526	0.656355727405	0.68970517158	0.658772353794	0.676655389077	0.666988883519	0.637022716288	0.643789270179	0.666022232963	0.635572740454	0.642339294345	0.665538907685	0.633156114065	0.667472208797	0.64572257129	0.664572257129
AC3	0.657805703238	0.570807153214	0.917351377477	0.623972933784	0.0	0.483325277912	0.637989366844	0.544707588207	0.558724021266	0.584823586274	0.622039632673	0.330111164814	0.601739971	0.834219429676	0.605123247946	0.610439826003	0.620589656839	0.609956500725	0.855002416626	0.74528757854	0.731271145481	0.66892218463	0.722571290478	0.708071532141	0.828419526341	0.695505074915	0.658289028516	0.679555340744	0.65732237796	0.678588690188	0.710004833253	0.668438859352	0.620589656839	0.626389560174	0.638472692122	0.605606573224	0.65055582407	0.596906718221	0.603189946834	0.552440792653	0.552924117931	0.667955534074	0.655872402127	0.554857419043	0.664088931851	0.658289028516	0.60415659739	0.612856452392	0.606089898502	0.593040115998	0.618173030449	0.610439826003	0.546157564041	0.593523441276	0.596423392943	0.581923634606	0.622522957951	0.595940067666	0.622039632673	0.605123247946	0.629289511841	0.60415659739
AC4	0.586273562107	0.483325277912	0.959884001933	0.608506524891	0.483325277912	0.0	0.608989850169	0.396810053166	0.391976800387	0.514258095698	0.343644272595	0.40502658289	0.499758337361	0.872885451909	0.546157564041	0.528274528758	0.470758820686	0.46060898985	0.918318028033	0.74528757854	0.592073465442	0.530691155147	0.526824552924	0.501208313195	0.881585306912	0.573223779604	0.499758337361	0.503624939584	0.523924601257	0.554857419043	0.568390526825	0.505558240696	0.4398260029	0.454325761237	0.635572740454	0.559207346544	0.461575640406	0.509908168197	0.419526341228	0.542290961817	0.470275495408	0.676172063799	0.62735621073	0.485258579024	0.501208313195	0.470758820686	0.62735621073	0.556790720155	0.594490091832	0.558724021266	0.573223779604	0.594490091832	0.471242145964	0.475108748188	0.51377477042	0.498308361527	0.533107781537	0.594490091832	0.541324311261	0.566457225713	0.476558724021	0.558240695988
AD3	0.672788786854	0.582406959884	0.958917351377	0.681488641856	0.637989366844	0.608989850169	0.0	0.524407926535	0.634606089899	0.360560657322	0.674238762687	0.592073465442	0.633156114065	0.874335427743	0.564523924601	0.628322861286	0.683421942968	0.678105364911	0.941034316095	0.771387143548	0.720637989367	0.688738521025	0.69453842436	0.690188496858	0.921701304978	0.685838569357	0.684871918801	0.686321894635	0.688738521025	0.675688738521	0.713871435476	0.687771870469	0.62493958434	0.649105848236	0.736587723538	0.655872402127	0.675205413243	0.534074432093	0.630739487675	0.572257129048	0.578057032383	0.563073948768	0.531657805703	0.551474142098	0.688738521025	0.680038666022	0.753020782987	0.688255195747	0.723537941034	0.709521507975	0.700338327695	0.719188013533	0.640405993233	0.656839052682	0.665538907685	0.647655872402	0.627839536008	0.715804736588	0.628322861286	0.704688255196	0.686805219913	0.693571773804
AD4	0.576607056549	0.505558240696	0.943450942484	0.611406476559	0.544707588207	0.396810053166	0.524407926535	0.0	0.310778153697	0.405509908168	0.425326244563	0.480425326245	0.534557757371	0.855485741904	0.549540840986	0.530691155147	0.4813919768	0.465925567907	0.92363460609	0.748670855486	0.564523924601	0.491058482359	0.503141614306	0.496375060416	0.902368293862	0.592073465442	0.452875785404	0.478008699855	0.484291928468	0.538424359594	0.548090865152	0.501208313195	0.41662638956	0.44900918318	0.655872402127	0.570807153214	0.445625906235	0.493475108748	0.41904301595	0.552440792653	0.475592073465	0.652005799903	0.600289995167	0.465442242629	0.506041565974	0.480425326245	0.661672305462	0.589173513775	0.629772837119	0.614306428226	0.610923151281	0.628806186564	0.497341710971	0.497825036249	0.531174480425	0.521507974867	0.539874335428	0.632189463509	0.551957467376	0.609956500725	0.506041565974	0.594490091832
AE3	0.573707104882	0.497825036249	0.936201063316	0.605606573224	0.558724021266	0.391976800387	0.634606089899	0.310778153697	0.0	0.506524891252	0.425326244563	0.499758337361	0.510874818753	0.855969067182	0.550507491542	0.52779120348	0.458675688739	0.446592556791	0.921701304978	0.746737554374	0.549057515708	0.478008699855	0.494441759304	0.492508458192	0.887868535524	0.581440309328	0.449975833736	0.470275495408	0.478492025133	0.530691155147	0.554374093765	0.493475108748	0.423392943451	0.443692605123	0.66892218463	0.587723537941	0.454325761237	0.526824552924	0.429676172064	0.596423392943	0.510391493475	0.68970517158	0.640405993233	0.504108264862	0.501208313195	0.466408893185	0.659255679072	0.590140164331	0.625906234896	0.609956500725	0.60415659739	0.630739487675	0.500724987917	0.502174963751	0.535524407927	0.528757854036	0.544224262929	0.634122764621	0.554857419043	0.605606573224	0.491541807637	0.59255679072
AE4	0.620589656839	0.515224746254	0.954567423876	0.622522957951	0.584823586274	0.514258095698	0.360560657322	0.405509908168	0.506524891252	0.0	0.574673755437	0.53020782987	0.56259062349	0.865152247463	0.523924601257	0.550507491542	0.588690188497	0.582890285162	0.931367810536	0.757854035766	0.656839052682	0.591106814886	0.601256645723	0.589656839053	0.90285161914	0.624456259062	0.584823586274	0.588690188497	0.589173513775	0.597873368777	0.643789270179	0.595940067666	0.529724504592	0.556307394877	0.699371677139	0.617689705172	0.569840502658	0.48380860319	0.536491058482	0.531657805703	0.509908168197	0.598356694055	0.55099081682	0.491541807637	0.602223296278	0.590140164331	0.716771387144	0.647655872402	0.689221846303	0.669405509908	0.66892218463	0.6805219913	0.575157080715	0.565973900435	0.594006766554	0.589173513775	0.559690671822	0.681488641856	0.57177380377	0.668438859352	0.591106814886	0.652972450459
AF3	0.619139681005	0.563073948768	0.97680038666	0.65055582407	0.622039632673	0.343644272595	0.674238762687	0.425326244563	0.425326244563	0.574673755437	0.0	0.534557757371	0.541807636539	0.89125181247	0.615273078782	0.580473658772	0.457709038183	0.446592556791	0.956984050266	0.785403576607	0.58095698405	0.530691155147	0.447559207347	0.433542774287	0.920251329145	0.613823102948	0.448042532624	0.498791686805	0.528274528758	0.58337361044	0.526824552924	0.484291928468	0.444175930401	0.484291928468	0.676655389077	0.612856452392	0.434509424843	0.562107298212	0.446592556791	0.616239729338	0.540840985984	0.725954567424	0.679555340744	0.535524407927	0.509424842919	0.488158530691	0.672788786854	0.602706621556	0.664572257129	0.62735621073	0.616723054616	0.641855969067	0.536007733204	0.51377477042	0.543257612373	0.53939101015	0.578540357661	0.647655872402	0.588690188497	0.621072982117	0.503141614306	0.602706621556
AF4	0.611406476559	0.5186080232	0.939584340261	0.616239729338	0.330111164814	0.40502658289	0.592073465442	0.480425326245	0.499758337361	0.53020782987	0.534557757371	0.0	0.556307394877	0.853552440793	0.556307394877	0.548090865152	0.573707104882	0.563073948768	0.881585306912	0.725954567424	0.69453842436	0.623006283229	0.665538907685	0.647655872402	0.851619139681	0.640405993233	0.597873368777	0.622522957951	0.621556307395	0.643789270179	0.652489125181	0.608989850169	0.562107298212	0.565973900435	0.608023199613	0.535524407927	0.5601739971	0.542774287095	0.521991300145	0.507974867086	0.505558240696	0.63653939101	0.614789753504	0.507974867086	0.574190430159	0.567423876269	0.594490091832	0.532624456259	0.570323827936	0.53939101015	0.550507491542	0.562107298212	0.482358627356	0.50700821653	0.523924601257	0.516674722088	0.570807153214	0.558724021266	0.562107298212	0.53697438376	0.57177380377	0.526341227646
AG3	0.586273562107	0.464475592073	0.969067182214	0.480425326245	0.601739971	0.499758337361	0.633156114065	0.534557757371	0.510874818753	0.56259062349	0.541807636539	0.556307394877	0.0	0.854035766071	0.519091348478	0.523924601257	0.511358144031	0.494925084582	0.920251329145	0.752537457709	0.667955534074	0.576607056549	0.589656839053	0.596423392943	0.880135331078	0.629772837119	0.553407443209	0.559690671822	0.596423392943	0.622039632673	0.623006283229	0.555340744321	0.53697438376	0.531174480425	0.673272112131	0.617206379894	0.547124214596	0.554374093765	0.531657805703	0.569840502658	0.515708071532	0.681971967134	0.632672788787	0.551474142098	0.581923634606	0.563073948768	0.629289511841	0.578057032383	0.633156114065	0.600773320445	0.594006766554	0.60415659739	0.528274528758	0.526824552924	0.543740937651	0.53020782987	0.53939101015	0.612373127115	0.553407443209	0.602706621556	0.518124697922	0.584823586274
AG4	0.852102464959	0.866602223296	0.33107781537	0.572257129048	0.834219429676	0.872885451909	0.874335427743	0.855485741904	0.855969067182	0.865152247463	0.89125181247	0.853552440793	0.854035766071	0.0	0.879168680522	0.84726921218	0.896568390527	0.893185113581	0.714354760754	0.665538907685	0.813919768004	0.830352827453	0.884968583857	0.876268728855	0.826969550507	0.823102948284	0.85886901885	0.862252295795	0.762687288545	0.742870952151	0.874335427743	0.874818753021	0.8796520058	0.883035282745	0.893668438859	0.885451909135	0.890768487192	0.86563557274	0.89125181247	0.88883518608	0.889801836636	0.851135814403	0.851619139681	0.876752054132	0.901401643306	0.895601739971	0.891735137748	0.889318511358	0.895118414693	0.888351860802	0.894151764137	0.89125181247	0.894151764137	0.892701788304	0.898501691638	0.894151764137	0.892218463026	0.889801836636	0.889801836636	0.889801836636	0.894151764137	0.894635089415
AH3	0.649105848236	0.367810536491	0.964717254712	0.599806669889	0.605123247946	0.546157564041	0.564523924601	0.549540840986	0.550507491542	0.523924601257	0.615273078782	0.556307394877	0.519091348478	0.879168680522	0.0	0.52779120348	0.590140164331	0.593523441276	0.924601256646	0.758337361044	0.705654905752	0.612856452392	0.62735621073	0.6389560174	0.899468342194	0.679072015466	0.626389560174	0.614789753504	0.653939101015	0.661672305462	0.68293861769	0.622039632673	0.546157564041	0.577090381827	0.715804736588	0.641372643789	0.625906234896	0.551474142098	0.596906718221	0.568390526825	0.540357660706	0.600773320445	0.562107298212	0.55775737071	0.641372643789	0.625422909618	0.70130497825	0.623006283229	0.65732237796	0.639439342678	0.650072498792	0.66892218463	0.589173513775	0.598840019333	0.60657322378	0.591590140164	0.572257129048	0.665538907685	0.5601739971	0.637022716288	0.59497341711	0.631222812953
AH4	0.33107781537	0.394393426776	0.93523441276	0.594490091832	0.610439826003	0.528274528758	0.628322861286	0.530691155147	0.52779120348	0.550507491542	0.580473658772	0.548090865152	0.523924601257	0.84726921218	0.52779120348	0.0	0.542290961817	0.53939101015	0.873852102465	0.71532141131	0.636056065732	0.552924117931	0.579023682939	0.581923634606	0.851619139681	0.595940067666	0.551474142098	0.55775737071	0.578057032383	0.582890285162	0.59497341711	0.546157564041	0.556790720155	0.558724021266	0.700821652972	0.636056065732	0.586273562107	0.581440309328	0.565490575157	0.589173513775	0.542290961817	0.687771870469	0.641372643789	0.574673755437	0.600773320445	0.582890285162	0.669888835186	0.610439826003	0.672305461576	0.614306428226	0.624456259062	0.632189463509	0.543740937651	0.527307878202	0.55099081682	0.533107781537	0.517158047366	0.638472692122	0.53020782987	0.616239729338	0.55099081682	0.610923151281
AA7	0.570323827936	0.537941034316	0.974867085549	0.632672788787	0.620589656839	0.470758820686	0.683421942968	0.4813919768	0.458675688739	0.588690188497	0.457709038183	0.573707104882	0.511358144031	0.896568390527	0.590140164331	0.542290961817	0.0	0.283711938134	0.91445142581	0.764620589657	0.578540357661	0.480425326245	0.480908651522	0.484291928468	0.873368777187	0.596423392943	0.452392460126	0.453842435959	0.518124697922	0.571290478492	0.515708071532	0.402609956501	0.443209279845	0.49299178347	0.714838086032	0.659255679072	0.479942000967	0.582406959884	0.488641855969	0.609473175447	0.55775737071	0.729821169647	0.681971967134	0.579507008217	0.556790720155	0.522474625423	0.669405509908	0.616723054616	0.679555340744	0.642339294345	0.613823102948	0.631706138231	0.519091348478	0.521991300145	0.544707588207	0.529724504592	0.540840985984	0.627839536008	0.552440792653	0.642339294345	0.501208313195	0.607539874335
AA8	0.569840502658	0.52537457709	0.971483808603	0.632672788787	0.609956500725	0.46060898985	0.678105364911	0.465925567907	0.446592556791	0.582890285162	0.446592556791	0.563073948768	0.494925084582	0.893185113581	0.593523441276	0.53939101015	0.283711938134	0.0	0.911551474142	0.759787336878	0.577090381827	0.480425326245	0.480425326245	0.478975350411	0.86563557274	0.589173513775	0.438859352344	0.444659255679	0.504108264862	0.55775737071	0.479942000967	0.367327211213	0.436926051232	0.482358627356	0.703238279362	0.648622522958	0.467858869019	0.567907201547	0.475592073465	0.605123247946	0.538907684872	0.72450459159	0.678105364911	0.56935717738	0.545674238763	0.50459159014	0.652489125181	0.597873368777	0.662155630739	0.629772837119	0.606089898502	0.623489608507	0.505558240696	0.510391493475	0.532141130981	0.5186080232	0.53697438376	0.618173030449	0.550024166264	0.626872885452	0.493475108748	0.597390043499
AB7	0.859352344128	0.890768487192	0.739971000483	0.72692121798	0.855002416626	0.918318028033	0.941034316095	0.92363460609	0.921701304978	0.931367810536	0.956984050266	0.881585306912	0.920251329145	0.714354760754	0.924601256646	0.873852102465	0.91445142581	0.911551474142	0.0	0.398743354277	0.816819719671	0.838086031899	0.938617689705	0.918318028033	0.731754470759	0.82165297245	0.88883518608	0.8796520058	0.734171097148	0.690671822136	0.879168680522	0.898018366361	0.92363460609	0.938617689705	0.933784436926	0.934267762204	0.949734171097	0.913968100532	0.956984050266	0.934267762204	0.933301111648	0.864185596907	0.887868535524	0.913484775254	0.961333977767	0.949734171097	0.920251329145	0.927017883035	0.933301111648	0.933784436926	0.92363460609	0.917351377477	0.910101498308	0.914934751087	0.915418076365	0.90961817303	0.913968100532	0.904784920251	0.923151280812	0.926051232479	0.948284195263	0.927984533591
AB8	0.711938134364	0.724987916868	0.748187530208	0.562107298212	0.74528757854	0.74528757854	0.771387143548	0.748670855486	0.746737554374	0.757854035766	0.785403576607	0.725954567424	0.752537457709	0.665538907685	0.758337361044	0.71532141131	0.764620589657	0.759787336878	0.398743354277	0.0	0.651522474625	0.663122281295	0.760753987434	0.737554374094	0.738037699372	0.655872402127	0.710971483809	0.710004833253	0.526824552924	0.517158047366	0.73368777187	0.737554374094	0.758337361044	0.768003866602	0.808603189947	0.76848719188	0.776703721605	0.744804253262	0.77767037216	0.762687288545	0.753504108265	0.714838086032	0.729337844369	0.743837602707	0.793136781054	0.782986950217	0.809569840503	0.762687288545	0.792170130498	0.769453842436	0.772353794103	0.778637022716	0.763170613823	0.761720637989	0.765587240213	0.759787336878	0.757854035766	0.774287095215	0.764137264379	0.7593040116	0.775737071049	0.764137264379
AC7	0.621556307395	0.670372160464	0.89125181247	0.661672305462	0.731271145481	0.592073465442	0.720637989367	0.564523924601	0.549057515708	0.656839052682	0.58095698405	0.69453842436	0.667955534074	0.813919768004	0.705654905752	0.636056065732	0.578540357661	0.577090381827	0.816819719671	0.651522474625	0.0	0.367327211213	0.576123731271	0.55775737071	0.824552924118	0.578540357661	0.542774287095	0.519091348478	0.467858869019	0.48380860319	0.562107298212	0.540840985984	0.555340744321	0.598356694055	0.81488641856	0.741420976317	0.616723054616	0.652972450459	0.599806669889	0.732237796037	0.676655389077	0.714354760754	0.689221846303	0.642822619623	0.647655872402	0.612856452392	0.818269695505	0.753020782987	0.798936684389	0.787336877719	0.753987433543	0.775253745771	0.679555340744	0.663122281295	0.681971967134	0.683905268246	0.673272112131	0.787336877719	0.680038666022	0.769453842436	0.621072982117	0.752054132431
AC8	0.573223779604	0.568390526825	0.910584823586	0.611889801837	0.66892218463	0.530691155147	0.688738521025	0.491058482359	0.478008699855	0.591106814886	0.530691155147	0.623006283229	0.576607056549	0.830352827453	0.612856452392	0.552924117931	0.480425326245	0.480425326245	0.838086031899	0.663122281295	0.367327211213	0.0	0.488641855969	0.490575157081	0.836152730788	0.542774287095	0.392460125665	0.369260512325	0.424842919285	0.468825519575	0.514258095698	0.461575640406	0.477042049299	0.505074915418	0.734171097148	0.666505558241	0.536007733204	0.581440309328	0.532624456259	0.652489125181	0.595456742388	0.680038666022	0.637022716288	0.568390526825	0.568873852102	0.538424359594	0.729821169647	0.658289028516	0.720637989367	0.706138231029	0.673755437409	0.690188496858	0.590623489609	0.573707104882	0.601256645723	0.59497341711	0.576123731271	0.691155147414	0.585790236829	0.691638472692	0.533107781537	0.65973900435
AD7	0.604639922668	0.589656839053	0.967133881102	0.666988883519	0.722571290478	0.526824552924	0.69453842436	0.503141614306	0.494441759304	0.601256645723	0.447559207347	0.665538907685	0.589656839053	0.884968583857	0.62735621073	0.579023682939	0.480908651522	0.480425326245	0.938617689705	0.760753987434	0.576123731271	0.488641855969	0.0	0.305944900918	0.909134847753	0.517641372644	0.434026099565	0.456742387627	0.499275012083	0.556790720155	0.508458192363	0.461575640406	0.482841952634	0.526341227646	0.746737554374	0.673755437409	0.516674722088	0.602223296278	0.534557757371	0.64813919768	0.607539874335	0.731754470759	0.679555340744	0.591590140164	0.569840502658	0.538424359594	0.752537457709	0.674722087965	0.737554374094	0.719671338811	0.685838569357	0.702754954084	0.598840019333	0.587723537941	0.603673272112	0.612856452392	0.579507008217	0.709521507975	0.594490091832	0.703238279362	0.554857419043	0.673755437409
AD8	0.590623489609	0.588206863219	0.958917351377	0.652489125181	0.708071532141	0.501208313195	0.690188496858	0.496375060416	0.492508458192	0.589656839053	0.433542774287	0.647655872402	0.596423392943	0.876268728855	0.6389560174	0.581923634606	0.484291928468	0.478975350411	0.918318028033	0.737554374094	0.55775737071	0.490575157081	0.305944900918	0.0	0.854035766071	0.474142097632	0.420009666506	0.448525857902	0.474142097632	0.528757854036	0.491541807637	0.461092315128	0.482358627356	0.540357660706	0.741420976317	0.66892218463	0.500241662639	0.587723537941	0.526341227646	0.640889318511	0.600773320445	0.726437892702	0.675688738521	0.582890285162	0.576123731271	0.544224262929	0.74770420493	0.669405509908	0.735621072982	0.712421459642	0.680038666022	0.697438376027	0.600289995167	0.584340260996	0.606089898502	0.609956500725	0.594490091832	0.70130497825	0.604639922668	0.693571773804	0.555340744321	0.674238762687
AE7	0.838569357177	0.881585306912	0.853552440793	0.796036732721	0.828419526341	0.881585306912	0.921701304978	0.902368293862	0.887868535524	0.90285161914	0.920251329145	0.851619139681	0.880135331078	0.826969550507	0.899468342194	0.851619139681	0.873368777187	0.86563557274	0.731754470759	0.738037699372	0.824552924118	0.836152730788	0.909134847753	0.854035766071	0.0	0.549540840986	0.864668922185	0.863218946351	0.765103914935	0.760753987434	0.840502658289	0.849202513291	0.903818269696	0.916868052199	0.928951184147	0.919768003867	0.919284678589	0.903818269696	0.928951184147	0.885935234413	0.897051715805	0.87723537941	0.882551957467	0.884485258579	0.941034316095	0.920734654422	0.892701788304	0.907684871919	0.920251329145	0.898985016916	0.904301594973	0.901401643306	0.895118414693	0.902368293862	0.906234896085	0.89125181247	0.904784920251	0.890768487192	0.909134847753	0.901401643306	0.916384726921	0.904301594973
AE8	0.597390043499	0.625422909618	0.90285161914	0.647655872402	0.695505074915	0.573223779604	0.685838569357	0.592073465442	0.581440309328	0.624456259062	0.613823102948	0.640405993233	0.629772837119	0.823102948284	0.679072015466	0.595940067666	0.596423392943	0.589173513775	0.82165297245	0.655872402127	0.578540357661	0.542774287095	0.517641372644	0.474142097632	0.549540840986	0.0	0.563073948768	0.555340744321	0.519574673755	0.519574673755	0.577090381827	0.567423876269	0.600773320445	0.611889801837	0.769453842436	0.699371677139	0.619623006283	0.608506524891	0.623006283229	0.666022232963	0.637506041566	0.704204929918	0.665538907685	0.601739971	0.628322861286	0.618656355727	0.762687288545	0.686321894635	0.760270662156	0.722087965201	0.705171580474	0.724021266312	0.640405993233	0.618173030449	0.648622522958	0.646689221846	0.634606089899	0.725954567424	0.651522474625	0.70372160464	0.605123247946	0.68970517158
AF7	0.563073948768	0.550024166264	0.940067665539	0.639922667956	0.658289028516	0.499758337361	0.684871918801	0.452875785404	0.449975833736	0.584823586274	0.448042532624	0.597873368777	0.553407443209	0.85886901885	0.626389560174	0.551474142098	0.452392460126	0.438859352344	0.88883518608	0.710971483809	0.542774287095	0.392460125665	0.434026099565	0.420009666506	0.864668922185	0.563073948768	0.0	0.32866118898	0.456259062349	0.512324794587	0.480908651522	0.45142580957	0.444659255679	0.4813919768	0.70130497825	0.635572740454	0.47220879652	0.546157564041	0.488158530691	0.612856452392	0.546157564041	0.707588206863	0.656355727405	0.543257612373	0.538424359594	0.505558240696	0.682455292412	0.616239729338	0.686321894635	0.667472208797	0.633156114065	0.642339294345	0.547124214596	0.535041082649	0.559207346544	0.554374093765	0.549057515708	0.647172547124	0.570323827936	0.654422426293	0.498308361527	0.607539874335
AF8	0.564040599323	0.549057515708	0.943450942484	0.646689221846	0.679555340744	0.503624939584	0.686321894635	0.478008699855	0.470275495408	0.588690188497	0.498791686805	0.622522957951	0.559690671822	0.862252295795	0.614789753504	0.55775737071	0.453842435959	0.444659255679	0.8796520058	0.710004833253	0.519091348478	0.369260512325	0.456742387627	0.448525857902	0.863218946351	0.555340744321	0.32866118898	0.0	0.455292411793	0.518124697922	0.510874818753	0.44224262929	0.435959400677	0.489125181247	0.714354760754	0.647655872402	0.491058482359	0.556790720155	0.509908168197	0.612856452392	0.560657322378	0.695988400193	0.646205896568	0.555340744321	0.556307394877	0.521507974867	0.695505074915	0.628806186564	0.699855002417	0.681005316578	0.643305944901	0.649589173514	0.561623972934	0.544224262929	0.577090381827	0.565490575157	0.546157564041	0.656839052682	0.55775737071	0.663605606573	0.498791686805	0.62493958434
AG7	0.58095698405	0.59255679072	0.845819236346	0.555824069599	0.65732237796	0.523924601257	0.688738521025	0.484291928468	0.478492025133	0.589173513775	0.528274528758	0.621556307395	0.596423392943	0.762687288545	0.653939101015	0.578057032383	0.518124697922	0.504108264862	0.734171097148	0.526824552924	0.467858869019	0.424842919285	0.499275012083	0.474142097632	0.765103914935	0.519574673755	0.456259062349	0.455292411793	0.0	0.311744804253	0.546157564041	0.506041565974	0.496858385694	0.535041082649	0.734654422426	0.660705654906	0.52537457709	0.570323827936	0.526341227646	0.630739487675	0.594006766554	0.666505558241	0.633639439343	0.554374093765	0.585306911551	0.558240695988	0.731271145481	0.65732237796	0.712421459642	0.692605123248	0.665538907685	0.688255195747	0.587723537941	0.582890285162	0.609473175447	0.608023199613	0.598840019333	0.68970517158	0.61333977767	0.680038666022	0.5601739971	0.656839052682
AG8	0.584340260996	0.613823102948	0.841469308845	0.583856935718	0.678588690188	0.554857419043	0.675688738521	0.538424359594	0.530691155147	0.597873368777	0.58337361044	0.643789270179	0.622039632673	0.742870952151	0.661672305462	0.582890285162	0.571290478492	0.55775737071	0.690671822136	0.517158047366	0.48380860319	0.468825519575	0.556790720155	0.528757854036	0.760753987434	0.519574673755	0.512324794587	0.518124697922	0.311744804253	0.0	0.563557274045	0.542774287095	0.556307394877	0.572257129048	0.765587240213	0.694055099082	0.582406959884	0.59255679072	0.579507008217	0.664572257129	0.615273078782	0.673272112131	0.651522474625	0.586273562107	0.619139681005	0.591106814886	0.763653939101	0.688255195747	0.740937651039	0.720154664089	0.70130497825	0.718221362977	0.621556307395	0.612373127115	0.629772837119	0.63653939101	0.628806186564	0.721604639923	0.647172547124	0.70130497825	0.598840019333	0.68293861769
AH7	0.591590140164	0.637989366844	0.956984050266	0.697438376027	0.710004833253	0.568390526825	0.713871435476	0.548090865152	0.554374093765	0.643789270179	0.526824552924	0.652489125181	0.623006283229	0.874335427743	0.68293861769	0.59497341711	0.515708071532	0.479942000967	0.879168680522	0.73368777187	0.562107298212	0.514258095698	0.508458192363	0.491541807637	0.840502658289	0.577090381827	0.480908651522	0.510874818753	0.546157564041	0.563557274045	0.0	0.327211213146	0.562107298212	0.603673272112	0.778153697438	0.72450459159	0.56259062349	0.655389076849	0.596423392943	0.678588690188	0.652489125181	0.774770420493	0.731271145481	0.646205896568	0.639439342678	0.614306428226	0.763653939101	0.71532141131	0.770420492992	0.729337844369	0.710971483809	0.727887868536	0.625906234896	0.623006283229	0.629772837119	0.635089415176	0.623972933784	0.729337844369	0.637022716288	0.717254712421	0.606089898502	0.711938134364
AH8	0.565490575157	0.575157080715	0.956500724988	0.651039149348	0.668438859352	0.505558240696	0.687771870469	0.501208313195	0.493475108748	0.595940067666	0.484291928468	0.608989850169	0.555340744321	0.874818753021	0.622039632673	0.546157564041	0.402609956501	0.367327211213	0.898018366361	0.737554374094	0.540840985984	0.461575640406	0.461575640406	0.461092315128	0.849202513291	0.567423876269	0.45142580957	0.44224262929	0.506041565974	0.542774287095	0.327211213146	0.0	0.48622522958	0.529724504592	0.741904301595	0.678588690188	0.508458192363	0.595940067666	0.537457709038	0.62493958434	0.590623489609	0.728371193813	0.679072015466	0.59255679072	0.578540357661	0.546157564041	0.715804736588	0.652972450459	0.718704688255	0.679072015466	0.655872402127	0.673272112131	0.579990333494	0.563073948768	0.584340260996	0.579507008217	0.561623972934	0.679555340744	0.577573707105	0.668438859352	0.540840985984	0.653939101015
AA5	0.599806669889	0.512324794587	0.962300628323	0.647172547124	0.620589656839	0.4398260029	0.62493958434	0.41662638956	0.423392943451	0.529724504592	0.444175930401	0.562107298212	0.53697438376	0.8796520058	0.546157564041	0.556790720155	0.443209279845	0.436926051232	0.92363460609	0.758337361044	0.555340744321	0.477042049299	0.482841952634	0.482358627356	0.903818269696	0.600773320445	0.444659255679	0.435959400677	0.496858385694	0.556307394877	0.562107298212	0.48622522958	0.0	0.349927501208	0.69212179797	0.596906718221	0.470758820686	0.471725471242	0.472692121798	0.553890768487	0.503624939584	0.633156114065	0.58337361044	0.477525374577	0.535041082649	0.475592073465	0.709521507975	0.642339294345	0.680038666022	0.663122281295	0.663605606573	0.683421942968	0.541324311261	0.554857419043	0.586756887385	0.573707104882	0.542774287095	0.675688738521	0.565973900435	0.653455775737	0.514741420976	0.64572257129
AA6	0.598840019333	0.519091348478	0.966650555824	0.653939101015	0.626389560174	0.454325761237	0.649105848236	0.44900918318	0.443692605123	0.556307394877	0.484291928468	0.565973900435	0.531174480425	0.883035282745	0.577090381827	0.558724021266	0.49299178347	0.482358627356	0.938617689705	0.768003866602	0.598356694055	0.505074915418	0.526341227646	0.540357660706	0.916868052199	0.611889801837	0.4813919768	0.489125181247	0.535041082649	0.572257129048	0.603673272112	0.529724504592	0.349927501208	0.0	0.677138714355	0.574673755437	0.500241662639	0.501691638473	0.469308844853	0.579507008217	0.503141614306	0.664088931851	0.612856452392	0.494925084582	0.46060898985	0.414209763171	0.687288545191	0.624456259062	0.660705654906	0.650072498792	0.640405993233	0.659255679072	0.523924601257	0.533107781537	0.565973900435	0.554857419043	0.548090865152	0.657805703238	0.565490575157	0.637506041566	0.509424842919	0.625422909618
AB5	0.746254229096	0.666505558241	0.977767037216	0.72450459159	0.638472692122	0.635572740454	0.736587723538	0.655872402127	0.66892218463	0.699371677139	0.676655389077	0.608023199613	0.673272112131	0.893668438859	0.715804736588	0.700821652972	0.714838086032	0.703238279362	0.933784436926	0.808603189947	0.81488641856	0.734171097148	0.746737554374	0.741420976317	0.928951184147	0.769453842436	0.70130497825	0.714354760754	0.734654422426	0.765587240213	0.778153697438	0.741904301595	0.69212179797	0.677138714355	0.0	0.300628322861	0.616239729338	0.670372160464	0.621556307395	0.620106331561	0.623972933784	0.75688738521	0.738037699372	0.645239246013	0.621556307395	0.612373127115	0.612373127115	0.612856452392	0.622522957951	0.596423392943	0.616723054616	0.608989850169	0.600773320445	0.600773320445	0.603673272112	0.611406476559	0.669888835186	0.591590140164	0.673755437409	0.60415659739	0.673755437409	0.607056549058
AB6	0.686321894635	0.590140164331	0.968583856936	0.677138714355	0.605606573224	0.559207346544	0.655872402127	0.570807153214	0.587723537941	0.617689705172	0.612856452392	0.535524407927	0.617206379894	0.885451909135	0.641372643789	0.636056065732	0.659255679072	0.648622522958	0.934267762204	0.76848719188	0.741420976317	0.666505558241	0.673755437409	0.66892218463	0.919768003867	0.699371677139	0.635572740454	0.647655872402	0.660705654906	0.694055099082	0.72450459159	0.678588690188	0.596906718221	0.574673755437	0.300628322861	0.0	0.557274045433	0.57177380377	0.550024166264	0.557274045433	0.558240695988	0.670855485742	0.645239246013	0.535041082649	0.55775737071	0.545674238763	0.620589656839	0.566457225713	0.602223296278	0.572740454326	0.581440309328	0.596423392943	0.533591106815	0.557274045433	0.565490575157	0.567907201547	0.603673272112	0.578540357661	0.608506524891	0.565973900435	0.629289511841	0.56259062349
AC5	0.616239729338	0.56935717738	0.977767037216	0.655872402127	0.65055582407	0.461575640406	0.675205413243	0.445625906235	0.454325761237	0.569840502658	0.434509424843	0.5601739971	0.547124214596	0.890768487192	0.625906234896	0.586273562107	0.479942000967	0.467858869019	0.949734171097	0.776703721605	0.616723054616	0.536007733204	0.516674722088	0.500241662639	0.919284678589	0.619623006283	0.47220879652	0.491058482359	0.52537457709	0.582406959884	0.56259062349	0.508458192363	0.470758820686	0.500241662639	0.616239729338	0.557274045433	0.0	0.455292411793	0.423392943451	0.584823586274	0.532624456259	0.718221362977	0.661672305462	0.525857902368	0.473658772354	0.443209279845	0.61333977767	0.555824069599	0.626389560174	0.579990333494	0.568390526825	0.582890285162	0.493958434026	0.473658772354	0.502658289029	0.507491541808	0.56935717738	0.591106814886	0.582890285162	0.569840502658	0.518124697922	0.54857419043
AC6	0.632189463509	0.515224746254	0.959400676655	0.653455775737	0.596906718221	0.509908168197	0.534074432093	0.493475108748	0.526824552924	0.48380860319	0.562107298212	0.542774287095	0.554374093765	0.86563557274	0.551474142098	0.581440309328	0.582406959884	0.567907201547	0.913968100532	0.744804253262	0.652972450459	0.581440309328	0.602223296278	0.587723537941	0.903818269696	0.608506524891	0.546157564041	0.556790720155	0.570323827936	0.59255679072	0.655389076849	0.595940067666	0.471725471242	0.501691638473	0.670372160464	0.57177380377	0.455292411793	0.0	0.529241179314	0.533591106815	0.527307878202	0.489125181247	0.43064282262	0.418076365394	0.566457225713	0.549540840986	0.68293861769	0.633156114065	0.665538907685	0.632189463509	0.644272595457	0.661188980184	0.573707104882	0.564040599323	0.591106814886	0.586273562107	0.561623972934	0.657805703238	0.58337361044	0.625422909618	0.554857419043	0.622522957951
AD6	0.613823102948	0.544707588207	0.97680038666	0.63653939101	0.603189946834	0.419526341228	0.630739487675	0.41904301595	0.429676172064	0.536491058482	0.446592556791	0.521991300145	0.531657805703	0.89125181247	0.596906718221	0.565490575157	0.488641855969	0.475592073465	0.956984050266	0.77767037216	0.599806669889	0.532624456259	0.534557757371	0.526341227646	0.928951184147	0.623006283229	0.488158530691	0.509908168197	0.526341227646	0.579507008217	0.596423392943	0.537457709038	0.472692121798	0.469308844853	0.621556307395	0.550024166264	0.423392943451	0.529241179314	0.0	0.558724021266	0.429192846786	0.707588206863	0.653455775737	0.520057999033	0.464958917351	0.436442725955	0.603189946834	0.538424359594	0.591106814886	0.566457225713	0.552440792653	0.577090381827	0.471242145964	0.440792653456	0.482841952634	0.479458675689	0.552924117931	0.575640405993	0.560657322378	0.565973900435	0.47462542291	0.538424359594
AE5	0.643789270179	0.53939101015	0.975833736104	0.637989366844	0.552440792653	0.542290961817	0.572257129048	0.552440792653	0.596423392943	0.531657805703	0.616239729338	0.507974867086	0.569840502658	0.88883518608	0.568390526825	0.589173513775	0.609473175447	0.605123247946	0.934267762204	0.762687288545	0.732237796037	0.652489125181	0.64813919768	0.640889318511	0.885935234413	0.666022232963	0.612856452392	0.612856452392	0.630739487675	0.664572257129	0.678588690188	0.62493958434	0.553890768487	0.579507008217	0.620106331561	0.557274045433	0.584823586274	0.533591106815	0.558724021266	0.0	0.374093765104	0.622522957951	0.599323344611	0.519091348478	0.623006283229	0.619139681005	0.646205896568	0.595456742388	0.632189463509	0.599323344611	0.630739487675	0.632672788787	0.535041082649	0.565973900435	0.595940067666	0.559207346544	0.559690671822	0.628322861286	0.562107298212	0.598356694055	0.576123731271	0.599806669889
AE6	0.609473175447	0.487675205413	0.975833736104	0.625422909618	0.552924117931	0.470275495408	0.578057032383	0.475592073465	0.510391493475	0.509908168197	0.540840985984	0.505558240696	0.515708071532	0.889801836636	0.540357660706	0.542290961817	0.55775737071	0.538907684872	0.933301111648	0.753504108265	0.676655389077	0.595456742388	0.607539874335	0.600773320445	0.897051715805	0.637506041566	0.546157564041	0.560657322378	0.594006766554	0.615273078782	0.652489125181	0.590623489609	0.503624939584	0.503141614306	0.623972933784	0.558240695988	0.532624456259	0.527307878202	0.429192846786	0.374093765104	0.0	0.665055582407	0.608506524891	0.502174963751	0.550507491542	0.533107781537	0.61575640406	0.556790720155	0.592073465442	0.572740454326	0.579990333494	0.598356694055	0.472692121798	0.486708554857	0.515708071532	0.491058482359	0.5186080232	0.593040115998	0.52779120348	0.570323827936	0.511358144031	0.561140647656
AF5	0.731754470759	0.638472692122	0.933784436926	0.676655389077	0.667955534074	0.676172063799	0.563073948768	0.652005799903	0.68970517158	0.598356694055	0.725954567424	0.63653939101	0.681971967134	0.851135814403	0.600773320445	0.687771870469	0.729821169647	0.72450459159	0.864185596907	0.714838086032	0.714354760754	0.680038666022	0.731754470759	0.726437892702	0.87723537941	0.704204929918	0.707588206863	0.695988400193	0.666505558241	0.673272112131	0.774770420493	0.728371193813	0.633156114065	0.664088931851	0.75688738521	0.670855485742	0.718221362977	0.489125181247	0.707588206863	0.622522957951	0.665055582407	0.0	0.272112131464	0.559690671822	0.730304494925	0.719188013533	0.766070565491	0.722087965201	0.744804253262	0.717738037699	0.739004349928	0.749154180764	0.696955050749	0.723537941034	0.739004349928	0.722087965201	0.681971967134	0.742387626873	0.684388593523	0.713388110198	0.725471242146	0.723054615756
AF6	0.693088448526	0.588690188497	0.936201063316	0.668438859352	0.655872402127	0.62735621073	0.531657805703	0.600289995167	0.640405993233	0.55099081682	0.679555340744	0.614789753504	0.632672788787	0.851619139681	0.562107298212	0.641372643789	0.681971967134	0.678105364911	0.887868535524	0.729337844369	0.689221846303	0.637022716288	0.679555340744	0.675688738521	0.882551957467	0.665538907685	0.656355727405	0.646205896568	0.633639439343	0.651522474625	0.731271145481	0.679072015466	0.58337361044	0.612856452392	0.738037699372	0.645239246013	0.661672305462	0.43064282262	0.653455775737	0.599323344611	0.608506524891	0.272112131464	0.0	0.511358144031	0.680038666022	0.670372160464	0.752054132431	0.70372160464	0.726437892702	0.698405026583	0.707588206863	0.731754470759	0.652005799903	0.671822136298	0.684388593523	0.671822136298	0.629772837119	0.727404543258	0.641372643789	0.697921701305	0.673755437409	0.704204929918
