	AA3	AA4	AB3	AB4	AC3	AC4	AD3	AD4	AE3	AE4	AF3	AF4	AG3	AG4	AH3	AH4	AA7	AA8	AB7	AB8	AC7	AC8	AD7	AD8	AE7	AE8	AF7	AF8	AG7	AG8	AH7	AH8	AA5	AA6	AB5	AB6	AC5	AC6	AD6	AE5	AE6	AF5	AF6	AG5	AH5	AH6	AA1	AA2	AB1	AB2	AC1	AC2	AD1	AD2	AE1	AE2	AF1	AF2	AG1	AG2	AH1	AH2
AA3	0.0	0.501208313195	0.938617689705	0.639439342678	0.676655389077	0.578057032383	0.669405509908	0.595456742388	0.578057032383	0.612856452392	0.618173030449	0.630739487675	0.579507008217	0.856935717738	0.647172547124	0.339777670372	0.573707104882	0.567423876269	0.877718704688	0.717738037699	0.626872885452	0.576123731271	0.608023199613	0.585790236829	0.836636056066	0.586273562107	0.579507008217	0.573223779604	0.590140164331	0.587240212663	0.592073465442	0.56935717738	0.599323344611	0.602223296278	0.763170613823	0.708071532141	0.607056549058	0.642822619623	0.603189946834	0.631706138231	0.617689705172	0.722571290478	0.699855002417	0.631222812953	0.63653939101	0.629289511841	0.692605123248	0.667472208797	0.717254712421	0.679555340744	0.652972450459	0.683421942968	0.591106814886	0.567423876269	0.584340260996	0.587240212663	0.576607056549	0.67133881102	0.593523441276	0.667955534074	0.584823586274	0.660222329628
AA4	0.501208313195	0.0	0.955534074432	0.581440309328	0.586756887385	0.483325277912	0.587723537941	0.496858385694	0.515708071532	0.531174480425	0.553890768487	0.52537457709	0.489608506525	0.864185596907	0.373127114548	0.364910584824	0.544707588207	0.543740937651	0.894151764137	0.729337844369	0.660705654906	0.579507008217	0.576607056549	0.573707104882	0.884001933301	0.608023199613	0.563557274045	0.558724021266	0.596906718221	0.610439826003	0.637506041566	0.589173513775	0.519574673755	0.528274528758	0.676655389077	0.610923151281	0.575157080715	0.534557757371	0.538907684872	0.538907684872	0.500241662639	0.629289511841	0.578057032383	0.526824552924	0.587240212663	0.582406959884	0.653939101015	0.594006766554	0.638472692122	0.61575640406	0.612856452392	0.651039149348	0.535524407927	0.524891251812	0.534074432093	0.527307878202	0.494925084582	0.621072982117	0.516674722088	0.602706621556	0.534557757371	0.589173513775
AB3	0.938617689705	0.955534074432	0.0	0.68293861769	0.919284678589	0.954567423876	0.960367327211	0.946350894152	0.93523441276	0.952150797487	0.973900434993	0.938134364427	0.968583856936	0.338811019816	0.965683905268	0.944900918318	0.971967133881	0.973900434993	0.734654422426	0.747220879652	0.895118414693	0.915418076365	0.963750604157	0.949250845819	0.850652489125	0.895118414693	0.943450942484	0.930884485259	0.849202513291	0.830836152731	0.953117448043	0.957950700822	0.960367327211	0.965683905268	0.976317061382	0.966167230546	0.976317061382	0.952150797487	0.975350410826	0.977283711938	0.975833736104	0.937167713871	0.937167713871	0.957467375544	0.978733687772	0.973900434993	0.977283711938	0.975833736104	0.971000483325	0.974867085549	0.97680038666	0.973900434993	0.977767037216	0.97680038666	0.977767037216	0.97680038666	0.975833736104	0.974383760271	0.974867085549	0.976317061382	0.978250362494	0.975833736104
AB4	0.639439342678	0.581440309328	0.68293861769	0.0	0.650072498792	0.60657322378	0.683421942968	0.614306428226	0.603673272112	0.632672788787	0.634606089899	0.624456259062	0.490091831803	0.572740454326	0.602706621556	0.589656839053	0.637506041566	0.632672788787	0.728371193813	0.56259062349	0.65055582407	0.623972933784	0.660705654906	0.63653939101	0.79168680522	0.617206379894	0.646205896568	0.625906234896	0.55099081682	0.552924117931	0.684871918801	0.642822619623	0.630739487675	0.649105848236	0.746737554374	0.677622039633	0.652005799903	0.648622522958	0.638472692122	0.638472692122	0.629289511841	0.661672305462	0.661188980184	0.631706138231	0.677622039633	0.670372160464	0.706138231029	0.665538907685	0.700338327695	0.690188496858	0.678588690188	0.695988400193	0.630739487675	0.65055582407	0.656355727405	0.639439342678	0.650072498792	0.6805219913	0.64572257129	0.678588690188	0.64813919768	0.669405509908
AC3	0.676655389077	0.586756887385	0.919284678589	0.650072498792	0.0	0.4813919768	0.640889318511	0.563557274045	0.573223779604	0.605606573224	0.613823102948	0.330594490092	0.598840019333	0.834219429676	0.601256645723	0.601256645723	0.623006283229	0.617206379894	0.873368777187	0.745770903818	0.734171097148	0.682455292412	0.715804736588	0.697438376027	0.82648622523	0.673755437409	0.663122281295	0.679072015466	0.669405509908	0.688738521025	0.709038182697	0.673755437409	0.611889801837	0.633639439343	0.633639439343	0.591106814886	0.623006283229	0.581923634606	0.573707104882	0.545190913485	0.575640405993	0.658772353794	0.639922667956	0.571290478492	0.643789270179	0.637989366844	0.584340260996	0.585790236829	0.588690188497	0.573223779604	0.600289995167	0.597390043499	0.535041082649	0.568873852102	0.577573707105	0.56259062349	0.625422909618	0.584340260996	0.618656355727	0.587723537941	0.613823102948	0.594006766554
AC4	0.578057032383	0.483325277912	0.954567423876	0.60657322378	0.4813919768	0.0	0.608506524891	0.405993233446	0.411793136781	0.518124697922	0.346544224263	0.399226679555	0.482358627356	0.86805219913	0.544224262929	0.509424842919	0.470275495408	0.457225712905	0.914934751087	0.746254229096	0.597390043499	0.525857902368	0.518124697922	0.505074915418	0.8796520058	0.567423876269	0.492508458192	0.517641372644	0.540357660706	0.565007249879	0.570323827936	0.521024649589	0.458192363461	0.467375543741	0.655389076849	0.583856935718	0.478975350411	0.507974867086	0.424359594007	0.533107781537	0.470758820686	0.67133881102	0.626389560174	0.506524891252	0.505558240696	0.49540840986	0.62493958434	0.562107298212	0.588690188497	0.579507008217	0.575640405993	0.610439826003	0.487675205413	0.494441759304	0.491541807637	0.489608506525	0.510391493475	0.589173513775	0.531174480425	0.574190430159	0.445625906235	0.564523924601
AD3	0.669405509908	0.587723537941	0.960367327211	0.683421942968	0.640889318511	0.608506524891	0.0	0.540357660706	0.629289511841	0.362493958434	0.665538907685	0.600289995167	0.628322861286	0.87046882552	0.556307394877	0.62735621073	0.680038666022	0.676655389077	0.940550990817	0.774770420493	0.713871435476	0.681005316578	0.692605123248	0.679072015466	0.917351377477	0.672305461576	0.686321894635	0.683421942968	0.68293861769	0.675688738521	0.708554857419	0.684388593523	0.623489608507	0.647172547124	0.752537457709	0.684871918801	0.673755437409	0.542290961817	0.622522957951	0.585790236829	0.574190430159	0.561623972934	0.537941034316	0.535524407927	0.698405026583	0.689221846303	0.762203963267	0.697921701305	0.725954567424	0.71290478492	0.704204929918	0.737554374094	0.660705654906	0.663122281295	0.663122281295	0.65055582407	0.616723054616	0.719671338811	0.643305944901	0.703238279362	0.681971967134	0.712421459642
AD4	0.595456742388	0.496858385694	0.946350894152	0.614306428226	0.563557274045	0.405993233446	0.540357660706	0.0	0.304978250362	0.412276462059	0.404543257612	0.501691638473	0.501208313195	0.861768970517	0.534074432093	0.521991300145	0.436926051232	0.43064282262	0.930401159981	0.753504108265	0.581923634606	0.489608506525	0.473658772354	0.462058965684	0.903334944418	0.592073465442	0.417109714838	0.453359110681	0.496858385694	0.560657322378	0.537457709038	0.492025132914	0.39584340261	0.438376027066	0.665055582407	0.586273562107	0.429192846786	0.484775253746	0.422909618173	0.551957467376	0.477525374577	0.648622522958	0.600289995167	0.491541807637	0.506524891252	0.484291928468	0.664572257129	0.601739971	0.635572740454	0.630256162397	0.620589656839	0.653939101015	0.526341227646	0.52779120348	0.519091348478	0.535041082649	0.515224746254	0.629289511841	0.553407443209	0.612373127115	0.490575157081	0.602706621556
AE3	0.578057032383	0.515708071532	0.93523441276	0.603673272112	0.573223779604	0.411793136781	0.629289511841	0.304978250362	0.0	0.509908168197	0.396810053166	0.510391493475	0.493958434026	0.855002416626	0.556307394877	0.517158047366	0.438376027066	0.434509424843	0.914934751087	0.739971000483	0.558724021266	0.466892218463	0.462058965684	0.465925567907	0.88883518608	0.572257129048	0.425326244563	0.453359110681	0.478492025133	0.536491058482	0.535041082649	0.491058482359	0.420492991783	0.453359110681	0.67133881102	0.601739971	0.432092798453	0.519091348478	0.425809569841	0.596423392943	0.523924601257	0.681005316578	0.633639439343	0.521024649589	0.501208313195	0.477525374577	0.648622522958	0.594490091832	0.619139681005	0.616239729338	0.602223296278	0.641855969067	0.521024649589	0.524891251812	0.520057999033	0.531657805703	0.535524407927	0.620589656839	0.559207346544	0.605606573224	0.479942000967	0.59497341711
AE4	0.612856452392	0.531174480425	0.952150797487	0.632672788787	0.605606573224	0.518124697922	0.362493958434	0.412276462059	0.509908168197	0.0	0.575640405993	0.552440792653	0.569840502658	0.863702271629	0.537457709038	0.552924117931	0.588690188497	0.584823586274	0.939584340261	0.764620589657	0.646205896568	0.58337361044	0.59497341711	0.578057032383	0.90961817303	0.600289995167	0.584340260996	0.58095698405	0.583856935718	0.599806669889	0.624456259062	0.592073465442	0.521024649589	0.549540840986	0.719188013533	0.642822619623	0.572257129048	0.475592073465	0.540840985984	0.53697438376	0.51377477042	0.577573707105	0.547607539874	0.493475108748	0.605123247946	0.589173513775	0.72692121798	0.667472208797	0.709521507975	0.697438376027	0.685355244079	0.721121314645	0.608023199613	0.603673272112	0.59497341711	0.600289995167	0.564523924601	0.694055099082	0.593523441276	0.6805219913	0.584823586274	0.674238762687
AF3	0.618173030449	0.553890768487	0.973900434993	0.634606089899	0.613823102948	0.346544224263	0.665538907685	0.404543257612	0.396810053166	0.575640405993	0.0	0.526824552924	0.514258095698	0.885451909135	0.596906718221	0.565007249879	0.433059449009	0.434992750121	0.952634122765	0.785403576607	0.586273562107	0.521507974867	0.433542774287	0.437892701788	0.922184630256	0.613823102948	0.437892701788	0.482841952634	0.527307878202	0.594006766554	0.528757854036	0.515224746254	0.449975833736	0.488641855969	0.679555340744	0.628322861286	0.426292895118	0.548090865152	0.433542774287	0.614306428226	0.535041082649	0.713871435476	0.668438859352	0.545674238763	0.50700821653	0.489125181247	0.662155630739	0.600773320445	0.643305944901	0.622522957951	0.609473175447	0.651039149348	0.540840985984	0.524407926535	0.523441275979	0.540357660706	0.560657322378	0.629289511841	0.573223779604	0.609956500725	0.47220879652	0.604639922668
AF4	0.630739487675	0.52537457709	0.938134364427	0.624456259062	0.330594490092	0.399226679555	0.600289995167	0.501691638473	0.510391493475	0.552440792653	0.526824552924	0.0	0.542290961817	0.852585790237	0.56259062349	0.552924117931	0.568873852102	0.569840502658	0.894151764137	0.728854519091	0.70130497825	0.637506041566	0.649589173514	0.627839536008	0.854035766071	0.623489608507	0.599323344611	0.621556307395	0.625906234896	0.648622522958	0.666505558241	0.623972933784	0.54857419043	0.574190430159	0.599806669889	0.525857902368	0.551957467376	0.532624456259	0.519091348478	0.503141614306	0.521507974867	0.625906234896	0.601739971	0.525857902368	0.559690671822	0.55099081682	0.574673755437	0.520541324311	0.553890768487	0.517641372644	0.534074432093	0.564523924601	0.479458675689	0.500724987917	0.521991300145	0.53020782987	0.566457225713	0.546640889319	0.565007249879	0.519091348478	0.56259062349	0.529724504592
AG3	0.579507008217	0.489608506525	0.968583856936	0.490091831803	0.598840019333	0.482358627356	0.628322861286	0.501208313195	0.493958434026	0.569840502658	0.514258095698	0.542290961817	0.0	0.850169163847	0.520541324311	0.509908168197	0.504108264862	0.49540840986	0.93523441276	0.757370710488	0.661672305462	0.582890285162	0.572257129048	0.574190430159	0.886418559691	0.60415659739	0.532624456259	0.559690671822	0.582406959884	0.605606573224	0.622522957951	0.554374093765	0.522957950701	0.520541324311	0.668438859352	0.621072982117	0.522474625423	0.549540840986	0.510874818753	0.565973900435	0.525857902368	0.669888835186	0.623972933784	0.533591106815	0.558724021266	0.553407443209	0.61333977767	0.573707104882	0.612856452392	0.607539874335	0.581440309328	0.609956500725	0.506524891252	0.521024649589	0.528757854036	0.51377477042	0.533591106815	0.599323344611	0.561623972934	0.595940067666	0.496858385694	0.586756887385
AG4	0.856935717738	0.864185596907	0.338811019816	0.572740454326	0.834219429676	0.86805219913	0.87046882552	0.861768970517	0.855002416626	0.863702271629	0.885451909135	0.852585790237	0.850169163847	0.0	0.875302078299	0.851619139681	0.89125181247	0.893185113581	0.713388110198	0.675205413243	0.822136297728	0.838569357177	0.884485258579	0.86805219913	0.826002899952	0.815369743838	0.866118898018	0.852102464959	0.771387143548	0.742387626873	0.884485258579	0.874818753021	0.877718704688	0.882551957467	0.903334944418	0.885451909135	0.893668438859	0.865152247463	0.89125181247	0.88883518608	0.889318511358	0.851619139681	0.850652489125	0.871435476075	0.898501691638	0.891735137748	0.889801836636	0.894151764137	0.890285161914	0.88883518608	0.898018366361	0.894635089415	0.895118414693	0.892701788304	0.901401643306	0.894151764137	0.893185113581	0.89125181247	0.892218463026	0.894151764137	0.895118414693	0.896568390527
AH3	0.647172547124	0.373127114548	0.965683905268	0.602706621556	0.601256645723	0.544224262929	0.556307394877	0.534074432093	0.556307394877	0.537457709038	0.596906718221	0.56259062349	0.520541324311	0.875302078299	0.0	0.513291445143	0.588690188497	0.588690188497	0.928467858869	0.767520541324	0.700821652972	0.626389560174	0.628806186564	0.62493958434	0.901884968584	0.656355727405	0.621556307395	0.623489608507	0.646689221846	0.65055582407	0.681971967134	0.623489608507	0.528274528758	0.566457225713	0.723537941034	0.651522474625	0.618173030449	0.545674238763	0.589173513775	0.549540840986	0.543740937651	0.596423392943	0.553407443209	0.531657805703	0.642339294345	0.635089415176	0.702754954084	0.625906234896	0.655872402127	0.653455775737	0.645239246013	0.680038666022	0.577573707105	0.592073465442	0.594490091832	0.588206863219	0.549540840986	0.655872402127	0.570807153214	0.640889318511	0.591106814886	0.626872885452
AH4	0.339777670372	0.364910584824	0.944900918318	0.589656839053	0.601256645723	0.509424842919	0.62735621073	0.521991300145	0.517158047366	0.552924117931	0.565007249879	0.552924117931	0.509908168197	0.851619139681	0.513291445143	0.0	0.526824552924	0.530691155147	0.885935234413	0.724021266312	0.637506041566	0.55775737071	0.580473658772	0.565490575157	0.857902368294	0.596423392943	0.554374093765	0.538907684872	0.571290478492	0.593040115998	0.599806669889	0.559690671822	0.530691155147	0.545674238763	0.704204929918	0.639439342678	0.575640405993	0.571290478492	0.548090865152	0.561140647656	0.531174480425	0.662155630739	0.626389560174	0.561140647656	0.601256645723	0.587723537941	0.653455775737	0.601256645723	0.655389076849	0.616239729338	0.610439826003	0.641855969067	0.534557757371	0.53020782987	0.540840985984	0.531657805703	0.50459159014	0.622039632673	0.523441275979	0.612373127115	0.538424359594	0.603189946834
AA7	0.573707104882	0.544707588207	0.971967133881	0.637506041566	0.623006283229	0.470275495408	0.680038666022	0.436926051232	0.438376027066	0.588690188497	0.433059449009	0.568873852102	0.504108264862	0.89125181247	0.588690188497	0.526824552924	0.0	0.285161913968	0.927017883035	0.763653939101	0.599323344611	0.504108264862	0.468825519575	0.468825519575	0.872885451909	0.587723537941	0.447075882069	0.456259062349	0.512324794587	0.579507008217	0.514258095698	0.418559690672	0.4398260029	0.482358627356	0.710971483809	0.665538907685	0.465442242629	0.565007249879	0.481875302078	0.588206863219	0.537457709038	0.714354760754	0.66892218463	0.573223779604	0.542774287095	0.524891251812	0.661188980184	0.60657322378	0.661188980184	0.636056065732	0.597390043499	0.637989366844	0.528757854036	0.520541324311	0.524407926535	0.532141130981	0.530691155147	0.618173030449	0.55775737071	0.632189463509	0.499275012083	0.607056549058
AA8	0.567423876269	0.543740937651	0.973900434993	0.632672788787	0.617206379894	0.457225712905	0.676655389077	0.43064282262	0.434509424843	0.584823586274	0.434992750121	0.569840502658	0.49540840986	0.893185113581	0.588690188497	0.530691155147	0.285161913968	0.0	0.927501208313	0.760270662156	0.588206863219	0.492508458192	0.466408893185	0.468825519575	0.867085548574	0.578057032383	0.443692605123	0.457709038183	0.505074915418	0.573223779604	0.489125181247	0.382793620106	0.438859352344	0.478492025133	0.709521507975	0.662638956017	0.46060898985	0.559207346544	0.468825519575	0.584823586274	0.534557757371	0.718704688255	0.669888835186	0.56935717738	0.540357660706	0.519091348478	0.639439342678	0.596423392943	0.656355727405	0.629772837119	0.590140164331	0.626389560174	0.510391493475	0.509424842919	0.515224746254	0.524407926535	0.52779120348	0.608023199613	0.550024166264	0.630739487675	0.485741904302	0.590140164331
AB7	0.877718704688	0.894151764137	0.734654422426	0.728371193813	0.873368777187	0.914934751087	0.940550990817	0.930401159981	0.914934751087	0.939584340261	0.952634122765	0.894151764137	0.93523441276	0.713388110198	0.928467858869	0.885935234413	0.927017883035	0.927501208313	0.0	0.407926534558	0.813436442726	0.840985983567	0.936684388594	0.917351377477	0.746737554374	0.817303044949	0.896568390527	0.870952150797	0.73610439826	0.681488641856	0.895601739971	0.905268245529	0.9212179797	0.935717738038	0.941034316095	0.930401159981	0.945384243596	0.911068148864	0.947317544708	0.926051232479	0.942000966651	0.883518608023	0.881101981634	0.911551474142	0.959400676655	0.947317544708	0.93523441276	0.938617689705	0.933301111648	0.930884485259	0.941517641373	0.929917834703	0.926534557757	0.92363460609	0.929434509425	0.924117931368	0.925084581924	0.928467858869	0.928951184147	0.930884485259	0.950700821653	0.937167713871
AB8	0.717738037699	0.729337844369	0.747220879652	0.56259062349	0.745770903818	0.746254229096	0.774770420493	0.753504108265	0.739971000483	0.764620589657	0.785403576607	0.728854519091	0.757370710488	0.675205413243	0.767520541324	0.724021266312	0.763653939101	0.760270662156	0.407926534558	0.0	0.654422426293	0.66892218463	0.755920734654	0.734171097148	0.737071048816	0.651039149348	0.720637989367	0.687771870469	0.529241179314	0.507974867086	0.742870952151	0.739971000483	0.753020782987	0.761237312711	0.818269695505	0.763170613823	0.768003866602	0.734654422426	0.769453842436	0.760270662156	0.762687288545	0.731754470759	0.721121314645	0.73852102465	0.781053649106	0.778153697438	0.823102948284	0.769937167714	0.785403576607	0.775253745771	0.78250362494	0.787336877719	0.762687288545	0.7593040116	0.767037216046	0.761720637989	0.753987433543	0.773803769937	0.761237312711	0.764137264379	0.78008699855	0.767520541324
AC7	0.626872885452	0.660705654906	0.895118414693	0.65055582407	0.734171097148	0.597390043499	0.713871435476	0.581923634606	0.558724021266	0.646205896568	0.586273562107	0.70130497825	0.661672305462	0.822136297728	0.700821652972	0.637506041566	0.599323344611	0.588206863219	0.813436442726	0.654422426293	0.0	0.37264378927	0.578057032383	0.566940550991	0.826969550507	0.591106814886	0.554857419043	0.522474625423	0.483325277912	0.504108264862	0.577090381827	0.565007249879	0.565490575157	0.601256645723	0.815853069116	0.757854035766	0.630739487675	0.6389560174	0.612373127115	0.725954567424	0.663605606573	0.727887868536	0.694055099082	0.637506041566	0.646205896568	0.613823102948	0.815369743838	0.762687288545	0.790236829386	0.788303528275	0.752537457709	0.79168680522	0.69453842436	0.677138714355	0.677138714355	0.696955050749	0.666988883519	0.777187046883	0.688255195747	0.769937167714	0.616723054616	0.755920734654
AC8	0.576123731271	0.579507008217	0.915418076365	0.623972933784	0.682455292412	0.525857902368	0.681005316578	0.489608506525	0.466892218463	0.58337361044	0.521507974867	0.637506041566	0.582890285162	0.838569357177	0.626389560174	0.55775737071	0.504108264862	0.492508458192	0.840985983567	0.66892218463	0.37264378927	0.0	0.478008699855	0.47220879652	0.840019333011	0.543257612373	0.39342677622	0.370710488159	0.433059449009	0.482358627356	0.513291445143	0.469308844853	0.477042049299	0.515708071532	0.738037699372	0.68293861769	0.540357660706	0.565973900435	0.528274528758	0.64572257129	0.587240212663	0.681971967134	0.634122764621	0.57177380377	0.573707104882	0.549540840986	0.728854519091	0.675205413243	0.71532141131	0.710488158531	0.668438859352	0.704204929918	0.605606573224	0.591590140164	0.59497341711	0.612856452392	0.570807153214	0.691638472692	0.602706621556	0.693571773804	0.533591106815	0.670372160464
AD7	0.608023199613	0.576607056549	0.963750604157	0.660705654906	0.715804736588	0.518124697922	0.692605123248	0.473658772354	0.462058965684	0.59497341711	0.433542774287	0.649589173514	0.572257129048	0.884485258579	0.628806186564	0.580473658772	0.468825519575	0.466408893185	0.936684388594	0.755920734654	0.578057032383	0.478008699855	0.0	0.291445142581	0.896085065249	0.517158047366	0.426292895118	0.435476075399	0.501208313195	0.566940550991	0.503624939584	0.489125181247	0.489608506525	0.526341227646	0.735621072982	0.68293861769	0.496375060416	0.585790236829	0.521024649589	0.643305944901	0.584823586274	0.721604639923	0.669888835186	0.599323344611	0.556307394877	0.540840985984	0.730787820203	0.667472208797	0.720154664089	0.713388110198	0.669888835186	0.70130497825	0.617206379894	0.599806669889	0.586273562107	0.610439826003	0.565973900435	0.685838569357	0.599806669889	0.69212179797	0.538907684872	0.665538907685
AD8	0.585790236829	0.573707104882	0.949250845819	0.63653939101	0.697438376027	0.505074915418	0.679072015466	0.462058965684	0.465925567907	0.578057032383	0.437892701788	0.627839536008	0.574190430159	0.86805219913	0.62493958434	0.565490575157	0.468825519575	0.468825519575	0.917351377477	0.734171097148	0.566940550991	0.47220879652	0.291445142581	0.0	0.854035766071	0.481875302078	0.416143064282	0.42822619623	0.471242145964	0.535041082649	0.490575157081	0.488158530691	0.493475108748	0.526824552924	0.736587723538	0.676172063799	0.489125181247	0.576123731271	0.517158047366	0.637022716288	0.577573707105	0.711938134364	0.666505558241	0.578540357661	0.559207346544	0.536491058482	0.72692121798	0.660705654906	0.716771387144	0.704688255196	0.666988883519	0.697921701305	0.60657322378	0.590140164331	0.579990333494	0.602223296278	0.569840502658	0.681488641856	0.589656839053	0.681971967134	0.542774287095	0.661672305462
AE7	0.836636056066	0.884001933301	0.850652489125	0.79168680522	0.82648622523	0.8796520058	0.917351377477	0.903334944418	0.88883518608	0.90961817303	0.922184630256	0.854035766071	0.886418559691	0.826002899952	0.901884968584	0.857902368294	0.872885451909	0.867085548574	0.746737554374	0.737071048816	0.826969550507	0.840019333011	0.896085065249	0.854035766071	0.0	0.558240695988	0.872402126631	0.848719188014	0.758820686322	0.75688738521	0.837602706622	0.850652489125	0.895601739971	0.906718221363	0.928467858869	0.911551474142	0.916868052199	0.894151764137	0.913001449976	0.868535524408	0.909134847753	0.877718704688	0.878202029966	0.875302078299	0.938617689705	0.925084581924	0.892218463026	0.901401643306	0.916868052199	0.891735137748	0.902368293862	0.898018366361	0.894635089415	0.894635089415	0.899951667472	0.890285161914	0.905268245529	0.885451909135	0.902368293862	0.901884968584	0.913968100532	0.903334944418
AE8	0.586273562107	0.608023199613	0.895118414693	0.617206379894	0.673755437409	0.567423876269	0.672305461576	0.592073465442	0.572257129048	0.600289995167	0.613823102948	0.623489608507	0.60415659739	0.815369743838	0.656355727405	0.596423392943	0.587723537941	0.578057032383	0.817303044949	0.651039149348	0.591106814886	0.543257612373	0.517158047366	0.481875302078	0.558240695988	0.0	0.572740454326	0.542290961817	0.50459159014	0.500724987917	0.578057032383	0.566457225713	0.597390043499	0.603189946834	0.755920734654	0.693088448526	0.605606573224	0.592073465442	0.609473175447	0.631706138231	0.614789753504	0.681005316578	0.653455775737	0.593040115998	0.626872885452	0.617689705172	0.740937651039	0.673272112131	0.737554374094	0.708554857419	0.687771870469	0.725954567424	0.642822619623	0.629772837119	0.624456259062	0.624456259062	0.620106331561	0.696471725471	0.64813919768	0.689221846303	0.601739971	0.687288545191
AF7	0.579507008217	0.563557274045	0.943450942484	0.646205896568	0.663122281295	0.492508458192	0.686321894635	0.417109714838	0.425326244563	0.584340260996	0.437892701788	0.599323344611	0.532624456259	0.866118898018	0.621556307395	0.554374093765	0.447075882069	0.443692605123	0.896568390527	0.720637989367	0.554857419043	0.39342677622	0.426292895118	0.416143064282	0.872402126631	0.572740454326	0.0	0.309328177864	0.468342194297	0.533107781537	0.4813919768	0.475592073465	0.446109231513	0.473658772354	0.697438376027	0.640889318511	0.452875785404	0.540357660706	0.479458675689	0.619139681005	0.545190913485	0.701788303528	0.644755920735	0.546157564041	0.53020782987	0.50459159014	0.669888835186	0.627839536008	0.677138714355	0.67133881102	0.623489608507	0.653939101015	0.565490575157	0.55099081682	0.545674238763	0.565973900435	0.552440792653	0.632189463509	0.574673755437	0.646205896568	0.497341710971	0.624456259062
AF8	0.573223779604	0.558724021266	0.930884485259	0.625906234896	0.679072015466	0.517641372644	0.683421942968	0.453359110681	0.453359110681	0.58095698405	0.482841952634	0.621556307395	0.559690671822	0.852102464959	0.623489608507	0.538907684872	0.456259062349	0.457709038183	0.870952150797	0.687771870469	0.522474625423	0.370710488159	0.435476075399	0.42822619623	0.848719188014	0.542290961817	0.309328177864	0.0	0.434509424843	0.494441759304	0.489608506525	0.463508941518	0.468825519575	0.508941517641	0.722571290478	0.670372160464	0.477525374577	0.545674238763	0.514258095698	0.609956500725	0.556790720155	0.682455292412	0.627839536008	0.552440792653	0.552924117931	0.534074432093	0.695021749638	0.643305944901	0.687771870469	0.688738521025	0.641855969067	0.676655389077	0.576607056549	0.563073948768	0.56259062349	0.579507008217	0.547124214596	0.660222329628	0.575157080715	0.666022232963	0.514741420976	0.642339294345
AG7	0.590140164331	0.596906718221	0.849202513291	0.55099081682	0.669405509908	0.540357660706	0.68293861769	0.496858385694	0.478492025133	0.583856935718	0.527307878202	0.625906234896	0.582406959884	0.771387143548	0.646689221846	0.571290478492	0.512324794587	0.505074915418	0.73610439826	0.529241179314	0.483325277912	0.433059449009	0.501208313195	0.471242145964	0.758820686322	0.50459159014	0.468342194297	0.434509424843	0.0	0.333011116481	0.524891251812	0.500241662639	0.505074915418	0.545190913485	0.743837602707	0.681488641856	0.5186080232	0.566457225713	0.534074432093	0.633156114065	0.577090381827	0.671822136298	0.625906234896	0.565973900435	0.586273562107	0.565007249879	0.744804253262	0.681005316578	0.722087965201	0.714838086032	0.675205413243	0.713388110198	0.620106331561	0.608989850169	0.603673272112	0.610923151281	0.601256645723	0.697921701305	0.624456259062	0.690188496858	0.573707104882	0.674722087965
AG8	0.587240212663	0.610439826003	0.830836152731	0.552924117931	0.688738521025	0.565007249879	0.675688738521	0.560657322378	0.536491058482	0.599806669889	0.594006766554	0.648622522958	0.605606573224	0.742387626873	0.65055582407	0.593040115998	0.579507008217	0.573223779604	0.681488641856	0.507974867086	0.504108264862	0.482358627356	0.566940550991	0.535041082649	0.75688738521	0.500724987917	0.533107781537	0.494441759304	0.333011116481	0.0	0.569840502658	0.555824069599	0.565973900435	0.579990333494	0.774287095215	0.698888351861	0.576123731271	0.584823586274	0.586273562107	0.653939101015	0.600773320445	0.675688738521	0.643305944901	0.586756887385	0.607539874335	0.598840019333	0.761720637989	0.690188496858	0.740937651039	0.725471242146	0.698888351861	0.727887868536	0.642339294345	0.628806186564	0.617689705172	0.632189463509	0.619623006283	0.716771387144	0.650072498792	0.699371677139	0.60657322378	0.68970517158
AH7	0.592073465442	0.637506041566	0.953117448043	0.684871918801	0.709038182697	0.570323827936	0.708554857419	0.537457709038	0.535041082649	0.624456259062	0.528757854036	0.666505558241	0.622522957951	0.884485258579	0.681971967134	0.599806669889	0.514258095698	0.489125181247	0.895601739971	0.742870952151	0.577090381827	0.513291445143	0.503624939584	0.490575157081	0.837602706622	0.578057032383	0.4813919768	0.489608506525	0.524891251812	0.569840502658	0.0	0.339294345094	0.574673755437	0.607539874335	0.783953600773	0.742387626873	0.54857419043	0.647655872402	0.586756887385	0.661188980184	0.639922667956	0.762203963267	0.737554374094	0.648622522958	0.638472692122	0.612856452392	0.754954084099	0.720154664089	0.756404059932	0.729821169647	0.707104881585	0.737554374094	0.640889318511	0.628806186564	0.619623006283	0.648622522958	0.621072982117	0.720154664089	0.641855969067	0.720154664089	0.607539874335	0.708071532141
AH8	0.56935717738	0.589173513775	0.957950700822	0.642822619623	0.673755437409	0.521024649589	0.684388593523	0.492025132914	0.491058482359	0.592073465442	0.515224746254	0.623972933784	0.554374093765	0.874818753021	0.623489608507	0.559690671822	0.418559690672	0.382793620106	0.905268245529	0.739971000483	0.565007249879	0.469308844853	0.489125181247	0.488158530691	0.850652489125	0.566457225713	0.475592073465	0.463508941518	0.500241662639	0.555824069599	0.339294345094	0.0	0.502658289029	0.534074432093	0.753020782987	0.702271628806	0.526341227646	0.593523441276	0.534074432093	0.611889801837	0.59255679072	0.721604639923	0.687771870469	0.602223296278	0.584340260996	0.559690671822	0.703238279362	0.666505558241	0.71532141131	0.686805219913	0.650072498792	0.683421942968	0.585790236829	0.570323827936	0.572740454326	0.594006766554	0.561623972934	0.664572257129	0.59255679072	0.676172063799	0.552440792653	0.655872402127
AA5	0.599323344611	0.519574673755	0.960367327211	0.630739487675	0.611889801837	0.458192363461	0.623489608507	0.39584340261	0.420492991783	0.521024649589	0.449975833736	0.54857419043	0.522957950701	0.877718704688	0.528274528758	0.530691155147	0.4398260029	0.438859352344	0.9212179797	0.753020782987	0.565490575157	0.477042049299	0.489608506525	0.493475108748	0.895601739971	0.597390043499	0.446109231513	0.468825519575	0.505074915418	0.565973900435	0.574673755437	0.502658289029	0.0	0.339777670372	0.686321894635	0.60657322378	0.48622522958	0.456259062349	0.457225712905	0.550024166264	0.480425326245	0.620589656839	0.567423876269	0.467858869019	0.529241179314	0.481875302078	0.688738521025	0.635089415176	0.664088931851	0.658772353794	0.642822619623	0.681488641856	0.548090865152	0.558240695988	0.555824069599	0.566457225713	0.519574673755	0.65732237796	0.560657322378	0.637506041566	0.501208313195	0.634122764621
AA6	0.602223296278	0.528274528758	0.965683905268	0.649105848236	0.633639439343	0.467375543741	0.647172547124	0.438376027066	0.453359110681	0.549540840986	0.488641855969	0.574190430159	0.520541324311	0.882551957467	0.566457225713	0.545674238763	0.482358627356	0.478492025133	0.935717738038	0.761237312711	0.601256645723	0.515708071532	0.526341227646	0.526824552924	0.906718221363	0.603189946834	0.473658772354	0.508941517641	0.545190913485	0.579990333494	0.607539874335	0.534074432093	0.339777670372	0.0	0.679555340744	0.59497341711	0.50700821653	0.488641855969	0.478008699855	0.579023682939	0.503624939584	0.661188980184	0.606089898502	0.507491541808	0.454809086515	0.417593040116	0.680038666022	0.628806186564	0.660222329628	0.65055582407	0.629772837119	0.671822136298	0.544224262929	0.548090865152	0.54857419043	0.556790720155	0.53020782987	0.648622522958	0.567907201547	0.630739487675	0.504108264862	0.62493958434
AB5	0.763170613823	0.676655389077	0.976317061382	0.746737554374	0.633639439343	0.655389076849	0.752537457709	0.665055582407	0.67133881102	0.719188013533	0.679555340744	0.599806669889	0.668438859352	0.903334944418	0.723537941034	0.704204929918	0.710971483809	0.709521507975	0.941034316095	0.818269695505	0.815853069116	0.738037699372	0.735621072982	0.736587723538	0.928467858869	0.755920734654	0.697438376027	0.722571290478	0.743837602707	0.774287095215	0.783953600773	0.753020782987	0.686321894635	0.679555340744	0.0	0.318994683422	0.623489608507	0.670372160464	0.62735621073	0.632672788787	0.637989366844	0.753020782987	0.72450459159	0.666022232963	0.634606089899	0.620589656839	0.610923151281	0.617689705172	0.632672788787	0.609473175447	0.622522957951	0.626389560174	0.595456742388	0.59255679072	0.614306428226	0.626872885452	0.677138714355	0.60657322378	0.663605606573	0.612856452392	0.675205413243	0.620589656839
AB6	0.708071532141	0.610923151281	0.966167230546	0.677622039633	0.591106814886	0.583856935718	0.684871918801	0.586273562107	0.601739971	0.642822619623	0.628322861286	0.525857902368	0.621072982117	0.885451909135	0.651522474625	0.639439342678	0.665538907685	0.662638956017	0.930401159981	0.763170613823	0.757854035766	0.68293861769	0.68293861769	0.676172063799	0.911551474142	0.693088448526	0.640889318511	0.670372160464	0.681488641856	0.698888351861	0.742387626873	0.702271628806	0.60657322378	0.59497341711	0.318994683422	0.0	0.575640405993	0.585790236829	0.570323827936	0.567907201547	0.56259062349	0.669888835186	0.644755920735	0.558240695988	0.556790720155	0.559690671822	0.581923634606	0.539874335428	0.56935717738	0.548090865152	0.559690671822	0.582406959884	0.539874335428	0.555340744321	0.572740454326	0.58337361044	0.612856452392	0.554857419043	0.60657322378	0.542290961817	0.636056065732	0.546157564041
AC5	0.607056549058	0.575157080715	0.976317061382	0.652005799903	0.623006283229	0.478975350411	0.673755437409	0.429192846786	0.432092798453	0.572257129048	0.426292895118	0.551957467376	0.522474625423	0.893668438859	0.618173030449	0.575640405993	0.465442242629	0.46060898985	0.945384243596	0.768003866602	0.630739487675	0.540357660706	0.496375060416	0.489125181247	0.916868052199	0.605606573224	0.452875785404	0.477525374577	0.5186080232	0.576123731271	0.54857419043	0.526341227646	0.48622522958	0.50700821653	0.623489608507	0.575640405993	0.0	0.469308844853	0.435959400677	0.590140164331	0.532141130981	0.705654905752	0.654905751571	0.542774287095	0.486708554857	0.464475592073	0.608989850169	0.563557274045	0.619139681005	0.589173513775	0.565490575157	0.603189946834	0.510874818753	0.485741904302	0.488641855969	0.519574673755	0.563557274045	0.584823586274	0.575640405993	0.561140647656	0.506041565974	0.555824069599
AC6	0.642822619623	0.534557757371	0.952150797487	0.648622522958	0.581923634606	0.507974867086	0.542290961817	0.484775253746	0.519091348478	0.475592073465	0.548090865152	0.532624456259	0.549540840986	0.865152247463	0.545674238763	0.571290478492	0.565007249879	0.559207346544	0.911068148864	0.734654422426	0.6389560174	0.565973900435	0.585790236829	0.576123731271	0.894151764137	0.592073465442	0.540357660706	0.545674238763	0.566457225713	0.584823586274	0.647655872402	0.593523441276	0.456259062349	0.488641855969	0.670372160464	0.585790236829	0.469308844853	0.0	0.522474625423	0.520057999033	0.499275012083	0.488641855969	0.430159497342	0.422909618173	0.560657322378	0.544707588207	0.681971967134	0.625422909618	0.663605606573	0.643789270179	0.63653939101	0.677138714355	0.582406959884	0.578540357661	0.578057032383	0.575157080715	0.550024166264	0.65732237796	0.576607056549	0.626872885452	0.547607539874	0.638472692122
AD6	0.603189946834	0.538907684872	0.975350410826	0.638472692122	0.573707104882	0.424359594007	0.622522957951	0.422909618173	0.425809569841	0.540840985984	0.433542774287	0.519091348478	0.510874818753	0.89125181247	0.589173513775	0.548090865152	0.481875302078	0.468825519575	0.947317544708	0.769453842436	0.612373127115	0.528274528758	0.521024649589	0.517158047366	0.913001449976	0.609473175447	0.479458675689	0.514258095698	0.534074432093	0.586273562107	0.586756887385	0.534074432093	0.457225712905	0.478008699855	0.62735621073	0.570323827936	0.435959400677	0.522474625423	0.0	0.544224262929	0.420492991783	0.696471725471	0.646205896568	0.537457709038	0.479942000967	0.457225712905	0.602223296278	0.543740937651	0.585306911551	0.5601739971	0.553890768487	0.597390043499	0.4813919768	0.465925567907	0.466408893185	0.479458675689	0.542290961817	0.566457225713	0.541807636539	0.554857419043	0.466892218463	0.545674238763
AE5	0.631706138231	0.538907684872	0.977283711938	0.638472692122	0.545190913485	0.533107781537	0.585790236829	0.551957467376	0.596423392943	0.53697438376	0.614306428226	0.503141614306	0.565973900435	0.88883518608	0.549540840986	0.561140647656	0.588206863219	0.584823586274	0.926051232479	0.760270662156	0.725954567424	0.64572257129	0.643305944901	0.637022716288	0.868535524408	0.631706138231	0.619139681005	0.609956500725	0.633156114065	0.653939101015	0.661188980184	0.611889801837	0.550024166264	0.579023682939	0.632672788787	0.567907201547	0.590140164331	0.520057999033	0.544224262929	0.0	0.366843885935	0.604639922668	0.573707104882	0.50459159014	0.625422909618	0.623006283229	0.632672788787	0.588206863219	0.632672788787	0.597390043499	0.601739971	0.63653939101	0.530691155147	0.552924117931	0.580473658772	0.549057515708	0.541807636539	0.608023199613	0.547124214596	0.597390043499	0.579507008217	0.601256645723
AE6	0.617689705172	0.500241662639	0.975833736104	0.629289511841	0.575640405993	0.470758820686	0.574190430159	0.477525374577	0.523924601257	0.51377477042	0.535041082649	0.521507974867	0.525857902368	0.889318511358	0.543740937651	0.531174480425	0.537457709038	0.534557757371	0.942000966651	0.762687288545	0.663605606573	0.587240212663	0.584823586274	0.577573707105	0.909134847753	0.614789753504	0.545190913485	0.556790720155	0.577090381827	0.600773320445	0.639922667956	0.59255679072	0.480425326245	0.503624939584	0.637989366844	0.56259062349	0.532141130981	0.499275012083	0.420492991783	0.366843885935	0.0	0.6389560174	0.59255679072	0.480425326245	0.555340744321	0.547607539874	0.647172547124	0.590623489609	0.622039632673	0.608506524891	0.60657322378	0.644272595457	0.520541324311	0.508941517641	0.51377477042	0.507491541808	0.515708071532	0.615273078782	0.533591106815	0.595940067666	0.511841469309	0.599323344611
AF5	0.722571290478	0.629289511841	0.937167713871	0.661672305462	0.658772353794	0.67133881102	0.561623972934	0.648622522958	0.681005316578	0.577573707105	0.713871435476	0.625906234896	0.669888835186	0.851619139681	0.596423392943	0.662155630739	0.714354760754	0.718704688255	0.883518608023	0.731754470759	0.727887868536	0.681971967134	0.721604639923	0.711938134364	0.877718704688	0.681005316578	0.701788303528	0.682455292412	0.671822136298	0.675688738521	0.762203963267	0.721604639923	0.620589656839	0.661188980184	0.753020782987	0.669888835186	0.705654905752	0.488641855969	0.696471725471	0.604639922668	0.6389560174	0.0	0.284195263412	0.532141130981	0.721604639923	0.710004833253	0.763170613823	0.710971483809	0.739487675205	0.719188013533	0.727887868536	0.757370710488	0.692605123248	0.714354760754	0.724987916868	0.705171580474	0.663605606573	0.739004349928	0.674722087965	0.700821652972	0.710971483809	0.727887868536
AF6	0.699855002417	0.578057032383	0.937167713871	0.661188980184	0.639922667956	0.626389560174	0.537941034316	0.600289995167	0.633639439343	0.547607539874	0.668438859352	0.601739971	0.623972933784	0.850652489125	0.553407443209	0.626389560174	0.66892218463	0.669888835186	0.881101981634	0.721121314645	0.694055099082	0.634122764621	0.669888835186	0.666505558241	0.878202029966	0.653455775737	0.644755920735	0.627839536008	0.625906234896	0.643305944901	0.737554374094	0.687771870469	0.567423876269	0.606089898502	0.72450459159	0.644755920735	0.654905751571	0.430159497342	0.646205896568	0.573707104882	0.59255679072	0.284195263412	0.0	0.478492025133	0.677138714355	0.656839052682	0.732721121315	0.6805219913	0.708071532141	0.691638472692	0.689221846303	0.729337844369	0.644755920735	0.664572257129	0.672305461576	0.658289028516	0.614306428226	0.710004833253	0.618173030449	0.681971967134	0.663605606573	0.69453842436
