	AA3	AA4	AB3	AB4	AC3	AC4	AD3	AD4	AE3	AE4	AF3	AF4	AG3	AG4	AH3	AH4	AA7	AA8	AB7	AB8	AC7	AC8	AD7	AD8	AE7	AE8	AF7	AF8	AG7	AG8	AH7	AH8	AA5	AA6	AB5	AB6	AC5	AC6	AD6	AE5	AE6	AF5	AF6	AG5	AH5	AH6	AA1	AA2	AB1	AB2	AC1	AC2	AD1	AD2	AE1	AE2	AF1	AF2	AG1	AG2	AH1	AH2
AA3	0.0	0.484775253746	0.930884485259	0.617206379894	0.660222329628	0.57177380377	0.681971967134	0.58337361044	0.568873852102	0.63653939101	0.608023199613	0.61575640406	0.574673755437	0.842435959401	0.652489125181	0.314644755921	0.565490575157	0.573707104882	0.863218946351	0.684871918801	0.616239729338	0.568873852102	0.582890285162	0.578540357661	0.832769453842	0.592073465442	0.563073948768	0.548090865152	0.579507008217	0.60657322378	0.590623489609	0.550507491542	0.590140164331	0.602706621556	0.74528757854	0.692605123248	0.597390043499	0.616239729338	0.600773320445	0.630739487675	0.608023199613	0.717738037699	0.695021749638	0.617206379894	0.62493958434	0.625422909618	0.669888835186	0.644272595457	0.706621556307	0.670855485742	0.635089415176	0.660705654906	0.587723537941	0.563557274045	0.582890285162	0.573223779604	0.591590140164	0.648622522958	0.590623489609	0.668438859352	0.586273562107	0.641372643789
AA4	0.484775253746	0.0	0.938617689705	0.557274045433	0.579990333494	0.489125181247	0.595940067666	0.466408893185	0.491541807637	0.528757854036	0.559207346544	0.521991300145	0.482358627356	0.846785886902	0.367810536491	0.378443692605	0.535524407927	0.537941034316	0.886418559691	0.706138231029	0.652489125181	0.56259062349	0.557274045433	0.584340260996	0.876268728855	0.610439826003	0.546157564041	0.556790720155	0.592073465442	0.620106331561	0.62735621073	0.58337361044	0.505558240696	0.505558240696	0.679555340744	0.607539874335	0.56259062349	0.510874818753	0.52537457709	0.533591106815	0.484775253746	0.62735621073	0.589656839053	0.511358144031	0.579507008217	0.565490575157	0.654422426293	0.576123731271	0.641372643789	0.621556307395	0.607056549058	0.634122764621	0.535041082649	0.527307878202	0.546640889319	0.538907684872	0.500724987917	0.621556307395	0.506041565974	0.604639922668	0.534074432093	0.59255679072
AB3	0.930884485259	0.938617689705	0.0	0.681488641856	0.915901401643	0.951184146931	0.9584340261	0.948284195263	0.937167713871	0.955534074432	0.971967133881	0.927984533591	0.963750604157	0.333494441759	0.956500724988	0.939101014983	0.969067182214	0.966650555824	0.727887868536	0.754954084099	0.894635089415	0.910584823586	0.959884001933	0.951667472209	0.852102464959	0.905268245529	0.943450942484	0.928951184147	0.846785886902	0.838569357177	0.95360077332	0.950217496375	0.955534074432	0.962300628323	0.970033832769	0.963267278879	0.973417109715	0.948284195263	0.971967133881	0.971967133881	0.971000483325	0.934267762204	0.938134364427	0.948284195263	0.977283711938	0.971000483325	0.971000483325	0.969550507492	0.968100531658	0.970517158047	0.970517158047	0.968100531658	0.970517158047	0.971967133881	0.97680038666	0.970517158047	0.969550507492	0.96761720638	0.970517158047	0.972450459159	0.971000483325	0.970517158047
AB4	0.617206379894	0.557274045433	0.681488641856	0.0	0.635572740454	0.586273562107	0.689221846303	0.60415659739	0.606089898502	0.635572740454	0.630256162397	0.59255679072	0.481875302078	0.567423876269	0.60415659739	0.589656839053	0.624456259062	0.621556307395	0.723537941034	0.562107298212	0.659255679072	0.621072982117	0.644755920735	0.651039149348	0.793136781054	0.625906234896	0.629772837119	0.623006283229	0.560657322378	0.597390043499	0.678588690188	0.639439342678	0.626872885452	0.637022716288	0.719671338811	0.662638956017	0.651522474625	0.619139681005	0.624456259062	0.630256162397	0.608506524891	0.661672305462	0.646689221846	0.603189946834	0.667955534074	0.662638956017	0.69453842436	0.65055582407	0.688255195747	0.672305461576	0.659255679072	0.671822136298	0.620589656839	0.628806186564	0.643305944901	0.618173030449	0.627839536008	0.663122281295	0.62735621073	0.664572257129	0.637989366844	0.65732237796
AC3	0.660222329628	0.579990333494	0.915901401643	0.635572740454	0.0	0.499758337361	0.648622522958	0.558240695988	0.575157080715	0.604639922668	0.621072982117	0.306428226196	0.600289995167	0.827452875785	0.603189946834	0.618173030449	0.623489608507	0.616239729338	0.871435476075	0.73610439826	0.744804253262	0.700338327695	0.72450459159	0.734171097148	0.82648622523	0.70130497825	0.665055582407	0.694055099082	0.69212179797	0.71290478492	0.716771387144	0.680038666022	0.609956500725	0.637022716288	0.633156114065	0.591106814886	0.638472692122	0.596423392943	0.597873368777	0.558724021266	0.588690188497	0.647655872402	0.629772837119	0.570323827936	0.651522474625	0.64813919768	0.594490091832	0.593040115998	0.582890285162	0.579507008217	0.593040115998	0.590623489609	0.540840985984	0.590140164331	0.589173513775	0.56935717738	0.616723054616	0.578540357661	0.617689705172	0.579990333494	0.629289511841	0.588206863219
AC4	0.57177380377	0.489125181247	0.951184146931	0.586273562107	0.499758337361	0.0	0.621072982117	0.406476558724	0.418076365394	0.51377477042	0.346060898985	0.410826486225	0.492508458192	0.858385693572	0.561623972934	0.523924601257	0.475592073465	0.456742387627	0.917834702755	0.73610439826	0.600289995167	0.539874335428	0.533107781537	0.528757854036	0.882551957467	0.579023682939	0.488158530691	0.520541324311	0.546157564041	0.585306911551	0.574190430159	0.520541324311	0.444175930401	0.468342194297	0.6389560174	0.561140647656	0.467375543741	0.514258095698	0.424359594007	0.551474142098	0.473175447076	0.671822136298	0.638472692122	0.505558240696	0.493475108748	0.489608506525	0.629772837119	0.560657322378	0.597873368777	0.591106814886	0.578540357661	0.610923151281	0.501208313195	0.497825036249	0.517641372644	0.50459159014	0.530691155147	0.591590140164	0.526824552924	0.575640405993	0.471725471242	0.561623972934
AD3	0.681971967134	0.595940067666	0.9584340261	0.689221846303	0.648622522958	0.621072982117	0.0	0.545674238763	0.640889318511	0.363943934268	0.678105364911	0.610923151281	0.65055582407	0.871918801353	0.576123731271	0.654422426293	0.681005316578	0.684388593523	0.942967617206	0.763653939101	0.724987916868	0.698405026583	0.702271628806	0.697921701305	0.922184630256	0.685355244079	0.698888351861	0.695021749638	0.695021749638	0.690671822136	0.726437892702	0.693088448526	0.630256162397	0.646689221846	0.745770903818	0.666988883519	0.680038666022	0.529241179314	0.632189463509	0.591106814886	0.582406959884	0.549057515708	0.531657805703	0.546640889319	0.698405026583	0.690188496858	0.77090381827	0.70372160464	0.748670855486	0.728854519091	0.719188013533	0.740937651039	0.675688738521	0.666022232963	0.672305461576	0.675688738521	0.646689221846	0.735621072982	0.643789270179	0.718704688255	0.688255195747	0.702754954084
AD4	0.58337361044	0.466408893185	0.948284195263	0.60415659739	0.558240695988	0.406476558724	0.545674238763	0.0	0.309328177864	0.434026099565	0.414693088449	0.500241662639	0.491058482359	0.859835669406	0.532141130981	0.524407926535	0.420976317061	0.417593040116	0.927984533591	0.744804253262	0.585306911551	0.49540840986	0.459642339294	0.480908651522	0.894151764137	0.595456742388	0.419526341228	0.449492508458	0.514258095698	0.575157080715	0.528274528758	0.476558724021	0.380376993717	0.431609473175	0.651039149348	0.575640405993	0.425809569841	0.49540840986	0.415659739004	0.553407443209	0.466892218463	0.647172547124	0.613823102948	0.4813919768	0.496858385694	0.470758820686	0.653455775737	0.586273562107	0.631706138231	0.622039632673	0.601256645723	0.628322861286	0.509424842919	0.511841469309	0.530691155147	0.523924601257	0.51619139681	0.612373127115	0.525857902368	0.609473175447	0.498791686805	0.591590140164
AE3	0.568873852102	0.491541807637	0.937167713871	0.606089898502	0.575157080715	0.418076365394	0.640889318511	0.309328177864	0.0	0.523924601257	0.394393426776	0.515224746254	0.505074915418	0.853552440793	0.557274045433	0.531657805703	0.445625906235	0.438859352344	0.924601256646	0.742387626873	0.56259062349	0.494441759304	0.470758820686	0.489608506525	0.892701788304	0.598356694055	0.435959400677	0.471725471242	0.507974867086	0.575157080715	0.544707588207	0.485258579024	0.390526824553	0.456742387627	0.663605606573	0.596906718221	0.434026099565	0.528274528758	0.423392943451	0.608023199613	0.512808119865	0.676655389077	0.644755920735	0.514258095698	0.492508458192	0.465442242629	0.656355727405	0.587240212663	0.628322861286	0.621072982117	0.600773320445	0.633639439343	0.527307878202	0.529241179314	0.544224262929	0.536007733204	0.545190913485	0.625422909618	0.546640889319	0.607539874335	0.497825036249	0.590623489609
AE4	0.63653939101	0.528757854036	0.955534074432	0.635572740454	0.604639922668	0.51377477042	0.363943934268	0.434026099565	0.523924601257	0.0	0.579507008217	0.542774287095	0.595456742388	0.867085548574	0.537941034316	0.588206863219	0.590623489609	0.59255679072	0.942000966651	0.761720637989	0.664572257129	0.603673272112	0.602223296278	0.603673272112	0.916868052199	0.616239729338	0.595940067666	0.59497341711	0.596906718221	0.623006283229	0.652489125181	0.60415659739	0.541324311261	0.553890768487	0.705171580474	0.626872885452	0.586273562107	0.468825519575	0.541807636539	0.53697438376	0.519574673755	0.575640405993	0.555340744321	0.496858385694	0.608023199613	0.599806669889	0.715804736588	0.649589173514	0.70372160464	0.687288545191	0.676172063799	0.695505074915	0.617206379894	0.605123247946	0.605606573224	0.619139681005	0.593040115998	0.691155147414	0.597390043499	0.676655389077	0.596423392943	0.654422426293
AF3	0.608023199613	0.559207346544	0.971967133881	0.630256162397	0.621072982117	0.346060898985	0.678105364911	0.414693088449	0.394393426776	0.579507008217	0.0	0.52537457709	0.532141130981	0.884485258579	0.599806669889	0.586756887385	0.445625906235	0.433542774287	0.951184146931	0.767520541324	0.597873368777	0.550024166264	0.441275978734	0.449975833736	0.919768003867	0.620589656839	0.435476075399	0.511358144031	0.538907684872	0.605606573224	0.529241179314	0.512808119865	0.434992750121	0.498791686805	0.661672305462	0.608506524891	0.412276462059	0.558724021266	0.430159497342	0.623972933784	0.538907684872	0.720637989367	0.683421942968	0.547607539874	0.494925084582	0.478492025133	0.652005799903	0.583856935718	0.636056065732	0.613823102948	0.596423392943	0.626389560174	0.547124214596	0.519091348478	0.532624456259	0.52779120348	0.585790236829	0.617689705172	0.576607056549	0.603673272112	0.499758337361	0.579507008217
AF4	0.61575640406	0.521991300145	0.927984533591	0.59255679072	0.306428226196	0.410826486225	0.610923151281	0.500241662639	0.515224746254	0.542774287095	0.52537457709	0.0	0.542774287095	0.839052682455	0.549057515708	0.561623972934	0.568390526825	0.555340744321	0.878685355244	0.697921701305	0.703238279362	0.642339294345	0.658289028516	0.663605606573	0.841952634123	0.629772837119	0.602223296278	0.631706138231	0.63653939101	0.660705654906	0.665055582407	0.623006283229	0.537457709038	0.570323827936	0.610923151281	0.523924601257	0.563073948768	0.537457709038	0.530691155147	0.508458192363	0.529724504592	0.616239729338	0.589173513775	0.514258095698	0.572257129048	0.571290478492	0.575157080715	0.526824552924	0.560657322378	0.53939101015	0.536491058482	0.55775737071	0.473175447076	0.512808119865	0.521507974867	0.506041565974	0.554857419043	0.555824069599	0.559690671822	0.528274528758	0.562107298212	0.522957950701
AG3	0.574673755437	0.482358627356	0.963750604157	0.481875302078	0.600289995167	0.492508458192	0.65055582407	0.491058482359	0.505074915418	0.595456742388	0.532141130981	0.542774287095	0.0	0.848719188014	0.531657805703	0.52779120348	0.507974867086	0.499275012083	0.922184630256	0.73852102465	0.68293861769	0.607056549058	0.575157080715	0.611889801837	0.881101981634	0.629772837119	0.559690671822	0.582406959884	0.618656355727	0.650072498792	0.6389560174	0.578057032383	0.522474625423	0.528757854036	0.661672305462	0.610439826003	0.541807636539	0.567423876269	0.512324794587	0.568873852102	0.51377477042	0.678588690188	0.648622522958	0.534557757371	0.56935717738	0.554857419043	0.599323344611	0.547124214596	0.606089898502	0.594490091832	0.566457225713	0.589173513775	0.50459159014	0.520541324311	0.533107781537	0.519574673755	0.535524407927	0.588206863219	0.534557757371	0.589173513775	0.51377477042	0.555340744321
AG4	0.842435959401	0.846785886902	0.333494441759	0.567423876269	0.827452875785	0.858385693572	0.871918801353	0.859835669406	0.853552440793	0.867085548574	0.884485258579	0.839052682455	0.848719188014	0.0	0.87046882552	0.850169163847	0.887385210246	0.884485258579	0.705171580474	0.678588690188	0.817786370227	0.831319478009	0.87723537941	0.87046882552	0.82648622523	0.82406959884	0.862252295795	0.848719188014	0.765587240213	0.758337361044	0.878685355244	0.864668922185	0.873852102465	0.876752054132	0.895118414693	0.883035282745	0.886901884969	0.859352344128	0.885451909135	0.881585306912	0.880618656356	0.850169163847	0.852102464959	0.863218946351	0.894635089415	0.887385210246	0.884001933301	0.883035282745	0.880618656356	0.880135331078	0.886418559691	0.884001933301	0.88883518608	0.884968583857	0.891735137748	0.883035282745	0.885451909135	0.8796520058	0.886901884969	0.882068632189	0.887385210246	0.887868535524
AH3	0.652489125181	0.367810536491	0.956500724988	0.60415659739	0.603189946834	0.561623972934	0.576123731271	0.532141130981	0.557274045433	0.537941034316	0.599806669889	0.549057515708	0.531657805703	0.87046882552	0.0	0.538907684872	0.595456742388	0.591106814886	0.937167713871	0.756404059932	0.707588206863	0.637989366844	0.616723054616	0.644755920735	0.907684871919	0.68293861769	0.628806186564	0.637989366844	0.666022232963	0.686321894635	0.694055099082	0.642822619623	0.540357660706	0.566940550991	0.71532141131	0.636056065732	0.629772837119	0.528757854036	0.583856935718	0.554857419043	0.550024166264	0.596423392943	0.553890768487	0.537457709038	0.646205896568	0.623006283229	0.704204929918	0.616723054616	0.666505558241	0.664572257129	0.647172547124	0.675688738521	0.587240212663	0.603673272112	0.608989850169	0.601739971	0.565973900435	0.664088931851	0.568873852102	0.648622522958	0.601256645723	0.627839536008
AH4	0.314644755921	0.378443692605	0.939101014983	0.589656839053	0.618173030449	0.523924601257	0.654422426293	0.524407926535	0.531657805703	0.588206863219	0.586756887385	0.561623972934	0.52779120348	0.850169163847	0.538907684872	0.0	0.545674238763	0.552924117931	0.870952150797	0.695988400193	0.639922667956	0.568873852102	0.579990333494	0.579990333494	0.85645239246	0.607056549058	0.555340744321	0.545190913485	0.588206863219	0.621556307395	0.60415659739	0.559690671822	0.555340744321	0.557274045433	0.711938134364	0.649589173514	0.579990333494	0.580473658772	0.544707588207	0.578540357661	0.546640889319	0.6805219913	0.657805703238	0.57177380377	0.604639922668	0.596906718221	0.657805703238	0.604639922668	0.664088931851	0.631222812953	0.617206379894	0.637506041566	0.554374093765	0.537941034316	0.570323827936	0.542290961817	0.525857902368	0.625906234896	0.528757854036	0.625422909618	0.552924117931	0.605123247946
AA7	0.565490575157	0.535524407927	0.969067182214	0.624456259062	0.623489608507	0.475592073465	0.681005316578	0.420976317061	0.445625906235	0.590623489609	0.445625906235	0.568390526825	0.507974867086	0.887385210246	0.595456742388	0.545674238763	0.0	0.277428709522	0.919284678589	0.741904301595	0.590140164331	0.514741420976	0.466408893185	0.493475108748	0.873852102465	0.597873368777	0.441275978734	0.467858869019	0.543740937651	0.594006766554	0.51377477042	0.422909618173	0.44224262929	0.492508458192	0.706138231029	0.655872402127	0.463992266796	0.570807153214	0.48380860319	0.610923151281	0.536491058482	0.713871435476	0.684388593523	0.555824069599	0.53020782987	0.508458192363	0.656839052682	0.606089898502	0.661672305462	0.639439342678	0.596423392943	0.630739487675	0.529241179314	0.532624456259	0.539874335428	0.532624456259	0.540357660706	0.616239729338	0.534074432093	0.634122764621	0.503141614306	0.591590140164
AA8	0.573707104882	0.537941034316	0.966650555824	0.621556307395	0.616239729338	0.456742387627	0.684388593523	0.417593040116	0.438859352344	0.59255679072	0.433542774287	0.555340744321	0.499275012083	0.884485258579	0.591106814886	0.552924117931	0.277428709522	0.0	0.918801353311	0.73852102465	0.581923634606	0.499758337361	0.471725471242	0.496375060416	0.870952150797	0.589173513775	0.438859352344	0.461092315128	0.529724504592	0.591590140164	0.488641855969	0.38424359594	0.425809569841	0.486708554857	0.70372160464	0.654905751571	0.459159014016	0.573223779604	0.462058965684	0.61333977767	0.529724504592	0.720154664089	0.689221846303	0.555340744321	0.52537457709	0.498791686805	0.644272595457	0.586756887385	0.650072498792	0.629289511841	0.586756887385	0.611889801837	0.523441275979	0.515224746254	0.532624456259	0.523441275979	0.545190913485	0.605606573224	0.537457709038	0.621556307395	0.480908651522	0.572740454326
AB7	0.863218946351	0.886418559691	0.727887868536	0.723537941034	0.871435476075	0.917834702755	0.942967617206	0.927984533591	0.924601256646	0.942000966651	0.951184146931	0.878685355244	0.922184630256	0.705171580474	0.937167713871	0.870952150797	0.919284678589	0.918801353311	0.0	0.41662638956	0.818269695505	0.839052682455	0.927501208313	0.922184630256	0.740937651039	0.832286128565	0.902368293862	0.871435476075	0.743837602707	0.70372160464	0.881101981634	0.893668438859	0.926534557757	0.937167713871	0.941034316095	0.938617689705	0.948284195263	0.911068148864	0.951667472209	0.924117931368	0.939101014983	0.875785403577	0.880135331078	0.904301594973	0.95360077332	0.951184146931	0.924601256646	0.930884485259	0.927984533591	0.930401159981	0.928467858869	0.917834702755	0.919768003867	0.919284678589	0.917351377477	0.912518124698	0.919284678589	0.91445142581	0.918801353311	0.9212179797	0.950217496375	0.922667955534
AB8	0.684871918801	0.706138231029	0.754954084099	0.562107298212	0.73610439826	0.73610439826	0.763653939101	0.744804253262	0.742387626873	0.761720637989	0.767520541324	0.697921701305	0.73852102465	0.678588690188	0.756404059932	0.695988400193	0.741904301595	0.73852102465	0.41662638956	0.0	0.638472692122	0.655872402127	0.735137747704	0.733204446593	0.72692121798	0.652972450459	0.710971483809	0.680038666022	0.521507974867	0.503141614306	0.708071532141	0.710488158531	0.746254229096	0.754470758821	0.797003383277	0.755920734654	0.760753987434	0.723537941034	0.765587240213	0.739971000483	0.740937651039	0.719671338811	0.712421459642	0.718221362977	0.772837119381	0.768003866602	0.790720154664	0.739004349928	0.79168680522	0.767037216046	0.745770903818	0.767520541324	0.741904301595	0.735137747704	0.733204446593	0.727404543258	0.727887868536	0.757854035766	0.729337844369	0.753504108265	0.763170613823	0.740937651039
AC7	0.616239729338	0.652489125181	0.894635089415	0.659255679072	0.744804253262	0.600289995167	0.724987916868	0.585306911551	0.56259062349	0.664572257129	0.597873368777	0.703238279362	0.68293861769	0.817786370227	0.707588206863	0.639922667956	0.590140164331	0.581923634606	0.818269695505	0.638472692122	0.0	0.365877235379	0.566940550991	0.553890768487	0.825519574674	0.591106814886	0.540357660706	0.511841469309	0.471242145964	0.499275012083	0.567907201547	0.543257612373	0.56259062349	0.608989850169	0.810053165781	0.754954084099	0.612373127115	0.650072498792	0.608506524891	0.724987916868	0.666022232963	0.722571290478	0.704204929918	0.634606089899	0.632672788787	0.612856452392	0.82165297245	0.757370710488	0.803769937168	0.788786853552	0.756404059932	0.786853552441	0.702271628806	0.68293861769	0.695988400193	0.699855002417	0.688255195747	0.779120347994	0.684871918801	0.778637022716	0.627839536008	0.750120831319
AC8	0.568873852102	0.56259062349	0.910584823586	0.621072982117	0.700338327695	0.539874335428	0.698405026583	0.49540840986	0.494441759304	0.603673272112	0.550024166264	0.642339294345	0.607056549058	0.831319478009	0.637989366844	0.568873852102	0.514741420976	0.499758337361	0.839052682455	0.655872402127	0.365877235379	0.0	0.48380860319	0.497825036249	0.839536007733	0.551474142098	0.418559690672	0.378927017883	0.434509424843	0.498791686805	0.533591106815	0.480908651522	0.489125181247	0.526341227646	0.740454325761	0.690671822136	0.541807636539	0.582890285162	0.542774287095	0.653455775737	0.591590140164	0.667955534074	0.64813919768	0.570323827936	0.566457225713	0.541324311261	0.742387626873	0.670855485742	0.73368777187	0.717254712421	0.677622039633	0.704688255196	0.622522957951	0.602223296278	0.622522957951	0.617206379894	0.594490091832	0.698888351861	0.596423392943	0.703238279362	0.549540840986	0.667955534074
AD7	0.582890285162	0.557274045433	0.959884001933	0.644755920735	0.72450459159	0.533107781537	0.702271628806	0.459642339294	0.470758820686	0.602223296278	0.441275978734	0.658289028516	0.575157080715	0.87723537941	0.616723054616	0.579990333494	0.466408893185	0.471725471242	0.927501208313	0.735137747704	0.566940550991	0.48380860319	0.0	0.305944900918	0.892218463026	0.524407926535	0.401643305945	0.435476075399	0.498791686805	0.564040599323	0.503141614306	0.466892218463	0.480908651522	0.521991300145	0.735621072982	0.681971967134	0.489608506525	0.593523441276	0.533107781537	0.645239246013	0.584340260996	0.714838086032	0.684388593523	0.588690188497	0.558724021266	0.532624456259	0.735621072982	0.654422426293	0.724987916868	0.712421459642	0.669405509908	0.696471725471	0.619139681005	0.595456742388	0.611889801837	0.612856452392	0.585306911551	0.692605123248	0.589656839053	0.693571773804	0.556307394877	0.65973900435
AD8	0.578540357661	0.584340260996	0.951667472209	0.651039149348	0.734171097148	0.528757854036	0.697921701305	0.480908651522	0.489608506525	0.603673272112	0.449975833736	0.663605606573	0.611889801837	0.87046882552	0.644755920735	0.579990333494	0.493475108748	0.496375060416	0.922184630256	0.733204446593	0.553890768487	0.497825036249	0.305944900918	0.0	0.84726921218	0.478008699855	0.421942967617	0.455775737071	0.492508458192	0.549057515708	0.497341710971	0.469308844853	0.510391493475	0.553407443209	0.761237312711	0.70130497825	0.492508458192	0.604639922668	0.543257612373	0.664088931851	0.600773320445	0.722571290478	0.699855002417	0.59497341711	0.572740454326	0.561140647656	0.751570807153	0.67133881102	0.746254229096	0.726437892702	0.686805219913	0.714354760754	0.6389560174	0.613823102948	0.632189463509	0.630256162397	0.612856452392	0.712421459642	0.61333977767	0.707588206863	0.56935717738	0.676172063799
AE7	0.832769453842	0.876268728855	0.852102464959	0.793136781054	0.82648622523	0.882551957467	0.922184630256	0.894151764137	0.892701788304	0.916868052199	0.919768003867	0.841952634123	0.881101981634	0.82648622523	0.907684871919	0.85645239246	0.873852102465	0.870952150797	0.740937651039	0.72692121798	0.825519574674	0.839536007733	0.892218463026	0.84726921218	0.0	0.543257612373	0.87723537941	0.848719188014	0.761720637989	0.765587240213	0.837602706622	0.838086031899	0.896568390527	0.910584823586	0.927984533591	0.922184630256	0.921701304978	0.894635089415	0.918318028033	0.880618656356	0.898985016916	0.874335427743	0.8796520058	0.871918801353	0.934267762204	0.919768003867	0.890285161914	0.904301594973	0.906234896085	0.898018366361	0.901401643306	0.896085065249	0.895118414693	0.902368293862	0.902368293862	0.884001933301	0.908168197197	0.89125181247	0.903334944418	0.898985016916	0.917351377477	0.900918318028
AE8	0.592073465442	0.610439826003	0.905268245529	0.625906234896	0.70130497825	0.579023682939	0.685355244079	0.595456742388	0.598356694055	0.616239729338	0.620589656839	0.629772837119	0.629772837119	0.82406959884	0.68293861769	0.607056549058	0.597873368777	0.589173513775	0.832286128565	0.652972450459	0.591106814886	0.551474142098	0.524407926535	0.478008699855	0.543257612373	0.0	0.572257129048	0.547607539874	0.524891251812	0.520541324311	0.575157080715	0.559207346544	0.603189946834	0.612373127115	0.767037216046	0.713871435476	0.62493958434	0.603189946834	0.622522957951	0.647172547124	0.616723054616	0.696955050749	0.679555340744	0.596906718221	0.636056065732	0.621556307395	0.746254229096	0.676172063799	0.743837602707	0.717254712421	0.68970517158	0.713388110198	0.671822136298	0.63653939101	0.644755920735	0.651039149348	0.653939101015	0.714838086032	0.647172547124	0.700338327695	0.619623006283	0.674722087965
AF7	0.563073948768	0.546157564041	0.943450942484	0.629772837119	0.665055582407	0.488158530691	0.698888351861	0.419526341228	0.435959400677	0.595940067666	0.435476075399	0.602223296278	0.559690671822	0.862252295795	0.628806186564	0.555340744321	0.441275978734	0.438859352344	0.902368293862	0.710971483809	0.540357660706	0.418559690672	0.401643305945	0.421942967617	0.87723537941	0.572257129048	0.0	0.324794586757	0.48622522958	0.546157564041	0.479942000967	0.465925567907	0.44224262929	0.490575157081	0.694055099082	0.64572257129	0.44224262929	0.558240695988	0.485741904302	0.61575640406	0.534557757371	0.699855002417	0.669888835186	0.547124214596	0.519574673755	0.496858385694	0.670855485742	0.608023199613	0.679555340744	0.662155630739	0.620106331561	0.638472692122	0.571290478492	0.548090865152	0.564040599323	0.561140647656	0.553890768487	0.637022716288	0.55099081682	0.647172547124	0.493475108748	0.604639922668
AF8	0.548090865152	0.556790720155	0.928951184147	0.623006283229	0.694055099082	0.520541324311	0.695021749638	0.449492508458	0.471725471242	0.59497341711	0.511358144031	0.631706138231	0.582406959884	0.848719188014	0.637989366844	0.545190913485	0.467858869019	0.461092315128	0.871435476075	0.680038666022	0.511841469309	0.378927017883	0.435476075399	0.455775737071	0.848719188014	0.547607539874	0.324794586757	0.0	0.466892218463	0.531657805703	0.499758337361	0.445142580957	0.468342194297	0.522474625423	0.733204446593	0.679555340744	0.492508458192	0.570807153214	0.520541324311	0.613823102948	0.565007249879	0.681005316578	0.656355727405	0.556790720155	0.559690671822	0.53697438376	0.697921701305	0.633639439343	0.707104881585	0.689221846303	0.65055582407	0.66892218463	0.591106814886	0.573223779604	0.589173513775	0.588206863219	0.565973900435	0.662155630739	0.563557274045	0.672788786854	0.523441275979	0.633639439343
AG7	0.579507008217	0.592073465442	0.846785886902	0.560657322378	0.69212179797	0.546157564041	0.695021749638	0.514258095698	0.507974867086	0.596906718221	0.538907684872	0.63653939101	0.618656355727	0.765587240213	0.666022232963	0.588206863219	0.543740937651	0.529724504592	0.743837602707	0.521507974867	0.471242145964	0.434509424843	0.498791686805	0.492508458192	0.761720637989	0.524891251812	0.48622522958	0.466892218463	0.0	0.332044465926	0.547607539874	0.503624939584	0.508941517641	0.56259062349	0.755437409377	0.691638472692	0.540357660706	0.583856935718	0.555340744321	0.648622522958	0.601739971	0.665055582407	0.647172547124	0.561140647656	0.595456742388	0.576607056549	0.74770420493	0.673272112131	0.733204446593	0.722571290478	0.678588690188	0.711454809087	0.644272595457	0.622039632673	0.634122764621	0.632189463509	0.643789270179	0.707588206863	0.642339294345	0.702271628806	0.588206863219	0.673755437409
AG8	0.60657322378	0.620106331561	0.838569357177	0.597390043499	0.71290478492	0.585306911551	0.690671822136	0.575157080715	0.575157080715	0.623006283229	0.605606573224	0.660705654906	0.650072498792	0.758337361044	0.686321894635	0.621556307395	0.594006766554	0.591590140164	0.70372160464	0.503141614306	0.499275012083	0.498791686805	0.564040599323	0.549057515708	0.765587240213	0.520541324311	0.546157564041	0.531657805703	0.332044465926	0.0	0.587240212663	0.565973900435	0.575640405993	0.597873368777	0.777187046883	0.712421459642	0.598356694055	0.595940067666	0.607056549058	0.673272112131	0.628322861286	0.684871918801	0.665055582407	0.586273562107	0.617206379894	0.600289995167	0.773320444659	0.695505074915	0.753020782987	0.743837602707	0.710004833253	0.73368777187	0.679555340744	0.655389076849	0.652972450459	0.669405509908	0.665538907685	0.732721121315	0.667955534074	0.725471242146	0.623489608507	0.694055099082
AH7	0.590623489609	0.62735621073	0.95360077332	0.678588690188	0.716771387144	0.574190430159	0.726437892702	0.528274528758	0.544707588207	0.652489125181	0.529241179314	0.665055582407	0.6389560174	0.878685355244	0.694055099082	0.60415659739	0.51377477042	0.488641855969	0.881101981634	0.708071532141	0.567907201547	0.533591106815	0.503141614306	0.497341710971	0.837602706622	0.575157080715	0.479942000967	0.499758337361	0.547607539874	0.587240212663	0.0	0.338811019816	0.570807153214	0.616239729338	0.785886901885	0.737071048816	0.552440792653	0.652489125181	0.595940067666	0.668438859352	0.632672788787	0.766553890768	0.739971000483	0.643305944901	0.629289511841	0.612856452392	0.763653939101	0.715804736588	0.760270662156	0.73368777187	0.707588206863	0.735137747704	0.644755920735	0.633639439343	0.637022716288	0.649105848236	0.640889318511	0.718704688255	0.637989366844	0.719671338811	0.614789753504	0.696471725471
AH8	0.550507491542	0.58337361044	0.950217496375	0.639439342678	0.680038666022	0.520541324311	0.693088448526	0.476558724021	0.485258579024	0.60415659739	0.512808119865	0.623006283229	0.578057032383	0.864668922185	0.642822619623	0.559690671822	0.422909618173	0.38424359594	0.893668438859	0.710488158531	0.543257612373	0.480908651522	0.466892218463	0.469308844853	0.838086031899	0.559207346544	0.465925567907	0.445142580957	0.503624939584	0.565973900435	0.338811019816	0.0	0.504108264862	0.553890768487	0.755920734654	0.701788303528	0.524407926535	0.60657322378	0.539874335428	0.629772837119	0.58337361044	0.724021266312	0.699371677139	0.603189946834	0.577090381827	0.554374093765	0.716288061866	0.663605606573	0.714838086032	0.690671822136	0.654905751571	0.686321894635	0.595456742388	0.587723537941	0.594006766554	0.597390043499	0.585790236829	0.669405509908	0.58337361044	0.679555340744	0.556790720155	0.647655872402
AA5	0.590140164331	0.505558240696	0.955534074432	0.626872885452	0.609956500725	0.444175930401	0.630256162397	0.380376993717	0.390526824553	0.541324311261	0.434992750121	0.537457709038	0.522474625423	0.873852102465	0.540357660706	0.555340744321	0.44224262929	0.425809569841	0.926534557757	0.746254229096	0.56259062349	0.489125181247	0.480908651522	0.510391493475	0.896568390527	0.603189946834	0.44224262929	0.468342194297	0.508941517641	0.575640405993	0.570807153214	0.504108264862	0.0	0.334944417593	0.673755437409	0.58337361044	0.454809086515	0.473175447076	0.445142580957	0.56259062349	0.477525374577	0.624456259062	0.593040115998	0.465442242629	0.502174963751	0.469308844853	0.684388593523	0.612373127115	0.652489125181	0.645239246013	0.62735621073	0.660705654906	0.530691155147	0.547607539874	0.565973900435	0.54857419043	0.531174480425	0.646205896568	0.540840985984	0.628322861286	0.499275012083	0.603189946834
AA6	0.602706621556	0.505558240696	0.962300628323	0.637022716288	0.637022716288	0.468342194297	0.646689221846	0.431609473175	0.456742387627	0.553890768487	0.498791686805	0.570323827936	0.528757854036	0.876752054132	0.566940550991	0.557274045433	0.492508458192	0.486708554857	0.937167713871	0.754470758821	0.608989850169	0.526341227646	0.521991300145	0.553407443209	0.910584823586	0.612373127115	0.490575157081	0.522474625423	0.56259062349	0.597873368777	0.616239729338	0.553890768487	0.334944417593	0.0	0.678588690188	0.587240212663	0.506524891252	0.511358144031	0.470275495408	0.587723537941	0.485741904302	0.656839052682	0.620589656839	0.505074915418	0.448525857902	0.41904301595	0.686805219913	0.618173030449	0.665055582407	0.653939101015	0.629772837119	0.658289028516	0.539874335428	0.551957467376	0.570323827936	0.556790720155	0.544707588207	0.651039149348	0.549057515708	0.635089415176	0.514741420976	0.61575640406
AB5	0.74528757854	0.679555340744	0.970033832769	0.719671338811	0.633156114065	0.6389560174	0.745770903818	0.651039149348	0.663605606573	0.705171580474	0.661672305462	0.610923151281	0.661672305462	0.895118414693	0.71532141131	0.711938134364	0.706138231029	0.70372160464	0.941034316095	0.797003383277	0.810053165781	0.740454325761	0.735621072982	0.761237312711	0.927984533591	0.767037216046	0.694055099082	0.733204446593	0.755437409377	0.777187046883	0.785886901885	0.755920734654	0.673755437409	0.678588690188	0.0	0.328177863702	0.623972933784	0.670372160464	0.631706138231	0.644272595457	0.616723054616	0.733204446593	0.719671338811	0.667955534074	0.623972933784	0.626872885452	0.621556307395	0.617206379894	0.633639439343	0.615273078782	0.623006283229	0.619623006283	0.610923151281	0.60415659739	0.610923151281	0.616239729338	0.664572257129	0.601739971	0.658772353794	0.614306428226	0.676172063799	0.617206379894
AB6	0.692605123248	0.607539874335	0.963267278879	0.662638956017	0.591106814886	0.561140647656	0.666988883519	0.575640405993	0.596906718221	0.626872885452	0.608506524891	0.523924601257	0.610439826003	0.883035282745	0.636056065732	0.649589173514	0.655872402127	0.654905751571	0.938617689705	0.755920734654	0.754954084099	0.690671822136	0.681971967134	0.70130497825	0.922184630256	0.713871435476	0.64572257129	0.679555340744	0.691638472692	0.712421459642	0.737071048816	0.701788303528	0.58337361044	0.587240212663	0.328177863702	0.0	0.575157080715	0.586756887385	0.573223779604	0.564523924601	0.550507491542	0.662155630739	0.633156114065	0.5601739971	0.562107298212	0.57177380377	0.607056549058	0.553407443209	0.596423392943	0.575157080715	0.575157080715	0.591590140164	0.53939101015	0.565007249879	0.570807153214	0.570807153214	0.600773320445	0.579023682939	0.599323344611	0.565973900435	0.632189463509	0.554857419043
AC5	0.597390043499	0.56259062349	0.973417109715	0.651522474625	0.638472692122	0.467375543741	0.680038666022	0.425809569841	0.434026099565	0.586273562107	0.412276462059	0.563073948768	0.541807636539	0.886901884969	0.629772837119	0.579990333494	0.463992266796	0.459159014016	0.948284195263	0.760753987434	0.612373127115	0.541807636539	0.489608506525	0.492508458192	0.921701304978	0.62493958434	0.44224262929	0.492508458192	0.540357660706	0.598356694055	0.552440792653	0.524407926535	0.454809086515	0.506524891252	0.623972933784	0.575157080715	0.0	0.463992266796	0.441275978734	0.594006766554	0.517641372644	0.710971483809	0.673755437409	0.546640889319	0.455292411793	0.458192363461	0.596906718221	0.543740937651	0.612373127115	0.586273562107	0.560657322378	0.577573707105	0.510874818753	0.481875302078	0.50700821653	0.507974867086	0.568873852102	0.573707104882	0.568390526825	0.561140647656	0.509908168197	0.540840985984
AC6	0.616239729338	0.510874818753	0.948284195263	0.619139681005	0.596423392943	0.514258095698	0.529241179314	0.49540840986	0.528274528758	0.468825519575	0.558724021266	0.537457709038	0.567423876269	0.859352344128	0.528757854036	0.580473658772	0.570807153214	0.573223779604	0.911068148864	0.723537941034	0.650072498792	0.582890285162	0.593523441276	0.604639922668	0.894635089415	0.603189946834	0.558240695988	0.570807153214	0.583856935718	0.595940067666	0.652489125181	0.60657322378	0.473175447076	0.511358144031	0.670372160464	0.586756887385	0.463992266796	0.0	0.535041082649	0.520057999033	0.499275012083	0.476558724021	0.439342677622	0.415659739004	0.564040599323	0.559690671822	0.682455292412	0.622522957951	0.662638956017	0.646205896568	0.641855969067	0.665538907685	0.589173513775	0.581440309328	0.590623489609	0.589173513775	0.548090865152	0.658289028516	0.55099081682	0.635572740454	0.559207346544	0.619623006283
AD6	0.600773320445	0.52537457709	0.971967133881	0.624456259062	0.597873368777	0.424359594007	0.632189463509	0.415659739004	0.423392943451	0.541807636539	0.430159497342	0.530691155147	0.512324794587	0.885451909135	0.583856935718	0.544707588207	0.48380860319	0.462058965684	0.951667472209	0.765587240213	0.608506524891	0.542774287095	0.533107781537	0.543257612373	0.918318028033	0.622522957951	0.485741904302	0.520541324311	0.555340744321	0.607056549058	0.595940067666	0.539874335428	0.445142580957	0.470275495408	0.631706138231	0.573223779604	0.441275978734	0.535041082649	0.0	0.56259062349	0.418559690672	0.697438376027	0.664088931851	0.526341227646	0.469308844853	0.449492508458	0.607539874335	0.548090865152	0.594490091832	0.580473658772	0.5601739971	0.589656839053	0.488641855969	0.47462542291	0.494441759304	0.481875302078	0.543257612373	0.577090381827	0.531657805703	0.575640405993	0.473175447076	0.551957467376
AE5	0.630739487675	0.533591106815	0.971967133881	0.630256162397	0.558724021266	0.551474142098	0.591106814886	0.553407443209	0.608023199613	0.53697438376	0.623972933784	0.508458192363	0.568873852102	0.881585306912	0.554857419043	0.578540357661	0.610923151281	0.61333977767	0.924117931368	0.739971000483	0.724987916868	0.653455775737	0.645239246013	0.664088931851	0.880618656356	0.647172547124	0.61575640406	0.613823102948	0.648622522958	0.673272112131	0.668438859352	0.629772837119	0.56259062349	0.587723537941	0.644272595457	0.564523924601	0.594006766554	0.520057999033	0.56259062349	0.0	0.374577090382	0.600289995167	0.570807153214	0.514258095698	0.626872885452	0.628806186564	0.661188980184	0.603673272112	0.639439342678	0.628322861286	0.631706138231	0.643305944901	0.537941034316	0.577090381827	0.599806669889	0.568873852102	0.54857419043	0.630256162397	0.565973900435	0.608506524891	0.587723537941	0.614306428226
AE6	0.608023199613	0.484775253746	0.971000483325	0.608506524891	0.588690188497	0.473175447076	0.582406959884	0.466892218463	0.512808119865	0.519574673755	0.538907684872	0.529724504592	0.51377477042	0.880618656356	0.550024166264	0.546640889319	0.536491058482	0.529724504592	0.939101014983	0.740937651039	0.666022232963	0.591590140164	0.584340260996	0.600773320445	0.898985016916	0.616723054616	0.534557757371	0.565007249879	0.601739971	0.628322861286	0.632672788787	0.58337361044	0.477525374577	0.485741904302	0.616723054616	0.550507491542	0.517641372644	0.499275012083	0.418559690672	0.374577090382	0.0	0.641855969067	0.60657322378	0.480908651522	0.537941034316	0.534557757371	0.633639439343	0.574673755437	0.606089898502	0.598840019333	0.590623489609	0.611889801837	0.498308361527	0.504108264862	0.526341227646	0.512324794587	0.512324794587	0.595456742388	0.504108264862	0.579507008217	0.494925084582	0.569840502658
AF5	0.717738037699	0.62735621073	0.934267762204	0.661672305462	0.647655872402	0.671822136298	0.549057515708	0.647172547124	0.676655389077	0.575640405993	0.720637989367	0.616239729338	0.678588690188	0.850169163847	0.596423392943	0.6805219913	0.713871435476	0.720154664089	0.875785403577	0.719671338811	0.722571290478	0.667955534074	0.714838086032	0.722571290478	0.874335427743	0.696955050749	0.699855002417	0.681005316578	0.665055582407	0.684871918801	0.766553890768	0.724021266312	0.624456259062	0.656839052682	0.733204446593	0.662155630739	0.710971483809	0.476558724021	0.697438376027	0.600289995167	0.641855969067	0.0	0.273562107298	0.527307878202	0.719671338811	0.710971483809	0.755437409377	0.706621556307	0.739004349928	0.708554857419	0.725471242146	0.735137747704	0.684388593523	0.718704688255	0.729821169647	0.706138231029	0.663122281295	0.730304494925	0.677138714355	0.695988400193	0.708554857419	0.717254712421
AF6	0.695021749638	0.589656839053	0.938134364427	0.646689221846	0.629772837119	0.638472692122	0.531657805703	0.613823102948	0.644755920735	0.555340744321	0.683421942968	0.589173513775	0.648622522958	0.852102464959	0.553890768487	0.657805703238	0.684388593523	0.689221846303	0.880135331078	0.712421459642	0.704204929918	0.64813919768	0.684388593523	0.699855002417	0.8796520058	0.679555340744	0.669888835186	0.656355727405	0.647172547124	0.665055582407	0.739971000483	0.699371677139	0.593040115998	0.620589656839	0.719671338811	0.633156114065	0.673755437409	0.439342677622	0.664088931851	0.570807153214	0.60657322378	0.273562107298	0.0	0.491058482359	0.691155147414	0.677622039633	0.740454325761	0.679072015466	0.718221362977	0.69453842436	0.687771870469	0.722087965201	0.653455775737	0.68293861769	0.687771870469	0.676172063799	0.626389560174	0.708554857419	0.636056065732	0.681488641856	0.678588690188	0.684388593523
