	AA3	AA4	AB3	AB4	AC3	AC4	AD3	AD4	AE3	AE4	AF3	AF4	AG3	AG4	AH3	AH4	AA7	AA8	AB7	AB8	AC7	AC8	AD7	AD8	AE7	AE8	AF7	AF8	AG7	AG8	AH7	AH8	AA5	AA6	AB5	AB6	AC5	AC6	AD6	AE5	AE6	AF5	AF6	AG5	AH5	AH6	AA1	AA2	AB1	AB2	AC1	AC2	AD1	AD2	AE1	AE2	AF1	AF2	AG1	AG2	AH1	AH2
AA3	0.0	0.47220879652	0.928467858869	0.635089415176	0.648622522958	0.567907201547	0.672788786854	0.573707104882	0.559207346544	0.609956500725	0.602223296278	0.600289995167	0.579990333494	0.847752537458	0.646205896568	0.318994683422	0.571290478492	0.562107298212	0.862252295795	0.718221362977	0.60657322378	0.5601739971	0.588206863219	0.574190430159	0.829869502175	0.568390526825	0.568873852102	0.559207346544	0.583856935718	0.582890285162	0.579023682939	0.549057515708	0.58337361044	0.596423392943	0.748670855486	0.691638472692	0.587723537941	0.60657322378	0.593523441276	0.629289511841	0.600773320445	0.713388110198	0.685355244079	0.608989850169	0.620106331561	0.608023199613	0.681005316578	0.64813919768	0.714354760754	0.674238762687	0.639439342678	0.66892218463	0.56259062349	0.555824069599	0.5601739971	0.574190430159	0.578540357661	0.650072498792	0.587240212663	0.664088931851	0.56935717738	0.653939101015
AA4	0.47220879652	0.0	0.947800869986	0.574190430159	0.571290478492	0.511358144031	0.596906718221	0.483325277912	0.508941517641	0.501691638473	0.568390526825	0.512808119865	0.484775253746	0.860318994683	0.37506041566	0.364910584824	0.536491058482	0.537457709038	0.894635089415	0.730304494925	0.646689221846	0.558240695988	0.574673755437	0.559690671822	0.873852102465	0.602706621556	0.553890768487	0.550507491542	0.577090381827	0.599806669889	0.617689705172	0.566940550991	0.499758337361	0.520057999033	0.683905268246	0.611406476559	0.561623972934	0.507974867086	0.52779120348	0.53697438376	0.49299178347	0.625906234896	0.581440309328	0.501691638473	0.579507008217	0.574190430159	0.658289028516	0.59497341711	0.646689221846	0.613823102948	0.610923151281	0.645239246013	0.529724504592	0.52779120348	0.529724504592	0.535041082649	0.479942000967	0.627839536008	0.50459159014	0.609956500725	0.52779120348	0.597390043499
AB3	0.928467858869	0.947800869986	0.0	0.680038666022	0.920251329145	0.955050749154	0.955534074432	0.940067665539	0.934267762204	0.952150797487	0.971483808603	0.930884485259	0.965683905268	0.35186080232	0.961333977767	0.944900918318	0.970033832769	0.968100531658	0.762203963267	0.748670855486	0.893185113581	0.90043499275	0.959884001933	0.948767520541	0.854035766071	0.897051715805	0.939101014983	0.937651039149	0.845335911068	0.854519091348	0.951667472209	0.949250845819	0.95601739971	0.959400676655	0.971967133881	0.963267278879	0.971483808603	0.951184146931	0.971483808603	0.971967133881	0.971967133881	0.937167713871	0.931851135814	0.948284195263	0.974867085549	0.968583856936	0.971967133881	0.970517158047	0.96520057999	0.969550507492	0.969550507492	0.96761720638	0.973900434993	0.972933784437	0.973900434993	0.972933784437	0.970033832769	0.969550507492	0.970517158047	0.973417109715	0.972450459159	0.969067182214
AB4	0.635089415176	0.574190430159	0.680038666022	0.0	0.610923151281	0.590623489609	0.689221846303	0.598356694055	0.606089898502	0.625906234896	0.63653939101	0.579507008217	0.46979217013	0.570807153214	0.60415659739	0.605123247946	0.625422909618	0.620589656839	0.731754470759	0.564040599323	0.664572257129	0.61333977767	0.667472208797	0.645239246013	0.785403576607	0.632672788787	0.634606089899	0.637506041566	0.538907684872	0.585790236829	0.691638472692	0.653939101015	0.623006283229	0.6389560174	0.709038182697	0.662155630739	0.640889318511	0.623489608507	0.61333977767	0.62493958434	0.61333977767	0.665538907685	0.643305944901	0.606089898502	0.669405509908	0.660222329628	0.676172063799	0.64813919768	0.679555340744	0.656839052682	0.659255679072	0.664088931851	0.616723054616	0.627839536008	0.634606089899	0.62493958434	0.641855969067	0.653455775737	0.625422909618	0.652005799903	0.637506041566	0.645239246013
AC3	0.648622522958	0.571290478492	0.920251329145	0.610923151281	0.0	0.492025132914	0.646205896568	0.540840985984	0.570323827936	0.580473658772	0.617206379894	0.30546157564	0.598356694055	0.836636056066	0.596423392943	0.605123247946	0.60415659739	0.59497341711	0.874335427743	0.753504108265	0.73610439826	0.670372160464	0.725471242146	0.699371677139	0.827936201063	0.671822136298	0.658289028516	0.675205413243	0.667955534074	0.691638472692	0.701788303528	0.661188980184	0.595456742388	0.629289511841	0.617206379894	0.574673755437	0.611889801837	0.588690188497	0.56259062349	0.545190913485	0.537941034316	0.659255679072	0.640889318511	0.568390526825	0.640405993233	0.619139681005	0.579023682939	0.585790236829	0.565490575157	0.568873852102	0.587723537941	0.574673755437	0.517641372644	0.556307394877	0.570807153214	0.561623972934	0.61575640406	0.563073948768	0.606089898502	0.581440309328	0.616723054616	0.579507008217
AC4	0.567907201547	0.511358144031	0.955050749154	0.590623489609	0.492025132914	0.0	0.627839536008	0.41662638956	0.412276462059	0.526824552924	0.333011116481	0.40744320928	0.498791686805	0.864668922185	0.56259062349	0.535041082649	0.467858869019	0.451909134848	0.927501208313	0.754470758821	0.58337361044	0.529241179314	0.531174480425	0.510874818753	0.888351860802	0.585790236829	0.502174963751	0.522474625423	0.533107781537	0.572257129048	0.575640405993	0.522474625423	0.450942484292	0.478975350411	0.643789270179	0.573707104882	0.450942484292	0.516674722088	0.417109714838	0.564523924601	0.476075398743	0.688738521025	0.646205896568	0.527307878202	0.508941517641	0.466408893185	0.632189463509	0.58095698405	0.611406476559	0.579023682939	0.579023682939	0.614306428226	0.479458675689	0.491541807637	0.500724987917	0.499758337361	0.540840985984	0.594490091832	0.544224262929	0.581923634606	0.480425326245	0.579507008217
AD3	0.672788786854	0.596906718221	0.955534074432	0.689221846303	0.646205896568	0.627839536008	0.0	0.521991300145	0.642339294345	0.362493958434	0.6805219913	0.610923151281	0.649589173514	0.869018849686	0.576607056549	0.63653939101	0.68293861769	0.685838569357	0.935717738038	0.768003866602	0.721604639923	0.690188496858	0.699855002417	0.685838569357	0.911551474142	0.682455292412	0.694055099082	0.697921701305	0.697921701305	0.686805219913	0.719188013533	0.687771870469	0.630256162397	0.653455775737	0.73610439826	0.670372160464	0.679555340744	0.531174480425	0.633639439343	0.581923634606	0.585306911551	0.547607539874	0.528274528758	0.550507491542	0.696955050749	0.680038666022	0.761237312711	0.706621556307	0.737071048816	0.713871435476	0.711454809087	0.73368777187	0.650072498792	0.657805703238	0.66892218463	0.656839052682	0.627839536008	0.723537941034	0.646205896568	0.710004833253	0.695021749638	0.714354760754
AD4	0.573707104882	0.483325277912	0.940067665539	0.598356694055	0.540840985984	0.41662638956	0.521991300145	0.0	0.327694538424	0.396326727888	0.443692605123	0.480425326245	0.50700821653	0.854035766071	0.525857902368	0.529241179314	0.462542290962	0.452392460126	0.927984533591	0.759787336878	0.578057032383	0.505558240696	0.514258095698	0.492508458192	0.894635089415	0.588690188497	0.468825519575	0.487675205413	0.505074915418	0.569840502658	0.55775737071	0.504108264862	0.407926534558	0.449975833736	0.65732237796	0.579023682939	0.455292411793	0.475592073465	0.428709521508	0.54857419043	0.459159014016	0.6389560174	0.598356694055	0.485258579024	0.520057999033	0.481875302078	0.666505558241	0.606089898502	0.651522474625	0.626389560174	0.617206379894	0.644272595457	0.502174963751	0.521024649589	0.5186080232	0.537457709038	0.523441275979	0.632189463509	0.541324311261	0.616239729338	0.500241662639	0.608023199613
AE3	0.559207346544	0.508941517641	0.934267762204	0.606089898502	0.570323827936	0.412276462059	0.642339294345	0.327694538424	0.0	0.503624939584	0.406959884002	0.50700821653	0.509424842919	0.852585790237	0.563557274045	0.535041082649	0.434509424843	0.425809569841	0.921701304978	0.750604156597	0.553890768487	0.495891735138	0.477042049299	0.480908651522	0.885935234413	0.58095698405	0.445625906235	0.462058965684	0.488641855969	0.558240695988	0.532624456259	0.484291928468	0.40502658289	0.459642339294	0.676655389077	0.615273078782	0.435476075399	0.524891251812	0.441759304012	0.594006766554	0.508941517641	0.689221846303	0.643789270179	0.529724504592	0.510391493475	0.487191880135	0.670855485742	0.612856452392	0.65055582407	0.627839536008	0.613823102948	0.651522474625	0.51619139681	0.533107781537	0.534074432093	0.545190913485	0.543257612373	0.638472692122	0.556307394877	0.616723054616	0.488158530691	0.610439826003
AE4	0.609956500725	0.501691638473	0.952150797487	0.625906234896	0.580473658772	0.526824552924	0.362493958434	0.396326727888	0.503624939584	0.0	0.575640405993	0.535524407927	0.563557274045	0.864185596907	0.530691155147	0.564040599323	0.573707104882	0.58095698405	0.941517641373	0.76848719188	0.65973900435	0.592073465442	0.603189946834	0.581440309328	0.913968100532	0.616723054616	0.587723537941	0.586756887385	0.579990333494	0.608023199613	0.641372643789	0.594006766554	0.522474625423	0.547124214596	0.691638472692	0.625422909618	0.570807153214	0.450459159014	0.524891251812	0.517641372644	0.49540840986	0.578540357661	0.539874335428	0.484775253746	0.600289995167	0.58095698405	0.710971483809	0.655389076849	0.699855002417	0.679072015466	0.665538907685	0.688255195747	0.582890285162	0.585306911551	0.583856935718	0.594006766554	0.54857419043	0.677622039633	0.573707104882	0.662155630739	0.584340260996	0.659255679072
AF3	0.602223296278	0.568390526825	0.971483808603	0.63653939101	0.617206379894	0.333011116481	0.6805219913	0.443692605123	0.406959884002	0.575640405993	0.0	0.531657805703	0.528757854036	0.884968583857	0.605123247946	0.58337361044	0.435476075399	0.44224262929	0.958917351377	0.784920251329	0.598840019333	0.551474142098	0.449975833736	0.444659255679	0.917351377477	0.618173030449	0.441275978734	0.500724987917	0.529241179314	0.600773320445	0.531174480425	0.512324794587	0.446109231513	0.505074915418	0.675688738521	0.62493958434	0.414693088449	0.549540840986	0.442725954567	0.620589656839	0.526824552924	0.723054615756	0.679555340744	0.559690671822	0.520057999033	0.485258579024	0.664088931851	0.608989850169	0.669405509908	0.623006283229	0.609956500725	0.64572257129	0.533107781537	0.522957950701	0.526824552924	0.541807636539	0.582890285162	0.63653939101	0.585306911551	0.61333977767	0.500724987917	0.605606573224
AF4	0.600289995167	0.512808119865	0.930884485259	0.579507008217	0.30546157564	0.40744320928	0.610923151281	0.480425326245	0.50700821653	0.535524407927	0.531657805703	0.0	0.545674238763	0.843885935234	0.543740937651	0.546640889319	0.54857419043	0.542290961817	0.881101981634	0.722087965201	0.690188496858	0.619623006283	0.660222329628	0.634606089899	0.846302561624	0.624456259062	0.598356694055	0.616723054616	0.611406476559	0.640889318511	0.654905751571	0.610923151281	0.53697438376	0.563557274045	0.605606573224	0.524891251812	0.552440792653	0.543740937651	0.509908168197	0.505074915418	0.489125181247	0.630739487675	0.60657322378	0.523441275979	0.566940550991	0.545190913485	0.586273562107	0.523441275979	0.56259062349	0.532141130981	0.53939101015	0.555340744321	0.470275495408	0.488641855969	0.504108264862	0.508458192363	0.5601739971	0.538424359594	0.550507491542	0.533591106815	0.556307394877	0.523441275979
AG3	0.579990333494	0.484775253746	0.965683905268	0.46979217013	0.598356694055	0.498791686805	0.649589173514	0.50700821653	0.509424842919	0.563557274045	0.528757854036	0.545674238763	0.0	0.856935717738	0.529724504592	0.531657805703	0.495891735138	0.48380860319	0.929434509425	0.762203963267	0.655872402127	0.578057032383	0.586756887385	0.584823586274	0.886901884969	0.618656355727	0.551474142098	0.558240695988	0.582406959884	0.614789753504	0.630739487675	0.564523924601	0.519091348478	0.51619139681	0.663605606573	0.608989850169	0.531657805703	0.552440792653	0.512808119865	0.574673755437	0.508458192363	0.681005316578	0.639439342678	0.531657805703	0.555824069599	0.550024166264	0.618656355727	0.577573707105	0.635089415176	0.608506524891	0.593523441276	0.616723054616	0.507974867086	0.519091348478	0.521991300145	0.522474625423	0.536491058482	0.599323344611	0.542290961817	0.601256645723	0.50459159014	0.582406959884
AG4	0.847752537458	0.860318994683	0.35186080232	0.570807153214	0.836636056066	0.864668922185	0.869018849686	0.854035766071	0.852585790237	0.864185596907	0.884968583857	0.843885935234	0.856935717738	0.0	0.875302078299	0.853552440793	0.890285161914	0.886901884969	0.710971483809	0.673755437409	0.818753020783	0.825519574674	0.883035282745	0.87046882552	0.818753020783	0.816336394393	0.863218946351	0.867568873852	0.767037216046	0.753504108265	0.887868535524	0.871918801353	0.875302078299	0.878685355244	0.896085065249	0.88883518608	0.893185113581	0.866118898018	0.88883518608	0.883035282745	0.884001933301	0.852102464959	0.845819236346	0.866118898018	0.898018366361	0.887868535524	0.887385210246	0.889318511358	0.886418559691	0.887385210246	0.89125181247	0.885935234413	0.89125181247	0.889801836636	0.898018366361	0.89125181247	0.890285161914	0.888351860802	0.886901884969	0.889801836636	0.89125181247	0.891735137748
AH3	0.646205896568	0.37506041566	0.961333977767	0.60415659739	0.596423392943	0.56259062349	0.576607056549	0.525857902368	0.563557274045	0.530691155147	0.605123247946	0.543740937651	0.529724504592	0.875302078299	0.0	0.524407926535	0.594490091832	0.594490091832	0.926051232479	0.763170613823	0.696955050749	0.623006283229	0.634606089899	0.633156114065	0.903818269696	0.679555340744	0.625906234896	0.620106331561	0.638472692122	0.672305461576	0.68970517158	0.6389560174	0.536491058482	0.57177380377	0.705654905752	0.639922667956	0.614789753504	0.529241179314	0.588690188497	0.558240695988	0.531174480425	0.603673272112	0.555340744321	0.533591106815	0.624456259062	0.625422909618	0.704688255196	0.633156114065	0.66892218463	0.645239246013	0.640889318511	0.675688738521	0.586273562107	0.587723537941	0.590140164331	0.593040115998	0.546157564041	0.663122281295	0.550507491542	0.641855969067	0.588206863219	0.627839536008
AH4	0.318994683422	0.364910584824	0.944900918318	0.605123247946	0.605123247946	0.535041082649	0.63653939101	0.529241179314	0.535041082649	0.564040599323	0.58337361044	0.546640889319	0.531657805703	0.853552440793	0.524407926535	0.0	0.534557757371	0.542290961817	0.871435476075	0.719671338811	0.63653939101	0.567423876269	0.584823586274	0.568873852102	0.848719188014	0.588206863219	0.556790720155	0.559690671822	0.581440309328	0.593040115998	0.595940067666	0.551474142098	0.548090865152	0.553890768487	0.699371677139	0.640889318511	0.579990333494	0.572257129048	0.549057515708	0.577090381827	0.544224262929	0.681971967134	0.645239246013	0.566457225713	0.589173513775	0.584340260996	0.65973900435	0.605606573224	0.663122281295	0.626389560174	0.607056549058	0.639922667956	0.523924601257	0.521507974867	0.535041082649	0.525857902368	0.51619139681	0.618173030449	0.517641372644	0.625422909618	0.539874335428	0.611406476559
AA7	0.571290478492	0.536491058482	0.970033832769	0.625422909618	0.60415659739	0.467858869019	0.68293861769	0.462542290962	0.434509424843	0.573707104882	0.435476075399	0.54857419043	0.495891735138	0.890285161914	0.594490091832	0.534557757371	0.0	0.289028516191	0.918318028033	0.767037216046	0.587240212663	0.515224746254	0.475592073465	0.468825519575	0.870952150797	0.582406959884	0.4398260029	0.451909134848	0.521507974867	0.581923634606	0.508458192363	0.427259545674	0.424359594007	0.478975350411	0.695021749638	0.642339294345	0.459159014016	0.548090865152	0.472692121798	0.602223296278	0.535041082649	0.718221362977	0.677622039633	0.563073948768	0.532624456259	0.505558240696	0.655389076849	0.607056549058	0.658289028516	0.629289511841	0.590623489609	0.626872885452	0.505558240696	0.51377477042	0.517641372644	0.519091348478	0.534557757371	0.60657322378	0.538424359594	0.628322861286	0.487191880135	0.603673272112
AA8	0.562107298212	0.537457709038	0.968100531658	0.620589656839	0.59497341711	0.451909134848	0.685838569357	0.452392460126	0.425809569841	0.58095698405	0.44224262929	0.542290961817	0.48380860319	0.886901884969	0.594490091832	0.542290961817	0.289028516191	0.0	0.917834702755	0.757854035766	0.576123731271	0.500241662639	0.49299178347	0.488158530691	0.860318994683	0.567907201547	0.460125664572	0.448042532624	0.508941517641	0.570807153214	0.489125181247	0.376993716771	0.420976317061	0.473175447076	0.691638472692	0.640889318511	0.462058965684	0.554857419043	0.453842435959	0.604639922668	0.525857902368	0.725471242146	0.686321894635	0.565973900435	0.526341227646	0.497341710971	0.631222812953	0.589656839053	0.651522474625	0.618173030449	0.573707104882	0.604639922668	0.487675205413	0.498791686805	0.50459159014	0.51377477042	0.543257612373	0.591106814886	0.544224262929	0.617206379894	0.478008699855	0.589656839053
AB7	0.862252295795	0.894635089415	0.762203963267	0.731754470759	0.874335427743	0.927501208313	0.935717738038	0.927984533591	0.921701304978	0.941517641373	0.958917351377	0.881101981634	0.929434509425	0.710971483809	0.926051232479	0.871435476075	0.918318028033	0.917834702755	0.0	0.413726437893	0.817786370227	0.822136297728	0.935717738038	0.915901401643	0.741420976317	0.807636539391	0.885935234413	0.871918801353	0.750120831319	0.687771870469	0.884968583857	0.893668438859	0.922667955534	0.937167713871	0.93523441276	0.929917834703	0.944900918318	0.915901401643	0.942967617206	0.926534557757	0.937167713871	0.881585306912	0.871918801353	0.91445142581	0.949734171097	0.947800869986	0.925567907202	0.931367810536	0.927501208313	0.925567907202	0.927017883035	0.922184630256	0.913001449976	0.913001449976	0.917834702755	0.914934751087	0.925567907202	0.911068148864	0.920734654422	0.932334461092	0.950700821653	0.934267762204
AB8	0.718221362977	0.730304494925	0.748670855486	0.564040599323	0.753504108265	0.754470758821	0.768003866602	0.759787336878	0.750604156597	0.76848719188	0.784920251329	0.722087965201	0.762203963267	0.673755437409	0.763170613823	0.719671338811	0.767037216046	0.757854035766	0.413726437893	0.0	0.65732237796	0.652972450459	0.759787336878	0.739971000483	0.725471242146	0.649589173514	0.712421459642	0.699371677139	0.549540840986	0.513291445143	0.740937651039	0.73368777187	0.7593040116	0.768003866602	0.804736587724	0.765103914935	0.773803769937	0.741420976317	0.771870468826	0.759787336878	0.763170613823	0.727404543258	0.711938134364	0.742387626873	0.784920251329	0.776703721605	0.809086515225	0.767037216046	0.800386660222	0.762203963267	0.773320444659	0.785886901885	0.7593040116	0.761237312711	0.766070565491	0.761720637989	0.757854035766	0.772353794103	0.7593040116	0.764620589657	0.775253745771	0.767520541324
AC7	0.60657322378	0.646689221846	0.893185113581	0.664572257129	0.73610439826	0.58337361044	0.721604639923	0.578057032383	0.553890768487	0.65973900435	0.598840019333	0.690188496858	0.655872402127	0.818753020783	0.696955050749	0.63653939101	0.587240212663	0.576123731271	0.817786370227	0.65732237796	0.0	0.354760753987	0.566940550991	0.570807153214	0.823586273562	0.58095698405	0.547124214596	0.514258095698	0.490091831803	0.490575157081	0.573223779604	0.540840985984	0.563073948768	0.600773320445	0.811019816336	0.758820686322	0.612373127115	0.635572740454	0.617206379894	0.728854519091	0.672305461576	0.720637989367	0.695988400193	0.646689221846	0.6389560174	0.609956500725	0.815853069116	0.762203963267	0.805703238279	0.784436926051	0.752537457709	0.786853552441	0.675205413243	0.673755437409	0.673755437409	0.690671822136	0.662638956017	0.779120347994	0.677622039633	0.768003866602	0.608023199613	0.760753987434
AC8	0.5601739971	0.558240695988	0.90043499275	0.61333977767	0.670372160464	0.529241179314	0.690188496858	0.505558240696	0.495891735138	0.592073465442	0.551474142098	0.619623006283	0.578057032383	0.825519574674	0.623006283229	0.567423876269	0.515224746254	0.500241662639	0.822136297728	0.652972450459	0.354760753987	0.0	0.507491541808	0.498308361527	0.827452875785	0.535041082649	0.420009666506	0.380860318995	0.439342677622	0.461092315128	0.533591106815	0.484291928468	0.493475108748	0.519574673755	0.73610439826	0.679072015466	0.549540840986	0.561140647656	0.53697438376	0.642822619623	0.585306911551	0.670855485742	0.62735621073	0.574673755437	0.566940550991	0.545190913485	0.723537941034	0.66892218463	0.725471242146	0.706138231029	0.665538907685	0.698888351861	0.584823586274	0.581440309328	0.581923634606	0.597873368777	0.564523924601	0.690671822136	0.586273562107	0.690188496858	0.525857902368	0.669405509908
AD7	0.588206863219	0.574673755437	0.959884001933	0.667472208797	0.725471242146	0.531174480425	0.699855002417	0.514258095698	0.477042049299	0.603189946834	0.449975833736	0.660222329628	0.586756887385	0.883035282745	0.634606089899	0.584823586274	0.475592073465	0.49299178347	0.935717738038	0.759787336878	0.566940550991	0.507491541808	0.0	0.302078298695	0.899468342194	0.524407926535	0.429676172064	0.457709038183	0.509908168197	0.565490575157	0.509424842919	0.480908651522	0.483325277912	0.53697438376	0.745770903818	0.693571773804	0.500241662639	0.583856935718	0.540357660706	0.656839052682	0.603673272112	0.721121314645	0.686805219913	0.602706621556	0.568390526825	0.551957467376	0.749154180764	0.684388593523	0.741420976317	0.724021266312	0.685838569357	0.718704688255	0.605606573224	0.601256645723	0.596906718221	0.626872885452	0.588206863219	0.706621556307	0.60657322378	0.700821652972	0.552440792653	0.684388593523
AD8	0.574190430159	0.559690671822	0.948767520541	0.645239246013	0.699371677139	0.510874818753	0.685838569357	0.492508458192	0.480908651522	0.581440309328	0.444659255679	0.634606089899	0.584823586274	0.87046882552	0.633156114065	0.568873852102	0.468825519575	0.488158530691	0.915901401643	0.739971000483	0.570807153214	0.498308361527	0.302078298695	0.0	0.855485741904	0.487675205413	0.40744320928	0.456259062349	0.484775253746	0.546157564041	0.49299178347	0.475592073465	0.496375060416	0.53697438376	0.732721121315	0.674722087965	0.491058482359	0.575157080715	0.5186080232	0.638472692122	0.581923634606	0.71532141131	0.675688738521	0.586756887385	0.56935717738	0.537941034316	0.731271145481	0.664572257129	0.729821169647	0.707104881585	0.665538907685	0.699371677139	0.586273562107	0.584340260996	0.580473658772	0.608989850169	0.581440309328	0.688255195747	0.599323344611	0.684388593523	0.540357660706	0.664088931851
AE7	0.829869502175	0.873852102465	0.854035766071	0.785403576607	0.827936201063	0.888351860802	0.911551474142	0.894635089415	0.885935234413	0.913968100532	0.917351377477	0.846302561624	0.886901884969	0.818753020783	0.903818269696	0.848719188014	0.870952150797	0.860318994683	0.741420976317	0.725471242146	0.823586273562	0.827452875785	0.899468342194	0.855485741904	0.0	0.547607539874	0.869502174964	0.857419043016	0.757854035766	0.758820686322	0.836152730788	0.838086031899	0.896568390527	0.908651522475	0.924601256646	0.912518124698	0.919284678589	0.899951667472	0.907201546641	0.877718704688	0.905751570807	0.880135331078	0.871918801353	0.883035282745	0.93281778637	0.913968100532	0.885935234413	0.910101498308	0.903334944418	0.891735137748	0.899468342194	0.890768487192	0.887385210246	0.887868535524	0.901401643306	0.886418559691	0.911068148864	0.884968583857	0.901884968584	0.908168197197	0.915418076365	0.906718221363
AE8	0.568390526825	0.602706621556	0.897051715805	0.632672788787	0.671822136298	0.585790236829	0.682455292412	0.588690188497	0.58095698405	0.616723054616	0.618173030449	0.624456259062	0.618656355727	0.816336394393	0.679555340744	0.588206863219	0.582406959884	0.567907201547	0.807636539391	0.649589173514	0.58095698405	0.535041082649	0.524407926535	0.487675205413	0.547607539874	0.0	0.566457225713	0.555824069599	0.511358144031	0.499758337361	0.5601739971	0.541807636539	0.596423392943	0.60657322378	0.758820686322	0.705654905752	0.613823102948	0.595456742388	0.601256645723	0.641855969067	0.623972933784	0.689221846303	0.657805703238	0.607539874335	0.636056065732	0.616723054616	0.742387626873	0.68970517158	0.74770420493	0.708554857419	0.691155147414	0.720637989367	0.637989366844	0.618173030449	0.621072982117	0.628806186564	0.638472692122	0.705654905752	0.64813919768	0.700338327695	0.60415659739	0.686321894635
AF7	0.568873852102	0.553890768487	0.939101014983	0.634606089899	0.658289028516	0.502174963751	0.694055099082	0.468825519575	0.445625906235	0.587723537941	0.441275978734	0.598356694055	0.551474142098	0.863218946351	0.625906234896	0.556790720155	0.4398260029	0.460125664572	0.885935234413	0.712421459642	0.547124214596	0.420009666506	0.429676172064	0.40744320928	0.869502174964	0.566457225713	0.0	0.330594490092	0.467858869019	0.52537457709	0.487191880135	0.482841952634	0.448525857902	0.498308361527	0.699855002417	0.644272595457	0.466408893185	0.53939101015	0.494925084582	0.616723054616	0.549057515708	0.70130497825	0.656839052682	0.551957467376	0.535041082649	0.510874818753	0.678105364911	0.622039632673	0.693088448526	0.670855485742	0.617689705172	0.651522474625	0.551957467376	0.543740937651	0.542774287095	0.564040599323	0.559207346544	0.646689221846	0.565007249879	0.65055582407	0.491541807637	0.626872885452
AF8	0.559207346544	0.550507491542	0.937651039149	0.637506041566	0.675205413243	0.522474625423	0.697921701305	0.487675205413	0.462058965684	0.586756887385	0.500724987917	0.616723054616	0.558240695988	0.867568873852	0.620106331561	0.559690671822	0.451909134848	0.448042532624	0.871918801353	0.699371677139	0.514258095698	0.380860318995	0.457709038183	0.456259062349	0.857419043016	0.555824069599	0.330594490092	0.0	0.462542290962	0.521507974867	0.50459159014	0.456259062349	0.441275978734	0.501208313195	0.720154664089	0.664572257129	0.487191880135	0.542290961817	0.514741420976	0.609956500725	0.57177380377	0.688255195747	0.643305944901	0.557274045433	0.557274045433	0.539874335428	0.685355244079	0.630256162397	0.700821652972	0.684388593523	0.635089415176	0.662638956017	0.551474142098	0.554374093765	0.556307394877	0.57177380377	0.541324311261	0.650072498792	0.555824069599	0.668438859352	0.498791686805	0.637022716288
AG7	0.583856935718	0.577090381827	0.845335911068	0.538907684872	0.667955534074	0.533107781537	0.697921701305	0.505074915418	0.488641855969	0.579990333494	0.529241179314	0.611406476559	0.582406959884	0.767037216046	0.638472692122	0.581440309328	0.521507974867	0.508941517641	0.750120831319	0.549540840986	0.490091831803	0.439342677622	0.509908168197	0.484775253746	0.757854035766	0.511358144031	0.467858869019	0.462542290962	0.0	0.333977767037	0.542774287095	0.504108264862	0.507491541808	0.551474142098	0.737554374094	0.679555340744	0.523441275979	0.553890768487	0.536007733204	0.631706138231	0.576607056549	0.679555340744	0.625422909618	0.558724021266	0.593040115998	0.565007249879	0.733204446593	0.670372160464	0.725471242146	0.702271628806	0.662638956017	0.704688255196	0.607056549058	0.602223296278	0.605123247946	0.610923151281	0.610439826003	0.691155147414	0.622522957951	0.681005316578	0.574673755437	0.665055582407
AG8	0.582890285162	0.599806669889	0.854519091348	0.585790236829	0.691638472692	0.572257129048	0.686805219913	0.569840502658	0.558240695988	0.608023199613	0.600773320445	0.640889318511	0.614789753504	0.753504108265	0.672305461576	0.593040115998	0.581923634606	0.570807153214	0.687771870469	0.513291445143	0.490575157081	0.461092315128	0.565490575157	0.546157564041	0.758820686322	0.499758337361	0.52537457709	0.521507974867	0.333977767037	0.0	0.568873852102	0.536491058482	0.569840502658	0.594006766554	0.758820686322	0.699371677139	0.585306911551	0.573707104882	0.579990333494	0.651522474625	0.602706621556	0.681005316578	0.64572257129	0.597873368777	0.628806186564	0.597390043499	0.751087481875	0.692605123248	0.743354277429	0.725954567424	0.686805219913	0.721604639923	0.637022716288	0.629289511841	0.621556307395	0.637022716288	0.635089415176	0.711938134364	0.653455775737	0.700821652972	0.600773320445	0.686805219913
AH7	0.579023682939	0.617689705172	0.951667472209	0.691638472692	0.701788303528	0.575640405993	0.719188013533	0.55775737071	0.532624456259	0.641372643789	0.531174480425	0.654905751571	0.630739487675	0.887868535524	0.68970517158	0.595940067666	0.508458192363	0.489125181247	0.884968583857	0.740937651039	0.573223779604	0.533591106815	0.509424842919	0.49299178347	0.836152730788	0.5601739971	0.487191880135	0.50459159014	0.542774287095	0.568873852102	0.0	0.323344610923	0.568390526825	0.609956500725	0.781536974384	0.730304494925	0.554374093765	0.635089415176	0.593040115998	0.672305461576	0.6389560174	0.759787336878	0.740454325761	0.655389076849	0.640889318511	0.612856452392	0.754954084099	0.722571290478	0.764620589657	0.727887868536	0.70372160464	0.735137747704	0.621556307395	0.625906234896	0.620589656839	0.644755920735	0.628322861286	0.72450459159	0.637989366844	0.718221362977	0.604639922668	0.721604639923
AH8	0.549057515708	0.566940550991	0.949250845819	0.653939101015	0.661188980184	0.522474625423	0.687771870469	0.504108264862	0.484291928468	0.594006766554	0.512324794587	0.610923151281	0.564523924601	0.871918801353	0.6389560174	0.551474142098	0.427259545674	0.376993716771	0.893668438859	0.73368777187	0.540840985984	0.484291928468	0.480908651522	0.475592073465	0.838086031899	0.541807636539	0.482841952634	0.456259062349	0.504108264862	0.536491058482	0.323344610923	0.0	0.496858385694	0.550024166264	0.754470758821	0.700821652972	0.520057999033	0.583856935718	0.536007733204	0.629289511841	0.589656839053	0.716288061866	0.697921701305	0.603673272112	0.587723537941	0.563557274045	0.707104881585	0.66892218463	0.724021266312	0.690671822136	0.653455775737	0.681005316578	0.564040599323	0.576607056549	0.572740454326	0.593523441276	0.569840502658	0.667472208797	0.582890285162	0.677138714355	0.539874335428	0.669888835186
AA5	0.58337361044	0.499758337361	0.95601739971	0.623006283229	0.595456742388	0.450942484292	0.630256162397	0.407926534558	0.40502658289	0.522474625423	0.446109231513	0.53697438376	0.519091348478	0.875302078299	0.536491058482	0.548090865152	0.424359594007	0.420976317061	0.922667955534	0.7593040116	0.563073948768	0.493475108748	0.483325277912	0.496375060416	0.896568390527	0.596423392943	0.448525857902	0.441275978734	0.507491541808	0.569840502658	0.568390526825	0.496858385694	0.0	0.353310778154	0.677622039633	0.602223296278	0.456742387627	0.452392460126	0.449975833736	0.546157564041	0.472692121798	0.623489608507	0.576607056549	0.470275495408	0.522474625423	0.482358627356	0.688738521025	0.632189463509	0.675205413243	0.653939101015	0.631706138231	0.674238762687	0.51377477042	0.546640889319	0.547607539874	0.546640889319	0.519574673755	0.655872402127	0.543257612373	0.638472692122	0.490575157081	0.628322861286
AA6	0.596423392943	0.520057999033	0.959400676655	0.6389560174	0.629289511841	0.478975350411	0.653455775737	0.449975833736	0.459642339294	0.547124214596	0.505074915418	0.563557274045	0.51619139681	0.878685355244	0.57177380377	0.553890768487	0.478975350411	0.473175447076	0.937167713871	0.768003866602	0.600773320445	0.519574673755	0.53697438376	0.53697438376	0.908651522475	0.60657322378	0.498308361527	0.501208313195	0.551474142098	0.594006766554	0.609956500725	0.550024166264	0.353310778154	0.0	0.669888835186	0.590140164331	0.507491541808	0.490575157081	0.480908651522	0.582406959884	0.496375060416	0.665538907685	0.615273078782	0.517641372644	0.44900918318	0.418076365394	0.685838569357	0.626872885452	0.669888835186	0.652489125181	0.630256162397	0.672788786854	0.526341227646	0.544224262929	0.541807636539	0.549540840986	0.525857902368	0.65055582407	0.553890768487	0.633639439343	0.507974867086	0.625906234896
AB5	0.748670855486	0.683905268246	0.971967133881	0.709038182697	0.617206379894	0.643789270179	0.73610439826	0.65732237796	0.676655389077	0.691638472692	0.675688738521	0.605606573224	0.663605606573	0.896085065249	0.705654905752	0.699371677139	0.695021749638	0.691638472692	0.93523441276	0.804736587724	0.811019816336	0.73610439826	0.745770903818	0.732721121315	0.924601256646	0.758820686322	0.699855002417	0.720154664089	0.737554374094	0.758820686322	0.781536974384	0.754470758821	0.677622039633	0.669888835186	0.0	0.316578057032	0.625422909618	0.675205413243	0.623972933784	0.623972933784	0.601256645723	0.736587723538	0.714838086032	0.656355727405	0.62493958434	0.614306428226	0.620106331561	0.612856452392	0.632672788787	0.602223296278	0.629289511841	0.619139681005	0.605123247946	0.604639922668	0.609473175447	0.625906234896	0.670855485742	0.599806669889	0.65732237796	0.607539874335	0.683421942968	0.61333977767
AB6	0.691638472692	0.611406476559	0.963267278879	0.662155630739	0.574673755437	0.573707104882	0.670372160464	0.579023682939	0.615273078782	0.625422909618	0.62493958434	0.524891251812	0.608989850169	0.88883518608	0.639922667956	0.640889318511	0.642339294345	0.640889318511	0.929917834703	0.765103914935	0.758820686322	0.679072015466	0.693571773804	0.674722087965	0.912518124698	0.705654905752	0.644272595457	0.664572257129	0.679555340744	0.699371677139	0.730304494925	0.700821652972	0.602223296278	0.590140164331	0.316578057032	0.0	0.584823586274	0.594490091832	0.569840502658	0.561140647656	0.540840985984	0.666988883519	0.637989366844	0.558240695988	0.563557274045	0.549540840986	0.590623489609	0.550507491542	0.588206863219	0.556307394877	0.56935717738	0.585306911551	0.538424359594	0.561623972934	0.570323827936	0.579023682939	0.605123247946	0.565007249879	0.605606573224	0.550507491542	0.640405993233	0.550024166264
AC5	0.587723537941	0.561623972934	0.971483808603	0.640889318511	0.611889801837	0.450942484292	0.679555340744	0.455292411793	0.435476075399	0.570807153214	0.414693088449	0.552440792653	0.531657805703	0.893185113581	0.614789753504	0.579990333494	0.459159014016	0.462058965684	0.944900918318	0.773803769937	0.612373127115	0.549540840986	0.500241662639	0.491058482359	0.919284678589	0.613823102948	0.466408893185	0.487191880135	0.523441275979	0.585306911551	0.554374093765	0.520057999033	0.456742387627	0.507491541808	0.625422909618	0.584823586274	0.0	0.450942484292	0.436926051232	0.593523441276	0.508941517641	0.721604639923	0.664572257129	0.553407443209	0.468342194297	0.450942484292	0.606089898502	0.555340744321	0.621072982117	0.583856935718	0.555824069599	0.590140164331	0.477525374577	0.473658772354	0.467375543741	0.511841469309	0.564523924601	0.580473658772	0.573223779604	0.564040599323	0.508941517641	0.551474142098
AC6	0.60657322378	0.507974867086	0.951184146931	0.623489608507	0.588690188497	0.516674722088	0.531174480425	0.475592073465	0.524891251812	0.450459159014	0.549540840986	0.543740937651	0.552440792653	0.866118898018	0.529241179314	0.572257129048	0.548090865152	0.554857419043	0.915901401643	0.741420976317	0.635572740454	0.561140647656	0.583856935718	0.575157080715	0.899951667472	0.595456742388	0.53939101015	0.542290961817	0.553890768487	0.573707104882	0.635089415176	0.583856935718	0.452392460126	0.490575157081	0.675205413243	0.594490091832	0.450942484292	0.0	0.514741420976	0.508941517641	0.490575157081	0.482841952634	0.432092798453	0.423876268729	0.572740454326	0.542774287095	0.684388593523	0.634606089899	0.672305461576	0.648622522958	0.636056065732	0.668438859352	0.566457225713	0.570807153214	0.568873852102	0.566457225713	0.540357660706	0.65732237796	0.564523924601	0.633639439343	0.550507491542	0.637989366844
AD6	0.593523441276	0.52779120348	0.971483808603	0.61333977767	0.56259062349	0.417109714838	0.633639439343	0.428709521508	0.441759304012	0.524891251812	0.442725954567	0.509908168197	0.512808119865	0.88883518608	0.588690188497	0.549057515708	0.472692121798	0.453842435959	0.942967617206	0.771870468826	0.617206379894	0.53697438376	0.540357660706	0.5186080232	0.907201546641	0.601256645723	0.494925084582	0.514741420976	0.536007733204	0.579990333494	0.593040115998	0.536007733204	0.449975833736	0.480908651522	0.623972933784	0.569840502658	0.436926051232	0.514741420976	0.0	0.528757854036	0.405509908168	0.69212179797	0.648622522958	0.536491058482	0.489125181247	0.458192363461	0.600773320445	0.547607539874	0.598356694055	0.567423876269	0.562107298212	0.588206863219	0.457709038183	0.460125664572	0.471725471242	0.485258579024	0.543257612373	0.566457225713	0.543257612373	0.571290478492	0.472692121798	0.551957467376
AE5	0.629289511841	0.53697438376	0.971967133881	0.62493958434	0.545190913485	0.564523924601	0.581923634606	0.54857419043	0.594006766554	0.517641372644	0.620589656839	0.505074915418	0.574673755437	0.883035282745	0.558240695988	0.577090381827	0.602223296278	0.604639922668	0.926534557757	0.759787336878	0.728854519091	0.642822619623	0.656839052682	0.638472692122	0.877718704688	0.641855969067	0.616723054616	0.609956500725	0.631706138231	0.651522474625	0.672305461576	0.629289511841	0.546157564041	0.582406959884	0.623972933784	0.561140647656	0.593523441276	0.508941517641	0.528757854036	0.0	0.345094248429	0.607539874335	0.568390526825	0.49540840986	0.618173030449	0.612373127115	0.646689221846	0.605606573224	0.637989366844	0.611406476559	0.623489608507	0.640405993233	0.534557757371	0.563557274045	0.589173513775	0.545674238763	0.550024166264	0.62735621073	0.552440792653	0.605606573224	0.586756887385	0.60415659739
AE6	0.600773320445	0.49299178347	0.971967133881	0.61333977767	0.537941034316	0.476075398743	0.585306911551	0.459159014016	0.508941517641	0.49540840986	0.526824552924	0.489125181247	0.508458192363	0.884001933301	0.531174480425	0.544224262929	0.535041082649	0.525857902368	0.937167713871	0.763170613823	0.672305461576	0.585306911551	0.603673272112	0.581923634606	0.905751570807	0.623972933784	0.549057515708	0.57177380377	0.576607056549	0.602706621556	0.6389560174	0.589656839053	0.472692121798	0.496375060416	0.601256645723	0.540840985984	0.508941517641	0.490575157081	0.405509908168	0.345094248429	0.0	0.640889318511	0.591590140164	0.46979217013	0.529241179314	0.523441275979	0.629289511841	0.580473658772	0.614306428226	0.586273562107	0.587240212663	0.616723054616	0.478008699855	0.487191880135	0.499275012083	0.489125181247	0.51619139681	0.601256645723	0.521991300145	0.573223779604	0.512808119865	0.577573707105
AF5	0.713388110198	0.625906234896	0.937167713871	0.665538907685	0.659255679072	0.688738521025	0.547607539874	0.6389560174	0.689221846303	0.578540357661	0.723054615756	0.630739487675	0.681005316578	0.852102464959	0.603673272112	0.681971967134	0.718221362977	0.725471242146	0.881585306912	0.727404543258	0.720637989367	0.670855485742	0.721121314645	0.71532141131	0.880135331078	0.689221846303	0.70130497825	0.688255195747	0.679555340744	0.681005316578	0.759787336878	0.716288061866	0.623489608507	0.665538907685	0.736587723538	0.666988883519	0.721604639923	0.482841952634	0.69212179797	0.607539874335	0.640889318511	0.0	0.286128564524	0.540357660706	0.730304494925	0.716288061866	0.762203963267	0.721121314645	0.753504108265	0.719188013533	0.736587723538	0.751570807153	0.697438376027	0.718221362977	0.729821169647	0.710971483809	0.666505558241	0.742870952151	0.682455292412	0.706621556307	0.719671338811	0.721121314645
AF6	0.685355244079	0.581440309328	0.931851135814	0.643305944901	0.640889318511	0.646205896568	0.528274528758	0.598356694055	0.643789270179	0.539874335428	0.679555340744	0.60657322378	0.639439342678	0.845819236346	0.555340744321	0.645239246013	0.677622039633	0.686321894635	0.871918801353	0.711938134364	0.695988400193	0.62735621073	0.686805219913	0.675688738521	0.871918801353	0.657805703238	0.656839052682	0.643305944901	0.625422909618	0.64572257129	0.740454325761	0.697921701305	0.576607056549	0.615273078782	0.714838086032	0.637989366844	0.664572257129	0.432092798453	0.648622522958	0.568390526825	0.591590140164	0.286128564524	0.0	0.491058482359	0.681005316578	0.665538907685	0.741904301595	0.686321894635	0.727887868536	0.685355244079	0.691638472692	0.725471242146	0.647655872402	0.666505558241	0.672305461576	0.659255679072	0.615273078782	0.713871435476	0.629289511841	0.680038666022	0.675205413243	0.693088448526
