	AA3	AA4	AB3	AB4	AC3	AC4	AD3	AD4	AE3	AE4	AF3	AF4	AG3	AG4	AH3	AH4	AA7	AA8	AB7	AB8	AC7	AC8	AD7	AD8	AE7	AE8	AF7	AF8	AG7	AG8	AH7	AH8	AA5	AA6	AB5	AB6	AC5	AC6	AD6	AE5	AE6	AF5	AF6	AG5	AH5	AH6	AA1	AA2	AB1	AB2	AC1	AC2	AD1	AD2	AE1	AE2	AF1	AF2	AG1	AG2	AH1	AH2
AA3	0.0	0.479942000967	0.933301111648	0.648622522958	0.663605606573	0.573223779604	0.677622039633	0.586273562107	0.56935717738	0.611406476559	0.607056549058	0.607539874335	0.588206863219	0.843885935234	0.640405993233	0.325761237313	0.570323827936	0.574190430159	0.861285645239	0.714354760754	0.619623006283	0.573707104882	0.592073465442	0.587723537941	0.834219429676	0.59497341711	0.566457225713	0.567907201547	0.579023682939	0.587240212663	0.592073465442	0.57177380377	0.587240212663	0.593040115998	0.732721121315	0.68970517158	0.597873368777	0.626872885452	0.593040115998	0.622522957951	0.595456742388	0.711454809087	0.687771870469	0.614789753504	0.617689705172	0.616723054616	0.676655389077	0.651522474625	0.718221362977	0.662638956017	0.636056065732	0.652972450459	0.571290478492	0.554374093765	0.572740454326	0.552924117931	0.572257129048	0.65732237796	0.586756887385	0.660705654906	0.572257129048	0.653455775737
AA4	0.479942000967	0.0	0.947317544708	0.598356694055	0.580473658772	0.49540840986	0.594006766554	0.490575157081	0.5186080232	0.517158047366	0.563557274045	0.514741420976	0.477042049299	0.854035766071	0.370227162881	0.358627356211	0.528757854036	0.542290961817	0.891735137748	0.716288061866	0.666022232963	0.570323827936	0.584340260996	0.578057032383	0.869502174964	0.611406476559	0.553890768487	0.552440792653	0.592073465442	0.606089898502	0.627839536008	0.563073948768	0.512324794587	0.521024649589	0.662155630739	0.604639922668	0.566940550991	0.522474625423	0.535041082649	0.52779120348	0.490091831803	0.629772837119	0.591106814886	0.519091348478	0.58337361044	0.576607056549	0.652005799903	0.591106814886	0.638472692122	0.599323344611	0.595940067666	0.613823102948	0.512324794587	0.520057999033	0.51377477042	0.524407926535	0.495891735138	0.628806186564	0.501208313195	0.591106814886	0.533107781537	0.584823586274
AB3	0.933301111648	0.947317544708	0.0	0.662638956017	0.913001449976	0.952150797487	0.952634122765	0.931367810536	0.927984533591	0.949250845819	0.970033832769	0.93281778637	0.961817303045	0.371193813436	0.957950700822	0.940550990817	0.967133881102	0.966650555824	0.751570807153	0.744320927985	0.884001933301	0.906718221363	0.955050749154	0.944900918318	0.848235862736	0.893668438859	0.934751087482	0.922667955534	0.840019333011	0.839052682455	0.949734171097	0.950700821653	0.954567423876	0.957467375544	0.96761720638	0.9584340261	0.971967133881	0.946350894152	0.970517158047	0.969550507492	0.970033832769	0.931851135814	0.930884485259	0.94441759304	0.974383760271	0.966167230546	0.969550507492	0.968100531658	0.968583856936	0.969550507492	0.973417109715	0.967133881102	0.968583856936	0.969067182214	0.977283711938	0.970033832769	0.968583856936	0.965683905268	0.968583856936	0.970517158047	0.968100531658	0.969550507492
AB4	0.648622522958	0.598356694055	0.662638956017	0.0	0.646205896568	0.623006283229	0.700338327695	0.631222812953	0.623006283229	0.639439342678	0.660222329628	0.619623006283	0.507974867086	0.545190913485	0.624456259062	0.620589656839	0.649589173514	0.652005799903	0.726437892702	0.563073948768	0.66892218463	0.627839536008	0.674722087965	0.665055582407	0.790236829386	0.647172547124	0.654422426293	0.639439342678	0.56259062349	0.583856935718	0.708071532141	0.659255679072	0.660222329628	0.670855485742	0.721604639923	0.666505558241	0.666505558241	0.652489125181	0.654905751571	0.649105848236	0.640405993233	0.674722087965	0.655872402127	0.644272595457	0.693571773804	0.684388593523	0.705654905752	0.665538907685	0.710004833253	0.680038666022	0.679072015466	0.66892218463	0.641372643789	0.654905751571	0.666022232963	0.640405993233	0.65055582407	0.686805219913	0.647172547124	0.661672305462	0.665538907685	0.681488641856
AC3	0.663605606573	0.580473658772	0.913001449976	0.646205896568	0.0	0.506041565974	0.640889318511	0.565973900435	0.581923634606	0.602706621556	0.630256162397	0.318994683422	0.608989850169	0.82406959884	0.594490091832	0.602223296278	0.615273078782	0.616239729338	0.86563557274	0.74528757854	0.735621072982	0.67133881102	0.726437892702	0.722087965201	0.83325277912	0.68293861769	0.652489125181	0.685838569357	0.688738521025	0.692605123248	0.708071532141	0.662638956017	0.61333977767	0.63653939101	0.609473175447	0.574673755437	0.618173030449	0.589173513775	0.593040115998	0.557274045433	0.542774287095	0.644755920735	0.628806186564	0.568390526825	0.635089415176	0.634122764621	0.585306911551	0.57177380377	0.56935717738	0.563073948768	0.590623489609	0.575157080715	0.532624456259	0.558724021266	0.573223779604	0.575157080715	0.618173030449	0.573707104882	0.626389560174	0.567423876269	0.614789753504	0.580473658772
AC4	0.573223779604	0.49540840986	0.952150797487	0.623006283229	0.506041565974	0.0	0.62735621073	0.427742870952	0.429192846786	0.509908168197	0.35186080232	0.416143064282	0.50459159014	0.856935717738	0.545674238763	0.532141130981	0.467858869019	0.457225712905	0.924601256646	0.750604156597	0.591106814886	0.521507974867	0.527307878202	0.520541324311	0.891735137748	0.574190430159	0.487675205413	0.513291445143	0.539874335428	0.577090381827	0.572257129048	0.50700821653	0.446109231513	0.485741904302	0.637022716288	0.584340260996	0.475108748188	0.520541324311	0.433542774287	0.550024166264	0.463508941518	0.679072015466	0.639439342678	0.526341227646	0.505074915418	0.500241662639	0.641855969067	0.588206863219	0.617206379894	0.591106814886	0.590623489609	0.608023199613	0.490091831803	0.490575157081	0.501691638473	0.497825036249	0.534074432093	0.616239729338	0.549057515708	0.571290478492	0.457709038183	0.585306911551
AD3	0.677622039633	0.594006766554	0.952634122765	0.700338327695	0.640889318511	0.62735621073	0.0	0.537457709038	0.652972450459	0.371193813436	0.6805219913	0.600289995167	0.648622522958	0.866602223296	0.568390526825	0.638472692122	0.690188496858	0.69212179797	0.942967617206	0.771870468826	0.725471242146	0.700821652972	0.694055099082	0.696955050749	0.917351377477	0.68970517158	0.697438376027	0.695505074915	0.693571773804	0.689221846303	0.720154664089	0.695021749638	0.643789270179	0.653455775737	0.720154664089	0.659255679072	0.684871918801	0.547124214596	0.639922667956	0.56935717738	0.575157080715	0.564040599323	0.530691155147	0.543740937651	0.70130497825	0.691155147414	0.758337361044	0.713388110198	0.742387626873	0.719188013533	0.71532141131	0.737554374094	0.653455775737	0.671822136298	0.672305461576	0.659255679072	0.63653939101	0.735621072982	0.637989366844	0.712421459642	0.698405026583	0.710488158531
AD4	0.586273562107	0.490575157081	0.931367810536	0.631222812953	0.565973900435	0.427742870952	0.537457709038	0.0	0.324311261479	0.40502658289	0.457709038183	0.500724987917	0.513291445143	0.842919284679	0.538424359594	0.527307878202	0.455775737071	0.455292411793	0.929917834703	0.753020782987	0.576607056549	0.496858385694	0.496858385694	0.495891735138	0.898501691638	0.576123731271	0.450459159014	0.478975350411	0.500241662639	0.566457225713	0.558240695988	0.49540840986	0.394876752054	0.457709038183	0.654905751571	0.592073465442	0.467375543741	0.492508458192	0.440309328178	0.570323827936	0.475108748188	0.650072498792	0.610923151281	0.507491541808	0.523924601257	0.506524891252	0.676172063799	0.620589656839	0.648622522958	0.630256162397	0.624456259062	0.639922667956	0.510874818753	0.517641372644	0.519574673755	0.532624456259	0.532141130981	0.651522474625	0.549057515708	0.62735621073	0.507974867086	0.61575640406
AE3	0.56935717738	0.5186080232	0.927984533591	0.623006283229	0.581923634606	0.429192846786	0.652972450459	0.324311261479	0.0	0.517158047366	0.409859835669	0.520541324311	0.508941517641	0.838569357177	0.555340744321	0.531174480425	0.439342677622	0.424359594007	0.926534557757	0.750120831319	0.548090865152	0.474142097632	0.473175447076	0.470758820686	0.888351860802	0.568873852102	0.435476075399	0.466892218463	0.487191880135	0.555824069599	0.53939101015	0.482358627356	0.396810053166	0.475592073465	0.662155630739	0.622522957951	0.449492508458	0.531174480425	0.440792653456	0.608989850169	0.519574673755	0.692605123248	0.649105848236	0.537941034316	0.508458192363	0.494925084582	0.667955534074	0.613823102948	0.656839052682	0.62493958434	0.613823102948	0.634606089899	0.520057999033	0.512808119865	0.525857902368	0.532624456259	0.556790720155	0.65055582407	0.575157080715	0.612373127115	0.487675205413	0.610923151281
AE4	0.611406476559	0.517158047366	0.949250845819	0.639439342678	0.602706621556	0.509908168197	0.371193813436	0.40502658289	0.517158047366	0.0	0.567423876269	0.540840985984	0.580473658772	0.856935717738	0.521991300145	0.563073948768	0.572257129048	0.579507008217	0.941034316095	0.760753987434	0.645239246013	0.591106814886	0.586756887385	0.587240212663	0.90961817303	0.612856452392	0.585790236829	0.58095698405	0.578057032383	0.590623489609	0.628322861286	0.575157080715	0.526341227646	0.546640889319	0.688255195747	0.633156114065	0.574190430159	0.481875302078	0.53697438376	0.542290961817	0.509424842919	0.582406959884	0.551474142098	0.514258095698	0.605123247946	0.590623489609	0.713388110198	0.663122281295	0.698888351861	0.671822136298	0.665538907685	0.680038666022	0.589656839053	0.587240212663	0.584823586274	0.587723537941	0.567907201547	0.690188496858	0.580473658772	0.667472208797	0.586273562107	0.663605606573
AF3	0.607056549058	0.563557274045	0.970033832769	0.660222329628	0.630256162397	0.35186080232	0.6805219913	0.457709038183	0.409859835669	0.567423876269	0.0	0.536491058482	0.540840985984	0.878685355244	0.596906718221	0.586273562107	0.44224262929	0.425809569841	0.960367327211	0.785886901885	0.583856935718	0.534074432093	0.444659255679	0.443692605123	0.919768003867	0.603189946834	0.438376027066	0.506524891252	0.542290961817	0.603673272112	0.529724504592	0.49540840986	0.436442725955	0.518124697922	0.672305461576	0.634606089899	0.425809569841	0.556790720155	0.440309328178	0.622039632673	0.520541324311	0.715804736588	0.680038666022	0.568873852102	0.506524891252	0.505558240696	0.672788786854	0.616239729338	0.669405509908	0.626872885452	0.615273078782	0.637022716288	0.540840985984	0.51377477042	0.528757854036	0.53020782987	0.574190430159	0.649589173514	0.595456742388	0.605123247946	0.489125181247	0.613823102948
AF4	0.607539874335	0.514741420976	0.93281778637	0.619623006283	0.318994683422	0.416143064282	0.600289995167	0.500724987917	0.520541324311	0.540840985984	0.536491058482	0.0	0.542290961817	0.840985983567	0.541324311261	0.554374093765	0.5601739971	0.55775737071	0.892218463026	0.724987916868	0.68970517158	0.621556307395	0.653939101015	0.649589173514	0.855002416626	0.635572740454	0.591106814886	0.623972933784	0.637989366844	0.643305944901	0.658772353794	0.605123247946	0.547124214596	0.576123731271	0.592073465442	0.529241179314	0.551474142098	0.534074432093	0.527307878202	0.509424842919	0.484775253746	0.619623006283	0.590140164331	0.513291445143	0.554857419043	0.556790720155	0.575640405993	0.521991300145	0.561623972934	0.525857902368	0.526341227646	0.541807636539	0.466892218463	0.493958434026	0.511358144031	0.519574673755	0.561140647656	0.548090865152	0.567907201547	0.522957950701	0.550024166264	0.514258095698
AG3	0.588206863219	0.477042049299	0.961817303045	0.507974867086	0.608989850169	0.50459159014	0.648622522958	0.513291445143	0.508941517641	0.580473658772	0.540840985984	0.542290961817	0.0	0.842919284679	0.521024649589	0.5186080232	0.507974867086	0.500724987917	0.928467858869	0.753504108265	0.678105364911	0.596423392943	0.595940067666	0.608506524891	0.889801836636	0.63653939101	0.553890768487	0.581440309328	0.61333977767	0.629289511841	0.642339294345	0.567423876269	0.523924601257	0.53697438376	0.652005799903	0.612856452392	0.553407443209	0.566940550991	0.51377477042	0.574673755437	0.507974867086	0.678105364911	0.644755920735	0.555824069599	0.573707104882	0.566940550991	0.62735621073	0.58095698405	0.631706138231	0.603673272112	0.585306911551	0.589656839053	0.501208313195	0.5186080232	0.523441275979	0.50700821653	0.543257612373	0.605606573224	0.555340744321	0.593040115998	0.515708071532	0.57177380377
AG4	0.843885935234	0.854035766071	0.371193813436	0.545190913485	0.82406959884	0.856935717738	0.866602223296	0.842919284679	0.838569357177	0.856935717738	0.878685355244	0.840985983567	0.842919284679	0.0	0.86563557274	0.843402609957	0.884001933301	0.884001933301	0.71532141131	0.666988883519	0.802319961334	0.825036249396	0.869985500242	0.862735621073	0.827452875785	0.818269695505	0.851619139681	0.843885935234	0.752537457709	0.735621072982	0.874335427743	0.862735621073	0.868535524408	0.873852102465	0.896085065249	0.878202029966	0.882068632189	0.855002416626	0.878685355244	0.871435476075	0.871918801353	0.842435959401	0.837119381344	0.853069115515	0.886418559691	0.889801836636	0.878685355244	0.881585306912	0.881101981634	0.875785403577	0.883035282745	0.874818753021	0.882068632189	0.880618656356	0.887385210246	0.884968583857	0.878685355244	0.879168680522	0.8796520058	0.880135331078	0.884485258579	0.882551957467
AH3	0.640405993233	0.370227162881	0.957950700822	0.624456259062	0.594490091832	0.545674238763	0.568390526825	0.538424359594	0.555340744321	0.521991300145	0.596906718221	0.541324311261	0.521024649589	0.86563557274	0.0	0.509908168197	0.591106814886	0.594490091832	0.925084581924	0.761237312711	0.708071532141	0.623489608507	0.628322861286	0.636056065732	0.898985016916	0.670372160464	0.625422909618	0.621072982117	0.644755920735	0.663122281295	0.680038666022	0.619139681005	0.55775737071	0.573707104882	0.695988400193	0.635572740454	0.622522957951	0.546640889319	0.58095698405	0.54857419043	0.544707588207	0.595940067666	0.551957467376	0.541807636539	0.637022716288	0.62735621073	0.691155147414	0.628322861286	0.660705654906	0.641855969067	0.641372643789	0.652972450459	0.574673755437	0.581923634606	0.57177380377	0.586756887385	0.566940550991	0.668438859352	0.555340744321	0.624456259062	0.589173513775	0.62493958434
AH4	0.325761237313	0.358627356211	0.940550990817	0.620589656839	0.602223296278	0.532141130981	0.638472692122	0.527307878202	0.531174480425	0.563073948768	0.586273562107	0.554374093765	0.5186080232	0.843402609957	0.509908168197	0.0	0.535041082649	0.544224262929	0.870952150797	0.710004833253	0.64813919768	0.568873852102	0.582406959884	0.587240212663	0.840502658289	0.598840019333	0.560657322378	0.555824069599	0.58095698405	0.592073465442	0.598356694055	0.561623972934	0.547124214596	0.55099081682	0.696955050749	0.644755920735	0.588690188497	0.589173513775	0.560657322378	0.572740454326	0.546640889319	0.66892218463	0.639439342678	0.574190430159	0.606089898502	0.593040115998	0.662155630739	0.615273078782	0.683421942968	0.620589656839	0.610439826003	0.626872885452	0.523924601257	0.534557757371	0.534557757371	0.529724504592	0.515708071532	0.638472692122	0.529241179314	0.623972933784	0.559207346544	0.623489608507
AA7	0.570323827936	0.528757854036	0.967133881102	0.649589173514	0.615273078782	0.467858869019	0.690188496858	0.455775737071	0.439342677622	0.572257129048	0.44224262929	0.5601739971	0.507974867086	0.884001933301	0.591106814886	0.535041082649	0.0	0.293378443693	0.915418076365	0.761720637989	0.595456742388	0.51377477042	0.481875302078	0.492508458192	0.870952150797	0.58095698405	0.441275978734	0.473658772354	0.53697438376	0.590140164331	0.518124697922	0.418559690672	0.4398260029	0.492508458192	0.691638472692	0.65055582407	0.467858869019	0.563073948768	0.469308844853	0.607539874335	0.543740937651	0.716288061866	0.679072015466	0.577090381827	0.540357660706	0.52537457709	0.65973900435	0.605606573224	0.674238762687	0.632189463509	0.593040115998	0.616723054616	0.499758337361	0.496858385694	0.510391493475	0.511358144031	0.532141130981	0.623972933784	0.549540840986	0.625906234896	0.48622522958	0.606089898502
AA8	0.574190430159	0.542290961817	0.966650555824	0.652005799903	0.616239729338	0.457225712905	0.69212179797	0.455292411793	0.424359594007	0.579507008217	0.425809569841	0.55775737071	0.500724987917	0.884001933301	0.594490091832	0.544224262929	0.293378443693	0.0	0.91203479942	0.756404059932	0.578057032383	0.495891735138	0.476558724021	0.48380860319	0.862252295795	0.568390526825	0.430159497342	0.466892218463	0.524407926535	0.586273562107	0.479458675689	0.371677138714	0.435476075399	0.491058482359	0.687771870469	0.652489125181	0.45142580957	0.572257129048	0.462058965684	0.608989850169	0.538907684872	0.728854519091	0.690188496858	0.578540357661	0.527307878202	0.510874818753	0.652972450459	0.59255679072	0.673755437409	0.626872885452	0.589656839053	0.611406476559	0.504108264862	0.484775253746	0.503141614306	0.507491541808	0.543257612373	0.617206379894	0.563557274045	0.613823102948	0.478008699855	0.598356694055
AB7	0.861285645239	0.891735137748	0.751570807153	0.726437892702	0.86563557274	0.924601256646	0.942967617206	0.929917834703	0.926534557757	0.941034316095	0.960367327211	0.892218463026	0.928467858869	0.71532141131	0.925084581924	0.870952150797	0.915418076365	0.91203479942	0.0	0.412759787337	0.805703238279	0.838569357177	0.930401159981	0.922667955534	0.728371193813	0.82165297245	0.892218463026	0.867568873852	0.739971000483	0.702271628806	0.883035282745	0.90285161914	0.932334461092	0.936684388594	0.944900918318	0.936684388594	0.942000966651	0.917834702755	0.95601739971	0.930401159981	0.938134364427	0.886418559691	0.874818753021	0.908168197197	0.960367327211	0.946350894152	0.920734654422	0.920251329145	0.929917834703	0.928467858869	0.924117931368	0.915418076365	0.918318028033	0.913968100532	0.91445142581	0.91203479942	0.918801353311	0.907201546641	0.927017883035	0.927984533591	0.949734171097	0.931851135814
AB8	0.714354760754	0.716288061866	0.744320927985	0.563073948768	0.74528757854	0.750604156597	0.771870468826	0.753020782987	0.750120831319	0.760753987434	0.785886901885	0.724987916868	0.753504108265	0.666988883519	0.761237312711	0.710004833253	0.761720637989	0.756404059932	0.412759787337	0.0	0.64813919768	0.667472208797	0.749637506042	0.743354277429	0.727404543258	0.647172547124	0.716771387144	0.685838569357	0.532624456259	0.520541324311	0.730304494925	0.73368777187	0.760753987434	0.761237312711	0.815853069116	0.770420492992	0.771870468826	0.742870952151	0.776703721605	0.752537457709	0.755920734654	0.72692121798	0.710004833253	0.727404543258	0.788303528275	0.77767037216	0.820202996617	0.761237312711	0.8008699855	0.774770420493	0.77767037216	0.788303528275	0.766070565491	0.768003866602	0.760270662156	0.752054132431	0.756404059932	0.784920251329	0.756404059932	0.768970517158	0.772837119381	0.759787336878
AC7	0.619623006283	0.666022232963	0.884001933301	0.66892218463	0.735621072982	0.591106814886	0.725471242146	0.576607056549	0.548090865152	0.645239246013	0.583856935718	0.68970517158	0.678105364911	0.802319961334	0.708071532141	0.64813919768	0.595456742388	0.578057032383	0.805703238279	0.64813919768	0.0	0.363943934268	0.563073948768	0.553890768487	0.816336394393	0.56935717738	0.545674238763	0.498791686805	0.447559207347	0.499758337361	0.563557274045	0.549540840986	0.559690671822	0.619139681005	0.804253262446	0.755437409377	0.621072982117	0.645239246013	0.600773320445	0.71532141131	0.679555340744	0.717254712421	0.6805219913	0.652489125181	0.63653939101	0.623006283229	0.818753020783	0.766070565491	0.808603189947	0.787820202997	0.753020782987	0.778153697438	0.679555340744	0.652005799903	0.673272112131	0.676655389077	0.678588690188	0.78927017883	0.68293861769	0.765103914935	0.615273078782	0.75688738521
AC8	0.573707104882	0.570323827936	0.906718221363	0.627839536008	0.67133881102	0.521507974867	0.700821652972	0.496858385694	0.474142097632	0.591106814886	0.534074432093	0.621556307395	0.596423392943	0.825036249396	0.623489608507	0.568873852102	0.51377477042	0.495891735138	0.838569357177	0.667472208797	0.363943934268	0.0	0.48622522958	0.48380860319	0.836152730788	0.521024649589	0.403576607057	0.361527307878	0.435476075399	0.485741904302	0.521507974867	0.47462542291	0.483325277912	0.53020782987	0.723054615756	0.672788786854	0.539874335428	0.570323827936	0.527307878202	0.639922667956	0.593523441276	0.682455292412	0.641372643789	0.579990333494	0.561140647656	0.545190913485	0.730304494925	0.67133881102	0.734171097148	0.714354760754	0.65973900435	0.687771870469	0.588206863219	0.568390526825	0.580473658772	0.59255679072	0.584823586274	0.697438376027	0.589173513775	0.691638472692	0.52779120348	0.668438859352
AD7	0.592073465442	0.584340260996	0.955050749154	0.674722087965	0.726437892702	0.527307878202	0.694055099082	0.496858385694	0.473175447076	0.586756887385	0.444659255679	0.653939101015	0.595940067666	0.869985500242	0.628322861286	0.582406959884	0.481875302078	0.476558724021	0.930401159981	0.749637506042	0.563073948768	0.48622522958	0.0	0.280328661189	0.895118414693	0.501691638473	0.417593040116	0.453359110681	0.488641855969	0.560657322378	0.505074915418	0.464958917351	0.482358627356	0.540840985984	0.74528757854	0.695505074915	0.509908168197	0.59255679072	0.524407926535	0.651522474625	0.609473175447	0.723054615756	0.677138714355	0.610439826003	0.559690671822	0.545674238763	0.752054132431	0.687771870469	0.750604156597	0.722087965201	0.683421942968	0.704688255196	0.606089898502	0.589173513775	0.591106814886	0.609956500725	0.589173513775	0.721121314645	0.599806669889	0.702271628806	0.55099081682	0.684388593523
AD8	0.587723537941	0.578057032383	0.944900918318	0.665055582407	0.722087965201	0.520541324311	0.696955050749	0.495891735138	0.470758820686	0.587240212663	0.443692605123	0.649589173514	0.608506524891	0.862735621073	0.636056065732	0.587240212663	0.492508458192	0.48380860319	0.922667955534	0.743354277429	0.553890768487	0.48380860319	0.280328661189	0.0	0.864668922185	0.482841952634	0.41904301595	0.448525857902	0.484291928468	0.548090865152	0.501691638473	0.47462542291	0.484291928468	0.54857419043	0.739971000483	0.687771870469	0.502658289029	0.59255679072	0.520541324311	0.64813919768	0.608023199613	0.725471242146	0.685355244079	0.609956500725	0.559207346544	0.552440792653	0.750604156597	0.685355244079	0.752537457709	0.72450459159	0.674722087965	0.700338327695	0.605606573224	0.589656839053	0.591106814886	0.605123247946	0.589656839053	0.715804736588	0.607056549058	0.703238279362	0.554857419043	0.680038666022
AE7	0.834219429676	0.869502174964	0.848235862736	0.790236829386	0.83325277912	0.891735137748	0.917351377477	0.898501691638	0.888351860802	0.90961817303	0.919768003867	0.855002416626	0.889801836636	0.827452875785	0.898985016916	0.840502658289	0.870952150797	0.862252295795	0.728371193813	0.727404543258	0.816336394393	0.836152730788	0.895118414693	0.864668922185	0.0	0.561623972934	0.874818753021	0.850169163847	0.766553890768	0.765587240213	0.837602706622	0.856935717738	0.90043499275	0.905751570807	0.927017883035	0.91203479942	0.919284678589	0.900918318028	0.917834702755	0.874818753021	0.90285161914	0.880618656356	0.872402126631	0.872402126631	0.937167713871	0.925084581924	0.89125181247	0.894151764137	0.912518124698	0.89125181247	0.904784920251	0.894151764137	0.892701788304	0.889318511358	0.901884968584	0.886418559691	0.898018366361	0.884485258579	0.905268245529	0.894635089415	0.913484775254	0.911068148864
AE8	0.59497341711	0.611406476559	0.893668438859	0.647172547124	0.68293861769	0.574190430159	0.68970517158	0.576123731271	0.568873852102	0.612856452392	0.603189946834	0.635572740454	0.63653939101	0.818269695505	0.670372160464	0.598840019333	0.58095698405	0.568390526825	0.82165297245	0.647172547124	0.56935717738	0.521024649589	0.501691638473	0.482841952634	0.561623972934	0.0	0.54857419043	0.526824552924	0.496858385694	0.507491541808	0.562107298212	0.555340744321	0.585306911551	0.609956500725	0.751570807153	0.708554857419	0.602223296278	0.601256645723	0.600289995167	0.649589173514	0.631706138231	0.690671822136	0.655389076849	0.607056549058	0.629289511841	0.614789753504	0.747220879652	0.68970517158	0.753020782987	0.712421459642	0.69453842436	0.717738037699	0.646689221846	0.623006283229	0.628322861286	0.628322861286	0.632189463509	0.721121314645	0.65055582407	0.695505074915	0.605606573224	0.687771870469
AF7	0.566457225713	0.553890768487	0.934751087482	0.654422426293	0.652489125181	0.487675205413	0.697438376027	0.450459159014	0.435476075399	0.585790236829	0.438376027066	0.591106814886	0.553890768487	0.851619139681	0.625422909618	0.560657322378	0.441275978734	0.430159497342	0.892218463026	0.716771387144	0.545674238763	0.403576607057	0.417593040116	0.41904301595	0.874818753021	0.54857419043	0.0	0.330111164814	0.475592073465	0.543740937651	0.480425326245	0.450942484292	0.445142580957	0.49299178347	0.69212179797	0.639922667956	0.467858869019	0.547607539874	0.477042049299	0.623972933784	0.553407443209	0.707588206863	0.66892218463	0.567423876269	0.526824552924	0.51377477042	0.681971967134	0.626872885452	0.69212179797	0.66892218463	0.614789753504	0.639922667956	0.544224262929	0.521507974867	0.532141130981	0.547607539874	0.551957467376	0.647655872402	0.567423876269	0.645239246013	0.485741904302	0.617689705172
AF8	0.567907201547	0.552440792653	0.922667955534	0.639439342678	0.685838569357	0.513291445143	0.695505074915	0.478975350411	0.466892218463	0.58095698405	0.506524891252	0.623972933784	0.581440309328	0.843885935234	0.621072982117	0.555824069599	0.473658772354	0.466892218463	0.867568873852	0.685838569357	0.498791686805	0.361527307878	0.453359110681	0.448525857902	0.850169163847	0.526824552924	0.330111164814	0.0	0.447075882069	0.501208313195	0.506041565974	0.448525857902	0.456259062349	0.521024649589	0.720154664089	0.665055582407	0.498308361527	0.560657322378	0.508941517641	0.616723054616	0.579507008217	0.681005316578	0.637022716288	0.568873852102	0.556790720155	0.537941034316	0.708071532141	0.655389076849	0.722087965201	0.699855002417	0.648622522958	0.664088931851	0.563073948768	0.54857419043	0.564523924601	0.577090381827	0.565490575157	0.673272112131	0.572257129048	0.673272112131	0.513291445143	0.648622522958
AG7	0.579023682939	0.592073465442	0.840019333011	0.56259062349	0.688738521025	0.539874335428	0.693571773804	0.500241662639	0.487191880135	0.578057032383	0.542290961817	0.637989366844	0.61333977767	0.752537457709	0.644755920735	0.58095698405	0.53697438376	0.524407926535	0.739971000483	0.532624456259	0.447559207347	0.435476075399	0.488641855969	0.484291928468	0.766553890768	0.496858385694	0.475592073465	0.447075882069	0.0	0.309811503142	0.540840985984	0.504108264862	0.505558240696	0.560657322378	0.747220879652	0.692605123248	0.528274528758	0.575157080715	0.529241179314	0.641372643789	0.60415659739	0.671822136298	0.625906234896	0.578057032383	0.582890285162	0.575157080715	0.748187530208	0.6805219913	0.738037699372	0.719188013533	0.674238762687	0.699855002417	0.612373127115	0.590140164331	0.605606573224	0.60415659739	0.611889801837	0.710488158531	0.623972933784	0.694055099082	0.570807153214	0.673755437409
AG8	0.587240212663	0.606089898502	0.839052682455	0.583856935718	0.692605123248	0.577090381827	0.689221846303	0.566457225713	0.555824069599	0.590623489609	0.603673272112	0.643305944901	0.629289511841	0.735621072982	0.663122281295	0.592073465442	0.590140164331	0.586273562107	0.702271628806	0.520541324311	0.499758337361	0.485741904302	0.560657322378	0.548090865152	0.765587240213	0.507491541808	0.543740937651	0.501208313195	0.309811503142	0.0	0.58095698405	0.560657322378	0.569840502658	0.592073465442	0.753504108265	0.702271628806	0.578540357661	0.575640405993	0.587240212663	0.643789270179	0.610439826003	0.673755437409	0.633156114065	0.587723537941	0.611406476559	0.602706621556	0.753020782987	0.689221846303	0.746737554374	0.722087965201	0.684871918801	0.702271628806	0.629772837119	0.609473175447	0.616239729338	0.619139681005	0.631706138231	0.718704688255	0.646689221846	0.695505074915	0.599323344611	0.681005316578
AH7	0.592073465442	0.627839536008	0.949734171097	0.708071532141	0.708071532141	0.572257129048	0.720154664089	0.558240695988	0.53939101015	0.628322861286	0.529724504592	0.658772353794	0.642339294345	0.874335427743	0.680038666022	0.598356694055	0.518124697922	0.479458675689	0.883035282745	0.730304494925	0.563557274045	0.521507974867	0.505074915418	0.501691638473	0.837602706622	0.562107298212	0.480425326245	0.506041565974	0.540840985984	0.58095698405	0.0	0.327694538424	0.570323827936	0.623006283229	0.772353794103	0.734171097148	0.559207346544	0.653939101015	0.594490091832	0.668438859352	0.647655872402	0.766070565491	0.73610439826	0.660222329628	0.637989366844	0.620589656839	0.763653939101	0.721121314645	0.771387143548	0.734171097148	0.702754954084	0.724987916868	0.624456259062	0.607539874335	0.617206379894	0.628322861286	0.623489608507	0.736587723538	0.642822619623	0.71532141131	0.597873368777	0.718704688255
AH8	0.57177380377	0.563073948768	0.950700821653	0.659255679072	0.662638956017	0.50700821653	0.695021749638	0.49540840986	0.482358627356	0.575157080715	0.49540840986	0.605123247946	0.567423876269	0.862735621073	0.619139681005	0.561623972934	0.418559690672	0.371677138714	0.90285161914	0.73368777187	0.549540840986	0.47462542291	0.464958917351	0.47462542291	0.856935717738	0.555340744321	0.450942484292	0.448525857902	0.504108264862	0.560657322378	0.327694538424	0.0	0.493958434026	0.545190913485	0.731271145481	0.6805219913	0.505558240696	0.588690188497	0.520057999033	0.616723054616	0.588206863219	0.723537941034	0.682455292412	0.605123247946	0.565007249879	0.552440792653	0.707588206863	0.65732237796	0.717254712421	0.666988883519	0.642339294345	0.663122281295	0.565973900435	0.547124214596	0.5601739971	0.567423876269	0.550507491542	0.675688738521	0.574190430159	0.65732237796	0.52537457709	0.655389076849
AA5	0.587240212663	0.512324794587	0.954567423876	0.660222329628	0.61333977767	0.446109231513	0.643789270179	0.394876752054	0.396810053166	0.526341227646	0.436442725955	0.547124214596	0.523924601257	0.868535524408	0.55775737071	0.547124214596	0.4398260029	0.435476075399	0.932334461092	0.760753987434	0.559690671822	0.483325277912	0.482358627356	0.484291928468	0.90043499275	0.585306911551	0.445142580957	0.456259062349	0.505558240696	0.569840502658	0.570323827936	0.493958434026	0.0	0.35427742871	0.667955534074	0.601739971	0.466892218463	0.478492025133	0.459642339294	0.569840502658	0.490575157081	0.633639439343	0.598356694055	0.493958434026	0.512324794587	0.480908651522	0.695021749638	0.63653939101	0.67133881102	0.650072498792	0.640405993233	0.664088931851	0.518124697922	0.533107781537	0.541324311261	0.547124214596	0.545674238763	0.669405509908	0.563557274045	0.633156114065	0.491541807637	0.626872885452
AA6	0.593040115998	0.521024649589	0.957467375544	0.670855485742	0.63653939101	0.485741904302	0.653455775737	0.457709038183	0.475592073465	0.546640889319	0.518124697922	0.576123731271	0.53697438376	0.873852102465	0.573707104882	0.55099081682	0.492508458192	0.491058482359	0.936684388594	0.761237312711	0.619139681005	0.53020782987	0.540840985984	0.54857419043	0.905751570807	0.609956500725	0.49299178347	0.521024649589	0.560657322378	0.592073465442	0.623006283229	0.545190913485	0.35427742871	0.0	0.672305461576	0.601739971	0.527307878202	0.503141614306	0.495891735138	0.586756887385	0.509424842919	0.661672305462	0.623006283229	0.528274528758	0.465925567907	0.437892701788	0.698405026583	0.642339294345	0.674238762687	0.657805703238	0.638472692122	0.660705654906	0.536491058482	0.53697438376	0.544224262929	0.550024166264	0.551957467376	0.667472208797	0.564040599323	0.635572740454	0.514741420976	0.633639439343
AB5	0.732721121315	0.662155630739	0.96761720638	0.721604639923	0.609473175447	0.637022716288	0.720154664089	0.654905751571	0.662155630739	0.688255195747	0.672305461576	0.592073465442	0.652005799903	0.896085065249	0.695988400193	0.696955050749	0.691638472692	0.687771870469	0.944900918318	0.815853069116	0.804253262446	0.723054615756	0.74528757854	0.739971000483	0.927017883035	0.751570807153	0.69212179797	0.720154664089	0.747220879652	0.753504108265	0.772353794103	0.731271145481	0.667955534074	0.672305461576	0.0	0.308844852586	0.616239729338	0.654422426293	0.623972933784	0.629289511841	0.582406959884	0.730787820203	0.713388110198	0.639439342678	0.626872885452	0.617206379894	0.632672788787	0.619139681005	0.633156114065	0.616239729338	0.636056065732	0.623006283229	0.589656839053	0.594490091832	0.611889801837	0.626872885452	0.656839052682	0.612856452392	0.661672305462	0.614789753504	0.660222329628	0.619139681005
AB6	0.68970517158	0.604639922668	0.9584340261	0.666505558241	0.574673755437	0.584340260996	0.659255679072	0.592073465442	0.622522957951	0.633156114065	0.634606089899	0.529241179314	0.612856452392	0.878202029966	0.635572740454	0.644755920735	0.65055582407	0.652489125181	0.936684388594	0.770420492992	0.755437409377	0.672788786854	0.695505074915	0.687771870469	0.91203479942	0.708554857419	0.639922667956	0.665055582407	0.692605123248	0.702271628806	0.734171097148	0.6805219913	0.601739971	0.601739971	0.308844852586	0.0	0.579023682939	0.589656839053	0.579023682939	0.574190430159	0.524407926535	0.664088931851	0.640889318511	0.554857419043	0.574190430159	0.563073948768	0.602223296278	0.550507491542	0.594006766554	0.564523924601	0.574673755437	0.577573707105	0.533591106815	0.562107298212	0.574673755437	0.591106814886	0.607056549058	0.567907201547	0.603673272112	0.552924117931	0.623489608507	0.551474142098
AC5	0.597873368777	0.566940550991	0.971967133881	0.666505558241	0.618173030449	0.475108748188	0.684871918801	0.467375543741	0.449492508458	0.574190430159	0.425809569841	0.551474142098	0.553407443209	0.882068632189	0.622522957951	0.588690188497	0.467858869019	0.45142580957	0.942000966651	0.771870468826	0.621072982117	0.539874335428	0.509908168197	0.502658289029	0.919284678589	0.602223296278	0.467858869019	0.498308361527	0.528274528758	0.578540357661	0.559207346544	0.505558240696	0.466892218463	0.527307878202	0.616239729338	0.579023682939	0.0	0.459159014016	0.435476075399	0.597873368777	0.507974867086	0.717254712421	0.666505558241	0.556307394877	0.476075398743	0.471242145964	0.603673272112	0.553890768487	0.614306428226	0.581923634606	0.557274045433	0.575157080715	0.496375060416	0.464958917351	0.482358627356	0.503624939584	0.560657322378	0.584340260996	0.587240212663	0.563073948768	0.50459159014	0.551957467376
AC6	0.626872885452	0.522474625423	0.946350894152	0.652489125181	0.589173513775	0.520541324311	0.547124214596	0.492508458192	0.531174480425	0.481875302078	0.556790720155	0.534074432093	0.566940550991	0.855002416626	0.546640889319	0.589173513775	0.563073948768	0.572257129048	0.917834702755	0.742870952151	0.645239246013	0.570323827936	0.59255679072	0.59255679072	0.900918318028	0.601256645723	0.547607539874	0.560657322378	0.575157080715	0.575640405993	0.653939101015	0.588690188497	0.478492025133	0.503141614306	0.654422426293	0.589656839053	0.459159014016	0.0	0.53697438376	0.522474625423	0.509424842919	0.491541807637	0.444175930401	0.41904301595	0.566940550991	0.557274045433	0.681971967134	0.628322861286	0.664572257129	0.643305944901	0.637989366844	0.65732237796	0.577090381827	0.57177380377	0.573707104882	0.573707104882	0.558724021266	0.661672305462	0.577573707105	0.626389560174	0.553407443209	0.631222812953
AD6	0.593040115998	0.535041082649	0.970517158047	0.654905751571	0.593040115998	0.433542774287	0.639922667956	0.440309328178	0.440792653456	0.53697438376	0.440309328178	0.527307878202	0.51377477042	0.878685355244	0.58095698405	0.560657322378	0.469308844853	0.462058965684	0.95601739971	0.776703721605	0.600773320445	0.527307878202	0.524407926535	0.520541324311	0.917834702755	0.600289995167	0.477042049299	0.508941517641	0.529241179314	0.587240212663	0.594490091832	0.520057999033	0.459642339294	0.495891735138	0.623972933784	0.579023682939	0.435476075399	0.53697438376	0.0	0.558724021266	0.407926534558	0.704688255196	0.662155630739	0.552924117931	0.463508941518	0.455775737071	0.597390043499	0.544224262929	0.606089898502	0.566940550991	0.554374093765	0.560657322378	0.472692121798	0.444659255679	0.451909134848	0.475108748188	0.544707588207	0.571290478492	0.559690671822	0.562107298212	0.450459159014	0.544224262929
AE5	0.622522957951	0.52779120348	0.969550507492	0.649105848236	0.557274045433	0.550024166264	0.56935717738	0.570323827936	0.608989850169	0.542290961817	0.622039632673	0.509424842919	0.574673755437	0.871435476075	0.54857419043	0.572740454326	0.607539874335	0.608989850169	0.930401159981	0.752537457709	0.71532141131	0.639922667956	0.651522474625	0.64813919768	0.874818753021	0.649589173514	0.623972933784	0.616723054616	0.641372643789	0.643789270179	0.668438859352	0.616723054616	0.569840502658	0.586756887385	0.629289511841	0.574190430159	0.597873368777	0.522474625423	0.558724021266	0.0	0.364910584824	0.59255679072	0.559690671822	0.506041565974	0.631222812953	0.633156114065	0.665538907685	0.619139681005	0.64572257129	0.615273078782	0.627839536008	0.638472692122	0.544707588207	0.579507008217	0.59497341711	0.559690671822	0.562107298212	0.643789270179	0.561140647656	0.607539874335	0.581923634606	0.614789753504
AE6	0.595456742388	0.490091831803	0.970033832769	0.640405993233	0.542774287095	0.463508941518	0.575157080715	0.475108748188	0.519574673755	0.509424842919	0.520541324311	0.484775253746	0.507974867086	0.871918801353	0.544707588207	0.546640889319	0.543740937651	0.538907684872	0.938134364427	0.755920734654	0.679555340744	0.593523441276	0.609473175447	0.608023199613	0.90285161914	0.631706138231	0.553407443209	0.579507008217	0.60415659739	0.610439826003	0.647655872402	0.588206863219	0.490575157081	0.509424842919	0.582406959884	0.524407926535	0.507974867086	0.509424842919	0.407926534558	0.364910584824	0.0	0.638472692122	0.600289995167	0.491058482359	0.529724504592	0.529724504592	0.610439826003	0.559690671822	0.590623489609	0.570323827936	0.571290478492	0.58337361044	0.464475592073	0.484775253746	0.501208313195	0.472692121798	0.522957950701	0.590623489609	0.543740937651	0.559690671822	0.511358144031	0.562107298212
AF5	0.711454809087	0.629772837119	0.931851135814	0.674722087965	0.644755920735	0.679072015466	0.564040599323	0.650072498792	0.692605123248	0.582406959884	0.715804736588	0.619623006283	0.678105364911	0.842435959401	0.595940067666	0.66892218463	0.716288061866	0.728854519091	0.886418559691	0.72692121798	0.717254712421	0.682455292412	0.723054615756	0.725471242146	0.880618656356	0.690671822136	0.707588206863	0.681005316578	0.671822136298	0.673755437409	0.766070565491	0.723537941034	0.633639439343	0.661672305462	0.730787820203	0.664088931851	0.717254712421	0.491541807637	0.704688255196	0.59255679072	0.638472692122	0.0	0.287578540358	0.526824552924	0.727887868536	0.716771387144	0.756404059932	0.717254712421	0.739487675205	0.71532141131	0.740454325761	0.744804253262	0.68970517158	0.718221362977	0.727404543258	0.707588206863	0.671822136298	0.743837602707	0.666505558241	0.697438376027	0.719188013533	0.716771387144
AF6	0.687771870469	0.591106814886	0.930884485259	0.655872402127	0.628806186564	0.639439342678	0.530691155147	0.610923151281	0.649105848236	0.551474142098	0.680038666022	0.590140164331	0.644755920735	0.837119381344	0.551957467376	0.639439342678	0.679072015466	0.690188496858	0.874818753021	0.710004833253	0.6805219913	0.641372643789	0.677138714355	0.685355244079	0.872402126631	0.655389076849	0.66892218463	0.637022716288	0.625906234896	0.633156114065	0.73610439826	0.682455292412	0.598356694055	0.623006283229	0.713388110198	0.640889318511	0.666505558241	0.444175930401	0.662155630739	0.559690671822	0.600289995167	0.287578540358	0.0	0.489608506525	0.690671822136	0.679555340744	0.740937651039	0.698888351861	0.716288061866	0.693088448526	0.70130497825	0.72692121798	0.656355727405	0.678105364911	0.687771870469	0.669888835186	0.633156114065	0.726437892702	0.626389560174	0.677138714355	0.6805219913	0.691155147414
