	AA3	AA4	AB3	AB4	AC3	AC4	AD3	AD4	AE3	AE4	AF3	AF4	AG3	AG4	AH3	AH4	AA7	AA8	AB7	AB8	AC7	AC8	AD7	AD8	AE7	AE8	AF7	AF8	AG7	AG8	AH7	AH8	AA5	AA6	AB5	AB6	AC5	AC6	AD6	AE5	AE6	AF5	AF6	AG5	AH5	AH6	AA1	AA2	AB1	AB2	AC1	AC2	AD1	AD2	AE1	AE2	AF1	AF2	AG1	AG2	AH1	AH2
AA3	0.0	0.490091831803	0.931367810536	0.62735621073	0.64572257129	0.585306911551	0.677138714355	0.579023682939	0.575640405993	0.616239729338	0.609473175447	0.606089898502	0.577090381827	0.846785886902	0.626872885452	0.328177863702	0.584340260996	0.570323827936	0.860802319961	0.710971483809	0.622039632673	0.581440309328	0.598840019333	0.595940067666	0.829869502175	0.583856935718	0.568390526825	0.567423876269	0.587240212663	0.588206863219	0.599323344611	0.573223779604	0.591106814886	0.596423392943	0.747220879652	0.681488641856	0.611889801837	0.629289511841	0.600773320445	0.618173030449	0.597390043499	0.699371677139	0.693571773804	0.605123247946	0.628806186564	0.616239729338	0.677622039633	0.629289511841	0.708554857419	0.665538907685	0.640405993233	0.654422426293	0.555824069599	0.563073948768	0.565973900435	0.565973900435	0.565007249879	0.65055582407	0.573707104882	0.647655872402	0.575157080715	0.648622522958
AA4	0.490091831803	0.0	0.943934267762	0.579023682939	0.553407443209	0.503624939584	0.597873368777	0.49540840986	0.519574673755	0.512808119865	0.563557274045	0.498791686805	0.489608506525	0.854519091348	0.383276945384	0.380376993717	0.551957467376	0.559690671822	0.890285161914	0.722087965201	0.65973900435	0.600289995167	0.595456742388	0.595940067666	0.86563557274	0.619623006283	0.55775737071	0.572257129048	0.618173030449	0.619139681005	0.632189463509	0.582406959884	0.515708071532	0.532624456259	0.669888835186	0.591590140164	0.578540357661	0.521991300145	0.545674238763	0.502174963751	0.487191880135	0.625422909618	0.595456742388	0.515708071532	0.60415659739	0.582890285162	0.655872402127	0.582406959884	0.63653939101	0.605123247946	0.601739971	0.621556307395	0.521991300145	0.543257612373	0.543257612373	0.538907684872	0.515708071532	0.61575640406	0.519574673755	0.587723537941	0.547124214596	0.589173513775
AB3	0.931367810536	0.943934267762	0.0	0.688738521025	0.913484775254	0.954567423876	0.950700821653	0.938617689705	0.934267762204	0.950217496375	0.968100531658	0.931851135814	0.959400676655	0.335427742871	0.956984050266	0.935717738038	0.968583856936	0.96520057999	0.739004349928	0.753020782987	0.881585306912	0.901401643306	0.954567423876	0.947317544708	0.848719188014	0.890768487192	0.933301111648	0.924117931368	0.833736104398	0.837602706622	0.948767520541	0.948767520541	0.951667472209	0.9584340261	0.971000483325	0.962783953601	0.969550507492	0.951184146931	0.968583856936	0.965683905268	0.965683905268	0.93281778637	0.929917834703	0.939584340261	0.973417109715	0.969550507492	0.966650555824	0.963267278879	0.963750604157	0.96520057999	0.971000483325	0.964233929435	0.968583856936	0.966650555824	0.971967133881	0.967133881102	0.966650555824	0.964717254712	0.965683905268	0.968583856936	0.968583856936	0.966650555824
AB4	0.62735621073	0.579023682939	0.688738521025	0.0	0.637989366844	0.60415659739	0.682455292412	0.621556307395	0.61333977767	0.624456259062	0.64813919768	0.598356694055	0.478008699855	0.574673755437	0.598356694055	0.587240212663	0.631222812953	0.639439342678	0.732721121315	0.576123731271	0.663605606573	0.625422909618	0.658289028516	0.652489125181	0.794103431609	0.643789270179	0.637989366844	0.634606089899	0.565490575157	0.586756887385	0.69453842436	0.652005799903	0.633156114065	0.646689221846	0.738037699372	0.671822136298	0.655872402127	0.647172547124	0.62493958434	0.63653939101	0.616723054616	0.668438859352	0.654422426293	0.623006283229	0.694055099082	0.68293861769	0.710971483809	0.666022232963	0.695505074915	0.680038666022	0.669888835186	0.66892218463	0.626872885452	0.646205896568	0.653455775737	0.63653939101	0.63653939101	0.671822136298	0.629772837119	0.658772353794	0.645239246013	0.660222329628
AC3	0.64572257129	0.553407443209	0.913484775254	0.637989366844	0.0	0.48622522958	0.669405509908	0.558724021266	0.589173513775	0.596906718221	0.612373127115	0.322377960367	0.60415659739	0.831802803287	0.616723054616	0.61575640406	0.619623006283	0.61575640406	0.872885451909	0.7593040116	0.732237796037	0.683905268246	0.718704688255	0.705654905752	0.837602706622	0.693088448526	0.64572257129	0.681971967134	0.685355244079	0.698405026583	0.707588206863	0.67133881102	0.603189946834	0.625422909618	0.626872885452	0.585790236829	0.623489608507	0.611406476559	0.58095698405	0.553407443209	0.563557274045	0.676172063799	0.67133881102	0.578540357661	0.650072498792	0.643305944901	0.593040115998	0.587723537941	0.588206863219	0.589173513775	0.599323344611	0.599323344611	0.540840985984	0.575640405993	0.58337361044	0.572257129048	0.621556307395	0.581440309328	0.629289511841	0.591590140164	0.627839536008	0.595456742388
AC4	0.585306911551	0.503624939584	0.954567423876	0.60415659739	0.48622522958	0.0	0.620589656839	0.415176413726	0.428709521508	0.501691638473	0.336394393427	0.382793620106	0.498308361527	0.86563557274	0.55099081682	0.537457709038	0.468342194297	0.463508941518	0.926534557757	0.757370710488	0.587240212663	0.544224262929	0.519091348478	0.502174963751	0.897051715805	0.592073465442	0.490575157081	0.514258095698	0.548090865152	0.566940550991	0.581440309328	0.508458192363	0.43740937651	0.462058965684	0.643789270179	0.557274045433	0.465925567907	0.525857902368	0.394876752054	0.535041082649	0.470275495408	0.68293861769	0.653939101015	0.513291445143	0.504108264862	0.470275495408	0.630739487675	0.561140647656	0.601739971	0.588206863219	0.571290478492	0.590140164331	0.480425326245	0.493958434026	0.498791686805	0.505558240696	0.535041082649	0.59255679072	0.547124214596	0.566457225713	0.465442242629	0.572257129048
AD3	0.677138714355	0.597873368777	0.950700821653	0.682455292412	0.669405509908	0.620589656839	0.0	0.536007733204	0.634606089899	0.366360560657	0.673272112131	0.61575640406	0.631222812953	0.867568873852	0.566457225713	0.640405993233	0.678588690188	0.685355244079	0.941034316095	0.776220396327	0.711454809087	0.690671822136	0.697921701305	0.69212179797	0.9212179797	0.690671822136	0.698405026583	0.695505074915	0.690188496858	0.682455292412	0.717738037699	0.688255195747	0.62493958434	0.644755920735	0.756404059932	0.675205413243	0.669405509908	0.542290961817	0.631706138231	0.589656839053	0.576607056549	0.565490575157	0.543257612373	0.540357660706	0.699371677139	0.683905268246	0.778153697438	0.707104881585	0.736587723538	0.725954567424	0.714354760754	0.724987916868	0.661188980184	0.657805703238	0.664572257129	0.657805703238	0.630739487675	0.72450459159	0.634606089899	0.705654905752	0.684388593523	0.715804736588
AD4	0.579023682939	0.49540840986	0.938617689705	0.621556307395	0.558724021266	0.415176413726	0.536007733204	0.0	0.308361527308	0.40744320928	0.420976317061	0.493958434026	0.508458192363	0.85645239246	0.538424359594	0.533107781537	0.446592556791	0.450459159014	0.934267762204	0.764620589657	0.569840502658	0.496375060416	0.490091831803	0.4813919768	0.899468342194	0.596906718221	0.432576123731	0.46060898985	0.519574673755	0.553890768487	0.538907684872	0.502658289029	0.386176897052	0.454809086515	0.663122281295	0.578540357661	0.436926051232	0.50700821653	0.429676172064	0.550507491542	0.482358627356	0.653939101015	0.623489608507	0.500724987917	0.518124697922	0.465925567907	0.666988883519	0.598840019333	0.634606089899	0.625422909618	0.612856452392	0.62735621073	0.514741420976	0.522957950701	0.522474625423	0.541807636539	0.540357660706	0.635089415176	0.561140647656	0.608023199613	0.498308361527	0.611406476559
AE3	0.575640405993	0.519574673755	0.934267762204	0.61333977767	0.589173513775	0.428709521508	0.634606089899	0.308361527308	0.0	0.497341710971	0.418559690672	0.53020782987	0.492508458192	0.852585790237	0.542290961817	0.53939101015	0.417109714838	0.427259545674	0.932334461092	0.763170613823	0.55775737071	0.481875302078	0.471725471242	0.457709038183	0.901884968584	0.597873368777	0.411309811503	0.450459159014	0.519574673755	0.551474142098	0.522474625423	0.48622522958	0.392943450942	0.461575640406	0.688255195747	0.608989850169	0.450459159014	0.531174480425	0.453359110681	0.581440309328	0.51619139681	0.682455292412	0.655872402127	0.520541324311	0.53697438376	0.480425326245	0.686805219913	0.617206379894	0.652489125181	0.649105848236	0.625906234896	0.64813919768	0.533107781537	0.55099081682	0.551474142098	0.563557274045	0.543257612373	0.656355727405	0.565007249879	0.62735621073	0.485258579024	0.630256162397
AE4	0.616239729338	0.512808119865	0.950217496375	0.624456259062	0.596906718221	0.501691638473	0.366360560657	0.40744320928	0.497341710971	0.0	0.559690671822	0.526824552924	0.541807636539	0.862735621073	0.5186080232	0.561623972934	0.563073948768	0.576123731271	0.944900918318	0.772837119381	0.651039149348	0.59497341711	0.587723537941	0.575640405993	0.907201546641	0.619623006283	0.577090381827	0.57177380377	0.59497341711	0.60657322378	0.640889318511	0.586273562107	0.511841469309	0.531174480425	0.691638472692	0.603189946834	0.555824069599	0.458675688739	0.517158047366	0.517158047366	0.491541807637	0.587723537941	0.555340744321	0.4813919768	0.588206863219	0.575157080715	0.711454809087	0.637989366844	0.687288545191	0.672788786854	0.657805703238	0.666988883519	0.587723537941	0.581923634606	0.585306911551	0.58337361044	0.553890768487	0.67133881102	0.569840502658	0.654422426293	0.570323827936	0.651522474625
AF3	0.609473175447	0.563557274045	0.968100531658	0.64813919768	0.612373127115	0.336394393427	0.673272112131	0.420976317061	0.418559690672	0.559690671822	0.0	0.512324794587	0.531174480425	0.883035282745	0.600773320445	0.581440309328	0.445625906235	0.44900918318	0.953117448043	0.785403576607	0.594490091832	0.534074432093	0.448042532624	0.435959400677	0.91203479942	0.613823102948	0.443209279845	0.49540840986	0.554857419043	0.589173513775	0.518124697922	0.499275012083	0.435476075399	0.500724987917	0.672305461576	0.607056549058	0.413726437893	0.568390526825	0.443692605123	0.596906718221	0.528757854036	0.728371193813	0.70130497825	0.551957467376	0.519574673755	0.477525374577	0.668438859352	0.597390043499	0.653939101015	0.621556307395	0.608506524891	0.632189463509	0.537457709038	0.52779120348	0.53020782987	0.545190913485	0.578057032383	0.627839536008	0.595456742388	0.596423392943	0.497341710971	0.609473175447
AF4	0.606089898502	0.498791686805	0.931851135814	0.598356694055	0.322377960367	0.382793620106	0.61575640406	0.493958434026	0.53020782987	0.526824552924	0.512324794587	0.0	0.548090865152	0.842435959401	0.558240695988	0.555340744321	0.564040599323	0.572257129048	0.892218463026	0.727887868536	0.690188496858	0.6389560174	0.650072498792	0.637989366844	0.852102464959	0.632189463509	0.587240212663	0.628806186564	0.639922667956	0.658289028516	0.65973900435	0.619623006283	0.542774287095	0.565973900435	0.618173030449	0.535524407927	0.561623972934	0.550507491542	0.511841469309	0.495891735138	0.513291445143	0.635089415176	0.620106331561	0.515224746254	0.582406959884	0.576123731271	0.600773320445	0.535524407927	0.572740454326	0.549540840986	0.550024166264	0.566457225713	0.502174963751	0.517641372644	0.531174480425	0.529241179314	0.56935717738	0.565490575157	0.576123731271	0.53939101015	0.565973900435	0.542290961817
AG3	0.577090381827	0.489608506525	0.959400676655	0.478008699855	0.60415659739	0.498308361527	0.631222812953	0.508458192363	0.492508458192	0.541807636539	0.531174480425	0.548090865152	0.0	0.846785886902	0.514741420976	0.518124697922	0.501691638473	0.498308361527	0.929917834703	0.761720637989	0.652972450459	0.585306911551	0.586273562107	0.593040115998	0.887385210246	0.622522957951	0.526341227646	0.565007249879	0.608506524891	0.614306428226	0.626872885452	0.553890768487	0.513291445143	0.519574673755	0.672788786854	0.611406476559	0.542290961817	0.554374093765	0.507974867086	0.552924117931	0.500241662639	0.669888835186	0.648622522958	0.528274528758	0.579507008217	0.550024166264	0.638472692122	0.574190430159	0.625906234896	0.617689705172	0.589173513775	0.605606573224	0.510874818753	0.534074432093	0.529241179314	0.531174480425	0.531657805703	0.616723054616	0.550024166264	0.592073465442	0.505558240696	0.588690188497
AG4	0.846785886902	0.854519091348	0.335427742871	0.574673755437	0.831802803287	0.86563557274	0.867568873852	0.85645239246	0.852585790237	0.862735621073	0.883035282745	0.842435959401	0.846785886902	0.0	0.87046882552	0.845819236346	0.885935234413	0.884485258579	0.715804736588	0.678105364911	0.810536491058	0.830836152731	0.880618656356	0.87046882552	0.823586273562	0.819236346061	0.857902368294	0.850169163847	0.756404059932	0.741904301595	0.878202029966	0.871435476075	0.870952150797	0.876268728855	0.894635089415	0.884001933301	0.888351860802	0.864668922185	0.885935234413	0.882551957467	0.880618656356	0.849685838569	0.848235862736	0.860802319961	0.894635089415	0.88883518608	0.884968583857	0.883035282745	0.887385210246	0.882551957467	0.894151764137	0.886418559691	0.890285161914	0.884001933301	0.895601739971	0.887385210246	0.88883518608	0.884001933301	0.884968583857	0.884001933301	0.890285161914	0.887868535524
AH3	0.626872885452	0.383276945384	0.956984050266	0.598356694055	0.616723054616	0.55099081682	0.566457225713	0.538424359594	0.542290961817	0.5186080232	0.600773320445	0.558240695988	0.514741420976	0.87046882552	0.0	0.515708071532	0.597390043499	0.602223296278	0.936684388594	0.772353794103	0.685355244079	0.624456259062	0.622039632673	0.628806186564	0.901401643306	0.670372160464	0.619139681005	0.625906234896	0.659255679072	0.653455775737	0.680038666022	0.615273078782	0.54857419043	0.572257129048	0.721604639923	0.648622522958	0.61575640406	0.532624456259	0.583856935718	0.555824069599	0.52779120348	0.614789753504	0.567907201547	0.544224262929	0.641372643789	0.611889801837	0.715804736588	0.639922667956	0.674722087965	0.659255679072	0.655872402127	0.673272112131	0.579023682939	0.597873368777	0.589173513775	0.599323344611	0.559690671822	0.672305461576	0.558240695988	0.647655872402	0.594490091832	0.643789270179
AH4	0.328177863702	0.380376993717	0.935717738038	0.587240212663	0.61575640406	0.537457709038	0.640405993233	0.533107781537	0.53939101015	0.561623972934	0.581440309328	0.555340744321	0.518124697922	0.845819236346	0.515708071532	0.0	0.55099081682	0.559690671822	0.880135331078	0.713871435476	0.631222812953	0.573707104882	0.583856935718	0.58337361044	0.855969067182	0.600289995167	0.553890768487	0.558240695988	0.587240212663	0.592073465442	0.610923151281	0.565973900435	0.550507491542	0.554857419043	0.707104881585	0.636056065732	0.589173513775	0.579023682939	0.554374093765	0.575640405993	0.535524407927	0.674238762687	0.651039149348	0.5601739971	0.610439826003	0.591590140164	0.676172063799	0.611889801837	0.669405509908	0.620589656839	0.623006283229	0.63653939101	0.547124214596	0.550507491542	0.547124214596	0.549057515708	0.522957950701	0.633639439343	0.531174480425	0.609473175447	0.551474142098	0.626872885452
AA7	0.584340260996	0.551957467376	0.968583856936	0.631222812953	0.619623006283	0.468342194297	0.678588690188	0.446592556791	0.417109714838	0.563073948768	0.445625906235	0.564040599323	0.501691638473	0.885935234413	0.597390043499	0.55099081682	0.0	0.285645239246	0.922184630256	0.767520541324	0.589656839053	0.505074915418	0.492508458192	0.491541807637	0.875302078299	0.594006766554	0.442725954567	0.475592073465	0.539874335428	0.575640405993	0.523924601257	0.43064282262	0.42822619623	0.478975350411	0.705171580474	0.641372643789	0.464475592073	0.573707104882	0.481875302078	0.590140164331	0.531657805703	0.727887868536	0.695021749638	0.563073948768	0.552440792653	0.49540840986	0.665055582407	0.599806669889	0.655872402127	0.637989366844	0.597390043499	0.618656355727	0.505074915418	0.531657805703	0.528757854036	0.535524407927	0.536491058482	0.613823102948	0.550507491542	0.619623006283	0.487675205413	0.611406476559
AA8	0.570323827936	0.559690671822	0.96520057999	0.639439342678	0.61575640406	0.463508941518	0.685355244079	0.450459159014	0.427259545674	0.576123731271	0.44900918318	0.572257129048	0.498308361527	0.884485258579	0.602223296278	0.559690671822	0.285645239246	0.0	0.917834702755	0.759787336878	0.574190430159	0.48622522958	0.486708554857	0.490091831803	0.874335427743	0.586273562107	0.439342677622	0.462058965684	0.533591106815	0.572740454326	0.49299178347	0.396326727888	0.434026099565	0.480425326245	0.710488158531	0.647172547124	0.47220879652	0.586273562107	0.478492025133	0.600289995167	0.538424359594	0.736587723538	0.70372160464	0.569840502658	0.543257612373	0.487675205413	0.646205896568	0.586756887385	0.656839052682	0.640889318511	0.58337361044	0.60415659739	0.49299178347	0.519091348478	0.509424842919	0.52779120348	0.545190913485	0.602223296278	0.556790720155	0.617206379894	0.483325277912	0.600773320445
AB7	0.860802319961	0.890285161914	0.739004349928	0.732721121315	0.872885451909	0.926534557757	0.941034316095	0.934267762204	0.932334461092	0.944900918318	0.953117448043	0.892218463026	0.929917834703	0.715804736588	0.936684388594	0.880135331078	0.922184630256	0.917834702755	0.0	0.390043499275	0.808119864669	0.846302561624	0.939101014983	0.925084581924	0.733204446593	0.811019816336	0.885935234413	0.882068632189	0.734654422426	0.695505074915	0.883035282745	0.89125181247	0.92363460609	0.941034316095	0.950217496375	0.938617689705	0.950700821653	0.924117931368	0.947800869986	0.933784436926	0.939101014983	0.881101981634	0.878202029966	0.907684871919	0.965683905268	0.957950700822	0.924117931368	0.9212179797	0.931851135814	0.929434509425	0.925567907202	0.919284678589	0.914934751087	0.916868052199	0.913001449976	0.907201546641	0.915901401643	0.912518124698	0.926051232479	0.926051232479	0.950217496375	0.928951184147
AB8	0.710971483809	0.722087965201	0.753020782987	0.576123731271	0.7593040116	0.757370710488	0.776220396327	0.764620589657	0.763170613823	0.772837119381	0.785403576607	0.727887868536	0.761720637989	0.678105364911	0.772353794103	0.713871435476	0.767520541324	0.759787336878	0.390043499275	0.0	0.648622522958	0.680038666022	0.759787336878	0.748670855486	0.722571290478	0.635572740454	0.712421459642	0.707104881585	0.529241179314	0.524407926535	0.736587723538	0.729337844369	0.762687288545	0.775737071049	0.825036249396	0.774770420493	0.779120347994	0.754954084099	0.776703721605	0.759787336878	0.765587240213	0.728854519091	0.723537941034	0.739487675205	0.805219913001	0.794586756887	0.823586273562	0.760270662156	0.799903334944	0.779120347994	0.77090381827	0.78008699855	0.762203963267	0.758337361044	0.760753987434	0.753504108265	0.755437409377	0.772353794103	0.762687288545	0.765103914935	0.782020299662	0.763170613823
AC7	0.622039632673	0.65973900435	0.881585306912	0.663605606573	0.732237796037	0.587240212663	0.711454809087	0.569840502658	0.55775737071	0.651039149348	0.594490091832	0.690188496858	0.652972450459	0.810536491058	0.685355244079	0.631222812953	0.589656839053	0.574190430159	0.808119864669	0.648622522958	0.0	0.365877235379	0.578540357661	0.571290478492	0.817786370227	0.56935717738	0.53939101015	0.503141614306	0.47462542291	0.482841952634	0.573223779604	0.540357660706	0.55099081682	0.596906718221	0.811019816336	0.744804253262	0.623972933784	0.652489125181	0.603189946834	0.712421459642	0.663122281295	0.708071532141	0.69212179797	0.63653939101	0.64572257129	0.600773320445	0.822136297728	0.754954084099	0.803769937168	0.790236829386	0.754470758821	0.779603673272	0.670372160464	0.677138714355	0.681488641856	0.692605123248	0.669405509908	0.783953600773	0.676172063799	0.765587240213	0.610439826003	0.766070565491
AC8	0.581440309328	0.600289995167	0.901401643306	0.625422909618	0.683905268246	0.544224262929	0.690671822136	0.496375060416	0.481875302078	0.59497341711	0.534074432093	0.6389560174	0.585306911551	0.830836152731	0.624456259062	0.573707104882	0.505074915418	0.48622522958	0.846302561624	0.680038666022	0.365877235379	0.0	0.494441759304	0.494925084582	0.834702754954	0.547124214596	0.401159980667	0.38424359594	0.434509424843	0.482358627356	0.521507974867	0.459642339294	0.47462542291	0.521024649589	0.742870952151	0.675688738521	0.545674238763	0.587723537941	0.545674238763	0.646205896568	0.59255679072	0.683905268246	0.653455775737	0.579990333494	0.581440309328	0.523924601257	0.74528757854	0.679555340744	0.729821169647	0.723537941034	0.676172063799	0.69453842436	0.598356694055	0.605123247946	0.608506524891	0.626872885452	0.594006766554	0.702271628806	0.605123247946	0.700821652972	0.542774287095	0.685355244079
AD7	0.598840019333	0.595456742388	0.954567423876	0.658289028516	0.718704688255	0.519091348478	0.697921701305	0.490091831803	0.471725471242	0.587723537941	0.448042532624	0.650072498792	0.586273562107	0.880618656356	0.622039632673	0.583856935718	0.492508458192	0.486708554857	0.939101014983	0.759787336878	0.578540357661	0.494441759304	0.0	0.295311744804	0.892701788304	0.521507974867	0.444659255679	0.460125664572	0.515224746254	0.559690671822	0.499758337361	0.480908651522	0.494441759304	0.550507491542	0.751087481875	0.683905268246	0.496858385694	0.598840019333	0.538907684872	0.646689221846	0.594490091832	0.729337844369	0.697921701305	0.599806669889	0.580473658772	0.540840985984	0.743837602707	0.672305461576	0.729821169647	0.71532141131	0.672788786854	0.691155147414	0.605606573224	0.609473175447	0.593523441276	0.621072982117	0.59497341711	0.699855002417	0.600773320445	0.690188496858	0.549057515708	0.681488641856
AD8	0.595940067666	0.595940067666	0.947317544708	0.652489125181	0.705654905752	0.502174963751	0.69212179797	0.4813919768	0.457709038183	0.575640405993	0.435959400677	0.637989366844	0.593040115998	0.87046882552	0.628806186564	0.58337361044	0.491541807637	0.490091831803	0.925084581924	0.748670855486	0.571290478492	0.494925084582	0.295311744804	0.0	0.861285645239	0.485258579024	0.436926051232	0.455775737071	0.495891735138	0.53939101015	0.499275012083	0.486708554857	0.483325277912	0.548090865152	0.748670855486	0.67133881102	0.48380860319	0.588690188497	0.534074432093	0.63653939101	0.591590140164	0.723537941034	0.694055099082	0.586273562107	0.580473658772	0.540357660706	0.738037699372	0.659255679072	0.727404543258	0.713871435476	0.660705654906	0.684871918801	0.606089898502	0.602706621556	0.591590140164	0.61575640406	0.595940067666	0.690671822136	0.607539874335	0.68293861769	0.546157564041	0.673272112131
AE7	0.829869502175	0.86563557274	0.848719188014	0.794103431609	0.837602706622	0.897051715805	0.9212179797	0.899468342194	0.901884968584	0.907201546641	0.91203479942	0.852102464959	0.887385210246	0.823586273562	0.901401643306	0.855969067182	0.875302078299	0.874335427743	0.733204446593	0.722571290478	0.817786370227	0.834702754954	0.892701788304	0.861285645239	0.0	0.538907684872	0.861768970517	0.857419043016	0.760753987434	0.771387143548	0.839536007733	0.838569357177	0.896085065249	0.90961817303	0.934267762204	0.917351377477	0.92363460609	0.901401643306	0.915418076365	0.884968583857	0.898985016916	0.882068632189	0.877718704688	0.876752054132	0.941034316095	0.926051232479	0.896085065249	0.897051715805	0.910101498308	0.895118414693	0.904301594973	0.896085065249	0.894151764137	0.896085065249	0.902368293862	0.893668438859	0.899468342194	0.886901884969	0.903818269696	0.897051715805	0.914934751087	0.907684871919
AE8	0.583856935718	0.619623006283	0.890768487192	0.643789270179	0.693088448526	0.592073465442	0.690671822136	0.596906718221	0.597873368777	0.619623006283	0.613823102948	0.632189463509	0.622522957951	0.819236346061	0.670372160464	0.600289995167	0.594006766554	0.586273562107	0.811019816336	0.635572740454	0.56935717738	0.547124214596	0.521507974867	0.485258579024	0.538907684872	0.0	0.556790720155	0.546157564041	0.509908168197	0.514258095698	0.565007249879	0.549540840986	0.597873368777	0.609473175447	0.780570323828	0.706138231029	0.626389560174	0.607056549058	0.615273078782	0.643305944901	0.633156114065	0.691155147414	0.674238762687	0.596423392943	0.637022716288	0.62493958434	0.759787336878	0.681488641856	0.74770420493	0.721604639923	0.690188496858	0.707104881585	0.645239246013	0.633156114065	0.637022716288	0.647172547124	0.63653939101	0.709038182697	0.64572257129	0.696955050749	0.610923151281	0.695021749638
AF7	0.568390526825	0.55775737071	0.933301111648	0.637989366844	0.64572257129	0.490575157081	0.698405026583	0.432576123731	0.411309811503	0.577090381827	0.443209279845	0.587240212663	0.526341227646	0.857902368294	0.619139681005	0.553890768487	0.442725954567	0.439342677622	0.885935234413	0.712421459642	0.53939101015	0.401159980667	0.444659255679	0.436926051232	0.861768970517	0.556790720155	0.0	0.329627839536	0.470758820686	0.515708071532	0.488641855969	0.477042049299	0.41662638956	0.476075398743	0.691155147414	0.62493958434	0.445625906235	0.5601739971	0.492025132914	0.600773320445	0.533591106815	0.695988400193	0.665538907685	0.537941034316	0.535524407927	0.479942000967	0.67133881102	0.60657322378	0.673755437409	0.661188980184	0.608023199613	0.621072982117	0.523924601257	0.542774287095	0.533107781537	0.551957467376	0.5601739971	0.627839536008	0.581440309328	0.631706138231	0.490091831803	0.608506524891
AF8	0.567423876269	0.572257129048	0.924117931368	0.634606089899	0.681971967134	0.514258095698	0.695505074915	0.46060898985	0.450459159014	0.57177380377	0.49540840986	0.628806186564	0.565007249879	0.850169163847	0.625906234896	0.558240695988	0.475592073465	0.462058965684	0.882068632189	0.707104881585	0.503141614306	0.38424359594	0.460125664572	0.455775737071	0.857419043016	0.546157564041	0.329627839536	0.0	0.471725471242	0.510391493475	0.506524891252	0.458675688739	0.436442725955	0.509908168197	0.720154664089	0.653455775737	0.505074915418	0.565007249879	0.5186080232	0.607056549058	0.557274045433	0.691155147414	0.65973900435	0.54857419043	0.56935717738	0.514258095698	0.70372160464	0.641855969067	0.70372160464	0.690671822136	0.64572257129	0.654905751571	0.554857419043	0.567907201547	0.570323827936	0.584340260996	0.559207346544	0.664088931851	0.579507008217	0.666988883519	0.500724987917	0.643789270179
AG7	0.587240212663	0.618173030449	0.833736104398	0.565490575157	0.685355244079	0.548090865152	0.690188496858	0.519574673755	0.519574673755	0.59497341711	0.554857419043	0.639922667956	0.608506524891	0.756404059932	0.659255679072	0.587240212663	0.539874335428	0.533591106815	0.734654422426	0.529241179314	0.47462542291	0.434509424843	0.515224746254	0.495891735138	0.760753987434	0.509908168197	0.470758820686	0.471725471242	0.0	0.330594490092	0.547124214596	0.512808119865	0.5186080232	0.574190430159	0.760270662156	0.687288545191	0.551957467376	0.597390043499	0.567423876269	0.643789270179	0.608506524891	0.666988883519	0.645239246013	0.575640405993	0.611406476559	0.579507008217	0.758337361044	0.683421942968	0.743354277429	0.731754470759	0.6805219913	0.711454809087	0.628322861286	0.628806186564	0.623006283229	0.631222812953	0.623006283229	0.709038182697	0.63653939101	0.699371677139	0.578057032383	0.688255195747
AG8	0.588206863219	0.619139681005	0.837602706622	0.586756887385	0.698405026583	0.566940550991	0.682455292412	0.553890768487	0.551474142098	0.60657322378	0.589173513775	0.658289028516	0.614306428226	0.741904301595	0.653455775737	0.592073465442	0.575640405993	0.572740454326	0.695505074915	0.524407926535	0.482841952634	0.482358627356	0.559690671822	0.53939101015	0.771387143548	0.514258095698	0.515708071532	0.510391493475	0.330594490092	0.0	0.570323827936	0.549540840986	0.557274045433	0.583856935718	0.777187046883	0.701788303528	0.586273562107	0.609956500725	0.586756887385	0.661188980184	0.611889801837	0.668438859352	0.65732237796	0.583856935718	0.629289511841	0.600773320445	0.772353794103	0.69453842436	0.758337361044	0.741420976317	0.701788303528	0.720154664089	0.646205896568	0.646689221846	0.633639439343	0.642822619623	0.636056065732	0.723054615756	0.646205896568	0.708071532141	0.594006766554	0.70372160464
AH7	0.599323344611	0.632189463509	0.948767520541	0.69453842436	0.707588206863	0.581440309328	0.717738037699	0.538907684872	0.522474625423	0.640889318511	0.518124697922	0.65973900435	0.626872885452	0.878202029966	0.680038666022	0.610923151281	0.523924601257	0.49299178347	0.883035282745	0.736587723538	0.573223779604	0.521507974867	0.499758337361	0.499275012083	0.839536007733	0.565007249879	0.488641855969	0.506524891252	0.547124214596	0.570323827936	0.0	0.343644272595	0.56259062349	0.614789753504	0.786370227163	0.72692121798	0.54857419043	0.656355727405	0.605606573224	0.670372160464	0.640405993233	0.759787336878	0.748187530208	0.648622522958	0.644755920735	0.614306428226	0.765587240213	0.71290478492	0.768970517158	0.733204446593	0.707104881585	0.72692121798	0.628806186564	0.638472692122	0.629289511841	0.643305944901	0.626389560174	0.731754470759	0.633639439343	0.713871435476	0.599323344611	0.723054615756
AH8	0.573223779604	0.582406959884	0.948767520541	0.652005799903	0.67133881102	0.508458192363	0.688255195747	0.502658289029	0.48622522958	0.586273562107	0.499275012083	0.619623006283	0.553890768487	0.871435476075	0.615273078782	0.565973900435	0.43064282262	0.396326727888	0.89125181247	0.729337844369	0.540357660706	0.459642339294	0.480908651522	0.486708554857	0.838569357177	0.549540840986	0.477042049299	0.458675688739	0.512808119865	0.549540840986	0.343644272595	0.0	0.484775253746	0.535041082649	0.753020782987	0.682455292412	0.543257612373	0.60415659739	0.538907684872	0.616239729338	0.581923634606	0.728371193813	0.700821652972	0.601256645723	0.594490091832	0.531657805703	0.722087965201	0.660222329628	0.725471242146	0.692605123248	0.654905751571	0.676655389077	0.569840502658	0.584340260996	0.584340260996	0.593523441276	0.567423876269	0.681971967134	0.578540357661	0.667955534074	0.537457709038	0.66892218463
AA5	0.591106814886	0.515708071532	0.951667472209	0.633156114065	0.603189946834	0.43740937651	0.62493958434	0.386176897052	0.392943450942	0.511841469309	0.435476075399	0.542774287095	0.513291445143	0.870952150797	0.54857419043	0.550507491542	0.42822619623	0.434026099565	0.92363460609	0.762687288545	0.55099081682	0.47462542291	0.494441759304	0.483325277912	0.896085065249	0.597873368777	0.41662638956	0.436442725955	0.5186080232	0.557274045433	0.56259062349	0.484775253746	0.0	0.345577573707	0.678105364911	0.584340260996	0.46302561624	0.480425326245	0.453842435959	0.541807636539	0.467375543741	0.626872885452	0.597390043499	0.466892218463	0.525857902368	0.446592556791	0.688738521025	0.623006283229	0.660222329628	0.650072498792	0.637506041566	0.661188980184	0.517158047366	0.553407443209	0.556307394877	0.562107298212	0.544707588207	0.651039149348	0.567907201547	0.630256162397	0.500724987917	0.630256162397
AA6	0.596423392943	0.532624456259	0.9584340261	0.646689221846	0.625422909618	0.462058965684	0.644755920735	0.454809086515	0.461575640406	0.531174480425	0.500724987917	0.565973900435	0.519574673755	0.876268728855	0.572257129048	0.554857419043	0.478975350411	0.480425326245	0.941034316095	0.775737071049	0.596906718221	0.521024649589	0.550507491542	0.548090865152	0.90961817303	0.609473175447	0.476075398743	0.509908168197	0.574190430159	0.583856935718	0.614789753504	0.535041082649	0.345577573707	0.0	0.673755437409	0.578540357661	0.511841469309	0.510874818753	0.467375543741	0.565007249879	0.49299178347	0.663605606573	0.629289511841	0.508458192363	0.462542290962	0.401643305945	0.691638472692	0.623489608507	0.664572257129	0.648622522958	0.629289511841	0.655872402127	0.522957950701	0.552440792653	0.551957467376	0.558724021266	0.547607539874	0.649105848236	0.565973900435	0.625422909618	0.508941517641	0.633156114065
AB5	0.747220879652	0.669888835186	0.971000483325	0.738037699372	0.626872885452	0.643789270179	0.756404059932	0.663122281295	0.688255195747	0.691638472692	0.672305461576	0.618173030449	0.672788786854	0.894635089415	0.721604639923	0.707104881585	0.705171580474	0.710488158531	0.950217496375	0.825036249396	0.811019816336	0.742870952151	0.751087481875	0.748670855486	0.934267762204	0.780570323828	0.691155147414	0.720154664089	0.760270662156	0.777187046883	0.786370227163	0.753020782987	0.678105364911	0.673755437409	0.0	0.322377960367	0.631706138231	0.679072015466	0.626872885452	0.623006283229	0.623489608507	0.739487675205	0.735137747704	0.647655872402	0.628322861286	0.621556307395	0.622039632673	0.615273078782	0.623489608507	0.605606573224	0.623006283229	0.622522957951	0.608023199613	0.603673272112	0.61575640406	0.626872885452	0.67133881102	0.605123247946	0.678105364911	0.613823102948	0.681005316578	0.619139681005
AB6	0.681488641856	0.591590140164	0.962783953601	0.671822136298	0.585790236829	0.557274045433	0.675205413243	0.578540357661	0.608989850169	0.603189946834	0.607056549058	0.535524407927	0.611406476559	0.884001933301	0.648622522958	0.636056065732	0.641372643789	0.647172547124	0.938617689705	0.774770420493	0.744804253262	0.675688738521	0.683905268246	0.67133881102	0.917351377477	0.706138231029	0.62493958434	0.653455775737	0.687288545191	0.701788303528	0.72692121798	0.682455292412	0.584340260996	0.578540357661	0.322377960367	0.0	0.576607056549	0.591590140164	0.549540840986	0.54857419043	0.551474142098	0.666505558241	0.650072498792	0.53939101015	0.545190913485	0.547124214596	0.593523441276	0.543740937651	0.566457225713	0.555340744321	0.551474142098	0.562107298212	0.544707588207	0.547124214596	0.558724021266	0.573707104882	0.603189946834	0.55775737071	0.614306428226	0.541807636539	0.625422909618	0.545190913485
AC5	0.611889801837	0.578540357661	0.969550507492	0.655872402127	0.623489608507	0.465925567907	0.669405509908	0.436926051232	0.450459159014	0.555824069599	0.413726437893	0.561623972934	0.542290961817	0.888351860802	0.61575640406	0.589173513775	0.464475592073	0.47220879652	0.950700821653	0.779120347994	0.623972933784	0.545674238763	0.496858385694	0.48380860319	0.92363460609	0.626389560174	0.445625906235	0.505074915418	0.551957467376	0.586273562107	0.54857419043	0.543257612373	0.46302561624	0.511841469309	0.631706138231	0.576607056549	0.0	0.467375543741	0.449492508458	0.575157080715	0.531174480425	0.713388110198	0.673755437409	0.540357660706	0.496375060416	0.471725471242	0.620589656839	0.5601739971	0.62735621073	0.608023199613	0.568873852102	0.589173513775	0.511841469309	0.489608506525	0.502658289029	0.515708071532	0.574673755437	0.588690188497	0.591590140164	0.574190430159	0.512808119865	0.570323827936
AC6	0.629289511841	0.521991300145	0.951184146931	0.647172547124	0.611406476559	0.525857902368	0.542290961817	0.50700821653	0.531174480425	0.458675688739	0.568390526825	0.550507491542	0.554374093765	0.864668922185	0.532624456259	0.579023682939	0.573707104882	0.586273562107	0.924117931368	0.754954084099	0.652489125181	0.587723537941	0.598840019333	0.588690188497	0.901401643306	0.607056549058	0.5601739971	0.565007249879	0.597390043499	0.609956500725	0.656355727405	0.60415659739	0.480425326245	0.510874818753	0.679072015466	0.591590140164	0.467375543741	0.0	0.536491058482	0.506041565974	0.510874818753	0.472692121798	0.433059449009	0.430159497342	0.573707104882	0.565490575157	0.696471725471	0.632189463509	0.673755437409	0.655872402127	0.653939101015	0.669405509908	0.595940067666	0.594490091832	0.600773320445	0.597873368777	0.563073948768	0.666988883519	0.582406959884	0.639439342678	0.565973900435	0.651522474625
AD6	0.600773320445	0.545674238763	0.968583856936	0.62493958434	0.58095698405	0.394876752054	0.631706138231	0.429676172064	0.453359110681	0.517158047366	0.443692605123	0.511841469309	0.507974867086	0.885935234413	0.583856935718	0.554374093765	0.481875302078	0.478492025133	0.947800869986	0.776703721605	0.603189946834	0.545674238763	0.538907684872	0.534074432093	0.915418076365	0.615273078782	0.492025132914	0.5186080232	0.567423876269	0.586756887385	0.605606573224	0.538907684872	0.453842435959	0.467375543741	0.626872885452	0.549540840986	0.449492508458	0.536491058482	0.0	0.533591106815	0.429676172064	0.695505074915	0.666505558241	0.526341227646	0.477525374577	0.441275978734	0.603189946834	0.533591106815	0.578057032383	0.573707104882	0.541807636539	0.56935717738	0.459642339294	0.462542290962	0.464958917351	0.493958434026	0.541324311261	0.570807153214	0.551957467376	0.559207346544	0.460125664572	0.547607539874
AE5	0.618173030449	0.502174963751	0.965683905268	0.63653939101	0.553407443209	0.535041082649	0.589656839053	0.550507491542	0.581440309328	0.517158047366	0.596906718221	0.495891735138	0.552924117931	0.882551957467	0.555824069599	0.575640405993	0.590140164331	0.600289995167	0.933784436926	0.759787336878	0.712421459642	0.646205896568	0.646689221846	0.63653939101	0.884968583857	0.643305944901	0.600773320445	0.607056549058	0.643789270179	0.661188980184	0.670372160464	0.616239729338	0.541807636539	0.565007249879	0.623006283229	0.54857419043	0.575157080715	0.506041565974	0.533591106815	0.0	0.353310778154	0.609956500725	0.583856935718	0.492025132914	0.614306428226	0.609473175447	0.654422426293	0.593040115998	0.618173030449	0.607056549058	0.610439826003	0.629289511841	0.533591106815	0.550507491542	0.580473658772	0.546157564041	0.550024166264	0.617689705172	0.564523924601	0.595456742388	0.562107298212	0.608506524891
AE6	0.597390043499	0.487191880135	0.965683905268	0.616723054616	0.563557274045	0.470275495408	0.576607056549	0.482358627356	0.51619139681	0.491541807637	0.528757854036	0.513291445143	0.500241662639	0.880618656356	0.52779120348	0.535524407927	0.531657805703	0.538424359594	0.939101014983	0.765587240213	0.663122281295	0.59255679072	0.594490091832	0.591590140164	0.898985016916	0.633156114065	0.533591106815	0.557274045433	0.608506524891	0.611889801837	0.640405993233	0.581923634606	0.467375543741	0.49299178347	0.623489608507	0.551474142098	0.531174480425	0.510874818753	0.429676172064	0.353310778154	0.0	0.646205896568	0.611406476559	0.473175447076	0.553890768487	0.540357660706	0.649105848236	0.58095698405	0.613823102948	0.602223296278	0.602223296278	0.618173030449	0.505558240696	0.51619139681	0.521507974867	0.51619139681	0.515224746254	0.608023199613	0.534557757371	0.585306911551	0.498308361527	0.597873368777
AF5	0.699371677139	0.625422909618	0.93281778637	0.668438859352	0.676172063799	0.68293861769	0.565490575157	0.653939101015	0.682455292412	0.587723537941	0.728371193813	0.635089415176	0.669888835186	0.849685838569	0.614789753504	0.674238762687	0.727887868536	0.736587723538	0.881101981634	0.728854519091	0.708071532141	0.683905268246	0.729337844369	0.723537941034	0.882068632189	0.691155147414	0.695988400193	0.691155147414	0.666988883519	0.668438859352	0.759787336878	0.728371193813	0.626872885452	0.663605606573	0.739487675205	0.666505558241	0.713388110198	0.472692121798	0.695505074915	0.609956500725	0.646205896568	0.0	0.293861768971	0.533107781537	0.724987916868	0.719671338811	0.765587240213	0.728371193813	0.752054132431	0.732237796037	0.743837602707	0.752054132431	0.707588206863	0.719671338811	0.734654422426	0.716771387144	0.676172063799	0.752537457709	0.687288545191	0.718704688255	0.711454809087	0.734654422426
AF6	0.693571773804	0.595456742388	0.929917834703	0.654422426293	0.67133881102	0.653939101015	0.543257612373	0.623489608507	0.655872402127	0.555340744321	0.70130497825	0.620106331561	0.648622522958	0.848235862736	0.567907201547	0.651039149348	0.695021749638	0.70372160464	0.878202029966	0.723537941034	0.69212179797	0.653455775737	0.697921701305	0.694055099082	0.877718704688	0.674238762687	0.665538907685	0.65973900435	0.645239246013	0.65732237796	0.748187530208	0.700821652972	0.597390043499	0.629289511841	0.735137747704	0.650072498792	0.673755437409	0.433059449009	0.666505558241	0.583856935718	0.611406476559	0.293861768971	0.0	0.509908168197	0.695988400193	0.691155147414	0.760270662156	0.694055099082	0.729337844369	0.707104881585	0.711454809087	0.726437892702	0.677622039633	0.684871918801	0.700338327695	0.684388593523	0.642339294345	0.725954567424	0.650072498792	0.694055099082	0.690188496858	0.709521507975
