	AA3	AA4	AB3	AB4	AC3	AC4	AD3	AD4	AE3	AE4	AF3	AF4	AG3	AG4	AH3	AH4	AA7	AA8	AB7	AB8	AC7	AC8	AD7	AD8	AE7	AE8	AF7	AF8	AG7	AG8	AH7	AH8	AA5	AA6	AB5	AB6	AC5	AC6	AD6	AE5	AE6	AF5	AF6	AG5	AH5	AH6	AA1	AA2	AB1	AB2	AC1	AC2	AD1	AD2	AE1	AE2	AF1	AF2	AG1	AG2	AH1	AH2
AA3	0.0	0.479942000967	0.931851135814	0.639922667956	0.667955534074	0.590140164331	0.674722087965	0.595940067666	0.583856935718	0.633639439343	0.625422909618	0.628322861286	0.59497341711	0.839536007733	0.656839052682	0.334944417593	0.579507008217	0.563557274045	0.859352344128	0.696471725471	0.620106331561	0.585790236829	0.60415659739	0.594490091832	0.82165297245	0.582890285162	0.574673755437	0.573707104882	0.588690188497	0.599806669889	0.597390043499	0.577573707105	0.596906718221	0.606089898502	0.767037216046	0.686805219913	0.620589656839	0.629289511841	0.619623006283	0.637022716288	0.611889801837	0.725471242146	0.698405026583	0.628806186564	0.643789270179	0.625422909618	0.687771870469	0.653939101015	0.719671338811	0.677622039633	0.647655872402	0.665055582407	0.570807153214	0.575640405993	0.584340260996	0.581923634606	0.587240212663	0.666988883519	0.598356694055	0.663605606573	0.596423392943	0.653939101015
AA4	0.479942000967	0.0	0.950217496375	0.577573707105	0.586273562107	0.488641855969	0.590140164331	0.493475108748	0.49540840986	0.521507974867	0.556790720155	0.536007733204	0.481875302078	0.855485741904	0.394393426776	0.346060898985	0.525857902368	0.515708071532	0.894151764137	0.717738037699	0.646689221846	0.561140647656	0.56935717738	0.560657322378	0.87046882552	0.599323344611	0.542290961817	0.547607539874	0.585790236829	0.603189946834	0.614306428226	0.558724021266	0.502174963751	0.503624939584	0.673272112131	0.589173513775	0.562107298212	0.523441275979	0.528757854036	0.52537457709	0.483325277912	0.641372643789	0.619623006283	0.518124697922	0.577573707105	0.55099081682	0.65973900435	0.591590140164	0.640405993233	0.601739971	0.600289995167	0.636056065732	0.5186080232	0.503624939584	0.526341227646	0.503141614306	0.489608506525	0.633639439343	0.512324794587	0.593523441276	0.527307878202	0.580473658772
AB3	0.931851135814	0.950217496375	0.0	0.670855485742	0.914934751087	0.9584340261	0.9584340261	0.946350894152	0.935717738038	0.954084098598	0.972450459159	0.942967617206	0.969550507492	0.356694055099	0.963750604157	0.937651039149	0.973900434993	0.968583856936	0.764137264379	0.751570807153	0.893185113581	0.916868052199	0.959400676655	0.956984050266	0.852585790237	0.894635089415	0.942484291928	0.937167713871	0.859835669406	0.849202513291	0.955050749154	0.954084098598	0.9584340261	0.966650555824	0.975833736104	0.966650555824	0.975350410826	0.954084098598	0.976317061382	0.975350410826	0.975833736104	0.930884485259	0.933784436926	0.949250845819	0.97680038666	0.972933784437	0.975833736104	0.973900434993	0.972933784437	0.975350410826	0.975833736104	0.974867085549	0.977767037216	0.976317061382	0.980183663606	0.975833736104	0.974867085549	0.975833736104	0.974867085549	0.976317061382	0.974383760271	0.973900434993
AB4	0.639922667956	0.577573707105	0.670855485742	0.0	0.634122764621	0.610923151281	0.6805219913	0.616723054616	0.609956500725	0.630256162397	0.654422426293	0.624456259062	0.503624939584	0.55775737071	0.606089898502	0.579507008217	0.639439342678	0.631222812953	0.742387626873	0.557274045433	0.660705654906	0.621556307395	0.655872402127	0.651522474625	0.794103431609	0.62735621073	0.646689221846	0.637022716288	0.56259062349	0.582890285162	0.693088448526	0.660222329628	0.633156114065	0.649105848236	0.730787820203	0.666505558241	0.661672305462	0.629289511841	0.633156114065	0.62735621073	0.619139681005	0.651522474625	0.653939101015	0.629289511841	0.683905268246	0.667955534074	0.702754954084	0.664088931851	0.696471725471	0.664088931851	0.667472208797	0.680038666022	0.630739487675	0.635572740454	0.653939101015	0.630739487675	0.64572257129	0.681971967134	0.641855969067	0.661672305462	0.650072498792	0.656355727405
AC3	0.667955534074	0.586273562107	0.914934751087	0.634122764621	0.0	0.492025132914	0.634606089899	0.557274045433	0.565490575157	0.596423392943	0.616723054616	0.327694538424	0.605606573224	0.827936201063	0.598356694055	0.601256645723	0.615273078782	0.625422909618	0.869985500242	0.737071048816	0.737071048816	0.683905268246	0.727404543258	0.711938134364	0.830836152731	0.678588690188	0.666988883519	0.697438376027	0.680038666022	0.691155147414	0.71532141131	0.667955534074	0.616723054616	0.630739487675	0.624456259062	0.577090381827	0.622522957951	0.600773320445	0.590140164331	0.567423876269	0.570807153214	0.654422426293	0.652972450459	0.568873852102	0.637506041566	0.641855969067	0.591106814886	0.578540357661	0.565973900435	0.566457225713	0.59497341711	0.579023682939	0.537457709038	0.560657322378	0.579507008217	0.574673755437	0.620106331561	0.568873852102	0.621072982117	0.574190430159	0.608023199613	0.573707104882
AC4	0.590140164331	0.488641855969	0.9584340261	0.610923151281	0.492025132914	0.0	0.621072982117	0.402126631223	0.401643305945	0.524407926535	0.349927501208	0.412276462059	0.49299178347	0.867085548574	0.55099081682	0.524407926535	0.467375543741	0.467858869019	0.9212179797	0.750604156597	0.595456742388	0.534557757371	0.530691155147	0.507974867086	0.894635089415	0.587723537941	0.493475108748	0.517641372644	0.552924117931	0.56935717738	0.571290478492	0.521507974867	0.45142580957	0.458192363461	0.647172547124	0.559207346544	0.474142097632	0.52779120348	0.417109714838	0.5601739971	0.465925567907	0.678588690188	0.662155630739	0.510874818753	0.488158530691	0.477042049299	0.626872885452	0.577090381827	0.596906718221	0.575640405993	0.563557274045	0.601256645723	0.468825519575	0.489125181247	0.502658289029	0.48622522958	0.530691155147	0.596423392943	0.52779120348	0.556790720155	0.454325761237	0.561140647656
AD3	0.674722087965	0.590140164331	0.9584340261	0.6805219913	0.634606089899	0.621072982117	0.0	0.529241179314	0.640889318511	0.362010633156	0.679072015466	0.607056549058	0.643789270179	0.870952150797	0.56259062349	0.636056065732	0.679555340744	0.673272112131	0.933301111648	0.7593040116	0.72450459159	0.69453842436	0.692605123248	0.683421942968	0.913968100532	0.673755437409	0.697438376027	0.692605123248	0.688738521025	0.683421942968	0.713388110198	0.687771870469	0.631706138231	0.651522474625	0.728854519091	0.644272595457	0.66892218463	0.535041082649	0.626389560174	0.580473658772	0.575157080715	0.549540840986	0.532624456259	0.548090865152	0.694055099082	0.682455292412	0.754954084099	0.704688255196	0.732721121315	0.706621556307	0.702754954084	0.732721121315	0.649105848236	0.65973900435	0.664572257129	0.652489125181	0.622039632673	0.727404543258	0.626872885452	0.702271628806	0.683905268246	0.709521507975
AD4	0.595940067666	0.493475108748	0.946350894152	0.616723054616	0.557274045433	0.402126631223	0.529241179314	0.0	0.312228129531	0.410826486225	0.431126147898	0.503624939584	0.520057999033	0.858385693572	0.535524407927	0.532141130981	0.465925567907	0.46979217013	0.936201063316	0.758820686322	0.578057032383	0.501691638473	0.489608506525	0.480425326245	0.909134847753	0.602706621556	0.444175930401	0.475108748188	0.505074915418	0.554857419043	0.550024166264	0.501691638473	0.386176897052	0.445142580957	0.660705654906	0.557274045433	0.456742387627	0.490091831803	0.414209763171	0.555340744321	0.471725471242	0.636056065732	0.61575640406	0.475108748188	0.497341710971	0.475592073465	0.65973900435	0.60415659739	0.63653939101	0.619139681005	0.607056549058	0.643789270179	0.508941517641	0.519574673755	0.526824552924	0.5186080232	0.540357660706	0.639922667956	0.542774287095	0.612373127115	0.497341710971	0.600773320445
AE3	0.583856935718	0.49540840986	0.935717738038	0.609956500725	0.565490575157	0.401643305945	0.640889318511	0.312228129531	0.0	0.521024649589	0.403093281779	0.512324794587	0.514258095698	0.852585790237	0.545674238763	0.521507974867	0.435959400677	0.434992750121	0.92363460609	0.74528757854	0.566940550991	0.486708554857	0.478492025133	0.465442242629	0.894635089415	0.593523441276	0.421942967617	0.464958917351	0.489608506525	0.548090865152	0.534557757371	0.48622522958	0.398260029	0.45142580957	0.681005316578	0.586756887385	0.444175930401	0.529724504592	0.421459642339	0.602223296278	0.512324794587	0.681488641856	0.659255679072	0.515224746254	0.496858385694	0.471242145964	0.663605606573	0.600289995167	0.637022716288	0.617689705172	0.595940067666	0.644755920735	0.505074915418	0.523924601257	0.531174480425	0.519091348478	0.549540840986	0.636056065732	0.553407443209	0.600289995167	0.484291928468	0.594006766554
AE4	0.633639439343	0.521507974867	0.954084098598	0.630256162397	0.596423392943	0.524407926535	0.362010633156	0.410826486225	0.521024649589	0.0	0.581923634606	0.556790720155	0.579990333494	0.863702271629	0.528757854036	0.569840502658	0.588690188497	0.58337361044	0.941034316095	0.763170613823	0.660705654906	0.59497341711	0.601256645723	0.584340260996	0.91203479942	0.615273078782	0.59497341711	0.589656839053	0.59255679072	0.599323344611	0.642822619623	0.602706621556	0.537941034316	0.553407443209	0.696955050749	0.60415659739	0.566457225713	0.463508941518	0.538907684872	0.520057999033	0.492508458192	0.581923634606	0.5601739971	0.494925084582	0.595456742388	0.586756887385	0.708554857419	0.652972450459	0.695021749638	0.674722087965	0.65732237796	0.688738521025	0.589656839053	0.58337361044	0.584823586274	0.582406959884	0.571290478492	0.692605123248	0.579023682939	0.665538907685	0.590140164331	0.653939101015
AF3	0.625422909618	0.556790720155	0.972450459159	0.654422426293	0.616723054616	0.349927501208	0.679072015466	0.431126147898	0.403093281779	0.581923634606	0.0	0.520057999033	0.546640889319	0.884968583857	0.611406476559	0.581923634606	0.456259062349	0.448525857902	0.95360077332	0.776220396327	0.61333977767	0.542774287095	0.455292411793	0.446592556791	0.917351377477	0.612856452392	0.449975833736	0.5186080232	0.531657805703	0.577090381827	0.532141130981	0.517158047366	0.44900918318	0.502174963751	0.678105364911	0.605606573224	0.425809569841	0.567423876269	0.433542774287	0.621556307395	0.532141130981	0.720154664089	0.699855002417	0.545674238763	0.497341710971	0.486708554857	0.662638956017	0.60657322378	0.655872402127	0.611889801837	0.59497341711	0.634606089899	0.522957950701	0.526341227646	0.538424359594	0.526824552924	0.588206863219	0.635089415176	0.588206863219	0.590623489609	0.494925084582	0.591106814886
AF4	0.628322861286	0.536007733204	0.942967617206	0.624456259062	0.327694538424	0.412276462059	0.607056549058	0.503624939584	0.512324794587	0.556790720155	0.520057999033	0.0	0.570323827936	0.850652489125	0.563557274045	0.554857419043	0.568390526825	0.574673755437	0.891735137748	0.725954567424	0.710971483809	0.643305944901	0.67133881102	0.652005799903	0.853069115515	0.639922667956	0.610923151281	0.642822619623	0.648622522958	0.658772353794	0.660222329628	0.618173030449	0.563073948768	0.579023682939	0.613823102948	0.52779120348	0.557274045433	0.555824069599	0.53697438376	0.533107781537	0.517641372644	0.628322861286	0.620589656839	0.534557757371	0.579507008217	0.573223779604	0.589173513775	0.538424359594	0.556307394877	0.540840985984	0.549540840986	0.563557274045	0.495891735138	0.514741420976	0.534074432093	0.521991300145	0.570807153214	0.5601739971	0.563557274045	0.528757854036	0.548090865152	0.530691155147
AG3	0.59497341711	0.481875302078	0.969550507492	0.503624939584	0.605606573224	0.49299178347	0.643789270179	0.520057999033	0.514258095698	0.579990333494	0.546640889319	0.570323827936	0.0	0.854519091348	0.526341227646	0.509908168197	0.505558240696	0.508458192363	0.927984533591	0.755437409377	0.668438859352	0.59497341711	0.591106814886	0.598356694055	0.884968583857	0.62735621073	0.541324311261	0.584340260996	0.615273078782	0.635089415176	0.637506041566	0.572740454326	0.521991300145	0.519574673755	0.663605606573	0.595456742388	0.554374093765	0.566940550991	0.513291445143	0.56935717738	0.521507974867	0.679072015466	0.662638956017	0.538907684872	0.572740454326	0.555824069599	0.624456259062	0.581923634606	0.622522957951	0.593040115998	0.570323827936	0.607539874335	0.506524891252	0.514258095698	0.538907684872	0.517641372644	0.547607539874	0.609956500725	0.558240695988	0.586756887385	0.506524891252	0.575640405993
AG4	0.839536007733	0.855485741904	0.356694055099	0.55775737071	0.827936201063	0.867085548574	0.870952150797	0.858385693572	0.852585790237	0.863702271629	0.884968583857	0.850652489125	0.854519091348	0.0	0.872402126631	0.841952634123	0.88883518608	0.883035282745	0.714354760754	0.660705654906	0.812953117448	0.830836152731	0.874818753021	0.87046882552	0.820686321895	0.808119864669	0.857419043016	0.851135814403	0.769937167714	0.750120831319	0.874335427743	0.869018849686	0.869502174964	0.87723537941	0.896568390527	0.883035282745	0.884485258579	0.855969067182	0.884001933301	0.882551957467	0.8796520058	0.835186080232	0.841952634123	0.85886901885	0.893185113581	0.884485258579	0.886418559691	0.886901884969	0.886901884969	0.881585306912	0.893185113581	0.886901884969	0.893185113581	0.889801836636	0.895601739971	0.890285161914	0.890285161914	0.88883518608	0.889318511358	0.883518608023	0.890768487192	0.886418559691
AH3	0.656839052682	0.394393426776	0.963750604157	0.606089898502	0.598356694055	0.55099081682	0.56259062349	0.535524407927	0.545674238763	0.528757854036	0.611406476559	0.563557274045	0.526341227646	0.872402126631	0.0	0.519091348478	0.588690188497	0.583856935718	0.928951184147	0.755437409377	0.698888351861	0.631706138231	0.633156114065	0.625422909618	0.905751570807	0.6805219913	0.623489608507	0.62493958434	0.652005799903	0.667472208797	0.688255195747	0.622522957951	0.541324311261	0.566457225713	0.71290478492	0.625906234896	0.625906234896	0.53020782987	0.58337361044	0.543257612373	0.548090865152	0.593040115998	0.580473658772	0.544707588207	0.637022716288	0.620106331561	0.704688255196	0.631222812953	0.662638956017	0.645239246013	0.637989366844	0.672788786854	0.586756887385	0.581440309328	0.598840019333	0.589173513775	0.564040599323	0.673755437409	0.572257129048	0.637989366844	0.594490091832	0.620589656839
AH4	0.334944417593	0.346060898985	0.937651039149	0.579507008217	0.601256645723	0.524407926535	0.636056065732	0.532141130981	0.521507974867	0.569840502658	0.581923634606	0.554857419043	0.509908168197	0.841952634123	0.519091348478	0.0	0.531174480425	0.521991300145	0.872402126631	0.705171580474	0.622522957951	0.555824069599	0.56935717738	0.574673755437	0.843402609957	0.585790236829	0.549540840986	0.545190913485	0.572257129048	0.587723537941	0.593040115998	0.543740937651	0.540357660706	0.544707588207	0.707588206863	0.627839536008	0.579507008217	0.569840502658	0.554374093765	0.563557274045	0.531174480425	0.681005316578	0.655389076849	0.565007249879	0.597390043499	0.571290478492	0.660705654906	0.600773320445	0.653455775737	0.614789753504	0.600289995167	0.630256162397	0.525857902368	0.5186080232	0.537941034316	0.517641372644	0.505074915418	0.630739487675	0.526341227646	0.60657322378	0.537457709038	0.603673272112
AA7	0.579507008217	0.525857902368	0.973900434993	0.639439342678	0.615273078782	0.467375543741	0.679555340744	0.465925567907	0.435959400677	0.588690188497	0.456259062349	0.568390526825	0.505558240696	0.88883518608	0.588690188497	0.531174480425	0.0	0.286611889802	0.917351377477	0.753020782987	0.593040115998	0.504108264862	0.4813919768	0.484291928468	0.867568873852	0.581923634606	0.44900918318	0.482358627356	0.524891251812	0.572257129048	0.519574673755	0.412759787337	0.42822619623	0.481875302078	0.714354760754	0.641855969067	0.478492025133	0.573707104882	0.468825519575	0.607539874335	0.533107781537	0.720154664089	0.697438376027	0.577090381827	0.528757854036	0.51377477042	0.65973900435	0.610439826003	0.65973900435	0.634606089899	0.59497341711	0.619139681005	0.498308361527	0.5186080232	0.525857902368	0.522957950701	0.530691155147	0.618173030449	0.539874335428	0.622522957951	0.491541807637	0.602706621556
AA8	0.563557274045	0.515708071532	0.968583856936	0.631222812953	0.625422909618	0.467858869019	0.673272112131	0.46979217013	0.434992750121	0.58337361044	0.448525857902	0.574673755437	0.508458192363	0.883035282745	0.583856935718	0.521991300145	0.286611889802	0.0	0.916868052199	0.743354277429	0.578057032383	0.491541807637	0.455775737071	0.457225712905	0.85886901885	0.576607056549	0.432576123731	0.465442242629	0.519574673755	0.565490575157	0.471725471242	0.376027066216	0.43064282262	0.49299178347	0.721604639923	0.655389076849	0.487675205413	0.585790236829	0.47462542291	0.601256645723	0.542774287095	0.719671338811	0.697921701305	0.586273562107	0.545190913485	0.521024649589	0.672305461576	0.619139681005	0.674722087965	0.642822619623	0.608023199613	0.634122764621	0.509908168197	0.52779120348	0.540840985984	0.532624456259	0.53020782987	0.628806186564	0.537457709038	0.634122764621	0.501208313195	0.614306428226
AB7	0.859352344128	0.894151764137	0.764137264379	0.742387626873	0.869985500242	0.9212179797	0.933301111648	0.936201063316	0.92363460609	0.941034316095	0.95360077332	0.891735137748	0.927984533591	0.714354760754	0.928951184147	0.872402126631	0.917351377477	0.916868052199	0.0	0.423876268729	0.811503141614	0.840985983567	0.928951184147	0.922184630256	0.732721121315	0.809086515225	0.892701788304	0.876752054132	0.750120831319	0.720637989367	0.884968583857	0.897051715805	0.921701304978	0.930401159981	0.940067665539	0.932334461092	0.941034316095	0.913001449976	0.956500724988	0.927017883035	0.934267762204	0.859835669406	0.878685355244	0.918801353311	0.960850652489	0.950700821653	0.927984533591	0.923151280812	0.929434509425	0.934751087482	0.932334461092	0.922184630256	0.917834702755	0.919768003867	0.924117931368	0.911068148864	0.919768003867	0.918318028033	0.922667955534	0.924601256646	0.946350894152	0.928467858869
AB8	0.696471725471	0.717738037699	0.751570807153	0.557274045433	0.737071048816	0.750604156597	0.7593040116	0.758820686322	0.74528757854	0.763170613823	0.776220396327	0.725954567424	0.755437409377	0.660705654906	0.755437409377	0.705171580474	0.753020782987	0.743354277429	0.423876268729	0.0	0.646205896568	0.665055582407	0.741904301595	0.737071048816	0.721121314645	0.63653939101	0.712421459642	0.695021749638	0.537941034316	0.534557757371	0.724987916868	0.719671338811	0.753504108265	0.7593040116	0.81246979217	0.759787336878	0.767037216046	0.733204446593	0.772837119381	0.746737554374	0.754470758821	0.702271628806	0.714354760754	0.737554374094	0.788303528275	0.774770420493	0.805703238279	0.751087481875	0.786370227163	0.768970517158	0.765587240213	0.768970517158	0.749154180764	0.74770420493	0.758820686322	0.746254229096	0.751087481875	0.769937167714	0.751087481875	0.754954084099	0.765587240213	0.750604156597
AC7	0.620106331561	0.646689221846	0.893185113581	0.660705654906	0.737071048816	0.595456742388	0.72450459159	0.578057032383	0.566940550991	0.660705654906	0.61333977767	0.710971483809	0.668438859352	0.812953117448	0.698888351861	0.622522957951	0.593040115998	0.578057032383	0.811503141614	0.646205896568	0.0	0.376027066216	0.576123731271	0.57177380377	0.818753020783	0.584340260996	0.546157564041	0.513291445143	0.483325277912	0.494441759304	0.581923634606	0.558724021266	0.570807153214	0.593040115998	0.817786370227	0.742870952151	0.646689221846	0.651522474625	0.609473175447	0.721121314645	0.669405509908	0.719188013533	0.699371677139	0.64572257129	0.633639439343	0.608023199613	0.82165297245	0.767037216046	0.802803286612	0.784436926051	0.746254229096	0.789753504108	0.669405509908	0.672305461576	0.686805219913	0.680038666022	0.668438859352	0.787336877719	0.670855485742	0.767037216046	0.622039632673	0.753020782987
AC8	0.585790236829	0.561140647656	0.916868052199	0.621556307395	0.683905268246	0.534557757371	0.69453842436	0.501691638473	0.486708554857	0.59497341711	0.542774287095	0.643305944901	0.59497341711	0.830836152731	0.631706138231	0.555824069599	0.504108264862	0.491541807637	0.840985983567	0.665055582407	0.376027066216	0.0	0.485258579024	0.484291928468	0.838569357177	0.547124214596	0.392460125665	0.355244079265	0.440309328178	0.472692121798	0.52537457709	0.47462542291	0.487191880135	0.517641372644	0.743354277429	0.666988883519	0.556790720155	0.581440309328	0.525857902368	0.647172547124	0.590140164331	0.678588690188	0.660705654906	0.588206863219	0.5601739971	0.544224262929	0.740937651039	0.680038666022	0.731271145481	0.709521507975	0.665538907685	0.706621556307	0.594490091832	0.589656839053	0.598356694055	0.598356694055	0.589656839053	0.707588206863	0.592073465442	0.696471725471	0.544224262929	0.669405509908
AD7	0.60415659739	0.56935717738	0.959400676655	0.655872402127	0.727404543258	0.530691155147	0.692605123248	0.489608506525	0.478492025133	0.601256645723	0.455292411793	0.67133881102	0.591106814886	0.874818753021	0.633156114065	0.56935717738	0.4813919768	0.455775737071	0.928951184147	0.741904301595	0.576123731271	0.485258579024	0.0	0.302561623973	0.892701788304	0.522474625423	0.41662638956	0.450459159014	0.495891735138	0.555340744321	0.505558240696	0.471242145964	0.476558724021	0.531657805703	0.753987433543	0.673755437409	0.520057999033	0.594490091832	0.52779120348	0.648622522958	0.594490091832	0.720154664089	0.695505074915	0.604639922668	0.55775737071	0.545674238763	0.753020782987	0.687771870469	0.741904301595	0.717738037699	0.670855485742	0.713388110198	0.600289995167	0.597873368777	0.611889801837	0.60657322378	0.586273562107	0.710971483809	0.596906718221	0.701788303528	0.565490575157	0.677622039633
AD8	0.594490091832	0.560657322378	0.956984050266	0.651522474625	0.711938134364	0.507974867086	0.683421942968	0.480425326245	0.465442242629	0.584340260996	0.446592556791	0.652005799903	0.598356694055	0.87046882552	0.625422909618	0.574673755437	0.484291928468	0.457225712905	0.922184630256	0.737071048816	0.57177380377	0.484291928468	0.302561623973	0.0	0.861768970517	0.496375060416	0.412759787337	0.453359110681	0.489125181247	0.540357660706	0.502658289029	0.485258579024	0.478008699855	0.527307878202	0.742870952151	0.661672305462	0.505074915418	0.581923634606	0.51377477042	0.642339294345	0.582406959884	0.71532141131	0.693088448526	0.59255679072	0.548090865152	0.541324311261	0.740454325761	0.67133881102	0.736587723538	0.709038182697	0.658289028516	0.700821652972	0.593523441276	0.583856935718	0.591590140164	0.590140164331	0.588206863219	0.700338327695	0.589173513775	0.68970517158	0.554374093765	0.663605606573
AE7	0.82165297245	0.87046882552	0.852585790237	0.794103431609	0.830836152731	0.894635089415	0.913968100532	0.909134847753	0.894635089415	0.91203479942	0.917351377477	0.853069115515	0.884968583857	0.820686321895	0.905751570807	0.843402609957	0.867568873852	0.85886901885	0.732721121315	0.721121314645	0.818753020783	0.838569357177	0.892701788304	0.861768970517	0.0	0.550507491542	0.875785403577	0.861768970517	0.775253745771	0.775737071049	0.837119381344	0.850169163847	0.897535041083	0.904784920251	0.926534557757	0.915418076365	0.916384726921	0.892701788304	0.918801353311	0.879168680522	0.904301594973	0.866602223296	0.875785403577	0.884485258579	0.938134364427	0.921701304978	0.895601739971	0.899468342194	0.90285161914	0.90043499275	0.906234896085	0.897051715805	0.888351860802	0.889801836636	0.902368293862	0.884968583857	0.902368293862	0.887385210246	0.900918318028	0.90285161914	0.910101498308	0.901884968584
AE8	0.582890285162	0.599323344611	0.894635089415	0.62735621073	0.678588690188	0.587723537941	0.673755437409	0.602706621556	0.593523441276	0.615273078782	0.612856452392	0.639922667956	0.62735621073	0.808119864669	0.6805219913	0.585790236829	0.581923634606	0.576607056549	0.809086515225	0.63653939101	0.584340260996	0.547124214596	0.522474625423	0.496375060416	0.550507491542	0.0	0.568873852102	0.561140647656	0.515224746254	0.51377477042	0.574190430159	0.5601739971	0.600773320445	0.60657322378	0.768003866602	0.687771870469	0.620106331561	0.599323344611	0.619139681005	0.639922667956	0.61575640406	0.684388593523	0.663605606573	0.612856452392	0.631706138231	0.623489608507	0.748187530208	0.688738521025	0.739971000483	0.709521507975	0.683421942968	0.720637989367	0.631706138231	0.620106331561	0.635089415176	0.625906234896	0.639439342678	0.711938134364	0.644755920735	0.694055099082	0.60657322378	0.684871918801
AF7	0.574673755437	0.542290961817	0.942484291928	0.646689221846	0.666988883519	0.493475108748	0.697438376027	0.444175930401	0.421942967617	0.59497341711	0.449975833736	0.610923151281	0.541324311261	0.857419043016	0.623489608507	0.549540840986	0.44900918318	0.432576123731	0.892701788304	0.712421459642	0.546157564041	0.392460125665	0.41662638956	0.412759787337	0.875785403577	0.568873852102	0.0	0.314644755921	0.465442242629	0.521507974867	0.481875302078	0.470758820686	0.424842919285	0.474142097632	0.70130497825	0.623972933784	0.469308844853	0.556790720155	0.476558724021	0.623489608507	0.544707588207	0.704688255196	0.6805219913	0.553407443209	0.523924601257	0.513291445143	0.682455292412	0.625422909618	0.683421942968	0.662155630739	0.61575640406	0.652005799903	0.546640889319	0.536491058482	0.545674238763	0.54857419043	0.556307394877	0.648622522958	0.571290478492	0.643305944901	0.494925084582	0.619623006283
AF8	0.573707104882	0.547607539874	0.937167713871	0.637022716288	0.697438376027	0.517641372644	0.692605123248	0.475108748188	0.464958917351	0.589656839053	0.5186080232	0.642822619623	0.584340260996	0.851135814403	0.62493958434	0.545190913485	0.482358627356	0.465442242629	0.876752054132	0.695021749638	0.513291445143	0.355244079265	0.450459159014	0.453359110681	0.861768970517	0.561140647656	0.314644755921	0.0	0.448525857902	0.496375060416	0.514258095698	0.463992266796	0.449975833736	0.507491541808	0.738037699372	0.65732237796	0.523441275979	0.56935717738	0.509908168197	0.626872885452	0.575640405993	0.690671822136	0.662638956017	0.575157080715	0.551957467376	0.542774287095	0.720154664089	0.661188980184	0.717254712421	0.695988400193	0.654905751571	0.687771870469	0.579023682939	0.569840502658	0.582890285162	0.583856935718	0.564523924601	0.684871918801	0.579023682939	0.677622039633	0.523441275979	0.652489125181
AG7	0.588690188497	0.585790236829	0.859835669406	0.56259062349	0.680038666022	0.552924117931	0.688738521025	0.505074915418	0.489608506525	0.59255679072	0.531657805703	0.648622522958	0.615273078782	0.769937167714	0.652005799903	0.572257129048	0.524891251812	0.519574673755	0.750120831319	0.537941034316	0.483325277912	0.440309328178	0.495891735138	0.489125181247	0.775253745771	0.515224746254	0.465442242629	0.448525857902	0.0	0.314161430643	0.53697438376	0.501208313195	0.510874818753	0.5601739971	0.761720637989	0.677622039633	0.526341227646	0.579023682939	0.540840985984	0.642339294345	0.590623489609	0.653455775737	0.646205896568	0.574190430159	0.581923634606	0.582406959884	0.752537457709	0.6805219913	0.73610439826	0.71290478492	0.669888835186	0.71532141131	0.618173030449	0.61333977767	0.623006283229	0.620589656839	0.624456259062	0.711454809087	0.631222812953	0.68970517158	0.588690188497	0.66892218463
AG8	0.599806669889	0.603189946834	0.849202513291	0.582890285162	0.691155147414	0.56935717738	0.683421942968	0.554857419043	0.548090865152	0.599323344611	0.577090381827	0.658772353794	0.635089415176	0.750120831319	0.667472208797	0.587723537941	0.572257129048	0.565490575157	0.720637989367	0.534557757371	0.494441759304	0.472692121798	0.555340744321	0.540357660706	0.775737071049	0.51377477042	0.521507974867	0.496375060416	0.314161430643	0.0	0.569840502658	0.548090865152	0.558240695988	0.578540357661	0.771387143548	0.691155147414	0.578057032383	0.584340260996	0.575640405993	0.65973900435	0.603673272112	0.664088931851	0.651039149348	0.590140164331	0.601739971	0.595940067666	0.762203963267	0.694055099082	0.74770420493	0.725954567424	0.688255195747	0.72450459159	0.636056065732	0.626872885452	0.633156114065	0.630256162397	0.637022716288	0.723537941034	0.648622522958	0.70372160464	0.603189946834	0.683421942968
AH7	0.597390043499	0.614306428226	0.955050749154	0.693088448526	0.71532141131	0.571290478492	0.713388110198	0.550024166264	0.534557757371	0.642822619623	0.532141130981	0.660222329628	0.637506041566	0.874335427743	0.688255195747	0.593040115998	0.519574673755	0.471725471242	0.884968583857	0.724987916868	0.581923634606	0.52537457709	0.505558240696	0.502658289029	0.837119381344	0.574190430159	0.481875302078	0.514258095698	0.53697438376	0.569840502658	0.0	0.332044465926	0.563073948768	0.609956500725	0.789753504108	0.721604639923	0.568390526825	0.661188980184	0.591106814886	0.669405509908	0.643789270179	0.769937167714	0.745770903818	0.656839052682	0.625422909618	0.620589656839	0.762687288545	0.71532141131	0.761237312711	0.731754470759	0.702754954084	0.736587723538	0.618173030449	0.624456259062	0.624456259062	0.630739487675	0.62493958434	0.73368777187	0.623972933784	0.709521507975	0.610439826003	0.711938134364
AH8	0.577573707105	0.558724021266	0.954084098598	0.660222329628	0.667955534074	0.521507974867	0.687771870469	0.501691638473	0.48622522958	0.602706621556	0.517158047366	0.618173030449	0.572740454326	0.869018849686	0.622522957951	0.543740937651	0.412759787337	0.376027066216	0.897051715805	0.719671338811	0.558724021266	0.47462542291	0.471242145964	0.485258579024	0.850169163847	0.5601739971	0.470758820686	0.463992266796	0.501208313195	0.548090865152	0.332044465926	0.0	0.492508458192	0.536007733204	0.7593040116	0.680038666022	0.542290961817	0.61575640406	0.532141130981	0.623006283229	0.590140164331	0.718704688255	0.701788303528	0.606089898502	0.567907201547	0.559207346544	0.713388110198	0.663605606573	0.713388110198	0.683421942968	0.651039149348	0.679072015466	0.565007249879	0.564040599323	0.575640405993	0.579990333494	0.560657322378	0.673272112131	0.570807153214	0.666022232963	0.547124214596	0.658772353794
AA5	0.596906718221	0.502174963751	0.9584340261	0.633156114065	0.616723054616	0.45142580957	0.631706138231	0.386176897052	0.398260029	0.537941034316	0.44900918318	0.563073948768	0.521991300145	0.869502174964	0.541324311261	0.540357660706	0.42822619623	0.43064282262	0.921701304978	0.753504108265	0.570807153214	0.487191880135	0.476558724021	0.478008699855	0.897535041083	0.600773320445	0.424842919285	0.449975833736	0.510874818753	0.558240695988	0.563073948768	0.492508458192	0.0	0.345577573707	0.689221846303	0.575157080715	0.478492025133	0.477042049299	0.450459159014	0.552924117931	0.461575640406	0.631222812953	0.60415659739	0.478975350411	0.518124697922	0.4813919768	0.702754954084	0.643789270179	0.672788786854	0.65055582407	0.637022716288	0.675205413243	0.522957950701	0.555824069599	0.565007249879	0.545190913485	0.539874335428	0.670855485742	0.551474142098	0.631222812953	0.507491541808	0.625422909618
AA6	0.606089898502	0.503624939584	0.966650555824	0.649105848236	0.630739487675	0.458192363461	0.651522474625	0.445142580957	0.45142580957	0.553407443209	0.502174963751	0.579023682939	0.519574673755	0.87723537941	0.566457225713	0.544707588207	0.481875302078	0.49299178347	0.930401159981	0.7593040116	0.593040115998	0.517641372644	0.531657805703	0.527307878202	0.904784920251	0.60657322378	0.474142097632	0.507491541808	0.5601739971	0.578540357661	0.609956500725	0.536007733204	0.345577573707	0.0	0.679555340744	0.57177380377	0.51619139681	0.508458192363	0.470758820686	0.577573707105	0.488158530691	0.658289028516	0.634606089899	0.502174963751	0.448042532624	0.409376510391	0.691638472692	0.635089415176	0.668438859352	0.64813919768	0.629289511841	0.666022232963	0.523441275979	0.547124214596	0.559207346544	0.540357660706	0.542774287095	0.663122281295	0.557274045433	0.625422909618	0.507491541808	0.622522957951
AB5	0.767037216046	0.673272112131	0.975833736104	0.730787820203	0.624456259062	0.647172547124	0.728854519091	0.660705654906	0.681005316578	0.696955050749	0.678105364911	0.613823102948	0.663605606573	0.896568390527	0.71290478492	0.707588206863	0.714354760754	0.721604639923	0.940067665539	0.81246979217	0.817786370227	0.743354277429	0.753987433543	0.742870952151	0.926534557757	0.768003866602	0.70130497825	0.738037699372	0.761720637989	0.771387143548	0.789753504108	0.7593040116	0.689221846303	0.679555340744	0.0	0.324311261479	0.621556307395	0.6805219913	0.632189463509	0.639439342678	0.619623006283	0.743354277429	0.733204446593	0.653455775737	0.632672788787	0.623972933784	0.613823102948	0.614789753504	0.624456259062	0.605123247946	0.626389560174	0.615273078782	0.609956500725	0.615273078782	0.628322861286	0.620106331561	0.670372160464	0.600773320445	0.67133881102	0.597390043499	0.669405509908	0.608506524891
AB6	0.686805219913	0.589173513775	0.966650555824	0.666505558241	0.577090381827	0.559207346544	0.644272595457	0.557274045433	0.586756887385	0.60415659739	0.605606573224	0.52779120348	0.595456742388	0.883035282745	0.625906234896	0.627839536008	0.641855969067	0.655389076849	0.932334461092	0.759787336878	0.742870952151	0.666988883519	0.673755437409	0.661672305462	0.915418076365	0.687771870469	0.623972933784	0.65732237796	0.677622039633	0.691155147414	0.721604639923	0.680038666022	0.575157080715	0.57177380377	0.324311261479	0.0	0.549057515708	0.573707104882	0.563557274045	0.549540840986	0.526341227646	0.663122281295	0.642822619623	0.537457709038	0.542774287095	0.533591106815	0.602223296278	0.555340744321	0.581923634606	0.560657322378	0.557274045433	0.581440309328	0.523441275979	0.555340744321	0.571290478492	0.558240695988	0.594490091832	0.573223779604	0.592073465442	0.546157564041	0.604639922668	0.550507491542
AC5	0.620589656839	0.562107298212	0.975350410826	0.661672305462	0.622522957951	0.474142097632	0.66892218463	0.456742387627	0.444175930401	0.566457225713	0.425809569841	0.557274045433	0.554374093765	0.884485258579	0.625906234896	0.579507008217	0.478492025133	0.487675205413	0.941034316095	0.767037216046	0.646689221846	0.556790720155	0.520057999033	0.505074915418	0.916384726921	0.620106331561	0.469308844853	0.523441275979	0.526341227646	0.578057032383	0.568390526825	0.542290961817	0.478492025133	0.51619139681	0.621556307395	0.549057515708	0.0	0.460125664572	0.443209279845	0.581923634606	0.512324794587	0.709521507975	0.676172063799	0.541324311261	0.463508941518	0.46302561624	0.600289995167	0.553407443209	0.613823102948	0.572257129048	0.548090865152	0.58095698405	0.489608506525	0.494925084582	0.509424842919	0.507491541808	0.577090381827	0.584340260996	0.586756887385	0.549057515708	0.514258095698	0.549057515708
AC6	0.629289511841	0.523441275979	0.954084098598	0.629289511841	0.600773320445	0.52779120348	0.535041082649	0.490091831803	0.529724504592	0.463508941518	0.567423876269	0.555824069599	0.566940550991	0.855969067182	0.53020782987	0.569840502658	0.573707104882	0.585790236829	0.913001449976	0.733204446593	0.651522474625	0.581440309328	0.594490091832	0.581923634606	0.892701788304	0.599323344611	0.556790720155	0.56935717738	0.579023682939	0.584340260996	0.661188980184	0.61575640406	0.477042049299	0.508458192363	0.6805219913	0.573707104882	0.460125664572	0.0	0.540357660706	0.526341227646	0.489608506525	0.485258579024	0.448525857902	0.426292895118	0.568390526825	0.558240695988	0.695021749638	0.6389560174	0.675688738521	0.642822619623	0.646205896568	0.674722087965	0.578540357661	0.577573707105	0.592073465442	0.574673755437	0.56259062349	0.675688738521	0.576123731271	0.631706138231	0.562107298212	0.636056065732
AD6	0.619623006283	0.528757854036	0.976317061382	0.633156114065	0.590140164331	0.417109714838	0.626389560174	0.414209763171	0.421459642339	0.538907684872	0.433542774287	0.53697438376	0.513291445143	0.884001933301	0.58337361044	0.554374093765	0.468825519575	0.47462542291	0.956500724988	0.772837119381	0.609473175447	0.525857902368	0.52779120348	0.51377477042	0.918801353311	0.619139681005	0.476558724021	0.509908168197	0.540840985984	0.575640405993	0.591106814886	0.532141130981	0.450459159014	0.470758820686	0.632189463509	0.563557274045	0.443209279845	0.540357660706	0.0	0.546640889319	0.418076365394	0.700338327695	0.676172063799	0.52537457709	0.462542290962	0.442725954567	0.608989850169	0.555824069599	0.603673272112	0.567907201547	0.550507491542	0.589656839053	0.46979217013	0.473175447076	0.478975350411	0.47220879652	0.543257612373	0.590140164331	0.539874335428	0.566457225713	0.459642339294	0.546640889319
AE5	0.637022716288	0.52537457709	0.975350410826	0.62735621073	0.567423876269	0.5601739971	0.580473658772	0.555340744321	0.602223296278	0.520057999033	0.621556307395	0.533107781537	0.56935717738	0.882551957467	0.543257612373	0.563557274045	0.607539874335	0.601256645723	0.927017883035	0.746737554374	0.721121314645	0.647172547124	0.648622522958	0.642339294345	0.879168680522	0.639922667956	0.623489608507	0.626872885452	0.642339294345	0.65973900435	0.669405509908	0.623006283229	0.552924117931	0.577573707105	0.639439342678	0.549540840986	0.581923634606	0.526341227646	0.546640889319	0.0	0.34944417593	0.608989850169	0.587240212663	0.513291445143	0.62735621073	0.622522957951	0.654422426293	0.610923151281	0.634122764621	0.612373127115	0.623489608507	0.646205896568	0.544224262929	0.557274045433	0.591590140164	0.552440792653	0.553890768487	0.637989366844	0.566457225713	0.598356694055	0.579023682939	0.601739971
AE6	0.611889801837	0.483325277912	0.975833736104	0.619139681005	0.570807153214	0.465925567907	0.575157080715	0.471725471242	0.512324794587	0.492508458192	0.532141130981	0.517641372644	0.521507974867	0.8796520058	0.548090865152	0.531174480425	0.533107781537	0.542774287095	0.934267762204	0.754470758821	0.669405509908	0.590140164331	0.594490091832	0.582406959884	0.904301594973	0.61575640406	0.544707588207	0.575640405993	0.590623489609	0.603673272112	0.643789270179	0.590140164331	0.461575640406	0.488158530691	0.619623006283	0.526341227646	0.512324794587	0.489608506525	0.418076365394	0.34944417593	0.0	0.642822619623	0.617206379894	0.477042049299	0.535524407927	0.532624456259	0.637022716288	0.584823586274	0.616239729338	0.593040115998	0.587723537941	0.622522957951	0.488641855969	0.493958434026	0.509424842919	0.479942000967	0.516674722088	0.619623006283	0.532141130981	0.572740454326	0.503141614306	0.577090381827
AF5	0.725471242146	0.641372643789	0.930884485259	0.651522474625	0.654422426293	0.678588690188	0.549540840986	0.636056065732	0.681488641856	0.581923634606	0.720154664089	0.628322861286	0.679072015466	0.835186080232	0.593040115998	0.681005316578	0.720154664089	0.719671338811	0.859835669406	0.702271628806	0.719188013533	0.678588690188	0.720154664089	0.71532141131	0.866602223296	0.684388593523	0.704688255196	0.690671822136	0.653455775737	0.664088931851	0.769937167714	0.718704688255	0.631222812953	0.658289028516	0.743354277429	0.663122281295	0.709521507975	0.485258579024	0.700338327695	0.608989850169	0.642822619623	0.0	0.27549540841	0.535041082649	0.72450459159	0.71532141131	0.757854035766	0.71532141131	0.739971000483	0.710971483809	0.729337844369	0.739487675205	0.695505074915	0.711938134364	0.729821169647	0.707588206863	0.674238762687	0.737554374094	0.677622039633	0.696955050749	0.710488158531	0.719671338811
AF6	0.698405026583	0.619623006283	0.933784436926	0.653939101015	0.652972450459	0.662155630739	0.532624456259	0.61575640406	0.659255679072	0.5601739971	0.699855002417	0.620589656839	0.662638956017	0.841952634123	0.580473658772	0.655389076849	0.697438376027	0.697921701305	0.878685355244	0.714354760754	0.699371677139	0.660705654906	0.695505074915	0.693088448526	0.875785403577	0.663605606573	0.6805219913	0.662638956017	0.646205896568	0.651039149348	0.745770903818	0.701788303528	0.60415659739	0.634606089899	0.733204446593	0.642822619623	0.676172063799	0.448525857902	0.676172063799	0.587240212663	0.617206379894	0.27549540841	0.0	0.51377477042	0.70372160464	0.687288545191	0.749637506042	0.708071532141	0.73610439826	0.707588206863	0.717738037699	0.743354277429	0.675688738521	0.691155147414	0.709038182697	0.682455292412	0.646205896568	0.742870952151	0.650072498792	0.691155147414	0.690188496858	0.709038182697
