	AA3	AA4	AB3	AB4	AC3	AC4	AD3	AD4	AE3	AE4	AF3	AF4	AG3	AG4	AH3	AH4	AA7	AA8	AB7	AB8	AC7	AC8	AD7	AD8	AE7	AE8	AF7	AF8	AG7	AG8	AH7	AH8	AA5	AA6	AB5	AB6	AC5	AC6	AD6	AE5	AE6	AF5	AF6	AG5	AH5	AH6	AA1	AA2	AB1	AB2	AC1	AC2	AD1	AD2	AE1	AE2	AF1	AF2	AG1	AG2	AH1	AH2
AA3	0.0	0.492025132914	0.933301111648	0.631706138231	0.668438859352	0.578057032383	0.677622039633	0.570323827936	0.55099081682	0.623972933784	0.595456742388	0.612373127115	0.566457225713	0.848235862736	0.65973900435	0.343160947318	0.56259062349	0.545190913485	0.861285645239	0.716288061866	0.602706621556	0.556307394877	0.580473658772	0.563557274045	0.823586273562	0.565490575157	0.556790720155	0.540840985984	0.564040599323	0.579507008217	0.576123731271	0.55099081682	0.56935717738	0.584340260996	0.755437409377	0.688738521025	0.587240212663	0.612373127115	0.579507008217	0.633639439343	0.596423392943	0.720637989367	0.70130497825	0.610439826003	0.619139681005	0.60415659739	0.701788303528	0.658289028516	0.716288061866	0.682455292412	0.644755920735	0.665055582407	0.593523441276	0.562107298212	0.582890285162	0.581923634606	0.598356694055	0.670372160464	0.591590140164	0.683421942968	0.57177380377	0.654422426293
AA4	0.492025132914	0.0	0.945384243596	0.572257129048	0.562107298212	0.482841952634	0.596423392943	0.477042049299	0.499758337361	0.534557757371	0.550024166264	0.504108264862	0.471242145964	0.855002416626	0.391976800387	0.369743837603	0.531174480425	0.521507974867	0.887868535524	0.723537941034	0.658289028516	0.553407443209	0.582406959884	0.564523924601	0.872885451909	0.60657322378	0.532624456259	0.53939101015	0.579507008217	0.612373127115	0.621556307395	0.590623489609	0.500241662639	0.515708071532	0.659255679072	0.578540357661	0.54857419043	0.511358144031	0.520057999033	0.526341227646	0.466408893185	0.633156114065	0.602706621556	0.510874818753	0.566940550991	0.555340744321	0.64572257129	0.57177380377	0.616239729338	0.595456742388	0.584340260996	0.619623006283	0.513291445143	0.50700821653	0.520057999033	0.520057999033	0.501208313195	0.61333977767	0.508941517641	0.590140164331	0.523441275979	0.575157080715
AB3	0.933301111648	0.945384243596	0.0	0.661188980184	0.917834702755	0.952634122765	0.95601739971	0.944900918318	0.933784436926	0.945867568874	0.973417109715	0.936201063316	0.964717254712	0.344127597873	0.966650555824	0.946350894152	0.971967133881	0.966167230546	0.73610439826	0.753020782987	0.889801836636	0.908651522475	0.955534074432	0.948767520541	0.853552440793	0.895601739971	0.943450942484	0.935717738038	0.858385693572	0.836152730788	0.952634122765	0.952150797487	0.95601739971	0.960850652489	0.971483808603	0.964233929435	0.972933784437	0.954084098598	0.972450459159	0.973417109715	0.971967133881	0.930401159981	0.93281778637	0.950700821653	0.974867085549	0.970033832769	0.974383760271	0.969550507492	0.971000483325	0.971000483325	0.971000483325	0.973417109715	0.973900434993	0.972933784437	0.973900434993	0.973417109715	0.972933784437	0.970517158047	0.971967133881	0.971967133881	0.971483808603	0.972933784437
AB4	0.631706138231	0.572257129048	0.661188980184	0.0	0.641855969067	0.603189946834	0.677622039633	0.62735621073	0.614306428226	0.626872885452	0.64813919768	0.611889801837	0.494925084582	0.545674238763	0.614306428226	0.590140164331	0.639439342678	0.646205896568	0.729821169647	0.563073948768	0.65732237796	0.614789753504	0.654422426293	0.634122764621	0.78927017883	0.623006283229	0.647172547124	0.636056065732	0.546640889319	0.586273562107	0.691155147414	0.657805703238	0.637506041566	0.645239246013	0.730304494925	0.655872402127	0.653455775737	0.623006283229	0.628806186564	0.628806186564	0.62735621073	0.647172547124	0.640889318511	0.620106331561	0.688738521025	0.678105364911	0.708071532141	0.666988883519	0.693571773804	0.688255195747	0.677622039633	0.681971967134	0.634606089899	0.640889318511	0.657805703238	0.637506041566	0.644755920735	0.684388593523	0.639922667956	0.682455292412	0.654905751571	0.670372160464
AC3	0.668438859352	0.562107298212	0.917834702755	0.641855969067	0.0	0.505074915418	0.64572257129	0.563557274045	0.57177380377	0.598356694055	0.617206379894	0.331561140648	0.607056549058	0.831802803287	0.605123247946	0.605606573224	0.633156114065	0.614306428226	0.867085548574	0.748670855486	0.738037699372	0.667955534074	0.724021266312	0.693571773804	0.833736104398	0.685838569357	0.660705654906	0.676172063799	0.670372160464	0.696471725471	0.707588206863	0.681005316578	0.621556307395	0.641372643789	0.62493958434	0.568873852102	0.615273078782	0.593523441276	0.589656839053	0.563073948768	0.561140647656	0.666022232963	0.653455775737	0.585306911551	0.64572257129	0.638472692122	0.59497341711	0.582890285162	0.585790236829	0.577090381827	0.596423392943	0.588690188497	0.532141130981	0.56935717738	0.58095698405	0.554857419043	0.613823102948	0.577090381827	0.610439826003	0.589656839053	0.62493958434	0.586273562107
AC4	0.578057032383	0.482841952634	0.952634122765	0.603189946834	0.505074915418	0.0	0.630256162397	0.40744320928	0.401159980667	0.530691155147	0.337361043983	0.403093281779	0.494925084582	0.861285645239	0.565973900435	0.537457709038	0.494925084582	0.469308844853	0.924601256646	0.757370710488	0.591106814886	0.514258095698	0.51377477042	0.488641855969	0.895118414693	0.568873852102	0.490575157081	0.499275012083	0.514741420976	0.557274045433	0.576607056549	0.535041082649	0.459159014016	0.476075398743	0.654422426293	0.567423876269	0.463992266796	0.498791686805	0.432092798453	0.547607539874	0.476075398743	0.677622039633	0.652972450459	0.512808119865	0.521991300145	0.492025132914	0.649105848236	0.583856935718	0.605123247946	0.596423392943	0.579507008217	0.616239729338	0.511841469309	0.501691638473	0.537457709038	0.50700821653	0.541807636539	0.608023199613	0.535524407927	0.59497341711	0.478008699855	0.585790236829
AD3	0.677622039633	0.596423392943	0.95601739971	0.677622039633	0.64572257129	0.630256162397	0.0	0.538907684872	0.651522474625	0.362010633156	0.685838569357	0.599806669889	0.651039149348	0.869502174964	0.582406959884	0.641855969067	0.693088448526	0.68970517158	0.937167713871	0.77767037216	0.728854519091	0.699855002417	0.698405026583	0.690671822136	0.915901401643	0.681005316578	0.701788303528	0.69453842436	0.693571773804	0.691638472692	0.718704688255	0.695505074915	0.635572740454	0.660705654906	0.740454325761	0.663605606573	0.678105364911	0.544224262929	0.631222812953	0.587723537941	0.595940067666	0.5601739971	0.540840985984	0.551957467376	0.702754954084	0.688255195747	0.767520541324	0.707104881585	0.731271145481	0.725471242146	0.70130497825	0.73852102465	0.662638956017	0.672788786854	0.679555340744	0.653939101015	0.647172547124	0.733204446593	0.6389560174	0.727887868536	0.69453842436	0.714354760754
AD4	0.570323827936	0.477042049299	0.944900918318	0.62735621073	0.563557274045	0.40744320928	0.538907684872	0.0	0.325761237313	0.422426292895	0.439342677622	0.494441759304	0.503141614306	0.861768970517	0.559207346544	0.535041082649	0.482358627356	0.449492508458	0.936201063316	0.768003866602	0.590623489609	0.494441759304	0.493958434026	0.476558724021	0.90285161914	0.579023682939	0.444659255679	0.458675688739	0.488158530691	0.561623972934	0.546640889319	0.50700821653	0.410343160947	0.453842435959	0.661188980184	0.56935717738	0.438376027066	0.473658772354	0.434509424843	0.537941034316	0.463508941518	0.653939101015	0.617206379894	0.482841952634	0.50459159014	0.481875302078	0.669888835186	0.601256645723	0.632189463509	0.629289511841	0.602223296278	0.640889318511	0.521507974867	0.514741420976	0.536491058482	0.526824552924	0.535524407927	0.641855969067	0.532141130981	0.631706138231	0.498308361527	0.603189946834
AE3	0.55099081682	0.499758337361	0.933784436926	0.614306428226	0.57177380377	0.401159980667	0.651522474625	0.325761237313	0.0	0.526824552924	0.401643305945	0.507491541808	0.500724987917	0.851135814403	0.58337361044	0.538907684872	0.460125664572	0.431609473175	0.922667955534	0.761720637989	0.565007249879	0.474142097632	0.463508941518	0.456259062349	0.89125181247	0.565490575157	0.436926051232	0.447075882069	0.467375543741	0.551957467376	0.534557757371	0.494441759304	0.418076365394	0.467858869019	0.666022232963	0.593523441276	0.424359594007	0.510391493475	0.436926051232	0.588690188497	0.519091348478	0.68970517158	0.655872402127	0.524407926535	0.498791686805	0.473658772354	0.663122281295	0.596906718221	0.632189463509	0.625906234896	0.588206863219	0.632189463509	0.525857902368	0.511358144031	0.538424359594	0.52779120348	0.562107298212	0.635089415176	0.551474142098	0.616723054616	0.489125181247	0.596906718221
AE4	0.623972933784	0.534557757371	0.945867568874	0.626872885452	0.598356694055	0.530691155147	0.362010633156	0.422426292895	0.526824552924	0.0	0.593040115998	0.540357660706	0.573707104882	0.862252295795	0.554374093765	0.588206863219	0.600289995167	0.595456742388	0.937167713871	0.772353794103	0.667472208797	0.598356694055	0.605123247946	0.588690188497	0.908651522475	0.616723054616	0.598840019333	0.592073465442	0.588206863219	0.619623006283	0.652972450459	0.620589656839	0.538907684872	0.566940550991	0.699855002417	0.615273078782	0.586273562107	0.472692121798	0.537941034316	0.536007733204	0.510874818753	0.585790236829	0.558240695988	0.50459159014	0.614789753504	0.599806669889	0.718704688255	0.663122281295	0.684388593523	0.677622039633	0.663122281295	0.697921701305	0.609473175447	0.608023199613	0.624456259062	0.597873368777	0.596906718221	0.686805219913	0.597390043499	0.686321894635	0.596423392943	0.664572257129
AF3	0.595456742388	0.550024166264	0.973417109715	0.64813919768	0.617206379894	0.337361043983	0.685838569357	0.439342677622	0.401643305945	0.593040115998	0.0	0.511358144031	0.518124697922	0.885935234413	0.619623006283	0.578540357661	0.448525857902	0.44224262929	0.951667472209	0.786370227163	0.600289995167	0.527307878202	0.438376027066	0.418076365394	0.916384726921	0.598356694055	0.429676172064	0.494925084582	0.520057999033	0.58337361044	0.529241179314	0.510391493475	0.454809086515	0.499758337361	0.663122281295	0.603189946834	0.400193330111	0.537457709038	0.455292411793	0.606089898502	0.52779120348	0.718704688255	0.693088448526	0.549057515708	0.511358144031	0.486708554857	0.666505558241	0.603673272112	0.646689221846	0.62493958434	0.59255679072	0.631706138231	0.544224262929	0.514258095698	0.551474142098	0.529724504592	0.581440309328	0.630256162397	0.573707104882	0.620589656839	0.496858385694	0.602223296278
AF4	0.612373127115	0.504108264862	0.936201063316	0.611889801837	0.331561140648	0.403093281779	0.599806669889	0.494441759304	0.507491541808	0.540357660706	0.511358144031	0.0	0.545190913485	0.846785886902	0.552924117931	0.552440792653	0.584823586274	0.552924117931	0.893185113581	0.737554374094	0.68970517158	0.611889801837	0.653939101015	0.623006283229	0.855485741904	0.633156114065	0.59497341711	0.616239729338	0.628806186564	0.661188980184	0.654905751571	0.619623006283	0.556307394877	0.578057032383	0.633639439343	0.543257612373	0.57177380377	0.540840985984	0.528757854036	0.507491541808	0.512808119865	0.623006283229	0.607056549058	0.523924601257	0.595940067666	0.579023682939	0.617689705172	0.558724021266	0.588206863219	0.569840502658	0.565490575157	0.589656839053	0.509424842919	0.52779120348	0.552440792653	0.514741420976	0.553407443209	0.582406959884	0.54857419043	0.566457225713	0.556790720155	0.561140647656
AG3	0.566457225713	0.471242145964	0.964717254712	0.494925084582	0.607056549058	0.494925084582	0.651039149348	0.503141614306	0.500724987917	0.573707104882	0.518124697922	0.545190913485	0.0	0.849202513291	0.538907684872	0.528274528758	0.495891735138	0.488158530691	0.927984533591	0.757370710488	0.658289028516	0.558724021266	0.574673755437	0.554857419043	0.885451909135	0.608023199613	0.526824552924	0.535524407927	0.580473658772	0.618173030449	0.613823102948	0.571290478492	0.525857902368	0.512324794587	0.65973900435	0.599323344611	0.516674722088	0.542774287095	0.50700821653	0.567907201547	0.495891735138	0.677622039633	0.653455775737	0.52537457709	0.546640889319	0.53697438376	0.620106331561	0.570323827936	0.609956500725	0.61333977767	0.572740454326	0.59255679072	0.509424842919	0.505558240696	0.531657805703	0.52537457709	0.549057515708	0.604639922668	0.549540840986	0.596423392943	0.497825036249	0.57177380377
AG4	0.848235862736	0.855002416626	0.344127597873	0.545674238763	0.831802803287	0.861285645239	0.869502174964	0.861768970517	0.851135814403	0.862252295795	0.885935234413	0.846785886902	0.849202513291	0.0	0.878202029966	0.853069115515	0.89125181247	0.886901884969	0.71532141131	0.679072015466	0.810536491058	0.828902851619	0.874818753021	0.866602223296	0.825519574674	0.816336394393	0.862735621073	0.853069115515	0.78008699855	0.757854035766	0.881101981634	0.869985500242	0.874335427743	0.873368777187	0.897051715805	0.882068632189	0.889801836636	0.864185596907	0.883035282745	0.884001933301	0.884485258579	0.847752537458	0.848719188014	0.865152247463	0.895118414693	0.886901884969	0.885451909135	0.885451909135	0.885451909135	0.884968583857	0.888351860802	0.88883518608	0.89125181247	0.885451909135	0.892218463026	0.89125181247	0.885451909135	0.890285161914	0.885935234413	0.884968583857	0.892701788304	0.888351860802
AH3	0.65973900435	0.391976800387	0.966650555824	0.614306428226	0.605123247946	0.565973900435	0.582406959884	0.559207346544	0.58337361044	0.554374093765	0.619623006283	0.552924117931	0.538907684872	0.878202029966	0.0	0.52537457709	0.585790236829	0.596906718221	0.929434509425	0.775737071049	0.720154664089	0.635089415176	0.637989366844	0.639439342678	0.910101498308	0.686805219913	0.634122764621	0.626872885452	0.651522474625	0.686321894635	0.697438376027	0.656839052682	0.541324311261	0.581923634606	0.707588206863	0.627839536008	0.625422909618	0.534557757371	0.597873368777	0.548090865152	0.556307394877	0.590140164331	0.561140647656	0.551957467376	0.6389560174	0.630256162397	0.704204929918	0.623972933784	0.652972450459	0.651522474625	0.640405993233	0.66892218463	0.58337361044	0.587723537941	0.598356694055	0.600289995167	0.565973900435	0.665538907685	0.562107298212	0.637506041566	0.60657322378	0.623489608507
AH4	0.343160947318	0.369743837603	0.946350894152	0.590140164331	0.605606573224	0.537457709038	0.641855969067	0.535041082649	0.538907684872	0.588206863219	0.578540357661	0.552440792653	0.528274528758	0.853069115515	0.52537457709	0.0	0.540840985984	0.534074432093	0.872885451909	0.723054615756	0.653455775737	0.565490575157	0.580473658772	0.575640405993	0.853552440793	0.60657322378	0.556790720155	0.549057515708	0.572740454326	0.61333977767	0.599806669889	0.565973900435	0.546157564041	0.555824069599	0.696471725471	0.624456259062	0.583856935718	0.588690188497	0.54857419043	0.563073948768	0.539874335428	0.676172063799	0.648622522958	0.582406959884	0.597390043499	0.585306911551	0.652005799903	0.600289995167	0.647655872402	0.612856452392	0.588690188497	0.618656355727	0.527307878202	0.515224746254	0.52779120348	0.520057999033	0.516674722088	0.610439826003	0.515708071532	0.620106331561	0.551957467376	0.59497341711
AA7	0.56259062349	0.531174480425	0.971967133881	0.639439342678	0.633156114065	0.494925084582	0.693088448526	0.482358627356	0.460125664572	0.600289995167	0.448525857902	0.584823586274	0.495891735138	0.89125181247	0.585790236829	0.540840985984	0.0	0.310778153697	0.917351377477	0.774287095215	0.609956500725	0.506524891252	0.468342194297	0.458192363461	0.875785403577	0.577573707105	0.446109231513	0.465442242629	0.527307878202	0.583856935718	0.50459159014	0.427742870952	0.443209279845	0.501691638473	0.715804736588	0.652489125181	0.469308844853	0.555340744321	0.509908168197	0.603673272112	0.554857419043	0.71532141131	0.691155147414	0.580473658772	0.556307394877	0.537941034316	0.663605606573	0.614306428226	0.667955534074	0.647172547124	0.582890285162	0.622522957951	0.531174480425	0.52537457709	0.543740937651	0.537941034316	0.555340744321	0.623006283229	0.551474142098	0.65055582407	0.512324794587	0.604639922668
AA8	0.545190913485	0.521507974867	0.966167230546	0.646205896568	0.614306428226	0.469308844853	0.68970517158	0.449492508458	0.431609473175	0.595456742388	0.44224262929	0.552924117931	0.488158530691	0.886901884969	0.596906718221	0.534074432093	0.310778153697	0.0	0.91445142581	0.766553890768	0.582890285162	0.478492025133	0.47220879652	0.458192363461	0.862735621073	0.553407443209	0.436442725955	0.446109231513	0.501208313195	0.570807153214	0.481875302078	0.379410343161	0.421942967617	0.484775253746	0.70372160464	0.641855969067	0.461575640406	0.542290961817	0.48622522958	0.596423392943	0.535524407927	0.720154664089	0.693571773804	0.562107298212	0.534557757371	0.511358144031	0.654905751571	0.600289995167	0.654905751571	0.639922667956	0.579990333494	0.612856452392	0.522957950701	0.506524891252	0.538424359594	0.523924601257	0.549540840986	0.620589656839	0.53939101015	0.640889318511	0.490575157081	0.595940067666
AB7	0.861285645239	0.887868535524	0.73610439826	0.729821169647	0.867085548574	0.924601256646	0.937167713871	0.936201063316	0.922667955534	0.937167713871	0.951667472209	0.893185113581	0.927984533591	0.71532141131	0.929434509425	0.872885451909	0.917351377477	0.91445142581	0.0	0.413243112615	0.810053165781	0.840502658289	0.933301111648	0.9212179797	0.730304494925	0.816819719671	0.895601739971	0.87723537941	0.762687288545	0.708071532141	0.883035282745	0.88883518608	0.922667955534	0.927017883035	0.94441759304	0.933301111648	0.940550990817	0.917351377477	0.95360077332	0.93281778637	0.931851135814	0.874335427743	0.881101981634	0.912518124698	0.959884001933	0.950700821653	0.923151280812	0.921701304978	0.932334461092	0.929917834703	0.927501208313	0.918318028033	0.913968100532	0.915418076365	0.913968100532	0.906718221363	0.9212179797	0.912518124698	0.9212179797	0.922184630256	0.950217496375	0.922667955534
AB8	0.716288061866	0.723537941034	0.753020782987	0.563073948768	0.748670855486	0.757370710488	0.77767037216	0.768003866602	0.761720637989	0.772353794103	0.786370227163	0.737554374094	0.757370710488	0.679072015466	0.775737071049	0.723054615756	0.774287095215	0.766553890768	0.413243112615	0.0	0.652005799903	0.671822136298	0.763653939101	0.748187530208	0.741904301595	0.662155630739	0.727404543258	0.706138231029	0.565007249879	0.544224262929	0.73610439826	0.737554374094	0.7593040116	0.764620589657	0.806669888835	0.768970517158	0.772837119381	0.749637506042	0.782986950217	0.760753987434	0.75688738521	0.730304494925	0.72450459159	0.746737554374	0.797970033833	0.79168680522	0.807636539391	0.763170613823	0.787336877719	0.772837119381	0.781536974384	0.778637022716	0.768970517158	0.768970517158	0.76848719188	0.759787336878	0.761237312711	0.780570323828	0.765103914935	0.760753987434	0.783470275495	0.772837119381
AC7	0.602706621556	0.658289028516	0.889801836636	0.65732237796	0.738037699372	0.591106814886	0.728854519091	0.590623489609	0.565007249879	0.667472208797	0.600289995167	0.68970517158	0.658289028516	0.810536491058	0.720154664089	0.653455775737	0.609956500725	0.582890285162	0.810053165781	0.652005799903	0.0	0.369743837603	0.58095698405	0.565973900435	0.82165297245	0.568873852102	0.560657322378	0.519091348478	0.475592073465	0.485741904302	0.575157080715	0.563557274045	0.573223779604	0.601256645723	0.809086515225	0.74528757854	0.628322861286	0.635089415176	0.614306428226	0.716771387144	0.676172063799	0.726437892702	0.705171580474	0.640405993233	0.642339294345	0.619623006283	0.823102948284	0.76848719188	0.795070082165	0.796036732721	0.744804253262	0.782986950217	0.692605123248	0.676655389077	0.699371677139	0.689221846303	0.687771870469	0.787820202997	0.676172063799	0.786370227163	0.623006283229	0.756404059932
AC8	0.556307394877	0.553407443209	0.908651522475	0.614789753504	0.667955534074	0.514258095698	0.699855002417	0.494441759304	0.474142097632	0.598356694055	0.527307878202	0.611889801837	0.558724021266	0.828902851619	0.635089415176	0.565490575157	0.506524891252	0.478492025133	0.840502658289	0.671822136298	0.369743837603	0.0	0.490091831803	0.471725471242	0.833736104398	0.528757854036	0.404543257612	0.370710488159	0.429676172064	0.479942000967	0.526824552924	0.494925084582	0.473658772354	0.511358144031	0.720637989367	0.656839052682	0.534074432093	0.564040599323	0.536007733204	0.632672788787	0.582406959884	0.676172063799	0.648622522958	0.559690671822	0.56259062349	0.53697438376	0.728854519091	0.667955534074	0.709521507975	0.708071532141	0.646205896568	0.687771870469	0.599323344611	0.580473658772	0.602706621556	0.599323344611	0.588206863219	0.69212179797	0.581440309328	0.696471725471	0.536491058482	0.656355727405
AD7	0.580473658772	0.582406959884	0.955534074432	0.654422426293	0.724021266312	0.51377477042	0.698405026583	0.493958434026	0.463508941518	0.605123247946	0.438376027066	0.653939101015	0.574673755437	0.874818753021	0.637989366844	0.580473658772	0.468342194297	0.47220879652	0.933301111648	0.763653939101	0.58095698405	0.490091831803	0.0	0.297245045916	0.897051715805	0.500241662639	0.408409859836	0.449975833736	0.482841952634	0.551957467376	0.508941517641	0.479458675689	0.466892218463	0.532141130981	0.73852102465	0.664088931851	0.486708554857	0.573707104882	0.543257612373	0.641855969067	0.598840019333	0.717254712421	0.68970517158	0.589173513775	0.564523924601	0.545674238763	0.746737554374	0.678105364911	0.729821169647	0.725471242146	0.667472208797	0.699855002417	0.614789753504	0.596906718221	0.61575640406	0.619623006283	0.598840019333	0.708071532141	0.597873368777	0.714354760754	0.556790720155	0.675205413243
AD8	0.563557274045	0.564523924601	0.948767520541	0.634122764621	0.693571773804	0.488641855969	0.690671822136	0.476558724021	0.456259062349	0.588690188497	0.418076365394	0.623006283229	0.554857419043	0.866602223296	0.639439342678	0.575640405993	0.458192363461	0.458192363461	0.9212179797	0.748187530208	0.565973900435	0.471725471242	0.297245045916	0.0	0.855485741904	0.466892218463	0.38666022233	0.438376027066	0.466892218463	0.526824552924	0.485258579024	0.471242145964	0.472692121798	0.529724504592	0.726437892702	0.653939101015	0.47220879652	0.561140647656	0.522474625423	0.621072982117	0.572740454326	0.718704688255	0.68970517158	0.568390526825	0.565490575157	0.543740937651	0.73368777187	0.663122281295	0.712421459642	0.699371677139	0.650072498792	0.685355244079	0.602706621556	0.579507008217	0.598356694055	0.601739971	0.587240212663	0.691638472692	0.58337361044	0.690671822136	0.538907684872	0.659255679072
AE7	0.823586273562	0.872885451909	0.853552440793	0.78927017883	0.833736104398	0.895118414693	0.915901401643	0.90285161914	0.89125181247	0.908651522475	0.916384726921	0.855485741904	0.885451909135	0.825519574674	0.910101498308	0.853552440793	0.875785403577	0.862735621073	0.730304494925	0.741904301595	0.82165297245	0.833736104398	0.897051715805	0.855485741904	0.0	0.563073948768	0.873368777187	0.855969067182	0.771870468826	0.76848719188	0.838086031899	0.842919284679	0.901401643306	0.903818269696	0.927984533591	0.911551474142	0.920251329145	0.896568390527	0.924601256646	0.88883518608	0.898501691638	0.871435476075	0.882551957467	0.887385210246	0.940550990817	0.931851135814	0.89125181247	0.898501691638	0.913484775254	0.899951667472	0.90285161914	0.896085065249	0.892218463026	0.88883518608	0.899468342194	0.888351860802	0.905751570807	0.88883518608	0.903334944418	0.898018366361	0.917834702755	0.902368293862
AE8	0.565490575157	0.60657322378	0.895601739971	0.623006283229	0.685838569357	0.568873852102	0.681005316578	0.579023682939	0.565490575157	0.616723054616	0.598356694055	0.633156114065	0.608023199613	0.816336394393	0.686805219913	0.60657322378	0.577573707105	0.553407443209	0.816819719671	0.662155630739	0.568873852102	0.528757854036	0.500241662639	0.466892218463	0.563073948768	0.0	0.549057515708	0.53020782987	0.494925084582	0.503141614306	0.545190913485	0.535524407927	0.58095698405	0.586273562107	0.758820686322	0.691155147414	0.601256645723	0.587723537941	0.60415659739	0.644755920735	0.618656355727	0.695021749638	0.681005316578	0.605123247946	0.630739487675	0.62493958434	0.750604156597	0.684871918801	0.741904301595	0.717738037699	0.679072015466	0.718704688255	0.651039149348	0.629772837119	0.649589173514	0.635572740454	0.646205896568	0.718221362977	0.652972450459	0.706621556307	0.608023199613	0.68970517158
AF7	0.556790720155	0.532624456259	0.943450942484	0.647172547124	0.660705654906	0.490575157081	0.701788303528	0.444659255679	0.436926051232	0.598840019333	0.429676172064	0.59497341711	0.526824552924	0.862735621073	0.634122764621	0.556790720155	0.446109231513	0.436442725955	0.895601739971	0.727404543258	0.560657322378	0.404543257612	0.408409859836	0.38666022233	0.873368777187	0.549057515708	0.0	0.333011116481	0.46979217013	0.524407926535	0.486708554857	0.476558724021	0.434992750121	0.483325277912	0.689221846303	0.625906234896	0.44224262929	0.538424359594	0.497825036249	0.609473175447	0.540357660706	0.703238279362	0.675205413243	0.538424359594	0.528757854036	0.50459159014	0.678588690188	0.620106331561	0.675688738521	0.671822136298	0.604639922668	0.639439342678	0.566940550991	0.535524407927	0.559690671822	0.563557274045	0.558724021266	0.645239246013	0.557274045433	0.655389076849	0.497825036249	0.607539874335
AF8	0.540840985984	0.53939101015	0.935717738038	0.636056065732	0.676172063799	0.499275012083	0.69453842436	0.458675688739	0.447075882069	0.592073465442	0.494925084582	0.616239729338	0.535524407927	0.853069115515	0.626872885452	0.549057515708	0.465442242629	0.446109231513	0.87723537941	0.706138231029	0.519091348478	0.370710488159	0.449975833736	0.438376027066	0.855969067182	0.53020782987	0.333011116481	0.0	0.448525857902	0.504108264862	0.514258095698	0.467858869019	0.43064282262	0.493958434026	0.714354760754	0.646689221846	0.496375060416	0.546640889319	0.519091348478	0.601739971	0.554374093765	0.688738521025	0.658772353794	0.551474142098	0.553890768487	0.53020782987	0.695021749638	0.637989366844	0.686805219913	0.683421942968	0.629289511841	0.65732237796	0.569840502658	0.553890768487	0.577573707105	0.573223779604	0.55775737071	0.660705654906	0.550507491542	0.673272112131	0.507491541808	0.633156114065
AG7	0.564040599323	0.579507008217	0.858385693572	0.546640889319	0.670372160464	0.514741420976	0.693571773804	0.488158530691	0.467375543741	0.588206863219	0.520057999033	0.628806186564	0.580473658772	0.78008699855	0.651522474625	0.572740454326	0.527307878202	0.501208313195	0.762687288545	0.565007249879	0.475592073465	0.429676172064	0.482841952634	0.466892218463	0.771870468826	0.494925084582	0.46979217013	0.448525857902	0.0	0.324794586757	0.535041082649	0.506524891252	0.493475108748	0.539874335428	0.74528757854	0.672305461576	0.529241179314	0.5601739971	0.545190913485	0.635572740454	0.589173513775	0.665055582407	0.642339294345	0.561140647656	0.588690188497	0.579507008217	0.746737554374	0.676655389077	0.720637989367	0.714838086032	0.664088931851	0.70130497825	0.620589656839	0.599323344611	0.626872885452	0.609473175447	0.618656355727	0.706621556307	0.617206379894	0.699371677139	0.568390526825	0.673755437409
AG8	0.579507008217	0.612373127115	0.836152730788	0.586273562107	0.696471725471	0.557274045433	0.691638472692	0.561623972934	0.551957467376	0.619623006283	0.58337361044	0.661188980184	0.618173030449	0.757854035766	0.686321894635	0.61333977767	0.583856935718	0.570807153214	0.708071532141	0.544224262929	0.485741904302	0.479942000967	0.551957467376	0.526824552924	0.76848719188	0.503141614306	0.524407926535	0.504108264862	0.324794586757	0.0	0.571290478492	0.556790720155	0.567423876269	0.588690188497	0.774770420493	0.700338327695	0.585306911551	0.587240212663	0.595456742388	0.664088931851	0.623006283229	0.687771870469	0.669405509908	0.597873368777	0.631222812953	0.621072982117	0.78008699855	0.704688255196	0.754470758821	0.749637506042	0.696955050749	0.732721121315	0.658772353794	0.647172547124	0.664572257129	0.652489125181	0.663122281295	0.740937651039	0.661188980184	0.734171097148	0.608989850169	0.70372160464
AH7	0.576123731271	0.621556307395	0.952634122765	0.691155147414	0.707588206863	0.576607056549	0.718704688255	0.546640889319	0.534557757371	0.652972450459	0.529241179314	0.654905751571	0.613823102948	0.881101981634	0.697438376027	0.599806669889	0.50459159014	0.481875302078	0.883035282745	0.73610439826	0.575157080715	0.526824552924	0.508941517641	0.485258579024	0.838086031899	0.545190913485	0.486708554857	0.514258095698	0.535041082649	0.571290478492	0.0	0.333011116481	0.563073948768	0.606089898502	0.778637022716	0.722087965201	0.539874335428	0.635089415176	0.610439826003	0.665538907685	0.637989366844	0.763170613823	0.750120831319	0.642339294345	0.640889318511	0.623489608507	0.761720637989	0.719188013533	0.751087481875	0.746737554374	0.696471725471	0.724987916868	0.634122764621	0.622522957951	0.641372643789	0.637506041566	0.637989366844	0.731754470759	0.626872885452	0.728371193813	0.611406476559	0.705171580474
AH8	0.55099081682	0.590623489609	0.952150797487	0.657805703238	0.681005316578	0.535041082649	0.695505074915	0.50700821653	0.494441759304	0.620589656839	0.510391493475	0.619623006283	0.571290478492	0.869985500242	0.656839052682	0.565973900435	0.427742870952	0.379410343161	0.88883518608	0.737554374094	0.563557274045	0.494925084582	0.479458675689	0.471242145964	0.842919284679	0.535524407927	0.476558724021	0.467858869019	0.506524891252	0.556790720155	0.333011116481	0.0	0.505074915418	0.553407443209	0.752537457709	0.685838569357	0.517158047366	0.593040115998	0.564523924601	0.628322861286	0.597390043499	0.728854519091	0.710004833253	0.606089898502	0.586756887385	0.566457225713	0.719671338811	0.670855485742	0.716771387144	0.703238279362	0.647172547124	0.675688738521	0.593523441276	0.578057032383	0.599323344611	0.597390043499	0.597873368777	0.681005316578	0.58095698405	0.695021749638	0.565490575157	0.660705654906
AA5	0.56935717738	0.500241662639	0.95601739971	0.637506041566	0.621556307395	0.459159014016	0.635572740454	0.410343160947	0.418076365394	0.538907684872	0.454809086515	0.556307394877	0.525857902368	0.874335427743	0.541324311261	0.546157564041	0.443209279845	0.421942967617	0.922667955534	0.7593040116	0.573223779604	0.473658772354	0.466892218463	0.472692121798	0.901401643306	0.58095698405	0.434992750121	0.43064282262	0.493475108748	0.567423876269	0.563073948768	0.505074915418	0.0	0.358144030933	0.688255195747	0.59255679072	0.463508941518	0.454809086515	0.469308844853	0.54857419043	0.49299178347	0.618656355727	0.591106814886	0.474142097632	0.528274528758	0.485258579024	0.713871435476	0.647172547124	0.675688738521	0.666988883519	0.64572257129	0.682455292412	0.548090865152	0.560657322378	0.588690188497	0.572740454326	0.542774287095	0.681005316578	0.555340744321	0.661188980184	0.517641372644	0.641372643789
AA6	0.584340260996	0.515708071532	0.960850652489	0.645239246013	0.641372643789	0.476075398743	0.660705654906	0.453842435959	0.467858869019	0.566940550991	0.499758337361	0.578057032383	0.512324794587	0.873368777187	0.581923634606	0.555824069599	0.501691638473	0.484775253746	0.927017883035	0.764620589657	0.601256645723	0.511358144031	0.532141130981	0.529724504592	0.903818269696	0.586273562107	0.483325277912	0.493958434026	0.539874335428	0.588690188497	0.606089898502	0.553407443209	0.358144030933	0.0	0.675688738521	0.588206863219	0.506041565974	0.48622522958	0.47220879652	0.582406959884	0.502658289029	0.660222329628	0.626389560174	0.506524891252	0.453842435959	0.426292895118	0.69212179797	0.637506041566	0.660222329628	0.656355727405	0.623972933784	0.660222329628	0.544707588207	0.543740937651	0.572740454326	0.556790720155	0.552924117931	0.65732237796	0.561140647656	0.649589173514	0.522474625423	0.623972933784
AB5	0.755437409377	0.659255679072	0.971483808603	0.730304494925	0.62493958434	0.654422426293	0.740454325761	0.661188980184	0.666022232963	0.699855002417	0.663122281295	0.633639439343	0.65973900435	0.897051715805	0.707588206863	0.696471725471	0.715804736588	0.70372160464	0.94441759304	0.806669888835	0.809086515225	0.720637989367	0.73852102465	0.726437892702	0.927984533591	0.758820686322	0.689221846303	0.714354760754	0.74528757854	0.774770420493	0.778637022716	0.752537457709	0.688255195747	0.675688738521	0.0	0.320444659256	0.604639922668	0.669405509908	0.629289511841	0.627839536008	0.608023199613	0.740454325761	0.722087965201	0.645239246013	0.616239729338	0.607056549058	0.621072982117	0.610923151281	0.630739487675	0.602706621556	0.620589656839	0.608506524891	0.608506524891	0.605123247946	0.609473175447	0.614306428226	0.658772353794	0.595940067666	0.655872402127	0.606089898502	0.670372160464	0.61333977767
AB6	0.688738521025	0.578540357661	0.964233929435	0.655872402127	0.568873852102	0.567423876269	0.663605606573	0.56935717738	0.593523441276	0.615273078782	0.603189946834	0.543257612373	0.599323344611	0.882068632189	0.627839536008	0.624456259062	0.652489125181	0.641855969067	0.933301111648	0.768970517158	0.74528757854	0.656839052682	0.664088931851	0.653939101015	0.911551474142	0.691155147414	0.625906234896	0.646689221846	0.672305461576	0.700338327695	0.722087965201	0.685838569357	0.59255679072	0.588206863219	0.320444659256	0.0	0.553407443209	0.575157080715	0.565007249879	0.551957467376	0.529241179314	0.656839052682	0.633156114065	0.532624456259	0.552440792653	0.541324311261	0.60657322378	0.549540840986	0.579507008217	0.565007249879	0.570323827936	0.578540357661	0.53020782987	0.558724021266	0.565490575157	0.555824069599	0.587723537941	0.573223779604	0.590140164331	0.56935717738	0.616239729338	0.554374093765
AC5	0.587240212663	0.54857419043	0.972933784437	0.653455775737	0.615273078782	0.463992266796	0.678105364911	0.438376027066	0.424359594007	0.586273562107	0.400193330111	0.57177380377	0.516674722088	0.889801836636	0.625422909618	0.583856935718	0.469308844853	0.461575640406	0.940550990817	0.772837119381	0.628322861286	0.534074432093	0.486708554857	0.47220879652	0.920251329145	0.601256645723	0.44224262929	0.496375060416	0.529241179314	0.585306911551	0.539874335428	0.517158047366	0.463508941518	0.506041565974	0.604639922668	0.553407443209	0.0	0.438859352344	0.446109231513	0.571290478492	0.502658289029	0.704688255196	0.661188980184	0.538424359594	0.476075398743	0.453842435959	0.614306428226	0.561140647656	0.610923151281	0.590140164331	0.552924117931	0.58337361044	0.509424842919	0.478975350411	0.50459159014	0.506524891252	0.570323827936	0.582890285162	0.570323827936	0.58095698405	0.508458192363	0.556790720155
AC6	0.612373127115	0.511358144031	0.954084098598	0.623006283229	0.593523441276	0.498791686805	0.544224262929	0.473658772354	0.510391493475	0.472692121798	0.537457709038	0.540840985984	0.542774287095	0.864185596907	0.534557757371	0.588690188497	0.555340744321	0.542290961817	0.917351377477	0.749637506042	0.635089415176	0.564040599323	0.573707104882	0.561140647656	0.896568390527	0.587723537941	0.538424359594	0.546640889319	0.5601739971	0.587240212663	0.635089415176	0.593040115998	0.454809086515	0.48622522958	0.669405509908	0.575157080715	0.438859352344	0.0	0.50459159014	0.508941517641	0.492025132914	0.491058482359	0.448525857902	0.420492991783	0.560657322378	0.53939101015	0.696471725471	0.635089415176	0.65732237796	0.640889318511	0.623006283229	0.663605606573	0.581923634606	0.584340260996	0.597390043499	0.575640405993	0.568873852102	0.65732237796	0.575157080715	0.632189463509	0.553890768487	0.630256162397
AD6	0.579507008217	0.520057999033	0.972450459159	0.628806186564	0.589656839053	0.432092798453	0.631222812953	0.434509424843	0.436926051232	0.537941034316	0.455292411793	0.528757854036	0.50700821653	0.883035282745	0.597873368777	0.54857419043	0.509908168197	0.48622522958	0.95360077332	0.782986950217	0.614306428226	0.536007733204	0.543257612373	0.522474625423	0.924601256646	0.60415659739	0.497825036249	0.519091348478	0.545190913485	0.595456742388	0.610439826003	0.564523924601	0.469308844853	0.47220879652	0.629289511841	0.565007249879	0.446109231513	0.50459159014	0.0	0.531174480425	0.412759787337	0.694055099082	0.661188980184	0.526341227646	0.479458675689	0.456259062349	0.628322861286	0.563557274045	0.599323344611	0.576607056549	0.565490575157	0.595940067666	0.486708554857	0.473658772354	0.502658289029	0.481875302078	0.543740937651	0.599323344611	0.538907684872	0.585790236829	0.474142097632	0.56259062349
AE5	0.633639439343	0.526341227646	0.973417109715	0.628806186564	0.563073948768	0.547607539874	0.587723537941	0.537941034316	0.588690188497	0.536007733204	0.606089898502	0.507491541808	0.567907201547	0.884001933301	0.548090865152	0.563073948768	0.603673272112	0.596423392943	0.93281778637	0.760753987434	0.716771387144	0.632672788787	0.641855969067	0.621072982117	0.88883518608	0.644755920735	0.609473175447	0.601739971	0.635572740454	0.664088931851	0.665538907685	0.628322861286	0.54857419043	0.582406959884	0.627839536008	0.551957467376	0.571290478492	0.508941517641	0.531174480425	0.0	0.344127597873	0.600773320445	0.575157080715	0.493958434026	0.617689705172	0.609956500725	0.655389076849	0.601739971	0.620589656839	0.612373127115	0.619139681005	0.635089415176	0.531174480425	0.563073948768	0.582406959884	0.545190913485	0.534557757371	0.634122764621	0.540357660706	0.61333977767	0.573223779604	0.612856452392
AE6	0.596423392943	0.466408893185	0.971967133881	0.62735621073	0.561140647656	0.476075398743	0.595940067666	0.463508941518	0.519091348478	0.510874818753	0.52779120348	0.512808119865	0.495891735138	0.884485258579	0.556307394877	0.539874335428	0.554857419043	0.535524407927	0.931851135814	0.75688738521	0.676172063799	0.582406959884	0.598840019333	0.572740454326	0.898501691638	0.618656355727	0.540357660706	0.554374093765	0.589173513775	0.623006283229	0.637989366844	0.597390043499	0.49299178347	0.502658289029	0.608023199613	0.529241179314	0.502658289029	0.492025132914	0.412759787337	0.344127597873	0.0	0.640405993233	0.611406476559	0.47220879652	0.541807636539	0.532624456259	0.62735621073	0.568390526825	0.587723537941	0.584823586274	0.574673755437	0.606089898502	0.493958434026	0.49540840986	0.516674722088	0.494925084582	0.519574673755	0.605606573224	0.526341227646	0.584340260996	0.501691638473	0.570323827936
AF5	0.720637989367	0.633156114065	0.930401159981	0.647172547124	0.666022232963	0.677622039633	0.5601739971	0.653939101015	0.68970517158	0.585790236829	0.718704688255	0.623006283229	0.677622039633	0.847752537458	0.590140164331	0.676172063799	0.71532141131	0.720154664089	0.874335427743	0.730304494925	0.726437892702	0.676172063799	0.717254712421	0.718704688255	0.871435476075	0.695021749638	0.703238279362	0.688738521025	0.665055582407	0.687771870469	0.763170613823	0.728854519091	0.618656355727	0.660222329628	0.740454325761	0.656839052682	0.704688255196	0.491058482359	0.694055099082	0.600773320445	0.640405993233	0.0	0.266795553407	0.534557757371	0.721121314645	0.707104881585	0.765587240213	0.713871435476	0.736587723538	0.714354760754	0.726437892702	0.74528757854	0.687771870469	0.719671338811	0.722571290478	0.70372160464	0.66892218463	0.739971000483	0.670855485742	0.707588206863	0.710488158531	0.721121314645
AF6	0.70130497825	0.602706621556	0.93281778637	0.640889318511	0.653455775737	0.652972450459	0.540840985984	0.617206379894	0.655872402127	0.558240695988	0.693088448526	0.607056549058	0.653455775737	0.848719188014	0.561140647656	0.648622522958	0.691155147414	0.693571773804	0.881101981634	0.72450459159	0.705171580474	0.648622522958	0.68970517158	0.68970517158	0.882551957467	0.681005316578	0.675205413243	0.658772353794	0.642339294345	0.669405509908	0.750120831319	0.710004833253	0.591106814886	0.626389560174	0.722087965201	0.633156114065	0.661188980184	0.448525857902	0.661188980184	0.575157080715	0.611406476559	0.266795553407	0.0	0.507974867086	0.693571773804	0.675688738521	0.747220879652	0.695505074915	0.715804736588	0.699855002417	0.699371677139	0.727404543258	0.661672305462	0.685838569357	0.692605123248	0.675688738521	0.637506041566	0.723537941034	0.637989366844	0.694055099082	0.683905268246	0.693088448526
