	AA3	AA4	AB3	AB4	AC3	AC4	AD3	AD4	AE3	AE4	AF3	AF4	AG3	AG4	AH3	AH4	AA7	AA8	AB7	AB8	AC7	AC8	AD7	AD8	AE7	AE8	AF7	AF8	AG7	AG8	AH7	AH8	AA5	AA6	AB5	AB6	AC5	AC6	AD6	AE5	AE6	AF5	AF6	AG5	AH5	AH6	AA1	AA2	AB1	AB2	AC1	AC2	AD1	AD2	AE1	AE2	AF1	AF2	AG1	AG2	AH1	AH2
AA3	0.0	0.484775253746	0.931367810536	0.629289511841	0.656839052682	0.574673755437	0.664088931851	0.579023682939	0.576123731271	0.605606573224	0.605606573224	0.601739971	0.579507008217	0.838569357177	0.664572257129	0.344610923151	0.566457225713	0.55099081682	0.861768970517	0.706621556307	0.619139681005	0.561623972934	0.592073465442	0.582890285162	0.82648622523	0.584340260996	0.5601739971	0.56935717738	0.58337361044	0.581440309328	0.59255679072	0.56259062349	0.582406959884	0.597873368777	0.728854519091	0.690671822136	0.604639922668	0.618656355727	0.598356694055	0.626872885452	0.597873368777	0.698888351861	0.69212179797	0.605606573224	0.63653939101	0.609956500725	0.66892218463	0.647655872402	0.713388110198	0.663122281295	0.64572257129	0.664088931851	0.569840502658	0.565973900435	0.566940550991	0.559690671822	0.580473658772	0.649589173514	0.60657322378	0.666505558241	0.578057032383	0.634606089899
AA4	0.484775253746	0.0	0.943934267762	0.573707104882	0.559690671822	0.476558724021	0.575157080715	0.459159014016	0.484775253746	0.493475108748	0.533591106815	0.497341710971	0.460125664572	0.84726921218	0.397776703722	0.354760753987	0.517158047366	0.529724504592	0.898018366361	0.719188013533	0.655872402127	0.555824069599	0.564523924601	0.575157080715	0.878685355244	0.615273078782	0.522474625423	0.54857419043	0.591106814886	0.601256645723	0.624456259062	0.575640405993	0.481875302078	0.500241662639	0.648622522958	0.590623489609	0.550024166264	0.489608506525	0.522957950701	0.545190913485	0.475592073465	0.625906234896	0.603673272112	0.476075398743	0.567423876269	0.556307394877	0.640889318511	0.573223779604	0.622039632673	0.597873368777	0.596423392943	0.62493958434	0.522957950701	0.501208313195	0.5186080232	0.517158047366	0.499275012083	0.611406476559	0.532624456259	0.595940067666	0.514258095698	0.570323827936
AB3	0.931367810536	0.943934267762	0.0	0.676655389077	0.915901401643	0.953117448043	0.952634122765	0.937167713871	0.928467858869	0.941034316095	0.971000483325	0.928467858869	0.964717254712	0.344127597873	0.9584340261	0.943450942484	0.968583856936	0.967133881102	0.7593040116	0.769453842436	0.886901884969	0.907201546641	0.955050749154	0.949250845819	0.852102464959	0.895118414693	0.939101014983	0.936684388594	0.845819236346	0.841469308845	0.951184146931	0.951184146931	0.95360077332	0.958917351377	0.971967133881	0.96520057999	0.974383760271	0.952634122765	0.971483808603	0.972450459159	0.969550507492	0.933301111648	0.93523441276	0.940067665539	0.975833736104	0.970517158047	0.971967133881	0.971483808603	0.968583856936	0.971967133881	0.971000483325	0.970517158047	0.973900434993	0.973900434993	0.975350410826	0.970517158047	0.970517158047	0.972450459159	0.971000483325	0.972933784437	0.973900434993	0.970033832769
AB4	0.629289511841	0.573707104882	0.676655389077	0.0	0.651522474625	0.603189946834	0.681005316578	0.599806669889	0.60415659739	0.610439826003	0.625422909618	0.599323344611	0.474142097632	0.560657322378	0.603673272112	0.602223296278	0.62735621073	0.633639439343	0.750120831319	0.577090381827	0.652005799903	0.612856452392	0.649105848236	0.639922667956	0.796520057999	0.634606089899	0.640889318511	0.630256162397	0.545674238763	0.576123731271	0.688738521025	0.644272595457	0.630739487675	0.641372643789	0.719188013533	0.663605606573	0.644272595457	0.636056065732	0.621556307395	0.637506041566	0.616723054616	0.662155630739	0.653939101015	0.610923151281	0.673272112131	0.667955534074	0.68970517158	0.644272595457	0.693571773804	0.670855485742	0.666505558241	0.674238762687	0.622039632673	0.630256162397	0.639439342678	0.621556307395	0.632189463509	0.674238762687	0.629289511841	0.676172063799	0.634122764621	0.64813919768
AC3	0.656839052682	0.559690671822	0.915901401643	0.651522474625	0.0	0.487675205413	0.648622522958	0.547124214596	0.555824069599	0.586273562107	0.611406476559	0.318994683422	0.608023199613	0.836636056066	0.622039632673	0.612856452392	0.612856452392	0.637022716288	0.875785403577	0.754470758821	0.744804253262	0.676655389077	0.721121314645	0.712421459642	0.836152730788	0.692605123248	0.65973900435	0.688255195747	0.683905268246	0.696471725471	0.711454809087	0.674722087965	0.620106331561	0.647655872402	0.603673272112	0.583856935718	0.621556307395	0.584340260996	0.587723537941	0.565973900435	0.559207346544	0.665538907685	0.658772353794	0.572740454326	0.64813919768	0.634122764621	0.578540357661	0.585306911551	0.579507008217	0.56259062349	0.589656839053	0.578057032383	0.536491058482	0.555824069599	0.570323827936	0.56259062349	0.621072982117	0.570807153214	0.620106331561	0.589656839053	0.625422909618	0.57177380377
AC4	0.574673755437	0.476558724021	0.953117448043	0.603189946834	0.487675205413	0.0	0.605606573224	0.395360077332	0.415176413726	0.502174963751	0.335911068149	0.39584340261	0.502658289029	0.864668922185	0.574673755437	0.521024649589	0.452392460126	0.464958917351	0.91445142581	0.731754470759	0.593523441276	0.529241179314	0.520057999033	0.512324794587	0.877718704688	0.577573707105	0.483325277912	0.509424842919	0.522474625423	0.556790720155	0.566457225713	0.514741420976	0.453842435959	0.475108748188	0.628322861286	0.566457225713	0.471242145964	0.505074915418	0.434509424843	0.541807636539	0.460125664572	0.674722087965	0.656355727405	0.500241662639	0.532624456259	0.498791686805	0.63653939101	0.577573707105	0.602706621556	0.582890285162	0.584823586274	0.616239729338	0.496858385694	0.505558240696	0.52537457709	0.501691638473	0.536007733204	0.60657322378	0.563557274045	0.591590140164	0.466408893185	0.575157080715
AD3	0.664088931851	0.575157080715	0.952634122765	0.681005316578	0.648622522958	0.605606573224	0.0	0.528274528758	0.625906234896	0.358627356211	0.663605606573	0.600289995167	0.624456259062	0.864668922185	0.576123731271	0.611889801837	0.6805219913	0.677138714355	0.947317544708	0.764620589657	0.711454809087	0.681488641856	0.685355244079	0.681005316578	0.919284678589	0.685355244079	0.685838569357	0.6805219913	0.679072015466	0.674238762687	0.707104881585	0.677622039633	0.624456259062	0.645239246013	0.734171097148	0.668438859352	0.671822136298	0.535041082649	0.628806186564	0.576607056549	0.574673755437	0.553890768487	0.544224262929	0.534074432093	0.692605123248	0.685355244079	0.754470758821	0.706138231029	0.738037699372	0.724021266312	0.708554857419	0.741420976317	0.661188980184	0.655872402127	0.673272112131	0.656355727405	0.632672788787	0.728371193813	0.657805703238	0.722087965201	0.681488641856	0.714354760754
AD4	0.579023682939	0.459159014016	0.937167713871	0.599806669889	0.547124214596	0.395360077332	0.528274528758	0.0	0.303044949251	0.407926534558	0.417593040116	0.472692121798	0.511358144031	0.850652489125	0.560657322378	0.509908168197	0.453842435959	0.461575640406	0.930401159981	0.74528757854	0.582406959884	0.510391493475	0.492025132914	0.488641855969	0.892701788304	0.594490091832	0.448042532624	0.465442242629	0.502174963751	0.550024166264	0.542774287095	0.49540840986	0.407926534558	0.453842435959	0.637989366844	0.566457225713	0.441275978734	0.47462542291	0.431609473175	0.5601739971	0.456259062349	0.652005799903	0.629772837119	0.479458675689	0.507491541808	0.4813919768	0.65055582407	0.589656839053	0.617689705172	0.601256645723	0.597390043499	0.624456259062	0.507491541808	0.503624939584	0.5186080232	0.512808119865	0.518124697922	0.622039632673	0.555824069599	0.609473175447	0.486708554857	0.583856935718
AE3	0.576123731271	0.484775253746	0.928467858869	0.60415659739	0.555824069599	0.415176413726	0.625906234896	0.303044949251	0.0	0.503141614306	0.397776703722	0.492025132914	0.514741420976	0.845335911068	0.575157080715	0.543257612373	0.445625906235	0.455775737071	0.929434509425	0.746737554374	0.561623972934	0.493475108748	0.471725471242	0.477525374577	0.890285161914	0.594490091832	0.434026099565	0.461575640406	0.499758337361	0.550024166264	0.543257612373	0.497341710971	0.403093281779	0.462058965684	0.644272595457	0.589656839053	0.43064282262	0.51377477042	0.437892701788	0.61575640406	0.506041565974	0.694055099082	0.665055582407	0.51619139681	0.496375060416	0.471725471242	0.653939101015	0.585306911551	0.625422909618	0.603673272112	0.59497341711	0.634122764621	0.512808119865	0.509424842919	0.528274528758	0.522957950701	0.542774287095	0.625422909618	0.577573707105	0.608989850169	0.488158530691	0.582406959884
AE4	0.605606573224	0.493475108748	0.941034316095	0.610439826003	0.586273562107	0.502174963751	0.358627356211	0.407926534558	0.503141614306	0.0	0.565973900435	0.53020782987	0.56259062349	0.850169163847	0.543740937651	0.536491058482	0.579023682939	0.573707104882	0.930884485259	0.74528757854	0.639922667956	0.571290478492	0.581923634606	0.578540357661	0.898501691638	0.616723054616	0.572740454326	0.56935717738	0.574190430159	0.596906718221	0.618173030449	0.582890285162	0.52537457709	0.550507491542	0.684388593523	0.61333977767	0.563073948768	0.461575640406	0.531174480425	0.525857902368	0.509424842919	0.576607056549	0.566457225713	0.485258579024	0.599323344611	0.587723537941	0.707104881585	0.653939101015	0.692605123248	0.675205413243	0.666988883519	0.686805219913	0.589656839053	0.584823586274	0.600773320445	0.584340260996	0.568873852102	0.683421942968	0.604639922668	0.671822136298	0.579990333494	0.65055582407
AF3	0.605606573224	0.533591106815	0.971000483325	0.625422909618	0.611406476559	0.335911068149	0.663605606573	0.417593040116	0.397776703722	0.565973900435	0.0	0.517641372644	0.529241179314	0.882068632189	0.612373127115	0.573707104882	0.452875785404	0.461092315128	0.955534074432	0.773320444659	0.590140164331	0.538424359594	0.434026099565	0.433059449009	0.913001449976	0.621072982117	0.432576123731	0.472692121798	0.540840985984	0.587723537941	0.521024649589	0.507491541808	0.441275978734	0.494925084582	0.658289028516	0.614789753504	0.406959884002	0.546157564041	0.445625906235	0.623489608507	0.511358144031	0.71290478492	0.696471725471	0.551474142098	0.51619139681	0.487675205413	0.655389076849	0.591590140164	0.649105848236	0.610439826003	0.601256645723	0.638472692122	0.529241179314	0.508941517641	0.534074432093	0.524407926535	0.562107298212	0.634606089899	0.586756887385	0.612373127115	0.48622522958	0.593040115998
AF4	0.601739971	0.497341710971	0.928467858869	0.599323344611	0.318994683422	0.39584340261	0.600289995167	0.472692121798	0.492025132914	0.53020782987	0.517641372644	0.0	0.552924117931	0.837602706622	0.565007249879	0.546157564041	0.563073948768	0.582890285162	0.885451909135	0.713871435476	0.689221846303	0.613823102948	0.654905751571	0.645239246013	0.853069115515	0.637022716288	0.593523441276	0.624456259062	0.624456259062	0.639922667956	0.661188980184	0.623006283229	0.546640889319	0.577573707105	0.594490091832	0.534557757371	0.550507491542	0.535524407927	0.522474625423	0.514741420976	0.485741904302	0.623972933784	0.612373127115	0.515224746254	0.577573707105	0.564523924601	0.597873368777	0.538907684872	0.572257129048	0.535524407927	0.551474142098	0.570807153214	0.48622522958	0.507491541808	0.523441275979	0.510874818753	0.561623972934	0.564040599323	0.573223779604	0.551957467376	0.559207346544	0.534074432093
AG3	0.579507008217	0.460125664572	0.964717254712	0.474142097632	0.608023199613	0.502658289029	0.624456259062	0.511358144031	0.514741420976	0.56259062349	0.529241179314	0.552924117931	0.0	0.840019333011	0.534074432093	0.528274528758	0.512808119865	0.532141130981	0.927984533591	0.746254229096	0.679555340744	0.590623489609	0.579507008217	0.593523441276	0.877718704688	0.626389560174	0.545190913485	0.573223779604	0.610439826003	0.623972933784	0.632672788787	0.568873852102	0.535041082649	0.534074432093	0.655389076849	0.616239729338	0.547607539874	0.53697438376	0.52779120348	0.581923634606	0.503624939584	0.662155630739	0.650072498792	0.524407926535	0.575640405993	0.567423876269	0.618656355727	0.579507008217	0.620589656839	0.604639922668	0.593040115998	0.604639922668	0.523924601257	0.522957950701	0.533591106815	0.520057999033	0.531657805703	0.608506524891	0.557274045433	0.610439826003	0.511841469309	0.581440309328
AG4	0.838569357177	0.84726921218	0.344127597873	0.560657322378	0.836636056066	0.864668922185	0.864668922185	0.850652489125	0.845335911068	0.850169163847	0.882068632189	0.837602706622	0.840019333011	0.0	0.868535524408	0.848235862736	0.882551957467	0.880618656356	0.735621072982	0.691638472692	0.806669888835	0.82406959884	0.87046882552	0.866602223296	0.816819719671	0.81246979217	0.859835669406	0.854035766071	0.763170613823	0.750120831319	0.877718704688	0.866118898018	0.86805219913	0.87046882552	0.891735137748	0.881585306912	0.883518608023	0.856935717738	0.884001933301	0.881101981634	0.879168680522	0.844369260512	0.845335911068	0.852585790237	0.897051715805	0.885935234413	0.878202029966	0.881585306912	0.8796520058	0.878685355244	0.887868535524	0.880618656356	0.886901884969	0.881585306912	0.895601739971	0.884001933301	0.883518608023	0.882068632189	0.882551957467	0.876752054132	0.888351860802	0.885451909135
AH3	0.664572257129	0.397776703722	0.9584340261	0.603673272112	0.622039632673	0.574673755437	0.576123731271	0.560657322378	0.575157080715	0.543740937651	0.612373127115	0.565007249879	0.534074432093	0.868535524408	0.0	0.526824552924	0.596423392943	0.612373127115	0.93281778637	0.757370710488	0.715804736588	0.635089415176	0.623489608507	0.639922667956	0.903334944418	0.688255195747	0.634606089899	0.641855969067	0.669888835186	0.687288545191	0.687771870469	0.64572257129	0.558240695988	0.589173513775	0.710488158531	0.64813919768	0.6389560174	0.557274045433	0.606089898502	0.574190430159	0.559207346544	0.601256645723	0.582406959884	0.547124214596	0.657805703238	0.649589173514	0.702754954084	0.623972933784	0.668438859352	0.661672305462	0.655389076849	0.679072015466	0.609473175447	0.606089898502	0.61575640406	0.614789753504	0.58337361044	0.675205413243	0.581923634606	0.662155630739	0.601739971	0.629289511841
AH4	0.344610923151	0.354760753987	0.943450942484	0.602223296278	0.612856452392	0.521024649589	0.611889801837	0.509908168197	0.543257612373	0.536491058482	0.573707104882	0.546157564041	0.528274528758	0.848235862736	0.526824552924	0.0	0.544707588207	0.539874335428	0.884001933301	0.718704688255	0.64813919768	0.564040599323	0.573707104882	0.579023682939	0.855002416626	0.600773320445	0.556307394877	0.563073948768	0.594006766554	0.597390043499	0.598356694055	0.550507491542	0.531174480425	0.547607539874	0.69453842436	0.638472692122	0.585790236829	0.554374093765	0.563557274045	0.562107298212	0.520541324311	0.656355727405	0.637506041566	0.544224262929	0.603673272112	0.587240212663	0.668438859352	0.607539874335	0.652972450459	0.623489608507	0.62493958434	0.645239246013	0.547607539874	0.53020782987	0.543257612373	0.543740937651	0.5186080232	0.642339294345	0.552924117931	0.62735621073	0.543257612373	0.603673272112
AA7	0.566457225713	0.517158047366	0.968583856936	0.62735621073	0.612856452392	0.452392460126	0.6805219913	0.453842435959	0.445625906235	0.579023682939	0.452875785404	0.563073948768	0.512808119865	0.882551957467	0.596423392943	0.544707588207	0.0	0.289511841469	0.919768003867	0.755437409377	0.593040115998	0.51377477042	0.491058482359	0.501691638473	0.866118898018	0.593523441276	0.452392460126	0.478492025133	0.534557757371	0.576123731271	0.52779120348	0.430159497342	0.431609473175	0.476075398743	0.69212179797	0.654422426293	0.487675205413	0.557274045433	0.496375060416	0.609473175447	0.545190913485	0.713388110198	0.698405026583	0.555340744321	0.546157564041	0.520057999033	0.648622522958	0.608023199613	0.664572257129	0.623489608507	0.594490091832	0.618656355727	0.501691638473	0.505558240696	0.526824552924	0.509424842919	0.532141130981	0.608989850169	0.548090865152	0.641372643789	0.475592073465	0.586756887385
AA8	0.55099081682	0.529724504592	0.967133881102	0.633639439343	0.637022716288	0.464958917351	0.677138714355	0.461575640406	0.455775737071	0.573707104882	0.461092315128	0.582890285162	0.532141130981	0.880618656356	0.612373127115	0.539874335428	0.289511841469	0.0	0.919768003867	0.753020782987	0.58337361044	0.499275012083	0.478008699855	0.489125181247	0.857902368294	0.590623489609	0.44900918318	0.469308844853	0.523924601257	0.569840502658	0.501691638473	0.396810053166	0.434509424843	0.480908651522	0.704204929918	0.661672305462	0.495891735138	0.568390526825	0.500241662639	0.609473175447	0.550507491542	0.714838086032	0.698405026583	0.570323827936	0.554857419043	0.518124697922	0.660705654906	0.623972933784	0.678588690188	0.643789270179	0.614306428226	0.640889318511	0.519091348478	0.521024649589	0.544707588207	0.52779120348	0.537457709038	0.623489608507	0.559690671822	0.652489125181	0.491058482359	0.605606573224
AB7	0.861768970517	0.898018366361	0.7593040116	0.750120831319	0.875785403577	0.91445142581	0.947317544708	0.930401159981	0.929434509425	0.930884485259	0.955534074432	0.885451909135	0.927984533591	0.735621072982	0.93281778637	0.884001933301	0.919768003867	0.919768003867	0.0	0.419526341228	0.81246979217	0.838086031899	0.93281778637	0.922667955534	0.739004349928	0.822619623006	0.887385210246	0.887868535524	0.73610439826	0.702271628806	0.886418559691	0.90043499275	0.925567907202	0.937167713871	0.940550990817	0.946350894152	0.945384243596	0.924601256646	0.954084098598	0.927984533591	0.947800869986	0.865152247463	0.881101981634	0.90285161914	0.957950700822	0.952150797487	0.928951184147	0.931851135814	0.936684388594	0.930401159981	0.928467858869	0.919768003867	0.917351377477	0.922667955534	0.918318028033	0.910584823586	0.922184630256	0.916384726921	0.918801353311	0.929434509425	0.949734171097	0.922667955534
AB8	0.706621556307	0.719188013533	0.769453842436	0.577090381827	0.754470758821	0.731754470759	0.764620589657	0.74528757854	0.746737554374	0.74528757854	0.773320444659	0.713871435476	0.746254229096	0.691638472692	0.757370710488	0.718704688255	0.755437409377	0.753020782987	0.419526341228	0.0	0.640889318511	0.661672305462	0.742387626873	0.733204446593	0.734654422426	0.639922667956	0.708071532141	0.699855002417	0.522957950701	0.514258095698	0.725954567424	0.72692121798	0.748187530208	0.758337361044	0.794586756887	0.770420492992	0.765587240213	0.742870952151	0.766553890768	0.752054132431	0.759787336878	0.706621556307	0.711454809087	0.724021266312	0.785403576607	0.774287095215	0.805219913001	0.756404059932	0.794103431609	0.767037216046	0.762687288545	0.781536974384	0.757854035766	0.759787336878	0.75688738521	0.748187530208	0.751087481875	0.769937167714	0.749637506042	0.756404059932	0.767037216046	0.752537457709
AC7	0.619139681005	0.655872402127	0.886901884969	0.652005799903	0.744804253262	0.593523441276	0.711454809087	0.582406959884	0.561623972934	0.639922667956	0.590140164331	0.689221846303	0.679555340744	0.806669888835	0.715804736588	0.64813919768	0.593040115998	0.58337361044	0.81246979217	0.640889318511	0.0	0.365393910101	0.570807153214	0.558240695988	0.816819719671	0.596906718221	0.551957467376	0.519091348478	0.471725471242	0.489608506525	0.566940550991	0.553890768487	0.556790720155	0.597390043499	0.798453359111	0.750604156597	0.623972933784	0.648622522958	0.618173030449	0.721121314645	0.669888835186	0.709521507975	0.702754954084	0.640889318511	0.65055582407	0.611406476559	0.815369743838	0.762203963267	0.8008699855	0.782986950217	0.758337361044	0.792653455776	0.6805219913	0.672788786854	0.692605123248	0.681971967134	0.677138714355	0.784920251329	0.698405026583	0.777187046883	0.620106331561	0.756404059932
AC8	0.561623972934	0.555824069599	0.907201546641	0.612856452392	0.676655389077	0.529241179314	0.681488641856	0.510391493475	0.493475108748	0.571290478492	0.538424359594	0.613823102948	0.590623489609	0.82406959884	0.635089415176	0.564040599323	0.51377477042	0.499275012083	0.838086031899	0.661672305462	0.365393910101	0.0	0.494925084582	0.497341710971	0.823586273562	0.544707588207	0.415176413726	0.39584340261	0.443692605123	0.476558724021	0.536007733204	0.491058482359	0.484775253746	0.507974867086	0.72450459159	0.6805219913	0.561623972934	0.577573707105	0.541807636539	0.644755920735	0.587723537941	0.66892218463	0.651522474625	0.565007249879	0.580473658772	0.543740937651	0.730787820203	0.664572257129	0.721604639923	0.699371677139	0.66892218463	0.705171580474	0.590140164331	0.588206863219	0.605606573224	0.593523441276	0.573223779604	0.695988400193	0.600289995167	0.695021749638	0.524891251812	0.663605606573
AD7	0.592073465442	0.564523924601	0.955050749154	0.649105848236	0.721121314645	0.520057999033	0.685355244079	0.492025132914	0.471725471242	0.581923634606	0.434026099565	0.654905751571	0.579507008217	0.87046882552	0.623489608507	0.573707104882	0.491058482359	0.478008699855	0.93281778637	0.742387626873	0.570807153214	0.494925084582	0.0	0.287578540358	0.897535041083	0.521507974867	0.410343160947	0.428709521508	0.498308361527	0.553407443209	0.506041565974	0.474142097632	0.477042049299	0.517641372644	0.735621072982	0.685355244079	0.490575157081	0.588206863219	0.551957467376	0.653939101015	0.595940067666	0.710004833253	0.695988400193	0.585790236829	0.578057032383	0.548090865152	0.739971000483	0.673272112131	0.729337844369	0.711938134364	0.674238762687	0.709521507975	0.610439826003	0.603673272112	0.605606573224	0.608506524891	0.577573707105	0.702754954084	0.608506524891	0.696955050749	0.543257612373	0.667955534074
AD8	0.582890285162	0.575157080715	0.949250845819	0.639922667956	0.712421459642	0.512324794587	0.681005316578	0.488641855969	0.477525374577	0.578540357661	0.433059449009	0.645239246013	0.593523441276	0.866602223296	0.639922667956	0.579023682939	0.501691638473	0.489125181247	0.922667955534	0.733204446593	0.558240695988	0.497341710971	0.287578540358	0.0	0.860802319961	0.499758337361	0.425326244563	0.42822619623	0.485741904302	0.535524407927	0.497341710971	0.47220879652	0.484775253746	0.531174480425	0.741904301595	0.686805219913	0.494441759304	0.581440309328	0.54857419043	0.655389076849	0.590140164331	0.709521507975	0.695021749638	0.579990333494	0.579507008217	0.548090865152	0.746254229096	0.676655389077	0.732721121315	0.710971483809	0.675205413243	0.71290478492	0.612373127115	0.604639922668	0.611889801837	0.607056549058	0.590623489609	0.706621556307	0.616723054616	0.697438376027	0.543257612373	0.669405509908
AE7	0.82648622523	0.878685355244	0.852102464959	0.796520057999	0.836152730788	0.877718704688	0.919284678589	0.892701788304	0.890285161914	0.898501691638	0.913001449976	0.853069115515	0.877718704688	0.816819719671	0.903334944418	0.855002416626	0.866118898018	0.857902368294	0.739004349928	0.734654422426	0.816819719671	0.823586273562	0.897535041083	0.860802319961	0.0	0.542290961817	0.86563557274	0.869018849686	0.756404059932	0.758820686322	0.838086031899	0.837602706622	0.890768487192	0.901401643306	0.925084581924	0.925084581924	0.921701304978	0.897535041083	0.914934751087	0.8796520058	0.902368293862	0.867085548574	0.882551957467	0.872402126631	0.941034316095	0.922184630256	0.889801836636	0.90285161914	0.91203479942	0.895601739971	0.900918318028	0.894635089415	0.892701788304	0.895118414693	0.903818269696	0.884485258579	0.904784920251	0.889801836636	0.895118414693	0.896568390527	0.913968100532	0.896085065249
AE8	0.584340260996	0.615273078782	0.895118414693	0.634606089899	0.692605123248	0.577573707105	0.685355244079	0.594490091832	0.594490091832	0.616723054616	0.621072982117	0.637022716288	0.626389560174	0.81246979217	0.688255195747	0.600773320445	0.593523441276	0.590623489609	0.822619623006	0.639922667956	0.596906718221	0.544707588207	0.521507974867	0.499758337361	0.542290961817	0.0	0.565973900435	0.568390526825	0.512324794587	0.517641372644	0.577090381827	0.55775737071	0.606089898502	0.610923151281	0.751087481875	0.711938134364	0.630739487675	0.614306428226	0.62735621073	0.651522474625	0.633156114065	0.679555340744	0.680038666022	0.587723537941	0.643789270179	0.633639439343	0.753987433543	0.695021749638	0.758337361044	0.713388110198	0.691155147414	0.727404543258	0.651522474625	0.644272595457	0.647655872402	0.634606089899	0.635572740454	0.716771387144	0.663122281295	0.699371677139	0.61575640406	0.688255195747
AF7	0.5601739971	0.522474625423	0.939101014983	0.640889318511	0.65973900435	0.483325277912	0.685838569357	0.448042532624	0.434026099565	0.572740454326	0.432576123731	0.593523441276	0.545190913485	0.859835669406	0.634606089899	0.556307394877	0.452392460126	0.44900918318	0.887385210246	0.708071532141	0.551957467376	0.415176413726	0.410343160947	0.425326244563	0.86563557274	0.565973900435	0.0	0.31029482842	0.479942000967	0.52779120348	0.478975350411	0.478008699855	0.418076365394	0.46979217013	0.68293861769	0.645239246013	0.444659255679	0.547124214596	0.509424842919	0.624456259062	0.551957467376	0.695021749638	0.675688738521	0.540840985984	0.538424359594	0.51377477042	0.670855485742	0.616239729338	0.68293861769	0.660705654906	0.619623006283	0.643305944901	0.548090865152	0.542290961817	0.558240695988	0.550507491542	0.546157564041	0.634122764621	0.572257129048	0.654905751571	0.484291928468	0.611406476559
AF8	0.56935717738	0.54857419043	0.936684388594	0.630256162397	0.688255195747	0.509424842919	0.6805219913	0.465442242629	0.461575640406	0.56935717738	0.472692121798	0.624456259062	0.573223779604	0.854035766071	0.641855969067	0.563073948768	0.478492025133	0.469308844853	0.887868535524	0.699855002417	0.519091348478	0.39584340261	0.428709521508	0.42822619623	0.869018849686	0.568390526825	0.31029482842	0.0	0.457225712905	0.501208313195	0.506041565974	0.475108748188	0.43740937651	0.493475108748	0.709521507975	0.659255679072	0.47462542291	0.548090865152	0.521991300145	0.621072982117	0.556790720155	0.678588690188	0.660222329628	0.53939101015	0.557274045433	0.525857902368	0.702271628806	0.642822619623	0.708554857419	0.686805219913	0.64813919768	0.678105364911	0.568873852102	0.567907201547	0.579990333494	0.572740454326	0.552440792653	0.667955534074	0.582406959884	0.681971967134	0.503624939584	0.639439342678
AG7	0.58337361044	0.591106814886	0.845819236346	0.545674238763	0.683905268246	0.522474625423	0.679072015466	0.502174963751	0.499758337361	0.574190430159	0.540840985984	0.624456259062	0.610439826003	0.763170613823	0.669888835186	0.594006766554	0.534557757371	0.523924601257	0.73610439826	0.522957950701	0.471725471242	0.443692605123	0.498308361527	0.485741904302	0.756404059932	0.512324794587	0.479942000967	0.457225712905	0.0	0.31029482842	0.550024166264	0.508458192363	0.504108264862	0.542774287095	0.734654422426	0.679072015466	0.540357660706	0.570807153214	0.553407443209	0.640889318511	0.603673272112	0.660222329628	0.63653939101	0.556790720155	0.602706621556	0.568873852102	0.744320927985	0.676172063799	0.728854519091	0.707588206863	0.676172063799	0.714354760754	0.620589656839	0.620589656839	0.626389560174	0.61333977767	0.616239729338	0.707588206863	0.640889318511	0.695505074915	0.567907201547	0.663122281295
AG8	0.581440309328	0.601256645723	0.841469308845	0.576123731271	0.696471725471	0.556790720155	0.674238762687	0.550024166264	0.550024166264	0.596906718221	0.587723537941	0.639922667956	0.623972933784	0.750120831319	0.687288545191	0.597390043499	0.576123731271	0.569840502658	0.702271628806	0.514258095698	0.489608506525	0.476558724021	0.553407443209	0.535524407927	0.758820686322	0.517641372644	0.52779120348	0.501208313195	0.31029482842	0.0	0.572740454326	0.552440792653	0.553890768487	0.578540357661	0.756404059932	0.704688255196	0.579507008217	0.579023682939	0.584340260996	0.658772353794	0.622039632673	0.664572257129	0.653939101015	0.579507008217	0.621556307395	0.601739971	0.75688738521	0.68970517158	0.745770903818	0.721604639923	0.696955050749	0.731271145481	0.646689221846	0.635089415176	0.639922667956	0.630256162397	0.635089415176	0.720637989367	0.663122281295	0.709038182697	0.598356694055	0.674722087965
AH7	0.59255679072	0.624456259062	0.951184146931	0.688738521025	0.711454809087	0.566457225713	0.707104881585	0.542774287095	0.543257612373	0.618173030449	0.521024649589	0.661188980184	0.632672788787	0.877718704688	0.687771870469	0.598356694055	0.52779120348	0.501691638473	0.886418559691	0.725954567424	0.566940550991	0.536007733204	0.506041565974	0.497341710971	0.838086031899	0.577090381827	0.478975350411	0.506041565974	0.550024166264	0.572740454326	0.0	0.333494441759	0.565973900435	0.603673272112	0.770420492992	0.729821169647	0.544224262929	0.650072498792	0.608506524891	0.669888835186	0.639922667956	0.753987433543	0.743354277429	0.63653939101	0.644755920735	0.617206379894	0.754470758821	0.717254712421	0.763170613823	0.726437892702	0.707588206863	0.737071048816	0.624456259062	0.623489608507	0.632672788787	0.627839536008	0.623489608507	0.729337844369	0.63653939101	0.721604639923	0.59497341711	0.705171580474
AH8	0.56259062349	0.575640405993	0.951184146931	0.644272595457	0.674722087965	0.514741420976	0.677622039633	0.49540840986	0.497341710971	0.582890285162	0.507491541808	0.623006283229	0.568873852102	0.866118898018	0.64572257129	0.550507491542	0.430159497342	0.396810053166	0.90043499275	0.72692121798	0.553890768487	0.491058482359	0.474142097632	0.47220879652	0.837602706622	0.55775737071	0.478008699855	0.475108748188	0.508458192363	0.552440792653	0.333494441759	0.0	0.505074915418	0.537941034316	0.737071048816	0.695505074915	0.529241179314	0.593523441276	0.553890768487	0.631706138231	0.591590140164	0.713871435476	0.695505074915	0.590623489609	0.591590140164	0.559207346544	0.710488158531	0.662638956017	0.723054615756	0.676655389077	0.653939101015	0.683905268246	0.578540357661	0.568390526825	0.583856935718	0.575157080715	0.571290478492	0.675688738521	0.589173513775	0.68293861769	0.538907684872	0.646205896568
AA5	0.582406959884	0.481875302078	0.95360077332	0.630739487675	0.620106331561	0.453842435959	0.624456259062	0.407926534558	0.403093281779	0.52537457709	0.441275978734	0.546640889319	0.535041082649	0.86805219913	0.558240695988	0.531174480425	0.431609473175	0.434509424843	0.925567907202	0.748187530208	0.556790720155	0.484775253746	0.477042049299	0.484775253746	0.890768487192	0.606089898502	0.418076365394	0.43740937651	0.504108264862	0.553890768487	0.565973900435	0.505074915418	0.0	0.344610923151	0.661188980184	0.597390043499	0.467375543741	0.46060898985	0.475108748188	0.565007249879	0.47462542291	0.619139681005	0.591590140164	0.46302561624	0.5186080232	0.485741904302	0.69453842436	0.629289511841	0.669888835186	0.65055582407	0.642339294345	0.678105364911	0.535524407927	0.550507491542	0.574190430159	0.549057515708	0.531657805703	0.664572257129	0.575640405993	0.647655872402	0.490575157081	0.625422909618
AA6	0.597873368777	0.500241662639	0.958917351377	0.641372643789	0.647655872402	0.475108748188	0.645239246013	0.453842435959	0.462058965684	0.550507491542	0.494925084582	0.577573707105	0.534074432093	0.87046882552	0.589173513775	0.547607539874	0.476075398743	0.480908651522	0.937167713871	0.758337361044	0.597390043499	0.507974867086	0.517641372644	0.531174480425	0.901401643306	0.610923151281	0.46979217013	0.493475108748	0.542774287095	0.578540357661	0.603673272112	0.537941034316	0.344610923151	0.0	0.666988883519	0.600773320445	0.512808119865	0.496375060416	0.48380860319	0.593523441276	0.500241662639	0.666505558241	0.641372643789	0.506524891252	0.46060898985	0.422909618173	0.688255195747	0.628322861286	0.669888835186	0.649105848236	0.641372643789	0.676172063799	0.538424359594	0.550024166264	0.570323827936	0.548090865152	0.539874335428	0.661672305462	0.576607056549	0.647172547124	0.503141614306	0.629772837119
AB5	0.728854519091	0.648622522958	0.971967133881	0.719188013533	0.603673272112	0.628322861286	0.734171097148	0.637989366844	0.644272595457	0.684388593523	0.658289028516	0.594490091832	0.655389076849	0.891735137748	0.710488158531	0.69453842436	0.69212179797	0.704204929918	0.940550990817	0.794586756887	0.798453359111	0.72450459159	0.735621072982	0.741904301595	0.925084581924	0.751087481875	0.68293861769	0.709521507975	0.734654422426	0.756404059932	0.770420492992	0.737071048816	0.661188980184	0.666988883519	0.0	0.325277912035	0.615273078782	0.652972450459	0.619623006283	0.615273078782	0.585790236829	0.726437892702	0.719671338811	0.640889318511	0.630256162397	0.631222812953	0.622522957951	0.617206379894	0.628322861286	0.601739971	0.623972933784	0.620589656839	0.590623489609	0.593040115998	0.601256645723	0.607539874335	0.651039149348	0.60415659739	0.642822619623	0.606089898502	0.665055582407	0.61575640406
AB6	0.690671822136	0.590623489609	0.96520057999	0.663605606573	0.583856935718	0.566457225713	0.668438859352	0.566457225713	0.589656839053	0.61333977767	0.614789753504	0.534557757371	0.616239729338	0.881585306912	0.64813919768	0.638472692122	0.654422426293	0.661672305462	0.946350894152	0.770420492992	0.750604156597	0.6805219913	0.685355244079	0.686805219913	0.925084581924	0.711938134364	0.645239246013	0.659255679072	0.679072015466	0.704688255196	0.729821169647	0.695505074915	0.597390043499	0.600773320445	0.325277912035	0.0	0.58095698405	0.585790236829	0.572257129048	0.56935717738	0.532624456259	0.664088931851	0.649589173514	0.563073948768	0.55099081682	0.549540840986	0.597390043499	0.545190913485	0.577090381827	0.555340744321	0.557274045433	0.584340260996	0.545674238763	0.560657322378	0.565007249879	0.579023682939	0.608506524891	0.560657322378	0.608506524891	0.556307394877	0.631706138231	0.542774287095
AC5	0.604639922668	0.550024166264	0.974383760271	0.644272595457	0.621556307395	0.471242145964	0.671822136298	0.441275978734	0.43064282262	0.563073948768	0.406959884002	0.550507491542	0.547607539874	0.883518608023	0.6389560174	0.585790236829	0.487675205413	0.495891735138	0.945384243596	0.765587240213	0.623972933784	0.561623972934	0.490575157081	0.494441759304	0.921701304978	0.630739487675	0.444659255679	0.47462542291	0.540357660706	0.579507008217	0.544224262929	0.529241179314	0.467375543741	0.512808119865	0.615273078782	0.58095698405	0.0	0.445142580957	0.44900918318	0.600773320445	0.50700821653	0.704204929918	0.677138714355	0.536007733204	0.492025132914	0.474142097632	0.619623006283	0.56935717738	0.626389560174	0.589173513775	0.575640405993	0.601256645723	0.512324794587	0.49540840986	0.508941517641	0.498791686805	0.566457225713	0.599806669889	0.589656839053	0.585790236829	0.512324794587	0.553407443209
AC6	0.618656355727	0.489608506525	0.952634122765	0.636056065732	0.584340260996	0.505074915418	0.535041082649	0.47462542291	0.51377477042	0.461575640406	0.546157564041	0.535524407927	0.53697438376	0.856935717738	0.557274045433	0.554374093765	0.557274045433	0.568390526825	0.924601256646	0.742870952151	0.648622522958	0.577573707105	0.588206863219	0.581440309328	0.897535041083	0.614306428226	0.547124214596	0.548090865152	0.570807153214	0.579023682939	0.650072498792	0.593523441276	0.46060898985	0.496375060416	0.652972450459	0.585790236829	0.445142580957	0.0	0.521507974867	0.520057999033	0.497825036249	0.503624939584	0.463508941518	0.411309811503	0.557274045433	0.549540840986	0.675688738521	0.623006283229	0.659255679072	0.629772837119	0.637022716288	0.660705654906	0.578540357661	0.564523924601	0.583856935718	0.570323827936	0.556307394877	0.653455775737	0.59255679072	0.626389560174	0.53939101015	0.619139681005
AD6	0.598356694055	0.522957950701	0.971483808603	0.621556307395	0.587723537941	0.434509424843	0.628806186564	0.431609473175	0.437892701788	0.531174480425	0.445625906235	0.522474625423	0.52779120348	0.884001933301	0.606089898502	0.563557274045	0.496375060416	0.500241662639	0.954084098598	0.766553890768	0.618173030449	0.541807636539	0.551957467376	0.54857419043	0.914934751087	0.62735621073	0.509424842919	0.521991300145	0.553407443209	0.584340260996	0.608506524891	0.553890768487	0.475108748188	0.48380860319	0.619623006283	0.572257129048	0.44900918318	0.521507974867	0.0	0.557274045433	0.417593040116	0.698888351861	0.675688738521	0.533591106815	0.491541807637	0.459159014016	0.596423392943	0.546640889319	0.596906718221	0.5601739971	0.554374093765	0.58337361044	0.482841952634	0.469308844853	0.49299178347	0.469308844853	0.545674238763	0.575157080715	0.563073948768	0.579023682939	0.466892218463	0.546157564041
AE5	0.626872885452	0.545190913485	0.972450459159	0.637506041566	0.565973900435	0.541807636539	0.576607056549	0.5601739971	0.61575640406	0.525857902368	0.623489608507	0.514741420976	0.581923634606	0.881101981634	0.574190430159	0.562107298212	0.609473175447	0.609473175447	0.927984533591	0.752054132431	0.721121314645	0.644755920735	0.653939101015	0.655389076849	0.8796520058	0.651522474625	0.624456259062	0.621072982117	0.640889318511	0.658772353794	0.669888835186	0.631706138231	0.565007249879	0.593523441276	0.615273078782	0.56935717738	0.600773320445	0.520057999033	0.557274045433	0.0	0.378927017883	0.593040115998	0.579507008217	0.509424842919	0.631706138231	0.62735621073	0.644755920735	0.599806669889	0.641855969067	0.607539874335	0.621072982117	0.647172547124	0.54857419043	0.565490575157	0.586756887385	0.552440792653	0.556790720155	0.63653939101	0.566940550991	0.612373127115	0.580473658772	0.610923151281
AE6	0.597873368777	0.475592073465	0.969550507492	0.616723054616	0.559207346544	0.460125664572	0.574673755437	0.456259062349	0.506041565974	0.509424842919	0.511358144031	0.485741904302	0.503624939584	0.879168680522	0.559207346544	0.520541324311	0.545190913485	0.550507491542	0.947800869986	0.759787336878	0.669888835186	0.587723537941	0.595940067666	0.590140164331	0.902368293862	0.633156114065	0.551957467376	0.556790720155	0.603673272112	0.622039632673	0.639922667956	0.591590140164	0.47462542291	0.500241662639	0.585790236829	0.532624456259	0.50700821653	0.497825036249	0.417593040116	0.378927017883	0.0	0.6389560174	0.618656355727	0.470758820686	0.531657805703	0.520541324311	0.622039632673	0.570807153214	0.600289995167	0.578057032383	0.587240212663	0.617689705172	0.488641855969	0.479942000967	0.510391493475	0.484775253746	0.512324794587	0.607056549058	0.548090865152	0.579023682939	0.515708071532	0.574190430159
AF5	0.698888351861	0.625906234896	0.933301111648	0.662155630739	0.665538907685	0.674722087965	0.553890768487	0.652005799903	0.694055099082	0.576607056549	0.71290478492	0.623972933784	0.662155630739	0.844369260512	0.601256645723	0.656355727405	0.713388110198	0.714838086032	0.865152247463	0.706621556307	0.709521507975	0.66892218463	0.710004833253	0.709521507975	0.867085548574	0.679555340744	0.695021749638	0.678588690188	0.660222329628	0.664572257129	0.753987433543	0.713871435476	0.619139681005	0.666505558241	0.726437892702	0.664088931851	0.704204929918	0.503624939584	0.698888351861	0.593040115998	0.6389560174	0.0	0.275978733688	0.517158047366	0.720637989367	0.715804736588	0.751087481875	0.710971483809	0.742387626873	0.714838086032	0.725954567424	0.748670855486	0.695505074915	0.707588206863	0.723537941034	0.701788303528	0.672305461576	0.736587723538	0.683905268246	0.700821652972	0.706138231029	0.716288061866
AF6	0.69212179797	0.603673272112	0.93523441276	0.653939101015	0.658772353794	0.656355727405	0.544224262929	0.629772837119	0.665055582407	0.566457225713	0.696471725471	0.612373127115	0.650072498792	0.845335911068	0.582406959884	0.637506041566	0.698405026583	0.698405026583	0.881101981634	0.711454809087	0.702754954084	0.651522474625	0.695988400193	0.695021749638	0.882551957467	0.680038666022	0.675688738521	0.660222329628	0.63653939101	0.653939101015	0.743354277429	0.695505074915	0.591590140164	0.641372643789	0.719671338811	0.649589173514	0.677138714355	0.463508941518	0.675688738521	0.579507008217	0.618656355727	0.275978733688	0.0	0.507491541808	0.698405026583	0.693571773804	0.746737554374	0.702271628806	0.734654422426	0.702271628806	0.706138231029	0.741420976317	0.676172063799	0.682455292412	0.699371677139	0.683905268246	0.649105848236	0.727404543258	0.660705654906	0.695021749638	0.688738521025	0.704688255196
