	AA3	AA4	AB3	AB4	AC3	AC4	AD3	AD4	AE3	AE4	AF3	AF4	AG3	AG4	AH3	AH4	AA7	AA8	AB7	AB8	AC7	AC8	AD7	AD8	AE7	AE8	AF7	AF8	AG7	AG8	AH7	AH8	AA5	AA6	AB5	AB6	AC5	AC6	AD6	AE5	AE6	AF5	AF6	AG5	AH5	AH6	AA1	AA2	AB1	AB2	AC1	AC2	AD1	AD2	AE1	AE2	AF1	AF2	AG1	AG2	AH1	AH2
AA3	0.0	0.491541807637	0.930884485259	0.645239246013	0.656355727405	0.597390043499	0.671822136298	0.602223296278	0.582406959884	0.634606089899	0.62493958434	0.589656839053	0.590623489609	0.849202513291	0.654422426293	0.334944417593	0.568873852102	0.572257129048	0.857902368294	0.699855002417	0.621072982117	0.579507008217	0.609956500725	0.596906718221	0.825036249396	0.595940067666	0.577090381827	0.569840502658	0.582406959884	0.597390043499	0.598356694055	0.58337361044	0.600289995167	0.611406476559	0.753020782987	0.68970517158	0.616723054616	0.635089415176	0.599323344611	0.617206379894	0.601739971	0.713871435476	0.702754954084	0.629772837119	0.639439342678	0.619139681005	0.687771870469	0.641372643789	0.711938134364	0.676172063799	0.646689221846	0.671822136298	0.57177380377	0.57177380377	0.580473658772	0.574673755437	0.58095698405	0.665538907685	0.59497341711	0.674722087965	0.604639922668	0.663605606573
AA4	0.491541807637	0.0	0.945867568874	0.589173513775	0.579507008217	0.504108264862	0.582890285162	0.494441759304	0.51377477042	0.512324794587	0.576607056549	0.513291445143	0.484775253746	0.852585790237	0.370710488159	0.368777187047	0.541324311261	0.557274045433	0.890768487192	0.722087965201	0.663122281295	0.59255679072	0.587240212663	0.565007249879	0.873368777187	0.610923151281	0.5601739971	0.557274045433	0.586273562107	0.608506524891	0.630739487675	0.573707104882	0.524407926535	0.532141130981	0.677622039633	0.603189946834	0.570323827936	0.527307878202	0.538907684872	0.525857902368	0.493475108748	0.627839536008	0.601256645723	0.533591106815	0.596906718221	0.56935717738	0.651039149348	0.579507008217	0.635089415176	0.608989850169	0.603673272112	0.629772837119	0.525857902368	0.517641372644	0.535041082649	0.529241179314	0.499758337361	0.619623006283	0.508941517641	0.614306428226	0.536491058482	0.599323344611
AB3	0.930884485259	0.945867568874	0.0	0.67133881102	0.908651522475	0.95601739971	0.954084098598	0.939101014983	0.930884485259	0.948284195263	0.969550507492	0.933301111648	0.962783953601	0.352827452876	0.954567423876	0.936201063316	0.966650555824	0.967133881102	0.734171097148	0.758337361044	0.897535041083	0.896085065249	0.959400676655	0.945384243596	0.845819236346	0.892701788304	0.943450942484	0.925567907202	0.843402609957	0.840502658289	0.953117448043	0.953117448043	0.955050749154	0.955050749154	0.969550507492	0.961333977767	0.971967133881	0.951667472209	0.971483808603	0.971000483325	0.970517158047	0.929434509425	0.925084581924	0.949250845819	0.973900434993	0.966650555824	0.972450459159	0.968583856936	0.971000483325	0.970517158047	0.975350410826	0.971967133881	0.971000483325	0.970033832769	0.974383760271	0.971483808603	0.970033832769	0.969550507492	0.970033832769	0.972450459159	0.972450459159	0.974383760271
AB4	0.645239246013	0.589173513775	0.67133881102	0.0	0.631222812953	0.619623006283	0.697438376027	0.621556307395	0.619623006283	0.639439342678	0.658289028516	0.629772837119	0.492508458192	0.557274045433	0.619623006283	0.599806669889	0.646205896568	0.653939101015	0.727887868536	0.563073948768	0.674722087965	0.623489608507	0.669888835186	0.650072498792	0.796036732721	0.634122764621	0.656355727405	0.639922667956	0.544707588207	0.584340260996	0.695505074915	0.655872402127	0.648622522958	0.652972450459	0.735137747704	0.66892218463	0.654422426293	0.652972450459	0.6389560174	0.643305944901	0.628322861286	0.668438859352	0.662155630739	0.645239246013	0.696955050749	0.670372160464	0.696471725471	0.664088931851	0.687771870469	0.676655389077	0.676172063799	0.677138714355	0.637022716288	0.642822619623	0.654422426293	0.637022716288	0.646689221846	0.675205413243	0.639922667956	0.6805219913	0.661188980184	0.685355244079
AC3	0.656355727405	0.579507008217	0.908651522475	0.631222812953	0.0	0.483325277912	0.661672305462	0.541807636539	0.56259062349	0.594006766554	0.621072982117	0.322377960367	0.600773320445	0.826002899952	0.612856452392	0.604639922668	0.625422909618	0.593040115998	0.869018849686	0.741420976317	0.714354760754	0.670855485742	0.714354760754	0.692605123248	0.827452875785	0.678588690188	0.644755920735	0.660222329628	0.660705654906	0.6805219913	0.697921701305	0.658289028516	0.596906718221	0.612856452392	0.617206379894	0.580473658772	0.616723054616	0.603673272112	0.58095698405	0.554374093765	0.560657322378	0.667955534074	0.655872402127	0.564040599323	0.644272595457	0.625422909618	0.596906718221	0.584823586274	0.589173513775	0.58337361044	0.596906718221	0.587240212663	0.537941034316	0.568873852102	0.577573707105	0.543257612373	0.616239729338	0.581923634606	0.612373127115	0.595456742388	0.611406476559	0.598356694055
AC4	0.597390043499	0.504108264862	0.95601739971	0.619623006283	0.483325277912	0.0	0.622039632673	0.410826486225	0.421459642339	0.514258095698	0.347027549541	0.381343644273	0.500241662639	0.872885451909	0.554857419043	0.544224262929	0.489608506525	0.459159014016	0.926051232479	0.755920734654	0.606089898502	0.547607539874	0.533107781537	0.514741420976	0.897051715805	0.58337361044	0.492025132914	0.511841469309	0.539874335428	0.576123731271	0.582890285162	0.522957950701	0.454325761237	0.455292411793	0.639439342678	0.5601739971	0.467375543741	0.505558240696	0.414209763171	0.541324311261	0.463992266796	0.667955534074	0.652005799903	0.500241662639	0.497825036249	0.473658772354	0.632672788787	0.568390526825	0.585306911551	0.58095698405	0.575157080715	0.604639922668	0.486708554857	0.485741904302	0.499275012083	0.502658289029	0.531657805703	0.599323344611	0.541324311261	0.589656839053	0.465925567907	0.583856935718
AD3	0.671822136298	0.582890285162	0.954084098598	0.697438376027	0.661672305462	0.622039632673	0.0	0.531657805703	0.641372643789	0.358627356211	0.681971967134	0.605123247946	0.6389560174	0.868535524408	0.581440309328	0.634606089899	0.684871918801	0.685838569357	0.939101014983	0.762687288545	0.728854519091	0.688255195747	0.694055099082	0.691155147414	0.917351377477	0.678105364911	0.693088448526	0.690671822136	0.694055099082	0.685355244079	0.721121314645	0.695505074915	0.620589656839	0.643305944901	0.748670855486	0.669888835186	0.673272112131	0.538424359594	0.629772837119	0.586273562107	0.574673755437	0.551957467376	0.538424359594	0.547124214596	0.69212179797	0.681971967134	0.759787336878	0.704204929918	0.735137747704	0.715804736588	0.711938134364	0.73852102465	0.652005799903	0.662638956017	0.677622039633	0.652489125181	0.636056065732	0.72692121798	0.646205896568	0.715804736588	0.693571773804	0.716771387144
AD4	0.602223296278	0.494441759304	0.939101014983	0.621556307395	0.541807636539	0.410826486225	0.531657805703	0.0	0.314161430643	0.40502658289	0.42822619623	0.47220879652	0.514258095698	0.854519091348	0.542774287095	0.533591106815	0.473175447076	0.443209279845	0.924117931368	0.747220879652	0.597390043499	0.519574673755	0.499275012083	0.470758820686	0.896568390527	0.586273562107	0.445625906235	0.465925567907	0.505074915418	0.555340744321	0.535524407927	0.504108264862	0.403576607057	0.447075882069	0.649589173514	0.56259062349	0.435959400677	0.463992266796	0.433059449009	0.526341227646	0.457225712905	0.639439342678	0.612856452392	0.465925567907	0.507974867086	0.478975350411	0.664572257129	0.595940067666	0.618656355727	0.623489608507	0.612373127115	0.642339294345	0.511841469309	0.515708071532	0.521024649589	0.53020782987	0.535524407927	0.631222812953	0.549540840986	0.625906234896	0.498308361527	0.616723054616
AE3	0.582406959884	0.51377477042	0.930884485259	0.619623006283	0.56259062349	0.421459642339	0.641372643789	0.314161430643	0.0	0.516674722088	0.414693088449	0.49299178347	0.501208313195	0.847752537458	0.555824069599	0.537457709038	0.441759304012	0.417109714838	0.92363460609	0.750604156597	0.567423876269	0.482841952634	0.475108748188	0.451909134848	0.893185113581	0.585306911551	0.436926051232	0.433059449009	0.497341710971	0.551474142098	0.53697438376	0.487191880135	0.394393426776	0.446109231513	0.679555340744	0.596906718221	0.446109231513	0.514741420976	0.435959400677	0.591590140164	0.516674722088	0.685355244079	0.662155630739	0.517158047366	0.505558240696	0.480425326245	0.663122281295	0.589656839053	0.62493958434	0.626389560174	0.603189946834	0.646689221846	0.512808119865	0.519091348478	0.522474625423	0.537941034316	0.536491058482	0.638472692122	0.55775737071	0.630739487675	0.478008699855	0.613823102948
AE4	0.634606089899	0.512324794587	0.948284195263	0.639439342678	0.594006766554	0.514258095698	0.358627356211	0.40502658289	0.516674722088	0.0	0.576607056549	0.52537457709	0.574673755437	0.861285645239	0.544224262929	0.565490575157	0.584340260996	0.585790236829	0.940067665539	0.760270662156	0.655389076849	0.600773320445	0.598840019333	0.584823586274	0.910101498308	0.608023199613	0.593523441276	0.590140164331	0.580473658772	0.599806669889	0.643305944901	0.591590140164	0.522957950701	0.546157564041	0.701788303528	0.615273078782	0.568873852102	0.463508941518	0.536007733204	0.528274528758	0.497341710971	0.579990333494	0.552924117931	0.496375060416	0.600289995167	0.587723537941	0.715804736588	0.650072498792	0.695021749638	0.676655389077	0.666988883519	0.693571773804	0.593523441276	0.588690188497	0.588206863219	0.588206863219	0.570323827936	0.681005316578	0.585790236829	0.678105364911	0.588206863219	0.669888835186
AF3	0.62493958434	0.576607056549	0.969550507492	0.658289028516	0.621072982117	0.347027549541	0.681971967134	0.42822619623	0.414693088449	0.576607056549	0.0	0.51619139681	0.544224262929	0.884001933301	0.622039632673	0.590140164331	0.452875785404	0.434509424843	0.950217496375	0.77767037216	0.602223296278	0.543257612373	0.434026099565	0.430159497342	0.926051232479	0.614306428226	0.429192846786	0.4813919768	0.545674238763	0.596906718221	0.53020782987	0.511841469309	0.447075882069	0.492025132914	0.676655389077	0.611406476559	0.413243112615	0.537457709038	0.440792653456	0.616239729338	0.536491058482	0.719188013533	0.706138231029	0.549057515708	0.505558240696	0.481875302078	0.66892218463	0.597873368777	0.650072498792	0.626872885452	0.607056549058	0.643789270179	0.53697438376	0.515224746254	0.526824552924	0.544224262929	0.570807153214	0.638472692122	0.585790236829	0.62735621073	0.493958434026	0.617206379894
AF4	0.589656839053	0.513291445143	0.933301111648	0.629772837119	0.322377960367	0.381343644273	0.605123247946	0.47220879652	0.49299178347	0.52537457709	0.51619139681	0.0	0.550024166264	0.850652489125	0.55775737071	0.539874335428	0.563073948768	0.521991300145	0.887868535524	0.729337844369	0.671822136298	0.619139681005	0.637989366844	0.619139681005	0.848235862736	0.621556307395	0.572740454326	0.591590140164	0.613823102948	0.64572257129	0.637989366844	0.585306911551	0.525857902368	0.55099081682	0.613823102948	0.53020782987	0.545674238763	0.541807636539	0.503141614306	0.492025132914	0.502658289029	0.629772837119	0.608989850169	0.498791686805	0.565973900435	0.551474142098	0.595940067666	0.536007733204	0.588690188497	0.550507491542	0.541324311261	0.577573707105	0.476075398743	0.498308361527	0.519091348478	0.491058482359	0.551474142098	0.563073948768	0.550024166264	0.559690671822	0.541324311261	0.545190913485
AG3	0.590623489609	0.484775253746	0.962783953601	0.492508458192	0.600773320445	0.500241662639	0.6389560174	0.514258095698	0.501208313195	0.574673755437	0.544224262929	0.550024166264	0.0	0.840985983567	0.519574673755	0.528274528758	0.51377477042	0.489608506525	0.927984533591	0.750604156597	0.673272112131	0.608989850169	0.597873368777	0.582406959884	0.884001933301	0.621072982117	0.548090865152	0.559690671822	0.590623489609	0.622039632673	0.63653939101	0.564040599323	0.528757854036	0.525857902368	0.670855485742	0.609473175447	0.540840985984	0.563073948768	0.510391493475	0.566457225713	0.51377477042	0.679072015466	0.652489125181	0.541807636539	0.578057032383	0.546640889319	0.622039632673	0.567907201547	0.615273078782	0.60657322378	0.586273562107	0.607056549058	0.50459159014	0.517158047366	0.536491058482	0.520541324311	0.534074432093	0.611406476559	0.542774287095	0.61333977767	0.492025132914	0.589656839053
AG4	0.849202513291	0.852585790237	0.352827452876	0.557274045433	0.826002899952	0.872885451909	0.868535524408	0.854519091348	0.847752537458	0.861285645239	0.884001933301	0.850652489125	0.840985983567	0.0	0.865152247463	0.849685838569	0.892218463026	0.889801836636	0.704204929918	0.6805219913	0.827936201063	0.822136297728	0.884485258579	0.872402126631	0.82165297245	0.815853069116	0.86805219913	0.850652489125	0.761720637989	0.753987433543	0.881101981634	0.876752054132	0.874335427743	0.875785403577	0.897535041083	0.882068632189	0.88883518608	0.860318994683	0.886418559691	0.876268728855	0.8796520058	0.845819236346	0.838569357177	0.867085548574	0.898501691638	0.890768487192	0.880618656356	0.886418559691	0.886418559691	0.884968583857	0.895118414693	0.885451909135	0.888351860802	0.889318511358	0.894635089415	0.887868535524	0.886901884969	0.885935234413	0.884968583857	0.884485258579	0.895601739971	0.892701788304
AH3	0.654422426293	0.370710488159	0.954567423876	0.619623006283	0.612856452392	0.554857419043	0.581440309328	0.542774287095	0.555824069599	0.544224262929	0.622039632673	0.55775737071	0.519574673755	0.865152247463	0.0	0.529724504592	0.587240212663	0.596423392943	0.924601256646	0.756404059932	0.706621556307	0.638472692122	0.633156114065	0.625906234896	0.90285161914	0.673272112131	0.631222812953	0.62493958434	0.644272595457	0.666505558241	0.691638472692	0.631222812953	0.541324311261	0.578057032383	0.720637989367	0.635089415176	0.622522957951	0.541807636539	0.59255679072	0.551957467376	0.549540840986	0.608989850169	0.570807153214	0.5601739971	0.64813919768	0.62493958434	0.693088448526	0.620106331561	0.653455775737	0.650072498792	0.639439342678	0.669888835186	0.582890285162	0.590623489609	0.603673272112	0.60415659739	0.568873852102	0.665055582407	0.563073948768	0.653939101015	0.587723537941	0.632189463509
AH4	0.334944417593	0.368777187047	0.936201063316	0.599806669889	0.604639922668	0.544224262929	0.634606089899	0.533591106815	0.537457709038	0.565490575157	0.590140164331	0.539874335428	0.528274528758	0.849685838569	0.529724504592	0.0	0.541324311261	0.546157564041	0.878685355244	0.716288061866	0.634606089899	0.573707104882	0.583856935718	0.568390526825	0.849685838569	0.598356694055	0.56259062349	0.555824069599	0.574673755437	0.594006766554	0.59497341711	0.564040599323	0.554374093765	0.559207346544	0.707588206863	0.635572740454	0.582406959884	0.585306911551	0.550507491542	0.572740454326	0.53939101015	0.674238762687	0.65732237796	0.572740454326	0.604639922668	0.581440309328	0.661672305462	0.594490091832	0.661188980184	0.623489608507	0.607056549058	0.631706138231	0.533107781537	0.521991300145	0.545190913485	0.532141130981	0.521991300145	0.621072982117	0.529724504592	0.630739487675	0.553890768487	0.619623006283
AA7	0.568873852102	0.541324311261	0.966650555824	0.646205896568	0.625422909618	0.489608506525	0.684871918801	0.473175447076	0.441759304012	0.584340260996	0.452875785404	0.563073948768	0.51377477042	0.892218463026	0.587240212663	0.541324311261	0.0	0.292411793137	0.920734654422	0.761720637989	0.595940067666	0.521991300145	0.472692121798	0.458192363461	0.871435476075	0.581440309328	0.447075882069	0.454809086515	0.540357660706	0.586756887385	0.503141614306	0.423876268729	0.443209279845	0.496858385694	0.717738037699	0.65973900435	0.470758820686	0.558240695988	0.484775253746	0.595940067666	0.54857419043	0.720154664089	0.698405026583	0.585790236829	0.550507491542	0.51619139681	0.665055582407	0.603189946834	0.673272112131	0.650072498792	0.607056549058	0.639439342678	0.514258095698	0.51619139681	0.531174480425	0.534074432093	0.528274528758	0.628806186564	0.53020782987	0.654905751571	0.489125181247	0.62735621073
AA8	0.572257129048	0.557274045433	0.967133881102	0.653939101015	0.593040115998	0.459159014016	0.685838569357	0.443209279845	0.417109714838	0.585790236829	0.434509424843	0.521991300145	0.489608506525	0.889801836636	0.596423392943	0.546157564041	0.292411793137	0.0	0.925084581924	0.762203963267	0.587723537941	0.510391493475	0.488158530691	0.475592073465	0.867568873852	0.574673755437	0.434509424843	0.443692605123	0.538424359594	0.587723537941	0.48380860319	0.384726921218	0.425326244563	0.46979217013	0.694055099082	0.634606089899	0.452392460126	0.549057515708	0.458675688739	0.590140164331	0.528757854036	0.720637989367	0.700821652972	0.556307394877	0.520057999033	0.486708554857	0.630256162397	0.572257129048	0.647172547124	0.616723054616	0.58337361044	0.612856452392	0.488641855969	0.494441759304	0.506524891252	0.508941517641	0.533591106815	0.604639922668	0.538424359594	0.622039632673	0.466408893185	0.60415659739
AB7	0.857902368294	0.890768487192	0.734171097148	0.727887868536	0.869018849686	0.926051232479	0.939101014983	0.924117931368	0.92363460609	0.940067665539	0.950217496375	0.887868535524	0.927984533591	0.704204929918	0.924601256646	0.878685355244	0.920734654422	0.925084581924	0.0	0.412759787337	0.811986466892	0.834219429676	0.931851135814	0.919768003867	0.737554374094	0.815853069116	0.892218463026	0.874818753021	0.737071048816	0.707104881585	0.886418559691	0.895118414693	0.926534557757	0.932334461092	0.939584340261	0.936684388594	0.947317544708	0.913484775254	0.94441759304	0.927017883035	0.934267762204	0.873852102465	0.871435476075	0.915901401643	0.964717254712	0.944900918318	0.929434509425	0.927017883035	0.941517641373	0.927501208313	0.930884485259	0.924117931368	0.921701304978	0.9212179797	0.922184630256	0.917351377477	0.924601256646	0.919768003867	0.924117931368	0.925567907202	0.95360077332	0.926534557757
AB8	0.699855002417	0.722087965201	0.758337361044	0.563073948768	0.741420976317	0.755920734654	0.762687288545	0.747220879652	0.750604156597	0.760270662156	0.77767037216	0.729337844369	0.750604156597	0.6805219913	0.756404059932	0.716288061866	0.761720637989	0.762203963267	0.412759787337	0.0	0.642339294345	0.661672305462	0.749154180764	0.738037699372	0.732237796037	0.649589173514	0.714354760754	0.692605123248	0.525857902368	0.520057999033	0.731271145481	0.733204446593	0.754470758821	0.759787336878	0.801836636056	0.763170613823	0.770420492992	0.734171097148	0.764137264379	0.756404059932	0.755920734654	0.711454809087	0.703238279362	0.737554374094	0.788786853552	0.76848719188	0.807636539391	0.762203963267	0.800386660222	0.767520541324	0.768970517158	0.783470275495	0.764137264379	0.761237312711	0.758820686322	0.754954084099	0.752054132431	0.773803769937	0.759787336878	0.753987433543	0.778637022716	0.759787336878
AC7	0.621072982117	0.663122281295	0.897535041083	0.674722087965	0.714354760754	0.606089898502	0.728854519091	0.597390043499	0.567423876269	0.655389076849	0.602223296278	0.671822136298	0.673272112131	0.827936201063	0.706621556307	0.634606089899	0.595940067666	0.587723537941	0.811986466892	0.642339294345	0.0	0.352344127598	0.574190430159	0.562107298212	0.826002899952	0.587723537941	0.557274045433	0.510874818753	0.472692121798	0.496858385694	0.572740454326	0.549540840986	0.575640405993	0.598356694055	0.812953117448	0.749637506042	0.629772837119	0.628322861286	0.604639922668	0.714838086032	0.666505558241	0.717254712421	0.713871435476	0.653939101015	0.63653939101	0.611406476559	0.820202996617	0.749154180764	0.794586756887	0.785403576607	0.750604156597	0.790720154664	0.676655389077	0.662638956017	0.678105364911	0.695021749638	0.669405509908	0.782986950217	0.677622039633	0.784436926051	0.618173030449	0.77090381827
AC8	0.579507008217	0.59255679072	0.896085065249	0.623489608507	0.670855485742	0.547607539874	0.688255195747	0.519574673755	0.482841952634	0.600773320445	0.543257612373	0.619139681005	0.608989850169	0.822136297728	0.638472692122	0.573707104882	0.521991300145	0.510391493475	0.834219429676	0.661672305462	0.352344127598	0.0	0.501691638473	0.488158530691	0.827452875785	0.543257612373	0.426776220396	0.383760270662	0.445625906235	0.475108748188	0.525857902368	0.47220879652	0.491541807637	0.522474625423	0.753504108265	0.685355244079	0.555824069599	0.564040599323	0.536491058482	0.650072498792	0.594490091832	0.671822136298	0.665055582407	0.593040115998	0.581440309328	0.548090865152	0.74528757854	0.669888835186	0.731271145481	0.722087965201	0.680038666022	0.711454809087	0.60657322378	0.590140164331	0.599323344611	0.622039632673	0.587240212663	0.70372160464	0.601739971	0.720154664089	0.542290961817	0.695505074915
AD7	0.609956500725	0.587240212663	0.959400676655	0.669888835186	0.714354760754	0.533107781537	0.694055099082	0.499275012083	0.475108748188	0.598840019333	0.434026099565	0.637989366844	0.597873368777	0.884485258579	0.633156114065	0.583856935718	0.472692121798	0.488158530691	0.931851135814	0.749154180764	0.574190430159	0.501691638473	0.0	0.277912034799	0.897535041083	0.521024649589	0.434509424843	0.455775737071	0.515224746254	0.563557274045	0.50700821653	0.479458675689	0.48380860319	0.535041082649	0.755437409377	0.679072015466	0.500724987917	0.576123731271	0.529241179314	0.643305944901	0.594006766554	0.727887868536	0.700338327695	0.605123247946	0.565973900435	0.542290961817	0.751570807153	0.670372160464	0.732237796037	0.720637989367	0.678588690188	0.708071532141	0.609473175447	0.597873368777	0.599806669889	0.617689705172	0.589173513775	0.710488158531	0.597873368777	0.71532141131	0.560657322378	0.688738521025
AD8	0.596906718221	0.565007249879	0.945384243596	0.650072498792	0.692605123248	0.514741420976	0.691155147414	0.470758820686	0.451909134848	0.584823586274	0.430159497342	0.619139681005	0.582406959884	0.872402126631	0.625906234896	0.568390526825	0.458192363461	0.475592073465	0.919768003867	0.738037699372	0.562107298212	0.488158530691	0.277912034799	0.0	0.866602223296	0.495891735138	0.402609956501	0.423392943451	0.481875302078	0.535524407927	0.499275012083	0.473175447076	0.47220879652	0.517641372644	0.74770420493	0.672305461576	0.488158530691	0.556790720155	0.519091348478	0.631222812953	0.580473658772	0.716288061866	0.690671822136	0.577573707105	0.553407443209	0.529241179314	0.736587723538	0.655389076849	0.721604639923	0.705654905752	0.662638956017	0.695021749638	0.595456742388	0.581923634606	0.587240212663	0.605606573224	0.575157080715	0.696471725471	0.589656839053	0.701788303528	0.545190913485	0.674722087965
AE7	0.825036249396	0.873368777187	0.845819236346	0.796036732721	0.827452875785	0.897051715805	0.917351377477	0.896568390527	0.893185113581	0.910101498308	0.926051232479	0.848235862736	0.884001933301	0.82165297245	0.90285161914	0.849685838569	0.871435476075	0.867568873852	0.737554374094	0.732237796037	0.826002899952	0.827452875785	0.897535041083	0.866602223296	0.0	0.545674238763	0.873368777187	0.855002416626	0.771870468826	0.778637022716	0.840502658289	0.841952634123	0.905268245529	0.905751570807	0.926051232479	0.918801353311	0.918318028033	0.898501691638	0.906234896085	0.883035282745	0.899951667472	0.873368777187	0.86805219913	0.888351860802	0.940067665539	0.916868052199	0.895118414693	0.902368293862	0.919768003867	0.893668438859	0.905751570807	0.896568390527	0.890285161914	0.894635089415	0.903334944418	0.890768487192	0.907201546641	0.892218463026	0.90043499275	0.903818269696	0.918318028033	0.905268245529
AE8	0.595940067666	0.610923151281	0.892701788304	0.634122764621	0.678588690188	0.58337361044	0.678105364911	0.586273562107	0.585306911551	0.608023199613	0.614306428226	0.621556307395	0.621072982117	0.815853069116	0.673272112131	0.598356694055	0.581440309328	0.574673755437	0.815853069116	0.649589173514	0.587723537941	0.543257612373	0.521024649589	0.495891735138	0.545674238763	0.0	0.56259062349	0.546640889319	0.51619139681	0.511358144031	0.57177380377	0.544224262929	0.598840019333	0.597873368777	0.755437409377	0.697438376027	0.61333977767	0.594006766554	0.597873368777	0.649105848236	0.612856452392	0.677138714355	0.658289028516	0.616239729338	0.626872885452	0.605606573224	0.741904301595	0.678105364911	0.753504108265	0.701788303528	0.684388593523	0.716288061866	0.645239246013	0.625906234896	0.623489608507	0.634122764621	0.635572740454	0.705654905752	0.644755920735	0.701788303528	0.60657322378	0.687288545191
AF7	0.577090381827	0.5601739971	0.943450942484	0.656355727405	0.644755920735	0.492025132914	0.693088448526	0.445625906235	0.436926051232	0.593523441276	0.429192846786	0.572740454326	0.548090865152	0.86805219913	0.631222812953	0.56259062349	0.447075882069	0.434509424843	0.892218463026	0.714354760754	0.557274045433	0.426776220396	0.434509424843	0.402609956501	0.873368777187	0.56259062349	0.0	0.304978250362	0.490091831803	0.537457709038	0.483325277912	0.469308844853	0.442725954567	0.477042049299	0.689221846303	0.632189463509	0.446109231513	0.52537457709	0.480908651522	0.602223296278	0.538907684872	0.70372160464	0.672788786854	0.545674238763	0.517641372644	0.493958434026	0.669888835186	0.601739971	0.670855485742	0.65732237796	0.612856452392	0.639922667956	0.545674238763	0.521507974867	0.532624456259	0.553890768487	0.543257612373	0.637506041566	0.55775737071	0.657805703238	0.478492025133	0.626872885452
AF8	0.569840502658	0.557274045433	0.925567907202	0.639922667956	0.660222329628	0.511841469309	0.690671822136	0.465925567907	0.433059449009	0.590140164331	0.4813919768	0.591590140164	0.559690671822	0.850652489125	0.62493958434	0.555824069599	0.454809086515	0.443692605123	0.874818753021	0.692605123248	0.510874818753	0.383760270662	0.455775737071	0.423392943451	0.855002416626	0.546640889319	0.304978250362	0.0	0.459159014016	0.510874818753	0.503624939584	0.452875785404	0.435476075399	0.489125181247	0.712421459642	0.654905751571	0.4813919768	0.523441275979	0.497341710971	0.598356694055	0.55775737071	0.683905268246	0.656839052682	0.552440792653	0.544707588207	0.519574673755	0.692605123248	0.621556307395	0.686805219913	0.679072015466	0.634122764621	0.65973900435	0.56259062349	0.54857419043	0.556307394877	0.573223779604	0.538424359594	0.653939101015	0.5601739971	0.678105364911	0.497825036249	0.644272595457
AG7	0.582406959884	0.586273562107	0.843402609957	0.544707588207	0.660705654906	0.539874335428	0.694055099082	0.505074915418	0.497341710971	0.580473658772	0.545674238763	0.613823102948	0.590623489609	0.761720637989	0.644272595457	0.574673755437	0.540357660706	0.538424359594	0.737071048816	0.525857902368	0.472692121798	0.445625906235	0.515224746254	0.481875302078	0.771870468826	0.51619139681	0.490091831803	0.459159014016	0.0	0.315128081199	0.553890768487	0.509908168197	0.519574673755	0.536007733204	0.750120831319	0.672788786854	0.541807636539	0.553890768487	0.536007733204	0.626389560174	0.578540357661	0.662638956017	0.635572740454	0.576123731271	0.579990333494	0.552440792653	0.744804253262	0.665538907685	0.717738037699	0.710488158531	0.66892218463	0.708071532141	0.608989850169	0.593523441276	0.600289995167	0.613823102948	0.605606573224	0.705171580474	0.620106331561	0.705171580474	0.559690671822	0.68293861769
AG8	0.597390043499	0.608506524891	0.840502658289	0.584340260996	0.6805219913	0.576123731271	0.685355244079	0.555340744321	0.551474142098	0.599806669889	0.596906718221	0.64572257129	0.622039632673	0.753987433543	0.666505558241	0.594006766554	0.586756887385	0.587723537941	0.707104881585	0.520057999033	0.496858385694	0.475108748188	0.563557274045	0.535524407927	0.778637022716	0.511358144031	0.537457709038	0.510874818753	0.315128081199	0.0	0.577573707105	0.556307394877	0.565973900435	0.579023682939	0.778637022716	0.70372160464	0.59255679072	0.579990333494	0.584823586274	0.661188980184	0.605606573224	0.666988883519	0.654905751571	0.602223296278	0.621072982117	0.594006766554	0.763653939101	0.68293861769	0.741904301595	0.728371193813	0.692605123248	0.721604639923	0.642339294345	0.626389560174	0.623006283229	0.634122764621	0.633639439343	0.720154664089	0.644755920735	0.720154664089	0.596423392943	0.698888351861
AH7	0.598356694055	0.630739487675	0.953117448043	0.695505074915	0.697921701305	0.582890285162	0.721121314645	0.535524407927	0.53697438376	0.643305944901	0.53020782987	0.637989366844	0.63653939101	0.881101981634	0.691638472692	0.59497341711	0.503141614306	0.48380860319	0.886418559691	0.731271145481	0.572740454326	0.525857902368	0.50700821653	0.499275012083	0.840502658289	0.57177380377	0.483325277912	0.503624939584	0.553890768487	0.577573707105	0.0	0.342194296762	0.56935717738	0.60657322378	0.778637022716	0.72692121798	0.550024166264	0.623006283229	0.591106814886	0.656839052682	0.632672788787	0.761237312711	0.748670855486	0.655389076849	0.63653939101	0.617206379894	0.761720637989	0.704204929918	0.766553890768	0.732721121315	0.703238279362	0.731754470759	0.624456259062	0.621556307395	0.617689705172	0.639439342678	0.628806186564	0.725471242146	0.626872885452	0.73610439826	0.604639922668	0.724987916868
AH8	0.58337361044	0.573707104882	0.953117448043	0.655872402127	0.658289028516	0.522957950701	0.695505074915	0.504108264862	0.487191880135	0.591590140164	0.511841469309	0.585306911551	0.564040599323	0.876752054132	0.631222812953	0.564040599323	0.423876268729	0.384726921218	0.895118414693	0.733204446593	0.549540840986	0.47220879652	0.479458675689	0.473175447076	0.841952634123	0.544224262929	0.469308844853	0.452875785404	0.509908168197	0.556307394877	0.342194296762	0.0	0.49299178347	0.524891251812	0.742870952151	0.6805219913	0.522474625423	0.563073948768	0.528757854036	0.602223296278	0.576123731271	0.712421459642	0.695988400193	0.600289995167	0.568390526825	0.542774287095	0.712421459642	0.642822619623	0.713871435476	0.677622039633	0.649589173514	0.681488641856	0.56935717738	0.559690671822	0.570807153214	0.582890285162	0.558724021266	0.673272112131	0.565007249879	0.680038666022	0.530691155147	0.664088931851
AA5	0.600289995167	0.524407926535	0.955050749154	0.648622522958	0.596906718221	0.454325761237	0.620589656839	0.403576607057	0.394393426776	0.522957950701	0.447075882069	0.525857902368	0.528757854036	0.874335427743	0.541324311261	0.554374093765	0.443209279845	0.425326244563	0.926534557757	0.754470758821	0.575640405993	0.491541807637	0.48380860319	0.47220879652	0.905268245529	0.598840019333	0.442725954567	0.435476075399	0.519574673755	0.565973900435	0.56935717738	0.49299178347	0.0	0.352827452876	0.690671822136	0.595940067666	0.471725471242	0.449975833736	0.462542290962	0.544224262929	0.476075398743	0.62493958434	0.599806669889	0.479458675689	0.519574673755	0.475592073465	0.698888351861	0.625906234896	0.658772353794	0.661188980184	0.643789270179	0.677138714355	0.521991300145	0.550024166264	0.563073948768	0.560657322378	0.526824552924	0.662638956017	0.555340744321	0.652005799903	0.494441759304	0.647655872402
AA6	0.611406476559	0.532141130981	0.955050749154	0.652972450459	0.612856452392	0.455292411793	0.643305944901	0.447075882069	0.446109231513	0.546157564041	0.492025132914	0.55099081682	0.525857902368	0.875785403577	0.578057032383	0.559207346544	0.496858385694	0.46979217013	0.932334461092	0.759787336878	0.598356694055	0.522474625423	0.535041082649	0.517641372644	0.905751570807	0.597873368777	0.477042049299	0.489125181247	0.536007733204	0.579023682939	0.60657322378	0.524891251812	0.352827452876	0.0	0.674722087965	0.576123731271	0.507974867086	0.492508458192	0.478492025133	0.57177380377	0.501208313195	0.654905751571	0.636056065732	0.501208313195	0.441275978734	0.407926534558	0.684388593523	0.611406476559	0.644755920735	0.649105848236	0.623006283229	0.65732237796	0.525857902368	0.529241179314	0.540840985984	0.544707588207	0.53697438376	0.651039149348	0.559207346544	0.644755920735	0.490091831803	0.6389560174
AB5	0.753020782987	0.677622039633	0.969550507492	0.735137747704	0.617206379894	0.639439342678	0.748670855486	0.649589173514	0.679555340744	0.701788303528	0.676655389077	0.613823102948	0.670855485742	0.897535041083	0.720637989367	0.707588206863	0.717738037699	0.694055099082	0.939584340261	0.801836636056	0.812953117448	0.753504108265	0.755437409377	0.74770420493	0.926051232479	0.755437409377	0.689221846303	0.712421459642	0.750120831319	0.778637022716	0.778637022716	0.742870952151	0.690671822136	0.674722087965	0.0	0.310778153697	0.618173030449	0.681005316578	0.62735621073	0.626389560174	0.623006283229	0.743837602707	0.732237796037	0.642822619623	0.631222812953	0.621072982117	0.609956500725	0.61333977767	0.62735621073	0.606089898502	0.624456259062	0.612856452392	0.602706621556	0.598840019333	0.614306428226	0.598840019333	0.655389076849	0.601739971	0.659255679072	0.612856452392	0.664088931851	0.623972933784
AB6	0.68970517158	0.603189946834	0.961333977767	0.66892218463	0.580473658772	0.5601739971	0.669888835186	0.56259062349	0.596906718221	0.615273078782	0.611406476559	0.53020782987	0.609473175447	0.882068632189	0.635089415176	0.635572740454	0.65973900435	0.634606089899	0.936684388594	0.763170613823	0.749637506042	0.685355244079	0.679072015466	0.672305461576	0.918801353311	0.697438376027	0.632189463509	0.654905751571	0.672788786854	0.70372160464	0.72692121798	0.6805219913	0.595940067666	0.576123731271	0.310778153697	0.0	0.559207346544	0.59255679072	0.568390526825	0.555340744321	0.548090865152	0.667472208797	0.649105848236	0.53697438376	0.565007249879	0.546640889319	0.607056549058	0.555340744321	0.595456742388	0.572257129048	0.573223779604	0.593523441276	0.534074432093	0.549540840986	0.567907201547	0.549057515708	0.589173513775	0.573707104882	0.597873368777	0.571290478492	0.621556307395	0.569840502658
AC5	0.616723054616	0.570323827936	0.971967133881	0.654422426293	0.616723054616	0.467375543741	0.673272112131	0.435959400677	0.446109231513	0.568873852102	0.413243112615	0.545674238763	0.540840985984	0.88883518608	0.622522957951	0.582406959884	0.470758820686	0.452392460126	0.947317544708	0.770420492992	0.629772837119	0.555824069599	0.500724987917	0.488158530691	0.918318028033	0.61333977767	0.446109231513	0.4813919768	0.541807636539	0.59255679072	0.550024166264	0.522474625423	0.471725471242	0.507974867086	0.618173030449	0.559207346544	0.0	0.435959400677	0.438859352344	0.58095698405	0.520057999033	0.711454809087	0.675205413243	0.535041082649	0.470758820686	0.456259062349	0.602706621556	0.547124214596	0.607539874335	0.585306911551	0.560657322378	0.589173513775	0.492025132914	0.470758820686	0.482358627356	0.497341710971	0.564040599323	0.575640405993	0.572257129048	0.573223779604	0.498791686805	0.569840502658
AC6	0.635089415176	0.527307878202	0.951667472209	0.652972450459	0.603673272112	0.505558240696	0.538424359594	0.463992266796	0.514741420976	0.463508941518	0.537457709038	0.541807636539	0.563073948768	0.860318994683	0.541807636539	0.585306911551	0.558240695988	0.549057515708	0.913484775254	0.734171097148	0.628322861286	0.564040599323	0.576123731271	0.556790720155	0.898501691638	0.594006766554	0.52537457709	0.523441275979	0.553890768487	0.579990333494	0.623006283229	0.563073948768	0.449975833736	0.492508458192	0.681005316578	0.59255679072	0.435959400677	0.0	0.512324794587	0.523924601257	0.500241662639	0.489608506525	0.457225712905	0.432092798453	0.564523924601	0.543740937651	0.679072015466	0.630739487675	0.660222329628	0.644755920735	0.63653939101	0.667955534074	0.588206863219	0.579990333494	0.572257129048	0.577573707105	0.562107298212	0.658289028516	0.572257129048	0.642822619623	0.550507491542	0.649105848236
AD6	0.599323344611	0.538907684872	0.971483808603	0.6389560174	0.58095698405	0.414209763171	0.629772837119	0.433059449009	0.435959400677	0.536007733204	0.440792653456	0.503141614306	0.510391493475	0.886418559691	0.59255679072	0.550507491542	0.484775253746	0.458675688739	0.94441759304	0.764137264379	0.604639922668	0.536491058482	0.529241179314	0.519091348478	0.906234896085	0.597873368777	0.480908651522	0.497341710971	0.536007733204	0.584823586274	0.591106814886	0.528757854036	0.462542290962	0.478492025133	0.62735621073	0.568390526825	0.438859352344	0.512324794587	0.0	0.535524407927	0.410826486225	0.704688255196	0.671822136298	0.534074432093	0.478492025133	0.455775737071	0.595456742388	0.529241179314	0.575157080715	0.568873852102	0.551474142098	0.577090381827	0.461575640406	0.457709038183	0.468825519575	0.478008699855	0.536491058482	0.575640405993	0.531657805703	0.573707104882	0.453359110681	0.552440792653
AE5	0.617206379894	0.525857902368	0.971000483325	0.643305944901	0.554374093765	0.541324311261	0.586273562107	0.526341227646	0.591590140164	0.528274528758	0.616239729338	0.492025132914	0.566457225713	0.876268728855	0.551957467376	0.572740454326	0.595940067666	0.590140164331	0.927017883035	0.756404059932	0.714838086032	0.650072498792	0.643305944901	0.631222812953	0.883035282745	0.649105848236	0.602223296278	0.598356694055	0.626389560174	0.661188980184	0.656839052682	0.602223296278	0.544224262929	0.57177380377	0.626389560174	0.555340744321	0.58095698405	0.523924601257	0.535524407927	0.0	0.362977283712	0.605123247946	0.580473658772	0.506524891252	0.620106331561	0.602706621556	0.645239246013	0.587723537941	0.628322861286	0.603673272112	0.611406476559	0.630739487675	0.526341227646	0.558240695988	0.58337361044	0.536007733204	0.532624456259	0.617206379894	0.545674238763	0.608989850169	0.56935717738	0.619623006283
AE6	0.601739971	0.493475108748	0.970517158047	0.628322861286	0.560657322378	0.463992266796	0.574673755437	0.457225712905	0.516674722088	0.497341710971	0.536491058482	0.502658289029	0.51377477042	0.8796520058	0.549540840986	0.53939101015	0.54857419043	0.528757854036	0.934267762204	0.755920734654	0.666505558241	0.594490091832	0.594006766554	0.580473658772	0.899951667472	0.612856452392	0.538907684872	0.55775737071	0.578540357661	0.605606573224	0.632672788787	0.576123731271	0.476075398743	0.501208313195	0.623006283229	0.548090865152	0.520057999033	0.500241662639	0.410826486225	0.362977283712	0.0	0.638472692122	0.617206379894	0.48380860319	0.553407443209	0.526824552924	0.6389560174	0.578540357661	0.600289995167	0.596906718221	0.601256645723	0.623972933784	0.498791686805	0.499758337361	0.508458192363	0.506524891252	0.510874818753	0.608023199613	0.524407926535	0.596423392943	0.506041565974	0.599323344611
AF5	0.713871435476	0.627839536008	0.929434509425	0.668438859352	0.667955534074	0.667955534074	0.551957467376	0.639439342678	0.685355244079	0.579990333494	0.719188013533	0.629772837119	0.679072015466	0.845819236346	0.608989850169	0.674238762687	0.720154664089	0.720637989367	0.873852102465	0.711454809087	0.717254712421	0.671822136298	0.727887868536	0.716288061866	0.873368777187	0.677138714355	0.70372160464	0.683905268246	0.662638956017	0.666988883519	0.761237312711	0.712421459642	0.62493958434	0.654905751571	0.743837602707	0.667472208797	0.711454809087	0.489608506525	0.704688255196	0.605123247946	0.638472692122	0.0	0.274045432576	0.538424359594	0.722087965201	0.711938134364	0.753020782987	0.719188013533	0.742387626873	0.713871435476	0.732721121315	0.752054132431	0.692605123248	0.714354760754	0.720154664089	0.704204929918	0.677138714355	0.739487675205	0.68293861769	0.710488158531	0.71290478492	0.730787820203
AF6	0.702754954084	0.601256645723	0.925084581924	0.662155630739	0.655872402127	0.652005799903	0.538424359594	0.612856452392	0.662155630739	0.552924117931	0.706138231029	0.608989850169	0.652489125181	0.838569357177	0.570807153214	0.65732237796	0.698405026583	0.700821652972	0.871435476075	0.703238279362	0.713871435476	0.665055582407	0.700338327695	0.690671822136	0.86805219913	0.658289028516	0.672788786854	0.656839052682	0.635572740454	0.654905751571	0.748670855486	0.695988400193	0.599806669889	0.636056065732	0.732237796037	0.649105848236	0.675205413243	0.457225712905	0.671822136298	0.580473658772	0.617206379894	0.274045432576	0.0	0.514258095698	0.701788303528	0.68970517158	0.739971000483	0.696471725471	0.723537941034	0.695988400193	0.696471725471	0.730787820203	0.674722087965	0.69212179797	0.69212179797	0.678105364911	0.649589173514	0.716771387144	0.653939101015	0.690188496858	0.695021749638	0.698405026583
