	AA3	AA4	AB3	AB4	AC3	AC4	AD3	AD4	AE3	AE4	AF3	AF4	AG3	AG4	AH3	AH4	AA7	AA8	AB7	AB8	AC7	AC8	AD7	AD8	AE7	AE8	AF7	AF8	AG7	AG8	AH7	AH8	AA5	AA6	AB5	AB6	AC5	AC6	AD6	AE5	AE6	AF5	AF6	AG5	AH5	AH6	AA1	AA2	AB1	AB2	AC1	AC2	AD1	AD2	AE1	AE2	AF1	AF2	AG1	AG2	AH1	AH2
AA3	0.0	0.494441759304	0.926534557757	0.637022716288	0.663605606573	0.601256645723	0.686805219913	0.611406476559	0.590140164331	0.629289511841	0.623972933784	0.616723054616	0.601256645723	0.841469308845	0.660705654906	0.339294345094	0.580473658772	0.578540357661	0.869985500242	0.719671338811	0.622522957951	0.585790236829	0.610923151281	0.579507008217	0.827936201063	0.601739971	0.588690188497	0.578540357661	0.589656839053	0.606089898502	0.599806669889	0.571290478492	0.609956500725	0.619139681005	0.748670855486	0.69453842436	0.619139681005	0.626872885452	0.619139681005	0.644755920735	0.616239729338	0.711454809087	0.699855002417	0.633156114065	0.639439342678	0.633639439343	0.689221846303	0.651039149348	0.720154664089	0.677622039633	0.635089415176	0.668438859352	0.578540357661	0.58095698405	0.577573707105	0.584823586274	0.59497341711	0.663605606573	0.589656839053	0.65973900435	0.594006766554	0.655389076849
AA4	0.494441759304	0.0	0.94441759304	0.585790236829	0.579023682939	0.509424842919	0.602223296278	0.493475108748	0.509908168197	0.50700821653	0.568873852102	0.514258095698	0.473658772354	0.853069115515	0.3610439826	0.373610439826	0.544224262929	0.542774287095	0.89125181247	0.734654422426	0.64813919768	0.566457225713	0.579990333494	0.567423876269	0.881101981634	0.625906234896	0.546157564041	0.544224262929	0.596906718221	0.607539874335	0.633156114065	0.588690188497	0.511358144031	0.51377477042	0.67133881102	0.607539874335	0.571290478492	0.511358144031	0.543257612373	0.53697438376	0.498791686805	0.617689705172	0.594006766554	0.51619139681	0.603673272112	0.570323827936	0.663605606573	0.586273562107	0.652489125181	0.622522957951	0.593523441276	0.633639439343	0.542290961817	0.541324311261	0.528274528758	0.538424359594	0.493958434026	0.627839536008	0.504108264862	0.602223296278	0.528757854036	0.591106814886
AB3	0.926534557757	0.94441759304	0.0	0.683421942968	0.908168197197	0.947800869986	0.951184146931	0.93523441276	0.92363460609	0.942484291928	0.964717254712	0.927984533591	0.960367327211	0.347510874819	0.952634122765	0.927501208313	0.96520057999	0.956984050266	0.734171097148	0.737071048816	0.889318511358	0.90285161914	0.959884001933	0.942484291928	0.846785886902	0.884968583857	0.947317544708	0.933784436926	0.836152730788	0.831802803287	0.945867568874	0.952150797487	0.950217496375	0.954567423876	0.966167230546	0.957467375544	0.965683905268	0.942967617206	0.965683905268	0.966167230546	0.964233929435	0.927501208313	0.925084581924	0.943934267762	0.973900434993	0.965683905268	0.965683905268	0.968100531658	0.961817303045	0.964717254712	0.969550507492	0.965683905268	0.966167230546	0.966167230546	0.969550507492	0.96520057999	0.96520057999	0.963750604157	0.96520057999	0.96520057999	0.963750604157	0.96520057999
AB4	0.637022716288	0.585790236829	0.683421942968	0.0	0.647172547124	0.622522957951	0.70130497825	0.62493958434	0.604639922668	0.623972933784	0.652005799903	0.610439826003	0.489125181247	0.569840502658	0.611889801837	0.58337361044	0.640405993233	0.6389560174	0.725471242146	0.559207346544	0.64813919768	0.622039632673	0.656355727405	0.634122764621	0.798453359111	0.631222812953	0.654422426293	0.634606089899	0.540840985984	0.56935717738	0.689221846303	0.651522474625	0.647655872402	0.653455775737	0.735621072982	0.674722087965	0.652489125181	0.631222812953	0.635572740454	0.639439342678	0.630256162397	0.662638956017	0.654905751571	0.62735621073	0.685355244079	0.682455292412	0.708071532141	0.666022232963	0.714354760754	0.681488641856	0.677622039633	0.676655389077	0.634606089899	0.641855969067	0.653939101015	0.637506041566	0.640405993233	0.681488641856	0.639439342678	0.67133881102	0.644272595457	0.665538907685
AC3	0.663605606573	0.579023682939	0.908168197197	0.647172547124	0.0	0.49540840986	0.646205896568	0.545674238763	0.566940550991	0.574673755437	0.629772837119	0.325277912035	0.593040115998	0.826969550507	0.608023199613	0.593040115998	0.628322861286	0.614789753504	0.872885451909	0.7593040116	0.721604639923	0.673755437409	0.721604639923	0.700821652972	0.829869502175	0.6805219913	0.663122281295	0.670372160464	0.675205413243	0.678105364911	0.705654905752	0.663605606573	0.598356694055	0.622039632673	0.620589656839	0.58337361044	0.629772837119	0.579990333494	0.586756887385	0.543740937651	0.542290961817	0.64813919768	0.6389560174	0.559207346544	0.646205896568	0.650072498792	0.60657322378	0.600289995167	0.593523441276	0.588206863219	0.604639922668	0.595456742388	0.547607539874	0.576123731271	0.582890285162	0.570807153214	0.617206379894	0.587240212663	0.61333977767	0.591106814886	0.620589656839	0.609956500725
AC4	0.601256645723	0.509424842919	0.947800869986	0.622522957951	0.49540840986	0.0	0.640405993233	0.420009666506	0.409859835669	0.528757854036	0.348477525375	0.405993233446	0.504108264862	0.861285645239	0.573707104882	0.546157564041	0.468342194297	0.464475592073	0.924601256646	0.758820686322	0.58095698405	0.529241179314	0.518124697922	0.503624939584	0.893185113581	0.586273562107	0.487191880135	0.499275012083	0.536007733204	0.577573707105	0.575157080715	0.511358144031	0.444175930401	0.488641855969	0.64572257129	0.577573707105	0.467858869019	0.50700821653	0.441275978734	0.553407443209	0.479942000967	0.681971967134	0.651522474625	0.509424842919	0.501208313195	0.501691638473	0.634122764621	0.556307394877	0.608506524891	0.590623489609	0.558240695988	0.602706621556	0.49299178347	0.489125181247	0.51619139681	0.506524891252	0.544224262929	0.598840019333	0.549057515708	0.574190430159	0.501691638473	0.562107298212
AD3	0.686805219913	0.602223296278	0.951184146931	0.70130497825	0.646205896568	0.640405993233	0.0	0.53939101015	0.663605606573	0.362977283712	0.691638472692	0.61333977767	0.651522474625	0.866118898018	0.588206863219	0.644272595457	0.698405026583	0.69453842436	0.93523441276	0.77767037216	0.720637989367	0.710004833253	0.710004833253	0.699371677139	0.916868052199	0.695988400193	0.716288061866	0.699371677139	0.707104881585	0.698888351861	0.731754470759	0.704688255196	0.64572257129	0.656839052682	0.744804253262	0.681488641856	0.691155147414	0.546640889319	0.64813919768	0.586273562107	0.590140164331	0.559207346544	0.545674238763	0.565007249879	0.710004833253	0.700821652972	0.778637022716	0.700338327695	0.753987433543	0.732237796037	0.705171580474	0.739004349928	0.661672305462	0.672305461576	0.679555340744	0.671822136298	0.641372643789	0.734654422426	0.645239246013	0.717738037699	0.700821652972	0.716288061866
AD4	0.611406476559	0.493475108748	0.93523441276	0.62493958434	0.545674238763	0.420009666506	0.53939101015	0.0	0.330594490092	0.413243112615	0.444175930401	0.472692121798	0.506041565974	0.851619139681	0.540840985984	0.540357660706	0.478008699855	0.467858869019	0.933784436926	0.771870468826	0.578057032383	0.513291445143	0.518124697922	0.499758337361	0.91203479942	0.601739971	0.464958917351	0.471242145964	0.532624456259	0.575640405993	0.564523924601	0.519091348478	0.403576607057	0.448042532624	0.630739487675	0.565490575157	0.444659255679	0.480908651522	0.435476075399	0.558240695988	0.461575640406	0.64572257129	0.615273078782	0.481875302078	0.503624939584	0.470758820686	0.655872402127	0.570323827936	0.634122764621	0.617689705172	0.579023682939	0.617689705172	0.494441759304	0.502658289029	0.500724987917	0.52537457709	0.518124697922	0.611889801837	0.531174480425	0.592073465442	0.521991300145	0.580473658772
AE3	0.590140164331	0.509908168197	0.92363460609	0.604639922668	0.566940550991	0.409859835669	0.663605606573	0.330594490092	0.0	0.53020782987	0.410826486225	0.497341710971	0.49299178347	0.846785886902	0.558724021266	0.547124214596	0.451909134848	0.444659255679	0.919284678589	0.757854035766	0.538424359594	0.47462542291	0.481875302078	0.466408893185	0.889318511358	0.577090381827	0.436926051232	0.452392460126	0.505074915418	0.551957467376	0.550507491542	0.495891735138	0.408409859836	0.463508941518	0.657805703238	0.602223296278	0.44900918318	0.528757854036	0.44224262929	0.602706621556	0.505074915418	0.69453842436	0.666022232963	0.5186080232	0.497341710971	0.465442242629	0.659255679072	0.584823586274	0.640889318511	0.617689705172	0.579507008217	0.62493958434	0.514741420976	0.509424842919	0.51377477042	0.540840985984	0.541324311261	0.623972933784	0.549540840986	0.594006766554	0.508458192363	0.589173513775
AE4	0.629289511841	0.50700821653	0.942484291928	0.623972933784	0.574673755437	0.528757854036	0.362977283712	0.413243112615	0.53020782987	0.0	0.58337361044	0.523441275979	0.560657322378	0.85645239246	0.528274528758	0.564523924601	0.589656839053	0.585306911551	0.93281778637	0.768970517158	0.654905751571	0.595456742388	0.602706621556	0.586273562107	0.907201546641	0.628322861286	0.595456742388	0.58337361044	0.595456742388	0.607539874335	0.647172547124	0.595940067666	0.538424359594	0.54857419043	0.68293861769	0.612856452392	0.573707104882	0.450942484292	0.548090865152	0.510391493475	0.485741904302	0.561140647656	0.538424359594	0.468825519575	0.605123247946	0.592073465442	0.714838086032	0.630256162397	0.698405026583	0.681971967134	0.646689221846	0.677622039633	0.582406959884	0.575157080715	0.581923634606	0.586756887385	0.561140647656	0.673755437409	0.574673755437	0.653939101015	0.590140164331	0.644755920735
AF3	0.623972933784	0.568873852102	0.964717254712	0.652005799903	0.629772837119	0.348477525375	0.691638472692	0.444175930401	0.410826486225	0.58337361044	0.0	0.534074432093	0.534557757371	0.8796520058	0.616239729338	0.593040115998	0.438859352344	0.426292895118	0.954567423876	0.792170130498	0.576123731271	0.53020782987	0.427742870952	0.421459642339	0.917834702755	0.611406476559	0.431609473175	0.477042049299	0.54857419043	0.599323344611	0.522957950701	0.489608506525	0.41904301595	0.500724987917	0.680038666022	0.629772837119	0.423876268729	0.550507491542	0.465925567907	0.622522957951	0.520541324311	0.720154664089	0.69453842436	0.547607539874	0.503141614306	0.496375060416	0.6805219913	0.601256645723	0.677622039633	0.636056065732	0.602223296278	0.641855969067	0.550507491542	0.528757854036	0.536007733204	0.550024166264	0.577090381827	0.645239246013	0.584340260996	0.610439826003	0.523924601257	0.604639922668
AF4	0.616723054616	0.514258095698	0.927984533591	0.610439826003	0.325277912035	0.405993233446	0.61333977767	0.472692121798	0.497341710971	0.523441275979	0.534074432093	0.0	0.531174480425	0.842919284679	0.547124214596	0.541807636539	0.575640405993	0.564040599323	0.895601739971	0.736587723538	0.681971967134	0.62493958434	0.655872402127	0.636056065732	0.863218946351	0.629772837119	0.600773320445	0.611406476559	0.625906234896	0.627839536008	0.666505558241	0.617206379894	0.541807636539	0.561140647656	0.598356694055	0.528757854036	0.557274045433	0.536491058482	0.509424842919	0.508941517641	0.48380860319	0.626872885452	0.609473175447	0.518124697922	0.556790720155	0.559690671822	0.598356694055	0.519574673755	0.570323827936	0.543257612373	0.537457709038	0.564040599323	0.479942000967	0.502658289029	0.509424842919	0.523441275979	0.558240695988	0.557274045433	0.55775737071	0.525857902368	0.551474142098	0.526341227646
AG3	0.601256645723	0.473658772354	0.960367327211	0.489125181247	0.593040115998	0.504108264862	0.651522474625	0.506041565974	0.49299178347	0.560657322378	0.534557757371	0.531174480425	0.0	0.84726921218	0.527307878202	0.528274528758	0.506524891252	0.505558240696	0.928951184147	0.763653939101	0.655389076849	0.586273562107	0.588206863219	0.583856935718	0.88883518608	0.628322861286	0.532624456259	0.552924117931	0.60657322378	0.620589656839	0.632189463509	0.570807153214	0.510391493475	0.506524891252	0.660705654906	0.60415659739	0.534074432093	0.542774287095	0.520541324311	0.568390526825	0.503141614306	0.667955534074	0.646689221846	0.529241179314	0.575157080715	0.545190913485	0.627839536008	0.564040599323	0.628806186564	0.606089898502	0.569840502658	0.593523441276	0.503141614306	0.519091348478	0.521991300145	0.519574673755	0.521991300145	0.599806669889	0.532624456259	0.589173513775	0.512808119865	0.565490575157
AG4	0.841469308845	0.853069115515	0.347510874819	0.569840502658	0.826969550507	0.861285645239	0.866118898018	0.851619139681	0.846785886902	0.85645239246	0.8796520058	0.842919284679	0.84726921218	0.0	0.867568873852	0.838086031899	0.887868535524	0.882068632189	0.701788303528	0.667472208797	0.815369743838	0.826969550507	0.878202029966	0.861768970517	0.823586273562	0.810536491058	0.869985500242	0.853552440793	0.75688738521	0.742870952151	0.878202029966	0.871918801353	0.87046882552	0.873852102465	0.896085065249	0.884001933301	0.885451909135	0.85645239246	0.884485258579	0.879168680522	0.880135331078	0.846785886902	0.845335911068	0.864668922185	0.892701788304	0.886901884969	0.881101981634	0.884001933301	0.883035282745	0.880135331078	0.889801836636	0.877718704688	0.887868535524	0.883035282745	0.885935234413	0.883518608023	0.884968583857	0.880135331078	0.882551957467	0.880618656356	0.882551957467	0.883035282745
AH3	0.660705654906	0.3610439826	0.952634122765	0.611889801837	0.608023199613	0.573707104882	0.588206863219	0.540840985984	0.558724021266	0.528274528758	0.616239729338	0.547124214596	0.527307878202	0.867568873852	0.0	0.523924601257	0.603189946834	0.60657322378	0.926534557757	0.771870468826	0.691638472692	0.628322861286	0.631706138231	0.623489608507	0.904784920251	0.688255195747	0.619623006283	0.620589656839	0.653455775737	0.665055582407	0.695021749638	0.64572257129	0.561140647656	0.578057032383	0.709038182697	0.649105848236	0.626389560174	0.530691155147	0.598840019333	0.561623972934	0.545190913485	0.591106814886	0.568390526825	0.551957467376	0.656355727405	0.625906234896	0.70372160464	0.619139681005	0.672788786854	0.658772353794	0.639922667956	0.667955534074	0.593040115998	0.605123247946	0.601739971	0.59497341711	0.565490575157	0.65973900435	0.558724021266	0.647172547124	0.585790236829	0.618173030449
AH4	0.339294345094	0.373610439826	0.927501208313	0.58337361044	0.593040115998	0.546157564041	0.644272595457	0.540357660706	0.547124214596	0.564523924601	0.593040115998	0.541807636539	0.528274528758	0.838086031899	0.523924601257	0.0	0.554374093765	0.555824069599	0.868535524408	0.716288061866	0.62735621073	0.574673755437	0.59497341711	0.574190430159	0.843885935234	0.603189946834	0.573707104882	0.566940550991	0.584823586274	0.594006766554	0.60657322378	0.566457225713	0.561140647656	0.56259062349	0.701788303528	0.642339294345	0.598840019333	0.561623972934	0.56935717738	0.586273562107	0.544224262929	0.65973900435	0.639922667956	0.572740454326	0.618656355727	0.602706621556	0.667955534074	0.603189946834	0.670855485742	0.637506041566	0.595940067666	0.629772837119	0.544224262929	0.547124214596	0.536007733204	0.540840985984	0.528274528758	0.628322861286	0.528757854036	0.618173030449	0.550507491542	0.608506524891
AA7	0.580473658772	0.544224262929	0.96520057999	0.640405993233	0.628322861286	0.468342194297	0.698405026583	0.478008699855	0.451909134848	0.589656839053	0.438859352344	0.575640405993	0.506524891252	0.887868535524	0.603189946834	0.554374093765	0.0	0.277912034799	0.924117931368	0.772837119381	0.572740454326	0.499275012083	0.478975350411	0.467375543741	0.873852102465	0.595940067666	0.42822619623	0.446109231513	0.547124214596	0.594490091832	0.509424842919	0.408409859836	0.431609473175	0.496375060416	0.705654905752	0.657805703238	0.464958917351	0.55099081682	0.489608506525	0.607056549058	0.535524407927	0.722571290478	0.69453842436	0.569840502658	0.543257612373	0.517158047366	0.664572257129	0.607056549058	0.686321894635	0.650072498792	0.583856935718	0.629289511841	0.5186080232	0.520057999033	0.520541324311	0.532624456259	0.536491058482	0.61333977767	0.535041082649	0.633639439343	0.505074915418	0.608506524891
AA8	0.578540357661	0.542774287095	0.956984050266	0.6389560174	0.614789753504	0.464475592073	0.69453842436	0.467858869019	0.444659255679	0.585306911551	0.426292895118	0.564040599323	0.505558240696	0.882068632189	0.60657322378	0.555824069599	0.277912034799	0.0	0.914934751087	0.763653939101	0.561140647656	0.484775253746	0.459642339294	0.449492508458	0.862252295795	0.581923634606	0.415176413726	0.441275978734	0.538424359594	0.586273562107	0.46060898985	0.366843885935	0.437892701788	0.496858385694	0.706621556307	0.653455775737	0.454325761237	0.550024166264	0.485258579024	0.610439826003	0.535041082649	0.721604639923	0.691155147414	0.5601739971	0.543257612373	0.517158047366	0.655872402127	0.596906718221	0.679072015466	0.64572257129	0.581923634606	0.623489608507	0.51377477042	0.518124697922	0.523441275979	0.534074432093	0.53697438376	0.612373127115	0.537941034316	0.628322861286	0.506041565974	0.607539874335
AB7	0.869985500242	0.89125181247	0.734171097148	0.725471242146	0.872885451909	0.924601256646	0.93523441276	0.933784436926	0.919284678589	0.93281778637	0.954567423876	0.895601739971	0.928951184147	0.701788303528	0.926534557757	0.868535524408	0.924117931368	0.914934751087	0.0	0.413243112615	0.815369743838	0.846785886902	0.940550990817	0.913968100532	0.734654422426	0.811019816336	0.898985016916	0.882068632189	0.727887868536	0.690671822136	0.886418559691	0.902368293862	0.922667955534	0.934267762204	0.938617689705	0.931367810536	0.942484291928	0.907201546641	0.947800869986	0.929434509425	0.940067665539	0.879168680522	0.873368777187	0.905751570807	0.957467375544	0.956984050266	0.928951184147	0.933301111648	0.937651039149	0.933301111648	0.932334461092	0.924601256646	0.922184630256	0.920251329145	0.916868052199	0.918801353311	0.92363460609	0.919284678589	0.919284678589	0.926534557757	0.945867568874	0.934267762204
AB8	0.719671338811	0.734654422426	0.737071048816	0.559207346544	0.7593040116	0.758820686322	0.77767037216	0.771870468826	0.757854035766	0.768970517158	0.792170130498	0.736587723538	0.763653939101	0.667472208797	0.771870468826	0.716288061866	0.772837119381	0.763653939101	0.413243112615	0.0	0.651039149348	0.679555340744	0.768003866602	0.739971000483	0.736587723538	0.659255679072	0.731271145481	0.705654905752	0.532141130981	0.526341227646	0.733204446593	0.741904301595	0.768003866602	0.773320444659	0.809086515225	0.771387143548	0.784436926051	0.746737554374	0.78250362494	0.761720637989	0.766070565491	0.736587723538	0.725954567424	0.740937651039	0.796520057999	0.792653455776	0.820686321895	0.775253745771	0.806186563557	0.774287095215	0.777187046883	0.787820202997	0.772837119381	0.767520541324	0.762687288545	0.767037216046	0.767037216046	0.783953600773	0.765103914935	0.766553890768	0.780570323828	0.771870468826
AC7	0.622522957951	0.64813919768	0.889318511358	0.64813919768	0.721604639923	0.58095698405	0.720637989367	0.578057032383	0.538424359594	0.654905751571	0.576123731271	0.681971967134	0.655389076849	0.815369743838	0.691638472692	0.62735621073	0.572740454326	0.561140647656	0.815369743838	0.651039149348	0.0	0.352344127598	0.556307394877	0.536491058482	0.828902851619	0.574673755437	0.531174480425	0.498308361527	0.467858869019	0.491058482359	0.55775737071	0.545190913485	0.549540840986	0.598356694055	0.802803286612	0.744320927985	0.617206379894	0.630739487675	0.610923151281	0.720637989367	0.65055582407	0.71532141131	0.69212179797	0.625906234896	0.625422909618	0.612856452392	0.811503141614	0.740937651039	0.80328661189	0.779603673272	0.729337844369	0.775737071049	0.677138714355	0.658289028516	0.665055582407	0.681971967134	0.662155630739	0.774287095215	0.662638956017	0.756404059932	0.622039632673	0.742870952151
AC8	0.585790236829	0.566457225713	0.90285161914	0.622039632673	0.673755437409	0.529241179314	0.710004833253	0.513291445143	0.47462542291	0.595456742388	0.53020782987	0.62493958434	0.586273562107	0.826969550507	0.628322861286	0.574673755437	0.499275012083	0.484775253746	0.846785886902	0.679555340744	0.352344127598	0.0	0.497825036249	0.472692121798	0.836152730788	0.537457709038	0.396326727888	0.362493958434	0.4398260029	0.489125181247	0.525857902368	0.48380860319	0.4813919768	0.522957950701	0.735621072982	0.673755437409	0.546640889319	0.567907201547	0.546640889319	0.655389076849	0.579507008217	0.679072015466	0.644755920735	0.565973900435	0.56259062349	0.537941034316	0.746737554374	0.666505558241	0.747220879652	0.724987916868	0.658772353794	0.702271628806	0.605606573224	0.590140164331	0.595940067666	0.613823102948	0.591106814886	0.702754954084	0.59255679072	0.699855002417	0.554374093765	0.667955534074
AD7	0.610923151281	0.579990333494	0.959884001933	0.656355727405	0.721604639923	0.518124697922	0.710004833253	0.518124697922	0.481875302078	0.602706621556	0.427742870952	0.655872402127	0.588206863219	0.878202029966	0.631706138231	0.59497341711	0.478975350411	0.459642339294	0.940550990817	0.768003866602	0.556307394877	0.497825036249	0.0	0.28467858869	0.90043499275	0.521024649589	0.431609473175	0.452392460126	0.515224746254	0.568390526825	0.505074915418	0.464958917351	0.476075398743	0.548090865152	0.752537457709	0.694055099082	0.506524891252	0.589656839053	0.553890768487	0.663122281295	0.587240212663	0.721121314645	0.697438376027	0.59255679072	0.568873852102	0.556790720155	0.749637506042	0.67133881102	0.752537457709	0.72692121798	0.665055582407	0.706621556307	0.623489608507	0.599323344611	0.599323344611	0.62735621073	0.590623489609	0.716771387144	0.59497341711	0.700338327695	0.57177380377	0.681971967134
AD8	0.579507008217	0.567423876269	0.942484291928	0.634122764621	0.700821652972	0.503624939584	0.699371677139	0.499758337361	0.466408893185	0.586273562107	0.421459642339	0.636056065732	0.583856935718	0.861768970517	0.623489608507	0.574190430159	0.467375543741	0.449492508458	0.913968100532	0.739971000483	0.536491058482	0.472692121798	0.28467858869	0.0	0.841952634123	0.470758820686	0.409376510391	0.427259545674	0.482358627356	0.535524407927	0.488641855969	0.448042532624	0.465442242629	0.533107781537	0.741904301595	0.680038666022	0.493475108748	0.572740454326	0.541807636539	0.642822619623	0.572257129048	0.708554857419	0.681971967134	0.568390526825	0.56259062349	0.549540840986	0.744320927985	0.664088931851	0.742870952151	0.714838086032	0.653939101015	0.697438376027	0.60657322378	0.590140164331	0.587723537941	0.617689705172	0.587723537941	0.705171580474	0.593523441276	0.68970517158	0.558724021266	0.667472208797
AE7	0.827936201063	0.881101981634	0.846785886902	0.798453359111	0.829869502175	0.893185113581	0.916868052199	0.91203479942	0.889318511358	0.907201546641	0.917834702755	0.863218946351	0.88883518608	0.823586273562	0.904784920251	0.843885935234	0.873852102465	0.862252295795	0.734654422426	0.736587723538	0.828902851619	0.836152730788	0.90043499275	0.841952634123	0.0	0.551957467376	0.87723537941	0.863218946351	0.761237312711	0.767520541324	0.837602706622	0.844369260512	0.901401643306	0.908651522475	0.928951184147	0.914934751087	0.913968100532	0.892701788304	0.917834702755	0.884968583857	0.90285161914	0.883518608023	0.87723537941	0.873852102465	0.937167713871	0.927984533591	0.88883518608	0.911551474142	0.913484775254	0.899468342194	0.901401643306	0.897051715805	0.887868535524	0.898501691638	0.901401643306	0.884968583857	0.908168197197	0.889318511358	0.904784920251	0.894635089415	0.914934751087	0.910584823586
AE8	0.601739971	0.625906234896	0.884968583857	0.631222812953	0.6805219913	0.586273562107	0.695988400193	0.601739971	0.577090381827	0.628322861286	0.611406476559	0.629772837119	0.628322861286	0.810536491058	0.688255195747	0.603189946834	0.595940067666	0.581923634606	0.811019816336	0.659255679072	0.574673755437	0.537457709038	0.521024649589	0.470758820686	0.551957467376	0.0	0.567907201547	0.552924117931	0.50700821653	0.501208313195	0.572740454326	0.558724021266	0.596423392943	0.608023199613	0.757854035766	0.703238279362	0.611406476559	0.593523441276	0.616239729338	0.664572257129	0.623489608507	0.687288545191	0.664572257129	0.595456742388	0.627839536008	0.625906234896	0.748187530208	0.684388593523	0.755920734654	0.717254712421	0.676655389077	0.723054615756	0.647655872402	0.630256162397	0.638472692122	0.639922667956	0.641372643789	0.718221362977	0.656839052682	0.695021749638	0.620589656839	0.693571773804
AF7	0.588690188497	0.546157564041	0.947317544708	0.654422426293	0.663122281295	0.487191880135	0.716288061866	0.464958917351	0.436926051232	0.595456742388	0.431609473175	0.600773320445	0.532624456259	0.869985500242	0.619623006283	0.573707104882	0.42822619623	0.415176413726	0.898985016916	0.731271145481	0.531174480425	0.396326727888	0.431609473175	0.409376510391	0.87723537941	0.567907201547	0.0	0.301111648139	0.492508458192	0.543257612373	0.488641855969	0.471725471242	0.409859835669	0.476075398743	0.689221846303	0.633639439343	0.45142580957	0.547124214596	0.501208313195	0.617689705172	0.533107781537	0.707104881585	0.673755437409	0.540357660706	0.525857902368	0.498791686805	0.683421942968	0.61333977767	0.695021749638	0.669405509908	0.607056549058	0.641372643789	0.560657322378	0.537457709038	0.545190913485	0.568390526825	0.55775737071	0.644272595457	0.559207346544	0.647655872402	0.510391493475	0.609956500725
AF8	0.578540357661	0.544224262929	0.933784436926	0.634606089899	0.670372160464	0.499275012083	0.699371677139	0.471242145964	0.452392460126	0.58337361044	0.477042049299	0.611406476559	0.552924117931	0.853552440793	0.620589656839	0.566940550991	0.446109231513	0.441275978734	0.882068632189	0.705654905752	0.498308361527	0.362493958434	0.452392460126	0.427259545674	0.863218946351	0.552924117931	0.301111648139	0.0	0.464958917351	0.517158047366	0.504108264862	0.457709038183	0.42822619623	0.500724987917	0.708554857419	0.651522474625	0.479942000967	0.538424359594	0.517158047366	0.608989850169	0.540840985984	0.68293861769	0.653939101015	0.532624456259	0.542290961817	0.519574673755	0.691638472692	0.618173030449	0.703238279362	0.68293861769	0.618656355727	0.649589173514	0.558724021266	0.545674238763	0.550507491542	0.57177380377	0.546157564041	0.650072498792	0.550507491542	0.658772353794	0.513291445143	0.62493958434
AG7	0.589656839053	0.596906718221	0.836152730788	0.540840985984	0.675205413243	0.536007733204	0.707104881585	0.532624456259	0.505074915418	0.595456742388	0.54857419043	0.625906234896	0.60657322378	0.75688738521	0.653455775737	0.584823586274	0.547124214596	0.538424359594	0.727887868536	0.532141130981	0.467858869019	0.4398260029	0.515224746254	0.482358627356	0.761237312711	0.50700821653	0.492508458192	0.464958917351	0.0	0.309328177864	0.549540840986	0.520057999033	0.53020782987	0.5601739971	0.747220879652	0.685355244079	0.553407443209	0.566457225713	0.559690671822	0.64813919768	0.585790236829	0.674238762687	0.642339294345	0.567907201547	0.577573707105	0.579023682939	0.748670855486	0.67133881102	0.740937651039	0.719671338811	0.663605606573	0.708071532141	0.613823102948	0.594006766554	0.615273078782	0.623489608507	0.621556307395	0.708071532141	0.625906234896	0.693571773804	0.581440309328	0.677138714355
AG8	0.606089898502	0.607539874335	0.831802803287	0.56935717738	0.678105364911	0.577573707105	0.698888351861	0.575640405993	0.551957467376	0.607539874335	0.599323344611	0.627839536008	0.620589656839	0.742870952151	0.665055582407	0.594006766554	0.594490091832	0.586273562107	0.690671822136	0.526341227646	0.491058482359	0.489125181247	0.568390526825	0.535524407927	0.767520541324	0.501208313195	0.543257612373	0.517158047366	0.309328177864	0.0	0.585306911551	0.57177380377	0.577090381827	0.585790236829	0.760270662156	0.698888351861	0.598840019333	0.573707104882	0.59497341711	0.665538907685	0.596906718221	0.671822136298	0.647655872402	0.575640405993	0.612856452392	0.613823102948	0.759787336878	0.681005316578	0.749154180764	0.721121314645	0.674238762687	0.716288061866	0.639922667956	0.619139681005	0.632672788787	0.643305944901	0.632189463509	0.715804736588	0.646689221846	0.697921701305	0.607539874335	0.687771870469
AH7	0.599806669889	0.633156114065	0.945867568874	0.689221846303	0.705654905752	0.575157080715	0.731754470759	0.564523924601	0.550507491542	0.647172547124	0.522957950701	0.666505558241	0.632189463509	0.878202029966	0.695021749638	0.60657322378	0.509424842919	0.46060898985	0.886418559691	0.733204446593	0.55775737071	0.525857902368	0.505074915418	0.488641855969	0.837602706622	0.572740454326	0.488641855969	0.504108264862	0.549540840986	0.585306911551	0.0	0.337361043983	0.561623972934	0.617206379894	0.779603673272	0.732237796037	0.55099081682	0.63653939101	0.609956500725	0.681488641856	0.629772837119	0.762203963267	0.744320927985	0.642339294345	0.632189463509	0.622522957951	0.760270662156	0.711938134364	0.774287095215	0.742870952151	0.690188496858	0.729821169647	0.634122764621	0.623972933784	0.625906234896	0.640889318511	0.636056065732	0.73368777187	0.635089415176	0.709521507975	0.61575640406	0.718221362977
AH8	0.571290478492	0.588690188497	0.952150797487	0.651522474625	0.663605606573	0.511358144031	0.704688255196	0.519091348478	0.495891735138	0.595940067666	0.489608506525	0.617206379894	0.570807153214	0.871918801353	0.64572257129	0.566457225713	0.408409859836	0.366843885935	0.902368293862	0.741904301595	0.545190913485	0.48380860319	0.464958917351	0.448042532624	0.844369260512	0.558724021266	0.471725471242	0.457709038183	0.520057999033	0.57177380377	0.337361043983	0.0	0.492025132914	0.553407443209	0.740937651039	0.682455292412	0.517641372644	0.573707104882	0.544224262929	0.629772837119	0.576123731271	0.717254712421	0.692605123248	0.590623489609	0.57177380377	0.562107298212	0.704204929918	0.649105848236	0.726437892702	0.683421942968	0.630256162397	0.667955534074	0.576607056549	0.563557274045	0.5601739971	0.58095698405	0.578540357661	0.667472208797	0.572740454326	0.662638956017	0.553890768487	0.656839052682
AA5	0.609956500725	0.511358144031	0.950217496375	0.647655872402	0.598356694055	0.444175930401	0.64572257129	0.403576607057	0.408409859836	0.538424359594	0.41904301595	0.541807636539	0.510391493475	0.87046882552	0.561140647656	0.561140647656	0.431609473175	0.437892701788	0.922667955534	0.768003866602	0.549540840986	0.4813919768	0.476075398743	0.465442242629	0.901401643306	0.596423392943	0.409859835669	0.42822619623	0.53020782987	0.577090381827	0.561623972934	0.492025132914	0.0	0.341227646206	0.663122281295	0.59255679072	0.45142580957	0.467858869019	0.464958917351	0.567907201547	0.464475592073	0.629289511841	0.601739971	0.476075398743	0.51377477042	0.462058965684	0.69453842436	0.615273078782	0.671822136298	0.651039149348	0.614789753504	0.662638956017	0.523924601257	0.537457709038	0.546157564041	0.555340744321	0.53939101015	0.655389076849	0.554857419043	0.630739487675	0.527307878202	0.61575640406
AA6	0.619139681005	0.51377477042	0.954567423876	0.653455775737	0.622039632673	0.488641855969	0.656839052682	0.448042532624	0.463508941518	0.54857419043	0.500724987917	0.561140647656	0.506524891252	0.873852102465	0.578057032383	0.56259062349	0.496375060416	0.496858385694	0.934267762204	0.773320444659	0.598356694055	0.522957950701	0.548090865152	0.533107781537	0.908651522475	0.608023199613	0.476075398743	0.500724987917	0.5601739971	0.585790236829	0.617206379894	0.553407443209	0.341227646206	0.0	0.670372160464	0.59255679072	0.511358144031	0.490091831803	0.475592073465	0.579023682939	0.478975350411	0.658772353794	0.62493958434	0.499758337361	0.458192363461	0.413726437893	0.690188496858	0.609956500725	0.670372160464	0.652972450459	0.609473175447	0.653455775737	0.52537457709	0.53939101015	0.541324311261	0.553890768487	0.535524407927	0.647172547124	0.550024166264	0.62735621073	0.528757854036	0.616723054616
AB5	0.748670855486	0.67133881102	0.966167230546	0.735621072982	0.620589656839	0.64572257129	0.744804253262	0.630739487675	0.657805703238	0.68293861769	0.680038666022	0.598356694055	0.660705654906	0.896085065249	0.709038182697	0.701788303528	0.705654905752	0.706621556307	0.938617689705	0.809086515225	0.802803286612	0.735621072982	0.752537457709	0.741904301595	0.928951184147	0.757854035766	0.689221846303	0.708554857419	0.747220879652	0.760270662156	0.779603673272	0.740937651039	0.663122281295	0.670372160464	0.0	0.308844852586	0.623489608507	0.658289028516	0.616239729338	0.620589656839	0.602223296278	0.737071048816	0.720154664089	0.648622522958	0.617689705172	0.620106331561	0.622522957951	0.618173030449	0.631706138231	0.609473175447	0.616723054616	0.607539874335	0.600289995167	0.604639922668	0.601739971	0.628322861286	0.651039149348	0.597390043499	0.653455775737	0.598840019333	0.681971967134	0.617206379894
AB6	0.69453842436	0.607539874335	0.957467375544	0.674722087965	0.58337361044	0.577573707105	0.681488641856	0.565490575157	0.602223296278	0.612856452392	0.629772837119	0.528757854036	0.60415659739	0.884001933301	0.649105848236	0.642339294345	0.657805703238	0.653455775737	0.931367810536	0.771387143548	0.744320927985	0.673755437409	0.694055099082	0.680038666022	0.914934751087	0.703238279362	0.633639439343	0.651522474625	0.685355244079	0.698888351861	0.732237796037	0.682455292412	0.59255679072	0.59255679072	0.308844852586	0.0	0.58337361044	0.591106814886	0.563073948768	0.558724021266	0.533591106815	0.66892218463	0.649589173514	0.560657322378	0.546157564041	0.561140647656	0.590140164331	0.542774287095	0.587240212663	0.554374093765	0.548090865152	0.565490575157	0.541324311261	0.556790720155	0.554374093765	0.583856935718	0.596906718221	0.55775737071	0.598840019333	0.539874335428	0.630256162397	0.547124214596
AC5	0.619139681005	0.571290478492	0.965683905268	0.652489125181	0.629772837119	0.467858869019	0.691155147414	0.444659255679	0.44900918318	0.573707104882	0.423876268729	0.557274045433	0.534074432093	0.885451909135	0.626389560174	0.598840019333	0.464958917351	0.454325761237	0.942484291928	0.784436926051	0.617206379894	0.546640889319	0.506524891252	0.493475108748	0.913968100532	0.611406476559	0.45142580957	0.479942000967	0.553407443209	0.598840019333	0.55099081682	0.517641372644	0.45142580957	0.511358144031	0.623489608507	0.58337361044	0.0	0.445142580957	0.44900918318	0.587240212663	0.510874818753	0.709521507975	0.670372160464	0.536007733204	0.471725471242	0.473175447076	0.622522957951	0.554374093765	0.632189463509	0.598840019333	0.553890768487	0.593523441276	0.508941517641	0.489125181247	0.499275012083	0.51619139681	0.566457225713	0.589173513775	0.574673755437	0.565490575157	0.535524407927	0.551474142098
AC6	0.626872885452	0.511358144031	0.942967617206	0.631222812953	0.579990333494	0.50700821653	0.546640889319	0.480908651522	0.528757854036	0.450942484292	0.550507491542	0.536491058482	0.542774287095	0.85645239246	0.530691155147	0.561623972934	0.55099081682	0.550024166264	0.907201546641	0.746737554374	0.630739487675	0.567907201547	0.589656839053	0.572740454326	0.892701788304	0.593523441276	0.547124214596	0.538424359594	0.566457225713	0.573707104882	0.63653939101	0.573707104882	0.467858869019	0.490091831803	0.658289028516	0.591106814886	0.445142580957	0.0	0.51377477042	0.494441759304	0.48622522958	0.478492025133	0.442725954567	0.417109714838	0.545674238763	0.545674238763	0.689221846303	0.611406476559	0.671822136298	0.646689221846	0.620106331561	0.656839052682	0.574673755437	0.565490575157	0.571290478492	0.574673755437	0.546640889319	0.652489125181	0.56259062349	0.619139681005	0.55775737071	0.621556307395
AD6	0.619139681005	0.543257612373	0.965683905268	0.635572740454	0.586756887385	0.441275978734	0.64813919768	0.435476075399	0.44224262929	0.548090865152	0.465925567907	0.509424842919	0.520541324311	0.884485258579	0.598840019333	0.56935717738	0.489608506525	0.485258579024	0.947800869986	0.78250362494	0.610923151281	0.546640889319	0.553890768487	0.541807636539	0.917834702755	0.616239729338	0.501208313195	0.517158047366	0.559690671822	0.59497341711	0.609956500725	0.544224262929	0.464958917351	0.475592073465	0.616239729338	0.563073948768	0.44900918318	0.51377477042	0.0	0.564523924601	0.420009666506	0.698405026583	0.670372160464	0.528274528758	0.463508941518	0.450942484292	0.607539874335	0.531657805703	0.601739971	0.572257129048	0.536007733204	0.574673755437	0.476075398743	0.461575640406	0.467858869019	0.504108264862	0.53939101015	0.568873852102	0.545674238763	0.55775737071	0.493475108748	0.540840985984
AE5	0.644755920735	0.53697438376	0.966167230546	0.639439342678	0.543740937651	0.553407443209	0.586273562107	0.558240695988	0.602706621556	0.510391493475	0.622522957951	0.508941517641	0.568390526825	0.879168680522	0.561623972934	0.586273562107	0.607056549058	0.610439826003	0.929434509425	0.761720637989	0.720637989367	0.655389076849	0.663122281295	0.642822619623	0.884968583857	0.664572257129	0.617689705172	0.608989850169	0.64813919768	0.665538907685	0.681488641856	0.629772837119	0.567907201547	0.579023682939	0.620589656839	0.558724021266	0.587240212663	0.494441759304	0.564523924601	0.0	0.361527307878	0.59255679072	0.573707104882	0.503624939584	0.619623006283	0.619139681005	0.656839052682	0.599323344611	0.635089415176	0.620589656839	0.617206379894	0.635572740454	0.543257612373	0.578540357661	0.588690188497	0.562107298212	0.555340744321	0.623006283229	0.565490575157	0.601739971	0.579507008217	0.600773320445
AE6	0.616239729338	0.498791686805	0.964233929435	0.630256162397	0.542290961817	0.479942000967	0.590140164331	0.461575640406	0.505074915418	0.485741904302	0.520541324311	0.48380860319	0.503141614306	0.880135331078	0.545190913485	0.544224262929	0.535524407927	0.535041082649	0.940067665539	0.766070565491	0.65055582407	0.579507008217	0.587240212663	0.572257129048	0.90285161914	0.623489608507	0.533107781537	0.540840985984	0.585790236829	0.596906718221	0.629772837119	0.576123731271	0.464475592073	0.478975350411	0.602223296278	0.533591106815	0.510874818753	0.48622522958	0.420009666506	0.361527307878	0.0	0.636056065732	0.610923151281	0.458675688739	0.547124214596	0.529724504592	0.6389560174	0.561623972934	0.613823102948	0.594490091832	0.56935717738	0.60415659739	0.48380860319	0.501208313195	0.497341710971	0.504108264862	0.503141614306	0.597390043499	0.524407926535	0.570323827936	0.508941517641	0.564523924601
AF5	0.711454809087	0.617689705172	0.927501208313	0.662638956017	0.64813919768	0.681971967134	0.559207346544	0.64572257129	0.69453842436	0.561140647656	0.720154664089	0.626872885452	0.667955534074	0.846785886902	0.591106814886	0.65973900435	0.722571290478	0.721604639923	0.879168680522	0.736587723538	0.71532141131	0.679072015466	0.721121314645	0.708554857419	0.883518608023	0.687288545191	0.707104881585	0.68293861769	0.674238762687	0.671822136298	0.762203963267	0.717254712421	0.629289511841	0.658772353794	0.737071048816	0.66892218463	0.709521507975	0.478492025133	0.698405026583	0.59255679072	0.636056065732	0.0	0.276462058966	0.540840985984	0.721604639923	0.713871435476	0.763170613823	0.713871435476	0.751570807153	0.717738037699	0.723054615756	0.743837602707	0.695021749638	0.720154664089	0.719671338811	0.709521507975	0.669405509908	0.732721121315	0.669405509908	0.697921701305	0.709038182697	0.717738037699
AF6	0.699855002417	0.594006766554	0.925084581924	0.654905751571	0.6389560174	0.651522474625	0.545674238763	0.615273078782	0.666022232963	0.538424359594	0.69453842436	0.609473175447	0.646689221846	0.845335911068	0.568390526825	0.639922667956	0.69453842436	0.691155147414	0.873368777187	0.725954567424	0.69212179797	0.644755920735	0.697438376027	0.681971967134	0.87723537941	0.664572257129	0.673755437409	0.653939101015	0.642339294345	0.647655872402	0.744320927985	0.692605123248	0.601739971	0.62493958434	0.720154664089	0.649589173514	0.670372160464	0.442725954567	0.670372160464	0.573707104882	0.610923151281	0.276462058966	0.0	0.509424842919	0.694055099082	0.6805219913	0.753504108265	0.690671822136	0.73610439826	0.710488158531	0.70372160464	0.734171097148	0.666022232963	0.686805219913	0.693571773804	0.6805219913	0.644755920735	0.722571290478	0.643305944901	0.693088448526	0.685838569357	0.700338327695
