	AA3	AA4	AB3	AB4	AC3	AC4	AD3	AD4	AE3	AE4	AF3	AF4	AG3	AG4	AH3	AH4	AA7	AA8	AB7	AB8	AC7	AC8	AD7	AD8	AE7	AE8	AF7	AF8	AG7	AG8	AH7	AH8	AA5	AA6	AB5	AB6	AC5	AC6	AD6	AE5	AE6	AF5	AF6	AG5	AH5	AH6	AA1	AA2	AB1	AB2	AC1	AC2	AD1	AD2	AE1	AE2	AF1	AF2	AG1	AG2	AH1	AH2
AA3	0.0	0.505074915418	0.932334461092	0.629289511841	0.670372160464	0.593040115998	0.675205413243	0.567423876269	0.570323827936	0.626872885452	0.614306428226	0.622522957951	0.597873368777	0.842435959401	0.654422426293	0.339294345094	0.581923634606	0.566457225713	0.860318994683	0.728371193813	0.612856452392	0.573223779604	0.597390043499	0.583856935718	0.834219429676	0.589173513775	0.566940550991	0.567907201547	0.578057032383	0.574190430159	0.590623489609	0.556790720155	0.587240212663	0.602223296278	0.749154180764	0.697438376027	0.597873368777	0.617206379894	0.597390043499	0.643789270179	0.612856452392	0.720154664089	0.687771870469	0.610439826003	0.618173030449	0.623972933784	0.684871918801	0.651039149348	0.723054615756	0.678105364911	0.64813919768	0.666022232963	0.579507008217	0.563557274045	0.569840502658	0.567423876269	0.576123731271	0.661672305462	0.581440309328	0.661672305462	0.571290478492	0.634606089899
AA4	0.505074915418	0.0	0.946350894152	0.570807153214	0.575640405993	0.484291928468	0.599323344611	0.465442242629	0.486708554857	0.520541324311	0.539874335428	0.515224746254	0.474142097632	0.855485741904	0.377477042049	0.388593523441	0.528757854036	0.534074432093	0.904784920251	0.751570807153	0.656839052682	0.57177380377	0.589656839053	0.576607056549	0.8796520058	0.625906234896	0.534074432093	0.557274045433	0.59497341711	0.599323344611	0.628806186564	0.574190430159	0.507491541808	0.513291445143	0.66892218463	0.598840019333	0.55775737071	0.51377477042	0.515708071532	0.559690671822	0.497341710971	0.642822619623	0.605123247946	0.511841469309	0.576123731271	0.560657322378	0.635089415176	0.572257129048	0.635089415176	0.608023199613	0.594006766554	0.623006283229	0.510874818753	0.519091348478	0.531174480425	0.520541324311	0.504108264862	0.61575640406	0.50700821653	0.579990333494	0.5186080232	0.554374093765
AB3	0.932334461092	0.946350894152	0.0	0.671822136298	0.919768003867	0.96520057999	0.964233929435	0.942967617206	0.936201063316	0.95360077332	0.970517158047	0.937167713871	0.971967133881	0.336877718705	0.963750604157	0.943934267762	0.973417109715	0.969067182214	0.739004349928	0.750120831319	0.896085065249	0.915418076365	0.957467375544	0.951667472209	0.852585790237	0.901401643306	0.941034316095	0.925084581924	0.847752537458	0.838569357177	0.949734171097	0.956500724988	0.954567423876	0.964233929435	0.975833736104	0.968583856936	0.975350410826	0.959884001933	0.974383760271	0.975350410826	0.974383760271	0.929917834703	0.933301111648	0.953117448043	0.976317061382	0.972450459159	0.975350410826	0.974383760271	0.973417109715	0.974867085549	0.975350410826	0.971000483325	0.974383760271	0.975833736104	0.975833736104	0.976317061382	0.973900434993	0.974383760271	0.972933784437	0.974867085549	0.977283711938	0.974383760271
AB4	0.629289511841	0.570807153214	0.671822136298	0.0	0.630739487675	0.609956500725	0.70372160464	0.600773320445	0.609956500725	0.634606089899	0.634606089899	0.600773320445	0.492508458192	0.552924117931	0.616239729338	0.592073465442	0.625422909618	0.623006283229	0.72450459159	0.582406959884	0.664572257129	0.629772837119	0.660222329628	0.641855969067	0.783953600773	0.641855969067	0.633639439343	0.623972933784	0.557274045433	0.584340260996	0.683905268246	0.636056065732	0.630256162397	0.644755920735	0.725471242146	0.678588690188	0.652005799903	0.647172547124	0.632672788787	0.645239246013	0.619623006283	0.652972450459	0.661672305462	0.629289511841	0.676655389077	0.667955534074	0.697438376027	0.659255679072	0.697438376027	0.672305461576	0.666505558241	0.677138714355	0.627839536008	0.634606089899	0.640405993233	0.629289511841	0.626389560174	0.668438859352	0.629772837119	0.655389076849	0.642339294345	0.652489125181
AC3	0.670372160464	0.575640405993	0.919768003867	0.630739487675	0.0	0.505074915418	0.646689221846	0.56259062349	0.585306911551	0.591106814886	0.624456259062	0.336394393427	0.623489608507	0.831802803287	0.61333977767	0.611406476559	0.61333977767	0.607539874335	0.872885451909	0.767520541324	0.736587723538	0.691155147414	0.731754470759	0.713871435476	0.832769453842	0.704688255196	0.663605606573	0.690671822136	0.683905268246	0.693571773804	0.713871435476	0.669888835186	0.612373127115	0.637506041566	0.63653939101	0.594006766554	0.635572740454	0.586273562107	0.591590140164	0.561140647656	0.571290478492	0.648622522958	0.652005799903	0.566940550991	0.658772353794	0.652489125181	0.594490091832	0.596906718221	0.600289995167	0.58337361044	0.613823102948	0.595940067666	0.545190913485	0.58337361044	0.590140164331	0.572740454326	0.61575640406	0.596906718221	0.629772837119	0.606089898502	0.610923151281	0.593523441276
AC4	0.593040115998	0.484291928468	0.96520057999	0.609956500725	0.505074915418	0.0	0.623489608507	0.418076365394	0.418076365394	0.51377477042	0.343160947318	0.424842919285	0.503624939584	0.873852102465	0.561140647656	0.541324311261	0.459159014016	0.454325761237	0.93281778637	0.774287095215	0.601739971	0.547124214596	0.529241179314	0.521024649589	0.895118414693	0.593040115998	0.494441759304	0.523441275979	0.552440792653	0.554374093765	0.582890285162	0.51619139681	0.444175930401	0.462542290962	0.639922667956	0.566940550991	0.459159014016	0.50700821653	0.423392943451	0.551957467376	0.482841952634	0.671822136298	0.642822619623	0.493475108748	0.499758337361	0.482841952634	0.62735621073	0.579023682939	0.616723054616	0.589656839053	0.590140164331	0.614789753504	0.48380860319	0.510874818753	0.512808119865	0.492508458192	0.533591106815	0.605606573224	0.549540840986	0.572740454326	0.471242145964	0.550507491542
AD3	0.675205413243	0.599323344611	0.964233929435	0.70372160464	0.646689221846	0.623489608507	0.0	0.537457709038	0.650072498792	0.378443692605	0.679072015466	0.603189946834	0.6389560174	0.874818753021	0.577573707105	0.643789270179	0.684871918801	0.682455292412	0.939101014983	0.792653455776	0.723537941034	0.702271628806	0.702754954084	0.698405026583	0.917351377477	0.686321894635	0.700821652972	0.699371677139	0.696471725471	0.688255195747	0.725471242146	0.686321894635	0.645239246013	0.651522474625	0.740937651039	0.667955534074	0.6805219913	0.523924601257	0.634122764621	0.585790236829	0.586756887385	0.540840985984	0.513291445143	0.563557274045	0.698405026583	0.695021749638	0.762203963267	0.710488158531	0.751087481875	0.718704688255	0.718704688255	0.739971000483	0.65055582407	0.665538907685	0.666505558241	0.653455775737	0.628806186564	0.721121314645	0.643305944901	0.698888351861	0.69212179797	0.698405026583
AD4	0.567423876269	0.465442242629	0.942967617206	0.600773320445	0.56259062349	0.418076365394	0.537457709038	0.0	0.307394876752	0.40744320928	0.434026099565	0.50459159014	0.514741420976	0.851135814403	0.52537457709	0.531174480425	0.444659255679	0.438376027066	0.933784436926	0.778153697438	0.564040599323	0.492508458192	0.50700821653	0.491058482359	0.903334944418	0.597873368777	0.43740937651	0.464958917351	0.496858385694	0.541324311261	0.547124214596	0.484291928468	0.381343644273	0.440792653456	0.66892218463	0.590140164331	0.465925567907	0.474142097632	0.46302561624	0.564040599323	0.487675205413	0.631706138231	0.603189946834	0.478975350411	0.522474625423	0.495891735138	0.672788786854	0.617689705172	0.658289028516	0.641372643789	0.628806186564	0.655872402127	0.52537457709	0.529724504592	0.540357660706	0.532624456259	0.526824552924	0.644755920735	0.537457709038	0.615273078782	0.501691638473	0.593523441276
AE3	0.570323827936	0.486708554857	0.936201063316	0.609956500725	0.585306911551	0.418076365394	0.650072498792	0.307394876752	0.0	0.514258095698	0.410343160947	0.524407926535	0.512808119865	0.852102464959	0.553407443209	0.543740937651	0.433542774287	0.435476075399	0.931851135814	0.779120347994	0.551957467376	0.486708554857	0.493958434026	0.484291928468	0.892701788304	0.589173513775	0.429192846786	0.473658772354	0.490091831803	0.542774287095	0.54857419043	0.486708554857	0.394393426776	0.444175930401	0.681005316578	0.610923151281	0.453359110681	0.521024649589	0.464475592073	0.618173030449	0.53697438376	0.680038666022	0.654905751571	0.517158047366	0.508941517641	0.484775253746	0.668438859352	0.618173030449	0.652972450459	0.646205896568	0.62493958434	0.655389076849	0.531657805703	0.535524407927	0.544707588207	0.538907684872	0.544224262929	0.646205896568	0.55775737071	0.61333977767	0.504108264862	0.592073465442
AE4	0.626872885452	0.520541324311	0.95360077332	0.634606089899	0.591106814886	0.51377477042	0.378443692605	0.40744320928	0.514258095698	0.0	0.564523924601	0.536007733204	0.578540357661	0.860802319961	0.541807636539	0.586273562107	0.587240212663	0.584340260996	0.937167713871	0.777187046883	0.662155630739	0.596906718221	0.600289995167	0.585306911551	0.907684871919	0.616239729338	0.579507008217	0.580473658772	0.586273562107	0.595940067666	0.641855969067	0.591106814886	0.533591106815	0.543257612373	0.695988400193	0.617206379894	0.570807153214	0.440792653456	0.530691155147	0.525857902368	0.514741420976	0.56935717738	0.538424359594	0.485741904302	0.59497341711	0.583856935718	0.702754954084	0.650072498792	0.698405026583	0.6805219913	0.669888835186	0.690188496858	0.587240212663	0.593523441276	0.594006766554	0.591590140164	0.567907201547	0.674722087965	0.586756887385	0.654905751571	0.593523441276	0.632672788787
AF3	0.614306428226	0.539874335428	0.970517158047	0.634606089899	0.624456259062	0.343160947318	0.679072015466	0.434026099565	0.410343160947	0.564523924601	0.0	0.531657805703	0.532624456259	0.882551957467	0.606089898502	0.584823586274	0.424842919285	0.413243112615	0.953117448043	0.798453359111	0.580473658772	0.542290961817	0.438376027066	0.43740937651	0.919284678589	0.615273078782	0.445625906235	0.497341710971	0.538424359594	0.568873852102	0.529724504592	0.501691638473	0.431609473175	0.49299178347	0.675205413243	0.618656355727	0.403576607057	0.550507491542	0.466892218463	0.631222812953	0.546640889319	0.71532141131	0.685838569357	0.541324311261	0.515708071532	0.490091831803	0.664572257129	0.615273078782	0.666988883519	0.635089415176	0.620106331561	0.647655872402	0.546157564041	0.537941034316	0.549540840986	0.534557757371	0.571290478492	0.647172547124	0.581923634606	0.607539874335	0.495891735138	0.588206863219
AF4	0.622522957951	0.515224746254	0.937167713871	0.600773320445	0.336394393427	0.424842919285	0.603189946834	0.50459159014	0.524407926535	0.536007733204	0.531657805703	0.0	0.563557274045	0.848719188014	0.565973900435	0.552924117931	0.556790720155	0.555824069599	0.885935234413	0.74528757854	0.707588206863	0.646205896568	0.669888835186	0.653455775737	0.845819236346	0.636056065732	0.608989850169	0.63653939101	0.641855969067	0.648622522958	0.663605606573	0.620589656839	0.553890768487	0.575157080715	0.602706621556	0.525857902368	0.575640405993	0.534557757371	0.5186080232	0.51377477042	0.523441275979	0.619623006283	0.608023199613	0.518124697922	0.570323827936	0.561140647656	0.57177380377	0.526341227646	0.577090381827	0.543257612373	0.547607539874	0.555824069599	0.476075398743	0.512808119865	0.523441275979	0.529241179314	0.566940550991	0.550507491542	0.579990333494	0.53697438376	0.561140647656	0.515224746254
AG3	0.597873368777	0.474142097632	0.971967133881	0.492508458192	0.623489608507	0.503624939584	0.6389560174	0.514741420976	0.512808119865	0.578540357661	0.532624456259	0.563557274045	0.0	0.853552440793	0.526824552924	0.542290961817	0.489608506525	0.510391493475	0.939584340261	0.785403576607	0.673755437409	0.603189946834	0.603189946834	0.591106814886	0.895601739971	0.641855969067	0.542290961817	0.579023682939	0.611889801837	0.622522957951	0.638472692122	0.566940550991	0.515224746254	0.522957950701	0.667955534074	0.618173030449	0.540357660706	0.55099081682	0.525857902368	0.600289995167	0.52537457709	0.669405509908	0.645239246013	0.538424359594	0.565973900435	0.550024166264	0.629772837119	0.580473658772	0.630256162397	0.617206379894	0.602223296278	0.611889801837	0.524891251812	0.522957950701	0.537941034316	0.526824552924	0.53697438376	0.607056549058	0.55099081682	0.597873368777	0.511358144031	0.558240695988
AG4	0.842435959401	0.855485741904	0.336877718705	0.552924117931	0.831802803287	0.873852102465	0.874818753021	0.851135814403	0.852102464959	0.860802319961	0.882551957467	0.848719188014	0.853552440793	0.0	0.875785403577	0.854519091348	0.889318511358	0.885935234413	0.720637989367	0.685838569357	0.823586273562	0.839536007733	0.883035282745	0.874335427743	0.828419526341	0.823586273562	0.862735621073	0.848235862736	0.775737071049	0.760753987434	0.884485258579	0.871918801353	0.869985500242	0.87723537941	0.899951667472	0.88883518608	0.885935234413	0.864185596907	0.884968583857	0.884968583857	0.881101981634	0.841469308845	0.851619139681	0.86563557274	0.895118414693	0.889318511358	0.882551957467	0.886418559691	0.885935234413	0.881101981634	0.896568390527	0.883035282745	0.889801836636	0.888351860802	0.897535041083	0.888351860802	0.885451909135	0.882551957467	0.885451909135	0.883518608023	0.893185113581	0.884968583857
AH3	0.654422426293	0.377477042049	0.963750604157	0.616239729338	0.61333977767	0.561140647656	0.577573707105	0.52537457709	0.553407443209	0.541807636539	0.606089898502	0.565973900435	0.526824552924	0.875785403577	0.0	0.531174480425	0.594006766554	0.608506524891	0.934267762204	0.78927017883	0.708554857419	0.635572740454	0.642339294345	0.636056065732	0.905268245529	0.693088448526	0.623972933784	0.6389560174	0.660705654906	0.667472208797	0.688738521025	0.631706138231	0.554857419043	0.575157080715	0.71532141131	0.649105848236	0.632672788787	0.540357660706	0.595456742388	0.579023682939	0.558240695988	0.600773320445	0.572257129048	0.554374093765	0.644272595457	0.62735621073	0.700821652972	0.625906234896	0.679072015466	0.658289028516	0.652005799903	0.680038666022	0.595940067666	0.598840019333	0.601739971	0.60657322378	0.566940550991	0.66892218463	0.561623972934	0.628806186564	0.600773320445	0.608506524891
AH4	0.339294345094	0.388593523441	0.943934267762	0.592073465442	0.611406476559	0.541324311261	0.643789270179	0.531174480425	0.543740937651	0.586273562107	0.584823586274	0.552924117931	0.542290961817	0.854519091348	0.531174480425	0.0	0.551474142098	0.550024166264	0.878202029966	0.739487675205	0.646205896568	0.584823586274	0.587240212663	0.578057032383	0.847752537458	0.608989850169	0.564040599323	0.567423876269	0.585790236829	0.594490091832	0.598356694055	0.54857419043	0.54857419043	0.563557274045	0.701788303528	0.642822619623	0.588206863219	0.575640405993	0.56259062349	0.580473658772	0.552440792653	0.674722087965	0.641855969067	0.568873852102	0.59497341711	0.588690188497	0.658289028516	0.603189946834	0.669405509908	0.628806186564	0.619623006283	0.638472692122	0.535524407927	0.533591106815	0.549540840986	0.536007733204	0.514258095698	0.630256162397	0.517641372644	0.609473175447	0.543257612373	0.588690188497
AA7	0.581923634606	0.528757854036	0.973417109715	0.625422909618	0.61333977767	0.459159014016	0.684871918801	0.444659255679	0.433542774287	0.587240212663	0.424842919285	0.556790720155	0.489608506525	0.889318511358	0.594006766554	0.551474142098	0.0	0.284195263412	0.92363460609	0.78927017883	0.587240212663	0.511358144031	0.490091831803	0.473658772354	0.880618656356	0.598840019333	0.422909618173	0.468342194297	0.535524407927	0.572257129048	0.517158047366	0.427259545674	0.417109714838	0.461092315128	0.689221846303	0.6389560174	0.448525857902	0.559690671822	0.483325277912	0.611889801837	0.549057515708	0.714838086032	0.685355244079	0.551474142098	0.519574673755	0.49540840986	0.646205896568	0.595456742388	0.651039149348	0.626389560174	0.593040115998	0.622039632673	0.510874818753	0.506524891252	0.515224746254	0.504108264862	0.528757854036	0.613823102948	0.536491058482	0.610923151281	0.473658772354	0.567907201547
AA8	0.566457225713	0.534074432093	0.969067182214	0.623006283229	0.607539874335	0.454325761237	0.682455292412	0.438376027066	0.435476075399	0.584340260996	0.413243112615	0.555824069599	0.510391493475	0.885935234413	0.608506524891	0.550024166264	0.284195263412	0.0	0.922667955534	0.787336877719	0.565973900435	0.496858385694	0.480908651522	0.46302561624	0.866602223296	0.592073465442	0.418559690672	0.461575640406	0.536007733204	0.570323827936	0.470758820686	0.37506041566	0.425809569841	0.485741904302	0.695505074915	0.643789270179	0.438859352344	0.555824069599	0.484291928468	0.619139681005	0.550507491542	0.717254712421	0.685355244079	0.548090865152	0.521024649589	0.499275012083	0.633639439343	0.593523441276	0.658289028516	0.627839536008	0.590140164331	0.610923151281	0.502658289029	0.505558240696	0.517158047366	0.503624939584	0.532141130981	0.604639922668	0.535041082649	0.608989850169	0.478975350411	0.575157080715
AB7	0.860318994683	0.904784920251	0.739004349928	0.72450459159	0.872885451909	0.93281778637	0.939101014983	0.933784436926	0.931851135814	0.937167713871	0.953117448043	0.885935234413	0.939584340261	0.720637989367	0.934267762204	0.878202029966	0.92363460609	0.922667955534	0.0	0.406476558724	0.821169647173	0.84726921218	0.934751087482	0.921701304978	0.739971000483	0.820202996617	0.888351860802	0.867085548574	0.749154180764	0.710488158531	0.885451909135	0.902368293862	0.923151280812	0.940067665539	0.944900918318	0.941034316095	0.949250845819	0.926051232479	0.943450942484	0.922667955534	0.931367810536	0.867085548574	0.87723537941	0.907201546641	0.956984050266	0.95601739971	0.927501208313	0.924117931368	0.934267762204	0.924601256646	0.935717738038	0.920734654422	0.92363460609	0.924601256646	0.925084581924	0.919284678589	0.9212179797	0.920734654422	0.923151280812	0.931367810536	0.942484291928	0.932334461092
AB8	0.728371193813	0.751570807153	0.750120831319	0.582406959884	0.767520541324	0.774287095215	0.792653455776	0.778153697438	0.779120347994	0.777187046883	0.798453359111	0.74528757854	0.785403576607	0.685838569357	0.78927017883	0.739487675205	0.78927017883	0.787336877719	0.406476558724	0.0	0.672788786854	0.69212179797	0.774287095215	0.762203963267	0.729337844369	0.672305461576	0.729337844369	0.709038182697	0.552440792653	0.528274528758	0.757854035766	0.761237312711	0.771387143548	0.786370227163	0.82648622523	0.790720154664	0.792653455776	0.768003866602	0.784920251329	0.776703721605	0.771870468826	0.732237796037	0.73368777187	0.751570807153	0.810053165781	0.804736587724	0.823586273562	0.783953600773	0.807636539391	0.792170130498	0.805219913001	0.796520057999	0.787336877719	0.784436926051	0.792653455776	0.781536974384	0.779603673272	0.792653455776	0.782020299662	0.779603673272	0.796036732721	0.785886901885
AC7	0.612856452392	0.656839052682	0.896085065249	0.664572257129	0.736587723538	0.601739971	0.723537941034	0.564040599323	0.551957467376	0.662155630739	0.580473658772	0.707588206863	0.673755437409	0.823586273562	0.708554857419	0.646205896568	0.587240212663	0.565973900435	0.821169647173	0.672788786854	0.0	0.364910584824	0.556307394877	0.555340744321	0.830352827453	0.591106814886	0.519091348478	0.497825036249	0.469308844853	0.484291928468	0.559207346544	0.549540840986	0.552924117931	0.597873368777	0.809569840503	0.750604156597	0.608023199613	0.649105848236	0.626389560174	0.729821169647	0.679555340744	0.722571290478	0.69453842436	0.638472692122	0.637022716288	0.623006283229	0.814403093282	0.764620589657	0.809086515225	0.795553407443	0.755437409377	0.788303528275	0.691638472692	0.675205413243	0.682455292412	0.681488641856	0.677138714355	0.787820202997	0.678588690188	0.761237312711	0.621072982117	0.73852102465
AC8	0.573223779604	0.57177380377	0.915418076365	0.629772837119	0.691155147414	0.547124214596	0.702271628806	0.492508458192	0.486708554857	0.596906718221	0.542290961817	0.646205896568	0.603189946834	0.839536007733	0.635572740454	0.584823586274	0.511358144031	0.496858385694	0.84726921218	0.69212179797	0.364910584824	0.0	0.491541807637	0.48380860319	0.843402609957	0.564523924601	0.382310294828	0.375543740938	0.447075882069	0.468825519575	0.521991300145	0.477042049299	0.484775253746	0.519091348478	0.73852102465	0.683421942968	0.534557757371	0.582890285162	0.5601739971	0.658289028516	0.608506524891	0.680038666022	0.650072498792	0.580473658772	0.570323827936	0.550507491542	0.739971000483	0.683421942968	0.74528757854	0.729337844369	0.679555340744	0.714838086032	0.617206379894	0.594006766554	0.605123247946	0.607539874335	0.593523441276	0.709038182697	0.591590140164	0.695505074915	0.552440792653	0.65973900435
AD7	0.597390043499	0.589656839053	0.957467375544	0.660222329628	0.731754470759	0.529241179314	0.702754954084	0.50700821653	0.493958434026	0.600289995167	0.438376027066	0.669888835186	0.603189946834	0.883035282745	0.642339294345	0.587240212663	0.490091831803	0.480908651522	0.934751087482	0.774287095215	0.556307394877	0.491541807637	0.0	0.286128564524	0.898018366361	0.526824552924	0.433059449009	0.463992266796	0.506041565974	0.546157564041	0.503624939584	0.471725471242	0.483325277912	0.540357660706	0.754954084099	0.697921701305	0.485258579024	0.591106814886	0.563557274045	0.666988883519	0.616723054616	0.714838086032	0.686321894635	0.600289995167	0.57177380377	0.563557274045	0.74528757854	0.682455292412	0.746737554374	0.728371193813	0.683905268246	0.714354760754	0.628322861286	0.605123247946	0.608023199613	0.616239729338	0.593523441276	0.71532141131	0.599806669889	0.695988400193	0.56259062349	0.663122281295
AD8	0.583856935718	0.576607056549	0.951667472209	0.641855969067	0.713871435476	0.521024649589	0.698405026583	0.491058482359	0.484291928468	0.585306911551	0.43740937651	0.653455775737	0.591106814886	0.874335427743	0.636056065732	0.578057032383	0.473658772354	0.46302561624	0.921701304978	0.762203963267	0.555340744321	0.48380860319	0.286128564524	0.0	0.861285645239	0.493958434026	0.41904301595	0.450942484292	0.490575157081	0.526824552924	0.494441759304	0.464475592073	0.476075398743	0.534074432093	0.739971000483	0.681488641856	0.47220879652	0.585306911551	0.541807636539	0.647655872402	0.598356694055	0.71290478492	0.685355244079	0.585306911551	0.560657322378	0.550024166264	0.737554374094	0.679072015466	0.737554374094	0.720637989367	0.677138714355	0.708071532141	0.614789753504	0.597873368777	0.599806669889	0.600289995167	0.588206863219	0.706138231029	0.593040115998	0.684388593523	0.555340744321	0.654422426293
AE7	0.834219429676	0.8796520058	0.852585790237	0.783953600773	0.832769453842	0.895118414693	0.917351377477	0.903334944418	0.892701788304	0.907684871919	0.919284678589	0.845819236346	0.895601739971	0.828419526341	0.905268245529	0.847752537458	0.880618656356	0.866602223296	0.739971000483	0.729337844369	0.830352827453	0.843402609957	0.898018366361	0.861285645239	0.0	0.55099081682	0.867568873852	0.857419043016	0.772353794103	0.772353794103	0.838086031899	0.840985983567	0.897051715805	0.906234896085	0.929434509425	0.920734654422	0.920734654422	0.904301594973	0.915901401643	0.876268728855	0.908168197197	0.869018849686	0.874335427743	0.875302078299	0.936201063316	0.929917834703	0.885451909135	0.891735137748	0.911551474142	0.891735137748	0.908168197197	0.894635089415	0.891735137748	0.898018366361	0.904301594973	0.883518608023	0.90043499275	0.888351860802	0.902368293862	0.90961817303	0.909134847753	0.899951667472
AE8	0.589173513775	0.625906234896	0.901401643306	0.641855969067	0.704688255196	0.593040115998	0.686321894635	0.597873368777	0.589173513775	0.616239729338	0.615273078782	0.636056065732	0.641855969067	0.823586273562	0.693088448526	0.608989850169	0.598840019333	0.592073465442	0.820202996617	0.672305461576	0.591106814886	0.564523924601	0.526824552924	0.493958434026	0.55099081682	0.0	0.570323827936	0.556790720155	0.531174480425	0.518124697922	0.574190430159	0.554857419043	0.595940067666	0.609956500725	0.77090381827	0.711454809087	0.620589656839	0.606089898502	0.616239729338	0.654905751571	0.649589173514	0.686805219913	0.662155630739	0.602223296278	0.637989366844	0.631706138231	0.751087481875	0.702754954084	0.767037216046	0.728371193813	0.720154664089	0.736587723538	0.647655872402	0.652489125181	0.658289028516	0.63653939101	0.639439342678	0.72450459159	0.646205896568	0.71290478492	0.616239729338	0.683421942968
AF7	0.566940550991	0.534074432093	0.941034316095	0.633639439343	0.663605606573	0.494441759304	0.700821652972	0.43740937651	0.429192846786	0.579507008217	0.445625906235	0.608989850169	0.542290961817	0.862735621073	0.623972933784	0.564040599323	0.422909618173	0.418559690672	0.888351860802	0.729337844369	0.519091348478	0.382310294828	0.433059449009	0.41904301595	0.867568873852	0.570323827936	0.0	0.309811503142	0.46302561624	0.504108264862	0.48380860319	0.464475592073	0.406959884002	0.468825519575	0.70372160464	0.643789270179	0.442725954567	0.54857419043	0.504108264862	0.628322861286	0.55099081682	0.693088448526	0.664572257129	0.540840985984	0.529241179314	0.507491541808	0.682455292412	0.628322861286	0.696471725471	0.681488641856	0.630739487675	0.655389076849	0.567907201547	0.540357660706	0.555340744321	0.552440792653	0.55775737071	0.650072498792	0.559690671822	0.642339294345	0.504108264862	0.600289995167
AF8	0.567907201547	0.557274045433	0.925084581924	0.623972933784	0.690671822136	0.523441275979	0.699371677139	0.464958917351	0.473658772354	0.580473658772	0.497341710971	0.63653939101	0.579023682939	0.848235862736	0.6389560174	0.567423876269	0.468342194297	0.461575640406	0.867085548574	0.709038182697	0.497825036249	0.375543740938	0.463992266796	0.450942484292	0.857419043016	0.556790720155	0.309811503142	0.0	0.446109231513	0.48622522958	0.51377477042	0.464958917351	0.4398260029	0.507491541808	0.722087965201	0.662155630739	0.480908651522	0.556790720155	0.526824552924	0.633156114065	0.576607056549	0.669888835186	0.641372643789	0.547124214596	0.552924117931	0.535524407927	0.702271628806	0.647172547124	0.711454809087	0.695505074915	0.654422426293	0.677622039633	0.582406959884	0.562107298212	0.576607056549	0.570807153214	0.558724021266	0.670372160464	0.564040599323	0.666505558241	0.521991300145	0.622522957951
AG7	0.578057032383	0.59497341711	0.847752537458	0.557274045433	0.683905268246	0.552440792653	0.696471725471	0.496858385694	0.490091831803	0.586273562107	0.538424359594	0.641855969067	0.611889801837	0.775737071049	0.660705654906	0.585790236829	0.535524407927	0.536007733204	0.749154180764	0.552440792653	0.469308844853	0.447075882069	0.506041565974	0.490575157081	0.772353794103	0.531174480425	0.46302561624	0.446109231513	0.0	0.300628322861	0.538907684872	0.505074915418	0.506041565974	0.55775737071	0.752054132431	0.687288545191	0.532141130981	0.577573707105	0.56935717738	0.654905751571	0.608023199613	0.650072498792	0.629772837119	0.564040599323	0.600289995167	0.584340260996	0.738037699372	0.681488641856	0.736587723538	0.725954567424	0.676172063799	0.714838086032	0.616239729338	0.611889801837	0.619139681005	0.616239729338	0.622039632673	0.710971483809	0.631706138231	0.690188496858	0.59497341711	0.653939101015
AG8	0.574190430159	0.599323344611	0.838569357177	0.584340260996	0.693571773804	0.554374093765	0.688255195747	0.541324311261	0.542774287095	0.595940067666	0.568873852102	0.648622522958	0.622522957951	0.760753987434	0.667472208797	0.594490091832	0.572257129048	0.570323827936	0.710488158531	0.528274528758	0.484291928468	0.468825519575	0.546157564041	0.526824552924	0.772353794103	0.518124697922	0.504108264862	0.48622522958	0.300628322861	0.0	0.549057515708	0.536007733204	0.546157564041	0.572740454326	0.759787336878	0.698405026583	0.559690671822	0.582890285162	0.582890285162	0.659255679072	0.612373127115	0.667472208797	0.641855969067	0.577573707105	0.617206379894	0.598356694055	0.750120831319	0.69212179797	0.752537457709	0.734171097148	0.698888351861	0.726437892702	0.627839536008	0.625906234896	0.634606089899	0.630256162397	0.632672788787	0.725954567424	0.639439342678	0.695988400193	0.606089898502	0.670855485742
AH7	0.590623489609	0.628806186564	0.949734171097	0.683905268246	0.713871435476	0.582890285162	0.725471242146	0.547124214596	0.54857419043	0.641855969067	0.529724504592	0.663605606573	0.638472692122	0.884485258579	0.688738521025	0.598356694055	0.517158047366	0.470758820686	0.885451909135	0.757854035766	0.559207346544	0.521991300145	0.503624939584	0.494441759304	0.838086031899	0.574190430159	0.48380860319	0.51377477042	0.538907684872	0.549057515708	0.0	0.34267762204	0.559207346544	0.603673272112	0.780570323828	0.734171097148	0.53697438376	0.646205896568	0.620106331561	0.673272112131	0.654422426293	0.767520541324	0.728371193813	0.643305944901	0.6389560174	0.621556307395	0.757370710488	0.710004833253	0.770420492992	0.73610439826	0.708071532141	0.737554374094	0.634606089899	0.631222812953	0.630739487675	0.633156114065	0.625906234896	0.734171097148	0.628322861286	0.708554857419	0.608506524891	0.69453842436
AH8	0.556790720155	0.574190430159	0.956500724988	0.636056065732	0.669888835186	0.51619139681	0.686321894635	0.484291928468	0.486708554857	0.591106814886	0.501691638473	0.620589656839	0.566940550991	0.871918801353	0.631706138231	0.54857419043	0.427259545674	0.37506041566	0.902368293862	0.761237312711	0.549540840986	0.477042049299	0.471725471242	0.464475592073	0.840985983567	0.554857419043	0.464475592073	0.464958917351	0.505074915418	0.536007733204	0.34267762204	0.0	0.488158530691	0.532141130981	0.747220879652	0.693571773804	0.515708071532	0.590623489609	0.555824069599	0.620106331561	0.597873368777	0.71532141131	0.683905268246	0.592073465442	0.574190430159	0.555824069599	0.696471725471	0.652972450459	0.718704688255	0.686321894635	0.652972450459	0.674238762687	0.576123731271	0.566457225713	0.576607056549	0.567423876269	0.555824069599	0.670372160464	0.561140647656	0.660705654906	0.539874335428	0.634606089899
AA5	0.587240212663	0.507491541808	0.954567423876	0.630256162397	0.612373127115	0.444175930401	0.645239246013	0.381343644273	0.394393426776	0.533591106815	0.431609473175	0.553890768487	0.515224746254	0.869985500242	0.554857419043	0.54857419043	0.417109714838	0.425809569841	0.923151280812	0.771387143548	0.552924117931	0.484775253746	0.483325277912	0.476075398743	0.897051715805	0.595940067666	0.406959884002	0.4398260029	0.506041565974	0.546157564041	0.559207346544	0.488158530691	0.0	0.338811019816	0.672788786854	0.589173513775	0.450459159014	0.479942000967	0.475592073465	0.578057032383	0.492508458192	0.630739487675	0.599806669889	0.472692121798	0.509424842919	0.469308844853	0.686805219913	0.634122764621	0.674238762687	0.652972450459	0.635572740454	0.672788786854	0.525857902368	0.544707588207	0.558240695988	0.544224262929	0.533591106815	0.662638956017	0.547607539874	0.621556307395	0.494925084582	0.603189946834
AA6	0.602223296278	0.513291445143	0.964233929435	0.644755920735	0.637506041566	0.462542290962	0.651522474625	0.440792653456	0.444175930401	0.543257612373	0.49299178347	0.575157080715	0.522957950701	0.87723537941	0.575157080715	0.563557274045	0.461092315128	0.485741904302	0.940067665539	0.786370227163	0.597873368777	0.519091348478	0.540357660706	0.534074432093	0.906234896085	0.609956500725	0.468825519575	0.507491541808	0.55775737071	0.572740454326	0.603673272112	0.532141130981	0.338811019816	0.0	0.676655389077	0.597873368777	0.50459159014	0.498308361527	0.489608506525	0.593523441276	0.509908168197	0.652972450459	0.621072982117	0.497825036249	0.450942484292	0.409859835669	0.686805219913	0.633156114065	0.679072015466	0.659255679072	0.641855969067	0.675205413243	0.538907684872	0.552924117931	0.564523924601	0.554857419043	0.546157564041	0.660705654906	0.557274045433	0.623972933784	0.522474625423	0.610439826003
AB5	0.749154180764	0.66892218463	0.975833736104	0.725471242146	0.63653939101	0.639922667956	0.740937651039	0.66892218463	0.681005316578	0.695988400193	0.675205413243	0.602706621556	0.667955534074	0.899951667472	0.71532141131	0.701788303528	0.689221846303	0.695505074915	0.944900918318	0.82648622523	0.809569840503	0.73852102465	0.754954084099	0.739971000483	0.929434509425	0.77090381827	0.70372160464	0.722087965201	0.752054132431	0.759787336878	0.780570323828	0.747220879652	0.672788786854	0.676655389077	0.0	0.320444659256	0.633639439343	0.664088931851	0.61575640406	0.634122764621	0.614306428226	0.739971000483	0.729821169647	0.643789270179	0.628322861286	0.615273078782	0.627839536008	0.630739487675	0.639439342678	0.61575640406	0.637506041566	0.622039632673	0.595456742388	0.60657322378	0.610923151281	0.637022716288	0.669888835186	0.617206379894	0.669405509908	0.622039632673	0.674238762687	0.620106331561
AB6	0.697438376027	0.598840019333	0.968583856936	0.678588690188	0.594006766554	0.566940550991	0.667955534074	0.590140164331	0.610923151281	0.617206379894	0.618656355727	0.525857902368	0.618173030449	0.88883518608	0.649105848236	0.642822619623	0.6389560174	0.643789270179	0.941034316095	0.790720154664	0.750604156597	0.683421942968	0.697921701305	0.681488641856	0.920734654422	0.711454809087	0.643789270179	0.662155630739	0.687288545191	0.698405026583	0.734171097148	0.693571773804	0.589173513775	0.597873368777	0.320444659256	0.0	0.578540357661	0.582890285162	0.559207346544	0.57177380377	0.550507491542	0.667472208797	0.646689221846	0.55099081682	0.547607539874	0.544707588207	0.594490091832	0.551474142098	0.594006766554	0.561623972934	0.564040599323	0.580473658772	0.525857902368	0.559690671822	0.567423876269	0.585306911551	0.608506524891	0.567423876269	0.610439826003	0.544707588207	0.622522957951	0.535041082649
AC5	0.597873368777	0.55775737071	0.975350410826	0.652005799903	0.635572740454	0.459159014016	0.6805219913	0.465925567907	0.453359110681	0.570807153214	0.403576607057	0.575640405993	0.540357660706	0.885935234413	0.632672788787	0.588206863219	0.448525857902	0.438859352344	0.949250845819	0.792653455776	0.608023199613	0.534557757371	0.485258579024	0.47220879652	0.920734654422	0.620589656839	0.442725954567	0.480908651522	0.532141130981	0.559690671822	0.53697438376	0.515708071532	0.450459159014	0.50459159014	0.633639439343	0.578540357661	0.0	0.458192363461	0.454809086515	0.602706621556	0.52537457709	0.707588206863	0.667955534074	0.533591106815	0.47462542291	0.464958917351	0.612373127115	0.577573707105	0.628806186564	0.601739971	0.582890285162	0.607056549058	0.50459159014	0.494441759304	0.505074915418	0.510874818753	0.561623972934	0.596906718221	0.578057032383	0.577090381827	0.510391493475	0.546640889319
AC6	0.617206379894	0.51377477042	0.959884001933	0.647172547124	0.586273562107	0.50700821653	0.523924601257	0.474142097632	0.521024649589	0.440792653456	0.550507491542	0.534557757371	0.55099081682	0.864185596907	0.540357660706	0.575640405993	0.559690671822	0.555824069599	0.926051232479	0.768003866602	0.649105848236	0.582890285162	0.591106814886	0.585306911551	0.904301594973	0.606089898502	0.54857419043	0.556790720155	0.577573707105	0.582890285162	0.646205896568	0.590623489609	0.479942000967	0.498308361527	0.664088931851	0.582890285162	0.458192363461	0.0	0.514258095698	0.52779120348	0.509424842919	0.47220879652	0.438376027066	0.416143064282	0.558240695988	0.55099081682	0.676655389077	0.632672788787	0.671822136298	0.64572257129	0.647655872402	0.667955534074	0.567423876269	0.577090381827	0.583856935718	0.577573707105	0.54857419043	0.652489125181	0.575157080715	0.620589656839	0.554374093765	0.612856452392
AD6	0.597390043499	0.515708071532	0.974383760271	0.632672788787	0.591590140164	0.423392943451	0.634122764621	0.46302561624	0.464475592073	0.530691155147	0.466892218463	0.5186080232	0.525857902368	0.884968583857	0.595456742388	0.56259062349	0.483325277912	0.484291928468	0.943450942484	0.784920251329	0.626389560174	0.5601739971	0.563557274045	0.541807636539	0.915901401643	0.616239729338	0.504108264862	0.526824552924	0.56935717738	0.582890285162	0.620106331561	0.555824069599	0.475592073465	0.489608506525	0.61575640406	0.559207346544	0.454809086515	0.514258095698	0.0	0.553407443209	0.424842919285	0.689221846303	0.65732237796	0.51619139681	0.473658772354	0.46060898985	0.593523441276	0.53939101015	0.582890285162	0.569840502658	0.553407443209	0.583856935718	0.463508941518	0.46979217013	0.477525374577	0.470758820686	0.540840985984	0.566940550991	0.544224262929	0.552924117931	0.47462542291	0.521507974867
AE5	0.643789270179	0.559690671822	0.975350410826	0.645239246013	0.561140647656	0.551957467376	0.585790236829	0.564040599323	0.618173030449	0.525857902368	0.631222812953	0.51377477042	0.600289995167	0.884968583857	0.579023682939	0.580473658772	0.611889801837	0.619139681005	0.922667955534	0.776703721605	0.729821169647	0.658289028516	0.666988883519	0.647655872402	0.876268728855	0.654905751571	0.628322861286	0.633156114065	0.654905751571	0.659255679072	0.673272112131	0.620106331561	0.578057032383	0.593523441276	0.634122764621	0.57177380377	0.602706621556	0.52779120348	0.553407443209	0.0	0.377960367327	0.599323344611	0.580473658772	0.510874818753	0.637989366844	0.623972933784	0.658289028516	0.611889801837	0.654422426293	0.630256162397	0.635089415176	0.654905751571	0.548090865152	0.586273562107	0.604639922668	0.56935717738	0.559690671822	0.640405993233	0.567907201547	0.608023199613	0.579990333494	0.608023199613
AE6	0.612856452392	0.497341710971	0.974383760271	0.619623006283	0.571290478492	0.482841952634	0.586756887385	0.487675205413	0.53697438376	0.514741420976	0.546640889319	0.523441275979	0.52537457709	0.881101981634	0.558240695988	0.552440792653	0.549057515708	0.550507491542	0.931367810536	0.771870468826	0.679555340744	0.608506524891	0.616723054616	0.598356694055	0.908168197197	0.649589173514	0.55099081682	0.576607056549	0.608023199613	0.612373127115	0.654422426293	0.597873368777	0.492508458192	0.509908168197	0.614306428226	0.550507491542	0.52537457709	0.509424842919	0.424842919285	0.377960367327	0.0	0.638472692122	0.609956500725	0.476558724021	0.550507491542	0.540357660706	0.632189463509	0.583856935718	0.622039632673	0.608023199613	0.603189946834	0.630739487675	0.497341710971	0.503624939584	0.52537457709	0.508458192363	0.519574673755	0.617206379894	0.53939101015	0.569840502658	0.521991300145	0.566457225713
AF5	0.720154664089	0.642822619623	0.929917834703	0.652972450459	0.648622522958	0.671822136298	0.540840985984	0.631706138231	0.680038666022	0.56935717738	0.71532141131	0.619623006283	0.669405509908	0.841469308845	0.600773320445	0.674722087965	0.714838086032	0.717254712421	0.867085548574	0.732237796037	0.722571290478	0.680038666022	0.714838086032	0.71290478492	0.869018849686	0.686805219913	0.693088448526	0.669888835186	0.650072498792	0.667472208797	0.767520541324	0.71532141131	0.630739487675	0.652972450459	0.739971000483	0.667472208797	0.707588206863	0.47220879652	0.689221846303	0.599323344611	0.638472692122	0.0	0.292411793137	0.55099081682	0.720154664089	0.711938134364	0.753504108265	0.721121314645	0.748670855486	0.717254712421	0.736587723538	0.746254229096	0.681971967134	0.711938134364	0.723054615756	0.704204929918	0.669888835186	0.730787820203	0.685355244079	0.701788303528	0.712421459642	0.713871435476
AF6	0.687771870469	0.605123247946	0.933301111648	0.661672305462	0.652005799903	0.642822619623	0.513291445143	0.603189946834	0.654905751571	0.538424359594	0.685838569357	0.608023199613	0.645239246013	0.851619139681	0.572257129048	0.641855969067	0.685355244079	0.685355244079	0.87723537941	0.73368777187	0.69453842436	0.650072498792	0.686321894635	0.685355244079	0.874335427743	0.662155630739	0.664572257129	0.641372643789	0.629772837119	0.641855969067	0.728371193813	0.683905268246	0.599806669889	0.621072982117	0.729821169647	0.646689221846	0.667955534074	0.438376027066	0.65732237796	0.580473658772	0.609956500725	0.292411793137	0.0	0.520541324311	0.689221846303	0.679555340744	0.753987433543	0.709038182697	0.750120831319	0.716771387144	0.720154664089	0.744804253262	0.655872402127	0.679072015466	0.690671822136	0.672305461576	0.637506041566	0.730787820203	0.64813919768	0.688738521025	0.686805219913	0.692605123248
