	PAM31	PAM32	PAM33	PAM35	PAM36	PAM37	PAM39	PAM40	PAM41	PAM42	PAM43	PAM44	PAM45	PBW46	PBW47	PBW49	PBW50	PBW51	PBW52	PBW53	PBW54	PBW55	PBW56	PBW58	PBW59	PBW60	PEP16	PEP18	PEP21	PEP23	PEP24	PEP26	PEP27	PEP28	PEP29	PEP30	PIS1	PIS2	PIS4	PIS5	PIS7	PIS9	PIS10	PIS11	PIS14	PIS15	PLL76	PLL77	PLL79	PLL80	PLL83	PLL88	PLL89	PLL90	PPO64	PPO66	PPO67	PPO69	PPO72	PPO75
PAM31	0.0	0.637918101108	0.668171452019	0.560080849234	0.668203407649	0.556636867253	0.533721930823	0.556434747147	0.565568441768	0.574018042921	0.565084504481	0.631394017837	0.571444575762	0.715790450473	0.836647373763	0.722194727572	0.690766209745	0.842360277035	0.700066421127	0.730423727552	0.679110935795	0.688437181853	0.667824683802	0.663683522056	0.631270785418	0.675653208515	0.662917442555	0.78899833914	0.697751690193	0.678118307039	0.752233688856	0.770608572676	0.724165374453	0.64367135079	0.6888354282	0.640797184161	0.680784250617	0.681249418056	0.740937885025	0.64455791106	0.654960406121	0.729083705742	0.610971424356	0.618285175628	0.627591339905	0.591175519522	0.660981670425	0.682928839231	0.701572249468	0.750615763638	0.784699229723	0.648973043965	0.67785149584	0.790215446214	0.649919205269	0.723253615607	0.665289979294	0.697506976699	0.665724381969	0.617957319658
PAM32	0.637918101108	0.0	0.694853394537	0.645715319378	0.653205144633	0.651532357711	0.658644717196	0.664068269085	0.622912233163	0.682148598831	0.700121307118	0.676179631987	0.602217662878	0.701925801476	0.814135224779	0.742781668657	0.733274361134	0.79249209585	0.682226534862	0.713158529712	0.674671787242	0.705617160491	0.745474652623	0.747705201675	0.712236358175	0.696604082529	0.749426954507	0.78162177081	0.734327978437	0.722116695528	0.775874997965	0.708896326129	0.741106871928	0.748651886322	0.78795140462	0.69929873101	0.720482676437	0.689655672943	0.701657553393	0.656080106428	0.682004951121	0.691637069781	0.680896333187	0.688234494084	0.729848970579	0.687417542871	0.685819351347	0.708902059788	0.716015576	0.714437545258	0.766235057266	0.69221239309	0.688113248447	0.742405616579	0.714587312672	0.691754936838	0.744558517891	0.712604139064	0.705642120688	0.72658677962
PAM33	0.668171452019	0.694853394537	0.0	0.717493141076	0.681937726117	0.633739245431	0.712615115815	0.71103997515	0.724326876016	0.726142793073	0.756473738503	0.705124648709	0.69569115348	0.710257615341	0.78743254789	0.765202553522	0.744147692733	0.792750191861	0.756488307538	0.729066893881	0.742742402335	0.742596735252	0.712471261416	0.794308310815	0.752529650112	0.704618801929	0.70363022665	0.77784277997	0.718345769478	0.694354241457	0.729764279867	0.752834360875	0.712791585492	0.758915283695	0.815019148643	0.717040427453	0.704099820991	0.69140267507	0.697841214344	0.690448804584	0.692855047466	0.683655262723	0.694436218326	0.747304292737	0.76515508773	0.711016251925	0.718469393321	0.73182349451	0.709235702677	0.727685552681	0.73088967643	0.767125066776	0.759035468262	0.768844947463	0.763101777259	0.722150611343	0.796743963291	0.726706149677	0.777242467413	0.767698811128
PAM35	0.560080849234	0.645715319378	0.717493141076	0.0	0.678380174209	0.575527902858	0.533157431721	0.522259123674	0.547807467593	0.518820276556	0.540249490825	0.650305347967	0.564966867568	0.759720540246	0.854768285394	0.762654805187	0.73573577007	0.852590991841	0.737570963047	0.764286829673	0.684535184552	0.719325179383	0.701951196146	0.647933441421	0.624934005585	0.691094933765	0.706296736458	0.835384682787	0.708558248368	0.71684346102	0.783417769856	0.810825302352	0.770013852071	0.655836574081	0.676865294756	0.67047146942	0.715660204814	0.706583214906	0.767404631501	0.65762021434	0.669009819593	0.747027080831	0.637898595631	0.604750011913	0.60202307952	0.595416854133	0.700614501765	0.679772460246	0.729808314185	0.77409477871	0.805639771012	0.641309934052	0.713292317686	0.806261924104	0.619596356445	0.754251860117	0.656935301372	0.75886325036	0.650386566379	0.646021881777
PAM36	0.668203407649	0.653205144633	0.681937726117	0.678380174209	0.0	0.673845953501	0.700034959522	0.713144275448	0.690880659559	0.715719746807	0.732158011025	0.705512942091	0.6701483033	0.713320060361	0.786783700517	0.754189128992	0.70336580425	0.772763971278	0.704571246784	0.71035342167	0.719907536567	0.745954054634	0.711430626434	0.782963496024	0.759436737664	0.699264389045	0.713865328953	0.775810590701	0.716874578698	0.713816672347	0.743659826349	0.742610152543	0.710556987238	0.748157898673	0.813375565009	0.725006100692	0.6884824786	0.739506224759	0.712941466121	0.681963790705	0.703824722311	0.70226032747	0.667775122968	0.73018991439	0.768048979117	0.708458699726	0.713880866793	0.740234026748	0.701056679596	0.723038833391	0.746919836938	0.724064660529	0.708268607684	0.695617025565	0.765847376506	0.68499649341	0.77745490552	0.69529036076	0.754790004248	0.751353459183
PAM37	0.556636867253	0.651532357711	0.633739245431	0.575527902858	0.673845953501	0.0	0.556623344522	0.566747091394	0.569982669769	0.548848753389	0.595910797305	0.654599652083	0.583223851189	0.757552977061	0.840902087919	0.742682034979	0.711869547573	0.863665840716	0.746780170612	0.765401944939	0.694752301069	0.719169793416	0.701078096829	0.668140541653	0.647807518232	0.679806468586	0.690286215758	0.818931423658	0.71810033845	0.687253934567	0.768096326301	0.805060016126	0.769517566895	0.652981815573	0.695771090934	0.683503432348	0.674255035186	0.69867498242	0.75514473109	0.672953695881	0.674153296688	0.742251119905	0.622377485258	0.602955274667	0.625234486004	0.604713745067	0.688573685805	0.661965603689	0.737156381085	0.772135968967	0.77087662638	0.655182172566	0.702491724805	0.811662532468	0.63886486219	0.756277313299	0.685163174397	0.744128472037	0.66625648707	0.656784446249
PAM39	0.533721930823	0.658644717196	0.712615115815	0.533157431721	0.700034959522	0.556623344522	0.0	0.506259149836	0.536009561102	0.515107478172	0.507600661001	0.652194503209	0.527885064914	0.760223204341	0.86795482661	0.742989434055	0.7357574881	0.851185893899	0.734118245002	0.767930495669	0.682947505837	0.723994894564	0.704102432715	0.630620855259	0.636795965455	0.680952286259	0.696365915848	0.82653170519	0.715142316141	0.703114657094	0.787408058009	0.803680085716	0.764378756791	0.641766723847	0.668659449678	0.666347870028	0.705503828313	0.704766239288	0.783618653004	0.668807658894	0.665252963267	0.756553031473	0.635444680366	0.574464544501	0.597773707087	0.608249887217	0.680077942618	0.681443984902	0.743788199231	0.778682561623	0.811646657263	0.619222228118	0.681524133689	0.809068420658	0.622127632363	0.743671920735	0.654899291042	0.742070226027	0.647009442545	0.624280187464
PAM40	0.556434747147	0.664068269085	0.71103997515	0.522259123674	0.713144275448	0.566747091394	0.506259149836	0.0	0.504053576702	0.512893690533	0.50246232762	0.669853947817	0.546964482508	0.78142669548	0.861600144954	0.761139635846	0.760508861819	0.871228290377	0.754314968886	0.785068302422	0.686388277243	0.737136842373	0.69190339223	0.652595740564	0.648233745973	0.700456061592	0.718798798862	0.839526828787	0.733625561779	0.720172799916	0.800354243321	0.806093046521	0.779675076798	0.666656872142	0.691480407474	0.687507793313	0.723479475615	0.707577224189	0.765063906361	0.675541917906	0.701382242994	0.749145321963	0.659269510072	0.599506700781	0.608482023772	0.629349769921	0.690928007626	0.709629279251	0.751903844438	0.80316653807	0.808906388186	0.65159279321	0.704324524441	0.828444242954	0.644953364438	0.764156119528	0.669405545475	0.761054767075	0.657714038876	0.650443076927
PAM41	0.565568441768	0.622912233163	0.724326876016	0.547807467593	0.690880659559	0.569982669769	0.536009561102	0.504053576702	0.0	0.540699690247	0.534801061033	0.668690665903	0.53182316197	0.758948754188	0.867926933596	0.745322180299	0.741513443277	0.855411617794	0.738852746539	0.768153168236	0.679365217843	0.732599687059	0.688521662419	0.648073656087	0.645785401013	0.702910710707	0.709950615619	0.83149888523	0.732098217043	0.71981129852	0.793604162132	0.801424371212	0.77439671958	0.666664032103	0.702331919727	0.692148705505	0.712839178682	0.718796721417	0.776339830655	0.659776109533	0.699995092099	0.770069475984	0.642077978981	0.591037884275	0.62857430586	0.633271490243	0.687271481971	0.697869093102	0.739704440528	0.778964764876	0.81429432153	0.634296950993	0.701698845836	0.8049835784	0.640035430705	0.741263447526	0.657647591407	0.749555560834	0.641824095799	0.626043359747
PAM42	0.574018042921	0.682148598831	0.726142793073	0.518820276556	0.715719746807	0.548848753389	0.515107478172	0.512893690533	0.540699690247	0.0	0.521011448521	0.656256150141	0.57513717915	0.774862207983	0.872874086805	0.76451957957	0.750533541818	0.871279388621	0.76977527309	0.787100421452	0.702836546007	0.750969090537	0.716148226044	0.613254465403	0.628420166185	0.700459084381	0.720933200374	0.84673800808	0.734862778201	0.725923373978	0.80992198219	0.826067564749	0.787078782544	0.656781038081	0.664850287504	0.686520149327	0.724902776783	0.708768954935	0.776091537078	0.691589297334	0.710065927334	0.767821976394	0.652669916053	0.593073754745	0.58381106231	0.590107063667	0.706810126955	0.692664819126	0.751954513677	0.795326595482	0.811680145042	0.644514586742	0.703735072172	0.831251839591	0.619765415564	0.778725660656	0.654888502655	0.769570119752	0.645332462738	0.643129718655
PAM43	0.565084504481	0.700121307118	0.756473738503	0.540249490825	0.732158011025	0.595910797305	0.507600661001	0.50246232762	0.534801061033	0.521011448521	0.0	0.695400779453	0.549029424958	0.798747252344	0.891222989809	0.779873634898	0.756318157102	0.885147461363	0.781247563681	0.804756553513	0.716126395245	0.750740276407	0.720215641089	0.63144890496	0.632702525614	0.718537929859	0.720657897317	0.858034295874	0.747067424327	0.731853979094	0.816650509348	0.838932025865	0.793112941344	0.650855606369	0.637774495427	0.688274563106	0.740851230542	0.75031902312	0.801711256094	0.70254913349	0.711870601283	0.800875578219	0.670380119556	0.596651404434	0.589927112547	0.626485927695	0.710493132338	0.710565317252	0.77904619216	0.811396655757	0.834301263353	0.65150548133	0.723872264289	0.841608211059	0.624299530321	0.785309990486	0.635921565607	0.779601546757	0.654167849739	0.612753343128
PAM44	0.631394017837	0.676179631987	0.705124648709	0.650305347967	0.705512942091	0.654599652083	0.652194503209	0.669853947817	0.668690665903	0.656256150141	0.695400779453	0.0	0.652557948494	0.670364528581	0.780325218348	0.641576590657	0.666251966111	0.790207554567	0.628038988519	0.669301268781	0.595056259156	0.669686422056	0.622745560577	0.567351677506	0.601867366965	0.608470597071	0.647593634281	0.764672096492	0.660873237277	0.673261970024	0.739014696086	0.764759842433	0.709724934214	0.662838232026	0.709491625683	0.639733896658	0.682980742332	0.630871620187	0.72141639287	0.641475110126	0.677457031802	0.70271556878	0.653928069126	0.680810464855	0.677925062887	0.615221961227	0.62489713314	0.663818322941	0.665538755608	0.710497291302	0.73288985424	0.634061605308	0.622852884995	0.743587748937	0.637204339692	0.694878038854	0.665830269982	0.68048105203	0.657522168772	0.633137504551
PAM45	0.571444575762	0.602217662878	0.69569115348	0.564966867568	0.6701483033	0.583223851189	0.527885064914	0.546964482508	0.53182316197	0.57513717915	0.549029424958	0.652557948494	0.0	0.731620459555	0.850488426422	0.722033757553	0.703186471664	0.816493742204	0.700467407854	0.735468149204	0.662882955296	0.705002278155	0.688745587387	0.672148281191	0.636627836759	0.670592064604	0.704491997476	0.813752614701	0.715809970089	0.699381929465	0.774913674841	0.766931658375	0.752329365061	0.665683090005	0.707793093054	0.678940411545	0.697626424957	0.719696167844	0.759150318213	0.640322194064	0.664077612686	0.718416294361	0.633925479616	0.627265510231	0.651283401036	0.639787229378	0.646297144668	0.673590448216	0.719791133242	0.744047306706	0.775371871187	0.622997052069	0.669782488313	0.783108694025	0.650630337993	0.731418623031	0.670524751157	0.730557076078	0.661309586035	0.63391766143
PBW46	0.715790450473	0.701925801476	0.710257615341	0.759720540246	0.713320060361	0.757552977061	0.760223204341	0.78142669548	0.758948754188	0.774862207983	0.798747252344	0.670364528581	0.731620459555	0.0	0.719808085429	0.650106491789	0.664121001253	0.670000004453	0.63228780087	0.630393632121	0.643845140487	0.682497287783	0.664460226178	0.785087486779	0.733140690494	0.648613105789	0.671104168246	0.715223875439	0.653497085339	0.717084508277	0.703638603198	0.691481896059	0.687302758753	0.755421288151	0.809863027486	0.718872379076	0.736928294002	0.722683928459	0.733468287273	0.671361832918	0.707075806678	0.685422417308	0.716380845365	0.782825702667	0.794269427751	0.735995817901	0.671649403438	0.714807435212	0.648690875675	0.661070577688	0.683261635199	0.734010869768	0.652160762193	0.689519528831	0.76681510285	0.663354063042	0.775956685713	0.678133716221	0.744381457721	0.742342904499
PBW47	0.836647373763	0.814135224779	0.78743254789	0.854768285394	0.786783700517	0.840902087919	0.86795482661	0.861600144954	0.867926933596	0.872874086805	0.891222989809	0.780325218348	0.850488426422	0.719808085429	0.0	0.768136934904	0.786012769862	0.657348953637	0.761424901699	0.730075355722	0.795316657598	0.773036649622	0.793566643368	0.876729806907	0.85164398914	0.782990358457	0.797411009425	0.765567415882	0.779359107611	0.802841434799	0.742036485174	0.737619892726	0.741329237468	0.853683945095	0.900704461725	0.817336357966	0.787415484228	0.769934355926	0.754979752085	0.793782281599	0.809772929164	0.728255637771	0.826089375435	0.875200028277	0.889055708347	0.843517771515	0.798351927533	0.822106895495	0.763828653731	0.739968892551	0.694796469196	0.838705477928	0.787935416095	0.728665485307	0.876639275688	0.785634603344	0.87907108566	0.781752856819	0.852105691545	0.859159752379
PBW49	0.722194727572	0.742781668657	0.765202553522	0.762654805187	0.754189128992	0.742682034979	0.742989434055	0.761139635846	0.745322180299	0.76451957957	0.779873634898	0.641576590657	0.722033757553	0.650106491789	0.768136934904	0.0	0.632694063757	0.67362137393	0.580354482134	0.635859689285	0.587791802229	0.680714824159	0.634488393709	0.704305449481	0.696033142978	0.653059942781	0.672567458405	0.786616586006	0.680743239002	0.718103714429	0.728345809298	0.746651113451	0.717543741747	0.725050356367	0.753222402329	0.676052770515	0.718998692995	0.706302340522	0.743147985053	0.666514682993	0.715993974193	0.722549402333	0.706891566447	0.761212712809	0.757426453803	0.712097027069	0.596724646186	0.635475830112	0.616478324456	0.677745994324	0.701948788051	0.686490274126	0.573366392466	0.706322179123	0.713123361703	0.613829163646	0.689460838883	0.679212425567	0.651419357572	0.660677819245
PBW50	0.690766209745	0.733274361134	0.744147692733	0.73573577007	0.70336580425	0.711869547573	0.7357574881	0.760508861819	0.741513443277	0.750533541818	0.756318157102	0.666251966111	0.703186471664	0.664121001253	0.786012769862	0.632694063757	0.0	0.704947243926	0.620978500909	0.609995753662	0.617899585578	0.632380501771	0.666503791281	0.73669602393	0.68248481642	0.635024734203	0.666889253224	0.740295398303	0.650436287988	0.677090632537	0.688684753886	0.738767723663	0.661380500074	0.692944467586	0.759084133761	0.650724044817	0.691774690631	0.739677876258	0.728644072832	0.661191345412	0.634039353961	0.735022157885	0.689983928506	0.743284796643	0.74775871341	0.690378255111	0.65170333219	0.658469197663	0.660420859477	0.685464223177	0.665839363202	0.682022321407	0.651381652807	0.673555642349	0.715800526091	0.657950323679	0.692207172742	0.609346409958	0.682017964262	0.665561982252
PBW51	0.842360277035	0.79249209585	0.792750191861	0.852590991841	0.772763971278	0.863665840716	0.851185893899	0.871228290377	0.855411617794	0.871279388621	0.885147461363	0.790207554567	0.816493742204	0.670000004453	0.657348953637	0.67362137393	0.704947243926	0.0	0.686958567924	0.648295030868	0.763105223237	0.782047750399	0.765968935901	0.864189125658	0.832901142859	0.748872995023	0.77853373181	0.767865321963	0.73747932322	0.792098489144	0.742263143008	0.744599132534	0.750008772344	0.837238477815	0.887543653931	0.800093145479	0.824064548372	0.821469747158	0.768599942037	0.778879509095	0.775187999169	0.736391907351	0.818541164964	0.871770921153	0.878632714046	0.843227651343	0.751841794463	0.771050969801	0.688519312401	0.656218983743	0.708909955534	0.828530648953	0.77131584369	0.638540631901	0.860565687695	0.711000542919	0.857076474875	0.725292766116	0.832590937802	0.835318653735
PBW52	0.700066421127	0.682226534862	0.756488307538	0.737570963047	0.704571246784	0.746780170612	0.734118245002	0.754314968886	0.738852746539	0.76977527309	0.781247563681	0.628038988519	0.700467407854	0.63228780087	0.761424901699	0.580354482134	0.620978500909	0.686958567924	0.0	0.577281182456	0.505473711733	0.596987061359	0.663373973531	0.724576276174	0.701993463588	0.633401538446	0.685077003309	0.738676511509	0.692431628724	0.689478621063	0.726717825825	0.710897913307	0.700332063147	0.732581173311	0.780129984278	0.670798293544	0.694208354821	0.682265719397	0.712858213729	0.667777982233	0.702562288488	0.695567937453	0.715777266846	0.756713289394	0.767412754236	0.710189802842	0.637761964786	0.668367288038	0.612983622483	0.655690284941	0.699298805918	0.689198176789	0.610477263067	0.68877610227	0.732836185818	0.633885739043	0.72095386127	0.647900519039	0.688220820541	0.68254921433
PBW53	0.730423727552	0.713158529712	0.729066893881	0.764286829673	0.71035342167	0.765401944939	0.767930495669	0.785068302422	0.768153168236	0.787100421452	0.804756553513	0.669301268781	0.735468149204	0.630393632121	0.730075355722	0.635859689285	0.609995753662	0.648295030868	0.577281182456	0.0	0.627486876251	0.658158471189	0.677471042946	0.785631156966	0.74579488224	0.63279879301	0.699262724974	0.70268618195	0.671470120823	0.677207025938	0.704695922609	0.709071402635	0.68047928059	0.740532321629	0.803547866955	0.711300439634	0.704081693496	0.725113172258	0.7191168502	0.705010267181	0.695030021502	0.697267041797	0.724075726096	0.796326193551	0.794067006392	0.738767789802	0.65782002786	0.687554164072	0.600648130579	0.663648968765	0.642080787629	0.715270865323	0.672143223904	0.615959587167	0.767983363965	0.672200916786	0.755593747357	0.642635819632	0.729661143792	0.723114281034
PBW54	0.679110935795	0.674671787242	0.742742402335	0.684535184552	0.719907536567	0.694752301069	0.682947505837	0.686388277243	0.679365217843	0.702836546007	0.716126395245	0.595056259156	0.662882955296	0.643845140487	0.795316657598	0.587791802229	0.617899585578	0.763105223237	0.505473711733	0.627486876251	0.0	0.549654309545	0.606730419841	0.656123147092	0.632814333092	0.605017624496	0.647558512382	0.765958340568	0.672075506469	0.668093231883	0.739993133934	0.711270087094	0.712969034067	0.677213870354	0.706581883534	0.639598156336	0.679764717523	0.674243459016	0.742545920197	0.643280011394	0.65017508831	0.719101829496	0.67153173353	0.704682681299	0.70049816969	0.654286383143	0.6115769617	0.629986167156	0.650369338316	0.685228196486	0.721941501149	0.640504962578	0.573694873313	0.723674532702	0.651227126104	0.669270604649	0.64370947417	0.657375410651	0.614691086431	0.610788302817
PBW55	0.688437181853	0.705617160491	0.742596735252	0.719325179383	0.745954054634	0.719169793416	0.723994894564	0.737136842373	0.732599687059	0.750969090537	0.750740276407	0.669686422056	0.705002278155	0.682497287783	0.773036649622	0.680714824159	0.632380501771	0.782047750399	0.596987061359	0.658158471189	0.549654309545	0.0	0.616439727005	0.727308808517	0.679850347031	0.65409610463	0.619842308304	0.714140220159	0.677975207572	0.62108610035	0.719469843319	0.693258679237	0.630938656565	0.666299540187	0.746797095405	0.623537402751	0.661478059872	0.666017491119	0.723010313771	0.675356591963	0.647614860222	0.735475467276	0.685519313473	0.736635635836	0.750462156779	0.697867700153	0.650046515496	0.681079402467	0.669787817504	0.685168093685	0.70849940522	0.693767597323	0.651678296996	0.720956563031	0.707296386032	0.70306570742	0.68221575449	0.634324530598	0.679140013192	0.67044416302
PBW56	0.667824683802	0.745474652623	0.712471261416	0.701951196146	0.711430626434	0.701078096829	0.704102432715	0.69190339223	0.688521662419	0.716148226044	0.720215641089	0.622745560577	0.688745587387	0.664460226178	0.793566643368	0.634488393709	0.666503791281	0.765968935901	0.663373973531	0.677471042946	0.606730419841	0.616439727005	0.0	0.681768309779	0.626771127682	0.609605996508	0.544929539211	0.747458707098	0.639909638195	0.654482003255	0.695840697975	0.755442652785	0.672395555984	0.638760112898	0.723650957753	0.627827754705	0.667696289799	0.683599312923	0.726079747743	0.663182816235	0.648934615163	0.718097042162	0.65084903515	0.726248330315	0.709844022907	0.656760794733	0.592692996281	0.617514375377	0.631943793904	0.690868447331	0.724547327644	0.693029371583	0.613466211876	0.723873013576	0.66726946488	0.667630828555	0.667039506232	0.669305088414	0.654809115213	0.62369361506
PBW58	0.663683522056	0.747705201675	0.794308310815	0.647933441421	0.782963496024	0.668140541653	0.630620855259	0.652595740564	0.648073656087	0.613254465403	0.63144890496	0.567351677506	0.672148281191	0.785087486779	0.876729806907	0.704305449481	0.73669602393	0.864189125658	0.724576276174	0.785631156966	0.656123147092	0.727308808517	0.681768309779	0.0	0.537410414434	0.674287290537	0.700646607669	0.850594323878	0.731473314389	0.728711058369	0.811850503599	0.838584457218	0.79841152049	0.620261142778	0.596236652496	0.670033180702	0.75055573289	0.71462392434	0.816140778407	0.695880658039	0.726475539084	0.801513935736	0.695400899195	0.625427007009	0.58873382594	0.604669803649	0.680465361609	0.666006332526	0.757962487911	0.799753926315	0.831714311079	0.609365493565	0.670266654704	0.842283356367	0.561927779333	0.777803435602	0.575199800211	0.758489508919	0.60948951853	0.575358069961
PBW59	0.631270785418	0.712236358175	0.752529650112	0.624934005585	0.759436737664	0.647807518232	0.636795965455	0.648233745973	0.645785401013	0.628420166185	0.632702525614	0.601867366965	0.636627836759	0.733140690494	0.85164398914	0.696033142978	0.68248481642	0.832901142859	0.701993463588	0.74579488224	0.632814333092	0.679850347031	0.626771127682	0.537410414434	0.0	0.604838248859	0.664646790988	0.821303086606	0.686781230584	0.680026626226	0.771384914933	0.801931203438	0.751007704328	0.598537233421	0.607974241991	0.629315887155	0.719783941593	0.70530982821	0.785221347432	0.664231193178	0.647339751498	0.769932665299	0.656795802809	0.620669547616	0.604236420394	0.606340167366	0.630800421447	0.635284166589	0.719921599426	0.767345873044	0.787161918532	0.607049588722	0.64227597702	0.800394297685	0.577803964974	0.730453858834	0.591648979566	0.724246781894	0.600444391862	0.55394880946
PBW60	0.675653208515	0.696604082529	0.704618801929	0.691094933765	0.699264389045	0.679806468586	0.680952286259	0.700456061592	0.702910710707	0.700459084381	0.718537929859	0.608470597071	0.670592064604	0.648613105789	0.782990358457	0.653059942781	0.635024734203	0.748872995023	0.633401538446	0.63279879301	0.605017624496	0.65409610463	0.609605996508	0.674287290537	0.604838248859	0.0	0.636656426311	0.74699699178	0.633262509169	0.657482892319	0.70275753331	0.75513469659	0.700558334395	0.664363775417	0.731757536635	0.634869770041	0.685018757815	0.678261090283	0.73264882546	0.645521251386	0.642849585432	0.703997939927	0.651669849681	0.684793435036	0.712316027537	0.648774274656	0.645206657049	0.653452275385	0.650848768591	0.694590135372	0.693881326221	0.641905426621	0.631421328468	0.718408981759	0.678389533071	0.676778159042	0.683209992192	0.661495741489	0.666761147963	0.652215778348
PEP16	0.662917442555	0.749426954507	0.70363022665	0.706296736458	0.713865328953	0.690286215758	0.696365915848	0.718798798862	0.709950615619	0.720933200374	0.720657897317	0.647593634281	0.704491997476	0.671104168246	0.797411009425	0.672567458405	0.666889253224	0.77853373181	0.685077003309	0.699262724974	0.647558512382	0.619842308304	0.544929539211	0.700646607669	0.664646790988	0.636656426311	0.0	0.722226814286	0.635300691403	0.621044291052	0.666322889163	0.751833252446	0.641316301057	0.638591874318	0.714149534195	0.596607766759	0.657321879534	0.682757539079	0.731224013433	0.661436695554	0.653078730811	0.729062634344	0.66696720085	0.726321647152	0.711092265529	0.652847334381	0.6271507893	0.654881908572	0.654412246208	0.69376825981	0.737719219256	0.697235872892	0.642024389727	0.746097321503	0.692705732704	0.667734581555	0.698275043789	0.673167708404	0.665999206706	0.648802719521
PEP18	0.78899833914	0.78162177081	0.77784277997	0.835384682787	0.775810590701	0.818931423658	0.82653170519	0.839526828787	0.83149888523	0.84673800808	0.858034295874	0.764672096492	0.813752614701	0.715223875439	0.765567415882	0.786616586006	0.740295398303	0.767865321963	0.738676511509	0.70268618195	0.765958340568	0.714140220159	0.747458707098	0.850594323878	0.821303086606	0.74699699178	0.722226814286	0.0	0.711786434918	0.717160306052	0.693564143424	0.651702720985	0.637152002628	0.796267759528	0.863447404138	0.734982119278	0.745744659101	0.750783876713	0.77174529394	0.762106108102	0.753700586466	0.748750485234	0.781961234798	0.836078898586	0.849172024573	0.804253809337	0.765863636079	0.798613632719	0.747394109982	0.759472162315	0.698920504294	0.808261937819	0.758084918784	0.740131612369	0.84371599776	0.713299346417	0.828951475943	0.679940720703	0.820681022619	0.81858707344
PEP21	0.697751690193	0.734327978437	0.718345769478	0.708558248368	0.716874578698	0.71810033845	0.715142316141	0.733625561779	0.732098217043	0.734862778201	0.747067424327	0.660873237277	0.715809970089	0.653497085339	0.779359107611	0.680743239002	0.650436287988	0.73747932322	0.692431628724	0.671470120823	0.672075506469	0.677975207572	0.639909638195	0.731473314389	0.686781230584	0.633262509169	0.635300691403	0.711786434918	0.0	0.632024696628	0.659974789943	0.700509930486	0.631488335751	0.653578968622	0.747336897882	0.626900047833	0.698901152193	0.703977259803	0.739058402397	0.629111435943	0.616805760471	0.721635441168	0.670610647098	0.722399699975	0.727646359643	0.658921818386	0.659151707604	0.672803237932	0.665292662464	0.683523785655	0.697550113343	0.695235639668	0.641409209145	0.687527084868	0.707308207946	0.654480518961	0.71350279482	0.641755147356	0.69338571181	0.681607833791
PEP23	0.678118307039	0.722116695528	0.694354241457	0.71684346102	0.713816672347	0.687253934567	0.703114657094	0.720172799916	0.71981129852	0.725923373978	0.731853979094	0.673261970024	0.699381929465	0.717084508277	0.802841434799	0.718103714429	0.677090632537	0.792098489144	0.689478621063	0.677207025938	0.668093231883	0.62108610035	0.654482003255	0.728711058369	0.680026626226	0.657482892319	0.621044291052	0.717160306052	0.632024696628	0.0	0.692066389899	0.722803017443	0.636073135339	0.612319126364	0.708906554342	0.592299586661	0.670167860686	0.690879563826	0.706118110223	0.64613943241	0.626966276764	0.717116913065	0.665829113944	0.708647925085	0.715595383246	0.652556274735	0.638310099734	0.674440716141	0.663810855958	0.730334307097	0.706568555044	0.680885857844	0.669947301393	0.729135563679	0.693607233033	0.685261885603	0.693192644479	0.640381534417	0.67986044896	0.675383074301
PEP24	0.752233688856	0.775874997965	0.729764279867	0.783417769856	0.743659826349	0.768096326301	0.787408058009	0.800354243321	0.793604162132	0.80992198219	0.816650509348	0.739014696086	0.774913674841	0.703638603198	0.742036485174	0.728345809298	0.688684753886	0.742263143008	0.726717825825	0.704695922609	0.739993133934	0.719469843319	0.695840697975	0.811850503599	0.771384914933	0.70275753331	0.666322889163	0.693564143424	0.659974789943	0.692066389899	0.0	0.683496828319	0.638551787289	0.756721795851	0.82639441386	0.706781873977	0.703731915123	0.751201629352	0.739005050393	0.719041239523	0.665474033531	0.708912030434	0.72662609249	0.790850834741	0.8101952469	0.751093474029	0.744721856727	0.770475476449	0.731972151651	0.718124853441	0.698647830726	0.772298394789	0.741771564078	0.727835579781	0.804679872121	0.718210821418	0.809634815624	0.671656723284	0.797398834608	0.783791675322
PEP26	0.770608572676	0.708896326129	0.752834360875	0.810825302352	0.742610152543	0.805060016126	0.803680085716	0.806093046521	0.801424371212	0.826067564749	0.838932025865	0.764759842433	0.766931658375	0.691481896059	0.737619892726	0.746651113451	0.738767723663	0.744599132534	0.710897913307	0.709071402635	0.711270087094	0.693258679237	0.755442652785	0.838584457218	0.801931203438	0.75513469659	0.751833252446	0.651702720985	0.700509930486	0.722803017443	0.683496828319	0.0	0.638072046299	0.794372318242	0.853713774393	0.735242912221	0.72525586991	0.712967276668	0.710049272123	0.721099319042	0.729202669881	0.687045857411	0.765412887492	0.817859423028	0.839145937066	0.793864554973	0.745106911999	0.781966059492	0.737921760675	0.711218876454	0.729625838424	0.780908004621	0.72911948741	0.709474323416	0.823965193324	0.701400153733	0.818534364515	0.681590095475	0.797301177441	0.795642636067
PEP27	0.724165374453	0.741106871928	0.712791585492	0.770013852071	0.710556987238	0.769517566895	0.764378756791	0.779675076798	0.77439671958	0.787078782544	0.793112941344	0.709724934214	0.752329365061	0.687302758753	0.741329237468	0.717543741747	0.661380500074	0.750008772344	0.700332063147	0.68047928059	0.712969034067	0.630938656565	0.672395555984	0.79841152049	0.751007704328	0.700558334395	0.641316301057	0.637152002628	0.631488335751	0.636073135339	0.638551787289	0.638072046299	0.0	0.730167614156	0.805665234384	0.670825062773	0.697397673996	0.711062007139	0.713503835924	0.674220560043	0.647911299445	0.700451307257	0.706525812845	0.771278686335	0.796006694436	0.734997193773	0.697160969976	0.726559518682	0.690099004671	0.689513817544	0.67315482128	0.742874049072	0.70215196689	0.67516747118	0.780384373909	0.66031704686	0.767608461753	0.63026267781	0.756222306347	0.738357653686
PEP28	0.64367135079	0.748651886322	0.758915283695	0.655836574081	0.748157898673	0.652981815573	0.641766723847	0.666656872142	0.666664032103	0.656781038081	0.650855606369	0.662838232026	0.665683090005	0.755421288151	0.853683945095	0.725050356367	0.692944467586	0.837238477815	0.732581173311	0.740532321629	0.677213870354	0.666299540187	0.638760112898	0.620261142778	0.598537233421	0.664363775417	0.638591874318	0.796267759528	0.653578968622	0.612319126364	0.756721795851	0.794372318242	0.730167614156	0.0	0.567646708828	0.557445207823	0.701559177311	0.714001648139	0.779235837284	0.67182499545	0.654526188852	0.778104863932	0.632745528795	0.651536359677	0.619931955893	0.606235510992	0.646420560274	0.639650789379	0.716944266378	0.777406128674	0.781484408433	0.643665738704	0.670502593343	0.792897420094	0.611137526306	0.744751488361	0.610754261056	0.707346639219	0.616388913384	0.594036175718
PEP29	0.6888354282	0.78795140462	0.815019148643	0.676865294756	0.813375565009	0.695771090934	0.668659449678	0.691480407474	0.702331919727	0.664850287504	0.637774495427	0.709491625683	0.707793093054	0.809863027486	0.900704461725	0.753222402329	0.759084133761	0.887543653931	0.780129984278	0.803547866955	0.706581883534	0.746797095405	0.723650957753	0.596236652496	0.607974241991	0.731757536635	0.714149534195	0.863447404138	0.747336897882	0.708906554342	0.82639441386	0.853713774393	0.805665234384	0.567646708828	0.0	0.638065860843	0.780779740016	0.765113782804	0.835168253436	0.708531650269	0.740667580151	0.830800502238	0.707822593146	0.649038922328	0.599373149587	0.639359208014	0.682527341903	0.68699841758	0.78095018747	0.822880735262	0.842699952383	0.669167306559	0.71332218888	0.855478638145	0.592061523068	0.79371051254	0.579291140413	0.781589312436	0.622944417833	0.585954482561
PEP30	0.640797184161	0.69929873101	0.717040427453	0.67047146942	0.725006100692	0.683503432348	0.666347870028	0.687507793313	0.692148705505	0.686520149327	0.688274563106	0.639733896658	0.678940411545	0.718872379076	0.817336357966	0.676052770515	0.650724044817	0.800093145479	0.670798293544	0.711300439634	0.639598156336	0.623537402751	0.627827754705	0.670033180702	0.629315887155	0.634869770041	0.596607766759	0.734982119278	0.626900047833	0.592299586661	0.706781873977	0.735242912221	0.670825062773	0.557445207823	0.638065860843	0.0	0.699155707208	0.66380775282	0.726950827925	0.62419416304	0.647208677651	0.73280132083	0.638506639469	0.679617725326	0.671954373189	0.634756235991	0.610503490744	0.650000935763	0.68443031108	0.728258155841	0.747502246798	0.665934559371	0.654767675711	0.763299004713	0.6549753632	0.677462283742	0.640642012115	0.657340439875	0.646025504132	0.611163277732
PIS1	0.680784250617	0.720482676437	0.704099820991	0.715660204814	0.6884824786	0.674255035186	0.705503828313	0.723479475615	0.712839178682	0.724902776783	0.740851230542	0.682980742332	0.697626424957	0.736928294002	0.787415484228	0.718998692995	0.691774690631	0.824064548372	0.694208354821	0.704081693496	0.679764717523	0.661478059872	0.667696289799	0.75055573289	0.719783941593	0.685018757815	0.657321879534	0.745744659101	0.698901152193	0.670167860686	0.703731915123	0.72525586991	0.697397673996	0.701559177311	0.780779740016	0.699155707208	0.0	0.632469941957	0.711332855333	0.664240368415	0.681498684867	0.70271969837	0.624075643568	0.696724699354	0.718450154845	0.657644836375	0.673122967022	0.690275787776	0.687000346613	0.738263529989	0.738554680132	0.703794541549	0.672302689525	0.732001064122	0.726858473709	0.69524862306	0.748534965437	0.672803798419	0.717336284546	0.703730401878
PIS2	0.681249418056	0.689655672943	0.69140267507	0.706583214906	0.739506224759	0.69867498242	0.704766239288	0.707577224189	0.718796721417	0.708768954935	0.75031902312	0.630871620187	0.719696167844	0.722683928459	0.769934355926	0.706302340522	0.739677876258	0.821469747158	0.682265719397	0.725113172258	0.674243459016	0.666017491119	0.683599312923	0.71462392434	0.70530982821	0.678261090283	0.682757539079	0.750783876713	0.703977259803	0.690879563826	0.751201629352	0.712967276668	0.711062007139	0.714001648139	0.765113782804	0.66380775282	0.632469941957	0.0	0.678707737247	0.649709779295	0.693991207984	0.68227152279	0.65614731741	0.703773881861	0.721558484597	0.65299657982	0.676115392866	0.691629588498	0.670284224546	0.721949357974	0.733591211277	0.696413380011	0.687475169681	0.769906655296	0.721541916976	0.72191271285	0.756079844656	0.71236563194	0.710620481709	0.697226334545
PIS4	0.740937885025	0.701657553393	0.697841214344	0.767404631501	0.712941466121	0.75514473109	0.783618653004	0.765063906361	0.776339830655	0.776091537078	0.801711256094	0.72141639287	0.759150318213	0.733468287273	0.754979752085	0.743147985053	0.728644072832	0.768599942037	0.712858213729	0.7191168502	0.742545920197	0.723010313771	0.726079747743	0.816140778407	0.785221347432	0.73264882546	0.731224013433	0.77174529394	0.739058402397	0.706118110223	0.739005050393	0.710049272123	0.713503835924	0.779235837284	0.835168253436	0.726950827925	0.711332855333	0.678707737247	0.0	0.692602587577	0.720033562544	0.651068071849	0.704138599477	0.777440015666	0.801064372274	0.750559474184	0.734973004492	0.756510142446	0.708191723002	0.728792101759	0.728294018013	0.765414100902	0.740506237754	0.742283384115	0.801076228566	0.715190091981	0.820306729455	0.717038385492	0.77549747409	0.786853210208
PIS5	0.64455791106	0.656080106428	0.690448804584	0.65762021434	0.681963790705	0.672953695881	0.668807658894	0.675541917906	0.659776109533	0.691589297334	0.70254913349	0.641475110126	0.640322194064	0.671361832918	0.793782281599	0.666514682993	0.661191345412	0.778879509095	0.667777982233	0.705010267181	0.643280011394	0.675356591963	0.663182816235	0.695880658039	0.664231193178	0.645521251386	0.661436695554	0.762106108102	0.629111435943	0.64613943241	0.719041239523	0.721099319042	0.674220560043	0.67182499545	0.708531650269	0.62419416304	0.664240368415	0.649709779295	0.692602587577	0.0	0.621052806089	0.663318409739	0.604843754029	0.649132399887	0.66681274078	0.612992122105	0.594011973804	0.632105034145	0.618501575191	0.65682509823	0.722339274107	0.636183485721	0.616298813666	0.720636617772	0.662267884719	0.635064961426	0.685502448001	0.66917478336	0.6464050274	0.620183134287
PIS7	0.654960406121	0.682004951121	0.692855047466	0.669009819593	0.703824722311	0.674153296688	0.665252963267	0.701382242994	0.699995092099	0.710065927334	0.711870601283	0.677457031802	0.664077612686	0.707075806678	0.809772929164	0.715993974193	0.634039353961	0.775187999169	0.702562288488	0.695030021502	0.65017508831	0.647614860222	0.648934615163	0.726475539084	0.647339751498	0.642849585432	0.653078730811	0.753700586466	0.616805760471	0.626966276764	0.665474033531	0.729202669881	0.647911299445	0.654526188852	0.740667580151	0.647208677651	0.681498684867	0.693991207984	0.720033562544	0.621052806089	0.0	0.716353689653	0.630021798125	0.691173610188	0.693880622093	0.622006713031	0.658624652453	0.675870416924	0.691157488529	0.71292644525	0.720931544275	0.677177757177	0.676304386616	0.713921741761	0.685590006249	0.660277961827	0.696218120993	0.657455802019	0.67146620633	0.651935361158
PIS9	0.729083705742	0.691637069781	0.683655262723	0.747027080831	0.70226032747	0.742251119905	0.756553031473	0.749145321963	0.770069475984	0.767821976394	0.800875578219	0.70271556878	0.718416294361	0.685422417308	0.728255637771	0.722549402333	0.735022157885	0.736391907351	0.695567937453	0.697267041797	0.719101829496	0.735475467276	0.718097042162	0.801513935736	0.769932665299	0.703997939927	0.729062634344	0.748750485234	0.721635441168	0.717116913065	0.708912030434	0.687045857411	0.700451307257	0.778104863932	0.830800502238	0.73280132083	0.70271969837	0.68227152279	0.651068071849	0.663318409739	0.716353689653	0.0	0.671363510617	0.761691443465	0.772818990795	0.700739252965	0.706107359819	0.74352217948	0.658237202338	0.678057545129	0.676896466677	0.747061418296	0.711581856274	0.728617847207	0.788639259027	0.69267913969	0.81514797186	0.737860180386	0.770172764412	0.778965870661
PIS10	0.610971424356	0.680896333187	0.694436218326	0.637898595631	0.667775122968	0.622377485258	0.635444680366	0.659269510072	0.642077978981	0.652669916053	0.670380119556	0.653928069126	0.633925479616	0.716380845365	0.826089375435	0.706891566447	0.689983928506	0.818541164964	0.715777266846	0.724075726096	0.67153173353	0.685519313473	0.65084903515	0.695400899195	0.656795802809	0.651669849681	0.66696720085	0.781961234798	0.670610647098	0.665829113944	0.72662609249	0.765412887492	0.706525812845	0.632745528795	0.707822593146	0.638506639469	0.624075643568	0.65614731741	0.704138599477	0.604843754029	0.630021798125	0.671363510617	0.0	0.612154440139	0.61488135675	0.57311927106	0.646192364195	0.646369432816	0.66611569659	0.717274764529	0.757300221178	0.655417780665	0.645817191031	0.745121332477	0.66298447254	0.686861865506	0.696731980936	0.691338506742	0.660173217466	0.650973116753
PIS11	0.618285175628	0.688234494084	0.747304292737	0.604750011913	0.73018991439	0.602955274667	0.574464544501	0.599506700781	0.591037884275	0.593073754745	0.596651404434	0.680810464855	0.627265510231	0.782825702667	0.875200028277	0.761212712809	0.743284796643	0.871770921153	0.756713289394	0.796326193551	0.704682681299	0.736635635836	0.726248330315	0.625427007009	0.620669547616	0.684793435036	0.726321647152	0.836078898586	0.722399699975	0.708647925085	0.790850834741	0.817859423028	0.771278686335	0.651536359677	0.649038922328	0.679617725326	0.696724699354	0.703773881861	0.777440015666	0.649132399887	0.691173610188	0.761691443465	0.612154440139	0.0	0.544646018623	0.569557001285	0.698051108888	0.675428885485	0.753930508799	0.79017869315	0.821398432175	0.617042895989	0.700655683418	0.823947661692	0.600749618398	0.742894245599	0.643182510547	0.745178660138	0.632888520131	0.616522467967
