	PAM31	PAM32	PAM33	PAM35	PAM36	PAM37	PAM39	PAM40	PAM41	PAM42	PAM43	PAM44	PAM45	PBW46	PBW47	PBW49	PBW50	PBW51	PBW52	PBW53	PBW54	PBW55	PBW56	PBW58	PBW59	PBW60	PEP16	PEP18	PEP21	PEP23	PEP24	PEP26	PEP27	PEP28	PEP29	PEP30	PIS1	PIS2	PIS4	PIS5	PIS7	PIS9	PIS10	PIS11	PIS14	PIS15	PLL76	PLL77	PLL79	PLL80	PLL83	PLL88	PLL89	PLL90	PPO64	PPO66	PPO67	PPO69	PPO72	PPO75
PAM31	0.0	1.22334480903	1.54387008081	1.05428919083	0.58556361348	0.677260594647	0.717690408714	0.634799555613	0.761162758862	0.413538333505	0.727674235872	0.642942151877	1.62601031609	2.14065252897	1.41646491575	1.56056432402	0.854207556672	1.07737209324	0.998198134207	1.19907868581	1.32115316278	0.889252901934	0.782350502186	0.656234323435	1.31647066828	1.41335762356	0.919948167574	0.952760153432	1.65099299354	1.04915170757	1.62914417223	0.910270380403	1.28385400488	0.970911942542	0.976425603061	0.792825363674	0.629972424625	1.1393915107	0.939119284732	1.62060426776	1.35991065916	0.879577014814	0.895895053562	0.997506210604	1.0919270602	0.898637678475	0.93702148576	0.976701084616	0.956291084206	1.69448324545	1.7894225658	1.10142802899	1.06165451852	1.10685903822	1.44171453322	1.24225432528	0.989934205792	1.0212857786	0.941407409911	0.993380092112
PAM32	1.22334480903	0.0	1.11647547106	0.933212743765	1.18194626415	0.901795121424	0.827245902218	1.01178804002	0.911381188025	1.30449437003	1.15419274129	1.34964213262	1.2188599185	1.91032274888	1.49547281367	2.23672037744	1.37767528911	1.74679560651	1.70144661425	1.57316183613	1.43944744392	1.54267043307	1.46934195278	1.29007123136	1.08368094436	1.12379867641	1.31530603443	1.72655989864	1.50312518874	1.1210351724	1.49735919803	1.29986660036	1.20121086323	1.17025363982	1.20354269832	1.3569455122	1.42816477714	1.8498914332	1.71148188436	1.29612444861	1.39989371896	1.48138529914	1.537045373	0.83003058848	0.970523234193	1.36127624791	1.44722024235	1.6999495688	1.61952681173	1.45775305171	1.5368291169	1.25640338414	1.44143160411	1.12548124785	1.06987537465	1.67758755314	1.23641675344	1.12859692337	1.31598369924	1.10265632985
PAM33	1.54387008081	1.11647547106	0.0	0.922712411337	1.45481784121	1.17901701714	1.1582641034	1.26903951015	1.39532860366	1.61373550137	1.39504929433	1.67648334642	0.764506489554	1.23545797147	1.71409106027	2.49482196168	1.57073436294	1.98482446801	1.97963093115	1.80112280129	1.67005750766	1.74853191737	1.7043582256	1.60155663829	1.21426764546	1.19689879827	1.52641407872	2.09390794768	0.861299343017	1.30927051853	0.821190863893	1.73230924496	1.16751929834	1.38488432272	1.40045549689	1.57940428822	1.65644092928	2.09621929812	2.02703760066	0.981035830031	1.48098430023	1.72784040666	1.8816626727	1.00439490331	1.14615378021	1.5424931025	1.670607684	1.95072027655	1.83278976789	1.05203219464	1.06451684121	1.49205746837	1.75066120346	1.36393313621	0.592765381978	2.18879374408	1.46750774375	1.46134480387	1.55368804431	1.31748970947
PAM35	1.05428919083	0.933212743765	0.922712411337	0.0	0.839190081464	0.896789445922	0.789320970188	0.65968448449	1.10503465817	1.02718036759	0.910887073971	1.11299482113	1.07455792349	1.47267528714	1.13147554108	1.9220471762	1.00579292643	1.41712635195	1.38763557686	1.20660299089	1.06101392108	1.14366484695	1.14507689143	1.02718741619	0.889564739719	0.824388461842	0.981434865854	1.5589541963	1.18192970594	0.748028373706	1.00946438192	1.1359549544	0.695464184573	0.798853764224	0.817913975955	1.00589148063	1.14354088106	1.48220793071	1.43482424461	0.910195929275	1.35794083931	1.15827030383	1.38864152045	0.531129705135	0.728708527902	0.928634066383	1.0886597926	1.40727869717	1.26128863763	1.03425537426	1.14066714038	0.896467399033	1.15794841911	0.783331842018	0.860774572913	1.82462459851	0.899151743226	0.994654004433	0.93137567578	0.730801596124
PAM36	0.58556361348	1.18194626415	1.45481784121	0.839190081464	0.0	0.615607842632	0.718828221584	0.580288057217	0.748055832017	0.529556446769	0.752086695795	0.647068981962	1.57095319485	1.99423590266	1.18755229613	1.53728689227	0.723117751303	1.02410247716	0.993278822882	1.01137441586	1.10698999293	0.736636861746	0.642262061903	0.599286304751	1.27197243053	1.26655545503	0.788686178647	1.01966083567	1.60257751102	0.914440033611	1.54190947834	0.783592848837	1.13961044329	0.843052018628	0.852576793829	0.65376619293	0.70662946197	1.13703198276	0.944429022287	1.49017099893	1.30027710062	0.753759680571	0.952761647047	0.886726978886	1.01697524309	0.695364018487	0.755243279918	0.972190618167	0.869016756763	1.47753508811	1.56447075484	0.89826044912	0.836896304323	0.963280650272	1.37446175932	1.36462597501	0.822858035552	0.987152113114	0.745202830099	0.842688063938
PAM37	0.677260594647	0.901795121424	1.17901701714	0.896789445922	0.615607842632	0.0	0.388790841732	0.603390146248	0.453168939186	0.713371443688	0.718951332223	0.882091809646	1.53405275416	2.02467310599	1.26069991172	1.75193754674	0.848075976719	1.2581017954	1.22818079399	1.11666347701	1.1848982808	1.01269774677	0.893710103294	0.824029900532	1.20113025962	1.28984466545	0.882171814968	1.28070665404	1.58213912849	1.00855595912	1.55587166143	1.0403749486	1.20622492108	0.947816867903	0.952433400905	0.822283846133	0.880845210094	1.37832388153	1.21432282816	1.45610709513	1.26042310184	0.99483735223	1.04231734223	0.827137787954	0.957181623797	0.827337108068	0.965281715755	1.18720941506	1.12692845432	1.57676347498	1.66901472301	0.985125286201	1.04058744765	1.06961492277	1.24669218733	1.38555113077	0.938097676285	0.961465295254	0.84801324626	0.912788946887
PAM39	0.717690408714	0.827245902218	1.1582641034	0.789320970188	0.718828221584	0.388790841732	0.0	0.467752899193	0.564357798757	0.792935469105	0.572591744241	0.993997308144	1.35983604956	1.97132897936	1.23646597607	1.9023180653	0.922169872476	1.4041293734	1.36538773676	1.22494130928	1.14540739714	1.10872553015	0.969313924935	0.939049393627	1.0958416309	1.25736459619	0.795993612835	1.33868280749	1.45888040967	0.915917412163	1.45554301555	1.141187592	1.10822222816	0.847045537937	0.821087774883	0.890363069027	1.00086703897	1.49753617204	1.32343305984	1.41031160983	1.29288958241	1.13113925993	1.17565072177	0.784573697069	0.877482206929	0.971122087155	1.10272486924	1.32982310275	1.26339703657	1.53350633173	1.62443030651	0.931084533616	1.15642501434	0.941881795633	1.17467739992	1.46406831043	0.864019101457	0.810073888698	0.957522465373	0.848216299009
PAM40	0.634799555613	1.01178804002	1.26903951015	0.65968448449	0.580288057217	0.603390146248	0.467752899193	0.0	0.798588105517	0.631667486285	0.485498364637	0.864811041251	1.28895710033	1.85421178075	1.08837886066	1.74496639388	0.768808732103	1.2392753925	1.21207444276	1.05697709143	1.00253497036	0.949258639417	0.83084998205	0.812202579432	1.03999190971	1.11730745303	0.69648750439	1.24964159296	1.38356763187	0.767087744897	1.34219857352	0.962888681293	0.964778970367	0.704994246677	0.682388590015	0.709661468691	0.824517295003	1.32764398201	1.14076733209	1.27783625884	1.22111281174	0.978412950742	1.07066962669	0.715503661473	0.771204994682	0.80061512739	0.941873999343	1.16962951096	1.10632413643	1.38676747065	1.46723632715	0.756434350047	0.995214263436	0.780472631787	1.1933801431	1.50133302118	0.734399028618	0.794053254651	0.78253619428	0.721617889378
PAM41	0.761162758862	0.911381188025	1.39532860366	1.10503465817	0.748055832017	0.453168939186	0.564357798757	0.798588105517	0.0	0.764711876491	0.812715277211	0.933838754137	1.62648897993	2.28100320131	1.49369793221	1.7936227282	1.09007004562	1.32410383495	1.28313502783	1.30978851866	1.39210617146	1.12997039389	1.05719171751	0.880915583595	1.40878553825	1.49702407438	1.15356439811	1.22721741901	1.8506996689	1.27896475628	1.82498777207	0.982502596899	1.45140544912	1.21151901477	1.22833687155	1.03874996212	0.939633550172	1.4003569579	1.25026565377	1.65161433261	1.37486820622	1.08802032011	1.04316066373	1.05023048236	1.17565159861	1.02753765818	1.03802114913	1.24707476897	1.19235443724	1.83751378497	1.92334039754	1.16873414223	1.16460056717	1.29147725024	1.43390667838	1.23173287669	1.1514112128	1.07304818367	1.06579656708	1.10940240295
PAM42	0.413538333505	1.30449437003	1.61373550137	1.02718036759	0.529556446769	0.713371443688	0.792935469105	0.631667486285	0.764711876491	0.0	0.807376019465	0.613436193834	1.71512816893	2.18346138793	1.36565407372	1.38965456121	0.92876022866	1.07221928864	0.938929128697	1.19755673174	1.2805052937	0.882491890418	0.792172119363	0.638452234419	1.41664327235	1.44661423939	0.953996464517	0.858838075717	1.76842592703	1.09144836666	1.72361972313	0.878146825108	1.32284880929	1.00341163025	1.00758032534	0.811082258481	0.559503017852	0.966394049778	0.786981549423	1.63634279399	1.4524456178	0.80051529694	0.783990987021	1.04692722373	1.11956628561	0.853777054561	0.889369185903	0.804232809146	0.926658609766	1.68291788743	1.76243674421	1.0319246034	1.01271229767	1.15197747484	1.53946363217	1.25400148315	0.995077642098	1.14179884922	0.915567181061	1.00057448789
PAM43	0.727674235872	1.15419274129	1.39504929433	0.910887073971	0.752086695795	0.718951332223	0.572591744241	0.485498364637	0.812715277211	0.807376019465	0.0	1.04950433656	1.32426138089	2.0068697953	1.34711032174	1.92176488491	0.821056743959	1.36903426297	1.3567279403	1.19274718521	1.23668089272	1.03181942245	0.825595503266	1.00070628594	1.03221092401	1.25614481428	0.7571224572	1.24531302578	1.39968861196	0.91717601895	1.43101796495	1.07170092403	1.10795217774	0.850333949096	0.833742077541	0.79874463746	0.886795362092	1.49389999928	1.2761858805	1.43139900261	1.15008921297	1.19956803199	1.15870144847	0.939027478759	0.846144313998	0.932424082763	1.05210410082	1.29653694016	1.21103849807	1.57038686469	1.65846758992	0.97332921797	1.12729025426	0.919126960858	1.27996326999	1.39881968536	0.877160244507	0.741378997845	0.866987173606	0.884251467785
PAM44	0.642942151877	1.34964213262	1.67648334642	1.11299482113	0.647068981962	0.882091809646	0.993997308144	0.864811041251	0.933838754137	0.613436193834	1.04950433656	0.0	1.71941842058	2.0439981991	1.07653399965	1.24187302233	0.766799787976	0.781662798579	0.741999852326	0.914828410893	0.994268456049	0.658622078985	0.782653209644	0.198239266416	1.37983183054	1.32910184476	0.985587109655	0.990047329243	1.70974921781	1.10202553651	1.64768973062	0.718981598958	1.28907081409	1.01847867502	0.857540922192	0.696620488798	0.707110042602	0.858154881632	0.755015210464	1.59798529816	1.4439986128	0.608811224811	0.978367924722	1.03926222885	1.19036814845	0.632428177735	0.639475132989	0.81795430858	0.680309894569	1.5778847972	1.6703268173	0.877572160388	0.713092036581	1.12084150386	1.5265425011	1.318149478	0.880928402167	1.15182152913	0.675859858938	0.870690009077
PAM45	1.62601031609	1.2188599185	0.764506489554	1.07455792349	1.57095319485	1.53405275416	1.35983604956	1.28895710033	1.62648897993	1.71512816893	1.32426138089	1.71941842058	0.0	1.2537219388	1.7434005399	2.54237516345	1.53433338127	1.93203425477	1.93501495693	1.81511563905	1.67506067734	1.80080266777	1.71528960682	1.64099001085	1.15320884161	1.22061718032	1.53770770937	2.05752810505	0.8425958955	1.34433163202	0.861118406114	1.66558263629	1.16083796766	1.38884486222	1.41427800857	1.59979503131	1.72579831667	2.16999679129	2.07932847091	1.00856288339	1.50869811779	1.84636969724	1.97993550165	1.19508006651	1.1948731666	1.61743271527	1.74809658261	1.96929655714	1.88314738014	1.0426097869	1.03109938412	1.48705397901	1.71873597008	1.34359225674	0.704504340674	2.11071542971	1.47642199764	1.43212738976	1.56580428064	1.32490565536
PBW46	2.14065252897	1.91032274888	1.23545797147	1.47267528714	1.99423590266	2.02467310599	1.97132897936	1.85421178075	2.28100320131	2.18346138793	2.0068697953	2.0439981991	1.2537219388	0.0	1.54785589145	2.57298368368	1.80718161666	1.89091935778	2.04802887919	1.7318612157	1.5743347352	1.95744094766	1.95823400414	1.96990976588	1.61897729801	1.39167142572	1.805206157	2.38306435246	1.08164935257	1.61369369676	1.03583194815	2.02073600268	1.4260888799	1.67763549778	1.70444259263	1.8849008998	2.07056931012	2.31600477262	2.37557078691	1.11172120188	1.9290085979	2.03943972566	2.38092224868	1.60408838521	1.66681382441	1.79644097726	1.89182175494	2.16999750799	1.95330184814	0.903248439644	0.947678211285	1.65554678054	1.79154361006	1.53262168225	1.23301142206	2.63821239626	1.66962308128	1.84313857251	1.7268890319	1.6203553724
PBW47	1.41646491575	1.49547281367	1.71409106027	1.13147554108	1.18755229613	1.26069991172	1.23646597607	1.08837886066	1.49369793221	1.36565407372	1.34711032174	1.07653399965	1.7434005399	1.54785589145	0.0	1.34055758163	1.05557372099	0.762804254358	1.0425500633	0.617497108715	0.435303678188	0.968236108815	1.22584156296	1.04826436752	1.44829904803	1.16205824294	1.10164664099	1.54500963256	1.70534314921	1.08842925106	1.48350689468	1.08926528642	1.21332611992	1.00104001742	0.876303917098	1.02821006877	1.28868898467	1.08410911572	1.31852457576	1.27607907303	1.66610496614	1.00584983591	1.58465140991	1.17887537909	1.22339832355	0.781803869044	0.897953572024	1.27566603579	0.918269361547	1.20100236199	1.20881782277	0.72665368636	0.698570188941	1.05599131143	1.59673377364	1.92826534466	0.895429596823	1.25789443759	0.82399020946	0.875708207274
PBW49	1.56056432402	2.23672037744	2.49482196168	1.9220471762	1.53728689227	1.75193754674	1.9023180653	1.74496639388	1.7936227282	1.38965456121	1.92176488491	1.24187302233	2.54237516345	2.57298368368	1.34055758163	0.0	1.51358865316	1.0210581172	1.03153935089	1.15375904617	1.23957475723	1.20697957266	1.54436529494	1.29610875733	2.21625632662	1.96237169118	1.76019922982	1.41028055413	2.49900950707	1.88294368888	2.32053164792	1.37992355619	1.98855706928	1.81122949007	1.61901281289	1.48940234951	1.43126120198	0.704855010862	1.02575264157	2.16122078319	2.21122939503	1.2076251689	1.36057402921	1.95877476777	2.00132062146	1.24556803032	1.20396765857	1.17502810647	1.08606643813	2.07855772933	2.16281482163	1.45672625895	1.10188105378	1.82741911303	2.37083993148	1.70329497912	1.58016355272	1.95617829008	1.33013943159	1.59929901918
PBW50	0.854207556672	1.37767528911	1.57073436294	1.00579292643	0.723117751303	0.848075976719	0.922169872476	0.768808732103	1.09007004562	0.92876022866	0.821056743959	0.766799787976	1.53433338127	1.80718161666	1.05557372099	1.51358865316	0.0	0.922258508271	0.937644488915	0.783874509629	0.909422819947	0.632113439575	0.66914315672	0.707170130272	1.10659482824	1.10462158774	0.713401069473	1.07944569211	1.42185590222	0.811937656134	1.37482660659	0.777753153831	0.977822898649	0.766454567041	0.659354957057	0.499444567364	0.815714313436	1.21678135707	1.04851438798	1.38205995712	1.18288131303	0.943458620106	1.14498448698	0.970191686165	0.955805493551	0.638147522731	0.689843028758	0.977507702379	0.86352273019	1.37706604825	1.39433430029	0.764570861536	0.73430651571	0.803272026104	1.36607759675	1.44969597123	0.64640678078	0.837320056876	0.561851862907	0.661955712934
PBW51	1.07737209324	1.74679560651	1.98482446801	1.41712635195	1.02410247716	1.2581017954	1.4041293734	1.2392753925	1.32410383495	1.07221928864	1.36903426297	0.781662798579	1.93203425477	1.89091935778	0.762804254358	1.0210581172	0.922258508271	0.0	0.619045505954	0.634458096776	0.745921973082	0.772884546683	0.978275269206	0.80273236471	1.66810356416	1.42528977489	1.20380533987	1.20717695637	1.90683439555	1.33477480447	1.76994046835	0.850089827362	1.44099564716	1.27899024898	1.13476716023	0.977972426468	1.00938256789	0.850569138265	1.04114512669	1.56336014584	1.68504757872	0.793237511072	1.3359825778	1.46626963897	1.48087266304	0.755859854445	0.732375814058	0.883038784862	0.586949850238	1.43567782827	1.52891193762	0.953709200978	0.592716224523	1.27701614189	1.84397413108	1.64053688441	1.04052631906	1.42407598165	0.818474105285	1.08934477216
PBW52	0.998198134207	1.70144661425	1.97963093115	1.38763557686	0.993278822882	1.22818079399	1.36538773676	1.21207444276	1.28313502783	0.938929128697	1.3567279403	0.741999852326	1.93501495693	2.04802887919	1.0425500633	1.03153935089	0.937644488915	0.619045505954	0.0	0.750083377546	0.83207073298	0.720657922747	1.02119462123	0.772037770749	1.69761723053	1.45644490787	1.23451789019	1.12489123717	1.99857919809	1.37935174181	1.83750005124	0.869194351821	1.47399978709	1.29873093885	1.12937779618	0.963402061947	0.959770264255	0.765355620777	0.897071010311	1.68340521866	1.70405381156	0.78537724648	1.24798359462	1.41458981178	1.4870784199	0.77040056587	0.670857829912	0.705376076153	0.63393815647	1.56101742712	1.67476693708	0.96638014493	0.690823493083	1.32204619977	1.80214879097	1.50747710025	1.07336353795	1.46165293169	0.802736494497	1.0454075559
PBW53	1.19907868581	1.57316183613	1.80112280129	1.20660299089	1.01137441586	1.11666347701	1.22494130928	1.05697709143	1.30978851866	1.19755673174	1.19274718521	0.914828410893	1.81511563905	1.7318612157	0.617497108715	1.15375904617	0.783874509629	0.634458096776	0.750083377546	0.0	0.441426650967	0.674394173176	1.03202504602	0.881027380973	1.50037414316	1.18515901949	1.07843708078	1.3289463658	1.7635598792	1.12738421699	1.57593440749	0.899655847231	1.26549433412	1.06984084987	0.934733185535	0.794073770412	1.14051069568	0.918774447633	1.15646674282	1.38385732336	1.54018797499	0.870545591946	1.42671540511	1.25199409412	1.31402070062	0.624141167769	0.68222722965	1.1263794706	0.715922303487	1.31323843219	1.38376338395	0.710153355832	0.491919258396	1.11166103549	1.64306994076	1.72984006222	0.858886825836	1.18431119571	0.620610768377	0.869388184821
PBW54	1.32115316278	1.43944744392	1.67005750766	1.06101392108	1.10698999293	1.1848982808	1.14540739714	1.00253497036	1.39210617146	1.2805052937	1.23668089272	0.994268456049	1.67506067734	1.5743347352	0.435303678188	1.23957475723	0.909422819947	0.745921973082	0.83207073298	0.441426650967	0.0	0.755694266362	1.11162209244	0.958694270383	1.37467271464	1.08110543758	1.00800852676	1.49771002806	1.67172176163	1.03859188106	1.47087257789	1.01134582627	1.15870033289	0.969460466386	0.794188434098	0.922681078783	1.21879545515	0.981526752862	1.24174230845	1.23161790165	1.59820460295	0.959227092846	1.50499065606	1.10150892009	1.16473982611	0.701461721165	0.774817265041	1.22366593786	0.8126939218	1.14159169766	1.22060205476	0.66688386037	0.579607854881	1.00151339957	1.51240886266	1.84067205952	0.795555557882	1.18348727784	0.698771932271	0.745227333278
PBW55	0.889252901934	1.54267043307	1.74853191737	1.14366484695	0.736636861746	1.01269774677	1.10872553015	0.949258639417	1.12997039389	0.882491890418	1.03181942245	0.658622078985	1.80080266777	1.95744094766	0.968236108815	1.20697957266	0.632113439575	0.772884546683	0.720657922747	0.674394173176	0.755694266362	0.0	0.645077226962	0.655483415568	1.35973169056	1.2426120655	0.834248275995	1.0043266987	1.63619376399	0.953781267261	1.51840441413	0.733421428983	1.12883386694	0.883097774013	0.772920753834	0.583702896787	0.755418406984	0.898103178537	0.875867002066	1.52067552523	1.35191253489	0.792719173851	1.14565643987	1.13441464391	1.19034254678	0.632754821572	0.585078672712	0.9446711342	0.653750316661	1.49283734103	1.56530991116	0.855741550115	0.577991908801	0.984502927463	1.56314867719	1.54237330942	0.792113322522	1.02706518796	0.57510848658	0.845489511004
PBW56	0.782350502186	1.46934195278	1.7043582256	1.14507689143	0.642262061903	0.893710103294	0.969313924935	0.83084998205	1.05719171751	0.792172119363	0.825595503266	0.782653209644	1.71528960682	1.95823400414	1.22584156296	1.54436529494	0.66914315672	0.978275269206	1.02119462123	1.03202504602	1.11162209244	0.645077226962	0.0	0.736570361782	1.24668813713	1.24071533997	0.509853625057	0.893549542643	1.51542806893	0.869108669873	1.47615610566	0.854564735271	1.09359990775	0.800532932013	0.778766322585	0.577255127526	0.711921783027	1.23348680599	1.04512637389	1.52105014729	1.28257783339	0.931730393845	1.07789750547	1.10146671226	1.05872673392	0.813391752892	0.77634340651	0.951005283263	0.90613367152	1.49169314547	1.5273518455	0.970095800163	0.843901880709	0.920567262049	1.52536379953	1.42051415305	0.781090111193	0.883685448767	0.75346355684	0.945912927871
PBW58	0.656234323435	1.29007123136	1.60155663829	1.02718741619	0.599286304751	0.824029900532	0.939049393627	0.812202579432	0.880915583595	0.638452234419	1.00070628594	0.198239266416	1.64099001085	1.96990976588	1.04826436752	1.29610875733	0.707170130272	0.80273236471	0.772037770749	0.881027380973	0.958694270383	0.655483415568	0.736570361782	0.0	1.3238194792	1.24870869165	0.943735269447	1.02373054229	1.64965977139	1.05355161372	1.58263387292	0.652627530156	1.23570369695	0.963603407014	0.808154101938	0.651634716586	0.734987075067	0.911011099011	0.831655105238	1.52510154315	1.39881526269	0.587042609246	0.984565115076	0.957793067112	1.12927723225	0.594682200929	0.59390625471	0.834798362465	0.692865432709	1.50706297115	1.60453210613	0.804652459399	0.674398456046	1.07770832201	1.42781606893	1.30997728246	0.793393615665	1.10410015361	0.631357707286	0.790810409479
PBW59	1.31647066828	1.08368094436	1.21426764546	0.889564739719	1.27197243053	1.20113025962	1.0958416309	1.03999190971	1.40878553825	1.41664327235	1.03221092401	1.37983183054	1.15320884161	1.61897729801	1.44829904803	2.21625632662	1.10659482824	1.66810356416	1.69761723053	1.50037414316	1.37467271464	1.35973169056	1.24668813713	1.3238194792	0.0	0.728421275012	1.08455891874	1.65240381276	1.12249504805	0.886037959584	1.143535171	1.45906708291	0.969018261261	0.965458809726	0.945314410379	1.17867770471	1.25531383349	1.87772449876	1.72710922855	0.963303305615	1.10584873531	1.57196398891	1.43606440935	0.853658115409	0.625956344094	1.2847747559	1.34929924582	1.60541395599	1.53887096039	1.2667088475	1.34641541041	1.18174946629	1.44439312364	0.884799102086	1.01972164818	1.71212595106	1.05642364678	0.943279027012	1.18229234275	0.973040184153
PBW60	1.41335762356	1.12379867641	1.19689879827	0.824388461842	1.26655545503	1.28984466545	1.25736459619	1.11730745303	1.49702407438	1.44661423939	1.25614481428	1.32910184476	1.22061718032	1.39167142572	1.16205824294	1.96237169118	1.10462158774	1.42528977489	1.45644490787	1.18515901949	1.08110543758	1.2426120655	1.24071533997	1.24870869165	0.728421275012	0.0	1.09383820108	1.61007859335	1.16384142529	0.856388190469	0.996593997983	1.31051994688	0.910512284147	0.883186004797	0.958786673776	1.09237712322	1.24673342609	1.62593462535	1.67456200728	0.664304086152	1.0699250915	1.39318353993	1.39713969044	0.820318263084	0.78491582599	1.08834379613	1.19168305395	1.50498437099	1.33501796822	1.01043398859	1.04221557935	0.954186082211	1.17134375733	0.946965842644	0.975064302783	1.86209374923	0.959165543775	1.06914485507	1.0352641547	0.87435928152
PEP16	0.919948167574	1.31530603443	1.52641407872	0.981434865854	0.788686178647	0.882171814968	0.795993612835	0.69648750439	1.15356439811	0.953996464517	0.7571224572	0.985587109655	1.53770770937	1.805206157	1.10164664099	1.76019922982	0.713401069473	1.20380533987	1.23451789019	1.07843708078	1.00800852676	0.834248275995	0.509853625057	0.943735269447	1.08455891874	1.09383820108	0.0	1.02539080236	1.30212725787	0.647314569606	1.28990708882	1.00393996124	0.877750984307	0.603127149798	0.626467703218	0.62208703753	0.867419967807	1.43511843799	1.25053662592	1.37056938401	1.26604788817	1.12703116759	1.22816503676	0.948982911399	0.876171570684	0.909233565266	0.981516955256	1.17472004689	1.11550239741	1.35108260631	1.38237971222	0.858513487933	1.00094413856	0.778251895392	1.34330418391	1.54150561473	0.665206036204	0.707495136625	0.806006089317	0.81487867356
PEP18	0.952760153432	1.72655989864	2.09390794768	1.5589541963	1.01966083567	1.28070665404	1.33868280749	1.24964159296	1.22721741901	0.858838075717	1.24531302578	0.990047329243	2.05752810505	2.38306435246	1.54500963256	1.41028055413	1.07944569211	1.20717695637	1.12489123717	1.3289463658	1.49771002806	1.0043266987	0.893549542643	1.02373054229	1.65240381276	1.61007859335	1.02539080236	0.0	1.9055420563	1.20007130872	1.87529585328	1.02182880032	1.46000115881	1.15529936334	1.19686391719	0.94235279404	0.834361379494	1.09131348177	0.902968883283	1.91480339654	1.64953889485	1.16930237018	0.964464381545	1.46182899246	1.45020486271	1.18660416222	1.12682587669	0.959650318194	1.15607179225	1.88498832153	1.8975743851	1.30354580403	1.20992639695	1.33296749064	1.8686959075	1.23253229355	1.14974473482	1.15645739593	1.15950691012	1.29341793361
PEP21	1.65099299354	1.50312518874	0.861299343017	1.18192970594	1.60257751102	1.58213912849	1.45888040967	1.38356763187	1.8506996689	1.76842592703	1.39968861196	1.70974921781	0.8425958955	1.08164935257	1.70534314921	2.49900950707	1.42185590222	1.90683439555	1.99857919809	1.7635598792	1.67172176163	1.63619376399	1.51542806893	1.64965977139	1.12249504805	1.16384142529	1.30212725787	1.9055420563	0.0	1.06183689143	0.588874889103	1.73899159124	0.980990650339	1.14278350109	1.23728233194	1.3803390856	1.66709877376	2.17897088913	2.03775554668	1.08442208634	1.4843091539	1.86133436058	1.99555635443	1.23138669624	1.17370435565	1.62876077404	1.73012497794	1.93774945159	1.82970162196	0.984133532223	0.955228180948	1.52274201615	1.74716242143	1.17990088161	0.762588765642	2.22900002377	1.36909643344	1.27644741346	1.52982375688	1.37526364804
PEP23	1.04915170757	1.1210351724	1.30927051853	0.748028373706	0.914440033611	1.00855595912	0.915917412163	0.767087744897	1.27896475628	1.09144836666	0.91717601895	1.10202553651	1.34433163202	1.61369369676	1.08842925106	1.88294368888	0.811937656134	1.33477480447	1.37935174181	1.12738421699	1.03859188106	0.953781267261	0.869108669873	1.05355161372	0.886037959584	0.856388190469	0.647314569606	1.20007130872	1.06183689143	0.0	1.0308092544	1.09368160369	0.657111385477	0.50003826355	0.575607184065	0.682079069442	0.999554254296	1.52433686697	1.33913022532	1.13849548981	1.24800912793	1.21490920152	1.34915251064	0.725591079704	0.712598747858	0.978758563349	1.07719511292	1.31668674512	1.23576954656	1.16438541501	1.21100075504	0.871485002783	1.11527338054	0.606722117126	1.10973395065	1.71172168656	0.753013644356	0.693113145952	0.92341013411	0.769998568573
PEP24	1.62914417223	1.49735919803	0.821190863893	1.00946438192	1.54190947834	1.55587166143	1.45554301555	1.34219857352	1.82498777207	1.72361972313	1.43101796495	1.64768973062	0.861118406114	1.03583194815	1.48350689468	2.32053164792	1.37482660659	1.76994046835	1.83750005124	1.57593440749	1.47087257789	1.51840441413	1.47615610566	1.58263387292	1.143535171	0.996593997983	1.28990708882	1.87529585328	0.588874889103	1.0308092544	0.0	1.57421621589	0.905364043433	1.1367747752	1.16076481753	1.34655209729	1.58777783347	1.97018174105	1.93871117466	0.918719326583	1.47518517587	1.69553805209	1.94126004111	1.10698120996	1.12530813947	1.43798500618	1.56133853615	1.85005195671	1.6871157017	0.807950726357	0.797057791719	1.34529380385	1.55876027476	1.11769241438	0.771654459262	2.24744820467	1.27351946457	1.27996303117	1.38329030118	1.27052144245
PEP26	0.910270380403	1.29986660036	1.73230924496	1.1359549544	0.783592848837	1.0403749486	1.141187592	0.962888681293	0.982502596899	0.878146825108	1.07170092403	0.718981598958	1.66558263629	2.02073600268	1.08926528642	1.37992355619	0.777753153831	0.850089827362	0.869194351821	0.899655847231	1.01134582627	0.733421428983	0.854564735271	0.652627530156	1.45906708291	1.31051994688	1.00393996124	1.02182880032	1.73899159124	1.09368160369	1.57421621589	0.0	1.17110041873	1.02984021347	0.909980306342	0.740738797936	0.827038316461	1.02404117183	0.970773187985	1.53248776418	1.4297165971	0.796837899973	1.12988603379	1.15250840006	1.23757591499	0.732036380422	0.643911770348	0.957236276776	0.776669693324	1.51753352074	1.59366034786	0.845565231176	0.668552196364	1.12327637623	1.57394595166	1.36350118277	0.854354228814	1.10435428334	0.69816131079	0.842972214076
PEP27	1.28385400488	1.20121086323	1.16751929834	0.695464184573	1.13961044329	1.20622492108	1.10822222816	0.964778970367	1.45140544912	1.32284880929	1.10795217774	1.28907081409	1.16083796766	1.4260888799	1.21332611992	1.98855706928	0.977822898649	1.44099564716	1.47399978709	1.26549433412	1.15870033289	1.12883386694	1.09359990775	1.23570369695	0.969018261261	0.910512284147	0.877750984307	1.46000115881	0.980990650339	0.657111385477	0.905364043433	1.17110041873	0.0	0.75420940888	0.813874043881	0.971223542342	1.22530539305	1.64490021414	1.52714296686	0.949793602838	1.39524131253	1.33009051577	1.5696190931	0.793807247231	0.861378195869	1.12458298214	1.19330006168	1.46929407285	1.32661062992	0.95968126106	1.02478922142	1.00362779921	1.23979825882	0.747714442169	0.975003078895	1.8593875648	0.898130712012	0.980986994052	1.04311158569	0.871260404199
PEP28	0.970911942542	1.17025363982	1.38488432272	0.798853764224	0.843052018628	0.947816867903	0.847045537937	0.704994246677	1.21151901477	1.00341163025	0.850333949096	1.01847867502	1.38884486222	1.67763549778	1.00104001742	1.81122949007	0.766454567041	1.27899024898	1.29873093885	1.06984084987	0.969460466386	0.883097774013	0.800532932013	0.963603407014	0.965458809726	0.883186004797	0.603127149798	1.15529936334	1.14278350109	0.50003826355	1.1367747752	1.02984021347	0.75420940888	0.0	0.517831317637	0.597182424319	0.906710383247	1.44939248577	1.28426695201	1.19783333136	1.23435029767	1.14468483583	1.26337161882	0.778197063497	0.748843013072	0.915153196587	1.00988062745	1.21023634232	1.10268210208	1.2119821976	1.26080714131	0.797789484986	1.03795852133	0.659506382778	1.14638368739	1.6424484908	0.589773095863	0.690539217023	0.800871329138	0.690783746223
PEP29	0.976425603061	1.20354269832	1.40045549689	0.817913975955	0.852576793829	0.952433400905	0.821087774883	0.682388590015	1.22833687155	1.00758032534	0.833742077541	0.857540922192	1.41427800857	1.70444259263	0.876303917098	1.61901281289	0.659354957057	1.13476716023	1.12937779618	0.934733185535	0.794188434098	0.772920753834	0.778766322585	0.808154101938	0.945314410379	0.958786673776	0.626467703218	1.19686391719	1.23728233194	0.575607184065	1.16076481753	0.909980306342	0.813874043881	0.517831317637	0.0	0.526034971072	0.929792425702	1.28232541772	1.11734600505	1.1919774209	1.24576182608	0.983797774275	1.22149553803	0.78384281341	0.740908334462	0.757034184863	0.834706991222	1.14436559515	1.0118443833	1.20268939303	1.26487128893	0.66755040567	0.875224436148	0.646957347809	1.20055645135	1.63764361962	0.633667947485	0.810070451135	0.695647088159	0.611317460092
PEP30	0.792825363674	1.3569455122	1.57940428822	1.00589148063	0.65376619293	0.822283846133	0.890363069027	0.709661468691	1.03874996212	0.811082258481	0.79874463746	0.696620488798	1.59979503131	1.8849008998	1.02821006877	1.48940234951	0.499444567364	0.977972426468	0.963402061947	0.794073770412	0.922681078783	0.583702896787	0.577255127526	0.651634716586	1.17867770471	1.09237712322	0.62208703753	0.94235279404	1.3803390856	0.682079069442	1.34655209729	0.740738797936	0.971223542342	0.597182424319	0.526034971072	0.0	0.749313286294	1.14058137047	0.948745038193	1.38760858317	1.17957978325	0.852273611647	1.06971717497	0.945937126601	0.96642002817	0.639950741685	0.692664688322	0.977508795136	0.862832806731	1.38944769604	1.44507036457	0.761861402947	0.746132528062	0.861110330398	1.36472460129	1.43578932565	0.645058807391	0.822880316759	0.587485971709	0.719328702433
PIS1	0.629972424625	1.42816477714	1.65644092928	1.14354088106	0.70662946197	0.880845210094	1.00086703897	0.824517295003	0.939633550172	0.559503017852	0.886795362092	0.707110042602	1.72579831667	2.07056931012	1.28868898467	1.43126120198	0.815714313436	1.00938256789	0.959770264255	1.14051069568	1.21879545515	0.755418406984	0.711921783027	0.734987075067	1.25531383349	1.24673342609	0.867419967807	0.834361379494	1.66709877376	0.999554254296	1.58777783347	0.827038316461	1.22530539305	0.906710383247	0.929792425702	0.749313286294	0.0	1.05958782901	0.886682808333	1.45341949309	1.21791403304	0.850536353601	0.696741387536	1.00958415785	0.953910846017	0.802367359364	0.825086307938	0.816116924715	0.914016503084	1.60623713956	1.69250212437	1.00025130541	0.938592271634	1.04602006415	1.50966762793	1.22827613658	0.916343009379	1.00736994949	0.80834878668	0.964757397684
PIS2	1.1393915107	1.8498914332	2.09621929812	1.48220793071	1.13703198276	1.37832388153	1.49753617204	1.32764398201	1.4003569579	0.966394049778	1.49389999928	0.858154881632	2.16999679129	2.31600477262	1.08410911572	0.704855010862	1.21678135707	0.850569138265	0.765355620777	0.918774447633	0.981526752862	0.898103178537	1.23348680599	0.911011099011	1.87772449876	1.62593462535	1.43511843799	1.09131348177	2.17897088913	1.52433686697	1.97018174105	1.02404117183	1.64490021414	1.44939248577	1.28232541772	1.14058137047	1.05958782901	0.0	0.707265372725	1.80940389646	1.85783482414	0.84826005508	1.17659656767	1.50954588544	1.62550445296	0.85399430962	0.892074060492	0.89716286002	0.783251357907	1.79236617333	1.8588040423	1.1183868647	0.851152202997	1.52329805264	1.97496807038	1.55616956624	1.27359658985	1.61694682365	1.00072360896	1.20782659967
PIS4	0.939119284732	1.71148188436	2.02703760066	1.43482424461	0.944429022287	1.21432282816	1.32343305984	1.14076733209	1.25026565377	0.786981549423	1.2761858805	0.755015210464	2.07932847091	2.37557078691	1.31852457576	1.02575264157	1.04851438798	1.04114512669	0.897071010311	1.15646674282	1.24174230845	0.875867002066	1.04512637389	0.831655105238	1.72710922855	1.67456200728	1.25053662592	0.902968883283	2.03775554668	1.33913022532	1.93871117466	0.970773187985	1.52714296686	1.28426695201	1.11734600505	0.948745038193	0.886682808333	0.707265372725	0.0	1.84496739915	1.71737828556	0.926458733188	0.896957488558	1.38926770358	1.48512956387	0.902201341993	0.866598484928	0.844923217095	0.928648359844	1.84387083054	1.92544501733	1.14900271137	1.00751246694	1.36069379392	1.87956950834	1.24950227285	1.17840050383	1.42779142374	0.960169669847	1.18406133455
PIS5	1.62060426776	1.29612444861	0.981035830031	0.910195929275	1.49017099893	1.45610709513	1.41031160983	1.27783625884	1.65161433261	1.63634279399	1.43139900261	1.59798529816	1.00856288339	1.11172120188	1.27607907303	2.16122078319	1.38205995712	1.56336014584	1.68340521866	1.38385732336	1.23161790165	1.52067552523	1.52105014729	1.52510154315	0.963303305615	0.664304086152	1.37056938401	1.91480339654	1.08442208634	1.13849548981	0.918719326583	1.53248776418	0.949793602838	1.19783333136	1.1919774209	1.38760858317	1.45341949309	1.80940389646	1.84496739915	0.0	1.1615697016	1.56236400184	1.53317468235	0.983268121115	0.938138043611	1.24815954987	1.3557895208	1.72156242721	1.5117212876	0.827339412421	0.930565922908	1.15874974492	1.34590112795	1.11555984192	0.816326010607	1.99308599844	1.23218058687	1.31888189474	1.24061749454	1.09738000418
PIS7	1.35991065916	1.39989371896	1.48098430023	1.35794083931	1.30027710062	1.26042310184	1.29288958241	1.22111281174	1.37486820622	1.4524456178	1.15008921297	1.4439986128	1.50869811779	1.9290085979	1.66610496614	2.21122939503	1.18288131303	1.68504757872	1.70405381156	1.54018797499	1.59820460295	1.35191253489	1.28257783339	1.39881526269	1.10584873531	1.0699250915	1.26604788817	1.64953889485	1.4843091539	1.24800912793	1.47518517587	1.4297165971	1.39524131253	1.23435029767	1.24576182608	1.17957978325	1.21791403304	1.85783482414	1.71737828556	1.1615697016	0.0	1.55584671583	1.29004002672	1.22021380401	1.07468142399	1.2823660007	1.37329093031	1.62215149869	1.56678928031	1.71629765196	1.74509944983	1.36216495775	1.43589603155	1.3102231494	1.32513881138	1.72582219225	1.28161602994	1.15178641696	1.24940264042	1.25254092477
PIS9	0.879577014814	1.48138529914	1.72784040666	1.15827030383	0.753759680571	0.99483735223	1.13113925993	0.978412950742	1.08802032011	0.80051529694	1.19956803199	0.608811224811	1.84636969724	2.03943972566	1.00584983591	1.2076251689	0.943458620106	0.793237511072	0.78537724648	0.870545591946	0.959227092846	0.792719173851	0.931730393845	0.587042609246	1.57196398891	1.39318353993	1.12703116759	1.16930237018	1.86133436058	1.21490920152	1.69553805209	0.796837899973	1.33009051577	1.14468483583	0.983797774275	0.852273611647	0.850536353601	0.84826005508	0.926458733188	1.56236400184	1.55584671583	0.0	1.06350031439	1.14485652271	1.23218652946	0.630861840743	0.667326975814	0.849680977896	0.630402100874	1.52288611864	1.58556291305	0.787248990634	0.73229510184	1.22302523607	1.61262971462	1.5195262871	0.973990162528	1.33088928067	0.808001487291	0.965385200239
PIS10	0.895895053562	1.537045373	1.8816626727	1.38864152045	0.952761647047	1.04231734223	1.17565072177	1.07066962669	1.04316066373	0.783990987021	1.15870144847	0.978367924722	1.97993550165	2.38092224868	1.58465140991	1.36057402921	1.14498448698	1.3359825778	1.24798359462	1.42671540511	1.50499065606	1.14565643987	1.07789750547	0.984565115076	1.43606440935	1.39713969044	1.22816503676	0.964464381545	1.99555635443	1.34915251064	1.94126004111	1.12988603379	1.5696190931	1.26337161882	1.22149553803	1.06971717497	0.696741387536	1.17659656767	0.896957488558	1.53317468235	1.29004002672	1.06350031439	0.0	1.26441200178	1.15429745826	1.04602894702	1.05122640578	0.983459647227	1.18627659936	1.90715791776	2.01896385779	1.27205103324	1.23379516207	1.39840504485	1.73085195932	0.950555776739	1.25665535317	1.28945344423	1.12485427222	1.21407725183
PIS11	0.997506210604	0.83003058848	1.00439490331	0.531129705135	0.886726978886	0.827137787954	0.784573697069	0.715503661473	1.05023048236	1.04692722373	0.939027478759	1.03926222885	1.19508006651	1.60408838521	1.17887537909	1.95877476777	0.970191686165	1.46626963897	1.41458981178	1.25199409412	1.10150892009	1.13441464391	1.10146671226	0.957793067112	0.853658115409	0.820318263084	0.948982911399	1.46182899246	1.23138669624	0.725591079704	1.10698120996	1.15250840006	0.793807247231	0.778197063497	0.78384281341	0.945937126601	1.00958415785	1.50954588544	1.38926770358	0.983268121115	1.22021380401	1.14485652271	1.26441200178	0.0	0.611253687242	0.922260538468	1.08238799153	1.37628647283	1.29366521427	1.14423749189	1.24445794656	0.898268036003	1.16491714923	0.805035236225	0.846225741484	1.65309936761	0.852542859187	0.92517695041	0.930949640358	0.720889303551
PIS14	1.0919270602	0.970523234193	1.14615378021	0.728708527902	1.01697524309	0.957181623797	0.877482206929	0.771204994682	1.17565159861	1.11956628561	0.846144313998	1.19036814845	1.1948731666	1.66681382441	1.22339832355	2.00132062146	0.955805493551	1.48087266304	1.4870784199	1.31402070062	1.16473982611	1.19034254678	1.05872673392	1.12927723225	0.625956344094	0.78491582599	0.876171570684	1.45020486271	1.17370435565	0.712598747858	1.12530813947	1.23757591499	0.861378195869	0.748843013072	0.740908334462	0.96642002817	0.953910846017	1.62550445296	1.48512956387	0.938138043611	1.07468142399	1.23218652946	1.15429745826	0.611253687242	0.0	0.977155965537	1.132742038	1.33969790763	1.29795238168	1.20577824868	1.27719600879	0.92552486099	1.20992776069	0.760472937287	0.985081315102	1.65571688592	0.894083094668	0.852904304949	0.9832000543	0.821501788589
PIS15	0.898637678475	1.36127624791	1.5424931025	0.928634066383	0.695364018487	0.827337108068	0.971122087155	0.80061512739	1.02753765818	0.853777054561	0.932424082763	0.632428177735	1.61743271527	1.79644097726	0.781803869044	1.24556803032	0.638147522731	0.755859854445	0.77040056587	0.624141167769	0.701461721165	0.632754821572	0.813391752892	0.594682200929	1.2847747559	1.08834379613	0.909233565266	1.18660416222	1.62876077404	0.978758563349	1.43798500618	0.732036380422	1.12458298214	0.915153196587	0.757034184863	0.639950741685	0.802367359364	0.85399430962	0.902201341993	1.24815954987	1.2823660007	0.630861840743	1.04602894702	0.922260538468	0.977155965537	0.0	0.47539364126	0.921758318539	0.607968072797	1.3284064197	1.41197409003	0.598144047107	0.481282829785	0.99415672217	1.3847557659	1.47720578376	0.697682896376	1.04399360547	0.437515776837	0.671054152744
