	AA3	AA4	AB3	AB4	AC3	AC4	AD3	AD4	AE3	AE4	AF3	AF4	AG3	AG4	AH3	AH4	AA7	AA8	AB7	AB8	AC7	AC8	AD7	AD8	AE7	AE8	AF7	AF8	AG7	AG8	AH7	AH8	AA5	AA6	AB5	AB6	AC5	AC6	AD6	AE5	AE6	AF5	AF6	AG5	AH5	AH6	AA1	AA2	AB1	AB2	AC1	AC2	AD1	AD2	AE1	AE2	AF1	AF2	AG1	AG2	AH1	AH2
AA3	0.0	0.545622696955	2.25906619623	1.00446491058	0.830882107298	0.749299671339	0.888118753021	0.759392696955	0.904799347511	0.716335843403	0.950020536491	0.734381715805	0.714931111648	1.93057159981	0.769162730788	0.254912677622	0.759154345094	0.765074915418	1.42328578057	1.05552068149	0.829927380377	0.676104436926	0.873447549541	0.86791142581	1.36879342194	0.605275234413	0.796300502658	0.647507713871	0.728215877235	0.656665326245	0.752681469309	0.660709221846	0.862819661672	0.83612839536	1.10946233929	0.897221846303	0.928003479942	0.7968680232	0.711706616723	0.578329497342	0.581615669406	1.26420078782	1.1550098115	0.711100362494	1.16048160947	1.02914286612	0.977747902368	0.933869797003	0.882522073465	0.860719603673	1.03933768004	0.95730121798	0.659348501692	0.712234876752	0.734211933301	0.656264079265	0.516684282262	0.862160686322	0.508978042533	0.895488670855	0.675589328178	0.944408724021
AA4	0.545622696955	0.0	2.23816567424	0.909688641856	0.61586298695	0.556391503142	0.842871242146	0.502215819236	0.716582344128	0.560626476559	0.790855761237	0.465439415176	0.467688946351	1.90785444176	0.29677420493	0.33712361044	0.682115978734	0.658724475592	1.53393282745	1.02549012566	0.825197646206	0.691394925085	0.859355766071	0.814667665539	1.48531627356	0.629433185114	0.681300289995	0.631324446593	0.642318284195	0.659629908168	0.863549676172	0.720695930401	0.652897051716	0.634770029	0.935470227163	0.664341053649	0.741323634606	0.504696433059	0.563594630256	0.444291401643	0.403729772837	1.17501352827	1.03250727888	0.441648646689	0.975703214113	0.850376573224	0.959546858386	0.831764857419	0.707246655389	0.755027124215	0.954610062832	0.88611842436	0.634978206863	0.638179739004	0.645563726438	0.62408260029	0.462434760754	0.804161237313	0.446821029483	0.76369897535	0.47286561624	0.818346674722
AB3	2.25906619623	2.23816567424	0.0	1.47139884969	2.22148714355	2.38349303045	1.92016673755	2.32019612856	2.3641922233	2.07384589657	2.51976430643	2.33383557757	2.31618383277	0.366685538908	2.14139191397	2.27630644273	2.48097238279	2.49124521991	1.21290652489	1.48191185597	1.97638236346	2.18074937651	2.41604652489	2.41041298212	1.92757414693	2.14679353311	2.40860712421	2.29797052682	1.92361555824	1.82646405027	2.45027154181	2.42855228613	2.3078681102	2.39203290962	2.55047050749	2.46168795553	2.61503746738	1.97880096665	2.51281438859	2.30800772837	2.4039879072	1.32322334944	1.43156576124	2.08391270662	2.77471899952	2.64611573224	2.6878599565	2.70169758821	2.51562511841	2.62300096665	2.77871254712	2.72281089415	2.58232766071	2.61592641856	2.60385883519	2.59719834703	2.31047403577	2.66549141614	2.29997722088	2.65646162397	2.4154758434	2.69551723055
AB4	1.00446491058	0.909688641856	1.47139884969	0.0	0.954009560174	1.03828696955	0.77124578057	1.05038176414	1.20748486709	0.803120550991	1.2673820348	1.02004629773	0.889461271145	1.13399172547	0.853784016433	0.950229565007	1.21605536008	1.21277667472	0.980418985017	0.452347129048	0.936295268246	1.00351530208	1.20776854519	1.17609323345	1.24030205413	0.893375737071	1.18625647173	1.04967656839	0.702793044949	0.631793968101	1.30349093282	1.18772511358	1.15001236346	1.16078670372	1.37847331078	1.24454477525	1.37349858869	0.759629695505	1.18963364427	0.982414340261	1.08595710005	0.595298960851	0.492757303045	0.813901706138	1.53604491542	1.40187123731	1.44751752054	1.42032971967	1.23886986467	1.32796079265	1.52457268246	1.45706452392	1.2651382842	1.3139819913	1.32348680039	1.29438140164	1.02898095698	1.38109348478	1.00925859352	1.35197826003	1.10862247463	1.40229677622
AC3	0.830882107298	0.61586298695	2.22148714355	0.954009560174	0.0	0.795081923635	0.890442803287	0.840609333011	0.955821242146	0.644833088449	1.07362892702	0.334374243596	0.828321367811	1.89822743354	0.673334030933	0.714990125665	0.980222861286	0.956095669406	1.45086664089	1.06065366361	1.02944294345	1.02284830353	1.22719301112	1.17304287095	1.3360538956	0.796095785404	1.04701805703	1.01152098598	0.904610657322	0.836020454326	1.15951208313	1.00940656356	0.997286901885	0.954026056066	0.795999690672	0.679599362011	0.933700338328	0.718363740938	0.840755239246	0.595350811986	0.692068883519	1.18750218946	1.06687729338	0.601410521991	1.14870061382	1.03247470759	0.829129449009	0.902600642823	0.680781329145	0.757633716771	1.00644313195	0.915114200097	0.697559009183	0.758534122765	0.771220546158	0.754577196713	0.79764362494	0.80680459159	0.763194127598	0.833387530208	0.815464939584	0.87658457709
AC4	0.749299671339	0.556391503142	2.38349303045	1.03828696955	0.795081923635	0.0	1.0901902175	0.362324016433	0.494009652006	0.807005693572	0.381630212663	0.528470570324	0.436096698888	2.06146610923	0.672153228613	0.617198090865	0.588734209763	0.512255195747	1.8092778347	1.26677558724	0.862993238279	0.628437834703	0.639254857419	0.592690091832	1.69757595457	0.780181227646	0.532730478492	0.529786447559	0.642269671339	0.769184958917	0.79172901885	0.61239117448	0.478328438859	0.409568704688	1.05038662156	0.789937805703	0.58942677622	0.6255340261	0.421670086999	0.667039067182	0.523341043983	1.33469154664	1.1940419043	0.582620797487	0.775767805703	0.613397472209	1.09992486709	0.883951971967	0.83576698405	0.851365867569	0.943786650556	0.972512025133	0.66482239246	0.682468844853	0.717426868052	0.666789241179	0.605610120831	0.938729463509	0.627944035766	0.799855340744	0.407577071049	0.8496339826
AD3	0.888118753021	0.842871242146	1.92016673755	0.77124578057	0.890442803287	1.0901902175	0.0	1.0022160609	1.29581646689	0.385373629773	1.34865349928	0.965519946834	1.06025082165	1.58946689222	0.818647544708	0.879117945868	1.22128653456	1.1750980377	1.30854724021	0.819627767037	0.865764915418	0.930536046399	1.30142854519	1.26309609473	1.22812463509	0.834714867086	1.21129700338	1.06469160947	0.90131520058	0.755395369744	1.16543055582	1.09763083615	1.22219072982	1.15623683422	1.19273138714	1.04088884485	1.26000719188	0.722536027066	1.11890552441	0.816294891252	0.951777863702	0.845243011116	0.755893243113	0.723238670855	1.45051726921	1.33386173514	1.35572078782	1.36412942001	1.10531695022	1.19623450942	1.48067118415	1.38930428226	1.16812149348	1.19997923635	1.23076148381	1.16696556791	0.953832730788	1.29052274529	0.933277075882	1.24607571774	1.13214662156	1.33425141131
AD4	0.759392696955	0.502215819236	2.32019612856	1.05038176414	0.840609333011	0.362324016433	1.0022160609	0.0	0.324716897052	0.682520865152	0.477077477042	0.621279961334	0.472457080715	1.99329097632	0.584728274529	0.598945306912	0.509714311261	0.461687805703	1.79970006283	1.25201147414	0.834523102948	0.577656650556	0.529069342678	0.489456853552	1.73990353794	0.805151101982	0.422695074915	0.418165321411	0.566622087965	0.746334871919	0.791085273079	0.60577879652	0.310035548574	0.340039072015	1.10223233929	0.833123687772	0.547237588207	0.557481609473	0.470835969067	0.675610294828	0.538839221846	1.26550662156	1.12449505558	0.565178269696	0.743781730304	0.578880318995	1.15082903818	0.912259768004	0.914986041566	0.93166139681	0.982471913968	1.01803703722	0.707045471242	0.662363591107	0.698538260029	0.697610811986	0.540181309812	0.982854765587	0.594897225713	0.87812817303	0.438668521025	0.89329358144
AE3	0.904799347511	0.716582344128	2.3641922233	1.20748486709	0.955821242146	0.494009652006	1.29581646689	0.324716897052	0.0	0.969413537941	0.378157158047	0.735888709522	0.596852334461	2.05067959884	0.741454751087	0.793130826486	0.550634707588	0.52886460609	1.95930628806	1.4244339971	0.993493011116	0.740494601257	0.448997327211	0.457216215563	1.92863608507	1.00006907202	0.428266133398	0.520219241179	0.703862387627	0.919367844369	0.916428037699	0.758513073949	0.251740575157	0.346426843886	1.2047522233	0.94286560174	0.530163948768	0.748005882069	0.594592933784	0.903853078782	0.703397423876	1.35918455292	1.21385164331	0.753270497825	0.771416607057	0.622222783954	1.24632575157	0.989324030933	1.042479855	1.03785542291	1.0531742146	1.11107544224	0.803775514741	0.767255558241	0.793782261962	0.799085282745	0.71250502175	1.088129884	0.769150758821	0.981018960851	0.57730178347	0.97973502175
AE4	0.716335843403	0.560626476559	2.07384589657	0.803120550991	0.644833088449	0.807005693572	0.385373629773	0.682520865152	0.969413537941	0.0	1.05922657806	0.704634185597	0.775924354761	1.74522895118	0.579787390043	0.626491256646	0.929042271629	0.901502203963	1.43105794103	0.913228888352	0.759056321895	0.748429347511	0.99872057999	0.953373726438	1.32088169647	0.615150430159	0.893942174964	0.759970584824	0.625467921701	0.594489618173	0.97146879652	0.852570236829	0.900618733688	0.865658516191	0.992800144998	0.823749811503	0.95371521508	0.485123334944	0.820068965684	0.569719386177	0.67152282262	0.95713539391	0.816370671822	0.453512223296	1.16616266312	1.05552410343	1.10906466409	1.10847988884	0.906290686322	0.991506631223	1.2402501595	1.15987461576	0.919285746738	0.918593832769	0.954273895602	0.901641739971	0.67799662639	1.0608681102	0.657561483809	1.03216332528	0.829001169647	1.08070723538
AF3	0.950020536491	0.790855761237	2.51976430643	1.2673820348	1.07362892702	0.381630212663	1.34865349928	0.477077477042	0.378157158047	1.05922657806	0.0	0.807893378444	0.642396829386	2.20215874819	0.88964580957	0.839340976317	0.517903214113	0.466534137264	2.02024658772	1.47844568391	1.0384460899	0.81784181247	0.388608917351	0.361963059449	1.96636405027	1.03745329628	0.4531959739	0.603804354761	0.798985026583	0.979949980667	0.834795935234	0.699502711455	0.426826394393	0.437982638956	1.21662423876	0.999001899468	0.459111063316	0.84802540841	0.521680241663	0.918280492992	0.724369313678	1.50323927501	1.36502246013	0.837113861769	0.709836703722	0.568977854036	1.22241040116	0.98673698405	1.08883987434	1.03863753987	1.04386944901	1.07793516191	0.78653762204	0.745622856452	0.779442484292	0.752387264379	0.811230396327	1.05911719188	0.842956297728	0.961797452876	0.55168637506	0.960808815853
AF4	0.734381715805	0.465439415176	2.33383557757	1.02004629773	0.334374243596	0.528470570324	0.965519946834	0.621279961334	0.735888709522	0.704634185597	0.807893378444	0.0	0.605501304978	2.01047491058	0.579312353794	0.57507778637	0.814314243596	0.749431623973	1.64500030449	1.12985210246	0.948282841953	0.805207573707	1.00980546641	0.955083658772	1.51436900918	0.704657742871	0.8278379942	0.805565002417	0.792321488642	0.77113118898	0.988476795553	0.841080691155	0.778548095698	0.716004958917	0.784473354277	0.505829855002	0.732539743838	0.647785891735	0.65663839536	0.531111967134	0.542174388594	1.26969075882	1.13793261962	0.521719507008	0.909016123731	0.783077699372	0.844254548091	0.762190294828	0.581995234413	0.623255142581	0.884055529241	0.803106355727	0.539848110198	0.606695442243	0.64785537941	0.612648028033	0.631494311261	0.706132223296	0.607410033833	0.670254910585	0.618241889802	0.728384436926
AG3	0.714931111648	0.467688946351	2.31618383277	0.889461271145	0.828321367811	0.436096698888	1.06025082165	0.472457080715	0.596852334461	0.775924354761	0.642396829386	0.605501304978	0.0	1.98070691638	0.492308419526	0.556416442726	0.561886278395	0.528016051232	1.73640975834	1.19193699372	0.88861120348	0.621035277912	0.698810357661	0.675321715805	1.62838183664	0.749321483809	0.542874417593	0.56514098115	0.637726534558	0.732395152247	0.835535790237	0.670553750604	0.554207486709	0.510890285162	1.05442150314	0.813949400677	0.717085118415	0.611735065249	0.523514403093	0.65029117448	0.503077143548	1.27985368777	1.13983541324	0.573109415176	0.895731744804	0.763631996133	1.05874902852	0.843134567424	0.840274973417	0.849025688739	0.958550869985	0.927656834219	0.639519555341	0.646803455776	0.673281942968	0.640751846303	0.48060839536	0.9014480087	0.497503644273	0.798955741904	0.40383956984	0.826053716771
AG4	1.93057159981	1.90785444176	0.366685538908	1.13399172547	1.89822743354	2.06146610923	1.58946689222	1.99329097632	2.05067959884	1.74522895118	2.20215874819	2.01047491058	1.98070691638	0.0	1.81860843403	1.94502501208	2.1639737941	2.17259051716	0.963097158047	1.16283355727	1.65990384244	1.85569029483	2.09823431609	2.09209661672	1.67185109232	1.82778930884	2.08561147414	1.97377945868	1.60216461576	1.50131271145	2.14849807637	2.11103862736	1.99403401643	2.06589191397	2.2306437216	2.13891505075	2.28713580474	1.65434025133	2.18550535041	1.97710132914	2.07061544708	1.00326403577	1.11213403577	1.75694175447	2.44915744321	2.3199120203	2.3611621218	2.37472617206	2.1905437071	2.29531234413	2.45539205413	2.39709684872	2.25880328178	2.2895940551	2.28395399227	2.2724142871	1.98775369744	2.34084647656	1.97768808603	2.33199949734	2.09196044466	2.3680121073
AH3	0.769162730788	0.29677420493	2.14139191397	0.853784016433	0.673334030933	0.672153228613	0.818647544708	0.584728274529	0.741454751087	0.579787390043	0.88964580957	0.579312353794	0.492308419526	1.81860843403	0.0	0.568241691638	0.792162025133	0.780882160464	1.55525931851	1.02606967617	0.845223383277	0.762357452876	0.905362885452	0.887205205413	1.48783928468	0.766586781054	0.761791430643	0.746232725955	0.647646070565	0.672774746254	1.02513417593	0.879058013533	0.680237278879	0.694080782987	1.04081987917	0.778681416143	0.891810405993	0.483521715805	0.734403344611	0.580274374094	0.595919782504	1.07637184147	0.924558052199	0.455603537941	1.0878539971	0.971213436443	1.0772159014	0.932910468826	0.833106843886	0.885167863702	1.06394768004	1.00587137264	0.803260202997	0.811319830836	0.800950314161	0.805230560657	0.580712116965	0.928250792653	0.573725277912	0.89164441276	0.644935239246	0.932548100532
AH4	0.254912677622	0.33712361044	2.27630644273	0.950229565007	0.714990125665	0.617198090865	0.879117945868	0.598945306912	0.793130826486	0.626491256646	0.839340976317	0.57507778637	0.556416442726	1.94502501208	0.568241691638	0.0	0.650301541808	0.639258699855	1.46179036733	1.05379531174	0.80894459159	0.636251585307	0.806460265829	0.754385273079	1.40667284679	0.568838912518	0.68192502175	0.587297095215	0.652177960367	0.650013460609	0.762541058482	0.607020961817	0.731494871919	0.696094113098	1.01725185597	0.778504886419	0.803390144998	0.656923890768	0.586014847753	0.467867617206	0.441603794103	1.23981384244	1.11029666022	0.557618376027	1.02911875302	0.901127375544	0.953826022233	0.854870855486	0.778720695988	0.758159047849	0.978161764137	0.893452638956	0.590651696472	0.625931005317	0.655504137264	0.595429700338	0.364648608023	0.80771719188	0.359818598357	0.781357433543	0.538094146931	0.84781277912
AA7	0.759154345094	0.682115978734	2.48097238279	1.21605536008	0.980222861286	0.588734209763	1.22128653456	0.509714311261	0.550634707588	0.929042271629	0.517903214113	0.814314243596	0.561886278395	2.1639737941	0.792162025133	0.650301541808	0.0	0.150336056066	1.79529313678	1.32894667472	0.987621580474	0.682950700822	0.465899458676	0.467763305945	1.75842807637	0.866718927018	0.356699439343	0.434041546641	0.7595580232	0.879966718221	0.636201082649	0.413093465442	0.487031474142	0.522873141614	1.23819548574	1.03415909135	0.538080009667	0.84899919768	0.510515181247	0.840601696472	0.685477921701	1.46244520541	1.32745561141	0.83838258579	0.818860845819	0.683968385694	1.12120745771	0.890520381827	1.07532641373	0.999929492508	0.935129415176	0.98555377477	0.701202131464	0.646353871435	0.669351865636	0.66376381827	0.542394934751	0.962164920251	0.563070753987	0.930129009183	0.477119845336	0.881869642339
AA8	0.765074915418	0.658724475592	2.49124521991	1.21277667472	0.956095669406	0.512255195747	1.1750980377	0.461687805703	0.52886460609	0.901502203963	0.466534137264	0.749431623973	0.528016051232	2.17259051716	0.780882160464	0.639258699855	0.150336056066	0.0	1.81645309812	1.32022421943	0.930222576124	0.629978801353	0.472762638956	0.458349192847	1.73673230063	0.825831271145	0.33398141131	0.41440619623	0.747468598357	0.86401377477	0.581803837603	0.364565384244	0.482267153214	0.467337423876	1.16973745771	0.964662522958	0.493507742871	0.810958598357	0.477283890768	0.804826491058	0.649246147898	1.47099420493	1.33927644273	0.775050792653	0.752927090382	0.607613905268	1.10870631706	0.881545369744	1.01656524408	0.945974664089	0.926926070565	0.971917196713	0.662286993717	0.626312943451	0.662500362494	0.617146785887	0.564140106332	0.948283760271	0.578041222813	0.876052034799	0.441563740938	0.872002547124
AB7	1.42328578057	1.53393282745	1.21290652489	0.980418985017	1.45086664089	1.8092778347	1.30854724021	1.79970006283	1.95930628806	1.43105794103	2.02024658772	1.64500030449	1.73640975834	0.963097158047	1.55525931851	1.46179036733	1.79529313678	1.81645309812	0.0	0.603214127598	1.50196213146	1.59598638956	1.92976732721	1.91096230063	1.08988535041	1.39590095698	1.83653455776	1.6855902755	1.39001293862	1.17299606573	1.72331656839	1.68526396327	1.87341410343	1.87987505558	1.86394116965	1.78590203963	1.96276811986	1.46524685355	1.81975163364	1.48459652489	1.62950580957	0.983987989367	1.04347250846	1.48976908168	2.17530434509	2.07934354277	1.91279630256	1.95862227646	1.78883414693	1.83895655872	2.04878179797	1.96985052682	1.79751560657	1.83469524408	1.82134426776	1.79794985017	1.58920531658	1.89136086032	1.57276642339	1.89158864186	1.75494616723	1.95406939101
AB8	1.05552068149	1.02549012566	1.48191185597	0.452347129048	1.06065366361	1.26677558724	0.819627767037	1.25201147414	1.4244339971	0.913228888352	1.47844568391	1.12985210246	1.19193699372	1.16283355727	1.02606967617	1.05379531174	1.32894667472	1.32022421943	0.603214127598	0.0	1.00421342678	1.08494052682	1.38413917351	1.36184885935	1.14956461092	0.903913837603	1.29809251329	1.14644746738	0.824669811503	0.638245650072	1.28304936201	1.231050029	1.34210484775	1.34383746738	1.42414444176	1.29949753021	1.45948282745	0.933482489125	1.34843055582	1.04957275979	1.18819086032	0.689069830836	0.655837597873	0.961362938618	1.66979017883	1.5553779797	1.57261816336	1.53838977284	1.35155466409	1.43058704205	1.64775572257	1.58670253746	1.40789378444	1.41580589174	1.41543637506	1.40048978734	1.15304712905	1.51821248429	1.14684356694	1.4583358869	1.24485568391	1.52893914935
AC7	0.829927380377	0.825197646206	1.97638236346	0.936295268246	1.02944294345	0.862993238279	0.865764915418	0.834523102948	0.993493011116	0.759056321895	1.0384460899	0.948282841953	0.88861120348	1.65990384244	0.845223383277	0.80894459159	0.987621580474	0.930222576124	1.50196213146	1.00421342678	0.0	0.424427728371	0.957601290478	0.923803910101	1.40046394393	0.67643558724	0.922392368294	0.76362441276	0.548307868536	0.549494137264	0.869148482359	0.780763378444	0.905875886902	0.881454461092	1.28322891735	1.09902855002	1.12549511358	0.751506578057	0.989041053649	0.934899536008	0.944518284195	1.15421724505	1.0730519623	0.71029842436	1.15468076365	1.01003957467	1.4624741131	1.40322379894	1.18688890285	1.25636332044	1.51037795553	1.44835928951	1.10548730788	1.15831318995	1.19124886419	1.12925471725	0.875508366361	1.36309824553	0.85315040116	1.25142304978	0.919595761237	1.38233635573
AC8	0.676104436926	0.691394925085	2.18074937651	1.00351530208	1.02284830353	0.628437834703	0.930536046399	0.577656650556	0.740494601257	0.748429347511	0.81784181247	0.805207573707	0.621035277912	1.85569029483	0.762357452876	0.636251585307	0.682950700822	0.629978801353	1.59598638956	1.08494052682	0.424427728371	0.0	0.687356993717	0.680083112615	1.52334043983	0.62442038666	0.548957486709	0.412732711455	0.4960939826	0.593785790237	0.641463876269	0.529071667472	0.64583560174	0.641119811503	1.18016973417	0.92235078782	0.836474915418	0.714428980184	0.707548511358	0.801830444659	0.716304214596	1.20701478492	1.11707256646	0.69361221363	0.956538129531	0.818371266312	1.33242877235	1.11728781537	1.05289921218	1.06770405027	1.23036674722	1.19945811503	0.855530106332	0.885594751087	0.921836969551	0.859504494925	0.582136346061	1.16900872885	0.606255065249	1.00253297245	0.63564019333	1.10730712905
AD7	0.873447549541	0.859355766071	2.41604652489	1.20776854519	1.22719301112	0.639254857419	1.30142854519	0.529069342678	0.448997327211	0.99872057999	0.388608917351	1.00980546641	0.698810357661	2.09823431609	0.905362885452	0.806460265829	0.465899458676	0.472762638956	1.92976732721	1.38413917351	0.957601290478	0.687356993717	0.0	0.15947059449	1.89833669889	0.924604388594	0.37580340261	0.450083528275	0.667418458192	0.879434722088	0.736810749154	0.599440599323	0.44577698405	0.527492513291	1.37541492508	1.15215971	0.602202880619	0.862473842436	0.681471420976	1.01521397293	0.864731319478	1.40729230063	1.27530991783	0.905010309328	0.848581831803	0.705390164331	1.36572218946	1.11866313678	1.24977900918	1.20242174964	1.17310942484	1.23316266796	0.941576157564	0.875778289029	0.900675703238	0.913119207347	0.738497090382	1.21380906718	0.78161060899	1.13222726921	0.636366988884	1.10272565974
AD8	0.86791142581	0.814667665539	2.41041298212	1.17609323345	1.17304287095	0.592690091832	1.26309609473	0.489456853552	0.457216215563	0.953373726438	0.361963059449	0.955083658772	0.675321715805	2.09209661672	0.887205205413	0.754385273079	0.467763305945	0.458349192847	1.91096230063	1.36184885935	0.923803910101	0.680083112615	0.15947059449	0.0	1.83457414693	0.865841304978	0.36859900435	0.446195292412	0.648888849686	0.850354113098	0.729190072499	0.579029125181	0.446325577574	0.49761542291	1.34251865636	1.11559222813	0.563139323345	0.815666524891	0.640744644756	0.964310405993	0.821844320928	1.3994420058	1.26585075882	0.843846510391	0.811328714355	0.674334610923	1.33116794103	1.0824960899	1.20322046883	1.15156095698	1.14304490092	1.19645298212	0.897954678589	0.839505345578	0.870883020783	0.868087404543	0.724167037216	1.1715081682	0.772804393427	1.082920029	0.605110913485	1.06415244563
AE7	1.36879342194	1.48531627356	1.92757414693	1.24030205413	1.3360538956	1.69757595457	1.22812463509	1.73990353794	1.92863608507	1.32088169647	1.96636405027	1.51436900918	1.62838183664	1.67185109232	1.48783928468	1.40667284679	1.75842807637	1.73673230063	1.08988535041	1.14956461092	1.40046394393	1.52334043983	1.89833669889	1.83457414693	0.0	0.996359105848	1.81373382794	1.65335502658	1.41521421943	1.26476438376	1.57008913001	1.56369217496	1.85913325761	1.8201181247	1.69563917351	1.68684594007	1.90652485742	1.50667778154	1.75718353794	1.4011978637	1.58188380377	1.46147764137	1.4651621508	1.43364538424	2.04422289995	1.94798559691	1.71081647173	1.8314677042	1.604979884	1.66051649589	1.94971937651	1.81954047849	1.65806593523	1.70264108748	1.71125161914	1.65639471725	1.56464159014	1.72852573707	1.52247470275	1.75614618173	1.70086179314	1.84334778154
AE8	0.605275234413	0.629433185114	2.14679353311	0.893375737071	0.796095785404	0.780181227646	0.834714867086	0.805151101982	1.00006907202	0.615150430159	1.03745329628	0.704657742871	0.749321483809	1.82778930884	0.766586781054	0.568838912518	0.866718927018	0.825831271145	1.39590095698	0.903913837603	0.67643558724	0.62442038666	0.924604388594	0.865841304978	0.996359105848	0.0	0.874149540841	0.715546689222	0.656732870952	0.537621527308	0.766575611406	0.686918608023	0.92698979217	0.879273895602	1.10360010633	0.931815485742	0.982864475592	0.743205355244	0.857368482359	0.61123680522	0.73608497825	1.17481664089	1.0578858289	0.651672513291	1.16192950701	1.06124365877	1.16854695505	1.12428697438	0.938735645239	0.99939178347	1.24331070082	1.19378912518	0.894486355727	0.918848516191	0.955366810053	0.890675495408	0.705389047849	1.11524400193	0.677986423393	1.01822853552	0.782444040599	1.12379117931
AF7	0.796300502658	0.681300289995	2.40860712421	1.18625647173	1.04701805703	0.532730478492	1.21129700338	0.422695074915	0.428266133398	0.893942174964	0.4531959739	0.8278379942	0.542874417593	2.08561147414	0.761791430643	0.68192502175	0.356699439343	0.33398141131	1.83653455776	1.29809251329	0.922392368294	0.548957486709	0.37580340261	0.36859900435	1.81373382794	0.874149540841	0.0	0.258958685355	0.655898264862	0.814135563074	0.696590778154	0.553341092315	0.375635737071	0.428872484292	1.1803219913	0.947983025616	0.477138434026	0.750294857419	0.538586442726	0.845037249879	0.674437506042	1.40340239246	1.26098379894	0.751273305945	0.772645737071	0.648981715805	1.19974280812	0.963499656839	1.05438898502	1.02308333494	1.01130519091	1.06190883519	0.768444963751	0.727925055582	0.761322131464	0.756413281779	0.580565335911	1.03724545191	0.62537760754	0.957434335428	0.466527056549	0.94219080232
AF8	0.647507713871	0.631324446593	2.29797052682	1.04967656839	1.01152098598	0.529786447559	1.06469160947	0.418165321411	0.520219241179	0.759970584824	0.603804354761	0.805565002417	0.56514098115	1.97377945868	0.746232725955	0.587297095215	0.434041546641	0.41440619623	1.6855902755	1.14644746738	0.76362441276	0.412732711455	0.450083528275	0.446195292412	1.65335502658	0.715546689222	0.258958685355	0.0	0.545175451909	0.686445654906	0.631654296762	0.479365326245	0.462483847269	0.490006645723	1.17615092315	0.94649059449	0.599732363461	0.712253755437	0.550880642823	0.793454997583	0.653987162881	1.28527889319	1.1450437796	0.714829188014	0.868150850652	0.726448018366	1.20693971484	0.975253779604	1.03335878685	1.03074803287	1.0237359884	1.0710441856	0.779923678105	0.74960157564	0.790270647656	0.774300724988	0.526700715321	1.04386655389	0.567762218463	0.970725094248	0.482138327695	0.949121764137
AG7	0.728215877235	0.642318284195	1.92361555824	0.702793044949	0.904610657322	0.642269671339	0.90131520058	0.566622087965	0.703862387627	0.625467921701	0.798985026583	0.792321488642	0.637726534558	1.60216461576	0.647646070565	0.652177960367	0.7595580232	0.747468598357	1.39001293862	0.824669811503	0.548307868536	0.4960939826	0.667418458192	0.648888849686	1.41521421943	0.656732870952	0.655898264862	0.545175451909	0.0	0.275731498308	0.818200439826	0.684362711455	0.632354552924	0.680746466892	1.2626538956	0.982057665539	0.898170251329	0.498434282262	0.756225877235	0.806499594007	0.741007042049	0.986263305945	0.856490705655	0.517444572257	1.06877368777	0.914937825036	1.35178866119	1.14062379894	1.13301793137	1.14927718221	1.25402269212	1.22093586757	0.922059168681	0.934447641373	0.949931667472	0.920817907202	0.653523156114	1.1891420348	0.675829366844	1.08110025616	0.697378264862	1.13052842919
AG8	0.656665326245	0.659629908168	1.82646405027	0.631793968101	0.836020454326	0.769184958917	0.755395369744	0.746334871919	0.919367844369	0.594489618173	0.979949980667	0.77113118898	0.732395152247	1.50131271145	0.672774746254	0.650013460609	0.879966718221	0.86401377477	1.17299606573	0.638245650072	0.549494137264	0.593785790237	0.879434722088	0.850354113098	1.26476438376	0.537621527308	0.814135563074	0.686445654906	0.275731498308	0.0	0.87843361044	0.788254151764	0.844081565974	0.845162305462	1.22776350894	1.00620425326	1.02325290478	0.521233697438	0.887232754954	0.736951401643	0.801828090865	0.914426674722	0.812009840503	0.517166433059	1.21020086515	1.07882134848	1.30996505075	1.21926037216	1.08657317061	1.1540840696	1.33933043983	1.2959819913	1.015270145	1.01613413243	1.04124098115	1.00783243113	0.747708003867	1.21586209763	0.733913711938	1.14495950701	0.796317583374	1.21240841469
AH7	0.752681469309	0.863549676172	2.45027154181	1.30349093282	1.15951208313	0.79172901885	1.16543055582	0.791085273079	0.916428037699	0.97146879652	0.834795935234	0.988476795553	0.835535790237	2.14849807637	1.02513417593	0.762541058482	0.636201082649	0.581803837603	1.72331656839	1.28304936201	0.869148482359	0.641463876269	0.736810749154	0.729190072499	1.57008913001	0.766575611406	0.696590778154	0.631654296762	0.818200439826	0.87843361044	0.0	0.289550120831	0.879184862252	0.863548772354	1.18488031899	1.05293554374	0.791659913001	0.970705645239	0.747326085065	0.937030376994	0.834960734654	1.48814773804	1.38256444659	0.957743832769	0.987033692605	0.889762450459	1.28544987434	1.06221171097	1.13948101015	1.05639369744	1.1419858289	1.14902864186	0.861053992267	0.810477341711	0.835257916868	0.805854673755	0.7606759884	1.13819430643	0.774628269696	0.99309258579	0.726682542291	1.06373078299
AH8	0.660709221846	0.720695930401	2.42855228613	1.18772511358	1.00940656356	0.61239117448	1.09763083615	0.60577879652	0.758513073949	0.852570236829	0.699502711455	0.841080691155	0.670553750604	2.11103862736	0.879058013533	0.607020961817	0.413093465442	0.364565384244	1.68526396327	1.231050029	0.780763378444	0.529071667472	0.599440599323	0.579029125181	1.56369217496	0.686918608023	0.553341092315	0.479365326245	0.684362711455	0.788254151764	0.289550120831	0.0	0.713106718221	0.669870763654	1.16486136298	0.968271638473	0.699322416626	0.857544446593	0.56851260029	0.809454349927	0.686785142581	1.42222395843	1.30273538908	0.831439521508	0.875186143064	0.749756592557	1.16002653939	0.948051488642	1.02359034799	0.953231831803	1.00143028516	1.04143521508	0.704125978734	0.67882520058	0.715186123731	0.673461855969	0.599243228613	1.01205323345	0.613141377477	0.875661179314	0.527788255196	0.936408801353
AA5	0.862819661672	0.652897051716	2.3078681102	1.15001236346	0.997286901885	0.478328438859	1.22219072982	0.310035548574	0.251740575157	0.900618733688	0.426826394393	0.778548095698	0.554207486709	1.99403401643	0.680237278879	0.731494871919	0.487031474142	0.482267153214	1.87341410343	1.34210484775	0.905875886902	0.64583560174	0.44577698405	0.446325577574	1.85913325761	0.92698979217	0.375635737071	0.462483847269	0.632354552924	0.844081565974	0.879184862252	0.713106718221	0.0	0.27872698405	1.23874670855	0.958830652489	0.591114654422	0.658477738038	0.626842740454	0.819673972934	0.677146099565	1.26735905752	1.13334625423	0.674148211696	0.821986558724	0.659968656356	1.30793313195	1.07311237796	1.08056868536	1.10166095698	1.12687496375	1.17560658289	0.853173769937	0.825756665056	0.842559434509	0.849466399227	0.615005819236	1.14393743838	0.668824963751	1.03761802803	0.559857361044	1.04415250362
AA6	0.83612839536	0.634770029	2.39203290962	1.16078670372	0.954026056066	0.409568704688	1.15623683422	0.340039072015	0.346426843886	0.865658516191	0.437982638956	0.716004958917	0.510890285162	2.06589191397	0.694080782987	0.696094113098	0.522873141614	0.467337423876	1.87987505558	1.34383746738	0.881454461092	0.641119811503	0.527492513291	0.49761542291	1.8201181247	0.879273895602	0.428872484292	0.490006645723	0.680746466892	0.845162305462	0.863548772354	0.669870763654	0.27872698405	0.0	1.09467647656	0.830574726921	0.52185218463	0.654770444659	0.503110314161	0.767296520058	0.56304977767	1.34273257612	1.19955651522	0.659600734654	0.608598521025	0.439844717255	1.18704135331	0.959869347511	0.935538965684	0.932263968101	1.01435312228	1.05068210246	0.70497059449	0.709530782987	0.735778385694	0.712361300145	0.611463716771	1.01518152247	0.657951464476	0.875895277912	0.476069768004	0.929159362011
AB5	1.10946233929	0.935470227163	2.55047050749	1.37847331078	0.795999690672	1.05038662156	1.19273138714	1.10223233929	1.2047522233	0.992800144998	1.21662423876	0.784473354277	1.05442150314	2.2306437216	1.04081987917	1.01725185597	1.23819548574	1.16973745771	1.86394116965	1.42414444176	1.28322891735	1.18016973417	1.37541492508	1.34251865636	1.69563917351	1.10360010633	1.1803219913	1.17615092315	1.2626538956	1.22776350894	1.18488031899	1.16486136298	1.23874670855	1.09467647656	0.0	0.372532788787	0.972796278395	1.06404498792	0.98961982117	0.840950454326	0.896455224746	1.55507739488	1.44129334944	0.985987119381	0.992822904785	0.959127457709	0.84225719188	0.954053112615	0.702204673755	0.751386234896	1.04663039149	0.949141005317	0.836352252296	0.908641962301	0.940283968101	0.897845664572	1.04036208797	0.848148042533	1.02078880135	0.813828438859	1.01919536974	0.925868260029
AB6	0.897221846303	0.664341053649	2.46168795553	1.24454477525	0.679599362011	0.789937805703	1.04088884485	0.833123687772	0.94286560174	0.823749811503	0.999001899468	0.505829855002	0.813949400677	2.13891505075	0.778681416143	0.778504886419	1.03415909135	0.964662522958	1.78590203963	1.29949753021	1.09902855002	0.92235078782	1.15215971	1.11559222813	1.68684594007	0.931815485742	0.947983025616	0.94649059449	0.982057665539	1.00620425326	1.05293554374	0.968271638473	0.958830652489	0.830574726921	0.372532788787	0.0	0.764671445143	0.76879242146	0.77863857419	0.641272087965	0.643019671339	1.40430005317	1.27604432093	0.700194456259	0.821827351377	0.770563214113	0.792149884002	0.751722247463	0.526575442243	0.551631232479	0.84620959884	0.776409714838	0.623311449976	0.704297757371	0.737334678589	0.700980483325	0.767516268729	0.686719265346	0.744007921701	0.596616442726	0.79642979217	0.717731459642
AC5	0.928003479942	0.741323634606	2.61503746738	1.37349858869	0.933700338328	0.58942677622	1.26000719188	0.547237588207	0.530163948768	0.95371521508	0.459111063316	0.732539743838	0.717085118415	2.28713580474	0.891810405993	0.803390144998	0.538080009667	0.493507742871	1.96276811986	1.45948282745	1.12549511358	0.836474915418	0.602202880619	0.563139323345	1.90652485742	0.982864475592	0.477138434026	0.599732363461	0.898170251329	1.02325290478	0.791659913001	0.699322416626	0.591114654422	0.52185218463	0.972796278395	0.764671445143	0.0	0.798256462059	0.468177636539	0.813944809087	0.658800125665	1.59296580474	1.4465881102	0.804801851136	0.554952870952	0.477783658772	0.994890212663	0.750255761237	0.883814485259	0.82592879652	0.791929105848	0.833056123731	0.583868453359	0.525182145964	0.559933992267	0.542579410343	0.735429521508	0.836250439826	0.760251749638	0.76571419043	0.544091551474	0.724518361527
AC6	0.7968680232	0.504696433059	1.97880096665	0.759629695505	0.718363740938	0.6255340261	0.722536027066	0.557481609473	0.748005882069	0.485123334944	0.84802540841	0.647785891735	0.611735065249	1.65434025133	0.483521715805	0.656923890768	0.84899919768	0.810958598357	1.46524685355	0.933482489125	0.751506578057	0.714428980184	0.862473842436	0.815666524891	1.50667778154	0.743205355244	0.750294857419	0.712253755437	0.498434282262	0.521233697438	0.970705645239	0.857544446593	0.658477738038	0.654770444659	1.06404498792	0.76879242146	0.798256462059	0.0	0.74333782987	0.619576476559	0.624659545674	0.832164751087	0.687262474625	0.299782363461	1.04658170614	0.904432812953	1.16465445626	1.05911872885	0.923125843403	0.979962851619	1.1509117448	1.10991035283	0.873180913485	0.89858921218	0.912401648139	0.875654519091	0.651333397777	1.04074431126	0.641637037216	0.986135108748	0.696763847269	1.04528389077
AD6	0.711706616723	0.563594630256	2.51281438859	1.18963364427	0.840755239246	0.421670086999	1.11890552441	0.470835969067	0.594592933784	0.820068965684	0.521680241663	0.65663839536	0.523514403093	2.18550535041	0.734403344611	0.586014847753	0.510515181247	0.477283890768	1.81975163364	1.34843055582	0.989041053649	0.707548511358	0.681471420976	0.640744644756	1.75718353794	0.857368482359	0.538586442726	0.550880642823	0.756225877235	0.887232754954	0.747326085065	0.56851260029	0.626842740454	0.503110314161	0.98961982117	0.77863857419	0.468177636539	0.74333782987	0.0	0.624349444176	0.371769816336	1.47776189464	1.33460038183	0.721577970034	0.72512520058	0.583624968584	0.891923363944	0.675814780087	0.807004069599	0.713290434993	0.738333064282	0.765992252296	0.483116752054	0.462021416143	0.493596955051	0.459446007733	0.520348327695	0.739808318028	0.558719255679	0.655837462542	0.321199772837	0.649518956017
AE5	0.578329497342	0.444291401643	2.30800772837	0.982414340261	0.595350811986	0.667039067182	0.816294891252	0.675610294828	0.903853078782	0.569719386177	0.918280492992	0.531111967134	0.65029117448	1.97710132914	0.580274374094	0.467867617206	0.840601696472	0.804826491058	1.48459652489	1.04957275979	0.934899536008	0.801830444659	1.01521397293	0.964310405993	1.4011978637	0.61123680522	0.845037249879	0.793454997583	0.806499594007	0.736951401643	0.937030376994	0.809454349927	0.819673972934	0.767296520058	0.840950454326	0.641272087965	0.813944809087	0.619576476559	0.624349444176	0.0	0.325244441759	1.21381244079	1.07449555824	0.522563731271	1.06885788304	0.964572982117	0.883956133398	0.853499081682	0.67893098115	0.702697636539	0.976066520058	0.905353044949	0.608872373127	0.661461213146	0.698979768004	0.622900855486	0.517688182697	0.821148472692	0.50350298695	0.74129179797	0.628985862736	0.846330903818
AE6	0.581615669406	0.403729772837	2.4039879072	1.08595710005	0.692068883519	0.523341043983	0.951777863702	0.538839221846	0.703397423876	0.67152282262	0.724369313678	0.542174388594	0.503077143548	2.07061544708	0.595919782504	0.441603794103	0.685477921701	0.649246147898	1.62950580957	1.18819086032	0.944518284195	0.716304214596	0.864731319478	0.821844320928	1.58188380377	0.73608497825	0.674437506042	0.653987162881	0.741007042049	0.801828090865	0.834960734654	0.686785142581	0.677146099565	0.56304977767	0.896455224746	0.643019671339	0.658800125665	0.624659545674	0.371769816336	0.325244441759	0.0	1.33176840503	1.19077878202	0.575194697922	0.886989864669	0.767302450459	0.868451981634	0.722218757854	0.674955268246	0.630259526341	0.837716471725	0.771229463509	0.470031275979	0.492534335428	0.508580894152	0.469474258096	0.422160405993	0.713095311745	0.424726162397	0.606778859352	0.444720792653	0.713464422426
AF5	1.26420078782	1.17501352827	1.32322334944	0.595298960851	1.18750218946	1.33469154664	0.845243011116	1.26550662156	1.35918455292	0.95713539391	1.50323927501	1.26969075882	1.27985368777	1.00326403577	1.07637184147	1.23981384244	1.46244520541	1.47099420493	0.983987989367	0.689069830836	1.15421724505	1.20701478492	1.40729230063	1.3994420058	1.46147764137	1.17481664089	1.40340239246	1.28527889319	0.986263305945	0.914426674722	1.48814773804	1.42222395843	1.26735905752	1.34273257612	1.55507739488	1.40430005317	1.59296580474	0.832164751087	1.47776189464	1.21381244079	1.33176840503	0.0	0.19941340261	0.963130710488	1.75474116965	1.61802208797	1.71249570807	1.6897661479	1.52338402127	1.61115182697	1.77964369744	1.74499280329	1.54555735138	1.5908280087	1.59305704205	1.57066343644	1.25126526341	1.67709798453	1.24348634123	1.63084949734	1.39629950217	1.67364154664
AF6	1.1550098115	1.03250727888	1.43156576124	0.492757303045	1.06687729338	1.1940419043	0.755893243113	1.12449505558	1.21385164331	0.816370671822	1.36502246013	1.13793261962	1.13983541324	1.11213403577	0.924558052199	1.11029666022	1.32745561141	1.33927644273	1.04347250846	0.655837597873	1.0730519623	1.11707256646	1.27530991783	1.26585075882	1.4651621508	1.0578858289	1.26098379894	1.1450437796	0.856490705655	0.812009840503	1.38256444659	1.30273538908	1.13334625423	1.19955651522	1.44129334944	1.27604432093	1.4465881102	0.687262474625	1.33460038183	1.07449555824	1.19077878202	0.19941340261	0.0	0.823699898502	1.61655195263	1.47563330594	1.59224832769	1.54020092315	1.39989165297	1.48905833736	1.63434152731	1.61516491058	1.40308366844	1.44699211213	1.4492840261	1.42736551957	1.10550172064	1.54845746738	1.09687551957	1.49827292412	1.25501966167	1.54317286129
AG5	0.711100362494	0.441648646689	2.08391270662	0.813901706138	0.601410521991	0.582620797487	0.723238670855	0.565178269696	0.753270497825	0.453512223296	0.837113861769	0.521719507008	0.573109415176	1.75694175447	0.455603537941	0.557618376027	0.83838258579	0.775050792653	1.48976908168	0.961362938618	0.71029842436	0.69361221363	0.905010309328	0.843846510391	1.43364538424	0.651672513291	0.751273305945	0.714829188014	0.517444572257	0.517166433059	0.957743832769	0.831439521508	0.674148211696	0.659600734654	0.985987119381	0.700194456259	0.804801851136	0.299782363461	0.721577970034	0.522563731271	0.575194697922	0.963130710488	0.823699898502	0.0	1.0166541421	0.89507258579	1.08152444659	1.00315195747	0.832634857419	0.885001773804	1.11735334461	1.04197149831	0.762245819236	0.814459221846	0.846468100532	0.767358786854	0.604231662639	0.96607821653	0.580068864186	0.911679434509	0.663184093765	0.987057854036
