	AA3	AA4	AB3	AB4	AC3	AC4	AD3	AD4	AE3	AE4	AF3	AF4	AG3	AG4	AH3	AH4	AA7	AA8	AB7	AB8	AC7	AC8	AD7	AD8	AE7	AE8	AF7	AF8	AG7	AG8	AH7	AH8	AA5	AA6	AB5	AB6	AC5	AC6	AD6	AE5	AE6	AF5	AF6	AG5	AH5	AH6	AA1	AA2	AB1	AB2	AC1	AC2	AD1	AD2	AE1	AE2	AF1	AF2	AG1	AG2	AH1	AH2
AA3	0.0	0.516347230546	2.24262229096	0.951584504592	0.795111701305	0.763315843403	0.878882798453	0.776443243113	0.904663199613	0.682204306428	0.959172411793	0.708032112131	0.726009279845	1.96149736104	0.740445862736	0.267927757371	0.82585239246	0.767697878202	1.44079248429	1.03041408893	0.806613939101	0.693945959401	0.862580720155	0.870117462542	1.35532374577	0.599706901885	0.835836481392	0.687538477525	0.733576747221	0.704467718705	0.770301556307	0.714107936201	0.871319864669	0.849692953117	1.0407919913	0.910973977767	0.949252904785	0.775082460126	0.735103044949	0.523820744321	0.551556167231	1.32320307878	1.15182484775	0.731652049299	1.05138703238	1.05100826003	0.978233711938	0.930686655389	0.909014736588	0.829526399227	1.05795035283	0.954857433543	0.662039623006	0.699905418076	0.792396524891	0.661433808603	0.584701570807	0.87292381827	0.506693450942	0.879419424843	0.663205538908	0.898033247946
AA4	0.516347230546	0.0	2.1806857419	0.834707298212	0.547831005317	0.600994422426	0.810837887869	0.526104702755	0.734302716288	0.561934349927	0.84693037216	0.429637631706	0.474110130498	1.90271252779	0.276630821653	0.37701301595	0.694767820203	0.699331623973	1.50082640406	1.00406865636	0.812958985017	0.657958371194	0.833093808603	0.818490512325	1.43368830836	0.582427791203	0.725936781054	0.640861155147	0.660307032383	0.65350098115	0.881639478009	0.742822977284	0.648032692122	0.682650198163	0.918174746254	0.743313040116	0.814879236346	0.493251140648	0.608927510875	0.511348100532	0.429749990333	1.21721969551	1.02634659739	0.450564596423	0.954144867086	0.900204335428	0.958931720638	0.850694369261	0.779244074432	0.782245384244	0.972926872885	0.906630338328	0.639046660222	0.653940894152	0.741595925568	0.639095993233	0.447438680522	0.844906544224	0.470423755437	0.793830676655	0.494223837603	0.801309487675
AB3	2.24262229096	2.1806857419	0.0	1.46531883035	2.18195921218	2.38559864669	1.87543071532	2.27112699372	2.31764314161	2.06799593523	2.48964711455	2.24539502175	2.29607190913	0.335729560174	2.14839206863	2.27729724988	2.45210621556	2.44962768004	1.18608363944	1.46000721605	1.94935554374	2.16902580474	2.37433195263	2.37437549058	1.88244178347	2.1242658579	2.38670041566	2.25798297245	1.90382355244	1.78582756404	2.42589819236	2.43557585307	2.2478222813	2.36440646689	2.52497482359	2.45918556791	2.60730371194	1.99448227646	2.49765315611	2.24823440309	2.37593343161	1.23493284195	1.39491942484	2.04443486225	2.68557893185	2.6223860754	2.67344239246	2.67536367811	2.50949760754	2.60073322378	2.75148980184	2.69173902852	2.53776154664	2.57783778154	2.61685791687	2.54664453842	2.30127672789	2.65363023683	2.29428458676	2.62072992267	2.37112302562	2.62147474625
AB4	0.951584504592	0.834707298212	1.46531883035	0.0	0.879051440309	1.03776519091	0.73061658289	0.982140043499	1.13366548091	0.791973537941	1.22768638956	0.92600840986	0.873649511841	1.17791703238	0.864397762204	0.954692957951	1.15062720155	1.16409075399	1.01443062832	0.515158728855	0.86732182697	0.913171469309	1.11175194297	1.11805926051	1.26316864669	0.86822459159	1.16842810053	1.0125481827	0.675238525858	0.575196457226	1.24659937168	1.17046947318	1.05805653939	1.1178042726	1.35550455776	1.23102694055	1.3525481102	0.756123649106	1.16768621556	0.933071367811	1.03110154181	0.680631981634	0.53032319478	0.756300681489	1.42408990333	1.36413378927	1.45132217013	1.39345635089	1.29500281779	1.32627697438	1.51200496858	1.43739791687	1.20821853069	1.26474297245	1.3537319913	1.24304945868	1.01217134364	1.39352463992	0.988307457709	1.34164663606	1.06003681005	1.3582117593
AC3	0.795111701305	0.547831005317	2.18195921218	0.879051440309	0.0	0.703540874819	0.841092112131	0.737420347994	0.93896419043	0.635566737554	1.01300761237	0.255368076365	0.747833856936	1.90907997583	0.612757873369	0.725122977284	0.918309178347	0.933632914451	1.47758961817	1.03016264862	1.00017497825	0.930527829869	1.13333942968	1.1168497535	1.34195879169	0.764640584824	1.02372831803	0.958829173514	0.866238066699	0.830145915901	1.12816738038	0.98905	0.917221667472	0.915897288545	0.815047375544	0.749999830836	0.961657733204	0.672952015466	0.817001957467	0.622550889319	0.673651435476	1.21817159981	1.06937499275	0.566040908652	1.10540695022	1.06633156114	0.90141881102	0.952267694538	0.737398830353	0.813468637023	1.0758002755	0.940872634123	0.729660990817	0.799694635089	0.883815302078	0.759458376027	0.763390478492	0.878771807637	0.763709086515	0.883740831319	0.768970029	0.89102041566
AC4	0.763315843403	0.600994422426	2.38559864669	1.03776519091	0.703540874819	0.0	1.12500170614	0.333130947318	0.470456858386	0.793676853552	0.365491841469	0.559735476075	0.469203905268	2.10918079265	0.660395857902	0.62556261479	0.526394006767	0.522548569357	1.82381274529	1.30155763654	0.898020357661	0.585315306912	0.610452358627	0.598532783954	1.72242105848	0.756379874335	0.55819781537	0.524962121798	0.649062740454	0.802050338328	0.786088535524	0.582515369744	0.49402918318	0.399144311261	0.984874079265	0.761935398743	0.577793958434	0.626742556791	0.404440947318	0.789173475109	0.507527448043	1.4370159159	1.25767857419	0.615202237796	0.641872503625	0.5903719913	1.08283434993	0.86102037216	0.878022083132	0.821265248913	0.903927588207	0.951781841469	0.602690140164	0.626264335428	0.688182682455	0.638918003867	0.551107109715	0.932247230546	0.631482769454	0.764055094248	0.443346737554	0.828464200097
AD3	0.878882798453	0.810837887869	1.87543071532	0.73061658289	0.841092112131	1.12500170614	0.0	0.986458569357	1.26552367811	0.400222812953	1.34866852102	0.915700865152	1.05765954084	1.60004680039	0.822531967134	0.907403769937	1.21663428226	1.20339367811	1.28199781537	0.813248757854	0.863069980667	0.958767733204	1.25563211213	1.25516341228	1.20799583374	0.851168105365	1.21724128081	1.07553629773	0.904229444176	0.738897080715	1.16938726438	1.13288343644	1.16325419526	1.15888150314	1.20508434026	1.08335976317	1.26265507492	0.720026524891	1.14332617206	0.779609710005	0.93045759304	0.845742484292	0.716982087965	0.717548081199	1.3709700145	1.34441494442	1.36335819236	1.3736340551	1.15560907685	1.19540698405	1.47904753504	1.38308866119	1.16029360561	1.19188081199	1.25987683905	1.1523317158	0.982223576607	1.29056324311	0.95770782987	1.25435772837	1.11537742388	1.29575954567
AD4	0.776443243113	0.526104702755	2.27112699372	0.982140043499	0.737420347994	0.333130947318	0.986458569357	0.0	0.318318902852	0.662264185597	0.50423558724	0.614088482359	0.477305833736	2.00027888352	0.550978279362	0.600000405993	0.535715432576	0.520874432093	1.78631760271	1.24890353794	0.856153431609	0.529794393427	0.552519362011	0.528092740454	1.73822619623	0.742691478975	0.513902788787	0.445610555824	0.544992083132	0.726851039149	0.831953218946	0.593032397293	0.319283571774	0.343368637023	1.04418780087	0.795905002417	0.596406703722	0.508617167714	0.445527274045	0.742710715321	0.54124179797	1.30252177864	1.11734341228	0.564505954567	0.662543151281	0.600594277429	1.1331038666	0.885961865636	0.964801449976	0.896088637023	0.913150550991	0.999735998067	0.674525679072	0.654004001933	0.689677660706	0.694950053166	0.478103238279	0.981642353794	0.589438240696	0.833171338811	0.457700613823	0.865913494442
AE3	0.904663199613	0.734302716288	2.31764314161	1.13366548091	0.93896419043	0.470456858386	1.26552367811	0.318318902852	0.0	0.933905224746	0.364712837119	0.811277796037	0.584961034316	2.04870139198	0.717416070565	0.742062624456	0.497249444176	0.486215355244	1.9405177042	1.41430741904	0.990675698405	0.670215152247	0.431730135331	0.410128231029	1.90564298212	0.916467530208	0.423939120348	0.467600468826	0.647803214113	0.895323378444	0.88487762204	0.68545861769	0.255014064766	0.337800869985	1.19258043983	0.959650053166	0.5831620203	0.715387999033	0.604527056549	0.972337602707	0.729351971967	1.40573618656	1.2325962639	0.755000246496	0.725199879169	0.634825389077	1.28258377477	1.00955624456	1.13276319478	1.05277412276	1.03791431609	1.14321514258	0.82337518608	0.802641290478	0.823845331078	0.842513257612	0.629192281295	1.14627685839	0.743684896085	0.986925930401	0.580457477042	1.00474438376
AE4	0.682204306428	0.561934349927	2.06799593523	0.791973537941	0.635566737554	0.793676853552	0.400222812953	0.662264185597	0.933905224746	0.0	1.02263074432	0.652371701305	0.784193470275	1.79054419043	0.59493319478	0.654716297728	0.921937423876	0.905987694538	1.46462651522	0.952475137748	0.709458545191	0.664937419043	0.936810526825	0.931060425326	1.32828098598	0.590508608023	0.904820352827	0.760318994683	0.630583963267	0.596470884485	0.939387641373	0.828800778154	0.842757520541	0.849951981634	0.992084630256	0.853530396327	0.977839047849	0.495027085549	0.849746810053	0.573302701788	0.654144407927	1.06713231513	0.876817834703	0.489398347028	1.07528463992	1.0465238666	1.12778707588	1.14052111165	0.924865819236	0.960173566941	1.24481261962	1.1488577477	0.920801648139	0.931476993717	0.995291744804	0.894479178347	0.731408709522	1.06066580474	0.701627365877	1.01650167231	0.821576292895	1.0700962784
AF3	0.959172411793	0.84693037216	2.48964711455	1.22768638956	1.01300761237	0.365491841469	1.34866852102	0.50423558724	0.364712837119	1.02263074432	0.0	0.865924833253	0.681695050749	2.21790166264	0.888215761237	0.84859719188	0.473489318511	0.463336979217	2.01690769937	1.49308482842	1.04689182214	0.776186123731	0.38876659739	0.380182073465	1.97229476559	0.995730729821	0.463245055582	0.595397588207	0.778144876752	0.981299202513	0.824968622523	0.6446659739	0.463919826003	0.434272431126	1.16528458676	0.982066553891	0.49614937651	0.821135016916	0.519879497342	1.02299076849	0.740122556791	1.56500290478	1.39726136781	0.853932329628	0.638860671822	0.546404209763	1.22577038666	0.990018835186	1.13299162397	1.01211484775	1.00456949251	1.09026251812	0.792938569357	0.748510289995	0.799139386177	0.77161821653	0.770663977767	1.06679361044	0.856828492025	0.931613286612	0.589479526341	0.969914079265
AF4	0.708032112131	0.429637631706	2.24539502175	0.92600840986	0.255368076365	0.559735476075	0.915700865152	0.614088482359	0.811277796037	0.652371701305	0.865924833253	0.0	0.624975447076	1.96984458192	0.534156592557	0.608809429676	0.803434403093	0.813098951184	1.54427709522	1.04929720155	0.936366109232	0.812401599807	1.01508715805	0.998643407443	1.41628006283	0.645640270662	0.906370198163	0.843749913001	0.809288637023	0.776781831803	1.00798926051	0.879968699855	0.795085886902	0.79215839536	0.777100275495	0.6253460029	0.797568612856	0.614942276462	0.678758820686	0.566145577574	0.565131150314	1.26698436443	1.10187640889	0.510328550024	0.953042450459	0.907553112615	0.82666637506	0.808009516675	0.649316370227	0.674305654906	0.935370652489	0.826008540358	0.587710555824	0.652792619623	0.752948434026	0.628770483325	0.646185398743	0.766525703238	0.658852977284	0.735163049782	0.650969540841	0.736852107298
AG3	0.726009279845	0.474110130498	2.29607190913	0.873649511841	0.747833856936	0.469203905268	1.05765954084	0.477305833736	0.584961034316	0.784193470275	0.681695050749	0.624975447076	0.0	2.00903942001	0.460816437893	0.536979144514	0.515018405027	0.564891836636	1.73714758337	1.21607227163	0.925465558241	0.593521880135	0.671108521025	0.677685331078	1.63480980667	0.710766263896	0.585151947801	0.566763069116	0.640380604157	0.773620517158	0.843895418076	0.676784939584	0.562303479942	0.530460647656	1.00869750121	0.798032353794	0.746381101982	0.625362518125	0.544362252296	0.723827965201	0.50492017883	1.35925944418	1.1774077767	0.615025862736	0.844247119381	0.781952319961	1.04935565491	0.808701899468	0.890341561141	0.821002735621	0.932032334461	0.90159279362	0.600246495892	0.6192659884	0.727136370227	0.634235819236	0.425526752054	0.919075108748	0.488863813436	0.766906230063	0.394217544708	0.763791556307
AG4	1.96149736104	1.90271252779	0.335729560174	1.17791703238	1.90907997583	2.10918079265	1.60004680039	2.00027888352	2.04870139198	1.79054419043	2.21790166264	1.96984458192	2.00903942001	0.0	1.88075355727	1.99324547608	2.18656393427	2.17830443209	0.962249052682	1.18937402127	1.67843885935	1.89785908652	2.10867820686	2.10873139198	1.66741056066	1.85827164814	2.12350280329	1.98338737071	1.63498297245	1.5088181972	2.16569100048	2.16365977767	1.97686568391	2.08987035283	2.26304942968	2.18359257612	2.3345242726	1.71616130981	2.22634863219	1.97119365877	2.09881515225	0.97337879652	1.12421188497	1.76908143548	2.41241168197	2.34887830353	2.39813835186	2.40296256646	2.23333569357	2.32486871919	2.48189243113	2.41805970517	2.26641986467	2.30593695022	2.3475781682	2.27604490575	2.02894107782	2.38138258096	2.02298199613	2.3442981972	2.09834135331	2.35010962301
AH3	0.740445862736	0.276630821653	2.14839206863	0.864397762204	0.612757873369	0.660395857902	0.822531967134	0.550978279362	0.717416070565	0.59493319478	0.888215761237	0.534156592557	0.460816437893	1.88075355727	0.0	0.557886167231	0.726620671822	0.769950111165	1.5630621363	1.05229507008	0.882591701305	0.716289482842	0.875562319961	0.872079014016	1.49085450942	0.710458670855	0.776435490575	0.714808342194	0.679621227646	0.699777738038	1.01041852586	0.853836428226	0.641955432576	0.695171962301	1.00182680522	0.790365418076	0.883553267279	0.504877583374	0.709842334461	0.643964084099	0.562476732721	1.18297637506	0.991820260996	0.465266505558	1.01514511358	0.95941922668	1.06953539874	0.925399275012	0.873105055582	0.857467757371	1.03782506042	0.970915012083	0.757260546158	0.767011512808	0.829104185597	0.752053272112	0.541458289029	0.924230473659	0.569973552441	0.878826138231	0.606295857902	0.869772682455
AH4	0.267927757371	0.37701301595	2.27729724988	0.954692957951	0.725122977284	0.62556261479	0.907403769937	0.600000405993	0.742062624456	0.654716297728	0.84859719188	0.608809429676	0.536979144514	1.99324547608	0.557886167231	0.0	0.649672716288	0.60721217013	1.49962179797	1.06136433059	0.849796940551	0.588569125181	0.73649479942	0.726327568874	1.44871453842	0.601541725471	0.660161493475	0.559706234896	0.680534132431	0.728145983567	0.735213170614	0.59254419043	0.707925611406	0.6717059884	0.985636491058	0.793047496375	0.816576331561	0.648910256162	0.6012319913	0.508381367811	0.417019835669	1.33869468342	1.15332708555	0.638898501692	0.932880251329	0.902068448526	0.969525413243	0.842537670372	0.847815621073	0.740349710005	0.967535326245	0.885102165297	0.579654233929	0.608046186564	0.701461846303	0.585693591107	0.397119681005	0.818581938134	0.361175727405	0.762543064282	0.500320633156	0.795618927018
AA7	0.82585239246	0.694767820203	2.45210621556	1.15062720155	0.918309178347	0.526394006767	1.21663428226	0.535715432576	0.497249444176	0.921937423876	0.473489318511	0.803434403093	0.515018405027	2.18656393427	0.726620671822	0.649672716288	0.0	0.148189507008	1.83266101982	1.32397264862	0.995893591107	0.623369188014	0.426854794587	0.443316679555	1.76690054616	0.82980857419	0.340470497825	0.432926510391	0.72518839536	0.87665057999	0.656003895602	0.406438714355	0.468222000967	0.476674519091	1.16216915901	0.997457573707	0.538944349927	0.796603030449	0.500455485742	0.881999565007	0.657233837603	1.53259551957	1.36080873369	0.831802682455	0.731715664572	0.636149139681	1.12646431609	0.883799173514	1.08506781537	0.967575553407	0.903214847753	0.988196669889	0.715843963267	0.650886945384	0.68735497825	0.687779482842	0.522548337361	0.969306727888	0.578748308362	0.89435500725	0.449007559207	0.871243262446
AA8	0.767697878202	0.699331623973	2.44962768004	1.16409075399	0.933632914451	0.522548569357	1.20339367811	0.520874432093	0.486215355244	0.905987694538	0.463336979217	0.813098951184	0.564891836636	2.17830443209	0.769950111165	0.60721217013	0.148189507008	0.0	1.81550435959	1.30042464959	0.953009545674	0.585268264862	0.401334364427	0.410616384727	1.74365165781	0.792084741421	0.325065930401	0.377173339778	0.681959323345	0.857911561141	0.58962881102	0.313902866119	0.476627080715	0.490335519575	1.16477338811	1.00412576607	0.536150889319	0.807556027066	0.480881841469	0.861827419043	0.656070188497	1.52964956984	1.36142909618	0.835483189947	0.695285732238	0.629015157081	1.14299486709	0.900268564524	1.09800927985	0.960571092315	0.918358003867	1.00505003383	0.708898651522	0.643233871435	0.688485896568	0.693691261479	0.539243276945	0.990411111648	0.599345268246	0.890104504592	0.424979134848	0.893665384244
AB7	1.44079248429	1.50082640406	1.18608363944	1.01443062832	1.47758961817	1.82381274529	1.28199781537	1.78631760271	1.9405177042	1.46462651522	2.01690769937	1.54427709522	1.73714758337	0.962249052682	1.5630621363	1.49962179797	1.83266101982	1.81550435959	0.0	0.579695920735	1.47873648623	1.59667846303	1.88712587724	1.90101031416	1.07584058966	1.42720230546	1.847469884	1.70488824553	1.4114622813	1.18777577574	1.71661064766	1.73841911551	1.84489048333	1.8959398405	1.86514637989	1.83456736104	1.98699763654	1.49360664089	1.83567208797	1.46006016916	1.61971694538	0.986240850652	1.01069237313	1.48244556791	2.11544734654	2.09466953117	1.93166324795	1.98101694538	1.80428541324	1.85122500242	2.0730319333	1.97816548091	1.79218147414	1.83545062349	1.86700593523	1.79507984534	1.65225559207	1.91550100048	1.59455324311	1.87527016916	1.74707079265	1.917620174
AB8	1.03041408893	1.00406865636	1.46000721605	0.515158728855	1.03016264862	1.30155763654	0.813248757854	1.24890353794	1.41430741904	0.952475137748	1.49308482842	1.04929720155	1.21607227163	1.18937402127	1.05229507008	1.06136433059	1.32397264862	1.30042464959	0.579695920735	0.0	1.00958881102	1.08104751087	1.35524396327	1.36233764137	1.12988206863	0.933026317061	1.31984676172	1.17192337361	0.858409908168	0.685075321411	1.26146576607	1.24933342194	1.31268280812	1.36380591107	1.41290526825	1.33693965684	1.47697878685	0.967134103432	1.35243482359	1.01977990817	1.17525637506	0.743074954084	0.650504504592	0.959483692605	1.61645275012	1.56770103432	1.56296815853	1.53555538908	1.38821698405	1.42126255679	1.62295112131	1.55476047366	1.35803672789	1.39148141131	1.43812125665	1.36270334461	1.15722554857	1.50291604157	1.13806198163	1.4249680522	1.22672238279	1.46806967617
AC7	0.806613939101	0.812958985017	1.94935554374	0.86732182697	1.00017497825	0.898020357661	0.863069980667	0.856153431609	0.990675698405	0.709458545191	1.04689182214	0.936366109232	0.925465558241	1.67843885935	0.882591701305	0.849796940551	0.995893591107	0.953009545674	1.47873648623	1.00958881102	0.0	0.490352677622	0.93693497825	0.933312145964	1.39434775737	0.668700531658	0.965302812953	0.783301986467	0.571429159014	0.539336070565	0.868713069116	0.813858869019	0.893060560657	0.911174519091	1.25561810053	1.13040334461	1.16937201547	0.748521464476	1.02426456259	0.923623276945	0.938860604157	1.17722730304	1.06181610923	0.738673460609	1.08721556791	1.05461483325	1.47843533591	1.41995991783	1.24215268729	1.2753377767	1.52210049299	1.4654540986	1.11792913485	1.1481738666	1.24306913001	1.13899259062	0.926223049783	1.38721279845	0.90693157564	1.26694565007	0.917502203963	1.37462364911
AC8	0.693945959401	0.657958371194	2.16902580474	0.913171469309	0.930527829869	0.585315306912	0.958767733204	0.529794393427	0.670215152247	0.664937419043	0.776186123731	0.812401599807	0.593521880135	1.89785908652	0.716289482842	0.588569125181	0.623369188014	0.585268264862	1.59667846303	1.08104751087	0.490352677622	0.0	0.606155495408	0.619652179797	1.52175939101	0.598168598357	0.522865775737	0.365631541808	0.43017419043	0.588517825036	0.62870842436	0.492622508458	0.565172967617	0.591428124698	1.09726322861	0.884827921701	0.806035906235	0.628173765104	0.676885166747	0.76972701305	0.670274557757	1.27412096665	1.09210767521	0.674103334944	0.836175882069	0.793582493958	1.29145045916	1.06431746738	1.06335479942	1.02464738038	1.15090322378	1.16071826003	0.803401841469	0.79049537941	0.884420705655	0.821186321895	0.531989173514	1.1391638521	0.567320618656	0.938529521508	0.561805089415	1.03563686805
AD7	0.862580720155	0.833093808603	2.37433195263	1.11175194297	1.13333942968	0.610452358627	1.25563211213	0.552519362011	0.431730135331	0.936810526825	0.38876659739	1.01508715805	0.671108521025	2.10867820686	0.875562319961	0.73649479942	0.426854794587	0.401334364427	1.88712587724	1.35524396327	0.93693497825	0.606155495408	0.0	0.120727849203	1.8461139101	0.821547709038	0.345125717738	0.418521063316	0.624721014983	0.832579159014	0.706261802803	0.52050280812	0.442215645239	0.486118139198	1.30275141614	1.11261254229	0.616362933784	0.805850961817	0.643197742871	0.982670512325	0.797748670855	1.46556664089	1.28567504108	0.904170575157	0.736764649589	0.665627945868	1.3263460899	1.08159103915	1.24548908652	1.13859050266	1.08342302078	1.18726693088	0.902911691638	0.839339980667	0.857604649589	0.886441478975	0.668834335428	1.18596184147	0.71857900435	1.06037992267	0.577871517641	1.0629479072
AD8	0.870117462542	0.818490512325	2.37437549058	1.11805926051	1.1168497535	0.598532783954	1.25516341228	0.528092740454	0.410128231029	0.931060425326	0.380182073465	0.998643407443	0.677685331078	2.10873139198	0.872079014016	0.726327568874	0.443316679555	0.410616384727	1.90101031416	1.36233764137	0.933312145964	0.619652179797	0.120727849203	0.0	1.83447525375	0.807245998067	0.344882924118	0.428070449493	0.619618443693	0.840555891735	0.727586578057	0.535896408893	0.426524635089	0.473164354761	1.29941586274	1.0972477187	0.613320797487	0.793578666022	0.643480517158	0.967339502175	0.785460057999	1.46592021266	1.28090920251	0.886211048816	0.733694847753	0.656777535041	1.32997865636	1.0758162494	1.24450218463	1.1242238521	1.08997698888	1.19002232963	0.897314388594	0.842691319478	0.863043257612	0.886978028033	0.671662870952	1.18850583374	0.737306360561	1.05092325761	0.5712040261	1.06139938134
AE7	1.35532374577	1.43368830836	1.88244178347	1.26316864669	1.34195879169	1.72242105848	1.20799583374	1.73822619623	1.90564298212	1.32828098598	1.97229476559	1.41628006283	1.63480980667	1.66741056066	1.49085450942	1.44871453842	1.76690054616	1.74365165781	1.07584058966	1.12988206863	1.39434775737	1.52175939101	1.8461139101	1.83447525375	0.0	1.04894905268	1.81984275979	1.66998654422	1.41407232479	1.27898139198	1.5737241131	1.62994259546	1.82198318511	1.84493454326	1.71329733204	1.72854245046	1.90782342678	1.50326167231	1.7712042001	1.33460333011	1.54904941518	1.46129710005	1.43582765587	1.42614604157	1.98240859352	1.97012814886	1.72519077815	1.84805120348	1.60849345578	1.65313340261	1.97337781054	1.80457345578	1.66830617206	1.70186887385	1.76176563557	1.64431909135	1.62070724021	1.72814290478	1.53812955051	1.75961248913	1.68887334461	1.77931175447
AE8	0.599706901885	0.582427791203	2.1242658579	0.86822459159	0.764640584824	0.756379874335	0.851168105365	0.742691478975	0.916467530208	0.590508608023	0.995730729821	0.645640270662	0.710766263896	1.85827164814	0.710458670855	0.601541725471	0.82980857419	0.792084741421	1.42720230546	0.933026317061	0.668700531658	0.598168598357	0.821547709038	0.807245998067	1.04894905268	0.0	0.830434374094	0.675394436926	0.609742450459	0.551734746254	0.775100096665	0.72845482842	0.835344949251	0.85378218463	1.09257130498	0.955532160464	0.965282551957	0.67110717738	0.83351540841	0.624149830836	0.673365244079	1.23730557274	1.06431892218	0.64465777187	1.07975971484	1.05449777187	1.17656813436	1.12381528758	0.998643668439	0.983525461576	1.23157119381	1.16715092798	0.878973378444	0.90044239246	0.986541445143	0.890846694055	0.706783281779	1.10769540841	0.675725137748	1.00132713871	0.735339342678	1.06510381344
AF7	0.835836481392	0.725936781054	2.38670041566	1.16842810053	1.02372831803	0.55819781537	1.21724128081	0.513902788787	0.423939120348	0.904820352827	0.463245055582	0.906370198163	0.585151947801	2.12350280329	0.776435490575	0.660161493475	0.340470497825	0.325065930401	1.847469884	1.31984676172	0.965302812953	0.522865775737	0.345125717738	0.344882924118	1.81984275979	0.830434374094	0.0	0.250640033833	0.651622537458	0.840556524891	0.672543586274	0.498837457709	0.41999759304	0.445133107782	1.14678063316	0.962203740938	0.529125413243	0.752142189464	0.56287560174	0.905786457226	0.68532742871	1.48491348961	1.31189101498	0.820356447559	0.734211314645	0.651638351861	1.22001115031	0.984250183664	1.11787043499	1.01593734171	0.984568545191	1.08226565007	0.776134596423	0.737123436443	0.773812609956	0.788960758821	0.54389060899	1.0697218463	0.628911101982	0.935541938134	0.482296887385	0.969226829386
AF8	0.687538477525	0.640861155147	2.25798297245	1.0125481827	0.958829173514	0.524962121798	1.07553629773	0.445610555824	0.467600468826	0.760318994683	0.595397588207	0.843749913001	0.566763069116	1.98338737071	0.714808342194	0.559706234896	0.432926510391	0.377173339778	1.70488824553	1.17192337361	0.783301986467	0.365631541808	0.418521063316	0.428070449493	1.66998654422	0.675394436926	0.250640033833	0.0	0.487898318028	0.682952788787	0.657139453842	0.437178738521	0.417993557274	0.457884074432	1.11760260029	0.923970976317	0.632154098598	0.664541005317	0.555485862736	0.804797791203	0.636120154664	1.34620649589	1.16808679555	0.737498057032	0.751404040599	0.718096694055	1.21355746738	0.98172260029	1.07940865152	1.00911420493	0.990069594007	1.07877312711	0.769893634606	0.74451961334	0.791511706138	0.793266428226	0.491148284195	1.0665158579	0.540240289995	0.932976394393	0.466011556307	0.960247356211
AG7	0.733576747221	0.660307032383	1.90382355244	0.675238525858	0.866238066699	0.649062740454	0.904229444176	0.544992083132	0.647803214113	0.630583963267	0.778144876752	0.809288637023	0.640380604157	1.63498297245	0.679621227646	0.680534132431	0.72518839536	0.681959323345	1.4114622813	0.858409908168	0.571429159014	0.43017419043	0.624721014983	0.619618443693	1.41407232479	0.609742450459	0.651622537458	0.487898318028	0.0	0.299969492508	0.779908830353	0.664017259546	0.559051333978	0.686200913485	1.23279682939	1.00366906235	0.900716669889	0.511415882069	0.761100217496	0.8288080087	0.736218250362	1.06884135331	0.882738530691	0.564566022233	0.976479352344	0.938255998067	1.35327358144	1.11300057032	1.19820579024	1.12835771387	1.21401783954	1.21288116965	0.910840613823	0.901433136781	0.965089560174	0.919715118415	0.653132634123	1.21288472209	0.677294490092	1.05343320445	0.661383678105	1.07576293862
AG8	0.704467718705	0.65350098115	1.78582756404	0.575196457226	0.830145915901	0.802050338328	0.738897080715	0.726851039149	0.895323378444	0.596470884485	0.981299202513	0.776781831803	0.773620517158	1.5088181972	0.699777738038	0.728145983567	0.87665057999	0.857911561141	1.18777577574	0.685075321411	0.539336070565	0.588517825036	0.832579159014	0.840555891735	1.27898139198	0.551734746254	0.840556524891	0.682952788787	0.299969492508	0.0	0.883639173514	0.839142740454	0.804711034316	0.871028327695	1.20966200097	1.04550092315	1.06165967617	0.527326157564	0.895726665056	0.778959347511	0.781249647173	0.962066843886	0.803184871919	0.534255978734	1.16192974384	1.10292922185	1.32024319961	1.23544456259	1.16250233929	1.16684552441	1.33784127115	1.29340596423	1.02840089415	1.03084495892	1.09543086515	1.02550176897	0.794874306428	1.23836588207	0.781886176897	1.15993749638	0.812946452392	1.19203076849
AH7	0.770301556307	0.881639478009	2.42589819236	1.24659937168	1.12816738038	0.786088535524	1.16938726438	0.831953218946	0.88487762204	0.939387641373	0.824968622523	1.00798926051	0.843895418076	2.16569100048	1.01041852586	0.735213170614	0.656003895602	0.58962881102	1.71661064766	1.26146576607	0.868713069116	0.62870842436	0.706261802803	0.727586578057	1.5737241131	0.775100096665	0.672543586274	0.657139453842	0.779908830353	0.883639173514	0.0	0.331263866602	0.877672276462	0.876570720155	1.1722141276	1.04327536008	0.79935922668	0.949631034316	0.756009705172	0.926983934268	0.811283204447	1.53725475592	1.38124699372	0.981870860319	0.930477491542	0.911677336878	1.28915480425	1.05959393427	1.18158873369	1.05587285645	1.13751472209	1.15990239246	0.867998298695	0.808854572257	0.854166713388	0.82445478492	0.764172638956	1.14853278879	0.771332397293	0.973708685355	0.708874016433	1.05908810536
AH8	0.714107936201	0.742822977284	2.43557585307	1.17046947318	0.98905	0.582515369744	1.13288343644	0.593032397293	0.68545861769	0.828800778154	0.6446659739	0.879968699855	0.676784939584	2.16365977767	0.853836428226	0.59254419043	0.406438714355	0.313902866119	1.73841911551	1.24933342194	0.813858869019	0.492622508458	0.52050280812	0.535896408893	1.62994259546	0.72845482842	0.498837457709	0.437178738521	0.664017259546	0.839142740454	0.331263866602	0.0	0.65284301595	0.63534500725	1.11993749154	0.961563508942	0.646268226196	0.839448260029	0.545706321895	0.830076172064	0.683051295312	1.5245679507	1.34677224263	0.866038371194	0.729230144998	0.708671662639	1.17143718221	0.944552455292	1.07243731754	0.958851155147	0.952309724505	1.04490196713	0.725001237313	0.670860526825	0.706374514258	0.707588849686	0.600945891735	1.02790171097	0.611039937168	0.867068695022	0.50453101015	0.932923639439
AA5	0.871319864669	0.648032692122	2.2478222813	1.05805653939	0.917221667472	0.49402918318	1.16325419526	0.319283571774	0.255014064766	0.842757520541	0.463919826003	0.795085886902	0.562303479942	1.97686568391	0.641955432576	0.707925611406	0.468222000967	0.476627080715	1.84489048333	1.31268280812	0.893060560657	0.565172967617	0.442215645239	0.426524635089	1.82198318511	0.835344949251	0.41999759304	0.417993557274	0.559051333978	0.804711034316	0.877672276462	0.65284301595	0.0	0.270751116481	1.20658606573	0.952993504108	0.651381546641	0.588703620106	0.636881633639	0.86828719188	0.684966578057	1.28345689222	1.1060421508	0.664184789753	0.745154746254	0.652735277912	1.31577147898	1.05875831319	1.15602419043	1.0923321218	1.08042637989	1.1827617738	0.845316906718	0.833698912518	0.853906133398	0.87191121798	0.549558951184	1.17456955051	0.661160749154	1.01299535524	0.54454619623	1.04416712905
AA6	0.849692953117	0.682650198163	2.36440646689	1.1178042726	0.915897288545	0.399144311261	1.15888150314	0.343368637023	0.337800869985	0.849951981634	0.434272431126	0.79215839536	0.530460647656	2.08987035283	0.695171962301	0.6717059884	0.476674519091	0.490335519575	1.8959398405	1.36380591107	0.911174519091	0.591428124698	0.486118139198	0.473164354761	1.84493454326	0.85378218463	0.445133107782	0.457884074432	0.686200913485	0.871028327695	0.876570720155	0.63534500725	0.270751116481	0.0	1.0744339826	0.847886814886	0.535653484775	0.626253692605	0.513676365394	0.877544504592	0.607935384244	1.41451367327	1.22281821653	0.698731198647	0.545153508942	0.437740072499	1.19929536491	0.962468830353	1.01555635089	0.944636452392	0.97411717738	1.06634389077	0.715048593523	0.719250183664	0.748955490575	0.748217530208	0.565239076849	1.03878818753	0.670707187047	0.876257356211	0.501417332044	0.944045959401
AB5	1.0407919913	0.918174746254	2.52497482359	1.35550455776	0.815047375544	0.984874079265	1.20508434026	1.04418780087	1.19258043983	0.992084630256	1.16528458676	0.777100275495	1.00869750121	2.26304942968	1.00182680522	0.985636491058	1.16216915901	1.16477338811	1.86514637989	1.41290526825	1.25561810053	1.09726322861	1.30275141614	1.29941586274	1.71329733204	1.09257130498	1.14678063316	1.11760260029	1.23279682939	1.20966200097	1.1722141276	1.11993749154	1.20658606573	1.0744339826	0.0	0.368753247946	0.928170280329	1.01363020783	0.949566085065	0.873758922185	0.862414132431	1.61951676172	1.4702581537	0.939336288062	0.984622290962	0.957709898502	0.834122029966	0.930805500242	0.692611464476	0.746802315128	1.04595333494	0.913382909618	0.783625534074	0.866966969551	0.919971793137	0.848109714838	0.985351503142	0.832001532141	1.00458239729	0.794079178347	1.00682119381	0.871081469309
AB6	0.910973977767	0.743313040116	2.45918556791	1.23102694055	0.749999830836	0.761935398743	1.08335976317	0.795905002417	0.959650053166	0.853530396327	0.982066553891	0.6253460029	0.798032353794	2.18359257612	0.790365418076	0.793047496375	0.997457573707	1.00412576607	1.83456736104	1.33693965684	1.13040334461	0.884827921701	1.11261254229	1.0972477187	1.72854245046	0.955532160464	0.962203740938	0.923970976317	1.00366906235	1.04550092315	1.04327536008	0.961563508942	0.952993504108	0.847886814886	0.368753247946	0.0	0.772167762204	0.778789371677	0.789277660706	0.797641855969	0.675817066216	1.50678178347	1.32927917351	0.722656234896	0.818898148864	0.781684248429	0.776451962301	0.718336234896	0.563806491058	0.545418463026	0.834736259062	0.728946471725	0.602345964234	0.71120618173	0.761017259546	0.692943446109	0.771888540358	0.669318801353	0.794012445626	0.577166645723	0.830411068149	0.655225553407
AC5	0.949252904785	0.814879236346	2.60730371194	1.3525481102	0.961657733204	0.577793958434	1.26265507492	0.596406703722	0.5831620203	0.977839047849	0.49614937651	0.797568612856	0.746381101982	2.3345242726	0.883553267279	0.816576331561	0.538944349927	0.536150889319	1.98699763654	1.47697878685	1.16937201547	0.806035906235	0.616362933784	0.613320797487	1.90782342678	0.965282551957	0.529125413243	0.632154098598	0.900716669889	1.06165967617	0.79935922668	0.646268226196	0.651381546641	0.535653484775	0.928170280329	0.772167762204	0.0	0.773283378444	0.484683682939	0.929645819236	0.676543890768	1.69433211696	1.49208441276	0.838491884969	0.468786268729	0.415558632189	1.00210263412	0.749811208313	0.92168521508	0.803721304978	0.743387694538	0.834379192847	0.61439139681	0.544243446109	0.548631942968	0.578191140648	0.707020517158	0.85566901885	0.783567225713	0.742144896085	0.614935205413	0.741388927018
AC6	0.775082460126	0.493251140648	1.99448227646	0.756123649106	0.672952015466	0.626742556791	0.720026524891	0.508617167714	0.715387999033	0.495027085549	0.821135016916	0.614942276462	0.625362518125	1.71616130981	0.504877583374	0.648910256162	0.796603030449	0.807556027066	1.49360664089	0.967134103432	0.748521464476	0.628173765104	0.805850961817	0.793578666022	1.50326167231	0.67110717738	0.752142189464	0.664541005317	0.511415882069	0.527326157564	0.949631034316	0.839448260029	0.588703620106	0.626253692605	1.01363020783	0.778789371677	0.773283378444	0.0	0.737961338811	0.648534253262	0.567575166747	0.955065094248	0.756214731754	0.297784833253	0.938991609473	0.875876123731	1.16693046883	1.04930108265	0.975570990817	0.94889141131	1.13559171097	1.0895578927	0.815247119381	0.854578047366	0.923047317545	0.821071831803	0.601921343644	1.036409913	0.644866060899	0.952908583857	0.657407351377	1.00298728855
AD6	0.735103044949	0.608927510875	2.49765315611	1.16768621556	0.817001957467	0.404440947318	1.14332617206	0.445527274045	0.604527056549	0.849746810053	0.519879497342	0.678758820686	0.544362252296	2.22634863219	0.709842334461	0.6012319913	0.500455485742	0.480881841469	1.83567208797	1.35243482359	1.02426456259	0.676885166747	0.643197742871	0.643480517158	1.7712042001	0.83351540841	0.56287560174	0.555485862736	0.761100217496	0.895726665056	0.756009705172	0.545706321895	0.636881633639	0.513676365394	0.949566085065	0.789277660706	0.484683682939	0.737961338811	0.0	0.726565577574	0.412364596423	1.56558726438	1.3808439101	0.765983832769	0.622583533108	0.581046423393	0.877922682455	0.64658081682	0.859505543741	0.699003450942	0.696178434026	0.751324267762	0.486405683905	0.417179086515	0.481102121798	0.475411198647	0.488410096665	0.731021498308	0.555258651522	0.637345630739	0.358657689705	0.628115654906
AE5	0.523820744321	0.511348100532	2.24823440309	0.933071367811	0.622550889319	0.789173475109	0.779609710005	0.742710715321	0.972337602707	0.573302701788	1.02299076849	0.566145577574	0.723827965201	1.97119365877	0.643964084099	0.508381367811	0.881999565007	0.861827419043	1.46006016916	1.01977990817	0.923623276945	0.76972701305	0.982670512325	0.967339502175	1.33460333011	0.624149830836	0.905786457226	0.804797791203	0.8288080087	0.778959347511	0.926983934268	0.830076172064	0.86828719188	0.877544504592	0.873758922185	0.797641855969	0.929645819236	0.648534253262	0.726565577574	0.0	0.369878477525	1.2514782552	1.06762898502	0.6199520203	1.08945483325	1.06595610923	0.929974707588	0.910410038666	0.831924683422	0.744592663122	1.03098925085	0.948483658772	0.659897341711	0.711178071532	0.810937017883	0.674936321895	0.574236660222	0.867384494925	0.53278081682	0.808002411793	0.707382725955	0.865350270662
AE6	0.551556167231	0.429749990333	2.37593343161	1.03110154181	0.673651435476	0.507527448043	0.93045759304	0.54124179797	0.729351971967	0.654144407927	0.740122556791	0.565131150314	0.50492017883	2.09881515225	0.562476732721	0.417019835669	0.657233837603	0.656070188497	1.61971694538	1.17525637506	0.938860604157	0.670274557757	0.797748670855	0.785460057999	1.54904941518	0.673365244079	0.68532742871	0.636120154664	0.736218250362	0.781249647173	0.811283204447	0.683051295312	0.684966578057	0.607935384244	0.862414132431	0.675817066216	0.676543890768	0.567575166747	0.412364596423	0.369878477525	0.0	1.40350771387	1.21562453359	0.573658376027	0.82763640406	0.800082513291	0.870071145481	0.723833552441	0.746484746254	0.61895218463	0.843757568874	0.775742136298	0.467745224746	0.481441904302	0.573043383277	0.46640619623	0.433060086999	0.720092503625	0.419199246013	0.632440009666	0.452480932818	0.684497100048
AF5	1.32320307878	1.21721969551	1.23493284195	0.680631981634	1.21817159981	1.4370159159	0.845742484292	1.30252177864	1.40573618656	1.06713231513	1.56500290478	1.26698436443	1.35925944418	0.97337879652	1.18297637506	1.33869468342	1.53259551957	1.52964956984	0.986240850652	0.743074954084	1.17722730304	1.27412096665	1.46556664089	1.46592021266	1.46129710005	1.23730557274	1.48491348961	1.34620649589	1.06884135331	0.962066843886	1.53725475592	1.5245679507	1.28345689222	1.41451367327	1.61951676172	1.50678178347	1.69433211696	0.955065094248	1.56558726438	1.2514782552	1.40350771387	0.0	0.240410797487	1.0163900725	1.76757034316	1.69765249879	1.79187548574	1.75992260996	1.6233021943	1.66499692122	1.85513272595	1.79413071049	1.59096827936	1.64700791687	1.70237678105	1.61618536491	1.33891490575	1.75184089415	1.34089306912	1.68129904302	1.44745478492	1.69822229096
AF6	1.15182484775	1.02634659739	1.39491942484	0.53032319478	1.06937499275	1.25767857419	0.716982087965	1.11734341228	1.2325962639	0.876817834703	1.39726136781	1.10187640889	1.1774077767	1.12421188497	0.991820260996	1.15332708555	1.36080873369	1.36142909618	1.01069237313	0.650504504592	1.06181610923	1.09210767521	1.28567504108	1.28090920251	1.43582765587	1.06431892218	1.31189101498	1.16808679555	0.882738530691	0.803184871919	1.38124699372	1.34677224263	1.1060421508	1.22281821653	1.4702581537	1.32927917351	1.49208441276	0.756214731754	1.3808439101	1.06762898502	1.21562453359	0.240410797487	0.0	0.825344098598	1.58186850652	1.50999416143	1.63575333011	1.59035833736	1.47551272112	1.51103128565	1.67475128565	1.63960021266	1.41284639439	1.4639657709	1.5162778927	1.43249559207	1.15503358144	1.60135656356	1.15757757371	1.51401156114	1.26408053649	1.52910004833
AG5	0.731652049299	0.450564596423	2.04443486225	0.756300681489	0.566040908652	0.615202237796	0.717548081199	0.564505954567	0.755000246496	0.489398347028	0.853932329628	0.510328550024	0.615025862736	1.76908143548	0.465266505558	0.638898501692	0.831802682455	0.835483189947	1.48244556791	0.959483692605	0.738673460609	0.674103334944	0.904170575157	0.886211048816	1.42614604157	0.64465777187	0.820356447559	0.737498057032	0.564566022233	0.534255978734	0.981870860319	0.866038371194	0.664184789753	0.698731198647	0.939336288062	0.722656234896	0.838491884969	0.297784833253	0.765983832769	0.6199520203	0.573658376027	1.0163900725	0.825344098598	0.0	0.968934818753	0.919864320928	1.07617017883	1.00884612856	0.889395998067	0.881738148864	1.12038797003	1.04512721121	0.776060323828	0.822096568391	0.900766060899	0.775992469792	0.632287849203	0.990857085549	0.666340299662	0.909683131948	0.681092087965	0.960720657322
