	AA3	AA4	AB3	AB4	AC3	AC4	AD3	AD4	AE3	AE4	AF3	AF4	AG3	AG4	AH3	AH4	AA7	AA8	AB7	AB8	AC7	AC8	AD7	AD8	AE7	AE8	AF7	AF8	AG7	AG8	AH7	AH8	AA5	AA6	AB5	AB6	AC5	AC6	AD6	AE5	AE6	AF5	AF6	AG5	AH5	AH6	AA1	AA2	AB1	AB2	AC1	AC2	AD1	AD2	AE1	AE2	AF1	AF2	AG1	AG2	AH1	AH2
AA3	0.0	0.48568257129	2.23898913968	0.922895654906	0.81348540841	0.751877916868	0.84393040116	0.794719328178	0.88281341711	0.696259270179	1.02148366844	0.713666698888	0.693313354277	1.89050030449	0.714159975834	0.201654161431	0.780917733204	0.769418110198	1.38810075399	1.01915852586	0.788885084582	0.644594842919	0.903031696472	0.894206727888	1.34292718705	0.56776977767	0.809493866602	0.654238579024	0.670571208313	0.636998134364	0.762804726921	0.662290251329	0.879745524408	0.816480202997	1.10519017883	0.879895659739	0.926568859352	0.733574006767	0.76992479942	0.537394896085	0.555079260512	1.22309518125	1.15315356211	0.676974639923	1.11589823103	1.08288959884	0.975875679072	0.946291957467	0.897355650072	0.830530405993	1.09122113581	0.960448492025	0.67572622523	0.663539574674	0.743206887385	0.642950488159	0.533055862736	0.892646727888	0.484503267279	0.872123794103	0.604300923151	0.887290198163
AA4	0.48568257129	0.0	2.26979438859	0.913000024166	0.609774929918	0.539437936201	0.855686959884	0.511148791687	0.640741884969	0.585904432093	0.83643381827	0.472041546641	0.406053025616	1.92112649106	0.318670976317	0.344895360077	0.650585253746	0.631819047849	1.51855341711	1.06427340261	0.847883170614	0.6483579942	0.822169937168	0.799272102465	1.48818307878	0.592587699372	0.656562286129	0.618660115998	0.653187100048	0.657809453842	0.824375872402	0.661021715805	0.628118709522	0.57539101015	0.970148902852	0.666218037699	0.720176689222	0.522135553407	0.581010589657	0.471105954567	0.351840884485	1.19323108265	1.11218583857	0.442222643789	0.89084221363	0.843933214113	0.929031242146	0.792423238279	0.733890768487	0.712036022233	0.959907071049	0.843321503142	0.591699797003	0.55900497825	0.622120352827	0.550492141131	0.385390111165	0.797324755921	0.403231764137	0.722724074432	0.460676621556	0.748061014983
AB3	2.23898913968	2.26979438859	0.0	1.46831152247	2.17979144514	2.42482573224	1.89959147898	2.33801810536	2.34129937651	2.08215755437	2.55960440793	2.30756739971	2.33293855002	0.383928429193	2.17474676655	2.29613954084	2.49844182697	2.50137325278	1.25311672789	1.45782534558	2.0131461334	2.15834054132	2.44333238763	2.43043639923	1.92109325278	2.16971412276	2.40497582407	2.2777001595	1.91320100532	1.82625296762	2.45263211696	2.43853205413	2.27969925568	2.37799171097	2.58345297728	2.49819785887	2.63170675689	1.96834671339	2.54046457226	2.30015086032	2.38747664572	1.32858738521	1.39878556307	2.07777086515	2.72967277429	2.65134732238	2.6808058434	2.6940262494	2.53268532141	2.6182718608	2.79002489125	2.73176232963	2.58857543258	2.58074363944	2.61269148381	2.569809971	2.31727852586	2.69067394393	2.3258540696	2.63776231029	2.40982772354	2.67197324795
AB4	0.922895654906	0.913000024166	1.46831152247	0.0	0.898723035283	1.06047866602	0.743784615756	1.03377814403	1.11690131948	0.794340976317	1.29235146448	0.98211057999	0.884260724988	1.11379216046	0.863520531658	0.941628840019	1.18718731754	1.18062814886	0.96111057999	0.480156413726	0.921118322861	0.917902107298	1.17208605607	1.16597218463	1.28035020783	0.886760038666	1.14791166747	0.996801106815	0.657874393427	0.569644625423	1.24941432093	1.15397389077	1.08854321895	1.10849496858	1.40645413726	1.24009534558	1.34894760754	0.697951005317	1.18841344611	0.948805582407	1.03662814886	0.583839091348	0.52278878202	0.767984320928	1.44542492508	1.38472161914	1.45803832286	1.40131129531	1.29466852102	1.33692929918	1.54527886902	1.46932428226	1.2485162349	1.25384586274	1.30387041083	1.23377417593	0.99948739971	1.42595055099	1.00433997583	1.34927188014	1.0683517738	1.37543595457
AC3	0.81348540841	0.609774929918	2.17979144514	0.898723035283	0.0	0.760115263412	0.848531498308	0.817803257612	0.919722933784	0.621305577574	1.07318282262	0.300948260029	0.753395930401	1.83570342194	0.645559700338	0.761755432576	0.990992479459	0.96565482842	1.39442768971	1.02283134848	1.03434124215	0.996738627356	1.21223167231	1.18502292412	1.29793485742	0.786540135331	1.04007054616	1.00143875785	0.869629869502	0.810738042533	1.16518492508	1.00865562107	0.965205654906	0.925748936684	0.86763157564	0.731439676172	0.950002203963	0.655787515708	0.830078037699	0.622382247463	0.675786244563	1.13357802803	1.05294549541	0.580395804737	1.11835229096	1.08376374577	0.870057491542	0.925969922668	0.704057143548	0.791489753504	1.08007219913	0.93020857419	0.737165166747	0.778363958434	0.831630845819	0.743397781537	0.790589922668	0.902315983567	0.763128076365	0.855085355244	0.828570352827	0.872528163364
AC4	0.751877916868	0.539437936201	2.42482573224	1.06047866602	0.760115263412	0.0	1.12996490575	0.369742300628	0.437270792653	0.84736580957	0.433603634606	0.539279772837	0.438753098115	2.07716725955	0.692612740454	0.668562469792	0.561472730788	0.544444552924	1.78767890285	1.3229897535	0.909267071049	0.632771744804	0.638646278395	0.616347844369	1.71855317545	0.758047104882	0.537028361527	0.525347834703	0.696903296278	0.782165166747	0.812116186564	0.621565152247	0.504678492025	0.404549874335	1.04423186564	0.767163214113	0.55161881102	0.688100739488	0.413981130981	0.733287844369	0.498929859836	1.36899072015	1.27977792653	0.618155340744	0.678855993233	0.601081222813	1.05227306428	0.837840149831	0.851727631706	0.802607278879	0.907798482359	0.924252160464	0.597258448526	0.621440565491	0.63859698405	0.614607457709	0.590277124215	0.940979753504	0.642126945384	0.779996964717	0.462970884485	0.797366703722
AD3	0.84393040116	0.855686959884	1.89959147898	0.743784615756	0.848531498308	1.12996490575	0.0	1.04181112131	1.24054956984	0.38759378927	1.40546785404	0.927977544708	1.03630297245	1.55647634123	0.824112648623	0.87570901885	1.21713803287	1.2006217448	1.24542669889	0.803003852102	0.89801457709	0.932367245046	1.2918221073	1.27188565491	1.21026341711	0.845557259546	1.20411086032	1.05472839053	0.848933740938	0.742401275979	1.17594473659	1.11026460609	1.19472975834	1.12868780087	1.23264313195	1.09786185597	1.26303646689	0.665598289029	1.15825315128	0.802470294828	0.919079453842	0.816747999033	0.749991851136	0.726197017883	1.41623923635	1.36211802803	1.35248031899	1.34350694055	1.11994354761	1.2109219188	1.49971848719	1.37361723055	1.16854511358	1.16046255196	1.2260680957	1.1125722088	0.947055514741	1.31668894152	0.942783093282	1.23004542774	1.09304093282	1.27559351377
AD4	0.794719328178	0.511148791687	2.33801810536	1.03377814403	0.817803257612	0.369742300628	1.04181112131	0.0	0.246757317545	0.72947120348	0.517979980667	0.646441503142	0.506719942001	1.99069922668	0.622606167231	0.679504093765	0.549929299178	0.539803876269	1.79997444659	1.29967020783	0.885911266312	0.603627597873	0.551671198647	0.521762682455	1.78268507492	0.805379816336	0.464363431609	0.454930299662	0.631097293378	0.758442257129	0.846479753504	0.647956452392	0.314519381344	0.295201880135	1.11213751087	0.808281242146	0.521020405993	0.607832812953	0.450195727405	0.744486964717	0.517645065249	1.26493366844	1.18914060416	0.583602339294	0.672072426293	0.568706500725	1.11806858869	0.890376321895	0.918702750121	0.899606747221	0.940836694055	1.00248521991	0.694623272112	0.643414920251	0.663129676172	0.696845969067	0.552688221363	1.00949837119	0.638988840019	0.869373707105	0.550215360077	0.863249478009
AE3	0.88281341711	0.640741884969	2.34129937651	1.11690131948	0.919722933784	0.437270792653	1.24054956984	0.246757317545	0.0	0.928614369261	0.421319482842	0.746619023683	0.578247660706	1.99541201063	0.710484200097	0.78585081682	0.521521938134	0.548289149348	1.88972754954	1.38856763171	0.959965258579	0.678566761721	0.485462919285	0.469220183664	1.88231724021	0.907136360561	0.434355471242	0.517064746254	0.702851179314	0.857829879169	0.906024214596	0.725784625423	0.249036157564	0.330515398743	1.22104763654	0.932921710971	0.532993972934	0.744362358627	0.546531440309	0.890042000967	0.656998612856	1.30547801353	1.24440429193	0.704556921218	0.744860782987	0.602947646206	1.22771718705	0.986630990817	1.04786103432	1.005009768	1.02648351377	1.10618257612	0.800858917351	0.752343441276	0.761886259062	0.808052518125	0.659617245046	1.12290937651	0.74735438376	0.977480526825	0.62000159014	0.972799536008
AE4	0.696259270179	0.585904432093	2.08215755437	0.794340976317	0.621305577574	0.84736580957	0.38759378927	0.72947120348	0.928614369261	0.0	1.11446492992	0.664360343161	0.766583499275	1.73627298212	0.574660947318	0.639579221846	0.938234857419	0.921350101498	1.38518252779	0.942106843886	0.800607921701	0.760817003383	1.00516501208	0.972798535524	1.31574517158	0.631147230546	0.899602851619	0.789568511358	0.648618530691	0.604431962301	1.00707785887	0.87245280812	0.879855437409	0.844160874819	1.01679099565	0.869700729821	0.981955679072	0.444038699855	0.893476046399	0.569963455776	0.659521691638	0.953134557757	0.870450860319	0.469763885935	1.1388681827	1.08258178347	1.11407460126	1.10401038666	0.907311807637	0.983235321411	1.26995457709	1.14442482359	0.9389640261	0.904089062349	0.952619313678	0.875672252296	0.687072310295	1.0873578202	0.687948627356	1.00202087965	0.815086679555	1.03993452392
AF3	1.02148366844	0.83643381827	2.55960440793	1.29235146448	1.07318282262	0.433603634606	1.40546785404	0.517979980667	0.421319482842	1.11446492992	0.0	0.848929333011	0.736630362494	2.21429280812	0.968572982117	0.951413315611	0.521027240213	0.536574789754	2.01226980667	1.54360230063	1.11539539391	0.86310777187	0.399055316578	0.383266974384	2.0260699275	1.04868080232	0.514265055582	0.673109787337	0.881748806187	1.0113519333	0.88986502175	0.757220009667	0.493608429193	0.512899076849	1.23390498308	0.996672194297	0.453712102465	0.939072242629	0.531403431609	1.01249052199	0.785363663606	1.53414951184	1.45760862736	0.891097264379	0.686725534074	0.562900942484	1.23570081682	0.989608134364	1.1350977622	1.02931192847	1.0126057419	1.06424777187	0.815731817303	0.759703649106	0.759025761237	0.778562508458	0.864503020783	1.09427257129	0.92812961334	0.988514857419	0.686872247463	0.944415645239
AF4	0.713666698888	0.472041546641	2.30756739971	0.98211057999	0.300948260029	0.539279772837	0.927977544708	0.646441503142	0.746619023683	0.664360343161	0.848929333011	0.0	0.585360923151	1.96034524408	0.562026191397	0.637002658289	0.836679956501	0.812710038666	1.55847179314	1.11283339294	0.936675630739	0.825980633156	1.03914049299	1.01188419526	1.470650058	0.667961609473	0.878745785404	0.838791648139	0.802949101015	0.762144920251	1.02285287579	0.868703233446	0.789172841953	0.731442387627	0.826273156114	0.56211681972	0.765442991783	0.610803537941	0.675781735138	0.566754722088	0.551055374577	1.21983889319	1.14242763654	0.5117720203	0.900306708555	0.860085016916	0.829947104882	0.786475118415	0.592570439826	0.643865998067	0.952118516191	0.814619705172	0.578373011116	0.657492643789	0.702579676172	0.6197499855	0.653432083132	0.779745741904	0.639493049782	0.694158429193	0.683917646206	0.733616587724
AG3	0.693313354277	0.406053025616	2.33293855002	0.884260724988	0.753395930401	0.438753098115	1.03630297245	0.506719942001	0.578247660706	0.766583499275	0.736630362494	0.585360923151	0.0	1.9731479362	0.492239710005	0.575226355727	0.581896607057	0.564288332528	1.67667892218	1.20492288062	0.899711952634	0.643364939584	0.725508579024	0.729008298695	1.61003615273	0.691669086515	0.584962832286	0.577493644273	0.680791841469	0.729188743354	0.8366219768	0.672404243596	0.591980724988	0.514817046883	1.02911856452	0.75910258579	0.713594925085	0.620456892218	0.548830043499	0.63938640406	0.451110275495	1.28066287095	1.19846163847	0.558508032866	0.838188869019	0.790200710488	0.990123745771	0.801895123248	0.823086742388	0.780629144514	0.943568400193	0.870220463992	0.5866259884	0.593703030449	0.660783972934	0.586308047366	0.451181184147	0.896045253746	0.497221667472	0.755563653939	0.422975514741	0.749166993717
AG4	1.89050030449	1.92112649106	0.383928429193	1.11379216046	1.83570342194	2.07716725955	1.55647634123	1.99069922668	1.99541201063	1.73627298212	2.21429280812	1.96034524408	1.9731479362	0.0	1.83429489609	1.94513251329	2.15761745771	2.15950156597	0.987319801837	1.11844804253	1.67193734654	1.81738639923	2.1027121653	2.09182570807	1.64859153214	1.82936332528	2.06512491058	1.93642483809	1.57223719671	1.48253263896	2.12469463026	2.09400138231	1.93891655872	2.03530536008	2.24664583374	2.15276668439	2.28958519091	1.62764543741	2.19369716771	1.95385916385	2.04004891252	0.997179342678	1.06338131948	1.73490152731	2.38798139681	2.30624825036	2.33696246013	2.34940041083	2.19003041566	2.27082463026	2.45223311745	2.38624963751	2.24493931851	2.23857777187	2.2718657999	2.22634971967	1.97331081199	2.3489002175	1.98306269212	2.29090996617	2.06700781054	2.3258657854
AH3	0.714159975834	0.318670976317	2.17474676655	0.863520531658	0.645559700338	0.692612740454	0.824112648623	0.622606167231	0.710484200097	0.574660947318	0.968572982117	0.562026191397	0.492239710005	1.83429489609	0.0	0.581478158531	0.774120676655	0.765134818753	1.51802870469	1.03037277912	0.878433141614	0.755916172064	0.906382556791	0.908345688739	1.47811961334	0.703309908168	0.770048786854	0.73540361044	0.698792827453	0.675205108748	0.995183968101	0.845737747704	0.681111048816	0.681456747221	1.04732635573	0.794712996617	0.878438250362	0.501689236346	0.752983943934	0.575959608507	0.547771184147	1.07340985017	1.00101054132	0.459713233446	1.04499579024	0.989993006283	1.04546418076	0.90653658289	0.844027757371	0.863752402127	1.06682529725	0.998634528758	0.78270942001	0.755875316578	0.788992547124	0.756664441759	0.52823500725	0.947075142581	0.544467361044	0.858514490092	0.635622455292	0.874318777187
AH4	0.201654161431	0.344895360077	2.29613954084	0.941628840019	0.761755432576	0.668562469792	0.87570901885	0.679504093765	0.78585081682	0.639579221846	0.951413315611	0.637002658289	0.575226355727	1.94513251329	0.581478158531	0.0	0.672345157081	0.666370599323	1.4535021073	1.07543932818	0.828813697438	0.652378864186	0.813164475592	0.8012959884	1.39959071532	0.566238960851	0.714732977284	0.609355650072	0.685185012083	0.667239565007	0.757301633639	0.580449468342	0.787932232963	0.704138231029	1.0467219913	0.777710043499	0.835306810053	0.650918124698	0.667623542774	0.479882812953	0.442039163847	1.24430737071	1.16853672305	0.582345978734	1.00803339778	0.9755419913	0.914136771387	0.844187781537	0.822052237796	0.723093682939	0.985511855969	0.866444364427	0.579995147414	0.564158762687	0.649467457709	0.551894345094	0.408659217013	0.812162716288	0.362714432093	0.762847631706	0.519712368294	0.785140270662
AA7	0.780917733204	0.650585253746	2.49844182697	1.18718731754	0.990992479459	0.561472730788	1.21713803287	0.549929299178	0.521521938134	0.938234857419	0.521027240213	0.836679956501	0.581896607057	2.15761745771	0.774120676655	0.672345157081	0.0	0.113085664572	1.78918980667	1.33471990333	0.979515113581	0.674641440309	0.424009507008	0.426386868052	1.76415913001	0.820078550024	0.342628303528	0.441166993717	0.769038057032	0.8601320203	0.627770115998	0.433425355244	0.492239690672	0.51691699855	1.23852443209	0.994434021266	0.517988719188	0.848560391493	0.506443431609	0.857780236829	0.679036607057	1.4660219623	1.38507927018	0.813915882069	0.771737307878	0.664934166264	1.15549727888	0.921607747704	1.09626067182	0.970275534074	0.945621585307	0.994130855486	0.718810009667	0.670036824553	0.675746660222	0.694383484775	0.539725273079	1.00562925568	0.580634804253	0.947728883519	0.475901101982	0.878294891252
AA8	0.769418110198	0.631819047849	2.50137325278	1.18062814886	0.96565482842	0.544444552924	1.2006217448	0.539803876269	0.548289149348	0.921350101498	0.536574789754	0.812710038666	0.564288332528	2.15950156597	0.765134818753	0.666370599323	0.113085664572	0.0	1.77847848719	1.32542113098	0.963857858869	0.666251773804	0.44634319478	0.444608366361	1.73339290478	0.795543093282	0.353277341711	0.432746027066	0.763420376994	0.845834417593	0.592521802803	0.398775766071	0.515664320928	0.51494139681	1.21389137264	0.979105833736	0.510683112615	0.829780294828	0.496009550507	0.837773953601	0.654083305945	1.47288979217	1.38918643306	0.798294142098	0.732874369261	0.660939734171	1.12374005317	0.893360584824	1.07135890285	0.949922687289	0.910834886419	0.9611739971	0.69976178347	0.647093257612	0.643931657806	0.671185514741	0.539516602223	0.976055761237	0.586746839053	0.926773523441	0.450140850652	0.847075442243
AB7	1.38810075399	1.51855341711	1.25311672789	0.96111057999	1.39442768971	1.78767890285	1.24542669889	1.79997444659	1.88972754954	1.38518252779	2.01226980667	1.55847179314	1.67667892218	0.987319801837	1.51802870469	1.4535021073	1.78918980667	1.77847848719	0.0	0.572939067182	1.49780679555	1.55969442726	1.89762909618	1.89520371194	1.06406653939	1.3780819478	1.81027432093	1.63918061866	1.31357868052	1.16735869502	1.6914101595	1.64218040116	1.8278597245	1.83056318028	1.82797309812	1.73829179314	1.92805887385	1.40265978734	1.81798638473	1.43262595457	1.5866857564	0.974426355727	0.977658443693	1.44690571774	2.08584064766	2.05086134364	1.8885217303	1.94639076849	1.75308357661	1.7962481247	2.06180822136	1.95266452876	1.77977599807	1.77832046399	1.81736460609	1.74580747221	1.58311719671	1.88555258579	1.56158706622	1.83852551474	1.67584302078	1.8848158434
AB8	1.01915852586	1.06427340261	1.45782534558	0.480156413726	1.02283134848	1.3229897535	0.803003852102	1.29967020783	1.38856763171	0.942106843886	1.54360230063	1.11283339294	1.20492288062	1.11844804253	1.03037277912	1.07543932818	1.33471990333	1.32542113098	0.572939067182	0.0	1.05265129531	1.08323790237	1.41063413726	1.40502464476	1.15969449976	0.950775108748	1.32314789754	1.16415345094	0.797364659256	0.675645843403	1.27690228613	1.23895325278	1.33905981634	1.35649257129	1.46814942968	1.31820290478	1.47687611406	0.911806500725	1.38585753504	1.0550840841	1.17449906235	0.651003170614	0.610991933301	0.976039458676	1.65157305462	1.59150449009	1.57141146931	1.52770844369	1.40174111648	1.42136276462	1.65433565007	1.58389444176	1.4143200435	1.39196541808	1.42859264379	1.37965925085	1.15247810053	1.53608844369	1.15694454809	1.44573710971	1.23913172547	1.49157824553
AC7	0.788885084582	0.847883170614	2.0131461334	0.921118322861	1.03434124215	0.909267071049	0.89801457709	0.885911266312	0.959965258579	0.800607921701	1.11539539391	0.936675630739	0.899711952634	1.67193734654	0.878433141614	0.828813697438	0.979515113581	0.963857858869	1.49780679555	1.05265129531	0.0	0.417929729338	0.96048982117	0.948970062832	1.4287382262	0.680078931851	0.936128888352	0.735640357661	0.571279589174	0.559160057999	0.852894712421	0.795999695505	0.897891092315	0.877428245529	1.30448217496	1.12253992267	1.13885706622	0.757129685839	1.04633417593	0.922278540358	0.937328211696	1.17388182214	1.10537720638	0.751959424843	1.10762920251	1.05731840503	1.46904686322	1.40337246013	1.22609340744	1.25429270662	1.53901734654	1.45774307878	1.1212439536	1.13443213146	1.19501753987	1.11124731754	0.903020811986	1.39880242629	0.893719922668	1.25065477525	0.893214485259	1.34968246496
AC8	0.644594842919	0.6483579942	2.15834054132	0.917902107298	0.996738627356	0.632771744804	0.932367245046	0.603627597873	0.678566761721	0.760817003383	0.86310777187	0.825980633156	0.643364939584	1.81738639923	0.755916172064	0.652378864186	0.674641440309	0.666251773804	1.55969442726	1.08323790237	0.417929729338	0.0	0.667806848719	0.667971865636	1.51633721605	0.60625897535	0.561030352827	0.361009893668	0.446689579507	0.540753972934	0.654514746254	0.536779671339	0.615496723055	0.612657655872	1.22750642339	0.945011749638	0.853993890768	0.692702334461	0.745405596907	0.797760072499	0.703710990817	1.18246260029	1.11263487192	0.68441319478	0.925316940551	0.873512899952	1.32747713388	1.1188562349	1.08305661189	1.0518737071	1.2481541421	1.19888543258	0.856840362494	0.840637298212	0.904568371194	0.864962924118	0.592299357177	1.20231800387	0.649437733204	1.01809088449	0.587649424843	1.06523717255
AD7	0.903031696472	0.822169937168	2.44333238763	1.17208605607	1.21223167231	0.638646278395	1.2918221073	0.551671198647	0.485462919285	1.00516501208	0.399055316578	1.03914049299	0.725508579024	2.1027121653	0.906382556791	0.813164475592	0.424009507008	0.44634319478	1.89762909618	1.41063413726	0.96048982117	0.667806848719	0.0	0.117652663122	1.89137446593	0.880398496858	0.362014717255	0.460409241179	0.711444296762	0.859307008217	0.732379313678	0.595756737554	0.468156631223	0.523440154664	1.37662812953	1.13515944901	0.586561667472	0.875833813436	0.667881599807	1.00874347994	0.836849072015	1.42055099565	1.34060048333	0.87888861769	0.800723682939	0.685017438376	1.35544305462	1.11506685355	1.2640157854	1.16966767037	1.133909855	1.21438137748	0.933912131464	0.852144852586	0.864982788787	0.912954084099	0.717557129048	1.23984503625	0.794545036249	1.12706133881	0.62925378927	1.08377025616
AD8	0.894206727888	0.799272102465	2.43043639923	1.16597218463	1.18502292412	0.616347844369	1.27188565491	0.521762682455	0.469220183664	0.972798535524	0.383266974384	1.01188419526	0.729008298695	2.09182570807	0.908345688739	0.8012959884	0.426386868052	0.444608366361	1.89520371194	1.40502464476	0.948970062832	0.667971865636	0.117652663122	0.0	1.85950536008	0.844412948284	0.355473267279	0.456316191397	0.701427776704	0.847202812953	0.724958376027	0.583844915418	0.460042092798	0.509333407443	1.36506754954	1.11928092798	0.580545476075	0.849984668922	0.651475461576	0.984380338328	0.810158516191	1.40781261962	1.32726541324	0.849165785404	0.789439545674	0.664978704688	1.3365819623	1.10043395843	1.25064933784	1.14894101015	1.12352915901	1.19789053166	0.917079642339	0.834144127598	0.851312281295	0.893035891735	0.71370279362	1.21825740938	0.789263934268	1.10804830836	0.614962276462	1.06957658772
AE7	1.34292718705	1.48818307878	1.92109325278	1.28035020783	1.29793485742	1.71855317545	1.21026341711	1.78268507492	1.88231724021	1.31574517158	2.0260699275	1.470650058	1.61003615273	1.64859153214	1.47811961334	1.39959071532	1.76415913001	1.73339290478	1.06406653939	1.15969449976	1.4287382262	1.51633721605	1.89137446593	1.85950536008	0.0	1.03933678105	1.80780343161	1.62844316578	1.36309392943	1.28488658772	1.570049768	1.57064633156	1.84223163847	1.80625451426	1.71815567424	1.67913231029	1.89940121798	1.45335987917	1.80807115515	1.3738660464	1.563679768	1.44654267762	1.42684296278	1.43683645239	1.99974490575	1.9736157129	1.7081221218	1.82409347994	1.6129401015	1.63917948768	1.97857798937	1.81023365877	1.66142531174	1.66499347028	1.72331547608	1.61331727888	1.57463847753	1.75582915901	1.51386699372	1.71159568874	1.64606631223	1.7816382552
AE8	0.56776977767	0.592587699372	2.16971412276	0.886760038666	0.786540135331	0.758047104882	0.845557259546	0.805379816336	0.907136360561	0.631147230546	1.04868080232	0.667961609473	0.691669086515	1.82936332528	0.703309908168	0.566238960851	0.820078550024	0.795543093282	1.3780819478	0.950775108748	0.680078931851	0.60625897535	0.880398496858	0.844412948284	1.03933678105	0.0	0.828018878685	0.665769333011	0.602643528275	0.557745012083	0.758009497342	0.667308264862	0.865034035766	0.825420323828	1.13550159014	0.916246152731	0.940897767037	0.653866307395	0.865572469792	0.609021338811	0.671434393427	1.17111431609	1.09342204447	0.644231648139	1.08542079749	1.05753012566	1.14810139681	1.09869164331	0.94005080232	0.963270720155	1.24304336394	1.15472168197	0.866923146448	0.860721019816	0.917381014983	0.841384809087	0.67677780087	1.11313054132	0.66751337361	0.972228709522	0.705926698888	1.05145661189
AF7	0.809493866602	0.656562286129	2.40497582407	1.14791166747	1.04007054616	0.537028361527	1.20411086032	0.464363431609	0.434355471242	0.899602851619	0.514265055582	0.878745785404	0.584962832286	2.06512491058	0.770048786854	0.714732977284	0.342628303528	0.353277341711	1.81027432093	1.32314789754	0.936128888352	0.561030352827	0.362014717255	0.355473267279	1.80780343161	0.828018878685	0.0	0.260816138231	0.674833523441	0.79299578057	0.683778525858	0.541480918318	0.40100680522	0.441886645723	1.1959480667	0.946086268729	0.488460947318	0.747444654422	0.538152257129	0.871339637506	0.655372324795	1.39165728371	1.31475480425	0.736612788787	0.755146423393	0.651918728855	1.19940497342	0.972350347994	1.08826765104	0.997644900918	0.999359371677	1.0607820493	0.773421087482	0.724490357661	0.74605181247	0.775040188497	0.56880919768	1.07308639439	0.641645862736	0.962182126631	0.496626331561	0.948257549541
AF8	0.654238579024	0.618660115998	2.2777001595	0.996801106815	1.00143875785	0.525347834703	1.05472839053	0.454930299662	0.517064746254	0.789568511358	0.673109787337	0.838791648139	0.577493644273	1.93642483809	0.73540361044	0.609355650072	0.441166993717	0.432746027066	1.63918061866	1.16415345094	0.735640357661	0.361009893668	0.460409241179	0.456316191397	1.62844316578	0.665769333011	0.260816138231	0.0	0.512014185597	0.630966176897	0.620164262929	0.46134742871	0.466590666989	0.457953716771	1.19466567424	0.936713716771	0.631828221363	0.707113320445	0.564115258579	0.786100289995	0.633932503625	1.2587240551	1.17692681489	0.698082063799	0.815469289512	0.750549308845	1.23645876269	1.01544951184	1.04954879652	1.00495924118	1.04784750604	1.10599234896	0.792951551474	0.765119255679	0.791768646689	0.798653504108	0.531402706622	1.11102251329	0.597680637989	0.975558284195	0.486335268246	0.974198724021
AG7	0.670571208313	0.653187100048	1.91320100532	0.657874393427	0.869629869502	0.696903296278	0.848933740938	0.631097293378	0.702851179314	0.648618530691	0.881748806187	0.802949101015	0.680791841469	1.57223719671	0.698792827453	0.685185012083	0.769038057032	0.763420376994	1.31357868052	0.797364659256	0.571279589174	0.446689579507	0.711444296762	0.701427776704	1.36309392943	0.602643528275	0.674833523441	0.512014185597	0.0	0.21852858869	0.781980923151	0.676747655872	0.649634654422	0.72440518608	1.28805373127	0.995924364427	0.898404108265	0.521107544708	0.818770362494	0.797592319961	0.710707810536	0.960002435959	0.88439542291	0.51139762204	1.08045432093	0.990256737554	1.33434871435	1.14751899952	1.14717694055	1.11505316578	1.28168950217	1.2188579797	0.942632397293	0.910234436926	0.959971019816	0.918077336878	0.683408685355	1.22366975834	0.718183069116	1.08224957951	0.705314673755	1.10977763654
AG8	0.636998134364	0.657809453842	1.82625296762	0.569644625423	0.810738042533	0.782165166747	0.742401275979	0.758442257129	0.857829879169	0.604431962301	1.0113519333	0.762144920251	0.729188743354	1.48253263896	0.675205108748	0.667239565007	0.8601320203	0.845834417593	1.16735869502	0.675645843403	0.559160057999	0.540753972934	0.859307008217	0.847202812953	1.28488658772	0.557745012083	0.79299578057	0.630966176897	0.21852858869	0.0	0.861072740454	0.775517626873	0.808679386177	0.805245065249	1.25272750121	1.00446317061	1.01045856452	0.456568342194	0.898077452876	0.742278482359	0.739531266312	0.89142839536	0.816076549058	0.487713286612	1.13960602223	1.06777971967	1.30061440309	1.20756831319	1.10213216046	1.12601347028	1.34565293862	1.27285432093	1.00214862252	0.969826312228	1.01168533108	0.963182551957	0.738636326728	1.22360834219	0.747389492508	1.12397988884	0.782290927985	1.16595172547
AH7	0.762804726921	0.824375872402	2.45263211696	1.24941432093	1.16518492508	0.812116186564	1.17594473659	0.846479753504	0.906024214596	1.00707785887	0.88986502175	1.02285287579	0.8366219768	2.12469463026	0.995183968101	0.757301633639	0.627770115998	0.592521802803	1.6914101595	1.27690228613	0.852894712421	0.654514746254	0.732379313678	0.724958376027	1.570049768	0.758009497342	0.683778525858	0.620164262929	0.781980923151	0.861072740454	0.0	0.290827660706	0.884890067666	0.859400937651	1.19802942484	1.00562875785	0.815443745771	0.975187143548	0.781083407443	0.928075041083	0.819093383277	1.47725692122	1.41008748188	0.970506510391	0.967651986467	0.920498269696	1.27894905752	1.08376115998	1.19450066699	1.01879260996	1.16013854519	1.15107134364	0.855952305462	0.812922174964	0.818121077815	0.832128854519	0.753117312711	1.1610462349	0.798131474142	0.999511169647	0.692855152247	1.03349449976
AH8	0.662290251329	0.661021715805	2.43853205413	1.15397389077	1.00865562107	0.621565152247	1.11026460609	0.647956452392	0.725784625423	0.87245280812	0.757220009667	0.868703233446	0.672404243596	2.09400138231	0.845737747704	0.580449468342	0.433425355244	0.398775766071	1.64218040116	1.23895325278	0.795999695505	0.536779671339	0.595756737554	0.583844915418	1.57064633156	0.667308264862	0.541480918318	0.46134742871	0.676747655872	0.775517626873	0.290827660706	0.0	0.714811802803	0.653994195263	1.14919890285	0.907641551474	0.704792286129	0.84471179797	0.587430961817	0.786210599323	0.662868158531	1.41410750121	1.33627365394	0.823877931368	0.833601280812	0.777886645723	1.15061900918	0.954178255196	1.05837280329	0.900733948768	1.01474769454	1.02420320928	0.694193325278	0.666294668922	0.681732769454	0.692394939584	0.588810425326	1.02277264862	0.630959502175	0.882425645239	0.502146911551	0.898976853552
AA5	0.879745524408	0.628118709522	2.27969925568	1.08854321895	0.965205654906	0.504678492025	1.19472975834	0.314519381344	0.249036157564	0.879855437409	0.493608429193	0.789172841953	0.591980724988	1.93891655872	0.681111048816	0.787932232963	0.492239690672	0.515664320928	1.8278597245	1.33905981634	0.897891092315	0.615496723055	0.468156631223	0.460042092798	1.84223163847	0.865034035766	0.40100680522	0.466590666989	0.649634654422	0.808679386177	0.884890067666	0.714811802803	0.0	0.279706317061	1.26978840503	0.963826752054	0.596600705655	0.668030705655	0.629363644273	0.834276747221	0.669805519575	1.22420943451	1.15808173514	0.637764117931	0.793034456259	0.641891536974	1.30355060899	1.07918391977	1.1066381102	1.08641156114	1.11462437893	1.18414772354	0.864563301112	0.829969681005	0.835263392943	0.869911788304	0.61717937651	1.19240112615	0.700310947318	1.0469960464	0.613321295312	1.04957126631
AA6	0.816480202997	0.57539101015	2.37799171097	1.10849496858	0.925748936684	0.404549874335	1.12868780087	0.295201880135	0.330515398743	0.844160874819	0.512899076849	0.731442387627	0.514817046883	2.03530536008	0.681456747221	0.704138231029	0.51691699855	0.51494139681	1.83056318028	1.35649257129	0.877428245529	0.612657655872	0.523440154664	0.509333407443	1.80625451426	0.825420323828	0.441886645723	0.457953716771	0.72440518608	0.805245065249	0.859400937651	0.653994195263	0.279706317061	0.0	1.11053157081	0.821609357177	0.541703939101	0.652553378444	0.509091681972	0.779395833736	0.558108994683	1.30482230546	1.2232877912	0.628954436926	0.580582368294	0.470501101982	1.17291733204	0.957375166747	0.952264504592	0.915919705172	0.993311208313	1.0421221508	0.712696500725	0.708919052682	0.723372957951	0.721208264862	0.567183479942	1.04588141131	0.647933861769	0.880827544708	0.537388917351	0.910080850652
AB5	1.10519017883	0.970148902852	2.58345297728	1.40645413726	0.86763157564	1.04423186564	1.23264313195	1.11213751087	1.22104763654	1.01679099565	1.23390498308	0.826273156114	1.02911856452	2.24664583374	1.04732635573	1.0467219913	1.23852443209	1.21389137264	1.82797309812	1.46814942968	1.30448217496	1.22750642339	1.37662812953	1.36506754954	1.71815567424	1.13550159014	1.1959480667	1.19466567424	1.28805373127	1.25272750121	1.19802942484	1.14919890285	1.26978840503	1.11053157081	0.0	0.385837158047	0.997354340261	1.08380789754	0.96774961334	0.867061527308	0.889904171097	1.57902965201	1.51864148864	1.04579382794	0.968393320445	0.978154509425	0.831418347028	0.918312605123	0.731436781054	0.74105298695	1.05980648139	0.910448347028	0.814375640406	0.941305906235	0.949478902852	0.897326834219	1.05000887385	0.849649695505	1.02334537458	0.766479076849	1.06097201063	0.856321662639
AB6	0.879895659739	0.666218037699	2.49819785887	1.24009534558	0.731439676172	0.767163214113	1.09786185597	0.808281242146	0.932921710971	0.869700729821	0.996672194297	0.56211681972	0.75910258579	2.15276668439	0.794712996617	0.777710043499	0.994434021266	0.979105833736	1.73829179314	1.31820290478	1.12253992267	0.945011749638	1.13515944901	1.11928092798	1.67913231029	0.916246152731	0.946086268729	0.936713716771	0.995924364427	1.00446317061	1.00562875785	0.907641551474	0.963826752054	0.821609357177	0.385837158047	0.0	0.771948685355	0.828666892218	0.728251585307	0.682987713871	0.611852087965	1.43747931851	1.36490061866	0.758365563074	0.752789695505	0.759691367811	0.730189357177	0.683382870952	0.534149202513	0.497061058482	0.839223900435	0.702158554857	0.563949956501	0.703814345094	0.719302846786	0.659829260512	0.750324881585	0.659336993717	0.727516645723	0.51325741421	0.806860227163	0.628145210246
AC5	0.926568859352	0.720176689222	2.63170675689	1.34894760754	0.950002203963	0.55161881102	1.26303646689	0.521020405993	0.532993972934	0.981955679072	0.453712102465	0.765442991783	0.713594925085	2.28958519091	0.878438250362	0.835306810053	0.517988719188	0.510683112615	1.92805887385	1.47687611406	1.13885706622	0.853993890768	0.586561667472	0.580545476075	1.89940121798	0.940897767037	0.488460947318	0.631828221363	0.898404108265	1.01045856452	0.815443745771	0.704792286129	0.596600705655	0.541703939101	0.997354340261	0.771948685355	0.0	0.831804934751	0.431603044949	0.869778931851	0.663079313678	1.59891102948	1.51243764621	0.813056993717	0.539286636056	0.46690421943	1.00447322861	0.77320261479	0.933225650072	0.823431715805	0.783443499275	0.83660677622	0.621245224746	0.570782547124	0.555421681972	0.613411981634	0.729377839536	0.873902556791	0.786098177864	0.776793069116	0.622010381827	0.726004925085
AC6	0.733574006767	0.522135553407	1.96834671339	0.697951005317	0.655787515708	0.688100739488	0.665598289029	0.607832812953	0.744362358627	0.444038699855	0.939072242629	0.610803537941	0.620456892218	1.62764543741	0.501689236346	0.650918124698	0.848560391493	0.829780294828	1.40265978734	0.911806500725	0.757129685839	0.692702334461	0.875833813436	0.849984668922	1.45335987917	0.653866307395	0.747444654422	0.707113320445	0.521107544708	0.456568342194	0.975187143548	0.84471179797	0.668030705655	0.652553378444	1.08380789754	0.828666892218	0.831804934751	0.0	0.796907525375	0.599752044466	0.593491072982	0.804035674239	0.718677902368	0.281865224746	1.0007298985	0.93683297245	1.12282529725	1.05502533591	0.933069250846	0.970756882552	1.16946473175	1.11250517641	0.859955998067	0.86179017883	0.8993359739	0.838319700338	0.602704040599	1.06506009667	0.626755534074	0.968163987434	0.698092861286	1.00811507975
AD6	0.76992479942	0.581010589657	2.54046457226	1.18841344611	0.830078037699	0.413981130981	1.15825315128	0.450195727405	0.546531440309	0.893476046399	0.531403431609	0.675781735138	0.548830043499	2.19369716771	0.752983943934	0.667623542774	0.506443431609	0.496009550507	1.81798638473	1.38585753504	1.04633417593	0.745405596907	0.667881599807	0.651475461576	1.80807115515	0.865572469792	0.538152257129	0.564115258579	0.818770362494	0.898077452876	0.781083407443	0.587430961817	0.629363644273	0.509091681972	0.96774961334	0.728251585307	0.431603044949	0.796907525375	0.0	0.705920749154	0.421025335911	1.49287565974	1.40893525858	0.765539681005	0.635002295795	0.553025621073	0.879285949734	0.654689826003	0.832735548574	0.706007713871	0.702251135814	0.746285132914	0.478454224263	0.428118264862	0.448084804253	0.462930260996	0.556960913485	0.761677230546	0.618250241663	0.660861507975	0.412616848719	0.623602237796
AE5	0.537394896085	0.471105954567	2.30015086032	0.948805582407	0.622382247463	0.733287844369	0.802470294828	0.744486964717	0.890042000967	0.569963455776	1.01249052199	0.566754722088	0.63938640406	1.95385916385	0.575959608507	0.479882812953	0.857780236829	0.837773953601	1.43262595457	1.0550840841	0.922278540358	0.797760072499	1.00874347994	0.984380338328	1.3738660464	0.609021338811	0.871339637506	0.786100289995	0.797592319961	0.742278482359	0.928075041083	0.786210599323	0.834276747221	0.779395833736	0.867061527308	0.682987713871	0.869778931851	0.599752044466	0.705920749154	0.0	0.345908260029	1.19265272595	1.10703739971	0.545418999517	1.04319807637	1.01913645239	0.911815543741	0.873367897535	0.746346698888	0.717477114548	1.03304773804	0.924440149831	0.646704359594	0.667070236829	0.750910318995	0.611726022233	0.524981285645	0.864382426293	0.483686834219	0.734949439343	0.625703407443	0.822046882552
AE6	0.555079260512	0.351840884485	2.38747664572	1.03662814886	0.675786244563	0.498929859836	0.919079453842	0.517645065249	0.656998612856	0.659521691638	0.785363663606	0.551055374577	0.451110275495	2.04004891252	0.547771184147	0.442039163847	0.679036607057	0.654083305945	1.5866857564	1.17449906235	0.937328211696	0.703710990817	0.836849072015	0.810158516191	1.563679768	0.671434393427	0.655372324795	0.633932503625	0.710707810536	0.739531266312	0.819093383277	0.662868158531	0.669805519575	0.558108994683	0.889904171097	0.611852087965	0.663079313678	0.593491072982	0.421025335911	0.345908260029	0.0	1.29577484775	1.21258367811	0.531057892702	0.822995645239	0.79316062349	0.853340546158	0.7053959739	0.701774079265	0.617750043499	0.846691841469	0.764354258096	0.464843368777	0.450787080715	0.52260638956	0.43034842436	0.385447941034	0.741233866602	0.386467129048	0.596193455776	0.444271986467	0.662410898985
AF5	1.22309518125	1.19323108265	1.32858738521	0.583839091348	1.13357802803	1.36899072015	0.816747999033	1.26493366844	1.30547801353	0.953134557757	1.53414951184	1.21983889319	1.28066287095	0.997179342678	1.07340985017	1.24430737071	1.4660219623	1.47288979217	0.974426355727	0.651003170614	1.17388182214	1.18246260029	1.42055099565	1.40781261962	1.44654267762	1.17111431609	1.39165728371	1.2587240551	0.960002435959	0.89142839536	1.47725692122	1.41410750121	1.22420943451	1.30482230546	1.57902965201	1.43747931851	1.59891102948	0.804035674239	1.49287565974	1.19265272595	1.29577484775	0.0	0.132616640889	0.937626089898	1.69549756887	1.61076896568	1.69666002417	1.66064287579	1.53171085065	1.58404154664	1.77691284679	1.7279639246	1.53177994683	1.54327862252	1.5882717738	1.52320467376	1.24153640889	1.68122902368	1.2585118753	1.58388364427	1.37560169164	1.63063831319
AF6	1.15315356211	1.11218583857	1.39878556307	0.52278878202	1.05294549541	1.27977792653	0.749991851136	1.18914060416	1.24440429193	0.870450860319	1.45760862736	1.14242763654	1.19846163847	1.06338131948	1.00101054132	1.16853672305	1.38507927018	1.38918643306	0.977658443693	0.610991933301	1.10537720638	1.11263487192	1.34060048333	1.32726541324	1.42684296278	1.09342204447	1.31475480425	1.17692681489	0.88439542291	0.816076549058	1.41008748188	1.33627365394	1.15808173514	1.2232877912	1.51864148864	1.36490061866	1.51243764621	0.718677902368	1.40893525858	1.10703739971	1.21258367811	0.132616640889	0.0	0.852112774287	1.60974977284	1.53216360561	1.61884042533	1.58975625906	1.45681495408	1.50431624456	1.69534521508	1.648610174	1.44726963751	1.45730564524	1.50752558241	1.43882061866	1.15522208797	1.60624540358	1.1698899275	1.49946167714	1.29350511841	1.55298159497
AG5	0.676974639923	0.442222643789	2.07777086515	0.767984320928	0.580395804737	0.618155340744	0.726197017883	0.583602339294	0.704556921218	0.469763885935	0.891097264379	0.5117720203	0.558508032866	1.73490152731	0.459713233446	0.582345978734	0.813915882069	0.798294142098	1.44690571774	0.976039458676	0.751959424843	0.68441319478	0.87888861769	0.849165785404	1.43683645239	0.644231648139	0.736612788787	0.698082063799	0.51139762204	0.487713286612	0.970506510391	0.823877931368	0.637764117931	0.628954436926	1.04579382794	0.758365563074	0.813056993717	0.281865224746	0.765539681005	0.545418999517	0.531057892702	0.937626089898	0.852112774287	0.0	0.975188501692	0.921866848719	1.0725537216	0.995121706138	0.871934958917	0.890346186564	1.14465507008	1.03946983084	0.763304615756	0.773314108265	0.854632982117	0.742373663606	0.579219125181	0.991204818753	0.581235799903	0.897673030449	0.662277167714	0.954918429193
