	AA3	AA4	AB3	AB4	AC3	AC4	AD3	AD4	AE3	AE4	AF3	AF4	AG3	AG4	AH3	AH4	AA7	AA8	AB7	AB8	AC7	AC8	AD7	AD8	AE7	AE8	AF7	AF8	AG7	AG8	AH7	AH8	AA5	AA6	AB5	AB6	AC5	AC6	AD6	AE5	AE6	AF5	AF6	AG5	AH5	AH6	AA1	AA2	AB1	AB2	AC1	AC2	AD1	AD2	AE1	AE2	AF1	AF2	AG1	AG2	AH1	AH2
AA3	0.0	0.529869144514	2.23179226196	0.966537467376	0.816843310778	0.787870430159	0.907592469792	0.818413697438	0.885048627356	0.675672643789	0.981613972934	0.772983963267	0.764961401643	1.8624480667	0.786231720638	0.291596708555	0.836152054132	0.803660430159	1.37742407443	1.04254515225	0.795932416626	0.64563518608	0.876911048816	0.896807172547	1.36118644756	0.601018728855	0.814574741421	0.659566694055	0.690020492992	0.662278724021	0.762491039149	0.657250169164	0.872464688255	0.84813522958	1.08051983567	0.91641481392	0.941126442726	0.778581121315	0.817803866602	0.559686031899	0.610804016433	1.26386876269	1.18088469309	0.700215166747	1.15289353311	1.05617488159	1.00866856452	0.948576273562	0.9707440261	0.867745944901	1.07427074915	1.00076231513	0.62949300145	0.767131764137	0.776040874819	0.641768521025	0.526672034799	0.94751878202	0.543242116965	0.9500320203	0.674541706138	0.948951599807
AA4	0.529869144514	0.0	2.24485887385	0.87950580957	0.597051681972	0.599311899468	0.897084417593	0.544025761237	0.696528733688	0.543684775254	0.845323204447	0.474990855486	0.463373475109	1.87448804737	0.308287670372	0.332737868536	0.688022899952	0.663723600773	1.49782986467	1.04767129048	0.852227912035	0.667318666022	0.880860879652	0.835553233446	1.46162670855	0.575062566457	0.71296359594	0.648523726438	0.642133629773	0.670216162397	0.86804962784	0.688555949734	0.662438047366	0.667000304495	0.930899739004	0.700416254229	0.78951041566	0.536608709522	0.640525693572	0.500120483325	0.387743156114	1.20796189947	1.10931907685	0.434467520541	0.974063421943	0.878121744804	0.926773591107	0.784945621073	0.766634243596	0.739981662639	0.931827559207	0.874049893668	0.552807887869	0.663556297728	0.653729449009	0.576690029	0.441884475592	0.85067017883	0.405704572257	0.790522866119	0.49686939101	0.766010739488
AB3	2.23179226196	2.24485887385	0.0	1.48602261479	2.20241138714	2.3965037361	1.91860535041	2.28497728855	2.34696733688	2.10625940551	2.50685387144	2.25725778154	2.31576204447	0.417632904785	2.14112607057	2.27500036733	2.47291397293	2.5170898985	1.23275907202	1.47161934751	1.9721762204	2.19502490575	2.39874968101	2.41911538424	1.89521512325	2.15873484775	2.39279800387	2.26112192363	1.96305609957	1.83027269696	2.44372103915	2.42193473659	2.29260273079	2.39390465926	2.53458019816	2.48702872885	2.61956444659	1.96033727888	2.53215363461	2.29629364427	2.39068772354	1.29229487675	1.37865951667	2.09943472692	2.73078787337	2.64494966651	2.64913315128	2.68093945868	2.54322652489	2.6176262204	2.76956547608	2.72823592073	2.51726275012	2.64229869985	2.60820916385	2.55478967617	2.3103059594	2.69716657806	2.29383091832	2.65225251812	2.39415541808	2.67012087482
AB4	0.966537467376	0.87950580957	1.48602261479	0.0	0.92196101015	1.02845236346	0.792534461092	1.0036222233	1.11714108748	0.800256897052	1.23523061866	0.927669453842	0.866507211213	1.09879865152	0.812231710971	0.923806607057	1.14935918801	1.18358768004	0.998277820203	0.515017293378	0.892145582407	0.930877641373	1.14599254712	1.14600500725	1.26536058966	0.876441580474	1.12600806187	0.983864296762	0.693781179314	0.589852740454	1.2443457129	1.11866155631	1.09775621073	1.12937677622	1.35263693572	1.22910652006	1.34491552924	0.708481092315	1.18455547608	0.963638791687	1.03291348961	0.638057443209	0.556438709522	0.787935360077	1.48209787337	1.37734739004	1.418979826	1.35881737554	1.28285407927	1.31001391977	1.49624766554	1.450789884	1.16564454326	1.30282143064	1.30827321895	1.20533408893	0.995987288545	1.43249372644	0.972054973417	1.36032485742	1.06054481875	1.34913526341
AC3	0.816843310778	0.597051681972	2.20241138714	0.92196101015	0.0	0.767751304978	0.8815559739	0.824354794587	0.947337225713	0.625383494442	1.07428139198	0.322246365394	0.763957858869	1.83720560657	0.679940164331	0.746330584824	0.978530405993	0.937659555341	1.41975294345	1.0351117013	1.0262921798	0.978165920735	1.2288357709	1.17111469792	1.307950116	0.766784862252	1.04454981634	0.99374160464	0.86871901885	0.838598129531	1.14750002417	0.97511860319	0.980444016433	0.94551742871	0.808450483325	0.759607317545	0.997558153697	0.7185819768	0.856144035766	0.612143513775	0.658833726438	1.19677729338	1.12008467859	0.577997365877	1.18804082649	1.10238341228	0.886980140164	0.936664862252	0.784183934268	0.808634117931	1.08698522475	0.987770497825	0.694446123731	0.840370231996	0.863451290478	0.740964340261	0.781969961334	0.902952339294	0.732835848236	0.921792353794	0.818369869502	0.939078516191
AC4	0.787870430159	0.599311899468	2.3965037361	1.02845236346	0.767751304978	0.0	1.17187359111	0.356362039633	0.401286645723	0.783475698405	0.362657810536	0.567091029483	0.438636172064	2.02748126148	0.69573041566	0.611846761721	0.52442578057	0.50787439826	1.81554938134	1.32442854519	0.915434475592	0.622518231029	0.628026176897	0.590566302562	1.75429278879	0.808803562107	0.519445152247	0.536101580474	0.621339188014	0.79247942001	0.822798637023	0.604530459159	0.450268960851	0.366854127598	1.04117303045	0.760156138231	0.539298709522	0.675796191397	0.400440947318	0.785504146931	0.502028066699	1.38404285645	1.28493318028	0.597791261479	0.693752092798	0.576079801837	1.07574896085	0.838232281295	0.851987254712	0.853541101982	0.883310459159	0.943528521025	0.565369038183	0.712202754954	0.657628337361	0.612461889802	0.621126727888	0.952567269212	0.630612015466	0.811847931368	0.421671517641	0.787468284195
AD3	0.907592469792	0.897084417593	1.91860535041	0.792534461092	0.8815559739	1.17187359111	0.0	1.05696085065	1.29801109232	0.451769096182	1.38727721121	0.95706262929	1.09652070565	1.54733835186	0.855649323345	0.938208356694	1.27087926535	1.27422981634	1.30065172064	0.870410004833	0.876767747704	0.952047317545	1.30751912035	1.30245884969	1.22534721121	0.878444963751	1.22878182697	1.08355767521	0.936696510391	0.798156288062	1.18330348961	1.11779750604	1.24165682939	1.19327379894	1.1877018463	1.08088566941	1.30660579507	0.730073088449	1.20867639439	0.837522706622	0.976165234413	0.872185302078	0.798993779604	0.781767568874	1.44615893668	1.34949645723	1.36475289512	1.36359436926	1.17313449493	1.22209260512	1.50576987917	1.43054204447	1.15409359111	1.24382490092	1.2702399565	1.13109343161	0.980449888835	1.33665266312	0.963579951667	1.28008764137	1.13726319478	1.3654277912
AD4	0.818413697438	0.544025761237	2.28497728855	1.0036222233	0.824354794587	0.356362039633	1.05696085065	0.0	0.274411449976	0.67583560174	0.491074697922	0.645501527308	0.504854180764	1.91575831319	0.599571063316	0.604032252296	0.545898115031	0.530925940068	1.78974377477	1.27837740938	0.875914475592	0.577344021266	0.579971000483	0.528831561141	1.77085560174	0.809602904785	0.481288738521	0.461776602223	0.538897892702	0.755676065732	0.836247752537	0.626768274529	0.310472634123	0.324379898502	1.11351739004	0.808453605607	0.553072919285	0.577835495408	0.468642281295	0.766200715321	0.546218970517	1.24871076365	1.14558160947	0.539437274045	0.697395862736	0.573379714838	1.14900880619	0.912089120348	0.966292551957	0.969878250362	0.941218569357	1.02063157564	0.657724543258	0.782119081682	0.68147500725	0.688745050749	0.599166437893	1.05114015466	0.616377883035	0.902096785887	0.486798786854	0.852449086515
AE3	0.885048627356	0.696528733688	2.34696733688	1.11714108748	0.947337225713	0.401286645723	1.29801109232	0.274411449976	0.0	0.911434127598	0.364140976317	0.769090898985	0.561769159014	1.99112298695	0.745170652489	0.709891686805	0.481519395843	0.51223338811	1.9114042146	1.4061260174	0.988677912035	0.680026500725	0.467794707588	0.446274243596	1.90264931368	0.941515901402	0.422766056066	0.501688883519	0.65234377477	0.874466510391	0.87975099565	0.685254117931	0.259068018366	0.313699932334	1.19669227163	0.910432566457	0.499371677139	0.744950454326	0.518053470275	0.948852909618	0.659253736104	1.36139696472	1.26008856452	0.697931643306	0.700666674722	0.5826579797	1.22069752054	0.977844697922	1.05292534558	1.04339333494	1.00216625906	1.09057412276	0.72439041566	0.851570889319	0.742343151281	0.763530343161	0.712062953117	1.13214227646	0.743863542774	0.974572131464	0.543306524891	0.924478467859
AE4	0.675672643789	0.543684775254	2.10625940551	0.800256897052	0.625383494442	0.783475698405	0.451769096182	0.67583560174	0.911434127598	0.0	1.01603680522	0.596761836636	0.741507056549	1.73515607057	0.554057404543	0.599441561141	0.891070710488	0.888009478009	1.43127243596	0.961358994683	0.719118564524	0.669881372644	0.951538608023	0.92275142581	1.33834898018	0.562951971967	0.846251068149	0.736238535524	0.595321614306	0.582484369261	0.945971338811	0.796412895118	0.859496104398	0.824438419526	0.961628970517	0.791334949251	0.935414987917	0.473682107298	0.835559400677	0.523644291928	0.629584934751	1.02706088449	0.928232339294	0.461305258579	1.10615111648	1.00868966167	1.04925862736	1.05122858869	0.890600285162	0.94371521508	1.19609119381	1.13736055582	0.824636481392	0.918832682455	0.930775065249	0.817138506525	0.64706218463	1.03888273562	0.630637631706	1.00544884002	0.763200749154	1.04005968101
AF3	0.981613972934	0.845323204447	2.50685387144	1.23523061866	1.07428139198	0.362657810536	1.38727721121	0.491074697922	0.364140976317	1.01603680522	0.0	0.871937143548	0.672573692605	2.14194948284	0.92690860319	0.834237931368	0.489301561141	0.512864997583	2.00918316095	1.51905615756	1.06552004833	0.791669845336	0.406077394877	0.386081532141	1.99277425326	1.03303442243	0.469663484775	0.644752469792	0.789540604157	0.983388134364	0.847496979217	0.682202556791	0.447528018366	0.430008699855	1.20970477042	0.972299429676	0.468787839536	0.886056669889	0.495703407443	1.02251276462	0.726293349444	1.5222760754	1.42679543741	0.832018351861	0.668156553891	0.547156394393	1.23683763654	0.993852527791	1.10223498308	1.0333781102	1.02163387627	1.08545934268	0.750324838086	0.840606152731	0.778832450459	0.740705896568	0.846569574674	1.10667131464	0.868247757371	0.984470343161	0.572325925568	0.936902933784
AF4	0.772983963267	0.474990855486	2.25725778154	0.927669453842	0.322246365394	0.567091029483	0.95706262929	0.645501527308	0.769090898985	0.596761836636	0.871937143548	0.0	0.578811551474	1.88864586274	0.54744078782	0.647785853069	0.833908738521	0.809885505075	1.56355902852	1.07908985984	0.929841058482	0.825840657322	1.05312117931	0.998915118415	1.45046328661	0.666589207347	0.88470301595	0.843293006283	0.74932921218	0.728834625423	1.03519533108	0.88233457709	0.799099101015	0.770359038183	0.805212363461	0.576515248913	0.784513247946	0.609552991783	0.705468719188	0.595159961334	0.545913170614	1.21562196713	1.13624387144	0.46787477042	0.965173707105	0.866117916868	0.842001749638	0.77420502175	0.62203378927	0.665018656356	0.934727839536	0.86299320928	0.594774528758	0.696413368777	0.717909101015	0.668785495408	0.675627201547	0.790321498308	0.631907887869	0.759613537941	0.67084540841	0.774786476559
AG3	0.764961401643	0.463373475109	2.31576204447	0.866507211213	0.763957858869	0.438636172064	1.09652070565	0.504854180764	0.561769159014	0.741507056549	0.672573692605	0.578811551474	0.0	1.92716216046	0.499781986467	0.554270850652	0.567129415176	0.577002295795	1.7204121943	1.21881426776	0.930330850652	0.633892160464	0.751816578057	0.737034596423	1.63298872885	0.72427080232	0.596805935234	0.59233262929	0.625274142098	0.751649656839	0.857528690188	0.683456645723	0.5914980087	0.522836051232	1.01137342678	0.739550879652	0.707568704688	0.63204838086	0.553775456742	0.727826447559	0.445839937168	1.30563709522	1.20798471242	0.554021691638	0.866919081682	0.763657501208	0.989448371194	0.770356708555	0.817644490092	0.805647240213	0.901326882552	0.869992039633	0.522595543741	0.671042542291	0.658943794103	0.582604925085	0.510512247463	0.916880444659	0.515782870952	0.776487931368	0.421531807637	0.744576442726
AG4	1.8624480667	1.87448804737	0.417632904785	1.09879865152	1.83720560657	2.02748126148	1.54733835186	1.91575831319	1.99112298695	1.73515607057	2.14194948284	1.88864586274	1.92716216046	0.0	1.77655826003	1.90181570807	2.1147919623	2.15430556791	0.949255147414	1.11297448526	1.60717810536	1.8304260754	2.03840392943	2.05717534558	1.61470172547	1.79793132914	2.0304581972	1.89547295312	1.60279126631	1.46181511358	2.09782479942	2.05713042533	1.93957670855	2.0267817883	2.17046747704	2.11703156114	2.25561594973	1.59586297245	2.16522529241	1.92458537941	2.01959026583	0.931662126631	1.02176848719	1.73293024166	2.36697911551	2.27783303045	2.27801650556	2.31229671339	2.17243629773	2.24391432093	2.40352436443	2.35814269696	2.14850255679	2.27326922668	2.24758019333	2.18610430159	1.94415235863	2.32754386177	1.92899010633	2.28062780087	2.02822030933	2.30266163847
AH3	0.786231720638	0.308287670372	2.14112607057	0.812231710971	0.679940164331	0.69573041566	0.855649323345	0.599571063316	0.745170652489	0.554057404543	0.92690860319	0.54744078782	0.499781986467	1.77655826003	0.0	0.58389521508	0.751022788787	0.764392740454	1.53437357177	1.0464238521	0.87377980667	0.732281551474	0.926751498308	0.903865234413	1.49512533108	0.727257660706	0.776818061866	0.733961517641	0.649960942484	0.678977559207	1.02465434993	0.859421019816	0.67187041566	0.721067133881	1.04871117931	0.786724968584	0.904255998067	0.483980729821	0.782833702272	0.641690125665	0.572785857902	1.09194927018	0.990127462542	0.420620555824	1.06349300628	0.962925954567	1.05814196713	0.902383866602	0.870183924601	0.88972101015	1.04576097148	1.00525456742	0.743815123248	0.853407941034	0.82067579507	0.758198182697	0.574736901885	0.990626529724	0.539894117931	0.925533185114	0.640468902852	0.883520256162
AH4	0.291596708555	0.332737868536	2.27500036733	0.923806607057	0.746330584824	0.611846761721	0.938208356694	0.604032252296	0.709891686805	0.599441561141	0.834237931368	0.647785853069	0.554270850652	1.90181570807	0.58389521508	0.0	0.645273044949	0.623070024166	1.47117458676	1.0619560029	0.81270500725	0.549995886902	0.739001889802	0.714198245529	1.45078275012	0.554931126148	0.627790338328	0.520387356211	0.581887341711	0.651819463509	0.719356321895	0.529671768971	0.701246510391	0.664305828903	1.03119853552	0.792598859352	0.785339178347	0.641384644756	0.634785901402	0.53672560174	0.420695447076	1.26463409377	1.16734863219	0.571939850169	0.975601164814	0.878008013533	0.989841309812	0.826575737071	0.866365635573	0.783728047366	0.95729019333	0.897718037699	0.524683320445	0.672903272112	0.654309908168	0.544462319961	0.336867457709	0.875831246979	0.359468347028	0.810076046399	0.484886650556	0.805701435476
AA7	0.836152054132	0.688022899952	2.47291397293	1.14935918801	0.978530405993	0.52442578057	1.27087926535	0.545898115031	0.481519395843	0.891070710488	0.489301561141	0.833908738521	0.567129415176	2.1147919623	0.751022788787	0.645273044949	0.0	0.1581860174	1.81495075399	1.33375041083	0.997652928951	0.639800454326	0.461133446109	0.450042812953	1.78504678589	0.849301831803	0.346431319478	0.439324093765	0.68983698405	0.852111764137	0.681337660706	0.443400927985	0.463769241179	0.490765882069	1.22392531658	0.997596863219	0.522308801353	0.825668748188	0.484140444659	0.890305413243	0.68688341711	1.48573700822	1.39625263896	0.79902879652	0.748512769454	0.634488772354	1.14247712905	0.895117762204	1.08018484775	0.990558579024	0.917151464476	0.985540227163	0.663466089898	0.743260425326	0.667096244563	0.677708211696	0.576736868052	1.02271458676	0.596903421943	0.96725857419	0.45092878202	0.835304533591
AA8	0.803660430159	0.663723600773	2.5170898985	1.18358768004	0.937659555341	0.50787439826	1.27422981634	0.530925940068	0.51223338811	0.888009478009	0.512864997583	0.809885505075	0.577002295795	2.15430556791	0.764392740454	0.623070024166	0.1581860174	0.0	1.80441333978	1.33959518125	0.985090613823	0.631150038666	0.488186036733	0.467892890285	1.75763858386	0.825803721605	0.37304441276	0.446436307395	0.693334678589	0.863225128081	0.63663282262	0.371491855969	0.496184673755	0.49120522958	1.17723397293	0.970892498792	0.504120676655	0.84063622523	0.448714243596	0.856558274529	0.653857196713	1.53431149348	1.43867841469	0.775185079749	0.721392097632	0.61642777187	1.09783875785	0.857751280812	1.05712317061	0.941429062349	0.868685543741	0.935986669889	0.614983794103	0.683955848236	0.619161720638	0.623611831803	0.569423156114	0.969357472209	0.58992441276	0.915377457709	0.424518936684	0.792784499758
AB7	1.37742407443	1.49782986467	1.23275907202	0.998277820203	1.41975294345	1.81554938134	1.30065172064	1.78974377477	1.9114042146	1.43127243596	2.00918316095	1.56355902852	1.7204121943	0.949255147414	1.53437357177	1.47117458676	1.81495075399	1.80441333978	0.0	0.555456128565	1.47146895118	1.56666570807	1.88990963267	1.89279214596	1.04973462059	1.39587749638	1.81247663122	1.64483872402	1.37412544708	1.16937734654	1.68905757854	1.63710859836	1.85471013533	1.87378503625	1.80284097148	1.79993640406	1.94377243113	1.41335661189	1.85494623006	1.45225095698	1.60766985017	0.982486689222	1.01301188014	1.4781218608	2.13898270179	2.05243532141	1.86460452876	1.92207047849	1.81902506525	1.79694588207	2.03262424843	1.95781508942	1.71362110681	1.81102765104	1.81596407927	1.73532509425	1.55412993233	1.89467117931	1.54931851619	1.87176159497	1.73226460126	1.90977366361
AB8	1.04254515225	1.04767129048	1.47161934751	0.515017293378	1.0351117013	1.32442854519	0.870410004833	1.27837740938	1.4061260174	0.961358994683	1.51905615756	1.07908985984	1.21881426776	1.11297448526	1.0464238521	1.0619560029	1.33375041083	1.33959518125	0.555456128565	0.0	1.04117814886	1.10814400193	1.38794450459	1.39232080232	1.13905119381	0.946977133881	1.31877208313	1.15689492992	0.851717216046	0.685935350411	1.28250760754	1.21821017883	1.36431998067	1.38631122765	1.39047123248	1.34132623006	1.47405037699	0.913990710488	1.39179556307	1.05689614306	1.18381361527	0.709857936201	0.68083937651	0.993303267279	1.67179455776	1.56924421943	1.52565936201	1.51225952151	1.39738397777	1.41277928468	1.62712376027	1.56697142098	1.33393392943	1.43036116965	1.42390671339	1.35599721121	1.1447917738	1.53143359111	1.13383534074	1.47487347028	1.25305607057	1.49885576607
AC7	0.795932416626	0.852227912035	1.9721762204	0.892145582407	1.0262921798	0.915434475592	0.876767747704	0.875914475592	0.988677912035	0.719118564524	1.06552004833	0.929841058482	0.930330850652	1.60717810536	0.87377980667	0.81270500725	0.997652928951	0.985090613823	1.47146895118	1.04117814886	0.0	0.479224596423	0.947245563074	0.95327138231	1.40201242629	0.712148806187	0.924391420976	0.767765751571	0.559695355244	0.559430029	0.860688762687	0.794552851619	0.936239453842	0.921714963751	1.28056035283	1.12822327695	1.15201956501	0.769025949734	1.03722927501	0.938055016916	0.951782551957	1.16208935718	1.11253859836	0.748184760754	1.12832527308	1.04968900918	1.46787756887	1.39371131948	1.21976785887	1.25020801837	1.51783682455	1.47453825036	1.06215846786	1.22204253746	1.20608	1.05624900918	0.893177269212	1.41741967617	0.881359975834	1.28953245046	0.894086138231	1.3691679217
AC8	0.64563518608	0.667318666022	2.19502490575	0.930877641373	0.978165920735	0.622518231029	0.952047317545	0.577344021266	0.680026500725	0.669881372644	0.791669845336	0.825840657322	0.633892160464	1.8304260754	0.732281551474	0.549995886902	0.639800454326	0.631150038666	1.56666570807	1.10814400193	0.479224596423	0.0	0.61880738521	0.645181565974	1.517420087	0.620948231029	0.492386205897	0.332127022716	0.438557032383	0.583592112131	0.613304108265	0.473281710971	0.61125881102	0.610500140164	1.15409576607	0.877943707105	0.797073876269	0.685256926051	0.698224881585	0.79364677622	0.683220942484	1.22863079265	1.13839099565	0.661273252779	0.891230362494	0.794803871435	1.287839942	1.05464620106	1.03893707588	1.03349281779	1.16034918318	1.15091661189	0.76664680522	0.884253107782	0.856033644273	0.769891836636	0.555581942968	1.16194328661	0.587556230063	0.973575210246	0.556257085549	1.01398880619
AD7	0.876911048816	0.880860879652	2.39874968101	1.14599254712	1.2288357709	0.628026176897	1.30751912035	0.579971000483	0.467794707588	0.951538608023	0.406077394877	1.05312117931	0.751816578057	2.03840392943	0.926751498308	0.739001889802	0.461133446109	0.488186036733	1.88990963267	1.38794450459	0.947245563074	0.61880738521	0.0	0.147985596907	1.87346800387	0.890452532624	0.369872054132	0.460728047366	0.655113745771	0.845403296278	0.708943847269	0.545952943451	0.491108496858	0.51469962784	1.3842319478	1.13795271629	0.614729410343	0.888202609956	0.645049347511	1.04519158047	0.872458883519	1.42195448526	1.32348217013	0.897788815853	0.792975331078	0.680846578057	1.38010866119	1.13209176897	1.26659568391	1.20162797487	1.14470432093	1.22618204447	0.895580908652	0.959331677139	0.867799357177	0.888345302078	0.748334818753	1.25998504592	0.795824465926	1.14671527791	0.616458777187	1.07302907685
AD8	0.896807172547	0.835553233446	2.41911538424	1.14600500725	1.17111469792	0.590566302562	1.30245884969	0.528831561141	0.446274243596	0.92275142581	0.386081532141	0.998915118415	0.737034596423	2.05717534558	0.903865234413	0.714198245529	0.450042812953	0.467892890285	1.89279214596	1.39232080232	0.95327138231	0.645181565974	0.147985596907	0.0	1.84610295795	0.846318912518	0.353435089415	0.48278081682	0.640261372644	0.85545222813	0.70555781537	0.538664736588	0.502638550024	0.493685650072	1.3379859159	1.08657919285	0.564769439343	0.837543634606	0.606983934268	0.990474229096	0.822971768971	1.44099063799	1.34354346544	0.835662097632	0.746995437409	0.634912116965	1.33858316095	1.08675519091	1.22113501692	1.14820425326	1.10408280329	1.18437546158	0.845896152731	0.913568699855	0.825385940068	0.84225282262	0.744814625423	1.21974721121	0.78307739971	1.08787509425	0.588592116965	1.03174887385
AE7	1.36118644756	1.46162670855	1.89521512325	1.26536058966	1.307950116	1.75429278879	1.22534721121	1.77085560174	1.90264931368	1.33834898018	1.99277425326	1.45046328661	1.63298872885	1.61470172547	1.49512533108	1.45078275012	1.78504678589	1.75763858386	1.04973462059	1.13905119381	1.40201242629	1.517420087	1.87346800387	1.84610295795	0.0	1.0285820928	1.80376557757	1.63592911068	1.40126134364	1.26374270662	1.57909940068	1.58477112615	1.86859750604	1.85071231996	1.67253232479	1.72216014983	1.92780484775	1.47706287095	1.83116662156	1.35619465442	1.57940868536	1.45469672789	1.45989364427	1.45584861286	2.03791514741	1.96664121315	1.70388286129	1.80738003383	1.64681889319	1.62979852102	1.96685088449	1.84521924118	1.63235860802	1.71204930884	1.73961555824	1.60719552924	1.55761218946	1.76657899468	1.53361859836	1.77865958917	1.70140676172	1.83150679555
AE8	0.601018728855	0.575062566457	2.15873484775	0.876441580474	0.766784862252	0.808803562107	0.878444963751	0.809602904785	0.941515901402	0.562951971967	1.03303442243	0.666589207347	0.72427080232	1.79793132914	0.727257660706	0.554931126148	0.849301831803	0.825803721605	1.39587749638	0.946977133881	0.712148806187	0.620948231029	0.890452532624	0.846318912518	1.0285820928	0.0	0.83836142581	0.705473968101	0.620743098115	0.561811788304	0.769525882069	0.690740072499	0.908770241663	0.886434161431	1.07827299662	0.919222764621	0.976878221363	0.684673344611	0.889722759787	0.600908115031	0.680930884485	1.19830720155	1.11236107298	0.635513634606	1.13024767037	1.04880601257	1.12596332044	1.06751249879	0.957623740938	0.947517153214	1.19795064766	1.16343083615	0.814256099565	0.924436631223	0.917558927018	0.826624079265	0.669242595457	1.11563797487	0.662832174964	1.00517154181	0.751091000483	1.05747147898
AF7	0.814574741421	0.71296359594	2.39279800387	1.12600806187	1.04454981634	0.519445152247	1.22878182697	0.481288738521	0.422766056066	0.846251068149	0.469663484775	0.88470301595	0.596805935234	2.0304581972	0.776818061866	0.627790338328	0.346431319478	0.37304441276	1.81247663122	1.31877208313	0.924391420976	0.492386205897	0.369872054132	0.353435089415	1.80376557757	0.83836142581	0.0	0.261027515708	0.607151039149	0.791488071532	0.680102300628	0.509305654906	0.423334035766	0.430033557274	1.19299901402	0.941886317061	0.499904441759	0.756698347028	0.514221817303	0.893112141131	0.686691904302	1.42115700822	1.32334086515	0.740305345578	0.736038086032	0.623160120831	1.21147705172	0.970173460609	1.07424355244	1.0347860029	0.986639052682	1.06225842919	0.716594838086	0.827545993233	0.745667602707	0.738527892702	0.5899080232	1.09166328661	0.626425413243	0.968580227163	0.449915403577	0.912472063799
AF8	0.659566694055	0.648523726438	2.26112192363	0.983864296762	0.99374160464	0.536101580474	1.08355767521	0.461776602223	0.501688883519	0.736238535524	0.644752469792	0.843293006283	0.59233262929	1.89547295312	0.733961517641	0.520387356211	0.439324093765	0.446436307395	1.64483872402	1.15689492992	0.767765751571	0.332127022716	0.460728047366	0.48278081682	1.63592911068	0.705473968101	0.261027515708	0.0	0.488364113098	0.6451400145	0.626596466892	0.446037684872	0.493322624456	0.491581092315	1.18043042533	0.928927501208	0.625653900435	0.699468144031	0.543215529241	0.814029681005	0.656693156114	1.28607891735	1.18908705655	0.704308695022	0.841926297728	0.736188110198	1.2098282117	0.980270275495	1.06243477042	1.04884655872	0.999430657322	1.0716742581	0.721122073465	0.846779888835	0.767571928468	0.754346718221	0.513820720155	1.10555463026	0.567236882552	0.988106254229	0.457330033833	0.919935664572
AG7	0.690020492992	0.642133629773	1.96305609957	0.693781179314	0.86871901885	0.621339188014	0.936696510391	0.538897892702	0.65234377477	0.595321614306	0.789540604157	0.74932921218	0.625274142098	1.60279126631	0.649960942484	0.581887341711	0.68983698405	0.693334678589	1.37412544708	0.851717216046	0.559695355244	0.438557032383	0.655113745771	0.640261372644	1.40126134364	0.620743098115	0.607151039149	0.488364113098	0.0	0.278204707588	0.759907539874	0.60525361044	0.617402242629	0.66565481392	1.22976347028	0.953373711938	0.849698351861	0.508122455292	0.754218530691	0.785379855002	0.708938322861	1.0459280087	0.945525930401	0.506282368294	1.01430098598	0.906834688255	1.30850112131	1.07644315611	1.11756031416	1.11034205897	1.19335022716	1.17299255196	0.821472353794	0.939985683905	0.908088366361	0.852118786854	0.623330671822	1.20173246013	0.652788448526	1.05516939101	0.63634098115	1.05338744321
AG8	0.662278724021	0.670216162397	1.83027269696	0.589852740454	0.838598129531	0.79247942001	0.798156288062	0.755676065732	0.874466510391	0.582484369261	0.983388134364	0.728834625423	0.751649656839	1.46181511358	0.678977559207	0.651819463509	0.852111764137	0.863225128081	1.16937734654	0.685935350411	0.559430029	0.583592112131	0.845403296278	0.85545222813	1.26374270662	0.561811788304	0.791488071532	0.6451400145	0.278204707588	0.0	0.871464311261	0.769217950701	0.833450130498	0.852250057999	1.22948610923	1.02498827936	1.02896942968	0.480942590623	0.901996558724	0.755165509908	0.779182276462	0.931904596423	0.842576109232	0.536104214596	1.17790435959	1.07696766071	1.29391214113	1.1982059304	1.12005447559	1.13977475109	1.31924716288	1.28888061382	0.934013146448	1.06146367327	1.03165916385	0.964198661189	0.733572759787	1.24944133398	0.73643922668	1.17572692605	0.771602663122	1.17531855002
AH7	0.762491039149	0.86804962784	2.44372103915	1.2443457129	1.14750002417	0.822798637023	1.18330348961	0.836247752537	0.87975099565	0.945971338811	0.847496979217	1.03519533108	0.857528690188	2.09782479942	1.02465434993	0.719356321895	0.681337660706	0.63663282262	1.68905757854	1.28250760754	0.860688762687	0.613304108265	0.708943847269	0.70555781537	1.57909940068	0.769525882069	0.680102300628	0.626596466892	0.759907539874	0.871464311261	0.0	0.324476810053	0.910605886902	0.868766143064	1.17528202997	1.03091994683	0.807018071532	0.966080927985	0.789575070082	0.952946370227	0.841799047849	1.50114282745	1.41906337844	0.944211290478	0.963507713871	0.900358864186	1.28007088449	1.06415672789	1.17266567907	1.03152637023	1.13400706622	1.13876014016	0.82450638956	0.876918308362	0.819828956017	0.801387892702	0.754893707105	1.16955429676	0.788395872402	1.00989467859	0.700854871919	1.01487009183
AH8	0.657250169164	0.688555949734	2.42193473659	1.11866155631	0.97511860319	0.604530459159	1.11779750604	0.626768274529	0.685254117931	0.796412895118	0.682202556791	0.88233457709	0.683456645723	2.05713042533	0.859421019816	0.529671768971	0.443400927985	0.371491855969	1.63710859836	1.21821017883	0.794552851619	0.473281710971	0.545952943451	0.538664736588	1.58477112615	0.690740072499	0.509305654906	0.446037684872	0.60525361044	0.769217950701	0.324476810053	0.0	0.695275273079	0.641934910585	1.150239913	0.943964896085	0.675013992267	0.837796249396	0.570905403577	0.803572943451	0.671527747704	1.43812567907	1.34762039149	0.800371957467	0.835561488642	0.743583378444	1.14111503142	0.927572725955	1.05440957467	0.916261005317	0.969365113581	1.00925282262	0.639903576607	0.729560048333	0.660539173514	0.63278040116	0.569672141131	1.02501594007	0.606199797003	0.888185978734	0.480417240213	0.866497941034
AA5	0.872464688255	0.662438047366	2.29260273079	1.09775621073	0.980444016433	0.450268960851	1.24165682939	0.310472634123	0.259068018366	0.859496104398	0.447528018366	0.799099101015	0.5914980087	1.93957670855	0.67187041566	0.701246510391	0.463769241179	0.496184673755	1.85471013533	1.36431998067	0.936239453842	0.61125881102	0.491108496858	0.502638550024	1.86859750604	0.908770241663	0.423334035766	0.493322624456	0.617402242629	0.833450130498	0.910605886902	0.695275273079	0.0	0.270989043016	1.23628712421	0.935075625906	0.605721019816	0.67172141131	0.58421621073	0.887814818753	0.67119940551	1.27448140648	1.16800293378	0.641965055582	0.749548226196	0.617280111165	1.29670368294	1.0573879217	1.09774898502	1.11129993233	1.08002633156	1.16260288545	0.783087143548	0.915995447076	0.804417008217	0.825221300145	0.632067791203	1.18678669889	0.661519739004	1.03617149831	0.537191594973	1.00151319478
AA6	0.84813522958	0.667000304495	2.39390465926	1.12937677622	0.94551742871	0.366854127598	1.19327379894	0.324379898502	0.313699932334	0.824438419526	0.430008699855	0.770359038183	0.522836051232	2.0267817883	0.721067133881	0.664305828903	0.490765882069	0.49120522958	1.87378503625	1.38631122765	0.921714963751	0.610500140164	0.51469962784	0.493685650072	1.85071231996	0.886434161431	0.430033557274	0.491581092315	0.66565481392	0.852250057999	0.868766143064	0.641934910585	0.270989043016	0.0	1.10190950701	0.813974045433	0.486234113098	0.684022479459	0.469906549058	0.855070231996	0.563740154664	1.37450654422	1.26805083615	0.65020419043	0.551122721121	0.415221904302	1.17434646206	0.934967249879	0.956968583857	0.953791691638	0.970093479942	1.03981534074	0.651916640889	0.792212174964	0.698331889802	0.685394354761	0.633696756887	1.04702722571	0.664177307878	0.885011106815	0.466851522475	0.881387631706
AB5	1.08051983567	0.930899739004	2.53458019816	1.35263693572	0.808450483325	1.04117303045	1.1877018463	1.11351739004	1.19669227163	0.961628970517	1.20970477042	0.805212363461	1.01137342678	2.17046747704	1.04871117931	1.03119853552	1.22392531658	1.17723397293	1.80284097148	1.39047123248	1.28056035283	1.15409576607	1.3842319478	1.3379859159	1.67253232479	1.07827299662	1.19299901402	1.18043042533	1.22976347028	1.22948610923	1.17528202997	1.150239913	1.23628712421	1.10190950701	0.0	0.455524838086	0.967221087482	1.07068610923	0.965351367811	0.858661121315	0.832360043499	1.57245381827	1.49263354761	0.980395350411	1.04162836153	0.995992716288	0.857935224746	0.949401377477	0.791147264379	0.766606060899	1.09172376994	0.988182382794	0.851476829386	0.856834818753	0.935096544224	0.877160488159	1.0220698985	0.898971677139	0.985976636056	0.862540729821	1.00648073949	0.959283779604
AB6	0.91641481392	0.700416254229	2.48702872885	1.22910652006	0.759607317545	0.760156138231	1.08088566941	0.808453605607	0.910432566457	0.791334949251	0.972299429676	0.576515248913	0.739550879652	2.11703156114	0.786724968584	0.792598859352	0.997596863219	0.970892498792	1.79993640406	1.34132623006	1.12822327695	0.877943707105	1.13795271629	1.08657919285	1.72216014983	0.919222764621	0.941886317061	0.928927501208	0.953373711938	1.02498827936	1.03091994683	0.943964896085	0.935075625906	0.813974045433	0.455524838086	0.0	0.747273629773	0.810609120348	0.763487245046	0.757031082649	0.60385341711	1.45785937168	1.37800669889	0.700682334461	0.776804374094	0.737852827453	0.765808482359	0.666077071049	0.536539951667	0.53092161914	0.813647361044	0.739067162881	0.647839966167	0.674694688255	0.750455398743	0.698668245529	0.765236553891	0.65975141131	0.73159879652	0.564222329628	0.778871773804	0.673653450942
AC5	0.941126442726	0.78951041566	2.61956444659	1.34491552924	0.997558153697	0.539298709522	1.30660579507	0.553072919285	0.499371677139	0.935414987917	0.468787839536	0.784513247946	0.707568704688	2.25561594973	0.904255998067	0.785339178347	0.522308801353	0.504120676655	1.94377243113	1.47405037699	1.15201956501	0.797073876269	0.614729410343	0.564769439343	1.92780484775	0.976878221363	0.499904441759	0.625653900435	0.849698351861	1.02896942968	0.807018071532	0.675013992267	0.605721019816	0.486234113098	0.967221087482	0.747273629773	0.0	0.825580120831	0.410949072015	0.915155036249	0.655098956017	1.62646403093	1.51933751571	0.793616060899	0.499031894635	0.412055543741	1.01224551474	0.767766640889	0.916950391493	0.835905959401	0.774074417593	0.838124233929	0.613369922668	0.608444364427	0.541449250846	0.620680637989	0.758040894152	0.883733093282	0.78252540841	0.774178269696	0.555483576607	0.705071005317
AC6	0.778581121315	0.536608709522	1.96033727888	0.708481092315	0.7185819768	0.675796191397	0.730073088449	0.577835495408	0.744950454326	0.473682107298	0.886056669889	0.609552991783	0.63204838086	1.59586297245	0.483980729821	0.641384644756	0.825668748188	0.84063622523	1.41335661189	0.913990710488	0.769025949734	0.685256926051	0.888202609956	0.837543634606	1.47706287095	0.684673344611	0.756698347028	0.699468144031	0.508122455292	0.480942590623	0.966080927985	0.837796249396	0.67172141131	0.684022479459	1.07068610923	0.810609120348	0.825580120831	0.0	0.796162667956	0.647531696472	0.632878206863	0.836001657806	0.73065821653	0.318849192847	1.04165796037	0.934162721121	1.16098668922	1.0622980522	0.974051208313	0.998478028033	1.17694627356	1.14349704688	0.812623064282	0.954059275012	0.929247931368	0.856962295795	0.642083489609	1.10164962784	0.626265645239	1.01555180764	0.683018699855	1.05046473659
AD6	0.817803866602	0.640525693572	2.53215363461	1.18455547608	0.856144035766	0.400440947318	1.20867639439	0.468642281295	0.518053470275	0.835559400677	0.495703407443	0.705468719188	0.553775456742	2.16522529241	0.782833702272	0.634785901402	0.484140444659	0.448714243596	1.85494623006	1.39179556307	1.03722927501	0.698224881585	0.645049347511	0.606983934268	1.83116662156	0.889722759787	0.514221817303	0.543215529241	0.754218530691	0.901996558724	0.789575070082	0.570905403577	0.58421621073	0.469906549058	0.965351367811	0.763487245046	0.410949072015	0.796162667956	0.0	0.773887037216	0.445039289512	1.53205360561	1.42986153214	0.745737921701	0.640439516675	0.532580062832	0.916944987917	0.670559917835	0.861447670372	0.742337564041	0.711074867086	0.781704886419	0.455079304012	0.549290101498	0.481255500242	0.492911778637	0.606564852586	0.805410256162	0.635471261479	0.703008453359	0.367639975834	0.627926051232
AE5	0.559686031899	0.500120483325	2.29629364427	0.963638791687	0.612143513775	0.785504146931	0.837522706622	0.766200715321	0.948852909618	0.523644291928	1.02251276462	0.595159961334	0.727826447559	1.92458537941	0.641690125665	0.53672560174	0.890305413243	0.856558274529	1.45225095698	1.05689614306	0.938055016916	0.79364677622	1.04519158047	0.990474229096	1.35619465442	0.600908115031	0.893112141131	0.814029681005	0.785379855002	0.755165509908	0.952946370227	0.803572943451	0.887814818753	0.855070231996	0.858661121315	0.757031082649	0.915155036249	0.647531696472	0.773887037216	0.0	0.418148530691	1.22444523441	1.13328367811	0.572011493475	1.12195927501	1.04447897052	0.890417245046	0.850828869019	0.840758922185	0.7351900145	1.00369438376	0.936770869985	0.59639579507	0.722206650556	0.764039656839	0.604142798453	0.536889695505	0.876728699855	0.504400512325	0.830592058966	0.697327564041	0.866500715321
AE6	0.610804016433	0.387743156114	2.39068772354	1.03291348961	0.658833726438	0.502028066699	0.976165234413	0.546218970517	0.659253736104	0.629584934751	0.726293349444	0.545913170614	0.445839937168	2.01959026583	0.572785857902	0.420695447076	0.68688341711	0.653857196713	1.60766985017	1.18381361527	0.951782551957	0.683220942484	0.872458883519	0.822971768971	1.57940868536	0.680930884485	0.686691904302	0.656693156114	0.708938322861	0.779182276462	0.841799047849	0.671527747704	0.67119940551	0.563740154664	0.832360043499	0.60385341711	0.655098956017	0.632878206863	0.445039289512	0.418148530691	0.0	1.34527816336	1.24641213146	0.528211865636	0.848115538908	0.761795012083	0.86779901885	0.684467230546	0.698255543741	0.63583157564	0.828068337361	0.77747839536	0.396591672305	0.538598767521	0.531145625906	0.442543924601	0.421717520541	0.754242914451	0.424725157081	0.640451493475	0.450529734171	0.674140700822
AF5	1.26386876269	1.20796189947	1.29229487675	0.638057443209	1.19677729338	1.38404285645	0.872185302078	1.24871076365	1.36139696472	1.02706088449	1.5222760754	1.21562196713	1.30563709522	0.931662126631	1.09194927018	1.26463409377	1.48573700822	1.53431149348	0.982486689222	0.709857936201	1.16208935718	1.22863079265	1.42195448526	1.44099063799	1.45469672789	1.19830720155	1.42115700822	1.28607891735	1.0459280087	0.931904596423	1.50114282745	1.43812567907	1.27448140648	1.37450654422	1.57245381827	1.45785937168	1.62646403093	0.836001657806	1.53205360561	1.22444523441	1.34527816336	0.0	0.171950797487	1.0093977912	1.74266045916	1.64365446109	1.71511116965	1.69800241663	1.60050381827	1.63806664572	1.81215647656	1.78494215563	1.50532518608	1.65304029483	1.63245246979	1.55176655389	1.28002681972	1.74910154181	1.26581801353	1.66822330594	1.40067557274	1.69026695505
AF6	1.18088469309	1.10931907685	1.37865951667	0.556438709522	1.12008467859	1.28493318028	0.798993779604	1.14558160947	1.26008856452	0.928232339294	1.42679543741	1.13624387144	1.20798471242	1.02176848719	0.990127462542	1.16734863219	1.39625263896	1.43867841469	1.01301188014	0.68083937651	1.11253859836	1.13839099565	1.32348217013	1.34354346544	1.45989364427	1.11236107298	1.32334086515	1.18908705655	0.945525930401	0.842576109232	1.41906337844	1.34762039149	1.16800293378	1.26805083615	1.49263354761	1.37800669889	1.51933751571	0.73065821653	1.42986153214	1.13328367811	1.24641213146	0.171950797487	0.0	0.906097443209	1.64058387144	1.54300072499	1.63534886902	1.6067181537	1.50630039633	1.54609583857	1.70103775254	1.68879463509	1.40884454809	1.55259698888	1.52407855969	1.45537776704	1.17880558241	1.65162062349	1.1644739826	1.56763752537	1.30220563557	1.59419639923
AG5	0.700215166747	0.434467520541	2.09943472692	0.787935360077	0.577997365877	0.597791261479	0.781767568874	0.539437274045	0.697931643306	0.461305258579	0.832018351861	0.46787477042	0.554021691638	1.73293024166	0.420620555824	0.571939850169	0.79902879652	0.775185079749	1.4781218608	0.993303267279	0.748184760754	0.661273252779	0.897788815853	0.835662097632	1.45584861286	0.635513634606	0.740305345578	0.704308695022	0.506282368294	0.536104214596	0.944211290478	0.800371957467	0.641965055582	0.65020419043	0.980395350411	0.700682334461	0.793616060899	0.318849192847	0.745737921701	0.572011493475	0.528211865636	1.0093977912	0.906097443209	0.0	0.965366476559	0.873001541808	1.05415442243	0.94264181247	0.848654349928	0.867278840019	1.08490674722	1.02286439343	0.675036906718	0.824781614306	0.82383	0.708036640889	0.586245142581	0.97964138231	0.559795060416	0.898608405027	0.619021029483	0.931712730788
