	AA3	AA4	AB3	AB4	AC3	AC4	AD3	AD4	AE3	AE4	AF3	AF4	AG3	AG4	AH3	AH4	AA7	AA8	AB7	AB8	AC7	AC8	AD7	AD8	AE7	AE8	AF7	AF8	AG7	AG8	AH7	AH8	AA5	AA6	AB5	AB6	AC5	AC6	AD6	AE5	AE6	AF5	AF6	AG5	AH5	AH6	AA1	AA2	AB1	AB2	AC1	AC2	AD1	AD2	AE1	AE2	AF1	AF2	AG1	AG2	AH1	AH2
AA3	0.0	0.577534920251	2.23042348961	0.935125862736	0.818678927018	0.798529516675	0.867268197197	0.770354214596	0.936106858386	0.679615886902	0.985597897535	0.748024891252	0.750592513291	1.87604860802	0.770574388594	0.246330430159	0.800883064282	0.807480894152	1.38014319478	1.02542025133	0.791290691155	0.67743702755	0.93343139681	0.932133842436	1.33692172064	0.598135925568	0.836681870469	0.68595759304	0.70522417593	0.671289922668	0.783311503142	0.698363557274	0.892404925085	0.867571875302	1.07920028516	0.949850202997	0.976504233929	0.779154572257	0.790942469792	0.582886046399	0.613153658772	1.27395571774	1.12437980667	0.745849362011	1.15209257612	1.07932335911	0.945641353311	0.96001681972	0.927593823103	0.875395886902	1.07725221846	0.965721759304	0.678519869502	0.742937583374	0.836123629773	0.678740744321	0.571507032383	0.928182078299	0.512918081199	0.903139033349	0.700600463992	0.950496587724
AA4	0.577534920251	0.0	2.28702089415	0.92440442726	0.61267318028	0.58096381827	0.908758148864	0.472505519575	0.641317109715	0.610512643789	0.771808738521	0.483248733688	0.433046408893	1.9345977767	0.333359159014	0.396040449493	0.619996553891	0.653479758337	1.59147084582	1.08788623973	0.886701773804	0.645837448043	0.839335867569	0.839172745288	1.52552130981	0.653603054616	0.65228517158	0.613808801353	0.647682141131	0.730282387627	0.840214765587	0.695401474142	0.600134364427	0.581544050266	0.905281701305	0.661214983084	0.736949623006	0.550068061866	0.579920231996	0.550693533108	0.356097916868	1.27497740454	1.10743455292	0.454443160947	0.91411857419	0.819050894152	0.896776505558	0.759881019816	0.730801271145	0.717390874819	0.899838419526	0.814354707588	0.560550952151	0.601692967617	0.655973107782	0.558233644273	0.424249163847	0.806894050266	0.427706834219	0.734808163364	0.481627873369	0.746304528758
AB3	2.23042348961	2.28702089415	0.0	1.4918139826	2.21002490092	2.43928933301	1.90729049783	2.26451221363	2.35937922185	2.0847062494	2.5416081537	2.26133433543	2.3241382842	0.403881232479	2.15551640889	2.29369832769	2.44907117448	2.50659438859	1.23351907685	1.46525862736	1.99341636539	2.16360767037	2.42995628806	2.44322697922	1.91686312228	2.16035157564	2.39424085549	2.2584682842	1.90383922668	1.84058956501	2.45510367327	2.42888952151	2.30456543741	2.37126085549	2.53738456742	2.49702914935	2.62351299178	1.97758753504	2.53510571774	2.32330095215	2.39027029483	1.27562985017	1.41293421943	2.08772081682	2.72707884969	2.6495561189	2.66760729821	2.69038126631	2.54870345094	2.61743865152	2.78862946351	2.71704637023	2.56181765587	2.61985241179	2.65432348478	2.57803857902	2.32220719671	2.70236138231	2.29229789754	2.65655721605	2.40767357177	2.69716612856
AB4	0.935125862736	0.92440442726	1.4918139826	0.0	0.898487602707	1.0561058579	0.777279357177	0.94790782987	1.1398498985	0.768919371677	1.21789392943	0.905336553891	0.858481836636	1.12083275012	0.830433900435	0.922970096665	1.12868056549	1.18148956984	1.02846845819	0.48461320928	0.918280391493	0.910312286129	1.16813609957	1.17184326245	1.27197906718	0.869498695022	1.12722289995	0.963982353794	0.62620742871	0.593608777187	1.25195303528	1.14017434026	1.09059551474	1.09681511841	1.33625474142	1.23782423393	1.33410276945	0.704874006767	1.16288943451	0.965172295795	1.0178918173	0.664128714355	0.525895451909	0.771219739004	1.44742085549	1.35472299662	1.40864481875	1.36809042533	1.25617741421	1.31363435476	1.50314999033	1.42973653456	1.2198659159	1.28367449493	1.35936465926	1.22592861769	0.997989618173	1.41180084582	0.959581981634	1.35765993717	1.05011578057	1.37192951667
AC3	0.818678927018	0.61267318028	2.21002490092	0.898487602707	0.0	0.767703397777	0.866791841469	0.773487129048	0.923026075399	0.622214523925	1.00596736104	0.282857573707	0.784669410343	1.86363007733	0.647645998067	0.740310159497	0.946423963267	0.970917336878	1.4750841711	1.0398498985	1.01048886419	0.968699308845	1.21311374577	1.20644359594	1.32716232963	0.790791159981	1.03871379894	0.985500734654	0.863115514741	0.846399434509	1.1369940261	1.01241646206	0.950939270179	0.930175732238	0.785395094248	0.739818690188	0.955835505075	0.697070251329	0.796411353311	0.603777713871	0.659406292895	1.22341253746	1.07441823103	0.564619328178	1.135680203	1.05985355727	0.874605722571	0.921276056066	0.726281169647	0.801350096665	1.06609933301	0.939993088449	0.712989294345	0.825020299662	0.893101580474	0.749651300145	0.797924925085	0.896981923635	0.772222431126	0.878279265346	0.81122780087	0.930237274045
AC4	0.798529516675	0.58096381827	2.43928933301	1.0561058579	0.767703397777	0.0	1.1726802465	0.409074103432	0.463934480425	0.847036152731	0.33796478492	0.58787699855	0.472220531658	2.08828356694	0.73490780087	0.667916640889	0.554067680039	0.543135630739	1.84668558724	1.31085820686	0.912369893668	0.616831667472	0.644657810536	0.646344354761	1.75545757854	0.824196723055	0.581671609473	0.536525727405	0.70980062349	0.790360454326	0.809456215563	0.617772242629	0.483526138231	0.413991242146	1.01531895602	0.735202783954	0.526392194297	0.678177728371	0.406761488642	0.778553127115	0.509195674239	1.44152008217	1.27705938618	0.607749869502	0.645916399227	0.559218492025	1.03688271145	0.883167409377	0.811715877235	0.814071493475	0.921726433059	0.952579221846	0.638110855486	0.676714746254	0.72349759304	0.63161141131	0.651181556307	0.94636579507	0.705707646206	0.815133634606	0.40768878202	0.847104586757
AD3	0.867268197197	0.908758148864	1.90729049783	0.777279357177	0.866791841469	1.1726802465	0.0	0.96647500725	1.28916907202	0.407513044949	1.36389385694	0.901147104882	1.06975143064	1.55415715321	0.827494378927	0.88585582407	1.194259884	1.22801895118	1.27033299662	0.809070256162	0.89582279362	0.964049864669	1.30989881102	1.29389532141	1.21453339778	0.843821580474	1.20311256162	1.07514916385	0.870059207347	0.775006636056	1.1818842436	1.118160087	1.23107561624	1.17425146931	1.16300654906	1.09721752054	1.27655758337	0.738395596907	1.16484868536	0.848290289995	0.952520125665	0.84354722088	0.716728641856	0.779204296762	1.43258903818	1.35593279362	1.33748452392	1.35323081682	1.14023401643	1.21599390527	1.49856366361	1.39771210246	1.16219050266	1.232419942	1.27709687289	1.15451125181	0.970635500242	1.34001000483	0.938210454326	1.26821935234	1.12441407443	1.34218276462
AD4	0.770354214596	0.472505519575	2.26451221363	0.94790782987	0.773487129048	0.409074103432	0.96647500725	0.0	0.361053552441	0.60796641856	0.542080067666	0.619446297728	0.465644301595	1.91165289512	0.559556085065	0.629464722088	0.530428675689	0.538094490092	1.75196116965	1.19285041566	0.813576602223	0.496452324795	0.579442634123	0.568494649589	1.68951778154	0.742622677622	0.495790130498	0.435835239246	0.547219850169	0.665176616723	0.776032310295	0.577153218946	0.341442948284	0.350485103915	1.09270898985	0.798188632189	0.614128066699	0.484319139681	0.511693494442	0.718103798937	0.493102730788	1.24273541324	1.08742648139	0.467354615756	0.7333559739	0.619854016433	1.11718081682	0.953900410826	0.932809497342	0.935106283229	0.990668211696	1.03502799903	0.742569743838	0.713887535041	0.74108362494	0.703097936201	0.545185277912	1.03742031416	0.593191754471	0.915801735138	0.433233112615	0.913191672305
AE3	0.936106858386	0.641317109715	2.35937922185	1.1398498985	0.923026075399	0.463934480425	1.28916907202	0.361053552441	0.0	0.927444649589	0.392372305462	0.773682740454	0.599386109232	2.02023740938	0.738124755921	0.821590782987	0.563971111648	0.545549502175	1.96145487675	1.40126557274	1.0076581972	0.669510111165	0.48880742871	0.515030744321	1.9212221798	0.969775273079	0.465329753504	0.487267080715	0.729516650556	0.881997109715	0.927345350411	0.735128221363	0.218448738521	0.322579323345	1.18119623973	0.895415253746	0.536130744321	0.714857022716	0.590773078782	0.963295476075	0.656200468826	1.37324110681	1.2392880087	0.6891140261	0.715133943934	0.581209434509	1.20035689222	1.02175444659	1.03432772837	1.03873184147	1.04159248429	1.1170882697	0.830073504108	0.801431962301	0.811512556791	0.800940004833	0.712005113581	1.12635671822	0.778952276462	1.01266153214	0.581869081682	0.990333711938
AE4	0.679615886902	0.610512643789	2.0847062494	0.768919371677	0.622214523925	0.847036152731	0.407513044949	0.60796641856	0.927444649589	0.0	1.03408	0.601324731754	0.748595543741	1.73120083132	0.560715340744	0.610513808603	0.854525466409	0.895298366361	1.4319657709	0.919181928468	0.746845070082	0.699985838569	0.968238670855	0.952101503142	1.31996297245	0.577574335428	0.857102880619	0.743043919768	0.588243339778	0.575614151764	0.945363823103	0.835642034799	0.877316413726	0.835637496375	0.964098134364	0.857994876752	0.953836408893	0.486152827453	0.83488622523	0.595842203963	0.640364857419	1.01364638473	0.848653412276	0.487817167714	1.12292201547	1.05057828903	1.06120861769	1.07349947318	0.890528482359	0.971249202513	1.22847848719	1.13153453359	0.880492711455	0.93854338811	0.978828313195	0.873706781054	0.67849258579	1.07687335428	0.644531445143	1.01677965684	0.78930161914	1.06382586274
AF3	0.985597897535	0.771808738521	2.5416081537	1.21789392943	1.00596736104	0.33796478492	1.36389385694	0.542080067666	0.392372305462	1.03408	0.0	0.827662353794	0.655775485742	2.19805957467	0.905780405993	0.86038681972	0.517409526341	0.464188593523	2.01450010633	1.47575444659	1.06484357177	0.771756201063	0.407048492025	0.411031459642	1.96701319961	1.01913913968	0.478252324795	0.60588377477	0.844715790237	0.946984678589	0.828643330111	0.683567467376	0.443865471242	0.457044997583	1.18639875302	0.941911735138	0.4282600145	0.838392508458	0.512957467376	0.988933397777	0.697127863702	1.56837426293	1.40575264862	0.798786863219	0.637634156597	0.529381585307	1.16382420976	0.980825456742	1.04573759787	1.00270097632	1.01059927018	1.04469052199	0.803992073465	0.754156186564	0.793781894635	0.732925766071	0.832375969067	1.05127171097	0.88428979217	0.979070753987	0.545469043016	0.933200294828
AF4	0.748024891252	0.483248733688	2.26133433543	0.905336553891	0.282857573707	0.58787699855	0.901147104882	0.619446297728	0.773682740454	0.601324731754	0.827662353794	0.0	0.630182837119	1.91067676655	0.529822189464	0.631397042049	0.831681643306	0.854192648623	1.56219000967	1.05215592073	0.92184320928	0.834299850169	1.06310081199	1.05828033833	1.42873289512	0.682418670855	0.900270454326	0.854243721605	0.766238791687	0.746940391493	1.02183109715	0.902682687289	0.80320341711	0.782668859352	0.788583281779	0.607209429676	0.790416964717	0.598177694538	0.661550521991	0.568384557757	0.539530062832	1.22563740938	1.06874494925	0.4706820058	0.964584001933	0.878419444176	0.81146237796	0.788015717738	0.635689946834	0.681871527308	0.933412518125	0.849314557757	0.59881722088	0.703497003383	0.773833363944	0.648340889319	0.686449062349	0.797052875785	0.68127677622	0.73575737071	0.680718598357	0.799796810053
AG3	0.750592513291	0.433046408893	2.3241382842	0.858481836636	0.784669410343	0.472220531658	1.06975143064	0.465644301595	0.599386109232	0.748595543741	0.655775485742	0.630182837119	0.0	1.95013072982	0.501006524891	0.596351546641	0.545847960367	0.57450099565	1.74501630739	1.19901318028	0.906265969067	0.625196926051	0.723533547608	0.737029429676	1.63202085549	0.720062165297	0.583322967617	0.556161454809	0.645470599323	0.740946505558	0.835539144514	0.676971092315	0.570068013533	0.519516945384	1.03625454809	0.771762136298	0.724646307395	0.593393088449	0.553890323828	0.714235592073	0.454982875785	1.33173792653	1.16547945384	0.52972080232	0.871392271629	0.763910932818	1.00409612856	0.822944548091	0.830179830836	0.833922319961	0.967907670372	0.915577143548	0.64190517158	0.663460430159	0.740514074432	0.618959743838	0.489015418076	0.936187738038	0.539510536491	0.83640261479	0.394475442243	0.818691778637
AG4	1.87604860802	1.9345977767	0.403881232479	1.12083275012	1.86363007733	2.08828356694	1.55415715321	1.91165289512	2.02023740938	1.73120083132	2.19805957467	1.91067676655	1.95013072982	0.0	1.8122257999	1.93756785404	2.1104598115	2.16104684389	0.954914847753	1.11910401643	1.64554285645	1.80987948768	2.0811837361	2.09374287579	1.63961081199	1.81407195747	2.04467059449	1.90575162397	1.5606380232	1.49101087482	2.11421151764	2.08094720638	1.96498209763	2.02057317545	2.19070685355	2.14746385694	2.27736022716	1.63002519091	2.18386840986	1.96829911068	2.03591211696	0.93560778637	1.07013807153	1.73855969067	2.37451352827	2.29625096182	2.3132779942	2.33809887385	2.19293840019	2.25772043499	2.43870814403	2.36364067182	2.21080150797	2.26714313678	2.30851869502	2.22410551474	1.97543357177	2.35118143548	1.94354848719	2.29999758821	2.05866589174	2.3464017158
AH3	0.770574388594	0.333359159014	2.15551640889	0.830433900435	0.647645998067	0.73490780087	0.827494378927	0.559556085065	0.738124755921	0.560715340744	0.905780405993	0.529822189464	0.501006524891	1.8122257999	0.0	0.600862189464	0.735345524408	0.791870797487	1.57859038183	1.03480998067	0.886325166747	0.74752658289	0.93199118898	0.940830038666	1.5021642581	0.75209518608	0.773889434509	0.724112967617	0.660843823103	0.689715746738	1.02398656839	0.879265901402	0.694937438376	0.711366824553	1.0079640116	0.804133658772	0.892681261479	0.498578279362	0.758451377477	0.638761614306	0.558757114548	1.11648175447	0.960642595457	0.428941285645	1.0703280957	0.965679758337	1.03097889319	0.917339782504	0.840677791203	0.879517283712	1.05490250846	0.990112716288	0.774283634606	0.817155500242	0.857220831319	0.765710241663	0.567087288545	0.981653218946	0.565205761237	0.910927477042	0.630226191397	0.914099888835
AH4	0.246330430159	0.396040449493	2.29369832769	0.922970096665	0.740310159497	0.667916640889	0.88585582407	0.629464722088	0.821590782987	0.610513808603	0.86038681972	0.631397042049	0.596351546641	1.93756785404	0.600862189464	0.0	0.671079081682	0.679954659256	1.46078364911	1.0638482842	0.839983769937	0.654158284195	0.832486215563	0.819851300145	1.40040161431	0.593545041083	0.718403281779	0.623878772354	0.655911338811	0.672125137748	0.767199971	0.625177496375	0.778139550507	0.737480739488	1.000410116	0.81064942001	0.841359507008	0.663169574674	0.653481909135	0.511632658289	0.451437689705	1.30182128565	1.13445709038	0.606871111648	1.02883346544	0.95464701305	0.890647017883	0.844668496858	0.812703760271	0.747353895602	0.974048554857	0.86733518608	0.581870444659	0.640631474142	0.729252068632	0.57311178347	0.42201757854	0.838703238279	0.377838941518	0.785377419043	0.570775621073	0.829325790237
AA7	0.800883064282	0.619996553891	2.44907117448	1.12868056549	0.946423963267	0.554067680039	1.194259884	0.530428675689	0.563971111648	0.854525466409	0.517409526341	0.831681643306	0.545847960367	2.1104598115	0.735345524408	0.671079081682	0.0	0.15512460609	1.79846442243	1.28635365877	0.965925161914	0.631313151281	0.471661092315	0.493511019816	1.73351252779	0.82558942001	0.372018554857	0.431718269696	0.736028893185	0.849533663606	0.617101256646	0.395126814886	0.50578582407	0.501036573224	1.20092221846	0.966197327211	0.588542271629	0.802106674722	0.531006887385	0.891546413726	0.6502039826	1.4740237506	1.31698147898	0.796414166264	0.782086534558	0.679970086999	1.0816340261	0.926425277912	1.02939961334	0.968070309328	0.94317778637	0.987688545191	0.722554842919	0.690877670372	0.719904963751	0.677041788304	0.523336215563	0.984958347028	0.58145542291	0.965336655389	0.443285374577	0.881808264862
AA8	0.807480894152	0.653479758337	2.50659438859	1.18148956984	0.970917336878	0.543135630739	1.22801895118	0.538094490092	0.545549502175	0.895298366361	0.464188593523	0.854192648623	0.57450099565	2.16104684389	0.791870797487	0.679954659256	0.15512460609	0.0	1.83310531658	1.330129913	0.962854166264	0.630684765587	0.436248472692	0.450004335428	1.76274819236	0.856800908652	0.352864262929	0.438141039149	0.751522537458	0.878710536491	0.601337462542	0.372959724505	0.492855089415	0.491418018366	1.18908764621	0.968612353794	0.510634098598	0.835851928468	0.529845664572	0.897273040116	0.669311430643	1.53670296278	1.37309299662	0.822780763654	0.722849574674	0.616832798453	1.09505809087	0.921903436443	1.0414261914	0.964464746254	0.93171077332	0.981266481392	0.73758359594	0.674838699855	0.709621391977	0.676979482842	0.559607104882	0.983648076365	0.607364572257	0.950692281295	0.448133334944	0.877369942001
AB7	1.38014319478	1.59147084582	1.23351907685	1.02846845819	1.4750841711	1.84668558724	1.27033299662	1.75196116965	1.96145487675	1.4319657709	2.01450010633	1.56219000967	1.74501630739	0.954914847753	1.57859038183	1.46078364911	1.79846442243	1.83310531658	0.0	0.613039318511	1.49123048333	1.57304166264	1.95339102465	1.94958989367	1.05458481875	1.41387867569	1.84291207347	1.69639381827	1.35842074915	1.21916327695	1.71126309812	1.68336911068	1.88963412276	1.88789034316	1.82654800387	1.83742254229	1.99078599807	1.48818104398	1.85416966651	1.47100788787	1.63364636539	1.01472904302	1.01720365877	1.52250298695	2.14180213146	2.08448987917	1.89470143548	1.96032275979	1.82983912518	1.81145817303	2.06930083615	1.95864275979	1.76042546158	1.82282082649	1.88139753504	1.76441927018	1.62127804737	1.92258597873	1.56754144998	1.86288339778	1.7775480087	1.95052145481
AB8	1.02542025133	1.08788623973	1.46525862736	0.48461320928	1.0398498985	1.31085820686	0.809070256162	1.19285041566	1.40126557274	0.919181928468	1.47575444659	1.05215592073	1.19901318028	1.11910401643	1.03480998067	1.0638482842	1.28635365877	1.330129913	0.613039318511	0.0	1.01853832769	1.06027903818	1.38961923635	1.38741503142	1.1603140841	0.928751498308	1.28694850169	1.1386842146	0.772642503625	0.661703716771	1.27746874819	1.22377202513	1.33184830836	1.3377317013	1.40861060899	1.35064533108	1.47781453842	0.933020159497	1.37206873369	1.06790309812	1.1755120348	0.714766785887	0.625621971967	0.972932909618	1.6283879072	1.55350198647	1.55484267762	1.53377811503	1.38720059932	1.41613297728	1.6538779507	1.57501631706	1.38183029	1.4194537361	1.47451082165	1.37183023683	1.16405496858	1.54921377477	1.13431646689	1.45891327211	1.24488545191	1.52571198647
AC7	0.791290691155	0.886701773804	1.99341636539	0.918280391493	1.01048886419	0.912369893668	0.89582279362	0.813576602223	1.0076581972	0.746845070082	1.06484357177	0.92184320928	0.906265969067	1.64554285645	0.886325166747	0.839983769937	0.965925161914	0.962854166264	1.49123048333	1.01853832769	0.0	0.452399666506	0.984085828903	0.961838298695	1.4132319768	0.699383987434	0.956320952151	0.75112840986	0.569550082165	0.559805418076	0.855140057999	0.789870845819	0.935767071049	0.900566510391	1.26506316578	1.13743923151	1.12697158047	0.766349284679	1.05397258096	0.990870889319	0.951382841953	1.19958612856	1.0739959884	0.767661483809	1.10877691638	1.04808688739	1.42088518125	1.40809506042	1.19730303528	1.26089786854	1.52956266796	1.44299657806	1.14310316578	1.186959855	1.2491000435	1.12426090865	0.917291710971	1.40377443209	0.872800971484	1.31343899468	0.904698675689	1.38942877719
AC8	0.67743702755	0.645837448043	2.16360767037	0.910312286129	0.968699308845	0.616831667472	0.964049864669	0.496452324795	0.669510111165	0.699985838569	0.771756201063	0.834299850169	0.625196926051	1.80987948768	0.74752658289	0.654158284195	0.631313151281	0.630684765587	1.57304166264	1.06027903818	0.452399666506	0.0	0.645596747221	0.633831875302	1.51767760754	0.636797216046	0.550442861286	0.341874775254	0.429432242629	0.538496491058	0.644517887869	0.504617675205	0.594514635089	0.579373040116	1.16700635089	0.90440638956	0.81630078782	0.645465355244	0.738724127598	0.863166215563	0.699107042049	1.21945870952	1.05129924118	0.667775012083	0.875171971967	0.792904736588	1.28035167231	1.12116449009	1.04881759787	1.06690164331	1.21458561141	1.19715864186	0.896038733688	0.878184722088	0.933063035283	0.844884818753	0.604991889802	1.18763659256	0.616334548091	1.0667761479	0.581045118415	1.0786440841
AD7	0.93343139681	0.839335867569	2.42995628806	1.16813609957	1.21311374577	0.644657810536	1.30989881102	0.579442634123	0.48880742871	0.968238670855	0.407048492025	1.06310081199	0.723533547608	2.0811837361	0.93199118898	0.832486215563	0.471661092315	0.436248472692	1.95339102465	1.38961923635	0.984085828903	0.645596747221	0.0	0.121359787337	1.91464554857	0.925012242629	0.365454707588	0.446670517158	0.725837225713	0.870083832769	0.73459858869	0.570339110681	0.468855471242	0.5042259884	1.36731836153	1.11751285162	0.597166602223	0.847914562591	0.702827863702	1.08340490575	0.840782928951	1.46351254712	1.30625945868	0.890547564041	0.777324378927	0.653626800387	1.32905113581	1.14644714355	1.23190761721	1.19562435476	1.15407718705	1.22911722571	0.982106036733	0.901706679555	0.912634572257	0.911307327211	0.752701329145	1.22769127115	0.803514185597	1.17158537458	0.608327037216	1.10542353794
AD8	0.932133842436	0.839172745288	2.44322697922	1.17184326245	1.20644359594	0.646344354761	1.29389532141	0.568494649589	0.515030744321	0.952101503142	0.411031459642	1.05828033833	0.737029429676	2.09374287579	0.940830038666	0.819851300145	0.493511019816	0.450004335428	1.94958989367	1.38741503142	0.961838298695	0.633831875302	0.121359787337	0.0	1.87948663122	0.891371720638	0.37377959884	0.454795263412	0.720104552924	0.850654833253	0.725352344128	0.56495942001	0.49375979217	0.505535867569	1.3627819768	1.11096355244	0.593671406477	0.840460410826	0.702626133398	1.07778658772	0.840153436443	1.47940996617	1.31451644273	0.877959415176	0.763271387144	0.647073064282	1.32479586274	1.13961736104	1.22660700822	1.19038770904	1.14990038666	1.22289592073	0.975374262929	0.885808999517	0.90129057999	0.895294847753	0.765030212663	1.22161882069	0.816963378444	1.16046653456	0.603693069116	1.09481680039
AE7	1.33692172064	1.52552130981	1.91686312228	1.27197906718	1.32716232963	1.75545757854	1.21453339778	1.68951778154	1.9212221798	1.31996297245	1.96701319961	1.42873289512	1.63202085549	1.63961081199	1.5021642581	1.40040161431	1.73351252779	1.76274819236	1.05458481875	1.1603140841	1.4132319768	1.51767760754	1.91464554857	1.87948663122	0.0	1.01064836636	1.80513781054	1.65118504592	1.37387507008	1.28187994683	1.57536987917	1.57403667472	1.86244847269	1.83901641856	1.68567243596	1.74751936684	1.92279754471	1.50662196713	1.79639521991	1.36340365877	1.5938959014	1.47216373127	1.43434908652	1.46931814886	2.01929491542	1.96870922668	1.70624201063	1.80723701305	1.64699154181	1.65218714838	1.96147650072	1.80782348961	1.65460350411	1.71846106332	1.7737822668	1.65071826003	1.58352652006	1.76236979217	1.51560811503	1.7194938811	1.7121457419	1.82850739488
AE8	0.598135925568	0.653603054616	2.16035157564	0.869498695022	0.790791159981	0.824196723055	0.843821580474	0.742622677622	0.969775273079	0.577574335428	1.01913913968	0.682418670855	0.720062165297	1.81407195747	0.75209518608	0.593545041083	0.82558942001	0.856800908652	1.41387867569	0.928751498308	0.699383987434	0.636797216046	0.925012242629	0.891371720638	1.01064836636	0.0	0.853239023683	0.699461522475	0.631853305945	0.572092353794	0.772800836153	0.705248327695	0.911594451426	0.882187017883	1.09739371677	0.971404949251	0.98702377477	0.714943682939	0.8833579797	0.670793446109	0.71249838086	1.22128712905	1.06474682939	0.696352817786	1.12371951184	1.0627018463	1.13165669889	1.11429141131	0.967745282745	0.998493291445	1.25581182697	1.17718052682	0.905173600773	0.94113141131	1.01186221363	0.892103156114	0.741484794587	1.14303729821	0.700199458676	1.02393168197	0.768286152731	1.11072970034
AF7	0.836681870469	0.65228517158	2.39424085549	1.12722289995	1.03871379894	0.581671609473	1.20311256162	0.495790130498	0.465329753504	0.857102880619	0.478252324795	0.900270454326	0.583322967617	2.04467059449	0.773889434509	0.718403281779	0.372018554857	0.352864262929	1.84291207347	1.28694850169	0.956320952151	0.550442861286	0.365454707588	0.37377959884	1.80513781054	0.853239023683	0.0	0.28730377477	0.666865543741	0.823023035283	0.686155915901	0.528795074915	0.424806737554	0.444936916385	1.19482171097	0.93836157564	0.523584238763	0.742737477042	0.591616394393	0.929582058966	0.664464277429	1.4351157709	1.27504296278	0.767605964234	0.760775384244	0.650232856452	1.16556365877	0.990356283229	1.05223466892	1.03536327695	1.00071631223	1.0770741276	0.816414084099	0.782631043983	0.797669318511	0.769095123248	0.59238719188	1.07685152731	0.652722087965	1.00820142581	0.467733344611	0.948474649589
AF8	0.68595759304	0.613808801353	2.2584682842	0.963982353794	0.985500734654	0.536525727405	1.07514916385	0.435835239246	0.487267080715	0.743043919768	0.60588377477	0.854243721605	0.556161454809	1.90575162397	0.724112967617	0.623878772354	0.431718269696	0.438141039149	1.69639381827	1.1386842146	0.75112840986	0.341874775254	0.446670517158	0.454795263412	1.65118504592	0.699461522475	0.28730377477	0.0	0.499008448526	0.645762701788	0.671876868052	0.469742107298	0.428110434993	0.447140613823	1.1855919623	0.919226239729	0.647579120348	0.662298941518	0.60743298695	0.865133798937	0.635091657806	1.29519720638	1.12606967617	0.690324093765	0.819420289995	0.726872232963	1.20488164331	1.03644135331	1.050619739	1.05443546158	1.05518522958	1.11607105848	0.841873972934	0.81976320928	0.847269652006	0.80386921218	0.551644451426	1.11744435959	0.582574533591	1.03457444176	0.473882716288	0.989087433543
AG7	0.70522417593	0.647682141131	1.90383922668	0.62620742871	0.863115514741	0.70980062349	0.870059207347	0.547219850169	0.729516650556	0.588243339778	0.844715790237	0.766238791687	0.645470599323	1.5606380232	0.660843823103	0.655911338811	0.736028893185	0.751522537458	1.35842074915	0.772642503625	0.569550082165	0.429432242629	0.725837225713	0.720104552924	1.37387507008	0.631853305945	0.666865543741	0.499008448526	0.0	0.215932194297	0.800727017883	0.671414258096	0.672445611406	0.692348289029	1.22378135814	0.947989313678	0.902880550991	0.464397762204	0.795432484292	0.853923687772	0.683292527791	1.01028249396	0.843341140648	0.481885611406	1.03253817303	0.947650212663	1.27997529241	1.12896049299	1.10690255196	1.11280052682	1.24252736588	1.19686274529	0.916588985017	0.940011280812	1.00930473175	0.902935543741	0.672847293378	1.20000347994	0.654305669406	1.09906612856	0.677519023683	1.11507020783
AG8	0.671289922668	0.730282387627	1.84058956501	0.593608777187	0.846399434509	0.790360454326	0.775006636056	0.665176616723	0.881997109715	0.575614151764	0.946984678589	0.746940391493	0.740946505558	1.49101087482	0.689715746738	0.672125137748	0.849533663606	0.878710536491	1.21916327695	0.661703716771	0.559805418076	0.538496491058	0.870083832769	0.850654833253	1.28187994683	0.572092353794	0.823023035283	0.645762701788	0.215932194297	0.0	0.875465224746	0.781914098598	0.817400338328	0.809432141131	1.22439279845	1.01911017883	1.01447775254	0.473247733204	0.899055640406	0.833719294345	0.774867970034	0.961961503142	0.80467279362	0.51448478492	1.12769711455	1.04265075882	1.29061863219	1.23039311261	1.11475248429	1.15751615273	1.35150273079	1.29125292895	1.01322024166	1.03456313678	1.09925344611	0.994195016916	0.77716257129	1.26537908652	0.736506437893	1.17978057516	0.789128917351	1.21879227163
AH7	0.783311503142	0.840214765587	2.45510367327	1.25195303528	1.1369940261	0.809456215563	1.1818842436	0.776032310295	0.927345350411	0.945363823103	0.828643330111	1.02183109715	0.835539144514	2.11421151764	1.02398656839	0.767199971	0.617101256646	0.601337462542	1.71126309812	1.27746874819	0.855140057999	0.644517887869	0.73459858869	0.725352344128	1.57536987917	0.772800836153	0.686155915901	0.671876868052	0.800727017883	0.875465224746	0.0	0.282979449009	0.886790154664	0.861108637023	1.18746074915	1.0121477187	0.816752247463	0.95803760754	0.795890260996	0.975012561624	0.820667829869	1.51517891735	1.37427241179	0.964713431609	0.939043605607	0.909702489125	1.22793820203	1.07994783954	1.12711946834	1.04841974384	1.14033275012	1.14382922185	0.888416853552	0.833767965201	0.853625930401	0.829021759304	0.768720033833	1.14127934268	0.784931681972	1.04254258096	0.718869115515	1.0416238376
AH8	0.698363557274	0.695401474142	2.42888952151	1.14017434026	1.01241646206	0.617772242629	1.118160087	0.577153218946	0.735128221363	0.835642034799	0.683567467376	0.902682687289	0.676971092315	2.08094720638	0.879265901402	0.625177496375	0.395126814886	0.372959724505	1.68336911068	1.22377202513	0.789870845819	0.504617675205	0.570339110681	0.56495942001	1.57403667472	0.705248327695	0.528795074915	0.469742107298	0.671414258096	0.781914098598	0.282979449009	0.0	0.69363777187	0.65577262929	1.1797521943	0.951104615756	0.703107501208	0.858409594007	0.605936872885	0.873651275979	0.692691483809	1.46480300628	1.30830837119	0.861512368294	0.822320879652	0.755858042533	1.13507895602	0.986601933301	1.04200451426	0.956188086032	1.01409273079	1.05603858869	0.777604567424	0.722294963751	0.75114078782	0.709597902368	0.612492464959	1.04859912035	0.624529961334	0.953587085549	0.5158780087	0.943369076849
AA5	0.892404925085	0.600134364427	2.30456543741	1.09059551474	0.950939270179	0.483526138231	1.23107561624	0.341442948284	0.218448738521	0.877316413726	0.443865471242	0.80320341711	0.570068013533	1.96498209763	0.694937438376	0.778139550507	0.50578582407	0.492855089415	1.88963412276	1.33184830836	0.935767071049	0.594514635089	0.468855471242	0.49375979217	1.86244847269	0.911594451426	0.424806737554	0.428110434993	0.672445611406	0.817400338328	0.886790154664	0.69363777187	0.0	0.232723740938	1.20359362977	0.91614182697	0.579164180764	0.628421440309	0.6325580087	0.884869608507	0.637312339294	1.29578767037	1.16700873369	0.616362097632	0.74872839536	0.612572566457	1.24549646689	1.07776058482	1.06784707105	1.08039981634	1.09538066216	1.15957524891	0.857936268729	0.841962759787	0.851503073949	0.831245118415	0.64171942001	1.16395535524	0.705855804737	1.05450127115	0.535746297728	1.03392173514
AA6	0.867571875302	0.581544050266	2.37126085549	1.09681511841	0.930175732238	0.413991242146	1.17425146931	0.350485103915	0.322579323345	0.835637496375	0.457044997583	0.782668859352	0.519516945384	2.02057317545	0.711366824553	0.737480739488	0.501036573224	0.491418018366	1.88789034316	1.3377317013	0.900566510391	0.579373040116	0.5042259884	0.505535867569	1.83901641856	0.882187017883	0.444936916385	0.447140613823	0.692348289029	0.809432141131	0.861108637023	0.65577262929	0.232723740938	0.0	1.09924126631	0.817542474625	0.509220662156	0.619140086999	0.521724842919	0.841935427743	0.557753876269	1.36299636056	1.21586702272	0.615262348961	0.568757897535	0.445247085549	1.14230244079	0.987461367811	0.946573721605	0.958137767037	1.01585343161	1.05713610923	0.75635341711	0.75421680522	0.772901430643	0.724767457709	0.615889337844	1.04715099565	0.679760637989	0.944133537941	0.465377201547	0.944429371677
AB5	1.07920028516	0.905281701305	2.53738456742	1.33625474142	0.785395094248	1.01531895602	1.16300654906	1.09270898985	1.18119623973	0.964098134364	1.18639875302	0.788583281779	1.03625454809	2.19070685355	1.0079640116	1.000410116	1.20092221846	1.18908764621	1.82654800387	1.40861060899	1.26506316578	1.16700635089	1.36731836153	1.3627819768	1.68567243596	1.09739371677	1.19482171097	1.1855919623	1.22378135814	1.22439279845	1.18746074915	1.1797521943	1.20359362977	1.09924126631	0.0	0.407281498308	0.976071333978	1.06291322378	0.936337293378	0.818499932334	0.859640855486	1.58728550507	1.44441408893	0.975053233446	0.983115181247	0.970698376027	0.798885253746	0.889239521508	0.6810360029	0.731069531174	1.03252911068	0.906480961817	0.792242977284	0.90854717738	0.933354248429	0.864907032383	1.01040979217	0.832744596423	1.01954223296	0.813736698888	1.01712538908	0.89251340261
AB6	0.949850202997	0.661214983084	2.49702914935	1.23782423393	0.739818690188	0.735202783954	1.09721752054	0.798188632189	0.895415253746	0.857994876752	0.941911735138	0.607209429676	0.771762136298	2.14746385694	0.804133658772	0.81064942001	0.966197327211	0.968612353794	1.83742254229	1.35064533108	1.13743923151	0.90440638956	1.11751285162	1.11096355244	1.74751936684	0.971404949251	0.93836157564	0.919226239729	0.947989313678	1.01911017883	1.0121477187	0.951104615756	0.91614182697	0.817542474625	0.407281498308	0.0	0.747972232963	0.817452131464	0.726692904785	0.76042221363	0.634372812953	1.48944059449	1.33576053649	0.721373784437	0.756558661189	0.740221778637	0.727952532624	0.659840082165	0.518839299178	0.532411938134	0.794182150797	0.705376283229	0.58101861769	0.7182859884	0.743501121315	0.67486300145	0.763394760754	0.659490879652	0.782760657322	0.574916147898	0.786640546158	0.660345128081
AC5	0.976504233929	0.736949623006	2.62351299178	1.33410276945	0.955835505075	0.526392194297	1.27655758337	0.614128066699	0.536130744321	0.953836408893	0.4282600145	0.790416964717	0.724646307395	2.27736022716	0.892681261479	0.841359507008	0.588542271629	0.510634098598	1.99078599807	1.47781453842	1.12697158047	0.81630078782	0.597166602223	0.593671406477	1.92279754471	0.98702377477	0.523584238763	0.647579120348	0.902880550991	1.01447775254	0.816752247463	0.703107501208	0.579164180764	0.509220662156	0.976071333978	0.747972232963	0.0	0.809015828903	0.451886732721	0.925863881102	0.668790729821	1.64901653939	1.47536192363	0.77585077332	0.479499719671	0.397636466892	0.980102609956	0.799378144031	0.868864871919	0.840668675689	0.8114860029	0.853419768004	0.644250850652	0.591565848236	0.605027902368	0.592307839536	0.782510115998	0.868411996133	0.850515944901	0.821098598357	0.56547582407	0.758999951667
AC6	0.779154572257	0.550068061866	1.97758753504	0.704874006767	0.697070251329	0.678177728371	0.738395596907	0.484319139681	0.714857022716	0.486152827453	0.838392508458	0.598177694538	0.593393088449	1.63002519091	0.498578279362	0.663169574674	0.802106674722	0.835851928468	1.48818104398	0.933020159497	0.766349284679	0.645465355244	0.847914562591	0.840460410826	1.50662196713	0.714943682939	0.742737477042	0.662298941518	0.464397762204	0.473247733204	0.95803760754	0.858409594007	0.628421440309	0.619140086999	1.06291322378	0.817452131464	0.809015828903	0.0	0.75099698405	0.692886283229	0.586333508942	0.880982121798	0.725175258579	0.276136123731	0.980701967134	0.898785606573	1.12002244079	1.05224447076	0.93875157564	0.987788342194	1.16459250362	1.09634252779	0.832007298212	0.88600120348	0.942585345578	0.8456879797	0.627214847753	1.06545463992	0.62935878202	1.01394479942	0.654864538424	1.04479300628
AD6	0.790942469792	0.579920231996	2.53510571774	1.16288943451	0.796411353311	0.406761488642	1.16484868536	0.511693494442	0.590773078782	0.83488622523	0.512957467376	0.661550521991	0.553890323828	2.18386840986	0.758451377477	0.653481909135	0.531006887385	0.529845664572	1.85416966651	1.37206873369	1.05397258096	0.738724127598	0.702827863702	0.702626133398	1.79639521991	0.8833579797	0.591616394393	0.60743298695	0.795432484292	0.899055640406	0.795890260996	0.605936872885	0.6325580087	0.521724842919	0.936337293378	0.726692904785	0.451886732721	0.75099698405	0.0	0.721337825036	0.40263677622	1.5458802175	1.37960729338	0.71512840986	0.628490560657	0.54970561624	0.822600845819	0.661440739488	0.778072116965	0.696687897535	0.709192996617	0.740357791203	0.500257641373	0.466998583857	0.511795882069	0.438947051716	0.585432991783	0.735950821653	0.634614867086	0.677304760754	0.364643156114	0.62564958434
AE5	0.582886046399	0.550693533108	2.32330095215	0.965172295795	0.603777713871	0.778553127115	0.848290289995	0.718103798937	0.963295476075	0.595842203963	0.988933397777	0.568384557757	0.714235592073	1.96829911068	0.638761614306	0.511632658289	0.891546413726	0.897273040116	1.47100788787	1.06790309812	0.990870889319	0.863166215563	1.08340490575	1.07778658772	1.36340365877	0.670793446109	0.929582058966	0.865133798937	0.853923687772	0.833719294345	0.975012561624	0.873651275979	0.884869608507	0.841935427743	0.818499932334	0.76042221363	0.925863881102	0.692886283229	0.721337825036	0.0	0.391824122765	1.27636996133	1.12596003383	0.617563392943	1.1029219188	1.04270804253	0.827002701788	0.839640739488	0.768760004833	0.715994702755	0.992160294828	0.884340584824	0.624398801353	0.706395819236	0.79539618173	0.638114059932	0.592505239246	0.83800961334	0.556665896568	0.742885389077	0.716065940068	0.831793441276
AE6	0.613153658772	0.356097916868	2.39027029483	1.0178918173	0.659406292895	0.509195674239	0.952520125665	0.493102730788	0.656200468826	0.640364857419	0.697127863702	0.539530062832	0.454982875785	2.03591211696	0.558757114548	0.451437689705	0.6502039826	0.669311430643	1.63364636539	1.1755120348	0.951382841953	0.699107042049	0.840782928951	0.840153436443	1.5938959014	0.71249838086	0.664464277429	0.635091657806	0.683292527791	0.774867970034	0.820667829869	0.692691483809	0.637312339294	0.557753876269	0.859640855486	0.634372812953	0.668790729821	0.586333508942	0.40263677622	0.391824122765	0.0	1.36076890285	1.19320583857	0.502931691638	0.824408516191	0.754241503142	0.831554345094	0.707420724988	0.69815681972	0.649709110681	0.837599768004	0.755811889802	0.464051585307	0.505279478009	0.579992474625	0.460297061382	0.423024905752	0.748337970034	0.447813992267	0.649145848236	0.451451928468	0.688542348961
AF5	1.27395571774	1.27497740454	1.27562985017	0.664128714355	1.22341253746	1.44152008217	0.84354722088	1.24273541324	1.37324110681	1.01364638473	1.56837426293	1.22563740938	1.33173792653	0.93560778637	1.11648175447	1.30182128565	1.4740237506	1.53670296278	1.01472904302	0.714766785887	1.19958612856	1.21945870952	1.46351254712	1.47940996617	1.47216373127	1.22128712905	1.4351157709	1.29519720638	1.01028249396	0.961961503142	1.51517891735	1.46480300628	1.29578767037	1.36299636056	1.58728550507	1.48944059449	1.64901653939	0.880982121798	1.5458802175	1.27636996133	1.36076890285	0.0	0.214217999033	1.01443455292	1.75354079265	1.66729125665	1.7385661769	1.72629968101	1.60684508458	1.6585760029	1.82914624456	1.78216073465	1.56738931368	1.64487110681	1.68869953117	1.59638759787	1.3052921073	1.75274253262	1.27864652006	1.68275427743	1.43300976317	1.72668734654
AF6	1.12437980667	1.10743455292	1.41293421943	0.525895451909	1.07441823103	1.27705938618	0.716728641856	1.08742648139	1.2392880087	0.848653412276	1.40575264862	1.06874494925	1.16547945384	1.07013807153	0.960642595457	1.13445709038	1.31698147898	1.37309299662	1.01720365877	0.625621971967	1.0739959884	1.05129924118	1.30625945868	1.31451644273	1.43434908652	1.06474682939	1.27504296278	1.12606967617	0.843341140648	0.80467279362	1.37427241179	1.30830837119	1.16700873369	1.21586702272	1.44441408893	1.33576053649	1.47536192363	0.725175258579	1.37960729338	1.12596003383	1.19320583857	0.214217999033	0.0	0.844749178347	1.58971508942	1.51421739488	1.58545441276	1.57637778637	1.45682548091	1.51069335428	1.66938453359	1.62999240213	1.39706597873	1.47520082165	1.52714302078	1.42541084582	1.13540070082	1.60159677139	1.10821641856	1.53385670372	1.26329810536	1.57176459159
AG5	0.745849362011	0.454443160947	2.08772081682	0.771219739004	0.564619328178	0.607749869502	0.779204296762	0.467354615756	0.6891140261	0.487817167714	0.798786863219	0.4706820058	0.52972080232	1.73855969067	0.428941285645	0.606871111648	0.796414166264	0.822780763654	1.52250298695	0.972932909618	0.767661483809	0.667775012083	0.890547564041	0.877959415176	1.46931814886	0.696352817786	0.767605964234	0.690324093765	0.481885611406	0.51448478492	0.964713431609	0.861512368294	0.616362097632	0.615262348961	0.975053233446	0.721373784437	0.77585077332	0.276136123731	0.71512840986	0.617563392943	0.502931691638	1.01443455292	0.844749178347	0.0	0.948550744321	0.864401469309	1.00714623006	0.944347680039	0.833614185597	0.87010060899	1.06932328178	0.983842663122	0.708372382794	0.790357336878	0.860389347511	0.739322034799	0.604566863219	0.958365447076	0.606539284679	0.897210637989	0.62858457709	0.934425766071
