	AA3	AA4	AB3	AB4	AC3	AC4	AD3	AD4	AE3	AE4	AF3	AF4	AG3	AG4	AH3	AH4	AA7	AA8	AB7	AB8	AC7	AC8	AD7	AD8	AE7	AE8	AF7	AF8	AG7	AG8	AH7	AH8	AA5	AA6	AB5	AB6	AC5	AC6	AD6	AE5	AE6	AF5	AF6	AG5	AH5	AH6	AA1	AA2	AB1	AB2	AC1	AC2	AD1	AD2	AE1	AE2	AF1	AF2	AG1	AG2	AH1	AH2
AA3	0.0	0.544266442726	2.2614357709	1.02506525375	0.903754514258	0.77414497825	0.883056708555	0.766418719188	0.833001662639	0.700587095215	0.953880536491	0.776159482842	0.680315026583	1.90540544224	0.801630106332	0.249607849203	0.805650082165	0.759396843886	1.43874123248	1.07842621556	0.801722609956	0.663350715321	0.863217873369	0.832597820203	1.41147151764	0.657325041083	0.77321842436	0.66163280812	0.697646863219	0.654397651039	0.749782672789	0.661733707105	0.850924340261	0.852936568391	1.13267057999	0.945678289029	0.934963653939	0.791629357177	0.789147694538	0.660514538424	0.575035659739	1.29193915418	1.15605224263	0.735202841953	1.13117927018	1.02314565491	1.03740094248	0.924261846303	0.951731643306	0.878311522475	1.05655091832	0.962015331078	0.691077124215	0.694499057516	0.755989458676	0.678507264379	0.546324915418	0.893425592073	0.487925045916	0.92378497825	0.624912953117	0.935563334944
AA4	0.544266442726	0.0	2.23134337361	0.910046698888	0.658486399227	0.595314804253	0.795364340261	0.551022194297	0.702341599807	0.529367535041	0.843545741904	0.467386321895	0.423102126631	1.86830585307	0.309898095698	0.365580903818	0.68009680522	0.653630826486	1.53432835186	1.04176736104	0.818671072982	0.676679101015	0.857087187047	0.816512315128	1.48059720638	0.596158888352	0.671073073949	0.622162914451	0.647381928468	0.634275036249	0.878771483809	0.717448898018	0.652222479459	0.677932252296	0.930671706138	0.70755279362	0.790993499275	0.497452484292	0.654153808603	0.505275055582	0.397762875785	1.19658373127	1.01851926535	0.41972858869	1.00216013533	0.859709033349	0.987171870469	0.836911459642	0.727921507975	0.767482402127	1.00235965201	0.905880468826	0.660998859352	0.680423450942	0.724767984534	0.635307066216	0.433960251329	0.846882967617	0.448446993717	0.819647051716	0.484005882069	0.79600878202
AB3	2.2614357709	2.23134337361	0.0	1.44596850652	2.20573611406	2.38981840019	1.92727755437	2.3231622233	2.35670459642	2.10471480425	2.51862682455	2.25498706622	2.30872516191	0.403427235379	2.16352658289	2.29685916385	2.50162639439	2.51617826003	1.24907770904	1.45902119381	1.97963302562	2.21297721605	2.41083045433	2.41076550024	1.89830149831	2.18065720638	2.3978817738	2.29642707105	1.91374181247	1.86201508458	2.45667074915	2.41958823103	2.30246249879	2.41104971	2.53808029966	2.47044144514	2.630810087	2.03837983084	2.53652487675	2.32913371194	2.37697703722	1.29291244079	1.43986295795	2.12155660222	2.76060949251	2.64397287095	2.70469389077	2.68374056549	2.5207961044	2.61833470759	2.79572152731	2.73275581924	2.58632522958	2.60904861286	2.64090312228	2.58520410826	2.33135481875	2.68282659256	2.29404495408	2.6591142146	2.39997658289	2.67345034799
AB4	1.02506525375	0.910046698888	1.44596850652	0.0	0.967294354761	1.05200437409	0.772426312228	1.06398211696	1.16295676655	0.82274662639	1.25995500242	0.960692015466	0.8920640116	1.06827728855	0.879880889319	0.991962798453	1.23669420493	1.22093626873	0.977988931851	0.45468698405	0.905230715321	0.999364987917	1.18808641373	1.15112767521	1.27170329628	0.935749299178	1.17605271629	1.04890433543	0.68589221363	0.638552735621	1.28234399227	1.17425724988	1.14233280329	1.19392242146	1.38080243596	1.26083476559	1.39374279845	0.826186297728	1.24704577574	1.03519610923	1.05841466892	0.616158927018	0.485325374577	0.849436756887	1.53697249879	1.40698971	1.51351474142	1.40996782504	1.28509672305	1.35463479459	1.56063430643	1.4877277187	1.28736873852	1.33609522475	1.38183000483	1.29251928468	1.05486903818	1.44753475109	1.01507760754	1.39980928468	1.10134715805	1.39204125181
AC3	0.903754514258	0.658486399227	2.20573611406	0.967294354761	0.0	0.80258059449	0.8601839826	0.853613958434	0.987454659256	0.656865292412	1.08981825036	0.304709618173	0.787400879652	1.85346327211	0.653338878685	0.799874639923	1.02378302078	0.977185016916	1.44839853069	1.07049260996	1.05802926535	1.07135518608	1.26775013533	1.19947884969	1.33816462059	0.845206863219	1.08947470759	1.03997783954	0.900873731271	0.879862083132	1.20252201063	1.04708992267	1.00156438376	0.983002759787	0.798058985017	0.717056534558	0.977544267762	0.710411633639	0.893022837119	0.658722479459	0.672158003867	1.21468478492	1.07208762687	0.608130879652	1.16753628806	1.06376352344	0.887098018366	0.900316669889	0.690470961817	0.790222489125	1.0591962784	0.932946027066	0.739670169164	0.81309098115	0.858629463509	0.788778878685	0.828840512325	0.882555862736	0.828715529241	0.890476669889	0.843273450942	0.892579859836
AC4	0.77414497825	0.595314804253	2.38981840019	1.05200437409	0.80258059449	0.0	1.09991363461	0.361915132914	0.451472112131	0.804021246979	0.379118883519	0.54929282262	0.44254557274	2.03162840019	0.661440275495	0.663724349927	0.552553320445	0.53406817303	1.79768449976	1.25740037699	0.898773107782	0.621976360561	0.658744929918	0.593962537458	1.71384427743	0.72801780087	0.562976877719	0.551432953117	0.640818569357	0.749516645723	0.801457433543	0.612168429193	0.483350546158	0.401434780087	1.02271865152	0.779001246979	0.569278820686	0.578595437409	0.434446853552	0.720961923635	0.513331493475	1.37309545191	1.20218765104	0.565684108265	0.735284258096	0.589866950217	1.10161162397	0.839828361527	0.828479076849	0.820116336394	0.92175420493	0.938939352344	0.648700314161	0.653989081682	0.672512909618	0.646632764621	0.579595954567	0.936324296762	0.651921246979	0.811132218463	0.424746534558	0.777319835669
AD3	0.883056708555	0.795364340261	1.92727755437	0.772426312228	0.8601839826	1.09991363461	0.0	1.00771605607	1.25119898985	0.366980971484	1.34229248913	0.87614442726	1.00697945868	1.56904463509	0.817055340744	0.871133383277	1.21695674722	1.19365338811	1.27548593523	0.805091971967	0.878408550024	0.986215447076	1.27533633156	1.23453966167	1.20436640889	0.868384233929	1.18802090382	1.0717422668	0.871779879169	0.762004287095	1.16347398743	1.08359378927	1.19821151764	1.1894559449	1.1678759594	1.05665734654	1.26624514741	0.750043175447	1.1241178202	0.803617675205	0.870381367811	0.856780309328	0.738029946834	0.749134900918	1.43592273562	1.3469177042	1.35457611406	1.31882350411	1.11232609957	1.19133572257	1.45609907202	1.3558641711	1.16313844369	1.19550367327	1.23732711455	1.1328282262	0.945669724505	1.29193929435	0.922401831803	1.24857072499	1.07604529241	1.27595815853
AD4	0.766418719188	0.551022194297	2.3231622233	1.06398211696	0.853613958434	0.361915132914	1.00771605607	0.0	0.280950241663	0.695221532141	0.475426747221	0.636720550991	0.508213591107	1.96585138231	0.603919284679	0.636030947318	0.501244683422	0.487247278879	1.80637471242	1.26209616723	0.900315867569	0.565718511358	0.559096785887	0.506939304012	1.76131877235	0.755019478009	0.453571333978	0.425795152247	0.581207564041	0.717342933784	0.790699507008	0.597774485259	0.309199366844	0.347671739971	1.07644127598	0.820312880619	0.52757741421	0.50823417593	0.453908733688	0.721603330111	0.539054755921	1.29387459642	1.113940203	0.550110744321	0.719557090382	0.560763049783	1.1629481682	0.879717085549	0.920274683422	0.914266104398	0.934703682939	1.00033376027	0.72492722088	0.671092276462	0.692340483325	0.695382319961	0.554995543741	1.00189911068	0.638557443209	0.893977675205	0.49173282262	0.829100797487
AE3	0.833001662639	0.702341599807	2.35670459642	1.16295676655	0.987454659256	0.451472112131	1.25119898985	0.280950241663	0.0	0.938018250362	0.350593663606	0.781874059932	0.590975645239	2.01217156114	0.712501058482	0.7637820203	0.477697390043	0.520465079749	1.9308797245	1.39916448526	0.99596680522	0.681141445143	0.44925579507	0.433272058966	1.91121391493	0.903346558724	0.42286921218	0.465186737554	0.674769357177	0.849778289029	0.867727989367	0.697219574674	0.251874886419	0.332866215563	1.18271906718	0.942754461092	0.516996510391	0.679960637989	0.545509521508	0.913725983567	0.691041488642	1.37129664089	1.19713378927	0.700467162881	0.760980420493	0.569771029483	1.26101115998	0.971619052682	1.04939548091	1.02748356694	1.01954948768	1.09656275495	0.823018670855	0.777747728371	0.786302788787	0.797771759304	0.673304983084	1.10541889319	0.757117293378	1.00253823103	0.577216771387	0.92609839536
AE4	0.700587095215	0.529367535041	2.10471480425	0.82274662639	0.656865292412	0.804021246979	0.366980971484	0.695221532141	0.938018250362	0.0	1.04817346061	0.608210628323	0.729465485742	1.74510508458	0.583493112615	0.60079762204	0.926020048333	0.897487863702	1.42374117448	0.927093784437	0.760170111165	0.769738003867	0.987271097148	0.945165302078	1.31368855002	0.61562457709	0.893888487192	0.779867085549	0.633241507975	0.599863479942	0.956962092798	0.813973977767	0.896100154664	0.89053421943	0.956025041083	0.824528922185	0.96571219913	0.532206814886	0.841543943934	0.561617651039	0.602439468342	1.016569971	0.842578110198	0.493232460126	1.1547558579	1.05764863219	1.11773365394	1.06709176414	0.885971150314	0.956382687289	1.22690952634	1.12345246979	0.908624432093	0.918446578057	0.957917810536	0.873553450942	0.685587506042	1.05848807637	0.65866702755	1.02291819236	0.783459903335	1.0271862349
AF3	0.953880536491	0.843545741904	2.51862682455	1.25995500242	1.08981825036	0.379118883519	1.34229248913	0.475426747221	0.350593663606	1.04817346061	0.0	0.837813446109	0.675983131948	2.16457154664	0.896230352827	0.876068820686	0.470735732238	0.495051580474	2.00201101015	1.46783675689	1.08105646689	0.79256080232	0.42918939101	0.386568361527	1.97569528275	0.966822609956	0.484391372644	0.594205263412	0.798520043499	0.955377491542	0.832519903335	0.700328753021	0.444084751087	0.432509845336	1.19149867569	0.991271092315	0.470772232963	0.802799666506	0.471889632673	0.966172735621	0.758260198163	1.53629952634	1.37038142098	0.817366172064	0.701640396327	0.529799676172	1.23061898502	0.95558662639	1.09523188014	1.01893463992	1.00301149348	1.05909565491	0.81366857419	0.748330942484	0.771732015466	0.762440212663	0.803763885935	1.06469683905	0.889782576124	0.976078786854	0.595586993717	0.899021068149
AF4	0.776159482842	0.467386321895	2.25498706622	0.960692015466	0.304709618173	0.54929282262	0.87614442726	0.636720550991	0.781874059932	0.608210628323	0.837813446109	0.0	0.578072092798	1.89584981634	0.503786524891	0.65120161914	0.841995181247	0.809583344611	1.56572165297	1.04700044949	0.917240111165	0.850913378444	1.05272236346	0.98095942001	1.44499384244	0.659906051232	0.879833170614	0.836861058482	0.756860323828	0.729006423393	1.0355038086	0.888958129531	0.792779743838	0.760172561624	0.807720502658	0.586840642823	0.783639453842	0.560549478009	0.713844712421	0.557371043983	0.511989729338	1.2095098115	1.06213421943	0.440166268729	0.9822820203	0.87065741421	0.890843131948	0.796338806187	0.598764156597	0.682165534074	0.972569946834	0.857785891735	0.635098105365	0.695821440309	0.759577506042	0.654943528275	0.661546341228	0.817215534074	0.681600758821	0.767302924118	0.654971768971	0.783262286129
AG3	0.680315026583	0.423102126631	2.30872516191	0.8920640116	0.787400879652	0.44254557274	1.00697945868	0.508213591107	0.590975645239	0.729465485742	0.675983131948	0.578072092798	0.0	1.93416019816	0.50044561624	0.53741497825	0.557988066699	0.5326179797	1.69598860319	1.15427731754	0.902388289029	0.653546573224	0.738203098115	0.698360260996	1.60207944901	0.663425683905	0.584159231513	0.554827390043	0.639649893668	0.721049342678	0.826682435959	0.657734997583	0.604003272112	0.578550367327	1.01318402127	0.777709507008	0.727975509908	0.570164528758	0.580951285645	0.654409555341	0.475572126631	1.30092466892	1.12570895118	0.538054320928	0.920651609473	0.778398090865	1.03865451909	0.786677945868	0.804826853552	0.788838245529	0.94142777187	0.882713151281	0.608431744804	0.643590217496	0.710286708555	0.613403296278	0.461775524408	0.889322029966	0.508248115031	0.788869971	0.38062881102	0.753496437893
AG4	1.90540544224	1.86830585307	0.403427235379	1.06827728855	1.85346327211	2.03162840019	1.56904463509	1.96585138231	2.01217156114	1.74510508458	2.16457154664	1.89584981634	1.93416019816	0.0	1.81199576124	1.93477698405	2.15143048816	2.16365144998	0.9798939826	1.10932949251	1.62758062832	1.85851740454	2.05942226196	2.059369768	1.63070884969	1.83284631706	2.04366419526	1.93947856936	1.55900969551	1.50286645723	2.12031239729	2.06588505558	1.95509744804	2.05164095698	2.19302571774	2.11653892702	2.27612198163	1.67740304495	2.17867647173	1.96961168681	2.01679185114	0.945176447559	1.09293118898	1.76153589174	2.40501518125	2.28648983084	2.34708672305	2.32435442243	2.15994181247	2.25491485742	2.44108902368	2.37399782504	2.23034694538	2.25118141614	2.29140751571	2.2267921073	1.9738280087	2.32601137264	1.93814435959	2.29717706138	2.04513681005	2.31513519575
AH3	0.801630106332	0.309898095698	2.16352658289	0.879880889319	0.653338878685	0.661440275495	0.817055340744	0.603919284679	0.712501058482	0.583493112615	0.896230352827	0.503786524891	0.50044561624	1.81199576124	0.0	0.621491565974	0.785652841953	0.789054451426	1.56762550024	1.04933292895	0.904686703722	0.804241208313	0.961495490575	0.93171217013	1.50782082165	0.742022561624	0.791953547608	0.744465959401	0.685560294828	0.684635471242	1.0386737071	0.884838110198	0.694402769454	0.719468685355	0.988061633639	0.758937887869	0.86732239246	0.490293305945	0.758371498308	0.631924615756	0.513152426293	1.10964522958	0.955707820203	0.432453963267	1.06697846303	0.925959250846	1.05667384244	0.878166781054	0.804869801837	0.822642846786	1.03717045916	0.971156157564	0.763252276462	0.797407104882	0.828519313678	0.767934896085	0.578634093765	0.919215959401	0.60189956984	0.86114120348	0.641562895118	0.857520062832
AH4	0.249607849203	0.365580903818	2.29685916385	0.991962798453	0.799874639923	0.663724349927	0.871133383277	0.636030947318	0.7637820203	0.60079762204	0.876068820686	0.65120161914	0.53741497825	1.93477698405	0.621491565974	0.0	0.686697090382	0.65018681972	1.46044648139	1.07837860802	0.852432208797	0.647596524891	0.801503122281	0.748947264379	1.42751904785	0.587073663606	0.673671889802	0.598543992267	0.664808999517	0.643049125181	0.740037684872	0.581145838569	0.764208197197	0.742019758337	0.995639618173	0.789546292895	0.825559990333	0.662816684389	0.679487704205	0.529696558724	0.432226012566	1.29025953117	1.1189482407	0.597141082649	1.01705073465	0.902572547124	0.950517945868	0.807043972934	0.828452764621	0.73793817303	0.959291063316	0.861412547124	0.595395799903	0.59799558724	0.668900932818	0.573114494925	0.402859163847	0.800300391493	0.375186476559	0.7950720058	0.514802068632	0.792643769937
AA7	0.805650082165	0.68009680522	2.50162639439	1.23669420493	1.02378302078	0.552553320445	1.21695674722	0.501244683422	0.477697390043	0.926020048333	0.470735732238	0.841995181247	0.557988066699	2.15143048816	0.785652841953	0.686697090382	0.0	0.159196331561	1.85319657322	1.35182498792	1.00806079265	0.638583156114	0.475105239246	0.461337104882	1.80963761721	0.82853478492	0.350061082649	0.416279052682	0.767650749154	0.882929763171	0.66832441276	0.448955495408	0.456679652006	0.479817564041	1.1823638231	0.989719052682	0.509782029966	0.804251648139	0.478629009183	0.913230894152	0.707945654906	1.51572519575	1.3498838231	0.807849618173	0.764065505075	0.58284099565	1.1486678057	0.886001391977	1.06287245529	0.978771097148	0.911433537941	0.970943779604	0.712208927018	0.662220932818	0.672365041083	0.676401300145	0.529400256162	0.976316399227	0.629974760754	0.943874209763	0.486623547608	0.843130082165
AA8	0.759396843886	0.653630826486	2.51617826003	1.22093626873	0.977185016916	0.53406817303	1.19365338811	0.487247278879	0.520465079749	0.897487863702	0.495051580474	0.809583344611	0.5326179797	2.16365144998	0.789054451426	0.65018681972	0.159196331561	0.0	1.80726317061	1.33277604157	0.985715268246	0.622311232479	0.501560004833	0.471709076849	1.73913216046	0.773226331561	0.383645679072	0.412196660222	0.753745128081	0.85901481392	0.602275930401	0.383957849203	0.506013566941	0.508594523925	1.15714348961	0.976583291445	0.508717365877	0.799553740938	0.450392368294	0.851963542774	0.66170698405	1.53483137748	1.36630341228	0.779338390527	0.750292885452	0.585470164331	1.10197719671	0.838047583374	1.02893597873	0.938976853552	0.860663634606	0.918524480425	0.670547791203	0.612791493475	0.630163798937	0.632642696955	0.545036355727	0.937133243113	0.625506829386	0.900404693088	0.449148463026	0.803319888835
AB7	1.43874123248	1.53432835186	1.24907770904	0.977988931851	1.44839853069	1.79768449976	1.27548593523	1.80637471242	1.9308797245	1.42374117448	2.00201101015	1.56572165297	1.69598860319	0.9798939826	1.56762550024	1.46044648139	1.85319657322	1.80726317061	0.0	0.593165253746	1.47268504108	1.61750137264	1.91345558724	1.8786302755	1.04125348478	1.43407011116	1.83345521025	1.70413716288	1.37512052682	1.20701274529	1.70593154181	1.67377031899	1.87145299662	1.91729356694	1.83602654422	1.79224679072	1.96271540358	1.50748086515	1.86216961334	1.48528384244	1.59614614306	0.990441652972	1.03244358627	1.50810547608	2.15555075882	2.06357866119	1.92380955051	1.93128224746	1.78206780087	1.81522198647	2.05695993233	1.96704952634	1.79098866119	1.81946148864	1.85366798453	1.78833913968	1.62252442726	1.89244943451	1.56750070082	1.8732418318	1.72806533108	1.93644707105
AB8	1.07842621556	1.04176736104	1.45902119381	0.45468698405	1.07049260996	1.25740037699	0.805091971967	1.26209616723	1.39916448526	0.927093784437	1.46783675689	1.04700044949	1.15427731754	1.10932949251	1.04933292895	1.07837860802	1.35182498792	1.33277604157	0.593165253746	0.0	0.978414006767	1.0975982262	1.36796966651	1.32995991783	1.13751317061	0.944812000967	1.29110637023	1.16115047849	0.81011017883	0.654069734171	1.28458371677	1.22673579507	1.33752630256	1.37860043499	1.41800488642	1.32081115515	1.46171835669	0.96990760754	1.37783403577	1.07227963267	1.15654854519	0.683047641373	0.614896573224	0.982190749154	1.65546620106	1.55189247946	1.59741795553	1.52318475592	1.3695639681	1.42765419043	1.66417860319	1.59066633156	1.41311163364	1.42116878202	1.46028022716	1.39901235863	1.16289334461	1.54014784437	1.14168300628	1.46763664572	1.22097750604	1.51530179797
AC7	0.801722609956	0.818671072982	1.97963302562	0.905230715321	1.05802926535	0.898773107782	0.878408550024	0.900315867569	0.99596680522	0.760170111165	1.08105646689	0.917240111165	0.902388289029	1.62758062832	0.904686703722	0.852432208797	1.00806079265	0.985715268246	1.47268504108	0.978414006767	0.0	0.489973006283	0.969081179314	0.948982788787	1.39782084582	0.706875461576	0.936594113098	0.796105867569	0.555352924118	0.549082242629	0.874807080715	0.792959081682	0.929249279845	0.939654016433	1.27264971	1.13336704688	1.15778854519	0.768847327211	1.04505968101	0.963017515708	0.946433852102	1.17066657806	1.05035830353	0.745197138714	1.16627877719	1.04379164814	1.49282510875	1.39865287579	1.22435347994	1.28392595457	1.53548629773	1.47268686322	1.15193206863	1.17626832769	1.21733895118	1.13350250846	0.9187400145	1.39748903335	0.872116993717	1.29114230063	0.903452295795	1.36604785887
AC8	0.663350715321	0.676679101015	2.21297721605	0.999364987917	1.07135518608	0.621976360561	0.986215447076	0.565718511358	0.681141445143	0.769738003867	0.79256080232	0.850913378444	0.653546573224	1.85851740454	0.804241208313	0.647596524891	0.638583156114	0.622311232479	1.61750137264	1.0975982262	0.489973006283	0.0	0.637474311261	0.63633159014	1.5592818463	0.62917159014	0.504326964717	0.379155190913	0.504207525375	0.582617926535	0.5923059739	0.464761097148	0.597670067666	0.635189207347	1.15659433543	0.928780149831	0.810837723538	0.697212348961	0.708881435476	0.857456921218	0.732855026583	1.24782177864	1.0996842146	0.706142672789	0.92449659739	0.798191072982	1.34208171097	1.07868864669	1.06788961817	1.07409891252	1.19089680039	1.17631656356	0.879484775254	0.861436539391	0.894035079749	0.845797332044	0.586796123731	1.16716700822	0.618754166264	1.02366286612	0.585506104398	1.03667780087
AD7	0.863217873369	0.857087187047	2.41083045433	1.18808641373	1.26775013533	0.658744929918	1.27533633156	0.559096785887	0.44925579507	0.987271097148	0.42918939101	1.05272236346	0.738203098115	2.05942226196	0.961495490575	0.801503122281	0.475105239246	0.501560004833	1.91345558724	1.36796966651	0.969081179314	0.637474311261	0.0	0.150231169647	1.89268857902	0.871953537941	0.381247568874	0.429937225713	0.667948496858	0.829760347994	0.721253035283	0.58030102465	0.462576452392	0.53769961334	1.37166434509	1.16016136298	0.636790894152	0.850086737554	0.667679700338	1.06895095215	0.906196317061	1.43726286612	1.26195540358	0.920557167714	0.843436244563	0.663042899952	1.3954378492	1.11806069599	1.27574343644	1.20264195263	1.14728791203	1.22488946351	0.972985128081	0.892723146448	0.901771237313	0.922122431126	0.75171260029	1.24609973417	0.786472440793	1.15995256646	0.658890246496	1.06878035766
AD8	0.832597820203	0.816512315128	2.41076550024	1.15112767521	1.19947884969	0.593962537458	1.23453966167	0.506939304012	0.433272058966	0.945165302078	0.386568361527	0.98095942001	0.698360260996	2.059369768	0.93171217013	0.748947264379	0.461337104882	0.471709076849	1.8786302755	1.32995991783	0.948982788787	0.63633159014	0.150231169647	0.0	1.81553025616	0.778707153214	0.374337549541	0.435815828903	0.64084059449	0.790669719671	0.702363837603	0.549265630739	0.471867274045	0.518458999517	1.33374619623	1.11997158531	0.594167989367	0.802902498792	0.615276727888	0.994335693572	0.84496499275	1.43542732721	1.26332107298	0.86482698405	0.807444755921	0.636609623006	1.34897049783	1.06858355244	1.21932764621	1.1455222668	1.10874161431	1.18116406477	0.927766872885	0.848127626873	0.859255244079	0.870366534558	0.7335460029	1.19556519091	0.785774543258	1.10573836153	0.609963562107	1.01883884485
AE7	1.41147151764	1.48059720638	1.89830149831	1.27170329628	1.33816462059	1.71384427743	1.20436640889	1.76131877235	1.91121391493	1.31368855002	1.97569528275	1.44499384244	1.60207944901	1.63070884969	1.50782082165	1.42751904785	1.80963761721	1.73913216046	1.04125348478	1.13751317061	1.39782084582	1.5592818463	1.89268857902	1.81553025616	0.0	1.06666379894	1.80950855002	1.67767003867	1.394030174	1.3070957709	1.58251195747	1.57983977284	1.86384641373	1.87354423876	1.70230997583	1.70490697438	1.93396009183	1.52005682455	1.81444929435	1.38769057999	1.55280858869	1.43606282262	1.44423246013	1.44959339294	2.03780296762	1.96688406477	1.74172931851	1.82030680039	1.62148332528	1.65515370227	1.98477245046	1.83103531658	1.67760549058	1.71670048333	1.76423528275	1.66728869985	1.59955114548	1.76728078299	1.52869710488	1.75290459642	1.68203663122	1.84691089899
AE8	0.657325041083	0.596158888352	2.18065720638	0.935749299178	0.845206863219	0.72801780087	0.868384233929	0.755019478009	0.903346558724	0.61562457709	0.966822609956	0.659906051232	0.663425683905	1.83284631706	0.742022561624	0.587073663606	0.82853478492	0.773226331561	1.43407011116	0.944812000967	0.706875461576	0.62917159014	0.871953537941	0.778707153214	1.06666379894	0.0	0.798713644273	0.692815413243	0.624453354277	0.59141240696	0.756472518125	0.656096785887	0.854939714838	0.861267863702	1.06878639923	0.897662817786	0.947908144031	0.669046587724	0.831522846786	0.649704586757	0.658560662156	1.21455195747	1.05062345094	0.632329961334	1.10836183664	1.01038550507	1.16225278879	1.07458881102	0.908461343644	0.939889062349	1.21546968584	1.15410089415	0.895603344611	0.8952299855	0.933103972934	0.876067694538	0.695001285645	1.09723300145	0.683363088449	0.97621918318	0.717185949734	1.05055338328
AF7	0.77321842436	0.671073073949	2.3978817738	1.17605271629	1.08947470759	0.562976877719	1.18802090382	0.453571333978	0.42286921218	0.893888487192	0.484391372644	0.879833170614	0.584159231513	2.04366419526	0.791953547608	0.673671889802	0.350061082649	0.383645679072	1.83345521025	1.29110637023	0.936594113098	0.504326964717	0.381247568874	0.374337549541	1.80950855002	0.798713644273	0.0	0.209785074915	0.647513475109	0.786762426293	0.673262895118	0.524141353311	0.400849067182	0.457878105365	1.18173039633	0.969839023683	0.525409115515	0.742544456259	0.537847462542	0.898084330594	0.717406563557	1.42921495892	1.24906775737	0.776971232479	0.782015384244	0.61694481392	1.23100787337	0.957179855002	1.09168270179	1.04040274529	0.989615645239	1.05847526341	0.812886761721	0.760441058482	0.777530434993	0.774072909618	0.570314166264	1.07354294345	0.63586459159	0.992927336878	0.491373494442	0.914089415176
AF8	0.66163280812	0.622162914451	2.29642707105	1.04890433543	1.03997783954	0.551432953117	1.0717422668	0.425795152247	0.465186737554	0.779867085549	0.594205263412	0.836861058482	0.554827390043	1.93947856936	0.744465959401	0.598543992267	0.416279052682	0.412196660222	1.70413716288	1.16115047849	0.796105867569	0.379155190913	0.429937225713	0.435815828903	1.67767003867	0.692815413243	0.209785074915	0.0	0.528458337361	0.659821875302	0.646777104882	0.468269888835	0.433899893668	0.49112077332	1.1715662494	0.955419845336	0.610903102948	0.704543160947	0.554298946351	0.84224956984	0.684040647656	1.32001783954	1.14406715805	0.735512711455	0.860660990817	0.708484552924	1.24659077332	0.970692324795	1.04659428226	1.03250206863	1.01286980667	1.08030101498	0.822311749638	0.774816573224	0.801245282745	0.78364537941	0.528222150797	1.08973454326	0.555232150797	0.991100154664	0.490695949734	0.922270362494
AG7	0.697646863219	0.647381928468	1.91374181247	0.68589221363	0.900873731271	0.640818569357	0.871779879169	0.581207564041	0.674769357177	0.633241507975	0.798520043499	0.756860323828	0.639649893668	1.55900969551	0.685560294828	0.664808999517	0.767650749154	0.753745128081	1.37512052682	0.81011017883	0.555352924118	0.504207525375	0.667948496858	0.64084059449	1.394030174	0.624453354277	0.647513475109	0.528458337361	0.0	0.250318598357	0.800803185114	0.671297583374	0.626591367811	0.727070526825	1.24429501692	0.992369550507	0.89375361044	0.482386457226	0.782119207347	0.844767945868	0.746164156597	1.00773835186	0.826401106815	0.535683653939	1.06466249879	0.937623122281	1.35443477525	1.1117381827	1.12167735621	1.1231178637	1.24629522958	1.19977629773	0.938690328661	0.90915362494	0.972986877719	0.91642479942	0.670810985984	1.20113564524	0.659591493475	1.09756348961	0.682692141131	1.09154636056
AG8	0.654397651039	0.634275036249	1.86201508458	0.638552735621	0.879862083132	0.749516645723	0.762004287095	0.717342933784	0.849778289029	0.599863479942	0.955377491542	0.729006423393	0.721049342678	1.50286645723	0.684635471242	0.643049125181	0.882929763171	0.85901481392	1.20701274529	0.654069734171	0.549082242629	0.582617926535	0.829760347994	0.790669719671	1.3070957709	0.59141240696	0.786762426293	0.659821875302	0.250318598357	0.0	0.863715877235	0.761777051716	0.800824436926	0.838665954567	1.20779144031	0.988239719671	0.983513958434	0.507575002417	0.903787704205	0.804092054132	0.760746457226	0.968449903335	0.803944693088	0.5156119768	1.14219089899	1.03436299662	1.34152860802	1.1910438956	1.10581100532	1.13646610923	1.33604099082	1.27838394393	1.00399097632	0.990196901885	1.04510134848	0.980549787337	0.745445466409	1.22451268729	0.712124069599	1.16147349444	0.768949395843	1.16896086999
AH7	0.749782672789	0.878771483809	2.45667074915	1.28234399227	1.20252201063	0.801457433543	1.16347398743	0.790699507008	0.867727989367	0.956962092798	0.832519903335	1.0355038086	0.826682435959	2.12031239729	1.0386737071	0.740037684872	0.66832441276	0.602275930401	1.70593154181	1.28458371677	0.874807080715	0.5923059739	0.721253035283	0.702363837603	1.58251195747	0.756472518125	0.673262895118	0.646777104882	0.800803185114	0.863715877235	0.0	0.274762982117	0.88590078782	0.8857119913	1.18400550991	1.05264638473	0.813991720638	0.955719869502	0.749181657806	0.988218738521	0.859370879652	1.51724936684	1.35982545191	0.946594098598	0.97920279362	0.883393827936	1.28391064282	1.03978913968	1.16215444176	1.06305314161	1.13928523925	1.12809450459	0.867007153214	0.819839942001	0.826770903818	0.811946950217	0.75970722088	1.13253257612	0.795117249879	1.00536560174	0.710049536008	1.02308218946
AH8	0.661733707105	0.717448898018	2.41958823103	1.17425724988	1.04708992267	0.612168429193	1.08359378927	0.597774485259	0.697219574674	0.813973977767	0.700328753021	0.888958129531	0.657734997583	2.06588505558	0.884838110198	0.581145838569	0.448955495408	0.383957849203	1.67377031899	1.22673579507	0.792959081682	0.464761097148	0.58030102465	0.549265630739	1.57983977284	0.656096785887	0.524141353311	0.468269888835	0.671297583374	0.761777051716	0.274762982117	0.0	0.699363257612	0.686829009183	1.13357956984	0.948580144998	0.679068786854	0.816007104882	0.582561623973	0.859362039633	0.714629695505	1.44178963267	1.27834504108	0.799583750604	0.868730724988	0.744229347511	1.17903670855	0.933420560657	1.03788036249	0.947947878202	1.00184130014	1.02185360077	0.725917162881	0.692575857902	0.705279705172	0.690673711938	0.600353093282	1.01520246013	0.628880686322	0.896872566457	0.534188767521	0.899718530691
AA5	0.850924340261	0.652222479459	2.30246249879	1.14233280329	1.00156438376	0.483350546158	1.19821151764	0.309199366844	0.251874886419	0.896100154664	0.444084751087	0.792779743838	0.604003272112	1.95509744804	0.694402769454	0.764208197197	0.456679652006	0.506013566941	1.87145299662	1.33752630256	0.929249279845	0.597670067666	0.462576452392	0.471867274045	1.86384641373	0.854939714838	0.400849067182	0.433899893668	0.626591367811	0.800824436926	0.88590078782	0.699363257612	0.0	0.264093233446	1.20432673272	0.94515659739	0.57198381827	0.591654673755	0.601580299662	0.851655785404	0.688612073465	1.28753665056	1.12213099565	0.641923721605	0.792973073949	0.594748545191	1.31863792653	1.04112675689	1.0797560029	1.08727949734	1.08891173997	1.15671865636	0.86811838086	0.836255277912	0.83682778637	0.845475519575	0.608491304978	1.15603434026	0.687812508458	1.05822718221	0.568386621556	0.99332937651
AA6	0.852936568391	0.677932252296	2.41104971	1.19392242146	0.983002759787	0.401434780087	1.1894559449	0.347671739971	0.332866215563	0.89053421943	0.432509845336	0.760172561624	0.578550367327	2.05164095698	0.719468685355	0.742019758337	0.479817564041	0.508594523925	1.91729356694	1.37860043499	0.939654016433	0.635189207347	0.53769961334	0.518458999517	1.87354423876	0.861267863702	0.457878105365	0.49112077332	0.727070526825	0.838665954567	0.8857119913	0.686829009183	0.264093233446	0.0	1.08083319961	0.837406012566	0.482968525858	0.617435234413	0.48632481392	0.846263740938	0.620526689222	1.39152335911	1.21478059449	0.666797080715	0.589294214596	0.399506437893	1.19471063799	0.923733378444	0.959050637989	0.932646544224	0.969540913485	1.03016277429	0.730447438376	0.727172542291	0.719705862736	0.712456331561	0.61552679072	1.01135256162	0.716803044949	0.903856529725	0.524672092798	0.873590294828
AB5	1.13267057999	0.930671706138	2.53808029966	1.38080243596	0.798058985017	1.02271865152	1.1678759594	1.07644127598	1.18271906718	0.956025041083	1.19149867569	0.807720502658	1.01318402127	2.19302571774	0.988061633639	0.995639618173	1.1823638231	1.15714348961	1.83602654422	1.41800488642	1.27264971	1.15659433543	1.37166434509	1.33374619623	1.70230997583	1.06878639923	1.18173039633	1.1715662494	1.24429501692	1.20779144031	1.18400550991	1.13357956984	1.20432673272	1.08083319961	0.0	0.389481947801	0.952543513775	1.02734898502	0.957947448043	0.814282160464	0.820468076365	1.57062670855	1.42722285162	0.949937887869	1.01498859352	0.991503726438	0.861142532624	0.906425582407	0.730037341711	0.758460913485	1.06847914935	0.931185621073	0.811697921701	0.917940483325	0.924542928951	0.860050633156	1.00162349928	0.861387472209	1.02541688255	0.818907129048	0.996508472692	0.909030173997
AB6	0.945678289029	0.70755279362	2.47044144514	1.26083476559	0.717056534558	0.779001246979	1.05665734654	0.820312880619	0.942754461092	0.824528922185	0.991271092315	0.586840642823	0.777709507008	2.11653892702	0.758937887869	0.789546292895	0.989719052682	0.976583291445	1.79224679072	1.32081115515	1.13336704688	0.928780149831	1.16016136298	1.11997158531	1.70490697438	0.897662817786	0.969839023683	0.955419845336	0.992369550507	0.988239719671	1.05264638473	0.948580144998	0.94515659739	0.837406012566	0.389481947801	0.0	0.75422661189	0.759191889802	0.78585258579	0.714271686805	0.616527588207	1.45523237796	1.30534181247	0.694419439343	0.781802556791	0.807939555341	0.778719637506	0.691734055099	0.535853450942	0.531906747221	0.857928704688	0.729962310295	0.61917182697	0.756055596907	0.76117359594	0.697268762687	0.778129333011	0.677172832286	0.796146138231	0.589763547608	0.80234658289	0.687464891252
AC5	0.934963653939	0.790993499275	2.630810087	1.39374279845	0.977544267762	0.569278820686	1.26624514741	0.52757741421	0.516996510391	0.96571219913	0.470772232963	0.783639453842	0.727975509908	2.27612198163	0.86732239246	0.825559990333	0.509782029966	0.508717365877	1.96271540358	1.46171835669	1.15778854519	0.810837723538	0.636790894152	0.594167989367	1.93396009183	0.947908144031	0.525409115515	0.610903102948	0.89375361044	0.983513958434	0.813991720638	0.679068786854	0.57198381827	0.482968525858	0.952543513775	0.75422661189	0.0	0.75814921218	0.42776840986	0.877244514258	0.689741817303	1.63863556791	1.45414876269	0.780333475109	0.502192677622	0.374400492992	1.01939547124	0.738707394877	0.913699579507	0.822107085549	0.771432310295	0.82539161914	0.625326674722	0.556054465926	0.550730947318	0.583146365394	0.745342063799	0.850512928951	0.820527646206	0.781216955051	0.596211483809	0.696777032383
AC6	0.791629357177	0.497452484292	2.03837983084	0.826186297728	0.710411633639	0.578595437409	0.750043175447	0.50823417593	0.679960637989	0.532206814886	0.802799666506	0.560549478009	0.570164528758	1.67740304495	0.490293305945	0.662816684389	0.804251648139	0.799553740938	1.50748086515	0.96990760754	0.768847327211	0.697212348961	0.850086737554	0.802902498792	1.52005682455	0.669046587724	0.742544456259	0.704543160947	0.482386457226	0.507575002417	0.955719869502	0.816007104882	0.591654673755	0.617435234413	1.02734898502	0.759191889802	0.75814921218	0.0	0.723277805703	0.642517419043	0.557940966651	0.919011807637	0.734943591107	0.311383441276	0.970243881102	0.837899265346	1.160829913	0.998371541808	0.917010318995	0.93038539391	1.13516072982	1.07312326728	0.832338061866	0.856932223296	0.900596051232	0.820878593523	0.630098728855	1.01939433059	0.650340976317	0.954482223296	0.640986370227	0.977285635573
AD6	0.789147694538	0.654153808603	2.53652487675	1.24704577574	0.893022837119	0.434446853552	1.1241178202	0.453908733688	0.545509521508	0.841543943934	0.471889632673	0.713844712421	0.580951285645	2.17867647173	0.758371498308	0.679487704205	0.478629009183	0.450392368294	1.86216961334	1.37783403577	1.04505968101	0.708881435476	0.667679700338	0.615276727888	1.81444929435	0.831522846786	0.537847462542	0.554298946351	0.782119207347	0.903787704205	0.749181657806	0.582561623973	0.601580299662	0.48632481392	0.957947448043	0.78585258579	0.42776840986	0.723277805703	0.0	0.722465944901	0.46930060899	1.53251464959	1.357029797	0.731239014016	0.673502073465	0.545427472209	0.929503871435	0.671507539874	0.842730715321	0.718569134848	0.721609149348	0.777970565491	0.53693378927	0.472003687772	0.5079039971	0.494698419526	0.565276118898	0.775682411793	0.649695505075	0.686484900918	0.409085819236	0.619640289995
AE5	0.660514538424	0.505275055582	2.32913371194	1.03519610923	0.658722479459	0.720961923635	0.803617675205	0.721603330111	0.913725983567	0.561617651039	0.966172735621	0.557371043983	0.654409555341	1.96961168681	0.631924615756	0.529696558724	0.913230894152	0.851963542774	1.48528384244	1.07227963267	0.963017515708	0.857456921218	1.06895095215	0.994335693572	1.38769057999	0.649704586757	0.898084330594	0.84224956984	0.844767945868	0.804092054132	0.988218738521	0.859362039633	0.851655785404	0.846263740938	0.814282160464	0.714271686805	0.877244514258	0.642517419043	0.722465944901	0.0	0.352563537941	1.26219194297	1.10899208797	0.543350082165	1.08231572257	0.993652624456	0.914525553407	0.848315814403	0.757450434993	0.709624456259	1.02096899468	0.912027907202	0.64672499275	0.694740604157	0.772640024166	0.633401377477	0.583467699372	0.846264548091	0.564078337361	0.774383325278	0.650984717255	0.842862281295
AE6	0.575035659739	0.397762875785	2.37697703722	1.05841466892	0.672158003867	0.513331493475	0.870381367811	0.539054755921	0.691041488642	0.602439468342	0.758260198163	0.511989729338	0.475572126631	2.01679185114	0.513152426293	0.432226012566	0.707945654906	0.66170698405	1.59614614306	1.15654854519	0.946433852102	0.732855026583	0.906196317061	0.84496499275	1.55280858869	0.658560662156	0.717406563557	0.684040647656	0.746164156597	0.760746457226	0.859370879652	0.714629695505	0.688612073465	0.620526689222	0.820468076365	0.616527588207	0.689741817303	0.557940966651	0.46930060899	0.352563537941	0.0	1.32354163847	1.147890261	0.504135031416	0.887149188014	0.786026031899	0.850116592557	0.686675969067	0.655040352827	0.595585084582	0.833984915418	0.761151029483	0.477255364911	0.520133895602	0.558815471242	0.464996988884	0.415928066699	0.696492455292	0.440808670855	0.627804949251	0.462992933784	0.664021933301
AF5	1.29193915418	1.19658373127	1.29291244079	0.616158927018	1.21468478492	1.37309545191	0.856780309328	1.29387459642	1.37129664089	1.016569971	1.53629952634	1.2095098115	1.30092466892	0.945176447559	1.10964522958	1.29025953117	1.51572519575	1.53483137748	0.990441652972	0.683047641373	1.17066657806	1.24782177864	1.43726286612	1.43542732721	1.43606282262	1.21455195747	1.42921495892	1.32001783954	1.00773835186	0.968449903335	1.51724936684	1.44178963267	1.28753665056	1.39152335911	1.57062670855	1.45523237796	1.63863556791	0.919011807637	1.53251464959	1.26219194297	1.32354163847	0.0	0.226204436926	1.03483945384	1.77788543258	1.65273498792	1.76333296278	1.69039769454	1.55158425326	1.61852248913	1.82018947318	1.75824362011	1.57543172547	1.61783656839	1.66410837119	1.58457072015	1.29986612856	1.71281118415	1.27031891252	1.65046353311	1.40170758337	1.68349714355
AF6	1.15605224263	1.01851926535	1.43986295795	0.485325374577	1.07208762687	1.20218765104	0.738029946834	1.113940203	1.19713378927	0.842578110198	1.37038142098	1.06213421943	1.12570895118	1.09293118898	0.955707820203	1.1189482407	1.3498838231	1.36630341228	1.03244358627	0.614896573224	1.05035830353	1.0996842146	1.26195540358	1.26332107298	1.44423246013	1.05062345094	1.24906775737	1.14406715805	0.826401106815	0.803944693088	1.35982545191	1.27834504108	1.12213099565	1.21478059449	1.42722285162	1.30534181247	1.45414876269	0.734943591107	1.357029797	1.10899208797	1.147890261	0.226204436926	0.0	0.857186955051	1.59595854036	1.47501450459	1.62060643789	1.53587182697	1.41614541324	1.47832656839	1.65496565491	1.61998000483	1.40938024166	1.44128292895	1.48574750121	1.41012103432	1.12349302078	1.57397484775	1.09513373127	1.51576224746	1.23096707105	1.51427090865
AG5	0.735202841953	0.41972858869	2.12155660222	0.849436756887	0.608130879652	0.565684108265	0.749134900918	0.550110744321	0.700467162881	0.493232460126	0.817366172064	0.440166268729	0.538054320928	1.76153589174	0.432453963267	0.597141082649	0.807849618173	0.779338390527	1.50810547608	0.982190749154	0.745197138714	0.706142672789	0.920557167714	0.86482698405	1.44959339294	0.632329961334	0.776971232479	0.735512711455	0.535683653939	0.5156119768	0.946594098598	0.799583750604	0.641923721605	0.666797080715	0.949937887869	0.694419439343	0.780333475109	0.311383441276	0.731239014016	0.543350082165	0.504135031416	1.03483945384	0.857186955051	0.0	0.958848356694	0.857814702755	1.0693158289	0.937202948284	0.801969246013	0.832234693088	1.09713360561	1.01079911068	0.726026887385	0.793445108748	0.859301928468	0.729959966167	0.593454997583	0.950203252779	0.612536665056	0.874200628323	0.625470778154	0.926168960851
