	AA3	AA4	AB3	AB4	AC3	AC4	AD3	AD4	AE3	AE4	AF3	AF4	AG3	AG4	AH3	AH4	AA7	AA8	AB7	AB8	AC7	AC8	AD7	AD8	AE7	AE8	AF7	AF8	AG7	AG8	AH7	AH8	AA5	AA6	AB5	AB6	AC5	AC6	AD6	AE5	AE6	AF5	AF6	AG5	AH5	AH6	AA1	AA2	AB1	AB2	AC1	AC2	AD1	AD2	AE1	AE2	AF1	AF2	AG1	AG2	AH1	AH2
AA3	0.0	0.540668641856	2.24769350411	0.979129134848	0.811364045433	0.785708356694	0.858340681489	0.753584407927	0.897137249879	0.6700519768	0.984758583857	0.743552121798	0.728649560174	1.88503464959	0.749123049782	0.26156561624	0.773984659256	0.74123080232	1.44205647173	1.04928288545	0.790883431609	0.660443199613	0.887537225713	0.874637757371	1.35074041566	0.608371996133	0.789888525858	0.60800159014	0.705851735138	0.704753692605	0.750912068632	0.662773808603	0.866058492025	0.84269421943	1.07226168197	0.890061140648	0.972234548091	0.763045244079	0.753830865152	0.548458414693	0.569101145481	1.19939283229	1.16266839536	0.678571198647	1.10937512325	1.07002571774	1.0090538811	0.940973189947	0.911455799903	0.835165669406	1.07299407443	0.980365582407	0.679708912518	0.706948177864	0.782274842919	0.683962237796	0.548193214113	0.917056046399	0.494154504592	0.876705969067	0.665704668922	0.970908211696
AA4	0.540668641856	0.0	2.27437263412	0.938797999033	0.643298719188	0.562256795553	0.868343098115	0.46341820203	0.686016921218	0.593374064766	0.80546242146	0.466050140164	0.400997438376	1.90884960367	0.322087931368	0.340666080232	0.645678356694	0.624188540358	1.59183443209	1.06379701788	0.854152856452	0.660308013533	0.845500367327	0.789394335428	1.50804684389	0.599259139681	0.653207327211	0.615280362494	0.677723093282	0.740773934268	0.861137694538	0.735129565007	0.618474944418	0.605489299178	0.93042979217	0.672183702272	0.782174045433	0.560251391977	0.565693059449	0.510551561141	0.40226958434	1.17060709038	1.1011419768	0.470494282262	0.929492484292	0.860918245529	0.980194122765	0.805675944901	0.70498338811	0.739008366361	0.957083963267	0.876927322378	0.628210575157	0.602214035766	0.660495442243	0.612965050749	0.424906128565	0.828252344128	0.438964519091	0.757491005317	0.45982760754	0.814622576124
AB3	2.24769350411	2.27437263412	0.0	1.44937509908	2.23398136781	2.41054466409	1.94884193813	2.31455743838	2.3675417158	2.08072258096	2.53676502175	2.374119739	2.31801839536	0.397123794103	2.14253514258	2.26815913001	2.45058095698	2.47213811986	1.16015378444	1.47931983084	1.98053615273	2.15820310295	2.41262925085	2.41655993233	1.90633272112	2.16968723055	2.36646358627	2.26002369744	1.90681606573	1.76917747221	2.44723054132	2.42134104882	2.30495142581	2.38624350894	2.54856238763	2.47422573224	2.64417850169	1.99034124215	2.52295989367	2.31995746738	2.40160112615	1.35550463509	1.40529644756	2.07201842919	2.73639953117	2.64660849203	2.70577794103	2.68970347511	2.50703182697	2.61512978734	2.78412864186	2.74082884969	2.57874090865	2.60375185114	2.61802674239	2.57873814886	2.29984550024	2.67925510875	2.31082775737	2.62889276462	2.4039438086	2.70996597873
AB4	0.979129134848	0.938797999033	1.44937509908	0.0	0.98222300145	1.08163081199	0.786798670855	1.05600953117	1.19212260512	0.812130517158	1.29277098598	1.07509286612	0.906194712421	1.07130121315	0.855153972934	0.942349357177	1.17235930401	1.19006125181	0.993293842436	0.484699531174	0.939090546158	0.949761266312	1.19210077332	1.18253908168	1.26513681972	0.920835949734	1.1424898405	1.0028219188	0.687044359594	0.590476834219	1.2893461044	1.18398046883	1.14672065732	1.17653429676	1.38999002417	1.2565502755	1.41399424843	0.774060449493	1.19192420493	1.00629725471	1.08664850169	0.56065318028	0.505597974867	0.808773740938	1.50557194297	1.44680501208	1.50334645723	1.40427478492	1.25938351377	1.34218857902	1.53769910101	1.4861362639	1.27500839053	1.29432270662	1.35302459642	1.28155608023	1.02161492508	1.42274348961	1.03157256162	1.3615779652	1.08899154181	1.43209229096
AC3	0.811364045433	0.643298719188	2.23398136781	0.98222300145	0.0	0.747685016916	0.870602996617	0.803919299178	0.982098695022	0.638568482359	1.06296083132	0.404036959884	0.784463378444	1.87546643789	0.649091580474	0.694707796037	0.980242266796	0.948169531174	1.50558061382	1.06220691155	1.04152043983	0.998680923151	1.24715876752	1.18488761237	1.35411062832	0.825948076365	1.03890505075	0.985095224746	0.927654726921	0.886008496858	1.1416942581	1.00587893668	0.94375882552	0.92738781537	0.785056157564	0.670034282262	0.959093537941	0.737332750121	0.782474417593	0.637316901885	0.659852730788	1.15309718705	1.10262800387	0.627330352827	1.11800519091	1.08426475592	0.878494098598	0.920149260512	0.710327143548	0.755279652006	1.03963359594	0.923475563074	0.71005702755	0.762954746254	0.832466921218	0.726202329628	0.787222914451	0.848680555824	0.767909898502	0.83862982117	0.845248086032	0.904074973417
AC4	0.785708356694	0.562256795553	2.41054466409	1.08163081199	0.747685016916	0.0	1.14903072982	0.380575432576	0.493478453359	0.852377143548	0.385699893668	0.502013305945	0.464213354277	2.04889347511	0.732471145481	0.645701029483	0.596998158531	0.568902493958	1.85570807637	1.29632664089	0.902651372644	0.636551710971	0.703163784437	0.643664064766	1.74178031416	0.753780294828	0.584753992267	0.577671039149	0.697592126631	0.860749724505	0.821854925085	0.674647945868	0.492691739971	0.405376640889	0.986497694538	0.734516882552	0.578516244563	0.661922551957	0.387028405027	0.739707100048	0.558666988884	1.32922814886	1.26771295312	0.605502319961	0.642660782987	0.57912022233	1.07548731271	0.837401440309	0.780986901885	0.792030526825	0.892812087965	0.932365828903	0.617998477525	0.612339908168	0.636264388594	0.629461072982	0.613961967134	0.92470762204	0.636733639439	0.755381894635	0.424753006283	0.810207742871
AD3	0.858340681489	0.868343098115	1.94884193813	0.786798670855	0.870602996617	1.14903072982	0.0	0.992678661189	1.2965542001	0.371427274045	1.37089029483	1.02305419526	1.07018306912	1.58433826003	0.790174074432	0.860681193813	1.19688031416	1.17300812953	1.32621376027	0.843916868052	0.897246945384	0.942583359111	1.30175902852	1.27723387627	1.20638490575	0.868377907202	1.19487530691	1.02902530691	0.884404113098	0.762621372644	1.16383032383	1.09018859352	1.21306798937	1.17322995167	1.16589242629	1.04880302078	1.27593105365	0.734451193813	1.12951914451	0.805591730304	0.941584272595	0.826552653456	0.798610749154	0.763435389077	1.42642908652	1.37295871435	1.36090264379	1.33612265829	1.11256763654	1.16327652006	1.4780542436	1.38541975834	1.16454615273	1.19005403093	1.24725677139	1.12929814403	0.961320256162	1.29152150314	0.955499246013	1.20735924601	1.11216656839	1.32582093765
AD4	0.753584407927	0.46341820203	2.31455743838	1.05600953117	0.803919299178	0.380575432576	0.992678661189	0.0	0.34369578057	0.66747258579	0.536301580474	0.595818279362	0.466915108748	1.95059381827	0.598809826003	0.587782542291	0.537451338811	0.502425195747	1.80717668439	1.24619451426	0.844119816336	0.548626785887	0.607703769937	0.534093707105	1.7325378057	0.720482648623	0.477923093282	0.463457820203	0.587002445626	0.777183620106	0.791701677139	0.643585940068	0.329792025133	0.343184311261	1.05956754954	0.801277544708	0.599156085065	0.54220277912	0.456704069599	0.6719939971	0.519919589174	1.20157242629	1.1426162639	0.514756060899	0.695303523441	0.579651517641	1.14097959401	0.883714359594	0.873193064282	0.895218815853	0.93982102465	1.00668294345	0.699994451426	0.635444021266	0.652236360561	0.699539917835	0.510432266796	0.996622532624	0.559248347028	0.845941406477	0.440042087965	0.87582142581
AE3	0.897137249879	0.686016921218	2.3675417158	1.19212260512	0.982098695022	0.493478453359	1.2965542001	0.34369578057	0.0	0.973167709038	0.369100976317	0.781527071049	0.582309062349	2.01509282745	0.780473098115	0.796742740454	0.535002112131	0.52999681972	1.96498273079	1.41829051716	0.988354088932	0.679913257612	0.452414523925	0.414438284195	1.92010480909	0.910603919768	0.426295509908	0.526686041566	0.706008279362	0.938131213146	0.884766640889	0.751824678589	0.267939357177	0.327085872402	1.2128538086	0.961645002417	0.586973325278	0.740836307395	0.586255896568	0.929761039149	0.711583238279	1.31194191397	1.23986625423	0.716438144031	0.743183189947	0.587842271629	1.28408709038	1.00495159014	1.05205964234	1.05273608507	1.04732651039	1.13713175447	0.839156911551	0.78655060899	0.773230101498	0.847050497825	0.682206636056	1.13988495408	0.723532953117	0.997777138714	0.558543968101	1.00869582407
AE4	0.6700519768	0.593374064766	2.08072258096	0.812130517158	0.638568482359	0.852377143548	0.371427274045	0.66747258579	0.973167709038	0.0	1.07583544224	0.759644862252	0.781324340261	1.71594057516	0.559663871435	0.59944298695	0.901878463026	0.876019550507	1.44702857419	0.91303359594	0.754006727888	0.723320318995	1.01788229096	0.976237303045	1.31280039633	0.620555002417	0.888780376994	0.758775683905	0.641232353794	0.612525302078	0.958404635089	0.850181918801	0.903931986467	0.873158801353	0.994605248913	0.863241362977	0.983964166264	0.494441880135	0.844953281779	0.568071106815	0.672892010633	0.92124881102	0.858956785887	0.482578525858	1.142069855	1.08760096182	1.15839816336	1.11690089415	0.910942634123	0.972591469309	1.26473674239	1.17389679555	0.935449308845	0.931042000967	0.979255703238	0.884457636539	0.692841933301	1.08943884002	0.693936495892	1.01426910101	0.82564882552	1.10204900435
AF3	0.984758583857	0.80546242146	2.53676502175	1.29277098598	1.06296083132	0.385699893668	1.37089029483	0.536301580474	0.369100976317	1.07583544224	0.0	0.814558506525	0.692377211213	2.17769970034	0.962802513291	0.874641918801	0.533199202513	0.52642337361	2.05975947318	1.50172077332	1.0598261334	0.786748714355	0.434428540358	0.391041145481	1.99868281779	0.990986355727	0.500086500725	0.658728400193	0.834984316095	1.05152405027	0.838374615756	0.726584059932	0.455681503142	0.442019975834	1.18751504592	0.977360256162	0.506324954084	0.861978318028	0.549714156597	0.96530139681	0.774314035766	1.47786328661	1.41441516675	0.834507008217	0.651406708555	0.523887017883	1.23515172064	0.982713629773	1.0748657709	1.01708919285	1.02559637023	1.08303570807	0.79868900435	0.741702073465	0.763262783954	0.778809076849	0.834072658289	1.07936913968	0.860304282262	0.969271213146	0.580775596907	0.964874780087
AF4	0.743552121798	0.466050140164	2.374119739	1.07509286612	0.404036959884	0.502013305945	1.02305419526	0.595818279362	0.781527071049	0.759644862252	0.814558506525	0.0	0.580171474142	2.01326864669	0.625576824553	0.568363035283	0.785968545191	0.754808134364	1.68418695022	1.15686115515	1.01866384727	0.829829995167	1.04017747704	0.975827278879	1.54945129048	0.707750410826	0.844600463992	0.796192899952	0.833578666022	0.884587457709	0.975813334944	0.857043136781	0.737100927985	0.716018675689	0.742664755921	0.47529739971	0.705410062832	0.685786858386	0.589230053166	0.605975949734	0.51287057999	1.26735878685	1.20849230063	0.590978351861	0.814822237796	0.789922788787	0.798657496375	0.677187022716	0.531301184147	0.56588319478	0.801294142098	0.722748936684	0.526669453842	0.546468487192	0.635651662639	0.566721744804	0.616440550991	0.668915418076	0.611503823103	0.59551982117	0.638428728855	0.656442547124
AG3	0.728649560174	0.400997438376	2.31801839536	0.906194712421	0.784463378444	0.464213354277	1.07018306912	0.466915108748	0.582309062349	0.781324340261	0.692377211213	0.580171474142	0.0	1.93983417593	0.516813953601	0.569306660222	0.577227143548	0.572139125181	1.74337126148	1.19448793137	0.918932131464	0.659402319961	0.74943737071	0.708845113581	1.6257322958	0.689709366844	0.584739023683	0.604044635089	0.679630082165	0.788462402127	0.840070115998	0.710704374094	0.57932561624	0.541716781054	1.01601767037	0.771606640889	0.748381121315	0.631950715321	0.512012547124	0.687655099082	0.494174417593	1.24463095698	1.18019470759	0.577497665539	0.861785669406	0.787518873852	1.03970173997	0.788697646206	0.79003619623	0.808485321411	0.928232247463	0.889630483325	0.619491222813	0.610441662639	0.674834659256	0.629110260996	0.470869202513	0.896654538424	0.516531546641	0.769412851619	0.417020241663	0.804017491542
AG4	1.88503464959	1.90884960367	0.397123794103	1.07130121315	1.87546643789	2.04889347511	1.58433826003	1.95059381827	2.01509282745	1.71594057516	2.17769970034	2.01326864669	1.93983417593	0.0	1.78246775254	1.90213558724	2.09658039149	2.11304251329	0.898185814403	1.13015288545	1.62310551474	1.79652623006	2.05495751087	2.0576602755	1.62934660706	1.80996230546	2.00561896085	1.89665501208	1.54950878202	1.40853992267	2.11097808603	2.06188169164	1.9502157709	2.02161700822	2.19667531658	2.11697835186	2.28195292895	1.63082176897	2.15524978734	1.9532979362	2.03415199613	1.0047318318	1.05780310295	1.71006369261	2.37647305945	2.28271798937	2.33929667956	2.32517093282	2.14242516191	2.24812330594	2.42216269212	2.37686494925	2.21320163847	2.23610098115	2.25925524408	2.21365554374	1.93564882069	2.31625168197	1.94670968584	2.26267915901	2.0410620638	2.34558820686
AH3	0.749123049782	0.322087931368	2.14253514258	0.855153972934	0.649091580474	0.732471145481	0.790174074432	0.598809826003	0.780473098115	0.559663871435	0.962802513291	0.625576824553	0.516813953601	1.78246775254	0.0	0.565752551957	0.794693750604	0.794675659739	1.54643608023	1.00864339294	0.876921802803	0.79191381827	0.98122120348	0.931161851136	1.46588868536	0.717099879169	0.808909323345	0.770959207347	0.712678748188	0.722550198163	1.03806973417	0.921111097148	0.719756205897	0.745974823586	1.00969245529	0.801011121315	0.931050550991	0.529348951184	0.732072010633	0.602244258096	0.580861507975	1.0394558724	0.955157834703	0.467347791203	1.09674643789	1.02147234413	1.06810368777	0.918360405993	0.782680077332	0.858308661189	1.05435393427	1.00664896085	0.801569207347	0.786137839536	0.830306167231	0.799436742388	0.571873943934	0.952198032866	0.593856520058	0.879570865152	0.651240807153	0.945250439826
AH4	0.26156561624	0.340666080232	2.26815913001	0.942349357177	0.694707796037	0.645701029483	0.860681193813	0.587782542291	0.796742740454	0.59944298695	0.874641918801	0.568363035283	0.569306660222	1.90213558724	0.565752551957	0.0	0.664595949734	0.624347631706	1.49687481875	1.03880150314	0.795081333978	0.631170420493	0.84541059449	0.78705717738	1.41627883035	0.546399120348	0.677906312228	0.579994243596	0.677227472209	0.719466945384	0.760836756887	0.621457037216	0.752531870469	0.704305819236	0.977976317061	0.745405094248	0.836782696955	0.623437327211	0.615946921218	0.45437679072	0.46117962784	1.18855359594	1.1262482697	0.541766104398	0.976071527308	0.933542721121	0.968718250362	0.851496437893	0.776387390043	0.740197433543	0.989447675205	0.90483558724	0.60649479942	0.620631367811	0.707110724988	0.612715161914	0.401933697438	0.846658463026	0.400516872885	0.76564557274	0.547031193813	0.862580285162
AA7	0.773984659256	0.645678356694	2.45058095698	1.17235930401	0.980242266796	0.596998158531	1.19688031416	0.537451338811	0.535002112131	0.901878463026	0.533199202513	0.785968545191	0.577227143548	2.09658039149	0.794693750604	0.664595949734	0.0	0.148045166747	1.80910043499	1.27907977284	0.961885248913	0.643346360561	0.459404098598	0.436512634123	1.74441287579	0.795947394877	0.352072054132	0.444312503625	0.725703189947	0.876649681005	0.620946201063	0.411489381344	0.518087124215	0.529216355727	1.22763970034	1.00198942484	0.608359091348	0.811349932334	0.534595389077	0.865069811503	0.738240091832	1.38669273562	1.33230517641	0.80741979217	0.796968965684	0.692859705172	1.17167216046	0.925063968101	1.07786592073	1.00096942968	0.959671445143	1.02793926051	0.729628593523	0.673998501692	0.694903649106	0.736700555824	0.517500492992	1.01352538424	0.548190947318	0.971200768487	0.4524960174	0.915399270179
AA8	0.74123080232	0.624188540358	2.47213811986	1.19006125181	0.948169531174	0.568902493958	1.17300812953	0.502425195747	0.52999681972	0.876019550507	0.52642337361	0.754808134364	0.572139125181	2.11304251329	0.794675659739	0.624347631706	0.148045166747	0.0	1.80792122281	1.27623747704	0.929099734171	0.613937781537	0.465503252779	0.426289091348	1.71493292895	0.760709081682	0.337219608507	0.418846022233	0.710876109232	0.875678859352	0.564833910101	0.366347075882	0.522606549058	0.508873711938	1.19124089415	0.967844789754	0.569174320928	0.789134248429	0.505008318028	0.827668086032	0.704937477042	1.40919971967	1.35224887385	0.75500102465	0.750732131464	0.647172827453	1.14211762687	0.897610720155	1.05367769937	0.956770913485	0.92600361044	0.99003560174	0.697893044949	0.640391362977	0.666243160947	0.694618627356	0.525297462542	0.986849922668	0.538450265829	0.930213359111	0.425785785404	0.87768182697
AB7	1.44205647173	1.59183443209	1.16015378444	0.993293842436	1.50558061382	1.85570807637	1.32621376027	1.80717668439	1.96498273079	1.44702857419	2.05975947318	1.68418695022	1.74337126148	0.898185814403	1.54643608023	1.49687481875	1.80910043499	1.80792122281	0.0	0.617920807153	1.50533064282	1.60551290478	1.92553328178	1.91971983567	1.08768725955	1.46960244563	1.81900382794	1.67089691155	1.38482891252	1.14446884969	1.73628251812	1.68125736588	1.89532466892	1.91635860802	1.8991060899	1.81918432093	2.02871387144	1.49076190913	1.85246552924	1.52649519575	1.63877530691	0.986551420976	1.01795844853	1.52594503142	2.16152646206	2.13074351377	1.95434429193	1.97418681972	1.83463722088	1.85383641856	2.0812097535	2.00720147414	1.82244268729	1.84111907202	1.88003888352	1.82188163847	1.62763623973	1.92209711938	1.60689355727	1.88362241179	1.78741658772	1.98400500242
AB8	1.04928288545	1.06379701788	1.47931983084	0.484699531174	1.06220691155	1.29632664089	0.843916868052	1.24619451426	1.41829051716	0.91303359594	1.50172077332	1.15686115515	1.19448793137	1.13015288545	1.00864339294	1.03880150314	1.27907977284	1.27623747704	0.617920807153	0.0	1.01440799903	1.08951580957	1.36793247463	1.35224038183	1.13663797487	0.9373799855	1.2609198985	1.1314940261	0.823134340261	0.614563025616	1.27416078299	1.22183244079	1.344250232	1.35985309328	1.41752854036	1.30522443209	1.49844834703	0.949403711938	1.35204645239	1.06920375544	1.18737085549	0.680913571774	0.64334500725	0.972262977284	1.63480316095	1.58249063316	1.58516130014	1.52956499758	1.35184144998	1.4095539681	1.65004516675	1.58915140648	1.40159624456	1.39500696472	1.43234393427	1.38233275012	1.14185850652	1.51690274045	1.1460342871	1.43398024166	1.2454322813	1.54071354277
AC7	0.790883431609	0.854152856452	1.98053615273	0.939090546158	1.04152043983	0.902651372644	0.897246945384	0.844119816336	0.988354088932	0.754006727888	1.0598261334	1.01866384727	0.918932131464	1.62310551474	0.876921802803	0.795081333978	0.961885248913	0.929099734171	1.50533064282	1.01440799903	0.0	0.429676046399	0.962941623973	0.931529801837	1.41142371194	0.682258994683	0.899668786854	0.717537868536	0.529966012566	0.568259473175	0.853504548091	0.795418912518	0.906477583374	0.898393397777	1.263079971	1.11762993717	1.13906957951	0.720499096182	1.02333081682	0.924323383277	0.973183823103	1.11194150314	1.09467271629	0.714887100048	1.10502794103	1.0089158579	1.487119971	1.39518722571	1.1981339246	1.24204871435	1.51805709038	1.45443933784	1.11591283712	1.14557690672	1.19724023683	1.13349477525	0.891255282745	1.38886089899	0.867718390527	1.24950617206	0.893477515708	1.39232760271
AC8	0.660443199613	0.660308013533	2.15820310295	0.949761266312	0.998680923151	0.636551710971	0.942583359111	0.548626785887	0.679913257612	0.723320318995	0.786748714355	0.829829995167	0.659402319961	1.79652623006	0.79191381827	0.631170420493	0.643346360561	0.613937781537	1.60551290478	1.08951580957	0.429676046399	0.0	0.635412305462	0.616433939101	1.52724967617	0.602660763654	0.52153338811	0.330279995167	0.409115002417	0.597823272112	0.646710405993	0.52551982117	0.596530517158	0.615624166264	1.18408185597	0.944384910585	0.856980057999	0.642635732238	0.721693069116	0.79801040116	0.76851702755	1.12809649589	1.10726827936	0.648074494925	0.892508124698	0.806656321895	1.35735884002	1.11659693088	1.05286531174	1.07347307395	1.2309077332	1.21424410343	0.8804459739	0.854751822136	0.91900698405	0.895308646689	0.585390285162	1.202479971	0.603752938618	1.01505803287	0.58369737071	1.10257641856
AD7	0.887537225713	0.845500367327	2.41262925085	1.19210077332	1.24715876752	0.703163784437	1.30175902852	0.607703769937	0.452414523925	1.01788229096	0.434428540358	1.04017747704	0.74943737071	2.05495751087	0.98122120348	0.84541059449	0.459404098598	0.465503252779	1.92553328178	1.36793247463	0.962941623973	0.635412305462	0.0	0.156760724988	1.88469531174	0.862257438376	0.381160628323	0.485397916868	0.672238869019	0.89809060899	0.709800091832	0.58918858869	0.524148922185	0.562419468342	1.38558042533	1.15887701305	0.684221498308	0.856436544224	0.727209134848	1.03721293378	0.920416428226	1.36603449493	1.31097920251	0.88676457709	0.811961793137	0.692504838086	1.40051630739	1.13087497825	1.26065643789	1.22030605607	1.15117916868	1.24613330594	0.97259820203	0.887373494442	0.88200717738	0.960866510391	0.74176459159	1.24958428226	0.764988936684	1.17192935234	0.612095418076	1.11413526825
AD8	0.874637757371	0.789394335428	2.41655993233	1.18253908168	1.18488761237	0.643664064766	1.27723387627	0.534093707105	0.414438284195	0.976237303045	0.391041145481	0.975827278879	0.708845113581	2.0576602755	0.931161851136	0.78705717738	0.436512634123	0.426289091348	1.91971983567	1.35224038183	0.931529801837	0.616433939101	0.156760724988	0.0	1.84032979217	0.79713820203	0.340019342678	0.471168869019	0.661408110198	0.880477723538	0.70892258579	0.57718239246	0.477456046399	0.494018907685	1.34536605123	1.11825865636	0.645290323828	0.810423252779	0.665629067182	0.973245567907	0.859815761237	1.36557579024	1.30372266312	0.820001851136	0.7720000145	0.642328405027	1.35826883519	1.09580263412	1.20252950701	1.15942115515	1.12920878685	1.20565511358	0.928495302078	0.840619951667	0.841459608507	0.911730048333	0.707272237796	1.20942882552	0.742684335428	1.11291284195	0.556730062832	1.08277442726
AE7	1.35074041566	1.50804684389	1.90633272112	1.26513681972	1.35411062832	1.74178031416	1.20638490575	1.7325378057	1.92010480909	1.31280039633	1.99868281779	1.54945129048	1.6257322958	1.62934660706	1.46588868536	1.41627883035	1.74441287579	1.71493292895	1.08768725955	1.13663797487	1.41142371194	1.52724967617	1.88469531174	1.84032979217	0.0	1.07128762687	1.78795526341	1.5998801595	1.395799913	1.27013941518	1.58013134364	1.56484147414	1.85875384244	1.85116769454	1.71250095698	1.68617130981	1.92901681005	1.49052033349	1.77695252779	1.40201321411	1.56623388594	1.45178801837	1.4523202465	1.46911936684	2.01753300628	1.98180756404	1.73888708555	1.84330378444	1.63407115998	1.64518168681	1.97001962301	1.83695182697	1.66800885452	1.70919525375	1.76127889319	1.63959868052	1.59296622523	1.75090932818	1.54830977767	1.73993752054	1.70738283229	1.85174112615
AE8	0.608371996133	0.599259139681	2.16968723055	0.920835949734	0.825948076365	0.753780294828	0.868377907202	0.720482648623	0.910603919768	0.620555002417	0.990986355727	0.707750410826	0.689709366844	1.80996230546	0.717099879169	0.546399120348	0.795947394877	0.760709081682	1.46960244563	0.9373799855	0.682258994683	0.602660763654	0.862257438376	0.79713820203	1.07128762687	0.0	0.776290749154	0.634340633156	0.627590807153	0.579929835669	0.760062025133	0.702601348478	0.850883257612	0.8393379797	1.10047785404	0.90475239246	0.950702126631	0.639036727888	0.813736578057	0.640555901402	0.704169159014	1.14782259546	1.08783758821	0.645004113098	1.06945363461	1.02429716288	1.18288405027	1.10197544224	0.907292590623	0.951270135331	1.22660680522	1.17726121315	0.88341502175	0.886344833253	0.936105050749	0.861967989367	0.687972518125	1.11397565974	0.682100768487	0.975083900435	0.723928661189	1.09333321895
AF7	0.789888525858	0.653207327211	2.36646358627	1.1424898405	1.03890505075	0.584753992267	1.19487530691	0.477923093282	0.426295509908	0.888780376994	0.500086500725	0.844600463992	0.584739023683	2.00561896085	0.808909323345	0.677906312228	0.352072054132	0.337219608507	1.81900382794	1.2609198985	0.899668786854	0.52153338811	0.381160628323	0.340019342678	1.78795526341	0.776290749154	0.0	0.28397580957	0.624469888835	0.809893798937	0.664476254229	0.540937211213	0.434087162881	0.452803972934	1.19490119865	0.954951957467	0.565515292412	0.718832368294	0.587784359594	0.859258221363	0.723689275012	1.31487060899	1.25969481392	0.716575732238	0.767082324795	0.653346123731	1.23204039633	0.972045389077	1.06913578057	1.04881985984	1.00739790237	1.08520278879	0.805464262929	0.748525326245	0.756977452876	0.811231498308	0.545186911551	1.07838915418	0.582766239729	0.990879743838	0.448272382794	0.960490376994
AF8	0.60800159014	0.615280362494	2.26002369744	1.0028219188	0.985095224746	0.577671039149	1.02902530691	0.463457820203	0.526686041566	0.758775683905	0.658728400193	0.796192899952	0.604044635089	1.89665501208	0.770959207347	0.579994243596	0.444312503625	0.418846022233	1.67089691155	1.1314940261	0.717537868536	0.330279995167	0.485397916868	0.471168869019	1.5998801595	0.634340633156	0.28397580957	0.0	0.494199753504	0.677866573224	0.602918666022	0.449454084099	0.497829710005	0.518519057516	1.16954770904	0.923492300628	0.692038226196	0.688815253746	0.591517588207	0.778889304012	0.698783779604	1.21008240696	1.16350729821	0.673555292412	0.857563914935	0.77118262929	1.2488880957	1.00661189947	1.01714257129	1.02080951184	1.04379908652	1.10845050749	0.798261638473	0.759069149348	0.785585548574	0.81176301595	0.511928656356	1.09876634606	0.52569858869	0.970967810536	0.445259540841	0.985073252779
AG7	0.705851735138	0.677723093282	1.90681606573	0.687044359594	0.927654726921	0.697592126631	0.884404113098	0.587002445626	0.706008279362	0.641232353794	0.834984316095	0.833578666022	0.679630082165	1.54950878202	0.712678748188	0.677227472209	0.725703189947	0.710876109232	1.38482891252	0.823134340261	0.529966012566	0.409115002417	0.672238869019	0.661408110198	1.395799913	0.627590807153	0.624469888835	0.494199753504	0.0	0.293423687772	0.774620488159	0.673706433059	0.650016423393	0.704496481392	1.26239797003	1.00977089415	0.930829724505	0.498437433543	0.797544349927	0.834457506042	0.786303649106	0.93195279362	0.880783281779	0.492712996617	1.029090232	0.947890531658	1.37902778154	1.13952650072	1.12512367811	1.1578140986	1.25783035283	1.23182992267	0.948449163847	0.937124050266	0.976184886419	0.940778680522	0.652630285162	1.22599582407	0.656092803287	1.1060357999	0.686115437409	1.14904966167
AG8	0.704753692605	0.740773934268	1.76917747221	0.590476834219	0.886008496858	0.860749724505	0.762621372644	0.777183620106	0.938131213146	0.612525302078	1.05152405027	0.884587457709	0.788462402127	1.40853992267	0.722550198163	0.719466945384	0.876649681005	0.875678859352	1.14446884969	0.614563025616	0.568259473175	0.597823272112	0.89809060899	0.880477723538	1.27013941518	0.579929835669	0.809893798937	0.677866573224	0.293423687772	0.0	0.898667356211	0.821022957951	0.882563910101	0.900976785887	1.25027463026	1.07130530208	1.10327503625	0.526859052682	0.932731063316	0.793818970517	0.847309975834	0.833707733204	0.805491261479	0.566246950217	1.21503350411	1.14640055099	1.36932053649	1.26022297728	1.13703966167	1.19696798453	1.38742782504	1.34325823103	1.07514263412	1.06711839053	1.09983884002	1.05310700822	0.788455297245	1.28843239729	0.806221585307	1.20483908168	0.837883929435	1.2710139101
AH7	0.750912068632	0.861137694538	2.44723054132	1.2893461044	1.1416942581	0.821854925085	1.16383032383	0.791701677139	0.884766640889	0.958404635089	0.838374615756	0.975813334944	0.840070115998	2.11097808603	1.03806973417	0.760836756887	0.620946201063	0.564833910101	1.73628251812	1.27416078299	0.853504548091	0.646710405993	0.709800091832	0.70892258579	1.58013134364	0.760062025133	0.664476254229	0.602918666022	0.774620488159	0.898667356211	0.0	0.270281701305	0.898954456259	0.878361541808	1.18283942484	1.00887815853	0.836834320928	0.946238878685	0.770563397777	0.92989780087	0.872353446109	1.44092886419	1.39707805703	0.948778965684	0.966376114065	0.899655969067	1.28881856452	1.06353761237	1.1876741421	1.02874217496	1.14078478009	1.15269871435	0.845132068632	0.824412745288	0.828943334944	0.832663238279	0.764068298695	1.1550780232	0.781075688739	1.02494057999	0.711591092315	1.05611762204
AH8	0.662773808603	0.735129565007	2.42134104882	1.18398046883	1.00587893668	0.674647945868	1.09018859352	0.643585940068	0.751824678589	0.850181918801	0.726584059932	0.857043136781	0.710704374094	2.06188169164	0.921111097148	0.621457037216	0.411489381344	0.366347075882	1.68125736588	1.22183244079	0.795418912518	0.52551982117	0.58918858869	0.57718239246	1.56484147414	0.702601348478	0.540937211213	0.449454084099	0.673706433059	0.821022957951	0.270281701305	0.0	0.749535316578	0.714528917351	1.17144201547	0.949383117448	0.721457172547	0.837722696955	0.601095741904	0.808353586274	0.745643992267	1.37695951667	1.3234899565	0.841369801837	0.861851251812	0.779645577574	1.1708722523	0.955322242629	1.0801539391	0.935327539874	0.994818641856	1.03966641856	0.702884364427	0.690417336878	0.701298985017	0.722496085065	0.617195964234	1.02576567907	0.627506486225	0.910434151764	0.546131391977	0.934120483325
AA5	0.866058492025	0.618474944418	2.30495142581	1.14672065732	0.94375882552	0.492691739971	1.21306798937	0.329792025133	0.267939357177	0.903931986467	0.455681503142	0.737100927985	0.57932561624	1.9502157709	0.719756205897	0.752531870469	0.518087124215	0.522606549058	1.89532466892	1.344250232	0.906477583374	0.596530517158	0.524148922185	0.477456046399	1.85875384244	0.850883257612	0.434087162881	0.497829710005	0.650016423393	0.882563910101	0.898954456259	0.749535316578	0.0	0.232806524891	1.20015794103	0.937867356211	0.633882493958	0.65040277912	0.612507936201	0.839379130014	0.692864818753	1.2279937506	1.15817570324	0.633328801353	0.748693518608	0.58175160464	1.30537266312	1.04340336878	1.03443113098	1.07389086032	1.09161747704	1.16466831803	0.84859322378	0.796238907685	0.795291981634	0.86790117448	0.605297573707	1.15656657322	0.644113972934	1.00964205413	0.534305374577	1.03793556791
AA6	0.84269421943	0.605489299178	2.38624350894	1.17653429676	0.92738781537	0.405376640889	1.17322995167	0.343184311261	0.327085872402	0.873158801353	0.442019975834	0.716018675689	0.541716781054	2.02161700822	0.745974823586	0.704305819236	0.529216355727	0.508873711938	1.91635860802	1.35985309328	0.898393397777	0.615624166264	0.562419468342	0.494018907685	1.85116769454	0.8393379797	0.452803972934	0.518519057516	0.704496481392	0.900976785887	0.878361541808	0.714528917351	0.232806524891	0.0	1.09553236346	0.844471493475	0.538219516675	0.657316186564	0.502156249396	0.804822368294	0.613616399227	1.29687578057	1.22948676172	0.655519415176	0.569122440793	0.426209719671	1.20454829386	0.950441300145	0.930645746738	0.946880584824	1.00277543741	1.0597458144	0.741885693572	0.703141971967	0.711414098598	0.76056441276	0.603595582407	1.04873906235	0.656172928951	0.88494839536	0.483180251329	0.934900526825
AB5	1.07226168197	0.93042979217	2.54856238763	1.38999002417	0.785056157564	0.986497694538	1.16589242629	1.05956754954	1.2128538086	0.994605248913	1.18751504592	0.742664755921	1.01601767037	2.19667531658	1.00969245529	0.977976317061	1.22763970034	1.19124089415	1.8991060899	1.41752854036	1.263079971	1.18408185597	1.38558042533	1.34536605123	1.71250095698	1.10047785404	1.19490119865	1.16954770904	1.26239797003	1.25027463026	1.18283942484	1.17144201547	1.20015794103	1.09553236346	0.0	0.329849134848	0.931288651522	1.06706508942	0.929232856452	0.8218659739	0.860405099082	1.51045115031	1.4572401885	1.01384838569	0.981424142098	1.01739140164	0.842043702272	0.92783738521	0.747831391977	0.714143368777	1.05644048333	0.930546868052	0.825144475592	0.880013465442	0.939426317061	0.855527902368	1.0313219913	0.84406362494	1.02609602223	0.785154697922	1.03235860802	0.91390640406
AB6	0.890061140648	0.672183702272	2.47422573224	1.2565502755	0.670034282262	0.734516882552	1.04880302078	0.801277544708	0.961645002417	0.863241362977	0.977360256162	0.47529739971	0.771606640889	2.11697835186	0.801011121315	0.745405094248	1.00198942484	0.967844789754	1.81918432093	1.30522443209	1.11762993717	0.944384910585	1.15887701305	1.11825865636	1.68617130981	0.90475239246	0.954951957467	0.923492300628	1.00977089415	1.07130530208	1.00887815853	0.949383117448	0.937867356211	0.844471493475	0.329849134848	0.0	0.742015195747	0.82162098115	0.71419421943	0.687847916868	0.622511971967	1.388890174	1.32741569357	0.751982663122	0.812076273562	0.844680555824	0.766722039633	0.718256244563	0.563423407443	0.508505350411	0.850239487675	0.75063381827	0.615458569357	0.671741111648	0.735590357661	0.657891672305	0.77055341711	0.666289279845	0.767159463509	0.567231962301	0.809788332528	0.706923243113
AC5	0.972234548091	0.782174045433	2.64417850169	1.41399424843	0.959093537941	0.578516244563	1.27593105365	0.599156085065	0.586973325278	0.983964166264	0.506324954084	0.705410062832	0.748381121315	2.28195292895	0.931050550991	0.836782696955	0.608359091348	0.569174320928	2.02871387144	1.49844834703	1.13906957951	0.856980057999	0.684221498308	0.645290323828	1.92901681005	0.950702126631	0.565515292412	0.692038226196	0.930829724505	1.10327503625	0.836834320928	0.721457172547	0.633882493958	0.538219516675	0.931288651522	0.742015195747	0.0	0.809793247946	0.477982812953	0.871176384727	0.720551565974	1.58460456742	1.51110969067	0.828220942484	0.471448453359	0.380232455292	0.986551773804	0.7329780232	0.858457307878	0.798839569841	0.750877892702	0.810622653456	0.622359333011	0.53001377477	0.518370338328	0.59768040116	0.772351106815	0.839895447076	0.797880343161	0.75310078782	0.610891222813	0.709129845336
AC6	0.763045244079	0.560251391977	1.99034124215	0.774060449493	0.737332750121	0.661922551957	0.734451193813	0.54220277912	0.740836307395	0.494441880135	0.861978318028	0.685786858386	0.631950715321	1.63082176897	0.529348951184	0.623437327211	0.811349932334	0.789134248429	1.49076190913	0.949403711938	0.720499096182	0.642635732238	0.856436544224	0.810423252779	1.49052033349	0.639036727888	0.718832368294	0.688815253746	0.498437433543	0.526859052682	0.946238878685	0.837722696955	0.65040277912	0.657316186564	1.06706508942	0.82162098115	0.809793247946	0.0	0.736604741421	0.650536350894	0.636811416143	0.809272121798	0.739246263896	0.276481913968	1.00092686322	0.914506428226	1.19812881102	1.06333025616	0.923206350894	0.983393040116	1.18591373127	1.13783953601	0.867825708072	0.890127322378	0.937826515225	0.863151213146	0.598914533591	1.07797000967	0.632046727888	0.976751677139	0.675094678589	1.06435585307
AD6	0.753830865152	0.565693059449	2.52295989367	1.19192420493	0.782474417593	0.387028405027	1.12951914451	0.456704069599	0.586255896568	0.844953281779	0.549714156597	0.589230053166	0.512012547124	2.15524978734	0.732072010633	0.615946921218	0.534595389077	0.505008318028	1.85246552924	1.35204645239	1.02333081682	0.721693069116	0.727209134848	0.665629067182	1.77695252779	0.813736578057	0.587784359594	0.591517588207	0.797544349927	0.932731063316	0.770563397777	0.601095741904	0.612507936201	0.502156249396	0.929232856452	0.71419421943	0.477982812953	0.736604741421	0.0	0.660008168197	0.408431082649	1.43777760754	1.37755095698	0.717123407443	0.643122373127	0.576644847753	0.890033542774	0.644319463509	0.785133102948	0.679531730304	0.710296027066	0.753289497342	0.461361121315	0.40912619623	0.438085756404	0.464348134364	0.533523460609	0.747200724988	0.584902682455	0.634561116481	0.366762397293	0.633205263412
AE5	0.548458414693	0.510551561141	2.31995746738	1.00629725471	0.637316901885	0.739707100048	0.805591730304	0.6719939971	0.929761039149	0.568071106815	0.96530139681	0.605975949734	0.687655099082	1.9532979362	0.602244258096	0.45437679072	0.865069811503	0.827668086032	1.52649519575	1.06920375544	0.924323383277	0.79801040116	1.03721293378	0.973245567907	1.40201321411	0.640555901402	0.859258221363	0.778889304012	0.834457506042	0.793818970517	0.92989780087	0.808353586274	0.839379130014	0.804822368294	0.8218659739	0.687847916868	0.871176384727	0.650536350894	0.660008168197	0.0	0.351535790237	1.18402087482	1.11746507975	0.575639753504	1.03750690672	1.01211590623	0.944140038666	0.885725108748	0.748698777187	0.712092000967	1.03184500725	0.939425118415	0.648035157081	0.686301372644	0.773773093282	0.642026133398	0.54693922668	0.872102967617	0.545741696472	0.736813315611	0.668060676655	0.900634958917
AE6	0.569101145481	0.40226958434	2.40160112615	1.08664850169	0.659852730788	0.558666988884	0.941584272595	0.519919589174	0.711583238279	0.672892010633	0.774314035766	0.51287057999	0.494174417593	2.03415199613	0.580861507975	0.46117962784	0.738240091832	0.704937477042	1.63877530691	1.18737085549	0.973183823103	0.76851702755	0.920416428226	0.859815761237	1.56623388594	0.704169159014	0.723689275012	0.698783779604	0.786303649106	0.847309975834	0.872353446109	0.745643992267	0.692864818753	0.613616399227	0.860405099082	0.622511971967	0.720551565974	0.636811416143	0.408431082649	0.351535790237	0.0	1.28524194297	1.21793042049	0.566599874335	0.868956955051	0.832174122765	0.834531778637	0.670400647656	0.693164262929	0.609286814886	0.809036727888	0.739137544708	0.467038554857	0.468667119381	0.522739014016	0.46203977767	0.46510980667	0.688268443693	0.469063441276	0.593303566941	0.520191904302	0.700633871435
AF5	1.19939283229	1.17060709038	1.35550463509	0.56065318028	1.15309718705	1.32922814886	0.826552653456	1.20157242629	1.31194191397	0.92124881102	1.47786328661	1.26735878685	1.24463095698	1.0047318318	1.0394558724	1.18855359594	1.38669273562	1.40919971967	0.986551420976	0.680913571774	1.11194150314	1.12809649589	1.36603449493	1.36557579024	1.45178801837	1.14782259546	1.31487060899	1.21008240696	0.93195279362	0.833707733204	1.44092886419	1.37695951667	1.2279937506	1.29687578057	1.51045115031	1.388890174	1.58460456742	0.809272121798	1.43777760754	1.18402087482	1.28524194297	0.0	0.142182232963	0.908153832769	1.67623301112	1.59285694538	1.70899800387	1.63913591107	1.49144638956	1.56522319961	1.76574668439	1.72652667956	1.49688286612	1.53034673272	1.56753089415	1.50864931851	1.19220124215	1.66110605607	1.20952463992	1.56816049299	1.33706873369	1.6542159594
AF6	1.16266839536	1.1011419768	1.40529644756	0.505597974867	1.10262800387	1.26771295312	0.798610749154	1.1426162639	1.23986625423	0.858956785887	1.41441516675	1.20849230063	1.18019470759	1.05780310295	0.955157834703	1.1262482697	1.33230517641	1.35224887385	1.01795844853	0.64334500725	1.09467271629	1.10726827936	1.31097920251	1.30372266312	1.4523202465	1.08783758821	1.25969481392	1.16350729821	0.880783281779	0.805491261479	1.39707805703	1.3234899565	1.15817570324	1.22948676172	1.4572401885	1.32741569357	1.51110969067	0.739246263896	1.37755095698	1.11746507975	1.21793042049	0.142182232963	0.0	0.846490043499	1.61510535524	1.52460523925	1.64537870952	1.5662222523	1.42085896568	1.49452660222	1.68276168681	1.65732634123	1.43478034316	1.46983557757	1.49712932818	1.44400497825	1.13099052199	1.59170228613	1.14940898018	1.49654824553	1.27688359111	1.58777025616
AG5	0.678571198647	0.470494282262	2.07201842919	0.808773740938	0.627330352827	0.605502319961	0.763435389077	0.514756060899	0.716438144031	0.482578525858	0.834507008217	0.590978351861	0.577497665539	1.71006369261	0.467347791203	0.541766104398	0.80741979217	0.75500102465	1.52594503142	0.972262977284	0.714887100048	0.648074494925	0.88676457709	0.820001851136	1.46911936684	0.645004113098	0.716575732238	0.673555292412	0.492712996617	0.566246950217	0.948778965684	0.841369801837	0.633328801353	0.655519415176	1.01384838569	0.751982663122	0.828220942484	0.276481913968	0.717123407443	0.575639753504	0.566599874335	0.908153832769	0.846490043499	0.0	0.967776259062	0.912960434993	1.12112034316	0.987678840019	0.85552658289	0.894826031899	1.11602308845	1.05023170614	0.778959415176	0.808422721121	0.867621788304	0.765002580957	0.558139550507	0.996387467376	0.557859333011	0.909442435959	0.616863088449	1.00649652972
