	AA3	AA4	AB3	AB4	AC3	AC4	AD3	AD4	AE3	AE4	AF3	AF4	AG3	AG4	AH3	AH4	AA7	AA8	AB7	AB8	AC7	AC8	AD7	AD8	AE7	AE8	AF7	AF8	AG7	AG8	AH7	AH8	AA5	AA6	AB5	AB6	AC5	AC6	AD6	AE5	AE6	AF5	AF6	AG5	AH5	AH6	AA1	AA2	AB1	AB2	AC1	AC2	AD1	AD2	AE1	AE2	AF1	AF2	AG1	AG2	AH1	AH2
AA3	0.0	0.469320043499	2.23473350411	0.922338598357	0.818814074432	0.715257694538	0.929273218946	0.701624494925	0.83378479942	0.651470618656	0.897245456742	0.690970169164	0.618300956984	1.86952270179	0.702439241179	0.204892663122	0.730895915901	0.687830778154	1.41083072015	0.986018177864	0.774485413243	0.61340982117	0.816773586274	0.769085065249	1.37629755437	0.537583368777	0.743816727888	0.620290033833	0.665760101498	0.628445263412	0.736424320928	0.613941478975	0.796214079265	0.794522160464	1.0771741711	0.845498545191	0.884807307878	0.718169623006	0.696514316095	0.560916346061	0.514851314645	1.25273908652	1.15416765104	0.62910578057	1.05900219913	0.987705650072	1.00853238279	0.973013808603	0.908072759787	0.829019482842	1.05889107782	0.97743318028	0.60839901885	0.691001715805	0.75213222813	0.669832875785	0.502398119865	0.898885427743	0.460753847269	0.887210164331	0.606383832769	0.87936757854
AA4	0.469320043499	0.0	2.27403092798	0.901703736104	0.624076882552	0.584005848236	0.906409067182	0.546853566941	0.687305683905	0.606633291445	0.790375340744	0.430700478492	0.444495461576	1.90664316095	0.298213678105	0.34309420493	0.683473910101	0.690010850652	1.53091154664	1.04997986467	0.857438554857	0.696585031416	0.873098182697	0.806389449009	1.49048554374	0.619551280812	0.679082580957	0.643471962301	0.682613320445	0.699230700822	0.872044122765	0.718704751087	0.643801063316	0.644387878202	0.905858699855	0.646417283712	0.729235519575	0.548556703722	0.580042189464	0.522371449976	0.377335360077	1.23410298695	1.13408294828	0.464399840503	0.933938898018	0.837790700822	0.926677791203	0.828388177864	0.723392223296	0.703497003383	0.937094997583	0.862645258579	0.560243837603	0.613096539391	0.663482479459	0.571231391977	0.427743924601	0.791057245046	0.448281701305	0.751405345578	0.494629946834	0.728645195747
AB3	2.23473350411	2.27403092798	0.0	1.48216741421	2.18090612856	2.41807535524	1.91116391977	2.3041079362	2.33002438376	2.07789596423	2.51318591107	2.2529580957	2.32863146448	0.404269797003	2.17719107298	2.27393508942	2.46009396327	2.4844017013	1.20376362494	1.48022555341	1.9762101015	2.16729466409	2.40303583857	2.3827182407	1.90450565491	2.12549719188	2.39081964717	2.29616647656	1.92047393427	1.80987042533	2.44153017883	2.40772565491	2.28426440309	2.38775007733	2.53574038666	2.48073521991	2.60455227646	1.99521521025	2.52284307395	2.29116901885	2.39674099082	1.28612333978	1.37856407443	2.09983035283	2.72797169164	2.62884270179	2.6714260029	2.70018319478	2.52538139198	2.6084598405	2.78525716771	2.72638923635	2.54928648139	2.6074457564	2.62102710488	2.59083621073	2.3123018318	2.65687856452	2.29173390527	2.66397923151	2.39962660706	2.63910148864
AB4	0.922338598357	0.901703736104	1.48216741421	0.0	0.892288545191	1.0427602465	0.827592397293	0.987389067182	1.08250400677	0.780947419043	1.18197308362	0.895940251329	0.8715960174	1.09795426293	0.83191719188	0.914704388594	1.12722279845	1.15338321895	1.03001065249	0.497698873852	0.889403914935	0.927944639923	1.12967528758	1.07206991783	1.31359851136	0.865826355727	1.10373739488	0.982807356211	0.642697752537	0.588083078782	1.25524077332	1.12064490092	1.03880733204	1.10591227163	1.33294463026	1.19796274045	1.31739321411	0.731221242146	1.14975833736	0.928014586757	1.01037555824	0.621686964717	0.549934968584	0.787592160464	1.44902848236	1.3330178492	1.42807287579	1.40631483325	1.25659766071	1.30482261479	1.49587377477	1.45027293862	1.18971997583	1.25842192847	1.30922581924	1.24074964717	0.978099308845	1.38000134848	0.963265205413	1.35377834219	1.04713804253	1.32187739971
AC3	0.818814074432	0.624076882552	2.18090612856	0.892288545191	0.0	0.768635877235	0.86651378927	0.887753078782	0.993202769454	0.704819550507	1.07149352827	0.36259900435	0.803783634606	1.81936873369	0.661204567424	0.783763392943	0.996321106815	1.01030693088	1.42497440309	0.999452445626	1.05636314161	1.0434019913	1.24999735621	1.17218351861	1.30754730788	0.858382150797	1.05876192847	1.02245230546	0.896119666506	0.886152783954	1.18686143064	1.04782150797	0.999992977284	1.0257358579	0.824491831803	0.744684654422	0.99661438376	0.726367554374	0.853146660222	0.660490497825	0.699295703238	1.17407286129	1.09378059449	0.653344465926	1.21166968101	1.11675217496	0.894062677622	0.986887689705	0.757257380377	0.832506162397	1.09528031899	0.986883175447	0.745815838569	0.839045737071	0.890240425326	0.796766969551	0.807359888835	0.899180894152	0.824039869502	0.931431507975	0.855912339294	0.907293784437
AC4	0.715257694538	0.584005848236	2.41807535524	1.0427602465	0.768635877235	0.0	1.18257888835	0.385130695988	0.453513948768	0.815744920251	0.362903866602	0.488617085549	0.50234280812	2.05002505558	0.706631802803	0.667000961817	0.558686834219	0.546388511358	1.82949960851	1.29693638473	0.928813083615	0.644557936201	0.628550439826	0.560175471242	1.74944278879	0.776631744804	0.540864485259	0.487338351861	0.681321111648	0.798201430643	0.840609536008	0.620285273079	0.470732479459	0.412857100048	0.996967129048	0.707081005317	0.514727496375	0.652105113581	0.390631237313	0.79888662639	0.526149772837	1.39932860319	1.30505734171	0.605405166747	0.642072953117	0.548330294828	1.04628674239	0.843290874819	0.817334649589	0.79741618173	0.860716911551	0.930806901885	0.535014248429	0.602501430643	0.620885563074	0.620402286129	0.599589714838	0.923475553407	0.64995720638	0.755016143064	0.42308262929	0.758103349444
AD3	0.929273218946	0.906409067182	1.91116391977	0.827592397293	0.86651378927	1.18257888835	0.0	1.05891433059	1.30992115031	0.448857022716	1.37154079265	0.953055732238	1.05583040599	1.54924929918	0.855100096665	0.919920894152	1.23685260512	1.21299719188	1.30282477042	0.837582387627	0.87808742871	0.966833702272	1.31869630739	1.25515308362	1.19334495408	0.837096549058	1.21829914935	1.11773941518	0.926850652489	0.802917941034	1.18502444176	1.11541830353	1.24129293378	1.20572902852	1.19231358627	1.06797659739	1.28068913968	0.778498579024	1.16803988884	0.822046471725	0.952940405993	0.864716655389	0.785531541808	0.797746877719	1.44864655389	1.36258812953	1.35926327211	1.41180168197	1.13632651039	1.19844202997	1.53107754954	1.4342540841	1.16105723538	1.23911017883	1.28743525858	1.19100582407	1.0087157274	1.34110921218	0.954720966651	1.29025885935	1.15010297728	1.31093635089
AD4	0.701624494925	0.546853566941	2.3041079362	0.987389067182	0.887753078782	0.385130695988	1.05891433059	0.0	0.287616640889	0.660851720638	0.502126810053	0.641965577574	0.53742182697	1.93836225713	0.61640358144	0.636250565491	0.540528221363	0.543363470275	1.79485758337	1.26039922185	0.851679990333	0.541370874819	0.542638438859	0.478332344128	1.75235091348	0.749614001933	0.467432909618	0.409720434993	0.562062837119	0.733051884969	0.817540589657	0.596787704205	0.282052145964	0.360363697438	1.12236648623	0.824715403577	0.572155524408	0.54147561624	0.516414306428	0.784508922185	0.587808057032	1.27330096182	1.16783983084	0.536418192363	0.694961822136	0.602821348478	1.17546618656	0.963593160947	0.971805074915	0.945421464476	0.981802358627	1.06525736588	0.70552219913	0.718173943934	0.706640724988	0.739193233446	0.55902958434	1.05257732721	0.631180488159	0.895291179314	0.460110821653	0.86810262929
AE3	0.83378479942	0.687305683905	2.33002438376	1.08250400677	0.993202769454	0.453513948768	1.30992115031	0.287616640889	0.0	0.910241488642	0.382469685839	0.74540460609	0.631732706622	1.97512495892	0.748036800387	0.775121474142	0.51820141131	0.572244490092	1.92131231996	1.39219426776	0.978847515708	0.665396128565	0.466423943934	0.449507293378	1.91003676655	0.910492286129	0.449856935718	0.483351391977	0.677568690188	0.866279304012	0.906481938134	0.698501822136	0.229320869985	0.349789115515	1.20975898018	0.918681710971	0.548572880619	0.704311628806	0.599694359594	0.975852580957	0.715879855002	1.32955114548	1.24442159497	0.698429623006	0.725702928951	0.632557486709	1.27097864186	1.03698498792	1.07860791203	1.0485177187	1.05071780087	1.15627990333	0.788849898502	0.81218160464	0.792063842436	0.822779540841	0.670919594007	1.14770592557	0.756725190913	0.993271735138	0.567762474625	0.961187912035
AE4	0.651470618656	0.606633291445	2.07789596423	0.780947419043	0.704819550507	0.815744920251	0.448857022716	0.660851720638	0.910241488642	0.0	1.00431312711	0.643290657322	0.755570280329	1.71080420493	0.578535814403	0.617956756887	0.887093504108	0.869973905268	1.44179055099	0.939485374577	0.705761164814	0.677624847753	0.945220125665	0.877919347511	1.35452334944	0.568166022233	0.844557883035	0.74801937651	0.584465674239	0.570236906718	0.916532619623	0.788483078782	0.844891773804	0.838860029	1.00678213146	0.841345065249	0.932122750121	0.501238028033	0.818832087965	0.593552890285	0.661247075882	0.996738733688	0.894553987434	0.48970139681	1.11855801837	1.02236012566	1.11137960851	1.14657173514	0.920089719671	0.976118985017	1.25797394393	1.17080612856	0.894093146448	0.937886640889	0.971254456259	0.916278390527	0.701185306912	1.07356923151	0.65045742871	1.04524510391	0.78882719188	1.03376199613
AF3	0.897245456742	0.790375340744	2.51318591107	1.18197308362	1.07149352827	0.362903866602	1.37154079265	0.502126810053	0.382469685839	1.00431312711	0.0	0.791154108265	0.675009661672	2.15350541324	0.901523315611	0.864258264862	0.493797042049	0.507417085549	1.98438775737	1.45255907202	1.03654224746	0.764661773804	0.414003170614	0.380601077815	1.95234188014	0.967823963267	0.474478956017	0.560245978734	0.795924601257	0.965297873369	0.825381242146	0.65814338811	0.449750140164	0.45086879652	1.18678694538	0.934339932334	0.454482624456	0.820379207347	0.507014436926	1.00473559691	0.728384369261	1.52039340744	1.43017541808	0.790258090865	0.650173146448	0.55763438376	1.20642862736	0.992468970517	1.08090922668	0.990446370227	1.0059318173	1.07593163847	0.733307646206	0.739649086515	0.755516892218	0.76442679072	0.789421256646	1.06728482359	0.846506747221	0.917943528275	0.549946640889	0.905321628806
AF4	0.690970169164	0.430700478492	2.2529580957	0.895940251329	0.36259900435	0.488617085549	0.953055732238	0.641965577574	0.74540460609	0.643290657322	0.791154108265	0.0	0.554665403577	1.88931211696	0.479194659256	0.6243259739	0.795355258579	0.82055258579	1.57253102948	1.04218136781	0.909786447559	0.812009250846	1.00655546158	0.927107810536	1.45951499275	0.670955268246	0.83038582407	0.79572661189	0.726684113098	0.732905273079	1.0075179797	0.861003692605	0.749362295795	0.771177356211	0.828387278879	0.568993972934	0.764402165297	0.571786858386	0.663977564041	0.596510188497	0.523457955534	1.2056601305	1.12197328661	0.481090865152	0.944340478492	0.839209352344	0.875344514258	0.79609940551	0.639911889802	0.678279028516	0.918161585307	0.844874765587	0.57863138231	0.655430628323	0.709817390043	0.621806727888	0.631578158531	0.775751913968	0.663273160947	0.740772397293	0.637706703722	0.713198057032
AG3	0.618300956984	0.444495461576	2.32863146448	0.8715960174	0.803783634606	0.50234280812	1.05583040599	0.53742182697	0.631732706622	0.755570280329	0.675009661672	0.554665403577	0.0	1.94587115031	0.502504905752	0.513644127598	0.547750618656	0.563307327211	1.68530273562	1.14681410826	0.888643006283	0.635185519575	0.728272242629	0.690248342194	1.59545836636	0.66962477042	0.566932764621	0.545011947801	0.651572261962	0.742671256646	0.81860882552	0.640335756404	0.59300222813	0.562951401643	0.991150217496	0.723534804253	0.693337051716	0.614133692605	0.545780966651	0.673133890768	0.476943765104	1.31865045433	1.22049870952	0.553904475592	0.887013054616	0.767868318028	0.997742097632	0.844012948284	0.809664359594	0.768214291928	0.943774277429	0.890506732721	0.541387235379	0.623174649589	0.697092759787	0.597632440793	0.441605340744	0.88325279362	0.482171111648	0.767872861286	0.390158670855	0.737441981634
AG4	1.86952270179	1.90664316095	0.404269797003	1.09795426293	1.81936873369	2.05002505558	1.54924929918	1.93836225713	1.97512495892	1.71080420493	2.15350541324	1.88931211696	1.94587115031	0.0	1.81742475592	1.90639855486	2.10412706622	2.12640819236	0.931834456259	1.13306086032	1.62124213146	1.80519374094	2.04223491542	2.02045595457	1.61458309812	1.76627822136	2.03254983084	1.93400858869	1.57050945384	1.45741650072	2.10876258579	2.05246833736	1.93140185597	2.02263555341	2.18391343161	2.11923403577	2.25314512808	1.6448818173	2.15411223296	1.92535788787	2.03039216046	0.947838936684	1.04500167231	1.74630754471	2.36493231513	2.26303237313	2.30408842436	2.33745600773	2.15732693572	2.23812564524	2.42465821653	2.36228867086	2.18318792653	2.23879326245	2.26074854036	2.22233809087	1.95221719671	2.2932038086	1.93065127115	2.29344445626	2.03772906718	2.27885367327
AH3	0.702439241179	0.298213678105	2.17719107298	0.83191719188	0.661204567424	0.706631802803	0.855100096665	0.61640358144	0.748036800387	0.578535814403	0.901523315611	0.479194659256	0.502504905752	1.81742475592	0.0	0.563973943934	0.757018192363	0.787412339294	1.54062100048	1.02972486225	0.874128849686	0.76757442726	0.928350758821	0.890021802803	1.47540092315	0.708294229096	0.76495037216	0.729290589657	0.682729395843	0.694335930401	1.01578810536	0.860408086032	0.68148580957	0.738677950701	0.982474939584	0.753185983567	0.851253760271	0.550458250362	0.738862266796	0.617821677139	0.541498492025	1.12953625906	1.0342321798	0.484307264379	1.06818627356	0.966729531174	1.0234078637	0.922311029483	0.803504064766	0.834095862736	1.03968350411	0.97924077332	0.743068777187	0.7887220203	0.819118931851	0.741726201063	0.555231193813	0.909998714355	0.573729811503	0.868623431609	0.62828057999	0.832630918318
AH4	0.204892663122	0.34309420493	2.27393508942	0.914704388594	0.783763392943	0.667000961817	0.919920894152	0.636250565491	0.775121474142	0.617956756887	0.864258264862	0.6243259739	0.513644127598	1.90639855486	0.563973943934	0.0	0.640573653939	0.630644552924	1.45316086032	1.01843516191	0.827469743838	0.624889299178	0.768878467859	0.714716974384	1.41008243596	0.568496041566	0.659092590623	0.575186070565	0.645294340261	0.653747119381	0.746088003867	0.58529078782	0.736716544224	0.723459444176	1.03025631706	0.770883939101	0.806591638473	0.658576882552	0.638949714838	0.524601913968	0.437318081199	1.26710677139	1.16711775254	0.575527317545	1.00434465442	0.914192203963	0.954566959884	0.879239173514	0.840147075882	0.746208250362	0.973791841469	0.891535770904	0.56213420493	0.617559009183	0.673745645239	0.587526128565	0.412422788787	0.830674881585	0.381612136298	0.810936843886	0.526610840986	0.773523421943
AA7	0.730895915901	0.683473910101	2.46009396327	1.12722279845	0.996321106815	0.558686834219	1.23685260512	0.540528221363	0.51820141131	0.887093504108	0.493797042049	0.795355258579	0.547750618656	2.10412706622	0.757018192363	0.640573653939	0.0	0.166635461576	1.78803503625	1.28328142098	0.984566520058	0.648359163847	0.456616645723	0.433316070565	1.75324623006	0.815116317061	0.363266360561	0.42149857419	0.723241884969	0.867221527308	0.644799695505	0.430802798453	0.472087762204	0.503140299662	1.21850769937	0.967770710488	0.524185505075	0.809476877719	0.542474456259	0.895102982117	0.704721546641	1.46315248913	1.37209557274	0.793496302562	0.769153562107	0.644905413243	1.13050398743	0.922028467859	1.07552646206	0.959568158531	0.918083900435	0.993645258579	0.678976607057	0.662956500725	0.674524557757	0.684535094248	0.519024475592	0.998960115998	0.58622738521	0.901018550024	0.456068477525	0.843333460609
AA8	0.687830778154	0.690010850652	2.4844017013	1.15338321895	1.01030693088	0.546388511358	1.21299719188	0.543363470275	0.572244490092	0.869973905268	0.507417085549	0.82055258579	0.563307327211	2.12640819236	0.787412339294	0.630644552924	0.166635461576	0.0	1.78734607057	1.28756473175	0.924941237313	0.582316810053	0.470755326245	0.445689115515	1.71686641856	0.77429041566	0.383318922185	0.384292991783	0.713635374577	0.860680091832	0.56205640406	0.329591899468	0.51819658289	0.518494997583	1.18984290962	0.945984818753	0.541292692122	0.831193653939	0.506948545191	0.875524726921	0.695095886902	1.48941094732	1.39597757854	0.78024539391	0.755317887869	0.649216109232	1.1235720638	0.937674842919	1.0597280232	0.937204103432	0.925363702272	0.994325350411	0.637838235863	0.645543339778	0.673356674722	0.656620918318	0.516653054616	0.995318477525	0.557490318995	0.876541184147	0.437129816336	0.850591947801
AB7	1.41083072015	1.53091154664	1.20376362494	1.03001065249	1.42497440309	1.82949960851	1.30282477042	1.79485758337	1.92131231996	1.44179055099	1.98438775737	1.57253102948	1.68530273562	0.931834456259	1.54062100048	1.45316086032	1.78803503625	1.78734607057	0.0	0.593308985017	1.48625296278	1.59895350411	1.89945542291	1.85040778154	1.06823306912	1.40245826486	1.80603672789	1.7058182987	1.36856768004	1.17871785887	1.70362112131	1.68284305462	1.84849363461	1.88927567424	1.83832537458	1.79374676172	1.94540316095	1.464869739	1.83065726438	1.46717630739	1.60833462059	1.00200350411	0.984240169164	1.49587935234	2.13858127115	2.05189384727	1.89829313678	1.97749952151	1.81075342678	1.82906724505	2.06525129048	1.96382424843	1.7721541856	1.81586841469	1.85086322861	1.80954610923	1.61104160947	1.8878138376	1.57301967617	1.89740840503	1.73912263412	1.90240639923
AB8	0.986018177864	1.04997986467	1.48022555341	0.497698873852	0.999452445626	1.29693638473	0.837582387627	1.26039922185	1.39219426776	0.939485374577	1.45255907202	1.04218136781	1.14681410826	1.13306086032	1.02972486225	1.01843516191	1.28328142098	1.28756473175	0.593308985017	0.0	0.999925708072	1.08260745771	1.36376231996	1.30911660222	1.10395337361	0.898978501692	1.26999552441	1.16671341228	0.810037999033	0.655992885452	1.24907650556	1.18847192363	1.32308595457	1.36368910585	1.41794784437	1.32139384244	1.44837	0.94413681972	1.3391582552	1.01920898502	1.15088448526	0.725079913001	0.654661933301	0.981240797487	1.64915849203	1.54021556307	1.52575562591	1.53091158047	1.35099410826	1.39272694055	1.61981241663	1.55252771387	1.34363216046	1.37583347511	1.40590066216	1.37188726438	1.12499902368	1.49071109715	1.10943367811	1.45322952151	1.20522352827	1.45346395843
AC7	0.774485413243	0.857438554857	1.9762101015	0.889403914935	1.05636314161	0.928813083615	0.87808742871	0.851679990333	0.978847515708	0.705761164814	1.03654224746	0.909786447559	0.888643006283	1.62124213146	0.874128849686	0.827469743838	0.984566520058	0.924941237313	1.48625296278	0.999925708072	0.0	0.453352141131	0.947812532624	0.898203112615	1.40215762204	0.615475538908	0.931187660706	0.770173397777	0.573968260029	0.551999076849	0.857184195263	0.774309908168	0.903932097632	0.888402237796	1.25785720638	1.10103420493	1.12224951184	0.750846703722	1.01884818753	0.950367694538	0.936301454809	1.15835537458	1.07643371194	0.723398095698	1.08132208313	1.00382150314	1.47301318511	1.43707968584	1.21627418076	1.25360547608	1.52159266312	1.46227183664	1.07588043983	1.14965496858	1.20354303528	1.13555659739	0.909382286129	1.39086899468	0.857791904302	1.28096951667	0.907440961817	1.32755202513
AC8	0.61340982117	0.696585031416	2.16729466409	0.927944639923	1.0434019913	0.644557936201	0.966833702272	0.541370874819	0.665396128565	0.677624847753	0.764661773804	0.812009250846	0.635185519575	1.80519374094	0.76757442726	0.624889299178	0.648359163847	0.582316810053	1.59895350411	1.08260745771	0.453352141131	0.0	0.617228946351	0.583217187047	1.52765565974	0.559279453842	0.527583378444	0.361073281779	0.457546346061	0.567599705172	0.628772730788	0.477069975834	0.586847834703	0.598456089898	1.17688259062	0.902899830836	0.805363035283	0.668655442243	0.70750041566	0.831105306912	0.730641831803	1.20110264379	1.10505200097	0.64269759304	0.885106027066	0.800657655872	1.33121527308	1.14019338328	1.08189102948	1.056229855	1.20865084582	1.21361766554	0.812551749638	0.850520633156	0.897006408893	0.859102290962	0.585513412276	1.19520611406	0.588322305462	1.00108501208	0.582497897535	1.0323660899
AD7	0.816773586274	0.873098182697	2.40303583857	1.12967528758	1.24999735621	0.628550439826	1.31869630739	0.542638438859	0.466423943934	0.945220125665	0.414003170614	1.00655546158	0.728272242629	2.04223491542	0.928350758821	0.768878467859	0.456616645723	0.470755326245	1.89945542291	1.36376231996	0.947812532624	0.617228946351	0.0	0.152363436443	1.87782882069	0.852949705172	0.389237283712	0.42652919768	0.682398801353	0.843480811986	0.727748511358	0.557307796037	0.451094876752	0.501485857902	1.36700862736	1.10852741421	0.611470850652	0.844182339294	0.684682740454	1.05104400677	0.885124736588	1.41920524891	1.31874313195	0.863197095215	0.783496916385	0.689281836636	1.37134503142	1.16194028033	1.25470869502	1.16687002417	1.15505724021	1.24955052682	0.905423943934	0.883005026583	0.874474040599	0.916038274529	0.724417042049	1.24477757371	0.753864639923	1.10698007733	0.606091155147	1.06903130498
AD8	0.769085065249	0.806389449009	2.3827182407	1.07206991783	1.17218351861	0.560175471242	1.25515308362	0.478332344128	0.449507293378	0.877919347511	0.380601077815	0.927107810536	0.690248342194	2.02045595457	0.890021802803	0.714716974384	0.433316070565	0.445689115515	1.85040778154	1.30911660222	0.898203112615	0.583217187047	0.152363436443	0.0	1.7959842146	0.767318071532	0.350769942001	0.395913504108	0.618286665056	0.784915384244	0.693415959401	0.501867481875	0.45099722088	0.47782081682	1.31369354277	1.04783105365	0.564691251812	0.779865447076	0.625432953117	0.972157225713	0.815458960851	1.40120858869	1.29981251329	0.786701855969	0.741031720638	0.65137722088	1.31667172547	1.10288967134	1.18923324311	1.09894497342	1.10450364427	1.19210152247	0.843113334944	0.825595896568	0.829009531174	0.861037245046	0.695440807153	1.19005489125	0.734498332528	1.03859363461	0.550611420976	1.00933267279
AE7	1.37629755437	1.49048554374	1.90450565491	1.31359851136	1.30754730788	1.74944278879	1.19334495408	1.75235091348	1.91003676655	1.35452334944	1.95234188014	1.45951499275	1.59545836636	1.61458309812	1.47540092315	1.41008243596	1.75324623006	1.71686641856	1.06823306912	1.10395337361	1.40215762204	1.52765565974	1.87782882069	1.7959842146	0.0	1.05046891735	1.78809136298	1.67316720155	1.39563416626	1.29916489609	1.57015883035	1.58054712421	1.84331182697	1.83803364427	1.69452718221	1.68812559207	1.900040203	1.50815650556	1.78468323828	1.33228313195	1.55487702755	1.47813028033	1.45753102465	1.46669114548	2.02504939101	1.95169240696	1.71134581924	1.85798955534	1.63234508458	1.65578699372	1.97236593523	1.82297610923	1.64961070565	1.70506310778	1.75958504592	1.66608031899	1.58420386177	1.74576662639	1.53044924601	1.77716911068	1.69569867086	1.79453488642
AE8	0.537583368777	0.619551280812	2.12549719188	0.865826355727	0.858382150797	0.776631744804	0.837096549058	0.749614001933	0.910492286129	0.568166022233	0.967823963267	0.670955268246	0.66962477042	1.76627822136	0.708294229096	0.568496041566	0.815116317061	0.77429041566	1.40245826486	0.898978501692	0.615475538908	0.559279453842	0.852949705172	0.767318071532	1.05046891735	0.0	0.78907037216	0.67184300145	0.560587472209	0.504615659739	0.72413362494	0.652429381344	0.851226360561	0.84378741421	1.12150036249	0.91744260029	0.933611343644	0.678984301595	0.837210734654	0.644293412276	0.702810710488	1.18274688255	1.07596967617	0.628152261962	1.08835600773	1.0015119188	1.19657857419	1.15433628806	0.976867071049	0.992349173514	1.24888129048	1.19582426293	0.858453262446	0.900157747704	0.957946964717	0.913537568874	0.702893620106	1.12722045433	0.653469038183	1.03194345094	0.729506747221	1.05541087965
AF7	0.743816727888	0.679082580957	2.39081964717	1.10373739488	1.05876192847	0.540864485259	1.21829914935	0.467432909618	0.449856935718	0.844557883035	0.474478956017	0.83038582407	0.566932764621	2.03254983084	0.76495037216	0.659092590623	0.363266360561	0.383318922185	1.80603672789	1.26999552441	0.931187660706	0.527583378444	0.389237283712	0.350769942001	1.78809136298	0.78907037216	0.0	0.23920020783	0.631702977284	0.793454432093	0.681473837603	0.510104954084	0.40407181247	0.430617312711	1.16299752054	0.902339845336	0.483393160947	0.724299874335	0.55080939101	0.892874717255	0.686741672305	1.41033596907	1.31729782504	0.71291838086	0.741384475592	0.639690923151	1.18959662156	0.989735920735	1.05032987434	0.984375244079	0.971798129531	1.06402489125	0.732669318511	0.726957738038	0.731268385694	0.754642073465	0.559081401643	1.04856276462	0.618015969067	0.930181285645	0.441317631706	0.891946964717
AF8	0.620290033833	0.643471962301	2.29616647656	0.982807356211	1.02245230546	0.487338351861	1.11773941518	0.409720434993	0.483351391977	0.74801937651	0.560245978734	0.79572661189	0.545011947801	1.93400858869	0.729290589657	0.575186070565	0.42149857419	0.384292991783	1.7058182987	1.16671341228	0.770173397777	0.361073281779	0.42652919768	0.395913504108	1.67316720155	0.67184300145	0.23920020783	0.0	0.512870918318	0.662655519575	0.684057902368	0.453432856452	0.424006046399	0.447541058482	1.15832849686	0.890926558724	0.597909163847	0.671108704688	0.546572034799	0.830410749154	0.661880323828	1.31203159497	1.21341827453	0.651366147898	0.785162237796	0.69248280812	1.21472678589	1.02107194297	1.02907507008	0.998495741904	1.00865488642	1.09526065249	0.739357211213	0.75403080232	0.770491348478	0.777840289995	0.522763011116	1.07693713388	0.548141483809	0.952010338328	0.443268898018	0.915558724021
AG7	0.665760101498	0.682613320445	1.92047393427	0.642697752537	0.896119666506	0.681321111648	0.926850652489	0.562062837119	0.677568690188	0.584465674239	0.795924601257	0.726684113098	0.651572261962	1.57050945384	0.682729395843	0.645294340261	0.723241884969	0.713635374577	1.36856768004	0.810037999033	0.573968260029	0.457546346061	0.682398801353	0.618286665056	1.39563416626	0.560587472209	0.631702977284	0.512870918318	0.0	0.256565703238	0.789242276462	0.642621648139	0.619831764137	0.705187066216	1.23101807153	0.952934548091	0.855442353794	0.475082851619	0.780158274529	0.820433257612	0.75251842436	1.01536099565	0.898220831319	0.484814494925	1.02190731754	0.925098656356	1.32663062832	1.1305461769	1.13032889802	1.09820081199	1.21487824553	1.20741711938	0.862618511358	0.899945451909	0.94514322378	0.923920275495	0.652483286612	1.19286257129	0.641876133398	1.0672660609	0.664091271145	1.0300520783
AG8	0.628445263412	0.699230700822	1.80987042533	0.588083078782	0.886152783954	0.798201430643	0.802917941034	0.733051884969	0.866279304012	0.570236906718	0.965297873369	0.732905273079	0.742671256646	1.45741650072	0.694335930401	0.653747119381	0.867221527308	0.860680091832	1.17871785887	0.655992885452	0.551999076849	0.567599705172	0.843480811986	0.784915384244	1.29916489609	0.504615659739	0.793454432093	0.662655519575	0.256565703238	0.0	0.877769139681	0.77528720638	0.80523781537	0.848578037699	1.22744218946	0.998029917835	0.999567274045	0.492298327695	0.892570966651	0.809387090382	0.794852527791	0.936585268246	0.820355234413	0.520282740454	1.15251638473	1.05819014016	1.32680173514	1.24012453359	1.12381843886	1.14780458192	1.32802157081	1.29513908168	0.967967849203	1.00343794103	1.05058833736	1.0273342436	0.75941681972	1.22823160947	0.719726669889	1.1770280232	0.777398047366	1.13941562591
AH7	0.736424320928	0.872044122765	2.44153017883	1.25524077332	1.18686143064	0.840609536008	1.18502444176	0.817540589657	0.906481938134	0.916532619623	0.825381242146	1.0075179797	0.81860882552	2.10876258579	1.01578810536	0.746088003867	0.644799695505	0.56205640406	1.70362112131	1.24907650556	0.857184195263	0.628772730788	0.727748511358	0.693415959401	1.57015883035	0.72413362494	0.681473837603	0.684057902368	0.789242276462	0.877769139681	0.0	0.306577960367	0.880157346544	0.853849487675	1.18267394877	1.00430874335	0.789923305945	0.953708762687	0.767909579507	0.948995930401	0.854974301595	1.50221197197	1.40359102465	0.924837042049	0.949134601257	0.885354040599	1.28316135331	1.10323827453	1.16638634123	1.03298740938	1.14301731271	1.1626061914	0.825424615756	0.822876553891	0.821389772837	0.833792382794	0.752013924601	1.15897877719	0.753546510391	0.984365137748	0.695534301595	1.01566963751
AH8	0.613941478975	0.718704751087	2.40772565491	1.12064490092	1.04782150797	0.620285273079	1.11541830353	0.596787704205	0.698501822136	0.788483078782	0.65814338811	0.861003692605	0.640335756404	2.05246833736	0.860408086032	0.58529078782	0.430802798453	0.329591899468	1.68284305462	1.18847192363	0.774309908168	0.477069975834	0.557307796037	0.501867481875	1.58054712421	0.652429381344	0.510104954084	0.453432856452	0.642621648139	0.77528720638	0.306577960367	0.0	0.662967274045	0.627837984534	1.15341722571	0.905776650556	0.662797496375	0.823088115031	0.570574683422	0.837049279845	0.709730879652	1.42437162397	1.33097471725	0.77074641856	0.802029623006	0.727873528275	1.1897639246	1.00511543258	1.04234076365	0.927580439826	1.01225643306	1.06834337844	0.681820613823	0.70402258579	0.706626969551	0.715601788304	0.592561503142	1.05867956017	0.601086036733	0.873279434509	0.489363262446	0.910347742871
AA5	0.796214079265	0.643801063316	2.28426440309	1.03880733204	0.999992977284	0.470732479459	1.24129293378	0.282052145964	0.229320869985	0.844891773804	0.449750140164	0.749362295795	0.59300222813	1.93140185597	0.68148580957	0.736716544224	0.472087762204	0.51819658289	1.84849363461	1.32308595457	0.903932097632	0.586847834703	0.451094876752	0.45099722088	1.84331182697	0.851226360561	0.40407181247	0.424006046399	0.619831764137	0.80523781537	0.880157346544	0.662967274045	0.0	0.261604185597	1.21189550991	0.917726244563	0.57879940551	0.613649289512	0.620467960367	0.904614717255	0.693097293378	1.26226348961	1.16180541324	0.621279811503	0.735198627356	0.634156848719	1.29888077815	1.08028546158	1.09015171097	1.07188730788	1.08985684389	1.18002296762	0.804424456259	0.830657660706	0.814086897052	0.842956292895	0.594761923635	1.16809319478	0.670522029966	1.00745560174	0.533673571774	0.993768318028
AA6	0.794522160464	0.644387878202	2.38775007733	1.10591227163	1.0257358579	0.412857100048	1.20572902852	0.360363697438	0.349789115515	0.838860029	0.45086879652	0.771177356211	0.562951401643	2.02263555341	0.738677950701	0.723459444176	0.503140299662	0.518494997583	1.88927567424	1.36368910585	0.888402237796	0.598456089898	0.501485857902	0.47782081682	1.83803364427	0.84378741421	0.430617312711	0.447541058482	0.705187066216	0.848578037699	0.853849487675	0.627837984534	0.261604185597	0.0	1.10658165781	0.818806147898	0.502893238279	0.643200821653	0.527146027066	0.885014195263	0.616817264379	1.37415621073	1.26807536008	0.642911333978	0.541256249396	0.434431367811	1.21397994683	1.00804573224	0.991140807153	0.949819110681	1.01355255196	1.09012334461	0.684186979217	0.748675166747	0.738702179797	0.733436921218	0.603388438859	1.07366119865	0.673223035283	0.883661159981	0.483539710005	0.91524239246
AB5	1.0771741711	0.905858699855	2.53574038666	1.33294463026	0.824491831803	0.996967129048	1.19231358627	1.12236648623	1.20975898018	1.00678213146	1.18678694538	0.828387278879	0.991150217496	2.18391343161	0.982474939584	1.03025631706	1.21850769937	1.18984290962	1.83832537458	1.41794784437	1.25785720638	1.17688259062	1.36700862736	1.31369354277	1.69452718221	1.12150036249	1.16299752054	1.15832849686	1.23101807153	1.22744218946	1.18267394877	1.15341722571	1.21189550991	1.10658165781	0.0	0.36007340261	0.979008429193	1.05548849203	0.963031348478	0.889209898502	0.858782653456	1.57129108265	1.48865279362	0.998784117931	0.997614456259	0.977110405993	0.834224349927	0.962251710971	0.705705277912	0.75056338811	1.07131272112	0.948309516675	0.828894069599	0.919672803287	0.9394259739	0.872851503142	1.01300079749	0.845256350894	1.01003385694	0.832439811503	1.02246227646	0.882765287579
AB6	0.845498545191	0.646417283712	2.48073521991	1.19796274045	0.744684654422	0.707081005317	1.06797659739	0.824715403577	0.918681710971	0.841345065249	0.934339932334	0.568993972934	0.723534804253	2.11923403577	0.753185983567	0.770883939101	0.967770710488	0.945984818753	1.79374676172	1.32139384244	1.10103420493	0.902899830836	1.10852741421	1.04783105365	1.68812559207	0.91744260029	0.902339845336	0.890926558724	0.952934548091	0.998029917835	1.00430874335	0.905776650556	0.917726244563	0.818806147898	0.36007340261	0.0	0.734321822136	0.768496133398	0.710499908168	0.749623881102	0.591894644756	1.45658767521	1.3625862929	0.706751498308	0.775083537941	0.742860956984	0.773431633639	0.722095930401	0.536738999517	0.525400038666	0.837185534074	0.752465084582	0.581325790237	0.683773252779	0.701336321895	0.633040111165	0.721740792653	0.679885374577	0.731847887869	0.586992073465	0.772370314161	0.637908820686
AC5	0.884807307878	0.729235519575	2.60455227646	1.31739321411	0.99661438376	0.514727496375	1.28068913968	0.572155524408	0.548572880619	0.932122750121	0.454482624456	0.764402165297	0.693337051716	2.25314512808	0.851253760271	0.806591638473	0.524185505075	0.541292692122	1.94540316095	1.44837	1.12224951184	0.805363035283	0.611470850652	0.564691251812	1.900040203	0.933611343644	0.483393160947	0.597909163847	0.855442353794	0.999567274045	0.789923305945	0.662797496375	0.57879940551	0.502893238279	0.979008429193	0.734321822136	0.0	0.767528927018	0.445818772354	0.908337042049	0.656974765587	1.61587707588	1.4996238521	0.752425500242	0.522511981634	0.463244963751	1.023899797	0.805782759787	0.921178501692	0.827097916868	0.804074693088	0.879310541324	0.574195326245	0.561359811503	0.549236143064	0.581131300145	0.714485959401	0.894011295312	0.753491324311	0.753867999033	0.547398458192	0.719510932818
AC6	0.718169623006	0.548556703722	1.99521521025	0.731221242146	0.726367554374	0.652105113581	0.778498579024	0.54147561624	0.704311628806	0.501238028033	0.820379207347	0.571786858386	0.614133692605	1.6448818173	0.550458250362	0.658576882552	0.809476877719	0.831193653939	1.464869739	0.94413681972	0.750846703722	0.668655442243	0.844182339294	0.779865447076	1.50815650556	0.678984301595	0.724299874335	0.671108704688	0.475082851619	0.492298327695	0.953708762687	0.823088115031	0.613649289512	0.643200821653	1.05548849203	0.768496133398	0.767528927018	0.0	0.734960932818	0.674527960367	0.607939913001	0.886959884002	0.770973639439	0.287308115031	0.97027361044	0.872663247946	1.16947758821	1.08280273562	0.948625611406	0.959965519575	1.17564400677	1.12126351861	0.805005935234	0.872089463509	0.909846684389	0.865431324311	0.613586515225	1.05526864186	0.623282145964	0.990950526825	0.645620937651	0.982530115998
AD6	0.696514316095	0.580042189464	2.52284307395	1.14975833736	0.853146660222	0.390631237313	1.16803988884	0.516414306428	0.599694359594	0.818832087965	0.507014436926	0.663977564041	0.545780966651	2.15411223296	0.738862266796	0.638949714838	0.542474456259	0.506948545191	1.83065726438	1.3391582552	1.01884818753	0.70750041566	0.684682740454	0.625432953117	1.78468323828	0.837210734654	0.55080939101	0.546572034799	0.780158274529	0.892570966651	0.767909579507	0.570574683422	0.620467960367	0.527146027066	0.963031348478	0.710499908168	0.445818772354	0.734960932818	0.0	0.731768206863	0.427638922185	1.51298623006	1.41750579507	0.694075766071	0.651709903335	0.572358748188	0.870315920735	0.683183687772	0.821393813436	0.673448917351	0.709015969067	0.764050338328	0.422817530208	0.440519869502	0.46448442726	0.459881034316	0.519452319961	0.74540219913	0.566406665056	0.613244229096	0.35155517158	0.587798501692
AE5	0.560916346061	0.522371449976	2.29116901885	0.928014586757	0.660490497825	0.79888662639	0.822046471725	0.784508922185	0.975852580957	0.593552890285	1.00473559691	0.596510188497	0.673133890768	1.92535788787	0.617821677139	0.524601913968	0.895102982117	0.875524726921	1.46717630739	1.01920898502	0.950367694538	0.831105306912	1.05104400677	0.972157225713	1.33228313195	0.644293412276	0.892874717255	0.830410749154	0.820433257612	0.809387090382	0.948995930401	0.837049279845	0.904614717255	0.885014195263	0.889209898502	0.749623881102	0.908337042049	0.674527960367	0.731768206863	0.0	0.386006839053	1.22397668922	1.12777982117	0.610609434509	1.13516234413	1.05605063799	0.921885432576	0.923154494925	0.816164958917	0.757942431126	1.03937909135	0.948242508458	0.649919579507	0.718549594007	0.787454615756	0.656290749154	0.581736447559	0.86733619623	0.549518197197	0.819528530691	0.705301754471	0.830437834703
AE6	0.514851314645	0.377335360077	2.39674099082	1.01037555824	0.699295703238	0.526149772837	0.952940405993	0.587808057032	0.715879855002	0.661247075882	0.728384369261	0.523457955534	0.476943765104	2.03039216046	0.541498492025	0.437318081199	0.704721546641	0.695095886902	1.60833462059	1.15088448526	0.936301454809	0.730641831803	0.885124736588	0.815458960851	1.55487702755	0.702810710488	0.686741672305	0.661880323828	0.75251842436	0.794852527791	0.854974301595	0.709730879652	0.693097293378	0.616817264379	0.858782653456	0.591894644756	0.656974765587	0.607939913001	0.427638922185	0.386006839053	0.0	1.34972150797	1.24997696472	0.53231060899	0.865040763654	0.780982706622	0.857918284195	0.755048458192	0.691200333494	0.604107423876	0.857043852102	0.788892682455	0.442987878202	0.50270619623	0.562396466892	0.480215181247	0.454125519575	0.729167124215	0.439809908168	0.622815108748	0.483999555341	0.653414968584
AF5	1.25273908652	1.23410298695	1.28612333978	0.621686964717	1.17407286129	1.39932860319	0.864716655389	1.27330096182	1.32955114548	0.996738733688	1.52039340744	1.2056601305	1.31865045433	0.947838936684	1.12953625906	1.26710677139	1.46315248913	1.48941094732	1.00200350411	0.725079913001	1.15835537458	1.20110264379	1.41920524891	1.40120858869	1.47813028033	1.18274688255	1.41033596907	1.31203159497	1.01536099565	0.936585268246	1.50221197197	1.42437162397	1.26226348961	1.37415621073	1.57129108265	1.45658767521	1.61587707588	0.886959884002	1.51298623006	1.22397668922	1.34972150797	0.0	0.166197341711	1.0022358579	1.73728579024	1.63384212663	1.72466139681	1.71628899952	1.56790825036	1.61717661672	1.81997869019	1.7770957274	1.53547318511	1.6058182117	1.63558362977	1.58496098115	1.27853478009	1.70396670855	1.26259451909	1.66822738521	1.40599720638	1.6437942726
AF6	1.15416765104	1.13408294828	1.37856407443	0.549934968584	1.09378059449	1.30505734171	0.785531541808	1.16783983084	1.24442159497	0.894553987434	1.43017541808	1.12197328661	1.22049870952	1.04500167231	1.0342321798	1.16711775254	1.37209557274	1.39597757854	0.984240169164	0.654661933301	1.07643371194	1.10505200097	1.31874313195	1.29981251329	1.45753102465	1.07596967617	1.31729782504	1.21341827453	0.898220831319	0.820355234413	1.40359102465	1.33097471725	1.16180541324	1.26807536008	1.48865279362	1.3625862929	1.4996238521	0.770973639439	1.41750579507	1.12777982117	1.24997696472	0.166197341711	0.0	0.898682663122	1.63648142098	1.53286229096	1.65401138231	1.63815853069	1.49631552924	1.54037889802	1.73662980667	1.70485798937	1.44057163847	1.50944592557	1.53213963751	1.48932536008	1.18208621556	1.63097338811	1.16620840986	1.58222681489	1.30811844369	1.54980536974
AG5	0.62910578057	0.464399840503	2.09983035283	0.787592160464	0.653344465926	0.605405166747	0.797746877719	0.536418192363	0.698429623006	0.48970139681	0.790258090865	0.481090865152	0.553904475592	1.74630754471	0.484307264379	0.575527317545	0.793496302562	0.78024539391	1.49587935234	0.981240797487	0.723398095698	0.64269759304	0.863197095215	0.786701855969	1.46669114548	0.628152261962	0.71291838086	0.651366147898	0.484814494925	0.520282740454	0.924837042049	0.77074641856	0.621279811503	0.642911333978	0.998784117931	0.706751498308	0.752425500242	0.287308115031	0.694075766071	0.610609434509	0.53231060899	1.0022358579	0.898682663122	0.0	0.944565311745	0.863863088449	1.10903420976	1.01835162397	0.881392740454	0.87801959884	1.12466209763	1.05750571774	0.700413450942	0.791642866119	0.841496239729	0.771456839053	0.56364101015	0.985180971484	0.563055461576	0.904100575157	0.612607283712	0.921603470275
