	AA3	AA4	AB3	AB4	AC3	AC4	AD3	AD4	AE3	AE4	AF3	AF4	AG3	AG4	AH3	AH4	AA7	AA8	AB7	AB8	AC7	AC8	AD7	AD8	AE7	AE8	AF7	AF8	AG7	AG8	AH7	AH8	AA5	AA6	AB5	AB6	AC5	AC6	AD6	AE5	AE6	AF5	AF6	AG5	AH5	AH6	AA1	AA2	AB1	AB2	AC1	AC2	AD1	AD2	AE1	AE2	AF1	AF2	AG1	AG2	AH1	AH2
AA3	0.0	0.587083871435	2.29063099082	1.01038283712	0.893106684389	0.765090101498	0.929752977284	0.799341865636	0.905697675205	0.68998640406	0.956660198163	0.738239231513	0.708815476075	1.96125151281	0.791187225713	0.296077312711	0.822016191397	0.769734528758	1.46569648139	1.05767352344	0.856042324795	0.660563044949	0.874755461576	0.877120952151	1.38541426293	0.64281878202	0.808887936201	0.668273301112	0.759209395843	0.708704876752	0.748060613823	0.692813837603	0.877483711938	0.823968347028	1.10478766071	0.926468332528	0.941524490092	0.810686993717	0.742178815853	0.577682092798	0.62112817303	1.31246106815	1.23172166264	0.744886955051	1.1285340406	1.02932078782	0.975510333494	0.951432803287	0.919958873852	0.827910749154	1.05863050749	0.949712982117	0.644024586757	0.689022518125	0.749009845336	0.634820749154	0.562428245529	0.874964939584	0.520439724505	0.875232919285	0.623111962301	0.892982054132
AA4	0.587083871435	0.0	2.25970999033	0.94720959884	0.641947762204	0.525302663122	0.932612711455	0.492462875785	0.627809908168	0.612072044466	0.773368429193	0.416232566457	0.406879956501	1.93267434026	0.286718376027	0.346805128081	0.662632919285	0.668520236829	1.59753111165	1.09825672789	0.908268303528	0.644429458676	0.873385722571	0.81447858869	1.5365417883	0.617641754471	0.662205398743	0.646972484292	0.6542059884	0.755566853552	0.852842851619	0.706581440309	0.614882721121	0.56994417593	0.906895534074	0.649800691155	0.726130439826	0.561999313678	0.554007336878	0.521522387627	0.371689308845	1.23193494442	1.10824266312	0.446017438376	0.906515166747	0.780603576607	0.923272803287	0.77352179797	0.708032856452	0.721547409377	0.903738612856	0.826917336878	0.555710198163	0.574056249396	0.629004050266	0.551927597873	0.426730734654	0.808362904785	0.426437573707	0.692638695022	0.465300299662	0.714672054132
AB3	2.29063099082	2.25970999033	0.0	1.43170734171	2.13633111165	2.37197559207	1.90117918318	2.28669661672	2.33216652006	2.08408822136	2.50764549541	2.27046913001	2.32117141614	0.372581459642	2.16728355244	2.26835998067	2.47337841469	2.49914340261	1.20772323828	1.49435679072	1.95810047849	2.19194990817	2.39525946351	2.39276807637	1.89854201547	2.15405341711	2.37314720155	2.28234769454	1.85190323828	1.76623241663	2.43648643306	2.43091206863	2.2807099565	2.35783861286	2.52067921218	2.45403827936	2.61884159981	1.95443505558	2.5185118463	2.30579891252	2.38328631706	1.29567419526	1.38601239246	2.0865677477	2.74091253262	2.61871680522	2.67031535041	2.6806061914	2.50496904302	2.60281570807	2.76575717738	2.70687038183	2.54856225713	2.57933724988	2.61435907685	2.56862971	2.30228137264	2.65937498308	2.27667958917	2.62501117931	2.39242784437	2.65481053166
AB4	1.01038283712	0.94720959884	1.43170734171	0.0	0.878963721605	1.05043538424	0.770642667956	1.02202737071	1.16008768487	0.799384610923	1.24987710971	0.961968535524	0.918973006283	1.08900659739	0.904089163847	0.956296089898	1.20243883519	1.20936157081	0.995293605607	0.522087718705	0.899972189464	0.950943600773	1.166980087	1.14154363461	1.29536473659	0.880014282262	1.13815042533	1.03092804737	0.621579859836	0.5782619913	1.25868282262	1.172619913	1.10350917835	1.11829768971	1.3662440696	1.23632494442	1.37564909618	0.730887288545	1.1995300145	0.9891899855	1.05304583857	0.597012315128	0.516271440309	0.812975582407	1.49615687772	1.37590732721	1.46163529725	1.41170948284	1.28511672305	1.36733753987	1.53631432093	1.47915410826	1.24573416143	1.2913017593	1.34794612856	1.26068312228	1.02540631706	1.43427028033	0.991054954084	1.35885699372	1.08824503625	1.37700602223
AC3	0.893106684389	0.641947762204	2.13633111165	0.878963721605	0.0	0.758230512325	0.813322783954	0.871374949251	1.00208852586	0.664592121798	1.08526507492	0.378635949734	0.796337868536	1.81299539391	0.648526515225	0.754420952151	1.0180378202	1.00747246496	1.39327847753	0.955148501692	1.05209744804	1.00857931851	1.27297600773	1.20774259062	1.24307255679	0.811587216046	1.07081558724	1.0484778202	0.899086491058	0.898558356694	1.17365458676	1.03155855002	1.00875468826	0.973972179797	0.894069395843	0.809860304495	1.07529446109	0.731245722571	0.879751754471	0.644397680039	0.706941836636	1.12138142098	1.03458363944	0.639263334944	1.25497905268	1.16297283712	0.946017829869	1.03782659256	0.808860106332	0.876045746738	1.14633439826	1.02186768971	0.8028340261	0.878203692605	0.931110652489	0.814836288062	0.841780236829	0.951647844369	0.800591677139	0.943415814403	0.84119258579	0.99185778637
AC4	0.765090101498	0.525302663122	2.37197559207	1.05043538424	0.758230512325	0.0	1.146969739	0.34331361044	0.431300275495	0.803046046399	0.369888985017	0.497461512808	0.516959719671	2.04630704688	0.645428066699	0.633523141614	0.557603605607	0.537009192847	1.8112717448	1.31325541808	0.94547520058	0.609556655389	0.649521599807	0.603473276945	1.73317599323	0.748222281295	0.500043054616	0.509734055099	0.700058250362	0.80976161914	0.824568385694	0.621362527791	0.459111406477	0.390391759304	0.997411594973	0.737848844853	0.570349091348	0.627115877235	0.417354533591	0.718851807637	0.460005350411	1.34866805703	1.2291580667	0.547978032866	0.738069497342	0.59739757854	1.05359333011	0.838209352344	0.803061193813	0.847526766554	0.885859797003	0.956975843403	0.600276698888	0.631588946351	0.659235480909	0.654567119381	0.597133320445	0.947793977767	0.646459579507	0.782520111165	0.448593682939	0.779148743354
AD3	0.929752977284	0.932612711455	1.90117918318	0.770642667956	0.813322783954	1.146969739	0.0	1.03768105848	1.31554934751	0.420681865636	1.38732397293	0.927631648139	1.0780341856	1.57340221846	0.859605094248	0.922057133881	1.27753001933	1.23031638956	1.31392159981	0.845888714355	0.90056118898	0.978446075399	1.3264738231	1.29630851619	1.21651837603	0.882643832769	1.23883685355	1.10028963267	0.892674949251	0.782002155631	1.18554735621	1.12920782987	1.22384085549	1.18635623973	1.18158107298	1.07612258579	1.29165356211	0.742406350894	1.17074414693	0.845401681972	1.00241556307	0.848748593523	0.762895954567	0.821856336394	1.44445953601	1.36140405027	1.35062521508	1.39356979217	1.13070853552	1.20034503142	1.49525138231	1.39824309812	1.17300785887	1.21880628323	1.28077002417	1.13868253262	0.981684441759	1.30624302078	0.940345722571	1.23725254712	1.12410710488	1.3170541131
AD4	0.799341865636	0.492462875785	2.28669661672	1.02202737071	0.871374949251	0.34331361044	1.03768105848	0.0	0.305670763654	0.67919860319	0.486921831803	0.625180758821	0.556195930401	1.96059433543	0.60748460609	0.610836568391	0.514230120831	0.522618134364	1.80182697922	1.29731095215	0.887272696955	0.545624146931	0.568387680039	0.520308134364	1.75863308362	0.759991474142	0.414715785404	0.441152576124	0.585607955534	0.750692735621	0.805633615273	0.620007109715	0.295608158531	0.309219057516	1.07065198163	0.799089685839	0.573643552441	0.548630144998	0.485761367811	0.707191130981	0.514536370227	1.25527308362	1.13329928468	0.487088791687	0.725238661189	0.584663330111	1.14929971967	0.914405340744	0.922208849686	0.949361865636	0.965247075882	1.04130894152	0.680317017883	0.666620217496	0.700056573224	0.726639540841	0.548133281779	1.04186089899	0.61058742871	0.890267129048	0.481302982117	0.852977510875
AE3	0.905697675205	0.627809908168	2.33216652006	1.16008768487	1.00208852586	0.431300275495	1.31554934751	0.305670763654	0.0	0.948336442726	0.371540985984	0.752175485742	0.655898960851	2.01194446109	0.712720048333	0.768326326728	0.499104915418	0.5644359739	1.954790145	1.46214479942	1.02550744321	0.691103591107	0.494810565491	0.472025625906	1.91771653939	0.928022363461	0.404150570324	0.538344354761	0.73016217013	0.909604871919	0.904613252779	0.728695466409	0.268745427743	0.332614644756	1.17772262929	0.91806460609	0.556332208797	0.748014103432	0.591877515708	0.918618066699	0.661241643306	1.35572834219	1.22371531658	0.665038646689	0.786225703238	0.59221217013	1.24587900918	0.993182358627	1.04259383277	1.04902314645	1.03334237313	1.12881203963	0.776648361527	0.766847404543	0.789927597873	0.83237701305	0.699402179797	1.14361584824	0.770800173997	0.984148651522	0.606465432576	0.93735961334
AE4	0.68998640406	0.612072044466	2.08408822136	0.799384610923	0.664592121798	0.803046046399	0.420681865636	0.67919860319	0.948336442726	0.0	1.04774083132	0.637140869985	0.762726993717	1.75675987917	0.591342194297	0.60803	0.924548250362	0.900792455292	1.45438927501	0.96578897535	0.749672189464	0.70629378927	0.987023112615	0.941536036733	1.32819162881	0.578719908168	0.888082179797	0.76237882552	0.614348608023	0.624975369744	0.938023392943	0.81647037216	0.865214552924	0.836159545674	0.976300096665	0.848634465926	0.951144233929	0.517803151281	0.811297022716	0.561044920251	0.657892788787	0.999950797487	0.881191314645	0.502670768487	1.13814723055	1.04283473175	1.08636449976	1.10490622523	0.906251957467	0.972652967617	1.22824124215	1.13090135814	0.883437187047	0.893898492025	0.943328757854	0.849704311261	0.67021237796	1.04570713871	0.622329492508	0.998231561141	0.774233455776	1.02959707105
AF3	0.956660198163	0.773368429193	2.50764549541	1.24987710971	1.08526507492	0.369888985017	1.38732397293	0.486921831803	0.371540985984	1.04774083132	0.0	0.80190218463	0.724531391977	2.18589043499	0.885140328661	0.864718980184	0.478824229096	0.484343320445	2.03051425326	1.53736618173	1.09171830836	0.78556499275	0.418221594973	0.384314238763	1.98211217013	0.991128376027	0.429704896085	0.626760952151	0.854714485259	1.01085307878	0.842504475592	0.674889511841	0.464458032866	0.456253542774	1.15495271145	0.945324664089	0.470977486709	0.857798550024	0.530831667472	0.960255621073	0.704003769937	1.5161840116	1.39977737554	0.784835843403	0.708927307878	0.525299091348	1.19830967134	0.971188641856	1.05282232963	1.02755738521	1.00992582407	1.07822071049	0.741690961817	0.730364243596	0.75441781537	0.761646118898	0.82800698405	1.07205104398	0.880000367327	0.939396452392	0.597460164331	0.899048680522
AF4	0.738239231513	0.416232566457	2.27046913001	0.961968535524	0.378635949734	0.497461512808	0.927631648139	0.625180758821	0.752175485742	0.637140869985	0.80190218463	0.0	0.567058728855	1.94109095698	0.494569337844	0.571219086515	0.807688801353	0.798188308362	1.60104685839	1.09876763171	0.952563170614	0.789672194297	1.04047848236	0.975067945868	1.47018633156	0.652029458676	0.838088318028	0.822473305945	0.772719898502	0.79519878202	0.987748264862	0.842695611406	0.768795461576	0.736005819236	0.788268690188	0.574548907685	0.766262513291	0.604220908652	0.651420115998	0.545962165297	0.511030652489	1.22833332044	1.12150735138	0.50509942001	0.965265558241	0.854630884485	0.841063465442	0.809949337844	0.605261314645	0.686652977284	0.923009739004	0.841385998067	0.579041488642	0.64186301595	0.703594528758	0.590026679555	0.634218719188	0.77420681972	0.608644282262	0.724917496375	0.636829724505	0.752326099565
AG3	0.708815476075	0.406879956501	2.32117141614	0.918973006283	0.796337868536	0.516959719671	1.0780341856	0.556195930401	0.655898960851	0.762726993717	0.724531391977	0.567058728855	0.0	1.97937235379	0.491082653456	0.518054393427	0.550733436443	0.577494673755	1.70930910585	1.21302931851	0.956008898018	0.638643673272	0.780635239246	0.727771681972	1.59815935718	0.668906331561	0.607048390527	0.590702812953	0.696625316578	0.812208598357	0.825352754954	0.659432658289	0.619022561624	0.562952368294	0.998325978734	0.773400966651	0.746334533591	0.654871739971	0.553800072499	0.633009545674	0.439392165297	1.32152983567	1.19557030449	0.549378873852	0.921218322861	0.788683117448	0.987468168197	0.79421	0.792625302078	0.793236926051	0.937063431609	0.882046447559	0.577046529725	0.631849758337	0.688996408893	0.602224074432	0.464505384244	0.900043170614	0.504304983084	0.741511208313	0.422296370227	0.748907970034
AG4	1.96125151281	1.93267434026	0.372581459642	1.08900659739	1.81299539391	2.04630704688	1.57340221846	1.96059433543	2.01194446109	1.75675987917	2.18589043499	1.94109095698	1.97937235379	0.0	1.8470797245	1.93967207347	2.15558567424	2.17720072499	0.952975128081	1.1723660899	1.63995581924	1.86963120348	2.07516661672	2.07190291445	1.64443441759	1.83421262446	2.05218932818	1.95951469309	1.53197693572	1.43785657322	2.13242318511	2.11324782504	1.96101820203	2.03109337361	2.20806594007	2.13475689705	2.29411364427	1.63708752537	2.19249988884	1.97639352827	2.05448692605	0.983204055099	1.07430101498	1.7646182262	2.41726185114	2.29038926535	2.34270690188	2.35633590623	2.17671610923	2.27547154181	2.44558387627	2.37986788787	2.22461108265	2.25518246013	2.29487676655	2.24364115515	1.97973365877	2.33399644273	1.95570901402	2.2974381392	2.06755694055	2.3294741276
AH3	0.791187225713	0.286718376027	2.16728355244	0.904089163847	0.648526515225	0.645428066699	0.859605094248	0.60748460609	0.712720048333	0.591342194297	0.885140328661	0.494569337844	0.491082653456	1.8470797245	0.0	0.559524499758	0.777884084099	0.803978448526	1.58482599807	1.09108343644	0.916318985017	0.756057259546	0.973667085549	0.921447133881	1.51516237796	0.707305466409	0.781638419526	0.750244789754	0.673178612856	0.753181498308	1.02172215563	0.871791338811	0.690585340744	0.672549888835	0.965437080715	0.741822150797	0.854114548091	0.530625558241	0.697819468342	0.607493484775	0.526700231996	1.14340067666	0.993506500725	0.455470159497	1.03239283712	0.910534789754	1.00866636539	0.880818279362	0.773790855486	0.827794504592	1.00020765104	0.941858351861	0.733039284679	0.735511087482	0.77582301595	0.725951454809	0.562542431126	0.900575944901	0.55872838086	0.820107858869	0.635236152731	0.824928119865
AH4	0.296077312711	0.346805128081	2.26835998067	0.956296089898	0.754420952151	0.633523141614	0.922057133881	0.610836568391	0.768326326728	0.60803	0.864718980184	0.571219086515	0.518054393427	1.93967207347	0.559524499758	0.0	0.669352740454	0.653529685839	1.48568027066	1.03244699855	0.874735219913	0.604880347994	0.808341251812	0.749968579024	1.43443668922	0.579716123731	0.668244253262	0.597042387627	0.658961971967	0.713175036249	0.759074117931	0.611047892702	0.722615147414	0.682712087965	1.00458287579	0.773137573707	0.829406046399	0.642104374094	0.614339125181	0.477364451426	0.450823900435	1.25978303045	1.14790443693	0.563812319961	1.00718122281	0.895615964234	0.942482832286	0.854779859836	0.800777646206	0.760371870469	0.97826777187	0.883108535524	0.589772948284	0.615755442243	0.689620874819	0.585706887385	0.382356694055	0.840547133881	0.380914871919	0.771454697922	0.491820314161	0.780109816336
AA7	0.822016191397	0.662632919285	2.47337841469	1.20243883519	1.0180378202	0.557603605607	1.27753001933	0.514230120831	0.499104915418	0.924548250362	0.478824229096	0.807688801353	0.550733436443	2.15558567424	0.777884084099	0.669352740454	0.0	0.167776945384	1.84384078299	1.35332464959	1.04869894152	0.649939845336	0.477906152731	0.428209033349	1.79072775737	0.847061130981	0.340799816336	0.448321807637	0.783367008217	0.945237810536	0.654321986467	0.414625940068	0.469238414693	0.493015297245	1.20832189947	1.00796244563	0.524574369261	0.825895712905	0.53515160464	0.857453470275	0.652446887385	1.48523478492	1.36572434993	0.768575828903	0.803066423393	0.622226848719	1.1222881972	0.893702701788	1.06864316578	1.0012658869	0.919564736588	0.99429737071	0.69452277912	0.646199241179	0.67880377477	0.707704103432	0.563837293378	1.01026129531	0.647008289029	0.942415084582	0.477860710488	0.838829284679
AA8	0.769734528758	0.668520236829	2.49914340261	1.20936157081	1.00747246496	0.537009192847	1.23031638956	0.522618134364	0.5644359739	0.900792455292	0.484343320445	0.798188308362	0.577494673755	2.17720072499	0.803978448526	0.653529685839	0.167776945384	0.0	1.84147657806	1.34983306912	0.96377982117	0.58435081682	0.490384818753	0.439199869502	1.74405029	0.805047510875	0.375502203963	0.421896094732	0.782134171097	0.92183561624	0.578207448043	0.33779757854	0.511108322861	0.49280380377	1.18091778154	0.988232711455	0.527447109715	0.838343504108	0.527818922185	0.828708037699	0.664763214113	1.51455968584	1.3939359014	0.769367438376	0.754455016916	0.593518835186	1.12756458192	0.902937945868	1.04076233446	0.978040463992	0.925131551474	0.994499574674	0.651568250362	0.650019734171	0.67086582407	0.680167409377	0.578894499758	1.00597885935	0.625909342678	0.916307931368	0.444248540358	0.845489342678
AB7	1.46569648139	1.59753111165	1.20772323828	0.995293605607	1.39327847753	1.8112717448	1.31392159981	1.80182697922	1.954790145	1.45438927501	2.03051425326	1.60104685839	1.70930910585	0.952975128081	1.58482599807	1.48568027066	1.84384078299	1.84147657806	0.0	0.551431802803	1.51373454326	1.61175098115	1.92146297245	1.90873487192	1.06429039633	1.4536840116	1.84860032866	1.70674296762	1.34016310295	1.18735464959	1.71757103432	1.71465821653	1.8638102175	1.88324443209	1.87692916868	1.82540759787	1.99260785404	1.46568221846	1.8420980522	1.48173702755	1.65947704688	0.998654581924	1.03295986467	1.53499595457	2.16110923635	2.08321248429	1.90095096182	1.96220515708	1.81920271145	1.82143057516	2.05656343161	1.95414040599	1.7781122523	1.79961459159	1.84561490092	1.78567221363	1.62795137748	1.88732616723	1.57744292412	1.86213709522	1.73582965201	1.92457329628
AB8	1.05767352344	1.09825672789	1.49435679072	0.522087718705	0.955148501692	1.31325541808	0.845888714355	1.29731095215	1.46214479942	0.96578897535	1.53736618173	1.09876763171	1.21302931851	1.1723660899	1.09108343644	1.03244699855	1.35332464959	1.34983306912	0.551431802803	0.0	1.04558861769	1.12316964717	1.41718246013	1.40111402127	1.08603414693	0.972045355244	1.3435339971	1.20710698888	0.813136491058	0.680031121315	1.27273673755	1.24273161431	1.37601304012	1.39077669889	1.4391640841	1.35166098598	1.50503484292	0.969795538908	1.36448989367	1.04697544224	1.1866942436	0.736896060899	0.720648264862	1.03393609957	1.68411159497	1.59141423393	1.52235877235	1.52219357661	1.38227348961	1.40418093765	1.618739884	1.54254659256	1.36147476559	1.36440419043	1.41097705655	1.35355417593	1.14499457709	1.49237245046	1.12316860802	1.42395940551	1.23985705655	1.48614860802
AC7	0.856042324795	0.908268303528	1.95810047849	0.899972189464	1.05209744804	0.94547520058	0.90056118898	0.887272696955	1.02550744321	0.749672189464	1.09171830836	0.952563170614	0.956008898018	1.63995581924	0.916318985017	0.874735219913	1.04869894152	0.96377982117	1.51373454326	1.04558861769	0.0	0.501801793137	0.98813717738	0.960780512325	1.40157813436	0.700163146448	0.955826491058	0.804909594007	0.603102054132	0.572508313195	0.883704601257	0.831113794103	0.934433257612	0.922100850652	1.2626519188	1.13828768004	1.1932640986	0.781702126631	1.05748550024	0.956092605123	0.986483296278	1.17957076849	1.10577641856	0.765169511841	1.16306278395	1.04600530691	1.47781135331	1.43578376027	1.22339946834	1.29713179797	1.55149677622	1.48725994683	1.11908680522	1.19299506042	1.23743866602	1.14998657322	0.937421097148	1.41023541324	0.881853687772	1.28037496375	0.926658492025	1.37867793137
AC8	0.660563044949	0.644429458676	2.19194990817	0.950943600773	1.00857931851	0.609556655389	0.978446075399	0.545624146931	0.691103591107	0.70629378927	0.78556499275	0.789672194297	0.638643673272	1.86963120348	0.756057259546	0.604880347994	0.649939845336	0.58435081682	1.61175098115	1.12316964717	0.501801793137	0.0	0.654659763171	0.631340710488	1.52468779604	0.601027781537	0.517973707105	0.347629318511	0.5114979797	0.612730695988	0.596916495892	0.481781870469	0.586230932818	0.580596031899	1.10872977767	0.879466631223	0.824576167231	0.686927747704	0.689636128565	0.776327216046	0.672902479459	1.22696778637	1.1260742581	0.649862788787	0.902574775254	0.784622460126	1.28094670855	1.06258135814	1.00425524891	1.03420898985	1.17457779604	1.1753818753	0.772758129531	0.813741135814	0.859424973417	0.827316834219	0.543331909135	1.1546041276	0.576220449493	0.953846616723	0.540750850652	1.00498850169
AD7	0.874755461576	0.873385722571	2.39525946351	1.166980087	1.27297600773	0.649521599807	1.3264738231	0.568387680039	0.494810565491	0.987023112615	0.418221594973	1.04047848236	0.780635239246	2.07516661672	0.973667085549	0.808341251812	0.477906152731	0.490384818753	1.92146297245	1.41718246013	0.98813717738	0.654659763171	0.0	0.135566544224	1.88149237313	0.86444621073	0.372757829869	0.473352116965	0.73222017883	0.876890884485	0.731125268246	0.56654741421	0.491938525858	0.533134441759	1.36891592073	1.15643131464	0.665026930884	0.878806756887	0.710030478492	1.03439989367	0.853053204447	1.41750845819	1.30535223296	0.863292904785	0.868715737071	0.673321005317	1.38535388594	1.1541700435	1.25417456742	1.23067124698	1.17304838569	1.26779507492	0.930606524891	0.890320831319	0.910771338811	0.959261981634	0.767731846303	1.27692512808	0.822866486225	1.15626173997	0.646823953601	1.08421538908
AD8	0.877120952151	0.81447858869	2.39276807637	1.14154363461	1.20774259062	0.603473276945	1.29630851619	0.520308134364	0.472025625906	0.941536036733	0.384314238763	0.975067945868	0.727771681972	2.07190291445	0.921447133881	0.749968579024	0.428209033349	0.439199869502	1.90873487192	1.40111402127	0.960780512325	0.631340710488	0.135566544224	0.0	1.824260145	0.795418119865	0.34099481392	0.459587641373	0.702355239246	0.861669347511	0.710073349444	0.520558579024	0.479650241663	0.494764862252	1.32706612856	1.10434999033	0.622128912518	0.830303518608	0.664439603673	0.973810285162	0.794998762687	1.41184879652	1.29401048333	0.799916394393	0.824035940068	0.635927346544	1.33583095698	1.10462381827	1.2030722378	1.17207874819	1.13382350411	1.2198059884	0.878124146931	0.835909743838	0.868846244563	0.901838105365	0.72407481392	1.22559009667	0.786384668922	1.09834579024	0.604787472209	1.03332973417
AE7	1.38541426293	1.5365417883	1.89854201547	1.29536473659	1.24307255679	1.73317599323	1.21651837603	1.75863308362	1.91771653939	1.32819162881	1.98211217013	1.47018633156	1.59815935718	1.64443441759	1.51516237796	1.43443668922	1.79072775737	1.74405029	1.06429039633	1.08603414693	1.40157813436	1.52468779604	1.88149237313	1.824260145	0.0	1.05535086032	1.81537366361	1.6646060754	1.39078380377	1.30969530208	1.57335666506	1.59092884485	1.84274463509	1.83901107782	1.72068248429	1.71234310778	1.9238477622	1.50697084582	1.78583107782	1.38207298212	1.6105758144	1.46461715805	1.45888753504	1.49576019333	2.02539043983	1.9608242146	1.71558426776	1.86318956017	1.6348278782	1.64628353311	1.96166721605	1.81192129048	1.66548583857	1.69963844369	1.74497075882	1.62662667956	1.59282594973	1.73762270179	1.5254259739	1.74068139198	1.67236354761	1.81944217496
AE8	0.64281878202	0.617641754471	2.15405341711	0.880014282262	0.811587216046	0.748222281295	0.882643832769	0.759991474142	0.928022363461	0.578719908168	0.991128376027	0.652029458676	0.668906331561	1.83421262446	0.707305466409	0.579716123731	0.847061130981	0.805047510875	1.4536840116	0.972045355244	0.700163146448	0.601027781537	0.86444621073	0.795418119865	1.05535086032	0.0	0.816833378444	0.695755002417	0.625119439343	0.587060903818	0.769227235379	0.69772762204	0.846799507008	0.841090144998	1.07938202513	0.910038936684	0.94640280812	0.670768231029	0.835048830353	0.628203175447	0.689779540841	1.20580837603	1.09158818753	0.625614523925	1.10183373127	1.01317724988	1.15656932818	1.10727485259	0.924272812953	0.972160589657	1.22203542774	1.16067960367	0.86606742871	0.886848269696	0.93161520058	0.863672551957	0.694275563074	1.09895442243	0.643057694538	0.969706703722	0.718757346544	1.05481792653
AF7	0.808887936201	0.662205398743	2.37314720155	1.13815042533	1.07081558724	0.500043054616	1.23883685355	0.414715785404	0.404150570324	0.888082179797	0.429704896085	0.838088318028	0.607048390527	2.05218932818	0.781638419526	0.668244253262	0.340799816336	0.375502203963	1.84860032866	1.3435339971	0.955826491058	0.517973707105	0.372757829869	0.34099481392	1.81537366361	0.816833378444	0.0	0.275029647173	0.663251126148	0.817166636056	0.702310463992	0.534938680522	0.399286437893	0.418101087482	1.16837434026	0.944657564041	0.527927390043	0.727175509908	0.55744737071	0.867136118898	0.644501454809	1.39877457226	1.27505690672	0.692648753021	0.790816215563	0.619369700338	1.20046657322	0.971510715321	1.05839324795	1.04270771387	0.999395273079	1.08565791203	0.746274166264	0.732727738038	0.761713711938	0.791251643306	0.606299961334	1.09136161431	0.673959840503	0.965838496858	0.466382740454	0.911216892218
AF8	0.668273301112	0.646972484292	2.28234769454	1.03092804737	1.0484778202	0.509734055099	1.10028963267	0.441152576124	0.538344354761	0.76237882552	0.626760952151	0.822473305945	0.590702812953	1.95951469309	0.750244789754	0.597042387627	0.448321807637	0.421896094732	1.70674296762	1.20710698888	0.804909594007	0.347629318511	0.473352116965	0.459587641373	1.6646060754	0.695755002417	0.275029647173	0.0	0.562311715805	0.705535944901	0.641706056066	0.463675326245	0.459645625906	0.468735548574	1.17305593523	0.951690053166	0.671510869985	0.721066046399	0.578455877235	0.816661570807	0.641025959401	1.29932990333	1.18047331078	0.687784548091	0.872704055099	0.729040517158	1.21966514258	0.998716863219	1.03151925085	1.04531492508	1.03006766554	1.11193866602	0.75383478492	0.761305998067	0.797537626873	0.80684040116	0.524298211696	1.1100139681	0.573365901402	0.974477491542	0.475917568874	0.94114377477
AG7	0.759209395843	0.6542059884	1.85190323828	0.621579859836	0.899086491058	0.700058250362	0.892674949251	0.585607955534	0.73016217013	0.614348608023	0.854714485259	0.772719898502	0.696625316578	1.53197693572	0.673178612856	0.658961971967	0.783367008217	0.782134171097	1.34016310295	0.813136491058	0.603102054132	0.5114979797	0.73222017883	0.702355239246	1.39078380377	0.625119439343	0.663251126148	0.562311715805	0.0	0.25895218463	0.813612474625	0.715260691155	0.662451271145	0.708810492992	1.21755272595	0.962213020783	0.935855335911	0.455305302078	0.832363871435	0.812646307395	0.725052058966	0.960885137748	0.830757158047	0.473147380377	1.08087686322	0.961594543258	1.32702127598	1.15098535041	1.11882965201	1.14148754954	1.26183573707	1.22082720155	0.920882479459	0.9314800145	0.979960894152	0.937255065249	0.686247037216	1.22502987917	0.679446732721	1.08913725955	0.715355316578	1.09842539874
AG8	0.708704876752	0.755566853552	1.76623241663	0.5782619913	0.898558356694	0.80976161914	0.782002155631	0.750692735621	0.909604871919	0.624975369744	1.01085307878	0.79519878202	0.812208598357	1.43785657322	0.753181498308	0.713175036249	0.945237810536	0.92183561624	1.18735464959	0.680031121315	0.572508313195	0.612730695988	0.876890884485	0.861669347511	1.30969530208	0.587060903818	0.817166636056	0.705535944901	0.25895218463	0.0	0.927882493958	0.859407559207	0.835278864186	0.851728506525	1.23710973417	1.05167680522	1.08590289029	0.507960318995	0.940803876269	0.810414345094	0.83416041566	0.901873871435	0.819636911551	0.562045074915	1.21172592557	1.09858583857	1.33922392943	1.2641680812	1.14553269212	1.20728159981	1.38009637989	1.32827940551	1.02416411793	1.04128269696	1.0910882552	1.04397019816	0.786473615273	1.28200357177	0.762069608507	1.19174323828	0.810957525375	1.21166880619
AH7	0.748060613823	0.852842851619	2.43648643306	1.25868282262	1.17365458676	0.824568385694	1.18554735621	0.805633615273	0.904613252779	0.938023392943	0.842504475592	0.987748264862	0.825352754954	2.13242318511	1.02172215563	0.759074117931	0.654321986467	0.578207448043	1.71757103432	1.27273673755	0.883704601257	0.596916495892	0.731125268246	0.710073349444	1.57335666506	0.769227235379	0.702310463992	0.641706056066	0.813612474625	0.927882493958	0.0	0.285341527308	0.877599308845	0.865521266312	1.17828243596	1.03128141614	0.818901875302	0.968616442726	0.778106756887	0.915269569841	0.832332914451	1.49535888835	1.39982838569	0.918614151764	0.965304494925	0.906302474625	1.27405549058	1.06701697438	1.15639492508	1.05012872402	1.14001871919	1.15680059449	0.824245268246	0.807055157081	0.821345316578	0.830250913485	0.767339734171	1.15978625906	0.790744746254	0.987543905268	0.685976085065	1.00790835186
AH8	0.692813837603	0.706581440309	2.43091206863	1.172619913	1.03155855002	0.621362527791	1.12920782987	0.620007109715	0.728695466409	0.81647037216	0.674889511841	0.842695611406	0.659432658289	2.11324782504	0.871791338811	0.611047892702	0.414625940068	0.33779757854	1.71465821653	1.24273161431	0.831113794103	0.481781870469	0.56654741421	0.520558579024	1.59092884485	0.69772762204	0.534938680522	0.463675326245	0.715260691155	0.859407559207	0.285341527308	0.0	0.694302943451	0.667709647173	1.14092430159	0.945270318995	0.665930681489	0.846358743354	0.588521295312	0.793308728855	0.6926499855	1.45682423393	1.34501781054	0.78283557274	0.820507017883	0.715906167231	1.15519824553	0.945199159014	1.01998069599	0.948709294345	0.97983677622	1.04403167231	0.682001730304	0.679209038183	0.697707684872	0.703101333978	0.620962566457	1.04569504592	0.646489299178	0.883725915901	0.517961768971	0.883933687772
AA5	0.877483711938	0.614882721121	2.2807099565	1.10350917835	1.00875468826	0.459111406477	1.22384085549	0.295608158531	0.268745427743	0.865214552924	0.464458032866	0.768795461576	0.619022561624	1.96101820203	0.690585340744	0.722615147414	0.469238414693	0.511108322861	1.8638102175	1.37601304012	0.934433257612	0.586230932818	0.491938525858	0.479650241663	1.84274463509	0.846799507008	0.399286437893	0.459645625906	0.662451271145	0.835278864186	0.877599308845	0.694302943451	0.0	0.240585157081	1.19990241179	0.927041536974	0.638342150797	0.637622431126	0.637895645239	0.822357481875	0.65648017883	1.25773647656	1.13411433543	0.581649536008	0.818475113581	0.61770322378	1.30142000967	1.07344222813	1.07275054132	1.10709364911	1.11095354277	1.19339121315	0.821191198647	0.815131884969	0.8398719913	0.876165833736	0.598926370227	1.18950868052	0.667225669406	1.03003946351	0.564278786854	1.00130591107
AA6	0.823968347028	0.56994417593	2.35783861286	1.11829768971	0.973972179797	0.390391759304	1.18635623973	0.309219057516	0.332614644756	0.836159545674	0.456253542774	0.736005819236	0.562952368294	2.03109337361	0.672549888835	0.682712087965	0.493015297245	0.49280380377	1.88324443209	1.39077669889	0.922100850652	0.580596031899	0.533134441759	0.494764862252	1.83901107782	0.841090144998	0.418101087482	0.468735548574	0.708810492992	0.851728506525	0.865521266312	0.667709647173	0.240585157081	0.0	1.08845058482	0.82677860319	0.545644156597	0.639499526341	0.515887172547	0.799760666989	0.559003122281	1.33335666506	1.20577681489	0.580900347994	0.629019101015	0.442797264379	1.18236874335	0.958828883519	0.955122426293	0.967805998067	1.00006658772	1.07280427743	0.689062174964	0.709873668439	0.730014615756	0.752912682455	0.577844712421	1.05263909618	0.646011348478	0.893511551474	0.480600106332	0.889012131464
AB5	1.10478766071	0.906895534074	2.52067921218	1.3662440696	0.894069395843	0.997411594973	1.18158107298	1.07065198163	1.17772262929	0.976300096665	1.15495271145	0.788268690188	0.998325978734	2.20806594007	0.965437080715	1.00458287579	1.20832189947	1.18091778154	1.87692916868	1.4391640841	1.2626519188	1.10872977767	1.36891592073	1.32706612856	1.72068248429	1.07938202513	1.16837434026	1.17305593523	1.21755272595	1.23710973417	1.17828243596	1.14092430159	1.19990241179	1.08845058482	0.0	0.377171324311	0.94840539391	1.04897302078	0.964923025616	0.838629995167	0.883997921701	1.55094482359	1.45537563557	0.982580821653	0.9678019913	0.973030130498	0.860465099082	0.969975369744	0.739090797487	0.77234739971	1.07306636539	0.94545	0.841919110681	0.895794055099	0.93348680522	0.859731416143	1.02688963267	0.854028115031	1.01648272595	0.804508245529	1.01279302078	0.913309850169
AB6	0.926468332528	0.649800691155	2.45403827936	1.23632494442	0.809860304495	0.737848844853	1.07612258579	0.799089685839	0.91806460609	0.848634465926	0.945324664089	0.574548907685	0.773400966651	2.13475689705	0.741822150797	0.773137573707	1.00796244563	0.988232711455	1.82540759787	1.35166098598	1.13828768004	0.879466631223	1.15643131464	1.10434999033	1.71234310778	0.910038936684	0.944657564041	0.951690053166	0.962213020783	1.05167680522	1.03128141614	0.945270318995	0.927041536974	0.82677860319	0.377171324311	0.0	0.760857665539	0.798493537941	0.769232590623	0.722896186564	0.654073460609	1.43145953117	1.33268774287	0.703154939584	0.747220526825	0.772438303528	0.78957300145	0.743685891735	0.542915219913	0.565689357177	0.853406979217	0.756898985017	0.636540903818	0.706714765587	0.747105118415	0.678369816336	0.781966186564	0.692339951667	0.769284499758	0.565712484292	0.806530251329	0.682381996133
AC5	0.941524490092	0.726130439826	2.61884159981	1.37564909618	1.07529446109	0.570349091348	1.29165356211	0.573643552441	0.556332208797	0.951144233929	0.470977486709	0.766262513291	0.746334533591	2.29411364427	0.854114548091	0.829406046399	0.524574369261	0.527447109715	1.99260785404	1.50503484292	1.1932640986	0.824576167231	0.665026930884	0.622128912518	1.9238477622	0.94640280812	0.527927390043	0.671510869985	0.935855335911	1.08590289029	0.818901875302	0.665930681489	0.638342150797	0.545644156597	0.94840539391	0.760857665539	0.0	0.825812837119	0.492660086999	0.867524369261	0.668993455776	1.63094948284	1.50339345094	0.774042725955	0.538964272595	0.429912315128	1.00386156114	0.774638066699	0.893660734654	0.830240304495	0.780823571774	0.854252503625	0.602495659739	0.54880301595	0.538221865636	0.612803905268	0.762886413726	0.869988849686	0.825228139198	0.758688293862	0.610459652006	0.695117158047
AC6	0.810686993717	0.561999313678	1.95443505558	0.730887288545	0.731245722571	0.627115877235	0.742406350894	0.548630144998	0.748014103432	0.517803151281	0.857798550024	0.604220908652	0.654871739971	1.63708752537	0.530625558241	0.642104374094	0.825895712905	0.838343504108	1.46568221846	0.969795538908	0.781702126631	0.686927747704	0.878806756887	0.830303518608	1.50697084582	0.670768231029	0.727175509908	0.721066046399	0.455305302078	0.507960318995	0.968616442726	0.846358743354	0.637622431126	0.639499526341	1.04897302078	0.798493537941	0.825812837119	0.0	0.767124833253	0.66671297245	0.632041034316	0.83351842436	0.70964537941	0.290607433543	1.03560405027	0.924105074915	1.17622929435	1.08484976317	0.949474963751	1.00065840019	1.19015088932	1.13899918318	0.846365886902	0.896070546158	0.943805732238	0.881447288545	0.639732648623	1.07472012083	0.626405374577	0.996042329628	0.683056945384	1.03677794103
AD6	0.742178815853	0.554007336878	2.5185118463	1.1995300145	0.879751754471	0.417354533591	1.17074414693	0.485761367811	0.591877515708	0.811297022716	0.530831667472	0.651420115998	0.553800072499	2.19249988884	0.697819468342	0.614339125181	0.53515160464	0.527818922185	1.8420980522	1.36448989367	1.05748550024	0.689636128565	0.710030478492	0.664439603673	1.78583107782	0.835048830353	0.55744737071	0.578455877235	0.832363871435	0.940803876269	0.778106756887	0.588521295312	0.637895645239	0.515887172547	0.964923025616	0.769232590623	0.492660086999	0.767124833253	0.0	0.668729676172	0.353899410343	1.50790956017	1.38909763654	0.692697109715	0.681681391977	0.569908322861	0.854219782504	0.642522358627	0.814766505558	0.709374195263	0.700975036249	0.75673699855	0.434407984534	0.426875176414	0.459427124215	0.461699323345	0.535443919768	0.751415828903	0.584837080715	0.649759835669	0.347515746738	0.59266661189
AE5	0.577682092798	0.521522387627	2.30579891252	0.9891899855	0.644397680039	0.718851807637	0.845401681972	0.707191130981	0.918618066699	0.561044920251	0.960255621073	0.545962165297	0.633009545674	1.97639352827	0.607493484775	0.477364451426	0.857453470275	0.828708037699	1.48173702755	1.04697544224	0.956092605123	0.776327216046	1.03439989367	0.973810285162	1.38207298212	0.628203175447	0.867136118898	0.816661570807	0.812646307395	0.810414345094	0.915269569841	0.793308728855	0.822357481875	0.799760666989	0.838629995167	0.722896186564	0.867524369261	0.66671297245	0.668729676172	0.0	0.392394693088	1.23907904302	1.1344197535	0.583431522475	1.06473869502	0.994686350894	0.883361387144	0.877945190913	0.765486157564	0.710147834703	1.00509536491	0.903701493475	0.613099342678	0.668335147414	0.7331620203	0.599473697438	0.541120275495	0.834144654422	0.490621981634	0.73612260029	0.616640676655	0.808482938618
AE6	0.62112817303	0.371689308845	2.38328631706	1.05304583857	0.706941836636	0.460005350411	1.00241556307	0.514536370227	0.661241643306	0.657892788787	0.704003769937	0.511030652489	0.439392165297	2.05448692605	0.526700231996	0.450823900435	0.652446887385	0.664763214113	1.65947704688	1.1866942436	0.986483296278	0.672902479459	0.853053204447	0.794998762687	1.6105758144	0.689779540841	0.644501454809	0.641025959401	0.725052058966	0.83416041566	0.832332914451	0.6926499855	0.65648017883	0.559003122281	0.883997921701	0.654073460609	0.668993455776	0.632041034316	0.353899410343	0.392394693088	0.0	1.33810581924	1.22157812953	0.53329161914	0.843894403093	0.754262735621	0.851303542774	0.693499207347	0.691790507492	0.650705978734	0.819053044949	0.752886452392	0.441662252296	0.46557017883	0.528964456259	0.443964688255	0.415812706622	0.745284113098	0.43299161914	0.588542445626	0.412178791687	0.633240135331
AF5	1.31246106815	1.23193494442	1.29567419526	0.597012315128	1.12138142098	1.34866805703	0.848748593523	1.25527308362	1.35572834219	0.999950797487	1.5161840116	1.22833332044	1.32152983567	0.983204055099	1.14340067666	1.25978303045	1.48523478492	1.51455968584	0.998654581924	0.736896060899	1.17957076849	1.22696778637	1.41750845819	1.41184879652	1.46461715805	1.20580837603	1.39877457226	1.29932990333	0.960885137748	0.901873871435	1.49535888835	1.45682423393	1.25773647656	1.33335666506	1.55094482359	1.43145953117	1.63094948284	0.83351842436	1.50790956017	1.23907904302	1.33810581924	0.0	0.208377723538	1.00022947318	1.75393143548	1.62207833736	1.7238382262	1.70247729338	1.55455403577	1.62604697438	1.81973185597	1.76143349928	1.53599950701	1.58232160464	1.63425362011	1.56307981634	1.26655449493	1.70400158047	1.24235507008	1.63226285162	1.39443895602	1.67534913485
AF6	1.23172166264	1.10824266312	1.38601239246	0.516271440309	1.03458363944	1.2291580667	0.762895954567	1.13329928468	1.22371531658	0.881191314645	1.39977737554	1.12150735138	1.19557030449	1.07430101498	0.993506500725	1.14790443693	1.36572434993	1.3939359014	1.03295986467	0.720648264862	1.10577641856	1.1260742581	1.30535223296	1.29401048333	1.45888753504	1.09158818753	1.27505690672	1.18047331078	0.830757158047	0.819636911551	1.39982838569	1.34501781054	1.13411433543	1.20577681489	1.45537563557	1.33268774287	1.50339345094	0.70964537941	1.38909763654	1.1344197535	1.22157812953	0.208377723538	0.0	0.87928159014	1.62971707588	1.5003662784	1.62230965684	1.5867517883	1.44704031416	1.51758968584	1.67613314645	1.65014094732	1.42066782504	1.46141493958	1.51020476075	1.44431518125	1.14739455776	1.59374305462	1.12137250362	1.51248098115	1.27315403093	1.55133589657
AG5	0.744886955051	0.446017438376	2.0865677477	0.812975582407	0.639263334944	0.547978032866	0.821856336394	0.487088791687	0.665038646689	0.502670768487	0.784835843403	0.50509942001	0.549378873852	1.7646182262	0.455470159497	0.563812319961	0.768575828903	0.769367438376	1.53499595457	1.03393609957	0.765169511841	0.649862788787	0.863292904785	0.799916394393	1.49576019333	0.625614523925	0.692648753021	0.687784548091	0.473147380377	0.562045074915	0.918614151764	0.78283557274	0.581649536008	0.580900347994	0.982580821653	0.703154939584	0.774042725955	0.290607433543	0.692697109715	0.583431522475	0.53329161914	1.00022947318	0.87928159014	0.0	0.938330285162	0.841861633639	1.1028379362	0.973304949251	0.871413397777	0.884590753987	1.09569555824	1.0203739826	0.729996191397	0.779910845819	0.823496191397	0.748394229096	0.580932706622	0.981422788787	0.558999352344	0.875611193813	0.601020405993	0.915803653939
