	AA3	AA4	AB3	AB4	AC3	AC4	AD3	AD4	AE3	AE4	AF3	AF4	AG3	AG4	AH3	AH4	AA7	AA8	AB7	AB8	AC7	AC8	AD7	AD8	AE7	AE8	AF7	AF8	AG7	AG8	AH7	AH8	AA5	AA6	AB5	AB6	AC5	AC6	AD6	AE5	AE6	AF5	AF6	AG5	AH5	AH6	AA1	AA2	AB1	AB2	AC1	AC2	AD1	AD2	AE1	AE2	AF1	AF2	AG1	AG2	AH1	AH2
AA3	0.0	0.537728356694	2.20402458192	0.948834915418	0.859030420493	0.778416379894	0.887886346061	0.790815480909	0.921618593523	0.675054316095	0.934228240696	0.755273871435	0.737718303528	1.8758759884	0.776397825036	0.286022329628	0.82131318028	0.803635016916	1.42074947318	1.03405741904	0.778023368777	0.718032991783	0.927504717255	0.930838453359	1.34848826003	0.583293885935	0.82173038666	0.705293716771	0.741903465442	0.675002063799	0.806562058966	0.72516879652	0.900099879169	0.861650599323	1.08752709522	0.964144973417	0.965761580474	0.839655234413	0.8013140116	0.59365060899	0.638479105848	1.25606854519	1.14957127598	0.706772725955	1.16228763171	1.08690700822	0.983023910101	0.917601043983	0.895231628806	0.880541314645	1.0747377477	1.00573847269	0.701181517641	0.740761309811	0.789544731754	0.694996379894	0.560678289029	0.908439047849	0.55100742871	0.998671208313	0.704148820686	1.00478544224
AA4	0.537728356694	0.0	2.21582658772	0.87553921218	0.631054340261	0.60446260029	0.873524030933	0.50986260029	0.719035611406	0.571647148381	0.782610923151	0.447989159014	0.458964185597	1.88822249879	0.291608569357	0.328156505558	0.674332112131	0.635466466892	1.5286721943	1.03286659739	0.804491377477	0.636320662156	0.829283929435	0.863555432576	1.4565738521	0.558163228613	0.688694171097	0.608556437893	0.651405761237	0.700015959401	0.874381493475	0.726558719188	0.645984755921	0.622961527308	0.909775732238	0.723538153697	0.795021469309	0.516590125665	0.62064641856	0.481874731754	0.434147907202	1.1938280377	1.07572289995	0.428397602707	0.997803199613	0.877452078299	0.954528332528	0.826790947318	0.732834117931	0.751658912518	0.973985302078	0.922698206863	0.662546558724	0.659209946834	0.701674258096	0.620128255196	0.458241686805	0.860165306912	0.446875669406	0.828191541808	0.504684417593	0.857085534074
AB3	2.20402458192	2.21582658772	0.0	1.4518100435	2.12507916868	2.39297089899	1.89437081199	2.26797897052	2.34904676172	2.06564618656	2.48347993717	2.2386640116	2.31971990817	0.360907849203	2.13683501208	2.27149518608	2.47669767521	2.48091903818	1.16263653939	1.4448957854	1.97296043016	2.21361612373	2.40540042533	2.40594134364	1.88642323345	2.20507709522	2.3698380232	2.27800469792	1.9018457274	1.77039598357	2.43143375544	2.41821884002	2.27027772354	2.36662701305	2.52619609473	2.47248067182	2.61326838569	1.99410565491	2.5162977622	2.29002517641	2.37185869019	1.27679452876	1.37291964717	2.06065795553	2.72056872402	2.62754333494	2.66202241179	2.64679263412	2.48631252779	2.60088902852	2.76450721121	2.70371664572	2.55749372644	2.57245240696	2.60734000483	2.55959869986	2.30874674722	2.63407691155	2.29436855002	2.6737142436	2.39716048816	2.66863452876
AB4	0.948834915418	0.87553921218	1.4518100435	0.0	0.872828322861	1.06478939101	0.788401512808	0.99369340261	1.14201570324	0.788947317545	1.18732432576	0.92589219913	0.896511594973	1.11880330594	0.819187346544	0.940423721605	1.18673458192	1.17171313195	1.00482064766	0.486917738038	0.893408086032	0.960582619623	1.15876440793	1.15652967617	1.26994331078	0.953252551957	1.13847027066	1.01103114548	0.654148115031	0.595643301112	1.25091331078	1.15936892218	1.08849627356	1.11707400193	1.36306423393	1.24604751571	1.36711610923	0.778326669889	1.17523679555	0.99198482842	1.05369892218	0.626690062832	0.538500729821	0.785399705172	1.48596699372	1.36827506042	1.44632962301	1.37052123731	1.23124809087	1.31275778637	1.51426122765	1.45242914451	1.24353857902	1.26638315611	1.31860723538	1.24902791203	1.01857886902	1.39285874819	0.993986317061	1.40369958917	1.08683968584	1.3891640986
AC3	0.859030420493	0.631054340261	2.12507916868	0.872828322861	0.0	0.768933992267	0.838525901402	0.837700111165	0.996181628806	0.656847085549	1.04896119381	0.358854751087	0.803482933784	1.80304065732	0.655682667956	0.781162087965	1.02115362494	0.955580285162	1.41108743354	0.985965625906	1.03926198647	1.01689081682	1.2174181537	1.25684449493	1.25938504108	0.802168376027	1.08868946834	1.00497217013	0.892124519091	0.883453586274	1.19059661672	1.06195966167	1.01204397777	0.97597179797	0.830209724505	0.79104040116	1.00005540358	0.685437100048	0.853820884485	0.645322295795	0.752062721121	1.12722743354	1.02890227646	0.592100526825	1.20544840503	1.1183542871	0.909146645723	0.932271986467	0.677496172064	0.835084224263	1.10148745288	0.996926370227	0.776314905752	0.860684180764	0.901074195263	0.801580642823	0.86835897535	0.900003900435	0.829374775254	0.969424441759	0.861497752537	0.976218791687
AC4	0.778416379894	0.60446260029	2.39297089899	1.06478939101	0.768933992267	0.0	1.15054836153	0.399282029966	0.460535002417	0.826776447559	0.33712080232	0.507086732721	0.440070285162	2.06721220396	0.669333711938	0.64938980667	0.571332566457	0.528041275979	1.81723083132	1.29334904302	0.903065635573	0.596604074432	0.61497118898	0.673170889319	1.70929251812	0.728670807153	0.562764939584	0.515228994683	0.672831290478	0.818179062349	0.809205920735	0.653003852102	0.519775882069	0.418599139681	0.981506752054	0.732947733204	0.556095002417	0.616613963267	0.406722261962	0.723499487675	0.516419826003	1.39216674239	1.2765879072	0.602509608507	0.699708293862	0.59718438376	1.04221596907	0.839359134848	0.821900952151	0.797221570807	0.871823562107	0.949253102948	0.652521609473	0.626105451909	0.668712924118	0.603286824553	0.591840671822	0.956727336878	0.658145674239	0.783845654906	0.428611029483	0.829311420976
AD3	0.887886346061	0.873524030933	1.89437081199	0.788401512808	0.838525901402	1.15054836153	0.0	1.0212962784	1.32561930401	0.449121377477	1.34037196713	0.956388869019	1.08827357177	1.5668181102	0.871805708072	0.943822566457	1.26094318028	1.23147854036	1.30222110681	0.819837636539	0.893980724988	1.02849542291	1.33940497342	1.30635963751	1.21413630739	0.917312672789	1.24107329145	1.12015305462	0.936963499275	0.777334354761	1.19972159014	1.12803669889	1.23862191397	1.17853605607	1.18790864669	1.11044260029	1.31387841469	0.79777542291	1.18650553891	0.846851880135	0.970290575157	0.870751420976	0.761821498308	0.764706640889	1.43671568874	1.37907470759	1.37196777187	1.34301602223	1.12789247463	1.21401550991	1.50609958917	1.43307942484	1.18624922668	1.24463508942	1.28889071049	1.19206593523	0.997422943451	1.33679710005	0.974368999517	1.30769447076	1.17741465442	1.37397859352
AD4	0.790815480909	0.50986260029	2.26797897052	0.99369340261	0.837700111165	0.399282029966	1.0212962784	0.0	0.351968477525	0.649607274045	0.493204214596	0.610567989367	0.470893262446	1.94290154181	0.543974726921	0.611376640889	0.544046157564	0.515813030449	1.77696459642	1.23018673272	0.848213330111	0.514298883519	0.56134720638	0.588636602223	1.72143285645	0.724179990333	0.490444166264	0.431909661672	0.527207133881	0.720223895602	0.781436408893	0.629736370227	0.331459574674	0.361557544708	1.0623460464	0.812077051716	0.592113262446	0.478658371194	0.464938695022	0.698491677139	0.494949995167	1.25112567907	1.13467798937	0.511139284679	0.758367056549	0.632024557757	1.13361953601	0.923279956501	0.947455944901	0.91818358144	0.921708733688	1.03736752537	0.777952638956	0.668089772837	0.698314596423	0.671654751087	0.533841928468	1.04992950217	0.615108545191	0.883680521991	0.472631164814	0.903994572257
AE3	0.921618593523	0.719035611406	2.34904676172	1.14201570324	0.996181628806	0.460535002417	1.32561930401	0.351968477525	0.0	0.952973073949	0.368767104882	0.761532522958	0.571208545191	2.03389899952	0.722332725955	0.775260613823	0.51077737071	0.536916703722	1.96562563074	1.43343180764	0.997132044466	0.673037162881	0.43562142581	0.506679676172	1.92013925568	0.920779323345	0.437173639439	0.484756524891	0.681181691638	0.91244260029	0.905256041566	0.742087322378	0.27601717738	0.354355949734	1.17530047849	0.934544446593	0.541547423876	0.698027409377	0.520729434509	0.942504291928	0.676751706138	1.38797871919	1.28975921701	0.751621256646	0.787540985984	0.606107525375	1.21689132914	1.00143529725	1.04680528275	1.00971856452	0.97202942001	1.11533774287	0.858846945384	0.752617912035	0.776767211213	0.755647046883	0.691900362494	1.1410418173	0.781354963751	0.979868748188	0.560829241179	0.981614195263
AE4	0.675054316095	0.571647148381	2.06564618656	0.788947317545	0.656847085549	0.826776447559	0.449121377477	0.649607274045	0.952973073949	0.0	1.02008375544	0.663413823103	0.774033170614	1.73900961817	0.584968719188	0.643276752054	0.920115287579	0.889315799903	1.43537246979	0.926073475109	0.756701348478	0.726489917835	0.990212982117	0.965960135331	1.31883402127	0.637776698888	0.888768279362	0.767042957951	0.624564432093	0.616211768971	0.939784485259	0.829992827453	0.87942361044	0.85215517158	0.971621623973	0.886637269212	0.95363237796	0.54700359594	0.831383136781	0.574604142098	0.609627148381	1.00472292895	0.881201889802	0.489185331078	1.14652307878	1.07755579507	1.07243231996	1.03441301112	0.880904755921	0.955780057999	1.18501002417	1.11913637506	0.914993040116	0.911566172064	0.953237172547	0.880578129531	0.676289125181	1.03065113098	0.663273470275	1.03562246013	0.821034021266	1.05253273079
AF3	0.934228240696	0.782610923151	2.48347993717	1.18732432576	1.04896119381	0.33712080232	1.34037196713	0.493204214596	0.368767104882	1.02008375544	0.0	0.790674050266	0.603951387144	2.16160355244	0.837004374094	0.819731324311	0.441941962301	0.460418579024	1.97289402127	1.44996166747	1.01190355727	0.716263272112	0.391287573707	0.458465611406	1.91393697438	0.914899671339	0.431308168197	0.547948463026	0.760764262929	0.962589540841	0.787217887869	0.670766239729	0.447858511358	0.440662870952	1.15205553891	0.935538018366	0.450834528758	0.764937684872	0.46139701305	0.924152740454	0.697948351861	1.50928676172	1.40170550991	0.784178540358	0.703361072982	0.544463484775	1.18289756404	0.970454717255	1.06514163847	0.967635306912	0.959551701305	1.0799082407	0.811881512808	0.724095901402	0.767559526341	0.716851493475	0.761980710488	1.0856302755	0.834250903818	0.918662068632	0.530259816336	0.958588289029
AF4	0.755273871435	0.447989159014	2.2386640116	0.92589219913	0.358854751087	0.507086732721	0.956388869019	0.610567989367	0.761532522958	0.663413823103	0.790674050266	0.0	0.567981880135	1.91463729338	0.509746505558	0.627229724505	0.849874842919	0.791499076849	1.59864296762	1.07744621556	0.915337887869	0.817855089415	0.993820647656	1.03302689222	1.44610630739	0.646852938618	0.877072764621	0.797827752537	0.763164644756	0.783159415176	1.03642430159	0.91970019333	0.775636041566	0.740904944418	0.786401517641	0.590334939584	0.758722295795	0.577105364911	0.666174533591	0.567026732721	0.602568144031	1.21941522475	1.11430898502	0.480775770904	0.944562566457	0.841408641856	0.834313122281	0.753962000967	0.58812898985	0.661785142581	0.916939371677	0.838294296762	0.588531996133	0.662001677139	0.707857307878	0.638687902368	0.691136993717	0.768987989367	0.670479086515	0.774551691638	0.67721561624	0.77812218463
AG3	0.737718303528	0.458964185597	2.31971990817	0.896511594973	0.803482933784	0.440070285162	1.08827357177	0.470893262446	0.571208545191	0.774033170614	0.603951387144	0.567981880135	0.0	1.98545744321	0.472225263412	0.545065698405	0.581389453842	0.525356829386	1.745789768	1.2180419188	0.903899352344	0.613334214596	0.690524084099	0.737966201063	1.62403006283	0.672088351861	0.590839062349	0.53715237796	0.646256732721	0.807345896568	0.835994436926	0.682268820686	0.583915804737	0.50685178347	0.99469959884	0.764798801353	0.700936558724	0.58690762204	0.523524340261	0.666035456742	0.475770932818	1.33198063316	1.21640038666	0.557581043983	0.886068419526	0.754400091832	0.992506892218	0.784629826003	0.800742440793	0.775842141131	0.908681638473	0.893103784437	0.635766471725	0.608123151281	0.668442203963	0.569064543258	0.484857008217	0.910290111165	0.516284253262	0.796551831803	0.407813030449	0.788851391977
AG4	1.8758759884	1.88822249879	0.360907849203	1.11880330594	1.80304065732	2.06721220396	1.5668181102	1.94290154181	2.03389899952	1.73900961817	2.16160355244	1.91463729338	1.98545744321	0.0	1.81529369744	1.94160431126	2.15812534074	2.16152386177	0.917939400677	1.13011318511	1.65327873852	1.89420239729	2.08556363461	2.08964562591	1.64257605123	1.88914496375	2.05784423876	1.95699760271	1.58362552441	1.44729195263	2.13340356694	2.09974044466	1.95500925568	2.04184661672	2.21368980184	2.15145934751	2.28871135331	1.67340996617	2.19065811986	1.96461742388	2.04594853069	0.969254809087	1.05847050266	1.73552445143	2.39948366844	2.30563847269	2.33760158047	2.322659797	2.161880058	2.27398602223	2.44123699372	2.3801542581	2.23353011116	2.24712069116	2.28642413243	2.23487801353	1.98573586274	2.30924635573	1.97197455292	2.34896412276	2.07555583857	2.34586151764
AH3	0.776397825036	0.291608569357	2.13683501208	0.819187346544	0.655682667956	0.669333711938	0.871805708072	0.543974726921	0.722332725955	0.584968719188	0.837004374094	0.509746505558	0.472225263412	1.81529369744	0.0	0.570408168197	0.782072890285	0.756494920251	1.58053630739	1.05466971484	0.865157501208	0.733430236829	0.892320115998	0.917367269212	1.49552502175	0.708422556791	0.78663738521	0.714295157081	0.653543020783	0.712817356211	1.02548687289	0.877340676655	0.654978902852	0.664271720638	1.00116865152	0.788314794587	0.897293557274	0.473912508458	0.730381715805	0.608837501208	0.557609188014	1.10724106332	0.985980111165	0.43568341711	1.06871974384	0.947036906718	1.03848116481	0.889203189947	0.830841179314	0.853504920251	1.04618861286	0.992180985984	0.788603866602	0.786124838086	0.813316621556	0.754445147414	0.585090836153	0.942935944901	0.571460024166	0.925603658772	0.637733847269	0.909144098598
AH4	0.286022329628	0.328156505558	2.27149518608	0.940423721605	0.781162087965	0.64938980667	0.943822566457	0.611376640889	0.775260613823	0.643276752054	0.819731324311	0.627229724505	0.545065698405	1.94160431126	0.570408168197	0.0	0.653421822136	0.638728550024	1.48775749638	1.06781615273	0.821685195747	0.616906669889	0.782085983567	0.807724185597	1.40936475109	0.510821261479	0.674609101015	0.592594470759	0.66874499275	0.711058902852	0.763913214113	0.622641720638	0.751379850169	0.684122672789	0.991667017883	0.807997791203	0.833778168197	0.694013011116	0.66055860319	0.510188994683	0.464381280812	1.2781578347	1.17022705172	0.585713334944	1.02292897535	0.920331754471	0.945940275495	0.819355872402	0.804354886419	0.749195766071	0.961926466892	0.914558153697	0.620353465442	0.628798003867	0.677207477042	0.579637056549	0.391582948284	0.859585843403	0.386744161431	0.85070341711	0.533188579024	0.869675437409
AA7	0.82131318028	0.674332112131	2.47669767521	1.18673458192	1.02115362494	0.571332566457	1.26094318028	0.544046157564	0.51077737071	0.920115287579	0.441941962301	0.849874842919	0.581389453842	2.15812534074	0.782072890285	0.653421822136	0.0	0.144848322861	1.82917255196	1.3338960319	0.967491841469	0.594715964234	0.424210860319	0.459513634606	1.75842710488	0.783413620106	0.344349502175	0.411404499758	0.733643914935	0.915824359594	0.624322866119	0.407357945868	0.468306051232	0.497671319478	1.18488931368	0.993900628323	0.516973707105	0.852650299662	0.495306747221	0.883878250362	0.665551570807	1.49734992267	1.40075930401	0.816303199613	0.81547679072	0.626966694055	1.13933351377	0.921340062832	1.07276086515	0.963314040599	0.900239550507	1.0254738086	0.77484560174	0.659628767521	0.692069502175	0.646675041083	0.541757655872	1.04562748188	0.602857196713	0.928559429676	0.440728052199	0.925558719188
AA8	0.803635016916	0.635466466892	2.48091903818	1.17171313195	0.955580285162	0.528041275979	1.23147854036	0.515813030449	0.536916703722	0.889315799903	0.460418579024	0.791499076849	0.525356829386	2.16152386177	0.756494920251	0.638728550024	0.144848322861	0.0	1.8090658434	1.3238920493	0.943726505558	0.585033547608	0.471008327695	0.498754485259	1.7150581827	0.747569995167	0.389644301595	0.405155219913	0.731933716771	0.909065915901	0.576616437893	0.364522189464	0.519768206863	0.490120898985	1.1357819188	0.949016452392	0.523861875302	0.823211498308	0.447663199613	0.837532914451	0.615509038183	1.51025114065	1.40191090382	0.773707133881	0.77542702755	0.630990019333	1.05883529241	0.852868907685	0.996168685355	0.887170347994	0.839598864186	0.959179386177	0.702558458192	0.604623344611	0.639841420976	0.583415398743	0.553171614306	0.976149231513	0.598304108265	0.859013900435	0.405866457226	0.85688377477
AB7	1.42074947318	1.5286721943	1.16263653939	1.00482064766	1.41108743354	1.81723083132	1.30222110681	1.77696459642	1.96562563074	1.43537246979	1.97289402127	1.59864296762	1.745789768	0.917939400677	1.58053630739	1.48775749638	1.82917255196	1.8090658434	0.0	0.5923660029	1.49438190913	1.64166688255	1.93090732721	1.91821871435	1.08393781054	1.46587880619	1.83166043016	1.71135631706	1.39566121315	1.1790962349	1.72689381344	1.70190665056	1.87965183664	1.87898437409	1.86123132914	1.83227307395	1.98306057516	1.53136334461	1.88221080232	1.5005917303	1.6359962929	0.967876858386	1.00067349928	1.49040081682	2.14732852102	2.07436089899	1.94639260029	1.93990333494	1.7732217303	1.85782925085	2.09502355727	2.00342545191	1.81682098598	1.85117809087	1.88125399227	1.81252136781	1.63611552441	1.91546486709	1.6104620928	1.95265448526	1.76236944901	1.97760231029
AB8	1.03405741904	1.03286659739	1.4448957854	0.486917738038	0.985965625906	1.29334904302	0.819837636539	1.23018673272	1.43343180764	0.926073475109	1.44996166747	1.07744621556	1.2180419188	1.13011318511	1.05466971484	1.06781615273	1.3338960319	1.3238920493	0.5923660029	0.0	1.00787892218	1.11575259546	1.3905038666	1.37132538424	1.11684404543	0.988325785404	1.2990980232	1.17270070565	0.828057597873	0.645672029966	1.27239929435	1.23435739004	1.35012643306	1.35158437409	1.4238881102	1.33957457226	1.48038981634	0.997561894635	1.37961558724	1.06695518125	1.18661771387	0.693906486225	0.643418003867	0.966988260029	1.65291604157	1.55623675205	1.57102974867	1.503300029	1.34918470759	1.42174238763	1.64738949251	1.59158160464	1.39888605123	1.4013598985	1.44319493958	1.38120737071	1.16745480909	1.51730266312	1.15493034799	1.51277551957	1.25361780087	1.52560316095
AC7	0.778023368777	0.804491377477	1.97296043016	0.893408086032	1.03926198647	0.903065635573	0.893980724988	0.848213330111	0.997132044466	0.756701348478	1.01190355727	0.915337887869	0.903899352344	1.65327873852	0.865157501208	0.821685195747	0.967491841469	0.943726505558	1.49438190913	1.00787892218	0.0	0.491941628806	0.96216341711	0.937928298695	1.40001275979	0.727980434993	0.911373736104	0.761047999033	0.572325045916	0.540302368294	0.851066201063	0.790778864186	0.907636655389	0.882531928468	1.24827798453	1.11760689222	1.15101343644	0.816327631706	1.01907150314	0.94415977767	0.929428284195	1.18196711938	1.09320905752	0.732476307395	1.1213358144	1.03829985017	1.45475314645	1.377189739	1.19990618173	1.23970508942	1.49854109715	1.46928471242	1.13738894635	1.14435118415	1.21038326728	1.11818867086	0.895654717255	1.38439105848	0.877132904785	1.30403687772	0.910684320928	1.39945288062
AC8	0.718032991783	0.636320662156	2.21361612373	0.960582619623	1.01689081682	0.596604074432	1.02849542291	0.514298883519	0.673037162881	0.726489917835	0.716263272112	0.817855089415	0.613334214596	1.89420239729	0.733430236829	0.616906669889	0.594715964234	0.585033547608	1.64166688255	1.11575259546	0.491941628806	0.0	0.629348980184	0.614871522475	1.55027142098	0.621534166264	0.480023069116	0.339405877235	0.475504470759	0.641565263412	0.598983238279	0.464324407927	0.592711536974	0.548044142098	1.09365938134	0.860639424843	0.793906703722	0.697598037699	0.667200903818	0.804482518125	0.648745833736	1.2571338231	1.15162835669	0.672630086999	0.851114214596	0.75785759304	1.27316293378	1.07046087965	1.04159827936	1.0067701595	1.1237059159	1.17766042533	0.858527452876	0.789674523925	0.845445205413	0.789707544708	0.525918550024	1.17730464476	0.592233073949	0.965096727888	0.54174441276	1.04499058482
AD7	0.927504717255	0.829283929435	2.40540042533	1.15876440793	1.2174181537	0.61497118898	1.33940497342	0.56134720638	0.43562142581	0.990212982117	0.391287573707	0.993820647656	0.690524084099	2.08556363461	0.892320115998	0.782085983567	0.424210860319	0.471008327695	1.93090732721	1.3905038666	0.96216341711	0.629348980184	0.0	0.174901043983	1.88060011116	0.849417936201	0.344789758337	0.444697709038	0.666146056066	0.889422266796	0.733364021266	0.587567433543	0.446274340261	0.51061257129	1.31854384727	1.09993144031	0.587228434026	0.839470546158	0.61611898985	1.01298464476	0.785437066216	1.44425103915	1.33911025133	0.883903301112	0.832600449493	0.656537834703	1.31896000483	1.1033621363	1.21955440309	1.14075000483	1.06295961334	1.20958855486	0.970472257129	0.830828463026	0.863840923151	0.844887496375	0.697898965684	1.23659445626	0.797294746254	1.08868558241	0.562344132431	1.08788648623
AD8	0.930838453359	0.863555432576	2.40594134364	1.15652967617	1.25684449493	0.673170889319	1.30635963751	0.588636602223	0.506679676172	0.965960135331	0.458465611406	1.03302689222	0.737966201063	2.08964562591	0.917367269212	0.807724185597	0.459513634606	0.498754485259	1.91821871435	1.37132538424	0.937928298695	0.614871522475	0.174901043983	0.0	1.83974537941	0.842337307878	0.375501126148	0.446623615273	0.664296070565	0.857178719188	0.695931802803	0.55565280812	0.524085321411	0.560063204447	1.35635487675	1.13482352344	0.613302721121	0.880223383277	0.65974361044	1.0485577912	0.823251362977	1.44925398743	1.34177459159	0.905326394393	0.865738893185	0.693196916385	1.35775994683	1.13880783954	1.26769695505	1.17821703238	1.09382235863	1.24626164331	1.01609403577	0.867561077815	0.898803175447	0.875028318028	0.721702058966	1.27375963751	0.813377404543	1.12149840019	0.616358651522	1.11847086515
AE7	1.34848826003	1.4565738521	1.88642323345	1.26994331078	1.25938504108	1.70929251812	1.21413630739	1.72143285645	1.92013925568	1.31883402127	1.91393697438	1.44610630739	1.62403006283	1.64257605123	1.49552502175	1.40936475109	1.75842710488	1.7150581827	1.08393781054	1.11684404543	1.40001275979	1.55027142098	1.88060011116	1.83974537941	0.0	1.06799561141	1.79323538908	1.65181270662	1.38782131464	1.30408949251	1.57250758337	1.57596121315	1.84464339294	1.80500264862	1.69274076849	1.71515218946	1.90219093282	1.54597875785	1.80941052682	1.36708154664	1.57738925085	1.44965775254	1.43545507975	1.43001204447	2.00136376994	1.95459535524	1.72012012566	1.7795021798	1.56057423393	1.64753160464	1.97261015466	1.81251970517	1.63909744321	1.71675502175	1.74467308845	1.65784581924	1.58778457709	1.72497333978	1.52984271629	1.80249178347	1.69688163364	1.83755937651
AE8	0.583293885935	0.558163228613	2.20507709522	0.953252551957	0.802168376027	0.728670807153	0.917312672789	0.724179990333	0.920779323345	0.637776698888	0.914899671339	0.646852938618	0.672088351861	1.88914496375	0.708422556791	0.510821261479	0.783413620106	0.747569995167	1.46587880619	0.988325785404	0.727980434993	0.621534166264	0.849417936201	0.842337307878	1.06799561141	0.0	0.790732682455	0.668382924118	0.652062890285	0.645024340261	0.766128685355	0.6909439971	0.851339951667	0.795964504592	1.0277397535	0.890124920251	0.906540869986	0.743150811986	0.812182039633	0.587281372644	0.643903702272	1.2617519333	1.15169371677	0.608432701788	1.05834088932	0.997559250846	1.09109162881	1.01070360077	0.859266578057	0.89076701305	1.15596149348	1.11974499275	0.819686568391	0.841376771387	0.887147955534	0.802082107298	0.654383707105	1.04384105365	0.64845861769	0.973549763171	0.707235698405	1.03766817303
AF7	0.82173038666	0.688694171097	2.3698380232	1.13847027066	1.08868946834	0.562764939584	1.24107329145	0.490444166264	0.437173639439	0.888768279362	0.431308168197	0.877072764621	0.590839062349	2.05784423876	0.78663738521	0.674609101015	0.344349502175	0.389644301595	1.83166043016	1.2990980232	0.911373736104	0.480023069116	0.344789758337	0.375501126148	1.79323538908	0.790732682455	0.0	0.219135055582	0.629378124698	0.827467588207	0.673795654906	0.544163900435	0.410165577574	0.463458192363	1.17569636056	0.956209579507	0.522749850169	0.778496592557	0.542556394393	0.892419758337	0.657201691638	1.4188940696	1.309360203	0.780404610923	0.836644668922	0.669221338811	1.21913093282	1.00972898502	1.08580076849	1.0210660174	0.97655539391	1.11640498308	0.851418864186	0.743245906235	0.780140318995	0.757176684389	0.564623504108	1.12819099082	0.650600492992	0.97442940551	0.470065741904	0.989971333978
AF8	0.705293716771	0.608556437893	2.27800469792	1.01103114548	1.00497217013	0.515228994683	1.12015305462	0.431909661672	0.484756524891	0.767042957951	0.547948463026	0.797827752537	0.53715237796	1.95699760271	0.714295157081	0.592594470759	0.411404499758	0.405155219913	1.71135631706	1.17270070565	0.761047999033	0.339405877235	0.444697709038	0.446623615273	1.65181270662	0.668382924118	0.219135055582	0.0	0.514258303528	0.709686916385	0.659813784437	0.482637776704	0.440108308362	0.427428936684	1.13900446593	0.916171130981	0.607200536491	0.700525065249	0.523428888352	0.809547274045	0.597883378444	1.31463548574	1.20170461576	0.689573508942	0.820106413726	0.69998517158	1.19135061866	0.984948139198	1.0229677912	0.988045055582	0.958253542774	1.09455343644	0.820046853552	0.724883407443	0.773773711938	0.728868646689	0.489525896568	1.09743155631	0.564533934268	0.954316302562	0.437870734654	0.964441014983
AG7	0.741903465442	0.651405761237	1.9018457274	0.654148115031	0.892124519091	0.672831290478	0.936963499275	0.527207133881	0.681181691638	0.624564432093	0.760764262929	0.763164644756	0.646256732721	1.58362552441	0.653543020783	0.66874499275	0.733643914935	0.731933716771	1.39566121315	0.828057597873	0.572325045916	0.475504470759	0.666146056066	0.664296070565	1.38782131464	0.652062890285	0.629378124698	0.514258303528	0.0	0.285627085549	0.77814717738	0.684308434026	0.615812034799	0.692701420976	1.23708140648	0.994262532624	0.898862339294	0.517987515708	0.776105074915	0.838136336394	0.695783441276	1.00400205413	0.899907356211	0.526842068632	1.04461303045	0.935418284195	1.3328877332	1.10780082649	1.14096940068	1.11579347994	1.2126180232	1.22441853552	0.971074001933	0.910608651522	0.953623170614	0.904771387144	0.652620449493	1.24645507008	0.697688032866	1.12163634606	0.687670826486	1.12533678589
AG8	0.675002063799	0.700015959401	1.77039598357	0.595643301112	0.883453586274	0.818179062349	0.777334354761	0.720223895602	0.91244260029	0.616211768971	0.962589540841	0.783159415176	0.807345896568	1.44729195263	0.712817356211	0.711058902852	0.915824359594	0.909065915901	1.1790962349	0.645672029966	0.540302368294	0.641565263412	0.889422266796	0.857178719188	1.30408949251	0.645024340261	0.827467588207	0.709686916385	0.285627085549	0.0	0.913234562591	0.838650618656	0.835826128565	0.843616607057	1.22105276462	1.05628302562	1.06390961817	0.561287525375	0.937210053166	0.828593175447	0.819937351377	0.905272609957	0.812158095698	0.541457303045	1.18635850169	1.0786140116	1.33839440309	1.24352839536	1.14150987434	1.18639688255	1.3590937216	1.34030866602	1.07293894152	1.04938126631	1.09429221846	1.03690510391	0.794110840986	1.26940990817	0.802941527308	1.24579227646	0.842184939584	1.26514767037
AH7	0.806562058966	0.874381493475	2.43143375544	1.25091331078	1.19059661672	0.809205920735	1.19972159014	0.781436408893	0.905256041566	0.939784485259	0.787217887869	1.03642430159	0.835994436926	2.13340356694	1.02548687289	0.763913214113	0.624322866119	0.576616437893	1.72689381344	1.27239929435	0.851066201063	0.598983238279	0.733364021266	0.695931802803	1.57250758337	0.766128685355	0.673795654906	0.659813784437	0.77814717738	0.913234562591	0.0	0.261691754471	0.893057665539	0.853575819236	1.17570188497	1.01924246979	0.807143755437	0.996379091348	0.77666681972	0.963364625423	0.812299511841	1.51347763171	1.41147099565	0.963243716771	0.952413083615	0.901310729821	1.26851086032	1.0708818173	1.16204496858	1.03182177864	1.12045561141	1.17683729338	0.88815681972	0.802080758821	0.837165708072	0.81067481392	0.74361897535	1.19445481392	0.78703420493	0.992923571774	0.699816012566	1.0752100725
AH8	0.72516879652	0.726558719188	2.41821884002	1.15936892218	1.06195966167	0.653003852102	1.12803669889	0.629736370227	0.742087322378	0.829992827453	0.670766239729	0.91970019333	0.682268820686	2.09974044466	0.877340676655	0.622641720638	0.407357945868	0.364522189464	1.70190665056	1.23435739004	0.790778864186	0.464324407927	0.587567433543	0.55565280812	1.57596121315	0.6909439971	0.544163900435	0.482637776704	0.684308434026	0.838650618656	0.261691754471	0.0	0.722834040599	0.671461744804	1.14279522475	0.950403098115	0.696220778154	0.905257747704	0.617674852586	0.864515432576	0.691631111648	1.46074883519	1.35528467376	0.84777157564	0.84730977767	0.771051657806	1.1624360609	0.962008506525	1.05342481392	0.934291300145	0.982605538908	1.07008763654	0.775716839053	0.690389371677	0.725036060899	0.67740139681	0.586933736104	1.08648323345	0.638933073949	0.890158361527	0.528059550507	0.961500541324
AA5	0.900099879169	0.645984755921	2.27027772354	1.08849627356	1.01204397777	0.519775882069	1.23862191397	0.331459574674	0.27601717738	0.87942361044	0.447858511358	0.775636041566	0.583915804737	1.95500925568	0.654978902852	0.751379850169	0.468306051232	0.519768206863	1.87965183664	1.35012643306	0.907636655389	0.592711536974	0.446274340261	0.524085321411	1.84464339294	0.851339951667	0.410165577574	0.440108308362	0.615812034799	0.835826128565	0.893057665539	0.722834040599	0.0	0.285445867569	1.2125422668	0.955344417593	0.621489357177	0.607450869985	0.602688467859	0.849005983567	0.655929995167	1.26431164331	1.17118318028	0.653872353794	0.841075688739	0.656559898502	1.30046778154	1.08495345094	1.10522921701	1.08900852102	1.06389956984	1.20310939101	0.928947805703	0.832307365877	0.850662841953	0.833546679555	0.609486278395	1.21844484292	0.688288003867	1.05204880619	0.552323557274	1.07125917351
AA6	0.861650599323	0.622961527308	2.36662701305	1.11707400193	0.97597179797	0.418599139681	1.17853605607	0.361557544708	0.354355949734	0.85215517158	0.440662870952	0.740904944418	0.50685178347	2.04184661672	0.664271720638	0.684122672789	0.497671319478	0.490120898985	1.87898437409	1.35158437409	0.882531928468	0.548044142098	0.51061257129	0.560063204447	1.80500264862	0.795964504592	0.463458192363	0.427428936684	0.692701420976	0.843616607057	0.853575819236	0.671461744804	0.285445867569	0.0	1.06137534558	0.817973320445	0.547086379894	0.593934485259	0.485074006767	0.798695263412	0.559627501208	1.36161154664	1.24665282745	0.636996075399	0.604617187047	0.446813876269	1.17236757854	0.960783620106	0.959780410826	0.92020181247	0.948215045916	1.07242168681	0.77324217013	0.710897902368	0.735589057516	0.695495785404	0.576839395843	1.08263173514	0.657893378444	0.886284378927	0.490568438859	0.94739539391
AB5	1.08752709522	0.909775732238	2.52619609473	1.36306423393	0.830209724505	0.981506752054	1.18790864669	1.0623460464	1.17530047849	0.971621623973	1.15205553891	0.786401517641	0.99469959884	2.21368980184	1.00116865152	0.991667017883	1.18488931368	1.1357819188	1.86123132914	1.4238881102	1.24827798453	1.09365938134	1.31854384727	1.35635487675	1.69274076849	1.0277397535	1.17569636056	1.13900446593	1.23708140648	1.22105276462	1.17570188497	1.14279522475	1.2125422668	1.06137534558	0.0	0.375954881585	0.947651855969	1.01593356211	0.921704258096	0.803883861769	0.863107303045	1.57149942968	1.47601892218	0.962477636539	0.947889574674	0.951987037216	0.825888521025	0.878396877719	0.677399072015	0.733832566457	1.03805673272	0.930027046883	0.751296297728	0.880897124215	0.908884122765	0.869898361527	1.01608263896	0.820702102465	0.981449014016	0.835835867569	1.01373393427	0.906841082649
AB6	0.964144973417	0.723538153697	2.47248067182	1.24604751571	0.79104040116	0.732947733204	1.11044260029	0.812077051716	0.934544446593	0.886637269212	0.935538018366	0.590334939584	0.764798801353	2.15145934751	0.788314794587	0.807997791203	0.993900628323	0.949016452392	1.83227307395	1.33957457226	1.11760689222	0.860639424843	1.09993144031	1.13482352344	1.71515218946	0.890124920251	0.956209579507	0.916171130981	0.994262532624	1.05628302562	1.01924246979	0.950403098115	0.955344417593	0.817973320445	0.375954881585	0.0	0.774573542774	0.764637462542	0.754525529241	0.743786698888	0.67174738521	1.46884211213	1.36364876752	0.742764185597	0.755618279362	0.745542218463	0.771461391977	0.669849110681	0.559847380377	0.527286964717	0.829198496858	0.753448608023	0.577628994683	0.71794680522	0.745305480909	0.707118337361	0.805561193813	0.717014944418	0.775699874335	0.609929560174	0.824495582407	0.692537240213
AC5	0.965761580474	0.795021469309	2.61326838569	1.36711610923	1.00005540358	0.556095002417	1.31387841469	0.592113262446	0.541547423876	0.95363237796	0.450834528758	0.758722295795	0.700936558724	2.28871135331	0.897293557274	0.833778168197	0.516973707105	0.523861875302	1.98306057516	1.48038981634	1.15101343644	0.793906703722	0.587228434026	0.613302721121	1.90219093282	0.906540869986	0.522749850169	0.607200536491	0.898862339294	1.06390961817	0.807143755437	0.696220778154	0.621489357177	0.547086379894	0.947651855969	0.774573542774	0.0	0.788332677622	0.401391532141	0.875668255196	0.664604910585	1.6433919043	1.51960724021	0.80025300145	0.5563	0.45880659739	0.971673175447	0.769991594973	0.899624528758	0.793747264379	0.712050173997	0.839840546158	0.643757211213	0.553815447076	0.562258153697	0.562334267762	0.72338861769	0.8776720058	0.803907858869	0.73404459159	0.57649817303	0.737179076849
AC6	0.839655234413	0.516590125665	1.99410565491	0.778326669889	0.685437100048	0.616613963267	0.79777542291	0.478658371194	0.698027409377	0.54700359594	0.764937684872	0.577105364911	0.58690762204	1.67340996617	0.473912508458	0.694013011116	0.852650299662	0.823211498308	1.53136334461	0.997561894635	0.816327631706	0.697598037699	0.839470546158	0.880223383277	1.54597875785	0.743150811986	0.778496592557	0.700525065249	0.517987515708	0.561287525375	0.996379091348	0.905257747704	0.607450869985	0.593934485259	1.01593356211	0.764637462542	0.788332677622	0.0	0.719780729821	0.669216205897	0.571007718705	0.887781517641	0.770897733204	0.307461406477	0.956548695022	0.864869395843	1.12529282262	0.968089125181	0.929932508458	0.922482107298	1.09329753504	1.0766440696	0.824187124215	0.817530521991	0.869481348478	0.812073528275	0.676629076849	1.04686340744	0.678138931851	0.978622498792	0.668792029966	1.0029940841
AD6	0.8013140116	0.62064641856	2.5162977622	1.17523679555	0.853820884485	0.406722261962	1.18650553891	0.464938695022	0.520729434509	0.831383136781	0.46139701305	0.666174533591	0.523524340261	2.19065811986	0.730381715805	0.66055860319	0.495306747221	0.447663199613	1.88221080232	1.37961558724	1.01907150314	0.667200903818	0.61611898985	0.65974361044	1.80941052682	0.812182039633	0.542556394393	0.523428888352	0.776105074915	0.937210053166	0.77666681972	0.617674852586	0.602688467859	0.485074006767	0.921704258096	0.754525529241	0.401391532141	0.719780729821	0.0	0.72790157564	0.439850430159	1.52927320928	1.41037329145	0.727032324795	0.638180937651	0.534151807637	0.895145819236	0.688833122281	0.786185775737	0.691494291928	0.695888985017	0.804086365394	0.538683523441	0.438499903335	0.49202838086	0.447640251329	0.567971488642	0.809663160947	0.630916423393	0.672149415176	0.365880589657	0.676521126148
AE5	0.59365060899	0.481874731754	2.29002517641	0.99198482842	0.645322295795	0.723499487675	0.846851880135	0.698491677139	0.942504291928	0.574604142098	0.924152740454	0.567026732721	0.666035456742	1.96461742388	0.608837501208	0.510188994683	0.883878250362	0.837532914451	1.5005917303	1.06695518125	0.94415977767	0.804482518125	1.01298464476	1.0485577912	1.36708154664	0.587281372644	0.892419758337	0.809547274045	0.838136336394	0.828593175447	0.963364625423	0.864515432576	0.849005983567	0.798695263412	0.803883861769	0.743786698888	0.875668255196	0.669216205897	0.72790157564	0.0	0.374389908168	1.2430657854	1.12574607057	0.560789366844	1.06690385694	1.00666681005	0.895078762687	0.838372174964	0.693638390527	0.70494460609	1.00003552924	0.944809362011	0.627736244563	0.697963160947	0.750608690188	0.631720821653	0.597514311261	0.854982667956	0.541005123248	0.825640425326	0.680156346061	0.876011005317
AE6	0.638479105848	0.434147907202	2.37185869019	1.05369892218	0.752062721121	0.516419826003	0.970290575157	0.494949995167	0.676751706138	0.609627148381	0.697948351861	0.602568144031	0.475770932818	2.04594853069	0.557609188014	0.464381280812	0.665551570807	0.615509038183	1.6359962929	1.18661771387	0.929428284195	0.648745833736	0.785437066216	0.823251362977	1.57738925085	0.643903702272	0.657201691638	0.597883378444	0.695783441276	0.819937351377	0.812299511841	0.691631111648	0.655929995167	0.559627501208	0.863107303045	0.67174738521	0.664604910585	0.571007718705	0.439850430159	0.374389908168	0.0	1.34317778154	1.22793527308	0.553322542291	0.866262977284	0.766568685355	0.867775737071	0.683014668922	0.715541628806	0.640391507975	0.813477085549	0.796210473659	0.522251256646	0.487764301595	0.551725538908	0.468034712421	0.44467741421	0.786889647173	0.444769221846	0.685650517158	0.456370526825	0.720295683905
AF5	1.25606854519	1.1938280377	1.27679452876	0.626690062832	1.12722743354	1.39216674239	0.870751420976	1.25112567907	1.38797871919	1.00472292895	1.50928676172	1.21941522475	1.33198063316	0.969254809087	1.10724106332	1.2781578347	1.49734992267	1.51025114065	0.967876858386	0.693906486225	1.18196711938	1.2571338231	1.44425103915	1.44925398743	1.44965775254	1.2617519333	1.4188940696	1.31463548574	1.00400205413	0.905272609957	1.51347763171	1.46074883519	1.26431164331	1.36161154664	1.57149942968	1.46884211213	1.6433919043	0.887781517641	1.52927320928	1.2430657854	1.34317778154	0.0	0.17064479942	0.981021164814	1.7547317593	1.64992700822	1.73333048333	1.68642604157	1.5481418463	1.62468453359	1.81885259546	1.78456613823	1.56713307878	1.59099352827	1.64201868052	1.57310204447	1.2972739681	1.70781906718	1.28704673272	1.7011982842	1.42993040599	1.70989306912
AF6	1.14957127598	1.07572289995	1.37291964717	0.538500729821	1.02890227646	1.2765879072	0.761821498308	1.13467798937	1.28975921701	0.881201889802	1.40170550991	1.11430898502	1.21640038666	1.05847050266	0.985980111165	1.17022705172	1.40075930401	1.40191090382	1.00067349928	0.643418003867	1.09320905752	1.15162835669	1.33911025133	1.34177459159	1.43545507975	1.15169371677	1.309360203	1.20170461576	0.899907356211	0.812158095698	1.41147099565	1.35528467376	1.17118318028	1.24665282745	1.47601892218	1.36364876752	1.51960724021	0.770897733204	1.41037329145	1.12574607057	1.22793527308	0.17064479942	0.0	0.865874838086	1.64026544224	1.53832448043	1.63079409377	1.56566352344	1.44970514741	1.52416936201	1.69101756887	1.67733438859	1.45233810053	1.48044440793	1.52750518125	1.4590419623	1.18049451426	1.6021742291	1.16649175447	1.58872589657	1.31293525375	1.60093134364
AG5	0.706772725955	0.428397602707	2.06065795553	0.785399705172	0.592100526825	0.602509608507	0.764706640889	0.511139284679	0.751621256646	0.489185331078	0.784178540358	0.480775770904	0.557581043983	1.73552445143	0.43568341711	0.585713334944	0.816303199613	0.773707133881	1.49040081682	0.966988260029	0.732476307395	0.672630086999	0.883903301112	0.905326394393	1.43001204447	0.608432701788	0.780404610923	0.689573508942	0.526842068632	0.541457303045	0.963243716771	0.84777157564	0.653872353794	0.636996075399	0.962477636539	0.742764185597	0.80025300145	0.307461406477	0.727032324795	0.560789366844	0.553322542291	0.981021164814	0.865874838086	0.0	0.980542493958	0.88754737071	1.05017693572	0.952766220396	0.849499444176	0.866119038183	1.08505758821	1.05226272112	0.769360111165	0.809093620106	0.860165828903	0.758637293378	0.620685592073	0.970080164331	0.614139565007	0.92693280812	0.665939207347	0.98656637506
