	AA3	AA4	AB3	AB4	AC3	AC4	AD3	AD4	AE3	AE4	AF3	AF4	AG3	AG4	AH3	AH4	AA7	AA8	AB7	AB8	AC7	AC8	AD7	AD8	AE7	AE8	AF7	AF8	AG7	AG8	AH7	AH8	AA5	AA6	AB5	AB6	AC5	AC6	AD6	AE5	AE6	AF5	AF6	AG5	AH5	AH6	AA1	AA2	AB1	AB2	AC1	AC2	AD1	AD2	AE1	AE2	AF1	AF2	AG1	AG2	AH1	AH2
AA3	0.0	0.523134301595	2.23720526825	0.932390691155	0.827629492508	0.718483441276	0.890324581924	0.745137409377	0.892148762687	0.619532382794	0.931102508458	0.723225031416	0.714101164814	1.9017378782	0.739862551957	0.251858941518	0.78234662639	0.740391043983	1.41752182697	1.00817674722	0.79982918318	0.651683736104	0.859787467376	0.83331441276	1.35601383277	0.575070473659	0.796772397293	0.628174441759	0.652971986467	0.653334697922	0.744430347994	0.659950676655	0.850167462542	0.836905152247	1.10153497825	0.91002502175	0.888530256162	0.731224987917	0.774984238763	0.5541779942	0.556273349444	1.20745134364	1.14325272112	0.683566056066	1.12996605607	1.06677063316	0.996175224746	0.935526413726	0.900432735621	0.88100078782	1.05431993717	0.95451778637	0.657588129531	0.694067709038	0.76363421943	0.663429797003	0.525709888835	0.920700879652	0.49853879652	0.919157907202	0.651456495892	0.927995553407
AA4	0.523134301595	0.0	2.19773037699	0.845225737071	0.604143465442	0.596829188014	0.834444963751	0.510848047366	0.752660705655	0.494631701305	0.86008757854	0.453232373127	0.516871280812	1.8598622813	0.272448511358	0.338443470275	0.698914258096	0.693293668439	1.48193714355	1.01458622523	0.814134765587	0.710143653939	0.880080889319	0.850428144031	1.44455288062	0.588690913485	0.722867694538	0.6411560029	0.6534839971	0.675333407443	0.89374141131	0.727910159497	0.67423857419	0.696467970034	0.958235785404	0.741597003383	0.77657157564	0.471599608507	0.653526341228	0.459275611406	0.430042498792	1.09337872402	1.01802327211	0.442271464476	1.02175167714	0.928842527791	0.958325118415	0.835598511358	0.746709144514	0.820955911068	0.972973436443	0.897163552441	0.627353866602	0.672434006767	0.731083233446	0.649759043016	0.447892725955	0.875381570807	0.427083344611	0.826922996617	0.512673117448	0.819514678589
AB3	2.23720526825	2.19773037699	0.0	1.49380878685	2.14576237796	2.3869097535	1.90314927018	2.21061480909	2.35842931368	2.12717112615	2.50670467376	2.2708397535	2.33362515708	0.386634707588	2.13609407443	2.26913788787	2.47928535041	2.4926601595	1.19413008217	1.47699469792	1.97488898018	2.17922956501	2.37304514741	2.38872093765	1.89125896568	2.13804166747	2.37435482359	2.27924691155	1.91450356694	1.81538193813	2.43839557757	2.42223990817	2.28244151764	2.38541814403	2.54674969067	2.45246443209	2.60324018366	2.00905478009	2.53706623973	2.29705977284	2.38028880619	1.35023460126	1.40980804253	2.09339419526	2.72767843886	2.64923739971	2.67569008217	2.66908738038	2.50666398743	2.62943255196	2.76978284679	2.70584238763	2.54973280812	2.59930582407	2.60993295312	2.56701329628	2.27117854036	2.67224155631	2.25980735138	2.64192855969	2.37909895118	2.66223118415
AB4	0.932390691155	0.845225737071	1.49380878685	0.0	0.84658738521	1.00062681489	0.779433958434	0.922551860802	1.12304862736	0.81036362494	1.18075855486	0.928963359111	0.867214378927	1.14017173997	0.820739971	0.895942469792	1.15540213146	1.15597117931	1.0145817593	0.541879608507	0.901385944901	0.948211556307	1.10829349928	1.09367962301	1.28067112615	0.843859395843	1.10776747704	0.981327008217	0.650032112131	0.604132049299	1.23529674722	1.11514910101	1.05994258096	1.11005397777	1.3674120203	1.20863528758	1.31724965684	0.730658579024	1.18219460126	0.954294871919	1.028379768	0.580000768487	0.524570729821	0.791000584824	1.4453560319	1.37092692122	1.44978455292	1.36768744804	1.25397456259	1.36011625423	1.50309248429	1.43426286129	1.2011739391	1.2614182842	1.31580303528	1.23014702272	0.948262000967	1.42107521508	0.937442895118	1.3525999855	1.03791051232	1.35527443209
AC3	0.827629492508	0.604143465442	2.14576237796	0.84658738521	0.0	0.730602493958	0.806239371677	0.78756038666	1.00283525858	0.633768119865	1.07466298212	0.398024847753	0.801815210246	1.8107937506	0.65428500725	0.723234794587	0.986623929435	0.967541290478	1.39363636539	0.987709487675	1.05815678105	1.04342443209	1.24021484292	1.2153421943	1.2690920348	0.836528772354	1.08279156597	0.993828235863	0.883006669889	0.850728327695	1.18832129048	1.01913735621	1.01467104882	0.996669047849	0.876970425326	0.785023562107	1.01283037216	0.686519971	0.87722181247	0.639544789754	0.699036558724	1.06438768004	1.01029929435	0.623595799903	1.23000429676	1.17189931368	0.943033968101	0.969602634123	0.744166452392	0.885132348961	1.09487027066	0.97575737071	0.781290584824	0.86371	0.912950323828	0.795885640406	0.82391482842	0.929462097632	0.786657694538	0.943314088932	0.848301329145	0.95176262929
AC4	0.718483441276	0.596829188014	2.3869097535	1.00062681489	0.730602493958	0.0	1.09673609473	0.390552479459	0.477252368294	0.769999178347	0.404979328178	0.481707235379	0.386673963267	2.0482858144	0.647396539391	0.635485543741	0.544534340261	0.518098264862	1.77329551474	1.28256086515	0.919273436443	0.643600478492	0.652130318995	0.63443742871	1.68997381344	0.721896080232	0.542591488642	0.508856520058	0.658077863702	0.803372329628	0.781725331078	0.572516099565	0.514014035766	0.423966882552	1.0026022958	0.723144403093	0.550603035283	0.597527162881	0.421130879652	0.698295509908	0.487663692605	1.30172051716	1.22408898985	0.52807738521	0.726704287095	0.64749839536	1.04228050266	0.79530380377	0.801001271145	0.842376631223	0.865268724021	0.89664298695	0.521767433543	0.596954697922	0.647938221363	0.606085253746	0.584260241663	0.931903566941	0.629209526341	0.748958893185	0.374507989367	0.744251570807
AD3	0.890324581924	0.834444963751	1.90314927018	0.779433958434	0.806239371677	1.09673609473	0.0	0.948835930401	1.29267050266	0.447191561141	1.35250039149	0.927767274045	1.07190149348	1.56567402127	0.813275853069	0.897991130981	1.24920741904	1.22279289029	1.30531442243	0.823344200097	0.879448767521	0.948931865636	1.28215057999	1.2476562494	1.20478701788	0.84956460609	1.21603087965	1.0493122668	0.870294422426	0.736826114065	1.17090196713	1.1178277477	1.21075218946	1.17773519575	1.19821749154	1.05777012566	1.28100166264	0.743292518125	1.16710096182	0.831543397777	0.949088003867	0.812716930884	0.739601333978	0.780983678105	1.41922958434	1.35872462059	1.37276000967	1.35882440309	1.12173071532	1.2435039101	1.49356688739	1.39758612856	1.1558821073	1.22300126148	1.26557767037	1.16050524408	0.980101362977	1.3292502175	0.932165592073	1.25912656839	1.13476530208	1.33445201547
AD4	0.745137409377	0.510848047366	2.21061480909	0.922551860802	0.78756038666	0.390552479459	0.948835930401	0.0	0.377724925085	0.617452295795	0.563376872885	0.580153363944	0.485680130498	1.87314933301	0.534553639439	0.652956544224	0.631812242629	0.607417530208	1.7225418173	1.21991941518	0.820160724988	0.58458637506	0.618885321411	0.599998066699	1.68212719188	0.713518100532	0.52689218463	0.515092063799	0.515191918801	0.723586230063	0.84011041566	0.631979395843	0.380490565491	0.425418356694	1.11561649589	0.808485592073	0.631706022233	0.455827259546	0.516780430159	0.695927438376	0.526682542291	1.10318673272	1.035080087	0.444909700338	0.778426423393	0.688245210246	1.15810321895	0.892281744804	0.925972957951	0.98689260029	0.961635732238	1.01287275979	0.657084243596	0.697195442243	0.694741333978	0.711451652972	0.551864088932	1.05534869019	0.603909864669	0.887884934751	0.452017539874	0.845331735138
AE3	0.892148762687	0.752660705655	2.35842931368	1.12304862736	1.00283525858	0.477252368294	1.29267050266	0.377724925085	0.0	0.949823040116	0.372685248913	0.767593272112	0.576399671339	2.02804593523	0.756006065732	0.813801614306	0.5355940261	0.56511421943	1.94304442243	1.44925423876	1.01081930884	0.719384436926	0.440705683905	0.464613315611	1.9189221508	0.923393910101	0.424471725471	0.545934823586	0.720342846786	0.959287810536	0.904868119865	0.694759536008	0.265425833736	0.355184451426	1.20915210246	0.925047394877	0.533862286129	0.71142820203	0.56105518608	0.928415070082	0.689224702755	1.295	1.24525564524	0.69880982117	0.760775476075	0.633643233446	1.24960241179	0.989003924601	1.05373041083	1.07942692122	1.00645364911	1.10434971967	0.746397742871	0.796413968101	0.789285157081	0.810185480909	0.688367061382	1.15653537458	0.763001933301	0.971217515708	0.542154635089	0.943497008217
AE4	0.619532382794	0.494631701305	2.12717112615	0.81036362494	0.633768119865	0.769999178347	0.447191561141	0.617452295795	0.949823040116	0.0	1.02917938618	0.619346829386	0.759316292895	1.78938871435	0.5497500145	0.564862025133	0.882452580957	0.858971198647	1.43180370227	0.945830299662	0.773388632189	0.73422640406	0.955939250846	0.923493204447	1.32151662639	0.552670753987	0.885867390043	0.723560154664	0.636512914451	0.612126230063	0.922393731271	0.784184876752	0.879947945868	0.864392721121	0.966686616723	0.825994987917	0.912158724021	0.507325790237	0.799815113581	0.497996824553	0.581978927018	0.979598883519	0.905035669406	0.498993682939	1.1281860174	1.06906638956	1.05969918801	1.03742660706	0.863538438859	0.966032648623	1.18190275012	1.08911772837	0.817222348961	0.846401735138	0.900865074915	0.811691836636	0.621748690188	1.03491324311	0.577997298212	0.971580043499	0.773267187047	1.00725962301
AF3	0.931102508458	0.86008757854	2.50670467376	1.18075855486	1.07466298212	0.404979328178	1.35250039149	0.563376872885	0.372685248913	1.02917938618	0.0	0.830696684389	0.624026408893	2.17499700338	0.90109439826	0.878943267279	0.498949038183	0.493535302078	1.99275563557	1.4979702755	1.06245464959	0.809588361527	0.368768767521	0.377464103432	1.97279962784	0.980693310778	0.447915195747	0.618254900918	0.814755635573	1.02226504592	0.827592237796	0.632216065732	0.435792938618	0.435115335911	1.21255689705	0.969651435476	0.487308414693	0.811939879169	0.51394301595	0.964717196713	0.73250117448	1.44546674722	1.38530000483	0.789148970517	0.690739033349	0.583157752537	1.22158069116	0.973714142098	1.10422209763	1.07457735138	0.989298405027	1.06613138231	0.731482179797	0.735850739488	0.775732464959	0.764526969551	0.814960874819	1.10075653456	0.87265499275	0.972498414693	0.552968255196	0.922227999033
AF4	0.723225031416	0.453232373127	2.2708397535	0.928963359111	0.398024847753	0.481707235379	0.927767274045	0.580153363944	0.767593272112	0.619346829386	0.830696684389	0.0	0.575712682455	1.93281519575	0.53280261479	0.582450662156	0.821195592073	0.813979159014	1.57601502658	1.09210563557	0.944095674239	0.846680763654	1.02394814886	0.997949545674	1.45612282745	0.650828226196	0.8825380087	0.805075567907	0.766130096665	0.779985065249	1.01102329628	0.862917583374	0.794041358144	0.773191121315	0.806011483809	0.568287375544	0.737599231513	0.567181019816	0.66168857419	0.560817767037	0.549988762687	1.15591364911	1.09343642823	0.491965645239	0.931558269696	0.862950231996	0.853039637506	0.763180492992	0.572164533591	0.683807269212	0.902461643306	0.819116737554	0.566348869019	0.666727491542	0.716080111165	0.62778702755	0.659456292895	0.774078593523	0.637659922668	0.71578138231	0.657058443693	0.735379801837
AG3	0.714101164814	0.516871280812	2.33362515708	0.867214378927	0.801815210246	0.386673963267	1.07190149348	0.485680130498	0.576399671339	0.759316292895	0.624026408893	0.575712682455	0.0	1.97702967617	0.522841860802	0.585441314645	0.576886756887	0.565589299178	1.7291522233	1.23712298695	0.915934117931	0.653973185114	0.706219719671	0.688710135331	1.63527052199	0.705810739488	0.592424436926	0.566541628806	0.663914726921	0.802884707588	0.835788593523	0.664869995167	0.582017182214	0.511998699855	1.02029865636	0.759423199613	0.669548927018	0.576687100048	0.530001449976	0.683618830353	0.473968743354	1.25359442243	1.17915347994	0.544698163364	0.849553330111	0.746661957467	1.01209512325	0.7719140261	0.80617358144	0.844650420493	0.906189289512	0.870034349928	0.529533392943	0.606432933784	0.677709381344	0.592558878685	0.486648182697	0.913170502658	0.54853078782	0.767578453359	0.398646524891	0.746561329145
AG4	1.9017378782	1.8598622813	0.386634707588	1.14017173997	1.8107937506	2.0482858144	1.56567402127	1.87314933301	2.02804593523	1.78938871435	2.17499700338	1.93281519575	1.97702967617	0.0	1.80479432093	1.92988750121	2.14932113098	2.15925050749	0.950936157564	1.14884140164	1.64307337361	1.84197537941	2.03943178347	2.05617475592	1.63501063799	1.80403902368	2.04186511358	1.94318677139	1.58868945868	1.48303768004	2.11157509908	2.08667574674	1.94925860319	2.04775872885	2.22069899468	2.1194421943	2.27701909618	1.67811740454	2.19881657806	1.96032123731	2.04294861769	1.0214277622	1.08066489609	1.75758670855	2.39413363944	2.31401454326	2.33725318028	2.32889246979	2.16752117931	2.28607514741	2.43894649589	2.37080041083	2.211990029	2.26114230063	2.27537908652	2.22895003383	1.93338999033	2.33652679072	1.92459172547	2.29944753021	2.04439536008	2.32617884485
AH3	0.739862551957	0.272448511358	2.13609407443	0.820739971	0.65428500725	0.647396539391	0.813275853069	0.534553639439	0.756006065732	0.5497500145	0.90109439826	0.53280261479	0.522841860802	1.80479432093	0.0	0.54928482842	0.766248801353	0.789392329628	1.51977784437	1.04447357661	0.857209038183	0.770315886902	0.907368772354	0.888466853552	1.46036234896	0.672366723055	0.780786201063	0.731656713388	0.667078608023	0.696176457226	1.00533488159	0.850881841469	0.699368197197	0.730020753987	1.03496489609	0.805291855969	0.875522841953	0.464299207347	0.768779763171	0.602770425326	0.557572150797	1.02913046399	0.944799449009	0.447884963751	1.0908519623	0.993836645723	1.06784817786	0.934186887385	0.826735915901	0.918388907685	1.07055297728	0.991892527791	0.777260695988	0.823875239246	0.856515311745	0.797459560174	0.562716249396	0.984440463992	0.555711034316	0.914616041566	0.618787042049	0.917122223296
AH4	0.251858941518	0.338443470275	2.26913788787	0.895942469792	0.723234794587	0.635485543741	0.897991130981	0.652956544224	0.813801614306	0.564862025133	0.878943267279	0.582450662156	0.585441314645	1.92988750121	0.54928482842	0.0	0.687949057516	0.660861981634	1.45369945384	1.02916142098	0.859923349444	0.690156355727	0.832728206863	0.807540246496	1.40136243113	0.584442928951	0.729506524891	0.603869642339	0.684996689222	0.70224218463	0.797500135331	0.62916102465	0.768191372644	0.744267196713	0.992976462059	0.777686969551	0.810412000967	0.628709052682	0.683497535041	0.453283914935	0.449185418076	1.19476032866	1.11968760271	0.579711522475	1.05151317545	0.971909758337	0.91937497825	0.823536539391	0.785312740454	0.775347462542	0.950834818753	0.858161019816	0.577087931368	0.630364243596	0.703955935234	0.588230681489	0.418491092315	0.833371130981	0.399128902852	0.802825954567	0.565003769937	0.808601029483
AA7	0.78234662639	0.698914258096	2.47928535041	1.15540213146	0.986623929435	0.544534340261	1.24920741904	0.631812242629	0.5355940261	0.882452580957	0.498949038183	0.821195592073	0.576886756887	2.14932113098	0.766248801353	0.687949057516	0.0	0.151444755921	1.79942805703	1.32850550991	1.01153831319	0.701217119381	0.477668129531	0.465043987434	1.76814250846	0.831544185597	0.386385741904	0.455376312228	0.770048927018	0.91728077332	0.636391135814	0.387199294345	0.480113238279	0.494502218463	1.20834399227	0.988665683905	0.507911894635	0.790359801837	0.503072895118	0.851313436443	0.663498303528	1.41942635089	1.35609027066	0.779293697438	0.782440956984	0.667216930884	1.11170284679	0.883364378927	1.07030072499	1.00284103432	0.882307568874	0.959352339294	0.659416486225	0.656445848236	0.671715674239	0.671696935718	0.533791082649	0.995635045916	0.605500753987	0.927097341711	0.446277061382	0.83839298695
AA8	0.740391043983	0.693293668439	2.4926601595	1.15597117931	0.967541290478	0.518098264862	1.22279289029	0.607417530208	0.56511421943	0.858971198647	0.493535302078	0.813979159014	0.565589299178	2.15925050749	0.789392329628	0.660861981634	0.151444755921	0.0	1.77841286129	1.30714076365	0.964992870952	0.661259671339	0.47088182697	0.444626810053	1.72196473175	0.790407201547	0.387078037699	0.418484905752	0.73176062349	0.876037950701	0.59007717738	0.316415582407	0.504574485259	0.509434929918	1.19973862736	0.980022000967	0.509302518125	0.791297684872	0.472095456742	0.80936699855	0.642182489125	1.43646110198	1.37122257612	0.768160695988	0.769014538424	0.665535770904	1.09746583374	0.875717573707	1.05871142581	0.993031551474	0.869510285162	0.944597849203	0.632620053166	0.621884282262	0.653428385694	0.644619516675	0.555171237313	0.987390831319	0.606725335911	0.914911677139	0.426391464476	0.834021841469
AB7	1.41752182697	1.48193714355	1.19413008217	1.0145817593	1.39363636539	1.77329551474	1.30531442243	1.7225418173	1.94304442243	1.43180370227	1.99275563557	1.57601502658	1.7291522233	0.950936157564	1.51977784437	1.45369945384	1.79942805703	1.77841286129	0.0	0.555582160464	1.50337952634	1.60924724505	1.89241737554	1.86878656356	1.05428186564	1.41077578057	1.82636460609	1.66226194297	1.35082051232	1.13320720638	1.70666363944	1.6793841131	1.85370760754	1.88347470275	1.87397788787	1.80229120831	1.93951210246	1.4683581247	1.8624681537	1.47343233929	1.61000050266	1.00103914451	1.00323395843	1.5069821508	2.14402618173	2.08525261479	1.91340471725	1.96027481392	1.79511705655	1.86135515225	2.06453871919	1.96068865152	1.79583097148	1.8185360319	1.84892960851	1.78860710971	1.57913110681	1.90850139198	1.54825869019	1.89410442243	1.74555739488	1.95411483809
AB8	1.00817674722	1.01458622523	1.47699469792	0.541879608507	0.987709487675	1.28256086515	0.823344200097	1.21991941518	1.44925423876	0.945830299662	1.4979702755	1.09210563557	1.23712298695	1.14884140164	1.04447357661	1.02916142098	1.32850550991	1.30714076365	0.555582160464	0.0	1.02090879169	1.11369928468	1.39330896085	1.36392377477	1.08722788304	0.946898028033	1.33332871919	1.16057037699	0.829660285162	0.630854963751	1.2524942291	1.21394835186	1.36292410343	1.38735788787	1.44820633156	1.3338677332	1.45637930884	0.972658322861	1.38401794103	1.04768297728	1.17150126148	0.703362397293	0.671537549541	1.01481404543	1.66266029966	1.58814217013	1.55101166264	1.52702994683	1.37527992267	1.45510807153	1.63501537941	1.55698300145	1.36236241179	1.39114820686	1.42180764137	1.37063518608	1.12756962301	1.51668307878	1.10540518125	1.46620876752	1.2554162494	1.51759637023
AC7	0.79982918318	0.814134765587	1.97488898018	0.901385944901	1.05815678105	0.919273436443	0.879448767521	0.820160724988	1.01081930884	0.773388632189	1.06245464959	0.944095674239	0.915934117931	1.64307337361	0.857209038183	0.859923349444	1.01153831319	0.964992870952	1.50337952634	1.02090879169	0.0	0.44717157564	0.946177056549	0.922632218463	1.41243636539	0.687300236829	0.945008472692	0.75395621073	0.571094142098	0.581992455292	0.876393537941	0.841834543258	0.922736152731	0.907332895118	1.30058029483	1.1381059594	1.15813488642	0.775955553407	1.04120439343	0.94613340261	0.953107085549	1.13945081199	1.07999154181	0.741874030933	1.14128548574	1.05140229096	1.48623570807	1.40383946351	1.22938541808	1.28923758821	1.52278365877	1.45835508942	1.09552751087	1.15939882552	1.23322958917	1.13480886902	0.885030894152	1.41847165781	0.84838338811	1.30099642823	0.928924084099	1.38380957951
AC8	0.651683736104	0.710143653939	2.17922956501	0.948211556307	1.04342443209	0.643600478492	0.948931865636	0.58458637506	0.719384436926	0.73422640406	0.809588361527	0.846680763654	0.653973185114	1.84197537941	0.770315886902	0.690156355727	0.701217119381	0.661259671339	1.60924724505	1.11369928468	0.44717157564	0.0	0.657833562107	0.630826578057	1.53508418076	0.613479845336	0.554418724021	0.380181744804	0.470368501692	0.60921040116	0.629634760754	0.538262513291	0.624721145481	0.642392870952	1.1829862349	0.911473784437	0.843851092315	0.678049690672	0.733089057516	0.816856452392	0.718247293378	1.16333153214	1.10978863702	0.664659458676	0.927333407443	0.844242208797	1.33890473175	1.10728806187	1.0812758144	1.09629850169	1.21657618173	1.19938117448	0.799123649106	0.852928525858	0.918506259062	0.868521072982	0.571441909135	1.21692779604	0.609858047366	1.0148981827	0.606837293378	1.07932897535
AD7	0.859787467376	0.880080889319	2.37304514741	1.10829349928	1.24021484292	0.652130318995	1.28215057999	0.618885321411	0.440705683905	0.955939250846	0.368768767521	1.02394814886	0.706219719671	2.03943178347	0.907368772354	0.832728206863	0.477668129531	0.47088182697	1.89241737554	1.39330896085	0.946177056549	0.657833562107	0.0	0.124664741421	1.87326532141	0.835524775254	0.343424968584	0.474379086515	0.687125340744	0.904524514258	0.734091706138	0.527354441759	0.410854185597	0.493990908652	1.38122672789	1.12126065732	0.650035219913	0.83430858869	0.678031570807	1.01695765104	0.846454282262	1.32047507008	1.26302452876	0.858868912518	0.844709105848	0.71516219913	1.37365158531	1.12467614306	1.26467533108	1.23995502175	1.13372774287	1.2275201885	0.900165147414	0.902418221363	0.90932557274	0.92989020783	0.704460710488	1.2699937796	0.781424871919	1.13480429193	0.590556346061	1.0770581102
AD8	0.83331441276	0.850428144031	2.38872093765	1.09367962301	1.2153421943	0.63443742871	1.2476562494	0.599998066699	0.464613315611	0.923493204447	0.377464103432	0.997949545674	0.688710135331	2.05617475592	0.888466853552	0.807540246496	0.465043987434	0.444626810053	1.86878656356	1.36392377477	0.922632218463	0.630826578057	0.124664741421	0.0	1.81266272595	0.778101155147	0.334317839536	0.44316337361	0.648938501692	0.864474755921	0.694518545191	0.497093054616	0.438616201063	0.492422899952	1.36177036733	1.10820822136	0.620794296762	0.822870952151	0.65398662639	0.986157075882	0.818194422426	1.34054258579	1.27126108265	0.837292484292	0.813929932334	0.69058080232	1.34721609473	1.09347570324	1.24109519091	1.21227109232	1.10590839536	1.20006374094	0.872368284195	0.86776817303	0.874499574674	0.894485727405	0.695699980667	1.24336134364	0.763595828903	1.11035347028	0.574008153697	1.04794055099
AE7	1.35601383277	1.44455288062	1.89125896568	1.28067112615	1.2690920348	1.68997381344	1.20478701788	1.68212719188	1.9189221508	1.32151662639	1.97279962784	1.45612282745	1.63527052199	1.63501063799	1.46036234896	1.40136243113	1.76814250846	1.72196473175	1.05428186564	1.08722788304	1.41243636539	1.53508418076	1.87326532141	1.81266272595	0.0	1.05797037699	1.81636666506	1.62194292895	1.36910531658	1.25571991783	1.57091376027	1.59896693572	1.85186882552	1.8435677042	1.71884299178	1.70690879169	1.88590313195	1.50377623973	1.81944470275	1.38581396327	1.56852749154	1.45240681005	1.42304056066	1.47155621556	2.02302190913	1.98218062832	1.72789643306	1.83881909618	1.62004451909	1.66504103915	1.9791142726	1.81006450459	1.67731250846	1.69941444659	1.74831371677	1.64481237796	1.57321519575	1.75479294345	1.51716351377	1.77335755921	1.70923535524	1.84487533108
AE8	0.575070473659	0.588690913485	2.13804166747	0.843859395843	0.836528772354	0.721896080232	0.84956460609	0.713518100532	0.923393910101	0.552670753987	0.980693310778	0.650828226196	0.705810739488	1.80403902368	0.672366723055	0.584442928951	0.831544185597	0.790407201547	1.41077578057	0.946898028033	0.687300236829	0.613479845336	0.835524775254	0.778101155147	1.05797037699	0.0	0.814496935718	0.63194502175	0.574302150797	0.534611532141	0.768395331078	0.698043740938	0.853278699855	0.847739511841	1.12451290478	0.920202203963	0.933301193813	0.65460078782	0.86107361044	0.641087394877	0.67833257129	1.12287764137	1.05173996617	0.622242861286	1.08924499758	1.04447359594	1.17199487192	1.09683602707	0.947534586757	1.02467228613	1.21549497342	1.1591259304	0.863612783954	0.890500589657	0.95165282262	0.875012092798	0.683396524891	1.11950766071	0.654881449976	1.01756544224	0.743385287579	1.07275605123
AF7	0.796772397293	0.722867694538	2.37435482359	1.10776747704	1.08279156597	0.542591488642	1.21603087965	0.52689218463	0.424471725471	0.885867390043	0.447915195747	0.8825380087	0.592424436926	2.04186511358	0.780786201063	0.729506524891	0.386385741904	0.387078037699	1.82636460609	1.33332871919	0.945008472692	0.554418724021	0.343424968584	0.334317839536	1.81636666506	0.814496935718	0.0	0.276803852102	0.645009951667	0.834939410343	0.704680135331	0.507999081682	0.374178390527	0.442597742871	1.20328146931	0.946118646689	0.517835258579	0.704464325761	0.568480396327	0.891598434026	0.690076669889	1.32401623973	1.26061873852	0.721498376027	0.803215592073	0.683970628323	1.22840014016	0.974509927501	1.09896214596	1.09313063316	0.980305722571	1.0795160899	0.745382933784	0.775935108748	0.786161126148	0.800552179797	0.594999917835	1.11609842919	0.659695060416	0.986323914935	0.451564417593	0.93614477042
AF8	0.628174441759	0.6411560029	2.27924691155	0.981327008217	0.993828235863	0.508856520058	1.0493122668	0.515092063799	0.545934823586	0.723560154664	0.618254900918	0.805075567907	0.566541628806	1.94318677139	0.731656713388	0.603869642339	0.455376312228	0.418484905752	1.66226194297	1.16057037699	0.75395621073	0.380181744804	0.474379086515	0.44316337361	1.62194292895	0.63194502175	0.276803852102	0.0	0.52132320928	0.681257665539	0.613907506042	0.391333305945	0.481576346061	0.49309419043	1.15282521508	0.895480652489	0.607725867569	0.651535650072	0.533108076365	0.762913673272	0.609907539874	1.2244759739	1.1530617303	0.650979695505	0.846269052682	0.746190613823	1.20090903818	0.960538912518	1.00508474142	1.03352076849	0.974107883035	1.05516251329	0.689418289029	0.742043968101	0.771000550991	0.759711459642	0.504251068149	1.08073585307	0.542058922185	0.935614475592	0.416269236346	0.917544533591
AG7	0.652971986467	0.6534839971	1.91450356694	0.650032112131	0.883006669889	0.658077863702	0.870294422426	0.515191918801	0.720342846786	0.636512914451	0.814755635573	0.766130096665	0.663914726921	1.58868945868	0.667078608023	0.684996689222	0.770048927018	0.73176062349	1.35082051232	0.829660285162	0.571094142098	0.470368501692	0.687125340744	0.648938501692	1.36910531658	0.574302150797	0.645009951667	0.52132320928	0.0	0.291695277912	0.785812861286	0.666868965684	0.639200405993	0.729957419043	1.25540391977	0.962215084582	0.891358511358	0.485703489609	0.806477259546	0.794216312228	0.718552933784	0.947084403093	0.864625799903	0.490338129531	1.07191640889	0.997367249879	1.32588359594	1.1098797535	1.11011637023	1.16475118898	1.22312344611	1.18954246496	0.878899429676	0.908981454809	0.959524050266	0.906383272112	0.619038656356	1.22218241663	0.639705099082	1.08726454809	0.669079086515	1.08408910585
AG8	0.653334697922	0.675333407443	1.81538193813	0.604132049299	0.850728327695	0.803372329628	0.736826114065	0.723586230063	0.959287810536	0.612126230063	1.02226504592	0.779985065249	0.802884707588	1.48303768004	0.696176457226	0.70224218463	0.91728077332	0.876037950701	1.13320720638	0.630854963751	0.581992455292	0.60921040116	0.904524514258	0.864474755921	1.25571991783	0.534611532141	0.834939410343	0.681257665539	0.291695277912	0.0	0.878682464959	0.803342658289	0.879555113581	0.89367857419	1.22088422426	1.01776637989	1.05339960851	0.526077182214	0.956438869019	0.756644514258	0.817785089415	0.881781314645	0.813845505075	0.560542967617	1.19994183664	1.12363625423	1.32001561624	1.2416621653	1.12140087965	1.21173861769	1.35920189464	1.30901705655	1.00380523441	1.01997684872	1.08169200097	1.01625445143	0.761336834219	1.28121876752	0.746339449009	1.20107531174	0.817289734171	1.21528748671
AH7	0.744430347994	0.89374141131	2.43839557757	1.23529674722	1.18832129048	0.781725331078	1.17090196713	0.84011041566	0.904868119865	0.922393731271	0.827592237796	1.01102329628	0.835788593523	2.11157509908	1.00533488159	0.797500135331	0.636391135814	0.59007717738	1.70666363944	1.2524942291	0.876393537941	0.629634760754	0.734091706138	0.694518545191	1.57091376027	0.768395331078	0.704680135331	0.613907506042	0.785812861286	0.878682464959	0.0	0.320490507492	0.872344374094	0.86685578057	1.19411278879	1.04373217013	0.8014840261	0.946887332044	0.775266921218	0.939837496375	0.836671295312	1.43608803287	1.3782857854	0.925501488642	0.971436394393	0.919844113098	1.28414901402	1.0726742581	1.19586820686	1.05795684872	1.14439669406	1.1465720203	0.816196360561	0.816897216046	0.823741512808	0.827022919285	0.766382634123	1.18357378927	0.794195920735	1.01453814403	0.714015640406	1.04526017883
AH8	0.659950676655	0.727910159497	2.42223990817	1.11514910101	1.01913735621	0.572516099565	1.1178277477	0.631979395843	0.694759536008	0.784184876752	0.632216065732	0.862917583374	0.664869995167	2.08667574674	0.850881841469	0.62916102465	0.387199294345	0.316415582407	1.6793841131	1.21394835186	0.841834543258	0.538262513291	0.527354441759	0.497093054616	1.59896693572	0.698043740938	0.507999081682	0.391333305945	0.666868965684	0.803342658289	0.320490507492	0.0	0.644637153214	0.63165782987	1.17082312228	0.938493707105	0.615579772837	0.798356863219	0.538638743354	0.792583663606	0.668503852102	1.37029179314	1.30640273079	0.772022416626	0.820210652489	0.747837162881	1.15066865636	0.936652643789	1.05501239246	0.961119961334	0.954822851619	1.01164330111	0.645706268729	0.663821324311	0.69573221363	0.679486573224	0.591938496858	1.04399107298	0.625525770904	0.887322397293	0.492306051232	0.89760737071
AA5	0.850167462542	0.67423857419	2.28244151764	1.05994258096	1.01467104882	0.514014035766	1.21075218946	0.380490565491	0.265425833736	0.879947945868	0.435792938618	0.794041358144	0.582017182214	1.94925860319	0.699368197197	0.768191372644	0.480113238279	0.504574485259	1.85370760754	1.36292410343	0.922736152731	0.624721145481	0.410854185597	0.438616201063	1.85186882552	0.853278699855	0.374178390527	0.481576346061	0.639200405993	0.879555113581	0.872344374094	0.644637153214	0.0	0.273682445626	1.23897546158	0.942488830353	0.579686534558	0.609838250362	0.615621715805	0.832348153697	0.66015681972	1.199249739	1.13878865152	0.616225166747	0.798180642823	0.657822397293	1.3108638086	1.05884896568	1.08541363461	1.14639070565	1.07885305462	1.1710881682	0.79134362494	0.843793876269	0.838158482359	0.862168163364	0.608227104882	1.20674449493	0.6829840261	1.02959242629	0.508814320928	1.00787843403
AA6	0.836905152247	0.696467970034	2.38541814403	1.11005397777	0.996669047849	0.423966882552	1.17773519575	0.425418356694	0.355184451426	0.864392721121	0.435115335911	0.773191121315	0.511998699855	2.04775872885	0.730020753987	0.744267196713	0.494502218463	0.509434929918	1.88347470275	1.38735788787	0.907332895118	0.642392870952	0.493990908652	0.492422899952	1.8435677042	0.847739511841	0.442597742871	0.49309419043	0.729957419043	0.89367857419	0.86685578057	0.63165782987	0.273682445626	0.0	1.11774222813	0.834965137748	0.524536114065	0.645036694055	0.48689898985	0.820548192363	0.576158037699	1.30185797487	1.22600064766	0.633499879169	0.586408501692	0.446537187047	1.20075882069	0.960747100048	0.981783881102	0.997852928951	0.982820874819	1.05684000967	0.667042532624	0.731354108265	0.743025364911	0.745456863219	0.617751329145	1.07655305945	0.681421851136	0.888374842919	0.472905930401	0.914901208313
AB5	1.10153497825	0.958235785404	2.54674969067	1.3674120203	0.876970425326	1.0026022958	1.19821749154	1.11561649589	1.20915210246	0.966686616723	1.21255689705	0.806011483809	1.02029865636	2.22069899468	1.03496489609	0.992976462059	1.20834399227	1.19973862736	1.87397788787	1.44820633156	1.30058029483	1.1829862349	1.38122672789	1.36177036733	1.71884299178	1.12451290478	1.20328146931	1.15282521508	1.25540391977	1.22088422426	1.19411278879	1.17082312228	1.23897546158	1.11774222813	0.0	0.39712638956	0.965695181247	1.03837708555	0.957389192847	0.86791117448	0.877939560174	1.51445884969	1.46735133398	0.995143682939	0.998677486709	0.987900082165	0.863177133881	0.932483073949	0.741140347994	0.74993540841	1.0613739101	0.936532754954	0.824627042049	0.946168728855	0.94777780087	0.898410710488	1.07357672789	0.861583552441	1.04156719188	0.827231164814	1.03815944901	0.925924528758
AB6	0.91002502175	0.741597003383	2.45246443209	1.20863528758	0.785023562107	0.723144403093	1.05777012566	0.808485592073	0.925047394877	0.825994987917	0.969651435476	0.568287375544	0.759423199613	2.1194421943	0.805291855969	0.777686969551	0.988665683905	0.980022000967	1.80229120831	1.3338677332	1.1381059594	0.911473784437	1.12126065732	1.10820822136	1.70690879169	0.920202203963	0.946118646689	0.895480652489	0.962215084582	1.01776637989	1.04373217013	0.938493707105	0.942488830353	0.834965137748	0.39712638956	0.0	0.76217879652	0.751975645239	0.735315688739	0.733495862736	0.637064596423	1.36161375544	1.3067840261	0.691382532624	0.764669357177	0.765010396327	0.787505012083	0.695770275495	0.55397377477	0.558667269212	0.8293639826	0.734048878685	0.599571478975	0.747528351861	0.746540584824	0.703545915901	0.802791701305	0.695640381827	0.773428641856	0.578996858386	0.800975534074	0.683946442726
AC5	0.888530256162	0.77657157564	2.60324018366	1.31724965684	1.01283037216	0.550603035283	1.28100166264	0.631706022233	0.533862286129	0.912158724021	0.487308414693	0.737599231513	0.669548927018	2.27701909618	0.875522841953	0.810412000967	0.507911894635	0.509302518125	1.93951210246	1.45637930884	1.15813488642	0.843851092315	0.650035219913	0.620794296762	1.88590313195	0.933301193813	0.517835258579	0.607725867569	0.891358511358	1.05339960851	0.8014840261	0.615579772837	0.579686534558	0.524536114065	0.965695181247	0.76217879652	0.0	0.760311242146	0.39555102465	0.847836573224	0.630887974867	1.54956119381	1.46332785887	0.76348078782	0.550076186564	0.470522938618	0.968170691155	0.722420836153	0.896226742388	0.834002837119	0.713727361044	0.794412063799	0.517234364427	0.521449826003	0.524005026583	0.566558351861	0.732839710005	0.847311261479	0.769478110198	0.740989178347	0.538159473175	0.66938677622
AC6	0.731224987917	0.471599608507	2.00905478009	0.730658579024	0.686519971	0.597527162881	0.743292518125	0.455827259546	0.71142820203	0.507325790237	0.811939879169	0.567181019816	0.576687100048	1.67811740454	0.464299207347	0.628709052682	0.790359801837	0.791297684872	1.4683581247	0.972658322861	0.775955553407	0.678049690672	0.83430858869	0.822870952151	1.50377623973	0.65460078782	0.704464325761	0.651535650072	0.485703489609	0.526077182214	0.946887332044	0.798356863219	0.609838250362	0.645036694055	1.03837708555	0.751975645239	0.760311242146	0.0	0.732257791203	0.593517501208	0.552113823103	0.828583987434	0.747706428226	0.245051875302	0.977385244079	0.910053639439	1.14183473175	1.00575490092	0.901163910101	0.97161337361	1.11234920735	1.06291566941	0.766538144031	0.821441686805	0.874707481875	0.792519260512	0.590179207347	1.03645502175	0.578044557757	0.953285630739	0.619629729338	0.975883344611
AD6	0.774984238763	0.653526341228	2.53706623973	1.18219460126	0.87722181247	0.421130879652	1.16710096182	0.516780430159	0.56105518608	0.799815113581	0.51394301595	0.66168857419	0.530001449976	2.19881657806	0.768779763171	0.683497535041	0.503072895118	0.472095456742	1.8624681537	1.38401794103	1.04120439343	0.733089057516	0.678031570807	0.65398662639	1.81944470275	0.86107361044	0.568480396327	0.533108076365	0.806477259546	0.956438869019	0.775266921218	0.538638743354	0.615621715805	0.48689898985	0.957389192847	0.735315688739	0.39555102465	0.732257791203	0.0	0.707004446593	0.44560637506	1.45637887869	1.38273422426	0.715121101982	0.634411280812	0.547612580957	0.903572484292	0.660388042533	0.817486167231	0.750618463026	0.697138211696	0.766831440309	0.417485253746	0.449074403093	0.491621251812	0.481205461576	0.585249449009	0.796714407927	0.634513349444	0.663318724021	0.373013117448	0.620239666506
AE5	0.5541779942	0.459275611406	2.29705977284	0.954294871919	0.639544789754	0.698295509908	0.831543397777	0.695927438376	0.928415070082	0.497996824553	0.964717196713	0.560817767037	0.683618830353	1.96032123731	0.602770425326	0.453283914935	0.851313436443	0.80936699855	1.47343233929	1.04768297728	0.94613340261	0.816856452392	1.01695765104	0.986157075882	1.38581396327	0.641087394877	0.891598434026	0.762913673272	0.794216312228	0.756644514258	0.939837496375	0.792583663606	0.832348153697	0.820548192363	0.86791117448	0.733495862736	0.847836573224	0.593517501208	0.707004446593	0.0	0.357904944418	1.16356413726	1.0882642581	0.552378037699	1.0758621943	1.02970659739	0.893777259546	0.849678482359	0.772526466892	0.74579159014	0.982172885452	0.899846897052	0.612032957951	0.658103866602	0.742636370227	0.608000647656	0.552436824553	0.854547486709	0.506007501208	0.797843054616	0.667506408893	0.846855925568
AE6	0.556273349444	0.430042498792	2.38028880619	1.028379768	0.699036558724	0.487663692605	0.949088003867	0.526682542291	0.689224702755	0.581978927018	0.73250117448	0.549988762687	0.473968743354	2.04294861769	0.557572150797	0.449185418076	0.663498303528	0.642182489125	1.61000050266	1.17150126148	0.953107085549	0.718247293378	0.846454282262	0.818194422426	1.56852749154	0.67833257129	0.690076669889	0.609907539874	0.718552933784	0.817785089415	0.836671295312	0.668503852102	0.66015681972	0.576158037699	0.877939560174	0.637064596423	0.630887974867	0.552113823103	0.44560637506	0.357904944418	0.0	1.26644107782	1.19377435476	0.514116215563	0.860317375544	0.793230536491	0.863075427743	0.694120604157	0.701636785887	0.675761106815	0.82050900435	0.746563441276	0.438656336394	0.480801106815	0.52736160464	0.454970976317	0.430875920735	0.749203905268	0.426200362494	0.638211536974	0.455961628806	0.675166901885
AF5	1.20745134364	1.09337872402	1.35023460126	0.580000768487	1.06438768004	1.30172051716	0.812716930884	1.10318673272	1.295	0.979598883519	1.44546674722	1.15591364911	1.25359442243	1.0214277622	1.02913046399	1.19476032866	1.41942635089	1.43646110198	1.00103914451	0.703362397293	1.13945081199	1.16333153214	1.32047507008	1.34054258579	1.45240681005	1.12287764137	1.32401623973	1.2244759739	0.947084403093	0.881781314645	1.43608803287	1.37029179314	1.199249739	1.30185797487	1.51445884969	1.36161375544	1.54956119381	0.828583987434	1.45637887869	1.16356413726	1.26644107782	0.0	0.159118525858	0.938302909618	1.66598695988	1.58642237313	1.67075554857	1.6109942001	1.48888457226	1.58678696955	1.7270160754	1.69150843403	1.46482672305	1.53425739971	1.55723624456	1.49175696472	1.16930029483	1.65108953601	1.15679433543	1.58651932334	1.3152460029	1.60307925085
AF6	1.14325272112	1.01802327211	1.40980804253	0.524570729821	1.01029929435	1.22408898985	0.739601333978	1.035080087	1.24525564524	0.905035669406	1.38530000483	1.09343642823	1.17915347994	1.08066489609	0.944799449009	1.11968760271	1.35609027066	1.37122257612	1.00323395843	0.671537549541	1.07999154181	1.10978863702	1.26302452876	1.27126108265	1.42304056066	1.05173996617	1.26061873852	1.1530617303	0.864625799903	0.813845505075	1.3782857854	1.30640273079	1.13878865152	1.22600064766	1.46735133398	1.3067840261	1.46332785887	0.747706428226	1.38273422426	1.0882642581	1.19377435476	0.159118525858	0.0	0.859262402127	1.59326886902	1.50650057999	1.61654459159	1.55309697922	1.42042711938	1.51984132914	1.6532159449	1.6197578927	1.39438527791	1.46481703722	1.48371362977	1.42197089899	1.09781770904	1.58634028033	1.08387261962	1.51048427743	1.24913378927	1.52822454326
AG5	0.683566056066	0.442271464476	2.09339419526	0.791000584824	0.623595799903	0.52807738521	0.780983678105	0.444909700338	0.69880982117	0.498993682939	0.789148970517	0.491965645239	0.544698163364	1.75758670855	0.447884963751	0.579711522475	0.779293697438	0.768160695988	1.5069821508	1.01481404543	0.741874030933	0.664659458676	0.858868912518	0.837292484292	1.47155621556	0.622242861286	0.721498376027	0.650979695505	0.490338129531	0.560542967617	0.925501488642	0.772022416626	0.616225166747	0.633499879169	0.995143682939	0.691382532624	0.76348078782	0.245051875302	0.715121101982	0.552378037699	0.514116215563	0.938302909618	0.859262402127	0.0	0.942291019816	0.878832358627	1.09342709038	0.958987452876	0.845846486225	0.896533455776	1.07992532624	1.01132284679	0.685685427743	0.763264040599	0.827249652006	0.721846341228	0.576145630739	0.984815219913	0.551163972934	0.878038675689	0.609872788787	0.934122653456
