	AA3	AA4	AB3	AB4	AC3	AC4	AD3	AD4	AE3	AE4	AF3	AF4	AG3	AG4	AH3	AH4	AA7	AA8	AB7	AB8	AC7	AC8	AD7	AD8	AE7	AE8	AF7	AF8	AG7	AG8	AH7	AH8	AA5	AA6	AB5	AB6	AC5	AC6	AD6	AE5	AE6	AF5	AF6	AG5	AH5	AH6	AA1	AA2	AB1	AB2	AC1	AC2	AD1	AD2	AE1	AE2	AF1	AF2	AG1	AG2	AH1	AH2
AA3	0.0	0.538688337361	2.27558202513	0.936337965201	0.872557162881	0.750944490092	0.847796756887	0.750187762204	0.879843407443	0.680780744321	0.992116476559	0.756210289995	0.722224325761	1.88475697438	0.769456616723	0.300031068149	0.806451121315	0.824693011116	1.41959734171	1.01459185597	0.809538269696	0.670270188497	0.916661701305	0.890272982117	1.35290544224	0.646871116481	0.780475563074	0.677232145964	0.729275041083	0.691330357661	0.76649918318	0.670638245529	0.861593489609	0.852327535041	1.08906692605	0.906010715321	0.954979942001	0.796326665056	0.822052667956	0.557853199613	0.60103522958	1.27995434993	1.17942431609	0.721652189464	1.12055982117	1.03911202513	0.977097394877	0.950757583374	0.880371488642	0.84124217013	1.05553396327	0.985540628323	0.657128521025	0.726947506042	0.806107336878	0.685517438376	0.560697530208	0.878751072982	0.518743276945	0.919087641373	0.637463006283	0.955833658772
AA4	0.538688337361	0.0	2.24271049783	0.874938501692	0.661006089898	0.596560637989	0.818436094732	0.49590878202	0.668222194297	0.594478815853	0.853189202513	0.474830952151	0.435919603673	1.85246214113	0.30411658289	0.322490144998	0.657467974867	0.636223281779	1.50718042049	1.0250900435	0.83637719188	0.641037104882	0.80165937651	0.795089797003	1.47282045916	0.621884818753	0.683518864186	0.626358028033	0.639578197197	0.628195727405	0.845439932334	0.675715137748	0.609703412276	0.641035872402	0.983059951667	0.723242803287	0.788847921701	0.508734325761	0.637398405027	0.499257361044	0.423862764621	1.18777889802	1.06250714355	0.459564722088	0.971610033833	0.871334388594	0.969175785404	0.82465520058	0.746598231029	0.756759217013	0.978293639439	0.908852783954	0.595855176414	0.651817883035	0.71662222813	0.643187129048	0.417998279362	0.840243392943	0.411668849686	0.799334973417	0.491983030449	0.839275538908
AB3	2.27558202513	2.24271049783	0.0	1.50218300628	2.21084385694	2.42809956501	1.95886034799	2.32232983567	2.37414925085	2.10997049299	2.5506561334	2.28800550991	2.35858766554	0.426660140164	2.13271674722	2.30047191397	2.49684202997	2.51888690672	1.20840070082	1.5152018753	1.99992328178	2.19762221846	2.45147940551	2.42218819236	1.9236680377	2.14751266796	2.40436998067	2.30266935718	1.87788507008	1.87636050266	2.46409400677	2.43494487192	2.2873917738	2.41486508458	2.58838590623	2.50410220396	2.63571575157	1.993920203	2.56486542291	2.32029119381	2.40430534558	1.3122959594	1.41773039149	2.10550076849	2.74348935718	2.66433103432	2.67984312228	2.7002618318	2.5150701885	2.64006358627	2.80843574674	2.74511997583	2.56787576607	2.61757773804	2.65346920735	2.61416221846	2.328819739	2.68629074915	2.31986582407	2.65940393427	2.42011419526	2.70980956501
AB4	0.936337965201	0.874938501692	1.50218300628	0.0	0.926874973417	1.03413381344	0.777241420976	1.00869648623	1.12726695022	0.80675782987	1.26189723538	0.938528255196	0.881880860319	1.09796386177	0.791769449009	0.937348124698	1.16160580957	1.18376020783	0.993126665056	0.510038482359	0.881196602223	0.912255993233	1.18068095215	1.13318941034	1.26260900435	0.842441474142	1.13303092798	1.00242735621	0.587684741421	0.573909714838	1.23684682455	1.13108734654	1.0714161914	1.14058729821	1.39805364911	1.23673521508	1.35870271145	0.748645683905	1.21828194297	0.958605374577	1.04926183664	0.631398656356	0.545828941518	0.798932271629	1.47138692122	1.37643101498	1.44613898502	1.38394859836	1.24364679555	1.32700452392	1.54381019816	1.48255042533	1.2108142871	1.28203539874	1.34979985984	1.27459896085	1.0084161044	1.40844589657	0.994809381344	1.37783432576	1.06115764621	1.4173179362
AC3	0.872557162881	0.661006089898	2.21084385694	0.926874973417	0.0	0.79848857419	0.814724949251	0.831908086032	1.01002738521	0.651697907202	1.10133541808	0.33589217013	0.812748844853	1.82828564041	0.676518980184	0.785404954084	1.02466578057	0.994364712421	1.43117039633	1.00784525858	1.06866954567	1.03404734171	1.23215879652	1.21464383277	1.30657423393	0.81018762204	1.12102020783	1.06833211213	0.915429313678	0.884900347994	1.19477030449	1.03269885935	1.02472052199	0.96654818753	0.84205579507	0.727338057032	0.988145398743	0.728556684389	0.861619787337	0.664712373127	0.723623247946	1.18979712905	1.09153324311	0.624538390527	1.18011314645	1.08613130498	0.857281913968	0.939038206863	0.687274886419	0.809444833253	1.08928755921	0.985305195747	0.727430053166	0.820601092315	0.890660604157	0.808672783954	0.838959043016	0.876163876269	0.810107196713	0.899859816336	0.896050657322	0.978738912518
AC4	0.750944490092	0.596560637989	2.42809956501	1.03413381344	0.79848857419	0.0	1.09207680039	0.340929043016	0.441784610923	0.862125389077	0.399486863219	0.510885335911	0.440109115515	2.03838228613	0.696117684872	0.63423221363	0.543328458192	0.518834340261	1.8051842871	1.30777071049	0.930586810053	0.619770202997	0.602189835669	0.61014300145	1.71412214113	0.8078080087	0.557281696472	0.528046022233	0.707185785404	0.739680144998	0.805324523925	0.600792672789	0.495534354761	0.402593832769	1.03349743838	0.745051445143	0.565929275012	0.67697062349	0.444062010633	0.770306534558	0.515225625906	1.39975558241	1.27926707588	0.600216515225	0.698483682939	0.596373615273	1.04763555341	0.817335741904	0.84905159014	0.791338869019	0.891355524408	0.936400343161	0.606689975834	0.610214625423	0.698965321411	0.644133006283	0.595674954084	0.922860328661	0.647002063799	0.787432933784	0.405926297728	0.822744596423
AD3	0.847796756887	0.818436094732	1.95886034799	0.777241420976	0.814724949251	1.09207680039	0.0	0.932594359594	1.22726177864	0.32588117448	1.33015659739	0.871413465442	1.02523114548	1.57125557757	0.771505949734	0.85697658289	1.1809499855	1.17918060416	1.32736713871	0.845646379894	0.832448985017	0.908466413726	1.27450213146	1.22924832769	1.24860188014	0.788020149831	1.13595155631	1.02525721605	0.840934088932	0.78203020783	1.12561113581	1.03832027066	1.15058116965	1.12629887869	1.19362373127	1.05285272112	1.21318466409	0.687323267279	1.11872912518	0.782577457709	0.885199381344	0.900501430643	0.820607394877	0.708541851136	1.3808739391	1.29626652006	1.30064282262	1.31964207347	1.07233461576	1.16764120831	1.455279826	1.38441768487	1.09806329628	1.16048267762	1.23030860802	1.13758876269	0.924843615273	1.24843920735	0.886044934751	1.22583664572	1.06331322861	1.31199119865
AD4	0.750187762204	0.49590878202	2.32232983567	1.00869648623	0.831908086032	0.340929043016	0.932594359594	0.0	0.330302073465	0.687463315611	0.528083968101	0.59348300145	0.505594311261	1.93508834219	0.598106486225	0.581368110198	0.554363736104	0.527369395843	1.75125804737	1.24184547608	0.871539623006	0.544697776704	0.553307974867	0.54580038666	1.71118724021	0.788071754471	0.514540077332	0.455017646206	0.605334064766	0.661310492992	0.808369787337	0.604818641856	0.348656205897	0.36647298695	1.08633348961	0.789962237796	0.577182696955	0.535604528758	0.467781019816	0.701383861769	0.482046955051	1.26348342678	1.14019821653	0.510674306428	0.703938110198	0.596184224263	1.1183340406	0.875783972934	0.892332416626	0.878842653456	0.937267854036	0.993165413243	0.692545882069	0.639395741904	0.71567922668	0.697446544224	0.538099502175	0.98846421943	0.615743692605	0.863380575157	0.47372558724	0.870844407927
AE3	0.879843407443	0.668222194297	2.37414925085	1.12726695022	1.01002738521	0.441784610923	1.22726177864	0.330302073465	0.0	0.976837452876	0.396072518125	0.775194084099	0.589012353794	1.9975242871	0.755035210246	0.734980691155	0.472522754954	0.456663368777	1.90627615756	1.41622137264	0.992296070565	0.666528956017	0.40910958434	0.4387200145	1.89099211696	0.969607283712	0.432861938134	0.480435244079	0.712010405993	0.809865374577	0.86977040116	0.676513716771	0.25484918318	0.334507240213	1.21484507492	0.939048293862	0.555615596907	0.742676481392	0.575140309328	0.938605664572	0.66566182697	1.36096531658	1.24778362494	0.721017791203	0.713992363461	0.613091072982	1.24956758821	0.994973267279	1.06075059449	1.01530580957	1.04439049783	1.12042207347	0.812790198163	0.766270101498	0.821604132431	0.826896553891	0.658921440309	1.12834221363	0.754951053649	0.988704668922	0.553783552441	0.995855770904
AE4	0.680780744321	0.594478815853	2.10997049299	0.80675782987	0.651697907202	0.862125389077	0.32588117448	0.687463315611	0.976837452876	0.0	1.09769303528	0.660830715321	0.812739908168	1.72236360561	0.577662493958	0.630966698888	0.943136718221	0.939386089898	1.39926464959	0.905306993717	0.786748632189	0.756389695505	1.04183667472	0.990103992267	1.284720203	0.592637303045	0.917103441276	0.807563958434	0.662847665539	0.618347254712	0.964198506525	0.825163591107	0.912887554374	0.899349545674	1.01373666989	0.876226761721	0.986303644273	0.536952358627	0.874999173514	0.566465195747	0.648852049299	1.00454953601	0.879233025616	0.547853881102	1.16444323345	1.07700081199	1.0987001885	1.11509080715	0.87452537941	0.962280478492	1.25969405027	1.18495459642	0.899876147898	0.93630117448	1.00918067666	0.929388554857	0.715671169647	1.05586348478	0.68291518608	1.02738184147	0.821590507492	1.11055571774
AF3	0.992116476559	0.853189202513	2.5506561334	1.26189723538	1.10133541808	0.399486863219	1.33015659739	0.528083968101	0.396072518125	1.09769303528	0.0	0.825688467859	0.708861063316	2.16682391977	0.950057559207	0.878724122765	0.500795321411	0.462147670372	2.02332049783	1.52722354761	1.07732367811	0.799311623973	0.36366242146	0.384973450942	2.00289754954	1.08505579024	0.510686587724	0.620199342678	0.871395915901	0.950282126631	0.849395640406	0.698267636539	0.482188883519	0.443675563074	1.18880731754	0.96302937651	0.4567399855	0.887774780087	0.516683083615	1.02591162881	0.755651058482	1.55035683905	1.4342537071	0.851549951667	0.623753175447	0.531014746254	1.21000129531	0.948199463509	1.09933326245	0.966278627356	0.993084359594	1.05668884969	0.799553407443	0.721815108748	0.795865456742	0.764456901885	0.821310459159	1.05485911068	0.902794958917	0.972215920735	0.598792310295	0.939845195747
AF4	0.756210289995	0.474830952151	2.28800550991	0.938528255196	0.33589217013	0.510885335911	0.871413465442	0.59348300145	0.775194084099	0.660830715321	0.825688467859	0.0	0.565112131464	1.90213963751	0.53104618173	0.62817561624	0.843114306428	0.804445891735	1.58864467376	1.0865340261	0.932195635573	0.803818757854	0.996200729821	0.973418071532	1.45927430159	0.66829041566	0.895555983567	0.838514963751	0.761328511358	0.724670082165	1.0292137651	0.876586834219	0.788289560174	0.717705712905	0.833991822136	0.580261855969	0.771995529241	0.575749241179	0.671325577574	0.601906012566	0.557511735138	1.2314700435	1.10782672789	0.478294369261	0.943623914935	0.847270850652	0.865741266312	0.817162150797	0.623569656839	0.684253542774	0.964109250846	0.893173257612	0.588889579507	0.684685567907	0.766220565491	0.673953325278	0.673704214596	0.791660067666	0.666143649106	0.759452305462	0.691002537458	0.831988956017
AG3	0.722224325761	0.435919603673	2.35858766554	0.881880860319	0.812748844853	0.440109115515	1.02523114548	0.505594311261	0.589012353794	0.812739908168	0.708861063316	0.565112131464	0.0	1.95332430643	0.51835362494	0.542831923635	0.57687961334	0.54752338811	1.70606366844	1.2044360174	0.932356486225	0.657723987434	0.735738245529	0.725516689222	1.59727443693	0.720500488159	0.631222846786	0.591566524891	0.692252252296	0.736274693088	0.841845335911	0.67287720638	0.618251251812	0.563861739971	1.01924714355	0.746324523925	0.72108919768	0.639562687289	0.586346350894	0.685621372644	0.46343582407	1.33209807637	1.2104458579	0.57966361044	0.876183528275	0.776102112131	0.991249811503	0.777080807153	0.813168516191	0.755091261479	0.943539623006	0.885979260512	0.564013533108	0.634559922668	0.706700913485	0.608066152731	0.482792634123	0.878829057516	0.522899415176	0.771615369744	0.423436254229	0.797320942484
AG4	1.88475697438	1.85246214113	0.426660140164	1.09796386177	1.82828564041	2.03838228613	1.57125557757	1.93508834219	1.9975242871	1.72236360561	2.16682391977	1.90213963751	1.95332430643	0.0	1.75283357177	1.90876451426	2.11906114548	2.13713557274	0.913620744321	1.13739838086	1.62071042049	1.81588683422	2.07450661189	2.04432309328	1.62114192363	1.76380456259	2.02447805703	1.91907952151	1.50165093282	1.49758700338	2.10513633156	2.05650378444	1.90890576607	2.02605110198	2.20813636056	2.11994516675	2.25994526825	1.61749078299	2.17594799903	1.9286438811	2.01168759304	0.950836940551	1.05086929435	1.72618973417	2.3603200725	2.27608413726	2.28779331561	2.31387435476	2.12664678105	2.24869936684	2.42943583857	2.36141459642	2.17770238279	2.22944448043	2.27354613823	2.22906474625	1.94532246013	2.29640026583	1.94026518125	2.27143003867	2.03503386177	2.32822622523
AH3	0.769456616723	0.30411658289	2.13271674722	0.791769449009	0.676518980184	0.696117684872	0.771505949734	0.598106486225	0.755035210246	0.577662493958	0.950057559207	0.53104618173	0.51835362494	1.75283357177	0.0	0.565129811503	0.782191140648	0.764024436926	1.4951838086	1.00356676172	0.858744272595	0.753031454809	0.908777689705	0.895699729338	1.4322142871	0.689730874819	0.809333349444	0.7480159739	0.630927201547	0.603329487675	1.01988002417	0.860766974384	0.687169487675	0.745847129048	1.07332945868	0.854848801353	0.938188728855	0.461314001933	0.820371739971	0.602744818753	0.595376254229	1.04613313195	0.919635529241	0.443528767521	1.08785282262	0.987255543741	1.08696020783	0.975500086999	0.852355983567	0.911524751087	1.11664719671	1.0675098405	0.794191092315	0.854929101015	0.885363644273	0.845565451909	0.598332880619	0.997055403577	0.592230584824	0.945382237796	0.661424407927	0.975306553891
AH4	0.300031068149	0.322490144998	2.30047191397	0.937348124698	0.785404954084	0.63423221363	0.85697658289	0.581368110198	0.734980691155	0.630966698888	0.878724122765	0.62817561624	0.542831923635	1.90876451426	0.565129811503	0.0	0.644795103915	0.661532015466	1.47537990333	1.04301692122	0.850268071532	0.629704059932	0.79030279362	0.744699739004	1.43746869986	0.63395977767	0.659178656356	0.598561300145	0.642284359594	0.643132522958	0.754911778637	0.580567631706	0.701863919768	0.692580826486	1.02404139681	0.766897327211	0.802673484775	0.644639028516	0.659416022233	0.493767032383	0.415969565007	1.27068333978	1.14916501208	0.589903054616	0.98235060899	0.887571474142	0.945131710971	0.80477579507	0.822616089899	0.728853508942	0.945554436926	0.875235543741	0.557229062349	0.593945495408	0.675992701788	0.588206012566	0.362708530691	0.814062653456	0.334598936684	0.786306007733	0.517629434509	0.822171087482
AA7	0.806451121315	0.657467974867	2.49684202997	1.16160580957	1.02466578057	0.543328458192	1.1809499855	0.554363736104	0.472522754954	0.943136718221	0.500795321411	0.843114306428	0.57687961334	2.11906114548	0.782191140648	0.644795103915	0.0	0.126523291445	1.80445165297	1.32364075399	1.01030851136	0.653439096182	0.441766336394	0.43829282262	1.76651359594	0.890120923151	0.34245956984	0.433216887385	0.781768453359	0.844296848719	0.645247481875	0.410461759304	0.464843663606	0.524830836153	1.22663256646	0.990764514258	0.524095132914	0.853320309328	0.520826205897	0.888298472692	0.683285848236	1.49408836153	1.37914402127	0.838965311745	0.751247114548	0.644560333494	1.14280279362	0.892968888352	1.09083700338	0.936521807637	0.92884237796	0.995145766071	0.726363296278	0.651892218463	0.717195548574	0.704050753987	0.512876433059	0.990100512325	0.585305195747	0.963984862252	0.463977481875	0.898578709522
AA8	0.824693011116	0.636223281779	2.51888690672	1.18376020783	0.994364712421	0.518834340261	1.17918060416	0.527369395843	0.456663368777	0.939386089898	0.462147670372	0.804445891735	0.54752338811	2.13713557274	0.764024436926	0.661532015466	0.126523291445	0.0	1.81825043983	1.32543361527	1.01069647173	0.653589076849	0.434065683905	0.445274925085	1.77026895118	0.888468477525	0.360315553407	0.442071285645	0.796687462542	0.854676872885	0.613136650556	0.39251038666	0.455882431126	0.484636118898	1.18467329628	0.95442319478	0.481045016916	0.825260836153	0.501083475109	0.868991565974	0.642979705172	1.51435010633	1.39832844369	0.799395099082	0.70164922668	0.584575273079	1.11373756887	0.862564910585	1.0587737796	0.902759473175	0.898163281779	0.963466515225	0.703921155147	0.610873547608	0.68103277912	0.668215659739	0.552286694055	0.963212290962	0.62457120348	0.926091913968	0.4434339971	0.86366318028
AB7	1.41959734171	1.50718042049	1.20840070082	0.993126665056	1.43117039633	1.8051842871	1.32736713871	1.75125804737	1.90627615756	1.39926464959	2.02332049783	1.58864467376	1.70606366844	0.913620744321	1.4951838086	1.47537990333	1.80445165297	1.81825043983	0.0	0.554951449976	1.49142878685	1.58215652972	1.92480341228	1.88310299662	1.078840029	1.3826960464	1.79955211213	1.68525690188	1.31274365394	1.226929942	1.70240033349	1.66499797487	1.8346541276	1.8774800435	1.87155174964	1.80131737554	1.9461041276	1.43297400193	1.85863136298	1.47629260996	1.60950635573	0.980466065732	0.98706861769	1.50119759304	2.13332391977	2.05208156597	1.88815780087	1.94464882552	1.76923355727	1.83474928468	2.0541942146	1.98131269212	1.76887106332	1.82232820203	1.86470753987	1.80407114548	1.59162127115	1.8951560029	1.55934514258	1.873209855	1.740380203	1.95364987917
AB8	1.01459185597	1.0250900435	1.5152018753	0.510038482359	1.00784525858	1.30777071049	0.845646379894	1.24184547608	1.41622137264	0.905306993717	1.52722354761	1.0865340261	1.2044360174	1.13739838086	1.00356676172	1.04301692122	1.32364075399	1.32543361527	0.554951449976	0.0	1.01429078299	1.07827737554	1.42293148864	1.37104846303	1.10205440793	0.906383455776	1.29126846303	1.17122385694	0.790507158047	0.711378985017	1.25454022233	1.20657157081	1.34364271629	1.37981333011	1.43085863702	1.31877739004	1.45831695988	0.935660840986	1.38131205413	1.03406824553	1.15788295795	0.715727810536	0.678642329628	0.999132078299	1.64818264862	1.55964696472	1.51072271629	1.49947786854	1.34147888835	1.39460580957	1.63459620106	1.57352747704	1.34806864186	1.38555065249	1.43959823586	1.38054858869	1.13568929918	1.49565120348	1.12471849686	1.44148022233	1.23697248429	1.50996909135
AC7	0.809538269696	0.83637719188	1.99992328178	0.881196602223	1.06866954567	0.930586810053	0.832448985017	0.871539623006	0.992296070565	0.786748632189	1.07732367811	0.932195635573	0.932356486225	1.62071042049	0.858744272595	0.850268071532	1.01030851136	1.01069647173	1.49142878685	1.01429078299	0.0	0.465670149831	0.989433620106	0.962071957467	1.41080356694	0.707373107782	0.933978656356	0.766670405993	0.595352373127	0.585678158531	0.883334378927	0.820225814403	0.913223794103	0.93168742871	1.29494557274	1.15042352344	1.16466950217	0.799919424843	1.08870070082	0.94212737071	0.952318177864	1.1921581972	1.11267665056	0.75276141131	1.13811550991	1.03947265346	1.47608577574	1.40328977284	1.18920275012	1.26385985017	1.53606543741	1.48765649106	1.13392791203	1.19382132914	1.27902032866	1.15154343161	0.922480130498	1.38805069599	0.896677873369	1.28288050749	0.902990333494	1.41197930401
AC8	0.670270188497	0.641037104882	2.19762221846	0.912255993233	1.03404734171	0.619770202997	0.908466413726	0.544697776704	0.666528956017	0.756389695505	0.799311623973	0.803818757854	0.657723987434	1.81588683422	0.753031454809	0.629704059932	0.653439096182	0.653589076849	1.58215652972	1.07827737554	0.465670149831	0.0	0.665683170614	0.6383539971	1.51716551957	0.652060628323	0.50903720638	0.350989555341	0.515210613823	0.557864113098	0.6201000145	0.491998351861	0.595250618656	0.622613508942	1.1800577912	0.898759241179	0.826950961817	0.699670425326	0.760061155147	0.806422769454	0.68621517158	1.22045921218	1.11740736104	0.672660647656	0.914271304978	0.806282638956	1.31531160464	1.07814759787	1.04318260512	1.02564664572	1.19348618173	1.1934037796	0.850597887869	0.850579357177	0.938863866602	0.848100637989	0.57766701305	1.17002854036	0.618332431126	0.992419637506	0.564853011116	1.07313714838
AD7	0.916661701305	0.80165937651	2.45147940551	1.18068095215	1.23215879652	0.602189835669	1.27450213146	0.553307974867	0.40910958434	1.04183667472	0.36366242146	0.996200729821	0.735738245529	2.07450661189	0.908777689705	0.79030279362	0.441766336394	0.434065683905	1.92480341228	1.42293148864	0.989433620106	0.665683170614	0.0	0.15742561624	1.90350270662	0.945892991783	0.374759961334	0.469470570324	0.749823431609	0.829250241663	0.744862547124	0.583842450459	0.422530328661	0.51438919768	1.32722247946	1.08425948284	0.593374103432	0.857963426776	0.654581570807	1.00198984534	0.806114224263	1.45490531174	1.33266938134	0.8796379797	0.735989487675	0.6469979797	1.33214165781	1.07600598357	1.23176855969	1.10776682939	1.10514170614	1.19474542291	0.919017810536	0.822337056549	0.886336104398	0.888918221363	0.732344973417	1.19378069116	0.81275341711	1.11192891735	0.563821295312	1.07041890768
AD8	0.890272982117	0.795089797003	2.42218819236	1.13318941034	1.21464383277	0.61014300145	1.22924832769	0.54580038666	0.4387200145	0.990103992267	0.384973450942	0.973418071532	0.725516689222	2.04432309328	0.895699729338	0.744699739004	0.43829282262	0.445274925085	1.88310299662	1.37104846303	0.962071957467	0.6383539971	0.15742561624	0.0	1.82972272595	0.878285877235	0.367571164814	0.451919995167	0.697945519575	0.771979202513	0.719840565491	0.555345195747	0.459756708555	0.52368117448	1.33133746254	1.08862313678	0.60729142581	0.847386297728	0.650317549541	0.98231038666	0.790133934268	1.42698478009	1.30292710005	0.872522368294	0.746728888352	0.656920125665	1.335130174	1.07532475592	1.22332828903	1.10212797003	1.11553830353	1.20044125665	0.913958303528	0.827514040599	0.888342513291	0.891167520541	0.714788250362	1.19523394393	0.793674161431	1.10836848236	0.579787868536	1.06976931851
AE7	1.35290544224	1.47282045916	1.9236680377	1.26260900435	1.30657423393	1.71412214113	1.24860188014	1.71118724021	1.89099211696	1.284720203	2.00289754954	1.45927430159	1.59727443693	1.62114192363	1.4322142871	1.43746869986	1.76651359594	1.77026895118	1.078840029	1.10205440793	1.41080356694	1.51716551957	1.90350270662	1.82972272595	0.0	0.982305480909	1.78933033349	1.64956499275	1.36601577574	1.31010949734	1.57305536491	1.57572232479	1.83268384244	1.84351390527	1.71444394877	1.68942349444	1.90401543741	1.48685361527	1.83032085549	1.36317046399	1.56833542291	1.47230814403	1.44722963267	1.44610892218	2.01642368777	1.94875651039	1.68875145964	1.82672341228	1.57997740454	1.64907492992	1.96222866602	1.82622814886	1.63782670372	1.71413363461	1.7535838086	1.66278673755	1.57759268729	1.7255620348	1.50840630256	1.75330972934	1.68662673755	1.84531625906
AE8	0.646871116481	0.621884818753	2.14751266796	0.842441474142	0.81018762204	0.8078080087	0.788020149831	0.788071754471	0.969607283712	0.592637303045	1.08505579024	0.66829041566	0.720500488159	1.76380456259	0.689730874819	0.63395977767	0.890120923151	0.888468477525	1.3826960464	0.906383455776	0.707373107782	0.652060628323	0.945892991783	0.878285877235	0.982305480909	0.0	0.871440328661	0.751444586757	0.649365828903	0.591661406477	0.820956872885	0.74595578057	0.911011894635	0.917695944901	1.10694133881	0.942421860802	1.00213321411	0.707748530691	0.94587661189	0.646674755921	0.726721996133	1.18528722571	1.06628266312	0.675967655872	1.15164233446	1.07426140164	1.16480914935	1.11904852586	0.934167902368	0.977200749154	1.26447090865	1.21957899468	0.908903252779	0.947392145964	1.02045403577	0.9345680232	0.752816959884	1.12234038183	0.713150033833	1.03027363461	0.789881594973	1.13385322378
AF7	0.780475563074	0.683518864186	2.40436998067	1.13303092798	1.12102020783	0.557281696472	1.13595155631	0.514540077332	0.432861938134	0.917103441276	0.510686587724	0.895555983567	0.631222846786	2.02447805703	0.809333349444	0.659178656356	0.34245956984	0.360315553407	1.79955211213	1.29126846303	0.933978656356	0.50903720638	0.374759961334	0.367571164814	1.78933033349	0.871440328661	0.0	0.225570289995	0.707899236346	0.767064277429	0.658839734171	0.494999434509	0.41645260029	0.491027486709	1.2108560899	0.953411014983	0.543490710488	0.795050260996	0.587968472692	0.894495123248	0.689081599807	1.41650631706	1.29721713388	0.799949115515	0.777661938134	0.685506012566	1.22869092798	0.986458627356	1.10756377477	1.01203279362	1.02026055582	1.0957558434	0.799063339778	0.756447167714	0.82557319478	0.80732937651	0.553365070082	1.0869681247	0.622017709038	0.995740884485	0.471274896085	0.97856262929
AF8	0.677232145964	0.626358028033	2.30266935718	1.00242735621	1.06833211213	0.528046022233	1.02525721605	0.455017646206	0.480435244079	0.807563958434	0.620199342678	0.838514963751	0.591566524891	1.91907952151	0.7480159739	0.598561300145	0.433216887385	0.442071285645	1.68525690188	1.17122385694	0.766670405993	0.350989555341	0.469470570324	0.451919995167	1.64956499275	0.751444586757	0.225570289995	0.0	0.58116939101	0.633905722571	0.635886070565	0.444277970034	0.448420686322	0.47736918318	1.18380974384	0.918689067182	0.644293073949	0.726382503625	0.582975302078	0.816965103915	0.636107172547	1.30975512808	1.18759758337	0.719695944901	0.824160106332	0.717756031899	1.23292820686	0.996530599323	1.05110287095	1.00044060899	1.04326881585	1.11398665539	0.79124099565	0.768206921218	0.84916120348	0.808800459159	0.531581933301	1.09373900435	0.591044045433	0.983238888352	0.464606230063	0.993432996617
AG7	0.729275041083	0.639578197197	1.87788507008	0.587684741421	0.915429313678	0.707185785404	0.840934088932	0.605334064766	0.712010405993	0.662847665539	0.871395915901	0.761328511358	0.692252252296	1.50165093282	0.630927201547	0.642284359594	0.781768453359	0.796687462542	1.31274365394	0.790507158047	0.595352373127	0.515210613823	0.749823431609	0.697945519575	1.36601577574	0.649365828903	0.707899236346	0.58116939101	0.0	0.159246703722	0.836199231513	0.705208695022	0.653398003867	0.740478690188	1.27008698405	0.983453441276	0.950901633639	0.501787989367	0.847655983567	0.820824519091	0.717830570324	0.952709188014	0.831859241179	0.530648941518	1.07216164814	0.962449482842	1.34464736104	1.13882115031	1.1371821218	1.10697946351	1.26876830836	1.2438242436	0.944002788787	0.958123301112	1.03613285645	0.971352769454	0.694021290478	1.21989688255	0.698960541324	1.12315256162	0.723170546158	1.15664161431
AG8	0.691330357661	0.628195727405	1.87636050266	0.573909714838	0.884900347994	0.739680144998	0.78203020783	0.661310492992	0.809865374577	0.618347254712	0.950282126631	0.724670082165	0.736274693088	1.49758700338	0.603329487675	0.643132522958	0.844296848719	0.854676872885	1.226929942	0.711378985017	0.585678158531	0.557864113098	0.829250241663	0.771979202513	1.31010949734	0.591661406477	0.767064277429	0.633905722571	0.159246703722	0.0	0.890178675689	0.755285741904	0.745033784437	0.798791193813	1.23685050749	0.99278638956	0.997239299178	0.476965219913	0.905026399227	0.779430942484	0.746111164814	0.955360908652	0.83295242146	0.49517638956	1.11457517641	1.02409631223	1.31449530208	1.17744133881	1.09777307878	1.116599826	1.31106071532	1.27763485259	0.980190778154	0.985678598357	1.0661119623	0.998749507008	0.736894644756	1.20081283712	0.723635838569	1.1488220203	0.761569014016	1.18955925085
AH7	0.76649918318	0.845439932334	2.46409400677	1.23684682455	1.19477030449	0.805324523925	1.12561113581	0.808369787337	0.86977040116	0.964198506525	0.849395640406	1.0292137651	0.841845335911	2.10513633156	1.01988002417	0.754911778637	0.645247481875	0.613136650556	1.70240033349	1.25454022233	0.883334378927	0.6201000145	0.744862547124	0.719840565491	1.57305536491	0.820956872885	0.658839734171	0.635886070565	0.836199231513	0.890178675689	0.0	0.291931870469	0.8778299855	0.877285384244	1.18561366844	1.01523827936	0.804153798937	0.97646157564	0.794801633639	0.941389956501	0.824492044466	1.50182274529	1.4025581247	0.963410173997	0.984874122765	0.881247457709	1.28176013533	1.068550058	1.16752964717	1.00572423393	1.12915355244	1.1482922523	0.872006234896	0.803844001933	0.865673102948	0.815503726438	0.743965654906	1.14693447076	0.776955983567	1.00913491542	0.705426906718	1.05118053649
AH8	0.670638245529	0.675715137748	2.43494487192	1.13108734654	1.03269885935	0.600792672789	1.03832027066	0.604818641856	0.676513716771	0.825163591107	0.698267636539	0.876586834219	0.67287720638	2.05650378444	0.860766974384	0.580567631706	0.410461759304	0.39251038666	1.66499797487	1.20657157081	0.820225814403	0.491998351861	0.583842450459	0.555345195747	1.57572232479	0.74595578057	0.494999434509	0.444277970034	0.705208695022	0.755285741904	0.291931870469	0.0	0.673591126148	0.655369202513	1.14861826003	0.916120173997	0.66558322378	0.853908090865	0.599883296278	0.810293020783	0.666363199613	1.4385358724	1.32180798453	0.818127303045	0.82837737071	0.717537539874	1.15577456742	0.930655906235	1.03655149348	0.878914016433	0.972062745288	1.03079153697	0.713713977767	0.664383392943	0.733795287579	0.677523697438	0.570548612856	1.01582345094	0.604926085065	0.882495630739	0.505735915901	0.921818999517
AA5	0.861593489609	0.609703412276	2.2873917738	1.0714161914	1.02472052199	0.495534354761	1.15058116965	0.348656205897	0.25484918318	0.912887554374	0.482188883519	0.788289560174	0.618251251812	1.90890576607	0.687169487675	0.701863919768	0.464843663606	0.455882431126	1.8346541276	1.34364271629	0.913223794103	0.595250618656	0.422530328661	0.459756708555	1.83268384244	0.911011894635	0.41645260029	0.448420686322	0.653398003867	0.745033784437	0.8778299855	0.673591126148	0.0	0.306061227646	1.26183275012	0.959996549058	0.634534823586	0.644838724021	0.636774664089	0.838998337361	0.658598965684	1.24194569357	1.13808157564	0.667582440793	0.760195930401	0.655821242146	1.31481374577	1.0653379362	1.09285768971	1.08535070082	1.11884712421	1.19399687289	0.86459637506	0.83188080232	0.890433151281	0.885868830353	0.588899168681	1.18962257129	0.681703513775	1.05623719671	0.533203910101	1.07123551957
AA6	0.852327535041	0.641035872402	2.41486508458	1.14058729821	0.96654818753	0.402593832769	1.12629887869	0.36647298695	0.334507240213	0.899349545674	0.443675563074	0.717705712905	0.563861739971	2.02605110198	0.745847129048	0.692580826486	0.524830836153	0.484636118898	1.8774800435	1.37981333011	0.93168742871	0.622613508942	0.51438919768	0.52368117448	1.84351390527	0.917695944901	0.491027486709	0.47736918318	0.740478690188	0.798791193813	0.877285384244	0.655369202513	0.306061227646	0.0	1.07756477525	0.798802078299	0.498735500242	0.669545480909	0.498807636539	0.837210285162	0.569644697922	1.36988217496	1.24738608023	0.65574477042	0.519557515708	0.413186781054	1.15537736104	0.915812774287	0.936573030449	0.895836781054	0.970536365394	1.03526961334	0.69074362494	0.68844937651	0.751721367811	0.712190898985	0.598180144998	1.01107289512	0.693829362011	0.866910381827	0.514537143548	0.908706868052
AB5	1.08906692605	0.983059951667	2.58838590623	1.39805364911	0.84205579507	1.03349743838	1.19362373127	1.08633348961	1.21484507492	1.01373666989	1.18880731754	0.833991822136	1.01924714355	2.20813636056	1.07332945868	1.02404139681	1.22663256646	1.18467329628	1.87155174964	1.43085863702	1.29494557274	1.1800577912	1.32722247946	1.33133746254	1.71444394877	1.10694133881	1.2108560899	1.18380974384	1.27008698405	1.23685050749	1.18561366844	1.14861826003	1.26183275012	1.07756477525	0.0	0.398123673272	0.956468830353	1.05371096182	0.937786099565	0.869884320928	0.890477225713	1.60236086032	1.51825582407	1.00705601257	0.998448322861	0.963766964717	0.803917100048	0.917970966651	0.699000570324	0.75351579507	1.05202809087	0.942536283229	0.810893320445	0.905080463992	0.936320111165	0.894182962784	1.05104098598	0.826491338811	1.032610261	0.810839178347	1.04566608507	0.934969516675
AB6	0.906010715321	0.723242803287	2.50410220396	1.23673521508	0.727338057032	0.745051445143	1.05285272112	0.789962237796	0.939048293862	0.876226761721	0.96302937651	0.580261855969	0.746324523925	2.11994516675	0.854848801353	0.766897327211	0.990764514258	0.95442319478	1.80131737554	1.31877739004	1.15042352344	0.898759241179	1.08425948284	1.08862313678	1.68942349444	0.942421860802	0.953411014983	0.918689067182	0.983453441276	0.99278638956	1.01523827936	0.916120173997	0.959996549058	0.798802078299	0.398123673272	0.0	0.750774543258	0.796454654422	0.719487095215	0.736540029	0.63742517158	1.45969565007	1.36040352827	0.729668182697	0.776102716288	0.75804878202	0.736853823103	0.669972039633	0.522664630256	0.495297341711	0.807095244079	0.724541551474	0.56987438376	0.685221227646	0.725350241663	0.684739386177	0.762155137748	0.649905828903	0.749137230546	0.535073233446	0.796424200097	0.685246520058
AC5	0.954979942001	0.788847921701	2.63571575157	1.35870271145	0.988145398743	0.565929275012	1.21318466409	0.577182696955	0.555615596907	0.986303644273	0.4567399855	0.771995529241	0.72108919768	2.25994526825	0.938188728855	0.802673484775	0.524095132914	0.481045016916	1.9461041276	1.45831695988	1.16466950217	0.826950961817	0.593374103432	0.60729142581	1.90401543741	1.00213321411	0.543490710488	0.644293073949	0.950901633639	0.997239299178	0.804153798937	0.66558322378	0.634534823586	0.498735500242	0.956468830353	0.750774543258	0.0	0.802324664089	0.392402837119	0.876106742388	0.646275509908	1.61910042049	1.49272672305	0.801459642339	0.497306520058	0.413974664089	0.998423040116	0.754210439826	0.904489961334	0.780241831803	0.763348221363	0.835233455776	0.619675848236	0.518478235863	0.577834973417	0.576751880135	0.735763958434	0.849790753987	0.786738472692	0.775085369744	0.608125123248	0.728449279845
AC6	0.796326665056	0.508734325761	1.993920203	0.748645683905	0.728556684389	0.67697062349	0.687323267279	0.535604528758	0.742676481392	0.536952358627	0.887774780087	0.575749241179	0.639562687289	1.61749078299	0.461314001933	0.644639028516	0.853320309328	0.825260836153	1.43297400193	0.935660840986	0.799919424843	0.699670425326	0.857963426776	0.847386297728	1.48685361527	0.707748530691	0.795050260996	0.726382503625	0.501787989367	0.476965219913	0.97646157564	0.853908090865	0.644838724021	0.669545480909	1.05371096182	0.796454654422	0.802324664089	0.0	0.784054625423	0.647031851136	0.591409038183	0.851884823586	0.721850488159	0.308214301595	1.01496901885	0.917127544708	1.14589785404	1.04640462542	0.926074905752	0.969500173997	1.1705462929	1.13000321411	0.8436119768	0.879565258579	0.953664200097	0.871245534074	0.639324775254	1.050939971	0.651976795553	0.986251541808	0.684267670372	1.0508042001
AD6	0.822052667956	0.637398405027	2.56486542291	1.21828194297	0.861619787337	0.444062010633	1.11872912518	0.467781019816	0.575140309328	0.874999173514	0.516683083615	0.671325577574	0.586346350894	2.17594799903	0.820371739971	0.659416022233	0.520826205897	0.501083475109	1.85863136298	1.38131205413	1.08870070082	0.760061155147	0.654581570807	0.650317549541	1.83032085549	0.94587661189	0.587968472692	0.582975302078	0.847655983567	0.905026399227	0.794801633639	0.599883296278	0.636774664089	0.498807636539	0.937786099565	0.719487095215	0.392402837119	0.784054625423	0.0	0.751781121315	0.450519091348	1.5421937651	1.4136158434	0.758989265346	0.618885277912	0.507976988884	0.858161372644	0.613408337361	0.810865268246	0.640090700822	0.692910971484	0.743485427743	0.482325065249	0.420584340261	0.495662353794	0.48599080232	0.579285606573	0.723497680039	0.651169023683	0.670723702272	0.447538342194	0.613373247946
AE5	0.557853199613	0.499257361044	2.32029119381	0.958605374577	0.664712373127	0.770306534558	0.782577457709	0.701383861769	0.938605664572	0.566465195747	1.02591162881	0.601906012566	0.685621372644	1.9286438811	0.602744818753	0.493767032383	0.888298472692	0.868991565974	1.47629260996	1.03406824553	0.94212737071	0.806422769454	1.00198984534	0.98231038666	1.36317046399	0.646674755921	0.894495123248	0.816965103915	0.820824519091	0.779430942484	0.941389956501	0.810293020783	0.838998337361	0.837210285162	0.869884320928	0.736540029	0.876106742388	0.647031851136	0.751781121315	0.0	0.370417254712	1.23301258579	1.11911588207	0.590845804737	1.09089981634	1.00888716771	0.884713910101	0.87164759304	0.726269511841	0.721027597873	1.01379522475	0.930350985984	0.605594876752	0.695757216046	0.781771981634	0.641306587724	0.559472895118	0.834491889802	0.508610328661	0.804130169164	0.676645775737	0.882935886902
AE6	0.60103522958	0.423862764621	2.40430534558	1.04926183664	0.723623247946	0.515225625906	0.885199381344	0.482046955051	0.66566182697	0.648852049299	0.755651058482	0.557511735138	0.46343582407	2.01168759304	0.595376254229	0.415969565007	0.683285848236	0.642979705172	1.60950635573	1.15788295795	0.952318177864	0.68621517158	0.806114224263	0.790133934268	1.56833542291	0.726721996133	0.689081599807	0.636107172547	0.717830570324	0.746111164814	0.824492044466	0.666363199613	0.658598965684	0.569644697922	0.890477225713	0.63742517158	0.646275509908	0.591409038183	0.450519091348	0.370417254712	0.0	1.3335881392	1.20709556307	0.560192000967	0.849561159981	0.763052561624	0.881544833253	0.696154601257	0.703745993233	0.62573020783	0.846423334944	0.783125369744	0.453821005317	0.502124021266	0.572712590623	0.48183821653	0.420530807153	0.74644921218	0.427762827453	0.635326254229	0.469882160464	0.714115703238
AF5	1.27995434993	1.18777889802	1.3122959594	0.631398656356	1.18979712905	1.39975558241	0.900501430643	1.26348342678	1.36096531658	1.00454953601	1.55035683905	1.2314700435	1.33209807637	0.950836940551	1.04613313195	1.27068333978	1.49408836153	1.51435010633	0.980466065732	0.715727810536	1.1921581972	1.22045921218	1.45490531174	1.42698478009	1.47230814403	1.18528722571	1.41650631706	1.30975512808	0.952709188014	0.955360908652	1.50182274529	1.4385358724	1.24194569357	1.36988217496	1.60236086032	1.45969565007	1.61910042049	0.851884823586	1.5421937651	1.23301258579	1.3335881392	0.0	0.182808960851	0.999430019333	1.73433347511	1.64336493475	1.71567231513	1.693750203	1.5483861769	1.62631554374	1.82059137748	1.78444650072	1.53697167714	1.60067776704	1.65067115998	1.59316696472	1.28147936201	1.70431371677	1.27613523925	1.65083032383	1.40933059932	1.7125621508
AF6	1.17942431609	1.06250714355	1.41773039149	0.545828941518	1.09153324311	1.27926707588	0.820607394877	1.14019821653	1.24778362494	0.879233025616	1.4342537071	1.10782672789	1.2104458579	1.05086929435	0.919635529241	1.14916501208	1.37914402127	1.39832844369	0.98706861769	0.678642329628	1.11267665056	1.11740736104	1.33266938134	1.30292710005	1.44722963267	1.06628266312	1.29721713388	1.18759758337	0.831859241179	0.83295242146	1.4025581247	1.32180798453	1.13808157564	1.24738608023	1.51825582407	1.36040352827	1.49272672305	0.721850488159	1.4136158434	1.11911588207	1.20709556307	0.182808960851	0.0	0.872112358627	1.60975585307	1.52089298695	1.62147176414	1.58885789754	1.42942766554	1.51760046399	1.69292610923	1.6687420058	1.41700655389	1.4766879072	1.52510497342	1.47006131948	1.1592558724	1.60312105365	1.15353018366	1.52798051232	1.28835536491	1.58607021266
AG5	0.721652189464	0.459564722088	2.10550076849	0.798932271629	0.624538390527	0.600216515225	0.708541851136	0.510674306428	0.721017791203	0.547853881102	0.851549951667	0.478294369261	0.57966361044	1.72618973417	0.443528767521	0.589903054616	0.838965311745	0.799395099082	1.50119759304	0.999132078299	0.75276141131	0.672660647656	0.8796379797	0.872522368294	1.44610892218	0.675967655872	0.799949115515	0.719695944901	0.530648941518	0.49517638956	0.963410173997	0.818127303045	0.667582440793	0.65574477042	1.00705601257	0.729668182697	0.801459642339	0.308214301595	0.758989265346	0.590845804737	0.560192000967	0.999430019333	0.872112358627	0.0	0.972370531658	0.876559516675	1.07285797487	0.989136442726	0.834231556307	0.87264778637	1.11834765104	1.03758654422	0.724532851619	0.795477365877	0.891001846303	0.763962087965	0.614532638956	0.966865070082	0.602752121798	0.905025070082	0.664748438859	0.998818347028
