	AA3	AA4	AB3	AB4	AC3	AC4	AD3	AD4	AE3	AE4	AF3	AF4	AG3	AG4	AH3	AH4	AA7	AA8	AB7	AB8	AC7	AC8	AD7	AD8	AE7	AE8	AF7	AF8	AG7	AG8	AH7	AH8	AA5	AA6	AB5	AB6	AC5	AC6	AD6	AE5	AE6	AF5	AF6	AG5	AH5	AH6	AA1	AA2	AB1	AB2	AC1	AC2	AD1	AD2	AE1	AE2	AF1	AF2	AG1	AG2	AH1	AH2
AA3	0.0	0.499253305945	2.26556496858	0.994947298212	0.847852508458	0.738310357661	0.892173958434	0.793305877235	0.88523940551	0.716220468826	0.966323412276	0.74185521508	0.684666703722	1.93304764137	0.73082017883	0.241853968101	0.787105442243	0.749738579024	1.45126558724	1.03619526341	0.83892319478	0.646367254712	0.841448888352	0.86350878202	1.36756270662	0.587666297728	0.761203020783	0.672722010633	0.732196848719	0.696026321895	0.751112527791	0.65270237796	0.828055321411	0.851604224263	1.08589552441	0.887863122281	0.924580526825	0.767716592557	0.801517757371	0.565043827936	0.561482672789	1.28903279362	1.20470628806	0.741686133398	1.12192637989	1.07757668439	0.952306471725	0.89105641856	0.90499517158	0.823640865152	1.01414381344	0.963683397777	0.598950449493	0.679799357177	0.738515495408	0.666257254712	0.503645756404	0.861716510391	0.4882679942	0.866324340261	0.609410434993	0.900561865636
AA4	0.499253305945	0.0	2.23053884485	0.884057520541	0.603073189947	0.539987153214	0.847979289512	0.488416747221	0.673479033349	0.564865915901	0.812162711455	0.443399144514	0.427339468342	1.90059047849	0.305923354277	0.319104142098	0.644248366361	0.645214697922	1.54410481875	1.01687838086	0.82337878202	0.619302290962	0.787308980184	0.833311087482	1.4790338086	0.578822803287	0.658508226196	0.606519105848	0.62239757854	0.679260256162	0.831132387627	0.681779289512	0.584162547124	0.640850309328	0.933346674722	0.682167660706	0.748597834703	0.503833059449	0.640577269212	0.505956959884	0.367837477042	1.19377507975	1.09625514741	0.440607559207	0.948602914451	0.856654823586	0.949388554857	0.793705790237	0.729990352827	0.753761179314	0.942970101498	0.898712885452	0.561597375544	0.632488786854	0.667210715321	0.624253006283	0.429249898502	0.826000236829	0.436976766554	0.76246720638	0.432984552924	0.809526684389
AB3	2.26556496858	2.23053884485	0.0	1.47427404543	2.19320664089	2.3719279217	1.92357000483	2.26757350411	2.33046152247	2.08343040599	2.53130952151	2.26733270179	2.32446366844	0.373362257129	2.18100677139	2.30835012083	2.48269736104	2.50924434993	1.17013377477	1.47016951184	2.00378769937	2.19383261962	2.40568762204	2.40183731754	1.90953546641	2.19692268246	2.38328155147	2.2744919768	1.90266488159	1.80647164814	2.44354880619	2.42334879652	2.29823205413	2.4147481102	2.51635554374	2.47350293862	2.61153169164	1.99246347511	2.56486338328	2.29559446109	2.37344934268	1.29562597873	1.38116730304	2.05237185597	2.74703311745	2.65031447076	2.67898876269	2.66861054132	2.51757602223	2.61473919285	2.78032377477	2.7362200435	2.53492131464	2.61968865636	2.6175738521	2.60565611406	2.31231320928	2.67239691638	2.31523904302	2.643599855	2.37712740938	2.69662848719
AB4	0.994947298212	0.884057520541	1.47427404543	0.0	0.897688545191	1.01461258096	0.777059565007	0.983578550024	1.11772855002	0.786642547124	1.23460230063	0.91810539391	0.880487341711	1.1269321943	0.859157520541	0.964823102948	1.15472533591	1.18618166264	1.03541330111	0.494125084582	0.939347061382	0.981383861769	1.12923278395	1.15040348478	1.29830866119	0.919478032866	1.12294058482	1.00536583857	0.648201710971	0.635536636056	1.27774118898	1.15316271629	1.05359318511	1.13540508458	1.31474814886	1.21939423876	1.34293347028	0.734957839536	1.22707683905	0.949049676172	1.02940761237	0.636719289512	0.555182856452	0.755417133881	1.48045431609	1.38202686322	1.42965158531	1.36165593523	1.26195208797	1.33244343644	1.49833651522	1.45738644273	1.18750143064	1.29931775254	1.31792937651	1.27286829386	1.00653301595	1.39110747221	0.993493426776	1.33979794103	1.03474760271	1.39701908168
AC3	0.847852508458	0.603073189947	2.19320664089	0.897688545191	0.0	0.750695944901	0.845624001933	0.824304562591	0.97174159014	0.63613279362	1.08326721121	0.325109647173	0.781253934268	1.86499080232	0.654774755921	0.758185016916	0.963065016916	0.966843470275	1.46531308845	1.01467541808	1.05451865152	1.00385267762	1.18062246979	1.22490886902	1.32795811503	0.821358931851	1.05892529241	1.007399913	0.871605896568	0.89069739971	1.17339769937	1.02535867569	0.951401150314	0.960344862252	0.802224311261	0.744059729338	0.967980072499	0.724033247946	0.864268042533	0.642491599807	0.689190483325	1.18530941034	1.10942375544	0.628036940551	1.16595232479	1.10865250846	0.865781000483	0.912936853552	0.744849748671	0.841897829869	1.05339484292	0.956033702272	0.71672760754	0.833308820686	0.842503702272	0.791387907202	0.809710531658	0.87253919768	0.801963450942	0.880159623006	0.811830473659	0.931073794103
AC4	0.738310357661	0.539987153214	2.3719279217	1.01461258096	0.750695944901	0.0	1.10684463509	0.374685176414	0.452698559691	0.773200299662	0.387012281295	0.485185360077	0.437973378444	2.0373282262	0.643308052199	0.598805060416	0.524856041566	0.525951440309	1.79529532624	1.24325589657	0.903807781537	0.654942832286	0.582045654906	0.63187897535	1.70959445626	0.734372711455	0.553978927018	0.506480681489	0.627530521991	0.752133905268	0.799628637023	0.630428666022	0.426860758821	0.392956882552	1.00180151281	0.726509661672	0.567851899468	0.602062774287	0.454443900435	0.742666423393	0.477668651522	1.35284081199	1.24946630256	0.581218337361	0.733711227646	0.645952532624	1.05110848719	0.797454499758	0.823785413243	0.841156636056	0.897783827936	0.955212450459	0.613801967134	0.67395878202	0.678454997583	0.682513315611	0.601933233446	0.940816118898	0.652334649589	0.797604567424	0.409489047849	0.807738129531
AD3	0.892173958434	0.847979289512	1.92357000483	0.777059565007	0.845624001933	1.10684463509	0.0	0.984501488642	1.26335131464	0.406137269212	1.37791583374	0.901616191397	1.0495621798	1.59057552924	0.825580468826	0.897549115515	1.2152741131	1.20896047366	1.28633313678	0.798756771387	0.929028704688	0.94499558724	1.28351681489	1.28041052199	1.2040782697	0.853736631223	1.1658318463	1.06568239729	0.894812295795	0.777741198647	1.17115646206	1.09192231996	1.16933494442	1.18221626873	1.15092166264	1.05943741904	1.26159524891	0.719402489125	1.17780905752	0.803072508458	0.921332745288	0.836408279362	0.749444306428	0.728941522475	1.43742435959	1.36221603673	1.30524989367	1.30248999033	1.1333618608	1.19612344611	1.44055277429	1.39786078782	1.10677384244	1.19867826486	1.22078093765	1.16105316578	0.945897104882	1.27733779604	0.926716268729	1.2234180957	1.07614832769	1.30013629773
AD4	0.793305877235	0.488416747221	2.26757350411	0.983578550024	0.824304562591	0.374685176414	0.984501488642	0.0	0.322354881585	0.655188124698	0.545035050749	0.622917090382	0.527154465926	1.93803512325	0.575396515225	0.650722078299	0.556215901402	0.561840367327	1.79410511358	1.22409128081	0.853478313195	0.625802711455	0.545774069599	0.563714079265	1.73302137264	0.751852290962	0.514693779604	0.457151184147	0.537016220396	0.71668099565	0.829526263896	0.663532353794	0.313731406477	0.388175901402	1.08678263896	0.814477960367	0.592075664572	0.517502953117	0.527085403577	0.736906824553	0.502068965684	1.23638820203	1.13280173514	0.543763707105	0.748918985017	0.62700118898	1.16358511841	0.893660004833	0.943357481875	0.974933305945	0.987011739971	1.05751551957	0.73074738521	0.732737955534	0.731618047366	0.775819333011	0.59538161914	1.05652028033	0.672202551957	0.932060173997	0.50571160464	0.903760309328
AE3	0.88523940551	0.673479033349	2.33046152247	1.11772855002	0.97174159014	0.452698559691	1.26335131464	0.322354881585	0.0	0.928432721121	0.385904345094	0.772440294828	0.611425084582	2.01341631706	0.733523044949	0.778619279845	0.514916631223	0.54557138231	1.94549452392	1.38455028033	0.972303199613	0.736858037699	0.432222010633	0.457174905752	1.90198718705	0.912764282262	0.469774741421	0.511184586757	0.673252397293	0.868764702755	0.892421232479	0.737870077332	0.257366394393	0.352241996133	1.20391163364	0.932327409377	0.575460067666	0.717462774287	0.618462991783	0.949795326245	0.664521942968	1.35352132431	1.26004926051	0.717509676172	0.792693934268	0.636135413243	1.27443409377	1.00066916385	1.07670254229	1.08164312228	1.08990756887	1.16473449009	0.836535674239	0.846255224746	0.83819462059	0.888272310295	0.717639565007	1.16691024166	0.793799666506	1.03453379894	0.595692576124	1.01659217496
AE4	0.716220468826	0.564865915901	2.08343040599	0.786642547124	0.63613279362	0.773200299662	0.406137269212	0.655188124698	0.928432721121	0.0	1.06075106332	0.622688540358	0.738872682455	1.74657238279	0.577974683422	0.627897945868	0.89490139681	0.894744470759	1.43984163847	0.904581271145	0.766008119865	0.710944040599	0.958437931368	0.96945142581	1.32149280329	0.600318434026	0.852971319478	0.759952977284	0.626109874335	0.632232271629	0.981924760754	0.848308753021	0.8389060174	0.864583629773	0.942029352344	0.821736940551	0.94815457709	0.463825345578	0.878534601257	0.565817897535	0.636331145481	0.993481092315	0.889979536008	0.481357941034	1.13191166264	1.05779347994	1.07317372644	1.06404043499	0.905683218946	0.979964079265	1.21370059932	1.16435630739	0.866834088932	0.955259845336	0.946131266312	0.913665456742	0.689203634606	1.04673839053	0.669581348478	0.99794222813	0.777186892218	1.06138491542
AF3	0.966323412276	0.812162711455	2.53130952151	1.23460230063	1.08326721121	0.387012281295	1.37791583374	0.545035050749	0.385904345094	1.06075106332	0.0	0.819679468342	0.67589318028	2.20390074915	0.900380671822	0.850930439826	0.489538521025	0.51649900435	2.0421061189	1.49050724021	1.06991434026	0.853930289995	0.391205592073	0.416820362494	1.98376721121	1.00495390527	0.509965688739	0.630691947801	0.815179091348	0.985138927018	0.845895737071	0.719574035766	0.454113939101	0.433360106332	1.20289522475	0.97081040116	0.483744731754	0.858864064766	0.520143006283	1.01851271145	0.730628965684	1.55483447559	1.45242773804	0.847176863219	0.689954963751	0.549061430643	1.22020468342	0.964943939101	1.10883759787	1.0467557709	1.03512333011	1.09389141131	0.808799603673	0.771558467859	0.785096085065	0.804532121798	0.853107564041	1.10141827936	0.901118260029	1.00085043016	0.602479579507	0.955205712905
AF4	0.74185521508	0.443399144514	2.26733270179	0.91810539391	0.325109647173	0.485185360077	0.901616191397	0.622917090382	0.772440294828	0.622688540358	0.819679468342	0.0	0.562389304012	1.93640705172	0.506506549058	0.612801556307	0.797469347511	0.802288719188	1.60822774287	1.06279983567	0.912665640406	0.805814359594	0.974900855486	1.02234161914	1.46508841953	0.674555741904	0.859168182697	0.8101679942	0.741838753021	0.753717438376	1.02210865152	0.889689144514	0.742571996133	0.746357061382	0.805156761721	0.589630952151	0.777308762687	0.6003639971	0.681727133881	0.583299217013	0.535726539391	1.22272432576	1.13601672789	0.502248714355	0.964056665056	0.888304958917	0.86600062349	0.787098612856	0.635247796037	0.72124101015	0.941409507008	0.881082121798	0.584104639923	0.691840826486	0.717926553891	0.656184504592	0.665318110198	0.798113049783	0.673695302078	0.740841778637	0.62862881102	0.80125078782
AG3	0.684666703722	0.427339468342	2.32446366844	0.880487341711	0.781253934268	0.437973378444	1.0495621798	0.527154465926	0.611425084582	0.738872682455	0.67589318028	0.562389304012	0.0	1.97336630256	0.477481759304	0.539572261962	0.534717327211	0.55880037216	1.72955164331	1.17419489125	0.893785384244	0.641533378444	0.685918637023	0.749833359111	1.60831497825	0.695350584824	0.592290507492	0.559113518608	0.638717520541	0.76492239246	0.820138351861	0.666156128565	0.548932841953	0.543932928951	0.991448521025	0.733080352827	0.712041749638	0.616055070082	0.604354688255	0.678928637023	0.431415331078	1.32118953117	1.21653937168	0.573084195263	0.886357259546	0.79128762204	1.00290655389	0.783481198647	0.805693726438	0.814421817303	0.942297022716	0.904429560174	0.579430376994	0.647877322378	0.680868666022	0.641599154181	0.490093368777	0.902161348478	0.51736222813	0.777614243596	0.377183663606	0.812193489609
AG4	1.93304764137	1.90059047849	0.373362257129	1.1269321943	1.86499080232	2.0373282262	1.59057552924	1.93803512325	2.01341631706	1.74657238279	2.20390074915	1.93640705172	1.97336630256	0.0	1.85928918318	1.97241047366	2.15897695988	2.18265141131	0.927389168681	1.15670280812	1.67908039633	1.86732032866	2.0856679942	2.08008842919	1.64506475109	1.87305035283	2.06219551474	1.9472059304	1.58745025133	1.48345874819	2.13673397293	2.09492407443	1.97855344128	2.08401853552	2.19606739971	2.14535263896	2.29230289995	1.66961896568	2.23389569357	1.96214350411	2.04220721121	0.983642290962	1.0649277042	1.72398231029	2.41680049783	2.31855693088	2.3482637216	2.33853204447	2.18237020783	2.27854350894	2.45469930401	2.4051660899	2.20335596423	2.29045218946	2.29451129531	2.27564962301	1.98546581924	2.34168201547	1.98755379894	2.30678248913	2.04943511841	2.37043078299
AH3	0.73082017883	0.305923354277	2.18100677139	0.859157520541	0.654774755921	0.643308052199	0.825580468826	0.575396515225	0.733523044949	0.577974683422	0.900380671822	0.506506549058	0.477481759304	1.85928918318	0.0	0.563503910101	0.72628117448	0.764816950217	1.57160891735	1.03233645723	0.888093494442	0.752063576607	0.885557051716	0.934217090382	1.49756401643	0.723022049299	0.768898753021	0.718260082165	0.66174499275	0.720718815853	0.998476205897	0.851305998067	0.645957211213	0.701988907685	0.981072484292	0.75244557274	0.868260695988	0.535873127115	0.776243310778	0.612083146448	0.526133910101	1.13852077332	1.03450040599	0.486938443693	1.06407562591	0.960023107782	1.02795275979	0.867399149348	0.808248322861	0.858771048816	1.03359286612	0.989446476559	0.72230582407	0.78504857419	0.805916360561	0.783732716288	0.552798666022	0.918307709038	0.560093450942	0.85627777187	0.593661759304	0.894725872402
AH4	0.241853968101	0.319104142098	2.30835012083	0.964823102948	0.758185016916	0.598805060416	0.897549115515	0.650722078299	0.778619279845	0.627897945868	0.850930439826	0.612801556307	0.539572261962	1.97241047366	0.563503910101	0.0	0.675332556791	0.645992701788	1.50701626873	1.05570112131	0.857016785887	0.616986578057	0.757687728371	0.796518496858	1.42651309812	0.544982150797	0.665446926051	0.595306022233	0.668268042533	0.701461710971	0.759636761721	0.617622455292	0.701945664572	0.719396191397	0.983811802803	0.752858414693	0.781898313195	0.638533160947	0.666943073949	0.481488129531	0.408280256162	1.29859786854	1.20231829386	0.597718690188	0.98774420493	0.941867095215	0.922651778637	0.795008308362	0.798088695022	0.731102218463	0.9411819768	0.891318496858	0.535608980184	0.607673035283	0.656071512808	0.589528545191	0.396598429193	0.808039980667	0.397563315611	0.752161643306	0.489211836636	0.80437618173
AA7	0.787105442243	0.644248366361	2.48269736104	1.15472533591	0.963065016916	0.524856041566	1.2152741131	0.556215901402	0.514916631223	0.89490139681	0.489538521025	0.797469347511	0.534717327211	2.15897695988	0.72628117448	0.675332556791	0.0	0.137707240213	1.83415415176	1.28996354761	0.989858815853	0.727045128081	0.4196720203	0.475750792653	1.76123251812	0.806933296278	0.345117104882	0.443144997583	0.728562580957	0.896088264862	0.649722677622	0.439906234896	0.451606254229	0.491655263412	1.18750315128	0.961116452392	0.517197945868	0.78812239246	0.513356442726	0.865241933301	0.643106355727	1.49008117448	1.39064167714	0.810327728371	0.783643199613	0.64869621073	1.11322762204	0.862305485742	1.04542230546	0.990979463509	0.92737821653	0.988191865636	0.714639787337	0.689576959884	0.686186292895	0.722624668922	0.577103600773	0.988935833736	0.616488371194	0.952409492508	0.487477617206	0.853265509908
AA8	0.749738579024	0.645214697922	2.50924434993	1.18618166264	0.966843470275	0.525951440309	1.20896047366	0.561840367327	0.54557138231	0.894744470759	0.51649900435	0.802288719188	0.55880037216	2.18265141131	0.764816950217	0.645992701788	0.137707240213	0.0	1.82382214596	1.29757017883	0.951899502175	0.688800072499	0.45159240696	0.505385640406	1.73843272112	0.7800160029	0.370773537941	0.428839062349	0.733769395843	0.892051938134	0.593871909135	0.368001865636	0.467367201547	0.501765103915	1.16841384244	0.946828719188	0.51055118898	0.800012648623	0.479373214113	0.848030246496	0.630938612856	1.51964047849	1.41759550024	0.804614929918	0.754418492025	0.641618414693	1.09147128565	0.859016495892	1.03201982117	0.957189139681	0.911147506042	0.974158612856	0.674633262446	0.651615558241	0.672498927018	0.680167172547	0.554270231996	0.970246292895	0.592990294828	0.911567733204	0.475066123731	0.847124127598
AB7	1.45126558724	1.54410481875	1.17013377477	1.03541330111	1.46531308845	1.79529532624	1.28633313678	1.79410511358	1.94549452392	1.43984163847	2.0421061189	1.60822774287	1.72955164331	0.927389168681	1.57160891735	1.50701626873	1.83415415176	1.82382214596	0.0	0.605529241179	1.53593463026	1.5883257274	1.90693956984	1.93082810536	1.08087314645	1.45039999517	1.81974217013	1.70014423393	1.38399852102	1.19343747704	1.72074357661	1.67790916385	1.8426258869	1.91630769454	1.85306013533	1.82199485742	1.96599708555	1.49241211696	1.90207164814	1.48866442726	1.64001522958	0.972955693572	1.00308117448	1.49435879652	2.16529355244	2.10562048333	1.92832900435	1.95494274045	1.80938710971	1.85005658289	2.06125366361	2.00576494442	1.76841166747	1.8496557419	1.86274785887	1.83928514258	1.60507356694	1.91701743838	1.59208943451	1.89127087482	1.73716807637	1.96647057516
AB8	1.03619526341	1.01687838086	1.47016951184	0.494125084582	1.01467541808	1.24325589657	0.798756771387	1.22409128081	1.38455028033	0.904581271145	1.49050724021	1.06279983567	1.17419489125	1.15670280812	1.03233645723	1.05570112131	1.28996354761	1.29757017883	0.605529241179	0.0	1.03596237313	1.06702927501	1.34214989367	1.36159443693	1.13328621556	0.95015959884	1.25479166264	1.13600898018	0.801883083615	0.66239159014	1.24546967617	1.1854318608	1.28832545191	1.35958437893	1.38217052682	1.30788082165	1.4393162639	0.934663494442	1.37893407443	1.02754847753	1.14831318028	0.71056922668	0.642084867086	0.946829652006	1.63544331561	1.5557418173	1.53247568391	1.48186469309	1.35054828903	1.40109305462	1.5987557999	1.56219800387	1.32360848719	1.39037996617	1.40095576607	1.38456340261	1.11863223296	1.49205317545	1.11522130498	1.43172483325	1.18566553407	1.49355923635
AC7	0.83892319478	0.82337878202	2.00378769937	0.939347061382	1.05451865152	0.903807781537	0.929028704688	0.853478313195	0.972303199613	0.766008119865	1.06991434026	0.912665640406	0.893785384244	1.67908039633	0.888093494442	0.857016785887	0.989858815853	0.951899502175	1.53593463026	1.03596237313	0.0	0.43509380377	0.951912962784	0.94955322378	1.42930077815	0.702844862252	0.9239960174	0.768981068149	0.607255683905	0.565290164331	0.850416592557	0.794420478492	0.877231527308	0.914705640406	1.24278451909	1.09904898502	1.13352491058	0.75029717738	1.0647057564	0.970770135331	0.925765297245	1.18401609473	1.10549749638	0.736686766554	1.13668407443	1.04730903335	1.46713208313	1.37826811986	1.19801384244	1.2669701885	1.5176820783	1.47753938134	1.08897363461	1.17546521025	1.21820228613	1.141329942	0.903635524408	1.38537728855	0.891293334944	1.27574329145	0.895962957951	1.39105541324
AC8	0.646367254712	0.619302290962	2.19383261962	0.981383861769	1.00385267762	0.654942832286	0.94499558724	0.625802711455	0.736858037699	0.710944040599	0.853930289995	0.805814359594	0.641533378444	1.86732032866	0.752063576607	0.616986578057	0.727045128081	0.688800072499	1.5883257274	1.06702927501	0.43509380377	0.0	0.686203856936	0.715199797003	1.50352508942	0.581273726438	0.566167636539	0.412347090382	0.498421512808	0.578725070082	0.619919076849	0.519279347511	0.636840700822	0.683655065249	1.08338720638	0.842704683422	0.847629192847	0.650959149348	0.757509884002	0.798327457709	0.640501275979	1.23938752054	1.13446922185	0.691398753021	0.923963040116	0.856529478009	1.28188533591	1.07353282745	1.01253895602	1.03416084099	1.20701275012	1.17960716288	0.821112716288	0.870284282262	0.905808927018	0.849957849203	0.580650758821	1.16100499275	0.611154630256	0.995141155147	0.588930507492	1.08100528275
AD7	0.841448888352	0.787308980184	2.40568762204	1.12923278395	1.18062246979	0.582045654906	1.28351681489	0.545774069599	0.432222010633	0.958437931368	0.391205592073	0.974900855486	0.685918637023	2.0856679942	0.885557051716	0.757687728371	0.4196720203	0.45159240696	1.90693956984	1.34214989367	0.951912962784	0.686203856936	0.0	0.121539787337	1.85836307878	0.833509482842	0.321842522958	0.433378303528	0.650368849686	0.818943629773	0.708931971967	0.563302054132	0.433572764621	0.499013692605	1.31146591107	1.07376650072	0.615273832769	0.798575843403	0.643149574674	0.992221928468	0.7785440116	1.43541003383	1.33207834703	0.866193252779	0.808126578057	0.667705775737	1.31817728371	1.06152621556	1.21112955051	1.16104583857	1.12705856936	1.20335031416	0.91615318028	0.860499236346	0.864995123248	0.919636756887	0.721468081199	1.20923320928	0.781810889319	1.1197222668	0.591761478975	1.05692293378
AD8	0.86350878202	0.833311087482	2.40183731754	1.15040348478	1.22490886902	0.63187897535	1.28041052199	0.563714079265	0.457174905752	0.96945142581	0.416820362494	1.02234161914	0.749833359111	2.08008842919	0.934217090382	0.796518496858	0.475750792653	0.505385640406	1.93082810536	1.36159443693	0.94955322378	0.715199797003	0.121539787337	0.0	1.85494911068	0.830483054616	0.378104272595	0.485946471725	0.671773334944	0.840507863702	0.72929118898	0.591965940068	0.477160043499	0.5326739826	1.36355115031	1.12505046399	0.649944775254	0.82868918318	0.685921996133	1.03528515708	0.823795911068	1.43178922185	1.32787122281	0.900912498792	0.835978496858	0.682171488642	1.36558044466	1.09717798937	1.25982655389	1.21035848236	1.16539109715	1.24736869986	0.968374475592	0.90683037216	0.907197017883	0.963061831803	0.782897796037	1.2587239101	0.833497182214	1.16401749154	0.645180251329	1.09221619623
AE7	1.36756270662	1.4790338086	1.90953546641	1.29830866119	1.32795811503	1.70959445626	1.2040782697	1.73302137264	1.90198718705	1.32149280329	1.98376721121	1.46508841953	1.60831497825	1.64506475109	1.49756401643	1.42651309812	1.76123251812	1.73843272112	1.08087314645	1.13328621556	1.42930077815	1.50352508942	1.85836307878	1.85494911068	0.0	1.05135472692	1.78178176414	1.64877150314	1.38295219913	1.30129280812	1.57048031899	1.56943552441	1.80765068149	1.86312091832	1.67765747704	1.69715936201	1.89501189464	1.48898752537	1.8469561624	1.3581699275	1.57758075882	1.45315306428	1.44800561141	1.45550710971	2.02635645239	1.98329672305	1.71254087482	1.81926276945	1.62209297728	1.65630032383	1.95255806187	1.84268314645	1.63216654422	1.71305423393	1.73215330111	1.66079696472	1.56259405993	1.73269955534	1.51742108265	1.72483259546	1.66913554857	1.82921246013
AE8	0.587666297728	0.578822803287	2.19692268246	0.919478032866	0.821358931851	0.734372711455	0.853736631223	0.751852290962	0.912764282262	0.600318434026	1.00495390527	0.674555741904	0.695350584824	1.87305035283	0.723022049299	0.544982150797	0.806933296278	0.7800160029	1.45039999517	0.95015959884	0.702844862252	0.581273726438	0.833509482842	0.830483054616	1.05135472692	0.0	0.783211416143	0.660300449493	0.61842460609	0.585790831319	0.721125302078	0.651322363461	0.817958651522	0.868025679072	1.05762120348	0.886952542291	0.912732315128	0.671376897052	0.878170096665	0.626960140164	0.650373745771	1.24111831803	1.13885269212	0.662586186564	1.0901059884	1.02410054616	1.12265265346	1.04006094732	0.908220202997	0.943823479942	1.18529849203	1.15206151764	0.808235548574	0.880044862252	0.89070098115	0.854305321411	0.671292063799	1.06236299178	0.648534736588	0.96087821653	0.709529202513	1.04461076365
AF7	0.761203020783	0.658508226196	2.38328155147	1.12294058482	1.05892529241	0.553978927018	1.1658318463	0.514693779604	0.469774741421	0.852971319478	0.509965688739	0.859168182697	0.592290507492	2.06219551474	0.768898753021	0.665446926051	0.345117104882	0.370773537941	1.81974217013	1.25479166264	0.9239960174	0.566167636539	0.321842522958	0.378104272595	1.78178176414	0.783211416143	0.0	0.232691672305	0.644600681489	0.798072232963	0.660809980667	0.518954649589	0.417325369744	0.463162750121	1.16624360077	0.927115074915	0.527070188497	0.729747356211	0.562043784437	0.879966365394	0.647135273079	1.41323842436	1.3081959594	0.780447481875	0.801269081682	0.668848482359	1.19509791203	0.943540657322	1.07592481392	1.03687517641	1.0104377477	1.0820219913	0.778821802803	0.770372788787	0.778392261962	0.818514939584	0.5674519768	1.07824798937	0.630176273562	0.984852648623	0.497241904302	0.941473035283
AF8	0.672722010633	0.606519105848	2.2744919768	1.00536583857	1.007399913	0.506480681489	1.06568239729	0.457151184147	0.511184586757	0.759952977284	0.630691947801	0.8101679942	0.559113518608	1.9472059304	0.718260082165	0.595306022233	0.443144997583	0.428839062349	1.70014423393	1.13600898018	0.768981068149	0.412347090382	0.433378303528	0.485946471725	1.64877150314	0.660300449493	0.232691672305	0.0	0.523992721121	0.666471358144	0.638529463509	0.466934306428	0.419279429676	0.485191609473	1.13851335911	0.896347742871	0.622438748188	0.66317141131	0.571791164814	0.819495949734	0.607487805703	1.29985529725	1.19344460609	0.709509478009	0.835091503142	0.733633852102	1.21528140648	0.960683262446	1.04014192847	1.04136035283	1.03288630739	1.10538838569	0.784338144031	0.788833064282	0.801952440793	0.835840376994	0.535768946351	1.10021719671	0.592440144998	0.99618959884	0.489283339778	0.962007269212
AG7	0.732196848719	0.62239757854	1.90266488159	0.648201710971	0.871605896568	0.627530521991	0.894812295795	0.537016220396	0.673252397293	0.626109874335	0.815179091348	0.741838753021	0.638717520541	1.58745025133	0.66174499275	0.668268042533	0.728562580957	0.733769395843	1.38399852102	0.801883083615	0.607255683905	0.498421512808	0.650368849686	0.671773334944	1.38295219913	0.61842460609	0.644600681489	0.523992721121	0.0	0.255032634123	0.793134973417	0.674572634123	0.595703537941	0.730328941518	1.22882645723	0.964933301112	0.886052000967	0.464755364911	0.828047124215	0.816285828903	0.682243929435	1.00184819236	0.902688482359	0.501122624456	1.06429785404	0.969812373127	1.33677725955	1.10315722088	1.12737009667	1.14124631706	1.23878892702	1.21857742388	0.907887781537	0.952828704688	0.951283537941	0.952640463992	0.672142237796	1.22301144514	0.703582281295	1.09123051716	0.671703813436	1.11987017883
AG8	0.696026321895	0.679260256162	1.80647164814	0.635536636056	0.89069739971	0.752133905268	0.777741198647	0.71668099565	0.868764702755	0.632232271629	0.985138927018	0.753717438376	0.76492239246	1.48345874819	0.720718815853	0.701461710971	0.896088264862	0.892051938134	1.19343747704	0.66239159014	0.565290164331	0.578725070082	0.818943629773	0.840507863702	1.30129280812	0.585790831319	0.798072232963	0.666471358144	0.255032634123	0.0	0.875801971967	0.798881768971	0.780305606573	0.852172527791	1.22657369744	1.01668342194	1.03415809087	0.49629699855	0.955367056549	0.816982561624	0.77398101015	0.923493199613	0.836274330594	0.50853378927	1.17134719188	1.08979565974	1.34879898018	1.23018934268	1.14204460609	1.19482796037	1.36908016916	1.33812242146	0.990147762204	1.05603100532	1.06860621556	1.05845459642	0.77899979217	1.26331358144	0.788765674239	1.19488119865	0.787200778154	1.24178545191
AH7	0.751112527791	0.831132387627	2.44354880619	1.27774118898	1.17339769937	0.799628637023	1.17115646206	0.829526263896	0.892421232479	0.981924760754	0.845895737071	1.02210865152	0.820138351861	2.13673397293	0.998476205897	0.759636761721	0.649722677622	0.593871909135	1.72074357661	1.24546967617	0.850416592557	0.619919076849	0.708931971967	0.72929118898	1.57048031899	0.721125302078	0.660809980667	0.638529463509	0.793134973417	0.875801971967	0.0	0.271007694538	0.847504775254	0.883858105365	1.17356719188	0.998927887869	0.784404480425	0.934038110198	0.808198521025	0.952655756404	0.810092136298	1.50857053166	1.41579649589	0.963045389077	0.97472141131	0.930354393427	1.26438948768	1.05227431126	1.1545040841	1.04384433543	1.13758110681	1.16648395843	0.857829434509	0.836365350411	0.833462938618	0.839521295312	0.765281686805	1.15782794587	0.773205142581	1.02391748671	0.718297791203	1.03832003867
AH8	0.65270237796	0.681779289512	2.42334879652	1.15316271629	1.02535867569	0.630428666022	1.09192231996	0.663532353794	0.737870077332	0.848308753021	0.719574035766	0.889689144514	0.666156128565	2.09492407443	0.851305998067	0.617622455292	0.439906234896	0.368001865636	1.67790916385	1.1854318608	0.794420478492	0.519279347511	0.563302054132	0.591965940068	1.56943552441	0.651322363461	0.518954649589	0.466934306428	0.674572634123	0.798881768971	0.271007694538	0.0	0.677100144998	0.69610680522	1.14600339294	0.923401817303	0.678437752537	0.818318980184	0.634436558724	0.827822271629	0.663385959401	1.44511735621	1.34473093765	0.838883107782	0.869699642339	0.783734915418	1.14640178347	0.928990599323	1.03901578057	0.939625282745	0.9870359739	1.046150029	0.72065861769	0.699925524408	0.71530641856	0.718479739004	0.609409893668	1.03020259062	0.621487839536	0.91420459159	0.560334543258	0.917430362494
AA5	0.828055321411	0.584162547124	2.29823205413	1.05359318511	0.951401150314	0.426860758821	1.16933494442	0.313731406477	0.257366394393	0.8389060174	0.454113939101	0.742571996133	0.548932841953	1.97855344128	0.645957211213	0.701945664572	0.451606254229	0.467367201547	1.8426258869	1.28832545191	0.877231527308	0.636840700822	0.433572764621	0.477160043499	1.80765068149	0.817958651522	0.417325369744	0.419279429676	0.595703537941	0.780305606573	0.847504775254	0.677100144998	0.0	0.258869685839	1.16807901402	0.887936336394	0.586084857419	0.60778261479	0.591824311261	0.835035698405	0.602840913485	1.28131484292	1.17825838086	0.61692117448	0.770182049299	0.620418704688	1.26287732721	1.00401337361	1.04523422426	1.06355896085	1.08758080715	1.15636063316	0.808678076365	0.818536022233	0.817909347511	0.862631764137	0.600268569357	1.14556247463	0.671828158531	1.01457864669	0.527725862736	1.010380232
AA6	0.851604224263	0.640850309328	2.4147481102	1.13540508458	0.960344862252	0.392956882552	1.18221626873	0.388175901402	0.352241996133	0.864583629773	0.433360106332	0.746357061382	0.543932928951	2.08401853552	0.701988907685	0.719396191397	0.491655263412	0.501765103915	1.91630769454	1.35958437893	0.914705640406	0.683655065249	0.499013692605	0.5326739826	1.86312091832	0.868025679072	0.463162750121	0.485191609473	0.730328941518	0.852172527791	0.883858105365	0.69610680522	0.258869685839	0.0	1.08242457226	0.805323325278	0.49193517158	0.666243446109	0.496283412276	0.870426592557	0.574735577574	1.39343873852	1.29058152247	0.670842827453	0.57436019333	0.425983499275	1.16556681005	0.914468231029	0.96253840986	0.948611014983	0.991783465442	1.06102354277	0.706073852102	0.734329275012	0.742861140648	0.755725084582	0.637125882069	1.03722208797	0.702603692605	0.901366205897	0.517457965201	0.919725654906
AB5	1.08589552441	0.933346674722	2.51635554374	1.31474814886	0.802224311261	1.00180151281	1.15092166264	1.08678263896	1.20391163364	0.942029352344	1.20289522475	0.805156761721	0.991448521025	2.19606739971	0.981072484292	0.983811802803	1.18750315128	1.16841384244	1.85306013533	1.38217052682	1.24278451909	1.08338720638	1.31146591107	1.36355115031	1.67765747704	1.05762120348	1.16624360077	1.13851335911	1.22882645723	1.22657369744	1.17356719188	1.14600339294	1.16807901402	1.08242457226	0.0	0.382559951667	0.952837849203	1.06048759304	0.923533272112	0.846503644273	0.856327631706	1.5450001595	1.47629517158	0.980814320928	1.00472734654	0.989994422426	0.862345940068	0.950069652006	0.772041918801	0.794499299178	1.0696178782	0.990005263412	0.822285548574	0.900903359111	0.94220038666	0.860312817786	1.01179801353	0.870431077815	0.996060589657	0.836965374577	0.99947442726	0.957223508942
AB6	0.887863122281	0.682167660706	2.47350293862	1.21939423876	0.744059729338	0.726509661672	1.05943741904	0.814477960367	0.932327409377	0.821736940551	0.97081040116	0.589630952151	0.733080352827	2.14535263896	0.75244557274	0.752858414693	0.961116452392	0.946828719188	1.82199485742	1.30788082165	1.09904898502	0.842704683422	1.07376650072	1.12505046399	1.69715936201	0.886952542291	0.927115074915	0.896347742871	0.964933301112	1.01668342194	0.998927887869	0.923401817303	0.887936336394	0.805323325278	0.382559951667	0.0	0.745466858386	0.791629690672	0.722884871919	0.74741681972	0.623147080715	1.44592839536	1.36229028033	0.7348039971	0.758474693088	0.751174287095	0.774581522475	0.698377162881	0.57301141131	0.571971430643	0.834305108748	0.787851130981	0.594554673755	0.693659531174	0.735442397293	0.654249966167	0.750254388594	0.705101952634	0.741228177864	0.58072757854	0.771311275979	0.708263238279
AC5	0.924580526825	0.748597834703	2.61153169164	1.34293347028	0.967980072499	0.567851899468	1.26159524891	0.592075664572	0.575460067666	0.94815457709	0.483744731754	0.777308762687	0.712041749638	2.29230289995	0.868260695988	0.781898313195	0.517197945868	0.51055118898	1.96599708555	1.4393162639	1.13352491058	0.847629192847	0.615273832769	0.649944775254	1.89501189464	0.912732315128	0.527070188497	0.622438748188	0.886052000967	1.03415809087	0.784404480425	0.678437752537	0.586084857419	0.49193517158	0.952837849203	0.745466858386	0.0	0.787914693088	0.384077510875	0.887601957467	0.630724388594	1.61703685839	1.52123185114	0.808842880619	0.509308985017	0.446245456742	0.999925306912	0.756380821653	0.908844262929	0.83254	0.798044958917	0.871345558241	0.616351304978	0.577204088932	0.568040140164	0.585884325761	0.739088806187	0.880998235863	0.788324238763	0.783986452392	0.599900666989	0.7365779942
AC6	0.767716592557	0.503833059449	1.99246347511	0.734957839536	0.724033247946	0.602062774287	0.719402489125	0.517502953117	0.717462774287	0.463825345578	0.858864064766	0.6003639971	0.616055070082	1.66961896568	0.535873127115	0.638533160947	0.78812239246	0.800012648623	1.49241211696	0.934663494442	0.75029717738	0.650959149348	0.798575843403	0.82868918318	1.48898752537	0.671376897052	0.729747356211	0.66317141131	0.464755364911	0.49629699855	0.934038110198	0.818318980184	0.60778261479	0.666243446109	1.06048759304	0.791629690672	0.787914693088	0.0	0.791571082649	0.667159956501	0.590160715321	0.875336964717	0.772997834703	0.27737419043	1.00022386177	0.920065534074	1.16780522958	1.02814087965	0.953339661672	0.991756510391	1.15948432093	1.14359157081	0.796942083132	0.909050894152	0.919316138231	0.8804820058	0.604020086999	1.07394697438	0.633997394877	0.995686317061	0.651656326728	1.03989590623
AD6	0.801517757371	0.640577269212	2.56486338328	1.22707683905	0.864268042533	0.454443900435	1.17780905752	0.527085403577	0.618462991783	0.878534601257	0.520143006283	0.681727133881	0.604354688255	2.23389569357	0.776243310778	0.666943073949	0.513356442726	0.479373214113	1.90207164814	1.37893407443	1.0647057564	0.757509884002	0.643149574674	0.685921996133	1.8469561624	0.878170096665	0.562043784437	0.571791164814	0.828047124215	0.955367056549	0.808198521025	0.634436558724	0.591824311261	0.496283412276	0.923533272112	0.722884871919	0.384077510875	0.791571082649	0.0	0.771573658772	0.458707941034	1.56666856936	1.46173839053	0.794676573224	0.593107172547	0.522565306912	0.858280323828	0.616044934751	0.820135026583	0.710240710488	0.6976340116	0.763002141131	0.480955833736	0.456693421943	0.470078956017	0.482838530691	0.63007699855	0.754070671822	0.674960473659	0.667839381344	0.442367158047	0.611320850652
AE5	0.565043827936	0.505956959884	2.29559446109	0.949049676172	0.642491599807	0.742666423393	0.803072508458	0.736906824553	0.949795326245	0.565817897535	1.01851271145	0.583299217013	0.678928637023	1.96214350411	0.612083146448	0.481488129531	0.865241933301	0.848030246496	1.48866442726	1.02754847753	0.970770135331	0.798327457709	0.992221928468	1.03528515708	1.3581699275	0.626960140164	0.879966365394	0.819495949734	0.816285828903	0.816982561624	0.952655756404	0.827822271629	0.835035698405	0.870426592557	0.846503644273	0.74741681972	0.887601957467	0.667159956501	0.771573658772	0.0	0.37378319478	1.22808749638	1.14539243596	0.610715258579	1.1072697825	1.05990848719	0.875333876269	0.846004973417	0.799504963751	0.73576338811	0.983786123731	0.928102373127	0.582128322861	0.693039502175	0.721886292895	0.650626292895	0.546462324795	0.829414702755	0.516559681005	0.772889637506	0.661116089898	0.857307288545
AE6	0.561482672789	0.367837477042	2.37344934268	1.02940761237	0.689190483325	0.477668651522	0.921332745288	0.502068965684	0.664521942968	0.636331145481	0.730628965684	0.535726539391	0.431415331078	2.04220721121	0.526133910101	0.408280256162	0.643106355727	0.630938612856	1.64001522958	1.14831318028	0.925765297245	0.640501275979	0.7785440116	0.823795911068	1.57758075882	0.650373745771	0.647135273079	0.607487805703	0.682243929435	0.77398101015	0.810092136298	0.663385959401	0.602840913485	0.574735577574	0.856327631706	0.623147080715	0.630724388594	0.590160715321	0.458707941034	0.37378319478	0.0	1.32660957951	1.22749548574	0.542740125665	0.83151157564	0.765811662639	0.888805944901	0.709654809087	0.714665413243	0.674939893668	0.854639052682	0.822261662639	0.439663523441	0.519281739971	0.551252281295	0.506212435959	0.409551464476	0.778033634606	0.423179173514	0.64924540841	0.40401120348	0.726559473175
AF5	1.28903279362	1.19377507975	1.29562597873	0.636719289512	1.18530941034	1.35284081199	0.836408279362	1.23638820203	1.35352132431	0.993481092315	1.55483447559	1.22272432576	1.32118953117	0.983642290962	1.13852077332	1.29859786854	1.49008117448	1.51964047849	0.972955693572	0.71056922668	1.18401609473	1.23938752054	1.43541003383	1.43178922185	1.45315306428	1.24111831803	1.41323842436	1.29985529725	1.00184819236	0.923493199613	1.50857053166	1.44511735621	1.28131484292	1.39343873852	1.5450001595	1.44592839536	1.61703685839	0.875336964717	1.56666856936	1.22808749638	1.32660957951	0.0	0.166618028033	0.951499178347	1.7615640551	1.6566981972	1.74118108265	1.68492607057	1.57313142581	1.63826159497	1.81440733688	1.79270536491	1.51887660222	1.62850205897	1.6386197825	1.60661343161	1.28209012083	1.72000338811	1.29059521991	1.64872998067	1.38346524891	1.70484061382
AF6	1.20470628806	1.09625514741	1.38116730304	0.555182856452	1.10942375544	1.24946630256	0.749444306428	1.13280173514	1.26004926051	0.889979536008	1.45242773804	1.13601672789	1.21653937168	1.0649277042	1.03450040599	1.20231829386	1.39064167714	1.41759550024	1.00308117448	0.642084867086	1.10549749638	1.13446922185	1.33207834703	1.32787122281	1.44800561141	1.13885269212	1.3081959594	1.19344460609	0.902688482359	0.836274330594	1.41579649589	1.34473093765	1.17825838086	1.29058152247	1.47629517158	1.36229028033	1.52123185114	0.772997834703	1.46173839053	1.14539243596	1.22749548574	0.166618028033	0.0	0.853628757854	1.6573738376	1.55343602223	1.65557611406	1.57940056066	1.47786521991	1.54208965684	1.71291571774	1.69707565974	1.41827988884	1.52324132431	1.53187492992	1.50209966651	1.17796360561	1.62581400193	1.18599457226	1.54611434993	1.28153555341	1.60341845819
AG5	0.741686133398	0.440607559207	2.05237185597	0.755417133881	0.628036940551	0.581218337361	0.728941522475	0.543763707105	0.717509676172	0.481357941034	0.847176863219	0.502248714355	0.573084195263	1.72398231029	0.486938443693	0.597718690188	0.810327728371	0.804614929918	1.49435879652	0.946829652006	0.736686766554	0.691398753021	0.866193252779	0.900912498792	1.45550710971	0.662586186564	0.780447481875	0.709509478009	0.501122624456	0.50853378927	0.963045389077	0.838883107782	0.61692117448	0.670842827453	0.980814320928	0.7348039971	0.808842880619	0.27737419043	0.794676573224	0.610715258579	0.542740125665	0.951499178347	0.853628757854	0.0	0.983361793137	0.911386220396	1.09566083132	0.992443586274	0.872202000967	0.915686544224	1.13762516191	1.09267857902	0.729424258096	0.85123579507	0.872072300628	0.797231875302	0.625266602223	0.998807854036	0.626886520058	0.913325244079	0.629136771387	1.01055595457
