	AA3	AA4	AB3	AB4	AC3	AC4	AD3	AD4	AE3	AE4	AF3	AF4	AG3	AG4	AH3	AH4	AA7	AA8	AB7	AB8	AC7	AC8	AD7	AD8	AE7	AE8	AF7	AF8	AG7	AG8	AH7	AH8	AA5	AA6	AB5	AB6	AC5	AC6	AD6	AE5	AE6	AF5	AF6	AG5	AH5	AH6	AA1	AA2	AB1	AB2	AC1	AC2	AD1	AD2	AE1	AE2	AF1	AF2	AG1	AG2	AH1	AH2
AA3	0.0	0.519830459159	2.25647897535	0.981770695988	0.820419782504	0.707488211696	0.886116075399	0.797499047849	0.887789903335	0.650272397293	1.01452817786	0.72600482842	0.70200338811	1.88826501692	0.736128685355	0.269841527308	0.825573330111	0.777216491058	1.41868078299	1.00844615273	0.813395514741	0.665955447076	0.933763088449	0.87615160464	1.34209167231	0.602352431126	0.806215969067	0.659608535524	0.681703112615	0.670298579024	0.766673267279	0.668067167714	0.883586974384	0.858015335911	1.07450876269	0.889720154664	0.971633479942	0.761158559691	0.791336515225	0.56442879652	0.615629424843	1.2536179362	1.17811923151	0.707411831803	1.16079585307	1.07795612373	0.982524538424	0.899448095698	0.902457230546	0.85359340261	1.0878638811	0.978934456259	0.637416031899	0.696670671822	0.785081899468	0.667822716288	0.51126558724	0.877765838569	0.524377660706	0.912075490575	0.665452058966	0.945828434026
AA4	0.519830459159	0.0	2.26995767037	0.959210695988	0.606605292412	0.485376698888	0.890311445143	0.488724161431	0.638032000967	0.594430657322	0.818108400193	0.463697839536	0.431875210246	1.90340312228	0.300356785887	0.311003914935	0.656110256162	0.650661768971	1.55237083615	1.04778261479	0.879051222813	0.613215688739	0.86792161914	0.825884132431	1.5013078927	0.608247897535	0.669198907685	0.631236172064	0.627356848719	0.714544891252	0.846944557757	0.68224582407	0.631273702272	0.610920265829	0.940225862736	0.664433832769	0.766976979217	0.520859864669	0.593874098598	0.527652218463	0.348845596907	1.20669907685	1.09753689222	0.466261130981	0.953462203963	0.851672769454	0.947118245529	0.743737916868	0.731568521025	0.732716292895	0.945188559691	0.858735065249	0.562894688255	0.588493852102	0.655997926535	0.588751561141	0.443414519091	0.796333359111	0.417158037699	0.772309700338	0.448193412276	0.741303755437
AB3	2.25647897535	2.26995767037	0.0	1.42503949251	2.19000716771	2.40530820203	1.94826829386	2.30936921701	2.36106652006	2.11519654422	2.55751694538	2.28358582407	2.3353060464	0.420002397293	2.2025081247	2.3139477912	2.48798820686	2.49812278395	1.19643551474	1.50102863702	1.99155920735	2.18492146931	2.43689414693	2.42907159497	1.91731197197	2.17290388594	2.40835487675	2.2894378057	1.9030382117	1.80924215563	2.460129855	2.42819361527	2.31096892702	2.40336328178	2.55470526341	2.49862789754	2.65629672789	1.99695678105	2.556390087	2.32445742871	2.38408285162	1.32977128565	1.41737330594	2.11137862736	2.76940861286	2.66636635089	2.68884989367	2.67562953601	2.52893882552	2.6185638811	2.82087800387	2.74607223296	2.57605500725	2.60661325278	2.6411242001	2.5968078492	2.33906115031	2.68409273079	2.3016438666	2.67337823586	2.44252081682	2.66804677139
AB4	0.981770695988	0.959210695988	1.42503949251	0.0	0.933832286129	1.07239391977	0.809464432093	1.0592561624	1.17067143548	0.841411754471	1.32986920735	0.987071986467	0.94549239246	1.04378791203	0.912011106815	0.998350560657	1.21676899468	1.21734390043	0.961710492992	0.459655070082	0.958738168197	0.955607728371	1.24605647173	1.20648058966	1.26319662639	0.929371440309	1.20186202513	1.0584601015	0.66341658289	0.626496834219	1.30544308362	1.18249319478	1.16522924118	1.18442724021	1.39055500242	1.27428646206	1.43369050749	0.788158003867	1.27075338811	1.03693598357	1.07481976317	0.587661478975	0.500074751087	0.86083298695	1.56498150314	1.44653481392	1.48315302078	1.39600145964	1.29664079265	1.36717862736	1.57552293862	1.50274695988	1.28354895118	1.33056099082	1.38992727888	1.31249198163	1.06124154181	1.42517613823	1.02416941034	1.41244308362	1.15823362977	1.39362636056
AC3	0.820419782504	0.606605292412	2.19000716771	0.933832286129	0.0	0.713342174964	0.837293682939	0.832914393427	0.949093678105	0.629580173997	1.04543612856	0.273111406477	0.784879971	1.82743076365	0.614815485742	0.725879560174	0.971344316095	0.955737887869	1.43345726921	0.995358018366	1.0120242871	0.927425621073	1.24278871919	1.19494767521	1.31068244563	0.792405872402	1.04362796037	1.01319442726	0.837480845819	0.870175877235	1.1444420783	0.975183808603	0.964676732721	0.907610517158	0.80740301595	0.714278467859	0.983383972934	0.690032590623	0.847921459642	0.648342315128	0.649918593523	1.14449071049	1.05378917351	0.550091546641	1.17508150314	1.09316981634	0.887891841469	0.899284349928	0.691197293378	0.802498695022	1.10879520541	0.975512121798	0.736767510875	0.80932537941	0.875253020783	0.754337781537	0.823742092798	0.870198274529	0.787753673272	0.897556694055	0.798055340744	0.888997187047
AC4	0.707488211696	0.485376698888	2.40530820203	1.07239391977	0.713342174964	0.0	1.08622755437	0.37841219913	0.439487143548	0.773188090865	0.434264122765	0.518595901402	0.42496038666	2.03885630256	0.628165316578	0.564854997583	0.53019057999	0.520045176414	1.77873007733	1.24619813436	0.888985050749	0.573073653939	0.691954432093	0.644124359594	1.68978260996	0.733370328661	0.526865292412	0.517466684389	0.657997356211	0.757428211696	0.77181521508	0.588017061382	0.477816413726	0.392181488642	0.995147404543	0.719073276945	0.59223242146	0.642396650556	0.426057747704	0.724534794587	0.430730811986	1.3550141131	1.23724475592	0.56812419043	0.753831275979	0.628432832286	1.06266056066	0.809840096665	0.817147443209	0.819410072499	0.929020202997	0.915613861769	0.549424533591	0.61905520058	0.646357457709	0.630210947318	0.57647439826	0.910249362011	0.604213731271	0.796602339294	0.3881539971	0.789690323828
AD3	0.886116075399	0.890311445143	1.94826829386	0.809464432093	0.837293682939	1.08622755437	0.0	1.03736580474	1.25197818753	0.39387417593	1.38128036733	0.903870115998	1.05981687289	1.57931667472	0.853059463509	0.898683721605	1.23387322378	1.20680094732	1.32663805703	0.842911759304	0.860007597873	0.926419149348	1.32469993717	1.26590534074	1.23422154181	0.852977051716	1.21288566457	1.06116527791	0.859383566941	0.765463634606	1.17819382794	1.09536633639	1.2161937506	1.15896432576	1.16252144514	1.05746948284	1.29557560657	0.702295775737	1.20375842919	0.808424465926	0.934279313678	0.884512126631	0.818436466892	0.744733252779	1.44891513775	1.37657846303	1.36237860319	1.32642350411	1.1102657564	1.22178913968	1.5198482697	1.42309294828	1.16212635573	1.21468320928	1.27731524891	1.16729835669	0.975716123731	1.30728754954	0.966191329145	1.27697795553	1.14839576124	1.30648540841
AD4	0.797499047849	0.488724161431	2.30936921701	1.0592561624	0.832914393427	0.37841219913	1.03736580474	0.0	0.256817448043	0.728655418076	0.517274117931	0.653849830836	0.518575389077	1.94607073465	0.604269927501	0.631621541808	0.494206578057	0.504958371194	1.8139020348	1.26859046883	0.88532142581	0.563829516675	0.558389647173	0.520204639923	1.75466531658	0.776390299662	0.430499115515	0.435521445143	0.589321097148	0.736621541808	0.795540057999	0.636807655872	0.297360038666	0.343092450459	1.11733617206	0.835427747704	0.578525094248	0.574923281779	0.476261788304	0.773494736588	0.502407892702	1.24949602707	1.14126918318	0.562663455776	0.748044267762	0.632063252779	1.16276417593	0.896387046883	0.94787742871	0.955520019333	0.978381556307	1.02658785887	0.675524881585	0.691810599323	0.707149850169	0.740231788304	0.600320439826	1.0265658724	0.614542605123	0.920425036249	0.482364639923	0.885079410343
AE3	0.887789903335	0.638032000967	2.36106652006	1.17067143548	0.949093678105	0.439487143548	1.25197818753	0.256817448043	0.0	0.934725741904	0.400761097148	0.76630956984	0.591896713388	2.00692287579	0.707796085065	0.740743552441	0.467621145481	0.516612957951	1.92850507975	1.39677455776	0.978733856936	0.683982402127	0.473394461092	0.455988690188	1.88792542291	0.910025099082	0.385750144998	0.491692223296	0.706239560174	0.850935026583	0.875475253746	0.711747617206	0.233394625423	0.317740811986	1.20080200097	0.930078419526	0.568068709522	0.736815355244	0.530205645239	0.94481522958	0.624356689222	1.33361511841	1.22726953117	0.71454062349	0.770823156114	0.603669120348	1.24816579024	0.975579623006	1.05056287095	1.04166473659	1.04913787337	1.109119739	0.755841285645	0.778229768004	0.786166244563	0.829610763654	0.709625563074	1.11442935234	0.733563523441	1.00238034799	0.552210942484	0.967122667956
AE4	0.650272397293	0.594430657322	2.11519654422	0.841411754471	0.629580173997	0.773188090865	0.39387417593	0.728655418076	0.934725741904	0.0	1.07035298695	0.626959942001	0.775871725471	1.74614677139	0.595353243113	0.611694668922	0.91613699855	0.88526958434	1.43549553891	0.924928110198	0.745081996133	0.654259830836	1.02354695022	0.96973717738	1.30937885935	0.591676766554	0.914348637023	0.764644258096	0.625765340744	0.634148463026	0.93023277912	0.786974876752	0.905807472209	0.859126408893	0.979079265346	0.834857075882	0.986880106332	0.507912774287	0.873629395843	0.55168640406	0.615987216046	0.99515017883	0.884266331561	0.49573118898	1.16589713388	1.08954740938	1.09940457226	1.06435602707	0.889485471242	0.973540212663	1.26074845819	1.15883563074	0.876594760754	0.918326056066	0.961508139198	0.881027187047	0.673633441276	1.04373943451	0.666332890285	1.02399120348	0.82901659739	1.04618956017
AF3	1.01452817786	0.818108400193	2.55751694538	1.32986920735	1.04543612856	0.434264122765	1.38128036733	0.517274117931	0.400761097148	1.07035298695	0.0	0.848579086515	0.721142208797	2.19762738521	0.946079415176	0.885698936684	0.481917796037	0.514591967134	2.04160059932	1.51173360561	1.08212049299	0.82471560174	0.442663832769	0.415313064282	1.99881163364	1.02167497342	0.492347839536	0.663159787337	0.865407849203	0.98783098115	0.856739956501	0.743906384727	0.461487660706	0.473236853552	1.19210277912	0.956427336878	0.484891391977	0.899034538424	0.499150744321	1.02997528275	0.737868458192	1.53858882069	1.42598936201	0.863959110681	0.69568702755	0.536276703722	1.23213933784	0.967344867086	1.09926900435	1.04050859836	1.02398720638	1.05529882552	0.75872540841	0.76345861769	0.771949758337	0.778309521508	0.883521208313	1.07096957951	0.924784311261	0.973583175447	0.613671894635	0.948465959401
AF4	0.72600482842	0.463697839536	2.28358582407	0.987071986467	0.273111406477	0.518595901402	0.903870115998	0.653849830836	0.76630956984	0.626959942001	0.848579086515	0.0	0.612589637506	1.91921733688	0.510684688255	0.595239163847	0.806204934751	0.808358922185	1.58304156114	1.0708677912	0.93394720638	0.776435751571	1.06963845336	1.01771949734	1.43983032383	0.66203738521	0.878395857902	0.854671527308	0.753131014983	0.78746280812	1.01473869502	0.860458762687	0.796427375544	0.739808680522	0.803386350894	0.581033721605	0.804046128565	0.609311536974	0.69711778637	0.595702450459	0.520730019333	1.20211870469	1.09908709522	0.4692419768	1.00149194297	0.905863861769	0.849751938134	0.762253958434	0.614526631223	0.687482474625	0.965690478492	0.871170053166	0.605611744804	0.663464151764	0.73955781537	0.638412841953	0.691715161914	0.77355022233	0.655328637023	0.764025548574	0.652730942484	0.750017718705
AG3	0.70200338811	0.431875210246	2.3353060464	0.94549239246	0.784879971	0.42496038666	1.05981687289	0.518575389077	0.591896713388	0.775871725471	0.721142208797	0.612589637506	0.0	1.95230862736	0.521310507492	0.540912580957	0.532135016916	0.553235480909	1.72827774287	1.1890640406	0.914432870952	0.607254997583	0.758505316578	0.714395224746	1.60188715321	0.705579221846	0.580425640406	0.594183890768	0.644915500242	0.769707312711	0.828080492992	0.647848139198	0.595486379894	0.542871474142	1.03805384244	0.786242334461	0.766828922185	0.632653837603	0.588272431126	0.714998883519	0.472291817303	1.29387211213	1.17958576124	0.579011817303	0.919078912518	0.786116273562	1.03608517158	0.787235698405	0.846053852102	0.833477941034	0.99151980667	0.908656326728	0.589523199613	0.627676843886	0.721491686805	0.631515983567	0.499829246013	0.904824963751	0.516488250362	0.812545683905	0.406183702272	0.782471957467
AG4	1.88826501692	1.90340312228	0.420002397293	1.04378791203	1.82743076365	2.03885630256	1.57931667472	1.94607073465	2.00692287579	1.74614677139	2.19762738521	1.91921733688	1.95230862736	0.0	1.84566925568	1.94200229096	2.13425515708	2.14076542291	0.915527501208	1.14634759304	1.6303740551	1.81882755921	2.07882811503	2.06889646689	1.63499927985	1.81649279845	2.04599045916	1.92323475109	1.54528349928	1.44051843403	2.11788287579	2.06700635573	1.95597260996	2.03817837119	2.19451693088	2.13294858386	2.29416565974	1.62901749638	2.19141066699	1.95630765587	2.01608382794	0.980509178347	1.07225657322	1.74594605123	2.40722004833	2.30187101982	2.3243178202	2.31035433059	2.15842135814	2.24642152247	2.45786768004	2.38002537941	2.20939610923	2.24356446593	2.28004536974	2.23010570324	1.97411089415	2.31911588207	1.93829346544	2.30406413243	2.07882918801	2.30212108748
AH3	0.736128685355	0.300356785887	2.2025081247	0.912011106815	0.614815485742	0.628165316578	0.853059463509	0.604269927501	0.707796085065	0.595353243113	0.946079415176	0.510684688255	0.521310507492	1.84566925568	0.0	0.534998999517	0.755934871919	0.756449400677	1.56480498308	1.04248593523	0.899499250846	0.733837481875	0.971481768971	0.928107713871	1.48873782504	0.705104925085	0.777352145964	0.739747747704	0.676860256162	0.741824712421	0.997514441759	0.831625490575	0.707390430159	0.690500686322	0.990457061382	0.737219676172	0.883364098598	0.525439357177	0.735453407443	0.627919192847	0.493287525375	1.13216847753	1.00901232479	0.482899096182	1.08359138231	0.970883030449	1.01923279845	0.84563681972	0.791002116965	0.818259874335	1.0409117158	0.970455640406	0.724567926535	0.74001520058	0.806196829386	0.742887322378	0.578648153697	0.884806433059	0.536691952634	0.861387887869	0.618139864669	0.835581633639
AH4	0.269841527308	0.311003914935	2.3139477912	0.998350560657	0.725879560174	0.564854997583	0.898683721605	0.631621541808	0.740743552441	0.611694668922	0.885698936684	0.595239163847	0.540912580957	1.94200229096	0.534998999517	0.0	0.669963673272	0.624696036733	1.50029710005	1.05991637989	0.850083847269	0.597821710971	0.835542547124	0.780875442243	1.42954335911	0.590433011116	0.675921681972	0.603906756887	0.653073252779	0.709692527791	0.757611440309	0.579591469309	0.736583088449	0.689168753021	0.995591672305	0.734889482842	0.828750589657	0.630790130498	0.660629178347	0.505787037216	0.454328351861	1.26653570324	1.16489469792	0.571875108748	1.00802878685	0.91658539391	0.949845534074	0.797154359594	0.790074407927	0.728307525375	0.996388559691	0.892138487192	0.545390280329	0.598096868052	0.695285911068	0.57614340261	0.369656955051	0.805900115998	0.378856307395	0.784114649589	0.520157791203	0.803818893185
AA7	0.825573330111	0.656110256162	2.48798820686	1.21676899468	0.971344316095	0.53019057999	1.23387322378	0.494206578057	0.467621145481	0.91613699855	0.481917796037	0.806204934751	0.532135016916	2.13425515708	0.755934871919	0.669963673272	0.0	0.137845741904	1.8495337941	1.32842213146	1.0100540261	0.655514461092	0.461204635089	0.418776563557	1.78498623973	0.834227646206	0.311152663122	0.462198086032	0.746390043499	0.892077747704	0.655725495408	0.47114618173	0.449696408893	0.488338419526	1.21026966167	0.974216491058	0.548061019816	0.817061227646	0.502744557757	0.910510314161	0.676178946351	1.46354483809	1.35837949251	0.825452315128	0.801202358627	0.638081150314	1.15367167231	0.886390135331	1.07362669406	1.00920972934	0.955700797487	0.990787863702	0.692793885935	0.680710159497	0.702048927018	0.711964514258	0.583941681972	0.99415662639	0.623691309811	0.967046481392	0.468179830836	0.885166742388
AA8	0.777216491058	0.650661768971	2.49812278395	1.21734390043	0.955737887869	0.520045176414	1.20680094732	0.504958371194	0.516612957951	0.88526958434	0.514591967134	0.808358922185	0.553235480909	2.14076542291	0.756449400677	0.624696036733	0.137845741904	0.0	1.8098137941	1.29158227646	0.966244407927	0.614369550507	0.484759154181	0.433205224746	1.73243373127	0.787664021266	0.35929261479	0.43408157564	0.72779258579	0.870188052199	0.591200246496	0.388560942484	0.48988457709	0.500803649106	1.19089296762	0.958915514741	0.543998042533	0.828025722571	0.49514762204	0.872079545674	0.668881768971	1.47177682455	1.36361891252	0.814958318028	0.782053736104	0.644147336878	1.15018287579	0.880482489125	1.05597497825	0.988492078299	0.952422431126	0.983995258579	0.670875693572	0.664272576124	0.693382440793	0.686675785404	0.565836752054	0.990264862252	0.611690932818	0.938123330111	0.460009961334	0.884166607057
AB7	1.41868078299	1.55237083615	1.19643551474	0.961710492992	1.43345726921	1.77873007733	1.32663805703	1.8139020348	1.92850507975	1.43549553891	2.04160059932	1.58304156114	1.72827774287	0.915527501208	1.56480498308	1.50029710005	1.8495337941	1.8098137941	0.0	0.59830839536	1.50211094248	1.56228861286	1.95619425326	1.91159425326	1.08060253746	1.4309478202	1.84535518608	1.69019420976	1.34266266796	1.20690966651	1.72270091348	1.671690087	1.88250924601	1.8899042291	1.83467373127	1.80077927501	1.98136359111	1.46274560657	1.88061332528	1.49714567424	1.6376360464	0.987964567424	1.02349172064	1.5025479072	2.17721558241	2.09769112615	1.92640488642	1.93158727405	1.79006413243	1.8279737796	2.10312941034	1.99985997583	1.794950029	1.83587570807	1.88537639923	1.80645863702	1.60715689705	1.89773759304	1.5886659739	1.90751209763	1.75900955534	1.93949091832
AB8	1.00844615273	1.04778261479	1.50102863702	0.459655070082	0.995358018366	1.24619813436	0.842911759304	1.26859046883	1.39677455776	0.924928110198	1.51173360561	1.0708677912	1.1890640406	1.14634759304	1.04248593523	1.05991637989	1.32842213146	1.29158227646	0.59830839536	0.0	1.00832743838	1.02812264379	1.4212759594	1.36807974867	1.11453526341	0.928075828903	1.30940441276	1.15061809087	0.78007262929	0.675366703722	1.25764534558	1.19775161914	1.35063076849	1.3536520348	1.38612544224	1.31146450942	1.46982552924	0.931358806187	1.38350367327	1.0480997245	1.14198993233	0.714739110681	0.670509444176	0.980425920735	1.67317497825	1.5653677477	1.54954809087	1.48519432576	1.35461130014	1.39998744321	1.65864868052	1.58027040116	1.37264359594	1.3807398695	1.43968220396	1.37878309812	1.14925735621	1.49530868536	1.126330058	1.45948777187	1.24728836153	1.48911356211
AC7	0.813395514741	0.879051222813	1.99155920735	0.958738168197	1.0120242871	0.888985050749	0.860007597873	0.88532142581	0.978733856936	0.745081996133	1.08212049299	0.93394720638	0.914432870952	1.6303740551	0.899499250846	0.850083847269	1.0100540261	0.966244407927	1.50211094248	1.00832743838	0.0	0.464130807153	0.993217781537	0.941285118415	1.40606442243	0.687359081682	0.953595630739	0.77886102465	0.555081855969	0.542703769937	0.871068859352	0.791524741421	0.914664809087	0.919023233446	1.27640874335	1.1208520928	1.16996993233	0.7551780087	1.06154012083	0.955290343161	0.931138704688	1.15737399227	1.09659838086	0.743841894635	1.13416895118	1.05657368777	1.48982529241	1.38753845819	1.21180284679	1.27394683905	1.56007097632	1.48035841953	1.10923079265	1.15326921218	1.23896448043	1.15630888352	0.916649241179	1.39431582407	0.898382919285	1.3084377042	0.952076834219	1.37437731754
AC8	0.665955447076	0.613215688739	2.18492146931	0.955607728371	0.927425621073	0.573073653939	0.926419149348	0.563829516675	0.683982402127	0.654259830836	0.82471560174	0.776435751571	0.607254997583	1.81882755921	0.733837481875	0.597821710971	0.655514461092	0.614369550507	1.56228861286	1.02812264379	0.464130807153	0.0	0.697231952634	0.64895956984	1.47021934751	0.556313436443	0.557096056066	0.38600921218	0.434644668922	0.549296607057	0.615293334944	0.460544509425	0.627776263896	0.62265857419	1.12300439343	0.857188738521	0.83221417593	0.632141652972	0.731495838569	0.7624360174	0.628471657806	1.18591006767	1.08041183664	0.638469734171	0.91387457709	0.821691309811	1.28513486225	1.03618652972	1.01053807153	1.02221174964	1.20022192847	1.13451245529	0.77080640406	0.797371493475	0.880591614306	0.823320676655	0.562739681005	1.13178234896	0.595507868536	0.980216051232	0.60209381827	1.02390413243
AD7	0.933763088449	0.86792161914	2.43689414693	1.24605647173	1.24278871919	0.691954432093	1.32469993717	0.558389647173	0.473394461092	1.02354695022	0.442663832769	1.06963845336	0.758505316578	2.07882811503	0.971481768971	0.835542547124	0.461204635089	0.484759154181	1.95619425326	1.4212759594	0.993217781537	0.697231952634	0.0	0.144442474625	1.91855766071	0.902245882069	0.390093885935	0.495234746254	0.756506955051	0.876999811503	0.738574064766	0.6275180087	0.477112576124	0.553511889802	1.38107615273	1.14305618656	0.664183073949	0.87464338811	0.670039758337	1.07944724505	0.869717249879	1.4199902755	1.31958374094	0.930012522958	0.841209497342	0.691936708555	1.38766997583	1.12296013533	1.2833837796	1.23855525375	1.16457858869	1.23016381827	0.916540463992	0.899734649589	0.902835002417	0.949425350411	0.764180710488	1.25170056549	0.802117626873	1.16419377477	0.664811329145	1.11003561141
AD8	0.87615160464	0.825884132431	2.42907159497	1.20648058966	1.19494767521	0.644124359594	1.26590534074	0.520204639923	0.455988690188	0.96973717738	0.415313064282	1.01771949734	0.714395224746	2.06889646689	0.928107713871	0.780875442243	0.418776563557	0.433205224746	1.91159425326	1.36807974867	0.941285118415	0.64895956984	0.144442474625	0.0	1.8384361044	0.823999927501	0.350040362494	0.443861319478	0.7042639971	0.825471333978	0.706934673755	0.576058907685	0.458709685839	0.519036471725	1.36260861286	1.11374641373	0.658414277429	0.849880236829	0.632553504108	1.0294421508	0.818614910585	1.41209813436	1.30647221846	0.898057346544	0.821354330594	0.66190861769	1.3672417303	1.10728557757	1.24113358144	1.19899773804	1.161040058	1.21831863702	0.89036956984	0.873763030449	0.889331135814	0.923193943934	0.730352358627	1.22307333494	0.77631138231	1.13771875302	0.626595959401	1.09194820686
AE7	1.34209167231	1.5013078927	1.91731197197	1.26319662639	1.31068244563	1.68978260996	1.23422154181	1.75466531658	1.88792542291	1.30937885935	1.99881163364	1.43983032383	1.60188715321	1.63499927985	1.48873782504	1.42954335911	1.78498623973	1.73243373127	1.08060253746	1.11453526341	1.40606442243	1.47021934751	1.91855766071	1.8384361044	0.0	1.03822235379	1.8222078637	1.64996645239	1.33601450459	1.31229416626	1.5698582697	1.54770277429	1.85247983567	1.8345482262	1.67458806187	1.68949593523	1.91990785887	1.46791663122	1.8367982987	1.36430571774	1.59276154181	1.46609963267	1.45402697922	1.43462017883	2.03636005317	1.97871220396	1.71969835669	1.79579431609	1.60427457709	1.64117845336	1.99670183664	1.8499262059	1.67598231029	1.69901078299	1.76930982117	1.65916333978	1.55375345094	1.73765709522	1.53222433543	1.74272627356	1.69575851136	1.80838863219
AE8	0.602352431126	0.608247897535	2.17290388594	0.929371440309	0.792405872402	0.733370328661	0.852977051716	0.776390299662	0.910025099082	0.591676766554	1.02167497342	0.66203738521	0.705579221846	1.81649279845	0.705104925085	0.590433011116	0.834227646206	0.787664021266	1.4309478202	0.928075828903	0.687359081682	0.556313436443	0.902245882069	0.823999927501	1.03822235379	0.0	0.843999835669	0.702404088932	0.591576752054	0.603746041566	0.749287361044	0.659145563074	0.875644780087	0.854511150314	1.0899879797	0.903182290962	0.96639580957	0.649877757371	0.901978226196	0.645676104398	0.671591309811	1.19165298695	1.08779327695	0.634350913485	1.11677841469	1.04365533108	1.16847338328	1.06615180764	0.92056239246	0.964708598357	1.25546518608	1.18593315128	0.876810792653	0.893514142098	0.951218641856	0.891702706622	0.701572624456	1.09360141131	0.698403035283	1.00520162881	0.769134678589	1.06177407927
AF7	0.806215969067	0.669198907685	2.40835487675	1.20186202513	1.04362796037	0.526865292412	1.21288566457	0.430499115515	0.385750144998	0.914348637023	0.492347839536	0.878395857902	0.580425640406	2.04599045916	0.777352145964	0.675921681972	0.311152663122	0.35929261479	1.84535518608	1.30940441276	0.953595630739	0.557096056066	0.390093885935	0.350040362494	1.8222078637	0.843999835669	0.0	0.27399820203	0.685676462059	0.806912856452	0.696193141614	0.555702875785	0.388577752537	0.450555993233	1.18355462059	0.930439768004	0.54648181247	0.747340299662	0.530216176897	0.915626553891	0.669381768971	1.39815557757	1.28762717738	0.780744842919	0.801867433543	0.658635969067	1.21664942001	0.95722842436	1.07386366844	1.04461757854	1.00748192847	1.06341042533	0.733986191397	0.751155920735	0.769689023683	0.793924156597	0.60899120348	1.07406599323	0.641533127115	0.991222073465	0.493415519575	0.9447760029
AF8	0.659608535524	0.631236172064	2.2894378057	1.0584601015	1.01319442726	0.517466684389	1.06116527791	0.435521445143	0.491692223296	0.764644258096	0.663159787337	0.854671527308	0.594183890768	1.92323475109	0.739747747704	0.603906756887	0.462198086032	0.43408157564	1.69019420976	1.15061809087	0.77886102465	0.38600921218	0.495234746254	0.443861319478	1.64996645239	0.702404088932	0.27399820203	0.0	0.537903711938	0.661892750121	0.634846191397	0.473436486225	0.481229787337	0.520373895602	1.1994761769	0.937215746738	0.684380468826	0.721157419043	0.546116428226	0.842182097632	0.641844746254	1.27791217496	1.16546801837	0.756958028033	0.901417960367	0.778347462542	1.24138092315	0.982209168681	1.05250936201	1.05430855002	1.04054040116	1.09343933784	0.764323281779	0.785002310295	0.804775993233	0.825847211213	0.553228448526	1.09819891735	0.592987520541	1.02015460126	0.511327196713	0.962054543258
AG7	0.681703112615	0.627356848719	1.9030382117	0.66341658289	0.837480845819	0.657997356211	0.859383566941	0.589321097148	0.706239560174	0.625765340744	0.865407849203	0.753131014983	0.644915500242	1.54528349928	0.676860256162	0.653073252779	0.746390043499	0.72779258579	1.34266266796	0.78007262929	0.555081855969	0.434644668922	0.756506955051	0.7042639971	1.33601450459	0.591576752054	0.685676462059	0.537903711938	0.0	0.217744562591	0.793899589174	0.66987918318	0.681318622523	0.735281474142	1.26073201063	0.983555901402	0.952132116965	0.490470294828	0.821520932818	0.829997225713	0.689733852102	0.95908922668	0.859143436443	0.534070932818	1.11039477042	0.98981939101	1.33494427743	1.11287099565	1.12332230546	1.12553901885	1.27829877719	1.23047575157	0.911532145964	0.929145016916	0.988330850652	0.943525577574	0.684655205413	1.19168462059	0.664286341228	1.12152159981	0.733018661189	1.10820190913
AG8	0.670298579024	0.714544891252	1.80924215563	0.626496834219	0.870175877235	0.757428211696	0.765463634606	0.736621541808	0.850935026583	0.634148463026	0.98783098115	0.78746280812	0.769707312711	1.44051843403	0.741824712421	0.709692527791	0.892077747704	0.870188052199	1.20690966651	0.675366703722	0.542703769937	0.549296607057	0.876999811503	0.825471333978	1.31229416626	0.603746041566	0.806912856452	0.661892750121	0.217744562591	0.0	0.89684977767	0.802643523441	0.812714736588	0.835731034316	1.27293812953	1.03983046883	1.0584821508	0.489885036249	0.929561454809	0.848540860319	0.794962977284	0.896185292412	0.827740855486	0.560662116965	1.21134871919	1.09407917835	1.36598752537	1.22693786854	1.14925330594	1.18792410343	1.39422454809	1.3360460754	1.01592225713	1.03556229096	1.09376720638	1.04435058482	0.787725248913	1.24895362977	0.766622754954	1.21829865152	0.835668724021	1.22113791687
AH7	0.766673267279	0.846944557757	2.460129855	1.30544308362	1.1444420783	0.77181521508	1.17819382794	0.795540057999	0.875475253746	0.93023277912	0.856739956501	1.01473869502	0.828080492992	2.11788287579	0.997514441759	0.757611440309	0.655725495408	0.591200246496	1.72270091348	1.25764534558	0.871068859352	0.615293334944	0.738574064766	0.706934673755	1.5698582697	0.749287361044	0.696193141614	0.634846191397	0.793899589174	0.89684977767	0.0	0.290392411793	0.872348951184	0.869545954567	1.17749822136	1.0004277767	0.822209656839	0.951154775254	0.79847258579	0.946498835186	0.831746191397	1.49062817786	1.40773255679	0.963035413243	0.97514438376	0.942336157564	1.29018666989	1.05636985984	1.16062873852	1.06889471242	1.16095415176	1.14446299662	0.832660231996	0.805392165297	0.840502145964	0.837577849203	0.74733760754	1.15686407443	0.809333798937	1.01621016916	0.714556307395	1.06719075882
AH8	0.668067167714	0.68224582407	2.42819361527	1.18249319478	0.975183808603	0.588017061382	1.09536633639	0.636807655872	0.711747617206	0.786974876752	0.743906384727	0.860458762687	0.647848139198	2.06700635573	0.831625490575	0.579591469309	0.47114618173	0.388560942484	1.671690087	1.19775161914	0.791524741421	0.460544509425	0.6275180087	0.576058907685	1.54770277429	0.659145563074	0.555702875785	0.473436486225	0.66987918318	0.802643523441	0.290392411793	0.0	0.703028100532	0.675906573224	1.14217320445	0.904850444659	0.716273320445	0.825673779604	0.628168738521	0.812351807637	0.672268753021	1.41233906235	1.30831116481	0.818132474625	0.867532281295	0.798687457709	1.15975937168	0.923356539391	1.03231065249	0.941393252779	1.02679542774	1.02014871919	0.661472769454	0.674662982117	0.714360241663	0.700147457709	0.563103542774	1.01514813436	0.62179517158	0.893258250362	0.520823286612	0.926602136298
AA5	0.883586974384	0.631273702272	2.31096892702	1.16522924118	0.964676732721	0.477816413726	1.2161937506	0.297360038666	0.233394625423	0.905807472209	0.461487660706	0.796427375544	0.595486379894	1.95597260996	0.707390430159	0.736583088449	0.449696408893	0.48988457709	1.88250924601	1.35063076849	0.914664809087	0.627776263896	0.477112576124	0.458709685839	1.85247983567	0.875644780087	0.388577752537	0.481229787337	0.681318622523	0.812714736588	0.872348951184	0.703028100532	0.0	0.278672411793	1.23143745771	0.939474794587	0.620939188014	0.67714681972	0.588588545191	0.886195935234	0.633393682939	1.26449521508	1.16126618656	0.66776698405	0.800988231029	0.627948704688	1.31496122765	1.05343549541	1.09181547608	1.09830119865	1.12527400677	1.17574713388	0.801316046399	0.833820265829	0.838895621073	0.875344673755	0.666501493475	1.17252904302	0.688012948284	1.05514290962	0.568710091832	1.03952562591
AA6	0.858015335911	0.610920265829	2.40336328178	1.18442724021	0.907610517158	0.392181488642	1.15896432576	0.343092450459	0.317740811986	0.859126408893	0.473236853552	0.739808680522	0.542871474142	2.03817837119	0.690500686322	0.689168753021	0.488338419526	0.500803649106	1.8899042291	1.3536520348	0.919023233446	0.62265857419	0.553511889802	0.519036471725	1.8345482262	0.854511150314	0.450555993233	0.520373895602	0.735281474142	0.835731034316	0.869545954567	0.675906573224	0.278672411793	0.0	1.08223372644	0.793381222813	0.533811522475	0.657899318511	0.493790565491	0.844983107782	0.534722508458	1.34035409377	1.22582695022	0.647928279362	0.579508646689	0.435531324311	1.17410298695	0.916892363461	0.942775940068	0.932374548091	0.991665355244	1.02460720155	0.658298859352	0.701134833253	0.719356085065	0.72794181247	0.631352242629	1.01546492508	0.680834697922	0.893453765104	0.488666341228	0.904669685839
AB5	1.07450876269	0.940225862736	2.55470526341	1.39055500242	0.80740301595	0.995147404543	1.16252144514	1.11733617206	1.20080200097	0.979079265346	1.19210277912	0.803386350894	1.03805384244	2.19451693088	0.990457061382	0.995591672305	1.21026966167	1.19089296762	1.83467373127	1.38612544224	1.27640874335	1.12300439343	1.38107615273	1.36260861286	1.67458806187	1.0899879797	1.18355462059	1.1994761769	1.26073201063	1.27293812953	1.17749822136	1.14217320445	1.23143745771	1.08223372644	0.0	0.407352290962	0.93209881102	1.06214054616	0.984971967134	0.828055132914	0.829934436926	1.55384758821	1.46159192847	0.960173025616	1.03292697438	1.02475762687	0.8877160174	0.940877051716	0.738631754471	0.789872489125	1.12350687289	0.997689270179	0.835541662639	0.901483339778	0.931752556791	0.879801000483	1.03474740938	0.884221754471	1.04268653939	0.850395659739	1.00750718221	0.930611870469
AB6	0.889720154664	0.664433832769	2.49862789754	1.27428646206	0.714278467859	0.719073276945	1.05746948284	0.835427747704	0.930078419526	0.834857075882	0.956427336878	0.581033721605	0.786242334461	2.13294858386	0.737219676172	0.734889482842	0.974216491058	0.958915514741	1.80077927501	1.31146450942	1.1208520928	0.857188738521	1.14305618656	1.11374641373	1.68949593523	0.903182290962	0.930439768004	0.937215746738	0.983555901402	1.03983046883	1.0004277767	0.904850444659	0.939474794587	0.793381222813	0.407352290962	0.0	0.702206616723	0.799060918318	0.758397568874	0.700825954567	0.566973745771	1.44897753021	1.34131645723	0.691504021266	0.797979603673	0.769502890285	0.786211111648	0.669499772837	0.541117472209	0.553918052199	0.854409565007	0.748586220396	0.593017675205	0.677244088932	0.704721802803	0.661304301595	0.760239855002	0.671824446593	0.768941237313	0.586591681972	0.769992348961	0.65888618173
AC5	0.971633479942	0.766976979217	2.65629672789	1.43369050749	0.983383972934	0.59223242146	1.29557560657	0.578525094248	0.568068709522	0.986880106332	0.484891391977	0.804046128565	0.766828922185	2.29416565974	0.883364098598	0.828750589657	0.548061019816	0.543998042533	1.98136359111	1.46982552924	1.16996993233	0.83221417593	0.664183073949	0.658414277429	1.91990785887	0.96639580957	0.54648181247	0.684380468826	0.952132116965	1.0584821508	0.822209656839	0.716273320445	0.620939188014	0.533811522475	0.93209881102	0.702206616723	0.0	0.827867080715	0.44816340261	0.915718148864	0.649678274529	1.62949224746	1.51437265346	0.820444325761	0.518294098598	0.420392087965	0.993951667472	0.728981082649	0.877024485259	0.808563334944	0.762046399227	0.80540481392	0.572403315611	0.573502566457	0.528091280812	0.622094137264	0.795930570324	0.841106288062	0.835366713388	0.733030275495	0.594716587724	0.726524726921
AC6	0.761158559691	0.520859864669	1.99695678105	0.788158003867	0.690032590623	0.642396650556	0.702295775737	0.574923281779	0.736815355244	0.507912774287	0.899034538424	0.609311536974	0.632653837603	1.62901749638	0.525439357177	0.630790130498	0.817061227646	0.828025722571	1.46274560657	0.931358806187	0.7551780087	0.632141652972	0.87464338811	0.849880236829	1.46791663122	0.649877757371	0.747340299662	0.721157419043	0.490470294828	0.489885036249	0.951154775254	0.825673779604	0.67714681972	0.657899318511	1.06214054616	0.799060918318	0.827867080715	0.0	0.810016988884	0.646344446593	0.58138439826	0.841660517158	0.728110048333	0.304928516191	1.03645582407	0.936064417593	1.16314703238	1.02548323345	0.937397762204	0.97619840986	1.19419055099	1.12500948768	0.83664502175	0.88107217013	0.930761300145	0.865602474625	0.650487394877	1.05143443209	0.63413560174	1.00743173997	0.724814601257	1.02273292895
AD6	0.791336515225	0.593874098598	2.556390087	1.27075338811	0.847921459642	0.426057747704	1.20375842919	0.476261788304	0.530205645239	0.873629395843	0.499150744321	0.69711778637	0.588272431126	2.19141066699	0.735453407443	0.660629178347	0.502744557757	0.49514762204	1.88061332528	1.38350367327	1.06154012083	0.731495838569	0.670039758337	0.632553504108	1.8367982987	0.901978226196	0.530216176897	0.546116428226	0.821520932818	0.929561454809	0.79847258579	0.628168738521	0.588588545191	0.493790565491	0.984971967134	0.758397568874	0.44816340261	0.810016988884	0.0	0.783765099082	0.451271459642	1.52457167714	1.41570650556	0.780629826003	0.675602895118	0.56361157564	0.905688400193	0.646199681005	0.851762909618	0.754121507975	0.737674973417	0.762218791687	0.471419797003	0.448540546158	0.47885839536	0.49050419043	0.605806191397	0.754932493958	0.642225350411	0.692609096182	0.375182706622	0.643754644756
AE5	0.56442879652	0.527652218463	2.32445742871	1.03693598357	0.648342315128	0.724534794587	0.808424465926	0.773494736588	0.94481522958	0.55168640406	1.02997528275	0.595702450459	0.714998883519	1.95630765587	0.627919192847	0.505787037216	0.910510314161	0.872079545674	1.49714567424	1.0480997245	0.955290343161	0.7624360174	1.07944724505	1.0294421508	1.36430571774	0.645676104398	0.915626553891	0.842182097632	0.829997225713	0.848540860319	0.946498835186	0.812351807637	0.886195935234	0.844983107782	0.828055132914	0.700825954567	0.915718148864	0.646344446593	0.783765099082	0.0	0.412352527791	1.22877885452	1.11818827936	0.573362455292	1.1254139681	1.05267504108	0.90785901885	0.850385340744	0.762729487675	0.731678641856	1.04709709522	0.94500621073	0.654535364911	0.691205964234	0.78216377477	0.638125239246	0.572837457709	0.844802310295	0.549892450459	0.780071440309	0.70561619623	0.865470889319
AE6	0.615629424843	0.348845596907	2.38408285162	1.07481976317	0.649918593523	0.430730811986	0.934279313678	0.502407892702	0.624356689222	0.615987216046	0.737868458192	0.520730019333	0.472291817303	2.01608382794	0.493287525375	0.454328351861	0.676178946351	0.668881768971	1.6376360464	1.14198993233	0.931138704688	0.628471657806	0.869717249879	0.818614910585	1.59276154181	0.671591309811	0.669381768971	0.641844746254	0.689733852102	0.794962977284	0.831746191397	0.672268753021	0.633393682939	0.534722508458	0.829934436926	0.566973745771	0.649678274529	0.58138439826	0.451271459642	0.412352527791	0.0	1.29731529725	1.18759137264	0.516088670855	0.850268081199	0.759025500242	0.90870939101	0.70245760754	0.680367805703	0.665420633156	0.888389797003	0.806569594007	0.462753499275	0.503678946351	0.576319511841	0.496547781537	0.43770937651	0.761097496375	0.459840241663	0.657538912518	0.432282498792	0.701502711455
AF5	1.2536179362	1.20669907685	1.32977128565	0.587661478975	1.14449071049	1.3550141131	0.884512126631	1.24949602707	1.33361511841	0.99515017883	1.53858882069	1.20211870469	1.29387211213	0.980509178347	1.13216847753	1.26653570324	1.46354483809	1.47177682455	0.987964567424	0.714739110681	1.15737399227	1.18591006767	1.4199902755	1.41209813436	1.46609963267	1.19165298695	1.39815557757	1.27791217496	0.95908922668	0.896185292412	1.49062817786	1.41233906235	1.26449521508	1.34035409377	1.55384758821	1.44897753021	1.62949224746	0.841660517158	1.52457167714	1.22877885452	1.29731529725	0.0	0.189162880619	0.991136495892	1.74490281779	1.63374006283	1.71980748188	1.65335583374	1.54816865152	1.61239416143	1.82485664572	1.76924845819	1.52765650072	1.57210858869	1.63051845336	1.55833299662	1.27436132914	1.69765524891	1.24095882552	1.6557639826	1.42111977767	1.65035364911
AF6	1.17811923151	1.09753689222	1.41737330594	0.500074751087	1.05378917351	1.23724475592	0.818436466892	1.14126918318	1.22726953117	0.884266331561	1.42598936201	1.09908709522	1.17958576124	1.07225657322	1.00901232479	1.16489469792	1.35837949251	1.36361891252	1.02349172064	0.670509444176	1.09659838086	1.08041183664	1.31958374094	1.30647221846	1.45402697922	1.08779327695	1.28762717738	1.16546801837	0.859143436443	0.827740855486	1.40773255679	1.30831116481	1.16126618656	1.22582695022	1.46159192847	1.34131645723	1.51437265346	0.728110048333	1.41570650556	1.11818827936	1.18759137264	0.189162880619	0.0	0.879262788787	1.63633520058	1.52737279362	1.62466586757	1.54701768971	1.43377062349	1.50149146448	1.70319970034	1.65625871435	1.4161481392	1.46319586757	1.51848223296	1.44667396327	1.16082823103	1.58585041566	1.1268399275	1.53584169164	1.3148058579	1.5400838376
AG5	0.707411831803	0.466261130981	2.11137862736	0.86083298695	0.550091546641	0.56812419043	0.744733252779	0.562663455776	0.71454062349	0.49573118898	0.863959110681	0.4692419768	0.579011817303	1.74594605123	0.482899096182	0.571875108748	0.825452315128	0.814958318028	1.5025479072	0.980425920735	0.743841894635	0.638469734171	0.930012522958	0.898057346544	1.43462017883	0.634350913485	0.780744842919	0.756958028033	0.534070932818	0.560662116965	0.963035413243	0.818132474625	0.66776698405	0.647928279362	0.960173025616	0.691504021266	0.820444325761	0.304928516191	0.780629826003	0.573362455292	0.516088670855	0.991136495892	0.879262788787	0.0	1.00591494442	0.912015843403	1.04989904785	0.939610521991	0.817327854036	0.854232967617	1.12790286612	1.03248697438	0.718039540841	0.794554635089	0.870334475592	0.747977950701	0.631729434509	0.954028970517	0.621162165297	0.898013972934	0.671888753021	0.936884451426
