	AA3	AA4	AB3	AB4	AC3	AC4	AD3	AD4	AE3	AE4	AF3	AF4	AG3	AG4	AH3	AH4	AA7	AA8	AB7	AB8	AC7	AC8	AD7	AD8	AE7	AE8	AF7	AF8	AG7	AG8	AH7	AH8	AA5	AA6	AB5	AB6	AC5	AC6	AD6	AE5	AE6	AF5	AF6	AG5	AH5	AH6	AA1	AA2	AB1	AB2	AC1	AC2	AD1	AD2	AE1	AE2	AF1	AF2	AG1	AG2	AH1	AH2
AA3	0.0	0.558458743354	2.23763061382	0.956590744321	0.823040115998	0.772588482359	0.857639057516	0.749356955051	0.913814349927	0.677263552441	0.984713054616	0.725564635089	0.707783518608	1.88421677622	0.749553765104	0.280642866119	0.783555181247	0.785236544224	1.42072126631	1.02048660706	0.788786945384	0.666601628806	0.901150821653	0.899316930884	1.35259892702	0.580387791203	0.779227602707	0.68868020783	0.710196756887	0.671956162397	0.759881628806	0.693393238279	0.862105152247	0.878308274529	1.06430084582	0.896081416143	0.965028124698	0.77971977767	0.759707530208	0.552991875302	0.538195592073	1.27096240696	1.16107020783	0.734177767037	1.13845332528	1.0460080087	0.973453199613	0.939984359594	0.918725132914	0.883136123731	1.06233879169	0.982611855969	0.624949830836	0.685442692122	0.770980633156	0.685916698888	0.544048719188	0.855881116481	0.519468448526	0.912797762204	0.656615969067	0.942603267279
AA4	0.558458743354	0.0	2.2582582987	0.925080903818	0.604052527791	0.52299301595	0.857634630256	0.468735012083	0.654890889319	0.574842353794	0.7778079797	0.466523852102	0.421519139681	1.90387985017	0.310779130014	0.34642560174	0.650877423876	0.661633537941	1.58326512325	1.06213775254	0.837156012566	0.648251121315	0.861510038666	0.8160240261	1.51697761237	0.586801101982	0.680989304012	0.594706993717	0.639820352827	0.667953745771	0.863119859836	0.718216824553	0.614157873369	0.625052866119	0.909199173514	0.646672271629	0.744951314645	0.534600541324	0.596181652972	0.528603040116	0.379391232479	1.23386929918	1.10253531174	0.438215166747	0.923626471725	0.831766636056	0.945659424843	0.802533214113	0.729927897535	0.761822058966	0.926254615756	0.866961744804	0.557064533591	0.608159415176	0.66279982117	0.608544702755	0.42938959884	0.813712136298	0.444178501692	0.773804741421	0.463870546158	0.788006882552
AB3	2.23763061382	2.2582582987	0.0	1.44333811986	2.14686479459	2.40398941034	1.95116775737	2.28757329145	2.35690349444	2.13014542774	2.53840538908	2.30615830353	2.31679834703	0.395790019333	2.15201395843	2.27784248913	2.48955708555	2.49420728371	1.17280476559	1.46293393427	2.0081521073	2.18806835669	2.42236805703	2.41713593523	1.90083781537	2.14458515225	2.38677351861	2.31200265346	1.90087706622	1.83176322861	2.44408918801	2.43435492025	2.315479913	2.41057698405	2.53743573224	2.45604758337	2.63331743354	1.97212909618	2.54243389077	2.29009496858	2.35470185597	1.28646537458	1.39779111648	2.11285155147	2.73666246979	2.6477201015	2.66420869502	2.68126979217	2.52688348961	2.62240053166	2.76429324311	2.72148098115	2.54807503142	2.60296416143	2.6123482117	2.59100522475	2.29715602707	2.64114710971	2.29022955051	2.67387530691	2.40825074915	2.68624580957
AB4	0.956590744321	0.925080903818	1.44333811986	0.0	0.871710860319	1.07248374094	0.796081662639	1.02426516675	1.17497091348	0.865786785887	1.2946982987	1.01499591107	0.901263629773	1.07132352827	0.844133102948	0.958511184147	1.2046781827	1.20519476075	0.973465099082	0.445605084582	0.958934103432	0.949205915901	1.20585471242	1.18729882069	1.25629936684	0.883636631223	1.15760000967	1.04728400193	0.668916413726	0.616948124698	1.26750399227	1.17433924601	1.13017842919	1.19489795553	1.35871938134	1.21665720638	1.39541409377	0.760443890768	1.23623081199	0.973133136781	1.02864304978	0.622451227646	0.518153934268	0.859629101015	1.52324963751	1.41241942001	1.43723412276	1.40067411793	1.2787021218	1.34482359111	1.5177819478	1.4510500725	1.22003411793	1.29449099082	1.33711936201	1.28626180764	1.00915068632	1.37229784437	0.993375983567	1.38600961817	1.09570500242	1.41124257612
AC3	0.823040115998	0.604052527791	2.14686479459	0.871710860319	0.0	0.728756872885	0.795591150314	0.789884707588	0.977009516675	0.648748501692	1.05211426293	0.337191208313	0.761930952151	1.79737052199	0.6341959884	0.706373006283	0.949725775737	0.956855451909	1.43477152247	0.979962643789	1.02029643789	0.978066877719	1.22298315611	1.18688445143	1.28408910585	0.806529695505	1.04384116481	0.958174755921	0.850303156114	0.834077950701	1.15804980667	1.02324642339	0.957993977767	0.964837341711	0.852868385694	0.761199927501	1.03249390527	0.66816362494	0.886957457709	0.614894697922	0.703581817303	1.12546300628	1.02832103432	0.580337158047	1.21544033349	1.12415673755	0.913109342678	0.958481739971	0.778778376027	0.869517699372	1.10237666506	1.0065521653	0.74641942001	0.84444961334	0.90128120348	0.807711314645	0.791529357177	0.902182576124	0.775422484292	0.956486732721	0.802588612856	0.969949289512
AC4	0.772588482359	0.52299301595	2.40398941034	1.07248374094	0.728756872885	0.0	1.08521542774	0.377256476559	0.488845567907	0.813858414693	0.404392218463	0.524398965684	0.44406582407	2.04864553891	0.676618061866	0.635062300628	0.561336858386	0.57278517158	1.83809575157	1.29099530208	0.903014934751	0.619584156597	0.680385045916	0.666468632189	1.72345652489	0.737204973417	0.605462455292	0.531519352344	0.682152740454	0.769506993717	0.819254548091	0.634140956984	0.496695558241	0.420698293862	0.967091184147	0.680282126631	0.564239642339	0.650722208797	0.432555886902	0.75608622523	0.556933383277	1.40080855969	1.27175246496	0.553936186564	0.697048564524	0.562116191397	1.01597161914	0.80203937651	0.788569207347	0.810107699372	0.864169507008	0.891285538908	0.53362460609	0.600663305945	0.644202977284	0.59796160464	0.597340072499	0.891744939584	0.640670135331	0.773802068632	0.427686945384	0.765600285162
AD3	0.857639057516	0.857634630256	1.95116775737	0.796081662639	0.795591150314	1.08521542774	0.0	0.960688772354	1.25693855969	0.393943682939	1.33295836636	0.924191628806	1.0109781972	1.59816358627	0.811677443209	0.879567617206	1.19104843886	1.18571992267	1.34980683905	0.856163847269	0.84634699855	0.901327742871	1.25674829386	1.22644006767	1.24247472692	0.817670666989	1.16651546641	1.06362206863	0.848648583857	0.752151159981	1.13806929918	1.06960514258	1.17248161914	1.15524493475	1.15807269212	0.997048506525	1.25898508458	0.706450376994	1.13571860319	0.778490449493	0.890635084582	0.902242469792	0.805821628806	0.758090811986	1.38677737071	1.30078732721	1.32526057032	1.3411757129	1.13434390043	1.19665929918	1.47092325278	1.39709505075	1.11722648139	1.16445384244	1.24228162397	1.15988666022	0.930495645239	1.26941052682	0.915051904302	1.25193150314	1.09445053166	1.31512369744
AD4	0.749356955051	0.468735012083	2.28757329145	1.02426516675	0.789884707588	0.377256476559	0.960688772354	0.0	0.327210077332	0.65561057999	0.520692580957	0.640759086515	0.497020908652	1.93557923151	0.592150449493	0.574663020783	0.55409719188	0.552817549541	1.79225235379	1.23601194297	0.847867061382	0.546175403577	0.592549710005	0.555196457226	1.73190495892	0.723339855002	0.507132948284	0.427734939584	0.554205012083	0.68523701305	0.809142653456	0.600656350894	0.323709125181	0.393033030449	1.06639962784	0.760898255196	0.583715268246	0.533398559691	0.472467684872	0.711004461092	0.529498743354	1.26762870952	1.13871852102	0.484726399227	0.730551884969	0.611002663122	1.1168661624	0.897511271145	0.908620289995	0.947221198647	0.931860483325	0.990751923635	0.661074693088	0.677610695988	0.690455683905	0.674526848719	0.532819826003	0.997280314161	0.599943228613	0.90016120348	0.46395897535	0.842143992267
AE3	0.913814349927	0.654890889319	2.35690349444	1.17497091348	0.977009516675	0.488845567907	1.25693855969	0.327210077332	0.0	0.9489080232	0.378055843403	0.820378521025	0.574696099565	2.01397656839	0.73103320928	0.754657312711	0.507664823586	0.525141759304	1.95681080232	1.41908364427	0.990806495892	0.691263963267	0.46442362494	0.478269096182	1.92181438859	0.90335378927	0.453546795553	0.474610739488	0.702276114065	0.862272551957	0.901478753021	0.684050246496	0.254851101982	0.337760004833	1.19757770904	0.916660067666	0.553393349444	0.739994833253	0.570747042049	0.938400889319	0.711778525858	1.37891505558	1.27106460609	0.689354378927	0.76155482842	0.633354664089	1.24199750604	1.01101247463	1.0608959159	1.07782343644	1.03582163847	1.10560889319	0.782321435476	0.809266737554	0.811407240213	0.806325326245	0.681885485742	1.1316919478	0.74812762204	1.0238898405	0.564891362977	0.964002015466
AE4	0.677263552441	0.574842353794	2.13014542774	0.865786785887	0.648748501692	0.813858414693	0.393943682939	0.65561057999	0.9489080232	0.0	1.06368347994	0.660968371194	0.738530676655	1.77498655389	0.580676321895	0.607606911551	0.896701256646	0.889535930401	1.47970559207	0.95613217013	0.765945297245	0.697888941518	0.987393291445	0.94791017883	1.35340924601	0.582236321895	0.859302851619	0.763940869985	0.643820067666	0.635509594007	0.934615195747	0.816775389077	0.874212194297	0.867631005317	0.936648467859	0.783222677622	0.951867501208	0.522540362494	0.829065563074	0.518684910585	0.592549797003	1.05612465442	0.927996814886	0.520402489125	1.12266566457	1.03606873852	1.05890673755	1.06401473659	0.901496592557	0.956689217013	1.1930442871	1.12126811986	0.834032493958	0.866793127115	0.929090111165	0.875462580957	0.635240314161	1.00216270662	0.633399395843	1.00273576607	0.791844490092	1.03384100048
AF3	0.984713054616	0.7778079797	2.53840538908	1.2946982987	1.05211426293	0.404392218463	1.33295836636	0.520692580957	0.378055843403	1.06368347994	0.0	0.846065335911	0.677928240696	2.18609005317	0.918890541324	0.864345964234	0.493865161914	0.493860744321	2.04856535041	1.50361736104	1.06722821653	0.792882455292	0.388998269696	0.421447278879	1.99575070565	0.974089014016	0.49024462059	0.60048320928	0.837782397293	0.957767921701	0.836143924601	0.657390459159	0.449459879169	0.439961561141	1.17802695988	0.935153098115	0.44532381827	0.869373798937	0.502451913968	1.01460965684	0.795791072982	1.56447688255	1.44140533108	0.797454504592	0.662566621556	0.524373504108	1.20329527308	0.969331498308	1.08993753021	1.0267460174	0.995569700338	1.046040087	0.746218912518	0.730493919768	0.770341478975	0.734759826003	0.830206877719	1.0708359884	0.879342798453	0.960735427743	0.577345495408	0.91594662639
AF4	0.725564635089	0.466523852102	2.30615830353	1.01499591107	0.337191208313	0.524398965684	0.924191628806	0.640759086515	0.820378521025	0.660968371194	0.846065335911	0.0	0.629294117931	1.95283814403	0.575832919285	0.57632182697	0.808704166264	0.812224291928	1.60433499758	1.09997354277	0.944859671339	0.837588458192	1.07079320445	1.04213255679	1.45834560174	0.666101696472	0.908639439343	0.825393446109	0.809520106332	0.793335103915	1.00984185597	0.875006244563	0.806024238763	0.802076689222	0.750438076365	0.545315582407	0.78553219913	0.637754504592	0.736436457226	0.565823170614	0.579049159014	1.27634322378	1.1566342146	0.528768772354	0.958795766071	0.858258511358	0.796320492992	0.752869652006	0.591916834219	0.666646703722	0.893452445626	0.814422174964	0.549496476559	0.651551657806	0.693866292895	0.616628158531	0.665355993233	0.719626950217	0.645151913968	0.73002381827	0.671853044949	0.760968076365
AG3	0.707783518608	0.421519139681	2.31679834703	0.901263629773	0.761930952151	0.44406582407	1.0109781972	0.497020908652	0.574696099565	0.738530676655	0.677928240696	0.629294117931	0.0	1.94492873369	0.481690874819	0.553045234413	0.523444548091	0.535762701788	1.72717791203	1.17670189947	0.872074707588	0.602823987434	0.725610425326	0.706991904302	1.61704724988	0.645717264379	0.585366761721	0.514519676172	0.630710927985	0.730545403577	0.8059219768	0.646953296278	0.550002551957	0.553708864186	1.00775253262	0.747539241179	0.733551952634	0.602483044949	0.576620077332	0.67978098115	0.465207066216	1.31229464476	1.19568065732	0.547156191397	0.889357588207	0.78651138231	1.00049642823	0.786567858869	0.822646022233	0.832765703238	0.91866962784	0.870595190913	0.555560164331	0.623716515225	0.676947148381	0.620217559207	0.452398530691	0.895033267279	0.505780048333	0.799972648623	0.386282252296	0.79138898985
AG4	1.88421677622	1.90387985017	0.395790019333	1.07132352827	1.79737052199	2.04864553891	1.59816358627	1.93557923151	2.01397656839	1.77498655389	2.18609005317	1.95283814403	1.94492873369	0.0	1.8032680667	1.92213535041	2.14415238279	2.14394471725	0.913600845819	1.12311025616	1.65771895602	1.83600425326	2.07311836636	2.06602043499	1.63563589657	1.7953517303	2.03759633639	1.95906189464	1.56089090382	1.48477321895	2.11496240696	2.08358463026	1.96778017883	2.05400523441	2.19188717255	2.1053460609	2.28741058482	1.62173898985	2.18797630256	1.93517930401	1.99986294345	0.94963179797	1.05846791203	1.76299526825	2.38307034316	2.2911159884	2.30767521508	2.32750172547	2.17131744321	2.26275864186	2.41152917835	2.36684818753	2.18968303045	2.24763333011	2.26694156597	2.23586801353	1.94409461092	2.28481033349	1.93733780087	2.31489314645	2.05438567907	2.33645151764
AH3	0.749553765104	0.310779130014	2.15201395843	0.844133102948	0.6341959884	0.676618061866	0.811677443209	0.592150449493	0.73103320928	0.580676321895	0.918890541324	0.575832919285	0.481690874819	1.8032680667	0.0	0.54281318028	0.74769378927	0.765441251812	1.5621961044	1.03201388594	0.857670231996	0.738932136298	0.93784159014	0.893373296278	1.48768875785	0.674075592073	0.804875751571	0.708282885452	0.653957269212	0.675305094248	1.00446938134	0.850246829386	0.666073455776	0.729243673272	0.993287660706	0.754398052199	0.913501271145	0.514599487675	0.792753842436	0.597203127115	0.545662928951	1.10643320445	0.983565239246	0.46925239246	1.08532816336	0.990348327695	1.03915681489	0.91460038666	0.839048322861	0.891740811986	1.04076473659	0.992185321411	0.756122107298	0.806816283229	0.838442943451	0.801532252296	0.543523276945	0.926497887869	0.542992411793	0.917212203963	0.629098057032	0.91753900435
AH4	0.280642866119	0.34642560174	2.27784248913	0.958511184147	0.706373006283	0.635062300628	0.879567617206	0.574663020783	0.754657312711	0.607606911551	0.864345964234	0.57632182697	0.553045234413	1.92213535041	0.54281318028	0.0	0.675020057999	0.667860434993	1.48552752537	1.05130788787	0.833407172547	0.63334102465	0.82197618173	0.797150381827	1.4431377622	0.583856022233	0.668352054132	0.578328516191	0.668640589657	0.677438699855	0.790096887385	0.645714615756	0.69975821653	0.728424722088	0.953046544224	0.723128293862	0.816243064282	0.638001319478	0.624170483325	0.444131938134	0.383745137748	1.27816862736	1.15082505075	0.571421841469	0.997334722088	0.91149361044	0.91660102465	0.817497839536	0.785553421943	0.752491546641	0.934070531658	0.86723020783	0.545903542774	0.602228970517	0.68746179797	0.57933117448	0.395604432093	0.777269772837	0.376432696955	0.77326760754	0.511891449976	0.797530173997
AA7	0.783555181247	0.650877423876	2.48955708555	1.2046781827	0.949725775737	0.561336858386	1.19104843886	0.55409719188	0.507664823586	0.896701256646	0.493865161914	0.808704166264	0.523444548091	2.14415238279	0.74769378927	0.675020057999	0.0	0.134584243596	1.8281280377	1.3335021943	0.979461662639	0.650026118898	0.482006901885	0.481335427743	1.78044502175	0.814967989367	0.38028218463	0.418105345578	0.764703557274	0.861287225713	0.645986070565	0.393542445626	0.453443910101	0.477124180764	1.15449054616	0.94427300145	0.551500057999	0.811186114065	0.472872890285	0.862288525858	0.647189120348	1.50653407927	1.39386782504	0.786413470275	0.760640956984	0.637589221846	1.09177507008	0.877714765587	1.03434898502	0.969544132431	0.90088842436	0.949161053649	0.635289710005	0.633019574674	0.666940357661	0.654001420976	0.532355190913	0.953403073949	0.58378358144	0.912180937651	0.448956631223	0.822160420493
AA8	0.785236544224	0.661633537941	2.49420728371	1.20519476075	0.956855451909	0.57278517158	1.18571992267	0.552817549541	0.525141759304	0.889535930401	0.493860744321	0.812224291928	0.535762701788	2.14394471725	0.765441251812	0.667860434993	0.134584243596	0.0	1.82223925085	1.3250362784	0.952060067666	0.623190836153	0.464069134848	0.452430439826	1.754489942	0.785734610923	0.362950072499	0.392518153697	0.74129219913	0.840949642339	0.582526408893	0.330998849686	0.475157085549	0.51000101015	1.17362997583	0.971594683422	0.532949656839	0.825512107298	0.491316031899	0.85258038666	0.64822637506	1.51775859352	1.39809055099	0.792709023683	0.754392692122	0.631302281295	1.09816161431	0.876163378444	1.05761925085	0.985480642823	0.893339995167	0.942001527308	0.648645679072	0.630532701788	0.659537419043	0.641295911068	0.543586955051	0.971251764137	0.597548144031	0.921821440309	0.445066500725	0.814828231029
AB7	1.42072126631	1.58326512325	1.17280476559	0.973465099082	1.43477152247	1.83809575157	1.34980683905	1.79225235379	1.95681080232	1.47970559207	2.04856535041	1.60433499758	1.72717791203	0.913600845819	1.5621961044	1.48552752537	1.8281280377	1.82223925085	0.0	0.602871237313	1.52280210246	1.60858419043	1.94021801353	1.92553631223	1.0826779217	1.44517722571	1.82499980184	1.72215391493	1.38536730304	1.23492374094	1.72279873852	1.71485296762	1.87641957467	1.93461851136	1.86215918318	1.83416545674	2.00887471725	1.47605190913	1.88117338811	1.48315654422	1.61357707105	0.991562300628	1.01339738038	1.54261570807	2.17391455292	2.09286942001	1.90457936684	1.96290399227	1.82740967617	1.86425044949	2.05966527791	1.99260427743	1.77735237313	1.81753688255	1.8567398405	1.81958617206	1.61985418076	1.87970647173	1.59048633156	1.91531639923	1.7764458579	1.96241474142
AB8	1.02048660706	1.06213775254	1.46293393427	0.445605084582	0.979962643789	1.29099530208	0.856163847269	1.23601194297	1.41908364427	0.95613217013	1.50361736104	1.09997354277	1.17670189947	1.12311025616	1.03201388594	1.05130788787	1.3335021943	1.3250362784	0.602871237313	0.0	1.0264918608	1.07878441759	1.39317467376	1.37284829386	1.14362430643	0.933627970034	1.27768500725	1.16901179314	0.816831532141	0.6792260174	1.27706592557	1.23156501692	1.34148262446	1.3910180812	1.39758910585	1.31811929435	1.48149014983	0.931683881102	1.39198271145	1.03569111648	1.15238984534	0.720160903818	0.653483040116	1.00288397777	1.65604945384	1.55501348478	1.53650755921	1.51722912035	1.36757526825	1.43276078782	1.62127430159	1.57042969551	1.3562040261	1.3902519768	1.43524977284	1.39142667956	1.13403368294	1.48131306912	1.12107294828	1.47208815853	1.23972851136	1.52015871919
AC7	0.788786945384	0.837156012566	2.0081521073	0.958934103432	1.02029643789	0.903014934751	0.84634699855	0.847867061382	0.990806495892	0.765945297245	1.06722821653	0.944859671339	0.872074707588	1.65771895602	0.857670231996	0.833407172547	0.979461662639	0.952060067666	1.52280210246	1.0264918608	0.0	0.433591058482	0.95047878202	0.944206544224	1.42375174964	0.643602208797	0.913125451909	0.778768680522	0.591771947801	0.55412161914	0.846153716771	0.781614499758	0.909886974384	0.918397153214	1.25335189947	1.04949723538	1.14854927985	0.762557230546	1.01082854036	0.933701314645	0.887683861769	1.2075979942	1.11930478975	0.758402218463	1.12726823586	1.0160842146	1.45216339294	1.37322190913	1.19578515708	1.2597018608	1.49740496375	1.44384477525	1.08170154181	1.14120772354	1.21387446109	1.13066695022	0.87733282262	1.34324087965	0.843540120831	1.27233043983	0.903558235863	1.36687215563
AC8	0.666601628806	0.648251121315	2.18806835669	0.949205915901	0.978066877719	0.619584156597	0.901327742871	0.546175403577	0.691263963267	0.697888941518	0.792882455292	0.837588458192	0.602823987434	1.83600425326	0.738932136298	0.63334102465	0.650026118898	0.623190836153	1.60858419043	1.07878441759	0.433591058482	0.0	0.645266109232	0.640075282745	1.51975361527	0.557722730788	0.525976752054	0.390582058966	0.469888119865	0.540840855486	0.620304514258	0.487617525375	0.612735152247	0.630885534074	1.13085977767	0.849106679555	0.820972315128	0.67263462059	0.681065157081	0.799962513291	0.659210705655	1.23382357177	1.10717473659	0.660805389077	0.897910314161	0.78591781537	1.28916498792	1.06936374577	1.02722702272	1.05650545674	1.17293033833	1.16014665056	0.799525282745	0.832741778637	0.894638482359	0.831064079265	0.560430879652	1.15101565974	0.581376234896	1.00369828903	0.571969787337	1.04176586274
AD7	0.901150821653	0.861510038666	2.42236805703	1.20585471242	1.22298315611	0.680385045916	1.25674829386	0.592549710005	0.46442362494	0.987393291445	0.388998269696	1.07079320445	0.725610425326	2.07311836636	0.93784159014	0.82197618173	0.482006901885	0.464069134848	1.94021801353	1.39317467376	0.95047878202	0.645266109232	0.0	0.144071841469	1.89451774287	0.834623890768	0.357424021266	0.462236027066	0.713524707588	0.830640720155	0.724869337844	0.524118878685	0.476089294345	0.528760633156	1.35173875302	1.1115559594	0.615123837603	0.885034543258	0.661813779604	1.02664293862	0.83596759304	1.45250117448	1.33338256646	0.896930831319	0.811176056066	0.689270546158	1.3604621363	1.1311181972	1.25130159014	1.21219525858	1.14197716288	1.21141605607	0.905706877719	0.883559449009	0.918925654906	0.897199903335	0.737118641856	1.24356939584	0.781520662156	1.14702724021	0.625115277912	1.07288447076
AD8	0.899316930884	0.8160240261	2.41713593523	1.18729882069	1.18688445143	0.666468632189	1.22644006767	0.555196457226	0.478269096182	0.94791017883	0.421447278879	1.04213255679	0.706991904302	2.06602043499	0.893373296278	0.797150381827	0.481335427743	0.452430439826	1.92553631223	1.37284829386	0.944206544224	0.640075282745	0.144071841469	0.0	1.8528417448	0.792565930401	0.348037583374	0.445278289029	0.689380589657	0.808936756887	0.708080048333	0.510738637023	0.488379869502	0.515494649589	1.33801395843	1.08761628806	0.594992498792	0.85163838086	0.666239386177	0.995868738521	0.81145500725	1.44571281295	1.32672647173	0.865260033833	0.779052083132	0.658458985017	1.32396034799	1.09641043499	1.23755470759	1.18271441759	1.10999036733	1.17575365877	0.883551633639	0.860179565007	0.885863412276	0.860345142581	0.702166607057	1.21223524408	0.764103426776	1.11781244079	0.627373276945	1.03014594007
AE7	1.35259892702	1.51697761237	1.90083781537	1.25629936684	1.28408910585	1.72345652489	1.24247472692	1.73190495892	1.92181438859	1.35340924601	1.99575070565	1.45834560174	1.61704724988	1.63563589657	1.48768875785	1.4431377622	1.78044502175	1.754489942	1.0826779217	1.14362430643	1.42375174964	1.51975361527	1.89451774287	1.8528417448	0.0	1.08330022233	1.79943893185	1.67759695022	1.37966900435	1.31535935234	1.57963605123	1.60850070082	1.85253147414	1.87000244563	1.69776109715	1.69766066216	1.92913529725	1.49776058966	1.8059498405	1.36393730788	1.55482882552	1.47143942001	1.45526961817	1.49214327695	2.03337531658	1.96335837119	1.70416583374	1.82301718705	1.64852331561	1.66202307395	1.95671699372	1.84143533591	1.65081516675	1.69155549058	1.75901933784	1.68338877235	1.5810739101	1.72643993717	1.53737006283	1.75216761237	1.70075811503	1.83571680039
AE8	0.580387791203	0.586801101982	2.14458515225	0.883636631223	0.806529695505	0.737204973417	0.817670666989	0.723339855002	0.90335378927	0.582236321895	0.974089014016	0.666101696472	0.645717264379	1.7953517303	0.674075592073	0.583856022233	0.814967989367	0.785734610923	1.44517722571	0.933627970034	0.643602208797	0.557722730788	0.834623890768	0.792565930401	1.08330022233	0.0	0.77617417593	0.655636950217	0.569779270179	0.532744997583	0.729754156597	0.666734755921	0.83070959884	0.843932092798	1.08209533591	0.871266829386	0.94891038666	0.6535160174	0.83681479942	0.624253441276	0.638521498308	1.18954055099	1.07557635573	0.622060657322	1.08359542291	0.987407419043	1.17463845819	1.09418369261	0.938210478492	0.985073455776	1.20837353311	1.16216490575	0.828819110681	0.865877733204	0.940509149348	0.89238078782	0.648124282262	1.06986958434	0.637584359594	1.00111613823	0.710049134848	1.08040933784
AF7	0.779227602707	0.680989304012	2.38677351861	1.15760000967	1.04384116481	0.605462455292	1.16651546641	0.507132948284	0.453546795553	0.859302851619	0.49024462059	0.908639439343	0.585366761721	2.03759633639	0.804875751571	0.668352054132	0.38028218463	0.362950072499	1.82499980184	1.27768500725	0.913125451909	0.525976752054	0.357424021266	0.348037583374	1.79943893185	0.77617417593	0.0	0.21455297245	0.655732179797	0.763876379894	0.652773165781	0.467862764621	0.435266520058	0.485186752054	1.18004514258	0.944384185597	0.522632885452	0.771914407927	0.546183968101	0.870210478492	0.672225679072	1.43026909135	1.29840926535	0.775476476559	0.792587810536	0.680748922185	1.19980388594	0.976054185597	1.08648768004	1.05790945868	0.988329845336	1.05400308362	0.750274514258	0.76334221363	0.781112189464	0.757055369744	0.558157597873	1.06674476559	0.617615509908	0.998197602707	0.472959386177	0.923538719188
AF8	0.68868020783	0.594706993717	2.31200265346	1.04728400193	0.958174755921	0.531519352344	1.06362206863	0.427734939584	0.474610739488	0.763940869985	0.60048320928	0.825393446109	0.514519676172	1.95906189464	0.708282885452	0.578328516191	0.418105345578	0.392518153697	1.72215391493	1.16901179314	0.778768680522	0.390582058966	0.462236027066	0.445278289029	1.67759695022	0.655636950217	0.21455297245	0.0	0.550715959401	0.648938786854	0.65753881102	0.427330710488	0.426204403093	0.472855925568	1.12835652972	0.88107717738	0.613291870469	0.689586268729	0.528498197197	0.779979942001	0.59795517158	1.34169080232	1.21081883519	0.68307940551	0.81047239246	0.691914596423	1.17602242629	0.958489536008	1.00448739971	1.02035246496	0.98155702755	1.04308833253	0.717666491058	0.740134209763	0.774554422426	0.738150671822	0.493856447559	1.04471711938	0.547358516191	0.965723006283	0.435956640889	0.905109478009
AG7	0.710196756887	0.639820352827	1.90087706622	0.668916413726	0.850303156114	0.682152740454	0.848648583857	0.554205012083	0.702276114065	0.643820067666	0.837782397293	0.809520106332	0.630710927985	1.56089090382	0.653957269212	0.668640589657	0.764703557274	0.74129219913	1.38536730304	0.816831532141	0.591771947801	0.469888119865	0.713524707588	0.689380589657	1.37966900435	0.569779270179	0.655732179797	0.550715959401	0.0	0.224828985017	0.793743673272	0.676696046399	0.653209439343	0.75410858869	1.22977872402	0.947866060899	0.917576355727	0.497674166264	0.806105698405	0.796103702272	0.702823156114	1.00151751087	0.880585108748	0.515951043983	1.07130708555	0.947473842436	1.31621087482	1.10442096182	1.12223131464	1.1485919913	1.22192849203	1.18673478975	0.878242875785	0.922717631706	0.965729946834	0.917391512808	0.647412435959	1.19951891735	0.662735355244	1.10884491058	0.702163784437	1.09678375544
AG8	0.671956162397	0.667953745771	1.83176322861	0.616948124698	0.834077950701	0.769506993717	0.752151159981	0.68523701305	0.862272551957	0.635509594007	0.957767921701	0.793335103915	0.730545403577	1.48477321895	0.675305094248	0.677438699855	0.861287225713	0.840949642339	1.23492374094	0.6792260174	0.55412161914	0.540840855486	0.830640720155	0.808936756887	1.31535935234	0.532744997583	0.763876379894	0.648938786854	0.224828985017	0.0	0.857968289029	0.766902663122	0.781920154664	0.838605799903	1.20850471242	0.956715065249	1.01737433059	0.465470343161	0.897795505075	0.784809081682	0.737542010633	0.947986060899	0.835145567907	0.52944497825	1.15140451909	1.03226907202	1.31256720638	1.20514144031	1.10633211213	1.15885458676	1.32286379894	1.27389306428	0.952430043499	0.985767274045	1.04440042049	0.994398999517	0.728468390527	1.1875620638	0.725706650556	1.17667696955	0.78952282262	1.19361142581
AH7	0.759881628806	0.863119859836	2.44408918801	1.26750399227	1.15804980667	0.819254548091	1.13806929918	0.809142653456	0.901478753021	0.934615195747	0.836143924601	1.00984185597	0.8059219768	2.11496240696	1.00446938134	0.790096887385	0.645986070565	0.582526408893	1.72279873852	1.27706592557	0.846153716771	0.620304514258	0.724869337844	0.708080048333	1.57963605123	0.729754156597	0.652773165781	0.65753881102	0.793743673272	0.857968289029	0.0	0.320453098115	0.874596563557	0.879916254229	1.1779179507	1.01505499275	0.822729502175	0.97244737071	0.752961319478	0.955367365877	0.827260198163	1.51336005317	1.40370142581	0.945160304495	0.967972682455	0.889953397777	1.28193531174	1.07265426293	1.16801965684	1.06483292895	1.13911164331	1.13518384727	0.84211362494	0.812245886902	0.84636019333	0.844638347028	0.753230202997	1.15728231996	0.789856089899	0.998258898018	0.705603571774	1.01217028033
AH8	0.693393238279	0.718216824553	2.43435492025	1.17433924601	1.02324642339	0.634140956984	1.06960514258	0.600656350894	0.684050246496	0.816775389077	0.657390459159	0.875006244563	0.646953296278	2.08358463026	0.850246829386	0.645714615756	0.393542445626	0.330998849686	1.71485296762	1.23156501692	0.781614499758	0.487617525375	0.524118878685	0.510738637023	1.60850070082	0.666734755921	0.467862764621	0.427330710488	0.676696046399	0.766902663122	0.320453098115	0.0	0.647368898018	0.646141377477	1.14748671822	0.941901256646	0.655691860802	0.85596762204	0.555851971967	0.83983681972	0.686882237796	1.4636920493	1.3488080957	0.813069874335	0.817084262929	0.714351541808	1.17360618656	0.962348240696	1.05322536974	0.974207660706	0.975707051716	1.0310681392	0.703417433543	0.693373910101	0.743809482842	0.70848	0.60254537941	1.0460437796	0.628804548091	0.90654918318	0.524578429193	0.894299154181
AA5	0.862105152247	0.614157873369	2.315479913	1.13017842919	0.957993977767	0.496695558241	1.17248161914	0.323709125181	0.254851101982	0.874212194297	0.449459879169	0.806024238763	0.550002551957	1.96778017883	0.666073455776	0.69975821653	0.453443910101	0.475157085549	1.87641957467	1.34148262446	0.909886974384	0.612735152247	0.476089294345	0.488379869502	1.85253147414	0.83070959884	0.435266520058	0.426204403093	0.653209439343	0.781920154664	0.874596563557	0.647368898018	0.0	0.257881430643	1.19187450459	0.895205998067	0.606007902368	0.6486060029	0.592595031416	0.844366152731	0.6395240116	1.30135301112	1.17422939584	0.622545732238	0.766177211213	0.634947912035	1.2771479507	1.05530771387	1.05952093765	1.10082868052	1.08285350411	1.1440137796	0.799884726921	0.826775558241	0.842242382794	0.824158081199	0.590736558724	1.15102906235	0.657620048333	1.03814555341	0.53398578057	1.0031761914
AA6	0.878308274529	0.625052866119	2.41057698405	1.19489795553	0.964837341711	0.420698293862	1.15524493475	0.393033030449	0.337760004833	0.867631005317	0.439961561141	0.802076689222	0.553708864186	2.05400523441	0.729243673272	0.728424722088	0.477124180764	0.51000101015	1.93461851136	1.3910180812	0.918397153214	0.630885534074	0.528760633156	0.515494649589	1.87000244563	0.843932092798	0.485186752054	0.472855925568	0.75410858869	0.838605799903	0.879916254229	0.646141377477	0.257881430643	0.0	1.08065601257	0.793757423876	0.516414717255	0.687721904302	0.497284417593	0.874375732238	0.649808661189	1.4028100435	1.2720161044	0.636234857419	0.559773798937	0.436946027066	1.17186447076	0.955252431126	0.968995012083	0.966898559691	0.980225471242	1.0382778782	0.68153897535	0.727975326245	0.754532919285	0.728168211696	0.621583895602	1.02878915901	0.679603566941	0.905834243596	0.512413339778	0.903812634123
AB5	1.06430084582	0.909199173514	2.53743573224	1.35871938134	0.852868385694	0.967091184147	1.15807269212	1.06639962784	1.19757770904	0.936648467859	1.17802695988	0.750438076365	1.00775253262	2.19188717255	0.993287660706	0.953046544224	1.15449054616	1.17362997583	1.86215918318	1.39758910585	1.25335189947	1.13085977767	1.35173875302	1.33801395843	1.69776109715	1.08209533591	1.18004514258	1.12835652972	1.22977872402	1.20850471242	1.1779179507	1.14748671822	1.19187450459	1.08065601257	0.0	0.377954596423	0.96861878202	1.04761948284	0.956127080715	0.842187510875	0.895007448043	1.56810232479	1.47043221363	0.961274688255	0.977430671822	0.97252340261	0.785543151281	0.879731169647	0.709763020783	0.709250647656	1.00672747704	0.914178685355	0.808405862736	0.896254238763	0.909510140164	0.871849154181	1.0033981392	0.779339478009	0.994995954567	0.784587356211	0.990335751571	0.889521019816
AB6	0.896081416143	0.646672271629	2.45604758337	1.21665720638	0.761199927501	0.680282126631	0.997048506525	0.760898255196	0.916660067666	0.783222677622	0.935153098115	0.545315582407	0.747539241179	2.1053460609	0.754398052199	0.723128293862	0.94427300145	0.971594683422	1.83416545674	1.31811929435	1.04949723538	0.849106679555	1.1115559594	1.08761628806	1.69766066216	0.871266829386	0.944384185597	0.88107717738	0.947866060899	0.956715065249	1.01505499275	0.941901256646	0.895205998067	0.793757423876	0.377954596423	0.0	0.751862493958	0.770780381827	0.759386152731	0.710331000483	0.664363069116	1.43769054132	1.31896418076	0.640394214596	0.765822010633	0.732985055582	0.815904523925	0.73208717738	0.588238061866	0.596891788304	0.873386423393	0.791735263412	0.610018313195	0.713635253746	0.727839497342	0.684450314161	0.750282150797	0.712459014016	0.74404817303	0.632005538908	0.776332455292	0.735201503142
AC5	0.965028124698	0.744951314645	2.63331743354	1.39541409377	1.03249390527	0.564239642339	1.25898508458	0.583715268246	0.553393349444	0.951867501208	0.44532381827	0.78553219913	0.733551952634	2.28741058482	0.913501271145	0.816243064282	0.551500057999	0.532949656839	2.00887471725	1.48149014983	1.14854927985	0.820972315128	0.615123837603	0.594992498792	1.92913529725	0.94891038666	0.522632885452	0.613291870469	0.917576355727	1.01737433059	0.822729502175	0.655691860802	0.606007902368	0.516414717255	0.96861878202	0.751862493958	0.0	0.829781831803	0.465452783954	0.90419681972	0.742367854036	1.65298696472	1.52359444659	0.782150289995	0.51874741421	0.421215137748	1.01442869019	0.771947332044	0.926445737071	0.855251353311	0.779902440793	0.839280628323	0.593552455292	0.573314364427	0.583341846303	0.567627104882	0.767247264379	0.889288013533	0.813866442726	0.786396645723	0.583046500725	0.709332155631
AC6	0.77971977767	0.534600541324	1.97212909618	0.760443890768	0.66816362494	0.650722208797	0.706450376994	0.533398559691	0.739994833253	0.522540362494	0.869373798937	0.637754504592	0.602483044949	1.62173898985	0.514599487675	0.638001319478	0.811186114065	0.825512107298	1.47605190913	0.931683881102	0.762557230546	0.67263462059	0.885034543258	0.85163838086	1.49776058966	0.6535160174	0.771914407927	0.689586268729	0.497674166264	0.465470343161	0.97244737071	0.85596762204	0.6486060029	0.687721904302	1.04761948284	0.770780381827	0.829781831803	0.0	0.787541981634	0.651264625423	0.573206379894	0.862244378927	0.735909888835	0.304299884002	1.02357480425	0.91549282262	1.14609240696	1.05627953601	0.936357322378	0.997699449009	1.16284664089	1.12310102948	0.816889173514	0.883056592557	0.926760352827	0.884708598357	0.627803972934	1.04166090382	0.65178240696	1.0321997825	0.693898298695	1.04308615756
AD6	0.759707530208	0.596181652972	2.54243389077	1.23623081199	0.886957457709	0.432555886902	1.13571860319	0.472467684872	0.570747042049	0.829065563074	0.502451913968	0.736436457226	0.576620077332	2.18797630256	0.792753842436	0.624170483325	0.472872890285	0.491316031899	1.88117338811	1.39198271145	1.01082854036	0.681065157081	0.661813779604	0.666239386177	1.8059498405	0.83681479942	0.546183968101	0.528498197197	0.806105698405	0.897795505075	0.752961319478	0.555851971967	0.592595031416	0.497284417593	0.956127080715	0.759386152731	0.465452783954	0.787541981634	0.0	0.73300239246	0.47223521508	1.55214909618	1.41752543258	0.719978028033	0.67664078782	0.555042063799	0.906009864669	0.690069308845	0.856033088449	0.731486795553	0.723159942001	0.773474224263	0.460974722088	0.467896437893	0.512636563557	0.489686964717	0.565475543741	0.771774127598	0.608819313678	0.689674639923	0.379103673272	0.657623905268
AE5	0.552991875302	0.528603040116	2.29009496858	0.973133136781	0.614894697922	0.75608622523	0.778490449493	0.711004461092	0.938400889319	0.518684910585	1.01460965684	0.565823170614	0.67978098115	1.93517930401	0.597203127115	0.444131938134	0.862288525858	0.85258038666	1.48315654422	1.03569111648	0.933701314645	0.799962513291	1.02664293862	0.995868738521	1.36393730788	0.624253441276	0.870210478492	0.779979942001	0.796103702272	0.784809081682	0.955367365877	0.83983681972	0.844366152731	0.874375732238	0.842187510875	0.710331000483	0.90419681972	0.651264625423	0.73300239246	0.0	0.335916051232	1.23363840019	1.10644159981	0.602542508458	1.11267814403	1.03390569357	0.893768980184	0.876540285162	0.800036621556	0.760331749638	1.02172078782	0.935655128081	0.635801889802	0.686445210246	0.782785055582	0.673854074432	0.539382692122	0.823758907685	0.522865340744	0.801495911068	0.679088820686	0.878324113098
AE6	0.538195592073	0.379391232479	2.35470185597	1.02864304978	0.703581817303	0.556933383277	0.890635084582	0.529498743354	0.711778525858	0.592549797003	0.795791072982	0.579049159014	0.465207066216	1.99986294345	0.545662928951	0.383745137748	0.647189120348	0.64822637506	1.61357707105	1.15238984534	0.887683861769	0.659210705655	0.83596759304	0.81145500725	1.55482882552	0.638521498308	0.672225679072	0.59795517158	0.702823156114	0.737542010633	0.827260198163	0.686882237796	0.6395240116	0.649808661189	0.895007448043	0.664363069116	0.742367854036	0.573206379894	0.47223521508	0.335916051232	0.0	1.31613949734	1.18584942484	0.524265664572	0.919647254712	0.834222479459	0.884151623973	0.743016723055	0.754059236346	0.687017515708	0.872816974384	0.813168859352	0.474907539874	0.522000739488	0.593689014016	0.536689149348	0.392366950217	0.755686713388	0.406500270662	0.699871952634	0.460304166264	0.747222696955
AF5	1.27096240696	1.23386929918	1.28646537458	0.622451227646	1.12546300628	1.40080855969	0.902242469792	1.26762870952	1.37891505558	1.05612465442	1.56447688255	1.27634322378	1.31229464476	0.94963179797	1.10643320445	1.27816862736	1.50653407927	1.51775859352	0.991562300628	0.720160903818	1.2075979942	1.23382357177	1.45250117448	1.44571281295	1.47143942001	1.18954055099	1.43026909135	1.34169080232	1.00151751087	0.947986060899	1.51336005317	1.4636920493	1.30135301112	1.4028100435	1.56810232479	1.43769054132	1.65298696472	0.862244378927	1.55214909618	1.23363840019	1.31613949734	0.0	0.200670391493	1.03626359594	1.7579620348	1.66422114548	1.71874747704	1.69937938134	1.56831551474	1.648659942	1.81014843886	1.76367354761	1.54169923635	1.6135661334	1.64062131948	1.59879791687	1.27349869502	1.68038837603	1.27150126631	1.69598088449	1.43113615273	1.7081218463
AF6	1.16107020783	1.10253531174	1.39779111648	0.518153934268	1.02832103432	1.27175246496	0.805821628806	1.13871852102	1.27106460609	0.927996814886	1.44140533108	1.1566342146	1.19568065732	1.05846791203	0.983565239246	1.15082505075	1.39386782504	1.39809055099	1.01339738038	0.653483040116	1.11930478975	1.10717473659	1.33338256646	1.32672647173	1.45526961817	1.07557635573	1.29840926535	1.21081883519	0.880585108748	0.835145567907	1.40370142581	1.3488080957	1.17422939584	1.2720161044	1.47043221363	1.31896418076	1.52359444659	0.735909888835	1.41752543258	1.10644159981	1.18584942484	0.200670391493	0.0	0.901013426776	1.63434743838	1.53734040116	1.61646727405	1.58114263896	1.45780666022	1.53025646206	1.67593458676	1.64085912518	1.41531441276	1.48335754954	1.50690695505	1.46996733204	1.14105294345	1.56243233929	1.13764987917	1.56287544224	1.2936622523	1.57966877719
AG5	0.734177767037	0.438215166747	2.11285155147	0.859629101015	0.580337158047	0.553936186564	0.758090811986	0.484726399227	0.689354378927	0.520402489125	0.797454504592	0.528768772354	0.547156191397	1.76299526825	0.46925239246	0.571421841469	0.786413470275	0.792709023683	1.54261570807	1.00288397777	0.758402218463	0.660805389077	0.896930831319	0.865260033833	1.49214327695	0.622060657322	0.775476476559	0.68307940551	0.515951043983	0.52944497825	0.945160304495	0.813069874335	0.622545732238	0.636234857419	0.961274688255	0.640394214596	0.782150289995	0.304299884002	0.719978028033	0.602542508458	0.524265664572	1.03626359594	0.901013426776	0.0	0.9364859884	0.847655461576	1.07523496858	0.957137854036	0.83869881102	0.871129067182	1.07516817786	1.01918606573	0.688089067182	0.764490657322	0.831297133881	0.755501986467	0.604089221846	0.945750338328	0.609607095215	0.882818506525	0.6275719768	0.942143412276
