	AA3	AA4	AB3	AB4	AC3	AC4	AD3	AD4	AE3	AE4	AF3	AF4	AG3	AG4	AH3	AH4	AA7	AA8	AB7	AB8	AC7	AC8	AD7	AD8	AE7	AE8	AF7	AF8	AG7	AG8	AH7	AH8	AA5	AA6	AB5	AB6	AC5	AC6	AD6	AE5	AE6	AF5	AF6	AG5	AH5	AH6	AA1	AA2	AB1	AB2	AC1	AC2	AD1	AD2	AE1	AE2	AF1	AF2	AG1	AG2	AH1	AH2
AA3	0.0	0.507842875785	2.26142913968	0.970514809087	0.854700338328	0.70299020783	0.903593687772	0.780608047366	0.85407961334	0.645435524408	0.947751730304	0.681680188497	0.69309762204	1.94519672305	0.733920633156	0.240959714838	0.780491706138	0.80791662639	1.46149131948	1.04526219913	0.820862218463	0.628214277429	0.86958237796	0.883845050749	1.37525884969	0.610129047849	0.761447346544	0.663455364911	0.67716662639	0.687270913485	0.746877419043	0.634482537458	0.85383638956	0.83445221363	1.04025471725	0.914379362011	0.934650715321	0.747594146931	0.730160923151	0.554944673755	0.578497984534	1.23965115998	1.17486468826	0.694929033349	1.13857433059	1.04774497825	0.993394929918	0.980049942001	0.901842271629	0.863721730304	1.0649957129	0.982513218946	0.655149434509	0.724232735621	0.764915456742	0.663413518608	0.484833334944	0.886097452876	0.466807854036	0.889290758821	0.636839429676	0.886192909618
AA4	0.507842875785	0.0	2.25323237313	0.895034195263	0.637959028516	0.552424528758	0.904186800387	0.540848622523	0.6905420058	0.596168318028	0.812513668439	0.438411367811	0.412291952634	1.9361022088	0.330675534074	0.335271338811	0.676500101498	0.679162682455	1.58412739971	1.07793449009	0.880467201547	0.623078042533	0.829472165297	0.821848893185	1.49094605607	0.620662489125	0.690849458676	0.615623895602	0.653110062832	0.702727158047	0.872692687289	0.722018840019	0.646300405993	0.667927510875	0.884018231029	0.718822788787	0.793364494925	0.545588081199	0.615041923635	0.446467549541	0.392242590623	1.16884040599	1.09006189947	0.454275485742	1.00071889802	0.882716515225	0.933566756887	0.831783644273	0.738672300628	0.742286655389	0.932755137748	0.885674142098	0.60398762204	0.671000976317	0.671851314645	0.586081681972	0.399019681005	0.790072798453	0.412809724505	0.766650908652	0.48466120348	0.723711570807
AB3	2.26142913968	2.25323237313	0.0	1.46553572257	2.19391284195	2.39143640889	1.92018698405	2.3087159594	2.36205144998	2.0998722813	2.52364467859	2.32178035766	2.32198620106	0.356854407927	2.12080084099	2.27710834219	2.46588728371	2.5093582842	1.17406401643	1.45523889802	1.96125285645	2.19142087482	2.41002017883	2.42924336394	1.90119367327	2.11985891252	2.38651057032	2.30052169164	1.90748277429	1.80111442726	2.45082882069	2.41586118898	2.32125131948	2.42204746254	2.54645486709	2.52160793137	2.63304877719	1.98883785404	2.54748021266	2.30142479459	2.39501259546	1.33483852102	1.40082053649	2.07117056549	2.75595972934	2.66489727888	2.68202255196	2.70897668439	2.511790116	2.61683811986	2.77561089415	2.73637725471	2.56784984534	2.62666561624	2.61149233929	2.56856289029	2.30110167231	2.6525640986	2.31007035283	2.65263446593	2.41361827453	2.66637325278
AB4	0.970514809087	0.895034195263	1.46553572257	0.0	0.922581904302	1.03706356694	0.821492189464	1.0169818608	1.12449416143	0.805877883035	1.2127522523	0.988362218463	0.882926099565	1.13598114065	0.819692561624	0.912568724021	1.15398579024	1.19954416626	1.04851861769	0.52247918318	0.884506268729	0.918664765587	1.13866320928	1.16546625906	1.28744081199	0.864721855969	1.12599847269	1.01269791687	0.630115103915	0.564244098598	1.2528542001	1.14128515708	1.10259631223	1.15265492025	1.3483282697	1.26603599807	1.37638486709	0.740155403577	1.18924798937	0.962254852586	1.04940553407	0.577207496375	0.50377098115	0.776813876269	1.49032479942	1.3921460899	1.45147637989	1.4083440261	1.2779102465	1.35073086515	1.52020676172	1.48274318511	1.22110695988	1.30812617206	1.30377474142	1.22487235863	0.987066413726	1.37228137748	0.984814146931	1.37593188014	1.07157620106	1.34176827936
AC3	0.854700338328	0.637959028516	2.19391284195	0.922581904302	0.0	0.760744388594	0.900634722088	0.83596142581	0.989324378927	0.698450227163	1.070089913	0.329532590623	0.80004481392	1.88058622523	0.691256901885	0.741553537941	1.02432494925	1.02160385694	1.46829935234	1.04856791203	1.04914689705	0.988807240213	1.22829181247	1.19890187047	1.30844755921	0.808113243113	1.0961137071	1.01604074915	0.878938003867	0.880071155147	1.18692889319	1.01989328661	1.00418465442	1.00756716771	0.802888231029	0.788226631223	0.997656466892	0.721214224263	0.888719753504	0.630099676172	0.689821126148	1.13718208313	1.06486211696	0.6167359739	1.21112743838	1.12202938618	0.875563281779	0.952167796037	0.733267626873	0.820073233446	1.07083476559	0.951630347994	0.749624359594	0.841843320445	0.843493281779	0.752201870469	0.795747158047	0.859447380377	0.796056321895	0.902780666989	0.852936056066	0.896223900435
AC4	0.70299020783	0.552424528758	2.39143640889	1.03706356694	0.760744388594	0.0	1.11293848236	0.411974726921	0.490293823103	0.789201440309	0.412997307878	0.485998139198	0.428125026583	2.07706875785	0.704285930401	0.605074871919	0.61743739971	0.581651358144	1.81664065732	1.28190716771	0.929863446109	0.654884649589	0.675555350411	0.651725128081	1.68021514741	0.751641865636	0.591007820203	0.55375160464	0.668111672305	0.788370729821	0.79613457709	0.630544248429	0.517754079265	0.437918612856	0.953086964717	0.734695166747	0.620364934751	0.624990647656	0.440386674722	0.681590947318	0.450638670855	1.32600723538	1.25017156114	0.553205930401	0.773421793137	0.6476580087	1.05038152247	0.83219777187	0.821084552924	0.804919246013	0.910160884485	0.942994127598	0.590086099565	0.629756109232	0.66890301595	0.646170889319	0.60749381827	0.919194514258	0.596449681005	0.786096056066	0.414082890285	0.730278361527
AD3	0.903593687772	0.904186800387	1.92018698405	0.821492189464	0.900634722088	1.11293848236	0.0	1.06972128081	1.30582649589	0.409105074915	1.38887856452	0.988361000483	1.07331978734	1.60442675689	0.810428240696	0.886520758821	1.23500586757	1.25313060416	1.32222640889	0.866316167231	0.851965582407	0.942954625423	1.31001394877	1.31720873369	1.22996319961	0.831716085065	1.20804891252	1.10225384727	0.894470560657	0.784193910101	1.19186286129	1.12890283712	1.25250618173	1.2144797825	1.18597492025	1.12663155147	1.30736080715	0.729148405027	1.18766099082	0.8430459884	0.970515906235	0.869377887869	0.80034500725	0.787686742388	1.47649845819	1.38166156597	1.38169400193	1.42740273079	1.13855222813	1.22613321411	1.51256120348	1.42900394877	1.21721835669	1.27682609473	1.24990081199	1.18292403577	0.962743504108	1.30288681972	0.957305698405	1.29612240696	1.13885891735	1.33127513291
AD4	0.780608047366	0.540848622523	2.3087159594	1.0169818608	0.83596142581	0.411974726921	1.06972128081	0.0	0.280374842919	0.71365638956	0.466062445626	0.609648332528	0.517713644273	1.99498521508	0.64385518608	0.659088313195	0.563316428226	0.536707312711	1.85512095215	1.31870929918	0.916879236346	0.639400845819	0.550693479942	0.516626012566	1.76643052199	0.810198100532	0.495471324311	0.449525577574	0.594554557757	0.766826104398	0.831674253262	0.666082474625	0.310516317061	0.353820029	1.04999528275	0.818836814886	0.570190217496	0.560017912035	0.474086408893	0.716889318511	0.475422426293	1.23391033349	1.1516602465	0.532150913485	0.722680666989	0.593197172547	1.13430826486	0.909250140164	0.922517481875	0.910862044466	0.935614277429	1.03667502175	0.665067235379	0.66896638956	0.704174166264	0.701377322378	0.575420231996	0.998406041566	0.622543344611	0.89156958434	0.498073528275	0.803389231513
AE3	0.85407961334	0.6905420058	2.36205144998	1.12449416143	0.989324378927	0.490293823103	1.30582649589	0.280374842919	0.0	0.947780077332	0.354819569841	0.774893827936	0.59161502175	2.05638500725	0.783783040116	0.794412329628	0.527812237796	0.49614378927	1.97563697438	1.45200211213	1.01838243113	0.752486360561	0.44779117448	0.434975896568	1.90920373127	0.954225693572	0.447880840986	0.495002643789	0.715439473175	0.904837970034	0.895460473659	0.740053344611	0.252650705655	0.330108927018	1.16389357661	0.946568342194	0.577154224263	0.733976843886	0.562641358144	0.911341551474	0.624821155147	1.32454165781	1.25139163847	0.700414852586	0.778321416143	0.616806660222	1.24873456259	1.01622827936	1.06259094248	1.03167826003	1.03445788787	1.15353322861	0.778032566457	0.782100323828	0.813464900918	0.81888922668	0.719680758821	1.12264419043	0.754125920735	1.00806254229	0.58979178347	0.913038032866
AE4	0.645435524408	0.596168318028	2.0998722813	0.805877883035	0.698450227163	0.789201440309	0.409105074915	0.71365638956	0.947780077332	0.0	1.05407022233	0.689379589174	0.76347842436	1.78314054132	0.564381870469	0.579136060899	0.919218598357	0.938787356211	1.48461107782	0.98693077332	0.703558071532	0.637240376994	0.974381082649	0.976728521025	1.32466921218	0.549035534074	0.874451454809	0.768930009667	0.604615925568	0.591482493958	0.916049869502	0.807805099082	0.905238032866	0.875997713871	0.963342469792	0.873271938134	0.983505679072	0.511914272595	0.865483233446	0.558058516191	0.647638458192	0.964808907685	0.887737796037	0.517052619623	1.15345967617	1.06854699855	1.12525296762	1.15115463992	0.902664117931	0.98317980667	1.25960330111	1.1772757419	0.914635137748	0.967480575157	0.95854619623	0.885568917351	0.659088540358	1.05625798453	0.655602160464	1.04585630739	0.819588922185	1.03859584824
AF3	0.947751730304	0.812513668439	2.52364467859	1.2127522523	1.070089913	0.412997307878	1.38887856452	0.466062445626	0.354819569841	1.05407022233	0.0	0.797983885935	0.645687158047	2.21272473175	0.930481507975	0.870021527308	0.496053963267	0.442092890285	2.06267086032	1.51579427743	1.10590096665	0.866298158531	0.415858632189	0.3849860029	1.97078913968	1.02469891252	0.492256244563	0.602313591107	0.823429357177	0.986255896568	0.844580807153	0.732248564524	0.435406911551	0.42369662639	1.1495977477	0.972978873852	0.485910546158	0.841941295312	0.46632959884	0.962973726438	0.696833591107	1.48758088932	1.41930886902	0.809031841469	0.700371164814	0.536945340744	1.19061532141	0.959251503142	1.09806895602	1.01016257612	0.986859565007	1.07962089899	0.739287467376	0.718475389077	0.759295335911	0.762180376994	0.839282464959	1.06320853552	0.848501517641	0.966864809087	0.569087554374	0.848357796037
AF4	0.681680188497	0.438411367811	2.32178035766	0.988362218463	0.329532590623	0.485998139198	0.988361000483	0.609648332528	0.774893827936	0.689379589174	0.797983885935	0.0	0.569986191397	2.00558895602	0.595516684389	0.540611899468	0.817803349444	0.792098506525	1.63107720155	1.12183949734	0.983523673272	0.775560575157	1.01244510875	0.97439159014	1.45524669406	0.660935490575	0.881438477525	0.805126950217	0.781393059449	0.80833741421	0.977767844369	0.832285964234	0.785213571774	0.771035234413	0.746946263896	0.607471884969	0.759843885935	0.623559033349	0.667561449976	0.512220057999	0.488156945384	1.23298697922	1.15040665539	0.521502136298	0.965087153214	0.8678960029	0.815276162397	0.780554122765	0.60782062349	0.647919270179	0.89990459159	0.810870604157	0.555226027066	0.638069308845	0.658702189464	0.57718381827	0.593509415176	0.718720338328	0.597167665539	0.70679738521	0.615607728371	0.710298985017
AG3	0.69309762204	0.412291952634	2.32198620106	0.882926099565	0.80004481392	0.428125026583	1.07331978734	0.517713644273	0.59161502175	0.76347842436	0.645687158047	0.569986191397	0.0	1.9898521798	0.522403107782	0.557129439343	0.578817921701	0.560692537458	1.76689437409	1.21990932334	0.921651672305	0.613731938134	0.705701865636	0.705425350411	1.61179328178	0.710885113581	0.595393552441	0.544665679072	0.646893711938	0.756036955051	0.82447980667	0.67677699855	0.587035065249	0.547546906718	0.969258496858	0.779096732721	0.742938477525	0.619371072982	0.553634871919	0.648722247463	0.440401696472	1.26316412276	1.18587778637	0.54258739971	0.900800101498	0.785949434509	1.00714295312	0.817301967134	0.838290111165	0.803218105365	0.923155625906	0.916203562107	0.56544641856	0.668654456259	0.678216539391	0.6013079797	0.501582711455	0.88669497825	0.5016480087	0.795695195747	0.404189289512	0.713726558724
AG4	1.94519672305	1.9361022088	0.356854407927	1.13598114065	1.88058622523	2.07706875785	1.60442675689	1.99498521508	2.05638500725	1.78314054132	2.21272473175	2.00558895602	1.9898521798	0.0	1.81110051716	1.95986480909	2.15890908652	2.19779076849	0.942459816336	1.14949356694	1.65421043499	1.87911561141	2.10257503142	2.12099299662	1.65870511358	1.81001016916	2.07369014016	1.98851230063	1.60343049299	1.49425892702	2.15210689222	2.10547915418	2.01577952151	2.10674574674	2.23455688255	2.20773485742	2.32203648623	1.67991312228	2.22990280812	1.98524984534	2.07555943451	1.03215179797	1.09613201547	1.75848769937	2.44153111165	2.3505877622	2.36358941034	2.39090288545	2.19479102948	2.2984182117	2.46186114548	2.42031463026	2.2508961044	2.3127621798	2.29927482842	2.25156971	1.98515074432	2.33498537941	1.9961982842	2.3351580377	2.10013316578	2.34735414693
AH3	0.733920633156	0.330675534074	2.12080084099	0.819692561624	0.691256901885	0.704285930401	0.810428240696	0.64385518608	0.783783040116	0.564381870469	0.930481507975	0.595516684389	0.522403107782	1.81110051716	0.0	0.566220357661	0.764460140164	0.779884615756	1.56452710971	1.06312206863	0.853324407927	0.710172648623	0.905300604157	0.905069463509	1.46198819236	0.694559917835	0.785288434026	0.720326031899	0.660634702755	0.662158757854	1.0032978492	0.869183141614	0.721019980667	0.779903412276	1.01186538424	0.85481282262	0.95258497825	0.501221817303	0.805468293862	0.581688158531	0.59278257129	1.04750659256	0.941620739488	0.459509434509	1.14240880619	1.02116138714	1.06898859352	0.979187075882	0.868519869502	0.915360845819	1.08735208313	1.05765784437	0.811607061382	0.878848506525	0.853804934751	0.791756065732	0.548136993717	0.953275282745	0.55835482842	0.935296911551	0.659210695988	0.887927124215
AH4	0.240959714838	0.335271338811	2.27710834219	0.912568724021	0.741553537941	0.605074871919	0.886520758821	0.659088313195	0.794412329628	0.579136060899	0.870021527308	0.540611899468	0.557129439343	1.95986480909	0.566220357661	0.0	0.696264644756	0.727340565491	1.50542101982	1.05438093765	0.852374209763	0.607792416626	0.816777336878	0.813597216046	1.40415910585	0.577707776704	0.704557617206	0.608869202513	0.648536346061	0.681097549541	0.781615132914	0.612830855486	0.763979980667	0.752834093765	0.943698279362	0.79771937651	0.840624755921	0.6372240116	0.650552102465	0.453725732238	0.451594712421	1.21196887385	1.13519512325	0.573757573707	1.05158499758	0.953236157564	0.927417883035	0.875962039633	0.796285582407	0.762614098598	0.983749144514	0.902262174964	0.605327457709	0.66711037216	0.69793160464	0.598489734171	0.370457515708	0.803868902852	0.370435727405	0.800613431609	0.540782759787	0.769374335428
AA7	0.780491706138	0.676500101498	2.46588728371	1.15398579024	1.02432494925	0.61743739971	1.23500586757	0.563316428226	0.527812237796	0.919218598357	0.496053963267	0.817803349444	0.578817921701	2.15890908652	0.764460140164	0.696264644756	0.0	0.147878521025	1.85161942001	1.34327953117	1.01791218463	0.68099217013	0.425677380377	0.459637781537	1.76151852102	0.845203943934	0.337789096182	0.393807709038	0.748383620106	0.891811735138	0.624520792653	0.469906674722	0.490220758821	0.51194142581	1.18652438376	1.02610533591	0.576354949251	0.833364741421	0.5470799855	0.876667448043	0.673125688739	1.42496255679	1.35727739971	0.833859859836	0.851031933301	0.687313890768	1.15562535041	0.934327834703	1.10488436926	1.0017442726	0.945924238763	1.03914688739	0.709954876752	0.716053663606	0.732697477042	0.720428482359	0.567219096182	1.02039723055	0.572190618656	0.97542517158	0.491025819236	0.837354388594
AA8	0.80791662639	0.679162682455	2.5093582842	1.19954416626	1.02160385694	0.581651358144	1.25313060416	0.536707312711	0.49614378927	0.938787356211	0.442092890285	0.792098506525	0.560692537458	2.19779076849	0.779884615756	0.727340565491	0.147878521025	0.0	1.88958841953	1.37090210246	1.02190394877	0.679664987917	0.432071367811	0.430329700338	1.79733169647	0.875073755437	0.34458497825	0.414381445143	0.766232609956	0.915016839053	0.625456771387	0.455501551474	0.460149362011	0.460112667956	1.13627977284	0.982209434509	0.499842121798	0.804708066699	0.496843281779	0.860041657806	0.644075248913	1.47338969067	1.39996432093	0.804849352344	0.770520033833	0.592560309328	1.11954061382	0.901543852102	1.07102801353	0.972367269212	0.904873992267	0.996954939584	0.670270246496	0.649497124215	0.681384262929	0.687335693572	0.595136437893	0.995581512808	0.602795132914	0.939866737554	0.458371445143	0.802420343161
AB7	1.46149131948	1.58412739971	1.17406401643	1.04851861769	1.46829935234	1.81664065732	1.32222640889	1.85512095215	1.97563697438	1.48461107782	2.06267086032	1.63107720155	1.76689437409	0.942459816336	1.56452710971	1.50542101982	1.85161942001	1.88958841953	0.0	0.606041851136	1.49383625423	1.60996962784	1.95854855486	1.98152764137	1.09278104398	1.42505681005	1.86069647173	1.74358653939	1.39405942484	1.22271767037	1.74513238279	1.68158737071	1.91818814403	1.9561120783	1.86484969067	1.87489312711	2.0087257564	1.51486110681	1.90595371194	1.50549708555	1.68654673272	1.03563279362	1.03344701788	1.53605987917	2.21579666989	2.13842186564	1.92339416626	2.00386745771	1.84084772354	1.8629058869	2.09366734171	1.99526216046	1.8199782407	1.88233536491	1.86316774287	1.79716131948	1.61003506525	1.88956544708	1.61240860802	1.91108086032	1.78658838086	1.95585977284
AB8	1.04526219913	1.07793449009	1.45523889802	0.52247918318	1.04856791203	1.28190716771	0.866316167231	1.31870929918	1.45200211213	0.98693077332	1.51579427743	1.12183949734	1.21990932334	1.14949356694	1.06312206863	1.05438093765	1.34327953117	1.37090210246	0.606041851136	0.0	1.01758913485	1.09300570807	1.42929176897	1.43985894635	1.09599433059	0.922458177864	1.32756674239	1.20934694055	0.830594538424	0.67642499275	1.29211121798	1.24099759304	1.39807346544	1.43349717738	1.4207182697	1.40493964717	1.50419975834	0.992891135814	1.40234443693	1.06114083132	1.20432666989	0.718318898018	0.666722788787	1.01688139198	1.71993268246	1.62532440309	1.56155320445	1.57334149831	1.39790144514	1.43254521508	1.66069412276	1.59160839053	1.39481438859	1.44715320445	1.43171163364	1.3777462929	1.1410100145	1.49180954084	1.15571975834	1.47526681005	1.24873682455	1.52555966167
AC7	0.820862218463	0.880467201547	1.96125285645	0.884506268729	1.04914689705	0.929863446109	0.851965582407	0.916879236346	1.01838243113	0.703558071532	1.10590096665	0.983523673272	0.921651672305	1.65421043499	0.853324407927	0.852374209763	1.01791218463	1.02190394877	1.49383625423	1.01758913485	0.0	0.45928040116	0.99122479942	0.994287056549	1.38531254229	0.659868724021	0.950516437893	0.831069337844	0.566050439826	0.556881541808	0.881381793137	0.821166128565	0.968793272112	0.943576481392	1.23721548574	1.17645982117	1.20368224263	0.74784818753	1.04688896085	0.94114959884	0.9527080232	1.12282227163	1.08414768004	0.746945326245	1.1708518028	1.06974828903	1.46781238279	1.44944453359	1.22428492508	1.28845767521	1.53712947318	1.49359169647	1.13048530208	1.20863876269	1.23584072015	1.17437243113	0.902458675689	1.38991240213	0.89592641856	1.30399332528	0.94869420493	1.33741111648
AC8	0.628214277429	0.623078042533	2.19142087482	0.918664765587	0.988807240213	0.654884649589	0.942954625423	0.639400845819	0.752486360561	0.637240376994	0.866298158531	0.775560575157	0.613731938134	1.87911561141	0.710172648623	0.607792416626	0.68099217013	0.679664987917	1.60996962784	1.09300570807	0.45928040116	0.0	0.707104639923	0.736968192363	1.47756327695	0.571204949251	0.542026157564	0.428515316578	0.465431981634	0.581114035766	0.640632460126	0.509564741421	0.684054717255	0.665653605607	1.06612170614	0.868100328661	0.877669652006	0.640504209763	0.718546558724	0.762900033833	0.624214446593	1.18284300145	1.10354936684	0.65546698405	0.959718322861	0.835967868536	1.25775422426	1.11161671822	0.999745983567	0.987993301112	1.19581468826	1.16082255679	0.799282590623	0.86694919768	0.895784900918	0.830779908168	0.537857162881	1.12666510875	0.546772745288	0.963105761237	0.606201072982	1.00114942968
AD7	0.86958237796	0.829472165297	2.41002017883	1.13866320928	1.22829181247	0.675555350411	1.31001394877	0.550693479942	0.44779117448	0.974381082649	0.415858632189	1.01244510875	0.705701865636	2.10257503142	0.905300604157	0.816777336878	0.425677380377	0.432071367811	1.95854855486	1.42929176897	0.99122479942	0.707104639923	0.0	0.144686607057	1.88705884002	0.897992856452	0.345002851619	0.41964781537	0.693387216046	0.872919033349	0.728428342194	0.604800101498	0.451685553407	0.488541967134	1.30779360561	1.12822726921	0.630476650556	0.827320130498	0.6481860174	1.01692137748	0.815719550507	1.3787739536	1.30151817303	0.864975374577	0.834001706138	0.6681120058	1.33935948284	1.10210999033	1.24993896568	1.17348381827	1.10931534558	1.22952548574	0.887994441759	0.863616563557	0.897268709522	0.910718583857	0.733524519091	1.21685160464	0.749355867569	1.13676244563	0.613347375544	0.995028888352
AD8	0.883845050749	0.821848893185	2.42924336394	1.16546625906	1.19890187047	0.651725128081	1.31720873369	0.516626012566	0.434975896568	0.976728521025	0.3849860029	0.97439159014	0.705425350411	2.12099299662	0.905069463509	0.813597216046	0.459637781537	0.430329700338	1.98152764137	1.43985894635	0.994287056549	0.736968192363	0.144686607057	0.0	1.86630178347	0.875651681972	0.375507699372	0.453637090382	0.709689221846	0.882998303528	0.744247390043	0.61647460609	0.447757747704	0.468581034316	1.28957273079	1.10764434509	0.617953214113	0.806202832286	0.625205065249	0.979086428226	0.784805113581	1.40091785404	1.32390246013	0.84014099565	0.795753977767	0.638469855002	1.317540058	1.08820596423	1.22269240696	1.13707677622	1.09895131948	1.21112212663	0.862621744804	0.829206321895	0.86520297245	0.883422194297	0.76146160464	1.19704061866	0.782271367811	1.10312242146	0.58546579507	0.975024523925
AE7	1.37525884969	1.49094605607	1.90119367327	1.28744081199	1.30844755921	1.68021514741	1.22996319961	1.76643052199	1.90920373127	1.32466921218	1.97078913968	1.45524669406	1.61179328178	1.65870511358	1.46198819236	1.40415910585	1.76151852102	1.79733169647	1.09278104398	1.09599433059	1.38531254229	1.47756327695	1.88705884002	1.86630178347	0.0	1.01376497825	1.79745019816	1.66441063799	1.35058160947	1.27841089415	1.57125747704	1.55733036733	1.86253871919	1.85953236829	1.68015759787	1.73682323828	1.94403501692	1.49565086999	1.7988857854	1.38809256162	1.60897289995	1.47730522475	1.42751162881	1.46525132431	2.05221310295	1.99630293862	1.71466148381	1.85801771387	1.62673888835	1.66315082649	1.97384703238	1.82252515708	1.69631298212	1.74306268246	1.72322587724	1.65236472209	1.53819674722	1.73099113098	1.52410650072	1.75212847753	1.68523710971	1.82359498792
AE8	0.610129047849	0.620662489125	2.11985891252	0.864721855969	0.808113243113	0.751641865636	0.831716085065	0.810198100532	0.954225693572	0.549035534074	1.02469891252	0.660935490575	0.710885113581	1.81001016916	0.694559917835	0.577707776704	0.845203943934	0.875073755437	1.42505681005	0.922458177864	0.659868724021	0.571204949251	0.897992856452	0.875651681972	1.01376497825	0.0	0.841944794587	0.705811884969	0.573413605607	0.5416820203	0.768470536491	0.698256360561	0.907792938618	0.900362692122	1.06341653456	0.973309415176	1.00788694538	0.677383484775	0.890028057032	0.636740362494	0.717462904785	1.13568122281	1.05928519091	0.66448222813	1.16360380377	1.08550390527	1.15489746254	1.14555669889	0.961014654422	1.00081594007	1.24098307878	1.19015223296	0.915949318511	0.958399076849	0.944797496375	0.886771594973	0.698568743354	1.09155046399	0.683512165297	1.02796128565	0.75990459159	1.04464449009
AF7	0.761447346544	0.690849458676	2.38651057032	1.12599847269	1.0961137071	0.591007820203	1.20804891252	0.495471324311	0.447880840986	0.874451454809	0.492256244563	0.881438477525	0.595393552441	2.07369014016	0.785288434026	0.704557617206	0.337789096182	0.34458497825	1.86069647173	1.32756674239	0.950516437893	0.542026157564	0.345002851619	0.375507699372	1.79745019816	0.841944794587	0.0	0.206190135331	0.65345439826	0.81300937651	0.669158269696	0.547009652006	0.408530637989	0.436991730304	1.1545360899	0.97402879652	0.54997818753	0.762726268729	0.555685331078	0.882799869502	0.667533537941	1.36268211213	1.28538767521	0.767692919285	0.840016215563	0.66580622523	1.22370338811	1.00351997583	1.10371450942	1.03611708072	1.01132835669	1.11431474625	0.760180029	0.766057530208	0.811157216046	0.8037379942	0.583020710488	1.08860054616	0.604911691638	1.00712264862	0.502366437893	0.886471014983
AF8	0.663455364911	0.615623895602	2.30052169164	1.01269791687	1.01604074915	0.55375160464	1.10225384727	0.449525577574	0.495002643789	0.768930009667	0.602313591107	0.805126950217	0.544665679072	1.98851230063	0.720326031899	0.608869202513	0.393807709038	0.414381445143	1.74358653939	1.20934694055	0.831069337844	0.428515316578	0.41964781537	0.453637090382	1.66441063799	0.705811884969	0.206190135331	0.0	0.53667720638	0.706648095698	0.640627912035	0.482836249396	0.460990807153	0.477713919768	1.11475972934	0.93472557274	0.618524833253	0.708390691155	0.548563760271	0.801052102465	0.596975611406	1.26893854036	1.1911960609	0.709565596907	0.863033359111	0.725570637989	1.19162277429	0.972347017883	1.03571246496	0.997706771387	0.978219990333	1.08798824553	0.723188724021	0.739178472692	0.786708830353	0.768619980667	0.526837854036	1.05350476559	0.533736539391	0.972092126631	0.466195258579	0.854630691155
AG7	0.67716662639	0.653110062832	1.90748277429	0.630115103915	0.878938003867	0.668111672305	0.894470560657	0.594554557757	0.715439473175	0.604615925568	0.823429357177	0.781393059449	0.646893711938	1.60343049299	0.660634702755	0.648536346061	0.748383620106	0.766232609956	1.39405942484	0.830594538424	0.566050439826	0.465431981634	0.693387216046	0.709689221846	1.35058160947	0.573413605607	0.65345439826	0.53667720638	0.0	0.264268037699	0.788689333011	0.676792527791	0.677451667472	0.754553011116	1.20784266796	1.00249214596	0.91644298695	0.493680299662	0.803495447076	0.791389579507	0.691898598357	0.958829966167	0.873762914451	0.49448102465	1.10187833736	0.990692358627	1.31765119381	1.15295400677	1.12348535041	1.11122900435	1.23571566941	1.22265072015	0.903817916868	0.950101904302	0.968249739004	0.913184649589	0.648605258579	1.18218892218	0.658269676172	1.09839743354	0.691323214113	1.05243907202
AG8	0.687270913485	0.702727158047	1.80111442726	0.564244098598	0.880071155147	0.788370729821	0.784193910101	0.766826104398	0.904837970034	0.591482493958	0.986255896568	0.80833741421	0.756036955051	1.49425892702	0.662158757854	0.681097549541	0.891811735138	0.915016839053	1.22271767037	0.67642499275	0.556881541808	0.581114035766	0.872919033349	0.882998303528	1.27841089415	0.5416820203	0.81300937651	0.706648095698	0.264268037699	0.0	0.897622174964	0.81773738521	0.851633702272	0.886610947318	1.19829262929	1.07084809087	1.07881904785	0.506590038666	0.946458351861	0.772935084582	0.789254552924	0.880194436926	0.810919681005	0.536732252296	1.21346319478	1.0973382697	1.32147746254	1.27005057032	1.13625025616	1.18995826003	1.36181513291	1.33286545674	1.01893715805	1.06729152731	1.06624885452	1.00865315128	0.755714833253	1.22769646689	0.761294543258	1.19904869019	0.809349666506	1.16624577574
AH7	0.746877419043	0.872692687289	2.45082882069	1.2528542001	1.18692889319	0.79613457709	1.19186286129	0.831674253262	0.895460473659	0.916049869502	0.844580807153	0.977767844369	0.82447980667	2.15210689222	1.0032978492	0.781615132914	0.624520792653	0.625456771387	1.74513238279	1.29211121798	0.881381793137	0.640632460126	0.728428342194	0.744247390043	1.57125747704	0.768470536491	0.669158269696	0.640627912035	0.788689333011	0.897622174964	0.0	0.291861271145	0.888841213146	0.866753963267	1.13469090865	1.03602295795	0.841396563557	0.956435161914	0.760288385694	0.946546423393	0.807629304012	1.46651194297	1.40289936201	0.965090019333	1.00783152731	0.916516172064	1.2640580232	1.07831810053	1.15463541808	1.03738032866	1.13019990817	1.16063076365	0.847984137264	0.829388356694	0.841225577574	0.845366955051	0.7559019768	1.15988681005	0.760577452876	1.00490545191	0.680964572257	0.985270976317
AH8	0.634482537458	0.722018840019	2.41586118898	1.14128515708	1.01989328661	0.630544248429	1.12890283712	0.666082474625	0.740053344611	0.807805099082	0.732248564524	0.832285964234	0.67677699855	2.10547915418	0.869183141614	0.612830855486	0.469906674722	0.455501551474	1.68158737071	1.24099759304	0.821166128565	0.509564741421	0.604800101498	0.61647460609	1.55733036733	0.698256360561	0.547009652006	0.482836249396	0.676792527791	0.81773738521	0.291861271145	0.0	0.726688902852	0.680009424843	1.08590206863	0.93850217013	0.735797699372	0.815740850652	0.574702493958	0.801441053649	0.647593890768	1.38940624456	1.31762573707	0.827019526341	0.885532150797	0.77637722088	1.11346399227	0.936858927018	1.04492903335	0.907702150797	0.973216085065	1.02419210246	0.660625766071	0.663733407443	0.706407660706	0.694777361044	0.578605722571	0.999296384727	0.58443280812	0.869371372644	0.504645118415	0.838322078299
AA5	0.85383638956	0.646300405993	2.32125131948	1.10259631223	1.00418465442	0.517754079265	1.25250618173	0.310516317061	0.252650705655	0.905238032866	0.435406911551	0.785213571774	0.587035065249	2.01577952151	0.721019980667	0.763979980667	0.490220758821	0.460149362011	1.91818814403	1.39807346544	0.968793272112	0.684054717255	0.451685553407	0.447757747704	1.86253871919	0.907792938618	0.408530637989	0.460990807153	0.677451667472	0.851633702272	0.888841213146	0.726688902852	0.0	0.271020831319	1.18067477042	0.943246336394	0.606033272112	0.655161894635	0.603772160464	0.839593600773	0.626398733688	1.25655305945	1.18617554857	0.645063528275	0.796107887869	0.627263436443	1.2904239536	1.06419078782	1.07668336878	1.06928404543	1.08274243596	1.194340029	0.804832938618	0.817738192363	0.845933238279	0.853863006283	0.637970217496	1.15835746738	0.678285152247	1.0397619188	0.574157472209	0.957054432093
AA6	0.83445221363	0.667927510875	2.42204746254	1.15265492025	1.00756716771	0.437918612856	1.2144797825	0.353820029	0.330108927018	0.875997713871	0.42369662639	0.771035234413	0.547546906718	2.10674574674	0.779903412276	0.752834093765	0.51194142581	0.460112667956	1.9561120783	1.43349717738	0.943576481392	0.665653605607	0.488541967134	0.468581034316	1.85953236829	0.900362692122	0.436991730304	0.477713919768	0.754553011116	0.886610947318	0.866753963267	0.680009424843	0.271020831319	0.0	1.06023736104	0.834338970517	0.506208893185	0.660198569357	0.487346109232	0.836414364427	0.556544320928	1.35622102465	1.27791739488	0.66050661189	0.575934016433	0.418396263896	1.17756928951	0.961551909135	0.983504615756	0.92432842436	0.983207230546	1.07353416143	0.679680662156	0.708648931851	0.742137172547	0.74216578057	0.650045596907	1.03782086999	0.678933726438	0.897138612856	0.5144080087	0.846892305462
AB5	1.04025471725	0.884018231029	2.54645486709	1.3483282697	0.802888231029	0.953086964717	1.18597492025	1.04999528275	1.16389357661	0.963342469792	1.1495977477	0.746946263896	0.969258496858	2.23455688255	1.01186538424	0.943698279362	1.18652438376	1.13627977284	1.86484969067	1.4207182697	1.23721548574	1.06612170614	1.30779360561	1.28957273079	1.68015759787	1.06341653456	1.1545360899	1.11475972934	1.20784266796	1.19829262929	1.13469090865	1.08590206863	1.18067477042	1.06023736104	0.0	0.40900679072	0.882347926535	1.03331681005	0.922032991783	0.794120531658	0.791967066216	1.53049742871	1.44734131948	0.957537448043	1.01743060416	0.945356350894	0.818208429193	0.923181623973	0.68663102465	0.71513340261	1.02894744321	0.902818231029	0.785033383277	0.829596752054	0.853096476559	0.814258318028	0.969676742388	0.798721952634	0.961864330594	0.78221959884	0.961233634606	0.861913948768
AB6	0.914379362011	0.718822788787	2.52160793137	1.26603599807	0.788226631223	0.734695166747	1.12663155147	0.818836814886	0.946568342194	0.873271938134	0.972978873852	0.607471884969	0.779096732721	2.20773485742	0.85481282262	0.79771937651	1.02610533591	0.982209434509	1.87489312711	1.40493964717	1.17645982117	0.868100328661	1.12822726921	1.10764434509	1.73682323828	0.973309415176	0.97402879652	0.93472557274	1.00249214596	1.07084809087	1.03602295795	0.93850217013	0.943246336394	0.834338970517	0.40900679072	0.0	0.731895480909	0.836193064282	0.781365311745	0.733800633156	0.622744896085	1.46360843403	1.37395701305	0.746707747704	0.756547796037	0.756733407443	0.750693131948	0.686092996617	0.499953977767	0.481098907685	0.800483600773	0.70009459159	0.64493659739	0.69903777187	0.730613910101	0.693859995167	0.788156679555	0.641740604157	0.781452841953	0.537976568391	0.806928883519	0.627381580474
AC5	0.934650715321	0.793364494925	2.63304877719	1.37638486709	0.997656466892	0.620364934751	1.30736080715	0.570190217496	0.577154224263	0.983505679072	0.485910546158	0.759843885935	0.742938477525	2.32203648623	0.95258497825	0.840624755921	0.576354949251	0.499842121798	2.0087257564	1.50419975834	1.20368224263	0.877669652006	0.630476650556	0.617953214113	1.94403501692	1.00788694538	0.54997818753	0.618524833253	0.91644298695	1.07881904785	0.841396563557	0.735797699372	0.606033272112	0.506208893185	0.882347926535	0.731895480909	0.0	0.813629028516	0.460840908652	0.870611126148	0.618851348478	1.59131057516	1.50563511358	0.813399951667	0.553444030933	0.414812542291	0.951245964234	0.733980280329	0.887145746738	0.790684084099	0.737387143548	0.823826940551	0.566416089898	0.506552150797	0.54812717738	0.608281720638	0.777606350894	0.837473098115	0.780828071532	0.751091662639	0.573825137748	0.623038637023
AC6	0.747594146931	0.545588081199	1.98883785404	0.740155403577	0.721214224263	0.624990647656	0.729148405027	0.560017912035	0.733976843886	0.511914272595	0.841941295312	0.623559033349	0.619371072982	1.67991312228	0.501221817303	0.6372240116	0.833364741421	0.804708066699	1.51486110681	0.992891135814	0.74784818753	0.640504209763	0.827320130498	0.806202832286	1.49565086999	0.677383484775	0.762726268729	0.708390691155	0.493680299662	0.506590038666	0.956435161914	0.815740850652	0.655161894635	0.660198569357	1.03331681005	0.836193064282	0.813629028516	0.0	0.76985421943	0.631744504592	0.59264478492	0.822190575157	0.734719782504	0.276520985984	1.02319922668	0.909612677622	1.16354025133	1.10876804253	0.936509903335	0.988353992267	1.17288997583	1.14041951667	0.838114108265	0.909533852102	0.919505775737	0.856471841469	0.620360019333	1.04009494442	0.650905413243	0.999983871435	0.669710985984	1.00929884002
AD6	0.730160923151	0.615041923635	2.54748021266	1.18924798937	0.888719753504	0.440386674722	1.18766099082	0.474086408893	0.562641358144	0.865483233446	0.46632959884	0.667561449976	0.553634871919	2.22990280812	0.805468293862	0.650552102465	0.5470799855	0.496843281779	1.90595371194	1.40234443693	1.04688896085	0.718546558724	0.6481860174	0.625205065249	1.7988857854	0.890028057032	0.555685331078	0.548563760271	0.803495447076	0.946458351861	0.760288385694	0.574702493958	0.603772160464	0.487346109232	0.922032991783	0.781365311745	0.460840908652	0.76985421943	0.0	0.690913523441	0.386846785887	1.49595317545	1.41218856936	0.743222909618	0.695931068149	0.581368530691	0.903479439343	0.697941043983	0.874787380377	0.734237037216	0.724314316095	0.806962948284	0.464099618173	0.459483576607	0.503449507008	0.488820860319	0.58948901885	0.789683073949	0.59246940551	0.701758554857	0.359070483325	0.580659748671
AE5	0.554944673755	0.446467549541	2.30142479459	0.962254852586	0.630099676172	0.681590947318	0.8430459884	0.716889318511	0.911341551474	0.558058516191	0.962973726438	0.512220057999	0.648722247463	1.98524984534	0.581688158531	0.453725732238	0.876667448043	0.860041657806	1.50549708555	1.06114083132	0.94114959884	0.762900033833	1.01692137748	0.979086428226	1.38809256162	0.636740362494	0.882799869502	0.801052102465	0.791389579507	0.772935084582	0.946546423393	0.801441053649	0.839593600773	0.836414364427	0.794120531658	0.733800633156	0.870611126148	0.631744504592	0.690913523441	0.0	0.374733233446	1.18843797003	1.10104798937	0.551906292895	1.10503707105	1.01826835669	0.873468177864	0.879998028033	0.746526085065	0.714918815853	0.985832054132	0.906301353311	0.61772120348	0.699990884485	0.710732687289	0.617262087965	0.511739864669	0.79960638956	0.522305055582	0.750036447559	0.639937230546	0.786126379894
AE6	0.578497984534	0.392242590623	2.39501259546	1.04940553407	0.689821126148	0.450638670855	0.970515906235	0.475422426293	0.624821155147	0.647638458192	0.696833591107	0.488156945384	0.440401696472	2.07555943451	0.59278257129	0.451594712421	0.673125688739	0.644075248913	1.68654673272	1.20432666989	0.9527080232	0.624214446593	0.815719550507	0.784805113581	1.60897289995	0.717462904785	0.667533537941	0.596975611406	0.691898598357	0.789254552924	0.807629304012	0.647593890768	0.626398733688	0.556544320928	0.791967066216	0.622744896085	0.618851348478	0.59264478492	0.386846785887	0.374733233446	0.0	1.29886476559	1.21563898985	0.515480338328	0.833441121315	0.742254639923	0.875125664572	0.736035427743	0.711891295312	0.640506365394	0.82706680522	0.785756346061	0.437663948768	0.517645925568	0.534678332528	0.444094760754	0.405222880619	0.744933059449	0.416064639923	0.632573924601	0.426092387627	0.626503827936
AF5	1.23965115998	1.16884040599	1.33483852102	0.577207496375	1.13718208313	1.32600723538	0.869377887869	1.23391033349	1.32454165781	0.964808907685	1.48758088932	1.23298697922	1.26316412276	1.03215179797	1.04750659256	1.21196887385	1.42496255679	1.47338969067	1.03563279362	0.718318898018	1.12282227163	1.18284300145	1.3787739536	1.40091785404	1.47730522475	1.13568122281	1.36268211213	1.26893854036	0.958829966167	0.880194436926	1.46651194297	1.38940624456	1.25655305945	1.35622102465	1.53049742871	1.46360843403	1.59131057516	0.822190575157	1.49595317545	1.18843797003	1.29886476559	0.0	0.160967718705	0.932185558241	1.722220203	1.61784506042	1.70666282262	1.69287061382	1.52759400193	1.59867884485	1.77566858386	1.75323959401	1.50269242629	1.58034840986	1.59190368777	1.51566072499	1.21096602223	1.64755154181	1.23392342194	1.62752333978	1.37233583857	1.63290550991
AF6	1.17486468826	1.09006189947	1.40082053649	0.50377098115	1.06486211696	1.25017156114	0.80034500725	1.1516602465	1.25139163847	0.887737796037	1.41930886902	1.15040665539	1.18587778637	1.09613201547	0.941620739488	1.13519512325	1.35727739971	1.39996432093	1.03344701788	0.666722788787	1.08414768004	1.10354936684	1.30151817303	1.32390246013	1.42751162881	1.05928519091	1.28538767521	1.1911960609	0.873762914451	0.810919681005	1.40289936201	1.31762573707	1.18617554857	1.27791739488	1.44734131948	1.37395701305	1.50563511358	0.734719782504	1.41218856936	1.10104798937	1.21563898985	0.160967718705	0.0	0.852562025133	1.64486303045	1.53842444659	1.61115248429	1.59571241663	1.42888679555	1.49903535041	1.66926429676	1.65617968584	1.42475031416	1.49933287095	1.49352366361	1.43605744321	1.13394541808	1.54681139198	1.15363086999	1.51789984534	1.28889302078	1.54339296762
AG5	0.694929033349	0.454275485742	2.07117056549	0.776813876269	0.6167359739	0.553205930401	0.787686742388	0.532150913485	0.700414852586	0.517052619623	0.809031841469	0.521502136298	0.54258739971	1.75848769937	0.459509434509	0.573757573707	0.833859859836	0.804849352344	1.53605987917	1.01688139198	0.746945326245	0.65546698405	0.864975374577	0.84014099565	1.46525132431	0.66448222813	0.767692919285	0.709565596907	0.49448102465	0.536732252296	0.965090019333	0.827019526341	0.645063528275	0.66050661189	0.957537448043	0.746707747704	0.813399951667	0.276520985984	0.743222909618	0.551906292895	0.515480338328	0.932185558241	0.852562025133	0.0	0.991376085065	0.883298738521	1.0791218753	1.01047218946	0.86066361044	0.888193383277	1.10082660222	1.04623208313	0.745305969067	0.82617961334	0.838783359111	0.753069917835	0.585203740938	0.957922039633	0.600120753987	0.90561821653	0.640849787337	0.909356259062
