	AA3	AA4	AB3	AB4	AC3	AC4	AD3	AD4	AE3	AE4	AF3	AF4	AG3	AG4	AH3	AH4	AA7	AA8	AB7	AB8	AC7	AC8	AD7	AD8	AE7	AE8	AF7	AF8	AG7	AG8	AH7	AH8	AA5	AA6	AB5	AB6	AC5	AC6	AD6	AE5	AE6	AF5	AF6	AG5	AH5	AH6	AA1	AA2	AB1	AB2	AC1	AC2	AD1	AD2	AE1	AE2	AF1	AF2	AG1	AG2	AH1	AH2
AA3	0.0	0.534220927985	2.29401365877	1.02214663122	0.855176742388	0.764935746738	0.915056172064	0.793525848236	0.852660106332	0.669523542774	0.923302890285	0.744279468342	0.744490729821	1.93130955534	0.764116085065	0.248595031416	0.779708066699	0.745685398743	1.46830056549	1.07942715321	0.853277129048	0.677831981634	0.871211169647	0.857381324311	1.3773460464	0.584954461092	0.78541178347	0.642675147414	0.735427525375	0.677830376994	0.765900521991	0.681502812953	0.873980024166	0.828303122281	1.11513082649	0.897466621556	0.911660584824	0.755104842919	0.780071019816	0.587297791203	0.597135128081	1.30291322378	1.13753658772	0.699091580474	1.10347028516	1.05983608023	0.962177597873	0.911212909618	0.904350130498	0.855698385694	1.04595270662	0.932028472692	0.67610139681	0.724185548574	0.733731353311	0.660830570324	0.538895316578	0.896939221846	0.515946085065	0.860275886902	0.669139260512	0.941520937651
AA4	0.534220927985	0.0	2.26652906718	0.9446640116	0.644887240213	0.545476558724	0.872740212663	0.504774838086	0.644806070565	0.565689893668	0.76481258579	0.492568516191	0.455853958434	1.90566116481	0.298033136781	0.329336810053	0.655885717738	0.625524963751	1.55704118415	1.09807960367	0.874540376994	0.654734717255	0.838960101498	0.818364156597	1.48855429193	0.59550478492	0.691894528758	0.617542435959	0.692426056066	0.662594842919	0.840105132914	0.663803963267	0.646701309811	0.618523827936	0.968964436926	0.673127694538	0.742127322378	0.532061304978	0.559398608023	0.497844915418	0.376399681005	1.21680266796	1.05330936684	0.44060940551	0.970883044949	0.861954543258	0.923783794103	0.780319299178	0.73992340261	0.726110285162	0.950579173514	0.855208936684	0.604764915418	0.634080405993	0.635299076849	0.603190879652	0.419063127115	0.831587312711	0.429147757371	0.72400338811	0.471788066699	0.770199922668
AB3	2.29401365877	2.26652906718	0.0	1.4272739681	2.17895845336	2.39765124215	1.92323751571	2.30915446109	2.34129837603	2.10582008217	2.52410579024	2.29122651522	2.34102070565	0.403621290478	2.17516747221	2.27158593523	2.50103504592	2.49427519091	1.17197752054	1.46693333011	1.98621733204	2.17904127115	2.43595414693	2.40517892702	1.928549826	2.15332347028	2.37336532624	2.31117404543	1.88721356694	1.84501722088	2.46152765587	2.44100405027	2.31805746254	2.39551524408	2.5793679362	2.47549205413	2.64025021266	1.99119389077	2.54209990333	2.3184621798	2.41472053166	1.30425367811	1.44362552924	2.10629993233	2.7740580377	2.66103686322	2.68785996617	2.69470486709	2.54545810536	2.62975300145	2.80374854036	2.73791486225	2.59147858386	2.63820476559	2.62722533108	2.60097462059	2.31342592073	2.70667914451	2.29113039633	2.64493658289	2.43838698405	2.68647899468
AB4	1.02214663122	0.9446640116	1.4272739681	0.0	0.925066186564	1.07147493475	0.774582928951	1.06109499275	1.15254206863	0.827409903335	1.25282622523	0.987097264379	0.943907211213	1.05057684389	0.902079681005	0.963700850652	1.22742721605	1.20740135814	0.954089333011	0.495262938618	0.959264030933	0.967174195263	1.19788751571	1.1918381827	1.27202629773	0.902364349927	1.16096993717	1.0626682262	0.670240033833	0.626822556791	1.30411190913	1.19939144514	1.15625329628	1.16504410826	1.41062686322	1.25185907202	1.41479924118	0.757805519575	1.22606529725	1.00111256162	1.10771262446	0.569329289512	0.461596858386	0.848597196713	1.55011823103	1.43571065732	1.46782318511	1.41444052682	1.31467467376	1.36298151764	1.57562447076	1.48923111165	1.30187086032	1.34874934751	1.36103875785	1.30635723055	1.0398940406	1.45905134364	1.01735615756	1.36522357177	1.13477985984	1.41137365877
AC3	0.855176742388	0.644887240213	2.17895845336	0.925066186564	0.0	0.781236259062	0.815888390527	0.84514542291	0.978122174964	0.643800323828	1.07371077815	0.332534644756	0.833063740938	1.82153129531	0.641817747704	0.750666147898	0.988448298695	0.954386945384	1.42293019333	1.03501386177	1.07080935718	1.00998076849	1.24142365877	1.21699596907	1.28072542774	0.840562687289	1.09369898502	1.02512618656	0.925655181247	0.869636350894	1.18015753504	0.997819555341	1.01957289995	0.976938443693	0.873395737071	0.745570323828	1.01011756887	0.723117225713	0.851252904785	0.624304258096	0.697554161431	1.1368499855	1.00667432576	0.606494055099	1.22730858386	1.13723229096	0.891795132914	0.936686868052	0.752440686322	0.810975070082	1.096769739	0.970695722571	0.806811227646	0.871237138714	0.868794668922	0.792461657806	0.818185340744	0.904386916385	0.79906919768	0.869749874335	0.874485553407	0.952589521508
AC4	0.764935746738	0.545476558724	2.39765124215	1.07147493475	0.781236259062	0.0	1.11589161914	0.360163006283	0.442204050266	0.782853566941	0.361828177864	0.531560405993	0.421828003867	2.03397947318	0.658531019816	0.639990140164	0.580460836153	0.520772899952	1.81914568874	1.32565145481	0.91513817303	0.646158680522	0.647666781054	0.630197506042	1.71129235863	0.781889908168	0.572613919768	0.551757100048	0.681762083132	0.763648163364	0.818274635089	0.599633117448	0.498876234896	0.410016974384	1.027779855	0.745987965201	0.589689255679	0.638539922668	0.435618714355	0.75054482842	0.507841672305	1.36012168197	1.20494162397	0.566502706622	0.739990633156	0.62211218463	1.05641177864	0.815017539874	0.838040531658	0.805250072499	0.923589323345	0.929209468342	0.598653325278	0.675277341711	0.695214253262	0.649708733688	0.5857260174	0.942031401643	0.651205427743	0.764487312711	0.424210251329	0.793778888352
AD3	0.915056172064	0.872740212663	1.92323751571	0.774582928951	0.815888390527	1.11589161914	0.0	1.03200703722	1.25184325761	0.414003475109	1.33795570807	0.920279130014	1.07725752537	1.55967827453	0.811143615273	0.868565538908	1.21869093765	1.17760925568	1.31362457709	0.84018381827	0.897914934751	0.938576524891	1.28417282262	1.26891689705	1.228790174	0.824327752537	1.19524829386	1.05400656356	0.861317858869	0.760876495892	1.17283672305	1.10625953601	1.22350247946	1.14626382794	1.21781592073	1.07100036733	1.27674938134	0.696262136298	1.15362546158	0.820916892218	0.959148177864	0.852376510391	0.706407259546	0.764573465442	1.44760742388	1.3622058144	1.35496327211	1.33377085065	1.15560525858	1.18577524408	1.48596831803	1.39390213146	1.1795422378	1.23319312711	1.25061135331	1.16975874819	0.939976544224	1.32598983567	0.918150637989	1.22624257612	1.13089863219	1.32832955051
AD4	0.793525848236	0.504774838086	2.30915446109	1.06109499275	0.84514542291	0.360163006283	1.03200703722	0.0	0.269490188497	0.675581048816	0.45619159014	0.642996964717	0.496064059932	1.94586908168	0.599728419526	0.630674316095	0.553662373127	0.516365311745	1.82373266796	1.33910038666	0.901615079749	0.603974601257	0.563261696472	0.525481362977	1.76694631706	0.805363460609	0.476822735621	0.457506167231	0.589236853552	0.735627641373	0.823327694538	0.599750062832	0.313436660222	0.330124601257	1.09398744321	0.801987868536	0.540628163364	0.575343673272	0.463352924118	0.756740584824	0.533966205897	1.26204341228	1.10262871919	0.532339971	0.717876655389	0.599016157564	1.11795767521	0.874507332044	0.949568622523	0.887963489609	0.946742431126	0.987493537941	0.653995084582	0.697241536974	0.699021918801	0.704151043983	0.544106964717	1.00885242629	0.619898177864	0.855410618656	0.480319299178	0.843999352344
AE3	0.852660106332	0.644806070565	2.34129837603	1.15254206863	0.978122174964	0.442204050266	1.25184325761	0.269490188497	0.0	0.884393470275	0.361637409377	0.781057834703	0.535116123731	1.98462398743	0.699217892702	0.740833117448	0.515114697922	0.520611198647	1.91007136298	1.44199525375	0.964330903818	0.684252783954	0.484012967617	0.436535369744	1.87566099082	0.91909698405	0.406659246013	0.501231696472	0.671102054132	0.840057675205	0.896463566941	0.660191116481	0.212344915418	0.339019574674	1.20603620106	0.932208864186	0.561208608023	0.7362360174	0.56503640406	0.916965669406	0.648106950217	1.32742153697	1.191399855	0.681264349927	0.769578463026	0.647687515708	1.23776107782	0.986720449493	1.07309667472	1.00244265829	1.05643810053	1.10842660706	0.764720894152	0.809593175447	0.802416312228	0.824590686322	0.659803378444	1.13834368777	0.733858496858	0.964620845819	0.546430821653	0.952560782987
AE4	0.669523542774	0.565689893668	2.10582008217	0.827409903335	0.643800323828	0.782853566941	0.414003475109	0.675581048816	0.884393470275	0.0	1.00527135331	0.629776128565	0.776101261479	1.74021845336	0.550324809087	0.579962953117	0.885436249396	0.849674325761	1.45649097148	0.970940778154	0.744758061866	0.674991474142	0.941347423876	0.922881754471	1.3266898695	0.566962054132	0.84987879652	0.71527282262	0.606554915418	0.564190874819	0.92809661189	0.791789536008	0.869871522475	0.821009855002	0.99637038666	0.821927486709	0.936245045916	0.457709710005	0.816012087965	0.571433049783	0.664854755921	1.00424878202	0.837906732721	0.469122141131	1.1504398695	1.05297498308	1.08057779604	1.05503035283	0.913391169647	0.932993315611	1.21637641373	1.12470117931	0.909550343161	0.932118864186	0.943513359111	0.885643914935	0.632590314161	1.06061543741	0.623600792653	0.971250874819	0.793444475592	1.04091124698
AF3	0.923302890285	0.76481258579	2.52410579024	1.25282622523	1.07371077815	0.361828177864	1.33795570807	0.45619159014	0.361637409377	1.00527135331	0.0	0.827794867086	0.614139913001	2.16219907685	0.867351048816	0.849139478009	0.492196312228	0.474378110198	2.01260044949	1.51973125181	1.07753489609	0.813428859352	0.407193876269	0.377983518608	1.95187673755	0.996038540358	0.454601430643	0.615500009667	0.809732851619	0.942218535524	0.831301159981	0.647031039149	0.434221000483	0.458853359111	1.20120668922	0.967825732238	0.466236060899	0.840037941034	0.507483634606	0.973917433543	0.709492895118	1.51224177864	1.36360289029	0.788683808603	0.707721662639	0.590387235379	1.20145566457	0.945891169647	1.09757251812	0.992035920735	1.02229033833	1.04911673755	0.753773257612	0.771657554374	0.791585050749	0.772325137748	0.784282924118	1.06703624456	0.857573122281	0.938119221846	0.546468472692	0.913528632189
AF4	0.744279468342	0.492568516191	2.29122651522	0.987097264379	0.332534644756	0.531560405993	0.920279130014	0.642996964717	0.781057834703	0.629776128565	0.827794867086	0.0	0.621294557757	1.92772272112	0.540919294345	0.606421362977	0.848415480909	0.801882643789	1.59759086999	1.12031301112	0.960689357177	0.827315432576	1.04533827453	1.01859042049	1.43009214596	0.679876065732	0.907121565974	0.841882609956	0.828308608023	0.770680188497	1.03827394877	0.857207675205	0.820869729338	0.770030826486	0.81931579507	0.567181875302	0.791267796037	0.63788962784	0.669272576124	0.567111237313	0.562897999033	1.2252859739	1.08652876752	0.51595560174	1.00132419526	0.903772580957	0.836637926535	0.800689922668	0.63474882552	0.690501768971	0.980503629773	0.873883620106	0.662115867569	0.725995688739	0.752111923635	0.671458003867	0.67557937651	0.822207419043	0.664028753021	0.727940932818	0.686387950701	0.808038521025
AG3	0.744490729821	0.455853958434	2.34102070565	0.943907211213	0.833063740938	0.421828003867	1.07725752537	0.496064059932	0.535116123731	0.776101261479	0.614139913001	0.621294557757	0.0	1.96018632673	0.50292959884	0.595030149831	0.563770483325	0.543928066699	1.75419039633	1.27460560657	0.935774055099	0.64118258579	0.710005466409	0.708378511358	1.65046056549	0.744672092798	0.59025101015	0.553784755921	0.702606365394	0.757894543258	0.842863702272	0.647258849686	0.564907631706	0.488112150797	1.03493533108	0.763194567424	0.709722054132	0.646359400677	0.530237119381	0.703847254712	0.475102049299	1.31321501208	1.15862692122	0.570649076849	0.87904179797	0.765184267762	1.00809160464	0.775110705655	0.844731938134	0.79236539391	0.942887660706	0.888812580957	0.588212812953	0.643415708072	0.668613064282	0.618637916868	0.49093962784	0.919906665056	0.545212522958	0.759683484775	0.412668279362	0.765458463026
AG4	1.93130955534	1.90566116481	0.403621290478	1.05057684389	1.82153129531	2.03397947318	1.55967827453	1.94586908168	1.98462398743	1.74021845336	2.16219907685	1.92772272112	1.96018632673	0.0	1.81632455776	1.90717536491	2.14523061382	2.13528601257	0.902715766071	1.11361064766	1.63044159981	1.81926840019	2.07647639439	2.04352507008	1.64528261962	1.79565024166	2.0150522233	1.94852527308	1.53653146448	1.48854687289	2.11896273079	2.08154231513	1.96203778637	2.03294609473	2.22644472209	2.11570699372	2.28267460609	1.63610117448	2.17689448526	1.95469527308	2.04961881585	0.952514552924	1.09113835186	1.74676222813	2.41527348961	2.29890035766	2.32473878202	2.32945768971	2.1800679507	2.26185701788	2.44327196713	2.37556618656	2.22787964234	2.27423633156	2.26603049783	2.23552649589	1.95094309328	2.34449827936	1.93031752537	2.27743594973	2.07913159014	2.32304518608
AH3	0.764116085065	0.298033136781	2.17516747221	0.902079681005	0.641817747704	0.658531019816	0.811143615273	0.599728419526	0.699217892702	0.550324809087	0.867351048816	0.540919294345	0.50292959884	1.81632455776	0.0	0.566548158531	0.766581860802	0.755900758821	1.56128304978	1.1021779797	0.876098037699	0.748322566457	0.923260604157	0.919726553891	1.49021479459	0.724055534074	0.779074944418	0.718102725955	0.703982875785	0.670426278395	1.0165882552	0.833918927018	0.687012068632	0.673012373127	1.02087462542	0.760965712905	0.859553963267	0.50048741421	0.727128738521	0.607053131948	0.547526486225	1.10030946351	0.946737941034	0.434136752054	1.08033977767	0.975000033833	1.02726682939	0.887288269696	0.838033987434	0.844162136298	1.04420715805	0.970925592073	0.765961116481	0.796805848236	0.792124316095	0.762728327695	0.567013160947	0.954835258579	0.559129971	0.832277617206	0.641534852586	0.883268429193
AH4	0.248595031416	0.329336810053	2.27158593523	0.963700850652	0.750666147898	0.639990140164	0.868565538908	0.630674316095	0.740833117448	0.579962953117	0.849139478009	0.606421362977	0.595030149831	1.90717536491	0.566548158531	0.0	0.668598661189	0.632889120348	1.47202155147	1.05544898018	0.827041353311	0.606434794587	0.795309265346	0.775100328661	1.40664875302	0.551463334944	0.694935263412	0.585162310295	0.676259482842	0.637674388594	0.745234064766	0.590174963751	0.749935664572	0.699864910585	1.03840328661	0.759790932818	0.814944287095	0.611980289995	0.658686447559	0.502905118415	0.450440289995	1.24421834703	1.07433241179	0.541600647656	1.02248552924	0.946365843403	0.967351962301	0.859716544224	0.825693407443	0.767645509908	1.01270365877	0.910400343161	0.607661725471	0.676723914935	0.70204037216	0.627211498308	0.377339009183	0.883826887385	0.366657153214	0.770847322378	0.558614088932	0.861285103915
AA7	0.779708066699	0.655885717738	2.50103504592	1.22742721605	0.988448298695	0.580460836153	1.21869093765	0.553662373127	0.515114697922	0.885436249396	0.492196312228	0.848415480909	0.563770483325	2.14523061382	0.766581860802	0.668598661189	0.0	0.128682899952	1.82373088449	1.37414066216	1.00588387144	0.695607752537	0.454958608023	0.469577472209	1.75562172064	0.844579975834	0.379200169164	0.436988463026	0.77708337361	0.877470062832	0.632840845819	0.369427515708	0.498586341228	0.498286607057	1.23427567424	0.994232232963	0.523470932818	0.811864934751	0.496544896085	0.894688931851	0.680011121315	1.49550236346	1.34800148381	0.794051072982	0.813523349444	0.682453301112	1.11950959884	0.874828110198	1.06902707105	0.959613731271	0.926468148864	0.961386689222	0.669859400677	0.68079481392	0.681686273562	0.68070677622	0.532478482359	0.98580118898	0.602170758821	0.920348119865	0.444797641373	0.85488717738
AA8	0.745685398743	0.625524963751	2.49427519091	1.20740135814	0.954386945384	0.520772899952	1.17760925568	0.516365311745	0.520611198647	0.849674325761	0.474378110198	0.801882643789	0.543928066699	2.13528601257	0.755900758821	0.632889120348	0.128682899952	0.0	1.80329611406	1.33334844369	0.95089240696	0.640889105848	0.462507452876	0.476021744804	1.71680479459	0.799520671822	0.39498537941	0.407892097632	0.751473832769	0.852323363944	0.584292058966	0.310378564524	0.522530314161	0.474531855969	1.17900140648	0.940976457226	0.509693117448	0.777550927985	0.452826201063	0.845043682939	0.641322895118	1.49128228613	1.33668211213	0.747563919768	0.776094610923	0.645482938618	1.08252712421	0.846073368777	1.01255333494	0.911027100048	0.90349759304	0.928984581924	0.617711561141	0.651004103432	0.661959787337	0.630559362011	0.531553620106	0.951607617206	0.602398569357	0.869494142098	0.399971744804	0.830186674722
AB7	1.46830056549	1.55704118415	1.17197752054	0.954089333011	1.42293019333	1.81914568874	1.31362457709	1.82373266796	1.91007136298	1.45649097148	2.01260044949	1.59759086999	1.75419039633	0.902715766071	1.56128304978	1.47202155147	1.82373088449	1.80329611406	0.0	0.566311237313	1.51313332528	1.59654296762	1.9205320058	1.90657114065	1.10546120831	1.41173518125	1.82733489125	1.70078178347	1.36730360561	1.20825496375	1.72816176414	1.69842860802	1.88585611406	1.88635945384	1.91029085065	1.79902989367	1.98365514741	1.46874365877	1.8717820058	1.50977395843	1.66198956501	0.974361628806	1.0203361189	1.52851595457	2.1751738376	2.08790275495	1.93339055582	1.96863848236	1.81208626873	1.8661717883	2.09775320445	1.99588200097	1.83931389077	1.87171560657	1.86438708555	1.82759362977	1.62036201063	1.94946509425	1.58361690672	1.88941533108	1.77856309328	1.97284418076
AB8	1.07942715321	1.09807960367	1.46693333011	0.495262938618	1.03501386177	1.32565145481	0.84018381827	1.33910038666	1.44199525375	0.970940778154	1.51973125181	1.12031301112	1.27460560657	1.11361064766	1.1021779797	1.05544898018	1.37414066216	1.33334844369	0.566311237313	0.0	1.029859971	1.08884327211	1.43957024166	1.42189811503	1.10008594007	0.944201565974	1.34986283229	1.21258556791	0.860230734654	0.706217153214	1.29319932334	1.24589844369	1.41647483325	1.39129112615	1.48626239729	1.33402961817	1.51408529241	0.98648481392	1.39467606573	1.07974096182	1.22312579024	0.717237293378	0.683282542291	1.03901364911	1.70805371677	1.60537115031	1.58072503142	1.56322444176	1.38987288545	1.44147046883	1.707250145	1.60753520058	1.42275046399	1.45758030933	1.46543680522	1.41984449009	1.16935502658	1.57197553891	1.14864939101	1.4654119043	1.29855555824	1.56635118415
AC7	0.853277129048	0.874540376994	1.98621733204	0.959264030933	1.07080935718	0.91513817303	0.897914934751	0.901615079749	0.964330903818	0.744758061866	1.07753489609	0.960689357177	0.935774055099	1.63044159981	0.876098037699	0.827041353311	1.00588387144	0.95089240696	1.51313332528	1.029859971	0.0	0.419972290962	0.968428086032	0.948918124698	1.4179118463	0.699550836153	0.926048835186	0.780277032383	0.578197597873	0.577376495892	0.874864968584	0.843032141131	0.930818197197	0.892581846303	1.28749424843	1.11764052199	1.15752894635	0.734532527791	1.06970104398	1.00296046883	0.983426041566	1.19787492508	1.04617556307	0.747337216046	1.1599340551	1.03685478492	1.48121116965	1.4077799565	1.23713637506	1.28136497825	1.55248905268	1.47036431609	1.12612039149	1.21765531174	1.24107534558	1.16263560657	0.876526868052	1.4281978202	0.857072745288	1.25537050266	0.933435548574	1.40173327211
AC8	0.677831981634	0.654734717255	2.17904127115	0.967174195263	1.00998076849	0.646158680522	0.938576524891	0.603974601257	0.684252783954	0.674991474142	0.813428859352	0.827315432576	0.64118258579	1.81926840019	0.748322566457	0.606434794587	0.695607752537	0.640889105848	1.59654296762	1.08884327211	0.419972290962	0.0	0.67008060899	0.665222547124	1.49825898502	0.586707071049	0.553044316095	0.410030029	0.458533968101	0.558061623973	0.640641735138	0.533543513775	0.64676879652	0.615129352344	1.15485809087	0.87722040116	0.845290662156	0.630523523441	0.740750338328	0.833731909135	0.698240575157	1.20130972934	1.04442159981	0.637007641373	0.922277249879	0.82072279362	1.30223592073	1.09132120831	1.05526667472	1.02093538424	1.2335079942	1.17107251812	0.807249337844	0.896381445143	0.917507530208	0.850843102948	0.540532479459	1.17713762204	0.574470410826	0.968723914935	0.606937544708	1.07965309328
AD7	0.871211169647	0.838960101498	2.43595414693	1.19788751571	1.24142365877	0.647666781054	1.28417282262	0.563261696472	0.484012967617	0.941347423876	0.407193876269	1.04533827453	0.710005466409	2.07647639439	0.923260604157	0.795309265346	0.454958608023	0.462507452876	1.9205320058	1.43957024166	0.968428086032	0.67008060899	0.0	0.138395161914	1.87514654422	0.884559608507	0.342119908168	0.456931014983	0.691879603673	0.849088313195	0.708649768004	0.534599550507	0.47901161914	0.531203852102	1.35694977767	1.11901625423	0.60486099565	0.841544654422	0.667373702272	1.05509772837	0.844957481875	1.43797965684	1.27831707588	0.872881928468	0.817338332528	0.717919371677	1.34475531174	1.08922929918	1.25332755437	1.15029505558	1.13702533591	1.20006949251	0.886847887869	0.888195287579	0.893529772837	0.908585606573	0.694119091348	1.22504001933	0.761184697922	1.10574708555	0.599062252296	1.05845987917
AD8	0.857381324311	0.818364156597	2.40517892702	1.1918381827	1.21699596907	0.630197506042	1.26891689705	0.525481362977	0.436535369744	0.922881754471	0.377983518608	1.01859042049	0.708378511358	2.04352507008	0.919726553891	0.775100328661	0.469577472209	0.476021744804	1.90657114065	1.42189811503	0.948918124698	0.665222547124	0.138395161914	0.0	1.84058122281	0.855575118415	0.339142445626	0.4602919768	0.673299531174	0.830169304012	0.724293533108	0.528871193813	0.444498999517	0.515498221363	1.3544861189	1.10948628323	0.614488965684	0.819418511358	0.668512788787	1.03373132431	0.826220347994	1.40814880619	1.25434242629	0.845983508942	0.826746892218	0.717019801837	1.35529436926	1.10110451909	1.24395940068	1.13457566941	1.15759376994	1.21030763171	0.886850550991	0.898881633639	0.902997259546	0.919727699372	0.715640159497	1.2393581392	0.785460265829	1.09455336394	0.60092219913	1.06956379894
AE7	1.3773460464	1.48855429193	1.928549826	1.27202629773	1.28072542774	1.71129235863	1.228790174	1.76694631706	1.87566099082	1.3266898695	1.95187673755	1.43009214596	1.65046056549	1.64528261962	1.49021479459	1.40664875302	1.75562172064	1.71680479459	1.10546120831	1.10008594007	1.4179118463	1.49825898502	1.87514654422	1.84058122281	0.0	1.01216802803	1.80692758337	1.64657416626	1.38721539874	1.28773198647	1.57104494442	1.59702648139	1.86349353311	1.81999553891	1.72875553891	1.67802543741	1.91149064282	1.48913252296	1.80194983567	1.36271338811	1.59549685355	1.47247114065	1.44181294828	1.46687827453	2.03063152731	1.97263623973	1.71243851136	1.81897706138	1.60884285645	1.66583727888	1.96437012083	1.82240850652	1.71518358627	1.72477117931	1.73203441276	1.66763233446	1.5734162204	1.7664817883	1.52566134364	1.71136918318	1.70967424843	1.84658862736
AE8	0.584954461092	0.59550478492	2.15332347028	0.902364349927	0.840562687289	0.781889908168	0.824327752537	0.805363460609	0.91909698405	0.566962054132	0.996038540358	0.679876065732	0.744672092798	1.79565024166	0.724055534074	0.551463334944	0.844579975834	0.799520671822	1.41173518125	0.944201565974	0.699550836153	0.586707071049	0.884559608507	0.855575118415	1.01216802803	0.0	0.844703963267	0.6836619913	0.628602556791	0.540534765587	0.747492141131	0.694475176414	0.908777066216	0.859182561624	1.13782734654	0.915699255679	0.971734359594	0.679220115998	0.871695398743	0.655769855002	0.723368477525	1.19526919285	1.03056584824	0.648955070082	1.1379280232	1.07124733204	1.1641477767	1.09071260996	0.964906795553	0.979110130498	1.24107924118	1.16731602223	0.911260778154	0.933067230546	0.949394059932	0.891637104882	0.675650077332	1.1357920783	0.671580865152	0.961358438859	0.770519366844	1.08566504592
AF7	0.78541178347	0.691894528758	2.37336532624	1.16096993717	1.09369898502	0.572613919768	1.19524829386	0.476822735621	0.406659246013	0.84987879652	0.454601430643	0.907121565974	0.59025101015	2.0150522233	0.779074944418	0.694935263412	0.379200169164	0.39498537941	1.82733489125	1.34986283229	0.926048835186	0.553044316095	0.342119908168	0.339142445626	1.80692758337	0.844703963267	0.0	0.255866234896	0.641566471725	0.767757298212	0.697470140164	0.496769134848	0.401662257129	0.458544523925	1.21985304012	0.966030091832	0.532777501208	0.733081971967	0.579952682455	0.926408965684	0.697218105365	1.37850642823	1.22155890768	0.743142851619	0.810683653939	0.716299550507	1.23083891252	0.980564161431	1.10984173997	1.02900176897	1.02873659256	1.09485550024	0.767030154664	0.807386689222	0.809275471242	0.82217337361	0.572527293378	1.11467927018	0.649229864669	0.985999444176	0.491700188497	0.941177341711
AF8	0.642675147414	0.617542435959	2.31117404543	1.0626682262	1.02512618656	0.551757100048	1.05400656356	0.457506167231	0.501231696472	0.71527282262	0.615500009667	0.841882609956	0.553784755921	1.94852527308	0.718102725955	0.585162310295	0.436988463026	0.407892097632	1.70078178347	1.21258556791	0.780277032383	0.410030029	0.456931014983	0.4602919768	1.64657416626	0.6836619913	0.255866234896	0.0	0.55445157564	0.669906877719	0.644215369744	0.416508999517	0.472722547124	0.465920657322	1.18244683422	0.926423682939	0.639403900435	0.685071715805	0.549672643789	0.82971982117	0.630965045916	1.31021938134	1.14926	0.692728719188	0.86247919768	0.764113682939	1.19911860319	0.964229516675	1.04254325761	0.977851019816	1.0162961479	1.06231016433	0.728699250846	0.778453098115	0.792119202513	0.786140497825	0.466467361044	1.07778841469	0.533211237313	0.940371362977	0.447940236829	0.923592073465
AG7	0.735427525375	0.692426056066	1.88721356694	0.670240033833	0.925655181247	0.681762083132	0.861317858869	0.589236853552	0.671102054132	0.606554915418	0.809732851619	0.828308608023	0.702606365394	1.53653146448	0.703982875785	0.676259482842	0.77708337361	0.751473832769	1.36730360561	0.860230734654	0.578197597873	0.458533968101	0.691879603673	0.673299531174	1.38721539874	0.628602556791	0.641566471725	0.55445157564	0.0	0.242096926051	0.793759337844	0.69662537941	0.653200811986	0.721678429193	1.28657753987	0.992570763654	0.927619255679	0.496296437893	0.829356843886	0.88700661189	0.781571517641	0.965829787337	0.794181686805	0.529476428226	1.09742523441	0.986988757854	1.3542638376	1.13441482842	1.19136447076	1.12750498308	1.27734894152	1.23607418076	0.953044881585	0.989340952151	0.99564542291	0.970388912518	0.669145732238	1.24447837603	0.681709366844	1.08561312711	0.742693552441	1.12823162397
AG8	0.677830376994	0.662594842919	1.84501722088	0.626822556791	0.869636350894	0.763648163364	0.760876495892	0.735627641373	0.840057675205	0.564190874819	0.942218535524	0.770680188497	0.757894543258	1.48854687289	0.670426278395	0.637674388594	0.877470062832	0.852323363944	1.20825496375	0.706217153214	0.577376495892	0.558061623973	0.849088313195	0.830169304012	1.28773198647	0.540534765587	0.767757298212	0.669906877719	0.242096926051	0.0	0.870495142581	0.788930647656	0.823757738038	0.828057317545	1.23854506042	0.983940236829	1.03299708072	0.462224983084	0.899202788787	0.804980811986	0.795465505075	0.949398873852	0.772149449009	0.523813151281	1.19451069599	1.08333882069	1.30970080232	1.1988501305	1.13833593523	1.14499085065	1.34842302562	1.28602468826	1.02192836153	1.03739705655	1.05336197197	1.02106557757	0.734275814403	1.25622052199	0.728178095698	1.13106279362	0.808186553891	1.19050086515
AH7	0.765900521991	0.840105132914	2.46152765587	1.30411190913	1.18015753504	0.818274635089	1.17283672305	0.823327694538	0.896463566941	0.92809661189	0.831301159981	1.03827394877	0.842863702272	2.11896273079	1.0165882552	0.745234064766	0.632840845819	0.584292058966	1.72816176414	1.29319932334	0.874864968584	0.640641735138	0.708649768004	0.724293533108	1.57104494442	0.747492141131	0.697470140164	0.644215369744	0.793759337844	0.870495142581	0.0	0.339197776704	0.896495374577	0.850624253262	1.20702593523	1.01995675205	0.783942547124	0.934731126148	0.769985761237	0.981515026583	0.846670352827	1.51135145481	1.3531921218	0.931328864186	0.986563905268	0.894217404543	1.2709999855	1.06250138714	1.1458058579	1.04315781537	1.1448118463	1.13359283229	0.83714720638	0.840080115998	0.843269942001	0.830003813436	0.725970173997	1.16153855486	0.785043939101	0.985358670855	0.709694475592	1.04772550991
AH8	0.681502812953	0.663803963267	2.44100405027	1.19939144514	0.997819555341	0.599633117448	1.10625953601	0.599750062832	0.660191116481	0.791789536008	0.647031039149	0.857207675205	0.647258849686	2.08154231513	0.833918927018	0.590174963751	0.369427515708	0.310378564524	1.69842860802	1.24589844369	0.843032141131	0.533543513775	0.534599550507	0.528871193813	1.59702648139	0.694475176414	0.496769134848	0.416508999517	0.69662537941	0.788930647656	0.339197776704	0.0	0.661648356694	0.596315853069	1.16574135331	0.918621159981	0.622306674722	0.781353571774	0.540341614306	0.834378032866	0.667728767521	1.44660189464	1.28905801837	0.76809560174	0.830433136781	0.718522044466	1.12970573707	0.916622605123	1.01322539391	0.895684717255	0.961513160947	0.995690705655	0.64607301595	0.698618250362	0.70551898985	0.679908240696	0.529319289512	1.01549311261	0.595468714355	0.851464238763	0.483010173997	0.892790778154
AA5	0.873980024166	0.646701309811	2.31805746254	1.15625329628	1.01957289995	0.498876234896	1.22350247946	0.313436660222	0.212344915418	0.869871522475	0.434221000483	0.820869729338	0.564907631706	1.96203778637	0.687012068632	0.749935664572	0.498586341228	0.522530314161	1.88585611406	1.41647483325	0.930818197197	0.64676879652	0.47901161914	0.444498999517	1.86349353311	0.908777066216	0.401662257129	0.472722547124	0.653200811986	0.823757738038	0.896495374577	0.661648356694	0.0	0.271341532141	1.2384557999	0.941061474142	0.597669347511	0.668267699372	0.632670434993	0.880962339294	0.675759859836	1.27173279362	1.13707090865	0.637696892218	0.801495219913	0.672367317545	1.29791685839	1.05182230063	1.11683030933	1.06186336878	1.11588443693	1.16278457226	0.8062299855	0.863315287579	0.858239526341	0.870727230546	0.595167684872	1.18988794587	0.670407037216	1.01717984534	0.562120454326	1.01805231029
AA6	0.828303122281	0.618523827936	2.39551524408	1.16504410826	0.976938443693	0.410016974384	1.14626382794	0.330124601257	0.339019574674	0.821009855002	0.458853359111	0.770030826486	0.488112150797	2.03294609473	0.673012373127	0.699864910585	0.498286607057	0.474531855969	1.88635945384	1.39129112615	0.892581846303	0.615129352344	0.531203852102	0.515498221363	1.81999553891	0.859182561624	0.458544523925	0.465920657322	0.721678429193	0.828057317545	0.850624253262	0.596315853069	0.271341532141	0.0	1.08728852586	0.817694509425	0.522975094248	0.633022049299	0.506864340261	0.824179415176	0.558723847269	1.34926794587	1.18794092798	0.602351300145	0.605497138714	0.464146897052	1.17215489125	0.938146172064	0.972797109715	0.901610294828	1.00569197197	1.03485337361	0.665234069599	0.75329297245	0.761496930884	0.731485099082	0.563006336394	1.04746261479	0.648492764621	0.864635268246	0.477202334461	0.904216336394
AB5	1.11513082649	0.968964436926	2.5793679362	1.41062686322	0.873395737071	1.027779855	1.21781592073	1.09398744321	1.20603620106	0.99637038666	1.20120668922	0.81931579507	1.03493533108	2.22644472209	1.02087462542	1.03840328661	1.23427567424	1.17900140648	1.91029085065	1.48626239729	1.28749424843	1.15485809087	1.35694977767	1.3544861189	1.72875553891	1.13782734654	1.21985304012	1.18244683422	1.28657753987	1.23854506042	1.20702593523	1.16574135331	1.2384557999	1.08728852586	0.0	0.387166785887	0.997447361044	1.07546425326	0.960692054132	0.884915567907	0.893364069599	1.59239753504	1.45804991783	0.998988206863	0.979634306428	0.954658844853	0.856988472692	0.942057704205	0.720408806187	0.771790410826	1.0889160899	0.958416834219	0.855592851619	0.945670855486	0.974884905752	0.897785166747	1.06170612373	0.883120246496	1.06673547124	0.801864016433	1.0428338086	0.948150449493
AB6	0.897466621556	0.673127694538	2.47549205413	1.25185907202	0.745570323828	0.745987965201	1.07100036733	0.801987868536	0.932208864186	0.821927486709	0.967825732238	0.567181875302	0.763194567424	2.11570699372	0.760965712905	0.759790932818	0.994232232963	0.940976457226	1.79902989367	1.33402961817	1.11764052199	0.87722040116	1.11901625423	1.10948628323	1.67802543741	0.915699255679	0.966030091832	0.926423682939	0.992570763654	0.983940236829	1.01995675205	0.918621159981	0.941061474142	0.817694509425	0.387166785887	0.0	0.782339676172	0.796152411793	0.73372940551	0.718065650072	0.618191193813	1.43362546158	1.2878277912	0.687121314645	0.781860657322	0.755309681005	0.771978496858	0.712034195263	0.541161981634	0.538617332044	0.872013044949	0.75895937651	0.604718032866	0.720953658772	0.760314842919	0.674642953117	0.764524093765	0.703286065732	0.767477568874	0.561759734171	0.794557733204	0.717090652489
AC5	0.911660584824	0.742127322378	2.64025021266	1.41479924118	1.01011756887	0.589689255679	1.27674938134	0.540628163364	0.561208608023	0.936245045916	0.466236060899	0.791267796037	0.709722054132	2.28267460609	0.859553963267	0.814944287095	0.523470932818	0.509693117448	1.98365514741	1.51408529241	1.15752894635	0.845290662156	0.60486099565	0.614488965684	1.91149064282	0.971734359594	0.532777501208	0.639403900435	0.927619255679	1.03299708072	0.783942547124	0.622306674722	0.597669347511	0.522975094248	0.997447361044	0.782339676172	0.0	0.816820526825	0.413068762687	0.892047133881	0.642440642823	1.63279075399	1.46300035283	0.773946056066	0.531929845336	0.471000289995	0.998545123248	0.751578356694	0.913350898985	0.790617317545	0.778538298695	0.821565732238	0.551370555824	0.54868017883	0.560646911551	0.55905759304	0.709062580957	0.864161150314	0.772470043499	0.747149067182	0.545429038183	0.707055451909
AC6	0.755104842919	0.532061304978	1.99119389077	0.757805519575	0.723117225713	0.638539922668	0.696262136298	0.575343673272	0.7362360174	0.457709710005	0.840037941034	0.63788962784	0.646359400677	1.63610117448	0.50048741421	0.611980289995	0.811864934751	0.777550927985	1.46874365877	0.98648481392	0.734532527791	0.630523523441	0.841544654422	0.819418511358	1.48913252296	0.679220115998	0.733081971967	0.685071715805	0.496296437893	0.462224983084	0.934731126148	0.781353571774	0.668267699372	0.633022049299	1.07546425326	0.796152411793	0.816820526825	0.0	0.770897129048	0.66598717738	0.637286756887	0.855702841953	0.688484456259	0.288278608023	1.0357477622	0.922270473659	1.16614199613	1.06189116965	0.978380434993	0.979835543741	1.2012381102	1.1203197825	0.854070666989	0.9274220203	0.940795712905	0.876464325761	0.601142334461	1.08854480909	0.614217810536	0.972024171097	0.698886926051	1.0578119188
AD6	0.780071019816	0.559398608023	2.54209990333	1.22606529725	0.851252904785	0.435618714355	1.15362546158	0.463352924118	0.56503640406	0.816012087965	0.507483634606	0.669272576124	0.530237119381	2.17689448526	0.727128738521	0.658686447559	0.496544896085	0.452826201063	1.8717820058	1.39467606573	1.06970104398	0.740750338328	0.667373702272	0.668512788787	1.80194983567	0.871695398743	0.579952682455	0.549672643789	0.829356843886	0.899202788787	0.769985761237	0.540341614306	0.632670434993	0.506864340261	0.960692054132	0.73372940551	0.413068762687	0.770897129048	0.0	0.714603591107	0.398873736104	1.51873019816	1.35694642823	0.72011842436	0.666872112131	0.554452899952	0.868837791203	0.629526761721	0.795191686805	0.674448670855	0.711865340744	0.746253044949	0.448957017883	0.468191851136	0.488775509908	0.454256428226	0.550061097148	0.761751266312	0.626512300628	0.633730589657	0.360110956984	0.604639139681
AE5	0.587297791203	0.497844915418	2.3184621798	1.00111256162	0.624304258096	0.75054482842	0.820916892218	0.756740584824	0.916965669406	0.571433049783	0.973917433543	0.567111237313	0.703847254712	1.95469527308	0.607053131948	0.502905118415	0.894688931851	0.845043682939	1.50977395843	1.07974096182	1.00296046883	0.833731909135	1.05509772837	1.03373132431	1.36271338811	0.655769855002	0.926408965684	0.82971982117	0.88700661189	0.804980811986	0.981515026583	0.834378032866	0.880962339294	0.824179415176	0.884915567907	0.718065650072	0.892047133881	0.66598717738	0.714603591107	0.0	0.384557733204	1.23254953601	1.07647350894	0.58364040116	1.1254417738	1.04516962784	0.863162058966	0.824639816336	0.762230898985	0.712455654906	0.992698144031	0.881043344611	0.659278240696	0.697135016916	0.727845915901	0.628010159497	0.591988129531	0.84762818753	0.555570343161	0.728179942001	0.695173736104	0.843578641856
AE6	0.597135128081	0.376399681005	2.41472053166	1.10771262446	0.697554161431	0.507841672305	0.959148177864	0.533966205897	0.648106950217	0.664854755921	0.709492895118	0.562897999033	0.475102049299	2.04961881585	0.547526486225	0.450440289995	0.680011121315	0.641322895118	1.66198956501	1.22312579024	0.983426041566	0.698240575157	0.844957481875	0.826220347994	1.59549685355	0.723368477525	0.697218105365	0.630965045916	0.781571517641	0.795465505075	0.846670352827	0.667728767521	0.675759859836	0.558723847269	0.893364069599	0.618191193813	0.642440642823	0.637286756887	0.398873736104	0.384557733204	0.0	1.35188602223	1.18203948768	0.546713349444	0.865848912518	0.76919240696	0.850257704205	0.676204470759	0.703300347994	0.586093900435	0.837196756887	0.746028250362	0.45647539391	0.497607559207	0.524844644756	0.454561793137	0.437262266796	0.744821899468	0.441640275495	0.568659647173	0.463080236829	0.67196320928
AF5	1.30291322378	1.21680266796	1.30425367811	0.569329289512	1.1368499855	1.36012168197	0.852376510391	1.26204341228	1.32742153697	1.00424878202	1.51224177864	1.2252859739	1.31321501208	0.952514552924	1.10030946351	1.24421834703	1.49550236346	1.49128228613	0.974361628806	0.717237293378	1.19787492508	1.20130972934	1.43797965684	1.40814880619	1.47247114065	1.19526919285	1.37850642823	1.31021938134	0.965829787337	0.949398873852	1.51135145481	1.44660189464	1.27173279362	1.34926794587	1.59239753504	1.43362546158	1.63279075399	0.855702841953	1.51873019816	1.23254953601	1.35188602223	0.0	0.221014538424	1.00400440793	1.77288093765	1.64863329628	1.71486937168	1.68174038183	1.57419887869	1.61740311261	1.82222635573	1.75431037699	1.55658367811	1.62649856936	1.62047511358	1.57891863219	1.25995842919	1.72458594007	1.23882151281	1.62246685839	1.43028773804	1.6808959884
AF6	1.13753658772	1.05330936684	1.44362552924	0.461596858386	1.00667432576	1.20494162397	0.706407259546	1.10262871919	1.191399855	0.837906732721	1.36360289029	1.08652876752	1.15862692122	1.09113835186	0.946737941034	1.07433241179	1.34800148381	1.33668211213	1.0203361189	0.683282542291	1.04617556307	1.04442159981	1.27831707588	1.25434242629	1.44181294828	1.03056584824	1.22155890768	1.14926	0.794181686805	0.772149449009	1.3531921218	1.28905801837	1.13707090865	1.18794092798	1.45804991783	1.2878277912	1.46300035283	0.688484456259	1.35694642823	1.07647350894	1.18203948768	0.221014538424	0.0	0.830189511841	1.60502589657	1.48553519091	1.58613959884	1.53448914935	1.44033943934	1.48268084099	1.67358500242	1.62194348478	1.39598963267	1.46387877235	1.46307936684	1.41623680522	1.10024363944	1.59444540841	1.07810875302	1.47531540358	1.26798410343	1.5300862639
AG5	0.699091580474	0.44060940551	2.10629993233	0.848597196713	0.606494055099	0.566502706622	0.764573465442	0.532339971	0.681264349927	0.469122141131	0.788683808603	0.51595560174	0.570649076849	1.74676222813	0.434136752054	0.541600647656	0.794051072982	0.747563919768	1.52851595457	1.03901364911	0.747337216046	0.637007641373	0.872881928468	0.845983508942	1.46687827453	0.648955070082	0.743142851619	0.692728719188	0.529476428226	0.523813151281	0.931328864186	0.76809560174	0.637696892218	0.602351300145	0.998988206863	0.687121314645	0.773946056066	0.288278608023	0.72011842436	0.58364040116	0.546713349444	1.00400440793	0.830189511841	0.0	0.969100029	0.872576959884	1.0700717593	0.950141764137	0.874661623973	0.841627153214	1.10165275495	1.00205036733	0.732841483809	0.818888042533	0.834503397777	0.743260333494	0.553507902368	0.974698564524	0.564406056066	0.831468936684	0.632641831803	0.947950720155
