	AA3	AA4	AB3	AB4	AC3	AC4	AD3	AD4	AE3	AE4	AF3	AF4	AG3	AG4	AH3	AH4	AA7	AA8	AB7	AB8	AC7	AC8	AD7	AD8	AE7	AE8	AF7	AF8	AG7	AG8	AH7	AH8	AA5	AA6	AB5	AB6	AC5	AC6	AD6	AE5	AE6	AF5	AF6	AG5	AH5	AH6	AA1	AA2	AB1	AB2	AC1	AC2	AD1	AD2	AE1	AE2	AF1	AF2	AG1	AG2	AH1	AH2
AA3	0.0	0.510506031899	2.226590261	0.942043189947	0.823571580474	0.731618999517	0.895132078299	0.733918419526	0.871215882069	0.657301367811	0.955566099565	0.735014678589	0.680663542774	1.88450546158	0.722571947801	0.232185123248	0.771540956984	0.803016094732	1.40580455292	1.04539511841	0.831216056066	0.637555906235	0.850139096182	0.837710744321	1.36076372644	0.586604702755	0.791615775737	0.638737858869	0.696569101015	0.662822203963	0.761467245046	0.667669076849	0.850388965684	0.854322315128	1.08270051716	0.880267351377	0.967912634123	0.770241749638	0.795199105848	0.518894847753	0.535769366844	1.25410055099	1.15953616723	0.679362948284	1.11534206863	1.07990655389	0.962022450459	0.913649207347	0.903115969067	0.839924253262	1.05857891252	0.949097960367	0.654855466409	0.684261309811	0.782890280329	0.634674156597	0.511689932334	0.916976674722	0.485691507975	0.902240483325	0.642226814886	0.913992948284
AA4	0.510506031899	0.0	2.21430323345	0.871471696472	0.595733078782	0.525318361527	0.835090763654	0.466934253262	0.690534122765	0.535672078299	0.788440860319	0.430504809087	0.426889081682	1.87344197197	0.287568158531	0.33799961334	0.686989937168	0.671379603673	1.52307159014	1.07675267279	0.823402174964	0.641811043983	0.808272667956	0.81137237796	1.48265521991	0.582890792653	0.676453494442	0.606645321411	0.640886346061	0.665473629773	0.879326413726	0.713855031416	0.622297443209	0.655098148864	0.926859250846	0.677162837119	0.802267510875	0.501158269696	0.644409545674	0.527065345578	0.391152643789	1.18983334944	1.06964442243	0.394443325278	0.936438492025	0.88428022233	0.95329622523	0.837670280329	0.730195766071	0.783829086515	1.00088645239	0.915693687772	0.622819072015	0.658674475592	0.751526935718	0.606078467859	0.469875316578	0.886524804253	0.491176718221	0.802195418076	0.493183421943	0.83620858869
AB3	2.226590261	2.21430323345	0.0	1.46308198647	2.18995736588	2.36713832769	1.90235337844	2.27417943934	2.34760546641	2.12114636056	2.51333369261	2.27298431126	2.30066262929	0.381381638473	2.14791561624	2.26563150797	2.48257004833	2.50540384244	1.17870896568	1.40688303045	1.96004297245	2.20090506525	2.41552281295	2.39154142098	1.90575603673	2.13369739971	2.36691290962	2.28464952151	1.87072334461	1.82176291445	2.44333269212	2.42526813436	2.26848533591	2.39730121798	2.54717429676	2.46181526341	2.6421979652	1.97604308845	2.54089445143	2.27174228613	2.3644319043	1.27636368777	1.3798698405	2.11330324311	2.73422073949	2.65679362494	2.67002646689	2.66552931851	2.52933027066	2.61457371194	2.77714305462	2.71612543741	2.55593921218	2.5934357854	2.63049187047	2.54547025616	2.30384362494	2.69282410343	2.29746090865	2.64908628806	2.40548522475	2.67928046399
AB4	0.942043189947	0.871471696472	1.46308198647	0.0	0.919117061382	1.01182005317	0.754862721121	0.988210686322	1.16207722571	0.861990869986	1.22929377477	0.941579966167	0.865333363944	1.10824234896	0.852220367327	0.919648661189	1.18901868536	1.19634285162	0.987309753504	0.5230259739	0.915218434026	0.960921454809	1.15682343644	1.13159422426	1.26633845819	0.856251401643	1.12299530208	1.00158929435	0.621575577574	0.638649202513	1.2575158289	1.15099990333	1.09952933301	1.16797987917	1.37395988884	1.23715724988	1.40441588207	0.754607907202	1.23209942484	0.945816858386	1.03581208313	0.638821759304	0.545861706138	0.837221256646	1.4770497245	1.42707260512	1.43798155147	1.37703525858	1.27326561624	1.33869328178	1.52843518125	1.45659834703	1.2397541421	1.28359111165	1.36199836153	1.22861206863	1.01202704205	1.43817062349	1.00166875302	1.37043871435	1.07382385694	1.3839242581
AC3	0.823571580474	0.595733078782	2.18995736588	0.919117061382	0.0	0.707638835186	0.846858119865	0.79230277912	0.979301478975	0.647591304978	1.03952797487	0.315362460126	0.773999714838	1.85176048333	0.642602000967	0.699701295312	0.987410140164	0.96261161914	1.45413251812	1.06712820686	1.02666587724	0.980360343161	1.18440071049	1.16851051232	1.31757943451	0.789792136298	1.03208725955	0.96609118898	0.8899220058	0.889248748188	1.1507597825	0.996580289995	0.953084296762	0.961164789754	0.829235712905	0.701298129531	0.9861620203	0.686894461092	0.858947660706	0.664134142098	0.683057776704	1.20021427743	1.10074000483	0.579909434509	1.12863770904	1.09638065732	0.855165592073	0.926373576607	0.722816858386	0.801763885935	1.07080673272	0.953468245529	0.731191145481	0.807206539391	0.882458699855	0.751519956501	0.814832464959	0.905532730788	0.815983020783	0.878965335911	0.816677660706	0.905714862252
AC4	0.731618999517	0.525318361527	2.36713832769	1.01182005317	0.707638835186	0.0	1.08054941518	0.354992730788	0.482292696955	0.754594673755	0.405678632189	0.475126959884	0.458737341711	2.02709368294	0.685436263896	0.601227419043	0.585371072982	0.568195722571	1.77019439826	1.3100257274	0.901726268729	0.618170836153	0.647337148381	0.632201498308	1.69605132914	0.739400869985	0.564367090382	0.505548342194	0.666626099565	0.787490067666	0.80151720638	0.636091063316	0.494240715321	0.409319661672	0.956786930884	0.718232489125	0.617292319961	0.614112435959	0.461547201547	0.726285901402	0.495259956501	1.36310482842	1.24930510391	0.524470183664	0.708837211213	0.632257510875	1.02630913485	0.816084185597	0.78070421943	0.836748047366	0.911798057032	0.936850318995	0.589978806187	0.645605084582	0.669477187047	0.582936703722	0.582166834219	0.939053421943	0.590089241179	0.787709284679	0.430704973417	0.808631367811
AD3	0.895132078299	0.835090763654	1.90235337844	0.754862721121	0.846858119865	1.08054941518	0.0	0.995377409377	1.27977249396	0.431916085065	1.3569721363	0.919476771387	1.04934033833	1.56244049783	0.809284161431	0.879584209763	1.25196975834	1.25787085065	1.29196051716	0.855550425326	0.899998525858	0.956903170614	1.27221889802	1.25545326245	1.2200758144	0.839972895118	1.2094762059	1.06976925085	0.867445538908	0.762892464959	1.1924360174	1.12213993717	1.19298004833	1.19367087482	1.19642977284	1.0601857709	1.32136403577	0.714562672789	1.18316068632	0.798664258096	0.918149439343	0.827861522475	0.744748332528	0.777876167231	1.42227598357	1.3816042291	1.34294256162	1.34944673755	1.15049927985	1.22995440793	1.50676468826	1.40898981634	1.16583840986	1.23908963751	1.28308842919	1.13484442726	0.986045654906	1.34025479459	0.970105683905	1.25038059449	1.10973139198	1.33078107298
AD4	0.733918419526	0.466934253262	2.27417943934	0.988210686322	0.79230277912	0.354992730788	0.995377409377	0.0	0.330046655389	0.651613716771	0.510195519575	0.589950633156	0.475721923635	1.9327962059	0.576224287095	0.60796537941	0.525640604157	0.518964702755	1.75504657806	1.27902569841	0.85665381827	0.56731980667	0.537483054616	0.545102445626	1.72967326245	0.739426234896	0.452185495408	0.426561498308	0.563507046883	0.694650782987	0.810873310778	0.633721532141	0.309656761721	0.370769308845	1.0445499275	0.78430658289	0.602580091832	0.517535896568	0.443743141614	0.722227003383	0.500518052199	1.25138655872	1.13327522475	0.481536379894	0.731735239246	0.632857597873	1.09674073465	0.869603054616	0.887091063316	0.93698142581	0.935556172064	1.00831371194	0.665348453359	0.665593842436	0.68445579507	0.654042493958	0.537898066699	1.0171842581	0.566512276462	0.882199975834	0.460237201547	0.878870381827
AE3	0.871215882069	0.690534122765	2.34760546641	1.16207722571	0.979301478975	0.482292696955	1.27977249396	0.330046655389	0.0	0.927609101015	0.360749221846	0.773440159497	0.593561793137	2.01360755921	0.758153668439	0.79729679072	0.471805906235	0.479243750604	1.93640096665	1.46531686805	1.00713033349	0.72952900435	0.438448501692	0.456254330594	1.92663952151	0.943086094732	0.397875978734	0.498425456742	0.713291072982	0.883155640406	0.890661928468	0.743254867086	0.262324403093	0.305206674722	1.18628261479	0.942695316578	0.553937689705	0.736015060416	0.554990318995	0.965916829386	0.699855930401	1.36300701788	1.26840267279	0.695423702272	0.773995727405	0.629922223296	1.23517085065	0.998911092315	1.05315205413	1.0782180377	1.05132303045	1.13957998067	0.802566109232	0.80544842436	0.805355886902	0.795423852102	0.686237481875	1.16035278879	0.714486384727	1.01844256162	0.599751667472	1.01140196713
AE4	0.657301367811	0.535672078299	2.12114636056	0.861990869986	0.647591304978	0.754594673755	0.431916085065	0.651613716771	0.927609101015	0.0	1.03024293378	0.64069277912	0.758002890285	1.77824785404	0.56460717738	0.586585282745	0.898644045433	0.907021329145	1.44550364911	1.00814845336	0.734606413726	0.673633552441	0.934305983567	0.920728680522	1.33231802803	0.527482677622	0.866573276945	0.730265558241	0.637165490575	0.634451846303	0.904933407443	0.779996544224	0.85501338811	0.859237873369	0.952802232963	0.788824436926	0.961777143548	0.504199869502	0.828790323828	0.52592421943	0.590516167231	1.0560259594	0.939357167714	0.499010531658	1.09887048333	1.05255379894	1.06284653456	1.07093875302	0.884055625906	0.944347515708	1.22896874819	1.13306083615	0.871830937651	0.908377863702	0.949855775737	0.818135224746	0.670045248913	1.07245231029	0.652433426776	0.968361319478	0.762452348961	1.05463404543
AF3	0.955566099565	0.788440860319	2.51333369261	1.22929377477	1.03952797487	0.405678632189	1.3569721363	0.510195519575	0.360749221846	1.03024293378	0.0	0.809514127598	0.669455500242	2.17767418076	0.92918959884	0.867255708072	0.458787240213	0.451544079265	2.00269736104	1.5383979507	1.06681894635	0.808487776704	0.402059753504	0.400019550507	1.97639757854	0.992284664089	0.47004738521	0.589074804253	0.826253035283	0.976946466892	0.830845427743	0.71089839536	0.474425253746	0.421488028033	1.17169862252	0.975623214113	0.472596558724	0.849275205413	0.472418777187	1.00586910585	0.755339642339	1.54091255679	1.43726533108	0.801940492992	0.674357506042	0.554076955051	1.18440630739	0.94723439826	1.06710879652	1.03058382794	0.998039531174	1.06413883035	0.769203479942	0.739339724505	0.764937733204	0.709558197197	0.815338632189	1.09049345578	0.821626935718	0.968216935718	0.576623035283	0.936035152247
AF4	0.735014678589	0.430504809087	2.27298431126	0.941579966167	0.315362460126	0.475126959884	0.919476771387	0.589950633156	0.773440159497	0.64069277912	0.809514127598	0.0	0.564871928468	1.93109171097	0.525359579507	0.58524557274	0.843813035283	0.813241947801	1.61737699855	1.15922343644	0.939706636056	0.807336868052	0.983830768487	0.965190507492	1.48914924118	0.677083847269	0.846916621556	0.789390710488	0.763274538424	0.777808057032	1.02626013533	0.884419511841	0.750530555824	0.755140927985	0.785222948284	0.549092837119	0.778166645723	0.579593924601	0.705735737071	0.614853963267	0.545791768971	1.24046172547	1.13767493475	0.454515442243	0.906641000483	0.863522344128	0.83740459159	0.779386447559	0.611386307395	0.685277452876	0.937070536491	0.840436921218	0.597617887869	0.689257438376	0.731794113098	0.646051870469	0.6752560174	0.804300546158	0.693163934268	0.727274765587	0.667315509908	0.753375833736
AG3	0.680663542774	0.426889081682	2.30066262929	0.865333363944	0.773999714838	0.458737341711	1.04934033833	0.475721923635	0.593561793137	0.758002890285	0.669455500242	0.564871928468	0.0	1.94563173997	0.509924238763	0.550710231996	0.579437365877	0.554098061866	1.70643522958	1.24246645239	0.915177559207	0.642743383277	0.698701546641	0.708626911551	1.60171000483	0.678880860319	0.568089149348	0.547850990817	0.659544166264	0.749312426293	0.843408235863	0.672551614306	0.581348226196	0.562021372644	1.00450403093	0.77262882552	0.776826607057	0.621999115515	0.605802232963	0.697336872885	0.48274980667	1.30750122281	1.19094132431	0.530803861769	0.87942977767	0.823303078782	1.00057356211	0.81333778637	0.814760778154	0.840723678105	0.964759671339	0.906744461092	0.594231014983	0.629021633639	0.741934896085	0.582490923151	0.477231184147	0.939435268246	0.499067655872	0.797561068149	0.419551594973	0.808727365877
AG4	1.88450546158	1.87344197197	0.381381638473	1.10824234896	1.85176048333	2.02709368294	1.56244049783	1.9327962059	2.01360755921	1.77824785404	2.17767418076	1.93109171097	1.94563173997	0.0	1.81191413243	1.92035762204	2.14703922668	2.1677977187	0.92982301595	1.07500568391	1.62724135331	1.86625700822	2.07862221846	2.05752585307	1.64752729338	1.79848498308	2.03416551957	1.94780102948	1.53540693572	1.48285514741	2.127930203	2.0884519188	1.93486652972	2.05589881585	2.21912247946	2.1277041421	2.3128918898	1.64124881585	2.19909071532	1.92959968101	2.02082278395	0.952768545191	1.05770496375	1.7745658289	2.39735887869	2.3174937071	2.32808629773	2.32604108748	2.18818817786	2.27126448526	2.43815111165	2.37477647173	2.21394967617	2.25149563557	2.29670342678	2.20620740938	1.96708449009	2.35309133881	1.96069971484	2.30640052199	2.06612484292	2.33959778154
AH3	0.722571947801	0.287568158531	2.14791561624	0.852220367327	0.642602000967	0.685436263896	0.809284161431	0.576224287095	0.758153668439	0.56460717738	0.92918959884	0.525359579507	0.509924238763	1.81191413243	0.0	0.550444900918	0.793019797003	0.777078965684	1.54037346544	1.09447633639	0.891624920251	0.782918516191	0.906873160947	0.928866587724	1.47170037216	0.699598748188	0.775128438859	0.745076476559	0.70277722088	0.708167124215	1.02802923635	0.874693871435	0.69345057999	0.767018960851	0.985516031899	0.784257095215	0.93545881102	0.519118318028	0.804269313678	0.626728583857	0.554959362011	1.10689943934	0.998351469309	0.453052924118	1.08555692605	1.0338242436	1.0198622378	0.910789294345	0.820813678105	0.879552798453	1.08791286129	1.00518097632	0.791612315128	0.813448772354	0.876273044949	0.765049893668	0.578879076849	0.984719275012	0.607599192847	0.904268670855	0.659035495408	0.914285766071
AH4	0.232185123248	0.33799961334	2.26563150797	0.919648661189	0.699701295312	0.601227419043	0.879584209763	0.60796537941	0.79729679072	0.586585282745	0.867255708072	0.58524557274	0.550710231996	1.92035762204	0.550444900918	0.0	0.67580622523	0.694468525858	1.45543879169	1.0826278492	0.851919120348	0.625303088449	0.799721029483	0.782564983084	1.40280480909	0.568293963267	0.708200241663	0.598278496858	0.686788530691	0.695142774287	0.793626655389	0.629928583857	0.755465195747	0.753678458192	0.988669797003	0.760251246979	0.860489192847	0.657751058482	0.677325118415	0.425680985984	0.408672943451	1.27069224746	1.15111347028	0.543927501208	1.01033758337	0.974691532141	0.894027641373	0.816238371194	0.781054084099	0.743790333494	0.971518583857	0.870920937651	0.566620173997	0.613455210246	0.713297472209	0.559672909618	0.411072503625	0.837651193813	0.404370927985	0.778387491542	0.531904320928	0.811524586757
AA7	0.771540956984	0.686989937168	2.48257004833	1.18901868536	0.987410140164	0.585371072982	1.25196975834	0.525640604157	0.471805906235	0.898644045433	0.458787240213	0.843813035283	0.579437365877	2.14703922668	0.793019797003	0.67580622523	0.0	0.127095592073	1.81997547608	1.37625937168	1.00948500725	0.676613779604	0.401325930401	0.438702218463	1.79502225713	0.856420710488	0.324872991783	0.420941242146	0.757248550024	0.884851019816	0.645134514258	0.435238414693	0.472453740938	0.490471865636	1.20651635089	0.994203484775	0.532439526341	0.837488477525	0.461007583374	0.867716307395	0.667471184147	1.50642083132	1.4016477477	0.782947675205	0.760522087965	0.651195253746	1.1024380232	0.88143160464	1.06510125665	0.995782551957	0.91935722088	0.985141333978	0.68248821653	0.644998941518	0.689786046399	0.649300990817	0.542683069116	1.00652062832	0.565549719671	0.93743117448	0.450221952634	0.890171517641
AA8	0.803016094732	0.671379603673	2.50540384244	1.19634285162	0.96261161914	0.568195722571	1.25787085065	0.518964702755	0.479243750604	0.907021329145	0.451544079265	0.813241947801	0.554098061866	2.1677977187	0.777078965684	0.694468525858	0.127095592073	0.0	1.84136514258	1.38747492508	1.00752111165	0.667846123731	0.434620159497	0.467916244563	1.78712164814	0.840542460126	0.340970952151	0.424445621073	0.773410454326	0.892637960367	0.626336544224	0.423240077332	0.477203378444	0.484078139198	1.18439089899	0.981127544708	0.521705828903	0.832189134848	0.43666977767	0.881095437409	0.662926766554	1.53585299178	1.42750188014	0.761831957467	0.720375147414	0.619184369261	1.08706844369	0.858379444176	1.04057591107	0.967061536974	0.89297260029	0.963731909135	0.67853441276	0.617841454809	0.661134156597	0.624074552924	0.571283977767	0.989468206863	0.598446781054	0.914716636056	0.430482232963	0.858604122765
AB7	1.40580455292	1.52307159014	1.17870896568	0.987309753504	1.45413251812	1.77019439826	1.29196051716	1.75504657806	1.93640096665	1.44550364911	2.00269736104	1.61737699855	1.70643522958	0.92982301595	1.54037346544	1.45543879169	1.81997547608	1.84136514258	0.0	0.532174896085	1.48883823103	1.5806478347	1.89266523441	1.86894266312	1.07250338811	1.40615440793	1.82210717255	1.68011893185	1.34162075882	1.2139718028	1.70739116965	1.6729478492	1.84993095698	1.89331355727	1.88365272595	1.79270131948	1.99488248429	1.4484457709	1.86767694055	1.44830685355	1.58132925085	0.970097148381	0.984723252779	1.52158642823	2.11536542291	2.09564470759	1.90978079749	1.93580347511	1.81648785887	1.83151139681	2.06132971967	1.95920236829	1.76961071049	1.7998441131	1.86834709038	1.75759917351	1.59714444176	1.92676584824	1.58811365394	1.87828214596	1.72805841469	1.93554856936
AB8	1.04539511841	1.07675267279	1.40688303045	0.5230259739	1.06712820686	1.3100257274	0.855550425326	1.27902569841	1.46531686805	1.00814845336	1.5383979507	1.15922343644	1.24246645239	1.07500568391	1.09447633639	1.0826278492	1.37625937168	1.38747492508	0.532174896085	0.0	1.0379782407	1.12466896568	1.4224599565	1.39126664572	1.13590721605	0.970797472209	1.3521479362	1.2133738376	0.845849565007	0.730277051716	1.30447804253	1.26344064766	1.38301333494	1.42818244079	1.49102246979	1.37116082649	1.54879184147	0.987066360561	1.43075468826	1.07042436926	1.18820325761	0.678033349444	0.645332909618	1.06032789754	1.6795898115	1.64285967134	1.58507902852	1.55129202997	1.42793364911	1.45820301595	1.67828179314	1.60469315611	1.41104758821	1.43643817786	1.49216502175	1.38869243596	1.1816477477	1.58380112131	1.18131289029	1.50266301595	1.27773325278	1.54860561141
AC7	0.831216056066	0.823402174964	1.96004297245	0.915218434026	1.02666587724	0.901726268729	0.899998525858	0.85665381827	1.00713033349	0.734606413726	1.06681894635	0.939706636056	0.915177559207	1.62724135331	0.891624920251	0.851919120348	1.00948500725	1.00752111165	1.48883823103	1.0379782407	0.0	0.457592841953	0.973974146931	0.956899666506	1.41270345578	0.672596273562	0.950767897535	0.778010898985	0.574652455292	0.529885142581	0.863919463509	0.814620599323	0.914939086515	0.936212319961	1.2363419768	1.1027038231	1.19989923635	0.77191322378	1.04625744321	0.925632382794	0.940033533108	1.16304163364	1.08830339778	0.737630323828	1.14572119865	1.03443158047	1.45410912035	1.40216952634	1.23115884969	1.2737162204	1.54306175447	1.47849665539	1.11091514741	1.15268879169	1.24794589174	1.08151855486	0.926177597873	1.42583558241	0.877340855486	1.28768442726	0.913648013533	1.39635042533
AC8	0.637555906235	0.641811043983	2.20090506525	0.960921454809	0.980360343161	0.618170836153	0.956903170614	0.56731980667	0.72952900435	0.673633552441	0.808487776704	0.807336868052	0.642743383277	1.86625700822	0.782918516191	0.625303088449	0.676613779604	0.667846123731	1.5806478347	1.12466896568	0.457592841953	0.0	0.665162300628	0.651452885452	1.51081150314	0.5676540261	0.542826964717	0.379217119381	0.48781178347	0.574353296278	0.604401962301	0.489295103915	0.655616491058	0.658569096182	1.09282403093	0.857641256646	0.857975906235	0.714721841469	0.694707791203	0.758391266312	0.658075210246	1.25652836636	1.14630565491	0.660506868052	0.893067477042	0.803855219913	1.25792212663	1.05342942484	0.998570067666	1.03184972934	1.19264069599	1.1677981682	0.781754001933	0.802606476559	0.897886988884	0.758167752537	0.57936118898	1.15907264862	0.553273823103	0.978530647656	0.559979540841	1.04688897052
AD7	0.850139096182	0.808272667956	2.41552281295	1.15682343644	1.18440071049	0.647337148381	1.27221889802	0.537483054616	0.438448501692	0.934305983567	0.402059753504	0.983830768487	0.698701546641	2.07862221846	0.906873160947	0.799721029483	0.401325930401	0.434620159497	1.89266523441	1.4224599565	0.973974146931	0.665162300628	0.0	0.137258269696	1.87095751571	0.848946553891	0.352253866602	0.429015495408	0.68464420493	0.839630570324	0.702917834703	0.57361337361	0.490096191397	0.477598936684	1.29986923151	1.08911242146	0.578250173997	0.840195877235	0.596421498308	0.969849758337	0.802575084582	1.44671719188	1.33504969551	0.828163330111	0.775146172064	0.661375664572	1.28971848236	1.05826457226	1.19249320928	1.15834550507	1.10003981634	1.18998204447	0.8796739826	0.831683673272	0.847795911068	0.831977293378	0.693221237313	1.20899695988	0.704890758821	1.08964453842	0.586858061866	1.0598460609
AD8	0.837710744321	0.81137237796	2.39154142098	1.13159422426	1.16851051232	0.632201498308	1.25545326245	0.545102445626	0.456254330594	0.920728680522	0.400019550507	0.965190507492	0.708626911551	2.05752585307	0.928866587724	0.782564983084	0.438702218463	0.467916244563	1.86894266312	1.39126664572	0.956899666506	0.651452885452	0.137258269696	0.0	1.81680480425	0.798484852586	0.370292484292	0.445889830836	0.660213252779	0.804561754471	0.696686370227	0.576427148381	0.507231126148	0.494631019816	1.30706425326	1.09182794587	0.599252764621	0.833897404543	0.604012460126	0.953863919768	0.801893131948	1.42677102465	1.32208686322	0.819124461092	0.787465659739	0.678924664089	1.31113841469	1.08192323828	1.1954200725	1.15959382794	1.1288322378	1.20928833736	0.889181300145	0.845847240213	0.864156781054	0.843052595457	0.721769618173	1.22323969551	0.730859362011	1.09047165297	0.597284035766	1.08154340261
AE7	1.36076372644	1.48265521991	1.90575603673	1.26633845819	1.31757943451	1.69605132914	1.2200758144	1.72967326245	1.92663952151	1.33231802803	1.97639757854	1.48914924118	1.60171000483	1.64752729338	1.47170037216	1.40280480909	1.79502225713	1.78712164814	1.07250338811	1.13590721605	1.41270345578	1.51081150314	1.87095751571	1.81680480425	0.0	1.04944550024	1.81767202997	1.64683562107	1.38002632189	1.29783177864	1.58203703238	1.58426365877	1.85287635573	1.87390941518	1.73844888352	1.69341219913	1.96335344128	1.50330606573	1.83445865636	1.35759557757	1.55165038666	1.46928655872	1.44519008217	1.48267353794	2.01186218946	2.00037302562	1.71776960851	1.83345828903	1.65949898985	1.64178120348	1.97650907685	1.81762559207	1.67146834703	1.70101690672	1.77034197197	1.62126921218	1.58596046399	1.76825396327	1.56711524408	1.75471015466	1.68291539391	1.81666690188
AE8	0.586604702755	0.582890792653	2.13369739971	0.856251401643	0.789792136298	0.739400869985	0.839972895118	0.739426234896	0.943086094732	0.527482677622	0.992284664089	0.677083847269	0.678880860319	1.79848498308	0.699598748188	0.568293963267	0.856420710488	0.840542460126	1.40615440793	0.970797472209	0.672596273562	0.5676540261	0.848946553891	0.798484852586	1.04944550024	0.0	0.827937694538	0.658337535041	0.595791019816	0.558775074915	0.749587443209	0.680978699855	0.86984780087	0.884280792653	1.08423325278	0.897857187047	0.998134001933	0.678801667472	0.871343102948	0.605403861769	0.664636312228	1.18166733204	1.08149640406	0.634901184147	1.08494501208	1.0543320493	1.14403149348	1.0989780667	0.950324267762	0.977607535041	1.24130879652	1.17703630256	0.87417959884	0.892271445143	0.965337167714	0.827697844369	0.689541778637	1.14597119865	0.669120463992	1.0004538086	0.721832484292	1.09141621073
AF7	0.791615775737	0.676453494442	2.36691290962	1.12299530208	1.03208725955	0.564367090382	1.2094762059	0.452185495408	0.397875978734	0.866573276945	0.47004738521	0.846916621556	0.568089149348	2.03416551957	0.775128438859	0.708200241663	0.324872991783	0.340970952151	1.82210717255	1.3521479362	0.950767897535	0.542826964717	0.352253866602	0.370292484292	1.81767202997	0.827937694538	0.0	0.263868907685	0.659244200097	0.789772054132	0.699672252296	0.56631521508	0.402507515708	0.410415239246	1.15739516191	0.93468078782	0.549084021266	0.752794035766	0.511107989367	0.880623160947	0.669848922185	1.41201557274	1.29928526341	0.712062638956	0.770767626873	0.660043189947	1.16846400677	0.938284983084	1.04526301595	1.0384459739	0.987388231029	1.07451080715	0.754488680522	0.745626413726	0.765245969067	0.73599359594	0.575772532624	1.08551057516	0.598596756887	0.968267259546	0.476303644273	0.947178651522
AF8	0.638737858869	0.606645321411	2.28464952151	1.00158929435	0.96609118898	0.505548342194	1.06976925085	0.426561498308	0.498425456742	0.730265558241	0.589074804253	0.789390710488	0.547850990817	1.94780102948	0.745076476559	0.598278496858	0.420941242146	0.424445621073	1.68011893185	1.2133738376	0.778010898985	0.379217119381	0.429015495408	0.445889830836	1.64683562107	0.658337535041	0.263868907685	0.0	0.530479971	0.663006858386	0.643644146931	0.461355016916	0.459560125665	0.455995708072	1.13124584824	0.901933243113	0.64865956984	0.707649574674	0.502641565974	0.775481019816	0.607232754954	1.32291345094	1.20398256162	0.653148124698	0.808368637023	0.717642460126	1.16571502175	0.944964755921	0.98375121798	1.00925789754	0.9941760174	1.07503843886	0.72744518608	0.737745442243	0.770823122281	0.711757080715	0.51000022233	1.07248536008	0.491579913001	0.943677530208	0.436390744321	0.94399297245
AG7	0.696569101015	0.640886346061	1.87072334461	0.621575577574	0.8899220058	0.666626099565	0.867445538908	0.563507046883	0.713291072982	0.637165490575	0.826253035283	0.763274538424	0.659544166264	1.53540693572	0.70277722088	0.686788530691	0.757248550024	0.773410454326	1.34162075882	0.845849565007	0.574652455292	0.48781178347	0.68464420493	0.660213252779	1.38002632189	0.595791019816	0.659244200097	0.530479971	0.0	0.233423649106	0.815417525375	0.699007090382	0.647738801353	0.736047858869	1.23716534558	0.988148506525	0.952055016916	0.504633189947	0.818037912035	0.806539125181	0.730117008217	0.986245563074	0.872218211696	0.530382663122	1.06471430159	0.988660236829	1.31541879169	1.1281501595	1.11873362494	1.15954662639	1.26004851619	1.2220817448	0.930352977284	0.942186660222	1.01774568391	0.906498037699	0.690928622523	1.23152738038	0.654481343644	1.11105067666	0.709176727888	1.13256233929
AG8	0.662822203963	0.665473629773	1.82176291445	0.638649202513	0.889248748188	0.787490067666	0.762892464959	0.694650782987	0.883155640406	0.634451846303	0.976946466892	0.777808057032	0.749312426293	1.48285514741	0.708167124215	0.695142774287	0.884851019816	0.892637960367	1.2139718028	0.730277051716	0.529885142581	0.574353296278	0.839630570324	0.804561754471	1.29783177864	0.558775074915	0.789772054132	0.663006858386	0.233423649106	0.0	0.870767293378	0.796001672305	0.815544944418	0.875727564041	1.2404957709	1.03337208797	1.0503181247	0.527494441759	0.930482489125	0.789346486225	0.788412276462	0.9589419913	0.872656350894	0.568091454809	1.17461631706	1.11082566457	1.33256871435	1.23689264862	1.14611910101	1.19661965201	1.38030654906	1.32619969067	1.02721175447	1.03099632189	1.10259013533	0.995798487192	0.785697974867	1.30065888835	0.765311643306	1.20407049783	0.810628390527	1.2406678347
AH7	0.761467245046	0.879326413726	2.44333269212	1.2575158289	1.1507597825	0.80151720638	1.1924360174	0.810873310778	0.890661928468	0.904933407443	0.830845427743	1.02626013533	0.843408235863	2.127930203	1.02802923635	0.793626655389	0.645134514258	0.626336544224	1.70739116965	1.30447804253	0.863919463509	0.604401962301	0.702917834703	0.696686370227	1.58203703238	0.749587443209	0.699672252296	0.643644146931	0.815417525375	0.870767293378	0.0	0.273252996617	0.893794731754	0.885005268246	1.174439942	1.016560174	0.842911701305	0.969494939584	0.74541662639	0.915802276462	0.820761725471	1.51398602707	1.4242662639	0.936527660706	0.953822518125	0.899069371677	1.24998070565	1.05137711938	1.14761176897	1.04609158531	1.14957137748	1.15947358627	0.833097597873	0.817256239729	0.836217080715	0.77374378927	0.738526331561	1.1654942436	0.745602078299	1.01634495408	0.679325331078	1.04797263412
AH8	0.667669076849	0.713855031416	2.42526813436	1.15099990333	0.996580289995	0.636091063316	1.12213993717	0.633721532141	0.743254867086	0.779996544224	0.71089839536	0.884419511841	0.672551614306	2.0884519188	0.874693871435	0.629928583857	0.435238414693	0.423240077332	1.6729478492	1.26344064766	0.814620599323	0.489295103915	0.57361337361	0.576427148381	1.58426365877	0.680978699855	0.56631521508	0.461355016916	0.699007090382	0.796001672305	0.273252996617	0.0	0.721846123731	0.696337626873	1.1297482117	0.923195345578	0.749696964717	0.848601643306	0.572663069116	0.783976993717	0.670040686322	1.4643980667	1.35290095215	0.798542609956	0.828545732238	0.758182745288	1.12070468342	0.919827090382	1.01908459159	0.927453098115	1.00263607057	1.02425828903	0.664456558724	0.659967486709	0.704844470759	0.629649826003	0.572628105365	1.02518244563	0.577674369261	0.888434267762	0.490405857902	0.918389458676
AA5	0.850388965684	0.622297443209	2.26848533591	1.09952933301	0.953084296762	0.494240715321	1.19298004833	0.309656761721	0.262324403093	0.85501338811	0.474425253746	0.750530555824	0.581348226196	1.93486652972	0.69345057999	0.755465195747	0.472453740938	0.477203378444	1.84993095698	1.38301333494	0.914939086515	0.655616491058	0.490096191397	0.507231126148	1.85287635573	0.86984780087	0.402507515708	0.459560125665	0.647738801353	0.815544944418	0.893794731754	0.721846123731	0.0	0.263684862252	1.18770997583	0.919256916385	0.642064519091	0.634124287095	0.576884514258	0.869702711455	0.651562150797	1.26249898985	1.17299996133	0.608974997583	0.77762280812	0.637459521508	1.26694809087	1.0396581827	1.05331260029	1.10681422426	1.09412188497	1.17408164814	0.814568675689	0.830904997583	0.829049337844	0.814063122281	0.623717525375	1.18386093282	0.641179700338	1.03440387144	0.571598438859	1.04919710971
AA6	0.854322315128	0.655098148864	2.39730121798	1.16797987917	0.961164789754	0.409319661672	1.19367087482	0.370769308845	0.305206674722	0.859237873369	0.421488028033	0.755140927985	0.562021372644	2.05589881585	0.767018960851	0.753678458192	0.490471865636	0.484078139198	1.89331355727	1.42818244079	0.936212319961	0.658569096182	0.477598936684	0.494631019816	1.87390941518	0.884280792653	0.410415239246	0.455995708072	0.736047858869	0.875727564041	0.885005268246	0.696337626873	0.263684862252	0.0	1.06705056549	0.823255060416	0.517884905752	0.669314359594	0.478025693572	0.882491275979	0.62230977767	1.3938400145	1.2775522668	0.648998690188	0.581557955534	0.44115218463	1.15757060416	0.931490662156	0.949984702755	0.971500410826	0.99123679072	1.06517637989	0.694955693572	0.731836694055	0.732694055099	0.688983122281	0.628783334944	1.0600519333	0.656775137748	0.902931140648	0.506360488159	0.941203905268
AB5	1.08270051716	0.926859250846	2.54717429676	1.37395988884	0.829235712905	0.956786930884	1.19642977284	1.0445499275	1.18628261479	0.952802232963	1.17169862252	0.785222948284	1.00450403093	2.21912247946	0.985516031899	0.988669797003	1.20651635089	1.18439089899	1.88365272595	1.49102246979	1.2363419768	1.09282403093	1.29986923151	1.30706425326	1.73844888352	1.08423325278	1.15739516191	1.13124584824	1.23716534558	1.2404957709	1.174439942	1.1297482117	1.18770997583	1.06705056549	0.0	0.334788303528	0.939240691155	1.01414063316	0.968458733688	0.910020546158	0.869935519575	1.59439465926	1.49908547124	0.939534833253	0.927711140648	0.95866300145	0.809061169647	0.909811503142	0.719190947318	0.735345118415	1.05441932334	0.931000749154	0.811239028516	0.961170256162	0.922151899468	0.877575099082	1.02481679072	0.852306423393	1.02685621073	0.796582692122	1.01043003867	0.892667713871
AB6	0.880267351377	0.677162837119	2.46181526341	1.23715724988	0.701298129531	0.718232489125	1.0601857709	0.78430658289	0.942695316578	0.788824436926	0.975623214113	0.549092837119	0.77262882552	2.1277041421	0.784257095215	0.760251246979	0.994203484775	0.981127544708	1.79270131948	1.37116082649	1.1027038231	0.857641256646	1.08911242146	1.09182794587	1.69341219913	0.897857187047	0.93468078782	0.901933243113	0.988148506525	1.03337208797	1.016560174	0.923195345578	0.919256916385	0.823255060416	0.334788303528	0.0	0.739115915901	0.781164499758	0.763973204447	0.750120333494	0.61966557274	1.45332073949	1.35839275012	0.676438264862	0.765048269696	0.78511462059	0.754149250846	0.723007752537	0.542616408893	0.570707699372	0.873508912518	0.775665108748	0.589556331561	0.752588371194	0.717660048333	0.673049937168	0.758478598357	0.710596244563	0.766814635089	0.597780874819	0.781960082165	0.706179130014
AC5	0.967912634123	0.802267510875	2.6421979652	1.40441588207	0.9861620203	0.617292319961	1.32136403577	0.602580091832	0.553937689705	0.961777143548	0.472596558724	0.778166645723	0.776826607057	2.3128918898	0.93545881102	0.860489192847	0.532439526341	0.521705828903	1.99488248429	1.54879184147	1.19989923635	0.857975906235	0.578250173997	0.599252764621	1.96335344128	0.998134001933	0.549084021266	0.64865956984	0.952055016916	1.0503181247	0.842911701305	0.749696964717	0.642064519091	0.517884905752	0.939240691155	0.739115915901	0.0	0.833740869985	0.443616640889	0.960361701305	0.72007078782	1.66475301112	1.54088944901	0.798981952634	0.513989676172	0.436494122765	0.971063368777	0.743001097148	0.88204901885	0.830414151764	0.782057230546	0.846521092315	0.613439246013	0.613729207347	0.532577462542	0.616930183664	0.777863349444	0.870189270179	0.797715838569	0.761680734654	0.610847124215	0.734665804737
AC6	0.770241749638	0.501158269696	1.97604308845	0.754607907202	0.686894461092	0.614112435959	0.714562672789	0.517535896568	0.736015060416	0.504199869502	0.849275205413	0.579593924601	0.621999115515	1.64124881585	0.519118318028	0.657751058482	0.837488477525	0.832189134848	1.4484457709	0.987066360561	0.77191322378	0.714721841469	0.840195877235	0.833897404543	1.50330606573	0.678801667472	0.752794035766	0.707649574674	0.504633189947	0.527494441759	0.969494939584	0.848601643306	0.634124287095	0.669314359594	1.01414063316	0.781164499758	0.833740869985	0.0	0.789558806187	0.659712141131	0.584511561141	0.870203025616	0.748914456259	0.310034722088	1.01405715805	0.936242203963	1.12448536974	1.04851704688	0.916356935718	0.972703924601	1.17343214596	1.11704434026	0.858041836636	0.896582846786	0.935162527791	0.828551488642	0.669377704205	1.0816961624	0.688616853552	0.984732469792	0.681781449976	1.04591081199
AD6	0.795199105848	0.644409545674	2.54089445143	1.23209942484	0.858947660706	0.461547201547	1.18316068632	0.443743141614	0.554990318995	0.828790323828	0.472418777187	0.705735737071	0.605802232963	2.19909071532	0.804269313678	0.677325118415	0.461007583374	0.43666977767	1.86767694055	1.43075468826	1.04625744321	0.694707791203	0.596421498308	0.604012460126	1.83445865636	0.871343102948	0.511107989367	0.502641565974	0.818037912035	0.930482489125	0.74541662639	0.572663069116	0.576884514258	0.478025693572	0.968458733688	0.763973204447	0.443616640889	0.789558806187	0.0	0.770942141131	0.481513421943	1.54991087965	1.43480448526	0.722406423393	0.619772619623	0.539804983084	0.891863876269	0.674814258096	0.828452484292	0.74587622523	0.737864320928	0.798842382794	0.503336457226	0.472470459159	0.505015456742	0.466933291445	0.589845877235	0.799082566457	0.608225103915	0.686507322378	0.391670686322	0.679611000483
AE5	0.518894847753	0.527065345578	2.27174228613	0.945816858386	0.664134142098	0.726285901402	0.798664258096	0.722227003383	0.965916829386	0.52592421943	1.00586910585	0.614853963267	0.697336872885	1.92959968101	0.626728583857	0.425680985984	0.867716307395	0.881095437409	1.44830685355	1.07042436926	0.925632382794	0.758391266312	0.969849758337	0.953863919768	1.35759557757	0.605403861769	0.880623160947	0.775481019816	0.806539125181	0.789346486225	0.915802276462	0.783976993717	0.869702711455	0.882491275979	0.910020546158	0.750120333494	0.960361701305	0.659712141131	0.770942141131	0.0	0.36478860319	1.21768815853	1.09924083615	0.586839632673	1.09155662639	1.07287559207	0.918828076365	0.8925660174	0.824433407443	0.760426012566	1.0466482117	0.954671387144	0.659640367327	0.707171401643	0.802512532624	0.63023558724	0.547142295795	0.912882677622	0.558623571774	0.806077680039	0.67075219913	0.883559482842
AE6	0.535769366844	0.391152643789	2.3644319043	1.03581208313	0.683057776704	0.495259956501	0.918149439343	0.500518052199	0.699855930401	0.590516167231	0.755339642339	0.545791768971	0.48274980667	2.02082278395	0.554959362011	0.408672943451	0.667471184147	0.662926766554	1.58132925085	1.18820325761	0.940033533108	0.658075210246	0.802575084582	0.801893131948	1.55165038666	0.664636312228	0.669848922185	0.607232754954	0.730117008217	0.788412276462	0.820761725471	0.670040686322	0.651562150797	0.62230977767	0.869935519575	0.61966557274	0.72007078782	0.584511561141	0.481513421943	0.36478860319	0.0	1.33252783954	1.21223650556	0.485141488642	0.854056926051	0.830724108265	0.852817153214	0.715265650072	0.684176732721	0.657334780087	0.867462363461	0.785362638956	0.484757950701	0.508121899468	0.586085292412	0.448351681972	0.414564915418	0.76429358144	0.432483127115	0.638704746254	0.449213185114	0.71122922668
AF5	1.25410055099	1.18983334944	1.27636368777	0.638821759304	1.20021427743	1.36310482842	0.827861522475	1.25138655872	1.36300701788	1.0560259594	1.54091255679	1.24046172547	1.30750122281	0.952768545191	1.10689943934	1.27069224746	1.50642083132	1.53585299178	0.970097148381	0.678033349444	1.16304163364	1.25652836636	1.44671719188	1.42677102465	1.46928655872	1.18166733204	1.41201557274	1.32291345094	0.986245563074	0.9589419913	1.51398602707	1.4643980667	1.26249898985	1.3938400145	1.59439465926	1.45332073949	1.66475301112	0.870203025616	1.54991087965	1.21768815853	1.33252783954	0.0	0.179002083132	1.04259364911	1.7614438666	1.67703652972	1.73826592073	1.69142891735	1.58300039633	1.64796983084	1.81847259062	1.78120896085	1.55525204447	1.61443152731	1.66141502658	1.55938870469	1.28947896085	1.75118382794	1.28986122281	1.66333858869	1.42733160947	1.70153578057
AF6	1.15953616723	1.06964442243	1.3798698405	0.545861706138	1.10074000483	1.24930510391	0.744748332528	1.13327522475	1.26840267279	0.939357167714	1.43726533108	1.13767493475	1.19094132431	1.05770496375	0.998351469309	1.15111347028	1.4016477477	1.42750188014	0.984723252779	0.645332909618	1.08830339778	1.14630565491	1.33504969551	1.32208686322	1.44519008217	1.08149640406	1.29928526341	1.20398256162	0.872218211696	0.872656350894	1.4242662639	1.35290095215	1.17299996133	1.2775522668	1.49908547124	1.35839275012	1.54088944901	0.748914456259	1.43480448526	1.09924083615	1.21223650556	0.179002083132	0.0	0.921692880619	1.64806695505	1.565429942	1.6389238666	1.58477487675	1.47358936201	1.53687044466	1.6933277332	1.67143113098	1.43872456742	1.49900130498	1.54923716771	1.44200777187	1.1712362204	1.6410442581	1.17152102465	1.5537517303	1.31301044466	1.59818149831
AG5	0.679362948284	0.394443325278	2.11330324311	0.837221256646	0.579909434509	0.524470183664	0.777876167231	0.481536379894	0.695423702272	0.499010531658	0.801940492992	0.454515442243	0.530803861769	1.7745658289	0.453052924118	0.543927501208	0.782947675205	0.761831957467	1.52158642823	1.06032789754	0.737630323828	0.660506868052	0.828163330111	0.819124461092	1.48267353794	0.634901184147	0.712062638956	0.653148124698	0.530382663122	0.568091454809	0.936527660706	0.798542609956	0.608974997583	0.648998690188	0.939534833253	0.676438264862	0.798981952634	0.310034722088	0.722406423393	0.586839632673	0.485141488642	1.04259364911	0.921692880619	0.0	0.937709328178	0.891376694055	1.03864143548	0.944741851136	0.817462058966	0.8549099855	1.09355177864	1.00786946351	0.707586118898	0.770020488159	0.838389255679	0.680687709038	0.58749497825	0.967044330594	0.57754441276	0.874040164331	0.603881817303	0.938949110681
