	AA3	AA4	AB3	AB4	AC3	AC4	AD3	AD4	AE3	AE4	AF3	AF4	AG3	AG4	AH3	AH4	AA7	AA8	AB7	AB8	AC7	AC8	AD7	AD8	AE7	AE8	AF7	AF8	AG7	AG8	AH7	AH8	AA5	AA6	AB5	AB6	AC5	AC6	AD6	AE5	AE6	AF5	AF6	AG5	AH5	AH6	AA1	AA2	AB1	AB2	AC1	AC2	AD1	AD2	AE1	AE2	AF1	AF2	AG1	AG2	AH1	AH2
AA3	0.0	0.500896993717	2.26899532141	1.00786893668	0.884904330594	0.772125862736	0.913303953601	0.756452962784	0.874256070565	0.641989144514	0.949823533108	0.721826191397	0.719379661672	1.91889129048	0.740855002417	0.235278284195	0.790981778637	0.77509239246	1.42315611406	1.06230090865	0.841260130498	0.668603890768	0.854431130981	0.828171947801	1.38787079265	0.599511271145	0.739670517158	0.598480642823	0.725861817303	0.705163030449	0.743811237313	0.657258110198	0.833938670855	0.820680444659	1.04150337844	0.88709542291	0.9743380087	0.759562518125	0.746713779604	0.572275137748	0.554477336878	1.28489754954	1.17044886419	0.727390183664	1.12256147414	1.07766394393	0.941007438376	0.893336868052	0.891203658772	0.785885500242	1.02330655872	0.912881657806	0.632144180764	0.659678052199	0.697140140164	0.618721130981	0.523623286612	0.869638854519	0.491084272595	0.900994833253	0.615459115515	0.928678366361
AA4	0.500896993717	0.0	2.24879503142	0.948117346544	0.672543731271	0.581090483325	0.864997796037	0.510639217013	0.677153112615	0.558327626873	0.808768772354	0.463531662639	0.464875166747	1.89673695505	0.324297747704	0.308274108265	0.639555930401	0.648416094732	1.53057241179	1.06462310295	0.839899685839	0.624059434509	0.826747486709	0.761810507492	1.49669312228	0.583304243596	0.669008622523	0.580759318511	0.62436060899	0.713944635089	0.828939047849	0.680250473659	0.606524403093	0.604207153214	0.884709526341	0.662103890768	0.823518076365	0.538367747704	0.598988482359	0.491609328178	0.394053112615	1.20346160947	1.07732559691	0.484682866119	0.964846887385	0.864177535041	0.958904432093	0.840451628806	0.730470106332	0.729913852102	0.970868646689	0.8868079797	0.59546438376	0.639737829869	0.660700410826	0.588330004833	0.388469202513	0.854366114065	0.409429995167	0.764862015466	0.437258951184	0.821076307395
AB3	2.26899532141	2.24879503142	0.0	1.41960670372	2.19901805703	2.39343364427	1.90957064282	2.28748173997	2.32599515225	2.10540964717	2.49998087482	2.3073222378	2.32819763171	0.385966186564	2.12588568391	2.25078030449	2.48724896085	2.47782078299	1.21893889802	1.47119804737	1.9348238521	2.21051344128	2.38663245529	2.39096443693	1.88696144514	2.14375548574	2.37536609957	2.27142271145	1.93716451426	1.7909759159	2.43515605123	2.4281121073	2.25406051716	2.3680180087	2.52752738038	2.45066850169	2.6478222813	1.97852514741	2.5140018318	2.26170087965	2.36068964234	1.30163334461	1.40830586757	2.05068686805	2.74219300628	2.62958654422	2.65943921218	2.68075521508	2.51426827936	2.58265416143	2.76521889319	2.69705385694	2.55525454326	2.59259745288	2.59074754471	2.55581391977	2.2724942871	2.65977411793	2.28882317061	2.62571621556	2.37047113098	2.67680948284
AB4	1.00786893668	0.948117346544	1.41960670372	0.0	0.990639492508	1.08127268246	0.782438371194	1.04956556307	1.15601752537	0.85789077332	1.27257487675	1.03452625423	0.934209130015	1.05683251329	0.854392503625	0.958763750604	1.22652072982	1.2220082117	0.955650125665	0.492524374094	0.900404726921	0.981960782987	1.17632451426	1.13855121798	1.26462780087	0.906901735138	1.16843847753	1.04741851136	0.715852310295	0.63195222813	1.27737671339	1.20987297245	1.08949731271	1.15350925568	1.38061341711	1.24193843403	1.45014329145	0.780226940551	1.21518514258	0.982102266796	1.06201807637	0.581574093765	0.485286288062	0.826027346544	1.52602273562	1.43244839536	1.47124673755	1.43120772837	1.29577714838	1.34585783954	1.55442731754	1.46093039149	1.28065638473	1.33331329145	1.34630702755	1.28207908652	1.03125255196	1.44353690672	1.03521233929	1.39221942001	1.06923477042	1.42681102465
AC3	0.884904330594	0.672543731271	2.19901805703	0.990639492508	0.0	0.802786104398	0.871549337844	0.855336771387	0.973443049782	0.673443499275	1.09558098115	0.337381377477	0.816870758821	1.85356150797	0.671388071532	0.759717104882	0.987574925085	1.02841134848	1.46604343161	1.0477177187	1.06733991783	1.03523146931	1.24440533108	1.17038666989	1.35982899468	0.86035900435	1.08648445626	1.00943846786	0.884720473659	0.8886580232	1.19606924601	1.06397267762	0.97480881102	0.935228873852	0.736929381344	0.697314736588	1.02289275979	0.740193421943	0.872941290478	0.65846738521	0.715982846786	1.17698247946	1.07402298695	0.614076553891	1.17479003867	1.11025710971	0.878166877719	0.926000241663	0.729191942968	0.781510604157	1.07033434993	0.949047921701	0.755784393427	0.821619695505	0.84144679072	0.758446544224	0.823515756404	0.908234765587	0.832872286129	0.881039589174	0.845102121798	0.938068197197
AC4	0.772125862736	0.581090483325	2.39343364427	1.08127268246	0.802786104398	0.0	1.14681937651	0.348672310295	0.430182290962	0.835810338328	0.369273513775	0.53363380377	0.45432380377	2.04529472692	0.704947361044	0.695012489125	0.542806191397	0.562285592073	1.80789293862	1.32453346061	0.923893571774	0.579359913001	0.621375766071	0.559182305462	1.75427720638	0.771335751571	0.555555596907	0.542695476075	0.644735954567	0.828284117931	0.823553030449	0.645484465926	0.457863102948	0.360151894635	0.983610584824	0.759779429676	0.602685234413	0.638292063799	0.389556075399	0.776434775254	0.549376800387	1.36534092798	1.24723775254	0.641761159981	0.688972189464	0.606795944901	1.05947776704	0.880992899952	0.830425326245	0.833825137748	0.889368119865	0.929628081199	0.6211900145	0.669991387144	0.639171135814	0.627481483809	0.63104560174	0.970457796037	0.630817617206	0.788989569841	0.444678289029	0.798932948284
AD3	0.913303953601	0.864997796037	1.90957064282	0.782438371194	0.871549337844	1.14681937651	0.0	1.02008234896	1.25617536491	0.431577187047	1.34846260512	0.956086607057	1.07456049299	1.55835649106	0.810788545191	0.861502846786	1.24810385694	1.23171065249	1.31233522475	0.854051300145	0.865601416143	0.990214949251	1.28761370227	1.23805766071	1.22790056549	0.871414615756	1.19256943451	1.06618620106	0.911970120831	0.73711121798	1.17714453842	1.13862890768	1.16899619623	1.14338955051	1.18116157081	1.04541533591	1.32889693572	0.726506481392	1.17051000967	0.781304378927	0.939932107298	0.855734436926	0.753608806187	0.717947138714	1.43977666022	1.37249528275	1.35392081682	1.38391886902	1.14067890285	1.19550403093	1.50066019816	1.39788678105	1.16801780087	1.22294068149	1.2572959739	1.17683703238	0.946460502658	1.35546014016	0.952946176897	1.26876449009	1.10336521508	1.34706919285
AD4	0.756452962784	0.510639217013	2.28748173997	1.04956556307	0.855336771387	0.348672310295	1.02008234896	0.0	0.278121068149	0.68438561624	0.479627757371	0.626810357661	0.491192489125	1.9400340551	0.593297032383	0.635419173514	0.524882232963	0.535452904785	1.77682873852	1.28663146448	0.85733362494	0.512834639923	0.546338912518	0.492746708555	1.7572000435	0.746460318995	0.483013668439	0.469674920251	0.52875242146	0.744659366844	0.827141851136	0.628553363944	0.271217298212	0.313143354277	1.0554217448	0.808130860319	0.620320666989	0.531500120831	0.467419850169	0.731048564524	0.536600420493	1.24579746254	1.12755055582	0.578269178347	0.714173151281	0.609224185597	1.14231839053	0.951357090382	0.931611556307	0.936233755437	0.96202059449	1.01045126631	0.721227506042	0.706433576607	0.660978110198	0.696674499758	0.533325625906	1.04980104882	0.584247336878	0.877285853069	0.4813760029	0.877004446593
AE3	0.874256070565	0.677153112615	2.32599515225	1.15601752537	0.973443049782	0.430182290962	1.25617536491	0.278121068149	0.0	0.91538421943	0.394769028516	0.756407723538	0.572560488159	1.98630844369	0.737494726921	0.787345258579	0.523633344611	0.532641522475	1.90466479942	1.4312819478	0.966251648139	0.617315930401	0.467860744321	0.460343204447	1.89737937168	0.888801019816	0.448909313678	0.537227056549	0.651537095215	0.889390729821	0.892729888835	0.717564378927	0.263178376027	0.331189652006	1.15116035766	0.915383228613	0.582790628323	0.693251967134	0.552474393427	0.927532058966	0.679980705655	1.31468266796	1.21872564041	0.731993252779	0.731806138231	0.600893363944	1.23018059932	1.03882294345	1.04336961817	1.02981390527	1.02893679072	1.09005879169	0.809220106332	0.793936201063	0.748038830353	0.785042189464	0.671894282262	1.14318318028	0.714932126631	0.972303199613	0.574970236829	0.965611005317
AE4	0.641989144514	0.558327626873	2.10540964717	0.85789077332	0.673443499275	0.835810338328	0.431577187047	0.68438561624	0.91538421943	0.0	1.03034218946	0.654505012083	0.795348670855	1.75232084099	0.565933185114	0.552951623973	0.917112411793	0.888805712905	1.41957443209	0.956629144514	0.72005102465	0.68282919768	0.960395142581	0.916805306912	1.3137540986	0.5776219913	0.856809502175	0.729839888835	0.629238733688	0.603186974384	0.897561348478	0.801148182697	0.841805949734	0.8277179797	0.930577336878	0.806944702755	0.983992827453	0.51018300145	0.828654842919	0.486371512808	0.616020778154	1.00429437893	0.882600473659	0.48905760754	1.11681769454	1.05487323345	1.09647048333	1.09969592073	0.886261406477	0.925246901885	1.22872551474	1.1243459304	0.874671594973	0.905785582407	0.934555799903	0.876536056066	0.637722416626	1.08464507008	0.636420502658	0.987477269212	0.763391469309	1.07068667956
AF3	0.949823533108	0.808768772354	2.49998087482	1.27257487675	1.09558098115	0.369273513775	1.34846260512	0.479627757371	0.394769028516	1.03034218946	0.0	0.830726785887	0.660039463509	2.15555746254	0.919746065732	0.901907539874	0.503388714355	0.509034765587	1.98640233446	1.50652099082	1.04477682939	0.720399661672	0.397925384244	0.364698931851	1.98398609957	0.987136718221	0.481624644756	0.670579458676	0.783489690672	0.989578724021	0.8227080232	0.718301198647	0.464460057999	0.443511701305	1.15487068149	0.970643528275	0.499148820686	0.827274867086	0.507136075399	0.993079540841	0.753806843886	1.50025297245	1.397370261	0.848985103915	0.657800260996	0.552360613823	1.22003605607	1.02605318028	1.09380434993	1.02718472209	1.02237925568	1.06933207347	0.789715930401	0.776396665056	0.7458919768	0.761773856936	0.831432638956	1.11358558724	0.838603233446	0.960281440309	0.611873745771	0.945151672305
AF4	0.721826191397	0.463531662639	2.3073222378	1.03452625423	0.337381377477	0.53363380377	0.956086607057	0.626810357661	0.756407723538	0.654505012083	0.830726785887	0.0	0.596174079265	1.95835951184	0.555135596907	0.578486534558	0.801009149348	0.822433682939	1.60088359111	1.12837068632	0.96827120348	0.812169328178	1.02197935234	0.943956892218	1.49074765587	0.665131614306	0.878919047849	0.804522329628	0.770907138714	0.81197701305	1.00450081199	0.872459458676	0.758583431609	0.698114852586	0.72723820203	0.525924156597	0.775205273079	0.627082609956	0.65228279362	0.564679057516	0.533128448526	1.25145566941	1.13883185597	0.521068158531	0.92437839536	0.857886771387	0.807126524891	0.756599550507	0.571490604157	0.604021735138	0.892573059449	0.785054934751	0.553324920251	0.642998569357	0.669894973417	0.584643755437	0.627229845336	0.75203958434	0.642137636539	0.688023479942	0.63401897535	0.743500062832
AG3	0.719379661672	0.464875166747	2.32819763171	0.934209130015	0.816870758821	0.45432380377	1.07456049299	0.491192489125	0.572560488159	0.795348670855	0.660039463509	0.596174079265	0.0	1.96454390527	0.519435978734	0.61412300145	0.546324320928	0.58069261479	1.7236678492	1.23956361527	0.945179637506	0.633853528275	0.714158902852	0.661264407927	1.63746449976	0.690808110198	0.609323876269	0.596832397293	0.619074925085	0.794542962784	0.846040691155	0.696914900918	0.573717723538	0.537029144514	0.965235326245	0.759305360077	0.765577999033	0.645906056066	0.525436176897	0.720007887869	0.50178618173	1.31002049783	1.1940738521	0.625964886419	0.874549429676	0.763784533591	0.997255132914	0.803222687289	0.805522759787	0.796747423876	0.914438777187	0.856019057516	0.589370502658	0.612367293378	0.638684847753	0.576123189947	0.50045178347	0.91352020783	0.529308090865	0.757147274045	0.386541290478	0.777438772354
AG4	1.91889129048	1.89673695505	0.385966186564	1.05683251329	1.85356150797	2.04529472692	1.55835649106	1.9400340551	1.98630844369	1.75232084099	2.15555746254	1.95835951184	1.96454390527	0.0	1.78365963267	1.89852187047	2.14940155631	2.13672840019	0.957084417593	1.13100709522	1.58993982117	1.86379987917	2.04184579507	2.04451090382	1.61791325761	1.80028223296	2.03260870952	1.92345167231	1.59462063799	1.4424042291	2.108930058	2.0872978492	1.91513584824	2.0180439246	2.18725040599	2.10543147898	2.30452695022	1.63175968584	2.16290649106	1.91111341711	2.00863086999	0.965292658289	1.06515617206	1.70334350411	2.39478321411	2.28153071049	2.30868416143	2.33306652489	2.16261990817	2.22800453359	2.41928861769	2.34749333494	2.20677234896	2.24312129048	2.24751259062	2.20955505075	1.92684965684	2.31169304495	1.94202646689	2.27392746738	2.02214357177	2.33021432576
AH3	0.740855002417	0.324297747704	2.12588568391	0.854392503625	0.671388071532	0.704947361044	0.810788545191	0.593297032383	0.737494726921	0.565933185114	0.919746065732	0.555135596907	0.519435978734	1.78365963267	0.0	0.554360256162	0.766682300628	0.789289531174	1.50545452876	1.04017852102	0.854150647656	0.760988521025	0.913194707588	0.865418946351	1.46380568874	0.693067820203	0.798413958434	0.750622769454	0.637511435476	0.694380130498	1.01492652972	0.874182508458	0.673790164331	0.726387926535	0.981030541324	0.759491527308	0.95341441276	0.515588405027	0.758275103915	0.590174644756	0.552928927018	1.06749765587	0.936331377477	0.461980033833	1.10005299662	0.996438733688	1.02695863219	0.945345442243	0.823994910585	0.853275688739	1.06006377477	0.978772242629	0.793900004833	0.810926249396	0.810853634606	0.764692817786	0.553596703722	0.951898419526	0.593847104882	0.891161947801	0.611097530208	0.918495398743
AH4	0.235278284195	0.308274108265	2.25078030449	0.958763750604	0.759717104882	0.695012489125	0.861502846786	0.635419173514	0.787345258579	0.552951623973	0.901907539874	0.578486534558	0.61412300145	1.89852187047	0.554360256162	0.0	0.720283571774	0.699595828903	1.4357938666	1.0415757999	0.829760318995	0.626388931851	0.821143692605	0.764308985017	1.39984918318	0.544364683422	0.693827554374	0.586312044466	0.647866713388	0.689578994683	0.762286273562	0.615454780087	0.732102107298	0.723405195747	0.953644823586	0.766886360561	0.903561483809	0.627117254712	0.675629618173	0.472397259546	0.455593446109	1.22905549541	1.10682512808	0.591770555824	1.04828036733	0.987462276462	0.937201894635	0.868218786854	0.792476413726	0.732795219913	1.00096284195	0.896815137748	0.605537090382	0.648775079749	0.680822542291	0.596013044949	0.39830842436	0.858608999517	0.387909478009	0.810382039633	0.538588274529	0.859302489125
AA7	0.790981778637	0.639555930401	2.48724896085	1.22652072982	0.987574925085	0.542806191397	1.24810385694	0.524882232963	0.523633344611	0.917112411793	0.503388714355	0.801009149348	0.546324320928	2.14940155631	0.766682300628	0.720283571774	0.0	0.125194055099	1.81304086032	1.35925603673	1.02303613823	0.631930657322	0.481079386177	0.453219719671	1.77410185114	0.831212460126	0.398604581924	0.489430396327	0.732108177864	0.926558090865	0.651547602707	0.462494939584	0.478204983084	0.535787907202	1.14491480425	0.970083794103	0.599583914935	0.805294088932	0.485241184147	0.87323720638	0.684668637023	1.48840521508	1.37826875785	0.839019898502	0.76922897535	0.642357825036	1.09549717255	0.90234182697	1.03264950701	0.954121846303	0.893508434026	0.936988376027	0.682887409377	0.653373431609	0.621104741421	0.650069115515	0.5781120058	0.978337820203	0.600497747704	0.910947457709	0.449090038666	0.848482087965
AA8	0.77509239246	0.648416094732	2.47782078299	1.2220082117	1.02841134848	0.562285592073	1.23171065249	0.535452904785	0.532641522475	0.888805712905	0.509034765587	0.822433682939	0.58069261479	2.13672840019	0.789289531174	0.699595828903	0.125194055099	0.0	1.80951421943	1.33963241179	0.989533837603	0.584960072499	0.445420797487	0.424080202997	1.76678702272	0.809464543258	0.358661720638	0.446781580474	0.707074741421	0.902609787337	0.6006779942	0.401424258096	0.476375074915	0.539146041566	1.15266046883	0.983386094732	0.581867916868	0.790434649589	0.503819096182	0.86558500725	0.701144673755	1.47681405027	1.36787328178	0.841226558724	0.742735045916	0.623540647656	1.12021052199	0.914021150314	1.05714848236	0.97046857419	0.906700855486	0.959600971484	0.701158284195	0.64867578057	0.627964093765	0.653529115515	0.554814461092	1.00651619623	0.570145132914	0.919017539874	0.457968753021	0.862005664572
AB7	1.42315611406	1.53057241179	1.21893889802	0.955650125665	1.46604343161	1.80789293862	1.31233522475	1.77682873852	1.90466479942	1.41957443209	1.98640233446	1.60088359111	1.7236678492	0.957084417593	1.50545452876	1.4357938666	1.81304086032	1.80951421943	0.0	0.547128206863	1.48818868536	1.61080329145	1.89012592073	1.85584644756	1.04894678105	1.42085144514	1.79517907202	1.64217161431	1.38263895602	1.19407270662	1.70663311261	1.67636827936	1.81280560174	1.85986306428	1.83284374577	1.79106710005	1.99426086999	1.44773086999	1.83251423393	1.4475321218	1.59267076365	0.994691517641	0.998378414693	1.44972932334	2.15160919768	2.08567637506	1.89128494442	1.92211730304	1.79436287579	1.78227469309	2.02431652489	1.9357382842	1.77005264862	1.80292527308	1.81555679555	1.76571340744	1.57041307878	1.87226337844	1.56207927501	1.8641280957	1.7087039681	1.92657714838
AB8	1.06230090865	1.06462310295	1.47119804737	0.492524374094	1.0477177187	1.32453346061	0.854051300145	1.28663146448	1.4312819478	0.956629144514	1.50652099082	1.12837068632	1.23956361527	1.13100709522	1.04017852102	1.0415757999	1.35925603673	1.33963241179	0.547128206863	0.0	1.01582426776	1.11859474625	1.40578106815	1.36510033833	1.0913521073	0.949422145964	1.31026575157	1.15526600773	0.882431541808	0.701794862252	1.26980797003	1.25294552441	1.3340119333	1.37774289029	1.41513490092	1.33889840986	1.52917395843	0.972610328661	1.36734683905	1.04440086999	1.16909650556	0.732341667472	0.684176877719	0.971215645239	1.69228834703	1.60634085065	1.54394244079	1.53544736588	1.36841997583	1.39035836636	1.64378285645	1.56210386177	1.39053750121	1.41861736588	1.42260652972	1.37864525858	1.1343620493	1.51595359594	1.14533547608	1.4537997245	1.22955273562	1.53456060899
AC7	0.841260130498	0.839899685839	1.9348238521	0.900404726921	1.06733991783	0.923893571774	0.865601416143	0.85733362494	0.966251648139	0.72005102465	1.04477682939	0.96827120348	0.945179637506	1.58993982117	0.854150647656	0.829760318995	1.02303613823	0.989533837603	1.48818868536	1.01582426776	0.0	0.506433939101	0.945922551957	0.932458274529	1.40215057516	0.702828840019	0.92298341711	0.763981372644	0.572423890768	0.513861807637	0.881176839053	0.841491358144	0.85904301595	0.894229313678	1.24437134848	1.12149914935	1.20670667472	0.718578550024	1.03490069599	0.921628018366	0.948066350894	1.13042297728	1.04657303528	0.723676162397	1.14786788787	1.0508262784	1.47508532624	1.42439846786	1.21308447559	1.25733272595	1.54208762687	1.46925440309	1.14482459159	1.17360347994	1.20448692122	1.1493060174	0.899679540841	1.42600294828	0.869739917835	1.29635965201	0.905824001933	1.40739293862
AC8	0.668603890768	0.624059434509	2.21051344128	0.981960782987	1.03523146931	0.579359913001	0.990214949251	0.512834639923	0.617315930401	0.68282919768	0.720399661672	0.812169328178	0.633853528275	1.86379987917	0.760988521025	0.626388931851	0.631930657322	0.584960072499	1.61080329145	1.11859474625	0.506433939101	0.0	0.573138859352	0.550916669889	1.54567645239	0.597171043983	0.451785176414	0.30819637506	0.454573131948	0.617819980667	0.595862397293	0.464443702272	0.532279961334	0.563472165297	1.10582379894	0.893257496375	0.822509284679	0.639069898502	0.663227858869	0.782995036249	0.689843006283	1.23103516675	1.12335857419	0.705420405993	0.862948429193	0.770908849686	1.2904921508	1.10533165297	1.02107064282	1.02611923151	1.15657054616	1.15942953117	0.833708902852	0.832944272595	0.824794838086	0.827223107782	0.578743929435	1.18946943451	0.571567080715	0.973140057999	0.521739497342	1.03210352344
AD7	0.854431130981	0.826747486709	2.38663245529	1.17632451426	1.24440533108	0.621375766071	1.28761370227	0.546338912518	0.467860744321	0.960395142581	0.397925384244	1.02197935234	0.714158902852	2.04184579507	0.913194707588	0.821143692605	0.481079386177	0.445420797487	1.89012592073	1.40578106815	0.945922551957	0.573138859352	0.0	0.1662399855	1.87911038183	0.830096563557	0.333717365877	0.488473939101	0.653764838086	0.86838257129	0.704796133398	0.559404050266	0.444941043983	0.544838496858	1.31270524891	1.11261076849	0.652334088932	0.808183769937	0.670619951667	1.01223979217	0.869892701788	1.39201356211	1.28596179314	0.923734683422	0.795182165297	0.688565621073	1.35248633156	1.1577720203	1.24794490092	1.18849681489	1.14542804253	1.21261011116	0.940956162397	0.893453784437	0.854745519575	0.899549623006	0.713820256162	1.25698198163	0.722928453359	1.12267198647	0.621542745288	1.08487835186
AD8	0.828171947801	0.761810507492	2.39096443693	1.13855121798	1.17038666989	0.559182305462	1.23805766071	0.492746708555	0.460343204447	0.916805306912	0.364698931851	0.943956892218	0.661264407927	2.04451090382	0.865418946351	0.764308985017	0.453219719671	0.424080202997	1.85584644756	1.36510033833	0.932458274529	0.550916669889	0.1662399855	0.0	1.81183725955	0.762431261479	0.325208883519	0.481936814886	0.599436645723	0.81810017883	0.696480159497	0.546157433543	0.458389207347	0.512656665056	1.2614640261	1.05772427743	0.599184736588	0.746086500725	0.602844519091	0.932266621556	0.79367979217	1.39821859352	1.27937390043	0.855218032866	0.752866916385	0.659968119865	1.28793280329	1.08778547124	1.1716262204	1.11369281779	1.08338012083	1.1448477767	0.877088733688	0.832906355727	0.799584461092	0.834541440309	0.693121324311	1.19159144031	0.708783334944	1.05115562591	0.564408327695	1.01535919768
AE7	1.38787079265	1.49669312228	1.88696144514	1.26462780087	1.35982899468	1.75427720638	1.22790056549	1.7572000435	1.89737937168	1.3137540986	1.98398609957	1.49074765587	1.63746449976	1.61791325761	1.46380568874	1.39984918318	1.77410185114	1.76678702272	1.04894678105	1.0913521073	1.40215057516	1.54567645239	1.87911038183	1.81183725955	0.0	1.07365370227	1.78509713388	1.62803890768	1.40836192847	1.28253468342	1.57061296278	1.58688702755	1.81003722571	1.82245143064	1.69770223296	1.69567886902	1.96738447076	1.48240391493	1.80163187047	1.36083897052	1.55291999033	1.45648491058	1.42661229096	1.42027102948	2.03235708072	1.99818449009	1.7202017593	1.82588770904	1.62461065249	1.62210697438	1.96799751571	1.82430960851	1.67484493958	1.71940541324	1.75160297728	1.66833842919	1.56837368294	1.7651062639	1.54003191397	1.77203173514	1.66306983084	1.86151692122
AE8	0.599511271145	0.583304243596	2.14375548574	0.906901735138	0.86035900435	0.771335751571	0.871414615756	0.746460318995	0.888801019816	0.5776219913	0.987136718221	0.665131614306	0.690808110198	1.80028223296	0.693067820203	0.544364683422	0.831212460126	0.809464543258	1.42085144514	0.949422145964	0.702828840019	0.597171043983	0.830096563557	0.762431261479	1.07365370227	0.0	0.770044021266	0.633563020783	0.585126109232	0.552645843403	0.757671478975	0.695641406477	0.803677655872	0.825479052682	1.07070841469	0.908006172064	0.983227926535	0.637675509908	0.832263533108	0.631390536491	0.662780333494	1.18521353794	1.06839893668	0.626280333494	1.10065670855	1.06408478492	1.15842207347	1.0932221073	0.939283301112	0.956039893668	1.21255535524	1.14295431126	0.870886674722	0.902687274045	0.926893450942	0.865463895602	0.658828593523	1.10832232479	0.643644224263	1.00728492508	0.686455558241	1.07966683422
AF7	0.739670517158	0.669008622523	2.37536609957	1.16843847753	1.08648445626	0.555555596907	1.19256943451	0.483013668439	0.448909313678	0.856809502175	0.481624644756	0.878919047849	0.609323876269	2.03260870952	0.798413958434	0.693827554374	0.398604581924	0.358661720638	1.79517907202	1.31026575157	0.92298341711	0.451785176414	0.333717365877	0.325208883519	1.78509713388	0.770044021266	0.0	0.269413450942	0.611616703722	0.816631536974	0.6583580232	0.506581077815	0.42740897535	0.502541295312	1.14742478009	0.948639975834	0.562662532624	0.724869700338	0.558780700822	0.864769434509	0.708778690188	1.38758822136	1.28274407927	0.812502827453	0.772650106332	0.664951841469	1.20521815853	1.01503050749	1.07592185114	1.03188419526	1.0068181682	1.06489413726	0.794680362494	0.771019289512	0.738602943451	0.768413320445	0.573681498308	1.10714434509	0.587622426293	0.966719724505	0.474581657806	0.945480309328
AF8	0.598480642823	0.580759318511	2.27142271145	1.04741851136	1.00943846786	0.542695476075	1.06618620106	0.469674920251	0.537227056549	0.729839888835	0.670579458676	0.804522329628	0.596832397293	1.92345167231	0.750622769454	0.586312044466	0.489430396327	0.446781580474	1.64217161431	1.15526600773	0.763981372644	0.30819637506	0.488473939101	0.481936814886	1.62803890768	0.633563020783	0.269413450942	0.0	0.513603117448	0.685276365394	0.620034432093	0.436228661189	0.482967066216	0.526910715321	1.10537398743	0.914771445143	0.708111894635	0.671432334461	0.539426602223	0.764145698405	0.64375717738	1.28016174964	1.16895869019	0.749942203963	0.879373948768	0.775595703238	1.17800347994	0.997801280812	1.00560547124	0.988346452392	0.997479951667	1.04680122765	0.758038820686	0.750876868052	0.733343479942	0.741953267279	0.494311498308	1.08228966651	0.493188791687	0.933927394877	0.444587481875	0.926191585307
AG7	0.725861817303	0.62436060899	1.93716451426	0.715852310295	0.884720473659	0.644735954567	0.911970120831	0.52875242146	0.651537095215	0.629238733688	0.783489690672	0.770907138714	0.619074925085	1.59462063799	0.637511435476	0.647866713388	0.732108177864	0.707074741421	1.38263895602	0.882431541808	0.572423890768	0.454573131948	0.653764838086	0.599436645723	1.40836192847	0.585126109232	0.611616703722	0.513603117448	0.0	0.298914311261	0.7827719913	0.669273141614	0.571012136298	0.655259623006	1.17831938618	0.944258264862	0.90520821653	0.429490589657	0.743670280329	0.754892788787	0.691180053166	1.01691985017	0.897175137748	0.524748105365	1.0077999855	0.931614238763	1.29761701788	1.09435915901	1.09312036249	1.08949805703	1.19805575157	1.16115106332	0.872129159014	0.876700053166	0.884424683422	0.85152638956	0.591461333978	1.20189277429	0.614553513775	1.03964449009	0.628651324311	1.0791760464
AG8	0.705163030449	0.713944635089	1.7909759159	0.63195222813	0.8886580232	0.828284117931	0.73711121798	0.744659366844	0.889390729821	0.603186974384	0.989578724021	0.81197701305	0.794542962784	1.4424042291	0.694380130498	0.689578994683	0.926558090865	0.902609787337	1.19407270662	0.701794862252	0.513861807637	0.617819980667	0.86838257129	0.81810017883	1.28253468342	0.552645843403	0.816631536974	0.685276365394	0.298914311261	0.0	0.890671242146	0.848702870952	0.799001981634	0.848623291445	1.1987881972	1.02117329145	1.0796180232	0.481989608507	0.915765964234	0.772754214596	0.793532469792	0.915509743838	0.811849294345	0.528810246496	1.19635949734	1.1163577622	1.32580878685	1.24818652006	1.12362845819	1.15296930401	1.36348647656	1.30111458676	1.02989852102	1.04373205413	1.06269070082	1.02146025616	0.765045698405	1.26828158531	0.761048115031	1.18343072015	0.799896423393	1.23736538908
AH7	0.743811237313	0.828939047849	2.43515605123	1.27737671339	1.19606924601	0.823553030449	1.17714453842	0.827141851136	0.892729888835	0.897561348478	0.8227080232	1.00450081199	0.846040691155	2.108930058	1.01492652972	0.762286273562	0.651547602707	0.6006779942	1.70663311261	1.26980797003	0.881176839053	0.595862397293	0.704796133398	0.696480159497	1.57061296278	0.757671478975	0.6583580232	0.620034432093	0.7827719913	0.890671242146	0.0	0.299218849686	0.854547211213	0.874791266312	1.15016165297	1.03493733204	0.858451082649	0.920389250846	0.770367356211	0.931992677622	0.851487240213	1.48446477525	1.37993491058	0.97033161914	0.969455253746	0.917251449976	1.27334827453	1.09987465926	1.14820447559	1.04120070082	1.14702171097	1.14831090382	0.85688320928	0.822374867086	0.816907868536	0.833352300628	0.764905833736	1.19138433059	0.746618119865	1.014159797	0.701135882069	1.06100707105
AH8	0.657258110198	0.680250473659	2.4281121073	1.20987297245	1.06397267762	0.645484465926	1.13862890768	0.628553363944	0.717564378927	0.801148182697	0.718301198647	0.872459458676	0.696914900918	2.0872978492	0.874182508458	0.615454780087	0.462494939584	0.401424258096	1.67636827936	1.25294552441	0.841491358144	0.464443702272	0.559404050266	0.546157433543	1.58688702755	0.695641406477	0.506581077815	0.436228661189	0.669273141614	0.848702870952	0.299218849686	0.0	0.66911477042	0.666789922668	1.10970220396	0.939222542291	0.739335964234	0.798303073949	0.588481894635	0.81009558724	0.719639149348	1.4377940551	1.31826690672	0.8516339971	0.835278037699	0.773650560657	1.15576668922	0.979582750121	1.04502720155	0.93502441276	0.979549453842	1.02498610923	0.71419341711	0.695083035283	0.683664282262	0.696785843403	0.591694610923	1.06144369261	0.566307100048	0.890962503625	0.52635717738	0.927199134848
AA5	0.833938670855	0.606524403093	2.25406051716	1.08949731271	0.97480881102	0.457863102948	1.16899619623	0.271217298212	0.263178376027	0.841805949734	0.464460057999	0.758583431609	0.573717723538	1.91513584824	0.673790164331	0.732102107298	0.478204983084	0.476375074915	1.81280560174	1.3340119333	0.85904301595	0.532279961334	0.444941043983	0.458389207347	1.81003722571	0.803677655872	0.42740897535	0.482967066216	0.571012136298	0.799001981634	0.854547211213	0.66911477042	0.0	0.287747515708	1.17388202997	0.926569366844	0.672735712905	0.593954780087	0.596503953601	0.832351672305	0.663237341711	1.22314893185	1.12222462542	0.646412237796	0.781017960367	0.643744557757	1.28702455292	1.09987781054	1.07194858386	1.07176019816	1.10030081199	1.15589629773	0.845157631706	0.841005954567	0.793545770904	0.825560613823	0.580751498308	1.19255465442	0.620240710488	1.00393037216	0.535186138231	1.02388114548
AA6	0.820680444659	0.604207153214	2.3680180087	1.15350925568	0.935228873852	0.360151894635	1.14338955051	0.313143354277	0.331189652006	0.8277179797	0.443511701305	0.698114852586	0.537029144514	2.0180439246	0.726387926535	0.723405195747	0.535787907202	0.539146041566	1.85986306428	1.37774289029	0.894229313678	0.563472165297	0.544838496858	0.512656665056	1.82245143064	0.825479052682	0.502541295312	0.526910715321	0.655259623006	0.848623291445	0.874791266312	0.666789922668	0.287747515708	0.0	1.02386041083	0.789499028516	0.560753349444	0.630735558241	0.467962189464	0.828648129531	0.583871469309	1.33082255679	1.20808509425	0.653324277429	0.56363462059	0.442114180764	1.15314145481	0.972949096182	0.92144419043	0.911079748671	0.971678390527	1.02105205897	0.697563784437	0.720701686805	0.678223339778	0.696833707105	0.615869579507	1.05155669889	0.646168003867	0.853057762204	0.503889458676	0.887717477042
AB5	1.04150337844	0.884709526341	2.52752738038	1.38061341711	0.736929381344	0.983610584824	1.18116157081	1.0554217448	1.15116035766	0.930577336878	1.15487068149	0.72723820203	0.965235326245	2.18725040599	0.981030541324	0.953644823586	1.14491480425	1.15266046883	1.83284374577	1.41513490092	1.24437134848	1.10582379894	1.31270524891	1.2614640261	1.69770223296	1.07070841469	1.14742478009	1.10537398743	1.17831938618	1.1987881972	1.15016165297	1.10970220396	1.17388202997	1.02386041083	0.0	0.353003866602	0.916773634606	1.03721449976	0.927211261479	0.813733392943	0.829865471242	1.55498964717	1.45656066216	0.927955882069	0.965904195263	0.952505427743	0.816103421943	0.903375190913	0.695498221363	0.710898158531	1.04351676172	0.914489366844	0.773330420493	0.892661807637	0.91684782987	0.844517878202	0.993937075882	0.852677602707	0.983076940551	0.796740463992	0.983509569841	0.908683919768
AB6	0.88709542291	0.662103890768	2.45066850169	1.24193843403	0.697314736588	0.759779429676	1.04541533591	0.808130860319	0.915383228613	0.806944702755	0.970643528275	0.525924156597	0.759305360077	2.10543147898	0.759491527308	0.766886360561	0.970083794103	0.983386094732	1.79106710005	1.33889840986	1.12149914935	0.893257496375	1.11261076849	1.05772427743	1.69567886902	0.908006172064	0.948639975834	0.914771445143	0.944258264862	1.02117329145	1.03493733204	0.939222542291	0.926569366844	0.789499028516	0.353003866602	0.0	0.731076205897	0.785509231513	0.75451717738	0.707673170614	0.627702754954	1.42233242146	1.29539604157	0.713869734171	0.797035108748	0.793169555341	0.778293494442	0.729196437893	0.543184475592	0.541329072015	0.849009386177	0.743949328178	0.595722522958	0.730880734654	0.755178956017	0.680577936201	0.758367496375	0.719938898018	0.756882218463	0.60370658289	0.792358260029	0.708434349927
AC5	0.9743380087	0.823518076365	2.6478222813	1.45014329145	1.02289275979	0.602685234413	1.32889693572	0.620320666989	0.582790628323	0.983992827453	0.499148820686	0.775205273079	0.765577999033	2.30452695022	0.95341441276	0.903561483809	0.599583914935	0.581867916868	1.99426086999	1.52917395843	1.20670667472	0.822509284679	0.652334088932	0.599184736588	1.96738447076	0.983227926535	0.562662532624	0.708111894635	0.90520821653	1.0796180232	0.858451082649	0.739335964234	0.672735712905	0.560753349444	0.916773634606	0.731076205897	0.0	0.832582479459	0.506260198163	0.956412063799	0.754177356211	1.65515490092	1.51911961334	0.871472638956	0.469631672305	0.434836268729	1.00962773804	0.800471822136	0.891197781537	0.822405161914	0.774324586757	0.845592532624	0.630204422426	0.627552938618	0.57210479942	0.64682138231	0.81785297245	0.900300575157	0.831692653456	0.770318197197	0.666106065732	0.728696858386
AC6	0.759562518125	0.538367747704	1.97852514741	0.780226940551	0.740193421943	0.638292063799	0.726506481392	0.531500120831	0.693251967134	0.51018300145	0.827274867086	0.627082609956	0.645906056066	1.63175968584	0.515588405027	0.627117254712	0.805294088932	0.790434649589	1.44773086999	0.972610328661	0.718578550024	0.639069898502	0.808183769937	0.746086500725	1.48240391493	0.637675509908	0.724869700338	0.671432334461	0.429490589657	0.481989608507	0.920389250846	0.798303073949	0.593954780087	0.630735558241	1.03721449976	0.785509231513	0.832582479459	0.0	0.748634161431	0.617583446109	0.596090488159	0.853904407927	0.720743629773	0.309003296278	0.999911358144	0.920354533591	1.17456562591	1.07136951667	0.955874238763	0.964952551957	1.17639300145	1.11018475592	0.843527327211	0.887671232479	0.913193939101	0.851823910101	0.577973856936	1.08869881102	0.607848917351	0.995726795553	0.653538637023	1.04744412276
AD6	0.746713779604	0.598988482359	2.5140018318	1.21518514258	0.872941290478	0.389556075399	1.17051000967	0.467419850169	0.552474393427	0.828654842919	0.507136075399	0.65228279362	0.525436176897	2.16290649106	0.758275103915	0.675629618173	0.485241184147	0.503819096182	1.83251423393	1.36734683905	1.03490069599	0.663227858869	0.670619951667	0.602844519091	1.80163187047	0.832263533108	0.558780700822	0.539426602223	0.743670280329	0.915765964234	0.770367356211	0.588481894635	0.596503953601	0.467962189464	0.927211261479	0.75451717738	0.506260198163	0.748634161431	0.0	0.727970328661	0.434871889802	1.49693159981	1.38112702272	0.771563218946	0.656055563074	0.576660662156	0.894604001933	0.717147515708	0.814375205413	0.724938951184	0.726686698888	0.769761546641	0.490816365394	0.48128522958	0.460478076365	0.461810985984	0.582822798453	0.80650539391	0.59354421943	0.67361817303	0.387783122281	0.646209574674
AE5	0.572275137748	0.491609328178	2.26170087965	0.982102266796	0.65846738521	0.776434775254	0.781304378927	0.731048564524	0.927532058966	0.486371512808	0.993079540841	0.564679057516	0.720007887869	1.91111341711	0.590174644756	0.472397259546	0.87323720638	0.86558500725	1.4475321218	1.04440086999	0.921628018366	0.782995036249	1.01223979217	0.932266621556	1.36083897052	0.631390536491	0.864769434509	0.764145698405	0.754892788787	0.772754214596	0.931992677622	0.81009558724	0.832351672305	0.828648129531	0.813733392943	0.707673170614	0.956412063799	0.617583446109	0.727970328661	0.0	0.368060604157	1.17924235379	1.0555479652	0.560549468342	1.10522332044	1.06026369261	0.932511295312	0.916779275012	0.773657810536	0.732370004833	1.05256336878	0.951940227163	0.659897501208	0.734167931368	0.791080729821	0.669119690672	0.532430797487	0.912550029	0.525078086032	0.817918583857	0.663956331561	0.912344581924
AE6	0.554477336878	0.394053112615	2.36068964234	1.06201807637	0.715982846786	0.549376800387	0.939932107298	0.536600420493	0.679980705655	0.616020778154	0.753806843886	0.533128448526	0.50178618173	2.00863086999	0.552928927018	0.455593446109	0.684668637023	0.701144673755	1.59267076365	1.16909650556	0.948066350894	0.689843006283	0.869892701788	0.79367979217	1.55291999033	0.662780333494	0.708778690188	0.64375717738	0.691180053166	0.793532469792	0.851487240213	0.719639149348	0.663237341711	0.583871469309	0.829865471242	0.627702754954	0.754177356211	0.596090488159	0.434871889802	0.368060604157	0.0	1.30165757371	1.17858142581	0.557714925085	0.887835785404	0.823976950217	0.856014886419	0.738497675205	0.677385181247	0.622231295312	0.860103160947	0.776401449976	0.482605828903	0.522525896568	0.55029017883	0.483173122281	0.440502556791	0.770475717738	0.435415538908	0.639453890768	0.462522522958	0.722560797487
AF5	1.28489754954	1.20346160947	1.30163334461	0.581574093765	1.17698247946	1.36534092798	0.855734436926	1.24579746254	1.31468266796	1.00429437893	1.50025297245	1.25145566941	1.31002049783	0.965292658289	1.06749765587	1.22905549541	1.48840521508	1.47681405027	0.994691517641	0.732341667472	1.13042297728	1.23103516675	1.39201356211	1.39821859352	1.45648491058	1.18521353794	1.38758822136	1.28016174964	1.01691985017	0.915509743838	1.48446477525	1.4377940551	1.22314893185	1.33082255679	1.55498964717	1.42233242146	1.65515490092	0.853904407927	1.49693159981	1.17924235379	1.30165757371	0.0	0.183344490092	0.940253262446	1.74239208313	1.62314779604	1.71263523441	1.68706605607	1.55045341711	1.58819039633	1.79901738038	1.73117082649	1.53339747704	1.5785958144	1.5986682552	1.54142898502	1.2214078057	1.70261665539	1.25172947801	1.62064524891	1.36788935718	1.6769662204
AF6	1.17044886419	1.07732559691	1.40830586757	0.485286288062	1.07402298695	1.24723775254	0.753608806187	1.12755055582	1.21872564041	0.882600473659	1.397370261	1.13883185597	1.1940738521	1.06515617206	0.936331377477	1.10682512808	1.37826875785	1.36787328178	0.998378414693	0.684176877719	1.04657303528	1.12335857419	1.28596179314	1.27937390043	1.42661229096	1.06839893668	1.28274407927	1.16895869019	0.897175137748	0.811849294345	1.37993491058	1.31826690672	1.12222462542	1.20808509425	1.45656066216	1.29539604157	1.51911961334	0.720743629773	1.38112702272	1.0555479652	1.17858142581	0.183344490092	0.0	0.81758178347	1.62022441276	1.5066921508	1.59952049783	1.57330918318	1.43255422426	1.46948893185	1.66475493958	1.60839838086	1.41279785887	1.46490369744	1.48418214113	1.42459859836	1.1034182697	1.58245868052	1.12961300145	1.49849309328	1.24593729821	1.54844246496
AG5	0.727390183664	0.484682866119	2.05068686805	0.826027346544	0.614076553891	0.641761159981	0.717947138714	0.578269178347	0.731993252779	0.48905760754	0.848985103915	0.521068158531	0.625964886419	1.70334350411	0.461980033833	0.591770555824	0.839019898502	0.841226558724	1.44972932334	0.971215645239	0.723676162397	0.705420405993	0.923734683422	0.855218032866	1.42027102948	0.626280333494	0.812502827453	0.749942203963	0.524748105365	0.528810246496	0.97033161914	0.8516339971	0.646412237796	0.653324277429	0.927955882069	0.713869734171	0.871472638956	0.309003296278	0.771563218946	0.560549468342	0.557714925085	0.940253262446	0.81758178347	0.0	1.01031751571	0.932215413243	1.07210185597	1.02395913485	0.846266070565	0.867414485259	1.13947567907	1.06624795553	0.766620531658	0.836293146448	0.869371474142	0.779780101498	0.61883417593	1.02397807637	0.630561551474	0.911074006767	0.670139710005	1.00537297728
