	AA3	AA4	AB3	AB4	AC3	AC4	AD3	AD4	AE3	AE4	AF3	AF4	AG3	AG4	AH3	AH4	AA7	AA8	AB7	AB8	AC7	AC8	AD7	AD8	AE7	AE8	AF7	AF8	AG7	AG8	AH7	AH8	AA5	AA6	AB5	AB6	AC5	AC6	AD6	AE5	AE6	AF5	AF6	AG5	AH5	AH6	AA1	AA2	AB1	AB2	AC1	AC2	AD1	AD2	AE1	AE2	AF1	AF2	AG1	AG2	AH1	AH2
AA3	0.0	0.495072281295	2.25609139198	0.963580903818	0.849546650556	0.706720831319	0.939127438376	0.709536259062	0.83371922668	0.675971261479	0.904739922668	0.754988999517	0.650417008217	1.92704873852	0.743230029	0.247151846303	0.74866618173	0.717489526341	1.44647287095	0.992554683422	0.810788337361	0.61422121798	0.80678942001	0.814857346544	1.3805259159	0.564273784437	0.717786147898	0.594482025133	0.655021996133	0.636472508458	0.725366094732	0.636974794587	0.808528148864	0.789899811503	1.08969047849	0.86108280812	0.904399333011	0.742251029483	0.726958105365	0.606744074432	0.555373218946	1.27333132431	1.15077063799	0.690392126631	1.09923507008	1.01560183664	1.02424232479	0.896135340744	0.920928835186	0.827720125665	1.03995133398	0.958066703722	0.66393857419	0.71596738521	0.732932609956	0.67957020783	0.506579478009	0.910396573224	0.495677510875	0.830577114548	0.579650517158	0.92358717738
AA4	0.495072281295	0.0	2.26133023683	0.887469444176	0.609787612373	0.598906481392	0.900934093765	0.499596292895	0.700907602707	0.571252696955	0.856816099565	0.490708704688	0.463488873852	1.93277869985	0.326511493475	0.295061353311	0.685828835186	0.684012305462	1.5349097245	1.02974358144	0.909265036249	0.663689023683	0.882862909618	0.851045867569	1.4576619768	0.592553073949	0.672950831319	0.662814780087	0.711219458676	0.709357530208	0.875695940068	0.715086486225	0.638452078299	0.655775708072	0.905116843886	0.649381140648	0.811142682455	0.571016215563	0.633451739971	0.462904494925	0.389608206863	1.20396959884	1.07556745288	0.473486737554	0.985916669889	0.889209729338	0.899720599323	0.745645273079	0.729246800387	0.690954900918	0.930784282262	0.832990217496	0.605932073465	0.638527409377	0.646255147414	0.601355461576	0.410314659256	0.788059971	0.438750381827	0.705655128081	0.497685862736	0.764126312228
AB3	2.25609139198	2.26133023683	0.0	1.49749025616	2.20208466409	2.39234894635	1.89059082649	2.27108106815	2.36001244563	2.12837365394	2.51270416143	2.27017677622	2.30843377477	0.36298457709	2.14980669889	2.2812058289	2.48424555824	2.5064781827	1.16930084099	1.5319982842	1.97953310778	2.17426660706	2.3981938811	2.43295949734	1.9138199565	2.18040770904	2.39904279845	2.29872264862	1.8718017013	1.84169721121	2.44614792653	2.43115204447	2.26052799903	2.36772504592	2.54996138714	2.46712521991	2.62821999517	1.96481198163	2.5433058724	2.28087321411	2.39837654906	1.31098033833	1.41853205413	2.10426325761	2.74826592073	2.64973509425	2.67266916385	2.66297	2.51906487675	2.60701855486	2.78729854036	2.7202637796	2.58055638473	2.63105759787	2.61487667472	2.59265991783	2.2990422378	2.6863378057	2.33610974384	2.61759116481	2.37345702755	2.69473477042
AB4	0.963580903818	0.887469444176	1.49749025616	0.0	0.895100111165	1.00268621073	0.787824417593	0.946716408893	1.11044686805	0.810455210246	1.21991685355	0.918207525375	0.842060976317	1.1526517883	0.8041619913	0.916233185114	1.15191538908	1.16926514258	1.03163925568	0.519138748188	0.938789260512	0.929839318511	1.13907326245	1.13741674239	1.27227133398	0.887489207347	1.12597513291	1.0213097825	0.635101266312	0.623257336878	1.26426742388	1.1449898115	1.04311635089	1.10079710971	1.34471318028	1.20219049783	1.33600111648	0.691735703238	1.18997922185	0.925033069116	1.02035535041	0.61077842436	0.516420154664	0.782685490575	1.46583034799	1.36779717255	1.41058344128	1.32407956984	1.23979741421	1.271110261	1.4823121508	1.41035380377	1.22200504592	1.29738934268	1.28823634606	1.24519701788	0.970613044949	1.37416842919	1.00828638956	1.2671040696	1.0161480667	1.36643351377
AC3	0.849546650556	0.609787612373	2.20208466409	0.895100111165	0.0	0.745889579507	0.893308801353	0.806483064282	0.947447317545	0.642658134364	1.07824743354	0.273632672789	0.799815413243	1.87982442726	0.676897559207	0.74935077332	0.995789961334	0.991878854519	1.47605376994	1.00210025133	1.06006495408	0.977489057516	1.23425402127	1.2001597535	1.31353152247	0.80609142581	1.03596029966	1.01918473175	0.90356701305	0.859636471725	1.17299864186	1.02868474142	0.94549059449	0.971470521991	0.784061739971	0.670463262446	0.961462174964	0.709440164331	0.863311445143	0.605209449009	0.689932455292	1.17715632189	1.06787347028	0.590325012083	1.15379958434	1.05930048333	0.845014146931	0.876632730788	0.707568632189	0.747932537458	1.05111833253	0.93971257129	0.742572977284	0.831108670855	0.818395210246	0.777703934268	0.808310517158	0.867558941518	0.815469410343	0.831651420976	0.84381742871	0.906582750121
AC4	0.706720831319	0.598906481392	2.39234894635	1.00268621073	0.745889579507	0.0	1.1411602755	0.369984417593	0.452741169647	0.792469192847	0.39823438376	0.537946060899	0.474819395843	2.06525208313	0.677713160947	0.59859542291	0.590061309811	0.558131585307	1.81562108748	1.26462498792	0.926518583857	0.623496065732	0.662668376027	0.632319521508	1.70184276462	0.743116114065	0.556461788304	0.574793189947	0.703235703238	0.754014615756	0.810200961817	0.630122866119	0.497500154664	0.420640961817	0.994149105848	0.727281957467	0.566819081682	0.663247307878	0.430932518125	0.729782286129	0.470067245046	1.35908140648	1.2254478057	0.538499840503	0.736853968101	0.635402058966	1.05209484292	0.800778347028	0.817505316578	0.787084291928	0.883007515708	0.926449439343	0.608277665539	0.628349937168	0.664789729338	0.656645790237	0.610763296278	0.926963504108	0.599057878202	0.721130831319	0.46703438376	0.816930811986
AD3	0.939127438376	0.900934093765	1.89059082649	0.787824417593	0.893308801353	1.1411602755	0.0	0.991924731754	1.31515524891	0.44683542291	1.39137007733	0.931419502175	1.06466928951	1.56143302562	0.857036046399	0.919333484775	1.23600988884	1.21934052199	1.29819046883	0.810346201063	0.910170430159	0.962609816336	1.2908639246	1.29288381827	1.22147865152	0.884573537941	1.20828501208	1.09265462542	0.87761621073	0.792183156114	1.19722565491	1.13503694538	1.19857337361	1.19682663122	1.22042755437	1.08157681005	1.32275264862	0.707179666506	1.19409100532	0.798304552924	0.980632218463	0.865837767037	0.760293910101	0.806744040599	1.49267967617	1.39429218463	1.35620575157	1.33476008217	1.15729314161	1.2129981392	1.51787641373	1.42349520541	1.19483201547	1.24329841953	1.26091034316	1.19535809087	0.973272426293	1.33489094248	0.995994277429	1.26073853069	1.11019887385	1.36925481875
AD4	0.709536259062	0.499596292895	2.27108106815	0.946716408893	0.806483064282	0.369984417593	0.991924731754	0.0	0.358651058482	0.619280550991	0.53719017883	0.660046766554	0.511672638956	1.94438576124	0.538702402127	0.557981899468	0.54885099565	0.542988888352	1.76447682455	1.21094815853	0.849990019333	0.560510217496	0.576532667956	0.549662025133	1.70777299178	0.72766982117	0.475823160947	0.476656080232	0.571074475592	0.676714741421	0.803789120348	0.614554968584	0.299704881585	0.351161725471	1.0928160464	0.814764963751	0.613756723055	0.527354374094	0.491222329628	0.684653566941	0.508226452392	1.20367675689	1.07473347028	0.465584267762	0.757813446109	0.656012624456	1.15066756404	0.890647240213	0.915225896568	0.932709395843	0.958796524891	1.01628081682	0.717180459159	0.669147723538	0.722492029966	0.731113030449	0.518217718705	1.02208037216	0.555545079749	0.839927612373	0.489491706138	0.896147187047
AE3	0.83371922668	0.700907602707	2.36001244563	1.11044686805	0.947447317545	0.452741169647	1.31515524891	0.358651058482	0.0	0.935569743838	0.365967365877	0.796727539874	0.624093228613	2.04095742871	0.730940739488	0.731433769937	0.530243349444	0.559567322378	1.94502555341	1.40850575157	1.00739904785	0.730411503142	0.489114910585	0.49466582407	1.90167329145	0.920987916868	0.449947520541	0.526701000483	0.735100120831	0.874630159497	0.913209429676	0.724830009666	0.289276384727	0.339917675205	1.17204426293	0.9129079797	0.5187680232	0.779787452876	0.535506631223	0.948895741904	0.654023571774	1.34356055582	1.22553640889	0.692988733688	0.726309415176	0.623554016433	1.23239323828	0.959009192847	1.02460684389	1.0176560174	1.00512389077	1.08969672789	0.801208182697	0.756820898985	0.789719009183	0.819060724988	0.702509096182	1.110890029	0.718110067666	0.923573731271	0.619948806187	0.96520881102
AE4	0.675971261479	0.571252696955	2.12837365394	0.810455210246	0.642658134364	0.792469192847	0.44683542291	0.619280550991	0.935569743838	0.0	1.0437498985	0.608704755921	0.739496331561	1.79878923151	0.581735799903	0.591341300145	0.867981193813	0.864879192847	1.48148059449	0.938208197197	0.772740256162	0.688954084099	0.964859192847	0.954717713871	1.33280117931	0.56331098115	0.8459439826	0.750983533108	0.661064876752	0.624629927501	0.924043494442	0.791163620106	0.826021159981	0.831262015466	0.953933513775	0.800997433543	0.951199371677	0.474428477525	0.837738791687	0.491319318511	0.635259550507	1.02399809087	0.894187525375	0.508908037699	1.13727897535	1.03727447076	1.05175232963	1.02846313195	0.873662851619	0.928347636539	1.2074638521	1.12078198647	0.873097017883	0.907625432576	0.925335181247	0.864279980667	0.640767839536	1.03633070565	0.667447457709	0.96535578057	0.758953736104	1.04972176414
AF3	0.904739922668	0.856816099565	2.51270416143	1.21991685355	1.07824743354	0.39823438376	1.39137007733	0.53719017883	0.365967365877	1.0437498985	0.0	0.869734093765	0.718570918318	2.18719717738	0.921437182214	0.847344093765	0.525248066699	0.518060265829	2.04605974384	1.49950632189	1.07915570324	0.83361117448	0.426268869019	0.412559444176	1.97905261479	1.00637345578	0.492137728371	0.635404461092	0.854567409377	0.960860889319	0.853017597873	0.719309710005	0.474072933784	0.453548298695	1.19195094248	0.970630560657	0.456694780087	0.883120927985	0.50792879652	0.994017646206	0.706838342194	1.50671973417	1.37368950701	0.793610019333	0.704804001933	0.594235949734	1.23417781054	0.970362097632	1.10019894635	1.01182670855	1.01187705655	1.07874882069	0.782082846786	0.748202880619	0.795756505558	0.797078501692	0.847039632673	1.08377671822	0.834704325761	0.934333576607	0.639907404543	0.976016940551
AF4	0.754988999517	0.490708704688	2.27017677622	0.918207525375	0.273632672789	0.537946060899	0.931419502175	0.660046766554	0.796727539874	0.608704755921	0.869734093765	0.0	0.645438535524	1.9467317738	0.572799144514	0.630289081682	0.873133479942	0.850599695505	1.58728064282	1.0468138811	0.9610820058	0.820632092798	1.08181075399	1.04403809087	1.41533971	0.668521208313	0.898516510391	0.886760004833	0.83072358144	0.788519362011	1.03317293862	0.898259647173	0.801777293378	0.812340797487	0.76666677622	0.554755645239	0.808724494925	0.628347133881	0.731656471725	0.537055181247	0.564726665056	1.20109791687	1.09168282745	0.497303765104	0.994021701305	0.895322329628	0.835217066216	0.77834038666	0.621001836636	0.638906727888	0.962194891252	0.869294736588	0.639686500725	0.727877283712	0.725493518608	0.686551087482	0.698169086515	0.802770154664	0.702433218946	0.705089623006	0.707911338811	0.809208018366
AG3	0.650417008217	0.463488873852	2.30843377477	0.842060976317	0.799815413243	0.474819395843	1.06466928951	0.511672638956	0.624093228613	0.739496331561	0.718570918318	0.645438535524	0.0	1.96529919285	0.475184755921	0.50391181247	0.553971986467	0.563917293378	1.7175737651	1.17635317061	0.949269743838	0.592546133398	0.713088980184	0.705219835669	1.58931622523	0.688471179314	0.57683099565	0.578708274529	0.69031040116	0.753849313678	0.826944475592	0.658143228613	0.595572696955	0.574281391977	1.02163789754	0.771834161431	0.758206075399	0.654312010633	0.600840710488	0.664198356694	0.454215244079	1.27409430643	1.14978741421	0.574151822136	0.917586887385	0.821791894635	1.02471589174	0.770278448526	0.837682121798	0.804502266796	0.943443170614	0.889450758821	0.615705239246	0.68248117448	0.701371667472	0.642601841469	0.460323204447	0.922179913001	0.473116520058	0.746122590623	0.384981657806	0.817383276945
AG4	1.92704873852	1.93277869985	0.36298457709	1.1526517883	1.87982442726	2.06525208313	1.56143302562	1.94438576124	2.04095742871	1.79878923151	2.18719717738	1.9467317738	1.96529919285	0.0	1.82817428226	1.95289211696	2.16358838569	2.18198897535	0.940730038666	1.22161928468	1.66218950701	1.85208526825	2.0781282697	2.11150770904	1.66316907685	1.86330449493	2.07641445143	1.97664397777	1.55853155631	1.52746127598	2.14168909135	2.10825744321	1.93991866602	2.04201979217	2.23489746738	2.14629271629	2.30985316578	1.64215161914	2.2162182987	1.95238299178	2.07065003867	1.00375059932	1.10409393427	1.78081911551	2.4277861769	2.32763366844	2.3427119913	2.33699936201	2.18949316578	2.2759921508	2.46230460609	2.39195673755	2.25071933784	2.30253048816	2.29220044949	2.2663359594	1.97372736588	2.35945939584	2.01165049299	2.28832262446	2.04909811503	2.36953647656
AH3	0.743230029	0.326511493475	2.14980669889	0.8041619913	0.676897559207	0.677713160947	0.857036046399	0.538702402127	0.730940739488	0.581735799903	0.921437182214	0.572799144514	0.475184755921	1.82817428226	0.0	0.542810323828	0.75965698405	0.787841517641	1.56792899952	1.03416838569	0.902525606573	0.700232252296	0.898439188014	0.894144900918	1.48817615756	0.715313247946	0.766713499275	0.740314963751	0.669780125665	0.672551159981	1.00084220396	0.840598231029	0.637040604157	0.691981111648	1.0258037651	0.779033707105	0.907452996617	0.490732194297	0.780397510875	0.609641227646	0.566482097632	1.05550549058	0.930365326245	0.437748042533	1.06585524891	0.974161599807	1.08024260029	0.90491840986	0.845666616723	0.871008540358	1.06970351861	0.999569879169	0.804193794103	0.843647825036	0.82378982117	0.809898168197	0.53906739971	0.972217670372	0.575531735138	0.849559516675	0.623563011116	0.938638743354
AH4	0.247151846303	0.295061353311	2.2812058289	0.916233185114	0.74935077332	0.59859542291	0.919333484775	0.557981899468	0.731433769937	0.591341300145	0.847344093765	0.630289081682	0.50391181247	1.95289211696	0.542810323828	0.0	0.626201333978	0.605548206863	1.50499544708	1.01005095698	0.850307626873	0.570160913485	0.765059710005	0.734215476075	1.44546653939	0.546389893668	0.607729284679	0.557562957951	0.642648032866	0.660942595457	0.749919255679	0.587233919768	0.690185176414	0.671192498792	0.991292677622	0.736167307878	0.806174697922	0.623487196713	0.622264161431	0.513494731754	0.417201469309	1.24751321411	1.11846783954	0.553577602707	0.980037868536	0.892541889802	0.960295949734	0.796616747221	0.812782769454	0.729216708555	0.964541295312	0.876061324311	0.584601643306	0.624485708072	0.654045886902	0.594181135814	0.349808704688	0.83384138231	0.358724678589	0.724458376027	0.45736881102	0.822606070565
AA7	0.74866618173	0.685828835186	2.48424555824	1.15191538908	0.995789961334	0.590061309811	1.23600988884	0.54885099565	0.530243349444	0.867981193813	0.525248066699	0.873133479942	0.553971986467	2.16358838569	0.75965698405	0.626201333978	0.0	0.163196829386	1.82401647173	1.29733430159	1.0251718028	0.649838738521	0.432373881102	0.426328129531	1.7593480087	0.816397423876	0.329045157081	0.405843721605	0.787158579024	0.882379086515	0.625587723538	0.414318956017	0.509411430643	0.513410149831	1.2026437651	0.974977274045	0.539392097632	0.840888917351	0.528375596907	0.885193697438	0.670727394877	1.47166064766	1.34536250362	0.815344446593	0.786020323828	0.683390976317	1.14097437409	0.886365485742	1.09193608023	0.973335712905	0.908409473175	0.984035070082	0.697815050749	0.669226810053	0.709439072015	0.701885814403	0.537034949251	0.985826370227	0.550635485742	0.909262725955	0.481875683905	0.888069250846
AA8	0.717489526341	0.684012305462	2.5064781827	1.16926514258	0.991878854519	0.558131585307	1.21934052199	0.542988888352	0.559567322378	0.864879192847	0.518060265829	0.850599695505	0.563917293378	2.18198897535	0.787841517641	0.605548206863	0.163196829386	0.0	1.8193017593	1.28813565491	0.975506785887	0.594328337361	0.463592914451	0.450923644273	1.71957271629	0.778008695022	0.352244287095	0.392742116965	0.771454316095	0.868502150797	0.575909357177	0.346427539874	0.524682701788	0.502655737071	1.17014273079	0.949713620106	0.544838274529	0.839631478975	0.49418540841	0.85231242146	0.647219913001	1.49613567907	1.37037063316	0.800837477042	0.746818980184	0.647662527791	1.13652657322	0.883950550991	1.0680940406	0.934965244079	0.900044717255	0.976524572257	0.665252885452	0.631128182697	0.677842000967	0.678622527791	0.567467718705	0.978102590623	0.553790285162	0.872288854519	0.449294920251	0.881992160464
AB7	1.44647287095	1.5349097245	1.16930084099	1.03163925568	1.47605376994	1.81562108748	1.29819046883	1.76447682455	1.94502555341	1.48148059449	2.04605974384	1.58728064282	1.7175737651	0.940730038666	1.56792899952	1.50499544708	1.82401647173	1.8193017593	0.0	0.60219420493	1.52127736104	1.57530257612	1.91118456259	1.91167129048	1.09018153214	1.44835595457	1.82146957467	1.69527831803	1.33583742871	1.21842331078	1.72746592557	1.70353106815	1.84876640406	1.90163538908	1.88129899952	1.80015999033	2.00801135331	1.45966185114	1.89163884485	1.49104580957	1.66141331078	0.978486930884	1.04163117448	1.54800333494	2.17129071532	2.09877387627	1.92393726438	1.9522581972	1.84387079265	1.83406397777	2.08171118415	1.99712142098	1.82149832769	1.87888113581	1.86218136298	1.83199388594	1.61302441276	1.93524446593	1.63455715805	1.8667080232	1.73085248429	1.97633071049
AB8	0.992554683422	1.02974358144	1.5319982842	0.519138748188	1.00210025133	1.26462498792	0.810346201063	1.21094815853	1.40850575157	0.938208197197	1.49950632189	1.0468138811	1.17635317061	1.22161928468	1.03416838569	1.01005095698	1.29733430159	1.28813565491	0.60219420493	0.0	1.03704092315	1.05595727405	1.35505368294	1.34865182697	1.08421642339	0.914405577574	1.27099122281	1.14758290478	0.792780381827	0.687453378444	1.24156306912	1.18691029966	1.30581943934	1.35138669406	1.3956620783	1.26928107782	1.46293535041	0.913524069599	1.35971129048	0.997554301595	1.14250500242	0.72121641856	0.696442663122	0.99217442726	1.63997596907	1.55392715321	1.52263657322	1.46959005317	1.35306918318	1.36636492025	1.60678246979	1.54690640406	1.35402533108	1.38992628323	1.37915898018	1.35369674239	1.10359308845	1.50236857902	1.14216090382	1.37973592557	1.18806198163	1.49533402127
AC7	0.810788337361	0.909265036249	1.97953310778	0.938789260512	1.06006495408	0.926518583857	0.910170430159	0.849990019333	1.00739904785	0.772740256162	1.07915570324	0.9610820058	0.949269743838	1.66218950701	0.902525606573	0.850307626873	1.0251718028	0.975506785887	1.52127736104	1.03704092315	0.0	0.477135065249	0.955301807637	0.980264697922	1.42886859836	0.717433238279	0.96327558724	0.808646969551	0.585811551474	0.572377056549	0.873450932818	0.830721420976	0.895853276945	0.914628835186	1.2710637651	1.14390246496	1.17711486225	0.765867080715	1.0650057274	0.961033175447	0.979183692605	1.20257477042	1.10159813436	0.759992846786	1.14899650556	1.06970214113	1.49635334944	1.40347817786	1.24210536008	1.28694660706	1.54705857902	1.49229646206	1.14991196713	1.20025699855	1.23408627356	1.17431121798	0.927852368294	1.41863362011	0.935163238279	1.27722012566	0.931531565974	1.42413523441
AC8	0.61422121798	0.663689023683	2.17426660706	0.929839318511	0.977489057516	0.623496065732	0.962609816336	0.560510217496	0.730411503142	0.688954084099	0.83361117448	0.820632092798	0.592546133398	1.85208526825	0.700232252296	0.570160913485	0.649838738521	0.594328337361	1.57530257612	1.05595727405	0.477135065249	0.0	0.637520613823	0.672098390527	1.4801662639	0.561452469792	0.564881691638	0.40610521508	0.475372281295	0.53585781537	0.638419560174	0.504175751571	0.60658102465	0.598184209763	1.13589993233	0.878837568874	0.863293484775	0.670877119381	0.743622928951	0.784790405993	0.670634842919	1.20279910585	1.0892717303	0.643579453842	0.92349681972	0.832966901885	1.2999058144	1.05614707588	1.01456643789	1.02731964234	1.19560312711	1.16424163847	0.818317162881	0.852062812953	0.88696457709	0.847058898018	0.539733156114	1.15482873369	0.562899608507	0.940119511841	0.56462741421	1.07265934751
AD7	0.80678942001	0.882862909618	2.3981938811	1.13907326245	1.23425402127	0.662668376027	1.2908639246	0.576532667956	0.489114910585	0.964859192847	0.426268869019	1.08181075399	0.713088980184	2.0781282697	0.898439188014	0.765059710005	0.432373881102	0.463592914451	1.91118456259	1.35505368294	0.955301807637	0.637520613823	0.0	0.151962136298	1.85695450459	0.853101155147	0.379429323345	0.426522416626	0.698955611406	0.822511208313	0.708688883519	0.558658849686	0.498223668439	0.516759284679	1.35720297245	1.12442088932	0.606297172547	0.872387419043	0.662542556791	1.04624285162	0.833293310778	1.39887292412	1.27364745288	0.888302938618	0.828379705172	0.733843929435	1.36969078782	1.10559039633	1.25050583374	1.18109509425	1.1307961044	1.21996330594	0.931061005317	0.856279956501	0.919201759304	0.932895210246	0.71784897535	1.231620058	0.7433680232	1.09783474142	0.622879908168	1.10309759304
AD8	0.814857346544	0.851045867569	2.43295949734	1.13741674239	1.2001597535	0.632319521508	1.29288381827	0.549662025133	0.49466582407	0.954717713871	0.412559444176	1.04403809087	0.705219835669	2.11150770904	0.894144900918	0.734215476075	0.426328129531	0.450923644273	1.91167129048	1.34865182697	0.980264697922	0.672098390527	0.151962136298	0.0	1.81745416626	0.808499850169	0.366635268246	0.456432566457	0.69310982117	0.8145599855	0.710998714355	0.566734335428	0.526940488159	0.528048525858	1.33112104882	1.10350197197	0.56743417593	0.850228182697	0.625870676655	0.99917081682	0.78862638956	1.42990124698	1.30242971484	0.861630304495	0.797234823586	0.703873025616	1.34466758821	1.07270891735	1.2217801595	1.14591557757	1.09662132431	1.1856780667	0.9074860029	0.820895219913	0.877492895118	0.897965331078	0.733273257612	1.20394970517	0.7524100145	1.06668439826	0.598713421943	1.06690602223
AE7	1.3805259159	1.4576619768	1.9138199565	1.27227133398	1.31353152247	1.70184276462	1.22147865152	1.70777299178	1.90167329145	1.33280117931	1.97905261479	1.41533971	1.58931622523	1.66316907685	1.48817615756	1.44546653939	1.7593480087	1.71957271629	1.09018153214	1.08421642339	1.42886859836	1.4801662639	1.85695450459	1.81745416626	0.0	1.04378518125	1.77634744321	1.64237001933	1.35395624456	1.29382003867	1.57151761721	1.57682441276	1.80880094732	1.8307440841	1.69103793137	1.67074022716	1.93092283229	1.45903831803	1.8229317448	1.35694246979	1.57601254229	1.44517583857	1.44612463509	1.47062621073	2.03554474625	1.95543659739	1.69529	1.79300224263	1.65069168681	1.629459768	1.96820398743	1.82802449976	1.66362150314	1.74070551957	1.72151694055	1.66580533591	1.56432058966	1.74481405993	1.56449156597	1.73594482842	1.65537165781	1.82511969551
AE8	0.564273784437	0.592553073949	2.18040770904	0.887489207347	0.80609142581	0.743116114065	0.884573537941	0.72766982117	0.920987916868	0.56331098115	1.00637345578	0.668521208313	0.688471179314	1.86330449493	0.715313247946	0.546389893668	0.816397423876	0.778008695022	1.44835595457	0.914405577574	0.717433238279	0.561452469792	0.853101155147	0.808499850169	1.04378518125	0.0	0.792928612856	0.679187071049	0.612629874335	0.5646579797	0.742618931851	0.670034543258	0.832734171097	0.840453112615	1.08065014016	0.877502682455	0.95826138231	0.655217419043	0.871842754954	0.628345582407	0.671339966167	1.21140547608	1.08992643306	0.652024403093	1.10056693088	1.01792735621	1.15252431609	1.04048298695	0.944449540841	0.944552102465	1.20893439826	1.14725698888	0.868054301595	0.899968835186	0.907530154664	0.863635650072	0.668310555824	1.09353532624	0.690140256162	0.958562759787	0.705722696955	1.06035030933
AF7	0.717786147898	0.672950831319	2.39904279845	1.12597513291	1.03596029966	0.556461788304	1.20828501208	0.475823160947	0.449947520541	0.8459439826	0.492137728371	0.898516510391	0.57683099565	2.07641445143	0.766713499275	0.607729284679	0.329045157081	0.352244287095	1.82146957467	1.27099122281	0.96327558724	0.564881691638	0.379429323345	0.366635268246	1.77634744321	0.792928612856	0.0	0.23265517158	0.694651894635	0.797106128565	0.662388511358	0.504789565007	0.444955418076	0.451130280329	1.15290717255	0.912571043983	0.492413919768	0.762685152247	0.524556288062	0.858385853069	0.645192880619	1.39880549541	1.2680979942	0.752936660222	0.782630642823	0.684189753504	1.18369449493	0.9236520058	1.05316748188	0.997750314161	0.951442353794	1.03363256162	0.755407448043	0.705737805703	0.756779772837	0.7647960174	0.565830053166	1.04087782987	0.571683475109	0.913152503625	0.450429975834	0.920616863219
AF8	0.594482025133	0.662814780087	2.29872264862	1.0213097825	1.01918473175	0.574793189947	1.09265462542	0.476656080232	0.526701000483	0.750983533108	0.635404461092	0.886760004833	0.578708274529	1.97664397777	0.740314963751	0.557562957951	0.405843721605	0.392742116965	1.69527831803	1.14758290478	0.808646969551	0.40610521508	0.426522416626	0.456432566457	1.64237001933	0.679187071049	0.23265517158	0.0	0.586439323345	0.675513054616	0.616658646689	0.451422841953	0.469894340261	0.47896760754	1.16765496858	0.922667162881	0.621742827453	0.735161416143	0.557693228613	0.826550333494	0.648153156114	1.29025484775	1.16526956984	0.728795447076	0.864732039633	0.765368985017	1.21557087482	0.964320004833	1.0379182262	1.02175647656	1.00078575157	1.07959050749	0.780110246496	0.741430715321	0.805322203963	0.795726529725	0.507939279845	1.07950441759	0.534510420493	0.935572837119	0.4784139826	0.964901150314
AG7	0.655021996133	0.711219458676	1.8718017013	0.635101266312	0.90356701305	0.703235703238	0.87761621073	0.571074475592	0.735100120831	0.661064876752	0.854567409377	0.83072358144	0.69031040116	1.55853155631	0.669780125665	0.642648032866	0.787158579024	0.771454316095	1.33583742871	0.792780381827	0.585811551474	0.475372281295	0.698955611406	0.69310982117	1.35395624456	0.612629874335	0.694651894635	0.586439323345	0.0	0.188717472209	0.802467965201	0.710075224746	0.648339540841	0.737155920735	1.26144626873	0.992229579507	0.942862962784	0.504812145964	0.845850289995	0.818808293862	0.737846128565	0.951019603673	0.83847919768	0.526483711938	1.11234032383	1.01752096182	1.36190066699	1.14295399227	1.13615874819	1.13806053649	1.28488441759	1.24125496375	0.967467143548	0.986633286612	1.00050959884	0.97549940551	0.692120662156	1.23129478975	0.726833185114	1.08072708555	0.700789719671	1.1672981247
AG8	0.636472508458	0.709357530208	1.84169721121	0.623257336878	0.859636471725	0.754014615756	0.792183156114	0.676714741421	0.874630159497	0.624629927501	0.960860889319	0.788519362011	0.753849313678	1.52746127598	0.672551159981	0.660942595457	0.882379086515	0.868502150797	1.21842331078	0.687453378444	0.572377056549	0.53585781537	0.822511208313	0.8145599855	1.29382003867	0.5646579797	0.797106128565	0.675513054616	0.188717472209	0.0	0.865990695988	0.793121145481	0.773548922185	0.822684364427	1.21616520058	0.985892223296	1.01945721605	0.46767377477	0.908872054132	0.765843919768	0.774527921701	0.937596669889	0.824262721121	0.536218284195	1.1721742871	1.07763509908	1.33050882069	1.19768721121	1.11220686322	1.14127152247	1.34218476075	1.2920380232	1.01017691155	1.02813030449	1.0488178202	1.01645435476	0.743981913968	1.23630275012	0.776290792653	1.11978903335	0.763500338328	1.2161580522
AH7	0.725366094732	0.875695940068	2.44614792653	1.26426742388	1.17299864186	0.810200961817	1.19722565491	0.803789120348	0.913209429676	0.924043494442	0.853017597873	1.03317293862	0.826944475592	2.14168909135	1.00084220396	0.749919255679	0.625587723538	0.575909357177	1.72746592557	1.24156306912	0.873450932818	0.638419560174	0.708688883519	0.710998714355	1.57151761721	0.742618931851	0.662388511358	0.616658646689	0.802467965201	0.865990695988	0.0	0.291513929435	0.891530889319	0.870206959884	1.17010875302	1.00797677139	0.822935461576	0.960696147898	0.804323658772	0.967529492508	0.826343151281	1.49592929918	1.38059421943	0.964219594007	0.969061638473	0.910534968584	1.29049928468	1.06263728855	1.18916327211	1.05714926535	1.1464239536	1.14555118415	0.838845248913	0.818685650072	0.838199555341	0.842681416143	0.772091469309	1.1535318608	0.761424417593	1.00386700822	0.705049255679	1.05249307878
AH8	0.636974794587	0.715086486225	2.43115204447	1.1449898115	1.02868474142	0.630122866119	1.13503694538	0.614554968584	0.724830009666	0.791163620106	0.719309710005	0.898259647173	0.658143228613	2.10825744321	0.840598231029	0.587233919768	0.414318956017	0.346427539874	1.70353106815	1.18691029966	0.830721420976	0.504175751571	0.558658849686	0.566734335428	1.57682441276	0.670034543258	0.504789565007	0.451422841953	0.710075224746	0.793121145481	0.291513929435	0.0	0.696772861286	0.65911020783	1.13845956984	0.916043914935	0.71764618173	0.847650763654	0.626831778637	0.84494962784	0.683676761721	1.43221452876	1.30689074915	0.824096578057	0.838930251329	0.766022701788	1.17154119865	0.939107216046	1.06391468826	0.941946694055	0.991758492025	1.03129322378	0.699275147414	0.675098090865	0.724054277429	0.721004963751	0.593483446109	1.03072660222	0.595517486709	0.875875969067	0.521740613823	0.932080541324
AA5	0.808528148864	0.638452078299	2.26052799903	1.04311635089	0.94549059449	0.497500154664	1.19857337361	0.299704881585	0.289276384727	0.826021159981	0.474072933784	0.801777293378	0.595572696955	1.93991866602	0.637040604157	0.690185176414	0.509411430643	0.524682701788	1.84876640406	1.30581943934	0.895853276945	0.60658102465	0.498223668439	0.526940488159	1.80880094732	0.832734171097	0.444955418076	0.469894340261	0.648339540841	0.773548922185	0.891530889319	0.696772861286	0.0	0.240646839053	1.2112500145	0.931066539391	0.648944775254	0.638184156597	0.602267742871	0.826774253262	0.656772880619	1.21384545674	1.08305088932	0.580709294345	0.789669047849	0.67907341711	1.3036637071	1.04264555824	1.06650475592	1.08820072499	1.08677908652	1.16841289995	0.852258013533	0.818811599807	0.856536466892	0.875618820686	0.602559787337	1.17260753504	0.630608134364	0.985602092798	0.575858163364	1.05012977767
AA6	0.789899811503	0.655775708072	2.36772504592	1.10079710971	0.971470521991	0.420640961817	1.19682663122	0.351161725471	0.339917675205	0.831262015466	0.453548298695	0.812340797487	0.574281391977	2.04201979217	0.691981111648	0.671192498792	0.513410149831	0.502655737071	1.90163538908	1.35138669406	0.914628835186	0.598184209763	0.516759284679	0.528048525858	1.8307440841	0.840453112615	0.451130280329	0.47896760754	0.737155920735	0.822684364427	0.870206959884	0.65911020783	0.240646839053	0.0	1.10424086515	0.842338695022	0.554746897052	0.670858052199	0.509039724505	0.838779304012	0.572040086999	1.32119362977	1.18464265829	0.603679932334	0.59893741421	0.490301677139	1.21400025133	0.96053320928	0.96926679072	0.967751314645	1.00346650556	1.07847838569	0.747295041083	0.730276892218	0.768165683905	0.782693286612	0.609614001933	1.07271547608	0.615433890768	0.878480048333	0.533009478009	0.964922426293
AB5	1.08969047849	0.905116843886	2.54996138714	1.34471318028	0.784061739971	0.994149105848	1.22042755437	1.0928160464	1.17204426293	0.953933513775	1.19195094248	0.76666677622	1.02163789754	2.23489746738	1.0258037651	0.991292677622	1.2026437651	1.17014273079	1.88129899952	1.3956620783	1.2710637651	1.13589993233	1.35720297245	1.33112104882	1.69103793137	1.08065014016	1.15290717255	1.16765496858	1.26144626873	1.21616520058	1.17010875302	1.13845956984	1.2112500145	1.10424086515	0.0	0.351840778154	0.969173136781	1.04944898985	0.956764987917	0.827194871919	0.846348337361	1.55655417593	1.45418951667	0.951274059932	0.99058860319	0.946082706622	0.821499772837	0.896234644756	0.744010072499	0.74304500725	1.0646979072	0.940911014983	0.808649555341	0.888212547124	0.886069526341	0.877640666989	1.0263477622	0.851872696955	0.982637926535	0.811740430159	1.02552807153	0.918082576124
AB6	0.86108280812	0.649381140648	2.46712521991	1.20219049783	0.670463262446	0.727281957467	1.08157681005	0.814764963751	0.9129079797	0.800997433543	0.970630560657	0.554755645239	0.771834161431	2.14629271629	0.779033707105	0.736167307878	0.974977274045	0.949713620106	1.80015999033	1.26928107782	1.14390246496	0.878837568874	1.12442088932	1.10350197197	1.67074022716	0.877502682455	0.912571043983	0.922667162881	0.992229579507	0.985892223296	1.00797677139	0.916043914935	0.931066539391	0.842338695022	0.351840778154	0.0	0.760453421943	0.804180923151	0.753883040116	0.682773968101	0.603199323345	1.41647729338	1.29624754954	0.666693436443	0.816824490092	0.757864354761	0.774198965684	0.68140518608	0.564546839053	0.544850550991	0.852223160947	0.765285239246	0.596820367327	0.681087042049	0.678625374577	0.680880053166	0.751854243596	0.694670130498	0.727423721605	0.584676945384	0.789638090865	0.708491290478
AC5	0.904399333011	0.811142682455	2.62821999517	1.33600111648	0.961462174964	0.566819081682	1.32275264862	0.613756723055	0.5187680232	0.951199371677	0.456694780087	0.808724494925	0.758206075399	2.30985316578	0.907452996617	0.806174697922	0.539392097632	0.544838274529	2.00801135331	1.46293535041	1.17711486225	0.863293484775	0.606297172547	0.56743417593	1.93092283229	0.95826138231	0.492413919768	0.621742827453	0.942862962784	1.01945721605	0.822935461576	0.71764618173	0.648944775254	0.554746897052	0.969173136781	0.760453421943	0.0	0.834817796037	0.446285538908	0.922987950701	0.663242237796	1.61041993717	1.47851891252	0.780335355244	0.555484939584	0.474317709038	1.03635393427	0.769494461092	0.917554925085	0.834442145964	0.779580285162	0.851882605123	0.610477327211	0.55129438376	0.597054253262	0.624805722571	0.782206698888	0.884029642339	0.770450048333	0.768407660706	0.648799574674	0.756358728855
AC6	0.742251029483	0.571016215563	1.96481198163	0.691735703238	0.709440164331	0.663247307878	0.707179666506	0.527354374094	0.779787452876	0.474428477525	0.883120927985	0.628347133881	0.654312010633	1.64215161914	0.490732194297	0.623487196713	0.840888917351	0.839631478975	1.45966185114	0.913524069599	0.765867080715	0.670877119381	0.872387419043	0.850228182697	1.45903831803	0.655217419043	0.762685152247	0.735161416143	0.504812145964	0.46767377477	0.960696147898	0.847650763654	0.638184156597	0.670858052199	1.04944898985	0.804180923151	0.834817796037	0.0	0.80442561624	0.613414852586	0.632334649589	0.818153586274	0.685455857902	0.322493731271	1.03443479942	0.935822522958	1.16587676655	1.0485160754	0.936830227163	0.991524746254	1.19093788787	1.14272291445	0.882500439826	0.931492247463	0.931751536974	0.897738666022	0.638809956501	1.09121465926	0.657306771387	0.984753170614	0.682263827936	1.07605817786
AD6	0.726958105365	0.633451739971	2.5433058724	1.18997922185	0.863311445143	0.430932518125	1.19409100532	0.491222329628	0.535506631223	0.837738791687	0.50792879652	0.731656471725	0.600840710488	2.2162182987	0.780397510875	0.622264161431	0.528375596907	0.49418540841	1.89163884485	1.35971129048	1.0650057274	0.743622928951	0.662542556791	0.625870676655	1.8229317448	0.871842754954	0.524556288062	0.557693228613	0.845850289995	0.908872054132	0.804323658772	0.626831778637	0.602267742871	0.509039724505	0.956764987917	0.753883040116	0.446285538908	0.80442561624	0.0	0.753122933784	0.420329149348	1.51778416143	1.38805290962	0.732164161431	0.656570323828	0.563156945384	0.901594794587	0.648739768004	0.869269763171	0.728415659739	0.699457153214	0.765117539874	0.487751710971	0.443563847269	0.489108366361	0.49242362494	0.603767839536	0.774355123248	0.59438120348	0.661367003383	0.437026099565	0.656009284679
AE5	0.606744074432	0.462904494925	2.28087321411	0.925033069116	0.605209449009	0.729782286129	0.798304552924	0.684653566941	0.948895741904	0.491319318511	0.994017646206	0.537055181247	0.664198356694	1.95238299178	0.609641227646	0.513494731754	0.885193697438	0.85231242146	1.49104580957	0.997554301595	0.961033175447	0.784790405993	1.04624285162	0.99917081682	1.35694246979	0.628345582407	0.858385853069	0.826550333494	0.818808293862	0.765843919768	0.967529492508	0.84494962784	0.826774253262	0.838779304012	0.827194871919	0.682773968101	0.922987950701	0.613414852586	0.753122933784	0.0	0.411620038666	1.18548668922	1.06126713388	0.55274080232	1.11468745771	1.03616911068	0.894889096182	0.839078322861	0.78586922668	0.70200139681	1.0285161044	0.936379255679	0.654345896568	0.735399502175	0.754573852102	0.669564171097	0.568527380377	0.868767897535	0.54610539391	0.754301672305	0.658574340261	0.865138492025
AE6	0.555373218946	0.389608206863	2.39837654906	1.02035535041	0.689932455292	0.470067245046	0.980632218463	0.508226452392	0.654023571774	0.635259550507	0.706838342194	0.564726665056	0.454215244079	2.07065003867	0.566482097632	0.417201469309	0.670727394877	0.647219913001	1.66141331078	1.14250500242	0.979183692605	0.670634842919	0.833293310778	0.78862638956	1.57601254229	0.671339966167	0.645192880619	0.648153156114	0.737846128565	0.774527921701	0.826343151281	0.683676761721	0.656772880619	0.572040086999	0.846348337361	0.603199323345	0.663242237796	0.632334649589	0.420329149348	0.411620038666	0.0	1.33180080232	1.20301121315	0.537129666506	0.829426201063	0.748980700822	0.8821419913	0.676152996617	0.713994137264	0.631424113098	0.838235688739	0.768769289512	0.475875872402	0.500915055582	0.521115592073	0.471259656839	0.439683252779	0.763225355244	0.427833281779	0.577868970517	0.441760584824	0.707033020783
AF5	1.27333132431	1.20396959884	1.31098033833	0.61077842436	1.17715632189	1.35908140648	0.865837767037	1.20367675689	1.34356055582	1.02399809087	1.50671973417	1.20109791687	1.27409430643	1.00375059932	1.05550549058	1.24751321411	1.47166064766	1.49613567907	0.978486930884	0.72121641856	1.20257477042	1.20279910585	1.39887292412	1.42990124698	1.44517583857	1.21140547608	1.39880549541	1.29025484775	0.951019603673	0.937596669889	1.49592929918	1.43221452876	1.21384545674	1.32119362977	1.55655417593	1.41647729338	1.61041993717	0.818153586274	1.51778416143	1.18548668922	1.33180080232	0.0	0.177104040599	0.994475688739	1.73417848719	1.62876431609	1.7021061189	1.64109120831	1.52521570324	1.58545230063	1.77778545191	1.7265860029	1.54798235863	1.60802564041	1.60324414693	1.56965953117	1.24056797003	1.69123938134	1.2883361914	1.58245870469	1.35439536491	1.67484672789
AF6	1.15077063799	1.07556745288	1.41853205413	0.516420154664	1.06787347028	1.2254478057	0.760293910101	1.07473347028	1.22553640889	0.894187525375	1.37368950701	1.09168282745	1.14978741421	1.10409393427	0.930365326245	1.11846783954	1.34536250362	1.37037063316	1.04163117448	0.696442663122	1.10159813436	1.0892717303	1.27364745288	1.30242971484	1.44612463509	1.08992643306	1.2680979942	1.16526956984	0.83847919768	0.824262721121	1.38059421943	1.30689074915	1.08305088932	1.18464265829	1.45418951667	1.29624754954	1.47851891252	0.685455857902	1.38805290962	1.06126713388	1.20301121315	0.177104040599	0.0	0.867716539391	1.60446537941	1.49687320928	1.60240905752	1.51873403093	1.41742787337	1.47130052682	1.65209362977	1.61778892218	1.42076495892	1.48013157564	1.47690913485	1.44000252779	1.11295473659	1.58044066699	1.16020405993	1.46491638473	1.22751369261	1.56384993717
AG5	0.690392126631	0.473486737554	2.10426325761	0.782685490575	0.590325012083	0.538499840503	0.806744040599	0.465584267762	0.692988733688	0.508908037699	0.793610019333	0.497303765104	0.574151822136	1.78081911551	0.437748042533	0.553577602707	0.815344446593	0.800837477042	1.54800333494	0.99217442726	0.759992846786	0.643579453842	0.888302938618	0.861630304495	1.47062621073	0.652024403093	0.752936660222	0.728795447076	0.526483711938	0.536218284195	0.964219594007	0.824096578057	0.580709294345	0.603679932334	0.951274059932	0.666693436443	0.780335355244	0.322493731271	0.732164161431	0.55274080232	0.537129666506	0.994475688739	0.867716539391	0.0	0.963158844853	0.857256573224	1.06606053166	0.926075548574	0.812072870952	0.841530115998	1.08502850652	1.01637322378	0.720326756887	0.803586645723	0.819159990333	0.752578670855	0.597959772837	0.963685239246	0.607385036249	0.844441449976	0.637129719671	0.956288390527
