	AA3	AA4	AB3	AB4	AC3	AC4	AD3	AD4	AE3	AE4	AF3	AF4	AG3	AG4	AH3	AH4	AA7	AA8	AB7	AB8	AC7	AC8	AD7	AD8	AE7	AE8	AF7	AF8	AG7	AG8	AH7	AH8	AA5	AA6	AB5	AB6	AC5	AC6	AD6	AE5	AE6	AF5	AF6	AG5	AH5	AH6	AA1	AA2	AB1	AB2	AC1	AC2	AD1	AD2	AE1	AE2	AF1	AF2	AG1	AG2	AH1	AH2
AA3	0.0	0.538688245529	2.25292270179	0.986302962784	0.837320512325	0.70978521508	0.92585959884	0.769259801837	0.856106529725	0.65957222813	0.969303368777	0.747238322861	0.693789081682	1.90829248913	0.733793668439	0.250770299662	0.7615380232	0.709031836636	1.44008146448	1.04035001933	0.796986118898	0.651292097632	0.842332387627	0.85366242146	1.37140903818	0.555283349444	0.771176176897	0.631007767037	0.691170642823	0.684379690672	0.744698308362	0.680222044466	0.831989685839	0.805662112131	1.13665075399	0.886581894635	0.889939594007	0.791487960367	0.730585838569	0.556641343644	0.563748066699	1.27697850652	1.14785667956	0.71936777187	1.12170367811	1.0384740116	0.998910710488	0.913921150314	0.958061971967	0.860014533591	1.06008343644	0.966131246979	0.642505790237	0.700980657322	0.718054069599	0.642145012083	0.49019640406	0.867993107782	0.497089289512	0.872746230063	0.628011493475	0.951317288545
AA4	0.538688245529	0.0	2.2442002755	0.93794781537	0.604302938618	0.505376901885	0.912389545674	0.49249340261	0.646111372644	0.569161150314	0.782093218946	0.44388139681	0.42328679072	1.90009911068	0.283669956501	0.362697597873	0.647196041566	0.62948219913	1.55895911551	1.07506310778	0.843879971	0.659820729821	0.828049768004	0.817713528275	1.50790256162	0.609087457709	0.658387119381	0.625347061382	0.615842561624	0.690780463992	0.872771435476	0.747682102465	0.590713030449	0.579307477042	0.97251318028	0.628508013533	0.712498144031	0.511026684389	0.5511740261	0.493525161914	0.363534446593	1.20018861769	1.05694052682	0.435003218946	0.94066297245	0.843752532624	0.952012547124	0.786768081199	0.779906834219	0.75539022233	0.934681522475	0.876794388594	0.557762000967	0.624424330594	0.64239959884	0.573337182214	0.453555311745	0.810017100048	0.437072286129	0.73221378927	0.452580792653	0.816437433543
AB3	2.25292270179	2.2442002755	0.0	1.42606121798	2.15575385694	2.41285717738	1.89800894152	2.26710399227	2.36590843886	2.11242092315	2.52917257612	2.27406500725	2.31887781537	0.385454330594	2.12590736104	2.26691440309	2.46946542291	2.47088649589	1.19178985017	1.47311742871	1.97894278879	2.19304368294	2.4202922088	2.40060789754	1.9001061044	2.17149142581	2.37675582407	2.2931879942	1.9210839971	1.79447018366	2.44756381344	2.44100257129	2.30130734171	2.37282156597	2.55975966167	2.44487423393	2.58826913968	2.00251498308	2.52309559691	2.3007341566	2.36074019333	1.28764666022	1.4188638956	2.09313300628	2.74522489125	2.64873156114	2.67367483325	2.67270222813	2.55408877235	2.61477657806	2.78351346544	2.7272780377	2.55004888835	2.61237475592	2.59561962301	2.56646952151	2.3145480957	2.65652482842	2.31809728855	2.62747450942	2.40775358627	2.70799971
AB4	0.986302962784	0.93794781537	1.42606121798	0.0	0.914290357661	1.08933689705	0.775689424843	1.0225119478	1.17655941034	0.860518168197	1.28145682939	0.978096897052	0.924038124698	1.06406695505	0.861466239729	0.967978443693	1.19751841469	1.18449407443	0.969319652006	0.503702329628	0.912571923635	0.984891725471	1.19782649589	1.18565348478	1.27567364427	0.922323102948	1.16534013533	1.05969602707	0.695156176897	0.599425969067	1.2862161189	1.2249141421	1.11378064282	1.14861837603	1.4374541711	1.23814327211	1.3757000725	0.802902290962	1.21736958434	1.00598122281	1.06542420493	0.581000918318	0.494130584824	0.839062121798	1.53503698405	1.43074036733	1.48838452876	1.41568309812	1.36001739488	1.38626134364	1.57237362977	1.51585594973	1.25777806187	1.34466623973	1.34806470759	1.28336206863	1.05610750604	1.42348980667	1.0498797825	1.38990556791	1.12323513291	1.46399987434
AC3	0.837320512325	0.604302938618	2.15575385694	0.914290357661	0.0	0.760736147898	0.862262721121	0.859650753987	1.00803471725	0.660368235863	1.07473747221	0.347640758821	0.799634881585	1.81541217013	0.636956317061	0.732885031416	0.981019221846	0.960291933301	1.39376566941	0.993540855486	1.05255626873	1.02079081199	1.23139488159	1.20955993717	1.27096627356	0.843300410826	1.05530167714	1.01703483325	0.86331681972	0.874305703238	1.18179889802	1.06197134364	0.978434780087	0.969036747221	0.897149642339	0.747824968584	1.00032670855	0.736165611406	0.847359574674	0.633258318028	0.668500613823	1.14780336878	1.03689650556	0.6314020203	1.23566099082	1.16123350894	0.910662561624	0.951030120831	0.829458182697	0.843015345578	1.1216280667	0.987359231513	0.750837825036	0.860611319478	0.862537626873	0.778960410826	0.824879458676	0.890352257129	0.783523315611	0.909080217496	0.822083682939	0.988901677139
AC4	0.70978521508	0.505376901885	2.41285717738	1.08933689705	0.760736147898	0.0	1.13694700822	0.399258337361	0.46478038666	0.783016573224	0.397635708072	0.550264997583	0.43889742871	2.0644280377	0.64470919768	0.627426766554	0.531721043983	0.505966080232	1.80889133881	1.31713482842	0.897360729821	0.618935050749	0.645919284679	0.620844243596	1.71013055099	0.728132324795	0.544864436926	0.515403605607	0.663327641373	0.792630483325	0.789911314645	0.638911155147	0.463883794103	0.41684702755	1.03171870469	0.681200836153	0.540696660222	0.627637390043	0.390456602223	0.702132841953	0.491504833253	1.39864699855	1.25141766071	0.539366848719	0.727781256646	0.617923866602	1.05316794103	0.816393615273	0.839212725955	0.820994422426	0.895786070565	0.952566012566	0.572549139681	0.631377133881	0.631394509425	0.623669830836	0.611590077332	0.905017404543	0.605163668439	0.756126109232	0.424044441759	0.826414973417
AD3	0.92585959884	0.912389545674	1.89800894152	0.775689424843	0.862262721121	1.13694700822	0.0	1.04993063316	1.30533992267	0.461876747221	1.38433091348	0.926946747221	1.0778162494	1.55414079749	0.821888076365	0.903489927501	1.23599100048	1.21439501208	1.29712848719	0.846486872885	0.890521068149	0.974439545674	1.31420800387	1.29031167714	1.22012187047	0.879504436926	1.20127371677	1.07446270662	0.907565582407	0.799437298212	1.18696561141	1.14961372644	1.21965661189	1.17497592073	1.24766884485	1.05481180764	1.27289833253	0.782129743838	1.17799814886	0.854796031899	0.943416906718	0.842265036249	0.736134760754	0.805827409377	1.45741222813	1.37019898502	1.37885700822	1.38353169164	1.20756716771	1.22365643306	1.51455798937	1.41774622523	1.16633473659	1.26546679072	1.24614069599	1.15845251812	0.982308453359	1.31286689705	0.983744557757	1.23667960367	1.14326285645	1.38134439826
AD4	0.769259801837	0.49249340261	2.26710399227	1.0225119478	0.859650753987	0.399258337361	1.04993063316	0.0	0.299681691638	0.674087283712	0.494915630739	0.671376520058	0.499927211213	1.92055051232	0.58434537941	0.629293397777	0.509094818753	0.504642049299	1.79854003867	1.30082929918	0.851806191397	0.594284195263	0.534117554374	0.506730913485	1.75414755437	0.751341768971	0.471461643306	0.467094490092	0.548052455292	0.725229081682	0.819677269212	0.641610932818	0.262230096665	0.327394055099	1.16727486709	0.786818883519	0.556130570324	0.50756901885	0.473787931368	0.699582324795	0.528876104398	1.22753340744	1.08560527791	0.474569217013	0.761125712905	0.619006930884	1.18936497342	0.930993160947	1.02476362011	0.988411889802	0.977909956501	1.08269571774	0.721947747704	0.717345340744	0.728854557757	0.757452141131	0.597237781537	1.04873088932	0.608247506042	0.915663760271	0.506254243596	0.943392469792
AE3	0.856106529725	0.646111372644	2.36590843886	1.17655941034	1.00803471725	0.46478038666	1.30533992267	0.299681691638	0.0	0.921136534558	0.407952489125	0.821755920735	0.580561043983	2.02519934751	0.715764393427	0.772367307878	0.51838857419	0.54243922668	1.94549621073	1.45411473175	0.980405118415	0.701295930401	0.437794364427	0.44604298695	1.91822869502	0.913000067666	0.444214548091	0.52582260029	0.695597839536	0.883266423393	0.897290115998	0.719528148864	0.232321580474	0.312359458676	1.24695398743	0.895618690188	0.53729417593	0.699544523925	0.552909507008	0.904516795553	0.669372411793	1.36280912518	1.23278966651	0.665201348478	0.776740376994	0.634507211213	1.27239019333	1.00387059932	1.11828497342	1.07410599323	1.04573066216	1.16385375544	0.805542092798	0.788489265346	0.792241855969	0.841182909618	0.721575751571	1.14138222813	0.73979179797	0.994034664089	0.596870048333	1.01924260029
AE4	0.65957222813	0.569161150314	2.11242092315	0.860518168197	0.660368235863	0.783016573224	0.461876747221	0.674087283712	0.921136534558	0.0	1.03050933301	0.599644838086	0.745784364427	1.76902417593	0.545423238279	0.568938786854	0.868366974384	0.845418960851	1.46006546641	0.990928356694	0.743091754471	0.700089400677	0.954854417593	0.927099743838	1.34885042049	0.568450425326	0.838495886902	0.722515335911	0.604967820203	0.614877332044	0.918341672305	0.829809845336	0.847379120348	0.808029130014	1.00926339778	0.78406580957	0.886092382794	0.511054958917	0.794014209763	0.518682706622	0.584279434509	1.02729271629	0.885674804253	0.483958898018	1.12076074915	1.04177869986	1.07500974384	1.05924097632	0.948431561141	0.948552890285	1.21058118415	1.11739559691	0.837795582407	0.906994499758	0.895832996617	0.827291034316	0.631137254712	1.01593374577	0.634831686805	0.955017240213	0.768102996617	1.07613715321
AF3	0.969303368777	0.782093218946	2.52917257612	1.28145682939	1.07473747221	0.397635708072	1.38433091348	0.494915630739	0.407952489125	1.03050933301	0.0	0.855431251812	0.699151551474	2.18341141131	0.904126249396	0.887043025616	0.523407288545	0.51108320928	2.02996045433	1.53858324795	1.05735880619	0.814197718705	0.423251261479	0.384420521991	1.98529835186	0.98053922668	0.490114741421	0.656443731271	0.818852764621	0.988971430643	0.850143243113	0.704266563557	0.452709014016	0.464570826486	1.20606862252	0.915697839536	0.423100604157	0.816272179797	0.485488211696	0.966369922668	0.74346561624	1.54275056549	1.40088387627	0.770161058482	0.679192556791	0.542282194297	1.21278649106	0.955030019333	1.10419899952	1.02398731754	0.987346843886	1.08575602707	0.768425476075	0.751294572257	0.74419717738	0.761102880619	0.861168289029	1.06411724988	0.863722518125	0.947769202513	0.595731130981	0.957361971967
AF4	0.747238322861	0.44388139681	2.27406500725	0.978096897052	0.347640758821	0.550264997583	0.926946747221	0.671376520058	0.821755920735	0.599644838086	0.855431251812	0.0	0.615830565491	1.9296602465	0.518157394877	0.623904572257	0.844220821653	0.829326244563	1.58005839536	1.09468057032	0.949568260029	0.863578985017	1.05290628323	1.03245953601	1.44712507008	0.675043692605	0.89821358144	0.867484707588	0.781232126631	0.792230695988	1.04418839536	0.952322648623	0.792717153214	0.778029086515	0.815064475592	0.530988627356	0.814000961817	0.658650227163	0.717879357177	0.554956640889	0.542265026583	1.22879507008	1.10838448526	0.529322730788	0.979304214596	0.895876520058	0.839013615273	0.774275335911	0.663182131464	0.688092266796	0.943440811986	0.844071454809	0.599557017883	0.695523146448	0.697193204447	0.665917834703	0.70289921218	0.752563591107	0.675624528758	0.717795292412	0.683886413726	0.802368177864
AG3	0.693789081682	0.42328679072	2.31887781537	0.924038124698	0.799634881585	0.43889742871	1.0778162494	0.499927211213	0.580561043983	0.745784364427	0.699151551474	0.615830565491	0.0	1.95601394393	0.487009903335	0.558897409377	0.548499536008	0.54464500725	1.72656933784	1.22426133398	0.898973257612	0.632061005317	0.710822977284	0.725958820686	1.61568534074	0.688380531658	0.588345123248	0.571768235863	0.619425418076	0.760708192363	0.850229120348	0.722093948768	0.547974533591	0.520678366361	1.05412522958	0.726764838086	0.719646268729	0.604770778154	0.551935316578	0.650312174964	0.464604949251	1.30641457709	1.16125346544	0.528703165781	0.88895717738	0.798692489125	1.02740316578	0.780013605607	0.851272870952	0.835496056066	0.938198289029	0.925358965684	0.574858893185	0.64936881102	0.6654460029	0.616761053649	0.496067970034	0.897976234896	0.486819163847	0.770330700822	0.415610531658	0.826061836636
AG4	1.90829248913	1.90009911068	0.385454330594	1.06406695505	1.81541217013	2.0644280377	1.55414079749	1.92055051232	2.02519934751	1.76902417593	2.18341141131	1.9296602465	1.95601394393	0.0	1.78776078299	1.91870574674	2.13428083615	2.13196554374	0.939890183664	1.14673742388	1.64315181247	1.85581886419	2.08397983084	2.06085517158	1.6276919478	1.83132543741	2.03921861286	1.95133953117	1.59440857419	1.46501822136	2.1263980087	2.10428566941	1.96252911551	2.02934591107	2.22668232479	2.10400130498	2.25496365394	1.66611262929	2.17722236829	1.95607725471	2.01463475592	0.960045273079	1.09327638956	1.75188281295	2.40554693572	2.30740161914	2.3273100725	2.32919036249	2.20964565491	2.26435940551	2.44060516675	2.38161576124	2.20361372644	2.27035029483	2.25909049299	2.22156104882	1.97116342194	2.31189532141	1.97436598357	2.2777179652	2.06029160947	2.36709092798
AH3	0.733793668439	0.283669956501	2.12590736104	0.861466239729	0.636956317061	0.64470919768	0.821888076365	0.58434537941	0.715764393427	0.545423238279	0.904126249396	0.518157394877	0.487009903335	1.78776078299	0.0	0.561902788787	0.774013702272	0.782168482359	1.53462825036	1.04645090865	0.839376955051	0.749917085549	0.897597491542	0.912375915901	1.4738777477	0.705066848719	0.759063339778	0.73056817303	0.620423189947	0.658878849686	1.00894817786	0.886756109232	0.667846051232	0.683313760271	1.04171679555	0.737408100532	0.856720908652	0.508900033833	0.714045384244	0.585691319478	0.524461261479	1.06302509908	0.926677646206	0.456998646689	1.06422629773	0.974269526341	1.03404310295	0.907407897535	0.878526147898	0.890964055099	1.05470862736	1.01342252779	0.742409357177	0.800566428226	0.781590019333	0.745123668439	0.605498279362	0.916165954567	0.58804257129	0.862960884485	0.614895495408	0.92151500725
AH4	0.250770299662	0.362697597873	2.26691440309	0.967978443693	0.732885031416	0.627426766554	0.903489927501	0.629293397777	0.772367307878	0.568938786854	0.887043025616	0.623904572257	0.558897409377	1.91870574674	0.561902788787	0.0	0.653825490575	0.61793161914	1.46193796037	1.0400481102	0.802688124698	0.601515940068	0.774484775254	0.757784649589	1.41684156114	0.534926476559	0.661447201547	0.565209656839	0.632946674722	0.67291340261	0.76358457709	0.631773165781	0.716704944418	0.689561527308	1.04261413243	0.747049516675	0.789405969067	0.659434084099	0.636668530691	0.480381967134	0.442544320928	1.25586162397	1.11709053649	0.57797420493	1.0197457129	0.931920869985	0.97537038666	0.855008521025	0.861251933301	0.788138801353	1.00545832769	0.91739258579	0.598977327211	0.660238390527	0.675885026583	0.591341130981	0.385061493475	0.832059685839	0.386724325761	0.786265886902	0.532548153697	0.881473378444
AA7	0.7615380232	0.647196041566	2.46946542291	1.19751841469	0.981019221846	0.531721043983	1.23599100048	0.509094818753	0.51838857419	0.868366974384	0.523407288545	0.844220821653	0.548499536008	2.13428083615	0.774013702272	0.653825490575	0.0	0.129926853552	1.81127915901	1.34128570324	0.959355181247	0.627184417593	0.447044804253	0.475212363461	1.7536719623	0.782641536974	0.349549531174	0.443886853552	0.697170367327	0.872846636056	0.65832900435	0.396682551957	0.467029874335	0.496235224746	1.23699961334	0.958916205897	0.536989033349	0.788863044949	0.470028753021	0.837386839053	0.662738018366	1.47375839536	1.33628807153	0.77734942001	0.795803189947	0.682245915901	1.12755435959	0.884340430159	1.09728109715	1.00034105365	0.924827501208	1.01465036249	0.682272503625	0.657820062832	0.680012624456	0.690369270179	0.540977056549	0.984877626873	0.545895886902	0.942556829386	0.456358390527	0.881738598357
AA8	0.709031836636	0.62948219913	2.47088649589	1.18449407443	0.960291933301	0.505966080232	1.21439501208	0.504642049299	0.54243922668	0.845418960851	0.51108320928	0.829326244563	0.54464500725	2.13196554374	0.782168482359	0.61793161914	0.129926853552	0.0	1.78348302562	1.30717660706	0.926758564524	0.587975495408	0.447163885935	0.461090410826	1.70429840986	0.735995031416	0.358769047849	0.41138860319	0.676620333494	0.847860836153	0.600792880619	0.339933707105	0.49821882552	0.505295340744	1.21438010633	0.946431710971	0.528411952634	0.789975969067	0.448160681489	0.797265331078	0.647389714838	1.48136886419	1.34029454809	0.765534949251	0.783516587724	0.668816162397	1.11387875785	0.870963639439	1.07771445626	0.978788564524	0.906111048816	0.993503885935	0.67070017883	0.640332107298	0.647967085549	0.666634325761	0.551007670372	0.972397162881	0.54604579507	0.914872334461	0.426597791203	0.862756887385
AB7	1.44008146448	1.55895911551	1.19178985017	0.969319652006	1.39376566941	1.80889133881	1.29712848719	1.79854003867	1.94549621073	1.46006546641	2.02996045433	1.58005839536	1.72656933784	0.939890183664	1.53462825036	1.46193796037	1.81127915901	1.78348302562	0.0	0.555204804253	1.50450683905	1.59941972934	1.92030267762	1.92114604157	1.06417376994	1.43855026583	1.81890899952	1.69266279362	1.37852391977	1.19801752054	1.72404692605	1.71352305462	1.86521605123	1.88725677139	1.88050148864	1.80239907685	1.94040778637	1.51160643789	1.84868469309	1.47736503142	1.61640315128	0.980331599807	1.0391237216	1.54258971967	2.15732827453	2.10729591107	1.90526075882	1.94732129048	1.84445890285	1.84078670855	2.07552260996	1.97536182697	1.78852202513	1.84277522958	1.83423147414	1.7910638086	1.59830044949	1.88987009667	1.59865281295	1.87362095698	1.74273269696	1.97072029966
AB8	1.04035001933	1.07506310778	1.47311742871	0.503702329628	0.993540855486	1.31713482842	0.846486872885	1.30082929918	1.45411473175	0.990928356694	1.53858324795	1.09468057032	1.22426133398	1.14673742388	1.04645090865	1.0400481102	1.34128570324	1.30717660706	0.555204804253	0.0	1.04628804737	1.12449077815	1.42404360561	1.42708640889	1.08505847753	0.960936036733	1.32574152731	1.19786166264	0.858903504108	0.704968347028	1.28389076365	1.2751298695	1.37899443693	1.40186818753	1.46034413726	1.3379861624	1.46586709038	1.03060326728	1.37683498792	1.05819200097	1.16270586757	0.700698018366	0.705785683905	1.05135786854	1.69242229096	1.6224537941	1.55009393427	1.51602549541	1.43635675689	1.42939437409	1.65088029966	1.58725525375	1.38191339294	1.42828807637	1.41866712421	1.38426948284	1.15864853069	1.50725463026	1.16730339778	1.45313409377	1.25756586274	1.53832376994
AC7	0.796986118898	0.843879971	1.97894278879	0.912571923635	1.05255626873	0.897360729821	0.890521068149	0.851806191397	0.980405118415	0.743091754471	1.05735880619	0.949568260029	0.898973257612	1.64315181247	0.839376955051	0.802688124698	0.959355181247	0.926758564524	1.50450683905	1.04628804737	0.0	0.459258883519	0.951777288545	0.913761851136	1.4072282842	0.671513760271	0.908584480425	0.735379415176	0.56808279362	0.539046901885	0.860565190913	0.815485302078	0.892132556791	0.88239722088	1.31466476075	1.08091274045	1.1289142291	0.759699328178	1.01370277429	0.928339787337	0.919800749154	1.18499378927	1.07536295312	0.731630159497	1.15618285645	1.03602839536	1.48592852586	1.39651228613	1.26999095215	1.27088841469	1.52582530208	1.47728534074	1.10160941518	1.18711646206	1.19230218946	1.12516051716	0.889395998067	1.36601122281	0.879109647173	1.25042349444	0.918587559207	1.40661194297
AC8	0.651292097632	0.659820729821	2.19304368294	0.984891725471	1.02079081199	0.618935050749	0.974439545674	0.594284195263	0.701295930401	0.700089400677	0.814197718705	0.863578985017	0.632061005317	1.85581886419	0.749917085549	0.601515940068	0.627184417593	0.587975495408	1.59941972934	1.12449077815	0.459258883519	0.0	0.661419033349	0.648611164814	1.52131146931	0.575136481392	0.496394316095	0.343946167231	0.467734040599	0.585720807153	0.608074475592	0.49298741421	0.621469429676	0.60889762204	1.18588928951	0.850263890768	0.808138960851	0.662429869502	0.703136215563	0.77779959884	0.668657883035	1.22833527308	1.0995061189	0.656290164331	0.924982909618	0.825372450459	1.30884534074	1.0732321363	1.09021056066	1.05994740454	1.19400642823	1.2064117158	0.808211092315	0.855689758337	0.864445094248	0.849039217013	0.565042508458	1.16145957951	0.586615142581	0.968176713388	0.587409922668	1.0791862059
AD7	0.842332387627	0.828049768004	2.4202922088	1.19782649589	1.23139488159	0.645919284679	1.31420800387	0.534117554374	0.437794364427	0.954854417593	0.423251261479	1.05290628323	0.710822977284	2.08397983084	0.897597491542	0.774484775254	0.447044804253	0.447163885935	1.92030267762	1.42404360561	0.951777288545	0.661419033349	0.0	0.13840520058	1.88054987434	0.840666747221	0.352716094732	0.466596056066	0.667375123248	0.842226481392	0.723000729821	0.556328516191	0.461472899952	0.52359477042	1.38197335911	1.08426989367	0.573797501208	0.818090536491	0.629393518608	0.989862692122	0.835626640889	1.43717921701	1.29945130981	0.835773798937	0.816956839053	0.692758849686	1.36082882069	1.09671070565	1.27876237313	1.20341014016	1.12044272595	1.24316451426	0.923297501208	0.865001048816	0.869184050266	0.923999700338	0.731828936684	1.22847580957	0.76374662639	1.12152166264	0.631677066216	1.09694778154
AD8	0.85366242146	0.817713528275	2.40060789754	1.18565348478	1.20955993717	0.620844243596	1.29031167714	0.506730913485	0.44604298695	0.927099743838	0.384420521991	1.03245953601	0.725958820686	2.06085517158	0.912375915901	0.757784649589	0.475212363461	0.461090410826	1.92114604157	1.42708640889	0.913761851136	0.648611164814	0.13840520058	0.0	1.85313043499	0.809645819236	0.351104910585	0.46481900435	0.676210019333	0.843604789753	0.728207274045	0.569479961334	0.453095722571	0.49335817303	1.36053367811	1.05465350894	0.570591295312	0.785638598357	0.619669922668	0.966691082649	0.814906727888	1.4142662059	1.27186194297	0.795655751571	0.810350285162	0.670029618173	1.35825280329	1.10672054616	1.25033063799	1.17674598357	1.12966399227	1.24731539874	0.896588240696	0.870264509425	0.875271851136	0.908840821653	0.736175287579	1.21689544224	0.758011285645	1.0974042436	0.621208231029	1.10447650072
AE7	1.37140903818	1.50790256162	1.9001061044	1.27567364427	1.27096627356	1.71013055099	1.22012187047	1.75414755437	1.91822869502	1.34885042049	1.98529835186	1.44712507008	1.61568534074	1.6276919478	1.4738777477	1.41684156114	1.7536719623	1.70429840986	1.06417376994	1.08505847753	1.4072282842	1.52131146931	1.88054987434	1.85313043499	0.0	1.06624469309	1.78369713388	1.63170005317	1.3784920638	1.30022256162	1.57276714355	1.61630065249	1.84507460609	1.84281928951	1.7206222958	1.69494435959	1.8812819623	1.53206664572	1.798620029	1.38703788304	1.58049613823	1.44701870952	1.46163839053	1.5006060609	2.04326589174	1.97532094248	1.71318177864	1.82842726921	1.66560325761	1.65748734171	1.98131289995	1.81718135814	1.64651942968	1.73282791687	1.71318249879	1.6305997535	1.56142974384	1.71854247463	1.53930678589	1.7350440551	1.6812642726	1.84742673272
AE8	0.555283349444	0.609087457709	2.17149142581	0.922323102948	0.843300410826	0.728132324795	0.879504436926	0.751341768971	0.913000067666	0.568450425326	0.98053922668	0.675043692605	0.688380531658	1.83132543741	0.705066848719	0.534926476559	0.782641536974	0.735995031416	1.43855026583	0.960936036733	0.671513760271	0.575136481392	0.840666747221	0.809645819236	1.06624469309	0.0	0.774562126631	0.62421977767	0.584820990817	0.567161068149	0.730774958917	0.693959681005	0.839204122765	0.830574393427	1.14525231513	0.882942556791	0.905767303045	0.705372643789	0.829711585307	0.605715103915	0.658940154664	1.20928733688	1.08141366844	0.657864441759	1.09881494442	1.02184798453	1.16941880619	1.07572060416	0.996483252779	0.985099922668	1.21535485742	1.16537793137	0.826401880135	0.891660836153	0.89444019333	0.835452924118	0.65163860319	1.07052972934	0.650588791687	0.970699971	0.704252870952	1.10065935234
AF7	0.771176176897	0.658387119381	2.37675582407	1.16534013533	1.05530167714	0.544864436926	1.20127371677	0.471461643306	0.444214548091	0.838495886902	0.490114741421	0.89821358144	0.588345123248	2.03921861286	0.759063339778	0.661447201547	0.349549531174	0.358769047849	1.81890899952	1.32574152731	0.908584480425	0.496394316095	0.352716094732	0.351104910585	1.78369713388	0.774562126631	0.0	0.261109318511	0.611635316578	0.784761106815	0.660959637506	0.493186679555	0.417388917351	0.442485558241	1.20656310295	0.900724741421	0.483836312228	0.705911222813	0.525983881102	0.840075074915	0.66283120348	1.3980179797	1.25677042049	0.71623982117	0.781337235379	0.6577759884	1.20601282262	0.957143513775	1.09967749154	1.04114561624	0.980517467376	1.09868836153	0.757820884485	0.741732667956	0.756008293862	0.783121855969	0.582137916868	1.06617765587	0.591528453359	0.950517535041	0.489053354277	0.956571860802
AF8	0.631007767037	0.625347061382	2.2931879942	1.05969602707	1.01703483325	0.515403605607	1.07446270662	0.467094490092	0.52582260029	0.722515335911	0.656443731271	0.867484707588	0.571768235863	1.95133953117	0.73056817303	0.565209656839	0.443886853552	0.41138860319	1.69266279362	1.19786166264	0.735379415176	0.343946167231	0.466596056066	0.46481900435	1.63170005317	0.62421977767	0.261109318511	0.0	0.502088849686	0.66535320928	0.631489139681	0.439232121798	0.472022402127	0.475114983084	1.19466041566	0.885123745771	0.61696618173	0.674156607057	0.516393576607	0.77381638956	0.61813479942	1.31037383277	1.1724701305	0.682192281295	0.86549098115	0.749600782987	1.22031009667	0.978102450459	1.07552250846	1.03407052682	1.00561003383	1.11770223296	0.760496950217	0.757876060899	0.772592595457	0.793509125181	0.525459463509	1.07985289029	0.558115036249	0.949326109232	0.492184847753	0.975689202513
AG7	0.691170642823	0.615842561624	1.9210839971	0.695156176897	0.86331681972	0.663327641373	0.907565582407	0.548052455292	0.695597839536	0.604967820203	0.818852764621	0.781232126631	0.619425418076	1.59440857419	0.620423189947	0.632946674722	0.697170367327	0.676620333494	1.37852391977	0.858903504108	0.56808279362	0.467734040599	0.667375123248	0.676210019333	1.3784920638	0.584820990817	0.611635316578	0.502088849686	0.0	0.242283073949	0.774826080232	0.689010550991	0.62273020783	0.690966172064	1.2710919043	0.915702977284	0.851482474625	0.461255761237	0.755182097632	0.766689154181	0.676542353794	1.00955513291	0.868108260029	0.473127298212	1.05198218946	0.953915335911	1.3277701015	1.09159219913	1.16429548574	1.13178651039	1.22932881102	1.2177162059	0.871985712905	0.905593813436	0.919458052199	0.90353497825	0.641501923635	1.19165102948	0.658121710971	1.04966040116	0.677361179314	1.11713515225
AG8	0.684379690672	0.690780463992	1.79447018366	0.599425969067	0.874305703238	0.792630483325	0.799437298212	0.725229081682	0.883266423393	0.614877332044	0.988971430643	0.792230695988	0.760708192363	1.46501822136	0.658878849686	0.67291340261	0.872846636056	0.847860836153	1.19801752054	0.704968347028	0.539046901885	0.585720807153	0.842226481392	0.843604789753	1.30022256162	0.567161068149	0.784761106815	0.66535320928	0.242283073949	0.0	0.886994209763	0.831831807637	0.802476133398	0.824838245529	1.27684556307	0.988535505075	1.01696022233	0.504475577574	0.903974983084	0.774755640406	0.762685621073	0.913069062349	0.779240294828	0.54202179797	1.17520077815	1.07628564041	1.34231917835	1.2232521508	1.18495758337	1.19269138231	1.3579737216	1.32463188497	1.0026719478	1.0356460029	1.04750169647	1.01299572257	0.76516840986	1.23058675689	0.770988032866	1.16586347511	0.812770111165	1.23980075882
AH7	0.744698308362	0.872771435476	2.44756381344	1.2862161189	1.18179889802	0.789911314645	1.18696561141	0.819677269212	0.897290115998	0.918341672305	0.850143243113	1.04418839536	0.850229120348	2.1263980087	1.00894817786	0.76358457709	0.65832900435	0.600792880619	1.72404692605	1.28389076365	0.860565190913	0.608074475592	0.723000729821	0.728207274045	1.57276714355	0.730774958917	0.660959637506	0.631489139681	0.774826080232	0.886994209763	0.0	0.302671498308	0.881922426293	0.873737626873	1.20733906718	1.00994255196	0.776488235863	0.940933760271	0.767379642339	0.915669270179	0.821785843403	1.50543519091	1.37364833736	0.941272769454	0.977868985017	0.90800781537	1.28207977767	1.06644723055	1.20669936201	1.06057534558	1.15499226196	1.17725759787	0.841716123731	0.829452730788	0.811478912518	0.828472812953	0.755003315611	1.15333211213	0.778077293378	0.987470135331	0.694208883519	1.0545361479
AH8	0.680222044466	0.747682102465	2.44100257129	1.2249141421	1.06197134364	0.638911155147	1.14961372644	0.641610932818	0.719528148864	0.829809845336	0.704266563557	0.952322648623	0.722093948768	2.10428566941	0.886756109232	0.631773165781	0.396682551957	0.339933707105	1.71352305462	1.2751298695	0.815485302078	0.49298741421	0.556328516191	0.569479961334	1.61630065249	0.693959681005	0.493186679555	0.439232121798	0.689010550991	0.831831807637	0.302671498308	0.0	0.689484741421	0.665396665056	1.20954177864	0.947683310778	0.648150715321	0.848757709038	0.579667167714	0.829286848719	0.714436858386	1.46312217496	1.32590079265	0.834365669406	0.846095050749	0.753400550991	1.17739180764	0.964303455776	1.12597762687	0.989328071532	0.99050641856	1.072200203	0.716303658772	0.707430966651	0.715464968584	0.717039623006	0.605100855486	1.04559505558	0.624434233929	0.912852817786	0.54208679072	0.948595157081
AA5	0.831989685839	0.590713030449	2.30130734171	1.11378064282	0.978434780087	0.463883794103	1.21965661189	0.262230096665	0.232321580474	0.847379120348	0.452709014016	0.792717153214	0.547974533591	1.96252911551	0.667846051232	0.716704944418	0.467029874335	0.49821882552	1.86521605123	1.37899443693	0.892132556791	0.621469429676	0.461472899952	0.453095722571	1.84507460609	0.839204122765	0.417388917351	0.472022402127	0.62273020783	0.802476133398	0.881922426293	0.689484741421	0.0	0.225903204447	1.23838214113	0.867578956017	0.573128719188	0.59156560174	0.552420879652	0.812430188497	0.622006268729	1.27259311261	1.1294040841	0.57512118898	0.770338922185	0.621303339778	1.28308053166	1.02710932818	1.11119932334	1.07866143548	1.06436413243	1.17923344128	0.807922426293	0.803692537458	0.802211005317	0.846468956017	0.63492	1.14396569357	0.653460966651	0.99901237796	0.551272508458	1.03508377477
AA6	0.805662112131	0.579307477042	2.37282156597	1.14861837603	0.969036747221	0.41684702755	1.17497592073	0.327394055099	0.312359458676	0.808029130014	0.464570826486	0.778029086515	0.520678366361	2.02934591107	0.683313760271	0.689561527308	0.496235224746	0.505295340744	1.88725677139	1.40186818753	0.88239722088	0.60889762204	0.52359477042	0.49335817303	1.84281928951	0.830574393427	0.442485558241	0.475114983084	0.690966172064	0.824838245529	0.873737626873	0.665396665056	0.225903204447	0.0	1.12876330594	0.777304480425	0.520943571774	0.595375350411	0.491509478009	0.794835635573	0.562032092798	1.34383413243	1.19740933784	0.562084557757	0.604939478009	0.460904987917	1.1882157999	0.944632126631	1.00382825036	0.969552044466	0.980487240213	1.08137527308	0.701923784437	0.734476331561	0.725109250846	0.747063412276	0.612988540358	1.03537186564	0.635822276462	0.892015901402	0.49913520058	0.950240898985
AB5	1.13665075399	0.97251318028	2.55975966167	1.4374541711	0.897149642339	1.03171870469	1.24766884485	1.16727486709	1.24695398743	1.00926339778	1.20606862252	0.815064475592	1.05412522958	2.22668232479	1.04171679555	1.04261413243	1.23699961334	1.21438010633	1.88050148864	1.46034413726	1.31466476075	1.18588928951	1.38197335911	1.36053367811	1.7206222958	1.14525231513	1.20656310295	1.19466041566	1.2710919043	1.27684556307	1.20733906718	1.20954177864	1.23838214113	1.12876330594	0.0	0.442970676655	1.00512946834	1.10955574674	1.00558990333	0.89498242146	0.868172373127	1.59510758821	1.49073900435	1.03129882552	1.00643589174	1.0009361624	0.850135635573	0.926442721121	0.765102518125	0.762643131948	1.08043242146	0.948946872885	0.846906897052	0.948563272112	0.951467114548	0.905116868052	1.06782321411	0.852427515708	1.03307739488	0.785781043983	1.03135248429	0.964411338811
AB6	0.886581894635	0.628508013533	2.44487423393	1.23814327211	0.747824968584	0.681200836153	1.05481180764	0.786818883519	0.895618690188	0.78406580957	0.915697839536	0.530988627356	0.726764838086	2.10400130498	0.737408100532	0.747049516675	0.958916205897	0.946431710971	1.80239907685	1.3379861624	1.08091274045	0.850263890768	1.08426989367	1.05465350894	1.69494435959	0.882942556791	0.900724741421	0.885123745771	0.915702977284	0.988535505075	1.00994255196	0.947683310778	0.867578956017	0.777304480425	0.442970676655	0.0	0.755046031899	0.727713199613	0.744792286129	0.684146969551	0.559932783954	1.41075848719	1.27875021266	0.642226109232	0.760767477042	0.741940391493	0.814010633156	0.706859014016	0.590623325278	0.559892764621	0.853964267762	0.768064857419	0.579616471725	0.703764330594	0.713377114548	0.671331981634	0.742531802803	0.712033436443	0.710553397777	0.538589323345	0.746861092315	0.732615558241
AC5	0.889939594007	0.712498144031	2.58826913968	1.3757000725	1.00032670855	0.540696660222	1.27289833253	0.556130570324	0.53729417593	0.886092382794	0.423100604157	0.814000961817	0.719646268729	2.25496365394	0.856720908652	0.789405969067	0.536989033349	0.528411952634	1.94040778637	1.46586709038	1.1289142291	0.808138960851	0.573797501208	0.570591295312	1.8812819623	0.905767303045	0.483836312228	0.61696618173	0.851482474625	1.01696022233	0.776488235863	0.648150715321	0.573128719188	0.520943571774	1.00512946834	0.755046031899	0.0	0.750368076365	0.403059922668	0.824581817303	0.625090212663	1.59943293862	1.44389712421	0.749719980667	0.569267689705	0.475831237313	1.02763790237	0.772621208313	0.952395340744	0.869758361527	0.790660961817	0.885215722571	0.6251819913	0.573182300628	0.566189893668	0.601114929918	0.744108371194	0.900167646206	0.741662754954	0.785891701305	0.554992131464	0.770524422426
AC6	0.791487960367	0.511026684389	2.00251498308	0.802902290962	0.736165611406	0.627637390043	0.782129743838	0.50756901885	0.699544523925	0.511054958917	0.816272179797	0.658650227163	0.604770778154	1.66611262929	0.508900033833	0.659434084099	0.788863044949	0.789975969067	1.51160643789	1.03060326728	0.759699328178	0.662429869502	0.818090536491	0.785638598357	1.53206664572	0.705372643789	0.705911222813	0.674156607057	0.461255761237	0.504475577574	0.940933760271	0.848757709038	0.59156560174	0.595375350411	1.10955574674	0.727713199613	0.750368076365	0.0	0.720982450459	0.644705485742	0.56969537941	0.886675263412	0.733523141614	0.270419879169	0.996347974867	0.893232334461	1.19375393427	1.03655466892	1.01470602707	0.997088284195	1.15852029	1.11406650556	0.80129260029	0.874841986467	0.888622909618	0.821092179797	0.644275181247	1.07710316578	0.629502595457	0.948952092798	0.663965775737	1.07412628323
AD6	0.730585838569	0.5511740261	2.52309559691	1.21736958434	0.847359574674	0.390456602223	1.17799814886	0.473787931368	0.552909507008	0.794014209763	0.485488211696	0.717879357177	0.551935316578	2.17722236829	0.714045384244	0.636668530691	0.470028753021	0.448160681489	1.84868469309	1.37683498792	1.01370277429	0.703136215563	0.629393518608	0.619669922668	1.798620029	0.829711585307	0.525983881102	0.516393576607	0.755182097632	0.903974983084	0.767379642339	0.579667167714	0.552420879652	0.491509478009	1.00558990333	0.744792286129	0.403059922668	0.720982450459	0.0	0.687175437409	0.417481280812	1.51592881102	1.36789419526	0.697260454326	0.681878264862	0.579476737554	0.904737612373	0.66280578057	0.864607791203	0.751517433543	0.708993044949	0.810116128565	0.478716172064	0.471732856452	0.479746539391	0.480861338811	0.566074093765	0.764610439826	0.574372895118	0.678289246013	0.363474741421	0.674536254229
AE5	0.556641343644	0.493525161914	2.3007341566	1.00598122281	0.633258318028	0.702132841953	0.854796031899	0.699582324795	0.904516795553	0.518682706622	0.966369922668	0.554956640889	0.650312174964	1.95607725471	0.585691319478	0.480381967134	0.837386839053	0.797265331078	1.47736503142	1.05819200097	0.928339787337	0.77779959884	0.989862692122	0.966691082649	1.38703788304	0.605715103915	0.840075074915	0.77381638956	0.766689154181	0.774755640406	0.915669270179	0.829286848719	0.812430188497	0.794835635573	0.89498242146	0.684146969551	0.824581817303	0.644705485742	0.687175437409	0.0	0.346419927501	1.23345958917	1.09665322861	0.565545606573	1.07269566457	1.01644420976	0.909834780087	0.856438878685	0.828245113581	0.733885495408	1.01817111165	0.938156892218	0.59994680522	0.705962116965	0.719651846303	0.610689690672	0.523437825036	0.832415727405	0.497908902852	0.746627129048	0.628717931368	0.890090628323
AE6	0.563748066699	0.363534446593	2.36074019333	1.06542420493	0.668500613823	0.491504833253	0.943416906718	0.528876104398	0.669372411793	0.584279434509	0.74346561624	0.542265026583	0.464604949251	2.01463475592	0.524461261479	0.442544320928	0.662738018366	0.647389714838	1.61640315128	1.16270586757	0.919800749154	0.668657883035	0.835626640889	0.814906727888	1.58049613823	0.658940154664	0.66283120348	0.61813479942	0.676542353794	0.762685621073	0.821785843403	0.714436858386	0.622006268729	0.562032092798	0.868172373127	0.559932783954	0.625090212663	0.56969537941	0.417481280812	0.346419927501	0.0	1.30940843886	1.16341475109	0.478251788304	0.846981507975	0.781925142581	0.881285853069	0.703869594007	0.73884742871	0.663584755921	0.852374557757	0.80149781537	0.452158264862	0.523628733688	0.537716288062	0.469219052682	0.429103252779	0.73815680522	0.418245369744	0.620610961817	0.429243165781	0.73947739971
AF5	1.27697850652	1.20018861769	1.28764666022	0.581000918318	1.14780336878	1.39864699855	0.842265036249	1.22753340744	1.36280912518	1.02729271629	1.54275056549	1.22879507008	1.30641457709	0.960045273079	1.06302509908	1.25586162397	1.47375839536	1.48136886419	0.980331599807	0.700698018366	1.18499378927	1.22833527308	1.43717921701	1.4142662059	1.44701870952	1.20928733688	1.3980179797	1.31037383277	1.00955513291	0.913069062349	1.50543519091	1.46312217496	1.27259311261	1.34383413243	1.59510758821	1.41075848719	1.59943293862	0.886675263412	1.51592881102	1.23345958917	1.30940843886	0.0	0.194468448526	1.00128658772	1.75427872402	1.65167693572	1.72268971	1.67967648623	1.59833136298	1.61923840503	1.80772063799	1.76513264379	1.5347820638	1.61161715321	1.60653062349	1.56086696955	1.28141970517	1.68595203963	1.29086472209	1.61245634606	1.41400450942	1.72014345094
AF6	1.14785667956	1.05694052682	1.4188638956	0.494130584824	1.03689650556	1.25141766071	0.736134760754	1.08560527791	1.23278966651	0.885674804253	1.40088387627	1.10838448526	1.16125346544	1.09327638956	0.926677646206	1.11709053649	1.33628807153	1.34029454809	1.0391237216	0.705785683905	1.07536295312	1.0995061189	1.29945130981	1.27186194297	1.46163839053	1.08141366844	1.25677042049	1.1724701305	0.868108260029	0.779240294828	1.37364833736	1.32590079265	1.1294040841	1.19740933784	1.49073900435	1.27875021266	1.44389712421	0.733523141614	1.36789419526	1.09665322861	1.16341475109	0.194468448526	0.0	0.851628037699	1.61155118415	1.50672568391	1.61015464959	1.56500747704	1.49969137264	1.51311406477	1.68494349928	1.65802812953	1.39352494442	1.47075376027	1.46625275012	1.41980325761	1.13486195747	1.57929857419	1.14392605607	1.49481339778	1.26967731754	1.59412630256
AG5	0.71936777187	0.435003218946	2.09313300628	0.839062121798	0.6314020203	0.539366848719	0.805827409377	0.474569217013	0.665201348478	0.483958898018	0.770161058482	0.529322730788	0.528703165781	1.75188281295	0.456998646689	0.57797420493	0.77734942001	0.765534949251	1.54258971967	1.05135786854	0.731630159497	0.656290164331	0.835773798937	0.795655751571	1.5006060609	0.657864441759	0.71623982117	0.682192281295	0.473127298212	0.54202179797	0.941272769454	0.834365669406	0.57512118898	0.562084557757	1.03129882552	0.642226109232	0.749719980667	0.270419879169	0.697260454326	0.565545606573	0.478251788304	1.00128658772	0.851628037699	0.0	0.92766939101	0.839251739971	1.10399686805	0.957780125665	0.923687945868	0.885704084099	1.10040747704	1.03229765587	0.701316462059	0.79252760754	0.801479521508	0.724969661672	0.604499961334	0.977231300145	0.580788545191	0.849735161914	0.608737457709	0.995006355727
