	AA3	AA4	AB3	AB4	AC3	AC4	AD3	AD4	AE3	AE4	AF3	AF4	AG3	AG4	AH3	AH4	AA7	AA8	AB7	AB8	AC7	AC8	AD7	AD8	AE7	AE8	AF7	AF8	AG7	AG8	AH7	AH8	AA5	AA6	AB5	AB6	AC5	AC6	AD6	AE5	AE6	AF5	AF6	AG5	AH5	AH6	AA1	AA2	AB1	AB2	AC1	AC2	AD1	AD2	AE1	AE2	AF1	AF2	AG1	AG2	AH1	AH2
AA3	0.0	0.542006297728	2.22798304012	0.936260067666	0.842872798453	0.781813397777	0.868427438376	0.790293852102	0.921007066216	0.64766820203	0.962315374577	0.714916249396	0.722127747704	1.85498137264	0.721174238763	0.299542537458	0.836570903818	0.767625350411	1.41826419043	1.00960192363	0.770475418076	0.672362682455	0.927274944418	0.859148535524	1.33490826003	0.551133479942	0.803506495892	0.646417965201	0.724334142098	0.643428598357	0.748643069116	0.671860845819	0.877471802803	0.864167259546	1.0835637216	0.891690449493	0.975615239246	0.762624320928	0.767990778154	0.565154103432	0.572351454809	1.24042781537	1.17612817303	0.720086660222	1.12611238763	1.04330343161	1.0173678347	0.936625418076	0.895664378927	0.868558438859	1.09443851619	0.995004354761	0.697265621073	0.741587989367	0.802068535524	0.664460488159	0.513366476559	0.915547351377	0.525294751087	0.888867346544	0.663470715321	0.9495440116
AA4	0.542006297728	0.0	2.24052758821	0.846445756404	0.627027158047	0.559375867569	0.883469840503	0.510798632189	0.674857733204	0.632459168681	0.769939043016	0.439799676172	0.425135746738	1.86853530691	0.316790879652	0.327334393427	0.675723977767	0.680717245046	1.57336695988	1.0448801305	0.828248269696	0.644975418076	0.857834282262	0.79304322378	1.49773483809	0.585699951667	0.701469574674	0.648795012083	0.671307196713	0.656370613823	0.872631406477	0.717879942001	0.626115364911	0.621146829386	0.948719801837	0.660305524408	0.774779903335	0.52443661189	0.602051778637	0.528879453842	0.396617510875	1.20103205413	1.13086519091	0.436253856936	0.933891319478	0.835449826003	0.969161556307	0.795646756887	0.72722380377	0.744278260029	0.962520029	0.885444253262	0.638193987434	0.657107646206	0.711620468826	0.599313745771	0.428139299178	0.833310188497	0.433283987434	0.774245775737	0.438164349927	0.787164538424
AB3	2.22798304012	2.24052758821	0.0	1.50816092315	2.20875099565	2.41374003383	1.89289498308	2.26826834703	2.36796357177	2.07403170614	2.51229308845	2.32736942968	2.33068709522	0.41960701305	2.14138845336	2.28582472692	2.50550751571	2.50459006283	1.21637345578	1.50822747704	1.98004538908	2.19240236829	2.44196241179	2.37989173997	1.905600116	2.2011621363	2.4065262784	2.27026587724	1.89287580957	1.8420778927	2.45101304978	2.44793594007	2.3201638811	2.3894981392	2.57638850169	2.47784134848	2.63485036249	1.97820831803	2.551810174	2.31395291928	2.40782715805	1.30457705172	1.37133114548	2.0823922233	2.73543969067	2.64066652972	2.68859377477	2.68212506525	2.51880472209	2.60882105365	2.78808309328	2.71858467859	2.59576817786	2.61822479459	2.63361634123	2.58023357177	2.32368626873	2.65906056066	2.31399010633	2.64229916385	2.40550706622	2.67184409377
AB4	0.936260067666	0.846445756404	1.50816092315	0.0	0.894880695988	1.0202221943	0.771175683905	0.945712740454	1.10372838086	0.780405485742	1.1728659884	0.965829966167	0.857743426776	1.12378483325	0.776064987917	0.906128849686	1.15863932334	1.14986156114	1.07591627356	0.568602058966	0.902237892702	0.911189787337	1.14386530691	1.08006379894	1.30523602223	0.921395819236	1.1082541711	0.96716258579	0.633708593523	0.585394137264	1.25562445143	1.14065856452	1.06570688255	1.09502622523	1.34222842919	1.17205059449	1.32296932334	0.689269028516	1.16250015466	0.948483837603	1.015479855	0.644370918318	0.590956263896	0.745398627356	1.4145541276	1.33376888352	1.41167521025	1.33111927985	1.21060330594	1.27232072982	1.47494359111	1.39587570324	1.21138066216	1.25839150797	1.29205251812	1.19860169647	0.968749492508	1.34278486709	0.951997148381	1.31985637506	1.02252804737	1.32229305945
AC3	0.842872798453	0.627027158047	2.20875099565	0.894880695988	0.0	0.786264359594	0.870581667472	0.874302455292	0.988079043016	0.667419009183	1.08195514258	0.348756346061	0.781752957951	1.83893864669	0.694267472209	0.766186935718	0.990225132914	1.00276651039	1.48650336878	1.02143148381	1.05784241663	1.00505043499	1.26113748671	1.1865779797	1.33524327211	0.837166510391	1.09931377477	1.03316319478	0.942087916868	0.853397008217	1.18645593523	1.0290720493	0.98021142581	0.955542426293	0.812950352827	0.703025152247	0.98446499275	0.718451657806	0.864796094732	0.650737187047	0.766295476075	1.1940918463	1.14217830353	0.646746602223	1.12663102465	1.0598837506	0.869055084582	0.892567216046	0.709939333011	0.784298661189	1.07320507975	0.949163127115	0.755737491542	0.823396669889	0.853129743838	0.788397433543	0.798389502175	0.839030328661	0.801123363944	0.879726718221	0.810360894152	0.894754635089
AC4	0.781813397777	0.559375867569	2.41374003383	1.0202221943	0.786264359594	0.0	1.14183422426	0.416847839536	0.449046930884	0.876386123731	0.379100198163	0.512048100532	0.440150763654	2.04194221363	0.690646408893	0.639160565491	0.538918559691	0.539221493475	1.86964322378	1.33553386177	0.899512556791	0.619310956984	0.658343798937	0.595913291445	1.74683943451	0.739777095215	0.559475340744	0.530592271629	0.711720183664	0.799396350894	0.817181957467	0.666041116481	0.455606012566	0.397994277429	1.0160257709	0.708266563557	0.554478032866	0.667549028516	0.393776259062	0.759821981634	0.540899178347	1.38484682939	1.32836754471	0.56847358144	0.671601773804	0.561928970517	1.07071749154	0.813671536974	0.814345287579	0.789341435476	0.87817638956	0.925853615273	0.625226191397	0.654185263412	0.683386785887	0.603281184147	0.613716346061	0.934799589174	0.62038921218	0.773161179314	0.416592194297	0.785167597873
AD3	0.868427438376	0.883469840503	1.89289498308	0.771175683905	0.870581667472	1.14183422426	0.0	1.02572689705	1.30476902368	0.357544272595	1.35287569841	0.963670270662	1.07895475109	1.51904386177	0.824912068632	0.900166031899	1.25209001933	1.2298042146	1.29691087482	0.834777394877	0.892340188497	0.972380096665	1.32480932334	1.25948357177	1.21595342678	0.905710294828	1.22761057999	1.06401122281	0.894996959884	0.764525297245	1.18949299178	1.12638202997	1.23549458192	1.17654037216	1.2186362639	1.06386886902	1.28712492025	0.720276292895	1.18757323828	0.818119105848	0.967922160464	0.817721391977	0.754855050749	0.781481706138	1.41165256646	1.34250483809	1.35613297245	1.32960416626	1.13205646689	1.19840248429	1.50927072015	1.39854113098	1.20824284195	1.2395262059	1.26939533591	1.17464281295	0.976811894635	1.2953340261	0.962360807153	1.24342441276	1.10869166747	1.32923122765
AD4	0.790293852102	0.510798632189	2.26826834703	0.945712740454	0.874302455292	0.416847839536	1.02572689705	0.0	0.332738579024	0.738467129048	0.495760391493	0.629877767037	0.501688414693	1.89407078782	0.564556568391	0.627672706622	0.50357900435	0.520347438376	1.80774322378	1.27280141131	0.84108658289	0.552834601257	0.540356742388	0.470067230546	1.74521070565	0.729370299662	0.488921643306	0.44994717738	0.55231762204	0.734779134848	0.815089400677	0.665898110198	0.297592837119	0.366165596907	1.16379680039	0.824790169164	0.615678728855	0.559953088449	0.538043044949	0.743473349444	0.571081846303	1.22482238279	1.15477405993	0.495555920735	0.752415094248	0.626552266796	1.20359727888	0.943285012083	0.966889328178	0.972762875785	0.977645360077	1.06089312228	0.779290376994	0.760812174964	0.785812817786	0.744592242629	0.575105016916	1.0865757999	0.602024069599	0.951127530208	0.480280894152	0.915040686322
AE3	0.921007066216	0.674857733204	2.36796357177	1.10372838086	0.988079043016	0.449046930884	1.30476902368	0.332738579024	0.0	1.0042479507	0.375600381827	0.752642058966	0.561749236346	2.00399526341	0.73278558724	0.766712948284	0.482056491058	0.546329690672	1.97098500242	1.44093659739	0.979591222813	0.683925012083	0.47537377477	0.419475911068	1.91865719188	0.890840778154	0.44646959884	0.537082266796	0.714190468826	0.907494137264	0.899942556791	0.766312493958	0.233070246496	0.315958057032	1.19671833736	0.889911793137	0.559763552441	0.762682899952	0.567250362494	0.968016007733	0.705932711455	1.37412929435	1.32002692605	0.691238927018	0.757217075882	0.614004775254	1.23203327695	0.972174630256	1.03416988884	1.0086917883	0.995458593523	1.08720374577	0.806349980667	0.784937365877	0.807050768487	0.775143156114	0.708872740454	1.12192820203	0.726420570324	0.971293291445	0.569131169647	0.940500647656
AE4	0.64766820203	0.632459168681	2.07403170614	0.780405485742	0.667419009183	0.876386123731	0.357544272595	0.738467129048	1.0042479507	0.0	1.08739438376	0.723324171097	0.812255505075	1.69983663122	0.598977742871	0.640601034316	0.974697539874	0.949928148864	1.43469014016	0.937163919768	0.74734621073	0.707368622523	1.04011238763	0.976273808603	1.28445279845	0.644176481392	0.943205553407	0.779953020783	0.652323948768	0.571944794587	0.944129163847	0.860244311261	0.947569091348	0.912313383277	1.05072942001	0.865766877719	1.01868872885	0.556392783954	0.909045041083	0.590487689705	0.695190270662	0.977448303528	0.908305519575	0.536641068149	1.16180203963	1.09308305945	1.14685211213	1.10557472209	0.948722885452	1.00839295312	1.29636239729	1.1929677622	0.970873697438	0.985673658772	1.01967248429	0.926895688739	0.731509739004	1.09981567907	0.709589497342	1.05700913001	0.83796099565	1.09536054616
AF3	0.962315374577	0.769939043016	2.51229308845	1.1728659884	1.08195514258	0.379100198163	1.35287569841	0.495760391493	0.375600381827	1.08739438376	0.0	0.80642842436	0.63452979217	2.1448219768	0.884946384727	0.832603073949	0.453760517158	0.468810903818	2.03861401643	1.50657913485	1.01868849203	0.757260918318	0.414190164331	0.378508066699	1.97059244079	0.960239294345	0.439872774287	0.615026853552	0.814584557757	0.968940038666	0.808728032866	0.716864552924	0.405065128081	0.46051738521	1.19297411793	0.949644432093	0.487791986467	0.859652551957	0.506268898018	0.986747448043	0.743010792653	1.5178081972	1.46049704205	0.769558564524	0.702272498792	0.576819463509	1.22357343644	0.96018359594	1.08773041566	1.01608506525	1.00227816336	1.06843791203	0.787557689705	0.768130072499	0.80331237796	0.743892672789	0.810258090865	1.09682117931	0.823750096665	0.962073943934	0.560602716288	0.937695674239
AF4	0.714916249396	0.439799676172	2.32736942968	0.965829966167	0.348756346061	0.512048100532	0.963670270662	0.629877767037	0.752642058966	0.723324171097	0.80642842436	0.0	0.550968356694	1.9546941711	0.591678772354	0.578744287095	0.776106988884	0.794356273562	1.6644882407	1.14116526825	0.954774780087	0.785678342194	1.02176853552	0.949198057032	1.49416751571	0.646460130498	0.871569743838	0.809538854519	0.815500328661	0.774872725955	0.995469275012	0.857707718705	0.741729676172	0.716338095698	0.805694867086	0.518012460126	0.734371807637	0.643928467859	0.656333020783	0.577031126148	0.58354898985	1.28160264379	1.22283821653	0.541585152247	0.892471333978	0.797287742871	0.838775838569	0.723660700822	0.586030671822	0.632112551957	0.916162315128	0.813246481392	0.565862179797	0.634992542291	0.697452121798	0.619166094732	0.603272160464	0.724870260996	0.613099468342	0.697926979217	0.604002382794	0.71534760754
AG3	0.722127747704	0.425135746738	2.33068709522	0.857743426776	0.781752957951	0.440150763654	1.07895475109	0.501688414693	0.561749236346	0.812255505075	0.63452979217	0.550968356694	0.0	1.94483531658	0.498016921218	0.525220009667	0.544519666506	0.571542252296	1.7535020783	1.23117701788	0.927103078782	0.63005842436	0.727430860319	0.683084238763	1.62468728855	0.675747878202	0.612830947318	0.586182116965	0.695115703238	0.749502474625	0.816411483809	0.657871667472	0.573755596907	0.534219250846	1.00917044466	0.728097665539	0.701016384727	0.641943668439	0.539869342678	0.712521319478	0.467136785887	1.31484352827	1.25468520058	0.551535123248	0.828826863219	0.74547420493	0.989414364427	0.731724407927	0.80167182697	0.764536955051	0.894791889802	0.842208554857	0.592509511841	0.616288255196	0.65839337361	0.560160705655	0.506520362494	0.871789888835	0.49024261479	0.749946007733	0.37214879652	0.706992281295
AG4	1.85498137264	1.86853530691	0.41960701305	1.12378483325	1.83893864669	2.04194221363	1.51904386177	1.89407078782	2.00399526341	1.69983663122	2.1448219768	1.9546941711	1.94483531658	0.0	1.77186117931	1.91177688255	2.13890240696	2.13647037699	0.928203639439	1.14260518125	1.61194348961	1.81989490092	2.07013848236	2.00705308845	1.6159179652	1.83189437893	2.03868403093	1.89820468342	1.5183638956	1.45976354277	2.09994694538	2.0779599855	1.954219971	2.0151877042	2.21494596423	2.10629275979	2.26057823586	1.60366532624	2.17751302078	1.93655318511	2.0308841566	0.94262939101	1.0060760029	1.70761860802	2.36381877719	2.26597075882	2.31200656839	2.30880893668	2.14319869502	2.23227513291	2.41561815853	2.34512941034	2.22136306912	2.24388005317	2.26245455776	2.20490960367	1.94854465926	2.28677887385	1.94138655389	2.266320145	2.03628952634	2.29906598357
AH3	0.721174238763	0.316790879652	2.14138845336	0.776064987917	0.694267472209	0.690646408893	0.824912068632	0.564556568391	0.73278558724	0.598977742871	0.884946384727	0.591678772354	0.498016921218	1.77186117931	0.0	0.506051449976	0.727305026583	0.764259656839	1.57371452392	1.06037883035	0.826684485259	0.68117500725	0.874508835186	0.829994171097	1.49222695505	0.686219366844	0.759591986467	0.683008666022	0.640489927501	0.647850947318	0.976273392943	0.830580971484	0.691241981634	0.696611290478	1.06903858869	0.772644958917	0.905493286612	0.465653436443	0.784603905268	0.636229995167	0.578050120831	1.07333154664	1.01210275979	0.438585442243	1.03646948768	0.958700357661	1.08994535041	0.910441377477	0.861885983567	0.887001213146	1.08207491058	1.01661453359	0.823689632673	0.827038622523	0.852379304012	0.772215567907	0.533685374577	0.960675906235	0.525861923635	0.913487945868	0.61431542291	0.90282439826
AH4	0.299542537458	0.327334393427	2.28582472692	0.906128849686	0.766186935718	0.639160565491	0.900166031899	0.627672706622	0.766712948284	0.640601034316	0.832603073949	0.578744287095	0.525220009667	1.91177688255	0.506051449976	0.0	0.652646007733	0.620290894152	1.51749043983	1.04504252779	0.81746438376	0.595966534558	0.794945505075	0.726826665056	1.44529092315	0.52188298695	0.666819560174	0.570420531658	0.686855132914	0.671592150797	0.747763934268	0.581489743838	0.740802518125	0.696198641856	1.00867561624	0.74906300145	0.820216694055	0.649939550507	0.618323697438	0.520531130981	0.395464683422	1.26802691155	1.20225274045	0.574407303045	0.969912286129	0.888572281295	0.957867211213	0.793415949734	0.787033953601	0.733039594007	0.963169695505	0.874845509908	0.604203702272	0.623829231513	0.695249130014	0.554231309811	0.351411884969	0.822505268246	0.338428501692	0.755598158531	0.481390807153	0.799358419526
AA7	0.836570903818	0.675723977767	2.50550751571	1.15863932334	0.990225132914	0.538918559691	1.25209001933	0.50357900435	0.482056491058	0.974697539874	0.453760517158	0.776106988884	0.544519666506	2.13890240696	0.727305026583	0.652646007733	0.0	0.168420642823	1.88632224746	1.35708141131	0.986510971484	0.640397375544	0.461423296278	0.448224465926	1.79784435476	0.803307003383	0.357758733688	0.45489702755	0.783943286612	0.893462112131	0.667095935234	0.474560836153	0.464553272112	0.479305790237	1.19030675689	0.959021855969	0.506751343644	0.838199168681	0.509031000483	0.894455311745	0.652706602223	1.50404961334	1.45015003867	0.762592692122	0.750418168197	0.629969898502	1.12910665539	0.863333905268	1.05669564041	0.982855132914	0.887655065249	0.965875703238	0.69973840986	0.663614514258	0.697935147414	0.651989942001	0.595993475109	0.999369884002	0.577440434993	0.924713668439	0.460306114065	0.856554567424
AA8	0.767625350411	0.680717245046	2.50459006283	1.14986156114	1.00276651039	0.539221493475	1.2298042146	0.520347438376	0.546329690672	0.949928148864	0.468810903818	0.794356273562	0.571542252296	2.13647037699	0.764259656839	0.620290894152	0.168420642823	0.0	1.84401315611	1.32312549541	0.943215712905	0.60123878202	0.461969081682	0.444088878685	1.74533959401	0.755798385694	0.352295761237	0.409455282745	0.754825524408	0.871628545191	0.585861314645	0.385713233446	0.522109362011	0.526203948768	1.18482544708	0.96709179797	0.539808487192	0.861399086515	0.481419009183	0.87242460609	0.644514417593	1.51065562107	1.4567259739	0.787872242629	0.752504021266	0.639834030933	1.13213460609	0.869499574674	1.05314052682	0.97599621073	0.896647839536	0.97504522958	0.684167849203	0.663790323828	0.693080478492	0.639401768971	0.569800091832	1.01067952634	0.569651585307	0.916914059932	0.456450488159	0.864873305945
AB7	1.41826419043	1.57336695988	1.21637345578	1.07591627356	1.48650336878	1.86964322378	1.29691087482	1.80774322378	1.97098500242	1.43469014016	2.03861401643	1.6644882407	1.7535020783	0.928203639439	1.57371452392	1.51749043983	1.88632224746	1.84401315611	0.0	0.59307478492	1.52367759787	1.6227119188	1.97111460126	1.9060418898	1.0754422813	1.47754491058	1.8646640841	1.7025217593	1.37414395843	1.22149836636	1.73799146448	1.70268545191	1.91076503142	1.92912052682	1.88641775254	1.83334952634	2.01448885452	1.47715643789	1.89021576124	1.50644512808	1.64839241663	0.991107066216	0.989857854036	1.55246235379	2.14531438376	2.10088060416	1.92752209763	1.94670827453	1.82898481875	1.84727406477	2.08466869986	1.98011404543	1.83158872885	1.8629040696	1.8685921363	1.79829069116	1.61906227646	1.89133666506	1.62378934268	1.89490865636	1.7711560754	1.95060430643
AB8	1.00960192363	1.0448801305	1.50822747704	0.568602058966	1.02143148381	1.33553386177	0.834777394877	1.27280141131	1.44093659739	0.937163919768	1.50657913485	1.14116526825	1.23117701788	1.14260518125	1.06037883035	1.04504252779	1.35708141131	1.32312549541	0.59307478492	0.0	1.05229884002	1.11564283712	1.43057945868	1.3647419043	1.10350210246	0.968422015466	1.33132084099	1.18557533591	0.831676239729	0.699864209763	1.26995114065	1.2120878637	1.37683753504	1.38795175447	1.42679190913	1.32877012083	1.49073047366	0.950101237313	1.38306666022	1.05550055099	1.17959738038	0.718418274529	0.678115877235	1.0145241856	1.63897556791	1.57096286129	1.53060730304	1.49577246496	1.36373143548	1.39902463509	1.62958261479	1.54337010633	1.38591080232	1.40037557757	1.41354666022	1.34866271145	1.14037190913	1.46936804737	1.13893459642	1.43994157564	1.24272406477	1.50090516191
AC7	0.770475418076	0.828248269696	1.98004538908	0.902237892702	1.05784241663	0.899512556791	0.892340188497	0.84108658289	0.979591222813	0.74734621073	1.01868849203	0.954774780087	0.927103078782	1.61194348961	0.826684485259	0.81746438376	0.986510971484	0.943215712905	1.52367759787	1.05229884002	0.0	0.46062662639	0.967529163847	0.892397883035	1.41514870469	0.709004499758	0.913453562107	0.714132116965	0.556420270662	0.569015268246	0.854554581924	0.800594601257	0.915469386177	0.924103238279	1.29855784437	1.08247182214	1.13315923151	0.750403615273	1.04566764621	0.953851677139	0.93859322378	1.17001766554	1.11595106332	0.721466118898	1.11121281295	1.0197159884	1.47956750604	1.3675038521	1.19005014016	1.25380447076	1.52303065732	1.45001755921	1.13514363944	1.17878012083	1.22898090865	1.1125062494	0.902829202513	1.383090203	0.885190333494	1.25578195263	0.909975297245	1.35070177864
AC8	0.672362682455	0.644975418076	2.19240236829	0.911189787337	1.00505043499	0.619310956984	0.972380096665	0.552834601257	0.683925012083	0.707368622523	0.757260918318	0.785678342194	0.63005842436	1.81989490092	0.68117500725	0.595966534558	0.640397375544	0.60123878202	1.6227119188	1.11564283712	0.46062662639	0.0	0.655625070082	0.598546191397	1.51956445626	0.591630236829	0.515459850169	0.330117844369	0.47873420493	0.582893958434	0.610620898985	0.497098289029	0.618500662156	0.608374630256	1.16432363944	0.85335060899	0.804630739488	0.672135732238	0.725202102465	0.799869468342	0.668402218463	1.22162535524	1.15090015466	0.623734137264	0.873926950217	0.780607303045	1.30474544224	1.04755744804	1.01833621556	1.03557736104	1.18029952634	1.16153447076	0.851308786854	0.839789656839	0.88810739971	0.827577873369	0.598481280812	1.18123934268	0.582885495408	0.976295432576	0.571687375544	1.02241539391
AD7	0.927274944418	0.857834282262	2.44196241179	1.14386530691	1.26113748671	0.658343798937	1.32480932334	0.540356742388	0.47537377477	1.04011238763	0.414190164331	1.02176853552	0.727430860319	2.07013848236	0.874508835186	0.794945505075	0.461423296278	0.461969081682	1.97111460126	1.43057945868	0.967529163847	0.655625070082	0.0	0.156619052682	1.91161107298	0.847056457226	0.353391435476	0.484616157564	0.712770961817	0.895237897535	0.740299444176	0.631069014016	0.479987539874	0.558001005317	1.36966420493	1.11225055582	0.622241793137	0.886991087482	0.682427433543	1.05880711455	0.829190072499	1.4497218028	1.38899198163	0.850489163847	0.81871417593	0.699920425326	1.36375384727	1.09479826486	1.25842552924	1.19662136781	1.11092072015	1.20833299662	0.948778032866	0.898460285162	0.915199178347	0.894995664572	0.776817883035	1.25768959401	0.770026138231	1.13803548574	0.658078999517	1.06972369261
AD8	0.859148535524	0.79304322378	2.37989173997	1.08006379894	1.1865779797	0.595913291445	1.25948357177	0.470067230546	0.419475911068	0.976273808603	0.378508066699	0.949198057032	0.683084238763	2.00705308845	0.829994171097	0.726826665056	0.448224465926	0.444088878685	1.9060418898	1.3647419043	0.892397883035	0.598546191397	0.156619052682	0.0	1.82526944901	0.758541754471	0.297457583374	0.423854610923	0.639959362011	0.816687631706	0.716858999517	0.597883040116	0.428173107782	0.507818849686	1.32844595457	1.05934316095	0.618709661672	0.827148506525	0.651015669406	0.993256104398	0.763703528275	1.38970087482	1.32877311261	0.789970159497	0.80847442726	0.685076317061	1.33565046399	1.07272784437	1.19887369744	1.13997229096	1.10013405993	1.18968964234	0.896121754471	0.87483257129	0.894789811503	0.862758815853	0.736655592073	1.22183771387	0.732556684389	1.08891129048	0.594287477042	1.04600572257
AE7	1.33490826003	1.49773483809	1.905600116	1.30523602223	1.33524327211	1.74683943451	1.21595342678	1.74521070565	1.91865719188	1.28445279845	1.97059244079	1.49416751571	1.62468728855	1.6159179652	1.49222695505	1.44529092315	1.79784435476	1.74533959401	1.0754422813	1.10350210246	1.41514870469	1.51956445626	1.91161107298	1.82526944901	0.0	1.08652356694	1.81532649106	1.63499116481	1.38804028516	1.25411796037	1.57357230546	1.56372724988	1.8726138666	1.85097077332	1.72171756887	1.70812065249	1.92578514258	1.48328762204	1.80868916868	1.3758261624	1.57744583374	1.44267637506	1.43657536974	1.48746240213	1.99446803287	1.95274974867	1.72783412276	1.80534552924	1.62764892702	1.6655060319	1.99262968584	1.82688798453	1.69560551957	1.72492926051	1.75158521508	1.65769842436	1.5653538086	1.72428048333	1.55909301595	1.73541713388	1.68697724505	1.82269451426
AE8	0.551133479942	0.585699951667	2.2011621363	0.921395819236	0.837166510391	0.739777095215	0.905710294828	0.729370299662	0.890840778154	0.644176481392	0.960239294345	0.646460130498	0.675747878202	1.83189437893	0.686219366844	0.52188298695	0.803307003383	0.755798385694	1.47754491058	0.968422015466	0.709004499758	0.591630236829	0.847056457226	0.758541754471	1.08652356694	0.0	0.784047486709	0.643651019816	0.629161155147	0.550302435959	0.72194182697	0.651066573224	0.843812319961	0.830029642339	1.10625884485	0.882930164331	0.916581063316	0.669445833736	0.818630357661	0.634199676172	0.644916756887	1.23329711938	1.17474973417	0.653453586274	1.0540817303	0.984721667472	1.1405698695	1.02144934751	0.906586616723	0.926210807153	1.18440560657	1.11883767037	0.858606080232	0.872758250362	0.913034340261	0.817481353311	0.66149619623	1.03892486225	0.6329880087	0.951998477525	0.687915640406	1.00699820686
AF7	0.803506495892	0.701469574674	2.4065262784	1.1082541711	1.09931377477	0.559475340744	1.22761057999	0.488921643306	0.44646959884	0.943205553407	0.439872774287	0.871569743838	0.612830947318	2.03868403093	0.759591986467	0.666819560174	0.357758733688	0.352295761237	1.8646640841	1.33132084099	0.913453562107	0.515459850169	0.353391435476	0.297457583374	1.81532649106	0.784047486709	0.0	0.27338681972	0.677978385694	0.804995712905	0.666442044466	0.561275741904	0.429721072982	0.476859507008	1.20771863702	0.940785596907	0.538451304978	0.789824649589	0.572942561624	0.917371628806	0.674713977767	1.42706032383	1.35567993717	0.743117496375	0.798221251812	0.678448864186	1.23701363461	0.978265089415	1.09270661189	1.04470678105	1.00149680522	1.08794295312	0.801480575157	0.790332493958	0.820062754954	0.771214108265	0.609067327211	1.11413261962	0.610355659739	0.980925210246	0.498551488642	0.954611406477
AF8	0.646417965201	0.648795012083	2.27026587724	0.96716258579	1.03316319478	0.530592271629	1.06401122281	0.44994717738	0.537082266796	0.779953020783	0.615026853552	0.809538854519	0.586182116965	1.89820468342	0.683008666022	0.570420531658	0.45489702755	0.409455282745	1.7025217593	1.18557533591	0.714132116965	0.330117844369	0.484616157564	0.423854610923	1.63499116481	0.643651019816	0.27338681972	0.0	0.523022305462	0.636772286129	0.621807926535	0.501581749638	0.495246848719	0.504267322378	1.1976458724	0.91479257129	0.675278414693	0.723328211696	0.577939366844	0.836733914935	0.635530705655	1.27738452392	1.2108318608	0.679765263412	0.853529318511	0.74989937651	1.25402419526	0.99833361044	1.0298862784	1.02930927018	1.03120167231	1.11193465442	0.796331271145	0.805690952151	0.846354233929	0.784346853552	0.556256157564	1.12797913001	0.54509699855	0.986316428226	0.499203885935	0.973286897052
AG7	0.724334142098	0.671307196713	1.89287580957	0.633708593523	0.942087916868	0.711720183664	0.894996959884	0.55231762204	0.714190468826	0.652323948768	0.814584557757	0.815500328661	0.695115703238	1.5183638956	0.640489927501	0.686855132914	0.783943286612	0.754825524408	1.37414395843	0.831676239729	0.556420270662	0.47873420493	0.712770961817	0.639959362011	1.38804028516	0.629161155147	0.677978385694	0.523022305462	0.0	0.253703678105	0.795513924601	0.714266703722	0.661181092315	0.750389995167	1.28669134848	0.967605152247	0.922305543741	0.519959990333	0.837334528758	0.866211251812	0.750373552441	0.978328898018	0.908962788787	0.47668	1.07685119865	0.978596123731	1.36023470759	1.12535856452	1.15025767037	1.14512995167	1.2679760029	1.22426918801	0.962872058966	0.981112919285	1.01199612373	0.932026529725	0.706899284679	1.24973533591	0.698511503142	1.11143242146	0.73490219913	1.11230341228
AG8	0.643428598357	0.656370613823	1.8420778927	0.585394137264	0.853397008217	0.799396350894	0.764525297245	0.734779134848	0.907494137264	0.571944794587	0.968940038666	0.774872725955	0.749502474625	1.45976354277	0.647850947318	0.671592150797	0.893462112131	0.871628545191	1.22149836636	0.699864209763	0.569015268246	0.582893958434	0.895237897535	0.816687631706	1.25411796037	0.550302435959	0.804995712905	0.636772286129	0.253703678105	0.0	0.887149743838	0.815880289995	0.84577719188	0.865229893668	1.22408547608	0.982899009183	1.03394068632	0.504752165297	0.907093721605	0.775802527791	0.772303214113	0.931274876752	0.858859681005	0.525612348961	1.17606131464	1.08208320445	1.29206013533	1.17898837119	1.08613122765	1.13826973417	1.3289562494	1.28329224746	1.02437483809	1.02663530208	1.05827022233	0.984562029966	0.765116814886	1.21673308845	0.74679320928	1.15567771387	0.780235727405	1.16145041566
AH7	0.748643069116	0.872631406477	2.45101304978	1.25562445143	1.18645593523	0.817181957467	1.18949299178	0.815089400677	0.899942556791	0.944129163847	0.808728032866	0.995469275012	0.816411483809	2.09994694538	0.976273392943	0.747763934268	0.667095935234	0.585861314645	1.73799146448	1.26995114065	0.854554581924	0.610620898985	0.740299444176	0.716858999517	1.57357230546	0.72194182697	0.666442044466	0.621807926535	0.795513924601	0.887149743838	0.0	0.266788912518	0.900062295795	0.872920430159	1.17589456259	1.00687669889	0.813819304012	0.981614678589	0.783012078299	0.95974482842	0.810653354277	1.49619236346	1.4423097825	0.932882257129	0.94596838086	0.893351981634	1.2849641566	1.04079151281	1.15267912518	1.06482703722	1.14545135814	1.1417820203	0.873908100532	0.822098260029	0.847743020783	0.818888699855	0.786685447076	1.17754379894	0.770315915901	0.985845959401	0.700121778637	1.04518875302
AH8	0.671860845819	0.717879942001	2.44793594007	1.14065856452	1.0290720493	0.666041116481	1.12638202997	0.665898110198	0.766312493958	0.860244311261	0.716864552924	0.857707718705	0.657871667472	2.0779599855	0.830580971484	0.581489743838	0.474560836153	0.385713233446	1.70268545191	1.2120878637	0.800594601257	0.497098289029	0.631069014016	0.597883040116	1.56372724988	0.651066573224	0.561275741904	0.501581749638	0.714266703722	0.815880289995	0.266788912518	0.0	0.751943629773	0.715007274045	1.12659627356	0.907768240696	0.733789250846	0.871893257612	0.62190142581	0.820712861286	0.649160923151	1.4592221653	1.40326266796	0.815664296762	0.8247639826	0.769155993233	1.14405916868	0.90532699855	1.01953844853	0.928435621073	0.993832489125	1.00731628806	0.715492566457	0.677139255679	0.70355257129	0.670993204447	0.627629845336	1.02704539391	0.609960826486	0.854477858869	0.527935708072	0.899415741904
AA5	0.877471802803	0.626115364911	2.3201638811	1.06570688255	0.98021142581	0.455606012566	1.23549458192	0.297592837119	0.233070246496	0.947569091348	0.405065128081	0.741729676172	0.573755596907	1.954219971	0.691241981634	0.740802518125	0.464553272112	0.522109362011	1.91076503142	1.37683753504	0.915469386177	0.618500662156	0.479987539874	0.428173107782	1.8726138666	0.843812319961	0.429721072982	0.495246848719	0.661181092315	0.84577719188	0.900062295795	0.751943629773	0.0	0.26504777187	1.21715314645	0.878922155631	0.589874533591	0.67583120348	0.602495089415	0.879197390043	0.663527636539	1.29380896568	1.2372079797	0.61570677622	0.769415770904	0.621717225713	1.2833162349	1.02240312711	1.04565086515	1.05404859836	1.05571475592	1.13745075399	0.840935751571	0.832160294828	0.849317119381	0.813679347511	0.64846481392	1.159469971	0.675697680039	1.01610719188	0.556009632673	0.992693919768
AA6	0.864167259546	0.621146829386	2.3894981392	1.09502622523	0.955542426293	0.397994277429	1.17654037216	0.366165596907	0.315958057032	0.912313383277	0.46051738521	0.716338095698	0.534219250846	2.0151877042	0.696611290478	0.696198641856	0.479305790237	0.526203948768	1.92912052682	1.38795175447	0.924103238279	0.608374630256	0.558001005317	0.507818849686	1.85097077332	0.830029642339	0.476859507008	0.504267322378	0.750389995167	0.865229893668	0.872920430159	0.715007274045	0.26504777187	0.0	1.07878879652	0.768427491542	0.514642953117	0.660945761237	0.51428320928	0.846235621073	0.598469850169	1.35731945384	1.28459048333	0.596617670372	0.57528762204	0.432186853552	1.1671182552	0.910377965201	0.925256955051	0.914930086999	0.950764180764	1.01832744804	0.721630647656	0.725900430159	0.746047916868	0.701173083615	0.620056645723	1.03501619623	0.639039313678	0.867989531174	0.499570396327	0.881742542291
AB5	1.0835637216	0.948719801837	2.57638850169	1.34222842919	0.812950352827	1.0160257709	1.2186362639	1.16379680039	1.19671833736	1.05072942001	1.19297411793	0.805694867086	1.00917044466	2.21494596423	1.06903858869	1.00867561624	1.19030675689	1.18482544708	1.88641775254	1.42679190913	1.29855784437	1.16432363944	1.36966420493	1.32844595457	1.72171756887	1.10625884485	1.20771863702	1.1976458724	1.28669134848	1.22408547608	1.17589456259	1.12659627356	1.21715314645	1.07878879652	0.0	0.416602522958	0.952804045433	1.05683117448	0.955613059449	0.833182397293	0.9064520058	1.5990060754	1.53682562107	1.0299842726	0.959898448526	0.966203170614	0.837296292895	0.893659589174	0.723912875785	0.754334649589	1.07816350411	0.933892087965	0.805532696955	0.893717336878	0.911716510391	0.899229632673	1.01210104398	0.821409333011	1.02102322861	0.781248284195	0.985820410826	0.894020125665
AB6	0.891690449493	0.660305524408	2.47784134848	1.17205059449	0.703025152247	0.708266563557	1.06386886902	0.824790169164	0.889911793137	0.865766877719	0.949644432093	0.518012460126	0.728097665539	2.10629275979	0.772644958917	0.74906300145	0.959021855969	0.96709179797	1.83334952634	1.32877012083	1.08247182214	0.85335060899	1.11225055582	1.05934316095	1.70812065249	0.882930164331	0.940785596907	0.91479257129	0.967605152247	0.982899009183	1.00687669889	0.907768240696	0.878922155631	0.768427491542	0.416602522958	0.0	0.729068569357	0.76321977767	0.749026679555	0.697413523441	0.651467317545	1.43481915418	1.3687738376	0.683681285645	0.73185022233	0.728272527791	0.797398032866	0.681793035283	0.535068593523	0.544314069599	0.865029826003	0.757484789754	0.59148521508	0.69289420493	0.721701652972	0.704916186564	0.722259642339	0.696564664089	0.734661942968	0.569335833736	0.746739956501	0.669443305945
AC5	0.975615239246	0.774779903335	2.63485036249	1.32296932334	0.98446499275	0.554478032866	1.28712492025	0.615678728855	0.559763552441	1.01868872885	0.487791986467	0.734371807637	0.701016384727	2.26057823586	0.905493286612	0.820216694055	0.506751343644	0.539808487192	2.01448885452	1.49073047366	1.13315923151	0.804630739488	0.622241793137	0.618709661672	1.92578514258	0.916581063316	0.538451304978	0.675278414693	0.922305543741	1.03394068632	0.813819304012	0.733789250846	0.589874533591	0.514642953117	0.952804045433	0.729068569357	0.0	0.817931778637	0.458702605123	0.906691556307	0.698899608507	1.62932982117	1.55311059449	0.784958158531	0.512927742871	0.430790347994	1.0120140841	0.737532991783	0.888355461576	0.821458327695	0.758687133881	0.833310101498	0.59573037216	0.55750558724	0.580257288545	0.599608651522	0.773844006767	0.887025026583	0.778126278395	0.74557542291	0.580847684872	0.709520536491
AC6	0.762624320928	0.52443661189	1.97820831803	0.689269028516	0.718451657806	0.667549028516	0.720276292895	0.559953088449	0.762682899952	0.556392783954	0.859652551957	0.643928467859	0.641943668439	1.60366532624	0.465653436443	0.649939550507	0.838199168681	0.861399086515	1.47715643789	0.950101237313	0.750403615273	0.672135732238	0.886991087482	0.827148506525	1.48328762204	0.669445833736	0.789824649589	0.723328211696	0.519959990333	0.504752165297	0.981614678589	0.871893257612	0.67583120348	0.660945761237	1.05683117448	0.76321977767	0.817931778637	0.0	0.806646621556	0.637610720155	0.617821710971	0.84952300145	0.770133692605	0.275104765587	0.999038448526	0.904387510875	1.1527981682	1.02945692122	0.907840628323	0.964908298695	1.17865664089	1.11569332528	0.883111643306	0.907963397777	0.941801237313	0.85437520058	0.62890962784	1.04305718221	0.641676723055	0.970731406477	0.682799859836	1.02405473175
AD6	0.767990778154	0.602051778637	2.551810174	1.16250015466	0.864796094732	0.393776259062	1.18757323828	0.538043044949	0.567250362494	0.909045041083	0.506268898018	0.656333020783	0.539869342678	2.17751302078	0.784603905268	0.618323697438	0.509031000483	0.481419009183	1.89021576124	1.38306666022	1.04566764621	0.725202102465	0.682427433543	0.651015669406	1.80868916868	0.818630357661	0.572942561624	0.577939366844	0.837334528758	0.907093721605	0.783012078299	0.62190142581	0.602495089415	0.51428320928	0.955613059449	0.749026679555	0.458702605123	0.806646621556	0.0	0.727947259546	0.441459903335	1.54062691638	1.47652629773	0.728038704688	0.654020072499	0.549555804737	0.890596312228	0.629083069116	0.829869637506	0.706453518608	0.687956689222	0.747421889802	0.472577839536	0.459828298695	0.497951135814	0.434510666989	0.570534306428	0.768050976317	0.580499729338	0.660297467376	0.367331981634	0.611362107298
AE5	0.565154103432	0.528879453842	2.31395291928	0.948483837603	0.650737187047	0.759821981634	0.818119105848	0.743473349444	0.968016007733	0.590487689705	0.986747448043	0.577031126148	0.712521319478	1.93655318511	0.636229995167	0.520531130981	0.894455311745	0.87242460609	1.50644512808	1.05550055099	0.953851677139	0.799869468342	1.05880711455	0.993256104398	1.3758261624	0.634199676172	0.917371628806	0.836733914935	0.866211251812	0.775802527791	0.95974482842	0.820712861286	0.879197390043	0.846235621073	0.833182397293	0.697413523441	0.906691556307	0.637610720155	0.727947259546	0.0	0.360500231996	1.2321480087	1.16216324311	0.61245178347	1.06469205897	1.0023421363	0.897907767037	0.836523117448	0.764688980184	0.725947844369	1.02599705655	0.91866781537	0.665857829869	0.719342440793	0.783755031416	0.637438467859	0.522384369261	0.826388859352	0.548326157564	0.763858144031	0.667477394877	0.828589531174
AE6	0.572351454809	0.396617510875	2.40782715805	1.015479855	0.766295476075	0.540899178347	0.967922160464	0.571081846303	0.705932711455	0.695190270662	0.743010792653	0.58354898985	0.467136785887	2.0308841566	0.578050120831	0.395464683422	0.652706602223	0.644514417593	1.64839241663	1.17959738038	0.93859322378	0.668402218463	0.829190072499	0.763703528275	1.57744583374	0.644916756887	0.674713977767	0.635530705655	0.750373552441	0.772303214113	0.810653354277	0.649160923151	0.663527636539	0.598469850169	0.9064520058	0.651467317545	0.698899608507	0.617821710971	0.441459903335	0.360500231996	0.0	1.35597658289	1.28465437893	0.535191677139	0.84587378927	0.771717003383	0.874009942001	0.678824557757	0.740950826486	0.640458545191	0.840484586757	0.763152203963	0.495307293378	0.511160381827	0.559160647656	0.449169207347	0.368156645723	0.755562953117	0.383721846303	0.638333407443	0.404774378927	0.663932730788
AF5	1.24042781537	1.20103205413	1.30457705172	0.644370918318	1.1940918463	1.38484682939	0.817721391977	1.22482238279	1.37412929435	0.977448303528	1.5178081972	1.28160264379	1.31484352827	0.94262939101	1.07333154664	1.26802691155	1.50404961334	1.51065562107	0.991107066216	0.718418274529	1.17001766554	1.22162535524	1.4497218028	1.38970087482	1.44267637506	1.23329711938	1.42706032383	1.27738452392	0.978328898018	0.931274876752	1.49619236346	1.4592221653	1.29380896568	1.35731945384	1.5990060754	1.43481915418	1.62932982117	0.84952300145	1.54062691638	1.2321480087	1.35597658289	0.0	0.133075920735	0.973625292412	1.73292837119	1.62501382794	1.73371114548	1.68030494925	1.54386378444	1.60694651522	1.80344990817	1.75105438376	1.57616108265	1.6072560464	1.63920381344	1.56646815853	1.27808319478	1.67812083132	1.27412037216	1.62216140648	1.40139813436	1.67598987434
AF6	1.17612817303	1.13086519091	1.37133114548	0.590956263896	1.14217830353	1.32836754471	0.754855050749	1.15477405993	1.32002692605	0.908305519575	1.46049704205	1.22283821653	1.25468520058	1.0060760029	1.01210275979	1.20225274045	1.45015003867	1.4567259739	0.989857854036	0.678115877235	1.11595106332	1.15090015466	1.38899198163	1.32877311261	1.43657536974	1.17474973417	1.35567993717	1.2108318608	0.908962788787	0.858859681005	1.4423097825	1.40326266796	1.2372079797	1.28459048333	1.53682562107	1.3687738376	1.55311059449	0.770133692605	1.47652629773	1.16216324311	1.28465437893	0.133075920735	0.0	0.901759569841	1.66952122765	1.56063640889	1.68032840019	1.61290797487	1.4830438521	1.55051472209	1.7384480812	1.69181435476	1.50685913968	1.53737357177	1.56512901402	1.49578318995	1.2093560609	1.61995217013	1.20756880135	1.55481541324	1.3338302755	1.6146521943
AG5	0.720086660222	0.436253856936	2.0823922233	0.745398627356	0.646746602223	0.56847358144	0.781481706138	0.495555920735	0.691238927018	0.536641068149	0.769558564524	0.541585152247	0.551535123248	1.70761860802	0.438585442243	0.574407303045	0.762592692122	0.787872242629	1.55246235379	1.0145241856	0.721466118898	0.623734137264	0.850489163847	0.789970159497	1.48746240213	0.653453586274	0.743117496375	0.679765263412	0.47668	0.525612348961	0.932882257129	0.815664296762	0.61570677622	0.596617670372	1.0299842726	0.683681285645	0.784958158531	0.275104765587	0.728038704688	0.61245178347	0.535191677139	0.973625292412	0.901759569841	0.0	0.929334823586	0.82838539391	1.11206791203	0.945455645239	0.86325421943	0.87896117448	1.10108163847	1.02793076365	0.766856080232	0.795052532624	0.845653765104	0.730559937168	0.57190038666	0.988271391977	0.572006031899	0.885033156114	0.595307912035	0.942529811503
