	AA3	AA4	AB3	AB4	AC3	AC4	AD3	AD4	AE3	AE4	AF3	AF4	AG3	AG4	AH3	AH4	AA7	AA8	AB7	AB8	AC7	AC8	AD7	AD8	AE7	AE8	AF7	AF8	AG7	AG8	AH7	AH8	AA5	AA6	AB5	AB6	AC5	AC6	AD6	AE5	AE6	AF5	AF6	AG5	AH5	AH6	AA1	AA2	AB1	AB2	AC1	AC2	AD1	AD2	AE1	AE2	AF1	AF2	AG1	AG2	AH1	AH2
AA3	0.0	0.547670879652	2.26204384727	0.995588163364	0.882247912035	0.81010641856	0.934629830836	0.807200227163	0.890390811986	0.713921087482	0.974302634123	0.750397375544	0.728195210246	1.92528171097	0.736245055582	0.297517298212	0.831708463026	0.824063281779	1.45007794587	1.04432963751	0.828692049299	0.702696510391	0.89187982117	0.901589647173	1.35904260512	0.582398221363	0.805616988884	0.682057762204	0.762004340261	0.694329270179	0.781397365877	0.683355712905	0.846778501692	0.853719903335	1.09375276945	0.955538801353	0.980607187047	0.788537931368	0.847930681489	0.544734451426	0.617320086999	1.3101477912	1.2057080522	0.717727462542	1.1317560609	1.08192524408	0.977913987434	0.941783827936	0.93981818753	0.906014954084	1.12750876269	0.991264697922	0.672517288545	0.741743847269	0.766415137748	0.648238883519	0.556166457226	0.918059603673	0.537385727405	0.95052937651	0.678451358144	1.00417663122
AA4	0.547670879652	0.0	2.23382804737	0.901017660706	0.625496268729	0.600602402127	0.875314958917	0.508915002417	0.670119758337	0.578055157081	0.806043566941	0.445307278879	0.457985770904	1.89687681489	0.288925466409	0.328064552924	0.686156955051	0.678540280329	1.56009306912	1.03950995167	0.82544318028	0.623284789754	0.846569125181	0.817942837119	1.46005699372	0.568405350411	0.698738376027	0.629619855002	0.646904963751	0.665058342194	0.871159458676	0.703511271145	0.608296824553	0.63339340261	0.932483716771	0.720974794587	0.792473919768	0.508430357661	0.618683011116	0.470040575157	0.42603318028	1.21633730788	1.06730913001	0.477732851619	0.937860618656	0.870332866119	0.963098429193	0.835830260996	0.732246901885	0.774033363944	1.03514675689	0.927232107298	0.622800734654	0.681610879652	0.694830570324	0.627218182697	0.488348898018	0.853825350411	0.460600821653	0.800520932818	0.491361996133	0.841497109715
AB3	2.26204384727	2.23382804737	0.0	1.44193863219	2.19303478492	2.42287768004	1.90231536974	2.27600884969	2.33535244563	2.0878339826	2.52702709038	2.28334444176	2.33496470275	0.38085621073	2.15973816336	2.30585963751	2.5119620348	2.51684184147	1.1527681537	1.49806844853	1.99751025133	2.20759008217	2.41989921218	2.4218378057	1.92201366361	2.21297645239	2.36253055099	2.27560198647	1.91080465926	1.82119743838	2.45554841469	2.4350117593	2.30831964234	2.38668926051	2.58322208797	2.50501840503	2.63927971484	1.98879943934	2.54064960851	2.32772701788	2.41248835186	1.27110557757	1.40678974384	2.05878390527	2.73838161914	2.66218900435	2.6671361914	2.68927801837	2.55331333494	2.61326698888	2.82655711455	2.72589288545	2.57479046399	2.62988778154	2.6245759304	2.57556363944	2.34259862736	2.66145035283	2.31085844853	2.66193709038	2.39134534558	2.69034556307
AB4	0.995588163364	0.901017660706	1.44193863219	0.0	0.931020164331	1.08857159497	0.821443156114	1.01646957951	1.13481891735	0.830458985017	1.24868358627	0.972959961334	0.924132730788	1.09646345578	0.884460246496	0.966260734654	1.20458639923	1.21602519091	1.00839053649	0.508148463026	0.952227462542	0.944284509425	1.1652442146	1.17051704688	1.28366298695	0.960863697438	1.13515290478	1.00794697922	0.668855722571	0.599214088932	1.27757887869	1.16410942484	1.09410557274	1.15532718705	1.4094638231	1.28944565974	1.39861684872	0.761699801837	1.2307920783	1.0233618608	1.09822621073	0.641112977284	0.546459811503	0.787963968101	1.47926584824	1.41799143548	1.46893000967	1.41612255679	1.32822654422	1.37076639439	1.6125038376	1.50034999033	1.25500035766	1.32760893668	1.35560888835	1.26495586274	1.05895668922	1.44153010633	1.02014521991	1.3974239101	1.08035455292	1.43781441276
AC3	0.882247912035	0.625496268729	2.19303478492	0.931020164331	0.0	0.769006568391	0.878736408893	0.829622290962	1.00216420493	0.708681063316	1.09229752537	0.320139458676	0.790149395843	1.86077073465	0.674050115998	0.731852247463	1.0117279072	1.00454494925	1.48060285162	1.02784487675	1.0958700435	1.00800099082	1.24623307878	1.20914178347	1.29378336394	0.842177742871	1.08571801837	1.03141632673	0.91027381827	0.888735712905	1.19879931368	1.04364364427	0.965036476559	0.979761773804	0.852852513291	0.775934504592	0.998195147414	0.722728347028	0.853701918801	0.68878120348	0.709039154181	1.21640493475	1.08961544224	0.629266123731	1.17162505558	1.1271657419	0.87948217013	0.939529536008	0.764550459159	0.835525070082	1.14462576124	0.970351904302	0.752813697438	0.861326636056	0.879243204447	0.806993494442	0.844701957467	0.896289826003	0.812964707588	0.907644151764	0.841233663606	0.949146573224
AC4	0.81010641856	0.600602402127	2.42287768004	1.08857159497	0.769006568391	0.0	1.17688399227	0.400511614306	0.511940227163	0.822244915418	0.390053808603	0.520447651039	0.457396486225	2.09125726438	0.72423540841	0.651558090865	0.579282537458	0.569904722088	1.8718817158	1.3430760464	0.930675674239	0.613100860319	0.669089313678	0.641786872885	1.72174312711	0.737986669889	0.586327612373	0.578516244563	0.680709299178	0.829540724988	0.827228898018	0.613090454326	0.469646447559	0.43534777187	0.96542677622	0.702427704205	0.571869574674	0.652525113581	0.440915321411	0.726421749638	0.526774470759	1.43078072499	1.27869238279	0.662088487192	0.675768453359	0.603667303045	1.05060851619	0.817604523925	0.80798922668	0.80385881102	0.947768530691	0.954132991783	0.582336070565	0.622517051716	0.684460618656	0.624712145964	0.619967752537	0.947310536491	0.637797655872	0.740402223296	0.406664543258	0.77742479942
AD3	0.934629830836	0.875314958917	1.90231536974	0.821443156114	0.878736408893	1.17688399227	0.0	1.05061305462	1.28413426293	0.428245273079	1.39926552441	0.965411971967	1.11658312711	1.56857351377	0.838069772837	0.930914166264	1.28611529725	1.26836611406	1.29243641856	0.807967037216	0.934427322378	1.00190996617	1.32033391493	1.30854567424	1.20806313678	0.931219081682	1.22795276462	1.10030835669	0.935288284195	0.78839239246	1.20846159981	1.14924915901	1.20742882552	1.19475259546	1.22693929435	1.11119136781	1.31496135814	0.753059458676	1.18573885935	0.8933860029	1.01361366844	0.855090381827	0.783128177864	0.743207095215	1.45592358144	1.40062629773	1.35949772837	1.38009355244	1.1807720493	1.23055651039	1.57968375544	1.43555773804	1.20491443693	1.25244270662	1.30096815853	1.17803344128	1.02696868052	1.3363300725	0.983226268729	1.30988910585	1.15698464959	1.38446225713
AD4	0.807200227163	0.508915002417	2.27600884969	1.01646957951	0.829622290962	0.400511614306	1.05061305462	0.0	0.28677377477	0.68334561624	0.507600357661	0.602954934751	0.481412402127	1.94374216046	0.592711759304	0.626707327211	0.572151522475	0.570843112615	1.81999921701	1.28693859352	0.85870677622	0.549191324311	0.576987646206	0.539454900918	1.72822550024	0.731686249396	0.508204920251	0.475402996617	0.546973934268	0.743374968584	0.837117689705	0.615786921218	0.281125679072	0.354129323345	1.10487696955	0.816321251812	0.611125239246	0.5378540116	0.491989130014	0.677820478492	0.548820691155	1.26429851619	1.11317325761	0.584798293862	0.71956979217	0.626198501692	1.14951110198	0.901951092315	0.935012102465	0.944118806187	0.995361005317	1.05776662639	0.699358347028	0.678565553407	0.708288028033	0.713439120348	0.577145263412	1.0549077187	0.609967694538	0.879980497825	0.454671275979	0.864814722088
AE3	0.890390811986	0.670119758337	2.33535244563	1.13481891735	1.00216420493	0.511940227163	1.28413426293	0.28677377477	0.0	0.9117519768	0.404104581924	0.777822832286	0.549662513291	2.0080019188	0.723163291445	0.746505838569	0.488011638473	0.498795949734	1.94681253746	1.42857755921	0.967142078299	0.632129400677	0.460189289512	0.449534349927	1.87720644756	0.851756109232	0.411325297245	0.496569724505	0.654791043983	0.880362827453	0.873738878685	0.664040183664	0.231571053649	0.340013141614	1.21317752054	0.929965398743	0.566038115031	0.690591140648	0.608265331078	0.844110125665	0.680458371194	1.35254951667	1.21066470275	0.733761667472	0.757810942484	0.62381142581	1.27052378444	1.01896107782	1.07086498792	1.07932033349	1.09510619623	1.17763477525	0.809433784437	0.811756814886	0.824681947801	0.841613571774	0.652875123248	1.18040727405	0.706035891735	0.99731661189	0.528842479459	0.977675176414
AE4	0.713921087482	0.578055157081	2.0878339826	0.830458985017	0.708681063316	0.822244915418	0.428245273079	0.68334561624	0.9117519768	0.0	1.04348467859	0.682017109715	0.80313919768	1.75436101982	0.582407941034	0.645977264379	0.945823412276	0.929598840019	1.48995195747	0.964002353794	0.728089579507	0.65820341711	0.961217100048	0.948816331561	1.32597339778	0.637504867086	0.860777022716	0.746871889802	0.617931324311	0.563900149831	0.934868032866	0.829482223296	0.843802073465	0.839567825036	1.01606309812	0.873048327695	0.968611870469	0.490888434026	0.850900903818	0.622748376027	0.713147361044	1.02438371677	0.874019328178	0.44807517158	1.11800348961	1.06285175447	1.12472840503	1.11894247946	0.95713159014	1.00913771387	1.32812685355	1.19186481875	0.920990072499	0.967118902852	1.01061275495	0.901326756887	0.731008260029	1.08654842436	0.678495418076	1.06583803287	0.812105273079	1.12171768971
AF3	0.974302634123	0.806043566941	2.52702709038	1.24868358627	1.09229752537	0.390053808603	1.39926552441	0.507600357661	0.404104581924	1.04348467859	0.0	0.843335456742	0.640242725955	2.19653444659	0.926573054616	0.846372247463	0.461241256646	0.444446234896	2.04382662156	1.52111364427	1.0571077912	0.75705777187	0.431857670372	0.402096911551	1.96590385694	0.951273750604	0.489840096665	0.634960695988	0.808203455776	0.99691757854	0.822900173997	0.65080337361	0.45248858869	0.459091749638	1.16210073949	0.941846491058	0.457167887869	0.844041667472	0.522786742388	0.944796863219	0.715850753987	1.56358357177	1.41577302562	0.889454523925	0.646315621073	0.529189347511	1.21802257612	0.960242460126	1.08448036733	1.0337779362	1.04001512808	1.10037506525	0.765130710488	0.72568482842	0.787505302078	0.757267114548	0.802884896085	1.11350390043	0.844140434993	0.945261474142	0.543436698888	0.919082609956
AF4	0.750397375544	0.445307278879	2.28334444176	0.972959961334	0.320139458676	0.520447651039	0.965411971967	0.602954934751	0.777822832286	0.682017109715	0.843335456742	0.0	0.575420860319	1.94929369261	0.553196012566	0.565022358627	0.796660038666	0.798428052199	1.62281083615	1.09242179314	0.947590778154	0.790495461576	1.01829304978	0.983231159981	1.45258506525	0.66685381827	0.872229888835	0.818497921701	0.762781551474	0.768948482359	1.01761273079	0.863343673272	0.735452735621	0.751169739004	0.796866877719	0.600505505075	0.764133030449	0.582717104882	0.648219337844	0.557321725471	0.552957259546	1.26620037216	1.13560195747	0.511078651522	0.92812780087	0.872779313678	0.839355268246	0.773514881585	0.632555553407	0.691069961334	0.985028071532	0.832100778154	0.566823895602	0.665807254712	0.717794214596	0.643979188014	0.660957588207	0.770295509908	0.637819342678	0.742850966651	0.637936921218	0.780239400677
AG3	0.728195210246	0.457985770904	2.33496470275	0.924132730788	0.790149395843	0.457396486225	1.11658312711	0.481412402127	0.549662513291	0.80313919768	0.640242725955	0.575420860319	0.0	1.98672260512	0.520008028033	0.541089647173	0.557319758337	0.560781169647	1.77355764137	1.24235759787	0.947718472692	0.600673914935	0.704105190913	0.708784557757	1.62885553407	0.688950212663	0.599596172064	0.560955766071	0.660467245046	0.783422527791	0.835228003867	0.652282658289	0.532628221363	0.513732329628	0.980832861286	0.734680497825	0.708046051232	0.617459560174	0.522784519091	0.653875596907	0.466188269696	1.35212768971	1.20472113581	0.638029323345	0.816768525858	0.748630227163	0.99375282262	0.747700082165	0.809420695988	0.806072445626	0.953068448526	0.898175770904	0.543195524408	0.618108965684	0.65356618173	0.603137187047	0.477336051232	0.910656476559	0.508960686322	0.754824654422	0.389904847753	0.769216172064
AG4	1.92528171097	1.89687681489	0.38085621073	1.09646345578	1.86077073465	2.09125726438	1.56857351377	1.94374216046	2.0080019188	1.75436101982	2.19653444659	1.94929369261	1.98672260512	0.0	1.82928548091	1.9696579072	2.18459322861	2.18704890768	0.888008018366	1.16553430643	1.66656281779	1.873559971	2.08955671822	2.09040961817	1.66103435959	1.88341465442	2.03203853552	1.94223376994	1.57802941518	1.48186063799	2.13890893668	2.10480673272	1.979440029	2.04913606573	2.25204697922	2.17023938134	2.3072117303	1.65424032866	2.20461764137	1.98813285645	2.07298147898	0.945832092798	1.08208325761	1.72446647656	2.40091914451	2.32558486709	2.32837394877	2.35446557757	2.21850770904	2.27396376027	2.49303847753	2.38984434026	2.23750308845	2.29503889802	2.29369512808	2.23976043016	2.00772355727	2.32705782504	1.97794290478	2.32420129531	2.05605463509	2.35746592073
AH3	0.736245055582	0.288925466409	2.15973816336	0.884460246496	0.674050115998	0.72423540841	0.838069772837	0.592711759304	0.723163291445	0.582407941034	0.926573054616	0.553196012566	0.520008028033	1.82928548091	0.0	0.519932938618	0.734060497825	0.770793102948	1.57098480909	1.05620381827	0.871870289995	0.697985877235	0.885133460609	0.887611706138	1.46395861286	0.693984920251	0.770119637506	0.684699734171	0.648759429676	0.674012605123	0.989277733204	0.829561483809	0.670228912518	0.7171479942	1.03054440793	0.819127858869	0.911054369261	0.491898405027	0.763425761237	0.570032402127	0.597892266796	1.11581849203	0.975446341228	0.469592740454	1.06423553891	0.986357568874	1.05682524891	0.91633300145	0.85295462059	0.888190797487	1.1200598695	1.02145276945	0.775010135331	0.832810275495	0.828220202997	0.784220362494	0.562338356694	0.954102329628	0.534377974867	0.899286234896	0.629933542774	0.92450521508
AH4	0.297517298212	0.328064552924	2.30585963751	0.966260734654	0.731852247463	0.651558090865	0.930914166264	0.626707327211	0.746505838569	0.645977264379	0.846372247463	0.565022358627	0.541089647173	1.9696579072	0.519932938618	0.0	0.673936703722	0.673211435476	1.52412622523	1.07575155631	0.860948032866	0.624380507492	0.813082890285	0.784708956017	1.41382756887	0.515487119381	0.691934596423	0.607377960367	0.685221928468	0.701079782504	0.783102358627	0.609130140164	0.69201218463	0.687598719188	0.979612155631	0.773917626873	0.814109492508	0.613158042533	0.679677143548	0.435637974867	0.439172745288	1.31583696955	1.16622130014	0.556877829869	0.967126012566	0.912360231996	0.933192977284	0.818117694538	0.773682435959	0.746874504592	1.01898384727	0.893507757371	0.568624330594	0.62250161914	0.674020004833	0.558744958917	0.401792967617	0.835513876269	0.387975998067	0.789059608507	0.539962624456	0.8324719768
AA7	0.831708463026	0.686156955051	2.5119620348	1.20458639923	1.0117279072	0.579282537458	1.28611529725	0.572151522475	0.488011638473	0.945823412276	0.461241256646	0.796660038666	0.557319758337	2.18459322861	0.734060497825	0.673936703722	0.0	0.115882194297	1.87803935234	1.35695752054	1.02046457226	0.638183948768	0.432220850652	0.442839579507	1.78291536974	0.776180449493	0.374499748671	0.442055853069	0.773373905268	0.912123987434	0.656036839053	0.416117216046	0.46848961334	0.513061889802	1.17531135331	0.963409217013	0.506431232479	0.803664142098	0.50553041566	0.822333537941	0.663135364911	1.54539519091	1.39740306912	0.804334465926	0.727532769454	0.630156075399	1.13923681489	0.880936756887	1.04491768004	1.00335037699	0.947420173997	1.01389432093	0.669811164814	0.667543629773	0.679835722571	0.691301565974	0.548002653456	1.02461064766	0.586520164331	0.921227525375	0.466253315611	0.84425081682
AA8	0.824063281779	0.678540280329	2.51684184147	1.21602519091	1.00454494925	0.569904722088	1.26836611406	0.570843112615	0.498795949734	0.929598840019	0.444446234896	0.798428052199	0.560781169647	2.18704890768	0.770793102948	0.673211435476	0.115882194297	0.0	1.86735249879	1.3521020058	0.999356230063	0.616450212663	0.433526718221	0.438338815853	1.76268522958	0.759164818753	0.374705132914	0.454540512325	0.77964858869	0.915417501208	0.592892682455	0.367222039633	0.479851875302	0.509869758337	1.14487881585	0.935502315128	0.48951659739	0.804721232479	0.482082953117	0.812163494442	0.643535190913	1.55328459642	1.4048157419	0.799105263412	0.692477805703	0.599672073465	1.11685360561	0.862213837603	1.01945804737	0.96940980667	0.926833165781	0.990958081199	0.642975060416	0.640843378444	0.65380239246	0.66417701305	0.573232542291	1.00811848719	0.608684079265	0.886831063316	0.466245224746	0.829427723538
AB7	1.45007794587	1.56009306912	1.1527681537	1.00839053649	1.48060285162	1.8718817158	1.29243641856	1.81999921701	1.94681253746	1.48995195747	2.04382662156	1.62281083615	1.77355764137	0.888008018366	1.57098480909	1.52412622523	1.87803935234	1.86735249879	0.0	0.597214610923	1.5268477042	1.63426311745	1.93890863219	1.94028290478	1.11716907685	1.48179654422	1.84277173514	1.70916297728	1.41362055582	1.19967532624	1.75296533591	1.71571739971	1.87036867569	1.91515269696	1.91365630256	1.86460518608	2.01072473659	1.48953297728	1.92222891735	1.54851157564	1.66019735621	0.973987844369	1.07417272595	1.48267399227	2.15568786854	2.12726414693	1.91918467376	1.97767148864	1.84950858386	1.86465341228	2.13801609473	2.00103454326	1.82259123248	1.88132509908	1.87193364427	1.80847496375	1.6556158579	1.92727664089	1.62151464476	1.93241322861	1.78819739488	1.99036355727
AB8	1.04432963751	1.03950995167	1.49806844853	0.508148463026	1.02784487675	1.3430760464	0.807967037216	1.28693859352	1.42857755921	0.964002353794	1.52111364427	1.09242179314	1.24235759787	1.16553430643	1.05620381827	1.07575155631	1.35695752054	1.3521020058	0.597214610923	0.0	1.04542293378	1.10515050749	1.40792208313	1.39908035766	1.10584678105	0.977731696472	1.31082483809	1.1688397245	0.851279690672	0.651849047849	1.27795169164	1.23095417593	1.34770121798	1.38980646689	1.44085860802	1.36211390043	1.4957739826	0.965788777187	1.40212843886	1.09330191397	1.1974679362	0.734248699855	0.741003489609	0.957537032383	1.64614899468	1.60361610923	1.53643784437	1.52141088449	1.39135521991	1.4187617593	1.69584043983	1.57622638956	1.38915750121	1.42672417593	1.43849885935	1.37641168197	1.18088497825	1.51185391977	1.14876062349	1.48198343161	1.2565281392	1.53131909618
AC7	0.828692049299	0.82544318028	1.99751025133	0.952227462542	1.0958700435	0.930675674239	0.934427322378	0.85870677622	0.967142078299	0.728089579507	1.0571077912	0.947590778154	0.947718472692	1.66656281779	0.871870289995	0.860948032866	1.02046457226	0.999356230063	1.5268477042	1.04542293378	0.0	0.475954987917	0.956118714355	0.943100894152	1.4238578057	0.740092957951	0.903859507008	0.765620879652	0.611130956984	0.601920062832	0.855564137264	0.800746921218	0.890966085065	0.91997680522	1.2643437361	1.15576154181	1.15056492025	0.752975790237	1.0412178202	0.945616341228	0.982437878202	1.21258838569	1.13236279845	0.721889845336	1.11686290962	1.05139418076	1.48075103432	1.39381138231	1.25495037216	1.27037444659	1.58160543258	1.48239973417	1.11137152247	1.17341553891	1.23686873369	1.115080058	0.926205582407	1.39921671822	0.881187916868	1.29752556307	0.917844683422	1.40204646689
AC8	0.702696510391	0.623284789754	2.20759008217	0.944284509425	1.00800099082	0.613100860319	1.00190996617	0.549191324311	0.632129400677	0.65820341711	0.75705777187	0.790495461576	0.600673914935	1.873559971	0.697985877235	0.624380507492	0.638183948768	0.616450212663	1.63426311745	1.10515050749	0.475954987917	0.0	0.613675944901	0.615846379894	1.51462120348	0.589247655872	0.469600323828	0.334469207347	0.463175611406	0.595529192847	0.622034668922	0.450242537458	0.549973446109	0.592149086515	1.12325925568	0.866799091348	0.804439531174	0.621595814403	0.680803769937	0.741552798453	0.678617148381	1.26998113098	1.12437573707	0.634920715321	0.854299676172	0.78786701305	1.27573198647	1.0352437216	1.02025837119	1.0112841276	1.21031461092	1.18357165781	0.782100768487	0.812178279362	0.873876887385	0.805669864669	0.544780328661	1.16030513291	0.544203542774	0.952993765104	0.553102126631	1.03911661189
AD7	0.89187982117	0.846569125181	2.41989921218	1.1652442146	1.24623307878	0.669089313678	1.32033391493	0.576987646206	0.460189289512	0.961217100048	0.431857670372	1.01829304978	0.704105190913	2.08955671822	0.885133460609	0.813082890285	0.432220850652	0.433526718221	1.93890863219	1.40792208313	0.956118714355	0.613675944901	0.0	0.135974649589	1.86293664572	0.807759666506	0.363192431126	0.446990845819	0.680813276945	0.865376592557	0.706032895118	0.522762609956	0.474948685355	0.540960604157	1.33022872402	1.09513872885	0.60634956984	0.83523417593	0.684675297245	0.96732681972	0.841778042533	1.46506534074	1.31543368294	0.895643214113	0.779324910585	0.659578956017	1.34470232479	1.09064426776	1.22806737554	1.19595511358	1.15460294828	1.24180333011	0.898124842919	0.855448753021	0.885945157081	0.901482078299	0.701538902852	1.25688817303	0.73243698405	1.10647771387	0.600339047849	1.05158422426
AD8	0.901589647173	0.817942837119	2.4218378057	1.17051704688	1.20914178347	0.641786872885	1.30854567424	0.539454900918	0.449534349927	0.948816331561	0.402096911551	0.983231159981	0.708784557757	2.09040961817	0.887611706138	0.784708956017	0.442839579507	0.438338815853	1.94028290478	1.39908035766	0.943100894152	0.615846379894	0.135974649589	0.0	1.83506043016	0.77525540841	0.357002479459	0.462831324311	0.677388883519	0.865855099082	0.707985592073	0.511514320928	0.465708767521	0.517554538424	1.2993559304	1.05905787337	0.577859917835	0.800795727405	0.653543460609	0.926899110681	0.80492218463	1.46562132431	1.31553583374	0.852786737554	0.749400865152	0.634504258096	1.32757681972	1.07219099082	1.201609768	1.15910538424	1.14078972934	1.22371303045	0.868120768487	0.824627104882	0.863564485259	0.870391904302	0.709183914935	1.23186724988	0.750338970517	1.07157688739	0.577284726921	1.03177463992
AE7	1.35904260512	1.46005699372	1.92201366361	1.28366298695	1.29378336394	1.72174312711	1.20806313678	1.72822550024	1.87720644756	1.32597339778	1.96590385694	1.45258506525	1.62885553407	1.66103435959	1.46395861286	1.41382756887	1.78291536974	1.76268522958	1.11716907685	1.10584678105	1.4238578057	1.51462120348	1.86293664572	1.83506043016	0.0	1.08547959884	1.77727742871	1.62871255679	1.38759924118	1.29595485259	1.57187512808	1.59391697438	1.80536358144	1.82735875785	1.72312852102	1.72687985017	1.92050085065	1.48098131948	1.81878927501	1.43503861286	1.58482567907	1.46483890285	1.49099596423	1.39592794103	2.00372179797	1.98212945384	1.69716410343	1.81930115515	1.65428402127	1.66926357177	2.01639006283	1.80919441759	1.66522673755	1.71639587724	1.73983855486	1.63405728371	1.58902446109	1.72414816336	1.54301634606	1.78407525858	1.69589040599	1.85705172547
AE8	0.582398221363	0.568405350411	2.21297645239	0.960863697438	0.842177742871	0.737986669889	0.931219081682	0.731686249396	0.851756109232	0.637504867086	0.951273750604	0.66685381827	0.688950212663	1.88341465442	0.693984920251	0.515487119381	0.776180449493	0.759164818753	1.48179654422	0.977731696472	0.740092957951	0.589247655872	0.807759666506	0.77525540841	1.08547959884	0.0	0.752800652489	0.632184200097	0.609755891735	0.612384639923	0.696416012566	0.627719434509	0.784541749638	0.811703189947	1.09848465926	0.916054528758	0.924032764621	0.653054480425	0.813191802803	0.63547739971	0.661248119865	1.27338308362	1.13461694538	0.617826872885	1.06149304495	1.02003749154	1.12731267279	1.02046202997	0.918995094248	0.947591628806	1.21483126631	1.11590771387	0.820947883035	0.841882271629	0.883270391493	0.80637077332	0.658448129531	1.05334649589	0.615448240696	0.958946747221	0.6979019913	1.03540076849
AF7	0.805616988884	0.698738376027	2.36253055099	1.13515290478	1.08571801837	0.586327612373	1.22795276462	0.508204920251	0.411325297245	0.860777022716	0.489840096665	0.872229888835	0.599596172064	2.03203853552	0.770119637506	0.691934596423	0.374499748671	0.374705132914	1.84277173514	1.31082483809	0.903859507008	0.469600323828	0.363192431126	0.357002479459	1.77727742871	0.752800652489	0.0	0.247203189947	0.630404277429	0.792114823586	0.667716365394	0.488095524408	0.413987216046	0.455674079265	1.15973268729	0.920349951667	0.533093678105	0.705444122765	0.587153653939	0.818228927018	0.683329835669	1.40878501208	1.267349942	0.734863823103	0.746405461576	0.655729966167	1.2289038521	0.984913479942	1.06903679072	1.05193850652	1.05003859836	1.13040931368	0.768884436926	0.767493992267	0.802527506042	0.795870043499	0.558092803287	1.12158342678	0.599309946834	0.972170695988	0.481384789753	0.945815543741
AF8	0.682057762204	0.629619855002	2.27560198647	1.00794697922	1.03141632673	0.578516244563	1.10030835669	0.475402996617	0.496569724505	0.746871889802	0.634960695988	0.818497921701	0.560955766071	1.94223376994	0.684699734171	0.607377960367	0.442055853069	0.454540512325	1.70916297728	1.1688397245	0.765620879652	0.334469207347	0.446990845819	0.462831324311	1.62871255679	0.632184200097	0.247203189947	0.0	0.525529062349	0.670873276945	0.639234731754	0.422468438859	0.432284229096	0.490538612856	1.15771455292	0.907462595457	0.662248999517	0.678125882069	0.582299830836	0.745454765587	0.639949033349	1.31871662156	1.17540992267	0.696887129048	0.826365355244	0.751901053649	1.21682273079	0.971592696955	1.02962519091	1.03227687289	1.04573623973	1.12145922185	0.75640237796	0.752004006767	0.796984635089	0.781117042049	0.48610239246	1.11136442243	0.509256239729	0.963808753021	0.459010947318	0.93586060899
AG7	0.762004340261	0.646904963751	1.91080465926	0.668855722571	0.91027381827	0.680709299178	0.935288284195	0.546973934268	0.654791043983	0.617931324311	0.808203455776	0.762781551474	0.660467245046	1.57802941518	0.648759429676	0.685221928468	0.773373905268	0.77964858869	1.41362055582	0.851279690672	0.611130956984	0.463175611406	0.680813276945	0.677388883519	1.38759924118	0.609755891735	0.630404277429	0.525529062349	0.0	0.281205790237	0.82826178347	0.674692648623	0.61021618173	0.719298434026	1.24792434993	0.978337970034	0.912304335428	0.461912450459	0.818474963751	0.791379893668	0.73649861769	1.01889445143	0.885622455292	0.496308951184	1.02862554374	0.975893499275	1.3338020783	1.10252362494	1.12219996617	1.13092393427	1.28250310778	1.23319158047	0.918977008217	0.934067617206	0.972233281779	0.912811343644	0.692081788304	1.2381540551	0.663356814886	1.08870952151	0.660352798453	1.1155600435
AG8	0.694329270179	0.665058342194	1.82119743838	0.599214088932	0.888735712905	0.829540724988	0.78839239246	0.743374968584	0.880362827453	0.563900149831	0.99691757854	0.768948482359	0.783422527791	1.48186063799	0.674012605123	0.701079782504	0.912123987434	0.915417501208	1.19967532624	0.651849047849	0.601920062832	0.595529192847	0.865376592557	0.865855099082	1.29595485259	0.612384639923	0.792114823586	0.670873276945	0.281205790237	0.0	0.906682150797	0.817093199613	0.814222329628	0.85600077332	1.20941395843	1.04832357661	1.05228797003	0.478138530691	0.950074722088	0.760237293378	0.811261101982	0.946420048333	0.835869975834	0.482892034799	1.14619297728	1.09780304012	1.32250602223	1.21822870952	1.14521847753	1.1814677042	1.4047282987	1.32352648623	1.01522768971	1.03864806187	1.07263464476	1.0038460174	0.792987472209	1.25816726921	0.754735065249	1.1899738521	0.78624561624	1.23209027066
AH7	0.781397365877	0.871159458676	2.45554841469	1.27757887869	1.19879931368	0.827228898018	1.20846159981	0.837117689705	0.873738878685	0.934868032866	0.822900173997	1.01761273079	0.835228003867	2.13890893668	0.989277733204	0.783102358627	0.656036839053	0.592892682455	1.75296533591	1.27795169164	0.855564137264	0.622034668922	0.706032895118	0.707985592073	1.57187512808	0.696416012566	0.667716365394	0.639234731754	0.82826178347	0.906682150797	0.0	0.336161121315	0.85794537941	0.87544358144	1.16379138231	1.0313022378	0.812348593523	0.950726858386	0.757106655389	0.923026636056	0.82138457709	1.53205637023	1.41112768971	0.944061329145	0.947783557274	0.936886863219	1.28065189464	1.0588519043	1.15579666506	1.07559297728	1.18495358144	1.18551244563	0.843640444659	0.825501657806	0.844506384727	0.840135128081	0.753699685839	1.19107541324	0.767898724021	1.01611310295	0.719458245529	1.04466918318
AH8	0.683355712905	0.703511271145	2.4350117593	1.16410942484	1.04364364427	0.613090454326	1.14924915901	0.615786921218	0.664040183664	0.829482223296	0.65080337361	0.863343673272	0.652282658289	2.10480673272	0.829561483809	0.609130140164	0.416117216046	0.367222039633	1.71571739971	1.23095417593	0.800746921218	0.450242537458	0.522762609956	0.511514320928	1.59391697438	0.627719434509	0.488095524408	0.422468438859	0.674692648623	0.817093199613	0.336161121315	0.0	0.618960459159	0.636544074432	1.13313774287	0.927981609473	0.676700270662	0.808567361044	0.561140681489	0.779619975834	0.666971488642	1.47787221363	1.32765157564	0.813895741904	0.794298608023	0.739775727405	1.15791125665	0.934248115031	1.02317896568	0.954180807153	1.0239959014	1.06416861769	0.670314093765	0.67273497825	0.711390096665	0.686262426293	0.563267216046	1.06168489609	0.584067124215	0.887747544708	0.510908733688	0.897915495408
AA5	0.846778501692	0.608296824553	2.30831964234	1.09410557274	0.965036476559	0.469646447559	1.20742882552	0.281125679072	0.231571053649	0.843802073465	0.45248858869	0.735452735621	0.532628221363	1.979440029	0.670228912518	0.69201218463	0.46848961334	0.479851875302	1.87036867569	1.34770121798	0.890966085065	0.549973446109	0.474948685355	0.465708767521	1.80536358144	0.784541749638	0.413987216046	0.432284229096	0.61021618173	0.814222329628	0.85794537941	0.618960459159	0.0	0.228133281779	1.16692815853	0.882583315611	0.599700700822	0.610026060899	0.577727462542	0.754329492508	0.628435331078	1.30192850652	1.1547641856	0.660766553891	0.720645843403	0.601647883035	1.25938237796	1.01375894635	1.02317446593	1.03529049783	1.0936179072	1.16742654422	0.772333354277	0.771580811986	0.804055002417	0.808290280329	0.585472663122	1.15672615756	0.623019279845	0.960118472692	0.482512247463	0.970777124215
AA6	0.853719903335	0.63339340261	2.38668926051	1.15532718705	0.979761773804	0.43534777187	1.19475259546	0.354129323345	0.340013141614	0.839567825036	0.459091749638	0.751169739004	0.513732329628	2.04913606573	0.7171479942	0.687598719188	0.513061889802	0.509869758337	1.91515269696	1.38980646689	0.91997680522	0.592149086515	0.540960604157	0.517554538424	1.82735875785	0.811703189947	0.455674079265	0.490538612856	0.719298434026	0.85600077332	0.87544358144	0.636544074432	0.228133281779	0.0	1.06368116965	0.791265297245	0.529601851136	0.641156133398	0.504112112131	0.772513813436	0.576599574674	1.38453655872	1.22772134364	0.698774209763	0.55359262929	0.442117472209	1.17816593523	0.938503692605	0.944316089899	0.935933339778	1.01431540358	1.08543618173	0.682631875302	0.703340840986	0.743061536974	0.728924364427	0.592676162397	1.0624140841	0.636924867086	0.86640898985	0.479752295795	0.893182276462
AB5	1.09375276945	0.932483716771	2.58322208797	1.4094638231	0.852852513291	0.96542677622	1.22693929435	1.10487696955	1.21317752054	1.01606309812	1.16210073949	0.796866877719	0.980832861286	2.25204697922	1.03054440793	0.979612155631	1.17531135331	1.14487881585	1.91365630256	1.44085860802	1.2643437361	1.12325925568	1.33022872402	1.2993559304	1.72312852102	1.09848465926	1.15973268729	1.15771455292	1.24792434993	1.20941395843	1.16379138231	1.13313774287	1.16692815853	1.06368116965	0.0	0.396378356694	0.962326839053	1.0540539971	0.890926186564	0.877026128565	0.857380734654	1.63685157081	1.50612962784	1.00247641373	0.94011381827	0.959992928951	0.803131938134	0.900239439343	0.739416544224	0.726662068632	1.08850008217	0.918877322378	0.811171130981	0.881458627356	0.932575630739	0.884681300145	1.02223272112	0.818250130498	1.01837695022	0.8054219913	1.00281143548	0.907594282262
AB6	0.955538801353	0.720974794587	2.50501840503	1.28944565974	0.775934504592	0.702427704205	1.11119136781	0.816321251812	0.929965398743	0.873048327695	0.941846491058	0.600505505075	0.734680497825	2.17023938134	0.819127858869	0.773917626873	0.963409217013	0.935502315128	1.86460518608	1.36211390043	1.15576154181	0.866799091348	1.09513872885	1.05905787337	1.72687985017	0.916054528758	0.920349951667	0.907462595457	0.978337970034	1.04832357661	1.0313022378	0.927981609473	0.882583315611	0.791265297245	0.396378356694	0.0	0.740835857902	0.812195553407	0.665116288062	0.730213243113	0.622329540841	1.50692610923	1.37372074432	0.783129492508	0.736187438376	0.738778883519	0.757248090865	0.645619971	0.538216930884	0.521186379894	0.836987390044	0.702071638473	0.593163204447	0.683496655389	0.732771135814	0.688980468826	0.754466350894	0.669167394877	0.746160526825	0.545244320928	0.764385113581	0.647481077815
AC5	0.980607187047	0.792473919768	2.63927971484	1.39861684872	0.998195147414	0.571869574674	1.31496135814	0.611125239246	0.566038115031	0.968611870469	0.457167887869	0.764133030449	0.708046051232	2.3072117303	0.911054369261	0.814109492508	0.506431232479	0.48951659739	2.01072473659	1.4957739826	1.15056492025	0.804439531174	0.60634956984	0.577859917835	1.92050085065	0.924032764621	0.533093678105	0.662248999517	0.912304335428	1.05228797003	0.812348593523	0.676700270662	0.599700700822	0.529601851136	0.962326839053	0.740835857902	0.0	0.804430676655	0.4419660174	0.846323088449	0.67048017883	1.6728598985	1.51033454326	0.849855819236	0.519143943934	0.448502725955	1.01543847753	0.762360961817	0.906712150797	0.856607941034	0.822137515708	0.884532909618	0.611532846786	0.555369110681	0.588624731754	0.64168439826	0.741324722088	0.91154681972	0.767260164331	0.773535761237	0.583137443209	0.71390777187
AC6	0.788537931368	0.508430357661	1.98879943934	0.761699801837	0.722728347028	0.652525113581	0.753059458676	0.5378540116	0.690591140648	0.490888434026	0.844041667472	0.582717104882	0.617459560174	1.65424032866	0.491898405027	0.613158042533	0.803664142098	0.804721232479	1.48953297728	0.965788777187	0.752975790237	0.621595814403	0.83523417593	0.800795727405	1.48098131948	0.653054480425	0.705444122765	0.678125882069	0.461912450459	0.478138530691	0.950726858386	0.808567361044	0.610026060899	0.641156133398	1.0540539971	0.812195553407	0.804430676655	0.0	0.769386515225	0.610879178347	0.625370343161	0.90052260029	0.742417631706	0.279429869502	0.980526249396	0.927403397777	1.15236492992	1.04060607057	0.934036756887	0.973521092315	1.20704571774	1.12122583857	0.833488347028	0.892601517641	0.923790275495	0.837376128565	0.625514006767	1.0629637506	0.610587496375	0.991577409377	0.637886254229	1.04083275495
AD6	0.847930681489	0.618683011116	2.54064960851	1.2307920783	0.853701918801	0.440915321411	1.18573885935	0.491989130014	0.608265331078	0.850900903818	0.522786742388	0.648219337844	0.522784519091	2.20461764137	0.763425761237	0.679677143548	0.50553041566	0.482082953117	1.92222891735	1.40212843886	1.0412178202	0.680803769937	0.684675297245	0.653543460609	1.81878927501	0.813191802803	0.587153653939	0.582299830836	0.818474963751	0.950074722088	0.757106655389	0.561140681489	0.577727462542	0.504112112131	0.890926186564	0.665116288062	0.4419660174	0.769386515225	0.0	0.696378898018	0.437606573224	1.55648141131	1.41051898502	0.795609656839	0.569879550507	0.520167187047	0.882124852586	0.646929105848	0.75917738521	0.698492344128	0.749877713871	0.798741701305	0.430285659739	0.450155978734	0.484352837119	0.504884277429	0.579595949734	0.781519990333	0.618376689222	0.62284262929	0.402966950217	0.618313344611
AE5	0.544734451426	0.470040575157	2.32772701788	1.0233618608	0.68878120348	0.726421749638	0.8933860029	0.677820478492	0.844110125665	0.622748376027	0.944796863219	0.557321725471	0.653875596907	1.98813285645	0.570032402127	0.435637974867	0.822333537941	0.812163494442	1.54851157564	1.09330191397	0.945616341228	0.741552798453	0.96732681972	0.926899110681	1.43503861286	0.63547739971	0.818228927018	0.745454765587	0.791379893668	0.760237293378	0.923026636056	0.779619975834	0.754329492508	0.772513813436	0.877026128565	0.730213243113	0.846323088449	0.610879178347	0.696378898018	0.0	0.323553175447	1.28839567907	1.14826662156	0.543942812953	1.0219997825	0.999022469792	0.836046012566	0.783418144031	0.757806665056	0.708425828903	0.989733238279	0.866996887385	0.576039540841	0.637532411793	0.694819816336	0.546870367327	0.500272054132	0.787940038666	0.483774659256	0.775562542291	0.627223363944	0.84459060899
AE6	0.617320086999	0.42603318028	2.41248835186	1.09822621073	0.709039154181	0.526774470759	1.01361366844	0.548820691155	0.680458371194	0.713147361044	0.715850753987	0.552957259546	0.466188269696	2.07298147898	0.597892266796	0.439172745288	0.663135364911	0.643535190913	1.66019735621	1.1974679362	0.982437878202	0.678617148381	0.841778042533	0.80492218463	1.58482567907	0.661248119865	0.683329835669	0.639949033349	0.73649861769	0.811261101982	0.82138457709	0.666971488642	0.628435331078	0.576599574674	0.857380734654	0.622329540841	0.67048017883	0.625370343161	0.437606573224	0.323553175447	0.0	1.39231484775	1.24387846303	0.617272450459	0.810128269696	0.789417230546	0.835721778637	0.657355640406	0.671034514258	0.604892924118	0.852037423876	0.759114016433	0.431403658772	0.47653040116	0.508486128565	0.421020188497	0.417996945384	0.737211300145	0.421581145481	0.612276993717	0.454660956984	0.673999289512
AF5	1.3101477912	1.21633730788	1.27110557757	0.641112977284	1.21640493475	1.43078072499	0.855090381827	1.26429851619	1.35254951667	1.02438371677	1.56358357177	1.26620037216	1.35212768971	0.945832092798	1.11581849203	1.31583696955	1.54539519091	1.55328459642	0.973987844369	0.734248699855	1.21258838569	1.26998113098	1.46506534074	1.46562132431	1.46483890285	1.27338308362	1.40878501208	1.31871662156	1.01889445143	0.946420048333	1.53205637023	1.47787221363	1.30192850652	1.38453655872	1.63685157081	1.50692610923	1.6728598985	0.90052260029	1.55648141131	1.28839567907	1.39231484775	0.0	0.209456877719	0.988257264379	1.76970345578	1.68989757854	1.74267883035	1.72155097148	1.60227016433	1.64036285162	1.87073429193	1.79011107782	1.58728435476	1.65974345094	1.66450311261	1.59480403577	1.33645654906	1.72531325278	1.30634772837	1.67416115031	1.41742238763	1.71879438859
AF6	1.2057080522	1.06730913001	1.40678974384	0.546459811503	1.08961544224	1.27869238279	0.783128177864	1.11317325761	1.21066470275	0.874019328178	1.41577302562	1.13560195747	1.20472113581	1.08208325761	0.975446341228	1.16622130014	1.39740306912	1.4048157419	1.07417272595	0.741003489609	1.13236279845	1.12437573707	1.31543368294	1.31553583374	1.49099596423	1.13461694538	1.267349942	1.17540992267	0.885622455292	0.835869975834	1.41112768971	1.32765157564	1.1547641856	1.22772134364	1.50612962784	1.37372074432	1.51033454326	0.742417631706	1.41051898502	1.14826662156	1.24387846303	0.209456877719	0.0	0.839277960367	1.61984008217	1.53784325278	1.62188494925	1.59055971967	1.49665945384	1.53101509908	1.74719428226	1.68151869502	1.43961150797	1.50959133881	1.51693162881	1.44475490092	1.18931043016	1.61281096182	1.15692085549	1.55124925085	1.26825187047	1.58488204447
AG5	0.717727462542	0.477732851619	2.05878390527	0.787963968101	0.629266123731	0.662088487192	0.743207095215	0.584798293862	0.733761667472	0.44807517158	0.889454523925	0.511078651522	0.638029323345	1.72446647656	0.469592740454	0.556877829869	0.804334465926	0.799105263412	1.48267399227	0.957537032383	0.721889845336	0.634920715321	0.895643214113	0.852786737554	1.39592794103	0.617826872885	0.734863823103	0.696887129048	0.496308951184	0.482892034799	0.944061329145	0.813895741904	0.660766553891	0.698774209763	1.00247641373	0.783129492508	0.849855819236	0.279429869502	0.795609656839	0.543942812953	0.617272450459	0.988257264379	0.839277960367	0.0	1.01512641373	0.955195722571	1.08645523441	1.01332930884	0.895342875785	0.935649975834	1.21527256162	1.0847697825	0.796589555341	0.87998959884	0.914823296278	0.809040410826	0.623383286612	1.01950348961	0.59230139681	0.948249937168	0.658898772354	1.01058437409
