	AA3	AA4	AB3	AB4	AC3	AC4	AD3	AD4	AE3	AE4	AF3	AF4	AG3	AG4	AH3	AH4	AA7	AA8	AB7	AB8	AC7	AC8	AD7	AD8	AE7	AE8	AF7	AF8	AG7	AG8	AH7	AH8	AA5	AA6	AB5	AB6	AC5	AC6	AD6	AE5	AE6	AF5	AF6	AG5	AH5	AH6	AA1	AA2	AB1	AB2	AC1	AC2	AD1	AD2	AE1	AE2	AF1	AF2	AG1	AG2	AH1	AH2
AA3	0.0	0.527767167714	2.24079403577	0.955038724021	0.838613252779	0.749053528275	0.873870700822	0.804778878685	0.88303578057	0.675915819236	0.970473861769	0.718923301112	0.720110299662	1.87321015466	0.768624741421	0.235152943451	0.821184461092	0.818518385694	1.42515716771	1.00543680039	0.771346621556	0.667277472209	0.857348400193	0.871426549058	1.35402268729	0.577012711455	0.792913479942	0.692692387627	0.722187346544	0.658384934751	0.753666408893	0.660432832286	0.843877327211	0.832969246013	1.08099799903	0.894172141131	0.924355828903	0.788735693572	0.824567626873	0.554068052199	0.552948699855	1.21239827936	1.19255737071	0.689509241179	1.12776726921	1.05128724988	1.02084887869	0.97914840986	0.894006167231	0.85525638956	1.09074341228	0.999513987434	0.655442962784	0.744208197197	0.829632895118	0.676311739971	0.523989782504	0.906576491058	0.520675732238	0.902154301595	0.646491058482	0.929666698888
AA4	0.527767167714	0.0	2.24087782987	0.851124287095	0.572611768971	0.561457071049	0.861415625906	0.489399473175	0.670132672789	0.590165190913	0.816422363461	0.433760927985	0.449245142581	1.87194973417	0.322151319478	0.344844702755	0.724306205897	0.72697019333	1.55305713388	1.0228980232	0.852509845336	0.6545239826	0.882966500725	0.851612063799	1.47698420976	0.604241638473	0.726284746254	0.708380531658	0.649596099565	0.67691178347	0.879026123731	0.732025277912	0.668744639923	0.638094886419	0.906522682455	0.651092870952	0.736735456742	0.546392460126	0.633826442726	0.494935500242	0.361510860319	1.15034637506	1.09074100048	0.435250744321	0.963678651522	0.84849337361	0.908462812953	0.797351014983	0.699143243113	0.726790971484	0.944700082165	0.863354697922	0.550986360561	0.626006520058	0.701661290478	0.577037390043	0.482179695505	0.785924876752	0.458437457709	0.753415398743	0.497052764621	0.748763368777
AB3	2.24079403577	2.24087782987	0.0	1.50157928468	2.15708586757	2.41520751571	1.88186879652	2.28991827936	2.34321639923	2.08858269212	2.52335852102	2.25793528758	2.33508312711	0.406071894635	2.14443425326	2.28838520058	2.48452633639	2.51699482842	1.19090127598	1.5180722958	1.97939042049	2.16737728855	2.41177588207	2.40099759787	1.90776801353	2.15528290962	2.36357028033	2.28331242629	1.9384922958	1.80882285645	2.44238139198	2.40174069116	2.28361234896	2.3833577912	2.53599915901	2.44096552924	2.6167860464	1.96630012083	2.54153874335	2.27622330594	2.34141362011	1.34086413726	1.40132693088	2.08547117448	2.74431224746	2.64947900435	2.68582350411	2.69232755921	2.51393059449	2.61416470275	2.77499172547	2.72231204447	2.53133163364	2.61475860802	2.63758625423	2.5682722523	2.29317751571	2.66338108265	2.25610050749	2.64643927985	2.38516103432	2.67403023683
AB4	0.955038724021	0.851124287095	1.50157928468	0.0	0.844123895602	1.0311522813	0.766467945868	0.963624282262	1.08075214596	0.766632996617	1.19651621073	0.902890454326	0.866737781537	1.12347721121	0.783175761237	0.899394751087	1.13767240696	1.17210936684	1.05570217496	0.500120483325	0.900607404543	0.86095680522	1.11948742388	1.10113873852	1.30764963751	0.884051483809	1.05990347511	0.981285070082	0.63875961334	0.586636553891	1.24369943934	1.10633115031	1.03018232479	1.08405704688	1.31807603673	1.15815662639	1.31736552441	0.693643939101	1.17582550991	0.898749308845	0.938958956017	0.604295427743	0.543437757371	0.765442880619	1.44202373127	1.33073049783	1.41398877235	1.35857893668	1.23736692122	1.29645350894	1.48761100048	1.4202678202	1.1604217158	1.25201922668	1.30659510875	1.20203033833	0.943777660706	1.33898321895	0.909264074432	1.32174346544	1.0013317448	1.33842414693
AC3	0.838613252779	0.572611768971	2.15708586757	0.844123895602	0.0	0.755828733688	0.80575322378	0.784423286612	0.933604934751	0.649055442243	1.05711453842	0.324917501208	0.74941500725	1.79335841953	0.631782943451	0.731920502658	0.992223020783	0.977661846303	1.43707679072	0.944960686322	1.0326121508	0.948517530208	1.21317323345	1.18312026583	1.29584458192	0.779324485259	1.05219405027	1.03707660222	0.864054876752	0.844337462542	1.1621438086	1.00956726438	0.965695645239	0.939691652972	0.845974142098	0.733055195747	0.99985702755	0.717692551957	0.89921681972	0.612943644273	0.654020019333	1.09280933784	1.02546348961	0.585862145964	1.21487047849	1.12956452392	0.935047361044	0.996364050266	0.739855679072	0.869413992267	1.11120147898	1.00469754471	0.761575558241	0.871920637989	0.939155592073	0.799651285645	0.823370865152	0.919043682939	0.788244596423	0.914737665539	0.805079265346	0.943545993233
AC4	0.749053528275	0.561457071049	2.41520751571	1.0311522813	0.755828733688	0.0	1.10985347994	0.374677298212	0.451220077332	0.821175166747	0.389086781054	0.519361527308	0.465050478492	2.04910691155	0.687503808603	0.63554900435	0.517843779604	0.497312909618	1.82772517641	1.25681423393	0.892181754471	0.618223586274	0.629992445626	0.608606660222	1.70881868052	0.768122247463	0.53281980667	0.529865567907	0.637760439826	0.803275234413	0.759205466409	0.573329879169	0.484070642823	0.406884282262	0.987739144514	0.717888724021	0.539867327211	0.665875253746	0.435342150797	0.738114253262	0.4907260174	1.34359467859	1.28656697438	0.58089160464	0.707161135814	0.61085500725	1.04875709038	0.822628327695	0.851044451426	0.803113030449	0.90661237796	0.944474069599	0.56828658289	0.669818448526	0.664493354277	0.645492411793	0.620705843403	0.914325543741	0.65597499275	0.787523151281	0.410150376994	0.787687264379
AD3	0.873870700822	0.861415625906	1.88186879652	0.766467945868	0.80575322378	1.10985347994	0.0	0.983734258096	1.26075531658	0.378370860319	1.37092966651	0.899997124215	1.04006272112	1.51734176414	0.823489062349	0.891612556791	1.22397333494	1.25287457709	1.30406453359	0.793815543741	0.876446718221	0.939358632189	1.25856367327	1.2637257274	1.23044062832	0.849783557274	1.17574847269	1.06393094732	0.901773475109	0.754553412276	1.18014709522	1.09533782987	1.17701682455	1.15652843403	1.19149499275	1.03887769937	1.27061300628	0.712587390043	1.17657096182	0.822781295312	0.909483499275	0.777999023683	0.769652817786	0.741637863702	1.44268903818	1.34434208797	1.37449081199	1.37954108265	1.12835720638	1.2287338956	1.48529128081	1.40941978734	1.12764374577	1.21147889802	1.31519487675	1.13762240213	0.950979052682	1.29926583857	0.915990492992	1.24821815853	1.10705747704	1.32298970517
AD4	0.804778878685	0.489399473175	2.28991827936	0.963624282262	0.784423286612	0.374677298212	0.983734258096	0.0	0.309890077332	0.677237617206	0.54206918318	0.58626062349	0.528673557274	1.92668410343	0.560751643306	0.661319497342	0.566884055099	0.555287675205	1.80352840986	1.21817083615	0.85463502175	0.56021882552	0.607877796037	0.578978477525	1.74515839536	0.77393078782	0.508227544708	0.501088936684	0.53410940551	0.734673131948	0.827782329628	0.635693518608	0.350213547608	0.345038003867	1.04860755921	0.750148264862	0.575968646689	0.531040227163	0.480313069116	0.722775292412	0.518573890768	1.19697965201	1.13130673755	0.525528419526	0.72213222813	0.592557892702	1.10770474142	0.860522155631	0.906031493475	0.914811952634	0.938261817303	1.00329926535	0.641791111648	0.699619787337	0.658687588207	0.715321764137	0.570022455292	0.989812721121	0.607255248913	0.885130686322	0.484463914935	0.837338946351
AE3	0.88303578057	0.670132672789	2.34321639923	1.08075214596	0.933604934751	0.451220077332	1.26075531658	0.309890077332	0.0	0.945866766554	0.361639115515	0.730400782987	0.618985722571	1.98879318511	0.72554818753	0.791279250846	0.51076658289	0.485570734654	1.9426622668	1.37001669889	0.947061077815	0.699858627356	0.497062875785	0.48415861769	1.89620175447	0.926090309328	0.450465384244	0.510138956017	0.646222643789	0.881452295795	0.890500720155	0.718558540358	0.250114519091	0.345616104398	1.15349988884	0.87657500725	0.528226428226	0.720164697922	0.522390202997	0.921722643789	0.675935935234	1.30044902368	1.24856730304	0.708716447559	0.742614079265	0.613901686805	1.20968709522	0.95172582407	1.03134269212	1.01539204447	1.02390591107	1.10486454809	0.74303419043	0.798523204447	0.746169371677	0.823223102948	0.70580261479	1.10482910101	0.760271474142	0.983346843886	0.566138061866	0.931138487192
AE4	0.675915819236	0.590165190913	2.08858269212	0.766632996617	0.649055442243	0.821175166747	0.378370860319	0.677237617206	0.945866766554	0.0	1.07144032383	0.65303441276	0.774362029966	1.72274349928	0.579310236829	0.617274968584	0.9342259739	0.957602885452	1.44897250362	0.892356988884	0.756892493958	0.65708141131	0.974939618173	0.96683341711	1.31729945384	0.596409758337	0.876127211213	0.777813658772	0.635875770904	0.612009260512	0.939833064282	0.81309419043	0.871328980184	0.848423914935	0.972072493958	0.815010125665	0.967108351861	0.53281499275	0.877325466409	0.559521077815	0.612816118898	0.948859637506	0.886415074915	0.504493325278	1.13566059449	1.03836855002	1.13026479459	1.12513057032	0.883019666506	0.983828255196	1.24748250846	1.16204966167	0.873585819236	0.933111179314	1.01175838086	0.874788564524	0.673794262929	1.05185376027	0.645706176897	1.00428789754	0.808009942001	1.06809238763
AF3	0.970473861769	0.816422363461	2.52335852102	1.19651621073	1.05711453842	0.389086781054	1.37092966651	0.54206918318	0.361639115515	1.07144032383	0.0	0.824568414693	0.702087148381	2.16350103915	0.911038941518	0.890091474142	0.499239966167	0.469527481875	2.0463957854	1.47141283712	1.05321366844	0.834449903335	0.425659719671	0.42787221363	1.98906837119	1.02737998067	0.514286220396	0.631306839053	0.7919479942	1.00859179797	0.859589434509	0.725081657806	0.448183668439	0.469930434993	1.1775937071	0.965837728371	0.477786713388	0.857320633156	0.505834325761	1.00760695988	0.751237351377	1.48480517158	1.42731842436	0.835537573707	0.69435059449	0.586855563074	1.20032889802	0.951649415176	1.11471305945	1.00046097148	1.01858501692	1.07470609957	0.768580932818	0.782674809087	0.763645500242	0.7964739826	0.857211599807	1.05486871919	0.90035542291	0.987383156114	0.600984852586	0.920942087965
AF4	0.718923301112	0.433760927985	2.25793528758	0.902890454326	0.324917501208	0.519361527308	0.899997124215	0.58626062349	0.730400782987	0.65303441276	0.824568414693	0.0	0.562926534558	1.89322439826	0.530014103432	0.597496814886	0.813748235863	0.800969594007	1.59814758337	1.03637231996	0.902302750121	0.757215746738	1.01877974384	0.997402058966	1.4385080957	0.636505263412	0.857828168197	0.848891242146	0.752424702755	0.745332837119	1.0164781682	0.864829279845	0.769278221363	0.73640921218	0.798552194297	0.552073692605	0.776171735138	0.621121420976	0.674516292895	0.553835045916	0.507499927501	1.1609322813	1.10190241179	0.474965505075	0.978619521508	0.878001996133	0.84958838086	0.834711913968	0.615146829386	0.702414461092	0.963249961334	0.882948656356	0.581227114548	0.697282025133	0.785662044466	0.651705016916	0.666008685355	0.789052609956	0.636296694055	0.742260541324	0.625317162881	0.772668482359
AG3	0.720110299662	0.449245142581	2.33508312711	0.866737781537	0.74941500725	0.465050478492	1.04006272112	0.528673557274	0.618985722571	0.774362029966	0.702087148381	0.562926534558	0.0	1.9550660899	0.472300657322	0.562218922185	0.570860029	0.566803784437	1.73251653456	1.15898503142	0.919009864669	0.62232282262	0.745854514258	0.754785248913	1.60861036733	0.700458564524	0.617245084582	0.611996906718	0.667530483325	0.782222522958	0.837309913001	0.675704282262	0.620850758821	0.542613591107	0.982146442726	0.731613489609	0.713950952151	0.651617796037	0.58657298695	0.661071237313	0.437949207347	1.27160882069	1.21748248913	0.568874958917	0.899609603673	0.769735828903	0.970982387627	0.778287080715	0.812299656839	0.761210140164	0.918964538424	0.860715741904	0.530806727888	0.624217858869	0.695409091348	0.602560599323	0.497535432576	0.850100024166	0.510741304978	0.761139845336	0.409463823103	0.739679134848
AG4	1.87321015466	1.87194973417	0.406071894635	1.12347721121	1.79335841953	2.04910691155	1.51734176414	1.92668410343	1.98879318511	1.72274349928	2.16350103915	1.89322439826	1.9550660899	0.0	1.78044211696	1.91419247463	2.13043825036	2.16034357177	0.910299975834	1.15979266796	1.62369234896	1.80714067666	2.05410923635	2.04181507008	1.61725961817	1.79850938134	2.01234260996	1.92336692122	1.57683991783	1.44286942484	2.10048543741	2.04342371194	1.92908438859	2.01870109232	2.18001118898	2.07718962301	2.25393338811	1.61184630256	2.17575706622	1.90760248913	1.97098169647	0.986730483325	1.04834351377	1.72288760271	2.38057273562	2.28310133881	2.31751452876	2.32796550507	2.1499139826	2.24674365394	2.41547996617	2.35975472692	2.1692877042	2.24974957467	2.27721251329	2.20241954567	1.93030278879	2.29951842919	1.89526901885	2.27994177864	2.02318052682	2.31095943451
AH3	0.768624741421	0.322151319478	2.14443425326	0.783175761237	0.631782943451	0.687503808603	0.823489062349	0.560751643306	0.72554818753	0.579310236829	0.911038941518	0.530014103432	0.472300657322	1.78044211696	0.0	0.582854156597	0.758696655389	0.776932870952	1.56805524891	1.01354990333	0.859214717255	0.696713136781	0.9114740116	0.905943228613	1.49114398743	0.721328733688	0.784067849203	0.741813852102	0.647845437409	0.673602136298	1.01253417593	0.860896868052	0.685697554374	0.68684218463	1.01193179797	0.757899270179	0.896758434026	0.516707066216	0.790877162881	0.599993325278	0.527533044949	1.03361162397	0.977994804253	0.438487921701	1.09318881102	0.95930518608	1.05409359111	0.929887051716	0.845586761721	0.883653755437	1.06449587724	1.01504671339	0.745230971484	0.820715558241	0.873942643789	0.7889059739	0.578091556307	0.94143760754	0.55169518608	0.908152595457	0.627328598357	0.890365302078
AH4	0.235152943451	0.344844702755	2.28838520058	0.899394751087	0.731920502658	0.63554900435	0.891612556791	0.661319497342	0.791279250846	0.617274968584	0.890091474142	0.597496814886	0.562218922185	1.91419247463	0.582854156597	0.0	0.681248772354	0.702099787337	1.47583166747	1.01528095698	0.836134364427	0.6191360029	0.808616771387	0.784479154181	1.40888508458	0.56353460609	0.687696399227	0.643981135814	0.66716057999	0.680396466892	0.760489328178	0.59695160464	0.755170753987	0.724073131948	0.99078522958	0.778606544224	0.820290589657	0.663927757371	0.710828902852	0.461826321895	0.414126853552	1.22004524891	1.16539506042	0.562637950701	1.03349954567	0.931493030449	0.91734739971	0.845257670372	0.782317689705	0.739039531174	0.971284417593	0.881680589657	0.534871739971	0.625521507975	0.71209637506	0.568902875785	0.396004233929	0.789713823103	0.402774127598	0.783165070082	0.521751367811	0.794881353311
AA7	0.821184461092	0.724306205897	2.48452633639	1.13767240696	0.992223020783	0.517843779604	1.22397333494	0.566884055099	0.51076658289	0.9342259739	0.499239966167	0.813748235863	0.570860029	2.13043825036	0.758696655389	0.681248772354	0.0	0.137102073465	1.85959425326	1.29122764137	0.979013740938	0.660106041566	0.424839608507	0.454381333978	1.7826319623	0.839775384244	0.345115737071	0.429879091348	0.723508066699	0.892179864669	0.655613528275	0.439108477525	0.448597274045	0.502597950701	1.19449367327	0.990366172064	0.515454499758	0.820081391977	0.512776399227	0.872521657806	0.68731738521	1.43943711455	1.38869046399	0.786744374094	0.789874059932	0.656072522958	1.13899796037	0.88949160464	1.0832239681	0.969628893185	0.945259888835	1.00956767037	0.685569579507	0.707264470759	0.686841947801	0.722958511358	0.553452290962	0.998564364427	0.595303431609	0.972154818753	0.483308898018	0.862657491542
AA8	0.818518385694	0.72697019333	2.51699482842	1.17210936684	0.977661846303	0.497312909618	1.25287457709	0.555287675205	0.485570734654	0.957602885452	0.469527481875	0.800969594007	0.566803784437	2.16034357177	0.776932870952	0.702099787337	0.137102073465	0.0	1.87643130981	1.3106759304	0.975535427743	0.664331159981	0.430731474142	0.46951218463	1.79195966167	0.853169453842	0.362193354277	0.423994707588	0.743786505558	0.91825378927	0.630080966651	0.420820913485	0.439674949251	0.480463977767	1.17275734171	0.977189347511	0.469643929435	0.834043900435	0.473364224263	0.87567300145	0.672580492992	1.47614376027	1.42270097632	0.789370246496	0.746529337844	0.617147694538	1.11838503142	0.866428622523	1.07401055582	0.948554494925	0.914396955051	0.983744987917	0.669230019333	0.663590729821	0.654802223296	0.70159038666	0.59197922668	0.980868438859	0.639854388594	0.951107583374	0.451527829869	0.840363276945
AB7	1.42515716771	1.55305713388	1.19090127598	1.05570217496	1.43707679072	1.82772517641	1.30406453359	1.80352840986	1.9426622668	1.44897250362	2.0463957854	1.59814758337	1.73251653456	0.910299975834	1.56805524891	1.47583166747	1.85959425326	1.87643130981	0.0	0.63437742871	1.51630917351	1.59144130981	1.91773478009	1.91183737554	1.07062884485	1.43457897535	1.82088960367	1.72984712905	1.41730245529	1.1806622958	1.72697400677	1.67141485259	1.87320256646	1.90614998067	1.86823329145	1.80064305462	1.97106391977	1.48968093282	1.91533603673	1.45147942968	1.62024471725	0.989883760271	1.01193753504	1.5163219913	2.16975297245	2.10645104882	1.92901298695	1.98196990817	1.79798721121	1.8317997535	2.06841682939	1.98457002417	1.76989928951	1.83315963267	1.89322749154	1.78260981634	1.60322266796	1.89647126148	1.57427843886	1.88785960851	1.75274531658	1.94748557757
AB8	1.00543680039	1.0228980232	1.5180722958	0.500120483325	0.944960686322	1.25681423393	0.793815543741	1.21817083615	1.37001669889	0.892356988884	1.47141283712	1.03637231996	1.15898503142	1.15979266796	1.01354990333	1.01528095698	1.29122764137	1.3106759304	0.63437742871	0.0	0.988459961334	1.02066702272	1.33394947318	1.32612287579	1.12719204447	0.893420019333	1.24136500242	1.15420222813	0.810625732238	0.619472387627	1.22824381827	1.14941172064	1.30101165297	1.32519812953	1.3797498695	1.2673279362	1.42174707105	0.916060758821	1.35985685839	0.988889840503	1.09167182214	0.704581942968	0.648090062832	0.951300850652	1.6121520638	1.53446220396	1.52350861769	1.50956470759	1.32778249396	1.36765083132	1.60037942968	1.54431130014	1.30461474625	1.36731493475	1.42074127598	1.33041847753	1.09221476075	1.45849096182	1.06457504592	1.41953057999	1.1874082552	1.47722737554
AC7	0.771346621556	0.852509845336	1.97939042049	0.900607404543	1.0326121508	0.892181754471	0.876446718221	0.85463502175	0.947061077815	0.756892493958	1.05321366844	0.902302750121	0.919009864669	1.62369234896	0.859214717255	0.836134364427	0.979013740938	0.975535427743	1.51630917351	0.988459961334	0.0	0.432500584824	0.916572827453	0.92864219913	1.41347246979	0.709627907202	0.897552049299	0.745808414693	0.558997573707	0.563662721121	0.852942029966	0.772305708072	0.86464817303	0.895611884969	1.2801701885	1.07573756404	1.13979944418	0.727479879169	1.02558898018	0.941310729821	0.899511561141	1.12211701305	1.11738301595	0.734987085549	1.1309842436	1.01046925085	1.46899111165	1.40367401643	1.21924903818	1.25990440309	1.51872551957	1.46418218463	1.09086568874	1.15581441276	1.22896346061	1.11445618656	0.867158279362	1.3716560174	0.829254311261	1.2688861044	0.887911541808	1.35228074432
AC8	0.667277472209	0.6545239826	2.16737728855	0.86095680522	0.948517530208	0.618223586274	0.939358632189	0.56021882552	0.699858627356	0.65708141131	0.834449903335	0.757215746738	0.62232282262	1.80714067666	0.696713136781	0.6191360029	0.660106041566	0.664331159981	1.59144130981	1.02066702272	0.432500584824	0.0	0.647912774287	0.681695060416	1.49225123731	0.597033257612	0.508235708072	0.38108722088	0.423070057999	0.569103044949	0.647535645239	0.49870262929	0.59698959884	0.606472518125	1.11686897535	0.829222527791	0.838511338811	0.615264920251	0.713808685355	0.753818477525	0.634473972934	1.15591322861	1.09681465926	0.612894465926	0.899178197197	0.773994021266	1.27438708555	1.07772560174	1.01925145964	1.00419787337	1.19269894152	1.16268221846	0.780545712905	0.834196118898	0.905513334944	0.831989618173	0.513829188014	1.13559719188	0.529512324795	0.980806631223	0.568872474625	1.03155455292
AD7	0.857348400193	0.882966500725	2.41177588207	1.11948742388	1.21317323345	0.629992445626	1.25856367327	0.607877796037	0.497062875785	0.974939618173	0.425659719671	1.01877974384	0.745854514258	2.05410923635	0.9114740116	0.808616771387	0.424839608507	0.430731474142	1.91773478009	1.33394947318	0.916572827453	0.647912774287	0.0	0.157399579507	1.85683969067	0.86079161914	0.357191923635	0.417575935234	0.653018221363	0.852632484292	0.690629453842	0.547689188014	0.452346665056	0.533067941034	1.33704486225	1.11014558724	0.614590077332	0.846400961817	0.653828931851	1.00693088449	0.839253687772	1.37428724021	1.32599930401	0.866920531658	0.819890710488	0.699177641373	1.3443821508	1.09698156597	1.25917847269	1.16305619623	1.14993065249	1.22738713388	0.900729178347	0.896879178347	0.863836955051	0.936272039633	0.704036152731	1.22154769454	0.747417646206	1.14680432576	0.628714287095	1.07428717255
AD8	0.871426549058	0.851612063799	2.40099759787	1.10113873852	1.18312026583	0.608606660222	1.2637257274	0.578978477525	0.48415861769	0.96683341711	0.42787221363	0.997402058966	0.754785248913	2.04181507008	0.905943228613	0.784479154181	0.454381333978	0.46951218463	1.91183737554	1.32612287579	0.92864219913	0.681695060416	0.157399579507	0.0	1.82906479942	0.832039560174	0.381453310778	0.451116230063	0.627507351377	0.841712247463	0.712737829869	0.564233697438	0.482202832286	0.547526592557	1.3344718753	1.10097428226	0.613240589657	0.822295070082	0.656436872885	0.984268231029	0.826428231029	1.36391521991	1.30937093765	0.855068144031	0.812710821653	0.70133838086	1.33458857419	1.07589903818	1.25316394877	1.15251261479	1.13688458676	1.22168461576	0.894021353311	0.900568231029	0.861504209763	0.930983644273	0.736680894152	1.21564240213	0.782038066699	1.14124088932	0.617551904302	1.05338621073
AE7	1.35402268729	1.47698420976	1.90776801353	1.30764963751	1.29584458192	1.70881868052	1.23044062832	1.74515839536	1.89620175447	1.31729945384	1.98906837119	1.4385080957	1.60861036733	1.61725961817	1.49114398743	1.40888508458	1.7826319623	1.79195966167	1.07062884485	1.12719204447	1.41347246979	1.49225123731	1.85683969067	1.82906479942	0.0	1.02397371677	1.78678079749	1.66114715805	1.40739298212	1.28457639923	1.56476804253	1.55721763654	1.83525746254	1.83406715805	1.69434459159	1.67494301595	1.90684347511	1.50886150314	1.84433808603	1.36672657322	1.54482247463	1.44016509425	1.44632139198	1.45280019333	2.01330929918	1.95910111165	1.73973351861	1.86790907685	1.6114457419	1.65940284679	1.96654087965	1.82446830353	1.65433704688	1.69842716288	1.80810163364	1.62633943451	1.55802557757	1.73028507492	1.51864895602	1.72259124698	1.67986526825	1.81332541324
AE8	0.577012711455	0.604241638473	2.15528290962	0.884051483809	0.779324485259	0.768122247463	0.849783557274	0.77393078782	0.926090309328	0.596409758337	1.02737998067	0.636505263412	0.700458564524	1.79850938134	0.721328733688	0.56353460609	0.839775384244	0.853169453842	1.43457897535	0.893420019333	0.709627907202	0.597033257612	0.86079161914	0.832039560174	1.02397371677	0.0	0.812457733204	0.707516669889	0.622085877235	0.570897549541	0.773100328661	0.679082643789	0.86334421943	0.860115103915	1.07792751087	0.886213726438	0.954272716288	0.693434804253	0.894896123731	0.622100483325	0.649534490092	1.14632751087	1.09216929918	0.638092547124	1.11025153214	1.04243267279	1.13652126148	1.10541268246	0.929252643789	0.967319105848	1.22704541324	1.16339922668	0.846379763171	0.914479458676	0.983624349928	0.860932522958	0.677946370227	1.0811539101	0.646050144998	1.00204472209	0.729995166747	1.04902880619
AF7	0.792913479942	0.726284746254	2.36357028033	1.05990347511	1.05219405027	0.53281980667	1.17574847269	0.508227544708	0.450465384244	0.876127211213	0.514286220396	0.857828168197	0.617245084582	2.01234260996	0.784067849203	0.687696399227	0.345115737071	0.362193354277	1.82088960367	1.24136500242	0.897552049299	0.508235708072	0.357191923635	0.381453310778	1.78678079749	0.812457733204	0.0	0.230427472209	0.616657066216	0.79246680522	0.667831169647	0.517171773804	0.399123102948	0.46652340261	1.1786762639	0.935134881585	0.543456945384	0.737161942968	0.552518003867	0.874000333494	0.678923146448	1.34229931851	1.2822841711	0.740607651039	0.809330086999	0.689854552924	1.21917481875	0.978402856452	1.09507953117	1.03206499758	1.03266652972	1.11042327211	0.760074857419	0.805232977284	0.769833412276	0.823358579024	0.57305542291	1.08476416143	0.621605480909	1.01233064282	0.48597580957	0.948254233929
AF8	0.692692387627	0.708380531658	2.28331242629	0.981285070082	1.03707660222	0.529865567907	1.06393094732	0.501088936684	0.510138956017	0.777813658772	0.631306839053	0.848891242146	0.611996906718	1.92336692122	0.741813852102	0.643981135814	0.429879091348	0.423994707588	1.72984712905	1.15420222813	0.745808414693	0.38108722088	0.417575935234	0.451116230063	1.66114715805	0.707516669889	0.230427472209	0.0	0.53767517158	0.690483450942	0.641948869019	0.461847694538	0.435097941034	0.459988902852	1.17918279845	0.931666742388	0.618312750121	0.698976085065	0.564338699855	0.827530657322	0.667636273562	1.24708548574	1.18980498308	0.702685940068	0.838149864669	0.721265292412	1.2402520348	1.00442565974	1.07235469792	1.04078491058	1.05688986467	1.12736076849	0.780337921701	0.829197984534	0.806669671339	0.848892817786	0.525388211696	1.11006695505	0.560281981634	1.02843741904	0.504109178347	0.972953083615
AG7	0.722187346544	0.649596099565	1.9384922958	0.63875961334	0.864054876752	0.637760439826	0.901773475109	0.53410940551	0.646222643789	0.635875770904	0.7919479942	0.752424702755	0.667530483325	1.57683991783	0.647845437409	0.66716057999	0.723508066699	0.743786505558	1.41730245529	0.810625732238	0.558997573707	0.423070057999	0.653018221363	0.627507351377	1.40739298212	0.622085877235	0.616657066216	0.53767517158	0.0	0.296280120831	0.779488815853	0.644094736588	0.586852261962	0.661834929918	1.23980610923	0.950748893185	0.873285969067	0.485133750604	0.791562126631	0.792468970517	0.68361701305	0.973591155147	0.903781343644	0.503877767037	1.02118956984	0.922244562591	1.33114521508	1.12318399227	1.14304768487	1.12209715321	1.24291781537	1.22396858386	0.875567196713	0.939917080715	0.968325500242	0.934244335428	0.623319845336	1.21252598357	0.628379415176	1.10263134364	0.649448622523	1.07750727888
AG8	0.658384934751	0.67691178347	1.80882285645	0.586636553891	0.844337462542	0.803275234413	0.754553412276	0.734673131948	0.881452295795	0.612009260512	1.00859179797	0.745332837119	0.782222522958	1.44286942484	0.673602136298	0.680396466892	0.892179864669	0.91825378927	1.1806622958	0.619472387627	0.563662721121	0.569103044949	0.852632484292	0.841712247463	1.28457639923	0.570897549541	0.79246680522	0.690483450942	0.296280120831	0.0	0.88593780087	0.785526437893	0.82190956984	0.848508293862	1.22217533591	0.988463368777	1.02857236346	0.501421536974	0.953004557757	0.766350705655	0.737086027066	0.881854659256	0.845874369261	0.53974499275	1.17885265829	1.07921748188	1.31195077815	1.23365072499	1.12599341228	1.17446195263	1.35519844853	1.31677231029	0.981230961817	1.05436753504	1.08402169647	1.01248542291	0.747482179797	1.23401809087	0.707905461576	1.18966313195	0.786833634606	1.18921053166
AH7	0.753666408893	0.879026123731	2.44238139198	1.24369943934	1.1621438086	0.759205466409	1.18014709522	0.827782329628	0.890500720155	0.939833064282	0.859589434509	1.0164781682	0.837309913001	2.10048543741	1.01253417593	0.760489328178	0.655613528275	0.630080966651	1.72697400677	1.22824381827	0.852942029966	0.647535645239	0.690629453842	0.712737829869	1.56476804253	0.773100328661	0.667831169647	0.641948869019	0.779488815853	0.88593780087	0.0	0.292367216046	0.851775384244	0.874292136298	1.17034947318	1.02251192847	0.804801261479	0.954111565974	0.779807462542	0.94064901885	0.828180202997	1.44999092315	1.41730388594	0.944413794103	0.971868767521	0.88965942001	1.27144035283	1.063159942	1.17067452876	1.02937861286	1.14068583857	1.15627380377	0.838799154181	0.829325403577	0.85589261479	0.83830778637	0.739109618173	1.15121326245	0.775462257129	1.01535999517	0.693351106815	1.0255057419
AH8	0.660432832286	0.732025277912	2.40174069116	1.10633115031	1.00956726438	0.573329879169	1.09533782987	0.635693518608	0.718558540358	0.81309419043	0.725081657806	0.864829279845	0.675704282262	2.04342371194	0.860896868052	0.59695160464	0.439108477525	0.420820913485	1.67141485259	1.14941172064	0.772305708072	0.49870262929	0.547689188014	0.564233697438	1.55721763654	0.679082643789	0.517171773804	0.461847694538	0.644094736588	0.785526437893	0.292367216046	0.0	0.667504214596	0.671233504108	1.14901662156	0.944330860319	0.69294497825	0.832077022716	0.597161126148	0.814312928951	0.676423823103	1.36915967617	1.3187600725	0.809085418076	0.864522924118	0.743055915901	1.15571929435	0.933574572257	1.04956782504	0.918585480909	0.994391952634	1.04683192363	0.689871725471	0.707152928951	0.708321338811	0.715583972934	0.566859357177	1.02597935718	0.603377003383	0.907341942968	0.520991720638	0.903944267762
AA5	0.843877327211	0.668744639923	2.28361234896	1.03018232479	0.965695645239	0.484070642823	1.17701682455	0.350213547608	0.250114519091	0.871328980184	0.448183668439	0.769278221363	0.620850758821	1.92908438859	0.685697554374	0.755170753987	0.448597274045	0.439674949251	1.87320256646	1.30101165297	0.86464817303	0.59698959884	0.452346665056	0.482202832286	1.83525746254	0.86334421943	0.399123102948	0.435097941034	0.586852261962	0.82190956984	0.851775384244	0.667504214596	0.0	0.283283943934	1.22101099565	0.917820942484	0.612169589174	0.628549840503	0.600914910585	0.828972890285	0.646173711938	1.21785911551	1.15282118415	0.618944209763	0.806756679555	0.659982875785	1.30191036249	1.05882841469	1.08468647173	1.08751947801	1.12612224746	1.19834464476	0.8119179797	0.879651082649	0.834677066216	0.898462783954	0.623564567424	1.17941767521	0.672196703722	1.05527406477	0.547813131948	1.03556082649
AA6	0.832969246013	0.638094886419	2.3833577912	1.08405704688	0.939691652972	0.406884282262	1.15652843403	0.345038003867	0.345616104398	0.848423914935	0.469930434993	0.73640921218	0.542613591107	2.01870109232	0.68684218463	0.724073131948	0.502597950701	0.480463977767	1.90614998067	1.32519812953	0.895611884969	0.606472518125	0.533067941034	0.547526592557	1.83406715805	0.860115103915	0.46652340261	0.459988902852	0.661834929918	0.848508293862	0.874292136298	0.671233504108	0.283283943934	0.0	1.08272246979	0.800364374094	0.53425939101	0.650508371194	0.490393286612	0.828849246013	0.586308830353	1.31045205897	1.23977431126	0.65071641856	0.589337597873	0.447051507975	1.17903043983	0.933079966167	0.96005722088	0.934710797487	1.00257403093	1.06386873369	0.68255582407	0.757254775254	0.719237675205	0.760854548091	0.620860062832	1.04066110681	0.67749502175	0.911052721121	0.499416592557	0.908979917835
AB5	1.08099799903	0.906522682455	2.53599915901	1.31807603673	0.845974142098	0.987739144514	1.19149499275	1.04860755921	1.15349988884	0.972072493958	1.1775937071	0.798552194297	0.982146442726	2.18001118898	1.01193179797	0.99078522958	1.19449367327	1.17275734171	1.86823329145	1.3797498695	1.2801701885	1.11686897535	1.33704486225	1.3344718753	1.69434459159	1.07792751087	1.1786762639	1.17918279845	1.23980610923	1.22217533591	1.17034947318	1.14901662156	1.22101099565	1.08272246979	0.0	0.393864958917	0.930623262446	1.06946360077	0.901089357177	0.84099338811	0.849648110198	1.52240957951	1.45429591107	0.988973494442	1.00918344128	0.970011280812	0.872328105365	0.965767278879	0.750450004833	0.772464180764	1.06987757371	0.955020144998	0.82464142581	0.877990584824	0.938651261479	0.870215654906	1.03742013533	0.856459719671	1.03974739971	0.792830135331	1.00005340744	0.923559729338
AB6	0.894172141131	0.651092870952	2.44096552924	1.15815662639	0.733055195747	0.717888724021	1.03887769937	0.750148264862	0.87657500725	0.815010125665	0.965837728371	0.552073692605	0.731613489609	2.07718962301	0.757899270179	0.778606544224	0.990366172064	0.977189347511	1.80064305462	1.2673279362	1.07573756404	0.829222527791	1.11014558724	1.10097428226	1.67494301595	0.886213726438	0.935134881585	0.931666742388	0.950748893185	0.988463368777	1.02251192847	0.944330860319	0.917820942484	0.800364374094	0.393864958917	0.0	0.74987979217	0.769804702755	0.718772692122	0.703413117448	0.619336694055	1.36886371194	1.2905222523	0.679871019816	0.785700840986	0.756302551957	0.79932421943	0.768820821653	0.565875195747	0.577080275495	0.876336761721	0.783066863219	0.62374280812	0.704729076849	0.75040838086	0.702926655389	0.778669869502	0.706094277429	0.775204151764	0.579492087965	0.77629457709	0.718837419043
AC5	0.924355828903	0.736735456742	2.6167860464	1.31736552441	0.99985702755	0.539867327211	1.27061300628	0.575968646689	0.528226428226	0.967108351861	0.477786713388	0.776171735138	0.713950952151	2.25393338811	0.896758434026	0.820290589657	0.515454499758	0.469643929435	1.97106391977	1.42174707105	1.13979944418	0.838511338811	0.614590077332	0.613240589657	1.90684347511	0.954272716288	0.543456945384	0.618312750121	0.873285969067	1.02857236346	0.804801261479	0.69294497825	0.612169589174	0.53425939101	0.930623262446	0.74987979217	0.0	0.814699565007	0.372622276462	0.883283890768	0.671112967617	1.57501783954	1.49619497825	0.793943494442	0.524186578057	0.451124712421	0.974028690188	0.728586520058	0.900472532624	0.806046698888	0.764432165297	0.822274001933	0.583830024166	0.566903359111	0.52009622523	0.632943557274	0.755308443693	0.847511150314	0.793758153697	0.773146737554	0.576386839053	0.690003600773
AC6	0.788735693572	0.546392460126	1.96630012083	0.693643939101	0.717692551957	0.665875253746	0.712587390043	0.531040227163	0.720164697922	0.53281499275	0.857320633156	0.621121420976	0.651617796037	1.61184630256	0.516707066216	0.663927757371	0.820081391977	0.834043900435	1.48968093282	0.916060758821	0.727479879169	0.615264920251	0.846400961817	0.822295070082	1.50886150314	0.693434804253	0.737161942968	0.698976085065	0.485133750604	0.501421536974	0.954111565974	0.832077022716	0.628549840503	0.650508371194	1.06946360077	0.769804702755	0.814699565007	0.0	0.788439801837	0.669611855969	0.5695200145	0.799130396327	0.715337791203	0.299826568391	1.00708100048	0.912611710971	1.19182786854	1.09903125665	0.973291517641	1.01397905268	1.19076429676	1.14767674722	0.818428129531	0.930501551474	0.960007187047	0.862655679072	0.65239478492	1.07926517641	0.630656703722	1.02317961334	0.670532329628	1.05324844369
AD6	0.824567626873	0.633826442726	2.54153874335	1.17582550991	0.89921681972	0.435342150797	1.17657096182	0.480313069116	0.522390202997	0.877325466409	0.505834325761	0.674516292895	0.58657298695	2.17575706622	0.790877162881	0.710828902852	0.512776399227	0.473364224263	1.91533603673	1.35985685839	1.02558898018	0.713808685355	0.653828931851	0.656436872885	1.84433808603	0.894896123731	0.552518003867	0.564338699855	0.791562126631	0.953004557757	0.779807462542	0.597161126148	0.600914910585	0.490393286612	0.901089357177	0.718772692122	0.372622276462	0.788439801837	0.0	0.773853842436	0.481901430643	1.47603288545	1.4122719478	0.755845577574	0.603402735621	0.508540744321	0.893721831803	0.657752943451	0.804651580474	0.689715732238	0.722335137748	0.785182938618	0.450096969551	0.488462000967	0.469567810536	0.529874852586	0.610729772837	0.756360483325	0.660607544708	0.677085311745	0.414443160947	0.636670826486
AE5	0.554068052199	0.494935500242	2.27622330594	0.898749308845	0.612943644273	0.738114253262	0.822781295312	0.722775292412	0.921722643789	0.559521077815	1.00760695988	0.553835045916	0.661071237313	1.90760248913	0.599993325278	0.461826321895	0.872521657806	0.87567300145	1.45147942968	0.988889840503	0.941310729821	0.753818477525	1.00693088449	0.984268231029	1.36672657322	0.622100483325	0.874000333494	0.827530657322	0.792468970517	0.766350705655	0.94064901885	0.814312928951	0.828972890285	0.828849246013	0.84099338811	0.703413117448	0.883283890768	0.669611855969	0.773853842436	0.0	0.347356578057	1.15559312711	1.08487432576	0.580235853069	1.11385237313	1.04098143064	0.928916244563	0.906478501692	0.758441662639	0.75306640406	1.03087710971	0.937111464476	0.623546771387	0.710735031416	0.815842300628	0.646946974384	0.554676423393	0.847682319961	0.531035645239	0.788134881585	0.651203247946	0.854081150314
AE6	0.552948699855	0.361510860319	2.34141362011	0.938958956017	0.654020019333	0.4907260174	0.909483499275	0.518573890768	0.675935935234	0.612816118898	0.751237351377	0.507499927501	0.437949207347	1.97098169647	0.527533044949	0.414126853552	0.68731738521	0.672580492992	1.62024471725	1.09167182214	0.899511561141	0.634473972934	0.839253687772	0.826428231029	1.54482247463	0.649534490092	0.678923146448	0.667636273562	0.68361701305	0.737086027066	0.828180202997	0.676423823103	0.646173711938	0.586308830353	0.849648110198	0.619336694055	0.671112967617	0.5695200145	0.481901430643	0.347356578057	0.0	1.23482739488	1.16714649589	0.490613707105	0.892956568391	0.805540734654	0.895383629773	0.772926534558	0.678602870952	0.653164335428	0.89655980667	0.829338646689	0.464026713388	0.561496075399	0.626876510391	0.510298448526	0.435476887385	0.756184929918	0.438750251329	0.679856950217	0.419247781537	0.730044262929
AF5	1.21239827936	1.15034637506	1.34086413726	0.604295427743	1.09280933784	1.34359467859	0.777999023683	1.19697965201	1.30044902368	0.948859637506	1.48480517158	1.1609322813	1.27160882069	0.986730483325	1.03361162397	1.22004524891	1.43943711455	1.47614376027	0.989883760271	0.704581942968	1.12211701305	1.15591322861	1.37428724021	1.36391521991	1.44016509425	1.14632751087	1.34229931851	1.24708548574	0.973591155147	0.881854659256	1.44999092315	1.36915967617	1.21785911551	1.31045205897	1.52240957951	1.36886371194	1.57501783954	0.799130396327	1.47603288545	1.15559312711	1.23482739488	0.0	0.149017196713	0.935604688255	1.70096920251	1.60848801353	1.68733832286	1.65059678105	1.51128143064	1.57594863702	1.75438549058	1.72687647173	1.45634046883	1.56216013533	1.60254359594	1.50928986467	1.20276141131	1.66141248913	1.16941783954	1.60118536008	1.33778650556	1.62717968101
AF6	1.19255737071	1.09074100048	1.40132693088	0.543437757371	1.02546348961	1.28656697438	0.769652817786	1.13130673755	1.24856730304	0.886415074915	1.42731842436	1.10190241179	1.21748248913	1.04834351377	0.977994804253	1.16539506042	1.38869046399	1.42270097632	1.01193753504	0.648090062832	1.11738301595	1.09681465926	1.32599930401	1.30937093765	1.44632139198	1.09216929918	1.2822841711	1.18980498308	0.903781343644	0.845874369261	1.41730388594	1.3187600725	1.15282118415	1.23977431126	1.45429591107	1.2905222523	1.49619497825	0.715337791203	1.4122719478	1.08487432576	1.16714649589	0.149017196713	0.0	0.869963257612	1.63411816336	1.5379180667	1.62008321411	1.59685279845	1.43821660706	1.5051919333	1.69303794103	1.65419130981	1.39696179314	1.49904801353	1.53435678105	1.44652511841	1.14361814403	1.59111683905	1.11195417593	1.52614384244	1.27059621073	1.57474578057
AG5	0.689509241179	0.435250744321	2.08547117448	0.765442880619	0.585862145964	0.58089160464	0.741637863702	0.525528419526	0.708716447559	0.504493325278	0.835537573707	0.474965505075	0.568874958917	1.72288760271	0.438487921701	0.562637950701	0.786744374094	0.789370246496	1.5163219913	0.951300850652	0.734987085549	0.612894465926	0.866920531658	0.855068144031	1.45280019333	0.638092547124	0.740607651039	0.702685940068	0.503877767037	0.53974499275	0.944413794103	0.809085418076	0.618944209763	0.65071641856	0.988973494442	0.679871019816	0.793943494442	0.299826568391	0.755845577574	0.580235853069	0.490613707105	0.935604688255	0.869963257612	0.0	0.986668680522	0.899110903818	1.07015947318	0.989713929435	0.848415302078	0.888748221363	1.10443902368	1.03318651522	0.693847699372	0.82163942001	0.884307491542	0.739634243596	0.589365770904	0.96511781537	0.567470898985	0.892461503142	0.614927733204	0.937727907202
