	AA3	AA4	AB3	AB4	AC3	AC4	AD3	AD4	AE3	AE4	AF3	AF4	AG3	AG4	AH3	AH4	AA7	AA8	AB7	AB8	AC7	AC8	AD7	AD8	AE7	AE8	AF7	AF8	AG7	AG8	AH7	AH8	AA5	AA6	AB5	AB6	AC5	AC6	AD6	AE5	AE6	AF5	AF6	AG5	AH5	AH6	AA1	AA2	AB1	AB2	AC1	AC2	AD1	AD2	AE1	AE2	AF1	AF2	AG1	AG2	AH1	AH2
AA3	0.0	0.560134142098	2.24828407927	1.0003522958	0.865944378927	0.71999858869	0.932698066699	0.711769304012	0.887602266796	0.727790425326	0.946918081199	0.762604586757	0.675031609473	1.90141697438	0.751700657322	0.274930956984	0.75875641856	0.684821483809	1.41721127115	1.06965474625	0.79282459159	0.60914260029	0.867714857419	0.847206752054	1.40242695505	0.559843992267	0.739538269696	0.592827699372	0.707445640406	0.681574514258	0.724925345578	0.66630298695	0.822634156597	0.769001087482	1.12120615273	0.916037892702	0.931361493475	0.78143280812	0.765257119381	0.60588698405	0.60179539391	1.26976750604	1.21043841953	0.722481019816	1.0917799565	0.969688757854	1.02267681972	0.947861623973	0.929655490575	0.898952131464	1.06540295312	1.00532045916	0.648327491542	0.718935698405	0.769225036249	0.685932305462	0.510120565491	0.927817520541	0.532148873852	0.893675190913	0.613333020783	0.947729473175
AA4	0.560134142098	0.0	2.22363243113	0.90057579507	0.579694277429	0.531925113581	0.907189946834	0.496647941034	0.708679608507	0.627071198647	0.820025698405	0.453727583374	0.443814954084	1.87482235863	0.255897380377	0.362610521991	0.6780760029	0.699799695505	1.50578327695	1.05064208313	0.872903199613	0.691330971484	0.86748221363	0.848646655389	1.48395422426	0.624664137264	0.676551831803	0.647369313678	0.651707564041	0.699703813436	0.879465123248	0.736448738521	0.604149951667	0.598214746254	0.950272774287	0.692229173514	0.774260729821	0.525583325278	0.5845639826	0.486077472209	0.409415123248	1.17578349444	1.0829518753	0.420175074915	0.953288762687	0.823130778154	0.942472034799	0.797137912035	0.727048327695	0.79015239246	0.924321918801	0.889882469792	0.588669608507	0.657201884969	0.684342648623	0.640333040116	0.475205669406	0.842754630256	0.426460280329	0.758125427743	0.495948719188	0.792565355244
AB3	2.24828407927	2.22363243113	0.0	1.43715681972	2.1798659449	2.37179768971	1.88328516191	2.28310381344	2.36172034316	2.09098787337	2.52429351861	2.27976381344	2.31805541808	0.39357081682	2.16096453359	2.23041929918	2.47533643789	2.48841651522	1.22794036733	1.47472513775	1.97734483325	2.19907304012	2.41682045433	2.4137842871	1.91043872885	2.16711869502	2.38403659739	2.2997560609	1.87337818753	1.7785439101	2.44449481875	2.44787333011	2.28031725955	2.34135851619	2.56937688255	2.46741974867	2.62203864186	1.96897676172	2.51023369744	2.30802960367	2.40760072015	1.30374882069	1.36073205897	2.09563362494	2.72007274529	2.61611866602	2.67225232479	2.68393364911	2.52351022233	2.64714115031	2.77459753987	2.72643876752	2.56162416626	2.61414878685	2.60870957951	2.59996932818	2.31792749638	2.67856401643	2.28659649106	2.65614084582	2.39504229096	2.6817637216
AB4	1.0003522958	0.90057579507	1.43715681972	0.0	0.926557216046	1.03986888352	0.779779043016	0.984471343644	1.16825810053	0.822084432093	1.2465862784	0.975235877235	0.91044417593	1.06927737071	0.877254596423	0.901960053166	1.18400517641	1.18179425326	0.958794741421	0.485091391977	0.913459188014	0.962051193813	1.17587305945	1.16419449493	1.29572498308	0.917568960851	1.14455892702	1.0520237071	0.632588559691	0.57862759304	1.26574627356	1.19072064766	1.06370637506	1.08148281779	1.39786107782	1.23599741904	1.37278779604	0.719078163364	1.19903885935	1.00425561624	1.08928246979	0.585401967134	0.51074219913	0.817527699372	1.47253663122	1.34015970034	1.4698678202	1.41526694055	1.28924304012	1.39243690672	1.53345139198	1.49149065732	1.24561362011	1.3156182697	1.33169429676	1.29775161914	1.02645038666	1.43502859836	1.00424726921	1.36850079749	1.09088593523	1.40538510391
AC3	0.865944378927	0.579694277429	2.1798659449	0.926557216046	0.0	0.724561256646	0.876027365877	0.829803446109	0.950375036249	0.654015983567	1.07622781537	0.348822469792	0.779968052199	1.83321807637	0.644240270662	0.693599801837	0.957252561624	0.976715635573	1.41433208313	1.02317158531	1.04817926535	1.01634973417	1.22261851136	1.20315687289	1.30821113098	0.82555297245	1.01526934751	0.999029265346	0.882898516191	0.877454523925	1.15877747704	1.02261478009	0.932955355244	0.953518100532	0.85941282262	0.753609830836	1.00156025616	0.700457341711	0.838423044949	0.622129236346	0.670207670372	1.16455572257	1.08828773804	0.562628434026	1.18264099082	1.0501681682	0.886753552441	0.946510729821	0.764443697438	0.873107733204	1.07287255196	0.969818651522	0.716335292412	0.823994615756	0.853291986467	0.795003895602	0.812226926051	0.896043707105	0.746895311745	0.900776341228	0.832803798937	0.920262290962
AC4	0.71999858869	0.531925113581	2.37179768971	1.03986888352	0.724561256646	0.0	1.13306918318	0.381685224746	0.488416331561	0.806288907685	0.428227361044	0.472641570807	0.410711445143	2.01995275979	0.639536732721	0.651446442726	0.551702034799	0.561396312228	1.75288507492	1.25744320445	0.909954364427	0.574800444659	0.686132750121	0.673060082165	1.67267298695	0.70631759304	0.557535688739	0.552423958434	0.683090589657	0.77812701305	0.78717582407	0.632251918801	0.476432522958	0.429643059449	0.992911836636	0.684474789754	0.592456785887	0.625848342194	0.438581865636	0.704018400193	0.437702469792	1.34313738521	1.25615299662	0.529029120348	0.717874697922	0.587797602707	1.04022832286	0.80691958434	0.766652261962	0.823083528275	0.896243252779	0.950352000967	0.548016094732	0.637556945384	0.66556478492	0.581484301595	0.588094001933	0.935598506525	0.595154915418	0.747241503142	0.394148284195	0.802268361527
AD3	0.932698066699	0.907189946834	1.88328516191	0.779779043016	0.876027365877	1.13306918318	0.0	1.0510941856	1.35635081199	0.409437858869	1.41073235863	0.941162150797	1.07991836636	1.53645628806	0.853261672305	0.889809265346	1.24705959884	1.20719831319	1.25342342194	0.795532136298	0.930227694538	1.00037303045	1.34835240213	1.30012691638	1.21280892702	0.884803305945	1.19370397293	1.08769863219	0.908939743838	0.791673711938	1.20510769454	1.15943123248	1.22118546641	1.15440466409	1.22385618656	1.10441232479	1.32570150314	0.738003537941	1.19285241179	0.866135326245	1.01128089415	0.813662759787	0.76473	0.808757017883	1.47459198163	1.33630215563	1.38197120348	1.38316322861	1.16753071532	1.27524523925	1.4939841131	1.43969079265	1.18016783954	1.23394938618	1.27236432093	1.22788756887	0.987654253262	1.32724123248	0.974036684389	1.28603751087	1.13897849203	1.36299791203
AD4	0.711769304012	0.496647941034	2.28310381344	0.984471343644	0.829803446109	0.381685224746	1.0510941856	0.0	0.349169850169	0.707585287579	0.515895853069	0.65231557274	0.477077307878	1.93381308362	0.577816244563	0.622138666022	0.506733668439	0.535912740454	1.74273022233	1.24018893185	0.862748144031	0.516170347994	0.53397818753	0.504787365877	1.70159563074	0.709994543258	0.467616515225	0.457408835186	0.565401246979	0.714477757371	0.779172261962	0.592135403577	0.29279300145	0.32669961334	1.12418811986	0.78349561624	0.594134548091	0.553805437409	0.458440024166	0.677574093765	0.496995437409	1.23984081199	1.15286321895	0.509056413726	0.728984900918	0.593857452876	1.15551256162	0.901983987434	0.900242735621	0.960337926535	0.947956578057	1.0645642726	0.669012329628	0.718896515225	0.736720043499	0.685300285162	0.565707974867	1.06003458676	0.570271498308	0.863179294345	0.438651691638	0.906380062832
AE3	0.887602266796	0.708679608507	2.36172034316	1.16825810053	0.950375036249	0.488416331561	1.35635081199	0.349169850169	0.0	1.00433030449	0.382353919768	0.772551377477	0.634550831319	2.02269236829	0.766156515225	0.85386520058	0.544092740454	0.649220077332	1.94656287579	1.45334103432	1.03151638956	0.686115703238	0.48395622523	0.49380558724	1.94157195747	0.955362653456	0.515781541808	0.570600289995	0.751368071532	0.925852440793	0.930470753987	0.756412068632	0.284280821653	0.398311802803	1.18562495892	0.869833644273	0.528001701305	0.783926935718	0.526323881102	0.939125161914	0.63733120348	1.36636551957	1.27852320928	0.72789502175	0.716496133398	0.597623020783	1.22185068632	0.957676486225	0.994370459159	1.04403230063	0.998651580474	1.12783287579	0.740988501692	0.794219163847	0.798024354761	0.75629838086	0.755334741421	1.13202749154	0.765334997583	0.940234122765	0.588935374577	0.969916031899
AE4	0.727790425326	0.627071198647	2.09098787337	0.822084432093	0.654015983567	0.806288907685	0.409437858869	0.707585287579	1.00433030449	0.0	1.0856018753	0.66244522958	0.790156215563	1.7452179652	0.617072735621	0.620838753021	0.927831522475	0.886292547124	1.4160159739	0.932703934268	0.772237288545	0.728166104398	1.03001837119	0.992341865636	1.31239346544	0.623055297245	0.871029294345	0.771524059932	0.658922890285	0.648432092798	0.949171150314	0.843142759787	0.880961962301	0.827519536008	0.990998685355	0.842019415176	0.994372044466	0.522476186564	0.864300314161	0.596010526825	0.699956935718	0.992423296278	0.905076462059	0.516544543258	1.15321796037	1.02581587724	1.1216822668	1.11472063316	0.919686660222	1.02239359594	1.24333702272	1.19482434026	0.906386065732	0.949217945868	0.960978806187	0.94598479942	0.70417101015	1.0789821943	0.692984238763	1.01745769937	0.822950241663	1.09377217496
AF3	0.946918081199	0.820025698405	2.52429351861	1.2465862784	1.07622781537	0.428227361044	1.41073235863	0.515895853069	0.382353919768	1.0856018753	0.0	0.833408487192	0.685779192847	2.17568372644	0.903897249879	0.932871377477	0.488274403093	0.543284253262	1.9995878637	1.50387539874	1.08671152731	0.768938197197	0.378229159014	0.392406563557	1.98683061382	0.998212039633	0.510329961334	0.632966331561	0.862062271629	1.01103366844	0.839774562591	0.700744093765	0.462754838086	0.518290294828	1.21978976317	0.952313750604	0.468322455292	0.864233847269	0.503771875302	0.986609521508	0.700880637989	1.522940174	1.43878137264	0.803950198163	0.684339400677	0.573408849686	1.22781797487	0.963754707588	1.08167213146	1.04138048816	0.991235331078	1.10750712421	0.776192648623	0.762198690188	0.797201599807	0.725386056066	0.842173098115	1.09987990333	0.861156012566	0.949419739004	0.58191420493	0.967033615273
AF4	0.762604586757	0.453727583374	2.27976381344	0.975235877235	0.348822469792	0.472641570807	0.941162150797	0.65231557274	0.772551377477	0.66244522958	0.833408487192	0.0	0.589674388594	1.92665924118	0.540917104882	0.587318927018	0.811868767521	0.815141739971	1.56633255196	1.0817778637	0.933650541324	0.816358419526	1.04438684872	1.0202321508	1.42520176897	0.645686423393	0.846092957951	0.827226350894	0.79912420493	0.807651541808	0.996844277429	0.86935060899	0.753333078782	0.747209366844	0.822796336394	0.589880546158	0.786921884969	0.618515297245	0.69771857419	0.563105790237	0.550450768487	1.22290843886	1.14098733688	0.472376075399	0.960480270662	0.821620043499	0.867470454326	0.833915326245	0.636361449976	0.73306421943	0.964335640406	0.89951181247	0.592155886902	0.699858757854	0.744589700338	0.678001928468	0.695101256646	0.814817554374	0.644128704688	0.749310140164	0.663780275495	0.81192662639
AG3	0.675031609473	0.443814954084	2.31805541808	0.91044417593	0.779968052199	0.410711445143	1.07991836636	0.477077307878	0.634550831319	0.790156215563	0.685779192847	0.589674388594	0.0	1.94934203963	0.491458250362	0.573366974384	0.546332977284	0.577167274045	1.68798595457	1.19332503142	0.911871416143	0.626025374577	0.710106795553	0.711840633156	1.5982579652	0.661273272112	0.554166727888	0.582944635089	0.672827274045	0.769496689222	0.822678598357	0.668607955534	0.568530241663	0.520807467376	1.01743359594	0.736965045916	0.720433798937	0.623949250846	0.544001962301	0.660045234413	0.452042034799	1.29374481875	1.20975347994	0.53768217013	0.875779685839	0.737487143548	1.00589739971	0.800513349444	0.781184287095	0.822079574674	0.934507728371	0.915978728855	0.572031242146	0.652486486225	0.708760483325	0.62033839536	0.493000246496	0.930423088449	0.482399381344	0.76598560174	0.385812150797	0.797864668922
AG4	1.90141697438	1.87482235863	0.39357081682	1.06927737071	1.83321807637	2.01995275979	1.53645628806	1.93381308362	2.02269236829	1.7452179652	2.17568372644	1.92665924118	1.94934203963	0.0	1.81889995167	1.88154960367	2.13138235379	2.14249374094	0.966031261479	1.14295872885	1.63308751087	1.85077487675	2.07729047849	2.06787132431	1.63653636056	1.82099779604	2.04367552441	1.95354854036	1.53913641856	1.43478793137	2.11982544224	2.10190777187	1.93899496858	1.99110002417	2.2314482697	2.12165561141	2.28222467376	1.62607452876	2.16207149348	1.95753425326	2.05713899952	0.977070840986	1.03427149831	1.74739232963	2.37268167714	2.26527770904	2.31864806187	2.3318121218	2.17338526341	2.29404730788	2.42635361527	2.37634546641	2.2079339971	2.26149972934	2.26611571774	2.24635254712	1.9682158869	2.32597969551	1.9399539681	2.30119449493	2.05358436926	2.33421695505
AH3	0.751700657322	0.255897380377	2.16096453359	0.877254596423	0.644240270662	0.639536732721	0.853261672305	0.577816244563	0.766156515225	0.617072735621	0.903897249879	0.540917104882	0.491458250362	1.81889995167	0.0	0.535198941518	0.73510662639	0.790030473659	1.51773926535	1.03885294828	0.896018733688	0.766291967134	0.907504601257	0.900719656839	1.47913764621	0.707420628323	0.750191909135	0.744570444659	0.664397269212	0.710420546158	0.986413765104	0.842909956501	0.646772890285	0.657756679555	1.01801765587	0.782056249396	0.872948472692	0.525022851619	0.716633281779	0.579206781054	0.546691324311	1.10025344128	1.00531324795	0.450089555341	1.06303276462	0.927544678589	1.03567111648	0.900898695022	0.805135103915	0.896636104398	1.02066216046	0.998318951184	0.73649181247	0.799744610923	0.807508110198	0.789493591107	0.57535060899	0.948286085065	0.525813542774	0.863627332044	0.609445490575	0.898817196713
AH4	0.274930956984	0.362610521991	2.23041929918	0.901960053166	0.693599801837	0.651446442726	0.889809265346	0.622138666022	0.85386520058	0.620838753021	0.932871377477	0.587318927018	0.573366974384	1.88154960367	0.535198941518	0.0	0.714835669406	0.671923702272	1.39437697922	1.0172978347	0.844257433543	0.666142663122	0.856891324311	0.834961072982	1.36226821653	0.520704915418	0.695663426776	0.62751242146	0.681455166747	0.686699826003	0.796578003867	0.660854514258	0.752646099565	0.722824562591	1.02475170614	0.818679492508	0.896178385694	0.654710454326	0.697580942484	0.45266497825	0.51995438376	1.20570286129	1.12065274045	0.602288728855	1.06183322378	0.937940381827	0.926422933784	0.855750985984	0.83227101015	0.821494881585	0.974957863702	0.924069782504	0.594344780087	0.653424422426	0.709463881102	0.635076350894	0.410726727888	0.845956684389	0.395497762204	0.815399932334	0.583382498792	0.848295287579
AA7	0.75875641856	0.6780760029	2.47533643789	1.18400517641	0.957252561624	0.551702034799	1.24705959884	0.506733668439	0.544092740454	0.927831522475	0.488274403093	0.811868767521	0.546332977284	2.13138235379	0.73510662639	0.714835669406	0.0	0.218556877719	1.79453896085	1.32933632673	1.01191487192	0.62274020783	0.456112716288	0.471526505558	1.76582973417	0.814790289995	0.323595558241	0.438266118898	0.782097651039	0.908707713871	0.643858690188	0.411080468826	0.470683837603	0.4798660029	1.18238558724	0.946906993717	0.537658482359	0.81075578057	0.449238535524	0.843739719671	0.629235118415	1.46543254712	1.38682382794	0.777011609473	0.751405857902	0.618691855969	1.11073459159	0.865195161914	1.02283646206	0.983176341228	0.89107540841	1.0025539391	0.672645331078	0.663000246496	0.690193218946	0.641464789753	0.568477129048	0.987449125181	0.566623020783	0.880775911068	0.436691817303	0.870473905268
AA8	0.684821483809	0.699799695505	2.48841651522	1.18179425326	0.976715635573	0.561396312228	1.20719831319	0.535912740454	0.649220077332	0.886292547124	0.543284253262	0.815141739971	0.577167274045	2.14249374094	0.790030473659	0.671923702272	0.218556877719	0.0	1.74989015466	1.30344261962	0.948917472209	0.567858815853	0.472621522475	0.484924630256	1.67547719671	0.730930541324	0.367449990333	0.392410758821	0.752883721605	0.877799893668	0.532067351377	0.305669951667	0.568259275012	0.540772382794	1.19011583374	0.960870289995	0.577862281295	0.855137510875	0.479577162881	0.822892576124	0.647228960851	1.4877859739	1.40613898502	0.813536307395	0.785745355244	0.657244886419	1.1153839971	0.877811536974	1.03413348478	0.961721522475	0.903973910101	1.00600099565	0.659915132914	0.665734069599	0.70594297245	0.61691218463	0.553000918318	0.98781419043	0.573002692122	0.872728090865	0.457787187047	0.880187003383
AB7	1.41721127115	1.50578327695	1.22794036733	0.958794741421	1.41433208313	1.75288507492	1.25342342194	1.74273022233	1.94656287579	1.4160159739	1.9995878637	1.56633255196	1.68798595457	0.966031261479	1.51773926535	1.39437697922	1.79453896085	1.74989015466	0.0	0.544622160464	1.49526334461	1.59871513775	1.91165273079	1.88694965201	1.0554878637	1.40176902852	1.76417687772	1.65098454809	1.30826474142	1.15179755921	1.69305000483	1.69093398743	1.81405492992	1.82717936684	1.85884409377	1.80210155631	1.96520269212	1.43983484775	1.82860405993	1.46026697438	1.64580051716	0.989889265346	0.981906694055	1.47445116965	2.12927	2.02577868536	1.88626	1.92896337361	1.81190681005	1.83477418076	2.03309157564	1.94600214113	1.7625557564	1.79787011116	1.80509365877	1.79040264862	1.57489911551	1.87687889319	1.55385914935	1.86199521025	1.72999716771	1.91699295312
AB8	1.06965474625	1.05064208313	1.47472513775	0.485091391977	1.02317158531	1.25744320445	0.795532136298	1.24018893185	1.45334103432	0.932703934268	1.50387539874	1.0817778637	1.19332503142	1.14295872885	1.03885294828	1.0172978347	1.32933632673	1.30344261962	0.544622160464	0.0	1.03965778154	1.1134242291	1.41240217013	1.38437625906	1.12066289029	0.935955558241	1.26984609473	1.15883046883	0.794077293378	0.663131551474	1.27571326728	1.26020495408	1.329700087	1.33089165781	1.41582470759	1.32271006767	1.48433017883	0.948726027066	1.36770719671	1.05781704205	1.21152951184	0.695888941518	0.661364243596	0.974659797003	1.65568886419	1.53142663606	1.54660632673	1.52555455292	1.38022630256	1.43994756404	1.63699946834	1.58088632189	1.37736929435	1.41403894152	1.42448571774	1.406929739	1.15860024166	1.51547536008	1.14040996133	1.46234739488	1.24851484292	1.50910359111
AC7	0.79282459159	0.872903199613	1.97734483325	0.913459188014	1.04817926535	0.909954364427	0.930227694538	0.862748144031	1.03151638956	0.772237288545	1.08671152731	0.933650541324	0.911871416143	1.63308751087	0.896018733688	0.844257433543	1.01191487192	0.948917472209	1.49526334461	1.03965778154	0.0	0.505232924118	1.00440318028	0.962669719671	1.41514002417	0.692069647173	0.941642532624	0.794242189464	0.583948820686	0.577969893668	0.882223238279	0.850690169164	0.902246056066	0.883595451909	1.29131295795	1.14429361044	1.17308115515	0.764226544224	1.05981644273	0.962639163847	0.990317568874	1.17157913485	1.11292501208	0.780346336394	1.12178173514	1.03891779604	1.48121483809	1.41744021266	1.23832876269	1.31745219913	1.53702544708	1.5026739246	1.12819204447	1.18475808603	1.24246434026	1.16023864669	0.920563600773	1.41925836153	0.904430662156	1.30441880619	0.913863441276	1.40964253262
AC8	0.60914260029	0.691330971484	2.19907304012	0.962051193813	1.01634973417	0.574800444659	1.00037303045	0.516170347994	0.686115703238	0.728166104398	0.768938197197	0.816358419526	0.626025374577	1.85077487675	0.766291967134	0.666142663122	0.62274020783	0.567858815853	1.59871513775	1.1134242291	0.505232924118	0.0	0.628201672305	0.59627157564	1.53734651039	0.587678095698	0.494333455776	0.335070202997	0.506907950701	0.596147380377	0.599118221363	0.49690561624	0.55639439826	0.557461474142	1.1751241711	0.870174490092	0.804440507492	0.690565857902	0.682729830836	0.812430357661	0.685959869502	1.22241997583	1.14452971	0.684290628323	0.87909901885	0.778387539874	1.30935083615	1.07069652972	1.01654134848	1.05896360561	1.17038820203	1.21771172064	0.800213861769	0.846779023683	0.895725954567	0.803092653456	0.57486701305	1.19057265829	0.608770082165	0.972990695988	0.535515949734	1.06523333978
AD7	0.867714857419	0.86748221363	2.41682045433	1.17587305945	1.22261851136	0.686132750121	1.34835240213	0.53397818753	0.48395622523	1.03001837119	0.378229159014	1.04438684872	0.710106795553	2.07729047849	0.907504601257	0.856891324311	0.456112716288	0.472621522475	1.91165273079	1.41240217013	1.00440318028	0.628201672305	0.0	0.145966007733	1.90002383277	0.876142658289	0.395837061382	0.484912851619	0.73006878202	0.885847544708	0.73306257129	0.578743953601	0.483540323828	0.537625640406	1.36906418076	1.09147372644	0.629850270662	0.879302754954	0.641747298212	1.02032433543	0.831507863702	1.4312641131	1.34344091348	0.892474369261	0.806281773804	0.687631764137	1.35345118415	1.09434840019	1.2253920493	1.2072777187	1.11220201547	1.25224899468	0.91163737071	0.88743300145	0.914687916868	0.857891329145	0.731866007733	1.24962338811	0.769796346061	1.102009826	0.602802696955	1.09719137748
AD8	0.847206752054	0.848646655389	2.4137842871	1.16419449493	1.20315687289	0.673060082165	1.30012691638	0.504787365877	0.49380558724	0.992341865636	0.392406563557	1.0202321508	0.711840633156	2.06787132431	0.900719656839	0.834961072982	0.471526505558	0.484924630256	1.88694965201	1.38437625906	0.962669719671	0.59627157564	0.145966007733	0.0	1.84081142581	0.81325318028	0.377651111648	0.471220347994	0.712434876752	0.866202310295	0.704027254712	0.555868076365	0.495086486225	0.514479758337	1.34339093282	1.06010498308	0.597924030933	0.840429845336	0.626661213146	0.990994093765	0.802311058482	1.42138931851	1.33731464476	0.856351648139	0.777914528758	0.664554330594	1.33333838086	1.08422059449	1.19086499758	1.16926192847	1.10255633639	1.24139892702	0.873757839536	0.863601889802	0.895844838086	0.831289101015	0.730499275012	1.22679448043	0.759671942968	1.0635118028	0.595384345094	1.08604834703
AE7	1.40242695505	1.48395422426	1.91043872885	1.29572498308	1.30821113098	1.67267298695	1.21280892702	1.70159563074	1.94157195747	1.31239346544	1.98683061382	1.42520176897	1.5982579652	1.63653636056	1.47913764621	1.36226821653	1.76582973417	1.67547719671	1.0554878637	1.12066289029	1.41514002417	1.53734651039	1.90002383277	1.84081142581	0.0	1.05277471725	1.75322508942	1.63034012566	1.36732167231	1.31346884485	1.57283663122	1.60264157081	1.81255286612	1.78119302078	1.71969246979	1.7314661624	1.92734368294	1.48454040116	1.81249410826	1.39341794103	1.63001637506	1.46633139681	1.44923277912	1.4594982407	2.02497094248	1.90224882069	1.71889510391	1.84075834219	1.66855362011	1.68935237796	1.97238069599	1.81982826486	1.67748743838	1.70181672789	1.72265666989	1.6991518753	1.56871124215	1.73354831319	1.543649971	1.76587455776	1.69421411793	1.82219506525
AE8	0.559843992267	0.624664137264	2.16711869502	0.917568960851	0.82555297245	0.70631759304	0.884803305945	0.709994543258	0.955362653456	0.623055297245	0.998212039633	0.645686423393	0.661273272112	1.82099779604	0.707420628323	0.520704915418	0.814790289995	0.730930541324	1.40176902852	0.935955558241	0.692069647173	0.587678095698	0.876142658289	0.81325318028	1.05277471725	0.0	0.761045413243	0.644193760271	0.613298516191	0.584930434993	0.72718898985	0.67879560174	0.832897017883	0.790889014016	1.11241520058	0.919676578057	0.946204915418	0.690939545674	0.843665490575	0.646806732721	0.711793276945	1.20937333494	1.12600682939	0.65509722088	1.09504697438	0.978080376994	1.14958765587	1.06928353794	0.94140040116	0.998629105848	1.19305459159	1.17411870952	0.850935157081	0.888773639439	0.911450604157	0.872058820686	0.668973044949	1.09571048333	0.665847143548	0.973841522475	0.717467124215	1.06803333011
AF7	0.739538269696	0.676551831803	2.38403659739	1.14455892702	1.01526934751	0.557535688739	1.19370397293	0.467616515225	0.515781541808	0.871029294345	0.510329961334	0.846092957951	0.554166727888	2.04367552441	0.750191909135	0.695663426776	0.323595558241	0.367449990333	1.76417687772	1.26984609473	0.941642532624	0.494333455776	0.395837061382	0.377651111648	1.75322508942	0.761045413243	0.0	0.240632000967	0.681298081199	0.804343098115	0.628889840503	0.480405529241	0.446015732238	0.46463420493	1.15640429676	0.886424601257	0.530226471725	0.754107452876	0.481562358627	0.818895413243	0.61886242146	1.39752344611	1.31444377477	0.729592242629	0.749330850652	0.635171077815	1.17066906718	0.93271380377	1.00197967617	0.998579323345	0.947211169647	1.0752779072	0.717034490092	0.732897573707	0.767920512325	0.705937892702	0.575318786854	1.05470101015	0.578530729821	0.89542579507	0.42596478492	0.93146262929
AF8	0.592827699372	0.647369313678	2.2997560609	1.0520237071	0.999029265346	0.552423958434	1.08769863219	0.457408835186	0.570600289995	0.771524059932	0.632966331561	0.827226350894	0.582944635089	1.95354854036	0.744570444659	0.62751242146	0.438266118898	0.392410758821	1.65098454809	1.15883046883	0.794242189464	0.335070202997	0.484912851619	0.471220347994	1.63034012566	0.644193760271	0.240632000967	0.0	0.592599516675	0.712259874335	0.586605079749	0.436208898018	0.489116162397	0.495760144998	1.15386279362	0.894463571774	0.633904533591	0.738841387144	0.505061541808	0.77993441276	0.615056510391	1.30851187047	1.22575148381	0.722617660706	0.839148448526	0.726064006767	1.18681982117	0.953085514741	0.982024552924	1.00707435959	0.973755360077	1.096140058	0.697129845336	0.741499753504	0.785857317545	0.698356640889	0.502357931368	1.07089061382	0.544448153697	0.902133349444	0.423296128565	0.950746027066
AG7	0.707445640406	0.651707564041	1.87337818753	0.632588559691	0.882898516191	0.683090589657	0.908939743838	0.565401246979	0.751368071532	0.658922890285	0.862062271629	0.79912420493	0.672827274045	1.53913641856	0.664397269212	0.681455166747	0.782097651039	0.752883721605	1.30826474142	0.794077293378	0.583948820686	0.506907950701	0.73006878202	0.712434876752	1.36732167231	0.613298516191	0.681298081199	0.592599516675	0.0	0.234562194297	0.809343049783	0.731207032383	0.652278627356	0.701372266796	1.27063964234	0.943738264862	0.950122252296	0.504240710488	0.811066075399	0.82275477042	0.74786019333	0.967230642823	0.862934267762	0.510489753504	1.07704262929	0.958862740454	1.33815988884	1.15067573224	1.1012258869	1.15833116965	1.26863343644	1.25211011116	0.935497472209	0.970249961334	0.988175867569	0.955555606573	0.696788371194	1.24571904302	0.683241483809	1.11245915901	0.717772803287	1.14218337844
AG8	0.681574514258	0.699703813436	1.7785439101	0.57862759304	0.877454523925	0.77812701305	0.791673711938	0.714477757371	0.925852440793	0.648432092798	1.01103366844	0.807651541808	0.769496689222	1.43478793137	0.710420546158	0.686699826003	0.908707713871	0.877799893668	1.15179755921	0.663131551474	0.577969893668	0.596147380377	0.885847544708	0.866202310295	1.31346884485	0.584930434993	0.804343098115	0.712259874335	0.234562194297	0.0	0.901211198647	0.853191768971	0.814980434993	0.817182107298	1.2676320058	1.03340311745	1.06880229096	0.509095915901	0.931463214113	0.818646708555	0.843239120348	0.898833832769	0.816207945868	0.566456268729	1.19292593523	1.07239080232	1.34100127115	1.24440784437	1.15068279362	1.24336403577	1.36551270179	1.34462432093	1.03755855486	1.06908805703	1.08422441276	1.05818273079	0.788702126631	1.28599075882	0.772995799903	1.20682022233	0.812802363461	1.23662333978
AH7	0.724925345578	0.879465123248	2.44449481875	1.26574627356	1.15877747704	0.78717582407	1.20510769454	0.779172261962	0.930470753987	0.949171150314	0.839774562591	0.996844277429	0.822678598357	2.11982544224	0.986413765104	0.796578003867	0.643858690188	0.532067351377	1.69305000483	1.27571326728	0.882223238279	0.599118221363	0.73306257129	0.704027254712	1.57283663122	0.72718898985	0.628889840503	0.586605079749	0.809343049783	0.901211198647	0.0	0.28217380377	0.868173518608	0.843818148864	1.18628062349	1.02119160947	0.807726336394	0.970739130015	0.757971019816	0.935462856452	0.816978516191	1.49585847753	1.4232801885	0.944895258579	0.954186336394	0.880932769454	1.27722156597	1.04948873852	1.16689831319	1.05354040599	1.13505519091	1.18384767037	0.863247143548	0.81528497825	0.84390940551	0.807828458192	0.755737307878	1.15900632673	0.786086795553	0.981235123248	0.702476249396	1.0566218463
AH8	0.66630298695	0.736448738521	2.44787333011	1.19072064766	1.02261478009	0.632251918801	1.15943123248	0.592135403577	0.756412068632	0.843142759787	0.700744093765	0.86935060899	0.668607955534	2.10190777187	0.842909956501	0.660854514258	0.411080468826	0.305669951667	1.69093398743	1.26020495408	0.850690169164	0.49690561624	0.578743953601	0.555868076365	1.60264157081	0.67879560174	0.480405529241	0.436208898018	0.731207032383	0.853191768971	0.28217380377	0.0	0.681142914451	0.639931643306	1.13826881102	0.918388777187	0.663265002417	0.85536359594	0.575710884485	0.82300681972	0.681339086515	1.4556861624	1.37300053649	0.826603040116	0.794942034799	0.702566109232	1.16106635089	0.926047858869	1.0402679217	0.942261034316	0.962876118898	1.06215818753	0.707366089898	0.681120309328	0.721735998067	0.660266080232	0.59775218463	1.03731394393	0.628173204447	0.854941909135	0.523410768487	0.931920869985
AA5	0.822634156597	0.604149951667	2.28031725955	1.06370637506	0.932955355244	0.476432522958	1.22118546641	0.29279300145	0.284280821653	0.880961962301	0.462754838086	0.753333078782	0.568530241663	1.93899496858	0.646772890285	0.752646099565	0.470683837603	0.568259275012	1.81405492992	1.329700087	0.902246056066	0.55639439826	0.483540323828	0.495086486225	1.81255286612	0.832897017883	0.446015732238	0.489116162397	0.652278627356	0.814980434993	0.868173518608	0.681142914451	0.0	0.243549231513	1.21046818753	0.874727902368	0.608526853552	0.623871275979	0.547878284195	0.805262890285	0.614212643789	1.24697856936	1.15565202513	0.58656937651	0.743866505558	0.622065205413	1.27483025133	1.02124332044	1.01109485742	1.07877962784	1.05617132914	1.18178881585	0.773466955051	0.827757984534	0.84027641856	0.786607631706	0.631151860802	1.16905573707	0.623618467859	0.974659023683	0.515220990817	1.02614486709
AA6	0.769001087482	0.598214746254	2.34135851619	1.08148281779	0.953518100532	0.429643059449	1.15440466409	0.32669961334	0.398311802803	0.827519536008	0.518290294828	0.747209366844	0.520807467376	1.99110002417	0.657756679555	0.722824562591	0.4798660029	0.540772382794	1.82717936684	1.33089165781	0.883595451909	0.557461474142	0.537625640406	0.514479758337	1.78119302078	0.790889014016	0.46463420493	0.495760144998	0.701372266796	0.817182107298	0.843818148864	0.639931643306	0.243549231513	0.0	1.11453309812	0.806951275979	0.577546476559	0.612665418076	0.512407293378	0.761435437409	0.545799845336	1.3073422523	1.21038852586	0.595051841469	0.595442068632	0.464672107298	1.2081358869	0.959207419043	0.922197583374	0.975900497825	0.994114306428	1.11286676655	0.702966239729	0.766258854519	0.784623397777	0.722269690672	0.580547781537	1.09190303528	0.591754108265	0.882645567907	0.457604925085	0.965997008217
AB5	1.12120615273	0.950272774287	2.56937688255	1.39786107782	0.85941282262	0.992911836636	1.22385618656	1.12418811986	1.18562495892	0.990998685355	1.21978976317	0.822796336394	1.01743359594	2.2314482697	1.01801765587	1.02475170614	1.18238558724	1.19011583374	1.85884409377	1.41582470759	1.29131295795	1.1751241711	1.36906418076	1.34339093282	1.71969246979	1.11241520058	1.15640429676	1.15386279362	1.27063964234	1.2676320058	1.18628062349	1.13826881102	1.21046818753	1.11453309812	0.0	0.42407179797	0.974833504108	1.07409576124	0.986944035766	0.861424369261	0.87087778637	1.5960120928	1.51721098115	0.971199149348	0.977851706138	0.952697916868	0.825758912518	0.923669787337	0.738199062349	0.761769478009	1.0402978927	0.936290604157	0.81112579507	0.944028366361	0.92945102465	0.909038670855	1.0589921218	0.82372041566	1.0325940696	0.82226757854	1.02766242146	0.902228936684
AB6	0.916037892702	0.692229173514	2.46741974867	1.23599741904	0.753609830836	0.684474789754	1.10441232479	0.78349561624	0.869833644273	0.842019415176	0.952313750604	0.589880546158	0.736965045916	2.12165561141	0.782056249396	0.818679492508	0.946906993717	0.960870289995	1.80210155631	1.32271006767	1.14429361044	0.870174490092	1.09147372644	1.06010498308	1.7314661624	0.919676578057	0.886424601257	0.894463571774	0.943738264862	1.03340311745	1.02119160947	0.918388777187	0.874727902368	0.806951275979	0.42407179797	0.0	0.753500053166	0.798022948284	0.750282638956	0.724567631706	0.610692068632	1.43338766071	1.34856765104	0.664276592557	0.765586481392	0.725433823103	0.775377467376	0.689047655872	0.536168965684	0.561290720155	0.810984548091	0.760475693572	0.571046544224	0.742812170131	0.733565364911	0.701304301595	0.776824963751	0.701770212663	0.744383276945	0.58597138231	0.77397839536	0.670808496858
AC5	0.931361493475	0.774260729821	2.62203864186	1.37278779604	1.00156025616	0.592456785887	1.32570150314	0.594134548091	0.528001701305	0.994372044466	0.468322455292	0.786921884969	0.720433798937	2.28222467376	0.872948472692	0.896178385694	0.537658482359	0.577862281295	1.96520269212	1.48433017883	1.17308115515	0.804440507492	0.629850270662	0.597924030933	1.92734368294	0.946204915418	0.530226471725	0.633904533591	0.950122252296	1.06880229096	0.807726336394	0.663265002417	0.608526853552	0.577546476559	0.974833504108	0.753500053166	0.0	0.821684635089	0.438746307395	0.884513281779	0.616123170614	1.62364492992	1.52337143548	0.790588844853	0.507241904302	0.423154794587	1.01562149348	0.751805195747	0.874768332528	0.832483658772	0.762752295795	0.883814267762	0.587220662156	0.574810860319	0.573688859352	0.536942643789	0.77478301595	0.886203644273	0.793386259062	0.735626515225	0.592548656356	0.75497481392
AC6	0.78143280812	0.525583325278	1.96897676172	0.719078163364	0.700457341711	0.625848342194	0.738003537941	0.553805437409	0.783926935718	0.522476186564	0.864233847269	0.618515297245	0.623949250846	1.62607452876	0.525022851619	0.654710454326	0.81075578057	0.855137510875	1.43983484775	0.948726027066	0.764226544224	0.690565857902	0.879302754954	0.840429845336	1.48454040116	0.690939545674	0.754107452876	0.738841387144	0.504240710488	0.509095915901	0.970739130015	0.85536359594	0.623871275979	0.612665418076	1.07409576124	0.798022948284	0.821684635089	0.0	0.770145596907	0.632860246496	0.633186297728	0.841614417593	0.74328239246	0.299392783954	0.995355258579	0.881674045433	1.16401011116	1.06201700338	0.91173182697	1.03450312228	1.16953144998	1.1491220638	0.849749724505	0.915792276462	0.92475858869	0.895506350894	0.674510347994	1.06896554374	0.61923037216	1.0039439101	0.680386515225	1.06367189947
AD6	0.765257119381	0.5845639826	2.51023369744	1.19903885935	0.838423044949	0.438581865636	1.19285241179	0.458440024166	0.526323881102	0.864300314161	0.503771875302	0.69771857419	0.544001962301	2.16207149348	0.716633281779	0.697580942484	0.449238535524	0.479577162881	1.82860405993	1.36770719671	1.05981644273	0.682729830836	0.641747298212	0.626661213146	1.81249410826	0.843665490575	0.481562358627	0.505061541808	0.811066075399	0.931463214113	0.757971019816	0.575710884485	0.547878284195	0.512407293378	0.986944035766	0.750282638956	0.438746307395	0.770145596907	0.0	0.708106568391	0.365764635089	1.49142146448	1.39927343161	0.700466278395	0.652967631706	0.536382464959	0.905908042533	0.662799961334	0.82605080232	0.751164465926	0.707087409377	0.820974572257	0.493574789754	0.497396288062	0.522312817786	0.464026679555	0.588711324311	0.80831638956	0.603390662156	0.660367767037	0.39095081682	0.668621237313
AE5	0.60588698405	0.486077472209	2.30802960367	1.00425561624	0.622129236346	0.704018400193	0.866135326245	0.677574093765	0.939125161914	0.596010526825	0.986609521508	0.563105790237	0.660045234413	1.95753425326	0.579206781054	0.45266497825	0.843739719671	0.822892576124	1.46026697438	1.05781704205	0.962639163847	0.812430357661	1.02032433543	0.990994093765	1.39341794103	0.646806732721	0.818895413243	0.77993441276	0.82275477042	0.818646708555	0.935462856452	0.82300681972	0.805262890285	0.761435437409	0.861424369261	0.724567631706	0.884513281779	0.632860246496	0.708106568391	0.0	0.398918985017	1.23000206863	1.1473280812	0.56166260029	1.07174621556	0.957468018366	0.87115818753	0.832047361044	0.787046447559	0.750441358144	0.972530410826	0.906227539874	0.621217472209	0.658804248429	0.719707138714	0.641708057032	0.549409879169	0.815718182697	0.510158110198	0.766267394877	0.666915132914	0.819905853069
AE6	0.60179539391	0.409415123248	2.40760072015	1.08928246979	0.670207670372	0.437702469792	1.01128089415	0.496995437409	0.63733120348	0.699956935718	0.700880637989	0.550450768487	0.452042034799	2.05713899952	0.546691324311	0.51995438376	0.629235118415	0.647228960851	1.64580051716	1.21152951184	0.990317568874	0.685959869502	0.831507863702	0.802311058482	1.63001637506	0.711793276945	0.61886242146	0.615056510391	0.74786019333	0.843239120348	0.816978516191	0.681339086515	0.614212643789	0.545799845336	0.87087778637	0.610692068632	0.616123170614	0.633186297728	0.365764635089	0.398918985017	0.0	1.35087863702	1.26238515225	0.52217261479	0.786384262929	0.675312609956	0.854299482842	0.657604751087	0.670408864186	0.64222242146	0.788362087965	0.775691454809	0.41971118898	0.459164886419	0.508847322378	0.448206152731	0.423932759787	0.755888535524	0.426809255679	0.585236993717	0.440565978734	0.660141986467
AF5	1.26976750604	1.17578349444	1.30374882069	0.585401967134	1.16455572257	1.34313738521	0.813662759787	1.23984081199	1.36636551957	0.992423296278	1.522940174	1.22290843886	1.29374481875	0.977070840986	1.10025344128	1.20570286129	1.46543254712	1.4877859739	0.989889265346	0.695888941518	1.17157913485	1.22241997583	1.4312641131	1.42138931851	1.46633139681	1.20937333494	1.39752344611	1.30851187047	0.967230642823	0.898833832769	1.49585847753	1.4556861624	1.24697856936	1.3073422523	1.5960120928	1.43338766071	1.62364492992	0.841614417593	1.49142146448	1.23000206863	1.35087863702	0.0	0.153640135331	0.992163499275	1.72055449976	1.60543442726	1.71279964717	1.68099333494	1.55069067182	1.65191174964	1.78251359111	1.77269336878	1.5312977622	1.6066859014	1.61562749638	1.58661746254	1.27036044466	1.70245455776	1.24132054616	1.63490551957	1.38799817786	1.67815354761
AF6	1.21043841953	1.0829518753	1.36073205897	0.51074219913	1.08828773804	1.25615299662	0.76473	1.15286321895	1.27852320928	0.905076462059	1.43878137264	1.14098733688	1.20975347994	1.03427149831	1.00531324795	1.12065274045	1.38682382794	1.40613898502	0.981906694055	0.661364243596	1.11292501208	1.14452971	1.34344091348	1.33731464476	1.44923277912	1.12600682939	1.31444377477	1.22575148381	0.862934267762	0.816207945868	1.4232801885	1.37300053649	1.15565202513	1.21038852586	1.51721098115	1.34856765104	1.52337143548	0.74328239246	1.39927343161	1.1473280812	1.26238515225	0.153640135331	0.0	0.905867124215	1.63131014016	1.51591067666	1.63826787337	1.59268321411	1.4746441276	1.57542525375	1.69234203963	1.69399051716	1.44706609473	1.52371414693	1.52589076365	1.5035681247	1.18590922185	1.62687129048	1.15484028516	1.55576511358	1.29910967134	1.59737716288
AG5	0.722481019816	0.420175074915	2.09563362494	0.817527699372	0.562628434026	0.529029120348	0.808757017883	0.509056413726	0.72789502175	0.516544543258	0.803950198163	0.472376075399	0.53768217013	1.74739232963	0.450089555341	0.602288728855	0.777011609473	0.813536307395	1.47445116965	0.974659797003	0.780346336394	0.684290628323	0.892474369261	0.856351648139	1.4594982407	0.65509722088	0.729592242629	0.722617660706	0.510489753504	0.566456268729	0.944895258579	0.826603040116	0.58656937651	0.595051841469	0.971199149348	0.664276592557	0.790588844853	0.299392783954	0.700466278395	0.56166260029	0.52217261479	0.992163499275	0.905867124215	0.0	0.949679323345	0.828854349927	1.05432555341	0.939764045433	0.796411445143	0.887526616723	1.06459446109	1.0297758724	0.718108598357	0.786058748188	0.806016872885	0.763226191397	0.6337099855	0.95054481392	0.585221106815	0.869296906718	0.619667090382	0.939628318028
