	AA3	AA4	AB3	AB4	AC3	AC4	AD3	AD4	AE3	AE4	AF3	AF4	AG3	AG4	AH3	AH4	AA7	AA8	AB7	AB8	AC7	AC8	AD7	AD8	AE7	AE8	AF7	AF8	AG7	AG8	AH7	AH8	AA5	AA6	AB5	AB6	AC5	AC6	AD6	AE5	AE6	AF5	AF6	AG5	AH5	AH6	AA1	AA2	AB1	AB2	AC1	AC2	AD1	AD2	AE1	AE2	AF1	AF2	AG1	AG2	AH1	AH2
AA3	0.0	0.512447293378	2.25789188014	0.972318458192	0.840298071532	0.670746433059	0.880446205897	0.711491478975	0.855303881102	0.663882711455	0.935893832769	0.705700236829	0.679056094732	1.93566150314	0.687329328178	0.189911290478	0.733220826486	0.756368695022	1.47202271145	1.11324492508	0.824424528758	0.636775828903	0.847148579024	0.84438499275	1.39134881585	0.598155621073	0.751964117931	0.612641691638	0.651801638473	0.662086524891	0.736771358144	0.632507486709	0.824246259062	0.809214741421	1.06328522958	0.856770662156	0.874585181247	0.745094485259	0.759146940551	0.589984528758	0.591610478492	1.24440409377	1.14108850169	0.685729681005	1.02724922185	1.05739195747	0.988023286612	0.87517341711	0.912940749154	0.79842441276	1.04881595457	0.905381706138	0.606209811503	0.66460319478	0.727228675689	0.601746848719	0.496880057999	0.831483658772	0.450925650072	0.831656771387	0.59795517158	0.873440265829
AA4	0.512447293378	0.0	2.22743251329	0.901776317061	0.634230236829	0.536342851619	0.850782846786	0.488405345578	0.687828013533	0.573815224746	0.846435799903	0.450103044949	0.462096988884	1.90556613823	0.274590038666	0.371913692605	0.695647675205	0.697788545191	1.54873842436	1.11777433543	0.862690652489	0.677094557757	0.886437612373	0.859704359594	1.49817347994	0.666497568874	0.695548211696	0.627536254229	0.639554499758	0.673778564524	0.893459879169	0.752658211696	0.611946843886	0.642427709038	0.927368898018	0.662568724021	0.765490280329	0.541911947801	0.643438013533	0.558365964234	0.433212774287	1.15659819236	1.03192100532	0.440171493475	0.91485542291	0.897150541324	0.96449337361	0.803694543258	0.755996781054	0.733916442726	0.980759371677	0.864632208797	0.592020526825	0.632189434509	0.691669473175	0.597846882552	0.416226384727	0.801885442243	0.421103044949	0.742753025616	0.46097358144	0.798120637989
AB3	2.25789188014	2.22743251329	0.0	1.43314257612	2.16219636056	2.37400475109	1.94496058966	2.26047511358	2.35326902368	2.09182261479	2.53095333978	2.22730444176	2.33584924118	0.363868985017	2.1394382407	2.27171551474	2.47045279362	2.51558342678	1.15553329628	1.40948754471	1.95021766554	2.15300072982	2.42262378444	2.40271915418	1.90110153697	2.11535962301	2.38285129048	2.30611923635	1.92704958434	1.80612150797	2.44025577574	2.39494449009	2.25374566941	2.37995484775	2.55278414693	2.44490053166	2.61304814886	1.96541619623	2.54850211696	2.27874113581	2.43477208313	1.31385646689	1.43090247946	2.08553533591	2.71200536491	2.66660833253	2.6799022813	2.68163304978	2.52371051232	2.58913234896	2.79644906235	2.71483248429	2.54743919768	2.60546542774	2.61908344611	2.55764511841	2.30355536008	2.65176033349	2.28112874335	2.6155822233	2.38816290478	2.68369553891
AB4	0.972318458192	0.901776317061	1.43314257612	0.0	0.909785799903	1.03662724021	0.809177327211	0.98209280812	1.15764197197	0.817503344611	1.24683121798	0.916647926535	0.93090878202	1.1015217593	0.876708569357	0.954269468342	1.187059855	1.23011333011	1.00991093282	0.567750159497	0.893363489609	0.951400744321	1.1899480522	1.16011483809	1.30836638473	0.904305369744	1.16365276462	1.05886262446	0.681527356211	0.602091981634	1.28313352827	1.17266136298	1.06727453842	1.13762480909	1.3814859014	1.22070652006	1.37561665056	0.746365248913	1.23761664089	0.954799381344	1.10823958917	0.601095679072	0.486465403577	0.813599284679	1.44224214113	1.41066688739	1.47320113581	1.40462573707	1.28972785887	1.33170394393	1.56676704688	1.45846394393	1.23990141614	1.31268160464	1.36097620106	1.26377680039	1.01492509908	1.38787685839	0.990290971484	1.33730151281	1.06945550507	1.40958857419
AC3	0.840298071532	0.634230236829	2.16219636056	0.909785799903	0.0	0.779418840019	0.827284731754	0.829852276462	1.03694734654	0.691619565007	1.11282935234	0.317930797487	0.843316167231	1.84357880135	0.695769797003	0.764353508942	1.01892335428	1.02400257129	1.42461378444	1.08042551957	1.07079130981	1.03923109715	1.28437732238	1.25723794103	1.28422348478	0.834096563557	1.08645580957	1.03548594007	0.904962706622	0.866785505075	1.20142115515	1.07205995167	0.989341488642	1.00861313195	0.856140265829	0.748304683422	1.02264532141	0.758886834219	0.904662189464	0.660351261479	0.722682856452	1.13405037216	1.00283920735	0.645453397777	1.19617371194	1.19883101498	0.899366481392	0.970287138714	0.779168941518	0.828666012566	1.14493669406	0.972728641856	0.777141996133	0.877380144998	0.921987462542	0.800828593523	0.80716698405	0.893545248913	0.787365258579	0.893137655872	0.850904301595	0.962249946834
AC4	0.670746433059	0.536342851619	2.37400475109	1.03662724021	0.779418840019	0.0	1.06290466409	0.38123502175	0.505967530208	0.753568922185	0.456752880619	0.517310459159	0.404748115031	2.05155518608	0.667638293862	0.602473189947	0.579047133881	0.530799091348	1.79938082165	1.34782821653	0.879481962301	0.605612837119	0.693117583374	0.691770072499	1.70045072499	0.767095993233	0.559682943451	0.538175519575	0.634587549541	0.75444217013	0.777315954567	0.639420154664	0.497437525375	0.415338719188	0.984767225713	0.716113934268	0.602585089415	0.641960096665	0.487740662156	0.749873716771	0.461203320445	1.32777453842	1.1997242146	0.530800599323	0.685654717255	0.670988356694	1.08148893668	0.838151913968	0.805036993717	0.797520734654	0.955725074915	0.93304937651	0.592167235379	0.603350555824	0.655598153697	0.59385078782	0.566674794587	0.895542841953	0.589873552441	0.728641126148	0.389385558241	0.825479768004
AD3	0.880446205897	0.850782846786	1.94496058966	0.809177327211	0.827284731754	1.06290466409	0.0	0.968386549058	1.26836940068	0.402489700338	1.36280721121	0.872545137748	1.06020036733	1.62657042533	0.802819487675	0.876632034799	1.19126356211	1.22407326728	1.3255561479	0.877885031416	0.857877356211	0.901808163364	1.29960230546	1.28394298212	1.20652637023	0.777524407927	1.192560174	1.06511954567	0.878339038183	0.746937718705	1.15293849203	1.06993552924	1.16504726438	1.15562287095	1.17002387627	1.00423210246	1.23287935234	0.709470367327	1.17950474625	0.758616186564	0.988666563557	0.850544287095	0.782224064766	0.750505398743	1.35728177864	1.36416888352	1.33917972934	1.33469430643	1.11517829386	1.14090118415	1.50777837119	1.35776077815	1.11168884485	1.21020913968	1.22538853069	1.11391209763	0.933942861286	1.26027223296	0.903015886902	1.20523544708	1.08270484775	1.31562835669
AD4	0.711491478975	0.488405345578	2.26047511358	0.98209280812	0.829852276462	0.38123502175	0.968386549058	0.0	0.338268941518	0.6367620203	0.551912861286	0.632928922185	0.464281454809	1.94444732721	0.570329323345	0.622024422426	0.580325712905	0.538492962784	1.77428529725	1.31436298695	0.838602745288	0.55693219913	0.606719845336	0.573515891735	1.71641883519	0.769447776704	0.495627293378	0.480270666989	0.513240541324	0.69447298695	0.806316070565	0.662240599323	0.314214316095	0.387746462059	1.10188583374	0.809624702755	0.606776698888	0.519612479459	0.499285128081	0.766356462059	0.526691082649	1.19613479942	1.06690039633	0.46160022233	0.716165495408	0.686081474142	1.16430427743	0.897915558241	0.9645300145	0.928379932334	0.986585596907	1.01579163847	0.719796244563	0.656080879652	0.689491706138	0.681521759304	0.556404103432	0.991938376027	0.59398818753	0.860345495408	0.457693040116	0.902150352827
AE3	0.855303881102	0.687828013533	2.35326902368	1.15764197197	1.03694734654	0.505967530208	1.26836940068	0.338268941518	0.0	0.931849057516	0.393149275012	0.834193687772	0.567269642339	2.04557853069	0.745997462542	0.79056101015	0.534540840986	0.496079313678	1.96636589657	1.51691079749	1.01038884485	0.720596839053	0.458349618173	0.454524523925	1.94165521025	0.999279463509	0.449676292895	0.51944582407	0.70314157564	0.897299956501	0.911446307395	0.758587433543	0.266769260512	0.326296602223	1.21512522475	0.956119608507	0.588508714355	0.736727955534	0.589000294828	1.01167381344	0.673663233446	1.33047319478	1.22578774287	0.684174306428	0.772382943451	0.666107390043	1.28855540358	1.01870715805	1.11469011116	1.0688101305	1.09464067666	1.14223568874	0.849073189947	0.784521092315	0.808611116481	0.809245596907	0.6966000145	1.1278682262	0.752893281779	0.991851034316	0.574267404543	1.03303582407
AE4	0.663882711455	0.573815224746	2.09182261479	0.817503344611	0.691619565007	0.753568922185	0.402489700338	0.6367620203	0.931849057516	0.0	1.04205912518	0.60096240696	0.772251701305	1.77346101498	0.561652000967	0.617290318995	0.887832160464	0.915464417593	1.46912884485	1.01764706622	0.722644581924	0.678329067182	0.977105480909	0.957103412276	1.33848955534	0.564433073949	0.869803185114	0.747550821653	0.597555679072	0.555501193813	0.940142160464	0.829701846303	0.840580096665	0.849807361044	1.00337695988	0.810417269212	0.940263146448	0.487687588207	0.871919357177	0.559255708072	0.719021996133	0.980803972934	0.850161159981	0.49604641856	1.08375400193	1.08556722571	1.12062825036	1.10405152731	0.920897554374	0.941003122281	1.283879797	1.13736063799	0.884744277429	0.943611077815	0.967064282262	0.870165306912	0.672989826003	1.03784920251	0.645419313678	0.991763156114	0.776643470275	1.08910963751
AF3	0.935893832769	0.846435799903	2.53095333978	1.24683121798	1.11282935234	0.456752880619	1.36280721121	0.551912861286	0.393149275012	1.04205912518	0.0	0.852112368294	0.66225059449	2.21316102948	0.951853765104	0.897153842436	0.529229342678	0.474121628806	2.06015664089	1.60661274529	1.08309873852	0.837792136298	0.402059366844	0.435877017883	2.01417523441	1.06783903335	0.504520425326	0.640105123248	0.8236580232	1.00340433059	0.866345954567	0.756490831319	0.485486607057	0.450107259546	1.2004857709	0.984605625906	0.481824968584	0.885464480425	0.495957254712	1.06718361044	0.695098820686	1.51249125665	1.39429288062	0.812507071049	0.668847849203	0.582395698405	1.23193312711	0.968054229096	1.11486921701	1.02318116481	1.04091072499	1.06485443693	0.786836761721	0.715008704688	0.756938748188	0.743464586757	0.852203731271	1.05261123731	0.889024847753	0.947811551474	0.600870744321	0.959439975834
AF4	0.705700236829	0.450103044949	2.22730444176	0.916647926535	0.317930797487	0.517310459159	0.872545137748	0.632928922185	0.834193687772	0.60096240696	0.852112368294	0.0	0.636289951667	1.90489065249	0.547163272112	0.614097549541	0.826956268729	0.805309028516	1.54094171097	1.10179366844	0.900303528275	0.826044707588	1.06839271145	1.05675840503	1.4003479217	0.655991353311	0.883201522475	0.832296041566	0.754435775737	0.72236239246	1.00393993717	0.890375582407	0.776839565007	0.776769748671	0.819969980667	0.58802861769	0.810184693088	0.631069714838	0.730109516675	0.597072363461	0.565314823586	1.16569882069	1.03434515225	0.495097844369	0.968417491542	0.959723446109	0.877082160464	0.835532107298	0.657363798937	0.69696462059	1.01430932818	0.869482426293	0.623269487675	0.715781372644	0.76562500725	0.653058917351	0.645734465926	0.78752918318	0.628543131948	0.734888704688	0.665427887869	0.817413716771
AG3	0.679056094732	0.462096988884	2.33584924118	0.93090878202	0.843316167231	0.404748115031	1.06020036733	0.464281454809	0.567269642339	0.772251701305	0.66225059449	0.636289951667	0.0	2.00363593523	0.513857718705	0.587974905752	0.547408724021	0.53953497825	1.77236558241	1.3159458434	0.93219542291	0.639135103915	0.727737694538	0.69738441276	1.66075364911	0.774214915418	0.570478066699	0.559094780087	0.658237269212	0.761009308845	0.823497892702	0.684362431126	0.553741406477	0.524664272595	1.01697366844	0.777029763171	0.710760976317	0.661235277912	0.574678985017	0.756003919768	0.452623847269	1.29818653939	1.17304606573	0.552009468342	0.780059014016	0.763430101498	1.05239112615	0.798204697922	0.840961696472	0.811260323828	0.958321928468	0.898029101015	0.619778704688	0.611602750121	0.678726549058	0.607705495408	0.473183876269	0.891280990817	0.531215113581	0.752103141614	0.37959539391	0.793153344611
AG4	1.93566150314	1.90556613823	0.363868985017	1.1015217593	1.84357880135	2.05155518608	1.62657042533	1.94444732721	2.04557853069	1.77346101498	2.21316102948	1.90489065249	2.00363593523	0.0	1.82398492508	1.94616091348	2.15946840986	2.20211059449	0.905719275012	1.09436923151	1.63629357177	1.83884937651	2.11411330111	2.09334942484	1.64862064282	1.80301149831	2.075310058	1.994429884	1.61308670855	1.4858219478	2.14124372644	2.08095317545	1.94714400193	2.06073	2.23855057032	2.1230241131	2.30037202997	1.65222714355	2.2317941566	1.95790579024	2.1124422668	1.00379772837	1.12060514258	1.76575199613	2.39523943451	2.34846121315	2.36192109715	2.36530902368	2.2069060899	2.2702019043	2.48529943934	2.39868057999	2.23386127115	2.28774269696	2.31032660222	2.24107461576	1.98842281779	2.33517673272	1.96697159014	2.29729886419	2.07286931851	2.36854248429
AH3	0.687329328178	0.274590038666	2.1394382407	0.876708569357	0.695769797003	0.667638293862	0.802819487675	0.570329323345	0.745997462542	0.561652000967	0.951853765104	0.547163272112	0.513857718705	1.82398492508	0.0	0.537571280812	0.735173489609	0.748934552924	1.54757553891	1.10779297728	0.864538960851	0.730847293378	0.933536708555	0.891748414693	1.48861698405	0.736679275012	0.754705954567	0.696800154664	0.64444537941	0.663792672789	0.97747479942	0.845897936201	0.669380024166	0.742341246979	1.02170029966	0.747085741904	0.892153919768	0.520777288545	0.790879826003	0.640155413243	0.602202455292	1.06086826003	0.948026858386	0.463068298695	1.03379872402	1.01060410826	1.07274542291	0.909327249879	0.857762363461	0.850453334944	1.08367922185	0.978829313678	0.751726631223	0.793630154664	0.832744509425	0.75413661189	0.492453649106	0.92315218463	0.499944403093	0.851587617206	0.596961271145	0.912611256646
AH4	0.189911290478	0.371913692605	2.27171551474	0.954269468342	0.764353508942	0.602473189947	0.876632034799	0.622024422426	0.79056101015	0.617290318995	0.897153842436	0.614097549541	0.587974905752	1.94616091348	0.537571280812	0.0	0.66749237796	0.690522179797	1.48752553407	1.12218583374	0.839581309812	0.633600343161	0.819875722571	0.80821340261	1.42203652972	0.609116133398	0.689867240213	0.583592711455	0.637788946351	0.667044320928	0.76025820203	0.636545224746	0.742509255679	0.72875659739	0.997963479942	0.770621053649	0.819699313678	0.656922962784	0.689220782987	0.518976940551	0.506518385694	1.23555318995	1.11565639923	0.588327544708	0.957846437893	0.982547472209	0.955641546641	0.829931512808	0.838660536491	0.737834939584	1.00218732238	0.869793305945	0.553955340744	0.611619173514	0.684023117448	0.558417452876	0.399921101982	0.794487544708	0.360487080715	0.764526853552	0.524603687772	0.825201164814
AA7	0.733220826486	0.695647675205	2.47045279362	1.187059855	1.01892335428	0.579047133881	1.19126356211	0.580325712905	0.534540840986	0.887832160464	0.529229342678	0.826956268729	0.547408724021	2.15946840986	0.735173489609	0.66749237796	0.0	0.166813107782	1.82025148381	1.39772754954	1.00282717255	0.685583914935	0.460229473175	0.455738743354	1.76452159014	0.856472058966	0.377272687289	0.400299318511	0.728960125665	0.872086259062	0.634604084099	0.430599449009	0.504862232963	0.532284615756	1.19675393427	0.995679202513	0.533628115031	0.830648912518	0.513668153697	0.90131518608	0.672842788787	1.44819234413	1.32730081199	0.799506602223	0.769846732721	0.681884905752	1.14582097148	0.904039560174	1.09610229096	0.982300657322	0.974108593523	0.989297989367	0.733877269212	0.657407617206	0.691469038183	0.680261488642	0.533269333011	0.963174470759	0.598705190913	0.925958371194	0.481639497342	0.895674161431
AA8	0.756368695022	0.697788545191	2.51558342678	1.23011333011	1.02400257129	0.530799091348	1.22407326728	0.538492962784	0.496079313678	0.915464417593	0.474121628806	0.805309028516	0.53953497825	2.20211059449	0.748934552924	0.690522179797	0.166813107782	0.0	1.87264576124	1.4377779217	0.995209540841	0.666468100532	0.47144260029	0.475416539391	1.78894692605	0.873388637023	0.34867857419	0.394564151764	0.740411609473	0.897921735138	0.620208037699	0.436974306428	0.475687588207	0.481835635573	1.15450314645	0.957941126148	0.479457887869	0.82714481392	0.468919589174	0.904036732721	0.653675094248	1.50027495408	1.37392886419	0.773026399227	0.696347689705	0.62391879652	1.13087747221	0.878769159014	1.06527614306	0.9503240116	0.940358018366	0.961602029966	0.689690686322	0.614259526341	0.650132083132	0.630736674722	0.590867167714	0.946963972934	0.621737486709	0.895366974384	0.434670913485	0.873084755921
AB7	1.47202271145	1.54873842436	1.15553329628	1.00991093282	1.42461378444	1.79938082165	1.3255561479	1.77428529725	1.96636589657	1.46912884485	2.06015664089	1.54094171097	1.77236558241	0.905719275012	1.54757553891	1.48752553407	1.82025148381	1.87264576124	0.0	0.516563218946	1.48146921218	1.59852001933	1.95628536491	1.94025560174	1.08991636056	1.39670730304	1.84293851619	1.70704160947	1.38775749638	1.19917735621	1.73476254712	1.67530744321	1.85836121798	1.92746134848	1.88816602707	1.80238275979	1.97282435476	1.48077000483	1.91197833253	1.4887281972	1.70949218463	0.97478320928	1.0388578637	1.54980748188	2.13009155631	2.13232071049	1.94671096665	1.97930020783	1.84681729338	1.84510480425	2.10766836153	1.99259548574	1.81727496858	1.86232379894	1.89077464476	1.81662708555	1.61719235863	1.91569966167	1.58214019333	1.88754244079	1.76811350411	1.96523471242
AB8	1.11324492508	1.11777433543	1.40948754471	0.567750159497	1.08042551957	1.34782821653	0.877885031416	1.31436298695	1.51691079749	1.01764706622	1.60661274529	1.10179366844	1.3159458434	1.09436923151	1.10779297728	1.12218583374	1.39772754954	1.4377779217	0.516563218946	0.0	1.03912647656	1.13332336394	1.50092426293	1.48205746738	1.11724641373	0.967627902368	1.38560520541	1.24554913001	0.908003837603	0.733757868536	1.33991727888	1.28113237313	1.40696399227	1.46984118415	1.48419238763	1.36007590623	1.53101653456	1.02904601257	1.48161520058	1.10084482359	1.2947797825	0.712061633639	0.714875679072	1.08946253262	1.69037214596	1.67775092798	1.63347252296	1.59780896568	1.4427419043	1.46238876752	1.73266029966	1.6381161334	1.44327100532	1.47866378927	1.50963173514	1.44324624456	1.21373769454	1.57278927018	1.19364012566	1.50265771387	1.31582115998	1.58192827453
AC7	0.824424528758	0.862690652489	1.95021766554	0.893363489609	1.07079130981	0.879481962301	0.857877356211	0.838602745288	1.01038884485	0.722644581924	1.08309873852	0.900303528275	0.93219542291	1.63629357177	0.864538960851	0.839581309812	1.00282717255	0.995209540841	1.48146921218	1.03912647656	0.0	0.431281942968	0.985570449493	0.979699574674	1.39476970034	0.656214117931	0.948077646206	0.813714079265	0.537678840019	0.542922431126	0.876575703238	0.796565384244	0.896455727405	0.926608086032	1.28441662156	1.07963833253	1.16323036733	0.721934625423	1.07672288545	0.962269047849	1.00048328178	1.12429071049	1.06507902368	0.732204572257	1.09276504108	1.10032455776	1.49332198647	1.40943639923	1.21395096182	1.25307611406	1.5710301305	1.45966834219	1.10824743838	1.16862839053	1.22083892702	1.12238124698	0.930656689222	1.37239123248	0.872644021266	1.25906119381	0.923021130981	1.39631083615
AC8	0.636775828903	0.677094557757	2.15300072982	0.951400744321	1.03923109715	0.605612837119	0.901808163364	0.55693219913	0.720596839053	0.678329067182	0.837792136298	0.826044707588	0.639135103915	1.83884937651	0.730847293378	0.633600343161	0.685583914935	0.666468100532	1.59852001933	1.13332336394	0.431281942968	0.0	0.690807887869	0.687665964234	1.50869807153	0.585219028516	0.554813470275	0.422115577574	0.437177854036	0.562098970517	0.631967167714	0.492860502658	0.610679458676	0.653254852586	1.16338759304	0.894710908652	0.848815297245	0.647399884002	0.756553963267	0.821707549541	0.712876524891	1.16286824553	1.09145355244	0.656620338328	0.875465050749	0.871594533591	1.33464142581	1.10133302562	1.06331757371	1.04703454809	1.25743116481	1.18534976317	0.837922837119	0.860714963751	0.922179313678	0.830456510391	0.602280894152	1.14719070082	0.603381498308	0.984297143548	0.593280947318	1.08618179797
AD7	0.847148579024	0.886437612373	2.42262378444	1.1899480522	1.28437732238	0.693117583374	1.29960230546	0.606719845336	0.458349618173	0.977105480909	0.402059366844	1.06839271145	0.727737694538	2.11411330111	0.933536708555	0.819875722571	0.460229473175	0.47144260029	1.95628536491	1.50092426293	0.985570449493	0.690807887869	0.0	0.163520724988	1.91624094248	0.936216698888	0.40444217013	0.481105157081	0.692835108748	0.883469081682	0.733867960367	0.612423257612	0.511861739971	0.545580729821	1.36664742871	1.15371943451	0.635367071049	0.86342362494	0.663905195747	1.07945398743	0.852373508942	1.41675900435	1.30358871919	0.883827336878	0.804549816336	0.71652178347	1.39272389077	1.1305239971	1.29193467376	1.20452048333	1.1837840406	1.23433468342	0.961880942484	0.848470285162	0.881565055582	0.903801749638	0.789876708555	1.22334262929	0.810008728855	1.13480270179	0.641592237796	1.12527331078
AD8	0.84438499275	0.859704359594	2.40271915418	1.16011483809	1.25723794103	0.691770072499	1.28394298212	0.573515891735	0.454524523925	0.957103412276	0.435877017883	1.05675840503	0.69738441276	2.09334942484	0.891748414693	0.80821340261	0.455738743354	0.475416539391	1.94025560174	1.48205746738	0.979699574674	0.687665964234	0.163520724988	0.0	1.87152480909	0.895301860802	0.398575790237	0.462414852586	0.676452034799	0.866845137748	0.752595703238	0.613599632673	0.48458840986	0.513153035283	1.37662333011	1.15344875302	0.645653441276	0.839709047849	0.670634378927	1.06753901402	0.830117646206	1.39781271145	1.27266874819	0.871295534074	0.810445389077	0.729409362011	1.39205082165	1.12687292895	1.27853565974	1.19406724021	1.18623493475	1.2359940551	0.961869188014	0.862269695505	0.898657873369	0.902626215563	0.7680959739	1.22737326245	0.791037138714	1.12492755437	0.626160937651	1.12371482842
AE7	1.39134881585	1.49817347994	1.90110153697	1.30836638473	1.28422348478	1.70045072499	1.20652637023	1.71641883519	1.94165521025	1.33848955534	2.01417523441	1.4003479217	1.66075364911	1.64862064282	1.48861698405	1.42203652972	1.76452159014	1.78894692605	1.08991636056	1.11724641373	1.39476970034	1.50869807153	1.91624094248	1.87152480909	0.0	1.01188461092	1.80649482842	1.6547161914	1.3978479507	1.28792683422	1.58073140648	1.56430142581	1.83432351377	1.86421646206	1.70380961817	1.6686498695	1.90425852102	1.49307707588	1.85527121315	1.33248869502	1.66536209763	1.47019423393	1.44810571774	1.49405355727	1.98841524408	2.01893889802	1.72206545191	1.83257304012	1.62100828903	1.63893111165	2.00391630256	1.80876254712	1.64628274529	1.73839942484	1.76312621073	1.64248051716	1.57234914451	1.7377660174	1.52387877719	1.75513669406	1.69854170614	1.82742513775
AE8	0.598155621073	0.666497568874	2.11535962301	0.904305369744	0.834096563557	0.767095993233	0.777524407927	0.769447776704	0.999279463509	0.564433073949	1.06783903335	0.655991353311	0.774214915418	1.80301149831	0.736679275012	0.609116133398	0.856472058966	0.873388637023	1.39670730304	0.967627902368	0.656214117931	0.585219028516	0.936216698888	0.895301860802	1.01188461092	0.0	0.858449666506	0.702805364911	0.623111333978	0.543898289029	0.752287008217	0.694543378444	0.892626355727	0.916025993233	1.10513361044	0.913362764621	0.976857003383	0.695390173997	0.937842223296	0.668072677622	0.800238849686	1.1437220638	1.04584061382	0.697603484775	1.10639966167	1.12930712421	1.1863457709	1.13710057032	0.970796863219	0.982256940551	1.30424434509	1.18861930884	0.882141314645	0.937851256646	0.989076756887	0.889051440309	0.732562561624	1.1077759449	0.697883513775	1.01464854519	0.775631295312	1.12297032866
AF7	0.751964117931	0.695548211696	2.38285129048	1.16365276462	1.08645580957	0.559682943451	1.192560174	0.495627293378	0.449676292895	0.869803185114	0.504520425326	0.883201522475	0.570478066699	2.075310058	0.754705954567	0.689867240213	0.377272687289	0.34867857419	1.84293851619	1.38560520541	0.948077646206	0.554813470275	0.40444217013	0.398575790237	1.80649482842	0.858449666506	0.0	0.237885635573	0.639397974867	0.801266350894	0.665140985984	0.539939386177	0.428012764621	0.441813301112	1.15796029966	0.928787510875	0.502831822136	0.723866268729	0.535619642339	0.913090956984	0.652869937168	1.38479141131	1.26093189464	0.720470657322	0.748402435959	0.66735679072	1.2131518028	0.966348728855	1.07709471725	1.00684398743	1.02199434993	1.06241694055	0.777585654906	0.714650212663	0.753953276945	0.732224364427	0.600268042533	1.03250471242	0.642198912518	0.938386254229	0.456729681005	0.955145495408
AF8	0.612641691638	0.627536254229	2.30611923635	1.05886262446	1.03548594007	0.538175519575	1.06511954567	0.480270666989	0.51944582407	0.747550821653	0.640105123248	0.832296041566	0.559094780087	1.994429884	0.696800154664	0.583592711455	0.400299318511	0.394564151764	1.70704160947	1.24554913001	0.813714079265	0.422115577574	0.481105157081	0.462414852586	1.6547161914	0.702805364911	0.237885635573	0.0	0.537574311261	0.695762909618	0.611309579507	0.446541532141	0.462756660222	0.484832895118	1.13281028516	0.909826814886	0.592158869019	0.692583426776	0.528006602223	0.826959289512	0.62083319478	1.30014954567	1.17316648139	0.698210077332	0.784135940068	0.757386341228	1.20080094732	0.957921063316	1.03907765587	0.983404171097	1.0207017448	1.05345545191	0.752651986467	0.699257849203	0.747910067666	0.722011536974	0.520383354277	1.0187558579	0.539376302562	0.922108941518	0.439344780087	0.940200188497
AG7	0.651801638473	0.639554499758	1.92704958434	0.681527356211	0.904962706622	0.634587549541	0.878339038183	0.513240541324	0.70314157564	0.597555679072	0.8236580232	0.754435775737	0.658237269212	1.61308670855	0.64444537941	0.637788946351	0.728960125665	0.740411609473	1.38775749638	0.908003837603	0.537678840019	0.437177854036	0.692835108748	0.676452034799	1.3978479507	0.623111333978	0.639397974867	0.537574311261	0.0	0.251767805703	0.790519685839	0.692189125181	0.595582783954	0.692608250362	1.23820078782	0.956860691155	0.885339434509	0.474765055582	0.791764867086	0.83444057999	0.724178632189	0.988336346061	0.862593977767	0.480396085065	0.992860314161	0.980063465442	1.3441241421	1.11983437893	1.13824502658	1.11152150797	1.27347855969	1.19349005317	0.887373238279	0.902199091348	0.955729318511	0.875506041566	0.658554581924	1.17094293862	0.64752940551	1.04111526825	0.657993939101	1.11645439343
AG8	0.662086524891	0.673778564524	1.80612150797	0.602091981634	0.866785505075	0.75444217013	0.746937718705	0.69447298695	0.897299956501	0.555501193813	1.00340433059	0.72236239246	0.761009308845	1.4858219478	0.663792672789	0.667044320928	0.872086259062	0.897921735138	1.19917735621	0.733757868536	0.542922431126	0.562098970517	0.883469081682	0.866845137748	1.28792683422	0.543898289029	0.801266350894	0.695762909618	0.251767805703	0.0	0.883622194297	0.785355983567	0.79613462059	0.8550839826	1.2204362494	0.974538927018	1.02401913001	0.469112000967	0.940879787337	0.801424760754	0.83062041566	0.888159647173	0.788975287579	0.533270154664	1.13278215563	1.11537879169	1.32255643306	1.21424075399	1.1127979072	1.12746309812	1.36769096665	1.27972262446	0.989750381827	1.00699236829	1.0576822958	0.984663455776	0.761814712421	1.20161284195	0.736024180764	1.12479782504	0.774132638956	1.20238715805
AH7	0.736771358144	0.893459879169	2.44025577574	1.28313352827	1.20142115515	0.777315954567	1.15293849203	0.806316070565	0.911446307395	0.940142160464	0.866345954567	1.00393993717	0.823497892702	2.14124372644	0.97747479942	0.76025820203	0.634604084099	0.620208037699	1.73476254712	1.33991727888	0.876575703238	0.631967167714	0.733867960367	0.752595703238	1.58073140648	0.752287008217	0.665140985984	0.611309579507	0.790519685839	0.883622194297	0.0	0.267385234413	0.883702015466	0.890761846303	1.16428881585	1.00722704688	0.797546621556	0.959552252296	0.796308593523	0.957121561141	0.837419507008	1.47138566941	1.38713033833	0.950542943451	0.928068902852	0.938082909618	1.29031233446	1.06017117448	1.16444244079	1.05069556791	1.18133690188	1.14801293862	0.859401546641	0.812524451426	0.831331904302	0.809325833736	0.777051126148	1.12447692122	0.794510251329	1.01575705172	0.707432290962	1.05983662156
AH8	0.632507486709	0.752658211696	2.39494449009	1.17266136298	1.07205995167	0.639420154664	1.06993552924	0.662240599323	0.758587433543	0.829701846303	0.756490831319	0.890375582407	0.684362431126	2.08095317545	0.845897936201	0.636545224746	0.430599449009	0.436974306428	1.67530744321	1.28113237313	0.796565384244	0.492860502658	0.612423257612	0.613599632673	1.56430142581	0.694543378444	0.539939386177	0.446541532141	0.692189125181	0.785355983567	0.267385234413	0.0	0.723461014983	0.71226062349	1.15335437893	0.952464983084	0.704322566457	0.855119835669	0.66006479942	0.865450246496	0.716243794103	1.39535748671	1.2945697245	0.841772624456	0.826480149831	0.825038728855	1.20278715805	0.973855210246	1.0870082842	0.96296080232	1.05866595457	1.06046608023	0.752859328178	0.709530343161	0.730070323828	0.719194867086	0.634201097148	1.02366633156	0.660682774287	0.916214823586	0.550129560174	0.965742203963
AA5	0.824246259062	0.611946843886	2.25374566941	1.06727453842	0.989341488642	0.497437525375	1.16504726438	0.314214316095	0.266769260512	0.840580096665	0.485486607057	0.776839565007	0.553741406477	1.94714400193	0.669380024166	0.742509255679	0.504862232963	0.475687588207	1.85836121798	1.40696399227	0.896455727405	0.610679458676	0.511861739971	0.48458840986	1.83432351377	0.892626355727	0.428012764621	0.462756660222	0.595582783954	0.79613462059	0.883702015466	0.723461014983	0.0	0.264967351377	1.21864451909	0.92060521508	0.615689101015	0.624878927018	0.602442431126	0.909839652006	0.660083649106	1.20283213146	1.08949618173	0.57513217013	0.768877317545	0.68482139681	1.3124719913	1.05351694055	1.10983827936	1.07870450459	1.12539570807	1.16885729338	0.85212640406	0.791350517158	0.819669666506	0.821220840986	0.618623494442	1.14006270662	0.659443044949	0.995369101015	0.542986515225	1.05198039633
AA6	0.809214741421	0.642427709038	2.37995484775	1.13762480909	1.00861313195	0.415338719188	1.15562287095	0.387746462059	0.326296602223	0.849807361044	0.450107259546	0.776769748671	0.524664272595	2.06073	0.742341246979	0.72875659739	0.532284615756	0.481835635573	1.92746134848	1.46984118415	0.926608086032	0.653254852586	0.545580729821	0.513153035283	1.86421646206	0.916025993233	0.441813301112	0.484832895118	0.692608250362	0.8550839826	0.890761846303	0.71226062349	0.264967351377	0.0	1.09945822136	0.835358753021	0.517472527791	0.673936689222	0.517802010633	0.912281967134	0.562951048816	1.32888179314	1.19761673755	0.619464132431	0.564319642339	0.472502938618	1.20966560657	0.956830652489	0.989425340744	0.946628878685	1.02689651522	1.05545265829	0.731527626873	0.692046162397	0.718919927501	0.713462576124	0.634441527308	1.02088697438	0.679448733688	0.873556462059	0.492416205897	0.946640671822
AB5	1.06328522958	0.927368898018	2.55278414693	1.3814859014	0.856140265829	0.984767225713	1.17002387627	1.10188583374	1.21512522475	1.00337695988	1.2004857709	0.819969980667	1.01697366844	2.23855057032	1.02170029966	0.997963479942	1.19675393427	1.15450314645	1.88816602707	1.48419238763	1.28441662156	1.16338759304	1.36664742871	1.37662333011	1.70380961817	1.10513361044	1.15796029966	1.13281028516	1.23820078782	1.2204362494	1.16428881585	1.15335437893	1.21864451909	1.09945822136	0.0	0.35859258579	0.957082194297	1.0871282407	0.942873755437	0.83946098115	0.836510536491	1.56769743354	1.44153001933	0.995991159981	0.972098028033	0.975424253262	0.815246292895	0.900645703238	0.696027129048	0.714885853069	1.07171552924	0.899484451426	0.778349666506	0.883101831803	0.901371246979	0.874958168197	0.995646012566	0.804157491542	0.981774369261	0.778157467376	0.986807728371	0.893916863219
AB6	0.856770662156	0.662568724021	2.44490053166	1.22070652006	0.748304683422	0.716113934268	1.00423210246	0.809624702755	0.956119608507	0.810417269212	0.984605625906	0.58802861769	0.777029763171	2.1230241131	0.747085741904	0.770621053649	0.995679202513	0.957941126148	1.80238275979	1.36007590623	1.07963833253	0.894710908652	1.15371943451	1.15344875302	1.6686498695	0.913362764621	0.928787510875	0.909826814886	0.956860691155	0.974538927018	1.00722704688	0.952464983084	0.92060521508	0.835358753021	0.35859258579	0.0	0.77512362494	0.80069221363	0.767364862252	0.709933808603	0.613380792653	1.39406268246	1.26167967617	0.682590889319	0.787670807153	0.803387307878	0.817628545191	0.761799961334	0.564784519091	0.580230231996	0.930291672305	0.78868081682	0.599938608023	0.713500768487	0.729099956501	0.700696089899	0.743756926051	0.698793286612	0.729148994683	0.614903518608	0.78020939101	0.74790319478
AC5	0.874585181247	0.765490280329	2.61304814886	1.37561665056	1.02264532141	0.602585089415	1.23287935234	0.606776698888	0.588508714355	0.940263146448	0.481824968584	0.810184693088	0.710760976317	2.30037202997	0.892153919768	0.819699313678	0.533628115031	0.479457887869	1.97282435476	1.53101653456	1.16323036733	0.848815297245	0.635367071049	0.645653441276	1.90425852102	0.976857003383	0.502831822136	0.592158869019	0.885339434509	1.02401913001	0.797546621556	0.704322566457	0.615689101015	0.517472527791	0.957082194297	0.77512362494	0.0	0.814243378444	0.384719284679	0.926071150314	0.581514760754	1.59264850169	1.45465818753	0.779016969551	0.543651193813	0.493414055099	1.02042352827	0.754199922668	0.930296814886	0.820427660706	0.817664567424	0.834210067666	0.610864678589	0.543289478009	0.552907138714	0.587781251812	0.746472788787	0.843627109715	0.778781106815	0.759586186564	0.563117868536	0.740626114065
AC6	0.745094485259	0.541911947801	1.96541619623	0.746365248913	0.758886834219	0.641960096665	0.709470367327	0.519612479459	0.736727955534	0.487687588207	0.885464480425	0.631069714838	0.661235277912	1.65222714355	0.520777288545	0.656922962784	0.830648912518	0.82714481392	1.48077000483	1.02904601257	0.721934625423	0.647399884002	0.86342362494	0.839709047849	1.49307707588	0.695390173997	0.723866268729	0.692583426776	0.474765055582	0.469112000967	0.959552252296	0.855119835669	0.624878927018	0.673936689222	1.0871282407	0.80069221363	0.814243378444	0.0	0.804846143064	0.717601034316	0.703219656839	0.815186621556	0.6802840116	0.315529279845	1.00238046883	0.966808443693	1.21325604157	1.09222551474	1.00366705655	0.992863692605	1.23065533108	1.15128371194	0.866394958917	0.923864108265	0.970818192363	0.865601556307	0.625037839536	1.07390780087	0.622229550507	1.00445602223	0.671303576607	1.0829458869
AD6	0.759146940551	0.643438013533	2.54850211696	1.23761664089	0.904662189464	0.487740662156	1.17950474625	0.499285128081	0.589000294828	0.871919357177	0.495957254712	0.730109516675	0.574678985017	2.2317941566	0.790879826003	0.689220782987	0.513668153697	0.468919589174	1.91197833253	1.48161520058	1.07672288545	0.756553963267	0.663905195747	0.670634378927	1.85527121315	0.937842223296	0.535619642339	0.528006602223	0.791764867086	0.940879787337	0.796308593523	0.66006479942	0.602442431126	0.517802010633	0.942873755437	0.767364862252	0.384719284679	0.804846143064	0.0	0.818945176414	0.387327336878	1.5208560319	1.39334022716	0.7428419768	0.587384726921	0.569024311261	0.889150633156	0.640834625423	0.85555497825	0.705389748671	0.716516370227	0.744573837603	0.481765548574	0.414418815853	0.464207457709	0.468816312228	0.608853504108	0.729099308845	0.647532609956	0.64576921218	0.409263726438	0.636091053649
AE5	0.589984528758	0.558365964234	2.27874113581	0.954799381344	0.660351261479	0.749873716771	0.758616186564	0.766356462059	1.01167381344	0.559255708072	1.06718361044	0.597072363461	0.756003919768	1.95790579024	0.640155413243	0.518976940551	0.90131518608	0.904036732721	1.4887281972	1.10084482359	0.962269047849	0.821707549541	1.07945398743	1.06753901402	1.33248869502	0.668072677622	0.913090956984	0.826959289512	0.83444057999	0.801424760754	0.957121561141	0.865450246496	0.909839652006	0.912281967134	0.83946098115	0.709933808603	0.926071150314	0.717601034316	0.818945176414	0.0	0.505523871435	1.19140240696	1.05496410826	0.658583924601	1.09605537458	1.11188085549	0.935696466892	0.901829787337	0.804577960367	0.720407549541	1.08967028516	0.942003112615	0.662488907685	0.766664639923	0.811334345094	0.662539362011	0.559008250362	0.851960231996	0.526259951667	0.790411643306	0.72139219913	0.897858134364
AE6	0.591610478492	0.433212774287	2.43477208313	1.10823958917	0.722682856452	0.461203320445	0.988666563557	0.526691082649	0.673663233446	0.719021996133	0.695098820686	0.565314823586	0.452623847269	2.1124422668	0.602202455292	0.506518385694	0.672842788787	0.653675094248	1.70949218463	1.2947797825	1.00048328178	0.712876524891	0.852373508942	0.830117646206	1.66536209763	0.800238849686	0.652869937168	0.62083319478	0.724178632189	0.83062041566	0.837419507008	0.716243794103	0.660083649106	0.562951048816	0.836510536491	0.613380792653	0.581514760754	0.703219656839	0.387327336878	0.505523871435	0.0	1.36809697922	1.23461898018	0.573170483325	0.731910294828	0.738430004833	0.87895637506	0.654275814403	0.728258177864	0.625111507975	0.829253924601	0.741693218946	0.435902484292	0.44532017883	0.514607564041	0.405992957951	0.435779110681	0.717667090382	0.483320043499	0.56087438376	0.420844751087	0.653319801837
AF5	1.24440409377	1.15659819236	1.31385646689	0.601095679072	1.13405037216	1.32777453842	0.850544287095	1.19613479942	1.33047319478	0.980803972934	1.51249125665	1.16569882069	1.29818653939	1.00379772837	1.06086826003	1.23555318995	1.44819234413	1.50027495408	0.97478320928	0.712061633639	1.12429071049	1.16286824553	1.41675900435	1.39781271145	1.47019423393	1.1437220638	1.38479141131	1.30014954567	0.988336346061	0.888159647173	1.47138566941	1.39535748671	1.20283213146	1.32888179314	1.56769743354	1.39406268246	1.59264850169	0.815186621556	1.5208560319	1.19140240696	1.36809697922	0.0	0.188385490575	0.963769946834	1.69410352344	1.64835921218	1.72599771387	1.68018424843	1.56302539391	1.58344534558	1.81157304978	1.74889640406	1.51423794587	1.58364016433	1.6104960174	1.52793442243	1.2399639391	1.66656089899	1.21929114548	1.59811337361	1.36655835669	1.67690499758
AF6	1.14108850169	1.03192100532	1.43090247946	0.486465403577	1.00283920735	1.1997242146	0.782224064766	1.06690039633	1.22578774287	0.850161159981	1.39429288062	1.03434515225	1.17304606573	1.12060514258	0.948026858386	1.11565639923	1.32730081199	1.37392886419	1.0388578637	0.714875679072	1.06507902368	1.09145355244	1.30358871919	1.27266874819	1.44810571774	1.04584061382	1.26093189464	1.17316648139	0.862593977767	0.788975287579	1.38713033833	1.2945697245	1.08949618173	1.19761673755	1.44153001933	1.26167967617	1.45465818753	0.6802840116	1.39334022716	1.05496410826	1.23461898018	0.188385490575	0.0	0.831824030933	1.56121735621	1.52006299178	1.58790418076	1.54487270662	1.42059542774	1.44088550024	1.67861445143	1.6090040986	1.38141122765	1.45066862252	1.48063296278	1.3920277912	1.11027947318	1.52871940068	1.0903558144	1.45532086515	1.23787511841	1.54240108265
AG5	0.685729681005	0.440171493475	2.08553533591	0.813599284679	0.645453397777	0.530800599323	0.750505398743	0.46160022233	0.684174306428	0.49604641856	0.812507071049	0.495097844369	0.552009468342	1.76575199613	0.463068298695	0.588327544708	0.799506602223	0.773026399227	1.54980748188	1.08946253262	0.732204572257	0.656620338328	0.883827336878	0.871295534074	1.49405355727	0.697603484775	0.720470657322	0.698210077332	0.480396085065	0.533270154664	0.950542943451	0.841772624456	0.57513217013	0.619464132431	0.995991159981	0.682590889319	0.779016969551	0.315529279845	0.7428419768	0.658583924601	0.573170483325	0.963769946834	0.831824030933	0.0	0.904974630256	0.896250821653	1.10212156114	0.95704098115	0.887081585307	0.858462493958	1.13024124698	1.00586381827	0.708662566457	0.785058347028	0.829578888352	0.710168342194	0.571439347511	0.925805181247	0.559301314645	0.845093112615	0.599057515708	0.959161614306
