	AA3	AA4	AB3	AB4	AC3	AC4	AD3	AD4	AE3	AE4	AF3	AF4	AG3	AG4	AH3	AH4	AA7	AA8	AB7	AB8	AC7	AC8	AD7	AD8	AE7	AE8	AF7	AF8	AG7	AG8	AH7	AH8	AA5	AA6	AB5	AB6	AC5	AC6	AD6	AE5	AE6	AF5	AF6	AG5	AH5	AH6	AA1	AA2	AB1	AB2	AC1	AC2	AD1	AD2	AE1	AE2	AF1	AF2	AG1	AG2	AH1	AH2
AA3	0.0	0.552629502175	2.25342454326	0.946018129531	0.873077955534	0.78357520058	0.879720251329	0.788837249879	0.899697119381	0.681620947318	0.984359468342	0.766897477042	0.715865857902	1.91519911068	0.782009603673	0.304605819236	0.772270478492	0.752817501208	1.42114283712	1.05115910585	0.753135070082	0.632291585307	0.871081053649	0.847904567424	1.37622506042	0.628817515708	0.807483663606	0.721545480909	0.717817965201	0.656847728371	0.759667162881	0.699650362494	0.848650555824	0.838966205897	1.1088419623	0.945023547608	0.956708066699	0.804446307395	0.766383218946	0.625401440309	0.634367713871	1.25249864186	1.19677919285	0.715267718705	1.08624106815	1.038	1.08415576607	1.00176747221	0.960213934268	0.898459173514	1.08951889802	1.03465006767	0.686358032866	0.766980927985	0.804473199613	0.683654533591	0.548237225713	0.963639632673	0.517729178347	0.937880565491	0.634593484775	0.967624021266
AA4	0.552629502175	0.0	2.31176419526	0.920659560174	0.651730956984	0.494892561624	0.891326602223	0.499037665539	0.671930546158	0.612222561624	0.772872450459	0.466172469792	0.413767887869	1.97120303528	0.338152416626	0.320754287095	0.666078559691	0.665261387144	1.56517318028	1.10552602707	0.858366689222	0.639024509425	0.828338637023	0.815312358627	1.52216081682	0.637914171097	0.683672489125	0.660667742871	0.676943620106	0.734515741904	0.851109076849	0.709556172064	0.636293436443	0.586573359111	0.873904146931	0.650138637023	0.719847854036	0.589370734654	0.548049047849	0.592068351861	0.350038927018	1.21553046399	1.11862344611	0.47526900435	0.851851092315	0.810197709038	0.951433929435	0.774447955534	0.707997849203	0.707731633639	0.889056239729	0.845789555341	0.526911314645	0.608636742388	0.635602518125	0.532964258096	0.467197999033	0.794477274045	0.450181348478	0.717528260029	0.445831599807	0.748342203963
AB3	2.25342454326	2.31176419526	0.0	1.51512012083	2.22178019816	2.41241739488	1.94059716771	2.31282813436	2.38579335911	2.12924618656	2.55288049299	2.29492938618	2.34096982117	0.391169743838	2.17874016916	2.30432453359	2.49816744321	2.51278721605	1.23252642339	1.47922558241	2.00966860319	2.19991990817	2.43457060416	2.40483844853	1.92772845336	2.15365305945	2.38738921218	2.34755552441	1.94195555824	1.83500284679	2.46385173514	2.45057529241	2.30519432576	2.41699481875	2.56737728371	2.53544957951	2.66251062832	1.97335465926	2.55990675689	2.30406646689	2.41904066699	1.34845637989	1.43130968101	2.11685672789	2.74116558241	2.66933352344	2.71173390044	2.71915797003	2.54678315611	2.64316480909	2.79307440309	2.74881872885	2.58924544708	2.64710312228	2.62907451426	2.59077956984	2.3508840986	2.70396097632	2.32253877719	2.67235927985	2.41083634606	2.69725432576
AB4	0.946018129531	0.920659560174	1.51512012083	0.0	0.93725637506	1.03166846786	0.781663794103	0.984158501692	1.14480518608	0.802667544708	1.25061944418	0.948089893668	0.851185804737	1.15765189464	0.828902977284	0.910939057516	1.14571102465	1.15109494442	1.01112854519	0.51192257129	0.888499608507	0.888477883035	1.1258239681	1.09993040116	1.27430520058	0.856051053649	1.10294282745	1.03726632673	0.657371822136	0.591825113581	1.22495653456	1.13170574674	1.06387760754	1.11370086515	1.35354403577	1.2653118463	1.3771502175	0.713264755921	1.1828961479	0.955734552924	1.0383680087	0.606375940068	0.538073339778	0.797664117931	1.43277653939	1.37576828903	1.47845445626	1.4006980812	1.27907913001	1.35396632189	1.51390523441	1.47235518608	1.2128020493	1.3022957419	1.3043059159	1.23340878685	1.01483976317	1.42660484775	0.971719855002	1.36567257612	1.04088444176	1.38218056549
AC3	0.873077955534	0.651730956984	2.22178019816	0.93725637506	0.0	0.757744214596	0.836476602223	0.848392933784	1.01422853069	0.69018762204	1.08818164814	0.359163813436	0.82387038666	1.88381	0.670056336394	0.747783929435	1.01732099082	1.01696363461	1.41680878685	1.06380247463	1.08350446109	1.00549042049	1.24198453842	1.22266286129	1.28920182697	0.813049043016	1.09276909135	1.07034035283	0.917030894152	0.904625287579	1.18379974384	1.07086032383	1.01753308362	0.995686056066	0.826476331561	0.768391778637	1.02481014016	0.757673204447	0.881867080715	0.665099560174	0.699830715321	1.1621260319	1.06761041083	0.632245819236	1.1733537361	1.13674012083	0.936462218463	1.00791638956	0.761924891252	0.854606631223	1.12211880619	1.0131161044	0.776569540841	0.853688037699	0.902165983567	0.774385915901	0.862132329628	0.913471449976	0.823108400193	0.914990488159	0.86514338811	0.968308540358
AC4	0.78357520058	0.494892561624	2.41241739488	1.03166846786	0.757744214596	0.0	1.12525313195	0.365845055582	0.460013576607	0.8125020058	0.404791401643	0.493175606573	0.474074823586	2.07263504592	0.676220405993	0.628265350411	0.584048801353	0.559789366844	1.78983384244	1.29160695022	0.907332687289	0.654234016433	0.648637095215	0.628840637989	1.72508533591	0.776631130981	0.552963078782	0.534760758821	0.660829937168	0.807522658289	0.834157133881	0.626135790237	0.492217829869	0.398384548091	0.963562179797	0.728129516675	0.560782261962	0.662390739488	0.396867322378	0.812942846786	0.461137820203	1.33373983567	1.23358671822	0.631921488642	0.649457902368	0.578550231996	1.06128681972	0.798192764621	0.823578076365	0.807688912518	0.840009139681	0.902510053166	0.535440666989	0.624076244563	0.609234093765	0.600757312711	0.584251710971	0.916691430643	0.624661884969	0.760026041566	0.432406394393	0.804785582407
AD3	0.879720251329	0.891326602223	1.94059716771	0.781663794103	0.836476602223	1.12525313195	0.0	1.01236706138	1.29778022233	0.38081239246	1.38651730304	0.93481637506	1.04584182697	1.59977060416	0.809985205413	0.873333736104	1.20627222813	1.20032502175	1.29476076849	0.823679492508	0.879117341711	0.932274282262	1.28287390043	1.24863355727	1.20135095698	0.811766814886	1.20013257612	1.12024254229	0.891582875785	0.752458322861	1.1571359884	1.10593972934	1.19107905268	1.16020326728	1.17300031899	1.09570345094	1.27496918801	0.703354330594	1.14610329628	0.763653513775	0.945152411793	0.853173006283	0.795590947318	0.727775761237	1.38972233446	1.35986716288	1.3780077912	1.36286043499	1.13192864669	1.20959104398	1.47276451426	1.40170340744	1.15488282745	1.20448063799	1.24265531658	1.13372165781	0.978870894152	1.30929502175	0.936389120348	1.2515679507	1.09632214596	1.32239910101
AD4	0.788837249879	0.499037665539	2.31282813436	0.984158501692	0.848392933784	0.365845055582	1.01236706138	0.0	0.314891150314	0.678781851136	0.512275132914	0.621305688739	0.54154817303	1.97101313195	0.605437187047	0.619459927501	0.564408240696	0.544039487675	1.77872200097	1.27002321895	0.83314842436	0.590299081682	0.543224180764	0.537546834219	1.74643548574	0.785561106815	0.477927477042	0.463531130981	0.547314374094	0.781657960367	0.825983436443	0.609278516191	0.307881242146	0.345684586757	1.07060282745	0.831022063799	0.570306892218	0.576998163364	0.468761039149	0.805626239729	0.522596988884	1.22059691638	1.11900508458	0.583924552924	0.670815398743	0.584781532141	1.1768180812	0.90493722088	0.964843924601	0.931842638956	0.923010183664	1.02586091832	0.646882310295	0.716956650556	0.687853127115	0.711813707105	0.575094475592	1.04616187047	0.609202957951	0.890224069599	0.499648337361	0.906325176414
AE3	0.899697119381	0.671930546158	2.38579335911	1.14480518608	1.01422853069	0.460013576607	1.29778022233	0.314891150314	0.0	0.959937100048	0.351949038183	0.778166341228	0.64978738521	2.05749261479	0.779974794587	0.772913088449	0.562776607057	0.556704451426	1.93921610923	1.44153408893	0.967492247463	0.742130550991	0.449975147414	0.446741899468	1.92849417593	0.972249337844	0.445226959884	0.494397602707	0.70169497825	0.946155606573	0.912136742388	0.705954528758	0.274301913968	0.354759700338	1.17411694538	0.935306205897	0.549062817786	0.777796795553	0.556900550991	1.0294837216	0.657177264379	1.349909884	1.24892797003	0.780413586274	0.716359637506	0.592752991783	1.27500619623	0.998522174964	1.08559003867	1.03300279845	1.00660315128	1.12456354277	0.73831462059	0.80965217013	0.768857172547	0.804970811986	0.698051638473	1.14964724988	0.757670956984	0.985653972934	0.601013987434	0.992277718705
AE4	0.681620947318	0.612222561624	2.12924618656	0.802667544708	0.69018762204	0.8125020058	0.38081239246	0.678781851136	0.959937100048	0.0	1.07196761721	0.668741275979	0.76483861769	1.78719019816	0.564640217496	0.591068284195	0.89818918318	0.891358632189	1.42779123731	0.958095886902	0.761423750604	0.669982131464	0.957834461092	0.934812590623	1.32949936684	0.567937138714	0.882742426293	0.803949357177	0.624633963267	0.608073692605	0.913679748671	0.807257351377	0.860458279362	0.85142542291	0.960638356694	0.866131087482	0.96031901885	0.523438361527	0.838173707105	0.548747617206	0.66889040116	0.983123465442	0.887107312711	0.491618255196	1.10292353311	1.06566445626	1.14624605123	1.11240077332	0.923565679072	0.987752919285	1.2319480812	1.17129273562	0.889048762687	0.917592141131	0.945482286129	0.861539134848	0.697267868536	1.07143311745	0.654802924118	1.02075541324	0.788765384244	1.07206940551
AF3	0.984359468342	0.772872450459	2.55288049299	1.25061944418	1.08818164814	0.404791401643	1.38651730304	0.512275132914	0.351949038183	1.07196761721	0.0	0.824105335911	0.723449357177	2.21904503625	0.939254668922	0.885100976317	0.545895611406	0.502318554857	2.01789660222	1.51828648139	1.05211286612	0.854288192363	0.415186428226	0.403097278879	1.9899679217	1.02896792653	0.507577999033	0.595449270179	0.814106529725	1.03327678589	0.867137728371	0.711413977767	0.475245596907	0.469532711455	1.17732117931	0.963576887385	0.488740584824	0.906333276945	0.50125319478	1.07578234896	0.727975002417	1.50897066699	1.41224871435	0.881225273079	0.67950560174	0.545263518608	1.24454333494	0.959373871435	1.12919809087	1.01931559691	0.976256201063	1.06997094732	0.723621387144	0.764070633156	0.751972957951	0.748797114548	0.827049521508	1.10782223296	0.875964751087	0.96520040116	0.615136191397	0.964870961817
AF4	0.766897477042	0.466172469792	2.29492938618	0.948089893668	0.359163813436	0.493175606573	0.93481637506	0.621305688739	0.778166341228	0.668741275979	0.824105335911	0.0	0.590323112615	1.95504030933	0.524640004833	0.59817820203	0.841297129048	0.824967303045	1.5815360609	1.09961715321	0.909870555824	0.789527061382	1.01428638956	0.994241222813	1.46759156597	0.686414422426	0.874938366361	0.85616279362	0.759617481875	0.782820903818	1.02895752537	0.882715476075	0.782579971	0.757171213146	0.784436655389	0.585673745771	0.782900758821	0.626407274045	0.700281546641	0.663874441759	0.55002520058	1.19203246496	1.09953635089	0.494151353311	0.90095157564	0.854030236829	0.878359748671	0.807571126148	0.640113247946	0.690761184147	0.926861324311	0.84938897535	0.584362257129	0.669209975834	0.719578516191	0.643712000967	0.695479284679	0.779039884002	0.663529835669	0.72892698405	0.665011135814	0.780387965201
AG3	0.715865857902	0.413767887869	2.34096982117	0.851185804737	0.82387038666	0.474074823586	1.04584182697	0.54154817303	0.64978738521	0.76483861769	0.723449357177	0.590323112615	0.0	1.98322455292	0.497695857902	0.518505751571	0.597768071532	0.588531701305	1.69162611406	1.19502294345	0.87604522958	0.63968037216	0.718527230546	0.725519424843	1.5954842291	0.709829038183	0.605362687289	0.569460589657	0.659536399227	0.771520352827	0.853576065732	0.673050729821	0.595749038183	0.539443470275	0.99253820203	0.765147588207	0.764019366844	0.652320671822	0.578529444176	0.74128240696	0.448620115998	1.26697914451	1.16839716288	0.576922576124	0.856145070082	0.810002542291	1.04340114065	0.833552962784	0.834971063316	0.80456980667	0.947252924118	0.909052145964	0.581705698405	0.684317322378	0.717902817786	0.610109497342	0.504899816336	0.933244040599	0.502585447076	0.789125070082	0.423810720155	0.815061923635
AG4	1.91519911068	1.97120303528	0.391169743838	1.15765189464	1.88381	2.07263504592	1.59977060416	1.97101313195	2.05749261479	1.78719019816	2.21904503625	1.95504030933	1.98322455292	0.0	1.84414389077	1.96058727888	2.16785960367	2.17917662156	0.970273131948	1.15137980184	1.67500817786	1.86415388594	2.10207561141	2.07068730304	1.65708346544	1.81660690188	2.06107349444	2.01319801837	1.61351171097	1.50092067182	2.14687845336	2.11462652489	1.97694260996	2.07658021266	2.23709248913	2.19626964717	2.32643253262	1.63799332528	2.21916048333	1.96071306912	2.07386397293	1.02374708072	1.10371725955	1.77789695988	2.40455792653	2.32948869019	2.36855088449	2.3773438956	2.2051738956	2.29737309328	2.45727602707	2.40891460126	2.24745698888	2.30450697922	2.29583244563	2.24946366844	2.01343362977	2.36705523441	1.98415360561	2.327849913	2.07597429676	2.35624153697
AH3	0.782009603673	0.338152416626	2.17874016916	0.828902977284	0.670056336394	0.676220405993	0.809985205413	0.605437187047	0.779974794587	0.564640217496	0.939254668922	0.524640004833	0.497695857902	1.84414389077	0.0	0.539989284679	0.801672513291	0.818383460609	1.511620261	1.02028269696	0.874477075882	0.770349415176	0.923961435476	0.93541261479	1.45648317061	0.695980033833	0.808007274045	0.776166868052	0.694538414693	0.698119700338	1.03730938134	0.873625456742	0.709778883519	0.721609130014	0.979614369261	0.814074349928	0.916188090865	0.534805074915	0.764698535524	0.669106326728	0.559473721605	1.07198542291	0.96312077332	0.465435002417	1.02939049783	1.00076280812	1.04079724021	0.909336834219	0.812815862736	0.875970430159	1.04069260996	0.995918956017	0.764582880619	0.827743929435	0.816692740454	0.760003827936	0.628271159981	0.949074388594	0.604899758337	0.877567346544	0.644401541808	0.878387216046
AH4	0.304605819236	0.320754287095	2.30432453359	0.910939057516	0.747783929435	0.628265350411	0.873333736104	0.619459927501	0.772913088449	0.591068284195	0.885100976317	0.59817820203	0.518505751571	1.96058727888	0.539989284679	0.0	0.639460512325	0.64074681972	1.46558902368	1.07927135331	0.81227820203	0.599323494442	0.767195853069	0.753070947318	1.43027557757	0.606192856452	0.670033919768	0.616125374577	0.651378622523	0.701134166264	0.774597090382	0.622233881102	0.708630043499	0.688829221846	0.976613832769	0.76899897535	0.816242237796	0.661081793137	0.642457631706	0.519817670372	0.451015708072	1.22599961817	1.13312259546	0.565290521991	0.95008618173	0.916366186564	0.976382397293	0.847010961817	0.814998013533	0.75013921218	0.955606080232	0.898390889319	0.563361068149	0.640586795553	0.685972493958	0.569917936201	0.382376143064	0.842971213146	0.371730173997	0.783733634606	0.499728951184	0.799986814886
AA7	0.772270478492	0.666078559691	2.49816744321	1.14571102465	1.01732099082	0.584048801353	1.20627222813	0.564408240696	0.562776607057	0.89818918318	0.545895611406	0.841297129048	0.597768071532	2.16785960367	0.801672513291	0.639460512325	0.0	0.177827641373	1.77244026583	1.3426217738	0.951181343644	0.684044354761	0.438967926535	0.463436795553	1.74908315611	0.84881457709	0.384550159497	0.384316423393	0.729082131464	0.894019647173	0.636679719671	0.419750188497	0.500407249879	0.507617409377	1.20449447076	0.999298791687	0.583733682939	0.856558980184	0.515869250846	0.905517448043	0.6560980087	1.44515227163	1.35147358627	0.833728076365	0.759203929435	0.687739439343	1.15389043983	0.90460838086	1.11136851136	0.986795045916	0.903560947318	0.997007805703	0.656244132431	0.701090120831	0.680108047366	0.677013856936	0.511471232479	1.01652258096	0.55732820203	0.945223871435	0.478876259062	0.889933678105
AA8	0.752817501208	0.665261387144	2.51278721605	1.15109494442	1.01696363461	0.559789366844	1.20032502175	0.544039487675	0.556704451426	0.891358632189	0.502318554857	0.824967303045	0.588531701305	2.17917662156	0.818383460609	0.64074681972	0.177827641373	0.0	1.79531773804	1.34048150797	0.904047535041	0.629000202997	0.427490657322	0.434901101982	1.72498871919	0.817029700338	0.364340362494	0.358923146448	0.707298269696	0.882425442243	0.574815374577	0.336558438859	0.506485495408	0.503423948768	1.17273815853	0.975209130014	0.541120589657	0.857885403577	0.481299966167	0.891556186564	0.662064132431	1.47010390527	1.3778057999	0.812943537941	0.710143122281	0.637435451909	1.17172404543	0.911362295795	1.08427698405	0.975186302562	0.905701570807	1.00057219913	0.628427955534	0.684975954567	0.684604253262	0.66713120348	0.553237897535	1.03967316095	0.593504030933	0.930854084099	0.444760691155	0.898358902852
AB7	1.42114283712	1.56517318028	1.23252642339	1.01112854519	1.41680878685	1.78983384244	1.29476076849	1.77872200097	1.93921610923	1.42779123731	2.01789660222	1.5815360609	1.69162611406	0.970273131948	1.511620261	1.46558902368	1.77244026583	1.79531773804	0.0	0.573472537458	1.5095799565	1.56369025616	1.88368999033	1.85454866119	1.06894152731	1.38824260512	1.80091916385	1.73661612856	1.3678341711	1.17601465442	1.70056517641	1.7047657854	1.82931027066	1.86828362011	1.84314841469	1.81622419043	1.96264502658	1.42229904302	1.84084088449	1.45082285645	1.63211422426	0.973432595457	1.00541509908	1.46036851619	2.09386685355	2.07199360561	1.91127873852	1.95755628323	1.78688085065	1.82351560174	2.04531781054	1.96858631223	1.78783910101	1.83512851136	1.83334847753	1.76724800387	1.60987655389	1.89959286129	1.56869273079	1.87219972934	1.71946672305	1.91685863219
AB8	1.05115910585	1.10552602707	1.47922558241	0.51192257129	1.06380247463	1.29160695022	0.823679492508	1.27002321895	1.44153408893	0.958095886902	1.51828648139	1.09961715321	1.19502294345	1.15137980184	1.02028269696	1.07927135331	1.3426217738	1.34048150797	0.573472537458	0.0	1.0296057274	1.06918029966	1.38160698405	1.34851569841	1.14073430643	0.921968656356	1.29776913001	1.23838452876	0.842734045433	0.64401922668	1.28370525375	1.25675463992	1.33873500725	1.37591293862	1.43429235863	1.35652314645	1.50480782987	0.932411039149	1.39796758337	1.05354427743	1.20804859836	0.673260695988	0.662684369261	0.969313707105	1.63086635089	1.59846150314	1.60828567907	1.55208154181	1.39647407443	1.43792853552	1.6540822378	1.60328964717	1.40598414693	1.45263301595	1.44589490575	1.39662856452	1.19877635089	1.56779521025	1.1618521508	1.47775530208	1.24666949734	1.52111648623
AC7	0.753135070082	0.858366689222	2.00966860319	0.888499608507	1.08350446109	0.907332687289	0.879117341711	0.83314842436	0.967492247463	0.761423750604	1.05211286612	0.909870555824	0.87604522958	1.67500817786	0.874477075882	0.81227820203	0.951181343644	0.904047535041	1.5095799565	1.0296057274	0.0	0.398233286612	0.917735553407	0.876525089415	1.43449653456	0.708436926051	0.895224040599	0.785507008217	0.541436737554	0.570460778154	0.847704282262	0.764518695022	0.858078134364	0.866596993717	1.27191290478	1.14086829386	1.13508290478	0.750426471725	1.00295733204	0.958236529725	0.938988197197	1.16180225713	1.11417117931	0.710957162881	1.09230939101	1.01015139681	1.52114117931	1.40800554857	1.2270081827	1.26275881585	1.50355072015	1.46456221846	1.0748580522	1.1741137361	1.20962685839	1.10717137264	0.888671261479	1.40317768004	0.839790270662	1.28152213146	0.881545509908	1.38393992267
AC8	0.632291585307	0.639024509425	2.19991990817	0.888477883035	1.00549042049	0.654234016433	0.932274282262	0.590299081682	0.742130550991	0.669982131464	0.854288192363	0.789527061382	0.63968037216	1.86415388594	0.770349415176	0.599323494442	0.684044354761	0.629000202997	1.56369025616	1.06918029966	0.398233286612	0.0	0.667568327695	0.639104765587	1.48905580474	0.608348946351	0.546875693572	0.440375509908	0.443478105365	0.575555775737	0.627822556791	0.48162737071	0.627360517158	0.639945263412	1.12073440793	0.900990531658	0.852339748671	0.682158037699	0.720338960851	0.786408443693	0.666610686322	1.17477552441	1.10269092315	0.636733301112	0.875487037216	0.816449574674	1.33348172547	1.10346458676	1.04606327695	1.02119942968	1.19827758821	1.17425746738	0.773546273562	0.8693439971	0.911869763171	0.821927781537	0.577279318511	1.18536407443	0.561744920251	0.984680260996	0.58918101015	1.07823826486
AD7	0.871081053649	0.828338637023	2.43457060416	1.1258239681	1.24198453842	0.648637095215	1.28287390043	0.543224180764	0.449975147414	0.957834461092	0.415186428226	1.01428638956	0.718527230546	2.10207561141	0.923961435476	0.767195853069	0.438967926535	0.427490657322	1.88368999033	1.38160698405	0.917735553407	0.667568327695	0.0	0.133122962784	1.86765642823	0.876932682455	0.339059304012	0.39204157564	0.654357404543	0.886954649589	0.709141614306	0.523181237313	0.44466702755	0.497592489125	1.32016875785	1.1038641276	0.633252445626	0.850721744804	0.644392556791	1.03786432093	0.814088941518	1.39592337844	1.29792543741	0.894765485742	0.770336660222	0.666007974867	1.36891051716	1.09189313678	1.2648318463	1.16158364911	1.08985943934	1.20970436443	0.848944751087	0.88620777187	0.85866640406	0.89135719188	0.680047037216	1.24819797003	0.724389130014	1.1074241421	0.601542880619	1.09272165297
AD8	0.847904567424	0.815312358627	2.40483844853	1.09993040116	1.22266286129	0.628840637989	1.24863355727	0.537546834219	0.446741899468	0.934812590623	0.403097278879	0.994241222813	0.725519424843	2.07068730304	0.93541261479	0.753070947318	0.463436795553	0.434901101982	1.85454866119	1.34851569841	0.876525089415	0.639104765587	0.133122962784	0.0	1.80872559691	0.816818226196	0.341055219913	0.392329081682	0.636264301595	0.84519361044	0.707975954567	0.518076331561	0.448324461092	0.489778293862	1.32103627356	1.1015181102	0.647278985017	0.849334983084	0.637684451426	1.01861072499	0.800724664089	1.37282	1.28412900918	0.885537167714	0.776738878685	0.663837201547	1.38859717255	1.11354569841	1.25265401643	1.15570624456	1.11648636539	1.22736703722	0.845434113098	0.892009255679	0.869529096182	0.893937080715	0.697674504592	1.25407728855	0.736839652006	1.10155635573	0.587709275012	1.11494703238
AE7	1.37622506042	1.52216081682	1.92772845336	1.27430520058	1.28920182697	1.72508533591	1.20135095698	1.74643548574	1.92849417593	1.32949936684	1.9899679217	1.46759156597	1.5954842291	1.65708346544	1.45648317061	1.43027557757	1.74908315611	1.72498871919	1.06894152731	1.14073430643	1.43449653456	1.48905580474	1.86765642823	1.80872559691	0.0	1.01540302078	1.8004182552	1.71923535524	1.3863161334	1.26362226196	1.56961691155	1.59904420976	1.8320718463	1.82489376994	1.68895512325	1.71807634123	1.91290856452	1.47157062349	1.80053284195	1.32344512808	1.59957700822	1.44499145481	1.4494539681	1.41935419043	1.98628949251	1.96630840503	1.73630175447	1.85952565007	1.60335664572	1.66868546158	1.97452022716	1.84160329628	1.6870042436	1.71610248913	1.74820502658	1.63468630256	1.58844507008	1.74973530691	1.53864313195	1.75575333978	1.67748814403	1.80871509425
AE8	0.628817515708	0.637914171097	2.15365305945	0.856051053649	0.813049043016	0.776631130981	0.811766814886	0.785561106815	0.972249337844	0.567937138714	1.02896792653	0.686414422426	0.709829038183	1.81660690188	0.695980033833	0.606192856452	0.84881457709	0.817029700338	1.38824260512	0.921968656356	0.708436926051	0.608348946351	0.876932682455	0.816818226196	1.01540302078	0.0	0.844341594973	0.766406901885	0.625096283229	0.559923823103	0.799130575157	0.730099816336	0.875477254712	0.868947278879	1.07417963267	0.947217999033	0.990343678105	0.664308927018	0.883793030449	0.646659758337	0.724443286612	1.14126446109	1.05314473175	0.624447496375	1.09255094732	1.06330706622	1.18650967617	1.11916777187	0.940523214113	0.989194842919	1.23118451426	1.18803444659	0.900611662639	0.941533291445	0.958149449009	0.877807689705	0.750023305945	1.13918993717	0.706691691638	1.0103599275	0.754405703238	1.10282890285
AF7	0.807483663606	0.683672489125	2.38738921218	1.10294282745	1.09276909135	0.552963078782	1.20013257612	0.477927477042	0.445226959884	0.882742426293	0.507577999033	0.874938366361	0.605362687289	2.06107349444	0.808007274045	0.670033919768	0.384550159497	0.364340362494	1.80091916385	1.29776913001	0.895224040599	0.546875693572	0.339059304012	0.341055219913	1.8004182552	0.844341594973	0.0	0.189616703722	0.628094775254	0.802936292895	0.689113175447	0.498873591107	0.395334296762	0.431704359594	1.17808911551	0.962746138231	0.568008936684	0.757985853069	0.574994596423	0.934598240696	0.668030227163	1.36530296278	1.26976011116	0.765172078299	0.740781522475	0.66447521508	1.26620508458	0.9897780087	1.11583639923	1.04003477525	0.988791986467	1.10391811986	0.741695993233	0.797125538908	0.774841377477	0.798403078782	0.564353716771	1.1222142581	0.620253044949	0.987754804253	0.490029782504	0.988036114065
AF8	0.721545480909	0.660667742871	2.34755552441	1.03726632673	1.07034035283	0.534760758821	1.12024254229	0.463531130981	0.494397602707	0.803949357177	0.595449270179	0.85616279362	0.569460589657	2.01319801837	0.776166868052	0.616125374577	0.384316423393	0.358923146448	1.73661612856	1.23838452876	0.785507008217	0.440375509908	0.39204157564	0.392329081682	1.71923535524	0.766406901885	0.189616703722	0.0	0.563529497342	0.746238264862	0.670927259546	0.442287549541	0.408769869502	0.424059700338	1.15798674722	0.946574693088	0.600637423876	0.733667264379	0.54444038666	0.879212576124	0.640683721605	1.31029997583	1.21486849203	0.732787119381	0.740574958917	0.676964079265	1.24885859836	0.984936945384	1.0867562349	1.01748311745	0.983495418076	1.08884173514	0.718656437893	0.785236781054	0.778491440309	0.786833093282	0.512677216046	1.11098266796	0.547973827936	0.968665505075	0.462942474625	0.984469850169
AG7	0.717817965201	0.676943620106	1.94195555824	0.657371822136	0.917030894152	0.660829937168	0.891582875785	0.547314374094	0.70169497825	0.624633963267	0.814106529725	0.759617481875	0.659536399227	1.61351171097	0.694538414693	0.651378622523	0.729082131464	0.707298269696	1.3678341711	0.842734045433	0.541436737554	0.443478105365	0.654357404543	0.636264301595	1.3863161334	0.625096283229	0.628094775254	0.563529497342	0.0	0.305444485259	0.793475703238	0.656246085065	0.601756147898	0.691840198163	1.23043856452	0.996828153697	0.910191686805	0.510274857419	0.776147689705	0.842746114065	0.730806220396	0.972248767521	0.87077557274	0.535178231029	1.00849880135	0.935246317061	1.36744074915	1.14031749154	1.15423744804	1.12467299178	1.23222058482	1.21945916868	0.888080241663	0.953032561624	0.955193127115	0.900050884485	0.668389236346	1.23615269696	0.643270710488	1.09231275979	0.675049207347	1.11630592073
AG8	0.656847728371	0.734515741904	1.83500284679	0.591825113581	0.904625287579	0.807522658289	0.752458322861	0.781657960367	0.946155606573	0.608073692605	1.03327678589	0.782820903818	0.771520352827	1.50092067182	0.698119700338	0.701134166264	0.894019647173	0.882425442243	1.17601465442	0.64401922668	0.570460778154	0.575555775737	0.886954649589	0.84519361044	1.26362226196	0.559923823103	0.802936292895	0.746238264862	0.305444485259	0.0	0.882583958434	0.812976737554	0.842508192363	0.870487728371	1.23192295312	1.07159734654	1.08893342678	0.529922435959	0.931660285162	0.812796022233	0.831508260029	0.914777312711	0.854862841953	0.554968777187	1.16382171097	1.11531870952	1.36901658289	1.26432751571	1.14441035283	1.19768121798	1.36192375544	1.33712760754	1.01876882552	1.06352114548	1.06925049783	1.01084127598	0.796303919768	1.28415724988	0.763606138231	1.20183314645	0.794941358144	1.24138000483
AH7	0.759667162881	0.851109076849	2.46385173514	1.22495653456	1.18379974384	0.834157133881	1.1571359884	0.825983436443	0.912136742388	0.913679748671	0.867137728371	1.02895752537	0.853576065732	2.14687845336	1.03730938134	0.774597090382	0.636679719671	0.574815374577	1.70056517641	1.28370525375	0.847704282262	0.627822556791	0.709141614306	0.707975954567	1.56961691155	0.799130575157	0.689113175447	0.670927259546	0.793475703238	0.882583958434	0.0	0.320493359111	0.877811416143	0.853918095698	1.1568918318	1.01700644756	0.826433238279	0.978470473659	0.779954045433	0.94511742871	0.829773794103	1.46796347511	1.40406419043	0.932459927501	0.942468047366	0.897956268729	1.31781924601	1.07946798453	1.17348752537	1.04325985984	1.13653968101	1.16056083615	0.808867022716	0.825533020783	0.843627970034	0.819302605123	0.74226882552	1.18680500725	0.772193963267	1.03454672305	0.700530507492	1.05611734171
AH8	0.699650362494	0.709556172064	2.45057529241	1.13170574674	1.07086032383	0.626135790237	1.10593972934	0.609278516191	0.705954528758	0.807257351377	0.711413977767	0.882715476075	0.673050729821	2.11462652489	0.873625456742	0.622233881102	0.419750188497	0.336558438859	1.7047657854	1.25675463992	0.764518695022	0.48162737071	0.523181237313	0.518076331561	1.59904420976	0.730099816336	0.498873591107	0.442287549541	0.656246085065	0.812976737554	0.320493359111	0.0	0.642940850652	0.600584001933	1.12725896568	0.925869434509	0.687325205413	0.861612977284	0.58557222813	0.861894896085	0.692320966651	1.40904324311	1.32488658772	0.807006056066	0.778780082165	0.725142996617	1.23553264379	0.984332827453	1.07352356211	0.954169787337	0.998457670372	1.077909797	0.663106471725	0.725772160464	0.729088830353	0.719879076849	0.564119352344	1.09376566457	0.595343629773	0.932699009183	0.512638463026	0.963308371194
AA5	0.848650555824	0.636293436443	2.30519432576	1.06387760754	1.01753308362	0.492217829869	1.19107905268	0.307881242146	0.274301913968	0.860458279362	0.475245596907	0.782579971	0.595749038183	1.97694260996	0.709778883519	0.708630043499	0.500407249879	0.506485495408	1.82931027066	1.33873500725	0.858078134364	0.627360517158	0.44466702755	0.448324461092	1.8320718463	0.875477254712	0.395334296762	0.408769869502	0.601756147898	0.842508192363	0.877811416143	0.642940850652	0.0	0.275953755437	1.20631757371	0.96039457709	0.619215471242	0.652756283229	0.606861488642	0.92022898985	0.652598646689	1.2255841421	1.11971696955	0.662610937651	0.752154717255	0.621677718705	1.33582347994	1.06258294828	1.11634671339	1.08463927985	1.07217709038	1.18629979217	0.780403668439	0.867220164331	0.824992928951	0.855411072982	0.592056065732	1.19802268729	0.644249188014	1.03506942001	0.540495437409	1.06564977284
AA6	0.838966205897	0.586573359111	2.41699481875	1.11370086515	0.995686056066	0.398384548091	1.16020326728	0.345684586757	0.354759700338	0.85142542291	0.469532711455	0.757171213146	0.539443470275	2.07658021266	0.721609130014	0.688829221846	0.507617409377	0.503423948768	1.86828362011	1.37591293862	0.866596993717	0.639945263412	0.497592489125	0.489778293862	1.82489376994	0.868947278879	0.431704359594	0.424059700338	0.691840198163	0.870487728371	0.853918095698	0.600584001933	0.275953755437	0.0	1.06903600773	0.827730971484	0.525055210246	0.680503204447	0.502288680522	0.898787211213	0.563684891252	1.33499296762	1.22936116481	0.665469932334	0.534141377477	0.420424117931	1.2199257999	0.948846215563	0.988363726438	0.922681338811	0.961677457709	1.05499074432	0.647386462059	0.742249637506	0.722574833253	0.725091488642	0.591277332044	1.06267608507	0.655832783954	0.876581503142	0.49756057999	0.949600260996
AB5	1.1088419623	0.873904146931	2.56737728371	1.35354403577	0.826476331561	0.963562179797	1.17300031899	1.07060282745	1.17411694538	0.960638356694	1.17732117931	0.784436655389	0.99253820203	2.23709248913	0.979614369261	0.976613832769	1.20449447076	1.17273815853	1.84314841469	1.43429235863	1.27191290478	1.12073440793	1.32016875785	1.32103627356	1.68895512325	1.07417963267	1.17808911551	1.15798674722	1.23043856452	1.23192295312	1.1568918318	1.12725896568	1.20631757371	1.06903600773	0.0	0.368762339294	0.924083011116	1.04275379894	0.949566621556	0.86290741421	0.823200367327	1.53609616723	1.45056699372	0.934579192847	0.967558477525	0.976218057032	0.885850604157	0.949555978734	0.734934523925	0.761018680522	1.05657395843	0.955065621073	0.801220449493	0.847010294828	0.89307102465	0.84733381827	1.01681046883	0.858764581924	1.00919887385	0.837991788304	1.00010243596	0.92672179797
AB6	0.945023547608	0.650138637023	2.53544957951	1.2653118463	0.768391778637	0.728129516675	1.09570345094	0.831022063799	0.935306205897	0.866131087482	0.963576887385	0.585673745771	0.765147588207	2.19626964717	0.814074349928	0.76899897535	0.999298791687	0.975209130014	1.81622419043	1.35652314645	1.14086829386	0.900990531658	1.1038641276	1.1015181102	1.71807634123	0.947217999033	0.962746138231	0.946574693088	0.996828153697	1.07159734654	1.01700644756	0.925869434509	0.96039457709	0.827730971484	0.368762339294	0.0	0.744388675689	0.855237095215	0.761014635089	0.794498965684	0.618221913968	1.46000890768	1.36125119865	0.735132725955	0.76213420493	0.793669879169	0.799175166747	0.709079130014	0.578503987434	0.51227359594	0.822800570324	0.738518438859	0.601404093765	0.657619758337	0.712793692605	0.669410966651	0.793582658289	0.6816699855	0.791009255679	0.576931353311	0.789358791687	0.684171860802
AC5	0.956708066699	0.719847854036	2.66251062832	1.3771502175	1.02481014016	0.560782261962	1.27496918801	0.570306892218	0.549062817786	0.96031901885	0.488740584824	0.782900758821	0.764019366844	2.32643253262	0.916188090865	0.816242237796	0.583733682939	0.541120589657	1.96264502658	1.50480782987	1.13508290478	0.852339748671	0.633252445626	0.647278985017	1.91290856452	0.990343678105	0.568008936684	0.600637423876	0.910191686805	1.08893342678	0.826433238279	0.687325205413	0.619215471242	0.525055210246	0.924083011116	0.744388675689	0.0	0.859197873369	0.428688385694	0.939391353311	0.645153634606	1.60748642823	1.49882548091	0.823860154664	0.49281037216	0.415066974384	1.0403600725	0.75169542291	0.928131058482	0.805978685355	0.741401851136	0.841798878685	0.541834780087	0.546803649106	0.53451322378	0.596397680039	0.735527457709	0.897706114065	0.783146979217	0.750024726921	0.597584625423	0.747056234896
AC6	0.804446307395	0.589370734654	1.97335465926	0.713264755921	0.757673204447	0.662390739488	0.703354330594	0.576998163364	0.777796795553	0.523438361527	0.906333276945	0.626407274045	0.652320671822	1.63799332528	0.534805074915	0.661081793137	0.856558980184	0.857885403577	1.42229904302	0.932411039149	0.750426471725	0.682158037699	0.850721744804	0.849334983084	1.47157062349	0.664308927018	0.757985853069	0.733667264379	0.510274857419	0.529922435959	0.978470473659	0.861612977284	0.652756283229	0.680503204447	1.04275379894	0.855237095215	0.859197873369	0.0	0.797127631706	0.694793615273	0.652077336878	0.794659400677	0.68864442726	0.337594258096	1.00780616723	0.944809816336	1.19877027066	1.09161420493	0.967489608507	1.00070410826	1.16866254712	1.14735314645	0.882340889319	0.941800990817	0.939602348961	0.87627479942	0.681029439343	1.10062636539	0.68307521508	1.0246897245	0.701695654906	1.07745806187
AD6	0.766383218946	0.548049047849	2.55990675689	1.1828961479	0.881867080715	0.396867322378	1.14610329628	0.468761039149	0.556900550991	0.838173707105	0.50125319478	0.700281546641	0.578529444176	2.21916048333	0.764698535524	0.642457631706	0.515869250846	0.481299966167	1.84084088449	1.39796758337	1.00295733204	0.720338960851	0.644392556791	0.637684451426	1.80053284195	0.883793030449	0.574994596423	0.54444038666	0.776147689705	0.931660285162	0.779954045433	0.58557222813	0.606861488642	0.502288680522	0.949566621556	0.761014635089	0.428688385694	0.797127631706	0.0	0.789716510391	0.405846911551	1.49728788304	1.39617176897	0.76310078782	0.63080942001	0.562862522958	0.941593059449	0.667892363461	0.866070270662	0.743825592073	0.702349801837	0.781583011116	0.442388221363	0.495595350411	0.4811819768	0.474360961817	0.56405897535	0.81567421943	0.605737588207	0.688904171097	0.380466911551	0.674390700822
AE5	0.625401440309	0.592068351861	2.30406646689	0.955734552924	0.665099560174	0.812942846786	0.763653513775	0.805626239729	1.0294837216	0.548747617206	1.07578234896	0.663874441759	0.74128240696	1.96071306912	0.669106326728	0.519817670372	0.905517448043	0.891556186564	1.45082285645	1.05354427743	0.958236529725	0.786408443693	1.03786432093	1.01861072499	1.32344512808	0.646659758337	0.934598240696	0.879212576124	0.842746114065	0.812796022233	0.94511742871	0.861894896085	0.92022898985	0.898787211213	0.86290741421	0.794498965684	0.939391353311	0.694793615273	0.789716510391	0.0	0.484924514258	1.17398372644	1.07163884485	0.602624625423	1.12125837119	1.10192698888	0.981643238279	0.935808941518	0.832178883519	0.7770040261	1.05509759304	0.97700698405	0.724770502658	0.74777717738	0.810811962301	0.665450541324	0.602550942484	0.898805161914	0.572950898985	0.845275258579	0.732038076365	0.908000628323
AE6	0.634367713871	0.350038927018	2.41904066699	1.0383680087	0.699830715321	0.461137820203	0.945152411793	0.522596988884	0.657177264379	0.66889040116	0.727975002417	0.55002520058	0.448620115998	2.07386397293	0.559473721605	0.451015708072	0.6560980087	0.662064132431	1.63211422426	1.20804859836	0.938988197197	0.666610686322	0.814088941518	0.800724664089	1.59957700822	0.724443286612	0.668030227163	0.640683721605	0.730806220396	0.831508260029	0.829773794103	0.692320966651	0.652598646689	0.563684891252	0.823200367327	0.618221913968	0.645153634606	0.652077336878	0.405846911551	0.484924514258	0.0	1.30968826003	1.20925716288	0.577614378927	0.779607167714	0.755406824553	0.902813639439	0.694472479459	0.70657157564	0.625487235379	0.79957341711	0.762843156114	0.427878670855	0.502638598357	0.526615683905	0.430402595457	0.425641536974	0.761514461092	0.427448521025	0.611092503625	0.433133156114	0.680524214596
AF5	1.25249864186	1.21553046399	1.34845637989	0.606375940068	1.1621260319	1.33373983567	0.853173006283	1.22059691638	1.349909884	0.983123465442	1.50897066699	1.19203246496	1.26697914451	1.02374708072	1.07198542291	1.22599961817	1.44515227163	1.47010390527	0.973432595457	0.673260695988	1.16180225713	1.17477552441	1.39592337844	1.37282	1.44499145481	1.14126446109	1.36530296278	1.31029997583	0.972248767521	0.914777312711	1.46796347511	1.40904324311	1.2255841421	1.33499296762	1.53609616723	1.46000890768	1.60748642823	0.794659400677	1.49728788304	1.17398372644	1.30968826003	0.0	0.157644736588	0.961652624456	1.69836037699	1.6172637651	1.72714028516	1.67210827936	1.54205571774	1.59797787337	1.76384407443	1.74380663122	1.51468832286	1.59108275979	1.59022812953	1.52688098598	1.25823363461	1.69198838569	1.23147084582	1.62316636056	1.36058101015	1.65704785404
AF6	1.19677919285	1.11862344611	1.43130968101	0.538073339778	1.06761041083	1.23358671822	0.795590947318	1.11900508458	1.24892797003	0.887107312711	1.41224871435	1.09953635089	1.16839716288	1.10371725955	0.96312077332	1.13312259546	1.35147358627	1.3778057999	1.00541509908	0.662684369261	1.11417117931	1.10269092315	1.29792543741	1.28412900918	1.4494539681	1.05314473175	1.26976011116	1.21486849203	0.87077557274	0.854862841953	1.40406419043	1.32488658772	1.11971696955	1.22936116481	1.45056699372	1.36125119865	1.49882548091	0.68864442726	1.39617176897	1.07163884485	1.20925716288	0.157644736588	0.0	0.85949062349	1.59420653456	1.51243259062	1.63333295795	1.5679962059	1.44277723538	1.49703491542	1.65129864186	1.64146217496	1.41692756887	1.48944239246	1.48388300628	1.42661879169	1.15764536974	1.59422826003	1.1280458579	1.52183050749	1.25969063799	1.55501368294
AG5	0.715267718705	0.47526900435	2.11685672789	0.797664117931	0.632245819236	0.631921488642	0.727775761237	0.583924552924	0.780413586274	0.491618255196	0.881225273079	0.494151353311	0.576922576124	1.77789695988	0.465435002417	0.565290521991	0.833728076365	0.812943537941	1.46036851619	0.969313707105	0.710957162881	0.636733301112	0.894765485742	0.885537167714	1.41935419043	0.624447496375	0.765172078299	0.732787119381	0.535178231029	0.554968777187	0.932459927501	0.807006056066	0.662610937651	0.665469932334	0.934579192847	0.735132725955	0.823860154664	0.337594258096	0.76310078782	0.602624625423	0.577614378927	0.961652624456	0.85949062349	0.0	0.952125577574	0.907041947801	1.12554867569	1.01882420976	0.861535321411	0.88068959884	1.12276623006	1.07404907685	0.748275514741	0.830531768971	0.875105529241	0.745766089899	0.632382924118	1.00491472692	0.612945635573	0.89371017883	0.642027796037	1.00201133398
