	AA3	AA4	AB3	AB4	AC3	AC4	AD3	AD4	AE3	AE4	AF3	AF4	AG3	AG4	AH3	AH4	AA7	AA8	AB7	AB8	AC7	AC8	AD7	AD8	AE7	AE8	AF7	AF8	AG7	AG8	AH7	AH8	AA5	AA6	AB5	AB6	AC5	AC6	AD6	AE5	AE6	AF5	AF6	AG5	AH5	AH6	AA1	AA2	AB1	AB2	AC1	AC2	AD1	AD2	AE1	AE2	AF1	AF2	AG1	AG2	AH1	AH2
AA3	0.0	0.558727999033	2.25650382794	1.00417136298	0.827082928951	0.746203011116	0.942813968101	0.763051068149	0.910161720638	0.663614562591	0.917389313678	0.737417071049	0.695341623973	1.91789842436	0.712156220396	0.227658235863	0.745991735138	0.698057945868	1.46363722571	1.04543545674	0.792096370227	0.63051282262	0.899945195747	0.830750792653	1.37522398743	0.583006524891	0.791670956984	0.650838477525	0.706073020783	0.660443600773	0.723093446109	0.652232025133	0.831594760754	0.832745833736	1.08458529725	0.87752922668	0.913674069599	0.755068342194	0.706361377477	0.583345567907	0.56391878202	1.25943805703	1.23174732238	0.70865701305	1.1443239101	1.00758374094	1.00480318511	0.938667525375	0.887568308362	0.835541701305	1.0443940986	0.951548003867	0.619456346061	0.717714465926	0.748521048816	0.641535645239	0.520567510875	0.87026619623	0.487580797487	0.878978385694	0.642691275979	0.973351208313
AA4	0.558727999033	0.0	2.23099445626	0.932160164331	0.618447680039	0.57769502175	0.914194436926	0.468212774287	0.686443707105	0.552992431126	0.771323837603	0.432324287095	0.447335432576	1.89311274529	0.289613653939	0.384278927018	0.691635722571	0.684148545191	1.57309619623	1.05603027066	0.860800753987	0.66650301595	0.865778144031	0.797008893185	1.50888988884	0.595509255679	0.67742561624	0.623718772354	0.654665563074	0.674891387144	0.876021551474	0.710001232479	0.590051469309	0.622200309328	0.940709458676	0.644220367327	0.753709328178	0.515488743354	0.563194306428	0.574986800387	0.369583339778	1.16389134364	1.14237043983	0.458294388594	0.971554084099	0.817752329628	0.968454596423	0.808612295795	0.745313620106	0.744896379894	0.928106563557	0.854316273562	0.581030560657	0.63408237796	0.659433852102	0.603053349444	0.443659067182	0.787497868536	0.474458637023	0.772744760754	0.494710033833	0.841659922668
AB3	2.25650382794	2.23099445626	0.0	1.42849703722	2.1927561914	2.41764760271	1.87650059932	2.31814103432	2.37026850652	2.11224028516	2.50455233929	2.26925832769	2.34235344611	0.381576665056	2.14053172547	2.25496073949	2.48198276462	2.49592996133	1.15878872885	1.46839219913	1.97368930401	2.18791153697	2.42517957951	2.3840342436	1.90765299662	2.17626711455	2.36484147414	2.26642698405	1.88632451426	1.81824360077	2.44448056066	2.4245541421	2.27396	2.39054311745	2.55693966167	2.4572218318	2.61959408893	1.98618336394	2.51373552924	2.30012315128	2.38399748671	1.31859744804	1.33750050749	2.06686598357	2.759450145	2.63456616723	2.6760439681	2.67561450459	2.53129658289	2.60372318995	2.76874703238	2.70699360077	2.5343538811	2.611149884	2.6098519333	2.57856570807	2.30198672789	2.66782500725	2.30164926535	2.65948572257	2.41199714355	2.71101869019
AB4	1.00417136298	0.932160164331	1.42849703722	0.0	0.929461106815	1.1001137651	0.76037962784	1.07037814886	1.24238912035	0.853849966167	1.28482909618	0.96385741421	0.948706259062	1.0714017448	0.868308376027	0.953840038666	1.2314461334	1.23705511841	0.96197558724	0.459435693572	0.947138550024	0.991429009183	1.25271727405	1.17477876269	1.23661738038	0.916742479459	1.17310158531	1.03348295795	0.688052455292	0.626282977284	1.3037820058	1.20457952151	1.1264401305	1.19592891252	1.39987134364	1.23834743354	1.40183426776	0.77620120348	1.22901634606	0.999869913001	1.07110049783	0.559063629773	0.552898086032	0.80817937651	1.56793061382	1.42523696955	1.4674541421	1.40779467376	1.29927582407	1.34066138714	1.53118952151	1.46703510391	1.23745390527	1.33621922668	1.36549361044	1.28905046883	1.03936832769	1.41782692605	1.03483435476	1.38911730788	1.14162827453	1.4641981247
AC3	0.827082928951	0.618447680039	2.1927561914	0.929461106815	0.0	0.771941251812	0.894994180764	0.829184610923	0.986524581924	0.674403455776	1.09614919768	0.324561971967	0.795437525375	1.85923787337	0.647184475592	0.735875161914	0.988127849203	0.950649043016	1.44673152247	1.03177714838	1.04848038183	1.00601760754	1.24974773804	1.17039932818	1.30391324795	0.815148448526	1.04846467376	1.00470202513	0.904030246496	0.86821921218	1.1634237796	1.00682307395	0.943524359594	0.944895219913	0.843386901885	0.730392803287	0.997149381344	0.705244040599	0.850263030449	0.636110565491	0.642934248429	1.14507339778	1.14224093282	0.591288110198	1.22599346061	1.09677439343	0.879286123731	0.913617046883	0.748740517158	0.789839632673	1.04748631706	0.942056491058	0.715509637506	0.826401793137	0.841719927501	0.765980265829	0.782450362494	0.878131735138	0.791813257612	0.889047481875	0.852866365394	0.943761387144
AC4	0.746203011116	0.57769502175	2.41764760271	1.1001137651	0.771941251812	0.0	1.18127146931	0.375112783954	0.459448762687	0.787397544708	0.37337059449	0.537780826486	0.482864470759	2.07819930884	0.748694823586	0.693434809087	0.573145679072	0.547375659739	1.85823758821	1.32592119381	0.914370362494	0.6448299855	0.665848081199	0.595255041083	1.75049450942	0.776209217013	0.548021904302	0.523700666989	0.690141802803	0.814598308362	0.827362402127	0.623745543741	0.464337791203	0.386951648139	1.00329270662	0.720130169164	0.532161440309	0.652474127598	0.409443779604	0.793562817786	0.502768260029	1.37392241179	1.35075739004	0.626628308362	0.731775031416	0.551902315128	1.06326638956	0.867571802803	0.834108912518	0.801800971484	0.862876926051	0.923884306428	0.577446056066	0.671952479459	0.663784726921	0.630291851136	0.633551836636	0.887696186564	0.656046399227	0.776445911068	0.429579661672	0.852277274045
AD3	0.942813968101	0.914194436926	1.87650059932	0.76037962784	0.894994180764	1.18127146931	0.0	1.05309869502	1.33893163847	0.465374707588	1.37761664089	0.955192363461	1.11601244079	1.536539826	0.821027936201	0.91657962784	1.27640132431	1.23717960851	1.29461534074	0.803387733204	0.887665456742	0.973147612373	1.35795714355	1.28955436926	1.22257852586	0.917040251329	1.2447061334	1.09149374094	0.914285306912	0.801196263896	1.20082939584	1.14260391493	1.21343718705	1.21409728855	1.22907500242	1.06199027066	1.3198138666	0.75447322378	1.15982700338	0.841540966651	0.981834693088	0.80872622523	0.778939589174	0.780791793137	1.50014078782	1.36256031899	1.38233923151	1.3893719623	1.18757876752	1.19670875785	1.50118034316	1.4290639246	1.18566444659	1.23649704688	1.28439647656	1.18879051232	1.00131329145	1.33614119865	0.985810173997	1.27687441276	1.17888661672	1.41300455776
AD4	0.763051068149	0.468212774287	2.31814103432	1.07037814886	0.829184610923	0.375112783954	1.05309869502	0.0	0.323754876752	0.645585814403	0.502755287579	0.613765693572	0.484325277912	1.97791125181	0.616422068632	0.633519550507	0.523484504592	0.517750347994	1.81621972934	1.27188535524	0.877554736588	0.554856234896	0.577116727888	0.512582866119	1.74822549541	0.744197022716	0.429814417593	0.411095509908	0.601991831803	0.738873653939	0.804710062832	0.593048487192	0.307145645239	0.343566810053	1.09028353794	0.78555041566	0.542046781054	0.549487008217	0.455048521025	0.752249695505	0.497022000967	1.24614054132	1.2311041711	0.555372353794	0.742572561624	0.570239313678	1.14106297245	0.925988965684	0.934688733688	0.910397438376	0.922859569841	0.980729714838	0.660154229096	0.705390724988	0.687342382794	0.699637617206	0.544019217013	0.953771435476	0.601807254712	0.869678888352	0.459933054616	0.913169913001
AE3	0.910161720638	0.686443707105	2.37026850652	1.24238912035	0.986524581924	0.459448762687	1.33893163847	0.323754876752	0.0	0.928777568874	0.384017665539	0.77209242146	0.620800260996	2.0492422813	0.820148168197	0.834928849686	0.53669222813	0.623651449976	1.98105301112	1.45241327211	0.999997636539	0.711010637989	0.474956254229	0.444862837119	1.93856731271	0.938062928951	0.427811459642	0.525758893185	0.72451681972	0.906806297728	0.910075717738	0.725102812953	0.289487423876	0.324491169647	1.2106261479	0.927056756887	0.529985311745	0.744945045916	0.584819656839	0.995592498792	0.689336694055	1.34532235863	1.33404681972	0.768647182214	0.781105321411	0.597737022716	1.27626761237	1.05219512325	1.09020895602	1.05012869019	1.0394121943	1.11348376994	0.784513494442	0.844797259546	0.810754369261	0.84098939101	0.730253175447	1.09479871435	0.784359357177	1.00749594973	0.58478878202	1.04330469309
AE4	0.663614562591	0.552992431126	2.11224028516	0.853849966167	0.674403455776	0.787397544708	0.465374707588	0.645585814403	0.928777568874	0.0	0.985920183664	0.61661638956	0.757162527791	1.7711620928	0.51449481392	0.573350265829	0.889757713871	0.859417457709	1.50393713388	0.980459685839	0.711137873369	0.662255862736	0.962957341711	0.893353368777	1.36382888352	0.575329961334	0.83941897535	0.698593755437	0.608131295312	0.581850101498	0.92283298695	0.789827931368	0.806601889802	0.822792875785	0.993550115998	0.790055582407	0.936310381827	0.482771227646	0.778057883035	0.548020410826	0.610751285645	1.00065529725	0.985082638956	0.478648898018	1.13071540841	0.991897356211	1.10094529725	1.09093362977	0.905020454326	0.924101686805	1.21172605123	1.13187473659	0.865944683422	0.900299052682	0.931142068632	0.857562619623	0.648497694538	1.03962258579	0.641180483325	0.998414301595	0.789156945384	1.12283765104
AF3	0.917389313678	0.771323837603	2.50455233929	1.28482909618	1.09614919768	0.37337059449	1.37761664089	0.502755287579	0.384017665539	0.985920183664	0.0	0.861579705172	0.648196631223	2.1721679217	0.922024084099	0.872541179314	0.484441068149	0.539957660706	2.02762952634	1.49682968101	1.02272549058	0.760947810536	0.415261324311	0.370489840503	1.96927799903	0.970556747221	0.44543277912	0.606654441759	0.81591279362	0.971419110681	0.816051362977	0.662290299662	0.453300111165	0.44739457709	1.21426122281	0.983912682455	0.496585277912	0.815989081682	0.538267182214	1.01111852586	0.708219453842	1.4877459304	1.46597644273	0.828848762687	0.74327939101	0.558806104398	1.2537381537	1.04702899952	1.12753531174	1.04335743354	1.02852858386	1.08466471242	0.781233073949	0.808040038666	0.799424504592	0.77543681972	0.803310695988	1.04441203963	0.835226331561	0.974799395843	0.536753707105	1.03004570324
AF4	0.737417071049	0.432324287095	2.26925832769	0.96385741421	0.324561971967	0.537780826486	0.955192363461	0.613765693572	0.77209242146	0.61661638956	0.861579705172	0.0	0.572520396327	1.93324302562	0.524587510875	0.621711459642	0.826542203963	0.802184925085	1.63199540841	1.11100341228	0.925791227646	0.800376321895	1.03755365394	0.957234456259	1.4787982262	0.664589560174	0.836720961817	0.795760188497	0.77215540841	0.755204258096	1.01544569357	0.858329521508	0.730592595457	0.725832561624	0.806771068149	0.529470840986	0.762243272112	0.576392943451	0.675624490092	0.602332063799	0.501596143064	1.1967557564	1.17651780087	0.48041778637	0.985002788787	0.840049492508	0.855188453359	0.77380621073	0.608656283229	0.648778704688	0.893384751087	0.822533600773	0.566450691155	0.666998912518	0.694355355244	0.637275364911	0.641163334944	0.757298849686	0.659152474625	0.727407539874	0.651882054132	0.795924654422
AG3	0.695341623973	0.447335432576	2.34235344611	0.948706259062	0.795437525375	0.482864470759	1.11601244079	0.484325277912	0.620800260996	0.757162527791	0.648196631223	0.572520396327	0.0	1.98395722571	0.529301005317	0.574529507008	0.553322812953	0.539492677622	1.75576643789	1.22879377477	0.924593547608	0.639149168681	0.730248289029	0.675436718221	1.63095804253	0.684565993233	0.567721841469	0.547750763654	0.697185500242	0.767593064282	0.825849511841	0.640955640406	0.553139961334	0.553176118898	1.02382675689	0.765443939101	0.70082499275	0.639798985017	0.510094949251	0.718625190913	0.474323025616	1.30176221363	1.28408092315	0.582286147898	0.891064451426	0.744115514741	1.01414304012	0.789614446593	0.82945757854	0.79910320928	0.897558400193	0.858283122281	0.540751860802	0.6384600145	0.676419743838	0.601706964717	0.466728081199	0.847296094732	0.508141271145	0.767842010633	0.38713057999	0.817502121798
AG4	1.91789842436	1.89311274529	0.381576665056	1.0714017448	1.85923787337	2.07819930884	1.536539826	1.97791125181	2.0492422813	1.7711620928	2.1721679217	1.93324302562	1.98395722571	0.0	1.80951659739	1.91257999517	2.15379503142	2.16374100048	0.906194963751	1.14174360561	1.64225384727	1.85244449009	2.09362294345	2.05009846786	1.63667068632	1.84614590623	2.03190749638	1.92843693088	1.5623560754	1.48693496858	2.13227621073	2.09037502175	1.95066102465	2.05141183664	2.23013933301	2.12309484292	2.2871379652	1.65378512325	2.17256813436	1.95969705172	2.04368519091	0.997912837119	1.0045402465	1.73490672789	2.42417832286	2.29693772837	2.33569356694	2.33351543258	2.19205365394	2.26180366361	2.43417311261	2.36833265346	2.19318358627	2.2706718173	2.28006996133	2.23741220396	1.96635102948	2.32882763654	1.96675502658	2.31640592557	2.07482707105	2.37500172547
AH3	0.712156220396	0.289613653939	2.14053172547	0.868308376027	0.647184475592	0.748694823586	0.821027936201	0.616422068632	0.820148168197	0.51449481392	0.922024084099	0.524587510875	0.529301005317	1.80951659739	0.0	0.532912000967	0.778872885452	0.766469797003	1.52460161431	1.01431337844	0.853645495408	0.756488231029	0.938450840986	0.890118873852	1.43889129531	0.653162880619	0.764258583857	0.707136263896	0.688054403093	0.660460043499	0.993843489609	0.831534103432	0.682514296762	0.77594017883	1.01373602707	0.769259830836	0.909448559691	0.519305403577	0.732727506042	0.595063499275	0.556874180764	1.06141566941	1.03644768004	0.469234963751	1.14193483325	0.983540647656	1.04040498308	0.926551498308	0.835139714838	0.871455050749	1.05811767521	0.975568999517	0.752928748188	0.806436631223	0.833168057032	0.781612851619	0.541202078299	0.922956500725	0.567546955051	0.903073330111	0.639753035283	0.957478525858
AH4	0.227658235863	0.384278927018	2.25496073949	0.953840038666	0.735875161914	0.693434809087	0.91657962784	0.633519550507	0.834928849686	0.573350265829	0.872541179314	0.621711459642	0.574529507008	1.91257999517	0.532912000967	0.0	0.671379173514	0.643877390043	1.4802462784	1.03753545191	0.80975817303	0.609481701305	0.835352856452	0.757253455776	1.39818435959	0.524517230546	0.709663383277	0.589899951667	0.679649603673	0.648852933784	0.758060923151	0.595766094732	0.739879482842	0.752254084099	1.01824475109	0.779107365877	0.844719139681	0.638892300628	0.633938956017	0.490042924118	0.456572474625	1.21670071049	1.19809567907	0.598644712421	1.06565198647	0.927866520058	0.963653455776	0.863089105848	0.823852025133	0.775098777187	0.967986466892	0.886686065732	0.572326781054	0.658245635573	0.69453457709	0.59889037216	0.385288211696	0.812849449009	0.373059487675	0.819966868052	0.575694335428	0.895383673272
AA7	0.745991735138	0.691635722571	2.48198276462	1.2314461334	0.988127849203	0.573145679072	1.27640132431	0.523484504592	0.53669222813	0.889757713871	0.484441068149	0.826542203963	0.553322812953	2.15379503142	0.778872885452	0.671379173514	0.0	0.18124518608	1.82224932818	1.33521588207	0.981774833253	0.641843078782	0.453248250362	0.431011005317	1.77298335911	0.815666350894	0.365273605607	0.43031337361	0.765941933301	0.878435674239	0.653485355244	0.4234040116	0.486514499758	0.521284664089	1.217720058	1.00420888835	0.534900932818	0.828907162881	0.519008859352	0.899278434026	0.688469540841	1.45661132914	1.44624072015	0.838300831319	0.815945621073	0.630444146931	1.14970681972	0.951847129048	1.08706073949	1.00100948284	0.922349052682	0.979501855969	0.682031551474	0.712874456259	0.697814224263	0.703022527791	0.522148922185	0.953129086515	0.559629603673	0.937080270662	0.45790737071	0.927849642339
AA8	0.698057945868	0.684148545191	2.49592996133	1.23705511841	0.950649043016	0.547375659739	1.23717960851	0.517750347994	0.623651449976	0.859417457709	0.539957660706	0.802184925085	0.539492677622	2.16374100048	0.766469797003	0.643877390043	0.18124518608	0.0	1.79804389077	1.32745987917	0.938007230546	0.593029415176	0.532713233446	0.50837217013	1.71193420976	0.769854001933	0.435075079749	0.433311135814	0.767655519575	0.870049473175	0.582210019333	0.339274504592	0.541563736104	0.555615727405	1.16472144514	0.961581014983	0.577928709522	0.822757588207	0.455261295312	0.855138699855	0.644097887869	1.47944292412	1.46404294828	0.812307235379	0.799562435959	0.634445505075	1.08731939101	0.895065683905	1.03749135814	0.933381648139	0.860874113098	0.917984441759	0.612537133881	0.640654818753	0.640782909618	0.623729057516	0.50553301595	0.88908477042	0.533508342194	0.85565500725	0.432985248913	0.863271532141
AB7	1.46363722571	1.57309619623	1.15878872885	0.96197558724	1.44673152247	1.85823758821	1.29461534074	1.81621972934	1.98105301112	1.50393713388	2.02762952634	1.63199540841	1.75576643789	0.906194963751	1.52460161431	1.4802462784	1.82224932818	1.79804389077	0.0	0.595570111165	1.51136193813	1.6099279217	1.97040248913	1.895830174	1.09474518608	1.46469357177	1.84170539874	1.69644612373	1.37694045433	1.2016757709	1.73691756404	1.71908708555	1.85112396327	1.92367465926	1.89516904785	1.81909410826	2.00273993717	1.51080055099	1.86273641856	1.4997819623	1.65813996133	0.991695456742	0.972234494925	1.50095383277	2.2169601305	2.09315570807	1.94552061382	1.96266594973	1.83227405993	1.86162272595	2.08347558724	1.99535325278	1.79955527308	1.8603882987	1.87624333978	1.8258279217	1.6227918898	1.93894387627	1.61106323345	1.92645043983	1.79714034316	1.99142676172
AB8	1.04543545674	1.05603027066	1.46839219913	0.459435693572	1.03177714838	1.32592119381	0.803387733204	1.27188535524	1.45241327211	0.980459685839	1.49682968101	1.11100341228	1.22879377477	1.14174360561	1.01431337844	1.03753545191	1.33521588207	1.32745987917	0.595570111165	0.0	1.00958999033	1.07573156597	1.43478409377	1.36220361044	1.12399619623	0.965766930884	1.30498845336	1.1555681247	0.819792817786	0.675393093282	1.26687476075	1.23579820203	1.32509102948	1.38054926535	1.42044559691	1.3007719623	1.46873338328	0.96553219913	1.35539280329	1.04736112131	1.17088376994	0.685156645723	0.66445901885	0.96157120348	1.68648397777	1.54830450459	1.54179674722	1.50565318028	1.37708281779	1.39536468826	1.63200984534	1.55257989367	1.35342171097	1.40397289029	1.4266039101	1.3747478927	1.14054953117	1.50168307395	1.13873430159	1.4584422523	1.26178472209	1.54399638956
AC7	0.792096370227	0.860800753987	1.97368930401	0.947138550024	1.04848038183	0.914370362494	0.887665456742	0.877554736588	0.999997636539	0.711137873369	1.02272549058	0.925791227646	0.924593547608	1.64225384727	0.853645495408	0.80975817303	0.981774833253	0.938007230546	1.51136193813	1.00958999033	0.0	0.451695118415	0.972673455776	0.914471106815	1.41135052682	0.704217394877	0.933306399227	0.74653881102	0.552146413726	0.55073742871	0.865678661189	0.803613383277	0.868835161914	0.906430468826	1.28994345578	1.09909768971	1.13883074915	0.736726665056	0.992237080715	0.962304538424	0.939241242146	1.1589078927	1.1331942001	0.726157887869	1.16145444176	1.02054419043	1.48559211213	1.40736753021	1.23925534074	1.22593365394	1.51071854036	1.45106912035	1.08514553407	1.17925219913	1.22596296762	1.12015442243	0.893442498792	1.36039531658	0.863835331078	1.29616036249	0.915202580957	1.4456700435
AC8	0.63051282262	0.66650301595	2.18791153697	0.991429009183	1.00601760754	0.6448299855	0.973147612373	0.554856234896	0.711010637989	0.662255862736	0.760947810536	0.800376321895	0.639149168681	1.85244449009	0.756488231029	0.609481701305	0.641843078782	0.593029415176	1.6099279217	1.07573156597	0.451695118415	0.0	0.685079603673	0.620646147898	1.5196617593	0.585730898985	0.526478704688	0.36114578057	0.479859231513	0.56407217013	0.611497182214	0.501812097632	0.595014446593	0.627227626873	1.16642070082	0.900897699372	0.802266466892	0.677834301595	0.672786882552	0.807189275012	0.682717114548	1.19558591107	1.17469059449	0.693287061382	0.942947849203	0.79100120348	1.3099981247	1.10775152247	1.06200274529	1.02297137264	1.17126521025	1.15739800387	0.792679656839	0.847347501208	0.883330488159	0.829475650072	0.568285089415	1.10774659739	0.571961150314	0.993279714838	0.565212759787	1.1060920058
AD7	0.899945195747	0.865778144031	2.42517957951	1.25271727405	1.24974773804	0.665848081199	1.35795714355	0.577116727888	0.474956254229	0.962957341711	0.415261324311	1.03755365394	0.730248289029	2.09362294345	0.938450840986	0.835352856452	0.453248250362	0.532713233446	1.97040248913	1.43478409377	0.972673455776	0.685079603673	0.0	0.15496359594	1.92238366361	0.878877327211	0.387157515708	0.483134635089	0.723322257129	0.89702777187	0.752658245529	0.603910647656	0.494855239246	0.538293736104	1.38287642823	1.14515442243	0.617984688255	0.864334166264	0.690412460126	1.05341033833	0.885074417593	1.40846005317	1.39770783954	0.936599705172	0.843793446109	0.666396718221	1.37904823586	1.16820584824	1.28266587724	1.21079048333	1.12564604157	1.21694674239	0.930621261479	0.932917834703	0.903173958434	0.93764221363	0.745640517158	1.19244017883	0.783093794103	1.13523320928	0.622230362494	1.1427961624
AD8	0.830750792653	0.797008893185	2.3840342436	1.17477876269	1.17039932818	0.595255041083	1.28955436926	0.512582866119	0.444862837119	0.893353368777	0.370489840503	0.957234456259	0.675436718221	2.05009846786	0.890118873852	0.757253455776	0.431011005317	0.50837217013	1.895830174	1.36220361044	0.914471106815	0.620646147898	0.15496359594	0.0	1.81513192847	0.774172948284	0.340574035766	0.43753518608	0.656343600773	0.81471341711	0.704646007733	0.537663040116	0.477955355244	0.498716259062	1.33151768487	1.0873338811	0.595911329145	0.800282537458	0.629125761237	0.968113267279	0.801606868052	1.3703839391	1.35597527308	0.868731227646	0.815647162881	0.641107148381	1.33120840019	1.1266040406	1.21460681489	1.1397161479	1.09782285162	1.17544326245	0.869575558241	0.887883866602	0.863310507492	0.88324738521	0.703390502658	1.14396630739	0.744291135814	1.07131263896	0.562602977284	1.10189820203
AE7	1.37522398743	1.50888988884	1.90765299662	1.23661738038	1.30391324795	1.75049450942	1.22257852586	1.74822549541	1.93856731271	1.36382888352	1.96927799903	1.4787982262	1.63095804253	1.63667068632	1.43889129531	1.39818435959	1.77298335911	1.71193420976	1.09474518608	1.12399619623	1.41135052682	1.5196617593	1.92238366361	1.81513192847	0.0	1.066830029	1.80777152247	1.64434111165	1.38149173997	1.28762434993	1.57230360077	1.59359440793	1.81577559691	1.85528890285	1.71288918801	1.69611216046	1.93811172547	1.50709772354	1.77719849203	1.36728515708	1.57946344611	1.45073150797	1.43986709522	1.43616395843	2.07283926535	1.95851646689	1.72611143548	1.80198538424	1.63668385694	1.64845936684	1.96157346544	1.82242305945	1.66549818753	1.69526728855	1.74621724505	1.65118737554	1.57029766554	1.75210751571	1.54020895118	1.76517741421	1.71513840503	1.84666384727
AE8	0.583006524891	0.595509255679	2.17626711455	0.916742479459	0.815148448526	0.776209217013	0.917040251329	0.744197022716	0.938062928951	0.575329961334	0.970556747221	0.664589560174	0.684565993233	1.84614590623	0.653162880619	0.524517230546	0.815666350894	0.769854001933	1.46469357177	0.965766930884	0.704217394877	0.585730898985	0.878877327211	0.774172948284	1.066830029	0.0	0.803933827936	0.655297839536	0.615958511358	0.561519260512	0.743371068149	0.664586360561	0.812630265829	0.850256669889	1.10663129048	0.882753885935	0.954479521508	0.6736820203	0.814300236829	0.630967056549	0.62997078782	1.18543443209	1.16962363944	0.620112315128	1.13298658772	1.01105048816	1.16953012566	1.08411506525	0.939878390527	0.944330120831	1.18899506525	1.12755086515	0.833610381827	0.880434765587	0.912025079749	0.833579705172	0.64945737071	1.06506092798	0.647689188014	0.98422237796	0.731811150314	1.11750233446
AF7	0.791670956984	0.67742561624	2.36484147414	1.17310158531	1.04846467376	0.548021904302	1.2447061334	0.429814417593	0.427811459642	0.83941897535	0.44543277912	0.836720961817	0.567721841469	2.03190749638	0.764258583857	0.709663383277	0.365273605607	0.435075079749	1.84170539874	1.30498845336	0.933306399227	0.526478704688	0.387157515708	0.340574035766	1.80777152247	0.803933827936	0.0	0.26226257129	0.661325282745	0.78490240696	0.690977162881	0.5255039971	0.423802334461	0.446361691638	1.18018476075	0.934177728371	0.524612489125	0.726404934751	0.553832218463	0.904943078782	0.68122659739	1.36385294828	1.3413459159	0.752235345578	0.803439246013	0.635137017883	1.21217630739	1.00898767521	1.08212707588	1.03015644756	0.976266940551	1.05277040599	0.749671246979	0.791263586274	0.775312827453	0.790887124215	0.585434842919	1.02557572257	0.63065242146	0.966395577574	0.470746795553	0.988201459642
AF8	0.650838477525	0.623718772354	2.26642698405	1.03348295795	1.00470202513	0.523700666989	1.09149374094	0.411095509908	0.525758893185	0.698593755437	0.606654441759	0.795760188497	0.547750763654	1.92843693088	0.707136263896	0.589899951667	0.43031337361	0.433311135814	1.69644612373	1.1555681247	0.74653881102	0.36114578057	0.483134635089	0.43753518608	1.64434111165	0.655297839536	0.26226257129	0.0	0.523116099565	0.64774257129	0.647765785404	0.464846433059	0.45316078782	0.490530729821	1.16947491058	0.912057293378	0.629893861769	0.682217346544	0.545524649589	0.80204662639	0.635807941034	1.24916686805	1.23264823586	0.704249864669	0.883156616723	0.719103600773	1.22081840503	1.01781878202	1.04264734654	1.01361834219	0.999235814403	1.06664957467	0.744020497825	0.800498859352	0.804006370227	0.794787829869	0.506177037216	1.03461104398	0.52679637506	0.964714610923	0.455120550991	1.0068977187
AG7	0.706073020783	0.654665563074	1.88632451426	0.688052455292	0.904030246496	0.690141802803	0.914285306912	0.601991831803	0.72451681972	0.608131295312	0.81591279362	0.77215540841	0.697185500242	1.5623560754	0.688054403093	0.679649603673	0.765941933301	0.767655519575	1.37694045433	0.819792817786	0.552146413726	0.479859231513	0.723322257129	0.656343600773	1.38149173997	0.615958511358	0.661325282745	0.523116099565	0.0	0.244026993717	0.815353658772	0.701663847269	0.60871781537	0.728746723055	1.27126954084	0.977286713388	0.905643475109	0.49158500725	0.803572136298	0.84416157564	0.741708255196	0.954495563074	0.93179962784	0.519382967617	1.1236560029	0.952282716288	1.35831824553	1.15652757371	1.16171924118	1.13361150314	1.2512337796	1.21232997583	0.902995195747	0.982615925568	0.983917240213	0.937952648623	0.677576674722	1.18500674722	0.675109623006	1.11007230546	0.714916515225	1.18804298212
AG8	0.660443600773	0.674891387144	1.81824360077	0.626282977284	0.86821921218	0.814598308362	0.801196263896	0.738873653939	0.906806297728	0.581850101498	0.971419110681	0.755204258096	0.767593064282	1.48693496858	0.660460043499	0.648852933784	0.878435674239	0.870049473175	1.2016757709	0.675393093282	0.55073742871	0.56407217013	0.89702777187	0.81471341711	1.28762434993	0.561519260512	0.78490240696	0.64774257129	0.244026993717	0.0	0.880220091832	0.799353093282	0.786334388594	0.858272469792	1.24432283712	1.00730016433	1.02398836153	0.504230521991	0.896725625906	0.799622469792	0.776564200097	0.905955548574	0.883487472209	0.509785766071	1.22160508458	1.07382655872	1.33217435476	1.23609611406	1.14405781537	1.1541421508	1.33641794103	1.28555985984	0.97342502175	1.04868536491	1.05468633156	1.00420630256	0.74277160464	1.22146380377	0.737003218946	1.18297997583	0.802305374577	1.26545341711
AH7	0.723093446109	0.876021551474	2.44448056066	1.3037820058	1.1634237796	0.827362402127	1.20082939584	0.804710062832	0.910075717738	0.92283298695	0.816051362977	1.01544569357	0.825849511841	2.13227621073	0.993843489609	0.758060923151	0.653485355244	0.582210019333	1.73691756404	1.26687476075	0.865678661189	0.611497182214	0.752658245529	0.704646007733	1.57230360077	0.743371068149	0.690977162881	0.647765785404	0.815353658772	0.880220091832	0.0	0.294813852102	0.883614644756	0.878544354761	1.17873323345	1.01812597873	0.824307167714	0.966765558241	0.745750154664	0.953935688739	0.83622478492	1.47658145964	1.45770328178	0.966976220396	0.992313383277	0.887204475592	1.2881179362	1.11116646206	1.18701643789	1.04318160464	1.1276277187	1.13364487192	0.859999207347	0.831528869019	0.837153798937	0.82906181247	0.753892015466	1.09980061866	0.764845804737	1.01174113098	0.715256379894	1.08986050749
AH8	0.652232025133	0.710001232479	2.4245541421	1.20457952151	1.00682307395	0.623745543741	1.14260391493	0.593048487192	0.725102812953	0.789827931368	0.662290299662	0.858329521508	0.640955640406	2.09037502175	0.831534103432	0.595766094732	0.4234040116	0.339274504592	1.71908708555	1.23579820203	0.803613383277	0.501812097632	0.603910647656	0.537663040116	1.59359440793	0.664586360561	0.5255039971	0.464846433059	0.701663847269	0.799353093282	0.294813852102	0.0	0.673873475109	0.658590734654	1.1244580667	0.911227274045	0.685410463992	0.817090555824	0.541966162397	0.823218482359	0.677087907202	1.41349888835	1.39882170614	0.815264717255	0.84994720638	0.715056761721	1.16504299178	0.98611821653	1.0399399855	0.917377467376	0.970526674722	1.00998473659	0.685562880619	0.698271333978	0.710700053166	0.686245089415	0.577071909135	0.971010942484	0.592668095698	0.870927694538	0.500090850652	0.956275065249
AA5	0.831594760754	0.590051469309	2.27396	1.1264401305	0.943524359594	0.464337791203	1.21343718705	0.307145645239	0.289487423876	0.806601889802	0.453300111165	0.730592595457	0.553139961334	1.95066102465	0.682514296762	0.739879482842	0.486514499758	0.541563736104	1.85112396327	1.32509102948	0.868835161914	0.595014446593	0.494855239246	0.477955355244	1.81577559691	0.812630265829	0.423802334461	0.45316078782	0.60871781537	0.786334388594	0.883614644756	0.673873475109	0.0	0.26904438376	1.22293879169	0.910643562107	0.613691121315	0.59383419043	0.592706520058	0.849955785404	0.632680444659	1.22145167714	1.19842865636	0.632947481875	0.806439096182	0.608831483809	1.29808446109	1.08710663606	1.0799198985	1.0642379217	1.07305682455	1.14502535524	0.791540966651	0.858873692605	0.82613080232	0.84844040116	0.599081140648	1.10874447559	0.64626338811	1.02198546158	0.510741889802	1.0735801595
AA6	0.832745833736	0.622200309328	2.39054311745	1.19592891252	0.944895219913	0.386951648139	1.21409728855	0.343566810053	0.324491169647	0.822792875785	0.44739457709	0.725832561624	0.553176118898	2.05141183664	0.77594017883	0.752254084099	0.521284664089	0.555615727405	1.92367465926	1.38054926535	0.906430468826	0.627227626873	0.538293736104	0.498716259062	1.85528890285	0.850256669889	0.446361691638	0.490530729821	0.728746723055	0.858272469792	0.878544354761	0.658590734654	0.26904438376	0.0	1.07508705172	0.795971802803	0.49362381827	0.630317655872	0.471632344128	0.877306549058	0.562158970517	1.33655952151	1.31127123248	0.670884789754	0.584370546158	0.395840845819	1.18131822136	0.971462580957	0.956080347994	0.917241532141	0.955928535524	1.02307125665	0.666787747704	0.741217941034	0.718833165781	0.717633214113	0.63188518608	0.972143639439	0.677590555824	0.883307747704	0.486995882069	0.962229473175
AB5	1.08458529725	0.940709458676	2.55693966167	1.39987134364	0.843386901885	1.00329270662	1.22907500242	1.09028353794	1.2106261479	0.993550115998	1.21426122281	0.806771068149	1.02382675689	2.23013933301	1.01373602707	1.01824475109	1.217720058	1.16472144514	1.89516904785	1.42044559691	1.28994345578	1.16642070082	1.38287642823	1.33151768487	1.71288918801	1.10663129048	1.18018476075	1.16947491058	1.27126954084	1.24432283712	1.17873323345	1.1244580667	1.22293879169	1.07508705172	0.0	0.377268501692	0.954591227646	1.06676894152	0.950615732238	0.839732933784	0.83531720638	1.55932636056	1.55486568874	0.99334141131	0.993368453359	0.970482493958	0.832213615273	0.900897162881	0.740020024166	0.702727462542	1.0254219188	0.920039313678	0.834213958434	0.866107873369	0.918471488642	0.86641279362	1.03267912035	0.829800347994	1.03234502175	0.820354461092	1.01228913001	0.940538390527
AB6	0.87752922668	0.644220367327	2.4572218318	1.23834743354	0.730392803287	0.720130169164	1.06199027066	0.78555041566	0.927056756887	0.790055582407	0.983912682455	0.529470840986	0.765443939101	2.12309484292	0.769259830836	0.779107365877	1.00420888835	0.961581014983	1.81909410826	1.3007719623	1.09909768971	0.900897699372	1.14515442243	1.0873338811	1.69611216046	0.882753885935	0.934177728371	0.912057293378	0.977286713388	1.00730016433	1.01812597873	0.911227274045	0.910643562107	0.795971802803	0.377268501692	0.0	0.743494238763	0.763490270662	0.73595781537	0.701841097148	0.586435519575	1.3955281247	1.37993264379	0.695941048816	0.809767375544	0.76663542291	0.807048516191	0.726400029	0.581246302562	0.52640839536	0.834788206863	0.761192271629	0.618942595457	0.671798675689	0.725362126631	0.682672237796	0.752821251812	0.687015654906	0.759289966167	0.622088724021	0.788859574674	0.749943943934
AC5	0.913674069599	0.753709328178	2.61959408893	1.40183426776	0.997149381344	0.532161440309	1.3198138666	0.542046781054	0.529985311745	0.936310381827	0.496585277912	0.762243272112	0.70082499275	2.2871379652	0.909448559691	0.844719139681	0.534900932818	0.577928709522	2.00273993717	1.46873338328	1.13883074915	0.802266466892	0.617984688255	0.595911329145	1.93811172547	0.954479521508	0.524612489125	0.629893861769	0.905643475109	1.02398836153	0.824307167714	0.685410463992	0.613691121315	0.49362381827	0.954591227646	0.743494238763	0.0	0.795559995167	0.471330768487	0.924057955534	0.644697588207	1.59573870952	1.57304376994	0.821508927018	0.549435920735	0.409472774287	1.00172363461	0.794597341711	0.906487259546	0.824155026583	0.745994548091	0.813757375544	0.607802363461	0.574173620106	0.533615089415	0.602992788787	0.743140923151	0.804608163364	0.781636877719	0.756694359594	0.557144765587	0.765065577574
AC6	0.755068342194	0.515488743354	1.98618336394	0.77620120348	0.705244040599	0.652474127598	0.75447322378	0.549487008217	0.744945045916	0.482771227646	0.815989081682	0.576392943451	0.639798985017	1.65378512325	0.519305403577	0.638892300628	0.828907162881	0.822757588207	1.51080055099	0.96553219913	0.736726665056	0.677834301595	0.864334166264	0.800282537458	1.50709772354	0.6736820203	0.726404934751	0.682217346544	0.49158500725	0.504230521991	0.966765558241	0.817090555824	0.59383419043	0.630317655872	1.06676894152	0.763490270662	0.795559995167	0.0	0.735857694538	0.666565210246	0.581756529725	0.832681691638	0.811599357177	0.287016491058	1.00931356694	0.875976075399	1.17972866602	1.06690317545	0.947906839053	0.961932904785	1.15333542291	1.1052980957	0.802416897052	0.902776979217	0.908032464959	0.841781735138	0.608271116481	1.04753717738	0.648508608023	1.00426524891	0.672184934751	1.09930591107
AD6	0.706361377477	0.563194306428	2.51373552924	1.22901634606	0.850263030449	0.409443779604	1.15982700338	0.455048521025	0.584819656839	0.778057883035	0.538267182214	0.675624490092	0.510094949251	2.17256813436	0.732727506042	0.633938956017	0.519008859352	0.455261295312	1.86273641856	1.35539280329	0.992237080715	0.672786882552	0.690412460126	0.629125761237	1.77719849203	0.814300236829	0.553832218463	0.545524649589	0.803572136298	0.896725625906	0.745750154664	0.541966162397	0.592706520058	0.471632344128	0.950615732238	0.73595781537	0.471330768487	0.735857694538	0.0	0.721784751087	0.375443436443	1.47369671822	1.45135011116	0.724523165781	0.706425770904	0.544629091348	0.907922783954	0.713983296278	0.816430923151	0.720044093765	0.716504717255	0.764877965201	0.44659041566	0.48603120348	0.493332953117	0.461300463992	0.532280613823	0.715750135331	0.565230865152	0.653733663606	0.331440473659	0.716477071049
AE5	0.583345567907	0.574986800387	2.30012315128	0.999869913001	0.636110565491	0.793562817786	0.841540966651	0.752249695505	0.995592498792	0.548020410826	1.01111852586	0.602332063799	0.718625190913	1.95969705172	0.595063499275	0.490042924118	0.899278434026	0.855138699855	1.4997819623	1.04736112131	0.962304538424	0.807189275012	1.05341033833	0.968113267279	1.36728515708	0.630967056549	0.904943078782	0.80204662639	0.84416157564	0.799622469792	0.953935688739	0.823218482359	0.849955785404	0.877306549058	0.839732933784	0.701841097148	0.924057955534	0.666565210246	0.721784751087	0.0	0.412770517158	1.20127739971	1.18317382794	0.610151232479	1.16598152247	1.04756211696	0.911575838569	0.895791353311	0.784152445626	0.742473330111	1.03056138714	0.938370517158	0.64929037216	0.735771855969	0.784464780087	0.660488376027	0.561349492508	0.854655089415	0.556440053166	0.831537902368	0.720716205897	0.934592271629
AE6	0.56391878202	0.369583339778	2.38399748671	1.07110049783	0.642934248429	0.502768260029	0.981834693088	0.497022000967	0.689336694055	0.610751285645	0.708219453842	0.501596143064	0.474323025616	2.04368519091	0.556874180764	0.456572474625	0.688469540841	0.644097887869	1.65813996133	1.17088376994	0.939241242146	0.682717114548	0.885074417593	0.801606868052	1.57946344611	0.62997078782	0.68122659739	0.635807941034	0.741708255196	0.776564200097	0.83622478492	0.677087907202	0.632680444659	0.562158970517	0.83531720638	0.586435519575	0.644697588207	0.581756529725	0.375443436443	0.412770517158	0.0	1.3026017013	1.2812642001	0.535003421943	0.869553073949	0.739901952634	0.881758245529	0.722539966167	0.6664200145	0.617213881102	0.838457269212	0.766296133398	0.430763528275	0.504295084582	0.541734823586	0.45663558724	0.417959816336	0.687591744804	0.442994127598	0.639011706138	0.457179502175	0.76512477042
AF5	1.25943805703	1.16389134364	1.31859744804	0.559063629773	1.14507339778	1.37392241179	0.80872622523	1.24614054132	1.34532235863	1.00065529725	1.4877459304	1.1967557564	1.30176221363	0.997912837119	1.06141566941	1.21670071049	1.45661132914	1.47944292412	0.991695456742	0.685156645723	1.1589078927	1.19558591107	1.40846005317	1.3703839391	1.45073150797	1.18543443209	1.36385294828	1.24916686805	0.954495563074	0.905955548574	1.47658145964	1.41349888835	1.22145167714	1.33655952151	1.55932636056	1.3955281247	1.59573870952	0.832681691638	1.47369671822	1.20127739971	1.3026017013	0.0	0.0981972208797	0.943665867569	1.73867144031	1.60251796037	1.69850907202	1.65707025133	1.53778267279	1.57390732721	1.75806128081	1.71396634123	1.48500871919	1.57684977767	1.59058128081	1.54170378444	1.23479309812	1.66906214596	1.24505931851	1.62917362977	1.38704634606	1.6962239101
AF6	1.23174732238	1.14237043983	1.33750050749	0.552898086032	1.14224093282	1.35075739004	0.778939589174	1.2311041711	1.33404681972	0.985082638956	1.46597644273	1.17651780087	1.28408092315	1.0045402465	1.03644768004	1.19809567907	1.44624072015	1.46404294828	0.972234494925	0.66445901885	1.1331942001	1.17469059449	1.39770783954	1.35597527308	1.43986709522	1.16962363944	1.3413459159	1.23264823586	0.93179962784	0.883487472209	1.45770328178	1.39882170614	1.19842865636	1.31127123248	1.55486568874	1.37993264379	1.57304376994	0.811599357177	1.45135011116	1.18317382794	1.2812642001	0.0981972208797	0.0	0.920728211696	1.7228317448	1.57928287579	1.68879694538	1.64599491542	1.52545097148	1.56001374094	1.73792733688	1.70055641856	1.46625643789	1.56473140648	1.56986082165	1.52473540841	1.21251021266	1.6556938086	1.22153876269	1.61054045916	1.36920333494	1.67363720638
AG5	0.70865701305	0.458294388594	2.06686598357	0.80817937651	0.591288110198	0.626628308362	0.780791793137	0.555372353794	0.768647182214	0.478648898018	0.828848762687	0.48041778637	0.582286147898	1.73490672789	0.469234963751	0.598644712421	0.838300831319	0.812307235379	1.50095383277	0.96157120348	0.726157887869	0.693287061382	0.936599705172	0.868731227646	1.43616395843	0.620112315128	0.752235345578	0.704249864669	0.519382967617	0.509785766071	0.966976220396	0.815264717255	0.632947481875	0.670884789754	0.99334141131	0.695941048816	0.821508927018	0.287016491058	0.724523165781	0.610151232479	0.535003421943	0.943665867569	0.920728211696	0.0	1.02679046399	0.888167878202	1.09387198163	1.00680305945	0.86956878202	0.879887936201	1.10139396327	1.03224604157	0.730211928468	0.832229400677	0.85520579507	0.759857704205	0.599871532141	0.97492218463	0.614615065249	0.917611947801	0.659560285162	1.03812068149
