	AA3	AA4	AB3	AB4	AC3	AC4	AD3	AD4	AE3	AE4	AF3	AF4	AG3	AG4	AH3	AH4	AA7	AA8	AB7	AB8	AC7	AC8	AD7	AD8	AE7	AE8	AF7	AF8	AG7	AG8	AH7	AH8	AA5	AA6	AB5	AB6	AC5	AC6	AD6	AE5	AE6	AF5	AF6	AG5	AH5	AH6	AA1	AA2	AB1	AB2	AC1	AC2	AD1	AD2	AE1	AE2	AF1	AF2	AG1	AG2	AH1	AH2
AA3	0.0	0.522691000483	2.22701786854	0.973630019333	0.866372682455	0.783687288545	0.873346839053	0.752266607057	0.925321367811	0.669289173514	1.0066119623	0.75962040116	0.714495857902	1.87572904302	0.778266766554	0.310019076849	0.812361996133	0.758608003867	1.44398214596	1.04073678589	0.798551768971	0.677172257129	0.920039536008	0.91068962784	1.35639569841	0.586592382794	0.811623629773	0.662278351861	0.738268786854	0.657939086515	0.772673721605	0.703480686322	0.868897883035	0.859099574674	1.09556827453	0.910813649106	0.939494987917	0.793977510875	0.756782348961	0.588095132914	0.550315877235	1.25917200097	1.16270455776	0.72122181247	1.12963033349	1.08589421943	0.997427757371	0.955871696472	0.918825495408	0.881508119865	1.08939721121	0.975576679555	0.657258772354	0.699334209763	0.758640927985	0.655849507008	0.570910227163	0.901328864186	0.558517907202	0.866604900918	0.704193663606	0.916034369261
AA4	0.522691000483	0.0	2.21363261962	0.857774320928	0.637101246979	0.621427752537	0.860773537941	0.496370154664	0.738903813436	0.553867452876	0.883002798453	0.468255625906	0.456620613823	1.86561656356	0.307160144998	0.295217327211	0.709841561141	0.68505781537	1.52610932818	1.04761732721	0.840431546641	0.658581256646	0.889223421943	0.816892102465	1.44906086032	0.592251512808	0.714148569357	0.632308743354	0.672808351861	0.652971121315	0.87074662639	0.726909463509	0.674972353794	0.677677612373	0.961156568391	0.719363054616	0.807739492508	0.542378593523	0.608953359111	0.481149642339	0.399626868052	1.18120902368	1.07296923635	0.488476959884	0.979663634606	0.923311068149	0.962027564041	0.839749608507	0.739511817303	0.788762812953	1.01166108748	0.900112977284	0.615207124215	0.670334325761	0.702746921218	0.609968530691	0.443202706622	0.854612875785	0.408689400677	0.762647984534	0.514406781054	0.804423455776
AB3	2.22701786854	2.21363261962	0.0	1.48139074915	2.13875333494	2.4102917883	1.91513899468	2.25313413243	2.34462129531	2.09762126148	2.53129345578	2.29378055099	2.31305537941	0.390168342194	2.14028449976	2.25715112615	2.47398206863	2.49708469309	1.16276030449	1.44098666022	1.97137345578	2.16325069599	2.40148076849	2.38889071532	1.88260909135	2.15326294345	2.36276351861	2.28409238279	1.87803086999	1.80886285162	2.4323099855	2.4525958289	2.29556188014	2.35991723055	2.53647929918	2.43591628323	2.60369573707	1.96094658289	2.51538097148	2.27147457709	2.34710831319	1.28475883035	1.39180058966	2.03584830353	2.70308576607	2.62890963267	2.67220323828	2.68136899468	2.4924658869	2.60707485259	2.78505804737	2.70983066216	2.54035067666	2.59735488159	2.60501315128	2.55132180764	2.30954937168	2.67272990333	2.27733217013	2.61655247463	2.39193632673	2.6621778927
AB4	0.973630019333	0.857774320928	1.48139074915	0.0	0.871753102948	1.05861908652	0.799700096665	0.960025277912	1.14884761721	0.812149265346	1.2631657129	0.973300048333	0.857282474625	1.11358842919	0.832803175447	0.908164939584	1.18825398743	1.1853080377	1.03987575157	0.52442257129	0.940497535041	0.93390142581	1.17725097632	1.12870796037	1.25181515225	0.883119743838	1.10980280329	1.01047751571	0.658862382794	0.622301343644	1.27572871919	1.199550261	1.09843519091	1.11973496858	1.34702125181	1.18375161431	1.35124022233	0.724201855969	1.17157647656	0.929843876269	0.994552218463	0.624105993233	0.533889424843	0.757898753021	1.45013428226	1.38124899468	1.43062706622	1.37196341711	1.22582730788	1.32290565974	1.52529404543	1.43087199613	1.21201072499	1.2884517883	1.31467942484	1.23198230063	1.00793937651	1.386009739	0.973281846303	1.30999648623	1.05791645239	1.34920247463
AC3	0.866372682455	0.637101246979	2.13875333494	0.871753102948	0.0	0.787389753504	0.836004683422	0.789762527791	0.986683948768	0.648657525375	1.12488306912	0.385508666022	0.810342450459	1.78959232963	0.659109772837	0.731946897052	1.02485369261	0.998644746254	1.42609409377	1.00667029	1.04962234413	1.01085936201	1.265440116	1.20231453842	1.28859093282	0.862270691155	1.08390214113	1.01666285645	0.891374064766	0.843191237313	1.18040122281	1.03716803287	0.982918124698	0.993986524891	0.860140357661	0.741893707105	1.03633741421	0.69181282262	0.873237254712	0.633057336878	0.716110115998	1.12941664089	1.03002447076	0.602810570324	1.19775849203	1.14954608023	0.913162034799	0.976144446593	0.747891072982	0.848564939584	1.1198739246	0.985827680039	0.745719913001	0.850172121798	0.874062474625	0.777269497342	0.833005297245	0.90693521508	0.785698158531	0.882333533108	0.870945485742	0.925070502658
AC4	0.783687288545	0.621427752537	2.4102917883	1.05861908652	0.787389753504	0.0	1.12393711455	0.36332479942	0.447358071532	0.843199400677	0.410190328661	0.543393576607	0.459616660222	2.05473953117	0.711219797003	0.648587583374	0.584214504592	0.543311831803	1.86633681005	1.34797478492	0.936621561141	0.64129537941	0.649773359111	0.602452189464	1.75512690188	0.772625790237	0.531032368294	0.512658371194	0.701359855002	0.805595316578	0.820976321895	0.660360096665	0.452078888352	0.402991184147	1.00499912035	0.720423518608	0.526741068149	0.677442460126	0.381178898018	0.792086935718	0.554056669889	1.39498176414	1.28440478975	0.675145621073	0.635447394877	0.558967307878	1.04939365394	0.816504939584	0.812526655389	0.811027288545	0.887134417593	0.922782295795	0.573680212663	0.601292643789	0.647591290478	0.594263658772	0.59868237796	0.910231648139	0.604747970034	0.740761817303	0.397338042533	0.788083649106
AD3	0.873346839053	0.860773537941	1.91513899468	0.799700096665	0.836004683422	1.12393711455	0.0	0.937800328661	1.27355936201	0.406088820686	1.35956518125	0.958936616723	1.04804500725	1.56425172547	0.820291333978	0.875255524408	1.2374237216	1.21277892218	1.33530052682	0.87043681972	0.855884746254	0.934370550991	1.29243831319	1.25757939584	1.2506481827	0.853871894635	1.17814624456	1.04702741421	0.88487962784	0.757469937168	1.16335268246	1.14141467859	1.19054712905	1.14418478009	1.17493750121	1.02355288062	1.25320521991	0.692689076849	1.14497155631	0.809563315611	0.9098840116	0.857453910101	0.783690662156	0.66970940551	1.3964639681	1.34964254712	1.35807380377	1.35703298695	1.119940232	1.22759143064	1.51221416143	1.40087926535	1.15593812953	1.20044296278	1.2398981102	1.12613175447	0.970728327695	1.31262372644	0.926813948768	1.22885841953	1.11891547608	1.29878535524
AD4	0.752266607057	0.496370154664	2.25313413243	0.960025277912	0.789762527791	0.36332479942	0.937800328661	0.0	0.370554316095	0.618972658289	0.566540966651	0.595694973417	0.457976307395	1.9039160754	0.54912181247	0.588351068149	0.570215476075	0.561633189947	1.76212893668	1.22973847269	0.842248052199	0.522461706138	0.615222305462	0.552711691638	1.69258101015	0.692085920735	0.486263518608	0.461846408893	0.528016070565	0.676369328178	0.785985674239	0.631283233446	0.344705882069	0.381264016433	1.09559702755	0.788445224746	0.583548400193	0.516868873852	0.459406906718	0.696626901885	0.526094809087	1.2136021653	1.10314340261	0.531708912518	0.725485234413	0.644839047849	1.1435322088	0.892631720638	0.897534364427	0.91701497825	0.976387597873	1.00894886419	0.693474871919	0.655164499758	0.694061213146	0.685901256646	0.530224780087	1.01242246979	0.540686408893	0.848745717738	0.434366853552	0.857639594007
AE3	0.925321367811	0.738903813436	2.34462129531	1.14884761721	0.986683948768	0.447358071532	1.27355936201	0.370554316095	0.0	0.951182701788	0.414025761237	0.79330522958	0.603702725955	2.0015819043	0.767928076365	0.795577361044	0.538441749638	0.575496399227	1.97560447076	1.45038140164	1.01299728371	0.707423620106	0.494999879169	0.465112735621	1.92532907202	0.919887264379	0.453562455292	0.538899342678	0.706161097148	0.900769705172	0.916868545191	0.754266413726	0.257004103432	0.34344142581	1.22028256646	0.937355596907	0.534455050749	0.761931454809	0.575089835669	0.969692566457	0.74685861769	1.35664573224	1.26099216046	0.787706640889	0.719880855486	0.599290676655	1.27004293862	1.01722122281	1.05609115515	1.06135547124	1.05473543741	1.13480327695	0.820847931368	0.78775722088	0.810253885935	0.819432141131	0.711397752537	1.15783414693	0.742886892218	0.983918197197	0.568979507008	0.985988052199
AE4	0.669289173514	0.553867452876	2.09762126148	0.812149265346	0.648657525375	0.843199400677	0.406088820686	0.618972658289	0.951182701788	0.0	1.07111132431	0.671673682939	0.758195944901	1.74677558724	0.575820744321	0.578282092798	0.911788501692	0.889967336878	1.46675507975	0.976028260029	0.770946133398	0.707123441276	0.999097274045	0.950486930884	1.34095913001	0.596869705172	0.874109207347	0.751380932818	0.650505364911	0.603455529241	0.935185427743	0.84037977767	0.879468786854	0.850311793137	0.976009705172	0.818120067666	0.939469323345	0.509921570807	0.802932527791	0.534854436926	0.59380239246	1.0065841421	0.896574378927	0.462235886902	1.12212955051	1.07204123731	1.09473420493	1.08003571774	0.886107757371	0.97473939101	1.24260523441	1.12434178347	0.868162464959	0.889819536008	0.919504330594	0.836322827453	0.668287530208	1.04093745771	0.630525273079	0.972379188014	0.796897752537	1.01557891252
AF3	1.0066119623	0.883002798453	2.53129345578	1.2631657129	1.12488306912	0.410190328661	1.35956518125	0.566540966651	0.414025761237	1.07111132431	0.0	0.880677032383	0.682548806187	2.17861085549	0.953034543258	0.905036829386	0.497475369744	0.503774871919	2.05643318995	1.54028072499	1.07873788304	0.812313131948	0.418570106332	0.39064479942	1.99366039149	0.994530251329	0.481474528758	0.644528835186	0.849895065249	1.0029237506	0.837121643306	0.718998226196	0.468630396327	0.472449661672	1.22760030449	0.994422653456	0.455610159497	0.879220086999	0.539473528275	1.01980765587	0.797084581924	1.54791635573	1.44365052682	0.892311967134	0.65187359594	0.548795828903	1.26132482359	1.00680724505	1.129499768	1.05110051716	1.04031050749	1.09243012083	0.830368463026	0.75854858869	0.80750922668	0.79999139681	0.847827709038	1.10608072982	0.855773310778	0.968572281295	0.577613765104	0.965865026583
AF4	0.75962040116	0.468255625906	2.29378055099	0.973300048333	0.385508666022	0.543393576607	0.958936616723	0.595694973417	0.79330522958	0.671673682939	0.880677032383	0.0	0.604209299178	1.94105245046	0.559944886419	0.569012305462	0.84861618173	0.817475500242	1.610069913	1.11834943451	0.987561005317	0.831495732238	1.0760361189	1.00253471725	1.47583381827	0.703860749154	0.894370140164	0.828678627356	0.820042943451	0.789686273562	1.0075578057	0.893567409377	0.780462363461	0.776755722571	0.772164267762	0.50351279362	0.79935919768	0.632806834219	0.699809845336	0.591740009667	0.555600744321	1.25075626873	1.1471161334	0.560969009183	0.900383639439	0.840145002417	0.802225074915	0.741726800387	0.55908959884	0.62526460609	0.887682126631	0.777179516675	0.548274079265	0.643556988884	0.672643852102	0.62965942001	0.669381416143	0.70419937651	0.624698443693	0.640590357661	0.671975418076	0.68590699855
AG3	0.714495857902	0.456620613823	2.31305537941	0.857282474625	0.810342450459	0.459616660222	1.04804500725	0.457976307395	0.603702725955	0.758195944901	0.682548806187	0.604209299178	0.0	1.94338849686	0.518146500725	0.523344929918	0.580149105848	0.56548178347	1.73733468826	1.21199599807	0.915776307395	0.61042980667	0.730419009183	0.66336222813	1.61395683422	0.68033038666	0.576969724505	0.546430381827	0.651781667472	0.73659961334	0.811011541808	0.659625949734	0.57227340261	0.53542980667	1.01772316578	0.765207254712	0.694701643306	0.630673794103	0.517189951667	0.693409096182	0.470996346061	1.30767326245	1.19254621556	0.614385770904	0.834587863702	0.759640343161	1.02073387144	0.794332532624	0.823434103432	0.813179753504	0.956297022716	0.884256471725	0.57362037216	0.621110019333	0.662223939101	0.582961836636	0.474959289512	0.9072919913	0.466623218946	0.744113837603	0.358900328661	0.766288438859
AG4	1.87572904302	1.86561656356	0.390168342194	1.11358842919	1.78959232963	2.05473953117	1.56425172547	1.9039160754	2.0015819043	1.74677558724	2.17861085549	1.94105245046	1.94338849686	0.0	1.79594127115	1.90281225713	2.12858248429	2.15035696955	0.912186665056	1.10179766071	1.62309072015	1.81532589174	2.05659475592	2.04454736104	1.61239636056	1.80561158531	2.015959942	1.93226725955	1.54204715805	1.47182546158	2.10601648139	2.10360546641	1.95210528275	2.00860961334	2.19160348478	2.08597727888	2.26056598357	1.61485254712	2.16257789754	1.920920145	1.99626174964	0.949291493475	1.05248440793	1.68778313195	2.35204924601	2.28003807153	2.32066695022	2.33220637506	2.14207770904	2.25224814403	2.43697995167	2.35869478975	2.1893037651	2.24491282262	2.25895385694	2.20143998067	1.96097071532	2.32128747704	1.92828263896	2.26152003383	2.04146110198	2.31427041083
AH3	0.778266766554	0.307160144998	2.14028449976	0.832803175447	0.659109772837	0.711219797003	0.820291333978	0.54912181247	0.767928076365	0.575820744321	0.953034543258	0.559944886419	0.518146500725	1.79594127115	0.0	0.542231295312	0.806513412276	0.816319410343	1.57134365394	1.05592366844	0.884949400677	0.745635911068	0.958131416143	0.893941894635	1.48016268729	0.719201672305	0.803206558724	0.731581435476	0.692124659256	0.686490376994	1.02064667472	0.883431947801	0.695719893668	0.717948893185	1.02546637989	0.764802358627	0.895323310778	0.526437104882	0.754113649106	0.610729439343	0.561325891735	1.0806019478	0.972381483809	0.473980381827	1.05772314161	0.990152295795	1.05980816336	0.930109685839	0.814539502175	0.888019623006	1.09576828903	0.993764122765	0.769154673755	0.823214867086	0.830899874335	0.760179898502	0.586396036733	0.963100734654	0.555012677622	0.860730536491	0.646302295795	0.889125466409
AH4	0.310019076849	0.295217327211	2.25715112615	0.908164939584	0.731946897052	0.648587583374	0.875255524408	0.588351068149	0.795577361044	0.578282092798	0.905036829386	0.569012305462	0.523344929918	1.90281225713	0.542231295312	0.0	0.681857989367	0.645763059449	1.4840939826	1.05815713871	0.850677409377	0.646331556307	0.842452619623	0.77683121798	1.40797619623	0.551817452876	0.694951493475	0.598551039149	0.687606665056	0.658345055582	0.773984272595	0.628865041083	0.749270647656	0.725095519575	0.988968608023	0.756190202997	0.837053088449	0.655620966651	0.631756331561	0.489351570807	0.392589482842	1.24766231996	1.13570841953	0.579773301112	0.999440584824	0.950972764621	0.936973504108	0.854696157564	0.775629811503	0.76008319478	1.00456971484	0.878980135331	0.586997211213	0.621637887869	0.670146703722	0.565963576607	0.401868656356	0.824694446593	0.391103199613	0.752412000967	0.557012189464	0.798682967617
AA7	0.812361996133	0.709841561141	2.47398206863	1.18825398743	1.02485369261	0.584214504592	1.2374237216	0.570215476075	0.538441749638	0.911788501692	0.497475369744	0.84861618173	0.580149105848	2.12858248429	0.806513412276	0.681857989367	0.0	0.149626955051	1.84205689222	1.34715016916	1.00670769454	0.661428685355	0.437667573707	0.396854369261	1.78089400193	0.832280681489	0.335975253746	0.432162899952	0.748478748188	0.88402318028	0.627038037699	0.418596679555	0.496923755437	0.518287148381	1.24244773804	1.03482475109	0.52557618173	0.877423160947	0.526828482359	0.907202580957	0.712643750604	1.48620723055	1.38347894635	0.870979758337	0.769174050266	0.654039734171	1.16675359111	0.936822025133	1.11320361527	1.02140055582	0.95347759304	1.0162759014	0.728091372644	0.680827699372	0.719912706622	0.704862725955	0.531580575157	1.02334170614	0.561551561141	0.940781251812	0.481204117931	0.891218946351
AA8	0.758608003867	0.68505781537	2.49708469309	1.1853080377	0.998644746254	0.543311831803	1.21277892218	0.561633189947	0.575496399227	0.889967336878	0.503774871919	0.817475500242	0.56548178347	2.15035696955	0.816319410343	0.645763059449	0.149626955051	0.0	1.82459019816	1.3370861914	0.96972939101	0.637880347994	0.473164407927	0.418775369744	1.7349682842	0.789036346061	0.370769487675	0.403322276462	0.744329743838	0.861974649589	0.594197984534	0.370638608023	0.522525509908	0.515782677622	1.21725707105	1.01594650556	0.517888240696	0.872670821653	0.484421169647	0.859403736104	0.669244229096	1.50843865152	1.40369328661	0.845163678105	0.728418405027	0.64065518608	1.13953621556	0.910484407927	1.08380490575	0.988910536491	0.927325118415	0.982126307395	0.695979120348	0.635834905752	0.677781691638	0.674508385694	0.548330227163	0.990174867086	0.560288907685	0.90223961334	0.447394562591	0.86363221363
AB7	1.44398214596	1.52610932818	1.16276030449	1.03987575157	1.42609409377	1.86633681005	1.33530052682	1.76212893668	1.97560447076	1.46675507975	2.05643318995	1.610069913	1.73733468826	0.912186665056	1.57134365394	1.4840939826	1.84205689222	1.82459019816	0.0	0.587465437409	1.50530541808	1.61768904785	1.95985636539	1.92432251329	1.07492745288	1.46337455776	1.85149220396	1.71164980667	1.38863929435	1.2037659594	1.73689674722	1.71305699372	1.89212407927	1.91984442726	1.8728741131	1.80926503625	2.00687019333	1.5025998405	1.87022313195	1.49008905268	1.6143360899	0.970391643306	1.02141803287	1.47461833253	2.17392322861	2.1132677042	1.95264155147	2.0035701015	1.8165360319	1.87151447076	2.12163371194	2.0098822088	1.81704096665	1.86359479942	1.88633455776	1.81770998067	1.65513594973	1.93669861769	1.62966356211	1.88595156114	1.79719366361	1.96299913485
AB8	1.04073678589	1.04761732721	1.44098666022	0.52442257129	1.00667029	1.34797478492	0.87043681972	1.22973847269	1.45038140164	0.976028260029	1.54028072499	1.11834943451	1.21199599807	1.10179766071	1.05592366844	1.05815713871	1.34715016916	1.3370861914	0.587465437409	0.0	1.03079689705	1.09774083615	1.43370324311	1.38853269696	1.10082066216	0.980362363461	1.32068906718	1.18212298695	0.840113141614	0.679594760754	1.28603468342	1.28694649106	1.37796366844	1.39678500242	1.44151446593	1.33263761721	1.50159060416	0.978103228613	1.38946836636	1.06028947318	1.1679337941	0.682831764137	0.644032866119	0.962031184147	1.67034963267	1.59444005317	1.57260281295	1.54988051716	1.37247072982	1.43729133398	1.67435703238	1.57854019333	1.39623883519	1.43189843886	1.45625545191	1.39431926535	1.17754848236	1.52689239729	1.15440352827	1.44948249879	1.27914547124	1.50842016433
AC7	0.798551768971	0.840431546641	1.97137345578	0.940497535041	1.04962234413	0.936621561141	0.855884746254	0.842248052199	1.01299728371	0.770946133398	1.07873788304	0.987561005317	0.915776307395	1.62309072015	0.884949400677	0.850677409377	1.00670769454	0.96972939101	1.50530541808	1.03079689705	0.0	0.450031391977	0.97684820203	0.947590918318	1.40817682455	0.683151246979	0.91536940551	0.774201092315	0.605711440309	0.579373504108	0.864087520541	0.874729632673	0.923089207347	0.915536060899	1.28612143548	1.09595970517	1.13929284679	0.770708467859	1.0276257564	0.955246147898	0.933409192847	1.16217100048	1.08912100532	0.736595708072	1.10086752537	1.06065956017	1.48909319478	1.41489024166	1.23127947801	1.27990967134	1.56319694538	1.46853779604	1.13154493475	1.16983676655	1.21242887869	1.12367005317	0.942040082165	1.40400189947	0.886124166264	1.27301098598	0.92498638956	1.37897995167
AC8	0.677172257129	0.658581256646	2.16325069599	0.93390142581	1.01085936201	0.64129537941	0.934370550991	0.522461706138	0.707423620106	0.707123441276	0.812313131948	0.831495732238	0.61042980667	1.81532589174	0.745635911068	0.646331556307	0.661428685355	0.637880347994	1.61768904785	1.09774083615	0.450031391977	0.0	0.664322039633	0.620743963267	1.50463028516	0.579097071049	0.51439102465	0.382989729338	0.445924253262	0.561714833253	0.638220826486	0.553351213146	0.603711145481	0.599880947318	1.16528563557	0.877454712421	0.814034166264	0.682324635089	0.706499400677	0.813150860319	0.696806781054	1.20387045433	1.09323142098	0.667181561141	0.865450285162	0.807829589174	1.32302612373	1.09243042049	1.0476798405	1.04920226196	1.23313019333	1.18134961334	0.843104581924	0.84001020783	0.887094122765	0.836166539391	0.584573175447	1.17805636539	0.576466036733	0.992886563557	0.583473131948	1.05368932334
AD7	0.920039536008	0.889223421943	2.40148076849	1.17725097632	1.265440116	0.649773359111	1.29243831319	0.615222305462	0.494999879169	0.999097274045	0.418570106332	1.0760361189	0.730419009183	2.05659475592	0.958131416143	0.842452619623	0.437667573707	0.473164407927	1.95985636539	1.43370324311	0.97684820203	0.664322039633	0.0	0.172501227646	1.90626909618	0.863820115998	0.354485466409	0.484773102948	0.701457515708	0.870834823586	0.731315287579	0.593925181247	0.487669995167	0.530460889319	1.39224325761	1.14192354761	0.607724586757	0.900276505558	0.679200927985	1.08006355244	0.886327747704	1.42472087482	1.31742491542	0.95105038666	0.786194490092	0.675884804253	1.39125843886	1.1389439246	1.27882120348	1.22061680039	1.15807078299	1.24471261962	0.961537448043	0.879907549541	0.912304707588	0.932062827453	0.749439149348	1.26106149831	0.779652870952	1.13914473659	0.618100729821	1.10516567907
AD8	0.91068962784	0.816892102465	2.38889071532	1.12870796037	1.20231453842	0.602452189464	1.25757939584	0.552711691638	0.465112735621	0.950486930884	0.39064479942	1.00253471725	0.66336222813	2.04454736104	0.893941894635	0.77683121798	0.396854369261	0.418775369744	1.92432251329	1.38853269696	0.947590918318	0.620743963267	0.172501227646	0.0	1.83262696955	0.788410381827	0.295390492992	0.446123252779	0.664041159981	0.826777868536	0.715799879169	0.569632982117	0.460521962301	0.475820173997	1.3476980957	1.0869161044	0.577268627356	0.840158748188	0.633632740454	1.00693007733	0.816005369744	1.41027132431	1.30031013533	0.880391778637	0.753166147898	0.636470343161	1.34539801353	1.09803869502	1.21902692605	1.16114759787	1.12785906718	1.20421426293	0.908617090382	0.838868670855	0.878409096182	0.881893383277	0.701543189947	1.21486321895	0.733308888352	1.08535456742	0.560115944901	1.06286249879
AE7	1.35639569841	1.44906086032	1.88260909135	1.25181515225	1.28859093282	1.75512690188	1.2506481827	1.69258101015	1.92532907202	1.34095913001	1.99366039149	1.47583381827	1.61395683422	1.61239636056	1.48016268729	1.40797619623	1.78089400193	1.7349682842	1.07492745288	1.10082066216	1.40817682455	1.50463028516	1.90626909618	1.83262696955	0.0	1.06792065732	1.79585147898	1.63889417593	1.39165636539	1.26305283229	1.57201232963	1.59381133881	1.85085673272	1.83951645239	1.6973019913	1.67842824553	1.93534410343	1.49403166264	1.78824128565	1.35062723538	1.53378286612	1.42686507008	1.41373314161	1.39850335911	2.02828229096	1.98158468826	1.72977933784	1.85303077815	1.63501500725	1.66419933301	1.99311003867	1.82501188497	1.66008731754	1.70975192847	1.72999244079	1.63884945868	1.59702993717	1.7310101015	1.55980407443	1.71980408893	1.71638544708	1.79569318995
AE8	0.586592382794	0.592251512808	2.15326294345	0.883119743838	0.862270691155	0.772625790237	0.853871894635	0.692085920735	0.919887264379	0.596869705172	0.994530251329	0.703860749154	0.68033038666	1.80561158531	0.719201672305	0.551817452876	0.832280681489	0.789036346061	1.46337455776	0.980362363461	0.683151246979	0.579097071049	0.863820115998	0.788410381827	1.06792065732	0.0	0.789267844369	0.640894243596	0.619472730788	0.53230297245	0.743529023683	0.71673222813	0.845244108265	0.829895553407	1.11583960367	0.883164649589	0.942927699372	0.682374833253	0.824737457709	0.650213731271	0.646492522958	1.19466199613	1.09367990817	0.615954021266	1.075540261	1.01874959884	1.18604041083	1.10274484292	0.930654823586	0.985199768004	1.24154612373	1.16389644756	0.866992624456	0.897006602223	0.927824678589	0.852513963267	0.697211715805	1.09493853069	0.659269149348	0.956982522958	0.735135683905	1.05881490092
AF7	0.811623629773	0.714148569357	2.36276351861	1.10980280329	1.08390214113	0.531032368294	1.17814624456	0.486263518608	0.453562455292	0.874109207347	0.481474528758	0.894370140164	0.576969724505	2.015959942	0.803206558724	0.694951493475	0.335975253746	0.370769487675	1.85149220396	1.32068906718	0.91536940551	0.51439102465	0.354485466409	0.295390492992	1.79585147898	0.789267844369	0.0	0.247328564524	0.623208762687	0.765550169164	0.674252083132	0.53264582407	0.416524683422	0.430938806187	1.2048180232	0.946650550991	0.506548197197	0.777343247946	0.555248830353	0.901170865152	0.692215688739	1.38965811503	1.27958510391	0.783047346544	0.748911150314	0.631067738038	1.24008572257	0.996188376027	1.07305030449	1.03781682455	1.03337456742	1.10202931851	0.79311719188	0.751631459642	0.799017143548	0.780652798453	0.570355896568	1.10049435959	0.592919265346	0.961627245046	0.46229222813	0.965267675205
AF8	0.662278351861	0.632308743354	2.28409238279	1.01047751571	1.01666285645	0.512658371194	1.04702741421	0.461846408893	0.538899342678	0.751380932818	0.644528835186	0.828678627356	0.546430381827	1.93226725955	0.731581435476	0.598551039149	0.432162899952	0.403322276462	1.71164980667	1.18212298695	0.774201092315	0.382989729338	0.484773102948	0.446123252779	1.63889417593	0.640894243596	0.247328564524	0.0	0.525906317061	0.655493600773	0.628054074432	0.459335761237	0.469431594973	0.464100952151	1.15844567907	0.900125998067	0.606633301112	0.726645596907	0.540297945868	0.810567742871	0.632164939584	1.30152374094	1.19045153214	0.720819072015	0.81404922668	0.728691585307	1.21749095215	0.97552919768	1.00142156597	1.00007549058	1.01882081199	1.08024774287	0.756832232963	0.733207921701	0.786389043016	0.749617312711	0.498178081199	1.07656848236	0.513383711938	0.924421068149	0.4384539971	0.944225761237
AG7	0.738268786854	0.672808351861	1.87803086999	0.658862382794	0.891374064766	0.701359855002	0.88487962784	0.528016070565	0.706161097148	0.650505364911	0.849895065249	0.820042943451	0.651781667472	1.54204715805	0.692124659256	0.687606665056	0.748478748188	0.744329743838	1.38863929435	0.840113141614	0.605711440309	0.445924253262	0.701457515708	0.664041159981	1.39165636539	0.619472730788	0.623208762687	0.525906317061	0.0	0.258588076365	0.79608897535	0.73406901885	0.655959101015	0.715764765587	1.26865951667	0.974904156597	0.886827283712	0.529717017883	0.797224523925	0.847280700822	0.75252582407	0.975173112615	0.872691884969	0.539058255196	1.05264276462	0.964483644273	1.36045315128	1.13678390527	1.13645583857	1.14694465926	1.26986434509	1.21855134364	0.931531358144	0.93778	0.97301861769	0.927833943934	0.689529028516	1.23369946834	0.664722479459	1.07750757854	0.698963455776	1.09857200097
AG8	0.657939086515	0.652971121315	1.80886285162	0.622301343644	0.843191237313	0.805595316578	0.757469937168	0.676369328178	0.900769705172	0.603455529241	1.0029237506	0.789686273562	0.73659961334	1.47182546158	0.686490376994	0.658345055582	0.88402318028	0.861974649589	1.2037659594	0.679594760754	0.579373504108	0.561714833253	0.870834823586	0.826777868536	1.26305283229	0.53230297245	0.765550169164	0.655493600773	0.258588076365	0.0	0.866887114548	0.84180681972	0.820235674239	0.844388820686	1.23179721121	0.976166336394	1.01412681489	0.514022909618	0.897646075399	0.78193222813	0.755701594973	0.923298327695	0.828231039149	0.494696955051	1.16267783954	1.08778459642	1.32741891735	1.22404333978	1.0984079652	1.15349357661	1.36948791687	1.28755359111	1.00101768487	1.00453376994	1.04657179797	0.988801449976	0.769773083615	1.23753635089	0.733896075399	1.13001087965	0.786214354761	1.17959933301
AH7	0.772673721605	0.87074662639	2.4323099855	1.27572871919	1.18040122281	0.820976321895	1.16335268246	0.785985674239	0.916868545191	0.935185427743	0.837121643306	1.0075578057	0.811011541808	2.10601648139	1.02064667472	0.773984272595	0.627038037699	0.594197984534	1.73689674722	1.28603468342	0.864087520541	0.638220826486	0.731315287579	0.715799879169	1.57201232963	0.743529023683	0.674252083132	0.628054074432	0.79608897535	0.866887114548	0.0	0.312902189464	0.887061996133	0.863156331561	1.18588129048	1.02287488159	0.808437883035	0.989902677622	0.758385331078	0.957589047849	0.818086689222	1.49570781054	1.40047208313	0.960974896085	0.967978226196	0.912367728371	1.28930045433	1.06898953601	1.18362655389	1.050649942	1.16503119381	1.15244628323	0.858330425326	0.796526674722	0.817529101015	0.808323470275	0.750451101982	1.16116314645	0.762164446593	0.987232851619	0.718306331561	1.03084470759
AH8	0.703480686322	0.726909463509	2.4525958289	1.199550261	1.03716803287	0.660360096665	1.14141467859	0.631283233446	0.754266413726	0.84037977767	0.718998226196	0.893567409377	0.659625949734	2.10360546641	0.883431947801	0.628865041083	0.418596679555	0.370638608023	1.71305699372	1.28694649106	0.874729632673	0.553351213146	0.593925181247	0.569632982117	1.59381133881	0.71673222813	0.53264582407	0.459335761237	0.73406901885	0.84180681972	0.312902189464	0.0	0.706785374577	0.668069221846	1.16232703722	0.950699903335	0.691828144031	0.893366220396	0.57618500725	0.836363842436	0.67968878202	1.47387661189	1.36304694538	0.860156176897	0.833466138231	0.765948448526	1.14279875785	0.930826486225	1.0809200435	0.925826215563	0.981829884002	1.01428905268	0.68838022233	0.652399893668	0.683838047366	0.660837008217	0.57169878202	1.00901654906	0.585723707105	0.857298018366	0.546141889802	0.893345862736
AA5	0.868897883035	0.674972353794	2.29556188014	1.09843519091	0.982918124698	0.452078888352	1.19054712905	0.344705882069	0.257004103432	0.879468786854	0.468630396327	0.780462363461	0.57227340261	1.95210528275	0.695719893668	0.749270647656	0.496923755437	0.522525509908	1.89212407927	1.37796366844	0.923089207347	0.603711145481	0.487669995167	0.460521962301	1.85085673272	0.845244108265	0.416524683422	0.469431594973	0.655959101015	0.820235674239	0.887061996133	0.706785374577	0.0	0.224434557757	1.21506859352	0.909726370227	0.576052223296	0.654452174964	0.58837521508	0.877165089415	0.683272242629	1.27533310295	1.17973208797	0.697205959401	0.712873059449	0.596550768487	1.29420549541	1.04826893185	1.04971129531	1.07150731754	1.09494469309	1.15910148381	0.823209888835	0.805467095215	0.830033939101	0.829644625423	0.618758405027	1.16546447559	0.641919502175	0.989823276945	0.519235306912	1.01473431126
AA6	0.859099574674	0.677677612373	2.35991723055	1.11973496858	0.993986524891	0.402991184147	1.14418478009	0.381264016433	0.34344142581	0.850311793137	0.472449661672	0.776755722571	0.53542980667	2.00860961334	0.717948893185	0.725095519575	0.518287148381	0.515782677622	1.91984442726	1.39678500242	0.915536060899	0.599880947318	0.530460889319	0.475820173997	1.83951645239	0.829895553407	0.430938806187	0.464100952151	0.715764765587	0.844388820686	0.863156331561	0.668069221846	0.224434557757	0.0	1.10977757371	0.828588545191	0.494808637023	0.642117965201	0.500793291445	0.859316573224	0.629140053166	1.3357322233	1.22537	0.689414910585	0.537878028033	0.436673716771	1.19870198647	0.955892962784	0.962349014016	0.963626254229	1.00746689705	1.06164736104	0.716384030933	0.720428274529	0.754012276462	0.734490831319	0.607106428226	1.06128291928	0.620591391977	0.881762513291	0.468956814886	0.928294166264
AB5	1.09556827453	0.961156568391	2.53647929918	1.34702125181	0.860140357661	1.00499912035	1.17493750121	1.09559702755	1.22028256646	0.976009705172	1.22760030449	0.772164267762	1.01772316578	2.19160348478	1.02546637989	0.988968608023	1.24244773804	1.21725707105	1.8728741131	1.44151446593	1.28612143548	1.16528563557	1.39224325761	1.3476980957	1.6973019913	1.11583960367	1.2048180232	1.15844567907	1.26865951667	1.23179721121	1.18588129048	1.16232703722	1.21506859352	1.10977757371	0.0	0.371292305462	1.00045054132	1.07501387627	0.978977245046	0.857969101015	0.871239434509	1.57929183664	1.48514693572	1.00400591107	0.994473697438	1.0129279652	0.829363842436	0.919042919285	0.712675935234	0.745678675689	1.07579633156	0.927928463026	0.81814417593	0.915311164814	0.942720309328	0.888955645239	1.03094445626	0.829487143548	0.997064229096	0.78995017883	1.01809845819	0.881652358627
AB6	0.910813649106	0.719363054616	2.43591628323	1.18375161431	0.741893707105	0.720423518608	1.02355288062	0.788445224746	0.937355596907	0.818120067666	0.994422653456	0.50351279362	0.765207254712	2.08597727888	0.764802358627	0.756190202997	1.03482475109	1.01594650556	1.80926503625	1.33263761721	1.09595970517	0.877454712421	1.14192354761	1.0869161044	1.67842824553	0.883164649589	0.946650550991	0.900125998067	0.974904156597	0.976166336394	1.02287488159	0.950699903335	0.909726370227	0.828588545191	0.371292305462	0.0	0.78969680522	0.774290328661	0.786178724021	0.727015345578	0.643974079265	1.40945316095	1.30243708555	0.720245959401	0.812658405027	0.810882358627	0.812923088449	0.757933591107	0.57263619623	0.58764539391	0.918748463026	0.803179618173	0.607600889319	0.729718192363	0.760816230063	0.697761251812	0.777330004833	0.722483412276	0.734050831319	0.613171406477	0.790865737071	0.722909429676
AC5	0.939494987917	0.807739492508	2.60369573707	1.35124022233	1.03633741421	0.526741068149	1.25320521991	0.583548400193	0.534455050749	0.939469323345	0.455610159497	0.79935919768	0.694701643306	2.26056598357	0.895323310778	0.837053088449	0.52557618173	0.517888240696	2.00687019333	1.50159060416	1.13929284679	0.814034166264	0.607724586757	0.577268627356	1.93534410343	0.942927699372	0.506548197197	0.606633301112	0.886827283712	1.01412681489	0.808437883035	0.691828144031	0.576052223296	0.494808637023	1.00045054132	0.78969680522	0.0	0.819881507975	0.439455500242	0.918167568874	0.713706022233	1.61438061866	1.49086526825	0.848937854036	0.510591034316	0.418033470275	1.03010902852	0.78107301595	0.91713839536	0.862726249396	0.795769415176	0.859464494925	0.617487564041	0.527798158531	0.568936640889	0.608649260512	0.730523794103	0.892204760754	0.754933291445	0.770735161914	0.544169125181	0.745500425326
AC6	0.793977510875	0.542378593523	1.96094658289	0.724201855969	0.69181282262	0.677442460126	0.692689076849	0.516868873852	0.761931454809	0.509921570807	0.879220086999	0.632806834219	0.630673794103	1.61485254712	0.526437104882	0.655620966651	0.877423160947	0.872670821653	1.5025998405	0.978103228613	0.770708467859	0.682324635089	0.900276505558	0.840158748188	1.49403166264	0.682374833253	0.777343247946	0.726645596907	0.529717017883	0.514022909618	0.989902677622	0.893366220396	0.654452174964	0.642117965201	1.07501387627	0.774290328661	0.819881507975	0.0	0.78377777187	0.653461507975	0.602146128565	0.832884968584	0.716925500242	0.275213929435	0.992580517158	0.918292909618	1.16632230063	1.07079518125	0.920085074915	1.00390676172	1.20461478009	1.13145861769	0.840764867086	0.913345998067	0.940345688739	0.846934470759	0.672488376027	1.07579673755	0.632350256162	0.978611971967	0.693799497342	1.04021053649
AD6	0.756782348961	0.608953359111	2.51538097148	1.17157647656	0.873237254712	0.381178898018	1.14497155631	0.459406906718	0.575089835669	0.802932527791	0.539473528275	0.699809845336	0.517189951667	2.16257789754	0.754113649106	0.631756331561	0.526828482359	0.484421169647	1.87022313195	1.38946836636	1.0276257564	0.706499400677	0.679200927985	0.633632740454	1.78824128565	0.824737457709	0.555248830353	0.540297945868	0.797224523925	0.897646075399	0.758385331078	0.57618500725	0.58837521508	0.500793291445	0.978977245046	0.786178724021	0.439455500242	0.78377777187	0.0	0.729421841469	0.442664441759	1.5093859304	1.39733464959	0.783668675689	0.63944099565	0.575580947318	0.910997452876	0.672323895602	0.83250277912	0.734724746254	0.742728888352	0.778412774287	0.489329337844	0.452637032383	0.495175543741	0.465050173997	0.543207288545	0.780028873852	0.555030038666	0.665070584824	0.347163890768	0.643359734171
AE5	0.588095132914	0.481149642339	2.27147457709	0.929843876269	0.633057336878	0.792086935718	0.809563315611	0.696626901885	0.969692566457	0.534854436926	1.01980765587	0.591740009667	0.693409096182	1.920920145	0.610729439343	0.489351570807	0.907202580957	0.859403736104	1.49008905268	1.06028947318	0.955246147898	0.813150860319	1.08006355244	1.00693007733	1.35062723538	0.650213731271	0.901170865152	0.810567742871	0.847280700822	0.78193222813	0.957589047849	0.836363842436	0.877165089415	0.859316573224	0.857969101015	0.727015345578	0.918167568874	0.653461507975	0.729421841469	0.0	0.333638405027	1.20504601257	1.09423478009	0.559513571774	1.11451387627	1.07065085065	0.9185259739	0.877143291445	0.777710101498	0.747065321411	1.04775493475	0.929497264379	0.638976544224	0.707016292895	0.755760826486	0.641744417593	0.597538090865	0.853125195747	0.558800821653	0.739322663122	0.714973552441	0.829330275495
AE6	0.550315877235	0.399626868052	2.34710831319	0.994552218463	0.716110115998	0.554056669889	0.9098840116	0.526094809087	0.74685861769	0.59380239246	0.797084581924	0.555600744321	0.470996346061	1.99626174964	0.561325891735	0.392589482842	0.712643750604	0.669244229096	1.6143360899	1.1679337941	0.933409192847	0.696806781054	0.886327747704	0.816005369744	1.53378286612	0.646492522958	0.692215688739	0.632164939584	0.75252582407	0.755701594973	0.818086689222	0.67968878202	0.683272242629	0.629140053166	0.871239434509	0.643974079265	0.713706022233	0.602146128565	0.442664441759	0.333638405027	0.0	1.3059739391	1.18932876752	0.557094470759	0.885929052682	0.835370135331	0.875873330111	0.742735219913	0.685219449009	0.63793959884	0.900597254712	0.797944717255	0.482278274529	0.536425737071	0.569041155147	0.478083421943	0.436020410826	0.742599753504	0.414388100532	0.616768878685	0.465970778154	0.70400561624
AF5	1.25917200097	1.18120902368	1.28475883035	0.624105993233	1.12941664089	1.39498176414	0.857453910101	1.2136021653	1.35664573224	1.0065841421	1.54791635573	1.25075626873	1.30767326245	0.949291493475	1.0806019478	1.24766231996	1.48620723055	1.50843865152	0.970391643306	0.682831764137	1.16217100048	1.20387045433	1.42472087482	1.41027132431	1.42686507008	1.19466199613	1.38965811503	1.30152374094	0.975173112615	0.923298327695	1.49570781054	1.47387661189	1.27533310295	1.3357322233	1.57929183664	1.40945316095	1.61438061866	0.832884968584	1.5093859304	1.20504601257	1.3059739391	0.0	0.1771459739	0.940964272595	1.71307592557	1.6367599855	1.73083763171	1.68605232963	1.53203710005	1.61902175447	1.81269179314	1.75322480425	1.52696763171	1.60486314645	1.62094499275	1.54796794587	1.28403746254	1.71082443209	1.24676490092	1.60588314645	1.40233331078	1.66579289512
AF6	1.16270455776	1.07296923635	1.39180058966	0.533889424843	1.03002447076	1.28440478975	0.783690662156	1.10314340261	1.26099216046	0.896574378927	1.44365052682	1.1471161334	1.19254621556	1.05248440793	0.972381483809	1.13570841953	1.38347894635	1.40369328661	1.02141803287	0.644032866119	1.08912100532	1.09323142098	1.31742491542	1.30031013533	1.41373314161	1.09367990817	1.27958510391	1.19045153214	0.872691884969	0.828231039149	1.40047208313	1.36304694538	1.17973208797	1.22537	1.48514693572	1.30243708555	1.49086526825	0.716925500242	1.39733464959	1.09423478009	1.18932876752	0.1771459739	0.0	0.825499410343	1.59722307878	1.52160316578	1.63180425326	1.57930555341	1.4146082262	1.510869942	1.69524566457	1.6417639246	1.41514101015	1.49250676172	1.51053047366	1.43602158531	1.17288882069	1.60110672305	1.13605765104	1.49800989367	1.28969757371	1.55514379894
AG5	0.72122181247	0.488476959884	2.03584830353	0.757898753021	0.602810570324	0.675145621073	0.66970940551	0.531708912518	0.787706640889	0.462235886902	0.892311967134	0.560969009183	0.614385770904	1.68778313195	0.473980381827	0.579773301112	0.870979758337	0.845163678105	1.47461833253	0.962031184147	0.736595708072	0.667181561141	0.95105038666	0.880391778637	1.39850335911	0.615954021266	0.783047346544	0.720819072015	0.539058255196	0.494696955051	0.960974896085	0.860156176897	0.697205959401	0.689414910585	1.00400591107	0.720245959401	0.848937854036	0.275213929435	0.783668675689	0.559513571774	0.557094470759	0.940964272595	0.825499410343	0.0	1.00702257612	0.940209758337	1.09968549058	1.03160517641	0.848147626873	0.926875848236	1.18595092315	1.09159421943	0.787930821653	0.854724403093	0.894282112131	0.793195611406	0.651397278879	1.03127540358	0.594727646206	0.897002547124	0.69155922668	1.00022834219
