	AA3	AA4	AB3	AB4	AC3	AC4	AD3	AD4	AE3	AE4	AF3	AF4	AG3	AG4	AH3	AH4	AA7	AA8	AB7	AB8	AC7	AC8	AD7	AD8	AE7	AE8	AF7	AF8	AG7	AG8	AH7	AH8	AA5	AA6	AB5	AB6	AC5	AC6	AD6	AE5	AE6	AF5	AF6	AG5	AH5	AH6	AA1	AA2	AB1	AB2	AC1	AC2	AD1	AD2	AE1	AE2	AF1	AF2	AG1	AG2	AH1	AH2
AA3	0.0	0.570316442726	2.27722837119	0.943974461092	0.803511923635	0.759520120831	0.873708893185	0.802880908652	0.943998206863	0.695150241663	0.982078337361	0.721673924601	0.742995176414	1.93142858869	0.779238463026	0.332493301112	0.812729502175	0.78224640406	1.45811222813	1.05534763654	0.839496858386	0.691983479942	0.916394369261	0.934142909618	1.33886492508	0.593105853069	0.865061565974	0.670543107782	0.747261029483	0.697080135331	0.78152219913	0.695646099565	0.921226065732	0.87701020783	1.07795166747	0.911029652006	0.965041155147	0.826914117931	0.756676916385	0.568429917835	0.604120444659	1.26405419526	1.17481274045	0.728900860319	1.15324809087	1.09046915418	0.956682696955	0.916706331561	0.922943421943	0.849241744804	1.06343955051	0.97214499275	0.679098931851	0.709605485742	0.764988622523	0.657281652972	0.556184364427	0.889739782504	0.555337907202	0.889083334944	0.684094403093	0.918492073465
AA4	0.570316442726	0.0	2.2876098405	0.910762426293	0.600467158047	0.534251449976	0.870970062832	0.516782445626	0.683397346544	0.655572754954	0.795904968584	0.42327019333	0.440608767521	1.9416059594	0.34066218463	0.295043131948	0.683773117448	0.653740768487	1.59945623973	1.0898419333	0.889890894152	0.66964118898	0.885148936684	0.802321662639	1.49776294345	0.629988772354	0.659666553891	0.623485708072	0.697735964234	0.69205117448	0.868242469792	0.692299951667	0.640818854519	0.58900340261	0.938529502175	0.650281222813	0.759264035766	0.576535094248	0.571780657322	0.510966882552	0.364505751571	1.21852136781	1.12860074432	0.458615853069	0.938901556307	0.849203837603	0.929569782504	0.785263325278	0.722471744804	0.70134242146	0.932846810053	0.857853218946	0.592546123731	0.611852658289	0.633853765104	0.585739526341	0.419038419526	0.793824451426	0.43850560174	0.730411416143	0.460807762204	0.733359246013
AB3	2.27722837119	2.2876098405	0.0	1.49325449009	2.22145429193	2.40207788787	1.91319606573	2.32002788787	2.36296948768	2.0816858724	2.5350498695	2.30595558724	2.33627767037	0.382715258579	2.14580696955	2.25181686805	2.48222460126	2.47654043016	1.18905210246	1.46264176897	1.98276082165	2.19784349928	2.41503956017	2.44573413243	1.91866494442	2.18081085065	2.4073021653	2.31910680039	1.86602255679	1.8455060029	2.45233015466	2.4427899565	2.31292914935	2.37943926535	2.56915036249	2.46713791687	2.651509913	1.96998708072	2.5470497825	2.29436842919	2.37572419526	1.3237799855	1.40647664572	2.11199762204	2.73764678589	2.66422537458	2.66345855002	2.67654050266	2.54830840019	2.61066276945	2.79210151281	2.74898733204	2.58290841469	2.6060138086	2.61764609957	2.57643101982	2.31377070565	2.68526312711	2.32064823103	2.66302840986	2.40291070082	2.64324801353
AB4	0.943974461092	0.910762426293	1.49325449009	0.0	0.929402885452	1.02537291928	0.722574905752	0.999665074915	1.1353322523	0.768159917835	1.21765336878	0.951564229096	0.880189395843	1.13031546158	0.808035311745	0.862597167714	1.14498811986	1.13193817786	1.03876438859	0.491975282745	0.889492953117	0.918725664572	1.13257214596	1.15206063799	1.26948098115	0.876489507008	1.12291112615	1.01563489125	0.583675819236	0.571001788304	1.23556531174	1.11891940068	1.09058404543	1.09847560174	1.37687426776	1.20769664089	1.36861631223	0.713796756887	1.18741168681	0.955172044466	1.00179275979	0.605726761721	0.53494982117	0.794099410343	1.46529482842	1.37544426293	1.41584060899	1.36788405027	1.28078314161	1.30755873852	1.51156343644	1.45670266312	1.24108096182	1.26991550991	1.28693793137	1.23339054616	0.977811430643	1.39498140648	0.984071391977	1.34333716771	1.05083983567	1.33049886902
AC3	0.803511923635	0.600467158047	2.22145429193	0.929402885452	0.0	0.742757631706	0.864499579507	0.827415074915	0.905168274529	0.673762252296	1.03047311261	0.320636491058	0.774261329145	1.88144388594	0.649147264379	0.690730425326	0.977148115031	0.945718095698	1.47672761237	1.06240605607	1.03272767037	0.995005775737	1.24363124215	1.15449859352	1.31303692605	0.811737941034	1.01605294828	0.984146708555	0.902215137748	0.847444635089	1.14855274045	0.9887740116	0.967993919768	0.901517868536	0.827088414693	0.725264224263	0.974887211213	0.734790662156	0.834179231513	0.606169816336	0.674993257612	1.18274736588	1.11699347028	0.608234243596	1.15172646206	1.09404147414	0.822397365877	0.896874349927	0.74121777187	0.77563081682	1.06581993233	0.967333639439	0.70825518608	0.78743017883	0.819652368294	0.729699608507	0.767278704688	0.877016906718	0.773599690672	0.872904519091	0.788040942484	0.877511391977
AC4	0.759520120831	0.534251449976	2.40207788787	1.02537291928	0.742757631706	0.0	1.08589373127	0.345134282262	0.470239072015	0.828894035766	0.369112696955	0.499276317061	0.444704683422	2.05948835186	0.705496544224	0.609592783954	0.559501242146	0.494749888835	1.83026906235	1.28304381344	0.905665456742	0.606060430159	0.660635853069	0.577343533108	1.70059632673	0.740010517158	0.522126520058	0.509875592073	0.7020020203	0.763079743838	0.795659922668	0.562206916385	0.476173040116	0.404463658772	1.04333328661	0.705473243113	0.575004804253	0.648445016916	0.404259705172	0.727539811503	0.498689787337	1.358019971	1.26932505075	0.56104637506	0.706545582407	0.609154939584	1.05837276462	0.833563523441	0.841954639923	0.812184649589	0.884458443693	0.914609850169	0.595683083615	0.647548448526	0.640701319478	0.606970937651	0.611265886902	0.912154693088	0.608451251812	0.768038699855	0.407250444659	0.767886616723
AD3	0.873708893185	0.870970062832	1.91319606573	0.722574905752	0.864499579507	1.08589373127	0.0	0.977021391977	1.26723724988	0.363106394393	1.32582340261	0.915926848719	1.03586280329	1.56749279362	0.777509241179	0.856200347994	1.2123220493	1.17231303528	1.30096095698	0.80181181247	0.86265338811	0.929549202513	1.27327452392	1.28407596907	1.19724858869	0.844074871919	1.20652195263	1.06562804737	0.839659279845	0.745846466892	1.16099598357	1.07368660222	1.21473565491	1.14436521991	1.21208686322	1.04142971967	1.29641130498	0.711013963267	1.1586897535	0.800340570324	0.895192440793	0.824299782504	0.734070662156	0.760474528758	1.40305766071	1.3438261769	1.32573892702	1.34807134848	1.12755968101	1.17790019816	1.48418420976	1.40595197197	1.17412502175	1.18605062832	1.22194369261	1.14436711455	0.941121696472	1.32775311261	0.959591333978	1.25649756404	1.08731798937	1.29270040599
AD4	0.802880908652	0.516782445626	2.32002788787	0.999665074915	0.827415074915	0.345134282262	0.977021391977	0.0	0.331462672789	0.702585311745	0.499715727405	0.629700343161	0.512515978734	1.97585649589	0.644815360077	0.599814741421	0.571358095698	0.512802875785	1.82117654906	1.26204437893	0.871037767037	0.548162977284	0.586994929918	0.502612440793	1.73885846786	0.754981251812	0.459143421943	0.452567776704	0.625865427743	0.722087530208	0.795151420976	0.58872362494	0.322017491542	0.333762174964	1.11516478492	0.765022112131	0.575650289995	0.556913093282	0.467923914935	0.699740173997	0.497436268729	1.25428297245	1.16606772354	0.504700086999	0.703635737071	0.603996191397	1.13959097148	0.906851899468	0.938282078299	0.928420517158	0.942361445143	0.985889439343	0.690526191397	0.691984461092	0.685878260029	0.686251696472	0.569510753987	0.992810328661	0.587414233929	0.869489927501	0.477594925085	0.840011348478
AE3	0.943998206863	0.683397346544	2.36296948768	1.1353322523	0.905168274529	0.470239072015	1.26723724988	0.331462672789	0.0	0.982963750604	0.411498554857	0.711248119865	0.643478206863	2.03123606573	0.799999850169	0.763851739971	0.584818081199	0.581990478492	1.96993373127	1.42198839536	1.01867236829	0.698738728855	0.534965161914	0.460497936201	1.90928387627	0.933754335428	0.457870744321	0.570019178347	0.749513910101	0.876523301112	0.912198521025	0.725310560657	0.242580734654	0.34022977767	1.19301890285	0.851657448043	0.514714973417	0.741653291445	0.574901648139	0.934725157081	0.704259859836	1.34563606573	1.27685433059	0.693096698888	0.698250976317	0.560594388594	1.21659643789	0.967251730304	1.03942124215	1.01799579507	0.991160860319	1.05059865636	0.763528893185	0.773441469309	0.755375577574	0.769610686322	0.744623837603	1.07620509425	0.752713629773	0.933106085065	0.621240004833	0.900774958917
AE4	0.695150241663	0.655572754954	2.0816858724	0.768159917835	0.673762252296	0.828894035766	0.363106394393	0.702585311745	0.982963750604	0.0	1.07300796037	0.695968970517	0.807106288062	1.73505621073	0.602175026583	0.635230792653	0.953534253262	0.902481111648	1.4587357999	0.937355964234	0.728537259546	0.689650831319	1.01660086999	1.02054231513	1.29441892702	0.616019632673	0.925190231996	0.785502774287	0.624015862736	0.563329478009	0.938677844369	0.81687882552	0.941009888835	0.874706191397	1.03401360561	0.851301121315	1.0246222233	0.529194064766	0.895865360077	0.612141338811	0.660028540358	0.958013040116	0.869979067182	0.506688482359	1.1553620928	1.10146416143	1.12730689705	1.14679166264	0.970023707105	1.00952683422	1.29526553891	1.21022757854	0.950289386177	0.946516848719	0.984536814886	0.910515161914	0.724536703722	1.14344496858	0.731928612856	1.07280960367	0.846568260029	1.08982345578
AF3	0.982078337361	0.795904968584	2.5350498695	1.21765336878	1.03047311261	0.369112696955	1.32582340261	0.499715727405	0.411498554857	1.07300796037	0.0	0.792541483809	0.682468342194	2.19601447559	0.952002609956	0.872800599323	0.508522658289	0.495031014983	2.05058095698	1.50557364911	1.07363131948	0.786930700822	0.434725012083	0.36350777187	1.95932347511	0.986416263896	0.471893262446	0.637841541808	0.868903765104	0.966013523441	0.83764502175	0.664230497825	0.457450154664	0.462533465442	1.20435109715	0.90692239246	0.480102527791	0.861207196713	0.504066737554	0.977046940551	0.747604746254	1.51546850169	1.43014954084	0.799719661672	0.649624601257	0.530224340261	1.21180516191	0.966431696472	1.08570646689	1.00658855002	0.985464422426	1.03039441759	0.773813827936	0.750485176414	0.746223412276	0.730663856936	0.859426336394	1.04991338328	0.852362112131	0.929638105365	0.59449040116	0.901901295312
AF4	0.721673924601	0.42327019333	2.30595558724	0.951564229096	0.320636491058	0.499276317061	0.915926848719	0.629700343161	0.711248119865	0.695968970517	0.792541483809	0.0	0.566589149348	1.96447441276	0.534170889319	0.548526191397	0.811650734654	0.756281043983	1.62881232963	1.10111558724	0.945100952151	0.798639231513	1.04297686805	0.956749217013	1.47289592073	0.683916723055	0.820165998067	0.797405016916	0.781578511358	0.755551121315	0.982521034316	0.811336785887	0.762628487192	0.689161039149	0.826186684389	0.534197844369	0.752825577574	0.615377438376	0.67401882552	0.56513619623	0.522870541324	1.22663116481	1.14661839053	0.492303687772	0.920831246979	0.846450734654	0.829019173514	0.728223426776	0.625939589174	0.624105954567	0.885895998067	0.814858182697	0.542931087482	0.633412846786	0.645200449493	0.575640739488	0.613088835186	0.744247423876	0.628819874335	0.702212532624	0.600285157081	0.696499299178
AG3	0.742995176414	0.440608767521	2.33627767037	0.880189395843	0.774261329145	0.444704683422	1.03586280329	0.512515978734	0.643478206863	0.807106288062	0.682468342194	0.566589149348	0.0	1.97413041566	0.525621208313	0.50985300145	0.571804842919	0.526971846303	1.74716810053	1.19864477525	0.923994673755	0.632964688255	0.738270927985	0.681936636056	1.60244700338	0.683710135331	0.536374693088	0.557666684389	0.703595471242	0.738243421943	0.814074949251	0.626656539391	0.596460855486	0.547383924601	1.04361670372	0.732889439343	0.747997539874	0.638031933301	0.551718086032	0.662592875785	0.465733765104	1.29724889802	1.21566675689	0.538568400193	0.881791300145	0.776480270662	1.00275892702	0.769287182214	0.829770410826	0.794584780087	0.921601793137	0.876109062349	0.582523291445	0.634601387144	0.671948854519	0.589678530691	0.480179105848	0.872315693572	0.481902643789	0.766888071532	0.368264098598	0.730502861286
AG4	1.93142858869	1.9416059594	0.382715258579	1.13031546158	1.88144388594	2.05948835186	1.56749279362	1.97585649589	2.03123606573	1.73505621073	2.19601447559	1.96447441276	1.97413041566	0.0	1.80813272595	1.9039197535	2.14324114548	2.13506072499	0.931048492025	1.13057791687	1.64046104882	1.85415688255	2.07492683422	2.10348984534	1.6464757564	1.83586141131	2.06888005317	1.97418552924	1.52857442243	1.50552866602	2.12904663122	2.10177317061	1.98019875302	2.0356977912	2.23111319961	2.13300128565	2.31450294828	1.6341281682	2.20097063799	1.94782499275	2.02659850652	0.999000821653	1.07301704688	1.77131811986	2.39261248429	2.31955239729	2.31614199613	2.33125161431	2.20181719188	2.26067740938	2.44926454326	2.40258313195	2.2372759304	2.25696338328	2.27545604157	2.22880313678	1.9713619623	2.34037350411	1.9796540551	2.31471037699	2.06138316578	2.30051410826
AH3	0.779238463026	0.34066218463	2.14580696955	0.808035311745	0.649147264379	0.705496544224	0.777509241179	0.644815360077	0.799999850169	0.602175026583	0.952002609956	0.534170889319	0.525621208313	1.80813272595	0.0	0.524230952151	0.810373591107	0.800459975834	1.56448115031	1.02597520541	0.889753175447	0.782520628323	0.966603011116	0.908512189464	1.44682413243	0.725239850169	0.78072840986	0.768832783954	0.690837472209	0.654925867569	1.04176840503	0.869347849203	0.717992561624	0.728593658772	1.04572883519	0.78660020783	0.94449561624	0.533283011116	0.789621913968	0.595041043983	0.5572119768	1.06340424843	0.975066872885	0.462947559207	1.10688621556	1.0141218463	1.04784727888	0.931802609956	0.840081362977	0.8713200145	1.0753121943	1.01992894635	0.820958255196	0.844191372644	0.844302000967	0.815589270179	0.573816399227	0.961799270179	0.588330792653	0.922019594007	0.650392334461	0.875951116481
AH4	0.332493301112	0.295043131948	2.25181686805	0.862597167714	0.690730425326	0.609592783954	0.856200347994	0.599814741421	0.763851739971	0.635230792653	0.872800599323	0.548526191397	0.50985300145	1.9039197535	0.524230952151	0.0	0.652268690188	0.62756897535	1.50239770904	1.03266926051	0.825166698888	0.595100367327	0.802168820686	0.775546379894	1.430670145	0.548885582407	0.681915466409	0.550827612373	0.640851101982	0.640767008217	0.785015645239	0.597630449493	0.720152580957	0.693176278395	1.0359922378	0.76916078782	0.83505279362	0.638841000483	0.618896317061	0.506441662639	0.418036974384	1.19926042049	1.11210749154	0.533881739971	1.02284861286	0.940784436926	0.972513929435	0.847368129531	0.818704668922	0.776221000483	0.991904200097	0.915381193813	0.627002025133	0.665588260029	0.707910633156	0.630967491542	0.347476244563	0.848912493958	0.356549130014	0.809634586757	0.50192279362	0.801936065732
AA7	0.812729502175	0.683773117448	2.48222460126	1.14498811986	0.977148115031	0.559501242146	1.2123220493	0.571358095698	0.584818081199	0.953534253262	0.508522658289	0.811650734654	0.571804842919	2.14324114548	0.810373591107	0.652268690188	0.0	0.163786723055	1.83256094732	1.31175650072	1.02036456259	0.657098540358	0.454610956984	0.452635302078	1.74961348961	0.811576437893	0.33853020783	0.427488559691	0.797828849686	0.848984987917	0.623826249396	0.400725461576	0.518428250362	0.539291860802	1.24931677139	0.996428540358	0.572858680522	0.843407303045	0.528582928951	0.880428786854	0.668803528275	1.45809043499	1.38259375544	0.813941159981	0.78738962784	0.668531000483	1.15996251329	0.913389173514	1.10731431609	1.02040770904	0.934712764621	0.983736360561	0.721895161914	0.706035306912	0.689783267279	0.693268757854	0.559505930401	0.988542044466	0.553122295795	0.94717277912	0.516750671822	0.868172131464
AA8	0.78224640406	0.653740768487	2.47654043016	1.13193817786	0.945718095698	0.494749888835	1.17231303528	0.512802875785	0.581990478492	0.902481111648	0.495031014983	0.756281043983	0.526971846303	2.13506072499	0.800459975834	0.62756897535	0.163786723055	0.0	1.82683721121	1.29342892702	0.944013914935	0.594023320445	0.474153910101	0.448924896085	1.7010118608	0.762402435959	0.349922498792	0.379750343161	0.766661362977	0.828023823103	0.562104446593	0.322088569357	0.531641227646	0.523226771387	1.1946741566	0.931532943451	0.567844920251	0.80943277912	0.486104925085	0.841883011116	0.633734224263	1.4557478782	1.3733440841	0.752558332528	0.748217878202	0.632667544708	1.11983237796	0.885155248913	1.05319723055	0.960980947318	0.904299120348	0.950693156114	0.671415611406	0.658694441759	0.66097442726	0.632966346061	0.580992498792	0.966882300628	0.566239265346	0.891771536974	0.467986616723	0.840579453842
AB7	1.45811222813	1.59945623973	1.18905210246	1.03876438859	1.47672761237	1.83026906235	1.30096095698	1.82117654906	1.96993373127	1.4587357999	2.05058095698	1.62881232963	1.74716810053	0.931048492025	1.56448115031	1.50239770904	1.83256094732	1.82683721121	0.0	0.599812305462	1.50549908168	1.62838754954	1.95005450459	1.96668627356	1.09786361044	1.46144502175	1.8584657999	1.70753477525	1.34989645723	1.2433522668	1.73856331078	1.73942250362	1.90940813436	1.90091524408	1.87682861286	1.84252922668	1.9998260464	1.48230611406	1.85703518608	1.49316637023	1.63091291445	1.00176947801	0.997926379894	1.53648871919	2.17706920251	2.12296562591	1.90378936684	1.9574498115	1.85256310295	1.84414143548	2.09117365394	2.01977385694	1.82067638956	1.84637127598	1.85324351861	1.81109852102	1.62016639439	1.9297881247	1.62201691155	1.92289585307	1.76783038183	1.94560665056
AB8	1.05534763654	1.0898419333	1.46264176897	0.491975282745	1.06240605607	1.28304381344	0.80181181247	1.26204437893	1.42198839536	0.937355964234	1.50557364911	1.10111558724	1.19864477525	1.13057791687	1.02597520541	1.03266926051	1.31175650072	1.29342892702	0.599812305462	0.0	1.00046463992	1.08956766554	1.39081457226	1.40225255679	1.14904504108	0.958181570807	1.30059210246	1.15772863702	0.774651739971	0.682996152731	1.26295246496	1.23158764621	1.35930860802	1.35345469309	1.44531406477	1.33312211213	1.48886155147	0.932634668922	1.37811764137	1.04913940068	1.15384057999	0.680751585307	0.607585625906	0.996811280812	1.65642342194	1.57897961334	1.54461820203	1.5139721798	1.42154688255	1.42199154664	1.64678482842	1.59775945384	1.39924912035	1.40557120831	1.41531840503	1.38342068632	1.14518244079	1.5314319333	1.14850109715	1.48191048816	1.2366881682	1.49295748671
AC7	0.839496858386	0.889890894152	1.98276082165	0.889492953117	1.03272767037	0.905665456742	0.86265338811	0.871037767037	1.01867236829	0.728537259546	1.07363131948	0.945100952151	0.923994673755	1.64046104882	0.889753175447	0.825166698888	1.02036456259	0.944013914935	1.50549908168	1.00046463992	0.0	0.474495089415	0.987817559207	0.991666795553	1.39288199613	0.687554088932	0.977170739488	0.802460807153	0.575723049782	0.567313107782	0.871612068632	0.806843615273	0.961504296762	0.939750797487	1.30117469309	1.11128728371	1.18455405027	0.774629507008	1.04307498308	0.938758289029	0.924650778154	1.16140931368	1.08687989367	0.741780086999	1.12070526825	1.06696920251	1.46821492508	1.39129304012	1.24200402127	1.26508285645	1.53307539391	1.47964257612	1.13532905268	1.16429013533	1.21561372644	1.12167161914	0.926245978734	1.41698277912	0.912002141131	1.29099292412	0.922821701305	1.35468542291
AC8	0.691983479942	0.66964118898	2.19784349928	0.918725664572	0.995005775737	0.606060430159	0.929549202513	0.548162977284	0.698738728855	0.689650831319	0.786930700822	0.798639231513	0.632964688255	1.85415688255	0.782520628323	0.595100367327	0.657098540358	0.594023320445	1.62838754954	1.08956766554	0.474495089415	0.0	0.661211246979	0.676211251812	1.51915557757	0.595121996133	0.557447307878	0.389499637506	0.516785737071	0.56983421943	0.623309700338	0.482680115998	0.636882924118	0.625508052199	1.17851000483	0.845655906235	0.83692961334	0.681052194297	0.697677341711	0.801454403093	0.655164697922	1.1995597245	1.11501620106	0.636336326728	0.886993310778	0.803601353311	1.30206006767	1.07876833253	1.05973550507	1.04527312228	1.1936040261	1.14938353311	0.822183127115	0.83158839536	0.881875882069	0.802397573707	0.591980546158	1.15586506042	0.588885949734	0.974336558724	0.584500715321	1.01808191397
AD7	0.916394369261	0.885148936684	2.41503956017	1.13257214596	1.24363124215	0.660635853069	1.27327452392	0.586994929918	0.534965161914	1.01660086999	0.434725012083	1.04297686805	0.738270927985	2.07492683422	0.966603011116	0.802168820686	0.454610956984	0.474153910101	1.95005450459	1.39081457226	0.987817559207	0.661211246979	0.0	0.180115045916	1.88236162397	0.868460106332	0.407948830353	0.477969550507	0.734675118415	0.847345079749	0.732305558241	0.585303397777	0.480350700822	0.563519047849	1.42192324311	1.1229177477	0.663593136781	0.879252788787	0.697543939101	1.0551480957	0.855148153697	1.40337130981	1.3200600145	0.890751527308	0.824335374577	0.690099144514	1.38955666989	1.14151780087	1.29893633156	1.23419277912	1.14138756887	1.21224753987	0.964251599807	0.91583679072	0.904504635089	0.92769757854	0.781952431126	1.2392517738	0.76982099565	1.14522043016	0.686726104398	1.07221513291
AD8	0.934142909618	0.802321662639	2.44573413243	1.15206063799	1.15449859352	0.577343533108	1.28407596907	0.502612440793	0.460497936201	1.02054231513	0.36350777187	0.956749217013	0.681936636056	2.10348984534	0.908512189464	0.775546379894	0.452635302078	0.448924896085	1.96668627356	1.40225255679	0.991666795553	0.676211251812	0.180115045916	0.0	1.85947860319	0.84786900435	0.363299516675	0.489662363461	0.750848192363	0.855912653456	0.752823504108	0.57323040116	0.428893557274	0.497553252779	1.35726763654	1.05370634606	0.597685089415	0.811497810536	0.620690420493	0.970030217496	0.770027423876	1.43324559207	1.3499518028	0.820566544224	0.745113040116	0.62191142581	1.32558485259	1.08316335428	1.21125853069	1.14661112131	1.08921948284	1.15359909618	0.889974929918	0.844845756404	0.83389878202	0.852476974384	0.767908453359	1.1746918463	0.759643823103	1.06326226196	0.609704301595	1.01376890285
AE7	1.33886492508	1.49776294345	1.91866494442	1.26948098115	1.31303692605	1.70059632673	1.19724858869	1.73885846786	1.90928387627	1.29441892702	1.95932347511	1.47289592073	1.60244700338	1.6464757564	1.44682413243	1.430670145	1.74961348961	1.7010118608	1.09786361044	1.14904504108	1.39288199613	1.51915557757	1.88236162397	1.85947860319	0.0	1.03887617206	1.79916658772	1.63251182214	1.35474200097	1.27430741904	1.56252501692	1.57790131948	1.85977855969	1.83063346061	1.68220571774	1.70553028516	1.92733754471	1.48950347994	1.77245521025	1.37042187047	1.55909004833	1.4582557564	1.43345086999	1.46538605607	2.01811230063	1.98807746254	1.679189739	1.80948903335	1.62980886902	1.63650568391	1.97056390527	1.8573742871	1.6778257999	1.68610146931	1.71952455776	1.65244944901	1.55206871919	1.7741477622	1.5472422523	1.761969855	1.66902791203	1.80201463026
AE8	0.593105853069	0.629988772354	2.18081085065	0.876489507008	0.811737941034	0.740010517158	0.844074871919	0.754981251812	0.933754335428	0.616019632673	0.986416263896	0.683916723055	0.683710135331	1.83586141131	0.725239850169	0.548885582407	0.811576437893	0.762402435959	1.46144502175	0.958181570807	0.687554088932	0.595121996133	0.868460106332	0.84786900435	1.03887617206	0.0	0.818220729821	0.650791358144	0.608220889319	0.543242866119	0.745221179314	0.663289768004	0.88229098115	0.84685118898	1.14575820686	0.92746381827	0.976466118898	0.712378086032	0.846958158531	0.647742295795	0.654053392943	1.1969381537	1.11102838569	0.638906723055	1.10327232963	1.05846878202	1.17073321895	1.08959303528	0.974461309811	0.978070671822	1.22766239729	1.17695443209	0.876297235379	0.884741855969	0.921420739488	0.851424132431	0.677835137748	1.11485709038	0.673676906718	1.01109665056	0.728037762204	1.0451979362
AF7	0.865061565974	0.659666553891	2.4073021653	1.12291112615	1.01605294828	0.522126520058	1.20652195263	0.459143421943	0.457870744321	0.925190231996	0.471893262446	0.820165998067	0.536374693088	2.06888005317	0.78072840986	0.681915466409	0.33853020783	0.349922498792	1.8584657999	1.30059210246	0.977170739488	0.557447307878	0.407948830353	0.363299516675	1.79916658772	0.818220729821	0.0	0.299774533591	0.728612513291	0.785403856936	0.682449043016	0.521230894152	0.400782286129	0.433060212663	1.19276288062	0.893657452876	0.530030164331	0.750857675205	0.543916152731	0.874502329628	0.655855070082	1.40084334944	1.31702818753	0.7042080232	0.737073436443	0.602913629773	1.18156128565	0.946774548091	1.06244200097	1.0039180232	0.956882798453	1.01473739488	0.741723011116	0.728129091348	0.728104523925	0.729050410826	0.603275645239	1.0274058724	0.605196979217	0.924608525858	0.484196278395	0.878354586757
AF8	0.670543107782	0.623485708072	2.31910680039	1.01563489125	0.984146708555	0.509875592073	1.06562804737	0.452567776704	0.570019178347	0.785502774287	0.637841541808	0.797405016916	0.557666684389	1.97418552924	0.768832783954	0.550827612373	0.427488559691	0.379750343161	1.70753477525	1.15772863702	0.802460807153	0.389499637506	0.477969550507	0.489662363461	1.63251182214	0.650791358144	0.299774533591	0.0	0.621063035283	0.683836563557	0.624552962784	0.42188441276	0.507031725471	0.505892899952	1.17871113098	0.890182493958	0.642465355244	0.730959642339	0.527204722088	0.791162460126	0.603838873852	1.30590416626	1.21749815853	0.68487442726	0.844791043983	0.734379076849	1.18290651039	0.963431913968	1.03334942001	1.00111577574	0.978022339294	1.02814974384	0.743895775737	0.747366950217	0.75740078782	0.736109429676	0.52885659739	1.03718914451	0.521565906235	0.932305089415	0.475838322861	0.893280604157
AG7	0.747261029483	0.697735964234	1.86602255679	0.583675819236	0.902215137748	0.7020020203	0.839659279845	0.625865427743	0.749513910101	0.624015862736	0.868903765104	0.781578511358	0.703595471242	1.52857442243	0.690837472209	0.640851101982	0.797828849686	0.766661362977	1.34989645723	0.774651739971	0.575723049782	0.516785737071	0.734675118415	0.750848192363	1.35474200097	0.608220889319	0.728612513291	0.621063035283	0.0	0.186251285645	0.833057689705	0.711321116481	0.702804436926	0.751606027066	1.30375018366	0.967960289995	0.984531271145	0.486590990817	0.844092716288	0.822315306912	0.711784760754	0.936875621073	0.843410347994	0.507226703722	1.09141857419	0.996768279362	1.35281339294	1.15856653939	1.16625206863	1.14179025616	1.28541993233	1.25684463026	0.972247974867	0.966979942001	0.995585505075	0.953184915418	0.718559507008	1.2027081682	0.706611213146	1.13572579507	0.746585195747	1.11339144998
AG8	0.697080135331	0.69205117448	1.8455060029	0.571001788304	0.847444635089	0.763079743838	0.745846466892	0.722087530208	0.876523301112	0.563329478009	0.966013523441	0.755551121315	0.738243421943	1.50552866602	0.654925867569	0.640767008217	0.848984987917	0.828023823103	1.2433522668	0.682996152731	0.567313107782	0.56983421943	0.847345079749	0.855912653456	1.27430741904	0.543242866119	0.785403856936	0.683836563557	0.186251285645	0.0	0.85936878202	0.768247858869	0.825934949251	0.824204050266	1.2519681102	0.982204132431	1.03152053649	0.485431372644	0.890020811986	0.762946882552	0.734543315611	0.929207525375	0.832431880135	0.510865645239	1.16216176897	1.07063895602	1.30711196713	1.18859611406	1.11247517641	1.12607266796	1.32530016916	1.28584453842	1.00814823103	0.995605872402	1.02275491542	0.984438753021	0.757188675689	1.22315339294	0.74698958434	1.14600510391	0.78872680522	1.14651562107
AH7	0.78152219913	0.868242469792	2.45233015466	1.23556531174	1.14855274045	0.795659922668	1.16099598357	0.795151420976	0.912198521025	0.938677844369	0.83764502175	0.982521034316	0.814074949251	2.12904663122	1.04176840503	0.785015645239	0.623826249396	0.562104446593	1.73856331078	1.26295246496	0.871612068632	0.623309700338	0.732305558241	0.752823504108	1.56252501692	0.745221179314	0.682449043016	0.624552962784	0.833057689705	0.85936878202	0.0	0.312977230546	0.90193698405	0.88385038666	1.19762347511	1.01014665056	0.835608371194	0.966068680522	0.760565485742	0.959399966167	0.812195799903	1.48503849203	1.39984501208	0.926621329145	0.960576863219	0.923939318511	1.28099114065	1.06309076365	1.17661180764	1.07997698405	1.14201242146	1.11933112615	0.856480618656	0.814927665539	0.823664683422	0.808405891735	0.78162138231	1.15211088449	0.776170323828	0.992047264379	0.718308985017	1.0308981392
AH8	0.695646099565	0.692299951667	2.4427899565	1.11891940068	0.9887740116	0.562206916385	1.07368660222	0.58872362494	0.725310560657	0.81687882552	0.664230497825	0.811336785887	0.626656539391	2.10177317061	0.869347849203	0.597630449493	0.400725461576	0.322088569357	1.73942250362	1.23158764621	0.806843615273	0.482680115998	0.585303397777	0.57323040116	1.57790131948	0.663289768004	0.521230894152	0.42188441276	0.711321116481	0.768247858869	0.312977230546	0.0	0.69803179797	0.668976858386	1.14869886902	0.89427782987	0.680053267279	0.828299540841	0.553489956501	0.816028777187	0.649645886902	1.4250560899	1.34207760271	0.763779139681	0.810137602707	0.73377942001	1.15112358627	0.926507481875	1.03873910101	0.944680729821	0.980501686805	0.991357346544	0.698693102948	0.681406761721	0.691524871919	0.660105219913	0.609556089898	1.00952836636	0.591415442243	0.862527974867	0.511601304978	0.881280782987
AA5	0.921226065732	0.640818854519	2.31292914935	1.09058404543	0.967993919768	0.476173040116	1.21473565491	0.322017491542	0.242580734654	0.941009888835	0.457450154664	0.762628487192	0.596460855486	1.98019875302	0.717992561624	0.720152580957	0.518428250362	0.531641227646	1.90940813436	1.35930860802	0.961504296762	0.636882924118	0.480350700822	0.428893557274	1.85977855969	0.88229098115	0.400782286129	0.507031725471	0.702804436926	0.825934949251	0.90193698405	0.69803179797	0.0	0.256613305945	1.25839451426	0.900690884485	0.594955766071	0.661938704688	0.6130060174	0.868539531174	0.645580613823	1.26500741421	1.20157092798	0.63297417593	0.7679780232	0.61441622523	1.29692673272	1.05148925568	1.10272291445	1.08726396327	1.07770009667	1.1363900725	0.833163692605	0.853343711938	0.827253228613	0.846427796037	0.655202899952	1.13898804253	0.664519603673	1.01193353794	0.591167042049	0.981623233446
AA6	0.87701020783	0.58900340261	2.37943926535	1.09847560174	0.901517868536	0.404463658772	1.14436521991	0.333762174964	0.34022977767	0.874706191397	0.462533465442	0.689161039149	0.547383924601	2.0356977912	0.728593658772	0.693176278395	0.539291860802	0.523226771387	1.90091524408	1.35345469309	0.939750797487	0.625508052199	0.563519047849	0.497553252779	1.83063346061	0.84685118898	0.433060212663	0.505892899952	0.751606027066	0.824204050266	0.88385038666	0.668976858386	0.256613305945	0.0	1.1012759594	0.759998999517	0.549619308845	0.649999956501	0.507017805703	0.816650903818	0.566309318511	1.3205918463	1.23446440793	0.603829415176	0.574921672305	0.450865065249	1.16299523441	0.932896684389	0.955509279845	0.933644760754	0.961674069599	1.00486122281	0.687498864186	0.727528840019	0.708092150797	0.70145499275	0.624314717255	1.0072982262	0.643547245046	0.861269463509	0.518016761721	0.866856906718
AB5	1.07795166747	0.938529502175	2.56915036249	1.37687426776	0.827088414693	1.04333328661	1.21208686322	1.11516478492	1.19301890285	1.03401360561	1.20435109715	0.826186684389	1.04361670372	2.23111319961	1.04572883519	1.0359922378	1.24931677139	1.1946741566	1.87682861286	1.44531406477	1.30117469309	1.17851000483	1.42192324311	1.35726763654	1.68220571774	1.14575820686	1.19276288062	1.17871113098	1.30375018366	1.2519681102	1.19762347511	1.14869886902	1.25839451426	1.1012759594	0.0	0.449982682455	0.981114146931	1.11214138714	0.994568032866	0.852855495408	0.87902580957	1.57016667472	1.50736607057	1.01321926535	1.01409324311	1.01982895118	0.803487849203	0.916672257129	0.738146747221	0.738616022233	1.0725582552	0.959804151764	0.830516312228	0.933506723055	0.933057660706	0.871729946834	1.03606057516	0.880008666022	1.04081144031	0.817931570807	1.00404305462	0.889915147414
AB6	0.911029652006	0.650281222813	2.46713791687	1.20769664089	0.725264224263	0.705473243113	1.04142971967	0.765022112131	0.851657448043	0.851301121315	0.90692239246	0.534197844369	0.732889439343	2.13300128565	0.78660020783	0.76916078782	0.996428540358	0.931532943451	1.84252922668	1.33312211213	1.11128728371	0.845655906235	1.1229177477	1.05370634606	1.70553028516	0.92746381827	0.893657452876	0.890182493958	0.967960289995	0.982204132431	1.01014665056	0.89427782987	0.900690884485	0.759998999517	0.449982682455	0.0	0.729583489609	0.789557351377	0.764723272112	0.71450377477	0.605287515708	1.40744858386	1.32327391493	0.669222682455	0.74969179797	0.741849255679	0.797724934751	0.683363968101	0.575295123248	0.563097438376	0.837327346544	0.76441900435	0.579816162397	0.718940782987	0.715126491058	0.645217713871	0.734311570807	0.709421517641	0.745890526825	0.568604847753	0.736102402127	0.649606259062
AC5	0.965041155147	0.759264035766	2.651509913	1.36861631223	0.974887211213	0.575004804253	1.29641130498	0.575650289995	0.514714973417	1.0246222233	0.480102527791	0.752825577574	0.747997539874	2.31450294828	0.94449561624	0.83505279362	0.572858680522	0.567844920251	1.9998260464	1.48886155147	1.18455405027	0.83692961334	0.663593136781	0.597685089415	1.92733754471	0.976466118898	0.530030164331	0.642465355244	0.984531271145	1.03152053649	0.835608371194	0.680053267279	0.594955766071	0.549619308845	0.981114146931	0.729583489609	0.0	0.848712334461	0.465509159014	0.885084354761	0.672715674239	1.62872936684	1.53055708555	0.785315703238	0.499925369744	0.425680091832	1.00031920251	0.7540320203	0.901372242629	0.83736160464	0.749662503625	0.791625548574	0.586929038183	0.567933513775	0.523746877719	0.568733992267	0.779979255679	0.851740135331	0.774199275012	0.739008472692	0.602366558724	0.691826500725
AC6	0.826914117931	0.576535094248	1.96998708072	0.713796756887	0.734790662156	0.648445016916	0.711013963267	0.556913093282	0.741653291445	0.529194064766	0.861207196713	0.615377438376	0.638031933301	1.6341281682	0.533283011116	0.638841000483	0.843407303045	0.80943277912	1.48230611406	0.932634668922	0.774629507008	0.681052194297	0.879252788787	0.811497810536	1.48950347994	0.712378086032	0.750857675205	0.730959642339	0.486590990817	0.485431372644	0.966068680522	0.828299540841	0.661938704688	0.649999956501	1.11214138714	0.789557351377	0.848712334461	0.0	0.791230492992	0.652284954084	0.599577588207	0.818512982117	0.729155248913	0.317300285162	1.02072614306	0.939840439826	1.18170656839	1.0569877767	0.981797820203	0.985201478975	1.18988287095	1.14489765104	0.86987502175	0.903098579024	0.929537085549	0.867579347511	0.647325026583	1.0901722668	0.66744940551	1.00282653939	0.702695558241	1.02134130014
AD6	0.756676916385	0.571780657322	2.5470497825	1.18741168681	0.834179231513	0.404259705172	1.1586897535	0.467923914935	0.574901648139	0.895865360077	0.504066737554	0.67401882552	0.551718086032	2.20097063799	0.789621913968	0.618896317061	0.528582928951	0.486104925085	1.85703518608	1.37811764137	1.04307498308	0.697677341711	0.697543939101	0.620690420493	1.77245521025	0.846958158531	0.543916152731	0.527204722088	0.844092716288	0.890020811986	0.760565485742	0.553489956501	0.6130060174	0.507017805703	0.994568032866	0.764723272112	0.465509159014	0.791230492992	0.0	0.693316220396	0.424927849203	1.51279345094	1.42180378927	0.704131377477	0.687269772837	0.599711870469	0.877579526341	0.651311087482	0.842689009183	0.707407602707	0.696783243113	0.722830405993	0.472102904785	0.449009023683	0.450370758821	0.445543044949	0.560121358144	0.740584809087	0.557771179314	0.640840405993	0.387410913485	0.589212402127
AE5	0.568429917835	0.510966882552	2.29436842919	0.955172044466	0.606169816336	0.727539811503	0.800340570324	0.699740173997	0.934725157081	0.612141338811	0.977046940551	0.56513619623	0.662592875785	1.94782499275	0.595041043983	0.506441662639	0.880428786854	0.841883011116	1.49316637023	1.04913940068	0.938758289029	0.801454403093	1.0551480957	0.970030217496	1.37042187047	0.647742295795	0.874502329628	0.791162460126	0.822315306912	0.762946882552	0.959399966167	0.816028777187	0.868539531174	0.816650903818	0.852855495408	0.71450377477	0.885084354761	0.652284954084	0.693316220396	0.0	0.347691280812	1.19354265346	1.10535014983	0.563514963751	1.08863304978	1.04034579024	0.879013069116	0.854962803287	0.777104359594	0.720818767521	1.02508907202	0.941724528758	0.657320691155	0.700086143064	0.753483914935	0.649539449009	0.539318245529	0.875477675205	0.551057375544	0.776118791687	0.647830932818	0.831395244079
AE6	0.604120444659	0.364505751571	2.37572419526	1.00179275979	0.674993257612	0.498689787337	0.895192440793	0.497436268729	0.704259859836	0.660028540358	0.747604746254	0.522870541324	0.465733765104	2.02659850652	0.5572119768	0.418036974384	0.668803528275	0.633734224263	1.63091291445	1.15384057999	0.924650778154	0.655164697922	0.855148153697	0.770027423876	1.55909004833	0.654053392943	0.655855070082	0.603838873852	0.711784760754	0.734543315611	0.812195799903	0.649645886902	0.645580613823	0.566309318511	0.87902580957	0.605287515708	0.672715674239	0.599577588207	0.424927849203	0.347691280812	0.0	1.28919675689	1.19901772837	0.479332247463	0.858945683905	0.804311986467	0.896967317545	0.724207462542	0.709546544224	0.65905937651	0.86872537941	0.804641686805	0.491196457226	0.532668627356	0.550216607057	0.489466640889	0.394887245046	0.751703707105	0.41169041566	0.654743992267	0.421537689705	0.68253319478
AF5	1.26405419526	1.21852136781	1.3237799855	0.605726761721	1.18274736588	1.358019971	0.824299782504	1.25428297245	1.34563606573	0.958013040116	1.51546850169	1.22663116481	1.29724889802	0.999000821653	1.06340424843	1.19926042049	1.45809043499	1.4557478782	1.00176947801	0.680751585307	1.16140931368	1.1995597245	1.40337130981	1.43324559207	1.4582557564	1.1969381537	1.40084334944	1.30590416626	0.936875621073	0.929207525375	1.48503849203	1.4250560899	1.26500741421	1.3205918463	1.57016667472	1.40744858386	1.62872936684	0.818512982117	1.51279345094	1.19354265346	1.28919675689	0.0	0.159238873852	0.986571082649	1.71844258579	1.64074327211	1.68348908168	1.6564321363	1.56359869986	1.58814506525	1.80047724505	1.7493139391	1.53401406477	1.57767596907	1.60186743838	1.53741379894	1.24977458676	1.69386316095	1.26201805703	1.61801880619	1.37644254712	1.6247919623
AF6	1.17481274045	1.12860074432	1.40647664572	0.53494982117	1.11699347028	1.26932505075	0.734070662156	1.16606772354	1.27685433059	0.869979067182	1.43014954084	1.14661839053	1.21566675689	1.07301704688	0.975066872885	1.11210749154	1.38259375544	1.3733440841	0.997926379894	0.607585625906	1.08687989367	1.11501620106	1.3200600145	1.3499518028	1.43345086999	1.11102838569	1.31702818753	1.21749815853	0.843410347994	0.832431880135	1.39984501208	1.34207760271	1.20157092798	1.23446440793	1.50736607057	1.32327391493	1.53055708555	0.729155248913	1.42180378927	1.10535014983	1.19901772837	0.159238873852	0.0	0.895610845819	1.62779044949	1.5465139971	1.61492557757	1.58299650072	1.48622499758	1.50868242146	1.70123211696	1.66640563074	1.44737763654	1.49068655872	1.51570637989	1.45298949251	1.16169538424	1.61399565491	1.17604971967	1.54057576607	1.28814413726	1.54853811503
AG5	0.728900860319	0.458615853069	2.11199762204	0.794099410343	0.608234243596	0.56104637506	0.760474528758	0.504700086999	0.693096698888	0.506688482359	0.799719661672	0.492303687772	0.538568400193	1.77131811986	0.462947559207	0.533881739971	0.813941159981	0.752558332528	1.53648871919	0.996811280812	0.741780086999	0.636336326728	0.890751527308	0.820566544224	1.46538605607	0.638906723055	0.7042080232	0.68487442726	0.507226703722	0.510865645239	0.926621329145	0.763779139681	0.63297417593	0.603829415176	1.01321926535	0.669222682455	0.785315703238	0.317300285162	0.704131377477	0.563514963751	0.479332247463	0.986571082649	0.895610845819	0.0	0.940380782987	0.874885480909	1.08345580474	0.953276781054	0.875368274529	0.870489439343	1.09131906718	1.02498100048	0.714825630739	0.768238709522	0.81731662639	0.715566360561	0.57692319478	0.971695509908	0.586849980667	0.87562060899	0.579157883035	0.913492982117
