	AA3	AA4	AB3	AB4	AC3	AC4	AD3	AD4	AE3	AE4	AF3	AF4	AG3	AG4	AH3	AH4	AA7	AA8	AB7	AB8	AC7	AC8	AD7	AD8	AE7	AE8	AF7	AF8	AG7	AG8	AH7	AH8	AA5	AA6	AB5	AB6	AC5	AC6	AD6	AE5	AE6	AF5	AF6	AG5	AH5	AH6	AA1	AA2	AB1	AB2	AC1	AC2	AD1	AD2	AE1	AE2	AF1	AF2	AG1	AG2	AH1	AH2
AA3	0.0	0.519200164331	2.28963137264	1.01170037216	0.855046752054	0.735875103915	0.911446007733	0.740095224746	0.853656104398	0.67713881102	0.918619951667	0.729989188014	0.651569787337	1.92159	0.728640130498	0.201524354761	0.74994878202	0.717157061382	1.47837741904	1.07575448043	0.852844229096	0.67211419043	0.844716587724	0.833951111648	1.40714332528	0.607342252296	0.744056839053	0.584823832769	0.706515041083	0.681433349444	0.730413064282	0.640803020783	0.809038719188	0.805058960851	1.08015264862	0.907951237313	0.894689801837	0.783760749154	0.758077820203	0.52914820203	0.535553030449	1.30128784437	1.19399511841	0.692633605607	1.06921997583	1.01664794103	0.986691319478	0.867204775254	0.901172189464	0.797754267762	1.01740536008	0.947301048816	0.603643649106	0.671734838086	0.71133462059	0.617474804253	0.475201135814	0.855558100532	0.477795036249	0.837770304495	0.589768922185	0.905205514741
AA4	0.519200164331	0.0	2.25699681489	0.919942247463	0.647208434026	0.547104161431	0.870896215563	0.484397660706	0.644220280329	0.5890259739	0.769212460126	0.449710811986	0.382126703722	1.88662883035	0.287112368294	0.385481232479	0.670082179797	0.690921130981	1.57743333011	1.08020487192	0.884809555341	0.666309714838	0.841948564524	0.788428453359	1.52988685355	0.622580483325	0.664428429193	0.611969932334	0.6666020203	0.673675775737	0.870271730304	0.72704939101	0.565599270179	0.602023310778	0.93487218463	0.683149516675	0.730440782987	0.521758815853	0.586310444659	0.525969816336	0.395736230063	1.20643169164	1.07289681972	0.436031884969	0.89438297245	0.819883359111	0.938843499275	0.746535398743	0.722142078299	0.717756462059	0.914435403577	0.856521541808	0.555288917351	0.623585509908	0.641025050749	0.554284345094	0.430398651522	0.78783702755	0.418481947801	0.736314374094	0.493047559207	0.788427767037
AB3	2.28963137264	2.25699681489	0.0	1.44356177864	2.20137863702	2.42376831319	1.9128699275	2.29497460126	2.35640870469	2.11782474142	2.52345506525	2.26883042049	2.32537658772	0.406991609473	2.18509686805	2.25090746254	2.49393195747	2.51682980667	1.19562596907	1.45641695022	1.98068852586	2.15718636539	2.42196698405	2.40054553891	1.90460898502	2.12681919285	2.40178652972	2.2907779507	1.90677888352	1.84966641373	2.44953548574	2.4512939971	2.2918581247	2.4086378927	2.56811730304	2.47971933301	2.61797127598	2.011880029	2.55423556307	2.33455061382	2.42114315611	1.3032660319	1.41159671822	2.10742952151	2.72182510391	2.65555851136	2.67708050749	2.64424564041	2.52563110198	2.60842380377	2.78255132914	2.72356182697	2.55233279845	2.61792078782	2.61625450942	2.56751964234	2.2963939681	2.66253421943	2.2932161914	2.6422217738	2.39426920735	2.69347322378
AB4	1.01170037216	0.919942247463	1.44356177864	0.0	0.928996993717	1.09826334461	0.775889917835	1.02194014016	1.14828580474	0.864551498308	1.24374041083	0.95624840986	0.91387239246	1.06055564041	0.882186515225	0.93808757854	1.19466300628	1.23047918318	0.993834697922	0.488944751087	0.9344580087	0.956255790237	1.18363818753	1.14417156114	1.29405335428	0.892605659739	1.15802560174	1.03747579507	0.68231580957	0.664575374577	1.29241899468	1.19795779604	1.06671167714	1.15334407927	1.38675965201	1.24951546641	1.37083506525	0.789095727405	1.22618067666	1.02427309812	1.08354333978	0.60173701305	0.497146394393	0.830496036733	1.45806258096	1.38587297245	1.45528965201	1.37364043016	1.27121752054	1.32740249879	1.53531188014	1.46119749638	1.2360017303	1.31267552924	1.32857190913	1.24939189947	1.00898062832	1.39762697922	1.00715902368	1.35814900435	1.0779641711	1.4285941131
AC3	0.855046752054	0.647208434026	2.20137863702	0.928996993717	0.0	0.735559864669	0.843714557757	0.869817530208	0.99925118898	0.714267341711	1.08494073949	0.340698762687	0.755341556307	1.83729621073	0.659689705172	0.781254035766	0.997770874819	0.99753462059	1.43682639439	1.0394820058	1.05274526825	1.03531557757	1.25345993717	1.19746028033	1.2927857274	0.807245737071	1.07570992267	1.01637781537	0.94928839536	0.917356205897	1.17913689705	1.04949087482	0.953233890768	0.981936539391	0.878182851619	0.796314180764	1.04314914935	0.747634451426	0.875394093765	0.684057641373	0.696356737554	1.18469507008	1.0707059884	0.63610262929	1.19506503625	1.15320664089	0.904583407443	0.923577878202	0.765165901402	0.825797211213	1.10312463992	0.989865297245	0.744465355244	0.853091904302	0.875625297245	0.774626718221	0.815919874335	0.896921855969	0.792983093282	0.901261696472	0.879537549541	0.957911667472
AC4	0.735875103915	0.547104161431	2.42376831319	1.09826334461	0.735559864669	0.0	1.1301619623	0.408332899952	0.485906906718	0.798335596907	0.41251677622	0.479467133881	0.466242957951	2.05341523441	0.697980869985	0.694630468826	0.580425152247	0.572965862736	1.84848739971	1.32390231513	0.955052508458	0.664661454809	0.674830057999	0.628382174964	1.72837171097	0.779992387627	0.557561445143	0.565546205897	0.705327776704	0.771353054616	0.823624146931	0.647714896085	0.475550285162	0.416175505075	0.958299671339	0.703974925085	0.531656457226	0.643916955051	0.424601169647	0.729594229096	0.51936261479	1.39655324311	1.26850648139	0.597236220396	0.668316665056	0.593531957467	1.01515046399	0.780093760271	0.786655751571	0.76018977767	0.853249908168	0.911916133398	0.551946650556	0.588659656839	0.627696007733	0.570148612856	0.6525920058	0.881717844369	0.639628564524	0.742165360077	0.464241986467	0.803174876752
AD3	0.911446007733	0.870896215563	1.9128699275	0.775889917835	0.843714557757	1.1301619623	0.0	1.02514996133	1.27071103432	0.406716534558	1.3579058434	0.890988873852	1.0256257129	1.54756679555	0.819810333494	0.84776677622	1.22990390527	1.21350111648	1.29324822136	0.825999656839	0.88493881102	0.927636341228	1.29428668439	1.27022948284	1.20826993233	0.807523591107	1.18750951667	1.07020572257	0.880288907685	0.776510328661	1.16533344611	1.1236681102	1.16240933784	1.16655577574	1.19604632189	1.07641823103	1.26093921218	0.727261449976	1.16843618173	0.843181159981	0.962735065249	0.82474578057	0.760547651039	0.760988709522	1.38300230063	1.33736469792	1.36674033349	1.29750012083	1.1171000145	1.2008921943	1.47465361044	1.40329471242	1.13734634123	1.21567637023	1.23093445143	1.14218094732	0.930384920251	1.28806704688	0.930067820203	1.2296180812	1.09445305462	1.33937781537
AD4	0.740095224746	0.484397660706	2.29497460126	1.02194014016	0.869817530208	0.408332899952	1.02514996133	0.0	0.284793552441	0.679082242629	0.485205799903	0.654860932818	0.491862054132	1.92931640889	0.58870219913	0.668377868536	0.532989632673	0.550652566457	1.81037804737	1.29235745771	0.904321251812	0.584043170614	0.543255882069	0.483484625423	1.76670563557	0.784219787337	0.4533959884	0.447924905752	0.556210053166	0.696175891735	0.827941802803	0.649458564524	0.2637039971	0.363189458676	1.11500974867	0.829795906235	0.554796259062	0.538316901885	0.489589217013	0.721167109715	0.586799903335	1.26337463026	1.12293487675	0.538692880619	0.72205121798	0.627418951184	1.1624839536	0.904913823103	0.94928860319	0.947924572257	0.929535316578	1.04527782987	0.706653305945	0.689997776704	0.709087689705	0.699134388594	0.584591488642	1.02101882552	0.592122547124	0.916408496858	0.514772904785	0.927976399227
AE3	0.853656104398	0.644220280329	2.35640870469	1.14828580474	0.99925118898	0.485906906718	1.27071103432	0.284793552441	0.0	0.921482203963	0.380416529725	0.788997781537	0.585029710005	1.99524331078	0.733463687772	0.81772159014	0.532276312228	0.582927684872	1.94197754471	1.42563315611	1.03360968101	0.693470923151	0.47518619623	0.445273315611	1.91400974384	0.940237264379	0.442538463026	0.539774562591	0.686138250362	0.83636260029	0.906601880135	0.733932387627	0.284590763654	0.34342919768	1.19215121798	0.927781435476	0.527756713388	0.718074417593	0.582315558241	0.909735819236	0.720682445626	1.3626019188	1.23370496858	0.699641725471	0.739069381344	0.621454436926	1.24818456259	0.983173233446	1.07236167231	1.04160362494	1.00197018366	1.13014550507	0.794217066216	0.7798099855	0.79269	0.793978168197	0.729821715805	1.11342407443	0.732237955534	1.00551459642	0.617708545191	1.00551519091
AE4	0.67713881102	0.5890259739	2.11782474142	0.864551498308	0.714267341711	0.798335596907	0.406716534558	0.679082242629	0.921482203963	0.0	1.02293557274	0.606953692605	0.743422469792	1.75122084582	0.578278245529	0.581078902852	0.895804751087	0.880160038666	1.47516748188	0.992630536491	0.71595658289	0.659215969067	0.953604378927	0.930589507008	1.36761690672	0.550013494442	0.844587694538	0.726589381344	0.631872953117	0.598417486709	0.911961155147	0.811588337361	0.822526897052	0.834381773804	0.978600246496	0.8444999855	0.923637225713	0.490380082165	0.834786713388	0.57828961334	0.672474509425	1.02691125665	0.892318250362	0.502559975834	1.0776757419	1.02512333978	1.10991012083	1.04373566941	0.885509647173	0.967085674239	1.2212117013	1.15928369744	0.861433489609	0.91317361044	0.935947612373	0.85481378927	0.642222460126	1.04210214113	0.632865360077	0.998440550991	0.768479120348	1.06829511358
AF3	0.918619951667	0.769212460126	2.52345506525	1.24374041083	1.08494073949	0.41251677622	1.3579058434	0.485205799903	0.380416529725	1.02293557274	0.0	0.835063910101	0.680629400677	2.15459107298	0.905580874819	0.907516785887	0.493142276462	0.539845925568	2.03184876752	1.50966688255	1.10013605123	0.812938144031	0.398004079265	0.38033838086	1.99369351377	1.01625112615	0.454513136781	0.626208279362	0.816311580474	0.935233204447	0.847422527791	0.71856919768	0.456519550507	0.420649323345	1.17492448043	0.974679424843	0.440906524891	0.826757694538	0.506009159014	0.963649149348	0.722155350411	1.52154014983	1.39217700338	0.819722556791	0.66889658289	0.560180507492	1.21201984534	0.967193040116	1.10660860319	1.01129791203	0.978058719188	1.08489436926	0.773955538908	0.723660048333	0.757611904302	0.726038999517	0.847957955534	1.05439259062	0.851237356211	0.975436761721	0.601028709522	0.967721851136
AF4	0.729989188014	0.449710811986	2.26883042049	0.95624840986	0.340698762687	0.479467133881	0.890988873852	0.654860932818	0.788997781537	0.606953692605	0.835063910101	0.0	0.556267907202	1.89988197197	0.508912276462	0.634268496858	0.829461498308	0.839328318028	1.57842383277	1.07607318995	0.917477361044	0.82142900435	1.04658084582	0.991946167231	1.44835388594	0.639621097148	0.869190067666	0.824695505075	0.797423262446	0.762447090382	1.0143959304	0.893897825036	0.740454557757	0.752371541808	0.805198743354	0.612167481875	0.79351320928	0.592299874335	0.691970381827	0.565302841953	0.549115732238	1.20974752054	1.09157884485	0.476388719188	0.940827887869	0.881967520541	0.843149333011	0.762220111165	0.606421058482	0.669469623006	0.944621875302	0.855790797487	0.57476340261	0.679837916868	0.71174921218	0.623944475592	0.652531068149	0.770666215563	0.639594151764	0.72590579507	0.695946394393	0.793000647656
AG3	0.651569787337	0.382126703722	2.32537658772	0.91387239246	0.755341556307	0.466242957951	1.0256257129	0.491862054132	0.585029710005	0.743422469792	0.680629400677	0.556267907202	0.0	1.94332158531	0.476068110198	0.554143073949	0.574287491542	0.614123881102	1.71765539391	1.19684719671	0.918180492992	0.651287902368	0.74949282262	0.709300154664	1.59361548091	0.667330270662	0.58513561624	0.593468738521	0.665616331561	0.726694417593	0.833535669406	0.688871822136	0.558237515708	0.55486041566	0.981655524408	0.741705529241	0.707856940551	0.607676771387	0.566203296278	0.649669637506	0.449278487192	1.29813362011	1.16924989367	0.519605132914	0.860430343161	0.787962919285	0.984662373127	0.739040062832	0.784116534558	0.769535703238	0.922402677622	0.869119758337	0.555427926535	0.635458999517	0.665221324311	0.56714500725	0.497242764621	0.860956713388	0.489339594007	0.754266636056	0.436736486225	0.795096046399
AG4	1.92159	1.88662883035	0.406991609473	1.06055564041	1.83729621073	2.05341523441	1.54756679555	1.92931640889	1.99524331078	1.75122084582	2.15459107298	1.89988197197	1.94332158531	0.0	1.82185778637	1.88095432576	2.13155173514	2.15191706622	0.927487999033	1.10296349444	1.6199359014	1.79520599807	2.05681848719	2.03615450942	1.61967598357	1.76035029	2.04505100532	1.92762179797	1.54876536008	1.48778241179	2.10038171097	2.08949274045	1.93116093765	2.03902885452	2.20988815853	2.11850411793	2.2618837651	1.6554479652	2.18388736588	1.96546243596	2.0514418028	0.949611735138	1.05972350411	1.74373081682	2.35517620106	2.28805432576	2.30569944418	2.27532776704	2.15711231029	2.23796041083	2.41859162881	2.35695772837	2.18068493958	2.24941110198	2.25393898502	2.19830642823	1.93066979217	2.29508163364	1.92753495408	2.27356173514	2.02521982117	2.32660764621
AH3	0.728640130498	0.287112368294	2.18509686805	0.882186515225	0.659689705172	0.697980869985	0.819810333494	0.58870219913	0.733463687772	0.578278245529	0.905580874819	0.508912276462	0.476068110198	1.82185778637	0.0	0.580046853552	0.759418559691	0.793221725471	1.56861346061	1.08064372644	0.903005248913	0.751293160947	0.934337346544	0.890739652006	1.48778889802	0.691492841953	0.785737066216	0.755066080232	0.687723948768	0.699456022233	1.00402576124	0.862027965201	0.643902319961	0.724368661189	1.00234051232	0.77935900435	0.866385727405	0.539166573224	0.748560869985	0.620582242629	0.583925137748	1.11640860319	0.982049729338	0.442098240696	1.02908464959	0.969106476559	1.01786412276	0.850969748671	0.799042730788	0.833474088932	1.02488310295	0.963454422426	0.719663160947	0.791954156597	0.795816259062	0.72087361044	0.54527341711	0.898926979217	0.533846234896	0.855970879652	0.659373808603	0.901380038666
AH4	0.201524354761	0.385481232479	2.25090746254	0.93808757854	0.781254035766	0.694630468826	0.84776677622	0.668377868536	0.81772159014	0.581078902852	0.907516785887	0.634268496858	0.554143073949	1.88095432576	0.580046853552	0.0	0.69626459159	0.694077781537	1.45189607057	1.02862008217	0.805906051232	0.622185640406	0.82646242146	0.805412837119	1.38335080232	0.530714001933	0.714074137264	0.574630836153	0.66237257129	0.622625698405	0.74120517158	0.620554751087	0.748192537458	0.765951860802	1.0548782697	0.859545529241	0.870834533591	0.678580570324	0.712203847269	0.484767356211	0.47411359594	1.23065518608	1.11669502658	0.591411058482	1.02731949734	0.978985500242	0.97270117448	0.833180797487	0.849339299178	0.77824222813	0.993464378927	0.930485461576	0.598832131464	0.651290473659	0.694388525858	0.604553552441	0.40013560174	0.845601720638	0.392197457709	0.818360507492	0.557072087965	0.872880338328
AA7	0.74994878202	0.670082179797	2.49393195747	1.19466300628	0.997770874819	0.580425152247	1.22990390527	0.532989632673	0.532276312228	0.895804751087	0.493142276462	0.829461498308	0.574287491542	2.13155173514	0.759418559691	0.69626459159	0.0	0.16467262929	1.82702418076	1.33148317545	1.01956695022	0.686335954567	0.455582363461	0.446843354277	1.77118130981	0.840370212663	0.355365456742	0.431032576124	0.757636254229	0.839109410343	0.658136288062	0.439749782504	0.506371213146	0.511507597873	1.21283629773	1.0253718608	0.523573847269	0.826675205413	0.491467201547	0.84708237796	0.694685012083	1.49293727405	1.36795022233	0.808376114065	0.753898018366	0.652318743354	1.12594978734	0.887764915418	1.08932846303	0.977230019333	0.881987491542	0.991276781054	0.707153088449	0.647888366361	0.674129579507	0.661122339294	0.584963470275	0.968545345578	0.580282010633	0.950646887385	0.456809497342	0.891607539874
AA8	0.717157061382	0.690921130981	2.51682980667	1.23047918318	0.99753462059	0.572965862736	1.21350111648	0.550652566457	0.582927684872	0.880160038666	0.539845925568	0.839328318028	0.614123881102	2.15191706622	0.793221725471	0.694077781537	0.16467262929	0.0	1.82061063316	1.3492682842	0.980792977284	0.64112738521	0.49624702755	0.50111462059	1.74230160464	0.827796955051	0.395456133398	0.431049516675	0.769512740454	0.852468757854	0.602117404543	0.364709014016	0.535490309328	0.523811507975	1.18210276945	1.00000531174	0.548893030449	0.836720913485	0.478062537458	0.8177279797	0.686449956501	1.52104275012	1.39912666022	0.815922759787	0.724567506042	0.650019531174	1.10932686322	0.887197032383	1.07200391493	0.943691522475	0.862920101498	0.981009159014	0.668533315611	0.618320019333	0.647967303045	0.625431981634	0.574326655389	0.956628221363	0.570800584824	0.910510188497	0.437293146448	0.881641764137
AB7	1.47837741904	1.57743333011	1.19562596907	0.993834697922	1.43682639439	1.84848739971	1.29324822136	1.81037804737	1.94197754471	1.47516748188	2.03184876752	1.57842383277	1.71765539391	0.927487999033	1.56861346061	1.45189607057	1.82702418076	1.82061063316	0.0	0.575890565491	1.49010454809	1.59018474625	1.93707884969	1.90812175447	1.07956737554	1.40486027066	1.83846586757	1.67228475109	1.37527066216	1.23988208797	1.72258288545	1.72393180764	1.84123310295	1.91704905268	1.89119177864	1.84170853069	1.99672357661	1.50525874819	1.88734600773	1.5174378782	1.64636695022	0.970076167231	1.02679925568	1.51999753987	2.14386126148	2.10457900918	1.91420325761	1.92094687289	1.82423481875	1.83313506042	2.07124453842	1.98294105848	1.78661426293	1.84198622523	1.85079921218	1.79430717738	1.58567382794	1.90234645239	1.58552568874	1.88443646206	1.75271463509	1.95930102948
AB8	1.07575448043	1.08020487192	1.45641695022	0.488944751087	1.0394820058	1.32390231513	0.825999656839	1.29235745771	1.42563315611	0.992630536491	1.50966688255	1.07607318995	1.19684719671	1.10296349444	1.08064372644	1.02862008217	1.33148317545	1.3492682842	0.575890565491	0.0	1.01348890768	1.08457083615	1.41844420493	1.3880800435	1.11972093765	0.915588815853	1.32304774287	1.15578448043	0.837406089898	0.727427539874	1.27473717255	1.26069374094	1.33830317545	1.40913288062	1.47288908168	1.37452594007	1.50852074432	0.99935478492	1.401650174	1.09263134364	1.21730104398	0.687335770904	0.673109202513	1.02091492992	1.66355652489	1.59944110681	1.56652961817	1.49526512325	1.39565983567	1.42919549541	1.65233479459	1.58600008217	1.37824820203	1.42555072982	1.43608145481	1.38120458676	1.14044394877	1.51202750604	1.13811316095	1.46769620106	1.23891822136	1.53724179314
AC7	0.852844229096	0.884809555341	1.98068852586	0.9344580087	1.05274526825	0.955052508458	0.88493881102	0.904321251812	1.03360968101	0.71595658289	1.10013605123	0.917477361044	0.918180492992	1.6199359014	0.903005248913	0.805906051232	1.01956695022	0.980792977284	1.49010454809	1.01348890768	0.0	0.466148695022	1.0095737216	0.985961875302	1.39040042049	0.663972339294	0.970257559207	0.829377960367	0.60531500725	0.563388579024	0.874970159497	0.845627781537	0.927505374577	0.953620473659	1.24510162397	1.15051540841	1.16313768487	0.777059971	1.07896289995	0.928144407927	0.993052000967	1.17986829386	1.11934416143	0.764759932334	1.11685892702	1.06988431126	1.46860351377	1.38537807153	1.19300913968	1.27024720638	1.53537449009	1.48491900435	1.12399002417	1.18459231996	1.22270983084	1.1296817013	0.906316935718	1.40315769937	0.891695099082	1.29167893185	0.912814543258	1.41929160947
AC8	0.67211419043	0.666309714838	2.15718636539	0.956255790237	1.03531557757	0.664661454809	0.927636341228	0.584043170614	0.693470923151	0.659215969067	0.812938144031	0.82142900435	0.651287902368	1.79520599807	0.751293160947	0.622185640406	0.686335954567	0.64112738521	1.59018474625	1.08457083615	0.466148695022	0.0	0.653451725471	0.650580120831	1.51497235379	0.592241662639	0.565927665539	0.428153528275	0.460283992267	0.514898550024	0.645393866602	0.54642219913	0.589034881585	0.624507138714	1.17378214113	0.905436031899	0.832963779604	0.644482469792	0.756962150797	0.796222324795	0.753248110198	1.18887964717	1.10616872885	0.662679589174	0.894594291928	0.826987312711	1.33315656839	1.09321663606	1.061220232	1.07183065249	1.21411970517	1.21792364911	0.849484006767	0.865018472692	0.907603252779	0.834669275012	0.589687728371	1.1807402175	0.600564287095	1.02386328661	0.580275930401	1.10826580474
AD7	0.844716587724	0.841948564524	2.42196698405	1.18363818753	1.25345993717	0.674830057999	1.29428668439	0.543255882069	0.47518619623	0.953604378927	0.398004079265	1.04658084582	0.74949282262	2.05681848719	0.934337346544	0.82646242146	0.455582363461	0.49624702755	1.93707884969	1.41844420493	1.0095737216	0.653451725471	0.0	0.155514562591	1.90007037216	0.892279516675	0.363820164331	0.481400971484	0.701845239246	0.82348497825	0.720032358627	0.579095828903	0.496597008217	0.519022566457	1.33410289512	1.11334828903	0.58390439826	0.842777907202	0.66909439826	1.00100530208	0.878336781054	1.43448050749	1.31064420493	0.88705959884	0.786402856452	0.682001638473	1.35633440309	1.11033665539	1.25992664089	1.17595063316	1.1054521653	1.23442055582	0.932049091348	0.851611232479	0.874324006767	0.876672435959	0.744689168681	1.21125916385	0.754662953117	1.1301299275	0.602398656356	1.12031956017
AD8	0.833951111648	0.788428453359	2.40054553891	1.14417156114	1.19746028033	0.628382174964	1.27022948284	0.483484625423	0.445273315611	0.930589507008	0.38033838086	0.991946167231	0.709300154664	2.03615450942	0.890739652006	0.805412837119	0.446843354277	0.50111462059	1.90812175447	1.3880800435	0.985961875302	0.650580120831	0.155514562591	0.0	1.8521939826	0.847654794587	0.317423620106	0.43811219913	0.65162737071	0.78651699855	0.731428960851	0.59401319478	0.484544968584	0.503322000967	1.29747825036	1.06996927018	0.568011179314	0.7965719768	0.637925442243	0.945900879652	0.822561416143	1.41256283229	1.28335734654	0.831815070082	0.765859652006	0.668373591107	1.3190540116	1.06744309812	1.21475481392	1.13016520541	1.06850051232	1.19684501692	0.892636172064	0.827580198163	0.852146495892	0.8484619913	0.753603344611	1.17918905752	0.761965297245	1.09210497342	0.567731884969	1.08030839053
AE7	1.40714332528	1.52988685355	1.90460898502	1.29405335428	1.2927857274	1.72837171097	1.20826993233	1.76670563557	1.91400974384	1.36761690672	1.99369351377	1.44835388594	1.59361548091	1.61967598357	1.48778889802	1.38335080232	1.77118130981	1.74230160464	1.07956737554	1.11972093765	1.39040042049	1.51497235379	1.90007037216	1.8521939826	0.0	1.03442935718	1.80440195263	1.63617233929	1.38470579024	1.3074300725	1.57064490575	1.59111781054	1.82277039633	1.858949971	1.72771706622	1.73282479942	1.93172402127	1.50929160464	1.83123524891	1.40845717255	1.58188724021	1.44608383277	1.45611734171	1.46902247946	2.00283929918	1.97299394393	1.72673962301	1.79835919768	1.63534930884	1.65471463509	1.98463564524	1.83131321895	1.66466085549	1.72385784437	1.73811824553	1.64933252296	1.55601674722	1.75719592557	1.54626083615	1.74739542774	1.68162869986	1.83793475592
AE8	0.607342252296	0.622580483325	2.12681919285	0.892605659739	0.807245737071	0.779992387627	0.807523591107	0.784219787337	0.940237264379	0.550013494442	1.01625112615	0.639621097148	0.667330270662	1.76035029	0.691492841953	0.530714001933	0.840370212663	0.827796955051	1.40486027066	0.915588815853	0.663972339294	0.592241662639	0.892279516675	0.847654794587	1.03442935718	0.0	0.824248554857	0.669218873852	0.59543698405	0.547389482842	0.760149284679	0.702856534558	0.84772441276	0.880489033349	1.10136431609	0.944283069116	0.970695621073	0.673151353311	0.885677665539	0.632538129531	0.7168839826	1.17016173514	1.04954437893	0.626427419043	1.08870127115	1.04491655389	1.16209271145	1.05436317061	0.945935147414	0.962223711938	1.21504964234	1.17908986467	0.864631672305	0.904147433543	0.933995838569	0.856108463026	0.674928656356	1.1032457564	0.657970396327	0.993136220396	0.726484465926	1.09428281779
AF7	0.744056839053	0.664428429193	2.40178652972	1.15802560174	1.07570992267	0.557561445143	1.18750951667	0.4533959884	0.442538463026	0.844587694538	0.454513136781	0.869190067666	0.58513561624	2.04505100532	0.785737066216	0.714074137264	0.355365456742	0.395456133398	1.83846586757	1.32304774287	0.970257559207	0.565927665539	0.363820164331	0.317423620106	1.80440195263	0.824248554857	0.0	0.26380477042	0.663489009183	0.759544291928	0.674645514741	0.533504258096	0.44034778637	0.452502112131	1.15829171097	0.932679966167	0.489707646206	0.744933228613	0.52369478492	0.828859038183	0.688215882069	1.42181737554	1.29506288062	0.743084151764	0.754126433059	0.649000565491	1.19120302562	0.948242155631	1.06732740454	1.00209459642	0.950702672789	1.06789266796	0.747668337361	0.711967365877	0.744497752537	0.725667100048	0.617355084582	1.03498244079	0.627916863219	0.95569717738	0.437365664572	0.957914117931
AF8	0.584823832769	0.611969932334	2.2907779507	1.03747579507	1.01637781537	0.565546205897	1.07020572257	0.447924905752	0.539774562591	0.726589381344	0.626208279362	0.824695505075	0.593468738521	1.92762179797	0.755066080232	0.574630836153	0.431032576124	0.431049516675	1.67228475109	1.15578448043	0.829377960367	0.428153528275	0.481400971484	0.43811219913	1.63617233929	0.669218873852	0.26380477042	0.0	0.540308153697	0.635151565974	0.602344475592	0.455175920735	0.505695911068	0.54413239246	1.16325096182	0.944161691638	0.615111904302	0.72187261479	0.551601101982	0.743092556791	0.652295219913	1.30038425326	1.16980102948	0.723987820203	0.855755785404	0.783477902368	1.18014031416	0.93464421943	1.02500479942	0.983117172547	0.949477612373	1.06527675205	0.731300009667	0.70999838086	0.748060831319	0.7232019913	0.519560956984	1.03325463509	0.535892295795	0.945400826486	0.424934156597	0.955383924601
AG7	0.706515041083	0.6666020203	1.90677888352	0.68231580957	0.94928839536	0.705327776704	0.880288907685	0.556210053166	0.686138250362	0.631872953117	0.816311580474	0.797423262446	0.665616331561	1.54876536008	0.687723948768	0.66237257129	0.757636254229	0.769512740454	1.37527066216	0.837406089898	0.60531500725	0.460283992267	0.701845239246	0.65162737071	1.38470579024	0.59543698405	0.663489009183	0.540308153697	0.0	0.211199845336	0.79396037216	0.70953121798	0.626717510875	0.742972580957	1.26835232963	0.995136292895	0.90139521508	0.515919589174	0.827846326728	0.814058061866	0.784395060416	0.998124751087	0.873809415176	0.537860662156	1.05316644273	0.974966114065	1.35034367327	1.1033138521	1.15652491058	1.14151306912	1.24577041566	1.23334154181	0.923694195263	0.950150140164	0.97887757854	0.926978168197	0.666693547608	1.21190258579	0.671482595457	1.10708115031	0.684810130498	1.14616249879
AG8	0.681433349444	0.673675775737	1.84966641373	0.664575374577	0.917356205897	0.771353054616	0.776510328661	0.696175891735	0.83636260029	0.598417486709	0.935233204447	0.762447090382	0.726694417593	1.48778241179	0.699456022233	0.622625698405	0.839109410343	0.852468757854	1.23988208797	0.727427539874	0.563388579024	0.514898550024	0.82348497825	0.78651699855	1.3074300725	0.547389482842	0.759544291928	0.635151565974	0.211199845336	0.0	0.832024548091	0.775109072015	0.740976640889	0.818612648623	1.24089748188	1.00671728855	0.993951725471	0.494542015466	0.896419705172	0.791135509908	0.799955331078	0.954263368777	0.857828322861	0.514466452392	1.11631067666	1.04071041566	1.32834276462	1.17167339778	1.12299420976	1.12855860802	1.31805242629	1.28320168681	0.970610067666	0.99735297245	1.02874497342	0.96916219913	0.7157199855	1.2056721363	0.709872474625	1.14521724505	0.752507230546	1.20918631706
AH7	0.730413064282	0.870271730304	2.44953548574	1.29241899468	1.17913689705	0.823624146931	1.16533344611	0.827941802803	0.906601880135	0.911961155147	0.847422527791	1.0143959304	0.833535669406	2.10038171097	1.00402576124	0.74120517158	0.658136288062	0.602117404543	1.72258288545	1.27473717255	0.874970159497	0.645393866602	0.720032358627	0.731428960851	1.57064490575	0.760149284679	0.674645514741	0.602344475592	0.79396037216	0.832024548091	0.0	0.274513040116	0.897325915901	0.87671300145	1.18012772354	1.05662419526	0.81644319478	0.951533668439	0.783643682939	0.911763508942	0.846295161914	1.50269340744	1.4243340696	0.944605693572	0.945631503142	0.905656945384	1.27954280812	1.05846916868	1.15032992267	1.0493922523	1.13762943451	1.16273763171	0.858578115031	0.798413885935	0.818657544708	0.788111899468	0.775051541808	1.13666045433	0.780466640889	1.00730085549	0.677660536491	1.05754202997
AH8	0.640803020783	0.72704939101	2.4512939971	1.19795779604	1.04949087482	0.647714896085	1.1236681102	0.649458564524	0.733932387627	0.811588337361	0.71856919768	0.893897825036	0.688871822136	2.08949274045	0.862027965201	0.620554751087	0.439749782504	0.364709014016	1.72393180764	1.26069374094	0.845627781537	0.54642219913	0.579095828903	0.59401319478	1.59111781054	0.702856534558	0.533504258096	0.455175920735	0.70953121798	0.775109072015	0.274513040116	0.0	0.717216655389	0.681308738521	1.14646734654	0.964970565491	0.696026877719	0.855461710971	0.603453523441	0.804121933301	0.718674504592	1.46666941518	1.35118528275	0.826197274045	0.803129966167	0.755741556307	1.16819969551	0.939568559691	1.04614959401	0.939587071049	0.972799922668	1.04967466409	0.720057274045	0.660657559207	0.693834287095	0.669858221363	0.619871512808	1.0220359304	0.627873697438	0.897004499758	0.516965466409	0.939802426293
AA5	0.809038719188	0.565599270179	2.2918581247	1.06671167714	0.953233890768	0.475550285162	1.16240933784	0.2637039971	0.284590763654	0.822526897052	0.456519550507	0.740454557757	0.558237515708	1.93116093765	0.643902319961	0.748192537458	0.506371213146	0.535490309328	1.84123310295	1.33830317545	0.927505374577	0.589034881585	0.496597008217	0.484544968584	1.82277039633	0.84772441276	0.44034778637	0.505695911068	0.626717510875	0.740976640889	0.897325915901	0.717216655389	0.0	0.247474499758	1.18101871435	0.892367336878	0.594499492508	0.590960212663	0.574017457709	0.801917757371	0.657258612856	1.25916763654	1.12083865152	0.59256141131	0.729913533108	0.622219449009	1.25621289995	1.00787939584	1.03259093765	1.03441104398	1.03050403093	1.14276572257	0.782131145481	0.775943436443	0.788525867569	0.780235708072	0.610166959884	1.10877959401	0.615223885935	1.00142291445	0.554171237313	1.02646320928
AA6	0.805058960851	0.602023310778	2.4086378927	1.15334407927	0.981936539391	0.416175505075	1.16655577574	0.363189458676	0.34342919768	0.834381773804	0.420649323345	0.752371541808	0.55486041566	2.03902885452	0.724368661189	0.765951860802	0.511507597873	0.523811507975	1.91704905268	1.40913288062	0.953620473659	0.624507138714	0.519022566457	0.503322000967	1.858949971	0.880489033349	0.452502112131	0.54413239246	0.742972580957	0.818612648623	0.87671300145	0.681308738521	0.247474499758	0.0	1.06386724988	0.811142513291	0.4858240261	0.639949705172	0.494226118898	0.816650381827	0.58751118898	1.37545051716	1.23982165781	0.645518066699	0.533869096182	0.430661246979	1.17039183664	0.925211130981	0.95401378927	0.918040024166	0.949718076365	1.05436126631	0.67891701305	0.692158081199	0.713303064282	0.683492895118	0.651779023683	1.01793794103	0.660932866119	0.885603948768	0.527657298212	0.939844804253
AB5	1.08015264862	0.93487218463	2.56811730304	1.38675965201	0.878182851619	0.958299671339	1.19604632189	1.11500974867	1.19215121798	0.978600246496	1.17492448043	0.805198743354	0.981655524408	2.20988815853	1.00234051232	1.0548782697	1.21283629773	1.18210276945	1.89119177864	1.47288908168	1.24510162397	1.17378214113	1.33410289512	1.29747825036	1.72771706622	1.10136431609	1.15829171097	1.16325096182	1.26835232963	1.24089748188	1.18012772354	1.14646734654	1.18101871435	1.06386724988	0.0	0.428119246013	0.969511662639	1.04784285162	0.950062155631	0.857025548574	0.85519898985	1.58867921701	1.4742860174	0.979248554857	0.953354277429	0.942568129531	0.877220874819	0.915377327211	0.714128279362	0.763908337361	1.09051531174	0.971029676172	0.793384166264	0.898067332044	0.92841817303	0.876926109232	1.04415435476	0.865342532624	1.03974	0.81969301595	1.04317723055	0.940257805703
AB6	0.907951237313	0.683149516675	2.47971933301	1.24951546641	0.796314180764	0.703974925085	1.07641823103	0.829795906235	0.927781435476	0.8444999855	0.974679424843	0.612167481875	0.741705529241	2.11850411793	0.77935900435	0.859545529241	1.0253718608	1.00000531174	1.84170853069	1.37452594007	1.15051540841	0.905436031899	1.11334828903	1.06996927018	1.73282479942	0.944283069116	0.932679966167	0.944161691638	0.995136292895	1.00671728855	1.05662419526	0.964970565491	0.892367336878	0.811142513291	0.428119246013	0.0	0.800583107782	0.782553881102	0.774980202997	0.74235842436	0.645069275012	1.44775718705	1.32436642339	0.714083093282	0.766907472209	0.751876471725	0.772961870469	0.642744886419	0.503639366844	0.521646201063	0.823941285645	0.734834374094	0.58891659739	0.725913189947	0.755781952634	0.705843160947	0.790396268729	0.652046234896	0.786835437409	0.53986778637	0.832792136298	0.684246360561
AC5	0.894689801837	0.730440782987	2.61797127598	1.37083506525	1.04314914935	0.531656457226	1.26093921218	0.554796259062	0.527756713388	0.923637225713	0.440906524891	0.79351320928	0.707856940551	2.2618837651	0.866385727405	0.870834533591	0.523573847269	0.548893030449	1.99672357661	1.50852074432	1.16313768487	0.832963779604	0.58390439826	0.568011179314	1.93172402127	0.970695621073	0.489707646206	0.615111904302	0.90139521508	0.993951725471	0.81644319478	0.696026877719	0.594499492508	0.4858240261	0.969511662639	0.800583107782	0.0	0.774280768487	0.397660362494	0.86227757854	0.650285674239	1.61756794103	1.47336269696	0.774680894152	0.526043233446	0.437646955051	1.03597653939	0.787411561141	0.935091561141	0.845844243596	0.775747022716	0.884223484775	0.610502740454	0.543768390527	0.560261309812	0.571168057032	0.771226897052	0.879867970034	0.775308356694	0.797271677139	0.600610227163	0.782768511358
AC6	0.783760749154	0.521758815853	2.011880029	0.789095727405	0.747634451426	0.643916955051	0.727261449976	0.538316901885	0.718074417593	0.490380082165	0.826757694538	0.592299874335	0.607676771387	1.6554479652	0.539166573224	0.678580570324	0.826675205413	0.836720913485	1.50525874819	0.99935478492	0.777059971	0.644482469792	0.842777907202	0.7965719768	1.50929160464	0.673151353311	0.744933228613	0.72187261479	0.515919589174	0.494542015466	0.951533668439	0.855461710971	0.590960212663	0.639949705172	1.04784285162	0.782553881102	0.774280768487	0.0	0.763618453359	0.657735592073	0.626484876752	0.881195872402	0.737503359111	0.303899304012	0.956540976317	0.883596935718	1.16379326728	1.00163250362	0.918161000483	0.95060618173	1.15862592557	1.12265430643	0.809327694538	0.88067777187	0.904678182697	0.82216378927	0.632931512808	1.04006518125	0.632335456742	0.963971768971	0.665796979217	1.04153980667
AD6	0.758077820203	0.586310444659	2.55423556307	1.22618067666	0.875394093765	0.424601169647	1.16843618173	0.489589217013	0.582315558241	0.834786713388	0.506009159014	0.691970381827	0.566203296278	2.18388736588	0.748560869985	0.712203847269	0.491467201547	0.478062537458	1.88734600773	1.401650174	1.07896289995	0.756962150797	0.66909439826	0.637925442243	1.83123524891	0.885677665539	0.52369478492	0.551601101982	0.827846326728	0.896419705172	0.783643682939	0.603453523441	0.574017457709	0.494226118898	0.950062155631	0.774980202997	0.397660362494	0.763618453359	0.0	0.711248293862	0.431587225713	1.54614910585	1.41081165297	0.74058561624	0.598443953601	0.530014403093	0.891054746254	0.648649507008	0.838801928468	0.709523349444	0.670520328661	0.769665103915	0.49193421943	0.433954726921	0.456850033833	0.446863392943	0.616262745288	0.750952943451	0.618276384727	0.672661522475	0.427218912518	0.653592305462
AE5	0.52914820203	0.525969816336	2.33455061382	1.02427309812	0.684057641373	0.729594229096	0.843181159981	0.721167109715	0.909735819236	0.57828961334	0.963649149348	0.565302841953	0.649669637506	1.96546243596	0.620582242629	0.484767356211	0.84708237796	0.8177279797	1.5174378782	1.09263134364	0.928144407927	0.796222324795	1.00100530208	0.945900879652	1.40845717255	0.632538129531	0.828859038183	0.743092556791	0.814058061866	0.791135509908	0.911763508942	0.804121933301	0.801917757371	0.816650381827	0.857025548574	0.74235842436	0.86227757854	0.657735592073	0.711248293862	0.0	0.365379521508	1.26596350894	1.1315622958	0.570767626873	1.05989641373	1.01978507492	0.892198264862	0.813508221363	0.766952909618	0.692357713871	0.99557040116	0.910831358144	0.589841981634	0.671176814886	0.724705345578	0.597407520541	0.494142397293	0.822316897052	0.497433049783	0.755207486709	0.637984045433	0.843731831803
AE6	0.535553030449	0.395736230063	2.42114315611	1.08354333978	0.696356737554	0.51936261479	0.962735065249	0.586799903335	0.720682445626	0.672474509425	0.722155350411	0.549115732238	0.449278487192	2.0514418028	0.583925137748	0.47411359594	0.694685012083	0.686449956501	1.64636695022	1.21730104398	0.993052000967	0.753248110198	0.878336781054	0.822561416143	1.58188724021	0.7168839826	0.688215882069	0.652295219913	0.784395060416	0.799955331078	0.846295161914	0.718674504592	0.657258612856	0.58751118898	0.85519898985	0.645069275012	0.650285674239	0.626484876752	0.431587225713	0.365379521508	0.0	1.36886688739	1.23361138714	0.543517298212	0.827135084582	0.779597259546	0.825608873852	0.630372015466	0.702461952634	0.574233204447	0.793423687772	0.735608057032	0.413053035283	0.474855534074	0.501490985984	0.402865679072	0.436309787337	0.682383049783	0.427995190913	0.581695911068	0.497141256646	0.669835277912
AF5	1.30128784437	1.20643169164	1.3032660319	0.60173701305	1.18469507008	1.39655324311	0.82474578057	1.26337463026	1.3626019188	1.02691125665	1.52154014983	1.20974752054	1.29813362011	0.949611735138	1.11640860319	1.23065518608	1.49293727405	1.52104275012	0.970076167231	0.687335770904	1.17986829386	1.18887964717	1.43448050749	1.41256283229	1.44608383277	1.17016173514	1.42181737554	1.30038425326	0.998124751087	0.954263368777	1.50269340744	1.46666941518	1.25916763654	1.37545051716	1.58867921701	1.44775718705	1.61756794103	0.881195872402	1.54614910585	1.26596350894	1.36886688739	0.0	0.199362141131	1.00948457226	1.72219130981	1.6508942581	1.71386663606	1.63864304012	1.53415894152	1.59706416143	1.7907257419	1.74830367327	1.51933481875	1.60845319961	1.6257581537	1.5502698405	1.24663275012	1.66961645239	1.24811764137	1.62428075882	1.39333907685	1.69073287579
AF6	1.19399511841	1.07289681972	1.41159671822	0.497146394393	1.0707059884	1.26850648139	0.760547651039	1.12293487675	1.23370496858	0.892318250362	1.39217700338	1.09157884485	1.16924989367	1.05972350411	0.982049729338	1.11669502658	1.36795022233	1.39912666022	1.02679925568	0.673109202513	1.11934416143	1.10616872885	1.31064420493	1.28335734654	1.45611734171	1.04954437893	1.29506288062	1.16980102948	0.873809415176	0.857828322861	1.4243340696	1.35118528275	1.12083865152	1.23982165781	1.4742860174	1.32436642339	1.47336269696	0.737503359111	1.41081165297	1.1315622958	1.23361138714	0.199362141131	0.0	0.874496399227	1.59330878202	1.51907624456	1.59849981634	1.49878769454	1.41959400677	1.48355741904	1.65549128565	1.63009469792	1.38485063799	1.47313341711	1.48695125665	1.41565271629	1.1106558579	1.55381638956	1.11057423393	1.50219352344	1.25778514258	1.56150531174
AG5	0.692633605607	0.436031884969	2.10742952151	0.830496036733	0.63610262929	0.597236220396	0.760988709522	0.538692880619	0.699641725471	0.502559975834	0.819722556791	0.476388719188	0.519605132914	1.74373081682	0.442098240696	0.591411058482	0.808376114065	0.815922759787	1.51999753987	1.02091492992	0.764759932334	0.662679589174	0.88705959884	0.831815070082	1.46902247946	0.626427419043	0.743084151764	0.723987820203	0.537860662156	0.514466452392	0.944605693572	0.826197274045	0.59256141131	0.645518066699	0.979248554857	0.714083093282	0.774680894152	0.303899304012	0.74058561624	0.570767626873	0.543517298212	1.00948457226	0.874496399227	0.0	0.934145509908	0.87340362494	1.07172600773	0.918539231513	0.832838748188	0.854938168197	1.08567359111	1.01875952634	0.697370478492	0.782420120831	0.817206863219	0.711800502658	0.582430488159	0.945459893668	0.564472489125	0.87478239246	0.648212058966	0.964632788787
