	AA3	AA4	AB3	AB4	AC3	AC4	AD3	AD4	AE3	AE4	AF3	AF4	AG3	AG4	AH3	AH4	AA7	AA8	AB7	AB8	AC7	AC8	AD7	AD8	AE7	AE8	AF7	AF8	AG7	AG8	AH7	AH8	AA5	AA6	AB5	AB6	AC5	AC6	AD6	AE5	AE6	AF5	AF6	AG5	AH5	AH6	AA1	AA2	AB1	AB2	AC1	AC2	AD1	AD2	AE1	AE2	AF1	AF2	AG1	AG2	AH1	AH2
AA3	0.0	0.525032295795	2.2496282407	0.963819690672	0.9111079797	0.803520908652	0.924925084582	0.764745094248	0.882074074432	0.704403315611	0.975635132914	0.750185239246	0.737348496858	1.89305041083	0.770260797487	0.267801256646	0.760623673272	0.767356781054	1.44592084099	1.05192441759	0.808041116481	0.674704248429	0.89509702755	0.883561889802	1.38321095698	0.605830831319	0.847352919285	0.695999946834	0.76584117448	0.690798206863	0.775130782987	0.681893939101	0.922412295795	0.82825460609	1.11116826486	0.963588376027	0.981975142581	0.807202861286	0.800742619623	0.572955698405	0.580024494925	1.26868347511	1.22673459159	0.718255418076	1.15444120348	1.08992985984	1.01709694538	0.958665219913	0.917679647173	0.846903006283	1.08715017883	0.997937535041	0.685977506042	0.733103281779	0.776921710971	0.677348612856	0.538796636056	0.909275403577	0.558045538908	0.926424359594	0.603788192363	0.931197617206
AA4	0.525032295795	0.0	2.21959285162	0.848189115515	0.644046848719	0.628801730304	0.881457960367	0.532071667472	0.681920937651	0.576863247946	0.837548066699	0.432731677139	0.478926853552	1.85699677139	0.287004180764	0.316959826003	0.653290033833	0.65416497825	1.50204448526	1.02069014016	0.831571478975	0.650146887385	0.887605398743	0.802933228613	1.43517243596	0.584981319478	0.73236017883	0.637734456259	0.636155248913	0.627956718221	0.861805814403	0.660052411793	0.686937409377	0.646700096665	0.93822699855	0.748374417593	0.820242141131	0.506650923151	0.643727423876	0.510639903335	0.413389221846	1.1444617738	1.0699662204	0.448518646689	0.979290695988	0.907261652972	0.961795814403	0.837272160464	0.741342605123	0.746313136781	0.990789666506	0.906759478009	0.634805364911	0.65859580957	0.696594171097	0.611777680039	0.442474625423	0.834924325761	0.418326853552	0.774229105848	0.4702539826	0.808089990333
AB3	2.2496282407	2.21959285162	0.0	1.48615985984	2.16035859836	2.43441841953	1.90220930401	2.29273442726	2.33503746254	2.09883727888	2.52014035766	2.29919724988	2.33765955051	0.399708240696	2.17552598357	2.27458978734	2.44654520541	2.49623322861	1.20317748188	1.49844165781	1.98085669406	2.17762242629	2.40442792653	2.42356955051	1.91792198163	2.15499881102	2.37663121315	2.28972909618	1.8893501305	1.84241762204	2.45143434509	2.41590317545	2.31142275979	2.37137564524	2.53498680039	2.48029666506	2.62539244079	2.02726708072	2.51519824553	2.32467122765	2.39439350894	1.32698896085	1.3950502465	2.07296127115	2.72759891735	2.65905034799	2.68617997583	2.68168349444	2.53132227163	2.59321364427	2.78139991783	2.73407953117	2.57149844853	2.60401589174	2.62392539874	2.57237138231	2.29550681972	2.66722488159	2.30117379894	2.6350480087	2.36961769937	2.66900915418
AB4	0.963819690672	0.848189115515	1.48615985984	0.0	0.882109845336	1.06574994683	0.802843711938	0.986738559691	1.08892968584	0.785309656839	1.21309892218	0.949856578057	0.876602097632	1.11050242629	0.857852957951	0.899425954567	1.12049429676	1.15229998067	1.02301398743	0.516798327695	0.898894282262	0.897181860802	1.13546362011	1.12231043499	1.29045788787	0.85309260029	1.09657075399	0.99679340261	0.592541938134	0.571070937651	1.22786669406	1.10355468342	1.09919785404	1.08916573224	1.32979431609	1.22062340744	1.33915328661	0.751906321895	1.16030956017	0.964571822136	1.01842778154	0.59086980667	0.536648869019	0.745487443209	1.44028404543	1.37694714355	1.45361096182	1.37886927985	1.2661521073	1.30639843403	1.51022468826	1.46364400193	1.22337345578	1.26573650556	1.30904774287	1.23094253262	0.965123392943	1.39984551474	0.96984760754	1.32255923635	1.01366225713	1.35148535041
AC3	0.9111079797	0.644046848719	2.16035859836	0.882109845336	0.0	0.794744635089	0.858654920251	0.891423175447	0.990765447076	0.686574987917	1.10588236829	0.360375026583	0.828272948284	1.80352164814	0.695323489609	0.780377810536	0.997281193813	0.991502537458	1.41579658289	1.00100019816	1.10490322861	1.02928091832	1.30088556791	1.21074681489	1.28276359594	0.834251735138	1.13112888352	1.05189271145	0.891656529725	0.878634838086	1.21455546641	1.01761525858	1.00268649106	1.03330069116	0.848732851619	0.793890739488	1.06469165781	0.724665640406	0.889605176414	0.728231034316	0.715972832286	1.10732587724	1.04269132914	0.627413943934	1.22894685355	1.16753920251	0.928139105848	0.979827583374	0.771125819236	0.831975790237	1.13362844369	1.0096461624	0.800739579507	0.872030352827	0.915642856452	0.841353644273	0.869843716771	0.918039574674	0.822436921218	0.935293025616	0.853664678589	0.95786060899
AC4	0.803520908652	0.628801730304	2.43441841953	1.06574994683	0.794744635089	0.0	1.21104298695	0.400284475592	0.456787597873	0.877294596423	0.375702605123	0.518748090865	0.482709579507	2.07619927501	0.690541715805	0.682981295312	0.563650072499	0.502916230063	1.8475562204	1.32127926535	0.954979250846	0.714628327695	0.679534755921	0.588526481392	1.75496273079	0.822219337844	0.579495016916	0.545277008217	0.706530019333	0.798806355727	0.821957056549	0.618608100532	0.479269144514	0.434025268246	0.966974586757	0.763200497825	0.524803726438	0.630701594973	0.362663499275	0.782016104398	0.530773078782	1.38683907685	1.31227505558	0.631614151764	0.672024722088	0.58546237796	1.03605397777	0.806680831319	0.807594127598	0.803793281779	0.875371377477	0.902560396327	0.584833591107	0.631378999517	0.623024562591	0.635736771387	0.660662938618	0.909201831803	0.64983117448	0.721561807637	0.490666887385	0.793131672305
AD3	0.924925084582	0.881457960367	1.90220930401	0.802843711938	0.858654920251	1.21104298695	0.0	1.05331161914	1.30224452392	0.405992750121	1.39993846786	0.961525490575	1.11058679555	1.53784308362	0.887895142581	0.903296278395	1.23192169164	1.24714687289	1.29625606573	0.824326157564	0.917657530208	0.951990135331	1.34227202997	1.32806758337	1.21532680039	0.86445959884	1.25369800387	1.13987988884	0.933176824553	0.82089979217	1.19899869019	1.12874474625	1.28382907685	1.17995491542	1.18317659739	1.09150051716	1.31651108265	0.803852286129	1.20385028516	0.860726901885	0.981907269212	0.833210444659	0.789978003867	0.788637738038	1.44562002417	1.39508130498	1.38229375544	1.37832099565	1.16736940068	1.20289972934	1.53035652972	1.43914182697	1.19736242629	1.22555952151	1.28655946834	1.17306434026	0.980929125181	1.33536314645	0.975759333011	1.28262847753	1.11875052199	1.34120757371
AD4	0.764745094248	0.532071667472	2.29273442726	0.986738559691	0.891423175447	0.400284475592	1.05331161914	0.0	0.294400705655	0.713496993717	0.481989922668	0.644844958917	0.546708148864	1.93199909135	0.597669536008	0.63004160464	0.530112933784	0.506311909135	1.78804241663	1.26329323345	0.848784422426	0.619325872402	0.554927071049	0.469426268729	1.73476084582	0.782136737554	0.484032232963	0.409898719188	0.577347699372	0.703525302078	0.778951894635	0.603527965201	0.316325258579	0.342037515708	1.08371532141	0.85719921218	0.5699179942	0.490995108748	0.453568960851	0.742702696955	0.545642223296	1.22089806187	1.1464557999	0.527154557757	0.732568105365	0.651589482842	1.18290676655	0.938450865152	0.950445128081	0.968993059449	1.01043712905	1.05629612373	0.727288168197	0.720183339778	0.70326381827	0.730612595457	0.569823963267	1.04930823103	0.586926099565	0.873013465442	0.515712368294	0.931822547124
AE3	0.882074074432	0.681920937651	2.33503746254	1.08892968584	0.990765447076	0.456787597873	1.30224452392	0.294400705655	0.0	0.956855524408	0.390553489609	0.74801518608	0.604995901402	1.98550671822	0.69322759304	0.782497022716	0.542703605607	0.539513948768	1.9204860899	1.41065882069	0.973534929918	0.747442189464	0.481236283229	0.444446781054	1.8847781972	0.940115983567	0.461318525858	0.470512832286	0.676723088449	0.851596254229	0.903347380377	0.700345964234	0.208242464959	0.353646737554	1.18226115031	0.969400497825	0.552241116481	0.663686312228	0.518671899468	0.920660077332	0.666009289512	1.28907856452	1.23381738521	0.708211522475	0.761483948768	0.642015756404	1.25881760271	0.997781710971	1.04276804737	1.05725919768	1.06095794103	1.13184416626	0.8141340261	0.817720894152	0.775870256162	0.824018540358	0.702975041083	1.1404862494	0.724413562107	0.960653745771	0.615325263412	0.994743948768
AE4	0.704403315611	0.576863247946	2.09883727888	0.785309656839	0.686574987917	0.877294596423	0.405992750121	0.713496993717	0.956855524408	0.0	1.06539240696	0.649370903818	0.801581285645	1.73369028516	0.620646413726	0.605890275495	0.899837254712	0.917098028033	1.44861923635	0.948405045916	0.76276698405	0.681460807153	1.02066591107	0.991988057032	1.2989141566	0.573603552441	0.914335442243	0.796856302562	0.657921058482	0.601708675689	0.930349120348	0.805723383277	0.946467858869	0.86033499275	0.961287307878	0.862983059449	0.990518419526	0.546936085065	0.881421140648	0.580312634123	0.674190923151	0.972323533108	0.901278545191	0.507478608023	1.14851382794	1.09665902368	1.13207062349	1.11108516191	0.922593528275	0.966151039149	1.27069642339	1.18246035766	0.906460918318	0.92274582407	0.986481478975	0.885906950217	0.67542320928	1.07795983084	0.670970642823	1.0289901305	0.790406413726	1.07342019816
AF3	0.975635132914	0.837548066699	2.52014035766	1.21309892218	1.10588236829	0.375702605123	1.39993846786	0.481989922668	0.390553489609	1.06539240696	0.0	0.83284460609	0.671447912035	2.16421604157	0.881038308362	0.881134243596	0.54664017883	0.506704963751	2.02178750604	1.49510387144	1.053039884	0.86245778637	0.417404804253	0.355014683422	1.97629721605	1.0282380957	0.461432044466	0.594491242146	0.816147375544	0.955764349928	0.826804407927	0.690755693572	0.428375268246	0.469508269696	1.16743550024	0.998784610923	0.452996307395	0.791194504592	0.47017879652	0.976188095698	0.720380913485	1.4891042146	1.42084954084	0.831184074432	0.675437380377	0.572080439826	1.21628547608	0.973821512808	1.07851764137	1.03213116965	1.02570533108	1.07125111165	0.784114127598	0.765589299178	0.756709951667	0.765932300628	0.839658815853	1.08158255196	0.844801725471	0.931841967134	0.639029540841	0.963463856936
AF4	0.750185239246	0.432731677139	2.29919724988	0.949856578057	0.360375026583	0.518748090865	0.961525490575	0.644844958917	0.74801518608	0.649370903818	0.83284460609	0.0	0.593553146448	1.93965490575	0.529048443693	0.577781710971	0.799779139681	0.766951338811	1.60510053166	1.09413995167	0.960294079265	0.799613682939	1.05880238279	0.965504857419	1.46361040599	0.66572540841	0.899137791203	0.819437249879	0.768220729821	0.752252493958	0.996712542291	0.824935611406	0.760534325761	0.780220057999	0.773138849686	0.588894146931	0.777385940068	0.598722861286	0.650388777187	0.585193059449	0.502957457709	1.20674963267	1.13925996617	0.502501594973	0.940136640889	0.870939168681	0.836611764137	0.768492527791	0.595159163847	0.62613839536	0.927598260029	0.824489221846	0.566361643306	0.631868956017	0.689715930401	0.650611338811	0.65184218463	0.749631759304	0.607602416626	0.702656761721	0.637858168197	0.739858322861
AG3	0.737348496858	0.478926853552	2.33765955051	0.876602097632	0.828272948284	0.482709579507	1.11058679555	0.546708148864	0.604995901402	0.801581285645	0.671447912035	0.593553146448	0.0	1.96445384244	0.480970792653	0.597523905268	0.552415195747	0.523203963267	1.73272698888	1.21480931851	0.943995123248	0.636899656839	0.75120861769	0.696646684389	1.60507173997	0.732625273079	0.604002904785	0.58341702755	0.675323968101	0.755755567907	0.82476438376	0.624987124215	0.601827752537	0.538925703238	0.990076259062	0.797818419526	0.725787544708	0.590573542774	0.548491358144	0.708576201063	0.469615079749	1.29010682939	1.21726196713	0.579298820686	0.853444055099	0.783570526825	0.996539168681	0.783567762204	0.792169236346	0.79588340261	0.930653136781	0.87002760754	0.605861517641	0.630637298212	0.664698289029	0.593329637506	0.501377283712	0.888329845336	0.489074731754	0.728483953601	0.403694311261	0.755986752054
AG4	1.89305041083	1.85699677139	0.399708240696	1.11050242629	1.80352164814	2.07619927501	1.53784308362	1.93199909135	1.98550671822	1.73369028516	2.16421604157	1.93965490575	1.96445384244	0.0	1.81659226196	1.90960961817	2.09236840986	2.1399477332	0.932544030933	1.14197350411	1.62307500725	1.81526697438	2.04541665056	2.06322724505	1.63450108748	1.79475340261	2.01932365877	1.92769904785	1.53028096182	1.48423042533	2.10697712421	2.05732925085	1.96489989367	2.00785251812	2.18173524408	2.11933082165	2.26677118898	1.66981132914	2.15268072499	1.96258543258	2.02992343161	0.974692542291	1.04212077815	1.71335455776	2.36572958434	2.29856724988	2.32497310778	2.31767891735	2.16736861769	2.22730226196	2.42015141614	2.37259367811	2.21052950217	2.24289855486	2.27017260512	2.20923681005	1.93709787337	2.30716596907	1.9451038376	2.26989728371	2.00980316578	2.30631925085
AH3	0.770260797487	0.287004180764	2.17552598357	0.857852957951	0.695323489609	0.690541715805	0.887895142581	0.597669536008	0.69322759304	0.620646413726	0.881038308362	0.529048443693	0.480970792653	1.81659226196	0.0	0.559092223296	0.736803252779	0.736840352827	1.5705859594	1.07127123731	0.898395901402	0.722949279845	0.921810894152	0.877485132914	1.50150684389	0.73685939101	0.772768873852	0.707830410826	0.653685712905	0.674441662639	0.994681807637	0.80287099565	0.674988366361	0.677567409377	0.994406839053	0.780377380377	0.866226602223	0.495038545191	0.714250260996	0.6577740116	0.534240720155	1.08963262446	1.00345368777	0.455268579024	1.02848766554	0.95949539391	1.05790667472	0.903741164814	0.822043083615	0.835704722088	1.04437351861	0.987598506525	0.762472696955	0.780497631706	0.793597568874	0.731827525375	0.558750009667	0.922223083615	0.535819270179	0.848188472692	0.609475485742	0.876760048333
AH4	0.267801256646	0.316959826003	2.27458978734	0.899425954567	0.780377810536	0.682981295312	0.903296278395	0.63004160464	0.782497022716	0.605890275495	0.881134243596	0.577781710971	0.597523905268	1.90960961817	0.559092223296	0.0	0.663576114065	0.663688951184	1.46883196713	1.03671915901	0.826868405027	0.610646568391	0.849402266796	0.791691488642	1.40310247946	0.553241677139	0.739908801353	0.622650676655	0.673800913485	0.639614736588	0.772153769937	0.592854886419	0.795540299662	0.711449492508	0.977968516191	0.803442875785	0.851673779604	0.653613146448	0.682305258579	0.449427549541	0.43684179797	1.22108306912	1.14963745288	0.556809096182	1.02454275979	0.960122435959	0.96714221363	0.861891628806	0.780956331561	0.740594954084	1.01654038666	0.924799526341	0.606397612373	0.659630009667	0.712928757854	0.601658917351	0.394179864669	0.840188772354	0.389843702272	0.780617554374	0.495616321895	0.834262015466
AA7	0.760623673272	0.653290033833	2.44654520541	1.12049429676	0.997281193813	0.563650072499	1.23192169164	0.530112933784	0.542703605607	0.899837254712	0.54664017883	0.799779139681	0.552415195747	2.09236840986	0.736803252779	0.663576114065	0.0	0.162872837119	1.76928218463	1.30457340744	0.980585621073	0.671411488642	0.493704180764	0.481138506525	1.71217083132	0.796972909618	0.382721735138	0.402568869019	0.721112116965	0.83902477042	0.612458081199	0.359408284195	0.536757728371	0.520683837603	1.20446897052	1.0392802755	0.614529545674	0.782992121798	0.487268139198	0.833233968101	0.66408077332	1.40836565007	1.34454592073	0.79195737071	0.801901522475	0.723645703238	1.12554656356	0.892236278395	1.03850715805	0.976532286129	0.937073919768	0.994938849686	0.702698492025	0.688403368777	0.666227887869	0.680943856936	0.517946766554	0.986648840019	0.524448883519	0.904556162397	0.470541329145	0.886696476559
AA8	0.767356781054	0.65416497825	2.49623322861	1.15229998067	0.991502537458	0.502916230063	1.24714687289	0.506311909135	0.539513948768	0.917098028033	0.506704963751	0.766951338811	0.523203963267	2.1399477332	0.736840352827	0.663688951184	0.162872837119	0.0	1.82091390043	1.31609670372	0.967744567424	0.657324983084	0.519506897052	0.472944818753	1.7205841421	0.795443968101	0.41420419043	0.409192870952	0.740251459642	0.837223649106	0.60973959884	0.349435911068	0.536187878202	0.479041343644	1.16000963751	1.00337631223	0.571615567907	0.769075534074	0.433790439826	0.817971271145	0.651997293378	1.46591120831	1.40164937168	0.767629956501	0.747721841469	0.661968390527	1.10544757854	0.865439884002	1.00722157081	0.948521923635	0.916731657806	0.963456945384	0.67265897535	0.652392281295	0.638881198647	0.641869260512	0.553956906718	0.974112300628	0.549516781054	0.872824040599	0.431751749638	0.864727467376
AB7	1.44592084099	1.50204448526	1.20317748188	1.02301398743	1.41579658289	1.8475562204	1.29625606573	1.78804241663	1.9204860899	1.44861923635	2.02178750604	1.60510053166	1.73272698888	0.932544030933	1.5705859594	1.46883196713	1.76928218463	1.82091390043	0.0	0.581926205897	1.52585788787	1.57825979217	1.93247269696	1.91655997583	1.08975662156	1.40477267762	1.85125565491	1.70921151764	1.36301815853	1.21996117448	1.72404913001	1.6761378347	1.8957362494	1.88556260029	1.86190728855	1.8154222668	1.9992639971	1.50995963267	1.88790803287	1.50561184147	1.63114482359	1.002809855	1.00560176414	1.49060103432	2.16077348961	2.09887910101	1.91427188014	1.93785918801	1.79910651039	1.79836722088	2.05407834703	1.97862751087	1.79091965201	1.82278675205	1.85361757371	1.77572448526	1.59199785404	1.8951397535	1.58800260996	1.87759796037	1.70715543258	1.92096156114
AB8	1.05192441759	1.02069014016	1.49844165781	0.516798327695	1.00100019816	1.32127926535	0.824326157564	1.26329323345	1.41065882069	0.948405045916	1.49510387144	1.09413995167	1.21480931851	1.14197350411	1.07127123731	1.03671915901	1.30457340744	1.31609670372	0.581926205897	0.0	1.03783683422	1.0692062204	1.41157888352	1.38000427743	1.11630003383	0.907376041566	1.33331434026	1.18923448526	0.821877317545	0.691019047849	1.26614419043	1.2159057709	1.38069359111	1.35633035283	1.41120343161	1.3241318463	1.49263624456	1.00933993233	1.3798537941	1.06987746738	1.17520004833	0.705735413243	0.6738559739	0.971366080232	1.6532278347	1.58229475109	1.57538665056	1.52871424843	1.376210203	1.38011999033	1.66526086999	1.59321390043	1.39240985017	1.40555549058	1.43604870952	1.36764045433	1.145900232	1.5156979362	1.14503348478	1.44493292412	1.20797806187	1.50671570324
AC7	0.808041116481	0.831571478975	1.98085669406	0.898894282262	1.10490322861	0.954979250846	0.917657530208	0.848784422426	0.973534929918	0.76276698405	1.053039884	0.960294079265	0.943995123248	1.62307500725	0.898395901402	0.826868405027	0.980585621073	0.967744567424	1.52585788787	1.03783683422	0.0	0.423744485259	0.964312189464	0.95218937651	1.43331298212	0.700192576124	0.947340850652	0.781428690188	0.605624543258	0.583239739004	0.861111686805	0.801974842919	0.946300236829	0.877928240696	1.25390427743	1.11812445626	1.16376160464	0.784943890768	1.04339327695	0.95678717738	0.964808956017	1.1688699565	1.14464101498	0.744231140648	1.13011944901	1.07061042533	1.49607905752	1.42631266796	1.23269307878	1.27737795553	1.54724680039	1.48532406477	1.14091862252	1.18302930884	1.22518097148	1.14471127598	0.89362521508	1.40421915901	0.890634523925	1.27327601257	0.897490700822	1.39524942484
AC8	0.674704248429	0.650146887385	2.17762242629	0.897181860802	1.02928091832	0.714628327695	0.951990135331	0.619325872402	0.747442189464	0.681460807153	0.86245778637	0.799613682939	0.636899656839	1.81526697438	0.722949279845	0.610646568391	0.671411488642	0.657324983084	1.57825979217	1.0692062204	0.423744485259	0.0	0.730296152731	0.716467945868	1.47743837603	0.57238699855	0.590090033833	0.423442107298	0.509171764137	0.541053475109	0.633625142581	0.508826568391	0.701837201547	0.627458719188	1.09869643789	0.893493977767	0.86967062349	0.633535915901	0.760245340744	0.770556524891	0.700928907685	1.1760379507	1.13711600773	0.652334562591	0.933919652006	0.865517617206	1.30104461576	1.10400051716	1.02946265829	1.05314844369	1.23122339778	1.17106058482	0.837942092798	0.865996558724	0.910134871919	0.83095702755	0.543513276945	1.16440103432	0.566688231029	0.962324238763	0.587103895602	1.07897390043
AD7	0.89509702755	0.887605398743	2.40442792653	1.13546362011	1.30088556791	0.679534755921	1.34227202997	0.554927071049	0.481236283229	1.02066591107	0.417404804253	1.05880238279	0.75120861769	2.04541665056	0.921810894152	0.849402266796	0.493704180764	0.519506897052	1.93247269696	1.41157888352	0.964312189464	0.730296152731	0.0	0.176213871435	1.89090346061	0.902476539391	0.365704456259	0.466731048816	0.710783044949	0.84731980667	0.738331087482	0.603458651522	0.499417752537	0.514535722571	1.3766181972	1.19529151281	0.637429811503	0.846490734654	0.655337375544	1.03746592073	0.88213420493	1.37948254229	1.3110178057	0.905564316095	0.84107717738	0.732135065249	1.39053472692	1.14341281295	1.27028811986	1.23603028033	1.18473283229	1.25721708555	0.98245057999	0.928734142098	0.894680546158	0.943334436926	0.737774378927	1.27415536008	0.793908675689	1.13866692605	0.670875785404	1.13564338328
AD8	0.883561889802	0.802933228613	2.42356955051	1.12231043499	1.21074681489	0.588526481392	1.32806758337	0.469426268729	0.444446781054	0.991988057032	0.355014683422	0.965504857419	0.696646684389	2.06322724505	0.877485132914	0.791691488642	0.481138506525	0.472944818753	1.91655997583	1.38000427743	0.95218937651	0.716467945868	0.176213871435	0.0	1.83306985017	0.848807317545	0.322132334461	0.441284833253	0.679714635089	0.813679864669	0.72317820203	0.568933963267	0.470516292895	0.475365398743	1.29738617206	1.10825568874	0.569297138714	0.772857472209	0.582600323828	0.945332368294	0.795488105365	1.39928716288	1.31993384244	0.814242556791	0.784248245529	0.676933170614	1.3332519623	1.08996560174	1.18383401643	1.15029273562	1.13897361527	1.20054188014	0.897992638956	0.859597419043	0.831943562107	0.872810492992	0.736141145481	1.20595927501	0.766421184147	1.05166799903	0.591686408893	1.08159158047
AE7	1.38321095698	1.43517243596	1.91792198163	1.29045788787	1.28276359594	1.75496273079	1.21532680039	1.73476084582	1.8847781972	1.2989141566	1.97629721605	1.46361040599	1.60507173997	1.63450108748	1.50150684389	1.40310247946	1.71217083132	1.7205841421	1.08975662156	1.11630003383	1.43331298212	1.47743837603	1.89090346061	1.83306985017	0.0	1.01477245046	1.81869705172	1.67517718705	1.37777790237	1.2985522378	1.57484173997	1.56825842919	1.87224703238	1.81386825036	1.69519621556	1.69560274529	1.93466566457	1.52245514258	1.83017840986	1.38152051716	1.57140570807	1.46336105365	1.45074952151	1.43497000967	2.01053652006	1.97322266312	1.71829203963	1.82013000967	1.60711252779	1.60307945384	1.96153973417	1.82884684872	1.66745065732	1.68958613823	1.74681271629	1.63564717738	1.55243751087	1.7385101015	1.54041741421	1.75479236829	1.62866535524	1.79950351861
AE8	0.605830831319	0.584981319478	2.15499881102	0.85309260029	0.834251735138	0.822219337844	0.86445959884	0.782136737554	0.940115983567	0.573603552441	1.0282380957	0.66572540841	0.732625273079	1.79475340261	0.73685939101	0.553241677139	0.796972909618	0.795443968101	1.40477267762	0.907376041566	0.700192576124	0.57238699855	0.902476539391	0.848807317545	1.01477245046	0.0	0.86157457709	0.715880164331	0.61672179797	0.554355253746	0.732884562591	0.657383504108	0.924432232963	0.857321029483	1.07148580474	0.937877129048	1.00202066699	0.706648347028	0.889405321411	0.630675016916	0.686556070565	1.16085176414	1.09769277912	0.647180314161	1.11797441276	1.07032319478	1.15208306912	1.08755085065	0.928105896568	0.937446336394	1.23802552441	1.17060286612	0.87345240696	0.890083315611	0.940178139198	0.867387148381	0.679702933784	1.09547227646	0.669168144031	0.981508666022	0.70753759304	1.06998477525
AF7	0.847352919285	0.73236017883	2.37663121315	1.09657075399	1.13112888352	0.579495016916	1.25369800387	0.484032232963	0.461318525858	0.914335442243	0.461432044466	0.899137791203	0.604002904785	2.01932365877	0.772768873852	0.739908801353	0.382721735138	0.41420419043	1.85125565491	1.33331434026	0.947340850652	0.590090033833	0.365704456259	0.322132334461	1.81869705172	0.86157457709	0.0	0.276449685839	0.669971251812	0.781173562107	0.68984160464	0.532285901402	0.446351005317	0.452676379894	1.19070430643	1.00675547608	0.553943421943	0.713349719671	0.55691141131	0.89654737071	0.719603968101	1.36624144031	1.29580054132	0.751998487192	0.797761855969	0.703613257612	1.25687252296	1.02237919285	1.08928727888	1.07588443209	1.05768542774	1.11803656356	0.830870483325	0.818319304012	0.79136239246	0.821935596907	0.601472832286	1.11618123731	0.605843320445	0.968926230063	0.536486215563	1.00826788787
AF8	0.695999946834	0.637734456259	2.28972909618	0.99679340261	1.05189271145	0.545277008217	1.13987988884	0.409898719188	0.470512832286	0.796856302562	0.594491242146	0.819437249879	0.58341702755	1.92769904785	0.707830410826	0.622650676655	0.402568869019	0.409192870952	1.70921151764	1.18923448526	0.781428690188	0.423442107298	0.466731048816	0.441284833253	1.67517718705	0.715880164331	0.276449685839	0.0	0.563310091832	0.65958956984	0.674602010633	0.472454562591	0.453743765104	0.422781686805	1.1423958289	0.955692353794	0.633253552441	0.644669207347	0.524829333011	0.792927921701	0.650440652489	1.2686100725	1.20143465442	0.677653953601	0.831512547124	0.745910463992	1.22864950701	0.994574610923	1.04352893185	1.04546996133	1.03954766071	1.09662511841	0.790157839536	0.788311280812	0.769986239729	0.792314291928	0.511028927018	1.09432572257	0.550937733204	0.942372281295	0.476337438376	0.980140425326
AG7	0.76584117448	0.636155248913	1.8893501305	0.592541938134	0.891656529725	0.706530019333	0.933176824553	0.577347699372	0.676723088449	0.657921058482	0.816147375544	0.768220729821	0.675323968101	1.53028096182	0.653685712905	0.673800913485	0.721112116965	0.740251459642	1.36301815853	0.821877317545	0.605624543258	0.509171764137	0.710783044949	0.679714635089	1.37777790237	0.61672179797	0.669971251812	0.563310091832	0.0	0.233312450459	0.825780183664	0.678300004833	0.667258139198	0.697775461576	1.22481437893	1.00425273079	0.926144069599	0.45119378927	0.787524451426	0.811995490575	0.714157481875	0.937501372644	0.862354499758	0.473600652489	1.06688794587	0.985187554374	1.33815064766	1.13233695022	1.12548973417	1.13098521508	1.26098504108	1.22320673272	0.921136843886	0.935238820686	0.97516640406	0.927178960851	0.651898119865	1.21535146448	0.669784915418	1.07171544224	0.673002957951	1.11465668439
AG8	0.690798206863	0.627956718221	1.84241762204	0.571070937651	0.878634838086	0.798806355727	0.82089979217	0.703525302078	0.851596254229	0.601708675689	0.955764349928	0.752252493958	0.755755567907	1.48423042533	0.674441662639	0.639614736588	0.83902477042	0.837223649106	1.21996117448	0.691019047849	0.583239739004	0.541053475109	0.84731980667	0.813679864669	1.2985522378	0.554355253746	0.781173562107	0.65958956984	0.233312450459	0.0	0.867934229096	0.76419956984	0.83152297245	0.801636631223	1.19743388594	1.00548864186	1.01307923635	0.494628762687	0.881280169164	0.781620256162	0.757007032383	0.905310410826	0.841847240213	0.478988791687	1.15059030449	1.07236871435	1.33039492025	1.2141557129	1.10523449976	1.12801581924	1.34572328178	1.29387543258	0.982620362494	0.994066070565	1.04191425326	0.982032919285	0.712719192847	1.22406903818	0.723050338328	1.13479320928	0.741083750604	1.19333652972
AH7	0.775130782987	0.861805814403	2.45143434509	1.22786669406	1.21455546641	0.821957056549	1.19899869019	0.778951894635	0.903347380377	0.930349120348	0.826804407927	0.996712542291	0.82476438376	2.10697712421	0.994681807637	0.772153769937	0.612458081199	0.60973959884	1.72404913001	1.26614419043	0.861111686805	0.633625142581	0.738331087482	0.72317820203	1.57484173997	0.732884562591	0.68984160464	0.674602010633	0.825780183664	0.867934229096	0.0	0.332057733204	0.907874707588	0.851325195747	1.16950751571	1.04278068632	0.834918028033	0.936665891735	0.783590260996	0.921226558724	0.844333431609	1.47568350894	1.42293236346	0.939699299178	0.967877825036	0.925188066699	1.28982966167	1.06792439343	1.13193219913	1.07214776704	1.15215286129	1.16157364427	0.875093721605	0.834298898018	0.832677394877	0.824332745288	0.75032421943	1.17371420976	0.775987187047	0.994324538424	0.705350691155	1.066259855
AH8	0.681893939101	0.660052411793	2.41590317545	1.10355468342	1.01761525858	0.618608100532	1.12874474625	0.603527965201	0.700345964234	0.805723383277	0.690755693572	0.824935611406	0.624987124215	2.05732925085	0.80287099565	0.592854886419	0.359408284195	0.349435911068	1.6761378347	1.2159057709	0.801974842919	0.508826568391	0.603458651522	0.568933963267	1.56825842919	0.657383504108	0.532285901402	0.472454562591	0.678300004833	0.76419956984	0.332057733204	0.0	0.705438627356	0.621341092315	1.11989557274	0.948944470759	0.727389101015	0.780892083132	0.585762435959	0.759948612856	0.660817448043	1.39520569841	1.32650930401	0.771394064766	0.833539579507	0.776793910101	1.13488212663	0.913642474625	0.979584045433	0.9197520058	0.976163856936	1.01018691155	0.688221478975	0.676428772354	0.660799603673	0.656175340744	0.540808206863	1.00362528275	0.563591754471	0.831113697438	0.494987718705	0.909517829869
AA5	0.922412295795	0.686937409377	2.31142275979	1.09919785404	1.00268649106	0.479269144514	1.28382907685	0.316325258579	0.208242464959	0.946467858869	0.428375268246	0.760534325761	0.601827752537	1.96489989367	0.674988366361	0.795540299662	0.536757728371	0.536187878202	1.8957362494	1.38069359111	0.946300236829	0.701837201547	0.499417752537	0.470516292895	1.87224703238	0.924432232963	0.446351005317	0.453743765104	0.667258139198	0.83152297245	0.907874707588	0.705438627356	0.0	0.269154934751	1.1826877912	0.948889352344	0.578237298212	0.619148042533	0.552228690188	0.892072160464	0.654825645239	1.25270133881	1.19494823103	0.67161980667	0.759330840986	0.635394016433	1.2875300725	1.03927473175	1.06681579024	1.0797497825	1.10116270662	1.15984269696	0.829533716771	0.842140352827	0.793280280329	0.838704340261	0.672061372644	1.15768116481	0.685359062349	0.976472073465	0.625263948768	1.03223240696
AA6	0.82825460609	0.646700096665	2.37137564524	1.08916573224	1.03330069116	0.434025268246	1.17995491542	0.342037515708	0.353646737554	0.86033499275	0.469508269696	0.780220057999	0.538925703238	2.00785251812	0.677567409377	0.711449492508	0.520683837603	0.479041343644	1.88556260029	1.35633035283	0.877928240696	0.627458719188	0.514535722571	0.475365398743	1.81386825036	0.857321029483	0.452676379894	0.422781686805	0.697775461576	0.801636631223	0.851325195747	0.621341092315	0.269154934751	0.0	1.09395729338	0.879667776704	0.553030492992	0.589945413243	0.501507462542	0.806815070082	0.602609299178	1.30088810536	1.22556971967	0.641108129531	0.592629178347	0.478405741904	1.22749069116	0.989546273562	0.980362547124	0.985768274529	1.04671654906	1.09150730788	0.748017554374	0.790133006283	0.751160454326	0.760620309328	0.617361488642	1.08498958434	0.625576549058	0.888170082165	0.522735451909	0.978616631223
AB5	1.11116826486	0.93822699855	2.53498680039	1.32979431609	0.848732851619	0.966974586757	1.18317659739	1.08371532141	1.18226115031	0.961287307878	1.16743550024	0.773138849686	0.990076259062	2.18173524408	0.994406839053	0.977968516191	1.20446897052	1.16000963751	1.86190728855	1.41120343161	1.25390427743	1.09869643789	1.3766181972	1.29738617206	1.69519621556	1.07148580474	1.19070430643	1.1423958289	1.22481437893	1.19743388594	1.16950751571	1.11989557274	1.1826877912	1.09395729338	0.0	0.351756176897	0.957749574674	1.01765041083	0.95103219913	0.845566660222	0.848412788787	1.52642959401	1.45398095215	0.982902049299	0.999458158531	0.950883769937	0.874396317061	0.95893219913	0.739875867569	0.770027124215	1.09844656356	0.968203586274	0.820136926051	0.906570473659	0.929191725471	0.902790942484	1.03588472692	0.870167525375	0.991500676655	0.841016665056	1.00981154664	0.937068260029
AB6	0.963588376027	0.748374417593	2.48029666506	1.22062340744	0.793890739488	0.763200497825	1.09150051716	0.85719921218	0.969400497825	0.862983059449	0.998784610923	0.588894146931	0.797818419526	2.11933082165	0.780377380377	0.803442875785	1.0392802755	1.00337631223	1.8154222668	1.3241318463	1.11812445626	0.893493977767	1.19529151281	1.10825568874	1.69560274529	0.937877129048	1.00675547608	0.955692353794	1.00425273079	1.00548864186	1.04278068632	0.948944470759	0.948889352344	0.879667776704	0.351756176897	0.0	0.792988129531	0.78771279362	0.796647090382	0.752723678105	0.664901928468	1.42011621073	1.34665087482	0.75847940551	0.798057805703	0.772133673272	0.791639753504	0.745760120831	0.544123711938	0.567620720155	0.896807032383	0.788970463992	0.650747129048	0.762079284679	0.780387525375	0.765550212663	0.835884954084	0.701537728371	0.793169690672	0.616178583857	0.837945993233	0.725685625906
AC5	0.981975142581	0.820242141131	2.62539244079	1.33915328661	1.06469165781	0.524803726438	1.31651108265	0.5699179942	0.552241116481	0.990518419526	0.452996307395	0.777385940068	0.725787544708	2.26677118898	0.866226602223	0.851673779604	0.614529545674	0.571615567907	1.9992639971	1.49263624456	1.16376160464	0.86967062349	0.637429811503	0.569297138714	1.93466566457	1.00202066699	0.553943421943	0.633253552441	0.926144069599	1.01307923635	0.834918028033	0.727389101015	0.578237298212	0.553030492992	0.957749574674	0.792988129531	0.0	0.747282373127	0.444373537941	0.911635819236	0.671383339778	1.58688857419	1.50505490575	0.823225882069	0.540539072015	0.460064103432	1.01815767521	0.784490309328	0.899161710971	0.868913383277	0.825853605607	0.861707351377	0.62628438376	0.567638550024	0.556618525858	0.640206771387	0.790099966167	0.900342764621	0.795525862736	0.780396118898	0.651101681972	0.784221498308
AC6	0.807202861286	0.506650923151	2.02726708072	0.751906321895	0.724665640406	0.630701594973	0.803852286129	0.490995108748	0.663686312228	0.546936085065	0.791194504592	0.598722861286	0.590573542774	1.66981132914	0.495038545191	0.653613146448	0.782992121798	0.769075534074	1.50995963267	1.00933993233	0.784943890768	0.633535915901	0.846490734654	0.772857472209	1.52245514258	0.706648347028	0.713349719671	0.644669207347	0.45119378927	0.494628762687	0.936665891735	0.780892083132	0.619148042533	0.589945413243	1.01765041083	0.78771279362	0.747282373127	0.0	0.697696259062	0.674308525858	0.559564543258	0.879335016916	0.795713073949	0.277407046883	0.965691807637	0.892035224746	1.14922956984	1.00107161914	0.931509284679	0.958041063316	1.12739438376	1.07381166747	0.791308786854	0.82835378927	0.881812305462	0.807198559691	0.615511928468	1.03776003383	0.586208931851	0.935337216046	0.605239801837	0.979051362977
AD6	0.800742619623	0.643727423876	2.51519824553	1.16030956017	0.889605176414	0.362663499275	1.20385028516	0.453568960851	0.518671899468	0.881421140648	0.47017879652	0.650388777187	0.548491358144	2.15268072499	0.714250260996	0.682305258579	0.487268139198	0.433790439826	1.88790803287	1.3798537941	1.04339327695	0.760245340744	0.655337375544	0.582600323828	1.83017840986	0.889405321411	0.55691141131	0.524829333011	0.787524451426	0.881280169164	0.783590260996	0.585762435959	0.552228690188	0.501507462542	0.95103219913	0.796647090382	0.444373537941	0.697696259062	0.0	0.747779661672	0.446966302562	1.47026797003	1.39242874335	0.743616587724	0.655002489125	0.574748757854	0.92449460609	0.691121952634	0.808375152247	0.752294093765	0.7540379797	0.80310099565	0.523296462059	0.500152358627	0.495546031899	0.513210314161	0.606217941034	0.796802904785	0.614910546158	0.673846167231	0.408142566457	0.678918032866
AE5	0.572955698405	0.510639903335	2.32467122765	0.964571822136	0.728231034316	0.782016104398	0.860726901885	0.742702696955	0.920660077332	0.580312634123	0.976188095698	0.585193059449	0.708576201063	1.96258543258	0.6577740116	0.449427549541	0.833233968101	0.817971271145	1.50561184147	1.06987746738	0.95678717738	0.770556524891	1.03746592073	0.945332368294	1.38152051716	0.630675016916	0.89654737071	0.792927921701	0.811995490575	0.781620256162	0.921226558724	0.759948612856	0.892072160464	0.806815070082	0.845566660222	0.752723678105	0.911635819236	0.674308525858	0.747779661672	0.0	0.378231135814	1.22274310778	1.14350964234	0.588963296278	1.09479286129	1.03575486709	0.901206437893	0.867486756887	0.766466336394	0.693575273079	1.01620106332	0.919951116481	0.615145142581	0.674390889319	0.76216359594	0.617551193813	0.542660976317	0.837582933784	0.527888052199	0.779597332044	0.612667680039	0.833833315611
AE6	0.580024494925	0.413389221846	2.39439350894	1.01842778154	0.715972832286	0.530773078782	0.981907269212	0.545642223296	0.666009289512	0.674190923151	0.720380913485	0.502957457709	0.469615079749	2.02992343161	0.534240720155	0.43684179797	0.66408077332	0.651997293378	1.63114482359	1.17520004833	0.964808956017	0.700928907685	0.88213420493	0.795488105365	1.57140570807	0.686556070565	0.719603968101	0.650440652489	0.714157481875	0.757007032383	0.844333431609	0.660817448043	0.654825645239	0.602609299178	0.848412788787	0.664901928468	0.671383339778	0.559564543258	0.446966302562	0.378231135814	0.0	1.30584507975	1.22609095698	0.531083924601	0.839965804737	0.789936220396	0.856594161431	0.70272077332	0.674530541324	0.630812179797	0.843186254229	0.773733668439	0.457165935234	0.478819840503	0.538862174964	0.445021198647	0.438215456742	0.727963552441	0.415721633639	0.604860831319	0.436246529725	0.678062856452
AF5	1.26868347511	1.1444617738	1.32698896085	0.59086980667	1.10732587724	1.38683907685	0.833210444659	1.22089806187	1.28907856452	0.972323533108	1.4891042146	1.20674963267	1.29010682939	0.974692542291	1.08963262446	1.22108306912	1.40836565007	1.46591120831	1.002809855	0.705735413243	1.1688699565	1.1760379507	1.37948254229	1.39928716288	1.46336105365	1.16085176414	1.36624144031	1.2686100725	0.937501372644	0.905310410826	1.47568350894	1.39520569841	1.25270133881	1.30088810536	1.52642959401	1.42011621073	1.58688857419	0.879335016916	1.47026797003	1.22274310778	1.30584507975	0.0	0.147539313678	0.936827409377	1.69154619623	1.62425076365	1.70258214113	1.64465149831	1.5409378057	1.57085632189	1.7867420058	1.74612583374	1.51515405993	1.55960397293	1.59639980184	1.53266654906	1.22371292895	1.67055791203	1.231789768	1.60684913968	1.33006735621	1.63521999033
AF6	1.22673459159	1.0699662204	1.3950502465	0.536648869019	1.04269132914	1.31227505558	0.789978003867	1.1464557999	1.23381738521	0.901278545191	1.42084954084	1.13925996617	1.21726196713	1.04212077815	1.00345368777	1.14963745288	1.34454592073	1.40164937168	1.00560176414	0.6738559739	1.14464101498	1.13711600773	1.3110178057	1.31993384244	1.45074952151	1.09769277912	1.29580054132	1.20143465442	0.862354499758	0.841847240213	1.42293236346	1.32650930401	1.19494823103	1.22556971967	1.45398095215	1.34665087482	1.50505490575	0.795713073949	1.39242874335	1.14350964234	1.22609095698	0.147539313678	0.0	0.858767960367	1.61944093765	1.54185497825	1.63560043983	1.57261087965	1.46659823103	1.49307058966	1.70398659739	1.67207405027	1.44065034799	1.48880887385	1.52111781054	1.45786769937	1.15247759787	1.5968619043	1.16066775737	1.52328268246	1.25711838569	1.55508033833
AG5	0.718255418076	0.448518646689	2.07296127115	0.745487443209	0.627413943934	0.631614151764	0.788637738038	0.527154557757	0.708211522475	0.507478608023	0.831184074432	0.502501594973	0.579298820686	1.71335455776	0.455268579024	0.556809096182	0.79195737071	0.767629956501	1.49060103432	0.971366080232	0.744231140648	0.652334562591	0.905564316095	0.814242556791	1.43497000967	0.647180314161	0.751998487192	0.677653953601	0.473600652489	0.478988791687	0.939699299178	0.771394064766	0.67161980667	0.641108129531	0.982902049299	0.75847940551	0.823225882069	0.277407046883	0.743616587724	0.588963296278	0.531083924601	0.936827409377	0.858767960367	0.0	0.987730618656	0.916978279362	1.09844884485	0.990142097632	0.867155142581	0.876288864186	1.13831372644	1.05769946834	0.749354180764	0.808716292895	0.869657225713	0.778605664572	0.599094122765	0.986701938134	0.565552266796	0.895595911068	0.609738748188	0.981390492992
