	AA3	AA4	AB3	AB4	AC3	AC4	AD3	AD4	AE3	AE4	AF3	AF4	AG3	AG4	AH3	AH4	AA7	AA8	AB7	AB8	AC7	AC8	AD7	AD8	AE7	AE8	AF7	AF8	AG7	AG8	AH7	AH8	AA5	AA6	AB5	AB6	AC5	AC6	AD6	AE5	AE6	AF5	AF6	AG5	AH5	AH6	AA1	AA2	AB1	AB2	AC1	AC2	AD1	AD2	AE1	AE2	AF1	AF2	AG1	AG2	AH1	AH2
AA3	0.0	0.574318699855	2.22303305462	0.986244833253	0.878582783954	0.789359864669	0.879974335428	0.795542609956	0.929619859836	0.67452980667	1.02929726921	0.791075505075	0.754912648623	1.90495960851	0.799489154181	0.317355316578	0.820426336394	0.800499545674	1.41963086032	1.05580419526	0.823010657322	0.717876679555	0.8994300145	0.888248197197	1.36518903335	0.571615790237	0.867485292412	0.714804543258	0.716651599807	0.686484171097	0.784361034316	0.712162537458	0.908775819236	0.85003298695	1.10650810536	0.961405514741	1.01092703238	0.834936863219	0.832135819236	0.612764973417	0.596537225713	1.2757439101	1.17639863219	0.783913204447	1.13778780087	1.0923478492	0.962799739004	0.954771459642	0.962128076365	0.853838878685	1.07942071049	0.977594451426	0.670069710005	0.695457689705	0.743956955051	0.694861275979	0.535999903335	0.939201145481	0.516468530691	0.933205761237	0.699317655872	0.992942058966
AA4	0.574318699855	0.0	2.26734668922	0.928441532141	0.63154701305	0.508510289995	0.899009816336	0.487716466892	0.649675495408	0.603748748188	0.79651017883	0.489688105365	0.409798927018	1.94935756404	0.328902334461	0.300631967134	0.63884462059	0.626796495892	1.57944064766	1.09763481392	0.876548264862	0.629928699855	0.831224354761	0.783755277912	1.52353727405	0.625238308362	0.682557660706	0.655565369744	0.656082044466	0.695108525858	0.852872107298	0.706137119381	0.612899304012	0.556772489125	0.925830903818	0.661853639439	0.736932721121	0.574298347028	0.586146379894	0.532563170614	0.361158487192	1.23076807153	1.1196557854	0.47684919768	0.877828878685	0.813188134364	0.902175065249	0.764188351861	0.731791135814	0.669564954084	0.932727491542	0.829321029483	0.573337535041	0.546405447076	0.621825775737	0.583492696955	0.421367138714	0.808990990817	0.418033301112	0.713017143548	0.469400502658	0.74528540841
AB3	2.22303305462	2.26734668922	0.0	1.44766836636	2.17023293862	2.34796947801	1.88130378444	2.25920244079	2.33138021266	2.07050232963	2.52344919285	2.24925550024	2.2998299565	0.364814673755	2.13001526825	2.26876012566	2.46253461576	2.48269109232	1.18729986467	1.451370058	1.96028642823	2.17339503142	2.37823272595	2.3887538666	1.89295890768	2.15589432576	2.37492236829	2.28171747221	1.88313425326	1.80899989367	2.43057557757	2.41028721121	2.26311246013	2.35034914451	2.54222587724	2.47115059449	2.61194560657	1.94758854519	2.53474877719	2.25052794587	2.3610602175	1.3013539391	1.38771980667	2.03914965201	2.72117921218	2.62714570807	2.6499718463	2.65049745771	2.50849439343	2.5920341566	2.76214236829	2.69166532141	2.54808728855	2.55778273079	2.58898860802	2.56445091832	2.28448363944	2.67602927018	2.26572907685	2.6236418318	2.40070335428	2.66606350411
AB4	0.986244833253	0.928441532141	1.44766836636	0.0	0.9101119768	1.01690306428	0.78886459159	0.965360483325	1.10434632673	0.796782856452	1.2361037071	0.934858443693	0.878260874819	1.11383931851	0.839145722571	0.937245166747	1.16427840019	1.18855023683	1.01582916868	0.535609734171	0.893157124215	0.91112939101	1.13426928951	1.11719106815	1.32032937168	0.930100768487	1.11859185597	1.0369162784	0.631091580474	0.611679579507	1.25729326245	1.15118444176	1.0509139826	1.06938709038	1.37990697438	1.25759024166	1.37392480909	0.719350589657	1.21159994683	0.957657307878	1.03314743354	0.579546955051	0.508685195747	0.767389231513	1.45735615273	1.34565144514	1.44948838086	1.38849829386	1.28289664089	1.3076259159	1.53923105365	1.46066032866	1.23004320445	1.24432681489	1.32441075882	1.26339427743	0.995733030449	1.44122506042	0.982603204447	1.37462675689	1.07827969551	1.39560882552
AC3	0.878582783954	0.63154701305	2.17023293862	0.9101119768	0.0	0.731850217496	0.8532839826	0.813710961817	0.965884635089	0.648779753504	1.05155756887	0.307903305945	0.786929072015	1.85476955534	0.633133784437	0.734843243113	0.968562479459	0.930312257129	1.45134302078	1.03729958434	1.03390446109	0.968839734171	1.23070021266	1.16529701305	1.32795548091	0.841804122765	1.07429831319	1.05135714838	0.877471764137	0.833353006283	1.1616217303	1.01779142098	0.954923214113	0.93254720638	0.81574537941	0.746718612856	0.970744499758	0.693981870469	0.839206877719	0.596305205413	0.699970033833	1.13850271145	1.05416181247	0.576579642339	1.12434405027	1.06478235863	0.856095089415	0.913542962784	0.707023533108	0.77288879652	1.07197769454	0.921421788304	0.741059801837	0.775191116481	0.829615940068	0.765657699372	0.808945248913	0.895772716288	0.784916476559	0.874766495892	0.82506159014	0.910387520541
AC4	0.789359864669	0.508510289995	2.34796947801	1.01690306428	0.731850217496	0.0	1.09397950701	0.373679091348	0.489944693088	0.788354059932	0.440631691638	0.471204543258	0.41261442726	2.02961456259	0.642022745288	0.59501221363	0.575353905268	0.552228815853	1.76381663122	1.28043534074	0.88939257129	0.565839144514	0.681500560657	0.62445662639	1.67578132914	0.717805302078	0.567937684872	0.59230619623	0.655790188497	0.776561764137	0.799532460126	0.620724287095	0.498401570807	0.409642556791	1.01006948768	0.723438786854	0.619849787337	0.622775654906	0.483291227646	0.742411894635	0.527493281779	1.32951475592	1.214050174	0.541651628806	0.732589250846	0.62491178347	1.04421337844	0.834403504108	0.814151546641	0.772670217496	0.932563446109	0.949643025616	0.631625669406	0.625283383277	0.657346882552	0.688396433059	0.621965683905	0.966430318995	0.674601106815	0.790795031416	0.405952667956	0.796399207347
AD3	0.879974335428	0.899009816336	1.88130378444	0.78886459159	0.8532839826	1.09397950701	0.0	1.01521369744	1.2797141276	0.408035316578	1.38909257129	0.916362803287	1.05738875302	1.5639458434	0.853932527791	0.908285737071	1.2356881827	1.22924050266	1.29315926051	0.829310633156	0.879710463992	0.975293479942	1.26982446593	1.24878492025	1.22107496858	0.842456254229	1.22899578057	1.10995754471	0.855740840986	0.74457301595	1.18412530691	1.11179756887	1.20787165297	1.12628959401	1.20421647656	1.08836859836	1.28951003867	0.714841367811	1.19360284679	0.783252107298	0.913587201547	0.844976505558	0.744311150314	0.760892363461	1.38994094732	1.33574460126	1.34877519575	1.35251287095	1.14162017883	1.20717109715	1.52233327695	1.4068417303	1.16202167714	1.17943562107	1.24092302562	1.18350794587	0.962683383277	1.3539842001	0.92919918318	1.25396994683	1.13250435476	1.34884710488
AD4	0.795542609956	0.487716466892	2.25920244079	0.965360483325	0.813710961817	0.373679091348	1.01521369744	0.0	0.30541500725	0.679300149831	0.52022897535	0.61404722088	0.493764867086	1.94118198647	0.575234451426	0.606826674722	0.560944364427	0.54801161914	1.76729481392	1.25815649106	0.861706529724	0.545034494925	0.588925384244	0.529484552924	1.73777792653	0.749879995167	0.499586423393	0.513382029966	0.568146911551	0.721045118415	0.837106341228	0.645455219913	0.302386558724	0.321177201547	1.11443099565	0.805964838086	0.625683939101	0.533970473659	0.472631014983	0.73267522958	0.538155485742	1.21571000967	1.10766711938	0.510906408893	0.735488061866	0.614586138231	1.13139217013	0.900976631223	0.941060430159	0.883751474142	0.947611072982	1.04157891735	0.723748704688	0.670060376994	0.682475031416	0.758318492025	0.591773165781	1.04711532624	0.651757095215	0.890635012083	0.457098777187	0.862110633156
AE3	0.929619859836	0.649675495408	2.33138021266	1.10434632673	0.965884635089	0.489944693088	1.2797141276	0.30541500725	0.0	0.939735360077	0.382005674239	0.774221851136	0.599409966167	2.017500232	0.73890419043	0.751519449009	0.509578956017	0.547660575157	1.92730758821	1.43298244079	0.998755079749	0.672889125181	0.485110618656	0.455750831319	1.91655605607	0.923649366844	0.407882068632	0.515676824553	0.727554939584	0.896164630256	0.89958560174	0.719668110198	0.243482058966	0.355990768487	1.20487014016	0.913212150797	0.566437332044	0.730394664089	0.552991029483	0.953945703238	0.713816515225	1.32727701305	1.22445775737	0.699948405027	0.774826452392	0.626170521991	1.22600643306	0.99460019333	1.07398749154	0.995945843403	1.0291099565	1.13334279845	0.825237564041	0.774634639923	0.778282160464	0.865719366844	0.728496824553	1.15457870469	0.799031464476	0.996735693572	0.556767791203	0.960929110681
AE4	0.67452980667	0.603748748188	2.07050232963	0.796782856452	0.648779753504	0.788354059932	0.408035316578	0.679300149831	0.939735360077	0.0	1.08132080232	0.650968946351	0.77755479942	1.75125902368	0.596985253746	0.613380038666	0.909803257612	0.89903420493	1.41960332528	0.943289990333	0.736139932334	0.674870024166	0.962091720638	0.928635103915	1.31388362494	0.581186959884	0.90705618173	0.790732435959	0.601584335428	0.557096220396	0.919292136298	0.795349521508	0.874728912518	0.80907861769	0.980115785404	0.85304420493	0.967725664572	0.523891135814	0.857458830353	0.522287849203	0.613387709038	0.979042368294	0.86814179797	0.543593547608	1.10910530208	1.04806915901	1.08399416626	1.07214735621	0.905169830836	0.940943088449	1.23999992267	1.12918267279	0.887695476075	0.875398342194	0.920147351377	0.894708463026	0.665787158047	1.07583527308	0.631818985017	0.989528434026	0.814317312711	1.06728603673
AF3	1.02929726921	0.79651017883	2.52344919285	1.2361037071	1.05155756887	0.440631691638	1.38909257129	0.52022897535	0.382005674239	1.08132080232	0.0	0.813806993717	0.694272595457	2.20825515708	0.920247138714	0.868137506042	0.512182039633	0.540496766554	2.02165248913	1.53646317545	1.11314402127	0.806504494925	0.425549159014	0.402033325278	2.0130037216	1.02192760754	0.459634364427	0.650808076365	0.862087612373	1.03191407443	0.871503281779	0.716072237796	0.468216800387	0.507704543258	1.18627031416	0.946210246496	0.479228110198	0.87584517158	0.488122252296	1.04108072499	0.798325224746	1.53065661672	1.41738143064	0.830605128081	0.697594987917	0.549244084099	1.17970902368	0.949678434026	1.09177549541	0.960842286129	0.977371957467	1.06088935234	0.777493368777	0.723380236829	0.732643291445	0.787020275495	0.870656756887	1.07263871435	0.940389173514	0.949179734171	0.574600106332	0.909281329145
AF4	0.791075505075	0.489688105365	2.24925550024	0.934858443693	0.307903305945	0.471204543258	0.916362803287	0.61404722088	0.774221851136	0.650968946351	0.813806993717	0.0	0.567131266312	1.93018307878	0.5228939971	0.615241764137	0.836235674239	0.814061904302	1.5998998695	1.11406549058	0.9219260174	0.782285688739	1.03523344611	0.972413049783	1.46273759787	0.689120662156	0.890647264379	0.876252450459	0.767315669406	0.735013460609	1.04171286612	0.902945901402	0.760088163364	0.725627767037	0.829566500725	0.612644944418	0.802001087482	0.594123513775	0.695167361044	0.547369101015	0.581184127598	1.19228451909	1.09177913485	0.474482696955	0.937072991783	0.867511735138	0.860712643789	0.8268519913	0.625103368777	0.677803141614	0.997697481875	0.867122735621	0.641012996617	0.669536056066	0.747317138714	0.68245482842	0.69441482842	0.849722634123	0.680280275495	0.760618250362	0.662639144514	0.806829763171
AG3	0.754912648623	0.409798927018	2.2998299565	0.878260874819	0.786929072015	0.41261442726	1.05738875302	0.493764867086	0.599409966167	0.77755479942	0.694272595457	0.567131266312	0.0	1.9653262639	0.481568463026	0.518472672789	0.54366702755	0.541661831803	1.70548756887	1.21762606573	0.893506631223	0.580478762687	0.704249284679	0.680867738038	1.62141357177	0.712959168681	0.569110884485	0.59140698405	0.658412532624	0.737595746738	0.833490048333	0.677644069599	0.566576085065	0.489038666022	1.02809880135	0.756313890768	0.738725741904	0.623947133881	0.586927887869	0.707078598357	0.489295345578	1.28207476075	1.17368172064	0.554767950701	0.844561184147	0.754667129048	1.00414126148	0.798764050266	0.827303914935	0.759954069599	0.957746524891	0.912780169164	0.607955350411	0.59032540841	0.686121986467	0.651764635089	0.492707844369	0.927381517641	0.548322493958	0.780838032866	0.411507452876	0.790340304495
AG4	1.90495960851	1.94935756404	0.364814673755	1.11383931851	1.85476955534	2.02961456259	1.5639458434	1.94118198647	2.017500232	1.75125902368	2.20825515708	1.93018307878	1.9653262639	0.0	1.81763298695	1.9492137651	2.15172735621	2.16916208313	0.943549966167	1.13749894152	1.64482507492	1.85529122281	2.06305440793	2.07300532141	1.65418625423	1.8411842436	2.05764519091	1.96626935234	1.56665037699	1.48905407443	2.12764671339	2.09472463992	1.95230838086	2.0311438956	2.23449263412	2.15880564524	2.30016697922	1.63246284195	2.21776558724	1.92998542291	2.03983772354	0.995447907202	1.08238551957	1.72079399227	2.40285188497	2.3116579072	2.33038655872	2.33217179314	2.1910739101	2.26995203963	2.44924060899	2.37663118898	2.23262100532	2.23911331561	2.27558214113	2.24772196713	1.96956528275	2.36028297728	1.95076938618	2.30244117448	2.08648087965	2.34753078299
AH3	0.799489154181	0.328902334461	2.13001526825	0.839145722571	0.633133784437	0.642022745288	0.853932527791	0.575234451426	0.73890419043	0.596985253746	0.920247138714	0.5228939971	0.481568463026	1.81763298695	0.0	0.546247119381	0.759146307395	0.765110932818	1.55431969551	1.04982888352	0.862685553407	0.72357318028	0.915311512808	0.889044746254	1.4948120203	0.738533093282	0.786896360561	0.759686766554	0.6647259739	0.662293769937	1.01734895118	0.878868182697	0.669040913485	0.654718545191	1.02791488159	0.786159579507	0.896003600773	0.495261416143	0.766517520541	0.5970559739	0.53664940551	1.06670038183	0.962328695022	0.43846539391	1.032500029	0.954093542774	1.02397152247	0.895013827936	0.834600584824	0.838834934751	1.04598122281	0.980532440793	0.763840652489	0.752621759304	0.824793165781	0.783044301595	0.571503122281	0.960856437893	0.5653019768	0.8727040116	0.641107883035	0.901891551474
AH4	0.317355316578	0.300631967134	2.26876012566	0.937245166747	0.734843243113	0.59501221363	0.908285737071	0.606826674722	0.751519449009	0.613380038666	0.868137506042	0.615241764137	0.518472672789	1.9492137651	0.546247119381	0.0	0.640643054616	0.625524896085	1.47691596907	1.06675999517	0.850190507492	0.621347143548	0.798281532141	0.742848656356	1.44478615756	0.547642474625	0.699220966651	0.635893760271	0.647259028516	0.672725161914	0.762224296762	0.619370120831	0.719047269212	0.650539255679	0.996911986467	0.768634731754	0.814538965684	0.650350826486	0.645287568874	0.50768080232	0.39126380377	1.25131277912	1.1442881102	0.588992503625	0.942222208797	0.887010560657	0.916381503142	0.816407288545	0.817743769937	0.701166800387	0.958077187047	0.866428627356	0.575122223296	0.560161048816	0.638797153214	0.604383600773	0.358789043016	0.846150894152	0.366921507975	0.757864731754	0.52152719188	0.813720691155
AA7	0.820426336394	0.63884462059	2.46253461576	1.16427840019	0.968562479459	0.575353905268	1.2356881827	0.560944364427	0.509578956017	0.909803257612	0.512182039633	0.836235674239	0.54366702755	2.15172735621	0.759146307395	0.640643054616	0.0	0.143881793137	1.8061139391	1.33769630256	0.986266041566	0.633386312228	0.455228994683	0.431669342678	1.77555605607	0.81664940551	0.355408177864	0.40931520058	0.761927467376	0.86650517158	0.657572948284	0.423968177864	0.483441981634	0.491438018366	1.2003502465	0.97713958434	0.545227452876	0.8366879942	0.479350613823	0.888564311261	0.681501184147	1.46602332528	1.35767478009	0.834582150797	0.7719059884	0.639446433059	1.09720153214	0.88506362494	1.08152835186	0.919330367327	0.899356152731	0.991923436443	0.688406428226	0.646762247463	0.668399618173	0.711896621556	0.556459917835	0.991203102948	0.621877554374	0.937009855002	0.452667230546	0.849710521991
AA8	0.800499545674	0.626796495892	2.48269109232	1.18855023683	0.930312257129	0.552228815853	1.22924050266	0.54801161914	0.547660575157	0.89903420493	0.540496766554	0.814061904302	0.541661831803	2.16916208313	0.765110932818	0.625524896085	0.143881793137	0.0	1.79449168197	1.34216140164	0.963810260996	0.616191952634	0.50213457709	0.47661181247	1.74200588207	0.790457559207	0.402262131464	0.415773649106	0.763554084099	0.876850695988	0.620482049299	0.374180913485	0.508539482842	0.476741232479	1.16889599323	0.952677278879	0.552383745771	0.835128530691	0.440474688255	0.859240294828	0.649585142581	1.49174509908	1.3776817738	0.816008757854	0.729819429676	0.617661517641	1.04941204447	0.839395964234	1.05830732238	0.874260376994	0.85744460609	0.940151222813	0.643400149831	0.599431696472	0.611906921218	0.655756278395	0.546347626873	0.949285785404	0.612964084099	0.886121652972	0.433538003867	0.809007249879
AB7	1.41963086032	1.57944064766	1.18729986467	1.01582916868	1.45134302078	1.76381663122	1.29315926051	1.76729481392	1.92730758821	1.41960332528	2.02165248913	1.5998998695	1.70548756887	0.943549966167	1.55431969551	1.47691596907	1.8061139391	1.79449168197	0.0	0.566104142098	1.48633334944	1.59069855002	1.87877507492	1.86835535524	1.06025736104	1.41597564041	1.85174516191	1.7090441131	1.33137673755	1.16980527791	1.70801035766	1.68285662639	1.84199162881	1.84750545191	1.87946956017	1.83035645239	1.98496471725	1.44655384244	1.87366271629	1.44806771387	1.60080038183	0.964208854519	1.00975950701	1.49086902368	2.12125659256	2.06308169647	1.90300248913	1.94520068632	1.81006092798	1.82370147414	2.05782867086	1.96386445143	1.782439884	1.79684898502	1.83576286612	1.79245953117	1.57417279362	1.91636618656	1.54514905752	1.86928764137	1.75933891735	1.95284972934
AB8	1.05580419526	1.09763481392	1.451370058	0.535609734171	1.03729958434	1.28043534074	0.829310633156	1.25815649106	1.43298244079	0.943289990333	1.53646317545	1.11406549058	1.21762606573	1.13749894152	1.04982888352	1.06675999517	1.33769630256	1.34216140164	0.566104142098	0.0	1.03004474142	1.1017557999	1.37500243596	1.36336694055	1.12202449009	0.960361706138	1.34385704688	1.20411899468	0.811495621073	0.664984432093	1.28263487675	1.24303708555	1.35699110198	1.35629435959	1.44489231029	1.35282896568	1.50616349444	0.945775190913	1.41421955051	1.03752294345	1.1769738811	0.6709519913	0.665410299662	0.99803161914	1.65503748671	1.57993169647	1.55657344611	1.51793518125	1.39037301595	1.42039705172	1.63831630256	1.57070815853	1.39746239246	1.38044145964	1.43056979217	1.4015880522	1.1481699855	1.54357902852	1.13134529241	1.4562317448	1.27560230546	1.51539847269
AC7	0.823010657322	0.876548264862	1.96028642823	0.893157124215	1.03390446109	0.88939257129	0.879710463992	0.861706529724	0.998755079749	0.736139932334	1.11314402127	0.9219260174	0.893506631223	1.64482507492	0.862685553407	0.850190507492	0.986266041566	0.963810260996	1.48633334944	1.03004474142	0.0	0.471701720638	0.954452638956	0.938359453842	1.40193131948	0.6757680232	0.935796810053	0.815513518608	0.546568124698	0.571141923635	0.848878284195	0.779686302562	0.913935930401	0.871680318995	1.27432723055	1.14720662156	1.16247342678	0.772025761237	1.07144450459	0.941768661189	0.936731208313	1.18362108265	1.08537082649	0.765025775737	1.13013709522	1.02178728371	1.44961317061	1.39710699855	1.23499333011	1.2365921363	1.52916652489	1.45445918318	1.10297138714	1.11699443693	1.18647056066	1.16687529725	0.890695819236	1.42882484292	0.872318434026	1.26765320928	0.941987974867	1.38600614306
AC8	0.717876679555	0.629928699855	2.17339503142	0.91112939101	0.968839734171	0.565839144514	0.975293479942	0.545034494925	0.672889125181	0.674870024166	0.806504494925	0.782285688739	0.580478762687	1.85529122281	0.72357318028	0.621347143548	0.633386312228	0.616191952634	1.59069855002	1.1017557999	0.471701720638	0.0	0.627299337844	0.618290850652	1.5264699855	0.57411457709	0.521123131948	0.397777684872	0.462440691155	0.587220454326	0.640539772837	0.492693813436	0.581689444176	0.537286244563	1.13804693088	0.869915137748	0.833741014983	0.674095833736	0.715060396327	0.794507172547	0.669935016916	1.20195049783	1.08718729821	0.675731759304	0.848549487675	0.762581957467	1.25736505075	1.04597620106	1.03504715321	0.976876708555	1.16229086515	1.16420932334	0.804397641373	0.78246778637	0.837757617206	0.862617259546	0.555768521025	1.17171420976	0.588298569357	0.964837897535	0.571978714355	1.02448906235
AD7	0.8994300145	0.831224354761	2.37823272595	1.13426928951	1.23070021266	0.681500560657	1.26982446593	0.588925384244	0.485110618656	0.962091720638	0.425549159014	1.03523344611	0.704249284679	2.06305440793	0.915311512808	0.798281532141	0.455228994683	0.50213457709	1.87877507492	1.37500243596	0.954452638956	0.627299337844	0.0	0.161289927501	1.8647141856	0.822996727888	0.326968801353	0.436550845819	0.685977535041	0.848309623006	0.705217834703	0.549698970517	0.49288701305	0.545040497825	1.37602075882	1.12295391493	0.666857675205	0.886785708072	0.660270241663	1.05230156114	0.859872305462	1.40126516675	1.29701082165	0.918335234413	0.844583692605	0.712412740454	1.34766045433	1.12169163364	1.27511119865	1.14689406477	1.14246681005	1.24790521025	0.958244915418	0.880968912518	0.880465113581	0.971556771387	0.74110641856	1.25837030933	0.805145002417	1.14291788304	0.624866568391	1.0846298695
AD8	0.888248197197	0.783755277912	2.3887538666	1.11719106815	1.16529701305	0.62445662639	1.24878492025	0.529484552924	0.455750831319	0.928635103915	0.402033325278	0.972413049783	0.680867738038	2.07300532141	0.889044746254	0.742848656356	0.431669342678	0.47661181247	1.86835535524	1.36336694055	0.938359453842	0.618290850652	0.161289927501	0.0	1.8059520783	0.771351962301	0.30477057999	0.42954818753	0.664133310778	0.822266056066	0.697536549058	0.517661126148	0.48143301595	0.521435355244	1.325889739	1.07179628323	0.62021080232	0.829278313195	0.610617394877	0.99174081682	0.798113716771	1.40077707588	1.29490605607	0.860105993233	0.789929830836	0.661935630739	1.29713993233	1.07226034316	1.21917145964	1.08724381827	1.09244949734	1.19840840019	0.901946355727	0.82867739971	0.831607259546	0.914854809087	0.735638559691	1.21051253262	0.813298177864	1.07939499275	0.568245563074	1.03114024166
AE7	1.36518903335	1.52353727405	1.89295890768	1.32032937168	1.32795548091	1.67578132914	1.22107496858	1.73777792653	1.91655605607	1.31388362494	2.0130037216	1.46273759787	1.62141357177	1.65418625423	1.4948120203	1.44478615756	1.77555605607	1.74200588207	1.06025736104	1.12202449009	1.40193131948	1.5264699855	1.8647141856	1.8059520783	0.0	1.06657734171	1.83487489609	1.69337997583	1.36734936201	1.28500356694	1.57554921701	1.58340282262	1.84224921218	1.80026891252	1.71505319478	1.73127035283	1.91287820203	1.49640843886	1.83982705655	1.35248612856	1.55469866119	1.45027129048	1.44104448526	1.46536884002	1.97553315128	1.93719296762	1.71954333011	1.82087139681	1.64462932818	1.67076469309	1.98482652489	1.80058052682	1.65511490575	1.67635607057	1.71935054132	1.65080679072	1.54804169647	1.77118053166	1.49685525375	1.7425718753	1.71116686322	1.85883502658
AE8	0.571615790237	0.625238308362	2.15589432576	0.930100768487	0.841804122765	0.717805302078	0.842456254229	0.749879995167	0.923649366844	0.581186959884	1.02192760754	0.689120662156	0.712959168681	1.8411842436	0.738533093282	0.547642474625	0.81664940551	0.790457559207	1.41597564041	0.960361706138	0.6757680232	0.57411457709	0.822996727888	0.771351962301	1.06657734171	0.0	0.824649366844	0.694979879169	0.597789642339	0.545118482359	0.719858767521	0.645898743354	0.854840821653	0.797618231029	1.10744371194	0.918233310778	0.933775969067	0.709026060899	0.870917409377	0.659499922668	0.659987264379	1.19813228613	1.09470916385	0.695768888352	1.05392582407	0.998311304978	1.12833748188	1.06863779604	0.939280347994	0.922408569357	1.2231441276	1.13544051716	0.84677778637	0.840235703238	0.88581661189	0.881328772354	0.65787301595	1.10691409377	0.648500135331	0.958002469792	0.740260512325	1.04746779604
AF7	0.867485292412	0.682557660706	2.37492236829	1.11859185597	1.07429831319	0.567937684872	1.22899578057	0.499586423393	0.407882068632	0.90705618173	0.459634364427	0.890647264379	0.569110884485	2.05764519091	0.786896360561	0.699220966651	0.355408177864	0.402262131464	1.85174516191	1.34385704688	0.935796810053	0.521123131948	0.326968801353	0.30477057999	1.83487489609	0.824649366844	0.0	0.269600062832	0.670949294345	0.81050237796	0.719036872885	0.558128042533	0.412270894152	0.442862319961	1.21861057516	0.967300202997	0.568560251329	0.772538086032	0.546353397777	0.941388699855	0.715515877235	1.39925678105	1.28247455776	0.792553218946	0.777952542291	0.651718284195	1.21570697438	0.987194702755	1.11992511358	1.00505052199	1.00698607057	1.10688721605	0.825957283712	0.761625224746	0.781883262446	0.857552977284	0.646550019333	1.11903020783	0.718432150797	0.997045321411	0.495094316095	0.942787312711
AF8	0.714804543258	0.655565369744	2.28171747221	1.0369162784	1.05135714838	0.59230619623	1.10995754471	0.513382029966	0.515676824553	0.790732435959	0.650808076365	0.876252450459	0.59140698405	1.96626935234	0.759686766554	0.635893760271	0.40931520058	0.415773649106	1.7090441131	1.20411899468	0.815513518608	0.397777684872	0.436550845819	0.42954818753	1.69337997583	0.694979879169	0.269600062832	0.0	0.581139555341	0.69674338811	0.639500879652	0.469295693572	0.480469913001	0.46843179797	1.21155534558	0.963996244563	0.679285060416	0.782516118898	0.577337172547	0.880151072982	0.700710903818	1.30526429676	1.18852291445	0.806976239729	0.835814180764	0.741046505558	1.22517663606	1.01210534074	1.09116159981	1.01156179797	1.03748492508	1.13015264379	0.827839318511	0.77955958434	0.806480299662	0.868975050749	0.545552595457	1.14092041083	0.602513499275	1.00213302078	0.50228502175	0.963807588207
AG7	0.716651599807	0.656082044466	1.88313425326	0.631091580474	0.877471764137	0.655790188497	0.855740840986	0.568146911551	0.727554939584	0.601584335428	0.862087612373	0.767315669406	0.658412532624	1.56665037699	0.6647259739	0.647259028516	0.761927467376	0.763554084099	1.33137673755	0.811495621073	0.546568124698	0.462440691155	0.685977535041	0.664133310778	1.36734936201	0.597789642339	0.670949294345	0.581139555341	0.0	0.234264847753	0.801725790237	0.685753702272	0.658133518608	0.692714050266	1.2547142436	0.968107602707	0.952552551957	0.500691130981	0.81115578057	0.80808261479	0.710484282262	0.958833286612	0.848852513291	0.514758376027	1.05635913001	0.951688516191	1.30943199613	1.14687709522	1.13341573224	1.07329807637	1.26196147414	1.2204081972	0.923620120831	0.91370041566	0.957556974384	0.967769009183	0.670111580474	1.22389186564	0.683392107298	1.09714544224	0.719485563074	1.128819768
AG8	0.686484171097	0.695108525858	1.80899989367	0.611679579507	0.833353006283	0.776561764137	0.74457301595	0.721045118415	0.896164630256	0.557096220396	1.03191407443	0.735013460609	0.737595746738	1.48905407443	0.662293769937	0.672725161914	0.86650517158	0.876850695988	1.16980527791	0.664984432093	0.571141923635	0.587220454326	0.848309623006	0.822266056066	1.28500356694	0.545118482359	0.81050237796	0.69674338811	0.234264847753	0.0	0.873786249396	0.787328013533	0.82870539391	0.821464079265	1.21501470275	1.016140087	1.03849528275	0.494911483809	0.930193726438	0.754931068149	0.763301290478	0.90524722088	0.807356094732	0.521338748188	1.16088963267	1.07273241663	1.26926070082	1.19692958917	1.11032840019	1.10563296762	1.31874936684	1.26555021266	1.00124133398	0.978727960367	1.02017990817	1.0316522523	0.74404739971	1.24718684389	0.73706041566	1.14695337361	0.81555421943	1.17215701788
AH7	0.784361034316	0.852872107298	2.43057557757	1.25729326245	1.1616217303	0.799532460126	1.18412530691	0.837106341228	0.89958560174	0.919292136298	0.871503281779	1.04171286612	0.833490048333	2.12764671339	1.01734895118	0.762224296762	0.657572948284	0.620482049299	1.70801035766	1.28263487675	0.848878284195	0.640539772837	0.705217834703	0.697536549058	1.57554921701	0.719858767521	0.719036872885	0.639500879652	0.801725790237	0.873786249396	0.0	0.293877646206	0.888467834703	0.846487535041	1.17531985017	1.01594870469	0.824639492508	0.990719927501	0.795355722571	0.973852464959	0.833114354761	1.49493934751	1.3888361769	0.991418627356	0.940874789754	0.880995582407	1.25639149348	1.06772923635	1.20608055582	1.01900354761	1.14423411793	1.16222499758	0.843695896568	0.796388332528	0.788654973417	0.85257582407	0.752838666022	1.18937303528	0.792300314161	1.00041265346	0.718052435959	1.0419262349
AH8	0.712162537458	0.706137119381	2.41028721121	1.15118444176	1.01779142098	0.620724287095	1.11179756887	0.645455219913	0.719668110198	0.795349521508	0.716072237796	0.902945901402	0.677644069599	2.09472463992	0.878868182697	0.619370120831	0.423968177864	0.374180913485	1.68285662639	1.24303708555	0.779686302562	0.492693813436	0.549698970517	0.517661126148	1.58340282262	0.645898743354	0.558128042533	0.469295693572	0.685753702272	0.787328013533	0.293877646206	0.0	0.698563296278	0.640159159014	1.14409254712	0.92903502175	0.687290729821	0.87281161914	0.601664311261	0.853280231996	0.70038020783	1.42643769937	1.31856514258	0.866971865636	0.796276302562	0.724666713388	1.14834618173	0.956430526825	1.08161277912	0.908041957467	0.985192469792	1.05685560657	0.704393919768	0.67490300145	0.686471749638	0.743611788304	0.607735480909	1.06808341228	0.647980260996	0.893432116965	0.520834470759	0.919076360561
AA5	0.908775819236	0.612899304012	2.26311246013	1.0509139826	0.954923214113	0.498401570807	1.20787165297	0.302386558724	0.243482058966	0.874728912518	0.468216800387	0.760088163364	0.566576085065	1.95230838086	0.669040913485	0.719047269212	0.483441981634	0.508539482842	1.84199162881	1.35699110198	0.913935930401	0.581689444176	0.49288701305	0.48143301595	1.84224921218	0.854840821653	0.412270894152	0.480469913001	0.658133518608	0.82870539391	0.888467834703	0.698563296278	0.0	0.268559159014	1.22543658772	0.909841507975	0.62249161914	0.632211802803	0.591254751087	0.865267713871	0.672591295312	1.23335748671	1.12888827453	0.615108714355	0.796914987917	0.645295906235	1.27072466409	1.04999754471	1.08496417593	1.02942676172	1.08542466892	1.18589112131	0.853885471242	0.808932542291	0.815331556307	0.895853605607	0.656060575157	1.19544840986	0.712853600773	1.0250420058	0.543342097632	1.01191115031
AA6	0.85003298695	0.556772489125	2.35034914451	1.06938709038	0.93254720638	0.409642556791	1.12628959401	0.321177201547	0.355990768487	0.80907861769	0.507704543258	0.725627767037	0.489038666022	2.0311438956	0.654718545191	0.650539255679	0.491438018366	0.476741232479	1.84750545191	1.35629435959	0.871680318995	0.537286244563	0.545040497825	0.521435355244	1.80026891252	0.797618231029	0.442862319961	0.46843179797	0.692714050266	0.821464079265	0.846487535041	0.640159159014	0.268559159014	0.0	1.09121914935	0.801587945868	0.565763383277	0.624174171097	0.508105277912	0.809068081199	0.566731730304	1.30950994683	1.19466557757	0.58978861769	0.596973489609	0.466283968101	1.16673186564	0.945785993233	0.960840705655	0.883754862252	0.989231657806	1.0713841131	0.720053794103	0.697844451426	0.714695277912	0.778264354761	0.603252484292	1.07393755437	0.662347095215	0.884285427743	0.456263160947	0.912130202997
AB5	1.10650810536	0.925830903818	2.54222587724	1.37990697438	0.81574537941	1.01006948768	1.20421647656	1.11443099565	1.20487014016	0.980115785404	1.18627031416	0.829566500725	1.02809880135	2.23449263412	1.02791488159	0.996911986467	1.2003502465	1.16889599323	1.87946956017	1.44489231029	1.27432723055	1.13804693088	1.37602075882	1.325889739	1.71505319478	1.10744371194	1.21861057516	1.21155534558	1.2547142436	1.21501470275	1.17531985017	1.14409254712	1.22543658772	1.09121914935	0.0	0.429319159014	0.937904920251	1.06485286612	0.961379168681	0.851911300145	0.868697162881	1.55834336394	1.47476612856	0.998515857902	0.965866993717	0.982821986467	0.826758119865	0.913451280812	0.729327153214	0.74879497825	1.06992637989	0.913814639923	0.80862378927	0.896754533591	0.941393421943	0.862577085549	1.03914470275	0.880792218463	1.02637846303	0.802443668439	1.01270040599	0.921181628806
AB6	0.961405514741	0.661853639439	2.47115059449	1.25759024166	0.746718612856	0.723438786854	1.08836859836	0.805964838086	0.913212150797	0.85304420493	0.946210246496	0.612644944418	0.756313890768	2.15880564524	0.786159579507	0.768634731754	0.97713958434	0.952677278879	1.83035645239	1.35282896568	1.14720662156	0.869915137748	1.12295391493	1.07179628323	1.73127035283	0.918233310778	0.967300202997	0.963996244563	0.968107602707	1.016140087	1.01594870469	0.92903502175	0.909841507975	0.801587945868	0.429319159014	0.0	0.713919565007	0.814475099082	0.747926399227	0.747089531174	0.633797211213	1.43963867569	1.33401507975	0.730241116481	0.761245669406	0.777597945868	0.749807612373	0.659175882069	0.54878840986	0.501618032866	0.82152057999	0.70752537941	0.603961884969	0.693841773804	0.740625466409	0.67225558724	0.768251778637	0.713201314645	0.771469685839	0.530323127115	0.782346486225	0.660771507975
AC5	1.01092703238	0.736932721121	2.61194560657	1.37392480909	0.970744499758	0.619849787337	1.28951003867	0.625683939101	0.566437332044	0.967725664572	0.479228110198	0.802001087482	0.738725741904	2.30016697922	0.896003600773	0.814538965684	0.545227452876	0.552383745771	1.98496471725	1.50616349444	1.16247342678	0.833741014983	0.666857675205	0.62021080232	1.91287820203	0.933775969067	0.568560251329	0.679285060416	0.952552551957	1.03849528275	0.824639492508	0.687290729821	0.62249161914	0.565763383277	0.937904920251	0.713919565007	0.0	0.828933939101	0.419080550991	0.919300096665	0.700969748671	1.60886907685	1.49684774287	0.828942469792	0.502382547124	0.403730763654	0.965395113581	0.731842812953	0.887097506042	0.746685891735	0.751069192847	0.83652438376	0.612354432093	0.572166384727	0.530925118415	0.623221561141	0.798672126631	0.863824794587	0.85266221363	0.73353340261	0.587777680039	0.686323320445
AC6	0.834936863219	0.574298347028	1.94758854519	0.719350589657	0.693981870469	0.622775654906	0.714841367811	0.533970473659	0.730394664089	0.523891135814	0.87584517158	0.594123513775	0.623947133881	1.63246284195	0.495261416143	0.650350826486	0.8366879942	0.835128530691	1.44655384244	0.945775190913	0.772025761237	0.674095833736	0.886785708072	0.829278313195	1.49640843886	0.709026060899	0.772538086032	0.782516118898	0.500691130981	0.494911483809	0.990719927501	0.87281161914	0.632211802803	0.624174171097	1.06485286612	0.814475099082	0.828933939101	0.0	0.799459072015	0.635861981634	0.611364789753	0.811684021266	0.698554731754	0.284708675689	1.01737890285	0.919735123248	1.12894172547	1.04940146931	0.940466544224	0.956601483809	1.18181969067	1.11913241663	0.873943547608	0.87188062349	0.912396060899	0.894043504108	0.680089932334	1.10192146931	0.677365239246	0.988740923151	0.715085268246	1.03569584824
AD6	0.832135819236	0.586146379894	2.53474877719	1.21159994683	0.839206877719	0.483291227646	1.19360284679	0.472631014983	0.552991029483	0.857458830353	0.488122252296	0.695167361044	0.586927887869	2.21776558724	0.766517520541	0.645287568874	0.479350613823	0.440474688255	1.87366271629	1.41421955051	1.07144450459	0.715060396327	0.660270241663	0.610617394877	1.83982705655	0.870917409377	0.546353397777	0.577337172547	0.81115578057	0.930193726438	0.795355722571	0.601664311261	0.591254751087	0.508105277912	0.961379168681	0.747926399227	0.419080550991	0.799459072015	0.0	0.779400985984	0.47547102465	1.52328460126	1.4090837506	0.768032464959	0.612042063799	0.51625038666	0.847112029966	0.624257332044	0.847720299662	0.654124712421	0.67476619623	0.754887573707	0.47665361044	0.410831285645	0.457402286129	0.492305002417	0.60951420493	0.754315456742	0.679133107782	0.663006800387	0.383078830353	0.607547341711
AE5	0.612764973417	0.532563170614	2.25052794587	0.957657307878	0.596305205413	0.742411894635	0.783252107298	0.73267522958	0.953945703238	0.522287849203	1.04108072499	0.547369101015	0.707078598357	1.92998542291	0.5970559739	0.50768080232	0.888564311261	0.859240294828	1.44806771387	1.03752294345	0.941768661189	0.794507172547	1.05230156114	0.99174081682	1.35248612856	0.659499922668	0.941388699855	0.880151072982	0.80808261479	0.754931068149	0.973852464959	0.853280231996	0.865267713871	0.809068081199	0.851911300145	0.747089531174	0.919300096665	0.635861981634	0.779400985984	0.0	0.376979492508	1.16349766071	1.06501549541	0.589553363944	1.08217300628	1.04101362494	0.905514939584	0.87833258579	0.799204543258	0.700870483325	1.04695631706	0.930799569841	0.663414693088	0.681227535041	0.758357307878	0.687450144998	0.559243107782	0.897171706138	0.520035833736	0.785414920251	0.720389221846	0.879881938134
AE6	0.596537225713	0.361158487192	2.3610602175	1.03314743354	0.699970033833	0.527493281779	0.913587201547	0.538155485742	0.713816515225	0.613387709038	0.798325224746	0.581184127598	0.489295345578	2.03983772354	0.53664940551	0.39126380377	0.681501184147	0.649585142581	1.60080038183	1.1769738811	0.936731208313	0.669935016916	0.859872305462	0.798113716771	1.55469866119	0.659987264379	0.715515877235	0.700710903818	0.710484282262	0.763301290478	0.833114354761	0.70038020783	0.672591295312	0.566731730304	0.868697162881	0.633797211213	0.700969748671	0.611364789753	0.47547102465	0.376979492508	0.0	1.30066885935	1.19376695505	0.532198356694	0.842768970517	0.788997448043	0.838694287095	0.69835237796	0.723850811986	0.581305442243	0.844658052199	0.766986602223	0.488638419526	0.456745693572	0.548705906235	0.489615553407	0.427235611406	0.754162450459	0.433020188497	0.633577496375	0.475413963267	0.706289154181
AF5	1.2757439101	1.23076807153	1.3013539391	0.579546955051	1.13850271145	1.32951475592	0.844976505558	1.21571000967	1.32727701305	0.979042368294	1.53065661672	1.19228451909	1.28207476075	0.995447907202	1.06670038183	1.25131277912	1.46602332528	1.49174509908	0.964208854519	0.6709519913	1.18362108265	1.20195049783	1.40126516675	1.40077707588	1.45027129048	1.19813228613	1.39925678105	1.30526429676	0.958833286612	0.90524722088	1.49493934751	1.42643769937	1.23335748671	1.30950994683	1.55834336394	1.43963867569	1.60886907685	0.811684021266	1.52328460126	1.16349766071	1.30066885935	0.0	0.174518472692	0.933872416626	1.71848554374	1.62216130014	1.69020690672	1.6503821653	1.52804230063	1.56895506525	1.78871542774	1.72536017883	1.53256269696	1.54849289029	1.59887262929	1.55580505075	1.24923037699	1.70454381827	1.23133555341	1.61253684389	1.40163199613	1.66192090382
AF6	1.17639863219	1.1196557854	1.38771980667	0.508685195747	1.05416181247	1.214050174	0.744311150314	1.10766711938	1.22445775737	0.86814179797	1.41738143064	1.09177913485	1.17368172064	1.08238551957	0.962328695022	1.1442881102	1.35767478009	1.3776817738	1.00975950701	0.665410299662	1.08537082649	1.08718729821	1.29701082165	1.29490605607	1.44104448526	1.09470916385	1.28247455776	1.18852291445	0.848852513291	0.807356094732	1.3888361769	1.31856514258	1.12888827453	1.19466557757	1.47476612856	1.33401507975	1.49684774287	0.698554731754	1.4090837506	1.06501549541	1.19376695505	0.174518472692	0.0	0.819127235379	1.60907485259	1.50828074915	1.6004722813	1.54599925568	1.4307679072	1.48405576124	1.66897415176	1.62254100048	1.41838061866	1.4367982552	1.49098284679	1.44337043499	1.13417685355	1.60348653456	1.11561354277	1.50043086032	1.28795495408	1.56094699372
AG5	0.783913204447	0.47684919768	2.03914965201	0.767389231513	0.576579642339	0.541651628806	0.760892363461	0.510906408893	0.699948405027	0.543593547608	0.830605128081	0.474482696955	0.554767950701	1.72079399227	0.43846539391	0.588992503625	0.834582150797	0.816008757854	1.49086902368	0.99803161914	0.765025775737	0.675731759304	0.918335234413	0.860105993233	1.46536884002	0.695768888352	0.792553218946	0.806976239729	0.514758376027	0.521338748188	0.991418627356	0.866971865636	0.615108714355	0.58978861769	0.998515857902	0.730241116481	0.828942469792	0.284708675689	0.768032464959	0.589553363944	0.532198356694	0.933872416626	0.819127235379	0.0	0.956914838086	0.88615961334	1.04698938618	0.962997926535	0.853417066216	0.844255282745	1.10376775737	1.02500870952	0.753006868052	0.754729473175	0.823380405993	0.776278501692	0.637520734654	1.01188481875	0.628870260996	0.886561875302	0.662833740938	0.956741652972
