	AA3	AA4	AB3	AB4	AC3	AC4	AD3	AD4	AE3	AE4	AF3	AF4	AG3	AG4	AH3	AH4	AA7	AA8	AB7	AB8	AC7	AC8	AD7	AD8	AE7	AE8	AF7	AF8	AG7	AG8	AH7	AH8	AA5	AA6	AB5	AB6	AC5	AC6	AD6	AE5	AE6	AF5	AF6	AG5	AH5	AH6	AA1	AA2	AB1	AB2	AC1	AC2	AD1	AD2	AE1	AE2	AF1	AF2	AG1	AG2	AH1	AH2
AA3	0.0	0.498977075882	2.28426545191	0.978261367811	0.882041150314	0.720276355727	0.930511633639	0.788339468342	0.838220657322	0.712784248429	0.982385693572	0.754109995167	0.681990376994	1.93795801353	0.743962856452	0.281191213146	0.818970845819	0.752165466409	1.42120086999	1.08567631706	0.80777222813	0.643128864186	0.854940507492	0.828133518608	1.40069333011	0.623926703722	0.745685983567	0.627913247946	0.704905335911	0.677615954567	0.744860768487	0.630604630256	0.833059289512	0.852862919285	1.0956621218	0.905368864186	0.911831768971	0.770825538908	0.772903204447	0.624815273079	0.56837239246	1.29125139681	1.19098520058	0.714925867569	1.09082248913	1.06466622523	0.988839594007	0.921365485742	0.914078231029	0.850915509908	1.03292624456	0.987014635089	0.654938999517	0.692614374094	0.776646234896	0.686303291445	0.506403291445	0.902211846303	0.510796979217	0.83456641856	0.653373852102	0.957934649589
AA4	0.498977075882	0.0	2.26754328178	0.91133640406	0.644886239729	0.529315084582	0.871783518608	0.534080246496	0.662992194297	0.61860722088	0.831159908168	0.460351730304	0.423218289029	1.91924426293	0.322782029966	0.286966201063	0.645519898502	0.660037660706	1.52747656356	1.07416488642	0.829575645239	0.631208675689	0.838018414693	0.801755244079	1.48692955534	0.560862445626	0.63491022233	0.612199284679	0.651503871435	0.667225364911	0.843632740454	0.688005930401	0.643412991783	0.655241744804	0.947833649106	0.709607245046	0.747332498792	0.486248936684	0.584104456259	0.564940874819	0.344992522958	1.21958926535	1.0910182552	0.432116660222	0.950288525858	0.884591362977	0.945943562107	0.803626621556	0.752704006767	0.762954093765	0.937330367327	0.904102914451	0.630568255196	0.618603678105	0.70209719188	0.614989270179	0.426172469792	0.819316829386	0.41392638956	0.734615722571	0.470916186564	0.833644021266
AB3	2.28426545191	2.26754328178	0.0	1.46765628323	2.17499929435	2.38178890285	1.88171830353	2.30435977767	2.34148416626	2.07784632673	2.55230234896	2.33151342678	2.33645956017	0.392695828903	2.15857669889	2.28577255679	2.51101333011	2.51179542291	1.24243743838	1.4658081392	2.0037578057	2.18702417593	2.42963753021	2.38305479459	1.9073321798	2.183309913	2.41129714838	2.31210089415	1.91715132914	1.83396962301	2.46149281295	2.44168399227	2.32323661189	2.39478961817	2.5759760029	2.5263919478	2.6234619188	2.0222819043	2.53016096182	2.31409358144	2.38174120831	1.30753061382	1.4116860609	2.10182362494	2.75258035283	2.68023585307	2.65915070082	2.69624741904	2.52529188014	2.62148907202	2.77958433059	2.74373588207	2.58926176414	2.61010654422	2.65493726438	2.60858909135	2.33988173514	2.65879800387	2.316749768	2.62506220396	2.39658098598	2.70595288062
AB4	0.978261367811	0.91133640406	1.46765628323	0.0	0.900734514258	1.02688482842	0.776629521508	1.02678155147	1.10460253746	0.816826302562	1.27411253262	1.0107680087	0.890626128565	1.10394961817	0.838431938134	0.928373460609	1.19657634123	1.18935121315	1.00044207347	0.536603339778	0.907434137264	0.918972319961	1.16014431126	1.11385957467	1.28573159497	0.912046283229	1.13149209763	1.02544390527	0.650064113098	0.601696732721	1.25217187047	1.15873565491	1.11135316578	1.16000132914	1.41090153697	1.28870047849	1.3695561624	0.789541754471	1.19949472209	0.994553673272	1.01958407443	0.616589449009	0.543321251812	0.835970019333	1.48795091348	1.41666665539	1.4331321363	1.39997448043	1.29910502175	1.36106610923	1.51880087482	1.49823873852	1.26500278395	1.2877362929	1.36217282262	1.29252781054	1.02722993717	1.40901033349	1.0009861769	1.3527582262	1.05204381344	1.41836028033
AC3	0.882041150314	0.644886239729	2.17499929435	0.900734514258	0.0	0.777528806187	0.838343301112	0.831822725955	0.990520521991	0.678707380377	1.06708604157	0.370210246496	0.810371082649	1.83051639923	0.661205099082	0.737520898985	0.980821459642	0.990505514741	1.41723065249	1.02653094248	1.04758471725	1.00554867086	1.24362413243	1.20310554374	1.30023586274	0.824785659739	1.0340239536	1.02704290478	0.905774586757	0.84453099565	1.18094331078	1.03129886902	1.00349621556	0.985243267279	0.866121184147	0.781608506525	0.985239299178	0.686264359594	0.835289217013	0.671373813436	0.693989705172	1.15259431609	1.03514990817	0.577949386177	1.18383107298	1.13007840503	0.856828641856	0.941148057032	0.725060831319	0.811503040116	1.06908702755	0.975385819236	0.783744702755	0.81801062349	0.896874277429	0.821790512325	0.834586761721	0.894703446109	0.814372667956	0.842273214113	0.856977767037	0.951797056549
AC4	0.720276355727	0.529315084582	2.38178890285	1.02688482842	0.777528806187	0.0	1.10236163847	0.375488003867	0.474510439826	0.835766326728	0.423252353794	0.514658859352	0.438446539391	2.03199863219	0.675839666506	0.591592856452	0.538684678589	0.546915152247	1.7664419043	1.28719677139	0.889809937168	0.627013658772	0.649644103432	0.62549298695	1.70057481875	0.708557974867	0.536577699372	0.542239743838	0.646792605123	0.753517462542	0.802163523441	0.651008931851	0.467994088932	0.435936665056	1.0242761479	0.744709453842	0.593489990333	0.61302777187	0.441630541324	0.799078888352	0.45682898985	1.35280368294	1.22985529241	0.579050488159	0.747688656356	0.667595543741	1.0588041566	0.840299676172	0.85421900435	0.856953296278	0.897551367811	0.97633040116	0.601491401643	0.674497486709	0.704492982117	0.647301367811	0.566423368777	0.955751420976	0.582346085065	0.768403615273	0.392175746738	0.82179179797
AD3	0.930511633639	0.871783518608	1.88171830353	0.776629521508	0.838343301112	1.10236163847	0.0	1.0371319623	1.24254000483	0.378106341228	1.38203084099	0.984089884002	1.05529150314	1.53379686805	0.805721314645	0.926926771387	1.26859130498	1.21280316095	1.26648714838	0.820481841469	0.883937520541	0.940908579024	1.30050469792	1.24202525858	1.20245735621	0.880511870469	1.18154854036	1.07715045916	0.892023813436	0.745151764137	1.19441717738	1.11325036733	1.22117597873	1.2114860754	1.25863204447	1.12511743354	1.29188257129	0.736893489609	1.1421158434	0.827709304012	0.920095326245	0.819996051232	0.743046355727	0.750626065732	1.43815637506	1.3923819768	1.32355762687	1.3737501305	1.118670261	1.20792540358	1.49398060416	1.41633964717	1.21724116965	1.21438360077	1.29166951667	1.19460324795	0.989684330594	1.3276541421	0.970105983567	1.21498645239	1.12247757854	1.39456539391
AD4	0.788339468342	0.534080246496	2.30435977767	1.02678155147	0.831822725955	0.375488003867	1.0371319623	0.0	0.279513755437	0.747122286129	0.50143477042	0.595451126148	0.532856205897	1.95617028033	0.618187042049	0.621838743354	0.535816036733	0.584429043016	1.79913314645	1.30604371194	0.868799951667	0.612784272595	0.568184702755	0.528198786854	1.77599328178	0.761369275012	0.502197873369	0.488273025616	0.546394441759	0.736284751087	0.873427718705	0.715768806187	0.31558742871	0.327856723055	1.0975117013	0.802495041083	0.564537539874	0.55687717738	0.467848076365	0.826166795553	0.508832817786	1.26002402127	1.12970446593	0.575867597873	0.701921686805	0.622449859836	1.13997089415	0.90438178347	0.953517602707	0.967589120348	0.928754006767	1.05343345578	0.699523426776	0.708281884969	0.730168361527	0.705266249396	0.599771643306	1.02462541808	0.604463948768	0.875384243596	0.481568332528	0.887738168197
AE3	0.838220657322	0.662992194297	2.34148416626	1.10460253746	0.990520521991	0.474510439826	1.24254000483	0.279513755437	0.0	0.94088117448	0.426246524891	0.752317883035	0.592314059932	2.00039156597	0.722125853069	0.713622242629	0.432859536008	0.528046558724	1.89493036249	1.40669759304	0.97165040116	0.685451909135	0.422438177864	0.423316756887	1.88487574674	0.866466964717	0.434115427743	0.506336370227	0.640087472209	0.851742750121	0.869621503142	0.744318695022	0.206075674239	0.308207568874	1.2138677767	0.932470256162	0.516271275979	0.684749047849	0.584263146448	0.984000666989	0.641598037699	1.33225187047	1.2088379217	0.695763479942	0.779255625906	0.663292150797	1.25670513291	1.01166163847	1.09144070565	1.08632523441	1.02527137748	1.16744016433	0.809105195747	0.829082542291	0.838797216046	0.823912010633	0.669273905268	1.14272078782	0.690190009667	0.982859439343	0.547429637506	0.990697298212
AE4	0.712784248429	0.61860722088	2.07784632673	0.816826302562	0.678707380377	0.835766326728	0.378106341228	0.747122286129	0.94088117448	0.0	1.11392066216	0.735116930884	0.812622638956	1.72817257612	0.593540724988	0.672659318511	0.975542508458	0.935089511841	1.41506873369	0.948615432576	0.718124006767	0.683913953601	1.01283562107	0.956024659256	1.30855859352	0.630859971	0.880970202997	0.773961507975	0.639169961334	0.565604881585	0.939946186564	0.838465060416	0.92562561624	0.922913547608	1.05028854519	0.90406101015	0.998425519575	0.536148907685	0.859706979217	0.617931130981	0.661838081199	0.979988627356	0.869211333978	0.520583359111	1.18837762204	1.11860967134	1.10464047849	1.14147845336	0.933142025133	1.01936710488	1.27042913968	1.20833428226	0.97647242146	0.966013711938	1.04246049783	0.959866012566	0.735472150797	1.11344236829	0.717738888352	1.02365400193	0.839198661189	1.15165538908
AF3	0.982385693572	0.831159908168	2.55230234896	1.27411253262	1.06708604157	0.423252353794	1.38203084099	0.50143477042	0.426246524891	1.11392066216	0.0	0.801082242629	0.710990144998	2.20462573707	0.953334137264	0.871030159497	0.456852556791	0.523080932818	2.03045687772	1.55339125181	1.09055148381	0.849527655872	0.419029265346	0.42099282262	1.99943750604	0.990100739488	0.518246544224	0.668562701788	0.829713030449	1.00562983567	0.859459782504	0.756806679555	0.464280526825	0.443059371677	1.16480317545	0.928284939584	0.416618255196	0.873930449493	0.495792058966	1.07998567424	0.72936260029	1.55210557757	1.43430131464	0.866614422426	0.651120778154	0.548128593523	1.19245117448	0.943515297245	1.09389079749	1.01580501208	0.961679139681	1.07650948284	0.732913905268	0.745059545674	0.76752522958	0.731511701305	0.829417684872	1.07201280329	0.861233238279	0.922163035283	0.594536858386	0.924069101015
AF4	0.754109995167	0.460351730304	2.33151342678	1.0107680087	0.370210246496	0.514658859352	0.984089884002	0.595451126148	0.752317883035	0.735116930884	0.801082242629	0.0	0.561883455776	1.9838261624	0.582454417593	0.568610459159	0.775872866119	0.806428443693	1.62914432093	1.15664926051	0.982210691155	0.800246495892	1.01081752054	0.968330947318	1.50440809087	0.643633141614	0.819419526341	0.814810666989	0.802449386177	0.785877394877	1.01287599323	0.873162899952	0.763471865636	0.745771280812	0.78666377477	0.546402329628	0.739882817786	0.618094432093	0.641482469792	0.657465983567	0.503600328661	1.28665680039	1.15577884002	0.515804233929	0.914212203963	0.84762901885	0.818593185114	0.753536051232	0.616872469792	0.642392580957	0.881884253262	0.828986505558	0.587508917351	0.632719497342	0.714228941518	0.630707254712	0.655962527791	0.759451710971	0.634931324311	0.647919178347	0.636515012083	0.755566558724
AG3	0.681990376994	0.423218289029	2.33645956017	0.890626128565	0.810371082649	0.438446539391	1.05529150314	0.532856205897	0.592314059932	0.812622638956	0.710990144998	0.561883455776	0.0	1.97176906718	0.498051657806	0.488166558724	0.529196080232	0.559929482842	1.70242014016	1.22282727405	0.911579134848	0.628167148381	0.720837747704	0.709213310778	1.61076876269	0.658965490575	0.562688211696	0.560187075882	0.63998897535	0.74167421943	0.831556829386	0.68031940551	0.584196046399	0.57116521508	1.02618240696	0.763779250846	0.713670546158	0.588114958917	0.556601846303	0.749774330594	0.431934156597	1.31371956017	1.18587235863	0.555451788304	0.887353204447	0.821942740454	0.997194340261	0.792121034316	0.842844200097	0.82647020783	0.921591304978	0.916241184147	0.59255380377	0.629260575157	0.727753876269	0.626576036733	0.449496230063	0.898076529725	0.459099236346	0.74575320928	0.381453750604	0.808675843403
AG4	1.93795801353	1.91924426293	0.392695828903	1.10394961817	1.83051639923	2.03199863219	1.53379686805	1.95617028033	2.00039156597	1.72817257612	2.20462573707	1.9838261624	1.97176906718	0.0	1.81723147414	1.93392927501	2.16964157081	2.16656501692	0.97945638956	1.12965343161	1.66165791687	1.83979164331	2.08854928951	2.04126689222	1.6326397535	1.83799874335	2.06987029	1.96631316578	1.58119142098	1.49189450942	2.13333681005	2.09638231513	1.98378839053	2.04771297728	2.24723668439	2.18220964234	2.28325583374	1.68507302562	2.18088898985	1.96686089415	2.03273889319	0.981864934751	1.07804486709	1.76236420976	2.40620853552	2.33209487192	2.31215837119	2.34768234896	2.1749401595	2.26794359594	2.43656246013	2.39852897535	2.24127016916	2.2634842581	2.31451640889	2.25996948284	1.99637738038	2.31256046399	1.97333125181	2.2729039681	2.05031708555	2.35959713871
AH3	0.743962856452	0.322782029966	2.15857669889	0.838431938134	0.661205099082	0.675839666506	0.805721314645	0.618187042049	0.722125853069	0.593540724988	0.953334137264	0.582454417593	0.498051657806	1.81723147414	0.0	0.519681822136	0.743259676172	0.794808100532	1.53331315128	1.05501203963	0.857072638956	0.737200633156	0.920601420976	0.890112150797	1.48181864186	0.681914519091	0.772878467859	0.7327560174	0.648995287579	0.656336945384	1.01004148864	0.867960169164	0.712806244563	0.747545418076	1.05030336394	0.83960338811	0.892745490575	0.450732890285	0.769716172064	0.662708472692	0.550988260029	1.08123789754	0.948346162397	0.424889884002	1.09376139198	1.0242462204	1.06066043983	0.927518260029	0.868252223296	0.900761275979	1.06270401643	1.04638005317	0.826249695505	0.806339328178	0.878581019816	0.819153765104	0.572027791203	0.953211744804	0.548491164814	0.871699676172	0.636995316578	0.967558540358
AH4	0.281191213146	0.286966201063	2.28577255679	0.928373460609	0.737520898985	0.591592856452	0.926926771387	0.621838743354	0.713622242629	0.672659318511	0.871030159497	0.568610459159	0.488166558724	1.93392927501	0.519681822136	0.0	0.670582300628	0.639818013533	1.45562727888	1.07743211213	0.855403025616	0.625954538424	0.793473112615	0.761342121798	1.44172211696	0.562973392943	0.624723441276	0.578014842919	0.651871261479	0.66380817303	0.768283069116	0.610352450459	0.712547883035	0.71532481392	0.990126278395	0.753054625423	0.785953083615	0.599455060416	0.619513122281	0.521142290962	0.392960164331	1.25870905752	1.13250811986	0.547098888352	0.980820826486	0.938182039633	0.910959139681	0.784700169164	0.813204301595	0.753116089898	0.901213629773	0.870211193813	0.574138999517	0.585383354277	0.67196722088	0.590356602223	0.353122044466	0.805539241179	0.363560836153	0.718224514258	0.51706956984	0.810811140648
AA7	0.818970845819	0.645519898502	2.51101333011	1.19657634123	0.980821459642	0.538684678589	1.26859130498	0.535816036733	0.432859536008	0.975542508458	0.456852556791	0.775872866119	0.529196080232	2.16964157081	0.743259676172	0.670582300628	0.0	0.190625814403	1.84123528275	1.38478214596	1.02709944901	0.698914886419	0.450237723538	0.463134543258	1.81968157564	0.843890570324	0.34172517158	0.463115471242	0.774026795553	0.900257317545	0.680650251329	0.503438946351	0.438317336878	0.448547501208	1.16346009183	0.939029308845	0.4654239971	0.790704523925	0.47709517158	0.944391155147	0.631464900918	1.50468718221	1.39181929435	0.789036481392	0.760758632189	0.623677999033	1.09452892218	0.852927960367	1.05089412276	0.97763138231	0.862130468826	0.983461043983	0.657197066216	0.643224108265	0.682120019333	0.658607805703	0.567088472692	0.969921648139	0.595649333011	0.898030478492	0.458789666506	0.851666616723
AA8	0.752165466409	0.660037660706	2.51179542291	1.18935121315	0.990505514741	0.546915152247	1.21280316095	0.584429043016	0.528046558724	0.935089511841	0.523080932818	0.806428443693	0.559929482842	2.16656501692	0.794808100532	0.639818013533	0.190625814403	0.0	1.80876719671	1.34877785887	0.943566510391	0.621681831803	0.464611029483	0.477611532141	1.73045147898	0.765377448043	0.336271981634	0.409942522958	0.738680352827	0.868516897052	0.577569444176	0.400249874335	0.524434712421	0.537732145964	1.17206940551	0.956997404543	0.515062638956	0.834251401643	0.484096104398	0.899523368777	0.637967950701	1.51168721605	1.39128262446	0.800231043983	0.749555050749	0.659540584824	1.12084909135	0.8728980087	1.04801707588	0.966843189947	0.87929282262	1.0017621508	0.659819594007	0.652603958434	0.689554581924	0.660170613823	0.540113658772	1.00066927018	0.566782928951	0.887657114548	0.459927902368	0.866450613823
AB7	1.42120086999	1.52747656356	1.24243743838	1.00044207347	1.41723065249	1.7664419043	1.26648714838	1.79913314645	1.89493036249	1.41506873369	2.03045687772	1.62914432093	1.70242014016	0.97945638956	1.53331315128	1.45562727888	1.84123528275	1.80876719671	0.0	0.537622851619	1.49729685839	1.57855208313	1.91046338811	1.86430347511	1.05054405027	1.43826585307	1.79041998067	1.67410926535	1.37625391977	1.17260435476	1.70402972934	1.64432907685	1.86679149831	1.90288719188	1.88021906718	1.84594052199	1.96226631706	1.46518147898	1.83340781537	1.45320515225	1.62982488159	0.998609521508	0.987196781054	1.47990938618	2.1505981392	2.09963804737	1.86033132914	1.91895394393	1.78862456259	1.81015695022	2.02431193813	1.95184218463	1.76925697922	1.78785679072	1.84248247463	1.79929927018	1.60102136781	1.85790629773	1.58564130981	1.83292151764	1.74637621073	1.94036296278
AB8	1.08567631706	1.07416488642	1.4658081392	0.536603339778	1.02653094248	1.28719677139	0.820481841469	1.30604371194	1.40669759304	0.948615432576	1.55339125181	1.15664926051	1.22282727405	1.12965343161	1.05501203963	1.07743211213	1.38478214596	1.34877785887	0.537622851619	0.0	1.04681121315	1.10629501208	1.42398693572	1.36958706138	1.13078303528	0.977117307878	1.30212707588	1.18760939101	0.870293678105	0.697369536008	1.29190362011	1.24829142581	1.38468513775	1.41784840019	1.46571137264	1.39144831319	1.48454122281	0.977404340261	1.37768523441	1.07325631706	1.1883957274	0.692246457226	0.639734238763	0.991839149348	1.68443140164	1.61936817786	1.5457838086	1.54249538424	1.38548749154	1.42937480425	1.66027368777	1.60649870469	1.42331411793	1.42549236346	1.4791479652	1.42629948284	1.18719857419	1.5290198695	1.16144324311	1.44299599807	1.26611957467	1.55502974867
AC7	0.80777222813	0.829575645239	2.0037578057	0.907434137264	1.04758471725	0.889809937168	0.883937520541	0.868799951667	0.97165040116	0.718124006767	1.09055148381	0.982210691155	0.911579134848	1.66165791687	0.857072638956	0.855403025616	1.02709944901	0.943566510391	1.49729685839	1.04681121315	0.0	0.432906689222	0.969553943934	0.914858129531	1.41379153214	0.711555886902	0.921482803287	0.779716070565	0.551254393427	0.559871043983	0.857093025616	0.803577912035	0.93387041566	0.955540647656	1.28012643306	1.13717652006	1.14257499758	0.80050237796	1.02428159014	0.982440144998	0.89920442726	1.18969678105	1.12429642339	0.75452578057	1.10720256646	1.06681635573	1.44909487675	1.3903580812	1.2182717448	1.25975542291	1.49946729821	1.4859561044	1.13841583857	1.14700067666	1.23532007733	1.12754137748	0.908947999033	1.38136039149	0.882542112131	1.23396631223	0.901624997583	1.40183096665
AC8	0.643128864186	0.631208675689	2.18702417593	0.918972319961	1.00554867086	0.627013658772	0.940908579024	0.612784272595	0.685451909135	0.683913953601	0.849527655872	0.800246495892	0.628167148381	1.83979164331	0.737200633156	0.625954538424	0.698914886419	0.621681831803	1.57855208313	1.10629501208	0.432906689222	0.0	0.680137530208	0.645933441276	1.50638762687	0.596125756404	0.541729328178	0.394257298212	0.448734905752	0.562456863219	0.620201735138	0.51294522958	0.649579801837	0.667378830353	1.13471628323	0.878975901402	0.827105853069	0.676546718221	0.713517462542	0.834528931851	0.641098298695	1.21185596907	1.12521594007	0.667245625906	0.91709182697	0.850478830353	1.27759640406	1.07234954567	1.05444310295	1.05681576124	1.17682810053	1.2002781537	0.813366578057	0.837184040599	0.925244127598	0.808336399227	0.567700555824	1.15219672789	0.557777133881	0.956987278879	0.58925820203	1.08462490575
AD7	0.854940507492	0.838018414693	2.42963753021	1.16014431126	1.24362413243	0.649644103432	1.30050469792	0.568184702755	0.422438177864	1.01283562107	0.419029265346	1.01081752054	0.720837747704	2.08854928951	0.920601420976	0.793473112615	0.450237723538	0.464611029483	1.91046338811	1.42398693572	0.969553943934	0.680137530208	0.0	0.16827358144	1.90078032383	0.850188429193	0.396187042049	0.471416201063	0.660571614306	0.866318376027	0.726180502658	0.616009052682	0.441793494442	0.507520642823	1.34986584824	1.11359788787	0.588978994683	0.876764722088	0.669832885452	1.0834957709	0.817729362011	1.43860938134	1.31425515225	0.907470096665	0.810218260029	0.712716273562	1.34642726438	1.10552526825	1.26039922185	1.20387549541	1.1084581972	1.24931093765	0.905663499275	0.888161058482	0.903890038666	0.895091851136	0.734340270662	1.23493888835	0.736269105848	1.11235640889	0.608297559207	1.08457478975
AD8	0.828133518608	0.801755244079	2.38305479459	1.11385957467	1.20310554374	0.62549298695	1.24202525858	0.528198786854	0.423316756887	0.956024659256	0.42099282262	0.968330947318	0.709213310778	2.04126689222	0.890112150797	0.761342121798	0.463134543258	0.477611532141	1.86430347511	1.36958706138	0.914858129531	0.645933441276	0.16827358144	0.0	1.81723378927	0.774865335911	0.38881301595	0.455618192363	0.606862943451	0.806472566457	0.718323334944	0.606329797003	0.448805026583	0.487348308362	1.3457821073	1.09430291445	0.59423637506	0.843912203963	0.662205480909	1.05011253262	0.787313499275	1.39473840019	1.27251097632	0.868897336878	0.813141285645	0.715101735138	1.33852720638	1.09846283229	1.23388287579	1.18279971967	1.11084175447	1.246650203	0.894165848236	0.886554291928	0.908890860319	0.895454151764	0.730622851619	1.22339884002	0.727144891252	1.09360915901	0.590918090865	1.08237900435
AE7	1.40069333011	1.48692955534	1.9073321798	1.28573159497	1.30023586274	1.70057481875	1.20245735621	1.77599328178	1.88487574674	1.30855859352	1.99943750604	1.50440809087	1.61076876269	1.6326397535	1.48181864186	1.44172211696	1.81968157564	1.73045147898	1.05054405027	1.13078303528	1.41379153214	1.50638762687	1.90078032383	1.81723378927	0.0	1.07860321411	1.77216337361	1.6521320493	1.40301453842	1.28251976317	1.57723231029	1.5623537651	1.86214957467	1.88337527308	1.74436538908	1.74943701305	1.93037824553	1.52034527791	1.79555735621	1.3232519478	1.57644490092	1.46333740938	1.42481635573	1.43896949251	2.02973655389	1.99573354277	1.69210161431	1.82970896568	1.60888945384	1.64196750604	1.97109641373	1.83188477525	1.70257760754	1.69159088449	1.76454505558	1.67865650556	1.58321821653	1.75324929435	1.56581957951	1.7133740261	1.70915892702	1.86704362977
AE8	0.623926703722	0.560862445626	2.183309913	0.912046283229	0.824785659739	0.708557974867	0.880511870469	0.761369275012	0.866466964717	0.630859971	0.990100739488	0.643633141614	0.658965490575	1.83799874335	0.681914519091	0.562973392943	0.843890570324	0.765377448043	1.43826585307	0.977117307878	0.711555886902	0.596125756404	0.850188429193	0.774865335911	1.07860321411	0.0	0.751276263896	0.666881159981	0.629457104882	0.563041865636	0.774500976317	0.694800526825	0.844300715321	0.859722489125	1.0904539971	0.912853508942	0.933824929918	0.673312126631	0.810965413243	0.657810019333	0.608453083615	1.21411534558	1.09428580474	0.589498709522	1.08801142581	1.0401178782	1.13583625423	1.07433552441	0.92592537941	0.954717051716	1.18419856452	1.16649350894	0.864372846786	0.885191594973	0.952564867086	0.860397332044	0.660931232479	1.08446758821	0.651730497825	0.939191285645	0.703149855002	1.08201503142
AF7	0.745685983567	0.63491022233	2.41129714838	1.13149209763	1.0340239536	0.536577699372	1.18154854036	0.502197873369	0.434115427743	0.880970202997	0.518246544224	0.819419526341	0.562688211696	2.06987029	0.772878467859	0.624723441276	0.34172517158	0.336271981634	1.79041998067	1.30212707588	0.921482803287	0.541729328178	0.396187042049	0.38881301595	1.77216337361	0.751276263896	0.0	0.245231643306	0.653989753504	0.787516940551	0.643374001933	0.53843679072	0.428738951184	0.454159362011	1.13293318028	0.89442041566	0.491357713871	0.725935070082	0.49591638956	0.904242861286	0.608228313195	1.42383293378	1.2966981537	0.731657921701	0.763791478975	0.66189662639	1.153339971	0.919957491542	1.03005046883	0.99411179797	0.930815775737	1.0653342291	0.706116428226	0.711862300628	0.741546341228	0.724749072015	0.545874900918	1.02872222813	0.570153363944	0.902511706138	0.429645084582	0.908667554374
AF8	0.627913247946	0.612199284679	2.31210089415	1.02544390527	1.02704290478	0.542239743838	1.07715045916	0.488273025616	0.506336370227	0.773961507975	0.668562701788	0.814810666989	0.560187075882	1.96631316578	0.7327560174	0.578014842919	0.463115471242	0.409942522958	1.67410926535	1.18760939101	0.779716070565	0.394257298212	0.471416201063	0.455618192363	1.6521320493	0.666881159981	0.245231643306	0.0	0.542955471242	0.682755611406	0.624106341228	0.487217481875	0.473603644273	0.498074697922	1.15930099565	0.915268057032	0.612660241663	0.713204035766	0.547048506525	0.863938893185	0.613236080232	1.31960140648	1.19082753504	0.717763330111	0.856764987917	0.773487931368	1.18881943451	0.965306959884	1.0414437651	1.03547661672	0.983235645239	1.11244034316	0.749814548091	0.769055693572	0.80541517158	0.77182838086	0.504392943451	1.06779525375	0.503757631706	0.940609574674	0.457461116481	0.955333707105
AG7	0.704905335911	0.651503871435	1.91715132914	0.650064113098	0.905774586757	0.646792605123	0.892023813436	0.546394441759	0.640087472209	0.639169961334	0.829713030449	0.802449386177	0.63998897535	1.58119142098	0.648995287579	0.651871261479	0.774026795553	0.738680352827	1.37625391977	0.870293678105	0.551254393427	0.448734905752	0.660571614306	0.606862943451	1.40301453842	0.629457104882	0.653989753504	0.542955471242	0.0	0.274680033833	0.790556031899	0.682517109715	0.626762595457	0.695370526825	1.27429410826	0.999631300145	0.885024403093	0.519193320445	0.777237133881	0.89513659739	0.688767742871	0.99824520058	0.87550782987	0.544636172064	1.03106637506	0.957199545674	1.34089539874	1.11531993717	1.16797273079	1.17314165781	1.21916685355	1.25055868536	0.915351237313	0.935581005317	0.988413368777	0.930066587724	0.67210358144	1.22175050266	0.647380459159	1.07615235379	0.655006447559	1.13650765104
AG8	0.677615954567	0.667225364911	1.83396962301	0.601696732721	0.84453099565	0.753517462542	0.745151764137	0.736284751087	0.851742750121	0.565604881585	1.00562983567	0.785877394877	0.74167421943	1.49189450942	0.656336945384	0.66380817303	0.900257317545	0.868516897052	1.17260435476	0.697369536008	0.559871043983	0.562456863219	0.866318376027	0.806472566457	1.28251976317	0.563041865636	0.787516940551	0.682755611406	0.274680033833	0.0	0.871024997583	0.79694618173	0.827549299178	0.860079009183	1.22235843403	1.03124949734	1.01078350894	0.499808946351	0.889820570324	0.828609690672	0.742895606573	0.936541909135	0.838876457226	0.521399666506	1.17801481875	1.10161941518	1.29765369261	1.20631911068	1.11894611406	1.15655726438	1.31678403577	1.3083961479	1.01067514741	1.02146585307	1.07441072499	1.01312642823	0.763371367811	1.22079350411	0.745826292895	1.12142292412	0.765989255679	1.2210241276
AH7	0.744860768487	0.843632740454	2.46149281295	1.25217187047	1.18094331078	0.802163523441	1.19441717738	0.873427718705	0.869621503142	0.939946186564	0.859459782504	1.01287599323	0.831556829386	2.13333681005	1.01004148864	0.768283069116	0.680650251329	0.577569444176	1.70402972934	1.29190362011	0.857093025616	0.620201735138	0.726180502658	0.718323334944	1.57723231029	0.774500976317	0.643374001933	0.624106341228	0.790556031899	0.871024997583	0.0	0.261368163364	0.881900860319	0.891891179314	1.188160058	1.01930020783	0.804860183664	0.957890850652	0.756915727405	0.96710120348	0.813272532624	1.50669359594	1.41681547124	0.939374243596	0.979624707588	0.91105160464	1.26181543258	1.04860231029	1.17275492992	1.06997950701	1.11091663122	1.1831022958	0.846117448043	0.816028144031	0.832643465442	0.784528313195	0.731662493958	1.15703178347	0.765893948768	0.999420584824	0.717617249879	1.05376518125
AH8	0.630604630256	0.688005930401	2.44168399227	1.15873565491	1.03129886902	0.651008931851	1.11325036733	0.715768806187	0.744318695022	0.838465060416	0.756806679555	0.873162899952	0.68031940551	2.09638231513	0.867960169164	0.610352450459	0.503438946351	0.400249874335	1.64432907685	1.24829142581	0.803577912035	0.51294522958	0.616009052682	0.606329797003	1.5623537651	0.694800526825	0.53843679072	0.487217481875	0.682517109715	0.79694618173	0.261368163364	0.0	0.741022943451	0.74032622523	1.14056631706	0.925067549541	0.714210734654	0.850624243596	0.596581126148	0.836327858869	0.656685886902	1.44602177864	1.33426744321	0.821192286129	0.872334098598	0.8049860029	1.1234501015	0.910931817303	1.05011475109	0.939204248429	0.968137641373	1.04461006283	0.674855577574	0.663842928951	0.707034335428	0.650981019816	0.573652145964	1.01132164814	0.601302537458	0.866179468342	0.55418677622	0.913964915418
AA5	0.833059289512	0.643412991783	2.32323661189	1.11135316578	1.00349621556	0.467994088932	1.22117597873	0.31558742871	0.206075674239	0.92562561624	0.464280526825	0.763471865636	0.584196046399	1.98378839053	0.712806244563	0.712547883035	0.438317336878	0.524434712421	1.86679149831	1.38468513775	0.93387041566	0.649579801837	0.441793494442	0.448805026583	1.86214957467	0.844300715321	0.428738951184	0.473603644273	0.626762595457	0.827549299178	0.881900860319	0.741022943451	0.0	0.231627989367	1.21413808603	0.921882247463	0.57107579507	0.650322605123	0.60131817303	0.946044615756	0.626973605607	1.29355465926	1.18098043016	0.669461135814	0.772465896568	0.651684451426	1.27859168197	1.04754149831	1.09498118415	1.10263213146	1.06508714838	1.19539682455	0.810541865636	0.843954156597	0.852103262446	0.836375118415	0.629334180764	1.1639780377	0.642080483325	0.997220671822	0.535702556791	1.03396800387
AA6	0.852862919285	0.655241744804	2.39478961817	1.16000132914	0.985243267279	0.435936665056	1.2114860754	0.327856723055	0.308207568874	0.922913547608	0.443059371677	0.745771280812	0.57116521508	2.04771297728	0.747545418076	0.71532481392	0.448547501208	0.537732145964	1.90288719188	1.41784840019	0.955540647656	0.667378830353	0.507520642823	0.487348308362	1.88337527308	0.859722489125	0.454159362011	0.498074697922	0.695370526825	0.860079009183	0.891891179314	0.74032622523	0.231627989367	0.0	1.1049262494	0.820544301595	0.490671362977	0.66478619623	0.506302547124	0.951333146448	0.58661499275	1.36113030449	1.24191524408	0.685431696472	0.611041155147	0.48160340261	1.1753981827	0.950351527308	1.00376744321	0.988994852586	0.970796152731	1.08766627356	0.712134050266	0.755580251329	0.763807162881	0.733315828903	0.624378274529	1.0469178782	0.657066249396	0.879175234413	0.520137216046	0.928643910101
AB5	1.0956621218	0.947833649106	2.5759760029	1.41090153697	0.866121184147	1.0242761479	1.25863204447	1.0975117013	1.2138677767	1.05028854519	1.16480317545	0.78666377477	1.02618240696	2.24723668439	1.05030336394	0.990126278395	1.16346009183	1.17206940551	1.88021906718	1.46571137264	1.28012643306	1.13471628323	1.34986584824	1.3457821073	1.74436538908	1.0904539971	1.13293318028	1.15930099565	1.27429410826	1.22235843403	1.188160058	1.14056631706	1.21413808603	1.1049262494	0.0	0.385808134364	0.972749850169	1.02954453842	0.930777148381	0.901935645239	0.849397713871	1.59838648139	1.48794094248	0.96798322378	0.979970575157	0.948346723055	0.773865234413	0.896656056066	0.686870686322	0.713890333494	1.01930090382	0.916755297245	0.821066544224	0.89202078782	0.959726297728	0.862472431126	1.00100950217	0.811404456259	1.02012676655	0.749524509425	1.01018190913	0.896947936201
AB6	0.905368864186	0.709607245046	2.5263919478	1.28870047849	0.781608506525	0.744709453842	1.12511743354	0.802495041083	0.932470256162	0.90406101015	0.928284939584	0.546402329628	0.763779250846	2.18220964234	0.83960338811	0.753054625423	0.939029308845	0.956997404543	1.84594052199	1.39144831319	1.13717652006	0.878975901402	1.11359788787	1.09430291445	1.74943701305	0.912853508942	0.89442041566	0.915268057032	0.999631300145	1.03124949734	1.01930020783	0.925067549541	0.921882247463	0.820544301595	0.385808134364	0.0	0.75283262929	0.783363170614	0.699644103432	0.79724221363	0.595996046399	1.48824929918	1.36667868536	0.724127133881	0.74879077332	0.709593842436	0.740513552441	0.665061909135	0.548709840503	0.541956515225	0.798092489125	0.722240686322	0.605453160947	0.690095949734	0.769309260512	0.651783977767	0.740593750604	0.66629218463	0.760827341711	0.501346331561	0.783424485259	0.66815138231
AC5	0.911831768971	0.747332498792	2.6234619188	1.3695561624	0.985239299178	0.593489990333	1.29188257129	0.564537539874	0.516271275979	0.998425519575	0.416618255196	0.739882817786	0.713670546158	2.28325583374	0.892745490575	0.785953083615	0.4654239971	0.515062638956	1.96226631706	1.48454122281	1.14257499758	0.827105853069	0.588978994683	0.59423637506	1.93037824553	0.933824929918	0.491357713871	0.612660241663	0.885024403093	1.01078350894	0.804860183664	0.714210734654	0.57107579507	0.490671362977	0.972749850169	0.75283262929	0.0	0.762771981634	0.423041430643	0.968440604157	0.633477849203	1.61715521991	1.48342633639	0.776927999033	0.559858376027	0.462908153697	1.00870436443	0.761856839053	0.943183523441	0.869587868536	0.761051759304	0.874311894635	0.572900831319	0.58592239246	0.57233102465	0.56262378927	0.725520821653	0.888004987917	0.745390526825	0.757577046883	0.568012136298	0.728609337844
AC6	0.770825538908	0.486248936684	2.0222819043	0.789541754471	0.686264359594	0.61302777187	0.736893489609	0.55687717738	0.684749047849	0.536148907685	0.873930449493	0.618094432093	0.588114958917	1.68507302562	0.450732890285	0.599455060416	0.790704523925	0.834251401643	1.46518147898	0.977404340261	0.80050237796	0.676546718221	0.876764722088	0.843912203963	1.52034527791	0.673312126631	0.725935070082	0.713204035766	0.519193320445	0.499808946351	0.957890850652	0.850624243596	0.650322605123	0.66478619623	1.02954453842	0.783363170614	0.762771981634	0.0	0.71529558724	0.701448999517	0.534046273562	0.888433233446	0.759996810053	0.279956858386	1.01525055099	0.9145100145	1.12568839053	1.00646921701	0.945865384244	0.960768443693	1.10639154181	1.09432256162	0.820461706138	0.858779313678	0.906338927018	0.830947544708	0.624892638956	1.01122489609	0.632558680522	0.910127143548	0.630837235379	1.01094633639
AD6	0.772903204447	0.584104456259	2.53016096182	1.19949472209	0.835289217013	0.441630541324	1.1421158434	0.467848076365	0.584263146448	0.859706979217	0.495792058966	0.641482469792	0.556601846303	2.18088898985	0.769716172064	0.619513122281	0.47709517158	0.484096104398	1.83340781537	1.37768523441	1.02428159014	0.713517462542	0.669832885452	0.662205480909	1.79555735621	0.810965413243	0.49591638956	0.547048506525	0.777237133881	0.889820570324	0.756915727405	0.596581126148	0.60131817303	0.506302547124	0.930777148381	0.699644103432	0.423041430643	0.71529558724	0.0	0.780033354277	0.404941928468	1.50731004833	1.3737638811	0.705023426776	0.663555853069	0.574816051232	0.870187351377	0.658280599323	0.795310454326	0.703046737554	0.684935480909	0.798193972934	0.448011551474	0.484067380377	0.512828888352	0.456746109232	0.541186147898	0.767838385694	0.581286631223	0.623224876752	0.407212039633	0.642233214113
AE5	0.624815273079	0.564940874819	2.31409358144	0.994553673272	0.671373813436	0.799078888352	0.827709304012	0.826166795553	0.984000666989	0.617931130981	1.07998567424	0.657465983567	0.749774330594	1.96686089415	0.662708472692	0.521142290962	0.944391155147	0.899523368777	1.45320515225	1.07325631706	0.982440144998	0.834528931851	1.0834957709	1.05011253262	1.3232519478	0.657810019333	0.904242861286	0.863938893185	0.89513659739	0.828609690672	0.96710120348	0.836327858869	0.946044615756	0.951333146448	0.901935645239	0.79724221363	0.968440604157	0.701448999517	0.780033354277	0.0	0.446514664089	1.23400106332	1.09881413243	0.637135495408	1.15912594007	1.12018686322	0.884412295795	0.901327544708	0.810734267762	0.754150019333	1.03130533591	0.964915099082	0.709650144998	0.720809647173	0.805879168681	0.682868907685	0.598905882069	0.862528250362	0.604810676655	0.767475050749	0.759218366361	0.927823523441
AE6	0.56837239246	0.344992522958	2.38174120831	1.01958407443	0.693989705172	0.45682898985	0.920095326245	0.508832817786	0.641598037699	0.661838081199	0.72936260029	0.503600328661	0.431934156597	2.03273889319	0.550988260029	0.392960164331	0.631464900918	0.637967950701	1.62982488159	1.1883957274	0.89920442726	0.641098298695	0.817729362011	0.787313499275	1.57644490092	0.608453083615	0.608228313195	0.613236080232	0.688767742871	0.742895606573	0.813272532624	0.656685886902	0.626973605607	0.58661499275	0.849397713871	0.595996046399	0.633477849203	0.534046273562	0.404941928468	0.446514664089	0.0	1.3216622523	1.18889467376	0.476957225713	0.824310077332	0.777746892218	0.880668158531	0.730924548091	0.699877641373	0.679603310778	0.853463576607	0.82163222813	0.498581696472	0.514579313678	0.597519478009	0.491335935234	0.400247051716	0.772911691638	0.4161559739	0.603667075882	0.426817486709	0.745729342678
AF5	1.29125139681	1.21958926535	1.30753061382	0.616589449009	1.15259431609	1.35280368294	0.819996051232	1.26002402127	1.33225187047	0.979988627356	1.55210557757	1.28665680039	1.31371956017	0.981864934751	1.08123789754	1.25870905752	1.50468718221	1.51168721605	0.998609521508	0.692246457226	1.18969678105	1.21185596907	1.43860938134	1.39473840019	1.46333740938	1.21411534558	1.42383293378	1.31960140648	0.99824520058	0.936541909135	1.50669359594	1.44602177864	1.29355465926	1.36113030449	1.59838648139	1.48824929918	1.61715521991	0.888433233446	1.50731004833	1.23400106332	1.3216622523	0.0	0.190582841953	0.998218337361	1.7502620638	1.67046729821	1.69408820686	1.69059058966	1.55201303045	1.6134339536	1.78653998067	1.77702579024	1.56351051232	1.60720873852	1.66400171097	1.59246056549	1.29802944901	1.68246070082	1.27713490092	1.61036804253	1.39012347994	1.70262060416
AF6	1.19098520058	1.0910182552	1.4116860609	0.543321251812	1.03514990817	1.22985529241	0.743046355727	1.12970446593	1.2088379217	0.869211333978	1.43430131464	1.15577884002	1.18587235863	1.07804486709	0.948346162397	1.13250811986	1.39181929435	1.39128262446	0.987196781054	0.639734238763	1.12429642339	1.12521594007	1.31425515225	1.27251097632	1.42481635573	1.09428580474	1.2966981537	1.19082753504	0.87550782987	0.838876457226	1.41681547124	1.33426744321	1.18098043016	1.24191524408	1.48794094248	1.36667868536	1.48342633639	0.759996810053	1.3737638811	1.09881413243	1.18889467376	0.190582841953	0.0	0.869504330594	1.62104948768	1.53984059932	1.58142272595	1.57104372644	1.42724523925	1.49009965684	1.65812068632	1.65126166264	1.43875717255	1.47435279845	1.52674277429	1.46000490575	1.17304043016	1.5584218898	1.14674796037	1.46796778154	1.25838491058	1.58529052199
AG5	0.714925867569	0.432116660222	2.10182362494	0.835970019333	0.577949386177	0.579050488159	0.750626065732	0.575867597873	0.695763479942	0.520583359111	0.866614422426	0.515804233929	0.555451788304	1.76236420976	0.424889884002	0.547098888352	0.789036481392	0.800231043983	1.47990938618	0.991839149348	0.75452578057	0.667245625906	0.907470096665	0.868897336878	1.43896949251	0.589498709522	0.731657921701	0.717763330111	0.544636172064	0.521399666506	0.939374243596	0.821192286129	0.669461135814	0.685431696472	0.96798322378	0.724127133881	0.776927999033	0.279956858386	0.705023426776	0.637135495408	0.476957225713	0.998218337361	0.869504330594	0.0	0.992991759304	0.921192266796	1.04645481875	0.956580613823	0.860439884002	0.870231043983	1.0759381827	1.04528343161	0.744591430643	0.799336123731	0.859957825036	0.754034900918	0.595918612856	0.957254929918	0.595208318028	0.83013662639	0.619357931368	0.972655451909
