	AA3	AA4	AB3	AB4	AC3	AC4	AD3	AD4	AE3	AE4	AF3	AF4	AG3	AG4	AH3	AH4	AA7	AA8	AB7	AB8	AC7	AC8	AD7	AD8	AE7	AE8	AF7	AF8	AG7	AG8	AH7	AH8	AA5	AA6	AB5	AB6	AC5	AC6	AD6	AE5	AE6	AF5	AF6	AG5	AH5	AH6	AA1	AA2	AB1	AB2	AC1	AC2	AD1	AD2	AE1	AE2	AF1	AF2	AG1	AG2	AH1	AH2
AA3	0.0	0.523527298212	2.24837494925	0.936474920251	0.857320546158	0.730877153214	0.866030952151	0.785159579507	0.934097075882	0.663297554374	0.940183668439	0.744532595457	0.758900691155	1.87428616723	0.761971585307	0.305067307878	0.77409719188	0.758590492992	1.41710295795	1.05084451426	0.781586027066	0.639037071049	0.886663093282	0.869903528275	1.3494881102	0.566144137264	0.782503523441	0.70158301595	0.719008873852	0.646201087482	0.754143262446	0.663943702272	0.862258675689	0.830102242629	1.06259063799	0.925866882552	0.944827346544	0.748778844853	0.812533465442	0.563593871435	0.55052139681	1.24625741904	1.10744310295	0.692925142581	1.10089701788	1.06650036249	0.998268197197	0.99771821653	0.92005781537	0.875296437893	1.10710291928	1.00668377477	0.668397085549	0.748467742871	0.807130130498	0.725960057999	0.564513784437	0.935403736104	0.540218815853	0.899111609473	0.652641623973	0.975946505558
AA4	0.523527298212	0.0	2.24381670855	0.875640091832	0.628502914451	0.584252658289	0.870680744321	0.548224818753	0.730531556307	0.576256800387	0.801297375544	0.459124552924	0.476078351861	1.86814868052	0.34130062349	0.302861855969	0.687730376994	0.674884567424	1.52289317545	1.07630460126	0.844410541324	0.636577409377	0.825486215563	0.826041894635	1.45965154181	0.614103692605	0.666916080232	0.633685935234	0.674375969067	0.673776350894	0.854729188014	0.708145074915	0.634597380377	0.632816239729	0.942944451426	0.740132025133	0.796471048816	0.484112368294	0.630449772837	0.491766428226	0.397797733204	1.17650924118	1.02751548574	0.451292701788	0.957481290478	0.903108946351	0.940829801837	0.866267631706	0.764527791203	0.785766877719	0.995090604157	0.899837742871	0.616797249879	0.674798240696	0.719368081199	0.635903972934	0.43112522958	0.847151353311	0.388232368294	0.800180782987	0.484431706138	0.838960676655
AB3	2.24837494925	2.24381670855	0.0	1.48729733204	2.17177142581	2.41200832286	1.91497767521	2.29298343161	2.37832593523	2.11153185597	2.51480523925	2.25184105848	2.36481543741	0.424908250362	2.10522570324	2.2875542436	2.46928766554	2.48502087965	1.19970111648	1.44987526825	1.95664267762	2.19794561141	2.42889674722	2.4033661624	1.90986603673	2.16291018366	2.3662040116	2.29112273079	1.89887084099	1.84453301112	2.45458198163	2.44437115998	2.29725652489	2.40132533108	2.54021427743	2.50826307878	2.63368542774	2.0249342871	2.55388378444	2.30632090382	2.38106263896	1.3155541276	1.44510516675	2.07086481875	2.74704519091	2.6847161624	2.66634503142	2.70269778637	2.54366769937	2.6394557854	2.79886682939	2.73375923635	2.57751238279	2.62841237796	2.62738446109	2.60143114065	2.32152152247	2.68250265829	2.29421351377	2.66485324795	2.40209080232	2.69282877235
AB4	0.936474920251	0.875640091832	1.48729733204	0.0	0.900325384244	1.03548465926	0.779190115998	1.00735471242	1.1720242146	0.806903359111	1.21382676655	0.907187883035	0.907984001933	1.10064168681	0.804069482842	0.936635045916	1.15182465926	1.15318103432	0.998955364911	0.540781029483	0.870790159497	0.914049333011	1.14777094732	1.13000097148	1.26223994683	0.881105688739	1.09457843403	0.991615867569	0.640677878202	0.605660473659	1.24317120348	1.14746256646	1.08633940551	1.12086672305	1.34246857419	1.2550199565	1.34101959884	0.761390294828	1.19503758821	0.953115693572	1.01344366361	0.617036022233	0.500400739488	0.777224741421	1.45719089415	1.39496772354	1.41928389077	1.40054710488	1.29141305462	1.35408043499	1.54165555824	1.46395903335	1.22599102948	1.30119741421	1.32620160947	1.25123572257	1.01433792653	1.40973164814	0.970228680522	1.36573338328	1.05366713871	1.39397405993
AC3	0.857320546158	0.628502914451	2.17177142581	0.900325384244	0.0	0.784327443209	0.823691072982	0.828292837119	1.00157638473	0.642907612373	1.08964282262	0.323965234413	0.808965567907	1.80179762687	0.70520160464	0.773924335428	1.02545264379	1.00970579024	1.42925476559	1.0233397535	1.03847384244	0.999519231513	1.22726136781	1.22145667956	1.27908855969	0.812833064282	1.05043255679	1.02679045433	0.906482034799	0.874551387144	1.17266879652	1.0435159449	1.00640190913	0.970670260996	0.821385084582	0.771301406477	1.02143740454	0.658071512808	0.858882286129	0.660934108265	0.735924688255	1.12836251812	0.998291710971	0.576918226196	1.19119677139	1.14457955534	0.8866800145	1.00232113098	0.775328656356	0.870441807637	1.12182879169	0.988659362011	0.77474160464	0.866085833736	0.894900420493	0.775847834703	0.825691904302	0.931802058966	0.788240879652	0.931945621073	0.86507760754	0.970716234896
AC4	0.730877153214	0.584252658289	2.41200832286	1.03548465926	0.784327443209	0.0	1.14117839053	0.413687781537	0.492903112615	0.811830976317	0.397310923151	0.534597056549	0.390178656356	2.03566054616	0.729191126148	0.64037497825	0.60862442726	0.560770053166	1.82501939584	1.35785232963	0.903489763171	0.613987341711	0.653389574674	0.652453247946	1.70139205897	0.769493141614	0.561373910101	0.558742663122	0.690428240696	0.776948593523	0.800797776704	0.636627805703	0.523098699855	0.414085611406	0.996459362011	0.769704258096	0.594298554857	0.617716993717	0.472495606573	0.753848240696	0.553530584824	1.37174235379	1.2269818318	0.620409294345	0.709776114065	0.635639739004	1.03427042533	0.843603760271	0.834165099082	0.821410700822	0.928174968584	0.940898946351	0.574060860319	0.65187520058	0.678288308362	0.675120710488	0.619122653456	0.923156558724	0.622475959401	0.806709149348	0.425735906235	0.842001029483
AD3	0.866030952151	0.870680744321	1.91497767521	0.779190115998	0.823691072982	1.14117839053	0.0	1.03301524891	1.33752538908	0.416121894635	1.36759661189	0.92069120348	1.11269812953	1.53977158047	0.826387805703	0.903122058966	1.22059920251	1.19909748188	1.27930920251	0.841080956984	0.86391940551	0.955149337844	1.30763897535	1.2803718608	1.1893580377	0.843654306428	1.20061489125	1.08560101498	0.915170275495	0.783107989367	1.17636450942	1.11334729821	1.22479296278	1.196939768	1.16035250362	1.10354909618	1.29599767037	0.747418390527	1.18824149831	0.812579236346	0.905412967617	0.859118134364	0.741056742388	0.741338898018	1.44127925085	1.39262372644	1.31191365877	1.40291423393	1.14757984534	1.21609877719	1.50334362494	1.38960772837	1.16615696955	1.21815951667	1.25075326245	1.16159620106	0.971360502658	1.3065017158	0.934893334944	1.27311031416	1.11968162397	1.33608715321
AD4	0.785159579507	0.548224818753	2.29298343161	1.00735471242	0.828292837119	0.413687781537	1.03301524891	0.0	0.346131126148	0.680582730788	0.505033059449	0.621317462542	0.506425480909	1.91996046883	0.638663866602	0.635531159981	0.614566283229	0.586670826486	1.80479237796	1.32536719671	0.870725268246	0.584409864669	0.586484045433	0.566618999517	1.74581464959	0.801667138714	0.494741295312	0.468260662156	0.558669487675	0.714884388594	0.843549115515	0.694743088449	0.337565717738	0.352088685355	1.08183759304	0.843961068149	0.567473866602	0.522376616723	0.4843579942	0.757530976317	0.592108680522	1.23384157081	1.08860046883	0.563281135814	0.719863576607	0.63007640406	1.1231777622	0.904158366361	0.95065038666	0.943975456742	0.955190676655	1.03628239729	0.689498482359	0.685309342678	0.699980681489	0.756595258579	0.606345447076	1.02505339778	0.604951957467	0.927979221846	0.536651865636	0.906633286612
AE3	0.934097075882	0.730531556307	2.37832593523	1.1720242146	1.00157638473	0.492903112615	1.33752538908	0.346131126148	0.0	0.984154862252	0.350620019333	0.789878284195	0.558134818753	2.01950286612	0.806886969551	0.778309797003	0.55339139681	0.544813784437	1.97587269696	1.50712395843	1.01726192363	0.7200979942	0.447329159014	0.442879995167	1.94202164814	0.99193780087	0.431358376027	0.51431722088	0.692804683422	0.895836655389	0.902414693088	0.759913963267	0.273621870469	0.323886578057	1.18544572257	0.957086684389	0.509441503142	0.738626041566	0.551512290962	0.983082092798	0.761739304012	1.36399221363	1.22881695988	0.778065389077	0.743553262446	0.62253839536	1.21241112131	0.98453037216	1.06786165781	1.04127958434	1.02470124215	1.12581869502	0.765392257129	0.770869304012	0.778136872885	0.848093866602	0.726921348478	1.12168081199	0.744453030449	1.02025907685	0.606902701788	0.994970212663
AE4	0.663297554374	0.576256800387	2.11153185597	0.806903359111	0.642907612373	0.811830976317	0.416121894635	0.680582730788	0.984154862252	0.0	1.03118236346	0.627691213146	0.813407090382	1.73491078782	0.565426732721	0.620647636539	0.902709255679	0.879923272112	1.45497178347	1.00752673755	0.751089526341	0.709637670372	0.975666979217	0.953913301112	1.33051512808	0.609165577574	0.855994881585	0.752022832286	0.66329219913	0.630018477525	0.950579840503	0.838431416143	0.87626879652	0.854678646689	0.942748830353	0.845168931851	0.968103499275	0.491430425326	0.860479845336	0.554529714838	0.611530637989	0.996176471725	0.844605268246	0.470081913968	1.14137	1.07979839053	1.05689443209	1.11690862736	0.916967810536	0.9787719913	1.23989455776	1.12715596423	0.886543513775	0.924328806187	0.964004030933	0.881630507492	0.682430758821	1.04528356211	0.637537849203	1.02575556307	0.796500048333	1.07638735621
AF3	0.940183668439	0.801297375544	2.51480523925	1.21382676655	1.08964282262	0.397310923151	1.36759661189	0.505033059449	0.350620019333	1.03118236346	0.0	0.847039695505	0.617396974384	2.1460721073	0.922291947801	0.850805872402	0.521460492992	0.473926379894	1.99844250846	1.53717341228	1.04284625423	0.781275190913	0.39410081682	0.395861773804	1.95628272112	1.00855049299	0.466638801353	0.603459492508	0.782838400193	0.939422687289	0.817009511841	0.699946326728	0.433736283229	0.416420555824	1.2028260609	1.01475432093	0.45727959884	0.806480231996	0.518985833736	0.983891894635	0.767385442243	1.49769753021	1.36205903818	0.834209033349	0.695267945868	0.58812638956	1.2213722813	0.997805732238	1.11767532624	1.03823958434	1.04047128565	1.1016977187	0.768884746254	0.771132658289	0.795895297245	0.819986839053	0.814135480909	1.08939496375	0.829497129048	1.00584690672	0.583165563074	0.995623465442
AF4	0.744532595457	0.459124552924	2.25184105848	0.907187883035	0.323965234413	0.534597056549	0.92069120348	0.621317462542	0.789878284195	0.627691213146	0.847039695505	0.0	0.587685089415	1.87756709522	0.565032029966	0.625961140648	0.866135297245	0.84069157564	1.56758905752	1.10624889319	0.923904277429	0.812978163364	1.02750749154	1.01824391493	1.44046414693	0.67766221363	0.851823088449	0.839201749638	0.781468651522	0.751139231513	1.03426866602	0.910671358144	0.792549540841	0.762999681005	0.812139956501	0.627384871919	0.805633678105	0.544907042049	0.678221904302	0.586081778637	0.58888781537	1.17644778154	1.04159344611	0.469024572257	0.968324789754	0.912036283229	0.842043489609	0.835200797487	0.66540962784	0.732479144514	0.968785490575	0.860783320445	0.622307912035	0.719558685355	0.738286843886	0.639462812953	0.67498237796	0.801082440793	0.633238651522	0.776223963267	0.688244504592	0.801277564041
AG3	0.758900691155	0.476078351861	2.36481543741	0.907984001933	0.808965567907	0.390178656356	1.11269812953	0.506425480909	0.558134818753	0.813407090382	0.617396974384	0.587685089415	0.0	1.97408517641	0.554899323345	0.561639782504	0.60026118898	0.58416882552	1.76675434026	1.30035907685	0.967769270179	0.618388724021	0.699104519091	0.724439656839	1.66810353311	0.772980362494	0.568651947801	0.558936979217	0.684289942001	0.791289463509	0.846680434993	0.698783649106	0.567548753021	0.478462237796	0.988591947801	0.770524180764	0.667025814403	0.612141101982	0.513070106332	0.721772832286	0.521286524891	1.32291936684	1.17740733204	0.628531362977	0.809711754471	0.743301101982	0.965745708072	0.764477225713	0.822963552441	0.801774876752	0.907634098598	0.891618849686	0.550806660222	0.597027158047	0.64260698405	0.626598342194	0.501260410826	0.888785190913	0.508112460126	0.789008105365	0.408047486709	0.771951469309
AG4	1.87428616723	1.86814868052	0.424908250362	1.10064168681	1.80179762687	2.03566054616	1.53977158047	1.91996046883	2.01950286612	1.73491078782	2.1460721073	1.87756709522	1.97408517641	0.0	1.73595829386	1.91212344128	2.10622052682	2.11858984534	0.923293910101	1.09455796037	1.59346125181	1.82824087965	2.06346910585	2.03767958434	1.62123679072	1.79656956017	2.00590623973	1.92187087482	1.5355179507	1.47119942484	2.11052799903	2.07564444659	1.93584102465	2.02570595457	2.18106333011	2.14081504108	2.25972153697	1.65270728371	2.17680966651	1.92946366361	2.00452921701	0.959173465442	1.0841462349	1.69662158531	2.3772401305	2.31445852586	2.28650843886	2.3256998405	2.16816911551	2.25887293862	2.4281880812	2.35648742871	2.19921858386	2.25364506525	2.26145075882	2.2236181537	1.95084438859	2.30658697438	1.91795144031	2.28796829386	2.03083111648	2.3180379507
AH3	0.761971585307	0.34130062349	2.10522570324	0.804069482842	0.70520160464	0.729191126148	0.826387805703	0.638663866602	0.806886969551	0.565426732721	0.922291947801	0.565032029966	0.554899323345	1.73595829386	0.0	0.550758728855	0.803271773804	0.818378472692	1.52763106332	1.07339548091	0.860934432093	0.748163755437	0.893638748188	0.900198757854	1.46299057999	0.74041138231	0.777308632189	0.745064857419	0.658170734654	0.654141633639	1.02850317061	0.898843262446	0.693635925568	0.744578506525	1.05784841953	0.87998477042	0.945277075882	0.471595050749	0.818718641856	0.619504084099	0.598914084099	1.03514569841	0.882989516675	0.451929023683	1.10249853069	1.04728150797	1.06909278395	1.00061167714	0.901131662639	0.955321546641	1.1204361769	1.0626522088	0.838699632673	0.879039057516	0.900364432093	0.84536078782	0.583371855969	1.01608354761	0.54268260029	0.968383929435	0.664700149831	0.971098864186
AH4	0.305067307878	0.302861855969	2.2875542436	0.936635045916	0.773924335428	0.64037497825	0.903122058966	0.635531159981	0.778309797003	0.620647636539	0.850805872402	0.625961140648	0.561639782504	1.91212344128	0.550758728855	0.0	0.637264654422	0.623134253262	1.48287504108	1.08826795553	0.854825002417	0.583384543258	0.754782687289	0.752820444659	1.44187656839	0.59778	0.620058777187	0.572357844369	0.669123228613	0.678391507975	0.763207941034	0.608920782987	0.7019820203	0.675668467859	1.00302830836	0.79780077332	0.822050285162	0.631777588207	0.659990120831	0.506005741904	0.409078061866	1.24621903335	1.09893246979	0.57713842436	0.988182885452	0.948945998067	0.956290797487	0.867851507975	0.847340473659	0.78443381827	0.990124059932	0.897736930884	0.586145118415	0.641826012566	0.698490439826	0.625658337361	0.360048641856	0.85035821653	0.342902663122	0.805954693088	0.496618289029	0.842139188014
AA7	0.77409719188	0.687730376994	2.46928766554	1.15182465926	1.02545264379	0.60862442726	1.22059920251	0.614566283229	0.55339139681	0.902709255679	0.521460492992	0.866135297245	0.60026118898	2.10622052682	0.803271773804	0.637264654422	0.0	0.166544079265	1.78408677139	1.34420161914	0.988592218463	0.636182083132	0.435553547608	0.458269690672	1.74441490092	0.830671498308	0.383708912518	0.419901058482	0.708608917351	0.847363808603	0.629348071532	0.422954736588	0.49912319478	0.529285485742	1.23406757854	1.05776505075	0.582548182697	0.83453139681	0.50026742871	0.890554262929	0.703412305462	1.45257879652	1.31238099082	0.851995036249	0.813060666989	0.717959903335	1.12563362494	0.923555746738	1.11927812953	1.0097738521	0.942357597873	1.01995971967	0.698083044949	0.684619057516	0.713264403093	0.736463233446	0.543460652489	1.01231070082	0.576498840019	0.991746065732	0.47634482842	0.916699192847
AA8	0.758590492992	0.674884567424	2.48502087965	1.15318103432	1.00970579024	0.560770053166	1.19909748188	0.586670826486	0.544813784437	0.879923272112	0.473926379894	0.84069157564	0.58416882552	2.11858984534	0.818378472692	0.623134253262	0.166544079265	0.0	1.80481973417	1.34066153214	0.941465471242	0.584499946834	0.403316930884	0.425234137264	1.72857073465	0.797753228613	0.3542319768	0.385424113098	0.705152745288	0.826146321895	0.582661894635	0.382320343161	0.495055471242	0.494987283712	1.20492925085	1.03321666989	0.53770159014	0.81996298695	0.501545814403	0.8724360029	0.690969086515	1.46979295795	1.32779939584	0.827757375544	0.757260144998	0.673977651039	1.14449531658	0.930913687772	1.10051461092	1.00409240213	0.947423465442	1.01632038666	0.693815089415	0.670197278879	0.714628472692	0.726700024166	0.573477559207	1.01219243113	0.59714760754	0.979383059449	0.447003011116	0.921168830353
AB7	1.41710295795	1.52289317545	1.19970111648	0.998955364911	1.42925476559	1.82501939584	1.27930920251	1.80479237796	1.97587269696	1.45497178347	1.99844250846	1.56758905752	1.76675434026	0.923293910101	1.52763106332	1.48287504108	1.78408677139	1.80481973417	0.0	0.523758956017	1.48140254712	1.59605317545	1.91378072499	1.89770080232	1.07122669889	1.41220440793	1.79869907685	1.71284826486	1.38176286129	1.21651142098	1.71967039633	1.69443020783	1.85833896568	1.89228058966	1.84365900918	1.83704724021	1.9812580087	1.48397714355	1.87263620106	1.48192253262	1.60646694538	1.00343263412	1.04877907202	1.46857228613	2.14478754471	2.1083059304	1.89870025133	1.98250196713	1.81855211213	1.86064530208	2.0817237506	1.97521973417	1.79672119381	1.84778390527	1.86503978734	1.80491667472	1.61350109232	1.91637814886	1.57877934751	1.88888300628	1.73505483809	1.95075692605
AB8	1.05084451426	1.07630460126	1.44987526825	0.540781029483	1.0233397535	1.35785232963	0.841080956984	1.32536719671	1.50712395843	1.00752673755	1.53717341228	1.10624889319	1.30035907685	1.09455796037	1.07339548091	1.08826795553	1.34420161914	1.34066153214	0.523758956017	0.0	1.0267282117	1.12402879652	1.44377933301	1.41700704688	1.09736655389	0.972470671822	1.32901835186	1.23968752054	0.892479468342	0.744826094732	1.28896104882	1.25457298212	1.3988678202	1.42983332044	1.44006951667	1.40220867086	1.5299457709	1.01723970517	1.4228537941	1.08449566941	1.20267876752	0.715464359594	0.698711686805	1.00834064766	1.69431120831	1.63997243596	1.56064714355	1.57544023683	1.42973188014	1.46152993233	1.68934821653	1.59835156597	1.41377353794	1.45911781537	1.47515124215	1.42450105365	1.19104910585	1.54651370227	1.1551260174	1.48914144998	1.27517561141	1.54822554857
AC7	0.781586027066	0.844410541324	1.95664267762	0.870790159497	1.03847384244	0.903489763171	0.86391940551	0.870725268246	1.01726192363	0.751089526341	1.04284625423	0.923904277429	0.967769270179	1.59346125181	0.860934432093	0.854825002417	0.988592218463	0.941465471242	1.48140254712	1.0267282117	0.0	0.454713557274	0.967037356211	0.93698820203	1.38929285162	0.706519956501	0.921446292895	0.764202740454	0.5564139826	0.510029318511	0.871334528758	0.813597539874	0.910510918318	0.920850019333	1.26962538424	1.15743182697	1.15433524891	0.750321498308	1.06305602223	0.966395480909	0.928503769937	1.1391022958	1.0369019768	0.73054762204	1.12674874819	1.07781772837	1.46075906718	1.43672971484	1.23898699372	1.30553964234	1.55477192363	1.47471380377	1.12019082649	1.17898524408	1.24163051232	1.16586990333	0.927774726921	1.39600411793	0.88979820203	1.30346814403	0.914637075882	1.41892275012
AC8	0.639037071049	0.636577409377	2.19794561141	0.914049333011	0.999519231513	0.613987341711	0.955149337844	0.584409864669	0.7200979942	0.709637670372	0.781275190913	0.812978163364	0.618388724021	1.82824087965	0.748163755437	0.583384543258	0.636182083132	0.584499946834	1.59605317545	1.12402879652	0.454713557274	0.0	0.636156771387	0.6366060029	1.5205380667	0.606865219913	0.510079521508	0.348629753504	0.450871106815	0.536860285162	0.632734504592	0.512528090865	0.612588593523	0.617481855969	1.14184727405	0.921559178347	0.81697341711	0.659832696955	0.728192141131	0.806652266796	0.678139540841	1.2010099855	1.07459646206	0.680054693088	0.889516215563	0.825818129531	1.2775578057	1.09077708555	1.05327463509	1.05917528758	1.20676662156	1.18385169164	0.807287061382	0.832672469792	0.900562107298	0.880908931851	0.571090662156	1.15274637506	0.589795374577	1.01890189464	0.562917515708	1.07879129048
AD7	0.886663093282	0.825486215563	2.42889674722	1.14777094732	1.22726136781	0.653389574674	1.30763897535	0.586484045433	0.447329159014	0.975666979217	0.39410081682	1.02750749154	0.699104519091	2.06346910585	0.893638748188	0.754782687289	0.435553547608	0.403316930884	1.91378072499	1.44377933301	0.967037356211	0.636156771387	0.0	0.129975775737	1.87468310295	0.888751648139	0.353118168197	0.436173533108	0.662795756404	0.82660977767	0.721499647173	0.582922474625	0.444213098115	0.490727298212	1.33709842919	1.14030125665	0.577334403093	0.843749130014	0.649143083615	1.01953507975	0.841316515225	1.41577912035	1.2747701885	0.888981391977	0.794718835186	0.694216631223	1.33218236829	1.10679488159	1.24761700338	1.17822166747	1.12785143548	1.2299518753	0.891229265346	0.856030188497	0.880969521508	0.947195234413	0.72782901885	1.22047419526	0.751044635089	1.15305763171	0.588820753987	1.10930244563
AD8	0.869903528275	0.826041894635	2.4033661624	1.13000097148	1.22145667956	0.652453247946	1.2803718608	0.566618999517	0.442879995167	0.953913301112	0.395861773804	1.01824391493	0.724439656839	2.03767958434	0.900198757854	0.752820444659	0.458269690672	0.425234137264	1.89770080232	1.41700704688	0.93698820203	0.6366060029	0.129975775737	0.0	1.82576580957	0.840548313195	0.369703562107	0.443324562591	0.642629550507	0.803512638956	0.704173305945	0.565694306428	0.454234567424	0.494541884969	1.35499128565	1.15314985017	0.589554741421	0.841779337844	0.653897196713	1.00630357661	0.835129217013	1.39351656839	1.25239924601	0.877722687289	0.800294494925	0.698337955534	1.33806354761	1.11693590623	1.25090592557	1.17620959401	1.14632894152	1.24194473175	0.900597288545	0.87124218463	0.894131213146	0.951999932334	0.750456723055	1.23392296278	0.771869913001	1.1498498405	0.597640463992	1.11627255679
AE7	1.3494881102	1.45965154181	1.90986603673	1.26223994683	1.27908855969	1.70139205897	1.1893580377	1.74581464959	1.94202164814	1.33051512808	1.95628272112	1.44046414693	1.66810353311	1.62123679072	1.46299057999	1.44187656839	1.74441490092	1.72857073465	1.07122669889	1.09736655389	1.38929285162	1.5205380667	1.87468310295	1.82576580957	0.0	1.00816114065	1.77656003383	1.66045551474	1.39053863702	1.30120091348	1.57241069599	1.5739759304	1.83577743838	1.84425766071	1.68157667956	1.72230693088	1.93587887869	1.4849838811	1.82315141614	1.3646159594	1.53466120348	1.4621381827	1.44802358627	1.42082027066	2.02578579507	1.98919980184	1.70533287579	1.87144762204	1.63735326245	1.68288654906	1.97931585307	1.80840537941	1.6719737796	1.7216899565	1.74863667472	1.63032329628	1.57472824553	1.74764670372	1.53671065732	1.73462609957	1.68002287095	1.81165521508
AE8	0.566144137264	0.614103692605	2.16291018366	0.881105688739	0.812833064282	0.769493141614	0.843654306428	0.801667138714	0.99193780087	0.609165577574	1.00855049299	0.67766221363	0.772980362494	1.79656956017	0.74041138231	0.59778	0.830671498308	0.797753228613	1.41220440793	0.972470671822	0.706519956501	0.606865219913	0.888751648139	0.840548313195	1.00816114065	0.0	0.821272513291	0.699593359111	0.657322977284	0.595076273562	0.753169942001	0.689309028516	0.881635157081	0.887682648623	1.09739229096	0.966297274045	0.996994451426	0.687376592557	0.899950449493	0.645432431126	0.674525756404	1.17797931368	1.04204618656	0.658234074432	1.14367518125	1.09524475109	1.14229014016	1.13506453842	0.979366215563	1.0133741276	1.24875536008	1.17512501208	0.886569188014	0.933264649589	0.963430285162	0.895548487192	0.717406157564	1.11796767037	0.677929362011	1.02790566457	0.750725113581	1.10539535041
AF7	0.782503523441	0.666916080232	2.3662040116	1.09457843403	1.05043255679	0.561373910101	1.20061489125	0.494741295312	0.431358376027	0.855994881585	0.466638801353	0.851823088449	0.568651947801	2.00590623973	0.777308632189	0.620058777187	0.383708912518	0.3542319768	1.79869907685	1.32901835186	0.921446292895	0.510079521508	0.353118168197	0.369703562107	1.77656003383	0.821272513291	0.0	0.248729874335	0.608531420976	0.751541034316	0.683761169647	0.551675142581	0.379647612373	0.416070908652	1.17081555341	0.969641309812	0.519877549541	0.723347559207	0.534485611406	0.872230937651	0.661137196713	1.3682582262	1.2355600435	0.759710724988	0.781766785887	0.675211367811	1.1837340986	0.977705935234	1.06981376994	1.03525077815	1.00192686805	1.09607798937	0.75306638956	0.757596872885	0.77784358144	0.836670744321	0.573691884969	1.08217599807	0.583596143064	1.00699667956	0.462255558241	0.979954668922
AF8	0.70158301595	0.633685935234	2.29112273079	0.991615867569	1.02679045433	0.558742663122	1.08560101498	0.468260662156	0.51431722088	0.752022832286	0.603459492508	0.839201749638	0.558936979217	1.92187087482	0.745064857419	0.572357844369	0.419901058482	0.385424113098	1.71284826486	1.23968752054	0.764202740454	0.348629753504	0.436173533108	0.443324562591	1.66045551474	0.699593359111	0.248729874335	0.0	0.522990517158	0.652563165781	0.655434543258	0.494020444659	0.451778637023	0.450687510875	1.15741119865	0.949412402127	0.617351880135	0.670523233446	0.543968564524	0.81508340261	0.64504358144	1.27688053166	1.13922345094	0.697856897052	0.806020613823	0.728916147898	1.19718728855	0.995565128081	1.05447658772	1.03253231996	1.02587063316	1.10706660706	0.753876408893	0.767609927501	0.802130923151	0.833994867086	0.54102780087	1.09061134364	0.558236892218	1.00707302078	0.473010227163	0.993541372644
AG7	0.719008873852	0.674375969067	1.89887084099	0.640677878202	0.906482034799	0.690428240696	0.915170275495	0.558669487675	0.692804683422	0.66329219913	0.782838400193	0.781468651522	0.684289942001	1.5355179507	0.658170734654	0.669123228613	0.708608917351	0.705152745288	1.38176286129	0.892479468342	0.5564139826	0.450871106815	0.662795756404	0.642629550507	1.39053863702	0.657322977284	0.608531420976	0.522990517158	0.0	0.252126539391	0.76668098115	0.675469782504	0.597548235863	0.701439719671	1.27614570807	1.0492881972	0.888328777187	0.523597907202	0.810834693088	0.846931503142	0.759830947318	0.965950488159	0.828190159497	0.537141092315	1.05577871919	0.967273808603	1.34031913001	1.14816946834	1.18278057032	1.16963590623	1.26701952634	1.25600433543	0.913715268246	0.938633813436	0.968102232963	0.975563924601	0.683887153214	1.24716451909	0.673505804737	1.14177919768	0.68526041566	1.13514045433
AG8	0.646201087482	0.673776350894	1.84453301112	0.605660473659	0.874551387144	0.776948593523	0.783107989367	0.714884388594	0.895836655389	0.630018477525	0.939422687289	0.751139231513	0.791289463509	1.47119942484	0.654141633639	0.678391507975	0.847363808603	0.826146321895	1.21651142098	0.744826094732	0.510029318511	0.536860285162	0.82660977767	0.803512638956	1.30120091348	0.595076273562	0.751541034316	0.652563165781	0.252126539391	0.0	0.856581565974	0.779114369261	0.79543260029	0.832313750604	1.24221128081	1.05537488159	0.992122247463	0.501694954084	0.910053798937	0.80445041566	0.771371599807	0.925685253746	0.809377346544	0.505163562107	1.17057754471	1.08347938134	1.32236409377	1.24580086999	1.14645583857	1.18527956501	1.36610434509	1.30156049299	0.999196075399	1.02905528758	1.06819578057	1.02053260996	0.76899879652	1.245759739	0.725562532624	1.19020014983	0.787672348961	1.22844945868
AH7	0.754143262446	0.854729188014	2.45458198163	1.24317120348	1.17266879652	0.800797776704	1.17636450942	0.843549115515	0.902414693088	0.950579840503	0.817009511841	1.03426866602	0.846680434993	2.11052799903	1.02850317061	0.763207941034	0.629348071532	0.582661894635	1.71967039633	1.28896104882	0.871334528758	0.632734504592	0.721499647173	0.704173305945	1.57241069599	0.753169942001	0.683761169647	0.655434543258	0.76668098115	0.856581565974	0.0	0.266961638473	0.872968037699	0.868161000483	1.17286869019	1.04616902368	0.822460343161	0.953312266796	0.778772687289	0.961040053166	0.828374934751	1.49232437409	1.36621875785	0.982207486709	0.978883073949	0.914784852586	1.27017311261	1.08956866119	1.15851283229	1.05959528275	1.1541861914	1.1655239246	0.844001710971	0.824998931851	0.841732271629	0.872581309812	0.765303117448	1.15428643789	0.791770130498	1.01888470275	0.698294001933	1.06853836153
AH8	0.663943702272	0.708145074915	2.44437115998	1.14746256646	1.0435159449	0.636627805703	1.11334729821	0.694743088449	0.759913963267	0.838431416143	0.699946326728	0.910671358144	0.698783649106	2.07564444659	0.898843262446	0.608920782987	0.422954736588	0.382320343161	1.69443020783	1.25457298212	0.813597539874	0.512528090865	0.582922474625	0.565694306428	1.5739759304	0.689309028516	0.551675142581	0.494020444659	0.675469782504	0.779114369261	0.266961638473	0.0	0.709619400677	0.687094857419	1.13368315611	0.966332247463	0.722737042049	0.839107776704	0.607083508942	0.845970101498	0.695118815853	1.43450918318	1.29861489609	0.863601072982	0.856833885935	0.786316476559	1.15771816336	0.969343049783	1.06122956017	0.956295248913	1.02501897535	1.05713630256	0.703244451426	0.693895930401	0.727294809087	0.746175147414	0.618080367327	1.04065485259	0.642107419043	0.915839294345	0.528056665056	0.958096761721
AA5	0.862258675689	0.634597380377	2.29725652489	1.08633940551	1.00640190913	0.523098699855	1.22479296278	0.337565717738	0.273621870469	0.87626879652	0.433736283229	0.792549540841	0.567548753021	1.93584102465	0.693635925568	0.7019820203	0.49912319478	0.495055471242	1.85833896568	1.3988678202	0.910510918318	0.612588593523	0.444213098115	0.454234567424	1.83577743838	0.881635157081	0.379647612373	0.451778637023	0.597548235863	0.79543260029	0.872968037699	0.709619400677	0.0	0.265210256162	1.22293636056	0.980831029483	0.597017341711	0.624851643306	0.607871522475	0.859643760271	0.684648434026	1.24609550507	1.11782905752	0.663573881102	0.784791962301	0.664116157564	1.28192980184	1.0652638521	1.10681892702	1.10191747221	1.10961793137	1.20019762687	0.826212503625	0.837570865152	0.846134229096	0.916770024166	0.62531081682	1.18932046883	0.640314456259	1.07703351377	0.561639855002	1.07323451909
AA6	0.830102242629	0.632816239729	2.40132533108	1.12086672305	0.970670260996	0.414085611406	1.196939768	0.352088685355	0.323886578057	0.854678646689	0.416420555824	0.762999681005	0.478462237796	2.02570595457	0.744578506525	0.675668467859	0.529285485742	0.494987283712	1.89228058966	1.42983332044	0.920850019333	0.617481855969	0.490727298212	0.494541884969	1.84425766071	0.887682648623	0.416070908652	0.450687510875	0.701439719671	0.832313750604	0.868161000483	0.687094857419	0.265210256162	0.0	1.09024932334	0.85892722088	0.495407704205	0.622480681489	0.488942957951	0.860116394393	0.630441029483	1.34926621556	1.19676516191	0.674386022233	0.573698052199	0.462755509908	1.14790201063	0.941409043016	0.971686495892	0.942077887869	0.983931638473	1.05142600773	0.673561918801	0.710000231996	0.734252440793	0.777358298695	0.6106820203	1.02605314161	0.635176109232	0.920538608023	0.506449057516	0.944913281779
AB5	1.06259063799	0.942944451426	2.54021427743	1.34246857419	0.821385084582	0.996459362011	1.16035250362	1.08183759304	1.18544572257	0.942748830353	1.2028260609	0.812139956501	0.988591947801	2.18106333011	1.05784841953	1.00302830836	1.23406757854	1.20492925085	1.84365900918	1.44006951667	1.26962538424	1.14184727405	1.33709842919	1.35499128565	1.68157667956	1.09739229096	1.17081555341	1.15741119865	1.27614570807	1.24221128081	1.17286869019	1.13368315611	1.22293636056	1.09024932334	0.0	0.398842112131	0.981422566457	1.01573897535	0.939860227163	0.866627525375	0.865630836153	1.5497199275	1.42216105848	0.967681406477	1.00086041566	0.977257380377	0.842213025616	0.974515553407	0.735746993717	0.787817776704	1.09248357177	0.948760850652	0.830386205897	0.941311256646	0.920564142098	0.859622469792	1.00829045433	0.86045537941	0.9940780087	0.837025940068	1.02473631223	0.939286239729
AB6	0.925866882552	0.740132025133	2.50826307878	1.2550199565	0.771301406477	0.769704258096	1.10354909618	0.843961068149	0.957086684389	0.845168931851	1.01475432093	0.627384871919	0.770524180764	2.14081504108	0.87998477042	0.79780077332	1.05776505075	1.03321666989	1.83704724021	1.40220867086	1.15743182697	0.921559178347	1.14030125665	1.15314985017	1.72230693088	0.966297274045	0.969641309812	0.949412402127	1.0492881972	1.05537488159	1.04616902368	0.966332247463	0.980831029483	0.85892722088	0.398842112131	0.0	0.804293330111	0.789707680039	0.770429444176	0.792212895118	0.68031420493	1.46569113581	1.32786230063	0.758892962784	0.775636457226	0.782333392943	0.730662754954	0.717915935234	0.517934122765	0.542768801353	0.8434839826	0.723333392943	0.655314359594	0.785019178347	0.764665886902	0.709904127598	0.786430758821	0.656700082165	0.776530966651	0.580788554857	0.846768622523	0.68576102465
AC5	0.944827346544	0.796471048816	2.63368542774	1.34101959884	1.02143740454	0.594298554857	1.29599767037	0.567473866602	0.509441503142	0.968103499275	0.45727959884	0.805633678105	0.667025814403	2.25972153697	0.945277075882	0.822050285162	0.582548182697	0.53770159014	1.9812580087	1.5299457709	1.15433524891	0.81697341711	0.577334403093	0.589554741421	1.93587887869	0.996994451426	0.519877549541	0.617351880135	0.888328777187	0.992122247463	0.822460343161	0.722737042049	0.597017341711	0.495407704205	0.981422566457	0.804293330111	0.0	0.767878883519	0.422839507008	0.922450004833	0.732204171097	1.60910595457	1.44989460609	0.829166621556	0.527948453359	0.420882817786	1.01775791203	0.791653228613	0.931529579507	0.841589110681	0.786836114065	0.873823968101	0.596159221846	0.569255476075	0.564663305945	0.635164668922	0.764866853552	0.875878873852	0.788313054616	0.822869908168	0.608868728855	0.771261855969
AC6	0.748778844853	0.484112368294	2.0249342871	0.761390294828	0.658071512808	0.617716993717	0.747418390527	0.522376616723	0.738626041566	0.491430425326	0.806480231996	0.544907042049	0.612141101982	1.65270728371	0.471595050749	0.631777588207	0.83453139681	0.81996298695	1.48397714355	1.01723970517	0.750321498308	0.659832696955	0.843749130014	0.841779337844	1.4849838811	0.687376592557	0.723347559207	0.670523233446	0.523597907202	0.501694954084	0.953312266796	0.839107776704	0.624851643306	0.622480681489	1.01573897535	0.789707680039	0.767878883519	0.0	0.738037336878	0.632014465926	0.555408274529	0.881861474142	0.729567196713	0.268162150797	0.982626283229	0.894649917835	1.10931450459	1.03894534558	0.917551372644	0.947109956501	1.14726022716	1.07981651039	0.799363963267	0.857668936684	0.88761337361	0.842781029483	0.613945708072	1.01779579507	0.57649839536	0.96722698405	0.644277568874	1.01792507975
AD6	0.812533465442	0.630449772837	2.55388378444	1.19503758821	0.858882286129	0.472495606573	1.18824149831	0.4843579942	0.551512290962	0.860479845336	0.518985833736	0.678221904302	0.513070106332	2.17680966651	0.818718641856	0.659990120831	0.50026742871	0.501545814403	1.87263620106	1.4228537941	1.06305602223	0.728192141131	0.649143083615	0.653897196713	1.82315141614	0.899950449493	0.534485611406	0.543968564524	0.810834693088	0.910053798937	0.778772687289	0.607083508942	0.607871522475	0.488942957951	0.939860227163	0.770429444176	0.422839507008	0.738037336878	0.0	0.751754741421	0.487195799903	1.51129321411	1.36706592557	0.776544504592	0.632776022233	0.538564248429	0.865495543741	0.654737095215	0.832104581924	0.701828801353	0.704654915418	0.769228840019	0.451598342194	0.442325036249	0.475063441276	0.512846031899	0.585545403577	0.749279424843	0.594829855002	0.679758675689	0.423536694055	0.658629067182
AE5	0.563593871435	0.491766428226	2.30632090382	0.953115693572	0.660934108265	0.753848240696	0.812579236346	0.757530976317	0.983082092798	0.554529714838	0.983891894635	0.586081778637	0.721772832286	1.92946366361	0.619504084099	0.506005741904	0.890554262929	0.8724360029	1.48192253262	1.08449566941	0.966395480909	0.806652266796	1.01953507975	1.00630357661	1.3646159594	0.645432431126	0.872230937651	0.81508340261	0.846931503142	0.80445041566	0.961040053166	0.845970101498	0.859643760271	0.860116394393	0.866627525375	0.792212895118	0.922450004833	0.632014465926	0.751754741421	0.0	0.319163881102	1.20795730304	1.05958227163	0.564793330111	1.12249428226	1.08303757854	0.883368458192	0.901084132431	0.823757902368	0.757867747704	1.02548750121	0.919375384244	0.641884519091	0.713185152247	0.748801710971	0.650546698888	0.552882194297	0.850147457709	0.515037974867	0.796668071532	0.673000918318	0.867183566941
AE6	0.55052139681	0.397797733204	2.38106263896	1.01344366361	0.735924688255	0.553530584824	0.905412967617	0.592108680522	0.761739304012	0.611530637989	0.767385442243	0.58888781537	0.521286524891	2.00452921701	0.598914084099	0.409078061866	0.703412305462	0.690969086515	1.60646694538	1.20267876752	0.928503769937	0.678139540841	0.841316515225	0.835129217013	1.53466120348	0.674525756404	0.661137196713	0.64504358144	0.759830947318	0.771371599807	0.828374934751	0.695118815853	0.684648434026	0.630441029483	0.865630836153	0.68031420493	0.732204171097	0.555408274529	0.487195799903	0.319163881102	0.0	1.30599602223	1.157690261	0.54132062349	0.883474596423	0.841483141614	0.848423542774	0.753985451909	0.723129487675	0.653475369744	0.886088366361	0.803362542291	0.487108593523	0.537438777187	0.584143397777	0.534858032866	0.42833517158	0.738372672789	0.390428322861	0.674898458192	0.46010717738	0.747116022233
AF5	1.24625741904	1.17650924118	1.3155541276	0.617036022233	1.12836251812	1.37174235379	0.859118134364	1.23384157081	1.36399221363	0.996176471725	1.49769753021	1.17644778154	1.32291936684	0.959173465442	1.03514569841	1.24621903335	1.45257879652	1.46979295795	1.00343263412	0.715464359594	1.1391022958	1.2010099855	1.41577912035	1.39351656839	1.4621381827	1.17797931368	1.3682582262	1.27688053166	0.965950488159	0.925685253746	1.49232437409	1.43450918318	1.24609550507	1.34926621556	1.5497199275	1.46569113581	1.60910595457	0.881861474142	1.51129321411	1.20795730304	1.30599602223	0.0	0.204367858869	0.942746331561	1.72777393427	1.66793938618	1.69994403093	1.68544105848	1.57429442243	1.63980119381	1.81589421943	1.76813428226	1.53042574674	1.60173799903	1.61995922668	1.56923526341	1.25851636539	1.70981294828	1.22991717255	1.65817661672	1.37969620106	1.69137605607
AF6	1.10744310295	1.02751548574	1.44510516675	0.500400739488	0.998291710971	1.2269818318	0.741056742388	1.08860046883	1.22881695988	0.844605268246	1.36205903818	1.04159344611	1.17740733204	1.0841462349	0.882989516675	1.09893246979	1.31238099082	1.32779939584	1.04877907202	0.698711686805	1.0369019768	1.07459646206	1.2747701885	1.25239924601	1.44802358627	1.04204618656	1.2355600435	1.13922345094	0.828190159497	0.809377346544	1.36621875785	1.29861489609	1.11782905752	1.19676516191	1.42216105848	1.32786230063	1.44989460609	0.729567196713	1.36706592557	1.05958227163	1.157690261	0.204367858869	0.0	0.797356636056	1.57956012083	1.51420658772	1.56208905752	1.54646002417	1.43689615273	1.50156830836	1.66160860319	1.62821875785	1.38333698888	1.45425949734	1.47003014983	1.42131418076	1.10981143548	1.56935350894	1.08165700822	1.52187120348	1.23567687772	1.54484710488
AG5	0.692925142581	0.451292701788	2.07086481875	0.777224741421	0.576918226196	0.620409294345	0.741338898018	0.563281135814	0.778065389077	0.470081913968	0.834209033349	0.469024572257	0.628531362977	1.69662158531	0.451929023683	0.57713842436	0.851995036249	0.827757375544	1.46857228613	1.00834064766	0.73054762204	0.680054693088	0.888981391977	0.877722687289	1.42082027066	0.658234074432	0.759710724988	0.697856897052	0.537141092315	0.505163562107	0.982207486709	0.863601072982	0.663573881102	0.674386022233	0.967681406477	0.758892962784	0.829166621556	0.268162150797	0.776544504592	0.564793330111	0.54132062349	0.942746331561	0.797356636056	0.0	0.999050734654	0.945577781537	1.04893520541	1.02364623973	0.865837660706	0.916977752537	1.13878471725	1.04721583857	0.760925321411	0.832108390527	0.875506370227	0.787342290962	0.606601536974	0.989566162397	0.570102518125	0.947390265829	0.662545770904	0.986422300628
