	AA3	AA4	AB3	AB4	AC3	AC4	AD3	AD4	AE3	AE4	AF3	AF4	AG3	AG4	AH3	AH4	AA7	AA8	AB7	AB8	AC7	AC8	AD7	AD8	AE7	AE8	AF7	AF8	AG7	AG8	AH7	AH8	AA5	AA6	AB5	AB6	AC5	AC6	AD6	AE5	AE6	AF5	AF6	AG5	AH5	AH6	AA1	AA2	AB1	AB2	AC1	AC2	AD1	AD2	AE1	AE2	AF1	AF2	AG1	AG2	AH1	AH2
AA3	0.0	0.542604678589	2.21507320928	0.944172290962	0.823886442726	0.757099159014	0.871195345578	0.741429937168	0.917498835186	0.692768308362	0.965740444659	0.708931652972	0.731181198647	1.85833481392	0.759810898985	0.281535534074	0.81110858869	0.767903354277	1.43041458192	1.03545337361	0.776213363944	0.654246259062	0.903504528758	0.91012640406	1.34199267279	0.576155210246	0.83896659739	0.682645949734	0.714683392943	0.639096360561	0.774963794103	0.660428279362	0.849296578057	0.873920695988	1.08128510875	0.909219966167	0.938613098115	0.757840468826	0.778743441276	0.575819917835	0.576022290962	1.22715645239	1.15517084582	0.702089125181	1.12609869019	1.10383134364	0.983556602223	0.948730256162	0.991508158531	0.895514876752	1.0863140841	0.980965635573	0.632890449493	0.764010164331	0.75828117448	0.688670483325	0.545500478492	0.910512315128	0.511428815853	0.936170865152	0.66361240696	0.921527124215
AA4	0.542604678589	0.0	2.22889114065	0.883350483325	0.609634736588	0.560341053649	0.874228385694	0.51984500725	0.704250202997	0.565591807637	0.816502619623	0.425376524891	0.448904552924	1.87368791203	0.286895364911	0.316318849686	0.679753006283	0.695366592557	1.54557428226	1.03298558241	0.84094380377	0.657088144031	0.840066800387	0.832228385694	1.47054817786	0.603373073949	0.710996959884	0.606507254712	0.615782967617	0.688747109715	0.885468463026	0.698371855969	0.618581478975	0.640329540841	0.913644519091	0.670940256162	0.766365944901	0.525280952151	0.613982155631	0.468845485742	0.406240106332	1.17165840503	1.04920197197	0.440952286129	0.953553876269	0.880300188497	0.944515954567	0.807236684389	0.764196645723	0.73869679072	0.970557129048	0.871802832286	0.588010275495	0.694630096665	0.675318477525	0.623963233446	0.437365930401	0.825113697438	0.445781981634	0.81472760754	0.489270918318	0.766413948768
AB3	2.21507320928	2.22889114065	0.0	1.45390818753	2.20243344611	2.37632275012	1.89788203963	2.33583643789	2.34409712905	2.11565085549	2.5227882117	2.2829279942	2.34884844369	0.389902126631	2.15183608507	2.25732861769	2.46109318511	2.51073524891	1.1521322668	1.46533565007	1.96974010633	2.18771550507	2.415099942	2.39990785887	1.90788075882	2.17649290478	2.36855239246	2.29907491542	1.91867122765	1.79264369261	2.44351377477	2.39676849686	2.30217169164	2.36569788787	2.53169559207	2.44910674722	2.61902573707	1.99344274529	2.51318675205	2.29432167231	2.38688591107	1.31670413243	1.42692193813	2.09314101982	2.73198489125	2.64928376994	2.68417412276	2.67796462542	2.5682718173	2.59390503142	2.78588181247	2.70797850652	2.54472602707	2.62633882069	2.5909498115	2.58719917835	2.31593450942	2.66774768004	2.32188551474	2.65456329145	2.40282795553	2.66001874819
AB4	0.944172290962	0.883350483325	1.45390818753	0.0	0.938426863219	1.04632290478	0.790900589657	1.02310672305	1.14276693088	0.831397090382	1.22959922185	0.967769444176	0.923287834703	1.08709057516	0.859394731754	0.903883533108	1.16041132914	1.20594146448	1.01028444659	0.489251242146	0.904785770904	0.934340599323	1.14556532624	1.14292326728	1.29840240213	0.908718994683	1.11955682939	1.0110499855	0.674910753987	0.603686669889	1.26241745771	1.12446540358	1.07824945868	1.11563747221	1.35305313678	1.19870729821	1.34557677622	0.735878472692	1.18015717255	0.964253020783	1.04783867086	0.588998477525	0.507620478492	0.796747583374	1.46347482842	1.4004458289	1.46127819236	1.40314491542	1.33304685839	1.31217525858	1.54319089899	1.44654894635	1.21144832769	1.3174520348	1.29545184147	1.27220848719	1.01414959884	1.40860418076	1.01425300628	1.37316907202	1.07995353311	1.37041234896
AC3	0.823886442726	0.609634736588	2.20243344611	0.938426863219	0.0	0.712196350894	0.899449038183	0.842861464476	0.952360396327	0.65178019333	1.07117671822	0.298924639923	0.75225157564	1.85073284679	0.629551986467	0.699053102948	0.988233359111	0.987223262446	1.4779820493	1.04778460126	1.04696082165	0.993935070082	1.21757125181	1.21774142098	1.32022222813	0.798423566941	1.07001672305	0.982027162881	0.866917752537	0.891718231029	1.16393563074	0.996998927018	0.948379299178	0.956877626873	0.784510333494	0.683192701788	0.927367322378	0.725516133398	0.861615316578	0.603410526825	0.712964325761	1.18804576607	1.09556143548	0.601695751571	1.1178357274	1.07352572257	0.845189009183	0.898474166264	0.749051672305	0.752730898985	1.05457859352	0.897292696955	0.706676147898	0.801228197197	0.787947143548	0.770019574674	0.795242145964	0.829478032866	0.776999444176	0.854044973417	0.820231831803	0.870117723538
AC4	0.757099159014	0.560341053649	2.37632275012	1.04632290478	0.712196350894	0.0	1.09358693572	0.341142271629	0.47511619623	0.7905280087	0.424095969067	0.463193296278	0.418604282262	2.02444052682	0.654962189464	0.607093465442	0.535734436926	0.563848061866	1.80505482359	1.27506230546	0.895665041083	0.595366075399	0.66771838086	0.668192252296	1.69418795553	0.747126143064	0.579968240696	0.505514475592	0.654827733204	0.783409323345	0.800434688255	0.614979250846	0.460976723055	0.423590990817	0.95655462059	0.698997230546	0.542775427743	0.593800439826	0.406075582407	0.698411459642	0.49139540841	1.33388951184	1.21072583857	0.552687617206	0.708139618173	0.643501696472	1.0228519333	0.80605720638	0.805785065249	0.774414567424	0.908417757371	0.895838153697	0.558583779604	0.646944538424	0.640525949734	0.629815326245	0.570288289029	0.888568535524	0.600578124698	0.777714209763	0.398973702272	0.76070918318
AD3	0.871195345578	0.874228385694	1.89788203963	0.790900589657	0.899449038183	1.09358693572	0.0	1.02737042533	1.2878437796	0.418970169164	1.36578949734	0.937603905268	1.0987138666	1.54141845336	0.851751039149	0.897566616723	1.21988903818	1.2153421218	1.32247688739	0.859700889319	0.839850729821	0.953999023683	1.29596987917	1.28894365394	1.22217466892	0.868364291928	1.21552737554	1.07985433543	0.878009932334	0.754331367811	1.17654558724	1.08739679072	1.18786163847	1.16118588207	1.19221311745	1.0505219043	1.26431504592	0.709860376994	1.15036967134	0.839476549058	0.924757211213	0.857836640889	0.787581300145	0.74499340261	1.42846478492	1.37573017883	1.36578994683	1.34548888835	1.22603760754	1.20073116965	1.51946240213	1.39589488159	1.12949909618	1.23121196713	1.21751744804	1.1708922378	0.987787452876	1.32516752537	0.977580053166	1.29064545674	1.11504927018	1.34085334461
AD4	0.741429937168	0.51984500725	2.33583643789	1.02310672305	0.842861464476	0.341142271629	1.02737042533	0.0	0.301351150314	0.712219995167	0.446857544708	0.614044944418	0.475387636539	1.98668154181	0.621381329145	0.592352827453	0.486595277912	0.52344520058	1.8253142726	1.29089382794	0.883031043983	0.573276544224	0.518205485742	0.509943533108	1.75679039149	0.780999724505	0.457363977767	0.386073044949	0.606020183664	0.766116718221	0.802791092315	0.614801290478	0.291095282745	0.343374393427	1.04485710488	0.778634195263	0.529111039149	0.570318332528	0.411305384244	0.722315326245	0.479919255679	1.28704839053	1.15980893185	0.570433446109	0.682238535524	0.594501860802	1.10708028516	0.870886447559	0.921535659739	0.896587694538	0.928976365394	0.987618163364	0.668458211696	0.699914233929	0.670916631223	0.689781638473	0.521435654906	0.977391000483	0.583362329628	0.886649270179	0.433759241179	0.820523334944
AE3	0.917498835186	0.704250202997	2.34409712905	1.14276693088	0.952360396327	0.47511619623	1.2878437796	0.301351150314	0.0	0.969190671822	0.381825553407	0.732471329145	0.590220700822	2.00621233446	0.753207462542	0.782360420493	0.508327752537	0.59110939101	1.97009270179	1.43651920735	1.01484016433	0.709008496858	0.480252160464	0.461866959884	1.92648125181	0.955239246013	0.44457457709	0.507872750121	0.731806636056	0.919790681489	0.921706921218	0.746104639923	0.247202276462	0.358455770904	1.16937185114	0.901259052682	0.534098332528	0.751911715805	0.540991449976	0.93627219913	0.704904654422	1.34147320928	1.22650860802	0.75026939101	0.741872991783	0.585701179314	1.2360338231	0.983825998067	1.06650744804	1.02996534074	1.02398066216	1.10108276945	0.796293934268	0.827528738521	0.782267288545	0.816967124215	0.694725674239	1.10981817786	0.75477118898	1.00830156114	0.590090468826	0.930555345578
AE4	0.692768308362	0.565591807637	2.11565085549	0.831397090382	0.65178019333	0.7905280087	0.418970169164	0.712219995167	0.969190671822	0.0	1.05810597873	0.647654702755	0.811436679555	1.75803748671	0.583738192363	0.596301880135	0.919619710005	0.899242208797	1.46343343644	0.959590758821	0.795504301595	0.739779932334	1.00297450942	1.00348751087	1.32353166264	0.609834925085	0.903692131464	0.77642157564	0.644456244563	0.669727733204	0.950709550507	0.822226747221	0.880732455292	0.854466529725	0.92079297245	0.771472054132	0.934182914451	0.479226495892	0.829879666506	0.528473040116	0.600375712905	1.00883941518	0.880583301112	0.470619453842	1.1211121798	1.07333947801	1.06335334944	1.03849961817	0.941049362011	0.909026133398	1.20900920735	1.08757788787	0.818089768004	0.908745248913	0.89817778637	0.851541420976	0.673765239246	1.01793735621	0.659601638473	0.99452261479	0.798587104882	1.02514297245
AF3	0.965740444659	0.816502619623	2.5227882117	1.22959922185	1.07117671822	0.424095969067	1.36578949734	0.446857544708	0.381825553407	1.05810597873	0.0	0.820303697438	0.648507249879	2.17854140648	0.901650019333	0.849569424843	0.434782769454	0.492009869502	2.03850719671	1.50692261479	1.06802923635	0.78413722088	0.379488511358	0.383049884002	1.97761372644	1.00360903335	0.445471488642	0.581062189464	0.836733687772	0.988996167231	0.821036157564	0.702328211696	0.416722561624	0.465180947318	1.18409479459	0.971371585307	0.464213030449	0.828633305945	0.476895727405	0.969420546158	0.728820280329	1.51509043016	1.39838959884	0.832239139681	0.662042121798	0.56259279362	1.20633654422	0.964728429193	1.12192893185	1.02394122765	1.01108355727	1.06301256646	0.767471880135	0.774109874335	0.755895355244	0.765318255196	0.793490405993	1.07814349928	0.837964968584	0.986924765587	0.545759840503	0.914183363944
AF4	0.708931652972	0.425376524891	2.2829279942	0.967769444176	0.298924639923	0.463193296278	0.937603905268	0.614044944418	0.732471329145	0.647654702755	0.820303697438	0.0	0.533645311745	1.9307222813	0.511537361044	0.534775538908	0.778536607057	0.810003040116	1.62290450459	1.10119261479	0.929703470275	0.783522232963	0.992222667956	0.991391464476	1.47100168681	0.668956046399	0.856200724988	0.774308893185	0.728471430643	0.778289579507	1.00397862736	0.834876307395	0.726619125181	0.74058842436	0.782336558724	0.549405857902	0.741126771387	0.609308622523	0.668802411793	0.531345103915	0.56407641856	1.22241000967	1.11737729821	0.479781503142	0.931366843886	0.890295514741	0.845245664572	0.789524180764	0.669793798937	0.659753460609	0.95725378927	0.81897658289	0.56683522958	0.697196723055	0.694542870952	0.638112624456	0.624665384244	0.766063929435	0.624448240696	0.754211459642	0.624895079749	0.766878274529
AG3	0.731181198647	0.448904552924	2.34884844369	0.923287834703	0.75225157564	0.418604282262	1.0987138666	0.475387636539	0.590220700822	0.811436679555	0.648507249879	0.533645311745	0.0	1.98196338811	0.494234746254	0.55284080232	0.537847274045	0.585078685355	1.76205512325	1.22442355244	0.948913450942	0.641768221363	0.716120874819	0.733754079265	1.64165881102	0.715169236346	0.610409507008	0.538971952634	0.673313040116	0.814277356211	0.839954359594	0.64698659739	0.573801875302	0.541534374094	0.974240459159	0.727670144998	0.67715222813	0.674404760754	0.508250903818	0.677156486225	0.484064891252	1.31680935718	1.19208252296	0.599143992267	0.850654475592	0.764551043983	0.984502962784	0.745060657322	0.8148100145	0.755150729821	0.915009444176	0.842584195263	0.546430526825	0.643946529725	0.634871092315	0.590658583857	0.466404673755	0.860272885452	0.495774480425	0.752213881102	0.405214852586	0.711502513291
AG4	1.85833481392	1.87368791203	0.389902126631	1.08709057516	1.85073284679	2.02444052682	1.54141845336	1.98668154181	2.00621233446	1.75803748671	2.17854140648	1.9307222813	1.98196338811	0.0	1.8033922378	1.90041682455	2.11726507492	2.16272834703	0.887246621556	1.12283492508	1.62213008217	1.83587782504	2.06659618173	2.05115479942	1.63443437893	1.82639367811	2.02925770904	1.94627633639	1.57399488159	1.44238674722	2.11408542291	2.04791726438	1.96254566941	2.01626674239	2.18440916385	2.09688707588	2.26462942968	1.64133951667	2.16030849203	1.93916547124	2.03060406477	0.972983310778	1.08614655872	1.73928879169	2.37903710005	2.30010077332	2.32786156597	2.32361031899	2.21383878685	2.23514750604	2.43365355727	2.35434961334	2.18941062832	2.27086052199	2.2446977187	2.2325718898	1.96213791203	2.31350653939	1.96843226196	2.29743883519	2.05102460126	2.30667402127
AH3	0.759810898985	0.286895364911	2.15183608507	0.859394731754	0.629551986467	0.654962189464	0.851751039149	0.621381329145	0.753207462542	0.583738192363	0.901650019333	0.511537361044	0.494234746254	1.8033922378	0.0	0.552035036249	0.774511860802	0.813716901885	1.56317825036	1.03734379894	0.885125500242	0.760935582407	0.927804446593	0.935708661189	1.47872548574	0.718395717738	0.796579168681	0.719657709038	0.659692087965	0.716787278879	1.01509969067	0.84854240696	0.696277897535	0.714677317545	0.973304659256	0.733498820686	0.868993769937	0.52184857419	0.745181851136	0.569978405027	0.553816457226	1.07489910585	0.965782634123	0.450344480425	1.06225368777	0.969100202997	1.01893772837	0.892976283229	0.847838738521	0.8257279797	1.03972420976	0.951499888835	0.743458293862	0.835874267762	0.781655079749	0.777520550991	0.577556452392	0.914073866602	0.582582605123	0.886959560174	0.650655205413	0.854272290962
AH4	0.281535534074	0.316318849686	2.25732861769	0.903883533108	0.699053102948	0.607093465442	0.897566616723	0.592352827453	0.782360420493	0.596301880135	0.849569424843	0.534775538908	0.55284080232	1.90041682455	0.552035036249	0.0	0.676113992267	0.660488728855	1.47999000967	1.03882048816	0.837046616723	0.629300691155	0.814852542291	0.806759811503	1.4207960174	0.559143929435	0.713726442726	0.593005089415	0.633698163364	0.681720739488	0.791517820203	0.614499724505	0.710077902368	0.722166099565	0.969598844853	0.737090473659	0.802555833736	0.612095548574	0.65074558724	0.462644258096	0.404567945868	1.22161875302	1.10187516675	0.543773591107	0.987164780087	0.957750599323	0.922070241663	0.826549840503	0.828524185597	0.74477419043	0.968444349927	0.866138211696	0.547581846303	0.669779105848	0.668235123248	0.598921164814	0.370779637506	0.811789956501	0.361124910585	0.814473832769	0.537451092315	0.783819110681
AA7	0.81110858869	0.679753006283	2.46109318511	1.16041132914	0.988233359111	0.535734436926	1.21988903818	0.486595277912	0.508327752537	0.919619710005	0.434782769454	0.778536607057	0.537847274045	2.11726507492	0.774511860802	0.676113992267	0.0	0.176789052682	1.85613486709	1.33661778637	0.979160164331	0.633051880135	0.391244417593	0.424107955534	1.78598717738	0.836331068149	0.32384	0.395771715805	0.715586452392	0.877016027066	0.66485579507	0.464756771387	0.452357713871	0.484867506042	1.18369748671	0.971489830836	0.501346355727	0.773792962784	0.476067380377	0.883873639439	0.644085282745	1.44675260996	1.33553750121	0.808009903335	0.758071087482	0.626374035766	1.13041259546	0.901244625423	1.08119586757	0.992720710488	0.939716921218	1.00005668922	0.692159879169	0.717849115515	0.684554277429	0.701696007733	0.541197602707	0.996907042049	0.56370258579	0.968831130981	0.458043499275	0.84593260029
AA8	0.767903354277	0.695366592557	2.51073524891	1.20594146448	0.987223262446	0.563848061866	1.2153421218	0.52344520058	0.59110939101	0.899242208797	0.492009869502	0.810003040116	0.585078685355	2.16272834703	0.813716901885	0.660488728855	0.176789052682	0.0	1.82395333494	1.3346199275	0.958734272595	0.615121261479	0.450361754471	0.481670144998	1.73091919768	0.802514746254	0.401486868052	0.405737491542	0.74444121798	0.905364151764	0.576123794103	0.37127	0.529590642823	0.531616636056	1.17936909135	0.98243840986	0.507989067182	0.820596167231	0.472172682455	0.853681222813	0.630214625423	1.49938050266	1.3852160174	0.835942899952	0.747921628806	0.651696563557	1.10833283229	0.890466012566	1.08121948768	0.962632856452	0.909856752054	0.980652266796	0.666885964234	0.685041889802	0.66858701305	0.667980082165	0.54695279362	0.993256510391	0.56423720638	0.929206302562	0.468016834219	0.83654057999
AB7	1.43041458192	1.54557428226	1.1521322668	1.01028444659	1.4779820493	1.80505482359	1.32247688739	1.8253142726	1.97009270179	1.46343343644	2.03850719671	1.62290450459	1.76205512325	0.887246621556	1.56317825036	1.47999000967	1.85613486709	1.82395333494	0.0	0.589778028033	1.50051936201	1.61005933301	1.94358718221	1.93177014983	1.10893849686	1.46148330594	1.85435344611	1.72478698888	1.37128626873	1.18279501208	1.74222231029	1.67677892702	1.87799710488	1.9088619478	1.87543035283	1.81011087482	1.98364916868	1.49942760754	1.89331107298	1.50497710005	1.64306638473	0.983454572257	1.06487829386	1.53254935234	2.16541011116	2.12988690188	1.94711758337	1.9824442871	1.88043217496	1.85328967134	2.1039820348	2.00093518125	1.79319865152	1.88765693572	1.85376973417	1.84005104882	1.63540247463	1.93258481875	1.61913144998	1.92231141131	1.77885605607	1.95976432576
AB8	1.03545337361	1.03298558241	1.46533565007	0.489251242146	1.04778460126	1.27506230546	0.859700889319	1.29089382794	1.43651920735	0.959590758821	1.50692261479	1.10119261479	1.22442355244	1.12283492508	1.03734379894	1.03882048816	1.33661778637	1.3346199275	0.589778028033	0.0	1.02775364911	1.10462909618	1.41141974867	1.3922580667	1.12293396327	0.954824794587	1.31912734654	1.18706902852	0.815591865636	0.678079980667	1.28603794103	1.20062492025	1.35314467376	1.37819939584	1.4157318898	1.31385178347	1.46738466409	0.971184233929	1.3769219188	1.0507139971	1.18007140164	0.713272252296	0.691704538424	1.00563871919	1.65918384727	1.6059102175	1.56166935718	1.52008070082	1.41739780087	1.40252757371	1.65613639923	1.55382478975	1.36558472209	1.44325471242	1.40985640406	1.40487348478	1.16292066699	1.51309038666	1.16072156114	1.46797480425	1.25531142581	1.50086957467
AC7	0.776213363944	0.84094380377	1.96974010633	0.904785770904	1.04696082165	0.895665041083	0.839850729821	0.883031043983	1.01484016433	0.795504301595	1.06802923635	0.929703470275	0.948913450942	1.62213008217	0.885125500242	0.837046616723	0.979160164331	0.958734272595	1.50051936201	1.02775364911	0.0	0.435162890285	0.973048206863	0.966190468826	1.4030938086	0.724054857419	0.943184833253	0.795840318995	0.584703823103	0.529436713388	0.86651499275	0.763064862252	0.915208530691	0.900456563557	1.24451426776	1.09463318511	1.13173951184	0.729961140648	1.01335782987	0.936861556307	0.923583765104	1.15965994683	1.0999942146	0.743973663606	1.13188123731	1.07066496858	1.46071686805	1.39585224263	1.27876760271	1.23262034316	1.5414202755	1.45144734171	1.0680059304	1.2021522378	1.19359892702	1.14223827936	0.921416742388	1.39616939101	0.910371942968	1.28912859836	0.920088293862	1.35024514741
AC8	0.654246259062	0.657088144031	2.18771550507	0.934340599323	0.993935070082	0.595366075399	0.953999023683	0.573276544224	0.709008496858	0.739779932334	0.78413722088	0.783522232963	0.641768221363	1.83587782504	0.760935582407	0.629300691155	0.633051880135	0.615121261479	1.61005933301	1.10462909618	0.435162890285	0.0	0.653195891735	0.657882928951	1.52225786854	0.628811570807	0.558092402127	0.407866737554	0.469898767521	0.577258927018	0.619866689222	0.451600463992	0.606523185114	0.597616660222	1.12088442726	0.867873465442	0.805293856936	0.63520561624	0.696818661189	0.806716713388	0.656141928468	1.20062972934	1.10882227646	0.662812223296	0.895055360077	0.812841730304	1.28343320445	1.06797312228	1.05960529241	1.01063645723	1.21179729821	1.16687328661	0.783454436926	0.871192508458	0.874058163364	0.838733900435	0.569950652489	1.14878471242	0.597056640889	0.995681338811	0.584834702755	1.01933160464
AD7	0.903504528758	0.840066800387	2.415099942	1.14556532624	1.21757125181	0.66771838086	1.29596987917	0.518205485742	0.480252160464	1.00297450942	0.379488511358	0.992222667956	0.716120874819	2.06659618173	0.927804446593	0.814852542291	0.391244417593	0.450361754471	1.94358718221	1.41141974867	0.973048206863	0.653195891735	0.0	0.112793726438	1.8890398405	0.880880231996	0.333266051232	0.426442967617	0.709945331078	0.875454084099	0.729791319478	0.595889850169	0.455687641373	0.525840671822	1.3313917738	1.09596180764	0.608507767037	0.824271068149	0.630661880135	1.02929733204	0.804660159497	1.41111630256	1.28826654906	0.892601251812	0.802154499758	0.662202764621	1.33382285162	1.09486563074	1.25331579024	1.17800646206	1.12552760271	1.21042207347	0.911887689705	0.905694306428	0.877331841469	0.905801817303	0.713174973417	1.21528327211	0.752224751087	1.13810696472	0.612159313678	1.04224882069
AD8	0.91012640406	0.832228385694	2.39990785887	1.14292326728	1.21774142098	0.668192252296	1.28894365394	0.509943533108	0.461866959884	1.00348751087	0.383049884002	0.991391464476	0.733754079265	2.05115479942	0.935708661189	0.806759811503	0.424107955534	0.481670144998	1.93177014983	1.3922580667	0.966190468826	0.657882928951	0.112793726438	0.0	1.863189971	0.8515059739	0.33858760754	0.443988593523	0.706354214596	0.873768206863	0.733498337361	0.600099139681	0.458598835186	0.523337559207	1.3257818173	1.08823490575	0.612877336878	0.818428226196	0.631129980667	1.02487244079	0.801253731271	1.4038117883	1.27463988884	0.888762402127	0.797832450459	0.653636694055	1.34206256162	1.09658978734	1.25025767521	1.1740037361	1.1278379652	1.21300312711	0.915932725955	0.909494693088	0.878456297728	0.909908583857	0.73447142581	1.21767183664	0.780571517641	1.13748062349	0.61329977767	1.04301619623
AE7	1.34199267279	1.47054817786	1.90788075882	1.29840240213	1.32022222813	1.69418795553	1.22217466892	1.75679039149	1.92648125181	1.32353166264	1.97761372644	1.47100168681	1.64165881102	1.63443437893	1.47872548574	1.4207960174	1.78598717738	1.73091919768	1.10893849686	1.12293396327	1.4030938086	1.52225786854	1.8890398405	1.863189971	0.0	1.03787754954	1.8168261914	1.66555260996	1.37401313678	1.30104492508	1.57847834219	1.55892724505	1.83896299662	1.83129663606	1.69826981634	1.67824492508	1.90977246013	1.4921877187	1.81560609957	1.37516240213	1.56702032866	1.46373659739	1.46704120831	1.44924223296	2.01741356694	1.99085221363	1.72112466409	1.83431320445	1.69488132431	1.64969162881	1.98148652489	1.80762999517	1.62073454809	1.73243976317	1.7121977332	1.66490032383	1.59336202513	1.74557749638	1.54828316095	1.75300834219	1.70407648623	1.83078540358
AE8	0.576155210246	0.603373073949	2.17649290478	0.908718994683	0.798423566941	0.747126143064	0.868364291928	0.780999724505	0.955239246013	0.609834925085	1.00360903335	0.668956046399	0.715169236346	1.82639367811	0.718395717738	0.559143929435	0.836331068149	0.802514746254	1.46148330594	0.954824794587	0.724054857419	0.628811570807	0.880880231996	0.8515059739	1.03787754954	0.0	0.839759304012	0.693221720638	0.624451614306	0.617049028516	0.773529763171	0.674019507008	0.861407680039	0.85346640406	1.04847498308	0.883061904302	0.947310425326	0.679420628323	0.853644055099	0.619420231996	0.646309642339	1.20011809087	1.07596485742	0.660884664089	1.0950322088	1.05797680039	1.13115466409	1.06178847269	0.984025717738	0.931220874819	1.22515723055	1.13261765587	0.821552803287	0.907552334461	0.899708032866	0.8758359884	0.69406677622	1.10281226196	0.676429342678	0.988239801837	0.737825355244	1.04542391977
AF7	0.83896659739	0.710996959884	2.36855239246	1.11955682939	1.07001672305	0.579968240696	1.21552737554	0.457363977767	0.44457457709	0.903692131464	0.445471488642	0.856200724988	0.610409507008	2.02925770904	0.796579168681	0.713726442726	0.32384	0.401486868052	1.85435344611	1.31912734654	0.943184833253	0.558092402127	0.333266051232	0.33858760754	1.8168261914	0.839759304012	0.0	0.257633059449	0.629802131464	0.820280270662	0.698887327211	0.55339618173	0.414988791687	0.458046935718	1.18025536008	0.943281933301	0.539335480909	0.730533146448	0.54489898985	0.899649047849	0.667929033349	1.38047203963	1.2560539246	0.769503368777	0.777231609473	0.642852663122	1.21942966651	0.990063359111	1.10463338328	1.05022351377	1.02092810536	1.09724218946	0.792231353311	0.811680840986	0.778983905268	0.807159961334	0.583062832286	1.09095837119	0.632321512808	1.01356913001	0.505394664089	0.927003687772
AF8	0.682645949734	0.606507254712	2.29907491542	1.0110499855	0.982027162881	0.505514475592	1.07985433543	0.386073044949	0.507872750121	0.77642157564	0.581062189464	0.774308893185	0.538971952634	1.94627633639	0.719657709038	0.593005089415	0.395771715805	0.405737491542	1.72478698888	1.18706902852	0.795840318995	0.407866737554	0.426442967617	0.443988593523	1.66555260996	0.693221720638	0.257633059449	0.0	0.530226945384	0.703623334944	0.675752498792	0.469835882069	0.425363252779	0.440228269696	1.11841462542	0.880975041083	0.583438661189	0.65578279362	0.495072387627	0.79522262929	0.583523881102	1.2974137216	1.17209717255	0.687425476075	0.796188835186	0.69997579507	1.17372171097	0.942982402127	1.02421128565	0.989385041083	0.98158120348	1.04583264862	0.735219705172	0.765599342678	0.749616800387	0.763328506525	0.495498115031	1.04118000483	0.536263252779	0.958730985984	0.435430459159	0.879568646689
AG7	0.714683392943	0.615782967617	1.91867122765	0.674910753987	0.866917752537	0.654827733204	0.878009932334	0.606020183664	0.731806636056	0.644456244563	0.836733687772	0.728471430643	0.673313040116	1.57399488159	0.659692087965	0.633698163364	0.715586452392	0.74444121798	1.37128626873	0.815591865636	0.584703823103	0.469898767521	0.709945331078	0.706354214596	1.37401313678	0.624451614306	0.629802131464	0.530226945384	0.0	0.279052097632	0.797078709522	0.638507573707	0.650931667472	0.714821140648	1.1799717883	0.915697820203	0.862360898985	0.462503552441	0.783808719188	0.77272380377	0.672158888352	1.00249955534	0.87787322378	0.4946879942	1.04007844853	0.973549304012	1.29031492992	1.09547272112	1.11420901885	1.08165727405	1.23052927018	1.16262218463	0.861005693572	0.940783639439	0.920215277912	0.909159879169	0.658817810536	1.16443707105	0.662220889319	1.0755361624	0.683507129048	1.05643614306
AG8	0.639096360561	0.688747109715	1.79264369261	0.603686669889	0.891718231029	0.783409323345	0.754331367811	0.766116718221	0.919790681489	0.669727733204	0.988996167231	0.778289579507	0.814277356211	1.44238674722	0.716787278879	0.681720739488	0.877016027066	0.905364151764	1.18279501208	0.678079980667	0.529436713388	0.577258927018	0.875454084099	0.873768206863	1.30104492508	0.617049028516	0.820280270662	0.703623334944	0.279052097632	0.0	0.894778318028	0.780994954084	0.832427477042	0.85533478492	1.21274672789	1.00955452876	1.03483113098	0.508176587724	0.933018032866	0.790570797487	0.792770811986	0.907236602223	0.835058245529	0.557938264862	1.16828272595	1.11108209763	1.33039681005	1.24654150314	1.19846716771	1.17039920251	1.38723405993	1.30616931368	0.987732938618	1.07799143548	1.05988039633	1.03869592073	0.794497438376	1.26449531658	0.786806162397	1.2154837071	0.818383798937	1.20696362011
AH7	0.774963794103	0.885468463026	2.44351377477	1.26241745771	1.16393563074	0.800434688255	1.17654558724	0.802791092315	0.921706921218	0.950709550507	0.821036157564	1.00397862736	0.839954359594	2.11408542291	1.01509969067	0.791517820203	0.66485579507	0.576123794103	1.74222231029	1.28603794103	0.86651499275	0.619866689222	0.729791319478	0.733498337361	1.57847834219	0.773529763171	0.698887327211	0.675752498792	0.797078709522	0.894778318028	0.0	0.296689579507	0.872668337361	0.861878235863	1.16726756887	1.00351987434	0.807102547124	0.932311918801	0.773542730788	0.948385142581	0.796657008217	1.48497229096	1.3961018898	0.961142788787	0.971975060416	0.922672846786	1.26447109715	1.05667964717	1.17905067666	1.03595400193	1.15779823586	1.14698766071	0.807204615756	0.837595157081	0.817841681972	0.830484949251	0.767621304978	1.15058886902	0.781090869985	1.01564400677	0.707674983084	1.00932916868
AH8	0.660428279362	0.698371855969	2.39676849686	1.12446540358	0.996998927018	0.614979250846	1.08739679072	0.614801290478	0.746104639923	0.822226747221	0.702328211696	0.834876307395	0.64698659739	2.04791726438	0.84854240696	0.614499724505	0.464756771387	0.37127	1.67677892702	1.20062492025	0.763064862252	0.451600463992	0.595889850169	0.600099139681	1.55892724505	0.674019507008	0.55339618173	0.469835882069	0.638507573707	0.780994954084	0.296689579507	0.0	0.674552754954	0.660376737554	1.11487433543	0.906861343644	0.706891865636	0.79162760754	0.599029700338	0.809109009183	0.628515152247	1.39291481392	1.28727217496	0.819174233929	0.857992305462	0.787869772837	1.14492165297	0.941991246979	1.04068089415	0.911602150797	1.03606458676	1.04078532141	0.651404016433	0.722214722088	0.698993165781	0.702725306912	0.578247742871	1.02675407927	0.588950106332	0.888693885935	0.508347549541	0.883146471725
AA5	0.849296578057	0.618581478975	2.30217169164	1.07824945868	0.948379299178	0.460976723055	1.18786163847	0.291095282745	0.247202276462	0.880732455292	0.416722561624	0.726619125181	0.573801875302	1.96254566941	0.696277897535	0.710077902368	0.452357713871	0.529590642823	1.87799710488	1.35314467376	0.915208530691	0.606523185114	0.455687641373	0.458598835186	1.83896299662	0.861407680039	0.414988791687	0.425363252779	0.650931667472	0.832427477042	0.872668337361	0.674552754954	0.0	0.239132247463	1.16662284679	0.88540540841	0.568297148381	0.626288028033	0.544834461092	0.820230106332	0.611929734171	1.25680315128	1.13456721121	0.6396779797	0.735850019333	0.600192261962	1.25838126148	1.02422943451	1.06461508942	1.04509135814	1.07080363461	1.1370619623	0.795240077332	0.840912397293	0.796261454809	0.827102150797	0.597720410826	1.12153487675	0.656618115031	1.01941884969	0.525736988884	0.970688119865
AA6	0.873920695988	0.640329540841	2.36569788787	1.11563747221	0.956877626873	0.423590990817	1.16118588207	0.343374393427	0.358455770904	0.854466529725	0.465180947318	0.74058842436	0.541534374094	2.01626674239	0.714677317545	0.722166099565	0.484867506042	0.531616636056	1.9088619478	1.37819939584	0.900456563557	0.597616660222	0.525840671822	0.523337559207	1.83129663606	0.85346640406	0.458046935718	0.440228269696	0.714821140648	0.85533478492	0.861878235863	0.660376737554	0.239132247463	0.0	1.05977043499	0.797109942001	0.530331667472	0.622506955051	0.481172498792	0.814288414693	0.568567462542	1.31990024166	1.19275956501	0.646162426293	0.571146539391	0.44368277912	1.17955007733	0.951589927501	0.971197660706	0.933704156597	1.00133920735	1.05773357177	0.698888235863	0.7674459884	0.744559289512	0.748675519575	0.595932174964	1.03982226196	0.656074451426	0.91244937651	0.501027341711	0.896010188497
AB5	1.08128510875	0.913644519091	2.53169559207	1.35305313678	0.784510333494	0.95655462059	1.19221311745	1.04485710488	1.16937185114	0.92079297245	1.18409479459	0.782336558724	0.974240459159	2.18440916385	0.973304659256	0.969598844853	1.18369748671	1.17936909135	1.87543035283	1.4157318898	1.24451426776	1.12088442726	1.3313917738	1.3257818173	1.69826981634	1.04847498308	1.18025536008	1.11841462542	1.1799717883	1.21274672789	1.16726756887	1.11487433543	1.16662284679	1.05977043499	0.0	0.364752556791	0.92877780087	1.02446280329	0.97233102465	0.821497486709	0.878802479459	1.54041360561	1.43898354277	0.927929168681	0.984460309328	0.980519033349	0.860827965201	0.940100613823	0.813595190913	0.742324673755	1.10279731754	0.939353489609	0.810774533591	0.866705906235	0.914704543258	0.883297854036	0.993935814403	0.868919666506	0.992283078782	0.840880459159	0.992347849203	0.923120275495
AB6	0.909219966167	0.670940256162	2.44910674722	1.19870729821	0.683192701788	0.698997230546	1.0505219043	0.778634195263	0.901259052682	0.771472054132	0.971371585307	0.549405857902	0.727670144998	2.09688707588	0.733498820686	0.737090473659	0.971489830836	0.98243840986	1.81011087482	1.31385178347	1.09463318511	0.867873465442	1.09596180764	1.08823490575	1.67824492508	0.883061904302	0.943281933301	0.880975041083	0.915697820203	1.00955452876	1.00351987434	0.906861343644	0.88540540841	0.797109942001	0.364752556791	0.0	0.737796292895	0.759946843886	0.768963552441	0.684536065732	0.640340227163	1.40502530208	1.29818729338	0.667721909135	0.795466254229	0.77753242146	0.791987965201	0.725705360077	0.588746839053	0.530094388594	0.892335925568	0.755095181247	0.605286056066	0.667872044466	0.710138453359	0.694842716288	0.73938918318	0.694921077815	0.750276863219	0.61572778637	0.780924040599	0.711827960367
AC5	0.938613098115	0.766365944901	2.61902573707	1.34557677622	0.927367322378	0.542775427743	1.26431504592	0.529111039149	0.534098332528	0.934182914451	0.464213030449	0.741126771387	0.67715222813	2.26462942968	0.868993769937	0.802555833736	0.501346355727	0.507989067182	1.98364916868	1.46738466409	1.13173951184	0.805293856936	0.608507767037	0.612877336878	1.90977246013	0.947310425326	0.539335480909	0.583438661189	0.862360898985	1.03483113098	0.807102547124	0.706891865636	0.568297148381	0.530331667472	0.92877780087	0.737796292895	0.0	0.78682101015	0.431974345094	0.857067564041	0.653664514258	1.60371362977	1.47231570807	0.790982948284	0.493982073465	0.426944103432	0.970541889802	0.728943856936	0.899925451909	0.810101063316	0.752703953601	0.8237259739	0.595783363944	0.541436341228	0.543325456742	0.597998139198	0.718664973417	0.852520473659	0.75602578057	0.781163673272	0.546902431126	0.681400280329
AC6	0.757840468826	0.525280952151	1.99344274529	0.735878472692	0.725516133398	0.593800439826	0.709860376994	0.570318332528	0.751911715805	0.479226495892	0.828633305945	0.609308622523	0.674404760754	1.64133951667	0.52184857419	0.612095548574	0.773792962784	0.820596167231	1.49942760754	0.971184233929	0.729961140648	0.63520561624	0.824271068149	0.818428226196	1.4921877187	0.679420628323	0.730533146448	0.65578279362	0.462503552441	0.508176587724	0.932311918801	0.79162760754	0.626288028033	0.622506955051	1.02446280329	0.759946843886	0.78682101015	0.0	0.735096959884	0.625671657806	0.580478980184	0.850689671339	0.716843929435	0.301779879169	0.985407249879	0.910907259546	1.1486898695	1.04039979217	0.960547854036	0.943175529241	1.18817467859	1.09464033349	0.802068260029	0.893313852102	0.898166650556	0.86319720638	0.606834461092	1.05023927018	0.637237984534	0.993667438376	0.667162397293	1.01893554857
AD6	0.778743441276	0.613982155631	2.51318675205	1.18015717255	0.861615316578	0.406075582407	1.15036967134	0.411305384244	0.540991449976	0.829879666506	0.476895727405	0.668802411793	0.508250903818	2.16030849203	0.745181851136	0.65074558724	0.476067380377	0.472172682455	1.89331107298	1.3769219188	1.01335782987	0.696818661189	0.630661880135	0.631129980667	1.81560609957	0.853644055099	0.54489898985	0.495072387627	0.783808719188	0.933018032866	0.773542730788	0.599029700338	0.544834461092	0.481172498792	0.97233102465	0.768963552441	0.431974345094	0.735096959884	0.0	0.717747332044	0.44566741421	1.49171647173	1.36039956501	0.729901063316	0.641482015466	0.576598651522	0.917024045433	0.68520760754	0.859626022233	0.757141971967	0.752235070082	0.80053322378	0.491761343644	0.517450966651	0.509568376027	0.497492522958	0.551574069599	0.798643286612	0.600404330594	0.731190923151	0.329313682939	0.635481430643
AE5	0.575819917835	0.468845485742	2.29432167231	0.964253020783	0.603410526825	0.698411459642	0.839476549058	0.722315326245	0.93627219913	0.528473040116	0.969420546158	0.531345103915	0.677156486225	1.93916547124	0.569978405027	0.462644258096	0.883873639439	0.853681222813	1.50497710005	1.0507139971	0.936861556307	0.806716713388	1.02929733204	1.02487244079	1.37516240213	0.619420231996	0.899649047849	0.79522262929	0.77272380377	0.790570797487	0.948385142581	0.809109009183	0.820230106332	0.814288414693	0.821497486709	0.684536065732	0.857067564041	0.625671657806	0.717747332044	0.0	0.347726674722	1.20260444176	1.09418684872	0.521272841953	1.06327621073	1.04185113581	0.896604417593	0.86517979217	0.822615403577	0.718167080715	1.03078394877	0.908348965684	0.594019337844	0.720061662639	0.743052692122	0.642483431609	0.553023392943	0.849934775254	0.53855381827	0.769969178347	0.666709289512	0.830766935718
AE6	0.576022290962	0.406240106332	2.38688591107	1.04783867086	0.712964325761	0.49139540841	0.924757211213	0.479919255679	0.704904654422	0.600375712905	0.728820280329	0.56407641856	0.484064891252	2.03060406477	0.553816457226	0.404567945868	0.644085282745	0.630214625423	1.64306638473	1.18007140164	0.923583765104	0.656141928468	0.804660159497	0.801253731271	1.56702032866	0.646309642339	0.667929033349	0.583523881102	0.672158888352	0.792770811986	0.796657008217	0.628515152247	0.611929734171	0.568567462542	0.878802479459	0.640340227163	0.653664514258	0.580478980184	0.44566741421	0.347726674722	0.0	1.3207662929	1.19076520058	0.520105993233	0.832003842436	0.794364006767	0.870538361527	0.710690575157	0.736462107298	0.638559980667	0.865440357661	0.771650227163	0.435329299178	0.521946065732	0.519998013533	0.464619850169	0.385928540358	0.740572537458	0.388778463026	0.648473678105	0.421691072982	0.672166302562
AF5	1.22715645239	1.17165840503	1.31670413243	0.588998477525	1.18804576607	1.33388951184	0.857836640889	1.28704839053	1.34147320928	1.00883941518	1.51509043016	1.22241000967	1.31680935718	0.972983310778	1.07489910585	1.22161875302	1.44675260996	1.49938050266	0.983454572257	0.713272252296	1.15965994683	1.20062972934	1.41111630256	1.4038117883	1.46373659739	1.20011809087	1.38047203963	1.2974137216	1.00249955534	0.907236602223	1.48497229096	1.39291481392	1.25680315128	1.31990024166	1.54041360561	1.40502530208	1.60371362977	0.850689671339	1.49171647173	1.20260444176	1.3207662929	0.0	0.187556781054	0.98247698405	1.71835648623	1.63434553407	1.71104403577	1.65798090865	1.59472919285	1.57883654906	1.79243076849	1.71184634123	1.50842058966	1.60571097632	1.58786336878	1.56305834219	1.26212942001	1.67586987917	1.27760063799	1.62781735138	1.38710279845	1.64383244079
AF6	1.15517084582	1.04920197197	1.42692193813	0.507620478492	1.09556143548	1.21072583857	0.787581300145	1.15980893185	1.22650860802	0.880583301112	1.39838959884	1.11737729821	1.19208252296	1.08614655872	0.965782634123	1.10187516675	1.33553750121	1.3852160174	1.06487829386	0.691704538424	1.0999942146	1.10882227646	1.28826654906	1.27463988884	1.46704120831	1.07596485742	1.2560539246	1.17209717255	0.87787322378	0.835058245529	1.3961018898	1.28727217496	1.13456721121	1.19275956501	1.43898354277	1.29818729338	1.47231570807	0.716843929435	1.36039956501	1.09418684872	1.19076520058	0.187556781054	0.0	0.854938675689	1.59034445143	1.50675088932	1.61274031416	1.54488477525	1.49070344128	1.47265161914	1.67667310778	1.61448657322	1.38709300145	1.47655812953	1.45740087482	1.43653411793	1.13421272595	1.57480108265	1.15376725955	1.52271747704	1.26052489609	1.53383289512
AG5	0.702089125181	0.440952286129	2.09314101982	0.796747583374	0.601695751571	0.552687617206	0.74499340261	0.570433446109	0.75026939101	0.470619453842	0.832239139681	0.479781503142	0.599143992267	1.73928879169	0.450344480425	0.543773591107	0.808009903335	0.835942899952	1.53254935234	1.00563871919	0.743973663606	0.662812223296	0.892601251812	0.888762402127	1.44924223296	0.660884664089	0.769503368777	0.687425476075	0.4946879942	0.557938264862	0.961142788787	0.819174233929	0.6396779797	0.646162426293	0.927929168681	0.667721909135	0.790982948284	0.301779879169	0.729901063316	0.521272841953	0.520105993233	0.98247698405	0.854938675689	0.0	0.961317684872	0.90931578057	1.02619052199	0.955278347028	0.848909038183	0.840831657806	1.11225764137	0.989328506525	0.682095891735	0.80767561624	0.825126423393	0.753406162397	0.585308318028	0.937877883035	0.596810120831	0.908396471725	0.637888192363	0.922067820203
