	AA3	AA4	AB3	AB4	AC3	AC4	AD3	AD4	AE3	AE4	AF3	AF4	AG3	AG4	AH3	AH4	AA7	AA8	AB7	AB8	AC7	AC8	AD7	AD8	AE7	AE8	AF7	AF8	AG7	AG8	AH7	AH8	AA5	AA6	AB5	AB6	AC5	AC6	AD6	AE5	AE6	AF5	AF6	AG5	AH5	AH6	AA1	AA2	AB1	AB2	AC1	AC2	AD1	AD2	AE1	AE2	AF1	AF2	AG1	AG2	AH1	AH2
AA3	0.0	0.515958448526	2.25590323345	0.996628815853	0.817161159981	0.753091063316	0.922403291445	0.756140797487	0.868324615756	0.683795060416	0.927351048816	0.719758356694	0.66788041566	1.93567469792	0.720807781537	0.275539521508	0.75303	0.722122121798	1.44040196713	1.03197469309	0.82229059449	0.659104485259	0.859351749638	0.908056901885	1.37721172547	0.622184842919	0.765947960367	0.640874403093	0.671580763654	0.665475147414	0.753708651522	0.712190492992	0.840514001933	0.850887636539	1.08527468342	0.95265380377	0.940473117448	0.74422479942	0.731208496858	0.577252252296	0.55725121798	1.31591940068	1.18320910101	0.725136331561	1.11050337361	1.01574310778	0.965487965201	0.924016230063	0.926923325278	0.833335002417	1.02935807637	0.956430231996	0.629177684872	0.699586964717	0.772850381827	0.645715901402	0.538837109715	0.899267974867	0.480403499275	0.878879110681	0.668920072499	0.930133165781
AA4	0.515958448526	0.0	2.23371477042	0.913581145481	0.635524683422	0.57433540841	0.876317506042	0.48796821653	0.675251822136	0.599167651039	0.806203165781	0.457323165781	0.409050405993	1.91484300628	0.277715152247	0.296286302562	0.660303856936	0.616524088932	1.52973163847	1.03574298212	0.864925727405	0.649028820686	0.827930555824	0.818040057999	1.49243849686	0.630573131948	0.655454789753	0.603600169164	0.649821744804	0.690776911551	0.857090589657	0.710452711455	0.617718772354	0.638138371194	0.909362866119	0.733580613823	0.786368124698	0.512062203963	0.581846133398	0.521128303528	0.376042841953	1.24354227646	1.06653083615	0.45510282262	0.945484635089	0.835262745288	0.945053122281	0.818024093765	0.733200720155	0.729022286129	0.950814233929	0.894270700822	0.609151155147	0.650606505558	0.709748946351	0.625213673272	0.407393450942	0.850066558724	0.411361561141	0.753190299662	0.488370024166	0.825133895602
AB3	2.25590323345	2.23371477042	0.0	1.43181733688	2.1783798115	2.4092239246	1.89057845336	2.2708940551	2.33293723538	2.06077239729	2.50835631223	2.27664762204	2.32294966167	0.364169038183	2.1421742726	2.22474602223	2.44967066216	2.48055000483	1.19019202513	1.48342828903	1.97169043499	2.17455801353	2.41325594973	2.42694206863	1.8896120783	2.1451059304	2.35803346544	2.29202700338	1.88189439826	1.79033971484	2.43004732238	2.43309961334	2.29616411793	2.4007922233	2.49877163364	2.50006897535	2.60174121315	1.98972775254	2.48680589174	2.26935694538	2.35610250362	1.26866599807	1.41244211696	2.11093036249	2.72185148864	2.62271098115	2.65493542291	2.66546835669	2.51346529241	2.58221729821	2.7609760899	2.70774858386	2.5508441276	2.59273740938	2.62574884002	2.569670087	2.29545914451	2.66200348478	2.24032178347	2.61322816336	2.41221817303	2.66952100048
AB4	0.996628815853	0.913581145481	1.43181733688	0.0	0.925019168681	1.08141393427	0.792510483325	1.01634876269	1.15358750604	0.797004050266	1.25466028033	0.985092440793	0.919424282262	1.09339388594	0.854711880135	0.910668453359	1.16632143548	1.1718137796	0.975257104882	0.498086370227	0.941623653939	0.988204871919	1.18140568874	1.21924258579	1.27231170614	0.914418559691	1.14462708072	1.06129492508	0.679876355727	0.659759149348	1.28870114065	1.2046759449	1.11253604157	1.18232885452	1.34309486709	1.29455341711	1.38702537458	0.777377655872	1.19120506525	0.978670502658	1.05769645723	0.65157737071	0.506453866602	0.865248047366	1.49327574674	1.3761520783	1.43603055582	1.39901056549	1.28739884969	1.3142659449	1.51027011116	1.46291402127	1.25763465926	1.31790862736	1.36559257612	1.27864003867	1.03498664089	1.41526305462	0.956793252779	1.3563061189	1.12636785404	1.40931563074
AC3	0.817161159981	0.635524683422	2.1783798115	0.925019168681	0.0	0.767448250362	0.86117882552	0.806851527308	0.964613247946	0.657760048333	1.05896365394	0.323834557757	0.757787636539	1.85990839536	0.67288218463	0.702825389077	0.995803262446	0.950117530208	1.41094256646	1.00828831319	1.02112035766	0.998699110681	1.21347405993	1.19638769937	1.2906858289	0.784734760754	1.02699905752	0.985725442243	0.866190932818	0.84650359594	1.14868402127	1.03981963751	0.97788178347	0.948276723055	0.814403847269	0.803550768487	1.0095677912	0.68755240696	0.832868003867	0.627935306912	0.671093247946	1.20671920735	1.05617814886	0.589128453359	1.18536319961	1.07757974384	0.883972189464	0.955182948284	0.787813175447	0.808288632189	1.06862073465	0.979143919768	0.734444847753	0.830754069599	0.888539536008	0.764508071532	0.776496684389	0.886020976317	0.754538598357	0.875577544708	0.838431817303	0.935971058482
AC4	0.753091063316	0.57433540841	2.4092239246	1.08141393427	0.767448250362	0.0	1.13930382794	0.393071222813	0.493163006283	0.836044780087	0.380506993717	0.554890444659	0.424269333011	2.08443139681	0.713008550024	0.627081208313	0.550825799903	0.497075166747	1.81024433059	1.29990790237	0.923032609956	0.587644741421	0.662347269212	0.655693204447	1.71019767521	0.786137307878	0.548055853069	0.563837327211	0.700367670372	0.827618844853	0.776169294345	0.598291793137	0.510273204447	0.418491962301	0.958058071532	0.733054224263	0.566651527308	0.64639618173	0.381054117931	0.783843412276	0.525801034316	1.43387738521	1.26173748671	0.568307655872	0.68582419043	0.559986872885	1.03341764621	0.820360845819	0.80972720638	0.77872120348	0.876570164331	0.930581014983	0.569478849686	0.619984108265	0.65404759304	0.601396186564	0.616875529241	0.940104035766	0.684908153697	0.730726520058	0.381801778637	0.836321435476
AD3	0.922403291445	0.876317506042	1.89057845336	0.792510483325	0.86117882552	1.13930382794	0.0	1.00160666022	1.27605427743	0.38188881102	1.35874682939	0.934444200097	1.05680254712	1.57106697922	0.812439492508	0.885871290478	1.20020622523	1.20027867569	1.28607117448	0.818745998067	0.883589787337	0.969906761721	1.28326999517	1.31089248913	1.20249231029	0.833889516675	1.17212753987	1.06940962301	0.855782933784	0.715690231996	1.16387150797	1.13518363461	1.20328866119	1.18315837119	1.15687246496	1.11099663122	1.27605168197	0.711025055582	1.13332704205	0.824676220396	0.92513980667	0.855593634606	0.769165316578	0.790769850169	1.41850169647	1.32453368777	1.33655494925	1.35893095698	1.15512934268	1.19918893668	1.47194369744	1.41030166264	1.15994186564	1.21459544708	1.28426116481	1.15578933301	0.961952155631	1.30629737554	0.882218806187	1.23154429676	1.14389389077	1.33146052682
AD4	0.756140797487	0.48796821653	2.2708940551	1.01634876269	0.806851527308	0.393071222813	1.00160666022	0.0	0.3158820203	0.681954243596	0.504503639439	0.622900430159	0.470508530691	1.95417759304	0.594245244079	0.580364069599	0.545924504592	0.499125297245	1.76533016916	1.25994799903	0.86559378927	0.525191875302	0.559114983084	0.525926505558	1.73196321411	0.786867525375	0.476023383277	0.486479289512	0.585041048816	0.751312339294	0.809895239246	0.593273233446	0.307262551957	0.36601622523	1.05752518608	0.82604939101	0.591522711455	0.536804475592	0.443416892218	0.736379130014	0.512837689705	1.27816356211	1.09907469309	0.489136288062	0.726530202997	0.600425751571	1.13368165781	0.908671401643	0.92468482842	0.924690183664	0.963913508942	1.0378677042	0.704765645239	0.693866959884	0.707963059449	0.699833276945	0.538366877719	1.04682190913	0.640938371194	0.870474842919	0.420752750121	0.932619763171
AE3	0.868324615756	0.675251822136	2.33293723538	1.15358750604	0.964613247946	0.493163006283	1.27605427743	0.3158820203	0.0	0.951987873369	0.368555886902	0.787048192363	0.549043552441	2.02544140164	0.743463649106	0.753515495408	0.525400937651	0.51625662639	1.92500830353	1.43686555341	1.0188219188	0.642494088932	0.457692953117	0.419071435476	1.90557811986	0.968215055582	0.432291445143	0.543549681005	0.725527738038	0.920027138714	0.886215239246	0.674394306428	0.212802484292	0.334279308845	1.18150686805	0.947169342678	0.524667564041	0.73352898985	0.544597694538	0.966972160464	0.686511251812	1.39266606573	1.21093144514	0.680466292895	0.755147409377	0.636604224263	1.23245949251	0.990596660222	1.05247280329	1.03713689222	1.03289625423	1.12997532141	0.80548500725	0.799567849203	0.790993499275	0.807616457226	0.688178032866	1.1526862204	0.794904403093	0.970490057999	0.524630536491	1.01977078299
AE4	0.683795060416	0.599167651039	2.06077239729	0.797004050266	0.657760048333	0.836044780087	0.38188881102	0.681954243596	0.951987873369	0.0	1.05366265829	0.65350857419	0.770730845819	1.74047448526	0.573687346544	0.610526027066	0.891767158047	0.889249217013	1.40753887385	0.910940048333	0.737795108748	0.716068980184	0.975679502175	1.00527410826	1.30089698405	0.593773755437	0.870889014016	0.768906553891	0.608240425326	0.582579255679	0.933743963267	0.851716959884	0.889061116481	0.892738434026	0.965221391977	0.902051416143	0.979522870952	0.49555080232	0.830638298695	0.561468211696	0.644556051232	1.01549429676	0.85125257129	0.524124161431	1.14675799903	1.04946855969	1.10677667472	1.11904065732	0.933517457709	0.983130430159	1.22961314645	1.16561236829	0.907697839536	0.943522498792	0.995618791687	0.89005017883	0.689458414693	1.07391371677	0.610736462059	1.01584689222	0.840281242146	1.09459644273
AF3	0.927351048816	0.806203165781	2.50835631223	1.25466028033	1.05896365394	0.380506993717	1.35874682939	0.504503639439	0.368555886902	1.05366265829	0.0	0.847443528275	0.657703276945	2.18697472692	0.92633261479	0.850065940068	0.507514494925	0.483969594007	2.0059837071	1.50058916385	1.08679333011	0.763541246979	0.401729864669	0.378739328178	1.97777654906	1.0347417883	0.489702469792	0.660089318511	0.852859400677	1.0156581247	0.837713310778	0.659247361044	0.437714320928	0.444459014016	1.1827317158	0.982110517158	0.459135679072	0.842642469792	0.492000067666	1.02033051232	0.754570280329	1.55247700338	1.38359517158	0.783249400677	0.690764146931	0.572967042049	1.20028321895	0.961725790237	1.09480130498	1.02314940551	1.00666088932	1.07467927985	0.778430695988	0.74852621073	0.779459072015	0.749132643789	0.831267916868	1.09642832286	0.917869647173	0.94722661189	0.526772716288	0.981761440309
AF4	0.719758356694	0.457323165781	2.27664762204	0.985092440793	0.323834557757	0.554890444659	0.934444200097	0.622900430159	0.787048192363	0.65350857419	0.847443528275	0.0	0.576789173514	1.95410615273	0.550715128081	0.556778738521	0.828187003383	0.777464644756	1.56924190913	1.07900050266	0.961889521508	0.829898182697	1.03880522475	1.02535009667	1.45897494442	0.695897970034	0.858634388594	0.824688970517	0.780494180764	0.784581227646	0.994769434509	0.882048443693	0.795202701788	0.758775978734	0.748780280329	0.602371135814	0.7690419913	0.581057984534	0.666242174964	0.57661539391	0.52670421943	1.27254845819	1.11122270179	0.482872580957	0.937998134364	0.825465427743	0.806215930401	0.765408090865	0.603976065732	0.634827037216	0.88269659739	0.815807506042	0.572760710488	0.641716708555	0.713832856452	0.630682764621	0.63169739971	0.742823914935	0.61220638956	0.680891947801	0.66484662639	0.748778443693
AG3	0.66788041566	0.409050405993	2.32294966167	0.919424282262	0.757787636539	0.424269333011	1.05680254712	0.470508530691	0.549043552441	0.770730845819	0.657703276945	0.576789173514	0.0	1.98240977767	0.502433523441	0.497528443693	0.559150715321	0.508097675205	1.7149140696	1.21033886902	0.937125026583	0.613487298212	0.716360903818	0.720942692122	1.62647468342	0.741448699855	0.557578806187	0.557749067182	0.66229460609	0.771545074915	0.826548458192	0.662996689222	0.557965949734	0.53247499275	0.972047791203	0.759153069116	0.695157709038	0.603969700338	0.487633910101	0.698233740938	0.464854050266	1.34989609473	1.17903874819	0.528625389077	0.853448013533	0.732787834703	0.973876607057	0.759189782504	0.797453407443	0.763161440309	0.889996104398	0.863955442243	0.549371701305	0.614663861769	0.689862774287	0.575067288545	0.461836935718	0.898576848719	0.537200241663	0.732279110681	0.381562856452	0.770349753504
AG4	1.93567469792	1.91484300628	0.364169038183	1.09339388594	1.85990839536	2.08443139681	1.57106697922	1.95417759304	2.02544140164	1.74047448526	2.18697472692	1.95410615273	1.98240977767	0.0	1.83032621073	1.90126927018	2.13456657322	2.1634180957	0.958581894635	1.18373728855	1.65744281779	1.85972505075	2.10104918318	2.11600754954	1.64123440793	1.83051250362	2.04241723538	1.97521068632	1.58033385694	1.48478663606	2.13503766554	2.11726488159	1.98787012083	2.08266938134	2.19188195747	2.18668345578	2.29487633156	1.68009698405	2.17135029	1.95083237313	2.03681386177	0.965096060899	1.11576120831	1.79881723538	2.40546259546	2.30461369744	2.33359931851	2.34366363944	2.19324266312	2.25393359594	2.44424328178	2.38910964717	2.23150480425	2.27508789754	2.31672377477	2.25024412276	1.97764080715	2.34302121315	1.92338232479	2.28746232479	2.0973262929	2.35305555824
AH3	0.720807781537	0.277715152247	2.1421742726	0.854711880135	0.67288218463	0.713008550024	0.812439492508	0.594245244079	0.743463649106	0.573687346544	0.92633261479	0.550715128081	0.502433523441	1.83032621073	0.0	0.505303378444	0.73954942001	0.718232261962	1.52610750604	1.04176855486	0.877384146931	0.728936056066	0.892310396327	0.898319801837	1.4738460899	0.715770507492	0.749467235379	0.708238269696	0.656316945384	0.695134103432	0.974897341711	0.833857095215	0.68398040116	0.742078356694	0.980412218463	0.829834654422	0.894351387144	0.475535770904	0.725017332044	0.599032687289	0.517287796037	1.14864692122	0.962611691638	0.479504925085	1.07963768004	0.957145920735	1.0304279942	0.910655940068	0.823337380377	0.84431017883	1.03659808603	0.996360497825	0.764161522475	0.805981222813	0.838867617206	0.783161005317	0.515815698405	0.947560376994	0.508735727405	0.86843681972	0.631988182697	0.91688677622
AH4	0.275539521508	0.296286302562	2.22474602223	0.910668453359	0.702825389077	0.627081208313	0.885871290478	0.580364069599	0.753515495408	0.610526027066	0.850065940068	0.556778738521	0.497528443693	1.90126927018	0.505303378444	0.0	0.650704446593	0.616739333011	1.45567301112	0.996957056549	0.798471971967	0.591524171097	0.775503508942	0.803429086515	1.43293489125	0.577340256162	0.644447559207	0.561392058966	0.601887274045	0.635895674239	0.760857955534	0.627356761721	0.706419371677	0.71531578057	0.98803777187	0.811653508942	0.82905619623	0.591853658772	0.623088405027	0.508312547124	0.429682387627	1.25575482359	1.09963222813	0.554154296762	0.997000169164	0.88540057999	0.977430057999	0.871314407927	0.819245553407	0.776465263412	0.995668018366	0.934641275979	0.605907298212	0.677614760754	0.756170473659	0.634310231996	0.382032841953	0.901460739488	0.367796379894	0.800774485259	0.553552895118	0.879564171097
AA7	0.75303	0.660303856936	2.44967066216	1.16632143548	0.995803262446	0.550825799903	1.20020622523	0.545924504592	0.525400937651	0.891767158047	0.507514494925	0.828187003383	0.559150715321	2.13456657322	0.73954942001	0.650704446593	0.0	0.166446109232	1.78943318511	1.30726003383	0.991510405993	0.586368076365	0.427125374577	0.466752373127	1.75289753987	0.838201725471	0.366389647173	0.404567747704	0.736652416626	0.872948366361	0.63612618173	0.385603083615	0.494176529725	0.517967341711	1.20228845336	1.01192468342	0.581962933784	0.80422138231	0.506395838569	0.892382899952	0.694494470759	1.49311785887	1.33224910585	0.826995978734	0.788694253262	0.65968182697	1.13586548574	0.918400729821	1.08239442726	1.00340552441	0.954872107298	1.01981986467	0.727356732721	0.69985120348	0.711294417593	0.697320565491	0.545985157081	1.03311932818	0.62138659739	0.947336031899	0.469597834703	0.936876254229
AA8	0.722122121798	0.616524088932	2.48055000483	1.1718137796	0.950117530208	0.497075166747	1.20027867569	0.499125297245	0.51625662639	0.889249217013	0.483969594007	0.777464644756	0.508097675205	2.1634180957	0.718232261962	0.616739333011	0.166446109232	0.0	1.79632092798	1.29992116481	0.972287042049	0.563582305462	0.454233397777	0.459961846303	1.72938467376	0.812014987917	0.372953948768	0.383267196713	0.722374040599	0.864670541324	0.615460671822	0.357734925085	0.474127762204	0.501637143548	1.15600756404	0.974099927501	0.538719434509	0.777501614306	0.439770860319	0.843951474142	0.644831097148	1.52449400193	1.35943874335	0.776475118415	0.744003707105	0.61000262929	1.08842764137	0.861329710005	1.03387647656	0.943964151764	0.897535219913	0.960649521508	0.664762832286	0.638459168681	0.65445619623	0.627437269212	0.55287956984	0.985387535041	0.636681416143	0.885932426293	0.405783518608	0.877308820686
AB7	1.44040196713	1.52973163847	1.19019202513	0.975257104882	1.41094256646	1.81024433059	1.28607117448	1.76533016916	1.92500830353	1.40753887385	2.0059837071	1.56924190913	1.7149140696	0.958581894635	1.52610750604	1.45567301112	1.78943318511	1.79632092798	0.0	0.559915722571	1.47353329628	1.59004878202	1.90703308845	1.9490462639	1.06314597873	1.39684313678	1.79000344128	1.6625039391	1.31663231996	1.17980784437	1.69861376027	1.70255813436	1.84571267279	1.89420263412	1.82097200097	1.84101736588	1.97457931851	1.45242974384	1.82316275012	1.45540077332	1.59227261479	0.987641831803	1.0474562494	1.53150054132	2.1335197825	2.03320567424	1.89106992267	1.94427433059	1.81099853552	1.80539498792	2.0585079797	1.96538869986	1.78046032866	1.82490824553	1.85629916385	1.78811892218	1.59098193813	1.89919370227	1.51862401643	1.85532350411	1.78232341228	1.94744623006
AB8	1.03197469309	1.03574298212	1.48342828903	0.498086370227	1.00828831319	1.29990790237	0.818745998067	1.25994799903	1.43686555341	0.910940048333	1.50058916385	1.07900050266	1.21033886902	1.18373728855	1.04176855486	0.996957056549	1.30726003383	1.29992116481	0.559915722571	0.0	1.00856388594	1.09340840986	1.40908108748	1.44704958434	1.08480789754	0.915449289512	1.29191323828	1.16476547124	0.813791242146	0.685963798937	1.25368155631	1.22673789754	1.36039071532	1.38762523925	1.37220326728	1.36067228613	1.47973926535	0.952592387627	1.33237286612	1.01680871435	1.14088583374	0.765116868052	0.722322305462	1.03043573224	1.64576756887	1.53124066216	1.51876032866	1.51006226196	1.36374085065	1.37428320928	1.63221765104	1.55539447559	1.3654162639	1.39169701788	1.43897910101	1.3653337941	1.13829761237	1.49824718221	1.06910305462	1.42181871435	1.27689716288	1.51446333494
AC7	0.82229059449	0.864925727405	1.97169043499	0.941623653939	1.02112035766	0.923032609956	0.883589787337	0.86559378927	1.0188219188	0.737795108748	1.08679333011	0.961889521508	0.937125026583	1.65744281779	0.877384146931	0.798471971967	0.991510405993	0.972287042049	1.47353329628	1.00856388594	0.0	0.509083392943	0.990437704205	1.0149117303	1.40295859836	0.694806969551	0.94427362494	0.814840473659	0.570956220396	0.531241014983	0.854439429676	0.841594195263	0.947304161431	0.970117651039	1.23135311745	1.17154508458	1.17691912035	0.768567341711	1.0261759884	0.931063707105	0.929686143064	1.19326077332	1.11113807153	0.782137269212	1.14453076849	1.03238690672	1.45579552441	1.41195488642	1.23551513775	1.2711982117	1.52912148864	1.47545765587	1.11114655872	1.17996053649	1.24839157081	1.13825434509	0.936812063799	1.41764400193	0.844066950217	1.28416251329	0.951729768004	1.40750698888
AC8	0.659104485259	0.649028820686	2.17455801353	0.988204871919	0.998699110681	0.587644741421	0.969906761721	0.525191875302	0.642494088932	0.716068980184	0.763541246979	0.829898182697	0.613487298212	1.85972505075	0.728936056066	0.591524171097	0.586368076365	0.563582305462	1.59004878202	1.09340840986	0.509083392943	0.0	0.594723881102	0.648447776704	1.54699935234	0.641741536974	0.48234142581	0.353610739488	0.462164050266	0.586521855969	0.599118772354	0.495635413243	0.564308124698	0.617001498308	1.13795964234	0.923227211213	0.815810768487	0.667212107298	0.655593939101	0.809933663606	0.67293658289	1.25570958917	1.11842592073	0.676285012083	0.901097225713	0.778273431609	1.2932181827	1.06861365877	1.04006477525	1.04832464959	1.16809630739	1.18162029483	0.815699154181	0.832751449976	0.89561842436	0.831409946834	0.572671870469	1.19354831319	0.588741237313	0.981380009667	0.577193160947	1.08223126148
AD7	0.859351749638	0.827930555824	2.41325594973	1.18140568874	1.21347405993	0.662347269212	1.28326999517	0.559114983084	0.457692953117	0.975679502175	0.401729864669	1.03880522475	0.716360903818	2.10104918318	0.892310396327	0.775503508942	0.427125374577	0.454233397777	1.90703308845	1.40908108748	0.990437704205	0.594723881102	0.0	0.152160860319	1.88468962301	0.906434098598	0.374009192847	0.474972232963	0.726620575157	0.897027892702	0.714210860319	0.515794461092	0.445131077815	0.529579279845	1.33582261479	1.12312080715	0.58946737071	0.845783856936	0.641261454809	1.03101159981	0.851255031416	1.47048198647	1.30261884002	0.881934432093	0.806035877235	0.697112025133	1.33422895602	1.09630037216	1.25091994683	1.18597315128	1.12238105848	1.21428249396	0.923340357661	0.879243508942	0.877062692122	0.88393940551	0.72702280812	1.24455059932	0.794152812953	1.10416877235	0.592824059932	1.11062782504
AD8	0.908056901885	0.818040057999	2.42694206863	1.21924258579	1.19638769937	0.655693204447	1.31089248913	0.525926505558	0.419071435476	1.00527410826	0.378739328178	1.02535009667	0.720942692122	2.11600754954	0.898319801837	0.803429086515	0.466752373127	0.459961846303	1.9490462639	1.44704958434	1.0149117303	0.648447776704	0.152160860319	0.0	1.89802657806	0.923497617206	0.380956007733	0.512377472209	0.753024625423	0.930297684872	0.749737597873	0.546396046399	0.425816993717	0.505401474142	1.34100391977	1.12886452876	0.5793679797	0.840247356211	0.637625195747	1.02802565491	0.848180753987	1.49085638956	1.31466848719	0.872797902368	0.784823707105	0.671934229096	1.32801496858	1.08118452876	1.24087753021	1.17721669889	1.11106765104	1.20693473175	0.914286814886	0.863468090865	0.852856785887	0.872977539874	0.756616244563	1.24004522475	0.858737423876	1.09348855002	0.588073881102	1.09811019333
AE7	1.37721172547	1.49243849686	1.8896120783	1.27231170614	1.2906858289	1.71019767521	1.20249231029	1.73196321411	1.90557811986	1.30089698405	1.97777654906	1.45897494442	1.62647468342	1.64123440793	1.4738460899	1.43293489125	1.75289753987	1.72938467376	1.06314597873	1.08480789754	1.40295859836	1.54699935234	1.88468962301	1.89802657806	0.0	0.998764514258	1.77827725955	1.63651638473	1.34292895118	1.28053413243	1.57384487192	1.62317856452	1.84667063799	1.85954888352	1.67354598357	1.74722936684	1.92902627356	1.4801718173	1.78701195747	1.36087103432	1.57210823103	1.45565547608	1.47847768487	1.49849932818	2.01279597873	1.93323557757	1.70793279845	1.84518741421	1.6616239826	1.65233605607	1.948879826	1.82309646689	1.66029987917	1.7231577042	1.77307415176	1.65817977767	1.57827070082	1.73401432576	1.47752613823	1.74769662639	1.73685078299	1.81269072982
AE8	0.622184842919	0.630573131948	2.1451059304	0.914418559691	0.784734760754	0.786137307878	0.833889516675	0.786867525375	0.968215055582	0.593773755437	1.0347417883	0.695897970034	0.741448699855	1.83051250362	0.715770507492	0.577340256162	0.838201725471	0.812014987917	1.39684313678	0.915449289512	0.694806969551	0.641741536974	0.906434098598	0.923497617206	0.998764514258	0.0	0.832736234896	0.704723035283	0.622215659739	0.603724224263	0.75523081682	0.719119009183	0.9050139826	0.91126860319	1.04243698405	0.972861092315	1.0028419623	0.68635677622	0.864820425326	0.641777926535	0.710595577574	1.22938693088	1.06952662639	0.708205911068	1.13150284195	1.03090929435	1.13646902852	1.10951423876	0.970676945384	0.96128857419	1.23443321411	1.18858541808	0.892117481875	0.94008258579	0.991553842436	0.902699091348	0.73166102465	1.13157970034	0.662069917835	0.992529163847	0.803853189947	1.1070502175
AF7	0.765947960367	0.655454789753	2.35803346544	1.14462708072	1.02699905752	0.548055853069	1.17212753987	0.476023383277	0.432291445143	0.870889014016	0.489702469792	0.858634388594	0.557578806187	2.04241723538	0.749467235379	0.644447559207	0.366389647173	0.372953948768	1.79000344128	1.29191323828	0.94427362494	0.48234142581	0.374009192847	0.380956007733	1.77827725955	0.832736234896	0.0	0.24408482842	0.65451757854	0.800719337844	0.663843755437	0.461578936684	0.405698414693	0.457164364427	1.15756353311	0.941052155631	0.522975674239	0.707354103432	0.527616930884	0.878378153697	0.662149511841	1.42263150797	1.2442557854	0.729422368294	0.764016524891	0.659125103915	1.17109262929	0.935672310295	1.05556926535	1.01397024166	0.967944441759	1.0561758724	0.758602551957	0.744483025616	0.756294185597	0.752537162881	0.575587419043	1.07517552924	0.680106259062	0.930823204447	0.455483856936	0.949360275495
AF8	0.640874403093	0.603600169164	2.29202700338	1.06129492508	0.985725442243	0.563837327211	1.06940962301	0.486479289512	0.543549681005	0.768906553891	0.660089318511	0.824688970517	0.557749067182	1.97521068632	0.708238269696	0.561392058966	0.404567747704	0.383267196713	1.6625039391	1.16476547124	0.814840473659	0.353610739488	0.474972232963	0.512377472209	1.63651638473	0.704723035283	0.24408482842	0.0	0.570306031899	0.705241179314	0.601000077332	0.404858245529	0.491207438376	0.536027559207	1.14240289995	0.941133552441	0.642715166747	0.714551469309	0.524580985984	0.796179560174	0.631177752537	1.35346855486	1.17797532624	0.724290260996	0.861084504592	0.742199415176	1.16273450942	0.932852721121	1.02212420493	0.990582996617	0.973360908652	1.05278247946	0.733855123248	0.739798728855	0.756111967134	0.736155659739	0.510447046883	1.06692873852	0.549172885452	0.912808438859	0.453515993233	0.947529347511
AG7	0.671580763654	0.649821744804	1.88189439826	0.679876355727	0.866190932818	0.700367670372	0.855782933784	0.585041048816	0.725527738038	0.608240425326	0.852859400677	0.780494180764	0.66229460609	1.58033385694	0.656316945384	0.601887274045	0.736652416626	0.722374040599	1.31663231996	0.813791242146	0.570956220396	0.462164050266	0.726620575157	0.753024625423	1.34292895118	0.622215659739	0.65451757854	0.570306031899	0.0	0.249920396327	0.779391329145	0.706364364427	0.670815142581	0.778953107782	1.22478466892	1.00891703238	0.928965161914	0.500731266312	0.775861894635	0.803038313195	0.708419579507	1.03461924601	0.88144518608	0.533638129531	1.09625617206	0.975428762687	1.31929689705	1.13544884485	1.12131287579	1.11730739488	1.24724659256	1.2239517303	0.917814301595	0.952087322378	0.994250739488	0.9275880232	0.6912840116	1.23301384244	0.653251184147	1.08631094248	0.725100604157	1.14505234413
AG8	0.665475147414	0.690776911551	1.79033971484	0.659759149348	0.84650359594	0.827618844853	0.715690231996	0.751312339294	0.920027138714	0.582579255679	1.0156581247	0.784581227646	0.771545074915	1.48478663606	0.695134103432	0.635895674239	0.872948366361	0.864670541324	1.17980784437	0.685963798937	0.531241014983	0.586521855969	0.897027892702	0.930297684872	1.28053413243	0.603724224263	0.800719337844	0.705241179314	0.249920396327	0.0	0.888899449009	0.832538438859	0.856026539391	0.894246118898	1.19790090865	1.07500563557	1.05366782987	0.512354920251	0.894088873852	0.782350560657	0.776341106815	0.966434267762	0.86349780087	0.593483794103	1.19866399227	1.08361356694	1.30162465926	1.22938882552	1.13184521991	1.15714884485	1.34848278395	1.30958958434	0.996249768004	1.02776490575	1.08390186564	1.00132094732	0.767107568874	1.25770240696	0.698097680039	1.16430618656	0.813346423393	1.23522692122
AH7	0.753708651522	0.857090589657	2.43004732238	1.28870114065	1.14868402127	0.776169294345	1.16387150797	0.809895239246	0.886215239246	0.933743963267	0.837713310778	0.994769434509	0.826548458192	2.13503766554	0.974897341711	0.760857955534	0.63612618173	0.615460671822	1.69861376027	1.25368155631	0.854439429676	0.599118772354	0.714210860319	0.749737597873	1.57384487192	0.75523081682	0.663843755437	0.601000077332	0.779391329145	0.888899449009	0.0	0.29257821653	0.872252136298	0.881196906718	1.17243769937	1.03936358627	0.82292937651	0.944659366844	0.756283644273	0.949650231996	0.834475635573	1.52522441759	1.39316009183	0.953772841953	0.966876578057	0.876149178347	1.25924769454	1.06195201547	1.17292182697	1.06396177864	1.12796168197	1.1509961189	0.838189681005	0.812245456742	0.849801304978	0.810572305462	0.763703885935	1.17375690672	0.779035166747	1.00682331561	0.737717791203	1.06492290962
AH8	0.712190492992	0.710452711455	2.43309961334	1.2046759449	1.03981963751	0.598291793137	1.13518363461	0.593273233446	0.674394306428	0.851716959884	0.659247361044	0.882048443693	0.662996689222	2.11726488159	0.833857095215	0.627356761721	0.385603083615	0.357734925085	1.70255813436	1.22673789754	0.841594195263	0.495635413243	0.515794461092	0.546396046399	1.62317856452	0.719119009183	0.461578936684	0.404858245529	0.706364364427	0.832538438859	0.29257821653	0.0	0.655098985017	0.650647573707	1.15117387627	0.967565389077	0.663961387144	0.83449977767	0.568272648623	0.862228168197	0.711997409377	1.49533504592	1.33764420493	0.836518550024	0.805257066216	0.696927481875	1.17757257129	0.967676070565	1.07849900918	0.986009304012	0.991482450459	1.06717145481	0.737929618173	0.714251609473	0.73215699855	0.715444171097	0.627625872402	1.08555756887	0.671409623006	0.919725833736	0.538392025133	0.978959115515
AA5	0.840514001933	0.617718772354	2.29616411793	1.11253604157	0.97788178347	0.510273204447	1.20328866119	0.307262551957	0.212802484292	0.889061116481	0.437714320928	0.795202701788	0.557965949734	1.98787012083	0.68398040116	0.706419371677	0.494176529725	0.474127762204	1.84571267279	1.36039071532	0.947304161431	0.564308124698	0.445131077815	0.425816993717	1.84667063799	0.9050139826	0.405698414693	0.491207438376	0.670815142581	0.856026539391	0.872252136298	0.655098985017	0.0	0.273786752054	1.18021438859	0.940746781054	0.58789237796	0.642522397293	0.577569671339	0.87235621073	0.643615389077	1.31433930884	1.13398580957	0.629022551957	0.767531846303	0.641477138714	1.26842878202	1.03418341711	1.06391095698	1.07140093282	1.07834981634	1.16517257612	0.828347075882	0.82944542291	0.816619685839	0.838161300145	0.605085891735	1.18251365394	0.718558061866	1.00106972934	0.513628506525	1.05764981634
AA6	0.850887636539	0.638138371194	2.4007922233	1.18232885452	0.948276723055	0.418491962301	1.18315837119	0.36601622523	0.334279308845	0.892738434026	0.444459014016	0.758775978734	0.53247499275	2.08266938134	0.742078356694	0.71531578057	0.517967341711	0.501637143548	1.89420263412	1.38762523925	0.970117651039	0.617001498308	0.529579279845	0.505401474142	1.85954888352	0.91126860319	0.457164364427	0.536027559207	0.778953107782	0.894246118898	0.881196906718	0.650647573707	0.273786752054	0.0	1.06511184147	0.815896665056	0.507021353311	0.674402943451	0.488477109715	0.873904519091	0.594829632673	1.41997945868	1.23752159014	0.618828453359	0.549809927501	0.434177327211	1.14823895602	0.924780676655	0.946758501692	0.925016810053	0.974630555824	1.03799492025	0.696077868536	0.711434262929	0.719524717255	0.712165316578	0.61655438376	1.05155605607	0.727088158531	0.851571967134	0.46537179797	0.946059671339
AB5	1.08527468342	0.909362866119	2.49877163364	1.34309486709	0.814403847269	0.958058071532	1.15687246496	1.05752518608	1.18150686805	0.965221391977	1.1827317158	0.748780280329	0.972047791203	2.19188195747	0.980412218463	0.98803777187	1.20228845336	1.15600756404	1.82097200097	1.37220326728	1.23135311745	1.13795964234	1.33582261479	1.34100391977	1.67354598357	1.04243698405	1.15756353311	1.14240289995	1.22478466892	1.19790090865	1.17243769937	1.15117387627	1.18021438859	1.06511184147	0.0	0.386075427743	0.970920357661	0.999121522475	0.951837631706	0.853828714355	0.834515142581	1.55910061866	1.41628295312	0.923355828903	0.991781527308	0.936298148864	0.836749337844	0.936024436926	0.739828467859	0.750526901885	1.04809980667	0.951055258579	0.812129942001	0.874046336394	0.945328090865	0.891818569357	0.987523064282	0.846945210246	0.997394538424	0.806837109715	0.987894842919	0.913745838569
AB6	0.95265380377	0.733580613823	2.50006897535	1.29455341711	0.803550768487	0.733054224263	1.11099663122	0.82604939101	0.947169342678	0.902051416143	0.982110517158	0.602371135814	0.759153069116	2.18668345578	0.829834654422	0.811653508942	1.01192468342	0.974099927501	1.84101736588	1.36067228613	1.17154508458	0.923227211213	1.12312080715	1.12886452876	1.74722936684	0.972861092315	0.941052155631	0.941133552441	1.00891703238	1.07500563557	1.03936358627	0.967565389077	0.940746781054	0.815896665056	0.386075427743	0.0	0.777358695022	0.812707332044	0.769478115031	0.803822141131	0.63890242146	1.518960203	1.35314937168	0.699827022716	0.746378927018	0.738768066699	0.744507462542	0.67158658289	0.534990468826	0.528403537941	0.789960029	0.710731005317	0.627202324795	0.6951659884	0.768223460609	0.729014915418	0.780202107298	0.675203702272	0.812975234413	0.535018743354	0.797863378444	0.650451116481
AC5	0.940473117448	0.786368124698	2.60174121315	1.38702537458	1.0095677912	0.566651527308	1.27605168197	0.591522711455	0.524667564041	0.979522870952	0.459135679072	0.7690419913	0.695157709038	2.29487633156	0.894351387144	0.82905619623	0.581962933784	0.538719434509	1.97457931851	1.47973926535	1.17691912035	0.815810768487	0.58946737071	0.5793679797	1.92902627356	1.0028419623	0.522975674239	0.642715166747	0.928965161914	1.05366782987	0.82292937651	0.663961387144	0.58789237796	0.507021353311	0.970920357661	0.777358695022	0.0	0.779888405027	0.461001333978	0.937295297245	0.70461320928	1.65786506525	1.4724062204	0.74413478492	0.532105016916	0.445235065249	0.988940009667	0.764097844369	0.908287269212	0.837242194297	0.774582348961	0.838772416626	0.613326094732	0.564848501692	0.557280947318	0.592602928951	0.758319342678	0.89626777187	0.863367162881	0.753519990333	0.54345138231	0.760108767521
AC6	0.74422479942	0.512062203963	1.98972775254	0.777377655872	0.68755240696	0.64639618173	0.711025055582	0.536804475592	0.73352898985	0.49555080232	0.842642469792	0.581057984534	0.603969700338	1.68009698405	0.475535770904	0.591853658772	0.80422138231	0.777501614306	1.45242974384	0.952592387627	0.768567341711	0.667212107298	0.845783856936	0.840247356211	1.4801718173	0.68635677622	0.707354103432	0.714551469309	0.500731266312	0.512354920251	0.944659366844	0.83449977767	0.642522397293	0.674402943451	0.999121522475	0.812707332044	0.779888405027	0.0	0.712691130981	0.621429908168	0.568271532141	0.91761099565	0.733453562107	0.299158859352	0.996105659739	0.87835820203	1.11016794103	1.01635956017	0.909665041083	0.938194040599	1.14125580957	1.09390887385	0.8102359884	0.864212730788	0.924832310295	0.831331614306	0.595409797003	1.04644995167	0.60952662639	0.949410879652	0.670706312228	1.02178129048
AD6	0.731208496858	0.581846133398	2.48680589174	1.19120506525	0.832868003867	0.381054117931	1.13332704205	0.443416892218	0.544597694538	0.830638298695	0.492000067666	0.666242174964	0.487633910101	2.17135029	0.725017332044	0.623088405027	0.506395838569	0.439770860319	1.82316275012	1.33237286612	1.0261759884	0.655593939101	0.641261454809	0.637625195747	1.78701195747	0.864820425326	0.527616930884	0.524580985984	0.775861894635	0.894088873852	0.756283644273	0.568272648623	0.577569671339	0.488477109715	0.951837631706	0.769478115031	0.461001333978	0.712691130981	0.0	0.717792996617	0.433164683422	1.52420151764	1.34188050749	0.659180681489	0.679218675689	0.556306829386	0.887213948768	0.662636568391	0.835105838569	0.725736471725	0.722042000967	0.787709333011	0.489383832769	0.470994562591	0.506325983567	0.478829927501	0.554001034316	0.79847242146	0.654828699855	0.666449608507	0.301013972934	0.684500328661
AE5	0.577252252296	0.521128303528	2.26935694538	0.978670502658	0.627935306912	0.783843412276	0.824676220396	0.736379130014	0.966972160464	0.561468211696	1.02033051232	0.57661539391	0.698233740938	1.95083237313	0.599032687289	0.508312547124	0.892382899952	0.843951474142	1.45540077332	1.01680871435	0.931063707105	0.809933663606	1.03101159981	1.02802565491	1.36087103432	0.641777926535	0.878378153697	0.796179560174	0.803038313195	0.782350560657	0.949650231996	0.862228168197	0.87235621073	0.873904519091	0.853828714355	0.803822141131	0.937295297245	0.621429908168	0.717792996617	0.0	0.382441894635	1.24125369261	1.07569072982	0.608609424843	1.12071260029	1.02273874335	0.89178502175	0.886720507492	0.821838487192	0.734765940068	1.00863605123	0.9341260029	0.644304262929	0.722895476075	0.808540758821	0.660097704205	0.542934137264	0.867805746738	0.516225311745	0.795039811503	0.745539826003	0.882850734654
AE6	0.55725121798	0.376042841953	2.35610250362	1.05769645723	0.671093247946	0.525801034316	0.92513980667	0.512837689705	0.686511251812	0.644556051232	0.754570280329	0.52670421943	0.464854050266	2.03681386177	0.517287796037	0.429682387627	0.694494470759	0.644831097148	1.59227261479	1.14088583374	0.929686143064	0.67293658289	0.851255031416	0.848180753987	1.57210823103	0.710595577574	0.662149511841	0.631177752537	0.708419579507	0.776341106815	0.834475635573	0.711997409377	0.643615389077	0.594829632673	0.834515142581	0.63890242146	0.70461320928	0.568271532141	0.433164683422	0.382441894635	0.0	1.34993741421	1.17137538908	0.480323682939	0.859825650072	0.752379487675	0.857958429193	0.722136544224	0.697619743838	0.621129632673	0.850299695505	0.79503820203	0.474166669889	0.524469714838	0.582543523441	0.486144586757	0.404987051716	0.766879888835	0.437939028516	0.619127718705	0.470844987917	0.730498941518
AF5	1.31591940068	1.24354227646	1.26866599807	0.65157737071	1.20671920735	1.43387738521	0.855593634606	1.27816356211	1.39266606573	1.01549429676	1.55247700338	1.27254845819	1.34989609473	0.965096060899	1.14864692122	1.25575482359	1.49311785887	1.52449400193	0.987641831803	0.765116868052	1.19326077332	1.25570958917	1.47048198647	1.49085638956	1.45565547608	1.22938693088	1.42263150797	1.35346855486	1.03461924601	0.966434267762	1.52522441759	1.49533504592	1.31433930884	1.41997945868	1.55910061866	1.518960203	1.65786506525	0.91761099565	1.52420151764	1.24125369261	1.34993741421	0.0	0.254532638956	1.06807927018	1.77965017883	1.67046227646	1.74033148381	1.71784991783	1.59425517641	1.62764093765	1.83807404543	1.79274585307	1.57300933301	1.63547055099	1.69334035766	1.60885744804	1.29942428226	1.73791334944	1.24703336878	1.65073011116	1.46060770904	1.72571573707
AF6	1.18320910101	1.06653083615	1.41244211696	0.506453866602	1.05617814886	1.26173748671	0.769165316578	1.09907469309	1.21093144514	0.85125257129	1.38359517158	1.11122270179	1.17903874819	1.11576120831	0.962611691638	1.09963222813	1.33224910585	1.35943874335	1.0474562494	0.722322305462	1.11113807153	1.11842592073	1.30261884002	1.31466848719	1.47847768487	1.06952662639	1.2442557854	1.17797532624	0.88144518608	0.86349780087	1.39316009183	1.33764420493	1.13398580957	1.23752159014	1.41628295312	1.35314937168	1.4724062204	0.733453562107	1.34188050749	1.07569072982	1.17137538908	0.254532638956	0.0	0.890106495892	1.59844869502	1.49014458192	1.58302424843	1.54034903335	1.43957065732	1.47474041083	1.65136401643	1.63522397293	1.40399516675	1.45940831319	1.50985681489	1.43435323828	1.1231317883	1.57873311261	1.07642550507	1.48561837119	1.27968119865	1.5444881827
AG5	0.725136331561	0.45510282262	2.11093036249	0.865248047366	0.589128453359	0.568307655872	0.790769850169	0.489136288062	0.680466292895	0.524124161431	0.783249400677	0.482872580957	0.528625389077	1.79881723538	0.479504925085	0.554154296762	0.826995978734	0.776475118415	1.53150054132	1.03043573224	0.782137269212	0.676285012083	0.881934432093	0.872797902368	1.49849932818	0.708205911068	0.729422368294	0.724290260996	0.533638129531	0.593483794103	0.953772841953	0.836518550024	0.629022551957	0.618828453359	0.923355828903	0.699827022716	0.74413478492	0.299158859352	0.659180681489	0.608609424843	0.480323682939	1.06807927018	0.890106495892	0.0	0.916601058482	0.808391793137	1.03482882069	0.928750512325	0.808856012566	0.820269768004	1.04492333011	0.985038907685	0.681975041083	0.754711860802	0.838111353311	0.699142324795	0.583430357661	0.95303462059	0.573840082165	0.827775306912	0.614408748188	0.927656969551
