	AA3	AA4	AB3	AB4	AC3	AC4	AD3	AD4	AE3	AE4	AF3	AF4	AG3	AG4	AH3	AH4	AA7	AA8	AB7	AB8	AC7	AC8	AD7	AD8	AE7	AE8	AF7	AF8	AG7	AG8	AH7	AH8	AA5	AA6	AB5	AB6	AC5	AC6	AD6	AE5	AE6	AF5	AF6	AG5	AH5	AH6	AA1	AA2	AB1	AB2	AC1	AC2	AD1	AD2	AE1	AE2	AF1	AF2	AG1	AG2	AH1	AH2
AA3	0.0	0.5447040116	2.23942666506	0.916651923635	0.871719903335	0.781414132431	0.863088303528	0.814443972934	0.913734567424	0.701088018366	0.972120488159	0.723778327695	0.750188298695	1.87887824553	0.740850797487	0.254379647173	0.839267704205	0.806584456259	1.43233968101	0.996620111165	0.834875886902	0.698492803287	0.919459255679	0.926527438376	1.34679745288	0.60282659739	0.767707501208	0.637529971	0.740667912035	0.706343755437	0.77937081682	0.671136703722	0.852265882069	0.867751474142	1.05836484292	0.916194200097	0.92899257129	0.766075582407	0.758745161914	0.548294929918	0.641497100048	1.26707608507	1.20227380377	0.745190826486	1.1362097245	1.0867442436	0.973300637989	0.926620560657	0.924974630256	0.858489463509	1.06440621073	0.984426288062	0.635954915418	0.713904929918	0.804399666506	0.699285234413	0.570088322861	0.885205418076	0.513594113098	0.884774751087	0.676568598357	0.97371420493
AA4	0.5447040116	0.0	2.22389471725	0.832733064282	0.647389869502	0.53447742871	0.85443662639	0.531551416143	0.688261527308	0.610257530208	0.792539163847	0.425672634123	0.428478690188	1.85997125665	0.288620376994	0.334092667956	0.670971532141	0.678488448526	1.55060957951	1.02199804253	0.857094968584	0.648174630256	0.811166679555	0.815989304012	1.49925397293	0.619072774287	0.6612179797	0.566876718221	0.631691884969	0.691349487675	0.864128728855	0.743772498792	0.601569710005	0.625276220396	0.912649908168	0.692297950701	0.740529275012	0.491001401643	0.558983054616	0.514401367811	0.399994306428	1.19473054616	1.10477757371	0.460780637989	0.94270462059	0.860565567907	0.944373861769	0.800803856936	0.76508499275	0.778138550024	0.955018003867	0.901775529241	0.566359661672	0.630993030449	0.707571304978	0.634059415176	0.450327017883	0.814700043499	0.442452721121	0.761029714838	0.471711507975	0.853526694055
AB3	2.23942666506	2.22389471725	0.0	1.49980233929	2.16144292412	2.38197891252	1.92077388594	2.3016522813	2.35664327211	2.06673927501	2.50851987434	2.26284941034	2.31653884969	0.40613659739	2.1150637941	2.2554081102	2.47311789754	2.49076301112	1.18303158531	1.49834060899	1.9566121798	2.18279582407	2.41141328661	2.40067513775	1.89554162397	2.12046025133	2.35785518125	2.24317855969	1.89476237796	1.78583095215	2.44050521508	2.4292178492	2.27750705655	2.39431643789	2.53457337361	2.48205368294	2.60450934751	1.99775511358	2.50132799903	2.30124083132	2.3896198985	1.2849080957	1.3544800725	2.05503283229	2.73796453842	2.63788031416	2.65636087482	2.65659892218	2.5404938521	2.62668135814	2.77278513291	2.71819005317	2.5329758289	2.59435601257	2.61708198163	2.57855188014	2.30760765104	2.64508094732	2.29585914451	2.61013935718	2.38511494442	2.70131497342
AB4	0.916651923635	0.832733064282	1.49980233929	0.0	0.884265041083	0.991750463992	0.776670077332	0.985695403577	1.11291634123	0.767435050749	1.19054704688	0.908162634123	0.843109705172	1.12021582407	0.778602324795	0.874159526341	1.13040490575	1.14390869502	1.05226130981	0.523048197197	0.86799518608	0.88161380377	1.10688663606	1.0955137651	1.29810741421	0.836002841953	1.06798617206	0.922113939101	0.610065577574	0.543804059932	1.21521438859	1.1239682697	1.03175347511	1.09825798453	1.34595797487	1.22766119381	1.31082942484	0.719306916385	1.12679322861	0.934307945868	1.01812175447	0.652022179797	0.569957955534	0.740904238763	1.4316760319	1.3480042871	1.41177809087	1.34288805703	1.28883848236	1.33902371677	1.50199541808	1.45249980667	1.17732172547	1.24069764621	1.31636173997	1.2373722668	0.973566191397	1.35718370227	0.951780575157	1.31558564041	1.02327182214	1.40093685839
AC3	0.871719903335	0.647389869502	2.16144292412	0.884265041083	0.0	0.761458192363	0.841838221363	0.857385558241	0.993582532624	0.685782982117	1.11103095698	0.312514567424	0.808795219913	1.80586381344	0.617563054616	0.76666961334	1.0103497535	1.01526994683	1.44324667956	0.99535539391	1.07710163847	1.03624147414	1.21620726921	1.21345505558	1.32020253746	0.830680691155	1.07916242629	0.992340024166	0.879914707588	0.859453218946	1.20187449009	1.08289043983	0.969609062349	0.977661246979	0.814223702272	0.765917477042	0.967931701305	0.702492334461	0.887843528275	0.68897956984	0.723828400193	1.16748512325	1.08804205897	0.591041266312	1.17313400677	1.11658766554	0.857571300145	0.921519555341	0.743690792653	0.846163489609	1.07980280812	0.956581261479	0.751334683422	0.815920956984	0.881976930884	0.797755113581	0.857680405993	0.877221870469	0.828299990333	0.858770971484	0.875260246496	0.964890821653
AC4	0.781414132431	0.53447742871	2.38197891252	0.991750463992	0.761458192363	0.0	1.12198512325	0.359696723055	0.440706302562	0.841028221363	0.412073740938	0.496938714355	0.433238999517	2.02214939101	0.677099149348	0.63850117448	0.578879516675	0.550551541808	1.82028142098	1.27551906718	0.941706239729	0.606470811986	0.628747307878	0.629768917351	1.74593854519	0.786213228613	0.550506495892	0.518353499275	0.647755258579	0.805843368777	0.823816897052	0.650006476559	0.459387612373	0.371539381344	0.978804659256	0.722339313678	0.52905918318	0.640105558241	0.386540715321	0.738631014983	0.446631077815	1.37547898502	1.29245703238	0.628457641373	0.669406940551	0.581747317545	1.02646557757	0.801444871919	0.822508521025	0.808706399227	0.860016167231	0.934303281779	0.549032025133	0.600263354277	0.652746172064	0.640470106332	0.591873455776	0.896411817303	0.628971232479	0.76107717738	0.423965843403	0.827603842436
AD3	0.863088303528	0.85443662639	1.92077388594	0.776670077332	0.841838221363	1.12198512325	0.0	1.02274759787	1.28287658772	0.365156698888	1.34550736104	0.891517564041	1.05901113098	1.56097110198	0.771853504108	0.860380758821	1.2245259159	1.18889035283	1.31625716771	0.816176901885	0.867320285162	0.951398738521	1.29372150797	1.28294448043	1.21703268729	0.810580130498	1.1562058579	1.00030621073	0.885309110681	0.729409671339	1.15207775737	1.10128457226	1.16150832769	1.16149102948	1.16284	1.05849758337	1.22961840986	0.692444910585	1.10852858386	0.801199724505	0.970186689222	0.853286012566	0.804381449976	0.713769434509	1.3950641566	1.33170532624	1.31936104398	1.33329159014	1.14675923151	1.20305426776	1.47412390043	1.38234908168	1.12640742388	1.17699108748	1.25133470759	1.14020154181	0.976390062832	1.2783221218	0.938770826486	1.18831716771	1.10959882552	1.34901472692
AD4	0.814443972934	0.531551416143	2.3016522813	0.985695403577	0.857385558241	0.359696723055	1.02274759787	0.0	0.301401652972	0.7233020058	0.474877162881	0.631166205897	0.517705273079	1.9421978782	0.639749192847	0.662958332528	0.556511126148	0.541210826486	1.83619022716	1.29272548574	0.912057288545	0.573353470275	0.535293069116	0.534533750604	1.78837384727	0.813296640889	0.461285935234	0.467875538908	0.5932399855	0.796865253746	0.822485906235	0.667820821653	0.30314662639	0.342724262929	1.08296072499	0.811749308845	0.543185775737	0.583891880135	0.442740212663	0.755092774287	0.480927568874	1.27985650072	1.18869085549	0.593148129531	0.705405297245	0.610315273079	1.12458318028	0.894055389077	0.965381657806	0.932159971	0.942034581924	1.03499461092	0.65905101015	0.687986215563	0.722438912518	0.760788704688	0.562262010633	1.00214216046	0.627329463509	0.895234200097	0.498332948284	0.914751430643
AE3	0.913734567424	0.688261527308	2.35664327211	1.11291634123	0.993582532624	0.440706302562	1.28287658772	0.301401652972	0.0	0.983351440309	0.371038728855	0.761443025616	0.590054601257	2.00826511841	0.763551522475	0.799839337844	0.528215089415	0.543574035766	1.96714552924	1.43282265346	1.0158339536	0.688565118415	0.454061101982	0.454769342678	1.93765826486	0.964140758821	0.444683102948	0.564577259546	0.719213489609	0.936299666506	0.902003653939	0.747049908168	0.280531710971	0.326317361044	1.18593816336	0.93111081682	0.573914697922	0.771240821653	0.553460463992	0.952246935718	0.625712266796	1.37853883035	1.29327823103	0.764349521508	0.746296848719	0.619766350894	1.21824408893	0.983952682455	1.08064816336	1.03174559691	1.02271502658	1.12983400193	0.750022774287	0.783969772837	0.801735596907	0.854341416143	0.686388061866	1.10778061382	0.757239429676	0.990497167714	0.578681648139	1.00806138714
AE4	0.701088018366	0.610257530208	2.06673927501	0.767435050749	0.685782982117	0.841028221363	0.365156698888	0.7233020058	0.983351440309	0.0	1.07950490092	0.655677626873	0.81349419043	1.7068017303	0.585286587724	0.631182358627	0.965550666989	0.93814681972	1.45800668439	0.939060241663	0.767452711455	0.719235476075	1.01247917351	1.00268911551	1.35043913001	0.605407182214	0.863544528758	0.718395708072	0.639012991783	0.599830130498	0.962980749154	0.877729362011	0.866605374577	0.889893441276	0.985221251812	0.865106123731	0.966784717255	0.47667497825	0.841896244563	0.594597960367	0.69886139681	0.987057597873	0.899930077332	0.499935335911	1.15256738038	1.0955342726	1.11315325761	1.11829872885	0.973826563557	1.02427364427	1.26536390527	1.17411764137	0.89457179797	0.918958458192	1.00489542774	0.920291300145	0.722360111165	1.06532701788	0.690991430643	1.00935901885	0.840390304495	1.13684994683
AF3	0.972120488159	0.792539163847	2.50851987434	1.19054704688	1.11103095698	0.412073740938	1.34550736104	0.474877162881	0.371038728855	1.07950490092	0.0	0.850713914935	0.664775389077	2.15428075399	0.928152300628	0.885867365877	0.500769149348	0.509092803287	2.02833861286	1.4869362494	1.07266498792	0.764183064282	0.397221503142	0.405480521991	1.98122119865	1.0226019043	0.500009265346	0.664976317061	0.828163702272	1.02191611406	0.833307554374	0.695916863219	0.452082368294	0.433181996133	1.19166762204	0.979639154181	0.512437854036	0.866057723538	0.514496669889	0.982842580957	0.681131817303	1.53003102465	1.44980522475	0.868272996617	0.686704470759	0.565353808603	1.21863563557	0.990131701305	1.10963850169	1.02835112131	1.02413906235	1.10749921701	0.778506974384	0.763138612856	0.814392131464	0.807291551474	0.818745350411	1.08094528758	0.860967216046	0.989711333978	0.563473243113	1.00466772354
AF4	0.723778327695	0.425672634123	2.26284941034	0.908162634123	0.312514567424	0.496938714355	0.891517564041	0.631166205897	0.761443025616	0.655677626873	0.850713914935	0.0	0.580024432093	1.90363267762	0.494434142098	0.579598361527	0.817820541324	0.803061594973	1.58696081199	1.05831688255	0.948355036249	0.806991942968	0.990357941034	0.990355828903	1.46886546641	0.650803977767	0.850239719671	0.768630541324	0.749464277429	0.7599199855	0.998901662639	0.900246138231	0.739539656839	0.741625654906	0.793407588207	0.590701140648	0.757971179314	0.578263441276	0.67738658289	0.568000343161	0.5321660029	1.22386176897	1.138340029	0.461492798453	0.957314857419	0.886901498308	0.827590449493	0.783385152247	0.641788434026	0.709271358144	0.944341416143	0.847948985017	0.58941161914	0.657865490575	0.743682750121	0.648480352827	0.661581227646	0.763156660222	0.644094093765	0.705838134364	0.655805862736	0.817523658772
AG3	0.750188298695	0.428478690188	2.31653884969	0.843109705172	0.808795219913	0.433238999517	1.05901113098	0.517705273079	0.590054601257	0.81349419043	0.664775389077	0.580024432093	0.0	1.93435847269	0.509649990333	0.573206157564	0.574481561141	0.577636834219	1.74443541324	1.20415761237	0.935125596907	0.635083460609	0.685263639439	0.696644407927	1.6353337071	0.734768313195	0.600176012566	0.580730700822	0.657999758337	0.78654757854	0.842092078299	0.711568231029	0.569170217496	0.531588337361	1.0079419478	0.77280222813	0.717295418076	0.63232939101	0.527120584824	0.70404262929	0.449710560657	1.31488954567	1.23015980184	0.590245060416	0.869335751571	0.783069072015	0.996837394877	0.766568675689	0.840255814403	0.813578303528	0.925937921701	0.913950710488	0.560472445626	0.621137298212	0.70217759304	0.65139502175	0.488523494442	0.889693011116	0.522428675689	0.78303780087	0.41622439826	0.829687472209
AG4	1.87887824553	1.85997125665	0.40613659739	1.12021582407	1.80586381344	2.02214939101	1.56097110198	1.9421978782	2.00826511841	1.7068017303	2.15428075399	1.90363267762	1.93435847269	0.0	1.75776072015	1.88661881102	2.12201086999	2.13648898502	0.905495635573	1.14376875785	1.60318496858	1.82398737554	2.05632181247	2.0447682262	1.61427461576	1.76394782987	2.00112580474	1.88353204447	1.53912227163	1.42902251329	2.10074114548	2.07465552924	1.93309672305	2.03743741421	2.18349120831	2.12632143548	2.24963594973	1.64633763654	2.14087555824	1.93770730788	2.0253578782	0.936984896085	1.01297566457	1.69526827936	2.37907633156	2.27824884002	2.29783701788	2.29640189947	2.17855890768	2.25977653456	2.41657159014	2.36059313678	2.1755800725	2.23258540841	2.26386945384	2.21931984534	1.95113749154	2.29002034799	1.94011185597	2.24417991783	2.02796150797	2.34359170614
AH3	0.740850797487	0.288620376994	2.1150637941	0.778602324795	0.617563054616	0.677099149348	0.771853504108	0.639749192847	0.763551522475	0.585286587724	0.928152300628	0.494434142098	0.509649990333	1.75776072015	0.0	0.545169951667	0.780967897535	0.796478608023	1.52183159981	0.996207960367	0.871072068632	0.767574098598	0.910593078782	0.918229951667	1.45468544708	0.703553151281	0.78711477042	0.71289777187	0.661126056066	0.67008557274	1.01480081199	0.894983151281	0.6821640261	0.746502107298	0.988148709522	0.808437486709	0.889217375544	0.485067965201	0.716511261479	0.604911227646	0.565217718705	1.06378183664	0.971237960367	0.434212286129	1.09812797487	1.00941615273	1.01315458676	0.900546138231	0.855057307878	0.895605036249	1.05961957951	1.02235840019	0.746155302078	0.799419797003	0.841017017883	0.80468358144	0.586972866119	0.929573943934	0.5838279942	0.869345442243	0.641403987434	0.954869652006
AH4	0.254379647173	0.334092667956	2.2554081102	0.874159526341	0.76666961334	0.63850117448	0.860380758821	0.662958332528	0.799839337844	0.631182358627	0.885867365877	0.579598361527	0.573206157564	1.88661881102	0.545169951667	0.0	0.699751198647	0.675131159981	1.45919884485	1.00473938134	0.84300221363	0.63578080232	0.796535306912	0.793266341228	1.41182898018	0.562416423393	0.665141793137	0.549792315128	0.657257138714	0.690385828903	0.774045969067	0.624795819236	0.723001333978	0.727848356694	0.992772049299	0.793051836636	0.805111271145	0.612979579507	0.639654456259	0.474306534558	0.484384615756	1.24274908168	1.16266962301	0.598137365877	1.00896639439	0.955026974384	0.942292116965	0.844593827936	0.833794983084	0.789260352827	0.986292073465	0.914880976317	0.572228579024	0.641054214596	0.726410381827	0.642948274529	0.410521445143	0.828918714355	0.382625273079	0.79190742871	0.546202087965	0.887576249396
AA7	0.839267704205	0.670971532141	2.47311789754	1.13040490575	1.0103497535	0.578879516675	1.2245259159	0.556511126148	0.528215089415	0.965550666989	0.500769149348	0.817820541324	0.574481561141	2.12201086999	0.780967897535	0.699751198647	0.0	0.130497187047	1.83740498792	1.32462216046	1.0185462204	0.66033520058	0.435042667956	0.44887218463	1.78270444176	0.861917404543	0.35755942001	0.483227167714	0.775801889802	0.909201145481	0.652264311261	0.460170294828	0.500019125181	0.513427530208	1.19207443209	1.00054349928	0.528242131464	0.823874451426	0.51261438376	0.887806085065	0.636598482359	1.49740743354	1.41630561624	0.861887945868	0.777743914935	0.667485538908	1.10371937168	0.877199284679	1.07412341711	0.977376723055	0.907456660222	0.994798042533	0.695907153214	0.657242696955	0.709380033833	0.717420555824	0.545013668439	0.968640826486	0.588039130014	0.970278434026	0.467124944418	0.905940884485
AA8	0.806584456259	0.678488448526	2.49076301112	1.14390869502	1.01526994683	0.550551541808	1.18889035283	0.541210826486	0.543574035766	0.93814681972	0.509092803287	0.803061594973	0.577636834219	2.13648898502	0.796478608023	0.675131159981	0.130497187047	0.0	1.84552746254	1.31564449976	0.971116167231	0.617805814403	0.446493900435	0.458071952634	1.7607799855	0.826255374577	0.359983663606	0.448748105365	0.758251488642	0.89771777187	0.607818540358	0.403235592073	0.503129304012	0.495525432576	1.17735030449	0.985453330111	0.504187225713	0.821576346061	0.49655142581	0.858883697438	0.641538608023	1.51368042533	1.42921499275	0.845338550024	0.740126602223	0.642465674239	1.11152166264	0.883728235863	1.06772758337	0.959618327695	0.912950637989	0.991735693572	0.675606186564	0.644950923151	0.707989700338	0.71000720638	0.545933591107	0.978859463509	0.572096868052	0.955969840503	0.460939714838	0.907129052682
AB7	1.43233968101	1.55060957951	1.18303158531	1.05226130981	1.44324667956	1.82028142098	1.31625716771	1.83619022716	1.96714552924	1.45800668439	2.02833861286	1.58696081199	1.74443541324	0.905495635573	1.52183159981	1.45919884485	1.83740498792	1.84552746254	0.0	0.591906143064	1.50643071532	1.606130145	1.92241761237	1.91938234413	1.07166131948	1.40428116481	1.80459107782	1.6405357419	1.36137631223	1.16181715321	1.7256057129	1.67079842436	1.85050356211	1.9102278492	1.85639287579	1.82792969551	1.94924653939	1.4747940841	1.85233145481	1.49533229096	1.67002007733	0.984965596907	1.0004577187	1.47145057516	2.15961541808	2.10837154181	1.91474042533	1.95167911068	1.8349177622	1.8710577767	2.0722659884	1.99460441276	1.77921216046	1.83505091348	1.87715965684	1.80904113581	1.63957196713	1.89613705655	1.59210780087	1.87835239246	1.76306448043	1.99137562591
AB8	0.996620111165	1.02199804253	1.49834060899	0.523048197197	0.99535539391	1.27551906718	0.816176901885	1.29272548574	1.43282265346	0.939060241663	1.4869362494	1.05831688255	1.20415761237	1.14376875785	0.996207960367	1.00473938134	1.32462216046	1.31564449976	0.591906143064	0.0	1.00654256162	1.07325042049	1.37935067666	1.36959304978	1.10015255679	0.889800483325	1.26596073949	1.09795185114	0.803848728855	0.624417119381	1.24392855969	1.1998622378	1.31771986467	1.37010048816	1.39865079265	1.32378851136	1.440199768	0.940562634123	1.33469724021	1.02844305462	1.17505492025	0.709111971967	0.664806520058	0.937245137748	1.64664406477	1.57277491058	1.52663070565	1.49640250846	1.39058965684	1.43121973417	1.62807611406	1.57213695505	1.33983815853	1.37807283229	1.4226218463	1.36638692122	1.15075445626	1.48223060416	1.11596531174	1.42053831319	1.22336640889	1.53125305945
AC7	0.834875886902	0.857094968584	1.9566121798	0.86799518608	1.07710163847	0.941706239729	0.867320285162	0.912057288545	1.0158339536	0.767452711455	1.07266498792	0.948355036249	0.935125596907	1.60318496858	0.871072068632	0.84300221363	1.0185462204	0.971116167231	1.50643071532	1.00654256162	0.0	0.462179661672	0.981087738038	0.977460734654	1.41556672789	0.68535457709	0.902088859352	0.736835205413	0.593237100048	0.573950169164	0.875616824553	0.838924712421	0.894038946351	0.921301309811	1.29034003383	1.14149664089	1.15778460126	0.755257849203	1.00718188014	0.942998376027	0.976534282262	1.16383388594	1.11323446593	0.765694378927	1.16935264862	1.07319654422	1.46811934751	1.40627855486	1.26495442243	1.31076759304	1.53948215563	1.48894177864	1.11258904302	1.17554148381	1.26005491542	1.15028608023	0.92646502175	1.38932592557	0.885590724988	1.26077055099	0.924403189947	1.44783124215
AC8	0.698492803287	0.648174630256	2.18279582407	0.88161380377	1.03624147414	0.606470811986	0.951398738521	0.573353470275	0.688565118415	0.719235476075	0.764183064282	0.806991942968	0.635083460609	1.82398737554	0.767574098598	0.63578080232	0.66033520058	0.617805814403	1.606130145	1.07325042049	0.462179661672	0.0	0.627312861286	0.630224900918	1.52540123731	0.620883064282	0.490612455292	0.326017351377	0.485655543741	0.602693301112	0.61732139681	0.49865318028	0.559614035766	0.60355057999	1.14541248429	0.893730473659	0.814497728371	0.654044519091	0.666579086515	0.775187249879	0.666745176414	1.22609983084	1.13283618656	0.721116041566	0.878504915418	0.799692677622	1.3055918463	1.08854340744	1.07505003383	1.06003754954	1.19468578057	1.20955537941	0.81108017883	0.833733064282	0.919998211696	0.876240376994	0.578597723538	1.17272086999	0.601060043499	0.994029062349	0.567775949734	1.10943983567
AD7	0.919459255679	0.811166679555	2.41141328661	1.10688663606	1.21620726921	0.628747307878	1.29372150797	0.535293069116	0.454061101982	1.01247917351	0.397221503142	0.990357941034	0.685263639439	2.05632181247	0.910593078782	0.796535306912	0.435042667956	0.446493900435	1.92241761237	1.37935067666	0.981087738038	0.627312861286	0.0	0.120605331078	1.89024964234	0.890629014016	0.365261546641	0.51084980667	0.692334214596	0.892220285162	0.73433460609	0.57779380377	0.463316360561	0.500518086032	1.3234258289	1.0964078782	0.629199531174	0.836835717738	0.628064649589	0.988814543258	0.773023644273	1.43764928951	1.35235950701	0.923153910101	0.792682880619	0.682663682939	1.32006242629	1.09267981634	1.2354642291	1.15726072499	1.1103938956	1.21916944901	0.885902464959	0.85378821653	0.887832899952	0.936106616723	0.701835563074	1.19602626873	0.763673320445	1.13337822136	0.58240419043	1.09931548091
AD8	0.926527438376	0.815989304012	2.40067513775	1.0955137651	1.21345505558	0.629768917351	1.28294448043	0.534533750604	0.454769342678	1.00268911551	0.405480521991	0.990355828903	0.696644407927	2.0447682262	0.918229951667	0.793266341228	0.44887218463	0.458071952634	1.91938234413	1.36959304978	0.977460734654	0.630224900918	0.120605331078	0.0	1.8557701885	0.852100927985	0.383950734654	0.512650613823	0.69401040116	0.889591889802	0.72894681972	0.576970396327	0.49169159014	0.506202025133	1.34164118415	1.1151920493	0.64000580957	0.845084780087	0.641567274045	0.985442000967	0.774270115998	1.42907255196	1.34106104882	0.929206143064	0.801019859836	0.679009700338	1.3295377912	1.09653584824	1.2375138231	1.15901048333	1.12197321411	1.22723793137	0.897705814403	0.864365485742	0.897526640889	0.946097264379	0.717760111165	1.20801776704	0.782798699855	1.13369823586	0.593682445626	1.10306057999
AE7	1.34679745288	1.49925397293	1.89554162397	1.29810741421	1.32020253746	1.74593854519	1.21703268729	1.78837384727	1.93765826486	1.35043913001	1.98122119865	1.46886546641	1.6353337071	1.61427461576	1.45468544708	1.41182898018	1.78270444176	1.7607799855	1.07166131948	1.10015255679	1.41556672789	1.52540123731	1.89024964234	1.8557701885	0.0	1.02907655872	1.77482496375	1.59236653456	1.38517407443	1.26362300628	1.57521484292	1.5755421798	1.83239497342	1.85920665539	1.69486269212	1.71960679072	1.87036043499	1.49220768004	1.78825506525	1.37668753021	1.62265385694	1.46555596423	1.4632797245	1.42916614306	2.02264953601	1.97292559207	1.71690886902	1.82501878685	1.63921618173	1.68291101498	1.97479161914	1.8202637216	1.6670662784	1.69959164331	1.76663966167	1.63874242629	1.60895756887	1.73117927501	1.5367018318	1.71798735138	1.7027358724	1.85982546158
AE8	0.60282659739	0.619072774287	2.12046025133	0.836002841953	0.830680691155	0.786213228613	0.810580130498	0.813296640889	0.964140758821	0.605407182214	1.0226019043	0.650803977767	0.734768313195	1.76394782987	0.703553151281	0.562416423393	0.861917404543	0.826255374577	1.40428116481	0.889800483325	0.68535457709	0.620883064282	0.890629014016	0.852100927985	1.02907655872	0.0	0.805198506525	0.628577380377	0.596660115998	0.53784022233	0.778117897535	0.721612658289	0.858631802803	0.886693972934	1.10175936684	0.943290570324	0.937203750604	0.662918090865	0.859153837603	0.631984659256	0.71649760754	1.17566670372	1.09692009183	0.633695442243	1.11965292895	1.05854840503	1.15663278395	1.10276950701	0.987918018366	1.01254972934	1.24318871919	1.18393381344	0.872200584824	0.904077423876	0.985558240696	0.89362160464	0.723957820203	1.09418495892	0.68402377477	0.995062788787	0.756051232479	1.14402206863
AF7	0.767707501208	0.6612179797	2.35785518125	1.06798617206	1.07916242629	0.550506495892	1.1562058579	0.461285935234	0.444683102948	0.863544528758	0.500009265346	0.850239719671	0.600176012566	2.00112580474	0.78711477042	0.665141793137	0.35755942001	0.359983663606	1.80459107782	1.26596073949	0.902088859352	0.490612455292	0.365261546641	0.383950734654	1.77482496375	0.805198506525	0.0	0.263986307395	0.630164093765	0.804546326728	0.659916781054	0.516984533591	0.411731488642	0.447979449009	1.16696666989	0.941909608507	0.543197056549	0.736582919285	0.534217564041	0.852045630739	0.623517245046	1.39277694538	1.30350364427	0.797508400193	0.781286128565	0.691952344128	1.18901148381	0.973710169164	1.07595212663	1.0214659739	0.996618815853	1.09454053649	0.734860434993	0.750010604157	0.794940865152	0.827530086999	0.542275679072	1.05519430159	0.590134209763	0.986806766554	0.461817162881	0.982733199613
AF8	0.637529971	0.566876718221	2.24317855969	0.922113939101	0.992340024166	0.518353499275	1.00030621073	0.467875538908	0.564577259546	0.718395708072	0.664976317061	0.768630541324	0.580730700822	1.88353204447	0.71289777187	0.549792315128	0.483227167714	0.448748105365	1.6405357419	1.09795185114	0.736835205413	0.326017351377	0.51084980667	0.512650613823	1.59236653456	0.628577380377	0.263986307395	0.0	0.511421710971	0.656166737554	0.612886674722	0.432025611406	0.495080077332	0.522195132914	1.11144823103	0.881729110681	0.639747104882	0.657573528275	0.509247854036	0.729143499275	0.549544905752	1.27152467376	1.18079558724	0.712198680522	0.866174726921	0.778058680522	1.16356325278	0.95713879652	1.01836772354	0.983697095215	0.980625316578	1.06913727405	0.700822324795	0.724758245529	0.781808235863	0.797884185597	0.477200642823	1.0286298695	0.513591150314	0.947711894635	0.427202464959	0.966200676655
AG7	0.740667912035	0.631691884969	1.89476237796	0.610065577574	0.879914707588	0.647755258579	0.885309110681	0.5932399855	0.719213489609	0.639012991783	0.828163702272	0.749464277429	0.657999758337	1.53912227163	0.661126056066	0.657257138714	0.775801889802	0.758251488642	1.36137631223	0.803848728855	0.593237100048	0.485655543741	0.692334214596	0.69401040116	1.38517407443	0.596660115998	0.630164093765	0.511421710971	0.0	0.276840589657	0.824961367811	0.704145041083	0.623831928468	0.713586684389	1.23114793137	0.971820836153	0.913062126631	0.478211092315	0.775154407927	0.79346099565	0.69183777187	0.990599096182	0.89907257129	0.522156437893	1.05912672305	0.965971962301	1.30674883035	1.10649695988	1.15634441759	1.11999423393	1.2386060609	1.21727642339	0.888943252779	0.933293731271	0.986835447076	0.947861478975	0.674406394393	1.18908316095	0.66198338811	1.07767345094	0.683173697438	1.15122666022
AG8	0.706343755437	0.691349487675	1.78583095215	0.543804059932	0.859453218946	0.805843368777	0.729409671339	0.796865253746	0.936299666506	0.599830130498	1.02191611406	0.7599199855	0.78654757854	1.42902251329	0.67008557274	0.690385828903	0.909201145481	0.89771777187	1.16181715321	0.624417119381	0.573950169164	0.602693301112	0.892220285162	0.889591889802	1.26362300628	0.53784022233	0.804546326728	0.656166737554	0.276840589657	0.0	0.889414610923	0.818659714838	0.823174673755	0.878927322378	1.21512553407	1.04837491058	1.06259684872	0.500981271145	0.919927941034	0.782316104398	0.80215561624	0.899874166264	0.81900101015	0.52418817303	1.20312558241	1.11544867569	1.29762635573	1.22548884002	1.15467444176	1.19394757371	1.36333099082	1.32560248429	1.01538348478	1.03207824553	1.09421057516	1.0445021073	0.805178554857	1.23670931851	0.780370183664	1.16584684872	0.820432866119	1.26778484292
AH7	0.77937081682	0.864128728855	2.44050521508	1.21521438859	1.20187449009	0.823816897052	1.15207775737	0.822485906235	0.902003653939	0.962980749154	0.833307554374	0.998901662639	0.842092078299	2.10074114548	1.01480081199	0.774045969067	0.652264311261	0.607818540358	1.7256057129	1.24392855969	0.875616824553	0.61732139681	0.73433460609	0.72894681972	1.57521484292	0.778117897535	0.659916781054	0.612886674722	0.824961367811	0.889414610923	0.0	0.299037129048	0.873945263412	0.871658743354	1.17402581924	1.00941337844	0.768525998067	0.94172959884	0.745813020783	0.930193750604	0.80343781537	1.50480469792	1.42675940068	0.991950381827	0.970575911068	0.920493330111	1.2687479652	1.06251289512	1.16481782987	1.0401780087	1.13056804737	1.16499840986	0.849167597873	0.811815485742	0.852039956501	0.835098815853	0.765241179314	1.1446538666	0.774002174964	1.01665545674	0.697241483809	1.07352631706
AH8	0.671136703722	0.743772498792	2.4292178492	1.1239682697	1.08289043983	0.650006476559	1.10128457226	0.667820821653	0.747049908168	0.877729362011	0.695916863219	0.900246138231	0.711568231029	2.07465552924	0.894983151281	0.624795819236	0.460170294828	0.403235592073	1.67079842436	1.1998622378	0.838924712421	0.49865318028	0.57779380377	0.576970396327	1.5755421798	0.721612658289	0.516984533591	0.432025611406	0.704145041083	0.818659714838	0.299037129048	0.0	0.704390782987	0.692039159014	1.16957441276	0.971782967617	0.662555268246	0.86477377477	0.548622899952	0.802800662156	0.672710768487	1.46396303528	1.37911484775	0.911957728371	0.863181739971	0.786862261962	1.14818687289	0.947307481875	1.0876137796	0.944392576124	0.980026974384	1.05764541808	0.693712856452	0.692107143548	0.740091807637	0.719266278395	0.616642580957	1.02229288062	0.619146950217	0.925456491058	0.530941445143	0.966304151764
AA5	0.852265882069	0.601569710005	2.27750705655	1.03175347511	0.969609062349	0.459387612373	1.16150832769	0.30314662639	0.280531710971	0.866605374577	0.452082368294	0.739539656839	0.569170217496	1.93309672305	0.6821640261	0.723001333978	0.500019125181	0.503129304012	1.85050356211	1.31771986467	0.894038946351	0.559614035766	0.463316360561	0.49169159014	1.83239497342	0.858631802803	0.411731488642	0.495080077332	0.623831928468	0.823174673755	0.873945263412	0.704390782987	0.0	0.26389860319	1.19769336394	0.920594098598	0.621823808603	0.622122431126	0.57407821653	0.825715350411	0.606090744321	1.26112266312	1.16826885935	0.641507042049	0.770831014983	0.637323252779	1.26960514741	1.0482020058	1.09826961817	1.07301988884	1.08778055099	1.18003093282	0.779337288545	0.819990057999	0.847086863219	0.889704475592	0.592292996617	1.14396218463	0.646723939101	1.0276320783	0.52314638956	1.07043546641
AA6	0.867751474142	0.625276220396	2.39431643789	1.09825798453	0.977661246979	0.371539381344	1.16149102948	0.342724262929	0.326317361044	0.889893441276	0.433181996133	0.741625654906	0.531588337361	2.03743741421	0.746502107298	0.727848356694	0.513427530208	0.495525432576	1.9102278492	1.37010048816	0.921301309811	0.60355057999	0.500518086032	0.506202025133	1.85920665539	0.886693972934	0.447979449009	0.522195132914	0.713586684389	0.878927322378	0.871658743354	0.692039159014	0.26389860319	0.0	1.07725934268	0.819036713388	0.499697008217	0.663687114548	0.45118741421	0.840547109715	0.523256684389	1.38264895118	1.28911691638	0.689724533591	0.555925848236	0.423120628323	1.15246419526	0.930550826486	0.963457887869	0.92744022233	0.971836718221	1.05354272112	0.648218269696	0.701891638473	0.737264354761	0.757223436443	0.612734760754	1.01485798453	0.675690362494	0.885892015466	0.497781068149	0.948366346061
AB5	1.05836484292	0.912649908168	2.53457337361	1.34595797487	0.814223702272	0.978804659256	1.16284	1.08296072499	1.18593816336	0.985221251812	1.19166762204	0.793407588207	1.0079419478	2.18349120831	0.988148709522	0.992772049299	1.19207443209	1.17735030449	1.85639287579	1.39865079265	1.29034003383	1.14541248429	1.3234258289	1.34164118415	1.69486269212	1.10175936684	1.16696666989	1.11144823103	1.23114793137	1.21512553407	1.17402581924	1.16957441276	1.19769336394	1.07725934268	0.0	0.375921072982	0.943754968584	1.03147187047	0.946122078299	0.823085553407	0.864555621073	1.5753240116	1.50347081682	0.956751135814	0.981461420976	0.960449028516	0.806755650072	0.90296638956	0.708502440793	0.771627075882	1.04449031899	0.906478680522	0.8151759884	0.884737003383	0.900109884002	0.849548772354	1.02172844853	0.810503165781	1.00704360561	0.741703102948	1.01231644756	0.923991546641
AB6	0.916194200097	0.692297950701	2.48205368294	1.22766119381	0.765917477042	0.722339313678	1.05849758337	0.811749308845	0.93111081682	0.865106123731	0.979639154181	0.590701140648	0.77280222813	2.12632143548	0.808437486709	0.793051836636	1.00054349928	0.985453330111	1.82792969551	1.32378851136	1.14149664089	0.893730473659	1.0964078782	1.1151920493	1.71960679072	0.943290570324	0.941909608507	0.881729110681	0.971820836153	1.04837491058	1.00941337844	0.971782967617	0.920594098598	0.819036713388	0.375921072982	0.0	0.763420285162	0.793038057032	0.752873475109	0.73011500725	0.64756962784	1.46623246979	1.37791383277	0.731465287579	0.756004523925	0.755725480909	0.768099217013	0.695282145964	0.557607728371	0.579903876269	0.842148936684	0.744511720638	0.614897931368	0.712511880135	0.737824296762	0.684403098115	0.784855340744	0.685785108748	0.771215679072	0.523494035766	0.814089632673	0.723319695505
AC5	0.92899257129	0.740529275012	2.60450934751	1.31082942484	0.967931701305	0.52905918318	1.22961840986	0.543185775737	0.573914697922	0.966784717255	0.512437854036	0.757971179314	0.717295418076	2.24963594973	0.889217375544	0.805111271145	0.528242131464	0.504187225713	1.94924653939	1.440199768	1.15778460126	0.814497728371	0.629199531174	0.64000580957	1.87036043499	0.937203750604	0.543197056549	0.639747104882	0.913062126631	1.06259684872	0.768525998067	0.662555268246	0.621823808603	0.499697008217	0.943754968584	0.763420285162	0.0	0.76983580957	0.431800729821	0.82645537941	0.567093392943	1.61681589657	1.52101707588	0.81519578057	0.521869690672	0.485932725955	0.97798958434	0.754319067182	0.890013291445	0.792941019816	0.764541198647	0.837783547608	0.573136176897	0.531800256162	0.563662416626	0.590797380377	0.712182112131	0.851541981634	0.747639656839	0.756069352344	0.574449028516	0.744764823586
AC6	0.766075582407	0.491001401643	1.99775511358	0.719306916385	0.702492334461	0.640105558241	0.692444910585	0.583891880135	0.771240821653	0.47667497825	0.866057723538	0.578263441276	0.63232939101	1.64633763654	0.485067965201	0.612979579507	0.823874451426	0.821576346061	1.4747940841	0.940562634123	0.755257849203	0.654044519091	0.836835717738	0.845084780087	1.49220768004	0.662918090865	0.736582919285	0.657573528275	0.478211092315	0.500981271145	0.94172959884	0.86477377477	0.622122431126	0.663687114548	1.03147187047	0.793038057032	0.76983580957	0.0	0.723205877235	0.62480842436	0.576954277429	0.885423682939	0.787025123248	0.288917950701	0.985190246496	0.912767926535	1.13887085549	1.0268580377	0.953779685839	0.984390381827	1.15915897052	1.11273248429	0.794391918801	0.859703856936	0.923057008217	0.848043426776	0.634673842436	1.02512023683	0.631955833736	0.950187172547	0.668573634606	1.0747459014
AD6	0.758745161914	0.558983054616	2.50132799903	1.12679322861	0.887843528275	0.386540715321	1.10852858386	0.442740212663	0.553460463992	0.841896244563	0.514496669889	0.67738658289	0.527120584824	2.14087555824	0.716511261479	0.639654456259	0.51261438376	0.49655142581	1.85233145481	1.33469724021	1.00718188014	0.666579086515	0.628064649589	0.641567274045	1.78825506525	0.859153837603	0.534217564041	0.509247854036	0.775154407927	0.919927941034	0.745813020783	0.548622899952	0.57407821653	0.45118741421	0.946122078299	0.752873475109	0.431800729821	0.723205877235	0.0	0.695273044949	0.356931860802	1.49907730304	1.40907961334	0.739298443693	0.663462242629	0.585734847753	0.897634567424	0.683766592557	0.825583591107	0.712973059449	0.740511759304	0.815837017883	0.463173301112	0.477321710971	0.528475142581	0.528763697438	0.525202542291	0.777941802803	0.568595321411	0.686342300628	0.35212778637	0.710635654906
AE5	0.548294929918	0.514401367811	2.30124083132	0.934307945868	0.68897956984	0.738631014983	0.801199724505	0.755092774287	0.952246935718	0.594597960367	0.982842580957	0.568000343161	0.70404262929	1.93770730788	0.604911227646	0.474306534558	0.887806085065	0.858883697438	1.49533229096	1.02844305462	0.942998376027	0.775187249879	0.988814543258	0.985442000967	1.37668753021	0.631984659256	0.852045630739	0.729143499275	0.79346099565	0.782316104398	0.930193750604	0.802800662156	0.825715350411	0.840547109715	0.823085553407	0.73011500725	0.82645537941	0.62480842436	0.695273044949	0.0	0.435274475592	1.24159215563	1.1565922523	0.595231488642	1.06395004833	1.01718403577	0.913301164814	0.885933914935	0.781038492025	0.761381996133	1.04454052199	0.959273339778	0.631995181247	0.708603040116	0.811169946834	0.668484804253	0.557484499758	0.855601778637	0.52381940551	0.758646829386	0.670334538424	0.916417709038
AE6	0.641497100048	0.399994306428	2.3896198985	1.01812175447	0.723828400193	0.446631077815	0.970186689222	0.480927568874	0.625712266796	0.69886139681	0.681131817303	0.5321660029	0.449710560657	2.0253578782	0.565217718705	0.484384615756	0.636598482359	0.641538608023	1.67002007733	1.17505492025	0.976534282262	0.666745176414	0.773023644273	0.774270115998	1.62265385694	0.71649760754	0.623517245046	0.549544905752	0.69183777187	0.80215561624	0.80343781537	0.672710768487	0.606090744321	0.523256684389	0.864555621073	0.64756962784	0.567093392943	0.576954277429	0.356931860802	0.435274475592	0.0	1.35084091832	1.26403519575	0.57357159014	0.797424262929	0.736606882552	0.86246080232	0.663392943451	0.716877472209	0.657700647656	0.807004296762	0.776198081199	0.420295920735	0.451506321895	0.535086964717	0.480675722571	0.411390082165	0.73717462059	0.435016027066	0.621928342194	0.421498042533	0.713523020783
AF5	1.26707608507	1.19473054616	1.2849080957	0.652022179797	1.16748512325	1.37547898502	0.853286012566	1.27985650072	1.37853883035	0.987057597873	1.53003102465	1.22386176897	1.31488954567	0.936984896085	1.06378183664	1.24274908168	1.49740743354	1.51368042533	0.984965596907	0.709111971967	1.16383388594	1.22609983084	1.43764928951	1.42907255196	1.46555596423	1.17566670372	1.39277694538	1.27152467376	0.990599096182	0.899874166264	1.50480469792	1.46396303528	1.26112266312	1.38264895118	1.5753240116	1.46623246979	1.61681589657	0.885423682939	1.49907730304	1.24159215563	1.35084091832	0.0	0.162657138714	0.963876887385	1.75083820203	1.64799097148	1.71730782987	1.6720737071	1.59531867086	1.65945099082	1.81212872402	1.78039267762	1.52599058482	1.60421942001	1.64525072499	1.58537702755	1.28574916385	1.69264149348	1.27684064766	1.61936121798	1.40383531658	1.72416993233
AF6	1.20227380377	1.10477757371	1.3544800725	0.569957955534	1.08804205897	1.29245703238	0.804381449976	1.18869085549	1.29327823103	0.899930077332	1.44980522475	1.138340029	1.23015980184	1.01297566457	0.971237960367	1.16266962301	1.41630561624	1.42921499275	1.0004577187	0.664806520058	1.11323446593	1.13283618656	1.35235950701	1.34106104882	1.4632797245	1.09692009183	1.30350364427	1.18079558724	0.89907257129	0.81900101015	1.42675940068	1.37911484775	1.16826885935	1.28911691638	1.50347081682	1.37791383277	1.52101707588	0.787025123248	1.40907961334	1.1565922523	1.26403519575	0.162657138714	0.0	0.876629956501	1.66424572257	1.55961962301	1.63393028516	1.58427037216	1.5117659884	1.57009764137	1.71201584824	1.68496552441	1.43941319478	1.52188625423	1.55523586757	1.50287269696	1.19816217496	1.60185879652	1.18894173997	1.53139480909	1.31364091348	1.64178951667
AG5	0.745190826486	0.460780637989	2.05503283229	0.740904238763	0.591041266312	0.628457641373	0.713769434509	0.593148129531	0.764349521508	0.499935335911	0.868272996617	0.461492798453	0.590245060416	1.69526827936	0.434212286129	0.598137365877	0.861887945868	0.845338550024	1.47145057516	0.937245137748	0.765694378927	0.721116041566	0.923153910101	0.929206143064	1.42916614306	0.633695442243	0.797508400193	0.712198680522	0.522156437893	0.52418817303	0.991950381827	0.911957728371	0.641507042049	0.689724533591	0.956751135814	0.731465287579	0.81519578057	0.288917950701	0.739298443693	0.595231488642	0.57357159014	0.963876887385	0.876629956501	0.0	1.00433305945	0.941499961334	1.04917278879	0.983343354277	0.879831875302	0.915855804737	1.12670443209	1.05299936684	0.740515814403	0.817699507008	0.897697742871	0.794526143064	0.661342919285	0.974470869985	0.648931938134	0.883348487192	0.68112518608	1.02632651039
