	AA3	AA4	AB3	AB4	AC3	AC4	AD3	AD4	AE3	AE4	AF3	AF4	AG3	AG4	AH3	AH4	AA7	AA8	AB7	AB8	AC7	AC8	AD7	AD8	AE7	AE8	AF7	AF8	AG7	AG8	AH7	AH8	AA5	AA6	AB5	AB6	AC5	AC6	AD6	AE5	AE6	AF5	AF6	AG5	AH5	AH6	AA1	AA2	AB1	AB2	AC1	AC2	AD1	AD2	AE1	AE2	AF1	AF2	AG1	AG2	AH1	AH2
AA3	0.0	0.490337230546	2.24959152247	0.961108661189	0.797763977767	0.732949550507	0.908664973417	0.71743138231	0.84629878202	0.655725374577	0.934278496858	0.704599714838	0.713307167714	1.91202876752	0.70743262929	0.264421048816	0.740010029	0.765156814886	1.42988767521	1.03374705172	0.818334649589	0.648442107298	0.920099009183	0.844539381344	1.36666524891	0.567770739488	0.789995635573	0.684220135331	0.717398264862	0.653986631223	0.764766007733	0.654521145481	0.827844552924	0.814183808603	1.06795471242	0.907542769454	0.908442605123	0.728454055099	0.7366519913	0.573245838569	0.578595727405	1.25350958434	1.19061477525	0.707330410826	1.03788114548	1.0280660174	0.974871720638	0.888801967134	0.888377728371	0.810255838569	1.0220320928	0.943378322861	0.632012706622	0.669686520058	0.759352034799	0.651169913001	0.533186355727	0.867262363461	0.503857747704	0.937390874819	0.661794983084	0.865012638956
AA4	0.490337230546	0.0	2.23263926051	0.880049816336	0.597148893185	0.573876921218	0.873320483325	0.518507443209	0.699543330111	0.552001657806	0.807676897052	0.432056752054	0.487047307878	1.89561481392	0.26833358144	0.311957931368	0.684075766071	0.679061121315	1.49764521508	1.03267264379	0.838398830353	0.64061578057	0.899717100048	0.831050599323	1.46279299662	0.586283890768	0.724491638473	0.654208066699	0.671030314161	0.664446239729	0.866117448043	0.708292682455	0.650716399227	0.644132735621	0.916194088932	0.704943199613	0.784239101015	0.501063339778	0.614306669889	0.490886848719	0.426652126631	1.18920025133	1.10666616723	0.454926665056	0.907127907202	0.874769763171	0.963510546158	0.812914586757	0.723262827453	0.740831135814	0.97680040116	0.895795940068	0.616971145481	0.649856085065	0.727919589174	0.641830275495	0.442343508942	0.828673968101	0.470142547124	0.813474659256	0.496445234413	0.787333861769
AB3	2.24959152247	2.23263926051	0.0	1.46476354761	2.20620454809	2.41901352344	1.88556602707	2.29270690672	2.35391129048	2.12820963751	2.5182039971	2.2886660174	2.34599502658	0.376865384244	2.15242202513	2.28644032383	2.48058152247	2.52334285645	1.19129568874	1.46963890285	1.97661655389	2.18909281779	2.43153656356	2.41442631223	1.90940064766	2.18087155147	2.38377467859	2.2962078492	1.88982910101	1.84498289029	2.45171046399	2.41914962301	2.29170900918	2.37273932334	2.53652820686	2.46472315611	2.60864869502	2.00111142581	2.54193795553	2.34165630739	2.41015681972	1.30736977767	1.37007970517	2.05696831319	2.7143581682	2.64508929435	2.67571323828	2.67845956984	2.51941384244	2.61661220396	2.78091359111	2.72642127115	2.5575721943	2.59492292412	2.64504520058	2.57833208797	2.32074338811	2.68632030449	2.32768927985	2.66630815853	2.3927880522	2.6551318463
AB4	0.961108661189	0.880049816336	1.46476354761	0.0	0.928141609473	1.05436697922	0.807877153214	0.999070338328	1.11282110198	0.844855930401	1.21425110198	0.964176756887	0.900058487192	1.11300152731	0.82938117448	0.942616863219	1.15193515225	1.20221948284	0.98150738521	0.514012165297	0.900555442243	0.918908448526	1.19651505558	1.13581981634	1.27772465926	0.904117583374	1.13737778154	1.03104728855	0.638280739488	0.632302445626	1.26385985017	1.14675668922	1.06921776704	1.11623923635	1.34734598357	1.23409169164	1.34911139198	0.741462880619	1.19822227646	1.01523848236	1.06066517158	0.625314253262	0.563636099565	0.772364958917	1.441950232	1.37918049783	1.46207742388	1.37961506525	1.25872500725	1.32629583857	1.53820419526	1.46501943451	1.22459866119	1.27622592073	1.3566119188	1.26703492025	1.01360913001	1.418309913	1.01828527791	1.39109781537	1.05943164814	1.37476666506
AC3	0.797763977767	0.597148893185	2.20620454809	0.928141609473	0.0	0.771524925085	0.893500647656	0.829183508942	0.949878970517	0.656337597873	1.0691282262	0.345465181247	0.803865055582	1.87103326728	0.633495505075	0.698080328661	0.953439642339	0.961244997583	1.43120565974	1.03658806187	1.02441371677	0.968030454326	1.25334250362	1.18364072015	1.32839893185	0.834317839536	1.07745943934	1.01056031416	0.906460502658	0.894563755437	1.15617708072	1.00924237796	0.961640691155	0.969518042533	0.776591942968	0.742162068632	0.978198385694	0.688517568874	0.832205935234	0.63356659739	0.642221077815	1.1935617593	1.12761541808	0.625888965684	1.10144518125	1.07091667472	0.844724871919	0.904360695988	0.706779966167	0.781510768487	1.04424971967	0.909590159497	0.690659207347	0.776669772837	0.857570357661	0.743846901885	0.778261962301	0.880994006767	0.789503939101	0.900355016916	0.849096621556	0.857536732721
AC4	0.732949550507	0.573876921218	2.41901352344	1.05436697922	0.771524925085	0.0	1.14935090865	0.366220101498	0.440111329145	0.807901749638	0.363869710005	0.50752319478	0.427022982117	2.07992882552	0.690914059932	0.587344180764	0.508436428226	0.493462431126	1.79557852102	1.29488849203	0.923590512325	0.578262126631	0.659152174964	0.60025037216	1.70936565491	0.725594973417	0.53057760754	0.494224282262	0.699219415176	0.744687878202	0.777079743838	0.577395577574	0.474193214113	0.405821478975	1.00423178347	0.743358419526	0.519246355727	0.63490558724	0.388978690188	0.714911754471	0.480662532624	1.3971958579	1.31747565491	0.600161913968	0.629101947801	0.592253238279	1.06437440793	0.81498297245	0.811023557274	0.81412778637	0.887723905268	0.921575867569	0.578835355244	0.648073963267	0.673415205413	0.638878873852	0.565083349444	0.901520604157	0.595055195747	0.796998221363	0.382826292895	0.796976012566
AD3	0.908664973417	0.873320483325	1.88556602707	0.807877153214	0.893500647656	1.14935090865	0.0	1.02535653939	1.29154728371	0.441063832769	1.37353520541	0.961856007733	1.11769986467	1.5483200725	0.817474499758	0.930423499275	1.2452679362	1.25692537458	1.25342159981	0.805657825036	0.906018772354	0.986120140164	1.35903759304	1.26961844853	1.20361138231	0.878941957467	1.23486850652	1.13876274045	0.892641623973	0.824593363944	1.18893874335	1.10767123248	1.2258541276	1.18984497342	1.18544265346	1.09164101498	1.29328040599	0.740434214596	1.16590633156	0.870998371194	0.957538564524	0.798683518608	0.753585519575	0.772348540358	1.39664756887	1.37003881102	1.3483142291	1.36635137748	1.13118163847	1.20580291928	1.50607473659	1.4092101015	1.153499797	1.21332097632	1.29075554857	1.1705940551	0.973391367811	1.34764741421	0.977208376027	1.2894140986	1.13473233929	1.31032916385
AD4	0.71743138231	0.518507443209	2.29270690672	0.999070338328	0.829183508942	0.366220101498	1.02535653939	0.0	0.306079318511	0.663402334461	0.473720744321	0.601842300628	0.513638994683	1.95760168681	0.600655901402	0.569753861769	0.546045819236	0.53328182697	1.7649917883	1.25833965201	0.857878579024	0.525882643789	0.576166370227	0.524831788304	1.72204689705	0.713936640889	0.501119101015	0.427711971967	0.571552769454	0.657809980667	0.806889086515	0.604945944901	0.29236980667	0.332057317545	1.10970542774	0.820990314161	0.563192924118	0.531060652489	0.465630845819	0.711059192847	0.547706993717	1.25043179314	1.16792687289	0.519504180764	0.680759690672	0.619015659739	1.18128547124	0.903899516675	0.940204306428	0.944672711455	0.993070918318	1.03605799903	0.72223919768	0.724822899952	0.730886510391	0.743591580474	0.538319159014	1.02120461092	0.58650222813	0.898618728855	0.43123561624	0.90271720638
AE3	0.84629878202	0.699543330111	2.35391129048	1.11282110198	0.949878970517	0.440111329145	1.29154728371	0.306079318511	0.0	0.930085664572	0.350465302078	0.721015490575	0.587839241179	2.02476148864	0.756396292895	0.718180449493	0.535225331078	0.529680613823	1.8981838086	1.41124147414	0.994759734171	0.670056075399	0.476536824553	0.477774113098	1.88320024166	0.879002513291	0.437946104398	0.453282339294	0.691891266312	0.793790381827	0.8872879797	0.693684403093	0.241046350894	0.325088400193	1.19478016433	0.922996022233	0.505902334461	0.715331686805	0.561953151281	0.911613948768	0.677682049299	1.35536184147	1.27992189947	0.705492788787	0.71082059449	0.631243542774	1.25996653939	0.973339540841	1.05285222813	1.03534335911	1.05308127598	1.11493893185	0.813546346061	0.816772928951	0.816514615756	0.836648144031	0.689620739488	1.11813659256	0.73261297245	0.993228564524	0.538685915901	0.983683784437
AE4	0.655725374577	0.552001657806	2.12820963751	0.844855930401	0.656337597873	0.807901749638	0.441063832769	0.663402334461	0.930085664572	0.0	1.03564072982	0.646320555824	0.794321300145	1.79113968101	0.543134775254	0.607439173514	0.89777777187	0.908645476075	1.43166452392	0.947766510391	0.746600004833	0.672675350411	1.01329405993	0.930009231513	1.32762075399	0.573893078782	0.881355674239	0.781391947801	0.638478148864	0.630366428226	0.932905099082	0.797791691638	0.870844388594	0.8399060029	0.952202368294	0.822173093282	0.942888878685	0.508243895602	0.821211333978	0.552354838086	0.630118762687	1.03386069116	0.957438042533	0.519248709522	1.04862853069	1.02907047366	1.08606158047	1.07414460609	0.859193871435	0.932078081199	1.22584288062	1.13085727888	0.842396834219	0.889711681972	0.958971522475	0.860174533591	0.651101464476	1.06978791203	0.656057448043	1.00780549058	0.777222387627	1.02289215563
AF3	0.934278496858	0.807676897052	2.5182039971	1.21425110198	1.0691282262	0.363869710005	1.37353520541	0.473720744321	0.350465302078	1.03564072982	0.0	0.805608371194	0.621879874335	2.18595569357	0.896689328178	0.812844446593	0.48065759304	0.462146215563	1.9864580232	1.48418993717	1.06134854519	0.755490937651	0.41571621073	0.399604122765	1.9508422958	0.949824432093	0.451867559207	0.549280246496	0.827222948284	0.908321802803	0.812113794103	0.673548728855	0.42127420493	0.428663900435	1.20626844369	0.987020260996	0.439179603673	0.827068037699	0.503516239729	0.960033653939	0.719488337361	1.52900057032	1.45410692122	0.809340140164	0.646174673755	0.573830536491	1.2435520638	0.965580541324	1.0902598115	1.01847952634	1.03565242629	1.07859047849	0.792199342678	0.779753755437	0.788433934268	0.79802539391	0.790442580957	1.05711536008	0.823025534074	0.970170937651	0.546742701788	0.958190468826
AF4	0.704599714838	0.432056752054	2.2886660174	0.964176756887	0.345465181247	0.50752319478	0.961856007733	0.601842300628	0.721015490575	0.646320555824	0.805608371194	0.0	0.568388593523	1.95033763654	0.519544378927	0.548088458192	0.78851159014	0.785443363944	1.59081660222	1.10277290478	0.939177409377	0.76510059449	1.02920390527	0.957750009667	1.4746121073	0.653680613823	0.869669811503	0.807423794103	0.772006457226	0.754136679555	0.998068100532	0.849637496375	0.735523020783	0.737429942001	0.815165012083	0.571919255679	0.741937322378	0.573845553407	0.646797148381	0.581915877235	0.514775132914	1.23834403093	1.16283516675	0.505126713388	0.854409047849	0.819952943451	0.862962919285	0.756434673755	0.608641155147	0.637692363461	0.914958835186	0.816328902852	0.540778376027	0.61526	0.718597037216	0.633077032383	0.629228593523	0.779230101498	0.637760381827	0.749995451909	0.630195877235	0.710061227646
AG3	0.713307167714	0.487047307878	2.34599502658	0.900058487192	0.803865055582	0.427022982117	1.11769986467	0.513638994683	0.587839241179	0.794321300145	0.621879874335	0.568388593523	0.0	1.99232989367	0.548177187047	0.542049579507	0.565575708072	0.569918028033	1.72691676655	1.24008680522	0.935311648139	0.610853363944	0.748044649589	0.6986380232	1.62331302562	0.69338037216	0.626960589657	0.584950676655	0.695751126148	0.761576060899	0.836725567907	0.672556742388	0.581171691638	0.535296128565	1.01882751571	0.781291928468	0.69559117448	0.615274407927	0.545811358144	0.700536718221	0.49564739971	1.33465617206	1.25860037699	0.59210159014	0.786292556791	0.75125239246	1.0315638666	0.774228197197	0.815053943934	0.800363421943	0.932618245529	0.882270923151	0.575425094248	0.616702126631	0.703824896085	0.624761952634	0.49522539391	0.886220057999	0.519484983084	0.792641106815	0.384331150314	0.754607955534
AG4	1.91202876752	1.89561481392	0.376865384244	1.11300152731	1.87103326728	2.07992882552	1.5483200725	1.95760168681	2.02476148864	1.79113968101	2.18595569357	1.95033763654	1.99232989367	0.0	1.82095488159	1.94723460126	2.15101004833	2.19098528275	0.931606399227	1.14422959401	1.64732966167	1.85702913485	2.1037377622	2.08458645723	1.64207943934	1.8494461479	2.05705654422	1.96502138231	1.56350045916	1.51577497342	2.13598538908	2.08579692122	1.96224009667	2.03668359594	2.20641167714	2.13237760754	2.2825859594	1.66991052682	2.20452277912	2.00243747704	2.06998351861	0.986494475592	1.04362808603	1.72416964717	2.37831988884	2.3074881827	2.3374277187	2.34137916385	2.18146791687	2.27467875785	2.44879510875	2.38807619623	2.22119593523	2.25799926051	2.31500616723	2.24818706138	1.98707303528	2.35055750121	1.99047569841	2.32585084582	2.05690012566	2.32151592557
AH3	0.70743262929	0.26833358144	2.15242202513	0.82938117448	0.633495505075	0.690914059932	0.817474499758	0.600655901402	0.756396292895	0.543134775254	0.896689328178	0.519544378927	0.548177187047	1.82095488159	0.0	0.524924678589	0.783973310778	0.790809086515	1.50129144998	1.0275780667	0.861345451909	0.718784702755	0.953380918318	0.900365456742	1.45759331561	0.690518245529	0.813603334944	0.742186906718	0.672261227646	0.677457259546	1.01280724021	0.857340077332	0.689421561141	0.720068066699	0.999130676655	0.788545751571	0.876273523441	0.470493808603	0.749287588207	0.582790067666	0.564509864669	1.08636203963	0.995074461092	0.447073412276	1.00747631706	0.978574693088	1.04350837119	0.897304717255	0.817370125665	0.858311947801	1.07250232479	0.999217293378	0.772480734654	0.792313755437	0.846484963751	0.780903141614	0.555161324311	0.943860405993	0.586272609956	0.912377095215	0.593628888352	0.869760086999
AH4	0.264421048816	0.311957931368	2.28644032383	0.942616863219	0.698080328661	0.587344180764	0.930423499275	0.569753861769	0.718180449493	0.607439173514	0.812844446593	0.548088458192	0.542049579507	1.94723460126	0.524924678589	0.0	0.629548293862	0.628799371677	1.47603579024	1.05831767037	0.858707704205	0.595884084099	0.837110845819	0.756959279845	1.43981456259	0.557493528275	0.67373717738	0.601859540841	0.6680640116	0.664509652006	0.772535804737	0.606145664572	0.692273963267	0.666479337844	0.969514688255	0.752320705655	0.777555321411	0.601626887385	0.602709395843	0.498325273079	0.416799279845	1.27270197197	1.19312493958	0.570050715321	0.887145877235	0.876953059449	0.953034180764	0.790887636539	0.786930705655	0.729486592557	0.949590647656	0.860185355244	0.54986340261	0.582831599807	0.682135239246	0.582017100048	0.382848400193	0.802790236829	0.373316428226	0.797995625906	0.519444045433	0.772780599323
AA7	0.740010029	0.684075766071	2.48058152247	1.15193515225	0.953439642339	0.508436428226	1.2452679362	0.546045819236	0.535225331078	0.89777777187	0.48065759304	0.78851159014	0.565575708072	2.15101004833	0.783973310778	0.629548293862	0.0	0.129058163364	1.78163715321	1.32453618173	0.994068274529	0.62752482842	0.456198076365	0.43616560174	1.74544921701	0.800565766071	0.384379062349	0.398115480909	0.751949782504	0.833952899952	0.641326302562	0.421587675205	0.481992561624	0.494442353794	1.20778767037	1.02286463026	0.536938144031	0.80818280812	0.4903959884	0.873248356694	0.679866355727	1.48872047366	1.40996979217	0.823346278395	0.723737738038	0.667533127115	1.12479204447	0.863330613823	1.06195221363	0.971332315128	0.919668337361	0.97502699855	0.692966051232	0.688013755437	0.69714742871	0.699738308362	0.52868722088	0.960841517641	0.54432640406	0.949228434026	0.470079927501	0.858576974384
AA8	0.765156814886	0.679061121315	2.52334285645	1.20221948284	0.961244997583	0.493462431126	1.25692537458	0.53328182697	0.529680613823	0.908645476075	0.462146215563	0.785443363944	0.569918028033	2.19098528275	0.790809086515	0.628799371677	0.129058163364	0.0	1.81006228613	1.33454367327	0.990636046399	0.620648492025	0.488776539391	0.460872474625	1.75353679555	0.802651836636	0.407217322378	0.418790289995	0.781595321411	0.858637056549	0.616758733688	0.387805828903	0.482473769937	0.474584615756	1.17364484775	0.992608883519	0.506085635573	0.810017626873	0.479268941518	0.853791681972	0.673315500242	1.53460920251	1.45635909135	0.807439453842	0.670339545674	0.620563769937	1.12917424843	0.861112247463	1.03921849686	0.941613310778	0.90747777187	0.959674345094	0.680044369261	0.676361517641	0.668662208797	0.68052638956	0.545509047849	0.949025548574	0.566786800387	0.914346365394	0.461136080232	0.849090053166
AB7	1.42988767521	1.49764521508	1.19129568874	0.98150738521	1.43120565974	1.79557852102	1.25342159981	1.7649917883	1.8981838086	1.43166452392	1.9864580232	1.59081660222	1.72691676655	0.931606399227	1.50129144998	1.47603579024	1.78163715321	1.81006228613	0.0	0.554033054616	1.48304064282	1.56686824553	1.93852868536	1.8721657709	1.06221433543	1.43418488159	1.80831121798	1.69743148381	1.32725038666	1.23451530208	1.69937879652	1.65447529725	1.83045823103	1.86120244563	1.82263725471	1.79448756404	1.96031426293	1.44753878202	1.83281465926	1.52093690672	1.62129516675	0.968266887385	0.981769091348	1.46805718705	2.08181331561	2.04345426293	1.90940439343	1.93724875302	1.77585772837	1.81621160464	2.04582736588	1.96564656839	1.77075077332	1.81218884969	1.86637952634	1.79381134364	1.59730540841	1.91588107782	1.58963521508	1.90860160464	1.75299031416	1.89547812953
AB8	1.03374705172	1.03267264379	1.46963890285	0.514012165297	1.03658806187	1.29488849203	0.805657825036	1.25833965201	1.41124147414	0.947766510391	1.48418993717	1.10277290478	1.24008680522	1.14422959401	1.0275780667	1.05831767037	1.32453618173	1.33454367327	0.554033054616	0.0	1.01959884002	1.07166775737	1.45008632189	1.36691815853	1.09687281295	0.955558168197	1.32242227163	1.20811642823	0.818511947801	0.748919028516	1.27055729338	1.19585348478	1.34767435959	1.36023488159	1.39780996133	1.33282500725	1.47660521025	0.957728192363	1.37001728371	1.09235997583	1.18530302078	0.700975350411	0.682305674239	0.964366094732	1.60792075399	1.55912046399	1.55738713388	1.5274920638	1.34097769454	1.39009319478	1.65271361527	1.58118010633	1.36401712905	1.39509270179	1.45292634606	1.38533397777	1.15380713388	1.51936720155	1.1561878057	1.48136929435	1.26110832769	1.48915002417
AC7	0.818334649589	0.838398830353	1.97661655389	0.900555442243	1.02441371677	0.923590512325	0.906018772354	0.857878579024	0.994759734171	0.746600004833	1.06134854519	0.939177409377	0.935311648139	1.64732966167	0.861345451909	0.858707704205	0.994068274529	0.990636046399	1.48304064282	1.01959884002	0.0	0.492060304495	1.02378643789	0.944918477525	1.38597399227	0.686626520058	0.960903412276	0.836517443209	0.587740434993	0.547893392943	0.877023044949	0.812206476559	0.924477549541	0.906128637023	1.27193503625	1.14679779604	1.16101956501	0.768636921218	1.06328648623	0.956774069599	0.966322092798	1.15667340744	1.1153760464	0.740478815853	1.10989444176	1.05020483325	1.48356901885	1.40669114548	1.21922718705	1.25827176414	1.54357976317	1.48075644273	1.11245751571	1.18579020783	1.25137361527	1.16344466892	0.929360686322	1.3999021943	0.91159500725	1.3350362929	0.922471527308	1.36451190913
AC8	0.648442107298	0.64061578057	2.18909281779	0.918908448526	0.968030454326	0.578262126631	0.986120140164	0.525882643789	0.670056075399	0.672675350411	0.755490937651	0.76510059449	0.610853363944	1.85702913485	0.718784702755	0.595884084099	0.62752482842	0.620648492025	1.56686824553	1.07166775737	0.492060304495	0.0	0.66648319478	0.600227559207	1.51640324795	0.566885268246	0.515734407927	0.386842165297	0.460550241663	0.510572179797	0.634575935234	0.472209120348	0.587979661672	0.557382136298	1.14474839053	0.869208308362	0.800785041083	0.625535524408	0.706397249879	0.790867723538	0.687261034316	1.2229239971	1.13996537941	0.631401720638	0.813096524891	0.783809864669	1.30151338328	1.04649562591	1.0339477042	1.02234556307	1.17188492025	1.16026732238	0.801894765587	0.843117636539	0.88259081682	0.842184490092	0.54595221363	1.12481477525	0.553953320445	0.984862484292	0.540182841953	1.02534462542
AD7	0.920099009183	0.899717100048	2.43153656356	1.19651505558	1.25334250362	0.659152174964	1.35903759304	0.576166370227	0.476536824553	1.01329405993	0.41571621073	1.02920390527	0.748044649589	2.1037377622	0.953380918318	0.837110845819	0.456198076365	0.488776539391	1.93852868536	1.45008632189	1.02378643789	0.66648319478	0.0	0.178451768971	1.93276311745	0.892584132431	0.340605297245	0.433637375544	0.740595534074	0.843529101015	0.75247659739	0.607040405993	0.450687071049	0.513413905268	1.38410073949	1.15190849686	0.59900619623	0.880899850169	0.694256926051	1.07822294345	0.902053470275	1.45116277429	1.37317461576	0.923424693088	0.785845983567	0.719031638473	1.3922682262	1.11449055582	1.27522763171	1.21811308845	1.16218111648	1.23918465926	0.972902745288	0.927360038666	0.928555123248	0.969011512808	0.761976848719	1.23848467859	0.780796563557	1.16144887869	0.62829	1.1082057419
AD8	0.844539381344	0.831050599323	2.41442631223	1.13581981634	1.18364072015	0.60025037216	1.26961844853	0.524831788304	0.477774113098	0.930009231513	0.399604122765	0.957750009667	0.6986380232	2.08458645723	0.900365456742	0.756959279845	0.43616560174	0.460872474625	1.8721657709	1.36691815853	0.944918477525	0.600227559207	0.178451768971	0.0	1.8172680232	0.77416702755	0.309690560657	0.395153977767	0.667735819236	0.760846360561	0.70331982117	0.533669139681	0.461142783954	0.478590024166	1.34488657322	1.10436910101	0.563761483809	0.822912324795	0.646627921701	1.00469756404	0.826484891252	1.42826692605	1.34797838086	0.858905954567	0.75250139681	0.692847080715	1.34660114548	1.07574306912	1.2052082262	1.13952061382	1.13649407443	1.19595912518	0.909816553891	0.881118690188	0.894182812953	0.904105205413	0.714371169647	1.19358335911	0.731866573224	1.09645493475	0.579261227646	1.06379870952
AE7	1.36666524891	1.46279299662	1.90940064766	1.27772465926	1.32839893185	1.70936565491	1.20361138231	1.72204689705	1.88320024166	1.32762075399	1.9508422958	1.4746121073	1.62331302562	1.64207943934	1.45759331561	1.43981456259	1.74544921701	1.75353679555	1.06221433543	1.09687281295	1.38597399227	1.51640324795	1.93276311745	1.8172680232	0.0	1.0666738231	1.80865484292	1.69112877719	1.37202972934	1.32264283229	1.56799086999	1.56620453842	1.83449059449	1.83237330111	1.67287361044	1.7083282987	1.91850907202	1.46990476559	1.78348051716	1.39475104882	1.58158999517	1.45839266796	1.44969693088	1.43741539874	1.95866346544	1.93335947318	1.70981527791	1.81110896568	1.6017477332	1.6183960609	1.95855270179	1.8050240551	1.63443364427	1.68333144031	1.7545377767	1.64604236346	1.57743051232	1.76512935234	1.55263348478	1.79666526825	1.70827162881	1.76092162881
AE8	0.567770739488	0.586283890768	2.18087155147	0.904117583374	0.834317839536	0.725594973417	0.878941957467	0.713936640889	0.879002513291	0.573893078782	0.949824432093	0.653680613823	0.69338037216	1.8494461479	0.690518245529	0.557493528275	0.800565766071	0.802651836636	1.43418488159	0.955558168197	0.686626520058	0.566885268246	0.892584132431	0.77416702755	1.0666738231	0.0	0.802908240696	0.680738646689	0.60999080232	0.574914751087	0.739300565491	0.645364267762	0.831482049299	0.82161358144	1.10524924118	0.91367641856	0.930739647173	0.652057303045	0.817193267279	0.656717960367	0.675791899468	1.20915009667	1.13727843886	0.62799698405	1.01864956501	0.984293257612	1.18916704205	1.06792454809	0.915171880135	0.934822527791	1.21752128565	1.15156070082	0.821390144998	0.878561271145	0.944130584824	0.873095674239	0.668825195747	1.10111869019	0.655733842436	1.01567037216	0.714554499758	1.04028133881
AF7	0.789995635573	0.724491638473	2.38377467859	1.13737778154	1.07745943934	0.53057760754	1.23486850652	0.501119101015	0.437946104398	0.881355674239	0.451867559207	0.869669811503	0.626960589657	2.05705654422	0.813603334944	0.67373717738	0.384379062349	0.407217322378	1.80831121798	1.32242227163	0.960903412276	0.515734407927	0.340605297245	0.309690560657	1.80865484292	0.802908240696	0.0	0.20949077332	0.680727278879	0.756869884002	0.677490710488	0.520061565974	0.417279917835	0.450145195747	1.20846839536	0.966178076365	0.509396974384	0.739731063316	0.584493281779	0.911600497825	0.73243638956	1.40854156597	1.33277297245	0.781107902368	0.738694973417	0.700167288545	1.25245640406	0.993893455776	1.10307840986	1.06084786854	1.04344508942	1.10475398743	0.820725828903	0.812685065249	0.82332637506	0.833277805703	0.599871831803	1.09108831319	0.621046674722	1.00642328178	0.475190821653	0.979155195747
AF8	0.684220135331	0.654208066699	2.2962078492	1.03104728855	1.01056031416	0.494224282262	1.13876274045	0.427711971967	0.453282339294	0.781391947801	0.549280246496	0.807423794103	0.584950676655	1.96502138231	0.742186906718	0.601859540841	0.398115480909	0.418790289995	1.69743148381	1.20811642823	0.836517443209	0.386842165297	0.433637375544	0.395153977767	1.69112877719	0.680738646689	0.20949077332	0.0	0.565250927985	0.637834490092	0.668085940068	0.473253605607	0.396536945384	0.413379313678	1.17877295312	0.937225389077	0.570438516191	0.67310320928	0.579318351861	0.845719217013	0.678968158531	1.31205055099	1.22988116481	0.711898540358	0.727734688255	0.69879298695	1.24429345094	0.978619076849	1.06107166747	1.04318621073	1.03449263412	1.09811431126	0.799709478009	0.801448144031	0.815008139198	0.828401744804	0.550586230063	1.0861840261	0.566603228613	0.994046408893	0.449645645239	0.961501648139
AG7	0.717398264862	0.671030314161	1.88982910101	0.638280739488	0.906460502658	0.699219415176	0.892641623973	0.571552769454	0.691891266312	0.638478148864	0.827222948284	0.772006457226	0.695751126148	1.56350045916	0.672261227646	0.6680640116	0.751949782504	0.781595321411	1.32725038666	0.818511947801	0.587740434993	0.460550241663	0.740595534074	0.667735819236	1.37202972934	0.60999080232	0.680727278879	0.565250927985	0.0	0.19894421943	0.793117457709	0.673087046883	0.642197984534	0.701839482842	1.26002043983	0.97426022233	0.895310604157	0.48884662639	0.810836974384	0.859410173997	0.748893073949	0.985290613823	0.906567945868	0.501466848719	1.01783302078	0.948645625906	1.35865055582	1.11767946834	1.14426555341	1.14052191397	1.25176092315	1.21978311261	0.913853330111	0.936134432093	1.00337492025	0.953216075399	0.689695833736	1.20811498308	0.689913576607	1.12328288545	0.709369507008	1.0876217013
AG8	0.653986631223	0.664446239729	1.84498289029	0.632302445626	0.894563755437	0.744687878202	0.824593363944	0.657809980667	0.793790381827	0.630366428226	0.908321802803	0.754136679555	0.761576060899	1.51577497342	0.677457259546	0.664509652006	0.833952899952	0.858637056549	1.23451530208	0.748919028516	0.547893392943	0.510572179797	0.843529101015	0.760846360561	1.32264283229	0.574914751087	0.756869884002	0.637834490092	0.19894421943	0.0	0.849665427743	0.749117945868	0.745883083615	0.773130517158	1.25908599323	1.00781716288	0.98296358144	0.476976558724	0.880656660222	0.85319640406	0.784094441759	0.946640333494	0.878682518125	0.487187617206	1.06988105848	1.02980077815	1.35708897535	1.19428884969	1.13229023683	1.13515648623	1.32939541808	1.28526970034	0.967124954084	0.985775993233	1.05934711455	1.00638841469	0.746790444659	1.22407036733	0.742929386177	1.18514837119	0.750474335428	1.16195549058
AH7	0.764766007733	0.866117448043	2.45171046399	1.26385985017	1.15617708072	0.777079743838	1.18893874335	0.806889086515	0.8872879797	0.932905099082	0.812113794103	0.998068100532	0.836725567907	2.13598538908	1.01280724021	0.772535804737	0.641326302562	0.616758733688	1.69937879652	1.27055729338	0.877023044949	0.634575935234	0.75247659739	0.70331982117	1.56799086999	0.739300565491	0.677490710488	0.668085940068	0.793117457709	0.849665427743	0.0	0.298162416626	0.870391430643	0.851413537941	1.17198671339	1.04538695988	0.820087752537	0.939748501692	0.760654857419	0.945283977767	0.842605775737	1.49476608023	1.43181324311	0.947738777187	0.918394064766	0.864432663122	1.29547571774	1.04865336878	1.1644857854	1.03250670855	1.13903887385	1.15029972934	0.846351358144	0.854529850169	0.836317075882	0.837315882069	0.750737873369	1.13575154181	0.757323977767	1.03729803287	0.743606732721	1.03469822136
AH8	0.654521145481	0.708292682455	2.41914962301	1.14675668922	1.00924237796	0.577395577574	1.10767123248	0.604945944901	0.693684403093	0.797791691638	0.673548728855	0.849637496375	0.672556742388	2.08579692122	0.857340077332	0.606145664572	0.421587675205	0.387805828903	1.65447529725	1.19585348478	0.812206476559	0.472209120348	0.607040405993	0.533669139681	1.56620453842	0.645364267762	0.520061565974	0.473253605607	0.673087046883	0.749117945868	0.298162416626	0.0	0.678302866119	0.637814059932	1.14447965684	0.948765248913	0.682299265346	0.816871710971	0.576840695988	0.826324963751	0.69952020783	1.43457034316	1.35686917351	0.816025350411	0.771521256646	0.728360618656	1.19084866119	0.935107008217	1.04135531658	0.922452112131	0.99399542291	1.04150066699	0.70790420493	0.729925886902	0.725670328661	0.723229202513	0.59252979217	1.02428058966	0.588537153214	0.914231952634	0.544875558241	0.920527230546
AA5	0.827844552924	0.650716399227	2.29170900918	1.06921776704	0.961640691155	0.474193214113	1.2258541276	0.29236980667	0.241046350894	0.870844388594	0.42127420493	0.735523020783	0.581171691638	1.96224009667	0.689421561141	0.692273963267	0.481992561624	0.482473769937	1.83045823103	1.34767435959	0.924477549541	0.587979661672	0.450687071049	0.461142783954	1.83449059449	0.831482049299	0.417279917835	0.396536945384	0.642197984534	0.745883083615	0.870391430643	0.678302866119	0.0	0.236406022233	1.22660126631	0.934864944418	0.559462837119	0.631725799903	0.60812737071	0.829545886902	0.671506882552	1.26345451426	1.18183306428	0.644713823103	0.743260130498	0.660720294828	1.30964854036	1.03512666506	1.07398814886	1.08486087482	1.10689074915	1.16764359111	0.84777956984	0.859496795553	0.860455804737	0.873700091832	0.610771111648	1.15666158047	0.654053272112	1.03618754954	0.50560257129	1.03380296278
AA6	0.814183808603	0.644132735621	2.37273932334	1.11623923635	0.969518042533	0.405821478975	1.18984497342	0.332057317545	0.325088400193	0.8399060029	0.428663900435	0.737429942001	0.535296128565	2.03668359594	0.720068066699	0.666479337844	0.494442353794	0.474584615756	1.86120244563	1.36023488159	0.906128637023	0.557382136298	0.513413905268	0.478590024166	1.83237330111	0.82161358144	0.450145195747	0.413379313678	0.701839482842	0.773130517158	0.851413537941	0.637814059932	0.236406022233	0.0	1.11398974384	0.840744335428	0.507802063799	0.643062890285	0.519344664089	0.810307307878	0.582614722088	1.34290274045	1.25882580474	0.632966747221	0.561995326245	0.484066075399	1.22074480909	0.955293972934	0.976599342678	0.968629874335	1.02738777187	1.07335147898	0.72613481392	0.777563687772	0.77292818753	0.765442237796	0.58761500725	1.03915067666	0.628670256162	0.917918927018	0.45515537941	0.947757549541
AB5	1.06795471242	0.916194088932	2.53652820686	1.34734598357	0.776591942968	1.00423178347	1.18544265346	1.10970542774	1.19478016433	0.952202368294	1.20626844369	0.815165012083	1.01882751571	2.20641167714	0.999130676655	0.969514688255	1.20778767037	1.17364484775	1.82263725471	1.39780996133	1.27193503625	1.14474839053	1.38410073949	1.34488657322	1.67287361044	1.10524924118	1.20846839536	1.17877295312	1.26002043983	1.25908599323	1.17198671339	1.14447965684	1.22660126631	1.11398974384	0.0	0.468260343161	0.993390338328	1.0369742001	0.952433325278	0.800518124698	0.815160251329	1.56032884969	1.49547963751	0.998192914451	0.975516534558	0.96279777187	0.858049072015	0.955925785404	0.743505509908	0.777530077332	1.08765637506	0.950616940551	0.783164248429	0.909051778637	0.923159246013	0.871366587724	0.988174233929	0.892412706622	0.988375437409	0.879855630739	1.01399492508	0.916017462542
AB6	0.907542769454	0.704943199613	2.46472315611	1.23409169164	0.742162068632	0.743358419526	1.09164101498	0.820990314161	0.922996022233	0.822173093282	0.987020260996	0.571919255679	0.781291928468	2.13237760754	0.788545751571	0.752320705655	1.02286463026	0.992608883519	1.79448756404	1.33282500725	1.14679779604	0.869208308362	1.15190849686	1.10436910101	1.7083282987	0.91367641856	0.966178076365	0.937225389077	0.97426022233	1.00781716288	1.04538695988	0.948765248913	0.934864944418	0.840744335428	0.468260343161	0.0	0.78826060899	0.770808666022	0.77105701305	0.707637597873	0.604639047849	1.43689559207	1.36691014983	0.728862266796	0.775747298212	0.759063905268	0.766107172547	0.673304842919	0.521611082649	0.522633542774	0.807846665056	0.705502223296	0.595989946834	0.74743081682	0.751684596423	0.707415234413	0.75226337361	0.656536694055	0.759921870469	0.587985195747	0.798123649106	0.635124649589
AC5	0.908442605123	0.784239101015	2.60864869502	1.34911139198	0.978198385694	0.519246355727	1.29328040599	0.563192924118	0.505902334461	0.942888878685	0.439179603673	0.741937322378	0.69559117448	2.2825859594	0.876273523441	0.777555321411	0.536938144031	0.506085635573	1.96031426293	1.47660521025	1.16101956501	0.800785041083	0.59900619623	0.563761483809	1.91850907202	0.930739647173	0.509396974384	0.570438516191	0.895310604157	0.98296358144	0.820087752537	0.682299265346	0.559462837119	0.507802063799	0.993390338328	0.78826060899	0.0	0.770767554374	0.414172750121	0.865447457709	0.624408530691	1.6066022523	1.52638767521	0.802178661189	0.476525142581	0.453481691638	1.03839550507	0.7622020203	0.915632783954	0.848731551474	0.80930178347	0.855024717255	0.610374161431	0.595438163364	0.586705814403	0.612543344611	0.720515998067	0.853822387627	0.75854460609	0.793664983084	0.551633750604	0.752773301112
AC6	0.728454055099	0.501063339778	2.00111142581	0.741462880619	0.688517568874	0.63490558724	0.740434214596	0.531060652489	0.715331686805	0.508243895602	0.827068037699	0.573845553407	0.615274407927	1.66991052682	0.470493808603	0.601626887385	0.80818280812	0.810017626873	1.44753878202	0.957728192363	0.768636921218	0.625535524408	0.880899850169	0.822912324795	1.46990476559	0.652057303045	0.739731063316	0.67310320928	0.48884662639	0.476976558724	0.939748501692	0.816871710971	0.631725799903	0.643062890285	1.0369742001	0.770808666022	0.770767554374	0.0	0.74028820203	0.644227520541	0.587816858386	0.878384258096	0.797351546641	0.250831638473	0.933376824553	0.894592078299	1.15238160947	1.00491495892	0.917888061866	0.939842382794	1.13317652972	1.07173509425	0.796083127115	0.858820903818	0.906860637989	0.822549816336	0.585364983084	1.03107429193	0.626991184147	0.980932121798	0.641859565007	0.977633557274
AD6	0.7366519913	0.614306669889	2.54193795553	1.19822227646	0.832205935234	0.388978690188	1.16590633156	0.465630845819	0.561953151281	0.821211333978	0.503516239729	0.646797148381	0.545811358144	2.20452277912	0.749287588207	0.602709395843	0.4903959884	0.479268941518	1.83281465926	1.37001728371	1.06328648623	0.706397249879	0.694256926051	0.646627921701	1.78348051716	0.817193267279	0.584493281779	0.579318351861	0.810836974384	0.880656660222	0.760654857419	0.576840695988	0.60812737071	0.519344664089	0.952433325278	0.77105701305	0.414172750121	0.74028820203	0.0	0.682422827453	0.407518090865	1.5303640116	1.45224317061	0.747081483809	0.5779540261	0.544492837119	0.907462735621	0.635691483809	0.805208298695	0.698102087965	0.717956205897	0.757566843886	0.486918956017	0.462722329628	0.48490919768	0.501271097148	0.54574141131	0.736030739488	0.585730183664	0.653190908652	0.397488550024	0.636758028033
AE5	0.573245838569	0.490886848719	2.34165630739	1.01523848236	0.63356659739	0.714911754471	0.870998371194	0.711059192847	0.911613948768	0.552354838086	0.960033653939	0.581915877235	0.700536718221	2.00243747704	0.582790067666	0.498325273079	0.873248356694	0.853791681972	1.52093690672	1.09235997583	0.956774069599	0.790867723538	1.07822294345	1.00469756404	1.39475104882	0.656717960367	0.911600497825	0.845719217013	0.859410173997	0.85319640406	0.945283977767	0.826324963751	0.829545886902	0.810307307878	0.800518124698	0.707637597873	0.865447457709	0.644227520541	0.682422827453	0.0	0.365208709522	1.26726261479	1.19350290478	0.59867679072	0.996756031899	0.977103349444	0.888054088932	0.836453663606	0.722089463509	0.66873918318	0.995191512808	0.894388240696	0.581735181247	0.652682489125	0.759481875302	0.608695152247	0.557433692605	0.82581462059	0.554143885935	0.796172672789	0.688564862252	0.811917249879
AE6	0.578595727405	0.426652126631	2.41015681972	1.06066517158	0.642221077815	0.480662532624	0.957538564524	0.547706993717	0.677682049299	0.630118762687	0.719488337361	0.514775132914	0.49564739971	2.06998351861	0.564509864669	0.416799279845	0.679866355727	0.673315500242	1.62129516675	1.18530302078	0.966322092798	0.687261034316	0.902053470275	0.826484891252	1.58158999517	0.675791899468	0.73243638956	0.678968158531	0.748893073949	0.784094441759	0.842605775737	0.69952020783	0.671506882552	0.582614722088	0.815160251329	0.604639047849	0.624408530691	0.587816858386	0.407518090865	0.365208709522	0.0	1.35189966651	1.2754979942	0.555659545674	0.752588385694	0.73419318028	0.868104760754	0.674939753504	0.655842097632	0.608968608023	0.825609279845	0.751978506525	0.422473779604	0.486044712421	0.556252450459	0.445792000967	0.417663910101	0.701948869019	0.452059236346	0.630992711455	0.47211062349	0.649229052682
AF5	1.25350958434	1.18920025133	1.30736977767	0.625314253262	1.1935617593	1.3971958579	0.798683518608	1.25043179314	1.35536184147	1.03386069116	1.52900057032	1.23834403093	1.33465617206	0.986494475592	1.08636203963	1.27270197197	1.48872047366	1.53460920251	0.968266887385	0.700975350411	1.15667340744	1.2229239971	1.45116277429	1.42826692605	1.45839266796	1.20915009667	1.40854156597	1.31205055099	0.985290613823	0.946640333494	1.49476608023	1.43457034316	1.26345451426	1.34290274045	1.56032884969	1.43689559207	1.6066022523	0.878384258096	1.5303640116	1.26726261479	1.35189966651	0.0	0.144057245046	0.952784393427	1.70880302562	1.63682061866	1.73727035283	1.68173141614	1.56130884002	1.6310361334	1.81191872885	1.773440174	1.53678657322	1.59110567424	1.65305607057	1.56496240696	1.28270356694	1.73104327695	1.29722089415	1.67418415176	1.38899438859	1.6655978927
AF6	1.19061477525	1.10666616723	1.37007970517	0.563636099565	1.12761541808	1.31747565491	0.753585519575	1.16792687289	1.27992189947	0.957438042533	1.45410692122	1.16283516675	1.25860037699	1.04362808603	0.995074461092	1.19312493958	1.40996979217	1.45635909135	0.981769091348	0.682305674239	1.1153760464	1.13996537941	1.37317461576	1.34797838086	1.44969693088	1.13727843886	1.33277297245	1.22988116481	0.906567945868	0.878682518125	1.43181324311	1.35686917351	1.18183306428	1.25882580474	1.49547963751	1.36691014983	1.52638767521	0.797351546641	1.45224317061	1.19350290478	1.2754979942	0.144057245046	0.0	0.873692909618	1.63425140648	1.55985770904	1.66144337361	1.60031387144	1.48481209763	1.55069398743	1.72695249396	1.69643526341	1.46332672789	1.51074966651	1.57419248429	1.48717517641	1.20342331561	1.64830581924	1.2162001885	1.59121622523	1.31370000483	1.5755058289
AG5	0.707330410826	0.454926665056	2.05696831319	0.772364958917	0.625888965684	0.600161913968	0.772348540358	0.519504180764	0.705492788787	0.519248709522	0.809340140164	0.505126713388	0.59210159014	1.72416964717	0.447073412276	0.570050715321	0.823346278395	0.807439453842	1.46805718705	0.964366094732	0.740478815853	0.631401720638	0.923424693088	0.858905954567	1.43741539874	0.62799698405	0.781107902368	0.711898540358	0.501466848719	0.487187617206	0.947738777187	0.816025350411	0.644713823103	0.632966747221	0.998192914451	0.728862266796	0.802178661189	0.250831638473	0.747081483809	0.59867679072	0.555659545674	0.952784393427	0.873692909618	0.0	0.909695113581	0.872036921218	1.11558490575	0.984048685355	0.869504069599	0.891409826003	1.1290741421	1.0608597245	0.744431343644	0.820810570324	0.878014741421	0.779515480909	0.589864635089	0.997477926535	0.620164997583	0.940210691155	0.632759052682	0.962391691638
