	AA3	AA4	AB3	AB4	AC3	AC4	AD3	AD4	AE3	AE4	AF3	AF4	AG3	AG4	AH3	AH4	AA7	AA8	AB7	AB8	AC7	AC8	AD7	AD8	AE7	AE8	AF7	AF8	AG7	AG8	AH7	AH8	AA5	AA6	AB5	AB6	AC5	AC6	AD6	AE5	AE6	AF5	AF6	AG5	AH5	AH6	AA1	AA2	AB1	AB2	AC1	AC2	AD1	AD2	AE1	AE2	AF1	AF2	AG1	AG2	AH1	AH2
AA3	0.0	0.531350952151	2.25868080715	0.960935964234	0.839127042049	0.698358405027	0.915303905268	0.771286669889	0.859598458192	0.651670850652	0.930532580957	0.720290164331	0.66054818753	1.92225729821	0.738050473659	0.246358250362	0.780823078782	0.737714543258	1.45168618656	1.06570549058	0.800604325761	0.655060260996	0.801246466892	0.850822232963	1.38461962301	0.579956437893	0.767640130498	0.644120202997	0.686436510391	0.660220367327	0.745106988884	0.663387902368	0.85293919768	0.806931478975	1.06553145481	0.860190019333	0.92147681972	0.763304103432	0.707475364911	0.595430850652	0.559872605123	1.24923983567	1.16505117448	0.673785074915	1.11077354761	1.04926493475	1.00091039149	0.934282527791	0.886344804253	0.843359086515	1.06096447559	0.995750942484	0.667741633639	0.726895790237	0.760546814886	0.658503808603	0.528045432576	0.880862740454	0.484855287579	0.829246761721	0.607978003867	0.950777278879
AA4	0.531350952151	0.0	2.2446377622	0.896552561624	0.628694146931	0.526999932334	0.899013320445	0.505386254229	0.643091140648	0.568687322378	0.797086848719	0.468525070082	0.395052479459	1.90805128565	0.325676592557	0.321520840986	0.656226771387	0.635982982117	1.57368977284	1.09912429193	0.828078429193	0.632474296762	0.80369219913	0.749262484292	1.51580246496	0.585303881102	0.641178013533	0.621640956984	0.630899797003	0.66735139681	0.845860067666	0.675680836153	0.604603547608	0.587507863702	0.930484417593	0.671296592557	0.754348032866	0.505718593523	0.53951777187	0.531022237796	0.412083576607	1.18242649589	1.08652966651	0.426689009183	0.945692319961	0.849726723055	0.952847713871	0.799991527308	0.728726147898	0.767319917835	0.946027752537	0.893910700822	0.598360657322	0.665022266796	0.64872260029	0.602260367327	0.378231377477	0.826415123248	0.387998970517	0.715439579507	0.449174079265	0.815239047849
AB3	2.25868080715	2.2446377622	0.0	1.45015926535	2.15456054132	2.38132184147	1.89972442243	2.27764526341	2.33391486709	2.11208904785	2.51457967134	2.23573415176	2.30270799903	0.387602783954	2.10387361044	2.25888670372	2.47756480425	2.49966921218	1.16129230063	1.43496299178	1.98658692122	2.1671558289	2.36345810053	2.39759379894	1.88717693088	2.17284194297	2.37315182214	2.28521449493	1.8622359739	1.82176298212	2.43834961334	2.42041275979	2.2684022378	2.37264007733	2.53128535041	2.43940668922	2.63600028516	1.99950512325	2.47662390527	2.26242129531	2.38612107782	1.32265289029	1.40417316095	2.09033508458	2.71791919768	2.63060974384	2.68356754471	2.67622098598	2.50129275495	2.6020121798	2.77113678589	2.73063786854	2.55852178347	2.62316251329	2.59338456742	2.57903714355	2.2790041711	2.63490733688	2.27474660222	2.61189666506	2.38531646206	2.675660174
AB4	0.960935964234	0.896552561624	1.45015926535	0.0	0.857851145481	1.03116364911	0.783634862252	0.999483165781	1.13120908652	0.815230033833	1.25127765104	0.905245635573	0.890109352344	1.09966293862	0.821123847269	0.910750860319	1.17670192363	1.19664091832	0.978337056549	0.470874272595	0.94558982117	0.943276302562	1.12104076849	1.13668798937	1.27456518608	0.89002921218	1.13118007733	1.02248591107	0.60971959884	0.603938274529	1.2605779652	1.14428743354	1.09019079265	1.1221962784	1.33788562107	1.19420849686	1.37447746254	0.754030855486	1.14749390043	0.930938559691	1.0444058434	0.583048598357	0.526927322378	0.796051227646	1.48885533108	1.40006202997	1.44560672305	1.38535548574	1.25834678105	1.33059217013	1.52082650072	1.4743778782	1.2301939536	1.32138624456	1.31722603673	1.26022720638	0.977551169647	1.36560531658	0.967699942001	1.31971563074	1.06333279845	1.39534948284
AC3	0.839127042049	0.628694146931	2.15456054132	0.857851145481	0.0	0.743083591107	0.81753879652	0.795864006767	0.95706520058	0.621655746738	1.06589609473	0.288608941518	0.779900729821	1.82152985017	0.663476761721	0.72224499275	1.0076658869	0.965006544224	1.44382778637	1.02487672789	1.05005937168	0.990226684389	1.21310836636	1.15240964234	1.30091477525	0.780908177864	1.04193441276	1.01270691638	0.858227728371	0.8464139826	1.16615724988	1.01156358627	0.982962054132	0.957203228613	0.852213769937	0.71974077332	1.00995913485	0.667568854519	0.847141179314	0.600581904302	0.732905882069	1.11028854036	1.0373757999	0.584655896568	1.21907207347	1.13848858386	0.951292977284	0.993862880619	0.748835915901	0.85361421943	1.12922050749	1.03441727888	0.787778815853	0.88417742871	0.889084809087	0.82217420493	0.789452890285	0.908038463026	0.77141698405	0.884501227646	0.821762242629	0.980708506525
AC4	0.698358405027	0.526999932334	2.38132184147	1.03116364911	0.743083591107	0.0	1.12897592073	0.322269337844	0.421545524408	0.814730927985	0.388800111165	0.550720952151	0.461237941034	2.04342727405	0.711262885452	0.588546466892	0.552937945868	0.527102798453	1.82229035283	1.28726877719	0.88071821653	0.610035611406	0.632090130498	0.578309067182	1.73775652006	0.740987602707	0.532714156597	0.530312817786	0.674176423393	0.765524195263	0.7933539971	0.56132142581	0.483344939584	0.393359173514	0.971455978734	0.729120227163	0.573121130981	0.614822962784	0.361517278879	0.76956338811	0.497852624456	1.33535937168	1.24273650072	0.572157090382	0.699198612856	0.605618554857	1.04721650072	0.827902305462	0.823559284679	0.832221290478	0.887800009667	0.93083120348	0.609146109232	0.667714958917	0.654942967617	0.595737738038	0.593360183664	0.922944490092	0.629011014983	0.744689516675	0.421507651039	0.828098052199
AD3	0.915303905268	0.899013320445	1.89972442243	0.783634862252	0.81753879652	1.12897592073	0.0	1.03439799903	1.27812698405	0.406402547124	1.38927251329	0.902145621073	1.05958551957	1.56238489609	0.79756839536	0.925518878685	1.25452009183	1.23048742871	1.31024018366	0.846991435476	0.909424596423	0.943587907202	1.25732459159	1.2781879652	1.20719798937	0.872058361527	1.19323644756	1.0855022523	0.872814557757	0.784342426293	1.1687038086	1.11070573707	1.21639497342	1.17443621556	1.17072733688	1.02233218463	1.29107787337	0.733563629773	1.13476023683	0.80474701305	0.988478762687	0.807084340261	0.750687926535	0.766277216046	1.45756248913	1.38194838569	1.38608735621	1.35747719188	1.13573502175	1.20144962301	1.49699649106	1.42622088932	1.19258837119	1.23789927985	1.24086740454	1.19084433059	0.94762580957	1.2699139536	0.941900101498	1.21612363944	1.10983241663	1.3487857274
AD4	0.771286669889	0.505386254229	2.27764526341	0.999483165781	0.795864006767	0.322269337844	1.03439799903	0.0	0.279642015466	0.689281628806	0.471747941034	0.615122953117	0.540018279362	1.94856910101	0.655370338328	0.606256674722	0.563444557757	0.553162131464	1.80056452392	1.27473249879	0.854169864669	0.586198579024	0.561785838569	0.512715775737	1.76921971	0.754839086515	0.494437646206	0.496555070082	0.59033479942	0.70908821653	0.836989695505	0.612478564524	0.32243239246	0.340419328178	1.05246097632	0.79196117448	0.574412237796	0.53088839536	0.40588098115	0.768817820203	0.543488564524	1.21872814886	1.11690947318	0.519295292412	0.699731111648	0.60703138231	1.12212996617	0.887514900918	0.913155108748	0.947927322378	0.931860260996	1.01360073465	0.70848	0.723588047366	0.690061420976	0.668760019333	0.583302609956	1.00845791687	0.635775132914	0.856881251812	0.499595374577	0.893896640889
AE3	0.859598458192	0.643091140648	2.33391486709	1.13120908652	0.95706520058	0.421545524408	1.27812698405	0.279642015466	0.0	0.930068516191	0.364894722088	0.775925645239	0.594573479942	2.01497100048	0.7732099855	0.73161378927	0.507660618656	0.53267222813	1.93499634123	1.42137938618	0.934991222813	0.693666346061	0.460667109715	0.426849932334	1.90293677622	0.895623151281	0.431526447559	0.518742991783	0.715822788787	0.846371701305	0.894624867086	0.672484233929	0.238105882069	0.327239217013	1.16797479459	0.930880473659	0.565466810053	0.718428313195	0.52330359594	0.96198857419	0.68591	1.32912239246	1.2216000725	0.692038999517	0.701893330111	0.587839971	1.22964227646	0.980989956501	1.03961365394	1.06104309328	1.02535146931	1.12443563557	0.80491517158	0.83660522958	0.783428859352	0.775203368777	0.709299927501	1.12635872402	0.763032469792	0.960932286129	0.583607017883	0.993379062349
AE4	0.651670850652	0.568687322378	2.11208904785	0.815230033833	0.621655746738	0.814730927985	0.406402547124	0.689281628806	0.930068516191	0.0	1.06659921701	0.598851851136	0.749733441276	1.77370074432	0.549294277429	0.601811362977	0.914822445626	0.893155833736	1.47510660706	0.98390521508	0.776903779604	0.700456437893	0.955207486709	0.946345679072	1.34626871435	0.579195543741	0.85832182697	0.76924560174	0.64931719188	0.61893022233	0.932565224746	0.797354751087	0.880064722088	0.843001749638	0.943921638473	0.781809879169	0.95798640406	0.527151184147	0.781999603673	0.526661227646	0.657488211696	0.997825524408	0.902595316578	0.495546868052	1.15603124215	1.08005712905	1.10875161431	1.07046923151	0.895817723538	0.956448757854	1.22138720638	1.15067154664	0.894363059449	0.925790662156	0.920829110681	0.873881087482	0.625514610923	1.00784267762	0.632384069599	0.963473658772	0.767311309812	1.06759747704
AF3	0.930532580957	0.797086848719	2.51457967134	1.25127765104	1.06589609473	0.388800111165	1.38927251329	0.471747941034	0.364894722088	1.06659921701	0.0	0.873534151764	0.707155084582	2.18715043016	0.969663943934	0.844785060416	0.49485980667	0.515848980184	2.03887547124	1.50627097632	1.04109798937	0.81526942001	0.406915906235	0.373050705655	1.99888338811	0.991401246979	0.502675872402	0.635467274045	0.858711546641	0.983847119381	0.853000362494	0.671624378927	0.467095993233	0.463645538908	1.17463769454	0.988168351861	0.514033644273	0.847099178347	0.509446447559	1.0349177477	0.735457182214	1.50492841469	1.40726207347	0.823592957951	0.652938791687	0.557467713871	1.20903964717	0.969046631223	1.1156080087	1.05316922185	1.00974493475	1.07980383277	0.805210705655	0.795568119865	0.786867216046	0.742605273079	0.85474739971	1.08684252296	0.8969	0.965405886902	0.609382203963	0.977430584824
AF4	0.720290164331	0.468525070082	2.23573415176	0.905245635573	0.288608941518	0.550720952151	0.902145621073	0.615122953117	0.775925645239	0.598851851136	0.873534151764	0.0	0.598559086515	1.90179487675	0.541263122281	0.585406529725	0.843013252779	0.822153243113	1.55129950217	1.07178421943	0.941919468342	0.843178013533	1.03359282262	0.976954920251	1.41642911068	0.628889608507	0.883066631223	0.859441957467	0.76380117448	0.758126868052	1.01649282262	0.861102464959	0.803707854036	0.791569366844	0.813275480909	0.588826505558	0.826881329145	0.572420937651	0.693914664089	0.548115882069	0.581819163847	1.15149215563	1.06655607057	0.49194881102	1.0328038376	0.946086679555	0.843393238279	0.812554722088	0.633241802803	0.722469308845	0.956476167231	0.896637423876	0.640596302562	0.734807095215	0.725074050266	0.686915712905	0.645291121315	0.78141861769	0.640576346061	0.728101498308	0.666039787337	0.808461556307
AG3	0.66054818753	0.395052479459	2.30270799903	0.890109352344	0.779900729821	0.461237941034	1.05958551957	0.540018279362	0.594573479942	0.749733441276	0.707155084582	0.598559086515	0.0	1.95131575157	0.508827080715	0.520002145964	0.570871092315	0.579006752054	1.71142100532	1.18608292895	0.891331304978	0.657376075399	0.731467665539	0.678639748671	1.61062001933	0.687937375544	0.572048917351	0.574668003867	0.671555128081	0.740981807637	0.845043682939	0.66496579507	0.591727820203	0.545733634606	0.991411764137	0.765088105365	0.755500106332	0.604087283712	0.519150686322	0.692387283712	0.457172556791	1.26738157564	1.1693697825	0.540457535041	0.915222063799	0.809478400193	1.00719852102	0.800759434509	0.825677515708	0.836239473175	0.944646012566	0.914012547124	0.593846099565	0.687533247946	0.678824543258	0.62111961334	0.47012520058	0.898763697438	0.503416930884	0.746181938134	0.412647409377	0.81132482842
AG4	1.92225729821	1.90805128565	0.387602783954	1.09966293862	1.82152985017	2.04342727405	1.56238489609	1.94856910101	2.01497100048	1.77370074432	2.18715043016	1.90179487675	1.95131575157	0.0	1.77219865636	1.91972110681	2.15038490092	2.16872164331	0.897046713388	1.10807150797	1.65802414693	1.83484606573	2.03367486225	2.06679154664	1.62511589657	1.84563384244	2.05265618173	1.95696779604	1.53200825036	1.48610676172	2.12889264862	2.08823820203	1.94737506525	2.03704361527	2.2041519043	2.10794958917	2.29967270662	1.67405210246	2.14316589657	1.92486904785	2.04535492025	1.00278642339	1.09131658289	1.75591276462	2.38831913001	2.29798289995	2.34456705172	2.33840736588	2.16549174964	2.26220370227	2.43831519091	2.39815716288	2.2208402465	2.28666720155	2.26553842919	2.24208085549	1.94730421943	2.29955536974	1.94289805703	2.27341705172	2.05220987917	2.33896341228
AH3	0.738050473659	0.325676592557	2.10387361044	0.821123847269	0.663476761721	0.711262885452	0.79756839536	0.655370338328	0.7732099855	0.549294277429	0.969663943934	0.541263122281	0.508827080715	1.77219865636	0.0	0.542282518125	0.770174335428	0.797258095698	1.52344653939	1.02157004833	0.854146447559	0.747484335428	0.914170695988	0.863987283712	1.45991854519	0.685594644756	0.754984630256	0.740883929435	0.641362817786	0.634156109232	1.00614505075	0.843659903335	0.694185659739	0.741356317061	1.01364430643	0.792871155147	0.948384925085	0.48789720638	0.746509453842	0.615380676655	0.632328414693	1.0179017738	0.927206510391	0.446535944901	1.13213161914	1.02954965684	1.07083366361	0.948220560657	0.860728492025	0.929699313678	1.09500144514	1.06307473659	0.815909971	0.894115195747	0.839618728855	0.837605253746	0.534584180764	0.961592634123	0.537208564524	0.895337825036	0.641315930401	0.967511164814
AH4	0.246358250362	0.321520840986	2.25888670372	0.910750860319	0.72224499275	0.588546466892	0.925518878685	0.606256674722	0.73161378927	0.601811362977	0.844785060416	0.585406529725	0.520002145964	1.91972110681	0.542282518125	0.0	0.676830879652	0.638809729338	1.48229188014	1.07225923635	0.805671372644	0.611518743354	0.769147520541	0.731712924118	1.45078271629	0.539519763171	0.66037619623	0.584829560174	0.633664639923	0.64993297245	0.775129492508	0.601556205897	0.709791561141	0.681824045433	0.992421256646	0.746807119381	0.822187868536	0.616500836153	0.589147883035	0.524242334461	0.450416336394	1.22177970034	1.12576468826	0.527708690188	0.996692725955	0.933355026583	0.957011184147	0.846293721605	0.801568912518	0.782280826486	0.97966102465	0.921444214596	0.594478569357	0.670581706138	0.681711155147	0.599504707588	0.380226679555	0.825640555824	0.365635277912	0.752771459642	0.485470908652	0.861219453842
AA7	0.780823078782	0.656226771387	2.47756480425	1.17670192363	1.0076658869	0.552937945868	1.25452009183	0.563444557757	0.507660618656	0.914822445626	0.49485980667	0.843013252779	0.570871092315	2.15038490092	0.770174335428	0.676830879652	0.0	0.163887056549	1.83820497342	1.37657738521	0.98847621073	0.682145940068	0.454174388594	0.413027129048	1.79485547124	0.81997460609	0.314499410343	0.432211063316	0.784360749154	0.879377211213	0.647114697922	0.424624446593	0.482149594007	0.495922648623	1.2037259014	1.01244081199	0.550233286612	0.824771319478	0.500857274045	0.921167752537	0.679374369261	1.46190437409	1.37057572257	0.80051722088	0.76503820203	0.648875543741	1.10712145481	0.880893030449	1.0883738956	1.01712096665	0.901514504592	0.980368337361	0.705047496375	0.71277919768	0.677297510875	0.658698003867	0.564247448043	0.982964639923	0.602548622523	0.938204717255	0.476338115031	0.897490807153
AA8	0.737714543258	0.635982982117	2.49966921218	1.19664091832	0.965006544224	0.527102798453	1.23048742871	0.553162131464	0.53267222813	0.893155833736	0.515848980184	0.822153243113	0.579006752054	2.16872164331	0.797258095698	0.638809729338	0.163887056549	0.0	1.81182303045	1.36257019333	0.952731232479	0.645024306428	0.490193257612	0.432552638956	1.7408417158	0.770476152731	0.35620982117	0.407984180764	0.775735016916	0.870568569357	0.600591478975	0.35755518608	0.519171150314	0.497067559207	1.16770352344	0.974939594007	0.526333711938	0.825604262929	0.468474741421	0.873005838569	0.645280314161	1.48080729338	1.39296377477	0.774206355727	0.74017897535	0.642374944418	1.08464093282	0.860411338811	1.05801817786	0.965581121315	0.87242662639	0.953503436443	0.660038274529	0.65977817303	0.652490260996	0.612902798453	0.574459028516	0.964979043016	0.602206872885	0.885448545191	0.445429105848	0.880486921218
AB7	1.45168618656	1.57368977284	1.16129230063	0.978337056549	1.44382778637	1.82229035283	1.31024018366	1.80056452392	1.93499634123	1.47510660706	2.03887547124	1.55129950217	1.71142100532	0.897046713388	1.52344653939	1.48229188014	1.83820497342	1.81182303045	0.0	0.581260782987	1.52914236346	1.58973960367	1.88081243113	1.90243227646	1.06465166747	1.44012551474	1.83004549541	1.69250661189	1.33455541808	1.22181802803	1.72814492025	1.71754332044	1.87438780087	1.89078819236	1.88555232479	1.79295496858	1.99971763171	1.49824589174	1.84160981634	1.46344193813	1.63560615756	0.965515128081	1.03738203963	1.52315665539	2.18578916868	2.1207659594	1.9405061189	1.96927627356	1.80125707105	1.8445680957	2.07118133398	2.00709726438	1.80692397293	1.85960270179	1.85206570324	1.81031380377	1.60570781054	1.89474451909	1.56927962784	1.86004513775	1.7477078637	1.97326763171
AB8	1.06570549058	1.09912429193	1.43496299178	0.470874272595	1.02487672789	1.28726877719	0.846991435476	1.27473249879	1.42137938618	0.98390521508	1.50627097632	1.07178421943	1.18608292895	1.10807150797	1.02157004833	1.07225923635	1.37657738521	1.36257019333	0.581260782987	0.0	1.05134813436	1.09337524408	1.35063757371	1.36729915901	1.13156898018	0.97628900435	1.30499548091	1.16891187047	0.79759762204	0.712816906718	1.31084425326	1.2594137506	1.35678536491	1.36143007733	1.42524546158	1.30929355727	1.50873863702	0.980112667956	1.35952319478	1.04074346544	1.20492078299	0.656179043016	0.665933939101	1.00533855002	1.67949957951	1.5980222378	1.594340261	1.56357936684	1.37404762687	1.43985037699	1.67781608507	1.62499308845	1.41452945384	1.46157198163	1.44989531174	1.41386243596	1.15590756887	1.51911186564	1.15503570324	1.44669168197	1.24711777187	1.5616542726
AC7	0.800604325761	0.828078429193	1.98658692122	0.94558982117	1.05005937168	0.88071821653	0.909424596423	0.854169864669	0.934991222813	0.776903779604	1.04109798937	0.941919468342	0.891331304978	1.65802414693	0.854146447559	0.805671372644	0.98847621073	0.952731232479	1.52914236346	1.05134813436	0.0	0.426022827453	0.882038129531	0.910420952151	1.44846524408	0.711477970034	0.904466051232	0.750005244079	0.561119782504	0.560183465442	0.846603784437	0.777085442243	0.873333305945	0.880297312711	1.2666760319	1.08874644756	1.14485564524	0.768806070565	0.969223972934	0.975500318995	0.953412551957	1.16237656356	1.10776553407	0.742730541324	1.11127184147	1.0246377477	1.47344621073	1.39577710005	1.20100567907	1.27458143064	1.51832014983	1.47741758821	1.12142705172	1.19396749154	1.20261277429	1.12896711938	0.870369313678	1.35745998067	0.848527945868	1.2387861189	0.880774122765	1.40145384244
AC8	0.655060260996	0.632474296762	2.1671558289	0.943276302562	0.990226684389	0.610035611406	0.943587907202	0.586198579024	0.693666346061	0.700456437893	0.81526942001	0.843178013533	0.657376075399	1.83484606573	0.747484335428	0.611518743354	0.682145940068	0.645024306428	1.58973960367	1.09337524408	0.426022827453	0.0	0.619381633639	0.634456684389	1.50958147898	0.581398883519	0.531716737554	0.388664736588	0.473721710971	0.549951628806	0.620929772837	0.487683243113	0.627827723538	0.624648443693	1.13178182697	0.888701145481	0.820085529241	0.664386085065	0.675001464476	0.835927448043	0.700559690672	1.17607488642	1.09689162881	0.637840260996	0.902321706138	0.814017907202	1.29788812953	1.07358702272	1.04156503625	1.07760855002	1.19136756887	1.18030612856	0.845819265346	0.881249739004	0.887389202513	0.813937080715	0.583152257129	1.16676870469	0.613167515708	0.981693189947	0.571599424843	1.08195488159
AD7	0.801246466892	0.80369219913	2.36345810053	1.12104076849	1.21310836636	0.632090130498	1.25732459159	0.561785838569	0.460667109715	0.955207486709	0.406915906235	1.03359282262	0.731467665539	2.03367486225	0.914170695988	0.769147520541	0.454174388594	0.490193257612	1.88081243113	1.35063757371	0.882038129531	0.619381633639	0.0	0.154034335428	1.84030333494	0.831576060899	0.383017539874	0.428042957951	0.667468226196	0.787171213146	0.696025625906	0.528676747221	0.48831781537	0.5202819768	1.33557766071	1.13454714838	0.666724291928	0.851622595457	0.641394001933	1.05008368777	0.821941314645	1.3575239536	1.26515410343	0.84978318028	0.786773682939	0.691303281779	1.34206323828	1.10401212663	1.25321977767	1.20706718705	1.13060258096	1.22803507008	0.932679835669	0.927357085549	0.887508844853	0.87743161914	0.745543460609	1.23226858869	0.781197878202	1.11484126148	0.615300642823	1.11030195747
AD8	0.850822232963	0.749262484292	2.39759379894	1.13668798937	1.15240964234	0.578309067182	1.2781879652	0.512715775737	0.426849932334	0.946345679072	0.373050705655	0.976954920251	0.678639748671	2.06679154664	0.863987283712	0.731712924118	0.413027129048	0.432552638956	1.90243227646	1.36729915901	0.910420952151	0.634456684389	0.154034335428	0.0	1.83064701788	0.78117497825	0.338139908168	0.430991029483	0.69820077332	0.823641817303	0.72451557274	0.515866684389	0.446503528275	0.455470831319	1.27669225713	1.07392834703	0.614939768004	0.800039482842	0.593995732238	0.995037858869	0.761562300628	1.38396488159	1.29417468342	0.795259410343	0.72834341711	0.63681340261	1.29620644756	1.05984947801	1.19424532624	1.14912656839	1.09060492025	1.18334352827	0.882725693572	0.880336128565	0.848142348961	0.82687839536	0.70963062349	1.18778678105	0.758712290962	1.05490602707	0.567813644273	1.06710305945
AE7	1.38461962301	1.51580246496	1.88717693088	1.27456518608	1.30091477525	1.73775652006	1.20719798937	1.76921971	1.90293677622	1.34626871435	1.99888338811	1.41642911068	1.61062001933	1.62511589657	1.45991854519	1.45078271629	1.79485547124	1.7408417158	1.06465166747	1.13156898018	1.44846524408	1.50958147898	1.84030333494	1.83064701788	0.0	1.07287963751	1.80415547124	1.65585085549	1.36318091832	1.30956198163	1.58181697438	1.61225364427	1.8551220783	1.84118688739	1.71737699372	1.66879669889	1.93296232963	1.50895518125	1.78315731754	1.34644651039	1.59134338328	1.4424581247	1.45288667956	1.48227475109	2.06260713871	1.99825348961	1.74054794587	1.84176884969	1.62415728371	1.65100527308	1.98286492992	1.8579060899	1.68617842436	1.73049231996	1.73984703722	1.68655794103	1.5698962204	1.72704452876	1.52374246979	1.71674122281	1.68754144514	1.8435461044
AE8	0.579956437893	0.585303881102	2.17284194297	0.89002921218	0.780908177864	0.740987602707	0.872058361527	0.754839086515	0.895623151281	0.579195543741	0.991401246979	0.628889608507	0.687937375544	1.84563384244	0.685594644756	0.539519763171	0.81997460609	0.770476152731	1.44012551474	0.97628900435	0.711477970034	0.581398883519	0.831576060899	0.78117497825	1.07287963751	0.0	0.79233341711	0.680158680522	0.617467129048	0.597733673272	0.736587245046	0.646085838569	0.844381648139	0.827778675689	1.04355969551	0.845308042533	0.946486752054	0.666713813436	0.799122735621	0.607628980184	0.66097179797	1.17332872402	1.09576355244	0.629192706622	1.09845185114	1.02538560657	1.12557922185	1.05052801353	0.890508144031	0.942196152731	1.18225049299	1.15103006767	0.859554301595	0.898518859352	0.902003832769	0.842057288545	0.629095857902	1.03664674722	0.637562435959	0.902115079749	0.694158279362	1.06241832769
AF7	0.767640130498	0.641178013533	2.37315182214	1.13118007733	1.04193441276	0.532714156597	1.19323644756	0.494437646206	0.431526447559	0.85832182697	0.502675872402	0.883066631223	0.572048917351	2.05265618173	0.754984630256	0.66037619623	0.314499410343	0.35620982117	1.83004549541	1.30499548091	0.904466051232	0.531716737554	0.383017539874	0.338139908168	1.80415547124	0.79233341711	0.0	0.237550029	0.674352339294	0.765062827453	0.674288733688	0.482052508458	0.409944847753	0.429604562591	1.15527387627	0.943216723055	0.55047121798	0.743500183664	0.524453320445	0.907752044466	0.655912503625	1.38255589657	1.27610638473	0.713667883035	0.74262420493	0.647565819236	1.19049006767	0.954549927501	1.07463919285	1.04279542774	0.976836089898	1.07278542774	0.770564374094	0.789438037699	0.751983301112	0.740018912518	0.560749536008	1.07223828903	0.610485384244	0.944003131948	0.465609772837	0.95853482842
AF8	0.644120202997	0.621640956984	2.28521449493	1.02248591107	1.01270691638	0.530312817786	1.0855022523	0.496555070082	0.518742991783	0.76924560174	0.635467274045	0.859441957467	0.574668003867	1.95696779604	0.740883929435	0.584829560174	0.432211063316	0.407984180764	1.69250661189	1.16891187047	0.750005244079	0.388664736588	0.428042957951	0.430991029483	1.65585085549	0.680158680522	0.237550029	0.0	0.573019072015	0.661195698405	0.614531773804	0.419097298212	0.490105848236	0.474731565974	1.155339826	0.940748057032	0.650907433543	0.723411034316	0.530298390527	0.856539801837	0.650892315128	1.28091134848	1.18519865636	0.690655099082	0.837397375544	0.742271768971	1.21127150314	0.983080507492	1.04406244563	1.04589462059	1.00973938134	1.0956700725	0.783516317061	0.815852300628	0.795268902852	0.760114229096	0.531616955051	1.09228554374	0.571035490575	0.947587892702	0.469025930401	0.985636747221
AG7	0.686436510391	0.630899797003	1.8622359739	0.60971959884	0.858227728371	0.674176423393	0.872814557757	0.59033479942	0.715822788787	0.64931719188	0.858711546641	0.76380117448	0.671555128081	1.53200825036	0.641362817786	0.633664639923	0.784360749154	0.775735016916	1.33455541808	0.79759762204	0.561119782504	0.473721710971	0.667468226196	0.69820077332	1.36318091832	0.617467129048	0.674352339294	0.573019072015	0.0	0.196609134848	0.821781517641	0.693026771387	0.663602029966	0.731337153214	1.23130800387	0.987419869502	0.950296964717	0.487174910585	0.767668028033	0.830859550507	0.73042362494	0.929137515708	0.841366157564	0.495528487192	1.09239033833	1.01087999517	1.31622521991	1.1451202465	1.12121663606	1.15067747221	1.26329247946	1.25362113098	0.944756046399	0.98787080232	0.98254898985	0.93881817303	0.67728517158	1.20963847753	0.669305862736	1.07212491542	0.703356138231	1.15380452876
AG8	0.660220367327	0.66735139681	1.82176298212	0.603938274529	0.8464139826	0.765524195263	0.784342426293	0.70908821653	0.846371701305	0.61893022233	0.983847119381	0.758126868052	0.740981807637	1.48610676172	0.634156109232	0.64993297245	0.879377211213	0.870568569357	1.22181802803	0.712816906718	0.560183465442	0.549951628806	0.787171213146	0.823641817303	1.30956198163	0.597733673272	0.765062827453	0.661195698405	0.196609134848	0.0	0.870630314161	0.783600894152	0.797759487675	0.818984596423	1.20359873369	0.98180280812	1.02699112615	0.505316640889	0.844831179314	0.801494282262	0.779737796037	0.903424001933	0.827498888352	0.513092701788	1.16771265829	1.09069055099	1.3028840986	1.20826866602	1.10413427743	1.16910211213	1.32784671822	1.30577661672	0.998828496858	1.03706659739	1.03212557757	0.98768301595	0.730139062349	1.20511946351	0.724657472209	1.1266679797	0.765273315611	1.21993266796
AH7	0.745106988884	0.845860067666	2.43834961334	1.2605779652	1.16615724988	0.7933539971	1.1687038086	0.836989695505	0.894624867086	0.932565224746	0.853000362494	1.01649282262	0.845043682939	2.12889264862	1.00614505075	0.775129492508	0.647114697922	0.600591478975	1.72814492025	1.31084425326	0.846603784437	0.620929772837	0.696025625906	0.72451557274	1.58181697438	0.736587245046	0.674288733688	0.614531773804	0.821781517641	0.870630314161	0.0	0.312379917835	0.899378801353	0.859759801837	1.1815220783	1.01979798453	0.837105635573	0.960122953117	0.741271865636	0.985707138714	0.822792382794	1.46906503625	1.39163597873	0.931695089415	0.982183359111	0.907173093282	1.26764914451	1.0645318753	1.16111351377	1.06376232479	1.13777761237	1.14621866602	0.870565596907	0.850233189947	0.833351329145	0.802318907685	0.763115360077	1.15990850169	0.809319076849	0.99422101015	0.689584238763	1.08076686805
AH8	0.663387902368	0.675680836153	2.42041275979	1.14428743354	1.01156358627	0.56132142581	1.11070573707	0.612478564524	0.672484233929	0.797354751087	0.671624378927	0.861102464959	0.66496579507	2.08823820203	0.843659903335	0.601556205897	0.424624446593	0.35755518608	1.71754332044	1.2594137506	0.777085442243	0.487683243113	0.528676747221	0.515866684389	1.61225364427	0.646085838569	0.482052508458	0.419097298212	0.693026771387	0.783600894152	0.312379917835	0.0	0.664094775254	0.619423508942	1.12549554857	0.924410082165	0.649524345094	0.820162358627	0.525551967134	0.862561662639	0.670769623006	1.40526148381	1.31558895602	0.764746326728	0.804778540358	0.723833378444	1.14794321411	0.931401536974	1.03212059449	0.948698414693	0.965976476559	1.03232216046	0.718888753021	0.720295350411	0.708880381827	0.659701213146	0.603217017883	1.03665758337	0.619856481392	0.870485828903	0.4920820203	0.945886495892
AA5	0.85293919768	0.604603547608	2.2684022378	1.09019079265	0.982962054132	0.483344939584	1.21639497342	0.32243239246	0.238105882069	0.880064722088	0.467095993233	0.803707854036	0.591727820203	1.94737506525	0.694185659739	0.709791561141	0.482149594007	0.519171150314	1.87438780087	1.35678536491	0.873333305945	0.627827723538	0.48831781537	0.446503528275	1.8551220783	0.844381648139	0.409944847753	0.490105848236	0.663602029966	0.797759487675	0.899378801353	0.664094775254	0.0	0.270163368777	1.21589698405	0.959170753987	0.641165983567	0.624676911551	0.593123881102	0.892175548574	0.695596172064	1.22632028033	1.11864916385	0.610996897052	0.760202634123	0.637941580474	1.29955850169	1.0587420638	1.09496725955	1.12713637023	1.09623730304	1.19015676172	0.867755514741	0.900447158047	0.846834306428	0.836619265346	0.617933059449	1.18662165781	0.675765292412	1.01578645239	0.574671092315	1.06556984534
AA6	0.806931478975	0.587507863702	2.37264007733	1.1221962784	0.957203228613	0.393359173514	1.17443621556	0.340419328178	0.327239217013	0.843001749638	0.463645538908	0.791569366844	0.545733634606	2.03704361527	0.741356317061	0.681824045433	0.495922648623	0.497067559207	1.89078819236	1.36143007733	0.880297312711	0.624648443693	0.5202819768	0.455470831319	1.84118688739	0.827778675689	0.429604562591	0.474731565974	0.731337153214	0.818984596423	0.859759801837	0.619423508942	0.270163368777	0.0	1.07340088449	0.843780338328	0.534726810053	0.624396220396	0.473215234413	0.861311522475	0.580780082165	1.32510446109	1.21448639439	0.616377791203	0.570283934268	0.446388612856	1.17769829386	0.947453745771	0.972085031416	0.972058898018	0.983928134364	1.05920057516	0.73374161914	0.780302039633	0.741323301112	0.706018883519	0.610625147414	1.04348964717	0.675008757854	0.865456974384	0.493120927985	0.952759304012
AB5	1.06553145481	0.930484417593	2.53128535041	1.33788562107	0.852213769937	0.971455978734	1.17072733688	1.05246097632	1.16797479459	0.943921638473	1.17463769454	0.813275480909	0.991411764137	2.2041519043	1.01364430643	0.992421256646	1.2037259014	1.16770352344	1.88555232479	1.42524546158	1.2666760319	1.13178182697	1.33557766071	1.27669225713	1.71737699372	1.04355969551	1.15527387627	1.155339826	1.23130800387	1.20359873369	1.1815220783	1.12549554857	1.21589698405	1.07340088449	0.0	0.339160391493	0.915844069599	1.01793236829	0.962996698888	0.857693972934	0.877061430643	1.53402663122	1.45871918801	0.974601208313	0.994599531174	0.96041462059	0.866525239246	0.934137211213	0.724654528758	0.747171923635	1.06843918801	0.967823673272	0.826676655389	0.891710309328	0.92191101015	0.896074538424	1.01568304495	0.81559257129	1.0198962349	0.792713344611	0.995411807637	0.914809893668
AB6	0.860190019333	0.671296592557	2.43940668922	1.19420849686	0.71974077332	0.729120227163	1.02233218463	0.79196117448	0.930880473659	0.781809879169	0.988168351861	0.588826505558	0.765088105365	2.10794958917	0.792871155147	0.746807119381	1.01244081199	0.974939594007	1.79295496858	1.30929355727	1.08874644756	0.888701145481	1.13454714838	1.07392834703	1.66879669889	0.845308042533	0.943216723055	0.940748057032	0.987419869502	0.98180280812	1.01979798453	0.924410082165	0.959170753987	0.843780338328	0.339160391493	0.0	0.731028753021	0.75366937651	0.756000686322	0.702557022716	0.642294765587	1.38506759304	1.30892811503	0.697435239246	0.844550942484	0.790933639439	0.77919262929	0.750831068149	0.548077655872	0.572732846786	0.89184380377	0.805465456742	0.622251072982	0.698204485259	0.733415683905	0.701810560657	0.746292252296	0.678039439343	0.758590845819	0.590211696472	0.781690642823	0.733974567424
AC5	0.92147681972	0.754348032866	2.63600028516	1.37447746254	1.00995913485	0.573121130981	1.29107787337	0.574412237796	0.565466810053	0.95798640406	0.514033644273	0.826881329145	0.755500106332	2.29967270662	0.948384925085	0.822187868536	0.550233286612	0.526333711938	1.99971763171	1.50873863702	1.14485564524	0.820085529241	0.666724291928	0.614939768004	1.93296232963	0.946486752054	0.55047121798	0.650907433543	0.950296964717	1.02699112615	0.837105635573	0.649524345094	0.641165983567	0.534726810053	0.915844069599	0.731028753021	0.0	0.80557500725	0.484914746254	0.932480565491	0.683712672789	1.61316182697	1.51491677139	0.790539845336	0.476251691638	0.429031662639	0.965439913001	0.722322363461	0.879550990817	0.811779482842	0.736027201547	0.804157090382	0.602520512325	0.55321362494	0.540691329145	0.565178240696	0.78317419043	0.837343678105	0.812934446593	0.730742315128	0.592748762687	0.721145041083
AC6	0.763304103432	0.505718593523	1.99950512325	0.754030855486	0.667568854519	0.614822962784	0.733563629773	0.53088839536	0.718428313195	0.527151184147	0.847099178347	0.572420937651	0.604087283712	1.67405210246	0.48789720638	0.616500836153	0.824771319478	0.825604262929	1.49824589174	0.980112667956	0.768806070565	0.664386085065	0.851622595457	0.800039482842	1.50895518125	0.666713813436	0.743500183664	0.723411034316	0.487174910585	0.505316640889	0.960122953117	0.820162358627	0.624676911551	0.624396220396	1.01793236829	0.75366937651	0.80557500725	0.0	0.697094277429	0.633129917835	0.594813189947	0.850269110681	0.750853189947	0.258172696955	0.995163344611	0.894779381344	1.129490029	1.01955119381	0.907448685355	0.955117274045	1.13636828903	1.10427933784	0.833054804253	0.899180744321	0.887265282745	0.832022624456	0.598599289512	1.00659894635	0.62878677622	0.920576839053	0.634508670855	1.02466824553
AD6	0.707475364911	0.53951777187	2.47662390527	1.14749390043	0.847141179314	0.361517278879	1.13476023683	0.40588098115	0.52330359594	0.781999603673	0.509446447559	0.693914664089	0.519150686322	2.14316589657	0.746509453842	0.589147883035	0.500857274045	0.468474741421	1.84160981634	1.35952319478	0.969223972934	0.675001464476	0.641394001933	0.593995732238	1.78315731754	0.799122735621	0.524453320445	0.530298390527	0.767668028033	0.844831179314	0.741271865636	0.525551967134	0.593123881102	0.473215234413	0.962996698888	0.756000686322	0.484914746254	0.697094277429	0.0	0.725637341711	0.38248961334	1.44097051232	1.34171751087	0.666976814886	0.694482957951	0.618380869985	0.91243959884	0.690061430643	0.83487722088	0.752046979217	0.760102605123	0.808255161914	0.512348076365	0.539550584824	0.524292648623	0.479576660222	0.552676988884	0.792595302078	0.599123827936	0.67986898985	0.331400347994	0.696014277429
AE5	0.595430850652	0.531022237796	2.26242129531	0.930938559691	0.600581904302	0.76956338811	0.80474701305	0.768817820203	0.96198857419	0.526661227646	1.0349177477	0.548115882069	0.692387283712	1.92486904785	0.615380676655	0.524242334461	0.921167752537	0.873005838569	1.46344193813	1.04074346544	0.975500318995	0.835927448043	1.05008368777	0.995037858869	1.34644651039	0.607628980184	0.907752044466	0.856539801837	0.830859550507	0.801494282262	0.985707138714	0.862561662639	0.892175548574	0.861311522475	0.857693972934	0.702557022716	0.932480565491	0.633129917835	0.725637341711	0.0	0.412640140164	1.16194564041	1.07350014983	0.585660681489	1.16223731271	1.08977049783	0.92015240696	0.878856993717	0.76817539391	0.754540454326	1.03260942968	0.962166694055	0.67879237796	0.742201034316	0.772380169164	0.686540575157	0.566356834219	0.830105345578	0.542617090382	0.753849299178	0.682958356694	0.881653987434
AE6	0.559872605123	0.412083576607	2.38612107782	1.0444058434	0.732905882069	0.497852624456	0.988478762687	0.543488564524	0.68591	0.657488211696	0.735457182214	0.581819163847	0.457172556791	2.04535492025	0.632328414693	0.450416336394	0.679374369261	0.645280314161	1.63560615756	1.20492078299	0.953412551957	0.700559690672	0.821941314645	0.761562300628	1.59134338328	0.66097179797	0.655912503625	0.650892315128	0.73042362494	0.779737796037	0.822792382794	0.670769623006	0.695596172064	0.580780082165	0.877061430643	0.642294765587	0.683712672789	0.594813189947	0.38248961334	0.412640140164	0.0	1.31344768487	1.21621754471	0.549632469792	0.879452919285	0.801072919285	0.852678985017	0.686370918318	0.728305239246	0.657842015466	0.822645625906	0.783729076849	0.474775814403	0.526198767521	0.532889473175	0.466557032383	0.434894886419	0.732678042533	0.455598864186	0.580964499758	0.436776911551	0.692600739488
AF5	1.24923983567	1.18242649589	1.32265289029	0.583048598357	1.11028854036	1.33535937168	0.807084340261	1.21872814886	1.32912239246	0.997825524408	1.50492841469	1.15149215563	1.26738157564	1.00278642339	1.0179017738	1.22177970034	1.46190437409	1.48080729338	0.965515128081	0.656179043016	1.16237656356	1.17607488642	1.3575239536	1.38396488159	1.4424581247	1.17332872402	1.38255589657	1.28091134848	0.929137515708	0.903424001933	1.46906503625	1.40526148381	1.22632028033	1.32510446109	1.53402663122	1.38506759304	1.61316182697	0.850269110681	1.44097051232	1.16194564041	1.31344768487	0.0	0.164247694538	0.962002609956	1.70557728855	1.60789531658	1.70201339778	1.65966313678	1.50947834703	1.58538204447	1.76455130014	1.74383910101	1.51831315611	1.59718753504	1.58567242146	1.54462425326	1.21176876752	1.62739218463	1.21271400193	1.56699336394	1.36096445143	1.65851857419
AF6	1.16505117448	1.08652966651	1.40417316095	0.526927322378	1.0373757999	1.24273650072	0.750687926535	1.11690947318	1.2216000725	0.902595316578	1.40726207347	1.06655607057	1.1693697825	1.09131658289	0.927206510391	1.12576468826	1.37057572257	1.39296377477	1.03738203963	0.665933939101	1.10776553407	1.09689162881	1.26515410343	1.29417468342	1.45288667956	1.09576355244	1.27610638473	1.18519865636	0.841366157564	0.827498888352	1.39163597873	1.31558895602	1.11864916385	1.21448639439	1.45871918801	1.30892811503	1.51491677139	0.750853189947	1.34171751087	1.07350014983	1.21621754471	0.164247694538	0.0	0.866815640406	1.60597475592	1.5081998985	1.62840932818	1.5678558289	1.43769957467	1.5125622088	1.67766109232	1.67350464959	1.42513344611	1.4976280087	1.48008144031	1.44534290962	1.11680203963	1.55762662639	1.11731883519	1.48621059932	1.26011985017	1.57329753021
AG5	0.673785074915	0.426689009183	2.09033508458	0.796051227646	0.584655896568	0.572157090382	0.766277216046	0.519295292412	0.692038999517	0.495546868052	0.823592957951	0.49194881102	0.540457535041	1.75591276462	0.446535944901	0.527708690188	0.80051722088	0.774206355727	1.52315665539	1.00533855002	0.742730541324	0.637840260996	0.84978318028	0.795259410343	1.48227475109	0.629192706622	0.713667883035	0.690655099082	0.495528487192	0.513092701788	0.931695089415	0.764746326728	0.610996897052	0.616377791203	0.974601208313	0.697435239246	0.790539845336	0.258172696955	0.666976814886	0.585660681489	0.549632469792	0.962002609956	0.866815640406	0.0	0.967191227646	0.894164093765	1.07301947801	0.957971904302	0.855265074915	0.885061242146	1.09417606573	1.04048531658	0.74445679072	0.820361928468	0.825450169164	0.742325490575	0.550678260029	0.950354233929	0.557835664572	0.847165244079	0.592431623973	0.970989971
