	AA3	AA4	AB3	AB4	AC3	AC4	AD3	AD4	AE3	AE4	AF3	AF4	AG3	AG4	AH3	AH4	AA7	AA8	AB7	AB8	AC7	AC8	AD7	AD8	AE7	AE8	AF7	AF8	AG7	AG8	AH7	AH8	AA5	AA6	AB5	AB6	AC5	AC6	AD6	AE5	AE6	AF5	AF6	AG5	AH5	AH6	AA1	AA2	AB1	AB2	AC1	AC2	AD1	AD2	AE1	AE2	AF1	AF2	AG1	AG2	AH1	AH2
AA3	0.0	0.512555514741	2.23246872402	0.920554862252	0.808236399227	0.788201831803	0.903653542774	0.767188298695	0.881671242146	0.671520686322	0.974711527308	0.754878405027	0.735839144514	1.90237454326	0.752414113098	0.256810405993	0.813653107782	0.82854720638	1.41895275012	1.04368640889	0.778869927501	0.684155442243	0.902775287579	0.931803905268	1.34803125181	0.561349661672	0.818028632189	0.733561464476	0.728065398743	0.656264161431	0.796847486709	0.729251353311	0.843232895118	0.85779542291	1.08184378444	0.904241126148	0.99394658289	0.762838090865	0.773174958917	0.54320659739	0.601916921218	1.20195955051	1.11856722571	0.677363339778	1.1514180522	1.10637141614	0.984292271629	0.945905311745	0.971155277912	0.861036462059	1.08534884485	1.00309232479	0.650292339294	0.724636220396	0.775930956984	0.687425176414	0.551834968584	0.92323961334	0.526666486225	0.897203030449	0.694911638473	0.969415316578
AA4	0.512555514741	0.0	2.21737345094	0.834351749638	0.624038090865	0.598012203963	0.873794876752	0.52743578057	0.678632063799	0.55756121798	0.865280903818	0.488750584824	0.434399966167	1.88162082649	0.294524949251	0.343202740454	0.674530865152	0.653314949251	1.49617190913	1.04172670855	0.798369917835	0.640941947801	0.834711246979	0.859603576607	1.44935327211	0.595274833253	0.669363199613	0.633010318995	0.674195277912	0.647603136781	0.871535364911	0.701178777187	0.628663876269	0.647814001933	0.968675799903	0.726992735621	0.856216616723	0.521353131948	0.63426322378	0.505896969551	0.459145321411	1.11648464476	1.02441229096	0.459302334461	1.0034322233	0.919720937651	0.98574219913	0.857121280812	0.81396621073	0.786834055099	1.0241258579	0.947219574674	0.611387496375	0.684488322861	0.736330125665	0.65154181247	0.448016592557	0.883951280812	0.424407762204	0.804510029	0.500484311261	0.876913634606
AB3	2.23246872402	2.21737345094	0.0	1.49219498308	2.20787011116	2.39500721121	1.9128258144	2.28621753504	2.35415771387	2.09374078782	2.53706305462	2.26834596907	2.30852289029	0.374544098598	2.13789694055	2.27653409377	2.46435501692	2.51644935718	1.16446503142	1.45872046883	1.99142501208	2.19023219913	2.43147528275	2.44805231996	1.92298649106	2.18430596423	2.36574675205	2.29190964717	1.87896837119	1.8329102755	2.45552841953	2.415799855	2.28285268729	2.39263346544	2.57500551957	2.47508753021	2.63431241663	1.9752821073	2.53800694055	2.28529739004	2.40407438376	1.34381597873	1.43222659256	2.06954029966	2.74873739004	2.65929040599	2.67022266796	2.68447150314	2.56982778154	2.60554116481	2.79775916385	2.7394181972	2.54562863219	2.60064887869	2.63200302562	2.57010507492	2.32251603673	2.68631120831	2.30717221363	2.64233461576	2.40030632673	2.69110068632
AB4	0.920554862252	0.834351749638	1.49219498308	0.0	0.898723615273	1.00038066699	0.801905717738	0.954538337361	1.0888780522	0.773174987917	1.21660692122	0.90515757854	0.84389419043	1.14385934268	0.794611169647	0.887089453842	1.10518922668	1.16380681489	1.0127821508	0.524768298695	0.891788221363	0.919146718221	1.12734759787	1.15075313195	1.29529589657	0.90353958434	1.08497130498	0.975292112131	0.617430159497	0.577671329145	1.24814074432	1.11953459642	1.04577316095	1.09598706622	1.35516344128	1.19992094732	1.34510577574	0.693663315611	1.15961510875	0.906895360077	1.01715924601	0.593682445626	0.533493929435	0.741884436926	1.45023006283	1.38359852586	1.41955449009	1.35671205413	1.27735801837	1.30158495408	1.51232407443	1.4410420638	1.17029704205	1.24432499275	1.30354957951	1.21379151281	0.986189695505	1.38614833736	0.967334939584	1.31816930884	1.02877513291	1.37134256162
AC3	0.808236399227	0.624038090865	2.20787011116	0.898723615273	0.0	0.741435669406	0.889167892702	0.785370053166	0.966503813436	0.663398429193	1.03892051232	0.287464983084	0.778809782504	1.88010402127	0.641028492025	0.731633359111	0.969803204447	0.938300029	1.46571236829	1.06128121315	1.02033615756	0.996343692605	1.2230460899	1.20746466409	1.32636030449	0.823962426293	1.03555845819	1.0118157854	0.915590536491	0.865014132431	1.1612977477	1.02016153697	0.95329622523	0.944345712905	0.815053707105	0.712414151764	0.977830850652	0.720711744804	0.839470024166	0.633333571774	0.677284649589	1.14089457709	1.06029960367	0.602075331078	1.1415501305	1.0895637941	0.860447742871	0.904406292895	0.733855534074	0.764199801837	1.06854734171	0.946016428226	0.67277377477	0.775834359594	0.830475804737	0.726960463992	0.819449453842	0.869434166264	0.759723755437	0.838198849686	0.849000874819	0.894877660706
AC4	0.788201831803	0.598012203963	2.39500721121	1.00038066699	0.741435669406	0.0	1.1482637071	0.344216239729	0.449662527791	0.797660217496	0.39362918318	0.542537559207	0.435812788787	2.06439528275	0.689143484775	0.662298211696	0.54023622523	0.50676462059	1.80879993717	1.30229652489	0.879560430159	0.618213620106	0.637109434509	0.630936679555	1.71226284679	0.749547897535	0.540203378444	0.516487810536	0.686060618656	0.777262339294	0.797790140164	0.601121942968	0.471427834703	0.395964465926	1.00544159497	0.733845509908	0.585705514741	0.630753040116	0.39907117448	0.759595476075	0.472705993233	1.31934108265	1.23185217013	0.622437863702	0.704207143548	0.616303165781	1.05342161431	0.841120811986	0.825274615756	0.823309236346	0.913624267762	0.934248250362	0.561242126631	0.615359134848	0.668933968101	0.626720483325	0.596432431126	0.930311237313	0.616729178347	0.778663151281	0.410885340744	0.841848786854
AD3	0.903653542774	0.873794876752	1.9128258144	0.801905717738	0.889167892702	1.1482637071	0.0	1.03031248429	1.28633845336	0.422363798937	1.39329478492	0.931677718705	1.05398216046	1.58022276945	0.808898704688	0.892887670372	1.23464556791	1.26416841469	1.30938085065	0.82585159014	0.89431482842	0.977626278395	1.32596865636	1.33560916385	1.21961954567	0.896206075399	1.20712274529	1.12874701305	0.902633479942	0.794592107298	1.19274688739	1.12870259546	1.20690366361	1.18124441276	1.21138592073	1.05441580957	1.31061805703	0.745854349927	1.18068931368	0.840751585307	1.00123238763	0.84167838086	0.752773914935	0.735683494442	1.44241456259	1.39134481392	1.35078053649	1.35999230063	1.17138172547	1.20038299662	1.52092291928	1.43271334944	1.14076339778	1.22299567907	1.2692678927	1.15326688739	0.998110241663	1.32699995167	0.973383499275	1.2576742146	1.13889742871	1.35256023683
AD4	0.767188298695	0.52743578057	2.28621753504	0.954538337361	0.785370053166	0.344216239729	1.03031248429	0.0	0.291698013533	0.666146036733	0.525997187047	0.620836853552	0.484916249396	1.95977031416	0.584257124215	0.645345819236	0.578482112131	0.534049067182	1.78035058966	1.27255294828	0.837063049782	0.570795901402	0.591499101015	0.588911672305	1.73134799903	0.755532866119	0.503988076365	0.446967858869	0.584612663122	0.714040589657	0.828026660222	0.62750038666	0.318285949734	0.352184610923	1.08597778637	0.77559361044	0.596446587724	0.525035717738	0.443536529725	0.739120299662	0.523362967617	1.19432202997	1.10116840986	0.562359265346	0.726762474625	0.629404345094	1.12182621556	0.895739632673	0.930729096182	0.917826636056	0.962557646206	1.00164534074	0.666363228613	0.666745427743	0.708717312711	0.701926176897	0.547155804737	1.01365260029	0.583787351377	0.879029540841	0.47528319478	0.897210004833
AE3	0.881671242146	0.678632063799	2.35415771387	1.0888780522	0.966503813436	0.449662527791	1.28633845336	0.291698013533	0.0	0.912852450459	0.415372938618	0.795910217496	0.565109439343	2.03851390527	0.727305935234	0.790901058482	0.523724688255	0.484060642823	1.92201515708	1.42176676655	0.954488835186	0.668726800387	0.453091884969	0.49542099565	1.88114527791	0.895453934268	0.447738337361	0.431977752537	0.686328086032	0.864074340261	0.890761802803	0.671589719671	0.240044823586	0.314536563557	1.20976351377	0.924781638473	0.574030652489	0.704995258579	0.558045785404	0.943848985017	0.673021087482	1.29858583374	1.21887644756	0.738670376994	0.766036080232	0.597145113581	1.2498277477	1.02201983084	1.07152406477	1.04301377477	1.08004927985	1.12841769937	0.791419096182	0.793623460609	0.828454746254	0.83075757854	0.658894533591	1.15062948284	0.710260173997	0.993699134848	0.558173397777	1.02299231029
AE4	0.671520686322	0.55756121798	2.09374078782	0.773174987917	0.663398429193	0.797660217496	0.422363798937	0.666146036733	0.912852450459	0.0	1.03438846303	0.637734896085	0.737908994683	1.75893505558	0.534926505558	0.593957182214	0.893992102465	0.921833267279	1.45299130981	0.95727081682	0.72883499275	0.689890057999	0.974360497825	0.97228439826	1.32196344128	0.613135442243	0.844626234896	0.773483368777	0.631779917835	0.588719830836	0.944378467859	0.807899424843	0.836367684872	0.822274920251	0.975046317061	0.792549265346	0.954939342678	0.478961387144	0.833581851136	0.568259289512	0.665957916868	0.94339080232	0.852038390527	0.444405273079	1.09323529725	1.04302496858	1.09156542774	1.08648294345	0.923815490575	0.951108013533	1.25705762204	1.16704336394	0.853402373127	0.898197332044	0.953652503625	0.849195432576	0.675966616723	1.06106489125	0.650677022716	0.993167902368	0.787110246496	1.08450332044
AF3	0.974711527308	0.865280903818	2.53706305462	1.21660692122	1.03892051232	0.39362918318	1.39329478492	0.525997187047	0.415372938618	1.03438846303	0.0	0.843336060899	0.706092547124	2.21176900918	0.94580217013	0.915256442726	0.541442276462	0.477071068149	2.00960686805	1.50358095215	1.04632602707	0.818449946834	0.392444059932	0.385968279362	1.98304349444	1.00001507008	0.506364751087	0.589793088449	0.814788506525	0.989355650072	0.840392141131	0.705916278395	0.485450144998	0.472983808603	1.17415608507	0.948760376994	0.443920217496	0.842516694055	0.495311522475	1.01438367327	0.720525548574	1.49210979217	1.40835533108	0.856853823103	0.688580067666	0.549390956984	1.21533728371	0.977641556307	1.07757788304	1.0191957419	1.02920105848	1.06026111648	0.767385790237	0.732996273562	0.778924001933	0.778803605607	0.833915891735	1.05845587724	0.870512232963	0.953511406477	0.598314166264	0.979415302078
AF4	0.754878405027	0.488750584824	2.26834596907	0.90515757854	0.287464983084	0.542537559207	0.931677718705	0.620836853552	0.795910217496	0.637734896085	0.843336060899	0.0	0.603572774287	1.93799168197	0.516061043983	0.626702440793	0.838460241663	0.819810231996	1.57762838086	1.08574931851	0.922238289029	0.846927274045	1.05456049783	1.04257977767	1.45846957951	0.7082760029	0.885994461092	0.858485447076	0.822640865152	0.779349478009	1.0492642001	0.907430096665	0.789076858386	0.784598496858	0.785961822136	0.564099241179	0.805398511358	0.630603591107	0.708351836636	0.598462479459	0.550990144998	1.16491797487	1.07958955534	0.521217124215	0.967939328178	0.90463958434	0.827138622523	0.76018499275	0.625674291928	0.650242290962	0.935380357661	0.839477274045	0.567007438376	0.657452798453	0.726838777187	0.641995258579	0.704763910101	0.771280444659	0.659824765587	0.704462895118	0.700528467859	0.756543948768
AG3	0.735839144514	0.434399966167	2.30852289029	0.84389419043	0.778809782504	0.435812788787	1.05398216046	0.484916249396	0.565109439343	0.737908994683	0.706092547124	0.603572774287	0.0	1.9616982407	0.497416727888	0.575837902368	0.558027322378	0.547057796037	1.70553084099	1.20480044949	0.880306452392	0.619210236829	0.709347646206	0.747253102948	1.59361133398	0.695522049299	0.602411121315	0.545592663122	0.681880879652	0.733499932334	0.838824262929	0.657729666506	0.576162266796	0.533054093765	1.00568860319	0.750671029483	0.762790753987	0.59714260029	0.574625355244	0.68255897535	0.470924726921	1.2401377477	1.14989554374	0.570661942968	0.878800512325	0.80399539391	1.02145649106	0.796243141614	0.831644059932	0.814789690672	0.963058844853	0.904042663122	0.571949608507	0.640967583374	0.710846118898	0.613178434026	0.480020734654	0.904771614306	0.486815896568	0.781404446593	0.405219424843	0.81693557274
AG4	1.90237454326	1.88162082649	0.374544098598	1.14385934268	1.88010402127	2.06439528275	1.58022276945	1.95977031416	2.03851390527	1.75893505558	2.21176900918	1.93799168197	1.9616982407	0.0	1.80806879169	1.94072379894	2.14148506042	2.18720440793	0.916427457709	1.13869554857	1.66650125181	1.86088180764	2.10662928951	2.1222039101	1.66155595457	1.85633633639	2.04883267762	1.96571682939	1.55246307395	1.50317482842	2.14468985984	2.08729051716	1.96191559691	2.06126667956	2.24831790237	2.14313230546	2.30761564524	1.645260029	2.20377950701	1.95312904785	2.06882865152	1.02147006283	1.11425253746	1.73798536491	2.4201760174	2.32779483325	2.3389922668	2.35143083615	2.23565745771	2.26908687772	2.47088118415	2.40760207347	2.21162542291	2.26751628323	2.3091822813	2.23757478009	1.99279664572	2.35442412276	1.97675640889	2.30826481392	2.07002596907	2.36270025133
AH3	0.752414113098	0.294524949251	2.13789694055	0.794611169647	0.641028492025	0.689143484775	0.808898704688	0.584257124215	0.727305935234	0.534926505558	0.94580217013	0.516061043983	0.497416727888	1.80806879169	0.0	0.58150037216	0.782439671339	0.785070715321	1.51865365877	1.03507764137	0.856902493958	0.760977143548	0.932360459159	0.97207681972	1.4480357854	0.736281058482	0.802125384244	0.751712851619	0.715037713871	0.659037104882	1.03247039633	0.857894069599	0.69290719188	0.726667960367	1.00540670372	0.77563921218	0.938447172547	0.516503426776	0.770335664572	0.618048627356	0.607358448526	1.03025739488	0.925661135814	0.451541493475	1.09435549058	1.01012051232	1.03525047366	0.933077926535	0.861346433059	0.871830797487	1.0805979507	1.01668740454	0.753060971484	0.820339990333	0.862523214113	0.783238554857	0.599275664572	0.968185490575	0.583290140164	0.888792542291	0.651117718705	0.942765659739
AH4	0.256810405993	0.343202740454	2.27653409377	0.887089453842	0.731633359111	0.662298211696	0.892887670372	0.645345819236	0.790901058482	0.593957182214	0.915256442726	0.626702440793	0.575837902368	1.94072379894	0.58150037216	0.0	0.69458518608	0.713864233929	1.46725885452	1.06722429676	0.808145688739	0.659792411793	0.822754683422	0.84712778637	1.3831337796	0.539531300145	0.716357936201	0.65265557274	0.714845461576	0.662367530208	0.790061449976	0.662325413243	0.760994668922	0.751671967134	1.00254625423	0.796142687289	0.899042063799	0.663906399227	0.662043528275	0.453365316578	0.469862783954	1.20118302562	1.11318891252	0.58037178347	1.05444718221	1.00149685355	0.940022996617	0.855044214596	0.84996038666	0.76033160464	1.02454546641	0.927564780087	0.568637245046	0.640718496858	0.713480154664	0.608154915418	0.414023267279	0.853942498792	0.393458873852	0.795320212663	0.572543030449	0.868655224746
AA7	0.813653107782	0.674530865152	2.46435501692	1.10518922668	0.969803204447	0.54023622523	1.23464556791	0.578482112131	0.523724688255	0.893992102465	0.541442276462	0.838460241663	0.558027322378	2.14148506042	0.782439671339	0.69458518608	0.0	0.173563639439	1.79336144031	1.33365834703	0.960702725955	0.652762382794	0.450226036733	0.504543160947	1.7435062349	0.789368579024	0.394006621556	0.387410318995	0.749575355244	0.876632696955	0.650615577574	0.414119492508	0.507978221363	0.503255925568	1.2106401015	0.995836505558	0.613395495408	0.797930956984	0.526671768971	0.872231111648	0.681056766554	1.41622873369	1.33348781537	0.8243859884	0.805404818753	0.706502619623	1.14753913485	0.925588579024	1.07765835186	1.00689221846	0.972814422426	1.00584831319	0.698610753987	0.684661478975	0.738119231513	0.719255065249	0.51128717738	1.00662010633	0.559254345094	0.962555867569	0.456249743838	0.922417820203
AA8	0.82854720638	0.653314949251	2.51644935718	1.16380681489	0.938300029	0.50676462059	1.26416841469	0.534049067182	0.484060642823	0.921833267279	0.477071068149	0.819810231996	0.547057796037	2.18720440793	0.785070715321	0.713864233929	0.173563639439	0.0	1.82173942484	1.36089282262	0.967359192847	0.649133658772	0.455220657322	0.488267854036	1.75242670372	0.792461768971	0.37398521508	0.403690101498	0.766118492025	0.895361817303	0.605153446109	0.386929714838	0.478528240696	0.461113339778	1.15573049783	0.950272305462	0.530872339294	0.795310468826	0.475919855002	0.845907452876	0.641824446593	1.46670515225	1.38175623006	0.789962116965	0.726166070565	0.628998554857	1.10923449976	0.879463992267	1.05057317545	0.951144741421	0.922344712421	0.960954108265	0.651565596907	0.621880033833	0.670151735138	0.671250120831	0.555013098115	0.967879144514	0.582488540358	0.904524407927	0.425995867569	0.877125152247
AB7	1.41895275012	1.49617190913	1.16446503142	1.0127821508	1.46571236829	1.80879993717	1.30938085065	1.78035058966	1.92201515708	1.45299130981	2.00960686805	1.57762838086	1.70553084099	0.916427457709	1.51865365877	1.46725885452	1.79336144031	1.82173942484	0.0	0.57345358144	1.49443623006	1.59483553891	1.91419325761	1.93697404543	1.09448305462	1.42892612373	1.79624665056	1.72239866119	1.36447854519	1.19617288062	1.72280165781	1.70181761721	1.84455140648	1.89214098115	1.87812854036	1.81425703722	1.99653801837	1.46247838086	1.8517057274	1.47428791203	1.63532459642	0.984040101498	1.024509768	1.46873964717	2.16032322378	2.11798201063	1.91411150797	1.95870420976	1.8763162059	1.84069262446	2.08440774287	2.00633579507	1.77546552441	1.83664343161	1.86943931851	1.81298189947	1.61826055582	1.9397038666	1.58582086999	1.89433954084	1.75508647656	1.96407299662
AB8	1.04368640889	1.04172670855	1.45872046883	0.524768298695	1.06128121315	1.30229652489	0.82585159014	1.27255294828	1.42176676655	0.95727081682	1.50358095215	1.08574931851	1.20480044949	1.13869554857	1.03507764137	1.06722429676	1.33365834703	1.36089282262	0.57345358144	0.0	1.00152547124	1.08571781054	1.40023596423	1.41912704688	1.14423062349	0.967616321895	1.29309946834	1.21567057999	0.834938719188	0.687955248913	1.28502046883	1.24443774287	1.34744982117	1.3764657564	1.44388204447	1.33028677139	1.49625320445	0.960556138231	1.39247050266	1.04765903818	1.20517163364	0.68794477042	0.6704479797	0.962399560174	1.66483273562	1.60350353794	1.56650167714	1.5374620348	1.44301592557	1.42963791203	1.69437626873	1.62843284679	1.37168308845	1.42769941034	1.46432735138	1.40076754471	1.18950770904	1.55411553407	1.1672302175	1.4700460464	1.2685581537	1.54757436926
AC7	0.778869927501	0.798369917835	1.99142501208	0.891788221363	1.02033615756	0.879560430159	0.89431482842	0.837063049782	0.954488835186	0.72883499275	1.04632602707	0.922238289029	0.880306452392	1.66650125181	0.856902493958	0.808145688739	0.960702725955	0.967359192847	1.49443623006	1.00152547124	0.0	0.432682740454	0.940154736588	0.954620173997	1.4011439246	0.674097849203	0.910519545674	0.779172880619	0.548683823103	0.557093537941	0.850213866602	0.777208598357	0.873123131948	0.890350154664	1.27178583374	1.08753788787	1.14452457226	0.738426471725	1.01200663606	0.937545833736	0.946090367327	1.16033546158	1.10256418076	0.71428701305	1.12202510875	1.0518021653	1.46365534558	1.38648125181	1.20038817303	1.23489330111	1.53050750121	1.47168069599	1.0749921943	1.15562043499	1.20940498308	1.10833316095	0.90448062349	1.37236657322	0.870168622523	1.25939880619	0.875435563074	1.39667652489
AC8	0.684155442243	0.640941947801	2.19023219913	0.919146718221	0.996343692605	0.618213620106	0.977626278395	0.570795901402	0.668726800387	0.689890057999	0.818449946834	0.846927274045	0.619210236829	1.86088180764	0.760977143548	0.659792411793	0.652762382794	0.649133658772	1.59483553891	1.08571781054	0.432682740454	0.0	0.652686244563	0.701655790237	1.51466403577	0.591086321895	0.532794871919	0.423643644273	0.466633600773	0.581464436926	0.621646892218	0.469990691155	0.587791478975	0.605357303045	1.15203879169	0.882700657322	0.857009739004	0.648108245529	0.736056133398	0.815136230063	0.711127394877	1.17610772354	1.10617869502	0.677655543741	0.892753262446	0.817643861769	1.31628143064	1.10727784437	1.05320303528	1.04859941518	1.233390116	1.20777441759	0.828006737554	0.85487680522	0.916888119865	0.85984420493	0.571768245529	1.17814739971	0.603989188014	1.00579728371	0.587039647173	1.10132407927
AD7	0.902775287579	0.834711246979	2.43147528275	1.12734759787	1.2230460899	0.637109434509	1.32596865636	0.591499101015	0.453091884969	0.974360497825	0.392444059932	1.05456049783	0.709347646206	2.10662928951	0.932360459159	0.822754683422	0.450226036733	0.455220657322	1.91419325761	1.40023596423	0.940154736588	0.652686244563	0.0	0.140494069599	1.8753838521	0.862235630739	0.393687419043	0.418305016916	0.674248110198	0.85028940551	0.730820096665	0.570714741421	0.458657520541	0.509109241179	1.36190741421	1.12299527308	0.612912087965	0.828645674239	0.655498608023	1.02883588207	0.858352054132	1.39176183664	1.30907727405	0.914684678589	0.818377738038	0.671216660222	1.36975107782	1.13746236829	1.25073690672	1.19962890768	1.17800842436	1.22671688255	0.929190333494	0.881642605123	0.917833697438	0.93532240696	0.710614693088	1.24359508458	0.781422643789	1.14522888352	0.601745640406	1.12848267762
AD8	0.931803905268	0.859603576607	2.44805231996	1.15075313195	1.20746466409	0.630936679555	1.33560916385	0.588911672305	0.49542099565	0.97228439826	0.385968279362	1.04257977767	0.747253102948	2.1222039101	0.97207681972	0.84712778637	0.504543160947	0.488267854036	1.93697404543	1.41912704688	0.954620173997	0.701655790237	0.140494069599	0.0	1.8651560754	0.851303929435	0.412598724021	0.458683958434	0.692662924118	0.87326341711	0.740448743354	0.614382798453	0.490008893185	0.525500275495	1.34262054616	1.10797013533	0.592858115031	0.814786056066	0.644359966167	1.01125839053	0.845864122765	1.40852639439	1.32448591107	0.897900932818	0.789454697922	0.655589511841	1.36005373127	1.13158381344	1.24180570807	1.18907664572	1.16851669406	1.2230079362	0.920421242146	0.871202397293	0.909049690672	0.921036128565	0.767997501208	1.23521885935	0.832281759304	1.13238486709	0.61033637506	1.12483791687
AE7	1.34803125181	1.44935327211	1.92298649106	1.29529589657	1.32636030449	1.71226284679	1.21961954567	1.73134799903	1.88114527791	1.32196344128	1.98304349444	1.45846957951	1.59361133398	1.66155595457	1.4480357854	1.3831337796	1.7435062349	1.75242670372	1.09448305462	1.14423062349	1.4011439246	1.51466403577	1.8753838521	1.8651560754	0.0	1.0375742726	1.77768434993	1.68215556791	1.39392043983	1.29217762687	1.56921455292	1.59574748671	1.82930831319	1.83251269696	1.70831962784	1.69409344128	1.93701336878	1.49216150314	1.79778217013	1.35259710488	1.57883587724	1.47240374577	1.45534766071	1.42600262446	2.01709621556	1.9925320638	1.7040682407	1.81387474625	1.65903933784	1.62717386177	1.96482536491	1.83789302078	1.63164269212	1.70297362977	1.72908090382	1.64332717738	1.57330534074	1.7496157564	1.5326417303	1.72002224746	1.68817970034	1.80046766071
AE8	0.561349661672	0.595274833253	2.18430596423	0.90353958434	0.823962426293	0.749547897535	0.896206075399	0.755532866119	0.895453934268	0.613135442243	1.00001507008	0.7082760029	0.695522049299	1.85633633639	0.736281058482	0.539531300145	0.789368579024	0.792461768971	1.42892612373	0.967616321895	0.674097849203	0.591086321895	0.862235630739	0.851303929435	1.0375742726	0.0	0.794546974384	0.69878780087	0.647104533591	0.565467046883	0.709315514741	0.658305751571	0.843578873852	0.842852634123	1.10542741421	0.911994151764	0.979661251812	0.689540502658	0.840870227163	0.649219381344	0.678590111165	1.17970033833	1.10905901402	0.649913233446	1.10274146931	1.06178541808	1.1633739681	1.0700378347	0.97896257129	0.946279676172	1.22851619623	1.17438705172	0.811661768971	0.87787959884	0.916612131464	0.842662745288	0.672104697922	1.08831174964	0.660752493958	0.96760956984	0.718430357661	1.08203334944
AF7	0.818028632189	0.669363199613	2.36574675205	1.08497130498	1.03555845819	0.540203378444	1.20712274529	0.503988076365	0.447738337361	0.844626234896	0.506364751087	0.885994461092	0.602411121315	2.04883267762	0.802125384244	0.716357936201	0.394006621556	0.37398521508	1.79624665056	1.29309946834	0.910519545674	0.532794871919	0.393687419043	0.412598724021	1.77768434993	0.794546974384	0.0	0.222550821653	0.646517907202	0.781955867569	0.667493122281	0.488225553407	0.419657641373	0.451150657322	1.17104951667	0.93385442726	0.544071338811	0.708100381827	0.563981889802	0.872923436443	0.678280633156	1.34018033349	1.24921692122	0.760993702272	0.784736205897	0.661072431126	1.21357852586	0.995758651522	1.0729939826	1.03837427743	1.03848862252	1.08447050749	0.774323852102	0.755587056549	0.799301870469	0.790722759787	0.569788453359	1.08910198163	0.609354683422	0.986026152731	0.470707124215	0.990016930884
AF8	0.733561464476	0.633010318995	2.29190964717	0.975292112131	1.0118157854	0.516487810536	1.12874701305	0.446967858869	0.431977752537	0.773483368777	0.589793088449	0.858485447076	0.545592663122	1.96571682939	0.751712851619	0.65265557274	0.387410318995	0.403690101498	1.72239866119	1.21567057999	0.779172880619	0.423643644273	0.418305016916	0.458683958434	1.68215556791	0.69878780087	0.222550821653	0.0	0.551472373127	0.673783257612	0.669225326245	0.449401401643	0.403037849203	0.43423842436	1.17157711938	0.932041285645	0.619593470275	0.656419922668	0.564951039149	0.834811097148	0.67212882552	1.24970029	1.16532043499	0.717432672789	0.800751116481	0.708965253746	1.22560520058	0.999027346544	1.07241661672	1.04189557757	1.04998461576	1.09782258579	0.776788197197	0.771870231996	0.830223644273	0.803619023683	0.521799961334	1.11073760754	0.577003639439	0.995139971	0.465294552924	0.991111967134
AG7	0.728065398743	0.674195277912	1.87896837119	0.617430159497	0.915590536491	0.686060618656	0.902633479942	0.584612663122	0.686328086032	0.631779917835	0.814788506525	0.822640865152	0.681880879652	1.55246307395	0.715037713871	0.714845461576	0.749575355244	0.766118492025	1.36447854519	0.834938719188	0.548683823103	0.466633600773	0.674248110198	0.692662924118	1.39392043983	0.647104533591	0.646517907202	0.551472373127	0.0	0.251386708555	0.79295659739	0.674297254712	0.612432561624	0.707414528758	1.27283721605	0.985812875785	0.919501367811	0.468966892218	0.814408100532	0.847396549058	0.759148554857	0.907704833253	0.832342841953	0.530446747221	1.0719520638	0.981710009667	1.3606660609	1.15383202513	1.17697471242	1.16349893185	1.29327417593	1.2447001015	0.916074818753	0.949486384727	1.01060807153	0.944442561624	0.698032460126	1.24606478009	0.703381213146	1.11487111648	0.709838912518	1.16394246496
AG8	0.656264161431	0.647603136781	1.8329102755	0.577671329145	0.865014132431	0.777262339294	0.794592107298	0.714040589657	0.864074340261	0.588719830836	0.989355650072	0.779349478009	0.733499932334	1.50317482842	0.659037104882	0.662367530208	0.876632696955	0.895361817303	1.19617288062	0.687955248913	0.557093537941	0.581464436926	0.85028940551	0.87326341711	1.29217762687	0.565467046883	0.781955867569	0.673783257612	0.251386708555	0.0	0.888654064766	0.807276297728	0.803514079265	0.84115640406	1.22759492508	1.0017060029	1.03712954567	0.479843247946	0.898535611406	0.783449569841	0.779674113098	0.890703934268	0.822920019333	0.499340705655	1.17494781054	1.11596743838	1.31703076849	1.21021776704	1.14655084582	1.15256435476	1.35777732721	1.30535737554	0.975649492508	1.00904195747	1.071799971	0.999849550507	0.75648442726	1.24947996617	0.747693653939	1.16232494925	0.78237257129	1.21804517158
AH7	0.796847486709	0.871535364911	2.45552841953	1.24814074432	1.1612977477	0.797790140164	1.19274688739	0.828026660222	0.890761802803	0.944378467859	0.840392141131	1.0492642001	0.838824262929	2.14468985984	1.03247039633	0.790061449976	0.650615577574	0.605153446109	1.72280165781	1.28502046883	0.850213866602	0.621646892218	0.730820096665	0.740448743354	1.56921455292	0.709315514741	0.667493122281	0.669225326245	0.79295659739	0.888654064766	0.0	0.312041855969	0.875521580474	0.865153755437	1.17487705172	1.01561055582	0.824759395843	0.941399478009	0.780883006283	0.960606437893	0.839856703722	1.46812636056	1.3899862349	0.946790497825	0.958573252779	0.929488482359	1.28813034316	1.08512951184	1.15710066699	1.04937503625	1.15963647656	1.16263644756	0.844351483809	0.827623794103	0.839433881102	0.836751097148	0.74363300145	1.15508341711	0.780867293378	1.01864941518	0.701597114548	1.07381195747
AH8	0.729251353311	0.701178777187	2.415799855	1.11953459642	1.02016153697	0.601121942968	1.12870259546	0.62750038666	0.671589719671	0.807899424843	0.705916278395	0.907430096665	0.657729666506	2.08729051716	0.857894069599	0.662325413243	0.414119492508	0.386929714838	1.70181761721	1.24443774287	0.777208598357	0.469990691155	0.570714741421	0.614382798453	1.59574748671	0.658305751571	0.488225553407	0.449401401643	0.674297254712	0.807276297728	0.312041855969	0.0	0.642159492508	0.618430352827	1.119419942	0.904595369744	0.717672493958	0.797888438859	0.613029086515	0.850040086999	0.704132015466	1.37397986467	1.29172514258	0.809607965201	0.819029724505	0.761714939584	1.20121687772	0.996374673755	1.04076041566	0.957321609473	1.04368433543	1.07750096182	0.712216945384	0.720829893668	0.759607211213	0.743894055099	0.570823808603	1.06561908652	0.608041358144	0.919328564524	0.519637327211	0.990329241179
AA5	0.843232895118	0.628663876269	2.28285268729	1.04577316095	0.95329622523	0.471427834703	1.20690366361	0.318285949734	0.240044823586	0.836367684872	0.485450144998	0.789076858386	0.576162266796	1.96191559691	0.69290719188	0.760994668922	0.507978221363	0.478528240696	1.84455140648	1.34744982117	0.873123131948	0.587791478975	0.458657520541	0.490008893185	1.82930831319	0.843578873852	0.419657641373	0.403037849203	0.612432561624	0.803514079265	0.875521580474	0.642159492508	0.0	0.256148985017	1.21254068149	0.901758496858	0.623001749638	0.597490135331	0.59473539391	0.852928579024	0.664009497342	1.1902480957	1.10951527791	0.644614349927	0.77305757854	0.615239352344	1.28839555824	1.06733537458	1.08806541808	1.08537270179	1.12490983084	1.1706459739	0.809941696472	0.822284475592	0.859467312711	0.856311459642	0.604339086515	1.17668565491	0.6388260029	1.03365550024	0.536109521508	1.07366080715
AA6	0.85779542291	0.647814001933	2.39263346544	1.09598706622	0.944345712905	0.395964465926	1.18124441276	0.352184610923	0.314536563557	0.822274920251	0.472983808603	0.784598496858	0.533054093765	2.06126667956	0.726667960367	0.751671967134	0.503255925568	0.461113339778	1.89214098115	1.3764657564	0.890350154664	0.605357303045	0.509109241179	0.525500275495	1.83251269696	0.842852634123	0.451150657322	0.43423842436	0.707414528758	0.84115640406	0.865153755437	0.618430352827	0.256148985017	0.0	1.09822873852	0.818289415176	0.542747042049	0.647284030933	0.498850004833	0.856101440309	0.579940570324	1.29915797003	1.21063313678	0.669985500242	0.583223247946	0.434901300145	1.18489656839	0.968166176897	0.96043062349	0.952082015466	1.02975391493	1.07341088932	0.687349231513	0.730038554857	0.761373281779	0.742639671339	0.604196094732	1.0446599275	0.640632039633	0.902459526341	0.489698448526	0.976808738521
AB5	1.08184378444	0.968675799903	2.57500551957	1.35516344128	0.815053707105	1.00544159497	1.21138592073	1.08597778637	1.20976351377	0.975046317061	1.17415608507	0.785961822136	1.00568860319	2.24831790237	1.00540670372	1.00254625423	1.2106401015	1.15573049783	1.87812854036	1.44388204447	1.27178583374	1.15203879169	1.36190741421	1.34262054616	1.70831962784	1.10542741421	1.17104951667	1.17157711938	1.27283721605	1.22759492508	1.17487705172	1.119419942	1.21254068149	1.09822873852	0.0	0.364617950701	0.951799076849	1.0919022523	0.954415157081	0.887767269212	0.852087143548	1.55520420493	1.47058893185	0.986378753021	0.94667499275	0.989112049299	0.787796945384	0.84889637506	0.666032643789	0.670736428226	1.0147057854	0.893728985017	0.797701701305	0.872193605607	0.894356993717	0.850423499275	1.03567236346	0.777406781054	1.00423797487	0.729922068632	1.02689239729	0.855343035283
AB6	0.904241126148	0.726992735621	2.47508753021	1.19992094732	0.712414151764	0.733845509908	1.05441580957	0.77559361044	0.924781638473	0.792549265346	0.948760376994	0.564099241179	0.750671029483	2.14313230546	0.77563921218	0.796142687289	0.995836505558	0.950272305462	1.81425703722	1.33028677139	1.08753788787	0.882700657322	1.12299527308	1.10797013533	1.69409344128	0.911994151764	0.93385442726	0.932041285645	0.985812875785	1.0017060029	1.01561055582	0.904595369744	0.901758496858	0.818289415176	0.364617950701	0.0	0.735363272112	0.790849144514	0.741835485742	0.76170080232	0.60981277912	1.38917819236	1.28858236829	0.715032817786	0.754271387144	0.790879908168	0.780923750604	0.682886031899	0.525969250846	0.536749748671	0.847248492025	0.768688192363	0.578949482842	0.679223436443	0.709807278879	0.65761980667	0.768835534074	0.675145350411	0.730703523441	0.550897100048	0.812973856936	0.692299159014
AC5	0.99394658289	0.856216616723	2.63431241663	1.34510577574	0.977830850652	0.585705514741	1.31061805703	0.596446587724	0.574030652489	0.954939342678	0.443920217496	0.805398511358	0.762790753987	2.30761564524	0.938447172547	0.899042063799	0.613395495408	0.530872339294	1.99653801837	1.49625320445	1.14452457226	0.857009739004	0.612912087965	0.592858115031	1.93701336878	0.979661251812	0.544071338811	0.619593470275	0.919501367811	1.03712954567	0.824759395843	0.717672493958	0.623001749638	0.542747042049	0.951799076849	0.735363272112	0.0	0.829063678105	0.460607747704	0.955728095698	0.690527863702	1.57954588207	1.47827483325	0.846331285645	0.515191082649	0.403828641856	1.037930116	0.794607660706	0.908158303528	0.847376355727	0.830131870469	0.883997554374	0.630721773804	0.560999043016	0.591335664572	0.643946094732	0.782100546158	0.875114838086	0.820958192363	0.788097984534	0.620122977284	0.791783204447
AC6	0.762838090865	0.521353131948	1.9752821073	0.693663315611	0.720711744804	0.630753040116	0.745854349927	0.525035717738	0.704995258579	0.478961387144	0.842516694055	0.630603591107	0.59714260029	1.645260029	0.516503426776	0.663906399227	0.797930956984	0.795310468826	1.46247838086	0.960556138231	0.738426471725	0.648108245529	0.828645674239	0.814786056066	1.49216150314	0.689540502658	0.708100381827	0.656419922668	0.468966892218	0.479843247946	0.941399478009	0.797888438859	0.597490135331	0.647284030933	1.0919022523	0.790849144514	0.829063678105	0.0	0.755761353311	0.674261923635	0.623447597873	0.797614451426	0.698841594973	0.312911329145	1.01496468826	0.941773363944	1.18560848719	1.04853921701	0.986667617206	0.983298487192	1.20195560657	1.15454420976	0.823183837603	0.873800285162	0.939715669406	0.854822493958	0.635303228613	1.07837827453	0.600836959884	0.987825103915	0.659943059449	1.07226019333
AD6	0.773174958917	0.63426322378	2.53800694055	1.15961510875	0.839470024166	0.39907117448	1.18068931368	0.443536529725	0.558045785404	0.833581851136	0.495311522475	0.708351836636	0.574625355244	2.20377950701	0.770335664572	0.662043528275	0.526671768971	0.475919855002	1.8517057274	1.39247050266	1.01200663606	0.736056133398	0.655498608023	0.644359966167	1.79778217013	0.840870227163	0.563981889802	0.564951039149	0.814408100532	0.898535611406	0.780883006283	0.613029086515	0.59473539391	0.498850004833	0.954415157081	0.741835485742	0.460607747704	0.755761353311	0.0	0.723099478009	0.39103460609	1.46951151281	1.37677603673	0.751729270179	0.655328264862	0.584220913485	0.901432353794	0.680933687772	0.842729966167	0.725014562591	0.750395761237	0.787419173514	0.484703943934	0.460136186564	0.513627472209	0.485101459642	0.558182058966	0.764854639923	0.598411440309	0.67553540841	0.389923455776	0.690701788304
AE5	0.54320659739	0.505896969551	2.28529739004	0.906895360077	0.633333571774	0.759595476075	0.840751585307	0.739120299662	0.943848985017	0.568259289512	1.01438367327	0.598462479459	0.68255897535	1.95312904785	0.618048627356	0.453365316578	0.872231111648	0.845907452876	1.47428791203	1.04765903818	0.937545833736	0.815136230063	1.02883588207	1.01125839053	1.35259710488	0.649219381344	0.872923436443	0.834811097148	0.847396549058	0.783449569841	0.960606437893	0.850040086999	0.852928579024	0.856101440309	0.887767269212	0.76170080232	0.955728095698	0.674261923635	0.723099478009	0.0	0.393517718705	1.15362512325	1.06813246013	0.575903663606	1.13394320928	1.09446331078	0.910577477042	0.868111512808	0.854000860319	0.737208037699	1.04053641856	0.956948965684	0.620354693088	0.707246568391	0.772107143548	0.653934490092	0.564640531658	0.861802711455	0.515688907685	0.793622078299	0.692772097632	0.895254451426
AE6	0.601916921218	0.459145321411	2.40407438376	1.01715924601	0.677284649589	0.472705993233	1.00123238763	0.523362967617	0.673021087482	0.665957916868	0.720525548574	0.550990144998	0.470924726921	2.06882865152	0.607358448526	0.469862783954	0.681056766554	0.641824446593	1.63532459642	1.20517163364	0.946090367327	0.711127394877	0.858352054132	0.845864122765	1.57883587724	0.678590111165	0.678280633156	0.67212882552	0.759148554857	0.779674113098	0.839856703722	0.704132015466	0.664009497342	0.579940570324	0.852087143548	0.60981277912	0.690527863702	0.623447597873	0.39103460609	0.393517718705	0.0	1.29625653939	1.20088231029	0.569267704205	0.848937883035	0.808290734654	0.848261778637	0.683616462059	0.722273494442	0.619075355244	0.843621290478	0.775833267279	0.42335338811	0.475547573707	0.535277873369	0.44292641856	0.434851097148	0.725354475592	0.416124277429	0.601016858386	0.468387950701	0.714818936684
AF5	1.20195955051	1.11648464476	1.34381597873	0.593682445626	1.14089457709	1.31934108265	0.84167838086	1.19432202997	1.29858583374	0.94339080232	1.49210979217	1.16491797487	1.2401377477	1.02147006283	1.03025739488	1.20118302562	1.41622873369	1.46670515225	0.984040101498	0.68794477042	1.16033546158	1.17610772354	1.39176183664	1.40852639439	1.47240374577	1.17970033833	1.34018033349	1.24970029	0.907704833253	0.890703934268	1.46812636056	1.37397986467	1.1902480957	1.29915797003	1.55520420493	1.38917819236	1.57954588207	0.797614451426	1.46951151281	1.15362512325	1.29625653939	0.0	0.167545954567	0.905419990333	1.6985880522	1.60343994683	1.6926579507	1.63958331561	1.56910350894	1.57247173997	1.79212945868	1.74855747221	1.46680717255	1.53977333494	1.59091934268	1.50588881585	1.22896546158	1.68210855969	1.21463985017	1.58812049299	1.34766270179	1.65865840503
AF6	1.11856722571	1.02441229096	1.43222659256	0.533493929435	1.06029960367	1.23185217013	0.752773914935	1.10116840986	1.21887644756	0.852038390527	1.40835533108	1.07958955534	1.14989554374	1.11425253746	0.925661135814	1.11318891252	1.33348781537	1.38175623006	1.024509768	0.6704479797	1.10256418076	1.10617869502	1.30907727405	1.32448591107	1.45534766071	1.10905901402	1.24921692122	1.16532043499	0.832342841953	0.822920019333	1.3899862349	1.29172514258	1.10951527791	1.21063313678	1.47058893185	1.28858236829	1.47827483325	0.698841594973	1.37677603673	1.06813246013	1.20088231029	0.167545954567	0.0	0.812379091348	1.60548724988	1.50786568874	1.59104895118	1.5466158434	1.46624844853	1.47024391977	1.68458213146	1.64795059932	1.37753017883	1.44750537941	1.49389227646	1.41446316095	1.13699549541	1.58050476075	1.12297102465	1.48887745771	1.2584320783	1.56385418076
AG5	0.677363339778	0.459302334461	2.06954029966	0.741884436926	0.602075331078	0.622437863702	0.735683494442	0.562359265346	0.738670376994	0.444405273079	0.856853823103	0.521217124215	0.570661942968	1.73798536491	0.451541493475	0.58037178347	0.8243859884	0.789962116965	1.46873964717	0.962399560174	0.71428701305	0.677655543741	0.914684678589	0.897900932818	1.42600262446	0.649913233446	0.760993702272	0.717432672789	0.530446747221	0.499340705655	0.946790497825	0.809607965201	0.644614349927	0.669985500242	0.986378753021	0.715032817786	0.846331285645	0.312911329145	0.751729270179	0.575903663606	0.569267704205	0.905419990333	0.812379091348	0.0	1.00270087965	0.938343533108	1.08958092798	1.00014662156	0.883982339294	0.882863494442	1.16267261962	1.08509041566	0.728725374577	0.81366457709	0.872434480425	0.764270314161	0.617623102948	1.00020258579	0.569577162881	0.895229898502	0.658829594007	1.02549366844
