	AA3	AA4	AB3	AB4	AC3	AC4	AD3	AD4	AE3	AE4	AF3	AF4	AG3	AG4	AH3	AH4	AA7	AA8	AB7	AB8	AC7	AC8	AD7	AD8	AE7	AE8	AF7	AF8	AG7	AG8	AH7	AH8	AA5	AA6	AB5	AB6	AC5	AC6	AD6	AE5	AE6	AF5	AF6	AG5	AH5	AH6	AA1	AA2	AB1	AB2	AC1	AC2	AD1	AD2	AE1	AE2	AF1	AF2	AG1	AG2	AH1	AH2
AA3	0.0	0.551604475592	2.23211738521	0.985885596907	0.844584973417	0.786735741904	0.888506399227	0.770088240696	0.879176094732	0.660916379894	0.939850903818	0.771042522958	0.713974084099	1.89621397777	0.744985645239	0.257576916385	0.809599449009	0.780996433059	1.45009859836	1.03682471242	0.813897187047	0.662786964717	0.893333813436	0.865628327695	1.36355935718	0.604928448526	0.773232174964	0.660000908652	0.717903779604	0.665258637023	0.765293470275	0.693727095215	0.873062295795	0.858645108748	1.10143620106	0.902828545191	0.903494480425	0.797584209763	0.785786302562	0.560328936684	0.613959366844	1.25061491542	1.15639558724	0.696853218946	1.10925810053	1.08472739004	1.00406521508	0.921550246496	0.901043721605	0.805543910101	1.09162000967	0.983552000967	0.716123112615	0.732252402127	0.775744238763	0.694520488159	0.554865050749	0.897530860319	0.527176703722	0.943674320928	0.650095882069	0.931460671822
AA4	0.551604475592	0.0	2.22772082649	0.917531831803	0.621957704205	0.612606761721	0.886093397777	0.528007148381	0.690460956984	0.595659279845	0.809609366844	0.469847984534	0.451950265829	1.89430794587	0.320228158531	0.346659188014	0.683360985984	0.650627810536	1.55499637506	1.05328987434	0.865495630739	0.647988047366	0.860522155631	0.811255103915	1.49391371194	0.618747820203	0.687119337844	0.609545799903	0.686854731754	0.694977718705	0.876057452876	0.724506331561	0.601425940068	0.640892029966	0.946454035766	0.676755176414	0.769559565007	0.525593943934	0.63503977767	0.481687032383	0.424380275495	1.18892945384	1.015710232	0.491811633639	0.94743182697	0.90081102465	0.958952155631	0.795242252296	0.725622464959	0.698789043016	0.980527046883	0.895970840986	0.647125848236	0.649379207347	0.68873318028	0.621441667472	0.441092696955	0.841794378927	0.417686747221	0.798523977767	0.484820792653	0.790995896568
AB3	2.23211738521	2.22772082649	0.0	1.45066291445	2.14106914451	2.42882728855	1.89256032383	2.28409700338	2.3328179652	2.07860506525	2.4946841131	2.30927076365	2.30684727405	0.381328414693	2.08970113581	2.28494217013	2.47741794587	2.52370914935	1.15835259062	1.44343219913	1.97313472692	2.16407360077	2.42947390527	2.39156355727	1.88843701305	2.14491119865	2.36546460126	2.25587072499	1.89218188014	1.81457276462	2.42842550024	2.42399116965	2.25180296762	2.37278997583	2.53414913001	2.44067454326	2.59932048816	1.97501834703	2.53519871919	2.29723478975	2.39588217496	1.30188040116	1.43799531174	2.03276320928	2.72020322861	2.63986291928	2.65838056066	2.64382787337	2.50661435959	2.56207366844	2.77007707588	2.71672425326	2.58063899952	2.58964760271	2.60791814403	2.55660889319	2.29994370227	2.6428038666	2.27930485742	2.65466171097	2.36161794587	2.65912063799
AB4	0.985885596907	0.917531831803	1.45066291445	0.0	0.890256186564	1.09439590623	0.761398250362	1.04928087482	1.17499022716	0.814472948284	1.23409978734	1.01220485259	0.905703412276	1.0998077332	0.814084900918	0.965111909135	1.19135620106	1.24154586757	0.997034963751	0.482460285162	0.932557467376	0.93269257129	1.21374947318	1.16758853069	1.25752936201	0.893041652972	1.15185437893	1.02847231513	0.685008970517	0.594447713871	1.27685530691	1.18482753021	1.09469919285	1.1619740696	1.36773865636	1.22317179314	1.35913275012	0.770050492992	1.22835864669	0.990768066699	1.082969913	0.614044262929	0.504829642339	0.752944229096	1.48099342194	1.42396263412	1.44519586757	1.37476991783	1.26473955534	1.26879101498	1.55149487675	1.46155253262	1.28354129531	1.2942039536	1.34958952634	1.26071742388	1.03060238279	1.38478383277	1.00272352827	1.36983595457	1.05516498792	1.37913004833
AC3	0.844584973417	0.621957704205	2.14106914451	0.890256186564	0.0	0.784605741904	0.809968018366	0.86507117448	0.987905969067	0.630386109232	1.05681720155	0.422777336878	0.824328298695	1.80987499758	0.655942141131	0.735427022716	1.01487094732	0.959357965201	1.42476768971	0.992941652972	1.03181730788	0.978319932334	1.24294618173	1.17335071049	1.27015838569	0.785355993233	1.065400261	0.989689159014	0.891337404543	0.818374088932	1.16990489125	1.03964896568	0.961670739488	0.960330488159	0.863996292895	0.757188385694	0.997982624456	0.679283615273	0.876314891252	0.628340164331	0.712834267762	1.12900427743	0.97816	0.60488417593	1.19994665056	1.15458325761	0.944842358627	0.9495680087	0.781598206863	0.800213078782	1.13320857902	1.00240287095	0.797926916385	0.851799540841	0.90438121798	0.799192189464	0.824924253262	0.923280038666	0.78778717738	0.954903740938	0.851630483325	0.961428332528
AC4	0.786735741904	0.612606761721	2.42882728855	1.09439590623	0.784605741904	0.0	1.19405311261	0.411021507975	0.458857153214	0.860222087965	0.339933247946	0.515243436443	0.440654514258	2.09661932818	0.76981138231	0.689156553891	0.527911256646	0.508405930401	1.85694066216	1.33458428226	0.970418651522	0.666158492025	0.643208898018	0.569315273079	1.76091081682	0.805172870952	0.559685944901	0.532458912518	0.73636681972	0.802745118415	0.815808632189	0.628629333011	0.511190662156	0.411736684389	1.00722263412	0.735094407927	0.483708405027	0.666053707105	0.36945539391	0.743168767521	0.501291464476	1.41670395843	1.24186483325	0.675899951667	0.649867365877	0.593647626873	1.03553944901	0.800459540841	0.82552762204	0.753129956501	0.85357157564	0.91617482842	0.601004180764	0.60538377477	0.626486254229	0.618217042049	0.640755234413	0.911540270662	0.678581087482	0.751780985984	0.420584818753	0.761203924601
AD3	0.888506399227	0.886093397777	1.89256032383	0.761398250362	0.809968018366	1.19405311261	0.0	1.06472040116	1.31545583374	0.417722286129	1.37774423393	0.975122812953	1.08036370227	1.55734533591	0.785411116481	0.905768042533	1.23994287095	1.25081550507	1.28208471725	0.814907989367	0.909888100532	0.980331343644	1.35018795553	1.30354321411	1.17154170614	0.862016500725	1.21265436926	1.10439681005	0.914661768971	0.779964282262	1.19605555824	1.15515080715	1.20674844369	1.21598512808	1.19817012083	1.06320725955	1.28327670372	0.780239618173	1.18025356211	0.803092136298	0.993003233446	0.808896839053	0.765389768004	0.737987651039	1.44991238763	1.40487158531	1.35681131464	1.33502949251	1.14648364427	1.15694892702	1.5297522668	1.41706360077	1.21362739488	1.21635272112	1.26793865152	1.16698310778	0.987076785887	1.30443826486	0.94670138231	1.28581674722	1.12705878202	1.3375782842
AD4	0.770088240696	0.528007148381	2.28409700338	1.04928087482	0.86507117448	0.411021507975	1.06472040116	0.0	0.285486713388	0.704373378444	0.48307821653	0.667170753987	0.490030048333	1.95246563074	0.657493702272	0.66784159014	0.542172329628	0.527484983084	1.83419465926	1.29893614306	0.906678264862	0.598988902852	0.544037849203	0.479541449976	1.77436044466	0.805287042049	0.488618066699	0.405992339294	0.588307138714	0.754716737554	0.82180522958	0.632557597873	0.286691048816	0.359049028516	1.12412639439	0.819850338328	0.555711710971	0.519717931368	0.48189857419	0.715178695022	0.535071918801	1.24906893668	1.08588535524	0.60837341711	0.719954905752	0.672906012566	1.17715375544	0.94123337361	0.961083078782	0.928481237313	0.981997462542	1.07196296762	0.752112725955	0.734954465926	0.716311947801	0.754771406477	0.576842493958	1.0726679942	0.634073934268	0.923719313678	0.483684731754	0.902647723538
AE3	0.879176094732	0.690460956984	2.3328179652	1.17499022716	0.987905969067	0.458857153214	1.31545583374	0.285486713388	0.0	0.949579917835	0.351852334461	0.777120067666	0.575364340261	2.01303455776	0.813841362977	0.793487095215	0.523497863702	0.552132624456	1.96164055099	1.43863695988	1.00775040116	0.721181058482	0.47045499275	0.395065524408	1.90998199613	0.943905538908	0.477647071049	0.496152498792	0.706927849203	0.891704514258	0.881661290478	0.703839284679	0.287056679555	0.320488453359	1.20009573707	0.919003035283	0.526682136298	0.693415480909	0.555086660222	0.910470347994	0.644610173997	1.33763224746	1.17908761237	0.76721517158	0.73188861769	0.662638632189	1.25765838086	1.0207777477	1.05860550991	1.00302586274	1.04102572257	1.15101947318	0.82517441276	0.815750304495	0.787434456259	0.834005041083	0.713359299178	1.15764526341	0.781264388594	0.990984528758	0.579267443209	0.976036070565
AE4	0.660916379894	0.595659279845	2.07860506525	0.814472948284	0.630386109232	0.860222087965	0.417722286129	0.704373378444	0.949579917835	0.0	1.03766647173	0.696792745288	0.780111527308	1.7421920493	0.526470260996	0.61320839536	0.915588994683	0.929708453359	1.44370925568	0.945718637023	0.748759260512	0.695367588207	0.993851401643	0.959559168681	1.31390292895	0.576637655872	0.86268260029	0.752143098115	0.629167457709	0.570536621556	0.934188651522	0.825422353794	0.851025529241	0.869020521991	0.971315935234	0.820298487192	0.939057820203	0.532714180764	0.841152252296	0.547376732721	0.682737148381	0.994107274045	0.839509231513	0.473826544224	1.11814281295	1.07754684389	1.11300485259	1.07670892702	0.917787187047	0.918526186564	1.26572137748	1.15837275012	0.943727158047	0.916151739971	0.949456800387	0.892566466892	0.691253765104	1.05639846303	0.663854465926	1.03298376027	0.788927941034	1.06754924118
AF3	0.939850903818	0.809609366844	2.4946841131	1.23409978734	1.05681720155	0.339933247946	1.37774423393	0.48307821653	0.351852334461	1.03766647173	0.0	0.801317457709	0.63317739971	2.1671377477	0.96217637506	0.873661063316	0.484275727405	0.500080744321	2.01663163847	1.49554122281	1.08547634606	0.812332165297	0.41281621073	0.341963620106	1.95703428226	0.991317090382	0.493747535041	0.618985384244	0.813161643306	0.952823615273	0.837622895118	0.693625036249	0.478117346544	0.432445843403	1.19297891735	0.965261623973	0.460529869502	0.802868047366	0.492359816336	0.934364287095	0.687190550991	1.5044478782	1.32767097632	0.856481348478	0.683696457226	0.603074920251	1.22178014983	0.979738366361	1.08324165297	0.996923629773	1.01602889319	1.08847668922	0.788082832286	0.757200695988	0.775872136298	0.776260700822	0.823179811503	1.08524009183	0.872332208797	0.949655287579	0.581434103432	0.940930831319
AF4	0.771042522958	0.469847984534	2.30927076365	1.01220485259	0.422777336878	0.515243436443	0.975122812953	0.667170753987	0.777120067666	0.696792745288	0.801317457709	0.0	0.599318492025	1.97728607057	0.621806437893	0.62718901885	0.842549463509	0.817612315128	1.67932405993	1.17437673755	0.985531522475	0.796297810536	1.03801040116	0.96317462059	1.51796245046	0.687946331561	0.888556457226	0.818830430159	0.82310918318	0.795085161914	1.02857501692	0.912296307395	0.757460517158	0.742091962301	0.768429608507	0.485718250362	0.762202368294	0.623868714355	0.699045577574	0.583141445143	0.580250831319	1.27023087482	1.10879504592	0.580356660222	0.882492165297	0.821391884969	0.838112445626	0.726487694538	0.58652157564	0.584867718705	0.919014538424	0.812994533591	0.582643160947	0.621760937651	0.707423620106	0.645900807153	0.689919395843	0.744634378927	0.652826592557	0.72230977767	0.66159482842	0.728196476559
AG3	0.713974084099	0.451950265829	2.30684727405	0.905703412276	0.824328298695	0.440654514258	1.08036370227	0.490030048333	0.575364340261	0.780111527308	0.63317739971	0.599318492025	0.0	1.95832032866	0.553084001933	0.563686563557	0.552169076849	0.55128962784	1.75858684389	1.22943720155	0.919819971	0.605927051716	0.701745625906	0.651671884969	1.63770903335	0.703848303528	0.584492967617	0.537948032866	0.674315524408	0.747754664089	0.826732957951	0.670088970517	0.551785872402	0.527732909618	1.03017974867	0.767951019816	0.696718453359	0.579912542291	0.557899826003	0.657743745771	0.432735451909	1.29332849686	1.12432263412	0.601737955534	0.83142781537	0.787281947801	1.03145952151	0.784037187047	0.822003943934	0.787276534558	0.942098695022	0.927649545674	0.620729444176	0.634739826003	0.685201686805	0.626974050266	0.482095045916	0.932804200097	0.521100318995	0.799159144514	0.3610820203	0.763450077332
AG4	1.89621397777	1.89430794587	0.381328414693	1.0998077332	1.80987499758	2.09661932818	1.55734533591	1.95246563074	2.01303455776	1.7421920493	2.1671377477	1.97728607057	1.95832032866	0.0	1.75800558724	1.94454632189	2.1488362784	2.19601599807	0.906034393427	1.11511071532	1.64396131464	1.83390392943	2.10237136781	2.06484364911	1.62838796037	1.81590272595	2.0408520203	1.92565336878	1.56365028516	1.47878086032	2.12032469309	2.09645945868	1.9291378202	2.03617245529	2.20670604157	2.11256342194	2.26703258579	1.64591455292	2.19766274529	1.9570240841	2.05368968101	0.979803383277	1.11119949251	1.695110203	2.38434919768	2.3017980812	2.32018067182	2.3094277622	2.16953401643	2.22151639923	2.43864918318	2.37980478009	2.24696317061	2.25225460609	2.27849633156	2.2199620348	1.96609549058	2.30557462059	1.94611989367	2.31305025133	2.0300320058	2.32506034316
AH3	0.744985645239	0.320228158531	2.08970113581	0.814084900918	0.655942141131	0.76981138231	0.785411116481	0.657493702272	0.813841362977	0.526470260996	0.96217637506	0.621806437893	0.553084001933	1.75800558724	0.0	0.541368583857	0.773653658772	0.791940686322	1.50336859352	0.987479685839	0.858491773804	0.734028840019	0.925396365394	0.911910376994	1.43047063799	0.680656123731	0.795939647173	0.71432	0.679346176897	0.636862532624	0.989760836153	0.855806979217	0.701188579024	0.787886539391	1.03404042533	0.823874035766	0.932022716288	0.503415664572	0.814612663122	0.585835258579	0.602450309328	1.03726731754	0.864721773804	0.446122083132	1.11544468342	1.06979010633	1.06956747704	0.944055099082	0.8573919768	0.857884480425	1.10500502658	1.05064282745	0.852184127598	0.847714132431	0.869158516191	0.816561097148	0.563416495892	0.974420140164	0.546072431126	0.951893798937	0.635260927985	0.944928936684
AH4	0.257576916385	0.346659188014	2.28494217013	0.965111909135	0.735427022716	0.689156553891	0.905768042533	0.66784159014	0.793487095215	0.61320839536	0.873661063316	0.62718901885	0.563686563557	1.94454632189	0.541368583857	0.0	0.684312895118	0.662563247946	1.51437367811	1.07754225713	0.867290082165	0.647544180764	0.833502638956	0.782594137264	1.41953874819	0.600850024166	0.680476099565	0.604930439826	0.729630807153	0.701045026583	0.782273315611	0.636009589174	0.750901435476	0.73128861769	0.983328119865	0.769440183664	0.812806147898	0.685342682455	0.671254354761	0.442341019816	0.457629304012	1.27610413726	1.11574684872	0.586037008217	0.992550985984	0.966776814886	0.919025679072	0.794845094248	0.768734857419	0.671652812953	0.981778666022	0.874751517641	0.598532643789	0.616550671822	0.673705853069	0.578486974384	0.399951372644	0.800684664089	0.375698260029	0.79703378927	0.532753465442	0.799070686322
AA7	0.809599449009	0.683360985984	2.47741794587	1.19135620106	1.01487094732	0.527911256646	1.23994287095	0.542172329628	0.523497863702	0.915588994683	0.484275727405	0.842549463509	0.552169076849	2.1488362784	0.773653658772	0.684312895118	0.0	0.207908748188	1.85877330111	1.34606124215	0.998674809087	0.665761261479	0.426136906718	0.427454137264	1.7748280087	0.835197080715	0.332111449976	0.419322310295	0.754820202997	0.86982381827	0.656924876752	0.414279739004	0.479204586757	0.510673102948	1.21305251812	0.993129096182	0.518637022716	0.829825998067	0.505042261962	0.859201648139	0.657822179797	1.48299793137	1.30919172064	0.806865717738	0.754442953117	0.699719415176	1.17009496858	0.924390952151	1.06774829386	0.974439956501	0.949144668922	1.02884346544	0.718462397293	0.709663876269	0.697875577574	0.710378448526	0.537254987917	1.03346145481	0.584016317061	0.956848598357	0.46054882552	0.897623533108
AA8	0.780996433059	0.650627810536	2.52370914935	1.24154586757	0.959357965201	0.508405930401	1.25081550507	0.527484983084	0.552132624456	0.929708453359	0.500080744321	0.817612315128	0.55128962784	2.19601599807	0.791940686322	0.662563247946	0.207908748188	0.0	1.83563443209	1.3530377042	0.99709161914	0.654360101498	0.514696075399	0.498565041083	1.73598788304	0.824375099082	0.413135190913	0.451186969551	0.78939062349	0.895618318028	0.604198728855	0.346275804737	0.512471768971	0.524467448043	1.15822481392	0.948190159497	0.513829067182	0.822946868052	0.43827618173	0.812946433059	0.598727902368	1.53628264862	1.36070273079	0.80940078782	0.694311556307	0.660098361527	1.10416620106	0.86374522958	1.00901739004	0.898145427743	0.86709939101	0.953981300145	0.647836094732	0.633886263896	0.608138458192	0.629202750121	0.586022121798	0.961789033349	0.627619536008	0.867480488159	0.439663750604	0.841053383277
AB7	1.45009859836	1.55499637506	1.15835259062	0.997034963751	1.42476768971	1.85694066216	1.28208471725	1.83419465926	1.96164055099	1.44370925568	2.01663163847	1.67932405993	1.75858684389	0.906034393427	1.50336859352	1.51437367811	1.85877330111	1.83563443209	0.0	0.572828221363	1.5178021943	1.5989560029	1.96375137748	1.92744961334	1.08457841953	1.43845384244	1.81819491058	1.70663586274	1.36934494925	1.21963356211	1.73559768487	1.72386263896	1.85806409377	1.92529340261	1.88564024166	1.82881788304	1.98095014983	1.51304966167	1.89525230546	1.50872827936	1.67615390527	1.01269886902	1.09162514741	1.48150157081	2.15601365394	2.11406636539	1.94982992267	1.96005839536	1.81600515225	1.82540615273	2.10830322861	2.01045858386	1.86054878685	1.85677934268	1.88693917351	1.82188912035	1.63226543741	1.92225681489	1.59926073465	1.93992293378	1.76038869986	1.97815399227
AB8	1.03682471242	1.05328987434	1.44343219913	0.482460285162	0.992941652972	1.33458428226	0.814907989367	1.29893614306	1.43863695988	0.945718637023	1.49554122281	1.17437673755	1.22943720155	1.11511071532	0.987479685839	1.07754225713	1.34606124215	1.3530377042	0.572828221363	0.0	1.04410341711	1.089900232	1.43712318511	1.39205859836	1.1066279362	0.948069352344	1.29248246496	1.17329857419	0.819918525858	0.682271063316	1.27617073949	1.25245492992	1.33949608507	1.4029782407	1.44464316578	1.34805344128	1.47935563557	0.989086370227	1.4024677477	1.06808792653	1.21468983084	0.700367544708	0.699635427743	0.966522658289	1.66560366361	1.60375234413	1.55890936684	1.50810596907	1.37396489609	1.3848858289	1.66722628806	1.58762985017	1.42944756404	1.41242359111	1.44663124215	1.38967008217	1.15871586274	1.50032727888	1.14195911551	1.49400852586	1.23641046399	1.52199201547
AC7	0.813897187047	0.865495630739	1.97313472692	0.932557467376	1.03181730788	0.970418651522	0.909888100532	0.906678264862	1.00775040116	0.748759260512	1.08547634606	0.985531522475	0.919819971	1.64396131464	0.858491773804	0.867290082165	0.998674809087	0.99709161914	1.5178021943	1.04410341711	0.0	0.43745940551	1.0017320058	0.964441145481	1.40856243113	0.705156481392	0.9427939826	0.791410198163	0.605898211696	0.570355640406	0.864712870952	0.824827269212	0.903099482842	0.93205497825	1.25957041083	1.10677323345	1.15726911551	0.799224151764	1.04278740454	0.929898264862	0.976275915901	1.14470645723	1.0842161769	0.712269033349	1.10370886902	1.07913838086	1.4699818898	1.3961619333	1.23865950701	1.21867997583	1.55186666989	1.48344539874	1.16109531174	1.18562108265	1.22432702272	1.14175292895	0.928411942968	1.384429768	0.890131532141	1.30402790237	0.90377219913	1.38732482842
AC8	0.662786964717	0.647988047366	2.16407360077	0.93269257129	0.978319932334	0.666158492025	0.980331343644	0.598988902852	0.721181058482	0.695367588207	0.812332165297	0.796297810536	0.605927051716	1.83390392943	0.734028840019	0.647544180764	0.665761261479	0.654360101498	1.5989560029	1.089900232	0.43745940551	0.0	0.684646906718	0.67064741421	1.49371646206	0.601698912518	0.545109357177	0.397041899468	0.482485369744	0.544982102465	0.635315176414	0.502214253262	0.601867791203	0.642324668922	1.14246586274	0.856021909135	0.84128101015	0.662751048816	0.724472435959	0.769755263412	0.674772518125	1.19899299662	1.06792194297	0.636673494442	0.87394661189	0.857285944901	1.30767057516	1.08621118898	1.0402262204	0.99945078782	1.2284040551	1.19719361044	0.841465553407	0.859388685355	0.901957235379	0.838342455292	0.576897361044	1.17873101015	0.595005466409	0.98508882552	0.567626510391	1.06477345578
AD7	0.893333813436	0.860522155631	2.42947390527	1.21374947318	1.24294618173	0.643208898018	1.35018795553	0.544037849203	0.47045499275	0.993851401643	0.41281621073	1.03801040116	0.701745625906	2.10237136781	0.925396365394	0.833502638956	0.426136906718	0.514696075399	1.96375137748	1.43712318511	1.0017320058	0.684646906718	0.0	0.175385224746	1.9088759159	0.909106640889	0.373402991783	0.476626089898	0.718455166747	0.881579313678	0.730099531174	0.560863286612	0.483825582407	0.527178748188	1.3598777767	1.12793857902	0.606736520058	0.863364867086	0.653273494442	1.01884676172	0.818413924601	1.44561283712	1.28679609957	0.903089255679	0.785009922668	0.735316863219	1.37802726438	1.13683210246	1.24489264379	1.16406900435	1.1480259739	1.24682968101	0.932216510391	0.899359313678	0.876186752054	0.919257085549	0.718829913001	1.25987568391	0.783663383277	1.12075704688	0.617205374577	1.09245965684
AD8	0.865628327695	0.811255103915	2.39156355727	1.16758853069	1.17335071049	0.569315273079	1.30354321411	0.479541449976	0.395065524408	0.959559168681	0.341963620106	0.96317462059	0.651671884969	2.06484364911	0.911910376994	0.782594137264	0.427454137264	0.498565041083	1.92744961334	1.39205859836	0.964441145481	0.67064741421	0.175385224746	0.0	1.83871710005	0.840540062832	0.35349059449	0.461170280329	0.671349661672	0.829731585307	0.723394142098	0.558063397777	0.447051793137	0.490029869502	1.32171651522	1.08072140648	0.575263136781	0.796661140648	0.613302672789	0.946183189947	0.751785828903	1.4077778782	1.2381221943	0.840100753987	0.754964562591	0.693155147414	1.33476030933	1.09385512325	1.19179488159	1.1154102465	1.11317232963	1.21068918318	0.891734697922	0.859744528758	0.842841652972	0.876582261962	0.733212740454	1.22179930401	0.799692271629	1.07603246979	0.566206036733	1.04857143548
AE7	1.36355935718	1.49391371194	1.88843701305	1.25752936201	1.27015838569	1.76091081682	1.17154170614	1.77436044466	1.90998199613	1.31390292895	1.95703428226	1.51796245046	1.63770903335	1.62838796037	1.43047063799	1.41953874819	1.7748280087	1.73598788304	1.08457841953	1.1066279362	1.40856243113	1.49371646206	1.9088759159	1.83871710005	0.0	1.02318731271	1.7751079072	1.65346281779	1.38338858869	1.26761932818	1.57435793137	1.60565687289	1.81958692122	1.85865922668	1.70975909618	1.70163891252	1.90549343161	1.51372447559	1.81985990817	1.39115617206	1.6183240116	1.47797658289	1.46719823103	1.41458803287	2.01860235863	1.98021473175	1.72041541808	1.79272720638	1.64030451909	1.62579415176	1.99228339778	1.82186703722	1.68887553891	1.7068560609	1.74987185114	1.64965275012	1.57710394393	1.72076259062	1.52592333011	1.79486116965	1.68414799903	1.82956098598
AE8	0.604928448526	0.618747820203	2.14491119865	0.893041652972	0.785355993233	0.805172870952	0.862016500725	0.805287042049	0.943905538908	0.576637655872	0.991317090382	0.687946331561	0.703848303528	1.81590272595	0.680656123731	0.600850024166	0.835197080715	0.824375099082	1.43845384244	0.948069352344	0.705156481392	0.601698912518	0.909106640889	0.840540062832	1.02318731271	0.0	0.810681135814	0.696469221846	0.627394905752	0.557617274045	0.782759221846	0.725902387627	0.851874098598	0.886198438859	1.09368737554	0.914304214596	0.960691754471	0.698910531658	0.881656964717	0.600163484775	0.719475258579	1.16981298212	1.0336121653	0.610238864186	1.12172074915	1.07528117448	1.1609121943	1.08009060416	0.952853639439	0.925359057516	1.24760691155	1.18397351861	0.909846669889	0.904210671822	0.953744499758	0.878458931851	0.701341232479	1.08418839536	0.663659845336	1.03447873852	0.726083499275	1.0777817738
AF7	0.773232174964	0.687119337844	2.36546460126	1.15185437893	1.065400261	0.559685944901	1.21265436926	0.488618066699	0.477647071049	0.86268260029	0.493747535041	0.888556457226	0.584492967617	2.0408520203	0.795939647173	0.680476099565	0.332111449976	0.413135190913	1.81819491058	1.29248246496	0.9427939826	0.545109357177	0.373402991783	0.35349059449	1.7751079072	0.810681135814	0.0	0.239784016433	0.666346268729	0.795677887869	0.635642861286	0.467698670855	0.453172431126	0.483587249879	1.19140460609	0.944768028033	0.5211379942	0.768904659256	0.544858709522	0.85433438376	0.644164378927	1.38958635573	1.21770236829	0.774895804737	0.765995911068	0.722788651522	1.21558612856	0.979699946834	1.05690123248	0.996228100532	0.995121725471	1.08798317061	0.778616486225	0.766879154181	0.760027549541	0.778277148381	0.561608342194	1.09297345578	0.619133963267	0.971727346544	0.459625862736	0.943012595457
AF8	0.660000908652	0.609545799903	2.25587072499	1.02847231513	0.989689159014	0.532458912518	1.10439681005	0.405992339294	0.496152498792	0.752143098115	0.618985384244	0.818830430159	0.537948032866	1.92565336878	0.71432	0.604930439826	0.419322310295	0.451186969551	1.70663586274	1.17329857419	0.791410198163	0.397041899468	0.476626089898	0.461170280329	1.65346281779	0.696469221846	0.239784016433	0.0	0.559258492025	0.681522658289	0.659411594973	0.447912798453	0.425116901885	0.477844074432	1.15489904302	0.902547404543	0.609689714838	0.68214502175	0.545419468342	0.774130405993	0.614522624456	1.27429652972	1.10494642339	0.693640488159	0.808401541808	0.778034320928	1.20694009183	0.974556162397	1.02330557757	0.978310251329	1.00114809087	1.0940999855	0.779535311745	0.773284001933	0.771580942484	0.782544557757	0.493129710005	1.0910517303	0.544911522475	0.966254224263	0.442412469792	0.9358520203
AG7	0.717903779604	0.686854731754	1.89218188014	0.685008970517	0.891337404543	0.73636681972	0.914661768971	0.588307138714	0.706927849203	0.629167457709	0.813161643306	0.82310918318	0.674315524408	1.56365028516	0.679346176897	0.729630807153	0.754820202997	0.78939062349	1.36934494925	0.819918525858	0.605898211696	0.482485369744	0.718455166747	0.671349661672	1.38338858869	0.627394905752	0.666346268729	0.559258492025	0.0	0.246880492992	0.777905157081	0.693623470275	0.620184867086	0.736283939101	1.25995977767	0.963425026583	0.898133842436	0.508349652006	0.828542677622	0.815000343161	0.747740826486	0.97552057999	0.854317791203	0.515140478492	1.05802767037	0.99959362494	1.3673277187	1.13667564041	1.14810075399	1.11430718705	1.281999942	1.25338621073	0.976115756404	0.960650024166	0.989042489125	0.950685176414	0.706764142098	1.25936850169	0.712166486225	1.12419320928	0.71068080232	1.12559742388
AG8	0.665258637023	0.694977718705	1.81457276462	0.594447713871	0.818374088932	0.802745118415	0.779964282262	0.754716737554	0.891704514258	0.570536621556	0.952823615273	0.795085161914	0.747754664089	1.47878086032	0.636862532624	0.701045026583	0.86982381827	0.895618318028	1.21963356211	0.682271063316	0.570355640406	0.544982102465	0.881579313678	0.829731585307	1.26761932818	0.557617274045	0.795677887869	0.681522658289	0.246880492992	0.0	0.868002131464	0.800302281295	0.800831894635	0.852338815853	1.20962882552	0.982622136298	1.01608865152	0.506715712905	0.925089531174	0.753979666506	0.79743818753	0.909244233929	0.799723127115	0.459104296762	1.14115586757	1.0854919043	1.32243303528	1.21316541324	1.10686679555	1.09969874819	1.36490917351	1.30782623006	1.04000912518	1.01901446109	1.05316130014	1.00091818753	0.767861222813	1.22750637506	0.754883895602	1.18255839053	0.773874934751	1.20046518608
AH7	0.765293470275	0.876057452876	2.42842550024	1.27685530691	1.16990489125	0.815808632189	1.19605555824	0.82180522958	0.881661290478	0.934188651522	0.837622895118	1.02857501692	0.826732957951	2.12032469309	0.989760836153	0.782273315611	0.656924876752	0.604198728855	1.73559768487	1.27617073949	0.864712870952	0.635315176414	0.730099531174	0.723394142098	1.57435793137	0.782759221846	0.635642861286	0.659411594973	0.777905157081	0.868002131464	0.0	0.302166848719	0.866912740454	0.884437351377	1.17999899952	1.0202158289	0.808687390043	0.95943502175	0.764473634606	0.932513243113	0.809064707588	1.47098767037	1.37363506042	0.945390265829	0.946788593523	0.927294267762	1.29012462059	1.06886579507	1.15494028516	1.03720078299	1.16219096665	1.17253566941	0.859486123731	0.83764560174	0.815395485742	0.821491251812	0.744042880619	1.17105291445	0.780888057032	1.00877565974	0.710946684389	1.05640139198
AH8	0.693727095215	0.724506331561	2.42399116965	1.18482753021	1.03964896568	0.628629333011	1.15515080715	0.632557597873	0.703839284679	0.825422353794	0.693625036249	0.912296307395	0.670088970517	2.09645945868	0.855806979217	0.636009589174	0.414279739004	0.346275804737	1.72386263896	1.25245492992	0.824827269212	0.502214253262	0.560863286612	0.558063397777	1.60565687289	0.725902387627	0.467698670855	0.447912798453	0.693623470275	0.800302281295	0.302166848719	0.0	0.672806384727	0.664780033833	1.15550370227	0.944963953601	0.669178463026	0.849274330594	0.570496800387	0.822382895118	0.678804654422	1.43873790237	1.28534828903	0.833060836153	0.785107129048	0.781824470759	1.18104189947	0.963649782504	1.04890073465	0.939058641856	0.990689705172	1.06221848719	0.717238260029	0.716760067666	0.696061145481	0.706546723055	0.585267216046	1.05618707105	0.620826080232	0.901623262446	0.531405190913	0.940475867569
AA5	0.873062295795	0.601425940068	2.25180296762	1.09469919285	0.961670739488	0.511190662156	1.20674844369	0.286691048816	0.287056679555	0.851025529241	0.478117346544	0.757460517158	0.551785872402	1.9291378202	0.701188579024	0.750901435476	0.479204586757	0.512471768971	1.85806409377	1.33949608507	0.903099482842	0.601867791203	0.483825582407	0.447051793137	1.81958692122	0.851874098598	0.453172431126	0.425116901885	0.620184867086	0.800831894635	0.866912740454	0.672806384727	0.0	0.262349231513	1.21417441759	0.902639734171	0.592300062832	0.571534122765	0.598198119865	0.810267916868	0.652117167714	1.21792130981	1.0483500435	0.643439632673	0.757906128565	0.68446702755	1.29919237313	1.06727765587	1.07599711455	1.04717430643	1.09907454326	1.18838628323	0.850923832769	0.852516524891	0.823367907202	0.861963035283	0.613664842919	1.18185653939	0.662580526825	1.0298541421	0.539713006283	1.02798759787
AA6	0.858645108748	0.640892029966	2.37278997583	1.1619740696	0.960330488159	0.411736684389	1.21598512808	0.359049028516	0.320488453359	0.869020521991	0.432445843403	0.742091962301	0.527732909618	2.03617245529	0.787886539391	0.73128861769	0.510673102948	0.524467448043	1.92529340261	1.4029782407	0.93205497825	0.642324668922	0.527178748188	0.490029869502	1.85865922668	0.886198438859	0.483587249879	0.477844074432	0.736283939101	0.852338815853	0.884437351377	0.664780033833	0.262349231513	0.0	1.08994766071	0.805318458192	0.499022141131	0.63430320928	0.479909139681	0.817047530208	0.555688980184	1.34083096665	1.17761950701	0.701844649589	0.553323257612	0.476359487675	1.18684921218	0.965238941518	0.958484886419	0.908839884002	0.998141754471	1.07449146448	0.73396701305	0.74597840986	0.725070082165	0.751679043016	0.628293049782	1.05817093282	0.687484876752	0.88949980667	0.509066964717	0.9212580087
AB5	1.10143620106	0.946454035766	2.53414913001	1.36773865636	0.863996292895	1.00722263412	1.19817012083	1.12412639439	1.20009573707	0.971315935234	1.19297891735	0.768429608507	1.03017974867	2.20670604157	1.03404042533	0.983328119865	1.21305251812	1.15822481392	1.88564024166	1.44464316578	1.25957041083	1.14246586274	1.3598777767	1.32171651522	1.70975909618	1.09368737554	1.19140460609	1.15489904302	1.25995977767	1.20962882552	1.17999899952	1.15550370227	1.21417441759	1.08994766071	0.0	0.393373736104	0.96723239246	1.06456491542	0.966067230546	0.836066220396	0.874155664572	1.56679589174	1.42829242629	1.00525535524	0.992623504108	0.968424306428	0.842880826486	0.897749047849	0.749608168197	0.72776020783	1.09326488159	0.943103059449	0.816644514258	0.864581063316	0.941121928468	0.874657162881	1.0293941856	0.831213131948	1.01324159497	0.830421831803	1.03392480425	0.908835480909
AB6	0.902828545191	0.676755176414	2.44067454326	1.22317179314	0.757188385694	0.735094407927	1.06320725955	0.819850338328	0.919003035283	0.820298487192	0.965261623973	0.485718250362	0.767951019816	2.11256342194	0.823874035766	0.769440183664	0.993129096182	0.948190159497	1.82881788304	1.34805344128	1.10677323345	0.856021909135	1.12793857902	1.08072140648	1.70163891252	0.914304214596	0.944768028033	0.902547404543	0.963425026583	0.982622136298	1.0202158289	0.944963953601	0.902639734171	0.805318458192	0.393373736104	0.0	0.768804852586	0.757457394877	0.767574490092	0.689590444659	0.636573934268	1.40616654422	1.25068312711	0.738285698405	0.782243262446	0.739546955051	0.818648269696	0.696552237796	0.577152083132	0.544031933301	0.889390700822	0.786331333978	0.6138419913	0.678262329628	0.754909284679	0.692487119381	0.766956254229	0.720399009183	0.743386814886	0.626700082165	0.807101585307	0.702686665056
AC5	0.903494480425	0.769559565007	2.59932048816	1.35913275012	0.997982624456	0.483708405027	1.28327670372	0.555711710971	0.526682136298	0.939057820203	0.460529869502	0.762202368294	0.696718453359	2.26703258579	0.932022716288	0.812806147898	0.518637022716	0.513829067182	1.98095014983	1.47935563557	1.15726911551	0.84128101015	0.606736520058	0.575263136781	1.90549343161	0.960691754471	0.5211379942	0.609689714838	0.898133842436	1.01608865152	0.808687390043	0.669178463026	0.592300062832	0.499022141131	0.96723239246	0.768804852586	0.0	0.787780613823	0.393764968584	0.838175403577	0.615263678105	1.60275067182	1.43145486225	0.833590202997	0.516634146931	0.489212387627	1.00909903818	0.767182899952	0.896361652972	0.799689246013	0.789247288545	0.857727718705	0.596284301595	0.554967858869	0.546798110198	0.585009545674	0.739160024166	0.877614417593	0.784468177864	0.756509168681	0.588951754471	0.72354977767
AC6	0.797584209763	0.525593943934	1.97501834703	0.770050492992	0.679283615273	0.666053707105	0.780239618173	0.519717931368	0.693415480909	0.532714180764	0.802868047366	0.623868714355	0.579912542291	1.64591455292	0.503415664572	0.685342682455	0.829825998067	0.822946868052	1.51304966167	0.989086370227	0.799224151764	0.662751048816	0.863364867086	0.796661140648	1.51372447559	0.698910531658	0.768904659256	0.68214502175	0.508349652006	0.506715712905	0.95943502175	0.849274330594	0.571534122765	0.63430320928	1.06456491542	0.757457394877	0.787780613823	0.0	0.76262178347	0.639422310295	0.615436955051	0.850694282262	0.677297515708	0.309206109232	0.97196077332	0.918291657806	1.16130798453	1.00843419526	0.943859830836	0.917649444176	1.1616540116	1.11435948768	0.864327583374	0.867710173997	0.906768332528	0.847345625906	0.651285693572	1.06525381344	0.65305580957	0.994699536008	0.648831556307	1.00989586274
AD6	0.785786302562	0.63503977767	2.53519871919	1.22835864669	0.876314891252	0.36945539391	1.18025356211	0.48189857419	0.555086660222	0.841152252296	0.492359816336	0.699045577574	0.557899826003	2.19766274529	0.814612663122	0.671254354761	0.505042261962	0.43827618173	1.89525230546	1.4024677477	1.04278740454	0.724472435959	0.653273494442	0.613302672789	1.81985990817	0.881656964717	0.544858709522	0.545419468342	0.828542677622	0.925089531174	0.764473634606	0.570496800387	0.598198119865	0.479909139681	0.966067230546	0.767574490092	0.393764968584	0.76262178347	0.0	0.711196573224	0.399419917835	1.52021503142	1.35571376994	0.78556219913	0.604890715321	0.561980874819	0.91286300145	0.687842300628	0.818321942968	0.686901667472	0.730408158531	0.793276099565	0.497938144031	0.464852150797	0.475708414693	0.48447041566	0.585921222813	0.785554146931	0.630220019333	0.655549632673	0.429771155147	0.648668434026
AE5	0.560328936684	0.481687032383	2.29723478975	0.990768066699	0.628340164331	0.743168767521	0.803092136298	0.715178695022	0.910470347994	0.547376732721	0.934364287095	0.583141445143	0.657743745771	1.9570240841	0.585835258579	0.442341019816	0.859201648139	0.812946433059	1.50872827936	1.06808792653	0.929898264862	0.769755263412	1.01884676172	0.946183189947	1.39115617206	0.600163484775	0.85433438376	0.774130405993	0.815000343161	0.753979666506	0.932513243113	0.822382895118	0.810267916868	0.817047530208	0.836066220396	0.689590444659	0.838175403577	0.639422310295	0.711196573224	0.0	0.40001361044	1.22518182214	1.05727686805	0.5515340261	1.05600727888	1.01953101015	0.90117781537	0.84382421943	0.752022295795	0.649822464959	1.02824661672	0.925841179314	0.6565080087	0.671847999033	0.751781140648	0.633669888835	0.538440270662	0.818952295795	0.507964451426	0.79570182697	0.64778897535	0.843829666506
AE6	0.613959366844	0.424380275495	2.39588217496	1.082969913	0.712834267762	0.501291464476	0.993003233446	0.535071918801	0.644610173997	0.682737148381	0.687190550991	0.580250831319	0.432735451909	2.05368968101	0.602450309328	0.457629304012	0.657822179797	0.598727902368	1.67615390527	1.21468983084	0.976275915901	0.674772518125	0.818413924601	0.751785828903	1.6183240116	0.719475258579	0.644164378927	0.614522624456	0.747740826486	0.79743818753	0.809064707588	0.678804654422	0.652117167714	0.555688980184	0.874155664572	0.636573934268	0.615263678105	0.615436955051	0.399419917835	0.40001361044	0.0	1.35029555824	1.18287281779	0.612429096182	0.791677525375	0.756881594973	0.854508593523	0.65587561624	0.688181802803	0.579151300145	0.822384983084	0.752070381827	0.47946101015	0.466891343644	0.510865886902	0.435519400677	0.406068960851	0.740217361044	0.433920749154	0.621095311745	0.435320546158	0.64662959884
AF5	1.25061491542	1.18892945384	1.30188040116	0.614044262929	1.12900427743	1.41670395843	0.808896839053	1.24906893668	1.33763224746	0.994107274045	1.5044478782	1.27023087482	1.29332849686	0.979803383277	1.03726731754	1.27610413726	1.48299793137	1.53628264862	1.01269886902	0.700367544708	1.14470645723	1.19899299662	1.44561283712	1.4077778782	1.47797658289	1.16981298212	1.38958635573	1.27429652972	0.97552057999	0.909244233929	1.47098767037	1.43873790237	1.21792130981	1.34083096665	1.56679589174	1.40616654422	1.60275067182	0.850694282262	1.52021503142	1.22518182214	1.35029555824	0.0	0.240298487192	0.93532101015	1.72220309812	1.63449676655	1.71999180764	1.65951596907	1.56098486225	1.57169961817	1.81104303528	1.77948686805	1.57256882552	1.59005006283	1.61691419526	1.55372153214	1.26807749154	1.69544888835	1.250519739	1.65619884485	1.36608402127	1.66283708555
AF6	1.15639558724	1.015710232	1.43799531174	0.504829642339	0.97816	1.24186483325	0.765389768004	1.08588535524	1.17908761237	0.839509231513	1.32767097632	1.10879504592	1.12432263412	1.11119949251	0.864721773804	1.11574684872	1.30919172064	1.36070273079	1.09162514741	0.699635427743	1.0842161769	1.06792194297	1.28679609957	1.2381221943	1.46719823103	1.0336121653	1.21770236829	1.10494642339	0.854317791203	0.799723127115	1.37363506042	1.28534828903	1.0483500435	1.17761950701	1.42829242629	1.25068312711	1.43145486225	0.677297515708	1.35571376994	1.05727686805	1.18287281779	0.240298487192	0.0	0.760823876269	1.55687975834	1.47422578057	1.56303245046	1.49098655872	1.38404790237	1.39698850652	1.62773070565	1.59981842436	1.39962638473	1.41503032866	1.44746729821	1.3784718608	1.09575657806	1.51432985017	1.07590644273	1.48356835186	1.19854053649	1.50999114548
AG5	0.696853218946	0.491811633639	2.03276320928	0.752944229096	0.60488417593	0.675899951667	0.737987651039	0.60837341711	0.76721517158	0.473826544224	0.856481348478	0.580356660222	0.601737955534	1.695110203	0.446122083132	0.586037008217	0.806865717738	0.80940078782	1.48150157081	0.966522658289	0.712269033349	0.636673494442	0.903089255679	0.840100753987	1.41458803287	0.610238864186	0.774895804737	0.693640488159	0.515140478492	0.459104296762	0.945390265829	0.833060836153	0.643439632673	0.701844649589	1.00525535524	0.738285698405	0.833590202997	0.309206109232	0.78556219913	0.5515340261	0.612429096182	0.93532101015	0.760823876269	0.0	1.0048842726	0.954720029	1.11487012083	1.01835534558	0.887345437409	0.873969676172	1.18422466409	1.10244649589	0.823495268246	0.848220874819	0.896846292895	0.814724465926	0.62967762204	1.01182019333	0.594158438859	0.963020183664	0.64957677622	1.01456057032
