	AA3	AA4	AB3	AB4	AC3	AC4	AD3	AD4	AE3	AE4	AF3	AF4	AG3	AG4	AH3	AH4	AA7	AA8	AB7	AB8	AC7	AC8	AD7	AD8	AE7	AE8	AF7	AF8	AG7	AG8	AH7	AH8	AA5	AA6	AB5	AB6	AC5	AC6	AD6	AE5	AE6	AF5	AF6	AG5	AH5	AH6	AA1	AA2	AB1	AB2	AC1	AC2	AD1	AD2	AE1	AE2	AF1	AF2	AG1	AG2	AH1	AH2
AA3	0.0	0.520532087965	2.27057857902	1.01262711455	0.892012576124	0.759854983084	0.877463281779	0.760224301595	0.901972503625	0.653441971967	0.94257742871	0.722332464959	0.659473011116	1.9311741276	0.739730879652	0.267422750121	0.790187854036	0.757036945384	1.44621615273	1.04675568391	0.81687102465	0.707279178347	0.870973576607	0.809813765104	1.35465618656	0.596854596423	0.778593871435	0.630120947318	0.691446027066	0.679139154181	0.76251881102	0.645543339778	0.874541913968	0.802274349927	1.08273888352	0.924415688739	0.931816510391	0.784664673755	0.755351435476	0.547836906718	0.59677662639	1.27343057516	1.14268063316	0.704820019333	1.10250547608	1.0747438231	0.932875263412	0.911256104398	0.89579820203	0.828943871435	1.05209522958	0.937737278879	0.664558680522	0.690804847753	0.742068250362	0.638475166747	0.544180309328	0.842951087482	0.546713426776	0.897088757854	0.619216698888	0.936565756404
AA4	0.520532087965	0.0	2.219750145	0.928727003383	0.62212457709	0.595667361044	0.805275350411	0.493048279362	0.717751628806	0.465675645239	0.826903523441	0.422140029	0.44850482842	1.87677867569	0.303867926535	0.333329521508	0.682907984534	0.697463059449	1.51093445626	1.01921105848	0.839425993233	0.71072101015	0.880012692122	0.801668685355	1.44839299178	0.635884229096	0.721066027066	0.649454910585	0.634215659739	0.642739284679	0.877014997583	0.740372817786	0.647102527791	0.615931097148	0.925682455292	0.72067622523	0.786566549058	0.5098739971	0.620006510391	0.451989913001	0.405269893668	1.13904770904	1.00649862736	0.417741358144	0.972709898502	0.91433081682	0.90067320928	0.814791333978	0.710257936201	0.751941469309	0.970981082649	0.882465210246	0.627391106815	0.63767759304	0.674532150797	0.610516950217	0.452634871919	0.79669937651	0.468178303528	0.802274523925	0.490927278879	0.829391918801
AB3	2.27057857902	2.219750145	0.0	1.3976961914	2.14588183664	2.4038858289	1.92331678589	2.27334899952	2.35024690672	2.14433268246	2.50907861769	2.27561926051	2.30110960851	0.382254668922	2.12202312711	2.26420481875	2.49753369261	2.49419232479	1.18678554857	1.47626275979	1.98844823103	2.14718129531	2.42010111648	2.38128347994	1.91236115515	2.17117298212	2.39559523441	2.26251128081	1.90768770904	1.83875367327	2.45077682939	2.40794233446	2.28898018366	2.36054311745	2.54568109715	2.47381486709	2.6266081102	1.97767025133	2.53094366361	2.28544927018	2.39177751571	1.32769419043	1.44152701305	2.08522123731	2.75427664089	2.67828805703	2.69387433543	2.68826442726	2.52224938618	2.62259687289	2.7902039971	2.72955317061	2.58152268246	2.60510930401	2.61340763171	2.57353811503	2.32843798937	2.64489234413	2.30958144031	2.67522479459	2.39036965201	2.69822446109
AB4	1.01262711455	0.928727003383	1.3976961914	0.0	0.933956471725	1.09910413726	0.796554823586	1.02898103432	1.16699795553	0.899386215563	1.26084231029	1.00557253262	0.927545799903	1.04697490092	0.86594319478	0.98023959884	1.23623416626	1.24018030933	0.984706399227	0.460417095215	0.915223948768	0.964266563557	1.21211361527	1.12847281779	1.30482237313	0.956641633639	1.19422321895	1.04304286129	0.6920340116	0.639264664089	1.30644248429	1.19373880619	1.10999250846	1.12999764621	1.43410769937	1.28993495408	1.41492103432	0.775297056549	1.25284858386	1.0076162494	1.11094861286	0.551231725471	0.470141155147	0.856804050266	1.51903479459	1.46556948768	1.53039845336	1.46576817786	1.3432261769	1.40545506525	1.60261637023	1.53437169164	1.3178577332	1.3541259594	1.3824601305	1.3090561624	1.08087756404	1.4483101305	1.06422279362	1.45527054616	1.11288987434	1.48924316578
AC3	0.892012576124	0.62212457709	2.14588183664	0.933956471725	0.0	0.762410082165	0.803915509908	0.820928467859	1.00168917835	0.670478434026	1.09271178347	0.33700338811	0.820272798453	1.81004881102	0.675850531658	0.768620043499	1.01234296278	1.02598435959	1.43875905268	1.00207701788	1.04205249396	1.03312443693	1.25385563557	1.17686437893	1.28306999033	0.860064243596	1.09295406477	1.01455094248	0.866544093765	0.857535451909	1.20922752054	1.07422548574	0.992760686322	0.950282440793	0.820370241663	0.775235920735	1.02641889802	0.707457887869	0.888008516191	0.659166843886	0.719576665056	1.10019225713	0.99063077332	0.607802281295	1.2004618318	1.16272437409	0.951750294828	0.985161420976	0.770375621073	0.869054833253	1.14910049783	1.01272262446	0.807232223296	0.878267264379	0.926426133398	0.836532875785	0.837590903818	0.918212498792	0.842209560174	0.969325123248	0.834604248429	1.0077482987
AC4	0.759854983084	0.595667361044	2.4038858289	1.09910413726	0.762410082165	0.0	1.12621689222	0.367688448526	0.482520797487	0.747250101498	0.405793765104	0.536134253262	0.477167723538	2.06665370227	0.707290889319	0.644915500242	0.559131981634	0.564270053166	1.83210936684	1.23812225713	0.91356878202	0.67283358144	0.664729990333	0.59116699855	1.69225695022	0.768931986467	0.559040067666	0.553084523925	0.667688608023	0.771723252779	0.804858163364	0.67046499275	0.496757970034	0.408039676172	0.999574330594	0.710573832769	0.543899352344	0.658069101015	0.410337293378	0.738126930884	0.49085878202	1.35975920735	1.22553650556	0.605563189947	0.690421271145	0.63087879652	0.99914240696	0.827381855969	0.789177941034	0.799122914451	0.886791430643	0.896463552441	0.576757559207	0.633153972934	0.61100361044	0.592302039633	0.59630218463	0.895307839536	0.618912479459	0.782729231513	0.43317578057	0.826349710005
AD3	0.877463281779	0.805275350411	1.92331678589	0.796554823586	0.803915509908	1.12621689222	0.0	0.974001261479	1.26346902852	0.439275306912	1.34637654422	0.907528632189	0.997921889802	1.58015033349	0.768803064282	0.825156355727	1.21730905752	1.18769521025	1.31084400677	0.802102687289	0.850792634123	0.907791498308	1.270520116	1.1982360319	1.21212876752	0.828058448526	1.18316115515	1.01611843886	0.846307104882	0.76321560174	1.14721827453	1.06151333011	1.18513046399	1.10451684872	1.16515819236	1.06547140164	1.22909336394	0.689342774287	1.13418686805	0.785753702272	0.917464712421	0.858061706138	0.738122919285	0.725621097148	1.38596029	1.34542507492	1.33410049783	1.31868630739	1.10409958917	1.18316339294	1.47601361044	1.36745444176	1.1494099565	1.15216983084	1.21028566457	1.11471687289	0.9375180232	1.25442257612	0.927173779604	1.22863349928	1.06217162881	1.335359797
AD4	0.760224301595	0.493048279362	2.27334899952	1.02898103432	0.820928467859	0.367688448526	0.974001261479	0.0	0.32218961334	0.593104369261	0.501620502658	0.610023040116	0.502914654422	1.93423257129	0.578097249879	0.604135645239	0.55623340261	0.571024320928	1.77424855486	1.18652474142	0.837913054616	0.591630169164	0.582683484775	0.508590323828	1.70873025133	0.773380860319	0.500650768487	0.467810671822	0.569524171097	0.676116602223	0.819077805703	0.679436640889	0.306732556791	0.309225640406	1.09974937168	0.796176752054	0.600159516675	0.531287718705	0.442574644756	0.679769917835	0.47950860319	1.20348143064	1.06849191397	0.524880473659	0.740347564041	0.646217356211	1.0966139681	0.907017535041	0.893783576607	0.917880072499	0.94123080232	1.00357363461	0.67811641856	0.695055345578	0.65514659739	0.674929772837	0.535882580957	0.989469260512	0.568128100532	0.894361749638	0.478003175447	0.899183214113
AE3	0.901972503625	0.717751628806	2.35024690672	1.16699795553	1.00168917835	0.482520797487	1.26346902852	0.32218961334	0.0	0.882314523925	0.355297858869	0.792352653456	0.624277984534	2.02032374094	0.772554905752	0.79086619623	0.516262010633	0.566726955051	1.95968891735	1.38237685839	0.991844900918	0.732343165781	0.478727549541	0.449521280812	1.91175267279	0.968084760754	0.435846442726	0.522522817786	0.736865596907	0.864342000967	0.916620004833	0.774932547124	0.234958110198	0.342807539874	1.20849896568	0.921854533591	0.579855326245	0.755481034316	0.55073622523	0.928658013533	0.649235596907	1.32309867086	1.21213701305	0.749202663122	0.804510343161	0.66061897535	1.20835820686	1.01037332528	1.03020946834	1.03648905752	1.03117928468	1.11514109232	0.791818405027	0.808672924118	0.762773649106	0.792235732238	0.695271643306	1.10717260029	0.73351298695	1.00678725471	0.615536993717	1.00250451426
AE4	0.653441971967	0.465675645239	2.14433268246	0.899386215563	0.670478434026	0.747250101498	0.439275306912	0.593104369261	0.882314523925	0.0	0.968249125181	0.568857404543	0.648407240213	1.80096544708	0.490641957467	0.510263330111	0.845765224746	0.812295959401	1.49829514741	0.952104644756	0.717685360077	0.673339478009	0.931598902852	0.856743827936	1.35564390043	0.579187984534	0.804635205413	0.694931706138	0.611918235863	0.593732290962	0.906440483325	0.784329594007	0.810167907202	0.733068704688	0.960628318028	0.792755524408	0.875728777187	0.464267825036	0.765713987434	0.487731715805	0.567113736104	1.02559588207	0.893500459159	0.427829743838	1.03927598357	0.993479202513	1.05645894635	1.03242092798	0.829814209763	0.907645176414	1.19576064282	1.08295049299	0.83754502175	0.825630715321	0.873262982117	0.800285964234	0.606987510875	0.977026263896	0.601256752054	0.948471058482	0.694021870469	1.04551694055
AF3	0.94257742871	0.826903523441	2.50907861769	1.26084231029	1.09271178347	0.405793765104	1.34637654422	0.501620502658	0.355297858869	0.968249125181	0.0	0.867277752537	0.69607120348	2.17553524891	0.923799801837	0.870770666989	0.491522179797	0.518876056066	2.0286101885	1.43334267279	1.05668698405	0.837902203963	0.409025331078	0.396000086999	1.97327456259	1.02780936684	0.476048806187	0.649222464959	0.833436930884	0.961205998067	0.842219507008	0.755619782504	0.420793368777	0.452596457226	1.2223679217	0.967291048816	0.500454432093	0.857600971484	0.51170818753	0.979449937168	0.707608670855	1.48375810536	1.35696920735	0.829947965201	0.74049298695	0.623307602707	1.17986194297	0.998707230546	1.08737460609	1.01470705172	1.02513737554	1.07313662156	0.786151546641	0.776728492025	0.756948521025	0.743652450459	0.808164079265	1.06952780087	0.830670381827	0.972370159497	0.604003136781	0.993762295795
AF4	0.722332464959	0.422140029	2.27561926051	1.00557253262	0.33700338811	0.536134253262	0.907528632189	0.610023040116	0.792352653456	0.568857404543	0.867277752537	0.0	0.612354243596	1.93490100532	0.553753600773	0.576994045433	0.811001295312	0.826947051716	1.57433126631	1.07607267279	0.934548728855	0.853051121315	1.05524163364	0.974576698888	1.41435011116	0.689438583857	0.897350328661	0.830047264379	0.769319130014	0.770852295795	1.00835980184	0.886217380377	0.786804238763	0.741637873369	0.792993156114	0.593731768971	0.768476940551	0.621748844853	0.683786317061	0.533231546641	0.525637298212	1.1912861044	1.07632691155	0.495551739971	0.954905741904	0.910119864669	0.797266848719	0.761960613823	0.595848530691	0.666029328178	0.939968728855	0.820306515225	0.585590333494	0.653684127598	0.694435804737	0.630758767521	0.644972919285	0.73054739971	0.656609632673	0.734657317545	0.650343837603	0.780732721121
AG3	0.659473011116	0.44850482842	2.30110960851	0.927545799903	0.820272798453	0.477167723538	0.997921889802	0.502914654422	0.624277984534	0.648407240213	0.69607120348	0.612354243596	0.0	1.94532828903	0.469640749154	0.536731440309	0.513762547124	0.542660937651	1.69267077815	1.12805583857	0.884454369261	0.619703644273	0.706948066699	0.642968003867	1.57962427743	0.691359458676	0.557937486709	0.543467713871	0.639875152247	0.716568762687	0.80288459159	0.652231401643	0.587145403577	0.525408076365	1.03441436926	0.780943682939	0.738467201547	0.606604432093	0.577024736588	0.62028417593	0.449205094248	1.24997971	1.12880732238	0.55886921218	0.88900101015	0.831777945868	0.990154818753	0.819802203963	0.803490062832	0.806310947318	0.955252107298	0.896427158047	0.623547931368	0.647610879652	0.687956930884	0.617170343161	0.427215582407	0.88701142581	0.453892160464	0.808429830836	0.385818477525	0.835683832769
AG4	1.9311741276	1.87677867569	0.382254668922	1.04697490092	1.81004881102	2.06665370227	1.58015033349	1.93423257129	2.02032374094	1.80096544708	2.17553524891	1.93490100532	1.94532828903	0.0	1.78403868536	1.91978778154	2.16649481875	2.15894515708	0.921927051716	1.14295159014	1.65294200097	1.80965642823	2.08778839053	2.04604999033	1.6456100725	1.83937230063	2.05837520058	1.92372702272	1.57243273079	1.49752648623	2.12849676655	2.07044053166	1.95905959884	2.02226661189	2.21491838569	2.13579951184	2.28916915901	1.63923138714	2.1927921653	1.94417280329	2.0495722813	0.992695045916	1.10825509908	1.74566256646	2.41413245046	2.3396877042	2.35320280812	2.34257112131	2.18213747221	2.2801037216	2.45502824553	2.39138334461	2.24424718221	2.2653422233	2.28067588207	2.23541595457	1.99164145481	2.30781496858	1.97497715321	2.3342940696	2.05364940551	2.35615291445
AH3	0.739730879652	0.303867926535	2.12202312711	0.86594319478	0.675850531658	0.707290889319	0.768803064282	0.578097249879	0.772554905752	0.490641957467	0.923799801837	0.553753600773	0.469640749154	1.78403868536	0.0	0.550297564041	0.742864678589	0.776941696472	1.53151293862	0.982151735138	0.834591532141	0.718330019333	0.895136887385	0.835905650072	1.45010786854	0.727334939584	0.756362112131	0.704390241663	0.632439864669	0.632162996617	0.998751565974	0.853435282745	0.688915403577	0.683480753987	1.04958094732	0.818761319478	0.920241445143	0.477301585307	0.775082672789	0.57145741421	0.571101155147	1.0208878637	0.89869717738	0.429954185597	1.09402829386	1.02826909618	1.04545911551	0.947812890285	0.842805891735	0.903148680522	1.09277922668	1.03606515225	0.810043112615	0.827653214113	0.85818442726	0.794315935234	0.548625766071	0.949343484775	0.556154224263	0.944167863702	0.633076065732	0.956450555824
AH4	0.267422750121	0.333329521508	2.26420481875	0.98023959884	0.768620043499	0.644915500242	0.825156355727	0.604135645239	0.79086619623	0.510263330111	0.870770666989	0.576994045433	0.536731440309	1.91978778154	0.550297564041	0.0	0.693217119381	0.656683823103	1.48601956017	1.04427676172	0.789158385694	0.626051140648	0.804486205897	0.729799830836	1.40309492508	0.57485619623	0.678135896568	0.564402692122	0.62375977767	0.650096926051	0.761686249396	0.610732508458	0.739801309811	0.675831077815	0.973277042049	0.764805253746	0.820882460126	0.638893707105	0.658137327211	0.474723649106	0.468471150314	1.21745302562	1.08534488159	0.556657269212	0.987630874819	0.950977245046	0.91759417593	0.864167718705	0.777700488159	0.756947269212	1.01411547608	0.902209328178	0.597259487675	0.641906437893	0.699351541808	0.584086249396	0.398183649106	0.812059753504	0.394578844853	0.813931275979	0.514978211696	0.883273243113
AA7	0.790187854036	0.682907984534	2.49753369261	1.23623416626	1.01234296278	0.559131981634	1.21730905752	0.55623340261	0.516262010633	0.845765224746	0.491522179797	0.811001295312	0.513762547124	2.16649481875	0.742864678589	0.693217119381	0.0	0.14775459159	1.83131716288	1.33787057516	1.01594758821	0.69856502175	0.463839149348	0.449978139198	1.7694320928	0.876024896085	0.36197558724	0.48277780087	0.771019884002	0.874689502175	0.665908018366	0.484640357661	0.470679540841	0.485706263896	1.19188263896	1.00097647656	0.524379917835	0.820300444659	0.494538245529	0.842947042049	0.654621918801	1.469190261	1.34664851619	0.805669826003	0.798361053649	0.68053621073	1.06570022716	0.880388250362	1.04231010633	0.941880328661	0.894753910101	0.95292298695	0.687897303045	0.67011120348	0.647070420493	0.680943919768	0.539943368777	0.954566636056	0.572534359594	0.924833296278	0.491790294828	0.86715477042
AA8	0.757036945384	0.697463059449	2.49419232479	1.24018030933	1.02598435959	0.564270053166	1.18769521025	0.571024320928	0.566726955051	0.812295959401	0.518876056066	0.826947051716	0.542660937651	2.15894515708	0.776941696472	0.656683823103	0.14775459159	0.0	1.80854058966	1.31863269696	0.972483301112	0.641975234413	0.456751140648	0.456231860802	1.72034340744	0.824893977767	0.366686041566	0.452860125665	0.748143852102	0.850487931368	0.577821343644	0.393667283712	0.523203769937	0.509171256646	1.18122945868	0.994679690672	0.539844697922	0.837197849203	0.499363943934	0.830634422426	0.661723508942	1.46766931851	1.34289964717	0.812803586274	0.779445195747	0.684296785887	1.07281752537	0.89595637506	1.04596667956	0.931472590623	0.909513721605	0.963887912035	0.682684925085	0.651934552924	0.648036167231	0.668549038183	0.534048960851	0.971543750604	0.552763160947	0.913608980184	0.478815538908	0.88460942001
AB7	1.44621615273	1.51093445626	1.18678554857	0.984706399227	1.43875905268	1.83210936684	1.31084400677	1.77424855486	1.95968891735	1.49829514741	2.0286101885	1.57433126631	1.69267077815	0.921927051716	1.53151293862	1.48601956017	1.83131716288	1.80854058966	0.0	0.657981077815	1.51635760754	1.5927762784	1.92821553891	1.86730428226	1.07251580957	1.44696064766	1.84113955534	1.67097210246	1.34781852586	1.22416483809	1.73171754471	1.66326419043	1.87735225713	1.86303874819	1.85448145481	1.83633887869	1.98153265346	1.46068863702	1.86714863219	1.46522069599	1.65711735138	0.996877477042	1.03937727888	1.49197113581	2.15974397777	2.11787128565	1.93008535524	1.94163568874	1.82339478009	1.83328965201	2.07105833253	1.973910058	1.81657834219	1.82619755921	1.85949538424	1.80696662156	1.6319019043	1.87670903818	1.620900261	1.91342301595	1.74829676655	1.96246349444
AB8	1.04675568391	1.01921105848	1.47626275979	0.460417095215	1.00207701788	1.23812225713	0.802102687289	1.18652474142	1.38237685839	0.952104644756	1.43334267279	1.07607267279	1.12805583857	1.14295159014	0.982151735138	1.04427676172	1.33787057516	1.31863269696	0.657981077815	0.0	0.955666563557	1.0118962349	1.33825934268	1.27388507008	1.16637352344	0.935185524408	1.26896571774	1.10106846303	0.736899797003	0.64128780087	1.26665933784	1.20115333011	1.29580103915	1.2704501305	1.41743764137	1.3048081537	1.44969544224	0.883693745771	1.36773336394	1.033230261	1.17627090865	0.690744519091	0.607036036733	0.912697704205	1.60644096665	1.55072988884	1.58051563557	1.54019697922	1.37987500725	1.43009347511	1.66689625906	1.59644234896	1.41000217496	1.40600899952	1.43216329628	1.37653575157	1.16777867086	1.51083515225	1.15901724988	1.47744651039	1.20379944901	1.55504839053
AC7	0.81687102465	0.839425993233	1.98844823103	0.915223948768	1.04205249396	0.91356878202	0.850792634123	0.837913054616	0.991844900918	0.717685360077	1.05668698405	0.934548728855	0.884454369261	1.65294200097	0.834591532141	0.789158385694	1.01594758821	0.972483301112	1.51635760754	0.955666563557	0.0	0.445354311261	0.956832208797	0.896681445143	1.40239948768	0.685013035283	0.928708376027	0.740007351377	0.554466785887	0.552426979217	0.853354997583	0.768138849686	0.909261077815	0.89043737071	1.27130058966	1.09390515708	1.13955862252	0.748650333494	1.03961695022	0.931133876269	0.938952870952	1.17719107298	1.06385131948	0.72532482842	1.12260827453	1.08272885452	1.43900431609	1.40732326245	1.19657355727	1.2490781827	1.53081955534	1.45339187047	1.13027092315	1.1403382697	1.20486479459	1.099429855	0.920970927985	1.36362580474	0.880900642823	1.27919239729	0.887983315611	1.41549647173
AC8	0.707279178347	0.71072101015	2.14718129531	0.964266563557	1.03312443693	0.67283358144	0.907791498308	0.591630169164	0.732343165781	0.673339478009	0.837902203963	0.853051121315	0.619703644273	1.80965642823	0.718330019333	0.626051140648	0.69856502175	0.641975234413	1.5927762784	1.0118962349	0.445354311261	0.0	0.660435480909	0.635865993233	1.50462828903	0.628280173997	0.547035128081	0.368009579507	0.460026752054	0.536806906718	0.636047955534	0.502430057999	0.634357506042	0.633793122281	1.19471985984	0.917030449493	0.861186843886	0.684921377477	0.771516442726	0.82666500725	0.71183861769	1.19392167231	1.0698157999	0.678190323828	0.957252116965	0.893782286129	1.29818889319	1.14025082649	1.05281362011	1.06165263896	1.24886222813	1.20036409377	0.861452329628	0.872420584824	0.928835258579	0.842461488642	0.60459839536	1.18505225713	0.593827056549	1.02805760271	0.612527844369	1.14236564041
AD7	0.870973576607	0.880012692122	2.42010111648	1.21211361527	1.25385563557	0.664729990333	1.270520116	0.582683484775	0.478727549541	0.931598902852	0.409025331078	1.05524163364	0.706948066699	2.08778839053	0.895136887385	0.804486205897	0.463839149348	0.456751140648	1.92821553891	1.33825934268	0.956832208797	0.660435480909	0.0	0.171658313195	1.87044755921	0.893769565007	0.340392484292	0.465324934751	0.705790845819	0.828179052682	0.702879202513	0.600395727405	0.471960043499	0.521095766071	1.36331521508	1.11227227163	0.641907641373	0.857527810536	0.661062527791	1.02157434026	0.842230125665	1.40622951667	1.27985244079	0.900240575157	0.858349096182	0.738924407927	1.3114839101	1.13117703722	1.23329954084	1.17163896568	1.13463321411	1.21035164814	0.917228235863	0.891249202513	0.859485683905	0.892134726921	0.738782846786	1.21602406477	0.751663620106	1.12775548091	0.651312788787	1.11695383277
AD8	0.809813765104	0.801668685355	2.38128347994	1.12847281779	1.17686437893	0.59116699855	1.1982360319	0.508590323828	0.449521280812	0.856743827936	0.396000086999	0.974576698888	0.642968003867	2.04604999033	0.835905650072	0.729799830836	0.449978139198	0.456231860802	1.86730428226	1.27388507008	0.896681445143	0.635865993233	0.171658313195	0.0	1.77149201063	0.798357158047	0.316293117448	0.440920328661	0.639486481392	0.75528961334	0.700175418076	0.571884180764	0.450275669406	0.465718777187	1.32307777187	1.06090057999	0.602509685839	0.785911430643	0.602703276945	0.928458579024	0.761541246979	1.36363256646	1.23385566457	0.826520724988	0.823585708072	0.707688840019	1.2657120058	1.07618565491	1.15929978734	1.10105675689	1.09191540358	1.16573113098	0.858029149348	0.85678861769	0.827332909618	0.842480144998	0.696502745288	1.1616981537	0.713056394393	1.06375000483	0.583517549541	1.06228807637
AE7	1.35465618656	1.44839299178	1.91236115515	1.30482237313	1.28306999033	1.69225695022	1.21212876752	1.70873025133	1.91175267279	1.35564390043	1.97327456259	1.41435011116	1.57962427743	1.6456100725	1.45010786854	1.40309492508	1.7694320928	1.72034340744	1.07251580957	1.16637352344	1.40239948768	1.50462828903	1.87044755921	1.77149201063	0.0	1.00144902368	1.79649843886	1.60281282262	1.34621067182	1.29644878685	1.57322038183	1.52682130498	1.83646419043	1.79318555824	1.66778637023	1.70384228613	1.88990069116	1.47102684389	1.79803435959	1.35151451426	1.58662897535	1.44882753504	1.43789008217	1.41857496858	2.00150746254	1.98082633156	1.72554770904	1.80632147414	1.6280982842	1.64777845336	1.97605906235	1.8111260319	1.67029931368	1.67183182214	1.74189427743	1.6437999565	1.56889637989	1.71888071049	1.55554244079	1.74398208313	1.65461652006	1.82431383277
AE8	0.596854596423	0.635884229096	2.17117298212	0.956641633639	0.860064243596	0.768931986467	0.828058448526	0.773380860319	0.968084760754	0.579187984534	1.02780936684	0.689438583857	0.691359458676	1.83937230063	0.727334939584	0.57485619623	0.876024896085	0.824893977767	1.44696064766	0.935185524408	0.685013035283	0.628280173997	0.893769565007	0.798357158047	1.00144902368	0.0	0.85456658289	0.673911686805	0.631444113098	0.600128095698	0.767341353311	0.680084016433	0.890852450459	0.845360990817	1.10600704205	0.947301971967	0.966067172547	0.719375132914	0.896474132431	0.637183499275	0.735708496858	1.19525083615	1.06573895118	0.645881585307	1.11631056066	1.08322538908	1.15703737071	1.12586569357	0.946446437893	0.992808086032	1.27382779604	1.18558336878	0.913926761721	0.920388733688	0.960820836153	0.888286341228	0.724119874335	1.10273506042	0.721914470759	1.03337480909	0.738606384727	1.13499230063
AF7	0.778593871435	0.721066027066	2.39559523441	1.19422321895	1.09295406477	0.559040067666	1.18316115515	0.500650768487	0.435846442726	0.804635205413	0.476048806187	0.897350328661	0.557937486709	2.05837520058	0.756362112131	0.678135896568	0.36197558724	0.366686041566	1.84113955534	1.26896571774	0.928708376027	0.547035128081	0.340392484292	0.316293117448	1.79649843886	0.85456658289	0.0	0.270680318995	0.667921493475	0.770954195263	0.681686882552	0.56598477042	0.398363537941	0.450176892218	1.20834545674	0.962216152731	0.546020753987	0.77186579507	0.540557351377	0.877342996617	0.684200695988	1.38414637989	1.25390346544	0.775828757854	0.82739041566	0.703874804253	1.17738684389	0.993096355727	1.06559972934	1.03065492025	0.999048289029	1.07108153214	0.7687799855	0.776733122281	0.748457646206	0.765430449493	0.584435195747	1.06406732721	0.595695833736	0.991772489125	0.499315664572	0.971331304978
AF8	0.630120947318	0.649454910585	2.26251128081	1.04304286129	1.01455094248	0.553084523925	1.01611843886	0.467810671822	0.522522817786	0.694931706138	0.649222464959	0.830047264379	0.543467713871	1.92372702272	0.704390241663	0.564402692122	0.48277780087	0.452860125665	1.67097210246	1.10106846303	0.740007351377	0.368009579507	0.465324934751	0.440920328661	1.60281282262	0.673911686805	0.270680318995	0.0	0.516269893668	0.614785978734	0.635514557757	0.476560391493	0.471568284195	0.479570328661	1.16759422426	0.925980289995	0.67083537941	0.69778457709	0.552312131464	0.781176423393	0.629831029483	1.25147495408	1.12188055582	0.697264146931	0.877535258579	0.805920604157	1.17104724021	1.00314463026	1.00301304012	1.01451846786	1.01204237313	1.07452079749	0.763023146448	0.783435761237	0.770086578057	0.764395398743	0.524481227646	1.05964537458	0.534434499758	0.986814248429	0.490464722088	0.982607554374
AG7	0.691446027066	0.634215659739	1.90768770904	0.6920340116	0.866544093765	0.667688608023	0.846307104882	0.569524171097	0.736865596907	0.611918235863	0.833436930884	0.769319130014	0.639875152247	1.57243273079	0.632439864669	0.62375977767	0.771019884002	0.748143852102	1.34781852586	0.736899797003	0.554466785887	0.460026752054	0.705790845819	0.639486481392	1.34621067182	0.631444113098	0.667921493475	0.516269893668	0.0	0.189556384727	0.794470744321	0.670992237796	0.655859753504	0.686487965201	1.23670340261	0.95804300145	0.914798168197	0.48824940551	0.799457597873	0.770628550024	0.710289352344	0.969272300628	0.835447713871	0.498424538424	1.07056490092	1.01014056066	1.27963807153	1.14170695505	1.09065480425	1.09582085065	1.25860983084	1.21126958917	0.929252334461	0.942944214596	0.95202677622	0.906099618173	0.690548675689	1.17168828903	0.664914388594	1.10376031416	0.68011297245	1.15432856452
AG8	0.679139154181	0.642739284679	1.83875367327	0.639264664089	0.857535451909	0.771723252779	0.76321560174	0.676116602223	0.864342000967	0.593732290962	0.961205998067	0.770852295795	0.716568762687	1.49752648623	0.632162996617	0.650096926051	0.874689502175	0.850487931368	1.22416483809	0.64128780087	0.552426979217	0.536806906718	0.828179052682	0.75528961334	1.29644878685	0.600128095698	0.770954195263	0.614785978734	0.189556384727	0.0	0.874076959884	0.758367684872	0.788576930884	0.778966950217	1.23411097148	1.0036661044	1.00588869502	0.47446658289	0.878426616723	0.761773460609	0.78204720638	0.921968540358	0.793599961334	0.504265157081	1.16279945868	1.09893611406	1.28510635573	1.21675927018	1.09443963751	1.14455630739	1.33670592557	1.28561968101	1.01508663122	1.02083253746	1.02969790237	0.987566897052	0.769085418076	1.20049740454	0.750817182214	1.17983835186	0.765381527308	1.2236541131
AH7	0.76251881102	0.877014997583	2.45077682939	1.30644248429	1.20922752054	0.804858163364	1.14721827453	0.819077805703	0.916620004833	0.906440483325	0.842219507008	1.00835980184	0.80288459159	2.12849676655	0.998751565974	0.761686249396	0.665908018366	0.577821343644	1.73171754471	1.26665933784	0.853354997583	0.636047955534	0.702879202513	0.700175418076	1.57322038183	0.767341353311	0.681686882552	0.635514557757	0.794470744321	0.874076959884	0.0	0.257869816336	0.889032730788	0.844936486225	1.17818271145	1.02789551474	0.797267636539	0.960293924601	0.787889337844	0.943139768004	0.843628922185	1.48833437409	1.36129593523	0.939291889802	0.948210657322	0.917812725955	1.2289342001	1.07590860319	1.15510900918	1.02536895602	1.14834656839	1.13914552441	0.868139202513	0.802122063799	0.823350057999	0.812171609473	0.766450091832	1.14763688739	0.784283866602	0.986217515708	0.697530357661	1.05864431609
AH8	0.645543339778	0.740372817786	2.40794233446	1.19373880619	1.07422548574	0.67046499275	1.06151333011	0.679436640889	0.774932547124	0.784329594007	0.755619782504	0.886217380377	0.652231401643	2.07044053166	0.853435282745	0.610732508458	0.484640357661	0.393667283712	1.66326419043	1.20115333011	0.768138849686	0.502430057999	0.600395727405	0.571884180764	1.52682130498	0.680084016433	0.56598477042	0.476560391493	0.670992237796	0.758367684872	0.257869816336	0.0	0.734280198163	0.678683953601	1.1494158724	0.957666703722	0.73296878202	0.854939826003	0.646135558241	0.8156159739	0.694236147898	1.39962343644	1.27558241663	0.824129410343	0.872302319961	0.835417390043	1.12169516191	0.970072097632	1.0486257274	0.919498405027	1.04001420976	1.03138180764	0.72028022233	0.691159758337	0.71919161914	0.696013972934	0.615573827936	1.02779355727	0.629453798937	0.885676486225	0.547645683905	0.953121768971
AA5	0.874541913968	0.647102527791	2.28898018366	1.10999250846	0.992760686322	0.496757970034	1.18513046399	0.306732556791	0.234958110198	0.810167907202	0.420793368777	0.786804238763	0.587145403577	1.95905959884	0.688915403577	0.739801309811	0.470679540841	0.523203769937	1.87735225713	1.29580103915	0.909261077815	0.634357506042	0.471960043499	0.450275669406	1.83646419043	0.890852450459	0.398363537941	0.471568284195	0.655859753504	0.788576930884	0.889032730788	0.734280198163	0.0	0.24833578057	1.22741867086	0.917127211213	0.6081819913	0.646455722571	0.591896230063	0.835839120348	0.627035118415	1.23102173997	1.10938615273	0.645584997583	0.823250531658	0.672210251329	1.25084681489	1.05619202513	1.04594812953	1.07373921218	1.07999700822	1.15487662156	0.819861019816	0.841101358144	0.794017133881	0.823693794103	0.61733742871	1.14322256162	0.645770420493	1.03218284195	0.577755915901	1.05323671822
AA6	0.802274349927	0.615931097148	2.36054311745	1.12999764621	0.950282440793	0.408039676172	1.10451684872	0.309225640406	0.342807539874	0.733068704688	0.452596457226	0.741637873369	0.525408076365	2.02226661189	0.683480753987	0.675831077815	0.485706263896	0.509171256646	1.86303874819	1.2704501305	0.89043737071	0.633793122281	0.521095766071	0.465718777187	1.79318555824	0.845360990817	0.450176892218	0.479570328661	0.686487965201	0.778966950217	0.844936486225	0.678683953601	0.24833578057	0.0	1.08874856452	0.794746172064	0.52332477042	0.613935534074	0.494615094248	0.780090019333	0.509799473175	1.29546845336	1.16008602223	0.602363726438	0.624313939101	0.496835195747	1.12074333011	0.946173653939	0.921096254229	0.928222049299	0.968624262929	1.02058605123	0.698269763171	0.722035079749	0.684460811986	0.696651855969	0.563639579507	0.999441551474	0.610433334944	0.890469893668	0.480946089898	0.939258869019
AB5	1.08273888352	0.925682455292	2.54568109715	1.43410769937	0.820370241663	0.999574330594	1.16515819236	1.09974937168	1.20849896568	0.960628318028	1.2223679217	0.792993156114	1.03441436926	2.21491838569	1.04958094732	0.973277042049	1.19188263896	1.18122945868	1.85448145481	1.41743764137	1.27130058966	1.19471985984	1.36331521508	1.32307777187	1.66778637023	1.10600704205	1.20834545674	1.16759422426	1.23670340261	1.23411097148	1.17818271145	1.1494158724	1.22741867086	1.08874856452	0.0	0.386555993233	0.954080758821	1.08021605607	0.970225746738	0.855315190913	0.852901532141	1.54513958917	1.43727748671	0.984356205897	0.987030439826	0.96930318028	0.851123736104	0.920440140164	0.742466829386	0.750652663122	1.08206403093	0.935561072982	0.808346505558	0.885593562107	0.917229192847	0.844955016916	0.99190219913	0.822716901885	1.00195718221	0.802547873369	0.996229038183	0.943253127115
AB6	0.924415688739	0.72067622523	2.47381486709	1.28993495408	0.775235920735	0.710573832769	1.06547140164	0.796176752054	0.921854533591	0.792755524408	0.967291048816	0.593731768971	0.780943682939	2.13579951184	0.818761319478	0.764805253746	1.00097647656	0.994679690672	1.83633887869	1.3048081537	1.09390515708	0.917030449493	1.11227227163	1.06090057999	1.70384228613	0.947301971967	0.962216152731	0.925980289995	0.95804300145	1.0036661044	1.02789551474	0.957666703722	0.917127211213	0.794746172064	0.386555993233	0.0	0.753289270179	0.799113518608	0.785042532624	0.764654954084	0.650306795553	1.41687147414	1.29202482842	0.706333127115	0.749307042049	0.733145176414	0.781614296762	0.734416684389	0.570111561141	0.571474639923	0.902373035283	0.781209700338	0.620968559691	0.729043243113	0.756042131464	0.683371048816	0.770644340261	0.698875708072	0.783369415176	0.609003489609	0.783410657322	0.758139531174
AC5	0.931816510391	0.786566549058	2.6266081102	1.41492103432	1.02641889802	0.543899352344	1.22909336394	0.600159516675	0.579855326245	0.875728777187	0.500454432093	0.768476940551	0.738467201547	2.28916915901	0.920241445143	0.820882460126	0.524379917835	0.539844697922	1.98153265346	1.44969544224	1.13955862252	0.861186843886	0.641907641373	0.602509685839	1.88990069116	0.966067172547	0.546020753987	0.67083537941	0.914798168197	1.00588869502	0.797267636539	0.73296878202	0.6081819913	0.52332477042	0.954080758821	0.753289270179	0.0	0.81512161914	0.440978637023	0.877700792653	0.641070188497	1.59507888835	1.45607293862	0.787362725955	0.539921928468	0.426797916868	0.942563702272	0.759518656356	0.859398714355	0.789104480425	0.766792252296	0.817431913968	0.579456302562	0.556677356211	0.515593856936	0.564968641856	0.729642455292	0.841690971484	0.765365345578	0.726594548091	0.599644142098	0.739230309328
AC6	0.784664673755	0.5098739971	1.97767025133	0.775297056549	0.707457887869	0.658069101015	0.689342774287	0.531287718705	0.755481034316	0.464267825036	0.857600971484	0.621748844853	0.606604432093	1.63923138714	0.477301585307	0.638893707105	0.820300444659	0.837197849203	1.46068863702	0.883693745771	0.748650333494	0.684921377477	0.857527810536	0.785911430643	1.47102684389	0.719375132914	0.77186579507	0.69778457709	0.48824940551	0.47446658289	0.960293924601	0.854939826003	0.646455722571	0.613935534074	1.08021605607	0.799113518608	0.81512161914	0.0	0.784966259062	0.630939782504	0.611497665539	0.817039995167	0.674227646206	0.300945050749	1.0257280522	0.936321855969	1.1409459014	1.07555063799	0.933873537941	0.994101034316	1.18976197197	1.13150701788	0.888912450459	0.911709666506	0.931351319478	0.877184615756	0.638717433543	1.03844344611	0.650675229579	1.02003723055	0.684390565491	1.08512649589
AD6	0.755351435476	0.620006510391	2.53094366361	1.25284858386	0.888008516191	0.410337293378	1.13418686805	0.442574644756	0.55073622523	0.765713987434	0.51170818753	0.683786317061	0.577024736588	2.1927921653	0.775082672789	0.658137327211	0.494538245529	0.499363943934	1.86714863219	1.36773336394	1.03961695022	0.771516442726	0.661062527791	0.602703276945	1.79803435959	0.896474132431	0.540557351377	0.552312131464	0.799457597873	0.878426616723	0.787889337844	0.646135558241	0.591896230063	0.494615094248	0.970225746738	0.785042532624	0.440978637023	0.784966259062	0.0	0.716429260512	0.408064282262	1.48558434993	1.3551042291	0.73905222813	0.665221087482	0.60563038666	0.836177902368	0.657942580957	0.819824910585	0.705006007733	0.686412890285	0.740659608507	0.488627641373	0.474574021266	0.450783436443	0.448681981634	0.549124001933	0.731628902852	0.583092537458	0.675535872402	0.416058458192	0.65944980667
AE5	0.547836906718	0.451989913001	2.28544927018	1.0076162494	0.659166843886	0.738126930884	0.785753702272	0.679769917835	0.928658013533	0.487731715805	0.979449937168	0.533231546641	0.62028417593	1.94417280329	0.57145741421	0.474723649106	0.842947042049	0.830634422426	1.46522069599	1.033230261	0.931133876269	0.82666500725	1.02157434026	0.928458579024	1.35151451426	0.637183499275	0.877342996617	0.781176423393	0.770628550024	0.761773460609	0.943139768004	0.8156159739	0.835839120348	0.780090019333	0.855315190913	0.764654954084	0.877700792653	0.630939782504	0.716429260512	0.0	0.379212904785	1.1779062059	1.04461269696	0.546376694055	1.07905833253	1.05050532141	0.895893407443	0.853822783954	0.788321266312	0.73033038666	1.00863936684	0.91053439826	0.647176979217	0.677536573224	0.74097962784	0.620634045433	0.524832373127	0.819150062832	0.533951019816	0.795121140648	0.632556486225	0.874108182697
AE6	0.59677662639	0.405269893668	2.39177751571	1.11094861286	0.719576665056	0.49085878202	0.917464712421	0.47950860319	0.649235596907	0.567113736104	0.707608670855	0.525637298212	0.449205094248	2.0495722813	0.571101155147	0.468471150314	0.654621918801	0.661723508942	1.65711735138	1.17627090865	0.938952870952	0.71183861769	0.842230125665	0.761541246979	1.58662897535	0.735708496858	0.684200695988	0.629831029483	0.710289352344	0.78204720638	0.843628922185	0.694236147898	0.627035118415	0.509799473175	0.852901532141	0.650306795553	0.641070188497	0.611497665539	0.408064282262	0.379212904785	0.0	1.30168840986	1.16614646206	0.538925664572	0.820196834219	0.769264180764	0.835417525375	0.703284146931	0.681305016916	0.631131507975	0.840771643306	0.761008037699	0.475022431126	0.475798960851	0.523445640406	0.454144717255	0.391012179797	0.724051793137	0.422139313678	0.631702870952	0.435273499275	0.722159521508
AF5	1.27343057516	1.13904770904	1.32769419043	0.551231725471	1.10019225713	1.35975920735	0.858061706138	1.20348143064	1.32309867086	1.02559588207	1.48375810536	1.1912861044	1.24997971	0.992695045916	1.0208878637	1.21745302562	1.469190261	1.46766931851	0.996877477042	0.690744519091	1.17719107298	1.19392167231	1.40622951667	1.36363256646	1.44882753504	1.19525083615	1.38414637989	1.25147495408	0.969272300628	0.921968540358	1.48833437409	1.39962343644	1.23102173997	1.29546845336	1.54513958917	1.41687147414	1.59507888835	0.817039995167	1.48558434993	1.1779062059	1.30168840986	0.0	0.192322885452	0.957881005317	1.72504187047	1.6500437941	1.7038438376	1.65401451909	1.51092012566	1.58982778637	1.78206667472	1.73046645239	1.53071624456	1.56998606573	1.59094009183	1.52939347511	1.25707559207	1.63263874335	1.24246437893	1.63026800387	1.36138443209	1.66666736104
AF6	1.14268063316	1.00649862736	1.44152701305	0.470141155147	0.99063077332	1.22553650556	0.738122919285	1.06849191397	1.21213701305	0.893500459159	1.35696920735	1.07632691155	1.12880732238	1.10825509908	0.89869717738	1.08534488159	1.34664851619	1.34289964717	1.03937727888	0.607036036733	1.06385131948	1.0698157999	1.27985244079	1.23385566457	1.43789008217	1.06573895118	1.25390346544	1.12188055582	0.835447713871	0.793599961334	1.36129593523	1.27558241663	1.10938615273	1.16008602223	1.43727748671	1.29202482842	1.45607293862	0.674227646206	1.3551042291	1.04461269696	1.16614646206	0.192322885452	0.0	0.823427390043	1.59089903335	1.51183453842	1.59779307395	1.54269521025	1.4066982262	1.48454555824	1.66435219913	1.62488157564	1.40048161431	1.44058935718	1.46111325278	1.39771371194	1.12693675689	1.52798460609	1.11271949251	1.51484143548	1.22608653456	1.5591100435
AG5	0.704820019333	0.417741358144	2.08522123731	0.856804050266	0.607802281295	0.605563189947	0.725621097148	0.524880473659	0.749202663122	0.427829743838	0.829947965201	0.495551739971	0.55886921218	1.74566256646	0.429954185597	0.556657269212	0.805669826003	0.812803586274	1.49197113581	0.912697704205	0.72532482842	0.678190323828	0.900240575157	0.826520724988	1.41857496858	0.645881585307	0.775828757854	0.697264146931	0.498424538424	0.504265157081	0.939291889802	0.824129410343	0.645584997583	0.602363726438	0.984356205897	0.706333127115	0.787362725955	0.300945050749	0.73905222813	0.546376694055	0.538925664572	0.957881005317	0.823427390043	0.0	0.972237781537	0.913552725955	1.03120684389	0.989329289512	0.824398482359	0.876286481392	1.12219646689	1.04001929918	0.766855239246	0.803102672789	0.832628675689	0.754972875785	0.597229163847	0.945593272112	0.605464456259	0.899048197197	0.608135219913	0.999136331561
