	AA3	AA4	AB3	AB4	AC3	AC4	AD3	AD4	AE3	AE4	AF3	AF4	AG3	AG4	AH3	AH4	AA7	AA8	AB7	AB8	AC7	AC8	AD7	AD8	AE7	AE8	AF7	AF8	AG7	AG8	AH7	AH8	AA5	AA6	AB5	AB6	AC5	AC6	AD6	AE5	AE6	AF5	AF6	AG5	AH5	AH6	AA1	AA2	AB1	AB2	AC1	AC2	AD1	AD2	AE1	AE2	AF1	AF2	AG1	AG2	AH1	AH2
AA3	0.0	0.546294958917	2.27207897052	0.968854702755	0.821327138714	0.725965442243	0.968787100048	0.738214311261	0.888421957467	0.660924325761	0.950199695505	0.738354552924	0.703035181247	1.93306612856	0.735268545191	0.260242305462	0.759060082165	0.754264842919	1.46470645239	1.07717017883	0.839712576124	0.643833383277	0.875097520541	0.821262658289	1.37715615756	0.596387515708	0.778724490092	0.618230637989	0.727409115515	0.699651875302	0.751239787337	0.627474132431	0.861278245529	0.780939743838	1.07230873369	0.856198743354	0.961600642823	0.796920758821	0.760018999517	0.577786413726	0.558371309811	1.26563371677	1.16304775254	0.691576810053	1.10769681972	1.02168273562	0.967739695505	0.905102856452	0.883795074915	0.860504209763	1.0544062349	0.946301754471	0.622763827936	0.680270357661	0.728807375544	0.670275331078	0.509246974384	0.880590739488	0.490047675205	0.866326863219	0.664524180764	0.92405319478
AA4	0.546294958917	0.0	2.24345293378	0.904039028516	0.582742348961	0.546029980667	0.942590546158	0.485853784437	0.667431938134	0.576668970517	0.788275369744	0.42553582407	0.437179149348	1.90052993233	0.311447999033	0.349907675205	0.662051145481	0.653543716771	1.54952732721	1.08348286612	0.895178438859	0.632897602707	0.849955253746	0.815094562591	1.49709169647	0.592207617206	0.702776065732	0.607308806187	0.65642922668	0.700722097632	0.88830621073	0.724335548574	0.643015060416	0.585336143064	0.914215543741	0.611286897052	0.762878492025	0.524063412276	0.57511778637	0.569980125665	0.397648453359	1.17683558724	1.06027609957	0.48019638956	0.944070454326	0.80252081682	0.926158472692	0.772090004833	0.72003557274	0.763747955534	0.937275103915	0.853338376027	0.573778052199	0.60739499275	0.643277762204	0.623053218946	0.464426254229	0.793793721605	0.44667038666	0.720221677139	0.50103319478	0.776240188497
AB3	2.27207897052	2.24345293378	0.0	1.45020768004	2.16562872885	2.35528698405	1.85355623973	2.23987764137	2.32150931851	2.09397103915	2.51591856936	2.27751668439	2.32063877235	0.390800691155	2.11922161914	2.25445589174	2.47224798453	2.48908954567	1.16318557757	1.45332265346	1.94621353794	2.15935552441	2.38376849686	2.3688377622	1.89919429676	2.14893962301	2.39348809087	2.24369456742	1.8704080377	1.81039527308	2.42809845819	2.38639493958	2.28825830836	2.34890047366	2.52363234413	2.4248800145	2.60373482842	1.98562079265	2.49723462542	2.27946238763	2.37995558724	1.31874738038	1.41209660222	2.06541886419	2.72388944901	2.61368958434	2.65573939101	2.65839684872	2.46521844369	2.63732573224	2.75865304495	2.7078621943	2.53920193813	2.57225729338	2.59073980184	2.57463343161	2.28418652489	2.65290874335	2.27406063316	2.62318260512	2.39990698888	2.67295542291
AB4	0.968854702755	0.904039028516	1.45020768004	0.0	0.90926698405	1.03251137748	0.780031527308	0.959718206863	1.1601742146	0.820026578057	1.2544041131	0.968754659256	0.905831005317	1.09079251812	0.828208690188	0.913035693572	1.17258967134	1.19241834703	0.978999569841	0.510918888352	0.904330836153	0.894078235863	1.149769884	1.10774251329	1.27246969067	0.880753721605	1.15974294345	0.981731894635	0.637359719671	0.586667293378	1.24423753504	1.1167937071	1.11051901885	1.1066877767	1.36144152247	1.1946478492	1.37278602707	0.760254330594	1.17384802803	0.962953363944	1.0503662929	0.574168090865	0.500152063799	0.807434055099	1.48677086515	1.3628677042	1.44702511841	1.38858505075	1.24896039149	1.39265904785	1.5264777187	1.46719045433	1.2246621653	1.26544218946	1.30772116965	1.27463391977	0.987252841953	1.4141120348	0.972892769454	1.34955009183	1.08107315128	1.39861694538
AC3	0.821327138714	0.582742348961	2.16562872885	0.90926698405	0.0	0.757767090382	0.916794586757	0.788857960367	0.955134432093	0.668091184147	1.06575723538	0.341244088932	0.7684039826	1.82919144998	0.643643475109	0.704483450942	0.933932730788	0.926751507975	1.41734106332	1.03923371194	1.03227578057	0.944203102948	1.19342737554	1.16416820203	1.31279478975	0.771392054132	1.04923247946	0.9464539971	0.851293943934	0.8354020203	1.1617600435	1.00352724505	0.977567926535	0.933253948768	0.847571735138	0.72850759304	1.01518110198	0.657015427743	0.832161150314	0.640684059932	0.684675268246	1.12409699855	1.02581004833	0.573424296762	1.19950357177	1.07895001933	0.885590778154	0.911703267279	0.690958047366	0.884089540841	1.06824352344	0.947048893185	0.715387738038	0.797396568391	0.845740555824	0.767467380377	0.77552439826	0.881606259062	0.741783436443	0.884546191397	0.828904349927	0.934754243596
AC4	0.725965442243	0.546029980667	2.35528698405	1.03251137748	0.757767090382	0.0	1.14820421943	0.351111237313	0.480656147898	0.742828869019	0.412893769937	0.535769072015	0.450819202513	2.01316504592	0.661654084099	0.617460778154	0.54244759304	0.495395669406	1.77339849686	1.28381365877	0.887378762687	0.588836505558	0.628092484292	0.597604533591	1.67436708072	0.714404789754	0.560882218463	0.540663523441	0.656631657806	0.759227438376	0.785007278879	0.589134287095	0.474736012566	0.398586317061	1.01821323828	0.714526118898	0.617714794587	0.584026297728	0.43918242146	0.751731121315	0.485455302078	1.30643683905	1.1906122958	0.55272022233	0.757183344611	0.645144775254	1.08584659739	0.866614001933	0.858976727888	0.893179231513	0.93804738521	0.98425760754	0.6401679942	0.666307902368	0.687523721605	0.642392740454	0.631020227163	0.951324021266	0.651971493475	0.784922310295	0.400006201063	0.85671319478
AD3	0.968787100048	0.942590546158	1.85355623973	0.780031527308	0.916794586757	1.14820421943	0.0	1.00792411793	1.35102835186	0.508237873369	1.43496139198	1.01152505558	1.14277608507	1.51148112615	0.875532909618	0.953590072499	1.27941433543	1.28314901402	1.28021875302	0.795028791687	0.921619270179	1.00193341711	1.36139762204	1.30663079265	1.20582362494	0.918638801353	1.28858426293	1.1194782117	0.935130260996	0.850771097148	1.23121469792	1.14523218463	1.3053880522	1.20770243596	1.22861670372	1.07158687772	1.37040696955	0.807096723055	1.22866428226	0.85311717738	1.02328278879	0.804746945384	0.748829023683	0.812522295795	1.51195576124	1.39813302562	1.39262058966	1.38129201547	1.14431711938	1.29565586274	1.53843769454	1.44644654422	1.18960996133	1.26229583374	1.29128647173	1.25510563074	1.01450957951	1.34685105365	0.995905611406	1.2675459884	1.20514279362	1.40128936201
AD4	0.738214311261	0.485853784437	2.23987764137	0.959718206863	0.788857960367	0.351111237313	1.00792411793	0.0	0.385136394393	0.570618434026	0.554210971484	0.617634180764	0.495244156597	1.89893676655	0.545298429193	0.573603847269	0.561784852586	0.522759270179	1.7307819043	1.23906529241	0.838672948284	0.531352991783	0.564866882552	0.538149178347	1.69650877719	0.689593784437	0.519307713871	0.459214664089	0.534471275979	0.687263218946	0.795516486225	0.592864142098	0.367844910585	0.360438753021	1.10592104398	0.777056447559	0.632077680039	0.502311580474	0.466778434026	0.726621391977	0.496428231029	1.16811682455	1.05440744804	0.512881222813	0.759259038183	0.656030425326	1.13749978734	0.914643325278	0.946472083132	0.986588757854	0.966823107782	1.04437026583	0.715858322861	0.677257293378	0.683316022233	0.706864925085	0.567685094248	1.01265556791	0.596946839053	0.876266771387	0.436279623006	0.900623871435
AE3	0.888421957467	0.667431938134	2.32150931851	1.1601742146	0.955134432093	0.480656147898	1.35102835186	0.385136394393	0.0	0.908966147898	0.373905055582	0.775994122765	0.600740628323	1.99126694538	0.729982373127	0.79645479942	0.560909444176	0.518035761237	1.9203180667	1.44967763654	0.999323040116	0.700401952634	0.445561169647	0.456304403093	1.91883950701	0.919601440309	0.443568641856	0.550157670372	0.716342034799	0.885618211696	0.913677820203	0.712807950701	0.208396510391	0.334350845819	1.20441266312	0.901927680039	0.537514973417	0.723121662639	0.534515853069	1.00422584824	0.682480004833	1.29583522958	1.20820559207	0.748252551957	0.741972880619	0.641652455292	1.25943159014	1.02455380377	1.09987173514	1.11732278395	1.05759117931	1.15758878685	0.831069052682	0.794285500242	0.794273934268	0.824604296762	0.742486060899	1.13825609957	0.786679424843	1.0000579072	0.554405722571	1.01136287579
AE4	0.660924325761	0.576668970517	2.09397103915	0.820026578057	0.668091184147	0.742828869019	0.508237873369	0.570618434026	0.908966147898	0.0	1.01884933784	0.64792959884	0.762675070082	1.75216380377	0.53761937651	0.583182861286	0.871412663122	0.875792348961	1.45781726438	0.963617124215	0.741302150797	0.637745326245	0.940533020783	0.893379415176	1.35960687289	0.557565326245	0.856568313195	0.712653832769	0.588282682455	0.593812286129	0.92175818753	0.792898786854	0.872397554374	0.785110642823	0.991286930884	0.772854407927	0.945256993717	0.512191048816	0.818595582407	0.55163419043	0.629032116965	0.983394166264	0.868440459159	0.47993777187	1.12832855002	1.00455708555	1.0835719188	1.0539738521	0.868934422426	1.00411852102	1.22122667472	1.12152449493	0.849372938618	0.874243992267	0.890181261479	0.886677926535	0.63533919768	1.02733411793	0.618341474142	0.961211237313	0.787428690188	1.06516960367
AF3	0.950199695505	0.788275369744	2.51591856936	1.2544041131	1.06575723538	0.412893769937	1.43496139198	0.554210971484	0.373905055582	1.01884933784	0.0	0.847460695988	0.66718561624	2.17792652006	0.902603301112	0.866676645723	0.522147008217	0.448058612856	2.00403073949	1.5236242001	1.07904695505	0.806889086515	0.401896297728	0.409492348961	1.98855055582	1.00178422426	0.471996172064	0.693828815853	0.857695500242	0.991578801353	0.840472290962	0.684298226196	0.443125761237	0.469773446109	1.2041842726	0.950905804737	0.449435244079	0.84520221363	0.479035041083	1.05397142581	0.72581561624	1.49984276945	1.39656956501	0.856110637989	0.654092271629	0.578689574674	1.22699509908	0.980103228613	1.1388740841	1.06547668439	1.01719946351	1.08971245046	0.798492658289	0.738280628323	0.744439521508	0.753411101982	0.86834722088	1.08415224263	0.905311788304	0.951666665056	0.54670680522	0.962216863219
AF4	0.738354552924	0.42553582407	2.27751668439	0.968754659256	0.341244088932	0.535769072015	1.01152505558	0.617634180764	0.775994122765	0.64792959884	0.847460695988	0.0	0.587464185597	1.93568779604	0.552540575157	0.588764117931	0.800281836636	0.783189120348	1.59930543258	1.11269765587	0.963334920251	0.773719101015	1.02360131464	0.988373344611	1.47786119865	0.640834499758	0.881469366844	0.791890072499	0.777276534558	0.765703276945	1.01730151281	0.867379386177	0.798404146931	0.748636433059	0.786818443693	0.521829081682	0.779126834219	0.605278714355	0.676852411793	0.633361159981	0.562611169647	1.21402449976	1.11255357661	0.496439154181	0.95887558724	0.836396737554	0.83078041566	0.744679574674	0.602727733204	0.719568661189	0.922252435959	0.80856077332	0.564401841469	0.641778878685	0.706815915901	0.627258545191	0.661520947318	0.746896118898	0.636125166747	0.703906336394	0.658747588207	0.759494533591
AG3	0.703035181247	0.437179149348	2.32063877235	0.905831005317	0.7684039826	0.450819202513	1.14277608507	0.495244156597	0.600740628323	0.762675070082	0.66718561624	0.587464185597	0.0	1.95999218463	0.481740749154	0.555286350894	0.53829521508	0.525380932818	1.72275327211	1.24214257612	0.954880565491	0.624100106332	0.701880860319	0.69067982117	1.62734621556	0.690230314161	0.590898211696	0.560249685839	0.677202131464	0.766009270179	0.828705679072	0.643563107782	0.586291058482	0.52534442726	1.0156382987	0.741133383277	0.714011184147	0.62105081682	0.504966930884	0.739898221363	0.459831652972	1.28399755921	1.17157027066	0.600153102948	0.873033363944	0.738818767521	0.999405490575	0.764340251329	0.846284852586	0.849317138714	0.906171623973	0.902214809087	0.581467100048	0.602639478009	0.654269091348	0.603061077815	0.505701836636	0.891899057516	0.524459125181	0.752933093282	0.389497999033	0.76784217013
AG4	1.93306612856	1.90052993233	0.390800691155	1.09079251812	1.82919144998	2.01316504592	1.51148112615	1.89893676655	1.99126694538	1.75216380377	2.17792652006	1.93568779604	1.95999218463	0.0	1.78268113098	1.91111800387	2.13838489609	2.15343700338	0.911206558724	1.12673521508	1.61185089415	1.82033525858	2.05049449493	2.03281998067	1.63631536491	1.81468876269	2.05697046399	1.90563565491	1.54253871435	1.48084930401	2.10984071532	2.04789061382	1.95518295312	2.00867000967	2.19526453842	2.08704110198	2.27095400193	1.65272502175	2.15478363944	1.93974283712	2.03878396327	0.999195553407	1.09164044466	1.7300221653	2.38439464476	2.27277301112	2.31354918801	2.31439810053	2.12326968101	2.29149272595	2.42079828903	2.36649317061	2.19839199613	2.23012073949	2.25466966651	2.22976443693	1.94576407443	2.31267341711	1.93443727405	2.28032492025	2.05941318028	2.32978125665
AH3	0.735268545191	0.311447999033	2.11922161914	0.828208690188	0.643643475109	0.661654084099	0.875532909618	0.545298429193	0.729982373127	0.53761937651	0.902603301112	0.552540575157	0.481740749154	1.78268113098	0.0	0.528595036249	0.73152098115	0.741406167231	1.52537229096	1.05681439343	0.86400362494	0.682050106332	0.86837301595	0.85354439826	1.49455191397	0.682603233446	0.764013924601	0.67971260029	0.609055079749	0.64762618173	0.982534016433	0.819731599807	0.680359453842	0.660551623973	1.03179457226	0.732607172547	0.886530695988	0.459942469792	0.713018883519	0.642467670372	0.556923837603	1.03035441276	0.91384	0.447710826486	1.07980746254	0.931054354761	1.06810008217	0.907016360561	0.863919540841	0.92969279362	1.04994562591	1.00937185597	0.757215688739	0.793507361044	0.805416133398	0.809600086999	0.525133605607	0.958547694538	0.508508960851	0.876633823103	0.612671623973	0.907588496858
AH4	0.260242305462	0.349907675205	2.25445589174	0.913035693572	0.704483450942	0.617460778154	0.953590072499	0.573603847269	0.79645479942	0.583182861286	0.866676645723	0.588764117931	0.555286350894	1.91111800387	0.528595036249	0.0	0.653203325278	0.658466046399	1.46133630739	1.0485538376	0.851531546641	0.600221430643	0.8077239826	0.763536370227	1.42072689222	0.539760753987	0.701373020783	0.569820918318	0.654413238279	0.661564726921	0.771638699855	0.622684731754	0.75475139681	0.672881130981	0.991684543258	0.73831459159	0.845115717738	0.650540106332	0.632305442243	0.500411986467	0.416646868052	1.21326357177	1.10347931851	0.558254504592	1.01305965684	0.906435693572	0.944640695988	0.832310923151	0.802510845819	0.804980144998	0.979036698888	0.897824156597	0.574116573224	0.614011000483	0.663226578057	0.613519608507	0.3931780087	0.830021793137	0.369846674722	0.780154282262	0.560007723538	0.84516297245
AA7	0.759060082165	0.662051145481	2.47224798453	1.17258967134	0.933932730788	0.54244759304	1.27941433543	0.561784852586	0.560909444176	0.871412663122	0.522147008217	0.800281836636	0.53829521508	2.13838489609	0.73152098115	0.653203325278	0.0	0.137094862252	1.7792238666	1.34046478009	0.997475287579	0.664347559207	0.479972924118	0.476126829386	1.74655091348	0.804701353311	0.384736036733	0.434965355244	0.758494678589	0.875846795553	0.651894823586	0.401044896085	0.52881020783	0.500764649589	1.18779217013	0.957145166747	0.569471058482	0.847545045916	0.455770894152	0.897844069599	0.647537230546	1.44928507975	1.3429460464	0.795777868536	0.789915538908	0.632271527308	1.11058830353	0.8761099855	1.07345969067	1.00312135331	0.913164055099	0.977152817786	0.690518893185	0.638502290962	0.647236205897	0.650891314645	0.56162022233	0.972050396327	0.582605418076	0.909770753987	0.434152402127	0.866625128081
AA8	0.754264842919	0.653543716771	2.48908954567	1.19241834703	0.926751507975	0.495395669406	1.28314901402	0.522759270179	0.518035761237	0.875792348961	0.448058612856	0.783189120348	0.525380932818	2.15343700338	0.741406167231	0.658466046399	0.137094862252	0.0	1.7985437651	1.34912413726	0.981343170614	0.64841838086	0.448312068632	0.446105335911	1.75359366361	0.806907854036	0.353771005317	0.438207902368	0.763239855002	0.877800120831	0.608054954084	0.36772959884	0.500738168197	0.466625930401	1.15482278879	0.924514615756	0.505482643789	0.821227235379	0.434651633639	0.877632174964	0.623937960367	1.46889948768	1.36169308845	0.753148999517	0.731834306428	0.591713977767	1.09016087482	0.858967351377	1.04913110198	0.974715123248	0.898240550991	0.960326336394	0.671825751571	0.614055770904	0.622514441759	0.614982426293	0.609736273562	0.957759729338	0.634051532141	0.877923769937	0.405035529241	0.854241063316
AB7	1.46470645239	1.54952732721	1.16318557757	0.978999569841	1.41734106332	1.77339849686	1.28021875302	1.7307819043	1.9203180667	1.45781726438	2.00403073949	1.59930543258	1.72275327211	0.911206558724	1.52537229096	1.46133630739	1.7792238666	1.7985437651	0.0	0.557111169647	1.49715751087	1.55399804737	1.88806171097	1.84886855002	1.08932113098	1.42374138231	1.81840761721	1.60771951667	1.33085431126	1.19400053166	1.70524814403	1.65065364427	1.8558278782	1.84090521991	1.8453518898	1.77138263412	1.98495005317	1.46220522958	1.83614768487	1.48834897052	1.62609487192	0.980916660222	1.01124652006	1.47030848236	2.14748920735	2.03996535041	1.91274609957	1.93847820203	1.74233430643	1.87287794103	2.05585287095	1.97892287095	1.77873130498	1.8085858579	1.83849428226	1.80787523925	1.58013099082	1.91098137748	1.56116081682	1.88090478975	1.7612440696	1.96367326728
AB8	1.07717017883	1.08348286612	1.45332265346	0.510918888352	1.03923371194	1.28381365877	0.795028791687	1.23906529241	1.44967763654	0.963617124215	1.5236242001	1.11269765587	1.24214257612	1.12673521508	1.05681439343	1.0485538376	1.34046478009	1.34912413726	0.557111169647	0.0	1.01743093282	1.06098112615	1.40715155631	1.36213327211	1.12171552924	0.966487902368	1.33488040116	1.13102131948	0.826389772837	0.702184973417	1.28607570807	1.22186633156	1.38886585307	1.34880234413	1.40227934751	1.2883698115	1.49816515708	0.978089729338	1.37941836153	1.06254424843	1.20064373127	0.703752527791	0.685377941034	0.974209956501	1.67021377477	1.55260774287	1.55655681489	1.52323443693	1.33532775737	1.4534978202	1.65658866119	1.58419974384	1.38257556307	1.39978460609	1.43318471725	1.40357318511	1.16408409377	1.51347389077	1.14824317061	1.46017834703	1.28267127598	1.54067724505
AC7	0.839712576124	0.895178438859	1.94621353794	0.904330836153	1.03227578057	0.887378762687	0.921619270179	0.838672948284	0.999323040116	0.741302150797	1.07904695505	0.963334920251	0.954880565491	1.61185089415	0.86400362494	0.851531546641	0.997475287579	0.981343170614	1.49715751087	1.01743093282	0.0	0.453373528275	0.978447409377	0.918008893185	1.4130340986	0.726194262929	0.968895248913	0.781936863219	0.591908042533	0.580971353311	0.889435234413	0.812267462542	0.938991691638	0.886499028516	1.29557630256	1.09059294345	1.19374362011	0.79403459159	1.04632798937	0.992830405993	0.961980463992	1.15480683422	1.0867560464	0.7436719768	1.14457167714	1.06116564524	1.48163146931	1.40394390043	1.24114471242	1.32879284195	1.54778967617	1.48807749154	1.1154659159	1.18034779604	1.20870740454	1.16832248429	0.918282817786	1.41413983567	0.898959826003	1.26469657806	0.938202054132	1.41010267762
AC8	0.643833383277	0.632897602707	2.15935552441	0.894078235863	0.944203102948	0.588836505558	1.00193341711	0.531352991783	0.700401952634	0.637745326245	0.806889086515	0.773719101015	0.624100106332	1.82033525858	0.682050106332	0.600221430643	0.664347559207	0.64841838086	1.55399804737	1.06098112615	0.453373528275	0.0	0.664000686322	0.622141947801	1.49079235379	0.591416868052	0.560942078299	0.369323421943	0.431791710971	0.548355263412	0.651175413243	0.498866694055	0.64184262929	0.581393378444	1.13191489609	0.827797781537	0.854932073465	0.657490420493	0.692335998067	0.801870043499	0.644805505075	1.16651070565	1.05860344611	0.625233779604	0.897553131948	0.793472000967	1.27859286612	1.06543932334	1.04568695022	1.06653106815	1.19710114548	1.18030977284	0.802859618173	0.833599565007	0.862991304978	0.838452174964	0.568441662639	1.13814075882	0.595934504592	0.948673199613	0.584558318028	1.07176442243
AD7	0.875097520541	0.849955253746	2.38376849686	1.149769884	1.19342737554	0.628092484292	1.36139762204	0.564866882552	0.445561169647	0.940533020783	0.401896297728	1.02360131464	0.701880860319	2.05049449493	0.86837301595	0.8077239826	0.479972924118	0.448312068632	1.88806171097	1.40715155631	0.978447409377	0.664000686322	0.0	0.152325350411	1.88041246979	0.853882687289	0.338642503625	0.505730111165	0.701241532141	0.844144311261	0.726656041566	0.550126723055	0.45486182697	0.508880318995	1.36132052199	1.09736071049	0.611553252779	0.879837834703	0.61239358144	1.05834328661	0.818392899952	1.37007493958	1.26763691155	0.901532619623	0.805189091348	0.702585911068	1.35184715321	1.1171658869	1.2857038086	1.22856105365	1.14593829386	1.24079888835	0.95907580957	0.86714279362	0.861057394877	0.903102131464	0.757492131464	1.23220130014	0.794890618656	1.11281151764	0.585917931368	1.10094479942
AD8	0.821262658289	0.815094562591	2.3688377622	1.10774251329	1.16416820203	0.597604533591	1.30663079265	0.538149178347	0.456304403093	0.893379415176	0.409492348961	0.988373344611	0.69067982117	2.03281998067	0.85354439826	0.763536370227	0.476126829386	0.446105335911	1.84886855002	1.36213327211	0.918008893185	0.622141947801	0.152325350411	0.0	1.78656526341	0.767855896568	0.323451846303	0.47607638956	0.668729250846	0.787085224746	0.688260338328	0.503560850652	0.468885611406	0.491284180764	1.35048873369	1.07913534074	0.599845476075	0.862184973417	0.59697840986	1.01551936684	0.78054641856	1.35549557274	1.25137692605	0.871170130498	0.787101266312	0.686741111648	1.33747037699	1.10625313195	1.25628878202	1.19723832286	1.1431479072	1.23200542774	0.931262832286	0.846890976317	0.849964407927	0.881715514741	0.739660758821	1.2132542001	0.776551406477	1.08415064282	0.562489884002	1.08846671822
AE7	1.37715615756	1.49709169647	1.89919429676	1.27246969067	1.31279478975	1.67436708072	1.20582362494	1.69650877719	1.91883950701	1.35960687289	1.98855055582	1.47786119865	1.62734621556	1.63631536491	1.49455191397	1.42072689222	1.74655091348	1.75359366361	1.08932113098	1.12171552924	1.4130340986	1.49079235379	1.88041246979	1.78656526341	0.0	1.05826037699	1.81612357661	1.59364382794	1.38652898502	1.27870432093	1.56803019333	1.55688549541	1.86821838569	1.81446287095	1.68337303045	1.67457520058	1.94937733204	1.50266405027	1.80904086999	1.32224684389	1.59395892218	1.47345688255	1.44872478975	1.43270763171	2.04578807637	1.94075313195	1.72066807153	1.79745864669	1.54981465442	1.67738917351	1.96545753987	1.81439838569	1.63766841469	1.68924086032	1.72116642339	1.68059355727	1.54117276945	1.74494707105	1.50690463509	1.73495681489	1.72484355727	1.82971927985
AE8	0.596387515708	0.592207617206	2.14893962301	0.880753721605	0.771392054132	0.714404789754	0.918638801353	0.689593784437	0.919601440309	0.557565326245	1.00178422426	0.640834499758	0.690230314161	1.81468876269	0.682603233446	0.539760753987	0.804701353311	0.806907854036	1.42374138231	0.966487902368	0.726194262929	0.591416868052	0.853882687289	0.767855896568	1.05826037699	0.0	0.816401585307	0.641696462059	0.611083658772	0.541773649106	0.790624586757	0.689880198163	0.868820009667	0.81901640406	1.08508064766	0.861230976317	0.963184794587	0.667745712905	0.841443025616	0.624809289512	0.671868878685	1.16281461092	1.05355419526	0.602546239729	1.11576246013	1.01252788304	1.12338814886	1.04808317061	0.914809308845	1.00036044466	1.20886280812	1.1340582987	0.840931952634	0.851275041083	0.890495732238	0.860836911551	0.672802368294	1.07312659739	0.648444876752	0.954038864186	0.742043895602	1.06469195263
AF7	0.778724490092	0.702776065732	2.39348809087	1.15974294345	1.04923247946	0.560882218463	1.28858426293	0.519307713871	0.443568641856	0.856568313195	0.471996172064	0.881469366844	0.590898211696	2.05697046399	0.764013924601	0.701373020783	0.384736036733	0.353771005317	1.81840761721	1.33488040116	0.968895248913	0.560942078299	0.338642503625	0.323451846303	1.81612357661	0.816401585307	0.0	0.304576317061	0.68394759304	0.816801768971	0.682383890768	0.509356360561	0.421673243113	0.461327472209	1.19351419043	0.928018970517	0.515496810053	0.795959362011	0.516335901402	0.944180889319	0.671896447559	1.38413381827	1.27633279362	0.771417501208	0.775937153214	0.680429507008	1.20659947801	0.985641111648	1.13018753021	1.08482782987	1.01239531658	1.09949035283	0.799476795553	0.746780947318	0.753482054132	0.7779200145	0.619886698888	1.07696318511	0.654310840986	0.965428907685	0.451212025133	0.967414881585
AF8	0.618230637989	0.607308806187	2.24369456742	0.981731894635	0.9464539971	0.540663523441	1.1194782117	0.459214664089	0.550157670372	0.712653832769	0.693828815853	0.791890072499	0.560249685839	1.90563565491	0.67971260029	0.569820918318	0.434965355244	0.438207902368	1.60771951667	1.13102131948	0.781936863219	0.369323421943	0.505730111165	0.47607638956	1.59364382794	0.641696462059	0.304576317061	0.0	0.524093914935	0.649039913001	0.618286481392	0.408735287579	0.501517680039	0.488910749154	1.15041214113	0.893852977284	0.686325123248	0.724664088932	0.504594809087	0.814553726438	0.602309719671	1.23706730304	1.1236777332	0.697648308362	0.88653561624	0.762288482359	1.17236515225	0.954201101982	1.04127413243	1.04634117931	0.989272290962	1.0742922088	0.766492484292	0.729583721605	0.740833885935	0.757990280329	0.494847211213	1.04961749154	0.532482247463	0.940555094248	0.429006428226	0.937994349927
AG7	0.727409115515	0.65642922668	1.8704080377	0.637359719671	0.851293943934	0.656631657806	0.935130260996	0.534471275979	0.716342034799	0.588282682455	0.857695500242	0.777276534558	0.677202131464	1.54253871435	0.609055079749	0.654413238279	0.758494678589	0.763239855002	1.33085431126	0.826389772837	0.591908042533	0.431791710971	0.701241532141	0.668729250846	1.38652898502	0.611083658772	0.68394759304	0.524093914935	0.0	0.230356988884	0.805172885452	0.672408477525	0.66899298695	0.677261377477	1.23120101982	0.915210565491	0.909377143548	0.491581145481	0.76966239246	0.85475879652	0.699099439343	0.945267443209	0.828518685355	0.492671725471	1.0699421653	0.942166157564	1.3118558289	1.10937013533	1.1476742726	1.16560488642	1.23293565007	1.20928859836	0.897155137748	0.902821677139	0.933433378444	0.922192692122	0.650409516675	1.18570495892	0.668392856452	1.05988486225	0.70699141131	1.11235447076
AG8	0.699651875302	0.700722097632	1.81039527308	0.586667293378	0.8354020203	0.759227438376	0.850771097148	0.687263218946	0.885618211696	0.593812286129	0.991578801353	0.765703276945	0.766009270179	1.48084930401	0.64762618173	0.661564726921	0.875846795553	0.877800120831	1.19400053166	0.702184973417	0.580971353311	0.548355263412	0.844144311261	0.787085224746	1.27870432093	0.541773649106	0.816801768971	0.649039913001	0.230356988884	0.0	0.872258245529	0.763256988884	0.839523228613	0.817984804253	1.23976734654	0.969862131464	1.05014242629	0.522036848719	0.89837518608	0.817007636539	0.782508859352	0.903727960367	0.808357317545	0.522861145481	1.19768893668	1.07358304978	1.32176759787	1.21103764137	1.13722826486	1.22061807637	1.33895838086	1.30468304495	1.0041061044	1.00714127598	1.03689728855	1.01781254229	0.757985993233	1.24732369744	0.751612967617	1.1559857854	0.80530517158	1.21495769454
AH7	0.751239787337	0.88830621073	2.42809845819	1.24423753504	1.1617600435	0.785007278879	1.23121469792	0.795516486225	0.913677820203	0.92175818753	0.840472290962	1.01730151281	0.828705679072	2.10984071532	0.982534016433	0.771638699855	0.651894823586	0.608054954084	1.70524814403	1.28607570807	0.889435234413	0.651175413243	0.726656041566	0.688260338328	1.56803019333	0.790624586757	0.682383890768	0.618286481392	0.805172885452	0.872258245529	0.0	0.297879284679	0.907260894152	0.863674407927	1.18027090865	1.00848203963	0.833943156114	0.983026529725	0.775769352344	0.969051140648	0.811507704205	1.45450353794	1.37571677139	0.953070874819	0.99315662639	0.887995002417	1.28166406477	1.06622563074	1.17411578057	1.08027217496	1.14263496375	1.17196540841	0.850532701788	0.800970029	0.798808467859	0.827261256646	0.764190260996	1.15713944901	0.788625461576	0.986624185597	0.727069835669	1.0699759884
AH8	0.627474132431	0.724335548574	2.38639493958	1.1167937071	1.00352724505	0.589134287095	1.14523218463	0.592864142098	0.712807950701	0.792898786854	0.684298226196	0.867379386177	0.643563107782	2.04789061382	0.819731599807	0.622684731754	0.401044896085	0.36772959884	1.65065364427	1.22186633156	0.812267462542	0.498866694055	0.550126723055	0.503560850652	1.55688549541	0.689880198163	0.509356360561	0.408735287579	0.672408477525	0.763256988884	0.297879284679	0.0	0.694416515225	0.641431372644	1.16616837603	0.929390343161	0.708894949251	0.86741077332	0.574100227163	0.853806220396	0.660898772354	1.37179472209	1.27203401643	0.812406176897	0.867738144031	0.745144214596	1.16568380377	0.955346848719	1.06296263412	0.973986800387	0.99245582407	1.06406309812	0.715763044949	0.681152532624	0.694912131464	0.694539487675	0.593916950217	1.03843274045	0.6225479942	0.874956094732	0.506478699855	0.949931957467
AA5	0.861278245529	0.643015060416	2.28825830836	1.11051901885	0.977567926535	0.474736012566	1.3053880522	0.367844910585	0.208396510391	0.872397554374	0.443125761237	0.798404146931	0.586291058482	1.95518295312	0.680359453842	0.75475139681	0.52881020783	0.500738168197	1.8558278782	1.38886585307	0.938991691638	0.64184262929	0.45486182697	0.468885611406	1.86821838569	0.868820009667	0.421673243113	0.501517680039	0.66899298695	0.839523228613	0.907260894152	0.694416515225	0.0	0.251489937168	1.23371384244	0.907643968101	0.609699275012	0.655187346544	0.568452257129	0.942017003383	0.659165843403	1.2343258724	1.14224409377	0.688593876269	0.764512667956	0.659002982117	1.29494781054	1.07323355244	1.12154243596	1.14403837603	1.10777959884	1.20078285162	0.858502740454	0.829438878685	0.824690908652	0.854336959884	0.676604156597	1.1687941856	0.721180062832	1.02746654906	0.533928922185	1.0534600725
AA6	0.780939743838	0.585336143064	2.34890047366	1.1066877767	0.933253948768	0.398586317061	1.20770243596	0.360438753021	0.334350845819	0.785110642823	0.469773446109	0.748636433059	0.52534442726	2.00867000967	0.660551623973	0.672881130981	0.500764649589	0.466625930401	1.84090521991	1.34880234413	0.886499028516	0.581393378444	0.508880318995	0.491284180764	1.81446287095	0.81901640406	0.461327472209	0.488910749154	0.677261377477	0.817984804253	0.863674407927	0.641431372644	0.251489937168	0.0	1.10396518125	0.799475838569	0.546623508942	0.602551193813	0.47923219913	0.853563866602	0.53886217013	1.29125653456	1.17528635573	0.634593605607	0.597307883035	0.474312919285	1.19377328178	0.969754905752	0.998689705172	1.00639297245	1.01331985017	1.09110751087	0.725982817786	0.731708506525	0.728265099082	0.739585418076	0.623823663606	1.04334263412	0.664916979217	0.890771208313	0.441990778154	0.956320546158
AB5	1.07230873369	0.914215543741	2.52363234413	1.36144152247	0.847571735138	1.01821323828	1.22861670372	1.10592104398	1.20441266312	0.991286930884	1.2041842726	0.786818443693	1.0156382987	2.19526453842	1.03179457226	0.991684543258	1.18779217013	1.15482278879	1.8453518898	1.40227934751	1.29557630256	1.13191489609	1.36132052199	1.35048873369	1.68337303045	1.08508064766	1.19351419043	1.15041214113	1.23120101982	1.23976734654	1.18027090865	1.16616837603	1.23371384244	1.10396518125	0.0	0.38684737071	0.978945683905	1.0235861479	0.982803305945	0.847269009183	0.862511633639	1.53058846303	1.43918149348	0.979230347994	1.00665505558	0.956932068632	0.82717817303	0.901467791203	0.675404301595	0.773082880619	1.04642776704	0.930113571774	0.794142179797	0.887192315128	0.93709857419	0.857362266796	1.0299560754	0.838755819236	1.00636654906	0.776456708555	1.01710612856	0.921466452392
AB6	0.856198743354	0.611286897052	2.4248800145	1.1946478492	0.72850759304	0.714526118898	1.07158687772	0.777056447559	0.901927680039	0.772854407927	0.950905804737	0.521829081682	0.741133383277	2.08704110198	0.732607172547	0.73831459159	0.957145166747	0.924514615756	1.77138263412	1.2883698115	1.09059294345	0.827797781537	1.09736071049	1.07913534074	1.67457520058	0.861230976317	0.928018970517	0.893852977284	0.915210565491	0.969862131464	1.00848203963	0.929390343161	0.907643968101	0.799475838569	0.38684737071	0.0	0.751815065249	0.714495152247	0.756577288545	0.709961754471	0.603910874819	1.37048937651	1.26126763654	0.671625596907	0.80723881102	0.737995853069	0.807991507975	0.71553279362	0.582278719188	0.615271971967	0.864171329145	0.785421329145	0.568565712905	0.683773189947	0.730029521508	0.651001517641	0.746094842919	0.694973252779	0.723688931851	0.572481072982	0.773239366844	0.734806167231
AC5	0.961600642823	0.762878492025	2.60373482842	1.37278602707	1.01518110198	0.617714794587	1.37040696955	0.632077680039	0.537514973417	0.945256993717	0.449435244079	0.779126834219	0.714011184147	2.27095400193	0.886530695988	0.845115717738	0.569471058482	0.505482643789	1.98495005317	1.49816515708	1.19374362011	0.854932073465	0.611553252779	0.599845476075	1.94937733204	0.963184794587	0.515496810053	0.686325123248	0.909377143548	1.05014242629	0.833943156114	0.708894949251	0.609699275012	0.546623508942	0.978945683905	0.751815065249	0.0	0.789228767521	0.462001082649	0.975491184147	0.671246239729	1.58866623973	1.46571388594	0.825366075399	0.534770831319	0.461717781537	1.01972659256	0.77681441276	0.960454528758	0.874993465442	0.791457172547	0.864413861769	0.627060304495	0.556406109232	0.555268530691	0.570686500725	0.801721324311	0.872941319478	0.833090405993	0.759788849686	0.571490932818	0.749967554374
AC6	0.796920758821	0.524063412276	1.98562079265	0.760254330594	0.657015427743	0.584026297728	0.807096723055	0.502311580474	0.723121662639	0.512191048816	0.84520221363	0.605278714355	0.62105081682	1.65272502175	0.459942469792	0.650540106332	0.847545045916	0.821227235379	1.46220522958	0.978089729338	0.79403459159	0.657490420493	0.879837834703	0.862184973417	1.50266405027	0.667745712905	0.795959362011	0.724664088932	0.491581145481	0.522036848719	0.983026529725	0.86741077332	0.655187346544	0.602551193813	1.0235861479	0.714495152247	0.789228767521	0.0	0.738218830353	0.70732060899	0.58359558724	0.843687535041	0.721416447559	0.278395277912	0.994342566457	0.855499154181	1.12839071049	1.01061935234	0.930899458676	0.998706099565	1.13168703238	1.09004520058	0.789832474625	0.845436868052	0.870275190913	0.839500410826	0.652313030449	1.02083278395	0.652607216046	0.940987573707	0.668179574674	1.02735302562
AD6	0.760018999517	0.57511778637	2.49723462542	1.17384802803	0.832161150314	0.43918242146	1.22866428226	0.466778434026	0.534515853069	0.818595582407	0.479035041083	0.676852411793	0.504966930884	2.15478363944	0.713018883519	0.632305442243	0.455770894152	0.434651633639	1.83614768487	1.37941836153	1.04632798937	0.692335998067	0.61239358144	0.59697840986	1.80904086999	0.841443025616	0.516335901402	0.504594809087	0.76966239246	0.89837518608	0.775769352344	0.574100227163	0.568452257129	0.47923219913	0.982803305945	0.756577288545	0.462001082649	0.738218830353	0.0	0.783219458676	0.413648762687	1.45988515708	1.34461834219	0.734851846303	0.673606781054	0.564339231513	0.916516201063	0.691765287579	0.874813156114	0.78728719188	0.750789526341	0.823317718705	0.52974178347	0.481383122281	0.488095664572	0.501182692122	0.602318666022	0.79513517158	0.637668463026	0.696377259546	0.330517921701	0.676351662639
AE5	0.577786413726	0.569980125665	2.27946238763	0.962953363944	0.640684059932	0.751731121315	0.85311717738	0.726621391977	1.00422584824	0.55163419043	1.05397142581	0.633361159981	0.739898221363	1.93974283712	0.642467670372	0.500411986467	0.897844069599	0.877632174964	1.48834897052	1.06254424843	0.992830405993	0.801870043499	1.05834328661	1.01551936684	1.32224684389	0.624809289512	0.944180889319	0.814553726438	0.85475879652	0.817007636539	0.969051140648	0.853806220396	0.942017003383	0.853563866602	0.847269009183	0.709961754471	0.975491184147	0.70732060899	0.783219458676	0.0	0.423439260512	1.18912926535	1.07123247463	0.612956563557	1.16782790237	1.06314701305	0.889395485742	0.857595553407	0.744551222813	0.774396520058	1.02902901402	0.921923122281	0.637892493958	0.7093320058	0.753997510875	0.683233470275	0.560387443209	0.841851324311	0.532707196713	0.788042537458	0.761820724988	0.873924200097
AE6	0.558371309811	0.397648453359	2.37995558724	1.0503662929	0.684675268246	0.485455302078	1.02328278879	0.496428231029	0.682480004833	0.629032116965	0.72581561624	0.562611169647	0.459831652972	2.03878396327	0.556923837603	0.416646868052	0.647537230546	0.623937960367	1.62609487192	1.20064373127	0.961980463992	0.644805505075	0.818392899952	0.78054641856	1.59395892218	0.671868878685	0.671896447559	0.602309719671	0.699099439343	0.782508859352	0.811507704205	0.660898772354	0.659165843403	0.53886217013	0.862511633639	0.603910874819	0.671246239729	0.58359558724	0.413648762687	0.423439260512	0.0	1.3117761914	1.19225838569	0.549478820686	0.844232015466	0.733157612373	0.874592107298	0.699178100532	0.734063513775	0.692979144514	0.839991358144	0.790656070565	0.43520898985	0.471445998067	0.518553281779	0.475639178347	0.401234717255	0.741168100532	0.419028516191	0.61045482842	0.449699028516	0.707475369744
AF5	1.26563371677	1.17683558724	1.31874738038	0.574168090865	1.12409699855	1.30643683905	0.804746945384	1.16811682455	1.29583522958	0.983394166264	1.49984276945	1.21402449976	1.28399755921	0.999195553407	1.03035441276	1.21326357177	1.44928507975	1.46889948768	0.980916660222	0.703752527791	1.15480683422	1.16651070565	1.37007493958	1.35549557274	1.47345688255	1.16281461092	1.38413381827	1.23706730304	0.945267443209	0.903727960367	1.45450353794	1.37179472209	1.2343258724	1.29125653456	1.53058846303	1.37048937651	1.58866623973	0.843687535041	1.45988515708	1.18912926535	1.3117761914	0.0	0.168460956984	0.948282474625	1.70550829386	1.58795822136	1.68353053166	1.63993881585	1.49106356211	1.63148631706	1.7586478782	1.72980162881	1.49454087965	1.54251636056	1.56999540841	1.54319708072	1.21869450459	1.66739782504	1.21842872885	1.5914302175	1.37714935234	1.65661760271
AF6	1.16304775254	1.06027609957	1.41209660222	0.500152063799	1.02581004833	1.1906122958	0.748829023683	1.05440744804	1.20820559207	0.868440459159	1.39656956501	1.11255357661	1.17157027066	1.09164044466	0.91384	1.10347931851	1.3429460464	1.36169308845	1.01124652006	0.685377941034	1.0867560464	1.05860344611	1.26763691155	1.25137692605	1.44872478975	1.05355419526	1.27633279362	1.1236777332	0.828518685355	0.808357317545	1.37571677139	1.27203401643	1.14224409377	1.17528635573	1.43918149348	1.26126763654	1.46571388594	0.721416447559	1.34461834219	1.07123247463	1.19225838569	0.168460956984	0.0	0.828883905268	1.59016621556	1.47154018366	1.58346682939	1.52826014016	1.38488896568	1.52543913485	1.63774702755	1.61923829386	1.37725968101	1.42909444659	1.46045488642	1.42668268729	1.09903367327	1.55635682939	1.09997797003	1.47423498308	1.26011735621	1.54296687289
AG5	0.691576810053	0.48019638956	2.06541886419	0.807434055099	0.573424296762	0.55272022233	0.812522295795	0.512881222813	0.748252551957	0.47993777187	0.856110637989	0.496439154181	0.600153102948	1.7300221653	0.447710826486	0.558254504592	0.795777868536	0.753148999517	1.47030848236	0.974209956501	0.7436719768	0.625233779604	0.901532619623	0.871170130498	1.43270763171	0.602546239729	0.771417501208	0.697648308362	0.492671725471	0.522861145481	0.953070874819	0.812406176897	0.688593876269	0.634593605607	0.979230347994	0.671625596907	0.825366075399	0.278395277912	0.734851846303	0.612956563557	0.549478820686	0.948282474625	0.828883905268	0.0	1.01997594007	0.905241633639	1.0659240261	0.964794717255	0.856144490092	0.925170328661	1.12069787337	1.04347396327	0.720894393427	0.800533779604	0.85078282262	0.759193629773	0.60346341711	0.974649115515	0.591216926051	0.870642938618	0.64722881102	0.987833011116
