	AA3	AA4	AB3	AB4	AC3	AC4	AD3	AD4	AE3	AE4	AF3	AF4	AG3	AG4	AH3	AH4	AA7	AA8	AB7	AB8	AC7	AC8	AD7	AD8	AE7	AE8	AF7	AF8	AG7	AG8	AH7	AH8	AA5	AA6	AB5	AB6	AC5	AC6	AD6	AE5	AE6	AF5	AF6	AG5	AH5	AH6	AA1	AA2	AB1	AB2	AC1	AC2	AD1	AD2	AE1	AE2	AF1	AF2	AG1	AG2	AH1	AH2
AA3	0.0	0.523730347994	2.28151403093	0.948778849686	0.805491304978	0.690147926535	0.937579468342	0.715500478492	0.891369236346	0.674985437409	0.922343228613	0.712667651039	0.693731952634	1.91279399227	0.729396621556	0.211432851619	0.767209507008	0.786028714355	1.47493487192	1.07088957467	0.847386143064	0.635015553407	0.848687646206	0.863864098598	1.39587892218	0.612218313195	0.750275848236	0.640334722088	0.704540323828	0.700060154664	0.757298192363	0.653103291445	0.829582368294	0.80060757854	1.04522864669	0.841342759787	0.860639555341	0.766318820686	0.73643060899	0.558995563074	0.550738902852	1.27072344128	1.17446559691	0.674127133881	1.10458166747	1.02888608507	0.97682741421	0.895121159981	0.844298168197	0.796627109715	1.02995714838	0.925415442243	0.570341164814	0.652343257612	0.716464920251	0.602295708072	0.490596921218	0.849155741904	0.465094166264	0.848188463026	0.632102948284	0.905405099082
AA4	0.523730347994	0.0	2.23690142098	0.860313025616	0.590226863219	0.526424586757	0.882555577574	0.504531541808	0.736683692605	0.591323344611	0.81967857419	0.423809637506	0.454700869985	1.86777029483	0.282901063316	0.365458946351	0.68853781537	0.699326215563	1.54983841469	1.06451456742	0.850645799903	0.658602189464	0.89837722088	0.842962943451	1.48175890768	0.640667336878	0.703522725955	0.636769168681	0.677902126631	0.685211488642	0.894333914935	0.767943006283	0.6581999855	0.628254475592	0.919107665539	0.665648274529	0.725471430643	0.55277157564	0.608903895602	0.509431507975	0.391739729338	1.17395172064	1.07489290962	0.438037955534	0.969075253746	0.866203267279	0.939334311261	0.785836312228	0.69490821653	0.721795060416	0.956811643306	0.844691193813	0.59305881102	0.606159589174	0.653494736588	0.58299641856	0.444186186564	0.787382426293	0.459204543258	0.752374519091	0.50620479942	0.790016114065
AB3	2.28151403093	2.23690142098	0.0	1.4940562349	2.19599739004	2.36130867569	1.90440290478	2.23784687289	2.38103793137	2.09551586274	2.51994078782	2.26751499275	2.33483886902	0.418812237796	2.13813182214	2.27790633156	2.49389137748	2.48961547608	1.17079190913	1.45777135814	1.95495419043	2.18210056549	2.42339180764	2.39941045433	1.90338595457	2.1324019043	2.35703008217	2.29465354761	1.89855889802	1.84068966167	2.44471567424	2.41952144998	2.29368760271	2.39193605123	2.53676781054	2.48243629773	2.6055459884	1.95683056066	2.53353931368	2.29329259062	2.37406774287	1.31201742388	1.39462836636	2.09723499758	2.74529340744	2.644819826	2.67105159497	2.67176257612	2.50070826486	2.60611017883	2.78204666506	2.68856705655	2.55382043499	2.5778937796	2.60504077815	2.56569234896	2.29600396327	2.64946948284	2.30142444659	2.64655128081	2.38774195747	2.69283092315
AB4	0.948778849686	0.860313025616	1.4940562349	0.0	0.908552561624	0.983976143064	0.77802118898	0.93784922668	1.17592345578	0.790478767521	1.2197302175	0.922417617206	0.872916234896	1.11011861286	0.796206829386	0.912177346544	1.15471486225	1.15433688255	1.02527056066	0.527003339778	0.865749835669	0.884269830836	1.14321681972	1.10724933784	1.26499495892	0.856485476075	1.06976787337	0.994350304495	0.62136961334	0.598127762204	1.22587916868	1.13040034316	1.0807540841	1.11853318511	1.34072544708	1.21826387144	1.31734289029	0.71612378927	1.15970321411	0.953579371677	1.01006621073	0.613453562107	0.538123827936	0.798745703238	1.4722599275	1.3607398405	1.44137522475	1.36280792653	1.23072787337	1.31401847753	1.52132200097	1.41148143548	1.20098781537	1.23230719188	1.28278979217	1.21445741904	0.976081503142	1.36719053166	0.974024451426	1.33614703238	1.02576581924	1.37211961817
AC3	0.805491304978	0.590226863219	2.19599739004	0.908552561624	0.0	0.754467863702	0.870379076849	0.786563276945	0.989831909135	0.650904504592	1.07405261962	0.336965036249	0.779192643789	1.83143418076	0.635503953601	0.732770768487	0.968667365877	0.996350362494	1.45442947318	1.0304119478	1.03458702755	0.990232619623	1.25183396327	1.18317445626	1.32326635089	0.807594209763	1.06567023683	0.992547448043	0.876448139198	0.874070376994	1.15944568874	1.03694584824	0.983830531658	0.966580932818	0.818712866119	0.747812431126	0.959914456259	0.735862469792	0.831251822136	0.611716737554	0.669173040116	1.1562880957	1.07909701788	0.576477762204	1.19844250362	1.12211416143	0.909574117931	0.92873138231	0.749581623973	0.824802126631	1.08358031416	0.935913658772	0.742991764137	0.789294958917	0.853894359594	0.771494311261	0.79070478492	0.888804929918	0.777700038666	0.914587375544	0.843010038666	0.929989830836
AC4	0.690147926535	0.526424586757	2.36130867569	0.983976143064	0.754467863702	0.0	1.08357904302	0.39916518608	0.558210251329	0.780403349444	0.444283721605	0.524445157081	0.39312377477	1.99131042533	0.643371169647	0.641020072499	0.528767757371	0.564304074432	1.76466497342	1.26275498792	0.878455770904	0.560895775737	0.695448564524	0.656205326245	1.64120442243	0.738733421943	0.575731817303	0.536970952151	0.642883668439	0.711030488159	0.764440154664	0.647086075399	0.52438901885	0.43634937651	1.03913239729	0.79443860319	0.594126292895	0.630831039149	0.49138181247	0.719994664089	0.504887960367	1.31743778637	1.2221340551	0.555795331078	0.800782469792	0.68590161914	1.08768920251	0.86480962784	0.84544781537	0.830156544224	0.966387926535	0.949079270179	0.599562353794	0.69213698405	0.673763151281	0.644573968101	0.562638941518	0.949132745288	0.555519502175	0.790535113581	0.407748912518	0.813466249396
AD3	0.937579468342	0.882555577574	1.90440290478	0.77802118898	0.870379076849	1.08357904302	0.0	0.964316756887	1.34512407443	0.383818003867	1.37282113098	0.924619946834	1.08440960367	1.53206524408	0.841257520541	0.907985321411	1.25542597873	1.24202523441	1.30993284195	0.850584258096	0.85298762204	0.947411300145	1.3147820203	1.28677407443	1.22434676172	0.823582991783	1.1985319623	1.1124619913	0.884496041566	0.805688177864	1.18597592073	1.12297729821	1.22781565007	1.18011231513	1.19907810053	1.07472313678	1.26440162397	0.716742300628	1.17993492992	0.834330149831	0.960249816336	0.840223276945	0.774739864669	0.740501034316	1.44256852102	1.36906668439	1.38097412276	1.365280203	1.13392069116	1.20402077815	1.53773524408	1.40401449493	1.15009573224	1.1924921508	1.27918512325	1.16678394393	0.969091295312	1.3240879507	0.964565476075	1.28192076849	1.13813157081	1.37830759304
AD4	0.715500478492	0.504531541808	2.23784687289	0.93784922668	0.786563276945	0.39916518608	0.964316756887	0.0	0.413095766071	0.657205712905	0.558642324795	0.614123992267	0.501014963751	1.87225107782	0.567980792653	0.629870488159	0.520197854036	0.543551019816	1.73846335428	1.21248985017	0.83888141131	0.546107419043	0.602736254229	0.541476882552	1.68890214596	0.756425432576	0.489073658772	0.452868753021	0.538794035766	0.642004480425	0.793015316578	0.638083653939	0.343211053649	0.393818264862	1.12906241663	0.88007139681	0.602402469792	0.506796930884	0.53204702755	0.698492290962	0.526489830836	1.16924922668	1.06874946834	0.52227857419	0.799910024166	0.670841507975	1.18106451909	0.941416370227	0.960628922185	0.957490836153	0.993957974867	1.044839826	0.712141256646	0.764485476075	0.685296495892	0.723339850169	0.520473059449	1.03425524408	0.572327858869	0.904097332044	0.458819057516	0.891489221846
AE3	0.891369236346	0.736683692605	2.38103793137	1.17592345578	0.989831909135	0.558210251329	1.34512407443	0.413095766071	0.0	1.03535655872	0.382440526825	0.818743238279	0.601086399227	2.02941936201	0.792948525858	0.853081150314	0.506296114065	0.53749098115	1.98675570807	1.46878605123	1.05527115515	0.735239057516	0.485190744321	0.473043339778	1.95782042533	1.02651092315	0.471966534558	0.509085891735	0.783306263896	0.896255461576	0.922562895118	0.776241807637	0.27439282262	0.351738274529	1.22676929918	0.98635258579	0.56181760754	0.79450781537	0.638633784437	1.00479360561	0.714395234413	1.36662320445	1.27679962784	0.795685282745	0.792527104882	0.631879072015	1.26868573707	1.0276377912	1.08647259546	1.05596599323	1.05053768487	1.12844714355	0.79860918318	0.863652107298	0.761941967134	0.817170357661	0.710966669889	1.12725238279	0.750701817303	0.987671232479	0.604626007733	0.977344871919
AE4	0.674985437409	0.591323344611	2.09551586274	0.790478767521	0.650904504592	0.780403349444	0.383818003867	0.657205712905	1.03535655872	0.0	1.06707111165	0.642892672789	0.802900444659	1.72251438376	0.592519381344	0.622892102465	0.938939961334	0.922464330594	1.42896293862	0.937656906718	0.755280309328	0.703076718221	1.01278244079	0.976619637506	1.29910402127	0.559321749637	0.887957486709	0.8008439971	0.638747172547	0.62613517158	0.948557829869	0.843651696472	0.92741340261	0.879019492508	0.964171947801	0.842013861769	0.938513847269	0.518163156114	0.85408882552	0.548351768971	0.657904030933	0.972757075882	0.872615645239	0.483162634123	1.15217843403	1.07914557757	1.11685117931	1.0921159449	0.88642298695	0.956786476559	1.26247195263	1.13338747221	0.876680154664	0.898850231996	0.966345398743	0.870167245046	0.671448284195	1.05944966651	0.672489463509	1.02520996617	0.820860449493	1.09338625423
AF3	0.922343228613	0.81967857419	2.51994078782	1.2197302175	1.07405261962	0.444283721605	1.37282113098	0.558642324795	0.382440526825	1.06707111165	0.0	0.845529632673	0.668453856936	2.15475885452	0.93223	0.916694262929	0.473503900435	0.485549313678	2.01325367327	1.50757053166	1.08668523441	0.785779081682	0.407145799903	0.415116645723	1.96847564524	1.03691941518	0.495174736588	0.589225113581	0.831285456742	0.931497457709	0.844056471725	0.72617840986	0.471325065249	0.445357457709	1.2087558869	1.00067722088	0.463989937168	0.874801121315	0.55806939101	1.01082723055	0.744167709038	1.50466275495	1.41724926051	0.860840483325	0.716152232963	0.568354968584	1.22921325278	0.986769531174	1.1027117593	1.02772560174	1.01310275495	1.06815637989	0.769637520541	0.787626312228	0.7550760174	0.747816974384	0.822423136781	1.0737421508	0.841411150314	0.955916940551	0.57995421943	0.920956041566
AF4	0.712667651039	0.423809637506	2.26751499275	0.922417617206	0.336965036249	0.524445157081	0.924619946834	0.614123992267	0.818743238279	0.642892672789	0.845529632673	0.0	0.587698772354	1.89762227163	0.520244833253	0.619244436926	0.805256877719	0.817688322861	1.58504479459	1.09411165781	0.930756974384	0.8091240261	1.06479297728	1.00873046399	1.43813363944	0.673148177864	0.89601820203	0.825219531174	0.763570091832	0.758794891252	1.01584217013	0.916451387144	0.807662131464	0.770474233929	0.807324939584	0.583935495408	0.775375239246	0.627479231513	0.654899023683	0.564117269212	0.543237767037	1.19160249879	1.11011966651	0.450853557274	0.965882580957	0.87404959884	0.855247486709	0.77267417593	0.600087974867	0.665973243113	0.949783069116	0.81395358144	0.595920318995	0.652289304012	0.707144258096	0.656381793137	0.663581459642	0.76458301595	0.651452498792	0.740536684389	0.671719453842	0.770434451426
AG3	0.693731952634	0.454700869985	2.33483886902	0.872916234896	0.779192643789	0.39312377477	1.08440960367	0.501014963751	0.601086399227	0.802900444659	0.668453856936	0.587698772354	0.0	1.94892889319	0.505183112615	0.590151251812	0.530693310778	0.554475621073	1.7360857999	1.22610905752	0.92324182697	0.614739840503	0.743580536491	0.700662063799	1.61581023683	0.742548883519	0.594971831803	0.568686346061	0.684035360077	0.746402933784	0.829279241179	0.69924262929	0.599080111165	0.523175596907	1.01677185114	0.782993842436	0.669326491058	0.669179308845	0.532871793137	0.708010898985	0.467132798453	1.301589855	1.20141829386	0.575809526341	0.874243238279	0.761368487192	1.02028617206	0.775427863702	0.822670130498	0.801787810536	0.933909545674	0.872187704205	0.567219101015	0.627159685839	0.636231846303	0.589606761721	0.487312576124	0.882282329628	0.508474905752	0.758201556307	0.395704809087	0.773752112131
AG4	1.91279399227	1.86777029483	0.418812237796	1.11011861286	1.83143418076	1.99131042533	1.53206524408	1.87225107782	2.02941936201	1.72251438376	2.15475885452	1.89762227163	1.94892889319	0.0	1.77469853069	1.90330910585	2.13358700822	2.12596592557	0.896722058966	1.09960953117	1.59398644756	1.81668823103	2.06434371677	2.03756747704	1.61990961817	1.77097391977	1.99617916868	1.92986325278	1.53966134364	1.47469326728	2.09782275979	2.05691100048	1.93663769454	2.02185370227	2.1713219043	2.11164847753	2.23448882069	1.59077295795	2.16617253746	1.92162958434	2.00068425326	0.956586771387	1.04267145964	1.7303239391	2.37551523441	2.27353686805	2.30278371677	2.30363221363	2.12974359594	2.23112661189	2.41826298212	2.31979032383	2.18609019816	2.21147209763	2.24178946834	2.19770577574	1.92928921218	2.28374492025	1.93896197197	2.27400777187	2.02225694055	2.32388945384
AH3	0.729396621556	0.282901063316	2.13813182214	0.796206829386	0.635503953601	0.643371169647	0.841257520541	0.567980792653	0.792948525858	0.592519381344	0.93223	0.520244833253	0.505183112615	1.77469853069	0.0	0.568901681972	0.777745722571	0.79259120348	1.54334842919	1.05067157081	0.862193281779	0.757568337361	0.960109826003	0.90527542291	1.46501277912	0.734867162881	0.785668612856	0.742643078782	0.677120821653	0.688476167231	1.02832710005	0.908798269696	0.706812532624	0.722898612856	1.00942996617	0.781074122765	0.873299134848	0.525459067182	0.7534080232	0.588169458676	0.551023460609	1.05730167714	0.953697974867	0.436027844369	1.0922959014	0.988975640406	1.03504071049	0.891550289995	0.811405094248	0.856418260029	1.06798570807	0.962217564041	0.774113910102	0.782630889319	0.808198129531	0.76240062349	0.574904678589	0.918432092798	0.585623189947	0.885180260996	0.634970106332	0.911553542774
AH4	0.211432851619	0.365458946351	2.27790633156	0.912177346544	0.732770768487	0.641020072499	0.907985321411	0.629870488159	0.853081150314	0.622892102465	0.916694262929	0.619244436926	0.590151251812	1.90330910585	0.568901681972	0.0	0.700088690188	0.710240270662	1.48188514258	1.06324660222	0.857691280812	0.638113499275	0.846184925085	0.797731981634	1.40071359111	0.615509608507	0.701858714355	0.626131169647	0.697530285162	0.696653305945	0.789227631706	0.650636877719	0.778734108265	0.73943442726	1.00335036249	0.775737283712	0.812986578057	0.687412812953	0.67542057999	0.481302431126	0.453254035766	1.2361057274	1.13745378927	0.593717945868	1.05325755437	0.96750777187	0.924316031899	0.817717346544	0.802761082649	0.751677699372	0.965848231029	0.852793465442	0.564086650556	0.596031759304	0.647742450459	0.567908656356	0.397419371677	0.790431222813	0.40451361044	0.806813330111	0.5715419768	0.825795041083
AA7	0.767209507008	0.68853781537	2.49389137748	1.15471486225	0.968667365877	0.528767757371	1.25542597873	0.520197854036	0.506296114065	0.938939961334	0.473503900435	0.805256877719	0.530693310778	2.13358700822	0.777745722571	0.700088690188	0.0	0.137371512808	1.8442182407	1.33991195747	0.996352663122	0.66535080232	0.462974823586	0.445490096665	1.77556101498	0.879806167231	0.361621333978	0.419982875785	0.762797525375	0.850074862252	0.682253537941	0.479152885452	0.444778554857	0.448893924601	1.19632164331	0.985386863219	0.47478438376	0.830759811503	0.530307472209	0.893162092798	0.676737612373	1.47376480909	1.3844601885	0.796641058482	0.787464127598	0.6297579797	1.13549434993	0.901742247463	1.06122034799	0.980727626873	0.910731469309	0.978437960367	0.673854847753	0.70208662639	0.64314277912	0.663422663122	0.549779033349	0.97589222813	0.570371938134	0.93533762204	0.449659666506	0.833655466409
AA8	0.786028714355	0.699326215563	2.48961547608	1.15433688255	0.996350362494	0.564304074432	1.24202523441	0.543551019816	0.53749098115	0.922464330594	0.485549313678	0.817688322861	0.554475621073	2.12596592557	0.79259120348	0.710240270662	0.137371512808	0.0	1.83417246013	1.32177268246	0.99534417593	0.64681022233	0.458884432093	0.441525688739	1.75369585307	0.853350710488	0.355809038183	0.405672116965	0.773669299178	0.853711266312	0.603975983567	0.426932595457	0.480074920251	0.478041367811	1.19789067182	0.993324166264	0.472225621073	0.835444963751	0.559497680039	0.886610135331	0.683465538908	1.47380631706	1.38184794103	0.808224548091	0.77545217013	0.617470517158	1.16087867086	0.906185727405	1.07445632673	0.983455389077	0.927277733204	1.00053603673	0.719053900435	0.697724374094	0.635095741904	0.66556059449	0.568021275979	1.00013911068	0.602095978734	0.92867618173	0.468196679555	0.841524340261
AB7	1.47493487192	1.54983841469	1.17079190913	1.02527056066	1.45442947318	1.76466497342	1.30993284195	1.73846335428	1.98675570807	1.42896293862	2.01325367327	1.58504479459	1.7360857999	0.896722058966	1.54334842919	1.48188514258	1.8442182407	1.83417246013	0.0	0.571812556791	1.47547427743	1.58691423393	1.93237901885	1.90029426293	1.07646551957	1.38801561141	1.8107359304	1.70560188014	1.34916862252	1.24446878202	1.71370661672	1.66993701305	1.87214726438	1.88793967617	1.85066547124	1.79251242146	1.9325620348	1.45483962784	1.84877949734	1.48607834219	1.62542329628	0.978030898985	1.01118083615	1.4871382262	2.16676376027	2.07612347028	1.93682528275	1.94956727405	1.77819708072	1.84598031899	2.08365760754	1.97224451426	1.79835404543	1.80432623973	1.85825391493	1.78733895118	1.61084333494	1.90959911068	1.60416694055	1.90278144998	1.75930539874	1.97317536008
AB8	1.07088957467	1.06451456742	1.45777135814	0.527003339778	1.0304119478	1.26275498792	0.850584258096	1.21248985017	1.46878605123	0.937656906718	1.50757053166	1.09411165781	1.22610905752	1.09960953117	1.05067157081	1.06324660222	1.33991195747	1.32177268246	0.571812556791	0.0	1.01074601257	1.08754532141	1.41767369261	1.3731681827	1.13147934268	0.934647182214	1.28650991783	1.18087789754	0.816029705172	0.743893711938	1.27199733688	1.22032463992	1.35398713871	1.36908003383	1.41850906718	1.32244021266	1.44539815853	0.940894050266	1.38789701305	1.05756744804	1.18373169647	0.683791846303	0.649402624456	0.985175036249	1.68416999517	1.57049246979	1.55764861769	1.50717126631	1.35459895602	1.41435372644	1.65883279362	1.55140093765	1.37850242629	1.36890484775	1.4185057274	1.36421853552	1.14449327211	1.4959221073	1.14733292412	1.47190809087	1.24953036733	1.52844557757
AC7	0.847386143064	0.850645799903	1.95495419043	0.865749835669	1.03458702755	0.878455770904	0.85298762204	0.83888141131	1.05527115515	0.755280309328	1.08668523441	0.930756974384	0.92324182697	1.59398644756	0.862193281779	0.857691280812	0.996352663122	0.99534417593	1.47547427743	1.01074601257	0.0	0.457736911551	0.983044180764	0.968404422426	1.38331834703	0.664522397293	0.921558917351	0.814249014016	0.573904030933	0.559228182697	0.895681793137	0.815539236346	0.938325746738	0.913520990817	1.29679294345	1.14471202513	1.13416549541	0.760064432093	1.06914962784	0.964529101015	0.961536558724	1.14277120831	1.08479194297	0.757763146448	1.17334912518	1.06629328178	1.47915217496	1.40869529725	1.18964949251	1.25349769937	1.54822671339	1.45853325278	1.09019260512	1.17437669889	1.21127706622	1.1311838231	0.892451628806	1.39430413726	0.864101643306	1.29229668439	0.914412609956	1.39443645239
AC8	0.635015553407	0.658602189464	2.18210056549	0.884269830836	0.990232619623	0.560895775737	0.947411300145	0.546107419043	0.735239057516	0.703076718221	0.785779081682	0.8091240261	0.614739840503	1.81668823103	0.757568337361	0.638113499275	0.66535080232	0.64681022233	1.58691423393	1.08754532141	0.457736911551	0.0	0.658730246496	0.645983827936	1.51238962301	0.595409294345	0.515858970517	0.398661478975	0.487307670372	0.525074035766	0.640002648623	0.512247090382	0.614409134848	0.609868458192	1.16301413726	0.921798438859	0.796139739004	0.672361082649	0.732262924118	0.81173242146	0.676348704688	1.19140661189	1.1058082262	0.685062841953	0.928485176414	0.806643301112	1.31264512325	1.08655556307	1.02285484292	1.0264179362	1.20452638956	1.173809971	0.791355123248	0.875016500725	0.874567820203	0.818911387144	0.551403842436	1.15873894152	0.556977675205	0.975499743838	0.562971193813	1.06115917351
AD7	0.848687646206	0.89837722088	2.42339180764	1.14321681972	1.25183396327	0.695448564524	1.3147820203	0.602736254229	0.485190744321	1.01278244079	0.407145799903	1.06479297728	0.743580536491	2.06434371677	0.960109826003	0.846184925085	0.462974823586	0.458884432093	1.93237901885	1.41767369261	0.983044180764	0.658730246496	0.0	0.18613377477	1.88370539874	0.91125462059	0.37514300145	0.473748748188	0.727371807637	0.827382058966	0.739479023683	0.607854253262	0.494784349927	0.523986708555	1.39223963751	1.18855683422	0.631347056549	0.898801130981	0.730834137264	1.07252041566	0.878739811503	1.41571761237	1.31920340261	0.952488902852	0.856494098598	0.704096051232	1.39651831803	1.1422717738	1.27774230546	1.21908398743	1.15018906718	1.2448259014	0.945768221363	0.942475447076	0.865662165297	0.91762359594	0.739490212663	1.24824155147	0.760631469309	1.15270971	0.632278356694	1.0813782262
AD8	0.863864098598	0.842962943451	2.39941045433	1.10724933784	1.18317445626	0.656205326245	1.28677407443	0.541476882552	0.473043339778	0.976619637506	0.415116645723	1.00873046399	0.700662063799	2.03756747704	0.90527542291	0.797731981634	0.445490096665	0.441525688739	1.90029426293	1.3731681827	0.968404422426	0.645983827936	0.18613377477	0.0	1.8234678927	0.858588105365	0.32800521508	0.438210024166	0.676407999033	0.786907907202	0.712293881102	0.578108801353	0.478504707588	0.49727820203	1.35611638956	1.13517706622	0.604109782504	0.825737003383	0.69308438376	1.0172658289	0.823202991783	1.39504917351	1.29434317061	0.886135920735	0.832413508942	0.675246065732	1.358059739	1.10669791203	1.24304900435	1.16622034316	1.1270722668	1.21048160947	0.907572687289	0.915570352827	0.832996723055	0.880744572257	0.712692832286	1.21127748188	0.756210048333	1.10515471725	0.594523856936	1.0480801305
AE7	1.39587892218	1.48175890768	1.90338595457	1.26499495892	1.32326635089	1.64120442243	1.22434676172	1.68890214596	1.95782042533	1.29910402127	1.96847564524	1.43813363944	1.61581023683	1.61990961817	1.46501277912	1.40071359111	1.77556101498	1.75369585307	1.07646551957	1.13147934268	1.38331834703	1.51238962301	1.88370539874	1.8234678927	0.0	0.997198724021	1.77269942968	1.66478072982	1.34203700338	1.30176556307	1.57042423876	1.58077686805	1.85030256646	1.83823705655	1.67781765104	1.67195400677	1.86514971	1.47818416143	1.77686087965	1.34948280812	1.58461300145	1.45014540841	1.43530528275	1.42154828903	2.01714856452	1.96511597873	1.71644712905	1.79866214113	1.58761916868	1.63908780087	1.96692193813	1.78452932818	1.64612686322	1.65068066216	1.74374054616	1.64381468826	1.57497498308	1.73474146931	1.54627413243	1.76328463992	1.69468482842	1.8434118898
AE8	0.612218313195	0.640667336878	2.1324019043	0.856485476075	0.807594209763	0.738733421943	0.823582991783	0.756425432576	1.02651092315	0.559321749637	1.03691941518	0.673148177864	0.742548883519	1.77097391977	0.734867162881	0.615509608507	0.879806167231	0.853350710488	1.38801561141	0.934647182214	0.664522397293	0.595409294345	0.91125462059	0.858588105365	0.997198724021	0.0	0.836819449009	0.728051817303	0.592082503625	0.582079917835	0.750178661189	0.709818540358	0.915715761237	0.898543513775	1.09037721605	0.918271686805	0.948426655389	0.708457317545	0.889299671339	0.646290937651	0.736280338328	1.15514972934	1.06603803287	0.643668047366	1.12744114065	1.0655498695	1.17731048333	1.10179486225	0.916905935234	0.970873977767	1.25680657806	1.16574987917	0.872358569357	0.887280517158	0.945080285162	0.870282653456	0.712138289029	1.10042880619	0.70400782987	1.006540232	0.779630753987	1.10238983084
AF7	0.750275848236	0.703522725955	2.35703008217	1.06976787337	1.06567023683	0.575731817303	1.1985319623	0.489073658772	0.471966534558	0.887957486709	0.495174736588	0.89601820203	0.594971831803	1.99617916868	0.785668612856	0.701858714355	0.361621333978	0.355809038183	1.8107359304	1.28650991783	0.921558917351	0.515858970517	0.37514300145	0.32800521508	1.77269942968	0.836819449009	0.0	0.207887892702	0.647833436443	0.730206529725	0.669251962301	0.53648362494	0.418265940068	0.43961578057	1.21191433543	0.993491435476	0.528864973417	0.759409797003	0.621133107782	0.902275248913	0.698137245046	1.35555830353	1.25861463026	0.777070009667	0.828838376027	0.669319052682	1.23945541324	1.00596315611	1.10521159014	1.0470260319	1.02437714355	1.09774628323	0.782275418076	0.819396254229	0.747430454326	0.782481329145	0.557616297728	1.08592142098	0.593508255196	0.979010845819	0.48716897535	0.951719652006
AF8	0.640334722088	0.636769168681	2.29465354761	0.994350304495	0.992547448043	0.536970952151	1.1124619913	0.452868753021	0.509085891735	0.8008439971	0.589225113581	0.825219531174	0.568686346061	1.92986325278	0.742643078782	0.626131169647	0.419982875785	0.405672116965	1.70560188014	1.18087789754	0.814249014016	0.398661478975	0.473748748188	0.438210024166	1.66478072982	0.728051817303	0.207887892702	0.0	0.570947950701	0.645367162881	0.645273794103	0.488756553891	0.444110932818	0.473545084582	1.1663640841	0.943220797487	0.576591309812	0.707211754471	0.592295026583	0.821316036733	0.631924161431	1.28968159497	1.1946857129	0.725480753987	0.86215417593	0.736364625423	1.21091160947	0.981117119381	1.03191279362	1.00912794103	1.00443143548	1.07100306912	0.74637301595	0.79915977767	0.737797022716	0.761375031416	0.510532232963	1.05827057032	0.534318284195	0.949267138714	0.442382687289	0.925451894635
AG7	0.704540323828	0.677902126631	1.89855889802	0.62136961334	0.876448139198	0.642883668439	0.884496041566	0.538794035766	0.783306263896	0.638747172547	0.831285456742	0.763570091832	0.684035360077	1.53966134364	0.677120821653	0.697530285162	0.762797525375	0.773669299178	1.34916862252	0.816029705172	0.573904030933	0.487307670372	0.727371807637	0.676407999033	1.34203700338	0.592082503625	0.647833436443	0.570947950701	0.0	0.176756969551	0.812752996617	0.705244562591	0.671898873852	0.734576602223	1.26912285162	1.01539968101	0.902259705172	0.489669574674	0.824963750604	0.825385959401	0.724226959884	0.956968849686	0.857432435959	0.545028743354	1.11367246013	0.998010246496	1.34888208313	1.13969504592	1.12159801837	1.11978242629	1.27866067182	1.20951523441	0.9222259739	0.937964132431	0.968072658289	0.930207892702	0.680018579024	1.20169196713	0.680172711455	1.10412638956	0.706428666022	1.14115785404
AG8	0.700060154664	0.685211488642	1.84068966167	0.598127762204	0.874070376994	0.711030488159	0.805688177864	0.642004480425	0.896255461576	0.62613517158	0.931497457709	0.758794891252	0.746402933784	1.47469326728	0.688476167231	0.696653305945	0.850074862252	0.853711266312	1.24446878202	0.743893711938	0.559228182697	0.525074035766	0.827382058966	0.786907907202	1.30176556307	0.582079917835	0.730206529725	0.645367162881	0.176756969551	0.0	0.867119275012	0.783648366361	0.786429279845	0.814872431126	1.25566562107	1.01122283712	0.965224601257	0.472902416626	0.887255480909	0.817711715805	0.774184944418	0.909422580957	0.825692450459	0.543049299178	1.18376404543	1.06884676172	1.33812076365	1.1941937071	1.11222499275	1.13876101015	1.33780681489	1.25873930884	0.979048192363	0.994324214596	1.034239913	0.983844678589	0.729336031899	1.20771521991	0.735539782504	1.16189167231	0.775645326245	1.19180188014
AH7	0.757298192363	0.894333914935	2.44471567424	1.22587916868	1.15944568874	0.764440154664	1.18597592073	0.793015316578	0.922562895118	0.948557829869	0.844056471725	1.01584217013	0.829279241179	2.09782275979	1.02832710005	0.789227631706	0.682253537941	0.603975983567	1.71370661672	1.27199733688	0.895681793137	0.640002648623	0.739479023683	0.712293881102	1.57042423876	0.750178661189	0.669251962301	0.645273794103	0.812752996617	0.867119275012	0.0	0.26385439826	0.891452711455	0.865235833736	1.18199927018	1.03237612856	0.75559582407	0.964488390527	0.797348849686	0.964646244563	0.858437501208	1.47284730788	1.39782105365	0.958137709038	0.982765911068	0.891084441759	1.28735551474	1.07218336394	1.16155879652	1.05119356694	1.15242669889	1.15680412276	0.829195538908	0.854690642823	0.821067085549	0.810326167231	0.7525159739	1.14631368294	0.76407517158	0.991486133398	0.710676036733	1.03020447076
AH8	0.653103291445	0.767943006283	2.41952144998	1.13040034316	1.03694584824	0.647086075399	1.12297729821	0.638083653939	0.776241807637	0.843651696472	0.72617840986	0.916451387144	0.69924262929	2.05691100048	0.908798269696	0.650636877719	0.479152885452	0.426932595457	1.66993701305	1.22032463992	0.815539236346	0.512247090382	0.607854253262	0.578108801353	1.58077686805	0.709818540358	0.53648362494	0.488756553891	0.705244562591	0.783648366361	0.26385439826	0.0	0.731518970517	0.692257820203	1.16007893668	0.967309676172	0.65621738521	0.875618719188	0.643212692122	0.868422721121	0.735550043499	1.41345686322	1.32595355727	0.858368579024	0.885490343161	0.780525838569	1.18713634123	0.971982740454	1.07297970034	0.962136616723	1.01087524891	1.06275892702	0.704044436926	0.747750821653	0.691877520541	0.689988472692	0.61261341711	1.03458300628	0.630680792653	0.90212442726	0.556645872402	0.911808467859
AA5	0.829582368294	0.6581999855	2.29368760271	1.0807540841	0.983830531658	0.52438901885	1.22781565007	0.343211053649	0.27439282262	0.92741340261	0.471325065249	0.807662131464	0.599080111165	1.93663769454	0.706812532624	0.778734108265	0.444778554857	0.480074920251	1.87214726438	1.35398713871	0.938325746738	0.614409134848	0.494784349927	0.478504707588	1.85030256646	0.915715761237	0.418265940068	0.444110932818	0.671898873852	0.786429279845	0.891452711455	0.731518970517	0.0	0.272015070082	1.25373482359	0.988624809087	0.608545026583	0.668012827453	0.682385669406	0.877021962301	0.666125611406	1.2441479652	1.16022659256	0.675616152731	0.822499337844	0.656672957951	1.32174677622	1.08597704205	1.10120427743	1.09700181247	1.11526786854	1.18484096182	0.834671681972	0.897746089899	0.809523412276	0.850898830353	0.597832503625	1.1720319043	0.63945619623	1.03676944901	0.548957728371	1.03118026583
AA6	0.80060757854	0.628254475592	2.39193605123	1.11853318511	0.966580932818	0.43634937651	1.18011231513	0.393818264862	0.351738274529	0.879019492508	0.445357457709	0.770474233929	0.523175596907	2.02185370227	0.722898612856	0.73943442726	0.448893924601	0.478041367811	1.88793967617	1.36908003383	0.913520990817	0.609868458192	0.523986708555	0.49727820203	1.83823705655	0.898543513775	0.43961578057	0.473545084582	0.734576602223	0.814872431126	0.865235833736	0.692257820203	0.272015070082	0.0	1.1236199565	0.868971498308	0.493330497825	0.681697100048	0.543144113098	0.850426254229	0.581066732721	1.3354918608	1.23940564524	0.685816133398	0.605985621073	0.452232735621	1.20082489125	0.9727839826	0.975721184147	0.938178245529	1.008399768	1.06564365877	0.692402489125	0.782734760754	0.708921913968	0.716134461092	0.597486162397	1.04766292412	0.635573769937	0.883855345578	0.491632837119	0.907374678589
AB5	1.04522864669	0.919107665539	2.53676781054	1.34072544708	0.818712866119	1.03913239729	1.19907810053	1.12906241663	1.22676929918	0.964171947801	1.2087558869	0.807324939584	1.01677185114	2.1713219043	1.00942996617	1.00335036249	1.19632164331	1.19789067182	1.85066547124	1.41850906718	1.29679294345	1.16301413726	1.39223963751	1.35611638956	1.67781765104	1.09037721605	1.21191433543	1.1663640841	1.26912285162	1.25566562107	1.18199927018	1.16007893668	1.25373482359	1.1236199565	0.0	0.367845635573	0.978667380377	1.07628102948	0.93312921218	0.838330367327	0.85727178347	1.53882571774	1.46481551957	0.970693093282	1.03595817303	0.981866292895	0.849760294828	0.933982179797	0.723100860319	0.76247341711	1.1000860464	0.934241817303	0.816903547608	0.918037443209	0.952175558241	0.891242798453	1.02247265346	0.859123296278	1.01435247946	0.835552711455	1.02437474625	0.94816741421
AB6	0.841342759787	0.665648274529	2.48243629773	1.21826387144	0.747812431126	0.79443860319	1.07472313678	0.88007139681	0.98635258579	0.842013861769	1.00067722088	0.583935495408	0.782993842436	2.11164847753	0.781074122765	0.775737283712	0.985386863219	0.993324166264	1.79251242146	1.32244021266	1.14471202513	0.921798438859	1.18855683422	1.13517706622	1.67195400677	0.918271686805	0.993491435476	0.943220797487	1.01539968101	1.01122283712	1.03237612856	0.967309676172	0.988624809087	0.868971498308	0.367845635573	0.0	0.780447322378	0.826454552924	0.733447675205	0.696937336878	0.628609482842	1.42751510391	1.34435434993	0.717052097632	0.804948612856	0.772183518608	0.74004120348	0.689014630256	0.530813349444	0.507848467859	0.86403622523	0.721637699372	0.602323740938	0.721928057032	0.75046717738	0.693021155147	0.76990741421	0.642035534074	0.764245335911	0.574519120348	0.81080579507	0.702462561624
AC5	0.860639555341	0.725471430643	2.6055459884	1.31734289029	0.959914456259	0.594126292895	1.26440162397	0.602402469792	0.56181760754	0.938513847269	0.463989937168	0.775375239246	0.669326491058	2.23448882069	0.873299134848	0.812986578057	0.47478438376	0.472225621073	1.9325620348	1.44539815853	1.13416549541	0.796139739004	0.631347056549	0.604109782504	1.86514971	0.948426655389	0.528864973417	0.576591309812	0.902259705172	0.965224601257	0.75559582407	0.65621738521	0.608545026583	0.493330497825	0.978667380377	0.780447322378	0.0	0.802042648623	0.415861638473	0.861276007733	0.627141445143	1.58354086032	1.47094286129	0.782770526825	0.553685321411	0.457458593523	1.02649589174	0.778444146931	0.917646916385	0.830054079265	0.797016307395	0.869204113098	0.571955558241	0.594689966167	0.53828937651	0.559567394877	0.689803243113	0.873762083132	0.713707216046	0.764224886419	0.54155939101	0.717496524891
AC6	0.766318820686	0.55277157564	1.95683056066	0.71612378927	0.735862469792	0.630831039149	0.716742300628	0.506796930884	0.79450781537	0.518163156114	0.874801121315	0.627479231513	0.669179308845	1.59077295795	0.525459067182	0.687412812953	0.830759811503	0.835444963751	1.45483962784	0.940894050266	0.760064432093	0.672361082649	0.898801130981	0.825737003383	1.47818416143	0.708457317545	0.759409797003	0.707211754471	0.489669574674	0.472902416626	0.964488390527	0.875618719188	0.668012827453	0.681697100048	1.07628102948	0.826454552924	0.802042648623	0.0	0.793932397293	0.665137438376	0.624586694055	0.809484069599	0.697122977284	0.338018211696	1.03508202513	0.920832145964	1.18291784437	1.07166455292	0.947573460609	0.99034942001	1.2044478782	1.1231521653	0.860672977284	0.906229685839	0.937784504592	0.873914470759	0.636271517641	1.06018258579	0.66545257129	1.02067437893	0.706945316578	1.06558487675
AD6	0.73643060899	0.608903895602	2.53353931368	1.15970321411	0.831251822136	0.49138181247	1.17993492992	0.53204702755	0.638633784437	0.85408882552	0.55806939101	0.654899023683	0.532871793137	2.16617253746	0.7534080232	0.67542057999	0.530307472209	0.559497680039	1.84877949734	1.38789701305	1.06914962784	0.732262924118	0.730834137264	0.69308438376	1.77686087965	0.889299671339	0.621133107782	0.592295026583	0.824963750604	0.887255480909	0.797348849686	0.643212692122	0.682385669406	0.543144113098	0.93312921218	0.733447675205	0.415861638473	0.793932397293	0.0	0.71045359594	0.403499284679	1.5065842291	1.40348044949	0.749929961334	0.680191193813	0.574398840019	0.851371710971	0.615535316578	0.8001940261	0.683944272595	0.68938839536	0.716181459642	0.441323431609	0.444131623973	0.404214775254	0.43540817303	0.549276230063	0.711781846303	0.592440154664	0.632018231029	0.387433769937	0.572099304012
AE5	0.558995563074	0.509431507975	2.29329259062	0.953579371677	0.611716737554	0.719994664089	0.834330149831	0.698492290962	1.00479360561	0.548351768971	1.01082723055	0.564117269212	0.708010898985	1.92162958434	0.588169458676	0.481302431126	0.893162092798	0.886610135331	1.48607834219	1.05756744804	0.964529101015	0.81173242146	1.07252041566	1.0172658289	1.34948280812	0.646290937651	0.902275248913	0.821316036733	0.825385959401	0.817711715805	0.964646244563	0.868422721121	0.877021962301	0.850426254229	0.838330367327	0.696937336878	0.861276007733	0.665137438376	0.71045359594	0.0	0.372341802803	1.19497835669	1.10555868536	0.553822648623	1.1158917303	1.04788246979	0.88145460609	0.83132417593	0.738494262929	0.701747834703	1.0119717448	0.877509526341	0.623274630256	0.62780901885	0.733593204447	0.612728129531	0.567535722571	0.803115857902	0.572913006283	0.786401193813	0.699137999033	0.857392068632
AE6	0.550738902852	0.391739729338	2.37406774287	1.01006621073	0.669173040116	0.504887960367	0.960249816336	0.526489830836	0.714395234413	0.657904030933	0.744167709038	0.543237767037	0.467132798453	2.00068425326	0.551023460609	0.453254035766	0.676737612373	0.683465538908	1.62542329628	1.18373169647	0.961536558724	0.676348704688	0.878739811503	0.823202991783	1.58461300145	0.736280338328	0.698137245046	0.631924161431	0.724226959884	0.774184944418	0.858437501208	0.735550043499	0.666125611406	0.581066732721	0.85727178347	0.628609482842	0.627141445143	0.624586694055	0.403499284679	0.372341802803	0.0	1.29603194297	1.19356464476	0.543121271145	0.878335814403	0.781885741904	0.876635413243	0.698008356694	0.703352460126	0.636398221363	0.851115674239	0.756854238763	0.46109117448	0.481165930401	0.529907303045	0.449397298212	0.410030478492	0.733444572257	0.433447211213	0.636160115998	0.459319618173	0.700000231996
AF5	1.27072344128	1.17395172064	1.31201742388	0.613453562107	1.1562880957	1.31743778637	0.840223276945	1.16924922668	1.36662320445	0.972757075882	1.50466275495	1.19160249879	1.301589855	0.956586771387	1.05730167714	1.2361057274	1.47376480909	1.47380631706	0.978030898985	0.683791846303	1.14277120831	1.19140661189	1.41571761237	1.39504917351	1.45014540841	1.15514972934	1.35555830353	1.28968159497	0.956968849686	0.909422580957	1.47284730788	1.41345686322	1.2441479652	1.3354918608	1.53882571774	1.42751510391	1.58354086032	0.809484069599	1.5065842291	1.19497835669	1.29603194297	0.0	0.169530710488	0.973416384727	1.7269540406	1.62385399227	1.7069859449	1.6631099565	1.51641685355	1.59575402127	1.80013718705	1.72121652489	1.5121398405	1.55176615756	1.58733131948	1.53352343161	1.23736141614	1.65900037216	1.24714681005	1.62199144998	1.37251890768	1.6683522233
AF6	1.17446559691	1.07489290962	1.39462836636	0.538123827936	1.07909701788	1.2221340551	0.774739864669	1.06874946834	1.27679962784	0.872615645239	1.41724926051	1.11011966651	1.20141829386	1.04267145964	0.953697974867	1.13745378927	1.3844601885	1.38184794103	1.01118083615	0.649402624456	1.08479194297	1.1058082262	1.31920340261	1.29434317061	1.43530528275	1.06603803287	1.25861463026	1.1946857129	0.857432435959	0.825692450459	1.39782105365	1.32595355727	1.16022659256	1.23940564524	1.46481551957	1.34435434993	1.47094286129	0.697122977284	1.40348044949	1.10555868536	1.19356464476	0.169530710488	0.0	0.871126041566	1.62343370227	1.52002488642	1.62064284195	1.56560721121	1.42159132431	1.50138073949	1.67716762687	1.62080140648	1.41208959401	1.45332729821	1.4873880522	1.43404452392	1.13762509908	1.56498555341	1.14626107782	1.53305494925	1.27122608023	1.58125920251
AG5	0.674127133881	0.438037955534	2.09723499758	0.798745703238	0.576477762204	0.555795331078	0.740501034316	0.52227857419	0.795685282745	0.483162634123	0.860840483325	0.450853557274	0.575809526341	1.7303239391	0.436027844369	0.593717945868	0.796641058482	0.808224548091	1.4871382262	0.985175036249	0.757763146448	0.685062841953	0.952488902852	0.886135920735	1.42154828903	0.643668047366	0.777070009667	0.725480753987	0.545028743354	0.543049299178	0.958137709038	0.858368579024	0.675616152731	0.685816133398	0.970693093282	0.717052097632	0.782770526825	0.338018211696	0.749929961334	0.553822648623	0.543121271145	0.973416384727	0.871126041566	0.0	1.00507096665	0.924394040599	1.04437298212	0.948939661672	0.814547738038	0.846951353311	1.10719728371	0.996062237796	0.7110620058	0.775473919768	0.835062126631	0.734499951667	0.581817491542	0.935920884485	0.581999105848	0.884624432093	0.64715159014	0.95153157564
