	AA3	AA4	AB3	AB4	AC3	AC4	AD3	AD4	AE3	AE4	AF3	AF4	AG3	AG4	AH3	AH4	AA7	AA8	AB7	AB8	AC7	AC8	AD7	AD8	AE7	AE8	AF7	AF8	AG7	AG8	AH7	AH8	AA5	AA6	AB5	AB6	AC5	AC6	AD6	AE5	AE6	AF5	AF6	AG5	AH5	AH6	AA1	AA2	AB1	AB2	AC1	AC2	AD1	AD2	AE1	AE2	AF1	AF2	AG1	AG2	AH1	AH2
AA3	0.0	0.543360347994	2.24748817786	0.985323252779	0.931989666506	0.783316476559	0.89793318028	0.795903484775	0.899788656356	0.69232821653	0.958123455776	0.755555273079	0.726848980184	1.89903111648	0.718644088932	0.261349869502	0.770107873369	0.774162339294	1.45552608507	1.0286838521	0.777476486225	0.658115558241	0.882980410826	0.867998264862	1.37614999517	0.625598303528	0.775318550024	0.694625413243	0.724658637023	0.660223131948	0.771100961817	0.65232139681	0.895344886419	0.870722479459	1.09272938618	0.932065331078	0.970041179314	0.799831749638	0.849044040599	0.609975258579	0.572291677139	1.29031538424	1.20127374094	0.732675451909	1.11039936684	1.08092427743	1.00743474142	0.916176752054	0.943514871919	0.882384615756	1.08119289995	0.964691445143	0.666457071049	0.720021387144	0.759039594007	0.65842518608	0.552846278395	0.883196263896	0.545167525375	0.914865862736	0.674509565007	0.921323953601
AA4	0.543360347994	0.0	2.26130098598	0.918522924118	0.666072740454	0.518129052682	0.884586616723	0.503928057032	0.647539250846	0.592789888835	0.763748559691	0.436080260996	0.429387037216	1.91550632189	0.280815369744	0.359476732721	0.678470599323	0.666338540358	1.56408682939	1.05127755921	0.850801367811	0.671279386177	0.861340314161	0.798851565974	1.50017345578	0.608911691638	0.653983547608	0.649254664089	0.640060135331	0.639338598357	0.871959163847	0.694185418076	0.644469932334	0.640721309812	0.935011193813	0.700880855486	0.757168670855	0.502033354277	0.614931657806	0.474106268729	0.387846486225	1.23806309812	1.09907468826	0.425878893185	0.912697240213	0.860964422426	0.979109511841	0.782821179314	0.742053267279	0.733189207347	0.963681831803	0.876243431609	0.603435959401	0.639165050749	0.677475137748	0.594849971	0.423224200097	0.826176234896	0.432023861769	0.757813151281	0.462001329145	0.788548709522
AB3	2.24748817786	2.26130098598	0.0	1.46749145964	2.19393159014	2.37958330111	1.92587914451	2.28518159981	2.32667039633	2.09388164331	2.51632457709	2.30491662639	2.33109148381	0.387099275012	2.15754994683	2.26306963751	2.47740728371	2.51329131948	1.16905347994	1.49523845819	1.9949400725	2.21581397293	2.40820389077	2.39971032866	1.91143797003	2.17532110681	2.34662499758	2.29745869502	1.89957755437	1.86742645723	2.45234333978	2.42862989367	2.33354626873	2.39324937168	2.56871040116	2.50575261962	2.6268262929	2.01516549541	2.56269958434	2.33934614306	2.40518107298	1.27793126631	1.39669926051	2.09371671822	2.7448060464	2.66235898985	2.6984618753	2.6736577187	2.5264260754	2.60574939101	2.78907346061	2.72529389077	2.57765189947	2.61354247946	2.60824584824	2.58147867086	2.31055869986	2.67515260029	2.30288043016	2.63524605607	2.40241740454	2.67564431126
AB4	0.985323252779	0.918522924118	1.46749145964	0.0	0.942285447076	1.02872163364	0.773769850169	1.01548088932	1.11627999033	0.797428105365	1.22838677622	0.970621222813	0.905265853069	1.10793132431	0.845186346061	0.916971846303	1.18197757371	1.20118658772	1.01115130981	0.506918095698	0.906363682939	0.978577883035	1.1543658289	1.12083207347	1.26375469792	0.892271522475	1.09220295312	1.03238464476	0.643556466892	0.624607796037	1.27092332528	1.15879275979	1.13263618173	1.15260524891	1.39263695022	1.27001498308	1.3663919623	0.77140060899	1.23059769454	1.01360486225	1.05823821653	0.653217728371	0.523172576124	0.797220541324	1.46931426776	1.39255781537	1.48221139198	1.38133655389	1.28593857902	1.3345718608	1.53964669889	1.46029012566	1.25694945868	1.30908114065	1.32188682939	1.26215681972	1.01233092315	1.40804568391	1.00623286612	1.35296579024	1.0653382407	1.38153557757
AC3	0.931989666506	0.666072740454	2.19393159014	0.942285447076	0.0	0.788686848719	0.853678844853	0.894634359594	0.978548115031	0.685614712421	1.14179775254	0.358949888835	0.84043679072	1.85044498792	0.680225239246	0.792363528275	1.04168823103	1.04426492025	1.47526267279	1.01481804253	1.07451438859	1.06790867569	1.28348139681	1.21989272595	1.31592630256	0.862797713871	1.06202865152	1.0583740551	0.911036085065	0.871798917351	1.212409884	1.04386054616	1.02633893185	1.02568953601	0.813041923635	0.744365775737	1.02557170614	0.720461454809	0.919457651039	0.671973412276	0.760660686322	1.20845612856	1.07096785404	0.601369652006	1.17714344611	1.1327980232	0.931659971	0.940137680039	0.746554214596	0.824791150314	1.09239795553	0.964485799903	0.798059864669	0.861514929918	0.858711164814	0.810176824553	0.836384045433	0.88395722088	0.848304983084	0.875221967134	0.877590106332	0.937823914935
AC4	0.783316476559	0.518129052682	2.37958330111	1.02872163364	0.788686848719	0.0	1.09739999033	0.368411348478	0.45476578057	0.800392590623	0.415952498792	0.491894156597	0.462051246979	2.03187589657	0.655730251329	0.6604600145	0.586815708072	0.551074775254	1.80954282262	1.28308642823	0.903584233929	0.6159420203	0.662804920251	0.604333320445	1.71064147414	0.741376558724	0.527065147414	0.534642527791	0.67158618173	0.748246239729	0.825624852586	0.650789763171	0.461330062832	0.410214693088	0.998419753504	0.741929705172	0.566529961334	0.568959516675	0.464143098115	0.687100589657	0.490625050749	1.37743290478	1.23206659256	0.573813281779	0.691814702755	0.598331599807	1.07686163847	0.773627274045	0.810085722571	0.787168641856	0.894920241663	0.928887138714	0.584466471725	0.644811706138	0.653357365877	0.603341913968	0.599891551474	0.917870604157	0.588570430159	0.758761072982	0.393713726438	0.794630831319
AD3	0.89793318028	0.884586616723	1.92587914451	0.773769850169	0.853678844853	1.09739999033	0.0	1.00952323828	1.22778659256	0.394949217013	1.3366462059	0.948375519575	1.05663942484	1.57847091832	0.791358438859	0.877511585307	1.21157377477	1.21437060899	1.32890957951	0.860318695022	0.87697242146	0.952902397293	1.28069517641	1.2311378057	1.23709186564	0.869114180764	1.14348550507	1.07222874335	0.850527892702	0.768741551474	1.17780936684	1.09134924118	1.21692009667	1.16680095698	1.19585598357	1.08156470759	1.27445083132	0.742424021266	1.22963756887	0.85299919768	0.956475345578	0.837117544708	0.775514103432	0.748187056549	1.3820542581	1.34886801353	1.38633800387	1.36431561624	1.12997303045	1.19315907202	1.50368053166	1.40246577574	1.1779439101	1.22320397293	1.22977059932	1.15646711455	0.967823576607	1.30377346544	0.963893968101	1.22274918318	1.12023801837	1.32335221363
AD4	0.795903484775	0.503928057032	2.28518159981	1.01548088932	0.894634359594	0.368411348478	1.00952323828	0.0	0.24896439826	0.713863069116	0.455521585307	0.647958148864	0.550639453842	1.93952395843	0.610143765104	0.680847158047	0.565220038666	0.537026955051	1.81169709038	1.27717957467	0.860264079265	0.572449869502	0.543371773804	0.508427307878	1.76099037699	0.779156317061	0.436460507492	0.439619656839	0.593896186564	0.713773131948	0.828293281779	0.662522165297	0.296104282262	0.337748951184	1.1258602175	0.86627361044	0.588706877719	0.510082532624	0.496571536974	0.706469415176	0.56166518608	1.26788209763	1.12687720638	0.553461333978	0.713758840019	0.615032730788	1.19788846303	0.883818806187	0.964869753504	0.931326795553	0.9859259739	1.0518878637	0.712866964717	0.734970903818	0.747682102465	0.721897390043	0.567498530691	1.05276007733	0.573845693572	0.90814982117	0.470684842919	0.893378641856
AE3	0.899788656356	0.647539250846	2.32667039633	1.11627999033	0.978548115031	0.45476578057	1.22778659256	0.24896439826	0.0	0.925682150797	0.4062939971	0.736590628323	0.595699047849	1.99061402127	0.706351391977	0.804568289029	0.552389386177	0.544964296762	1.91356994683	1.39117970034	0.95734722088	0.644120792653	0.495330362494	0.508576085065	1.86809334461	0.887185287579	0.439308443693	0.506915751571	0.693672687289	0.826609845336	0.90620080232	0.755458269696	0.193560860319	0.303346292895	1.210750145	0.95088237796	0.578236408893	0.650087491542	0.536790560657	0.857429898502	0.687068936684	1.34749280812	1.20453328178	0.681607887869	0.781759275012	0.621196365394	1.28185143064	0.961108530691	1.06054839053	1.01541394877	1.05542553891	1.13259095698	0.795614736588	0.819855746738	0.819345998067	0.817390826486	0.663408883519	1.14926362494	0.676050536491	0.987756326728	0.572904833253	0.974842643789
AE4	0.69232821653	0.592789888835	2.09388164331	0.797428105365	0.685614712421	0.800392590623	0.394949217013	0.713863069116	0.925682150797	0.0	1.04537082165	0.668769550507	0.784299458676	1.74555296278	0.537174432093	0.594779845336	0.889573566941	0.889218985017	1.42658381344	0.923146558724	0.756645263412	0.724241280812	0.992672870952	0.930607680039	1.2986902755	0.600541522475	0.848164040599	0.768700763654	0.603881034316	0.572662319961	0.934988414693	0.794257549541	0.925334369261	0.895189884002	1.00587895602	0.871385911068	0.980779652006	0.540720024166	0.905369705172	0.600751962301	0.663028651522	1.0221280957	0.885348134364	0.511266278395	1.1304517883	1.09583046399	1.1353720638	1.08641231513	0.917752503625	0.964763330111	1.25480338811	1.14929657806	0.91777518608	0.937257133881	0.931965857902	0.874641648139	0.688549690672	1.05428916868	0.668805070082	0.998707467376	0.801249980667	1.06309111648
AF3	0.958123455776	0.763748559691	2.51632457709	1.22838677622	1.14179775254	0.415952498792	1.3366462059	0.455521585307	0.4062939971	1.04537082165	0.0	0.844292812953	0.662180381827	2.17322893668	0.887063697438	0.871367834703	0.500802638956	0.465798864186	2.02432130498	1.50135933301	1.03900165297	0.762153446109	0.376730033833	0.362273639439	1.96497827453	0.979645500242	0.461947573707	0.568440961817	0.832499386177	0.955925041083	0.818137042049	0.707024088932	0.384184668922	0.427677293378	1.21833034799	1.00250487192	0.492829845336	0.799669656839	0.486782827453	0.942840425326	0.710194659256	1.55161996133	1.40162764621	0.839327878202	0.719870149831	0.552495263412	1.26008940068	0.956454649589	1.12621208313	1.02620480425	1.05258490092	1.10611539391	0.784062373127	0.795535234413	0.804198728855	0.778279980667	0.813148864186	1.10730097632	0.813097341711	0.984110710488	0.538722706622	0.961721406477
AF4	0.755555273079	0.436080260996	2.30491662639	0.970621222813	0.358949888835	0.491894156597	0.948375519575	0.647958148864	0.736590628323	0.668769550507	0.844292812953	0.0	0.579839207347	1.95802251329	0.537962097632	0.590394151764	0.822511159981	0.810768999517	1.61843431126	1.10665220396	0.9373720203	0.825415142581	1.04096681972	0.969737539874	1.45961999033	0.665931527308	0.828298656356	0.827114316095	0.774409260512	0.73973717738	1.00077499758	0.838358835186	0.776136969551	0.760841358144	0.801048835186	0.57735780087	0.760615901402	0.59498020783	0.684419536008	0.534484567424	0.546681082649	1.28318671339	1.14350057516	0.469928820686	0.914081638473	0.855509110681	0.879552576124	0.762363992267	0.610846346061	0.662495741904	0.929651295312	0.810008052199	0.590179574674	0.664999859836	0.688350478492	0.618877704205	0.623350686322	0.736775258579	0.640714079265	0.697175993233	0.630904422426	0.760781488642
AG3	0.726848980184	0.429387037216	2.33109148381	0.905265853069	0.84043679072	0.462051246979	1.05663942484	0.550639453842	0.595699047849	0.784299458676	0.662180381827	0.579839207347	0.0	1.97007968101	0.50759441276	0.587105857902	0.610599260512	0.589927472209	1.73566760271	1.20747768487	0.915724248429	0.641636428226	0.740555741904	0.710572706622	1.60636438859	0.669702363461	0.577836868052	0.573419922668	0.670712653456	0.729113881102	0.840024509425	0.670751614306	0.617349284679	0.583405205413	1.01374866119	0.777193837603	0.737185732238	0.59405478492	0.573415466409	0.670321338811	0.461288815853	1.34050166747	1.20014208313	0.555582701788	0.866363030449	0.802548907685	1.03869560174	0.762004485259	0.829755732238	0.776119937168	0.947085891735	0.890554741421	0.593608487192	0.660509081682	0.688763972934	0.599644751087	0.49544759304	0.907642605123	0.493350599323	0.764373025616	0.384184896085	0.776335505075
AG4	1.89903111648	1.91550632189	0.387099275012	1.10793132431	1.85044498792	2.03187589657	1.57847091832	1.93952395843	1.99061402127	1.74555296278	2.17322893668	1.95802251329	1.97007968101	0.0	1.81766646689	1.91238212663	2.13759895118	2.17019597873	0.911594494925	1.16636996133	1.65516859836	1.87616043016	2.0745017738	2.06089079265	1.64506121798	1.83575324795	2.00773006283	1.95642229096	1.56417910101	1.52962430159	2.1303682117	2.08671644756	1.9980660464	2.04804887869	2.23052441759	2.15954440309	2.28199947801	1.66913151764	2.21708862252	1.99086794103	2.05595618173	0.938743968101	1.05140637506	1.74776992267	2.4036717013	2.31344243113	2.35342334461	2.32903706138	2.17701471725	2.25527530691	2.44571342194	2.37756129531	2.23070778154	2.26374574674	2.26742701788	2.23251848719	1.96484157081	2.32842097148	1.95846337844	2.2842879507	2.05834907202	2.33012055099
AH3	0.718644088932	0.280815369744	2.15754994683	0.845186346061	0.680225239246	0.655730251329	0.791358438859	0.610143765104	0.706351391977	0.537174432093	0.887063697438	0.537962097632	0.50759441276	1.81766646689	0.0	0.529355698405	0.75926040116	0.75474060899	1.53395167231	1.02243534558	0.833994436926	0.717844122765	0.901774108265	0.871109661672	1.45288003867	0.663233334944	0.722050652489	0.716448680522	0.63501479942	0.618298134364	0.96917282262	0.806548037699	0.713203059449	0.733253605607	1.0128840986	0.803425785404	0.888416945384	0.491420971484	0.769800019333	0.566603571774	0.546344678589	1.11494101015	0.971500410826	0.413333895602	1.04904336878	1.00036641373	1.06769504108	0.896556616723	0.82907879652	0.85266637506	1.0616542146	0.986093504108	0.784383895602	0.807256331561	0.799058869019	0.768255596907	0.517978197197	0.940677259546	0.527964509425	0.871153257612	0.599379840503	0.887143122281
AH4	0.261349869502	0.359476732721	2.26306963751	0.916971846303	0.792363528275	0.6604600145	0.877511585307	0.680847158047	0.804568289029	0.594779845336	0.871367834703	0.590394151764	0.587105857902	1.91238212663	0.529355698405	0.0	0.677722054132	0.685695553407	1.46616892702	1.00998182214	0.813155500242	0.631729429676	0.823535036249	0.770135451909	1.36663835669	0.538808366361	0.686127655872	0.637866254229	0.662808506525	0.623269753504	0.771134359594	0.592269033349	0.796812696955	0.767549265346	1.0150461479	0.814915403577	0.884291696472	0.666170067666	0.753300106332	0.51472338811	0.469388941518	1.26961061866	1.13127912518	0.587940584824	1.00822767037	0.980989033349	0.983152875785	0.855885751571	0.840727438376	0.783728791687	1.02559396327	0.91463037216	0.635842358627	0.673667129048	0.713281440309	0.621859782504	0.421847293378	0.846726423393	0.422944615756	0.817476640889	0.576779154181	0.846338540358
AA7	0.770107873369	0.678470599323	2.47740728371	1.18197757371	1.04168823103	0.586815708072	1.21157377477	0.565220038666	0.552389386177	0.889573566941	0.500802638956	0.822511159981	0.610599260512	2.13759895118	0.75926040116	0.677722054132	0.0	0.149749255679	1.80551864669	1.30047130014	0.970622667956	0.6280179797	0.448380947318	0.443990082165	1.73235430159	0.811698192363	0.369674001933	0.403383484775	0.737984267762	0.821641609473	0.611802029966	0.424939081682	0.522595099082	0.537065770904	1.21088541808	1.00210261962	0.565947950701	0.825973794103	0.470046771387	0.885101063316	0.69165497825	1.50033052682	1.36202910585	0.819391309811	0.800859690672	0.671587095215	1.1598280957	0.860317742871	1.10029151281	0.981807945868	0.951738579024	0.996285998067	0.683697346544	0.697086563557	0.720722034799	0.683948844853	0.553039429676	1.00292263896	0.529548332528	0.948811677139	0.493157902368	0.874780120831
AA8	0.774162339294	0.666338540358	2.51329131948	1.20118658772	1.04426492025	0.551074775254	1.21437060899	0.537026955051	0.544964296762	0.889218985017	0.465798864186	0.810768999517	0.589927472209	2.17019597873	0.75474060899	0.685695553407	0.149749255679	0.0	1.82473318995	1.3116840261	0.961641957467	0.600262315128	0.465842605123	0.442115403577	1.74458531658	0.804221677139	0.357406940551	0.398589502175	0.749578646689	0.832374035766	0.593910096665	0.412026906718	0.513674891252	0.507739047849	1.1735240986	0.973534040599	0.529795060416	0.80988900435	0.431217100048	0.851815732238	0.65615922668	1.53889599323	1.40184474142	0.814610492992	0.739870154664	0.627035712905	1.1501161044	0.845117902368	1.07436957467	0.951500468826	0.926838235863	0.976978743354	0.667322445626	0.663732416626	0.67824702755	0.656712522958	0.565376379894	0.991616370227	0.554969023683	0.922964258096	0.455046201063	0.847563711938
AB7	1.45552608507	1.56408682939	1.16905347994	1.01115130981	1.47526267279	1.80954282262	1.32890957951	1.81169709038	1.91356994683	1.42658381344	2.02432130498	1.61843431126	1.73566760271	0.911594494925	1.53395167231	1.46616892702	1.80551864669	1.82473318995	0.0	0.584242619623	1.49789767037	1.60927471242	1.92226416626	1.87786715321	1.09290684872	1.45032293862	1.80035077332	1.71919684389	1.3566957419	1.20779304495	1.71797218946	1.65934715321	1.90289625906	1.90603490575	1.87002098115	1.81831960367	1.98781394393	1.50311716771	1.92392259546	1.5484562494	1.65196268246	1.00033629773	1.01651006283	1.49010659256	2.12987130981	2.09903972934	1.96730668439	1.9731781972	1.8171539971	1.85218724988	2.09934531658	2.00176945868	1.8341319333	1.85398345094	1.85964634606	1.8220699855	1.62198589657	1.93090056066	1.62234185597	1.89165159981	1.77238897052	1.9699661334
AB8	1.0286838521	1.05127755921	1.49523845819	0.506918095698	1.01481804253	1.28308642823	0.860318695022	1.27717957467	1.39117970034	0.923146558724	1.50135933301	1.10665220396	1.20747768487	1.16636996133	1.02243534558	1.00998182214	1.30047130014	1.3116840261	0.584242619623	0.0	1.03747798937	1.11983942968	1.38869535041	1.34655626873	1.10487405993	0.959329956501	1.26321101498	1.17990750604	0.806095538908	0.676770976317	1.25981053649	1.19708147898	1.38589529241	1.39273582407	1.42322802803	1.33919537941	1.4879579652	0.976979081682	1.40116904302	1.08473835669	1.17791062832	0.751466341228	0.678909328178	0.971578482359	1.64194092798	1.5902702755	1.55293271629	1.49768749638	1.36804740454	1.39612434026	1.62194350894	1.54943133398	1.37851018366	1.39153374577	1.39614108748	1.36418873852	1.12888569357	1.49889769937	1.12883478009	1.43255478975	1.24553565007	1.49280697438
AC7	0.777476486225	0.850801367811	1.9949400725	0.906363682939	1.07451438859	0.903584233929	0.87697242146	0.860264079265	0.95734722088	0.756645263412	1.03900165297	0.9373720203	0.915724248429	1.65516859836	0.833994436926	0.813155500242	0.970622667956	0.961641957467	1.49789767037	1.03747798937	0.0	0.488312025133	0.968761246979	0.934613011116	1.39900775737	0.687500927985	0.903472667956	0.793084016433	0.587361754471	0.560649652006	0.880255843403	0.828718888352	0.946734693088	0.921120860319	1.27618662639	1.16091524408	1.16320483809	0.765201256646	1.07769103432	0.957017631706	0.951296476559	1.16259172547	1.10727292412	0.764889898502	1.12415656839	1.04913170614	1.49959057032	1.37837470759	1.21335744804	1.25461247946	1.53978688255	1.46068026583	1.1137218898	1.19297262446	1.21420305945	1.12053662639	0.904849057516	1.37994555824	0.885214847753	1.26202242629	0.906380918318	1.37737695988
AC8	0.658115558241	0.671279386177	2.21581397293	0.978577883035	1.06790867569	0.6159420203	0.952902397293	0.572449869502	0.644120792653	0.724241280812	0.762153446109	0.825415142581	0.641636428226	1.87616043016	0.717844122765	0.631729429676	0.6280179797	0.600262315128	1.60927471242	1.11983942968	0.488312025133	0.0	0.643871290478	0.616464794587	1.53461336394	0.606787153214	0.476252706622	0.372465717738	0.488098235863	0.574269439343	0.61940937651	0.498897196713	0.625992895118	0.605397293378	1.15238282745	0.922763112615	0.808593837603	0.670473910101	0.723819115515	0.823002348961	0.690508472692	1.27225485742	1.1422618173	0.707364127598	0.866172740454	0.796358830353	1.33078975834	1.03248424843	1.04435040116	1.00593017883	1.19415674239	1.17695648623	0.797747941034	0.847205297245	0.867316515225	0.82455159014	0.584219081682	1.16365345578	0.569307133881	0.979086950217	0.568743827936	1.0305839681
AD7	0.882980410826	0.861340314161	2.40820389077	1.1543658289	1.28348139681	0.662804920251	1.28069517641	0.543371773804	0.495330362494	0.992672870952	0.376730033833	1.04096681972	0.740555741904	2.0745017738	0.901774108265	0.823535036249	0.448380947318	0.465842605123	1.92226416626	1.38869535041	0.968761246979	0.643871290478	0.0	0.162166563557	1.86980124215	0.860688313195	0.389980120831	0.453180430159	0.70561702755	0.83436961334	0.72663560174	0.624749086515	0.456582058966	0.52686121798	1.37577437893	1.15847912035	0.641631256646	0.862761043983	0.629870657322	1.0522618463	0.86318621073	1.45642309328	1.31907119381	0.921553890768	0.849094151764	0.708565606573	1.39595322861	1.08300198647	1.272959884	1.18279548574	1.16600486225	1.2444398985	0.934845882069	0.915152440793	0.922967689705	0.926769057516	0.769864214596	1.2601679942	0.754128748188	1.14377253746	0.629879603673	1.08946884002
AD8	0.867998264862	0.798851565974	2.39971032866	1.12083207347	1.21989272595	0.604333320445	1.2311378057	0.508427307878	0.508576085065	0.930607680039	0.362273639439	0.969737539874	0.710572706622	2.06089079265	0.871109661672	0.770135451909	0.443990082165	0.442115403577	1.87786715321	1.34655626873	0.934613011116	0.616464794587	0.162166563557	0.0	1.79979367327	0.783836056066	0.343248356694	0.422235558241	0.660395625906	0.79123118898	0.69175922668	0.566811242146	0.468994074432	0.49438320928	1.31627637989	1.09220820686	0.594546326728	0.797089666506	0.58370217013	0.97844638956	0.790055529241	1.44092692122	1.29699187047	0.852420463992	0.79263521508	0.658874635089	1.35287640889	1.04177916385	1.20819246979	1.11494707588	1.13083637506	1.20138139681	0.868356553891	0.860411967134	0.87260297245	0.864930004833	0.740751290478	1.20711893668	0.733350894152	1.07956562591	0.576210420493	1.04585047366
AE7	1.37614999517	1.50017345578	1.91143797003	1.26375469792	1.31592630256	1.71064147414	1.23709186564	1.76099037699	1.86809334461	1.2986902755	1.96497827453	1.45961999033	1.60636438859	1.64506121798	1.45288003867	1.36663835669	1.73235430159	1.74458531658	1.09290684872	1.10487405993	1.39900775737	1.53461336394	1.86980124215	1.79979367327	0.0	1.04041426293	1.74851673272	1.66725042049	1.35673368777	1.27383491542	1.57170048816	1.54695760754	1.87108103915	1.84883664089	1.70413995167	1.70460258579	1.92356980184	1.51016332044	1.87124748188	1.41259949251	1.5692877332	1.47920941034	1.44125774287	1.43652952634	1.98838544708	1.97977973417	1.7365240116	1.82713866602	1.62458691638	1.67053973417	1.9699457564	1.80194085065	1.67563267279	1.70997705655	1.70242326728	1.64190556307	1.56207109232	1.72400041083	1.55990334944	1.72811660222	1.68862561141	1.81028538424
AE8	0.625598303528	0.608911691638	2.17532110681	0.892271522475	0.862797713871	0.741376558724	0.869114180764	0.779156317061	0.887185287579	0.600541522475	0.979645500242	0.665931527308	0.669702363461	1.83575324795	0.663233334944	0.538808366361	0.811698192363	0.804221677139	1.45032293862	0.959329956501	0.687500927985	0.606787153214	0.860688313195	0.783836056066	1.04041426293	0.0	0.765739521508	0.697098129531	0.61664421943	0.554710405993	0.760920947318	0.661864659256	0.890748438859	0.864565703238	1.09506954567	0.925891735138	0.969498148864	0.690821614306	0.911316766554	0.664986747221	0.68924939101	1.22293109715	1.10062791687	0.640846853552	1.07707917835	1.04023266312	1.1884761189	1.07003811986	0.932954142098	0.951358965684	1.23568723055	1.1697942436	0.872728105365	0.914521005317	0.918701058482	0.866354615756	0.690298453359	1.09215639439	0.671845857902	0.973055717738	0.720806283229	1.08515092798
AF7	0.775318550024	0.653983547608	2.34662499758	1.09220295312	1.06202865152	0.527065147414	1.14348550507	0.436460507492	0.439308443693	0.848164040599	0.461947573707	0.828298656356	0.577836868052	2.00773006283	0.722050652489	0.686127655872	0.369674001933	0.357406940551	1.80035077332	1.26321101498	0.903472667956	0.476252706622	0.389980120831	0.343248356694	1.74851673272	0.765739521508	0.0	0.189975224746	0.602092344128	0.715365867569	0.672125630739	0.552109845336	0.41166858869	0.425145853069	1.17025665539	0.939490048333	0.547752353794	0.68132759304	0.493651725471	0.852698284195	0.653427858869	1.39280877235	1.24764023683	0.721983533108	0.776494949251	0.664176950217	1.22925929435	0.919265654906	1.05676331078	0.985284064766	1.00491912518	1.07447449976	0.752758028033	0.777326297728	0.794375775737	0.769480362494	0.572632928951	1.08010042049	0.568629371677	0.958560304495	0.469475123248	0.929651754471
AF8	0.694625413243	0.649254664089	2.29745869502	1.03238464476	1.0583740551	0.534642527791	1.07222874335	0.439619656839	0.506915751571	0.768700763654	0.568440961817	0.827114316095	0.573419922668	1.95642229096	0.716448680522	0.637866254229	0.403383484775	0.398589502175	1.71919684389	1.17990750604	0.793084016433	0.372465717738	0.453180430159	0.422235558241	1.66725042049	0.697098129531	0.189975224746	0.0	0.543805471242	0.649600821653	0.636394253262	0.495566877719	0.485293460609	0.492765717738	1.18086013533	0.944727902368	0.623866186564	0.680278641856	0.52478959884	0.831778970517	0.648278153697	1.33592476075	1.1928062204	0.72174742871	0.807339540841	0.732568076365	1.23768677622	0.931040889319	1.04792697438	0.990414301595	1.01661152731	1.08356318028	0.755525432576	0.790531111648	0.814536732721	0.776979579507	0.555954214596	1.0891198405	0.539426384727	0.965580343161	0.475345427743	0.936320048333
AG7	0.724658637023	0.640060135331	1.89957755437	0.643556466892	0.911036085065	0.67158618173	0.850527892702	0.593896186564	0.693672687289	0.603881034316	0.832499386177	0.774409260512	0.670712653456	1.56417910101	0.63501479942	0.662808506525	0.737984267762	0.749578646689	1.3566957419	0.806095538908	0.587361754471	0.488098235863	0.70561702755	0.660395625906	1.35673368777	0.61664421943	0.602092344128	0.543805471242	0.0	0.217108448526	0.797885118415	0.685691150314	0.697254949251	0.748692261962	1.24833799903	1.00431281295	0.906673736104	0.459533363944	0.83381222813	0.82332881102	0.726557274045	1.01843028033	0.874426887385	0.514840652489	1.05428765104	0.986046897052	1.35077679072	1.10348051232	1.12210262446	1.08321044466	1.26051551957	1.21014158531	0.918010778154	0.943411710971	0.970899236346	0.909137153214	0.672234388594	1.2091417448	0.658946684389	1.08292538908	0.695527573707	1.10605038183
AG8	0.660223131948	0.639338598357	1.86742645723	0.624607796037	0.871798917351	0.748246239729	0.768741551474	0.713773131948	0.826609845336	0.572662319961	0.955925041083	0.73973717738	0.729113881102	1.52962430159	0.618298134364	0.623269753504	0.821641609473	0.832374035766	1.20779304495	0.676770976317	0.560649652006	0.574269439343	0.83436961334	0.79123118898	1.27383491542	0.554710405993	0.715365867569	0.649600821653	0.217108448526	0.0	0.841996205897	0.749389536008	0.828166578057	0.841345147414	1.2170137361	1.02242697438	1.00531324311	0.500449932334	0.91726879652	0.788624161431	0.763540637989	0.988039811503	0.866675384244	0.498430705655	1.1369360319	1.06614108748	1.32664873852	1.15940144998	1.10691918318	1.10850913968	1.32451934751	1.25913656839	0.974656471725	0.994571208313	1.01550821653	0.962399453842	0.726805630739	1.20615949251	0.711345862736	1.13144888835	0.759069255679	1.16292464959
AH7	0.771100961817	0.871959163847	2.45234333978	1.27092332528	1.212409884	0.825624852586	1.17780936684	0.828293281779	0.90620080232	0.934988414693	0.818137042049	1.00077499758	0.840024509425	2.1303682117	0.96917282262	0.771134359594	0.611802029966	0.593910096665	1.71797218946	1.25981053649	0.880255843403	0.61940937651	0.72663560174	0.69175922668	1.57170048816	0.760920947318	0.672125630739	0.636394253262	0.797885118415	0.841996205897	0.0	0.278837187047	0.894032044466	0.871756781054	1.17013381827	1.02039551474	0.823668289029	0.959022493958	0.804521735138	0.956879439343	0.826221764137	1.51964729821	1.41409762204	0.961551599807	0.931771899468	0.900645364911	1.30376305945	1.02298060416	1.1893298405	1.0360541131	1.15600752054	1.1531601015	0.825112339294	0.831675263412	0.833694224263	0.82615922668	0.781868458192	1.16039556307	0.767223566941	1.00968039633	0.71690038666	1.02605456259
AH8	0.65232139681	0.694185418076	2.42862989367	1.15879275979	1.04386054616	0.650789763171	1.09134924118	0.662522165297	0.755458269696	0.794257549541	0.707024088932	0.838358835186	0.670751614306	2.08671644756	0.806548037699	0.592269033349	0.424939081682	0.412026906718	1.65934715321	1.19708147898	0.828718888352	0.498897196713	0.624749086515	0.566811242146	1.54695760754	0.661864659256	0.552109845336	0.495566877719	0.685691150314	0.749389536008	0.278837187047	0.0	0.7407280232	0.702186505558	1.11044751571	0.905953629773	0.724971150314	0.811262899952	0.626066481392	0.792667510875	0.644116437893	1.461999797	1.32789149348	0.815698076365	0.813370439826	0.769656346061	1.13649865152	0.859709884002	1.03906933784	0.873349260512	0.99101861769	0.997668105365	0.631823687772	0.660286234896	0.678902450459	0.652708226196	0.599324572257	0.987040086999	0.58453579507	0.84893881102	0.530846495892	0.864492068632
AA5	0.895344886419	0.644469932334	2.33354626873	1.13263618173	1.02633893185	0.461330062832	1.21692009667	0.296104282262	0.193560860319	0.925334369261	0.384184668922	0.776136969551	0.617349284679	1.9980660464	0.713203059449	0.796812696955	0.522595099082	0.513674891252	1.90289625906	1.38589529241	0.946734693088	0.625992895118	0.456582058966	0.468994074432	1.87108103915	0.890748438859	0.41166858869	0.485293460609	0.697254949251	0.828166578057	0.894032044466	0.7407280232	0.0	0.230740782987	1.20866072982	0.944223711938	0.565684644756	0.627197747704	0.54833918318	0.828110575157	0.656422537458	1.33801259546	1.18736335428	0.669452460126	0.780574838086	0.609934886419	1.30526847269	0.992780507492	1.06633222813	1.02822560657	1.09004347028	1.15584546641	0.803713189947	0.83411881102	0.82982261479	0.822553977767	0.64208901885	1.15631256646	0.655490913485	1.000819855	0.550848487192	1.004769884
AA6	0.870722479459	0.640721309812	2.39324937168	1.15260524891	1.02568953601	0.410214693088	1.16680095698	0.337748951184	0.303346292895	0.895189884002	0.427677293378	0.760841358144	0.583405205413	2.04804887869	0.733253605607	0.767549265346	0.537065770904	0.507739047849	1.90603490575	1.39273582407	0.921120860319	0.605397293378	0.52686121798	0.49438320928	1.84883664089	0.864565703238	0.425145853069	0.492765717738	0.748692261962	0.841345147414	0.871756781054	0.702186505558	0.230740782987	0.0	1.10000130981	0.859753069116	0.508114378927	0.626312991783	0.477153392943	0.804856075399	0.603095954567	1.39767964234	1.24591732238	0.681373407443	0.607175621073	0.450146089898	1.22333590623	0.920074166264	0.982777554374	0.921239874335	1.01631722571	1.06849810053	0.704385766071	0.759513146448	0.761933315611	0.736938830353	0.63614182697	1.05479875302	0.642359497342	0.893866379894	0.513200734654	0.924798786854
AB5	1.09272938618	0.935011193813	2.56871040116	1.39263695022	0.813041923635	0.998419753504	1.19585598357	1.1258602175	1.210750145	1.00587895602	1.21833034799	0.801048835186	1.01374866119	2.23052441759	1.0128840986	1.0150461479	1.21088541808	1.1735240986	1.87002098115	1.42322802803	1.27618662639	1.15238282745	1.37577437893	1.31627637989	1.70413995167	1.09506954567	1.17025665539	1.18086013533	1.24833799903	1.2170137361	1.17013381827	1.11044751571	1.20866072982	1.10000130981	0.0	0.340544673755	0.968165558241	1.06039076365	0.951759062349	0.822481251812	0.85986057999	1.62535491058	1.4934818898	0.981862353794	0.963820691155	0.958071933301	0.83654442726	0.902445529241	0.71631057999	0.739874340261	1.04976306912	0.900229134848	0.802967075882	0.88192222813	0.885339371677	0.869372029966	1.02089144998	0.802651517641	1.01963309328	0.771656186564	1.00777676655	0.88316022233
AB6	0.932065331078	0.700880855486	2.50575261962	1.27001498308	0.744365775737	0.741929705172	1.08156470759	0.86627361044	0.95088237796	0.871385911068	1.00250487192	0.57735780087	0.777193837603	2.15954440309	0.803425785404	0.814915403577	1.00210261962	0.973534040599	1.81831960367	1.33919537941	1.16091524408	0.922763112615	1.15847912035	1.09220820686	1.70460258579	0.925891735138	0.939490048333	0.944727902368	1.00431281295	1.02242697438	1.02039551474	0.905953629773	0.944223711938	0.859753069116	0.340544673755	0.0	0.768849748671	0.797552595457	0.755415848236	0.685827211213	0.624734224263	1.49964725955	1.36368702755	0.739518540358	0.788269772837	0.770507713871	0.777592252296	0.680114243596	0.548828477525	0.514821043983	0.838685036249	0.716272078299	0.582248801353	0.690736481392	0.698831527308	0.666250874819	0.766058028033	0.654354171097	0.768529927501	0.543029502175	0.785961720638	0.6660399855
AC5	0.970041179314	0.757168670855	2.6268262929	1.3663919623	1.02557170614	0.566529961334	1.27445083132	0.588706877719	0.578236408893	0.980779652006	0.492829845336	0.760615901402	0.737185732238	2.28199947801	0.888416945384	0.884291696472	0.565947950701	0.529795060416	1.98781394393	1.4879579652	1.16320483809	0.808593837603	0.641631256646	0.594546326728	1.92356980184	0.969498148864	0.547752353794	0.623866186564	0.906673736104	1.00531324311	0.823668289029	0.724971150314	0.565684644756	0.508114378927	0.968165558241	0.768849748671	0.0	0.775882643789	0.399189801837	0.858768965684	0.694959555341	1.65373502658	1.50438975834	0.805358400193	0.530232957951	0.40895918318	1.03475472209	0.730883876269	0.916623533108	0.816346239729	0.809486771387	0.857827491542	0.594310865152	0.568762189464	0.579985016916	0.613094456259	0.792739608507	0.890192928951	0.776613644273	0.773680952151	0.589602817786	0.732250459159
AC6	0.799831749638	0.502033354277	2.01516549541	0.77140060899	0.720461454809	0.568959516675	0.742424021266	0.510082532624	0.650087491542	0.540720024166	0.799669656839	0.59498020783	0.59405478492	1.66913151764	0.491420971484	0.666170067666	0.825973794103	0.80988900435	1.50311716771	0.976979081682	0.765201256646	0.670473910101	0.862761043983	0.797089666506	1.51016332044	0.690821614306	0.68132759304	0.680278641856	0.459533363944	0.500449932334	0.959022493958	0.811262899952	0.627197747704	0.626312991783	1.06039076365	0.797552595457	0.775882643789	0.0	0.763070570324	0.65098677622	0.589311594973	0.922184021266	0.772746263896	0.281182310295	0.965292904785	0.879163296278	1.16689055099	0.991236321895	0.922882097632	0.923779478009	1.14770935718	1.07917469792	0.799104886419	0.858050990817	0.882486549058	0.796724378927	0.608660309328	1.03362082165	0.607389328178	0.939602928951	0.630233591107	1.00557855486
AD6	0.849044040599	0.614931657806	2.56269958434	1.23059769454	0.919457651039	0.464143098115	1.22963756887	0.496571536974	0.536790560657	0.905369705172	0.486782827453	0.684419536008	0.573415466409	2.21708862252	0.769800019333	0.753300106332	0.470046771387	0.431217100048	1.92392259546	1.40116904302	1.07769103432	0.723819115515	0.629870657322	0.58370217013	1.87124748188	0.911316766554	0.493651725471	0.52478959884	0.83381222813	0.91726879652	0.804521735138	0.626066481392	0.54833918318	0.477153392943	0.951759062349	0.755415848236	0.399189801837	0.763070570324	0.0	0.756266781054	0.501463992267	1.58114509908	1.43964205413	0.776710666989	0.573548482359	0.489880323828	0.933790536491	0.634462812953	0.858967844369	0.737468443693	0.733946384727	0.788341237313	0.495502899952	0.490957984534	0.516837167714	0.500193702272	0.622635635573	0.791577346544	0.619594949251	0.697763378444	0.416771962301	0.639075195747
AE5	0.609975258579	0.474106268729	2.33934614306	1.01360486225	0.671973412276	0.687100589657	0.85299919768	0.706469415176	0.857429898502	0.600751962301	0.942840425326	0.534484567424	0.670321338811	1.99086794103	0.566603571774	0.51472338811	0.885101063316	0.851815732238	1.5484562494	1.08473835669	0.957017631706	0.823002348961	1.0522618463	0.97844638956	1.41259949251	0.664986747221	0.852698284195	0.831778970517	0.82332881102	0.788624161431	0.956879439343	0.792667510875	0.828110575157	0.804856075399	0.822481251812	0.685827211213	0.858768965684	0.65098677622	0.756266781054	0.0	0.319990599323	1.29006093765	1.14748480425	0.557642097632	1.01833276945	0.993019671339	0.883781251812	0.806898235863	0.73667421943	0.685469144514	0.976310575157	0.870707109715	0.604493518608	0.661061807637	0.697353972934	0.594251309812	0.527129850169	0.79457878202	0.554216645723	0.724466292895	0.668972885452	0.802004267762
AE6	0.572291677139	0.387846486225	2.40518107298	1.05823821653	0.760660686322	0.490625050749	0.956475345578	0.56166518608	0.687068936684	0.663028651522	0.710194659256	0.546681082649	0.461288815853	2.05595618173	0.546344678589	0.469388941518	0.69165497825	0.65615922668	1.65196268246	1.17791062832	0.951296476559	0.690508472692	0.86318621073	0.790055529241	1.5692877332	0.68924939101	0.653427858869	0.648278153697	0.726557274045	0.763540637989	0.826221764137	0.644116437893	0.656422537458	0.603095954567	0.85986057999	0.624734224263	0.694959555341	0.589311594973	0.501463992267	0.319990599323	0.0	1.37911430159	1.23389297728	0.532300971484	0.83426059449	0.79527838086	0.886303238279	0.678288641856	0.717145234413	0.594529188014	0.846796428226	0.761503711938	0.464252556791	0.514918448526	0.539729347511	0.449851488642	0.418005621073	0.730842247463	0.423919830836	0.607826935718	0.457371536974	0.6776220203
AF5	1.29031538424	1.23806309812	1.27793126631	0.653217728371	1.20845612856	1.37743290478	0.837117544708	1.26788209763	1.34749280812	1.0221280957	1.55161996133	1.28318671339	1.34050166747	0.938743968101	1.11494101015	1.26961061866	1.50033052682	1.53889599323	1.00033629773	0.751466341228	1.16259172547	1.27225485742	1.45642309328	1.44092692122	1.47920941034	1.22293109715	1.39280877235	1.33592476075	1.01843028033	0.988039811503	1.51964729821	1.461999797	1.33801259546	1.39767964234	1.62535491058	1.49964725955	1.65373502658	0.922184021266	1.58114509908	1.29006093765	1.37911430159	0.0	0.210248728855	1.02062747221	1.78121721605	1.67908161431	1.77369153697	1.69967924118	1.59077614306	1.63789674239	1.83976668922	1.79322834703	1.58645346061	1.63548239729	1.64690531174	1.59330435959	1.29288151764	1.73348666022	1.29205921701	1.65756320928	1.4296020203	1.70432291445
AF6	1.20127374094	1.09907468826	1.39669926051	0.523172576124	1.07096785404	1.23206659256	0.775514103432	1.12687720638	1.20453328178	0.885348134364	1.40162764621	1.14350057516	1.20014208313	1.05140637506	0.971500410826	1.13127912518	1.36202910585	1.40184474142	1.01651006283	0.678909328178	1.10727292412	1.1422618173	1.31907119381	1.29699187047	1.44125774287	1.10062791687	1.24764023683	1.1928062204	0.874426887385	0.866675384244	1.41409762204	1.32789149348	1.18736335428	1.24591732238	1.4934818898	1.36368702755	1.50438975834	0.772746263896	1.43964205413	1.14748480425	1.23389297728	0.210248728855	0.0	0.877928980184	1.63267843403	1.5334982697	1.63829698888	1.55528092315	1.44645816336	1.49380681489	1.68825068149	1.64630750604	1.44345886419	1.49080095698	1.49909702755	1.44981915901	1.14539555341	1.58921040116	1.14636804253	1.50933072982	1.28726544224	1.55724552441
AG5	0.732675451909	0.425878893185	2.09371671822	0.797220541324	0.601369652006	0.573813281779	0.748187056549	0.553461333978	0.681607887869	0.511266278395	0.839327878202	0.469928820686	0.555582701788	1.74776992267	0.413333895602	0.587940584824	0.819391309811	0.814610492992	1.49010659256	0.971578482359	0.764889898502	0.707364127598	0.921553890768	0.852420463992	1.43652952634	0.640846853552	0.721983533108	0.72174742871	0.514840652489	0.498430705655	0.961551599807	0.815698076365	0.669452460126	0.681373407443	0.981862353794	0.739518540358	0.805358400193	0.281182310295	0.776710666989	0.557642097632	0.532300971484	1.02062747221	0.877928980184	0.0	0.977365094248	0.913138753021	1.07775666022	0.923629739004	0.839174934751	0.848778840019	1.09762367327	1.00506248913	0.744107670372	0.80090019333	0.819310918318	0.725216549058	0.590102474625	0.948097448043	0.583547723538	0.858216955051	0.619447356211	0.941738168197
