	AA3	AA4	AB3	AB4	AC3	AC4	AD3	AD4	AE3	AE4	AF3	AF4	AG3	AG4	AH3	AH4	AA7	AA8	AB7	AB8	AC7	AC8	AD7	AD8	AE7	AE8	AF7	AF8	AG7	AG8	AH7	AH8	AA5	AA6	AB5	AB6	AC5	AC6	AD6	AE5	AE6	AF5	AF6	AG5	AH5	AH6	AA1	AA2	AB1	AB2	AC1	AC2	AD1	AD2	AE1	AE2	AF1	AF2	AG1	AG2	AH1	AH2
AA3	0.0	0.581847897535	2.26325403577	0.990790952151	0.86603497825	0.78586897535	0.919994127598	0.796278646689	0.958339980667	0.702748646689	0.998307095215	0.79349680522	0.734938917351	1.95458295795	0.762255142581	0.32591157564	0.820816355727	0.714878240696	1.46054862252	1.09523022233	0.785966988884	0.683660009667	0.886169265346	0.869873228613	1.3771019043	0.622782619623	0.810641280812	0.689726549058	0.68757878202	0.66288759304	0.750006650556	0.689176549058	0.889990797487	0.841843214113	1.08325438859	0.924681735138	0.965459468342	0.787734765587	0.774781237313	0.617760140164	0.629670468826	1.26706519091	1.21501527308	0.720470497825	1.1099922523	1.06795279845	0.959317989367	0.958296558724	0.947974523925	0.877952880619	1.05066900918	0.956007293378	0.659070850652	0.755513465442	0.764866462059	0.645133939101	0.579153156114	0.906599903335	0.544074789754	0.964050652489	0.658214132431	0.993059057516
AA4	0.581847897535	0.0	2.24121450942	0.879973484775	0.592684432093	0.615667747704	0.92163442726	0.559190565491	0.765092489125	0.631679279845	0.874588322861	0.466105302078	0.433182832286	1.92940619623	0.279258419526	0.331157549541	0.714361343644	0.678141904302	1.52590453359	1.07327308362	0.862598791687	0.665184543258	0.892108269696	0.84055699855	1.46430301595	0.614769028516	0.719548627356	0.669251546641	0.687321739971	0.70040319478	0.901780811986	0.735729270179	0.69107939101	0.650169719671	0.906811527308	0.673876592557	0.834018482359	0.573376950217	0.607782957951	0.482681242146	0.423216926051	1.16351554374	1.12052930884	0.490744359594	0.994040971484	0.906267037216	0.886909946834	0.800689347511	0.736950328661	0.748012464959	0.912380512325	0.86703937651	0.592907071049	0.689324852586	0.686045340744	0.607933668439	0.468751068149	0.83422459159	0.451858405027	0.809145316578	0.497373127115	0.806771788304
AB3	2.26325403577	2.24121450942	0.0	1.48778164331	2.19502893668	2.39129806187	1.87183919285	2.28478980184	2.40738122765	2.04622543741	2.53546416626	2.24078111648	2.31324837119	0.349662310295	2.16678845336	2.2705081247	2.49031634606	2.47377620106	1.17383894635	1.4364020928	1.96146671822	2.18545108748	2.38861198163	2.42065657322	1.89541689705	2.14495762204	2.38677447559	2.29482855002	1.92634063799	1.83146249879	2.44487951667	2.44053926535	2.30965785404	2.38355078299	2.56647316095	2.45228758337	2.64273378444	1.99845938618	2.5131522088	2.28810863702	2.39124051232	1.33231042049	1.37495692605	2.10435195747	2.73879488159	2.65195670372	2.66768706622	2.68999045916	2.53489826486	2.61343378927	2.7580681972	2.72191662156	2.54608121315	2.64307184147	2.61956544708	2.56292512325	2.30602970517	2.66654616723	2.29915664572	2.67670840986	2.39281675205	2.70600796037
AB4	0.990790952151	0.879973484775	1.48778164331	0.0	0.907908656356	1.03132709038	0.778971720638	0.988220531658	1.18966488159	0.728740323828	1.24928753021	0.913337965201	0.856105239246	1.16020501692	0.857106191397	0.918294117931	1.19216690188	1.14591645239	1.04023766071	0.565321860802	0.880612904785	0.905120029	1.13842032383	1.14740999033	1.27285252779	0.869198289029	1.15363360561	1.02589637989	0.672586534558	0.602283494442	1.25425227646	1.16202028033	1.10658699855	1.10921259062	1.38211920251	1.21654325278	1.37212633156	0.73746181247	1.16797672305	0.939677887869	1.04044285162	0.594806505558	0.573013716771	0.81432860319	1.46146037216	1.37590652489	1.43071546641	1.391559971	1.29251483325	1.32266003383	1.49444285162	1.45692123248	1.21307909618	1.33746806187	1.33332652006	1.23307076849	1.00504628323	1.40821602707	0.999225722571	1.39638688255	1.05305292412	1.40492484775
AC3	0.86603497825	0.592684432093	2.19502893668	0.907908656356	0.0	0.733654857419	0.884665857902	0.768364113098	0.981470628323	0.628121353311	1.04143160464	0.269582580957	0.739966761721	1.89171814886	0.646447501208	0.71741717738	0.974812445626	0.932574726921	1.48381633156	1.06968662156	0.986757491542	0.943475761237	1.20083476075	1.13986894152	1.34405012566	0.80838679072	1.01390940551	0.979182687289	0.858050434993	0.824861063316	1.14928068149	0.99157821653	0.955759898502	0.900210768487	0.820446138231	0.699638115031	0.995713827936	0.687987907202	0.824179134848	0.5879039826	0.672843069116	1.13212565974	1.0996218028	0.569569990333	1.14776105365	1.07865898985	0.888437887869	0.948824113098	0.739701372644	0.817677303045	1.07219854519	0.957730091832	0.723991290478	0.870714514258	0.880892856452	0.768525901402	0.814216022233	0.878149468342	0.772531256646	0.927569275012	0.803388124698	0.944269318511
AC4	0.78586897535	0.615667747704	2.39129806187	1.03132709038	0.733654857419	0.0	1.15626698888	0.361469217013	0.479862866119	0.851863644273	0.397908801353	0.559658192363	0.467517597873	2.08128019816	0.713985896568	0.631108197197	0.585348028033	0.546795819236	1.83449218463	1.3501881102	0.897557955534	0.614067941034	0.655313687772	0.610472895118	1.72716744804	0.720387080715	0.544382339294	0.52283582407	0.676016834219	0.78032757854	0.831849052682	0.600751749638	0.495692928951	0.40247377477	0.988578298695	0.763033272112	0.58185257129	0.617156278395	0.394139308845	0.750781469309	0.468209439343	1.33711433059	1.29657121798	0.560311643306	0.707907085549	0.620067245046	1.01397146931	0.818158622523	0.841340879652	0.819874886419	0.867054311261	0.939278598357	0.609308622523	0.711619386177	0.689119565007	0.618660613823	0.623640536491	0.963543571774	0.643766761721	0.781847071049	0.456180913485	0.804139826003
AD3	0.919994127598	0.92163442726	1.87183919285	0.778971720638	0.884665857902	1.15626698888	0.0	1.02567431126	1.34751632189	0.382003276945	1.4030242581	0.934254693088	1.06410970034	1.56180562107	0.86357778637	0.929535843403	1.27297068632	1.17882234413	1.28590856936	0.837577767037	0.876646945384	0.988999492508	1.30508570324	1.28809570807	1.21618736104	0.890031324311	1.23685205413	1.11278889319	0.890582015466	0.770619642339	1.20186510875	1.14603604157	1.23796078782	1.18129694538	1.2557718898	1.09370233929	1.33688255679	0.758771300145	1.1629779362	0.862892730788	0.983664171097	0.818447612373	0.752392493958	0.802113731271	1.46251799903	1.39752112615	1.39035038666	1.4111738666	1.18766991783	1.24050532624	1.51641080232	1.43870339294	1.19834761721	1.29968866602	1.29124387627	1.19665455292	1.0187559159	1.34162320445	1.00047835186	1.31816294345	1.14215514258	1.40245265346
AD4	0.796278646689	0.559190565491	2.28478980184	0.988220531658	0.768364113098	0.361469217013	1.02567431126	0.0	0.35443560174	0.722085398743	0.509872730788	0.633064006767	0.530836510391	1.97300033833	0.620585940068	0.596667167714	0.56898622523	0.57125977767	1.7964177477	1.31008972934	0.840873794103	0.554025925568	0.577029719671	0.546442131464	1.74329785404	0.704583006283	0.499116563557	0.46534101015	0.55591300145	0.713468859352	0.8287639826	0.597836114065	0.331975843403	0.336342914451	1.0754859304	0.810374436926	0.588985103915	0.518582624456	0.46082301595	0.708944461092	0.494003769937	1.2086281392	1.16105338811	0.493556500725	0.714851730304	0.627952044466	1.1117978057	0.887047694538	0.953671420976	0.934458690188	0.950946167231	1.03426592073	0.699475181247	0.741217216046	0.715531662639	0.687457612373	0.583846437893	1.06208958917	0.611133571774	0.88243380377	0.511402145964	0.871229478009
AE3	0.958339980667	0.765092489125	2.40738122765	1.18966488159	0.981470628323	0.479862866119	1.34751632189	0.35443560174	0.0	1.03490904302	0.352009714838	0.837638738521	0.631929386177	2.10689602707	0.804288608023	0.78743057999	0.505583769937	0.614815050749	1.9992961624	1.52575688255	1.03753424843	0.715737080715	0.421537095215	0.43135921218	1.97168285162	0.934464678589	0.429904258096	0.48880618173	0.746120560657	0.924395268246	0.910989801837	0.695055089415	0.290179304012	0.337225495408	1.19432232479	0.968426529725	0.537415630739	0.7573340116	0.573283779604	0.975168269696	0.671970942484	1.37214704688	1.35066534558	0.732565306912	0.773023117448	0.640682155631	1.22193264379	0.990854354761	1.09872054616	1.05303317061	1.03721813436	1.14506609473	0.811590918318	0.852896442726	0.816342015466	0.811066215563	0.731185519575	1.1823837216	0.779066254229	1.00191929435	0.634950333494	0.981205360077
AE4	0.702748646689	0.631679279845	2.04622543741	0.728740323828	0.628121353311	0.851863644273	0.382003276945	0.722085398743	1.03490904302	0.0	1.09984103915	0.642393436443	0.773313808603	1.73235902852	0.594448448526	0.640502339294	0.967280836153	0.880078622523	1.40948814403	0.939495031416	0.74068701305	0.700750879652	1.00418507492	0.983200676655	1.27624038183	0.618429690672	0.933804688255	0.810916810053	0.627045466409	0.579733745771	0.960368859352	0.85304557274	0.935337375544	0.888168013533	1.04042320928	0.862398318028	1.03681811986	0.52551358144	0.852456669889	0.589745036249	0.684495683905	0.916512281295	0.869415026583	0.518604093765	1.1823322088	1.11604506042	1.13482101015	1.13880275979	0.957056297728	1.00282595457	1.25904239246	1.17202565491	0.931013040116	1.01988444176	1.019399855	0.920568994683	0.7387920203	1.08866736104	0.716774765587	1.07789733688	0.83812781537	1.13094743354
AF3	0.998307095215	0.874588322861	2.53546416626	1.24928753021	1.04143160464	0.397908801353	1.4030242581	0.509872730788	0.352009714838	1.09984103915	0.0	0.864700439826	0.720978791687	2.22847548574	0.958690251329	0.872011807637	0.506793310778	0.577225480909	2.06016602223	1.57934954567	1.07403489609	0.801139313678	0.427731527308	0.40721940551	2.00859819236	0.979559942001	0.491794736588	0.603211227646	0.840693736104	0.99060861769	0.858837970034	0.667155534074	0.464372827453	0.466802218463	1.17620946834	1.00262670372	0.451559139681	0.842165708072	0.520946747221	1.00534296278	0.700788313195	1.51647746738	1.47634032866	0.800719246013	0.691024248429	0.575807095215	1.18868774287	0.956038134364	1.11296666506	1.02162901402	0.994607143548	1.06994142581	0.796981841469	0.807181295312	0.791625050749	0.754019971	0.852596771387	1.12442739488	0.888426051232	0.946937515708	0.630481227646	0.941164113098
AF4	0.79349680522	0.466105302078	2.24078111648	0.913337965201	0.269582580957	0.559658192363	0.934254693088	0.633064006767	0.837638738521	0.642393436443	0.864700439826	0.0	0.590835152247	1.93392706138	0.526222648623	0.618830120831	0.856789671339	0.828825311745	1.56469277429	1.08850743354	0.88653121798	0.805610309328	1.06547232479	1.00036970517	1.43318544708	0.677486065732	0.881816655389	0.852462319961	0.771259482842	0.737270807153	1.03313666022	0.887994030933	0.819607796037	0.762391899468	0.784493291445	0.578385944901	0.827533644273	0.59734719188	0.705014359594	0.535528361527	0.544122895118	1.14872683905	1.11766902368	0.491443175447	0.986639255679	0.904947051716	0.821198960851	0.811350125665	0.650566640889	0.690010024166	0.942722721121	0.851160898985	0.602257071049	0.737617955534	0.748069444176	0.664493760271	0.705615606573	0.786153199613	0.678920053166	0.775896737554	0.689220613823	0.804651541808
AG3	0.734938917351	0.433182832286	2.31324837119	0.856105239246	0.739966761721	0.467517597873	1.06410970034	0.530836510391	0.631929386177	0.773313808603	0.720978791687	0.590835152247	0.0	1.98679142581	0.474915210246	0.5136679797	0.585412701788	0.579991938134	1.72103302078	1.24185778154	0.905584436926	0.603382348961	0.746010009667	0.702770898985	1.61187457709	0.661594335428	0.595805998067	0.580115451909	0.655376307395	0.749962730788	0.849639449009	0.682837902368	0.591536674722	0.543784915418	0.973373267279	0.76600380377	0.758475041083	0.604389023683	0.553316926051	0.657619550507	0.427846631223	1.25239687772	1.21806301595	0.536009076849	0.88609102465	0.792091097148	0.956846563557	0.795049937168	0.814466858386	0.78110460609	0.901065374577	0.882610125665	0.573005650072	0.683157254712	0.684547670372	0.587261101982	0.480267704205	0.929376471725	0.494151802803	0.802146563557	0.424380086999	0.81850081682
AG4	1.95458295795	1.92940619623	0.349662310295	1.16020501692	1.89171814886	2.08128019816	1.56180562107	1.97300033833	2.10689602707	1.73235902852	2.22847548574	1.93392706138	1.98679142581	0.0	1.86161263896	1.95659391493	2.18878689222	2.16968721121	0.942531242146	1.13671517158	1.65564872885	1.87527960367	2.08698132914	2.11697703722	1.65824387627	1.84106179797	2.0810282697	1.98569335428	1.62582460126	1.52689914451	2.15533586274	2.13623248913	2.00971677139	2.07298600773	2.26878958434	2.14723410826	2.33642482359	1.69173956984	2.20070174964	1.97733347028	2.07898106332	1.0327741131	1.07430578057	1.79608550024	2.43120157081	2.34184040599	2.35716109232	2.37867582407	2.22213446593	2.29805714355	2.45114777187	2.41268398743	2.23820014016	2.33316914451	2.31623217496	2.25305193813	1.9972459449	2.3560100435	1.99398279362	2.36164241663	2.08611149348	2.39666748671
AH3	0.762255142581	0.279258419526	2.16678845336	0.857106191397	0.646447501208	0.713985896568	0.86357778637	0.620585940068	0.804288608023	0.594448448526	0.958690251329	0.526222648623	0.474915210246	1.86161263896	0.0	0.497375833736	0.74712239246	0.747996534558	1.54966951667	1.07478443693	0.868870038666	0.70312217013	0.910261072982	0.882111754471	1.4833381102	0.679281068149	0.770562638956	0.72883858869	0.678121232479	0.681134731754	0.977335790237	0.819666394393	0.703754050266	0.723496365394	1.00437820203	0.770439217013	0.916982083132	0.537913020783	0.731520488159	0.565542281295	0.559217510875	1.07442779604	1.02977707588	0.470122875785	1.08855125181	1.00532506042	1.00605922185	0.915540952151	0.851451522475	0.861825490575	1.02063129531	0.990187733204	0.742057080715	0.82684739971	0.809043663606	0.750117298212	0.545638922185	0.956355674239	0.528832319961	0.913463175447	0.603973663606	0.931986824553
AH4	0.32591157564	0.331157549541	2.2705081247	0.918294117931	0.71741717738	0.631108197197	0.929535843403	0.596667167714	0.78743057999	0.640502339294	0.872011807637	0.618830120831	0.5136679797	1.95659391493	0.497375833736	0.0	0.643925514741	0.581946713388	1.50248987434	1.09799507008	0.824472745288	0.573776263896	0.777501275979	0.731054876752	1.45847960851	0.567629903335	0.647064707588	0.56789438376	0.618397143548	0.655823035283	0.753447071049	0.576267477042	0.710967515708	0.680471319478	0.978978695022	0.764221527308	0.829959734171	0.606525055582	0.607117984534	0.49689737071	0.452327631706	1.21427758821	1.17163157564	0.53165359594	0.978538318028	0.917798622523	0.906660739488	0.822200797487	0.821427375544	0.748185954567	0.92896280812	0.862852624456	0.555672576124	0.654405456742	0.662873484775	0.551194359594	0.356879753504	0.856044925085	0.336214688255	0.800996167231	0.470178274529	0.829484407927
AA7	0.820816355727	0.714361343644	2.49031634606	1.19216690188	0.974812445626	0.585348028033	1.27297068632	0.56898622523	0.505583769937	0.967280836153	0.506793310778	0.856789671339	0.585412701788	2.18878689222	0.74712239246	0.643925514741	0.0	0.201860705655	1.85287924601	1.39407739488	1.0020440116	0.630751242146	0.438973953601	0.397706607057	1.79947779604	0.815333823103	0.347000855486	0.415684238763	0.743308235863	0.876304789754	0.668714934751	0.406045722571	0.456211561141	0.503282885452	1.19109465926	1.03498874335	0.536863856936	0.789632068632	0.530124668922	0.89143882552	0.66940417593	1.45319541808	1.42283014016	0.783183238279	0.799080053166	0.664505509908	1.1152978927	0.887168139198	1.09697341228	1.00182354277	0.924146515225	1.00474758337	0.720605157081	0.72850619623	0.703610512325	0.691357535041	0.534214180764	1.05228130498	0.583346660222	0.948031928468	0.459156752054	0.868443523441
AA8	0.714878240696	0.678141904302	2.47377620106	1.14591645239	0.932574726921	0.546795819236	1.17882234413	0.57125977767	0.614815050749	0.880078622523	0.577225480909	0.828825311745	0.579991938134	2.16968721121	0.747996534558	0.581946713388	0.201860705655	0.0	1.7821100435	1.32840965201	0.894381362977	0.548169395843	0.489947651039	0.448951314645	1.67851310778	0.723558714355	0.427094794587	0.385477646206	0.694963228613	0.815814388594	0.556687549541	0.285108690188	0.553205664572	0.551016060899	1.14396147414	0.995535606573	0.608279275012	0.791621058482	0.477932334461	0.825512677622	0.631917167714	1.43632854519	1.40321487675	0.76463161914	0.790552358627	0.686377061382	1.06725651039	0.857436684389	1.0274218898	0.930643175447	0.907456143064	0.969210927985	0.652304480425	0.701915611406	0.684025630739	0.629378646689	0.510598318028	0.994165683905	0.54255219913	0.884024137264	0.429477022716	0.843292300628
AB7	1.46054862252	1.52590453359	1.17383894635	1.04023766071	1.48381633156	1.83449218463	1.28590856936	1.7964177477	1.9992961624	1.40948814403	2.06016602223	1.56469277429	1.72103302078	0.942531242146	1.54966951667	1.50248987434	1.85287924601	1.7821100435	0.0	0.550369661672	1.50192109232	1.60571012083	1.9232719623	1.90670381344	1.08860350894	1.46776468826	1.84770273079	1.73327136298	1.37980621556	1.22162479942	1.73134251329	1.72499721605	1.89520084099	1.9005717883	1.89032383277	1.80125019333	2.01721239246	1.49509276462	1.86610954084	1.50835950217	1.67728205897	1.00111661672	0.96193280812	1.54927116481	2.16554091348	2.10742061866	1.92854491058	1.97864037699	1.81636356211	1.85746302078	2.06513990333	1.98472179314	1.80396933301	1.88268521991	1.87773677622	1.80449605607	1.63280459159	1.91604100532	1.6046101015	1.94660807153	1.7378880522	1.98333964717
AB8	1.09523022233	1.07327308362	1.4364020928	0.565321860802	1.06968662156	1.3501881102	0.837577767037	1.31008972934	1.52575688255	0.939495031416	1.57934954567	1.08850743354	1.24185778154	1.13671517158	1.07478443693	1.09799507008	1.39407739488	1.32840965201	0.550369661672	0.0	1.04956678105	1.12298868536	1.43895878202	1.41238028033	1.10524208313	0.992258854519	1.36219479942	1.24404435959	0.875981851136	0.732748545191	1.30318048816	1.27997918318	1.42496157081	1.4189897245	1.47364905752	1.35525195747	1.54689868052	1.01711925568	1.41207608023	1.09516350894	1.22777731754	0.70815	0.651256147898	1.0658918753	1.70527398743	1.62971538424	1.58323311261	1.57469346061	1.41132662156	1.45854140164	1.66399444659	1.60579834703	1.41286309328	1.48474291445	1.48001729338	1.40560717738	1.20753320928	1.55115163364	1.19233108265	1.53596225713	1.27395737554	1.57921362977
AC7	0.785966988884	0.862598791687	1.96146671822	0.880612904785	0.986757491542	0.897557955534	0.876646945384	0.840873794103	1.03753424843	0.74068701305	1.07403489609	0.88653121798	0.905584436926	1.65564872885	0.868870038666	0.824472745288	1.0020440116	0.894381362977	1.50192109232	1.04956678105	0.0	0.479587568874	0.940397655872	0.94875677622	1.39814578057	0.658786592557	0.940379038183	0.784548521025	0.540103798937	0.523256505558	0.870758086032	0.822063740938	0.923006592557	0.908955596907	1.26754508942	1.0990160609	1.16300473659	0.726461570807	0.995393861769	0.925989884002	0.928974074432	1.15106665056	1.09978926051	0.737450565491	1.14430355244	1.04710849686	1.41905307878	1.39021874335	1.216429768	1.2483578782	1.49643536974	1.43415109232	1.08310726438	1.21936259062	1.22555074432	1.10674126631	0.902111802803	1.38120552924	0.879681556307	1.28288695022	0.907918550024	1.39355870952
AC8	0.683660009667	0.665184543258	2.18545108748	0.905120029	0.943475761237	0.614067941034	0.988999492508	0.554025925568	0.715737080715	0.700750879652	0.801139313678	0.805610309328	0.603382348961	1.87527960367	0.70312217013	0.573776263896	0.630751242146	0.548169395843	1.60571012083	1.12298868536	0.479587568874	0.0	0.62429722088	0.606136747221	1.51417449009	0.536580724988	0.515442634123	0.380972880619	0.428730256162	0.537836167231	0.623463808603	0.497114296762	0.592840599323	0.580814717255	1.13147755921	0.897460526825	0.837463257612	0.61117860319	0.667764842919	0.772943320445	0.625004185597	1.18643002417	1.13415948768	0.613882474625	0.890196292895	0.789567462542	1.23806476559	1.04754520058	1.04693208797	1.01645701788	1.14648076365	1.15648961334	0.798529574674	0.857426437893	0.868845524408	0.794492624456	0.525505248913	1.18359143548	0.567289695505	0.95982760754	0.54773482842	1.04976238279
AD7	0.886169265346	0.892108269696	2.38861198163	1.13842032383	1.20083476075	0.655313687772	1.30508570324	0.577029719671	0.421537095215	1.00418507492	0.427731527308	1.06547232479	0.746010009667	2.08698132914	0.910261072982	0.777501275979	0.438973953601	0.489947651039	1.9232719623	1.43895878202	0.940397655872	0.62429722088	0.0	0.154325838569	1.88064558241	0.81000120348	0.381727733204	0.410491406477	0.668672658289	0.839810845819	0.722368656356	0.532018226196	0.452662634123	0.528305944901	1.3509822233	1.1670417303	0.626162150797	0.822299352344	0.683977791203	1.04226292895	0.835695287579	1.36876386177	1.32944732238	0.858598593523	0.856711957467	0.723831778637	1.33337564524	1.10064765104	1.27693475109	1.19333856936	1.13783051232	1.24782463992	0.945512373127	0.939397742871	0.915489811503	0.911091565974	0.712174697922	1.2902337796	0.757650550991	1.12437653456	0.628929275012	1.08342157564
AD8	0.869873228613	0.84055699855	2.42065657322	1.14740999033	1.13986894152	0.610472895118	1.28809570807	0.546442131464	0.43135921218	0.983200676655	0.40721940551	1.00036970517	0.702770898985	2.11697703722	0.882111754471	0.731054876752	0.397706607057	0.448951314645	1.90670381344	1.41238028033	0.94875677622	0.606136747221	0.154325838569	0.0	1.83402776704	0.7650439971	0.336508061866	0.37958221363	0.654603649106	0.81090298695	0.693819975834	0.49215860319	0.466752542291	0.521111793137	1.29664610923	1.11416049299	0.569956988884	0.782008999517	0.636182798453	0.984076926051	0.778288859352	1.40252361044	1.35831898018	0.802697491542	0.814791251812	0.69025218463	1.28365501692	1.05081461092	1.22278771387	1.13706033833	1.09133089899	1.19067688739	0.894113368777	0.8804759739	0.861623615273	0.853687332044	0.695347196713	1.23824348478	0.738707467376	1.06649241663	0.579160256162	1.03560913485
AE7	1.3771019043	1.46430301595	1.89541689705	1.27285252779	1.34405012566	1.72716744804	1.21618736104	1.74329785404	1.97168285162	1.27624038183	2.00859819236	1.43318544708	1.61187457709	1.65824387627	1.4833381102	1.45847960851	1.79947779604	1.67851310778	1.08860350894	1.10524208313	1.39814578057	1.51417449009	1.88064558241	1.83402776704	0.0	1.0980358144	1.81831933784	1.69074337844	1.38183828903	1.28769935718	1.57414622523	1.61404376027	1.86812481392	1.84222418076	1.72376892702	1.68711169164	1.96283714838	1.50810836636	1.79937293378	1.38892316578	1.62272171097	1.46583172547	1.41712884485	1.49889537941	2.02982762204	1.97373363944	1.71703623006	1.84546686322	1.62003714355	1.65797659256	1.95697983567	1.80140400677	1.64914517641	1.75071918801	1.76224874335	1.65002673755	1.59783568874	1.71861662639	1.55649286612	1.79897238279	1.67342251329	1.86419879652
AE8	0.622782619623	0.614769028516	2.14495762204	0.869198289029	0.80838679072	0.720387080715	0.890031324311	0.704583006283	0.934464678589	0.618429690672	0.979559942001	0.677486065732	0.661594335428	1.84106179797	0.679281068149	0.567629903335	0.815333823103	0.723558714355	1.46776468826	0.992258854519	0.658786592557	0.536580724988	0.81000120348	0.7650439971	1.0980358144	0.0	0.77844361044	0.660072223296	0.551694316095	0.512328250362	0.758982484292	0.67710237796	0.828819893668	0.800123842436	1.10201466892	0.896038177864	0.9476819913	0.621972919285	0.81060337361	0.660117124215	0.678695495408	1.16441582407	1.11764609957	0.617086911551	1.07663791687	0.997821459642	1.14660301595	1.10084949251	0.960873131948	0.97032217013	1.20081121315	1.16049540358	0.849435384244	0.956167143548	0.962701222813	0.83796459159	0.684852208797	1.10885224746	0.669633871435	1.02697555341	0.691713117448	1.1110037941
AF7	0.810641280812	0.719548627356	2.38677447559	1.15363360561	1.01390940551	0.544382339294	1.23685205413	0.499116563557	0.429904258096	0.933804688255	0.491794736588	0.881816655389	0.595805998067	2.0810282697	0.770562638956	0.647064707588	0.347000855486	0.427094794587	1.84770273079	1.36219479942	0.940379038183	0.515442634123	0.381727733204	0.336508061866	1.81831933784	0.77844361044	0.0	0.214185635573	0.649210260996	0.799914838086	0.680828540358	0.501380130498	0.401003359111	0.436377032383	1.13878275495	0.951716104398	0.510025998067	0.709554403093	0.542366452392	0.878928264862	0.64573738521	1.37884665539	1.33304657806	0.708918583857	0.799742000967	0.674074900918	1.15941837119	0.94816322378	1.07804272595	1.02321540841	0.9796880087	1.07678496858	0.764639913001	0.789530405993	0.77424157564	0.755368472692	0.565501454809	1.10735141131	0.605225041083	0.953693354277	0.477407380377	0.930769386177
AF8	0.689726549058	0.669251546641	2.29482855002	1.02589637989	0.979182687289	0.52283582407	1.11278889319	0.46534101015	0.48880618173	0.810916810053	0.603211227646	0.852462319961	0.580115451909	1.98569335428	0.72883858869	0.56789438376	0.415684238763	0.385477646206	1.73327136298	1.24404435959	0.784548521025	0.380972880619	0.410491406477	0.37958221363	1.69074337844	0.660072223296	0.214185635573	0.0	0.523733895602	0.672586669889	0.652344818753	0.431594968584	0.437493325278	0.449476877719	1.14672785887	0.953281623973	0.613242073465	0.661406215563	0.544351498308	0.815490449493	0.614375142581	1.27167093765	1.22873519091	0.664933296278	0.811098298695	0.71270419043	1.16186334944	0.953027892702	1.05562562591	1.01940351861	0.990240894152	1.08362834219	0.76207297245	0.793961019816	0.783922116965	0.756069555341	0.506704403093	1.11445598357	0.551087863702	0.954861271145	0.460246094732	0.933221517641
AG7	0.68757878202	0.687321739971	1.92634063799	0.672586534558	0.858050434993	0.676016834219	0.890582015466	0.55591300145	0.746120560657	0.627045466409	0.840693736104	0.771259482842	0.655376307395	1.62582460126	0.678121232479	0.618397143548	0.743308235863	0.694963228613	1.37980621556	0.875981851136	0.540103798937	0.428730256162	0.668672658289	0.654603649106	1.38183828903	0.551694316095	0.649210260996	0.523733895602	0.0	0.239887409377	0.76132	0.663840241663	0.659735833736	0.722777259546	1.23940606573	0.998836785887	0.907994316095	0.49315157564	0.774452798453	0.806385592073	0.694439903335	0.98230821653	0.921876365394	0.509912982117	1.06894691638	0.983792605123	1.29756150797	1.12363942968	1.16084804737	1.13161533591	1.2181440406	1.21660198647	0.899694871919	0.987122851619	0.9773859884	0.888079942001	0.654592653456	1.25435905268	0.653416152731	1.11626675689	0.673309221846	1.13107925085
AG8	0.66288759304	0.70040319478	1.83146249879	0.602283494442	0.824861063316	0.78032757854	0.770619642339	0.713468859352	0.924395268246	0.579733745771	0.99060861769	0.737270807153	0.749962730788	1.52689914451	0.681134731754	0.655823035283	0.876304789754	0.815814388594	1.22162479942	0.732748545191	0.523256505558	0.537836167231	0.839810845819	0.81090298695	1.28769935718	0.512328250362	0.799914838086	0.672586669889	0.239887409377	0.0	0.863148656356	0.791549961334	0.825053247946	0.826008902852	1.21739450942	1.00104961817	1.03194739004	0.481235737071	0.895717549541	0.782199516675	0.774408269696	0.913623397777	0.85303257129	0.514022576124	1.15832583857	1.06793541324	1.28274739971	1.21549077332	1.13656884485	1.15040028033	1.31753282262	1.28210045433	0.974061730304	1.07263106332	1.06942476559	0.96875340261	0.755818960851	1.23950431609	0.743718922185	1.18231711455	0.779512126631	1.21934074432
AH7	0.750006650556	0.901780811986	2.44487951667	1.25425227646	1.14928068149	0.831849052682	1.20186510875	0.8287639826	0.910989801837	0.960368859352	0.858837970034	1.03313666022	0.849639449009	2.15533586274	0.977335790237	0.753447071049	0.668714934751	0.556687549541	1.73134251329	1.30318048816	0.870758086032	0.623463808603	0.722368656356	0.693819975834	1.57414622523	0.758982484292	0.680828540358	0.652344818753	0.76132	0.863148656356	0.0	0.314953571774	0.88438077332	0.871373557274	1.15544630739	1.04846320445	0.851692895118	0.935063262446	0.757423450942	0.96976477042	0.817938511358	1.47592519091	1.42597394877	0.935934876752	0.974323832769	0.906847394877	1.23969386177	1.04662410826	1.16103593523	1.05618047849	1.12491501208	1.15283679555	0.856779840503	0.855224726921	0.848658960851	0.813582725955	0.755079980667	1.19084664089	0.786187617206	1.00032661189	0.680108815853	1.04828308845
AH8	0.689176549058	0.735729270179	2.44053926535	1.16202028033	0.99157821653	0.600751749638	1.14603604157	0.597836114065	0.695055089415	0.85304557274	0.667155534074	0.887994030933	0.682837902368	2.13623248913	0.819666394393	0.576267477042	0.406045722571	0.285108690188	1.72499721605	1.27997918318	0.822063740938	0.497114296762	0.532018226196	0.49215860319	1.61404376027	0.67710237796	0.501380130498	0.431594968584	0.663840241663	0.791549961334	0.314953571774	0.0	0.657837264379	0.642386887385	1.11960005317	0.961142324795	0.666606089898	0.79566222813	0.534374364427	0.830808772354	0.664194248429	1.41657057516	1.37809347511	0.777663634606	0.799858738521	0.722122803287	1.11337810536	0.910901208313	1.0428042001	0.937684374094	0.950440251329	1.02579240696	0.703909313678	0.721039671339	0.713193992267	0.669862271629	0.585057834703	1.05978477525	0.608355128081	0.877225152247	0.492606988884	0.893918931851
AA5	0.889990797487	0.69107939101	2.30965785404	1.10658699855	0.955759898502	0.495692928951	1.23796078782	0.331975843403	0.290179304012	0.935337375544	0.464372827453	0.819607796037	0.591536674722	2.00971677139	0.703754050266	0.710967515708	0.456211561141	0.553205664572	1.89520084099	1.42496157081	0.923006592557	0.592840599323	0.452662634123	0.466752542291	1.86812481392	0.828819893668	0.401003359111	0.437493325278	0.659735833736	0.825053247946	0.88438077332	0.657837264379	0.0	0.274179009183	1.20838321411	0.945740884485	0.60635217013	0.627194320928	0.613788110198	0.858798061866	0.633942609956	1.25924820686	1.23396876752	0.612253629773	0.796820459159	0.654987153214	1.26426637023	1.04841954567	1.10684265346	1.08855615756	1.09364075399	1.18461312228	0.83214521508	0.880552257129	0.848539772837	0.836397274045	0.615546341228	1.21462516191	0.655043953601	1.02820495892	0.5785300145	1.03358325278
AA6	0.841843214113	0.650169719671	2.38355078299	1.10921259062	0.900210768487	0.40247377477	1.18129694538	0.336342914451	0.337225495408	0.888168013533	0.466802218463	0.762391899468	0.543784915418	2.07298600773	0.723496365394	0.680471319478	0.503282885452	0.551016060899	1.9005717883	1.4189897245	0.908955596907	0.580814717255	0.528305944901	0.521111793137	1.84222418076	0.800123842436	0.436377032383	0.449476877719	0.722777259546	0.826008902852	0.871373557274	0.642386887385	0.274179009183	0.0	1.05092367327	0.810766312228	0.519685224746	0.605691126148	0.479093131948	0.819353832769	0.514994485259	1.31449959884	1.26817328661	0.598322276462	0.579286669889	0.43970438376	1.12219209763	0.915359105848	0.959711280812	0.928234035766	0.960992841953	1.03822859352	0.688315108748	0.760274407927	0.728858057032	0.696273740938	0.609374166264	1.06336963267	0.665081735138	0.87842460609	0.521165698405	0.89859881102
AB5	1.08325438859	0.906811527308	2.56647316095	1.38211920251	0.820446138231	0.988578298695	1.2557718898	1.0754859304	1.19432232479	1.04042320928	1.17620946834	0.784493291445	0.973373267279	2.26878958434	1.00437820203	0.978978695022	1.19109465926	1.14396147414	1.89032383277	1.47364905752	1.26754508942	1.13147755921	1.3509822233	1.29664610923	1.72376892702	1.10201466892	1.13878275495	1.14672785887	1.23940606573	1.21739450942	1.15544630739	1.11960005317	1.20838321411	1.05092367327	0.0	0.351018627356	0.944163832769	1.05049150314	0.920919927501	0.825682281295	0.823033489609	1.55720213146	1.51812055582	0.97493780087	0.962315727405	0.944291430643	0.813831469309	0.905486191397	0.708454151764	0.727672701788	1.01662519575	0.893278163364	0.785229569841	0.861162933784	0.895204001933	0.860484171097	1.02520341711	0.793445418076	1.00544437409	0.807421387144	1.00885632189	0.908980473659
AB6	0.924681735138	0.673876592557	2.45228758337	1.21654325278	0.699638115031	0.763033272112	1.09370233929	0.810374436926	0.968426529725	0.862398318028	1.00262670372	0.578385944901	0.76600380377	2.14723410826	0.770439217013	0.764221527308	1.03498874335	0.995535606573	1.80125019333	1.35525195747	1.0990160609	0.897460526825	1.1670417303	1.11416049299	1.68711169164	0.896038177864	0.951716104398	0.953281623973	0.998836785887	1.00104961817	1.04846320445	0.961142324795	0.945740884485	0.810766312228	0.351018627356	0.0	0.780915857902	0.77637261479	0.7688780232	0.695121391977	0.620250831319	1.38999318028	1.34597347994	0.687213257612	0.80893759304	0.788183156114	0.747228907685	0.741214117931	0.554375737071	0.566157138714	0.859074891252	0.75919457709	0.622317941034	0.721557017883	0.751080840986	0.723712029966	0.795558119865	0.708465282745	0.774372416626	0.633203842436	0.840855161914	0.744195495408
AC5	0.965459468342	0.834018482359	2.64273378444	1.37212633156	0.995713827936	0.58185257129	1.33688255679	0.588985103915	0.537415630739	1.03681811986	0.451559139681	0.827533644273	0.758475041083	2.33642482359	0.916982083132	0.829959734171	0.536863856936	0.608279275012	2.01721239246	1.54689868052	1.16300473659	0.837463257612	0.626162150797	0.569956988884	1.96283714838	0.9476819913	0.510025998067	0.613242073465	0.907994316095	1.03194739004	0.851692895118	0.666606089898	0.60635217013	0.519685224746	0.944163832769	0.780915857902	0.0	0.807547631706	0.475766843886	0.913889023683	0.647742242629	1.60656727888	1.55769057516	0.791308110198	0.536527187047	0.457606051232	0.979278521025	0.741018192363	0.92967442726	0.835339366844	0.778604311261	0.846173866602	0.651399289512	0.601170459159	0.579150077332	0.634420164331	0.786099101015	0.920118907685	0.809428777187	0.770352624456	0.632946070565	0.729031227646
AC6	0.787734765587	0.573376950217	1.99845938618	0.73746181247	0.687987907202	0.617156278395	0.758771300145	0.518582624456	0.7573340116	0.52551358144	0.842165708072	0.59734719188	0.604389023683	1.69173956984	0.537913020783	0.606525055582	0.789632068632	0.791621058482	1.49509276462	1.01711925568	0.726461570807	0.61117860319	0.822299352344	0.782008999517	1.50810836636	0.621972919285	0.709554403093	0.661406215563	0.49315157564	0.481235737071	0.935063262446	0.79566222813	0.627194320928	0.605691126148	1.05049150314	0.77637261479	0.807547631706	0.0	0.726654446593	0.627293813436	0.586265998067	0.834186713388	0.785050425326	0.276930850652	0.985317680039	0.88912900435	1.13803437893	1.05801602223	0.980288226196	0.976069076849	1.14610617206	1.10933057516	0.813232547124	0.944279850169	0.936128951184	0.819500700822	0.625693305945	1.09361118898	0.622779618173	1.01992178347	0.643022914451	1.06856191397
AD6	0.774781237313	0.607782957951	2.5131522088	1.16797672305	0.824179134848	0.394139308845	1.1629779362	0.46082301595	0.573283779604	0.852456669889	0.520946747221	0.705014359594	0.553316926051	2.20070174964	0.731520488159	0.607117984534	0.530124668922	0.477932334461	1.86610954084	1.41207608023	0.995393861769	0.667764842919	0.683977791203	0.636182798453	1.79937293378	0.81060337361	0.542366452392	0.544351498308	0.774452798453	0.895717549541	0.757423450942	0.534374364427	0.613788110198	0.479093131948	0.920919927501	0.7688780232	0.475766843886	0.726654446593	0.0	0.68948239246	0.367138888352	1.46395014983	1.41813739971	0.686453262446	0.66600319478	0.586780309328	0.860651841469	0.659503489609	0.820956834219	0.702409536008	0.70919637506	0.78402717738	0.489016147898	0.529299033349	0.518984644756	0.456131918801	0.560937187047	0.812882310295	0.594249830836	0.672410913485	0.36980298695	0.663705050749
AE5	0.617760140164	0.482681242146	2.28810863702	0.939677887869	0.5879039826	0.750781469309	0.862892730788	0.708944461092	0.975168269696	0.589745036249	1.00534296278	0.535528361527	0.657619550507	1.97733347028	0.565542281295	0.49689737071	0.89143882552	0.825512677622	1.50835950217	1.09516350894	0.925989884002	0.772943320445	1.04226292895	0.984076926051	1.38892316578	0.660117124215	0.878928264862	0.815490449493	0.806385592073	0.782199516675	0.96976477042	0.830808772354	0.858798061866	0.819353832769	0.825682281295	0.695121391977	0.913889023683	0.627293813436	0.68948239246	0.0	0.404974987917	1.17216284679	1.12709644756	0.558089072015	1.07763451909	1.03270684872	0.869976379894	0.868261889802	0.757657187047	0.72361457709	0.99461641856	0.905805142581	0.608435775737	0.742082382794	0.772617341711	0.625336012566	0.579200478492	0.837487989367	0.533980758821	0.819983368777	0.646346433059	0.880724291928
AE6	0.629670468826	0.423216926051	2.39124051232	1.04044285162	0.672843069116	0.468209439343	0.983664171097	0.494003769937	0.671970942484	0.684495683905	0.700788313195	0.544122895118	0.427846631223	2.07898106332	0.559217510875	0.452327631706	0.66940417593	0.631917167714	1.67728205897	1.22777731754	0.928974074432	0.625004185597	0.835695287579	0.778288859352	1.62272171097	0.678695495408	0.64573738521	0.614375142581	0.694439903335	0.774408269696	0.817938511358	0.664194248429	0.633942609956	0.514994485259	0.823033489609	0.620250831319	0.647742242629	0.586265998067	0.367138888352	0.404974987917	0.0	1.30018836153	1.24964677622	0.510658704688	0.803285621073	0.736849676172	0.848001266312	0.711111802803	0.698790299662	0.655621464476	0.812950797487	0.775710840986	0.442346694055	0.551143170614	0.554468927018	0.443118144031	0.455302928951	0.800993678105	0.4611140261	0.654908303528	0.428741913968	0.723637762204
AF5	1.26706519091	1.16351554374	1.33231042049	0.594806505558	1.13212565974	1.33711433059	0.818447612373	1.2086281392	1.37214704688	0.916512281295	1.51647746738	1.14872683905	1.25239687772	1.0327741131	1.07442779604	1.21427758821	1.45319541808	1.43632854519	1.00111661672	0.70815	1.15106665056	1.18643002417	1.36876386177	1.40252361044	1.46583172547	1.16441582407	1.37884665539	1.27167093765	0.98230821653	0.913623397777	1.47592519091	1.41657057516	1.25924820686	1.31449959884	1.55720213146	1.38999318028	1.60656727888	0.834186713388	1.46395014983	1.17216284679	1.30018836153	0.0	0.146470053166	0.966669463509	1.71149553891	1.61854615756	1.68213918801	1.6523339971	1.5468137216	1.59126749638	1.75060580957	1.73417345094	1.48903693088	1.61154564524	1.59721115031	1.51501906235	1.23010435959	1.66728230063	1.22665429676	1.64582218463	1.36230387627	1.66813134364
AF6	1.21501527308	1.12052930884	1.37495692605	0.573013716771	1.0996218028	1.29657121798	0.752392493958	1.16105338811	1.35066534558	0.869415026583	1.47634032866	1.11766902368	1.21806301595	1.07430578057	1.02977707588	1.17163157564	1.42283014016	1.40321487675	0.96193280812	0.651256147898	1.09978926051	1.13415948768	1.32944732238	1.35831898018	1.41712884485	1.11764609957	1.33304657806	1.22873519091	0.921876365394	0.85303257129	1.42597394877	1.37809347511	1.23396876752	1.26817328661	1.51812055582	1.34597347994	1.55769057516	0.785050425326	1.41813739971	1.12709644756	1.24964677622	0.146470053166	0.0	0.920132982117	1.6655782842	1.57373326245	1.63861915901	1.61907867569	1.4931238811	1.53857860319	1.69360509425	1.6789562349	1.44473881585	1.56578320928	1.54967256162	1.47343751571	1.19114428226	1.61689052682	1.18889473175	1.58371210246	1.31674483325	1.63464653939
AG5	0.720470497825	0.490744359594	2.10435195747	0.81432860319	0.569569990333	0.560311643306	0.802113731271	0.493556500725	0.732565306912	0.518604093765	0.800719246013	0.491443175447	0.536009076849	1.79608550024	0.470122875785	0.53165359594	0.783183238279	0.76463161914	1.54927116481	1.0658918753	0.737450565491	0.613882474625	0.858598593523	0.802697491542	1.49889537941	0.617086911551	0.708918583857	0.664933296278	0.509912982117	0.514022576124	0.935934876752	0.777663634606	0.612253629773	0.598322276462	0.97493780087	0.687213257612	0.791308110198	0.276930850652	0.686453262446	0.558089072015	0.510658704688	0.966669463509	0.920132982117	0.0	0.933916292895	0.868560744321	1.04727091348	0.963487723538	0.887652687289	0.872140836153	1.06887281779	1.01252863702	0.708620768487	0.84234580957	0.840199531174	0.704276346061	0.588921730304	1.00223040116	0.569645722571	0.903604079265	0.611187075882	0.979830666989
