	AA3	AA4	AB3	AB4	AC3	AC4	AD3	AD4	AE3	AE4	AF3	AF4	AG3	AG4	AH3	AH4	AA7	AA8	AB7	AB8	AC7	AC8	AD7	AD8	AE7	AE8	AF7	AF8	AG7	AG8	AH7	AH8	AA5	AA6	AB5	AB6	AC5	AC6	AD6	AE5	AE6	AF5	AF6	AG5	AH5	AH6	AA1	AA2	AB1	AB2	AC1	AC2	AD1	AD2	AE1	AE2	AF1	AF2	AG1	AG2	AH1	AH2
AA3	0.0	0.557830739488	2.28973232963	0.972433566941	0.901344886419	0.763066669889	0.892741507975	0.780694891252	0.856024074432	0.725981454809	0.930363334944	0.795571947801	0.712625708072	1.94795562591	0.773080091832	0.273031140648	0.803055915901	0.712740575157	1.44074220396	1.05800576124	0.81972059449	0.646733668439	0.823724871919	0.878351846303	1.3916201015	0.616049772837	0.756182624456	0.59089022233	0.700569424843	0.663908274529	0.738587747704	0.614451788304	0.850873736104	0.831059487675	1.10466032383	0.89712637506	0.916270734654	0.801923972934	0.734782174964	0.573495567907	0.61087659739	1.30191971	1.20503276462	0.760034765587	1.13062956501	1.07591019333	0.989564562591	0.90910618173	0.952075471242	0.880766331561	1.05549306428	0.9696319913	0.638717873369	0.692994475592	0.767138869019	0.651727283712	0.497354316095	0.909088675689	0.514049787337	0.911604581924	0.640451445143	0.941844161431
AA4	0.557830739488	0.0	2.24924969067	0.855952899952	0.61584778637	0.59468542291	0.824217921701	0.510677104882	0.685356244563	0.589110019333	0.820357999033	0.468076191397	0.460178506525	1.90788959401	0.298264403093	0.367356592557	0.679143436443	0.686415432576	1.51922149831	1.06994236829	0.840983794103	0.646805084582	0.860182754954	0.80474579507	1.461290261	0.591323054616	0.698514736588	0.649617820203	0.661068777187	0.687581440309	0.872734871919	0.744244915418	0.62831441276	0.657766292895	0.919203784437	0.664118912518	0.770721464476	0.544912469792	0.600096703722	0.441156853552	0.416963073949	1.19252100532	1.05558135814	0.442971759304	0.978433682939	0.896873528275	0.912662561624	0.779657085549	0.74423517158	0.74934818753	0.963565746738	0.871622837119	0.596072682455	0.643290231996	0.700922580957	0.606444548091	0.449978753021	0.828094195263	0.46340662639	0.774189241179	0.489351551474	0.776694726921
AB3	2.28973232963	2.24924969067	0.0	1.53338521991	2.17629281779	2.40694516675	1.95553112131	2.25962715321	2.35855254712	2.11055319478	2.53400693572	2.30657727888	2.3437981827	0.394687849203	2.1457541131	2.32892482359	2.49467163847	2.48893038183	1.17781659256	1.4849760609	2.01039817303	2.17902096182	2.42789361527	2.42684446593	1.91725609473	2.19135631223	2.38622607057	2.26936460126	1.91042651039	1.84647463992	2.45987873369	2.46216933784	2.26200986467	2.41439440793	2.57330305462	2.48030255196	2.62306929918	1.99598798937	2.5296482407	2.33598186564	2.41780288545	1.312949913	1.43406098598	2.08277449009	2.78020125665	2.6765502175	2.69164012083	2.67087316578	2.56136899952	2.62232667472	2.80047490575	2.7433178347	2.56869093765	2.6059181827	2.65733212663	2.58946753987	2.31022146448	2.70559137748	2.33046529725	2.67661715321	2.42840348478	2.69202286129
AB4	0.972433566941	0.855952899952	1.53338521991	0.0	0.84708738521	0.98702319478	0.75932277912	0.93200497825	1.0885641566	0.753225751571	1.1826457564	0.910461338811	0.836579748671	1.17707989367	0.768828699855	0.929085761237	1.12482463026	1.11366578057	1.03510234413	0.555354668922	0.904442290962	0.893182943451	1.10810390043	1.12424435959	1.26233298212	0.842992658289	1.07153506042	0.952190720155	0.603676399227	0.589184615756	1.23654871919	1.13183981634	1.02315179797	1.12104618173	1.33327602707	1.1759322378	1.30101282745	0.722014485259	1.13730028516	0.945280821653	1.00999731754	0.653217230546	0.542372566457	0.748561401643	1.46719801837	1.38221246013	1.39918653939	1.29983654906	1.26297452876	1.29512782504	1.468519739	1.418480261	1.17876650072	1.22856707588	1.31718449009	1.20839477042	0.947497075882	1.37457712905	0.971360947318	1.31852644273	1.032589797	1.3311637796
AC3	0.901344886419	0.61584778637	2.17629281779	0.84708738521	0.0	0.74534521508	0.802456292895	0.844188477525	0.990610033833	0.651435659739	1.06440358144	0.351289671339	0.801225490575	1.83770301595	0.658547839536	0.806301353311	0.98508378927	0.995864436926	1.42852271145	1.01847660222	1.04769432576	0.979922083132	1.23325344128	1.16881192847	1.2958058579	0.807848066699	1.0768939681	1.01382873852	0.885572416626	0.861397085549	1.18551954567	1.04787676172	0.986934059932	0.985956341228	0.848099942001	0.719842513291	0.977605799903	0.727482566457	0.871973006283	0.656546553891	0.719433615273	1.15069253262	1.03227533108	0.583483856936	1.19692979217	1.14140265829	0.894847709038	0.92302301595	0.762490923151	0.825060662156	1.10706012566	0.955557448043	0.72841821653	0.823054499758	0.911559260512	0.793176549058	0.833132919285	0.919237970034	0.83323419043	0.914199830836	0.832094233929	0.931402764621
AC4	0.763066669889	0.59468542291	2.40694516675	0.98702319478	0.74534521508	0.0	1.06617424843	0.433609014016	0.485950966651	0.818406800387	0.381737689705	0.501228728855	0.456238922185	2.06821116965	0.676277559207	0.62371918318	0.571428308362	0.565975935234	1.81118486225	1.30165365877	0.905713634606	0.645605625906	0.664823673272	0.612123117448	1.71547525858	0.761472102465	0.57875459159	0.578545427743	0.688610391493	0.800235427743	0.818895935234	0.659956060899	0.529110188497	0.414661208313	0.95171041566	0.699527641373	0.547082527791	0.64091737071	0.423788129531	0.687398226196	0.454250942484	1.37707093282	1.23547428226	0.606199279845	0.696646336394	0.633602063799	1.01986030933	0.793227486709	0.789225708072	0.804492943451	0.899946858386	0.919725079749	0.573198927018	0.621030231996	0.652796897052	0.598767119381	0.625420531658	0.896067245046	0.613955712905	0.718155853069	0.41445842436	0.757288859352
AD3	0.892741507975	0.824217921701	1.95553112131	0.75932277912	0.802456292895	1.06617424843	0.0	0.944873586274	1.22618136781	0.321785447076	1.30991472209	0.911249705172	1.02597673755	1.61346035283	0.774741068149	0.870179589174	1.1811478347	1.14535961817	1.34566987917	0.864018830353	0.838378371194	0.87866982117	1.21960811986	1.24121849686	1.21890826003	0.807171561141	1.14580097148	0.983553296278	0.837684688255	0.706168641856	1.13202285645	1.06873994683	1.13792452392	1.13202649589	1.17656949734	1.0164622668	1.2125639971	0.696573726438	1.11459497342	0.816968037699	0.93647858869	0.886259033349	0.799427554374	0.69495719188	1.40196635573	1.33961441759	1.31111626873	1.29785039633	1.12554308845	1.17366662156	1.48408201547	1.36847158531	1.10056527791	1.16379830353	1.24688013533	1.12595485259	0.903301092315	1.30087150797	0.930061938134	1.23122064766	1.10642083132	1.27989724988
AD4	0.780694891252	0.510677104882	2.25962715321	0.93200497825	0.844188477525	0.433609014016	0.944873586274	0.0	0.320137332044	0.695590642823	0.542563475109	0.630225669406	0.52044257129	1.91816849686	0.562423363944	0.623522145964	0.550971967134	0.551669676172	1.75778855002	1.27027521025	0.833910323828	0.554680430159	0.572803165781	0.493561768971	1.71465569841	0.754238071532	0.465912875785	0.471409647173	0.550179782504	0.727130560657	0.810552150797	0.66134857419	0.295224093765	0.392876843886	1.12035769937	0.847223093282	0.609052073465	0.508602846786	0.479765012083	0.673353059449	0.547624896085	1.21368951667	1.07457999033	0.528710729821	0.80147482842	0.693380734654	1.15747596423	0.92052702755	0.983559101015	1.00669470759	0.990088525858	1.07845427743	0.759313102948	0.745822542291	0.722907641373	0.742563392943	0.588076360561	1.0571557854	0.605984388594	0.903793296278	0.487182672789	0.900238279362
AE3	0.856024074432	0.685356244563	2.35855254712	1.0885641566	0.990610033833	0.485950966651	1.22618136781	0.320137332044	0.0	0.971609937168	0.37698737071	0.777642788787	0.580545567907	2.02960741421	0.742938347028	0.740661836636	0.496481101982	0.524770555824	1.92794543741	1.45150977767	0.995741865636	0.719275751571	0.482160700822	0.409873011116	1.89656528758	0.921680217496	0.421395756404	0.552747626873	0.718139763171	0.905572706622	0.895564697922	0.742868912518	0.276044702755	0.337887129048	1.19400739488	0.945082687289	0.542251329145	0.724928917351	0.515377907202	0.864632025133	0.646527235379	1.35836213146	1.23061533108	0.730166263896	0.784621014983	0.647739497342	1.2239240841	0.978225606573	1.06369128081	1.07313542291	1.03937908168	1.14144194297	0.825270686322	0.808901198647	0.784866713388	0.809049830836	0.730488298695	1.12682125665	0.739064117931	0.964335567907	0.54329558724	0.962373939101
AE4	0.725981454809	0.589110019333	2.11055319478	0.753225751571	0.651435659739	0.818406800387	0.321785447076	0.695590642823	0.971609937168	0.0	1.0570521363	0.678644393427	0.794373678105	1.76792444659	0.585150855486	0.639393185114	0.940695321411	0.898932537458	1.43920911068	0.940760188497	0.761959632673	0.695896573224	0.975811846303	0.99304362494	1.29520092798	0.590155925568	0.90790542291	0.755649763171	0.651119067182	0.611388076365	0.953351947801	0.840715621073	0.886932252296	0.899531527308	0.99129139681	0.82599621073	0.975762619623	0.565015103915	0.864783455776	0.585543547608	0.690324238763	1.01037622523	0.873698743354	0.527129560174	1.19110714355	1.12883805703	1.11168003383	1.07925481875	0.940246563557	0.980400845819	1.2769018463	1.16060723055	0.882654079265	0.932685103915	1.0067361769	0.898483740938	0.67662720638	1.0975497245	0.700351996133	1.02211363461	0.857680874819	1.06949966167
AF3	0.930363334944	0.820357999033	2.53400693572	1.1826457564	1.06440358144	0.381737689705	1.30991472209	0.542563475109	0.37698737071	1.0570521363	0.0	0.822889801837	0.641229072015	2.19601133398	0.897724925085	0.822541377477	0.463787680039	0.473841561141	2.00490655389	1.49745483809	1.06074612373	0.810141324311	0.410015882069	0.361751246979	1.95408354277	0.983472353794	0.459528231029	0.656478361527	0.826773745771	0.980580318995	0.823836486225	0.683740449493	0.49357720638	0.431632518125	1.15525366361	0.947287467376	0.436631469309	0.835184030933	0.464972112131	0.921494233929	0.671560038666	1.53541507975	1.40283824553	0.83686217013	0.678529874335	0.582302682455	1.17778640889	0.944544122765	1.0769938666	1.0187621363	1.00015661189	1.06709455292	0.78086237796	0.744649835669	0.752653281779	0.728015432576	0.839019748671	1.04078692605	0.82657641856	0.902119487675	0.538157032383	0.899206926051
AF4	0.795571947801	0.468076191397	2.30657727888	0.910461338811	0.351289671339	0.501228728855	0.911249705172	0.630225669406	0.777642788787	0.678644393427	0.822889801837	0.0	0.584821860802	1.9674780232	0.551292039633	0.667197704205	0.832996263896	0.841650173997	1.621779884	1.12990937651	0.945067631706	0.793698231029	1.02423899468	0.953204780087	1.47603709522	0.670946244563	0.87364258579	0.825683320445	0.784413533108	0.776487520541	1.05219463026	0.924717375544	0.774772943451	0.772881256646	0.776876379894	0.531917443209	0.780003871435	0.633367269212	0.702763286612	0.553727457709	0.561598540358	1.24590898018	1.11698845336	0.501050850652	0.942564422426	0.878642440793	0.823282957951	0.74808900435	0.613374378927	0.671231387144	0.956258806187	0.837861744804	0.574907655872	0.66179157564	0.756111889802	0.664338593523	0.694851280812	0.79166120348	0.703019192847	0.740925123248	0.653112508458	0.753903948768
AG3	0.712625708072	0.460178506525	2.3437981827	0.836579748671	0.801225490575	0.456238922185	1.02597673755	0.52044257129	0.580545567907	0.794373678105	0.641229072015	0.584821860802	0.0	1.98632710488	0.508804311261	0.546313842436	0.559398289029	0.579926669889	1.72800267279	1.23421050266	0.919249038183	0.626627631706	0.725234340261	0.691126669889	1.62178133398	0.698704045433	0.587621681972	0.599315244079	0.686882305462	0.775827506042	0.843970333494	0.714221034316	0.604058864186	0.559450647656	0.984033542774	0.745655137748	0.706188052199	0.657651043983	0.527182025133	0.637353165781	0.433772745288	1.31576899468	1.18579142581	0.580550700822	0.890343218946	0.785671870469	0.986347390043	0.759019768004	0.815618414693	0.811760990817	0.940154258096	0.896031986467	0.604054765587	0.623089463509	0.710584973417	0.60144561624	0.530944905752	0.886190285162	0.51517258579	0.757650705655	0.402511691638	0.767862542291
AG4	1.94795562591	1.90788959401	0.394687849203	1.17707989367	1.83770301595	2.06821116965	1.61346035283	1.91816849686	2.02960741421	1.76792444659	2.19601133398	1.9674780232	1.98632710488	0.0	1.8145780377	1.98569211213	2.16339633639	2.15240558724	0.920255964234	1.15449390527	1.67718324795	1.84417433059	2.09460163847	2.09389070082	1.65520118898	1.85782767037	2.04897098115	1.93170612856	1.57907771387	1.50758882069	2.14254964717	2.1245978347	1.93313783954	2.07571832286	2.23619175447	2.13786439826	2.28839594973	1.66186559207	2.19059015466	1.99716570324	2.0778422668	0.984776505558	1.1041377767	1.74412768487	2.44519953601	2.33782274529	2.3515382552	2.33128684389	2.21987954567	2.27866887869	2.46124915418	2.40036142098	2.22902816336	2.26740853552	2.32578232479	2.24829014983	1.97216526341	2.36549088449	1.98994139198	2.33531251329	2.08993791687	2.35129512808
AH3	0.773080091832	0.298264403093	2.1457541131	0.768828699855	0.658547839536	0.676277559207	0.774741068149	0.562423363944	0.742938347028	0.585150855486	0.897724925085	0.551292039633	0.508804311261	1.8145780377	0.0	0.594184630256	0.735103315611	0.782700057999	1.5290622958	1.06423217496	0.848253832769	0.717086974384	0.908786220396	0.871842242629	1.47302680522	0.699320874819	0.764579149348	0.733363711938	0.65372280812	0.66151937651	1.00812884485	0.89020500725	0.643082846786	0.728320536491	1.00638590623	0.771866708555	0.894736394393	0.525432339294	0.739210850652	0.565968303528	0.572567970034	1.0788038231	0.935632518125	0.443834625423	1.10722188497	1.00201252779	1.03280034316	0.895701324311	0.864268119865	0.898933083615	1.07811433543	1.01651435476	0.782884287095	0.812187936201	0.86926681972	0.799331561141	0.574688134364	0.976236568391	0.584730362494	0.905822721121	0.636724693088	0.904313649106
AH4	0.273031140648	0.367356592557	2.32892482359	0.929085761237	0.806301353311	0.62371918318	0.870179589174	0.623522145964	0.740661836636	0.639393185114	0.822541377477	0.667197704205	0.546313842436	1.98569211213	0.594184630256	0.0	0.65525701305	0.590289637506	1.51336828903	1.10367660222	0.836053301112	0.576797298212	0.727497365877	0.748646138231	1.43958052199	0.569297626873	0.628490961817	0.517923499275	0.64131782987	0.69591898985	0.73419338811	0.571376974384	0.728310444659	0.680169429676	1.01329058482	0.77201159014	0.773384146931	0.690181367811	0.603990637989	0.495948622523	0.46337522958	1.29893089899	1.17430710488	0.638210024166	0.989199632673	0.92942121798	0.94154338811	0.801041208313	0.837678762687	0.770217085549	0.968500657322	0.865731222813	0.556454156597	0.609803856936	0.676806645723	0.566015969067	0.343405843403	0.833570352827	0.357184910585	0.780085012083	0.50548479942	0.79551261479
AA7	0.803055915901	0.679143436443	2.49467163847	1.12482463026	0.98508378927	0.571428308362	1.1811478347	0.550971967134	0.496481101982	0.940695321411	0.463787680039	0.832996263896	0.559398289029	2.16339633639	0.735103315611	0.65525701305	0.0	0.181356868052	1.83006446109	1.36413045433	1.001660174	0.677730048333	0.439635297245	0.429474973417	1.7760817593	0.836219550507	0.352451135814	0.506149995167	0.769607970034	0.901619028516	0.653997283712	0.474158965684	0.489074775254	0.489042363461	1.16931233446	0.967827182214	0.510304746254	0.814370318995	0.474469362011	0.838461720638	0.66430280812	1.48985966651	1.3598980377	0.830449966167	0.785124649589	0.668674519091	1.09631550991	0.869238095698	1.05210961817	0.991731140648	0.916185693572	0.98814439826	0.73700261479	0.670982455292	0.66725937651	0.678324282262	0.600661290478	0.962202000967	0.581948235863	0.889793131948	0.456949893668	0.848833078782
AA8	0.712740575157	0.686415432576	2.48893038183	1.11366578057	0.995864436926	0.565975935234	1.14535961817	0.551669676172	0.524770555824	0.898932537458	0.473841561141	0.841650173997	0.579926669889	2.15240558724	0.782700057999	0.590289637506	0.181356868052	0.0	1.79221885452	1.31716524408	0.92537861769	0.597256882552	0.418766645723	0.440966698888	1.72026127598	0.773210202997	0.357855099082	0.427046911551	0.718351730304	0.851919231513	0.580406921218	0.349077390043	0.521878158531	0.516357182214	1.17709520541	0.977092721121	0.531438869019	0.832655654906	0.452319946834	0.817453088449	0.680908298695	1.48794410343	1.35965311745	0.846899555341	0.786496278395	0.685915592073	1.11767884485	0.898205084582	1.05849754471	0.989762131464	0.93721961334	1.00569123248	0.724837878202	0.68132622523	0.67890322378	0.67022318028	0.579239589174	0.986329511841	0.567633571774	0.889803040116	0.432270309328	0.864183924601
AB7	1.44074220396	1.51922149831	1.17781659256	1.03510234413	1.42852271145	1.81118486225	1.34566987917	1.75778855002	1.92794543741	1.43920911068	2.00490655389	1.621779884	1.72800267279	0.920255964234	1.5290622958	1.51336828903	1.83006446109	1.79221885452	0.0	0.56324320928	1.52005450459	1.5640278782	1.89443158047	1.91540113581	1.08115287095	1.43728371194	1.80770421943	1.62969269696	1.3351942001	1.19069934268	1.72332844369	1.69154111648	1.82626717255	1.90069406477	1.89001061866	1.80087294828	1.95799137264	1.47792613823	1.85232467859	1.50620123248	1.65999510875	0.953304523925	1.01100682939	1.48271256162	2.16526509908	2.11388035283	1.91524089899	1.92724141614	1.83395348961	1.82798806187	2.06834652972	1.97800234413	1.78271875302	1.8066960319	1.86637837603	1.78897579024	1.56988251329	1.9251420928	1.59062839536	1.9011717738	1.74790156597	1.94311523925
AB8	1.05800576124	1.06994236829	1.4849760609	0.555354668922	1.01847660222	1.30165365877	0.864018830353	1.27027521025	1.45150977767	0.940760188497	1.49745483809	1.12990937651	1.23421050266	1.15449390527	1.06423217496	1.10367660222	1.36413045433	1.31716524408	0.56324320928	0.0	1.03099525858	1.06329038183	1.39765232479	1.42288275979	1.10004255679	0.959289763171	1.32777648623	1.13670574674	0.836726553891	0.696275978734	1.2844182262	1.25497955051	1.34834747221	1.39546834219	1.43107908652	1.32046532141	1.46630726438	0.984037757371	1.38629283712	1.08319260029	1.2092842436	0.715709560174	0.699774765587	0.985273934268	1.67803489125	1.60638895602	1.56640777187	1.53116310778	1.4051680667	1.41159055582	1.6828600435	1.59505924118	1.38555065249	1.40983892218	1.47771875302	1.39204386177	1.14519915901	1.54731493958	1.17166637506	1.47714177864	1.27532116965	1.54207948284
AC7	0.81972059449	0.840983794103	2.01039817303	0.904442290962	1.04769432576	0.905713634606	0.838378371194	0.833910323828	0.995741865636	0.761959632673	1.06074612373	0.945067631706	0.919249038183	1.67718324795	0.848253832769	0.836053301112	1.001660174	0.92537861769	1.52005450459	1.03099525858	0.0	0.444428907685	0.943893093282	0.952447085549	1.40005094248	0.701089719671	0.919199091348	0.732754973417	0.580102711455	0.552589400677	0.859210749154	0.800798211696	0.895098525858	0.905387486709	1.26503381344	1.11132734654	1.13585481875	0.756931846303	1.02766560174	0.923228960851	0.966749942001	1.18629286129	1.12228753021	0.77188641856	1.1518557854	1.06344343161	1.4653878057	1.37671110681	1.25037288545	1.26793859352	1.54608489125	1.47160212663	1.12044246979	1.18102361527	1.23894072015	1.14054838086	0.879687941034	1.41012917351	0.892168148864	1.28723756887	0.939634504592	1.37401324311
AC8	0.646733668439	0.646805084582	2.17902096182	0.893182943451	0.979922083132	0.645605625906	0.87866982117	0.554680430159	0.719275751571	0.695896573224	0.810141324311	0.793698231029	0.626627631706	1.84417433059	0.717086974384	0.576797298212	0.677730048333	0.597256882552	1.5640278782	1.06329038183	0.444428907685	0.0	0.646016007733	0.680320990817	1.47777888352	0.587969115515	0.522606278395	0.347541435476	0.44381820203	0.538937699372	0.627927032383	0.522578303528	0.617868931851	0.63381842436	1.11872810536	0.866549072015	0.809872281295	0.648937699372	0.704770362494	0.753876099565	0.683201952634	1.20762763654	1.10391440793	0.678157887869	0.930352232963	0.853492049299	1.27532857419	1.05566155147	1.04301250362	1.04610817786	1.20831566457	1.18122247946	0.836671251812	0.854687332044	0.912064330594	0.817685524408	0.545728931851	1.15033029	0.561343204447	0.961995321411	0.608346515225	1.05002043016
AD7	0.823724871919	0.860182754954	2.42789361527	1.10810390043	1.23325344128	0.664823673272	1.21960811986	0.572803165781	0.482160700822	0.975811846303	0.410015882069	1.02423899468	0.725234340261	2.09460163847	0.908786220396	0.727497365877	0.439635297245	0.418766645723	1.89443158047	1.39765232479	0.943893093282	0.646016007733	0.0	0.181688018366	1.85066243113	0.848739739004	0.350641831803	0.478212339294	0.688539874335	0.853632837119	0.698540333494	0.54935558724	0.512830130498	0.524404639923	1.32565462059	1.11168002417	0.590697346544	0.842941894635	0.615452469792	0.97203262929	0.828354809087	1.42896985017	1.30069752054	0.916936747221	0.812796505558	0.703574929918	1.32638509425	1.08766957467	1.23691271629	1.19505474142	1.12349046399	1.22166588207	0.941568148864	0.877645553407	0.853580473659	0.881729043016	0.712244900918	1.2016279507	0.735502953117	1.07879035283	0.610119101015	1.0521539246
AD8	0.878351846303	0.80474579507	2.42684446593	1.12424435959	1.16881192847	0.612123117448	1.24121849686	0.493561768971	0.409873011116	0.99304362494	0.361751246979	0.953204780087	0.691126669889	2.09389070082	0.871842242629	0.748646138231	0.429474973417	0.440966698888	1.91540113581	1.42288275979	0.952447085549	0.680320990817	0.181688018366	0.0	1.85677298212	0.844394195263	0.332527104882	0.517608612856	0.696992706622	0.878310502658	0.739423499275	0.599627858869	0.453527032383	0.465795790237	1.28121867569	1.05565159981	0.555254267762	0.775027486709	0.570134030933	0.915330140164	0.770040159497	1.43183892218	1.30108767521	0.845620251329	0.78142979217	0.663805403577	1.289649855	1.05147169647	1.18751754471	1.13769925085	1.10025031416	1.19416027066	0.901129729338	0.841200869985	0.827699859836	0.844051135814	0.759664161431	1.17391315611	0.763253987434	1.02374091348	0.557685534074	1.02069267279
AE7	1.3916201015	1.461290261	1.91725609473	1.26233298212	1.2958058579	1.71547525858	1.21890826003	1.71465569841	1.89656528758	1.29520092798	1.95408354277	1.47603709522	1.62178133398	1.65520118898	1.47302680522	1.43958052199	1.7760817593	1.72026127598	1.08115287095	1.10004255679	1.40005094248	1.47777888352	1.85066243113	1.85677298212	0.0	1.03489127598	1.78557222813	1.58756550991	1.37058775737	1.27805628323	1.56744371194	1.57628435959	1.81743429193	1.8461158289	1.7236638376	1.6742437506	1.8923542871	1.49454959401	1.8042958869	1.39437368777	1.6095741566	1.45112980667	1.44568663122	1.44247407443	2.02714229096	1.99584965684	1.72250811503	1.79891612373	1.64675052682	1.63684216046	1.98191864669	1.80922472692	1.62613866119	1.68429551474	1.77132121315	1.64823214113	1.53238020783	1.7659502175	1.55565387144	1.78037963751	1.69252845336	1.82408810053
AE8	0.616049772837	0.591323054616	2.19135631223	0.842992658289	0.807848066699	0.761472102465	0.807171561141	0.754238071532	0.921680217496	0.590155925568	0.983472353794	0.670946244563	0.698704045433	1.85782767037	0.699320874819	0.569297626873	0.836219550507	0.773210202997	1.43728371194	0.959289763171	0.701089719671	0.587969115515	0.848739739004	0.844394195263	1.03489127598	0.0	0.801339560174	0.645162189464	0.630821594973	0.578514084099	0.757793363944	0.697184693088	0.849548293862	0.865365925568	1.0668780812	0.880285746738	0.933763861769	0.68858982117	0.849507936201	0.580011962301	0.695366080232	1.21522845819	1.093090232	0.649779347511	1.11700930401	1.07139499758	1.12380366361	1.04330498308	0.955680430159	0.962440086999	1.22909039633	1.15271158531	0.840940676655	0.863505978734	0.95011618173	0.845858970517	0.650274693088	1.10078176414	0.67004441276	0.98254661189	0.739255563074	1.04409589657
AF7	0.756182624456	0.698514736588	2.38622607057	1.07153506042	1.0768939681	0.57875459159	1.14580097148	0.465912875785	0.421395756404	0.90790542291	0.459528231029	0.87364258579	0.587621681972	2.04897098115	0.764579149348	0.628490961817	0.352451135814	0.357855099082	1.80770421943	1.32777648623	0.919199091348	0.522606278395	0.350641831803	0.332527104882	1.78557222813	0.801339560174	0.0	0.284387472209	0.635890715321	0.784396843886	0.682442426293	0.558516897052	0.416376698888	0.440652706622	1.17910301595	0.951133088449	0.52059078782	0.749620468826	0.513317655872	0.834984601257	0.674577336878	1.40671400193	1.26960669889	0.782225664572	0.792553968101	0.691363972934	1.20321959884	0.962637699372	1.08501250846	1.0660801595	1.01627602707	1.10909485742	0.809709922668	0.785392131464	0.776267757371	0.784133243113	0.609705331078	1.08192336394	0.61398719188	0.95443677622	0.480574543258	0.940774045433
AF8	0.59089022233	0.649617820203	2.26936460126	0.952190720155	1.01382873852	0.578545427743	0.983553296278	0.471409647173	0.552747626873	0.755649763171	0.656478361527	0.825683320445	0.599315244079	1.93170612856	0.733363711938	0.517923499275	0.506149995167	0.427046911551	1.62969269696	1.13670574674	0.732754973417	0.347541435476	0.478212339294	0.517608612856	1.58756550991	0.645162189464	0.284387472209	0.0	0.518999463509	0.630581164814	0.612981304978	0.465421710971	0.51445818753	0.554936505558	1.15767522475	0.920664794587	0.67216362494	0.721291594973	0.523902237796	0.751354712421	0.634827312711	1.28546225713	1.15874255196	0.749446099565	0.916625925568	0.829709241179	1.20745449493	0.977941710971	1.03824232963	1.04546563074	1.03280408893	1.11439271145	0.803432271629	0.794900280329	0.788532928951	0.785699942001	0.51900922668	1.08577707105	0.546877341711	0.950690521991	0.471211913968	0.953008680522
AG7	0.700569424843	0.661068777187	1.91042651039	0.603676399227	0.885572416626	0.688610391493	0.837684688255	0.550179782504	0.718139763171	0.651119067182	0.826773745771	0.784413533108	0.686882305462	1.57907771387	0.65372280812	0.64131782987	0.769607970034	0.718351730304	1.3351942001	0.836726553891	0.580102711455	0.44381820203	0.688539874335	0.696992706622	1.37058775737	0.630821594973	0.635890715321	0.518999463509	0.0	0.239956278395	0.805868018366	0.682010976317	0.623418482359	0.717466660222	1.23181968584	0.972565137748	0.89830739971	0.482030613823	0.774552875785	0.790791304978	0.733635524408	0.986270323828	0.869325311745	0.515838941518	1.06964940068	1.00319612856	1.32307832769	1.11477347028	1.14670038183	1.15159023683	1.27292148381	1.23028291445	0.916046360561	0.937663591107	0.998043093282	0.917218535524	0.652537854036	1.2065221508	0.682775944901	1.09560083132	0.706493049782	1.12388038183
AG8	0.663908274529	0.687581440309	1.84647463992	0.589184615756	0.861397085549	0.800235427743	0.706168641856	0.727130560657	0.905572706622	0.611388076365	0.980580318995	0.776487520541	0.775827506042	1.50758882069	0.66151937651	0.69591898985	0.901619028516	0.851919231513	1.19069934268	0.696275978734	0.552589400677	0.538937699372	0.853632837119	0.878310502658	1.27805628323	0.578514084099	0.784396843886	0.630581164814	0.239956278395	0.0	0.880037182214	0.801643069116	0.81435698405	0.865499178347	1.2093598115	1.00009322861	1.01573294828	0.526013252779	0.897020048333	0.757413605607	0.813855253746	0.933593146448	0.856553460609	0.529494291928	1.19316383277	1.11757520058	1.30575822136	1.20234957467	1.14101081199	1.1711361044	1.36413285162	1.30700149348	0.999673011116	1.01034106815	1.08635058482	0.993570821653	0.743407839536	1.26153484292	0.766336727888	1.17270297728	0.813564195263	1.206489797
AH7	0.738587747704	0.872734871919	2.45987873369	1.23654871919	1.18551954567	0.818895935234	1.13202285645	0.810552150797	0.895564697922	0.953351947801	0.823836486225	1.05219463026	0.843970333494	2.14254964717	1.00812884485	0.73419338811	0.653997283712	0.580406921218	1.72332844369	1.2844182262	0.859210749154	0.627927032383	0.698540333494	0.739423499275	1.56744371194	0.757793363944	0.682442426293	0.612981304978	0.805868018366	0.880037182214	0.0	0.291254838086	0.900097887869	0.864789014016	1.17214215563	1.02638729821	0.796749009183	0.955373914935	0.773048985017	0.922649927501	0.854488115031	1.50852437409	1.4084982697	0.991391019816	0.985466060899	0.940629463509	1.26309797487	1.06487046883	1.19194615756	1.08100045916	1.15144859352	1.1699681682	0.87830858869	0.82854561624	0.847849410343	0.826885732238	0.755174688255	1.14751507975	0.757180115998	0.988302102465	0.718467080715	1.03932276462
AH8	0.614451788304	0.744244915418	2.46216933784	1.13183981634	1.04787676172	0.659956060899	1.06873994683	0.66134857419	0.742868912518	0.840715621073	0.683740449493	0.924717375544	0.714221034316	2.1245978347	0.89020500725	0.571376974384	0.474158965684	0.349077390043	1.69154111648	1.25497955051	0.800798211696	0.522578303528	0.54935558724	0.599627858869	1.57628435959	0.697184693088	0.558516897052	0.465421710971	0.682010976317	0.801643069116	0.291254838086	0.0	0.737640536491	0.700161483809	1.13833189947	0.953603779604	0.685763779604	0.867956080232	0.573196544224	0.796017003383	0.718484760754	1.46055765587	1.34423278879	0.894582000967	0.873530043499	0.815347346544	1.14399218463	0.942756152731	1.07579075882	0.974017288545	1.01262657322	1.05376265829	0.733222982117	0.701456616723	0.699930541324	0.690102832286	0.600302962784	1.02163310778	0.615160541324	0.873362440793	0.526801938134	0.911259536008
AA5	0.850873736104	0.62831441276	2.26200986467	1.02315179797	0.986934059932	0.529110188497	1.13792452392	0.295224093765	0.276044702755	0.886932252296	0.49357720638	0.774772943451	0.604058864186	1.93313783954	0.643082846786	0.728310444659	0.489074775254	0.521878158531	1.82626717255	1.34834747221	0.895098525858	0.617868931851	0.512830130498	0.453527032383	1.81743429193	0.849548293862	0.416376698888	0.51445818753	0.623418482359	0.81435698405	0.900097887869	0.737640536491	0.0	0.294360328661	1.2288142146	0.95479760754	0.639973160947	0.603705751571	0.587095195747	0.7869559739	0.665447568874	1.24113175447	1.10814594973	0.643469652006	0.833843069116	0.691303678105	1.29614179797	1.05808814403	1.11702719671	1.14104189464	1.11315500725	1.20890390043	0.882954499758	0.871034949251	0.846014954084	0.867685911068	0.655708197197	1.18198705172	0.659326713388	1.02316647656	0.564671725471	1.02969547124
AA6	0.831059487675	0.657766292895	2.41439440793	1.12104618173	0.985956341228	0.414661208313	1.13202649589	0.392876843886	0.337887129048	0.899531527308	0.431632518125	0.772881256646	0.559450647656	2.07571832286	0.728320536491	0.680169429676	0.489042363461	0.516357182214	1.90069406477	1.39546834219	0.905387486709	0.63381842436	0.524404639923	0.465795790237	1.8461158289	0.865365925568	0.440652706622	0.554936505558	0.717466660222	0.865499178347	0.864789014016	0.700161483809	0.294360328661	0.0	1.0707421508	0.828123813436	0.493471304978	0.644832759787	0.472248177864	0.785616234896	0.563109502175	1.38433971967	1.24013161431	0.662659898502	0.591741793137	0.452737201547	1.1676118028	0.943257375544	0.973524470759	0.972738028033	0.999709913001	1.0718961769	0.732753107782	0.749313064282	0.724875273079	0.729090357661	0.657325596907	1.0416879507	0.648512928951	0.856169115515	0.501121527308	0.904966007733
AB5	1.10466032383	0.919203784437	2.57330305462	1.33327602707	0.848099942001	0.95171041566	1.17656949734	1.12035769937	1.19400739488	0.99129139681	1.15525366361	0.776876379894	0.984033542774	2.23619175447	1.00638590623	1.01329058482	1.16931233446	1.17709520541	1.89001061866	1.43107908652	1.26503381344	1.11872810536	1.32565462059	1.28121867569	1.7236638376	1.0668780812	1.17910301595	1.15767522475	1.23181968584	1.2093598115	1.17214215563	1.13833189947	1.2288142146	1.0707421508	0.0	0.341566205897	0.959618144031	1.05455388594	0.97639619623	0.847619381344	0.856108540358	1.58402514741	1.45683896568	0.944941140648	0.986398927018	0.958711957467	0.847604035766	0.898744330594	0.758561507975	0.738002711455	1.07729714838	0.926826834219	0.780970434993	0.87776099565	0.924815596907	0.877002832286	1.02246246013	0.868798298695	0.996824765587	0.823223716771	1.00305811986	0.90147120348
AB6	0.89712637506	0.664118912518	2.48030255196	1.1759322378	0.719842513291	0.699527641373	1.0164622668	0.847223093282	0.945082687289	0.82599621073	0.947287467376	0.531917443209	0.745655137748	2.13786439826	0.771866708555	0.77201159014	0.967827182214	0.977092721121	1.80087294828	1.32046532141	1.11132734654	0.866549072015	1.11168002417	1.05565159981	1.6742437506	0.880285746738	0.951133088449	0.920664794587	0.972565137748	1.00009322861	1.02638729821	0.953603779604	0.95479760754	0.828123813436	0.341566205897	0.0	0.767353842436	0.787066578057	0.772177046883	0.670820686322	0.622101677139	1.43822251812	1.30295058482	0.684473977767	0.801321865636	0.768519507008	0.763158960851	0.699951667472	0.572165770904	0.557973102948	0.886782725955	0.773361507975	0.58101157564	0.684450430159	0.729222711455	0.688705258579	0.768755799903	0.711403131948	0.751017738038	0.615747351377	0.784840120831	0.699037341711
AC5	0.916270734654	0.770721464476	2.62306929918	1.30101282745	0.977605799903	0.547082527791	1.2125639971	0.609052073465	0.542251329145	0.975762619623	0.436631469309	0.780003871435	0.706188052199	2.28839594973	0.894736394393	0.773384146931	0.510304746254	0.531438869019	1.95799137264	1.46630726438	1.13585481875	0.809872281295	0.590697346544	0.555254267762	1.8923542871	0.933763861769	0.52059078782	0.67216362494	0.89830739971	1.01573294828	0.796749009183	0.685763779604	0.639973160947	0.493471304978	0.959618144031	0.767353842436	0.0	0.795146336394	0.443240033833	0.815709299178	0.623057249879	1.61280649106	1.47311661672	0.785696781054	0.541445983567	0.497154809087	1.00256579507	0.774427201547	0.918465567907	0.859584886419	0.796789908168	0.871872112131	0.633921677139	0.581433562107	0.567590628323	0.586109511841	0.765885398743	0.863485712905	0.760036558724	0.735722750121	0.559856708555	0.715632373127
AC6	0.801923972934	0.544912469792	1.99598798937	0.722014485259	0.727482566457	0.64091737071	0.696573726438	0.508602846786	0.724928917351	0.565015103915	0.835184030933	0.633367269212	0.657651043983	1.66186559207	0.525432339294	0.690181367811	0.814370318995	0.832655654906	1.47792613823	0.984037757371	0.756931846303	0.648937699372	0.842941894635	0.775027486709	1.49454959401	0.68858982117	0.749620468826	0.721291594973	0.482030613823	0.526013252779	0.955373914935	0.867956080232	0.603705751571	0.644832759787	1.05455388594	0.787066578057	0.795146336394	0.0	0.760472682455	0.643199579507	0.65063322378	0.8648759884	0.715880430159	0.302369913001	1.03330473175	0.937407699372	1.17027948768	1.06714563074	0.972011923635	1.00554697922	1.22240389077	1.15295337361	0.856092324795	0.895868192363	0.976479014016	0.876973441276	0.673271164814	1.10064660706	0.672390434993	1.01227560174	0.717836520058	1.05558467376
AD6	0.734782174964	0.600096703722	2.5296482407	1.13730028516	0.871973006283	0.423788129531	1.11459497342	0.479765012083	0.515377907202	0.864783455776	0.464972112131	0.702763286612	0.527182025133	2.19059015466	0.739210850652	0.603990637989	0.474469362011	0.452319946834	1.85232467859	1.38629283712	1.02766560174	0.704770362494	0.615452469792	0.570134030933	1.8042958869	0.849507936201	0.513317655872	0.523902237796	0.774552875785	0.897020048333	0.773048985017	0.573196544224	0.587095195747	0.472248177864	0.97639619623	0.772177046883	0.443240033833	0.760472682455	0.0	0.668168820686	0.37831322378	1.50554049299	1.36918306912	0.738903049783	0.682734059932	0.61188621073	0.892792943451	0.67398518608	0.853985137748	0.7698739971	0.737851643306	0.81188479942	0.51820918318	0.495585582407	0.510335843403	0.48317561624	0.575842658289	0.78443179797	0.570865118415	0.673270362494	0.327636800387	0.644889014016
AE5	0.573495567907	0.441156853552	2.33598186564	0.945280821653	0.656546553891	0.687398226196	0.816968037699	0.673353059449	0.864632025133	0.585543547608	0.921494233929	0.553727457709	0.637353165781	1.99716570324	0.565968303528	0.495948622523	0.838461720638	0.817453088449	1.50620123248	1.08319260029	0.923228960851	0.753876099565	0.97203262929	0.915330140164	1.39437368777	0.580011962301	0.834984601257	0.751354712421	0.790791304978	0.757413605607	0.922649927501	0.796017003383	0.7869559739	0.785616234896	0.847619381344	0.670820686322	0.815709299178	0.643199579507	0.668168820686	0.0	0.373318032866	1.25220748671	1.11527759304	0.536275901402	1.04653762204	1.01306569357	0.858846094732	0.801470855486	0.77531762204	0.702223668439	0.984647820203	0.887706592557	0.560982904785	0.639298627356	0.741480362494	0.594559951667	0.516492203963	0.826248970517	0.512939014016	0.748684267762	0.624510937651	0.805009057516
AE6	0.61087659739	0.416963073949	2.41780288545	1.00999731754	0.719433615273	0.454250942484	0.93647858869	0.547624896085	0.646527235379	0.690324238763	0.671560038666	0.561598540358	0.433772745288	2.0778422668	0.572567970034	0.46337522958	0.66430280812	0.680908298695	1.65999510875	1.2092842436	0.966749942001	0.683201952634	0.828354809087	0.770040159497	1.6095741566	0.695366080232	0.674577336878	0.634827312711	0.733635524408	0.813855253746	0.854488115031	0.718484760754	0.665447568874	0.563109502175	0.856108540358	0.622101677139	0.623057249879	0.65063322378	0.37831322378	0.373318032866	0.0	1.35389170614	1.21879346061	0.570377491542	0.825390879652	0.766486413726	0.853906669889	0.65994521508	0.707518738521	0.676955785404	0.832818941518	0.77356560174	0.467486959884	0.485261638473	0.557690227163	0.459735094248	0.461273233446	0.744546558724	0.448487071049	0.62128160464	0.431583953601	0.65798858869
AF5	1.30191971	1.19252100532	1.312949913	0.653217230546	1.15069253262	1.37707093282	0.886259033349	1.21368951667	1.35836213146	1.01037622523	1.53541507975	1.24590898018	1.31576899468	0.984776505558	1.0788038231	1.29893089899	1.48985966651	1.48794410343	0.953304523925	0.715709560174	1.18629286129	1.20762763654	1.42896985017	1.43183892218	1.45112980667	1.21522845819	1.40671400193	1.28546225713	0.986270323828	0.933593146448	1.50852437409	1.46055765587	1.24113175447	1.38433971967	1.58402514741	1.43822251812	1.61280649106	0.8648759884	1.50554049299	1.25220748671	1.35389170614	0.0	0.199163910101	0.971797820203	1.78052939101	1.66721359594	1.73129458676	1.66729555824	1.60247886419	1.62992914451	1.82476641373	1.78202733204	1.53783416143	1.59204516675	1.66386413726	1.5694137506	1.26453745771	1.73415651522	1.28849470759	1.66458909618	1.41720388594	1.69432790237
AF6	1.20503276462	1.05558135814	1.43406098598	0.542372566457	1.03227533108	1.23547428226	0.799427554374	1.07457999033	1.23061533108	0.873698743354	1.40283824553	1.11698845336	1.18579142581	1.1041377767	0.935632518125	1.17430710488	1.3598980377	1.35965311745	1.01100682939	0.699774765587	1.12228753021	1.10391440793	1.30069752054	1.30108767521	1.44568663122	1.093090232	1.26960669889	1.15874255196	0.869325311745	0.856553460609	1.4084982697	1.34423278879	1.10814594973	1.24013161431	1.45683896568	1.30295058482	1.47311661672	0.715880430159	1.36918306912	1.11527759304	1.21879346061	0.199163910101	0.0	0.833123586274	1.63888304495	1.52695263412	1.60417073465	1.53683961334	1.47370621556	1.50257524891	1.6889621073	1.65058699855	1.40082510875	1.45288074432	1.5216341276	1.43135906235	1.12590747704	1.60103857902	1.14918690188	1.52349832286	1.28387434993	1.54750670855
AG5	0.760034765587	0.442971759304	2.08277449009	0.748561401643	0.583483856936	0.606199279845	0.69495719188	0.528710729821	0.730166263896	0.527129560174	0.83686217013	0.501050850652	0.580550700822	1.74412768487	0.443834625423	0.638210024166	0.830449966167	0.846899555341	1.48271256162	0.985273934268	0.77188641856	0.678157887869	0.916936747221	0.845620251329	1.44247407443	0.649779347511	0.782225664572	0.749446099565	0.515838941518	0.529494291928	0.991391019816	0.894582000967	0.643469652006	0.662659898502	0.944941140648	0.684473977767	0.785696781054	0.302369913001	0.738903049783	0.536275901402	0.570377491542	0.971797820203	0.833123586274	0.0	1.00546804253	0.928485722571	1.04626233446	0.948365915901	0.862636346061	0.888194881585	1.13532334461	1.03874138231	0.744940227163	0.80157062349	0.894572638956	0.765094712421	0.652931681972	0.990109231513	0.647776549058	0.893899714838	0.674249603673	0.946599845336
