	AA3	AA4	AB3	AB4	AC3	AC4	AD3	AD4	AE3	AE4	AF3	AF4	AG3	AG4	AH3	AH4	AA7	AA8	AB7	AB8	AC7	AC8	AD7	AD8	AE7	AE8	AF7	AF8	AG7	AG8	AH7	AH8	AA5	AA6	AB5	AB6	AC5	AC6	AD6	AE5	AE6	AF5	AF6	AG5	AH5	AH6	AA1	AA2	AB1	AB2	AC1	AC2	AD1	AD2	AE1	AE2	AF1	AF2	AG1	AG2	AH1	AH2
AA3	0.0	0.508118927018	2.27873169164	0.990855954567	0.87131777187	0.768426070565	0.866430149831	0.736097264379	0.886790285162	0.672926993717	0.949238182697	0.759570212663	0.696448390527	1.94016159497	0.756878521025	0.239952329628	0.804562933784	0.796568772354	1.44977927501	1.02492231029	0.8260420203	0.634754509425	0.854943214113	0.84393921218	1.36253778637	0.57804038666	0.767905804737	0.631473165781	0.692157525375	0.654224142098	0.734062672789	0.667399507008	0.859032638956	0.816426138231	1.07458526341	0.899929685839	0.956824678589	0.811496278395	0.716393214113	0.587300323828	0.544259594007	1.29215384244	1.15268147898	0.703045113581	1.07176626873	1.05436866119	0.981382551957	0.956149826003	0.881741435476	0.789951498308	1.05376193813	0.991276370227	0.663818221363	0.755576573224	0.764061599807	0.688837278879	0.523334886419	0.906396230063	0.480514253262	0.85716762204	0.640893692605	0.946110173997
AA4	0.508118927018	0.0	2.25515671822	0.919457143548	0.62483979217	0.590169869502	0.832685277912	0.507302774287	0.706945161914	0.579837201547	0.844585867569	0.469812078299	0.445625374577	1.9229101015	0.332221759304	0.324738351861	0.692100749154	0.696290241663	1.54562663122	1.01951953601	0.862755775737	0.662380782987	0.880205137748	0.791932261962	1.471219768	0.632287520541	0.711052155631	0.679442068632	0.670197718705	0.689862933784	0.87220178347	0.734288322861	0.670923784437	0.649409202513	0.912125611406	0.681510314161	0.783541913968	0.542874751087	0.588655244079	0.498828153697	0.365618540358	1.20477573707	1.03571903335	0.464868235863	0.923472000967	0.884717651039	0.91369219913	0.822576979217	0.696484461092	0.692086742388	0.93841179797	0.88357141131	0.619412025133	0.672821667472	0.668368182697	0.61393318028	0.447401759304	0.825797438376	0.444458293862	0.758925756404	0.476214842919	0.798820420493
AB3	2.27873169164	2.25515671822	0.0	1.45174052199	2.21374700822	2.43780706138	1.94293566457	2.30776552441	2.35057137264	2.08874287095	2.55452318511	2.29855326245	2.31517944418	0.383893634606	2.138010261	2.28311644273	2.50374460126	2.503940058	1.21195470759	1.52986657806	1.9751037651	2.17530151281	2.40967580474	2.41833875302	1.91302594973	2.20656813436	2.37645612373	2.28864506042	1.91886332044	1.83523333011	2.45934338328	2.47469664089	2.31276033833	2.41569320928	2.56746739488	2.49026874335	2.63455891252	1.97646895602	2.52349062832	2.27158347028	2.38988362977	1.31499423393	1.44570996133	2.09685963751	2.74639250846	2.67628315611	2.66753572257	2.70342065732	2.48686969551	2.59135075882	2.7740280812	2.74648337361	2.58033258096	2.64327921701	2.62074668922	2.61196048333	2.33697534558	2.70123970517	2.30786625423	2.65818333494	2.4154262639	2.68817762204
AB4	0.990855954567	0.919457143548	1.45174052199	0.0	0.947694470759	1.09243530691	0.759135219913	1.0248319333	1.15991172064	0.789357680039	1.28278306912	0.978634132431	0.893006945384	1.09904029483	0.825033528275	0.931789724505	1.21753327211	1.20251924601	0.998689719671	0.471548327695	0.927148743354	0.935942121798	1.16975159014	1.13295897535	1.26987071532	0.949410512325	1.13573720638	1.04079888352	0.663956834219	0.612456365394	1.28376610923	1.20936573707	1.13122961817	1.15598847269	1.38301657806	1.24564846303	1.37821635089	0.739044151764	1.19802796037	0.956353040116	1.05870333011	0.590244316095	0.478290512325	0.803149507008	1.4808382697	1.42236826003	1.43501576124	1.41680263896	1.2326259449	1.29823947801	1.51097063316	1.48387772837	1.27049508458	1.33806354761	1.33791317545	1.30084982117	1.04316099082	1.43359734654	1.01089041083	1.35703166747	1.09191743838	1.39888000967
AC3	0.87131777187	0.62483979217	2.21374700822	0.947694470759	0.0	0.760599134848	0.844728685355	0.833783600773	0.96792861769	0.681908661189	1.07141685355	0.313287008217	0.79977962784	1.87876055582	0.649969072015	0.729137293378	0.991065055582	1.00012224263	1.48445320928	1.01265102465	1.04601146931	0.991778912518	1.25153420976	1.15878785887	1.32672254712	0.870301135814	1.07583252779	1.05276691638	0.90004101015	0.862091764137	1.17878809087	1.0485239681	1.01006538424	0.988661116481	0.821243663606	0.729475461576	0.979967573707	0.718968086032	0.849496679555	0.6179219913	0.692580971484	1.17822224746	1.0390617448	0.60411	1.1351942001	1.11619702755	0.858391237313	0.958874016433	0.667525529241	0.774980347994	1.06301925568	0.988415340744	0.749453421943	0.850076307395	0.858240318995	0.769437167714	0.833042150797	0.912199386177	0.822094635089	0.886791039149	0.828077457709	0.932879555341
AC4	0.768426070565	0.590169869502	2.43780706138	1.09243530691	0.760599134848	0.0	1.10636523925	0.396800686322	0.491734045433	0.822712764621	0.384253107782	0.548297597873	0.508805896568	2.09694195263	0.735299458676	0.667084983084	0.563660130498	0.554439337844	1.85427366844	1.29984089899	0.927020318995	0.631790642823	0.68150460609	0.594543736104	1.73141527308	0.767840309328	0.568874098598	0.597970758821	0.705936761721	0.820973547608	0.794881735138	0.611843943934	0.535022054132	0.419341449976	0.967396341228	0.690744997583	0.543478598357	0.668004137264	0.390103740938	0.776990454326	0.541406302562	1.39739445143	1.23496106332	0.61374719188	0.655071469309	0.587283808603	1.01368311261	0.837662257129	0.793917684872	0.755242092798	0.862205630739	0.929515857902	0.575752924118	0.675881599807	0.666638129531	0.629960517158	0.623598472692	0.901083325278	0.667287902368	0.761460691155	0.415688985017	0.794955751571
AD3	0.866430149831	0.832685277912	1.94293566457	0.759135219913	0.844728685355	1.10636523925	0.0	0.964823905268	1.24451517641	0.350327699372	1.35010506525	0.920571942968	1.00024648623	1.60427389077	0.754745944901	0.836947061382	1.21655904785	1.18346717738	1.31230896085	0.815611938134	0.875222348961	0.902968332528	1.24928576607	1.21402185114	1.22358889319	0.86195222813	1.15553542291	1.02983179314	0.836873658772	0.728792397293	1.15499669889	1.10781831803	1.17526395843	1.13611439343	1.1879637651	1.06899497342	1.24028870952	0.710551918801	1.10319819236	0.749263185114	0.87033499275	0.850063479942	0.734265935234	0.714924552924	1.37772898502	1.34518933784	1.31647342678	1.34877505558	1.06892629773	1.14706533108	1.44429326728	1.38978807637	1.15460885452	1.19029293862	1.20505869985	1.14774983567	0.93611961334	1.29340333494	0.914808927018	1.22456337844	1.08421875785	1.31054107782
AD4	0.736097264379	0.507302774287	2.30776552441	1.0248319333	0.833783600773	0.396800686322	0.964823905268	0.0	0.315462677622	0.681717829869	0.525877670372	0.6406779942	0.526243450942	1.97331553407	0.612860666989	0.618646423393	0.529838071532	0.537760739488	1.79009747704	1.21934831319	0.884584958917	0.550938956017	0.570893885935	0.490909381344	1.72481918801	0.742463006283	0.453237849203	0.464616655389	0.558794499758	0.72131141131	0.800702759787	0.599020473659	0.330005746738	0.3574739971	1.07910660706	0.778794925085	0.574381478975	0.545978298695	0.456858018366	0.714812116965	0.522164185597	1.26035588207	1.08707615273	0.540537419043	0.720297133881	0.645100947318	1.12102619623	0.916580729821	0.90066322378	0.900105727405	0.939373044949	1.01747532624	0.716917999033	0.742533615273	0.70580117448	0.734140671822	0.573056974384	1.01160007733	0.600952619623	0.898586201063	0.431353354277	0.879500082165
AE3	0.886790285162	0.706945161914	2.35057137264	1.15991172064	0.96792861769	0.491734045433	1.24451517641	0.315462677622	0.0	0.948450715321	0.380348516191	0.774241918801	0.656261063316	2.02338763654	0.802510923151	0.80247439826	0.519531420976	0.555102518125	1.94457925568	1.38540464959	0.999544533591	0.692063228613	0.47617060899	0.446510763654	1.89263270179	0.912824214596	0.449343368777	0.529239439343	0.707254596423	0.884064789753	0.894916331561	0.703937022716	0.240543059449	0.345689289512	1.18049132431	0.899179149348	0.556003102948	0.72369098115	0.568238907685	0.951912261962	0.718709782504	1.34984305462	1.18085857902	0.722409105848	0.739493392943	0.610086785887	1.23359555341	1.01930702272	1.03545535524	1.01856969067	1.03216784437	1.12608712905	0.814733890768	0.850918661189	0.802358931851	0.837340468826	0.732355108748	1.12803945868	0.775932426293	1.00723714355	0.58484640406	0.980404973417
AE4	0.672926993717	0.579837201547	2.08874287095	0.789357680039	0.681908661189	0.822712764621	0.350327699372	0.681717829869	0.948450715321	0.0	1.06792421943	0.679567240213	0.744333673272	1.75003479459	0.538673827936	0.596732856452	0.927325954567	0.894458482359	1.44064776704	0.90641240696	0.736107100048	0.675636176897	0.972304253262	0.92873161914	1.30685621556	0.634013160947	0.863466466892	0.769307728371	0.601058680522	0.586500125665	0.926572073465	0.829065746738	0.897357921701	0.866607583374	0.985298521025	0.853105302078	0.956976940551	0.53885500725	0.818102073465	0.535017196713	0.616112484292	0.980650106332	0.814709545674	0.480043794103	1.11069615273	1.08370606573	1.08073095698	1.11244936684	0.853922870952	0.92655062349	1.22083909135	1.15676344128	0.905953247946	0.934393755437	0.940770961817	0.896586109232	0.686668801353	1.06901431126	0.656336587724	1.00215896568	0.797770517158	1.07480129531
AF3	0.949238182697	0.844585867569	2.55452318511	1.28278306912	1.07141685355	0.384253107782	1.35010506525	0.525877670372	0.380348516191	1.06792421943	0.0	0.861058351861	0.734727626873	2.2181240406	0.977002261962	0.900988250362	0.494689545674	0.490779231513	2.06253457709	1.50939752537	1.08976524891	0.809008854519	0.443863069116	0.410561967134	1.99528649589	1.01428279362	0.496356737554	0.647621527308	0.860779014016	1.00929362494	0.840754717255	0.672031290478	0.4562540116	0.441413533108	1.1670202175	0.936224929918	0.481701353311	0.870906553891	0.52910658289	1.02891668922	0.798329695505	1.55136326728	1.39156609957	0.868572817786	0.661559163847	0.537136317061	1.20501892702	0.991710860319	1.07744602707	0.989722605123	1.00225536491	1.07701551957	0.778712208797	0.795365031416	0.782764876752	0.767897665539	0.852227143548	1.05585192847	0.891563929435	0.968537288545	0.588121851136	0.952947834703
AF4	0.759570212663	0.469812078299	2.29855326245	0.978634132431	0.313287008217	0.548297597873	0.920571942968	0.6406779942	0.774241918801	0.679567240213	0.861058351861	0.0	0.611049023683	1.96017954084	0.551122179797	0.60166578057	0.850699545674	0.851327056549	1.61759248429	1.06490873369	0.967938235863	0.826083900435	1.05960904785	0.964413320445	1.45802065249	0.693858786854	0.901807114548	0.88456277912	0.791999502175	0.766378675689	1.04488152731	0.924889458676	0.821437515708	0.804241938134	0.791084562591	0.572291681972	0.778942556791	0.641840352827	0.701881870469	0.575326544224	0.563555239246	1.23684695505	1.09124732238	0.516751169647	0.937631938134	0.906284567424	0.816314765587	0.813927549541	0.568450691155	0.635089724505	0.919014325761	0.863822136298	0.620899241179	0.717315340744	0.722470555824	0.650346689222	0.69716081682	0.800529864669	0.70227737071	0.736670198163	0.664524871919	0.777379555341
AG3	0.696448390527	0.445625374577	2.31517944418	0.893006945384	0.79977962784	0.508805896568	1.00024648623	0.526243450942	0.656261063316	0.744333673272	0.734727626873	0.611049023683	0.0	1.96245447076	0.50431579507	0.575073257612	0.577042634123	0.575146249396	1.72982832286	1.17085116481	0.916506167231	0.635936732721	0.743088182697	0.67130557274	1.57795303045	0.698392411793	0.614775896568	0.613776346061	0.644951648139	0.730472097632	0.849873963267	0.717218733688	0.613167651039	0.559256201063	1.00964993233	0.748649589174	0.759043914935	0.607688139198	0.573164949251	0.697998139198	0.475880753987	1.2848922668	1.11996723055	0.55435020783	0.878879637506	0.83117698405	0.992508168197	0.846361222813	0.798014349927	0.786094717255	0.948526549058	0.92218421943	0.635551406477	0.713651527308	0.712712561624	0.656825495408	0.500417341711	0.909437718705	0.521611807637	0.792696051232	0.430652619623	0.831206326728
AG4	1.94016159497	1.9229101015	0.383893634606	1.09904029483	1.87876055582	2.09694195263	1.60427389077	1.97331553407	2.02338763654	1.75003479459	2.2181240406	1.96017954084	1.96245447076	0.0	1.80886115998	1.94199053166	2.17070516675	2.16705962784	0.96090962784	1.20036460126	1.64003133881	1.8413080522	2.07838187047	2.08430672305	1.65094930884	1.87185725471	2.04456337844	1.95429561141	1.58991916868	1.49529033833	2.14366739971	2.13772332528	1.98784011116	2.07980940551	2.24095533591	2.15517872402	2.3020842726	1.64775645239	2.19162227163	1.93472202513	2.05321127115	0.994137051716	1.12703022716	1.75991097148	2.4115320783	2.33982223296	2.33086274529	2.36531716288	2.14719164331	2.25105189464	2.43759540358	2.40890845336	2.24386299662	2.30262443209	2.29014986467	2.27361474625	2.00073847269	2.36477423876	1.97243062832	2.31669936684	2.08132643306	2.35279177864
AH3	0.756878521025	0.332221759304	2.138010261	0.825033528275	0.649969072015	0.735299458676	0.754745944901	0.612860666989	0.802510923151	0.538673827936	0.977002261962	0.551122179797	0.50431579507	1.80886115998	0.0	0.56899898985	0.802605737071	0.798654804253	1.53302085065	0.984566476559	0.880354693088	0.764980154664	0.951704867086	0.885772107298	1.42346426293	0.743593475109	0.828419811503	0.796026785887	0.678354180764	0.668646152731	1.04600579507	0.910968458192	0.733605659739	0.761515804737	1.01737032866	0.832634934751	0.948648709522	0.528822087965	0.780837264379	0.574375925568	0.571024688255	1.05520476559	0.895711822136	0.46108497825	1.07966440309	1.04368765587	1.03438707588	0.972577423876	0.797957597873	0.859392232963	1.0908881247	1.04151844853	0.852787104882	0.888138061866	0.863045785404	0.832481242146	0.61729482842	1.00228105365	0.608857056549	0.919093721605	0.66516977767	0.952161802803
AH4	0.239952329628	0.324738351861	2.28311644273	0.931789724505	0.729137293378	0.667084983084	0.836947061382	0.618646423393	0.80247439826	0.596732856452	0.900988250362	0.60166578057	0.575073257612	1.94199053166	0.56899898985	0.0	0.721919623006	0.704785123248	1.47039297728	1.01097959884	0.836143707105	0.623540652489	0.84879421943	0.76491441276	1.37890031416	0.542586607057	0.705227124215	0.645109487675	0.664942179797	0.662817293378	0.781598037699	0.63456322378	0.775456964717	0.734236379894	0.977473687772	0.776223088449	0.853964006767	0.68651221363	0.625523562107	0.466783537941	0.423970309328	1.24963438859	1.09102242146	0.556196080232	0.976423199613	0.965443272112	0.91504358144	0.864836510391	0.757457225713	0.693156201063	0.974491580474	0.916671928468	0.60720222813	0.683570120831	0.697799642339	0.613938269696	0.401312928951	0.842927361044	0.384276452392	0.772695012083	0.547787356211	0.843645480909
AA7	0.804562933784	0.692100749154	2.50374460126	1.21753327211	0.991065055582	0.563660130498	1.21655904785	0.529838071532	0.519531420976	0.927325954567	0.494689545674	0.850699545674	0.577042634123	2.17070516675	0.802605737071	0.721919623006	0.0	0.13440838086	1.85441671822	1.32252967134	1.02343898985	0.67765240696	0.455178830353	0.428034702755	1.78686782504	0.860397095215	0.376587481875	0.455102508458	0.761451101982	0.889932605123	0.666904378927	0.428748859352	0.463035128081	0.475000758821	1.18332695988	0.960167660706	0.524604248429	0.830071527308	0.545346877719	0.903504108265	0.685245244079	1.50075229096	1.33811997583	0.815527448043	0.731304997583	0.636136573224	1.11414597873	0.901132904785	1.05745182214	0.96863939101	0.906533523441	0.983213881102	0.714090376994	0.714882435959	0.686736413726	0.701841362977	0.57892681972	0.966866993717	0.620706863219	0.955817467376	0.471494200097	0.882560077332
AA8	0.796568772354	0.696290241663	2.503940058	1.20251924601	1.00012224263	0.554439337844	1.18346717738	0.537760739488	0.555102518125	0.894458482359	0.490779231513	0.851327056549	0.575146249396	2.16705962784	0.798654804253	0.704785123248	0.13440838086	0.0	1.85221478492	1.3091540116	0.993311391977	0.648289371677	0.446065596907	0.405186524891	1.75513206863	0.818389652006	0.359884707588	0.436034504592	0.742039086515	0.867304533591	0.592702928951	0.379864673755	0.491398482359	0.48595539391	1.18743299178	0.961829507008	0.531393653939	0.838810231996	0.558860729821	0.889847153214	0.684319811503	1.49593040599	1.33355071532	0.809397665539	0.729855427743	0.646903175447	1.13763201063	0.913513600773	1.0603957274	0.968260115998	0.922395118415	1.00232566457	0.734987274045	0.721058279362	0.698846244563	0.705433900435	0.590429922668	0.988290434993	0.629814306428	0.956547162881	0.481391841469	0.893879284679
AB7	1.44977927501	1.54562663122	1.21195470759	0.998689719671	1.48445320928	1.85427366844	1.31230896085	1.79009747704	1.94457925568	1.44064776704	2.06253457709	1.61759248429	1.72982832286	0.96090962784	1.53302085065	1.47039297728	1.85441671822	1.85221478492	0.0	0.614375108748	1.50239307878	1.58132927018	1.92544116481	1.89724580474	1.07588753987	1.48488683422	1.81679091832	1.68517193813	1.37098946351	1.1984317883	1.72352179314	1.73317921701	1.88913141131	1.91459086515	1.87415864186	1.8124259739	1.99209668439	1.46677739004	1.85106472692	1.45405077332	1.62238605123	0.979796259062	1.05911442243	1.50015767037	2.14011133398	2.11514145964	1.88162245529	1.955429797	1.76764034316	1.78823133398	2.04339052199	1.9846279797	1.79911339778	1.84108264379	1.84045678589	1.81275453359	1.6164021073	1.91516009667	1.57840907202	1.87557711455	1.77257483325	1.95292946834
AB8	1.02492231029	1.01951953601	1.52986657806	0.471548327695	1.01265102465	1.29984089899	0.815611938134	1.21934831319	1.38540464959	0.90641240696	1.50939752537	1.06490873369	1.17085116481	1.20036460126	0.984566476559	1.01097959884	1.32252967134	1.3091540116	0.614375108748	0.0	1.00056417593	1.05125164814	1.3606600435	1.32665255196	1.11599571774	0.952761420976	1.25659348961	1.14818152731	0.79313518608	0.656873740938	1.25074431609	1.23506601257	1.33434387144	1.35839500242	1.40433149831	1.29683262446	1.45279530208	0.916699516675	1.33947585307	0.989624296762	1.13538240696	0.71956821653	0.673637245046	0.946912982117	1.61083726921	1.5693082262	1.498020261	1.49237755921	1.29381293862	1.3295881537	1.58799326728	1.55391254229	1.36227639439	1.39343116965	1.38794358144	1.36723844853	1.1306221653	1.49351966167	1.10545670855	1.41977553891	1.22476505075	1.48715133398
AC7	0.8260420203	0.862755775737	1.9751037651	0.927148743354	1.04601146931	0.927020318995	0.875222348961	0.884584958917	0.999544533591	0.736107100048	1.08976524891	0.967938235863	0.916506167231	1.64003133881	0.880354693088	0.836143707105	1.02343898985	0.993311391977	1.50239307878	1.00056417593	0.0	0.462808902852	0.966775645239	0.948331585307	1.39176514258	0.700267211213	0.918977926535	0.793000686322	0.573122677622	0.561430425326	0.870903484775	0.846245335911	0.93889661189	0.920695727405	1.26411428226	1.15357834703	1.15448352827	0.776613977767	1.02831423876	0.937995065249	0.926833542774	1.18025715805	1.07467271145	0.73395842436	1.12937081199	1.06041502175	1.45612057032	1.42803907685	1.1978942146	1.23040915901	1.52045556791	1.49388721605	1.13978643789	1.2243798405	1.23336811503	1.16716073949	0.925650874819	1.41395143548	0.886102315128	1.2765278927	0.931842160464	1.40026184147
AC8	0.634754509425	0.662380782987	2.17530151281	0.935942121798	0.991778912518	0.631790642823	0.902968332528	0.550938956017	0.692063228613	0.675636176897	0.809008854519	0.826083900435	0.635936732721	1.8413080522	0.764980154664	0.623540652489	0.67765240696	0.648289371677	1.58132927018	1.05125164814	0.462808902852	0.0	0.631980362494	0.625345234413	1.49451256646	0.578014722088	0.509958361527	0.370842300628	0.42997457709	0.550006616723	0.631849023683	0.520460840986	0.614560072499	0.61107762204	1.15455957951	0.882836945384	0.842560570324	0.676661701305	0.689779052682	0.795199695505	0.677849231513	1.19657306912	1.06994312228	0.651875949734	0.883931333978	0.830584108265	1.28257632673	1.08893601257	1.03063847753	1.01272747704	1.17733244563	1.18812279845	0.837847704205	0.890809661672	0.895583378444	0.861946723055	0.577497071049	1.14795269212	0.576316447559	0.999879241179	0.5811559739	1.06894785404
AD7	0.854943214113	0.880205137748	2.40967580474	1.16975159014	1.25153420976	0.68150460609	1.24928576607	0.570893885935	0.47617060899	0.972304253262	0.443863069116	1.05960904785	0.743088182697	2.07838187047	0.951704867086	0.84879421943	0.455178830353	0.446065596907	1.92544116481	1.3606600435	0.966775645239	0.631980362494	0.0	0.19196182697	1.87256270179	0.852266152731	0.346548738521	0.421502276462	0.697622257129	0.859640502658	0.715938037699	0.554524490092	0.435471648139	0.500518767521	1.36084724988	1.1125179072	0.671225495408	0.873123330111	0.706626471725	1.05495167714	0.879333286612	1.41154936201	1.25824081682	0.900043185114	0.818543383277	0.704861870469	1.36235460126	1.15163440309	1.25670050266	1.19222293862	1.15811940068	1.25045482842	0.957360004833	0.960435882069	0.929701894635	0.969835070082	0.747682208797	1.24109523925	0.761152750121	1.16518231029	0.637021527308	1.11719555341
AD8	0.84393921218	0.791932261962	2.41833875302	1.13295897535	1.15878785887	0.594543736104	1.21402185114	0.490909381344	0.446510763654	0.92873161914	0.410561967134	0.964413320445	0.67130557274	2.08430672305	0.885772107298	0.76491441276	0.428034702755	0.405186524891	1.89724580474	1.32665255196	0.948331585307	0.625345234413	0.19196182697	0.0	1.79151303528	0.772329729338	0.300048371194	0.445772561624	0.663056872885	0.816022948284	0.704187433543	0.527310628323	0.437057718705	0.457123165781	1.28338127598	1.03667038666	0.588413750604	0.79526419043	0.623688414693	0.951468400193	0.783907167714	1.42142738038	1.25299502658	0.81062518608	0.744462522958	0.640180662156	1.28955354761	1.07036043499	1.16110307395	1.09493331078	1.08384045433	1.17142077332	0.87751141131	0.878653291445	0.851906147898	0.883394615756	0.717582334461	1.16659560657	0.749130043499	1.07415022716	0.556185741904	1.03636499758
AE7	1.36253778637	1.471219768	1.91302594973	1.26987071532	1.32672254712	1.73141527308	1.22358889319	1.72481918801	1.89263270179	1.30685621556	1.99528649589	1.45802065249	1.57795303045	1.65094930884	1.42346426293	1.37890031416	1.78686782504	1.75513206863	1.07588753987	1.11599571774	1.39176514258	1.49451256646	1.87256270179	1.79151303528	0.0	1.04460522958	1.77426490575	1.64150699855	1.35972465926	1.256909971	1.57112691638	1.60781825036	1.84455486225	1.83997921701	1.70723492025	1.71708880619	1.91077330111	1.50161606573	1.76815687772	1.33944337844	1.53530087965	1.43824631223	1.45240829386	1.43437243113	1.98302301112	1.98446795553	1.68549360077	1.83677077332	1.5729940986	1.60278517641	1.95115001933	1.84087111165	1.67665830836	1.71489417593	1.72480505075	1.6458078347	1.56361051716	1.76378583857	1.51608165781	1.7090880377	1.68769239729	1.82013750121
AE8	0.57804038666	0.632287520541	2.20656813436	0.949410512325	0.870301135814	0.767840309328	0.86195222813	0.742463006283	0.912824214596	0.634013160947	1.01428279362	0.693858786854	0.698392411793	1.87185725471	0.743593475109	0.542586607057	0.860397095215	0.818389652006	1.48488683422	0.952761420976	0.700267211213	0.578014722088	0.852266152731	0.772329729338	1.04460522958	0.0	0.786721686805	0.674692663122	0.61142882552	0.563107902368	0.7538999855	0.691908496858	0.861789410343	0.851343769937	1.10189049299	0.916718927018	0.949411435476	0.737082194297	0.83102757854	0.666716128565	0.673259990333	1.2420541131	1.0923120638	0.640121401643	1.0500001305	1.04792159497	1.15848502658	1.11147220396	0.910950347994	0.926369478009	1.21745839053	1.183070261	0.877259400677	0.936001899468	0.950726858386	0.892689980667	0.701801759304	1.1126542581	0.664589864669	0.98510062349	0.727453566941	1.08636105848
AF7	0.767905804737	0.711052155631	2.37645612373	1.13573720638	1.07583252779	0.568874098598	1.15553542291	0.453237849203	0.449343368777	0.863466466892	0.496356737554	0.901807114548	0.614775896568	2.04456337844	0.828419811503	0.705227124215	0.376587481875	0.359884707588	1.81679091832	1.25659348961	0.918977926535	0.509958361527	0.346548738521	0.300048371194	1.77426490575	0.786721686805	0.0	0.255108250362	0.61945982117	0.761955514741	0.665875302078	0.494801851136	0.408086708555	0.438580971484	1.1842260899	0.929793808603	0.554701570807	0.756817704205	0.58407539391	0.890274673755	0.698698690188	1.39088336878	1.21679321895	0.752399850169	0.755865828903	0.655289072015	1.21596938134	1.00543289512	1.07011691638	1.02415030449	1.0201539681	1.11056229096	0.800522982117	0.831176133398	0.799494084099	0.831170188497	0.604665930401	1.08819371194	0.643636500725	1.00596959884	0.484200512325	0.976423605607
AF8	0.631473165781	0.679442068632	2.28864506042	1.04079888352	1.05276691638	0.597970758821	1.02983179314	0.464616655389	0.529239439343	0.769307728371	0.647621527308	0.88456277912	0.613776346061	1.95429561141	0.796026785887	0.645109487675	0.455102508458	0.436034504592	1.68517193813	1.14818152731	0.793000686322	0.370842300628	0.421502276462	0.445772561624	1.64150699855	0.674692663122	0.255108250362	0.0	0.532382754954	0.651231788304	0.622593286612	0.458669308845	0.469169603673	0.497767597873	1.19789031899	0.937770246496	0.666144301595	0.752822957951	0.603443489609	0.849373914935	0.685204958917	1.29018059932	1.14777326245	0.742196520058	0.83993741421	0.780557834703	1.22693957467	1.02444589174	1.05378468342	1.03183307395	1.03791357661	1.12904044949	0.814091126148	0.850544702755	0.829683446109	0.852896186564	0.558633697438	1.10674749154	0.575301706138	1.01822367811	0.494840700822	0.994561551474
AG7	0.692157525375	0.670197718705	1.91886332044	0.663956834219	0.90004101015	0.705936761721	0.836873658772	0.558794499758	0.707254596423	0.601058680522	0.860779014016	0.791999502175	0.644951648139	1.58991916868	0.678354180764	0.664942179797	0.761451101982	0.742039086515	1.37098946351	0.79313518608	0.573122677622	0.42997457709	0.697622257129	0.663056872885	1.35972465926	0.61142882552	0.61945982117	0.532382754954	0.0	0.240602924118	0.786382150797	0.69994702755	0.673446800387	0.73588121798	1.24574683905	0.958740231996	0.915718540358	0.500515553407	0.78533139681	0.791408733688	0.73530462059	0.985607926535	0.830922948284	0.506744987917	1.05774476075	0.996775514741	1.30931580474	1.13552745771	1.10154305945	1.09953595457	1.22179231029	1.21291735621	0.91464337361	0.972931971967	0.967054311261	0.959064596423	0.684574673755	1.19394108265	0.652412039633	1.093630174	0.693395142581	1.12172769937
AG8	0.654224142098	0.689862933784	1.83523333011	0.612456365394	0.862091764137	0.820973547608	0.728792397293	0.72131141131	0.884064789753	0.586500125665	1.00929362494	0.766378675689	0.730472097632	1.49529033833	0.668646152731	0.662817293378	0.889932605123	0.867304533591	1.1984317883	0.656873740938	0.561430425326	0.550006616723	0.859640502658	0.816022948284	1.256909971	0.563107902368	0.761955514741	0.651231788304	0.240602924118	0.0	0.875044166264	0.824002373127	0.834234963751	0.86250640406	1.22460933784	1.0257259014	1.04574785404	0.514986481392	0.888161754471	0.750969192847	0.784937046883	0.926902266796	0.800606964717	0.527600855486	1.17808948284	1.1201402175	1.29335855486	1.23158945384	1.08307953601	1.11854426293	1.32305279845	1.30819649106	1.00803337361	1.05590730788	1.05466287095	1.04399937168	0.781940478492	1.2537198115	0.738960144998	1.16870499758	0.777467095215	1.21491436443
AH7	0.734062672789	0.87220178347	2.45934338328	1.28376610923	1.17878809087	0.794881735138	1.15499669889	0.800702759787	0.894916331561	0.926572073465	0.840754717255	1.04488152731	0.849873963267	2.14366739971	1.04600579507	0.781598037699	0.666904378927	0.592702928951	1.72352179314	1.25074431609	0.870903484775	0.631849023683	0.715938037699	0.704187433543	1.57112691638	0.7538999855	0.665875302078	0.622593286612	0.786382150797	0.875044166264	0.0	0.307438206863	0.874030507492	0.854204451426	1.16469867569	1.02814426776	0.824811546641	0.97374120348	0.762563136781	0.967225819236	0.847931372644	1.50762162881	1.37417851619	0.957324122765	0.941835427743	0.911331237313	1.27127266796	1.07480745288	1.17646650556	1.02274595457	1.12306900918	1.1639259739	0.864585360077	0.859493426776	0.835837767037	0.834979333011	0.76379940551	1.14205635089	0.773368032866	1.0038077042	0.696719043016	1.05580951184
AH8	0.667399507008	0.734288322861	2.47469664089	1.20936573707	1.0485239681	0.611843943934	1.10781831803	0.599020473659	0.703937022716	0.829065746738	0.672031290478	0.924889458676	0.717218733688	2.13772332528	0.910968458192	0.63456322378	0.428748859352	0.379864673755	1.73317921701	1.23506601257	0.846245335911	0.520460840986	0.554524490092	0.527310628323	1.60781825036	0.691908496858	0.494801851136	0.458669308845	0.69994702755	0.824002373127	0.307438206863	0.0	0.671524354761	0.629517583374	1.15000228613	0.938892324795	0.659374499758	0.875220241663	0.572940715321	0.856095596907	0.707257467376	1.47179192847	1.31863075882	0.831259410343	0.773718873852	0.74039839536	1.15656426293	0.960745466409	1.06350248913	0.926004161431	0.965362431126	1.0466182552	0.726814122765	0.741617095215	0.728716592557	0.711904093765	0.617370111165	1.01649770904	0.619088714355	0.910292880619	0.517801802803	0.936626665056
AA5	0.859032638956	0.670923784437	2.31276033833	1.13122961817	1.01006538424	0.535022054132	1.17526395843	0.330005746738	0.240543059449	0.897357921701	0.4562540116	0.821437515708	0.613167651039	1.98784011116	0.733605659739	0.775456964717	0.463035128081	0.491398482359	1.88913141131	1.33434387144	0.93889661189	0.614560072499	0.435471648139	0.437057718705	1.84455486225	0.861789410343	0.408086708555	0.469169603673	0.673446800387	0.834234963751	0.874030507492	0.671524354761	0.0	0.262971623973	1.21688119865	0.918937075882	0.608898902852	0.644241667472	0.625878158531	0.879610836153	0.682131005317	1.28640331078	1.114970058	0.663433450942	0.774720019333	0.634164963751	1.30275057032	1.09657831803	1.0783537071	1.07526540358	1.11320287095	1.19699447076	0.863919647173	0.905112962784	0.862245944901	0.900349521508	0.644204209763	1.18152816336	0.678788777187	1.05718450459	0.566500367327	1.05757072015
AA6	0.816426138231	0.649409202513	2.41569320928	1.15598847269	0.988661116481	0.419341449976	1.13611439343	0.3574739971	0.345689289512	0.866607583374	0.441413533108	0.804241938134	0.559256201063	2.07980940551	0.761515804737	0.734236379894	0.475000758821	0.48595539391	1.91459086515	1.35839500242	0.920695727405	0.61107762204	0.500518767521	0.457123165781	1.83997921701	0.851343769937	0.438580971484	0.497767597873	0.73588121798	0.86250640406	0.854204451426	0.629517583374	0.262971623973	0.0	1.08751982117	0.81615322378	0.516999284679	0.664410082165	0.480792663122	0.857149913001	0.600944021266	1.37952634123	1.20703588207	0.672317960367	0.569536176897	0.445078888352	1.17672344128	0.985121889802	0.959371208313	0.922142788787	1.00047876752	1.07722614306	0.723485152247	0.790633421943	0.764263600773	0.764989516675	0.625702368294	1.04743284679	0.66947442726	0.907031594973	0.479225302078	0.944195654906
AB5	1.07458526341	0.912125611406	2.56746739488	1.38301657806	0.821243663606	0.967396341228	1.1879637651	1.07910660706	1.18049132431	0.985298521025	1.1670202175	0.791084562591	1.00964993233	2.24095533591	1.01737032866	0.977473687772	1.18332695988	1.18743299178	1.87415864186	1.40433149831	1.26411428226	1.15455957951	1.36084724988	1.28338127598	1.70723492025	1.10189049299	1.1842260899	1.19789031899	1.24574683905	1.22460933784	1.16469867569	1.15000228613	1.21688119865	1.08751982117	0.0	0.423292542291	0.919804267762	1.05457630256	0.949535026583	0.868543605607	0.842456718221	1.57963486225	1.44591722088	0.985065978734	0.944592759787	0.966213257612	0.817293837603	0.950866892218	0.698418743354	0.718715398743	1.03965794103	0.963098898018	0.815159753504	0.86511101015	0.901689502175	0.831212527791	1.00376269212	0.86809619623	1.03006029966	0.803548680522	0.991304330594	0.912503073949
AB6	0.899929685839	0.681510314161	2.49026874335	1.24564846303	0.729475461576	0.690744997583	1.06899497342	0.778794925085	0.899179149348	0.853105302078	0.936224929918	0.572291681972	0.748649589174	2.15517872402	0.832634934751	0.776223088449	0.960167660706	0.961829507008	1.8124259739	1.29683262446	1.15357834703	0.882836945384	1.1125179072	1.03667038666	1.71708880619	0.916718927018	0.929793808603	0.937770246496	0.958740231996	1.0257259014	1.02814426776	0.938892324795	0.918937075882	0.81615322378	0.423292542291	0.0	0.708993175447	0.788632015466	0.724376075399	0.747254736588	0.611713088449	1.44428527791	1.29376928951	0.73366240696	0.740320865152	0.759654963751	0.742847269212	0.683359347511	0.529360169164	0.496138612856	0.781410898985	0.728336863219	0.597322455292	0.660659347511	0.705377317545	0.636792513291	0.727604243596	0.647537003383	0.753164354761	0.531656457226	0.748399154181	0.643682711455
AC5	0.956824678589	0.783541913968	2.63455891252	1.37821635089	0.979967573707	0.543478598357	1.24028870952	0.574381478975	0.556003102948	0.956976940551	0.481701353311	0.778942556791	0.759043914935	2.3020842726	0.948648709522	0.853964006767	0.524604248429	0.531393653939	1.99209668439	1.45279530208	1.15448352827	0.842560570324	0.671225495408	0.588413750604	1.91077330111	0.949411435476	0.554701570807	0.666144301595	0.915718540358	1.04574785404	0.824811546641	0.659374499758	0.608898902852	0.516999284679	0.919804267762	0.708993175447	0.0	0.826043711938	0.493055302078	0.911718786854	0.693687868536	1.61789418076	1.44190455292	0.806486563557	0.48432421943	0.40031717738	0.978139062349	0.762396370227	0.862789410343	0.797684296762	0.762810715321	0.832055142581	0.588105732238	0.572584876752	0.560817907202	0.574259473175	0.761457660706	0.831802232963	0.817914910585	0.770876428226	0.578093450942	0.719661938134
AC6	0.811496278395	0.542874751087	1.97646895602	0.739044151764	0.718968086032	0.668004137264	0.710551918801	0.545978298695	0.72369098115	0.53885500725	0.870906553891	0.641840352827	0.607688139198	1.64775645239	0.528822087965	0.68651221363	0.830071527308	0.838810231996	1.46677739004	0.916699516675	0.776613977767	0.676661701305	0.873123330111	0.79526419043	1.50161606573	0.737082194297	0.756817704205	0.752822957951	0.500515553407	0.514986481392	0.97374120348	0.875220241663	0.644241667472	0.664410082165	1.05457630256	0.788632015466	0.826043711938	0.0	0.752909811503	0.633157472209	0.605049647173	0.829363605607	0.657185877235	0.30012818753	1.00622179314	0.935445703238	1.16408108265	1.07749977284	0.928108260029	0.953900952151	1.16055173997	1.14523344128	0.866225480909	0.929558177864	0.929186723055	0.906511295312	0.681996916385	1.08559564041	0.68625462059	1.00585758821	0.681940439826	1.06007656356
AD6	0.716393214113	0.588655244079	2.52349062832	1.19802796037	0.849496679555	0.390103740938	1.10319819236	0.456858018366	0.568238907685	0.818102073465	0.52910658289	0.701881870469	0.573164949251	2.19162227163	0.780837264379	0.625523562107	0.545346877719	0.558860729821	1.85106472692	1.33947585307	1.02831423876	0.689779052682	0.706626471725	0.623688414693	1.76815687772	0.83102757854	0.58407539391	0.603443489609	0.78533139681	0.888161754471	0.762563136781	0.572940715321	0.625878158531	0.480792663122	0.949535026583	0.724376075399	0.493055302078	0.752909811503	0.0	0.715189526341	0.445763238279	1.50219274045	1.33089541808	0.721906254229	0.67193019333	0.61008	0.878145074915	0.698904432093	0.799388289029	0.695273711938	0.719955258579	0.79392161914	0.477679980667	0.530537675205	0.508144151764	0.503777617206	0.547117467376	0.760609386177	0.585949497342	0.677772745288	0.336444122765	0.665870115998
AE5	0.587300323828	0.498828153697	2.27158347028	0.956353040116	0.6179219913	0.776990454326	0.749263185114	0.714812116965	0.951912261962	0.535017196713	1.02891668922	0.575326544224	0.697998139198	1.93472202513	0.574375925568	0.466783537941	0.903504108265	0.889847153214	1.45405077332	0.989624296762	0.937995065249	0.795199695505	1.05495167714	0.951468400193	1.33944337844	0.666716128565	0.890274673755	0.849373914935	0.791408733688	0.750969192847	0.967225819236	0.856095596907	0.879610836153	0.857149913001	0.868543605607	0.747254736588	0.911718786854	0.633157472209	0.715189526341	0.0	0.362442991783	1.17302154181	1.01190227646	0.530378593523	1.0832582407	1.07521449493	0.900210338328	0.908028922185	0.744820850652	0.706917303045	1.01354851619	0.96860622523	0.666302102465	0.745009647173	0.772431918801	0.680363305945	0.547798786854	0.885040807153	0.547571899468	0.78212901885	0.684986650556	0.883159217013
AE6	0.544259594007	0.365618540358	2.38988362977	1.05870333011	0.692580971484	0.541406302562	0.87033499275	0.522164185597	0.718709782504	0.616112484292	0.798329695505	0.563555239246	0.475880753987	2.05321127115	0.571024688255	0.423970309328	0.685245244079	0.684319811503	1.62238605123	1.13538240696	0.926833542774	0.677849231513	0.879333286612	0.783907167714	1.53530087965	0.673259990333	0.698698690188	0.685204958917	0.73530462059	0.784937046883	0.847931372644	0.707257467376	0.682131005317	0.600944021266	0.842456718221	0.611713088449	0.693687868536	0.605049647173	0.445763238279	0.362442991783	0.0	1.31767312711	1.15054691155	0.51999062349	0.842057037216	0.826117834703	0.853462706622	0.754033769937	0.662902218463	0.602057085549	0.852360923151	0.816408772354	0.494576858386	0.561080043499	0.57492457709	0.50560720638	0.406411116481	0.743680908652	0.42991619623	0.638131034316	0.459583968101	0.726908376027
AF5	1.29215384244	1.20477573707	1.31499423393	0.590244316095	1.17822224746	1.39739445143	0.850063479942	1.26035588207	1.34984305462	0.980650106332	1.55136326728	1.23684695505	1.2848922668	0.994137051716	1.05520476559	1.24963438859	1.50075229096	1.49593040599	0.979796259062	0.71956821653	1.18025715805	1.19657306912	1.41154936201	1.42142738038	1.43824631223	1.2420541131	1.39088336878	1.29018059932	0.985607926535	0.926902266796	1.50762162881	1.47179192847	1.28640331078	1.37952634123	1.57963486225	1.44428527791	1.61789418076	0.829363605607	1.50219274045	1.17302154181	1.31767312711	0.0	0.220407491542	0.979758956017	1.73548942968	1.65944048333	1.69748840019	1.69505289029	1.48761257129	1.56041407927	1.77417478492	1.75550039149	1.55215374577	1.62938654906	1.62297096665	1.59495491058	1.29161105848	1.70518875785	1.26618073949	1.63346340744	1.40751676655	1.68382446109
AF6	1.15268147898	1.03571903335	1.44570996133	0.478290512325	1.0390617448	1.23496106332	0.734265935234	1.08707615273	1.18085857902	0.814709545674	1.39156609957	1.09124732238	1.11996723055	1.12703022716	0.895711822136	1.09102242146	1.33811997583	1.33355071532	1.05911442243	0.673637245046	1.07467271145	1.06994312228	1.25824081682	1.25299502658	1.45240829386	1.0923120638	1.21679321895	1.14777326245	0.830922948284	0.800606964717	1.37417851619	1.31863075882	1.114970058	1.20703588207	1.44591722088	1.29376928951	1.44190455292	0.657185877235	1.33089541808	1.01190227646	1.15054691155	0.220407491542	0.0	0.812672701788	1.57246862736	1.4931582987	1.56667574674	1.53711778154	1.35494362011	1.43011032866	1.60779845819	1.60986261479	1.38143471242	1.45938529241	1.44717088932	1.42355106332	1.12022101498	1.55680351861	1.09237723055	1.48560785404	1.23760170614	1.53019809087
AG5	0.703045113581	0.464868235863	2.09685963751	0.803149507008	0.60411	0.61374719188	0.714924552924	0.540537419043	0.722409105848	0.480043794103	0.868572817786	0.516751169647	0.55435020783	1.75991097148	0.46108497825	0.556196080232	0.815527448043	0.809397665539	1.50015767037	0.946912982117	0.73395842436	0.651875949734	0.900043185114	0.81062518608	1.43437243113	0.640121401643	0.752399850169	0.742196520058	0.506744987917	0.527600855486	0.957324122765	0.831259410343	0.663433450942	0.672317960367	0.985065978734	0.73366240696	0.806486563557	0.30012818753	0.721906254229	0.530378593523	0.51999062349	0.979758956017	0.812672701788	0.0	0.964944180764	0.932278047366	1.06260709522	1.00429861286	0.818310309328	0.845849304012	1.10506323345	1.05661334461	0.742572334461	0.847157675205	0.859688849686	0.799587718705	0.602429946834	1.0031021943	0.606615374577	0.903794610923	0.633290260996	0.980694369261
