	AA3	AA4	AB3	AB4	AC3	AC4	AD3	AD4	AE3	AE4	AF3	AF4	AG3	AG4	AH3	AH4	AA7	AA8	AB7	AB8	AC7	AC8	AD7	AD8	AE7	AE8	AF7	AF8	AG7	AG8	AH7	AH8	AA5	AA6	AB5	AB6	AC5	AC6	AD6	AE5	AE6	AF5	AF6	AG5	AH5	AH6	AA1	AA2	AB1	AB2	AC1	AC2	AD1	AD2	AE1	AE2	AF1	AF2	AG1	AG2	AH1	AH2
AA3	0.0	0.556796471725	2.20288909135	0.958979700338	0.804915727405	0.825364079265	0.819019168681	0.743340318995	0.916139714838	0.663706959884	0.998544475592	0.747632991783	0.728029033349	1.87973438376	0.76810117448	0.292571406477	0.843496708555	0.804240048333	1.41650271629	0.985102672789	0.791295456742	0.652739468342	0.962359966167	0.903541657806	1.3283058289	0.582506781054	0.840935944901	0.712162953117	0.695638907685	0.659231870469	0.78975098115	0.730750985984	0.883496080232	0.851558608023	1.07561272112	0.930138917351	0.959653649106	0.76467482842	0.811816089898	0.54179497825	0.638564765587	1.25634249879	1.16442172064	0.685866143064	1.16211413243	1.09429874819	0.982563658772	0.968067781537	0.928246549058	0.925930246496	1.07840284679	1.00422355727	0.680008806187	0.726044393427	0.799338501692	0.656050874819	0.564760952151	0.908863929435	0.539915983567	0.944732866119	0.703532165297	0.972724098598
AA4	0.556796471725	0.0	2.22472455776	0.926528786854	0.598848303528	0.610561353311	0.841635746738	0.474586070565	0.659669826003	0.588427559207	0.792488912518	0.436910420493	0.460843668439	1.90636208797	0.322836041566	0.3654819913	0.715564664089	0.680644891252	1.55873871435	1.04503133398	0.859165654906	0.650040328661	0.86251478492	0.82909157564	1.50465453842	0.604490251329	0.705901193813	0.625452252296	0.653104291928	0.67238918318	0.877586012566	0.721962237796	0.63042062349	0.614607655872	0.938637950701	0.684361904302	0.751295079749	0.503464958917	0.591023446109	0.476803852102	0.404344088932	1.22262759304	1.1121159014	0.503212841953	0.95289980667	0.85570499275	0.935588327695	0.79758160464	0.743531005317	0.760502455292	0.932191362977	0.887868970517	0.577438637023	0.633663842436	0.680381121315	0.587738859352	0.420153702272	0.843994320928	0.441616737554	0.76283858869	0.490005012083	0.769203924601
AB3	2.20288909135	2.22472455776	0.0	1.41950410343	2.19385541324	2.40785914451	1.92176102948	2.26193128565	2.31179592073	2.06997051232	2.5061042581	2.25732494442	2.30803563074	0.361977104882	2.10694157564	2.27195165297	2.47762765587	2.47938673272	1.13902427743	1.4863681682	1.98202544708	2.16012139681	2.42376581924	2.37971946834	1.88472565007	2.14034666989	2.36423476075	2.25955199613	1.82744562107	1.83089426293	2.42462687772	2.42078630256	2.26535415176	2.34608842436	2.53619410826	2.45596801837	2.60216071049	1.96960603673	2.50101289512	2.27416078299	2.39812892702	1.25661530208	1.35713464959	2.02874812953	2.72698583374	2.61815199613	2.67446916385	2.67884162881	2.45715084582	2.60703733688	2.76358655389	2.70713306428	2.5295279217	2.58508456259	2.61250500242	2.55817472692	2.29322991783	2.65789961334	2.27181566941	2.63435254229	2.38224471725	2.64636144514
AB4	0.958979700338	0.926528786854	1.41950410343	0.0	0.946200840986	1.10961360077	0.811772759787	1.01253890768	1.14665550024	0.840255621073	1.24910258096	0.972006679555	0.912578003867	1.08435264379	0.854336505558	0.986620280329	1.21372190913	1.21308266796	0.980639342678	0.507416727888	0.95669479942	0.951743634606	1.20515049299	1.16530068149	1.27700078299	0.926886027066	1.16093900918	1.0299277187	0.635594171097	0.66985942001	1.28603230546	1.19164321411	1.10429085065	1.12343678105	1.38721835669	1.26740259062	1.3875158144	0.767309724505	1.2074237941	0.996716457226	1.11078851619	0.624835248913	0.547756558724	0.781650782987	1.51388007733	1.40825291928	1.48354984534	1.43431113581	1.24493632189	1.36472117931	1.55280248913	1.49304012566	1.24591130981	1.31836840503	1.35981606573	1.28177368777	1.03386366844	1.43673057999	1.0026082987	1.38515348478	1.09505301595	1.40035129048
AC3	0.804915727405	0.598848303528	2.19385541324	0.946200840986	0.0	0.754066882552	0.840735611406	0.825341778637	0.963102798453	0.662111822136	1.07368112131	0.298546756887	0.801491952634	1.87390041566	0.632608211696	0.7253459739	1.00027438859	0.954745480909	1.47746033833	1.0314918173	1.06286153697	0.985679255679	1.24011030933	1.1959838231	1.33574133398	0.778278158531	1.06120781537	0.976458748188	0.906048168197	0.87541820203	1.1577960464	1.01844453842	0.971117829869	0.953190459159	0.823650314161	0.730739864669	0.972360666989	0.714456781054	0.833119357177	0.625604451426	0.696677660706	1.22044980667	1.12302510391	0.653280140164	1.16818102465	1.0728161769	0.880236399227	0.907707733204	0.705859444176	0.795658076365	1.04724438376	0.934865016916	0.70448077332	0.792368095698	0.845556346061	0.804684378927	0.779748376027	0.853813489609	0.776931053649	0.853030700822	0.82470300145	0.8778440116
AC4	0.825364079265	0.610561353311	2.40785914451	1.10961360077	0.754066882552	0.0	1.11413202513	0.416966466892	0.487282672789	0.844928429193	0.38679120348	0.514104900918	0.487013740938	2.08306102465	0.772126230063	0.698961585307	0.59556762204	0.583876481392	1.85117265346	1.31412599807	0.92243759304	0.683019690672	0.67594479942	0.660903484775	1.75147465442	0.784432039633	0.568594098598	0.524566858386	0.758480135331	0.789994267762	0.838869898502	0.621727970034	0.518177095215	0.435264388594	0.991880164331	0.729392595457	0.566862261962	0.671668158531	0.387142904785	0.754788965684	0.503565113581	1.42859422426	1.32474129531	0.659056766554	0.698555002417	0.603925872402	1.03400582407	0.787458714355	0.829393634606	0.786097283712	0.871266636056	0.932078685355	0.573235389077	0.649877365877	0.672897767037	0.63265441276	0.619094697922	0.929410695988	0.6872140116	0.747658405027	0.43326081682	0.765897051716
AD3	0.819019168681	0.841635746738	1.92176102948	0.811772759787	0.840735611406	1.11413202513	0.0	0.923946950217	1.22622195747	0.377470758821	1.32072660222	0.889700135331	1.00628306912	1.60278524891	0.767318854519	0.850792692122	1.18450208313	1.18935589174	1.33709626873	0.834171749638	0.867392556791	0.891936935718	1.28651764621	1.20858427743	1.21290769454	0.800461338811	1.17461055099	1.04988623006	0.800354615756	0.751620270662	1.1310838376	1.08410608507	1.16075541324	1.09864358627	1.1601480522	1.02282147898	1.24860405027	0.683828719188	1.12598498308	0.760316263896	0.925433668439	0.87332817303	0.812873310778	0.67740142581	1.39579946834	1.29237076365	1.35201942484	1.32893340744	1.07965963751	1.19123521508	1.47098501208	1.38379068149	1.09964754954	1.18110118415	1.22907050749	1.12135083615	0.926807351377	1.29686351377	0.915462624456	1.22784900918	1.08796681972	1.28442012566
AD4	0.743340318995	0.474586070565	2.26193128565	1.01253890768	0.825341778637	0.416966466892	0.923946950217	0.0	0.333862788787	0.613886553891	0.539022841953	0.617669898502	0.47857780087	1.94145358144	0.614130647656	0.580735582407	0.541788453359	0.519048777187	1.78191833736	1.23539361527	0.835455911068	0.548147646206	0.571476660222	0.526623407443	1.71569594973	0.720441077815	0.445569913001	0.396241648139	0.612124852586	0.677783615273	0.780188090865	0.553671266312	0.320534649589	0.354271222813	1.08512400193	0.798235195747	0.5965260029	0.511999516675	0.46792037216	0.674848327695	0.496411735138	1.26818279845	1.16066393427	0.537018013533	0.734564359594	0.618225360077	1.12426423876	0.864410024166	0.907811691638	0.91279159014	0.942259637506	1.01876969551	0.682723847269	0.688552841953	0.691655418076	0.673805239246	0.483848250362	1.03494242146	0.564212310295	0.859631000483	0.448773682939	0.854904707588
AE3	0.916139714838	0.659669826003	2.31179592073	1.14665550024	0.963102798453	0.487282672789	1.22622195747	0.333862788787	0.0	0.909276408893	0.386191904302	0.760768124698	0.608932208797	1.99981476559	0.766180009667	0.783324238763	0.528866901885	0.555532290962	1.93963036733	1.40693759304	0.956961918801	0.706142518125	0.469567327211	0.485796065732	1.91050478975	0.918930333494	0.403260937651	0.463069057516	0.751622933784	0.841674021266	0.907729951667	0.678997564041	0.238423566941	0.337321899468	1.2058317883	0.935582537458	0.55929459159	0.709727776704	0.54889277912	0.917693552441	0.662394485259	1.34922496858	1.2709600145	0.739547926535	0.754880642823	0.644988680522	1.25095942001	0.983516698888	1.06754455292	1.04927366361	1.04072139198	1.14710819236	0.815888965684	0.826209724505	0.81682900435	0.820569748671	0.670401807637	1.17435324311	0.738794809087	0.992741387144	0.565831261479	0.980617597873
AE4	0.663706959884	0.588427559207	2.06997051232	0.840255621073	0.662111822136	0.844928429193	0.377470758821	0.613886553891	0.909276408893	0.0	1.04753126148	0.643038337361	0.756698554857	1.75124324795	0.545767854036	0.607061971967	0.919458525858	0.916257448043	1.47971784437	0.9384359739	0.79283341711	0.704885509908	1.00380471242	0.939193421943	1.36428439826	0.593916176897	0.882875297245	0.764453025616	0.624020202997	0.604088255196	0.961989840503	0.839001657806	0.854494862252	0.830628032866	0.968469763171	0.82691040116	0.961166853552	0.473264755921	0.837155529241	0.549312203963	0.654168738521	1.02838566941	0.915375534074	0.468101338811	1.14340135331	1.0417779362	1.11914925568	1.07587441276	0.884109207347	0.983955911068	1.22172696472	1.14207427743	0.876646283229	0.90976441276	0.956943044949	0.872295321411	0.672940691155	1.05952681972	0.656862788787	1.00423501208	0.808297356211	1.03237652972
AF3	0.998544475592	0.792488912518	2.5061042581	1.24910258096	1.07368112131	0.38679120348	1.32072660222	0.539022841953	0.386191904302	1.04753126148	0.0	0.834692373127	0.654867283712	2.1859562784	0.94797240696	0.87604340261	0.474507670372	0.50275739971	2.02454589657	1.48798066216	1.03738500725	0.818652730788	0.397248463026	0.403138931851	1.97918896085	0.99343362494	0.444711082649	0.578961058482	0.876081333978	0.937948400193	0.826422058966	0.629287361044	0.452061261479	0.465184707588	1.19079061382	0.978547153214	0.468703035283	0.845127017883	0.481195413243	0.967614185597	0.688722890285	1.55169761721	1.4562742871	0.858622750121	0.668594673755	0.575322740454	1.21068092315	0.93637421943	1.11462375544	1.02483201547	0.999627960367	1.08778492992	0.78310937651	0.765264934751	0.775563228613	0.742935398743	0.794552416626	1.10429521991	0.858547941034	0.947955089415	0.549421754471	0.928007230546
AF4	0.747632991783	0.436910420493	2.25732494442	0.972006679555	0.298546756887	0.514104900918	0.889700135331	0.617669898502	0.760768124698	0.643038337361	0.834692373127	0.0	0.587515645239	1.93389951667	0.530328492025	0.606484388594	0.831125476075	0.811683528275	1.61923710971	1.08579169164	0.941737312711	0.799924340261	1.03361173997	0.985047419043	1.47197513775	0.65193838086	0.867508772354	0.785622721121	0.772939014016	0.741974702755	1.02180503625	0.881092116965	0.761663958434	0.743081749638	0.798772334461	0.571190468826	0.768536636056	0.590488632189	0.662151942968	0.554267892702	0.549428893185	1.24753047366	1.15132384727	0.541833663606	0.952522977284	0.854198951184	0.827962054132	0.773145761237	0.595744644756	0.673443189947	0.913993769937	0.827356114065	0.571601730304	0.652204963751	0.709271764137	0.681685258579	0.625379289512	0.765170328661	0.636072851619	0.713583489609	0.634508269696	0.733368438859
AG3	0.728029033349	0.460843668439	2.30803563074	0.912578003867	0.801491952634	0.487013740938	1.00628306912	0.47857780087	0.608932208797	0.756698554857	0.654867283712	0.587515645239	0.0	1.96955282262	0.546091986467	0.557827525375	0.563919990333	0.5498000145	1.72574696472	1.20105811503	0.890303881102	0.597899850169	0.720830246496	0.707903798937	1.62492530208	0.686205944901	0.567565036249	0.530764804253	0.706883939101	0.741897066216	0.821437810536	0.651250091832	0.580978550024	0.530351053649	1.01261938618	0.770558487192	0.718082885452	0.590049449009	0.547150343161	0.64967701305	0.462824422426	1.33113362011	1.23077843886	0.603949540841	0.878673441276	0.782877883035	1.01078714355	0.807383562107	0.829146176897	0.806877568874	0.949769714838	0.912194291928	0.576376621556	0.651675282745	0.705412455292	0.59266020783	0.459061662639	0.928236239729	0.487968612856	0.768146075399	0.382762532624	0.775952619623
AG4	1.87973438376	1.90636208797	0.361977104882	1.08435264379	1.87390041566	2.08306102465	1.60278524891	1.94145358144	1.99981476559	1.75124324795	2.1859562784	1.93389951667	1.96955282262	0.0	1.79560983567	1.94721938134	2.16406195747	2.16542871919	0.9017500145	1.17589548091	1.66794837119	1.8444880812	2.11120130981	2.06495668922	1.63291763171	1.82367201063	2.04857632189	1.94111160464	1.51831304978	1.51985709038	2.12464564524	2.10432097148	1.95264149348	2.02594737554	2.22548608023	2.1388462929	2.28976737554	1.65356933784	2.18165289029	1.9539982842	2.07698696955	0.954030444659	1.05410823586	1.70996947801	2.4083419623	2.29907521991	2.35212833736	2.36080169164	2.13677498792	2.28411823103	2.44373885452	2.38525217013	2.21346149831	2.26522884969	2.29751246013	2.23745625906	1.97536444176	2.33614087482	1.95409078299	2.31119444176	2.06559166264	2.32804939584
AH3	0.76810117448	0.322836041566	2.10694157564	0.854336505558	0.632608211696	0.772126230063	0.767318854519	0.614130647656	0.766180009667	0.545767854036	0.94797240696	0.530328492025	0.546091986467	1.79560983567	0.0	0.591215490575	0.82612141131	0.815184973417	1.53799490092	1.00806724021	0.896921802803	0.768467776704	0.971617728371	0.953922851619	1.44952718705	0.698904523925	0.816476491058	0.759025567907	0.693468956017	0.6994479797	1.04172445143	0.895342416626	0.725023673272	0.743747225713	0.995543310778	0.792281406477	0.916031246979	0.494492532624	0.781242928951	0.585914954084	0.616370038666	1.09327058482	0.984322450459	0.487956877719	1.12067422426	0.998278492025	1.04182735621	0.948120082165	0.809639700338	0.905656930884	1.06750271629	1.02503036733	0.794638612856	0.843237051716	0.867924171097	0.807613325278	0.587933823103	0.97688462059	0.593637970034	0.910591662639	0.671845103915	0.916386539391
AH4	0.292571406477	0.3654819913	2.27195165297	0.986620280329	0.7253459739	0.698961585307	0.850792692122	0.580735582407	0.783324238763	0.607061971967	0.87604340261	0.606484388594	0.557827525375	1.94721938134	0.591215490575	0.0	0.680497810536	0.647733175447	1.51221444176	1.05251587724	0.836830758821	0.619392556791	0.848899685839	0.797225611406	1.42454393427	0.568961222813	0.709291913968	0.608067486709	0.703965703238	0.699898569357	0.763139188014	0.622254214596	0.760905737071	0.703948564524	0.98094102465	0.771796471725	0.816536085065	0.633242513291	0.690595635573	0.485735964234	0.477081333978	1.30066690672	1.19230575157	0.562434137264	0.999494200097	0.917877423876	0.901099676172	0.808278733688	0.822913093282	0.760154248429	0.952387138714	0.880835427743	0.552546012566	0.605443175447	0.670338569357	0.540615485742	0.397430057999	0.811078100532	0.391279231513	0.778475070082	0.568346123731	0.791620502658
AA7	0.843496708555	0.715564664089	2.47762765587	1.21372190913	1.00027438859	0.59556762204	1.18450208313	0.541788453359	0.528866901885	0.919458525858	0.474507670372	0.831125476075	0.563919990333	2.16406195747	0.82612141131	0.680497810536	0.0	0.163253276945	1.85585339294	1.32503241179	0.990100343161	0.683531043983	0.459215843403	0.453577728371	1.79148067182	0.827398685355	0.35848218463	0.448961324311	0.828097723538	0.867656205897	0.651726887385	0.388266592557	0.477167568874	0.507671169647	1.19891309328	0.997543726438	0.515298506525	0.825144016433	0.510351145481	0.880010217496	0.664465969067	1.52430612856	1.42352751571	0.819429357177	0.763710299662	0.64517618173	1.13870615756	0.86816297245	1.11561483809	0.99585940551	0.922110536491	1.00952504108	0.721604393427	0.69263441276	0.699021570807	0.681576012566	0.548345287579	1.02876342194	0.571169666506	0.920335886902	0.504633533108	0.87214659739
AA8	0.804240048333	0.680644891252	2.47938673272	1.21308266796	0.954745480909	0.583876481392	1.18935589174	0.519048777187	0.555532290962	0.916257448043	0.50275739971	0.811683528275	0.5498000145	2.16542871919	0.815184973417	0.647733175447	0.163253276945	0.0	1.82142540358	1.31638638473	0.968548709522	0.658798376027	0.485724296762	0.478031246979	1.73975816336	0.794611594973	0.37389378927	0.418895084582	0.802970797487	0.853407240213	0.590222126631	0.330017037216	0.506338757854	0.516485471242	1.18145267279	0.985867008217	0.530324224263	0.822529144514	0.472354291928	0.839418274529	0.630087820203	1.53059273562	1.43170739488	0.81038720638	0.767315862736	0.651497269212	1.08585058966	0.812765906235	1.10186891735	0.952709047849	0.871261503142	0.963562223296	0.669679768004	0.640005930401	0.647677409377	0.625357390043	0.531708492025	0.982128182697	0.576935326245	0.872524997583	0.464531459642	0.825199487675
AB7	1.41650271629	1.55873871435	1.13902427743	0.980639342678	1.47746033833	1.85117265346	1.33709626873	1.78191833736	1.93963036733	1.47971784437	2.02454589657	1.61923710971	1.72574696472	0.9017500145	1.53799490092	1.51221444176	1.85585339294	1.82142540358	0.0	0.602238206863	1.54174786854	1.59210399227	1.96743865152	1.91906596907	1.08577142581	1.42786042049	1.8638641711	1.72163831319	1.3190141421	1.23310445626	1.7448719478	1.73797249396	1.87734871435	1.88897831803	1.91377427743	1.84248497825	1.9988061769	1.48677319478	1.89421124698	1.50201929918	1.67527915901	0.987932455292	0.982552788787	1.50933663122	2.18929149348	2.09439073465	1.96114854036	1.98852678589	1.80558617206	1.88817139681	2.09259126631	2.01565169647	1.81119462542	1.85596306912	1.90158780087	1.82428573224	1.63525352827	1.93288457709	1.59734937168	1.93190563557	1.77095077332	1.96546761721
AB8	0.985102672789	1.04503133398	1.4863681682	0.507416727888	1.0314918173	1.31412599807	0.834171749638	1.23539361527	1.40693759304	0.9384359739	1.48798066216	1.08579169164	1.20105811503	1.17589548091	1.00806724021	1.05251587724	1.32503241179	1.31638638473	0.602238206863	0.0	1.03822790237	1.05678144514	1.42265914935	1.37129749638	1.0994819478	0.902447017883	1.318019913	1.17377098115	0.771110144998	0.690645679072	1.25170839536	1.21768555824	1.34477210246	1.34257257129	1.40350290478	1.30776603673	1.45562020783	0.953557317545	1.36165259546	1.02411456742	1.18004761237	0.75196141131	0.679860826486	0.958526118898	1.65185238763	1.55033920735	1.56073724505	1.52947860319	1.32406259062	1.41537503625	1.63412607057	1.56369298695	1.35108920735	1.38909077815	1.42863842919	1.35401171097	1.13389943934	1.50104951184	1.11688634123	1.44847831319	1.23868906718	1.49633087965
AC7	0.791295456742	0.859165654906	1.98202544708	0.95669479942	1.06286153697	0.92243759304	0.867392556791	0.835455911068	0.956961918801	0.79283341711	1.03738500725	0.941737312711	0.890303881102	1.66794837119	0.896921802803	0.836830758821	0.990100343161	0.968548709522	1.54174786854	1.03822790237	0.0	0.420891213146	0.978327216046	0.928883446109	1.43589597873	0.715849710005	0.910941957467	0.738730338328	0.555762068632	0.566549753504	0.844751116481	0.805324142098	0.89279362494	0.858760396327	1.26002893185	1.13920484292	1.14424240696	0.765287501208	1.0132318463	0.93366499275	0.946302232963	1.18760729338	1.1412862349	0.702064432093	1.11915501208	1.03106159014	1.47565709522	1.3990121508	1.1814017738	1.26881120348	1.52096924601	1.47745625906	1.07389605607	1.17613988884	1.22799532141	1.09947295312	0.89343157564	1.39468644273	0.881231778637	1.26614260996	0.906259714838	1.3592441276
AC8	0.652739468342	0.650040328661	2.16012139681	0.951743634606	0.985679255679	0.683019690672	0.891936935718	0.548147646206	0.706142518125	0.704885509908	0.818652730788	0.799924340261	0.597899850169	1.8444880812	0.768467776704	0.619392556791	0.683531043983	0.658798376027	1.59210399227	1.05678144514	0.420891213146	0.0	0.712523861769	0.664464345094	1.4900840986	0.588693141614	0.550189120348	0.390965195747	0.483286215563	0.53479518608	0.637229618173	0.518583629773	0.637750077332	0.592066447559	1.11814235863	0.880498289029	0.828403740938	0.649006969551	0.715917201547	0.763004093765	0.649177061382	1.23179859352	1.13249367811	0.642068898018	0.898636056066	0.797241445143	1.28658645239	1.0781378057	1.00498107782	1.01501429676	1.19784102948	1.17952048333	0.783006321895	0.86494120348	0.914232991783	0.803533813436	0.555800188497	1.17467687289	0.581304519091	0.9604520058	0.599242924118	1.0441418173
AD7	0.962359966167	0.86251478492	2.42376581924	1.20515049299	1.24011030933	0.67594479942	1.28651764621	0.571476660222	0.469567327211	1.00380471242	0.397248463026	1.03361173997	0.720830246496	2.11120130981	0.971617728371	0.848899685839	0.459215843403	0.485724296762	1.96743865152	1.42265914935	0.978327216046	0.712523861769	0.0	0.160779652006	1.92585402127	0.897239884002	0.363829328178	0.471838434026	0.775312803287	0.862659357177	0.749571469309	0.549715804737	0.487133214113	0.541439956501	1.3537541856	1.13246480909	0.617732474625	0.857830753987	0.643770381827	1.03784315128	0.838603088449	1.48145225713	1.38436163847	0.896512556791	0.799193895602	0.697552827453	1.35362271629	1.07947201063	1.28388608023	1.2011242291	1.1240379797	1.24150633639	0.949266297728	0.903443257612	0.896023977767	0.900204209763	0.749853861769	1.27644707588	0.798501768971	1.11842585307	0.639619632673	1.07587367327
AD8	0.903541657806	0.82909157564	2.37971946834	1.16530068149	1.1959838231	0.660903484775	1.20858427743	0.526623407443	0.485796065732	0.939193421943	0.403138931851	0.985047419043	0.707903798937	2.06495668922	0.953922851619	0.797225611406	0.453577728371	0.478031246979	1.91906596907	1.37129749638	0.928883446109	0.664464345094	0.160779652006	0.0	1.84001919285	0.814799265346	0.363452904785	0.454717941034	0.718658786854	0.799860227163	0.702540836153	0.505316481392	0.481769028516	0.522806065732	1.33580696472	1.10842043983	0.6015280087	0.829077037216	0.627528583857	0.996203663606	0.806140091832	1.43543214113	1.33704719671	0.855613475109	0.778127022716	0.6767440116	1.32884032866	1.05860297245	1.24421100048	1.15519856452	1.10962036733	1.21674141614	0.908398738521	0.872888467859	0.871757443209	0.86486222813	0.731261730304	1.2432101885	0.778463131948	1.07921063799	0.617292595457	1.05155224263
AE7	1.3283058289	1.50465453842	1.88472565007	1.27700078299	1.33574133398	1.75147465442	1.21290769454	1.71569594973	1.91050478975	1.36428439826	1.97918896085	1.47197513775	1.62492530208	1.63291763171	1.44952718705	1.42454393427	1.79148067182	1.73975816336	1.08577142581	1.0994819478	1.43589597873	1.4900840986	1.92585402127	1.84001919285	0.0	1.05514566941	1.82593973417	1.66816234413	1.35380434026	1.29533530208	1.57874936684	1.62750279845	1.85662168681	1.82527819236	1.72436713388	1.7154579507	1.93859938134	1.50270831319	1.83660431609	1.38354609473	1.62334001933	1.47215291928	1.44289022716	1.42350082649	2.04870769454	1.96088914935	1.75452085549	1.85261668439	1.61336409377	1.69414264862	1.98292213146	1.82701820203	1.6571899275	1.7079219478	1.76081940068	1.65359781537	1.59286175447	1.74413977284	1.54565320928	1.77548241663	1.70841766554	1.83372925085
AE8	0.582506781054	0.604490251329	2.14034666989	0.926886027066	0.778278158531	0.784432039633	0.800461338811	0.720441077815	0.918930333494	0.593916176897	0.99343362494	0.65193838086	0.686205944901	1.82367201063	0.698904523925	0.568961222813	0.827398685355	0.794611594973	1.42786042049	0.902447017883	0.715849710005	0.588693141614	0.897239884002	0.814799265346	1.05514566941	0.0	0.824554876752	0.670112875785	0.622546607057	0.570494253262	0.757003262446	0.704205316578	0.860283769937	0.832928115031	1.06856793137	0.889932329628	0.952421319478	0.66125937651	0.85727380377	0.599998192363	0.675035152247	1.21523301112	1.12468494442	0.613842300628	1.11731051232	1.03017611406	1.12167119381	1.06113831319	0.895715176414	0.951289043016	1.18695431609	1.13857700822	0.832654388594	0.867880241663	0.918488018366	0.832417201547	0.675846863219	1.07511586274	0.656532769454	0.969340246496	0.733397042049	1.02715124698
AF7	0.840935944901	0.705901193813	2.36423476075	1.16093900918	1.06120781537	0.568594098598	1.17461055099	0.445569913001	0.403260937651	0.882875297245	0.444711082649	0.867508772354	0.567565036249	2.04857632189	0.816476491058	0.709291913968	0.35848218463	0.37389378927	1.8638641711	1.318019913	0.910941957467	0.550189120348	0.363829328178	0.363452904785	1.82593973417	0.824554876752	0.0	0.248114731754	0.710237868536	0.774052474625	0.703231527308	0.502436723055	0.375301817303	0.434711894635	1.17635675689	0.939006394393	0.514919540841	0.720348907685	0.526183953601	0.885852044466	0.656809816336	1.41998307395	1.32975872885	0.765260744321	0.757336515225	0.656022967617	1.21804129531	0.953188675689	1.10307946834	1.03986750604	0.997870314161	1.10426684872	0.781401271145	0.791818047366	0.791437172547	0.775490840986	0.576526234896	1.1205860319	0.634453600773	0.967628917351	0.487072247463	0.94949500725
AF8	0.712162953117	0.625452252296	2.25955199613	1.0299277187	0.976458748188	0.524566858386	1.04988623006	0.396241648139	0.463069057516	0.764453025616	0.578961058482	0.785622721121	0.530764804253	1.94111160464	0.759025567907	0.608067486709	0.448961324311	0.418895084582	1.72163831319	1.17377098115	0.738730338328	0.390965195747	0.471838434026	0.454717941034	1.66816234413	0.670112875785	0.248114731754	0.0	0.573130869985	0.63303840986	0.670955500242	0.431507278879	0.425251116481	0.43613937651	1.1450162929	0.901258139198	0.630110318995	0.650809864669	0.511945335911	0.787743885935	0.604958815853	1.3156519188	1.22078081682	0.663638656356	0.824973383277	0.7134780087	1.1979081102	0.94105782987	1.02497978734	0.999981261479	0.994087752537	1.09398064282	0.751509333011	0.775751909135	0.785918119865	0.751567825036	0.511518917351	1.09958616723	0.555277303045	0.935606307395	0.45868481392	0.929804644756
AG7	0.695638907685	0.653104291928	1.82744562107	0.635594171097	0.906048168197	0.758480135331	0.800354615756	0.612124852586	0.751622933784	0.624020202997	0.876081333978	0.772939014016	0.706883939101	1.51831304978	0.693468956017	0.703965703238	0.828097723538	0.802970797487	1.3190141421	0.771110144998	0.555762068632	0.483286215563	0.775312803287	0.718658786854	1.35380434026	0.622546607057	0.710237868536	0.573130869985	0.0	0.154878327695	0.837185606573	0.73602698405	0.698733479942	0.740073407443	1.24713325278	0.984844417593	0.95846182697	0.460117960367	0.821954842919	0.812217046883	0.762481546641	0.968794224263	0.862026437893	0.483638110198	1.12334950217	1.01789143064	1.33074859836	1.17244095698	1.12114893668	1.13745105848	1.29938020783	1.26580381827	0.952437051716	0.976097820203	1.04103799903	0.953364949251	0.71867221363	1.24076757371	0.71756078782	1.13140471725	0.74301882552	1.15558095698
AG8	0.659231870469	0.67238918318	1.83089426293	0.66985942001	0.87541820203	0.789994267762	0.751620270662	0.677783615273	0.841674021266	0.604088255196	0.937948400193	0.741974702755	0.741897066216	1.51985709038	0.6994479797	0.699898569357	0.867656205897	0.853407240213	1.23310445626	0.690645679072	0.566549753504	0.53479518608	0.862659357177	0.799860227163	1.29533530208	0.570494253262	0.774052474625	0.63303840986	0.154878327695	0.0	0.848106602223	0.780690985984	0.788473064282	0.805167211213	1.2195618463	1.00262086032	1.00568719188	0.485404146931	0.876562837119	0.762876437893	0.78526500725	0.975517423876	0.881410265829	0.486407970034	1.17101845336	1.06410478975	1.3224457274	1.20854624456	1.09927348961	1.15598217496	1.33676707105	1.29566561624	0.988981440309	1.01199498792	1.07250092798	0.985585693572	0.753908840019	1.23685316095	0.75042319478	1.15400349928	0.787613914935	1.18916639923
AH7	0.78975098115	0.877586012566	2.42462687772	1.28603230546	1.1577960464	0.838869898502	1.1310838376	0.780188090865	0.907729951667	0.961989840503	0.826422058966	1.02180503625	0.821437810536	2.12464564524	1.04172445143	0.763139188014	0.651726887385	0.590222126631	1.7448719478	1.25170839536	0.844751116481	0.637229618173	0.749571469309	0.702540836153	1.57874936684	0.757003262446	0.703231527308	0.670955500242	0.837185606573	0.848106602223	0.0	0.322583716771	0.872443301112	0.861141556307	1.16232562591	1.04592749154	0.807132895118	0.951232943451	0.788567196713	0.94105901885	0.804062155631	1.51437173997	1.432020174	0.937940062832	0.973323721605	0.878608134364	1.27574974867	1.03976144998	1.18209780087	1.05170553891	1.14688906235	1.16498875785	0.842435224746	0.832529700338	0.85276619623	0.803541672305	0.764109835669	1.18446505075	0.776860845819	0.977363769937	0.718185756404	1.02761819236
AH8	0.730750985984	0.721962237796	2.42078630256	1.19164321411	1.01844453842	0.621727970034	1.08410608507	0.553671266312	0.678997564041	0.839001657806	0.629287361044	0.881092116965	0.651250091832	2.10432097148	0.895342416626	0.622254214596	0.388266592557	0.330017037216	1.73797249396	1.21768555824	0.805324142098	0.518583629773	0.549715804737	0.505316481392	1.62750279845	0.704205316578	0.502436723055	0.431507278879	0.73602698405	0.780690985984	0.322583716771	0.0	0.643297042049	0.607706056066	1.13581522958	0.947227912035	0.626218264862	0.82717417593	0.558875340744	0.828437525375	0.663945901402	1.47517329145	1.3715862494	0.809803798937	0.798039695505	0.708587887869	1.16261695505	0.908451643306	1.07136645723	0.939273586274	0.968562513291	1.05690142581	0.697637317545	0.707489695505	0.717963252779	0.67115240696	0.596261179314	1.06596584824	0.621745635573	0.865792368294	0.52338921218	0.908926365394
AA5	0.883496080232	0.63042062349	2.26535415176	1.10429085065	0.971117829869	0.518177095215	1.16075541324	0.320534649589	0.238423566941	0.854494862252	0.452061261479	0.761663958434	0.580978550024	1.95264149348	0.725023673272	0.760905737071	0.477167568874	0.506338757854	1.87734871435	1.34477210246	0.89279362494	0.637750077332	0.487133214113	0.481769028516	1.85662168681	0.860283769937	0.375301817303	0.425251116481	0.698733479942	0.788473064282	0.872443301112	0.643297042049	0.0	0.255281367811	1.22165101498	0.9297760029	0.5949539826	0.621516544224	0.581211126148	0.841231058482	0.649374456259	1.2723299565	1.18386936201	0.665581623973	0.770302121798	0.651508632189	1.29266018366	1.03118943934	1.07543144514	1.07930690672	1.0876722958	1.18811490092	0.834735277912	0.859363566941	0.845232677622	0.84197517158	0.591078376027	1.2006120928	0.660386051232	1.02160802803	0.555769395843	1.02427522958
AA6	0.851558608023	0.614607655872	2.34608842436	1.12343678105	0.953190459159	0.435264388594	1.09864358627	0.354271222813	0.337321899468	0.830628032866	0.465184707588	0.743081749638	0.530351053649	2.02594737554	0.743747225713	0.703948564524	0.507671169647	0.516485471242	1.88897831803	1.34257257129	0.858760396327	0.592066447559	0.541439956501	0.522806065732	1.82527819236	0.832928115031	0.434711894635	0.43613937651	0.740073407443	0.805167211213	0.861141556307	0.607706056066	0.255281367811	0.0	1.08363875302	0.818427008217	0.542097042049	0.617657448043	0.499098168197	0.798572551957	0.537332933784	1.35175607057	1.24719187047	0.651726723055	0.585438144031	0.475787670372	1.19690331078	0.944593475109	0.958266655389	0.945029366844	1.00113523925	1.09552758821	0.702854567424	0.776402150797	0.765606689222	0.735147636539	0.576507129048	1.08623695988	0.648156012566	0.895447182214	0.489402933784	0.928336056066
AB5	1.07561272112	0.938637950701	2.53619410826	1.38721835669	0.823650314161	0.991880164331	1.1601480522	1.08512400193	1.2058317883	0.968469763171	1.19079061382	0.798772334461	1.01261938618	2.22548608023	0.995543310778	0.98094102465	1.19891309328	1.18145267279	1.91377427743	1.40350290478	1.26002893185	1.11814235863	1.3537541856	1.33580696472	1.72436713388	1.06856793137	1.17635675689	1.1450162929	1.24713325278	1.2195618463	1.16232562591	1.13581522958	1.22165101498	1.08363875302	0.0	0.410210033833	0.952592827453	1.04083102948	0.952729768004	0.847818235863	0.860406544224	1.5994578202	1.49810987917	1.02089613823	0.979936394393	0.947368240696	0.87595940551	0.939698898018	0.709733934268	0.767316423393	1.06323233929	0.946869560174	0.792343837603	0.89934679072	0.912658540358	0.920151667472	1.00953238763	0.852237259546	1.01824154181	0.796387868536	1.00473535524	0.891873987434
AB6	0.930138917351	0.684361904302	2.45596801837	1.26740259062	0.730739864669	0.729392595457	1.02282147898	0.798235195747	0.935582537458	0.82691040116	0.978547153214	0.571190468826	0.770558487192	2.1388462929	0.792281406477	0.771796471725	0.997543726438	0.985867008217	1.84248497825	1.30776603673	1.13920484292	0.880498289029	1.13246480909	1.10842043983	1.7154579507	0.889932329628	0.939006394393	0.901258139198	0.984844417593	1.00262086032	1.04592749154	0.947227912035	0.9297760029	0.818427008217	0.410210033833	0.0	0.763345297245	0.781474896085	0.747966858386	0.717336892218	0.618584891252	1.47285019333	1.35931232479	0.77786582407	0.769365944901	0.75537318028	0.759460845819	0.682777689705	0.524531778637	0.507442919285	0.806769980667	0.7256979797	0.581516249396	0.711502034799	0.715141198647	0.738483189947	0.738651923635	0.684033731271	0.755526993717	0.541356636056	0.788622527791	0.636142261962
AC5	0.959653649106	0.751295079749	2.60216071049	1.3875158144	0.972360666989	0.566862261962	1.24860405027	0.5965260029	0.55929459159	0.961166853552	0.468703035283	0.768536636056	0.718082885452	2.28976737554	0.916031246979	0.816536085065	0.515298506525	0.530324224263	1.9988061769	1.45562020783	1.14424240696	0.828403740938	0.617732474625	0.6015280087	1.93859938134	0.952421319478	0.514919540841	0.630110318995	0.95846182697	1.00568719188	0.807132895118	0.626218264862	0.5949539826	0.542097042049	0.952592827453	0.763345297245	0.0	0.79575560174	0.421831652972	0.89241741421	0.612374364427	1.65393402127	1.53337537941	0.859079163847	0.491663054616	0.421608086032	0.998598303528	0.72234658289	0.92143677622	0.83166661189	0.760826732721	0.857627037216	0.58828680522	0.543123562107	0.552824900918	0.616336278395	0.712998371194	0.892168540358	0.798407535041	0.743162261962	0.574280227163	0.713520135331
AC6	0.76467482842	0.503464958917	1.96960603673	0.767309724505	0.714456781054	0.671668158531	0.683828719188	0.511999516675	0.709727776704	0.473264755921	0.845127017883	0.590488632189	0.590049449009	1.65356933784	0.494492532624	0.633242513291	0.825144016433	0.822529144514	1.48677319478	0.953557317545	0.765287501208	0.649006969551	0.857830753987	0.829077037216	1.50270831319	0.66125937651	0.720348907685	0.650809864669	0.460117960367	0.485404146931	0.951232943451	0.82717417593	0.621516544224	0.617657448043	1.04083102948	0.781474896085	0.79575560174	0.0	0.731463832769	0.607438535524	0.59657878202	0.890217781537	0.778849289512	0.297897684872	1.00101036249	0.898367264379	1.13596692605	1.03512707588	0.907296524891	0.972869009183	1.14532205413	1.10579216046	0.805892131464	0.866796882552	0.927628342194	0.835385142581	0.593521580474	1.04836605607	0.612668511358	0.978777457709	0.658690560657	0.999741304978
AD6	0.811816089898	0.591023446109	2.50101289512	1.2074237941	0.833119357177	0.387142904785	1.12598498308	0.46792037216	0.54889277912	0.837155529241	0.481195413243	0.662151942968	0.547150343161	2.18165289029	0.781242928951	0.690595635573	0.510351145481	0.472354291928	1.89421124698	1.36165259546	1.0132318463	0.715917201547	0.643770381827	0.627528583857	1.83660431609	0.85727380377	0.526183953601	0.511945335911	0.821954842919	0.876562837119	0.788567196713	0.558875340744	0.581211126148	0.499098168197	0.952729768004	0.747966858386	0.421831652972	0.731463832769	0.0	0.726757341711	0.400895983567	1.53091132914	1.42747778154	0.778003837603	0.660222933784	0.560293175447	0.891930729821	0.63728341711	0.858042928951	0.743136747221	0.707960338328	0.796997713871	0.491494088932	0.495565828903	0.512191894635	0.495621599807	0.57165020783	0.794954934751	0.623001401643	0.668688482359	0.353918559691	0.629638709522
AE5	0.54179497825	0.476803852102	2.27416078299	0.996716457226	0.625604451426	0.754788965684	0.760316263896	0.674848327695	0.917693552441	0.549312203963	0.967614185597	0.554267892702	0.64967701305	1.9539982842	0.585914954084	0.485735964234	0.880010217496	0.839418274529	1.50201929918	1.02411456742	0.93366499275	0.763004093765	1.03784315128	0.996203663606	1.38354609473	0.599998192363	0.885852044466	0.787743885935	0.812217046883	0.762876437893	0.94105901885	0.828437525375	0.841231058482	0.798572551957	0.847818235863	0.717336892218	0.89241741421	0.607438535524	0.726757341711	0.0	0.394735403577	1.24321915901	1.13236639439	0.565524746254	1.0917641421	1.01081175447	0.928447046883	0.880292426293	0.746223702272	0.753455712905	1.0163141711	0.946162112131	0.610120140164	0.701903460609	0.774081454809	0.639336602223	0.539304804253	0.868736239729	0.525874074432	0.78333641856	0.673886959884	0.852069362011
AE6	0.638564765587	0.404344088932	2.39812892702	1.11078851619	0.696677660706	0.503565113581	0.925433668439	0.496411735138	0.662394485259	0.654168738521	0.688722890285	0.549428893185	0.462824422426	2.07698696955	0.616370038666	0.477081333978	0.664465969067	0.630087820203	1.67527915901	1.18004761237	0.946302232963	0.649177061382	0.838603088449	0.806140091832	1.62334001933	0.675035152247	0.656809816336	0.604958815853	0.762481546641	0.78526500725	0.804062155631	0.663945901402	0.649374456259	0.537332933784	0.860406544224	0.618584891252	0.612374364427	0.59657878202	0.400895983567	0.394735403577	0.0	1.39320237313	1.2837262349	0.612473354277	0.812922387627	0.726416234896	0.872499995167	0.698155495408	0.740785505075	0.645149173514	0.824873141614	0.783512634123	0.424183112615	0.490083426776	0.538810497825	0.43308378927	0.418095635573	0.772651362977	0.443499299178	0.615419632673	0.436198902852	0.670270652489
AF5	1.25634249879	1.22262759304	1.25661530208	0.624835248913	1.22044980667	1.42859422426	0.87332817303	1.26818279845	1.34922496858	1.02838566941	1.55169761721	1.24753047366	1.33113362011	0.954030444659	1.09327058482	1.30066690672	1.52430612856	1.53059273562	0.987932455292	0.75196141131	1.18760729338	1.23179859352	1.48145225713	1.43543214113	1.47215291928	1.21523301112	1.41998307395	1.3156519188	0.968794224263	0.975517423876	1.51437173997	1.47517329145	1.2723299565	1.35175607057	1.5994578202	1.47285019333	1.65393402127	0.890217781537	1.53091132914	1.24321915901	1.39320237313	0.0	0.170957037216	0.970896723055	1.77366371677	1.65765121315	1.76546713388	1.72411605123	1.54637237313	1.66938944901	1.82744913485	1.79638269212	1.54847720155	1.62720208797	1.66323843886	1.59466472209	1.29307039149	1.74754306428	1.28031570807	1.6723439681	1.42627714838	1.69115951184
AF6	1.16442172064	1.1121159014	1.35713464959	0.547756558724	1.12302510391	1.32474129531	0.812873310778	1.16066393427	1.2709600145	0.915375534074	1.4562742871	1.15132384727	1.23077843886	1.05410823586	0.984322450459	1.19230575157	1.42352751571	1.43170739488	0.982552788787	0.679860826486	1.1412862349	1.13249367811	1.38436163847	1.33704719671	1.44289022716	1.12468494442	1.32975872885	1.22078081682	0.862026437893	0.881410265829	1.432020174	1.3715862494	1.18386936201	1.24719187047	1.49810987917	1.35931232479	1.53337537941	0.778849289512	1.42747778154	1.13236639439	1.2837262349	0.170957037216	0.0	0.856953421943	1.66729696472	1.55116460609	1.66678594007	1.62289912035	1.44022568874	1.56240233929	1.7174762929	1.69051141614	1.44690964717	1.52380101015	1.56345110681	1.49066905752	1.18923914451	1.63901753987	1.17797735621	1.56594767521	1.32756235379	1.593340145
AG5	0.685866143064	0.503212841953	2.02874812953	0.781650782987	0.653280140164	0.659056766554	0.67740142581	0.537018013533	0.739547926535	0.468101338811	0.858622750121	0.541833663606	0.603949540841	1.70996947801	0.487956877719	0.562434137264	0.819429357177	0.81038720638	1.50933663122	0.958526118898	0.702064432093	0.642068898018	0.896512556791	0.855613475109	1.42350082649	0.613842300628	0.765260744321	0.663638656356	0.483638110198	0.486407970034	0.937940062832	0.809803798937	0.665581623973	0.651726723055	1.02089613823	0.77786582407	0.859079163847	0.297897684872	0.778003837603	0.565524746254	0.612473354277	0.970896723055	0.856953421943	0.0	1.00832268246	0.912101333978	1.11821797003	1.0374859304	0.860249782504	0.939381193813	1.17243833736	1.1075038231	0.761732339294	0.851459632673	0.923433963267	0.798533383277	0.575130468826	1.03909942968	0.603478530691	0.947157008217	0.694387907202	1.00759456259
