	AA3	AA4	AB3	AB4	AC3	AC4	AD3	AD4	AE3	AE4	AF3	AF4	AG3	AG4	AH3	AH4	AA7	AA8	AB7	AB8	AC7	AC8	AD7	AD8	AE7	AE8	AF7	AF8	AG7	AG8	AH7	AH8	AA5	AA6	AB5	AB6	AC5	AC6	AD6	AE5	AE6	AF5	AF6	AG5	AH5	AH6	AA1	AA2	AB1	AB2	AC1	AC2	AD1	AD2	AE1	AE2	AF1	AF2	AG1	AG2	AH1	AH2
AA3	0.0	0.537995456742	2.24865135814	0.983614925085	0.869389260512	0.741279608507	0.913054973417	0.778834664089	0.888259246013	0.664473407443	0.976605108748	0.754242653456	0.704244040599	1.87699324311	0.769242851619	0.306544417593	0.82966161914	0.794676128565	1.40671929918	1.04407140648	0.818386945384	0.687530246496	0.8698319768	0.874062542291	1.38112614306	0.642181638473	0.81743739971	0.696223325278	0.71204417593	0.651395157081	0.766889038183	0.709856331561	0.885169144514	0.862032440793	1.0753561334	0.901569913001	0.902526752054	0.752453808603	0.769844867086	0.604667051716	0.606914944418	1.25788325761	1.13749308845	0.75232817303	1.14229755921	1.08748287579	1.00226257612	0.906895954567	0.962027525375	0.83284717738	1.05486369261	0.962758786854	0.681619284679	0.711606433059	0.767103499275	0.681948376027	0.542844195263	0.909118661189	0.551896292895	0.893380376994	0.66174320928	0.961836370227
AA4	0.537995456742	0.0	2.2447362494	0.868630120831	0.597414064766	0.566450657322	0.873645490575	0.546592556791	0.71038898985	0.537177100048	0.838147225713	0.447901000483	0.460076810053	1.87206557757	0.297493687772	0.314194925085	0.720407051716	0.683710183664	1.50100681972	1.02707046883	0.865196969551	0.668504707588	0.886690304495	0.858885577574	1.46094898502	0.591436621556	0.71851277912	0.67849117448	0.657284098598	0.65184041566	0.883013049783	0.754292716288	0.652716800387	0.651487849203	0.895969415176	0.670349130014	0.730038864186	0.530380449493	0.606674765587	0.484710599323	0.383099159014	1.16079573707	1.05883549541	0.454346462059	0.961458873852	0.877351865636	0.961510270662	0.803024113098	0.752638525858	0.690801532141	0.975064910585	0.879135867569	0.620967501208	0.662500459159	0.688462696955	0.646239927501	0.44455922668	0.8277519913	0.446249052682	0.745607433543	0.514232440793	0.830930029
AB3	2.24865135814	2.2447362494	0.0	1.48373182214	2.17965843403	2.38628924601	1.89236195263	2.30279469309	2.35542884485	2.15607926535	2.52719361527	2.29502890768	2.31935928468	0.41672359594	2.12074507492	2.29473168681	2.51361925085	2.49997468826	1.21744667472	1.48057032383	1.97559079265	2.18916935718	2.40408556791	2.39399805703	1.89618299178	2.19748878202	2.39947537941	2.30242636056	1.93442806187	1.84841661672	2.45033238279	2.44335059932	2.28293984534	2.39067044949	2.55031150314	2.47744118415	2.60832072982	1.97671702755	2.53812243113	2.32444381344	2.38896844853	1.32664449493	1.42652468826	2.05391440793	2.74076740938	2.64306205413	2.64665560657	2.66253332528	2.56626868536	2.56459782987	2.78598476559	2.71451892218	2.57277049783	2.60922331078	2.62865344611	2.59744158047	2.31880056066	2.68754538908	2.32600404543	2.62400666989	2.40927912035	2.68586000483
AB4	0.983614925085	0.868630120831	1.48373182214	0.0	0.873305490575	1.00746022716	0.799077970034	0.96519421943	1.10385335911	0.838921517641	1.21560149348	0.938049284679	0.85967897535	1.09326312228	0.799867781537	0.924033011116	1.19950734171	1.1537880087	1.00457267762	0.511187636539	0.899175838569	0.926080550991	1.12396109232	1.10359980667	1.29112770904	0.900318854519	1.11727136781	1.00123831803	0.638847365877	0.620530642823	1.25784471725	1.16103847753	1.0559162204	1.09679009183	1.34867485742	1.19452301112	1.30523021266	0.690885398743	1.17177543258	0.966046056066	1.00484422426	0.591401594973	0.546679526341	0.728781773804	1.44318287579	1.34662943934	1.41071078299	1.35163310295	1.28431384727	1.25921113098	1.50565539874	1.43064950701	1.21124183664	1.26752347511	1.31102961817	1.24740504108	0.985764282262	1.40113782987	0.999847515708	1.31497453842	1.06169612373	1.38159258096
AC3	0.869389260512	0.597414064766	2.17965843403	0.873305490575	0.0	0.749931130981	0.882255427743	0.849748622523	0.973836510391	0.711377747704	1.10728234413	0.334717182214	0.792999681005	1.81425717738	0.64634962784	0.738802493958	1.00989883519	0.966786539391	1.42462383277	1.0112138231	1.03927753987	0.996425190913	1.23943625906	1.20689377477	1.29526684872	0.825613866602	1.06788325761	1.02805190913	0.87057457709	0.846673842436	1.17050428226	1.06046910101	0.97777781537	0.943994528758	0.849119536008	0.749180758821	0.945191971967	0.741870976317	0.852140855486	0.647914765587	0.695281778637	1.1439717448	1.06617352344	0.61934017883	1.18339080232	1.1154838811	0.867416959884	0.934175132914	0.811253528275	0.759641551474	1.08114687289	0.950380275495	0.758081652972	0.842718293862	0.885587723538	0.802264132431	0.820716491058	0.901938806187	0.793021938134	0.879074519091	0.841091116481	0.955715103915
AC4	0.741279608507	0.566450657322	2.38628924601	1.00746022716	0.749931130981	0.0	1.12015705655	0.405374610923	0.486502566457	0.756512909618	0.430042348961	0.508608777187	0.43306040116	2.01496057516	0.680656128565	0.568631633639	0.618463276945	0.533280096665	1.771060087	1.25484454809	0.895860309328	0.602607535041	0.688164306428	0.662671865636	1.66986852586	0.698256288062	0.567414523925	0.553877665539	0.642247834703	0.745832126631	0.798594224263	0.644551106815	0.523182953117	0.4326840261	0.971377278879	0.718524852586	0.592369917835	0.638725277912	0.461418637023	0.692403354277	0.454713354277	1.32547616723	1.21941107298	0.567660299662	0.751915079749	0.660466650556	1.07105912035	0.834895118415	0.790986756887	0.785142677622	0.921577269212	0.939329966167	0.607169507008	0.62080940551	0.695381889802	0.606127365877	0.575526520058	0.916854731754	0.568868177864	0.766839656839	0.411461213146	0.821495737071
AD3	0.913054973417	0.873645490575	1.89236195263	0.799077970034	0.882255427743	1.12015705655	0.0	1.03969768004	1.30798688255	0.480836162397	1.39761980184	0.958340488159	1.06384496858	1.52004198163	0.802079246013	0.942058279362	1.31139567424	1.24135618656	1.29132441276	0.820494780087	0.879522411793	0.962125896568	1.31199073949	1.30313494442	1.19447624456	0.903899705172	1.23191415176	1.11124767521	0.917755766071	0.801543750604	1.1882657709	1.14839926051	1.23369351377	1.20701297245	1.20161537941	1.06170895602	1.26909826486	0.726398661189	1.18091471725	0.869553934268	0.981153214113	0.826159835669	0.694426969551	0.770373779604	1.44035263896	1.37062061382	1.33269615756	1.35573037699	1.19273311261	1.1330138376	1.51743720638	1.41456652006	1.21327770904	1.24339964717	1.29118863219	1.19793247463	0.984769782504	1.36012508942	1.01368510875	1.22209082649	1.14051672305	1.35822813436
AD4	0.778834664089	0.546592556791	2.30279469309	0.96519421943	0.849748622523	0.405374610923	1.03969768004	0.0	0.310410749154	0.645824997583	0.500657829869	0.64892720638	0.49618818753	1.93371807637	0.606904291928	0.568678182697	0.528934340261	0.479281290478	1.78252243113	1.26212997583	0.885002895118	0.564446718221	0.555449511841	0.510701749638	1.73460566941	0.727971875302	0.472007965201	0.454515862736	0.539072402127	0.719199855002	0.802691164814	0.596724809087	0.326826031899	0.351454712421	1.08407449976	0.809475751571	0.556195944901	0.562635045916	0.476863958434	0.712694659256	0.488006486225	1.21417088449	1.11829482842	0.526387970034	0.726822276462	0.623372310295	1.17634319478	0.914502025133	0.935440507492	0.919209961334	0.965783740938	1.03741937651	0.711845770904	0.685913102948	0.734381246979	0.706772561624	0.55103839536	1.01124449009	0.560856930884	0.896722745288	0.479424330594	0.896815142581
AE3	0.888259246013	0.71038898985	2.35542884485	1.10385335911	0.973836510391	0.486502566457	1.30798688255	0.310410749154	0.0	0.899632701788	0.368470396327	0.773687796037	0.614873649106	1.99795387144	0.760799323345	0.72087438376	0.471967999033	0.49433840986	1.92272594973	1.40970388594	1.00729188497	0.680428748188	0.440794731754	0.425450894152	1.90913974384	0.902177646206	0.420223141614	0.489497061382	0.683473252779	0.872340744321	0.881871735138	0.675367912035	0.262959081682	0.320704668922	1.1714359594	0.914506172064	0.551166616723	0.736705360077	0.569660140164	0.936507293378	0.647928970517	1.3081300145	1.23534492992	0.703317539874	0.752124016433	0.602725224746	1.26547838086	0.996077008217	1.04556556307	1.01866268246	1.03425543741	1.11976006283	0.79428019333	0.775938322861	0.807330449493	0.790838110198	0.688384900918	1.09347804253	0.686184238763	0.990089154181	0.563016732721	0.984305437409
AE4	0.664473407443	0.537177100048	2.15607926535	0.838921517641	0.711377747704	0.756512909618	0.480836162397	0.645824997583	0.899632701788	0.0	1.02414845336	0.635991913968	0.725862580957	1.78581130981	0.552551909135	0.60342057999	0.915678709522	0.857804664089	1.48848119381	0.981128960851	0.731821880135	0.633648960851	0.935492382794	0.924467926535	1.35885417593	0.562646752054	0.844132131464	0.722201981634	0.622238753021	0.610630420493	0.869845529241	0.768488356694	0.838161507975	0.820895930401	0.939474113098	0.77403138231	0.872152165297	0.497428724021	0.788083475109	0.559589710005	0.616090913485	1.03764450459	0.934689637506	0.538017665539	1.08548600773	1.00764175447	1.06898303045	1.03717482359	0.916334127598	0.856963349444	1.21009564041	1.10781494925	0.878304301595	0.879342711455	0.93521078782	0.851413247946	0.641382252296	1.05196355244	0.658051111648	0.946179961334	0.769973185114	1.0456442581
AF3	0.976605108748	0.838147225713	2.52719361527	1.21560149348	1.10728234413	0.430042348961	1.39761980184	0.500657829869	0.368470396327	1.02414845336	0.0	0.866017119381	0.694904702755	2.16130678105	0.932128646689	0.825442576124	0.484857931368	0.468144021266	2.01466730788	1.49879441759	1.06344891252	0.788158477525	0.393400642823	0.390330628323	1.98290031899	0.989589289512	0.445185456742	0.611688801353	0.812290792653	0.984393682939	0.839129410343	0.677310256162	0.458230908652	0.456947390043	1.19818000483	0.989737245046	0.521121643306	0.863549105848	0.524470642823	0.992251319478	0.704562440793	1.49294722571	1.39319727888	0.836422116965	0.708021478975	0.585322745288	1.27458527791	1.00281518608	1.09641288545	1.06707717738	1.04478698405	1.10674857419	0.811994794587	0.755108235863	0.818694552924	0.758695437409	0.823917510875	1.10016350894	0.820540618656	1.01073435959	0.583148985017	0.986604997583
AF4	0.754242653456	0.447901000483	2.29502890768	0.938049284679	0.334717182214	0.508608777187	0.958340488159	0.64892720638	0.773687796037	0.635991913968	0.866017119381	0.0	0.595901648139	1.92540151281	0.557248347028	0.578066742388	0.841884523925	0.766531068149	1.59028289995	1.08333552924	0.947413523441	0.801360275495	1.04072355244	1.00594087482	1.45679324311	0.662479139681	0.867610425326	0.835468076365	0.768717839536	0.744846201063	1.00634237313	0.886888690188	0.778335500242	0.735725853069	0.765053489609	0.546071773804	0.74108821653	0.637000753987	0.677975147414	0.547423344611	0.536846239729	1.20748300145	1.13095001933	0.519377883035	0.937292276462	0.862282851619	0.854696172064	0.762324775254	0.636580840986	0.590688506525	0.925955500242	0.82056099565	0.574278506525	0.64915881102	0.718315712905	0.62245858869	0.651943716771	0.777245384244	0.631198492025	0.681648018366	0.654591092315	0.781914296762
AG3	0.704244040599	0.460076810053	2.31935928468	0.85967897535	0.792999681005	0.43306040116	1.06384496858	0.49618818753	0.614873649106	0.725862580957	0.694904702755	0.595901648139	0.0	1.92726624456	0.515219594007	0.496282532624	0.586573905268	0.521840101498	1.68942434509	1.18195304012	0.905792687289	0.60088118898	0.72616702755	0.688099835669	1.58695740454	0.643780555824	0.585708912518	0.577507259546	0.621399207347	0.712222445626	0.820720241663	0.68057337361	0.602886128565	0.550945084582	1.00014916385	0.760641735138	0.70142421943	0.614040130498	0.562169381344	0.663553750604	0.430915079749	1.25911289512	1.16335797003	0.533862498792	0.869298332528	0.770346868052	1.03665568391	0.782784896085	0.809545998067	0.792310280329	0.96812442726	0.895647641373	0.596813204447	0.650686616723	0.703162977284	0.627223620106	0.4717320058	0.885431565974	0.45674839536	0.775813446109	0.410667162881	0.821883552441
AG4	1.87699324311	1.87206557757	0.41672359594	1.09326312228	1.81425717738	2.01496057516	1.52004198163	1.93371807637	1.99795387144	1.78581130981	2.16130678105	1.92540151281	1.92726624456	0.0	1.75617213146	1.91904483325	2.15254100048	2.13163850652	0.939346839053	1.12554481392	1.60965901885	1.81862115031	2.04102685355	2.02745431609	1.59972149348	1.83012965201	2.03775429676	1.93079934268	1.57602988884	1.48713459642	2.10221639439	2.07687850652	1.92824436926	2.01779454809	2.19252174964	2.11378418076	2.24378247946	1.61358272112	2.16431438859	1.95236525375	2.01631768004	0.970377651039	1.06448062832	1.68911114065	2.37290224746	2.27551498792	2.27461221363	2.29070671339	2.19199354761	2.18726375544	2.42147179314	2.34201701788	2.20044195263	2.23353423393	2.26480112131	2.2239557419	1.94865161914	2.31727238763	1.95973400193	2.24525360077	2.04420182697	2.31612615273
AH3	0.769242851619	0.297493687772	2.12074507492	0.799867781537	0.64634962784	0.680656128565	0.802079246013	0.606904291928	0.760799323345	0.552551909135	0.932128646689	0.557248347028	0.515219594007	1.75617213146	0.0	0.542657283712	0.810026442726	0.767010376994	1.498229768	1.00165233446	0.869358999517	0.728697245046	0.936258482359	0.894473571774	1.44425863219	0.687175761237	0.794933436443	0.749700318995	0.637226273562	0.641567259546	1.00510862252	0.877601416143	0.702382242629	0.736044707588	0.997392846786	0.792845128081	0.878395287579	0.495540169164	0.75196839536	0.619026529725	0.558068506525	1.0095477622	0.925642580957	0.434156505558	1.08097667956	0.982008733688	1.07735477525	0.919827380377	0.86901561624	0.819381068149	1.08374113098	1.00853087965	0.791298221363	0.836170405993	0.84357637506	0.821794794587	0.584313542774	0.969780391493	0.594286365394	0.885901923635	0.640000125665	0.938030029
AH4	0.306544417593	0.314194925085	2.29473168681	0.924033011116	0.738802493958	0.568631633639	0.942058279362	0.568678182697	0.72087438376	0.60342057999	0.825442576124	0.578066742388	0.496282532624	1.91904483325	0.542657283712	0.0	0.665191691638	0.627781261479	1.49168733204	1.05276769454	0.859206636056	0.612968071532	0.792952382794	0.763642696955	1.45596880135	0.573967341711	0.654136616723	0.591028902852	0.624653958434	0.657153349444	0.765856520058	0.633840304495	0.714462783954	0.673286128565	0.965276935718	0.734073363944	0.729588985017	0.609327757371	0.599246442726	0.523382286129	0.415762996617	1.24188845819	1.1410479362	0.57790421943	0.959611788304	0.907167670372	0.970629536008	0.790433035283	0.800611730304	0.706049507008	0.96249178347	0.864572735621	0.579346128565	0.605056756887	0.660021246979	0.587431913968	0.380568477525	0.810335345578	0.392314726921	0.732510642823	0.485332324795	0.817295413243
AA7	0.82966161914	0.720407051716	2.51361925085	1.19950734171	1.00989883519	0.618463276945	1.31139567424	0.528934340261	0.471967999033	0.915678709522	0.484857931368	0.841884523925	0.586573905268	2.15254100048	0.810026442726	0.665191691638	0.0	0.17161361044	1.83470578057	1.3574317883	1.06943992267	0.665877858869	0.476033895602	0.455874108265	1.820779797	0.87149698405	0.350182885452	0.466071266312	0.763962257129	0.887115016916	0.677142179797	0.4423059739	0.48575520058	0.509026172064	1.18229252296	0.980552518125	0.492640879652	0.828887559207	0.494105306912	0.908260618656	0.664376882552	1.47281935718	1.3775340986	0.830785935234	0.762547568874	0.635144069599	1.16247316578	0.902544253262	1.0844577477	1.0138158144	0.920501242146	1.00204214596	0.693825340744	0.653347501208	0.688999656839	0.682661875302	0.555184567424	0.983097216046	0.544339690672	0.966376766554	0.464726916385	0.900167684872
AA8	0.794676128565	0.683710183664	2.49997468826	1.1537880087	0.966786539391	0.533280096665	1.24135618656	0.479281290478	0.49433840986	0.857804664089	0.468144021266	0.766531068149	0.521840101498	2.13163850652	0.767010376994	0.627781261479	0.17161361044	0.0	1.82594905752	1.31399356694	0.977567694538	0.597774533591	0.467635403577	0.44872621073	1.74637274045	0.78296840986	0.347351623973	0.413912580957	0.713067776704	0.835276795553	0.62170098115	0.37847540841	0.483206906718	0.471039579507	1.12860916868	0.919065683905	0.466071947801	0.793091377477	0.444875340744	0.853805123248	0.62314421943	1.45358457709	1.36166123248	0.774741720638	0.711945509908	0.595925026583	1.12817741904	0.871890961817	1.00789560174	0.954911696472	0.897052232963	0.967999681005	0.654982721121	0.621568815853	0.673120913485	0.631115969067	0.565722817786	0.950903702272	0.5512499855	0.912437520541	0.414956853552	0.869671570807
AB7	1.40671929918	1.50100681972	1.21744667472	1.00457267762	1.42462383277	1.771060087	1.29132441276	1.78252243113	1.92272594973	1.48848119381	2.01466730788	1.59028289995	1.68942434509	0.939346839053	1.498229768	1.49168733204	1.83470578057	1.82594905752	0.0	0.568370695988	1.50149509908	1.58637812953	1.90053772354	1.88280355244	1.03757860802	1.45823284679	1.82988065249	1.70049146931	1.37937498792	1.18693174964	1.71119533591	1.7112882262	1.84266103915	1.88690875302	1.86518922668	1.80310442726	1.92028104398	1.45686108265	1.8413657129	1.47232527791	1.63840740938	1.00251933784	1.01773141131	1.48868329628	2.13704400193	2.07990680522	1.85393224746	1.90265080715	1.85551663606	1.75371029483	2.03724551474	1.94264918318	1.78085221363	1.81847791203	1.83085655389	1.80194789754	1.6054019188	1.90591159981	1.6078479072	1.84268577574	1.73746080715	1.93252576124
AB8	1.04407140648	1.02707046883	1.48057032383	0.511187636539	1.0112138231	1.25484454809	0.820494780087	1.26212997583	1.40970388594	0.981128960851	1.49879441759	1.08333552924	1.18195304012	1.12554481392	1.00165233446	1.05276769454	1.3574317883	1.31399356694	0.568370695988	0.0	1.02525081199	1.07807766071	1.37953155147	1.36405137748	1.12185208797	0.975912165297	1.30443752537	1.17893172547	0.843637390043	0.681088844853	1.2692677332	1.23222918801	1.32582366361	1.35998101498	1.39460753987	1.29981126631	1.42526799903	0.934605650072	1.36528302078	1.0642481827	1.17503872402	0.686761933301	0.65637897535	0.961044954084	1.63077806187	1.55841109232	1.51034655872	1.49087929918	1.39971559691	1.3378318753	1.63576780087	1.55471893185	1.3737358144	1.40045644756	1.42042045433	1.38112149348	1.13993929435	1.52384564041	1.15890699372	1.41387159981	1.23116209763	1.51550495408
AC7	0.818386945384	0.865196969551	1.97559079265	0.899175838569	1.03927753987	0.895860309328	0.879522411793	0.885002895118	1.00729188497	0.731821880135	1.06344891252	0.947413523441	0.905792687289	1.60965901885	0.869358999517	0.859206636056	1.06943992267	0.977567694538	1.50149509908	1.02525081199	0.0	0.516176186564	0.966363281779	0.950603020783	1.39139872402	0.719863006283	0.948995123248	0.80440922668	0.553404074432	0.552485882069	0.876925630739	0.824431367811	0.928185882069	0.943886094732	1.26308660706	1.13717710971	1.14871175447	0.73054160464	1.05225080715	0.965153842436	0.95895500725	1.14918144514	1.03638157081	0.761309743838	1.15976441759	1.06609454809	1.4905700435	1.39387665539	1.2511180087	1.22169943934	1.54683604157	1.46964737554	1.1361981972	1.18333412276	1.2402560029	1.15619750604	0.93018020783	1.41787995167	0.938386718221	1.26616456742	0.922803436443	1.41851248913
AC8	0.687530246496	0.668504707588	2.18916935718	0.926080550991	0.996425190913	0.602607535041	0.962125896568	0.564446718221	0.680428748188	0.633648960851	0.788158477525	0.801360275495	0.60088118898	1.81862115031	0.728697245046	0.612968071532	0.665877858869	0.597774533591	1.58637812953	1.07807766071	0.516176186564	0.0	0.635985664572	0.617409975834	1.50521579024	0.592335799903	0.498493127115	0.355133726438	0.427566495892	0.543190381827	0.614552498792	0.49161298695	0.587545654906	0.610792102465	1.12977353311	0.880188289029	0.777408124698	0.618502750121	0.688654949251	0.806224132431	0.661376955051	1.16808146931	1.06947352344	0.667061677139	0.894582508458	0.796139067182	1.30913367327	1.06332889802	1.03234264379	1.02171467859	1.17698693088	1.1682521943	0.817484359594	0.815608724021	0.875208351861	0.813537037216	0.544885074915	1.13934647173	0.562648530691	0.979463441276	0.556620724988	1.06259295795
AD7	0.8698319768	0.886690304495	2.40408556791	1.12396109232	1.23943625906	0.688164306428	1.31199073949	0.555449511841	0.440794731754	0.935492382794	0.393400642823	1.04072355244	0.72616702755	2.04102685355	0.936258482359	0.792952382794	0.476033895602	0.467635403577	1.90053772354	1.37953155147	0.966363281779	0.635985664572	0.0	0.137910836153	1.87100830836	0.856907158047	0.360422909618	0.442206041566	0.664630913485	0.836085045916	0.721945490575	0.534056979217	0.480788931851	0.53418622523	1.35380926051	1.13059263896	0.66228322378	0.829225592073	0.680478042533	1.04751899952	0.832013165781	1.37695353311	1.27654502658	0.887996640889	0.829871295312	0.696914262929	1.40287171097	1.13817291928	1.24316072015	1.22079262929	1.16302135331	1.25393235863	0.934617312711	0.885056051232	0.91621698405	0.912462788787	0.739069898502	1.23384805703	0.771363397777	1.16517943934	0.614976317061	1.12179633156
AD8	0.874062542291	0.858885577574	2.39399805703	1.10359980667	1.20689377477	0.662671865636	1.30313494442	0.510701749638	0.425450894152	0.924467926535	0.390330628323	1.00594087482	0.688099835669	2.02745431609	0.894473571774	0.763642696955	0.455874108265	0.44872621073	1.88280355244	1.36405137748	0.950603020783	0.617409975834	0.137910836153	0.0	1.83657777187	0.805770695988	0.342634915418	0.433362658289	0.644592924118	0.814519342678	0.723094954084	0.537209101015	0.467591155147	0.504428119865	1.3426698405	1.11351548091	0.650247032383	0.812417945868	0.666459840503	1.02997697922	0.804200947318	1.36514349928	1.26673657806	0.8597360029	0.824324673755	0.689884113098	1.39086555341	1.11668645239	1.22065206863	1.19333297728	1.15189887869	1.23542016916	0.926177477042	0.876789110681	0.912092537458	0.901267071049	0.716353842436	1.21818678105	0.748413808603	1.13877564041	0.600533600773	1.10403407927
AE7	1.38112614306	1.46094898502	1.89618299178	1.29112770904	1.29526684872	1.66986852586	1.19447624456	1.73460566941	1.90913974384	1.35885417593	1.98290031899	1.45679324311	1.58695740454	1.59972149348	1.44425863219	1.45596880135	1.820779797	1.74637274045	1.03757860802	1.12185208797	1.39139872402	1.50521579024	1.87100830836	1.83657777187	0.0	1.0653422523	1.81124169647	1.6690002175	1.39056934268	1.27037755921	1.56838132914	1.61324879652	1.83997214596	1.84776321411	1.70420437409	1.69422971484	1.86121842436	1.48274104398	1.79008665056	1.39116609957	1.59551804253	1.44491792653	1.41762972934	1.46238114065	2.0186537941	1.96660506525	1.67435851136	1.80770116965	1.68112601257	1.58170939584	1.98433897052	1.81239099082	1.68876277912	1.7323297825	1.75103124698	1.67267608507	1.58305223296	1.78151711938	1.58496854519	1.70596095215	1.68425545191	1.84675517641
AE8	0.642181638473	0.591436621556	2.19748878202	0.900318854519	0.825613866602	0.698256288062	0.903899705172	0.727971875302	0.902177646206	0.562646752054	0.989589289512	0.662479139681	0.643780555824	1.83012965201	0.687175761237	0.573967341711	0.87149698405	0.78296840986	1.45823284679	0.975912165297	0.719863006283	0.592335799903	0.856907158047	0.805770695988	1.0653422523	0.0	0.805868318028	0.695506810053	0.623638496858	0.570220729821	0.763024238763	0.720091193813	0.840623533108	0.837152464959	1.05900155147	0.877221884969	0.89237518608	0.649240144998	0.842191928468	0.647625683905	0.672598100532	1.19445277429	1.08971091832	0.642656471725	1.06400904785	1.0073658289	1.1756302465	1.04824572257	0.948988090865	0.891903431609	1.2221857854	1.13513506042	0.885108598357	0.894546292895	0.940622015466	0.8630859739	0.686848269696	1.10238778154	0.701073533108	0.941841116481	0.720958748188	1.07883667472
AF7	0.81743739971	0.71851277912	2.39947537941	1.11727136781	1.06788325761	0.567414523925	1.23191415176	0.472007965201	0.420223141614	0.844132131464	0.445185456742	0.867610425326	0.585708912518	2.03775429676	0.794933436443	0.654136616723	0.350182885452	0.347351623973	1.82988065249	1.30443752537	0.948995123248	0.498493127115	0.360422909618	0.342634915418	1.81124169647	0.805868318028	0.0	0.25002962784	0.633610633156	0.779320115998	0.680251155147	0.495417249879	0.4244460029	0.448333368777	1.15565647173	0.925131633639	0.513779908168	0.712054572257	0.546575819236	0.888263958434	0.650950768487	1.37881924601	1.27445005317	0.754360459159	0.75512341711	0.632463639439	1.23120749638	0.980905630739	1.05578268246	1.03998299178	1.00570726921	1.08375397293	0.760864137264	0.734336263896	0.779951106815	0.759676012566	0.598638076365	1.05649094732	0.592327564041	0.983870642823	0.451317612373	0.972205205413
AF8	0.696223325278	0.67849117448	2.30242636056	1.00123831803	1.02805190913	0.553877665539	1.11124767521	0.454515862736	0.489497061382	0.722201981634	0.611688801353	0.835468076365	0.577507259546	1.93079934268	0.749700318995	0.591028902852	0.466071266312	0.413912580957	1.70049146931	1.17893172547	0.80440922668	0.355133726438	0.442206041566	0.433362658289	1.6690002175	0.695506810053	0.25002962784	0.0	0.523568767521	0.664929743838	0.651853523441	0.435966800387	0.459593832769	0.468771242146	1.14052176897	0.913715210246	0.594851875302	0.669753615273	0.570777433543	0.831467989367	0.634898907685	1.27130543258	1.16861349444	0.715618728855	0.821427506042	0.721859647173	1.24165698888	0.992975770904	1.04302893668	1.03338237313	1.02676426293	1.09879929918	0.771916268729	0.757818641856	0.814876317061	0.784484664089	0.527113475109	1.06940945868	0.550821097148	0.987242919285	0.467462435959	0.982898883519
AG7	0.71204417593	0.657284098598	1.93442806187	0.638847365877	0.87057457709	0.642247834703	0.917755766071	0.539072402127	0.683473252779	0.622238753021	0.812290792653	0.768717839536	0.621399207347	1.57602988884	0.637226273562	0.624653958434	0.763962257129	0.713067776704	1.37937498792	0.843637390043	0.553404074432	0.427566495892	0.664630913485	0.644592924118	1.39056934268	0.623638496858	0.633610633156	0.523568767521	0.0	0.255087762204	0.787116288062	0.669036399227	0.612194509425	0.681801343644	1.21702645723	0.955486346061	0.854924625423	0.459350947318	0.765356892218	0.824796302562	0.685255998067	0.9720419913	0.879700125665	0.489292107298	1.03250871435	0.93949580957	1.34520094248	1.08117669889	1.11470000483	1.10300360077	1.22973527308	1.19978375544	0.887931996133	0.906495326245	0.963566785887	0.905002112131	0.640836916385	1.17537266796	0.653120652489	1.06542453359	0.663546988884	1.1130219478
AG8	0.651395157081	0.65184041566	1.84841661672	0.620530642823	0.846673842436	0.745832126631	0.801543750604	0.719199855002	0.872340744321	0.610630420493	0.984393682939	0.744846201063	0.712222445626	1.48713459642	0.641567259546	0.657153349444	0.887115016916	0.835276795553	1.18693174964	0.681088844853	0.552485882069	0.543190381827	0.836085045916	0.814519342678	1.27037755921	0.570220729821	0.779320115998	0.664929743838	0.255087762204	0.0	0.848798501692	0.783505418076	0.798059101015	0.821774093765	1.19494336394	0.98514222813	0.980730821653	0.468702991783	0.893534920251	0.789297172547	0.760479052682	0.919318405027	0.816500231996	0.486265195747	1.14854440309	1.0546161189	1.33548655872	1.17540848236	1.12182574674	1.09580471242	1.32836006767	1.26921202997	0.986912102465	0.999193537941	1.05320850652	0.996402015466	0.734497641373	1.22647562591	0.75060521508	1.1337179217	0.770505790237	1.20809632189
AH7	0.766889038183	0.883013049783	2.45033238279	1.25784471725	1.17050428226	0.798594224263	1.1882657709	0.802691164814	0.881871735138	0.869845529241	0.839129410343	1.00634237313	0.820720241663	2.10221639439	1.00510862252	0.765856520058	0.677142179797	0.62170098115	1.71119533591	1.2692677332	0.876925630739	0.614552498792	0.721945490575	0.723094954084	1.56838132914	0.763024238763	0.680251155147	0.651853523441	0.787116288062	0.848798501692	0.0	0.294122547124	0.897614422426	0.893796104398	1.15230391493	0.998300323828	0.770934224263	0.929122469792	0.747559192847	0.970858506525	0.82468237796	1.47232166264	1.35888089899	0.969337153214	0.964471498308	0.905080546158	1.29828475109	1.0594998405	1.1441880087	1.05704539874	1.13966636056	1.16049980184	0.868928361527	0.805138071532	0.84097582407	0.7998879797	0.754579149348	1.14318415176	0.765969893668	1.01201657806	0.695319661672	1.07057951184
AH8	0.709856331561	0.754292716288	2.44335059932	1.16103847753	1.06046910101	0.644551106815	1.14839926051	0.596724809087	0.675367912035	0.768488356694	0.677310256162	0.886888690188	0.68057337361	2.07687850652	0.877601416143	0.633840304495	0.4423059739	0.37847540841	1.7112882262	1.23222918801	0.824431367811	0.49161298695	0.534056979217	0.537209101015	1.61324879652	0.720091193813	0.495417249879	0.435966800387	0.669036399227	0.783505418076	0.294122547124	0.0	0.681488260029	0.666215239246	1.12168434509	0.925829366844	0.613504552924	0.825486283229	0.564201923635	0.88284262929	0.712211691638	1.41401220396	1.31619307395	0.868040473659	0.810528632189	0.724205103915	1.21506743354	0.977509337844	1.05417744804	0.981727617206	1.00087042533	1.07875583374	0.740422150797	0.698623972934	0.743751643306	0.703133214113	0.607230956984	1.05457517641	0.623549134848	0.929481841469	0.512195036249	0.973960473659
AA5	0.885169144514	0.652716800387	2.28293984534	1.0559162204	0.97777781537	0.523182953117	1.23369351377	0.326826031899	0.262959081682	0.838161507975	0.458230908652	0.778335500242	0.602886128565	1.92824436926	0.702382242629	0.714462783954	0.48575520058	0.483206906718	1.84266103915	1.32582366361	0.928185882069	0.587545654906	0.480788931851	0.467591155147	1.83997214596	0.840623533108	0.4244460029	0.459593832769	0.612194509425	0.798059101015	0.897614422426	0.681488260029	0.0	0.265285045916	1.20228812953	0.92455102465	0.616756051232	0.631513499275	0.6320159739	0.847696921218	0.652548052199	1.21307689705	1.12833473175	0.620232967617	0.787520952151	0.636928569357	1.3290742146	1.06935565491	1.09089556791	1.08456313678	1.10876674722	1.19362787337	0.844466138231	0.837356698888	0.857928487192	0.852850212663	0.63055618173	1.15844732238	0.621533450942	1.04723545674	0.56386780087	1.05451725955
AA6	0.862032440793	0.651487849203	2.39067044949	1.09679009183	0.943994528758	0.4326840261	1.20701297245	0.351454712421	0.320704668922	0.820895930401	0.456947390043	0.735725853069	0.550945084582	2.01779454809	0.736044707588	0.673286128565	0.509026172064	0.471039579507	1.88690875302	1.35998101498	0.943886094732	0.610792102465	0.53418622523	0.504428119865	1.84776321411	0.837152464959	0.448333368777	0.468771242146	0.681801343644	0.821774093765	0.893796104398	0.666215239246	0.265285045916	0.0	1.06868631223	0.806879453842	0.500304509425	0.646107438376	0.505727245046	0.828204238763	0.546038405027	1.31682271629	1.21517471242	0.639508579024	0.572600343161	0.432194108265	1.18307093765	0.937480642823	0.932715751571	0.928768724021	0.976412643789	1.04492041083	0.695702667956	0.698659937168	0.734289850169	0.708044780087	0.610192363461	1.00867811986	0.609881493475	0.887744030933	0.489860173997	0.921191720638
AB5	1.0753561334	0.895969415176	2.55031150314	1.34867485742	0.849119536008	0.971377278879	1.20161537941	1.08407449976	1.1714359594	0.939474113098	1.19818000483	0.765053489609	1.00014916385	2.19252174964	0.997392846786	0.965276935718	1.18229252296	1.12860916868	1.86518922668	1.39460753987	1.26308660706	1.12977353311	1.35380926051	1.3426698405	1.70420437409	1.05900155147	1.15565647173	1.14052176897	1.21702645723	1.19494336394	1.15230391493	1.12168434509	1.20228812953	1.06868631223	0.0	0.343794572257	0.91610579507	1.05479814886	0.93128499275	0.804700604157	0.836663547608	1.54724887385	1.46338153697	0.975929371677	0.960331875302	0.947246539391	0.792249690672	0.863943716771	0.732424615756	0.67620062349	1.02121698405	0.882661338811	0.789897003383	0.837219589174	0.905825239246	0.826332928951	0.991865790237	0.839628337361	0.984831585307	0.749110807153	0.987286138231	0.894035258579
AB6	0.901569913001	0.670349130014	2.47744118415	1.19452301112	0.749180758821	0.718524852586	1.06170895602	0.809475751571	0.914506172064	0.77403138231	0.989737245046	0.546071773804	0.760641735138	2.11378418076	0.792845128081	0.734073363944	0.980552518125	0.919065683905	1.80310442726	1.29981126631	1.13717710971	0.880188289029	1.13059263896	1.11351548091	1.69422971484	0.877221884969	0.925131633639	0.913715210246	0.955486346061	0.98514222813	0.998300323828	0.925829366844	0.92455102465	0.806879453842	0.343794572257	0.0	0.730267839536	0.806706157564	0.732535350411	0.674401072982	0.595967999033	1.41700224746	1.32881217496	0.717248690188	0.782332015466	0.758782203963	0.796129395843	0.675847230546	0.553269357177	0.521679893668	0.840246935718	0.732564958917	0.582469120348	0.641520048333	0.708447245046	0.63696500725	0.735655258579	0.689786167231	0.72752719188	0.5426639971	0.777638912518	0.705441314645
AC5	0.902526752054	0.730038864186	2.60832072982	1.30523021266	0.945191971967	0.592369917835	1.26909826486	0.556195944901	0.551166616723	0.872152165297	0.521121643306	0.74108821653	0.70142421943	2.24378247946	0.878395287579	0.729588985017	0.492640879652	0.466071947801	1.92028104398	1.42526799903	1.14871175447	0.777408124698	0.66228322378	0.650247032383	1.86121842436	0.89237518608	0.513779908168	0.594851875302	0.854924625423	0.980730821653	0.770934224263	0.613504552924	0.616756051232	0.500304509425	0.91610579507	0.730267839536	0.0	0.798492663122	0.384103692605	0.819470768487	0.583513798937	1.57667832286	1.46622620106	0.792902648623	0.529414519091	0.461907201547	1.00121309812	0.727264649589	0.866112102465	0.826418240696	0.749313673272	0.818723856936	0.580207805703	0.511417651039	0.55177699855	0.50947939101	0.683259917835	0.831527974867	0.693457738038	0.758339734171	0.538843020783	0.710457805703
AC6	0.752453808603	0.530380449493	1.97671702755	0.690885398743	0.741870976317	0.638725277912	0.726398661189	0.562635045916	0.736705360077	0.497428724021	0.863549105848	0.637000753987	0.614040130498	1.61358272112	0.495540169164	0.609327757371	0.828887559207	0.793091377477	1.45686108265	0.934605650072	0.73054160464	0.618502750121	0.829225592073	0.812417945868	1.48274104398	0.649240144998	0.712054572257	0.669753615273	0.459350947318	0.468702991783	0.929122469792	0.825486283229	0.631513499275	0.646107438376	1.05479814886	0.806706157564	0.798492663122	0.0	0.772678627356	0.658516085065	0.615297626873	0.818602431126	0.704454717255	0.259975089415	1.00966486225	0.904375050749	1.20404541324	1.04647263412	0.969511242146	0.96193842436	1.19084303045	1.13019271145	0.868555297245	0.889386650556	0.952122634123	0.879099294345	0.612275287579	1.08833102948	0.592927878202	0.993232116965	0.673955625906	1.08038610923
AD6	0.769844867086	0.606674765587	2.53812243113	1.17177543258	0.852140855486	0.461418637023	1.18091471725	0.476863958434	0.569660140164	0.788083475109	0.524470642823	0.677975147414	0.562169381344	2.16431438859	0.75196839536	0.599246442726	0.494105306912	0.444875340744	1.8413657129	1.36528302078	1.05225080715	0.688654949251	0.680478042533	0.666459840503	1.79008665056	0.842191928468	0.546575819236	0.570777433543	0.765356892218	0.893534920251	0.747559192847	0.564201923635	0.6320159739	0.505727245046	0.93128499275	0.732535350411	0.384103692605	0.772678627356	0.0	0.705296152731	0.390957849203	1.48863224263	1.38278536974	0.742022068632	0.663626602223	0.577335060416	0.909121623973	0.647097071049	0.819369337844	0.732329869502	0.710049294345	0.763840763654	0.480268637023	0.432039178347	0.49853221363	0.443551387144	0.551581329145	0.754226128565	0.53795081682	0.687648182697	0.383492039633	0.640123083615
AE5	0.604667051716	0.484710599323	2.32444381344	0.966046056066	0.647914765587	0.692403354277	0.869553934268	0.712694659256	0.936507293378	0.559589710005	0.992251319478	0.547423344611	0.663553750604	1.95236525375	0.619026529725	0.523382286129	0.908260618656	0.853805123248	1.47232527791	1.0642481827	0.965153842436	0.806224132431	1.04751899952	1.02997697922	1.39116609957	0.647625683905	0.888263958434	0.831467989367	0.824796302562	0.789297172547	0.970858506525	0.88284262929	0.847696921218	0.828204238763	0.804700604157	0.674401072982	0.819470768487	0.658516085065	0.705296152731	0.0	0.393687187047	1.22036992267	1.13240249879	0.596855843403	1.07350124698	1.02392637989	0.874636172064	0.827985016916	0.799731860802	0.664738260029	1.00106830836	0.900507182214	0.637928356694	0.703322039633	0.758873779604	0.651168342194	0.579774137264	0.85944722088	0.562494567424	0.755103436443	0.667416283229	0.859313214113
AE6	0.606914944418	0.383099159014	2.38896844853	1.00484422426	0.695281778637	0.454713354277	0.981153214113	0.488006486225	0.647928970517	0.616090913485	0.704562440793	0.536846239729	0.430915079749	2.01631768004	0.558068506525	0.415762996617	0.664376882552	0.62314421943	1.63840740938	1.17503872402	0.95895500725	0.661376955051	0.832013165781	0.804200947318	1.59551804253	0.672598100532	0.650950768487	0.634898907685	0.685255998067	0.760479052682	0.82468237796	0.712211691638	0.652548052199	0.546038405027	0.836663547608	0.595967999033	0.583513798937	0.615297626873	0.390957849203	0.393687187047	0.0	1.29970245529	1.19457477042	0.536217791203	0.818886684389	0.755376843886	0.896958390527	0.674035741904	0.698352706622	0.629021232479	0.846415717738	0.769657056549	0.463085886902	0.500747496375	0.546040202997	0.482773866602	0.414612769454	0.735274562591	0.408137269212	0.610103363944	0.428901469309	0.711835983567
AF5	1.25788325761	1.16079573707	1.32664449493	0.591401594973	1.1439717448	1.32547616723	0.826159835669	1.21417088449	1.3081300145	1.03764450459	1.49294722571	1.20748300145	1.25911289512	0.970377651039	1.0095477622	1.24188845819	1.47281935718	1.45358457709	1.00251933784	0.686761933301	1.14918144514	1.16808146931	1.37695353311	1.36514349928	1.44491792653	1.19445277429	1.37881924601	1.27130543258	0.9720419913	0.919318405027	1.47232166264	1.41401220396	1.21307689705	1.31682271629	1.54724887385	1.41700224746	1.57667832286	0.818602431126	1.48863224263	1.22036992267	1.29970245529	0.0	0.192915679072	0.906047564041	1.70792332044	1.60190293378	1.6604657274	1.6166042581	1.56041346061	1.52241132431	1.75926953117	1.71129573224	1.5145462349	1.55679755921	1.60022957951	1.54595956017	1.23928261962	1.67644495408	1.24999035766	1.58199702272	1.37350715321	1.6511121653
AF6	1.13749308845	1.05883549541	1.42652468826	0.546679526341	1.06617352344	1.21941107298	0.694426969551	1.11829482842	1.23534492992	0.934689637506	1.39319727888	1.13095001933	1.16335797003	1.06448062832	0.925642580957	1.1410479362	1.3775340986	1.36166123248	1.01773141131	0.65637897535	1.03638157081	1.06947352344	1.27654502658	1.26673657806	1.41762972934	1.08971091832	1.27445005317	1.16861349444	0.879700125665	0.816500231996	1.35888089899	1.31619307395	1.12833473175	1.21517471242	1.46338153697	1.32881217496	1.46622620106	0.704454717255	1.38278536974	1.13240249879	1.19457477042	0.192915679072	0.0	0.802525563074	1.60341896085	1.49311720155	1.59402295312	1.54305504592	1.48754652006	1.44140044949	1.67873387144	1.63860515708	1.42338832286	1.45318285645	1.49332947318	1.44473328661	1.13635327211	1.5991738666	1.14419686322	1.49855964234	1.26696948284	1.57187913485
AG5	0.75232817303	0.454346462059	2.05391440793	0.728781773804	0.61934017883	0.567660299662	0.770373779604	0.526387970034	0.703317539874	0.538017665539	0.836422116965	0.519377883035	0.533862498792	1.68911114065	0.434156505558	0.57790421943	0.830785935234	0.774741720638	1.48868329628	0.961044954084	0.761309743838	0.667061677139	0.887996640889	0.8597360029	1.46238114065	0.642656471725	0.754360459159	0.715618728855	0.489292107298	0.486265195747	0.969337153214	0.868040473659	0.620232967617	0.639508579024	0.975929371677	0.717248690188	0.792902648623	0.259975089415	0.742022068632	0.596855843403	0.536217791203	0.906047564041	0.802525563074	0.0	0.967830053166	0.885516829386	1.10724121798	0.949274113098	0.877105461576	0.858824755921	1.1099859304	1.03683960367	0.785368414693	0.815646244563	0.879609371677	0.787090807153	0.617524084099	0.999044717255	0.603355079749	0.8982139826	0.648148443693	0.988778917351
