	AA3	AA4	AB3	AB4	AC3	AC4	AD3	AD4	AE3	AE4	AF3	AF4	AG3	AG4	AH3	AH4	AA7	AA8	AB7	AB8	AC7	AC8	AD7	AD8	AE7	AE8	AF7	AF8	AG7	AG8	AH7	AH8	AA5	AA6	AB5	AB6	AC5	AC6	AD6	AE5	AE6	AF5	AF6	AG5	AH5	AH6	AA1	AA2	AB1	AB2	AC1	AC2	AD1	AD2	AE1	AE2	AF1	AF2	AG1	AG2	AH1	AH2
AA3	0.0	0.536986631223	2.25094840986	0.947251483809	0.850138477525	0.737537936201	0.848114446593	0.724092310295	0.887869260512	0.656317153214	0.966176297728	0.695328260029	0.701599236346	1.88712966651	0.752534055099	0.285427404543	0.796667394877	0.76912098115	1.44014832769	1.06074293862	0.802165374577	0.693457303045	0.866798279362	0.924201333978	1.36113827453	0.557275084582	0.817252711455	0.626642469792	0.721247713871	0.668165727405	0.762747481875	0.717180517158	0.851295442243	0.833359260512	1.09125172547	0.889708762687	0.931517868536	0.823718351861	0.732083315611	0.593052518125	0.591698448526	1.28060966167	1.15108583374	0.704859299178	1.13688138714	1.07037127115	0.985432837119	0.925920782987	0.901065476075	0.844940251329	1.05740289995	0.951050869985	0.636086466892	0.726304262929	0.795474340261	0.688459144514	0.478087158047	0.917030879652	0.503778999517	0.899244446593	0.642929884002	0.945037651039
AA4	0.536986631223	0.0	2.2479940841	0.860548274529	0.616364789753	0.523081522475	0.843502373127	0.490706655389	0.672756133398	0.581157926535	0.794745094248	0.417398912518	0.433673968101	1.88414339294	0.32023557274	0.318973968101	0.662709540841	0.650017549541	1.52883065732	1.05787184147	0.856872672789	0.645599149348	0.833604523925	0.817384050266	1.49331031899	0.58848037216	0.678055099082	0.627999482842	0.608939458676	0.682681135814	0.858905364911	0.734610647656	0.601481957467	0.616238477525	0.914937341711	0.629816080232	0.733926616723	0.537489178347	0.570074896085	0.531512431126	0.360646703722	1.22774956501	1.04760647173	0.490115103915	0.934153866602	0.854797747704	0.926078646689	0.782173523441	0.698512078299	0.732642542291	0.940079632673	0.827777346544	0.557549521508	0.624963334944	0.6722539826	0.591337433543	0.448982334461	0.827054958917	0.418572281295	0.750801420976	0.462734359594	0.786561469309
AB3	2.25094840986	2.2479940841	0.0	1.50301383277	2.19785096665	2.39490478975	1.9354139826	2.27010609473	2.35614463992	2.11485473659	2.53272281295	2.2771217158	2.32071246979	0.417635311745	2.14698633156	2.27481287579	2.473140116	2.49917656356	1.19235159497	1.47635492508	1.95530242629	2.18681865636	2.40719364911	2.41275828903	1.90653902852	2.17008350411	2.36160829386	2.24011700822	1.94712192363	1.83098589174	2.44505657806	2.43640055582	2.28170056549	2.38279163364	2.53067048816	2.4499540116	2.61332099082	1.98200896568	2.53750616723	2.28547811503	2.36693370227	1.28530599807	1.43759858386	2.02664529241	2.74428822136	2.6628040696	2.65181097148	2.6720722668	2.5140557419	2.60745683905	2.7696140551	2.70306794103	2.54812717255	2.6096518318	2.62792175447	2.57134790237	2.28325449493	2.69052959401	2.26396328178	2.65178059932	2.3845059884	2.69230441759
AB4	0.947251483809	0.860548274529	1.50301383277	0.0	0.89128842436	1.00879775254	0.770656834219	0.938277791203	1.11783288545	0.798005766071	1.2116877912	0.91034297245	0.839639507008	1.12725163847	0.800678095698	0.889046109232	1.12725159014	1.15031128565	1.00897886419	0.526314113098	0.880365674239	0.904997525375	1.12578686322	1.12926497825	1.28654567907	0.868649149348	1.08920966651	0.964776331561	0.643339729338	0.591807361044	1.25216015466	1.14935227163	1.03528129048	1.09333155631	1.31685712905	1.17184913968	1.31418306912	0.720807554374	1.16098690188	0.930646515225	0.996590405993	0.661176814886	0.50381661189	0.706069555341	1.45631024166	1.36469210246	1.3792058289	1.33954430159	1.2194578202	1.30518640889	1.46936592557	1.39147429193	1.17579952634	1.26462029966	1.30499523925	1.21698651039	0.943978545191	1.39555083132	0.92183777187	1.33063674239	1.0271837071	1.3562142581
AC3	0.850138477525	0.616364789753	2.19785096665	0.89128842436	0.0	0.768442532624	0.835739284679	0.841061691638	0.989480874819	0.661461855969	1.11792687772	0.334166031899	0.804634736588	1.83814384244	0.664439869502	0.696586645723	0.986394862252	0.955451483809	1.42106420493	1.04095698888	1.05578631706	1.00908850169	1.23675157564	1.20582468342	1.3236580667	0.824013059449	1.06196876269	1.0316298115	0.865366268729	0.868359072015	1.18829082165	1.06647832769	0.962777245046	0.997247936201	0.787375471242	0.698752885452	0.982793455776	0.741699826003	0.870771005317	0.630113093282	0.651008777187	1.19117502175	1.03504046399	0.646619371677	1.15803126148	1.10475289995	0.817065292412	0.897112948284	0.704213871435	0.786312899952	1.04293521025	0.893792943451	0.69058460609	0.797535819236	0.838566244563	0.761113107782	0.815266921218	0.882996365394	0.790623247946	0.859664818753	0.85676298695	0.894598699855
AC4	0.737537936201	0.523081522475	2.39490478975	1.00879775254	0.768442532624	0.0	1.10150069599	0.37376719188	0.466854900918	0.804481884969	0.414227757371	0.489229308845	0.460841822136	2.03467764621	0.702525505075	0.620977452876	0.549819424843	0.494066592557	1.77058169164	1.26390971	0.913512899952	0.573607322378	0.615439608507	0.627284267762	1.69462211696	0.712666060899	0.53302479942	0.532184301595	0.619036863219	0.756451435476	0.792571633639	0.615433349444	0.46637258579	0.422823315611	1.02026547608	0.753019729338	0.570357293378	0.622841865636	0.420262286129	0.762061222813	0.506617322378	1.39217043016	1.21235391977	0.619959971	0.759766766554	0.647390173997	1.04718782504	0.817517481875	0.82056462059	0.841519579507	0.894066355727	0.941509743838	0.605024557757	0.674438864186	0.687285500242	0.624706408893	0.608023218946	0.945859487675	0.613829511841	0.811627883035	0.430580541324	0.824181213146
AD3	0.848114446593	0.843502373127	1.9354139826	0.770656834219	0.835739284679	1.10150069599	0.0	0.946904523925	1.26423921218	0.382255891735	1.3639657854	0.894959661672	1.02849065732	1.56818928468	0.799093315611	0.845040517158	1.19461980184	1.16681310778	1.29258087965	0.84034277912	0.864910376994	0.962392339294	1.25535775254	1.28372967134	1.20869145481	0.816332131464	1.19244508942	1.01810390527	0.896428501692	0.751787056549	1.14415359594	1.0899541711	1.16555500242	1.14274323828	1.14475343161	1.01660197197	1.23744226196	0.76412459159	1.11982743838	0.784213344611	0.887737747704	0.85881560174	0.763891193813	0.693604968584	1.4114082262	1.36379425326	1.27095436926	1.30769811986	1.08953472209	1.15748500242	1.46303465926	1.32583561141	1.08938038183	1.15067898985	1.21821733204	1.12485154181	0.882767984534	1.27087366844	0.875863798937	1.20558356211	1.06835782504	1.28594312711
AD4	0.724092310295	0.490706655389	2.27010609473	0.938277791203	0.841061691638	0.37376719188	0.946904523925	0.0	0.354604944418	0.645797941034	0.538592687289	0.613354451426	0.527316234896	1.90817111165	0.607029603673	0.573736457226	0.539053750604	0.500855108748	1.72650580957	1.21850381344	0.838430280329	0.478728211696	0.548904035766	0.504954871919	1.70706980184	0.701595418076	0.44329260029	0.427759294345	0.492263881102	0.691595862736	0.776686848719	0.593077080715	0.297866785887	0.37480420493	1.11188623006	0.820184253262	0.580700889319	0.485821082649	0.486483465442	0.710301938134	0.507121875302	1.24928727888	1.06854674722	0.5350700145	0.780698927018	0.668613924601	1.14849568391	0.910040043499	0.9331879942	0.955775519575	0.989976302562	1.04840935718	0.71949459159	0.735944886419	0.751270053166	0.723021343644	0.558462532624	1.05616772354	0.564645190913	0.929542160464	0.472399845336	0.913853228613
AE3	0.887869260512	0.672756133398	2.35614463992	1.11783288545	0.989480874819	0.466854900918	1.26423921218	0.354604944418	0.0	0.952219154181	0.359637090382	0.754517955534	0.637223392943	2.00682850652	0.764112073465	0.785044436926	0.537351773804	0.548883262446	1.9181277477	1.4301100145	0.999570894152	0.644519690672	0.450153165781	0.417513968101	1.92103357661	0.919608095698	0.401660666989	0.52105882552	0.681868158531	0.899431063316	0.883274035766	0.71827019333	0.28422720638	0.344203523441	1.20875011116	0.937031246979	0.509764122765	0.676031169647	0.565501749638	0.961429482842	0.66889680522	1.37209550991	1.20991289029	0.757981116481	0.798348453359	0.605908506525	1.23784769454	0.979082493958	1.04763128565	1.0558378347	1.03957881102	1.14193295795	0.804251551474	0.826525258579	0.833415036249	0.807342798453	0.735366665056	1.15395115998	0.741843107782	1.01332245529	0.589909458676	1.00298945384
AE4	0.656317153214	0.581157926535	2.11485473659	0.798005766071	0.661461855969	0.804481884969	0.382255891735	0.645797941034	0.952219154181	0.0	1.0724641711	0.622353668439	0.757528124698	1.74852675205	0.585401184147	0.582734127598	0.907616921218	0.883760889319	1.42877256646	0.941900362494	0.758734900918	0.693702866119	0.959639830836	0.978700729821	1.33931219913	0.574702928951	0.873857684872	0.727371048816	0.633536379894	0.612249289512	0.919995848236	0.818764697922	0.863668632189	0.861310004833	0.951511401643	0.79351101015	0.956513320445	0.576662648623	0.840449333011	0.545286027066	0.623432643789	1.04747652006	0.867907085549	0.49544982117	1.14167918801	1.08928453842	1.05094084582	1.08270345578	0.881339023683	0.963898709522	1.23891928951	1.10735340744	0.846972039633	0.882560826486	0.951606012566	0.864490749154	0.61998962784	1.05854477525	0.606297863702	1.0110000435	0.77759842436	1.06762632673
AF3	0.966176297728	0.794745094248	2.53272281295	1.2116877912	1.11792687772	0.414227757371	1.3639657854	0.538592687289	0.359637090382	1.0724641711	0.0	0.839106935718	0.694094780087	2.17728740454	0.944901150314	0.882729260512	0.520148815853	0.506197568874	2.01176576607	1.50959819236	1.07475073949	0.748002706622	0.386083054616	0.388094983084	1.98735956017	0.986764780087	0.470316433059	0.662178999517	0.795253813436	0.9830779942	0.842833794103	0.692762518125	0.46890518608	0.45687141131	1.24344499758	1.01496709038	0.473549304012	0.82318300145	0.528980657322	1.03703876269	0.745601319478	1.56082056549	1.38606146448	0.893561493475	0.740689855002	0.567772837119	1.25921964234	0.991074983084	1.12079706622	1.07248247463	1.04649214113	1.10390694538	0.821080019333	0.802314838086	0.819405099082	0.780123716771	0.866460749154	1.10453937651	0.878973653939	1.02848470759	0.616401445143	0.986489917835
AF4	0.695328260029	0.417398912518	2.2771217158	0.91034297245	0.334166031899	0.489229308845	0.894959661672	0.613354451426	0.754517955534	0.622353668439	0.839106935718	0.0	0.56772717738	1.9129439391	0.534232242629	0.523480352827	0.799587834703	0.744727230546	1.55631089415	1.07126443209	0.91419677622	0.774133769937	0.988095065249	0.97329257129	1.45758703722	0.62836337361	0.834036785887	0.807831986467	0.7227200145	0.730711435476	0.989448820686	0.863531377477	0.731727984534	0.749381043983	0.813341986467	0.556410459159	0.746106138231	0.611480019333	0.66366662639	0.555569275012	0.461860270662	1.24631062349	1.07574738521	0.507188622523	0.94090898985	0.871986355727	0.854889381344	0.783762798453	0.619616877719	0.693589594007	0.935022121798	0.80677499275	0.547873711938	0.6564659884	0.72810442726	0.614104871919	0.625738888352	0.793781130981	0.612011193813	0.734993760271	0.632965944901	0.772161068149
AG3	0.701599236346	0.433673968101	2.32071246979	0.839639507008	0.804634736588	0.460841822136	1.02849065732	0.527316234896	0.637223392943	0.757528124698	0.694094780087	0.56772717738	0.0	1.94185760271	0.51486838086	0.534394045433	0.569900106332	0.543745273079	1.68963355727	1.19317501208	0.896087249879	0.633140425326	0.71821900435	0.727544407927	1.60736251812	0.673671517641	0.592653958434	0.618832919285	0.614111522475	0.751475983567	0.841946128565	0.702103716771	0.593191710971	0.548101058482	1.01216806187	0.773926674722	0.718289052682	0.596126549058	0.549998337361	0.695348777187	0.466515674239	1.32397458192	1.14365862252	0.601619502175	0.906106104398	0.784445828903	1.00139139681	0.804251087482	0.806696698888	0.813925877235	0.948973755437	0.898438767521	0.573112073465	0.661204349927	0.731422083132	0.624003716771	0.514324760754	0.927392957951	0.512710860319	0.792739014016	0.400848801353	0.816996007733
AG4	1.88712966651	1.88414339294	0.417635311745	1.12725163847	1.83814384244	2.03467764621	1.56818928468	1.90817111165	2.00682850652	1.74852675205	2.17728740454	1.9129439391	1.94185760271	0.0	1.7912638086	1.90877549541	2.12186419526	2.14286874335	0.914902856452	1.12166115031	1.60198848719	1.83219681005	2.05750743354	2.06181059449	1.6284340986	1.8144682697	2.00940513291	1.88529842919	1.59289483809	1.46665428226	2.10598559691	2.0815202465	1.93545033833	2.02308880135	2.17192455292	2.09082531174	2.25183289995	1.62537743354	2.18075204447	1.9197660899	2.00262352344	0.932493537941	1.08734178347	1.66690681972	2.38723134364	2.3019579797	2.29074739488	2.30999159014	2.15108092315	2.24231271145	2.41264240696	2.34136146448	2.18747231513	2.2501057129	2.2751758579	2.21160702272	1.92466668439	2.33231370227	1.9075440551	2.2892218463	2.0300340406	2.33099811503
AH3	0.752534055099	0.32023557274	2.14698633156	0.800678095698	0.664439869502	0.702525505075	0.799093315611	0.607029603673	0.764112073465	0.585401184147	0.944901150314	0.534232242629	0.51486838086	1.7912638086	0.0	0.53458879652	0.760463450942	0.775098351861	1.51282090382	1.02897851136	0.86073161914	0.753086060899	0.925577167714	0.92012857419	1.48525926051	0.705515751571	0.78385717738	0.752556060899	0.65070738521	0.691240072499	1.02255237313	0.890968028033	0.66737221363	0.711690502658	1.00097271145	0.755683697438	0.878424132431	0.51927979217	0.753205113581	0.600835137748	0.541941193813	1.09757133398	0.927102875785	0.468338641856	1.09332072015	0.992877312711	1.03227019816	0.900682010633	0.81942679072	0.876448525858	1.04901623973	0.973056602223	0.7510440116	0.817856172064	0.850261019816	0.790413605607	0.556595906235	0.976712087965	0.535717974867	0.897095224746	0.635560140164	0.909665036249
AH4	0.285427404543	0.318973968101	2.27481287579	0.889046109232	0.696586645723	0.620977452876	0.845040517158	0.573736457226	0.785044436926	0.582734127598	0.882729260512	0.523480352827	0.534394045433	1.90877549541	0.53458879652	0.0	0.668005248913	0.642035645239	1.45673155631	1.05359599807	0.843579352344	0.647291454809	0.822017631706	0.812242290962	1.41252058482	0.533797259546	0.698317602707	0.610970618656	0.641325983567	0.671954552924	0.791785567907	0.673157742871	0.718662750121	0.715497858869	0.977695514741	0.743652513291	0.821973885935	0.669400043499	0.632959207347	0.488078028033	0.440293528275	1.27519414693	1.09909618656	0.542422788787	1.01589326728	0.950172431126	0.908892866119	0.813965790237	0.7643659884	0.732684649589	0.972858018366	0.845087274045	0.555407520541	0.628990633156	0.716084055099	0.599235519575	0.392741300145	0.832816544224	0.399035703238	0.78212298695	0.527559125181	0.8123440116
AA7	0.796667394877	0.662709540841	2.473140116	1.12725159014	0.986394862252	0.549819424843	1.19461980184	0.539053750604	0.537351773804	0.907616921218	0.520148815853	0.799587834703	0.569900106332	2.12186419526	0.760463450942	0.668005248913	0.0	0.153283552441	1.78103437893	1.33474927018	0.986953852102	0.614149386177	0.451014441759	0.483585413243	1.75666233446	0.800687274045	0.386523325278	0.497236940551	0.695728690188	0.869197723538	0.644842426293	0.417021348478	0.492332310295	0.495428260029	1.21797536008	1.00169480425	0.544399830836	0.829808898018	0.487659690672	0.895433562107	0.692254253262	1.49800564041	1.32334980667	0.813050164331	0.829502982117	0.670417747704	1.12248321895	0.871968013533	1.05575938618	0.990584871919	0.920248177864	0.999112426293	0.690396094732	0.696204601257	0.708509149348	0.673711478975	0.583099840503	0.993081184147	0.574339076849	0.963138115031	0.468933537941	0.879446698888
AA8	0.76912098115	0.650017549541	2.49917656356	1.15031128565	0.955451483809	0.494066592557	1.16681310778	0.500855108748	0.548883262446	0.883760889319	0.506197568874	0.744727230546	0.543745273079	2.14286874335	0.775098351861	0.642035645239	0.153283552441	0.0	1.78121699372	1.32359462059	0.957020855486	0.582758177864	0.464909072015	0.49484759304	1.73350004833	0.768190836153	0.395527902368	0.486217544708	0.697088492025	0.861975108748	0.595889052682	0.35365300145	0.497278124698	0.470415137748	1.16285105365	0.948211996133	0.509451802803	0.807098405027	0.455700749154	0.869844016433	0.661853823103	1.52457354277	1.35141939101	0.777477409377	0.763953059449	0.624194881585	1.09467907685	0.845884306428	1.00526962784	0.932297887869	0.890647486709	0.965445741904	0.643174127598	0.651769342678	0.67447242146	0.626063779604	0.58397217013	0.94785681972	0.589427636539	0.90336919768	0.442980454326	0.848764451426
AB7	1.44014832769	1.52883065732	1.19235159497	1.00897886419	1.42106420493	1.77058169164	1.29258087965	1.72650580957	1.9181277477	1.42877256646	2.01176576607	1.55631089415	1.68963355727	0.914902856452	1.51282090382	1.45673155631	1.78103437893	1.78121699372	0.0	0.566835152247	1.47771646689	1.58869859352	1.87700977767	1.91036003383	1.08346274529	1.40916563557	1.79279580957	1.63536948284	1.36704362977	1.17735654906	1.71076998067	1.69714104398	1.81451718705	1.86265635573	1.81950752537	1.76508648623	1.9533517158	1.4788918028	1.82513865152	1.45278570807	1.61066738521	0.960001401643	1.01281322378	1.42968642823	2.13194624456	2.07690470275	1.88263348961	1.93083731754	1.78379330111	1.81471104398	2.0408418318	1.94063152247	1.76969328661	1.82554087482	1.84898752054	1.79333201547	1.55494775254	1.91585630739	1.54554901885	1.88448272112	1.722660261	1.93932817303
AB8	1.06074293862	1.05787184147	1.47635492508	0.526314113098	1.04095698888	1.26390971	0.84034277912	1.21850381344	1.4301100145	0.941900362494	1.50959819236	1.07126443209	1.19317501208	1.12166115031	1.02897851136	1.05359599807	1.33474927018	1.32359462059	0.566835152247	0.0	1.00945919768	1.09136562591	1.36247038183	1.3990577767	1.14078158047	0.935344741421	1.28845543741	1.13684814403	0.836455998067	0.676674852586	1.28761169647	1.24103663122	1.31731224263	1.35035587724	1.39568732721	1.28936362011	1.46268760271	0.981803475109	1.37676149831	1.03003367811	1.16365429193	0.711166133398	0.66237738521	0.923769458676	1.64850153214	1.5711218463	1.53287603673	1.52762826486	1.35296126148	1.40540061866	1.64421753504	1.55205451426	1.37502854519	1.41344538424	1.44170850169	1.38176270179	1.12636054616	1.53394055582	1.11195485259	1.46572379894	1.24102672305	1.52454877719
AC7	0.802165374577	0.856872672789	1.95530242629	0.880365674239	1.05578631706	0.913512899952	0.864910376994	0.838430280329	0.999570894152	0.758734900918	1.07475073949	0.91419677622	0.896087249879	1.60198848719	0.86073161914	0.843579352344	0.986953852102	0.957020855486	1.47771646689	1.00945919768	0.0	0.482024185597	0.930267394877	0.973672460126	1.39550996133	0.678693112615	0.924015447076	0.737704538424	0.572412663122	0.531052764621	0.873574209763	0.807660555824	0.885789681005	0.89268017883	1.289640261	1.09538284679	1.12141328661	0.76535638956	1.02154126631	0.960630884485	0.935632948284	1.15547470759	1.06779618656	0.719069023683	1.1655921943	1.04909363944	1.47142019333	1.39462564524	1.22694541808	1.26271589174	1.529920087	1.44090449976	1.10514589657	1.17156469792	1.23609198163	1.1430862784	0.853366993717	1.39862723538	0.841403233446	1.28314666022	0.88784477042	1.39597944901
AC8	0.693457303045	0.645599149348	2.18681865636	0.904997525375	1.00908850169	0.573607322378	0.962392339294	0.478728211696	0.644519690672	0.693702866119	0.748002706622	0.774133769937	0.633140425326	1.83219681005	0.753086060899	0.647291454809	0.614149386177	0.582758177864	1.58869859352	1.09136562591	0.482024185597	0.0	0.579766321895	0.613284929918	1.53396175447	0.578775258579	0.481723943934	0.311210328661	0.421974422426	0.565797491542	0.606888951184	0.473894340261	0.530478303528	0.563162605123	1.16011506042	0.884696524891	0.74587619623	0.643261445143	0.681489734171	0.824836926051	0.679587332044	1.23700367811	1.06076132914	0.643482624456	0.889185447076	0.759880029	1.29752030933	1.05683281779	1.04595018366	1.04589554374	1.15908070565	1.19049717255	0.824739362011	0.854069656839	0.881807022716	0.829265050749	0.55318441276	1.1632341276	0.55999218463	1.01293035283	0.536018371194	1.0582740841
AD7	0.866798279362	0.833604523925	2.40719364911	1.12578686322	1.23675157564	0.615439608507	1.25535775254	0.548904035766	0.450153165781	0.959639830836	0.386083054616	0.988095065249	0.71821900435	2.05750743354	0.925577167714	0.822017631706	0.451014441759	0.464909072015	1.87700977767	1.36247038183	0.930267394877	0.579766321895	0.0	0.170091261479	1.85961116965	0.816324306428	0.347165819236	0.467378786854	0.649740492992	0.829163919768	0.698087907202	0.529883658772	0.473389951667	0.48562142581	1.35781488642	1.11794745771	0.599172474625	0.833996737554	0.642277583374	1.03847208313	0.851002788787	1.43752846303	1.27106796037	0.87389337361	0.858485331078	0.65788578057	1.36215124215	1.10644954084	1.22167048333	1.19077820203	1.14939548574	1.24400217013	0.924308226196	0.894553726438	0.911151198647	0.885938129531	0.717418371194	1.2322522523	0.729086481392	1.14932171097	0.61520640406	1.1118660609
AD8	0.924201333978	0.817384050266	2.41275828903	1.12926497825	1.20582468342	0.627284267762	1.28372967134	0.504954871919	0.417513968101	0.978700729821	0.388094983084	0.97329257129	0.727544407927	2.06181059449	0.92012857419	0.812242290962	0.483585413243	0.49484759304	1.91036003383	1.3990577767	0.973672460126	0.613284929918	0.170091261479	0.0	1.88237869985	0.843340584824	0.348033446109	0.502781184147	0.653055079749	0.864420430159	0.747379362011	0.576837172547	0.464354697922	0.472812890285	1.35587940068	1.10843479459	0.585524016433	0.798967709038	0.649092750121	1.02888962784	0.838480391493	1.44471856452	1.26716968101	0.843147167714	0.844700865152	0.646912566457	1.34220501692	1.08095698405	1.21605924118	1.17207272112	1.1281558724	1.2280002755	0.913231097148	0.888451512808	0.898588927018	0.878681454809	0.763576863219	1.22972046883	0.771517849203	1.13251920735	0.617871343644	1.08638842919
AE7	1.36113827453	1.49331031899	1.90653902852	1.28654567907	1.3236580667	1.69462211696	1.20869145481	1.70706980184	1.92103357661	1.33931219913	1.98735956017	1.45758703722	1.60736251812	1.6284340986	1.48525926051	1.41252058482	1.75666233446	1.73350004833	1.08346274529	1.14078158047	1.39550996133	1.53396175447	1.85961116965	1.88237869985	0.0	1.06422925085	1.80806061382	1.62037265346	1.402670029	1.28433639439	1.57401402127	1.60386116965	1.82833638473	1.83706153697	1.68198063316	1.68512220396	1.91592901885	1.54180578057	1.79027126631	1.37077371194	1.59460405027	1.46395016916	1.46312270662	1.42938131464	2.01780608023	1.99735453359	1.6994061914	1.82717821653	1.63537508942	1.64329230063	1.96699941518	1.77056674722	1.63089610923	1.69608035283	1.7514499565	1.66649510875	1.53468951184	1.75513137748	1.52790478492	1.73464078782	1.6868859449	1.81722909135
AE8	0.557275084582	0.58848037216	2.17008350411	0.868649149348	0.824013059449	0.712666060899	0.816332131464	0.701595418076	0.919608095698	0.574702928951	0.986764780087	0.62836337361	0.673671517641	1.8144682697	0.705515751571	0.533797259546	0.800687274045	0.768190836153	1.40916563557	0.935344741421	0.678693112615	0.578775258579	0.816324306428	0.843340584824	1.06422925085	0.0	0.798164480425	0.634874789753	0.589439434509	0.540986930884	0.723316640889	0.655436945384	0.824252798453	0.826626602223	1.08451994683	0.881426379894	0.925723044949	0.711990932818	0.817847738038	0.650267554374	0.664367452876	1.21446860319	1.06086529725	0.612662996617	1.08398519091	1.03326702272	1.13499621556	1.05268608507	0.913905867569	0.945519492508	1.19491065732	1.10491916868	0.817007158047	0.872348695022	0.917715263412	0.839894122765	0.615554557757	1.07920010633	0.605384214596	0.972217723538	0.712712701788	1.05649552924
AF7	0.817252711455	0.678055099082	2.36160829386	1.08920966651	1.06196876269	0.53302479942	1.19244508942	0.44329260029	0.401660666989	0.873857684872	0.470316433059	0.834036785887	0.592653958434	2.00940513291	0.78385717738	0.698317602707	0.386523325278	0.395527902368	1.79279580957	1.28845543741	0.924015447076	0.481723943934	0.347165819236	0.348033446109	1.80806061382	0.798164480425	0.0	0.311394833253	0.583569154181	0.782348337361	0.685115118415	0.531571227646	0.400352319961	0.413664132431	1.18602073465	0.936139511841	0.49628181247	0.703860565491	0.557841942968	0.90936777187	0.68467982117	1.39645217496	1.21616970034	0.724846858386	0.816920227163	0.628855273079	1.2079759304	0.963256636056	1.0588759739	1.04246140164	1.01261658772	1.10252426776	0.778941875302	0.786364610923	0.806341464476	0.773037984534	0.613517849203	1.09969618656	0.615411643306	1.00518448526	0.491981483809	0.972273726438
AF8	0.626642469792	0.627999482842	2.24011700822	0.964776331561	1.0316298115	0.532184301595	1.01810390527	0.427759294345	0.52105882552	0.727371048816	0.662178999517	0.807831986467	0.618832919285	1.88529842919	0.752556060899	0.610970618656	0.497236940551	0.486217544708	1.63536948284	1.13684814403	0.737704538424	0.311210328661	0.467378786854	0.502781184147	1.62037265346	0.634874789753	0.311394833253	0.0	0.490989681005	0.632594847753	0.623071701305	0.453993504108	0.468530952151	0.516309260512	1.18111604157	0.931515611406	0.640169502175	0.689650111165	0.564809903335	0.839103977767	0.656753049782	1.27407706138	1.10599641373	0.68550818753	0.897161565974	0.762999424843	1.22014049783	0.987598709522	1.04090407927	1.04860827936	1.03883902852	1.11675727405	0.794411372644	0.806555065249	0.837673987434	0.794341710971	0.524126176897	1.11442936684	0.534942841953	1.01813971484	0.491482851619	0.99158659739
AG7	0.721247713871	0.608939458676	1.94712192363	0.643339729338	0.865366268729	0.619036863219	0.896428501692	0.492263881102	0.681868158531	0.633536379894	0.795253813436	0.7227200145	0.614111522475	1.59289483809	0.65070738521	0.641325983567	0.695728690188	0.697088492025	1.36704362977	0.836455998067	0.572412663122	0.421974422426	0.649740492992	0.653055079749	1.402670029	0.589439434509	0.583569154181	0.490989681005	0.0	0.275949710005	0.781473011116	0.668552561624	0.583349623006	0.659264035766	1.22489270179	0.935409816336	0.843199086515	0.475273566941	0.747387143548	0.786256346061	0.657773499275	1.04283263896	0.866651894635	0.464504741421	1.03122770904	0.921777254712	1.30060029	1.07109667472	1.08187908652	1.1052541421	1.19316522958	1.19651364427	0.871108835186	0.88541778637	0.926389468342	0.862770483325	0.613671256646	1.20227958917	0.594349381344	1.07062209763	0.63778842436	1.08252318995
AG8	0.668165727405	0.682681135814	1.83098589174	0.591807361044	0.868359072015	0.756451435476	0.751787056549	0.691595862736	0.899431063316	0.612249289512	0.9830779942	0.730711435476	0.751475983567	1.46665428226	0.691240072499	0.671954552924	0.869197723538	0.861975108748	1.17735654906	0.676674852586	0.531052764621	0.565797491542	0.829163919768	0.864420430159	1.28433639439	0.540986930884	0.782348337361	0.632594847753	0.275949710005	0.0	0.868878419526	0.80087720638	0.791754963751	0.823088390527	1.22801747221	0.98593477042	1.01904295795	0.521482851619	0.892800749154	0.781545398743	0.756038124698	0.940773823103	0.807389221846	0.453259922668	1.17927856936	1.06821777187	1.31121498792	1.21135461092	1.09704027066	1.15320934268	1.34230328178	1.27071292412	0.988193924601	1.02305892218	1.06478636056	0.993520183664	0.724409753504	1.25111894635	0.706458211696	1.17462577574	0.788835108748	1.21484923635
AH7	0.762747481875	0.858905364911	2.44505657806	1.25216015466	1.18829082165	0.792571633639	1.14415359594	0.776686848719	0.883274035766	0.919995848236	0.842833794103	0.989448820686	0.841946128565	2.10598559691	1.02255237313	0.791785567907	0.644842426293	0.595889052682	1.71076998067	1.28761169647	0.873574209763	0.606888951184	0.698087907202	0.747379362011	1.57401402127	0.723316640889	0.685115118415	0.623071701305	0.781473011116	0.868878419526	0.0	0.285308859352	0.86933818753	0.857996563557	1.1889539971	1.02440961334	0.799145814403	0.965493479942	0.7618659739	0.981990410826	0.854652281295	1.50640760271	1.38256927501	0.952457936201	0.976951043983	0.922200840986	1.28279599807	1.05524505558	1.16339887385	1.05543122281	1.14177141614	1.17655378927	0.839429105848	0.833487549541	0.858441377477	0.822487303045	0.745222073465	1.15642300145	0.762097066216	1.02233846303	0.702940140164	1.05841101982
AH8	0.717180517158	0.734610647656	2.43640055582	1.14935227163	1.06647832769	0.615433349444	1.0899541711	0.593077080715	0.71827019333	0.818764697922	0.692762518125	0.863531377477	0.702103716771	2.0815202465	0.890968028033	0.673157742871	0.417021348478	0.35365300145	1.69714104398	1.24103663122	0.807660555824	0.473894340261	0.529883658772	0.576837172547	1.60386116965	0.655436945384	0.531571227646	0.453993504108	0.668552561624	0.80087720638	0.285308859352	0.0	0.679566708555	0.648327259546	1.15595211696	0.941853262446	0.650767259546	0.866160009667	0.58531080232	0.883905969067	0.744036742388	1.46644470759	1.30718739488	0.835060357661	0.840223286612	0.745070260996	1.18923756887	0.958442537458	1.06300747221	0.970622692122	0.998778274529	1.08424034799	0.724193634606	0.735081841469	0.765238501692	0.719292237796	0.604092895118	1.05659347511	0.622388767521	0.937137394877	0.559820164331	0.957214282262
AA5	0.851295442243	0.601481957467	2.28170056549	1.03528129048	0.962777245046	0.46637258579	1.16555500242	0.297866785887	0.28422720638	0.863668632189	0.46890518608	0.731727984534	0.593191710971	1.93545033833	0.66737221363	0.718662750121	0.492332310295	0.497278124698	1.81451718705	1.31731224263	0.885789681005	0.530478303528	0.473389951667	0.464354697922	1.82833638473	0.824252798453	0.400352319961	0.468530952151	0.583349623006	0.791754963751	0.86933818753	0.679566708555	0.0	0.231714093765	1.20506367811	0.901770807153	0.584415524408	0.562123924601	0.594896283229	0.833665833736	0.62317621073	1.2658038666	1.08678103432	0.64428840986	0.807435079749	0.625230251329	1.26596251812	1.02762184147	1.0516077912	1.0789617738	1.09451012566	1.16919915901	0.819174137264	0.8457859884	0.851176191397	0.823005896568	0.627885799903	1.17465201547	0.628786631223	1.03334694538	0.535005751571	1.04090770904
AA6	0.833359260512	0.616238477525	2.38279163364	1.09333155631	0.997247936201	0.422823315611	1.14274323828	0.37480420493	0.344203523441	0.861310004833	0.45687141131	0.749381043983	0.548101058482	2.02308880135	0.711690502658	0.715497858869	0.495428260029	0.470415137748	1.86265635573	1.35035587724	0.89268017883	0.563162605123	0.48562142581	0.472812890285	1.83706153697	0.826626602223	0.413664132431	0.516309260512	0.659264035766	0.823088390527	0.857996563557	0.648327259546	0.231714093765	0.0	1.12698366844	0.843848303528	0.496661517641	0.606568110198	0.498696457226	0.842927196713	0.585344939584	1.37404556791	1.19116238763	0.701177931368	0.644991242146	0.454363281779	1.19449083132	0.958373508942	0.971382735621	0.965197124215	1.02980615273	1.08605267279	0.728508095698	0.781286075399	0.793610971484	0.746620512325	0.631789772837	1.0647720058	0.648923663606	0.934433189947	0.497333523441	0.965908714355
AB5	1.09125172547	0.914937341711	2.53067048816	1.31685712905	0.787375471242	1.02026547608	1.14475343161	1.11188623006	1.20875011116	0.951511401643	1.24344499758	0.813341986467	1.01216806187	2.17192455292	1.00097271145	0.977695514741	1.21797536008	1.16285105365	1.81950752537	1.39568732721	1.289640261	1.16011506042	1.35781488642	1.35587940068	1.68198063316	1.08451994683	1.18602073465	1.18111604157	1.22489270179	1.22801747221	1.1889539971	1.15595211696	1.20506367811	1.12698366844	0.0	0.386782856452	0.979999685839	1.06958577574	0.97488459159	0.838340782987	0.829385505075	1.56986053649	1.41654259546	1.03333146931	0.98905182697	1.0017639246	0.792266863219	0.913750420493	0.703188762687	0.727864030933	1.0564338811	0.892671507975	0.811959410343	0.909139719671	0.918376756887	0.87774258579	1.02492294345	0.83798820203	1.0270379652	0.793490111165	1.01937305462	0.909049502175
AB6	0.889708762687	0.629816080232	2.4499540116	1.17184913968	0.698752885452	0.753019729338	1.01660197197	0.820184253262	0.937031246979	0.79351101015	1.01496709038	0.556410459159	0.773926674722	2.09082531174	0.755683697438	0.743652513291	1.00169480425	0.948211996133	1.76508648623	1.28936362011	1.09538284679	0.884696524891	1.11794745771	1.10843479459	1.68512220396	0.881426379894	0.936139511841	0.931515611406	0.935409816336	0.98593477042	1.02440961334	0.941853262446	0.901770807153	0.843848303528	0.386782856452	0.0	0.759501440309	0.774242194297	0.764187216046	0.707087844369	0.583538115031	1.4356182117	1.27378261962	0.752606853552	0.772701884969	0.78588778637	0.755891275979	0.6977960029	0.543732982117	0.546751952634	0.850678052199	0.720333562107	0.596402112131	0.708894098598	0.715251793137	0.679782928951	0.760624369261	0.669610449493	0.751855176414	0.579391836636	0.786973146448	0.701305340744
AC5	0.931517868536	0.733926616723	2.61332099082	1.31418306912	0.982793455776	0.570357293378	1.23744226196	0.580700889319	0.509764122765	0.956513320445	0.473549304012	0.746106138231	0.718289052682	2.25183289995	0.878424132431	0.821973885935	0.544399830836	0.509451802803	1.9533517158	1.46268760271	1.12141328661	0.74587619623	0.599172474625	0.585524016433	1.91592901885	0.925723044949	0.49628181247	0.640169502175	0.843199086515	1.01904295795	0.799145814403	0.650767259546	0.584415524408	0.496661517641	0.979999685839	0.759501440309	0.0	0.786675070082	0.428860797487	0.905793557274	0.629455456742	1.62946323828	1.44623719671	0.83957341711	0.550069724505	0.417953508942	1.02866661672	0.767585688739	0.900958105365	0.853676534558	0.81927157564	0.882693243113	0.608572619623	0.573561841469	0.590227646206	0.555945055582	0.765761875302	0.869838869019	0.773558840019	0.804249874335	0.593074731754	0.769905002417
AC6	0.823718351861	0.537489178347	1.98200896568	0.720807554374	0.741699826003	0.622841865636	0.76412459159	0.485821082649	0.676031169647	0.576662648623	0.82318300145	0.611480019333	0.596126549058	1.62537743354	0.51927979217	0.669400043499	0.829808898018	0.807098405027	1.4788918028	0.981803475109	0.76535638956	0.643261445143	0.833996737554	0.798967709038	1.54180578057	0.711990932818	0.703860565491	0.689650111165	0.475273566941	0.521482851619	0.965493479942	0.866160009667	0.562123924601	0.606568110198	1.06958577574	0.774242194297	0.786675070082	0.0	0.749536447559	0.673897858869	0.567731280812	0.880065741904	0.693238753021	0.319920038666	0.987328748188	0.8867719913	1.17102945868	1.01757877719	0.950253649106	0.98506858869	1.15235909618	1.0902237506	0.816150125665	0.882907525375	0.918240937651	0.835758385694	0.664989473175	1.07663839536	0.645182861286	0.996573808603	0.650826573224	1.04088909135
AD6	0.732083315611	0.570074896085	2.53750616723	1.16098690188	0.870771005317	0.420262286129	1.11982743838	0.486483465442	0.565501749638	0.840449333011	0.528980657322	0.66366662639	0.549998337361	2.18075204447	0.753205113581	0.632959207347	0.487659690672	0.455700749154	1.82513865152	1.37676149831	1.02154126631	0.681489734171	0.642277583374	0.649092750121	1.79027126631	0.817847738038	0.557841942968	0.564809903335	0.747387143548	0.892800749154	0.7618659739	0.58531080232	0.594896283229	0.498696457226	0.97488459159	0.764187216046	0.428860797487	0.749536447559	0.0	0.716638240696	0.383822508458	1.54820221846	1.36571479459	0.789201522475	0.671376785887	0.567019990333	0.902046930884	0.650033204447	0.816697868536	0.745439246013	0.72375319478	0.778504847753	0.489378405027	0.478606466892	0.498356901885	0.456913238279	0.575064306428	0.772293392943	0.590087061382	0.705626428226	0.373871759304	0.658101014983
AE5	0.593052518125	0.531512431126	2.28547811503	0.930646515225	0.630113093282	0.762061222813	0.784213344611	0.710301938134	0.961429482842	0.545286027066	1.03703876269	0.555569275012	0.695348777187	1.9197660899	0.600835137748	0.488078028033	0.895433562107	0.869844016433	1.45278570807	1.03003367811	0.960630884485	0.824836926051	1.03847208313	1.02888962784	1.37077371194	0.650267554374	0.90936777187	0.839103977767	0.786256346061	0.781545398743	0.981990410826	0.883905969067	0.833665833736	0.842927196713	0.838340782987	0.707087844369	0.905793557274	0.673897858869	0.716638240696	0.0	0.393620024166	1.22106848236	1.06059738521	0.595878525858	1.10954760271	1.0635379797	0.878475746738	0.874553649106	0.788385621073	0.740191551474	1.02382699855	0.898916911551	0.635334586757	0.696276539391	0.780150966651	0.661278786854	0.581733489609	0.868593257612	0.585109845336	0.804031947801	0.682184161431	0.871180763654
AE6	0.591698448526	0.360646703722	2.36693370227	0.996590405993	0.651008777187	0.506617322378	0.887737747704	0.507121875302	0.66889680522	0.623432643789	0.745601319478	0.461860270662	0.466515674239	2.00262352344	0.541941193813	0.440293528275	0.692254253262	0.661853823103	1.61066738521	1.16365429193	0.935632948284	0.679587332044	0.851002788787	0.838480391493	1.59460405027	0.664367452876	0.68467982117	0.656753049782	0.657773499275	0.756038124698	0.854652281295	0.744036742388	0.62317621073	0.585344939584	0.829385505075	0.583538115031	0.629455456742	0.567731280812	0.383822508458	0.393620024166	0.0	1.32188736588	1.14244068632	0.569758385694	0.83859977767	0.766920459159	0.882998680522	0.71612502175	0.676154287095	0.659815471242	0.857668472692	0.782473436443	0.454548472692	0.517661715805	0.593965519575	0.488508883519	0.433719178347	0.774043286612	0.443595640406	0.653608414693	0.469993310778	0.726517665539
AF5	1.28060966167	1.22774956501	1.28530599807	0.661176814886	1.19117502175	1.39217043016	0.85881560174	1.24928727888	1.37209550991	1.04747652006	1.56082056549	1.24631062349	1.32397458192	0.932493537941	1.09757133398	1.27519414693	1.49800564041	1.52457354277	0.960001401643	0.711166133398	1.15547470759	1.23700367811	1.43752846303	1.44471856452	1.46395016916	1.21446860319	1.39645217496	1.27407706138	1.04283263896	0.940773823103	1.50640760271	1.46644470759	1.2658038666	1.37404556791	1.56986053649	1.4356182117	1.62946323828	0.880065741904	1.54820221846	1.22106848236	1.32188736588	0.0	0.235090420493	0.938994103432	1.76658900918	1.6767602175	1.7122882697	1.68821486225	1.56946618656	1.63309318995	1.82241273562	1.76899661672	1.54761744321	1.6261521653	1.65480595457	1.58294047366	1.26187996133	1.74302531658	1.24777819236	1.66822594973	1.40434540358	1.71202216046
AF6	1.15108583374	1.04760647173	1.43759858386	0.50381661189	1.03504046399	1.21235391977	0.763891193813	1.06854674722	1.20991289029	0.867907085549	1.38606146448	1.07574738521	1.14365862252	1.08734178347	0.927102875785	1.09909618656	1.32334980667	1.35141939101	1.01281322378	0.66237738521	1.06779618656	1.06076132914	1.27106796037	1.26716968101	1.46312270662	1.06086529725	1.21616970034	1.10599641373	0.866651894635	0.807389221846	1.38256927501	1.30718739488	1.08678103432	1.19116238763	1.41654259546	1.27378261962	1.44623719671	0.693238753021	1.36571479459	1.06059738521	1.14244068632	0.235090420493	0.0	0.753927868536	1.58907262446	1.4957917593	1.5548199855	1.52086080715	1.40592765587	1.47035961817	1.64185553891	1.60054860319	1.36633871919	1.44437243596	1.47694797487	1.40234561624	1.08206390527	1.5748261189	1.06751995167	1.50255307395	1.22770761721	1.54108596907
AG5	0.704859299178	0.490115103915	2.02664529241	0.706069555341	0.646619371677	0.619959971	0.693604968584	0.5350700145	0.757981116481	0.49544982117	0.893561493475	0.507188622523	0.601619502175	1.66690681972	0.468338641856	0.542422788787	0.813050164331	0.777477409377	1.42968642823	0.923769458676	0.719069023683	0.643482624456	0.87389337361	0.843147167714	1.42938131464	0.612662996617	0.724846858386	0.68550818753	0.464504741421	0.453259922668	0.952457936201	0.835060357661	0.64428840986	0.701177931368	1.03333146931	0.752606853552	0.83957341711	0.319920038666	0.789201522475	0.595878525858	0.569758385694	0.938994103432	0.753927868536	0.0	1.03415323345	0.959104499758	1.10563176897	1.0082641711	0.889888129531	0.94220361044	1.15462866602	1.05899720638	0.775105775737	0.860213798937	0.902977477042	0.806850256162	0.598633620106	1.04621221846	0.571676278395	0.955916360561	0.659904494925	1.01724959401
