	AA3	AA4	AB3	AB4	AC3	AC4	AD3	AD4	AE3	AE4	AF3	AF4	AG3	AG4	AH3	AH4	AA7	AA8	AB7	AB8	AC7	AC8	AD7	AD8	AE7	AE8	AF7	AF8	AG7	AG8	AH7	AH8	AA5	AA6	AB5	AB6	AC5	AC6	AD6	AE5	AE6	AF5	AF6	AG5	AH5	AH6	AA1	AA2	AB1	AB2	AC1	AC2	AD1	AD2	AE1	AE2	AF1	AF2	AG1	AG2	AH1	AH2
AA3	0.0	0.570732034799	2.25185087965	0.981073663606	0.847227201547	0.744080575157	0.895888419526	0.801650889319	0.880750173997	0.633644726921	0.958600048333	0.734890821653	0.697943286612	1.89811625906	0.764922812953	0.279741585307	0.810704040599	0.765754345094	1.42214651039	1.0311018898	0.816064958917	0.676495045916	0.881274166264	0.811792837119	1.36799810053	0.577691822136	0.786220676655	0.669045219913	0.73252817303	0.680503127115	0.750591222813	0.68319239246	0.861244775254	0.797712817786	1.0574779942	0.874809961334	0.945950536491	0.753730376994	0.756039250846	0.57624640406	0.593927530208	1.26881307878	1.13619106815	0.703997916868	1.09992051716	1.05909131948	0.98422901885	0.923232711455	0.903686350894	0.831553760271	1.06845470759	0.971649192847	0.645139439343	0.711802977284	0.758408738521	0.662531000483	0.547134480425	0.921032909618	0.542103349444	0.863224601257	0.641400840986	0.91830062349
AA4	0.570732034799	0.0	2.25094362011	0.896398013533	0.668279719671	0.534311565974	0.889247694538	0.49073182697	0.632388772354	0.529653852102	0.780962145964	0.455477017883	0.4000179797	1.89424156597	0.291717960367	0.343262619623	0.624539313678	0.641381198647	1.57351301595	1.04952104882	0.849882455292	0.632138709522	0.778327757371	0.767270285162	1.53100965201	0.617585848236	0.662370681489	0.587407249879	0.641105775737	0.691852996617	0.854396665056	0.711656230063	0.577588332528	0.54192301595	0.939244838086	0.662515654906	0.766888632189	0.519609507008	0.602057510875	0.528577172547	0.435927781537	1.17280334461	1.02413752537	0.439949081682	0.913108820686	0.828339159014	0.993241875302	0.839083885935	0.781361556307	0.783072725955	0.983743049782	0.908991261479	0.602056887385	0.653204552924	0.705060695988	0.601536152731	0.395940241663	0.902308327695	0.395222257129	0.781733600773	0.4720120058	0.828689545674
AB3	2.25185087965	2.25094362011	0.0	1.46623856936	2.21292724505	2.40571342678	1.90918031416	2.29534740454	2.34283773804	2.11414334944	2.52063702755	2.28227878202	2.31270726438	0.406130376994	2.14193712421	2.29575346061	2.48546635573	2.48954845336	1.2550059159	1.48994906718	1.95603411793	2.19169832769	2.43519490575	2.37746615273	1.89930786854	2.16313138231	2.38948834703	2.28781985984	1.91143542774	1.81973562107	2.44724028516	2.42842274045	2.29227112131	2.36225942484	2.56320750121	2.4654681102	2.6467680957	1.96178531658	2.52965038183	2.27038463026	2.42043362494	1.32740725471	1.44422188014	2.0494919478	2.74652848719	2.64658369744	2.66774874335	2.68572072015	2.49970813436	2.60947449009	2.78637529241	2.72781054132	2.55283070565	2.61158181247	2.63026266312	2.57975292895	2.29363247463	2.67672697922	2.28940700822	2.66422961334	2.39673732721	2.68176670855
AB4	0.981073663606	0.896398013533	1.46623856936	0.0	0.934530937651	1.04003810536	0.790773112615	1.02711115515	1.12572007733	0.817680778154	1.23087234896	0.948324272595	0.873927535041	1.10068137748	0.823596408893	0.939636312228	1.17038160947	1.16621226196	1.00242576124	0.496004059932	0.909456940551	0.958658907685	1.15802355727	1.0979278347	1.28610117931	0.908970550991	1.1262938666	1.00206998067	0.654909734171	0.604232276462	1.26267871919	1.1527382552	1.07808978734	1.09076724505	1.36441368777	1.21874068632	1.3850082117	0.708998521025	1.17930067666	0.927404639923	1.07623297728	0.595235065249	0.495869159014	0.757800251329	1.46688785887	1.37343060899	1.42095074432	1.37985107298	1.24387059932	1.32115681005	1.51800403093	1.44772129048	1.2147979072	1.28124617206	1.32520092315	1.23559678589	0.983036080232	1.41031664572	0.969320695988	1.35070131948	1.05637538424	1.3687281102
AC3	0.847227201547	0.668279719671	2.21292724505	0.934530937651	0.0	0.789856118898	0.891661933301	0.849209497342	0.953337008217	0.681389163847	1.08277867569	0.306216689222	0.823547520541	1.8638682842	0.656300937651	0.733832112131	0.966297380377	1.01659705172	1.42969973417	1.05265898018	1.05794447559	1.03647059932	1.21708714838	1.18717234413	1.31025387627	0.849062445626	1.08345321411	1.01847080715	0.935753692605	0.898838612856	1.16550197197	1.062260261	0.99443900435	0.954730507492	0.810139966167	0.711873334944	1.00608239729	0.735126075399	0.882469594007	0.63302858869	0.696098376027	1.1634360754	1.04891902368	0.644512493958	1.16185057999	1.09751913968	0.847127104882	0.927203528275	0.695356742388	0.77690540841	1.07220020783	0.956284900918	0.709557912035	0.808610932818	0.848819014016	0.746640889319	0.784014635089	0.846299695505	0.77788961334	0.885424378927	0.856922194297	0.911649893668
AC4	0.744080575157	0.534311565974	2.40571342678	1.04003810536	0.789856118898	0.0	1.12897460126	0.357866988884	0.442233049782	0.769480894152	0.385810434993	0.565295360077	0.470355480909	2.05432761237	0.692492165297	0.60829320928	0.517377916868	0.518379975834	1.83655516675	1.30154314161	0.89514020783	0.577698240696	0.608763557274	0.581693876269	1.72965488642	0.750256031899	0.562672232963	0.517853131948	0.654844668922	0.797791242146	0.777886297728	0.57932839536	0.475128666022	0.384056321895	0.99112141131	0.71942019333	0.573267061382	0.681318743354	0.403375940068	0.757768177864	0.513512387627	1.3545620638	1.21379842919	0.627512740454	0.683563905268	0.588611865636	1.05619055099	0.849530425326	0.85354358144	0.818099555341	0.919298318028	0.954715190913	0.575678835186	0.649525427743	0.686116379894	0.62986637506	0.616979308845	0.975097022716	0.610655814403	0.793709023683	0.417158342194	0.818407153214
AD3	0.895888419526	0.889247694538	1.90918031416	0.790773112615	0.891661933301	1.12897460126	0.0	1.04803414693	1.27836922668	0.458818211696	1.38397325278	0.924283175447	1.05631122281	1.55475139681	0.825964842919	0.93140522958	1.24737202513	1.2170577767	1.31271638956	0.821543204447	0.882810149831	0.990697926535	1.31149334461	1.21707965201	1.23253299662	0.882579304012	1.21031384244	1.09471541808	0.916466752054	0.776483494442	1.18764723055	1.12802033833	1.2111281392	1.13594867086	1.2047402175	1.06384681005	1.30256064766	0.692292165297	1.1919681247	0.80163041566	0.993649096182	0.855243740938	0.729854499758	0.726958351861	1.44935482359	1.3705982987	1.33680835186	1.3700257419	1.13125498308	1.22410896568	1.52101041566	1.42614384727	1.16054086032	1.23713483809	1.26804508458	1.17410853552	0.963972131464	1.32071876752	0.95605478492	1.2715437796	1.11813351377	1.34395811986
AD4	0.801650889319	0.49073182697	2.29534740454	1.02711115515	0.849209497342	0.357866988884	1.04803414693	0.0	0.280920057999	0.659572580957	0.476417307878	0.643865132914	0.550949729338	1.94290062349	0.638669632673	0.625196051232	0.527409468342	0.531369429676	1.81540740454	1.27812759787	0.874601677139	0.551038086032	0.545350111165	0.532892532624	1.7747137361	0.763933798937	0.515483185114	0.451132503625	0.568297080715	0.766450961817	0.825623765104	0.621583678105	0.29364977767	0.293830637989	1.0910881102	0.788007046883	0.59175262929	0.59886520058	0.44530019333	0.761940454326	0.559076785887	1.23134995167	1.0827798405	0.577989192847	0.709623924601	0.595120894152	1.15902195747	0.929011701305	0.964470164331	0.961235398743	0.971162329628	1.0464181682	0.703587631706	0.688150299662	0.717228347028	0.706066645723	0.557602547124	1.07408736588	0.597507327211	0.912477269212	0.502550792653	0.909647017883
AE3	0.880750173997	0.632388772354	2.34283773804	1.12572007733	0.953337008217	0.442233049782	1.27836922668	0.280920057999	0.0	0.891757984534	0.386765998067	0.748041362977	0.618555287579	2.00444602707	0.74488261479	0.746240903818	0.510628733688	0.550006742388	1.93285872402	1.40309267279	0.995485360077	0.661297477042	0.480062029966	0.50095257129	1.90546942484	0.894751159981	0.490884519091	0.519024470759	0.660779294345	0.896956123731	0.911560758821	0.713436089898	0.245306694055	0.348710135331	1.17323927501	0.889498163364	0.572126046399	0.765947346544	0.525789801837	0.941570082165	0.671002663122	1.31388508942	1.18700404543	0.750853407443	0.73883117448	0.614050367327	1.22532863702	0.978383755437	1.0568418608	1.03323905268	1.02515516675	1.11385391493	0.781964161431	0.764814272595	0.791044876752	0.782053721605	0.698101358144	1.15907165781	0.7314819913	0.987900778154	0.591156708555	0.96750658289
AE4	0.633644726921	0.529653852102	2.11414334944	0.817680778154	0.681389163847	0.769480894152	0.458818211696	0.659572580957	0.891757984534	0.0	1.01269568874	0.599260913485	0.711080666989	1.75777554374	0.520777612373	0.581247781537	0.860546341228	0.834991686805	1.46410950701	0.954111904302	0.725853929435	0.69026518608	0.930997839536	0.862132034799	1.37019570324	0.579917380377	0.819227095215	0.712186592557	0.612596408893	0.583541638473	0.908709386177	0.786148061866	0.826403769937	0.766367452876	0.956894378927	0.775286365394	0.91797477042	0.432544751087	0.797245060416	0.493328279362	0.640061498308	0.989885161914	0.846271822136	0.442936118898	1.0870639971	1.01255844369	1.04087272112	1.05051875302	0.856549888835	0.945318303528	1.20655119865	1.11259681005	0.823788322861	0.872359768004	0.908162165297	0.831490149831	0.599533513775	1.01408768971	0.590081377477	0.975504050266	0.728265065249	1.02983572257
AF3	0.958600048333	0.780962145964	2.52063702755	1.23087234896	1.08277867569	0.385810434993	1.38397325278	0.476417307878	0.386765998067	1.01269568874	0.0	0.842957520541	0.699758704688	2.17867659739	0.937418888352	0.839393320445	0.479277506042	0.506263731271	2.02832362011	1.4916582842	1.08607219913	0.784026481392	0.382773856936	0.431747143548	1.98989469792	0.98278121798	0.497865674239	0.626911058482	0.778543407443	0.990688820686	0.844809337844	0.687368651522	0.44604719188	0.484443238279	1.17478189947	0.952650889319	0.494186592557	0.899773924601	0.480350869985	1.00892454809	0.729416742388	1.49609030449	1.36678236829	0.872707738038	0.689530666989	0.578268487192	1.21351468342	0.979932208797	1.12713594973	1.03204038183	1.00850986467	1.07938579024	0.761874615756	0.741747182214	0.778442203963	0.753470961817	0.839081652972	1.12450248913	0.848897452876	0.953662851619	0.601667742871	0.944512281295
AF4	0.734890821653	0.455477017883	2.28227878202	0.948324272595	0.306216689222	0.565295360077	0.924283175447	0.643865132914	0.748041362977	0.599260913485	0.842957520541	0.0	0.620267022716	1.93087648623	0.518250338328	0.582880826486	0.790250869985	0.842750860319	1.58603026583	1.07664826486	0.957264538424	0.856333716771	1.01762478492	0.988595142581	1.45014218463	0.679317375544	0.8901199855	0.832235577574	0.806595524408	0.788913484775	1.00694900435	0.894074746254	0.786975606573	0.747402102465	0.773085558241	0.548883431609	0.793487931368	0.621254490092	0.725902455292	0.57550381827	0.546362208797	1.20110620106	1.07091741421	0.521114963751	0.952854896085	0.873175538908	0.823393112615	0.774113431609	0.609995248913	0.661006785887	0.93115698405	0.846538960851	0.582490357661	0.664154997583	0.711226993717	0.626002875785	0.624866926051	0.769498666022	0.632291793137	0.73279738521	0.673792339294	0.755910410826
AG3	0.697943286612	0.4000179797	2.31270726438	0.873927535041	0.823547520541	0.470355480909	1.05631122281	0.550949729338	0.618555287579	0.711080666989	0.699758704688	0.620267022716	0.0	1.94579709038	0.514142725955	0.519079826003	0.545007762204	0.570704968584	1.72322652006	1.19213290962	0.902212015466	0.613719318511	0.688698245529	0.682331522475	1.60848271145	0.690482397293	0.589878791687	0.547843847269	0.659569033349	0.766880227163	0.833689763171	0.689058472692	0.5887340261	0.525003808603	1.00645352827	0.749728163364	0.774655717738	0.620479057516	0.562820903818	0.678884635089	0.49269222813	1.26875159981	1.13014502658	0.563350086999	0.875442431126	0.78931258579	1.01722433059	0.828514499758	0.850721846303	0.827446413726	0.982431353311	0.918502619623	0.582827259546	0.662305016916	0.72816077332	0.605559429676	0.46628500725	0.963241048816	0.466572706622	0.808641449976	0.408534016433	0.82092579507
AG4	1.89811625906	1.89424156597	0.406130376994	1.10068137748	1.8638682842	2.05432761237	1.55475139681	1.94290062349	2.00444602707	1.75777554374	2.17867659739	1.93087648623	1.94579709038	0.0	1.79368093765	1.9390141131	2.14387002417	2.14398858386	0.987441822136	1.15000216046	1.6142442436	1.84743275495	2.09389655389	2.03331022716	1.62969609957	1.82241439343	2.05019644273	1.94246713388	1.56869830353	1.46540278879	2.1216439246	2.08259612373	1.95735903335	2.01062457226	2.21846389077	2.11423301595	2.29345666506	1.61041517158	2.17925221363	1.914629826	2.06395785404	0.990236220396	1.0968300145	1.69556834703	2.40235503625	2.29665745771	2.31478224263	2.33438291928	2.14721971967	2.25406441276	2.43589536491	2.37616384727	2.20175072015	2.26014960851	2.28580561624	2.2272101595	1.94666111165	2.32537951184	1.94299602223	2.31062804253	2.05135949734	2.33303450459
AH3	0.764922812953	0.291717960367	2.14193712421	0.823596408893	0.656300937651	0.692492165297	0.825964842919	0.638669632673	0.74488261479	0.520777612373	0.937418888352	0.518250338328	0.514142725955	1.79368093765	0.0	0.549102551957	0.752689579507	0.778849656839	1.52897288062	1.01382779604	0.877628371194	0.762544722088	0.916574050266	0.912061855969	1.46010690672	0.709954944418	0.79557421943	0.732081623973	0.702312029966	0.696693296278	1.00858660222	0.882315108748	0.698533040116	0.691699207347	0.991993344611	0.769420855486	0.923470952151	0.489427912035	0.747577752537	0.586761677139	0.591007075882	1.04402966651	0.909672286129	0.435093644273	1.07983209763	0.994171996133	1.01815334944	0.905868873852	0.819662909618	0.866033702272	1.0682362929	1.00072167231	0.774567404543	0.805935630739	0.843652469792	0.758660831319	0.537619130014	0.959502682455	0.541567844369	0.886622319961	0.634289502175	0.902261957467
AH4	0.279741585307	0.343262619623	2.29575346061	0.939636312228	0.733832112131	0.60829320928	0.93140522958	0.625196051232	0.746240903818	0.581247781537	0.839393320445	0.582880826486	0.519079826003	1.9390141131	0.549102551957	0.0	0.662046292895	0.652277322378	1.49083916385	1.05713021266	0.87253621073	0.647690173997	0.785289120348	0.753796239729	1.44155273562	0.569611860802	0.672904823586	0.594855563074	0.681014243596	0.706306993717	0.770055775737	0.642237641373	0.709209898502	0.644810265829	0.952308849686	0.721406974384	0.808647559207	0.624397056549	0.593131246979	0.460064393427	0.421101072982	1.25697928468	1.11139551474	0.55887362494	0.95134460609	0.908239652006	0.925359922668	0.808488941518	0.799630459159	0.71647481392	0.963306413726	0.874110971484	0.547227588207	0.607712411793	0.660867317545	0.540960376994	0.382202145964	0.83804062349	0.391080333494	0.740364920251	0.487346041566	0.798007747704
AA7	0.810704040599	0.624539313678	2.48546635573	1.17038160947	0.966297380377	0.517377916868	1.24737202513	0.527409468342	0.510628733688	0.860546341228	0.479277506042	0.790250869985	0.545007762204	2.14387002417	0.752689579507	0.662046292895	0.0	0.152042725955	1.83506655872	1.32585299662	1.01842648623	0.624894040599	0.420137356211	0.451843856936	1.78129060899	0.814503083615	0.328911609473	0.416717158047	0.74685381827	0.915803136781	0.642741314645	0.449439661672	0.45531441276	0.485964688255	1.15196511841	0.930761648139	0.540605983567	0.806077617206	0.457507689705	0.867934079265	0.666129850169	1.45292183664	1.32049105848	0.792032890285	0.755508501692	0.633610352827	1.10981470275	0.883833755437	1.0640718898	0.953513247946	0.904743252779	0.980309125181	0.673102039633	0.641725403577	0.68120118898	0.65255120348	0.5494179797	1.01102348478	0.568594146931	0.904998840019	0.446055418076	0.858693644273
AA8	0.765754345094	0.641381198647	2.48954845336	1.16621226196	1.01659705172	0.518379975834	1.2170577767	0.531369429676	0.550006742388	0.834991686805	0.506263731271	0.842750860319	0.570704968584	2.14398858386	0.778849656839	0.652277322378	0.152042725955	0.0	1.83141502658	1.3072417158	0.953941556307	0.555662875785	0.41947459159	0.438410246496	1.74881720155	0.774665886902	0.338935940068	0.373258743354	0.70854839536	0.882350164331	0.59440260029	0.355239043016	0.487528100532	0.486847762204	1.16813056066	0.94808300145	0.55325579507	0.816107941034	0.448274726921	0.857461309812	0.692011522475	1.46416849686	1.32864717255	0.8172179942	0.725488405027	0.625347346544	1.13955228613	0.915094045433	1.08411381344	0.977643591107	0.933890096665	1.01130250362	0.684361894635	0.653482735621	0.698114354761	0.668100086999	0.558756462059	1.05034945868	0.562112667956	0.919388003867	0.444105442243	0.88685940551
AB7	1.42214651039	1.57351301595	1.2550059159	1.00242576124	1.42969973417	1.83655516675	1.31271638956	1.81540740454	1.93285872402	1.46410950701	2.02832362011	1.58603026583	1.72322652006	0.987441822136	1.52897288062	1.49083916385	1.83506655872	1.83141502658	0.0	0.58808022233	1.50223041566	1.6345859739	1.9241318608	1.84725660222	1.04231995167	1.43587086032	1.8205419768	1.69501484292	1.39671554374	1.1868101595	1.71430037216	1.72111102465	1.85497678589	1.85957990817	1.84619306912	1.78935884002	1.99026754471	1.42110072499	1.86802018366	1.44179903335	1.64781798453	1.01423739488	1.050490261	1.47322742388	2.1405742871	2.083729884	1.88105892218	1.91511896085	1.77102826003	1.79448186564	2.03364669889	1.9410719043	1.75699227163	1.80752068149	1.82430245046	1.7600359159	1.59631982117	1.87088394393	1.59697049783	1.86864892702	1.75389203963	1.91878839053
AB8	1.0311018898	1.04952104882	1.48994906718	0.496004059932	1.05265898018	1.30154314161	0.821543204447	1.27812759787	1.40309267279	0.954111904302	1.4916582842	1.07664826486	1.19213290962	1.15000216046	1.01382779604	1.05713021266	1.32585299662	1.3072417158	0.58808022233	0.0	0.988190512325	1.09887561141	1.38373684872	1.30362213146	1.14042879652	0.934266897052	1.28304254712	1.15890551474	0.840885287579	0.64965377477	1.25592856936	1.22631342194	1.32270698405	1.32191862252	1.41811238279	1.29656590623	1.48387376994	0.896436742388	1.37331710971	1.02313561141	1.20275435959	0.703975906235	0.667677124215	0.94681881102	1.63088744321	1.55309032866	1.54786574674	1.51897940551	1.35442478009	1.41622844853	1.6391499855	1.59336948768	1.36578597873	1.41275276462	1.43726729338	1.37413113098	1.13029528758	1.5404340261	1.12671906235	1.46356553407	1.23160855969	1.51308538424
AC7	0.816064958917	0.849882455292	1.95603411793	0.909456940551	1.05794447559	0.89514020783	0.882810149831	0.874601677139	0.995485360077	0.725853929435	1.08607219913	0.957264538424	0.902212015466	1.6142442436	0.877628371194	0.87253621073	1.01842648623	0.953941556307	1.50223041566	0.988190512325	0.0	0.517811362977	1.00000651039	0.897181285645	1.39973029966	0.687347269212	0.948526312228	0.796437950701	0.567398148864	0.545750599323	0.882983276945	0.814656955051	0.921391474142	0.883308593523	1.26513289995	1.12616867569	1.18120903818	0.732340874819	1.04420848236	0.908867448043	1.00061060416	1.16449565974	1.04714847753	0.731440526825	1.15440461576	1.05082829386	1.46069026583	1.41584355727	1.21729892702	1.28752322378	1.54959700822	1.48083214113	1.0962317738	1.18618364427	1.23947398743	1.13578288062	0.918813736104	1.42012056549	0.890460082165	1.28711482842	0.904765432576	1.39318093282
AC8	0.676495045916	0.632138709522	2.19169832769	0.958658907685	1.03647059932	0.577698240696	0.990697926535	0.551038086032	0.661297477042	0.69026518608	0.784026481392	0.856333716771	0.613719318511	1.84743275495	0.762544722088	0.647690173997	0.624894040599	0.555662875785	1.6345859739	1.09887561141	0.517811362977	0.0	0.612693552441	0.553979956501	1.55550619623	0.588240855486	0.492576157564	0.338371865636	0.469459371677	0.596621034316	0.608462518125	0.475337133881	0.564610067666	0.541133083615	1.16183458676	0.882318695022	0.831315674239	0.669807810536	0.669512634123	0.793698037699	0.734338719188	1.2056620058	1.07766142581	0.689821507975	0.881633059449	0.791354562591	1.30921071532	1.09674722571	1.07768717738	1.07306524891	1.19360516191	1.20838858869	0.813281909135	0.841145543741	0.891385611406	0.840977936201	0.567985688739	1.21858156597	0.571382542291	1.00876110681	0.546119347511	1.06342912518
AD7	0.881274166264	0.778327757371	2.43519490575	1.15802355727	1.21708714838	0.608763557274	1.31149334461	0.545350111165	0.480062029966	0.930997839536	0.382773856936	1.01762478492	0.688698245529	2.09389655389	0.916574050266	0.785289120348	0.420137356211	0.41947459159	1.9241318608	1.38373684872	1.00000651039	0.612693552441	0.0	0.20919060899	1.89355996133	0.8423060174	0.340042653456	0.441192745288	0.665552150797	0.876160947318	0.717621870469	0.557217684872	0.443357907202	0.516756273562	1.3122081102	1.07568671822	0.622761193813	0.836002232963	0.6004700145	1.00331163847	0.838860024166	1.41553826486	1.28413707588	0.886716027066	0.777975137748	0.681871701305	1.3263460754	1.09106633639	1.25463791687	1.16819871435	1.10699214113	1.2014022958	0.884042025133	0.834879154181	0.866647892702	0.871891633639	0.720815045916	1.25324323828	0.742243305945	1.09753486225	0.591165118415	1.06265940068
AD8	0.811792837119	0.767270285162	2.37746615273	1.0979278347	1.18717234413	0.581693876269	1.21707965201	0.532892532624	0.50095257129	0.862132034799	0.431747143548	0.988595142581	0.682331522475	2.03331022716	0.912061855969	0.753796239729	0.451843856936	0.438410246496	1.84725660222	1.30362213146	0.897181285645	0.553979956501	0.20919060899	0.0	1.76817351861	0.715007153214	0.340624272595	0.410160454326	0.599890405993	0.779176466892	0.661903315611	0.488444040599	0.475716665056	0.508975389077	1.31378883035	1.06644351377	0.632651290478	0.808206549058	0.599694475592	0.966583484775	0.811309386177	1.36420705655	1.23182605123	0.851236089898	0.793859279845	0.688357718705	1.32463814403	1.09523436443	1.22797196713	1.14311649589	1.12675740454	1.20690256162	0.877168071532	0.845390884485	0.88647098115	0.866538443693	0.728959826003	1.25099854519	0.73697677622	1.07851960367	0.581133436443	1.06697496858
AE7	1.36799810053	1.53100965201	1.89930786854	1.28610117931	1.31025387627	1.72965488642	1.23253299662	1.7747137361	1.90546942484	1.37019570324	1.98989469792	1.45014218463	1.60848271145	1.62969609957	1.46010690672	1.44155273562	1.78129060899	1.74881720155	1.04231995167	1.14042879652	1.39973029966	1.55550619623	1.89355996133	1.76817351861	0.0	1.07636072015	1.79497811986	1.65956266312	1.40782898018	1.28078338328	1.57502204447	1.61251478492	1.84042323345	1.80846882069	1.70699500242	1.69667361044	1.93721973417	1.45255057516	1.81119592073	1.36530874819	1.60087969551	1.44788124215	1.45491323828	1.42632915418	2.0098839246	1.97038626873	1.70550951667	1.826049826	1.58356710971	1.64605797003	1.98731319478	1.82815474625	1.64600419043	1.72831010633	1.75306820203	1.66658291445	1.57277059932	1.74029288545	1.56486260029	1.74561120831	1.68629766554	1.83122712421
AE8	0.577691822136	0.617585848236	2.16313138231	0.908970550991	0.849062445626	0.750256031899	0.882579304012	0.763933798937	0.894751159981	0.579917380377	0.98278121798	0.679317375544	0.690482397293	1.82241439343	0.709954944418	0.569611860802	0.814503083615	0.774665886902	1.43587086032	0.934266897052	0.687347269212	0.588240855486	0.8423060174	0.715007153214	1.07636072015	0.0	0.773425915901	0.639104659256	0.606946539391	0.553558052199	0.706995118415	0.659640695988	0.830173272112	0.800098028033	1.08747250362	0.881267506042	0.945528661189	0.627772194297	0.832676031899	0.647492841953	0.717748554857	1.18938907685	1.05144342194	0.641586442726	1.07632960367	1.0039819913	1.15682830353	1.09118270662	0.936961043983	0.966365708072	1.22749900918	1.17501038183	0.844065954567	0.897562087965	0.934764910585	0.869344552924	0.672804485259	1.11190493475	0.657445814403	0.998776297728	0.705592846786	1.08692908168
AF7	0.786220676655	0.662370681489	2.38948834703	1.1262938666	1.08345321411	0.562672232963	1.21031384244	0.515483185114	0.490884519091	0.819227095215	0.497865674239	0.8901199855	0.589878791687	2.05019644273	0.79557421943	0.672904823586	0.328911609473	0.338935940068	1.8205419768	1.28304254712	0.948526312228	0.492576157564	0.340042653456	0.340624272595	1.79497811986	0.773425915901	0.0	0.222921198647	0.636015538908	0.822254137264	0.654948090865	0.493643035283	0.42863759304	0.477619362011	1.18058424843	0.936988530691	0.567596220396	0.752347950701	0.523544335428	0.879960198163	0.704690942484	1.38119949734	1.24453605607	0.785721541808	0.778972851619	0.680346089898	1.20765035283	0.986788699855	1.11252797487	1.04814790237	1.00256676172	1.09472531658	0.764301933301	0.743585461576	0.787828564524	0.770561691638	0.580049250846	1.12415249396	0.59697282262	0.984091213146	0.469233736104	0.953465563074
AF8	0.669045219913	0.587407249879	2.28781985984	1.00206998067	1.01847080715	0.517853131948	1.09471541808	0.451132503625	0.519024470759	0.712186592557	0.626911058482	0.832235577574	0.547843847269	1.94246713388	0.732081623973	0.594855563074	0.416717158047	0.373258743354	1.69501484292	1.15890551474	0.796437950701	0.338371865636	0.441192745288	0.410160454326	1.65956266312	0.639104659256	0.222921198647	0.0	0.512115123248	0.69350341711	0.642999565007	0.441253832769	0.439419091348	0.436644127598	1.1477382262	0.899279270179	0.655071909135	0.677579879169	0.518048550024	0.803764229096	0.66306699855	1.27457720638	1.13376638956	0.704667254712	0.815723929435	0.724395447076	1.20336252296	0.987102957951	1.05238507492	1.03017451426	1.01499434026	1.09739482842	0.752647365877	0.750053339778	0.801813320445	0.767338279362	0.521287462542	1.12070112615	0.53031979217	0.981495195747	0.463233697438	0.955834340261
AG7	0.73252817303	0.641105775737	1.91143542774	0.654909734171	0.935753692605	0.654844668922	0.916466752054	0.568297080715	0.660779294345	0.612596408893	0.778543407443	0.806595524408	0.659569033349	1.56869830353	0.702312029966	0.681014243596	0.74685381827	0.70854839536	1.39671554374	0.840885287579	0.567398148864	0.469459371677	0.665552150797	0.599890405993	1.40782898018	0.606946539391	0.636015538908	0.512115123248	0.0	0.292924765587	0.793314330594	0.668464161431	0.588306897052	0.651004103432	1.26131605607	0.975815031416	0.905900120831	0.498635456742	0.769429511841	0.814118820686	0.787135084582	0.973069787337	0.831007902368	0.536959661672	1.04256206863	0.943998893185	1.35037512325	1.1392957419	1.16795843886	1.16049883035	1.25987083615	1.24773326728	0.907129922668	0.945561309812	0.986324461092	0.925771652972	0.670968472692	1.27724740454	0.67646738521	1.10816462542	0.683880517158	1.12396376994
AG8	0.680503127115	0.691852996617	1.81973562107	0.604232276462	0.898838612856	0.797791242146	0.776483494442	0.766450961817	0.896956123731	0.583541638473	0.990688820686	0.788913484775	0.766880227163	1.46540278879	0.696693296278	0.706306993717	0.915803136781	0.882350164331	1.1868101595	0.64965377477	0.545750599323	0.596621034316	0.876160947318	0.779176466892	1.28078338328	0.553558052199	0.822254137264	0.69350341711	0.292924765587	0.0	0.883882353794	0.816245427743	0.829293122281	0.810619946834	1.21205735138	0.994451889802	1.07220522475	0.462529579507	0.929525084582	0.761226080232	0.840445099082	0.915542102465	0.783473276945	0.511863537941	1.16630153697	1.07704117448	1.32932284679	1.25543659256	1.13033563557	1.18237009183	1.38368948284	1.33280722571	1.00268536974	1.05129291928	1.09576978734	1.02450091348	0.775328018366	1.28123935234	0.7632480232	1.19351463026	0.807208656356	1.24205756404
AH7	0.750591222813	0.854396665056	2.44724028516	1.26267871919	1.16550197197	0.777886297728	1.18764723055	0.825623765104	0.911560758821	0.908709386177	0.844809337844	1.00694900435	0.833689763171	2.1216439246	1.00858660222	0.770055775737	0.642741314645	0.59440260029	1.71430037216	1.25592856936	0.882983276945	0.608462518125	0.717621870469	0.661903315611	1.57502204447	0.706995118415	0.654948090865	0.642999565007	0.793314330594	0.883882353794	0.0	0.282682551957	0.873167984534	0.851174374094	1.15070510875	1.00334055582	0.832160212663	0.950160604157	0.7509639971	0.925660275495	0.836565181247	1.48515866602	1.36106237796	0.951433615273	0.964266848719	0.890842252296	1.26530964717	1.07187119381	1.17472317061	1.06558133881	1.15302346544	1.15908064766	0.838762455292	0.816452373127	0.834497158047	0.830568293862	0.767247530208	1.1913041711	0.773336631223	0.973492266796	0.686028757854	1.04752556307
AH8	0.68319239246	0.711656230063	2.42842274045	1.1527382552	1.062260261	0.57932839536	1.12802033833	0.621583678105	0.713436089898	0.786148061866	0.687368651522	0.894074746254	0.689058472692	2.08259612373	0.882315108748	0.642237641373	0.449439661672	0.355239043016	1.72111102465	1.22631342194	0.814656955051	0.475337133881	0.557217684872	0.488444040599	1.61251478492	0.659640695988	0.493643035283	0.441253832769	0.668464161431	0.816245427743	0.282682551957	0.0	0.670818907685	0.634367259546	1.12736695505	0.922239144514	0.686807839536	0.834763030449	0.56323102465	0.833313325278	0.722298405027	1.41779737071	1.28253039149	0.834136679555	0.824338264862	0.746519120348	1.18051850169	0.978402426293	1.07942164331	0.979974059932	1.01137742388	1.07739246979	0.717948641856	0.709266669889	0.745730642823	0.719228883519	0.638125693572	1.10319336394	0.637284789754	0.893429453842	0.522208467859	0.949760159497
AA5	0.861244775254	0.577588332528	2.29227112131	1.07808978734	0.99443900435	0.475128666022	1.2111281392	0.29364977767	0.245306694055	0.826403769937	0.44604719188	0.786975606573	0.5887340261	1.95735903335	0.698533040116	0.709209898502	0.45531441276	0.487528100532	1.85497678589	1.32270698405	0.921391474142	0.564610067666	0.443357907202	0.475716665056	1.84042323345	0.830173272112	0.42863759304	0.439419091348	0.588306897052	0.829293122281	0.873167984534	0.670818907685	0.0	0.270207066216	1.2051222088	0.917644934751	0.627411416143	0.672591256646	0.568687119381	0.853132658289	0.685353252779	1.23211108748	1.0989319188	0.671327776704	0.779554137264	0.645543653939	1.28923910101	1.05662905752	1.0983457129	1.09317152731	1.09620553407	1.17894132431	0.829455292412	0.821070265829	0.841871967134	0.834031329145	0.604904630256	1.21317818753	0.643848356694	1.04197791203	0.554077187047	1.03713019333
AA6	0.797712817786	0.54192301595	2.36225942484	1.09076724505	0.954730507492	0.384056321895	1.13594867086	0.293830637989	0.348710135331	0.766367452876	0.484443238279	0.747402102465	0.525003808603	2.01062457226	0.691699207347	0.644810265829	0.485964688255	0.486847762204	1.85957990817	1.32191862252	0.883308593523	0.541133083615	0.516756273562	0.508975389077	1.80846882069	0.800098028033	0.477619362011	0.436644127598	0.651004103432	0.810619946834	0.851174374094	0.634367259546	0.270207066216	0.0	1.05988924601	0.794655132914	0.558685045916	0.653317646206	0.476025882069	0.799035103915	0.564506051232	1.29832666989	1.15367243113	0.637721822136	0.587633634606	0.466777109715	1.16555039149	0.943156636056	0.966381179314	0.94963658289	0.982214968584	1.05744041566	0.687852266796	0.718661256646	0.741228931851	0.705962513291	0.577471860802	1.07624423876	0.598259608507	0.904685364911	0.451389927501	0.922393412276
AB5	1.0574779942	0.939244838086	2.56320750121	1.36441368777	0.810139966167	0.99112141131	1.2047402175	1.0910881102	1.17323927501	0.956894378927	1.17478189947	0.773085558241	1.00645352827	2.21846389077	0.991993344611	0.952308849686	1.15196511841	1.16813056066	1.84619306912	1.41811238279	1.26513289995	1.16183458676	1.3122081102	1.31378883035	1.70699500242	1.08747250362	1.18058424843	1.1477382262	1.26131605607	1.21205735138	1.15070510875	1.12736695505	1.2051222088	1.05988924601	0.0	0.378036239729	0.926008521025	1.04426636056	0.981854664089	0.836667501208	0.819199521508	1.554430203	1.44664115515	0.995518347028	0.971493030449	0.95118681972	0.79804698405	0.909253151281	0.69025702755	0.74919557274	1.04165106815	0.922842982117	0.791705524408	0.881762962784	0.872899685839	0.847092078299	0.99782662639	0.807070652489	0.983446244563	0.774844006767	0.986789323345	0.889490633156
AB6	0.874809961334	0.662515654906	2.4654681102	1.21874068632	0.711873334944	0.71942019333	1.06384681005	0.788007046883	0.889498163364	0.775286365394	0.952650889319	0.548883431609	0.749728163364	2.11423301595	0.769420855486	0.721406974384	0.930761648139	0.94808300145	1.78935884002	1.29656590623	1.12616867569	0.882318695022	1.07568671822	1.06644351377	1.69667361044	0.881267506042	0.936988530691	0.899279270179	0.975815031416	0.994451889802	1.00334055582	0.922239144514	0.917644934751	0.794655132914	0.378036239729	0.0	0.726346974384	0.798578144031	0.775259352344	0.714500869985	0.591738158531	1.40519440793	1.2723437361	0.736056829386	0.760296993717	0.740544809087	0.747379463509	0.699975277912	0.567056370227	0.557907742871	0.835554702755	0.759858003867	0.591202788787	0.691872977284	0.687065611406	0.661572097632	0.726130086999	0.698307617206	0.71977922668	0.57435719188	0.763982382794	0.681452991783
AC5	0.945950536491	0.766888632189	2.6467680957	1.3850082117	1.00608239729	0.573267061382	1.30256064766	0.59175262929	0.572126046399	0.91797477042	0.494186592557	0.793487931368	0.774655717738	2.29345666506	0.923470952151	0.808647559207	0.540605983567	0.55325579507	1.99026754471	1.48387376994	1.18120903818	0.831315674239	0.622761193813	0.632651290478	1.93721973417	0.945528661189	0.567596220396	0.655071909135	0.905900120831	1.07220522475	0.832160212663	0.686807839536	0.627411416143	0.558685045916	0.926008521025	0.726346974384	0.0	0.846519618173	0.474626694055	0.921738148864	0.684163470275	1.62326314161	1.47257716771	0.843418931851	0.50570961334	0.444500289995	0.990543479942	0.760643460609	0.926329250846	0.838715509908	0.770743513775	0.846769202513	0.600695853069	0.538964688255	0.555373639439	0.601704233929	0.785548748188	0.901078622523	0.789833102948	0.750054809087	0.609521614306	0.730951391977
AC6	0.753730376994	0.519609507008	1.96178531658	0.708998521025	0.735126075399	0.681318743354	0.692292165297	0.59886520058	0.765947346544	0.432544751087	0.899773924601	0.621254490092	0.620479057516	1.61041517158	0.489427912035	0.624397056549	0.806077617206	0.816107941034	1.42110072499	0.896436742388	0.732340874819	0.669807810536	0.836002232963	0.808206549058	1.45255057516	0.627772194297	0.752347950701	0.677579879169	0.498635456742	0.462529579507	0.950160604157	0.834763030449	0.672591256646	0.653317646206	1.04426636056	0.798578144031	0.846519618173	0.0	0.78993961334	0.605524320928	0.682928269696	0.808628898018	0.66301982117	0.281211918801	1.04552367327	0.945126549058	1.14662453842	1.08211521025	0.951503368777	1.00705395843	1.1904859739	1.1452338376	0.843445060416	0.912190212663	0.955592561624	0.875058786854	0.591445679072	1.08440928951	0.596590111165	1.03015124698	0.679875519575	1.07574015466
AD6	0.756039250846	0.602057510875	2.52965038183	1.17930067666	0.882469594007	0.403375940068	1.1919681247	0.44530019333	0.525789801837	0.797245060416	0.480350869985	0.725902455292	0.562820903818	2.17925221363	0.747577752537	0.593131246979	0.457507689705	0.448274726921	1.86802018366	1.37331710971	1.04420848236	0.669512634123	0.6004700145	0.599694475592	1.81119592073	0.832676031899	0.523544335428	0.518048550024	0.769429511841	0.929525084582	0.7509639971	0.56323102465	0.568687119381	0.476025882069	0.981854664089	0.775259352344	0.474626694055	0.78993961334	0.0	0.741433562107	0.410501570807	1.49168325278	1.35029532624	0.76798882552	0.661412508458	0.572538458192	0.919029400677	0.690973112615	0.89733898985	0.777447733204	0.74339842436	0.805600604157	0.50095578057	0.477372725955	0.516694485259	0.483434862252	0.566459560174	0.846520966651	0.572754528758	0.707104113098	0.371187515708	0.671822764621
AE5	0.57624640406	0.528577172547	2.27038463026	0.927404639923	0.63302858869	0.757768177864	0.80163041566	0.761940454326	0.941570082165	0.493328279362	1.00892454809	0.57550381827	0.678884635089	1.914629826	0.586761677139	0.460064393427	0.867934079265	0.857461309812	1.44179903335	1.02313561141	0.908867448043	0.793698037699	1.00331163847	0.966583484775	1.36530874819	0.647492841953	0.879960198163	0.803764229096	0.814118820686	0.761226080232	0.925660275495	0.833313325278	0.853132658289	0.799035103915	0.836667501208	0.714500869985	0.921738148864	0.605524320928	0.741433562107	0.0	0.414075935234	1.16161695988	1.0281977622	0.547942397293	1.07141325278	1.01723235863	0.927696167231	0.902821116481	0.753787380377	0.755403363944	1.05572709522	0.966910695988	0.639185118415	0.73395882552	0.785321474142	0.66141780087	0.514385920735	0.897459072015	0.523685074915	0.779638487192	0.671555645239	0.891446022233
AE6	0.593927530208	0.435927781537	2.42043362494	1.07623297728	0.696098376027	0.513512387627	0.993649096182	0.559076785887	0.671002663122	0.640061498308	0.729416742388	0.546362208797	0.49269222813	2.06395785404	0.591007075882	0.421101072982	0.666129850169	0.692011522475	1.64781798453	1.20275435959	1.00061060416	0.734338719188	0.838860024166	0.811309386177	1.60087969551	0.717748554857	0.704690942484	0.66306699855	0.787135084582	0.840445099082	0.836565181247	0.722298405027	0.685353252779	0.564506051232	0.819199521508	0.591738158531	0.684163470275	0.682928269696	0.410501570807	0.414075935234	0.0	1.34337612373	1.19615822136	0.601372667956	0.820329284679	0.753174741421	0.819367046883	0.665415708072	0.711071677139	0.606804654422	0.807921512808	0.740899710005	0.412406756887	0.470038066699	0.519696955051	0.418979043016	0.430861846303	0.743327612373	0.454060033833	0.581212914451	0.477198250362	0.656828434026
AF5	1.26881307878	1.17280334461	1.32740725471	0.595235065249	1.1634360754	1.3545620638	0.855243740938	1.23134995167	1.31388508942	0.989885161914	1.49609030449	1.20110620106	1.26875159981	0.990236220396	1.04402966651	1.25697928468	1.45292183664	1.46416849686	1.01423739488	0.703975906235	1.16449565974	1.2056620058	1.41553826486	1.36420705655	1.44788124215	1.18938907685	1.38119949734	1.27457720638	0.973069787337	0.915542102465	1.48515866602	1.41779737071	1.23211108748	1.29832666989	1.554430203	1.40519440793	1.62326314161	0.808628898018	1.49168325278	1.16161695988	1.34337612373	0.0	0.19133460609	0.918039511841	1.72662441276	1.61681479942	1.67620454326	1.65779255679	1.50099833736	1.58270490575	1.76878841469	1.73051132914	1.50734633156	1.57987737071	1.60708182697	1.54015028516	1.22229455776	1.6710721363	1.22365874819	1.62099073949	1.36973855002	1.65315973417
AF6	1.13619106815	1.02413752537	1.44422188014	0.495869159014	1.04891902368	1.21379842919	0.729854499758	1.0827798405	1.18700404543	0.846271822136	1.36678236829	1.07091741421	1.13014502658	1.0968300145	0.909672286129	1.11139551474	1.32049105848	1.32864717255	1.050490261	0.667677124215	1.04714847753	1.07766142581	1.28413707588	1.23182605123	1.45491323828	1.05144342194	1.24453605607	1.13376638956	0.831007902368	0.783473276945	1.36106237796	1.28253039149	1.0989319188	1.15367243113	1.44664115515	1.2723437361	1.47257716771	0.66301982117	1.35029532624	1.0281977622	1.19615822136	0.19133460609	0.0	0.771197259546	1.58352325278	1.47430903818	1.57053105848	1.534379797	1.3910439536	1.47268387144	1.64264307878	1.61987899468	1.36663051716	1.43872948284	1.46902724988	1.39788638956	1.08078927985	1.55822271145	1.0812480957	1.49746632189	1.22824812953	1.5263738086
AG5	0.703997916868	0.439949081682	2.0494919478	0.757800251329	0.644512493958	0.627512740454	0.726958351861	0.577989192847	0.750853407443	0.442936118898	0.872707738038	0.521114963751	0.563350086999	1.69556834703	0.435093644273	0.55887362494	0.792032890285	0.8172179942	1.47322742388	0.94681881102	0.731440526825	0.689821507975	0.886716027066	0.851236089898	1.42632915418	0.641586442726	0.785721541808	0.704667254712	0.536959661672	0.511863537941	0.951433615273	0.834136679555	0.671327776704	0.637721822136	0.995518347028	0.736056829386	0.843418931851	0.281211918801	0.76798882552	0.547942397293	0.601372667956	0.918039511841	0.771197259546	0.0	1.01084862252	0.917846906718	1.07920656839	1.00357253262	0.877652687289	0.907956172064	1.14351865636	1.06533357661	0.743496631223	0.834922450459	0.875847883035	0.779038061866	0.569449623006	1.00632928951	0.568789482842	0.917564432093	0.654073112615	0.999144127598
