	AA3	AA4	AB3	AB4	AC3	AC4	AD3	AD4	AE3	AE4	AF3	AF4	AG3	AG4	AH3	AH4	AA7	AA8	AB7	AB8	AC7	AC8	AD7	AD8	AE7	AE8	AF7	AF8	AG7	AG8	AH7	AH8	AA5	AA6	AB5	AB6	AC5	AC6	AD6	AE5	AE6	AF5	AF6	AG5	AH5	AH6	AA1	AA2	AB1	AB2	AC1	AC2	AD1	AD2	AE1	AE2	AF1	AF2	AG1	AG2	AH1	AH2
AA3	0.0	0.551122315128	2.26787098598	0.999224639923	0.829718748188	0.764080169164	0.901877902368	0.784128313195	0.887782102465	0.706637196713	0.99039279362	0.739260613823	0.747814939584	1.89715699855	0.75691037216	0.289502827453	0.818168095698	0.796792039633	1.44372726438	1.0191761334	0.79849777187	0.670519439343	0.898922977284	0.896900434993	1.34566432093	0.626328100532	0.840953214113	0.710391527308	0.766430869986	0.686067182214	0.760709507008	0.669430439826	0.897219395843	0.837191909135	1.08463279362	0.888918753021	0.971810937651	0.750765940068	0.784670550991	0.577073968101	0.622719516675	1.26279609473	1.13078570324	0.687660212663	1.16942016433	1.09839728371	0.989891759304	0.932873620106	0.939112286129	0.84255658289	1.09806279362	0.973671358144	0.659628463026	0.765711623973	0.804831063316	0.65887777187	0.554278158531	0.899537003383	0.530871773804	0.866204166264	0.677839149348	0.963697887869
AA4	0.551122315128	0.0	2.28331869502	0.942060575157	0.589602397293	0.546858820686	0.893991971967	0.511267109715	0.67849521508	0.613766481392	0.820366553891	0.437411532141	0.462684485259	1.91178777187	0.275802991783	0.317808661189	0.682310285162	0.64750141131	1.55358277429	1.05029419526	0.836163557274	0.658691971967	0.851241638473	0.801016872885	1.49743691155	0.588445244079	0.716298873852	0.669453881102	0.646874780087	0.71537658289	0.859451232479	0.700933586274	0.635608864186	0.599388685355	0.931372189464	0.651328240696	0.768012247463	0.512229028516	0.578739110681	0.502703436443	0.394212010633	1.21593171097	1.02362089415	0.457072445626	0.961864180764	0.874115219913	0.939002435959	0.785510057999	0.716049033349	0.711529550507	0.960398419526	0.857108231029	0.588668941518	0.632805036249	0.682079758337	0.572768777187	0.419698279362	0.799333093282	0.414579618173	0.735005650072	0.477228182697	0.807374760754
AB3	2.26787098598	2.28331869502	0.0	1.46192516675	2.1907897245	2.42283677139	1.9339758869	2.30537964717	2.37187721605	2.08859508458	2.5467281392	2.31809594007	2.36268366361	0.409644842919	2.19380270179	2.27694293862	2.4947837796	2.53311855969	1.17302807153	1.49638586274	2.02263893668	2.18315152731	2.4340762349	2.41400690672	1.91544853069	2.17485231029	2.42633550024	2.31845603673	1.96079968101	1.84111156597	2.46496208797	2.44561373127	2.32315559207	2.40059658289	2.56945193813	2.485589797	2.64982405027	2.00587335911	2.54725643306	2.319729942	2.41075710488	1.31079318995	1.47899631223	2.09052198647	2.77041681489	2.69009158531	2.68559047849	2.68229871919	2.53614363944	2.61524970517	2.81206218946	2.74360138714	2.58288048333	2.63575201547	2.63682277429	2.5769899275	2.33752143064	2.69816270179	2.30307274529	2.64937083132	2.4207360029	2.70854231996
AB4	0.999224639923	0.942060575157	1.46192516675	0.0	0.896117327211	1.07229324795	0.851714818753	1.00307034316	1.12329712421	0.818159371677	1.26426591107	0.990178951184	0.920074030933	1.08125492992	0.854585103915	0.922929468342	1.18634092315	1.223890232	1.00260482842	0.485212344128	0.974059096182	0.965324862252	1.15440943451	1.1275939391	1.30500792653	0.918907317545	1.17228115031	1.0496621508	0.684500932818	0.655239429676	1.29202362011	1.16438188497	1.11364637506	1.12179227646	1.37946793137	1.23082300628	1.38412766071	0.754854214596	1.19363356694	0.98764179797	1.06016328661	0.621208661189	0.474487056549	0.788884997583	1.50440488159	1.41509843403	1.43751741421	1.36677397777	1.26751938134	1.31371768487	1.53972625423	1.44166420493	1.25314324311	1.31358482842	1.33309271629	1.24474657806	1.02940642339	1.40069710971	0.991799729338	1.35714673755	1.07407563074	1.40348430643
AC3	0.829718748188	0.589602397293	2.1907897245	0.896117327211	0.0	0.717394876752	0.850721454809	0.830043523441	0.967222928951	0.655572339294	1.08056846786	0.340861855969	0.779133649106	1.82568205897	0.625928250362	0.713994200097	1.00123119381	0.962906157564	1.44777633639	0.993130782987	1.05145831803	0.993100304495	1.20284131948	1.15113985017	1.2999037941	0.805387293378	1.06541	1.02785603673	0.849920492992	0.887547138714	1.17032469792	1.0166962349	0.95526157564	0.909959859836	0.858174925085	0.726967728371	1.00957708072	0.696963905268	0.835344987917	0.622233885935	0.669414746254	1.1572220928	0.988636012566	0.574100265829	1.21086055582	1.13752333011	0.902706882552	0.920294137264	0.768204983084	0.814483334944	1.10337826486	0.960756486225	0.756181430643	0.835120173997	0.890565461576	0.760771290478	0.804262783954	0.892970521991	0.773121686805	0.891028472692	0.807484780087	0.955635437409
AC4	0.764080169164	0.546858820686	2.42283677139	1.07229324795	0.717394876752	0.0	1.12973504592	0.408462663122	0.477301913968	0.822911043983	0.429331512808	0.49277159014	0.418040019333	2.05475828903	0.644624045433	0.608752759787	0.570415292412	0.560483528275	1.82254783954	1.29772199613	0.892008139198	0.637132638956	0.677494069599	0.629566510391	1.72264947801	0.719885099082	0.585397897535	0.568687839536	0.631631058482	0.761962672789	0.795879342678	0.600051962301	0.507296326728	0.381237124215	0.963965703238	0.682196254229	0.567184436926	0.654366254229	0.395997912035	0.721630057999	0.473275741904	1.38615857419	1.1953242871	0.611597443209	0.715035625906	0.624325543741	1.03911989367	0.819271401643	0.779738071532	0.772588583857	0.905421715805	0.893778748188	0.572079255679	0.639238772354	0.669277602707	0.637458337361	0.565387298212	0.901853141614	0.631093847269	0.738262411793	0.38855279362	0.792561981634
AD3	0.901877902368	0.893991971967	1.9339758869	0.851714818753	0.850721454809	1.12973504592	0.0	1.0156518608	1.28108676172	0.4124040116	1.40780432576	0.977594543258	1.09524576607	1.56652647173	0.869814538424	0.886952590623	1.2330521653	1.25876123248	1.32423374094	0.842708342194	0.899845804737	0.94788782987	1.32825662639	1.28373819236	1.23018309328	0.895181662639	1.25148414693	1.11604097148	0.961276650556	0.829739893668	1.18212968101	1.11586108265	1.2266622378	1.18357736104	1.19960710005	1.05322560657	1.29857575157	0.714016273562	1.16995959884	0.81857737071	0.9665379797	0.884005645239	0.767735650072	0.717688738521	1.47531406477	1.409039797	1.34794384244	1.34356605123	1.17191680039	1.17952497342	1.51529296278	1.38982130498	1.175749768	1.20030562107	1.25795432093	1.13646743838	0.985628028033	1.30392608023	0.939059652006	1.23268518125	1.13453923635	1.35276258579
AD4	0.784128313195	0.511267109715	2.30537964717	1.00307034316	0.830043523441	0.408462663122	1.0156518608	0.0	0.303863571774	0.664416027066	0.517918303528	0.633741870469	0.484529275012	1.93716946834	0.583887452876	0.583976051232	0.525328192363	0.493818313195	1.79447695022	1.24504965684	0.846588453359	0.58398077332	0.515665258579	0.457716723055	1.73585043016	0.711823673272	0.470207849203	0.443864055099	0.480398535524	0.677478801353	0.795140903818	0.599395089415	0.306732348961	0.331507491542	1.11975899952	0.81640481392	0.604065669406	0.55977417593	0.46924120348	0.733249550507	0.530752402127	1.25128472692	1.06335566941	0.584547307878	0.741067810536	0.649413301112	1.16282146448	0.926131522475	0.906898405027	0.951557143548	0.984522735621	1.02453279845	0.717685911068	0.710688134364	0.728861126148	0.76912178347	0.524590550991	1.04256334461	0.596751541808	0.908207588207	0.456283615273	0.908421106815
AE3	0.887782102465	0.67849521508	2.37187721605	1.12329712421	0.967222928951	0.477301913968	1.28108676172	0.303863571774	0.0	0.923475577574	0.351713446109	0.764214567424	0.55363017883	2.01064018366	0.72314161914	0.741865103915	0.502867481875	0.489187298212	1.93132057999	1.39353084099	0.962219623006	0.726798902852	0.406099144514	0.3863640261	1.90101664089	0.873563040116	0.395253518608	0.478376365394	0.610525838569	0.821702112131	0.858909366844	0.689543272112	0.263806766554	0.327762933784	1.19808856452	0.913651556307	0.531459159014	0.751755118415	0.537866930884	0.93866242146	0.661155799903	1.36072162881	1.18898282745	0.760820836153	0.745130019333	0.627941048816	1.24220723055	0.99392280812	1.02470468342	1.0320459449	1.03971919285	1.09980094248	0.795735621073	0.79162141131	0.803992788787	0.85177662639	0.670140096665	1.12925180764	0.754185099082	0.980221860802	0.540299830836	0.979201788304
AE4	0.706637196713	0.613766481392	2.08859508458	0.818159371677	0.655572339294	0.822911043983	0.4124040116	0.664416027066	0.923475577574	0.0	1.0844002755	0.698711652972	0.797538922185	1.71922729338	0.614992063799	0.606264267762	0.935343765104	0.957938680522	1.45127346061	0.929920657322	0.775795490575	0.709271609473	0.985153291445	0.936439294345	1.34882379894	0.624457071049	0.917522977284	0.787981474142	0.62949879652	0.620640405993	0.971448801353	0.849975389077	0.876211372644	0.846465094248	1.00746808603	0.83459062349	0.99133879652	0.457992513291	0.8804980232	0.584502638956	0.700514374094	0.983211309812	0.800981179314	0.455054731754	1.16829999033	1.09928735621	1.13581598357	1.1138461769	0.962841101982	1.00510554374	1.29251854036	1.17597919768	0.946610734654	0.940848047366	1.00356301112	0.900665727405	0.71910181247	1.09600557757	0.683480173997	1.04534869019	0.824676201063	1.12796768004
AF3	0.99039279362	0.820366553891	2.5467281392	1.26426591107	1.08056846786	0.429331512808	1.40780432576	0.517918303528	0.351713446109	1.0844002755	0.0	0.850237254712	0.656382948284	2.18019930401	0.911269632673	0.870161005317	0.49252879652	0.494495659739	2.04813585307	1.52332190913	1.06856899952	0.852989255679	0.388454697922	0.376806094732	2.00916857902	0.987075703238	0.477624151764	0.620772721121	0.770604127598	0.946935306912	0.851921913968	0.695601155147	0.44901139681	0.446967158047	1.21210309328	0.986126075399	0.481815099082	0.893800763654	0.512386553891	1.01704482842	0.733685940068	1.53390043016	1.36433521025	0.89820839536	0.697491111648	0.593444915418	1.24681562107	1.01130712905	1.1040000145	1.04602231029	1.0389478347	1.07700865636	0.797159623006	0.788552276462	0.812401855969	0.820049850169	0.813548980184	1.08844938134	0.900528569357	0.98759940551	0.588148153697	0.976063653939
AF4	0.739260613823	0.437411532141	2.31809594007	0.990178951184	0.340861855969	0.49277159014	0.977594543258	0.633741870469	0.764214567424	0.698711652972	0.850237254712	0.0	0.582286669889	1.95046071532	0.521216205897	0.566476539391	0.823102271629	0.805155176414	1.62420701788	1.09489019333	0.957531880135	0.809980343161	1.00348811503	0.951814137264	1.48947129531	0.660434021266	0.877911923635	0.848037467376	0.748663383277	0.793615983567	1.0214761044	0.874980546158	0.747344804253	0.698353025616	0.788773755437	0.519836785887	0.746131039149	0.613041981634	0.665051706138	0.586689797003	0.529429710005	1.25675433059	1.08159550991	0.523654891252	0.949505882069	0.864709990333	0.830669115515	0.724541686805	0.58087520058	0.646011416143	0.916074968584	0.791378090865	0.560176549058	0.63476982117	0.707469850169	0.628808438859	0.642692334461	0.728078206863	0.627146964717	0.693114185597	0.630974668922	0.753732701788
AG3	0.747814939584	0.462684485259	2.36268366361	0.920074030933	0.779133649106	0.418040019333	1.09524576607	0.484529275012	0.55363017883	0.797538922185	0.656382948284	0.582286669889	0.0	1.97794125665	0.482114987917	0.557874258096	0.556396742388	0.549300009667	1.76050215563	1.21928686805	0.918976065732	0.649055683905	0.685393499275	0.655767187047	1.65307628323	0.677691420976	0.589712590623	0.57544179797	0.61154979217	0.784578322861	0.827341720638	0.660008927018	0.568878907685	0.49791517158	1.00722525858	0.743367738038	0.700401952634	0.645014886419	0.501527597873	0.705300642823	0.451374040599	1.3336221218	1.15022614306	0.600542498792	0.849332300628	0.756931817303	0.996176027066	0.757018902852	0.792682634123	0.778626631223	0.916538893185	0.862481077815	0.576192769454	0.613727713871	0.668167597873	0.627122880619	0.469082426293	0.886588231029	0.522647709038	0.762410811986	0.372529081682	0.766281517641
AG4	1.89715699855	1.91178777187	0.409644842919	1.08125492992	1.82568205897	2.05475828903	1.56652647173	1.93716946834	2.01064018366	1.71922729338	2.18019930401	1.95046071532	1.97794125665	0.0	1.82944152247	1.90409751571	2.13204847753	2.1664558724	0.900291290478	1.14519393427	1.66299058482	1.81758410343	2.07168375544	2.04996448043	1.62596666506	1.80914355244	2.06910014983	1.95565290478	1.60478888352	1.47796005317	2.12207644273	2.07893845819	1.96212050266	2.03310908168	2.21327977767	2.11876401643	2.28696244563	1.64440807153	2.17588700822	1.94896339778	2.03882717738	0.967152638956	1.12873464959	1.72318168681	2.40701064766	2.32108298212	2.31550425326	2.31189359594	2.16802334944	2.24257899468	2.44850151281	2.37369277429	2.21199129048	2.26463898502	2.27338741421	2.20508714355	1.9694038956	2.32685311261	1.93760071049	2.27812966167	2.0552922813	2.33964211696
AH3	0.75691037216	0.275802991783	2.19380270179	0.854585103915	0.625928250362	0.644624045433	0.869814538424	0.583887452876	0.72314161914	0.614992063799	0.911269632673	0.521216205897	0.482114987917	1.82944152247	0.0	0.528381135814	0.756155326245	0.762780652489	1.5702181682	1.03723113581	0.881423629773	0.748566573224	0.889776104398	0.857703934268	1.50255305945	0.672747781537	0.774999864669	0.724911643306	0.65177777187	0.723023566941	0.999925717738	0.850302358627	0.661389710005	0.679408003867	0.992085930401	0.732564900918	0.874304722088	0.513086365394	0.700815509908	0.604134490092	0.531973272112	1.133599942	0.931890923151	0.471572440793	1.07634217496	0.980503682939	1.02581035766	0.862533301112	0.785626176897	0.816653170614	1.04118312228	0.957565045916	0.740312870952	0.784191343644	0.79354537941	0.734076679555	0.545579038183	0.91107701305	0.531231309812	0.844805906235	0.593501517641	0.875674243596
AH4	0.289502827453	0.317808661189	2.27694293862	0.922929468342	0.713994200097	0.608752759787	0.886952590623	0.583976051232	0.741865103915	0.606264267762	0.870161005317	0.566476539391	0.557874258096	1.90409751571	0.528381135814	0.0	0.665995814403	0.659398047366	1.48939029483	1.02337120831	0.796831251812	0.602506326728	0.780456534558	0.74481160464	1.42386767037	0.540738371194	0.696576718221	0.604992440793	0.620925152247	0.662107960367	0.762675060416	0.599484983084	0.735280289995	0.68169157564	1.00773259546	0.750029787337	0.82019557274	0.586423798937	0.624894461092	0.501274562591	0.447082295795	1.24626600773	1.05797910585	0.534880642823	1.02309911551	0.949950811986	0.951136607057	0.82452300145	0.803973856936	0.744490961817	0.996451005317	0.883651169647	0.586743740938	0.647551628806	0.704105045916	0.593438965684	0.366937989367	0.831788405027	0.351087863702	0.766630396327	0.519443233446	0.844512634123
AA7	0.818168095698	0.682310285162	2.4947837796	1.18634092315	1.00123119381	0.570415292412	1.2330521653	0.525328192363	0.502867481875	0.935343765104	0.49252879652	0.823102271629	0.556396742388	2.13204847753	0.756155326245	0.665995814403	0.0	0.175687539874	1.84530223296	1.32183508458	0.975091377477	0.695613953601	0.422188501692	0.41673757854	1.77324491542	0.794888888352	0.346080420493	0.396756732721	0.684031996133	0.856542634123	0.642419700338	0.431367264379	0.50297839536	0.514211855969	1.21161418076	0.979365273079	0.542205625906	0.800067230546	0.508811628806	0.885037346544	0.693279057516	1.48381105365	1.3035978202	0.806575529241	0.773888356694	0.67986919768	1.17200483325	0.937104528758	1.0714839391	1.0077382987	0.961730541324	1.00263487192	0.735419429676	0.706163827936	0.729851764137	0.746615717738	0.530176877719	1.01129848719	0.592237153214	0.958461280812	0.496497907202	0.915033339778
AA8	0.796792039633	0.64750141131	2.53311855969	1.223890232	0.962906157564	0.560483528275	1.25876123248	0.493818313195	0.489187298212	0.957938680522	0.494495659739	0.805155176414	0.549300009667	2.1664558724	0.762780652489	0.659398047366	0.175687539874	0.0	1.83565423876	1.32536050749	0.985291947801	0.702684925085	0.449793122281	0.424239308845	1.77228085549	0.812716350894	0.354650328661	0.409195882069	0.701704475592	0.870808482359	0.619287936201	0.381744441759	0.491432034799	0.500171034316	1.19514258096	0.966084335428	0.500840889319	0.814476645723	0.4517460029	0.860562460126	0.646239250846	1.52825666989	1.34138745771	0.795477713871	0.732042141131	0.640064451426	1.1024438956	0.875538052199	1.06149094732	0.961998965684	0.882007757371	0.929754291928	0.670088438859	0.639744378927	0.647429395843	0.696587868536	0.534762435959	0.944412348961	0.603042015466	0.90802419043	0.447273557274	0.844883769937
AB7	1.44372726438	1.55358277429	1.17302807153	1.00260482842	1.44777633639	1.82254783954	1.32423374094	1.79447695022	1.93132057999	1.45127346061	2.04813585307	1.62420701788	1.76050215563	0.900291290478	1.5702181682	1.48939029483	1.84530223296	1.83565423876	0.0	0.592246926051	1.52120904785	1.5775360029	1.92400367811	1.89798172547	1.08436814403	1.45362437409	1.86848182214	1.73714938618	1.43534123731	1.23180187047	1.72686515225	1.69001001933	1.88140951184	1.88067075399	1.89260674722	1.8122377332	1.99276143064	1.46085528275	1.86714044466	1.4996199855	1.64367590623	0.987945969067	1.04733127598	1.4596742726	2.17993226196	2.12206547608	1.94039043983	1.96686542774	1.84431504592	1.84107769937	2.10510615273	2.01224482842	1.82732108265	1.8723260319	1.86765173514	1.79651813436	1.63439128081	1.9467200145	1.59009407927	1.88752615273	1.76458990333	1.98916203963
AB8	1.0191761334	1.05029419526	1.49638586274	0.485212344128	0.993130782987	1.29772199613	0.842708342194	1.24504965684	1.39353084099	0.929920657322	1.52332190913	1.09489019333	1.21928686805	1.14519393427	1.03723113581	1.02337120831	1.32183508458	1.32536050749	0.592246926051	0.0	1.0456177912	1.06957163847	1.38306043499	1.34772953117	1.11449910101	0.94526777187	1.32714643789	1.19242707105	0.872495152247	0.712432334461	1.25834521508	1.20542362494	1.35395298695	1.34979594973	1.43518345578	1.30832146931	1.47241880619	0.92822142581	1.35163015466	1.03505202513	1.16150883519	0.710254731754	0.642765577574	0.929574064766	1.6728777767	1.59344168197	1.52728091348	1.47578654422	1.3853880232	1.38502250846	1.62953122281	1.54822848719	1.36732128081	1.39524062349	1.40549647656	1.34142047849	1.13902805703	1.49903897535	1.10055955534	1.41813085549	1.23486320928	1.49824884969
AC7	0.79849777187	0.836163557274	2.02263893668	0.974059096182	1.05145831803	0.892008139198	0.899845804737	0.846588453359	0.962219623006	0.775795490575	1.06856899952	0.957531880135	0.918976065732	1.66299058482	0.881423629773	0.796831251812	0.975091377477	0.985291947801	1.52120904785	1.0456177912	0.0	0.389829526341	0.960873479942	0.931516341228	1.44119777187	0.684807361044	0.944623059449	0.791675833736	0.621360106332	0.544817394877	0.848149521508	0.786093344611	0.907171232479	0.894575606573	1.27483573707	1.1089340406	1.15772870952	0.748909086515	1.01791647173	0.953132339294	0.952337646206	1.19349289029	1.09448284679	0.727995906235	1.13184870469	1.07535263896	1.46181092315	1.37620247946	1.2050137216	1.24454322861	1.52713472692	1.44722637506	1.10711225713	1.1809279072	1.22446974384	1.12038741421	0.892333436443	1.37825161431	0.845035074915	1.25183289995	0.909318487192	1.38950446593
AC8	0.670519439343	0.658691971967	2.18315152731	0.965324862252	0.993100304495	0.637132638956	0.94788782987	0.58398077332	0.726798902852	0.709271609473	0.852989255679	0.809980343161	0.649055683905	1.81758410343	0.748566573224	0.602506326728	0.695613953601	0.702684925085	1.5775360029	1.06957163847	0.389829526341	0.0	0.703737544708	0.670058965684	1.50132463992	0.576272102465	0.613119739004	0.460962218463	0.483648695022	0.515904311261	0.645344064766	0.522116945384	0.659545060416	0.644738115031	1.15538026583	0.901816655389	0.878146297728	0.65428817303	0.732323291445	0.810416636056	0.708537709038	1.20177463509	1.08342120831	0.669367143548	0.940668148864	0.869111493475	1.3206141856	1.10477449976	1.02334575157	1.05240882069	1.25789496375	1.18618729821	0.846528569357	0.903440691155	0.949306143064	0.892631034316	0.594414968584	1.18840711455	0.608020502658	1.00347511841	0.625835978734	1.11396504108
AD7	0.898922977284	0.851241638473	2.4340762349	1.15440943451	1.20284131948	0.677494069599	1.32825662639	0.515665258579	0.406099144514	0.985153291445	0.388454697922	1.00348811503	0.685393499275	2.07168375544	0.889776104398	0.780456534558	0.422188501692	0.449793122281	1.92400367811	1.38306043499	0.960873479942	0.703737544708	0.0	0.14761717738	1.89075247946	0.826585993233	0.340516413726	0.42376017883	0.62600881102	0.806429154181	0.733850106332	0.568716036733	0.475373692605	0.533777312711	1.35761709522	1.10884487192	0.621840033833	0.837545340744	0.642600652489	1.02194007733	0.832838482359	1.43285722571	1.24609518608	0.904822426293	0.80740340261	0.710344301595	1.35131947318	1.1136060609	1.22629413243	1.1822640551	1.13165352344	1.19422563557	0.922233992267	0.87951619623	0.890174166264	0.955721889802	0.698954668922	1.22659688739	0.759239207347	1.13055154181	0.622878656356	1.08655347028
AD8	0.896900434993	0.801016872885	2.41400690672	1.1275939391	1.15113985017	0.629566510391	1.28373819236	0.457716723055	0.3863640261	0.936439294345	0.376806094732	0.951814137264	0.655767187047	2.04996448043	0.857703934268	0.74481160464	0.41673757854	0.424239308845	1.89798172547	1.34772953117	0.931516341228	0.670058965684	0.14761717738	0.0	1.82455682939	0.764602542291	0.323657873369	0.420792039633	0.597539550507	0.777075582407	0.716498806187	0.545594171097	0.460835451909	0.481463798937	1.31384225713	1.06544381827	0.577481522475	0.785170831319	0.599227564041	0.971699371677	0.780267298212	1.41561040116	1.22613285645	0.848437245046	0.761200918318	0.660948148864	1.31253051232	1.07508692122	1.17431685839	1.12402296278	1.09877710005	1.15826879652	0.878596843886	0.838536302562	0.857458960851	0.909452271629	0.683883620106	1.18739008217	0.757533165781	1.07398665056	0.58162282262	1.04519754954
AE7	1.34566432093	1.49743691155	1.91544853069	1.30500792653	1.2999037941	1.72264947801	1.23018309328	1.73585043016	1.90101664089	1.34882379894	2.00916857902	1.48947129531	1.65307628323	1.62596666506	1.50255305945	1.42386767037	1.77324491542	1.77228085549	1.08436814403	1.11449910101	1.44119777187	1.50132463992	1.89075247946	1.82455682939	0.0	1.08397505075	1.8369139101	1.69948274045	1.43930275012	1.31635814403	1.58364547608	1.58418521025	1.85613911551	1.83388180764	1.73008072982	1.69780918318	1.93330207347	1.47561272595	1.80900801837	1.37052109232	1.59780506525	1.47093981634	1.43298971484	1.40225488642	2.06199085549	2.00444281295	1.71442974867	1.80909465442	1.67984478492	1.64369387627	1.98068295795	1.82187658772	1.66797349928	1.71352449976	1.74243750121	1.61527489125	1.58854984534	1.7412379797	1.53163817303	1.71918267762	1.70346798453	1.83584178347
AE8	0.626328100532	0.588445244079	2.17485231029	0.918907317545	0.805387293378	0.719885099082	0.895181662639	0.711823673272	0.873563040116	0.624457071049	0.987075703238	0.660434021266	0.677691420976	1.80914355244	0.672747781537	0.540738371194	0.794888888352	0.812716350894	1.45362437409	0.94526777187	0.684807361044	0.576272102465	0.826585993233	0.764602542291	1.08397505075	0.0	0.806775698405	0.696837510875	0.587217307878	0.565137873369	0.772761155147	0.697000309328	0.826770618656	0.807921701305	1.11444986467	0.878563131948	0.933372938618	0.604084441759	0.823493663606	0.642033881102	0.679974490092	1.19801884969	1.03461516675	0.583813030449	1.1043039246	1.0376820493	1.16896181247	1.06776522958	0.932631918801	0.942656969551	1.2274720928	1.15400237796	0.885664731754	0.915052658289	0.954246955051	0.859338496858	0.680149555341	1.08693880135	0.648688487192	0.967963934268	0.712434693088	1.08167950217
AF7	0.840953214113	0.716298873852	2.42633550024	1.17228115031	1.06541	0.585397897535	1.25148414693	0.470207849203	0.395253518608	0.917522977284	0.477624151764	0.877911923635	0.589712590623	2.06910014983	0.774999864669	0.696576718221	0.346080420493	0.354650328661	1.86848182214	1.32714643789	0.944623059449	0.613119739004	0.340516413726	0.323657873369	1.8369139101	0.806775698405	0.0	0.22738637506	0.633775790237	0.808215070082	0.701961938134	0.559947549541	0.428606462059	0.4879820203	1.19628569841	0.941835911068	0.514174407927	0.741547274045	0.544012532624	0.912825432576	0.695480811986	1.43456367327	1.25176112131	0.780471860802	0.781368458192	0.684003972934	1.21823299662	0.994284185597	1.07440106332	1.04900883035	1.00622458192	1.06819330111	0.78524142581	0.769807747704	0.7928539826	0.830960082165	0.5575459884	1.08771860802	0.637328197197	0.986716935718	0.48770337361	0.96456421943
AF8	0.710391527308	0.669453881102	2.31845603673	1.0496621508	1.02785603673	0.568687839536	1.11604097148	0.443864055099	0.478376365394	0.787981474142	0.620772721121	0.848037467376	0.57544179797	1.95565290478	0.724911643306	0.604992440793	0.396756732721	0.409195882069	1.73714938618	1.19242707105	0.791675833736	0.460962218463	0.42376017883	0.420792039633	1.69948274045	0.696837510875	0.22738637506	0.0	0.536842397293	0.674185766071	0.643492402127	0.472495558241	0.46506777187	0.478392165297	1.18832505558	0.929908840019	0.616754963751	0.679584446593	0.550317950701	0.847216128565	0.666250831319	1.3192317013	1.13753033833	0.723253711938	0.844248134364	0.758659279845	1.22442029966	1.00247885452	1.04332712905	1.04824069599	1.029869768	1.08182345578	0.783445181247	0.78560956984	0.818526534558	0.843640115998	0.506101198647	1.09653803287	0.55375019333	0.989644470759	0.498636041566	0.976975630739
AG7	0.766430869986	0.646874780087	1.96079968101	0.684500932818	0.849920492992	0.631631058482	0.961276650556	0.480398535524	0.610525838569	0.62949879652	0.770604127598	0.748663383277	0.61154979217	1.60478888352	0.65177777187	0.620925152247	0.684031996133	0.701704475592	1.43534123731	0.872495152247	0.621360106332	0.483648695022	0.62600881102	0.597539550507	1.43930275012	0.587217307878	0.633775790237	0.536842397293	0.0	0.278863765104	0.796955901402	0.659467274045	0.583216568391	0.628024277429	1.23039451909	0.949639057516	0.864500889319	0.486830082165	0.731978540358	0.810067148381	0.696906288062	1.03110271145	0.847555142581	0.515641715805	1.00329655389	0.91646701305	1.31488699855	1.06551941518	1.07687408893	1.10463323345	1.20900539874	1.16980398743	0.887240463992	0.90006821653	0.924012373127	0.924472566457	0.609895166747	1.19346764137	0.644659434509	1.05750248913	0.639568385694	1.07613057516
AG8	0.686067182214	0.71537658289	1.84111156597	0.655239429676	0.887547138714	0.761962672789	0.829739893668	0.677478801353	0.821702112131	0.620640405993	0.946935306912	0.793615983567	0.784578322861	1.47796005317	0.723023566941	0.662107960367	0.856542634123	0.870808482359	1.23180187047	0.712432334461	0.544817394877	0.515904311261	0.806429154181	0.777075582407	1.31635814403	0.565137873369	0.808215070082	0.674185766071	0.278863765104	0.0	0.858238980184	0.762763189947	0.779958119865	0.790927201547	1.26974063316	1.01368861286	1.02364309812	0.484668269696	0.885346906718	0.837983141614	0.815452044466	0.93625098115	0.809204117931	0.538487520541	1.17189136781	1.0886078202	1.36984740938	1.23117807637	1.12857163847	1.16193890285	1.38704367327	1.30895631706	1.01983831319	1.0665722523	1.09852339778	1.02575829386	0.774185621073	1.25750419526	0.750416549058	1.17743652972	0.793412624456	1.24626808603
AH7	0.760709507008	0.859451232479	2.46496208797	1.29202362011	1.17032469792	0.795879342678	1.18212968101	0.795140903818	0.858909366844	0.971448801353	0.851921913968	1.0214761044	0.827341720638	2.12207644273	0.999925717738	0.762675060416	0.642419700338	0.619287936201	1.72686515225	1.25834521508	0.848149521508	0.645344064766	0.733850106332	0.716498806187	1.58364547608	0.772761155147	0.701961938134	0.643492402127	0.796955901402	0.858238980184	0.0	0.290485050749	0.893640927985	0.869681899468	1.19467851136	1.02364485742	0.81019277912	0.943530072499	0.760852750121	0.941490637989	0.843052957951	1.50132669406	1.36558135814	0.938707303045	0.975194649589	0.93396582407	1.2794277042	1.07601683422	1.18465125665	1.07057623006	1.15530076849	1.13414753504	0.861184765587	0.826886263896	0.846833204447	0.86294677622	0.745823267279	1.1550382552	0.784515297245	0.998281541808	0.704017675205	1.05583729338
AH8	0.669430439826	0.700933586274	2.44561373127	1.16438188497	1.0166962349	0.600051962301	1.11586108265	0.599395089415	0.689543272112	0.849975389077	0.695601155147	0.874980546158	0.660008927018	2.07893845819	0.850302358627	0.599484983084	0.431367264379	0.381744441759	1.69001001933	1.20542362494	0.786093344611	0.522116945384	0.568716036733	0.545594171097	1.58418521025	0.697000309328	0.559947549541	0.472495558241	0.659467274045	0.762763189947	0.290485050749	0.0	0.710806143064	0.662266234896	1.16412500242	0.939692769454	0.694027032383	0.827762527791	0.566089710005	0.826933117448	0.700799748671	1.44391372644	1.26957543741	0.81101222813	0.858597854036	0.795534886419	1.16980732238	0.959119729338	1.05728928951	0.950366500725	1.01255116481	1.02494765587	0.716141493475	0.713707670372	0.733216747221	0.747519830836	0.58286720638	1.03738764621	0.615334451426	0.893276423393	0.521000454326	0.937946520058
AA5	0.897219395843	0.635608864186	2.32315559207	1.11364637506	0.95526157564	0.507296326728	1.2266622378	0.306732348961	0.263806766554	0.876211372644	0.44901139681	0.747344804253	0.568878907685	1.96212050266	0.661389710005	0.735280289995	0.50297839536	0.491432034799	1.88140951184	1.35395298695	0.907171232479	0.659545060416	0.475373692605	0.460835451909	1.85613911551	0.826770618656	0.428606462059	0.46506777187	0.583216568391	0.779958119865	0.893640927985	0.710806143064	0.0	0.272336553891	1.20255651039	0.899385901402	0.60861980667	0.665529163847	0.588258695022	0.875064760754	0.665058873852	1.27139707588	1.11625767521	0.6918920203	0.768076650556	0.642260468826	1.29066664089	1.05954865636	1.03321500725	1.07180639923	1.09923906718	1.14700838569	0.824519835669	0.83062340261	0.841653146448	0.888275157081	0.603360840986	1.16394286612	0.685565727405	1.01271090865	0.556756959884	1.03949899468
AA6	0.837191909135	0.599388685355	2.40059658289	1.12179227646	0.909959859836	0.381237124215	1.18357736104	0.331507491542	0.327762933784	0.846465094248	0.446967158047	0.698353025616	0.49791517158	2.03310908168	0.679408003867	0.68169157564	0.514211855969	0.500171034316	1.88067075399	1.34979594973	0.894575606573	0.644738115031	0.533777312711	0.481463798937	1.83388180764	0.807921701305	0.4879820203	0.478392165297	0.628024277429	0.790927201547	0.869681899468	0.662266234896	0.272336553891	0.0	1.06540750604	0.786206350894	0.525368675689	0.667607854036	0.455479724505	0.831914528758	0.551118318028	1.3544661479	1.1660158144	0.677787916868	0.570838675689	0.45572760754	1.15642533108	0.932151570807	0.901507588207	0.909679724505	0.974335099082	1.01752891252	0.687617945868	0.716257133881	0.730295413243	0.744478806187	0.588480894152	1.02402273562	0.677233069116	0.862291232479	0.465601507975	0.908635442243
AB5	1.08463279362	0.931372189464	2.56945193813	1.37946793137	0.858174925085	0.963965703238	1.19960710005	1.11975899952	1.19808856452	1.00746808603	1.21210309328	0.788773755437	1.00722525858	2.21327977767	0.992085930401	1.00773259546	1.21161418076	1.19514258096	1.89260674722	1.43518345578	1.27483573707	1.15538026583	1.35761709522	1.31384225713	1.73008072982	1.11444986467	1.19628569841	1.18832505558	1.23039451909	1.26974063316	1.19467851136	1.16412500242	1.20255651039	1.06540750604	0.0	0.363101889802	0.973681652972	1.04383694538	0.974647675205	0.848574746254	0.869201232479	1.58076649106	1.4098597245	0.973013489609	0.995278284195	0.957710879652	0.815816848719	0.904149478009	0.738246152731	0.742735775737	1.07264205413	0.930541938134	0.829604069599	0.885076558724	0.964759400677	0.880912286129	1.03413984534	0.842887119381	1.03244561141	0.790173769937	1.00024278879	0.932677457709
AB6	0.888918753021	0.651328240696	2.485589797	1.23082300628	0.726967728371	0.682196254229	1.05322560657	0.81640481392	0.913651556307	0.83459062349	0.986126075399	0.519836785887	0.743367738038	2.11876401643	0.732564900918	0.750029787337	0.979365273079	0.966084335428	1.8122377332	1.30832146931	1.1089340406	0.901816655389	1.10884487192	1.06544381827	1.69780918318	0.878563131948	0.941835911068	0.929908840019	0.949639057516	1.01368861286	1.02364485742	0.939692769454	0.899385901402	0.786206350894	0.363101889802	0.0	0.758843301112	0.781636882552	0.748692281295	0.691108970517	0.60625781537	1.43439148381	1.25399522475	0.729197341711	0.80853460609	0.746635524408	0.776533460609	0.68663477042	0.532748661189	0.549973421943	0.863252382794	0.743857109715	0.598535345578	0.664912097632	0.750095538908	0.677695625906	0.751083136781	0.687551986467	0.750461488642	0.569824262929	0.756497960367	0.720181290478
AC5	0.971810937651	0.768012247463	2.64982405027	1.38412766071	1.00957708072	0.567184436926	1.29857575157	0.604065669406	0.531459159014	0.99133879652	0.481815099082	0.746131039149	0.700401952634	2.28696244563	0.874304722088	0.82019557274	0.542205625906	0.500840889319	1.99276143064	1.47241880619	1.15772870952	0.878146297728	0.621840033833	0.577481522475	1.93330207347	0.933372938618	0.514174407927	0.616754963751	0.864500889319	1.02364309812	0.81019277912	0.694027032383	0.60861980667	0.525368675689	0.973681652972	0.758843301112	0.0	0.814017467376	0.442989801837	0.914372880619	0.672974388594	1.63898105848	1.44179081199	0.840083185114	0.526584789753	0.442189980667	1.01484531658	0.785863929435	0.904201599807	0.835570459159	0.782669690672	0.827268443693	0.606573852102	0.570856239729	0.583885857902	0.667427530208	0.739971928468	0.864498980184	0.816425340744	0.772065108748	0.572184683422	0.736032179797
AC6	0.750765940068	0.512229028516	2.00587335911	0.754854214596	0.696963905268	0.654366254229	0.714016273562	0.55977417593	0.751755118415	0.457992513291	0.893800763654	0.613041981634	0.645014886419	1.64440807153	0.513086365394	0.586423798937	0.800067230546	0.814476645723	1.46085528275	0.92822142581	0.748909086515	0.65428817303	0.837545340744	0.785170831319	1.47561272595	0.604084441759	0.741547274045	0.679584446593	0.486830082165	0.484668269696	0.943530072499	0.827762527791	0.665529163847	0.667607854036	1.04383694538	0.781636882552	0.814017467376	0.0	0.749410430159	0.642985012083	0.616528898018	0.86617179797	0.675176244563	0.312486220396	1.04814645239	0.954594378927	1.1299740551	1.04592908168	0.894180526825	0.956504436926	1.19203908652	1.10992416143	0.84266738521	0.897775563074	0.94509881102	0.840216462059	0.597705306912	1.05095248429	0.607656128565	0.976828086032	0.666164712421	1.0633038376
AD6	0.784670550991	0.578739110681	2.54725643306	1.19363356694	0.835344987917	0.395997912035	1.16995959884	0.46924120348	0.537866930884	0.8804980232	0.512386553891	0.665051706138	0.501527597873	2.17588700822	0.700815509908	0.624894461092	0.508811628806	0.4517460029	1.86714044466	1.35163015466	1.01791647173	0.732323291445	0.642600652489	0.599227564041	1.80900801837	0.823493663606	0.544012532624	0.550317950701	0.731978540358	0.885346906718	0.760852750121	0.566089710005	0.588258695022	0.455479724505	0.974647675205	0.748692281295	0.442989801837	0.749410430159	0.0	0.73866977767	0.414986162397	1.51822854036	1.32661073465	0.748443823103	0.66450861769	0.581536505558	0.899674470759	0.675065476075	0.822418429193	0.70868099565	0.725476408893	0.76247	0.466725451909	0.488124755921	0.501431222813	0.503677680039	0.527241633639	0.768307303045	0.61014297245	0.673189893668	0.333110502658	0.649680879652
AE5	0.577073968101	0.502703436443	2.319729942	0.98764179797	0.622233885935	0.721630057999	0.81857737071	0.733249550507	0.93866242146	0.584502638956	1.01704482842	0.586689797003	0.705300642823	1.94896339778	0.604134490092	0.501274562591	0.885037346544	0.860562460126	1.4996199855	1.03505202513	0.953132339294	0.810416636056	1.02194007733	0.971699371677	1.37052109232	0.642033881102	0.912825432576	0.847216128565	0.810067148381	0.837983141614	0.941490637989	0.826933117448	0.875064760754	0.831914528758	0.848574746254	0.691108970517	0.914372880619	0.642985012083	0.73866977767	0.0	0.393918869019	1.23121371677	1.0363937651	0.547032721121	1.12772777187	1.06141923635	0.911550850652	0.875855553407	0.791713475109	0.722664673755	1.05899583374	0.944524775254	0.657741387144	0.731180555824	0.809847109715	0.63332640406	0.557869797003	0.874942339294	0.534324736588	0.762858366361	0.673264117931	0.892936331561
AE6	0.622719516675	0.394212010633	2.41075710488	1.06016328661	0.669414746254	0.473275741904	0.9665379797	0.530752402127	0.661155799903	0.700514374094	0.733685940068	0.529429710005	0.451374040599	2.03882717738	0.531973272112	0.447082295795	0.693279057516	0.646239250846	1.64367590623	1.16150883519	0.952337646206	0.708537709038	0.832838482359	0.780267298212	1.59780506525	0.679974490092	0.695480811986	0.666250831319	0.696906288062	0.815452044466	0.843052957951	0.700799748671	0.665058873852	0.551118318028	0.869201232479	0.60625781537	0.672974388594	0.616528898018	0.414986162397	0.393918869019	0.0	1.34101705172	1.14702671822	0.574336906718	0.860382435959	0.793512817786	0.86130579507	0.675442774287	0.695037138714	0.624917936201	0.843414673755	0.754660135331	0.458785234413	0.505421464476	0.553573363944	0.45125840986	0.417288511358	0.744616742388	0.437712382794	0.601977535041	0.429739671339	0.693585775737
AF5	1.26279609473	1.21593171097	1.31079318995	0.621208661189	1.1572220928	1.38615857419	0.884005645239	1.25128472692	1.36072162881	0.983211309812	1.53390043016	1.25675433059	1.3336221218	0.967152638956	1.133599942	1.24626600773	1.48381105365	1.52825666989	0.987945969067	0.710254731754	1.19349289029	1.20177463509	1.43285722571	1.41561040116	1.47093981634	1.19801884969	1.43456367327	1.3192317013	1.03110271145	0.93625098115	1.50132669406	1.44391372644	1.27139707588	1.3544661479	1.58076649106	1.43439148381	1.63898105848	0.86617179797	1.51822854036	1.23121371677	1.34101705172	0.0	0.249502890285	0.974222435959	1.76256042533	1.67036883519	1.71279728855	1.67823106815	1.55582114065	1.61467695022	1.83897439343	1.76332764621	1.54495074432	1.61483407927	1.64467172064	1.55080955534	1.28472993233	1.71088829386	1.25101295312	1.64144162397	1.40370871919	1.71813180764
AF6	1.13078570324	1.02362089415	1.47899631223	0.474487056549	0.988636012566	1.1953242871	0.767735650072	1.06335566941	1.18898282745	0.800981179314	1.36433521025	1.08159550991	1.15022614306	1.12873464959	0.931890923151	1.05797910585	1.3035978202	1.34138745771	1.04733127598	0.642765577574	1.09448284679	1.08342120831	1.24609518608	1.22613285645	1.43298971484	1.03461516675	1.25176112131	1.13753033833	0.847555142581	0.809204117931	1.36558135814	1.26957543741	1.11625767521	1.1660158144	1.4098597245	1.25399522475	1.44179081199	0.675176244563	1.32661073465	1.0363937651	1.14702671822	0.249502890285	0.0	0.782004929918	1.57630449493	1.48196029966	1.53420844369	1.49828325761	1.37015445143	1.42814335911	1.63557555341	1.5765942871	1.35778083615	1.42213356694	1.44191566457	1.35833249396	1.09857593523	1.52613833736	1.06436882552	1.44648071532	1.21382341228	1.5156979362
AG5	0.687660212663	0.457072445626	2.09052198647	0.788884997583	0.574100265829	0.611597443209	0.717688738521	0.584547307878	0.760820836153	0.455054731754	0.89820839536	0.523654891252	0.600542498792	1.72318168681	0.471572440793	0.534880642823	0.806575529241	0.795477713871	1.4596742726	0.929574064766	0.727995906235	0.669367143548	0.904822426293	0.848437245046	1.40225488642	0.583813030449	0.780471860802	0.723253711938	0.515641715805	0.538487520541	0.938707303045	0.81101222813	0.6918920203	0.677787916868	0.973013489609	0.729197341711	0.840083185114	0.312486220396	0.748443823103	0.547032721121	0.574336906718	0.974222435959	0.782004929918	0.0	1.04892049299	0.959570546158	1.05956429676	0.979302522958	0.829199719671	0.880273170614	1.14737320445	1.05291945868	0.756011034316	0.843765350411	0.900587332044	0.764845717738	0.581230541324	0.995158318028	0.576068844853	0.888283305945	0.650127655872	1.00287697922
