	AA3	AA4	AB3	AB4	AC3	AC4	AD3	AD4	AE3	AE4	AF3	AF4	AG3	AG4	AH3	AH4	AA7	AA8	AB7	AB8	AC7	AC8	AD7	AD8	AE7	AE8	AF7	AF8	AG7	AG8	AH7	AH8	AA5	AA6	AB5	AB6	AC5	AC6	AD6	AE5	AE6	AF5	AF6	AG5	AH5	AH6	AA1	AA2	AB1	AB2	AC1	AC2	AD1	AD2	AE1	AE2	AF1	AF2	AG1	AG2	AH1	AH2
AA3	0.0	0.498899859836	2.27923545191	0.991556268729	0.824046684389	0.742750560657	0.929534316095	0.749468182697	0.889208854519	0.653654847753	0.941401672305	0.717700019333	0.696939531174	1.91579081682	0.728034113098	0.238849502175	0.745066321895	0.752289927501	1.42269503142	1.03355960851	0.828286147898	0.66300297245	0.850535519575	0.839040154664	1.37068680039	0.605480086999	0.778113141614	0.654901140648	0.720326191397	0.677430908652	0.749031314645	0.712063315611	0.867793407443	0.819680057999	1.0638421798	0.912573760271	0.904180367327	0.786594557757	0.738603934268	0.582693160947	0.553876737554	1.29189023683	1.1246320783	0.70695300145	1.11015837603	1.03225692605	0.993609521508	0.914056761721	0.926495335911	0.85667258579	1.01288318995	0.964733204447	0.638676457226	0.699297075882	0.733756423393	0.618425461576	0.507097921701	0.869125756404	0.52256882552	0.92536539391	0.665032658289	0.921594562591
AA4	0.498899859836	0.0	2.2530642436	0.890019241179	0.591382745288	0.576403837603	0.862198284195	0.51446517158	0.752034601257	0.535208240696	0.836313006283	0.445200971484	0.462399275012	1.88893918318	0.320892203963	0.331239550507	0.687279511841	0.682548666022	1.50324075882	1.0372918898	0.832376940551	0.667162667956	0.869653552441	0.838477278879	1.45328150797	0.600616186564	0.702103769937	0.63288878202	0.66167258579	0.696131686805	0.86768221363	0.711710657322	0.693668163364	0.650055944901	0.917126650556	0.722042010633	0.770004432093	0.520684702755	0.624955248913	0.452766099565	0.416007182214	1.20549552924	1.02098852586	0.453255219913	0.965359444176	0.889570425326	0.949034446593	0.799618052199	0.737729859836	0.763708414693	0.943803446109	0.906779125181	0.580566263896	0.65715560174	0.673210985984	0.587026500725	0.452163794103	0.815433958434	0.429284171097	0.789924625423	0.509755244079	0.809728361527
AB3	2.27923545191	2.2530642436	0.0	1.47774284679	2.20366906718	2.4058479072	1.90885940551	2.26297190913	2.38892130014	2.13499740454	2.54901870952	2.31889758821	2.34846039633	0.412104818753	2.13283821653	2.29114504108	2.48195280329	2.52167708555	1.20539543258	1.48920318995	1.98391505558	2.1925221943	2.44308335428	2.41211050266	1.92826616723	2.21348336878	2.39116727888	2.28531557757	1.95038557757	1.83409929435	2.46363612373	2.4638879507	2.3211960319	2.38499164331	2.57838955051	2.50524755921	2.62757118898	2.03582708072	2.54690683905	2.32072436926	2.40465416143	1.31544333978	1.4579677042	2.09413590623	2.76065113098	2.66329823586	2.69649841953	2.68843223296	2.53637970034	2.64224475109	2.78912401643	2.75768726438	2.56500898985	2.62447394877	2.62741308362	2.57452863702	2.33678737071	2.68330697922	2.29648135814	2.6845739826	2.43122720155	2.7109879652
AB4	0.991556268729	0.890019241179	1.47774284679	0.0	0.891226172064	1.03338305945	0.76098558724	0.971137936201	1.18716399227	0.844074316095	1.2654839826	0.972674954084	0.89518579507	1.09734400193	0.804246486225	0.938066640889	1.15567924601	1.19489286612	0.962904098598	0.476878429193	0.939333020783	0.956991111648	1.17780916868	1.15626224263	1.26681768487	0.923241295312	1.12315473659	1.00096627356	0.678145128081	0.639991962301	1.2880822668	1.17768812953	1.13945558241	1.14387072982	1.37506971967	1.24162664572	1.35733350411	0.798264717255	1.19883635573	0.956297597873	1.04282905268	0.620747317545	0.502898893185	0.801553668439	1.50762616723	1.41150604157	1.44238307395	1.37114059932	1.24855144031	1.33552953117	1.50035039149	1.47794904785	1.23316150314	1.30263924118	1.32403749638	1.23174924118	1.0204922088	1.38405331561	0.976452711455	1.3740438956	1.09487160464	1.41076419043
AC3	0.824046684389	0.591382745288	2.20366906718	0.891226172064	0.0	0.704512450459	0.87567821653	0.745126109232	0.96637060899	0.627837443209	1.04072360077	0.306681068149	0.76365698405	1.84197511358	0.641305050749	0.732644045433	0.952588057032	0.937987090382	1.4362938086	1.01693207347	0.997093798937	0.970238231029	1.19755163847	1.16205752054	1.30089716771	0.797401126148	1.0284881972	0.970504045433	0.834180589657	0.830020502658	1.14193680039	1.01509116965	0.974151150314	0.936277665539	0.850862339294	0.759293011116	0.954665398743	0.686511623973	0.841303088449	0.607553678105	0.67605919768	1.17501188497	1.02538596423	0.589248956017	1.15251846786	1.08231132431	0.895048124698	0.927825234413	0.763131522475	0.812774137264	1.05989812953	0.989646761721	0.741588496858	0.819820251329	0.858839772837	0.774806094732	0.799238206863	0.894832643789	0.779797375544	0.923480932818	0.824851474142	0.93741499275
AC4	0.742750560657	0.576403837603	2.4058479072	1.03338305945	0.704512450459	0.0	1.10461141131	0.365278965684	0.491338139198	0.769854833253	0.393892107298	0.490755654906	0.463606573224	2.03878000483	0.700065195747	0.629900130498	0.575601474142	0.544458699855	1.77162362011	1.27667633639	0.900208521025	0.615611880135	0.661815205413	0.634565012083	1.69901975834	0.729298680522	0.556690478492	0.529539192847	0.629774847753	0.800477747704	0.790084050266	0.597077259546	0.509814775254	0.421437153214	0.968351319478	0.731392721121	0.552871962301	0.588564064766	0.438204441759	0.683041159981	0.495613069116	1.3733560319	1.19275437409	0.550956437893	0.726563668439	0.60267257129	1.06538339778	0.825995925568	0.797419565007	0.81119221363	0.881493218946	0.962940517158	0.586952895118	0.649997158047	0.653298873852	0.603350734654	0.598153489609	0.929542387627	0.6283860174	0.76694380377	0.411593030449	0.820939284679
AD3	0.929534316095	0.862198284195	1.90885940551	0.76098558724	0.87567821653	1.10461141131	0.0	0.96164261479	1.32292782987	0.450922580957	1.36385354277	0.945469946834	1.07637954084	1.54469851136	0.782188052199	0.905038434026	1.2261760464	1.25680698888	1.28815718705	0.808547351377	0.875267636539	0.931184722088	1.30570543741	1.27248867086	1.22266772837	0.885516781054	1.19017341228	1.08016734654	0.907702189464	0.740067931368	1.18834208313	1.13340698888	1.24017347511	1.16877743838	1.21091253262	1.07674190913	1.27200496858	0.760980724988	1.20341309812	0.835008695022	0.972028511358	0.831570874819	0.691762295795	0.766014673755	1.41548407927	1.34345340744	1.3600557274	1.35562334461	1.13496026583	1.21482663122	1.47805499275	1.4417779797	1.16566445143	1.25812176414	1.28596393427	1.15782462059	0.990125084582	1.31904165781	0.956430507492	1.29086352827	1.16194615273	1.36512987434
AD4	0.749468182697	0.51446517158	2.26297190913	0.971137936201	0.745126109232	0.365278965684	0.96164261479	0.0	0.396410724988	0.600385688739	0.53145442726	0.553127022716	0.524737844369	1.89939672789	0.582210531658	0.628403136781	0.597888405027	0.551911778637	1.71695844853	1.21071868536	0.854358835186	0.575317631706	0.612005277912	0.572051072982	1.68884555824	0.727745843403	0.513872788787	0.463659202513	0.481015427743	0.716836036733	0.792327037216	0.600157636539	0.363617984534	0.394647042049	1.07376147898	0.805878144031	0.574944664089	0.447345369744	0.49133638956	0.661439188014	0.51704658289	1.20537130498	1.02530612856	0.441209052682	0.773899047849	0.64735160464	1.1605762349	0.878031478975	0.905377660706	0.935032029966	0.940385157081	1.04264232479	0.684129956501	0.686557554374	0.679098100532	0.672209139681	0.565451227646	1.01104103432	0.60227240696	0.874133141614	0.453749260512	0.872160202997
AE3	0.889208854519	0.752034601257	2.38892130014	1.18716399227	0.96637060899	0.491338139198	1.32292782987	0.396410724988	0.0	0.953052305462	0.351639884002	0.779848632189	0.628304635089	2.03483333011	0.807730352827	0.806678550024	0.564853011116	0.516370536491	1.94699727405	1.45878894635	1.0346742581	0.749286104398	0.448180217496	0.449623238279	1.93038848236	0.947003905268	0.469753518608	0.512619507008	0.704560691155	0.963724983084	0.907756399227	0.681566466892	0.241799052682	0.325795070082	1.19848055582	0.958089487675	0.530754325761	0.72233977767	0.563834277429	0.943335461576	0.707121947801	1.39047397777	1.2255180522	0.733211039149	0.77456661189	0.608681034316	1.28265333978	0.995567617206	1.04976028516	1.0554857129	1.03950239729	1.15928757854	0.776438786854	0.806894717255	0.775231657806	0.802198463026	0.732135495408	1.14159078299	0.781830256162	0.994812750121	0.558728443693	0.996846549058
AE4	0.653654847753	0.535208240696	2.13499740454	0.844074316095	0.627837443209	0.769854833253	0.450922580957	0.600385688739	0.953052305462	0.0	1.02695522475	0.622471696472	0.752480555824	1.77095327211	0.529905867569	0.566886331561	0.853052044466	0.877521372644	1.4421760754	0.957609768004	0.740954122765	0.679894649589	0.955033644273	0.922161082649	1.34386757371	0.574859101015	0.833813798937	0.725033281779	0.601564838086	0.593379357177	0.927503513775	0.799086669889	0.883110043499	0.83067161914	0.961719763171	0.841612638956	0.910171242146	0.509529995167	0.812512914451	0.529990328661	0.608175210246	1.04275720638	0.858826201063	0.485875389077	1.11329623006	1.04081065249	1.06485246979	1.04421574674	0.893149555341	0.947879719671	1.19144641856	1.14996232963	0.856502189464	0.897874659256	0.936203644273	0.81852619623	0.647750062832	1.03749245529	0.620747752537	1.01902019333	0.786209072015	1.05120735138
AF3	0.941401672305	0.836313006283	2.54901870952	1.2654839826	1.04072360077	0.393892107298	1.36385354277	0.53145442726	0.351639884002	1.02695522475	0.0	0.821817235379	0.681097878202	2.18716912518	0.946517689705	0.872845277912	0.506736259062	0.452013977767	1.99769037216	1.50886884002	1.06739565974	0.813344325761	0.402418293862	0.40413040116	1.97725149831	0.992096761721	0.482771807637	0.614517380377	0.798940584824	1.02109363461	0.81830159014	0.638377912035	0.438128844853	0.458324030933	1.1543821218	0.966067612373	0.432359816336	0.804493030449	0.495288071532	0.958595751571	0.737993006283	1.54531011116	1.37061169164	0.807366747221	0.683257032383	0.525580811986	1.2272681682	0.970278211696	1.0712541276	1.01179672305	1.00630686322	1.09527208313	0.755120246496	0.746703784437	0.743550720155	0.726372721121	0.827243779604	1.07070143548	0.866029289512	0.928480734654	0.543731933301	0.954497597873
AF4	0.717700019333	0.445200971484	2.31889758821	0.972674954084	0.306681068149	0.490755654906	0.945469946834	0.553127022716	0.779848632189	0.622471696472	0.821817235379	0.0	0.572626578057	1.9543061189	0.550232953117	0.598522996617	0.826181962301	0.799444330594	1.60850347994	1.11664152247	0.951543557274	0.79880961334	1.00478368777	0.971135041083	1.48641561624	0.682476839053	0.84778579507	0.795288873852	0.749980652489	0.783313276945	1.01938631706	0.861907346544	0.776999893668	0.736772411793	0.7817960029	0.576922643789	0.747193687772	0.603341488642	0.668513088449	0.546272580957	0.530877375544	1.26004040599	1.09920913968	0.503018211696	0.923679565007	0.844483876269	0.845663905268	0.747094896085	0.601001290478	0.669809966167	0.892274548091	0.853349028516	0.590075142581	0.659890096665	0.69476818753	0.6440219913	0.650338762687	0.760491343644	0.622546631223	0.749603441276	0.649395799903	0.761850821653
AG3	0.696939531174	0.462399275012	2.34846039633	0.89518579507	0.76365698405	0.463606573224	1.07637954084	0.524737844369	0.628304635089	0.752480555824	0.681097878202	0.572626578057	0.0	1.96621102465	0.523295703238	0.562897085549	0.567258651522	0.562770096665	1.70880588207	1.20540568391	0.925000662156	0.636251251812	0.72283637506	0.710149294345	1.61239029483	0.692835364911	0.594392305462	0.579148550024	0.644211019816	0.787735930401	0.839702271629	0.661016515225	0.602828463026	0.540498902852	0.998061517641	0.773381855969	0.709712532624	0.606687274045	0.581352522958	0.639859932334	0.474109869502	1.31891397293	1.14139516675	0.559187264379	0.88670681972	0.799599386177	1.02659128565	0.791753044949	0.807733900435	0.818876795553	0.927651333978	0.917661445143	0.543766012566	0.650489743838	0.685803136781	0.583820613823	0.482512136298	0.892754567424	0.497246268729	0.789258158531	0.426344746254	0.816452266796
AG4	1.91579081682	1.88893918318	0.412104818753	1.09734400193	1.84197511358	2.03878000483	1.54469851136	1.89939672789	2.03483333011	1.77095327211	2.18716912518	1.9543061189	1.96621102465	0.0	1.77672050266	1.92212430159	2.12470604157	2.16365470275	0.93073441276	1.13758449009	1.6249682262	1.83358022716	2.08680026583	2.05571355244	1.64307029	1.85472059932	2.036189739	1.92614952151	1.59854098115	1.47735788787	2.12545556791	2.10370689222	1.96870701788	2.02363700338	2.23135649589	2.14281416626	2.27109468342	1.67677295312	2.18191746738	1.95608163847	2.03877586757	0.963901507975	1.10844651039	1.73367686805	2.39898402127	2.29957544708	2.33179062349	2.32473493475	2.1708617448	2.27441156114	2.4279498405	2.3940702465	2.20192440309	2.26027480425	2.2729979797	2.20963529241	1.97493586274	2.31878850169	1.93726849686	2.31787544708	2.07024959401	2.35101909618
AH3	0.728034113098	0.320892203963	2.13283821653	0.804246486225	0.641305050749	0.700065195747	0.782188052199	0.582210531658	0.807730352827	0.529905867569	0.946517689705	0.550232953117	0.523295703238	1.77672050266	0.0	0.552262619623	0.775042281295	0.794074296762	1.49717501208	1.00270349444	0.846283566941	0.731545514741	0.910846500725	0.896805480909	1.43849546158	0.700072315128	0.783654949251	0.727214180764	0.640912136298	0.667215490575	1.01118908168	0.834363673272	0.728044717255	0.740019304012	1.01900536008	0.816648057032	0.909596568391	0.507719081682	0.80074362494	0.575688695022	0.597148250362	1.05948863219	0.896286713388	0.457412489125	1.10734092798	1.02462037699	1.07395899468	0.924825190913	0.832883542774	0.909279284679	1.07622432093	1.04811600773	0.781865669406	0.849486433059	0.854048525858	0.779984272595	0.571742967617	0.962723252779	0.550353359111	0.936935611406	0.673348888352	0.946067341711
AH4	0.238849502175	0.331239550507	2.29114504108	0.938066640889	0.732644045433	0.629900130498	0.905038434026	0.628403136781	0.806678550024	0.566886331561	0.872845277912	0.598522996617	0.562897085549	1.92212430159	0.552262619623	0.0	0.627718946351	0.65239258579	1.45601509908	1.04550288545	0.821708767521	0.60075260029	0.777278622523	0.748737351377	1.40374281779	0.549843605607	0.669526645723	0.582087810536	0.643762179797	0.675175277912	0.74463680522	0.599129473175	0.769866031899	0.709257573707	1.01236545674	0.808530647656	0.818426360561	0.664819961334	0.661497457709	0.509433586274	0.442336118898	1.2616037216	1.08360658772	0.584365625906	1.0005757274	0.933027114548	0.98713701305	0.848568003867	0.844470811986	0.78296257129	0.966397409377	0.921055630739	0.573905930401	0.635929246013	0.674164504592	0.56115457709	0.380069231513	0.842272522958	0.379088351861	0.832771725471	0.572068965684	0.852008772354
AA7	0.745066321895	0.687279511841	2.48195280329	1.15567924601	0.952588057032	0.575601474142	1.2261760464	0.597888405027	0.564853011116	0.853052044466	0.506736259062	0.826181962301	0.567258651522	2.12470604157	0.775042281295	0.627718946351	0.0	0.136961014983	1.76309743838	1.3053461334	0.987094470759	0.661692203963	0.426719734171	0.449250710488	1.73329601257	0.801700029	0.360933296278	0.425941759304	0.712013392943	0.883549652006	0.608406578057	0.375491261479	0.537189241179	0.523061681972	1.18921810053	1.00967416626	0.533489975834	0.836341014983	0.505320502658	0.855099482842	0.678888917351	1.48029989367	1.30104151281	0.816916230063	0.800561362977	0.678098095698	1.1511738811	0.909808960851	1.08592512808	0.99709322378	0.923263025616	1.01857741904	0.669477617206	0.683762025133	0.667825248913	0.669747365877	0.543876452392	0.99391179797	0.583087433543	0.926905036249	0.449346616723	0.884255741904
AA8	0.752289927501	0.682548666022	2.52167708555	1.19489286612	0.937987090382	0.544458699855	1.25680698888	0.551911778637	0.516370536491	0.877521372644	0.452013977767	0.799444330594	0.562770096665	2.16365470275	0.794074296762	0.65239258579	0.136961014983	0.0	1.80161264379	1.3315738666	0.98507341711	0.656745717738	0.415583697438	0.425757071049	1.75456246013	0.812155466409	0.344436147898	0.422816239729	0.707590502658	0.884263368777	0.601943552441	0.353708390527	0.502827346544	0.494396201063	1.16353062832	0.99341057999	0.459780937651	0.824606089898	0.464023218946	0.845200314161	0.663314098598	1.52046621556	1.34432398743	0.787519545674	0.750022754954	0.611478434026	1.12850027066	0.885139052682	1.07097346061	0.977935476075	0.892233832769	0.992322706622	0.644328714355	0.640097916868	0.636946263896	0.63162337361	0.574963692605	0.975247477042	0.627287008217	0.905658927018	0.406576476559	0.860427699372
AB7	1.42269503142	1.50324075882	1.20539543258	0.962904098598	1.4362938086	1.77162362011	1.28815718705	1.71695844853	1.94699727405	1.4421760754	1.99769037216	1.60850347994	1.70880588207	0.93073441276	1.49717501208	1.45601509908	1.76309743838	1.80161264379	0.0	0.565205679072	1.48562433059	1.58225339294	1.89689494925	1.86572067666	1.08549705655	1.45924499758	1.79495922185	1.67442763654	1.36782625906	1.15701433059	1.70449516191	1.72468530691	1.87127867569	1.86905185114	1.8824040551	1.81109950217	1.96065275979	1.50095081682	1.82304804253	1.49248429676	1.60157517158	0.97566542291	1.03213826486	1.48375266312	2.13605939101	2.07202515225	1.90500413726	1.94928702755	1.82214026583	1.84496131464	2.03570834219	1.97828446593	1.77435549058	1.83079839053	1.83501723538	1.77219318511	1.58371854036	1.89071086999	1.56440323828	1.90262699855	1.75779293862	1.95122858869
AB8	1.03355960851	1.0372918898	1.48920318995	0.476878429193	1.01693207347	1.27667633639	0.808547351377	1.21071868536	1.45878894635	0.957609768004	1.50886884002	1.11664152247	1.20540568391	1.13758449009	1.00270349444	1.04550288545	1.3053461334	1.3315738666	0.565205679072	0.0	1.01600285645	1.08989816336	1.39737019816	1.3610160899	1.11121020783	0.985624441759	1.29618294828	1.17263295795	0.846568264862	0.645685596907	1.27705759304	1.25243738521	1.38306540841	1.37396992267	1.44560327695	1.33766015466	1.47523058966	1.00759883519	1.37176469309	1.06194869019	1.16732330594	0.709464345094	0.675484523925	0.988507196713	1.66519628323	1.58380689705	1.55797859352	1.51694960367	1.38951887869	1.43330369744	1.62692064282	1.60689942484	1.3745440116	1.41583210246	1.42334534074	1.35863066699	1.15740657806	1.51301713871	1.13051720155	1.48149878685	1.26343188014	1.51774364427
AC7	0.828286147898	0.832376940551	1.98391505558	0.939333020783	0.997093798937	0.900208521025	0.875267636539	0.854358835186	1.0346742581	0.740954122765	1.06739565974	0.951543557274	0.925000662156	1.6249682262	0.846283566941	0.821708767521	0.987094470759	0.98507341711	1.48562433059	1.01600285645	0.0	0.45122078782	0.983714301595	0.945440937651	1.38987999517	0.701600135331	0.931509149348	0.780170217496	0.603699869502	0.538567834703	0.882037472209	0.836548709522	0.959337902368	0.912768516191	1.25814233446	1.15278946834	1.13363144514	0.770040086999	1.06310292895	0.935418873852	0.9570019768	1.18148264862	1.02712530208	0.732322097632	1.14426338328	1.03549260512	1.4782539971	1.40070496858	1.19073523925	1.25743816336	1.51449362011	1.49285306912	1.0817058724	1.18623073465	1.22375172547	1.10119563074	0.919904949251	1.38440835669	0.881991996133	1.29316735621	0.93459979217	1.40923774287
AC8	0.66300297245	0.667162667956	2.1925221943	0.956991111648	0.970238231029	0.615611880135	0.931184722088	0.575317631706	0.749286104398	0.679894649589	0.813344325761	0.79880961334	0.636251251812	1.83358022716	0.731545514741	0.60075260029	0.661692203963	0.656745717738	1.58225339294	1.08989816336	0.45122078782	0.0	0.668815147414	0.647652310295	1.49558438859	0.588541474142	0.538780821653	0.388422257129	0.485821672305	0.581098869019	0.657217390043	0.530598158531	0.663900391493	0.617525485742	1.13853078782	0.900455708072	0.816310792653	0.663777327211	0.751682846786	0.790571870469	0.695285297245	1.2210137216	1.05208069599	0.64869420493	0.907128559691	0.803138274529	1.32063435959	1.08171117931	1.01152747221	1.03850643306	1.1941181972	1.20932351377	0.785573252779	0.868938685355	0.906567080715	0.813266259062	0.575396640889	1.16363974867	0.580701087482	0.980174688255	0.611320086999	1.08822334461
AD7	0.850535519575	0.869653552441	2.44308335428	1.17780916868	1.19755163847	0.661815205413	1.30570543741	0.612005277912	0.448180217496	0.955033644273	0.402418293862	1.00478368777	0.72283637506	2.08680026583	0.910846500725	0.777278622523	0.426719734171	0.415583697438	1.89689494925	1.39737019816	0.983714301595	0.668815147414	0.0	0.140378931851	1.87806794587	0.854445959401	0.373000966651	0.462762498792	0.67544619623	0.887623199613	0.721931822136	0.52346479942	0.469345746738	0.53081539391	1.33263481875	1.13578929918	0.589368801353	0.856442682455	0.643774842919	1.01993496375	0.846039971	1.44777811986	1.26778233929	0.881621677139	0.830317665539	0.678442721121	1.37198718705	1.09773916385	1.23107038183	1.19501157564	1.12476262446	1.24041996617	0.894311648139	0.878726892218	0.868965447076	0.882959618173	0.728702479459	1.22902725955	0.766473160947	1.11089792653	0.593037158047	1.08479350411
AD8	0.839040154664	0.838477278879	2.41211050266	1.15626224263	1.16205752054	0.634565012083	1.27248867086	0.572051072982	0.449623238279	0.922161082649	0.40413040116	0.971135041083	0.710149294345	2.05571355244	0.896805480909	0.748737351377	0.449250710488	0.425757071049	1.86572067666	1.3610160899	0.945440937651	0.647652310295	0.140378931851	0.0	1.82021676655	0.798509192847	0.35223857419	0.457153262446	0.652874581924	0.854321377477	0.707934862252	0.507313359111	0.474007955534	0.504606186564	1.31789485259	1.10936573707	0.577187916868	0.816794422426	0.636488390527	0.985190976317	0.811550096665	1.42091092315	1.24032498308	0.838260299662	0.816207365877	0.665129067182	1.36812738521	1.09360526825	1.20725153697	1.1657022813	1.12857827936	1.2381501885	0.877973383277	0.867962740454	0.860834045433	0.866283093282	0.721641053649	1.21962600773	0.769396433059	1.0861481682	0.572510318995	1.07904441276
AE7	1.37068680039	1.45328150797	1.92826616723	1.26681768487	1.30089716771	1.69901975834	1.22266772837	1.68884555824	1.93038848236	1.34386757371	1.97725149831	1.48641561624	1.61239029483	1.64307029	1.43849546158	1.40374281779	1.73329601257	1.75456246013	1.08549705655	1.11121020783	1.38987999517	1.49558438859	1.87806794587	1.82021676655	0.0	1.04559364427	1.77940294828	1.65115437893	1.39447250846	1.26407035283	1.56918168197	1.6308400145	1.87210884002	1.83935085065	1.72882520058	1.71673763171	1.89802878202	1.53180713871	1.79889609957	1.38415890768	1.57011744804	1.4645279507	1.45047770904	1.45641733688	2.00669141131	1.9681577622	1.69860671339	1.82219298695	1.65169073949	1.64898658772	1.94006095215	1.82838259546	1.66181565007	1.70897030449	1.74172804737	1.62591160464	1.56363339294	1.73828560657	1.53882509908	1.78723467859	1.72089511841	1.83501864669
AE8	0.605480086999	0.600616186564	2.21348336878	0.923241295312	0.797401126148	0.729298680522	0.885516781054	0.727745843403	0.947003905268	0.574859101015	0.992096761721	0.682476839053	0.692835364911	1.85472059932	0.700072315128	0.549843605607	0.801700029	0.812155466409	1.45924499758	0.985624441759	0.701600135331	0.588541474142	0.854445959401	0.798509192847	1.04559364427	0.0	0.790183832769	0.663201082649	0.619075857902	0.57257860319	0.75118820203	0.697639632673	0.885941034316	0.849348632189	1.07711760754	0.918227651039	0.927835804737	0.714353523441	0.866402503625	0.623173895602	0.675237646206	1.24823526341	1.06540919768	0.650023731271	1.07250417593	1.01594903818	1.17411395843	1.07015909135	0.930233769937	0.965531870469	1.19825118415	1.18394919285	0.84936062349	0.903186259062	0.932474963751	0.82812979217	0.700982909618	1.08804621073	0.68418022233	1.01226801353	0.760677143548	1.08693935718
AF7	0.778113141614	0.702103769937	2.39116727888	1.12315473659	1.0284881972	0.556690478492	1.19017341228	0.513872788787	0.469753518608	0.833813798937	0.482771807637	0.84778579507	0.594392305462	2.036189739	0.783654949251	0.669526645723	0.360933296278	0.344436147898	1.79495922185	1.29618294828	0.931509149348	0.538780821653	0.373000966651	0.35223857419	1.77940294828	0.790183832769	0.0	0.247152174964	0.609905490575	0.805681401643	0.660226476559	0.450158970517	0.444583639439	0.44653979217	1.15509072982	0.94637662639	0.509726955051	0.745898931851	0.543428221363	0.854759594007	0.676560260996	1.41005550024	1.23058786854	0.738850357661	0.788466723055	0.646554079265	1.23191810053	0.978844886419	1.05364422426	1.03234828903	1.00689029	1.11722063316	0.736291580474	0.765851773804	0.761285853069	0.747784615756	0.583920758821	1.08085995167	0.627755915901	0.955033673272	0.452566408893	0.963132730788
AF8	0.654901140648	0.63288878202	2.28531557757	1.00096627356	0.970504045433	0.529539192847	1.08016734654	0.463659202513	0.512619507008	0.725033281779	0.614517380377	0.795288873852	0.579148550024	1.92614952151	0.727214180764	0.582087810536	0.425941759304	0.422816239729	1.67442763654	1.17263295795	0.780170217496	0.388422257129	0.462762498792	0.457153262446	1.65115437893	0.663201082649	0.247152174964	0.0	0.49305038666	0.684832948284	0.654316244563	0.425524939584	0.476139642339	0.469474635089	1.13495006767	0.916644277429	0.600581275979	0.675741478975	0.541340947318	0.798319328178	0.638327109715	1.29992840986	1.11942731271	0.659360570324	0.855119816336	0.73024821653	1.22343599807	0.974985268246	1.02041558724	1.03434536491	1.00435750604	1.10577141614	0.734399357177	0.784723281779	0.782229695505	0.757965867569	0.517276858386	1.07366856936	0.551478076365	0.965581730304	0.445084548091	0.958558738521
AG7	0.720326191397	0.66167258579	1.95038557757	0.678145128081	0.834180589657	0.629774847753	0.907702189464	0.481015427743	0.704560691155	0.601564838086	0.798940584824	0.749980652489	0.644211019816	1.59854098115	0.640912136298	0.643762179797	0.712013392943	0.707590502658	1.36782625906	0.846568264862	0.603699869502	0.485821672305	0.67544619623	0.652874581924	1.39447250846	0.619075857902	0.609905490575	0.49305038666	0.0	0.306382967617	0.798654538424	0.67319077332	0.642909052682	0.68121680522	1.21077321411	0.959024069599	0.860111739971	0.495381126148	0.761948047366	0.788400086999	0.696152402127	1.03368111648	0.848208419526	0.465385456742	1.058790029	0.931055848236	1.33488758337	1.07784184147	1.09053319478	1.11363745288	1.19207111165	1.21806561141	0.880221449976	0.912441362977	0.935452522958	0.862047419043	0.651350376994	1.19193775737	0.650967496375	1.07330871435	0.68587537941	1.09373383277
AG8	0.677430908652	0.696131686805	1.83409929435	0.639991962301	0.830020502658	0.800477747704	0.740067931368	0.716836036733	0.963724983084	0.593379357177	1.02109363461	0.783313276945	0.787735930401	1.47735788787	0.667215490575	0.675175277912	0.883549652006	0.884263368777	1.15701433059	0.645685596907	0.538567834703	0.581098869019	0.887623199613	0.854321377477	1.26407035283	0.57257860319	0.805681401643	0.684832948284	0.306382967617	0.0	0.885621894635	0.822808733688	0.891370589657	0.875902160464	1.2103282842	1.04454955051	1.04307074432	0.569131536974	0.934386800387	0.775753716771	0.799770072499	0.955196466892	0.789800705655	0.542952725955	1.21660072015	1.10555826486	1.33632104882	1.22577780087	1.12617535041	1.18318686805	1.33801058966	1.34624867569	1.00601679072	1.04270050266	1.0674840261	0.981076012566	0.789840352827	1.24921913968	0.758939086515	1.20529638956	0.824042716288	1.23307926535
AH7	0.749031314645	0.86768221363	2.46363612373	1.2880822668	1.14193680039	0.790084050266	1.18834208313	0.792327037216	0.907756399227	0.927503513775	0.81830159014	1.01938631706	0.839702271629	2.12545556791	1.01118908168	0.74463680522	0.608406578057	0.601943552441	1.70449516191	1.27705759304	0.882037472209	0.657217390043	0.721931822136	0.707934862252	1.56918168197	0.75118820203	0.660226476559	0.654316244563	0.798654538424	0.885621894635	0.0	0.323406346061	0.909792890285	0.874490570324	1.15830593523	1.04380947318	0.787135103915	0.974584171097	0.777398883519	0.955917496375	0.843994113098	1.51768068149	1.3498941131	0.954077278879	0.974195413243	0.902052484292	1.29305947318	1.07302968101	1.15197246013	1.04849119865	1.11560568874	1.17571054132	0.817136297728	0.816578240696	0.816267119381	0.801657907202	0.763586781054	1.15148871919	0.790826239729	0.996170473659	0.709636897052	1.045419739
AH8	0.712063315611	0.711710657322	2.4638879507	1.17768812953	1.01509116965	0.597077259546	1.13340698888	0.600157636539	0.681566466892	0.799086669889	0.638377912035	0.861907346544	0.661016515225	2.10370689222	0.834363673272	0.599129473175	0.375491261479	0.353708390527	1.72468530691	1.25243738521	0.836548709522	0.530598158531	0.52346479942	0.507313359111	1.6308400145	0.697639632673	0.450158970517	0.425524939584	0.67319077332	0.822808733688	0.323406346061	0.0	0.671525935234	0.616872750121	1.09936858869	0.928151817303	0.609711860802	0.83677579507	0.572639797003	0.843816428226	0.711936988884	1.46602718221	1.29172130981	0.807302310295	0.785902368294	0.693950439826	1.20179567907	0.965548767521	1.0314280957	0.943671222813	0.987774702755	1.0853022233	0.681470947318	0.71248477042	0.711236568391	0.690730459159	0.593355814403	1.0549537216	0.62415637506	0.881206070565	0.498188936684	0.936697452876
AA5	0.867793407443	0.693668163364	2.3211960319	1.13945558241	0.974151150314	0.509814775254	1.24017347511	0.363617984534	0.241799052682	0.883110043499	0.438128844853	0.776999893668	0.602828463026	1.96870701788	0.728044717255	0.769866031899	0.537189241179	0.502827346544	1.87127867569	1.38306540841	0.959337902368	0.663900391493	0.469345746738	0.474007955534	1.87210884002	0.885941034316	0.444583639439	0.476139642339	0.642909052682	0.891370589657	0.909792890285	0.671525935234	0.0	0.247488728855	1.22532710971	0.962015316578	0.580460241663	0.622319429676	0.611702107298	0.849565891735	0.673783629773	1.28928117931	1.12553720155	0.642491938134	0.797977525375	0.633318144031	1.33347474142	1.058080145	1.07467845819	1.10641517641	1.10107277912	1.21324720155	0.815435123248	0.855426829386	0.820423412276	0.846399381344	0.643499139681	1.18612697438	0.698701855969	1.04124849686	0.545831836636	1.04879698888
AA6	0.819680057999	0.650055944901	2.38499164331	1.14387072982	0.936277665539	0.421437153214	1.16877743838	0.394647042049	0.325795070082	0.83067161914	0.458324030933	0.736772411793	0.540498902852	2.02363700338	0.740019304012	0.709257573707	0.523061681972	0.494396201063	1.86905185114	1.37396992267	0.912768516191	0.617525485742	0.53081539391	0.504606186564	1.83935085065	0.849348632189	0.44653979217	0.469474635089	0.68121680522	0.875902160464	0.874490570324	0.616872750121	0.247488728855	0.0	1.08481456259	0.849194021266	0.516455282745	0.586495369744	0.523239729338	0.799901773804	0.580538525858	1.35040504592	1.17000273079	0.618597970034	0.604151880135	0.456146795553	1.2040660899	0.957992962784	0.947230782987	0.965292469792	0.998758666022	1.09169961334	0.68436161914	0.745913711938	0.725424804253	0.726972721121	0.616177651039	1.04757281295	0.662579574674	0.904009772837	0.469346955051	0.941167022716
AB5	1.0638421798	0.917126650556	2.57838955051	1.37506971967	0.850862339294	0.968351319478	1.21091253262	1.07376147898	1.19848055582	0.961719763171	1.1543821218	0.7817960029	0.998061517641	2.23135649589	1.01900536008	1.01236545674	1.18921810053	1.16353062832	1.8824040551	1.44560327695	1.25814233446	1.13853078782	1.33263481875	1.31789485259	1.72882520058	1.07711760754	1.15509072982	1.13495006767	1.21077321411	1.2103282842	1.15830593523	1.09936858869	1.22532710971	1.08481456259	0.0	0.405468506525	0.952901193813	1.01704679072	0.96659741421	0.830947307878	0.865558994683	1.59883583857	1.44252254229	0.983113450942	0.97369462059	0.96348322378	0.818745534074	0.906521193813	0.719478791687	0.734069188014	1.03200855002	0.941515761237	0.824697303045	0.914218646689	0.934086162397	0.9006059884	1.02270288545	0.825317554374	1.01267177864	0.838154920251	0.999367829869	0.91725698405
AB6	0.912573760271	0.722042010633	2.50524755921	1.24162664572	0.759293011116	0.731392721121	1.07674190913	0.805878144031	0.958089487675	0.841612638956	0.966067612373	0.576922643789	0.773381855969	2.14281416626	0.816648057032	0.808530647656	1.00967416626	0.99341057999	1.81109950217	1.33766015466	1.15278946834	0.900455708072	1.13578929918	1.10936573707	1.71673763171	0.918227651039	0.94637662639	0.916644277429	0.959024069599	1.04454955051	1.04380947318	0.928151817303	0.962015316578	0.849194021266	0.405468506525	0.0	0.801312145964	0.773299753504	0.799593044949	0.718182658289	0.657380048333	1.46941919285	1.30723123248	0.736976118898	0.758181522475	0.783660884485	0.763194330594	0.660759038183	0.50121277912	0.505088898018	0.796230502658	0.749247583374	0.655907539874	0.766286640889	0.780067506042	0.749879956501	0.798434997583	0.656262716288	0.789939347511	0.583030918318	0.810210053166	0.673951000483
AC5	0.904180367327	0.770004432093	2.62757118898	1.35733350411	0.954665398743	0.552871962301	1.27200496858	0.574944664089	0.530754325761	0.910171242146	0.432359816336	0.747193687772	0.709712532624	2.27109468342	0.909596568391	0.818426360561	0.533489975834	0.459780937651	1.96065275979	1.47523058966	1.13363144514	0.816310792653	0.589368801353	0.577187916868	1.89802878202	0.927835804737	0.509726955051	0.600581275979	0.860111739971	1.04307074432	0.787135103915	0.609711860802	0.580460241663	0.516455282745	0.952901193813	0.801312145964	0.0	0.753236230063	0.430405065249	0.861494552924	0.660834871919	1.62881722571	1.43996443209	0.778573098115	0.546914055099	0.419224282262	1.02307807637	0.773018115031	0.913788463026	0.84127341711	0.777869724505	0.870799120348	0.593890347994	0.554630831319	0.548542706622	0.602370430159	0.730189250846	0.869601164814	0.770082967617	0.777376481392	0.529558951184	0.744501435476
AC6	0.786594557757	0.520684702755	2.03582708072	0.798264717255	0.686511623973	0.588564064766	0.760980724988	0.447345369744	0.72233977767	0.509529995167	0.804493030449	0.603341488642	0.606687274045	1.67677295312	0.507719081682	0.664819961334	0.836341014983	0.824606089898	1.50095081682	1.00759883519	0.770040086999	0.663777327211	0.856442682455	0.816794422426	1.53180713871	0.714353523441	0.745898931851	0.675741478975	0.495381126148	0.569131536974	0.974584171097	0.83677579507	0.622319429676	0.586495369744	1.01704679072	0.773299753504	0.753236230063	0.0	0.741953426776	0.628540662156	0.55923417593	0.908946051232	0.721115287579	0.262411329145	0.960978936684	0.858207423876	1.16609734171	1.01217711938	0.892102353794	0.946233504108	1.11252084099	1.10688354761	0.776005872402	0.858509130014	0.877644253262	0.79228638956	0.64862522958	1.01581452392	0.637739284679	0.972297380377	0.65581257129	1.01343809087
AD6	0.738603934268	0.624955248913	2.54690683905	1.19883635573	0.841303088449	0.438204441759	1.20341309812	0.49133638956	0.563834277429	0.812512914451	0.495288071532	0.668513088449	0.581352522958	2.18191746738	0.80074362494	0.661497457709	0.505320502658	0.464023218946	1.82304804253	1.37176469309	1.06310292895	0.751682846786	0.643774842919	0.636488390527	1.79889609957	0.866402503625	0.543428221363	0.541340947318	0.761948047366	0.934386800387	0.777398883519	0.572639797003	0.611702107298	0.523239729338	0.96659741421	0.799593044949	0.430405065249	0.741953426776	0.0	0.696583175447	0.437260497825	1.52693838569	1.34520927501	0.736998250362	0.697313678105	0.57380378927	0.887894016433	0.631704262929	0.865154523925	0.740460318995	0.693233272112	0.786285703238	0.481135838569	0.456308366361	0.46645781537	0.444507646206	0.568839864669	0.744701551474	0.596554596423	0.661699787337	0.355535490575	0.63340277912
AE5	0.582693160947	0.452766099565	2.32072436926	0.956297597873	0.607553678105	0.683041159981	0.835008695022	0.661439188014	0.943335461576	0.529990328661	0.958595751571	0.546272580957	0.639859932334	1.95608163847	0.575688695022	0.509433586274	0.855099482842	0.845200314161	1.49248429676	1.06194869019	0.935418873852	0.790571870469	1.01993496375	0.985190976317	1.38415890768	0.623173895602	0.854759594007	0.798319328178	0.788400086999	0.775753716771	0.955917496375	0.843816428226	0.849565891735	0.799901773804	0.830947307878	0.718182658289	0.861494552924	0.628540662156	0.696583175447	0.0	0.322052479459	1.24212481875	1.07373463509	0.572704973417	1.05790454809	1.00850625906	0.895355258579	0.84530380377	0.758824668922	0.718418303528	0.980709275012	0.94235738521	0.617304301595	0.698317187047	0.745908540358	0.60218319478	0.55456280812	0.82352260029	0.533889516675	0.778142663122	0.670640289995	0.853621092315
AE6	0.553876737554	0.416007182214	2.40465416143	1.04282905268	0.67605919768	0.495613069116	0.972028511358	0.51704658289	0.707121947801	0.608175210246	0.737993006283	0.530877375544	0.474109869502	2.03877586757	0.597148250362	0.442336118898	0.678888917351	0.663314098598	1.60157517158	1.16732330594	0.9570019768	0.695285297245	0.846039971	0.811550096665	1.57011744804	0.675237646206	0.676560260996	0.638327109715	0.696152402127	0.799770072499	0.843994113098	0.711936988884	0.673783629773	0.580538525858	0.865558994683	0.657380048333	0.660834871919	0.55923417593	0.437260497825	0.322052479459	0.0	1.34262709038	1.15645413243	0.525970241663	0.862251150314	0.801294349927	0.892833837603	0.703943533108	0.7329960174	0.657292619623	0.827881822136	0.79764621073	0.467273987434	0.513954335428	0.551044625423	0.440486858386	0.436504528758	0.741659323345	0.447581841469	0.667437694538	0.478207298212	0.718161111648
AF5	1.29189023683	1.20549552924	1.31544333978	0.620747317545	1.17501188497	1.3733560319	0.831570874819	1.20537130498	1.39047397777	1.04275720638	1.54531011116	1.26004040599	1.31891397293	0.963901507975	1.05948863219	1.2616037216	1.48029989367	1.52046621556	0.97566542291	0.709464345094	1.18148264862	1.2210137216	1.44777811986	1.42091092315	1.4645279507	1.24823526341	1.41005550024	1.29992840986	1.03368111648	0.955196466892	1.51768068149	1.46602718221	1.28928117931	1.35040504592	1.59883583857	1.46941919285	1.62881722571	0.908946051232	1.52693838569	1.24212481875	1.34262709038	0.0	0.230111855969	0.990011967134	1.75826098598	1.65696176897	1.73370586757	1.68164908652	1.54397563557	1.6324479362	1.79658906718	1.79378262929	1.53566574674	1.61934023683	1.63761592073	1.5594461479	1.29243307878	1.69712652972	1.25399727405	1.67460298695	1.42507351861	1.71000517641
AF6	1.1246320783	1.02098852586	1.4579677042	0.502898893185	1.02538596423	1.19275437409	0.691762295795	1.02530612856	1.2255180522	0.858826201063	1.37061169164	1.09920913968	1.14139516675	1.10844651039	0.896286713388	1.08360658772	1.30104151281	1.34432398743	1.03213826486	0.675484523925	1.02712530208	1.05208069599	1.26778233929	1.24032498308	1.45047770904	1.06540919768	1.23058786854	1.11942731271	0.848208419526	0.789800705655	1.3498941131	1.29172130981	1.12553720155	1.17000273079	1.44252254229	1.30723123248	1.43996443209	0.721115287579	1.34520927501	1.07373463509	1.15645413243	0.230111855969	0.0	0.804792358627	1.57427062832	1.47823817786	1.59523636056	1.52068237313	1.4075660319	1.4917357419	1.63250053649	1.65361671822	1.35385156114	1.43515923635	1.45470947801	1.37506101015	1.10930096182	1.55662730788	1.06847702755	1.5216119623	1.24564120831	1.53667945868
AG5	0.70695300145	0.453255219913	2.09413590623	0.801553668439	0.589248956017	0.550956437893	0.766014673755	0.441209052682	0.733211039149	0.485875389077	0.807366747221	0.503018211696	0.559187264379	1.73367686805	0.457412489125	0.584365625906	0.816916230063	0.787519545674	1.48375266312	0.988507196713	0.732322097632	0.64869420493	0.881621677139	0.838260299662	1.45641733688	0.650023731271	0.738850357661	0.659360570324	0.465385456742	0.542952725955	0.954077278879	0.807302310295	0.642491938134	0.618597970034	0.983113450942	0.736976118898	0.778573098115	0.262411329145	0.736998250362	0.572704973417	0.525970241663	0.990011967134	0.804792358627	0.0	0.964492044466	0.878833504108	1.1047561334	0.959204243596	0.839259318511	0.882051764137	1.07990457226	1.05829335911	0.729090531658	0.810052426293	0.840666592557	0.72635161914	0.612544446593	0.963536205897	0.603009173514	0.925084697922	0.643164084099	0.968276853552
