	AA3	AA4	AB3	AB4	AC3	AC4	AD3	AD4	AE3	AE4	AF3	AF4	AG3	AG4	AH3	AH4	AA7	AA8	AB7	AB8	AC7	AC8	AD7	AD8	AE7	AE8	AF7	AF8	AG7	AG8	AH7	AH8	AA5	AA6	AB5	AB6	AC5	AC6	AD6	AE5	AE6	AF5	AF6	AG5	AH5	AH6	AA1	AA2	AB1	AB2	AC1	AC2	AD1	AD2	AE1	AE2	AF1	AF2	AG1	AG2	AH1	AH2
AA3	0.0	0.525829618173	2.26323309812	0.997391570807	0.876853987434	0.763159304012	0.891346263896	0.767134374094	0.87369961334	0.661290826486	0.977315268246	0.735019270179	0.738182682455	1.91242233446	0.746586969551	0.298894364427	0.757741677139	0.743940971484	1.49935696955	1.0331662059	0.821538003867	0.664689632673	0.895255650072	0.888457346544	1.38353494925	0.622843992267	0.818529299178	0.701634809087	0.720179859836	0.712599115515	0.760826587724	0.688644064766	0.882081580474	0.827729473175	1.10182023683	0.930964509425	0.921963760271	0.762818685355	0.772991304978	0.607713910101	0.641895471242	1.24080537941	1.13944702755	0.70023060899	1.13933796037	1.08669000967	0.950381657806	0.938015954567	0.929371507975	0.836642846786	1.06693052199	0.986644465926	0.655510647656	0.726879159014	0.752147916868	0.646445297245	0.550378593523	0.900867423876	0.507767259546	0.914902063799	0.644085360077	0.924881358144
AA4	0.525829618173	0.0	2.2459537651	0.90466962784	0.666520183664	0.523929511841	0.881338434026	0.521629579507	0.66710921218	0.545481556307	0.795182092798	0.47080280812	0.424173876269	1.89797211696	0.316482754954	0.312516075399	0.655685746738	0.63858139681	1.58527279362	1.06550664089	0.882248936684	0.629016930884	0.804948032866	0.787342324795	1.49723345094	0.609157071049	0.679924088932	0.600745645239	0.611361793137	0.683386094732	0.837450908652	0.692814359594	0.619678864186	0.601945297245	0.965624557757	0.705500169164	0.742983035283	0.532356636056	0.561987525375	0.511404688255	0.401853450942	1.1677481827	1.04511688739	0.425375461576	0.943516413726	0.871635693572	0.941286839053	0.824745331078	0.752224064766	0.731184490092	0.968535548574	0.907331831803	0.615588646689	0.664576964717	0.669957941034	0.616422416626	0.384227515708	0.852258830353	0.41655939101	0.782345746738	0.438056505558	0.796368463026
AB3	2.26323309812	2.2459537651	0.0	1.46606881585	2.19750043499	2.37127207347	1.90303898502	2.31928242629	2.33914564524	2.12109972934	2.52098166747	2.26737053166	2.31644831803	0.392494649589	2.14663790237	2.27763609473	2.46503732721	2.48624550507	1.11259759787	1.48772592557	1.96153955051	2.20290199613	2.40911193813	2.40040126148	1.89912523441	2.18118973417	2.37131316578	2.26727351377	1.916890261	1.79556530208	2.44494507975	2.44472248913	2.27973316095	2.38174428226	2.5565861624	2.46506162881	2.60251486709	1.97059950701	2.51350076849	2.2878160174	2.39206218946	1.33539374094	1.44320494925	2.12917687289	2.74136550991	2.66245810053	2.66023110198	2.67985683422	2.5184918463	2.59727055099	2.78942475109	2.73042530691	2.56627388594	2.62303248913	2.61152852586	2.58108340261	2.29917112131	2.67872467859	2.31043269212	2.64911627356	2.37617423393	2.6669937506
AB4	0.997391570807	0.90466962784	1.46606881585	0.0	0.928021594973	1.01978909618	0.762636549058	1.06986950217	1.16128172064	0.821722725955	1.26973729821	0.950579067182	0.883701802803	1.10049031899	0.857001150314	0.941494644756	1.16900279845	1.17986160947	1.01344486709	0.515455340744	0.925838612856	0.945271362977	1.19355686805	1.17002518608	1.24845575157	0.919420927985	1.12963588207	1.00154711455	0.666056727888	0.575987390043	1.26390285645	1.17889262929	1.12056072982	1.14641681972	1.38544859836	1.23090959401	1.34120147898	0.729173871435	1.18792564041	0.970824098598	1.07102708072	0.58359077332	0.519995302078	0.841929545674	1.50083895602	1.42792845336	1.4240058724	1.40025135331	1.26436189947	1.30087615756	1.53634647173	1.47220049299	1.25172436443	1.325539971	1.33957642339	1.27931352344	1.01240486709	1.42306325761	1.0223617593	1.37564538908	1.04851165297	1.37870563074
AC3	0.876853987434	0.666520183664	2.19750043499	0.928021594973	0.0	0.717931648139	0.86868860319	0.878269763171	0.938065374577	0.634016964717	1.08151245529	0.284271043983	0.825085137748	1.85178998067	0.621136945384	0.758299294345	1.00157543258	0.981643310778	1.51741232963	1.03742247463	1.04745250362	0.996423330111	1.2233497245	1.20762574674	1.35422104882	0.83880940551	1.08113726438	1.02358840019	0.856584461092	0.866834823586	1.16887686322	1.04324412276	0.962870512325	0.944548564524	0.801009942001	0.717209787337	0.967979043016	0.693673533108	0.83617417593	0.635057631706	0.686052774287	1.14363250362	1.0492821943	0.612826104398	1.14555840503	1.09473472692	0.855248153697	0.907204528758	0.709303049783	0.779619879169	1.06716923635	0.950527481875	0.746496041566	0.838075969067	0.851854132431	0.797489560174	0.798195335911	0.885833156114	0.795031464476	0.877981570807	0.833290860319	0.901388917351
AC4	0.763159304012	0.523929511841	2.37127207347	1.01978909618	0.717931648139	0.0	1.07701773804	0.426723276945	0.477260956984	0.751923325278	0.44868659739	0.49013520058	0.417131836636	2.02491165297	0.677226370227	0.60587560174	0.606380836153	0.571345659739	1.83168819236	1.29786937651	0.934595741904	0.612201387144	0.693148255196	0.679336756887	1.69109516191	0.733478743354	0.603226138231	0.559359400677	0.636743832769	0.795507245046	0.810675654906	0.658478110198	0.530882334461	0.417066698888	0.989174127598	0.709896273562	0.559125799903	0.632621962301	0.418475248913	0.727199748671	0.456945389077	1.30499258096	1.18818428226	0.496519946834	0.749661469309	0.654310831319	1.00125065732	0.817372948284	0.773192203963	0.760981261479	0.908255442243	0.912573204447	0.580944093765	0.657051348478	0.644938637023	0.657216259062	0.586400497825	0.916681788304	0.633855717738	0.75061279362	0.420904886419	0.789440140164
AD3	0.891346263896	0.881338434026	1.90303898502	0.762636549058	0.86868860319	1.07701773804	0.0	1.0179900145	1.24471621073	0.429533446109	1.34302644273	0.907100633156	1.04813990817	1.55503066699	0.787233755437	0.889271319478	1.21179948284	1.21299143064	1.34228663606	0.842059671339	0.863004354761	0.956239086515	1.27168084099	1.24905850652	1.23952987434	0.856698656356	1.19756137264	1.07670232963	0.856756679555	0.727473431609	1.18415965684	1.12997706622	1.16919717255	1.12165477042	1.20760745771	1.06313479459	1.24581682939	0.657349096182	1.14414256646	0.819306843886	0.943935355244	0.810697201547	0.727347791203	0.788756234896	1.40088359594	1.34982635573	1.3334399855	1.33815843886	1.11720166747	1.18305432093	1.49321871919	1.41501440309	1.16697514258	1.23060075399	1.24105507008	1.16380212663	0.960129284679	1.33509275979	0.962696152731	1.26645483325	1.08818009183	1.32485513291
AD4	0.767134374094	0.521629579507	2.31928242629	1.06986950217	0.878269763171	0.426723276945	1.0179900145	0.0	0.265655437409	0.691363093282	0.483859221846	0.669882025133	0.50162980667	1.97167303528	0.650869772837	0.632848148864	0.55702557274	0.52893857419	1.86072491542	1.32555253746	0.92826878202	0.564598999517	0.529862812953	0.522488559691	1.79121203963	0.80613560174	0.475570903818	0.408458144031	0.590414291928	0.811156853552	0.850317433543	0.684449072015	0.288331691638	0.321647317545	1.12116606573	0.81902098115	0.523299864669	0.602128255196	0.473700091832	0.762355640406	0.511297965201	1.23611376027	1.11218964717	0.518232735621	0.725792054132	0.629773421943	1.13169595457	0.936254630256	0.936808192363	0.935729536008	0.966166810053	1.042240232	0.729128878685	0.736953687772	0.697742706622	0.769222609956	0.564190434993	1.04861849203	0.633769869502	0.907590637989	0.514457704205	0.907470541324
AE3	0.87369961334	0.66710921218	2.33914564524	1.16128172064	0.938065374577	0.477260956984	1.24471621073	0.265655437409	0.0	0.910075592073	0.389582112131	0.739717201547	0.594250715321	2.00148628806	0.795248090865	0.762875485742	0.563956524891	0.558145853069	1.9531460174	1.42576508458	1.01155176897	0.655248405027	0.472614296762	0.472402991783	1.90174346544	0.922912034799	0.441578637023	0.468225084582	0.667305147414	0.90623318028	0.906783861769	0.75364081682	0.268230947318	0.345138443693	1.17106511841	0.878010512325	0.481442870952	0.748055775737	0.517777549541	0.936389898502	0.624604596423	1.30200548574	1.18471538908	0.646878525858	0.740911561141	0.608509400677	1.19270244079	0.991682112131	1.02284895602	0.996642991783	1.01493240696	1.10393708072	0.782490086999	0.796266592557	0.746345413243	0.833450323828	0.692417723538	1.11620817786	0.766000309328	0.964305727405	0.607865002417	0.967983107782
AE4	0.661290826486	0.545481556307	2.12109972934	0.821722725955	0.634016964717	0.751923325278	0.429533446109	0.691363093282	0.910075592073	0.0	1.02761111165	0.582215761237	0.74285481392	1.77255116965	0.507742387627	0.567881788304	0.847614098598	0.846222817786	1.50536911068	0.978003344611	0.759838390527	0.693119221846	0.953727143548	0.932954678589	1.34221397293	0.569280357661	0.8603060029	0.741498646689	0.607901348478	0.597804896085	0.930109603673	0.817658767521	0.846673721605	0.817263992267	0.961868182697	0.817412648623	0.906691706138	0.471487694538	0.780959898502	0.518494586757	0.602789768004	0.990077510875	0.871738627356	0.498511527308	1.12187320445	1.06374916868	1.03044254712	1.03169313195	0.850776234896	0.908639531174	1.19967654422	1.11056110198	0.868534804253	0.909521546641	0.914264465926	0.856432624456	0.633422131464	1.03439843403	0.638495737071	0.993882730788	0.737473721605	1.01382479942
AF3	0.977315268246	0.795182092798	2.52098166747	1.26973729821	1.08151245529	0.44868659739	1.34302644273	0.483859221846	0.389582112131	1.02761111165	0.0	0.848287269212	0.662681981634	2.17784508458	0.941655596907	0.852121870469	0.499646853552	0.486524504592	2.0695341131	1.53742429676	1.09530947318	0.7689979797	0.362569255679	0.365639255679	1.9891182697	1.00903128565	0.460177791203	0.573446529725	0.801424040599	1.01409314645	0.831167356211	0.713937825036	0.473408767521	0.456234649589	1.21880599323	0.981464446593	0.424933334944	0.889458371194	0.513248777187	1.00120070082	0.695043992267	1.48953224746	1.37212843403	0.762859816336	0.702323697438	0.57412680522	1.20613261479	0.993181285645	1.09972416626	1.0134941711	1.01740057999	1.08111806187	0.779930043499	0.779777617206	0.753010125665	0.803951768971	0.821047829869	1.10776630739	0.871164180764	0.967090062832	0.601541256646	0.968362841953
AF4	0.735019270179	0.47080280812	2.26737053166	0.950579067182	0.284271043983	0.49013520058	0.907100633156	0.669882025133	0.739717201547	0.582215761237	0.848287269212	0.0	0.622567433543	1.92023700338	0.500745099082	0.576601773804	0.830472479459	0.80453338811	1.6202	1.0956561479	0.963949859836	0.802065500242	1.0271479507	1.00704231996	1.46184965684	0.682175896568	0.887308820686	0.831322798453	0.739041933301	0.770273117448	0.995656607057	0.882421730304	0.75924157564	0.727564113098	0.787693948768	0.559007868536	0.758906365394	0.572906123731	0.647564485259	0.538873847269	0.497431899468	1.16970052199	1.0666261914	0.473494876752	0.945271324311	0.882460086999	0.801726428226	0.7438960174	0.590017583374	0.628449492508	0.912400463992	0.823815123248	0.586510275495	0.673280961817	0.688409323345	0.640989110681	0.611739342678	0.755476379894	0.626868637023	0.708141159981	0.647696027066	0.732828525858
AG3	0.738182682455	0.424173876269	2.31644831803	0.883701802803	0.825085137748	0.417131836636	1.04813990817	0.50162980667	0.594250715321	0.74285481392	0.662681981634	0.622567433543	0.0	1.94988452392	0.552791778637	0.54422897535	0.558565142581	0.552075360077	1.77313178347	1.25055362494	0.956346872885	0.6164159884	0.690139966167	0.682785142581	1.64124595457	0.729961870469	0.564925108748	0.540564973417	0.631159565007	0.774224369261	0.839142658289	0.672690768487	0.555378240696	0.498758506525	1.05249480909	0.787451561141	0.702405118415	0.634614098598	0.524532237796	0.70274502175	0.489225490575	1.25244093765	1.13938332044	0.522878559691	0.865506500725	0.793452334461	1.00885356211	0.810179333011	0.838950633156	0.803923537941	0.954456152731	0.92977661189	0.602853987434	0.669713257612	0.690218477525	0.665095645239	0.452377051716	0.9440440261	0.503286848719	0.798528303528	0.384088641856	0.784007269212
AG4	1.91242233446	1.89797211696	0.392494649589	1.10049031899	1.85178998067	2.02491165297	1.55503066699	1.97167303528	2.00148628806	1.77255116965	2.17784508458	1.92023700338	1.94988452392	0.0	1.80577353794	1.92569258096	2.12570750121	2.14495510875	0.853609666506	1.14750424843	1.62049504108	1.86006520058	2.06870928468	2.06074783954	1.63210189464	1.84172721605	2.03109927985	1.92241001933	1.58130057999	1.45155062349	2.11811033349	2.10130142098	1.94590318028	2.03655281295	2.2209421653	2.11996272595	2.25719637023	1.62397335428	2.16800765587	1.93978430643	2.04570859352	0.991401507975	1.10290254712	1.78373459642	2.39628691638	2.31710337361	2.31120004833	2.3320181827	2.17012681489	2.24603336878	2.44380622523	2.38120175447	2.21977312711	2.27468014983	2.2720519333	2.23396612373	1.95216959884	2.33147250362	1.96544839536	2.29835230546	2.03257769937	2.32090268729
AH3	0.746586969551	0.316482754954	2.14663790237	0.857001150314	0.621136945384	0.677226370227	0.787233755437	0.650869772837	0.795248090865	0.507742387627	0.941655596907	0.500745099082	0.552791778637	1.80577353794	0.0	0.554645674239	0.814933682939	0.805892261962	1.53477382794	1.0295698985	0.890324335428	0.768842605123	0.953243267279	0.949331063316	1.43465865152	0.709384910585	0.828101440309	0.754934615756	0.684544983084	0.702487796037	1.01465725955	0.882080555824	0.704192078299	0.728512266796	0.996341077815	0.80878300145	0.869927104882	0.494077941034	0.736009816336	0.571011135814	0.556388521025	1.04368594007	0.9378480232	0.453184789754	1.08398214596	1.0209160609	0.994282344128	0.925810125665	0.795868134364	0.83244961334	1.06833711455	1.00555570807	0.791143078782	0.843461691638	0.836376732721	0.78168041566	0.557404142098	0.951901536974	0.589550033833	0.884288028033	0.655187999033	0.898752348961
AH4	0.298894364427	0.312516075399	2.27763609473	0.941494644756	0.758299294345	0.60587560174	0.889271319478	0.632848148864	0.762875485742	0.567881788304	0.852121870469	0.576601773804	0.54422897535	1.92569258096	0.554645674239	0.0	0.656009516675	0.636610077332	1.52403442726	1.04189178347	0.884035432576	0.634762711455	0.792811126148	0.774804751087	1.43476902368	0.574626969551	0.693887694538	0.605429086515	0.630968608023	0.69681099565	0.769555480909	0.632343136781	0.741355084582	0.684293871435	0.997989555341	0.777628985017	0.785762116965	0.618889550507	0.615988347028	0.511920666989	0.463265514741	1.21581852586	1.09391227646	0.549310666989	0.997364514258	0.951551865636	0.899129120348	0.814131778637	0.806812745288	0.714645534074	0.95883138231	0.875375128081	0.591007332044	0.631187791203	0.649135959401	0.59138041566	0.387781164814	0.829064649589	0.377992701788	0.777682904785	0.485915703238	0.793735983567
AA7	0.757741677139	0.655685746738	2.46503732721	1.16900279845	1.00157543258	0.606380836153	1.21179948284	0.55702557274	0.563956524891	0.847614098598	0.499646853552	0.830472479459	0.558565142581	2.12570750121	0.814933682939	0.656009516675	0.0	0.147928748188	1.83875479942	1.31404566941	1.0058340551	0.610546718221	0.439433470275	0.437707249879	1.76161759304	0.820912735621	0.349155548574	0.394729961334	0.69308038666	0.886731870469	0.626880115998	0.42192578057	0.505842358627	0.50854640406	1.22815002417	1.02717765104	0.524887419043	0.843779347511	0.492510546158	0.897115123248	0.682777119381	1.42328369261	1.31556651039	0.77006821653	0.797224818753	0.691612073465	1.11679555341	0.934657728371	1.0867342291	0.982088980184	0.947501401643	1.01982446109	0.700657544708	0.718194378927	0.688523939101	0.721376727888	0.544188235863	1.01245394393	0.56462059449	0.944373426776	0.466969144514	0.908237158047
AA8	0.743940971484	0.63858139681	2.48624550507	1.17986160947	0.981643310778	0.571345659739	1.21299143064	0.52893857419	0.558145853069	0.846222817786	0.486524504592	0.80453338811	0.552075360077	2.14495510875	0.805892261962	0.636610077332	0.147928748188	0.0	1.84146677622	1.31016935234	0.987100550991	0.588302445626	0.451313856936	0.449758849686	1.73470115998	0.792734340261	0.36727141131	0.391937926535	0.6999340261	0.889386553891	0.594515282745	0.373848757854	0.525457448043	0.495743049782	1.19833267279	0.994636259062	0.510890473659	0.835903136781	0.463673243113	0.861606065732	0.658736307395	1.45067295312	1.33680390043	0.747554905752	0.7678859884	0.677161778637	1.09350056066	0.89944359594	1.05243993233	0.945969676172	0.918268129531	0.98951481392	0.679754635089	0.685904093765	0.657083939101	0.691151981634	0.560224021266	0.998998313195	0.584123301112	0.902595437409	0.436814277429	0.875224475592
AB7	1.49935696955	1.58527279362	1.11259759787	1.01344486709	1.51741232963	1.83168819236	1.34228663606	1.86072491542	1.9531460174	1.50536911068	2.0695341131	1.6202	1.77313178347	0.853609666506	1.53477382794	1.52403442726	1.83875479942	1.84146677622	0.0	0.586277713871	1.51858449493	1.65745717738	1.95935036733	1.93781438376	1.1227699855	1.50070995167	1.87061208797	1.75296222813	1.41042324795	1.2033260319	1.76717879169	1.75856288062	1.88833706138	1.92585479459	1.92839770904	1.86986312228	2.00978748671	1.48404300145	1.90004553891	1.5291279797	1.71987573707	0.983925954567	1.08380737071	1.58005754471	2.20258236346	2.15107553407	1.95244299662	1.99769397777	1.86706567424	1.87589473175	2.11513340744	2.04048319478	1.85875703238	1.90245177864	1.89966635573	1.85446126148	1.64588013533	1.96829653456	1.64150205413	1.94284561624	1.76506032866	1.98420636056
AB8	1.0331662059	1.06550664089	1.48772592557	0.515455340744	1.03742247463	1.29786937651	0.842059671339	1.32555253746	1.42576508458	0.978003344611	1.53742429676	1.0956561479	1.25055362494	1.14750424843	1.0295698985	1.04189178347	1.31404566941	1.31016935234	0.586277713871	0.0	1.01669282262	1.11575411793	1.4228417593	1.39810360077	1.097709855	0.990271338811	1.33324786854	1.21571336878	0.851270260996	0.668572783954	1.26456536974	1.22960664572	1.36486589174	1.38685250846	1.46559128565	1.36085494925	1.48131758337	0.949198608023	1.36534566941	1.04408294828	1.1946682407	0.706762943451	0.719199091348	1.04263884485	1.68266140164	1.61290096182	1.51303573224	1.51377687289	1.3905577622	1.39625533591	1.63367932818	1.56862250362	1.37219501692	1.41160186564	1.4135680812	1.37209020783	1.13703390527	1.50631108748	1.14748695022	1.45490105848	1.23248553407	1.49822240213
AC7	0.821538003867	0.882248936684	1.96153955051	0.925838612856	1.04745250362	0.934595741904	0.863004354761	0.92826878202	1.01155176897	0.759838390527	1.09530947318	0.963949859836	0.956346872885	1.62049504108	0.890324335428	0.884035432576	1.0058340551	0.987100550991	1.51858449493	1.01669282262	0.0	0.507282648623	0.999594987917	0.985520309328	1.40579915901	0.728734214596	0.95618540841	0.81611121798	0.589792102465	0.581349908168	0.876568738521	0.830132179797	0.951151106815	0.925267322378	1.27713670372	1.13364348961	1.15595639923	0.764106587724	1.05345928468	0.964817675205	0.979890169164	1.14832411793	1.07436704205	0.744586563557	1.13861344128	1.08651225713	1.45973455776	1.43910167231	1.24079684872	1.27380134364	1.56592809087	1.50499965684	1.14204762687	1.21606315611	1.22938544708	1.15410119381	0.948945239246	1.44267003867	0.934633044949	1.31511874335	0.933270323828	1.40246994683
AC8	0.664689632673	0.629016930884	2.20290199613	0.945271362977	0.996423330111	0.612201387144	0.956239086515	0.564598999517	0.655248405027	0.693119221846	0.7689979797	0.802065500242	0.6164159884	1.86006520058	0.768842605123	0.634762711455	0.610546718221	0.588302445626	1.65745717738	1.11575411793	0.507282648623	0.0	0.638259656839	0.613414789753	1.52258786854	0.6005600145	0.491532116965	0.359256302562	0.447070285162	0.611244098598	0.605342677622	0.480310304495	0.591918521025	0.584931614306	1.14285857902	0.861224436926	0.763220130498	0.672581996133	0.67747081682	0.813253122281	0.670090120831	1.1979518608	1.09097305462	0.595236839053	0.883622750121	0.807824765587	1.26205178347	1.08659599807	1.02660208797	1.01355844369	1.18239169647	1.170390174	0.81099499275	0.854532087965	0.862625118415	0.850136080232	0.58417659739	1.1697039681	0.614740468826	0.975298260029	0.556550681489	1.04797984534
AD7	0.895255650072	0.804948032866	2.40911193813	1.19355686805	1.2233497245	0.693148255196	1.27168084099	0.529862812953	0.472614296762	0.953727143548	0.362569255679	1.0271479507	0.690139966167	2.06870928468	0.953243267279	0.792811126148	0.439433470275	0.451313856936	1.95935036733	1.4228417593	0.999594987917	0.638259656839	0.0	0.106801657806	1.8884078927	0.86788677622	0.334603431609	0.41664298695	0.685250106332	0.895282402127	0.735307689705	0.589804664089	0.481398902852	0.520004465926	1.36400703238	1.11025929918	0.573928458192	0.873252566457	0.647969275012	1.04057247946	0.823655529241	1.38370270179	1.26423481875	0.836034572257	0.824493823103	0.69870739971	1.33150176414	1.13544036249	1.23161104398	1.16457657322	1.14389897052	1.22742176897	0.92436939101	0.907406341228	0.866591155147	0.948246727888	0.748727380377	1.24651859836	0.790709105848	1.11849065732	0.622836186564	1.1025458434
AD8	0.888457346544	0.787342324795	2.40040126148	1.17002518608	1.20762574674	0.679336756887	1.24905850652	0.522488559691	0.472402991783	0.932954678589	0.365639255679	1.00704231996	0.682785142581	2.06074783954	0.949331063316	0.774804751087	0.437707249879	0.449758849686	1.93781438376	1.39810360077	0.985520309328	0.613414789753	0.106801657806	0.0	1.84519365877	0.828915703238	0.325933586274	0.403117974867	0.652164156597	0.864326892218	0.722143518608	0.579371193813	0.485554142098	0.521639975834	1.3574958434	1.10196476559	0.560996273562	0.855618970517	0.637280966651	1.02206487675	0.804378888352	1.38191358144	1.26428094248	0.820378820686	0.820072493958	0.694167230546	1.32268919285	1.12201634606	1.22246733688	1.15460572257	1.13387714838	1.21884476075	0.913785316578	0.892419366844	0.851439840503	0.934268472692	0.748742706622	1.23589083132	0.792509681005	1.10735909135	0.608311648139	1.08909971967
AE7	1.38353494925	1.49723345094	1.89912523441	1.24845575157	1.35422104882	1.69109516191	1.23952987434	1.79121203963	1.90174346544	1.34221397293	1.9891182697	1.46184965684	1.64124595457	1.63210189464	1.43465865152	1.43476902368	1.76161759304	1.73470115998	1.1227699855	1.097709855	1.40579915901	1.52258786854	1.8884078927	1.84519365877	0.0	1.04657950217	1.81641156597	1.68873463992	1.39058019333	1.26802444659	1.57472354761	1.5847078492	1.84999445143	1.82098608507	1.72438475592	1.72546351861	1.92231912518	1.46543034799	1.80823541808	1.3836658724	1.6372242146	1.44095537941	1.46276190913	1.50038438859	2.03005257129	1.99353751571	1.71008025133	1.8065258869	1.63643247946	1.65498848719	1.97810338328	1.83147474625	1.6785960464	1.73000452876	1.75005856452	1.64361068632	1.58634268729	1.76130019816	1.54485138231	1.77155648139	1.66761447076	1.80761292412
AE8	0.622843992267	0.609157071049	2.18118973417	0.919420927985	0.83880940551	0.733478743354	0.856698656356	0.80613560174	0.922912034799	0.569280357661	1.00903128565	0.682175896568	0.729961870469	1.84172721605	0.709384910585	0.574626969551	0.820912735621	0.792734340261	1.50070995167	0.990271338811	0.728734214596	0.6005600145	0.86788677622	0.828915703238	1.04657950217	0.0	0.825683238279	0.703745857902	0.621892097632	0.576991855969	0.739983465442	0.678412803287	0.884462266796	0.836247713871	1.09334938134	0.907710318995	0.950753562107	0.673390120831	0.850915877235	0.664958443693	0.715424132431	1.19033740454	1.08086601257	0.653948559691	1.10522438859	1.05512390043	1.11929090865	1.08752626873	0.903883832769	0.922269439343	1.22752505075	1.17776035766	0.870915732238	0.928030971484	0.935782426293	0.871602232963	0.696856544224	1.11370915418	0.701260666989	0.98664419043	0.717325766071	1.06931214596
AF7	0.818529299178	0.679924088932	2.37131316578	1.12963588207	1.08113726438	0.603226138231	1.19756137264	0.475570903818	0.441578637023	0.8603060029	0.460177791203	0.887308820686	0.564925108748	2.03109927985	0.828101440309	0.693887694538	0.349155548574	0.36727141131	1.87061208797	1.33324786854	0.95618540841	0.491532116965	0.334603431609	0.325933586274	1.81641156597	0.825683238279	0.0	0.223647201547	0.613694572257	0.798440294828	0.686430898985	0.559847631706	0.422615335911	0.455722948284	1.22364181247	0.969426839053	0.512729966167	0.765179159014	0.558820652489	0.918182667956	0.700487322378	1.35336330111	1.23272991783	0.709953131948	0.803559652006	0.68580662639	1.2134158579	1.02849119865	1.09458517641	1.04052917835	1.03516224746	1.12227335911	0.805577124215	0.818709753504	0.780639797003	0.848579913001	0.588682643789	1.12258369261	0.624953832769	0.993580604157	0.503947167714	0.987781116481
AF8	0.701634809087	0.600745645239	2.26727351377	1.00154711455	1.02358840019	0.559359400677	1.07670232963	0.408458144031	0.468225084582	0.741498646689	0.573446529725	0.831322798453	0.540564973417	1.92241001933	0.754934615756	0.605429086515	0.394729961334	0.391937926535	1.75296222813	1.21571336878	0.81611121798	0.359256302562	0.41664298695	0.403117974867	1.68873463992	0.703745857902	0.223647201547	0.0	0.503853905268	0.688706307395	0.672406133398	0.50827638956	0.43364861769	0.424258511358	1.19650742871	0.927002025133	0.572758917351	0.682706872885	0.546012203963	0.846498675689	0.640040720155	1.23721917351	1.1194418173	0.641166858386	0.817649163847	0.727702508458	1.20467723055	1.01979957951	1.04690314645	1.02177807153	1.02906592073	1.11039628806	0.798187496375	0.81403078782	0.783888999517	0.84712057999	0.546974910585	1.11788714355	0.592846708555	0.985794137264	0.482726703722	0.974500990817
AG7	0.720179859836	0.611361793137	1.916890261	0.666056727888	0.856584461092	0.636743832769	0.856756679555	0.590414291928	0.667305147414	0.607901348478	0.801424040599	0.739041933301	0.631159565007	1.58130057999	0.684544983084	0.630968608023	0.69308038666	0.6999340261	1.41042324795	0.851270260996	0.589792102465	0.447070285162	0.685250106332	0.652164156597	1.39058019333	0.621892097632	0.613694572257	0.503853905268	0.0	0.290624059932	0.786565712905	0.668013881102	0.615265906235	0.676774117931	1.23146111165	0.941291570807	0.857601290478	0.487321957467	0.76808378927	0.795983823103	0.697817138714	0.95183961334	0.840816853552	0.474709057516	1.06008952634	0.964516500725	1.27956300628	1.10696599323	1.09064506525	1.07597138714	1.22978115998	1.19463124698	0.894565867569	0.927575799903	0.936039009183	0.933005031416	0.644696462059	1.19571946351	0.673321754471	1.05948463992	0.639956607057	1.07436355727
AG8	0.712599115515	0.683386094732	1.79556530208	0.575987390043	0.866834823586	0.795507245046	0.727473431609	0.811156853552	0.90623318028	0.597804896085	1.01409314645	0.770273117448	0.774224369261	1.45155062349	0.702487796037	0.69681099565	0.886731870469	0.889386553891	1.2033260319	0.668572783954	0.581349908168	0.611244098598	0.895282402127	0.864326892218	1.26802444659	0.576991855969	0.798440294828	0.688706307395	0.290624059932	0.0	0.895297941034	0.836701730304	0.85095518608	0.867931072982	1.22829250846	1.02120561624	1.03836101015	0.488905785404	0.923523837603	0.777799695505	0.822004891252	0.869384862252	0.781836940551	0.573629328178	1.21983162397	1.12664576124	1.28932605123	1.24901981634	1.11253395843	1.15291130981	1.37244143064	1.32974807637	1.03781923635	1.06993991783	1.07037647656	1.04935047366	0.783718405027	1.27258290478	0.797039840503	1.19959075882	0.788359139681	1.21506092798
AH7	0.760826587724	0.837450908652	2.44494507975	1.26390285645	1.16887686322	0.810675654906	1.18415965684	0.850317433543	0.906783861769	0.930109603673	0.831167356211	0.995656607057	0.839142658289	2.11811033349	1.01465725955	0.769555480909	0.626880115998	0.594515282745	1.76717879169	1.26456536974	0.876568738521	0.605342677622	0.735307689705	0.722143518608	1.57472354761	0.739983465442	0.686430898985	0.672406133398	0.786565712905	0.895297941034	0.0	0.26815300145	0.904337293378	0.850294001933	1.18387779604	1.03859488642	0.807069371677	0.97004961334	0.771508525858	0.96538441276	0.839321053649	1.46864592557	1.36719504592	0.884342058966	0.971197298212	0.917921681972	1.24757278879	1.07191664572	1.16968556791	1.05188191397	1.14897394877	1.15199371194	0.831617718705	0.845371034316	0.820748240696	0.837249188014	0.770975940068	1.16463880619	0.798426094732	0.990559661672	0.690228313195	1.05335181247
AH8	0.688644064766	0.692814359594	2.44472248913	1.17889262929	1.04324412276	0.658478110198	1.12997706622	0.684449072015	0.75364081682	0.817658767521	0.713937825036	0.882421730304	0.672690768487	2.10130142098	0.882080555824	0.632343136781	0.42192578057	0.373848757854	1.75856288062	1.22960664572	0.830132179797	0.480310304495	0.589804664089	0.579371193813	1.5847078492	0.678412803287	0.559847631706	0.50827638956	0.668013881102	0.836701730304	0.26815300145	0.0	0.737236964717	0.660627573707	1.14410078299	0.95751579507	0.706715490575	0.876674504592	0.599069144514	0.856835297245	0.71109322378	1.41663478009	1.30544455776	0.77759537941	0.844092010633	0.781922967617	1.15190269696	0.977855147414	1.05744535524	0.946569028516	1.02727333011	1.05999627356	0.707748419526	0.729691546641	0.698534224263	0.729441387144	0.631713871435	1.06662348478	0.647023939101	0.891462503625	0.527003711938	0.950400744321
AA5	0.882081580474	0.619678864186	2.27973316095	1.12056072982	0.962870512325	0.530882334461	1.16919717255	0.288331691638	0.268230947318	0.846673721605	0.473408767521	0.75924157564	0.555378240696	1.94590318028	0.704192078299	0.741355084582	0.505842358627	0.525457448043	1.88833706138	1.36486589174	0.951151106815	0.591918521025	0.481398902852	0.485554142098	1.84999445143	0.884462266796	0.422615335911	0.43364861769	0.615265906235	0.85095518608	0.904337293378	0.737236964717	0.0	0.272280188497	1.22427869502	0.904543702272	0.571987641373	0.649349284679	0.588259903335	0.846562837119	0.632846041566	1.21174436926	1.08456285645	0.566208487192	0.789286143064	0.659670720155	1.26452075399	1.06951799903	1.07196842919	1.06440354761	1.08897344611	1.17216051716	0.845879700338	0.863230821653	0.809648559691	0.899786336394	0.590293330111	1.17826342678	0.658592948284	1.02287749638	0.582707733204	1.03998061866
AA6	0.827729473175	0.601945297245	2.38174428226	1.14641681972	0.944548564524	0.417066698888	1.12165477042	0.321647317545	0.345138443693	0.817263992267	0.456234649589	0.727564113098	0.498758506525	2.03655281295	0.728512266796	0.684293871435	0.50854640406	0.495743049782	1.92585479459	1.38685250846	0.925267322378	0.584931614306	0.520004465926	0.521639975834	1.82098608507	0.836247713871	0.455722948284	0.424258511358	0.676774117931	0.867931072982	0.850294001933	0.660627573707	0.272280188497	0.0	1.08230850169	0.798846529725	0.49250179797	0.660011841469	0.451752368294	0.817406379894	0.514215558241	1.30769371194	1.18556246496	0.565501271145	0.585643914935	0.474148550024	1.1419200145	0.959256476559	0.92494277912	0.900263069116	0.980654378927	1.04526587724	0.69755578057	0.738417873369	0.700459903335	0.752071116481	0.586934465926	1.04586570324	0.652266892218	0.872212696955	0.509546761721	0.925822237796
AB5	1.10182023683	0.965624557757	2.5565861624	1.38544859836	0.801009942001	0.989174127598	1.20760745771	1.12116606573	1.17106511841	0.961868182697	1.21880599323	0.787693948768	1.05249480909	2.2209421653	0.996341077815	0.997989555341	1.22815002417	1.19833267279	1.92839770904	1.46559128565	1.27713670372	1.14285857902	1.36400703238	1.3574958434	1.72438475592	1.09334938134	1.22364181247	1.19650742871	1.23146111165	1.22829250846	1.18387779604	1.14410078299	1.22427869502	1.08230850169	0.0	0.395687365877	1.00111850652	1.04029525858	0.947257999033	0.850605833736	0.844652595457	1.54156007733	1.43845830353	0.968943131948	0.970795712905	0.971467075882	0.810129782504	0.896416423393	0.725968690188	0.749106041566	1.05527753504	0.934576186564	0.801975911068	0.902102527791	0.947965205413	0.880718535524	1.01103714838	0.859538496858	1.00729860319	0.813350720155	1.02563770904	0.894744320928
AB6	0.930964509425	0.705500169164	2.46506162881	1.23090959401	0.717209787337	0.709896273562	1.06313479459	0.81902098115	0.878010512325	0.817412648623	0.981464446593	0.559007868536	0.787451561141	2.11996272595	0.80878300145	0.777628985017	1.02717765104	0.994636259062	1.86986312228	1.36085494925	1.13364348961	0.861224436926	1.11025929918	1.10196476559	1.72546351861	0.907710318995	0.969426839053	0.927002025133	0.941291570807	1.02120561624	1.03859488642	0.95751579507	0.904543702272	0.798846529725	0.395687365877	0.0	0.786356602223	0.775971449976	0.744283692605	0.727120845819	0.597975418076	1.38927919768	1.28259868052	0.649589125181	0.746096447559	0.745732769454	0.761031126148	0.689783653939	0.543439429676	0.548025132914	0.845304001933	0.765657394877	0.612015292412	0.720887448043	0.760122257129	0.713736650556	0.74911098115	0.708667892702	0.752927496375	0.589093678105	0.801199903335	0.681183798937
AC5	0.921963760271	0.742983035283	2.60251486709	1.34120147898	0.967979043016	0.559125799903	1.24581682939	0.523299864669	0.481442870952	0.906691706138	0.424933334944	0.758906365394	0.702405118415	2.25719637023	0.869927104882	0.785762116965	0.524887419043	0.510890473659	2.00978748671	1.48131758337	1.15595639923	0.763220130498	0.573928458192	0.560996273562	1.92231912518	0.950753562107	0.512729966167	0.572758917351	0.857601290478	1.03836101015	0.807069371677	0.706715490575	0.571987641373	0.49250179797	1.00111850652	0.786356602223	0.0	0.793745287579	0.406859772837	0.885900937651	0.588093615273	1.55704893668	1.43152689222	0.728296979217	0.568754519091	0.479161242146	0.99522742871	0.774942943451	0.92038460609	0.833563359111	0.791763272112	0.857589656839	0.608376157564	0.577031744804	0.550222725955	0.629526766554	0.727136959884	0.897439690672	0.778254074432	0.783213615273	0.575993528275	0.752191536974
AC6	0.762818685355	0.532356636056	1.97059950701	0.729173871435	0.693673533108	0.632621962301	0.657349096182	0.602128255196	0.748055775737	0.471487694538	0.889458371194	0.572906123731	0.634614098598	1.62397335428	0.494077941034	0.618889550507	0.843779347511	0.835903136781	1.48404300145	0.949198608023	0.764106587724	0.672581996133	0.873252566457	0.855618970517	1.46543034799	0.673390120831	0.765179159014	0.682706872885	0.487321957467	0.488905785404	0.97004961334	0.876674504592	0.649349284679	0.660011841469	1.04029525858	0.775971449976	0.793745287579	0.0	0.755811565974	0.612809637506	0.604171227646	0.799212841953	0.674434847753	0.32682477042	1.0312461479	0.95259561624	1.10078213146	1.0438600725	0.910606007733	0.943384538424	1.16945215563	1.1261982987	0.844863852102	0.916300599323	0.920930923151	0.866665326245	0.600488753021	1.06736461092	0.625148313195	0.993577849203	0.660191942968	1.03279230063
AD6	0.772991304978	0.561987525375	2.51350076849	1.18792564041	0.83617417593	0.418475248913	1.14414256646	0.473700091832	0.517777549541	0.780959898502	0.513248777187	0.647564485259	0.524532237796	2.16800765587	0.736009816336	0.615988347028	0.492510546158	0.463673243113	1.90004553891	1.36534566941	1.05345928468	0.67747081682	0.647969275012	0.637280966651	1.80823541808	0.850915877235	0.558820652489	0.546012203963	0.76808378927	0.923523837603	0.771508525858	0.599069144514	0.588259903335	0.451752368294	0.947257999033	0.744283692605	0.406859772837	0.755811565974	0.0	0.72447179797	0.374328835186	1.4540142581	1.33291484292	0.650301401643	0.650694794587	0.565638453359	0.860288719188	0.687742165297	0.805172759787	0.681282870952	0.72301319478	0.786853344611	0.465176307395	0.489903107782	0.467621087482	0.510203262446	0.549494364427	0.783934146931	0.597761851136	0.661065993233	0.361327075882	0.658582474625
AE5	0.607713910101	0.511404688255	2.2878160174	0.970824098598	0.635057631706	0.727199748671	0.819306843886	0.762355640406	0.936389898502	0.518494586757	1.00120070082	0.538873847269	0.70274502175	1.93978430643	0.571011135814	0.511920666989	0.897115123248	0.861606065732	1.5291279797	1.04408294828	0.964817675205	0.813253122281	1.04057247946	1.02206487675	1.3836658724	0.664958443693	0.918182667956	0.846498675689	0.795983823103	0.777799695505	0.96538441276	0.856835297245	0.846562837119	0.817406379894	0.850605833736	0.727120845819	0.885900937651	0.612809637506	0.72447179797	0.0	0.43083340261	1.16417070565	1.05497023683	0.542729913001	1.09509845336	1.058250116	0.863410367327	0.854164751087	0.787017211213	0.700499289512	1.01227107298	0.936131387144	0.648229574674	0.706709685839	0.749900289995	0.640058946351	0.555988124698	0.860460782987	0.532548893185	0.796787109715	0.659560826486	0.835787351377
AE6	0.641895471242	0.401853450942	2.39206218946	1.07102708072	0.686052774287	0.456945389077	0.943935355244	0.511297965201	0.624604596423	0.602789768004	0.695043992267	0.497431899468	0.489225490575	2.04570859352	0.556388521025	0.463265514741	0.682777119381	0.658736307395	1.71987573707	1.1946682407	0.979890169164	0.670090120831	0.823655529241	0.804378888352	1.6372242146	0.715424132431	0.700487322378	0.640040720155	0.697817138714	0.822004891252	0.839321053649	0.71109322378	0.632846041566	0.514215558241	0.844652595457	0.597975418076	0.588093615273	0.604171227646	0.374328835186	0.43083340261	0.0	1.29137733204	1.16628477042	0.470438724021	0.777172116965	0.735863151281	0.855155234413	0.70727817303	0.68449159014	0.629439884002	0.850501962301	0.792902653456	0.462648061866	0.526983136781	0.525665746738	0.488655954567	0.419519710005	0.779475248913	0.455730821653	0.638900077332	0.432594064766	0.684753146448
AF5	1.24080537941	1.1677481827	1.33539374094	0.58359077332	1.14363250362	1.30499258096	0.810697201547	1.23611376027	1.30200548574	0.990077510875	1.48953224746	1.16970052199	1.25244093765	0.991401507975	1.04368594007	1.21581852586	1.42328369261	1.45067295312	0.983925954567	0.706762943451	1.14832411793	1.1979518608	1.38370270179	1.38191358144	1.44095537941	1.19033740454	1.35336330111	1.23721917351	0.95183961334	0.869384862252	1.46864592557	1.41663478009	1.21174436926	1.30769371194	1.54156007733	1.38927919768	1.55704893668	0.799212841953	1.4540142581	1.16417070565	1.29137733204	0.0	0.172248994683	0.998477148381	1.69629590623	1.61939292412	1.65796467859	1.63974848719	1.51183324311	1.55277272112	1.7618837796	1.7286157999	1.50275475109	1.57609333494	1.5819222088	1.52929432093	1.21373689705	1.66775201063	1.23221462059	1.6027558724	1.33210463026	1.62650220396
AF6	1.13944702755	1.04511688739	1.44320494925	0.519995302078	1.0492821943	1.18818428226	0.727347791203	1.11218964717	1.18471538908	0.871738627356	1.37212843403	1.0666261914	1.13938332044	1.10290254712	0.9378480232	1.09391227646	1.31556651039	1.33680390043	1.08380737071	0.719199091348	1.07436704205	1.09097305462	1.26423481875	1.26428094248	1.46276190913	1.08086601257	1.23272991783	1.1194418173	0.840816853552	0.781836940551	1.36719504592	1.30544455776	1.08456285645	1.18556246496	1.43845830353	1.28259868052	1.43152689222	0.674434847753	1.33291484292	1.05497023683	1.16628477042	0.172248994683	0.0	0.875178941518	1.57343352344	1.49352046883	1.55997654422	1.53931486225	1.41826252779	1.45870361044	1.65936636539	1.63551945868	1.38127063799	1.45255105848	1.45807687772	1.40552322861	1.09388895602	1.57621238279	1.10962855486	1.50222769937	1.20796784437	1.52694966167
AG5	0.70023060899	0.425375461576	2.12917687289	0.841929545674	0.612826104398	0.496519946834	0.788756234896	0.518232735621	0.646878525858	0.498511527308	0.762859816336	0.473494876752	0.522878559691	1.78373459642	0.453184789754	0.549310666989	0.77006821653	0.747554905752	1.58005754471	1.04263884485	0.744586563557	0.595236839053	0.836034572257	0.820378820686	1.50038438859	0.653948559691	0.709953131948	0.641166858386	0.474709057516	0.573629328178	0.884342058966	0.77759537941	0.566208487192	0.565501271145	0.968943131948	0.649589125181	0.728296979217	0.32682477042	0.650301401643	0.542729913001	0.470438724021	0.998477148381	0.875178941518	0.0	0.898462295795	0.844422310295	1.04737687772	0.942834722088	0.82528838086	0.81497839536	1.08160853552	1.01796926535	0.682822416626	0.775692725955	0.792944509425	0.704863301112	0.533551068149	0.963061329145	0.558732977284	0.84466979217	0.575939719671	0.924787085549
