	AA3	AA4	AB3	AB4	AC3	AC4	AD3	AD4	AE3	AE4	AF3	AF4	AG3	AG4	AH3	AH4	AA7	AA8	AB7	AB8	AC7	AC8	AD7	AD8	AE7	AE8	AF7	AF8	AG7	AG8	AH7	AH8	AA5	AA6	AB5	AB6	AC5	AC6	AD6	AE5	AE6	AF5	AF6	AG5	AH5	AH6	AA1	AA2	AB1	AB2	AC1	AC2	AD1	AD2	AE1	AE2	AF1	AF2	AG1	AG2	AH1	AH2
AA3	0.0	0.516486713388	2.28644057999	0.981040497825	0.876816157564	0.713675785404	0.923619482842	0.776714886419	0.871299130014	0.659950314161	0.909146273562	0.716665712905	0.690661092315	1.95337038666	0.732839782504	0.253267003383	0.786986969551	0.702472706622	1.47057520541	1.05646473175	0.842198719188	0.623753992267	0.871168883519	0.840402450459	1.38793016433	0.60163	0.720347839536	0.666453426776	0.704951420976	0.64495041566	0.739449047849	0.630268646689	0.829226524891	0.82087961334	1.05587270179	0.853900347994	0.917851594973	0.742531126148	0.721708753021	0.557484291928	0.568836756887	1.28010511358	1.15075179797	0.684290082165	1.09165563074	1.02974741421	0.935674736588	0.923236636056	0.908300546158	0.791819357177	1.06367497342	0.93832977767	0.660182938618	0.682311329145	0.762895819236	0.631026336394	0.529705558241	0.889266162397	0.475227307878	0.889316969551	0.610453552441	0.927917680039
AA4	0.516486713388	0.0	2.25979999517	0.913589589174	0.642426853552	0.554067245046	0.907104968584	0.507338245529	0.684810309328	0.579977423876	0.8068019768	0.433908221363	0.435033489609	1.93001930401	0.290372150797	0.3187620203	0.635837336878	0.672554267762	1.54021570324	1.04761153214	0.882644958917	0.650562977284	0.879554050266	0.827857496375	1.4777301595	0.605565654906	0.706935606573	0.657390724988	0.650402648623	0.655134258096	0.868006752054	0.688698318028	0.624459270179	0.635540865152	0.927832455292	0.687859260512	0.784095543741	0.570210260996	0.614083682939	0.525155326245	0.417668554857	1.20076507008	1.04431550507	0.456879260512	0.970077839536	0.864142953117	0.890376877719	0.805406191397	0.762290304495	0.723189086515	0.971626297728	0.865103044949	0.619141822136	0.622073315611	0.685700115998	0.606529705172	0.441985766071	0.83061502175	0.422821899468	0.801970662156	0.462781145481	0.804548627356
AB3	2.28644057999	2.25979999517	0.0	1.4574860754	2.19907408893	2.39657381344	1.89823363461	2.29036524891	2.33332554857	2.10001679072	2.52644902852	2.24871369744	2.33135547608	0.367834446593	2.16444781537	2.270890145	2.47853478975	2.49405926051	1.17872123731	1.49097764621	1.9519022088	2.17773054132	2.44036310295	2.4432577912	1.90894271145	2.11674887869	2.38623243113	2.32640888352	1.9097462204	1.85812552441	2.45028443693	2.41270037216	2.257260058	2.39077602707	2.5574437796	2.47998860319	2.64676048816	1.95044731754	2.546230029	2.31736704688	2.41108044949	1.32255165781	1.45197872885	2.07817204447	2.76625723538	2.64827550507	2.65391231029	2.68650160464	2.55647599323	2.58921265829	2.80352053166	2.72214292412	2.58676914451	2.60113608507	2.63691463992	2.59588137748	2.31042292895	2.67237285162	2.27843713871	2.66700840503	2.40451466409	2.684219739
AB4	0.981040497825	0.913589589174	1.4574860754	0.0	0.947584765587	1.03580214113	0.794876413726	1.00977598357	1.13824910101	0.806200778154	1.23745364427	0.922637230546	0.898599318511	1.11210434026	0.846560492992	0.915335128081	1.18373795553	1.20351524408	0.992272290962	0.503459052682	0.87792558724	0.942355350411	1.18811863219	1.16883155147	1.28099860802	0.848130497825	1.1503041421	1.05811056066	0.653759217013	0.61708417593	1.25778250846	1.13619029483	1.054370261	1.14003088932	1.36439563557	1.23764974867	1.39647632673	0.712149739004	1.21773880135	0.999475442243	1.06847314645	0.594026752054	0.486227307878	0.787842083132	1.50134351377	1.38819142098	1.4273759594	1.40346333978	1.31834061866	1.31453835669	1.55243551957	1.46344253262	1.26172173514	1.29555852586	1.34678338328	1.27786794587	1.01623041566	1.4279537651	0.974765563074	1.3975959304	1.07640286612	1.42027827453
AC3	0.876816157564	0.642426853552	2.19907408893	0.947584765587	0.0	0.794749275012	0.870225712905	0.82338438376	1.00264365877	0.639336631223	1.10001076365	0.352185070082	0.814470135331	1.8738782987	0.676921179314	0.76188060899	0.968607902368	0.996378936684	1.46827570324	1.03475569841	1.06437658772	1.01152104398	1.27619172064	1.22654700822	1.32917188014	0.850751145481	1.09719353794	1.05936246013	0.899483441276	0.898502580957	1.19180745771	1.03694394393	0.98484942001	0.985200352827	0.787108144031	0.699199540841	1.0019959304	0.751315500242	0.896682203963	0.706772319961	0.69409579507	1.1606242871	1.02107121315	0.600967274045	1.19087499758	1.10526196713	0.858590333494	0.949081551474	0.731527327211	0.775636858386	1.0951660174	0.949039623006	0.764236505558	0.830551159981	0.888238956017	0.783900589657	0.842579763171	0.890264146931	0.799321725471	0.903531541808	0.849654552924	0.959145311745
AC4	0.713675785404	0.554067245046	2.39657381344	1.03580214113	0.794749275012	0.0	1.12713879652	0.355579990333	0.461528641856	0.800635901402	0.376897651039	0.494878878685	0.43528378927	2.06915781054	0.681409439343	0.619646133398	0.498797651039	0.526222179797	1.81031855002	1.29861904785	0.924697375544	0.638220111165	0.644935901402	0.60229638956	1.70544843403	0.73490858869	0.563541904302	0.513587810536	0.662830628323	0.754384625423	0.78229499275	0.583164731754	0.483853697438	0.396321875302	1.01811882069	0.766832730788	0.60212361044	0.674008748188	0.425644258096	0.75318160464	0.512813199613	1.3512957274	1.1989817738	0.570577167714	0.722175746738	0.612254567424	1.0235679507	0.8327440116	0.862594668922	0.825518226196	0.92716918318	0.938737907202	0.605301517641	0.649350439826	0.690078757854	0.630672551957	0.583710952151	0.953520633156	0.632873832769	0.810658168197	0.426778076365	0.818853117448
AD3	0.923619482842	0.907104968584	1.89823363461	0.794876413726	0.870225712905	1.12713879652	0.0	1.0186281827	1.29792856936	0.419928666022	1.36530965201	0.925012841953	1.0810801015	1.56838896085	0.849522435959	0.916274731754	1.25603162397	1.22439516675	1.31373693088	0.860527365877	0.837105074915	0.938639236346	1.33663036733	1.31253880135	1.22253075882	0.838099748671	1.21137863219	1.13672914935	0.898558965684	0.803083383277	1.20851506525	1.11433276945	1.17898544708	1.18751833253	1.22409145964	1.09690984534	1.33226414693	0.718001184147	1.18004	0.857614697922	0.972368728855	0.869112281295	0.779677535041	0.779887080715	1.46401064766	1.3761082987	1.37449801837	1.38541296762	1.19185003383	1.21167769937	1.5337962059	1.42784050266	1.21934189947	1.2328600435	1.29685643306	1.21132602223	0.988478748188	1.36760172064	0.959324316095	1.3144021943	1.13591751087	1.38817590623
AD4	0.776714886419	0.507338245529	2.29036524891	1.00977598357	0.82338438376	0.355579990333	1.0186281827	0.0	0.325256133398	0.671291483809	0.512214393427	0.573244726921	0.517260705655	1.96170127115	0.581645582407	0.63461857419	0.53157178347	0.56430720638	1.78936092798	1.26315982117	0.903028724021	0.616020575157	0.616483528275	0.568148724021	1.75147134364	0.753887912035	0.551446727888	0.497902310295	0.571291749638	0.706270512325	0.847481643306	0.642230444659	0.315759526341	0.363163905268	1.08741764137	0.825120067666	0.610809700338	0.558111087482	0.453735374577	0.748798820686	0.538312870952	1.22465925568	1.05976933301	0.532126089898	0.745499884002	0.609812701788	1.09039719188	0.891772653456	0.971752716288	0.924333537941	0.96028522958	1.01512790237	0.712439168681	0.6905040116	0.706181464476	0.720150744321	0.556335650072	1.04648873369	0.621425364911	0.905968608023	0.50699557274	0.862133620106
AE3	0.871299130014	0.684810309328	2.33332554857	1.13824910101	1.00264365877	0.461528641856	1.29792856936	0.325256133398	0.0	0.938797854036	0.368354364427	0.746627733204	0.593395640406	2.01236227646	0.754751208313	0.787528269695	0.468003692605	0.547901947801	1.94123032383	1.42606793137	1.02028179314	0.722361667472	0.476134673755	0.46805901885	1.91949140164	0.924655287579	0.460982812953	0.461728535524	0.701721251812	0.852503939101	0.903472363461	0.719509052682	0.280007046883	0.340761266312	1.2081321508	0.958717834703	0.579262363461	0.761776384727	0.566798941518	0.94605980667	0.693543513775	1.33447937168	1.18216042049	0.72214420493	0.794236810053	0.6280899855	1.20616499275	1.00255685839	1.09749576124	1.04793639923	1.05828117931	1.12415231996	0.816994103432	0.798823566941	0.80961680522	0.83037041566	0.677169946834	1.16208556307	0.752705712905	1.02143724021	0.595066157564	0.970167288545
AE4	0.659950314161	0.579977423876	2.10001679072	0.806200778154	0.639336631223	0.800635901402	0.419928666022	0.671291483809	0.938797854036	0.0	1.03815782504	0.620996868052	0.761734490092	1.77002384244	0.565882160464	0.59336698405	0.903812991783	0.876650976317	1.44353369744	0.940951807637	0.746284258096	0.708893334944	0.996139855002	0.96910977767	1.32079731754	0.570817781537	0.867552402127	0.797248177864	0.615065389077	0.613224103432	0.947462851619	0.794002885452	0.83463839536	0.858625722571	0.963088738521	0.820393426776	0.978978516191	0.495250420493	0.828174804253	0.56080417593	0.646093682939	0.986236036733	0.831032155631	0.491960154664	1.16213884969	1.07692122765	1.06423172064	1.0875020783	0.930565050749	0.936688018366	1.24407943934	1.12520737071	0.903303972934	0.900794712421	0.969800739488	0.886592290962	0.662647066216	1.07153766554	0.630125732238	1.04125777187	0.796446853552	1.08766160464
AF3	0.909146273562	0.8068019768	2.52644902852	1.23745364427	1.10001076365	0.376897651039	1.36530965201	0.512214393427	0.368354364427	1.03815782504	0.0	0.812244533591	0.667591967134	2.20263034799	0.919096863219	0.86808817303	0.46539477042	0.519552252296	2.01653481875	1.50532463509	1.08564267279	0.81944139681	0.404356539391	0.387393450942	1.97002642339	0.973350715321	0.489070449493	0.557541817303	0.824151662639	0.947061367811	0.824090101498	0.687713953601	0.497863325278	0.45128260029	1.20181239246	0.987162252296	0.484214146931	0.877903315611	0.505845485742	0.989682348961	0.737708134364	1.51276910585	1.36336072982	0.814016761721	0.699219043016	0.575764253262	1.19912250846	0.97157502175	1.1219718463	1.03374838569	1.03491381344	1.07303168197	0.793482619623	0.760550246496	0.800692348961	0.765213199613	0.810399816336	1.11535123731	0.86657159014	0.9802459884	0.594115437409	0.946526408893
AF4	0.716665712905	0.433908221363	2.24871369744	0.922637230546	0.352185070082	0.494878878685	0.925012841953	0.573244726921	0.746627733204	0.620996868052	0.812244533591	0.0	0.538811870469	1.91987084099	0.513019550507	0.569215461576	0.773309995167	0.811275248913	1.58064374094	1.07567422426	0.919397539874	0.772840130498	1.02259103915	0.974824625423	1.45386482842	0.63247340261	0.858203779604	0.815451145481	0.717027728371	0.711298158531	1.02178173997	0.846249352344	0.732753813436	0.734975959401	0.840694760754	0.60493557274	0.796068666022	0.593383315611	0.694024287095	0.587630584824	0.523318168197	1.18204133398	1.03054165781	0.453924775254	0.980504156597	0.882674731754	0.840673257612	0.816442948284	0.681742102465	0.685056698888	0.977288487192	0.870407680039	0.640861092315	0.694685896568	0.778497056549	0.651859144514	0.656189956501	0.82008961334	0.622029908168	0.792624973417	0.628356645723	0.826723798937
AG3	0.690661092315	0.435033489609	2.33135547608	0.898599318511	0.814470135331	0.43528378927	1.0810801015	0.517260705655	0.593395640406	0.761734490092	0.667591967134	0.538811870469	0.0	1.98773086032	0.504875877235	0.548111043983	0.525265538908	0.580525901402	1.72702278395	1.21012628806	0.934084818753	0.640693296278	0.754848941518	0.734249990333	1.62580478009	0.695994900918	0.631280618656	0.570084108265	0.655529748671	0.719839859836	0.84880901885	0.648077733204	0.59311820203	0.545851744804	1.00614961817	0.769718385694	0.749518854519	0.670843064282	0.575572290962	0.68391482842	0.484235867569	1.29432434993	1.14192155147	0.564644040599	0.90626517158	0.776492846786	0.956503349444	0.794625635573	0.84305442726	0.792168656356	0.967858066699	0.880831749638	0.598498849686	0.637426486225	0.715297781537	0.60813539391	0.490188458192	0.916405089415	0.517471744804	0.798049139681	0.398161459642	0.82273101015
AG4	1.95337038666	1.93001930401	0.367834446593	1.11210434026	1.8738782987	2.06915781054	1.56838896085	1.96170127115	2.01236227646	1.77002384244	2.20263034799	1.91987084099	1.98773086032	0.0	1.84032468826	1.93566856452	2.1579121073	2.16972365394	0.919821870469	1.16337295312	1.62865735138	1.85137975834	2.11678008217	2.11930929918	1.64974000967	1.79308886419	2.06355176897	1.99895122765	1.5850220493	1.52854587724	2.13865558724	2.08723149348	1.93696431609	2.06176409377	2.22994710005	2.1491741856	2.32131086515	1.62658964234	2.21824510391	1.98524154181	2.07770209763	1.0038257274	1.13035464476	1.74805112131	2.44187853552	2.31939029966	2.32564921218	2.35823260996	2.22426071532	2.25594761721	2.47667073465	2.3940297245	2.25764633639	2.27164272112	2.3127417303	2.2676339391	1.98552541808	2.34468671822	1.95226514741	2.33552462059	2.07927458192	2.35610529241
AH3	0.732839782504	0.290372150797	2.16444781537	0.846560492992	0.676921179314	0.681409439343	0.849522435959	0.581645582407	0.754751208313	0.565882160464	0.919096863219	0.513019550507	0.504875877235	1.84032468826	0.0	0.527976452392	0.725303272112	0.787492025133	1.54268760271	1.02769652972	0.888630662156	0.740572305462	0.945718709522	0.917567520541	1.46713670372	0.682819729338	0.812879917835	0.745764876752	0.665909917835	0.667107926535	0.998148182697	0.813099574674	0.655130821653	0.718924915418	1.00302801837	0.780101541808	0.91160420493	0.550791546641	0.765483218946	0.629517742871	0.563782687289	1.07858372644	0.946467095215	0.460175819236	1.10305327695	0.991434156597	0.990844997583	0.905204490092	0.861057718705	0.833676056066	1.0750798115	0.982405645239	0.795052590623	0.793207071049	0.832318453359	0.780920666989	0.56016499275	0.941459922668	0.540651507975	0.906942754954	0.61293517158	0.910675490575
AH4	0.253267003383	0.3187620203	2.270890145	0.915335128081	0.76188060899	0.619646133398	0.916274731754	0.63461857419	0.787528269695	0.59336698405	0.86808817303	0.569215461576	0.548111043983	1.93566856452	0.527976452392	0.0	0.699239202513	0.634171097148	1.47446958434	1.03867221846	0.847975766071	0.617020647656	0.833186259062	0.792119478009	1.40445641373	0.576877235379	0.67306717738	0.626750115998	0.661806756887	0.627012440793	0.775091034316	0.600347133881	0.72388778637	0.737412503625	0.995896515225	0.763756118898	0.858926901885	0.625001928468	0.644203286612	0.467732590623	0.462405751571	1.2307657854	1.08204985017	0.564811517641	1.02763733688	0.951430202997	0.906393349444	0.863785901402	0.842971967134	0.74491277912	1.01613497825	0.902211503142	0.625416892218	0.644663620106	0.723375891735	0.606642493958	0.408336872885	0.857390381827	0.365067689705	0.828745074915	0.517480894152	0.866682489125
AA7	0.786986969551	0.635837336878	2.47853478975	1.18373795553	0.968607902368	0.498797651039	1.25603162397	0.53157178347	0.468003692605	0.903812991783	0.46539477042	0.773309995167	0.525265538908	2.1579121073	0.725303272112	0.699239202513	0.0	0.179667196713	1.82621252779	1.33738073949	1.03194691638	0.683303320445	0.488081652972	0.476034717255	1.78416395843	0.847355384244	0.379911860802	0.390701768971	0.750797868536	0.874262411793	0.664696974384	0.443016863219	0.457240686322	0.448875640406	1.16217003383	0.948583122281	0.53188701305	0.828457921701	0.462511440309	0.86607659739	0.669472551957	1.45817652006	1.31099783954	0.774539439343	0.782547336878	0.619028284195	1.04948950701	0.85001181247	1.03798151281	0.947483755437	0.899888100532	0.937926317061	0.652685287579	0.634372402127	0.655884973417	0.662614552924	0.537343692605	0.976813489609	0.617844465926	0.919796689222	0.442967510875	0.811766176897
AA8	0.702472706622	0.672554267762	2.49405926051	1.20351524408	0.996378936684	0.526222179797	1.22439516675	0.56430720638	0.547901947801	0.876650976317	0.519552252296	0.811275248913	0.580525901402	2.16972365394	0.787492025133	0.634171097148	0.179667196713	0.0	1.77653290962	1.32106000967	0.980830410826	0.62339518608	0.480425775737	0.477020029	1.7182739391	0.802402928951	0.375389632673	0.361388820686	0.742576162397	0.848947984534	0.579282121798	0.36126619623	0.499489120348	0.502736331561	1.17127391493	0.963861532141	0.564538482359	0.83653318028	0.451135485742	0.828351072982	0.672123866602	1.47608956501	1.3238862059	0.800916515225	0.789547902368	0.646795306912	1.05871714838	0.876585804737	1.06756683422	0.940946312228	0.916087544708	0.957539091348	0.64133578057	0.634055335911	0.666309076849	0.636685132914	0.498076070565	0.974890314161	0.557628260029	0.903522126631	0.456540517158	0.842767718705
AB7	1.47057520541	1.54021570324	1.17872123731	0.992272290962	1.46827570324	1.81031855002	1.31373693088	1.78936092798	1.94123032383	1.44353369744	2.01653481875	1.58064374094	1.72702278395	0.919821870469	1.54268760271	1.47446958434	1.82621252779	1.77653290962	0.0	0.582625427743	1.47776143548	1.57322159981	1.95098715321	1.92062295312	1.10555394393	1.4262042581	1.79834124698	1.74598750121	1.35970060416	1.22422727405	1.72923332044	1.69849713388	1.8222717158	1.90319333011	1.86280312228	1.80682010633	1.98741948284	1.44559762204	1.86489613823	1.50774291928	1.64233499758	0.962592150797	1.05064124215	1.49712512325	2.17077762204	2.09462931851	1.90023800387	1.97701961334	1.83915743354	1.82894507008	2.10524154664	1.98862634606	1.83027061382	1.84141796037	1.88257683422	1.82291200097	1.6200761334	1.92697985017	1.56915772837	1.92110798937	1.742399739	1.97850933784
AB8	1.05646473175	1.04761153214	1.49097764621	0.503459052682	1.03475569841	1.29861904785	0.860527365877	1.26315982117	1.42606793137	0.940951807637	1.50532463509	1.07567422426	1.21012628806	1.16337295312	1.02769652972	1.03867221846	1.33738073949	1.32106000967	0.582625427743	0.0	1.02381232479	1.0887618463	1.43573684389	1.39413401643	1.12630257129	0.919095234413	1.28236290478	1.22213830353	0.80922141131	0.716666979217	1.28788856936	1.21328602223	1.30749461092	1.38480533108	1.40684784437	1.31821162397	1.48439889802	0.934461271145	1.39904108265	1.05721387627	1.17866716288	0.715338245529	0.680978124698	0.982170570324	1.67290926535	1.58197615756	1.52129442243	1.52117463026	1.40447170614	1.38333733204	1.66323177864	1.56437288545	1.40377071532	1.39916262446	1.44798971484	1.39606465926	1.15485131464	1.52891019816	1.11929426293	1.47535101015	1.24463354761	1.52474233446
AC7	0.842198719188	0.882644958917	1.9519022088	0.87792558724	1.06437658772	0.924697375544	0.837105074915	0.903028724021	1.02028179314	0.746284258096	1.08564267279	0.919397539874	0.934084818753	1.62865735138	0.888630662156	0.847975766071	1.03194691638	0.980830410826	1.47776143548	1.02381232479	0.0	0.462266205897	1.00709690188	1.01487457709	1.39182527791	0.649119690672	0.948089487675	0.848350753987	0.598848264862	0.548300734654	0.904275828903	0.822196065732	0.903023078782	0.933564693088	1.27260857902	1.14043903818	1.22962676655	0.739580478492	1.05608031899	0.971248878685	1.00286481392	1.15477869019	1.05320320928	0.744786645723	1.16315302562	1.05182264379	1.45203776704	1.43657185597	1.27579637506	1.25941499275	1.58452236346	1.49358343161	1.18028975834	1.19825858386	1.2820699565	1.17615960367	0.927245901402	1.43664927018	0.872476244563	1.33835739004	0.935277559207	1.44342423876
AC8	0.623753992267	0.650562977284	2.17773054132	0.942355350411	1.01152104398	0.638220111165	0.938639236346	0.616020575157	0.722361667472	0.708893334944	0.81944139681	0.772840130498	0.640693296278	1.85137975834	0.740572305462	0.617020647656	0.683303320445	0.62339518608	1.57322159981	1.0887618463	0.462266205897	0.0	0.711290444659	0.709359623006	1.49178489125	0.538302029966	0.535164441759	0.433416660222	0.501246089898	0.530900502658	0.629986423393	0.484025790237	0.609616495892	0.651006384727	1.15785928951	0.914283136781	0.878786882552	0.680355345578	0.719590488159	0.806226201063	0.713050410826	1.20674348478	1.09899742871	0.674084374094	0.966275432576	0.831830212663	1.25388499758	1.08492243113	1.06596964717	1.02049020783	1.23314996133	1.16950838086	0.834707032383	0.850834282262	0.9410180087	0.841062116965	0.563733363944	1.17960262929	0.581036205897	0.99974558724	0.591843320445	1.09169462059
AD7	0.871168883519	0.879554050266	2.44036310295	1.18811863219	1.27619172064	0.644935901402	1.33663036733	0.616483528275	0.476134673755	0.996139855002	0.404356539391	1.02259103915	0.754848941518	2.11678008217	0.945718709522	0.833186259062	0.488081652972	0.480425775737	1.95098715321	1.43573684389	1.00709690188	0.711290444659	0.0	0.141773421943	1.92267575157	0.891475838569	0.365061198647	0.416042996617	0.738045727405	0.858073644273	0.745035737071	0.598465070082	0.498055070082	0.533084533591	1.36761022716	1.15032512325	0.636027274045	0.868943963267	0.669784586757	1.04592515225	0.900977288545	1.43803768971	1.28614006283	0.904223112615	0.834208767521	0.687379855002	1.34784919768	1.12803355244	1.29290068149	1.22459244563	1.16896373127	1.23791176897	0.949737525375	0.887774731754	0.915501628806	0.932564422426	0.729951261479	1.28560974867	0.790295775737	1.17308366844	0.646708013533	1.09965311745
AD8	0.840402450459	0.827857496375	2.4432577912	1.16883155147	1.22654700822	0.60229638956	1.31253880135	0.568148724021	0.46805901885	0.96910977767	0.387393450942	0.974824625423	0.734249990333	2.11930929918	0.917567520541	0.792119478009	0.476034717255	0.477020029	1.92062295312	1.39413401643	1.01487457709	0.709359623006	0.141773421943	0.0	1.87238308362	0.845045751571	0.368545466409	0.419647873369	0.701905326245	0.820891657806	0.725529255679	0.590603808603	0.508129236346	0.535213856936	1.33284507975	1.1102117013	0.596710826486	0.820038313195	0.631489192847	0.994160720155	0.848113591107	1.43801366361	1.2825919478	0.85607237796	0.812753508942	0.679243233446	1.30043187047	1.08203212663	1.2492620493	1.17156944418	1.12674123248	1.19365799903	0.908250976317	0.851590144998	0.877065432576	0.892720096665	0.728674146931	1.24560786854	0.795649207347	1.12221170614	0.62409138231	1.0503918753
AE7	1.38793016433	1.4777301595	1.90894271145	1.28099860802	1.32917188014	1.70544843403	1.22253075882	1.75147134364	1.91949140164	1.32079731754	1.97002642339	1.45386482842	1.62580478009	1.64974000967	1.46713670372	1.40445641373	1.78416395843	1.7182739391	1.10555394393	1.12630257129	1.39182527791	1.49178489125	1.92267575157	1.87238308362	0.0	1.05189150314	1.78502878202	1.71621882552	1.38787544708	1.29926561624	1.57405888352	1.56869894635	1.8086557709	1.83936490575	1.69684514741	1.67994141614	1.94326391493	1.47677394393	1.80084423393	1.37034132914	1.58364789754	1.44789903818	1.4600380957	1.44897944418	2.04296834703	1.97695052199	1.70282695022	1.84034172547	1.64715383277	1.61991429676	1.98401786854	1.8096180377	1.69389990817	1.70130096182	1.77018568391	1.65720463026	1.59239449493	1.73805213146	1.51444146448	1.76941647173	1.68743080232	1.85361545191
AE8	0.60163	0.605565654906	2.11674887869	0.848130497825	0.850751145481	0.73490858869	0.838099748671	0.753887912035	0.924655287579	0.570817781537	0.973350715321	0.63247340261	0.695994900918	1.79308886419	0.682819729338	0.576877235379	0.847355384244	0.802402928951	1.4262042581	0.919095234413	0.649119690672	0.538302029966	0.891475838569	0.845045751571	1.05189150314	0.0	0.796044171097	0.713222595457	0.558764069599	0.511373136781	0.763533334944	0.664190671822	0.811108753021	0.838633943934	1.12071692122	0.917224983084	0.98548760754	0.632713702272	0.867628400193	0.665851401643	0.719730826486	1.15244202513	1.0116182407	0.620945234413	1.11341357661	1.02430033349	1.15894109232	1.12706456742	1.00431772837	0.97591720638	1.27952893668	1.18789263412	0.91601260029	0.920950454326	1.0042662639	0.909534422426	0.700152310295	1.1461622813	0.664920739488	1.05059507008	0.750377240213	1.13694262446
AF7	0.720347839536	0.706935606573	2.38623243113	1.1503041421	1.09719353794	0.563541904302	1.21137863219	0.551446727888	0.460982812953	0.867552402127	0.489070449493	0.858203779604	0.631280618656	2.06355176897	0.812879917835	0.67306717738	0.379911860802	0.375389632673	1.79834124698	1.28236290478	0.948089487675	0.535164441759	0.365061198647	0.368545466409	1.78502878202	0.796044171097	0.0	0.187436384727	0.667974610923	0.762621077815	0.642539507008	0.493477839536	0.451104668922	0.487624678589	1.19179713871	0.969886428226	0.55433340261	0.783386505558	0.555486703722	0.875215398743	0.73080681972	1.3978781537	1.24138597873	0.790519719671	0.830352266796	0.68450497825	1.18666224746	0.987632469792	1.1068121073	1.04384372644	1.03019472209	1.09059973417	0.785315292412	0.756717090382	0.7955739826	0.793781570807	0.55149742871	1.11247668922	0.611802474625	1.00270743838	0.492985896568	0.956349453842
AF8	0.666453426776	0.657390724988	2.32640888352	1.05811056066	1.05936246013	0.513587810536	1.13672914935	0.497902310295	0.461728535524	0.797248177864	0.557541817303	0.815451145481	0.570084108265	1.99895122765	0.745764876752	0.626750115998	0.390701768971	0.361388820686	1.74598750121	1.22213830353	0.848350753987	0.433416660222	0.416042996617	0.419647873369	1.71621882552	0.713222595457	0.187436384727	0.0	0.586237327211	0.675501435476	0.652475582407	0.460344567424	0.405835060416	0.439643064282	1.1713741711	0.941388806187	0.612417365877	0.705410565491	0.545405166747	0.834576394393	0.690242991783	1.31826035766	1.16353290962	0.717419690672	0.825799014016	0.686151445143	1.16712540841	0.971697216046	1.07769811986	1.02993734654	1.02667072982	1.07818390043	0.777505645239	0.761721005317	0.805834523925	0.788283117448	0.502352904785	1.10180139681	0.564853513775	0.991616795553	0.490479130014	0.945059468342
AG7	0.704951420976	0.650402648623	1.9097462204	0.653759217013	0.899483441276	0.662830628323	0.898558965684	0.571291749638	0.701721251812	0.615065389077	0.824151662639	0.717027728371	0.655529748671	1.5850220493	0.665909917835	0.661806756887	0.750797868536	0.742576162397	1.35970060416	0.80922141131	0.598848264862	0.501246089898	0.738045727405	0.701905326245	1.38787544708	0.558764069599	0.667974610923	0.586237327211	0.0	0.246734229096	0.811523291445	0.668178337361	0.609149971	0.727564760754	1.24137330594	0.984652445626	0.913401169647	0.477217423876	0.807259052682	0.812297559207	0.737988458192	0.980288579024	0.820753736104	0.48923497825	1.08571047366	0.958612136298	1.28061211213	1.11810513775	1.16094281295	1.11494520058	1.26216778637	1.19834715321	0.945004287095	0.925770860319	0.992237950701	0.938003363944	0.663950096665	1.23002174964	0.663120091832	1.11563718705	0.707709062349	1.1180741276
AG8	0.64495041566	0.655134258096	1.85812552441	0.61708417593	0.898502580957	0.754384625423	0.803083383277	0.706270512325	0.852503939101	0.613224103432	0.947061367811	0.711298158531	0.719839859836	1.52854587724	0.667107926535	0.627012440793	0.874262411793	0.848947984534	1.22422727405	0.716666979217	0.548300734654	0.530900502658	0.858073644273	0.820891657806	1.29926561624	0.511373136781	0.762621077815	0.675501435476	0.246734229096	0.0	0.868960352827	0.76203942001	0.749217597873	0.829419221846	1.23939429193	0.999533576607	1.02488529725	0.476602904785	0.897226553891	0.799357317545	0.777250236829	0.947975258579	0.82607457709	0.509437336878	1.16290378444	1.064429855	1.28805766071	1.21062836636	1.15335178347	1.12481232479	1.35804626873	1.28302050266	1.01105895118	0.987115287579	1.05700669889	0.990080840986	0.732061628806	1.24966329628	0.692125369744	1.19070512325	0.759356447559	1.21296317545
AH7	0.739449047849	0.868006752054	2.45028443693	1.25778250846	1.19180745771	0.78229499275	1.20851506525	0.847481643306	0.903472363461	0.947462851619	0.824090101498	1.02178173997	0.84880901885	2.13865558724	0.998148182697	0.775091034316	0.664696974384	0.579282121798	1.72923332044	1.28788856936	0.904275828903	0.629986423393	0.745035737071	0.725529255679	1.57405888352	0.763533334944	0.642539507008	0.652475582407	0.811523291445	0.868960352827	0.0	0.300597974867	0.875517583374	0.860156036733	1.17305472209	1.02024814886	0.821995906235	0.966029144514	0.744457916868	0.932602590623	0.855577133881	1.48798751087	1.36757619623	0.955944891252	0.986115466409	0.893251996133	1.2492921653	1.07358120831	1.17016149348	1.05094833736	1.16586516191	1.14577831319	0.847020492992	0.811348042533	0.858302054132	0.84928679072	0.7388699855	1.16740996133	0.786484552924	1.0307919333	0.710831319478	1.05549133881
AH8	0.630268646689	0.688698318028	2.41270037216	1.13619029483	1.03694394393	0.583164731754	1.11433276945	0.642230444659	0.719509052682	0.794002885452	0.687713953601	0.846249352344	0.648077733204	2.08723149348	0.813099574674	0.600347133881	0.443016863219	0.36126619623	1.69849713388	1.21328602223	0.822196065732	0.484025790237	0.598465070082	0.590603808603	1.56869894635	0.664190671822	0.493477839536	0.460344567424	0.668178337361	0.76203942001	0.300597974867	0.0	0.668804722088	0.640253460609	1.12961086999	0.922870521991	0.717039864669	0.825336147898	0.562511754471	0.814941348478	0.699438124698	1.40419284195	1.2671479362	0.803438061866	0.857053914935	0.732252203963	1.12407176414	0.945755287579	1.03710426293	0.93789739971	1.02362329145	1.0277439246	0.70126560174	0.683991836636	0.720668429193	0.711994142098	0.562056901885	1.04709453842	0.61122861769	0.903982948284	0.509779057516	0.905784557757
AA5	0.829226524891	0.624459270179	2.257260058	1.054370261	0.98484942001	0.483853697438	1.17898544708	0.315759526341	0.280007046883	0.83463839536	0.497863325278	0.732753813436	0.59311820203	1.93696431609	0.655130821653	0.72388778637	0.457240686322	0.499489120348	1.8222717158	1.30749461092	0.903023078782	0.609616495892	0.498055070082	0.508129236346	1.8086557709	0.811108753021	0.451104668922	0.405835060416	0.609149971	0.749217597873	0.875517583374	0.668804722088	0.0	0.280926534558	1.22681537941	0.965593910101	0.678845050749	0.616277970034	0.613708598357	0.841134548091	0.684528134364	1.2177318318	1.05641714355	0.596462290962	0.817555563074	0.652775959401	1.25578470275	1.05934531658	1.13192067182	1.08951073465	1.118280232	1.177370058	0.851075253746	0.83929942001	0.854951140648	0.870981996133	0.578439855002	1.20533792653	0.642415118415	1.06056418076	0.561316752054	1.03500892218
AA6	0.82087961334	0.635540865152	2.39077602707	1.14003088932	0.985200352827	0.396321875302	1.18751833253	0.363163905268	0.340761266312	0.858625722571	0.45128260029	0.734975959401	0.545851744804	2.06176409377	0.718924915418	0.737412503625	0.448875640406	0.502736331561	1.90319333011	1.38480533108	0.933564693088	0.651006384727	0.533084533591	0.535213856936	1.83936490575	0.838633943934	0.487624678589	0.439643064282	0.727564760754	0.829419221846	0.860156036733	0.640253460609	0.280926534558	0.0	1.08456484292	0.839236500725	0.555133885935	0.672916636056	0.500998303528	0.845427336878	0.595115732238	1.34783948768	1.18007348961	0.644283615273	0.605102039633	0.428364021266	1.13893087965	0.948192305462	0.989720497825	0.937729932334	1.0068500435	1.05296776704	0.71247662639	0.737770043499	0.758097907202	0.753927912035	0.581576906718	1.06643673755	0.677366698888	0.90808120348	0.520935930401	0.926268351861
AB5	1.05587270179	0.927832455292	2.5574437796	1.36439563557	0.787108144031	1.01811882069	1.22409145964	1.08741764137	1.2081321508	0.963088738521	1.20181239246	0.840694760754	1.00614961817	2.22994710005	1.00302801837	0.995896515225	1.16217003383	1.17127391493	1.86280312228	1.40684784437	1.27260857902	1.15785928951	1.36761022716	1.33284507975	1.69684514741	1.12071692122	1.19179713871	1.1713741711	1.24137330594	1.23939429193	1.17305472209	1.12961086999	1.22681537941	1.08456484292	0.0	0.347114741421	0.955938844853	1.0908038376	0.959220459159	0.839917477042	0.826588608023	1.56483474142	1.42591027066	0.978239323345	1.01486910585	0.9769540261	0.840279995167	0.940504726921	0.746570164331	0.729352812953	1.08748814886	0.940975983567	0.802608806187	0.918984456259	0.910077298212	0.863580836153	1.02143345578	0.858451372644	1.0106059739	0.837857085549	1.00546033833	0.964497651039
AB6	0.853900347994	0.687859260512	2.47998860319	1.23764974867	0.699199540841	0.766832730788	1.09690984534	0.825120067666	0.958717834703	0.820393426776	0.987162252296	0.60493557274	0.769718385694	2.1491741856	0.780101541808	0.763756118898	0.948583122281	0.963861532141	1.80682010633	1.31821162397	1.14043903818	0.914283136781	1.15032512325	1.1102117013	1.67994141614	0.917224983084	0.969886428226	0.941388806187	0.984652445626	0.999533576607	1.02024814886	0.922870521991	0.965593910101	0.839236500725	0.347114741421	0.0	0.744946684389	0.83721878202	0.75821719188	0.702583827936	0.601754726921	1.43865381344	1.29200362011	0.699830546158	0.820467646206	0.777549067182	0.733689014016	0.729538066699	0.56521080232	0.519414475592	0.882953939101	0.755552532624	0.581729502175	0.728240686322	0.721973383277	0.672969758337	0.765029289512	0.692363968101	0.76436857419	0.624464306428	0.795206118898	0.754440115998
AC5	0.917851594973	0.784095543741	2.64676048816	1.39647632673	1.0019959304	0.60212361044	1.33226414693	0.610809700338	0.579262363461	0.978978516191	0.484214146931	0.796068666022	0.749518854519	2.32131086515	0.91160420493	0.858926901885	0.53188701305	0.564538482359	1.98741948284	1.48439889802	1.22962676655	0.878786882552	0.636027274045	0.596710826486	1.94326391493	0.98548760754	0.55433340261	0.612417365877	0.913401169647	1.02488529725	0.821995906235	0.717039864669	0.678845050749	0.555133885935	0.955938844853	0.744946684389	0.0	0.863705263412	0.463483537941	0.915948956017	0.67149081682	1.62841081199	1.4662917158	0.835023320445	0.551758786854	0.446505447076	0.966445993233	0.745602160464	0.909474277429	0.827387046883	0.763466887385	0.828161459642	0.603418177864	0.577092493958	0.562468661189	0.606299951667	0.764181445143	0.892415147414	0.853217568874	0.767992672789	0.62633702755	0.714630106332
AC6	0.742531126148	0.570210260996	1.95044731754	0.712149739004	0.751315500242	0.674008748188	0.718001184147	0.558111087482	0.761776384727	0.495250420493	0.877903315611	0.593383315611	0.670843064282	1.62658964234	0.550791546641	0.625001928468	0.828457921701	0.83653318028	1.44559762204	0.934461271145	0.739580478492	0.680355345578	0.868943963267	0.820038313195	1.47677394393	0.632713702272	0.783386505558	0.705410565491	0.477217423876	0.476602904785	0.966029144514	0.825336147898	0.616277970034	0.672916636056	1.0908038376	0.83721878202	0.863705263412	0.0	0.811425234413	0.666266660222	0.668799009183	0.806533552441	0.638530927985	0.319631155147	1.06343708072	0.934693494442	1.14460081682	1.08840841953	1.01358552441	0.994883262446	1.23540857419	1.1557260464	0.904176462059	0.921757892702	1.00103131464	0.911981068149	0.619212266796	1.11615957951	0.631669647173	1.06374258579	0.72058857419	1.10584364427
AD6	0.721708753021	0.614083682939	2.546230029	1.21773880135	0.896682203963	0.425644258096	1.18004	0.453735374577	0.566798941518	0.828174804253	0.505845485742	0.694024287095	0.575572290962	2.21824510391	0.765483218946	0.644203286612	0.462511440309	0.451135485742	1.86489613823	1.39904108265	1.05608031899	0.719590488159	0.669784586757	0.631489192847	1.80084423393	0.867628400193	0.555486703722	0.545405166747	0.807259052682	0.897226553891	0.744457916868	0.562511754471	0.613708598357	0.500998303528	0.959220459159	0.75821719188	0.463483537941	0.811425234413	0.0	0.715872271629	0.416666669889	1.51223308362	1.35739871435	0.747040845819	0.666995625906	0.561663968101	0.862049975834	0.658314040599	0.862143479942	0.723100628323	0.725329371677	0.763756964717	0.485287796037	0.443899386177	0.495191155147	0.462471319478	0.550244248429	0.787389395843	0.601979859836	0.684457776704	0.403374610923	0.641381928468
AE5	0.557484291928	0.525155326245	2.31736704688	0.999475442243	0.706772319961	0.75318160464	0.857614697922	0.748798820686	0.94605980667	0.56080417593	0.989682348961	0.587630584824	0.68391482842	1.98524154181	0.629517742871	0.467732590623	0.86607659739	0.828351072982	1.50774291928	1.05721387627	0.971248878685	0.806226201063	1.04592515225	0.994160720155	1.37034132914	0.665851401643	0.875215398743	0.834576394393	0.812297559207	0.799357317545	0.932602590623	0.814941348478	0.841134548091	0.845427336878	0.839917477042	0.702583827936	0.915948956017	0.666266660222	0.715872271629	0.0	0.382114649589	1.22976234896	1.07239545191	0.597660715321	1.12121592073	1.04923120348	0.843734717255	0.864036877719	0.829374253262	0.686630676655	1.02419664572	0.915459898502	0.665737950701	0.682116781054	0.784886201063	0.648683600773	0.569505239246	0.860792967617	0.542408477525	0.818272087965	0.671202049299	0.883676761721
AE6	0.568836756887	0.417668554857	2.41108044949	1.06847314645	0.69409579507	0.512813199613	0.972368728855	0.538312870952	0.693543513775	0.646093682939	0.737708134364	0.523318168197	0.484235867569	2.07770209763	0.563782687289	0.462405751571	0.669472551957	0.672123866602	1.64233499758	1.17866716288	1.00286481392	0.713050410826	0.900977288545	0.848113591107	1.58364789754	0.719730826486	0.73080681972	0.690242991783	0.737988458192	0.777250236829	0.855577133881	0.699438124698	0.684528134364	0.595115732238	0.826588608023	0.601754726921	0.67149081682	0.668799009183	0.416666669889	0.382114649589	0.0	1.33335915418	1.17651810536	0.549801164814	0.843246752054	0.765867738038	0.794974925085	0.680504934751	0.702622194297	0.595715369744	0.844838516191	0.745416365394	0.462733160947	0.461576350894	0.543583934268	0.46929518608	0.445233740938	0.747882532624	0.467983272112	0.625480589657	0.470585659739	0.700179221846
AF5	1.28010511358	1.20076507008	1.32255165781	0.594026752054	1.1606242871	1.3512957274	0.869112281295	1.22465925568	1.33447937168	0.986236036733	1.51276910585	1.18204133398	1.29432434993	1.0038257274	1.07858372644	1.2307657854	1.45817652006	1.47608956501	0.962592150797	0.715338245529	1.15477869019	1.20674348478	1.43803768971	1.43801366361	1.44789903818	1.15244202513	1.3978781537	1.31826035766	0.980288579024	0.947975258579	1.48798751087	1.40419284195	1.2177318318	1.34783948768	1.56483474142	1.43865381344	1.62841081199	0.806533552441	1.51223308362	1.22976234896	1.33335915418	0.0	0.207848018366	0.961292150797	1.75350628323	1.63399328178	1.68086967134	1.66119213146	1.58051740454	1.56523977284	1.79446007733	1.73881087965	1.54582905752	1.58103564041	1.6362519623	1.56782629773	1.2470962784	1.69462276945	1.21728698888	1.6363321073	1.38750732721	1.66846869986
AF6	1.15075179797	1.04431550507	1.45197872885	0.486227307878	1.02107121315	1.1989817738	0.779677535041	1.05976933301	1.18216042049	0.831032155631	1.36336072982	1.03054165781	1.14192155147	1.13035464476	0.946467095215	1.08204985017	1.31099783954	1.3238862059	1.05064124215	0.680978124698	1.05320320928	1.09899742871	1.28614006283	1.2825919478	1.4600380957	1.0116182407	1.24138597873	1.16353290962	0.820753736104	0.82607457709	1.36757619623	1.2671479362	1.05641714355	1.18007348961	1.42591027066	1.29200362011	1.4662917158	0.638530927985	1.35739871435	1.07239545191	1.17651810536	0.207848018366	0.0	0.802530154664	1.59386421943	1.46903634123	1.54252786854	1.52002673272	1.44838275495	1.43400730788	1.65810599807	1.60580586757	1.39323543258	1.42483897052	1.47759482842	1.41383682939	1.09410221846	1.56401451909	1.06616536008	1.50539970034	1.2320537506	1.52122735138
AG5	0.684290082165	0.456879260512	2.07817204447	0.787842083132	0.600967274045	0.570577167714	0.779887080715	0.532126089898	0.72214420493	0.491960154664	0.814016761721	0.453924775254	0.564644040599	1.74805112131	0.460175819236	0.564811517641	0.774539439343	0.800916515225	1.49712512325	0.982170570324	0.744786645723	0.674084374094	0.904223112615	0.85607237796	1.44897944418	0.620945234413	0.790519719671	0.717419690672	0.48923497825	0.509437336878	0.955944891252	0.803438061866	0.596462290962	0.644283615273	0.978239323345	0.699830546158	0.835023320445	0.319631155147	0.747040845819	0.597660715321	0.549801164814	0.961292150797	0.802530154664	0.0	0.996254809087	0.89202060899	1.02439414693	0.971945674239	0.878895480909	0.84678679072	1.12644529725	1.01772754471	0.749893552441	0.801228922185	0.887505292412	0.760378071532	0.589094151764	0.968976785887	0.586245799903	0.920543291445	0.644148951184	0.986394712421
