	AA3	AA4	AB3	AB4	AC3	AC4	AD3	AD4	AE3	AE4	AF3	AF4	AG3	AG4	AH3	AH4	AA7	AA8	AB7	AB8	AC7	AC8	AD7	AD8	AE7	AE8	AF7	AF8	AG7	AG8	AH7	AH8	AA5	AA6	AB5	AB6	AC5	AC6	AD6	AE5	AE6	AF5	AF6	AG5	AH5	AH6	AA1	AA2	AB1	AB2	AC1	AC2	AD1	AD2	AE1	AE2	AF1	AF2	AG1	AG2	AH1	AH2
AA3	0.0	0.528439845336	2.23432608507	0.950536089899	0.819833924601	0.713348724021	0.871725853069	0.717032102465	0.88075217013	0.644946771387	0.952275848236	0.728909845336	0.695230589657	1.89951625906	0.747022716288	0.274961242146	0.811044359594	0.748248458192	1.42648775254	1.0538582262	0.794764349928	0.678109487675	0.861037138714	0.892445166747	1.35189044466	0.592053808603	0.749642730788	0.633815751571	0.65944	0.656752058966	0.764990338328	0.657156089898	0.847960874819	0.84215359594	1.08219461576	0.888556230063	0.906468757854	0.716366036733	0.746270763654	0.566339072015	0.571132870952	1.28021333978	1.08811364427	0.675352716288	1.10649103915	1.07465742871	0.968937839536	0.91761578057	0.885024915418	0.810432812953	1.03724026583	0.946472928951	0.649981377477	0.689651164814	0.771188400193	0.632282508458	0.500658965684	0.897972319961	0.45321661189	0.856621193813	0.613634122765	0.920900488159
AA4	0.528439845336	0.0	2.216030058	0.892896969551	0.622406152731	0.54814159014	0.849576041566	0.482055253746	0.689456955051	0.607976167231	0.822043958434	0.455439830836	0.398575268246	1.88073225713	0.296034731754	0.342565543741	0.645368226196	0.645150497825	1.55187949734	1.06850451909	0.862154374094	0.687494842919	0.867608980184	0.796041068149	1.47188892702	0.607526858386	0.644402759787	0.599604345094	0.613158492025	0.692371662639	0.865716138231	0.707334214596	0.608382904785	0.63059677622	0.976606215563	0.722154006767	0.776941275979	0.532897713871	0.612211488642	0.527010004833	0.454983571774	1.20881766071	0.990472426293	0.474013199613	0.953563189947	0.891057892702	0.976107921701	0.806759096182	0.752841348478	0.747780565491	0.947368356694	0.882581145481	0.625747738038	0.6381179797	0.701000985984	0.589638757854	0.418389386177	0.866207486709	0.433990270662	0.776695848236	0.500311164814	0.805725427743
AB3	2.23432608507	2.216030058	0.0	1.43354767521	2.1362359304	2.36120903818	1.8923937071	2.27657772354	2.37173360561	2.08016214596	2.50680270662	2.28711737071	2.31369345578	0.38298261479	2.12160797003	2.3052017013	2.47226667472	2.47556170614	1.20059997583	1.43934863219	2.02094840503	2.18653957467	2.39931616723	2.39673145481	1.8966139681	2.17420078299	2.37237225713	2.23069662639	1.92610304012	1.81027326245	2.43818540358	2.40548731754	2.26624266796	2.38876709522	2.53432724505	2.48249347028	2.60419843886	1.96455101015	2.5155841856	2.32977037699	2.39964800387	1.26014552441	1.445640058	2.05122104398	2.70735396327	2.65375091832	2.67102633156	2.67002550991	2.52570360561	2.589040058	2.76683880135	2.69695851136	2.54401238279	2.57654205413	2.622349739	2.54704450459	2.30700640406	2.66307375544	2.26645823103	2.61992461092	2.40030161914	2.65662927985
AB4	0.950536089899	0.892896969551	1.43354767521	0.0	0.893966795553	1.0251342291	0.760525432576	1.01161753987	1.17310847269	0.822395108748	1.26013172547	0.986592295795	0.900847965201	1.08710737071	0.84492059449	0.982284301595	1.17862787337	1.18000965201	0.990735538908	0.502256317061	0.960219463509	0.979993107782	1.17983318028	1.16917875302	1.26477304012	0.916813871435	1.13421240213	0.972163131948	0.67719362494	0.595838115031	1.26366637023	1.15668135331	1.0956822233	1.15107046883	1.39617675689	1.26635044466	1.37216318511	0.74545120348	1.21096376027	1.02607475592	1.0945520638	0.635467341711	0.476164330594	0.797530961817	1.47947636056	1.42950110681	1.46962924118	1.39367159014	1.30213932334	1.33093426776	1.52071984534	1.46348927985	1.2440858869	1.28155595457	1.36754626873	1.24639766071	1.02228423876	1.43822270662	0.993721314645	1.37150660222	1.09736861769	1.39988402127
AC3	0.819833924601	0.622406152731	2.1362359304	0.893966795553	0.0	0.738728003867	0.800822638956	0.804768637023	0.958449265346	0.658737100048	1.06614450459	0.344143576607	0.744201643306	1.80958280812	0.624390357661	0.734410836153	0.962998690188	0.940728656356	1.44705854519	1.02081131948	1.03106163847	1.01519356211	1.24263368294	1.1738098115	1.29831715805	0.791098434026	0.978378656356	0.957097486709	0.804900333494	0.803865451909	1.1633122378	1.01484769454	0.93092840986	0.897745944901	0.830601029483	0.771004441759	0.960175094248	0.665203286612	0.849555128081	0.652435606573	0.704654441759	1.15834458676	0.967808264862	0.533978646689	1.13951700822	1.10711236829	0.925605123248	0.976487423876	0.763820744321	0.818415031416	1.0921098115	0.973167568874	0.740261913968	0.818919917835	0.900393421943	0.780242716288	0.784965476075	0.935365113581	0.773619913001	0.902811048816	0.828426887385	0.934459458676
AC4	0.713348724021	0.54814159014	2.36120903818	1.0251342291	0.738728003867	0.0	1.08328468826	0.370333228613	0.480307235379	0.780536674722	0.458671880135	0.540091377477	0.406942107298	2.03187354761	0.672973006283	0.582571938134	0.529077907202	0.516747767037	1.79132628806	1.28966785887	0.858105843403	0.60171477042	0.685952687289	0.625704146931	1.65582619623	0.718248458192	0.496724214596	0.501936162397	0.611327863702	0.760256558724	0.763300038666	0.586278753021	0.479605364911	0.419734896085	1.04117762687	0.765834088932	0.588723755437	0.625524562591	0.439334847753	0.694735142581	0.498721420976	1.38860102948	1.17372257129	0.577263189947	0.722455654906	0.665232426293	1.06997732238	0.855498830353	0.828672189464	0.803503934268	0.911828245529	0.959422716288	0.635069482842	0.644141764137	0.681829884002	0.630875369744	0.548649990333	0.972479168681	0.659582677622	0.791036297728	0.428516457226	0.863087211213
AD3	0.871725853069	0.849576041566	1.8923937071	0.760525432576	0.800822638956	1.08328468826	0.0	0.995030106332	1.29661804253	0.383702242629	1.3798539101	0.940082039633	1.02814548091	1.55818322378	0.792151266312	0.879016607057	1.22945923151	1.18407567424	1.29591804253	0.800640918318	0.897939521508	0.978850613823	1.29096344611	1.26600501692	1.21953931368	0.863161159981	1.16076318028	1.03338093765	0.88788820203	0.75303222813	1.16281324311	1.08434433059	1.18386932818	1.15206869986	1.20449358627	1.07205628323	1.2617600145	0.707514983084	1.13005473175	0.844727216046	0.949740125665	0.840609149348	0.711681275979	0.723978221363	1.40245286129	1.36969537458	1.3509460899	1.33575116481	1.15635694538	1.19181093282	1.47283179314	1.36295307878	1.13184343161	1.18471138231	1.27014673272	1.11584824553	0.947698516191	1.3099861189	0.903127897535	1.22638478492	1.09773494925	1.30806399227
AD4	0.717032102465	0.482055253746	2.27657772354	1.01161753987	0.804768637023	0.370333228613	0.995030106332	0.0	0.342207617206	0.693561822136	0.52961381827	0.619032397293	0.48841719188	1.94082772354	0.591765248913	0.6068599855	0.524459661672	0.536574693088	1.78984253262	1.27552799903	0.844864707588	0.56108778637	0.595084997583	0.519552165297	1.7231541276	0.758388443693	0.429336234896	0.405957481875	0.54003662639	0.724389797003	0.810868511358	0.613827303045	0.302894891252	0.364064896085	1.11704066699	0.835451580474	0.584228303528	0.539206539391	0.453770241663	0.714954818753	0.547169565007	1.27992528758	1.05857483325	0.549601725471	0.710821691638	0.640518115031	1.14841337361	0.906780323828	0.941294311261	0.936211710971	0.932651817303	1.02963083132	0.740782943451	0.683004156597	0.688493127115	0.69677777187	0.511100029	1.04649851619	0.624207167714	0.91235362494	0.502715611406	0.927080671822
AE3	0.88075217013	0.689456955051	2.37173360561	1.17310847269	0.958449265346	0.480307235379	1.29661804253	0.342207617206	0.0	0.992563842436	0.340061599807	0.766493914935	0.601376524891	2.04562031899	0.771595244079	0.79225301595	0.486378269695	0.558070507492	1.97883304978	1.47594720638	1.01419579507	0.718063861769	0.471861150314	0.441321638473	1.92441135331	0.964292783954	0.434019540841	0.527312551957	0.713792034799	0.92014181247	0.900823368777	0.716369236346	0.294749178347	0.336292145964	1.22445766071	0.954430420493	0.545355398743	0.762014572257	0.540486703722	0.952226882552	0.70388139681	1.41408129531	1.21857699855	0.768761522475	0.731214615756	0.614400106332	1.23822797003	0.985873276945	1.05100026583	1.02146741904	1.00409482359	1.11575006767	0.827912194297	0.774720531658	0.755588738521	0.785492049299	0.683971358144	1.13721720155	0.812954417593	0.995239125181	0.622397825036	1.00658087482
AE4	0.644946771387	0.607976167231	2.08016214596	0.822395108748	0.658737100048	0.780536674722	0.383702242629	0.693561822136	0.992563842436	0.0	1.08755971967	0.704348951184	0.781021130981	1.7452820928	0.587229052682	0.638870507492	0.934878303528	0.885025949734	1.43420165781	0.945485886902	0.711012619623	0.693507423876	0.999890512325	0.977399748671	1.29041244079	0.593995070082	0.867451087482	0.740983769937	0.63856939101	0.593444320928	0.891199603673	0.784246234896	0.887675746738	0.864165722571	0.998095036249	0.855844296762	0.953799482842	0.5290520058	0.834739864669	0.60639041566	0.689146679555	1.03691622523	0.836416568391	0.528594345094	1.13028828903	1.08447590623	1.11360803287	1.09538129531	0.92293482842	0.954654635089	1.23427461576	1.12804194297	0.89264918318	0.921505476075	1.0171562929	0.865428999517	0.7094080087	1.08130666022	0.65108237796	0.983522155631	0.821432493958	1.07544662156
AF3	0.952275848236	0.822043958434	2.50680270662	1.26013172547	1.06614450459	0.458671880135	1.3798539101	0.52961381827	0.340061599807	1.08755971967	0.0	0.866583856936	0.696816703722	2.17988773804	0.938434929918	0.864373881102	0.476599772837	0.515925969067	2.03972372644	1.53443837603	1.07156358144	0.825226495892	0.391129159014	0.381142967617	2.0022578057	1.04078843886	0.474278869019	0.633059758337	0.807018177864	1.00183585307	0.863190169164	0.722958405027	0.460300985984	0.467633968101	1.25089302562	1.0115602175	0.50886161914	0.863346814886	0.512702426293	1.00501518125	0.752857042049	1.55406535041	1.34914867086	0.875720686322	0.695984567424	0.603250434993	1.23056703722	0.994003586274	1.12427095215	1.04571870469	1.00208115031	1.10056102465	0.855302039633	0.762093508942	0.788560256162	0.788549908168	0.798337781537	1.12382032866	0.924081691638	1.01063740938	0.623109265346	1.01118807153
AF4	0.728909845336	0.455439830836	2.28711737071	0.986592295795	0.344143576607	0.540091377477	0.940082039633	0.619032397293	0.766493914935	0.704348951184	0.866583856936	0.0	0.553454064766	1.95793492992	0.545434156597	0.604105635573	0.810438980184	0.80892361044	1.64450632673	1.14362731754	0.963100807153	0.85458060899	1.06126568874	0.991123740938	1.50414449493	0.707822948284	0.812263750604	0.792182957951	0.739848086032	0.786847588207	1.03288000967	0.890967684872	0.747748912518	0.716345606573	0.798760990817	0.542878893185	0.742422904785	0.622306621556	0.68495919768	0.606366926051	0.562530768487	1.28725158531	1.09460887385	0.514319632673	0.879060381827	0.839170879652	0.819859855002	0.734487675205	0.59599040116	0.601439555341	0.867078018366	0.770866882552	0.545945915901	0.636933972934	0.683582798453	0.650957757371	0.63503041566	0.741159043016	0.654025258579	0.666667907202	0.673384132431	0.702852788787
AG3	0.695230589657	0.398575268246	2.31369345578	0.900847965201	0.744201643306	0.406942107298	1.02814548091	0.48841719188	0.601376524891	0.781021130981	0.696816703722	0.553454064766	0.0	1.96610673272	0.495245891735	0.52631621073	0.548960778154	0.564623678105	1.71771440793	1.21323218946	0.916630396327	0.663833465442	0.775030251329	0.723453987434	1.58756250362	0.692424349927	0.575177158047	0.564326205897	0.631789710005	0.763804446593	0.837900831319	0.685099149348	0.581291677139	0.529849531174	1.01633857419	0.748304451426	0.722688472692	0.628903586274	0.55262337361	0.653947303045	0.478231744804	1.33886152247	1.12434477525	0.582901691638	0.856314040599	0.799313644273	0.998055128081	0.789166814886	0.788987907202	0.768818608023	0.920706930884	0.880629463509	0.603466679555	0.619888260029	0.69183359594	0.563917747704	0.461805041083	0.905946186564	0.547096877719	0.76557242146	0.441288405027	0.787479410343
AG4	1.89951625906	1.88073225713	0.38298261479	1.08710737071	1.80958280812	2.03187354761	1.55818322378	1.94082772354	2.04562031899	1.7452820928	2.17988773804	1.95793492992	1.96610673272	0.0	1.79351147414	1.96698788304	2.14834768487	2.14826498792	0.948829318511	1.11451638956	1.69365242146	1.8611997825	2.07564469792	2.07482761237	1.64248456742	1.84885994683	2.0501121943	1.90420455776	1.60047717738	1.47991661189	2.12461251329	2.07819215563	1.94351640889	2.0590357419	2.21145068149	2.14915185114	2.27776087965	1.63635806187	2.18441584824	1.99491444176	2.06333029	0.939879942001	1.12181692122	1.72006880135	2.37663763171	2.32330179797	2.33907231029	2.33654457709	2.1931078057	2.25354958434	2.44012825036	2.36596811503	2.21341914451	2.24755685839	2.30144858386	2.21632377477	1.98081628806	2.33283035766	1.94203913485	2.28654811503	2.06859321411	2.32663721121
AH3	0.747022716288	0.296034731754	2.12160797003	0.84492059449	0.624390357661	0.672973006283	0.792151266312	0.591765248913	0.771595244079	0.587229052682	0.938434929918	0.545434156597	0.495245891735	1.79351147414	0.0	0.573326578057	0.779640918318	0.815066573224	1.5564522378	1.06796444176	0.90069477042	0.795758806187	0.970256123731	0.904750038666	1.45856446109	0.711923078782	0.789101367811	0.737825949734	0.664382938618	0.680805060416	1.03885275495	0.887239502175	0.683524509425	0.728941686805	1.04545757371	0.812858946351	0.909288545191	0.52182242146	0.771613847269	0.627356732721	0.639284393427	1.09771922668	0.900381184147	0.446940130498	1.06433413243	1.00772320928	1.05216321411	0.919351749638	0.859326307395	0.86550839536	1.06671319961	0.998772194297	0.789524548091	0.806210526825	0.853932150797	0.755583475109	0.586844900918	0.977067680039	0.589962750121	0.895823330111	0.687308110198	0.916422991783
AH4	0.274961242146	0.342565543741	2.3052017013	0.982284301595	0.734410836153	0.582571938134	0.879016607057	0.6068599855	0.79225301595	0.638870507492	0.864373881102	0.604105635573	0.52631621073	1.96698788304	0.573326578057	0.0	0.678037955534	0.624009980667	1.51131811986	1.11321907202	0.854806877719	0.675070662156	0.865913421943	0.802501681972	1.42513810536	0.593343151281	0.646818521025	0.600306341228	0.667310241663	0.72170658289	0.76346959884	0.606404388594	0.742928970517	0.693461614306	0.972714833253	0.742137501208	0.787049255679	0.63811242146	0.615781295312	0.485157201547	0.443560347994	1.33219656356	1.11182896085	0.577770671822	0.954169265346	0.923364809087	0.901973736104	0.803400483325	0.746845819236	0.687515099082	0.93816940551	0.839770140164	0.543297467376	0.586442711455	0.658191933301	0.508511058482	0.381316795553	0.806275785404	0.387332701788	0.727711087482	0.489187689705	0.800146698888
AA7	0.811044359594	0.645368226196	2.47226667472	1.17862787337	0.962998690188	0.529077907202	1.22945923151	0.524459661672	0.486378269695	0.934878303528	0.476599772837	0.810438980184	0.548960778154	2.14834768487	0.779640918318	0.678037955534	0.0	0.158531232479	1.84377779604	1.35711306428	1.00866143064	0.680700497825	0.489261614306	0.452293847269	1.76843416626	0.837031488642	0.33475500725	0.474000024166	0.73708622523	0.899479608507	0.669520333494	0.447896602223	0.475519289512	0.493239859836	1.21911322378	0.992021198647	0.512476732721	0.799598255196	0.482619705172	0.905260879652	0.700676495892	1.51585124215	1.3131321363	0.827927873369	0.761473339778	0.658347046883	1.12383949251	0.889041870469	1.04649533591	0.958411633639	0.892490492992	0.983598651522	0.749973276945	0.659525248913	0.659660869985	0.666248066699	0.564336365394	1.00834689705	0.66133	0.95134338811	0.487688554857	0.89194579507
AA8	0.748248458192	0.645150497825	2.47556170614	1.18000965201	0.940728656356	0.516747767037	1.18407567424	0.536574693088	0.558070507492	0.885025949734	0.515925969067	0.80892361044	0.564623678105	2.14826498792	0.815066573224	0.624009980667	0.158531232479	0.0	1.79821646206	1.32679941518	0.947940666989	0.621465756404	0.511946447559	0.477848018366	1.70360682939	0.777508985017	0.353795113581	0.440079415176	0.714391135814	0.87103417593	0.564374514258	0.345894282262	0.529364538424	0.518582305462	1.17438337361	0.955115843403	0.533599246013	0.790268714355	0.453387486709	0.843783160947	0.663018013533	1.52192271629	1.31647985017	0.804550502658	0.748467916868	0.671871889802	1.08893218463	0.882112551957	1.01013966651	0.919127457709	0.879722498792	0.965442286129	0.700306056066	0.629973900435	0.643783315611	0.621593286612	0.542393591107	0.981086752054	0.642805050749	0.904157974867	0.457350478492	0.886405505075
AB7	1.42648775254	1.55187949734	1.20059997583	0.990735538908	1.44705854519	1.79132628806	1.29591804253	1.78984253262	1.97883304978	1.43420165781	2.03972372644	1.64450632673	1.71771440793	0.948829318511	1.5564522378	1.51131811986	1.84377779604	1.79821646206	0.0	0.571579328178	1.54126683422	1.63245835186	1.93034003867	1.93315533591	1.05371985984	1.43545647656	1.81674463509	1.66624993233	1.38918277429	1.19444042049	1.72240864669	1.68023460126	1.85864447076	1.89272150314	1.86660314161	1.83025906235	1.96781131948	1.45961308362	1.86320187047	1.51161082649	1.62430044949	1.01218659256	1.06430845336	1.49029762687	2.14543642339	2.12166777187	1.91219840019	1.9613218608	1.80922201547	1.80558551474	2.06194832769	1.95898037216	1.77803927018	1.80785556307	1.87068381827	1.76948459642	1.62247889802	1.89806760271	1.54567763654	1.86588420976	1.73503993233	1.9325378202
AB8	1.0538582262	1.06850451909	1.43934863219	0.502256317061	1.02081131948	1.28966785887	0.800640918318	1.27552799903	1.47594720638	0.945485886902	1.53443837603	1.14362731754	1.21323218946	1.11451638956	1.06796444176	1.11321907202	1.35711306428	1.32679941518	0.571579328178	0.0	1.05172468342	1.12297028516	1.42154661672	1.41294299662	1.11643441276	0.968131155147	1.30390117931	1.15013974867	0.856769439343	0.677145519575	1.28469859836	1.23549216046	1.36689330111	1.39172922185	1.45109631223	1.3574199275	1.48460929435	0.960483876269	1.38928169164	1.11597003867	1.21161375544	0.710211730304	0.687043972934	0.991943460609	1.65927637989	1.61645798453	1.59373690672	1.54967175447	1.41087817303	1.41899583374	1.65781259546	1.58789637506	1.39737344611	1.41268871435	1.48505468826	1.38668726921	1.17561269696	1.54994690188	1.13517398743	1.47305471242	1.26319446593	1.52024413726
AC7	0.794764349928	0.862154374094	2.02094840503	0.960219463509	1.03106163847	0.858105843403	0.897939521508	0.844864707588	1.01419579507	0.711012619623	1.07156358144	0.963100807153	0.916630396327	1.69365242146	0.90069477042	0.854806877719	1.00866143064	0.947940666989	1.54126683422	1.05172468342	0.0	0.454562334461	0.965487201547	0.950037278879	1.43562697438	0.708552899952	0.904022711455	0.717370947318	0.583604910585	0.592190106332	0.823720275495	0.782777733204	0.897299840503	0.934103736104	1.29040557757	1.10575318511	1.12645736104	0.743051101982	1.00445640889	0.967457728371	0.959696834219	1.21475109715	1.09195366361	0.758537858869	1.10166830353	1.09101327211	1.45838083615	1.39539089899	1.21934990333	1.24098125181	1.50977324795	1.4497222088	1.11625348961	1.15020176897	1.23193443209	1.09862289512	0.906121652972	1.41123823586	0.861948511358	1.26406430643	0.910955089415	1.38611875785
AC8	0.678109487675	0.687494842919	2.18653957467	0.979993107782	1.01519356211	0.60171477042	0.978850613823	0.56108778637	0.718063861769	0.693507423876	0.825226495892	0.85458060899	0.663833465442	1.8611997825	0.795758806187	0.675070662156	0.680700497825	0.621465756404	1.63245835186	1.12297028516	0.454562334461	0.0	0.647923020783	0.655942580957	1.55037257612	0.661738540358	0.516515311745	0.340068844853	0.478157162881	0.610110700822	0.600708680522	0.480696172064	0.598242271629	0.628061014983	1.1760739826	0.911175094248	0.81443898985	0.661196926051	0.703279091348	0.857153441276	0.741955224746	1.26690921701	1.08523298212	0.71931778637	0.88011879652	0.846226906718	1.32380324795	1.10984024166	1.07619639439	1.07129814403	1.19905271145	1.21820405993	0.888136355727	0.865696447559	0.92178861769	0.848829076849	0.584499260512	1.22124560657	0.638640666989	1.03568069599	0.596449594007	1.1250881682
AD7	0.861037138714	0.867608980184	2.39931616723	1.17983318028	1.24263368294	0.685952687289	1.29096344611	0.595084997583	0.471861150314	0.999890512325	0.391129159014	1.06126568874	0.775030251329	2.07564469792	0.970256123731	0.865913421943	0.489261614306	0.511946447559	1.93034003867	1.42154661672	0.965487201547	0.647923020783	0.0	0.180904751087	1.88715439826	0.932086645723	0.425064151764	0.47787638956	0.687041768971	0.868511314645	0.734179560174	0.581523968101	0.514713267279	0.57292482842	1.41736835186	1.17303482842	0.670978414693	0.858375432576	0.682926578057	1.08672694055	0.905571111648	1.46165192847	1.26066163847	0.948091227646	0.847176452392	0.741721208313	1.39335991783	1.15877374094	1.28128063316	1.2171657274	1.1548659014	1.27218165781	1.02222205413	0.918624707588	0.917503141614	0.942863784437	0.748897235379	1.29622636539	0.82111478492	1.18643384727	0.678259574674	1.17703648623
AD8	0.892445166747	0.796041068149	2.39673145481	1.16917875302	1.1738098115	0.625704146931	1.26600501692	0.519552165297	0.441321638473	0.977399748671	0.381142967617	0.991123740938	0.723453987434	2.07482761237	0.904750038666	0.802501681972	0.452293847269	0.477848018366	1.93315533591	1.41294299662	0.950037278879	0.655942580957	0.180904751087	0.0	1.84069077815	0.84950918318	0.373773359111	0.458942677622	0.675282537458	0.86094677622	0.731389743838	0.56100680522	0.478332266796	0.515873484775	1.37136188014	1.11808536008	0.622258525858	0.800276094732	0.634272827453	1.02461804253	0.840295118415	1.45628092315	1.24338077332	0.877156752054	0.785642247463	0.684685157081	1.33806296762	1.09283249879	1.22540767521	1.14830099565	1.09893321411	1.21260273562	0.959878685355	0.863832049299	0.866570831319	0.882897892702	0.703360420493	1.23553897535	0.800288680522	1.11775107782	0.638720642823	1.11216100532
AE7	1.35189044466	1.47188892702	1.8966139681	1.26477304012	1.29831715805	1.65582619623	1.21953931368	1.7231541276	1.92441135331	1.29041244079	2.0022578057	1.50414449493	1.58756250362	1.64248456742	1.45856446109	1.42513810536	1.76843416626	1.70360682939	1.05371985984	1.11643441276	1.43562697438	1.55037257612	1.88715439826	1.84069077815	0.0	1.02268318028	1.77027967134	1.60844839053	1.36830366844	1.27412391493	1.56658768487	1.56888218463	1.81802780087	1.82131113581	1.69615450459	1.69865266796	1.88528335911	1.47360648623	1.7877902465	1.37300467376	1.56061544708	1.46839112131	1.43586691155	1.40530672789	2.00592248913	1.98072254712	1.70916123731	1.82223439343	1.62484107298	1.61271497342	1.95289301112	1.7890718318	1.62384630256	1.67903032866	1.7659340696	1.61219972934	1.57381703722	1.73405790237	1.47585924601	1.6900180087	1.66262585307	1.77581074915
AE8	0.592053808603	0.607526858386	2.17420078299	0.916813871435	0.791098434026	0.718248458192	0.863161159981	0.758388443693	0.964292783954	0.593995070082	1.04078843886	0.707822948284	0.692424349927	1.84885994683	0.711923078782	0.593343151281	0.837031488642	0.777508985017	1.43545647656	0.968131155147	0.708552899952	0.661738540358	0.932086645723	0.84950918318	1.02268318028	0.0	0.806302996617	0.670266428226	0.616827042049	0.594876993717	0.761967423876	0.684011300145	0.854650575157	0.853003064282	1.09278014983	0.912528047366	0.93890178347	0.672917805703	0.851785538908	0.639317955534	0.686528429193	1.25334547608	1.05110559691	0.634535882069	1.08831624456	1.05861842919	1.12651863702	1.07111597873	0.920532991783	0.927855485742	1.19588578057	1.13250186564	0.85897037216	0.868242218463	0.95353641856	0.835231358144	0.695550666989	1.09378058966	0.666269202513	0.95937781537	0.739758458192	1.05964887385
AF7	0.749642730788	0.644402759787	2.37237225713	1.13421240213	0.978378656356	0.496724214596	1.16076318028	0.429336234896	0.434019540841	0.867451087482	0.474278869019	0.812263750604	0.575177158047	2.0501121943	0.789101367811	0.646818521025	0.33475500725	0.353795113581	1.81674463509	1.30390117931	0.904022711455	0.516515311745	0.425064151764	0.373773359111	1.77027967134	0.806302996617	0.0	0.251011329145	0.608087071049	0.790047211213	0.665475727405	0.498085094248	0.41120558724	0.436763199613	1.1607918753	0.910714214596	0.487981435476	0.700599652006	0.486723566941	0.858406065732	0.643553726438	1.43422167714	1.22225907202	0.747213040116	0.745908501692	0.660433112615	1.15467841469	0.927904543258	1.0162520348	0.973446824553	0.938706147898	1.0417419043	0.765493359111	0.704633006283	0.719838545191	0.71848237796	0.532201599807	1.05383043016	0.6496840116	0.935912769454	0.464535403577	0.957641749638
AF8	0.633815751571	0.599604345094	2.23069662639	0.972163131948	0.957097486709	0.501936162397	1.03338093765	0.405957481875	0.527312551957	0.740983769937	0.633059758337	0.792182957951	0.564326205897	1.90420455776	0.737825949734	0.600306341228	0.474000024166	0.440079415176	1.66624993233	1.15013974867	0.717370947318	0.340068844853	0.47787638956	0.458942677622	1.60844839053	0.670266428226	0.251011329145	0.0	0.457665456742	0.631768313195	0.636350681489	0.441712701788	0.455346321895	0.503779062349	1.18101191397	0.924740468826	0.650120053166	0.633779439343	0.547441314645	0.811559937168	0.649354915418	1.29779265829	1.08273290478	0.689528226196	0.845761135814	0.784190947318	1.22123480909	0.995403238279	1.03163304978	1.01707284679	1.008340203	1.1082698985	0.818752431126	0.770336795553	0.792170541324	0.781009357177	0.504399763171	1.11371880135	0.571998830353	0.988102068632	0.499935045916	1.02083596907
AG7	0.65944	0.613158492025	1.92610304012	0.67719362494	0.804900333494	0.611327863702	0.88788820203	0.54003662639	0.713792034799	0.63856939101	0.807018177864	0.739848086032	0.631789710005	1.60047717738	0.664382938618	0.667310241663	0.73708622523	0.714391135814	1.38918277429	0.856769439343	0.583604910585	0.478157162881	0.687041768971	0.675282537458	1.36830366844	0.616827042049	0.608087071049	0.457665456742	0.0	0.261956892218	0.783996051232	0.655552242629	0.608769342678	0.70161240696	1.25507519575	0.983043460609	0.890861469309	0.453995364911	0.754962044466	0.829863702272	0.701665244079	1.0619380087	0.840244306428	0.508101309811	1.03425938134	0.979551019816	1.31246969067	1.11177015466	1.10711744321	1.09603155631	1.22291110198	1.19802577574	0.914311865636	0.883492218463	0.958740521991	0.880817182214	0.630701082649	1.21269639923	0.644864673755	1.06817339294	0.658445403577	1.10901096665
AG8	0.656752058966	0.692371662639	1.81027326245	0.595838115031	0.803865451909	0.760256558724	0.75303222813	0.724389797003	0.92014181247	0.593444320928	1.00183585307	0.786847588207	0.763804446593	1.47991661189	0.680805060416	0.72170658289	0.899479608507	0.87103417593	1.19444042049	0.677145519575	0.592190106332	0.610110700822	0.868511314645	0.86094677622	1.27412391493	0.594876993717	0.790047211213	0.631768313195	0.261956892218	0.0	0.883428371194	0.795015717738	0.816055002417	0.846403257612	1.24867896085	1.03607846786	1.03488119381	0.465977767037	0.906529289512	0.828520507492	0.807934934751	0.962798564524	0.774944997583	0.509266022233	1.16434505075	1.10980016916	1.32639796037	1.23025423876	1.13241107782	1.14786136298	1.34726762687	1.29363456742	1.02215724505	1.01113089899	1.08942316578	1.00391650072	0.767857269212	1.26662185597	0.738585848236	1.17120525858	0.809402788787	1.22682711455
AH7	0.764990338328	0.865716138231	2.43818540358	1.26366637023	1.1633122378	0.763300038666	1.16281324311	0.810868511358	0.900823368777	0.891199603673	0.863190169164	1.03288000967	0.837900831319	2.12461251329	1.03885275495	0.76346959884	0.669520333494	0.564374514258	1.72240864669	1.28469859836	0.823720275495	0.600708680522	0.734179560174	0.731389743838	1.56658768487	0.761967423876	0.665475727405	0.636350681489	0.783996051232	0.883428371194	0.0	0.292812788787	0.878642348961	0.864553533108	1.19450481875	1.00481457226	0.797049178347	0.927708226196	0.752115253746	0.952751565974	0.831272634123	1.525730145	1.34766289995	0.967917535041	0.962632783954	0.936719801837	1.26165091348	1.06769451909	1.13604040599	1.04218012566	1.13154102465	1.15717734171	0.878253726438	0.814147332044	0.848570502658	0.806006099565	0.761626239729	1.17526894152	0.79621438376	1.02424627356	0.69386980667	1.07578803287
AH8	0.657156089898	0.707334214596	2.40548731754	1.15668135331	1.01484769454	0.586278753021	1.08434433059	0.613827303045	0.716369236346	0.784246234896	0.722958405027	0.890967684872	0.685099149348	2.07819215563	0.887239502175	0.606404388594	0.447896602223	0.345894282262	1.68023460126	1.23549216046	0.782777733204	0.480696172064	0.581523968101	0.56100680522	1.56888218463	0.684011300145	0.498085094248	0.441712701788	0.655552242629	0.795015717738	0.292812788787	0.0	0.682828757854	0.657898946351	1.15984435476	0.930405969067	0.670818980184	0.804806901885	0.567875853069	0.836748250362	0.696834596423	1.46170866602	1.25708318995	0.836245683905	0.823483881102	0.783771836636	1.15205306912	0.964614074432	1.02693253746	0.935279555341	0.979230845819	1.0512278492	0.744271474142	0.696364374094	0.70537638956	0.67661759304	0.594441773804	1.05758333494	0.631249453842	0.917423644273	0.531985727405	0.967896230063
AA5	0.847960874819	0.608382904785	2.26624266796	1.0956822233	0.93092840986	0.479605364911	1.18386932818	0.302894891252	0.294749178347	0.887675746738	0.460300985984	0.747748912518	0.581291677139	1.94351640889	0.683524509425	0.742928970517	0.475519289512	0.529364538424	1.85864447076	1.36689330111	0.897299840503	0.598242271629	0.514713267279	0.478332266796	1.81802780087	0.854650575157	0.41120558724	0.455346321895	0.608769342678	0.816055002417	0.878642348961	0.682828757854	0.0	0.289617738038	1.23641104398	0.954077133881	0.60484502175	0.612061353311	0.594463779604	0.846633170614	0.683257776704	1.28069601257	1.08351416143	0.645232208797	0.755313363944	0.651511333978	1.2935438086	1.05897441276	1.08593983567	1.07583084582	1.07720810053	1.18357025616	0.871690468826	0.827525041083	0.810404963751	0.831643644273	0.588152812953	1.18950881585	0.698253784437	1.04374715321	0.594375094248	1.07892688255
AA6	0.84215359594	0.63059677622	2.38876709522	1.15107046883	0.897745944901	0.419734896085	1.15206869986	0.364064896085	0.336292145964	0.864165722571	0.467633968101	0.716345606573	0.529849531174	2.0590357419	0.728941686805	0.693461614306	0.493239859836	0.518582305462	1.89272150314	1.39172922185	0.934103736104	0.628061014983	0.57292482842	0.515873484775	1.82131113581	0.853003064282	0.436763199613	0.503779062349	0.70161240696	0.846403257612	0.864553533108	0.657898946351	0.289617738038	0.0	1.08014366844	0.805128211696	0.492683707105	0.648411967134	0.454997825036	0.813094562591	0.567401952634	1.40071785887	1.18107123248	0.67270702755	0.529659289512	0.435084354761	1.14094880619	0.920259545674	0.935177834703	0.903117351377	0.93922262929	1.03588780087	0.715985558241	0.700317984534	0.686235819236	0.682159487675	0.60605542291	1.03309006283	0.72634179797	0.87111217013	0.544526549058	0.940850526825
AB5	1.08219461576	0.976606215563	2.53432724505	1.39617675689	0.830601029483	1.04117762687	1.20449358627	1.11704066699	1.22445766071	0.998095036249	1.25089302562	0.798760990817	1.01633857419	2.21145068149	1.04545757371	0.972714833253	1.21911322378	1.17438337361	1.86660314161	1.45109631223	1.29040557757	1.1760739826	1.41736835186	1.37136188014	1.69615450459	1.09278014983	1.1607918753	1.18101191397	1.25507519575	1.24867896085	1.19450481875	1.15984435476	1.23641104398	1.08014366844	0.0	0.376619207347	0.963357902368	1.10111520058	0.967673934268	0.830973668439	0.87672701305	1.61259873369	1.42384963267	1.01276049783	1.01319314645	1.00657811503	0.852176292895	0.949030115998	0.770598525858	0.765933141614	1.07419554857	0.938258806187	0.793925495408	0.917002261962	0.957494973417	0.888667109715	1.02581802803	0.8784260174	1.03549293862	0.822346452392	1.03365942968	0.911519879169
AB6	0.888556230063	0.722154006767	2.48249347028	1.26635044466	0.771004441759	0.765834088932	1.07205628323	0.835451580474	0.954430420493	0.855844296762	1.0115602175	0.542878893185	0.748304451426	2.14915185114	0.812858946351	0.742137501208	0.992021198647	0.955115843403	1.83025906235	1.3574199275	1.10575318511	0.911175094248	1.17303482842	1.11808536008	1.69865266796	0.912528047366	0.910714214596	0.924740468826	0.983043460609	1.03607846786	1.00481457226	0.930405969067	0.954077133881	0.805128211696	0.376619207347	0.0	0.749719516675	0.837049710005	0.761362063799	0.709834345094	0.64244059449	1.49722469792	1.29347481392	0.76056361044	0.746587965201	0.743122774287	0.77008101015	0.706673044949	0.564809478009	0.534792087965	0.833766732721	0.735607380377	0.577818767521	0.72401701305	0.755816974384	0.692426481392	0.773537032383	0.692679540841	0.795992126631	0.568736737554	0.811185877235	0.668082044466
AC5	0.906468757854	0.776941275979	2.60419843886	1.37216318511	0.960175094248	0.588723755437	1.2617600145	0.584228303528	0.545355398743	0.953799482842	0.50886161914	0.742422904785	0.722688472692	2.27776087965	0.909288545191	0.787049255679	0.512476732721	0.533599246013	1.96781131948	1.48460929435	1.12645736104	0.81443898985	0.670978414693	0.622258525858	1.88528335911	0.93890178347	0.487981435476	0.650120053166	0.890861469309	1.03488119381	0.797049178347	0.670818980184	0.60484502175	0.492683707105	0.963357902368	0.749719516675	0.0	0.807146520058	0.419003649106	0.86568420493	0.649745041083	1.65291029483	1.42707632189	0.826299337844	0.513962155631	0.449497631706	0.980057037216	0.754552648623	0.893529942001	0.802789178347	0.754017742871	0.846433663606	0.624122054132	0.543069231513	0.533731580474	0.62275522958	0.713357825036	0.877092861286	0.820496544224	0.760438980184	0.59572262929	0.769680120831
AC6	0.716366036733	0.532897713871	1.96455101015	0.74545120348	0.665203286612	0.625524562591	0.707514983084	0.539206539391	0.762014572257	0.5290520058	0.863346814886	0.622306621556	0.628903586274	1.63635806187	0.52182242146	0.63811242146	0.799598255196	0.790268714355	1.45961308362	0.960483876269	0.743051101982	0.661196926051	0.858375432576	0.800276094732	1.47360648623	0.672917805703	0.700599652006	0.633779439343	0.453995364911	0.465977767037	0.927708226196	0.804806901885	0.612061353311	0.648411967134	1.10111520058	0.837049710005	0.807146520058	0.0	0.756234490092	0.691777916868	0.637638221363	0.882598090865	0.654833929435	0.299479410343	1.0011460464	0.940019357177	1.18683986467	1.08100949251	0.98126118898	0.988298994683	1.19361934268	1.13657155147	0.857069221846	0.885456457226	0.958721019816	0.860045732238	0.613165669406	1.09354470759	0.627187336878	1.00993550507	0.701141889802	1.07341449976
AD6	0.746270763654	0.612211488642	2.5155841856	1.21096376027	0.849555128081	0.439334847753	1.13005473175	0.453770241663	0.540486703722	0.834739864669	0.512702426293	0.68495919768	0.55262337361	2.18441584824	0.771613847269	0.615781295312	0.482619705172	0.453387486709	1.86320187047	1.38928169164	1.00445640889	0.703279091348	0.682926578057	0.634272827453	1.7877902465	0.851785538908	0.486723566941	0.547441314645	0.754962044466	0.906529289512	0.752115253746	0.567875853069	0.594463779604	0.454997825036	0.967673934268	0.761362063799	0.419003649106	0.756234490092	0.0	0.69017260029	0.412828854519	1.5506342146	1.33043754471	0.757310111165	0.634734185597	0.591249536008	0.899993020783	0.684237042049	0.827299574674	0.713919468342	0.709538627356	0.80271640406	0.533365770904	0.465533963267	0.510404374094	0.477627008217	0.537989275012	0.804492547124	0.660215949734	0.693549096182	0.384706268729	0.708766766554
AE5	0.566339072015	0.527010004833	2.32977037699	1.02607475592	0.652435606573	0.694735142581	0.844727216046	0.714954818753	0.952226882552	0.60639041566	1.00501518125	0.606366926051	0.653947303045	1.99491444176	0.627356732721	0.485157201547	0.905260879652	0.843783160947	1.51161082649	1.11597003867	0.967457728371	0.857153441276	1.08672694055	1.02461804253	1.37300467376	0.639317955534	0.858406065732	0.811559937168	0.829863702272	0.828520507492	0.952751565974	0.836748250362	0.846633170614	0.813094562591	0.830973668439	0.709834345094	0.86568420493	0.691777916868	0.69017260029	0.0	0.352775132914	1.30863519575	1.10307919285	0.597259714838	1.0515438086	1.03674866119	0.866997259546	0.845130009667	0.752896080232	0.658552706622	0.986836109232	0.885359057516	0.584563426776	0.658384233929	0.762700908652	0.594864035766	0.56199781537	0.840730918318	0.538362382794	0.71639901885	0.664300657322	0.835019966167
AE6	0.571132870952	0.454983571774	2.39964800387	1.0945520638	0.704654441759	0.498721420976	0.949740125665	0.547169565007	0.70388139681	0.689146679555	0.752857042049	0.562530768487	0.478231744804	2.06333029	0.639284393427	0.443560347994	0.700676495892	0.663018013533	1.62430044949	1.21161375544	0.959696834219	0.741955224746	0.905571111648	0.840295118415	1.56061544708	0.686528429193	0.643553726438	0.649354915418	0.701665244079	0.807934934751	0.831272634123	0.696834596423	0.683257776704	0.567401952634	0.87672701305	0.64244059449	0.649745041083	0.637638221363	0.412828854519	0.352775132914	0.0	1.39323040599	1.16897775737	0.593524233929	0.832235384244	0.808867283712	0.844779284679	0.684939903335	0.709425045916	0.601924601257	0.806646515225	0.753876162397	0.45068918318	0.450723929435	0.560014378927	0.429602455292	0.442577897535	0.748473871435	0.474347887869	0.594821981634	0.469392687289	0.688729057516
AF5	1.28021333978	1.20881766071	1.26014552441	0.635467341711	1.15834458676	1.38860102948	0.840609149348	1.27992528758	1.41408129531	1.03691622523	1.55406535041	1.28725158531	1.33886152247	0.939879942001	1.09771922668	1.33219656356	1.51585124215	1.52192271629	1.01218659256	0.710211730304	1.21475109715	1.26690921701	1.46165192847	1.45628092315	1.46839112131	1.25334547608	1.43422167714	1.29779265829	1.0619380087	0.962798564524	1.525730145	1.46170866602	1.28069601257	1.40071785887	1.61259873369	1.49722469792	1.65291029483	0.882598090865	1.5506342146	1.30863519575	1.39323040599	0.0	0.280499966167	0.996123900435	1.75220645723	1.69626553891	1.76654458676	1.71641291928	1.61076400677	1.64803371194	1.83270398743	1.78521908652	1.56504838569	1.61932893185	1.67633833736	1.58175800387	1.31137285645	1.74813928951	1.27144277912	1.68037853552	1.44807409377	1.69793410826
AF6	1.08811364427	0.990472426293	1.445640058	0.476164330594	0.967808264862	1.17372257129	0.711681275979	1.05857483325	1.21857699855	0.836416568391	1.34914867086	1.09460887385	1.12434477525	1.12181692122	0.900381184147	1.11182896085	1.3131321363	1.31647985017	1.06430845336	0.687043972934	1.09195366361	1.08523298212	1.26066163847	1.24338077332	1.43586691155	1.05110559691	1.22225907202	1.08273290478	0.840244306428	0.774944997583	1.34766289995	1.25708318995	1.08351416143	1.18107123248	1.42384963267	1.29347481392	1.42707632189	0.654833929435	1.33043754471	1.10307919285	1.16897775737	0.280499966167	0.0	0.773756510391	1.53210555341	1.47887403093	1.57515367811	1.52299268246	1.41617504108	1.44947625906	1.62620070565	1.59029355244	1.35715720638	1.39965609957	1.45994911068	1.36247353311	1.09371879652	1.55490353794	1.05232666989	1.47499167714	1.23058363944	1.50101046883
AG5	0.675352716288	0.474013199613	2.05122104398	0.797530961817	0.533978646689	0.577263189947	0.723978221363	0.549601725471	0.768761522475	0.528594345094	0.875720686322	0.514319632673	0.582901691638	1.72006880135	0.446940130498	0.577770671822	0.827927873369	0.804550502658	1.49029762687	0.991943460609	0.758537858869	0.71931778637	0.948091227646	0.877156752054	1.40530672789	0.634535882069	0.747213040116	0.689528226196	0.508101309811	0.509266022233	0.967917535041	0.836245683905	0.645232208797	0.67270702755	1.01276049783	0.76056361044	0.826299337844	0.299479410343	0.757310111165	0.597259714838	0.593524233929	0.996123900435	0.773756510391	0.0	0.978468501692	0.934033363944	1.07075707105	1.0011419913	0.874937941034	0.8800700145	1.12303443209	1.04203137748	0.756353591107	0.817790753987	0.89646101015	0.76042661189	0.607399096182	1.00972586757	0.615448535524	0.898193910101	0.671582411793	0.990145935234
