	AA3	AA4	AB3	AB4	AC3	AC4	AD3	AD4	AE3	AE4	AF3	AF4	AG3	AG4	AH3	AH4	AA7	AA8	AB7	AB8	AC7	AC8	AD7	AD8	AE7	AE8	AF7	AF8	AG7	AG8	AH7	AH8	AA5	AA6	AB5	AB6	AC5	AC6	AD6	AE5	AE6	AF5	AF6	AG5	AH5	AH6	AA1	AA2	AB1	AB2	AC1	AC2	AD1	AD2	AE1	AE2	AF1	AF2	AG1	AG2	AH1	AH2
AA3	0.0	0.526186979217	2.28329080232	0.961091730304	0.843489163847	0.73026279362	0.960003363944	0.719982851619	0.872293339778	0.702342619623	0.92276622523	0.761036665056	0.675319980667	1.93864725471	0.721904688255	0.25206900435	0.75381102465	0.713679961334	1.49370721121	1.03241068149	0.820776379894	0.639832542291	0.888777805703	0.825643238279	1.39157587724	0.601811918801	0.793473160947	0.626988559691	0.716562165297	0.677858264862	0.767650831319	0.613297104882	0.851680251329	0.771183649106	1.06126961334	0.874602261962	0.920153315611	0.76913337361	0.726136273562	0.579600517158	0.539042489125	1.23854919768	1.18038698405	0.729715959401	1.08320474142	1.04790813436	0.96035739971	0.910794166264	0.903198119865	0.848887327211	1.0350759594	0.924984760754	0.640934915418	0.671215833736	0.788207022716	0.681794465926	0.494332208797	0.861950328661	0.491358144031	0.876860173997	0.623549115515	0.932927723538
AA4	0.526186979217	0.0	2.26317339294	0.870926887385	0.607128197197	0.527533146448	0.906223325278	0.483130285162	0.6611639826	0.593212904785	0.776003315611	0.471371319478	0.392992866119	1.91527013533	0.305253736104	0.364530560657	0.645130840986	0.641078095698	1.56611329145	1.04275646206	0.857825389077	0.615379115515	0.822128322861	0.845444852586	1.50358128081	0.656255505075	0.675172580957	0.612282846786	0.674667288545	0.663422711455	0.865114456259	0.710320352827	0.599377409377	0.559414349927	0.917216408893	0.662296887385	0.757703204447	0.527259521508	0.576463726438	0.54493221363	0.394551285645	1.16657712421	1.10293491058	0.452142319961	0.920567119381	0.862898168197	0.952730381827	0.799497849203	0.734469951667	0.729930826486	0.951610159497	0.866777539874	0.607142300628	0.626261536974	0.715925234413	0.646932522958	0.437467684872	0.839545669406	0.437057689705	0.756201208313	0.465020512325	0.791209753504
AB3	2.28329080232	2.26317339294	0.0	1.50206644756	2.20417013533	2.39149431126	1.89107058966	2.29926452876	2.3663379652	2.1365360899	2.5245821508	2.27745041566	2.30986189947	0.386156007733	2.16664737071	2.33024522958	2.48159673272	2.49078956501	1.16565637989	1.51997668922	1.98763063316	2.21643033349	2.44955031899	2.39315500725	1.92397799903	2.17353331561	2.39898746254	2.30989055582	1.8773857274	1.87663076849	2.46465081682	2.45065044949	2.312009855	2.37955349444	2.55720486225	2.47082224746	2.63746378927	1.99327348478	2.54737531174	2.30646001933	2.41660142098	1.35099045916	1.40698320928	2.12388352344	2.7532759594	2.67522368294	2.71131536491	2.68487707105	2.54977686805	2.60795663122	2.79034883035	2.7267921508	2.58607028033	2.61696521508	2.66405459642	2.61847009183	2.33098284679	2.69848385694	2.32411937651	2.64512586274	2.42914947801	2.70283430159
AB4	0.961091730304	0.870926887385	1.50206644756	0.0	0.878774407927	0.992760478492	0.782110821653	0.953068105365	1.10752143548	0.812058931851	1.17102889802	0.905665437409	0.834032909618	1.14698317061	0.807505650072	0.947533156114	1.11662362494	1.12861214596	1.04845423393	0.536430048333	0.910197602707	0.920285548574	1.1509777332	1.11766199613	1.30583820203	0.907321271145	1.10412836153	0.999835466409	0.640029864669	0.629053185114	1.26820662156	1.13850907685	1.05642078782	1.05597761237	1.33091763171	1.18282374577	1.31983334944	0.699497535041	1.15699877235	0.934773484775	1.02869380377	0.590385345578	0.565261836636	0.787115335911	1.43568315128	1.36767692605	1.43370338811	1.35504311261	1.26504883519	1.27686681972	1.49903703722	1.42479132914	1.21734914935	1.26238207347	1.33821025616	1.25809929435	0.990633576607	1.38343764137	0.969546162397	1.31819605123	1.06420735138	1.36501919285
AC3	0.843489163847	0.607128197197	2.20417013533	0.878774407927	0.0	0.742228342194	0.879362387627	0.843877090382	0.928128284195	0.649226747221	1.06666256162	0.287369695505	0.749455369744	1.86169621556	0.654164021266	0.772606703722	0.976887119381	0.977986631223	1.48667224746	1.01477434509	1.03859948284	0.971988047366	1.22054954084	1.21648881585	1.33258336878	0.820568980184	1.05970838569	0.994034417593	0.897676500725	0.838278351861	1.17172658772	1.03154245046	0.950458743354	0.932764374094	0.774259386177	0.686151541808	0.955750473659	0.684117965201	0.858204055099	0.649832039633	0.714381957467	1.13444445143	1.09757066699	0.588571725471	1.12871200097	1.0805118753	0.882138927018	0.920121580474	0.698187322378	0.777492102465	1.05067347511	0.929796814886	0.742770952151	0.807449241179	0.895682189464	0.777884925085	0.793025944901	0.852636843886	0.793553069116	0.868485403577	0.822834016433	0.920992025133
AC4	0.73026279362	0.527533146448	2.39149431126	0.992760478492	0.742228342194	0.0	1.11010904785	0.396900898985	0.495839313678	0.765266495892	0.390595176414	0.546420492992	0.438572701788	2.04750778637	0.657373446109	0.6152039971	0.566364886419	0.552849289512	1.79876771387	1.27516759787	0.885924229096	0.567639115515	0.657487733204	0.662648893185	1.67839643789	0.760835350411	0.562036041566	0.541395983567	0.684252672789	0.711703707105	0.785677472209	0.598545804737	0.503774664089	0.427654736588	0.987498139198	0.741306631223	0.585008260029	0.615369487675	0.421856969551	0.737487187047	0.526912667956	1.31463769454	1.25732533108	0.549900463992	0.744785746738	0.676132464959	1.05061442243	0.844559076849	0.816344760754	0.7977939971	0.926899980667	0.943985814403	0.618497341711	0.618021836636	0.719027225713	0.644281483809	0.594467211213	0.932322189464	0.600050497825	0.780503354277	0.394161082649	0.798348670855
AD3	0.960003363944	0.906223325278	1.89107058966	0.782110821653	0.879362387627	1.11010904785	0.0	1.02362662156	1.30317697438	0.429067317545	1.35051714838	0.94092221363	1.03664058966	1.5461780812	0.826955369744	0.932550792653	1.23386352344	1.22186694055	1.29418956017	0.817404494925	0.894423378444	0.992646442726	1.34327140648	1.27611367811	1.2211938376	0.868091193813	1.25037953117	1.1110840551	0.873606022233	0.803514166264	1.20641912518	1.12843821653	1.21385702272	1.13754770904	1.21404243113	1.05782042533	1.29708154181	0.73465298695	1.17256118415	0.818430879652	0.961738554857	0.808041561141	0.732716215563	0.793514712421	1.44079693088	1.39685661189	1.38174905752	1.38029780087	1.17735706622	1.20118667956	1.50441491542	1.42082335911	1.22384232963	1.22502387627	1.31924741904	1.21142665539	1.00339036249	1.33158978734	0.982142803287	1.28099615273	1.14772455292	1.37201915901
AD4	0.719982851619	0.483130285162	2.29926452876	0.953068105365	0.843877090382	0.396900898985	1.02362662156	0.0	0.318626979217	0.675965567907	0.497024262929	0.685037409377	0.48852282262	1.95662071049	0.57275679072	0.600663591107	0.494841319478	0.477919855002	1.7942739391	1.26118059932	0.849662373127	0.498680333494	0.516732605123	0.533864504592	1.72840534074	0.776149076849	0.414943146448	0.404991053649	0.58384279362	0.678361628806	0.787239318511	0.598092145964	0.294701536974	0.32563619623	1.10279943451	0.836222774287	0.581513808603	0.54261420493	0.480618264862	0.747190183664	0.563593257612	1.21911331561	1.1550018028	0.553756732721	0.736301938134	0.655990676655	1.15880923151	0.923019898502	0.950767061382	0.9387959884	0.991016317061	1.05109202997	0.724196607057	0.661804436926	0.719572619623	0.731083900435	0.530099023683	1.05605736588	0.5570260029	0.898767878202	0.45014979217	0.8795920058
AE3	0.872293339778	0.6611639826	2.3663379652	1.10752143548	0.928128284195	0.495839313678	1.30317697438	0.318626979217	0.0	0.95382777187	0.411361507975	0.760081333978	0.634360753987	2.03375909618	0.767576046399	0.779425447076	0.552262556791	0.553532315128	1.95793042049	1.44384355727	0.993881657806	0.673852329628	0.472884001933	0.482859719671	1.9196021798	0.975137873369	0.436141416143	0.517220613823	0.744449299178	0.861999038183	0.919525611406	0.745769516675	0.270283189947	0.378551295312	1.16218724505	0.907110217496	0.521388327695	0.745370792653	0.572614852586	0.983493151281	0.740337868536	1.31583976317	1.28735104398	0.718607066216	0.734573644273	0.620343407443	1.22222912518	0.980388965684	1.04049527791	1.00814702755	1.04133527308	1.10807762687	0.775744475592	0.725702136298	0.777614610923	0.795791082649	0.70996141131	1.1284680087	0.74798298695	0.95410500725	0.586342716288	0.942927327211
AE4	0.702342619623	0.593212904785	2.1365360899	0.812058931851	0.649226747221	0.765266495892	0.429067317545	0.675965567907	0.95382777187	0.0	1.00461350411	0.634158269696	0.739278791687	1.7903321653	0.565716916385	0.625331527308	0.887840700822	0.873050555824	1.46747484775	0.950312237796	0.755451072982	0.672903929435	0.998279768004	0.966540937651	1.32488192847	0.598668274529	0.898456147898	0.763544857419	0.6791460029	0.620304586757	0.92894742871	0.8071480087	0.865328757854	0.795459840503	0.934459231513	0.788939333011	0.942203871435	0.503139231513	0.824568695022	0.528122827453	0.633583165781	0.987855442243	0.926270908652	0.514219101015	1.11004113581	1.05800498308	1.0920698405	1.09762936201	0.896273779604	0.914796916385	1.23226018366	1.14037239729	0.924386408893	0.904874113098	1.00118788304	0.902200700822	0.697491870469	1.05076232479	0.667614673755	0.992230517158	0.803807820203	1.07938870952
AF3	0.92276622523	0.776003315611	2.5245821508	1.17102889802	1.06666256162	0.390595176414	1.35051714838	0.497024262929	0.411361507975	1.00461350411	0.0	0.869764581924	0.667559507008	2.18668193813	0.888061546641	0.826317858869	0.48275019333	0.467334789753	1.99580604157	1.47568985984	1.02985863219	0.738801918801	0.38086959884	0.395192237796	1.93339349928	0.995939072015	0.42163282262	0.576289990333	0.827357109715	0.902584654422	0.806056099565	0.661457085549	0.453958076365	0.470490908652	1.19668791203	0.995489038183	0.457908434026	0.823029961334	0.502070029	0.986434514258	0.751974079265	1.4784998985	1.43053012566	0.779571735138	0.70636717738	0.619001251812	1.22204880619	1.00094735138	1.12146836636	1.02647658772	1.05644468826	1.08988531174	0.803720869985	0.731537332044	0.80632037216	0.785016727888	0.798939855002	1.09226457709	0.826224514258	0.981964920251	0.542995882069	0.945592624456
AF4	0.761036665056	0.471371319478	2.27745041566	0.905665437409	0.287369695505	0.546420492992	0.94092221363	0.685037409377	0.760081333978	0.634158269696	0.869764581924	0.0	0.575494741421	1.93160263412	0.535616355727	0.656945495408	0.843327303045	0.844927704205	1.59968766554	1.08146841953	0.940510976317	0.816129729338	1.04963931368	1.04749927501	1.4570137216	0.71279261479	0.905153508942	0.845684905752	0.804106930884	0.741689458676	1.04689798453	0.915486007733	0.781461942968	0.76530081682	0.777814939584	0.558848922185	0.804561164814	0.590328540358	0.725990918318	0.618772000967	0.605380304495	1.16928455776	1.11920665539	0.4886380087	0.941285553407	0.886229323345	0.830740850652	0.771921087482	0.616243465442	0.648072537458	0.910177660706	0.825653702272	0.60836138231	0.68715961334	0.756170270662	0.65229738521	0.68465258579	0.761341793137	0.685628525858	0.724623866602	0.685459072015	0.769851677139
AG3	0.675319980667	0.392992866119	2.30986189947	0.834032909618	0.749455369744	0.438572701788	1.03664058966	0.48852282262	0.634360753987	0.739278791687	0.667559507008	0.575494741421	0.0	1.95138993233	0.466510420493	0.531923301112	0.577887341711	0.590378501692	1.7150658579	1.17979554374	0.892109381344	0.609934746254	0.74213878202	0.764497660706	1.56945339294	0.711197970034	0.610340111165	0.584958719188	0.68333361044	0.708435471242	0.845438342194	0.688894088932	0.607527530208	0.530819531174	0.983316621556	0.749585374577	0.747595094248	0.590608907685	0.57152579507	0.699451072982	0.476144693088	1.23683540358	1.18224513775	0.545362745288	0.882264905752	0.82114618173	1.00713490575	0.800014610923	0.809283620106	0.779667336878	0.959871290478	0.887796012566	0.607530691155	0.645267143548	0.750969478009	0.66116479942	0.497755514741	0.907043136781	0.487588438859	0.781518492025	0.426770227163	0.807430120831
AG4	1.93864725471	1.91527013533	0.386156007733	1.14698317061	1.86169621556	2.04750778637	1.5461780812	1.95662071049	2.03375909618	1.7903321653	2.18668193813	1.93160263412	1.95138993233	0.0	1.82428253746	1.98190000967	2.1449680522	2.1516139536	0.896519840503	1.17577895118	1.64872276462	1.87366934751	2.1094558579	2.05242418076	1.65312258096	1.83896012083	2.05858671822	1.96912068632	1.53322677139	1.52958030933	2.14319262446	2.11197037216	1.97565750121	2.03413339778	2.21972282262	2.12816121315	2.29098037699	1.6516840406	2.20174218463	1.95807149348	2.06798478492	1.02289565974	1.07773333978	1.77779457226	2.40482056066	2.32707227646	2.36531832286	2.34121477042	2.20312670855	2.26171646689	2.4470561479	2.38066092798	2.24361157564	2.27268272112	2.32400461092	2.27456932818	1.98924740938	2.35283919768	1.9824920783	2.29882170614	2.08696536974	2.35951064766
AH3	0.721904688255	0.305253736104	2.16664737071	0.807505650072	0.654164021266	0.657373446109	0.826955369744	0.57275679072	0.767576046399	0.565716916385	0.888061546641	0.535616355727	0.466510420493	1.82428253746	0.0	0.560734707588	0.754712087965	0.768314345094	1.56066521991	1.04034060899	0.865070289995	0.720470376994	0.907220444659	0.938655708072	1.46752848236	0.739697419043	0.782813943934	0.735973547608	0.698768351861	0.660643484775	1.01849717255	0.868868066699	0.66592240696	0.662527042049	1.02147042533	0.767447278879	0.910812754954	0.508383919768	0.760397926535	0.623102373127	0.582397394877	1.06588178347	0.997359086515	0.480929202513	1.05844723538	1.00510143548	1.06070343161	0.924843716771	0.850132667956	0.850563992267	1.07168021266	0.997423765104	0.802915369744	0.804891145481	0.87025959884	0.831530744321	0.572259594007	0.96405520058	0.571416945384	0.897882996617	0.63839858869	0.920191435476
AH4	0.25206900435	0.364530560657	2.33024522958	0.947533156114	0.772606703722	0.6152039971	0.932550792653	0.600663591107	0.779425447076	0.625331527308	0.826317858869	0.656945495408	0.531923301112	1.98190000967	0.560734707588	0.0	0.655688902852	0.619139395843	1.54599931851	1.06361690188	0.848449105848	0.587354113098	0.805259966167	0.798283707105	1.43322706622	0.592795567907	0.687322174964	0.576080811986	0.70883138231	0.683205548574	0.757426727888	0.580625364911	0.743541822136	0.645354035766	0.974678240696	0.748730898985	0.787691851136	0.67508282262	0.615824465926	0.501543257612	0.402384320928	1.25956579024	1.20267495408	0.606825524408	0.95951557274	0.925849202513	0.938608521025	0.830040483325	0.801856645723	0.723293682939	0.964609913001	0.869634654422	0.591081725471	0.587113122281	0.721112324795	0.609636027066	0.379777984534	0.828404900918	0.377723523441	0.742650029	0.524939038183	0.822910077332
AA7	0.75381102465	0.645130840986	2.48159673272	1.11662362494	0.976887119381	0.566364886419	1.23386352344	0.494841319478	0.552262556791	0.887840700822	0.48275019333	0.843327303045	0.577887341711	2.1449680522	0.754712087965	0.655688902852	0.0	0.111470425326	1.80984845336	1.30287195263	0.973855447076	0.615682590623	0.447451585307	0.479430792653	1.7406680522	0.830332899952	0.382602870952	0.396948129531	0.776997288545	0.832577167714	0.639951744804	0.421106215563	0.484958873852	0.504768680522	1.19946045433	1.0010279217	0.545858898018	0.822741875302	0.508862358627	0.887318434026	0.6938139971	1.42898899952	1.37693989367	0.832828724021	0.793413233446	0.700593040116	1.12533140164	0.908751193813	1.06718576124	0.990240710488	0.960950135331	1.00183693572	0.698217713871	0.647851594973	0.713207945868	0.706766950217	0.525989884002	1.01103491542	0.542698129531	0.95355179797	0.489823378444	0.868451043983
AA8	0.713679961334	0.641078095698	2.49078956501	1.12861214596	0.977986631223	0.552849289512	1.22186694055	0.477919855002	0.553532315128	0.873050555824	0.467334789753	0.844927704205	0.590378501692	2.1516139536	0.768314345094	0.619139395843	0.111470425326	0.0	1.79874281295	1.2923642146	0.95024659739	0.58324482842	0.431520657322	0.459693900435	1.73282216046	0.812297709038	0.362053228613	0.371221019816	0.758723769937	0.813933073949	0.590383494442	0.358292010633	0.47578580957	0.474342875785	1.18090351377	0.983387143548	0.522019047849	0.818815761237	0.483919589174	0.860538738521	0.665646268729	1.43681463992	1.38233912518	0.822915321411	0.754164364427	0.672738661189	1.11070680522	0.906296515225	1.05419927985	0.975512595457	0.957815891735	0.994265775737	0.682023450942	0.610660019333	0.694135683905	0.678524422426	0.514978675689	0.994473876269	0.53388337361	0.925065722571	0.460261353311	0.863323160947
AB7	1.49370721121	1.56611329145	1.16565637989	1.04845423393	1.48667224746	1.79876771387	1.29418956017	1.7942739391	1.95793042049	1.46747484775	1.99580604157	1.59968766554	1.7150658579	0.896519840503	1.56066521991	1.54599931851	1.80984845336	1.79874281295	0.0	0.590189772837	1.50230723538	1.62485666022	1.96062242629	1.89909073949	1.11781060899	1.42640850652	1.8653441131	1.7031981972	1.33801387144	1.25036567907	1.73182602707	1.6937018898	1.86738215563	1.86583632189	1.86611092798	1.79817098115	1.97229660222	1.47772621073	1.86663308362	1.50375804253	1.65218978734	0.980727525375	0.990539105848	1.53308107298	2.15481318995	2.13080270179	1.96721255679	1.98057843886	1.83927191397	1.85621485742	2.10161340744	1.99542905268	1.84071862736	1.87373552441	1.92858721605	1.87338016916	1.63083980667	1.94924928468	1.62713834703	1.90511023683	1.78728735621	2.0002180667
AB8	1.03241068149	1.04275646206	1.51997668922	0.536430048333	1.01477434509	1.27516759787	0.817404494925	1.26118059932	1.44384355727	0.950312237796	1.47568985984	1.08146841953	1.17979554374	1.17577895118	1.04034060899	1.06361690188	1.30287195263	1.2923642146	0.590189772837	0.0	1.02769034799	1.09545502658	1.43289154181	1.36595394877	1.08024176414	0.913658405027	1.33884884969	1.1733538086	0.814811048816	0.72445777187	1.25921898985	1.20195991783	1.35747081682	1.33881570324	1.40962920735	1.30095077815	1.45642446109	0.951266897052	1.34397390527	1.01362497342	1.15233488159	0.713873721605	0.687105234413	1.01525032383	1.64411297728	1.60087456259	1.54025505075	1.48950126148	1.36580635573	1.37047131948	1.61776045433	1.53573613823	1.36975943934	1.38766953117	1.44451484292	1.39251855486	1.14040540358	1.4939358289	1.13246143064	1.41309707105	1.25620099565	1.50993234413
AC7	0.820776379894	0.857825389077	1.98763063316	0.910197602707	1.03859948284	0.885924229096	0.894423378444	0.849662373127	0.993881657806	0.755451072982	1.02985863219	0.940510976317	0.892109381344	1.64872276462	0.865070289995	0.848449105848	0.973855447076	0.95024659739	1.50230723538	1.02769034799	0.0	0.490607259546	0.984298922185	0.90619057999	1.40557397777	0.685858177864	0.942739246013	0.789153668439	0.543370521991	0.534328651522	0.869732701788	0.784044929918	0.911732126631	0.871468757854	1.27908405993	1.13298369744	1.13886490092	0.756368313195	1.02417840503	0.94039059449	0.951984842919	1.15382081199	1.10027125181	0.752310202997	1.14208036733	1.06624552924	1.48383364427	1.4091499275	1.24939368777	1.24105648623	1.54640251812	1.46934434026	1.17625214596	1.14297516191	1.28009560174	1.18352686322	0.924665766071	1.40434695022	0.896116022233	1.29416643306	0.918882682455	1.40101846786
AC8	0.639832542291	0.615379115515	2.21643033349	0.920285548574	0.971988047366	0.567639115515	0.992646442726	0.498680333494	0.673852329628	0.672903929435	0.738801918801	0.816129729338	0.609934746254	1.87366934751	0.720470376994	0.587354113098	0.615682590623	0.58324482842	1.62485666022	1.09545502658	0.490607259546	0.0	0.656117878202	0.611652513291	1.51866772354	0.602847264379	0.501377747704	0.356380918318	0.49539658289	0.548628448526	0.621748786854	0.467527849203	0.575524925085	0.547670942484	1.10557654906	0.86243497825	0.788285722571	0.639124514258	0.666621681972	0.767435804737	0.672828680522	1.19213790237	1.1350058579	0.643128376027	0.852084678589	0.787192266796	1.26782971	1.05538767521	1.02625128081	0.993110763654	1.16648673272	1.15538449493	0.821018728855	0.765959579507	0.906678927018	0.826647820203	0.54468239246	1.14754969551	0.556846800387	0.958794533591	0.551057124215	1.02217437893
AD7	0.888777805703	0.822128322861	2.44955031899	1.1509777332	1.22054954084	0.657487733204	1.34327140648	0.516732605123	0.472884001933	0.998279768004	0.38086959884	1.04963931368	0.74213878202	2.1094558579	0.907220444659	0.805259966167	0.447451585307	0.431520657322	1.96062242629	1.43289154181	0.984298922185	0.656117878202	0.0	0.164182049299	1.9142381972	0.934531522475	0.32297041566	0.465972078299	0.741964562591	0.857574920251	0.758393112615	0.603018110198	0.474288854519	0.535868492025	1.34172918801	1.13061052682	0.598262237796	0.85426961334	0.650523426776	1.04357677622	0.860776012566	1.40826317545	1.35573845819	0.916307539874	0.805144702755	0.713463446109	1.34264586757	1.11166468342	1.25328554374	1.18074893185	1.15480734654	1.22599147898	0.928947675205	0.825380202997	0.884272010633	0.915596167231	0.75759242146	1.2440440551	0.783154731754	1.12958062832	0.626206138231	1.0621161334
AD8	0.825643238279	0.845444852586	2.39315500725	1.11766199613	1.21648881585	0.662648893185	1.27611367811	0.533864504592	0.482859719671	0.966540937651	0.395192237796	1.04749927501	0.764497660706	2.05242418076	0.938655708072	0.798283707105	0.479430792653	0.459693900435	1.89909073949	1.36595394877	0.90619057999	0.611652513291	0.164182049299	0.0	1.81996651039	0.836518018366	0.34727	0.439502740454	0.681178994683	0.776437037216	0.710840681489	0.562222295795	0.4938760174	0.543286945384	1.3659061334	1.14462444659	0.632420294828	0.857518951184	0.674436814886	1.04359246496	0.867620536491	1.35270277912	1.29738707105	0.912253368777	0.838749478009	0.745053847269	1.37711855002	1.15701985017	1.26843073465	1.19415841469	1.20805012083	1.26706767037	0.949459729338	0.856051793137	0.930613798937	0.941676650556	0.782040270662	1.27309682455	0.791470188497	1.14616624456	0.636237728371	1.10643030449
AE7	1.39157587724	1.50358128081	1.92397799903	1.30583820203	1.33258336878	1.67839643789	1.2211938376	1.72840534074	1.9196021798	1.32488192847	1.93339349928	1.4570137216	1.56945339294	1.65312258096	1.46752848236	1.43322706622	1.7406680522	1.73282216046	1.11781060899	1.08024176414	1.40557397777	1.51866772354	1.9142381972	1.81996651039	0.0	1.0058357709	1.81915532141	1.65687430643	1.37811892218	1.28771331078	1.56774331561	1.56678889319	1.83476642339	1.79410209763	1.68565540841	1.66597086999	1.89722870952	1.48545992267	1.78060378927	1.34186004833	1.54215738038	1.4619017013	1.43424340261	1.46201966651	2.00588102465	1.98394689222	1.72505520058	1.81777053649	1.63784970517	1.64502899468	1.93866922668	1.79627155147	1.69391078299	1.69658913001	1.78373125181	1.67604740454	1.56247923151	1.72684840019	1.54326718705	1.73680294345	1.70176460609	1.83998431609
AE8	0.601811918801	0.656255505075	2.17353331561	0.907321271145	0.820568980184	0.760835350411	0.868091193813	0.776149076849	0.975137873369	0.598668274529	0.995939072015	0.71279261479	0.711197970034	1.83896012083	0.739697419043	0.592795567907	0.830332899952	0.812297709038	1.42640850652	0.913658405027	0.685858177864	0.602847264379	0.934531522475	0.836518018366	1.0058357709	0.0	0.864480053166	0.700126346061	0.643705335911	0.559994272595	0.754209768004	0.685344896085	0.892553339778	0.842194436926	1.08455231996	0.917069521508	0.956062276462	0.717419270179	0.858851730304	0.642598661189	0.705582924118	1.16233185597	1.11226041083	0.686017496375	1.12839636056	1.0969258144	1.16060259062	1.10010706138	0.970974910585	0.966364504592	1.23118840019	1.16682900435	0.908476858386	0.887088699855	1.01085639923	0.901937037216	0.723410468826	1.10746167714	0.689331512808	1.00569087482	0.768928197197	1.09383986467
AF7	0.793473160947	0.675172580957	2.39898746254	1.10412836153	1.05970838569	0.562036041566	1.25037953117	0.414943146448	0.436141416143	0.898456147898	0.42163282262	0.905153508942	0.610340111165	2.05858671822	0.782813943934	0.687322174964	0.382602870952	0.362053228613	1.8653441131	1.33884884969	0.942739246013	0.501377747704	0.32297041566	0.34727	1.81915532141	0.864480053166	0.0	0.279471348478	0.70075038666	0.782345451909	0.713702252296	0.575978124698	0.397582363461	0.445049105848	1.19587348478	0.968320256162	0.533442513291	0.74095081682	0.569505268246	0.929838115031	0.715709917835	1.37383316578	1.30987441276	0.779496573224	0.771939429676	0.688238028033	1.22614141614	1.00533747704	1.10363689705	1.04578536974	1.05489925085	1.11545879169	0.805389275012	0.738831710971	0.808724417593	0.823993755437	0.612439492508	1.11872347028	0.640771266312	0.994900314161	0.508996080232	0.95469459159
AF8	0.626988559691	0.612282846786	2.30989055582	0.999835466409	0.994034417593	0.541395983567	1.1110840551	0.404991053649	0.517220613823	0.763544857419	0.576289990333	0.845684905752	0.584958719188	1.96912068632	0.735973547608	0.576080811986	0.396948129531	0.371221019816	1.7031981972	1.1733538086	0.789153668439	0.356380918318	0.465972078299	0.439502740454	1.65687430643	0.700126346061	0.279471348478	0.0	0.588986355727	0.655367452876	0.638510343161	0.463919410343	0.450514001933	0.441722126631	1.1372759884	0.913669681005	0.593652044466	0.70897482842	0.546706176897	0.820990004833	0.646939632673	1.27301374577	1.21837383277	0.739956399227	0.822737660706	0.755948651522	1.2024161189	0.987243344611	1.03812839053	1.00886136781	1.04204281779	1.09367856936	0.7686260174	0.714659550507	0.799152953117	0.790979342678	0.518513653939	1.08887204447	0.530698448526	0.954581899468	0.473679888835	0.936177752537
AG7	0.716562165297	0.674667288545	1.8773857274	0.640029864669	0.897676500725	0.684252672789	0.873606022233	0.58384279362	0.744449299178	0.6791460029	0.827357109715	0.804106930884	0.68333361044	1.53322677139	0.698768351861	0.70883138231	0.776997288545	0.758723769937	1.33801387144	0.814811048816	0.543370521991	0.49539658289	0.741964562591	0.681178994683	1.37811892218	0.643705335911	0.70075038666	0.588986355727	0.0	0.179096273562	0.816740739488	0.705982382794	0.674378221363	0.718390715321	1.26142642339	1.00334328661	0.934494881585	0.511668124698	0.834289565007	0.85789719188	0.783964615756	0.920890202997	0.872107486709	0.569366640889	1.09669646689	1.0321537216	1.36646218463	1.17560022716	1.16729186564	1.14923450942	1.30415675205	1.25478443209	0.978203006283	0.969293030449	1.06470998067	0.996359105848	0.732563189947	1.26206262446	0.714504572257	1.12775298212	0.74840702755	1.1683981827
AG8	0.677858264862	0.663422711455	1.87663076849	0.629053185114	0.838278351861	0.711703707105	0.803514166264	0.678361628806	0.861999038183	0.620304586757	0.902584654422	0.741689458676	0.708435471242	1.52958030933	0.660643484775	0.683205548574	0.832577167714	0.813933073949	1.25036567907	0.72445777187	0.534328651522	0.548628448526	0.857574920251	0.776437037216	1.28771331078	0.559994272595	0.782345451909	0.655367452876	0.179096273562	0.0	0.850271715805	0.756848912518	0.788163301112	0.773143151281	1.21300843886	0.983469671339	1.0018918318	0.487502957951	0.866318724021	0.786129250846	0.765164987917	0.921514548091	0.868963160947	0.530966423393	1.14316733688	1.07991974867	1.32012281779	1.20741996133	1.1182837796	1.11379486225	1.34499910585	1.27503793137	0.995021242146	0.99048081682	1.09536888352	1.01035740938	0.754574369261	1.22459122281	0.732403832769	1.14313366361	0.785525756404	1.19734267279
AH7	0.767650831319	0.865114456259	2.46465081682	1.26820662156	1.17172658772	0.785677472209	1.20641912518	0.787239318511	0.919525611406	0.92894742871	0.806056099565	1.04689798453	0.845438342194	2.14319262446	1.01849717255	0.757426727888	0.639951744804	0.590383494442	1.73182602707	1.25921898985	0.869732701788	0.621748786854	0.758393112615	0.710840681489	1.56774331561	0.754209768004	0.713702252296	0.638510343161	0.816740739488	0.850271715805	0.0	0.317487762204	0.874709768004	0.859313629773	1.17414919285	1.03543328661	0.794010671822	0.954680850652	0.763223228613	0.920213939101	0.829008313195	1.46408651522	1.41083099082	0.946183078782	0.961662764621	0.924709067182	1.26511607057	1.08127351377	1.1735679072	1.04461343161	1.1464641421	1.15850911551	0.854492706622	0.784383378444	0.876351512808	0.842701401643	0.758899357177	1.16750490092	0.760333073949	1.01158643306	0.71434482842	1.03936923635
AH8	0.613297104882	0.710320352827	2.45065044949	1.13850907685	1.03154245046	0.598545804737	1.12843821653	0.598092145964	0.745769516675	0.8071480087	0.661457085549	0.915486007733	0.688894088932	2.11197037216	0.868868066699	0.580625364911	0.421106215563	0.358292010633	1.6937018898	1.20195991783	0.784044929918	0.467527849203	0.603018110198	0.562222295795	1.56678889319	0.685344896085	0.575978124698	0.463919410343	0.705982382794	0.756848912518	0.317487762204	0.0	0.700282286129	0.651200637989	1.15246429193	0.966874775254	0.676438076365	0.857379574674	0.558360231996	0.815571261479	0.683645577574	1.40971135814	1.3561581827	0.831675268246	0.828733378444	0.783037718705	1.13294629773	0.952608351861	1.05171775737	0.929185592073	0.993355326245	1.02596949251	0.705560961817	0.626930927985	0.72562439826	0.701840473659	0.596990628323	1.02499142581	0.598597404543	0.898992136298	0.527278960851	0.898142411793
AA5	0.851680251329	0.599377409377	2.312009855	1.05642078782	0.950458743354	0.503774664089	1.21385702272	0.294701536974	0.270283189947	0.865328757854	0.453958076365	0.781461942968	0.607527530208	1.97565750121	0.66592240696	0.743541822136	0.484958873852	0.47578580957	1.86738215563	1.35747081682	0.911732126631	0.575524925085	0.474288854519	0.4938760174	1.83476642339	0.892553339778	0.397582363461	0.450514001933	0.674378221363	0.788163301112	0.874709768004	0.700282286129	0.0	0.253000439826	1.19441748188	0.924010236829	0.576113122281	0.62580142581	0.613569971	0.880247544708	0.691602073465	1.22530968101	1.18051289029	0.621296433059	0.776269971	0.654543252779	1.29085297245	1.06417271629	1.09021643789	1.07611348478	1.12917689705	1.17890847269	0.829958211696	0.790271580474	0.842699521508	0.854633972934	0.59325499275	1.1836578782	0.642994760754	1.01849445143	0.563207742871	1.02265116481
AA6	0.771183649106	0.559414349927	2.37955349444	1.05597761237	0.932764374094	0.427654736588	1.13754770904	0.32563619623	0.378551295312	0.795459840503	0.470490908652	0.76530081682	0.530819531174	2.03413339778	0.662527042049	0.645354035766	0.504768680522	0.474342875785	1.86583632189	1.33881570324	0.871468757854	0.547670942484	0.535868492025	0.543286945384	1.79410209763	0.842194436926	0.445049105848	0.441722126631	0.718390715321	0.773143151281	0.859313629773	0.651200637989	0.253000439826	0.0	1.08176482359	0.833907834703	0.556155592073	0.607350488159	0.49595142581	0.816541691638	0.572584233929	1.29247837603	1.2303819623	0.596038448526	0.602698724021	0.49359159014	1.18870169647	0.973772344128	0.961973030449	0.945086104398	1.03882549541	1.07470338328	0.73402739971	0.698880749154	0.770641324311	0.752137873369	0.564896708555	1.06483343644	0.610110115998	0.900035799903	0.468962373127	0.925972000967
AB5	1.06126961334	0.917216408893	2.55720486225	1.33091763171	0.774259386177	0.987498139198	1.21404243113	1.10279943451	1.16218724505	0.934459231513	1.19668791203	0.777814939584	0.983316621556	2.21972282262	1.02147042533	0.974678240696	1.19946045433	1.18090351377	1.86611092798	1.40962920735	1.27908405993	1.10557654906	1.34172918801	1.3659061334	1.68565540841	1.08455231996	1.19587348478	1.1372759884	1.26142642339	1.21300843886	1.17414919285	1.15246429193	1.19441748188	1.08176482359	0.0	0.361762866119	0.967428651522	1.03631949734	0.958626012566	0.811644736588	0.839368690188	1.52900351861	1.49306901885	0.95078460609	0.964009386177	0.951646911551	0.841098757854	0.923413175447	0.742063682939	0.727851275979	1.05163442726	0.925928583857	0.802167515708	0.908176679555	0.9150180087	0.847769028516	1.00506260512	0.833291754471	0.994942759787	0.815285514741	0.991552551957	0.931336727888
AB6	0.874602261962	0.662296887385	2.47082224746	1.18282374577	0.686151541808	0.741306631223	1.05782042533	0.836222774287	0.907110217496	0.788939333011	0.995489038183	0.558848922185	0.749585374577	2.12816121315	0.767447278879	0.748730898985	1.0010279217	0.983387143548	1.79817098115	1.30095077815	1.13298369744	0.86243497825	1.13061052682	1.14462444659	1.66597086999	0.917069521508	0.968320256162	0.913669681005	1.00334328661	0.983469671339	1.03543328661	0.966874775254	0.924010236829	0.833907834703	0.361762866119	0.0	0.78219962784	0.776188946351	0.77189959884	0.701019241179	0.618384915418	1.39226932334	1.33900820203	0.681070381827	0.778687854036	0.766737124215	0.762901256646	0.698001377477	0.544981155147	0.507647288545	0.828014490092	0.737414997583	0.600053871435	0.723555901402	0.722354021266	0.666872522958	0.753482058966	0.666412638956	0.74678359594	0.58633662639	0.784187172547	0.708852083132
AC5	0.920153315611	0.757703204447	2.63746378927	1.31983334944	0.955750473659	0.585008260029	1.29708154181	0.581513808603	0.521388327695	0.942203871435	0.457908434026	0.804561164814	0.747595094248	2.29098037699	0.910812754954	0.787691851136	0.545858898018	0.522019047849	1.97229660222	1.45642446109	1.13886490092	0.788285722571	0.598262237796	0.632420294828	1.89722870952	0.956062276462	0.533442513291	0.593652044466	0.934494881585	1.0018918318	0.794010671822	0.676438076365	0.576113122281	0.556155592073	0.967428651522	0.78219962784	0.0	0.811621498308	0.433366737554	0.916597931368	0.69495322378	1.58832556791	1.52283902368	0.77812858869	0.540190662156	0.499521478975	1.01481842919	0.801232334461	0.929416607057	0.844844016433	0.817950860319	0.86875358144	0.623754456259	0.532336592557	0.584478221363	0.583243866602	0.742961918801	0.897112537458	0.770158255196	0.790329323345	0.567557452876	0.72879102465
AC6	0.76913337361	0.527259521508	1.99327348478	0.699497535041	0.684117965201	0.615369487675	0.73465298695	0.54261420493	0.745370792653	0.503139231513	0.823029961334	0.590328540358	0.590608907685	1.6516840406	0.508383919768	0.67508282262	0.822741875302	0.818815761237	1.47772621073	0.951266897052	0.756368313195	0.639124514258	0.85426961334	0.857518951184	1.48545992267	0.717419270179	0.74095081682	0.70897482842	0.511668124698	0.487502957951	0.954680850652	0.857379574674	0.62580142581	0.607350488159	1.03631949734	0.776188946351	0.811621498308	0.0	0.755878047366	0.6565819913	0.619247636539	0.814357612373	0.745891280812	0.31887	0.999156607057	0.916174818753	1.14947334461	1.04963243113	0.946245016916	0.956830067666	1.17880910101	1.11469285645	0.859244731754	0.889463040116	0.972049908168	0.886456442726	0.638617182214	1.06008592557	0.649710657322	0.980025737071	0.69908499275	1.05046860802
AD6	0.726136273562	0.576463726438	2.54737531174	1.15699877235	0.858204055099	0.421856969551	1.17256118415	0.480618264862	0.572614852586	0.824568695022	0.502070029	0.725990918318	0.57152579507	2.20174218463	0.760397926535	0.615824465926	0.508862358627	0.483919589174	1.86663308362	1.34397390527	1.02417840503	0.666621681972	0.650523426776	0.674436814886	1.78060378927	0.858851730304	0.569505268246	0.546706176897	0.834289565007	0.866318724021	0.763223228613	0.558360231996	0.613569971	0.49595142581	0.958626012566	0.77189959884	0.433366737554	0.755878047366	0.0	0.738262010633	0.436896433059	1.48308251329	1.4212582987	0.722393992267	0.654088264862	0.591816877719	0.903016176897	0.682519748671	0.836308912518	0.725587535041	0.755280140164	0.792654258096	0.497363117448	0.431486065732	0.512807017883	0.491027095215	0.561168124698	0.788342242629	0.577421280812	0.692297597873	0.343418854519	0.644854224263
AE5	0.579600517158	0.54493221363	2.30646001933	0.934773484775	0.649832039633	0.737487187047	0.818430879652	0.747190183664	0.983493151281	0.528122827453	0.986434514258	0.618772000967	0.699451072982	1.95807149348	0.623102373127	0.501543257612	0.887318434026	0.860538738521	1.50375804253	1.01362497342	0.94039059449	0.767435804737	1.04357677622	1.04359246496	1.34186004833	0.642598661189	0.929838115031	0.820990004833	0.85789719188	0.786129250846	0.920213939101	0.815571261479	0.880247544708	0.816541691638	0.811644736588	0.701019241179	0.916597931368	0.6565819913	0.738262010633	0.0	0.36961059449	1.1794739101	1.11891778637	0.615389758337	1.08597083615	1.05920935718	0.947628501692	0.91689681972	0.790117245046	0.743572435959	1.05925970517	0.968578733688	0.704587960367	0.737758612856	0.855480280329	0.717489299178	0.552003668439	0.892672605123	0.544899734171	0.795363910101	0.706705698405	0.918094987917
AE6	0.539042489125	0.394551285645	2.41660142098	1.02869380377	0.714381957467	0.526912667956	0.961738554857	0.563593257612	0.740337868536	0.633583165781	0.751974079265	0.605380304495	0.476144693088	2.06798478492	0.582397394877	0.402384320928	0.6938139971	0.665646268729	1.65218978734	1.15233488159	0.951984842919	0.672828680522	0.860776012566	0.867620536491	1.54215738038	0.705582924118	0.715709917835	0.646939632673	0.783964615756	0.765164987917	0.829008313195	0.683645577574	0.691602073465	0.572584233929	0.839368690188	0.618384915418	0.69495322378	0.619247636539	0.436896433059	0.36961059449	0.0	1.31005861769	1.24825341711	0.544807660706	0.863088748188	0.830114509425	0.850688376027	0.711234818753	0.709358540358	0.619857046883	0.858992648623	0.779508129531	0.477185524408	0.494093518608	0.595440637989	0.503004891252	0.431029951667	0.741072924118	0.411680111165	0.618490985984	0.464541628806	0.717763881102
AF5	1.23854919768	1.16657712421	1.35099045916	0.590385345578	1.13444445143	1.31463769454	0.808041561141	1.21911331561	1.31583976317	0.987855442243	1.4784998985	1.16928455776	1.23683540358	1.02289565974	1.06588178347	1.25956579024	1.42898899952	1.43681463992	0.980727525375	0.713873721605	1.15382081199	1.19213790237	1.40826317545	1.35270277912	1.4619017013	1.16233185597	1.37383316578	1.27301374577	0.920890202997	0.921514548091	1.46408651522	1.40971135814	1.22530968101	1.29247837603	1.52900351861	1.39226932334	1.58832556791	0.814357612373	1.48308251329	1.1794739101	1.31005861769	0.0	0.133406031899	0.974703484775	1.70305151281	1.61976039633	1.70157327695	1.63889477042	1.53914275495	1.56231253262	1.77440673272	1.72151304012	1.51124545674	1.55724161914	1.62512482359	1.55419466409	1.24109486225	1.6729041856	1.23863653456	1.5876117303	1.37777050266	1.65906957467
AF6	1.18038698405	1.10293491058	1.40698320928	0.565261836636	1.09757066699	1.25732533108	0.732716215563	1.1550018028	1.28735104398	0.926270908652	1.43053012566	1.11920665539	1.18224513775	1.07773333978	0.997359086515	1.20267495408	1.37693989367	1.38233912518	0.990539105848	0.687105234413	1.10027125181	1.1350058579	1.35573845819	1.29738707105	1.43424340261	1.11226041083	1.30987441276	1.21837383277	0.872107486709	0.868963160947	1.41083099082	1.3561581827	1.18051289029	1.2303819623	1.49306901885	1.33900820203	1.52283902368	0.745891280812	1.4212582987	1.11891778637	1.24825341711	0.133406031899	0.0	0.91030582407	1.64394722088	1.55800960851	1.6642260754	1.58685287579	1.49178141131	1.51253628323	1.71452207347	1.67186125665	1.45416495408	1.49907115031	1.56212907685	1.49284695022	1.17745303528	1.62204532624	1.17537336394	1.53801164331	1.31734488642	1.60431940551
AG5	0.729715959401	0.452142319961	2.12388352344	0.787115335911	0.588571725471	0.549900463992	0.793514712421	0.553756732721	0.718607066216	0.514219101015	0.779571735138	0.4886380087	0.545362745288	1.77779457226	0.480929202513	0.606825524408	0.832828724021	0.822915321411	1.53308107298	1.01525032383	0.752310202997	0.643128376027	0.916307539874	0.912253368777	1.46201966651	0.686017496375	0.779496573224	0.739956399227	0.569366640889	0.530966423393	0.946183078782	0.831675268246	0.621296433059	0.596038448526	0.95078460609	0.681070381827	0.77812858869	0.31887	0.722393992267	0.615389758337	0.544807660706	0.974703484775	0.91030582407	0.0	0.927337549541	0.872026201063	1.06940139198	0.963809371677	0.838507158047	0.82470622523	1.10837974867	1.01990813436	0.744344407927	0.783063460609	0.890923871435	0.765836524891	0.613661082649	0.972937791203	0.615383827936	0.86163737071	0.653432402127	0.955987008217
