	AA3	AA4	AB3	AB4	AC3	AC4	AD3	AD4	AE3	AE4	AF3	AF4	AG3	AG4	AH3	AH4	AA7	AA8	AB7	AB8	AC7	AC8	AD7	AD8	AE7	AE8	AF7	AF8	AG7	AG8	AH7	AH8	AA5	AA6	AB5	AB6	AC5	AC6	AD6	AE5	AE6	AF5	AF6	AG5	AH5	AH6	AA1	AA2	AB1	AB2	AC1	AC2	AD1	AD2	AE1	AE2	AF1	AF2	AG1	AG2	AH1	AH2
AA3	0.0	0.529923301112	2.28090400193	1.04236236346	0.869860198163	0.738855814403	0.820779850169	0.716173736104	0.875685442243	0.673535340744	0.953604973417	0.747411744804	0.729779946834	1.9236539971	0.790681498308	0.230813900435	0.791692764621	0.790471556307	1.45768025616	1.09105343644	0.842339062349	0.664706186564	0.873619400677	0.870129637506	1.37746181247	0.586699917835	0.782147878202	0.625976742388	0.710684673755	0.697456727888	0.740065258579	0.665367921701	0.8475359884	0.845039217013	1.08915281779	0.872282866119	0.897728869019	0.782450072499	0.788994963751	0.589648376027	0.538024016433	1.2751118608	1.18764318511	0.71472438376	1.10392671339	1.05113002417	1.0044940986	0.974848786854	0.897249739004	0.856811696472	1.06213434509	0.98246338811	0.672773576607	0.690674340261	0.761914842919	0.66690338811	0.536317926535	0.89971502175	0.50616057999	0.891709492508	0.646616172064	0.926077931368
AA4	0.529923301112	0.0	2.21559731754	0.874347085549	0.597490497825	0.583883214113	0.788639787337	0.478708946351	0.721934997583	0.561814668922	0.876926273562	0.465289081682	0.480157970034	1.85903927985	0.311644519091	0.363605031416	0.682768767521	0.683335872402	1.49307439343	1.04863755921	0.856899647173	0.660911053649	0.872887090382	0.798167303045	1.42638405993	0.594560347994	0.676163020783	0.639694775254	0.664498018366	0.628927017883	0.858002189464	0.697543566941	0.669763813436	0.703835954567	0.969811034316	0.711960338328	0.795107423876	0.527007796037	0.666914610923	0.490183044949	0.421958888352	1.15057983084	1.04022590623	0.452176761721	1.00769877235	0.940280420493	0.964688477525	0.881122904785	0.748194635089	0.803611710971	0.989173557274	0.922879130014	0.632445316578	0.667780811986	0.716948815853	0.653871309812	0.415454490092	0.862228192363	0.439806781054	0.832667274045	0.482762083132	0.840898525858
AB3	2.28090400193	2.21559731754	0.0	1.45768438376	2.20734733204	2.39582704688	1.95503800387	2.28527295312	2.35026185597	2.12502036733	2.52875625423	2.31471879169	2.32449958917	0.395203441276	2.13814719188	2.31613044949	2.48331985984	2.52327431126	1.17348308845	1.43391951667	1.9433218753	2.16642514258	2.41142071532	2.42927880135	1.92614036249	2.16917905752	2.37382526825	2.2630498405	1.86858221846	1.85107058966	2.45467401643	2.42542889802	2.30994015466	2.40625237313	2.5585141711	2.45541943451	2.61114524408	1.95245902368	2.55476054132	2.3228977912	2.39060605607	1.31980890285	1.42186403577	2.0900659884	2.75536195747	2.66327944901	2.70140057516	2.70574050266	2.51659030933	2.62312690188	2.79615599807	2.72761152731	2.56592858869	2.6060079507	2.63749464959	2.59222077815	2.31464661672	2.68486302562	2.30135801837	2.67667701305	2.39309664572	2.68896144998
AB4	1.04236236346	0.874347085549	1.45768438376	0.0	0.925838221363	1.04477390527	0.806883218946	0.998633450942	1.14605470759	0.845930212663	1.25188970517	0.998404258096	0.895881681972	1.08564404543	0.827631159981	0.994299898502	1.17249588207	1.21525761237	1.00454914451	0.523736553891	0.917956031899	0.966207129048	1.16991563557	1.15776176414	1.29221639439	0.916306428226	1.11009820686	1.00878124215	0.667834944418	0.644136259062	1.29441851619	1.16177545674	1.11019725955	1.17059131464	1.37167619623	1.21493948768	1.35424515225	0.717292455292	1.23420338811	1.00964188497	1.05708527791	0.614117356211	0.521479033349	0.818032943451	1.49486057032	1.40654790237	1.46678287095	1.41958679072	1.25822436926	1.35265468826	1.52328941034	1.45736141131	1.2445659449	1.29440985017	1.34935953601	1.2808942871	1.01753918801	1.4122638521	1.00427296762	1.37455224263	1.05997299662	1.39698259546
AC3	0.869860198163	0.597490497825	2.20734733204	0.925838221363	0.0	0.710265978734	0.816552643789	0.807060681489	0.984586452392	0.653833731271	1.0784659739	0.320796766554	0.797865500242	1.85637922185	0.665428086032	0.787032957951	1.00993267279	0.990996839053	1.46317972934	1.07434980667	1.04568665539	1.00573962784	1.25226782504	1.17791658289	1.30921310778	0.813062687289	1.05457192363	1.00597405993	0.911544668922	0.875237051716	1.17063064766	1.02739106815	0.977153325278	0.97516817303	0.809973837603	0.700050633156	0.951453475109	0.719095355244	0.83713378927	0.659850720155	0.699576152731	1.1692759449	1.0821221363	0.618462841953	1.15744903818	1.09846157081	0.883276123731	0.945743668439	0.703619710005	0.803209681005	1.06855962784	0.940638182697	0.721031851136	0.792864862252	0.859282812953	0.76889479942	0.79585961334	0.860354040599	0.801520903818	0.894977713871	0.811339250846	0.890876437893
AC4	0.738855814403	0.583883214113	2.39582704688	1.04477390527	0.710265978734	0.0	1.01613561624	0.397003779604	0.537386882552	0.778639371677	0.454601841469	0.474420840986	0.397183349444	2.03658798453	0.654351599807	0.641777873369	0.595327245046	0.549379289512	1.77685644756	1.28172314161	0.945185210246	0.62646257129	0.7313480232	0.661054963751	1.66751706622	0.721786500725	0.580324610923	0.559832817786	0.707222576124	0.744604905752	0.797727510875	0.627360932818	0.535951657806	0.456471831803	0.981958472692	0.701740584824	0.567315935234	0.660523953601	0.463996578057	0.703516331561	0.505082469792	1.34253349444	1.23234947801	0.575532899952	0.750571614306	0.645736568391	1.02855775254	0.84210218463	0.771529739004	0.828471667472	0.900591019816	0.914060072499	0.542512271629	0.636861532141	0.624170299662	0.589828559691	0.552732948284	0.907211290478	0.647512875785	0.763487791203	0.388101807637	0.816474074432
AD3	0.820779850169	0.788639787337	1.95503800387	0.806883218946	0.816552643789	1.01613561624	0.0	0.876740275495	1.20210297245	0.333076167231	1.30437678105	0.899290144998	1.00232282262	1.59648350411	0.757961706138	0.833027506042	1.16032840986	1.14791711938	1.32109830836	0.850255606573	0.830886510391	0.880430966651	1.20860934268	1.19028778637	1.23750215563	0.768871580474	1.09060537941	0.949747796037	0.770474403093	0.724067172547	1.10271137264	1.03282566457	1.1322578492	1.11539631223	1.1549662784	0.996264958917	1.17460305462	0.63346300145	1.09921907685	0.777780396327	0.849340251329	0.863154804253	0.772760550991	0.668514287095	1.366320261	1.30382289512	1.29732529725	1.3201078927	1.05969475109	1.15337051232	1.42151396327	1.33505439343	1.09947630739	1.1357018173	1.18012160464	1.11182403093	0.884070739488	1.24890433543	0.879724093765	1.22068244079	1.02123700822	1.26840179314
AD4	0.716173736104	0.478708946351	2.28527295312	0.998633450942	0.807060681489	0.397003779604	0.876740275495	0.0	0.375142890285	0.633900647656	0.575517665539	0.602112866119	0.439987438376	1.92788266796	0.539287066216	0.592624910585	0.541592580957	0.520556157564	1.7475180812	1.24178949251	0.865425567907	0.526201198647	0.605855495408	0.533741498308	1.6768982552	0.71015522958	0.470516877719	0.448130323828	0.586848927018	0.657133557274	0.770900502658	0.569884364427	0.352540270662	0.421016307395	1.09196709522	0.777764548091	0.58382540841	0.546923963267	0.494493755437	0.667865708072	0.52490662639	1.21830774287	1.108910174	0.490796244563	0.784788830353	0.676697245046	1.12871655389	0.920160560657	0.886951894635	0.944745509908	0.952449357177	1.00831156597	0.651887254712	0.685414359594	0.651175316578	0.682418197197	0.487578255196	1.02293214113	0.584732682455	0.875229811503	0.424272556791	0.910184127598
AE3	0.875685442243	0.721934997583	2.35026185597	1.14605470759	0.984586452392	0.537386882552	1.20210297245	0.375142890285	0.0	0.95868459159	0.37307520058	0.777933591107	0.559291971967	2.00245951667	0.714899429676	0.803514519091	0.518841039149	0.529666897052	1.95619068632	1.45878152731	1.03699155147	0.69797659739	0.493183905268	0.452435853069	1.91693681489	0.955104847753	0.45777737071	0.547532083132	0.759919589174	0.859714001933	0.916445161914	0.719990251329	0.243638656356	0.331302368294	1.21350946351	0.924583136781	0.560693934268	0.769480231996	0.559298559691	0.936980227163	0.724746568391	1.31422632189	1.24517500725	0.736596408893	0.802128550024	0.643715224746	1.26164969067	1.03844905752	1.04719711455	1.1009137941	1.04003637506	1.12685523925	0.77721578057	0.823179173514	0.778867834703	0.815826568391	0.666555548574	1.16319092315	0.772775311745	1.02059034316	0.585139855002	1.03625128081
AE4	0.673535340744	0.561814668922	2.12502036733	0.845930212663	0.653833731271	0.778639371677	0.333076167231	0.633900647656	0.95868459159	0.0	1.07632269212	0.662570275495	0.776023919768	1.76627744804	0.589079023683	0.615388815853	0.915078168197	0.902874185597	1.45508548574	0.976058994683	0.753987365877	0.7082539971	0.989808690188	0.960362136298	1.31914077815	0.580290454326	0.854003499275	0.749754161431	0.675611159981	0.639352783954	0.930704871919	0.807995877235	0.898922058966	0.885228477525	0.951711329145	0.782828308362	0.929621367811	0.513665538908	0.875911686805	0.555490067666	0.624652145964	1.00941006283	0.895670531658	0.488407718705	1.13944135814	1.08488645723	1.09018331078	1.11545814403	0.856790908652	0.941662754954	1.21642124698	1.12252461576	0.861759811503	0.903926587724	0.951441058482	0.87608958434	0.653575084582	1.04331668439	0.65196022233	1.00921986467	0.790301053649	1.06116271629
AF3	0.953604973417	0.876926273562	2.52875625423	1.25188970517	1.0784659739	0.454601841469	1.30437678105	0.575517665539	0.37307520058	1.07632269212	0.0	0.841062576124	0.672946959884	2.17191112131	0.915066500725	0.909611459642	0.507917051716	0.494729415176	2.03486203963	1.53371699855	1.11504323345	0.832826317061	0.438267651039	0.405501986467	1.9982362204	1.03779438376	0.511308385694	0.675425949734	0.880922174964	0.96614179797	0.855509574674	0.702817390043	0.44984139681	0.458440652489	1.22315587724	0.987383131948	0.483362948284	0.909774958917	0.517363339778	1.01278750121	0.789223885935	1.50388467376	1.41079096182	0.862280212663	0.745161942968	0.575779395843	1.23085831803	1.02518176414	1.11027705172	1.08120525375	1.02767462059	1.10216698888	0.781053252779	0.788924746254	0.750354760754	0.770237941034	0.817553736104	1.10323955051	0.918698371194	0.993884654422	0.599777037216	1.00426577574
AF4	0.747411744804	0.465289081682	2.31471879169	0.998404258096	0.320796766554	0.474420840986	0.899290144998	0.602112866119	0.777933591107	0.662570275495	0.841062576124	0.0	0.591383436443	1.9579221363	0.557466795553	0.638666727888	0.817786732721	0.786439869502	1.62043405027	1.14610896085	0.985833794103	0.808049163847	1.03661349444	0.964773165781	1.48003121798	0.671477462542	0.85160818753	0.811911193813	0.800038835186	0.769896244563	0.997386573224	0.852794117931	0.765986650556	0.761647143548	0.792484040599	0.515383726438	0.74472322378	0.634171899468	0.658715447076	0.598263745771	0.546801145481	1.23899488642	1.14101223296	0.521037336878	0.914435886902	0.840029705172	0.831486549058	0.787957689705	0.577330357661	0.652336858386	0.900227182214	0.803791430643	0.539072503625	0.62129240696	0.685718438859	0.609505708072	0.620124132431	0.736705635573	0.648474586757	0.725185857902	0.61634237796	0.732544214596
AG3	0.729779946834	0.480157970034	2.32449958917	0.895881681972	0.797865500242	0.397183349444	1.00232282262	0.439987438376	0.559291971967	0.776023919768	0.672946959884	0.591383436443	0.0	1.95162956501	0.495689748671	0.583977017883	0.560624127598	0.548967684872	1.74773410343	1.25195069599	0.950314842919	0.629634388594	0.718585698405	0.655272010633	1.63143488642	0.725853629773	0.556693702272	0.548764983084	0.684968119865	0.725640357661	0.840881377477	0.659568303528	0.55198419043	0.532045108748	1.03773080232	0.765303885935	0.694933784437	0.651254987917	0.571407409377	0.707377854036	0.494914422426	1.27837881585	1.17092656356	0.573949473175	0.867147626873	0.791350280329	1.04159307878	0.834817095215	0.832798733688	0.871069545674	0.942307535041	0.910307240213	0.577536297728	0.629930681489	0.696937699372	0.606720260996	0.462527336878	0.940355519575	0.54956659739	0.810234330594	0.380108414693	0.810914146931
AG4	1.9236539971	1.85903927985	0.395203441276	1.08564404543	1.85637922185	2.03658798453	1.59648350411	1.92788266796	2.00245951667	1.76627744804	2.17191112131	1.9579221363	1.95162956501	0.0	1.7852901595	1.95454920251	2.13238459642	2.17082101982	0.912036669889	1.09035398743	1.59274698888	1.81334436926	2.06445918801	2.07747064282	1.64442913968	1.8173999565	2.02203105848	1.90821353311	1.52851106332	1.50576496375	2.12686000967	2.07482536008	1.96105440309	2.05220682455	2.21609153214	2.10820941034	2.26066897535	1.60359146448	2.195980203	1.96422981634	2.02966685839	0.989476587724	1.08174348478	1.73964971967	2.40329137264	2.30875059449	2.34151323828	2.35002306428	2.15924865636	2.26050163364	2.44316189464	2.36856230546	2.20579159497	2.24398608507	2.28665666022	2.2324659304	1.9573579362	2.32685437409	1.94423699372	2.31491612373	2.03649267279	2.33255871435
AH3	0.790681498308	0.311644519091	2.13814719188	0.827631159981	0.665428086032	0.654351599807	0.757961706138	0.539287066216	0.714899429676	0.589079023683	0.915066500725	0.557466795553	0.495689748671	1.7852901595	0.0	0.625413281779	0.791140749154	0.793708066699	1.55650168681	1.0753101305	0.890368757854	0.746083508942	0.924049550507	0.865974567424	1.49117001933	0.750643755437	0.764250855486	0.729875688739	0.662263272112	0.634620120831	1.02469344611	0.859944915418	0.672647162881	0.720957235379	1.03182753021	0.759933798937	0.867053644273	0.472666099565	0.78098578057	0.631211227646	0.57016621073	1.04214376994	0.93765780087	0.432800149831	1.06565782987	0.991585335911	1.07318903335	0.963742165297	0.825231353311	0.907750439826	1.07233999033	1.0140920783	0.780703919768	0.811612812953	0.851532948284	0.795163687772	0.574824925085	0.970005819236	0.5893559884	0.92311502175	0.633677757371	0.92563377477
AH4	0.230813900435	0.363605031416	2.31613044949	0.994299898502	0.787032957951	0.641777873369	0.833027506042	0.592624910585	0.803514519091	0.615388815853	0.909611459642	0.638666727888	0.583977017883	1.95454920251	0.625413281779	0.0	0.668780478492	0.685626578057	1.50094500242	1.12176656356	0.892804639923	0.651233301112	0.810417419043	0.761770275495	1.40994418076	0.58878537941	0.664013339778	0.573582532624	0.697373731271	0.686371420976	0.751473165781	0.599240497825	0.777307617206	0.745816955051	1.01024033833	0.772305369744	0.792244374094	0.686603421943	0.692374364427	0.492705418076	0.414930599323	1.2733382407	1.1664317013	0.627033711938	1.01451089899	0.96632542291	0.925040836153	0.858174654422	0.817470927985	0.765495147414	0.951166080232	0.870249072015	0.576393731271	0.597092696955	0.670539579507	0.583416824553	0.403000227163	0.817624291928	0.384351242146	0.79427579507	0.537945722571	0.80376462059
AA7	0.791692764621	0.682768767521	2.48331985984	1.17249588207	1.00993267279	0.595327245046	1.16032840986	0.541592580957	0.518841039149	0.915078168197	0.507917051716	0.817786732721	0.560624127598	2.13238459642	0.791140749154	0.668780478492	0.0	0.151074238763	1.83040512325	1.36472722571	1.03575807153	0.664567651039	0.440265814403	0.415994108265	1.75646657322	0.826898927018	0.316723078782	0.445249294345	0.771392402127	0.823396317061	0.649310405993	0.409140231996	0.506666172064	0.534198632189	1.23208905268	1.01199737071	0.505490836153	0.856522875785	0.514984016433	0.886971686805	0.708811251812	1.45923177864	1.35834546158	0.834559313678	0.8173039826	0.681584896085	1.15801813436	0.946578235863	1.09059360077	1.05233024166	0.938928434026	1.01480457226	0.710470671822	0.700021942968	0.674765741904	0.704299710005	0.542677796037	1.0373720783	0.615603948768	0.974962750121	0.470876515225	0.915496350894
AA8	0.790471556307	0.683335872402	2.52327431126	1.21525761237	0.990996839053	0.549379289512	1.14791711938	0.520556157564	0.529666897052	0.902874185597	0.494729415176	0.786439869502	0.548967684872	2.17082101982	0.793708066699	0.685626578057	0.151074238763	0.0	1.85864701788	1.37339543258	0.995534378927	0.638751246979	0.482973711938	0.440779221846	1.74423444176	0.81449759304	0.367921686805	0.446686703722	0.789143740938	0.842421768971	0.616664248429	0.372031599807	0.505212735621	0.496220130498	1.17389289995	0.949260637989	0.488541256646	0.862268434026	0.483767293378	0.866922387627	0.685567278879	1.49895209763	1.40024701788	0.791857728371	0.748279942001	0.631405862736	1.13023566941	0.933744789753	1.03186508458	0.99255260029	0.920445263412	0.994646950217	0.677329695505	0.680477486709	0.640644117931	0.656746863219	0.551458414693	1.00222639439	0.636079279845	0.915347680039	0.442937539874	0.898218545191
AB7	1.45768025616	1.49307439343	1.17348308845	1.00454914451	1.46317972934	1.77685644756	1.32109830836	1.7475180812	1.95619068632	1.45508548574	2.03486203963	1.62043405027	1.74773410343	0.912036669889	1.55650168681	1.50094500242	1.83040512325	1.85864701788	0.0	0.554062788787	1.46806342678	1.57668631706	1.91817298695	1.90622289512	1.08911072015	1.41977667472	1.81149459159	1.65364344611	1.3148037506	1.22678861286	1.71781658289	1.68912595457	1.88293022233	1.92193166264	1.86419748188	1.80009300145	1.95066546158	1.42818237313	1.89441646689	1.50321341711	1.60777098115	0.997473054616	1.01746134364	1.49903165781	2.15647661672	2.10185115031	1.93927536974	1.99010856936	1.80956956984	1.84995115031	2.08051839053	1.99728595457	1.8007778347	1.83288947318	1.87337339778	1.81768077332	1.60622214596	1.92431844853	1.57212534074	1.92143699855	1.73836311745	1.94628875302
AB8	1.09105343644	1.04863755921	1.43391951667	0.523736553891	1.07434980667	1.28172314161	0.850255606573	1.24178949251	1.45878152731	0.976058994683	1.53371699855	1.14610896085	1.25195069599	1.09035398743	1.0753101305	1.12176656356	1.36472722571	1.37339543258	0.554062788787	0.0	0.994542000967	1.07843644273	1.41100070565	1.39790534558	1.13174301112	0.964971246979	1.30842673755	1.14826666989	0.798895819236	0.729495877235	1.30205397777	1.24140617206	1.38622143064	1.4186478782	1.4432662639	1.33091939584	1.47379818753	0.933129579507	1.43062214596	1.10189053166	1.1987062784	0.693750149831	0.665513798937	1.00035665056	1.67957	1.60115928468	1.59346437409	1.59414882552	1.37852103915	1.44904221363	1.6975077912	1.61471692122	1.41098898502	1.44723679555	1.48318309812	1.43391615756	1.18415940551	1.54429493475	1.172820174	1.51681181247	1.25460521991	1.55229869502
AC7	0.842339062349	0.856899647173	1.9433218753	0.917956031899	1.04568665539	0.945185210246	0.830886510391	0.865425567907	1.03699155147	0.753987365877	1.11504323345	0.985833794103	0.950314842919	1.59274698888	0.890368757854	0.892804639923	1.03575807153	0.995534378927	1.46806342678	0.994542000967	0.0	0.488434751087	1.00309350411	0.993637090382	1.38089906718	0.706250850652	0.965515785404	0.781849096182	0.562333421943	0.565566945384	0.902537670372	0.854792745288	0.95719040116	0.965499429676	1.29341743838	1.13358618173	1.1582481537	0.765398898018	1.08961508942	0.954269217013	0.973454330594	1.13651561141	1.06637143064	0.752113547608	1.17045867086	1.08598051232	1.49588099082	1.471999826	1.21476665539	1.30422042533	1.55803742871	1.50948333011	1.16527365394	1.2123880957	1.2303242001	1.18089030933	0.937153315611	1.43005827936	0.932357699372	1.34056548091	0.934295360077	1.4280142871
AC8	0.664706186564	0.660911053649	2.16642514258	0.966207129048	1.00573962784	0.62646257129	0.880430966651	0.526201198647	0.69797659739	0.7082539971	0.832826317061	0.808049163847	0.629634388594	1.81334436926	0.746083508942	0.651233301112	0.664567651039	0.638751246979	1.57668631706	1.07843644273	0.488434751087	0.0	0.649009521508	0.636255437409	1.51145329628	0.603162150797	0.532948844853	0.348405645239	0.460325679072	0.531083156114	0.627192721121	0.508962237796	0.623858646689	0.640417332044	1.16703775737	0.877624035766	0.812015190913	0.684925316578	0.752604881585	0.812446123731	0.728356176897	1.17174898985	1.08436236346	0.655585669406	0.926002141131	0.858975872402	1.31850350411	1.12764320928	1.035289971	1.09068551957	1.21167761237	1.20949731754	0.828086346061	0.880496360561	0.893698690188	0.841956911551	0.569136457226	1.193559971	0.617875118415	1.02095907202	0.581161208313	1.10176200097
AD7	0.873619400677	0.872887090382	2.41142071532	1.16991563557	1.25226782504	0.7313480232	1.20860934268	0.605855495408	0.493183905268	0.989808690188	0.438267651039	1.03661349444	0.718585698405	2.06445918801	0.924049550507	0.810417419043	0.440265814403	0.482973711938	1.91817298695	1.41100070565	1.00309350411	0.649009521508	0.0	0.162802774287	1.87807836153	0.875675123248	0.376533600773	0.472036326728	0.727476089898	0.82818499275	0.700798704688	0.550988434026	0.509961643306	0.547364929918	1.37814496858	1.13435686322	0.626698738521	0.897174499758	0.66904580957	1.04185466892	0.890121087482	1.39735853069	1.30314753504	0.915282508458	0.855488550024	0.723950062832	1.3713039101	1.16884165297	1.26153479459	1.24151285645	1.14704451426	1.24722128081	0.924929545674	0.921180091832	0.859787109715	0.917953199613	0.729971788304	1.26160044466	0.792559101015	1.15774639923	0.650065954567	1.14886455292
AD8	0.870129637506	0.798167303045	2.42927880135	1.15776176414	1.17791658289	0.661054963751	1.19028778637	0.533741498308	0.452435853069	0.960362136298	0.405501986467	0.964773165781	0.655272010633	2.07747064282	0.865974567424	0.761770275495	0.415994108265	0.440779221846	1.90622289512	1.39790534558	0.993637090382	0.636255437409	0.162802774287	0.0	1.83261885452	0.832523088449	0.330570227163	0.465594229096	0.712979743838	0.803241735138	0.715303267279	0.549948675689	0.478610033833	0.498250111165	1.31431005317	1.06512831803	0.573716930884	0.826475263412	0.621165761237	0.970384722088	0.817781822136	1.41390925085	1.30849854519	0.845934958917	0.808155596907	0.684311377477	1.32141968584	1.10932142098	1.18887903818	1.16662888352	1.09591008217	1.18918113581	0.855877037216	0.865333634606	0.813147438376	0.85974521508	0.685203339778	1.21092355727	0.775321730304	1.08097003383	0.589154780087	1.08972892218
AE7	1.37746181247	1.42638405993	1.92614036249	1.29221639439	1.30921310778	1.66751706622	1.23750215563	1.6768982552	1.91693681489	1.31914077815	1.9982362204	1.48003121798	1.63143488642	1.64442913968	1.49117001933	1.40994418076	1.75646657322	1.74423444176	1.08911072015	1.13174301112	1.38089906718	1.51145329628	1.87807836153	1.83261885452	0.0	1.02592411793	1.76923527791	1.60525640889	1.33884112131	1.29444523925	1.56970458676	1.57887406477	1.84970591107	1.85048709038	1.6865921653	1.68051729338	1.87740529725	1.45708820203	1.8437020638	1.36941025616	1.53428041566	1.46786541808	1.43464753021	1.43521076849	2.01419460609	1.97608695505	1.72237535041	1.84792977767	1.61338830353	1.62122119381	1.96400722571	1.81092468826	1.68575905268	1.69325865636	1.74937760271	1.66753852102	1.56479482842	1.73378912035	1.51398368777	1.76274926535	1.6713662494	1.78343845819
AE8	0.586699917835	0.594560347994	2.16917905752	0.916306428226	0.813062687289	0.721786500725	0.768871580474	0.71015522958	0.955104847753	0.580290454326	1.03779438376	0.671477462542	0.725853629773	1.8173999565	0.750643755437	0.58878537941	0.826898927018	0.81449759304	1.41977667472	0.964971246979	0.706250850652	0.603162150797	0.875675123248	0.832523088449	1.02592411793	0.0	0.801983252779	0.653289990333	0.592374683422	0.562852527791	0.756442817786	0.677735862736	0.884439105848	0.886357259546	1.1079179072	0.896244900918	0.926027046883	0.680822218463	0.909443968101	0.642288351861	0.688129105848	1.18576558241	1.08628948284	0.641000299662	1.11922306428	1.06569738521	1.15942804253	1.13437769454	0.929491387144	0.987676321895	1.23522888835	1.16218610923	0.870092605123	0.898676993717	0.935949753504	0.884601807637	0.688203731271	1.10302567907	0.681854997583	1.02721133398	0.730227902368	1.08499896085
AF7	0.782147878202	0.676163020783	2.37382526825	1.11009820686	1.05457192363	0.580324610923	1.09060537941	0.470516877719	0.45777737071	0.854003499275	0.511308385694	0.85160818753	0.556693702272	2.02203105848	0.764250855486	0.664013339778	0.316723078782	0.367921686805	1.81149459159	1.30842673755	0.965515785404	0.532948844853	0.376533600773	0.330570227163	1.76923527791	0.801983252779	0.0	0.272701681972	0.676935664572	0.741421599807	0.665688912518	0.498347457709	0.442948786854	0.464470159497	1.17917279845	0.924613605607	0.507617742871	0.762188206863	0.542969753504	0.866303020783	0.685872503625	1.36099875302	1.26177463992	0.752126665056	0.801744364427	0.684091957467	1.20579774287	0.999890671822	1.05923373127	1.06323151281	0.986143392943	1.0748362929	0.74682679072	0.774056766554	0.733160488159	0.766730715321	0.539194987917	1.08799726438	0.637491880135	0.983853591107	0.481851319478	0.972496336394
AF8	0.625976742388	0.639694775254	2.2630498405	1.00878124215	1.00597405993	0.559832817786	0.949747796037	0.448130323828	0.547532083132	0.749754161431	0.675425949734	0.811911193813	0.548764983084	1.90821353311	0.729875688739	0.573582532624	0.445249294345	0.446686703722	1.65364344611	1.14826666989	0.781849096182	0.348405645239	0.472036326728	0.465594229096	1.60525640889	0.653289990333	0.272701681972	0.0	0.544475055582	0.605278255196	0.610158859352	0.423571430643	0.510049473175	0.523642223296	1.17850607057	0.912325118415	0.642919714838	0.727184301595	0.566346292895	0.800217240213	0.657660149831	1.2506461769	1.14775999517	0.703283890768	0.881037984534	0.791012286129	1.22834654906	1.03454750121	1.01074804737	1.06344177864	1.029439826	1.1152840551	0.754575297245	0.805792068632	0.76596017883	0.779434958917	0.504506810053	1.11043742871	0.568705761237	0.989428506525	0.47323460609	1.00325883035
AG7	0.710684673755	0.664498018366	1.86858221846	0.667834944418	0.911544668922	0.707222576124	0.770474403093	0.586848927018	0.759919589174	0.675611159981	0.880922174964	0.800038835186	0.684968119865	1.52851106332	0.662263272112	0.697373731271	0.771392402127	0.789143740938	1.3148037506	0.798895819236	0.562333421943	0.460325679072	0.727476089898	0.712979743838	1.33884112131	0.592374683422	0.676935664572	0.544475055582	0.0	0.166086698888	0.798966568391	0.694238501692	0.703098719188	0.793311517641	1.27896164814	0.981570468826	0.922472605123	0.51437539391	0.860899154181	0.83238780087	0.759099710005	0.931770367327	0.855029714838	0.53755919768	1.12105397777	1.01724562107	1.36701964234	1.21669127598	1.13530192363	1.1946620928	1.29551739488	1.25937698405	0.955221092315	0.979592353794	1.00877176414	0.987796056066	0.708400889319	1.25151543258	0.72187260029	1.15455289029	0.727761358144	1.1799877187
AG8	0.697456727888	0.628927017883	1.85107058966	0.644136259062	0.875237051716	0.744604905752	0.724067172547	0.657133557274	0.859714001933	0.639352783954	0.96614179797	0.769896244563	0.725640357661	1.50576496375	0.634620120831	0.686371420976	0.823396317061	0.842421768971	1.22678861286	0.729495877235	0.565566945384	0.531083156114	0.82818499275	0.803241735138	1.29444523925	0.562852527791	0.741421599807	0.605278255196	0.166086698888	0.0	0.844157327211	0.74997297245	0.79772101015	0.865945050749	1.24793379894	0.980030169164	0.980366737554	0.480517781537	0.914480468826	0.798642909618	0.758467858869	0.928546191397	0.841991696472	0.513530874819	1.1743938521	1.0707580232	1.33259908168	1.24414280812	1.1002577767	1.16853698888	1.32457273562	1.28303970034	0.986274915418	1.01146405993	1.03259139681	1.01037483809	0.736858724021	1.23161968584	0.748316756887	1.17952594973	0.776086645723	1.20672277912
AH7	0.740065258579	0.858002189464	2.45467401643	1.29441851619	1.17063064766	0.797727510875	1.10271137264	0.770900502658	0.916445161914	0.930704871919	0.855509574674	0.997386573224	0.840881377477	2.12686000967	1.02469344611	0.751473165781	0.649310405993	0.616664248429	1.71781658289	1.30205397777	0.902537670372	0.627192721121	0.700798704688	0.715303267279	1.56970458676	0.756442817786	0.665688912518	0.610158859352	0.798966568391	0.844157327211	0.0	0.296011672305	0.910084920251	0.886858627356	1.17379207347	1.016310058	0.777858893185	0.979302561624	0.793836191397	0.938374958917	0.835402160464	1.4764701305	1.39602466409	0.93494939101	0.962643755437	0.916319748671	1.27530794103	1.09784976317	1.15417964717	1.06444326728	1.1369722668	1.16351446593	0.859053054616	0.844852542291	0.806983919768	0.817715645239	0.75116300145	1.16895996133	0.792861237313	1.01524609957	0.702576781054	1.0750218173
AH8	0.665367921701	0.697543566941	2.42542889802	1.16177545674	1.02739106815	0.627360932818	1.03282566457	0.569884364427	0.719990251329	0.807995877235	0.702817390043	0.852794117931	0.659568303528	2.07482536008	0.859944915418	0.599240497825	0.409140231996	0.372031599807	1.68912595457	1.24140617206	0.854792745288	0.508962237796	0.550988434026	0.549948675689	1.57887406477	0.677735862736	0.498347457709	0.423571430643	0.694238501692	0.74997297245	0.296011672305	0.0	0.698097133881	0.676529507008	1.14818650072	0.930142358627	0.65663640406	0.859455896568	0.604361077815	0.817813513775	0.693705635573	1.40706640406	1.31441163847	0.815292431126	0.841441343644	0.77074120348	1.16935992267	0.991599685839	1.03425352344	0.971598129531	0.997556679555	1.05846052199	0.717114983084	0.728553165781	0.683894200097	0.707020927985	0.583536172064	1.05886025616	0.623156718221	0.915773963267	0.515899540841	0.960689139681
AA5	0.8475359884	0.669763813436	2.30994015466	1.11019725955	0.977153325278	0.535951657806	1.1322578492	0.352540270662	0.243638656356	0.898922058966	0.44984139681	0.765986650556	0.55198419043	1.96105440309	0.672647162881	0.777307617206	0.506666172064	0.505212735621	1.88293022233	1.38622143064	0.95719040116	0.623858646689	0.509961643306	0.478610033833	1.84970591107	0.884439105848	0.442948786854	0.510049473175	0.703098719188	0.79772101015	0.910084920251	0.698097133881	0.0	0.259709144514	1.22822739488	0.925351884969	0.611621860802	0.692550826486	0.59702381827	0.8529439971	0.693369748671	1.25057903335	1.16911630256	0.656978226196	0.817537230546	0.644535437409	1.30702725471	1.10199712905	1.06045615756	1.13252270662	1.10549267279	1.18783601257	0.803469284679	0.859826317061	0.806580410826	0.84315520058	0.602023020783	1.19265238279	0.705968554857	1.04477498308	0.554885190913	1.08759338811
AA6	0.845039217013	0.703835954567	2.40625237313	1.17059131464	0.97516817303	0.456471831803	1.11539631223	0.421016307395	0.331302368294	0.885228477525	0.458440652489	0.761647143548	0.532045108748	2.05220682455	0.720957235379	0.745816955051	0.534198632189	0.496220130498	1.92193166264	1.4186478782	0.965499429676	0.640417332044	0.547364929918	0.498250111165	1.85048709038	0.886357259546	0.464470159497	0.523642223296	0.793311517641	0.865945050749	0.886858627356	0.676529507008	0.259709144514	0.0	1.09572619623	0.820903484775	0.506660903818	0.722733098115	0.507981749638	0.84585821653	0.643151063316	1.3502500145	1.2384997825	0.681742257129	0.602388298695	0.45606818753	1.19284853069	0.995269859836	0.946357568874	0.984254973417	0.998045384244	1.07451408893	0.689021164814	0.764585205413	0.707679250846	0.727225031416	0.608895277912	1.06684156597	0.714010304495	0.90639881102	0.507055746738	0.981305906235
AB5	1.08915281779	0.969811034316	2.5585141711	1.37167619623	0.809973837603	0.981958472692	1.1549662784	1.09196709522	1.21350946351	0.951711329145	1.22315587724	0.792484040599	1.03773080232	2.21609153214	1.03182753021	1.01024033833	1.23208905268	1.17389289995	1.86419748188	1.4432662639	1.29341743838	1.16703775737	1.37814496858	1.31431005317	1.6865921653	1.1079179072	1.17917279845	1.17850607057	1.27896164814	1.24793379894	1.17379207347	1.14818650072	1.22822739488	1.09572619623	0.0	0.390225273079	0.969620942484	1.07338341228	0.944941565974	0.849364509425	0.855950753987	1.5615621653	1.47055490092	0.994037945868	1.0006279507	0.979493842436	0.857990144998	0.953232866119	0.727235964234	0.730168854519	1.06873908168	0.948937095215	0.807664200097	0.895096495892	0.943383958434	0.857170444659	1.00552833736	0.847975669406	1.02365389077	0.836395543741	1.00125270179	0.916177283712
AB6	0.872282866119	0.711960338328	2.45541943451	1.21493948768	0.700050633156	0.701740584824	0.996264958917	0.777764548091	0.924583136781	0.782828308362	0.987383131948	0.515383726438	0.765303885935	2.10820941034	0.759933798937	0.772305369744	1.01199737071	0.949260637989	1.80009300145	1.33091939584	1.13358618173	0.877624035766	1.13435686322	1.06512831803	1.68051729338	0.896244900918	0.924613605607	0.912325118415	0.981570468826	0.980030169164	1.016310058	0.930142358627	0.925351884969	0.820903484775	0.390225273079	0.0	0.754851928468	0.797355645239	0.736691478975	0.714284417593	0.617743692605	1.39487191397	1.30403670372	0.686794635089	0.793936172064	0.762400294828	0.804627597873	0.755893489609	0.548147945868	0.582831768971	0.868332609956	0.7744180087	0.581401807637	0.705151561141	0.75486677622	0.661811406477	0.732641749638	0.70686477042	0.749594369261	0.639290280329	0.77046742871	0.714928482359
AC5	0.897728869019	0.795107423876	2.61114524408	1.35424515225	0.951453475109	0.567315935234	1.17460305462	0.58382540841	0.560693934268	0.929621367811	0.483362948284	0.74472322378	0.694933784437	2.26066897535	0.867053644273	0.792244374094	0.505490836153	0.488541256646	1.95066546158	1.47379818753	1.1582481537	0.812015190913	0.626698738521	0.573716930884	1.87740529725	0.926027046883	0.507617742871	0.642919714838	0.922472605123	0.980366737554	0.777858893185	0.65663640406	0.611621860802	0.506660903818	0.969620942484	0.754851928468	0.0	0.820336524891	0.39766582407	0.853394867086	0.670606911551	1.58605029	1.46786105365	0.780695911068	0.562557921701	0.454324122765	1.00701995167	0.801523020783	0.888658579024	0.855174127598	0.772729874335	0.852462290962	0.587379120348	0.568019207347	0.527441353311	0.563234432093	0.708117283712	0.883078148864	0.801254485259	0.773075268246	0.568462556791	0.774443736104
AC6	0.782450072499	0.527007796037	1.95245902368	0.717292455292	0.719095355244	0.660523953601	0.63346300145	0.546923963267	0.769480231996	0.513665538908	0.909774958917	0.634171899468	0.651254987917	1.60359146448	0.472666099565	0.686603421943	0.856522875785	0.862268434026	1.42818237313	0.933129579507	0.765398898018	0.684925316578	0.897174499758	0.826475263412	1.45708820203	0.680822218463	0.762188206863	0.727184301595	0.51437539391	0.480517781537	0.979302561624	0.859455896568	0.692550826486	0.722733098115	1.07338341228	0.797355645239	0.820336524891	0.0	0.829093697438	0.652954059932	0.628275529241	0.803089318511	0.681153160947	0.28833420493	1.06113215563	0.970560029	1.1653442581	1.10057470275	0.928355741904	1.01944664089	1.19560641856	1.13828128081	0.863474688255	0.917996341228	0.946871237313	0.891948675689	0.62537658289	1.09233248913	0.672567742871	1.04874065732	0.703971880135	1.07180249396
AD6	0.788994963751	0.666914610923	2.55476054132	1.23420338811	0.83713378927	0.463996578057	1.09921907685	0.494493755437	0.559298559691	0.875911686805	0.517363339778	0.658715447076	0.571407409377	2.195980203	0.78098578057	0.692374364427	0.514984016433	0.483767293378	1.89441646689	1.43062214596	1.08961508942	0.752604881585	0.66904580957	0.621165761237	1.8437020638	0.909443968101	0.542969753504	0.566346292895	0.860899154181	0.914480468826	0.793836191397	0.604361077815	0.59702381827	0.507981749638	0.944941565974	0.736691478975	0.39766582407	0.829093697438	0.0	0.758939705172	0.495466288062	1.51187998067	1.4014140696	0.769489671339	0.631029603673	0.533621517641	0.879818419526	0.68712520058	0.823869903335	0.741486544224	0.702824736588	0.777719125181	0.455341338811	0.465627776704	0.438505853069	0.451116834219	0.57117741421	0.765571696472	0.664831532141	0.668722754954	0.409357148381	0.673404514258
AE5	0.589648376027	0.490183044949	2.3228977912	1.00964188497	0.659850720155	0.703516331561	0.777780396327	0.667865708072	0.936980227163	0.555490067666	1.01278750121	0.598263745771	0.707377854036	1.96422981634	0.631211227646	0.492705418076	0.886971686805	0.866922387627	1.50321341711	1.10189053166	0.954269217013	0.812446123731	1.04185466892	0.970384722088	1.36941025616	0.642288351861	0.866303020783	0.800217240213	0.83238780087	0.798642909618	0.938374958917	0.817813513775	0.8529439971	0.84585821653	0.849364509425	0.714284417593	0.853394867086	0.652954059932	0.758939705172	0.0	0.327192769454	1.21944913968	1.12524974384	0.576673929435	1.07038074432	1.02569482359	0.903146534558	0.898678970517	0.762475940068	0.730827554374	1.00328962301	0.927334093765	0.63947479942	0.67928522958	0.750745480909	0.647291493475	0.535784794587	0.849584277429	0.52601517158	0.79782178347	0.658094900918	0.858438081199
AE6	0.538024016433	0.421958888352	2.39060605607	1.05708527791	0.699576152731	0.505082469792	0.849340251329	0.52490662639	0.724746568391	0.624652145964	0.789223885935	0.546801145481	0.494914422426	2.02966685839	0.57016621073	0.414930599323	0.708811251812	0.685567278879	1.60777098115	1.1987062784	0.973454330594	0.728356176897	0.890121087482	0.817781822136	1.53428041566	0.688129105848	0.685872503625	0.657660149831	0.759099710005	0.758467858869	0.835402160464	0.693705635573	0.693369748671	0.643151063316	0.855950753987	0.617743692605	0.670606911551	0.628275529241	0.495466288062	0.327192769454	0.0	1.30585934751	1.19638445626	0.524618898018	0.882728516191	0.8340860174	0.851235563074	0.739380807153	0.700270517158	0.65443099565	0.841133450942	0.786168641856	0.461757264379	0.499533832769	0.5543459739	0.47916442726	0.41465062349	0.742692967617	0.445685843403	0.659301319478	0.467651150314	0.712187022716
AF5	1.2751118608	1.15057983084	1.31980890285	0.614117356211	1.1692759449	1.34253349444	0.863154804253	1.21830774287	1.31422632189	1.00941006283	1.50388467376	1.23899488642	1.27837881585	0.989476587724	1.04214376994	1.2733382407	1.45923177864	1.49895209763	0.997473054616	0.693750149831	1.13651561141	1.17174898985	1.39735853069	1.41390925085	1.46786541808	1.18576558241	1.36099875302	1.2506461769	0.931770367327	0.928546191397	1.4764701305	1.40706640406	1.25057903335	1.3502500145	1.5615621653	1.39487191397	1.58605029	0.803089318511	1.51187998067	1.21944913968	1.30585934751	0.0	0.187284847753	0.960731440309	1.72701584824	1.62988616723	1.73287248429	1.68970795553	1.53309173997	1.61486664089	1.80340653456	1.75053653456	1.5153459304	1.5751022088	1.62251073465	1.55347043499	1.24686074915	1.70257098115	1.24024901885	1.65501287579	1.3596281392	1.67524282262
AF6	1.18764318511	1.04022590623	1.42186403577	0.521479033349	1.0821221363	1.23234947801	0.772760550991	1.108910174	1.24517500725	0.895670531658	1.41079096182	1.14101223296	1.17092656356	1.08174348478	0.93765780087	1.1664317013	1.35834546158	1.40024701788	1.01746134364	0.665513798937	1.06637143064	1.08436236346	1.30314753504	1.30849854519	1.43464753021	1.08628948284	1.26177463992	1.14775999517	0.855029714838	0.841991696472	1.39602466409	1.31441163847	1.16911630256	1.2384997825	1.47055490092	1.30403670372	1.46786105365	0.681153160947	1.4014140696	1.12524974384	1.19638445626	0.187284847753	0.0	0.848099323345	1.619399855	1.52181062832	1.62689721605	1.5933058434	1.42861585307	1.50902962301	1.68585088932	1.6374840696	1.40397358144	1.46671477042	1.52049811503	1.44545878202	1.13493854036	1.59120891735	1.12484454809	1.5496938666	1.25028652972	1.57070964234
AG5	0.71472438376	0.452176761721	2.0900659884	0.818032943451	0.618462841953	0.575532899952	0.668514287095	0.490796244563	0.736596408893	0.488407718705	0.862280212663	0.521037336878	0.573949473175	1.73964971967	0.432800149831	0.627033711938	0.834559313678	0.791857728371	1.49903165781	1.00035665056	0.752113547608	0.655585669406	0.915282508458	0.845934958917	1.43521076849	0.641000299662	0.752126665056	0.703283890768	0.53755919768	0.513530874819	0.93494939101	0.815292431126	0.656978226196	0.681742257129	0.994037945868	0.686794635089	0.780695911068	0.28833420493	0.769489671339	0.576673929435	0.524618898018	0.960731440309	0.848099323345	0.0	0.981823953601	0.911733199613	1.08686964717	1.02554036249	0.823590584824	0.892545031416	1.12107183664	1.05355239246	0.746186979217	0.821130053166	0.863839739004	0.769609917835	0.58826041566	0.987576824553	0.631401416143	0.90961722088	0.622936408893	0.991077037216
