	AA3	AA4	AB3	AB4	AC3	AC4	AD3	AD4	AE3	AE4	AF3	AF4	AG3	AG4	AH3	AH4	AA7	AA8	AB7	AB8	AC7	AC8	AD7	AD8	AE7	AE8	AF7	AF8	AG7	AG8	AH7	AH8	AA5	AA6	AB5	AB6	AC5	AC6	AD6	AE5	AE6	AF5	AF6	AG5	AH5	AH6	AA1	AA2	AB1	AB2	AC1	AC2	AD1	AD2	AE1	AE2	AF1	AF2	AG1	AG2	AH1	AH2
AA3	0.0	0.501048956017	2.24667582407	1.00312168681	0.847473131948	0.723822938618	0.906466631223	0.782860550991	0.899424610923	0.616223644273	0.934863040116	0.687931145481	0.709505142581	1.88209304978	0.724580053166	0.270823707105	0.782090628323	0.765359729338	1.46798581924	1.00757587724	0.810674804253	0.640593968101	0.860090299662	0.86391282262	1.36730524408	0.570767375544	0.783949294345	0.659105993233	0.687167264379	0.625336321895	0.746060947318	0.658360492992	0.842533131948	0.785077017883	1.08553606573	0.894238743354	0.969433460609	0.784872203963	0.748225920735	0.572877409377	0.568850352827	1.26541325761	1.15201386177	0.68306222813	1.07092647173	1.05349725955	0.99726637506	0.911405364911	0.919458028033	0.855563591107	1.05173356211	0.96859701305	0.652195901402	0.696100903818	0.733881928468	0.650687158047	0.520416602223	0.939642856452	0.527369439343	0.899631063316	0.629012851619	0.912496679555
AA4	0.501048956017	0.0	2.23774963267	0.931377583374	0.590017892702	0.551756283229	0.882021957467	0.541674079265	0.737091517641	0.547341406477	0.806483431609	0.42901520058	0.4603380232	1.87643144031	0.269974693088	0.295528322861	0.717309250846	0.665345679072	1.55395069599	1.02172261962	0.874562397293	0.663468579024	0.881915717738	0.820752054132	1.48072690188	0.528613615273	0.682384552924	0.636978786854	0.655485790237	0.647674847753	0.868154601257	0.728327312711	0.663195350411	0.605386650556	0.918460700822	0.67865378927	0.81957441276	0.516536742388	0.603980454326	0.49579118898	0.416056109232	1.20124966651	1.05558963267	0.468631290478	0.926250053166	0.878982319961	0.940654209763	0.796654891252	0.737001570807	0.734173078782	0.95201282262	0.882751295312	0.597378719188	0.632431957467	0.679549395843	0.617270091832	0.430036868052	0.856215505075	0.43025059449	0.778751773804	0.490251464476	0.777990990817
AB3	2.24667582407	2.23774963267	0.0	1.42341720155	2.17922467376	2.38793707105	1.91165304978	2.30435232479	2.37518516191	2.09909625906	2.51592679072	2.26941540841	2.32585049783	0.403999081682	2.15853169164	2.27710747704	2.48940857902	2.4930039826	1.15031478009	1.4826777042	1.93790620106	2.16598478492	2.40007865152	2.41370139681	1.89705630256	2.22538496858	2.41127818753	2.28483416143	1.90494067182	1.85718447076	2.44797105848	2.43724061866	2.31255001933	2.35381490092	2.51503483809	2.45451227646	2.63567732721	2.01627226196	2.52664409377	2.27905898502	2.40303733204	1.29037955051	1.41961943934	2.06280175447	2.72176317545	2.65828086515	2.65991681489	2.68500296762	2.54655924601	2.60429405027	2.77658849686	2.72368050266	2.54984693088	2.59229305462	2.62821782987	2.5940742436	2.29034046883	2.68568924601	2.30246853069	2.66082968101	2.38960189947	2.6852861334
AB4	1.00312168681	0.931377583374	1.42341720155	0.0	0.936792460126	1.06168406477	0.856819473175	1.05918650072	1.1988319623	0.854916099565	1.24368374094	0.976471894635	0.926983465442	1.04640207347	0.901707037216	0.970716974384	1.21959525375	1.21714299178	1.01363746254	0.509238646689	0.938413165781	0.972720894152	1.19214235863	1.19354818753	1.30410746254	0.959380082165	1.19774339294	1.05577447559	0.676872092798	0.643116848719	1.30788025616	1.20526642339	1.13707043983	1.13891190913	1.37458188014	1.25570611406	1.41642783954	0.809017148381	1.2316539681	0.990805543741	1.10801154664	0.597150546158	0.502149023683	0.804292885452	1.49010046399	1.43509957467	1.47947532141	1.41910700338	1.34233811986	1.36417910101	1.56893880619	1.49529840019	1.27296839536	1.32520154664	1.37064242629	1.31187739004	1.0395160754	1.47087992267	1.04021869502	1.41248628323	1.09886655389	1.43206698888
AC3	0.847473131948	0.590017892702	2.17922467376	0.936792460126	0.0	0.707838835186	0.895024132431	0.842948018366	1.00494077815	0.643519511841	1.07581896568	0.298146114065	0.781190318995	1.82231280329	0.630232740454	0.730284562591	1.02114211696	0.95439857419	1.4851717303	1.00892947318	1.04675452876	0.98554017883	1.2351238666	1.16919314645	1.34496001933	0.790128550024	1.04263820203	0.996750057999	0.849435070082	0.816097303045	1.17916569841	1.05061627356	0.974440695988	0.912359371677	0.76184421943	0.677204702755	0.984426080232	0.671600647656	0.86277222813	0.62154219913	0.696908704688	1.1592262929	1.03942047849	0.603067723538	1.10674632189	1.06813822136	0.846605277912	0.878418593523	0.71500762204	0.7612500145	1.03172715805	0.902002218463	0.729752464959	0.790033629773	0.826611599807	0.798361517641	0.797253794103	0.853310159497	0.783533301112	0.857704668922	0.841666379894	0.881197525375
AC4	0.723822938618	0.551756283229	2.38793707105	1.06168406477	0.707838835186	0.0	1.14009767037	0.437641507975	0.541624562591	0.790590062832	0.444878632189	0.458194354761	0.427806302562	2.02333548574	0.646283446109	0.583026452392	0.60831337361	0.555733919768	1.81971957467	1.28540283712	0.941763040116	0.625231474142	0.733081909135	0.677975055582	1.69393419526	0.641602358627	0.600423658772	0.546227626873	0.66310640406	0.751762479459	0.806992257129	0.648321121315	0.54167038666	0.437683861769	0.956579700338	0.700725944901	0.626683900435	0.593436834219	0.426856863219	0.736368052199	0.466509743838	1.36171601257	1.21952578057	0.596209313678	0.690256853552	0.655923871435	1.02575602223	0.776696761721	0.784447008217	0.768370889319	0.894833243113	0.90382719188	0.548846573224	0.623383687772	0.652319898502	0.580254765587	0.579577559207	0.942472126631	0.570914581924	0.73962521508	0.412873267279	0.750535026583
AD3	0.906466631223	0.882021957467	1.91165304978	0.856819473175	0.895024132431	1.14009767037	0.0	1.12145633639	1.36557188014	0.461143827936	1.39100889802	0.957402580957	1.11512337361	1.54976733688	0.869336447559	0.920696785887	1.28659839053	1.2390097825	1.3003479652	0.812147332044	0.892866761721	0.969554306428	1.34247299662	1.33176486709	1.20217525858	0.945488883519	1.24881056066	1.13002376994	0.92108560174	0.818280633156	1.19247252779	1.1358562784	1.27835139198	1.19744748671	1.1801639536	1.07048782987	1.344450116	0.803578071532	1.16418380377	0.808477293378	0.991011551474	0.867845466409	0.78562901885	0.786981880135	1.44466893668	1.41238260512	1.33144426776	1.3678300725	1.17345159014	1.19192009183	1.48762950217	1.39648762687	1.17561357177	1.22117312228	1.27324238279	1.17348031416	0.982155152247	1.32808594973	0.985272339294	1.26658455776	1.15428744804	1.32405534558
AD4	0.782860550991	0.541674079265	2.30435232479	1.05918650072	0.842948018366	0.437641507975	1.12145633639	0.0	0.284542329628	0.730054857419	0.475476756887	0.633148129531	0.501300425326	1.94375652972	0.581047303045	0.607482344128	0.542604731754	0.50199438376	1.85034915418	1.29610198647	0.926433170614	0.598648013533	0.550467361044	0.492043987434	1.78087283229	0.704696616723	0.464558467859	0.420269956501	0.602207970034	0.7611199855	0.818418685355	0.620500937651	0.297702411793	0.282375084582	1.09905395843	0.832792189464	0.574973073949	0.550871749638	0.470209893668	0.790296452392	0.547584137264	1.2796881537	1.1333897825	0.60341918318	0.661794330594	0.604951420976	1.15805512325	0.890234509425	0.974554316095	0.932817597873	0.955798482359	1.03020536491	0.685185045916	0.695157433543	0.716276979217	0.703788666022	0.55885417593	1.08397009667	0.587392416626	0.895687612373	0.486140507492	0.87896717738
AE3	0.899424610923	0.737091517641	2.37518516191	1.1988319623	1.00494077815	0.541624562591	1.36557188014	0.284542329628	0.0	0.970658453359	0.370123020783	0.789916955051	0.607104533591	2.02004191397	0.744482286129	0.769928762687	0.509273905268	0.533831348478	1.99948899952	1.4617641131	1.04752693572	0.745957767037	0.434107921701	0.423939221846	1.94824246979	0.870289009183	0.462767873369	0.497079275012	0.744510202997	0.916875906235	0.916873929435	0.704969028516	0.233887167714	0.315995403577	1.23140279362	0.974250159497	0.572448298695	0.734761638473	0.563746732721	0.995984117931	0.691997602707	1.38799260029	1.26137766071	0.786577646206	0.733962121798	0.651125369744	1.27456726438	1.00451055582	1.1110502175	1.0531619188	1.06002483325	1.14767540841	0.797004900918	0.817954746254	0.82413179797	0.822046578057	0.712192513291	1.20455027066	0.730027071049	1.00974133881	0.57953	0.996339685839
AE4	0.616223644273	0.547341406477	2.09909625906	0.854916099565	0.643519511841	0.790590062832	0.461143827936	0.730054857419	0.970658453359	0.0	1.04531843886	0.623599536008	0.774484282262	1.73641090382	0.589902276462	0.577651662639	0.928319173514	0.889140956984	1.44814846786	0.932144635089	0.76429879652	0.687690865152	0.964933363944	0.943780004833	1.33971804253	0.610396935718	0.864280971484	0.755018501692	0.596868540358	0.572787718705	0.913310913485	0.811615505075	0.895137365877	0.821358564524	0.960084639923	0.820215369744	0.975175635573	0.5261519913	0.78759777187	0.498609811503	0.628526341228	1.01225188497	0.867342948284	0.493191101982	1.10469291928	1.06985076365	1.04933260029	1.0395461189	0.922212962784	0.932149565007	1.18541679072	1.09760612856	0.838088332528	0.859291063316	0.915169729338	0.845380082165	0.618040807153	1.04143544224	0.622976070565	0.991067167714	0.771897849203	1.02194131948
AF3	0.934863040116	0.806483431609	2.51592679072	1.24368374094	1.07581896568	0.444878632189	1.39100889802	0.475476756887	0.370123020783	1.04531843886	0.0	0.828521464476	0.652685978734	2.15647642823	0.881462223296	0.822737187047	0.448011957467	0.470170715321	2.03257056066	1.50030772354	1.06445580474	0.795806752054	0.423113861769	0.39495861769	1.96676214596	0.901204258096	0.488447945868	0.590593189947	0.800833900435	0.949975157081	0.812639801837	0.640302556791	0.421213562107	0.46947717738	1.21175440793	0.998621290478	0.48839341711	0.789812846786	0.504451570807	1.00478836636	0.713386230063	1.52650128565	1.38634243113	0.829531222813	0.661825886902	0.588732411793	1.24304044466	0.958048453359	1.11754055582	1.02344265829	1.02661109232	1.09045272595	0.769553035283	0.772361846303	0.795179642339	0.750201092315	0.823295650072	1.14034526825	0.815167452876	0.969560792653	0.554001043983	0.936431058482
AF4	0.687931145481	0.42901520058	2.26941540841	0.976471894635	0.298146114065	0.458194354761	0.957402580957	0.633148129531	0.789916955051	0.623599536008	0.828521464476	0.0	0.584074354761	1.90674651522	0.518618139198	0.547915326245	0.819450550991	0.763178463026	1.6035960754	1.07626119381	0.940328260029	0.785779478009	1.02896473175	0.965641300145	1.45291795553	0.617930884485	0.843981947801	0.79927258579	0.743066230063	0.720525727405	0.995495166747	0.856818472692	0.770973141614	0.70277118898	0.813398347028	0.587370517158	0.822993605607	0.590062450459	0.660014862252	0.553045364911	0.539215621073	1.22018213146	1.09020931851	0.492751884969	0.942247100048	0.917234108265	0.873273470275	0.791670884485	0.659942590623	0.680679908168	0.960511851136	0.842989550507	0.611283093282	0.683407689705	0.740631391977	0.644564364427	0.627941145481	0.805682382794	0.612855055582	0.752628144031	0.631761077815	0.787466317061
AG3	0.709505142581	0.4603380232	2.32585049783	0.926983465442	0.781190318995	0.427806302562	1.11512337361	0.501300425326	0.607104533591	0.774484282262	0.652685978734	0.584074354761	0.0	1.9487320058	0.490645659739	0.533989507008	0.614917259546	0.561365915901	1.76647483809	1.21518801837	0.953709594007	0.643124417593	0.75506017883	0.726963881102	1.61768945868	0.630691599807	0.607888376027	0.572059719671	0.658668337361	0.727959067182	0.852959536008	0.694703518608	0.601199424843	0.536120855486	1.00456896085	0.770028110198	0.758233721605	0.607197868536	0.559821280812	0.714896520058	0.461300086999	1.31549113098	1.17484923151	0.587183910101	0.830118013533	0.786355490575	1.00460290478	0.784922281295	0.831118463026	0.791949294345	0.938051338811	0.889001101982	0.559692179797	0.629709826003	0.693199763171	0.603295867569	0.512977008217	0.950343127115	0.503261493475	0.785685292412	0.410101503142	0.781780236829
AG4	1.88209304978	1.87643144031	0.403999081682	1.04640207347	1.82231280329	2.02333548574	1.54976733688	1.94375652972	2.02004191397	1.73641090382	2.15647642823	1.90674651522	1.9487320058	0.0	1.80615993717	1.91382822136	2.13766028516	2.13608652489	0.887304968584	1.13072250846	1.58482407443	1.80893374577	2.04451706622	2.05779317061	1.62783465926	1.8685942291	2.05341013533	1.92537901402	1.55338996133	1.50311963751	2.10660997583	2.08090696955	1.95663878685	1.99149154664	2.1616720638	2.09493344611	2.28029867086	1.66059113098	2.16233147898	1.91568	2.03990907685	0.93884919768	1.0717978637	1.70447272595	2.35961443693	2.29505973417	2.294310087	2.32364905752	2.1839477332	2.23936656839	2.41989646206	2.36014858386	2.18914723055	2.23233675689	2.26988296278	2.23184326245	1.93087131464	2.32276008217	1.94055257129	2.29691777187	2.02712751571	2.32519505558
AH3	0.724580053166	0.269974693088	2.15853169164	0.901707037216	0.630232740454	0.646283446109	0.869336447559	0.581047303045	0.744482286129	0.589902276462	0.881462223296	0.518618139198	0.490645659739	1.80615993717	0.0	0.516110633156	0.796674142098	0.751230618656	1.58613053166	1.05101574674	0.908677931368	0.7340599855	0.924830285162	0.882857283712	1.50631998067	0.653664789754	0.756788090865	0.70755057999	0.663126863219	0.665958627356	1.00716071049	0.859716882552	0.677425703238	0.653007646206	0.98310778637	0.728540120831	0.891374983084	0.501500502658	0.728641527308	0.607268018366	0.557318313195	1.11549963267	0.973850367327	0.461395137748	1.01231346544	0.962074325761	1.0269880812	0.889441068149	0.830420971484	0.829059700338	1.02088814403	0.959455548574	0.742789922668	0.759259043016	0.799301111648	0.748670700822	0.535501266312	0.944562387627	0.532466979217	0.864745664572	0.619267066216	0.854426785887
AH4	0.270823707105	0.295528322861	2.27710747704	0.970716974384	0.730284562591	0.583026452392	0.920696785887	0.607482344128	0.769928762687	0.577651662639	0.822737187047	0.547915326245	0.533989507008	1.91382822136	0.516110633156	0.0	0.666158762687	0.629022440793	1.5240822668	1.03536913485	0.864031242146	0.605415944901	0.801418569357	0.745875099082	1.45564238763	0.495176495892	0.648199304012	0.565930502658	0.62754038666	0.644372102465	0.765861319478	0.617399067182	0.704996104398	0.639723779604	0.991288269696	0.757411527308	0.837345925568	0.639790236829	0.621247143548	0.501178748188	0.424554552924	1.26627838569	1.12082856936	0.544844842919	0.941515427743	0.916741923635	0.96569117448	0.81333121798	0.807803736104	0.745005935234	0.962218777187	0.885442605123	0.570477559207	0.614858869019	0.675013339778	0.578220115998	0.363745403577	0.882799971	0.364256868052	0.779459023683	0.505283518608	0.803647501208
AA7	0.782090628323	0.717309250846	2.48940857902	1.21959525375	1.02114211696	0.60831337361	1.28659839053	0.542604731754	0.509273905268	0.928319173514	0.448011957467	0.819450550991	0.614917259546	2.13766028516	0.796674142098	0.666158762687	0.0	0.153187245046	1.87395148864	1.35105069116	1.03534065732	0.670078351861	0.440602416626	0.43305742871	1.81097413243	0.784251005317	0.332917747704	0.412384809087	0.735983218946	0.8585720058	0.67097099565	0.419243542774	0.469323528275	0.532146834219	1.24090260512	1.04292266312	0.562356539391	0.858748342194	0.511941565974	0.925446781054	0.705006462059	1.50384855486	1.37016763171	0.844577477042	0.747619681005	0.681815949734	1.18663784437	0.906054417593	1.11308266312	1.02558329628	0.956513479942	1.02347013533	0.71241257129	0.702119961334	0.714912566457	0.694430256162	0.566186698888	1.07963054616	0.567451686805	0.989722687289	0.468696829386	0.895165674239
AA8	0.765359729338	0.665345679072	2.4930039826	1.21714299178	0.95439857419	0.555733919768	1.2390097825	0.50199438376	0.533831348478	0.889140956984	0.470170715321	0.763178463026	0.561365915901	2.13608652489	0.751230618656	0.629022440793	0.153187245046	0.0	1.84163703238	1.32737506525	0.993394852586	0.631294509425	0.49607699855	0.466145292412	1.75968559207	0.718088835186	0.347918371194	0.398695746738	0.738561706138	0.848463446109	0.620291483809	0.36283618173	0.488329468342	0.499239444176	1.16754487192	0.968474035766	0.561699105848	0.804541097148	0.462498980184	0.868395611406	0.640137863702	1.50158614306	1.3616278492	0.762833943934	0.689181928468	0.643471807637	1.1095721363	0.838661517641	1.03237894635	0.936544064766	0.894799159014	0.955894722088	0.629151474142	0.639942179797	0.66075760754	0.609662257129	0.556472339294	1.00276724505	0.549078332528	0.90079	0.42467641856	0.828060159497
AB7	1.46798581924	1.55395069599	1.15031478009	1.01363746254	1.4851717303	1.81971957467	1.3003479652	1.85034915418	1.99948899952	1.44814846786	2.03257056066	1.6035960754	1.76647483809	0.887304968584	1.58613053166	1.5240822668	1.87395148864	1.84163703238	0.0	0.608175509908	1.48363953117	1.59361143548	1.94928841469	1.94441573224	1.11228887869	1.51147791203	1.85794014983	1.72486363461	1.39031607057	1.23081367327	1.73922559691	1.72557432576	1.90472109715	1.89082739971	1.8559377767	1.81096098598	2.03049943451	1.53201518125	1.88973051232	1.49316706622	1.6734278492	0.98611979217	1.06535825036	1.50128158047	2.14833952151	2.12217029966	1.95090089415	1.99703998067	1.84507856936	1.87582139681	2.11081729338	2.02811843403	1.83293602707	1.87496409377	1.90051868052	1.85052456742	1.63894374577	1.96571300628	1.63786404543	1.93948119381	1.7837017738	1.99286731271
AB8	1.00757587724	1.02172261962	1.4826777042	0.509238646689	1.00892947318	1.28540283712	0.812147332044	1.29610198647	1.4617641131	0.932144635089	1.50030772354	1.07626119381	1.21518801837	1.13072250846	1.05101574674	1.03536913485	1.35105069116	1.32737506525	0.608175509908	0.0	0.996529492508	1.07472204447	1.4064018173	1.40291310778	1.11168223296	1.0000439101	1.31396122765	1.18773446593	0.822456423393	0.6750320058	1.26086669406	1.22753153697	1.37661537941	1.36531916868	1.40007239729	1.31401910585	1.51444711455	0.998151802803	1.36419932334	1.01011075399	1.17356588207	0.71759839536	0.682216283229	0.96838818753	1.64229529241	1.5962959304	1.53538122765	1.49963850652	1.3968762059	1.40868692122	1.61629562591	1.56361318028	1.36126541808	1.38379900435	1.41541287579	1.38035266312	1.1224757564	1.5216739391	1.12310514258	1.46598568391	1.24150717255	1.49578155631
AC7	0.810674804253	0.874562397293	1.93790620106	0.938413165781	1.04675452876	0.941763040116	0.892866761721	0.926433170614	1.04752693572	0.76429879652	1.06445580474	0.940328260029	0.953709594007	1.58482407443	0.908677931368	0.864031242146	1.03534065732	0.993394852586	1.48363953117	0.996529492508	0.0	0.462614649589	0.979861875302	0.975626901885	1.39206136298	0.785245456742	0.98770257129	0.814203649106	0.565412025133	0.546608632189	0.886876447559	0.832943243113	0.950142435959	0.929748951184	1.27757224263	1.1321142436	1.20539193813	0.765833455776	1.03398660222	0.974261561141	0.998810512325	1.15932756887	1.0731641421	0.727879942001	1.12713478009	1.11017139681	1.49270394393	1.42896434509	1.28756267279	1.29153496375	1.55827315128	1.50370489609	1.13335253262	1.20019592073	1.25213759304	1.15751539874	0.937366167231	1.4573541131	0.921821391977	1.33881416143	0.937763189947	1.39841545674
AC8	0.640593968101	0.663468579024	2.16598478492	0.972720894152	0.98554017883	0.625231474142	0.969554306428	0.598648013533	0.745957767037	0.687690865152	0.795806752054	0.785779478009	0.643124417593	1.80893374577	0.7340599855	0.605415944901	0.670078351861	0.631294509425	1.59361143548	1.07472204447	0.462614649589	0.0	0.669951923635	0.674115219913	1.50035966651	0.580796220396	0.569190502658	0.40297980667	0.452022904785	0.548925360077	0.63682218463	0.507999323345	0.645618873852	0.623188559691	1.1402361334	0.893949502175	0.864232116965	0.664008801353	0.693546520058	0.812721517641	0.690480154664	1.21037707588	1.09385499275	0.648296254229	0.879111314645	0.857686220396	1.29686404543	1.06468188497	1.07021489609	1.02967849686	1.19201536008	1.18128658289	0.79076578057	0.839438197197	0.89434781537	0.811434949251	0.568590840986	1.21093264862	0.570012165297	1.00962710005	0.579488840019	1.04045090865
AD7	0.860090299662	0.881915717738	2.40007865152	1.19214235863	1.2351238666	0.733081909135	1.34247299662	0.550467361044	0.434107921701	0.964933363944	0.423113861769	1.02896473175	0.75506017883	2.04451706622	0.924830285162	0.801418569357	0.440602416626	0.49607699855	1.94928841469	1.4064018173	0.979861875302	0.669951923635	0.0	0.147823653939	1.90212047366	0.838198748188	0.407908071532	0.45846479942	0.695146959884	0.86033560174	0.718350753987	0.523628656356	0.444458772354	0.537311648139	1.37855831319	1.15813851619	0.640009753504	0.856420918318	0.663497274045	1.05846911068	0.847641851136	1.41907840503	1.28086850169	0.89873120348	0.787180550991	0.715163431609	1.37948630256	1.11150221846	1.28564058482	1.19705886902	1.15077673755	1.23749553891	0.915439076849	0.897896307395	0.911626370227	0.906134944418	0.737390314161	1.29079670372	0.756240164331	1.1470282262	0.616380463992	1.09163504108
AD8	0.86391282262	0.820752054132	2.41370139681	1.19354818753	1.16919314645	0.677975055582	1.33176486709	0.492043987434	0.423939221846	0.943780004833	0.39495861769	0.965641300145	0.726963881102	2.05779317061	0.882857283712	0.745875099082	0.43305742871	0.466145292412	1.94441573224	1.40291310778	0.975626901885	0.674115219913	0.147823653939	0.0	1.86381044949	0.760546346061	0.368013049782	0.455284248429	0.683096529725	0.849043924601	0.719439888835	0.531785263412	0.430477312711	0.500101430643	1.32658011116	1.096790029	0.587679545674	0.795564127598	0.611075930401	0.996606104398	0.784199453842	1.43509120348	1.28847920251	0.837737515708	0.739801198647	0.670672798453	1.33297714838	1.06328650072	1.23228835669	1.13885246013	1.10888534074	1.1924259014	0.863049555341	0.846853958434	0.860523740938	0.853762223296	0.72680182697	1.24609914935	0.738110246496	1.08757600773	0.573124765587	1.03943885935
AE7	1.36730524408	1.48072690188	1.89705630256	1.30410746254	1.34496001933	1.69393419526	1.20217525858	1.78087283229	1.94824246979	1.33971804253	1.96676214596	1.45291795553	1.61768945868	1.62783465926	1.50631998067	1.45564238763	1.81097413243	1.75968559207	1.11228887869	1.11168223296	1.39206136298	1.50035966651	1.90212047366	1.86381044949	0.0	1.135530087	1.810240145	1.68382485742	1.384059971	1.28004634123	1.58122807637	1.60475111165	1.86949952634	1.83554007733	1.68783700822	1.68693183664	1.96556147898	1.51636350894	1.81398302562	1.36329410826	1.60137194297	1.46101605607	1.46924583374	1.43533243113	2.00570007733	1.99482033833	1.71563902368	1.84027845819	1.65564867569	1.66057297245	1.97230262446	1.81658295312	1.6850797245	1.71461431609	1.75528610923	1.6639558724	1.57817996133	1.75087964234	1.5720937651	1.76774564524	1.71100507492	1.81644189464
AE8	0.570767375544	0.528613615273	2.22538496858	0.959380082165	0.790128550024	0.641602358627	0.945488883519	0.704696616723	0.870289009183	0.610396935718	0.901204258096	0.617930884485	0.630691599807	1.8685942291	0.653664789754	0.495176495892	0.784251005317	0.718088835186	1.51147791203	1.0000439101	0.785245456742	0.580796220396	0.838198748188	0.760546346061	1.135530087	0.0	0.735007805703	0.644653639439	0.601810096665	0.572325872402	0.735350662156	0.657695727405	0.788867332044	0.751910338328	1.05608441759	0.835890990817	0.902012648623	0.621063020783	0.762015993233	0.601985857902	0.602325606573	1.25591206863	1.11723620106	0.579246906718	1.00477906718	0.969264393427	1.10952067182	0.987390246496	0.898740212663	0.883613073949	1.12194474625	1.06945168681	0.773036007733	0.809386800387	0.849742353794	0.788724035766	0.624890405993	1.03662504108	0.602652097632	0.913829671339	0.651307312711	0.968615500242
AF7	0.783949294345	0.682384552924	2.41127818753	1.19774339294	1.04263820203	0.600423658772	1.24881056066	0.464558467859	0.462767873369	0.864280971484	0.488447945868	0.843981947801	0.607888376027	2.05341013533	0.756788090865	0.648199304012	0.332917747704	0.347918371194	1.85794014983	1.31396122765	0.98770257129	0.569190502658	0.407908071532	0.368013049782	1.810240145	0.735007805703	0.0	0.237170512325	0.668753629773	0.803719091348	0.662122556791	0.487634920251	0.420693736104	0.468606698888	1.16943180764	0.943235693572	0.529169753504	0.770405016916	0.503015785404	0.882006268729	0.640459956501	1.4341519478	1.29146113581	0.76449319478	0.727182493958	0.667367346544	1.1808358434	0.927300227163	1.06787015466	0.997712672789	0.96442681972	1.0479920493	0.721841145481	0.729568767521	0.756798231029	0.728956114065	0.576484997583	1.08812612856	0.584954432093	0.948766718221	0.440550778154	0.904444659256
AF8	0.659105993233	0.636978786854	2.28483416143	1.05577447559	0.996750057999	0.546227626873	1.13002376994	0.420269956501	0.497079275012	0.755018501692	0.590593189947	0.79927258579	0.572059719671	1.92537901402	0.70755057999	0.565930502658	0.412384809087	0.398695746738	1.72486363461	1.18773446593	0.814203649106	0.40297980667	0.45846479942	0.455284248429	1.68382485742	0.644653639439	0.237170512325	0.0	0.523036592557	0.654889313678	0.647679932334	0.436522735621	0.435406993717	0.436778061866	1.15897374577	0.929882542291	0.660791478975	0.70585182697	0.526793025616	0.817301005317	0.614247897535	1.30724189947	1.16455495408	0.697039250846	0.772980430159	0.739155065249	1.21868161914	0.974672324795	1.04936059932	1.01450870469	1.01895470275	1.09585742871	0.742957515708	0.767830531658	0.797446046399	0.764958632189	0.509089468342	1.13044406477	0.522052754954	0.969854958917	0.446185882069	0.946767970034
AG7	0.687167264379	0.655485790237	1.90494067182	0.676872092798	0.849435070082	0.66310640406	0.92108560174	0.602207970034	0.744510202997	0.596868540358	0.800833900435	0.743066230063	0.658668337361	1.55338996133	0.663126863219	0.62754038666	0.735983218946	0.738561706138	1.39031607057	0.822456423393	0.565412025133	0.452022904785	0.695146959884	0.683096529725	1.384059971	0.601810096665	0.668753629773	0.523036592557	0.0	0.248367530208	0.799205940068	0.681780304495	0.655083412276	0.685997767037	1.22343673755	0.970925785404	0.919205026583	0.484242561624	0.771170642823	0.804035954567	0.695108279362	1.00343649106	0.860403378444	0.491537989367	1.01392538424	0.97713681972	1.32314280329	1.11163982117	1.13893034799	1.10782021266	1.23604543741	1.201809768	0.888994185597	0.929368757854	0.964813765104	0.917432092798	0.644835108748	1.24738925085	0.648760521991	1.0841938811	0.67579737071	1.09591855969
AG8	0.625336321895	0.647674847753	1.85718447076	0.643116848719	0.816097303045	0.751762479459	0.818280633156	0.7611199855	0.916875906235	0.572787718705	0.949975157081	0.720525727405	0.727959067182	1.50311963751	0.665958627356	0.644372102465	0.8585720058	0.848463446109	1.23081367327	0.6750320058	0.546608632189	0.548925360077	0.86033560174	0.849043924601	1.28004634123	0.572325872402	0.803719091348	0.654889313678	0.248367530208	0.0	0.861798554857	0.768940807153	0.826146457226	0.80697637506	1.19584505075	0.985280314161	1.04932821653	0.532397873369	0.889909531174	0.7509219768	0.74741362494	0.96610760754	0.833556089899	0.478849511841	1.10943920735	1.06973324311	1.30207070082	1.19275108265	1.11493988884	1.13327512808	1.32597637023	1.27897706622	0.949331962301	0.990188061866	1.03053409377	0.980352788787	0.718980019333	1.25212105365	0.719505548574	1.16171311745	0.759026041566	1.17694113098
AH7	0.746060947318	0.868154601257	2.44797105848	1.30788025616	1.17916569841	0.806992257129	1.19247252779	0.818418685355	0.916873929435	0.913310913485	0.812639801837	0.995495166747	0.852959536008	2.10660997583	1.00716071049	0.765861319478	0.67097099565	0.620291483809	1.73922559691	1.26086669406	0.886876447559	0.63682218463	0.718350753987	0.719439888835	1.58122807637	0.735350662156	0.662122556791	0.647679932334	0.799205940068	0.861798554857	0.0	0.316690710488	0.881143165781	0.888883929435	1.187100087	1.0462020203	0.853008666022	0.9662580232	0.756246887385	0.973041401643	0.827424301595	1.51008886902	1.39048050266	0.942933972934	0.951220101498	0.936645630739	1.28406893668	1.04903008217	1.17718905752	1.04719714355	1.13408086032	1.15730657322	0.830955949734	0.817481918801	0.836569487675	0.801235384244	0.758458235863	1.20557895118	0.765411691638	1.02333234896	0.710590879652	1.03557264862
AH8	0.658360492992	0.728327312711	2.43724061866	1.20526642339	1.05061627356	0.648321121315	1.1358562784	0.620500937651	0.704969028516	0.811615505075	0.640302556791	0.856818472692	0.694703518608	2.08090696955	0.859716882552	0.617399067182	0.419243542774	0.36283618173	1.72557432576	1.22753153697	0.832943243113	0.507999323345	0.523628656356	0.531785263412	1.60475111165	0.657695727405	0.487634920251	0.436522735621	0.681780304495	0.768940807153	0.316690710488	0.0	0.660858748188	0.657084006767	1.1983962494	0.996242503625	0.705545447076	0.865478593523	0.552141696472	0.875555949734	0.6968339971	1.46243719188	1.32808837119	0.832731140648	0.787562363461	0.785562112131	1.1963282117	0.948707897535	1.08787427743	0.970745389077	0.992459516675	1.06536133398	0.710752373127	0.721014523925	0.736181242146	0.690409188014	0.612260188497	1.11254272112	0.621327902368	0.948303330111	0.517304364427	0.934098902852
AA5	0.842533131948	0.663195350411	2.31255001933	1.13707043983	0.974440695988	0.54167038666	1.27835139198	0.297702411793	0.233887167714	0.895137365877	0.421213562107	0.770973141614	0.601199424843	1.95663878685	0.677425703238	0.704996104398	0.469323528275	0.488329468342	1.90472109715	1.37661537941	0.950142435959	0.645618873852	0.444458772354	0.430477312711	1.86949952634	0.788867332044	0.420693736104	0.435406993717	0.655083412276	0.826146457226	0.881143165781	0.660858748188	0.0	0.237451290478	1.20778702272	0.943013605607	0.606565790237	0.615469888835	0.586445819236	0.88759677622	0.649109739004	1.28886268729	1.14983344128	0.681474470759	0.73805297245	0.652103827936	1.30062148864	1.0385419768	1.1116841421	1.07779676172	1.09564116481	1.17392870469	0.805876408893	0.837145181247	0.845235089415	0.831913484775	0.631035118415	1.22238916385	0.642992653456	1.03251045916	0.532578144031	1.01760515225
AA6	0.785077017883	0.605386650556	2.35381490092	1.13891190913	0.912359371677	0.437683861769	1.19744748671	0.282375084582	0.315995403577	0.821358564524	0.46947717738	0.70277118898	0.536120855486	1.99149154664	0.653007646206	0.639723779604	0.532146834219	0.499239444176	1.89082739971	1.36531916868	0.929748951184	0.623188559691	0.537311648139	0.500101430643	1.83554007733	0.751910338328	0.468606698888	0.436778061866	0.685997767037	0.80697637506	0.888883929435	0.657084006767	0.237451290478	0.0	1.09030284679	0.824556573224	0.55599261479	0.569920657322	0.486134103432	0.838383243113	0.551875161914	1.32339529241	1.17436372644	0.650313784437	0.559277022716	0.495824523925	1.1701239246	0.919384586757	0.97817260029	0.941757970034	0.977530009667	1.0513562059	0.677754272595	0.723985132914	0.739735688739	0.708184668922	0.594498366361	1.08474142098	0.605127713871	0.902428119865	0.476972962784	0.895697883035
AB5	1.08553606573	0.918460700822	2.51503483809	1.37458188014	0.76184421943	0.956579700338	1.1801639536	1.09905395843	1.23140279362	0.960084639923	1.21175440793	0.813398347028	1.00456896085	2.1616720638	0.98310778637	0.991288269696	1.24090260512	1.16754487192	1.8559377767	1.40007239729	1.27757224263	1.1402361334	1.37855831319	1.32658011116	1.68783700822	1.05608441759	1.16943180764	1.15897374577	1.22343673755	1.19584505075	1.187100087	1.1983962494	1.20778702272	1.09030284679	0.0	0.374637767037	0.976947728371	1.02683583857	0.973875490575	0.835471454809	0.887884659256	1.54117624456	1.41879419043	0.989679337844	1.00553176897	0.988625273079	0.846200188497	0.938480077332	0.769849125181	0.74723301595	1.07283851136	0.952559516675	0.843381043983	0.918318854519	0.94923282262	0.906921116481	1.02528924601	0.870641474142	1.0000539536	0.847959589174	1.03000591107	0.926250966651
AB6	0.894238743354	0.67865378927	2.45451227646	1.25570611406	0.677204702755	0.700725944901	1.07048782987	0.832792189464	0.974250159497	0.820215369744	0.998621290478	0.587370517158	0.770028110198	2.09493344611	0.728540120831	0.757411527308	1.04292266312	0.968474035766	1.81096098598	1.31401910585	1.1321142436	0.893949502175	1.15813851619	1.096790029	1.68693183664	0.835890990817	0.943235693572	0.929882542291	0.970925785404	0.985280314161	1.0462020203	0.996242503625	0.943013605607	0.824556573224	0.374637767037	0.0	0.772066317061	0.757677539874	0.780427689705	0.711048100532	0.656055630739	1.43101451426	1.29386718221	0.72779381827	0.780453344611	0.751237733204	0.769954311261	0.717770062832	0.553933629773	0.521413876269	0.855155659739	0.756842696955	0.640848467859	0.733453257612	0.766649188014	0.727835635573	0.778435993233	0.710569903335	0.759480159497	0.610101541808	0.818092754954	0.698142257129
AC5	0.969433460609	0.81957441276	2.63567732721	1.41642783954	0.984426080232	0.626683900435	1.344450116	0.574973073949	0.572448298695	0.975175635573	0.48839341711	0.822993605607	0.758233721605	2.28029867086	0.891374983084	0.837345925568	0.562356539391	0.561699105848	2.03049943451	1.51444711455	1.20539193813	0.864232116965	0.640009753504	0.587679545674	1.96556147898	0.902012648623	0.529169753504	0.660791478975	0.919205026583	1.04932821653	0.853008666022	0.705545447076	0.606565790237	0.55599261479	0.976947728371	0.772066317061	0.0	0.779764794587	0.48586638956	0.95111699855	0.68520499275	1.64935169647	1.49309130498	0.864192121798	0.486995350411	0.432364707588	1.01378569357	0.737799995167	0.914318506525	0.816814847753	0.764407718705	0.84772919768	0.613482431126	0.583994499758	0.572381517641	0.628057660706	0.796534403093	0.912803827936	0.791618192363	0.762809424843	0.632640715321	0.705804552924
AC6	0.784872203963	0.516536742388	2.01627226196	0.809017148381	0.671600647656	0.593436834219	0.803578071532	0.550871749638	0.734761638473	0.5261519913	0.789812846786	0.590062450459	0.607197868536	1.66059113098	0.501500502658	0.639790236829	0.858748342194	0.804541097148	1.53201518125	0.998151802803	0.765833455776	0.664008801353	0.856420918318	0.795564127598	1.51636350894	0.621063020783	0.770405016916	0.70585182697	0.484242561624	0.532397873369	0.9662580232	0.865478593523	0.615469888835	0.569920657322	1.02683583857	0.757677539874	0.779764794587	0.0	0.73339300145	0.65638460609	0.597938506525	0.904278569357	0.744189816336	0.302415882069	0.936210739488	0.862646573224	1.15308668922	1.01407275495	0.949245389077	0.927113658772	1.12997560657	1.09724799903	0.789473334944	0.849714132431	0.894885210246	0.835789850169	0.641118762687	1.07663546641	0.633101063316	0.959727017883	0.659750410826	1.00198018366
AD6	0.748225920735	0.603980454326	2.52664409377	1.2316539681	0.86277222813	0.426856863219	1.16418380377	0.470209893668	0.563746732721	0.78759777187	0.504451570807	0.660014862252	0.559821280812	2.16233147898	0.728641527308	0.621247143548	0.511941565974	0.462498980184	1.88973051232	1.36419932334	1.03398660222	0.693546520058	0.663497274045	0.611075930401	1.81398302562	0.762015993233	0.503015785404	0.526793025616	0.771170642823	0.889909531174	0.756246887385	0.552141696472	0.586445819236	0.486134103432	0.973875490575	0.780427689705	0.48586638956	0.73339300145	0.0	0.752320565491	0.409085099082	1.51503068149	1.36913010633	0.762301556307	0.623024195263	0.593540889319	0.922785258579	0.670493489609	0.83828958434	0.735283644273	0.741610763654	0.810236553891	0.463255355244	0.486549386177	0.516199555341	0.475877718705	0.573831135814	0.845311918801	0.580416974384	0.688788158531	0.376960541324	0.655100763654
AE5	0.572877409377	0.49579118898	2.27905898502	0.990805543741	0.62154219913	0.736368052199	0.808477293378	0.790296452392	0.995984117931	0.498609811503	1.00478836636	0.553045364911	0.714896520058	1.91568	0.607268018366	0.501178748188	0.925446781054	0.868395611406	1.49316706622	1.01011075399	0.974261561141	0.812721517641	1.05846911068	0.996606104398	1.36329410826	0.601985857902	0.882006268729	0.817301005317	0.804035954567	0.7509219768	0.973041401643	0.875555949734	0.88759677622	0.838383243113	0.835471454809	0.711048100532	0.95111699855	0.65638460609	0.752320565491	0.0	0.396470507492	1.20870151281	1.06900918318	0.583069536008	1.09056050749	1.07000044949	0.888703272112	0.854176771387	0.80953242146	0.765775268246	1.01475131948	0.919895621073	0.660264891252	0.707426810053	0.777110425326	0.668999676172	0.564092464959	0.871741696472	0.564129362011	0.818216350894	0.700626462059	0.839909768004
AE6	0.568850352827	0.416056109232	2.40303733204	1.10801154664	0.696908704688	0.466509743838	0.991011551474	0.547584137264	0.691997602707	0.628526341228	0.713386230063	0.539215621073	0.461300086999	2.03990907685	0.557318313195	0.424554552924	0.705006462059	0.640137863702	1.6734278492	1.17356588207	0.998810512325	0.690480154664	0.847641851136	0.784199453842	1.60137194297	0.602325606573	0.640459956501	0.614247897535	0.695108279362	0.74741362494	0.827424301595	0.6968339971	0.649109739004	0.551875161914	0.887884659256	0.656055630739	0.68520499275	0.597938506525	0.409085099082	0.396470507492	0.0	1.35858978734	1.21021978734	0.575364509425	0.80242900435	0.780019550507	0.879922121798	0.676495959401	0.730940695988	0.650286471725	0.821765877235	0.772388806187	0.421031880135	0.464157201547	0.533969352344	0.444874021266	0.419371101982	0.798565775737	0.426352812953	0.619726239729	0.461571034316	0.658340807153
AF5	1.26541325761	1.20124966651	1.29037955051	0.597150546158	1.1592262929	1.36171601257	0.867845466409	1.2796881537	1.38799260029	1.01225188497	1.52650128565	1.22018213146	1.31549113098	0.93884919768	1.11549963267	1.26627838569	1.50384855486	1.50158614306	0.98611979217	0.71759839536	1.15932756887	1.21037707588	1.41907840503	1.43509120348	1.46101605607	1.25591206863	1.4341519478	1.30724189947	1.00343649106	0.96610760754	1.51008886902	1.46243719188	1.28886268729	1.32339529241	1.54117624456	1.43101451426	1.64935169647	0.904278569357	1.51503068149	1.20870151281	1.35858978734	0.0	0.219399144514	0.972903392943	1.73041123248	1.66202698888	1.71320890285	1.68687112131	1.59082269212	1.60387886902	1.79581280329	1.75795993717	1.53455431126	1.59198089899	1.63854662156	1.59287097148	1.25369665539	1.71285084582	1.27306548091	1.65887913001	1.39270093765	1.69610081199
AF6	1.15201386177	1.05558963267	1.41961943934	0.502149023683	1.03942047849	1.21952578057	0.78562901885	1.1333897825	1.26137766071	0.867342948284	1.38634243113	1.09020931851	1.17484923151	1.0717978637	0.973850367327	1.12082856936	1.37016763171	1.3616278492	1.06535825036	0.682216283229	1.0731641421	1.09385499275	1.28086850169	1.28847920251	1.46924583374	1.11723620106	1.29146113581	1.16455495408	0.860403378444	0.833556089899	1.39048050266	1.32808837119	1.14983344128	1.17436372644	1.41879419043	1.29386718221	1.49309130498	0.744189816336	1.36913010633	1.06900918318	1.21021978734	0.219399144514	0.0	0.821462208797	1.58186947801	1.51349928951	1.58688440309	1.5555457999	1.46372449493	1.47777028033	1.6556020203	1.63393282745	1.39103196713	1.44335107298	1.49452375544	1.44259244563	1.10579137264	1.58785120831	1.12584841469	1.5239042581	1.24967795553	1.54890686805
AG5	0.68306222813	0.468631290478	2.06280175447	0.804292885452	0.603067723538	0.596209313678	0.786981880135	0.60341918318	0.786577646206	0.493191101982	0.829531222813	0.492751884969	0.587183910101	1.70447272595	0.461395137748	0.544844842919	0.844577477042	0.762833943934	1.50128158047	0.96838818753	0.727879942001	0.648296254229	0.89873120348	0.837737515708	1.43533243113	0.579246906718	0.76449319478	0.697039250846	0.491537989367	0.478849511841	0.942933972934	0.832731140648	0.681474470759	0.650313784437	0.989679337844	0.72779381827	0.864192121798	0.302415882069	0.762301556307	0.583069536008	0.575364509425	0.972903392943	0.821462208797	0.0	0.978357312711	0.926254934751	1.09385632673	0.993443020783	0.904077172547	0.893477854036	1.13696126148	1.06468066216	0.746891594973	0.824523576607	0.882347433543	0.781382049299	0.592335485742	1.03532138231	0.573329540841	0.930370710488	0.657249318511	0.977357873369
