	AA3	AA4	AB3	AB4	AC3	AC4	AD3	AD4	AE3	AE4	AF3	AF4	AG3	AG4	AH3	AH4	AA7	AA8	AB7	AB8	AC7	AC8	AD7	AD8	AE7	AE8	AF7	AF8	AG7	AG8	AH7	AH8	AA5	AA6	AB5	AB6	AC5	AC6	AD6	AE5	AE6	AF5	AF6	AG5	AH5	AH6	AA1	AA2	AB1	AB2	AC1	AC2	AD1	AD2	AE1	AE2	AF1	AF2	AG1	AG2	AH1	AH2
AA3	0.0	0.528978806187	2.26252574674	0.992479879169	0.882524127598	0.768615712905	0.924255369744	0.793323484775	0.866662402127	0.675229608507	0.960983431609	0.728026370227	0.720227984534	1.94289852102	0.783530270662	0.289419980667	0.775125669406	0.756548448526	1.47911346544	1.06263734654	0.82357242146	0.687256143064	0.925091754471	0.851669250846	1.3929882987	0.615231097148	0.805160836153	0.677951420976	0.7383240261	0.705341387144	0.747939062349	0.696229705172	0.887329685839	0.812865804737	1.09812189464	0.881740604157	0.932892044466	0.806047259546	0.742950062832	0.595004195263	0.578400555824	1.29125405027	1.17308569841	0.701866974384	1.10737326728	1.04243403577	0.959435345578	0.928631880135	0.900829811503	0.836450260996	1.04072168681	0.9681959884	0.635697240213	0.69794381827	0.783833349444	0.65526361044	0.548544838086	0.898961314645	0.548694277429	0.875692919285	0.655123736104	0.923946051232
AA4	0.528978806187	0.0	2.18544941518	0.864467162881	0.632032319961	0.633637341711	0.851177713871	0.516975418076	0.687057873369	0.484124006767	0.836283243113	0.467801097148	0.471909574674	1.8637958289	0.29958359594	0.293750309328	0.675697457709	0.668093160947	1.52444450942	1.01692922185	0.816824093765	0.60407619623	0.821445688739	0.790921909135	1.46558867086	0.554807776704	0.678919207347	0.617324920251	0.598397515708	0.626279932334	0.848313257612	0.696473769937	0.647095703238	0.653375166747	0.976999134848	0.70529059449	0.819306926051	0.472258032866	0.633879579507	0.5526039971	0.464930468826	1.14714084099	1.0178820783	0.415091899468	0.984300038666	0.913354581924	0.985818115031	0.844642025133	0.756483958434	0.773942039633	0.979128255196	0.930410879652	0.659433948768	0.676527960367	0.729875944901	0.660655331078	0.445480376994	0.900100845819	0.441258835186	0.822635621073	0.488213697438	0.834241329145
AB3	2.26252574674	2.18544941518	0.0	1.42498888352	2.18710053649	2.43688918318	1.88790384244	2.27848897052	2.34118437893	2.11023235863	2.52906054616	2.26599339294	2.33597027066	0.361022131464	2.13258502658	2.26429177864	2.48460996617	2.49752296278	1.15158485742	1.47695472209	1.95918038183	2.17047767521	2.43375317061	2.3968662204	1.88792900918	2.12898691638	2.37081031416	2.30295539874	1.91361249879	1.80482107298	2.44069121798	2.44234340744	2.28732140648	2.37673606573	2.55096817303	2.44967538908	2.62316940068	1.9995722233	2.51696040116	2.29947050266	2.4051380957	1.27953682939	1.39625746738	2.07349335911	2.72409214113	2.64809541324	2.65653623973	2.67607956984	2.49846076849	2.59737072015	2.75403709038	2.7059400145	2.55818275495	2.61167811986	2.62175612856	2.57442046399	2.30862890285	2.68686490575	2.29358534074	2.64293449009	2.39617419043	2.66900710005
AB4	0.992479879169	0.864467162881	1.42498888352	0.0	0.957758835186	1.12922148864	0.775016766554	1.01120734654	1.13071799903	0.847666481392	1.25569496858	0.9748379942	0.93482737071	1.08798441276	0.831355505075	0.94381622523	1.19486211696	1.19628762204	0.98660659739	0.507739052682	0.896877617206	0.916121454809	1.20542525375	1.13227202997	1.29155605607	0.874790637989	1.12737290478	1.043719739	0.683944330594	0.57958138231	1.24682852102	1.17227092798	1.10826002417	1.14192289029	1.40663756887	1.24943645239	1.39960932334	0.793193885935	1.20729533591	1.01423302562	1.09490249396	0.598633842436	0.517668516191	0.82283358144	1.50084444659	1.41466934268	1.46948699855	1.4054679507	1.29467055099	1.34209737071	1.53007289512	1.49106929435	1.25598308362	1.31140153214	1.34353545191	1.27348709522	1.026179913	1.46671915418	1.00072875302	1.38572250362	1.08879962301	1.40400361044
AC3	0.882524127598	0.632032319961	2.18710053649	0.957758835186	0.0	0.796440236829	0.884076075399	0.781618245529	0.964512194297	0.664336742388	1.05434840019	0.293536897052	0.780116326728	1.87221421943	0.668301609473	0.721267037216	1.00149947318	0.978833542774	1.47635635573	1.0279418898	1.05222434993	0.967781063316	1.23735474142	1.17723456742	1.31853909618	0.814980956984	1.0793797535	1.01436681972	0.898690396327	0.862079743838	1.17410921218	1.03490253262	0.972045316578	0.953139656839	0.855232759787	0.732252880619	0.997750855486	0.71371261479	0.864615418076	0.669597767037	0.754795287579	1.18427200097	1.0900341856	0.622127042049	1.19877310295	1.12563199613	0.901218071532	0.992505799903	0.760242735621	0.829735828903	1.10654767037	0.989665867569	0.771278670855	0.860719188014	0.913269888835	0.779167728371	0.81348582407	0.941414325761	0.813559342678	0.917662440793	0.808810647656	0.947420309328
AC4	0.768615712905	0.633637341711	2.43688918318	1.12922148864	0.796440236829	0.0	1.1581681537	0.376023557274	0.474433890768	0.807716457226	0.351250869985	0.554348840019	0.488738632189	2.11655976317	0.729727278879	0.674263813436	0.550105761237	0.524518168197	1.85870722571	1.34297742871	0.937097936201	0.633772165297	0.638295645239	0.594525582407	1.74318183664	0.777842653456	0.555006234896	0.514812682455	0.700377438376	0.81095621073	0.793365108748	0.566626520058	0.496052397293	0.425083876269	0.995788153697	0.722796307395	0.544430038666	0.666952561624	0.391233305945	0.802463397777	0.551110855486	1.43288086032	1.30515117448	0.628369337844	0.684600744321	0.577583939101	1.02880732721	0.792159937168	0.832419473175	0.754593407443	0.858704755921	0.951740217496	0.577672353794	0.635883330111	0.652989565007	0.643434983084	0.636743499275	0.937727873369	0.64377157564	0.773388264862	0.429634064766	0.789280381827
AD3	0.924255369744	0.851177713871	1.88790384244	0.775016766554	0.884076075399	1.1581681537	0.0	1.03376562107	1.29055521991	0.464835959401	1.37937574674	0.926527694538	1.07516069599	1.56782876752	0.818012261962	0.919570555824	1.25214897535	1.23239330111	1.31754265829	0.853013044949	0.871214509425	0.956995843403	1.35492376027	1.25960550024	1.20960974867	0.85326462059	1.20982532141	1.09944912035	0.915206346061	0.791753286612	1.18824533591	1.14347458676	1.22817882069	1.17193932818	1.23390806187	1.07513706622	1.30858785887	0.768756723055	1.1781857129	0.844043344611	0.991129845336	0.834712532624	0.743662759787	0.767789990333	1.45786362011	1.3829920928	1.35056529241	1.40102940551	1.16462296762	1.21268866602	1.51347932818	1.42766487192	1.19499510391	1.25740820686	1.30210763654	1.18654274045	0.991334881585	1.35542098598	0.988963228613	1.28904031416	1.14630939101	1.35195123248
AD4	0.793323484775	0.516975418076	2.27848897052	1.01120734654	0.781618245529	0.376023557274	1.03376562107	0.0	0.304852508458	0.639767912035	0.502608859352	0.587193160947	0.540938071532	1.95880705172	0.588269521508	0.61675901885	0.596111145481	0.591712938618	1.79789007733	1.27383706138	0.896072619623	0.585923069116	0.594435857902	0.55866502175	1.75323549541	0.75087818753	0.524358550024	0.483670140164	0.550498907685	0.707509850169	0.838679666506	0.632090115998	0.334341657806	0.357119371677	1.06749734654	0.761966718221	0.575752155631	0.49780142581	0.424597868536	0.768194755921	0.558233397777	1.25251559207	1.12278827453	0.530445567907	0.725917380377	0.614801367811	1.10615367811	0.821747834703	0.890880961817	0.863925335911	0.89234661189	1.00953275495	0.664427462542	0.660899801837	0.65772579507	0.702268390527	0.581169724505	1.01340392943	0.608904944418	0.876231841469	0.486767356211	0.843987216046
AE3	0.866662402127	0.687057873369	2.34118437893	1.13071799903	0.964512194297	0.474433890768	1.29055521991	0.304852508458	0.0	0.897763330111	0.413440691155	0.770329178347	0.609308733688	2.02858566941	0.735781295312	0.745856524891	0.540019574674	0.574499540841	1.94481034799	1.42993398743	0.984104132431	0.686868037699	0.459781232479	0.484288385694	1.90515333011	0.90695257129	0.444381072982	0.501107249879	0.682587926535	0.85506741421	0.904398081199	0.68974662639	0.240448066699	0.336647723538	1.19477451426	0.911003044949	0.58456842436	0.685003059449	0.545371643306	0.97460419043	0.691461942968	1.35776875785	1.24712997583	0.710597515708	0.735012034799	0.62049661189	1.23562753021	0.940926520058	1.04319632189	1.0005178927	1.00809713871	1.13965927985	0.785074702755	0.789669023683	0.778614214596	0.830604224263	0.691045529241	1.14913932818	0.716877568874	1.00704347994	0.561980357661	0.978318554857
AE4	0.675229608507	0.484124006767	2.11023235863	0.847666481392	0.664336742388	0.807716457226	0.464835959401	0.639767912035	0.897763330111	0.0	1.01441207347	0.586002300628	0.738523073949	1.79072482359	0.527872745288	0.572090700822	0.860403900435	0.855192102465	1.47385804737	0.966150908652	0.741901546641	0.639894258096	0.972987520541	0.889678994683	1.35385506525	0.541816539391	0.826675432576	0.71908842436	0.609884731754	0.587148801353	0.921996249396	0.802470362494	0.846542029966	0.801008656356	0.956347713871	0.774289719671	0.911188090865	0.500438347028	0.785477322378	0.539497438376	0.633979763171	1.03334088449	0.902262131464	0.471396843886	1.11181625423	1.03299317545	1.03221589657	1.06281083615	0.87396060899	0.913650763654	1.18414549541	1.10136718221	0.853727535041	0.886870874819	0.928411686805	0.836597201547	0.628452619623	1.03490664089	0.622031802803	0.98510781537	0.757047477042	1.01867599807
AF3	0.960983431609	0.836283243113	2.52906054616	1.25569496858	1.05434840019	0.351250869985	1.37937574674	0.502608859352	0.413440691155	1.01441207347	0.0	0.816270381827	0.679455882069	2.21263974867	0.908935152247	0.877694625423	0.520140391493	0.530685113581	2.0343617593	1.5186358869	1.0736339101	0.803631686805	0.411000550991	0.398967085549	1.9792717883	0.986410140164	0.475313450942	0.608291275979	0.813242721121	0.96214322378	0.837438086032	0.642481140648	0.454278646689	0.472643107782	1.16292752054	0.931373837603	0.467123131948	0.826885142581	0.491008767521	1.03379869502	0.748347274045	1.54980296278	1.42871057999	0.836200072499	0.643394523925	0.52092282262	1.18538406477	0.89925582407	1.06704917351	0.958358699855	0.961456408893	1.06784158531	0.747984209763	0.716733040116	0.73254641856	0.763254823586	0.825411159981	1.06352195263	0.837417003383	0.948699105848	0.58534817303	0.913668052199
AF4	0.728026370227	0.467801097148	2.26599339294	0.9748379942	0.293536897052	0.554348840019	0.926527694538	0.587193160947	0.770329178347	0.586002300628	0.816270381827	0.0	0.58722179797	1.94943849203	0.540520865152	0.564088844853	0.83290662639	0.810645355244	1.5898920638	1.08855356694	0.926390845819	0.770176384727	1.04289178347	0.982495911068	1.44032458676	0.639415640406	0.887037868536	0.826410947318	0.781416128565	0.738592165297	1.00608778154	0.857145384244	0.774455698405	0.749810657322	0.799088815853	0.557795113581	0.781445413243	0.610201507975	0.677000144998	0.584571599807	0.581211623973	1.23591898985	1.13570852102	0.500332803287	0.974475606573	0.899985993233	0.839324567424	0.835576694055	0.630792692122	0.675996157564	0.962637240213	0.861025635573	0.608404161431	0.694907095215	0.761668632189	0.628175074915	0.645720923151	0.809983218946	0.643286727888	0.751017317545	0.629232078299	0.78920301595
AG3	0.720227984534	0.471909574674	2.33597027066	0.93482737071	0.780116326728	0.488738632189	1.07516069599	0.540938071532	0.609308733688	0.738523073949	0.679455882069	0.58722179797	0.0	1.99870649589	0.510769101015	0.543942300628	0.585746452392	0.570098801353	1.73580205897	1.22049739488	0.934021884969	0.631601121315	0.746390952151	0.736215514741	1.61136536974	0.68360077332	0.627658883519	0.581335983567	0.682874098598	0.7753340116	0.837278511358	0.662732440793	0.606264117931	0.554605611406	0.995557303045	0.747765640406	0.742605761237	0.614791261479	0.549712344128	0.737839961334	0.481939241179	1.3341317593	1.21174725471	0.591906065732	0.882878757854	0.80114138231	0.972580894152	0.772690778154	0.788071532141	0.741980024166	0.902141522475	0.876430246496	0.560070502658	0.627584871919	0.695915891735	0.596122508458	0.476197481875	0.89534619623	0.478253987434	0.762704731754	0.383211942968	0.761420715321
AG4	1.94289852102	1.8637958289	0.361022131464	1.08798441276	1.87221421943	2.11655976317	1.56782876752	1.95880705172	2.02858566941	1.79072482359	2.21263974867	1.94943849203	1.99870649589	0.0	1.81820116481	1.94121703238	2.17181866119	2.17942876752	0.915256442726	1.16993	1.64202159497	1.85007770904	2.11703044949	2.080279826	1.6414741566	1.81193717738	2.05130642339	1.98262579507	1.60220885935	1.49147232963	2.137639797	2.12502259062	1.97504855486	2.05480107782	2.24366405027	2.1393877477	2.31642324795	1.68529072982	2.19597877235	1.97960838086	2.08431718221	0.974033247946	1.09525342194	1.75736505075	2.40557738521	2.3280480522	2.33275149831	2.35494554857	2.17516601257	2.27451904785	2.43387718221	2.38388865152	2.2352938956	2.28965522475	2.305400058	2.25333616723	1.99236508942	2.36731580474	1.97674077332	2.31984241179	2.07466880135	2.34819530208
AH3	0.783530270662	0.29958359594	2.13258502658	0.831355505075	0.668301609473	0.729727278879	0.818012261962	0.588269521508	0.735781295312	0.527872745288	0.908935152247	0.540520865152	0.510769101015	1.81820116481	0.0	0.530979666506	0.803762522958	0.804347119381	1.56074706138	1.0567879362	0.864658883519	0.715600584824	0.91647500725	0.906810106332	1.48412493958	0.694137404543	0.791127520541	0.730825219913	0.663049898502	0.663289173514	1.03252117448	0.882209275012	0.685550628323	0.698495756404	1.0122237941	0.767093571774	0.913185872402	0.468282286129	0.760022663122	0.661309497342	0.595110004833	1.08558321895	0.964462754954	0.43712240696	1.06900274529	0.998689207347	1.04161452876	0.913766491058	0.818399511841	0.857138211696	1.04471470275	1.00285765587	0.786161749638	0.822636534558	0.840892087965	0.784099768004	0.582271358144	0.972254572257	0.575328443693	0.89430420493	0.629445355244	0.904055451909
AH4	0.289419980667	0.293750309328	2.26429177864	0.94381622523	0.721267037216	0.674263813436	0.919570555824	0.61675901885	0.745856524891	0.572090700822	0.877694625423	0.564088844853	0.543942300628	1.94121703238	0.530979666506	0.0	0.661116428226	0.645138066699	1.49517790237	1.05014102948	0.86719958434	0.620095369744	0.827800135331	0.774653156114	1.42690120348	0.589379507008	0.685650840986	0.608142982117	0.660392909618	0.678649661672	0.794983508942	0.639648052199	0.731119826003	0.699238999517	1.00171505075	0.745241290478	0.834633919768	0.632476549058	0.624134664089	0.483267114548	0.43413937651	1.25742554374	1.12665862252	0.54403500725	1.00720117448	0.945982194297	0.901725553407	0.791039342678	0.787410082165	0.727609816336	0.913225418076	0.85221679072	0.559482286129	0.596561179314	0.673438927018	0.567431101982	0.378801889802	0.81271640406	0.392066901885	0.766598429193	0.524433431609	0.776534963751
AA7	0.775125669406	0.675697457709	2.48460996617	1.19486211696	1.00149947318	0.550105761237	1.25214897535	0.596111145481	0.540019574674	0.860403900435	0.520140391493	0.83290662639	0.585746452392	2.17181866119	0.803762522958	0.661116428226	0.0	0.145183871435	1.82618130014	1.34102471725	0.998877462542	0.633563929435	0.477257278879	0.461637046883	1.77533623006	0.825415935234	0.383466718221	0.413215775737	0.735390961817	0.893057245046	0.643322131464	0.386595886902	0.501075500242	0.506076220396	1.20818247946	0.985534393427	0.553971043983	0.840897008217	0.488249246013	0.908415210246	0.680779574674	1.49961933301	1.3853619333	0.812982194297	0.776473320445	0.658431333978	1.11934337361	0.853218931851	1.07489942484	0.950594934751	0.905822474625	1.01143684389	0.694326708555	0.668660749154	0.676550057999	0.6978479942	0.529490758821	0.995909864669	0.530981193813	0.940753716771	0.480065355244	0.877188743354
AA8	0.756548448526	0.668093160947	2.49752296278	1.19628762204	0.978833542774	0.524518168197	1.23239330111	0.591712938618	0.574499540841	0.855192102465	0.530685113581	0.810645355244	0.570098801353	2.17942876752	0.804347119381	0.645138066699	0.145183871435	0.0	1.81805500242	1.33461814886	0.974185016916	0.625417042049	0.49640882552	0.483947075882	1.74372473175	0.806008622523	0.40914861769	0.397490212663	0.723791488642	0.882078322861	0.609065538908	0.336688748188	0.53320979217	0.515790473659	1.18661724505	0.972396031899	0.564163827936	0.845718869019	0.459259555341	0.875726486225	0.659979270179	1.51326677139	1.39689299662	0.805351150314	0.755876118898	0.651653571774	1.0906477187	0.824517361044	1.04723329145	0.927153837603	0.866367583374	0.978629144514	0.660335297245	0.63197380377	0.64790481392	0.674299975834	0.538365244079	0.965522464959	0.54652962784	0.917971913968	0.447293412276	0.846223721605
AB7	1.47911346544	1.52444450942	1.15158485742	0.98660659739	1.47635635573	1.85870722571	1.31754265829	1.79789007733	1.94481034799	1.47385804737	2.0343617593	1.5898920638	1.73580205897	0.915256442726	1.56074706138	1.49517790237	1.82618130014	1.81805500242	0.0	0.569283707105	1.49901353311	1.59806817786	1.97947217013	1.89554516191	1.08280304012	1.4319657129	1.84047094732	1.73723957951	1.38907700822	1.20961501692	1.73259273079	1.7337460029	1.88231415176	1.8984362349	1.89197128081	1.80993485259	1.99426388594	1.51076936684	1.86268147898	1.51348250362	1.66813857419	0.989695558241	1.01861546158	1.51090033349	2.17975531658	2.1176060899	1.92599459159	1.99725797003	1.80232493958	1.8524818028	2.08597306428	1.99737928468	1.83237863219	1.8672380667	1.8861018173	1.81613403093	1.63332869502	1.94894493958	1.62127756404	1.90729141131	1.7545781682	1.9600858579
AB8	1.06263734654	1.01692922185	1.47695472209	0.507739052682	1.0279418898	1.34297742871	0.853013044949	1.27383706138	1.42993398743	0.966150908652	1.5186358869	1.08855356694	1.22049739488	1.16993	1.0567879362	1.05014102948	1.34102471725	1.33461814886	0.569283707105	0.0	1.0353121943	1.08449490092	1.45840553407	1.37068935234	1.0967317448	0.933802276462	1.31787964234	1.21463318511	0.845758965684	0.682157660706	1.27305890285	1.24157775254	1.37227870952	1.38084071532	1.42689274529	1.31867936201	1.49124849203	0.994631633639	1.37574319478	1.06097465926	1.20420834219	0.732773349444	0.687553852102	0.997231068149	1.67851172547	1.60528901402	1.53140271629	1.53573283229	1.3535018028	1.4016900435	1.6374621653	1.56413931851	1.39310952151	1.41351379894	1.43933112131	1.38535362977	1.16720937651	1.52597866119	1.15169157564	1.46025850169	1.24453698405	1.50452246979
AC7	0.82357242146	0.816824093765	1.95918038183	0.896877617206	1.05222434993	0.937097936201	0.871214509425	0.896072619623	0.984104132431	0.741901546641	1.0736339101	0.926390845819	0.934021884969	1.64202159497	0.864658883519	0.86719958434	0.998877462542	0.974185016916	1.49901353311	1.0353121943	0.0	0.472733378444	1.00329750604	0.939581459642	1.41095739488	0.684109966167	0.944128637023	0.798506578057	0.583005476075	0.574874475592	0.882724494925	0.829954287095	0.917217283712	0.913504693088	1.2858459159	1.12862476075	1.17716605123	0.812129434509	1.03966144998	0.971585819236	0.970747409377	1.15231176897	1.08669338328	0.751397008217	1.12476693572	1.05191671339	1.47169820686	1.4173518898	1.22708374094	1.26220014016	1.5328077477	1.49110226196	1.13881431126	1.18009599807	1.2535057129	1.16778654906	0.919789516675	1.43719178347	0.898244436926	1.32092692605	0.942335306912	1.39641313678
AC8	0.687256143064	0.60407619623	2.17047767521	0.916121454809	0.967781063316	0.633772165297	0.956995843403	0.585923069116	0.686868037699	0.639894258096	0.803631686805	0.770176384727	0.631601121315	1.85007770904	0.715600584824	0.620095369744	0.633563929435	0.625417042049	1.59806817786	1.08449490092	0.472733378444	0.0	0.702911715805	0.639804717255	1.50084366844	0.563805886902	0.522596921218	0.394163378444	0.438455413243	0.572298844853	0.634711996133	0.517461285645	0.622327839536	0.60461500725	1.11575986467	0.844504818753	0.82947361044	0.653891242146	0.690410236829	0.794771377477	0.671211623973	1.21089696955	1.0909142726	0.62339	0.891752890285	0.801684572257	1.24933100532	1.0439681392	1.00813550507	0.979373025616	1.15411434993	1.16225127115	0.806399772837	0.825214490092	0.88741618173	0.832495142581	0.552398052199	1.14830501692	0.546186669889	0.989815645239	0.5829120203	1.02106807153
AD7	0.925091754471	0.821445688739	2.43375317061	1.20542525375	1.23735474142	0.638295645239	1.35492376027	0.594435857902	0.459781232479	0.972987520541	0.411000550991	1.04289178347	0.746390952151	2.11703044949	0.91647500725	0.827800135331	0.477257278879	0.49640882552	1.97947217013	1.45840553407	1.00329750604	0.702911715805	0.0	0.18606622523	1.94523568391	0.911498753021	0.3489260174	0.485173006283	0.704148221363	0.888862566457	0.771063044949	0.568923102948	0.461414258096	0.513805621073	1.34959062349	1.11528740938	0.630814673755	0.862414403093	0.653653475109	1.05784721121	0.853631556307	1.46295690188	1.34365457226	0.886270792653	0.776888327695	0.66369081682	1.36236931368	1.05020698888	1.24820964717	1.15235993717	1.09421949251	1.23700706622	0.91878659739	0.864300618656	0.858330236829	0.939163339778	0.770600004833	1.24278436926	0.783967259546	1.1422762059	0.639511314645	1.07169846303
AD8	0.851669250846	0.790921909135	2.3968662204	1.13227202997	1.17723456742	0.594525582407	1.25960550024	0.55866502175	0.484288385694	0.889678994683	0.398967085549	0.982495911068	0.736215514741	2.080279826	0.906810106332	0.774653156114	0.461637046883	0.483947075882	1.89554516191	1.37068935234	0.939581459642	0.639804717255	0.18606622523	0.0	1.82399733688	0.793484891252	0.314249903335	0.43826341711	0.624107902368	0.798667129048	0.691741507975	0.503241169647	0.484145548574	0.516346491058	1.31666911551	1.070529913	0.607645635573	0.808562706622	0.61255881102	0.994540821653	0.809073905268	1.42226757371	1.3002722813	0.823766114065	0.779764084099	0.660501536974	1.31985880619	1.03211175447	1.20554061866	1.0991597825	1.08811303528	1.21378259062	0.878955084582	0.831265751571	0.841684649589	0.896748076365	0.743125727405	1.21346059932	0.754546515225	1.09374685839	0.613879144514	1.05196542291
AE7	1.3929882987	1.46558867086	1.88792900918	1.29155605607	1.31853909618	1.74318183664	1.20960974867	1.75323549541	1.90515333011	1.35385506525	1.9792717883	1.44032458676	1.61136536974	1.6414741566	1.48412493958	1.42690120348	1.77533623006	1.74372473175	1.08280304012	1.0967317448	1.41095739488	1.50084366844	1.94523568391	1.82399733688	0.0	1.05629483325	1.80495442243	1.68894197197	1.40104869986	1.2896479652	1.5781041131	1.62445849686	1.8569878347	1.83410231996	1.72470564041	1.68783538908	1.91450046883	1.52827242629	1.79313495892	1.35803575157	1.59206840019	1.46917371677	1.44003050749	1.45623912035	2.04710888352	1.99238048816	1.7029498115	1.87126906235	1.62907385694	1.66528564524	1.98107176414	1.82426009183	1.68643612373	1.72618107782	1.77319363461	1.65291242146	1.58422262929	1.76755900918	1.57079309328	1.73530229096	1.69203555341	1.82284219913
AE8	0.615231097148	0.554807776704	2.12898691638	0.874790637989	0.814980956984	0.777842653456	0.85326462059	0.75087818753	0.90695257129	0.541816539391	0.986410140164	0.639415640406	0.68360077332	1.81193717738	0.694137404543	0.589379507008	0.825415935234	0.806008622523	1.4319657129	0.933802276462	0.684109966167	0.563805886902	0.911498753021	0.793484891252	1.05629483325	0.0	0.807127061382	0.690355877235	0.587004335428	0.534699685839	0.750381034316	0.700977921701	0.860782387627	0.833263204447	1.11613609473	0.905455384244	0.957078453359	0.690889241179	0.836793504108	0.667778743354	0.713514997583	1.17849700822	1.06304265346	0.630353228613	1.125229942	1.04988365394	1.15337301595	1.09610637023	0.940362474625	0.967198458192	1.21529905752	1.17665033349	0.890316350894	0.905093910101	0.947056906718	0.89123982117	0.691911314645	1.12680934751	0.67620497825	1.00332440309	0.730426413726	1.07574374094
AF7	0.805160836153	0.678919207347	2.37081031416	1.12737290478	1.0793797535	0.555006234896	1.20982532141	0.524358550024	0.444381072982	0.826675432576	0.475313450942	0.887037868536	0.627658883519	2.05130642339	0.791127520541	0.685650840986	0.383466718221	0.40914861769	1.84047094732	1.31787964234	0.944128637023	0.522596921218	0.3489260174	0.314249903335	1.80495442243	0.807127061382	0.0	0.251409386177	0.617160937651	0.786024166264	0.679566616723	0.493781184147	0.423950318995	0.452923837603	1.19551709522	0.944272904785	0.554758303528	0.73982640406	0.553896273562	0.92083677622	0.694948922185	1.40776811986	1.28201383277	0.747594625423	0.777026940551	0.663990763654	1.22150658289	0.948335635573	1.08798299178	1.00782047366	0.99416301595	1.1123619188	0.792464852586	0.765648453359	0.770844664089	0.819656665056	0.594775147414	1.11720017883	0.611718197197	1.00639060416	0.498962368294	0.958335625906
AF8	0.677951420976	0.617324920251	2.30295539874	1.043719739	1.01436681972	0.514812682455	1.09944912035	0.483670140164	0.501107249879	0.71908842436	0.608291275979	0.826410947318	0.581335983567	1.98262579507	0.730825219913	0.608142982117	0.413215775737	0.397490212663	1.73723957951	1.21463318511	0.798506578057	0.394163378444	0.485173006283	0.43826341711	1.68894197197	0.690355877235	0.251409386177	0.0	0.53117942001	0.696001401643	0.665896360561	0.448017443209	0.445865224746	0.442872769454	1.15059468826	0.896330217496	0.622516118898	0.706018361527	0.533202643789	0.833022353794	0.639516665056	1.32449891735	1.19991343644	0.686721304978	0.825171454809	0.726936524891	1.18465564041	0.93010781537	1.0160438811	0.97042757854	0.971824185597	1.08401576124	0.739269511841	0.750216408893	0.767827322378	0.793954538424	0.509866727888	1.08396576607	0.517144393427	0.97213319478	0.476652054132	0.934265843403
AG7	0.7383240261	0.598397515708	1.91361249879	0.683944330594	0.898690396327	0.700377438376	0.915206346061	0.550498907685	0.682587926535	0.609884731754	0.813242721121	0.781416128565	0.682874098598	1.60220885935	0.663049898502	0.660392909618	0.735390961817	0.723791488642	1.38907700822	0.845758965684	0.583005476075	0.438455413243	0.704148221363	0.624107902368	1.40104869986	0.587004335428	0.617160937651	0.53117942001	0.0	0.247525828903	0.779352706622	0.65659622523	0.623961077815	0.689603972934	1.24084041083	0.957795843403	0.895729178347	0.501912029966	0.770812319961	0.841709951667	0.753793078782	1.00917859836	0.886757960367	0.50225942001	1.04634689222	0.950174746254	1.33246056066	1.10501071532	1.12456655872	1.09173036249	1.21717381344	1.22750152247	0.898649550507	0.918727477042	0.966052474625	0.931337805703	0.669380550991	1.23006286612	0.659844151764	1.09540757854	0.68842420493	1.10119246496
AG8	0.705341387144	0.626279932334	1.80482107298	0.57958138231	0.862079743838	0.81095621073	0.791753286612	0.707509850169	0.85506741421	0.587148801353	0.96214322378	0.738592165297	0.7753340116	1.49147232963	0.663289173514	0.678649661672	0.893057245046	0.882078322861	1.20961501692	0.682157660706	0.574874475592	0.572298844853	0.888862566457	0.798667129048	1.2896479652	0.534699685839	0.786024166264	0.696001401643	0.247525828903	0.0	0.90358919768	0.811440749154	0.806945785404	0.820969695505	1.2260977622	0.996906534558	1.04569966651	0.501534659256	0.893666732721	0.80564662639	0.82240218463	0.911876307395	0.789444765587	0.50522757854	1.18326902852	1.08902724505	1.31087703238	1.21580115515	1.10175321895	1.13215479942	1.3257237216	1.30128075882	1.01748812953	1.03198481875	1.07881951184	1.02850550024	0.778132798453	1.25791040599	0.758439192847	1.17452572257	0.792738066699	1.20200580474
AH7	0.747939062349	0.848313257612	2.44069121798	1.24682852102	1.17410921218	0.793365108748	1.18824533591	0.838679666506	0.904398081199	0.921996249396	0.837438086032	1.00608778154	0.837278511358	2.137639797	1.03252117448	0.794983508942	0.643322131464	0.609065538908	1.73259273079	1.27305890285	0.882724494925	0.634711996133	0.771063044949	0.691741507975	1.5781041131	0.750381034316	0.679566616723	0.665896360561	0.779352706622	0.90358919768	0.0	0.317746959884	0.887720164331	0.867371227646	1.17428495892	1.01540984534	0.817928632189	0.965966167231	0.744025577574	0.972161121315	0.826457791203	1.50047476559	1.3905417738	0.950967602707	0.977068153697	0.907072324795	1.25609473659	1.0327898985	1.1685257999	1.02690154181	1.13247171097	1.17371957467	0.855662373127	0.821266263896	0.856055263412	0.85454117448	0.763840082165	1.16767980667	0.767192102465	1.01564660706	0.709310309328	1.04260410826
AH8	0.696229705172	0.696473769937	2.44234340744	1.17227092798	1.03490253262	0.566626520058	1.14347458676	0.632090115998	0.68974662639	0.802470362494	0.642481140648	0.857145384244	0.662732440793	2.12502259062	0.882209275012	0.639648052199	0.386595886902	0.336688748188	1.7337460029	1.24157775254	0.829954287095	0.517461285645	0.568923102948	0.503241169647	1.62445849686	0.700977921701	0.493781184147	0.448017443209	0.65659622523	0.811440749154	0.317746959884	0.0	0.66412439826	0.629456863219	1.14765987434	0.931745137748	0.660423170614	0.847959304012	0.520592247463	0.840161894635	0.679263020783	1.46821153697	1.3498478637	0.819364925085	0.793194949251	0.718108081199	1.15859054132	0.91801540841	1.04442985017	0.922823523441	0.970780352827	1.07612469792	0.717835065249	0.697040927985	0.713750671822	0.741564006767	0.610815838569	1.06664927018	0.615378656356	0.925782566457	0.517484055099	0.932394229096
AA5	0.887329685839	0.647095703238	2.28732140648	1.10826002417	0.972045316578	0.496052397293	1.22817882069	0.334341657806	0.240448066699	0.846542029966	0.454278646689	0.774455698405	0.606264117931	1.97504855486	0.685550628323	0.731119826003	0.501075500242	0.53320979217	1.88231415176	1.37227870952	0.917217283712	0.622327839536	0.461414258096	0.484145548574	1.8569878347	0.860782387627	0.423950318995	0.445865224746	0.623961077815	0.806945785404	0.887720164331	0.66412439826	0.0	0.254996215563	1.2012659739	0.896298902852	0.610071348478	0.606834780087	0.590087733204	0.906537776704	0.670390280329	1.27377541324	1.16639914451	0.641880430159	0.739207109715	0.625473504108	1.27708362977	1.00119002417	1.06174284195	1.0387721073	1.06198834703	1.18136280329	0.813889719671	0.823140782987	0.808288284195	0.866344944418	0.628507670372	1.18184598357	0.651304601257	1.03945697922	0.552037936201	1.01668049299
AA6	0.812865804737	0.653375166747	2.37673606573	1.14192289029	0.953139656839	0.425083876269	1.17193932818	0.357119371677	0.336647723538	0.801008656356	0.472643107782	0.749810657322	0.554605611406	2.05480107782	0.698495756404	0.699238999517	0.506076220396	0.515790473659	1.8984362349	1.38084071532	0.913504693088	0.60461500725	0.513805621073	0.516346491058	1.83410231996	0.833263204447	0.452923837603	0.442872769454	0.689603972934	0.820969695505	0.867371227646	0.629456863219	0.254996215563	0.0	1.08550412276	0.797142474625	0.535882382794	0.598426027066	0.491351681972	0.860149903335	0.560931435476	1.36305467376	1.23149768971	0.630557931368	0.550555070082	0.449743156114	1.1537102755	0.899867467376	0.950066288062	0.898668110198	0.963861391977	1.07086114548	0.700196191397	0.716612426293	0.715710918318	0.750936752054	0.590498898018	1.05089139198	0.623638854519	0.91134240696	0.475570778154	0.903760314161
AB5	1.09812189464	0.976999134848	2.55096817303	1.40663756887	0.855232759787	0.995788153697	1.23390806187	1.06749734654	1.19477451426	0.956347713871	1.16292752054	0.799088815853	0.995557303045	2.24366405027	1.0122237941	1.00171505075	1.20818247946	1.18661724505	1.89197128081	1.42689274529	1.2858459159	1.11575986467	1.34959062349	1.31666911551	1.72470564041	1.11613609473	1.19551709522	1.15059468826	1.24084041083	1.2260977622	1.17428495892	1.14765987434	1.2012659739	1.08550412276	0.0	0.384942788787	0.934528264862	1.0384298115	0.967981971967	0.875986070565	0.860605727405	1.59772116481	1.48324693572	1.00254582407	0.98172222813	0.983082754954	0.813804780087	0.948971599807	0.740460599323	0.735853189947	1.05936857902	0.92357502175	0.820911043983	0.915322493958	0.904532440793	0.865391159981	1.01051713388	0.858160154664	1.01444903818	0.823222286129	0.990393228613	0.897486109232
AB6	0.881740604157	0.70529059449	2.44967538908	1.24943645239	0.732252880619	0.722796307395	1.07513706622	0.761966718221	0.911003044949	0.774289719671	0.931373837603	0.557795113581	0.747765640406	2.1393877477	0.767093571774	0.745241290478	0.985534393427	0.972396031899	1.80993485259	1.31867936201	1.12862476075	0.844504818753	1.11528740938	1.070529913	1.68783538908	0.905455384244	0.944272904785	0.896330217496	0.957795843403	0.996906534558	1.01540984534	0.931745137748	0.896298902852	0.797142474625	0.384942788787	0.0	0.723780024166	0.73327821653	0.741168066699	0.71966217013	0.604630159497	1.44287665539	1.33143187047	0.698913436443	0.798924282262	0.776582798453	0.76917900435	0.750014939584	0.565746887385	0.522543653939	0.873719043016	0.759594069599	0.597249569841	0.712993334944	0.711014514258	0.660865471242	0.7238220203	0.7008260174	0.731588066699	0.614963305945	0.754052344128	0.69917661189
AC5	0.932892044466	0.819306926051	2.62316940068	1.39960932334	0.997750855486	0.544430038666	1.30858785887	0.575752155631	0.58456842436	0.911188090865	0.467123131948	0.781445413243	0.742605761237	2.31642324795	0.913185872402	0.834633919768	0.553971043983	0.564163827936	1.99426388594	1.49124849203	1.17716605123	0.82947361044	0.630814673755	0.607645635573	1.91450046883	0.957078453359	0.554758303528	0.622516118898	0.895729178347	1.04569966651	0.817928632189	0.660423170614	0.610071348478	0.535882382794	0.934528264862	0.723780024166	0.0	0.79432257129	0.462700860319	0.922385896568	0.676164693088	1.64614920735	1.50071664089	0.807645447076	0.537046500725	0.426713513775	0.977687109715	0.70815739971	0.884988748188	0.775397646206	0.759582634123	0.857825654906	0.587838525858	0.539883885935	0.544181072982	0.60301022233	0.758131169647	0.848450004833	0.783040396327	0.771440894152	0.593257955534	0.714727114548
AC6	0.806047259546	0.472258032866	1.9995722233	0.793193885935	0.71371261479	0.666952561624	0.768756723055	0.49780142581	0.685003059449	0.500438347028	0.826885142581	0.610201507975	0.614791261479	1.68529072982	0.468282286129	0.632476549058	0.840897008217	0.845718869019	1.51076936684	0.994631633639	0.812129434509	0.653891242146	0.862414403093	0.808562706622	1.52827242629	0.690889241179	0.73982640406	0.706018361527	0.501912029966	0.501534659256	0.965966167231	0.847959304012	0.606834780087	0.598426027066	1.0384298115	0.73327821653	0.79432257129	0.0	0.719966205897	0.719255456742	0.60227179797	0.894874997583	0.750689352344	0.282496447559	0.99858322378	0.894676346061	1.13742757371	1.01429345578	0.920246263896	0.919380913485	1.12086492508	1.08025565974	0.822496524891	0.866023392943	0.901919110681	0.831462692122	0.628891971967	1.03830715321	0.640839845336	0.96720078782	0.642561329145	0.984772721121
AD6	0.742950062832	0.633879579507	2.51696040116	1.20729533591	0.864615418076	0.391233305945	1.1781857129	0.424597868536	0.545371643306	0.785477322378	0.491008767521	0.677000144998	0.549712344128	2.19597877235	0.760022663122	0.624134664089	0.488249246013	0.459259555341	1.86268147898	1.37574319478	1.03966144998	0.690410236829	0.653653475109	0.61255881102	1.79313495892	0.836793504108	0.553896273562	0.533202643789	0.770812319961	0.893666732721	0.744025577574	0.520592247463	0.590087733204	0.491351681972	0.967981971967	0.741168066699	0.462700860319	0.719966205897	0.0	0.734499526341	0.402000439826	1.51881818753	1.38779110198	0.717475036249	0.673539424843	0.575838037699	0.879328772354	0.62351101015	0.829382522958	0.681616621556	0.699008405027	0.797618376027	0.467035316578	0.447915089415	0.483976423393	0.494958506525	0.541512358627	0.784165132914	0.557601836636	0.673663281779	0.359949149348	0.64826318028
AE5	0.595004195263	0.5526039971	2.29947050266	1.01423302562	0.669597767037	0.802463397777	0.844043344611	0.768194755921	0.97460419043	0.539497438376	1.03379869502	0.584571599807	0.737839961334	1.97960838086	0.661309497342	0.483267114548	0.908415210246	0.875726486225	1.51348250362	1.06097465926	0.971585819236	0.794771377477	1.05784721121	0.994540821653	1.35803575157	0.667778743354	0.92083677622	0.833022353794	0.841709951667	0.80564662639	0.972161121315	0.840161894635	0.906537776704	0.860149903335	0.875986070565	0.71966217013	0.922385896568	0.719255456742	0.734499526341	0.0	0.424140903818	1.24041223296	1.13477435959	0.608781918801	1.13619307395	1.07982684389	0.88755940551	0.922393929435	0.789100164331	0.739161918801	1.0568340696	0.946707530208	0.670070096665	0.738944494925	0.842120309328	0.671035239246	0.571163214113	0.886544533591	0.574309386177	0.808723494442	0.707618139198	0.883601063316
AE6	0.578400555824	0.464930468826	2.4051380957	1.09490249396	0.754795287579	0.551110855486	0.991129845336	0.558233397777	0.691461942968	0.633979763171	0.748347274045	0.581211623973	0.481939241179	2.08431718221	0.595110004833	0.43413937651	0.680779574674	0.659979270179	1.66813857419	1.20420834219	0.970747409377	0.671211623973	0.853631556307	0.809073905268	1.59206840019	0.713514997583	0.694948922185	0.639516665056	0.753793078782	0.82240218463	0.826457791203	0.679263020783	0.670390280329	0.560931435476	0.860605727405	0.604630159497	0.676164693088	0.60227179797	0.402000439826	0.424140903818	0.0	1.37006044466	1.23562878685	0.573800038666	0.845269753504	0.781892590623	0.850611068149	0.694491101982	0.701640845819	0.582578385694	0.82769762204	0.782334601257	0.459750758821	0.499517945868	0.574334707588	0.473801585307	0.410857573707	0.752096766554	0.429043697438	0.624718086032	0.436377554374	0.684294668922
AF5	1.29125405027	1.14714084099	1.27953682939	0.598633842436	1.18427200097	1.43288086032	0.834712532624	1.25251559207	1.35776875785	1.03334088449	1.54980296278	1.23591898985	1.3341317593	0.974033247946	1.08558321895	1.25742554374	1.49961933301	1.51326677139	0.989695558241	0.732773349444	1.15231176897	1.21089696955	1.46295690188	1.42226757371	1.46917371677	1.17849700822	1.40776811986	1.32449891735	1.00917859836	0.911876307395	1.50047476559	1.46821153697	1.27377541324	1.36305467376	1.59772116481	1.44287665539	1.64614920735	0.894874997583	1.51881818753	1.24041223296	1.37006044466	0.0	0.192090217496	0.9869459739	1.74758839053	1.6656557129	1.72377692605	1.70417766554	1.56388234413	1.62170534558	1.80495471242	1.77685580957	1.55199454809	1.6250037071	1.65099654422	1.57490344128	1.28850634123	1.73856732238	1.27356652972	1.67478361527	1.41220031899	1.6919078927
AF6	1.17308569841	1.0178820783	1.39625746738	0.517668516191	1.0900341856	1.30515117448	0.743662759787	1.12278827453	1.24712997583	0.902262131464	1.42871057999	1.13570852102	1.21174725471	1.09525342194	0.964462754954	1.12665862252	1.3853619333	1.39689299662	1.01861546158	0.687553852102	1.08669338328	1.0909142726	1.34365457226	1.3002722813	1.44003050749	1.06304265346	1.28201383277	1.19991343644	0.886757960367	0.789444765587	1.3905417738	1.3498478637	1.16639914451	1.23149768971	1.48324693572	1.33143187047	1.50071664089	0.750689352344	1.38779110198	1.13477435959	1.23562878685	0.192090217496	0.0	0.851249724505	1.61779896568	1.5314362929	1.61079686805	1.58071869986	1.45048364911	1.50619096182	1.67802743354	1.66546545674	1.42232439826	1.48985655389	1.51358089415	1.44132635089	1.15559449009	1.62657760754	1.1403719623	1.55300919285	1.28151363944	1.57522224746
AG5	0.701866974384	0.415091899468	2.07349335911	0.82283358144	0.622127042049	0.628369337844	0.767789990333	0.530445567907	0.710597515708	0.471396843886	0.836200072499	0.500332803287	0.591906065732	1.75736505075	0.43712240696	0.54403500725	0.812982194297	0.805351150314	1.51090033349	0.997231068149	0.751397008217	0.62339	0.886270792653	0.823766114065	1.45623912035	0.630353228613	0.747594625423	0.686721304978	0.50225942001	0.50522757854	0.950967602707	0.819364925085	0.641880430159	0.630557931368	1.00254582407	0.698913436443	0.807645447076	0.282496447559	0.717475036249	0.608781918801	0.573800038666	0.9869459739	0.851249724505	0.0	0.977087636539	0.906406220396	1.0727637216	0.983793073949	0.857992967617	0.86707059449	1.11079339778	1.05050897535	0.746347617206	0.813790927985	0.886889458676	0.762427626873	0.580159284679	0.998435219913	0.5865340116	0.903508941518	0.636190942484	0.965575993233
