	AA3	AA4	AB3	AB4	AC3	AC4	AD3	AD4	AE3	AE4	AF3	AF4	AG3	AG4	AH3	AH4	AA7	AA8	AB7	AB8	AC7	AC8	AD7	AD8	AE7	AE8	AF7	AF8	AG7	AG8	AH7	AH8	AA5	AA6	AB5	AB6	AC5	AC6	AD6	AE5	AE6	AF5	AF6	AG5	AH5	AH6	AA1	AA2	AB1	AB2	AC1	AC2	AD1	AD2	AE1	AE2	AF1	AF2	AG1	AG2	AH1	AH2
AA3	0.0	0.553032919285	2.27673631223	0.991149748671	0.866411652972	0.761816761721	0.899746172064	0.761912677622	0.858596433059	0.699259497342	0.952588743354	0.760856645723	0.701807651039	1.92278864186	0.732631101982	0.275334775254	0.749952179797	0.789897051716	1.42117632673	0.990283412276	0.802699352344	0.645125621073	0.824018506525	0.846031657806	1.38316514741	0.569278110198	0.781198559691	0.646575012083	0.696650463992	0.672796399227	0.728052493958	0.645983615273	0.847878177864	0.838323687772	1.09056757371	0.891056350894	0.947969898502	0.768041333978	0.71742520058	0.57027262929	0.545640613823	1.31719982117	1.1849982987	0.676112141131	1.12649633156	1.04843256646	1.02182541808	0.929152141131	0.896320478492	0.847318119865	1.07051660706	0.968692899952	0.609323044949	0.729320753987	0.713700942484	0.637615978734	0.525864973417	0.89511101015	0.512532092798	0.900512145964	0.640045534074	0.937641445143
AA4	0.553032919285	0.0	2.28301019816	0.920658695022	0.684717332044	0.548827709038	0.899559971	0.456313794103	0.647404287095	0.627182295795	0.781158733688	0.494077684872	0.407437225713	1.92899425326	0.288541894635	0.335278724021	0.626510096665	0.659618931851	1.5728658144	1.06142699372	0.874134243596	0.635122000967	0.776766234896	0.780848637023	1.53662271629	0.635609463509	0.662569922668	0.602669961334	0.664850555824	0.702898366361	0.860152711455	0.698786848719	0.576705683905	0.595505123248	0.952393871435	0.68937698405	0.745875287579	0.502851266312	0.572748801353	0.544161633639	0.385874480425	1.27517201547	1.11146213146	0.43433580957	0.93005319478	0.834408917351	0.99374680522	0.794063504108	0.731839052682	0.727425867569	0.959257317545	0.86951159014	0.558380275495	0.636863069116	0.636905654906	0.589934417593	0.417559052682	0.814892609956	0.407713025616	0.771727733204	0.471820753987	0.791653204447
AB3	2.27673631223	2.28301019816	0.0	1.46748795553	2.20392738521	2.41906105848	1.9403562204	2.31275554374	2.37677795553	2.10113858386	2.53219722571	2.32738285645	2.32632141131	0.392926384727	2.1618078202	2.2864877042	2.48921091832	2.53835349928	1.2268842581	1.55337608023	1.99426082649	2.16528604157	2.42422485259	2.42496497342	1.91833034316	2.18819173514	2.43315354761	2.31375366361	1.87679942968	1.82774843886	2.45913092315	2.44436819236	2.30774800387	2.41692268729	2.56105591107	2.48837404543	2.64340832769	2.03400728371	2.54572386177	2.27603151281	2.40372809087	1.27716827453	1.41314995167	2.15407478492	2.75249951667	2.6542620348	2.70336612856	2.69571056066	2.50516798453	2.61530529725	2.79521146931	2.72653368777	2.55667250362	2.6219978492	2.6168138231	2.58427923151	2.32885654906	2.68487075399	2.31808255679	2.67566047366	2.40801172547	2.70727054616
AB4	0.991149748671	0.920658695022	1.46748795553	0.0	0.912583141614	1.04400558241	0.81238937651	1.0013742871	1.13259422426	0.786943117448	1.23744402127	0.982936882552	0.889018540358	1.10027103432	0.846363740938	0.92241540841	1.15771695988	1.22478546641	0.977140391493	0.503079995167	0.925575161914	0.930634171097	1.13758554857	1.13652739004	1.2873980377	0.918704929918	1.16357688255	1.0252342146	0.612991213146	0.593811822136	1.26790547124	1.15056775737	1.07837312711	1.1488718898	1.37077267279	1.23099638473	1.36622254712	0.756453634606	1.19235721121	0.931921150314	1.02987861769	0.652009357177	0.522537443209	0.838480352827	1.48357374577	1.39521670855	1.47235731271	1.38639312228	1.22780811986	1.31148309328	1.52820744804	1.44463070082	1.21007084099	1.28771894152	1.29494082165	1.24494546641	1.00121292412	1.39863369261	0.988235190913	1.37121942001	1.06527322378	1.40038442726
AC3	0.866411652972	0.684717332044	2.20392738521	0.912583141614	0.0	0.784734349927	0.857673233446	0.840878221363	1.03208859836	0.636126558724	1.112980087	0.355357955534	0.822811164814	1.85340731271	0.712438840019	0.723861807637	0.988239637506	1.01642434509	1.42159506525	0.986197182214	1.06503104398	1.02475309812	1.20752575157	1.21167548091	1.29722866119	0.856974780087	1.0985418608	1.03754368777	0.923915679072	0.86145942001	1.1802840116	1.04053840019	0.986315969067	0.976927984534	0.844890246496	0.751905442243	1.03504279845	0.709606094732	0.841140536491	0.629290420493	0.724394934751	1.21703080715	1.08088000483	0.644736795553	1.22041175447	1.15745194297	0.924265674239	0.956384664089	0.735397090382	0.800694084099	1.10747275495	0.974605316578	0.736314726921	0.847912484292	0.837511222813	0.806016940551	0.829944088932	0.925798458192	0.805723958434	0.935611628806	0.870250072499	0.939224630256
AC4	0.761816761721	0.548827709038	2.41906105848	1.04400558241	0.784734349927	0.0	1.1447161769	0.365528733688	0.466262957951	0.852241923635	0.391041686805	0.534268448526	0.460676099565	2.06542078299	0.680412232963	0.643230454326	0.538026892218	0.52999662639	1.80290638956	1.2687558144	0.934480560657	0.62581381827	0.596010889319	0.607753330111	1.72318304012	0.74755522958	0.568110807153	0.543355157081	0.706770454326	0.815224973417	0.805760333494	0.608798057032	0.46625022233	0.406765804737	1.01150562107	0.764527216046	0.558618221363	0.610070053166	0.388217506042	0.78142919768	0.500741696472	1.4290199565	1.27394761721	0.528561285645	0.71687041566	0.593754016433	1.07054978734	0.835302841953	0.8346260174	0.773911208313	0.896454818753	0.914513267279	0.573316239729	0.624640657322	0.640687941034	0.635000164331	0.591025524408	0.903778888352	0.618806843886	0.762877269212	0.397799801837	0.796834417593
AD3	0.899746172064	0.899559971	1.9403562204	0.81238937651	0.857673233446	1.1447161769	0.0	1.01045173514	1.29508913001	0.362331295312	1.36862637989	0.968774166264	1.07321678105	1.5846821218	0.838473446109	0.894284069599	1.21442111648	1.23123515225	1.32009066699	0.819789932334	0.880926674722	0.935769656839	1.27505630739	1.2702477767	1.22724314161	0.893142319961	1.2118719043	1.0737920493	0.866921063316	0.746823383277	1.16531310778	1.09223003867	1.21864952151	1.19063880135	1.18689324311	1.05063964234	1.29533098598	0.752323639439	1.13945780087	0.785978318028	0.944995611406	0.852111580474	0.791937278879	0.823427747704	1.43528029966	1.37760190913	1.35203498308	1.33468040116	1.11892658289	1.18022844853	1.49849647656	1.39429412276	1.14026995167	1.23008238279	1.22306024166	1.13734107782	0.977606930884	1.31453882552	0.946852464959	1.27206754954	1.11902691155	1.31614333494
AD4	0.761912677622	0.456313794103	2.31275554374	1.0013742871	0.840878221363	0.365528733688	1.01045173514	0.0	0.323393847269	0.717099647173	0.510979710005	0.626868936684	0.50490840986	1.96027898018	0.565155901402	0.607596249396	0.54009860319	0.518912919285	1.77872770904	1.25025918318	0.872743881102	0.531550072499	0.530458801353	0.533236708555	1.73882134364	0.730623876269	0.505008463026	0.469910405993	0.601830130498	0.767810681489	0.817986534558	0.614255316578	0.292297602707	0.337129705172	1.08908897052	0.811434741421	0.574795258579	0.491898477525	0.479614862252	0.728797467376	0.520042155631	1.300979826	1.14501417593	0.471264132431	0.723774934751	0.580466075399	1.15509081682	0.919181445143	0.904487965201	0.893274267762	0.976805679072	0.996354548091	0.663787032383	0.675850966651	0.67877081682	0.699526645723	0.524469811503	0.980497897535	0.570019105848	0.86388962784	0.444520628323	0.884146534558
AE3	0.858596433059	0.647404287095	2.37677795553	1.13259422426	1.03208859836	0.466262957951	1.29508913001	0.323393847269	0.0	0.996420821653	0.347833731271	0.814810362494	0.604079424843	2.03212215563	0.740920633156	0.766937694538	0.535200647656	0.492379864669	1.93945782504	1.43127571774	1.02501503142	0.692239772837	0.398092561624	0.425119294345	1.92650625906	0.908745041083	0.435580647656	0.524507298212	0.734949642339	0.941274523925	0.88137860319	0.717746621556	0.242691092315	0.345797433543	1.2364240261	0.982601338811	0.548902155631	0.706047114548	0.591272817786	0.959594233929	0.688131701305	1.41682143548	1.27114214596	0.669408960851	0.783076921218	0.583831522475	1.28359275495	1.03972518125	1.07987565491	1.03568189947	1.0743581537	1.11409755921	0.797539565007	0.806384755921	0.795126839053	0.840967240213	0.680885012083	1.11276568391	0.732410536491	0.995195519575	0.549167680039	1.00821511358
AE4	0.699259497342	0.627182295795	2.10113858386	0.786943117448	0.636126558724	0.852241923635	0.362331295312	0.717099647173	0.996420821653	0.0	1.08211082165	0.690224253262	0.795804035766	1.74396110198	0.603712619623	0.624903378444	0.924114954084	0.939915099082	1.41061051716	0.889624088932	0.778263170614	0.734150647656	0.998320749154	0.998191193813	1.28133877719	0.650866674722	0.93668077332	0.806132663122	0.668657520541	0.614906500725	0.974905756404	0.834120850652	0.929373508942	0.916938554857	0.987736128565	0.833501483809	1.01024644756	0.541049917835	0.857538704688	0.526731314645	0.663461967134	1.0346360029	0.879582435959	0.542575853069	1.17684971	1.11135859836	1.12568987434	1.09919415176	0.886613238279	0.948807438376	1.26975488642	1.16079759787	0.87636041566	0.95292857419	0.951804345094	0.874570778154	0.70805658289	1.08820182697	0.689226244563	1.0400279217	0.834258999517	1.07384057516
AF3	0.952588743354	0.781158733688	2.53219722571	1.23744402127	1.112980087	0.391041686805	1.36862637989	0.510979710005	0.347833731271	1.08211082165	0.0	0.867935074915	0.700459284679	2.18199908652	0.903043895602	0.865465741904	0.522789478009	0.471313093282	2.00351430159	1.47547610923	1.08227615756	0.78237720638	0.370977100048	0.374190753987	1.98870433059	0.985258482359	0.471174910585	0.625927902368	0.841291367811	1.02357730304	0.834021672305	0.691642846786	0.439205364911	0.47292057999	1.22047592073	1.02482824553	0.492944209763	0.808193296278	0.543208472692	1.00818556791	0.727688313195	1.57108715321	1.42224236346	0.749545128081	0.711613368777	0.538171469309	1.25353860802	1.00323835186	1.12526876752	1.01718753021	1.04717877719	1.07175152247	0.784063107782	0.759757201547	0.777225722571	0.778334330594	0.807757032383	1.06871652489	0.843099859836	0.960296897052	0.556267472209	0.964380396327
AF4	0.760856645723	0.494077684872	2.32738285645	0.982936882552	0.355357955534	0.534268448526	0.968774166264	0.626868936684	0.814810362494	0.690224253262	0.867935074915	0.0	0.602921793137	1.9750458579	0.591906810053	0.587436312228	0.818594354761	0.818910526825	1.61259667472	1.09458019333	0.981656346061	0.827550657322	1.00006335911	1.00453879169	1.48991655389	0.692746810053	0.894296172064	0.839048999517	0.81687962784	0.810176524891	1.01958652006	0.872616955051	0.771642895118	0.758176979217	0.790258835186	0.544316524891	0.768109154181	0.615354809087	0.667932634123	0.605740971484	0.587828704688	1.30978652006	1.16649443209	0.519758637023	0.952040884485	0.868340521991	0.852879241179	0.764925413243	0.587728772354	0.633944180764	0.928305181247	0.822132590623	0.574988545191	0.657102358627	0.685203658772	0.679620299662	0.673372754954	0.775811280812	0.64732022233	0.741240778154	0.676243156114	0.740272638956
AG3	0.701807651039	0.407437225713	2.32632141131	0.889018540358	0.822811164814	0.460676099565	1.07321678105	0.50490840986	0.604079424843	0.795804035766	0.700459284679	0.602921793137	0.0	1.96076147414	0.472177631706	0.532146292895	0.551308501692	0.572215113581	1.69639441759	1.18114602707	0.92432101015	0.645958279362	0.697781198647	0.702041348478	1.60439361044	0.709567104882	0.591175026583	0.566296099565	0.686119168681	0.765846176897	0.839808303528	0.675165128081	0.572561913968	0.574419130014	1.0416702755	0.811219884002	0.74824277912	0.58327940551	0.587619241179	0.704337303045	0.448914499758	1.33990876752	1.18820462542	0.526921348478	0.921626331561	0.815620294828	1.05667113581	0.814464035766	0.824634876752	0.793210758821	0.965796379894	0.884563276945	0.562355500242	0.663799028516	0.680393948768	0.636014166264	0.457928284195	0.889277046883	0.477386955051	0.795842513291	0.41999040116	0.812895534074
AG4	1.92278864186	1.92899425326	0.392926384727	1.10027103432	1.85340731271	2.06542078299	1.5846821218	1.96027898018	2.03212215563	1.74396110198	2.18199908652	1.9750458579	1.96076147414	0.0	1.81545719188	1.93011660222	2.14319210246	2.18882745288	0.972958646689	1.2114899855	1.64689461576	1.81507928951	2.07639073465	2.07557082649	1.64854507008	1.8404797825	2.08617483809	1.96096220396	1.53309434993	1.47884269212	2.12461452392	2.09285920735	1.96610730304	2.06667289029	2.21482362011	2.13660857902	2.29471159014	1.68358936684	2.19376132431	1.92307599323	2.04950682939	0.933046094732	1.07376136298	1.80341645239	2.4022139246	2.30392663122	2.34937612856	2.33955509908	2.14883866119	2.25759072499	2.44317293378	2.37237454326	2.20275326245	2.26812063799	2.270309826	2.23037378444	1.97750827936	2.33035645239	1.96672905752	2.31992251812	2.05732094248	2.35633315128
AH3	0.732631101982	0.288541894635	2.1618078202	0.846363740938	0.712438840019	0.680412232963	0.838473446109	0.565155901402	0.740920633156	0.603712619623	0.903043895602	0.591906810053	0.472177631706	1.81545719188	0.0	0.522759381344	0.727692445626	0.763807989367	1.5466040841	1.04486929435	0.863135268246	0.706425925568	0.851460289995	0.855963513775	1.49897717738	0.724685364911	0.759876824553	0.709590483325	0.644171522475	0.670595311745	0.983443083615	0.836150937651	0.659550739488	0.708727781537	1.06069358144	0.804704369261	0.897391691638	0.457167264379	0.752007080715	0.610994229096	0.568492508458	1.14009659739	0.978893963267	0.444748695022	1.06755306912	0.973803040116	1.10401553407	0.922741541808	0.843942252296	0.870300183664	1.07223161431	0.99246121798	0.740390473659	0.809250744321	0.798556887385	0.779107757371	0.531623189947	0.946652107298	0.526649449009	0.907674093765	0.621753165781	0.925536529725
AH4	0.275334775254	0.335278724021	2.2864877042	0.92241540841	0.723861807637	0.643230454326	0.894284069599	0.607596249396	0.766937694538	0.624903378444	0.865465741904	0.587436312228	0.532146292895	1.93011660222	0.522759381344	0.0	0.638333257612	0.68483282262	1.46398863702	1.01618280812	0.845218100532	0.639258453359	0.763457090382	0.766868192363	1.42354909618	0.549857138714	0.683378429193	0.597808830353	0.675017660706	0.692257283712	0.777371986467	0.61657760754	0.724715592073	0.725388090865	1.00348160464	0.776282513291	0.8318920203	0.623920043499	0.629492725955	0.492916394393	0.423503431609	1.29783466409	1.13808077815	0.547902798453	1.01976767521	0.93544679072	0.952347356211	0.817882141131	0.780029241179	0.728868139198	0.981766326728	0.867816752054	0.548402344128	0.640035828903	0.646008815853	0.572940449493	0.384510894152	0.802143813436	0.380178651522	0.792922890285	0.527715553407	0.817240889319
AA7	0.749952179797	0.626510096665	2.48921091832	1.15771695988	0.988239637506	0.538026892218	1.21442111648	0.54009860319	0.535200647656	0.924114954084	0.522789478009	0.818594354761	0.551308501692	2.14319210246	0.727692445626	0.638333257612	0.0	0.175473871435	1.77854237796	1.27715670372	0.994041652972	0.655034755921	0.454975132914	0.471641923635	1.74519666022	0.780380604157	0.360364717255	0.389630101498	0.78142579507	0.886866539391	0.638878738521	0.406933146448	0.509937868536	0.538205350411	1.20999451426	1.01160600773	0.577009550507	0.808498086032	0.514435263412	0.858601628806	0.613974910585	1.51792638473	1.37674892218	0.772680096665	0.797419105848	0.675983412276	1.13148704205	0.909098066699	1.06432655872	0.951840449493	0.938858927018	0.960948946351	0.665351039149	0.66211098115	0.653164789754	0.681452460126	0.492319057516	0.948687298212	0.538360541324	0.905754717255	0.431957626873	0.86538380377
AA8	0.789897051716	0.659618931851	2.53835349928	1.22478546641	1.01642434509	0.52999662639	1.23123515225	0.518912919285	0.492379864669	0.939915099082	0.471313093282	0.818910526825	0.572215113581	2.18882745288	0.763807989367	0.68483282262	0.175473871435	0.0	1.84556840986	1.31746530691	0.999461488642	0.657000691155	0.428314678589	0.447171947801	1.78022282745	0.794982431126	0.323220966651	0.39894879652	0.803182450459	0.924322982117	0.613555123248	0.387886486225	0.481192107298	0.499900729821	1.17673550024	0.985589400677	0.493594963751	0.806297409377	0.527247075882	0.877586810053	0.641898506525	1.57225726921	1.42796976317	0.743624098598	0.739810898985	0.592262851619	1.14644513775	0.914715263412	1.06488563074	0.947602595457	0.928948748188	0.964904316095	0.66937958434	0.666043528275	0.656034649589	0.67011621073	0.551115567907	0.968313011116	0.586287472209	0.90704338811	0.443805389077	0.869454407927
AB7	1.42117632673	1.5728658144	1.2268842581	0.977140391493	1.42159506525	1.80290638956	1.32009066699	1.77872770904	1.93945782504	1.41061051716	2.00351430159	1.61259667472	1.69639441759	0.972958646689	1.5466040841	1.46398863702	1.77854237796	1.84556840986	0.0	0.598000657322	1.49478590623	1.59083061866	1.88185918318	1.88326045433	1.0565237651	1.42204137748	1.83092812953	1.68329140648	1.33400159014	1.15396009183	1.71253274529	1.68535752537	1.85867443693	1.90344204447	1.85631274529	1.79633250362	1.99073886902	1.48969583374	1.83567214113	1.43752552441	1.60502878202	0.992392165297	1.00035218946	1.55387404543	2.14922832769	2.09889781537	1.90636966167	1.92337264379	1.75364515708	1.82233041566	2.04894462059	1.95700198647	1.74737518608	1.82765697438	1.80968442243	1.77037213146	1.60232855969	1.88828203963	1.5918681392	1.88776236346	1.74598283712	1.93756957467
AB8	0.990283412276	1.06142699372	1.55337608023	0.503079995167	0.986197182214	1.2687558144	0.819789932334	1.25025918318	1.43127571774	0.889624088932	1.47547610923	1.09458019333	1.18114602707	1.2114899855	1.04486929435	1.01618280812	1.27715670372	1.31746530691	0.598000657322	0.0	0.986955447076	1.05811791687	1.35384993233	1.3480019333	1.07655289029	0.908973914935	1.30402566457	1.15366179797	0.799498052199	0.63642778637	1.22192052682	1.16867600773	1.34452942968	1.37703753987	1.38349561624	1.28662494442	1.47668873852	0.976002812953	1.33004935718	0.976925814403	1.12946252779	0.766309449009	0.6818120058	1.02125333011	1.64197638956	1.57687236346	1.52528442243	1.48306508458	1.30963134364	1.37126977767	1.61873591107	1.54376750604	1.30613362011	1.37694333494	1.36924137748	1.31757461576	1.12773919285	1.48064977284	1.1089417883	1.43194708072	1.22141924118	1.49370514741
AC7	0.802699352344	0.874134243596	1.99426082649	0.925575161914	1.06503104398	0.934480560657	0.880926674722	0.872743881102	1.02501503142	0.778263170614	1.08227615756	0.981656346061	0.92432101015	1.64689461576	0.863135268246	0.845218100532	0.994041652972	0.999461488642	1.49478590623	0.986955447076	0.0	0.458805862736	0.95448737071	0.956001517641	1.40541385694	0.692100961817	0.981759081682	0.810995717738	0.565003117448	0.573582373127	0.868838342194	0.793422977284	0.940440710488	0.955666587724	1.27332704205	1.15250239246	1.17745241179	0.797422232963	1.03807752537	0.918264441759	0.937845708072	1.17822293378	1.11574097632	0.746819468342	1.15434919768	1.06773958434	1.49194493475	1.40809920735	1.19175344128	1.25467037699	1.55006019333	1.47440784437	1.09127490575	1.20325665539	1.20900086515	1.12405740938	0.925450879652	1.40190563557	0.892104842919	1.3056519043	0.911198206863	1.39558372644
AC8	0.645125621073	0.635122000967	2.16528604157	0.930634171097	1.02475309812	0.62581381827	0.935769656839	0.531550072499	0.692239772837	0.734150647656	0.78237720638	0.827550657322	0.645958279362	1.81507928951	0.706425925568	0.639258453359	0.655034755921	0.657000691155	1.59083061866	1.05811791687	0.458805862736	0.0	0.612006360561	0.620808965684	1.51584575157	0.583767568874	0.567414639923	0.397014146931	0.449732131464	0.590990845819	0.635173649106	0.502013431609	0.60097017883	0.637777496375	1.18607458676	0.930329386177	0.833589826003	0.639755103915	0.70890759304	0.792771029483	0.683013291445	1.2306619623	1.09954617206	0.596015374577	0.926557506042	0.810867361044	1.33534685355	1.09867967617	1.04496323828	1.02297031416	1.21279869019	1.17717155147	0.81081497825	0.868740082165	0.88516	0.848999492508	0.578865123248	1.15368289512	0.592814581924	0.997622513291	0.569398095698	1.06646970517
AD7	0.824018506525	0.776766234896	2.42422485259	1.13758554857	1.20752575157	0.596010889319	1.27505630739	0.530458801353	0.398092561624	0.998320749154	0.370977100048	1.00006335911	0.697781198647	2.07639073465	0.851460289995	0.763457090382	0.454975132914	0.428314678589	1.88185918318	1.35384993233	0.95448737071	0.612006360561	0.0	0.11709539391	1.84815391977	0.798751580474	0.329773576607	0.444439724505	0.693241275979	0.884695969067	0.691376858386	0.536961406477	0.461029047849	0.519537506042	1.33114864186	1.11689135814	0.592980343161	0.807622266796	0.652729139681	0.984958685355	0.769466640889	1.46737600773	1.31855346061	0.791144538424	0.79932702755	0.630974272595	1.3406938811	1.10196344611	1.21931570807	1.12402550024	1.1313538086	1.17509787337	0.870948724021	0.839566065732	0.8384080232	0.867493537941	0.68878898985	1.16726712905	0.733583678105	1.06532844853	0.555578134364	1.06002346061
AD8	0.846031657806	0.780848637023	2.42496497342	1.13652739004	1.21167548091	0.607753330111	1.2702477767	0.533236708555	0.425119294345	0.998191193813	0.374190753987	1.00453879169	0.702041348478	2.07557082649	0.855963513775	0.766868192363	0.471641923635	0.447171947801	1.88326045433	1.3480019333	0.956001517641	0.620808965684	0.11709539391	0.0	1.82830247946	0.775362846786	0.337811358144	0.451058037699	0.6926279797	0.881320642823	0.705092435959	0.549972073465	0.480119743838	0.517130686322	1.34763757854	1.13371783954	0.612360666989	0.820182909618	0.660280202997	0.991682315128	0.772171923635	1.466909768	1.31328602223	0.804112798453	0.803581947801	0.634515437409	1.35406862736	1.11403148381	1.22484626873	1.13768823103	1.14831301112	1.1920381682	0.886885654906	0.8564619913	0.854972861286	0.883134209763	0.70122479942	1.18221124215	0.740993600773	1.08101869019	0.564977249879	1.0731400435
AE7	1.38316514741	1.53662271629	1.91833034316	1.2873980377	1.29722866119	1.72318304012	1.22724314161	1.73882134364	1.92650625906	1.28133877719	1.98870433059	1.48991655389	1.60439361044	1.64854507008	1.49897717738	1.42354909618	1.74519666022	1.78022282745	1.0565237651	1.07655289029	1.40541385694	1.51584575157	1.84815391977	1.82830247946	0.0	1.0716537651	1.82087408893	1.65826083615	1.37055159981	1.25665318511	1.57575465442	1.58733447559	1.85181678105	1.8636522378	1.69791291445	1.68926007733	1.93748249879	1.52331066699	1.79947751087	1.3570178927	1.56280485259	1.45988396327	1.45219862252	1.51214746738	2.03421349444	1.99325962784	1.72655960367	1.80755426293	1.58329971967	1.66718618656	1.97083160464	1.8211058869	1.63867548091	1.72712109715	1.7095699565	1.63607854519	1.58765855002	1.75813559691	1.5638281537	1.78784343161	1.71172818753	1.82050444659
AE8	0.569278110198	0.635609463509	2.18819173514	0.918704929918	0.856974780087	0.74755522958	0.893142319961	0.730623876269	0.908745041083	0.650866674722	0.985258482359	0.692746810053	0.709567104882	1.8404797825	0.724685364911	0.549857138714	0.780380604157	0.794982431126	1.42204137748	0.908973914935	0.692100961817	0.583767568874	0.798751580474	0.775362846786	1.0716537651	0.0	0.805050212663	0.650663533108	0.604428264862	0.561219980667	0.719320309328	0.644096747221	0.833448467859	0.84959961334	1.13497131948	0.929407984534	0.95125760754	0.699549081682	0.823239038183	0.65316561624	0.644652315128	1.25562772354	1.10924781537	0.670837733204	1.11069987434	1.03625838086	1.20359927501	1.09053382794	0.947422967617	0.979353678105	1.22936782504	1.17031257612	0.838451082649	0.908265224746	0.912772044466	0.853286848719	0.672123557274	1.10635821653	0.65396919768	1.0274621363	0.717316810053	1.08443651039
AF7	0.781198559691	0.662569922668	2.43315354761	1.16357688255	1.0985418608	0.568110807153	1.2118719043	0.505008463026	0.435580647656	0.93668077332	0.471174910585	0.894296172064	0.591175026583	2.08617483809	0.759876824553	0.683378429193	0.360364717255	0.323220966651	1.83092812953	1.30402566457	0.981759081682	0.567414639923	0.329773576607	0.337811358144	1.82087408893	0.805050212663	0.0	0.240187008217	0.727871488642	0.863328985017	0.665782788787	0.518122145964	0.434491672305	0.485854601257	1.18907721121	0.976085089415	0.510411802803	0.766365432576	0.561071251812	0.889771169647	0.65397719188	1.49127665056	1.34245367811	0.738018095698	0.801290425326	0.637455302078	1.21914937168	0.986834132431	1.08630745771	0.997205340744	1.01233668439	1.05255141131	0.748774325761	0.746219642339	0.746761967134	0.764654934751	0.545658032866	1.03961707105	0.579246892218	0.942928724021	0.435312435959	0.946094968584
AF8	0.646575012083	0.602669961334	2.31375366361	1.0252342146	1.03754368777	0.543355157081	1.0737920493	0.469910405993	0.524507298212	0.806132663122	0.625927902368	0.839048999517	0.566296099565	1.96096220396	0.709590483325	0.597808830353	0.389630101498	0.39894879652	1.68329140648	1.15366179797	0.810995717738	0.397014146931	0.444439724505	0.451058037699	1.65826083615	0.650663533108	0.240187008217	0.0	0.585121793137	0.716294069599	0.618764451426	0.43805781537	0.477328501692	0.500058400193	1.16860847269	0.950302653456	0.626913929435	0.714986283229	0.570055437409	0.811648105365	0.609017781537	1.35720588207	1.20656705655	0.679495940068	0.865299850169	0.735347114548	1.21640094248	0.986668158531	1.04081941518	0.983283330111	1.02326137264	1.06026967134	0.738349096182	0.761012286129	0.774909333011	0.771835901402	0.483190173997	1.03639867569	0.515064291928	0.94341699855	0.429962034799	0.946681338811
AG7	0.696650463992	0.664850555824	1.87679942968	0.612991213146	0.923915679072	0.706770454326	0.866921063316	0.601830130498	0.734949642339	0.668657520541	0.841291367811	0.81687962784	0.686119168681	1.53309434993	0.644171522475	0.675017660706	0.78142579507	0.803182450459	1.33400159014	0.799498052199	0.565003117448	0.449732131464	0.693241275979	0.6926279797	1.37055159981	0.604428264862	0.727871488642	0.585121793137	0.0	0.264627481875	0.816455447076	0.708953344611	0.663373465442	0.765685635573	1.28923356211	1.02640824553	0.943778052199	0.487722527791	0.82964540841	0.812888661189	0.721655224746	1.00544774287	0.845558931851	0.512431459642	1.10280393427	0.982846259062	1.3735279652	1.16088131948	1.14140524891	1.11943291445	1.29192446109	1.22968959884	0.917442701788	0.980688211696	0.985394809087	0.932684335428	0.697470604157	1.20232719671	0.689188550024	1.13616339294	0.708911300145	1.15458924118
AG8	0.672796399227	0.702898366361	1.82774843886	0.593811822136	0.86145942001	0.815224973417	0.746823383277	0.767810681489	0.941274523925	0.614906500725	1.02357730304	0.810176524891	0.765846176897	1.47884269212	0.670595311745	0.692257283712	0.886866539391	0.924322982117	1.15396009183	0.63642778637	0.573582373127	0.590990845819	0.884695969067	0.881320642823	1.25665318511	0.561219980667	0.863328985017	0.716294069599	0.264627481875	0.0	0.896744949251	0.81938239246	0.863089192847	0.911272827453	1.22772124698	1.03836645723	1.06563334461	0.541592261962	0.929153247946	0.747844272595	0.768055253746	0.966815485742	0.830935712905	0.606772290962	1.21967065249	1.12828565007	1.32255095215	1.22048096182	1.08593710005	1.1504822523	1.35812125181	1.29584680522	0.998926916385	1.04859411793	1.05108206863	1.0105022668	0.779013397777	1.24111048333	0.775552339294	1.19170578057	0.80519919768	1.20999955534
AH7	0.728052493958	0.860152711455	2.45913092315	1.26790547124	1.1802840116	0.805760333494	1.16531310778	0.817986534558	0.88137860319	0.974905756404	0.834021672305	1.01958652006	0.839808303528	2.12461452392	0.983443083615	0.777371986467	0.638878738521	0.613555123248	1.71253274529	1.22192052682	0.868838342194	0.635173649106	0.691376858386	0.705092435959	1.57575465442	0.719320309328	0.665782788787	0.618764451426	0.816455447076	0.896744949251	0.0	0.292341000483	0.886182667956	0.893605239246	1.1789081102	1.05163951667	0.8343779942	0.956729516675	0.777175625906	0.927014490092	0.792784833253	1.5322242726	1.40629511358	0.907303117448	0.969160686322	0.917526471725	1.29575481875	1.07539769454	1.16384930884	1.04596152731	1.14809645723	1.14085359111	0.844040923151	0.825288057032	0.820868158531	0.832986452392	0.748638927018	1.12828692605	0.779509265346	0.987230391493	0.698072286129	1.05217335911
AH8	0.645983615273	0.698786848719	2.44436819236	1.15056775737	1.04053840019	0.608798057032	1.09223003867	0.614255316578	0.717746621556	0.834120850652	0.691642846786	0.872616955051	0.675165128081	2.09285920735	0.836150937651	0.61657760754	0.406933146448	0.387886486225	1.68535752537	1.16867600773	0.793422977284	0.502013431609	0.536961406477	0.549972073465	1.58733447559	0.644096747221	0.518122145964	0.43805781537	0.708953344611	0.81938239246	0.292341000483	0.0	0.696852745288	0.683116766554	1.12937304495	0.955409565007	0.701482058966	0.827482919285	0.585181652972	0.807048559691	0.645092474625	1.4804597825	1.33122070565	0.764237834703	0.842320681489	0.747782928951	1.18752185114	0.966309763171	1.03927677622	0.921962237796	1.00703269212	1.02759152731	0.691104649589	0.707615321411	0.699410985984	0.699534113098	0.587286046399	1.01165279845	0.613070932818	0.871166897052	0.491779859836	0.928784809087
AA5	0.847878177864	0.576705683905	2.30774800387	1.07837312711	0.986315969067	0.46625022233	1.21864952151	0.292297602707	0.242691092315	0.929373508942	0.439205364911	0.771642895118	0.572561913968	1.96610730304	0.659550739488	0.724715592073	0.509937868536	0.481192107298	1.85867443693	1.34452942968	0.940440710488	0.60097017883	0.461029047849	0.480119743838	1.85181678105	0.833448467859	0.434491672305	0.477328501692	0.663373465442	0.863089192847	0.886182667956	0.696852745288	0.0	0.258906872885	1.21786979217	0.938635853069	0.588666761721	0.598392890285	0.601049468342	0.869488844853	0.644457283712	1.31642719188	1.16036121315	0.570018699855	0.773648835186	0.584343649106	1.29101984534	1.05162766071	1.05420553891	1.03500413726	1.09242038183	1.13008818753	0.789487970034	0.806831933301	0.801196152731	0.837713557274	0.598605790237	1.11481482359	0.641089052682	0.997611541808	0.521355205413	1.01402689222
AA6	0.838323687772	0.595505123248	2.41692268729	1.1488718898	0.976927984534	0.406765804737	1.19063880135	0.337129705172	0.345797433543	0.916938554857	0.47292057999	0.758176979217	0.574419130014	2.06667289029	0.708727781537	0.725388090865	0.538205350411	0.499900729821	1.90344204447	1.37703753987	0.955666587724	0.637777496375	0.519537506042	0.517130686322	1.8636522378	0.84959961334	0.485854601257	0.500058400193	0.765685635573	0.911272827453	0.893605239246	0.683116766554	0.258906872885	0.0	1.09486722088	0.833471648139	0.500362769454	0.619060043499	0.490445311745	0.863782464959	0.592456558724	1.41805892702	1.25564706138	0.592900053166	0.567820309328	0.403291691638	1.19418186564	0.952803784437	0.960437042049	0.904980077332	1.00294313678	1.03436353794	0.675046297728	0.719364818753	0.717355978734	0.732424876752	0.620410304495	1.00837826486	0.656030086999	0.874324610923	0.496582445626	0.91485377477
AB5	1.09056757371	0.952393871435	2.56105591107	1.37077267279	0.844890246496	1.01150562107	1.18689324311	1.08908897052	1.2364240261	0.987736128565	1.22047592073	0.790258835186	1.0416702755	2.21482362011	1.06069358144	1.00348160464	1.20999451426	1.17673550024	1.85631274529	1.38349561624	1.27332704205	1.18607458676	1.33114864186	1.34763757854	1.69791291445	1.13497131948	1.18907721121	1.16860847269	1.28923356211	1.22772124698	1.1789081102	1.12937304495	1.21786979217	1.09486722088	0.0	0.3934140261	0.964229884002	1.0462338376	0.951826452392	0.895043721605	0.90125582407	1.61188845819	1.47422638473	0.9916559739	1.02104133398	1.01896198647	0.873733707105	0.920806355727	0.744167878202	0.738755843403	1.08164232479	0.948216684389	0.839913035283	0.899214910585	0.953911377477	0.924153798937	1.04154422426	0.871561106815	1.02226754471	0.849616858386	1.0272239826	0.921232537458
AB6	0.891056350894	0.68937698405	2.48837404543	1.23099638473	0.751905442243	0.764527216046	1.05063964234	0.811434741421	0.982601338811	0.833501483809	1.02482824553	0.544316524891	0.811219884002	2.13660857902	0.804704369261	0.776282513291	1.01160600773	0.985589400677	1.79633250362	1.28662494442	1.15250239246	0.930329386177	1.11689135814	1.13371783954	1.68926007733	0.929407984534	0.976085089415	0.950302653456	1.02640824553	1.03836645723	1.05163951667	0.955409565007	0.938635853069	0.833471648139	0.3934140261	0.0	0.771304374094	0.765477878202	0.7455599855	0.744564630256	0.661856172064	1.48369465442	1.34266507975	0.703123049783	0.794234586757	0.816358835186	0.769738540358	0.686486365394	0.550289366844	0.50020378927	0.852125108748	0.738202339294	0.638507390043	0.711644451426	0.770624630256	0.750647312711	0.785245306912	0.6697720203	0.76073497825	0.605189618173	0.819088748188	0.68064638956
AC5	0.947969898502	0.745875287579	2.64340832769	1.36622254712	1.03504279845	0.558618221363	1.29533098598	0.574795258579	0.548902155631	1.01024644756	0.492944209763	0.768109154181	0.74824277912	2.29471159014	0.897391691638	0.8318920203	0.577009550507	0.493594963751	1.99073886902	1.47668873852	1.17745241179	0.833589826003	0.592980343161	0.612360666989	1.93748249879	0.95125760754	0.510411802803	0.626913929435	0.943778052199	1.06563334461	0.8343779942	0.701482058966	0.588666761721	0.500362769454	0.964229884002	0.771304374094	0.0	0.770221150314	0.460074171097	0.937237327211	0.67728277912	1.67314843403	1.50240726921	0.759280019333	0.508784055099	0.383547636539	1.01377016433	0.760943692605	0.909111169647	0.793679647173	0.786453204447	0.818192542291	0.613164465926	0.524145248913	0.558435906235	0.653727230546	0.745110492992	0.830489057516	0.790520792653	0.744272397293	0.580652832286	0.711365949734
AC6	0.768041333978	0.502851266312	2.03400728371	0.756453634606	0.709606094732	0.610070053166	0.752323639439	0.491898477525	0.706047114548	0.541049917835	0.808193296278	0.615354809087	0.58327940551	1.68358936684	0.457167264379	0.623920043499	0.808498086032	0.806297409377	1.48969583374	0.976002812953	0.797422232963	0.639755103915	0.807622266796	0.820182909618	1.52331066699	0.699549081682	0.766365432576	0.714986283229	0.487722527791	0.541592261962	0.956729516675	0.827482919285	0.598392890285	0.619060043499	1.0462338376	0.765477878202	0.770221150314	0.0	0.71487242146	0.615370637989	0.550633044949	0.93522419043	0.770890159497	0.298516800387	0.970937143548	0.880222445626	1.14869201063	0.993928506525	0.897113634606	0.904065253746	1.12682432093	1.06556582407	0.764660115998	0.840272315128	0.855727573707	0.791779874335	0.611813653939	1.00125770904	0.622309328178	0.952655345578	0.62245240696	0.987425592073
AD6	0.71742520058	0.572748801353	2.54572386177	1.19235721121	0.841140536491	0.388217506042	1.13945780087	0.479614862252	0.591272817786	0.857538704688	0.543208472692	0.667932634123	0.587619241179	2.19376132431	0.752007080715	0.629492725955	0.514435263412	0.527247075882	1.83567214113	1.33004935718	1.03807752537	0.70890759304	0.652729139681	0.660280202997	1.79947751087	0.823239038183	0.561071251812	0.570055437409	0.82964540841	0.929153247946	0.777175625906	0.585181652972	0.601049468342	0.490445311745	0.951826452392	0.7455599855	0.460074171097	0.71487242146	0.0	0.716819328178	0.405430212663	1.5630181682	1.40453568874	0.666035853069	0.665982334461	0.571326331561	0.8984180232	0.668492479459	0.815524229096	0.666554485259	0.723633127115	0.748918767521	0.45024539391	0.445945828903	0.460939424843	0.472092034799	0.543662962784	0.724938385694	0.566400695988	0.621864470759	0.355728337361	0.63543580957
AE5	0.57027262929	0.544161633639	2.27603151281	0.931921150314	0.629290420493	0.78142919768	0.785978318028	0.728797467376	0.959594233929	0.526731314645	1.00818556791	0.605740971484	0.704337303045	1.92307599323	0.610994229096	0.492916394393	0.858601628806	0.877586810053	1.43752552441	0.976925814403	0.918264441759	0.792771029483	0.984958685355	0.991682315128	1.3570178927	0.65316561624	0.889771169647	0.811648105365	0.812888661189	0.747844272595	0.927014490092	0.807048559691	0.869488844853	0.863782464959	0.895043721605	0.744564630256	0.937237327211	0.615370637989	0.716819328178	0.0	0.39460522958	1.22512840019	1.06934423876	0.560590831319	1.12333184147	1.07308630739	0.950648206863	0.876226674722	0.761267162881	0.748907675205	1.043150232	0.952422029966	0.63409459159	0.728537530208	0.742489695505	0.649958013533	0.561365016916	0.875207680039	0.53769757854	0.809478801353	0.700717651039	0.893447955534
AE6	0.545640613823	0.385874480425	2.40372809087	1.02987861769	0.724394934751	0.500741696472	0.944995611406	0.520042155631	0.688131701305	0.663461967134	0.727688313195	0.587828704688	0.448914499758	2.04950682939	0.568492508458	0.423503431609	0.613974910585	0.641898506525	1.60502878202	1.12946252779	0.937845708072	0.683013291445	0.769466640889	0.772171923635	1.56280485259	0.644652315128	0.65397719188	0.609017781537	0.721655224746	0.768055253746	0.792784833253	0.645092474625	0.644457283712	0.592456558724	0.90125582407	0.661856172064	0.67728277912	0.550633044949	0.405430212663	0.39460522958	0.0	1.38397533108	1.22100835669	0.508767235379	0.859315756404	0.800421232479	0.907687143548	0.709049574674	0.733912469792	0.623032344128	0.864715258579	0.780262136298	0.438432426293	0.515934340261	0.526623750604	0.464728762687	0.403675553407	0.729148608023	0.413387912035	0.657331445143	0.417508980184	0.709917293378
AF5	1.31719982117	1.27517201547	1.27716827453	0.652009357177	1.21703080715	1.4290199565	0.852111580474	1.300979826	1.41682143548	1.0346360029	1.57108715321	1.30978652006	1.33990876752	0.933046094732	1.14009659739	1.29783466409	1.51792638473	1.57225726921	0.992392165297	0.766309449009	1.17822293378	1.2306619623	1.46737600773	1.466909768	1.45988396327	1.25562772354	1.49127665056	1.35720588207	1.00544774287	0.966815485742	1.5322242726	1.4804597825	1.31642719188	1.41805892702	1.61188845819	1.48369465442	1.67314843403	0.93522419043	1.5630181682	1.22512840019	1.38397533108	0.0	0.225890502658	1.09351159497	1.78278450459	1.68479319961	1.78123727405	1.72796091348	1.57384874819	1.64207489609	1.86067296762	1.79165300145	1.56302058482	1.64670814403	1.66037390043	1.60400324311	1.32176287095	1.74112481875	1.31341503625	1.70829588207	1.44237219913	1.73738440793
AF6	1.1849982987	1.11146213146	1.41314995167	0.522537443209	1.08088000483	1.27394761721	0.791937278879	1.14501417593	1.27114214596	0.879582435959	1.42224236346	1.16649443209	1.18820462542	1.07376136298	0.978893963267	1.13808077815	1.37674892218	1.42796976317	1.00035218946	0.6818120058	1.11574097632	1.09954617206	1.31855346061	1.31328602223	1.45219862252	1.10924781537	1.34245367811	1.20656705655	0.845558931851	0.830935712905	1.40629511358	1.33122070565	1.16036121315	1.25564706138	1.47422638473	1.34266507975	1.50240726921	0.770890159497	1.40453568874	1.06934423876	1.22100835669	0.225890502658	0.0	0.932318936684	1.62633500725	1.52640191397	1.64841070565	1.5849060029	1.43912623973	1.50374035283	1.70348928951	1.65368124215	1.40659213146	1.49211179314	1.5028539246	1.44644708555	1.16227681489	1.60412563557	1.15731518608	1.55541676655	1.28281198163	1.58177018366
AG5	0.676112141131	0.43433580957	2.15407478492	0.838480352827	0.644736795553	0.528561285645	0.823427747704	0.471264132431	0.669408960851	0.542575853069	0.749545128081	0.519758637023	0.526921348478	1.80341645239	0.444748695022	0.547902798453	0.772680096665	0.743624098598	1.55387404543	1.02125333011	0.746819468342	0.596015374577	0.791144538424	0.804112798453	1.51214746738	0.670837733204	0.738018095698	0.679495940068	0.512431459642	0.606772290962	0.907303117448	0.764237834703	0.570018699855	0.592900053166	0.9916559739	0.703123049783	0.759280019333	0.298516800387	0.666035853069	0.560590831319	0.508767235379	1.09351159497	0.932318936684	0.0	0.923174340261	0.829171068149	1.10876699372	0.938997631706	0.834530251329	0.825743745771	1.0953140551	1.00066941034	0.650052479459	0.769901169647	0.785106887385	0.689145161914	0.574819434509	0.939260115998	0.5512559884	0.860100130498	0.584590792653	0.943123368777
