	AA3	AA4	AB3	AB4	AC3	AC4	AD3	AD4	AE3	AE4	AF3	AF4	AG3	AG4	AH3	AH4	AA7	AA8	AB7	AB8	AC7	AC8	AD7	AD8	AE7	AE8	AF7	AF8	AG7	AG8	AH7	AH8	AA5	AA6	AB5	AB6	AC5	AC6	AD6	AE5	AE6	AF5	AF6	AG5	AH5	AH6	AA1	AA2	AB1	AB2	AC1	AC2	AD1	AD2	AE1	AE2	AF1	AF2	AG1	AG2	AH1	AH2
AA3	0.0	0.575026312228	2.22812865152	1.02635876752	0.850648646689	0.77305542291	0.832357008217	0.742864543258	0.892094581924	0.692352605123	0.968183586274	0.739879134848	0.736958704688	1.91863323828	0.7480939826	0.306312484292	0.820361377477	0.841699748671	1.42786219913	1.06741311745	0.828897423876	0.689493296278	0.930920492992	0.870010691155	1.34851698888	0.592658448526	0.795078448526	0.697371232479	0.734765993233	0.660884441759	0.767821478975	0.704499656839	0.856580715321	0.854698907685	1.06656872402	0.896737858869	0.965194248429	0.803061696472	0.805430434993	0.52900979217	0.60331737071	1.2555217013	1.19328447559	0.721505548574	1.15874468826	1.10528485742	0.962723740938	0.981573885935	0.918991290478	0.843815012083	1.07637799903	1.03931499275	0.646899101015	0.74120520058	0.805485592073	0.679092402127	0.562717742871	0.908842155631	0.537083276945	0.888285447076	0.713546041566	0.973655427743
AA4	0.575026312228	0.0	2.20131767037	0.918810637989	0.61676781537	0.611767757371	0.795798583857	0.524171164814	0.675468337361	0.591996800387	0.832076723055	0.46149522958	0.451886350894	1.89143552924	0.281037617206	0.331132503625	0.693823446109	0.71747659739	1.5107182262	1.07969035283	0.892750937651	0.701833064282	0.883293600773	0.840332653456	1.45945501692	0.607684664089	0.702799163847	0.679415920735	0.702642870952	0.68825080232	0.906599690672	0.734591498308	0.636850449493	0.655594673755	0.949816650556	0.714442295795	0.811660048333	0.521812967617	0.64513641856	0.538500086999	0.447225529241	1.16560112131	1.07398345094	0.485466718221	1.01588104398	0.932343629773	0.914474451426	0.822293673272	0.73433037216	0.737417796037	0.942524697922	0.924400927985	0.631061759304	0.681502561624	0.702636669889	0.645512276462	0.451240845819	0.831036684389	0.470892701788	0.746710695988	0.518574490092	0.807367375544
AB3	2.22812865152	2.20131767037	0.0	1.42461746254	2.19310524408	2.37681782987	1.94324000483	2.24174082165	2.29681445626	2.0771841276	2.4859378057	2.23950312711	2.28930783954	0.345806365394	2.09235788787	2.24158156114	2.45501356694	2.48602434026	1.1453521943	1.41160189464	1.925789855	2.13663286129	2.41420070565	2.37144450459	1.88359164331	2.1481641421	2.34360825036	2.27359283712	1.81705919768	1.80369453359	2.42922918318	2.41596036249	2.23135334944	2.35621951667	2.51853590623	2.45884900435	2.60025585307	1.9860940986	2.52061729821	2.29208329628	2.3909161044	1.29193437409	1.3645957564	2.02828810053	2.72284552924	2.63685088932	2.61110735621	2.67055440793	2.48912164331	2.58606899952	2.75479766071	2.71648570324	2.53445093282	2.59490881585	2.59929433059	2.55103967134	2.2747661044	2.63910318995	2.28698304495	2.59887353794	2.37694189464	2.66890945384
AB4	1.02635876752	0.918810637989	1.42461746254	0.0	0.955908641856	1.07164278395	0.816691889802	1.00284056549	1.14269335911	0.848288907685	1.23084799903	0.966510362494	0.889343939101	1.09700720155	0.845759217013	0.962809569841	1.19520209763	1.22462670372	0.964514374094	0.523325456742	0.951471648139	0.99000661189	1.20716532141	1.15159744321	1.25229035283	0.918236491058	1.1527561334	1.04692591107	0.691585630739	0.666160695988	1.30294705172	1.18709752537	1.07244421943	1.15880816336	1.38852719188	1.25725978734	1.41592048816	0.806449453842	1.2390662639	1.01813892218	1.12837541324	0.586099656839	0.516965717738	0.798348985017	1.5342017158	1.44809098115	1.42208189947	1.42844674722	1.28412331078	1.34782464476	1.55191314161	1.52354599807	1.2654338956	1.35355925085	1.37593512808	1.29040038183	1.04504271629	1.43224908168	1.04947869985	1.36484768487	1.11100416143	1.43592913001
AC3	0.850648646689	0.61676781537	2.19310524408	0.955908641856	0.0	0.751744688255	0.827512943451	0.826201744804	0.979189154181	0.663697646206	1.042769913	0.327339971	0.791264403093	1.88850658289	0.688521053649	0.73784882552	0.968692846786	1.00232005317	1.47605599807	1.09000701305	1.07770610923	1.01127779604	1.23629045433	1.18510542774	1.34351017883	0.832517767037	1.04489705172	1.03324029483	0.941436631223	0.878734934751	1.1784481827	1.01969205413	0.954254920251	0.965653750604	0.778294905752	0.707995891735	0.973926974384	0.710365848236	0.824760483325	0.661380546158	0.748809362011	1.18648937168	1.10998172547	0.645286549058	1.16591581924	1.09111536008	0.812906558724	0.936275698405	0.692971198647	0.781413073949	1.03548592073	0.972675364911	0.714405998067	0.816425766071	0.845324601257	0.747945650072	0.813760637989	0.851336872885	0.814379260512	0.834040618656	0.836817317545	0.887241184147
AC4	0.77305542291	0.611767757371	2.37681782987	1.07164278395	0.751744688255	0.0	1.06069253746	0.375517433543	0.452386263896	0.841368695022	0.34449522958	0.47988301595	0.462795935234	2.06955299178	0.722616897052	0.630498260029	0.529857351377	0.510896698888	1.79836609957	1.33495927985	0.938005142581	0.676747075882	0.636389594007	0.585539531174	1.70934855486	0.727802145964	0.51460257129	0.507982624456	0.746674214596	0.771086176897	0.810226065732	0.615985645239	0.47135041566	0.412776273562	1.01102833253	0.713520067666	0.564055490575	0.623489540841	0.427325606573	0.750108791687	0.541120691155	1.36493232963	1.27300189947	0.61234421943	0.723696708555	0.641900154664	1.01761607057	0.847955659739	0.822801841469	0.806639289512	0.860829603673	0.976032416626	0.598414910585	0.623831237313	0.663022000967	0.638233750604	0.606694393427	0.927935074915	0.641073972934	0.752951628806	0.398768366361	0.796928269696
AD3	0.832357008217	0.795798583857	1.94324000483	0.816691889802	0.827512943451	1.06069253746	0.0	0.864776138231	1.1651878782	0.313908356694	1.25706965201	0.853546176897	0.973453972934	1.6309040116	0.722324059932	0.82437322378	1.14431649106	1.17409029	1.3559578927	0.885490637989	0.836288274529	0.839553011116	1.24064902368	1.17175759787	1.24249475109	0.790757457709	1.10062156597	1.0059157419	0.761241696472	0.697076578057	1.10479174964	1.02367153214	1.06871733688	1.0518821218	1.12343974867	0.989735882069	1.20516430643	0.65381361044	1.09700154664	0.761288318028	0.893547999033	0.853766191397	0.796444374094	0.651837037216	1.34240074915	1.27713239246	1.24791352827	1.31762496858	1.05558516675	1.11664839536	1.41345689222	1.37288077815	1.07763983084	1.14555167231	1.19600503625	1.0781642291	0.886626022233	1.24006566941	0.891033866602	1.15268505558	1.05548546641	1.27409788787
AD4	0.742864543258	0.524171164814	2.24174082165	1.00284056549	0.826201744804	0.375517433543	0.864776138231	0.0	0.342967950701	0.632772179797	0.527595514741	0.592316321895	0.50383861769	1.93060819236	0.562433334944	0.549147863702	0.542102121798	0.518884823586	1.7372281247	1.25606886419	0.831792957951	0.575114968584	0.566526843886	0.530065113581	1.6829521653	0.677472165297	0.457363649106	0.452179555341	0.602941140648	0.681434572257	0.781806650556	0.591750521991	0.299711928468	0.380223470275	1.10492535041	0.793538651522	0.616574480425	0.475716979217	0.527570241663	0.685056452392	0.528615311745	1.20015348478	1.11626704688	0.500554760754	0.773721053649	0.694555703238	1.13033539874	0.942774475592	0.930144108265	0.922448071532	0.969008429193	1.07670048333	0.720455505075	0.685262435959	0.721115645239	0.73478860319	0.51893022233	1.03779975834	0.589901749638	0.864421648139	0.429423895602	0.901914915418
AE3	0.892094581924	0.675468337361	2.29681445626	1.14269335911	0.979189154181	0.452386263896	1.1651878782	0.342967950701	0.0	0.928123881102	0.395510850652	0.746612962784	0.595448791687	1.99889956501	0.743639023683	0.739283325278	0.520008815853	0.48876980667	1.90009138714	1.43801251329	0.958200367327	0.711631445143	0.450368859352	0.449513576607	1.88936821653	0.885123547608	0.422583228613	0.484461261479	0.740371179314	0.849732131464	0.896153943934	0.71722821653	0.237799337844	0.33990878202	1.21379437409	0.913144910585	0.565608453359	0.686669250846	0.623067791203	0.920583929435	0.687689855002	1.30166143548	1.22351362494	0.710449275012	0.761848830353	0.673820125665	1.25479869986	1.05864454326	1.08204776704	1.07060605607	1.06693935718	1.1999817448	0.839060043499	0.814587216046	0.834904958917	0.865191343644	0.669575708072	1.17740057516	0.743003968101	0.999752160464	0.529623484775	1.01987077332
AE4	0.692352605123	0.591996800387	2.0771841276	0.848288907685	0.663697646206	0.841368695022	0.313908356694	0.632772179797	0.928123881102	0.0	1.0473118318	0.638234552924	0.761958192363	1.76733006767	0.552095403577	0.606265012083	0.916914340261	0.94075101015	1.44938000483	0.978068052199	0.777024586757	0.721835712905	1.01939545674	0.953281072982	1.31867895118	0.589492232963	0.866081947801	0.798655128081	0.67667618173	0.62102277912	0.961827452876	0.818852619623	0.837137941034	0.832893842436	0.956843407443	0.814923339778	0.964020541324	0.498478042533	0.864671440309	0.550782242629	0.662509415176	0.989558849686	0.89599881102	0.466898762687	1.1451881972	1.08033365394	1.06533345578	1.12310208313	0.895471899468	0.94790962784	1.22663218946	1.18260453359	0.874921159981	0.922861536974	0.972517713871	0.864253861769	0.675325031416	1.05443726438	0.670370236829	0.977539540841	0.825449444176	1.08237984534
AF3	0.968183586274	0.832076723055	2.4859378057	1.23084799903	1.042769913	0.34449522958	1.25706965201	0.527595514741	0.395510850652	1.0473118318	0.0	0.763622179797	0.653747288545	2.18059795553	0.913978342194	0.84380338811	0.469278748188	0.432527182214	1.98223451426	1.5226300145	1.04108115515	0.819717182214	0.425897409377	0.404028100532	1.94104715805	0.941044857419	0.474059618173	0.590898733688	0.878665645239	0.947854746254	0.819510903818	0.679756950217	0.476243876269	0.457460976317	1.1713878927	0.907362218463	0.452019497342	0.807230792653	0.517847921701	0.959373349444	0.726799951667	1.49739152247	1.41843524408	0.805442387627	0.649347095215	0.572994320928	1.18579640406	0.972373499275	1.07397283712	0.987623054616	0.985858637023	1.09872939584	0.762328622523	0.724345993233	0.76773282262	0.759326273562	0.811878525858	1.06604489125	0.846954644756	0.931008366361	0.532438801353	0.935196520058
AF4	0.739879134848	0.46149522958	2.23950312711	0.966510362494	0.327339971	0.47988301595	0.853546176897	0.592316321895	0.746612962784	0.638234552924	0.763622179797	0.0	0.569158583857	1.93431827936	0.554926486225	0.568044755921	0.7939219913	0.791983620106	1.5878582987	1.11393473659	0.929331454809	0.779515727405	1.00844553407	0.950864287095	1.44792309328	0.632764253262	0.820419748671	0.813826694055	0.777078052199	0.726113716771	1.00031457226	0.839706495892	0.724743378444	0.725014697922	0.822459255679	0.577585316578	0.783886848719	0.564981720638	0.64232500725	0.576697269212	0.586242460126	1.19847166264	1.10999962784	0.483251981634	0.964182547124	0.876398250362	0.85357318028	0.837645016916	0.634298168197	0.662789903335	0.933980343161	0.905417636539	0.590029246013	0.693489333011	0.747176433059	0.621974881585	0.642065548574	0.789789652006	0.648715645239	0.70504182697	0.637422054132	0.779105669406
AG3	0.736958704688	0.451886350894	2.28930783954	0.889343939101	0.791264403093	0.462795935234	0.973453972934	0.50383861769	0.595448791687	0.761958192363	0.653747288545	0.569158583857	0.0	1.9650417158	0.506065843403	0.524932609956	0.560062875785	0.561179429676	1.69851673755	1.23924847753	0.921829487675	0.634140604157	0.72471277912	0.696544610923	1.60436375544	0.674616350894	0.576540932818	0.56069659739	0.713060029	0.738655548574	0.846173890768	0.658254059932	0.57828260029	0.538487781537	1.0138977332	0.727333189947	0.746264755921	0.592220188497	0.579750560657	0.684778753021	0.474785915901	1.28080882552	1.19115041083	0.577917535041	0.917559768004	0.820602566457	0.991084369261	0.840163533108	0.822955524408	0.809242358627	0.947338182697	0.946327481875	0.600176278395	0.672143827936	0.73494540841	0.640520840986	0.487082924118	0.921520454326	0.508334615756	0.761364934751	0.399706476559	0.825053136781
AG4	1.91863323828	1.89143552924	0.345806365394	1.09700720155	1.88850658289	2.06955299178	1.6309040116	1.93060819236	1.99889956501	1.76733006767	2.18059795553	1.93431827936	1.9650417158	0.0	1.78937579507	1.93055650072	2.1564	2.18249929918	0.920629028516	1.1180342726	1.6238241566	1.83081840503	2.11181214596	2.06774955534	1.64182278395	1.84166851619	2.03872050266	1.96650736104	1.52196535041	1.50404535524	2.13822663606	2.11126693088	1.93006880135	2.04477317061	2.21663452876	2.14940076365	2.2954480377	1.67861343644	2.21059507975	1.98251746254	2.08183300628	0.994932107298	1.06551006767	1.72029827453	2.41690966167	2.32778349928	2.30208826003	2.36099440309	2.17734456742	2.2734122523	2.45143717255	2.40749408893	2.22163341228	2.28495443693	2.296159884	2.23987740454	1.96891506042	2.3272639101	1.98130028516	2.28645319478	2.06714149348	2.36010938134
AH3	0.7480939826	0.281037617206	2.09235788787	0.845759217013	0.688521053649	0.722616897052	0.722324059932	0.562433334944	0.743639023683	0.552095403577	0.913978342194	0.554926486225	0.506065843403	1.78937579507	0.0	0.514640396327	0.763407211213	0.773712049299	1.51845794103	1.05617532624	0.85620918318	0.745570188497	0.897897153214	0.876807506042	1.46111258579	0.683807056549	0.768570613823	0.717802189464	0.673161329145	0.649364040599	1.00831658289	0.830129096182	0.649791701305	0.733948637023	1.05235681005	0.81447457709	0.928495123248	0.469599091348	0.804758115031	0.625826133398	0.621322469792	1.03780471242	0.941570038666	0.438507071049	1.11462712905	1.03112280329	1.05101366361	0.966889086515	0.85235478492	0.899124586757	1.09577922185	1.08083387627	0.805553808603	0.864949710005	0.884830285162	0.814764113098	0.561193368777	0.9827560029	0.580661754471	0.897378018366	0.635216892218	0.958205911068
AH4	0.306312484292	0.331132503625	2.24158156114	0.962809569841	0.73784882552	0.630498260029	0.82437322378	0.549147863702	0.739283325278	0.606265012083	0.84380338811	0.568044755921	0.524932609956	1.93055650072	0.514640396327	0.0	0.660542242629	0.683853460609	1.47498328661	1.08188779604	0.851937138714	0.628052469792	0.799343252779	0.747851372644	1.42756024166	0.545120483325	0.644451048816	0.60693442726	0.684400507492	0.665113436443	0.77875257129	0.608735833736	0.685949371677	0.685816650556	0.995067636539	0.747830381827	0.823328463026	0.624668458192	0.643618066699	0.466368840019	0.437497916868	1.22656654906	1.1436759739	0.570062817786	1.01413108265	0.954546437893	0.927245592073	0.862338231029	0.794282788787	0.740961947801	0.965786307395	0.935017549541	0.574125350411	0.654194378927	0.719782735621	0.602670628323	0.368313465442	0.846319579507	0.376785292412	0.758314722088	0.532463359111	0.840440555824
AA7	0.820361377477	0.693823446109	2.45501356694	1.19520209763	0.968692846786	0.529857351377	1.14431649106	0.542102121798	0.520008815853	0.916914340261	0.469278748188	0.7939219913	0.560062875785	2.1564	0.763407211213	0.660542242629	0.0	0.138987631706	1.79858618656	1.36405527791	1.00310562591	0.68955120348	0.456428849686	0.449571372644	1.75806254229	0.812269956501	0.359399052682	0.430966926051	0.81064477042	0.87149297245	0.649145969067	0.421354519091	0.476382334461	0.512515693572	1.18811908168	0.943776694055	0.549048637023	0.799668090865	0.53416077332	0.851476911551	0.641256950217	1.4677760029	1.38339206863	0.812159502175	0.775200826486	0.680920270662	1.10889108265	0.908715978734	1.06230387144	0.957856544224	0.904728385694	1.02798689705	0.70516961334	0.661375490575	0.683933059449	0.71669260029	0.546149028516	0.992487109715	0.58751060899	0.916550198163	0.431876988884	0.868363523441
AA8	0.841699748671	0.71747659739	2.48602434026	1.22462670372	1.00232005317	0.510896698888	1.17409029	0.518884823586	0.48876980667	0.94075101015	0.432527182214	0.791983620106	0.561179429676	2.18249929918	0.773712049299	0.683853460609	0.138987631706	0.0	1.84225361527	1.37816313195	0.999609826003	0.684560749154	0.434217873369	0.420649685839	1.77757118898	0.809045746738	0.336268936684	0.414041749637	0.806288235863	0.869153740938	0.645399835669	0.411952658289	0.457227056549	0.508575369744	1.19455185597	0.94527722088	0.499163122281	0.810102547124	0.536305447076	0.867853881102	0.657526708555	1.50209765104	1.41302800387	0.809018627356	0.730427307878	0.653988163364	1.13770236829	0.916679154181	1.08094097632	0.968870149831	0.906815166747	1.03708665056	0.722547588207	0.655689521508	0.698305031416	0.720647752537	0.573739337844	1.02053674239	0.611084717255	0.926934195263	0.429162542291	0.875002397293
AB7	1.42786219913	1.5107182262	1.1453521943	0.964514374094	1.47605599807	1.79836609957	1.3559578927	1.7372281247	1.90009138714	1.44938000483	1.98223451426	1.5878582987	1.69851673755	0.920629028516	1.51845794103	1.47498328661	1.79858618656	1.84225361527	0.0	0.540245466409	1.49386713388	1.5747637796	1.92960057516	1.85898175447	1.07619817303	1.4335477622	1.78541239246	1.6946961479	1.29698941034	1.19598047366	1.71600365877	1.70172765587	1.80070446109	1.85946157081	1.87412296762	1.82792097632	1.98340791203	1.47196880619	1.85700549058	1.49943086999	1.64741523925	0.972736853552	0.984166384727	1.47040689705	2.16422545674	2.08970526825	1.87684623006	1.97235161914	1.79806274045	1.84286248913	2.0691938086	2.01093176897	1.78795936684	1.85104155147	1.86624966651	1.79883648623	1.59153410343	1.91272561141	1.59675312228	1.86912621556	1.75228265346	1.9626199855
AB8	1.06741311745	1.07969035283	1.41160189464	0.523325456742	1.09000701305	1.33495927985	0.885490637989	1.25606886419	1.43801251329	0.978068052199	1.5226300145	1.11393473659	1.23924847753	1.1180342726	1.05617532624	1.08188779604	1.36405527791	1.37816313195	0.540245466409	0.0	1.03766782504	1.10115622523	1.4562260899	1.37965341711	1.11878334944	0.989921512808	1.30872201547	1.21679155147	0.798870430159	0.718481358144	1.30695810536	1.26825756887	1.34011723538	1.3943817303	1.44517923151	1.36209985984	1.51877036249	1.00474836636	1.43424419043	1.101220029	1.23898834219	0.69610481392	0.676267646206	0.993973059449	1.70806292895	1.62600196713	1.53786924118	1.57209496858	1.38874798453	1.44008209763	1.68026999517	1.63054983084	1.40980619623	1.45617141614	1.4819477477	1.41283238279	1.17970652006	1.54448341228	1.19912519091	1.46641921218	1.28735182214	1.56066351861
AC7	0.828897423876	0.892750937651	1.925789855	0.951471648139	1.07770610923	0.938005142581	0.836288274529	0.831792957951	0.958200367327	0.777024586757	1.04108115515	0.929331454809	0.921829487675	1.6238241566	0.85620918318	0.851937138714	1.00310562591	0.999609826003	1.49386713388	1.03766782504	0.0	0.423906863219	0.995677201547	0.926214949251	1.42015313678	0.706538028033	0.906657912035	0.785278506525	0.546683745771	0.530697554374	0.882778361527	0.804784707588	0.85830698405	0.897627709038	1.29389825036	1.15935695505	1.16393918318	0.776843093282	1.08124500725	0.960568530691	0.981601271145	1.16034500242	1.11937029	0.729469700338	1.16795593523	1.07489163847	1.46905638956	1.45575380377	1.23708409377	1.27316083615	1.54041088932	1.53387007733	1.13022211213	1.1911982552	1.27463126148	1.15751821653	0.924217361044	1.40827814886	0.906584944418	1.28544810053	0.944004306428	1.43612671339
AC8	0.689493296278	0.701833064282	2.13663286129	0.99000661189	1.01127779604	0.676747075882	0.839553011116	0.575114968584	0.711631445143	0.721835712905	0.819717182214	0.779515727405	0.634140604157	1.83081840503	0.745570188497	0.628052469792	0.68955120348	0.684560749154	1.5747637796	1.10115622523	0.423906863219	0.0	0.721690927985	0.660383842436	1.49916824553	0.566887868536	0.539760260996	0.435277559207	0.476802991783	0.536679497342	0.636594678589	0.50782838086	0.601416660222	0.634540932818	1.15773435476	0.89757720638	0.878559743838	0.672601739971	0.776746843886	0.801616399227	0.703265582407	1.20148501208	1.15211326728	0.671338371194	0.958399038183	0.872560048333	1.29809314161	1.14085003383	1.05704448043	1.04539973417	1.22328282745	1.24096583374	0.84859979217	0.880479328178	0.959810430159	0.874454726921	0.576044195263	1.19405985017	0.604250483325	0.993056510391	0.630241493475	1.12246635573
AD7	0.930920492992	0.883293600773	2.41420070565	1.20716532141	1.23629045433	0.636389594007	1.24064902368	0.566526843886	0.450368859352	1.01939545674	0.425897409377	1.00844553407	0.72471277912	2.11181214596	0.897897153214	0.799343252779	0.456428849686	0.434217873369	1.92960057516	1.4562260899	0.995677201547	0.721690927985	0.0	0.16561358144	1.90654640406	0.864511923635	0.391106297728	0.447165606573	0.773685355244	0.884144209763	0.750850942484	0.593328144031	0.466426350894	0.541807481875	1.3662840551	1.09383463026	0.609919594007	0.855209816336	0.709628772354	1.02861731271	0.831085306912	1.43464060899	1.35237765104	0.897581875302	0.797350952151	0.721371875302	1.3535017013	1.13672719671	1.2718901595	1.18062772354	1.12406414693	1.26652153697	0.944809366844	0.8724900145	0.90214579507	0.944353629773	0.732675722571	1.25851630739	0.800541614306	1.12324527308	0.598547259546	1.09483242146
AD8	0.870010691155	0.840332653456	2.37144450459	1.15159744321	1.18510542774	0.585539531174	1.17175759787	0.530065113581	0.449513576607	0.953281072982	0.404028100532	0.950864287095	0.696544610923	2.06774955534	0.876807506042	0.747851372644	0.449571372644	0.420649685839	1.85898175447	1.37965341711	0.926214949251	0.660383842436	0.16561358144	0.0	1.80037439826	0.755953895602	0.346897394877	0.394254944418	0.712676268729	0.803463668439	0.700954973417	0.54683279362	0.467114122765	0.513202774287	1.33309340261	1.0512242581	0.601880840986	0.815904499758	0.675588753021	0.973101343644	0.779884108265	1.38938260996	1.30672328661	0.851974422426	0.774035157081	0.70252059449	1.3179942291	1.11902328178	1.22838376027	1.14256102465	1.11066519091	1.24791419043	0.914619913001	0.851790082165	0.891675538908	0.915593900435	0.70594078782	1.22917689705	0.767326109232	1.08851087965	0.555638298695	1.07587145481
AE7	1.34851698888	1.45945501692	1.88359164331	1.25229035283	1.34351017883	1.70934855486	1.24249475109	1.6829521653	1.88936821653	1.31867895118	1.94104715805	1.44792309328	1.60436375544	1.64182278395	1.46111258579	1.42756024166	1.75806254229	1.77757118898	1.07619817303	1.11878334944	1.42015313678	1.49916824553	1.90654640406	1.80037439826	0.0	1.0677142291	1.76939681005	1.6629242001	1.36365758821	1.27748524891	1.57309090865	1.58178046399	1.79045536491	1.80865116965	1.6906322668	1.71663179314	1.92364535041	1.49554306428	1.80987768971	1.35219800387	1.5801418028	1.4607542726	1.43211587724	1.43488034316	2.03735130498	1.98047242146	1.66467320928	1.83920101498	1.61678536974	1.63356463509	1.96346661672	1.84432449009	1.64193448526	1.71712427743	1.75507465442	1.63026374577	1.57143537941	1.72085241663	1.53722745771	1.71810278395	1.71265888352	1.81909237796
AE8	0.592658448526	0.607684664089	2.1481641421	0.918236491058	0.832517767037	0.727802145964	0.790757457709	0.677472165297	0.885123547608	0.589492232963	0.941044857419	0.632764253262	0.674616350894	1.84166851619	0.683807056549	0.545120483325	0.812269956501	0.809045746738	1.4335477622	0.989921512808	0.706538028033	0.566887868536	0.864511923635	0.755953895602	1.0677142291	0.0	0.758503953601	0.676048637023	0.625727931368	0.545872576124	0.740090560657	0.656193349444	0.789192812953	0.79788980667	1.07996947318	0.880113426776	0.933809632673	0.661964765587	0.845136781054	0.61564878202	0.685675036249	1.19814658772	1.11955838086	0.599794214596	1.08508138714	1.0145640116	1.13546322378	1.10914565491	0.909681367811	0.936178661189	1.19817775254	1.19001086999	0.834229835669	0.877221822136	0.936174741421	0.838906955051	0.663598385694	1.08446577574	0.661705862736	0.941092576124	0.725966974384	1.08371456259
AF7	0.795078448526	0.702799163847	2.34360825036	1.1527561334	1.04489705172	0.51460257129	1.10062156597	0.457363649106	0.422583228613	0.866081947801	0.474059618173	0.820419748671	0.576540932818	2.03872050266	0.768570613823	0.644451048816	0.359399052682	0.336268936684	1.78541239246	1.30872201547	0.906657912035	0.539760260996	0.391106297728	0.346897394877	1.76939681005	0.758503953601	0.0	0.231488521025	0.67794922668	0.760891087482	0.662921696472	0.520519188014	0.394571469309	0.439131343644	1.1666280232	0.89825861769	0.529530666989	0.709913378444	0.583669743838	0.857088434026	0.635809826003	1.36818794103	1.28649031899	0.739253837603	0.760023107782	0.684525741904	1.19256037216	1.00592269696	1.08052884002	1.01768693572	0.991152503625	1.12670051716	0.786368550024	0.748517597873	0.792407278879	0.803256679555	0.556840589657	1.09507399227	0.617532397293	0.948764137264	0.432555384244	0.960391053649
AF8	0.697371232479	0.679415920735	2.27359283712	1.04692591107	1.03324029483	0.507982624456	1.0059157419	0.452179555341	0.484461261479	0.798655128081	0.590898733688	0.813826694055	0.56069659739	1.96650736104	0.717802189464	0.60693442726	0.430966926051	0.414041749637	1.6946961479	1.21679155147	0.785278506525	0.435277559207	0.447165606573	0.394254944418	1.6629242001	0.676048637023	0.231488521025	0.0	0.577164552924	0.662404393427	0.664433745771	0.483603272112	0.418055524408	0.468609144514	1.19933031899	0.922185630739	0.645770913485	0.707686684389	0.607356254229	0.831219410343	0.638169434509	1.2917458579	1.20349437409	0.727882252296	0.85369081682	0.773054349927	1.21268546158	1.02553466892	1.0784918898	1.03823652006	1.01302780087	1.14879318511	0.808047201547	0.781251841469	0.826665292412	0.833796007733	0.528142682455	1.12758444659	0.581598685355	0.977725012083	0.453878859352	0.980633948768
AG7	0.734765993233	0.702642870952	1.81705919768	0.691585630739	0.941436631223	0.746674214596	0.761241696472	0.602941140648	0.740371179314	0.67667618173	0.878665645239	0.777078052199	0.713060029	1.52196535041	0.673161329145	0.684400507492	0.81064477042	0.806288235863	1.29698941034	0.798870430159	0.546683745771	0.476802991783	0.773685355244	0.712676268729	1.36365758821	0.625727931368	0.67794922668	0.577164552924	0.0	0.195311372644	0.808683421943	0.739132948284	0.672453465442	0.781113243113	1.2739058434	0.986708366361	0.957690613823	0.510432551957	0.902452155631	0.862980811986	0.78793557274	0.93859277912	0.88171579507	0.52533582407	1.13769421943	1.06501027066	1.34491331078	1.21119416626	1.17123937168	1.15927450942	1.29599723538	1.30923706138	0.960942609956	1.01176548091	1.04266746738	0.982068303528	0.71941099565	1.26701291445	0.733198511358	1.13180155147	0.771847462542	1.18925342678
AG8	0.660884441759	0.68825080232	1.80369453359	0.666160695988	0.878734934751	0.771086176897	0.697076578057	0.681434572257	0.849732131464	0.62102277912	0.947854746254	0.726113716771	0.738655548574	1.50404535524	0.649364040599	0.665113436443	0.87149297245	0.869153740938	1.19598047366	0.718481358144	0.530697554374	0.536679497342	0.884144209763	0.803463668439	1.27748524891	0.545872576124	0.760891087482	0.662404393427	0.195311372644	0.0	0.870858293862	0.793103257612	0.758948211696	0.819081889802	1.23415233446	1.0203120348	1.03244048816	0.525661324311	0.911867037216	0.793039811503	0.800266085065	0.927430338328	0.872735886902	0.489491749638	1.17771965684	1.1032119768	1.3080958289	1.25537853069	1.11168861769	1.1469540406	1.34594096182	1.34510605607	0.984635761237	1.02344374577	1.05980743354	1.00093680522	0.746346331561	1.24390066216	0.755184229096	1.14401128081	0.790751208313	1.22950563074
AH7	0.767821478975	0.906599690672	2.42922918318	1.30294705172	1.1784481827	0.810226065732	1.10479174964	0.781806650556	0.896153943934	0.961827452876	0.819510903818	1.00031457226	0.846173890768	2.13822663606	1.00831658289	0.77875257129	0.649145969067	0.645399835669	1.71600365877	1.30695810536	0.882778361527	0.636594678589	0.750850942484	0.700954973417	1.57309090865	0.740090560657	0.662921696472	0.664433745771	0.808683421943	0.870858293862	0.0	0.300271546641	0.850021942968	0.8515319768	1.17014958434	1.00904833736	0.81954301595	0.943145543741	0.799095867569	0.920404117931	0.800222339294	1.48871375544	1.42996575157	0.955541391977	0.977349144514	0.902935857902	1.2701101595	1.09719330594	1.18115193813	1.03102589657	1.12972159497	1.20015899468	0.863518066699	0.792320231996	0.849311894635	0.853786128565	0.755441947801	1.16448149831	0.783164987917	0.994128289029	0.728209753504	1.05652701788
AH8	0.704499656839	0.734591498308	2.41596036249	1.18709752537	1.01969205413	0.615985645239	1.02367153214	0.591750521991	0.71722821653	0.818852619623	0.679756950217	0.839706495892	0.658254059932	2.11126693088	0.830129096182	0.608735833736	0.421354519091	0.411952658289	1.70172765587	1.26825756887	0.804784707588	0.50782838086	0.593328144031	0.54683279362	1.58178046399	0.656193349444	0.520519188014	0.483603272112	0.739132948284	0.793103257612	0.300271546641	0.0	0.661432687289	0.639536360561	1.1156017593	0.901423363944	0.697693692605	0.823690990817	0.613429028516	0.791357530208	0.645718429193	1.43396323345	1.35427849686	0.81449661189	0.841218902852	0.762382165297	1.14693843886	0.968418956017	1.04283308362	0.915663552441	0.980823368777	1.08101369261	0.714488540358	0.660848182697	0.723845084582	0.712082769454	0.576022928951	1.03986250846	0.604619105848	0.872964436926	0.507968231029	0.923688115031
AA5	0.856580715321	0.636850449493	2.23135334944	1.07244421943	0.954254920251	0.47135041566	1.06871733688	0.299711928468	0.237799337844	0.837137941034	0.476243876269	0.724743378444	0.57828260029	1.93006880135	0.649791701305	0.685949371677	0.476382334461	0.457227056549	1.80070446109	1.34011723538	0.85830698405	0.601416660222	0.466426350894	0.467114122765	1.79045536491	0.789192812953	0.394571469309	0.418055524408	0.672453465442	0.758948211696	0.850021942968	0.661432687289	0.0	0.283289231513	1.21876677139	0.906535248913	0.626865123248	0.571874224263	0.650732745288	0.827337361044	0.672225519575	1.20486419526	1.12175817303	0.591782271629	0.790238192363	0.687758197197	1.28067859836	1.09423705655	1.07758735621	1.08365817303	1.09948927985	1.23041049783	0.853203228613	0.829943383277	0.85474319478	0.877611909135	0.576912503625	1.18817588207	0.643697651039	1.00706790237	0.516253678105	1.05003121315
AA6	0.854698907685	0.655594673755	2.35621951667	1.15880816336	0.965653750604	0.412776273562	1.0518821218	0.380223470275	0.33990878202	0.832893842436	0.457460976317	0.725014697922	0.538487781537	2.04477317061	0.733948637023	0.685816650556	0.512515693572	0.508575369744	1.85946157081	1.3943817303	0.897627709038	0.634540932818	0.541807481875	0.513202774287	1.80865116965	0.79788980667	0.439131343644	0.468609144514	0.781113243113	0.819081889802	0.8515319768	0.639536360561	0.283289231513	0.0	1.07866827936	0.785280855486	0.523398627356	0.613729313678	0.523234069599	0.805621159981	0.57278757854	1.33538296762	1.24291072982	0.641276520058	0.568806495892	0.468257752537	1.16133954567	0.982761464476	0.954085442243	0.929541720638	0.987702136298	1.10841199613	0.713428873852	0.715257892702	0.756049980667	0.752953030449	0.606433489609	1.05615368777	0.666108303528	0.864472232963	0.456233426776	0.945522880619
AB5	1.06656872402	0.949816650556	2.51853590623	1.38852719188	0.778294905752	1.01102833253	1.12343974867	1.10492535041	1.21379437409	0.956843407443	1.1713878927	0.822459255679	1.0138977332	2.21663452876	1.05235681005	0.995067636539	1.18811908168	1.19455185597	1.87412296762	1.44517923151	1.29389825036	1.15773435476	1.3662840551	1.33309340261	1.6906322668	1.07996947318	1.1666280232	1.19933031899	1.2739058434	1.23415233446	1.17014958434	1.1156017593	1.21876677139	1.07866827936	0.0	0.427228612856	0.964388550024	1.02659061382	0.925206727888	0.835395374577	0.875566046399	1.54967075399	1.47245547124	1.00630169647	1.01612674239	0.971275814403	0.818084712421	0.970407501208	0.759544934751	0.742502266796	1.06047058966	0.980091459642	0.805543523441	0.89682778637	0.93121781537	0.852750057999	1.02102659256	0.84195077332	1.00849417593	0.809306631223	1.00870582407	0.941958168197
AB6	0.896737858869	0.714442295795	2.45884900435	1.25725978734	0.707995891735	0.713520067666	0.989735882069	0.793538651522	0.913144910585	0.814923339778	0.907362218463	0.577585316578	0.727333189947	2.14940076365	0.81447457709	0.747830381827	0.943776694055	0.94527722088	1.82792097632	1.36209985984	1.15935695505	0.89757720638	1.09383463026	1.0512242581	1.71663179314	0.880113426776	0.89825861769	0.922185630739	0.986708366361	1.0203120348	1.00904833736	0.901423363944	0.906535248913	0.785280855486	0.427228612856	0.0	0.715635732238	0.757917989367	0.675188148864	0.723023059449	0.613659879169	1.43570478975	1.34812781537	0.739614224263	0.738882837119	0.719465297245	0.738019511841	0.684955650072	0.554003291445	0.503545273079	0.782276109232	0.733115538908	0.563543890768	0.663403011116	0.697600860319	0.625116573224	0.734690217496	0.653964528758	0.731720488159	0.504108419526	0.752100236829	0.648822150797
AC5	0.965194248429	0.811660048333	2.60025585307	1.41592048816	0.973926974384	0.564055490575	1.20516430643	0.616574480425	0.565608453359	0.964020541324	0.452019497342	0.783886848719	0.746264755921	2.2954480377	0.928495123248	0.823328463026	0.549048637023	0.499163122281	1.98340791203	1.51877036249	1.16393918318	0.878559743838	0.609919594007	0.601880840986	1.92364535041	0.933809632673	0.529530666989	0.645770913485	0.957690613823	1.03244048816	0.81954301595	0.697693692605	0.626865123248	0.523398627356	0.964388550024	0.715635732238	0.0	0.781371082649	0.451374610923	0.893864523925	0.670777525375	1.61649184147	1.51051416143	0.835343199613	0.490409753504	0.455974852586	1.00524136298	0.799765853069	0.921379284679	0.822131068149	0.775010159497	0.889801894635	0.607857834703	0.541669975834	0.557973470275	0.610422416626	0.758391343644	0.887003170614	0.80498318028	0.756252474625	0.5667499855	0.749262097632
AC6	0.803061696472	0.521812967617	1.9860940986	0.806449453842	0.710365848236	0.623489540841	0.65381361044	0.475716979217	0.686669250846	0.498478042533	0.807230792653	0.564981720638	0.592220188497	1.67861343644	0.469599091348	0.624668458192	0.799668090865	0.810102547124	1.47196880619	1.00474836636	0.776843093282	0.672601739971	0.855209816336	0.815904499758	1.49554306428	0.661964765587	0.709913378444	0.707686684389	0.510432551957	0.525661324311	0.943145543741	0.823690990817	0.571874224263	0.613729313678	1.02659061382	0.757917989367	0.781371082649	0.0	0.753592344128	0.665701541808	0.603262402127	0.869720082165	0.774651884969	0.270445263412	0.985633170614	0.910759603673	1.10839065732	1.05086557757	0.909007051716	0.922870666989	1.12812911068	1.11707373127	0.817238506525	0.87580518608	0.895655437409	0.832852242629	0.627245277912	1.04019289029	0.646423436443	0.932207568874	0.648693286612	1.02536266312
AD6	0.805430434993	0.64513641856	2.52061729821	1.2390662639	0.824760483325	0.427325606573	1.09700154664	0.527570241663	0.623067791203	0.864671440309	0.517847921701	0.64232500725	0.579750560657	2.21059507975	0.804758115031	0.643618066699	0.53416077332	0.536305447076	1.85700549058	1.43424419043	1.08124500725	0.776746843886	0.709628772354	0.675588753021	1.80987768971	0.845136781054	0.583669743838	0.607356254229	0.902452155631	0.911867037216	0.799095867569	0.613429028516	0.650732745288	0.523234069599	0.925206727888	0.675188148864	0.451374610923	0.753592344128	0.0	0.730010956984	0.426196157564	1.51080390043	1.42645295795	0.765729874335	0.645278361527	0.58120838086	0.841882440793	0.659712788787	0.8029800145	0.667746259062	0.67706479942	0.785923475109	0.444712580957	0.432124954084	0.464655553407	0.472526491058	0.582735234413	0.742600488159	0.617511140648	0.618202716288	0.3799519913	0.634008994683
AE5	0.52900979217	0.538500086999	2.29208329628	1.01813892218	0.661380546158	0.750108791687	0.761288318028	0.685056452392	0.920583929435	0.550782242629	0.959373349444	0.576697269212	0.684778753021	1.98251746254	0.625826133398	0.466368840019	0.851476911551	0.867853881102	1.49943086999	1.101220029	0.960568530691	0.801616399227	1.02861731271	0.973101343644	1.35219800387	0.61564878202	0.857088434026	0.831219410343	0.862980811986	0.793039811503	0.920404117931	0.791357530208	0.827337361044	0.805621159981	0.835395374577	0.723023059449	0.893864523925	0.665701541808	0.730010956984	0.0	0.3817739971	1.22685844369	1.13875483809	0.592747916868	1.11356434993	1.05207835186	0.847771599807	0.896154804253	0.759992508458	0.689085596907	0.999343112615	0.95628240696	0.600219323345	0.70035881102	0.766156814886	0.605078356694	0.548464702755	0.836100164331	0.519597022716	0.752343591107	0.698601778637	0.880193320445
AE6	0.60331737071	0.447225529241	2.3909161044	1.12837541324	0.748809362011	0.541120691155	0.893547999033	0.528615311745	0.687689855002	0.662509415176	0.726799951667	0.586242460126	0.474785915901	2.08183300628	0.621322469792	0.437497916868	0.641256950217	0.657526708555	1.64741523925	1.23898834219	0.981601271145	0.703265582407	0.831085306912	0.779884108265	1.5801418028	0.685675036249	0.635809826003	0.638169434509	0.78793557274	0.800266085065	0.800222339294	0.645718429193	0.672225519575	0.57278757854	0.875566046399	0.613659879169	0.670777525375	0.603262402127	0.426196157564	0.3817739971	0.0	1.34946596423	1.2601238376	0.580478269696	0.872347684872	0.8009180232	0.827455959401	0.710545543741	0.740560029	0.616304552924	0.80886520058	0.794692092798	0.435246708555	0.485613562107	0.539711266312	0.452401295312	0.434182875785	0.737908680522	0.42092760754	0.589987989367	0.448448293862	0.701934876752
AF5	1.2555217013	1.16560112131	1.29193437409	0.586099656839	1.18648937168	1.36493232963	0.853766191397	1.20015348478	1.30166143548	0.989558849686	1.49739152247	1.19847166264	1.28080882552	0.994932107298	1.03780471242	1.22656654906	1.4677760029	1.50209765104	0.972736853552	0.69610481392	1.16034500242	1.20148501208	1.43464060899	1.38938260996	1.4607542726	1.19814658772	1.36818794103	1.2917458579	0.93859277912	0.927430338328	1.48871375544	1.43396323345	1.20486419526	1.33538296762	1.54967075399	1.43570478975	1.61649184147	0.869720082165	1.51080390043	1.22685844369	1.34946596423	0.0	0.159487298212	0.929975969067	1.73318533591	1.65100048816	1.65493998067	1.69276252779	1.5295558724	1.58252550991	1.77823002417	1.77109377477	1.52503085549	1.59875553407	1.61565725955	1.54483289512	1.24079900918	1.683559826	1.25825181247	1.60057886419	1.38008132431	1.67974494925
AF6	1.19328447559	1.07398345094	1.3645957564	0.516965717738	1.10998172547	1.27300189947	0.796444374094	1.11626704688	1.22351362494	0.89599881102	1.41843524408	1.10999962784	1.19115041083	1.06551006767	0.941570038666	1.1436759739	1.38339206863	1.41302800387	0.984166384727	0.676267646206	1.11937029	1.15211326728	1.35237765104	1.30672328661	1.43211587724	1.11955838086	1.28649031899	1.20349437409	0.88171579507	0.872735886902	1.42996575157	1.35427849686	1.12175817303	1.24291072982	1.47245547124	1.34812781537	1.51051416143	0.774651884969	1.42645295795	1.13875483809	1.2601238376	0.159487298212	0.0	0.837098511358	1.64211919768	1.55822347511	1.57630308362	1.59429717255	1.44346493958	1.50044873852	1.67914602223	1.68176362494	1.4330662349	1.51268552924	1.52509180764	1.45744850652	1.14679414693	1.59693911068	1.16403838569	1.50692415176	1.29511260512	1.58315536974
AG5	0.721505548574	0.485466718221	2.02828810053	0.798348985017	0.645286549058	0.61234421943	0.651837037216	0.500554760754	0.710449275012	0.466898762687	0.805442387627	0.483251981634	0.577917535041	1.72029827453	0.438507071049	0.570062817786	0.812159502175	0.809018627356	1.47040689705	0.993973059449	0.729469700338	0.671338371194	0.897581875302	0.851974422426	1.43488034316	0.599794214596	0.739253837603	0.727882252296	0.52533582407	0.489491749638	0.955541391977	0.81449661189	0.591782271629	0.641276520058	1.00630169647	0.739614224263	0.835343199613	0.270445263412	0.765729874335	0.592747916868	0.580478269696	0.929975969067	0.837098511358	0.0	0.998276906718	0.923003910101	1.08245345578	1.0394059594	0.865170526825	0.904333697438	1.12847910101	1.10825573707	0.767877022716	0.836439681005	0.883010918318	0.781957728371	0.605512841953	0.9995920058	0.612650362494	0.898139366844	0.654788071532	1.01277763171
