	AA3	AA4	AB3	AB4	AC3	AC4	AD3	AD4	AE3	AE4	AF3	AF4	AG3	AG4	AH3	AH4	AA7	AA8	AB7	AB8	AC7	AC8	AD7	AD8	AE7	AE8	AF7	AF8	AG7	AG8	AH7	AH8	AA5	AA6	AB5	AB6	AC5	AC6	AD6	AE5	AE6	AF5	AF6	AG5	AH5	AH6	AA1	AA2	AB1	AB2	AC1	AC2	AD1	AD2	AE1	AE2	AF1	AF2	AG1	AG2	AH1	AH2
AA3	0.0	0.508874084099	2.2707238231	0.974811846303	0.839232464959	0.750309951667	0.938910657322	0.782263784437	0.877020647656	0.700094712421	0.93080298695	0.738299758337	0.696469579507	1.92331723538	0.778753977767	0.299638105365	0.781341053649	0.788899371677	1.41334445626	1.04595936684	0.832917496375	0.692898917351	0.875079308845	0.876711362977	1.36983640406	0.587063929435	0.780386220396	0.664169903335	0.716264794587	0.688166273562	0.761325181247	0.671257506042	0.876811309812	0.837396539391	1.08293506042	0.934995785404	0.908387462542	0.767658806187	0.775423721605	0.602859632673	0.573747472209	1.33209527791	1.18758897535	0.707268743354	1.12976281295	1.03824445143	0.966586524891	0.966791841469	0.911969618173	0.892683924601	1.08476322861	0.981466650556	0.63208580957	0.698264722088	0.724849540841	0.667450652489	0.538849826003	0.846164258096	0.516542464959	0.921407883035	0.637136080232	0.949372247463
AA4	0.508874084099	0.0	2.26469789754	0.933011227646	0.668081184147	0.582867003383	0.912009884002	0.513780468826	0.669843508942	0.621175804737	0.807545345578	0.51638218463	0.42471361044	1.91620422426	0.345666447559	0.264150990817	0.60438337361	0.617849772837	1.52414898018	1.05859653456	0.836937651039	0.600843856936	0.808968608023	0.757912029966	1.49245597873	0.550561686805	0.637323755437	0.58294181247	0.651494693088	0.693761701305	0.813296916385	0.62433159014	0.635290952151	0.618205036249	0.953254644756	0.723060029	0.740315389077	0.540954069599	0.636721923635	0.509885703238	0.423831541808	1.27509555824	1.12185854519	0.495530898985	0.970990971484	0.855874958917	0.961928226196	0.863765915901	0.783724765587	0.769234731754	0.985943151281	0.907205664572	0.589310101498	0.64785478492	0.667666331561	0.609674316095	0.377100362494	0.817049797003	0.366336384727	0.778137201547	0.450897452876	0.836030845819
AB3	2.2707238231	2.26469789754	0.0	1.45334697922	2.17835277912	2.4251161914	1.89814616723	2.31024451426	2.37020338811	2.09060455776	2.52565411793	2.29443968584	2.31172660706	0.397847042049	2.17437578057	2.24008668439	2.46830114548	2.50400825036	1.22591251329	1.48428605123	2.00050301112	2.17581662156	2.4375522958	2.41672677622	1.91492499275	2.20018730788	2.36752666022	2.30006200097	1.88383622523	1.81448074915	2.45617240696	2.45079724988	2.29926941034	2.37985024166	2.54459438859	2.50380069116	2.61400365877	1.99023189947	2.5646442581	2.30990230546	2.41430715805	1.2644522668	1.38683035283	2.10779348478	2.74508998067	2.65598430159	2.66248643306	2.73519390527	2.55359593523	2.63560912035	2.80693029966	2.73762113581	2.56431267762	2.61884493958	2.6076678637	2.59225925085	2.31460357661	2.65641469309	2.31757070565	2.66269284679	2.40998715321	2.69813444659
AB4	0.974811846303	0.933011227646	1.45334697922	0.0	0.914007162881	1.08013845336	0.777438540358	1.03785677139	1.1543119623	0.814309072015	1.24886669406	0.970670666989	0.88868380377	1.08998899468	0.878554910585	0.896375152247	1.17184924601	1.20020773804	0.951514127598	0.475321913968	0.929793518608	0.94159221363	1.18871094248	1.16397648139	1.27314031416	0.921384330594	1.12978650556	1.04482055099	0.640830531658	0.595839057516	1.26154730304	1.17445627356	1.11824429676	1.15003966651	1.37161932818	1.27306623973	1.37244179314	0.754411986467	1.23953792653	0.987302208797	1.08095099565	0.652384001933	0.533005954567	0.829474055099	1.49948736104	1.4149440696	1.44738513775	1.46249607057	1.32369537458	1.37128709038	1.56750966167	1.49724586274	1.24535906718	1.31677459642	1.32476144514	1.28819895118	1.01303244079	1.39453953601	1.01699637989	1.38538041566	1.09554652489	1.42449082165
AC3	0.839232464959	0.668081184147	2.17835277912	0.914007162881	0.0	0.747917612373	0.869861053649	0.861940560657	0.995779463509	0.617770444659	1.06489740454	0.364695471242	0.790360362494	1.83199865152	0.647646152731	0.746593711938	0.956152841953	0.984679328178	1.39700832769	1.00003228613	1.03554131948	1.00181777187	1.24318472692	1.16700062832	1.30071434026	0.809712576124	1.06292334461	1.01953597873	0.887185814403	0.8605439971	1.17451542291	0.985075722571	0.982582044466	0.973088318028	0.836232416626	0.786980565491	0.965009594007	0.707319565007	0.861756930884	0.616583030449	0.682204722088	1.20402452392	1.07507484775	0.587359971	1.18883740454	1.10240815853	0.875634639923	0.99446078782	0.758975906235	0.843706230063	1.11661369261	0.994567274045	0.745018931851	0.837688129531	0.850413673272	0.784977936201	0.828974354761	0.858513465442	0.768597568874	0.902074712421	0.810397080715	0.958142450459
AC4	0.750309951667	0.582867003383	2.4251161914	1.08013845336	0.747917612373	0.0	1.16097674239	0.398943992267	0.485679386177	0.872319299178	0.382450541324	0.487754804253	0.486249516675	2.07640565007	0.664119260512	0.627646220396	0.548041793137	0.537329033349	1.80389079265	1.3029381827	0.89236762204	0.623452474625	0.667172479459	0.613703905268	1.72086971967	0.717152382794	0.543230159497	0.546248864186	0.696027138714	0.815742025133	0.802758313195	0.616666384727	0.514738264862	0.438874572257	0.980903310778	0.733814746254	0.547687196713	0.654485654906	0.432660391493	0.72947658289	0.491448733688	1.43997849203	1.29413833736	0.607399787337	0.710806336394	0.603938289029	1.03591744321	0.860112290962	0.809228327695	0.792262769454	0.912113412276	0.92958861769	0.576584461092	0.626481894635	0.644043088449	0.599847776704	0.597810333494	0.883806292895	0.63901622523	0.741099710005	0.414171532141	0.830303784437
AD3	0.938910657322	0.912009884002	1.89814616723	0.777438540358	0.869861053649	1.16097674239	0.0	1.07920954084	1.30238676172	0.395941725471	1.38006511841	0.990818844853	1.06276122281	1.55187728855	0.877118912518	0.915262914451	1.24699740454	1.24200863702	1.29924066216	0.837548632189	0.889413576607	0.974202489125	1.32978134364	1.30076543258	1.22250424843	0.912097970034	1.22114300628	1.10359440309	0.90441019333	0.786996157564	1.20494477042	1.14101365394	1.23791679555	1.19555366361	1.20802255679	1.11519980184	1.30655323828	0.750100135331	1.22210768971	0.841590734654	1.00640491542	0.869143557274	0.764654171097	0.793127742871	1.46432669406	1.37338183664	1.36407836153	1.44180246979	1.17252694538	1.25728095215	1.56730135814	1.45498730304	1.19542061382	1.2612222813	1.2712540116	1.21549439826	0.994620686322	1.32452633156	0.998756138231	1.28413124215	1.14880890285	1.3786117303
AD4	0.782263784437	0.513780468826	2.31024451426	1.03785677139	0.861940560657	0.398943992267	1.07920954084	0.0	0.276603040116	0.772998902852	0.478584925085	0.651126452392	0.527883465442	1.96509449493	0.574534833253	0.60199420493	0.487953750604	0.493791807637	1.77924449976	1.26812446593	0.868897481875	0.55684521508	0.536572305462	0.471279062349	1.76812138714	0.734622145964	0.40731778637	0.414630874819	0.58457121798	0.761047921701	0.807279221846	0.62866579507	0.266212039633	0.327345157081	1.0924217158	0.831160536491	0.556665998067	0.545914751087	0.540095693572	0.729570889319	0.573066897052	1.3249458289	1.16661659739	0.580013359111	0.730574630256	0.605873252779	1.15189572257	0.961304045433	0.974383687772	0.962210202997	0.980921851136	1.04099171097	0.716596370227	0.712121430643	0.721689168681	0.718245476075	0.549201121315	1.01745974867	0.594287912035	0.893456027066	0.460175688739	0.939957046883
AE3	0.877020647656	0.669843508942	2.37020338811	1.1543119623	0.995779463509	0.485679386177	1.30238676172	0.276603040116	0.0	0.992284610923	0.372625364911	0.780404301595	0.597436065732	2.02584043499	0.69574956984	0.741552759787	0.492431532141	0.508518656356	1.90893890768	1.41159308362	0.981860280329	0.678063044949	0.436619521508	0.415764973417	1.91058041566	0.881024751087	0.391363784437	0.485087303045	0.695427694538	0.893431551474	0.891011464476	0.72289942001	0.240026486225	0.311218260029	1.2009901015	0.949668535524	0.568755524408	0.721371536974	0.605354789753	0.92584918318	0.692869840503	1.42755073465	1.27023358627	0.748827080715	0.794807365877	0.650038564524	1.24402319961	1.04893716771	1.07938249396	1.0531857709	1.0570977767	1.13488490092	0.81045720638	0.809301213146	0.809359951667	0.821558714355	0.678474272595	1.12033428226	0.732060898985	0.988318438859	0.553905350411	1.02647798937
AE4	0.700094712421	0.621175804737	2.09060455776	0.814309072015	0.617770444659	0.872319299178	0.395941725471	0.772998902852	0.992284610923	0.0	1.09974672789	0.711819159014	0.793495050749	1.7429222233	0.651900947318	0.625142513291	0.933629550507	0.939736742388	1.39999160947	0.917027709038	0.796593407443	0.760595060416	1.04643485259	1.01561823586	1.30077536008	0.641941309811	0.933986858386	0.814855838569	0.667237467376	0.653034132431	0.98315419043	0.8618460029	0.94172561624	0.921482358627	0.988224842919	0.897414509425	0.988952846786	0.542213547608	0.917557960367	0.592592295795	0.697277303045	1.04302855969	0.896227022716	0.542176524891	1.21796327695	1.12430434509	1.08849695505	1.16129047849	0.946915456742	1.00727046883	1.29593536974	1.18009346544	0.917711561141	0.950864499758	0.976365055582	0.922158849686	0.696856988884	1.05134827936	0.703993378444	1.03267757854	0.847782827453	1.10755085549
AF3	0.93080298695	0.807545345578	2.52565411793	1.24886669406	1.06489740454	0.382450541324	1.38006511841	0.478584925085	0.372625364911	1.09974672789	0.0	0.810398878685	0.698457080715	2.17473535041	0.871955108748	0.839378308362	0.504240492992	0.469963315611	1.98320057999	1.48375255196	1.04624838086	0.79319958434	0.388230473659	0.364719173514	1.96280152731	0.939259395843	0.459018313195	0.5935620058	0.82129499275	0.985761034316	0.831685432576	0.703058540358	0.449962455292	0.46338442726	1.17912146931	0.954946553891	0.467533658772	0.830882924118	0.531554055099	0.968477061382	0.714003093282	1.57845292895	1.4279418028	0.831756930884	0.718256848719	0.591435055582	1.20827772837	1.00483045916	1.09241092315	1.0147900725	1.01977960367	1.07712288062	0.780922832286	0.751367544708	0.766708632189	0.744969299178	0.809700884485	1.04229264862	0.855517293378	0.951265118415	0.571881870469	0.979404233929
AF4	0.738299758337	0.51638218463	2.29443968584	0.970670666989	0.364695471242	0.487754804253	0.990818844853	0.651126452392	0.780404301595	0.711819159014	0.810398878685	0.0	0.566601256646	1.94672468826	0.516462551957	0.590462851619	0.799971039149	0.790713755437	1.5847239826	1.09159771387	0.927592373127	0.800421556307	1.02483689222	0.957890096665	1.47965083615	0.64861041566	0.858567506042	0.822090937651	0.777305683905	0.782504301595	1.02887430643	0.864384755921	0.767512924118	0.743065877235	0.784639217013	0.590082116965	0.786833310778	0.622937056549	0.663898540358	0.573555311745	0.548723315611	1.29688381344	1.16861029966	0.484137201547	0.92882840986	0.830256843886	0.836202638956	0.825503721605	0.623329444176	0.670380947318	0.95157521508	0.833616239729	0.555645500242	0.663544325761	0.682096239729	0.634170942484	0.66853257129	0.711126162397	0.640890188497	0.716760314161	0.624448550024	0.783459072015
AG3	0.696469579507	0.42471361044	2.31172660706	0.88868380377	0.790360362494	0.486249516675	1.06276122281	0.527883465442	0.597436065732	0.793495050749	0.698457080715	0.566601256646	0.0	1.94524683422	0.47221277912	0.519328545191	0.557165529241	0.564230584824	1.67887352344	1.17753971484	0.88660879652	0.631499536008	0.747814746254	0.70939777187	1.59322527791	0.656040536491	0.605769594007	0.581387187047	0.658632305462	0.752304146931	0.855708342194	0.675248815853	0.612963276945	0.56346240696	1.00637924601	0.77127820203	0.743589705172	0.610705302078	0.626542097632	0.662492527791	0.499969357177	1.34381717255	1.20261235863	0.569067380377	0.906276906718	0.816463832769	1.01228580957	0.885753310778	0.846506466892	0.815733736104	0.996172692122	0.921331599807	0.602496036733	0.695224393427	0.722689086515	0.647319739004	0.48724499275	0.891287235379	0.480478376027	0.794796563557	0.435591034316	0.846167501208
AG4	1.92331723538	1.91620422426	0.397847042049	1.08998899468	1.83199865152	2.07640565007	1.55187728855	1.96509449493	2.02584043499	1.7429222233	2.17473535041	1.94672468826	1.94524683422	0.0	1.83161036249	1.88889395843	2.12351161914	2.15751814403	0.960071841469	1.15400909135	1.65431797003	1.83178218463	2.09075231996	2.06965715321	1.63577954567	1.85399550991	2.02631242629	1.95267910585	1.55071407443	1.47241482842	2.12809808603	2.10300644756	1.95611981634	2.03376052199	2.20935826003	2.16182644756	2.27000895118	1.64101456259	2.21681043016	1.96000064766	2.06469172547	0.929429294345	1.05041172064	1.76037218463	2.40113211213	2.30700690672	2.31055784437	2.386520087	2.20301510875	2.28192867086	2.46086019333	2.38933269212	2.21186881585	2.26467548091	2.26221304978	2.24073432576	1.9642138376	2.30787530691	1.96909060416	2.30724915901	2.06348014983	2.35111438376
AH3	0.778753977767	0.345666447559	2.17437578057	0.878554910585	0.647646152731	0.664119260512	0.877118912518	0.574534833253	0.69574956984	0.651900947318	0.871955108748	0.516462551957	0.47221277912	1.83161036249	0.0	0.546579835669	0.741273755437	0.766493088449	1.54349473175	1.05586074915	0.884834490092	0.745994683422	0.936937462542	0.88650020783	1.50732104398	0.70034117448	0.771974098598	0.75376062349	0.668897883035	0.708184407927	1.01441889802	0.841818869019	0.672790681489	0.676490642823	0.999458018366	0.790766640889	0.875068738521	0.515418641856	0.774985326245	0.616917477042	0.575988119865	1.16641347028	1.0114440841	0.466822450459	1.06558666022	0.944874659256	1.03720942484	0.955123663606	0.84682237796	0.874636307395	1.06674294828	1.00209208313	0.752113494442	0.818373064282	0.801828148864	0.778042107298	0.594852909618	0.901629052682	0.568024349927	0.88115118898	0.637020507492	0.919419700338
AH4	0.299638105365	0.264150990817	2.24008668439	0.896375152247	0.746593711938	0.627646220396	0.915262914451	0.60199420493	0.741552759787	0.625142513291	0.839378308362	0.590462851619	0.519328545191	1.88889395843	0.546579835669	0.0	0.656621923635	0.666996607057	1.43878768487	1.00475209763	0.7894979797	0.587515746738	0.78064897535	0.755360691155	1.43475686805	0.494747854036	0.665429719671	0.579511498308	0.607289221846	0.626573765104	0.764874664089	0.596551000483	0.712059352344	0.692749714838	1.03005377477	0.814492179797	0.791836355727	0.601052155631	0.672191889802	0.549056500725	0.470736510391	1.27538332044	1.11818804737	0.569257597873	1.02739648139	0.908660159497	1.0057639826	0.927475785404	0.865655814403	0.828688641856	1.04662405027	0.965985036249	0.624513484775	0.691411768971	0.715186718221	0.65510102465	0.368619318511	0.867316147898	0.388292382794	0.843870560657	0.504514939584	0.898833987434
AA7	0.781341053649	0.60438337361	2.46830114548	1.17184924601	0.956152841953	0.548041793137	1.24699740454	0.487953750604	0.492431532141	0.933629550507	0.504240492992	0.799971039149	0.557165529241	2.12351161914	0.741273755437	0.656621923635	0.0	0.15393720638	1.78164912518	1.30691612856	0.973945026583	0.636659255679	0.470535248913	0.479184325761	1.75620006767	0.765320053166	0.378827902368	0.399271063316	0.752860966651	0.878736742388	0.648526466892	0.426619458676	0.479774693088	0.496957573707	1.19445299178	0.981163334944	0.541127665539	0.772111739971	0.540029869502	0.874739903335	0.681137728371	1.51096079749	1.37151466892	0.825262489125	0.816157689705	0.690090376994	1.11105291445	0.918007675205	1.03936689222	0.966180666989	0.929797090382	0.99307261479	0.693230111165	0.668640845819	0.684334519091	0.683812121798	0.516717762204	0.96325318028	0.561611406477	0.922416186564	0.450410782987	0.903961623973
AA8	0.788899371677	0.617849772837	2.50400825036	1.20020773804	0.984679328178	0.537329033349	1.24200863702	0.493791807637	0.508518656356	0.939736742388	0.469963315611	0.790713755437	0.564230584824	2.15751814403	0.766493088449	0.666996607057	0.15393720638	0.0	1.81469814403	1.31738691638	0.957786640889	0.628008709522	0.447613151281	0.457534330594	1.74918833253	0.751323813436	0.36381022233	0.393584306428	0.757654519091	0.887003750604	0.59413081682	0.401523876269	0.503306447559	0.499190439826	1.17733090382	0.975905316578	0.488577109715	0.792790309328	0.519981981634	0.875457544708	0.692570265829	1.55567781054	1.41252790237	0.807556147898	0.765686602223	0.640502054132	1.12669046883	0.899580666989	1.04259699372	0.956248883519	0.915557457709	0.978128400193	0.705792991783	0.650099743838	0.67023322378	0.666705480909	0.571472165297	0.96755282262	0.595168564524	0.915490850652	0.445345737071	0.893879922668
AB7	1.41334445626	1.52414898018	1.22591251329	0.951514127598	1.39700832769	1.80389079265	1.29924066216	1.77924449976	1.90893890768	1.39999160947	1.98320057999	1.5847239826	1.67887352344	0.960071841469	1.54349473175	1.43878768487	1.78164912518	1.81469814403	0.0	0.558686317061	1.50661394877	1.59656815853	1.90840270179	1.89224299178	1.0602877332	1.4351540406	1.80672837603	1.68173445626	1.33317628806	1.1550859449	1.71094958917	1.66195594007	1.84335903335	1.86694724021	1.83562540358	1.82152693088	1.92384076365	1.44578364911	1.85500295795	1.4728782697	1.60513787337	0.977916292895	1.00429739488	1.47254354277	2.13565797003	2.0705478637	1.86638032866	1.9559777187	1.81697506042	1.83295644273	2.06422721121	1.96204429193	1.75489857902	1.81343641856	1.80548994683	1.78142263896	1.59528562107	1.86630532141	1.56089333978	1.89262231513	1.72158687772	1.9310742581
AB8	1.04595936684	1.05859653456	1.48428605123	0.475321913968	1.00003228613	1.3029381827	0.837548632189	1.26812446593	1.41159308362	0.917027709038	1.48375255196	1.09159771387	1.17753971484	1.15400909135	1.05586074915	1.00475209763	1.30691612856	1.31738691638	0.558686317061	0.0	1.0340040841	1.09523186564	1.40299984534	1.37240558724	1.11523833253	0.956465857902	1.29953861769	1.17275092315	0.805442063799	0.643176766554	1.27635909618	1.23161146931	1.35014059449	1.36641980184	1.40917769454	1.35952144514	1.45843483325	0.945996191397	1.39660606573	1.06316262446	1.1813140696	0.750700260996	0.682488622523	0.982000647656	1.65714880135	1.58281099082	1.52937928951	1.5550021218	1.38588322378	1.42058279845	1.66479997583	1.58098297245	1.37289899952	1.42145006283	1.41775132431	1.39116886902	1.14473528275	1.49571505075	1.15011012566	1.46921760271	1.23861580474	1.53052192847
AC7	0.832917496375	0.836937651039	2.00050301112	0.929793518608	1.03554131948	0.89236762204	0.889413576607	0.868897481875	0.981860280329	0.796593407443	1.04624838086	0.927592373127	0.88660879652	1.65431797003	0.884834490092	0.7894979797	0.973945026583	0.957786640889	1.50661394877	1.0340040841	0.0	0.45999457709	0.96082621073	0.951053798937	1.39979853069	0.679798738521	0.889657887869	0.776861909135	0.557777612373	0.563297100048	0.852122745288	0.83272702755	0.912920657322	0.902887327211	1.25486262929	1.12593344611	1.12846362494	0.730078274529	1.0570242146	0.948906051232	0.98279178347	1.20208568874	1.10133996617	0.725406249396	1.13318492025	1.04477535524	1.45759237313	1.43917986467	1.20439951667	1.26668633156	1.54111262446	1.46922391493	1.10757881102	1.16486827936	1.20019609473	1.12518033833	0.883022634123	1.34098746738	0.892105268246	1.26587227163	0.910456940551	1.40674514258
AC8	0.692898917351	0.600843856936	2.17581662156	0.94159221363	1.00181777187	0.623452474625	0.974202489125	0.55684521508	0.678063044949	0.760595060416	0.79319958434	0.800421556307	0.631499536008	1.83178218463	0.745994683422	0.587515746738	0.636659255679	0.628008709522	1.59656815853	1.09523186564	0.45999457709	0.0	0.640178622523	0.668272348961	1.52316551957	0.574831681972	0.489696089898	0.371097462542	0.460584736588	0.589304108265	0.629907984534	0.536041527308	0.605105065249	0.60316362494	1.14287558241	0.89503081682	0.809257486709	0.617630019333	0.741569801837	0.816129695505	0.737208100532	1.26206418076	1.11356418076	0.650929864669	0.906490285162	0.812819221846	1.30233228613	1.12208366361	1.06232238763	1.04386878685	1.21530446593	1.18542111165	0.837617129048	0.83639818753	0.877889946834	0.837372440793	0.536684229096	1.14292749638	0.613246399227	0.97957517158	0.571308269696	1.09740223296
AD7	0.875079308845	0.808968608023	2.4375522958	1.18871094248	1.24318472692	0.667172479459	1.32978134364	0.536572305462	0.436619521508	1.04643485259	0.388230473659	1.02483689222	0.747814746254	2.09075231996	0.936937462542	0.78064897535	0.470535248913	0.447613151281	1.90840270179	1.40299984534	0.96082621073	0.640178622523	0.0	0.202883044949	1.88752756404	0.830570894152	0.357082368294	0.442926930884	0.718379482842	0.898686713388	0.711647332044	0.60102377477	0.469743272112	0.527528704688	1.34975565491	1.12691494925	0.623721019816	0.841723257612	0.69977738521	1.05597880619	0.885662121798	1.50641535041	1.35152599323	0.918738637023	0.857582450459	0.719485142581	1.36817671822	1.15924907202	1.25816189947	1.18801043499	1.16618865636	1.24087488159	0.940857462542	0.886321150314	0.903760884485	0.907645340744	0.71393101015	1.22199078782	0.792628028033	1.1298879362	0.641735872402	1.1451177912
AD8	0.876711362977	0.757912029966	2.41672677622	1.16397648139	1.16700062832	0.613703905268	1.30076543258	0.471279062349	0.415764973417	1.01561823586	0.364719173514	0.957890096665	0.70939777187	2.06965715321	0.88650020783	0.755360691155	0.479184325761	0.457534330594	1.89224299178	1.37240558724	0.951053798937	0.668272348961	0.202883044949	0.0	1.85267044466	0.786586795553	0.343582658289	0.445280009667	0.68362242146	0.860593228613	0.750629236346	0.614844499758	0.437344258096	0.494663523441	1.30581057999	1.07105645723	0.58240662639	0.757279284679	0.655445901402	0.990642846786	0.808239531174	1.47901101982	1.32745377477	0.852406031899	0.823819589174	0.692723218946	1.31524664572	1.10452147414	1.19763123731	1.13308089415	1.116509826	1.18984887869	0.889753276945	0.854615698405	0.870491884969	0.869157742871	0.728088951184	1.17379857902	0.784439521508	1.07657394877	0.59113720638	1.08800334944
AE7	1.36983640406	1.49245597873	1.91492499275	1.27314031416	1.30071434026	1.72086971967	1.22250424843	1.76812138714	1.91058041566	1.30077536008	1.96280152731	1.47965083615	1.59322527791	1.63577954567	1.50732104398	1.43475686805	1.75620006767	1.74918833253	1.0602877332	1.11523833253	1.39979853069	1.52316551957	1.88752756404	1.85267044466	0.0	1.09239727888	1.79190449976	1.66010845336	1.37412045433	1.28410313195	1.57330057032	1.57200519091	1.85374384727	1.83909294345	1.70072646689	1.73246292895	1.88740922185	1.491930174	1.82147451909	1.38060291928	1.58150371194	1.4547779362	1.46724603673	1.44512608507	2.03443611406	1.96779807153	1.69082062832	1.86469672305	1.63370628323	1.69080491058	2.00420299662	1.84337791203	1.67006260996	1.71570239246	1.72253655872	1.6623959014	1.58711979217	1.71600677139	1.53050650556	1.78156510875	1.68388494442	1.83594771387
AE8	0.587063929435	0.550561686805	2.20018730788	0.921384330594	0.809712576124	0.717152382794	0.912097970034	0.734622145964	0.881024751087	0.641941309811	0.939259395843	0.64861041566	0.656040536491	1.85399550991	0.70034117448	0.494747854036	0.765320053166	0.751323813436	1.4351540406	0.956465857902	0.679798738521	0.574831681972	0.830570894152	0.786586795553	1.09239727888	0.0	0.758424533591	0.658820599323	0.606918390527	0.580914417593	0.730038467859	0.624561541808	0.823144006767	0.801564538424	1.05953206863	0.892034311261	0.884582518125	0.637325103915	0.840539956501	0.639535190913	0.664119221846	1.27322840019	1.13023488642	0.62216962784	1.06306296278	0.979849531174	1.1300998115	1.08536906235	0.918787187047	0.942790077332	1.20920556307	1.13065506525	0.819658941518	0.846874403093	0.875224509425	0.818321155147	0.637684282262	1.02661487675	0.638021271145	0.957034113098	0.688383586274	1.06122451909
AF7	0.780386220396	0.637323755437	2.36752666022	1.12978650556	1.06292334461	0.543230159497	1.22114300628	0.40731778637	0.391363784437	0.933986858386	0.459018313195	0.858567506042	0.605769594007	2.02631242629	0.771974098598	0.665429719671	0.378827902368	0.36381022233	1.80672837603	1.29953861769	0.889657887869	0.489696089898	0.357082368294	0.343582658289	1.79190449976	0.758424533591	0.0	0.214843847269	0.648455316578	0.800017655872	0.691265137748	0.561805350411	0.370583890768	0.420346839053	1.18460475109	0.951472503625	0.52052980667	0.691172701788	0.591082208797	0.894985234413	0.712289864669	1.44485127115	1.29181718705	0.743519507008	0.798809845336	0.674606959884	1.23845973417	1.03895486225	1.07725733688	1.05027751087	1.04246570807	1.11674871435	0.798030183664	0.78030362494	0.805275432576	0.807659705172	0.582284891252	1.0838061479	0.629339714838	0.987270575157	0.49171297245	1.01412472209
AF8	0.664169903335	0.58294181247	2.30006200097	1.04482055099	1.01953597873	0.546248864186	1.10359440309	0.414630874819	0.485087303045	0.814855838569	0.5935620058	0.822090937651	0.581387187047	1.95267910585	0.75376062349	0.579511498308	0.399271063316	0.393584306428	1.68173445626	1.17275092315	0.776861909135	0.371097462542	0.442926930884	0.445280009667	1.66010845336	0.658820599323	0.214843847269	0.0	0.570927390043	0.706237752537	0.618458438859	0.49029057999	0.457527322378	0.474701329145	1.16059015466	0.934058139198	0.599399859836	0.673099062349	0.592094291928	0.838004925085	0.669261058482	1.3619617013	1.21320477525	0.725464659256	0.840516408893	0.736162542291	1.20735584824	1.018430203	1.04402050749	1.02419557757	1.0258758289	1.09378561141	0.766055239246	0.759979816336	0.798233228613	0.782275915901	0.496695176414	1.05809614306	0.571659618173	0.960657747704	0.470615340744	0.992216350894
AG7	0.716264794587	0.651494693088	1.88383622523	0.640830531658	0.887185814403	0.696027138714	0.90441019333	0.58457121798	0.695427694538	0.667237467376	0.82129499275	0.777305683905	0.658632305462	1.55071407443	0.668897883035	0.607289221846	0.752860966651	0.757654519091	1.33317628806	0.805442063799	0.557777612373	0.460584736588	0.718379482842	0.68362242146	1.37412045433	0.606918390527	0.648455316578	0.570927390043	0.0	0.260071309812	0.807046060899	0.725151367811	0.651840512325	0.717595882069	1.25940898018	1.0090380377	0.923251048816	0.465314485259	0.839952257129	0.856500966651	0.755050633156	1.0388799565	0.876709961334	0.548451739971	1.08564647656	0.990531875302	1.34764529725	1.19886317061	1.16563586274	1.14292327695	1.28877949734	1.24481865636	0.926058569357	0.951468772354	0.972841459642	0.941836858386	0.674833837603	1.2098418028	0.703774441759	1.11814462542	0.707472677622	1.17051703238
AG8	0.688166273562	0.693761701305	1.81448074915	0.595839057516	0.8605439971	0.815742025133	0.786996157564	0.761047921701	0.893431551474	0.653034132431	0.985761034316	0.782504301595	0.752304146931	1.47241482842	0.708184407927	0.626573765104	0.878736742388	0.887003750604	1.1550859449	0.643176766554	0.563297100048	0.589304108265	0.898686713388	0.860593228613	1.28410313195	0.580914417593	0.800017655872	0.706237752537	0.260071309812	0.0	0.88831117448	0.839218869019	0.841526244563	0.855812827453	1.23179944901	1.06195842436	1.05374322861	0.50095362494	0.96230060899	0.807699845336	0.808581469309	0.975698564524	0.826965079749	0.568173692605	1.19438778154	1.10646069116	1.3249419623	1.29087432576	1.15942345094	1.20221151281	1.38652347994	1.33517750604	1.01854428226	1.0400340116	1.05761705172	1.02755075882	0.760233073949	1.22500770904	0.780494180764	1.19864896568	0.81087478492	1.26227489609
AH7	0.761325181247	0.813296916385	2.45617240696	1.26154730304	1.17451542291	0.802758313195	1.20494477042	0.807279221846	0.891011464476	0.98315419043	0.831685432576	1.02887430643	0.855708342194	2.12809808603	1.01441889802	0.764874664089	0.648526466892	0.59413081682	1.71094958917	1.27635909618	0.852122745288	0.629907984534	0.711647332044	0.750629236346	1.57330057032	0.730038467859	0.691265137748	0.618458438859	0.807046060899	0.88831117448	0.0	0.295110120831	0.887866853552	0.875851532141	1.17864610923	1.02001811503	0.774406215563	0.940415471242	0.80568882552	0.971033049783	0.859989453842	1.55199575157	1.41149230063	0.964607854036	0.96622818753	0.904879753504	1.27706839053	1.0818377767	1.14512435959	1.06105401643	1.1679859739	1.15840124698	0.883776723055	0.815366897052	0.826745790237	0.833958965684	0.752629149348	1.13487152731	0.80049222813	1.01185502658	0.698824248429	1.08293115515
AH8	0.671257506042	0.62433159014	2.45079724988	1.17445627356	0.985075722571	0.616666384727	1.14101365394	0.62866579507	0.72289942001	0.8618460029	0.703058540358	0.864384755921	0.675248815853	2.10300644756	0.841818869019	0.596551000483	0.426619458676	0.401523876269	1.66195594007	1.23161146931	0.83272702755	0.536041527308	0.60102377477	0.614844499758	1.57200519091	0.624561541808	0.561805350411	0.49029057999	0.725151367811	0.839218869019	0.295110120831	0.0	0.718325152247	0.680505935234	1.12835005317	0.918368525858	0.664137689705	0.794314040599	0.620935331078	0.810672875785	0.683053156114	1.50539141131	1.36243886419	0.806014939584	0.852603605607	0.767856476559	1.10411356211	0.917004282262	1.00641942001	0.892589125181	0.979897573707	0.991906921218	0.689696220396	0.647940024166	0.662886766554	0.664554316095	0.563396495892	0.961255664572	0.60128561624	0.845686065732	0.506078632189	0.91279338811
AA5	0.876811309812	0.635290952151	2.29926941034	1.11824429676	0.982582044466	0.514738264862	1.23791679555	0.266212039633	0.240026486225	0.94172561624	0.449962455292	0.767512924118	0.612963276945	1.95611981634	0.672790681489	0.712059352344	0.479774693088	0.503306447559	1.84335903335	1.35014059449	0.912920657322	0.605105065249	0.469743272112	0.437344258096	1.85374384727	0.823144006767	0.370583890768	0.457527322378	0.651840512325	0.841526244563	0.887866853552	0.718325152247	0.0	0.254042551957	1.21148137264	0.949300144998	0.608813813436	0.625191295312	0.651963682939	0.846127907202	0.703677486709	1.33002072982	1.16545609957	0.667582440793	0.818973794103	0.669325427743	1.29428090865	1.10445555341	1.11114558724	1.10031421943	1.11102006767	1.18965494442	0.840300811986	0.852196843886	0.857044630256	0.857546650556	0.626724064766	1.16002539874	0.676663914935	1.03226929435	0.555544557757	1.0800922088
AA6	0.837396539391	0.618205036249	2.37985024166	1.15003966651	0.973088318028	0.438874572257	1.19555366361	0.327345157081	0.311218260029	0.921482358627	0.46338442726	0.743065877235	0.56346240696	2.03376052199	0.676490642823	0.692749714838	0.496957573707	0.499190439826	1.86694724021	1.36641980184	0.902887327211	0.60316362494	0.527528704688	0.494663523441	1.83909294345	0.801564538424	0.420346839053	0.474701329145	0.717595882069	0.855812827453	0.875851532141	0.680505935234	0.254042551957	0.0	1.09715907202	0.837484166264	0.548781971967	0.652709072015	0.551434760754	0.816242735621	0.61204738521	1.40894533108	1.24464770904	0.671203571774	0.622494209763	0.476770396327	1.19576115031	1.00590289029	0.985458076365	0.962300492992	1.02051554374	1.08122051232	0.723236094732	0.755831285645	0.760745413243	0.74174982117	0.604090231996	1.03525032866	0.660746051232	0.897348501692	0.488381928468	0.977151116481
AB5	1.08293506042	0.953254644756	2.54459438859	1.37161932818	0.836232416626	0.980903310778	1.20802255679	1.0924217158	1.2009901015	0.988224842919	1.17912146931	0.784639217013	1.00637924601	2.20935826003	0.999458018366	1.03005377477	1.19445299178	1.17733090382	1.83562540358	1.40917769454	1.25486262929	1.14287558241	1.34975565491	1.30581057999	1.70072646689	1.05953206863	1.18460475109	1.16059015466	1.25940898018	1.23179944901	1.17864610923	1.12835005317	1.21148137264	1.09715907202	0.0	0.379852866119	0.985820927985	1.07215293862	0.946754857419	0.805880309328	0.846460782987	1.61763886419	1.49295964717	0.948139724505	0.981571638473	0.93505439826	0.82792237796	0.976529589174	0.715660328661	0.770465703238	1.09727734171	0.969354528758	0.821184243596	0.914095480909	0.924839323345	0.894936123731	1.03670002417	0.815062402127	0.996350942484	0.807241338811	1.003309797	0.935664920251
AB6	0.934995785404	0.723060029	2.50380069116	1.27306623973	0.786980565491	0.733814746254	1.11519980184	0.831160536491	0.949668535524	0.897414509425	0.954946553891	0.590082116965	0.77127820203	2.16182644756	0.790766640889	0.814492179797	0.981163334944	0.975905316578	1.82152693088	1.35952144514	1.12593344611	0.89503081682	1.12691494925	1.07105645723	1.73246292895	0.892034311261	0.951472503625	0.934058139198	1.0090380377	1.06195842436	1.02001811503	0.918368525858	0.949300144998	0.837484166264	0.379852866119	0.0	0.78876138231	0.836213170614	0.750745558241	0.722898337361	0.633003334944	1.52967267762	1.39721472692	0.72183680522	0.751564639923	0.72071542291	0.784972431126	0.74021900435	0.555778240696	0.547506476559	0.868674258096	0.753605258579	0.619558501692	0.732501899468	0.732965741904	0.706925123248	0.809333750604	0.659377259546	0.766463354277	0.560176727888	0.789195355244	0.704506457226
AC5	0.908387462542	0.740315389077	2.61400365877	1.37244179314	0.965009594007	0.547687196713	1.30655323828	0.556665998067	0.568755524408	0.988952846786	0.467533658772	0.786833310778	0.743589705172	2.27000895118	0.875068738521	0.791836355727	0.541127665539	0.488577109715	1.92384076365	1.45843483325	1.12846362494	0.809257486709	0.623721019816	0.58240662639	1.88740922185	0.884582518125	0.52052980667	0.599399859836	0.923251048816	1.05374322861	0.774406215563	0.664137689705	0.608813813436	0.548781971967	0.985820927985	0.78876138231	0.0	0.797456766554	0.40783040116	0.841089125181	0.614216413726	1.6696920493	1.5137838231	0.806145137748	0.590698376027	0.487435664572	1.00782865152	0.773467230546	0.922122474625	0.832891899468	0.775940454326	0.846795785404	0.605729550507	0.548981986467	0.553417883035	0.550132605123	0.713780314161	0.845365311745	0.743304243596	0.765141377477	0.548044944418	0.772183634606
AC6	0.767658806187	0.540954069599	1.99023189947	0.754411986467	0.707319565007	0.654485654906	0.750100135331	0.545914751087	0.721371536974	0.542213547608	0.830882924118	0.622937056549	0.610705302078	1.64101456259	0.515418641856	0.601052155631	0.772111739971	0.792790309328	1.44578364911	0.945996191397	0.730078274529	0.617630019333	0.841723257612	0.757279284679	1.491930174	0.637325103915	0.691172701788	0.673099062349	0.465314485259	0.50095362494	0.940415471242	0.794314040599	0.625191295312	0.652709072015	1.07215293862	0.836213170614	0.797456766554	0.0	0.792673334944	0.664032126631	0.642409874335	0.912953426776	0.755806737554	0.342415485742	1.01726225713	0.920130140164	1.18074458676	1.11496049783	0.984906336394	1.01494507975	1.21599462059	1.15308539874	0.845688743354	0.894342967617	0.924365205413	0.867984654422	0.635802638956	1.05855462542	0.633388985017	1.00329837603	0.682899139681	1.08638739004
AD6	0.775423721605	0.636721923635	2.5646442581	1.23953792653	0.861756930884	0.432660391493	1.22210768971	0.540095693572	0.605354789753	0.917557960367	0.531554055099	0.663898540358	0.626542097632	2.21681043016	0.774985326245	0.672191889802	0.540029869502	0.519981981634	1.85500295795	1.39660606573	1.0570242146	0.741569801837	0.69977738521	0.655445901402	1.82147451909	0.840539956501	0.591082208797	0.592094291928	0.839952257129	0.96230060899	0.80568882552	0.620935331078	0.651963682939	0.551434760754	0.946754857419	0.750745558241	0.40783040116	0.792673334944	0.0	0.7394859739	0.444873291445	1.60961347994	1.45344166747	0.784310299662	0.646139768004	0.558482788787	0.865342783954	0.671025606573	0.819383431609	0.704997322378	0.698857100048	0.749733078782	0.472665964234	0.440100217496	0.457564407927	0.456390352827	0.587917288545	0.721021126148	0.629373890768	0.650530483325	0.382693431609	0.648377950701
AE5	0.602859632673	0.509885703238	2.30990230546	0.987302208797	0.616583030449	0.72947658289	0.841590734654	0.729570889319	0.92584918318	0.592592295795	0.968477061382	0.573555311745	0.662492527791	1.96000064766	0.616917477042	0.549056500725	0.874739903335	0.875457544708	1.4728782697	1.06316262446	0.948906051232	0.816129695505	1.05597880619	0.990642846786	1.38060291928	0.639535190913	0.894985234413	0.838004925085	0.856500966651	0.807699845336	0.971033049783	0.810672875785	0.846127907202	0.816242735621	0.805880309328	0.722898337361	0.841089125181	0.664032126631	0.7394859739	0.0	0.357647694538	1.27983338328	1.14385953117	0.540363030449	1.07552035766	1.0063642581	0.869048361527	0.906847549541	0.755593465442	0.759944050266	1.03274835186	0.929154016433	0.623236781054	0.69454698405	0.733899787337	0.640255534074	0.600679289512	0.796137704205	0.532232663122	0.779720923151	0.655182895118	0.874585519575
AE6	0.573747472209	0.423831541808	2.41430715805	1.08095099565	0.682204722088	0.491448733688	1.00640491542	0.573066897052	0.692869840503	0.697277303045	0.714003093282	0.548723315611	0.499969357177	2.06469172547	0.575988119865	0.470736510391	0.681137728371	0.692570265829	1.60513787337	1.1813140696	0.98279178347	0.737208100532	0.885662121798	0.808239531174	1.58150371194	0.664119221846	0.712289864669	0.669261058482	0.755050633156	0.808581469309	0.859989453842	0.683053156114	0.703677486709	0.61204738521	0.846460782987	0.633003334944	0.614216413726	0.642409874335	0.444873291445	0.357647694538	0.0	1.41195559691	1.26128395843	0.590066926051	0.858927394877	0.785430231996	0.813966399227	0.712494296762	0.702816829386	0.624347820203	0.82252340261	0.750086428226	0.436978221363	0.463490357661	0.499179275012	0.445318240696	0.463259937168	0.670484586757	0.42975358144	0.624727554374	0.449164509425	0.689355369744
AF5	1.33209527791	1.27509555824	1.2644522668	0.652384001933	1.20402452392	1.43997849203	0.869143557274	1.3249458289	1.42755073465	1.04302855969	1.57845292895	1.29688381344	1.34381717255	0.929429294345	1.16641347028	1.27538332044	1.51096079749	1.55567781054	0.977916292895	0.750700260996	1.20208568874	1.26206418076	1.50641535041	1.47901101982	1.4547779362	1.27322840019	1.44485127115	1.3619617013	1.0388799565	0.975698564524	1.55199575157	1.50539141131	1.33002072982	1.40894533108	1.61763886419	1.52967267762	1.6696920493	0.912953426776	1.60961347994	1.27983338328	1.41195559691	0.0	0.218504775254	1.05464257129	1.81090279845	1.70568729821	1.75215300628	1.78582268246	1.6306560319	1.68371306428	1.87745379894	1.82278701305	1.58726655872	1.66557822136	1.67435740454	1.62546623973	1.3210241856	1.72889329145	1.32444603673	1.68653033349	1.4661178637	1.75074750604
AF6	1.18758897535	1.12185854519	1.38683035283	0.533005954567	1.07507484775	1.29413833736	0.764654171097	1.16661659739	1.27023358627	0.896227022716	1.4279418028	1.16861029966	1.20261235863	1.05041172064	1.0114440841	1.11818804737	1.37151466892	1.41252790237	1.00429739488	0.682488622523	1.10133996617	1.11356418076	1.35152599323	1.32745377477	1.46724603673	1.13023488642	1.29181718705	1.21320477525	0.876709961334	0.826965079749	1.41149230063	1.36243886419	1.16545609957	1.24464770904	1.49295964717	1.39721472692	1.5137838231	0.755806737554	1.45344166747	1.14385953117	1.26128395843	0.218504775254	0.0	0.906676636056	1.64957651522	1.54487992267	1.63352632673	1.65101328661	1.50548032383	1.55484594973	1.73553815853	1.69274579507	1.44519031899	1.51603538908	1.51745938618	1.48191417593	1.17457341711	1.6002497825	1.18308455776	1.55506705655	1.30634399227	1.61543740454
AG5	0.707268743354	0.495530898985	2.10779348478	0.829474055099	0.587359971	0.607399787337	0.793127742871	0.580013359111	0.748827080715	0.542176524891	0.831756930884	0.484137201547	0.569067380377	1.76037218463	0.466822450459	0.569257597873	0.825262489125	0.807556147898	1.47254354277	0.982000647656	0.725406249396	0.650929864669	0.918738637023	0.852406031899	1.44512608507	0.62216962784	0.743519507008	0.725464659256	0.548451739971	0.568173692605	0.964607854036	0.806014939584	0.667582440793	0.671203571774	0.948139724505	0.72183680522	0.806145137748	0.342415485742	0.784310299662	0.540363030449	0.590066926051	1.05464257129	0.906676636056	0.0	1.00820546641	0.900607201547	1.07238817303	1.04435124698	0.863982566457	0.893403310778	1.1586237361	1.06769915418	0.726425563074	0.83297322378	0.86101821653	0.753014117931	0.626917805703	0.943093716771	0.595847061382	0.895005645239	0.649027887869	1.0222018318
