	AA3	AA4	AB3	AB4	AC3	AC4	AD3	AD4	AE3	AE4	AF3	AF4	AG3	AG4	AH3	AH4	AA7	AA8	AB7	AB8	AC7	AC8	AD7	AD8	AE7	AE8	AF7	AF8	AG7	AG8	AH7	AH8	AA5	AA6	AB5	AB6	AC5	AC6	AD6	AE5	AE6	AF5	AF6	AG5	AH5	AH6	AA1	AA2	AB1	AB2	AC1	AC2	AD1	AD2	AE1	AE2	AF1	AF2	AG1	AG2	AH1	AH2
AA3	0.0	0.552836133398	2.24439513775	0.964602136298	0.850757762204	0.771616945384	0.894364649589	0.811963639439	0.909155500242	0.662464335428	0.968850043499	0.73427780087	0.763652460126	1.91341133881	0.780118197197	0.270092730788	0.817436172064	0.789831169647	1.43805286129	1.06109565007	0.810242518125	0.666464852586	0.919735659739	0.934367544708	1.35569208797	0.582386800387	0.796340758821	0.645666379894	0.72301977767	0.655834045433	0.760042324795	0.690525384244	0.867561053649	0.857110338328	1.0827922813	0.921384301595	0.967543953601	0.807733107782	0.783063151281	0.572111459642	0.607590550991	1.24562051716	1.17814805703	0.721328318028	1.17720318511	1.11130922185	0.953436413726	0.942889971	0.919358182697	0.866016085065	1.07153260512	1.00087927501	0.635203093282	0.712449966167	0.772846433059	0.671844311261	0.535111706138	0.88404482842	0.514642426293	0.959369956501	0.659926969551	0.944539482842
AA4	0.552836133398	0.0	2.25178673755	0.878776906718	0.639821667472	0.52861120348	0.923347684872	0.504292339294	0.657502073465	0.5837560029	0.784164349927	0.461109632673	0.416883392943	1.921579971	0.301261474142	0.323604079265	0.618734780087	0.619700285162	1.57443094732	1.10031105848	0.874012242629	0.620480096665	0.835132875785	0.79383160464	1.53835550991	0.6072659884	0.643867535041	0.561772672789	0.633966901885	0.652037332044	0.844183156114	0.6659539971	0.558328332528	0.595528037699	0.967303678105	0.707778231029	0.756156636056	0.561386437893	0.570849337844	0.513317510875	0.397027080715	1.19983140164	1.11711869019	0.419208569357	0.944303533108	0.880507762204	0.938463141614	0.793395306912	0.760192141131	0.766143383277	0.93378580957	0.890098269696	0.563129511841	0.608708390527	0.669941184147	0.596645277912	0.408239632673	0.818248463026	0.391332382794	0.798456520058	0.442427462542	0.790907312711
AB3	2.24439513775	2.25178673755	0.0	1.50408695022	2.19425179797	2.3581219043	1.88925042049	2.28156875302	2.34721309328	2.13906221846	2.51273043983	2.26479295795	2.33026552924	0.369346631223	2.14462071049	2.26952304495	2.47124032866	2.4868922233	1.16231259062	1.42953151281	1.96092069116	2.20192735621	2.37671354277	2.42044434509	1.89094536974	2.16004798937	2.36480711938	2.26720934751	1.91136499758	1.851760058	2.43734493475	2.40244775254	2.26617748671	2.37330333011	2.57122876269	2.51795487675	2.64918902852	1.94978260029	2.52482150797	2.28455311261	2.38724319478	1.30910776704	1.38237693088	2.10343382794	2.74195870952	2.66697826003	2.64265912035	2.66361809087	2.51352121798	2.62072543258	2.7701101885	2.72834041566	2.54207398743	2.58606356694	2.61616764137	2.58403046883	2.30880924118	2.64806664572	2.2925442726	2.66407125181	2.39758252296	2.67536165781
AB4	0.964602136298	0.878776906718	1.50408695022	0.0	0.857186578057	0.967171193813	0.783740260996	0.97885138231	1.12053999517	0.818150628323	1.20045788304	0.899082837119	0.853612653456	1.1604741711	0.811003552441	0.915070797487	1.12990557757	1.14725631223	1.04543224263	0.555851135814	0.903323968101	0.973450062832	1.14243315611	1.14953033833	1.29480493475	0.874886413726	1.08569291928	0.975808757854	0.657086205897	0.597798898018	1.26858360077	1.09750321895	1.02517874335	1.09321448526	1.34534362977	1.23014378927	1.34236829386	0.678615050749	1.14417350411	0.919051295312	1.01691025133	0.645717153214	0.595811256646	0.771531855969	1.46521474625	1.37819688739	1.3596458289	1.32530643306	1.23160137264	1.29494151764	1.4734240696	1.42902829386	1.16682029	1.24071121315	1.29255933784	1.22340887385	0.978344195263	1.32780860802	0.953399168681	1.34888430159	1.02835445143	1.34251289029
AC3	0.850757762204	0.639821667472	2.19425179797	0.857186578057	0.0	0.716934388594	0.867680768487	0.83159460609	0.935590294828	0.649958105365	1.06566328178	0.298116529725	0.744147825036	1.86575229096	0.63910362494	0.756730618656	0.975858110198	0.968061536974	1.48901030449	1.07789117931	1.03257847269	0.992298061866	1.24189048333	1.19262341228	1.35924811986	0.794853919768	1.05275953601	0.966739463509	0.882892803287	0.839969710005	1.16905539874	1.01324814403	0.938322054132	0.925120405993	0.831435708072	0.751790096665	0.968093044949	0.707568859352	0.821054291928	0.628040154664	0.709912324795	1.16598627356	1.10588754954	0.572198018366	1.17372340261	1.10103994683	0.881896534558	0.915377438376	0.734269217013	0.838184113098	1.06676767037	0.974943301112	0.732502063799	0.80888980667	0.851767133881	0.789625263412	0.819762672789	0.862042078299	0.793891159981	0.929328772354	0.810901706138	0.909495891735
AC4	0.771616945384	0.52861120348	2.3581219043	0.967171193813	0.716934388594	0.0	1.1301621073	0.379761715805	0.454000256162	0.768067989367	0.418940057999	0.505825630739	0.40677621073	2.02717931368	0.650858061866	0.608446176897	0.58124442726	0.565826810053	1.81039257129	1.30326462059	0.90499080232	0.63569098115	0.687719275012	0.6338279797	1.718010203	0.75193959884	0.56609638956	0.532143856936	0.642093378444	0.700141246979	0.826334388594	0.586489830836	0.470079101015	0.390082440793	1.00869156597	0.728246428226	0.608995959401	0.625541449976	0.425443363944	0.72166961334	0.502484722088	1.31773867086	1.23824110681	0.539839917835	0.746011556307	0.660081449976	1.03503378444	0.834479550507	0.828862967617	0.83540060899	0.893754084099	0.957234693088	0.592081324311	0.618167008217	0.676517655872	0.649701594973	0.60169939101	0.908670840986	0.630313040116	0.801588806187	0.435562841953	0.812844345094
AD3	0.894364649589	0.923347684872	1.88925042049	0.783740260996	0.867680768487	1.1301621073	0.0	1.07054990333	1.3099380812	0.459193885935	1.38864561624	0.941805534074	1.10290918318	1.55896342194	0.850722943451	0.930612092798	1.25233258579	1.23521722088	1.26908853069	0.802304833253	0.898733122281	0.979201739971	1.31204630256	1.33401573224	1.19840127115	0.863630009667	1.21219381827	1.05853560174	0.896750826486	0.818427878202	1.17992151281	1.11420160464	1.20283350411	1.19238571774	1.22072511841	1.10660151764	1.31264555824	0.738172682455	1.18077080715	0.796865505075	0.953783919768	0.797784519091	0.735500198163	0.804082605123	1.48379476559	1.39981136781	1.31955326245	1.35890766071	1.15184535524	1.21856892218	1.48489067182	1.42212737554	1.14898584824	1.21396751087	1.26908621073	1.18333088449	0.970679323345	1.28587812953	0.941686843886	1.27583305945	1.1327501885	1.34055480425
AD4	0.811963639439	0.504292339294	2.28156875302	0.97885138231	0.83159460609	0.379761715805	1.07054990333	0.0	0.272137051716	0.693640734654	0.476455935234	0.639802851619	0.508941406477	1.95169890285	0.604946534558	0.632874601257	0.553486558724	0.554615389077	1.82108022233	1.31546463509	0.876053146448	0.59021141131	0.564027825036	0.522733639439	1.8011982987	0.809521430643	0.45844478492	0.453112300628	0.573659308845	0.70056977767	0.843445161914	0.597182498792	0.270984209763	0.324983112615	1.12316284195	0.828580275495	0.593304557757	0.57267882552	0.498802953117	0.745152895118	0.546041652972	1.23200763654	1.14854605123	0.519080096665	0.72067900435	0.636020700822	1.12578640406	0.918040676655	0.949913354277	0.975203958434	0.946955799903	1.04098655872	0.708498883519	0.689255045916	0.733528670855	0.73557301595	0.595258448526	1.01684528758	0.645028279362	0.926553934268	0.509196515225	0.904147046883
AE3	0.909155500242	0.657502073465	2.34721309328	1.12053999517	0.935590294828	0.454000256162	1.3099380812	0.272137051716	0.0	0.924701546641	0.384388820686	0.741726718221	0.590127950701	2.02278192847	0.747750536491	0.756353025616	0.545440159497	0.573643711938	1.95350551957	1.44923654422	0.991761159981	0.709915674239	0.493516118898	0.450756317061	1.93408544224	0.952006727888	0.45050821653	0.53390261479	0.696573943934	0.826201416143	0.916687887869	0.671011150314	0.281674871919	0.333439719671	1.19042535524	0.903394794587	0.550315993233	0.744669884002	0.57131378927	0.932149444176	0.678296365394	1.33510946351	1.26598413726	0.690100367327	0.695361440309	0.626238757854	1.19523179797	0.982581053649	1.04112541808	1.04451871919	1.00315287095	1.110629971	0.772045843403	0.755825340744	0.783138927018	0.797869536008	0.73385921218	1.09293412276	0.793361609473	0.998439540841	0.604081367811	0.967503267279
AE4	0.662464335428	0.5837560029	2.13906221846	0.818150628323	0.649958105365	0.768067989367	0.459193885935	0.693640734654	0.924701546641	0.0	1.02821257129	0.633767936201	0.776864983084	1.80875226196	0.584333349444	0.610353992267	0.868660913485	0.849660831319	1.47421094248	1.01195958917	0.753166399227	0.697251923635	0.973661967134	0.965379265346	1.37532841953	0.551749850169	0.832577467376	0.69698521508	0.637064180764	0.614624364427	0.911981923635	0.781522653456	0.824640478492	0.832502339294	0.964442232963	0.8366400145	0.923513093282	0.515159966167	0.788417655872	0.502285596907	0.590277332044	1.03402902852	0.951314122765	0.501377999033	1.14432469792	1.05562705172	1.00601208797	1.02951589174	0.884651875302	0.946528762687	1.17251365394	1.11506181247	0.833557143548	0.841297249879	0.908016297728	0.847944045433	0.626416785887	0.983411290478	0.598678786854	0.98827019333	0.762909768004	1.01739187047
AF3	0.968850043499	0.784164349927	2.51273043983	1.20045788304	1.06566328178	0.418940057999	1.38864561624	0.476455935234	0.384388820686	1.02821257129	0.0	0.849074195263	0.651985113581	2.18470761721	0.892938448526	0.839719449009	0.481893136781	0.464287254712	2.02932273079	1.52323279845	1.05493674722	0.79980722088	0.426937245046	0.360258313195	1.98564915901	1.00469272595	0.477788047366	0.62175662639	0.818715998067	0.913313523441	0.824459221846	0.603614635089	0.475800570324	0.459731778637	1.21148841469	0.968002890285	0.499098298695	0.85222138231	0.558866176897	0.981393218946	0.73258900435	1.51159705655	1.43741569357	0.787441000483	0.673649072015	0.593646051232	1.22250837119	0.994144896085	1.1290041566	1.03919293378	1.00625440309	1.09359116481	0.794536868052	0.74350962784	0.791343852102	0.77686060899	0.832598018366	1.08635031899	0.88018619623	0.988398356694	0.58991961334	0.970649787337
AF4	0.73427780087	0.461109632673	2.26479295795	0.899082837119	0.298116529725	0.505825630739	0.941805534074	0.639802851619	0.741726718221	0.633767936201	0.849074195263	0.0	0.561524905752	1.93265463026	0.525910913485	0.602133644273	0.806572551957	0.797715495408	1.58504876752	1.09476160947	0.936411580474	0.81133320928	1.05291789754	1.00111132914	1.48705423876	0.672837380377	0.869007317545	0.784850231996	0.762041938134	0.718512000967	1.00990569357	0.831879811503	0.741716060899	0.732713320445	0.820600850652	0.60536178347	0.766076863219	0.602879241179	0.64356621073	0.563293910101	0.563559594007	1.19901432576	1.13228218463	0.460232247463	0.969733378444	0.893350289995	0.817914842919	0.752961034316	0.611496959884	0.682042373127	0.904059444176	0.852317868536	0.560547158047	0.640216515225	0.698702387627	0.635223330111	0.654146974384	0.735645770904	0.636781638473	0.755959753504	0.637071304978	0.743044137264
AG3	0.763652460126	0.416883392943	2.33026552924	0.853612653456	0.744147825036	0.40677621073	1.10290918318	0.508941406477	0.590127950701	0.776864983084	0.651985113581	0.561524905752	0.0	1.98751237313	0.499247950701	0.572615108748	0.580769888835	0.587854465926	1.75242266312	1.24915048816	0.944173673272	0.643288313195	0.759506640889	0.725152310295	1.65074029483	0.738840797487	0.606273518608	0.584829221846	0.683007733204	0.734641324311	0.855439096182	0.660696848719	0.581233484775	0.529694910585	0.993542576124	0.720337409377	0.711822648623	0.652951077815	0.513093697438	0.708323146448	0.471463832769	1.30166437409	1.22680528275	0.527625582407	0.855875867569	0.789100879652	0.955673262446	0.753119270179	0.795650942484	0.78899258579	0.895521169647	0.873120695988	0.550563895602	0.608148670855	0.659848743354	0.588068197197	0.520058240696	0.853178632189	0.552178695022	0.771801198647	0.430039236346	0.75456142581
AG4	1.91341133881	1.921579971	0.369346631223	1.1604741711	1.86575229096	2.02717931368	1.55896342194	1.95169890285	2.02278192847	1.80875226196	2.18470761721	1.93265463026	1.98751237313	0.0	1.81943298695	1.93843320445	2.14918551957	2.16273970517	0.911003745771	1.11139902368	1.63915492992	1.87740862252	2.05174012566	2.09602770904	1.63375794587	1.83273038666	2.04086816336	1.94232103432	1.59008156597	1.52824835186	2.13040626873	2.08026687289	1.94076798453	2.04268182214	2.24985441759	2.1915437216	2.32044345094	1.62294572257	2.19103152247	1.95074555341	2.05197172064	0.994397375544	1.06457068632	1.77431477525	2.4166878927	2.33468302562	2.30851255679	2.33322436443	2.18145778637	2.28574645723	2.44343886902	2.39919267279	2.21029006283	2.25462631223	2.29218908168	2.25218718221	1.97681204447	2.31615171097	1.96308319961	2.32985293378	2.06509837603	2.34660828903
AH3	0.780118197197	0.301261474142	2.14462071049	0.811003552441	0.63910362494	0.650858061866	0.850722943451	0.604946534558	0.747750536491	0.584333349444	0.892938448526	0.525910913485	0.499247950701	1.81943298695	0.0	0.582907805703	0.768225253746	0.801321362977	1.56976466892	1.07324790237	0.874001962301	0.758714021266	0.931460778154	0.912329618173	1.50893133881	0.737048999517	0.788199188014	0.740363214113	0.666954775254	0.65076560174	1.02814859352	0.851502102465	0.640373924601	0.700686408893	1.04521500242	0.825676592557	0.903802653456	0.498972609956	0.747067651039	0.613866534558	0.565959362011	1.07493061382	0.986422136298	0.394887162881	1.06381125181	0.990703175447	1.02524110681	0.916269076849	0.840375190913	0.880739192847	1.05262949734	1.00936387144	0.754356901885	0.79747262929	0.826325326245	0.781772397293	0.589514842919	0.91798956984	0.567119937168	0.913270048333	0.651132049299	0.912064581924
AH4	0.270092730788	0.323604079265	2.26952304495	0.915070797487	0.756730618656	0.608446176897	0.930612092798	0.632874601257	0.756353025616	0.610353992267	0.839719449009	0.602133644273	0.572615108748	1.93843320445	0.582907805703	0.0	0.648400144998	0.640038719188	1.48334098115	1.0806297825	0.832029023683	0.584800763654	0.801062745288	0.773789304012	1.45388942001	0.568891962301	0.641489265346	0.530624697922	0.634783006283	0.620402957951	0.749088559691	0.571509270179	0.691699681005	0.685901773804	1.02828963267	0.781405355244	0.813846766554	0.66534439826	0.613799362011	0.511492049299	0.432042740454	1.23913874819	1.15984296278	0.559492619623	1.01934187047	0.958258907685	0.932792131464	0.835704470759	0.839633832769	0.773487539874	0.95591897535	0.911214490092	0.550597283712	0.621344369261	0.68725982117	0.590255853069	0.368236636056	0.818733412276	0.359927839536	0.837843151281	0.490006495892	0.83651442726
AA7	0.817436172064	0.618734780087	2.47124032866	1.12990557757	0.975858110198	0.58124442726	1.25233258579	0.553486558724	0.545440159497	0.868660913485	0.481893136781	0.806572551957	0.580769888835	2.14918551957	0.768225253746	0.648400144998	0.0	0.148128675689	1.82122374577	1.34889855002	1.01650883035	0.660096288062	0.46406381827	0.450802450459	1.76711374094	0.816389951667	0.36183478492	0.444756346061	0.742085123248	0.849885461576	0.639930009667	0.395703953601	0.499973736104	0.547813702272	1.2129442581	0.974538965684	0.539048661189	0.84734141131	0.534989318511	0.878019840503	0.677098719188	1.45750202513	1.38659440793	0.78332322378	0.776384045433	0.6980640116	1.11419577574	0.890970811986	1.08249227646	0.984642532624	0.899087694538	0.992214093765	0.708117728371	0.654507172547	0.697527554374	0.695260521991	0.56599062349	0.980702672789	0.6115220203	0.958301005317	0.485889772837	0.869832580957
AA8	0.789831169647	0.619700285162	2.4868922233	1.14725631223	0.968061536974	0.565826810053	1.23521722088	0.554615389077	0.573643711938	0.849660831319	0.464287254712	0.797715495408	0.587854465926	2.16273970517	0.801321362977	0.640038719188	0.148128675689	0.0	1.80687460609	1.33819089899	0.987474867086	0.622244258096	0.482111150314	0.446462580957	1.74773709038	0.798677757371	0.36683479942	0.423494224263	0.742637974867	0.841820913485	0.565288970517	0.333838738521	0.527747718705	0.537497970034	1.16807661672	0.937101251812	0.521495567907	0.839826346061	0.511010473659	0.839543711938	0.647290004833	1.48161713871	1.40941793137	0.768899874335	0.742118627356	0.664383658772	1.09659985984	0.881527617206	1.0458362639	0.946119531174	0.876342904785	0.967985911068	0.671093992267	0.618776341228	0.655232247463	0.648045553407	0.575517288545	0.965474509425	0.618293489609	0.918143813436	0.450108646689	0.857733910101
AB7	1.43805286129	1.57443094732	1.16231259062	1.04543224263	1.48901030449	1.81039257129	1.26908853069	1.82108022233	1.95350551957	1.47421094248	2.02932273079	1.58504876752	1.75242266312	0.911003745771	1.56976466892	1.48334098115	1.82122374577	1.80687460609	0.0	0.56121757854	1.49933040116	1.60088353311	1.92300961334	1.94562330594	1.08406786854	1.42107336878	1.81462838086	1.66524116481	1.37153277429	1.2569857854	1.72103865636	1.71038727405	1.84266757371	1.899519884	1.88898032866	1.85033830353	1.99140409377	1.44003323828	1.85034028516	1.49189072982	1.64417364911	0.986949540841	1.00302840986	1.51998768487	2.18933217013	2.11756540841	1.89206369744	1.95697956501	1.8045961769	1.85196362011	2.06905732721	1.99928864669	1.78740831803	1.8124238811	1.86109910101	1.82136901402	1.60659886419	1.89884954084	1.58519516191	1.92969847753	1.74802063316	1.9708480232
AB8	1.06109565007	1.10031105848	1.42953151281	0.555851135814	1.07789117931	1.30326462059	0.802304833253	1.31546463509	1.44923654422	1.01195958917	1.52323279845	1.09476160947	1.24915048816	1.11139902368	1.07324790237	1.0806297825	1.34889855002	1.33819089899	0.56121757854	0.0	1.01999610923	1.10651105848	1.41532162397	1.42521429193	1.12161340261	0.9711400145	1.30648490575	1.16019107782	0.83876417593	0.73652777187	1.28462896568	1.22700768487	1.33961383277	1.39228031416	1.47045947318	1.38129654906	1.52534962784	0.947347462542	1.39965770904	1.07368714838	1.21914204447	0.685839763171	0.662097945868	1.02165874819	1.70108717738	1.62449173514	1.56018833253	1.54971712421	1.39573864669	1.46424841953	1.66324047366	1.62633831803	1.39039834703	1.41054637023	1.46253108265	1.42131767037	1.17942260029	1.52967177864	1.1661057999	1.51974297728	1.27249893668	1.56004899468
AC7	0.810242518125	0.874012242629	1.96092069116	0.903323968101	1.03257847269	0.90499080232	0.898733122281	0.876053146448	0.991761159981	0.753166399227	1.05493674722	0.936411580474	0.944173673272	1.63915492992	0.874001962301	0.832029023683	1.01650883035	0.987474867086	1.49933040116	1.01999610923	0.0	0.499821744804	0.949217066216	0.97296578057	1.41346324795	0.717233243113	0.913147684872	0.754937452876	0.568915084582	0.554634069599	0.867504407927	0.80588219913	0.884340101498	0.902359681005	1.28373558241	1.17975177864	1.17967256162	0.7662959739	1.05787494925	0.937039507008	0.952403518608	1.13469290478	1.10296652489	0.769203537941	1.1364760464	1.09425702755	1.44478845336	1.40570072499	1.22591492992	1.2691202755	1.52196851136	1.48343101498	1.08571476559	1.16362612373	1.22987990333	1.14361107298	0.91508499275	1.38367039149	0.89058181247	1.31526573707	0.92268037216	1.39710153697
AC8	0.666464852586	0.620480096665	2.20192735621	0.973450062832	0.992298061866	0.63569098115	0.979201739971	0.59021141131	0.709915674239	0.697251923635	0.79980722088	0.81133320928	0.643288313195	1.87740862252	0.758714021266	0.584800763654	0.660096288062	0.622244258096	1.60088353311	1.10651105848	0.499821744804	0.0	0.652290101498	0.678804741421	1.53315485259	0.621299337844	0.487079009183	0.341053272112	0.470716123731	0.562800338328	0.599410154664	0.465279516675	0.59634979217	0.611114533591	1.14040299178	0.878003856936	0.81935477042	0.700527858869	0.707513494442	0.788182334461	0.666260304495	1.21893666989	1.15000253746	0.670746471725	0.881210521991	0.840095263412	1.25307064282	1.05820162881	1.03111044949	1.02590610923	1.15889129048	1.15895390043	0.792059062349	0.806487781537	0.866475152247	0.822912692122	0.551147694538	1.12654681972	0.590093687772	0.98348240696	0.562394006767	1.0374657854
AD7	0.919735659739	0.835132875785	2.37671354277	1.14243315611	1.24189048333	0.687719275012	1.31204630256	0.564027825036	0.493516118898	0.973661967134	0.426937245046	1.05291789754	0.759506640889	2.05174012566	0.931460778154	0.801062745288	0.46406381827	0.482111150314	1.92300961334	1.41532162397	0.949217066216	0.652290101498	0.0	0.155945485742	1.89984221846	0.896867699372	0.374801145481	0.483581633639	0.681285026583	0.808771309811	0.732548830353	0.524583615273	0.479379178347	0.547970521991	1.39005232963	1.13182212663	0.677769241179	0.885661063316	0.726039246013	1.06590069116	0.875174359594	1.3746962349	1.30161145964	0.90158358144	0.80789757854	0.747988554857	1.35956140164	1.1459037361	1.29119766071	1.22324968584	1.14765739004	1.25465729338	0.952784349927	0.896285799903	0.931653905268	0.949090478492	0.751071039149	1.25022778637	0.802672344128	1.17426342194	0.65737457709	1.1213157999
AD8	0.934367544708	0.79383160464	2.42044434509	1.14953033833	1.19262341228	0.6338279797	1.33401573224	0.522733639439	0.450756317061	0.965379265346	0.360258313195	1.00111132914	0.725152310295	2.09602770904	0.912329618173	0.773789304012	0.450802450459	0.446462580957	1.94562330594	1.42521429193	0.97296578057	0.678804741421	0.155945485742	0.0	1.88573990333	0.877871822136	0.352699188014	0.486579937168	0.694485292412	0.813853943934	0.747467549541	0.528109951667	0.462075538908	0.520746901885	1.34379019816	1.08990338811	0.638671266312	0.85603619623	0.670229574674	1.00790892218	0.81728160464	1.42497398743	1.35195719671	0.862535804737	0.758594113098	0.698090289995	1.32848292412	1.11516878685	1.24533058966	1.17361151764	1.1139517303	1.22040667472	0.914738255196	0.842663281779	0.885820029	0.899505553407	0.76514817303	1.21408667956	0.823953566941	1.12974958434	0.613404035766	1.08755716771
AE7	1.35569208797	1.53835550991	1.89094536974	1.29480493475	1.35924811986	1.718010203	1.19840127115	1.8011982987	1.93408544224	1.37532841953	1.98564915901	1.48705423876	1.65074029483	1.63375794587	1.50893133881	1.45388942001	1.76711374094	1.74773709038	1.08406786854	1.12161340261	1.41346324795	1.53315485259	1.89984221846	1.88573990333	0.0	1.04140542291	1.80088621556	1.62882389077	1.39363642823	1.3088781102	1.58560720155	1.61478291445	1.8304060174	1.8522621943	1.7363041276	1.7603978202	1.94763930884	1.50545660222	1.80733757854	1.39592576124	1.59842012566	1.46830263896	1.45087853069	1.49908239729	2.0741300725	2.00849729821	1.71653771387	1.82757716771	1.64466533108	1.68268621073	1.97954848236	1.84716825036	1.65895876752	1.70932332044	1.74979563074	1.67462767037	1.58114054616	1.73957449009	1.54041317061	1.81625586757	1.69712187047	1.8258242146
AE8	0.582386800387	0.6072659884	2.16004798937	0.874886413726	0.794853919768	0.75193959884	0.863630009667	0.809521430643	0.952006727888	0.551749850169	1.00469272595	0.672837380377	0.738840797487	1.83273038666	0.737048999517	0.568891962301	0.816389951667	0.798677757371	1.42107336878	0.9711400145	0.717233243113	0.621299337844	0.896867699372	0.877871822136	1.04140542291	0.0	0.808298356694	0.655661416143	0.626205872402	0.575483591107	0.761618501692	0.685611072982	0.843463910101	0.865439275012	1.09552948284	0.940638593523	0.972226085065	0.695573856936	0.846459299178	0.618821053649	0.678900657322	1.18171264379	1.10987625906	0.647036046399	1.15114342194	1.08271376027	1.10050297245	1.07534633156	0.939377849203	0.969223397777	1.19937059932	1.17671084099	0.851127003383	0.863775480909	0.931727704205	0.868277066216	0.669538419526	1.06480557757	0.646514050266	1.03482073949	0.727649971	1.07238373127
AF7	0.796340758821	0.643867535041	2.36480711938	1.08569291928	1.05275953601	0.56609638956	1.21219381827	0.45844478492	0.45050821653	0.832577467376	0.477788047366	0.869007317545	0.606273518608	2.04086816336	0.788199188014	0.641489265346	0.36183478492	0.36683479942	1.81462838086	1.30648490575	0.913147684872	0.487079009183	0.374801145481	0.352699188014	1.80088621556	0.808298356694	0.0	0.244260903818	0.610713305945	0.733080749154	0.673076800387	0.465439009183	0.409191807637	0.464006534558	1.19378742388	0.929462750121	0.562047129048	0.761781889802	0.571541126148	0.869066669889	0.669585819236	1.37878436926	1.30398221363	0.723744195263	0.754149347511	0.700332010633	1.18966476075	0.986033252779	1.09151971484	1.0444319623	0.994824548091	1.09330243113	0.770618458192	0.743987090382	0.789412827453	0.788704074432	0.590123948768	1.07289696472	0.648633798937	1.00091927985	0.483407941034	0.963056665056
AF8	0.645666379894	0.561772672789	2.26720934751	0.975808757854	0.966739463509	0.532143856936	1.05853560174	0.453112300628	0.53390261479	0.69698521508	0.62175662639	0.784850231996	0.584829221846	1.94232103432	0.740363214113	0.530624697922	0.444756346061	0.423494224263	1.66524116481	1.16019107782	0.754937452876	0.341053272112	0.483581633639	0.486579937168	1.62882389077	0.655661416143	0.244260903818	0.0	0.500392518125	0.613914035766	0.604421483809	0.361430932818	0.47482	0.495255625906	1.14809922185	0.880084523925	0.648937892702	0.708272189464	0.539599980667	0.774423291445	0.602994697922	1.26850879169	1.19617872885	0.661361000483	0.846905321411	0.790715611406	1.14810894152	0.956544316095	1.0020579507	0.992062426293	0.961518134364	1.05664158531	0.719980927985	0.712789753504	0.769143436443	0.751270140164	0.496597970034	1.02739660222	0.546763808603	0.959506022233	0.435188332528	0.9327079797
AG7	0.72301977767	0.633966901885	1.91136499758	0.657086205897	0.882892803287	0.642093378444	0.896750826486	0.573659308845	0.696573943934	0.637064180764	0.818715998067	0.762041938134	0.683007733204	1.59008156597	0.666954775254	0.634783006283	0.742085123248	0.742637974867	1.37153277429	0.83876417593	0.568915084582	0.470716123731	0.681285026583	0.694485292412	1.39363642823	0.626205872402	0.610713305945	0.500392518125	0.0	0.191997747704	0.779240091832	0.624893059449	0.610381459642	0.711787960367	1.25508244079	0.976930275495	0.90401222813	0.498682735621	0.80011739971	0.799217955534	0.720957588207	0.990078052199	0.912195770904	0.511764673755	1.07534136781	1.00136598357	1.30023255679	1.11398641373	1.13680550991	1.1311060319	1.2287519188	1.21932037699	0.899599323345	0.896960473659	0.96594341711	0.922695331078	0.670076945384	1.1891320203	0.683804050266	1.11579725471	0.689352682455	1.11061000967
AG8	0.655834045433	0.652037332044	1.851760058	0.597798898018	0.839969710005	0.700141246979	0.818427878202	0.70056977767	0.826201416143	0.614624364427	0.913313523441	0.718512000967	0.734641324311	1.52824835186	0.65076560174	0.620402957951	0.849885461576	0.841820913485	1.2569857854	0.73652777187	0.554634069599	0.562800338328	0.808771309811	0.813853943934	1.3088781102	0.575483591107	0.733080749154	0.613914035766	0.191997747704	0.0	0.875900265829	0.726501440309	0.73402539391	0.793137752537	1.23557117931	1.02502139198	1.01127612373	0.465987974867	0.866540966651	0.762483958434	0.751961773804	0.935640236829	0.861127390043	0.509719763171	1.15525646689	1.09150581924	1.27825648139	1.17984929435	1.1041238956	1.13255615273	1.29543338811	1.28342293862	0.954276346061	0.954188931851	1.02736731271	0.980545751571	0.733200512325	1.18828540841	0.720680589657	1.16773201547	0.74476677622	1.17527426293
AH7	0.760042324795	0.844183156114	2.43734493475	1.26858360077	1.16905539874	0.826334388594	1.17992151281	0.843445161914	0.916687887869	0.911981923635	0.824459221846	1.00990569357	0.855439096182	2.13040626873	1.02814859352	0.749088559691	0.639930009667	0.565288970517	1.72103865636	1.28462896568	0.867504407927	0.599410154664	0.732548830353	0.747467549541	1.58560720155	0.761618501692	0.673076800387	0.604421483809	0.779240091832	0.875900265829	0.0	0.33921517158	0.889043030449	0.87932962784	1.17596425326	1.00019780087	0.818893054616	0.981578458192	0.782679859836	0.947008960851	0.823906640889	1.47864351861	1.41857910101	0.929787694538	0.983104900918	0.921887863702	1.25452494442	1.06785876269	1.16339381827	1.02840344611	1.12852605607	1.14777458192	0.84234477042	0.802925911068	0.827148545191	0.817525717738	0.740939850169	1.13509919768	0.778647022716	1.01088748671	0.694204422426	1.04199696472
AH8	0.690525384244	0.6659539971	2.40244775254	1.09750321895	1.01324814403	0.586489830836	1.11420160464	0.597182498792	0.671011150314	0.781522653456	0.603614635089	0.831879811503	0.660696848719	2.08026687289	0.851502102465	0.571509270179	0.395703953601	0.333838738521	1.71038727405	1.22700768487	0.80588219913	0.465279516675	0.524583615273	0.528109951667	1.61478291445	0.685611072982	0.465439009183	0.361430932818	0.624893059449	0.726501440309	0.33921517158	0.0	0.640238482359	0.622581193813	1.16017037699	0.912992566457	0.640915311745	0.837404059932	0.563653745771	0.822717791203	0.672402073465	1.40336114548	1.33092880135	0.773937056549	0.820539927501	0.761739101015	1.15090537458	0.95185182697	1.03890642823	0.94194979217	0.971268767521	1.05633947801	0.698445451909	0.681763963267	0.725187515708	0.697653823103	0.586789772837	1.03067288062	0.625492344128	0.917553117448	0.481699468342	0.931036795553
AA5	0.867561053649	0.558328332528	2.26617748671	1.02517874335	0.938322054132	0.470079101015	1.20283350411	0.270984209763	0.281674871919	0.824640478492	0.475800570324	0.741716060899	0.581233484775	1.94076798453	0.640373924601	0.691699681005	0.499973736104	0.527747718705	1.84266757371	1.33961383277	0.884340101498	0.59634979217	0.479379178347	0.462075538908	1.8304060174	0.843463910101	0.409191807637	0.47482	0.610381459642	0.73402539391	0.889043030449	0.640238482359	0.0	0.256146123731	1.22058524408	0.927070449493	0.638489666506	0.604682580957	0.614728835186	0.819437568874	0.647654678589	1.22533927985	1.14100136781	0.58604181247	0.741879028516	0.676741092315	1.24627660706	1.04827814886	1.0669042436	1.08970789754	1.06102278395	1.16578694055	0.802955447076	0.794245838569	0.834204741421	0.845444562591	0.61697939101	1.13483890285	0.656850749154	1.03582376027	0.552417003383	1.02931570324
AA6	0.857110338328	0.595528037699	2.37330333011	1.09321448526	0.925120405993	0.390082440793	1.19238571774	0.324983112615	0.333439719671	0.832502339294	0.459731778637	0.732713320445	0.529694910585	2.04268182214	0.700686408893	0.685901773804	0.547813702272	0.537497970034	1.899519884	1.39228031416	0.902359681005	0.611114533591	0.547970521991	0.520746901885	1.8522621943	0.865439275012	0.464006534558	0.495255625906	0.711787960367	0.793137752537	0.87932962784	0.622581193813	0.256146123731	0.0	1.07699022716	0.800882595457	0.532250029	0.654630879652	0.508588115031	0.82396118898	0.567783760271	1.33132962784	1.24416599323	0.610438608023	0.543248815853	0.48894098115	1.14264493475	0.950857660706	0.950064818753	0.945200091832	0.962175848236	1.05238675205	0.677152271629	0.69695741421	0.738827240213	0.720608849686	0.630783494442	1.01301473175	0.680476718221	0.895097133881	0.518816283229	0.929880734654
AB5	1.0827922813	0.967303678105	2.57122876269	1.34534362977	0.831435708072	1.00869156597	1.22072511841	1.12316284195	1.19042535524	0.964442232963	1.21148841469	0.820600850652	0.993542576124	2.24985441759	1.04521500242	1.02828963267	1.2129442581	1.16807661672	1.88898032866	1.47045947318	1.28373558241	1.14040299178	1.39005232963	1.34379019816	1.7363041276	1.09552948284	1.19378742388	1.14809922185	1.25508244079	1.23557117931	1.17596425326	1.16017037699	1.22058524408	1.07699022716	0.0	0.394607854036	0.948048849686	1.07090840503	0.949261841469	0.846394393427	0.853155959401	1.5897362494	1.52263728371	0.975910430159	0.9954060029	0.949658429193	0.81387699855	0.895082919285	0.722530744321	0.72933478492	1.03713288062	0.93459141131	0.81301337361	0.906751749638	0.938525838569	0.877416940551	1.02160980667	0.803257022716	1.01619420493	0.808456457226	1.00350258579	0.886816220396
AB6	0.921384301595	0.707778231029	2.51795487675	1.23014378927	0.751790096665	0.728246428226	1.10660151764	0.828580275495	0.903394794587	0.8366400145	0.968002890285	0.60536178347	0.720337409377	2.1915437216	0.825676592557	0.781405355244	0.974538965684	0.937101251812	1.85033830353	1.38129654906	1.17975177864	0.878003856936	1.13182212663	1.08990338811	1.7603978202	0.940638593523	0.929462750121	0.880084523925	0.976930275495	1.02502139198	1.00019780087	0.912992566457	0.927070449493	0.800882595457	0.394607854036	0.0	0.721084514258	0.842561701305	0.706485490575	0.728252996617	0.609320149831	1.47805040599	1.40737681489	0.716353470275	0.791577704205	0.734422590623	0.727738627356	0.628803078782	0.555939255679	0.511372547124	0.768077283712	0.704329695505	0.564110855486	0.682406292895	0.715072977284	0.658688303528	0.742419072015	0.612920265829	0.744875350411	0.530215978734	0.752111503142	0.615059473175
AC5	0.967543953601	0.756156636056	2.64918902852	1.34236829386	0.968093044949	0.608995959401	1.31264555824	0.593304557757	0.550315993233	0.923513093282	0.499098298695	0.766076863219	0.711822648623	2.32044345094	0.903802653456	0.813846766554	0.539048661189	0.521495567907	1.99140409377	1.52534962784	1.17967256162	0.81935477042	0.677769241179	0.638671266312	1.94763930884	0.972226085065	0.562047129048	0.648937892702	0.90401222813	1.01127612373	0.818893054616	0.640915311745	0.638489666506	0.532250029	0.948048849686	0.721084514258	0.0	0.866586273562	0.459885664572	0.889672010633	0.661818583857	1.63609695022	1.54439077332	0.774696940551	0.503024209763	0.442829637506	0.975130410826	0.753682634123	0.912791561141	0.814012537458	0.731496027066	0.822919081682	0.611655060416	0.542507868536	0.539986713388	0.595123073949	0.7633660029	0.838071430643	0.807445896568	0.744595891735	0.597932846786	0.716750048333
AC6	0.807733107782	0.561386437893	1.94978260029	0.678615050749	0.707568859352	0.625541449976	0.738172682455	0.57267882552	0.744669884002	0.515159966167	0.85222138231	0.602879241179	0.652951077815	1.62294572257	0.498972609956	0.66534439826	0.84734141131	0.839826346061	1.44003323828	0.947347462542	0.7662959739	0.700527858869	0.885661063316	0.85603619623	1.50545660222	0.695573856936	0.761781889802	0.708272189464	0.498682735621	0.465987974867	0.981578458192	0.837404059932	0.604682580957	0.654630879652	1.07090840503	0.842561701305	0.866586273562	0.0	0.78476240696	0.630834910585	0.618411275979	0.811650695988	0.717225553407	0.306742634123	1.04417402127	0.960672643789	1.126619971	1.06935125665	0.951073929435	1.0004521798	1.16651107782	1.15961281779	0.851357448043	0.880467433543	0.944120729821	0.894069801837	0.663802029966	1.0461362929	0.663567278879	1.0333358144	0.689674876752	1.06587104398
AD6	0.783063151281	0.570849337844	2.52482150797	1.14417350411	0.821054291928	0.425443363944	1.18077080715	0.498802953117	0.57131378927	0.788417655872	0.558866176897	0.64356621073	0.513093697438	2.19103152247	0.747067651039	0.613799362011	0.534989318511	0.511010473659	1.85034028516	1.39965770904	1.05787494925	0.707513494442	0.726039246013	0.670229574674	1.80733757854	0.846459299178	0.571541126148	0.539599980667	0.80011739971	0.866540966651	0.782679859836	0.563653745771	0.614728835186	0.508588115031	0.949261841469	0.706485490575	0.459885664572	0.78476240696	0.0	0.712492271629	0.403967583374	1.50251804253	1.41969483325	0.684274746254	0.684362334461	0.601102387627	0.833656133398	0.631421039149	0.819011831803	0.702272634123	0.673392924118	0.747009047849	0.449382145964	0.408063025616	0.458511179314	0.439714934751	0.563939265346	0.718001880135	0.615961565974	0.658682126631	0.362705258579	0.621411275979
AE5	0.572111459642	0.513317510875	2.28455311261	0.919051295312	0.628040154664	0.72166961334	0.796865505075	0.745152895118	0.932149444176	0.502285596907	0.981393218946	0.563293910101	0.708323146448	1.95074555341	0.613866534558	0.511492049299	0.878019840503	0.839543711938	1.49189072982	1.07368714838	0.937039507008	0.788182334461	1.06590069116	1.00790892218	1.39592576124	0.618821053649	0.869066669889	0.774423291445	0.799217955534	0.762483958434	0.947008960851	0.822717791203	0.819437568874	0.82396118898	0.846394393427	0.728252996617	0.889672010633	0.630834910585	0.712492271629	0.0	0.380773745771	1.19306734654	1.11611830836	0.548374403093	1.11417248913	1.04957351861	0.887117095215	0.888757834703	0.783293421943	0.748159840503	1.03481047366	0.96353622523	0.622660304495	0.705680159497	0.777155099082	0.665745640406	0.553685224746	0.843825828903	0.516788182697	0.827053160947	0.659943011116	0.875303914935
AE6	0.607590550991	0.397027080715	2.38724319478	1.01691025133	0.709912324795	0.502484722088	0.953783919768	0.546041652972	0.678296365394	0.590277332044	0.73258900435	0.563559594007	0.471463832769	2.05197172064	0.565959362011	0.432042740454	0.677098719188	0.647290004833	1.64417364911	1.21914204447	0.952403518608	0.666260304495	0.875174359594	0.81728160464	1.59842012566	0.678900657322	0.669585819236	0.602994697922	0.720957588207	0.751961773804	0.823906640889	0.672402073465	0.647654678589	0.567783760271	0.853155959401	0.609320149831	0.661818583857	0.618411275979	0.403967583374	0.380773745771	0.0	1.32116289029	1.23546904785	0.485319236346	0.86893239246	0.79879301595	0.841742286129	0.70647139681	0.71741520058	0.640653885935	0.833697810536	0.791784528758	0.439655886902	0.489017259546	0.543286331561	0.466716370227	0.42365539391	0.721578994683	0.433494253262	0.66679658289	0.43829022233	0.701395137748
AF5	1.24562051716	1.19983140164	1.30910776704	0.645717153214	1.16598627356	1.31773867086	0.797784519091	1.23200763654	1.33510946351	1.03402902852	1.51159705655	1.19901432576	1.30166437409	0.994397375544	1.07493061382	1.23913874819	1.45750202513	1.48161713871	0.986949540841	0.685839763171	1.13469290478	1.21893666989	1.3746962349	1.42497398743	1.46830263896	1.18171264379	1.37878436926	1.26850879169	0.990078052199	0.935640236829	1.47864351861	1.40336114548	1.22533927985	1.33132962784	1.5897362494	1.47805040599	1.63609695022	0.811650695988	1.50251804253	1.19306734654	1.32116289029	0.0	0.150586070565	0.996770459159	1.73786274529	1.65576153214	1.67719346061	1.65568648623	1.53946130981	1.62175757854	1.78456523441	1.77331835186	1.50889120831	1.57043139198	1.61953614306	1.56180741904	1.25563104398	1.66272911551	1.23990967134	1.66101344128	1.38680460609	1.66413458676
AF6	1.17814805703	1.11711869019	1.38237693088	0.595811256646	1.10588754954	1.23824110681	0.735500198163	1.14854605123	1.26598413726	0.951314122765	1.43741569357	1.13228218463	1.22680528275	1.06457068632	0.986422136298	1.15984296278	1.38659440793	1.40941793137	1.00302840986	0.662097945868	1.10296652489	1.15000253746	1.30161145964	1.35195719671	1.45087853069	1.10987625906	1.30398221363	1.19617872885	0.912195770904	0.861127390043	1.41857910101	1.33092880135	1.14100136781	1.24416599323	1.52263728371	1.40737681489	1.54439077332	0.717225553407	1.41969483325	1.11611830836	1.23546904785	0.150586070565	0.0	0.910882687289	1.65388180764	1.57326512808	1.60402184147	1.59218909618	1.46052901402	1.54343001933	1.68567628323	1.69126176414	1.4283197245	1.48494094248	1.53172733688	1.47993844853	1.17517510391	1.58240662156	1.15571244563	1.5764261334	1.30230346544	1.5921942871
AG5	0.721328318028	0.419208569357	2.10343382794	0.771531855969	0.572198018366	0.539839917835	0.804082605123	0.519080096665	0.690100367327	0.501377999033	0.787441000483	0.460232247463	0.527625582407	1.77431477525	0.394887162881	0.559492619623	0.78332322378	0.768899874335	1.51998768487	1.02165874819	0.769203537941	0.670746471725	0.90158358144	0.862535804737	1.49908239729	0.647036046399	0.723744195263	0.661361000483	0.511764673755	0.509719763171	0.929787694538	0.773937056549	0.58604181247	0.610438608023	0.975910430159	0.716353470275	0.774696940551	0.306742634123	0.684274746254	0.548374403093	0.485319236346	0.996770459159	0.910882687289	0.0	0.969856471725	0.887767757371	1.01000954567	0.921450188497	0.834242962784	0.842680536491	1.03922954567	1.01013751087	0.690459221846	0.730631053649	0.795029144514	0.721922450459	0.571266143064	0.89535159014	0.558278564524	0.875114533591	0.597986810053	0.914839507008
