	AA3	AA4	AB3	AB4	AC3	AC4	AD3	AD4	AE3	AE4	AF3	AF4	AG3	AG4	AH3	AH4	AA7	AA8	AB7	AB8	AC7	AC8	AD7	AD8	AE7	AE8	AF7	AF8	AG7	AG8	AH7	AH8	AA5	AA6	AB5	AB6	AC5	AC6	AD6	AE5	AE6	AF5	AF6	AG5	AH5	AH6	AA1	AA2	AB1	AB2	AC1	AC2	AD1	AD2	AE1	AE2	AF1	AF2	AG1	AG2	AH1	AH2
AA3	0.0	0.501602179797	2.2364317158	0.887962740454	0.821332281295	0.712446365394	0.902296549058	0.760407409377	0.871177699372	0.614819207347	0.936903523441	0.689572566457	0.638229313678	1.89368004833	0.740168148864	0.274492015466	0.801829304012	0.777698728855	1.41574445143	1.02687279845	0.790013740938	0.67358901885	0.846598806187	0.854823827936	1.36090370227	0.532327283712	0.760790043499	0.652884330594	0.673624209763	0.664891039149	0.747891764137	0.667221565974	0.842138820686	0.822146249396	1.071679855	0.879439801837	0.91962041566	0.737936341228	0.726532774287	0.548162667956	0.566129705172	1.25886560174	1.17932087965	0.657097095215	1.1658617738	1.03414869502	1.0007922233	0.941209594007	0.894247965201	0.829867467376	1.03175730304	0.96507619623	0.636214712421	0.724527075882	0.798857481875	0.683245833736	0.525516413726	0.876515882069	0.502431725471	0.847698467859	0.658275268246	0.896327970034
AA4	0.501602179797	0.0	2.23543439826	0.849131358144	0.63744038666	0.523167597873	0.902165949734	0.459030874819	0.670941667472	0.553169700338	0.764281865636	0.438292648623	0.414531193813	1.89183316095	0.319976505558	0.29193860319	0.677741623973	0.640306379894	1.53052811986	1.05866522475	0.838220434993	0.608151855969	0.822544417593	0.791803301112	1.50595007733	0.584212112131	0.671472948284	0.645871449976	0.607384504592	0.664929961334	0.845345698405	0.68150820203	0.58803677622	0.589410246496	0.949996022233	0.680827356211	0.760365543741	0.501489289512	0.558216094732	0.468926075399	0.399493392943	1.21073380377	1.10096490575	0.467119990333	0.974380763654	0.809740173997	0.969910236829	0.81636918318	0.748436437893	0.764739381344	0.916917829869	0.872733301112	0.541886346061	0.623727970034	0.686870275495	0.596662648623	0.430991942968	0.818370357661	0.432552590623	0.739523518608	0.483855476075	0.7647160174
AB3	2.2364317158	2.23543439826	0.0	1.5145357419	2.16120438376	2.39231009667	1.88400990817	2.29415331561	2.37402453359	2.12765057516	2.51283608023	2.25264167231	2.28946438376	0.381292073465	2.12607313678	2.27644276462	2.49207850652	2.49108359111	1.18818163847	1.45742837119	1.9825120493	2.14221313678	2.41788254712	2.3979460319	1.90073837603	2.15995467859	2.3722098695	2.31470218463	1.92660383277	1.80874990817	2.44510915418	2.40646388594	2.29032132431	2.37065865152	2.53940656356	2.48594350411	2.63581853069	1.97900045916	2.50686959401	2.32235486709	2.39223837603	1.29254881102	1.37520256162	2.04914459642	2.75670658772	2.631369826	2.67577997583	2.69051867086	2.52695045916	2.57937381827	2.76234318995	2.72414658772	2.52861916868	2.61599681005	2.6177522813	2.57411633156	2.30597886902	2.64292236829	2.29297959401	2.62899121798	2.39588301112	2.6607401015
AB4	0.887962740454	0.849131358144	1.5145357419	0.0	0.859749231513	1.0008137071	0.763845611406	0.984053330111	1.13017029966	0.795835674239	1.20585033349	0.879828762687	0.798307066216	1.16189983084	0.778665862736	0.882993131948	1.13927555341	1.12816751087	1.01716832286	0.508521367811	0.878935920735	0.836377762204	1.12355456742	1.11773361527	1.27515405993	0.834320183664	1.07045303528	0.984934726921	0.629883441276	0.547387564041	1.21234718705	1.07663439826	1.05922930401	1.09877450942	1.32386734171	1.19196691155	1.33760108748	0.7015099855	1.12361959401	0.936383919768	1.00955327695	0.673263576607	0.575010299662	0.721065828903	1.48359663606	1.33311246013	1.41674497825	1.3602722668	1.2404680957	1.28794898018	1.44647396327	1.41415653939	1.15043484292	1.2437821798	1.30025828903	1.20629694538	0.962325746738	1.33625290962	0.945101609473	1.3005357564	1.00802146931	1.32133929435
AC3	0.821332281295	0.63744038666	2.16120438376	0.859749231513	0.0	0.762130526825	0.855341570807	0.840312721121	0.990437520541	0.655956747221	1.11179930401	0.355700700822	0.805686660222	1.82436887869	0.659126916385	0.725898767521	1.01470132431	0.983415553407	1.39634052199	1.01606336878	1.05362351861	0.986817665539	1.22887557274	1.20751845819	1.28376153214	0.792172943451	1.08813848719	1.04611006767	0.879509695505	0.882696930884	1.17976008217	1.04622491542	0.978399927501	0.988023663606	0.850242305462	0.790203325278	1.03301510391	0.687449366844	0.839609888835	0.627590154664	0.69642781537	1.14538095698	1.06221923151	0.608282851619	1.24732156597	1.11065964234	0.902229192847	0.967950720155	0.794459047849	0.801973175447	1.07396629773	0.986496887385	0.72748479942	0.86045517158	0.91782099565	0.789123354277	0.82356037216	0.869479647173	0.805279666506	0.886933020783	0.879538376027	0.927677941034
AC4	0.712446365394	0.523167597873	2.39231009667	1.0008137071	0.762130526825	0.0	1.12437918318	0.352319468342	0.443116476559	0.767524548091	0.401234364427	0.480582885452	0.488287781537	2.05469385694	0.686391536974	0.601473750604	0.574103112615	0.517199246013	1.79493289512	1.27664842436	0.89534558724	0.59511918318	0.618740396327	0.609706723055	1.72138929435	0.7704520058	0.534776176897	0.511920555824	0.660871039149	0.767999105848	0.801730492992	0.562254475592	0.455292165297	0.400404117931	0.994627129048	0.692305268246	0.563412194297	0.640908342194	0.387630720155	0.659190715321	0.494267051716	1.3815700725	1.27972258579	0.628235669406	0.728347945868	0.568081749638	1.05765669406	0.850628854519	0.810623272112	0.840206534558	0.849115181247	0.914507153214	0.556196863219	0.63867982117	0.664841150314	0.643017535041	0.58396482842	0.905168849686	0.632428859352	0.780515031416	0.395798511358	0.756938028033
AD3	0.902296549058	0.902165949734	1.88400990817	0.763845611406	0.855341570807	1.12437918318	0.0	1.03133272595	1.32066484292	0.458951338811	1.37097923151	0.945049357177	1.03384457709	1.54164525858	0.828987617206	0.927479255679	1.27204823103	1.26320936201	1.29083706622	0.807308496858	0.877027438376	0.954182696955	1.29693892218	1.27771218946	1.21845961334	0.870690734654	1.21224596423	1.10569323345	0.89379821653	0.800965674239	1.19278171097	1.11082575157	1.20660422426	1.1590779072	1.2198098695	1.10217894152	1.3258659449	0.717922363461	1.16169284195	0.87007900435	0.997294615756	0.825654282262	0.779409550507	0.721194340261	1.47715596423	1.35905034799	1.37925160464	1.3905278637	1.16656510391	1.20747728855	1.48954084099	1.43461177864	1.14893447076	1.26169308845	1.3132357709	1.16754465442	0.99617341711	1.3005779797	0.977197138714	1.23404074915	1.15559158531	1.34681295795
AD4	0.760407409377	0.459030874819	2.29415331561	0.984053330111	0.840312721121	0.352319468342	1.03133272595	0.0	0.322898680522	0.669072474625	0.487485297245	0.584059618173	0.533037554374	1.9533460754	0.586806800387	0.601007718705	0.566217631706	0.509597148381	1.78637159981	1.26712701305	0.90147980667	0.563063513775	0.57431217013	0.537550434993	1.76459505558	0.781398830353	0.492285833736	0.505307409377	0.553257525375	0.707976157564	0.821700439826	0.577895384244	0.307565224746	0.360201227646	1.10032299178	0.785810024166	0.568534678589	0.569216694055	0.449689898502	0.677496234896	0.537509439343	1.27374120831	1.16266966167	0.593541353311	0.755745558241	0.590257941034	1.13915009183	0.896615853069	0.930750251329	0.950422387627	0.909080285162	0.993851773804	0.657922663122	0.688390947318	0.682859139681	0.713118907685	0.557212039633	0.995957636539	0.618329255679	0.878389231513	0.474235737071	0.808122000967
AE3	0.871177699372	0.670941667472	2.37402453359	1.13017029966	0.990437520541	0.443116476559	1.32066484292	0.322898680522	0.0	0.943366621556	0.379769052682	0.727733252779	0.638865804737	2.04202147898	0.787437902368	0.764065558241	0.543830937651	0.512158748188	1.93117702755	1.41814818753	1.00846741904	0.705355708072	0.465865389077	0.451040048333	1.92746024166	0.946996747221	0.45523117448	0.544875166747	0.702454262929	0.863159333011	0.90094680522	0.664122339294	0.29491460609	0.385029951667	1.19903680039	0.898532223296	0.517590314161	0.776144722088	0.542377259546	0.899368951184	0.686968081199	1.4033619478	1.29999172547	0.801976795553	0.761423948768	0.563318487192	1.24307497825	1.00254342678	1.05414208797	1.0568642581	1.00584563557	1.0985459594	0.751890497825	0.792755969067	0.767999772837	0.81928300145	0.721023083615	1.10879565007	0.788889772837	0.977545118415	0.571144867086	0.912240720155
AE4	0.614819207347	0.553169700338	2.12765057516	0.795835674239	0.655956747221	0.767524548091	0.458951338811	0.669072474625	0.943366621556	0.0	1.01476681972	0.623499333011	0.69442258579	1.78457025616	0.570037515708	0.585374006767	0.892322750121	0.883556234896	1.44914339778	0.959898356694	0.728007322378	0.642601710971	0.941975500242	0.91642282262	1.33562456259	0.527523726438	0.843658153697	0.75133681972	0.601667999033	0.612120521991	0.898623740938	0.757669395843	0.841480077332	0.811750067666	0.983624523925	0.824153537941	0.94265142581	0.50194560174	0.784152716288	0.542478385694	0.658013146448	1.05197586757	0.95021419043	0.450208269696	1.15062061382	1.02111541324	1.07881639923	1.07683968584	0.893021720638	0.924833557274	1.18750551957	1.12290287579	0.812960599323	0.912336249396	0.962180536491	0.834459279845	0.653949134848	0.997379874335	0.640589299178	0.949391565974	0.784633740938	1.02176748671
AF3	0.936903523441	0.764281865636	2.51283608023	1.20585033349	1.11179930401	0.401234364427	1.37097923151	0.487485297245	0.379769052682	1.01476681972	0.0	0.831865437409	0.702669511841	2.17964445143	0.919974117931	0.835977820203	0.47172818753	0.452842416626	1.99074738521	1.47101095698	1.05115562107	0.76876277912	0.360621546641	0.360828762687	1.98144354277	1.01210913485	0.454991237313	0.607813325278	0.809153823103	0.958386800387	0.813393093282	0.627912880619	0.441169729338	0.467202890285	1.22059279362	0.964037119381	0.475516022233	0.861572344128	0.523957757371	0.916183020783	0.74045699855	1.53752905752	1.43701090865	0.878574238763	0.706207269212	0.523630768487	1.24977273079	1.01074713388	1.11191659256	1.09493948768	1.00390494442	1.07832865152	0.789706413726	0.760937201547	0.785526824553	0.790059932334	0.8124480087	1.08832431609	0.862611314645	0.984537699372	0.540624939584	0.922358830353
AF4	0.689572566457	0.438292648623	2.25264167231	0.879828762687	0.355700700822	0.480582885452	0.945049357177	0.584059618173	0.727733252779	0.623499333011	0.831865437409	0.0	0.565924267762	1.91467457709	0.520711831803	0.571954847753	0.849176737554	0.791733102948	1.58482793137	1.07558382794	0.906881870469	0.762991213146	0.983292928951	0.958823325278	1.4779842146	0.663828086032	0.852533165781	0.815130362494	0.717188086032	0.737698772354	1.03217950701	0.842710362494	0.722408622523	0.74089041566	0.855365654906	0.607146674722	0.780844707588	0.573409961334	0.64840219913	0.537411077815	0.551003895602	1.22254925568	1.11887880135	0.510529642339	1.00312365877	0.84926040116	0.896855925568	0.816474359594	0.661707230546	0.701150405993	0.932874267762	0.875770947318	0.584402706622	0.711854925085	0.776899995167	0.663833392943	0.657941652972	0.778937709038	0.656951164814	0.74335777187	0.638665708072	0.774068501692
AG3	0.638229313678	0.414531193813	2.28946438376	0.798307066216	0.805686660222	0.488287781537	1.03384457709	0.533037554374	0.638865804737	0.69442258579	0.702669511841	0.565924267762	0.0	1.93497091832	0.507510976317	0.48365060899	0.564306341228	0.523324108265	1.66589499275	1.14952156114	0.864236471725	0.5835260174	0.703849743838	0.69387257129	1.58374796037	0.659573591107	0.58352322378	0.546807119381	0.613213523441	0.71736502175	0.809657713871	0.629196138231	0.585470164331	0.562456616723	1.02856700338	0.740406089898	0.777262962784	0.585754335428	0.559807327211	0.605739724505	0.474782740454	1.28110572257	1.18166336878	0.578594519091	0.96784320928	0.786943421943	1.03977563074	0.85369637506	0.825303446109	0.850518956017	0.934894755921	0.908201333978	0.561138332528	0.660074117931	0.736348429193	0.626359400677	0.458952358627	0.895688869019	0.461199608507	0.78855477042	0.402370758821	0.800738540358
AG4	1.89368004833	1.89183316095	0.381292073465	1.16189983084	1.82436887869	2.05469385694	1.54164525858	1.9533460754	2.04202147898	1.78457025616	2.17964445143	1.91467457709	1.93497091832	0.0	1.79022003867	1.93172653456	2.15826129048	2.15297206863	0.933393702272	1.12286659256	1.64758167714	1.80372174964	2.08552512808	2.06390245529	1.64138267762	1.82553106332	2.04011586274	1.97846039633	1.59097883519	1.46988050266	2.12236695022	2.06679644273	1.95854891252	2.03041131464	2.20420920251	2.14571801353	2.29647891735	1.63896155147	2.16370476075	1.97846838086	2.04793807637	0.959642469792	1.04059986467	1.70944404543	2.41669376027	2.28868966167	2.33538942968	2.34898126148	2.18374679555	2.23549946351	2.42415252779	2.38289990817	2.18725939101	2.27522841953	2.28431801353	2.23295502658	1.96824498792	2.30158951184	1.95658584824	2.28475501692	2.05658122281	2.32137553891
AH3	0.740168148864	0.319976505558	2.12607313678	0.778665862736	0.659126916385	0.686391536974	0.828987617206	0.586806800387	0.787437902368	0.570037515708	0.919974117931	0.520711831803	0.507510976317	1.79022003867	0.0	0.545562445626	0.807500517158	0.784507651039	1.50697791687	1.00984912518	0.862776505558	0.719775727405	0.933837742871	0.91172522958	1.46281395843	0.708453267279	0.815912218463	0.771463537941	0.659033779604	0.645840492992	1.03497252779	0.864426911551	0.686158511358	0.710594833253	1.04051612373	0.814069922668	0.934635621073	0.498662672789	0.746344364427	0.587551483809	0.583476162397	1.0910919623	0.964920599323	0.468710347994	1.14063890285	0.971465930401	1.06171595457	0.941416408893	0.840122638956	0.870621377477	1.04901801837	1.01436925568	0.753008632189	0.82846038666	0.855996785887	0.796740265829	0.597917129048	0.937118269696	0.593390536491	0.886482721121	0.666147902368	0.904784625423
AH4	0.274492015466	0.29193860319	2.27644276462	0.882993131948	0.725898767521	0.601473750604	0.927479255679	0.601007718705	0.764065558241	0.585374006767	0.835977820203	0.571954847753	0.48365060899	1.93172653456	0.545562445626	0.0	0.687632281295	0.651498902852	1.46883274529	1.06506703722	0.838251643306	0.620675717738	0.794387080715	0.770495669406	1.44523034316	0.546380826486	0.672686785887	0.621522580957	0.642424963751	0.690206399227	0.784466843886	0.622217196713	0.702110749154	0.673676186564	0.986390826486	0.743728608023	0.816428487192	0.612165717738	0.604754108265	0.463739990333	0.418558907685	1.26980907202	1.17128610923	0.552860333494	1.02715354761	0.883199995167	0.937317278879	0.828021106815	0.795480647656	0.737980691155	0.915187356211	0.867525505075	0.513145364911	0.617511667472	0.687559366844	0.576852252296	0.393144137264	0.800585210246	0.384778124698	0.740493905268	0.528633218946	0.771071710971
AA7	0.801829304012	0.677741623973	2.49207850652	1.13927555341	1.01470132431	0.574103112615	1.27204823103	0.566217631706	0.543830937651	0.892322750121	0.47172818753	0.849176737554	0.564306341228	2.15826129048	0.807500517158	0.687632281295	0.0	0.141605026583	1.80432729821	1.34438216046	1.01044220396	0.655141706138	0.425991193813	0.440729130014	1.79109710488	0.840771570807	0.36382139681	0.446314050266	0.747690043499	0.885834436926	0.643597733204	0.447815751571	0.486604615756	0.523392750121	1.22025973417	0.984345055582	0.549352754954	0.838736906718	0.521927684872	0.865980478492	0.706615828903	1.51270530691	1.41601734654	0.85148260029	0.816201101982	0.615947056549	1.14364701788	0.901486544224	1.08364107782	1.04553423876	0.891960865152	0.966586157564	0.695485292412	0.683266027066	0.671847336878	0.711053794103	0.559337626873	0.980791401643	0.602559366844	0.957149937168	0.476452566457	0.822623247946
AA8	0.777698728855	0.640306379894	2.49108359111	1.12816751087	0.983415553407	0.517199246013	1.26320936201	0.509597148381	0.512158748188	0.883556234896	0.452842416626	0.791733102948	0.523324108265	2.15297206863	0.784507651039	0.651498902852	0.141605026583	0.0	1.80282165297	1.32417598357	0.975366292895	0.614923668439	0.434023711938	0.450845398743	1.77620048816	0.820323692605	0.366562411793	0.410267438376	0.715648999517	0.864903910101	0.639549178347	0.39243677622	0.443592445626	0.479429589174	1.19360703238	0.95415441276	0.53762681972	0.814369289512	0.478912962784	0.833176988884	0.675155074915	1.50899602707	1.41085504592	0.826022716288	0.78055518608	0.594962097632	1.12573003383	0.885855717738	1.05794280812	1.01776490092	0.880094630256	0.956165132914	0.671465350411	0.645453131948	0.656488757854	0.681458086032	0.560924664089	0.970292609956	0.612876273562	0.936506012566	0.412824862252	0.804832634123
AB7	1.41574445143	1.53052811986	1.18818163847	1.01716832286	1.39634052199	1.79493289512	1.29083706622	1.78637159981	1.93117702755	1.44914339778	1.99074738521	1.58482793137	1.66589499275	0.933393702272	1.50697791687	1.46883274529	1.80432729821	1.80282165297	0.0	0.57102781537	1.49114800387	1.5586938376	1.892339884	1.87676766071	1.07838372644	1.39699698405	1.79416957467	1.69624794103	1.3529517448	1.19006579507	1.6980021798	1.69155438859	1.8327619768	1.86235646206	1.84104233446	1.81198437893	1.98039390527	1.43763017883	1.82086150797	1.50728453842	1.61598819236	0.975537100048	0.964727767037	1.44484357661	2.17628299662	2.06080123731	1.90819301112	1.95230532624	1.81272269212	1.78879635573	2.04111704688	1.97693188014	1.74637366361	1.83569013533	1.85199700338	1.80440224263	1.61035156597	1.8726758579	1.57902389077	1.86105611406	1.75725224746	1.92506827453
AB8	1.02687279845	1.05866522475	1.45742837119	0.508521367811	1.01606336878	1.27664842436	0.807308496858	1.26712701305	1.41814818753	0.959898356694	1.47101095698	1.07558382794	1.14952156114	1.12286659256	1.00984912518	1.06506703722	1.34438216046	1.32417598357	0.57102781537	0.0	0.99995578057	1.03562129531	1.36814355244	1.35032494925	1.12908881585	0.932818158531	1.27635638473	1.17626152731	0.814209739004	0.665144291928	1.26840297728	1.20714709522	1.3229218173	1.34930748671	1.42148451426	1.33420856936	1.4913238666	0.925516843886	1.34779324795	1.08503699372	1.18682970517	0.695335838569	0.620928980184	0.935137278879	1.68323631223	1.53932742871	1.56459719188	1.54323465926	1.38774332528	1.38811530691	1.63625312711	1.59471613823	1.35932308362	1.4288137071	1.45303039633	1.39963951184	1.16688595457	1.50055752537	1.15179208313	1.44649894152	1.24385413726	1.50699195263
AC7	0.790013740938	0.838220434993	1.9825120493	0.878935920735	1.05362351861	0.89534558724	0.877027438376	0.90147980667	1.00846741904	0.728007322378	1.05115562107	0.906881870469	0.864236471725	1.64758167714	0.862776505558	0.838251643306	1.01044220396	0.975366292895	1.49114800387	0.99995578057	0.0	0.480073131948	0.9408019913	0.929679009183	1.41006939101	0.719447530208	0.898879038183	0.765633489609	0.589569705172	0.578190927985	0.864311720638	0.767597510875	0.899210869985	0.890611715805	1.27839437893	1.13843427743	1.17056170614	0.765483286612	1.02586165297	0.936071420976	0.979445031416	1.18230368294	1.13054297245	0.707353832769	1.17445095215	1.05967517641	1.46976672789	1.42017052682	1.22123985017	1.23578533591	1.49255285162	1.4524780667	1.06987085065	1.16925682455	1.23524783954	1.11202896085	0.89257780087	1.37199436926	0.871130570324	1.25178695988	0.8968760174	1.36405293378
AC8	0.67358901885	0.608151855969	2.14221313678	0.836377762204	0.986817665539	0.59511918318	0.954182696955	0.563063513775	0.705355708072	0.642601710971	0.76876277912	0.762991213146	0.5835260174	1.80372174964	0.719775727405	0.620675717738	0.655141706138	0.614923668439	1.5586938376	1.03562129531	0.480073131948	0.0	0.622573102948	0.628613678105	1.51114405993	0.627961048816	0.486365161914	0.3670219913	0.405434417593	0.531782136298	0.647790584824	0.483793562107	0.563898849686	0.559011846303	1.16626464959	0.86542139681	0.832345741904	0.614412068632	0.682988569357	0.786038714355	0.720768322861	1.19125800387	1.08491472209	0.6125179942	0.931821793137	0.776406636056	1.30202822136	1.09107390527	1.04207538908	1.06198952634	1.13980570324	1.15341868052	0.782907433543	0.834820454326	0.890162083132	0.827157675205	0.533365993233	1.14686854519	0.568494538424	0.988793963267	0.553973711938	1.01838190913
AD7	0.846598806187	0.822544417593	2.41788254712	1.12355456742	1.22887557274	0.618740396327	1.29693892218	0.57431217013	0.465865389077	0.941975500242	0.360621546641	0.983292928951	0.703849743838	2.08552512808	0.933837742871	0.794387080715	0.425991193813	0.434023711938	1.892339884	1.36814355244	0.9408019913	0.622573102948	0.0	0.138353228613	1.87603102465	0.861076858386	0.33487157564	0.431008385694	0.666719661672	0.829994755921	0.707552890285	0.514501657806	0.474118719188	0.526311831803	1.34537596423	1.08215477042	0.594809932334	0.861908699855	0.647969366844	0.998597249879	0.855670492992	1.44834697922	1.34034630739	0.894580686322	0.827220570324	0.627526495892	1.34864482359	1.12091974867	1.22362199613	1.22007764137	1.09856525375	1.19085318511	0.893027071049	0.863839163847	0.868089453842	0.902249531174	0.704817046883	1.20332666506	0.766746510391	1.11507924601	0.575883866602	1.0242381827
AD8	0.854823827936	0.791803301112	2.3979460319	1.11773361527	1.20751845819	0.609706723055	1.27771218946	0.537550434993	0.451040048333	0.91642282262	0.360828762687	0.958823325278	0.69387257129	2.06390245529	0.91172522958	0.770495669406	0.440729130014	0.450845398743	1.87676766071	1.35032494925	0.929679009183	0.628613678105	0.138353228613	0.0	1.83417305945	0.818619540841	0.339252334461	0.451420879652	0.655938999517	0.808423876269	0.70750580957	0.504433948768	0.456627046883	0.502935654906	1.3523082842	1.08119346061	0.603756452392	0.844725785404	0.643882643789	0.983511319478	0.840846747221	1.43149643789	1.32634761721	0.870235471242	0.813074446593	0.622622295795	1.34335357661	1.11663047366	1.22112996617	1.20313218463	1.10493192847	1.19321558724	0.891839352344	0.864386524891	0.871362556791	0.903562305462	0.711963305945	1.20765355244	0.775044572257	1.09995253262	0.583358583857	1.0211558289
AE7	1.36090370227	1.50595007733	1.90073837603	1.27515405993	1.28376153214	1.72138929435	1.21845961334	1.76459505558	1.92746024166	1.33562456259	1.98144354277	1.4779842146	1.58374796037	1.64138267762	1.46281395843	1.44523034316	1.79109710488	1.77620048816	1.07838372644	1.12908881585	1.41006939101	1.51114405993	1.87603102465	1.83417305945	0.0	1.03931689222	1.79253634606	1.66930544224	1.40004768004	1.30869111648	1.57468293862	1.60601109715	1.83979134848	1.8251797245	1.69087014016	1.73001916385	1.9373717158	1.48566642339	1.79052078782	1.41940320928	1.59136344128	1.45901385694	1.43804067666	1.40570423876	2.07207851619	1.97872310778	1.7191822958	1.82880518608	1.65264021266	1.61157613823	1.95545640406	1.83387921218	1.64240162397	1.72859330111	1.7714540696	1.64014936201	1.59914540358	1.718060232	1.55284278395	1.7255279217	1.71730309812	1.82653714355
AE8	0.532327283712	0.584212112131	2.15995467859	0.834320183664	0.792172943451	0.7704520058	0.870690734654	0.781398830353	0.946996747221	0.527523726438	1.01210913485	0.663828086032	0.659573591107	1.82553106332	0.708453267279	0.546380826486	0.840771570807	0.820323692605	1.39699698405	0.932818158531	0.719447530208	0.627961048816	0.861076858386	0.818619540841	1.03931689222	0.0	0.814243861769	0.710670628323	0.617399033349	0.591803020783	0.756699560174	0.683629719671	0.857433035283	0.857407201547	1.08718690672	0.912574915418	0.97659179797	0.687936529725	0.839707752537	0.607112696955	0.707481889802	1.19982901885	1.1079861334	0.606701749638	1.16233017883	1.04647696472	1.12010158531	1.0690458869	0.945590260996	0.936036230063	1.16489097632	1.12291274045	0.820416544224	0.887758970517	0.935553020783	0.836461681972	0.675398680522	1.03661651522	0.65951937651	0.955713484775	0.748163885935	1.01332480425
AF7	0.760790043499	0.671472948284	2.3722098695	1.07045303528	1.08813848719	0.534776176897	1.21224596423	0.492285833736	0.45523117448	0.843658153697	0.454991237313	0.852533165781	0.58352322378	2.04011586274	0.815912218463	0.672686785887	0.36382139681	0.366562411793	1.79416957467	1.27635638473	0.898879038183	0.486365161914	0.33487157564	0.339252334461	1.79253634606	0.814243861769	0.0	0.246189134848	0.612042121798	0.781390710488	0.662189908168	0.455577844369	0.407970246496	0.456859946834	1.19471403577	0.913733460609	0.533466766554	0.746985070082	0.553932068632	0.859255737071	0.707291300145	1.41718437409	1.30313443209	0.773406839053	0.810354678589	0.619121725471	1.23176762204	1.01126168681	1.07265596907	1.07502907202	0.98873161914	1.07858852102	0.757171000483	0.774556230063	0.783546549058	0.803437955534	0.570892653456	1.07738742388	0.624304514258	0.982624364427	0.456096602223	0.921168211696
AF8	0.652884330594	0.645871449976	2.31470218463	0.984934726921	1.04611006767	0.511920555824	1.10569323345	0.505307409377	0.544875166747	0.75133681972	0.607813325278	0.815130362494	0.546807119381	1.97846039633	0.771463537941	0.621522580957	0.446314050266	0.410267438376	1.69624794103	1.17626152731	0.765633489609	0.3670219913	0.431008385694	0.451420879652	1.66930544224	0.710670628323	0.246189134848	0.0	0.55231301595	0.696388516191	0.636747375544	0.399972257129	0.477274867086	0.479073489609	1.19123698405	0.914649536008	0.638244968584	0.729080314161	0.565696447559	0.827677554374	0.691546486225	1.34254561141	1.23749546641	0.734761338811	0.869981068149	0.695080439826	1.21442644273	0.999521106815	1.04785861769	1.04843347028	0.979839903335	1.06603327695	0.733945190913	0.771046863219	0.787594021266	0.788258284195	0.520232402127	1.0616717158	0.57446257129	0.970537365877	0.46018380377	0.907180391493
AG7	0.673624209763	0.607384504592	1.92660383277	0.629883441276	0.879509695505	0.660871039149	0.89379821653	0.553257525375	0.702454262929	0.601667999033	0.809153823103	0.717188086032	0.613213523441	1.59097883519	0.659033779604	0.642424963751	0.747690043499	0.715648999517	1.3529517448	0.814209739004	0.589569705172	0.405434417593	0.666719661672	0.655938999517	1.40004768004	0.617399033349	0.612042121798	0.55231301595	0.0	0.241060256162	0.772304915418	0.619304983084	0.62074101015	0.695505403577	1.22937980184	0.928813252779	0.883439250846	0.490114905752	0.747197061382	0.796605427743	0.741333073949	1.03313030449	0.913592281295	0.500348535524	1.07868439826	0.924901324311	1.31612311261	1.10554680522	1.11442747704	1.12635192847	1.18037553891	1.17355743838	0.856379743838	0.91714377477	0.960760405993	0.913725954567	0.641094929918	1.1704399275	0.66351019333	1.05497434509	0.673462967617	1.05264983084
AG8	0.664891039149	0.664929961334	1.80874990817	0.547387564041	0.882696930884	0.767999105848	0.800965674239	0.707976157564	0.863159333011	0.612120521991	0.958386800387	0.737698772354	0.71736502175	1.46988050266	0.645840492992	0.690206399227	0.885834436926	0.864903910101	1.19006579507	0.665144291928	0.578190927985	0.531782136298	0.829994755921	0.808423876269	1.30869111648	0.591803020783	0.781390710488	0.696388516191	0.241060256162	0.0	0.868063528275	0.767240376994	0.788620473659	0.824578680522	1.25389921701	1.01283177864	1.04903696472	0.473992870952	0.890981918801	0.811019304012	0.801868274529	0.931492368294	0.837614664089	0.506252078299	1.19441947318	1.04665460126	1.34265916385	1.22044778637	1.13919975834	1.14864461576	1.30378700822	1.28726801837	0.978440270662	1.03423406477	1.06585725955	1.0202542146	0.766285384244	1.21696669889	0.763210420493	1.15705258096	0.803617878202	1.16592210246
AH7	0.747891764137	0.845345698405	2.44510915418	1.21234718705	1.17976008217	0.801730492992	1.19278171097	0.821700439826	0.90094680522	0.898623740938	0.813393093282	1.03217950701	0.809657713871	2.12236695022	1.03497252779	0.784466843886	0.643597733204	0.639549178347	1.6980021798	1.26840297728	0.864311720638	0.647790584824	0.707552890285	0.70750580957	1.57468293862	0.756699560174	0.662189908168	0.636747375544	0.772304915418	0.868063528275	0.0	0.327073513775	0.870286495892	0.857554523925	1.17427942001	1.01080922668	0.829141933301	0.961309893668	0.746048366361	0.939408371194	0.855859139681	1.50867928951	1.42027463509	0.953520140164	0.995980294828	0.917341522475	1.27694692605	1.07186628806	1.16332189464	1.0841140406	1.10883614306	1.12845431126	0.840692083132	0.826182667956	0.838184780087	0.812138699855	0.761200048333	1.14578823586	0.779116355727	1.000910232	0.711850473659	1.00900192847
AH8	0.667221565974	0.68150820203	2.40646388594	1.07663439826	1.04622491542	0.562254475592	1.11082575157	0.577895384244	0.664122339294	0.757669395843	0.627912880619	0.842710362494	0.629196138231	2.06679644273	0.864426911551	0.622217196713	0.447815751571	0.39243677622	1.69155438859	1.20714709522	0.767597510875	0.483793562107	0.514501657806	0.504433948768	1.60601109715	0.683629719671	0.455577844369	0.399972257129	0.619304983084	0.767240376994	0.327073513775	0.0	0.620088893185	0.604228965684	1.14342962784	0.895821474142	0.654751967134	0.813869458676	0.546842083132	0.817422348961	0.712208313195	1.43100579507	1.32887227646	0.791039705172	0.837857530208	0.711060381827	1.18920365877	0.968957626873	1.02685623973	0.978398651522	0.966665094248	1.04114204447	0.701606350894	0.713842658289	0.729562025133	0.710820642823	0.588536568391	1.05156679555	0.620802522958	0.896045756404	0.485359724505	0.884628221363
AA5	0.842138820686	0.58803677622	2.29032132431	1.05922930401	0.978399927501	0.455292165297	1.20660422426	0.307565224746	0.29491460609	0.841480077332	0.441169729338	0.722408622523	0.585470164331	1.95854891252	0.686158511358	0.702110749154	0.486604615756	0.443592445626	1.8327619768	1.3229218173	0.899210869985	0.563898849686	0.474118719188	0.456627046883	1.83979134848	0.857433035283	0.407970246496	0.477274867086	0.62074101015	0.788620473659	0.870286495892	0.620088893185	0.0	0.232967380377	1.20941769937	0.885481164814	0.601577564041	0.643437878202	0.581925137748	0.78556578057	0.672407752537	1.27453847753	1.17869471242	0.676191227646	0.779177133881	0.590578622523	1.28373547124	1.06624353311	1.06186476559	1.08908844369	1.05708919285	1.14286375544	0.776967742871	0.818281865636	0.811433489609	0.847783098115	0.591031764137	1.13642191397	0.660478521025	1.01035486225	0.518449758337	0.966684006767
AA6	0.822146249396	0.589410246496	2.37065865152	1.09877450942	0.988023663606	0.400404117931	1.1590779072	0.360201227646	0.385029951667	0.811750067666	0.467202890285	0.74089041566	0.562456616723	2.03041131464	0.710594833253	0.673676186564	0.523392750121	0.479429589174	1.86235646206	1.34930748671	0.890611715805	0.559011846303	0.526311831803	0.502935654906	1.8251797245	0.857407201547	0.456859946834	0.479073489609	0.695505403577	0.824578680522	0.857554523925	0.604228965684	0.232967380377	0.0	1.10805117931	0.802173484775	0.562001503142	0.656086379894	0.511152595457	0.752619685839	0.616878032866	1.35910146931	1.25537750121	0.683369289512	0.613425519575	0.429933465442	1.20457588207	0.992118521025	0.957992870952	0.977528235863	0.980622334461	1.05557768004	0.675941686805	0.742272841953	0.748729270179	0.747597689705	0.584801367811	1.04408008217	0.651230009667	0.903320318995	0.480934664089	0.895445645239
AB5	1.071679855	0.949996022233	2.53940656356	1.32386734171	0.850242305462	0.994627129048	1.2198098695	1.10032299178	1.19903680039	0.983624523925	1.22059279362	0.855365654906	1.02856700338	2.20420920251	1.04051612373	0.986390826486	1.22025973417	1.19360703238	1.84104233446	1.42148451426	1.27839437893	1.16626464959	1.34537596423	1.3523082842	1.69087014016	1.08718690672	1.19471403577	1.19123698405	1.22937980184	1.25389921701	1.17427942001	1.14342962784	1.20941769937	1.10805117931	0.0	0.4449420058	0.977861546641	1.04865970517	0.943794146931	0.813880879652	0.853516868052	1.58194092315	1.48841852102	1.00659365394	1.04436495408	1.00418148381	0.850035103915	0.950304287095	0.758958907685	0.732554688255	1.04573785404	0.947746143064	0.82904658289	0.917943044949	0.94479898985	0.869230347994	1.03358265829	0.823965538908	1.00767751571	0.786128714355	1.03854438376	0.914247090382
AB6	0.879439801837	0.680827356211	2.48594350411	1.19196691155	0.790203325278	0.692305268246	1.10217894152	0.785810024166	0.898532223296	0.824153537941	0.964037119381	0.607146674722	0.740406089898	2.14571801353	0.814069922668	0.743728608023	0.984345055582	0.95415441276	1.81198437893	1.33420856936	1.13843427743	0.86542139681	1.08215477042	1.08119346061	1.73001916385	0.912574915418	0.913733460609	0.914649536008	0.928813252779	1.01283177864	1.01080922668	0.895821474142	0.885481164814	0.802173484775	0.4449420058	0.0	0.739545340744	0.795952025133	0.705689163847	0.674167921701	0.606318438859	1.47274194297	1.37276883035	0.766870072499	0.752294915418	0.751393069116	0.76500757854	0.666526437893	0.529346839053	0.53682982117	0.757335770904	0.695150217496	0.588796273562	0.695784393427	0.732765036249	0.663180985984	0.747734001933	0.629890270662	0.725929323345	0.495060637989	0.779723537941	0.617405790237
AC5	0.91962041566	0.760365543741	2.63581853069	1.33760108748	1.03301510391	0.563412194297	1.3258659449	0.568534678589	0.517590314161	0.94265142581	0.475516022233	0.780844707588	0.777262962784	2.29647891735	0.934635621073	0.816428487192	0.549352754954	0.53762681972	1.98039390527	1.4913238666	1.17056170614	0.832345741904	0.594809932334	0.603756452392	1.9373717158	0.97659179797	0.533466766554	0.638244968584	0.883439250846	1.04903696472	0.829141933301	0.654751967134	0.601577564041	0.562001503142	0.977861546641	0.739545340744	0.0	0.823275703238	0.453598632189	0.855941923635	0.715419710005	1.65573985017	1.5476380087	0.868823185114	0.549360517158	0.411879560174	1.02246523441	0.780855161914	0.907693320445	0.888644490092	0.760145790237	0.841222431126	0.633152895118	0.570282000967	0.569863678105	0.646540024166	0.771333098115	0.866479536008	0.816327124215	0.76573481392	0.590635248913	0.696211768971
AC6	0.737936341228	0.501489289512	1.97900045916	0.7015099855	0.687449366844	0.640908342194	0.717922363461	0.569216694055	0.776144722088	0.50194560174	0.861572344128	0.573409961334	0.585754335428	1.63896155147	0.498662672789	0.612165717738	0.838736906718	0.814369289512	1.43763017883	0.925516843886	0.765483286612	0.614412068632	0.861908699855	0.844725785404	1.48566642339	0.687936529725	0.746985070082	0.729080314161	0.490114905752	0.473992870952	0.961309893668	0.813869458676	0.643437878202	0.656086379894	1.04865970517	0.795952025133	0.823275703238	0.0	0.735625471242	0.626149159014	0.63500621073	0.867265132914	0.757272590623	0.290955292412	1.05558172064	0.908860937651	1.15196355727	1.07539745771	0.940534736588	0.965846631223	1.14005820686	1.1170019623	0.796597114548	0.906098564524	0.941872073465	0.856385993233	0.628255538908	1.02838249879	0.629449913001	0.964525625906	0.6713680232	1.01332283229
AD6	0.726532774287	0.558216094732	2.50686959401	1.12361959401	0.839609888835	0.387630720155	1.16169284195	0.449689898502	0.542377259546	0.784152716288	0.523957757371	0.64840219913	0.559807327211	2.16370476075	0.746344364427	0.604754108265	0.521927684872	0.478912962784	1.82086150797	1.34779324795	1.02586165297	0.682988569357	0.647969366844	0.643882643789	1.79052078782	0.839707752537	0.553932068632	0.565696447559	0.747197061382	0.890981918801	0.746048366361	0.546842083132	0.581925137748	0.511152595457	0.943794146931	0.705689163847	0.453598632189	0.735625471242	0.0	0.636205456742	0.398317762204	1.51494009667	1.39864635573	0.752363093282	0.693976326728	0.542534673755	0.890660183664	0.678750265829	0.801565862736	0.747768332528	0.679950560657	0.749756549058	0.454582218463	0.44554817303	0.482633523441	0.469673687772	0.547771672305	0.742923185114	0.582746123731	0.654873233446	0.375171744804	0.599973871435
AE5	0.548162667956	0.468926075399	2.32235486709	0.936383919768	0.627590154664	0.659190715321	0.87007900435	0.677496234896	0.899368951184	0.542478385694	0.916183020783	0.537411077815	0.605739724505	1.97846838086	0.587551483809	0.463739990333	0.865980478492	0.833176988884	1.50728453842	1.08503699372	0.936071420976	0.786038714355	0.998597249879	0.983511319478	1.41940320928	0.607112696955	0.859255737071	0.827677554374	0.796605427743	0.811019304012	0.939408371194	0.817422348961	0.78556578057	0.752619685839	0.813880879652	0.674167921701	0.855941923635	0.626149159014	0.636205456742	0.0	0.335794780087	1.26655073465	1.16072125665	0.535059434509	1.07803637023	0.948447061382	0.871656466892	0.84431879652	0.740655543741	0.659871681972	0.945066428226	0.886840700822	0.554697883035	0.670074528758	0.763804113098	0.588708743354	0.551615263412	0.79045059449	0.52329017883	0.695169642339	0.656030367327	0.800778931851
AE6	0.566129705172	0.399493392943	2.39223837603	1.00955327695	0.69642781537	0.494267051716	0.997294615756	0.537509439343	0.686968081199	0.658013146448	0.74045699855	0.551003895602	0.474782740454	2.04793807637	0.583476162397	0.418558907685	0.706615828903	0.675155074915	1.61598819236	1.18682970517	0.979445031416	0.720768322861	0.855670492992	0.840846747221	1.59136344128	0.707481889802	0.707291300145	0.691546486225	0.741333073949	0.801868274529	0.855859139681	0.712208313195	0.672407752537	0.616878032866	0.853516868052	0.606318438859	0.715419710005	0.63500621073	0.398317762204	0.335794780087	0.0	1.35830127115	1.24802047366	0.616539105848	0.923830231996	0.772828936684	0.830788443693	0.685433827936	0.702907046883	0.613105253746	0.770698347028	0.724388298695	0.40166320928	0.480199236346	0.542508250362	0.437179830836	0.447742725955	0.685787501208	0.432636897052	0.579809333011	0.502550125665	0.646863368777
AF5	1.25886560174	1.21073380377	1.29254881102	0.673263576607	1.14538095698	1.3815700725	0.825654282262	1.27374120831	1.4033619478	1.05197586757	1.53752905752	1.22254925568	1.28110572257	0.959642469792	1.0910919623	1.26980907202	1.51270530691	1.50899602707	0.975537100048	0.695335838569	1.18230368294	1.19125800387	1.44834697922	1.43149643789	1.45901385694	1.19982901885	1.41718437409	1.34254561141	1.03313030449	0.931492368294	1.50867928951	1.43100579507	1.27453847753	1.35910146931	1.58194092315	1.47274194297	1.65573985017	0.867265132914	1.51494009667	1.26655073465	1.35830127115	0.0	0.185309062349	0.961069937168	1.77826305462	1.64672786854	1.7347378347	1.71599596907	1.57281747221	1.58695649106	1.79624614306	1.7667957854	1.51581445626	1.62702775737	1.65190203963	1.5724761914	1.27618088449	1.6797138666	1.2740517013	1.6232642146	1.41751266312	1.67719723538
AF6	1.17932087965	1.10096490575	1.37520256162	0.575010299662	1.06221923151	1.27972258579	0.779409550507	1.16266966167	1.29999172547	0.95021419043	1.43701090865	1.11887880135	1.18166336878	1.04059986467	0.964920599323	1.17128610923	1.41601734654	1.41085504592	0.964727767037	0.620928980184	1.13054297245	1.08491472209	1.34034630739	1.32634761721	1.43804067666	1.1079861334	1.30313443209	1.23749546641	0.913592281295	0.837614664089	1.42027463509	1.32887227646	1.17869471242	1.25537750121	1.48841852102	1.37276883035	1.5476380087	0.757272590623	1.39864635573	1.16072125665	1.24802047366	0.185309062349	0.0	0.857185476075	1.675010261	1.5394619188	1.64518515708	1.61119933784	1.48151429676	1.4944361769	1.68303300145	1.66832505075	1.41805253746	1.52381434509	1.54035795553	1.47291741421	1.17546891252	1.5824760174	1.16839886902	1.52282316578	1.30589360561	1.57171414693
AG5	0.657097095215	0.467119990333	2.04914459642	0.721065828903	0.608282851619	0.628235669406	0.721194340261	0.593541353311	0.801976795553	0.450208269696	0.878574238763	0.510529642339	0.578594519091	1.70944404543	0.468710347994	0.552860333494	0.85148260029	0.826022716288	1.44484357661	0.935137278879	0.707353832769	0.6125179942	0.894580686322	0.870235471242	1.40570423876	0.606701749638	0.773406839053	0.734761338811	0.500348535524	0.506252078299	0.953520140164	0.791039705172	0.676191227646	0.683369289512	1.00659365394	0.766870072499	0.868823185114	0.290955292412	0.752363093282	0.535059434509	0.616539105848	0.961069937168	0.857185476075	0.0	1.05796435959	0.917671909135	1.09155868536	1.04237468342	0.876284287095	0.89141219913	1.12611006767	1.076860058	0.733691536974	0.866459125181	0.930320734654	0.791994548091	0.608077433543	0.994428898018	0.596570357661	0.912149917835	0.685637738038	0.986263740938
