	AA3	AA4	AB3	AB4	AC3	AC4	AD3	AD4	AE3	AE4	AF3	AF4	AG3	AG4	AH3	AH4	AA7	AA8	AB7	AB8	AC7	AC8	AD7	AD8	AE7	AE8	AF7	AF8	AG7	AG8	AH7	AH8	AA5	AA6	AB5	AB6	AC5	AC6	AD6	AE5	AE6	AF5	AF6	AG5	AH5	AH6	AA1	AA2	AB1	AB2	AC1	AC2	AD1	AD2	AE1	AE2	AF1	AF2	AG1	AG2	AH1	AH2
AA3	0.0	0.484191662639	2.28071487192	0.956122783954	0.8412780087	0.714867655872	0.903807307878	0.761991145481	0.850921300145	0.670820430159	0.925043044949	0.74980178347	0.64885019333	1.94056349444	0.724763296278	0.213167066216	0.75948762204	0.768244465926	1.48728558724	1.06290752537	0.848731585307	0.657658255196	0.837352576124	0.812388303528	1.39081468342	0.585548255196	0.764565142581	0.633434195263	0.687133620106	0.638243948768	0.76599141131	0.6284520058	0.832911213146	0.790171710971	1.02854240213	0.878695761237	0.897257892702	0.743989671339	0.728059275012	0.565778110198	0.560460236829	1.29806969067	1.16529116481	0.675413600773	1.07524488159	1.02373782504	0.956467162881	0.882764359594	0.86970337361	0.818511478975	1.01595449493	0.916128680522	0.596990763654	0.717130782987	0.745201536974	0.646557390043	0.517923412276	0.838129149348	0.458782431126	0.881884185597	0.616696143064	0.902977148381
AA4	0.484191662639	0.0	2.24732314161	0.865840314161	0.627994920251	0.58164717738	0.866068936684	0.576076621556	0.68688517158	0.606567259546	0.824800633156	0.487429859836	0.407442136298	1.90189100048	0.317106694055	0.338710473659	0.688019101015	0.681570628323	1.55221402127	1.03031858869	0.838015930401	0.649935514741	0.877121831803	0.798294688255	1.47291206863	0.579898438859	0.695761048816	0.627005065249	0.658045804737	0.643156239729	0.870240589657	0.731389893668	0.62407381827	0.619059023683	0.911400647656	0.706823740938	0.786383716771	0.53369037216	0.604097278879	0.501344765587	0.402301662639	1.21442433059	1.06452439343	0.436557249879	0.95733539391	0.860507989367	0.937490637989	0.816145534074	0.714054639923	0.783034944418	0.954568506525	0.884368385694	0.577851387144	0.671789540841	0.728283871435	0.641454775254	0.418636495892	0.814770681489	0.410185190913	0.798326104398	0.472779743838	0.813093025616
AB3	2.28071487192	2.24732314161	0.0	1.50272577574	2.21325140164	2.42606005317	1.91274884002	2.36965732721	2.34647117448	2.08005450942	2.52879047366	2.2757239246	2.32854097632	0.385224678589	2.13050332044	2.29916857902	2.47767833736	2.52219724021	1.15952571774	1.46744740454	1.97953751571	2.19848343161	2.40406461576	2.40180891735	1.91241765587	2.18634140648	2.38455521991	2.27358909618	1.91654181247	1.867619768	2.4549902175	2.43680684872	2.26319218463	2.37785267279	2.53764806187	2.46213734171	2.61145138231	1.98987914935	2.53466033349	2.27800066699	2.41242260029	1.28200489125	1.41367876752	2.12299912518	2.74433576124	2.64624025616	2.69293704688	2.68062056549	2.51978041083	2.64017924601	2.77105475109	2.7340280377	2.55186540358	2.63099796037	2.64636483809	2.60163684389	2.30848236346	2.68550789754	2.28874335428	2.67334683905	2.41598140648	2.69315561624
AB4	0.956122783954	0.865840314161	1.50272577574	0.0	0.916408013533	1.04127377477	0.791895853069	1.06076778154	1.09458681972	0.797366046399	1.21680539391	0.933368627356	0.847335857902	1.14434126148	0.798292073465	0.935318869019	1.14702127115	1.18947971	1.05409395843	0.505035239246	0.915271710971	0.942069101015	1.14559943934	1.09221181247	1.29092710488	0.896220434993	1.09755639439	0.967289159014	0.6510859739	0.653541628806	1.27267525858	1.16726946351	1.03134148864	1.08705266796	1.3167578202	1.1942601015	1.32327284679	0.719212397293	1.15990607057	0.920411053649	1.03774900435	0.665318496858	0.555679516675	0.809642455292	1.4539879652	1.34745042049	1.42063879169	1.36866675689	1.23504974384	1.33047259062	1.49595780087	1.42667471242	1.19331448526	1.27826163847	1.33375779604	1.25209468342	0.97950359594	1.35955125665	0.947838583857	1.35838678589	1.04644177864	1.3810639536
AC3	0.8412780087	0.627994920251	2.21325140164	0.916408013533	0.0	0.759374432093	0.85041078782	0.871532373127	0.979839173514	0.655113073949	1.08767536008	0.267230405993	0.792111237313	1.86638900435	0.6766279942	0.796465142581	1.02263244563	1.00390709522	1.49487351377	1.05159811986	1.04348695505	1.01185725955	1.27398237796	1.18800290962	1.33209407443	0.852119062349	1.08457201547	1.02140228613	0.906459217013	0.875003397777	1.18922859836	1.0625377767	0.968337003383	0.953148927018	0.76290679072	0.713111198647	0.97289377477	0.722671633639	0.839944214596	0.643485321411	0.734506974384	1.19541728855	1.07537516675	0.584739449009	1.14926940551	1.0704341421	0.864073552441	0.913522165297	0.684483731271	0.795524925085	1.06004830836	0.954902435959	0.729222092798	0.840900952151	0.87596362494	0.766831329145	0.825903866602	0.876934465926	0.795518467859	0.899532508458	0.855896394393	0.910836394393
AC4	0.714867655872	0.58164717738	2.42606005317	1.04127377477	0.759374432093	0.0	1.13944576124	0.372503450942	0.464905669406	0.853221406477	0.385728448526	0.588317742871	0.489258670855	2.07736392943	0.729197631706	0.656574896085	0.53750537941	0.54870417593	1.84341275012	1.27394000483	0.944133682939	0.593748124698	0.670514258096	0.608018405027	1.72106535524	0.741863499275	0.565059855002	0.529231817303	0.666369830836	0.770647341711	0.803932087965	0.648537274045	0.489828719188	0.417175055582	0.985330879652	0.731761319478	0.531811077815	0.658162537458	0.392677873369	0.777538129531	0.483678970517	1.41495933784	1.26956854519	0.584409579507	0.697186157564	0.592762445626	1.02021883035	0.834315031416	0.793937709038	0.794518110198	0.864028695022	0.901505799903	0.559273054616	0.651951478975	0.651378037699	0.603500154664	0.584763673272	0.875463291445	0.665719695505	0.75818019333	0.398866341228	0.764631068149
AD3	0.903807307878	0.866068936684	1.91274884002	0.791895853069	0.85041078782	1.13944576124	0.0	1.08174283229	1.26662311745	0.366288849686	1.37095571774	0.918166520058	1.0350059304	1.5650119913	0.799616964717	0.909160173997	1.19248804737	1.22403128081	1.32248425326	0.810648695022	0.880434224263	0.97571661189	1.27881480909	1.23698492992	1.21398116965	0.864381121315	1.19458671822	1.06492796037	0.893568709522	0.764791749638	1.18319403093	1.11525912035	1.17770901885	1.13433403093	1.17470977767	1.0770220928	1.2796321218	0.740797626873	1.15549739004	0.783880111165	0.9785420058	0.828138313195	0.760688883519	0.77425242146	1.43976037699	1.36095112615	1.36053960367	1.34137258579	1.12862469792	1.22482362011	1.49242124215	1.41249478975	1.16377990817	1.23564253746	1.29769181247	1.15085536974	0.969505074915	1.32307081199	0.938668569357	1.29171394877	1.12185476075	1.35071459642
AD4	0.761991145481	0.576076621556	2.36965732721	1.06076778154	0.871532373127	0.372503450942	1.08174283229	0.0	0.245877365877	0.777704519091	0.453910236829	0.702459328178	0.574043455776	2.02385943451	0.679393591107	0.676802532624	0.542065911068	0.557748448526	1.88297302078	1.30601280329	0.946020836153	0.578022498792	0.559368090865	0.508502339294	1.81064414693	0.796225674239	0.480936104398	0.449311401643	0.621820376994	0.781085553407	0.845344731754	0.701950333494	0.306333378444	0.301736157564	1.06025633156	0.799016660222	0.500513349444	0.594531285645	0.478001169647	0.837422663122	0.507260275495	1.34271215563	1.19258250362	0.585510855486	0.640024514258	0.550270420493	1.11108416626	0.899649676172	0.891348661189	0.91906778637	0.935205340744	0.988700657322	0.644564925085	0.675492310295	0.661162783954	0.706541556307	0.54410298695	0.96509782987	0.669541116481	0.870266379894	0.49317537941	0.833513794103
AE3	0.850921300145	0.68688517158	2.34647117448	1.09458681972	0.979839173514	0.464905669406	1.26662311745	0.245877365877	0.0	0.951604185597	0.394641106815	0.816140376994	0.622010159497	2.00743519575	0.755317501208	0.772972725955	0.512183257612	0.54916739971	1.93567129531	1.37200769454	0.990015321411	0.627883557274	0.470511662639	0.46377381827	1.89204733204	0.88604377477	0.439934436926	0.484758124698	0.664178535524	0.857565857902	0.890901314645	0.750735529241	0.257121039149	0.352353359111	1.18623702272	0.922866563557	0.518519647173	0.705248767521	0.597023069116	0.971789337844	0.639717747704	1.35936665056	1.21796846303	0.689820488159	0.729603977767	0.601885785404	1.23428217013	1.02413576124	1.04016513775	1.05265460609	1.0416339101	1.1104840261	0.775875263412	0.813454596423	0.789831875302	0.843443658772	0.64364300145	1.09834085065	0.762401855969	1.00048508942	0.569475848236	0.953613392943
AE4	0.670820430159	0.606567259546	2.08005450942	0.797366046399	0.655113073949	0.853221406477	0.366288849686	0.777704519091	0.951604185597	0.0	1.08921349928	0.660055302078	0.78448121798	1.73057470275	0.573243378444	0.652743881102	0.912817583374	0.938930318995	1.45598495408	0.914517283712	0.728856742388	0.702675041083	1.00588435476	0.94686878202	1.29872759304	0.609610483325	0.891934755921	0.767617999033	0.640396080232	0.593324021266	0.938665123248	0.845994833253	0.879351237313	0.849217312711	0.970412092798	0.850385142581	0.97645138231	0.525821923635	0.868910734654	0.553266312228	0.709382735621	1.00096136298	0.856286114065	0.503345282745	1.15557058966	1.08153716288	1.11902439343	1.09800550507	0.904063291445	0.997964862252	1.24595014983	1.16689907685	0.910014055099	0.96735720638	1.01548804737	0.891069845336	0.704439666506	1.07812650556	0.679032257129	1.0566938956	0.838518873852	1.09872912035
AF3	0.925043044949	0.824800633156	2.52879047366	1.21680539391	1.08767536008	0.385728448526	1.37095571774	0.453910236829	0.394641106815	1.08921349928	0.0	0.909832339294	0.729609255679	2.1842622668	0.953256887385	0.883780502658	0.493496988884	0.497430024166	2.05802807153	1.49095686322	1.08537536491	0.757075635573	0.41351062349	0.403370990817	1.99315293378	0.987889589174	0.491942464959	0.635442315128	0.825537100048	0.970691855969	0.842404635089	0.736442165297	0.476235195747	0.468469652006	1.18081151764	0.97531260029	0.430363189947	0.849365505075	0.543770671822	1.03278533108	0.70606698405	1.54879434026	1.40677415176	0.821929579507	0.664321846303	0.543875205413	1.21101478009	1.00861415176	1.08640732721	1.00813666022	1.0224822378	1.06407173514	0.770633199613	0.786720188497	0.781007916868	0.774459545674	0.810553078782	1.04989531658	0.902646191397	0.955472092798	0.576903702272	0.937492382794
AF4	0.74980178347	0.487429859836	2.2757239246	0.933368627356	0.267230405993	0.588317742871	0.918166520058	0.702459328178	0.816140376994	0.660055302078	0.909832339294	0.0	0.629084030933	1.92927673272	0.564694059932	0.667026800387	0.891766428226	0.899371517641	1.59616039149	1.06880892218	0.96895222813	0.879157254712	1.11308608507	1.0335979652	1.43688053649	0.706735645239	0.937449942001	0.87706962784	0.815766114065	0.786803808603	1.07170547124	0.963910357661	0.806836176897	0.80984022233	0.7534239826	0.585886283229	0.825019801837	0.649861034316	0.713689729338	0.593755746738	0.606084581924	1.23381041083	1.11302395843	0.513141126148	0.9937040261	0.902084789754	0.807571014983	0.786020285162	0.58164659739	0.686421749638	0.943505703238	0.848756901885	0.637288351861	0.707226341228	0.758811401643	0.675596814886	0.694684151764	0.783532721121	0.688154538424	0.78688460609	0.722849787337	0.777941319478
AG3	0.64885019333	0.407442136298	2.32854097632	0.847335857902	0.792111237313	0.489258670855	1.0350059304	0.574043455776	0.622010159497	0.78448121798	0.729609255679	0.629084030933	0.0	1.9689682552	0.489068849686	0.522381232479	0.56193499275	0.579518390527	1.71557530691	1.15073770904	0.933247520541	0.640468815853	0.774242479459	0.715590531658	1.59159065732	0.657107738038	0.609283281779	0.573975253746	0.670322479459	0.73675120348	0.832013523441	0.700349971	0.608171681972	0.568682948284	0.990026302562	0.768695418076	0.724511913968	0.622648090865	0.559965630739	0.684725664572	0.425604910585	1.32393555341	1.17917143064	0.56345959884	0.910965901402	0.790849884002	0.979823881102	0.784723784437	0.799972319961	0.795044707588	0.915766157564	0.870323136781	0.552586505558	0.664024649589	0.72799738521	0.62929481392	0.454889342678	0.852660889319	0.482742542291	0.785322276462	0.417525862736	0.78726701305
AG4	1.94056349444	1.90189100048	0.385224678589	1.14434126148	1.86638900435	2.07736392943	1.5650119913	2.02385943451	2.00743519575	1.73057470275	2.1842622668	1.92927673272	1.9689682552	0.0	1.79220817303	1.95273700822	2.13535696472	2.17810241179	0.918355519575	1.13684320928	1.63503867569	1.84948287095	2.06039363461	2.05444793137	1.65459649589	1.8448637361	2.03847994683	1.925819797	1.5783041131	1.52509471242	2.12895333978	2.0894440261	1.92473927018	2.03062910585	2.20856292895	2.12397488642	2.27400692605	1.65129653939	2.18667669889	1.93444229096	2.06640688255	0.951435137748	1.09219092798	1.77935651522	2.39793812953	2.30367612856	2.34336144514	2.33506464476	2.17398863702	2.29017558241	2.42671165781	2.38801820686	2.20452105365	2.28219047849	2.30484678105	2.25333548091	1.96119450459	2.3383298985	1.94349935234	2.32181447559	2.07337491058	2.34681270662
AH3	0.724763296278	0.317106694055	2.13050332044	0.798292073465	0.6766279942	0.729197631706	0.799616964717	0.679393591107	0.755317501208	0.573243378444	0.953256887385	0.564694059932	0.489068849686	1.79220817303	0.0	0.56535380377	0.784268830353	0.815629714838	1.54956843886	1.00063347994	0.860001261479	0.749785369744	0.945984069599	0.888842783954	1.45860363461	0.688862319961	0.802272856452	0.732369130014	0.673417728371	0.656808646689	1.03159434993	0.909744079265	0.674652759787	0.726938197197	1.01520634606	0.806728830353	0.925084804253	0.517998052199	0.783061314645	0.607932397293	0.607536167231	1.0795757709	0.928566640889	0.455460086999	1.09898294828	0.992908912518	1.05231805703	0.935471387144	0.828616955051	0.926322750121	1.07548577574	1.02507309812	0.787654001933	0.849623310778	0.899131280812	0.840740705655	0.56077098115	0.979538941518	0.551050338328	0.93870982117	0.658109579507	0.957058685355
AH4	0.213167066216	0.338710473659	2.29916857902	0.935318869019	0.796465142581	0.656574896085	0.909160173997	0.676802532624	0.772972725955	0.652743881102	0.883780502658	0.667026800387	0.522381232479	1.95273700822	0.56535380377	0.0	0.664780565491	0.687176694055	1.51475836636	1.07519985017	0.864686858386	0.621220642823	0.8002219913	0.732487307878	1.42549117448	0.575823808603	0.66838378927	0.580088579024	0.672291725471	0.656038516191	0.772181764137	0.608866979217	0.746203827936	0.716872455292	0.99488637506	0.814749362011	0.84502179797	0.680035016916	0.646544320928	0.532613305945	0.461804615756	1.29692429676	1.15386685355	0.610683218946	1.01242829386	0.947265722571	0.926501681972	0.81114542291	0.814280686322	0.75587760754	0.957469623006	0.867819236346	0.548931362977	0.644178738521	0.70294442726	0.607519081682	0.401208719188	0.794584548091	0.346331043983	0.814363895602	0.53159922668	0.811651638473
AA7	0.75948762204	0.688019101015	2.47767833736	1.14702127115	1.02263244563	0.53750537941	1.19248804737	0.542065911068	0.512183257612	0.912817583374	0.493496988884	0.891766428226	0.56193499275	2.13535696472	0.784268830353	0.664780565491	0.0	0.158914359594	1.85219745288	1.31223189947	0.971718791687	0.579029772837	0.444445592073	0.415085524408	1.76035506525	0.793459676172	0.332071923635	0.426913726438	0.74419481392	0.827501372644	0.633698298695	0.46571318028	0.496700700822	0.501662435959	1.20043256646	1.0112041276	0.522284615756	0.808134364427	0.546340362494	0.904323296278	0.659870681489	1.49054523925	1.34913756887	0.809535790237	0.775830512325	0.632743649106	1.15846356211	0.951160517158	1.07500577574	0.980215089415	0.96934221363	1.02070864669	0.722891715805	0.73496580957	0.73181982117	0.733614407927	0.543281164814	0.992912624456	0.596761855969	0.954867902368	0.488373247946	0.902207419043
AA8	0.768244465926	0.681570628323	2.52219724021	1.18947971	1.00390709522	0.54870417593	1.22403128081	0.557748448526	0.54916739971	0.938930318995	0.497430024166	0.899371517641	0.579518390527	2.17810241179	0.815629714838	0.687176694055	0.158914359594	0.0	1.85717801837	1.34912118415	0.991470444659	0.595134649589	0.493058124698	0.461865287579	1.76318447559	0.81290622523	0.37106722088	0.462703794103	0.780085722571	0.867204683422	0.588540526825	0.414897003383	0.524831135814	0.510311875302	1.15953946351	1.00619352827	0.50880558724	0.823482092798	0.521298308362	0.884953663606	0.6362339826	1.5443517013	1.40076533591	0.816675592073	0.73647217013	0.610113049782	1.1141962494	0.913242426293	1.05966393427	0.952100149831	0.909116447559	0.955741710971	0.676456795553	0.677268849686	0.668647752537	0.681151899468	0.559444407927	0.958921377477	0.629198941518	0.915345432576	0.463398211696	0.865743267279
AB7	1.48728558724	1.55221402127	1.15952571774	1.05409395843	1.49487351377	1.84341275012	1.32248425326	1.88297302078	1.93567129531	1.45598495408	2.05802807153	1.59616039149	1.71557530691	0.918355519575	1.54956843886	1.51475836636	1.85219745288	1.85717801837	0.0	0.627711875302	1.50970231513	1.62881083132	1.9381138521	1.8965881682	1.10286241663	1.49191674239	1.83318016433	1.6982222958	1.39365297245	1.23590681005	1.74480278879	1.69806240696	1.85150689222	1.89623293862	1.8596820348	1.8356760899	2.00276322861	1.49703208797	1.86365897535	1.48032685839	1.69135697922	0.968057510875	1.03369268246	1.55971919768	2.18629678105	2.11114952151	1.95212058966	1.9536621943	1.83706548091	1.87319166264	2.07103159497	2.00023791203	1.79799317061	1.87866959401	1.89346956984	1.83869129048	1.64038930884	1.94743341228	1.57461256162	1.936380174	1.78745339778	1.99043330111
AB8	1.06290752537	1.03031858869	1.46744740454	0.505035239246	1.05159811986	1.27394000483	0.810648695022	1.30601280329	1.37200769454	0.914517283712	1.49095686322	1.06880892218	1.15073770904	1.13684320928	1.00063347994	1.07519985017	1.31223189947	1.34912118415	0.627711875302	0.0	0.998240676655	1.06847170614	1.3645820638	1.3186382262	1.15929027066	0.952326839053	1.26221191397	1.12653816336	0.798072426293	0.66504638956	1.27532633156	1.23198455776	1.29260429676	1.33027901402	1.39163551474	1.30716675689	1.4564201595	0.933113562107	1.35649097632	1.02921326245	1.20072107298	0.689120898985	0.633644809087	0.9935659884	1.64415556791	1.55182701305	1.57073853552	1.51645651522	1.37100094248	1.4395182407	1.64060637023	1.59402676172	1.38081519575	1.43504476559	1.46373781054	1.40674165781	1.14627554857	1.53439878202	1.12594343161	1.47764327211	1.23891622523	1.53327850652
AC7	0.848731585307	0.838015930401	1.97953751571	0.915271710971	1.04348695505	0.944133682939	0.880434224263	0.946020836153	0.990015321411	0.728856742388	1.08537536491	0.96895222813	0.933247520541	1.63503867569	0.860001261479	0.864686858386	0.971718791687	0.991470444659	1.50970231513	0.998240676655	0.0	0.503185123248	0.973131884969	0.938940391493	1.39519068632	0.709287767037	0.940894630256	0.787245471242	0.587376495892	0.542780715321	0.853840531658	0.779262788787	0.899102991783	0.878149086515	1.24972266796	1.1183518898	1.138709768	0.745853910101	1.05814990333	0.926143837603	0.945807878202	1.15481340744	1.09233336394	0.745727167714	1.10516165781	1.02907306428	1.4566719913	1.40207910585	1.20612913968	1.28767135814	1.51573046883	1.45407293862	1.09689667472	1.20094414693	1.24648539874	1.12853231996	0.909437839536	1.3776017303	0.880695128081	1.27465939584	0.9222840261	1.38828935234
AC8	0.657658255196	0.649935514741	2.19848343161	0.942069101015	1.01185725955	0.593748124698	0.97571661189	0.578022498792	0.627883557274	0.702675041083	0.757075635573	0.879157254712	0.640468815853	1.84948287095	0.749785369744	0.621220642823	0.579029772837	0.595134649589	1.62881083132	1.06847170614	0.503185123248	0.0	0.614954407927	0.576983146448	1.52859889319	0.588724432093	0.484843852102	0.331769685839	0.469764635089	0.537598366361	0.597775447076	0.454662353794	0.555828559691	0.541489192847	1.13739440309	0.891829192847	0.777046587724	0.644694586757	0.688436901885	0.80002821653	0.650282609956	1.23938993717	1.10808854036	0.65842078782	0.862523513775	0.76684242146	1.27943628323	1.08928810536	1.01424644273	1.04019826003	1.14632103432	1.14753309328	0.793644659256	0.843581285645	0.878675799903	0.831081570807	0.535794030933	1.12029710971	0.608773069116	0.976202489125	0.534621928468	1.02335114065
AD7	0.837352576124	0.877121831803	2.40406461576	1.14559943934	1.27398237796	0.670514258096	1.27881480909	0.559368090865	0.470511662639	1.00588435476	0.41351062349	1.11308608507	0.774242479459	2.06039363461	0.945984069599	0.8002219913	0.444445592073	0.493058124698	1.9381138521	1.3645820638	0.973131884969	0.614954407927	0.0	0.175623837603	1.87584864186	0.850363247946	0.380432112131	0.464155664572	0.699569115515	0.839599154181	0.719623929435	0.592448458192	0.499695582407	0.543367970034	1.38553243596	1.16653798453	0.608677999033	0.858130106332	0.72532218463	1.0731981972	0.833498158531	1.42678830836	1.29200171097	0.921451338811	0.816952382794	0.696162029966	1.37646664089	1.17356554857	1.27676553891	1.20679496858	1.17951321895	1.2388298115	0.94382479942	0.927652387627	0.913476684389	0.960707259546	0.732564166264	1.23458752537	0.816200807153	1.15431063316	0.641281304978	1.09657080715
AD8	0.812388303528	0.798294688255	2.40180891735	1.09221181247	1.18800290962	0.608018405027	1.23698492992	0.508502339294	0.46377381827	0.94686878202	0.403370990817	1.0335979652	0.715590531658	2.05444793137	0.888842783954	0.732487307878	0.415085524408	0.461865287579	1.8965881682	1.3186382262	0.938940391493	0.576983146448	0.175623837603	0.0	1.79942430159	0.752950729821	0.320637100048	0.440728086032	0.656553088449	0.802910309328	0.700148888352	0.564674760754	0.490885877235	0.498939502175	1.31680471242	1.09126931368	0.5449659739	0.774193025616	0.662469415176	0.989448115031	0.752070270662	1.42467769454	1.27551438376	0.837642754954	0.759619835669	0.647472083132	1.31443245046	1.11067574674	1.19586179797	1.12837350894	1.12077652489	1.17563420976	0.866693953601	0.871755867569	0.862095534074	0.894711309811	0.683107568874	1.16917325761	0.771784548091	1.07630357661	0.576011986467	1.03503189947
AE7	1.39081468342	1.47291206863	1.91241765587	1.29092710488	1.33209407443	1.72106535524	1.21398116965	1.81064414693	1.89204733204	1.29872759304	1.99315293378	1.43688053649	1.59159065732	1.65459649589	1.45860363461	1.42549117448	1.76035506525	1.76318447559	1.10286241663	1.15929027066	1.39519068632	1.52859889319	1.87584864186	1.79942430159	0.0	1.07007939101	1.78468506525	1.64430855002	1.40599472209	1.27681562591	1.5722202175	1.56677927501	1.81619357177	1.80520334944	1.67384002417	1.71042331078	1.92139309812	1.49965048333	1.78110272595	1.33786875302	1.60945337361	1.45419097632	1.45631725471	1.45944923151	2.03102562591	1.95524592557	1.72811359111	1.80240930884	1.62460291928	1.66135703722	1.95680247946	1.83165315611	1.67400602707	1.72538288545	1.77759437409	1.61525392943	1.59393424843	1.77198520541	1.50586244079	1.78390340261	1.69614525858	1.85176679555
AE8	0.585548255196	0.579898438859	2.18634140648	0.896220434993	0.852119062349	0.741863499275	0.864381121315	0.796225674239	0.88604377477	0.609610483325	0.987889589174	0.706735645239	0.657107738038	1.8448637361	0.688862319961	0.575823808603	0.793459676172	0.81290622523	1.49191674239	0.952326839053	0.709287767037	0.588724432093	0.850363247946	0.752950729821	1.07007939101	0.0	0.77629518608	0.664073421943	0.628423934268	0.545063504108	0.759177791203	0.701616191397	0.816151329145	0.795336959884	1.08342756404	0.914029642339	0.927955998067	0.660213934268	0.825171918801	0.646932745288	0.676802914451	1.22174100048	1.09274112131	0.62594658289	1.08002525858	0.999886109232	1.15146241663	1.07325304012	0.910162890285	0.97846297245	1.21003083132	1.16190306428	0.85363619623	0.908948608023	0.944067327211	0.853306631223	0.676136201063	1.08743243596	0.649581232479	0.997397061382	0.716324997583	1.06445857902
AF7	0.764565142581	0.695761048816	2.38455521991	1.09755639439	1.08457201547	0.565059855002	1.19458671822	0.480936104398	0.439934436926	0.891934755921	0.491942464959	0.937449942001	0.609283281779	2.03847994683	0.802272856452	0.66838378927	0.332071923635	0.37106722088	1.83318016433	1.26221191397	0.940894630256	0.484843852102	0.380432112131	0.320637100048	1.78468506525	0.77629518608	0.0	0.253844490092	0.653690053166	0.75746681972	0.660649671339	0.552575534074	0.450398743354	0.487141715805	1.18874483809	0.969941841469	0.508305364911	0.732161677139	0.594670130498	0.910118274529	0.653268501692	1.41670519575	1.26367543741	0.775716510391	0.766895157081	0.668291503142	1.20057726438	0.998622967617	1.08198123731	1.04219672789	1.00279497825	1.07095082649	0.762827061382	0.787901967134	0.782405596907	0.810115708072	0.550762957951	1.05287165297	0.643560507492	0.993423837603	0.485013987434	0.922015534074
AF8	0.633434195263	0.627005065249	2.27358909618	0.967289159014	1.02140228613	0.529231817303	1.06492796037	0.449311401643	0.484758124698	0.767617999033	0.635442315128	0.87706962784	0.573975253746	1.925819797	0.732369130014	0.580088579024	0.426913726438	0.462703794103	1.6982222958	1.12653816336	0.787245471242	0.331769685839	0.464155664572	0.440728086032	1.64430855002	0.664073421943	0.253844490092	0.0	0.508612590623	0.623125703238	0.657046689222	0.491126897052	0.442516292895	0.473475427743	1.16169369744	0.941335920735	0.644584451426	0.680087075882	0.589356824553	0.828470333494	0.611749859836	1.30066731754	1.15370070082	0.718476089898	0.839316428226	0.748571014983	1.20124389077	0.998411285645	1.02664309812	1.03552025133	1.0084080522	1.07120429676	0.75351479942	0.798627394877	0.801729671339	0.817489565007	0.490365311745	1.05824501692	0.570345413243	0.990710792653	0.462360101498	0.928936747221
AG7	0.687133620106	0.658045804737	1.91654181247	0.6510859739	0.906459217013	0.666369830836	0.893568709522	0.621820376994	0.664178535524	0.640396080232	0.825537100048	0.815766114065	0.670322479459	1.5783041131	0.673417728371	0.672291725471	0.74419481392	0.780085722571	1.39365297245	0.798072426293	0.587376495892	0.469764635089	0.699569115515	0.656553088449	1.40599472209	0.628423934268	0.653690053166	0.508612590623	0.0	0.264611536974	0.828160430159	0.697807423876	0.596562590623	0.682307883035	1.22134966167	0.95975340261	0.887717506042	0.456467409377	0.797737245046	0.823537481875	0.708267448043	1.01375959884	0.871152547124	0.529108844853	1.03604133398	0.948477970034	1.31387549541	1.11089510875	1.10924804253	1.12900770904	1.22326532141	1.19795471242	0.878047216046	0.96150637506	0.977166379894	0.925703025616	0.642710681489	1.17057566457	0.675779453842	1.09595268246	0.682213929435	1.098460116
AG8	0.638243948768	0.643156239729	1.867619768	0.653541628806	0.875003397777	0.770647341711	0.764791749638	0.781085553407	0.857565857902	0.593324021266	0.970691855969	0.786803808603	0.73675120348	1.52509471242	0.656808646689	0.656038516191	0.827501372644	0.867204683422	1.23590681005	0.66504638956	0.542780715321	0.537598366361	0.839599154181	0.802910309328	1.27681562591	0.545063504108	0.75746681972	0.623125703238	0.264611536974	0.0	0.845669395843	0.750490260996	0.789437114548	0.809759217013	1.20246694055	0.994534103432	0.991655442243	0.508825500242	0.882876215563	0.769232595457	0.771713069116	0.967996568391	0.869706761721	0.554455761237	1.15631350894	1.06375537458	1.29827612856	1.20630311745	1.07544494442	1.1581661189	1.32388327695	1.27445432093	0.951154258096	1.03042163364	1.04946329145	0.986226732721	0.719287544708	1.20200684389	0.706770391493	1.16867334461	0.752020333494	1.19576287579
AH7	0.76599141131	0.870240589657	2.4549902175	1.27267525858	1.18922859836	0.803932087965	1.18319403093	0.845344731754	0.890901314645	0.938665123248	0.842404635089	1.07170547124	0.832013523441	2.12895333978	1.03159434993	0.772181764137	0.633698298695	0.588540526825	1.74480278879	1.27532633156	0.853840531658	0.597775447076	0.719623929435	0.700148888352	1.5722202175	0.759177791203	0.660649671339	0.657046689222	0.828160430159	0.845669395843	0.0	0.276743765104	0.879349835669	0.840072063799	1.16912403093	1.0624778927	0.804683494442	0.944154093765	0.785334581924	0.953683547608	0.818300009667	1.51519683905	1.40508561141	0.954400923151	0.960278245529	0.885120188497	1.26995203963	1.08919075399	1.18059569357	1.04431542774	1.13756066699	1.13946747704	0.865124262929	0.840916191397	0.853340439826	0.829315316578	0.759895877235	1.12974887385	0.803882155631	0.991813508942	0.710441522475	1.04966139681
AH8	0.6284520058	0.731389893668	2.43680684872	1.16726946351	1.0625377767	0.648537274045	1.11525912035	0.701950333494	0.750735529241	0.845994833253	0.736442165297	0.963910357661	0.700349971	2.0894440261	0.909744079265	0.608866979217	0.46571318028	0.414897003383	1.69806240696	1.23198455776	0.779262788787	0.454662353794	0.592448458192	0.564674760754	1.56677927501	0.701616191397	0.552575534074	0.491126897052	0.697807423876	0.750490260996	0.276743765104	0.0	0.725945190913	0.677670405993	1.13616072015	0.989759656839	0.729364465926	0.85613522958	0.62971720638	0.841993499275	0.675199202513	1.4627160899	1.33407522475	0.851936877719	0.855486843886	0.773713948768	1.16462555824	0.985330033833	1.0746738231	0.942528849686	1.01771163364	1.03477387144	0.706035741904	0.731890947318	0.732923286612	0.7207819913	0.606545442243	1.01609886419	0.653455451909	0.889826070565	0.536512817786	0.936477631706
AA5	0.832911213146	0.62407381827	2.26319218463	1.03134148864	0.968337003383	0.489828719188	1.17770901885	0.306333378444	0.257121039149	0.879351237313	0.476235195747	0.806836176897	0.608171681972	1.92473927018	0.674652759787	0.746203827936	0.496700700822	0.524831135814	1.85150689222	1.29260429676	0.899102991783	0.555828559691	0.499695582407	0.490885877235	1.81619357177	0.816151329145	0.450398743354	0.442516292895	0.596562590623	0.789437114548	0.879349835669	0.725945190913	0.0	0.270218148864	1.20452929435	0.913752165297	0.613404823586	0.587438941518	0.636148612856	0.867841048816	0.626467486709	1.24331853552	1.09296558724	0.599123363944	0.761748835186	0.631118124698	1.27726806187	1.07171469309	1.05308428226	1.08839164331	1.0859181102	1.15063608507	0.806128898018	0.858116524891	0.825684359594	0.869436752054	0.563574006767	1.12843677622	0.676913228613	1.02974842919	0.540118231029	1.0030680232
AA6	0.790171710971	0.619059023683	2.37785267279	1.08705266796	0.953148927018	0.417175055582	1.13433403093	0.301736157564	0.352353359111	0.849217312711	0.468469652006	0.80984022233	0.568682948284	2.03062910585	0.726938197197	0.716872455292	0.501662435959	0.510311875302	1.89623293862	1.33027901402	0.878149086515	0.541489192847	0.543367970034	0.498939502175	1.80520334944	0.795336959884	0.487141715805	0.473475427743	0.682307883035	0.809759217013	0.840072063799	0.677670405993	0.270218148864	0.0	1.07273438376	0.814444765587	0.527633054616	0.607882880619	0.528031546641	0.829218337361	0.525173968101	1.35171091348	1.20047330594	0.60082277912	0.575217307878	0.434793837603	1.19068532141	0.989527100048	0.930720971484	0.942616307395	1.0089860609	1.05353959884	0.704309734171	0.769692015466	0.757101242146	0.752454543258	0.572037684872	1.02467695505	0.686018327695	0.886265418076	0.483826152731	0.924784847753
AB5	1.02854240213	0.911400647656	2.53764806187	1.3167578202	0.76290679072	0.985330879652	1.17470977767	1.06025633156	1.18623702272	0.970412092798	1.18081151764	0.7534239826	0.990026302562	2.20856292895	1.01520634606	0.99488637506	1.20043256646	1.15953946351	1.8596820348	1.39163551474	1.24972266796	1.13739440309	1.38553243596	1.31680471242	1.67384002417	1.08342756404	1.18874483809	1.16169369744	1.22134966167	1.20246694055	1.16912403093	1.13616072015	1.20452929435	1.07273438376	0.0	0.435611048816	0.969667970034	1.06387351377	0.918882798453	0.799300048333	0.848671242146	1.57211856936	1.4354521363	0.96076319478	1.00112493475	0.98642159014	0.84198277912	0.904597433543	0.736910173997	0.753996162397	1.04378338328	0.937274833253	0.812096336394	0.874104562591	0.903321251812	0.830951633639	0.998365514741	0.848641662639	0.982837660706	0.808285273079	0.990787138714	0.914967854036
AB6	0.878695761237	0.706823740938	2.46213734171	1.1942601015	0.713111198647	0.731761319478	1.0770220928	0.799016660222	0.922866563557	0.850385142581	0.97531260029	0.585886283229	0.768695418076	2.12397488642	0.806728830353	0.814749362011	1.0112041276	1.00619352827	1.8356760899	1.30716675689	1.1183518898	0.891829192847	1.16653798453	1.09126931368	1.71042331078	0.914029642339	0.969941841469	0.941335920735	0.95975340261	0.994534103432	1.0624778927	0.989759656839	0.913752165297	0.814444765587	0.435611048816	0.0	0.787105002417	0.785853629773	0.770187129048	0.750980173997	0.66909161914	1.44766024166	1.31061686322	0.68827118898	0.796340101498	0.789595722571	0.754969951667	0.68095741421	0.507229313678	0.532531184147	0.817180270662	0.731958535524	0.654885693572	0.737814654422	0.762641213146	0.710689333011	0.782693160947	0.649269086515	0.769834122765	0.569864509425	0.813690125665	0.681668376027
AC5	0.897257892702	0.786383716771	2.61145138231	1.32327284679	0.97289377477	0.531811077815	1.2796321218	0.500513349444	0.518519647173	0.97645138231	0.430363189947	0.825019801837	0.724511913968	2.27400692605	0.925084804253	0.84502179797	0.522284615756	0.50880558724	2.00276322861	1.4564201595	1.138709768	0.777046587724	0.608677999033	0.5449659739	1.92139309812	0.927955998067	0.508305364911	0.644584451426	0.887717506042	0.991655442243	0.804683494442	0.729364465926	0.613404823586	0.527633054616	0.969667970034	0.787105002417	0.0	0.783743542774	0.45367537941	0.937279444176	0.642202160464	1.62685093765	1.46622334461	0.768689105848	0.52242821653	0.453088303528	1.02122413726	0.814583489609	0.91784157564	0.835675451909	0.807728153697	0.855927820203	0.608820526825	0.597974668922	0.573265045916	0.618646679555	0.730833784437	0.861580459159	0.828082817786	0.791465770904	0.573484185597	0.738210613823
AC6	0.743989671339	0.53369037216	1.98987914935	0.719212397293	0.722671633639	0.658162537458	0.740797626873	0.594531285645	0.705248767521	0.525821923635	0.849365505075	0.649861034316	0.622648090865	1.65129653939	0.517998052199	0.680035016916	0.808134364427	0.823482092798	1.49703208797	0.933113562107	0.745853910101	0.644694586757	0.858130106332	0.774193025616	1.49965048333	0.660213934268	0.732161677139	0.680087075882	0.456467409377	0.508825500242	0.944154093765	0.85613522958	0.587438941518	0.607882880619	1.06387351377	0.785853629773	0.783743542774	0.0	0.746674881585	0.658935882069	0.616012663122	0.884881401643	0.722662092798	0.327244393427	0.989812754954	0.896069439343	1.17548458676	1.04924225713	0.928322073465	1.00310766554	1.15482940551	1.12126939101	0.822070971484	0.920409589174	0.934760729821	0.867300236829	0.599147254712	1.04375882069	0.628394586757	1.01239254229	0.668491507975	1.04017320928
AD6	0.728059275012	0.604097278879	2.53466033349	1.15990607057	0.839944214596	0.392677873369	1.15549739004	0.478001169647	0.597023069116	0.868910734654	0.543770671822	0.713689729338	0.559965630739	2.18667669889	0.783061314645	0.646544320928	0.546340362494	0.521298308362	1.86365897535	1.35649097632	1.05814990333	0.688436901885	0.72532218463	0.662469415176	1.78110272595	0.825171918801	0.594670130498	0.589356824553	0.797737245046	0.882876215563	0.785334581924	0.62971720638	0.636148612856	0.528031546641	0.918882798453	0.770187129048	0.45367537941	0.746674881585	0.0	0.738214340261	0.371689632673	1.53222386177	1.3836939971	0.723986051232	0.670304852586	0.579542522958	0.841244572257	0.65246937651	0.804769724505	0.689463069116	0.674561474142	0.725017825036	0.446984432093	0.457761261479	0.47513178347	0.46079380377	0.534474586757	0.698042344128	0.612565872402	0.633904804253	0.376378144031	0.59061159014
AE5	0.565778110198	0.501344765587	2.27800066699	0.920411053649	0.643485321411	0.777538129531	0.783880111165	0.837422663122	0.971789337844	0.553266312228	1.03278533108	0.593755746738	0.684725664572	1.93444229096	0.607932397293	0.532613305945	0.904323296278	0.884953663606	1.48032685839	1.02921326245	0.926143837603	0.80002821653	1.0731981972	0.989448115031	1.33786875302	0.646932745288	0.910118274529	0.828470333494	0.823537481875	0.769232595457	0.953683547608	0.841993499275	0.867841048816	0.829218337361	0.799300048333	0.750980173997	0.937279444176	0.658935882069	0.738214340261	0.0	0.444833929435	1.21231998067	1.06950579507	0.588467080715	1.12033000967	1.0527662784	0.937307902368	0.891932658289	0.771764422426	0.75500102465	1.0352857999	0.958584635089	0.669272556791	0.767502397293	0.833297704205	0.669792455292	0.572346336394	0.867820715321	0.522126012566	0.823099898502	0.712209980667	0.890557356211
AE6	0.560460236829	0.402301662639	2.41242260029	1.03774900435	0.734506974384	0.483678970517	0.9785420058	0.507260275495	0.639717747704	0.709382735621	0.70606698405	0.606084581924	0.425604910585	2.06640688255	0.607536167231	0.461804615756	0.659870681489	0.6362339826	1.69135697922	1.20072107298	0.945807878202	0.650282609956	0.833498158531	0.752070270662	1.60945337361	0.676802914451	0.653268501692	0.611749859836	0.708267448043	0.771713069116	0.818300009667	0.675199202513	0.626467486709	0.525173968101	0.848671242146	0.66909161914	0.642202160464	0.616012663122	0.371689632673	0.444833929435	0.0	1.37529762204	1.22316426776	0.544014485259	0.809821570807	0.731494330594	0.872668066699	0.696713025616	0.711158738521	0.651238501692	0.81687441276	0.760113856936	0.412840434993	0.499543924601	0.55760300145	0.451447138714	0.397149246013	0.722284001933	0.42945839536	0.630464229096	0.409304567424	0.679554320928
AF5	1.29806969067	1.21442433059	1.28200489125	0.665318496858	1.19541728855	1.41495933784	0.828138313195	1.34271215563	1.35936665056	1.00096136298	1.54879434026	1.23381041083	1.32393555341	0.951435137748	1.0795757709	1.29692429676	1.49054523925	1.5443517013	0.968057510875	0.689120898985	1.15481340744	1.23938993717	1.42678830836	1.42467769454	1.45419097632	1.22174100048	1.41670519575	1.30066731754	1.01375959884	0.967996568391	1.51519683905	1.4627160899	1.24331853552	1.35171091348	1.57211856936	1.44766024166	1.62685093765	0.884881401643	1.53222386177	1.21231998067	1.37529762204	0.0	0.219528095698	1.04202844369	1.76006483809	1.6543538376	1.74552182214	1.68996193813	1.55393433059	1.65994528758	1.80886355727	1.78442361044	1.54424648623	1.63906648623	1.6644719333	1.60457570324	1.28052434509	1.7114157274	1.26613443209	1.68215533591	1.42566855002	1.70219128565
AF6	1.16529116481	1.06452439343	1.41367876752	0.555679516675	1.07537516675	1.26956854519	0.760688883519	1.19258250362	1.21796846303	0.856286114065	1.40677415176	1.11302395843	1.17917143064	1.09219092798	0.928566640889	1.15386685355	1.34913756887	1.40076533591	1.03369268246	0.633644809087	1.09233336394	1.10808854036	1.29200171097	1.27551438376	1.45631725471	1.09274112131	1.26367543741	1.15370070082	0.871152547124	0.869706761721	1.40508561141	1.33407522475	1.09296558724	1.20047330594	1.4354521363	1.31061686322	1.46622334461	0.722662092798	1.3836939971	1.06950579507	1.22316426776	0.219528095698	0.0	0.893059304012	1.60580960851	1.50544454326	1.62135865636	1.55428260029	1.41870353794	1.52615214596	1.65588569841	1.64707788304	1.39633901885	1.48902317545	1.51190142098	1.45403895602	1.12976179797	1.58489045433	1.1150241421	1.53460267762	1.27934118898	1.56786499758
AG5	0.675413600773	0.436557249879	2.12299912518	0.809642455292	0.584739449009	0.584409579507	0.77425242146	0.585510855486	0.689820488159	0.503345282745	0.821929579507	0.513141126148	0.56345959884	1.77935651522	0.455460086999	0.610683218946	0.809535790237	0.816675592073	1.55971919768	0.9935659884	0.745727167714	0.65842078782	0.921451338811	0.837642754954	1.45944923151	0.62594658289	0.775716510391	0.718476089898	0.529108844853	0.554455761237	0.954400923151	0.851936877719	0.599123363944	0.60082277912	0.96076319478	0.68827118898	0.768689105848	0.327244393427	0.723986051232	0.588467080715	0.544014485259	1.04202844369	0.893059304012	0.0	0.950477767037	0.873208390527	1.05067778637	0.949034973417	0.801613233446	0.868048376027	1.08253811986	1.01017437409	0.706546761721	0.819239763171	0.858979719671	0.728355524408	0.580128081199	0.937572223296	0.59350078782	0.901823827936	0.636201875302	0.941337921701
