	AA3	AA4	AB3	AB4	AC3	AC4	AD3	AD4	AE3	AE4	AF3	AF4	AG3	AG4	AH3	AH4	AA7	AA8	AB7	AB8	AC7	AC8	AD7	AD8	AE7	AE8	AF7	AF8	AG7	AG8	AH7	AH8	AA5	AA6	AB5	AB6	AC5	AC6	AD6	AE5	AE6	AF5	AF6	AG5	AH5	AH6	AA1	AA2	AB1	AB2	AC1	AC2	AD1	AD2	AE1	AE2	AF1	AF2	AG1	AG2	AH1	AH2
AA3	0.0	0.55330619623	2.26903038666	0.96354261479	0.886704533591	0.791215911068	0.898875239246	0.767138738521	0.858229555341	0.70300722088	1.00336077815	0.779289536008	0.746800362494	1.91926619623	0.741357834703	0.238741072982	0.818465862736	0.788605331078	1.42519326245	1.05178745288	0.78756098115	0.647968951184	0.896342305462	0.901052223296	1.37543689222	0.628513049783	0.841042551957	0.652816466892	0.715801416143	0.691248385694	0.771297293378	0.645383885935	0.848040154664	0.80408081682	1.06126354761	0.884537085549	0.949188849686	0.78066457709	0.782640159497	0.604534132431	0.609123131948	1.26788344611	1.19350560657	0.744540720155	1.09889191397	1.06436271629	0.985213301112	0.93028221363	0.946349357177	0.870048003867	1.0874299275	0.981743296278	0.657033378444	0.716522774287	0.782957752537	0.627559850169	0.533206012566	0.874708231029	0.510588003867	0.874340318995	0.655774059932	0.946828139198
AA4	0.55330619623	0.0	2.23427356694	0.865811111648	0.608146756887	0.578179120348	0.830185456742	0.492815103915	0.664274340261	0.518928177864	0.839889864669	0.456463291445	0.463617752537	1.88378598357	0.262448129531	0.375147955534	0.690757472209	0.693184354761	1.53210523925	1.00489632673	0.815321454809	0.67731477042	0.860929748671	0.856928105365	1.44666092315	0.586813281779	0.697755833736	0.645211333978	0.654925050749	0.666596979217	0.877246979217	0.752637283712	0.631153765104	0.611454494925	0.915711657806	0.669140169164	0.791892832286	0.512991933301	0.60192942001	0.484544330594	0.402277022716	1.17623321895	1.06997303045	0.457117278879	0.946344374094	0.880982706622	0.934106834219	0.807121082649	0.752552411793	0.760852943451	0.976399014016	0.894916887385	0.63178561624	0.647087249879	0.687574311261	0.586734098598	0.450398163364	0.801166085065	0.465807791203	0.746084301595	0.504925389077	0.804629917835
AB3	2.26903038666	2.23427356694	0.0	1.48341362011	2.2066482117	2.41717362494	1.93016264862	2.31415835669	2.35157879169	2.13063695988	2.55177458676	2.26364286129	2.35746203963	0.395246027066	2.17728110681	2.2798217448	2.50085072015	2.50829947801	1.20379639923	1.50197716288	2.00297458676	2.24404781537	2.4278839246	2.40811528275	1.92411652972	2.17546632673	2.43593274529	2.31619762204	1.91374286129	1.83823272112	2.46356054616	2.44758768971	2.28907607057	2.36691185114	2.57568026583	2.46531147414	2.64364932818	1.97655654906	2.5386822813	2.31919113098	2.40705563557	1.32235332044	1.39675711455	2.07199676172	2.74879644273	2.65888145481	2.68409670855	2.68915472692	2.55587634123	2.63430020783	2.80455714355	2.73351312228	2.57733555824	2.61720990333	2.64886976317	2.55642459159	2.3363938666	2.66003196713	2.33065892218	2.63843081199	2.43291324311	2.68118362977
AB4	0.96354261479	0.865811111648	1.48341362011	0.0	0.919515026583	1.02763850652	0.810135959401	0.974069125181	1.07528374094	0.829577443209	1.22706960851	0.922284581924	0.895258579024	1.11857765587	0.846232416626	0.910906143064	1.16952688255	1.16791608507	1.03642009183	0.497946230063	0.869662310295	0.944994040599	1.12268898018	1.09940117931	1.29522007733	0.878374446593	1.15100147414	1.01001692605	0.648266157564	0.59051582407	1.2408741566	1.15308326245	1.03672890768	1.06665883035	1.37129157564	1.20849017883	1.37035302078	0.72457300145	1.16807864669	0.97943359594	1.04598614306	0.624965103915	0.532956370227	0.766748980184	1.4509417883	1.36450052682	1.44286043983	1.39885435959	1.31306093282	1.34217756887	1.54552261479	1.47204463509	1.23129057999	1.27472549541	1.33856890285	1.21425922668	1.00759686322	1.37767249879	0.995119444176	1.33505662156	1.07678757854	1.40231521991
AC3	0.886704533591	0.608146756887	2.2066482117	0.919515026583	0.0	0.797600560657	0.868232532624	0.859368994683	0.991936679555	0.669765703238	1.07735567424	0.282048946351	0.819265282745	1.85969036249	0.641786515225	0.760032025133	1.01332641373	1.02574463509	1.45625937168	1.0189819333	1.0596601305	1.04439464476	1.23923050266	1.24029478492	1.31667446593	0.815385925568	1.05982032866	1.0181581682	0.906274833253	0.907975074915	1.19708983084	1.07465064282	0.999956027066	0.975159840503	0.814351696472	0.703781019816	0.988137462542	0.715685495408	0.8603180232	0.658879371677	0.717606070565	1.17707203963	1.08602753021	0.617442015466	1.14315695022	1.10205254712	0.852327153214	0.899911367811	0.755806331561	0.80464340261	1.08782108265	0.957647655872	0.75445521508	0.816451831803	0.867404567424	0.809262566457	0.819286592557	0.854904354761	0.808420434993	0.860192131464	0.834661551474	0.917498453359
AC4	0.791215911068	0.578179120348	2.41717362494	1.02763850652	0.797600560657	0.0	1.12767765587	0.371907728371	0.477205263412	0.777747742871	0.397198042533	0.567117858869	0.430248637023	2.0637821653	0.667642658289	0.675823189947	0.579870125665	0.551327390043	1.81745343644	1.24335797003	0.880353856936	0.614138463026	0.645279898502	0.646782015466	1.69043102465	0.746052034799	0.559520840986	0.553617820203	0.693317259546	0.77702242146	0.799303479942	0.672419217013	0.503440695988	0.410520343161	0.97590979217	0.723159047849	0.600419250846	0.674983069116	0.428934233929	0.738124446593	0.477020067666	1.37893525858	1.27502316095	0.630600565491	0.698616843886	0.599096926051	1.05250738521	0.837027762204	0.848253214113	0.788774722088	0.930264088932	0.977108612856	0.579186930884	0.665565915901	0.68852098115	0.591161580474	0.59411280812	0.929153325278	0.633906718221	0.758213146448	0.404525485742	0.835446273562
AD3	0.898875239246	0.830185456742	1.93016264862	0.810135959401	0.868232532624	1.12767765587	0.0	1.02011367811	1.26146736588	0.432763881102	1.3833041566	0.898989144514	1.08619715805	1.57840612373	0.820431759304	0.871203272112	1.24949667472	1.21167553407	1.30271118898	0.801740024166	0.880075534074	0.981041599807	1.30291366844	1.26512537458	1.21137945868	0.858032764621	1.24107543258	1.08383516675	0.884842416626	0.780663827936	1.18127049299	1.11038921701	1.18947254229	1.13317090382	1.20073431126	1.03910485259	1.27667301112	0.700630613823	1.13943912035	0.831925002417	0.950673586274	0.84500638956	0.796899260512	0.723832634123	1.40326359594	1.35525587724	1.32816017883	1.32960477042	1.14025724021	1.22290847269	1.50184327211	1.3994420638	1.16652788304	1.19086429676	1.27644957951	1.10794651522	0.96972961334	1.29989715805	0.951240497825	1.23720093282	1.11753242146	1.33086898502
AD4	0.767138738521	0.492815103915	2.31415835669	0.974069125181	0.859368994683	0.371907728371	1.02011367811	0.0	0.283185113581	0.645811469309	0.511558820686	0.664855128081	0.469680396327	1.96548860802	0.592418322861	0.636214552924	0.493564436926	0.479378405027	1.7861560899	1.20031806187	0.855223025616	0.567073460609	0.528743064282	0.523908061866	1.71914781054	0.751224596423	0.426848250362	0.432945345578	0.583979603673	0.711188061866	0.782869478009	0.65980579507	0.300903407443	0.31285621073	1.0661838231	0.801815708072	0.584517303045	0.574193523441	0.465368902852	0.706203987434	0.492346761721	1.26450694055	1.15549090865	0.560598153697	0.717606138231	0.602709487675	1.11404201547	0.887293605607	0.929920575157	0.905553692605	0.943152648623	1.03689692122	0.671261029483	0.707473305945	0.692402010633	0.663558308362	0.514887999033	0.988305355244	0.588903378444	0.844423146448	0.480339768004	0.88380222813
AE3	0.858229555341	0.664274340261	2.35157879169	1.07528374094	0.991936679555	0.477205263412	1.26146736588	0.283185113581	0.0	0.87828242146	0.406609763171	0.804056752054	0.561258878685	2.00918763171	0.731133160947	0.797484277429	0.475795621073	0.490364775254	1.92235670855	1.34543253262	0.965211831803	0.669528366361	0.449586505558	0.470112556791	1.87638022233	0.90289719188	0.384604403093	0.482440173997	0.671903547608	0.846611677139	0.871371208313	0.750362692122	0.263880420493	0.317381304978	1.17327807153	0.928738840019	0.566158414693	0.738351677139	0.575263499275	0.902664016433	0.637817858869	1.34544025133	1.2412918753	0.726544504592	0.791265152247	0.61558659739	1.23521001933	0.998965737071	1.07254008217	1.02223533591	1.03623541324	1.1485138086	0.782734282262	0.83261901885	0.79761820203	0.787713378444	0.663129139681	1.10649176414	0.73915022233	0.962442150797	0.545872295795	0.991616331561
AE4	0.70300722088	0.518928177864	2.13063695988	0.829577443209	0.669765703238	0.777747742871	0.432763881102	0.645811469309	0.87828242146	0.0	1.02803881585	0.591736486225	0.763340797487	1.77691839536	0.555324340261	0.58497720638	0.900499250846	0.869421889802	1.47889872402	0.917709473175	0.734447254712	0.695291648139	0.956187148381	0.931204151764	1.35226713871	0.573431715805	0.876312102465	0.73107702755	0.633914407927	0.610082382794	0.940752092798	0.842693127115	0.815703547608	0.77306457709	0.948461962301	0.776903513775	0.941688018366	0.478895432576	0.799604499758	0.552776462059	0.61912840986	1.03600750604	0.929663885935	0.480669149348	1.07885428226	1.02233654906	1.04941219913	1.0525838956	0.895616172064	0.959012131464	1.22176782987	1.12502644756	0.881669125181	0.893417390044	0.963618883519	0.817979250846	0.661308119865	1.01596044949	0.647342165297	0.961875737071	0.779580565491	1.05562067666
AF3	1.00336077815	0.839889864669	2.55177458676	1.22706960851	1.07735567424	0.397198042533	1.3833041566	0.511558820686	0.406609763171	1.02803881585	0.0	0.850149946834	0.673809801837	2.20338546641	0.925275480909	0.935016940551	0.494903479942	0.472392469792	2.0298537216	1.4541437651	1.05780027066	0.795966810053	0.422260908652	0.4462520058	1.97547154181	1.01739166264	0.442079144514	0.622398608023	0.831519188014	0.978493185114	0.841500874819	0.775785002417	0.492688530691	0.488846892218	1.14196959401	0.942824021266	0.45661560174	0.893497245046	0.513869927501	0.989040236829	0.724164847753	1.55189039149	1.44215413726	0.870229202513	0.685968970517	0.531349893668	1.18854521508	0.94692178347	1.08110273079	0.971797201547	0.989588066699	1.0755341856	0.749593218946	0.763808066699	0.775071686805	0.723640038666	0.830712938618	1.04254116965	0.888922653456	0.919986568391	0.572162745288	0.943922179797
AF4	0.779289536008	0.456463291445	2.26364286129	0.922284581924	0.282048946351	0.567117858869	0.898989144514	0.664855128081	0.804056752054	0.591736486225	0.850149946834	0.0	0.621464610923	1.91205161431	0.498620082165	0.634633238279	0.849949724505	0.840139294345	1.56223276462	1.01569060899	0.90381460609	0.8554719913	1.04698486225	1.0434297825	1.42407205413	0.654665891735	0.88340557274	0.84000038666	0.786047037216	0.779571889802	1.03436888835	0.931079038183	0.805378632189	0.765289685839	0.767397153214	0.562241266312	0.810542368294	0.586792692122	0.695870652489	0.56162242146	0.579987747704	1.18276358627	1.0906542726	0.484769840503	0.954115766071	0.89867777187	0.815875906235	0.776073750604	0.648173025616	0.682745485742	0.970071788304	0.859468743354	0.621298274529	0.69473658289	0.763795321411	0.684064098598	0.674054378927	0.756043615273	0.676621503142	0.726580149831	0.66690301595	0.789583736104
AG3	0.746800362494	0.463617752537	2.35746203963	0.895258579024	0.819265282745	0.430248637023	1.08619715805	0.469680396327	0.561258878685	0.763340797487	0.673809801837	0.621464610923	0.0	1.99158159014	0.501157298212	0.62110897535	0.549712547124	0.547869386177	1.74782647173	1.17366130014	0.912201430643	0.630991952634	0.694370033833	0.700814441759	1.61720945384	0.70630679072	0.569237820203	0.579995495408	0.686921391977	0.783417718705	0.824400488159	0.685026732721	0.578044896085	0.515102580957	0.987030057999	0.765026109232	0.720502638956	0.668366283229	0.508253407443	0.68862217013	0.471065369744	1.33011182214	1.23025098598	0.608381556307	0.833293011116	0.766678177864	0.993999540841	0.771545543741	0.846951266312	0.789425321411	0.921563600773	0.911813151281	0.571360807153	0.629339647173	0.682192402127	0.580375292412	0.470927361044	0.870720821653	0.517050599323	0.7454019768	0.411001353311	0.770989632673
AG4	1.91926619623	1.88378598357	0.395246027066	1.11857765587	1.85969036249	2.0637821653	1.57840612373	1.96548860802	2.00918763171	1.77691839536	2.20338546641	1.91205161431	1.99158159014	0.0	1.83164821653	1.92513961334	2.15745961817	2.15981840019	0.942944475592	1.16613318511	1.65949107298	1.89927463509	2.08186397777	2.0622321943	1.64231741421	1.82573838569	2.09162661189	1.96898980667	1.5781962059	1.49432680039	2.13828743354	2.09900122765	1.9480897245	2.01574311745	2.23338160464	2.11702854036	2.29920854036	1.63238038183	2.18595085065	1.96731966167	2.0545838666	0.983593479942	1.06322446593	1.72441817786	2.40476551474	2.30946115031	2.32972966651	2.3350317738	2.20320996617	2.27908811986	2.45351633639	2.37981501208	2.22308638956	2.26279960367	2.30365925085	2.20364050749	1.98364198163	2.3077217448	1.9813578637	2.28511751571	2.08142352344	2.32714450459
AH3	0.741357834703	0.262448129531	2.17728110681	0.846232416626	0.641786515225	0.667642658289	0.820431759304	0.592418322861	0.731133160947	0.555324340261	0.925275480909	0.498620082165	0.501157298212	1.83164821653	0.0	0.560355611406	0.765240807153	0.769034088932	1.53634876752	0.978382194297	0.852451295312	0.756003305945	0.913199521508	0.910457636539	1.44907637989	0.683728177864	0.775170024166	0.738969207347	0.682277955534	0.689832029966	0.999762155631	0.870053861769	0.680086486225	0.682407883035	0.979974702755	0.735627699372	0.899134050266	0.525590086999	0.722074059932	0.575219623006	0.539798260029	1.09587520058	0.995710575157	0.464496882552	1.05011738521	0.981769908168	1.01940400193	0.901091242146	0.839840173997	0.858934625423	1.05103421943	0.987795592073	0.766903508942	0.798475070082	0.828712803287	0.74621658289	0.559627675205	0.904448579024	0.56194019333	0.850907481875	0.64441940551	0.889564900918
AH4	0.238741072982	0.375147955534	2.2798217448	0.910906143064	0.760032025133	0.675823189947	0.871203272112	0.636214552924	0.797484277429	0.58497720638	0.935016940551	0.634633238279	0.62110897535	1.92513961334	0.560355611406	0.0	0.731563707105	0.701128878685	1.44199645239	1.0154640986	0.805386259062	0.635558037699	0.834441309812	0.828715490575	1.36807695988	0.555262087965	0.760851880135	0.616177829869	0.690941377477	0.675754572257	0.785937854036	0.634065248913	0.75934699855	0.710998525858	0.973724040599	0.771624422426	0.8659959739	0.663111092315	0.68697520058	0.483861449976	0.484992518125	1.24298535041	1.14597084582	0.62407237796	1.01413909618	0.977882667956	0.914917941034	0.84699582407	0.838965036249	0.777382493958	1.00990332528	0.909087887869	0.598482957951	0.661101971967	0.722646674722	0.584069468342	0.417860521991	0.812279241179	0.396519893668	0.776081333978	0.5841280087	0.846308516191
AA7	0.818465862736	0.690757472209	2.50085072015	1.16952688255	1.01332641373	0.579870125665	1.24949667472	0.493564436926	0.475795621073	0.900499250846	0.494903479942	0.849949724505	0.549712547124	2.15745961817	0.765240807153	0.731563707105	0.0	0.141978472692	1.82862034316	1.30717018366	0.997142116965	0.674358390527	0.43854921218	0.445382484292	1.76820146931	0.825775558241	0.353421058482	0.445226041566	0.765711928468	0.891993397777	0.651176727888	0.502388405027	0.459544093765	0.504505326245	1.17560383277	0.996538724021	0.531301759304	0.853973214113	0.507334702755	0.892465911068	0.65352239246	1.49384351861	1.38964515708	0.850302938618	0.786236839053	0.643379550507	1.11460184147	0.881493615273	1.08048679072	0.96171462059	0.917571208313	0.999584983084	0.688937974867	0.702265563074	0.677203740938	0.650148738521	0.549023649106	0.967140241663	0.587448472692	0.920675925568	0.51713277912	0.875983030449
AA8	0.788605331078	0.693184354761	2.50829947801	1.16791608507	1.02574463509	0.551327390043	1.21167553407	0.479378405027	0.490364775254	0.869421889802	0.472392469792	0.840139294345	0.547869386177	2.15981840019	0.769034088932	0.701128878685	0.141978472692	0.0	1.82832816336	1.28626366844	0.942339033349	0.614104567424	0.421973571774	0.430735495408	1.73870446593	0.789003349444	0.351502034799	0.398173600773	0.745226273562	0.854521923635	0.589101029483	0.436310570324	0.463231759304	0.477034557757	1.15282696472	0.975374673755	0.498872450459	0.840472527791	0.491954751087	0.872995848236	0.637484548091	1.50469781537	1.40164652006	0.826860618656	0.741541594973	0.611854726921	1.12482766071	0.892861483809	1.07067926051	0.945377733204	0.925837588207	1.0136340406	0.682930686322	0.6917880087	0.684060821653	0.6460679942	0.555965128081	0.983129038183	0.60394961334	0.902616843886	0.482170865152	0.885466877719
AB7	1.42519326245	1.53210523925	1.20379639923	1.03642009183	1.45625937168	1.81745343644	1.30271118898	1.7861560899	1.92235670855	1.47889872402	2.0298537216	1.56223276462	1.74782647173	0.942944475592	1.53634876752	1.44199645239	1.82862034316	1.82832816336	0.0	0.637790990817	1.5093177332	1.63065754471	1.91866773804	1.90709027066	1.07200403577	1.41384869985	1.8720459449	1.69005454326	1.36252290478	1.21273688255	1.72456227163	1.67524452392	1.84434053166	1.86116521508	1.87892057032	1.78143029966	1.97744246979	1.44438009183	1.84884902368	1.48149770904	1.63467460609	0.980962711455	0.999006911551	1.48568927501	2.11835114065	2.0905980957	1.90211700338	1.93322463026	1.83472440793	1.84607374577	2.07605670372	1.96754423393	1.78662944418	1.8177118898	1.85400766071	1.75320115515	1.60583773804	1.87839863219	1.58359960367	1.86195082649	1.75463835186	1.92187656839
AB8	1.05178745288	1.00489632673	1.50197716288	0.497946230063	1.0189819333	1.24335797003	0.801740024166	1.20031806187	1.34543253262	0.917709473175	1.4541437651	1.01569060899	1.17366130014	1.16613318511	0.978382194297	1.0154640986	1.30717018366	1.28626366844	0.637790990817	0.0	0.990916408893	1.08260307395	1.33557391493	1.31687705655	1.14727716288	0.898000956984	1.28915509908	1.11160277912	0.775052542291	0.659600053166	1.26718361527	1.21280983084	1.27232105365	1.27877346061	1.39412897052	1.23965481392	1.44335294828	0.868201561141	1.33637956017	1.03014914451	1.15208004833	0.693993837603	0.627270681489	0.911059115515	1.57131806187	1.51997640406	1.52115521508	1.47934073465	1.3606080812	1.39632287095	1.62711876269	1.55055770904	1.35963289512	1.38462012566	1.4226660464	1.32327653456	1.12869242146	1.4695622088	1.12429249879	1.40583442243	1.22118866602	1.46439290478
AC7	0.78756098115	0.815321454809	2.00297458676	0.869662310295	1.0596601305	0.880353856936	0.880075534074	0.855223025616	0.965211831803	0.734447254712	1.05780027066	0.90381460609	0.912201430643	1.65949107298	0.852451295312	0.805386259062	0.997142116965	0.942339033349	1.5093177332	0.990916408893	0.0	0.452521271145	0.954807704205	0.918823325278	1.40419421943	0.669744847753	0.963543030449	0.773930304495	0.572583634606	0.537020212663	0.858927970034	0.757825843403	0.885755867569	0.864336027066	1.23928945868	1.07485831803	1.14195665539	0.740540202997	1.00571880135	0.930128463026	0.927441213146	1.16554191397	1.10780713871	0.732125442243	1.14236705655	1.03864554374	1.43985717255	1.37899933784	1.21012123248	1.23602881102	1.52922019816	1.45163654422	1.09173689222	1.15422858869	1.23242659256	1.05870052199	0.903102624456	1.35501217013	0.890405331078	1.23379131464	0.915993784437	1.37363592557
AC8	0.647968951184	0.67731477042	2.24404781537	0.944994040599	1.04439464476	0.614138463026	0.981041599807	0.567073460609	0.669528366361	0.695291648139	0.795966810053	0.8554719913	0.630991952634	1.89927463509	0.756003305945	0.635558037699	0.674358390527	0.614104567424	1.63065754471	1.08260307395	0.452521271145	0.0	0.646084509425	0.629898690188	1.52604920735	0.613332846786	0.560203431609	0.373618951184	0.499325108748	0.571228888352	0.622975137748	0.466967984534	0.594139110681	0.57042419043	1.10156906718	0.870494156597	0.808665070082	0.707609913001	0.682064751087	0.796899681005	0.656984523925	1.26222179314	1.15297147414	0.716257781537	0.862039975834	0.789311213146	1.27477295312	1.06279708072	1.03472012566	1.00411097148	1.19059283712	1.19456993717	0.787999236346	0.842612353794	0.897616080232	0.773859869502	0.572988690188	1.13794341711	0.610845519575	0.943104736588	0.570690531658	1.04895277912
AD7	0.896342305462	0.860929748671	2.4278839246	1.12268898018	1.23923050266	0.645279898502	1.30291366844	0.528743064282	0.449586505558	0.956187148381	0.422260908652	1.04698486225	0.694370033833	2.08186397777	0.913199521508	0.834441309812	0.43854921218	0.421973571774	1.91866773804	1.33557391493	0.954807704205	0.646084509425	0.0	0.129452595457	1.8718961914	0.865443987434	0.35215661189	0.454080454326	0.686344069599	0.832098192363	0.729840526825	0.635700420493	0.445907196713	0.497762832286	1.31710199613	1.11055237313	0.63983977767	0.873474673755	0.670056355727	1.02237628323	0.821604316095	1.42779342678	1.3262662204	0.92464337361	0.837991570807	0.681811150314	1.34276592073	1.10707071532	1.2539441131	1.15997683422	1.13556522475	1.24971535524	0.909256698888	0.920705157081	0.898665848236	0.881100405993	0.725266384727	1.21369532141	0.777989139681	1.10638037216	0.642534983084	1.10430179314
AD8	0.901052223296	0.856928105365	2.40811528275	1.09940117931	1.24029478492	0.646782015466	1.26512537458	0.523908061866	0.470112556791	0.931204151764	0.4462520058	1.0434297825	0.700814441759	2.0622321943	0.910457636539	0.828715490575	0.445382484292	0.430735495408	1.90709027066	1.31687705655	0.918823325278	0.629898690188	0.129452595457	0.0	1.8273582987	0.821388608023	0.349252532624	0.45148898985	0.676952924118	0.814166447559	0.723298255196	0.61831459159	0.465241715805	0.497144514258	1.32967070565	1.11509739971	0.659243866602	0.875805983567	0.690572257129	1.02847114065	0.823905331078	1.40269466409	1.30921442726	0.914806350894	0.857637709038	0.69457462059	1.3505362639	1.11657618656	1.25863618656	1.1631981682	1.15031318028	1.2586958289	0.920349565007	0.940385872402	0.922017960367	0.896354142098	0.734389429676	1.22337876269	0.782671681972	1.11204963267	0.668336220396	1.11357247463
AE7	1.37543689222	1.44666092315	1.92411652972	1.29522007733	1.31667446593	1.69043102465	1.21137945868	1.71914781054	1.87638022233	1.35226713871	1.97547154181	1.42407205413	1.61720945384	1.64231741421	1.44907637989	1.36807695988	1.76820146931	1.73870446593	1.07200403577	1.14727716288	1.40419421943	1.52604920735	1.8718961914	1.8273582987	0.0	1.03083264862	1.82463510391	1.6346919768	1.36556405027	1.31366156597	1.56739242629	1.54481101498	1.81128888835	1.80262215563	1.705650232	1.66935289512	1.9010079652	1.44988973417	1.77233879169	1.39236222813	1.57368698405	1.4416060029	1.44353280329	1.41772616723	1.98373246013	1.9589200435	1.69282532141	1.7948182262	1.63714822136	1.64573676655	1.97920456742	1.80338122281	1.65761722088	1.67665271629	1.74731654906	1.59134301595	1.56181047366	1.72755612373	1.51731892218	1.71980754471	1.67823307878	1.79813830353
AE8	0.628513049783	0.586813281779	2.17546632673	0.878374446593	0.815385925568	0.746052034799	0.858032764621	0.751224596423	0.90289719188	0.573431715805	1.01739166264	0.654665891735	0.70630679072	1.82573838569	0.683728177864	0.555262087965	0.825775558241	0.789003349444	1.41384869985	0.898000956984	0.669744847753	0.613332846786	0.865443987434	0.821388608023	1.03083264862	0.0	0.846681072982	0.665728820686	0.605762315128	0.578564596423	0.74823319478	0.690352353794	0.838872189464	0.822617742871	1.06096744321	0.883004519091	0.948650521991	0.656455074915	0.832117626873	0.647975698405	0.680204949251	1.20064019816	1.10619320445	0.636606674722	1.09515836153	1.04419014983	1.11705926535	1.05452156597	0.957274335428	0.95460218463	1.21511757371	1.1417139681	0.850802358627	0.891925287579	0.948555316578	0.809117704205	0.680698840019	1.05545752054	0.662708487192	0.963356868052	0.739256631223	1.05858137264
AF7	0.841042551957	0.697755833736	2.43593274529	1.15100147414	1.05982032866	0.559520840986	1.24107543258	0.426848250362	0.384604403093	0.876312102465	0.442079144514	0.88340557274	0.569237820203	2.09162661189	0.775170024166	0.760851880135	0.353421058482	0.351502034799	1.8720459449	1.28915509908	0.963543030449	0.560203431609	0.35215661189	0.349252532624	1.82463510391	0.846681072982	0.0	0.292583620106	0.69069102465	0.818684838086	0.706902764621	0.610106573224	0.418283760271	0.441006433059	1.13603546641	0.922766481392	0.514971846303	0.793447767037	0.536333972934	0.88554022233	0.659431764137	1.44957253262	1.34108762687	0.802751923635	0.761033827936	0.638594673755	1.16475470275	0.939186679555	1.07140265829	0.989062754954	0.962145123248	1.06941941034	0.735947510875	0.768306573224	0.756919424843	0.726922566457	0.59706699855	1.02979918318	0.675939652006	0.929340782987	0.495513334944	0.931169801837
AF8	0.652816466892	0.645211333978	2.31619762204	1.01001692605	1.0181581682	0.553617820203	1.08383516675	0.432945345578	0.482440173997	0.73107702755	0.622398608023	0.84000038666	0.579995495408	1.96898980667	0.738969207347	0.616177829869	0.445226041566	0.398173600773	1.69005454326	1.11160277912	0.773930304495	0.373618951184	0.454080454326	0.45148898985	1.6346919768	0.665728820686	0.292583620106	0.0	0.539149047849	0.662549743838	0.619678052199	0.48947882552	0.461679927501	0.459833175447	1.12146196713	0.905030517158	0.623751822136	0.736074422426	0.556917080715	0.794427573707	0.61862781537	1.32088089899	1.21283855486	0.749551145481	0.819191048816	0.737106268729	1.17709579024	0.964865969067	1.03201879652	0.982991710971	0.995921657806	1.09549258096	0.732082740454	0.778991391977	0.784286563557	0.729807143548	0.522104615756	1.04158673755	0.566410792653	0.921297559207	0.473063750604	0.946577037216
AG7	0.715801416143	0.654925050749	1.91374286129	0.648266157564	0.906274833253	0.693317259546	0.884842416626	0.583979603673	0.671903547608	0.633914407927	0.831519188014	0.786047037216	0.686921391977	1.5781962059	0.682277955534	0.690941377477	0.765711928468	0.745226273562	1.36252290478	0.775052542291	0.572583634606	0.499325108748	0.686344069599	0.676952924118	1.36556405027	0.605762315128	0.69069102465	0.539149047849	0.0	0.238504156597	0.800828898018	0.68772582407	0.620824403093	0.683429975834	1.23487546158	0.968684456259	0.916729782504	0.525113813436	0.817893368777	0.829419850169	0.72739481392	0.997026766554	0.881461541808	0.545960840986	1.06676356694	0.98874961334	1.32525703722	1.12548465442	1.16053842919	1.11923102465	1.26077792653	1.24040513775	0.919695741904	0.966236486225	1.0051080522	0.890381266312	0.683689816336	1.19506168197	0.717874224263	1.06498242146	0.70896757854	1.12182660706
AG8	0.691248385694	0.666596979217	1.83823272112	0.59051582407	0.907975074915	0.77702242146	0.780663827936	0.711188061866	0.846611677139	0.610082382794	0.978493185114	0.779571889802	0.783417718705	1.49432680039	0.689832029966	0.675754572257	0.891993397777	0.854521923635	1.21273688255	0.659600053166	0.537020212663	0.571228888352	0.832098192363	0.814166447559	1.31366156597	0.578564596423	0.818684838086	0.662549743838	0.238504156597	0.0	0.86659221363	0.774736031899	0.779477375544	0.774376027066	1.21318571774	0.982149656839	1.02588431126	0.479361295312	0.891293881102	0.805167535041	0.78984261479	0.937605877235	0.836446665056	0.521505683905	1.12441762204	1.06154308845	1.31920053649	1.22467516191	1.15509602223	1.16796451909	1.36807359594	1.31053317061	0.993792029966	1.03172778637	1.0842862639	0.955306109232	0.756816689222	1.21048360561	0.768332426293	1.1443020638	0.802964156597	1.21898936201
AH7	0.771297293378	0.877246979217	2.46356054616	1.2408741566	1.19708983084	0.799303479942	1.18127049299	0.782869478009	0.871371208313	0.940752092798	0.841500874819	1.03436888835	0.824400488159	2.13828743354	0.999762155631	0.785937854036	0.651176727888	0.589101029483	1.72456227163	1.26718361527	0.858927970034	0.622975137748	0.729840526825	0.723298255196	1.56739242629	0.74823319478	0.706902764621	0.619678052199	0.800828898018	0.86659221363	0.0	0.258448883519	0.868445316578	0.860835741904	1.14292265829	1.00662244079	0.801848105365	0.971652609957	0.757915268246	0.952632672789	0.811578666022	1.50234708072	1.41282894152	0.973568791687	0.937949932334	0.894508245529	1.26228295795	1.05366453359	1.15768319961	1.01650706622	1.14988366361	1.17314666022	0.820159835669	0.831645964234	0.842282460126	0.769434910585	0.765174809087	1.1372182552	0.776753958434	0.967928110198	0.705872919285	1.0429901015
AH8	0.645383885935	0.752637283712	2.44758768971	1.15308326245	1.07465064282	0.672419217013	1.11038921701	0.65980579507	0.750362692122	0.842693127115	0.775785002417	0.931079038183	0.685026732721	2.09900122765	0.870053861769	0.634065248913	0.502388405027	0.436310570324	1.67524452392	1.21280983084	0.757825843403	0.466967984534	0.635700420493	0.61831459159	1.54481101498	0.690352353794	0.610106573224	0.48947882552	0.68772582407	0.774736031899	0.258448883519	0.0	0.730203750604	0.693226964717	1.10909287579	0.937082276462	0.744972957951	0.883927448043	0.637565311745	0.843629241179	0.683809231513	1.44889839053	1.35136113098	0.879477897535	0.8664619768	0.801810120831	1.16066241663	0.963407694538	1.06527819236	0.922095853069	1.0682262059	1.07860066699	0.682220425326	0.726316500725	0.737217443209	0.654919540841	0.610924088932	1.03154608507	0.631252750121	0.874767501208	0.563072039633	0.948100106332
AA5	0.848040154664	0.631153765104	2.28907607057	1.03672890768	0.999956027066	0.503440695988	1.18947254229	0.300903407443	0.263880420493	0.815703547608	0.492688530691	0.805378632189	0.578044896085	1.9480897245	0.680086486225	0.75934699855	0.459544093765	0.463231759304	1.84434053166	1.27232105365	0.885755867569	0.594139110681	0.445907196713	0.465241715805	1.81128888835	0.838872189464	0.418283760271	0.461679927501	0.620824403093	0.779477375544	0.868445316578	0.730203750604	0.0	0.245174253262	1.19273925568	0.918785650072	0.621431053649	0.646386172064	0.615515741904	0.822781691638	0.640603441276	1.25902304012	1.14856230063	0.665556263896	0.818278864186	0.639238733688	1.27985912035	1.0528541421	1.09344301595	1.06661546641	1.09852881585	1.19934212663	0.820363547608	0.875128090865	0.841986993717	0.830811527308	0.585304436926	1.14915075399	0.662514441759	1.00011283712	0.576593160947	1.04547138714
AA6	0.80408081682	0.611454494925	2.36691185114	1.06665883035	0.975159840503	0.410520343161	1.13317090382	0.31285621073	0.317381304978	0.77306457709	0.488846892218	0.765289685839	0.515102580957	2.01574311745	0.682407883035	0.710998525858	0.504505326245	0.477034557757	1.86116521508	1.27877346061	0.864336027066	0.57042419043	0.497762832286	0.497144514258	1.80262215563	0.822617742871	0.441006433059	0.459833175447	0.683429975834	0.774376027066	0.860835741904	0.693226964717	0.245174253262	0.0	1.06759850652	0.817896065732	0.556359671339	0.62909142581	0.499641150314	0.77928258579	0.535023726438	1.32089842436	1.21409339294	0.649250913485	0.629060260996	0.478260855486	1.17957845819	0.959275964234	0.975003571774	0.945408298695	1.00204534074	1.09456880135	0.710684847753	0.77936161914	0.765562271629	0.724918182697	0.572494156597	1.04104269696	0.649801068149	0.886966935718	0.476411454809	0.946835355244
AB5	1.06126354761	0.915711657806	2.57568026583	1.37129157564	0.814351696472	0.97590979217	1.20073431126	1.0661838231	1.17327807153	0.948461962301	1.14196959401	0.767397153214	0.987030057999	2.23338160464	0.979974702755	0.973724040599	1.17560383277	1.15282696472	1.87892057032	1.39412897052	1.23928945868	1.10156906718	1.31710199613	1.32967070565	1.705650232	1.06096744321	1.13603546641	1.12146196713	1.23487546158	1.21318571774	1.14292265829	1.10909287579	1.19273925568	1.06759850652	0.0	0.351751391977	0.911244712421	1.02174980667	0.915843629773	0.80496898985	0.849787259546	1.57630832769	1.4925640406	0.936283929435	0.922399366844	0.939209618173	0.817738269696	0.884229028516	0.709645761237	0.740388119865	1.07048682455	0.923325674239	0.768221942968	0.858390565491	0.913638303528	0.856563658772	0.969239023683	0.808154939584	0.965891696472	0.768023586274	0.94805179797	0.901317080715
AB6	0.884537085549	0.669140169164	2.46531147414	1.20849017883	0.703781019816	0.723159047849	1.03910485259	0.801815708072	0.928738840019	0.776903513775	0.942824021266	0.562241266312	0.765026109232	2.11702854036	0.735627699372	0.771624422426	0.996538724021	0.975374673755	1.78143029966	1.23965481392	1.07485831803	0.870494156597	1.11055237313	1.11509739971	1.66935289512	0.883004519091	0.922766481392	0.905030517158	0.968684456259	0.982149656839	1.00662244079	0.937082276462	0.918785650072	0.817896065732	0.351751391977	0.0	0.749917805703	0.784990062832	0.744869076849	0.666946152731	0.621388037699	1.41587315611	1.316170116	0.698259478009	0.768795418076	0.776930231996	0.791463107782	0.717749381344	0.56031962784	0.565013276945	0.902839579507	0.791328482359	0.597361657806	0.702068840019	0.744755244079	0.702404765587	0.735060159497	0.698728255196	0.738881058482	0.578798680522	0.750784533591	0.729870280329
AC5	0.949188849686	0.791892832286	2.64364932818	1.37035302078	0.988137462542	0.600419250846	1.27667301112	0.584517303045	0.566158414693	0.941688018366	0.45661560174	0.810542368294	0.720502638956	2.29920854036	0.899134050266	0.8659959739	0.531301759304	0.498872450459	1.97744246979	1.44335294828	1.14195665539	0.808665070082	0.63983977767	0.659243866602	1.9010079652	0.948650521991	0.514971846303	0.623751822136	0.916729782504	1.02588431126	0.801848105365	0.744972957951	0.621431053649	0.556359671339	0.911244712421	0.749917805703	0.0	0.839840966651	0.454912721121	0.879399569841	0.647348366361	1.62772679555	1.52253192363	0.847174963751	0.516842194297	0.410842025133	1.00178520541	0.757558303528	0.896672861286	0.794604432093	0.774898545191	0.874212078299	0.566920188497	0.586549545674	0.564399091348	0.626850420493	0.733555867569	0.855561198647	0.793487583374	0.740178777187	0.556927298212	0.757876428226
AC6	0.78066457709	0.512991933301	1.97655654906	0.72457300145	0.715685495408	0.674983069116	0.700630613823	0.574193523441	0.738351677139	0.478895432576	0.893497245046	0.586792692122	0.668366283229	1.63238038183	0.525590086999	0.663111092315	0.853973214113	0.840472527791	1.44438009183	0.868201561141	0.740540202997	0.707609913001	0.873474673755	0.875805983567	1.44988973417	0.656455074915	0.793447767037	0.736074422426	0.525113813436	0.479361295312	0.971652609957	0.883927448043	0.646386172064	0.62909142581	1.02174980667	0.784990062832	0.839840966651	0.0	0.773709096182	0.64259818753	0.622294001933	0.837191464476	0.726545234413	0.289739139681	1.01156619623	0.925665282745	1.1418280377	1.05511963751	0.945038129531	0.991907573707	1.20592968101	1.14525542291	0.853086578057	0.904492667956	0.958085693572	0.830326167231	0.64212540841	1.04263242146	0.668994746254	0.966496012566	0.707549782504	1.05461382794
AD6	0.782640159497	0.60192942001	2.5386822813	1.16807864669	0.8603180232	0.428934233929	1.13943912035	0.465368902852	0.575263499275	0.799604499758	0.513869927501	0.695870652489	0.508253407443	2.18595085065	0.722074059932	0.68697520058	0.507334702755	0.491954751087	1.84884902368	1.33637956017	1.00571880135	0.682064751087	0.670056355727	0.690572257129	1.77233879169	0.832117626873	0.536333972934	0.556917080715	0.817893368777	0.891293881102	0.757915268246	0.637565311745	0.615515741904	0.499641150314	0.915843629773	0.744869076849	0.454912721121	0.773709096182	0.0	0.688218429193	0.397435055582	1.51727243113	1.41197097632	0.759617757371	0.624966631223	0.544243823103	0.872475819236	0.647472851619	0.824226297728	0.69509240696	0.713086549058	0.787349961334	0.472460874819	0.473936486225	0.491162078299	0.458477564041	0.532872155631	0.739104243596	0.587933634606	0.641799347511	0.336683025616	0.643902440793
AE5	0.604534132431	0.484544330594	2.31919113098	0.97943359594	0.658879371677	0.738124446593	0.831925002417	0.706203987434	0.902664016433	0.552776462059	0.989040236829	0.56162242146	0.68862217013	1.96731966167	0.575219623006	0.483861449976	0.892465911068	0.872995848236	1.48149770904	1.03014914451	0.930128463026	0.796899681005	1.02237628323	1.02847114065	1.39236222813	0.647975698405	0.88554022233	0.794427573707	0.829419850169	0.805167535041	0.952632672789	0.843629241179	0.822781691638	0.77928258579	0.80496898985	0.666946152731	0.879399569841	0.64259818753	0.688218429193	0.0	0.385652518125	1.22865095698	1.13117594973	0.551493634606	1.0382800725	1.02028962784	0.889962039633	0.860669714838	0.769927433543	0.726505654906	1.04087653939	0.932539739004	0.636617351377	0.697010198163	0.788309739004	0.612261329145	0.526562967617	0.8232079797	0.523850352827	0.744192431126	0.646088472692	0.873052914451
AE6	0.609123131948	0.402277022716	2.40705563557	1.04598614306	0.717606070565	0.477020067666	0.950673586274	0.492346761721	0.637817858869	0.61912840986	0.724164847753	0.579987747704	0.471065369744	2.0545838666	0.539798260029	0.484992518125	0.65352239246	0.637484548091	1.63467460609	1.15208004833	0.927441213146	0.656984523925	0.821604316095	0.823905331078	1.57368698405	0.680204949251	0.659431764137	0.61862781537	0.72739481392	0.78984261479	0.811578666022	0.683809231513	0.640603441276	0.535023726438	0.849787259546	0.621388037699	0.647348366361	0.622294001933	0.397435055582	0.385652518125	0.0	1.33753297728	1.2360298115	0.580073866602	0.811031614306	0.769585384244	0.865826205897	0.689981923635	0.717524359594	0.617106341228	0.844573591107	0.78609939101	0.459779275012	0.485856781054	0.542487467376	0.420911266312	0.382913968101	0.730112203963	0.399738057032	0.58020882552	0.411710744321	0.6936559884
AF5	1.26788344611	1.17623321895	1.32235332044	0.624965103915	1.17707203963	1.37893525858	0.84500638956	1.26450694055	1.34544025133	1.03600750604	1.55189039149	1.18276358627	1.33011182214	0.983593479942	1.09587520058	1.24298535041	1.49384351861	1.50469781537	0.980962711455	0.693993837603	1.16554191397	1.26222179314	1.42779342678	1.40269466409	1.4416060029	1.20064019816	1.44957253262	1.32088089899	0.997026766554	0.937605877235	1.50234708072	1.44889839053	1.25902304012	1.32089842436	1.57630832769	1.41587315611	1.62772679555	0.837191464476	1.51727243113	1.22865095698	1.33753297728	0.0	0.17006858869	0.954531512808	1.74370074432	1.64062460609	1.71887271629	1.66609250362	1.56586775737	1.62104883035	1.81059576124	1.75663661189	1.54275491058	1.59648737071	1.64696566457	1.53329486709	1.28731450459	1.66373857902	1.28593043499	1.60262364911	1.41601089415	1.66409493958
AF6	1.19350560657	1.06997303045	1.39675711455	0.532956370227	1.08602753021	1.27502316095	0.796899260512	1.15549090865	1.2412918753	0.929663885935	1.44215413726	1.0906542726	1.23025098598	1.06322446593	0.995710575157	1.14597084582	1.38964515708	1.40164652006	0.999006911551	0.627270681489	1.10780713871	1.15297147414	1.3262662204	1.30921442726	1.44353280329	1.10619320445	1.34108762687	1.21283855486	0.881461541808	0.836446665056	1.41282894152	1.35136113098	1.14856230063	1.21409339294	1.4925640406	1.316170116	1.52253192363	0.726545234413	1.41197097632	1.13117594973	1.2360298115	0.17006858869	0.0	0.849350908652	1.63997081199	1.53694669889	1.62666220396	1.56641483809	1.47807922668	1.53177205413	1.71132185597	1.66155585307	1.44049722571	1.4935220203	1.53842969067	1.43053983084	1.18018844853	1.56671506525	1.17896791687	1.50766473659	1.31333495892	1.5621700145
AG5	0.744540720155	0.457117278879	2.07199676172	0.766748980184	0.617442015466	0.630600565491	0.723832634123	0.560598153697	0.726544504592	0.480669149348	0.870229202513	0.484769840503	0.608381556307	1.72441817786	0.464496882552	0.62407237796	0.850302938618	0.826860618656	1.48568927501	0.911059115515	0.732125442243	0.716257781537	0.92464337361	0.914806350894	1.41772616723	0.636606674722	0.802751923635	0.749551145481	0.545960840986	0.521505683905	0.973568791687	0.879477897535	0.665556263896	0.649250913485	0.936283929435	0.698259478009	0.847174963751	0.289739139681	0.759617757371	0.551493634606	0.580073866602	0.954531512808	0.849350908652	0.0	0.976484407927	0.91550742871	1.05640722571	0.988103078782	0.862271546641	0.890916679555	1.14830026583	1.0656060754	0.757630927985	0.830520362494	0.906558598357	0.737142068632	0.624332687289	0.962115128081	0.631346974384	0.882059038183	0.670588448526	0.991754156597
