	AA3	AA4	AB3	AB4	AC3	AC4	AD3	AD4	AE3	AE4	AF3	AF4	AG3	AG4	AH3	AH4	AA7	AA8	AB7	AB8	AC7	AC8	AD7	AD8	AE7	AE8	AF7	AF8	AG7	AG8	AH7	AH8	AA5	AA6	AB5	AB6	AC5	AC6	AD6	AE5	AE6	AF5	AF6	AG5	AH5	AH6	AA1	AA2	AB1	AB2	AC1	AC2	AD1	AD2	AE1	AE2	AF1	AF2	AG1	AG2	AH1	AH2
AA3	0.0	0.526151686805	2.2941459739	0.981121246979	0.889097931368	0.716111005317	0.952855949734	0.760346205897	0.848717559207	0.673680362494	0.928890101498	0.741098313195	0.698090618656	1.94105265346	0.77907560174	0.274601686805	0.72215858869	0.721681638473	1.46357645239	1.08713756404	0.835662131464	0.664236742388	0.843679250846	0.793311512808	1.40666877235	0.635343847269	0.706625819236	0.624893098115	0.709011918801	0.686737588207	0.722073233446	0.645884659256	0.820935712905	0.793632696955	1.1032438376	0.906394523925	0.8809339826	0.768865727405	0.72139777187	0.593803175447	0.58957702755	1.31566054616	1.21917407443	0.709898356694	1.08637267762	1.01073709522	0.977401532141	0.900054045433	0.9132320058	0.836931677139	1.03057759787	0.931173813436	0.617507085549	0.643980976317	0.743258032866	0.632172373127	0.506313769937	0.890461391977	0.520419023683	0.849697936201	0.601603977767	0.910000831319
AA4	0.526151686805	0.0	2.25368019333	0.888622252296	0.71066237796	0.508419202513	0.914549656839	0.481126689222	0.627567573707	0.579002798453	0.770709840503	0.470388869019	0.403649333011	1.89858942484	0.324692924118	0.345682141131	0.621229560174	0.61403520058	1.57359481875	1.11097981634	0.850760720155	0.612644465926	0.815135606573	0.754093146448	1.52799949251	0.658166147898	0.623954915418	0.583752721121	0.614108699855	0.684414707588	0.835934857419	0.672238666022	0.578308946351	0.582046007733	0.957862474625	0.726510270662	0.728827187047	0.552233325278	0.567801880135	0.568600739488	0.415821145481	1.23110128081	1.11836112131	0.501360811986	0.935409052682	0.846197230546	0.964079705172	0.797104446593	0.757515911068	0.758731019816	0.945358177864	0.875492759787	0.588285857902	0.580335862736	0.673301522475	0.595512141131	0.380164113098	0.867131802803	0.374481362977	0.744864741421	0.441304480425	0.796855862736
AB3	2.2941459739	2.25368019333	0.0	1.49043059449	2.18676730788	2.37934538908	1.91341286612	2.28260200097	2.34732266312	2.10373928951	2.52932310295	2.27759463992	2.32028532141	0.394601759304	2.14838268729	2.25714846303	2.46125050749	2.48727569357	1.19267213146	1.46024935718	1.98073152731	2.21692762687	2.43172996133	2.39012688255	1.90408999033	2.13096189464	2.34781464476	2.30116221363	1.88634514258	1.81540870469	2.44622938618	2.42463544708	2.26715076365	2.3845217738	2.53362464959	2.48311376994	2.6112917303	1.9730980812	2.52664811503	2.27097326728	2.41882878202	1.28539016433	1.37947426776	2.06281208313	2.74619091832	2.65936161914	2.66007186564	2.68479878202	2.48889193813	2.59619049783	2.77746778637	2.71387666506	2.54898004833	2.58178615756	2.63215753987	2.58082563557	2.28572023683	2.66681679072	2.29944451426	2.64161641856	2.37128526341	2.67462932818
AB4	0.981121246979	0.888622252296	1.49043059449	0.0	0.897355640406	1.00475509425	0.784743305945	0.992716278395	1.12374261479	0.788298139198	1.22065333011	0.919183562107	0.855397133881	1.12619914935	0.82500141131	0.883478748188	1.1199698115	1.15360415176	1.01000366361	0.541842271629	0.897821087482	0.918421391977	1.17387461092	1.11935794103	1.2610381102	0.856948390527	1.06397648139	1.00351850169	0.596570468826	0.569600410826	1.23729307878	1.12660166264	1.05798038183	1.11990743838	1.33821159981	1.22056371677	1.3321139246	0.708219656839	1.16576068149	0.924909284679	1.06764289512	0.653738786854	0.562626718221	0.755169308845	1.47062883035	1.39742097148	1.41280403577	1.37386096665	1.23630203963	1.30623438376	1.52018784437	1.44311884002	1.21970558724	1.23044737554	1.3143439681	1.24028660222	0.965988192363	1.39534471725	0.981210101498	1.32809267762	1.03034907202	1.37463933301
AC3	0.889097931368	0.71066237796	2.18676730788	0.897355640406	0.0	0.76875780087	0.843138878685	0.902379826003	1.0080962059	0.695045717738	1.08004926051	0.363604103432	0.853272445626	1.84175962301	0.660372711455	0.744398158531	1.02840512325	0.999481377477	1.43381883035	1.04278146931	1.06983273562	1.04457189947	1.29813144031	1.23629394877	1.28832620106	0.839979159014	1.10560874819	1.05110130498	0.935358511358	0.892280758821	1.19421854036	1.06183162881	1.01183202997	1.00069265829	0.827376027066	0.768679540841	1.01402507008	0.749517114548	0.859270889319	0.648584238763	0.735224258096	1.19117073465	1.0899517738	0.631645683905	1.22468236346	1.16098436443	0.878928443693	0.948181720638	0.712238492025	0.808758714355	1.0994218028	0.969343566941	0.750025345578	0.81192478492	0.901245224746	0.799765248913	0.823429826003	0.890545413243	0.784618289029	0.90070181247	0.879432068632	0.931981942968
AC4	0.716111005317	0.508419202513	2.37934538908	1.00475509425	0.76875780087	0.0	1.12098522475	0.386921967134	0.449256703722	0.754811300145	0.391911353311	0.486035843403	0.44607217013	2.02897547124	0.645008965684	0.644655911068	0.565730318995	0.516589589174	1.79200856936	1.30332825036	0.901589444176	0.571929236346	0.690185848236	0.63754980667	1.69309436443	0.795152503625	0.565348472692	0.524007274045	0.672570753987	0.787706080232	0.810166645723	0.627886568391	0.494180289995	0.393528661189	0.980809043016	0.746051512808	0.541740483325	0.63096658289	0.400249492508	0.756516616723	0.456498791687	1.36754324795	1.26265958917	0.606766239729	0.725600019333	0.62936962784	1.02964302562	0.832774117931	0.818353692605	0.799173653939	0.900518366361	0.952684944418	0.581804586757	0.600689062349	0.690839478009	0.643857008217	0.609058869019	0.940396244563	0.589442817786	0.737053426776	0.419960396327	0.814709652006
AD3	0.952855949734	0.914549656839	1.91341286612	0.784743305945	0.843138878685	1.12098522475	0.0	1.0507340261	1.29998199613	0.435280807153	1.39127391977	0.940341367811	1.07368850169	1.56189293378	0.839424997583	0.880861793137	1.23765951667	1.23234480909	1.29858050266	0.838710082165	0.896872271629	1.01113163847	1.31593632189	1.25664229096	1.20765952151	0.840623122281	1.17886760754	1.10191165781	0.891890865152	0.762980033833	1.1799860319	1.11338272595	1.20092808603	1.18457107298	1.17628903818	1.07561510391	1.25911397293	0.725928414693	1.17004995167	0.810673267279	0.999445959401	0.816660720155	0.761905906235	0.715170236829	1.44095490092	1.37457845819	1.33851732721	1.36683063316	1.0942961044	1.18514595457	1.49496421943	1.40075039149	1.14753465442	1.18943733204	1.27245028033	1.17125846303	0.951684016433	1.31359617206	0.970644253262	1.24805763654	1.10656502175	1.32954029
AD4	0.760346205897	0.481126689222	2.28260200097	0.992716278395	0.902379826003	0.386921967134	1.0507340261	0.0	0.285403649106	0.669010792653	0.490953687772	0.634185514741	0.511987158047	1.93297852102	0.598669463509	0.657992290962	0.524452933784	0.471739154181	1.79860928951	1.31494536491	0.867355113581	0.533950778154	0.55836338811	0.498013165781	1.76100651039	0.836316529725	0.460038772354	0.434054780087	0.585910439826	0.768726326728	0.798358695022	0.616087665539	0.297946713388	0.333531295312	1.11579130981	0.874619202513	0.547351072982	0.563997046883	0.474834156597	0.786082672789	0.546259328178	1.26051399227	1.15382514258	0.606362522958	0.73437699855	0.627760546158	1.16193613823	0.945850710488	0.964997486709	0.961137960367	0.980758255196	1.07843748671	0.724526312228	0.694725364911	0.761504441759	0.750342029966	0.580863755437	1.07159165781	0.582998163364	0.88529539391	0.471335761237	0.933787172547
AE3	0.848717559207	0.627567573707	2.34732266312	1.12374261479	1.0080962059	0.449256703722	1.29998199613	0.285403649106	0.0	0.908001836636	0.351793073949	0.745210304495	0.590010758821	2.01061955051	0.72063699855	0.787445732238	0.513547351377	0.478491677139	1.95003662156	1.47064726438	0.984195940068	0.647831343644	0.478248400193	0.442049139681	1.91354443693	0.993855819236	0.474497056549	0.492903156114	0.722308569357	0.916937409377	0.898960391493	0.704191169647	0.277743972934	0.312207085549	1.19161527791	0.963467762204	0.527647597873	0.743067955534	0.536842252296	0.979503296278	0.644294596423	1.36126235863	1.28642066216	0.78868897535	0.747623247946	0.613288564524	1.21933249879	0.998831014983	1.049989913	1.02138279845	1.0287319768	1.1354162349	0.782407138714	0.756638864186	0.809812595457	0.818443958434	0.717390797487	1.13736978734	0.716302363461	0.951119149348	0.560289850169	0.9993480087
AE4	0.673680362494	0.579002798453	2.10373928951	0.788298139198	0.695045717738	0.754811300145	0.435280807153	0.669010792653	0.908001836636	0.0	1.01863990817	0.637596239729	0.738176307395	1.75151550024	0.562906752054	0.57723020783	0.861852310295	0.857087597873	1.46318726438	0.990558690188	0.71040257129	0.67831860319	0.947711851136	0.890986858386	1.32880991783	0.566853856936	0.804589217013	0.722775094248	0.58321882552	0.566833658772	0.902116959884	0.767050666989	0.818196549058	0.819295176414	0.992537762204	0.848305538908	0.902421420976	0.471556684389	0.813129937168	0.572526747221	0.667634538424	1.01944712421	0.911572967617	0.429435983567	1.10597346544	1.03444947318	1.08377713871	1.09352279845	0.864480381827	0.940821580474	1.24203559207	1.13805746254	0.859426384727	0.850242257129	0.954845828903	0.863212503625	0.625908119865	1.05350088449	0.649400091832	0.991105935234	0.746504291928	1.07321724021
AF3	0.928890101498	0.770709840503	2.52932310295	1.22065333011	1.08004926051	0.391911353311	1.39127391977	0.490953687772	0.351793073949	1.01863990817	0.0	0.794173663606	0.665660662156	2.18205919768	0.89430118898	0.895709787337	0.500319362011	0.469182131464	2.03642242629	1.54935695505	1.05572579507	0.749699052682	0.460955799903	0.430398124698	1.97814488642	1.06363823103	0.542245181247	0.595680599323	0.839078492025	1.00060079749	0.847686234896	0.709266254229	0.483398506525	0.427818583857	1.16198252296	0.967214920251	0.436518245529	0.852881068149	0.453440826486	1.03709313195	0.676337617206	1.54324033349	1.45002680522	0.889395853069	0.657186761721	0.533824615756	1.1796821508	0.959865857902	1.09028925085	1.00605743838	1.00004993233	1.0687720638	0.740788226196	0.692824562591	0.774689458676	0.742679178347	0.846986297728	1.06575097148	0.841530507492	0.900740062832	0.590660004833	0.951774035766
AF4	0.741098313195	0.470388869019	2.27759463992	0.919183562107	0.363604103432	0.486035843403	0.940341367811	0.634185514741	0.745210304495	0.637596239729	0.794173663606	0.0	0.590491686805	1.92841107298	0.514789671339	0.561714403093	0.813442537458	0.782672266796	1.60095327695	1.12596190913	0.929506505558	0.807489816336	1.04119366844	0.98398640406	1.46598376027	0.706792899952	0.861649990333	0.812122914451	0.761368753021	0.758686950217	1.01626694538	0.872214185597	0.749420850652	0.74199560174	0.809813218946	0.595708206863	0.761136152731	0.621929337844	0.646866447559	0.589783344611	0.551757486709	1.24891246979	1.14958615273	0.522141889802	0.961900531658	0.887726495892	0.834771628806	0.77610942001	0.620829246013	0.686859308845	0.933066312228	0.847335277912	0.579709671339	0.631925514741	0.714013591107	0.638865108748	0.628998414693	0.772780768487	0.59672081682	0.734103064282	0.645114809087	0.755243455776
AG3	0.698090618656	0.403649333011	2.32028532141	0.855397133881	0.853272445626	0.44607217013	1.07368850169	0.511987158047	0.590010758821	0.738176307395	0.665660662156	0.590491686805	0.0	1.95692279845	0.498297375544	0.577466215563	0.570483397777	0.555267520541	1.74149075399	1.26130529241	0.891296752054	0.608153499275	0.741973107782	0.697792909618	1.62401150314	0.758967332044	0.594036466892	0.577101387144	0.667832696955	0.746175949734	0.84431298695	0.672087419043	0.578862010633	0.525328728855	1.01273530691	0.801603537941	0.720585877235	0.620379033349	0.559495611406	0.737219265346	0.474382919285	1.31568842919	1.21272974867	0.603668318028	0.871329231513	0.792198753021	1.00898864186	0.813093750604	0.849575944901	0.813622547124	0.969139623006	0.926698487192	0.595635741904	0.600114707588	0.725781942968	0.624138960851	0.493834528758	0.935468762687	0.486643755437	0.767329337844	0.411330275495	0.808038506525
AG4	1.94105265346	1.89858942484	0.394601759304	1.12619914935	1.84175962301	2.02897547124	1.56189293378	1.93297852102	2.01061955051	1.75151550024	2.18205919768	1.92841107298	1.95692279845	0.0	1.80400628323	1.90046167714	2.12025665539	2.14422967134	0.926162919285	1.11590438859	1.63622063316	1.86913953601	2.08991130498	2.04679057516	1.63674017883	1.79169179314	2.00824624456	1.95244652489	1.53841835669	1.46160872402	2.11938501692	2.07765623973	1.93302764137	2.03429647656	2.19399546641	2.13484343644	2.26162571774	1.62887428226	2.17752787337	1.91813988884	2.06260669406	0.954304934751	1.03588832286	1.71121591107	2.39707028033	2.30746214113	2.30726231513	2.33403343644	2.13737899468	2.24345443209	2.43052962301	2.3641977477	2.19894358627	2.23170722088	2.2910559159	2.23008529725	1.93932239246	2.31613316578	1.95506596423	2.28990703238	2.02152966167	2.3252442146
AH3	0.77907560174	0.324692924118	2.14838268729	0.82500141131	0.660372711455	0.645008965684	0.839424997583	0.598669463509	0.72063699855	0.562906752054	0.89430118898	0.514789671339	0.498297375544	1.80400628323	0.0	0.557815606573	0.791674306428	0.773909574674	1.55437375544	1.10197645239	0.853809478009	0.758049144514	0.94692161914	0.899778385694	1.47322589174	0.759607568874	0.781389067182	0.758554925085	0.669788158531	0.683627042049	1.023660174	0.862568467859	0.675653025616	0.69622258579	1.00793202513	0.801528211696	0.879821841469	0.500551353311	0.738102015466	0.663396031899	0.599794707588	1.09605786854	0.990737921701	0.467404514258	1.06342781537	0.977800053166	1.02922265346	0.912169434509	0.807856442726	0.849991561141	1.05505259062	0.995989270179	0.776774973417	0.756464456259	0.845560710488	0.778632663122	0.58295022233	0.942406099565	0.563385915901	0.872403020783	0.643836602223	0.915531773804
AH4	0.274601686805	0.345682141131	2.25714846303	0.883478748188	0.744398158531	0.644655911068	0.880861793137	0.657992290962	0.787445732238	0.57723020783	0.895709787337	0.561714403093	0.577466215563	1.90046167714	0.557815606573	0.0	0.670240024166	0.678283798937	1.45678155147	1.05127038666	0.809803769937	0.635377230546	0.842132875785	0.780717810536	1.39153240213	0.595735094248	0.674321503142	0.610404780087	0.670952474625	0.66047977767	0.79343442726	0.64422762204	0.741276916385	0.726765751571	1.00268507975	0.791197970034	0.832106843886	0.649212498792	0.662175369744	0.482998463026	0.516951532141	1.25562278395	1.14638735138	0.569072464959	1.03734360561	0.960025770904	0.928097960367	0.852184847753	0.787547187047	0.751763049782	0.998716288062	0.895152590623	0.605402295795	0.620088985017	0.723839371677	0.614318100532	0.389461179314	0.843971517641	0.390502653456	0.782216355727	0.531693436443	0.842837733204
AA7	0.72215858869	0.621229560174	2.46125050749	1.1199698115	1.02840512325	0.565730318995	1.23765951667	0.524452933784	0.513547351377	0.861852310295	0.500319362011	0.813442537458	0.570483397777	2.12025665539	0.791674306428	0.670240024166	0.0	0.156673702272	1.80661125181	1.3499360174	0.981148192363	0.617603170614	0.452798970517	0.438587269212	1.75703286129	0.867113243113	0.351330033833	0.398755002417	0.747319043016	0.871684654422	0.643901256646	0.409623847269	0.498375219913	0.493346162397	1.22435532141	1.03618043983	0.544232368294	0.82657699855	0.487053779604	0.902543301112	0.665983639439	1.47343532624	1.37391945868	0.84977817303	0.797999811503	0.691554755921	1.13923988884	0.916855137748	1.09198511358	1.01318546158	0.952238351861	1.02010495892	0.707944243596	0.653453378444	0.73484078782	0.701565867569	0.534235161914	1.0172442726	0.552917892702	0.92386961334	0.450744238763	0.920969366844
AA8	0.721681638473	0.61403520058	2.48727569357	1.15360415176	0.999481377477	0.516589589174	1.23234480909	0.471739154181	0.478491677139	0.857087597873	0.469182131464	0.782672266796	0.555267520541	2.14422967134	0.773909574674	0.678283798937	0.156673702272	0.0	1.82585101498	1.35578750604	0.938048661189	0.583625553407	0.444171048816	0.423855364911	1.7473218753	0.851178303528	0.350903407443	0.371027602707	0.753611643306	0.872611696472	0.61406842436	0.375379192847	0.465216491058	0.449756442726	1.17958558241	0.995414461092	0.475146534558	0.805922464959	0.455591764137	0.886752034799	0.642159130014	1.50252092798	1.40016073949	0.796791855969	0.736246147898	0.633149647173	1.1095421363	0.881668598357	1.05873243596	0.967095306912	0.917050497825	0.989647312711	0.671746326728	0.610083484775	0.700846969551	0.652832339294	0.58043460609	0.991774871919	0.563151865636	0.872507704205	0.406082155631	0.882751536974
AB7	1.46357645239	1.57359481875	1.19267213146	1.01000366361	1.43381883035	1.79200856936	1.29858050266	1.79860928951	1.95003662156	1.46318726438	2.03642242629	1.60095327695	1.74149075399	0.926162919285	1.55437375544	1.45678155147	1.80661125181	1.82585101498	0.0	0.539258182697	1.5015562639	1.64463900435	1.9470219188	1.88061576607	1.08285656356	1.38604074432	1.77977855002	1.7025938811	1.35531094248	1.18968061382	1.71145768971	1.6991321218	1.84384384244	1.89329110198	1.86868850652	1.81387269696	1.96720116481	1.46618384244	1.86785049299	1.4635558579	1.67933996617	0.991765360077	0.958378772354	1.46451768004	2.15606942001	2.10682146448	1.90044909135	1.94866983084	1.76847259546	1.83418126631	2.07000891735	1.96176463992	1.79170470759	1.8115477912	1.86894358144	1.80409639439	1.58928971	1.90976517158	1.59543138714	1.88283280329	1.73738527308	1.94402550991
AB8	1.08713756404	1.11097981634	1.46024935718	0.541842271629	1.04278146931	1.30332825036	0.838710082165	1.31494536491	1.47064726438	0.990558690188	1.54935695505	1.12596190913	1.26130529241	1.11590438859	1.10197645239	1.05127038666	1.3499360174	1.35578750604	0.539258182697	0.0	1.02387029966	1.15197207347	1.45953051232	1.39211284679	1.11002363944	0.930219980667	1.30248608023	1.21671202513	0.851836742388	0.701601696472	1.28449967134	1.25315175447	1.36346861769	1.40445138231	1.45698221363	1.36177317061	1.49591144998	0.987710976317	1.39508193813	1.04972113581	1.24473633156	0.722244925085	0.659725074915	0.98481842436	1.68959797487	1.62225643789	1.55974066216	1.54906311261	1.36287406477	1.4276778637	1.67904401643	1.59044407927	1.39931260512	1.40448033833	1.46888325278	1.40867351377	1.15229768487	1.54089357177	1.16716100532	1.47064317545	1.25501786854	1.5424722958
AC7	0.835662131464	0.850760720155	1.98073152731	0.897821087482	1.06983273562	0.901589444176	0.896872271629	0.867355113581	0.984195940068	0.71040257129	1.05572579507	0.929506505558	0.891296752054	1.63622063316	0.853809478009	0.809803769937	0.981148192363	0.938048661189	1.5015562639	1.02387029966	0.0	0.466451295312	0.971825364911	0.902940188497	1.40382877719	0.691445321411	0.887394601257	0.781037452876	0.568668269696	0.535973494442	0.869889362011	0.818462962784	0.882036781054	0.88625482842	1.26480640406	1.11326685355	1.11398000967	0.737637515708	1.03952211696	0.975794876752	0.968865925568	1.14001967134	1.08956830836	0.706516911551	1.11879760271	1.04830843886	1.45239984534	1.40113047366	1.20428522475	1.25155645723	1.53379741904	1.46133522958	1.08486134848	1.11788167714	1.25548714355	1.13633250362	0.869627858869	1.40978517641	0.887912397293	1.25780762687	0.866219362011	1.39144124215
AC8	0.664236742388	0.612644465926	2.21692762687	0.918421391977	1.04457189947	0.571929236346	1.01113163847	0.533950778154	0.647831343644	0.67831860319	0.749699052682	0.807489816336	0.608153499275	1.86913953601	0.758049144514	0.635377230546	0.617603170614	0.583625553407	1.64463900435	1.15197207347	0.466451295312	0.0	0.623086500725	0.566396974384	1.54784259546	0.662229125181	0.463530217496	0.354762522958	0.479010903818	0.619735326245	0.627981498308	0.477848699855	0.546618641856	0.553082150797	1.13272858386	0.910159134848	0.774690473659	0.657253315611	0.682996524891	0.83981362494	0.679795490575	1.25772746738	1.14660752054	0.673282329628	0.854759009183	0.791009255679	1.29350118415	1.09692987917	1.04541415176	1.02980836153	1.18722189947	1.20240648623	0.798152092798	0.802277651039	0.91688739971	0.853776616723	0.564593914935	1.19326388594	0.605353252779	0.95958502175	0.521031333978	1.07854250362
AD7	0.843679250846	0.815135606573	2.43172996133	1.17387461092	1.29813144031	0.690185848236	1.31593632189	0.55836338811	0.478248400193	0.947711851136	0.460955799903	1.04119366844	0.741973107782	2.08991130498	0.94692161914	0.842132875785	0.452798970517	0.444171048816	1.9470219188	1.45953051232	0.971825364911	0.623086500725	0.0	0.156398506525	1.90705942001	0.950130840986	0.402510125665	0.451447051716	0.722824296762	0.909408622523	0.741853963267	0.578316070565	0.505645558241	0.514042909618	1.37445218463	1.17785736104	0.619425355244	0.872907781537	0.678003557274	1.08803828903	0.850165674239	1.45560956017	1.34830990333	0.943280468826	0.819807056549	0.700543508942	1.37078471725	1.14379651522	1.2947538376	1.22334143548	1.15600525858	1.26520089415	0.946157858869	0.870393499275	0.934964939584	0.932545050749	0.754671300145	1.26966750604	0.789311739971	1.11603234413	0.623608197197	1.13255483325
AD8	0.793311512808	0.754093146448	2.39012688255	1.11935794103	1.23629394877	0.63754980667	1.25664229096	0.498013165781	0.442049139681	0.890986858386	0.430398124698	0.98398640406	0.697792909618	2.04679057516	0.899778385694	0.780717810536	0.438587269212	0.423855364911	1.88061576607	1.39211284679	0.902940188497	0.566396974384	0.156398506525	0.0	1.81475553891	0.857366515225	0.359820425326	0.400364291928	0.660083634606	0.838680662156	0.694863885935	0.522537525375	0.483315625906	0.469980285162	1.33223896568	1.13171884485	0.593013392943	0.815126123731	0.633865621073	1.02431205897	0.792404200097	1.41471935718	1.30687563074	0.880022967617	0.79061956984	0.674084035766	1.3240042001	1.10867249879	1.23943386177	1.16790798453	1.13051425326	1.23205269212	0.892697283712	0.832638472692	0.900370744321	0.89466982117	0.719102817786	1.2290520638	0.757805877235	1.06606061382	0.570816660222	1.09688099565
AE7	1.40666877235	1.52799949251	1.90408999033	1.2610381102	1.28832620106	1.69309436443	1.20765952151	1.76100651039	1.91354443693	1.32880991783	1.97814488642	1.46598376027	1.62401150314	1.63674017883	1.47322589174	1.39153240213	1.75703286129	1.7473218753	1.08285656356	1.11002363944	1.40382877719	1.54784259546	1.90705942001	1.81475553891	0.0	0.97786037216	1.75182457709	1.66787245529	1.36705647656	1.26690223296	1.56839769454	1.58061950217	1.82279445143	1.83865521508	1.69940305945	1.69607510875	1.89220150797	1.4934502465	1.80128064766	1.31744885452	1.63671052682	1.4649817013	1.41482870469	1.39884510875	2.02146999517	1.97348506525	1.69550595457	1.80851084099	1.58898654906	1.66074075882	1.97001905268	1.80726482842	1.64835649589	1.67204489609	1.75651487675	1.65034568874	1.55337133881	1.74192306912	1.55388685839	1.76055636539	1.68119236346	1.80490644273
AE8	0.635343847269	0.658166147898	2.13096189464	0.856948390527	0.839979159014	0.795152503625	0.840623122281	0.836316529725	0.993855819236	0.566853856936	1.06363823103	0.706792899952	0.758967332044	1.79169179314	0.759607568874	0.595735094248	0.867113243113	0.851178303528	1.38604074432	0.930219980667	0.691445321411	0.662229125181	0.950130840986	0.857366515225	0.97786037216	0.0	0.830568100532	0.743381169647	0.63417139681	0.564762730788	0.771288487192	0.713461353311	0.903137269212	0.91310900435	1.10946637023	0.979114649589	0.986165843403	0.73232482842	0.90187979217	0.641680410826	0.783161957467	1.18836551474	1.09345289512	0.660960492992	1.1596038231	1.10476433543	1.16291553891	1.12781491542	0.956564475592	1.00331440309	1.26889071532	1.20386337361	0.901088284195	0.890720860319	1.00877374094	0.920252150797	0.71112717738	1.15978316095	0.733261614306	1.04018326245	0.768037017883	1.13050551957
AF7	0.706625819236	0.623954915418	2.34781464476	1.06397648139	1.10560874819	0.565348472692	1.17886760754	0.460038772354	0.474497056549	0.804589217013	0.542245181247	0.861649990333	0.594036466892	2.00824624456	0.781389067182	0.674321503142	0.351330033833	0.350903407443	1.77977855002	1.30248608023	0.887394601257	0.463530217496	0.402510125665	0.359820425326	1.75182457709	0.830568100532	0.0	0.186463006283	0.631470749154	0.780149893668	0.652137457709	0.48752522958	0.446823301112	0.438513934268	1.19657281779	0.998646471725	0.565046694055	0.753026568391	0.55264081682	0.902497742871	0.661605389077	1.38581508458	1.27822933784	0.793504243596	0.808883020783	0.716351710971	1.21437960851	1.01010414693	1.10413708072	1.04715512808	1.02985120831	1.12382651522	0.783785848236	0.747753929435	0.828235722571	0.813300019333	0.569436437893	1.1176377767	0.592680135331	0.952446684389	0.454871594973	0.995980096665
AF8	0.624893098115	0.583752721121	2.30116221363	1.00351850169	1.05110130498	0.524007274045	1.10191165781	0.434054780087	0.492903156114	0.722775094248	0.595680599323	0.812122914451	0.577101387144	1.95244652489	0.758554925085	0.610404780087	0.398755002417	0.371027602707	1.7025938811	1.21671202513	0.781037452876	0.354762522958	0.451447051716	0.400364291928	1.66787245529	0.743381169647	0.186463006283	0.0	0.565339188014	0.699315577574	0.634494983084	0.43151897535	0.452361348478	0.431698931851	1.15778255196	0.954024876752	0.583291923635	0.701286665056	0.536394900918	0.844223359111	0.621780120831	1.32576830836	1.21637390043	0.728760618656	0.810663871435	0.727321512808	1.19031310295	0.995532257129	1.05490601257	1.01485534074	1.02001485259	1.10190330594	0.750828400193	0.724276752054	0.817790531658	0.782692315128	0.526027776704	1.09322672789	0.565908922185	0.921573576607	0.42121420493	0.979118066699
AG7	0.709011918801	0.614108699855	1.88634514258	0.596570468826	0.935358511358	0.672570753987	0.891890865152	0.585910439826	0.722308569357	0.58321882552	0.839078492025	0.761368753021	0.667832696955	1.53841835669	0.669788158531	0.670952474625	0.747319043016	0.753611643306	1.35531094248	0.851836742388	0.568668269696	0.479010903818	0.722824296762	0.660083634606	1.36705647656	0.63417139681	0.631470749154	0.565339188014	0.0	0.278455645239	0.819118482359	0.705061449976	0.634723059449	0.704506887385	1.24270022233	1.01195738521	0.90711956984	0.463882624456	0.794241367811	0.830512474625	0.741556041566	0.986356292895	0.869981865636	0.516673088449	1.06257028033	0.984487892702	1.31969345094	1.14360639923	1.13275310778	1.12391305945	1.26872354277	1.23563138714	0.914678037699	0.916215862736	1.00698365877	0.946078530691	0.66027	1.22948333494	0.677985374577	1.08838523441	0.67707619623	1.14670560657
AG8	0.686737588207	0.684414707588	1.81540870469	0.569600410826	0.892280758821	0.787706080232	0.762980033833	0.768726326728	0.916937409377	0.566833658772	1.00060079749	0.758686950217	0.746175949734	1.46160872402	0.683627042049	0.66047977767	0.871684654422	0.872611696472	1.18968061382	0.701601696472	0.535973494442	0.619735326245	0.909408622523	0.838680662156	1.26690223296	0.564762730788	0.780149893668	0.699315577574	0.278455645239	0.0	0.886078902852	0.819746268729	0.824270265829	0.857924881585	1.22379974384	1.04882968584	1.04259888835	0.516465084582	0.918295176414	0.798300029	0.81936680522	0.932712247463	0.837692696955	0.511927119381	1.18554326728	1.11681591107	1.30862676655	1.23937300628	1.10342924601	1.16303052199	1.37302628323	1.31453077332	0.997427051716	0.981520739488	1.08590542291	1.01080510875	0.73703277912	1.25834835669	0.762797114548	1.1644117448	0.766799797003	1.24155267762
AH7	0.722073233446	0.835934857419	2.44622938618	1.23729307878	1.19421854036	0.810166645723	1.1799860319	0.798358695022	0.898960391493	0.902116959884	0.847686234896	1.01626694538	0.84431298695	2.11938501692	1.023660174	0.79343442726	0.643901256646	0.61406842436	1.71145768971	1.28449967134	0.869889362011	0.627981498308	0.741853963267	0.694863885935	1.56839769454	0.771288487192	0.652137457709	0.634494983084	0.819118482359	0.886078902852	0.0	0.292041904302	0.8846999855	0.855856689222	1.18527204447	1.03044651039	0.80241179797	0.953279579507	0.774893692605	0.975607129048	0.815423011116	1.50541270662	1.41847412276	0.965014538424	0.965162460126	0.940302324795	1.28094661672	1.07198250362	1.17589568874	1.06785419043	1.15349440793	1.17543309812	0.818991551474	0.794920144998	0.868363136781	0.832390246496	0.764609700338	1.17604226196	0.798410565491	0.98426817303	0.694217172547	1.0766017303
AH8	0.645884659256	0.672238666022	2.42463544708	1.12660166264	1.06183162881	0.627886568391	1.11338272595	0.616087665539	0.704191169647	0.767050666989	0.709266254229	0.872214185597	0.672087419043	2.07765623973	0.862568467859	0.64422762204	0.409623847269	0.375379192847	1.6991321218	1.25315175447	0.818462962784	0.477848699855	0.578316070565	0.522537525375	1.58061950217	0.713461353311	0.48752522958	0.43151897535	0.705061449976	0.819746268729	0.292041904302	0.0	0.687861454809	0.645443939101	1.14926106332	0.953104615756	0.673226462059	0.836955152247	0.603461338811	0.863331923635	0.683940140164	1.44754072015	1.34265770904	0.83548481392	0.840823214113	0.789743310778	1.17140944901	0.968694200097	1.06116231996	0.962310700822	1.01228026583	1.07291216046	0.694959323345	0.681679874335	0.765537646206	0.720325094248	0.598737201547	1.070159913	0.635817245046	0.876722798453	0.514773499275	0.968124436926
AA5	0.820935712905	0.578308946351	2.26715076365	1.05798038183	1.01183202997	0.494180289995	1.20092808603	0.297946713388	0.277743972934	0.818196549058	0.483398506525	0.749420850652	0.578862010633	1.93302764137	0.675653025616	0.741276916385	0.498375219913	0.465216491058	1.84384384244	1.36346861769	0.882036781054	0.546618641856	0.505645558241	0.483315625906	1.82279445143	0.903137269212	0.446823301112	0.452361348478	0.634723059449	0.824270265829	0.8846999855	0.687861454809	0.0	0.26381322378	1.22431999517	0.973633794103	0.618625954567	0.61812359594	0.605873948768	0.879639729338	0.665196926051	1.25377146448	1.16742452876	0.662692861286	0.804075466409	0.674601401643	1.29812200097	1.087930261	1.09331898985	1.08345520058	1.12094019333	1.21053956017	0.836353953601	0.822118061866	0.876576549058	0.876543881102	0.611149076849	1.19901500725	0.608958342194	1.00136817786	0.530902522958	1.07644325278
AA6	0.793632696955	0.582046007733	2.3845217738	1.11990743838	1.00069265829	0.393528661189	1.18457107298	0.333531295312	0.312207085549	0.819295176414	0.427818583857	0.74199560174	0.525328728855	2.03429647656	0.69622258579	0.726765751571	0.493346162397	0.449756442726	1.89329110198	1.40445138231	0.88625482842	0.553082150797	0.514042909618	0.469980285162	1.83865521508	0.91310900435	0.438513934268	0.431698931851	0.704506887385	0.857924881585	0.855856689222	0.645443939101	0.26381322378	0.0	1.08317715321	0.853382435959	0.486431880135	0.635484301595	0.47183181247	0.883121527308	0.540396114065	1.36348926051	1.25507847753	0.688648472692	0.585725703238	0.459795592073	1.16712461092	0.971983794103	0.985396882552	0.935960990817	1.00690494925	1.07879136298	0.699084983084	0.704029139681	0.771581488642	0.747206877719	0.620800966651	1.07256862736	0.627732232963	0.855603528275	0.471368322861	0.954134910585
AB5	1.1032438376	0.957862474625	2.53362464959	1.33821159981	0.827376027066	0.980809043016	1.17628903818	1.11579130981	1.19161527791	0.992537762204	1.16198252296	0.809813218946	1.01273530691	2.19399546641	1.00793202513	1.00268507975	1.22435532141	1.17958558241	1.86868850652	1.45698221363	1.26480640406	1.13272858386	1.37445218463	1.33223896568	1.69940305945	1.10946637023	1.19657281779	1.15778255196	1.24270022233	1.22379974384	1.18527204447	1.14926106332	1.22431999517	1.08317715321	0.0	0.344089400677	0.967523958434	1.04331960851	0.959117520541	0.895174050266	0.85753439826	1.5892178202	1.48357706138	0.965609734171	0.973456766554	0.978202605123	0.83987542291	0.941350932818	0.715717583374	0.755846012566	1.07664400677	0.947651068149	0.819034963751	0.927662880619	0.93538062349	0.91144340261	1.0360982262	0.859715321411	1.005980261	0.824561058482	1.02808690672	0.918897419043
AB6	0.906394523925	0.726510270662	2.48311376994	1.22056371677	0.768679540841	0.746051512808	1.07561510391	0.874619202513	0.963467762204	0.848305538908	0.967214920251	0.595708206863	0.801603537941	2.13484343644	0.801528211696	0.791197970034	1.03618043983	0.995414461092	1.81387269696	1.36177317061	1.11326685355	0.910159134848	1.17785736104	1.13171884485	1.69607510875	0.979114649589	0.998646471725	0.954024876752	1.01195738521	1.04882968584	1.03044651039	0.953104615756	0.973633794103	0.853382435959	0.344089400677	0.0	0.79540038666	0.815138714355	0.778327124215	0.792320541324	0.648048274529	1.48364909618	1.37997551957	0.75856839536	0.781092092798	0.797052402127	0.764112943451	0.723731768971	0.552924741421	0.528167641373	0.873026573224	0.765111817303	0.627710309328	0.752876486225	0.758960560657	0.743084238763	0.807182261962	0.691297307878	0.774528898018	0.593840927985	0.831293262446	0.704861213146
AC5	0.8809339826	0.728827187047	2.6112917303	1.3321139246	1.01402507008	0.541740483325	1.25911397293	0.547351072982	0.527647597873	0.902421420976	0.436518245529	0.761136152731	0.720585877235	2.26162571774	0.879821841469	0.832106843886	0.544232368294	0.475146534558	1.96720116481	1.49591144998	1.11398000967	0.774690473659	0.619425355244	0.593013392943	1.89220150797	0.986165843403	0.565046694055	0.583291923635	0.90711956984	1.04259888835	0.80241179797	0.673226462059	0.618625954567	0.486431880135	0.967523958434	0.79540038666	0.0	0.804934122765	0.400985741904	0.930151938134	0.597255166747	1.63033638473	1.5128319623	0.817178042533	0.525427588207	0.440957312711	1.0198482262	0.791169159014	0.937662295795	0.848366423393	0.808885500242	0.885517481875	0.597269478009	0.556764741421	0.599122977284	0.590192252296	0.768771338811	0.910572387627	0.751785331078	0.748220241663	0.573448177864	0.780022266796
AC6	0.768865727405	0.552233325278	1.9730980812	0.708219656839	0.749517114548	0.63096658289	0.725928414693	0.563997046883	0.743067955534	0.471556684389	0.852881068149	0.621929337844	0.620379033349	1.62887428226	0.500551353311	0.649212498792	0.82657699855	0.805922464959	1.46618384244	0.987710976317	0.737637515708	0.657253315611	0.872907781537	0.815126123731	1.4934502465	0.73232482842	0.753026568391	0.701286665056	0.463882624456	0.516465084582	0.953279579507	0.836955152247	0.61812359594	0.635484301595	1.04331960851	0.815138714355	0.804934122765	0.0	0.764153620106	0.684731155147	0.635872373127	0.858139884002	0.74689542291	0.308925708072	1.00248381827	0.928482068632	1.15380220396	1.06232854036	0.941694504592	0.965427767037	1.18730067666	1.11913732721	0.828600536491	0.857778564524	0.945043876269	0.864887709038	0.615190691155	1.06771513291	0.615762141131	0.97748478492	0.638001275979	1.06015961817
AD6	0.72139777187	0.567801880135	2.52664811503	1.16576068149	0.859270889319	0.400249492508	1.17004995167	0.474834156597	0.536842252296	0.813129937168	0.453440826486	0.646866447559	0.559495611406	2.17752787337	0.738102015466	0.662175369744	0.487053779604	0.455591764137	1.86785049299	1.39508193813	1.03952211696	0.682996524891	0.678003557274	0.633865621073	1.80128064766	0.90187979217	0.55264081682	0.536394900918	0.794241367811	0.918295176414	0.774893692605	0.603461338811	0.605873948768	0.47183181247	0.959117520541	0.778327124215	0.400985741904	0.764153620106	0.0	0.7643300145	0.361826379894	1.5284578927	1.41955470759	0.775522953117	0.632105451909	0.547260869985	0.878667481875	0.672019386177	0.816670898985	0.72168419043	0.721263354277	0.780090695988	0.475221947801	0.418595055582	0.500552953117	0.469644615756	0.589195882069	0.777138699855	0.58506222813	0.632306524891	0.386965577574	0.662221164814
AE5	0.593803175447	0.568600739488	2.27097326728	0.924909284679	0.648584238763	0.756516616723	0.810673267279	0.786082672789	0.979503296278	0.572526747221	1.03709313195	0.589783344611	0.737219265346	1.91813988884	0.663396031899	0.482998463026	0.902543301112	0.886752034799	1.4635558579	1.04972113581	0.975794876752	0.83981362494	1.08803828903	1.02431205897	1.31744885452	0.641680410826	0.902497742871	0.844223359111	0.830512474625	0.798300029	0.975607129048	0.863331923635	0.879639729338	0.883121527308	0.895174050266	0.792320541324	0.930151938134	0.684731155147	0.7643300145	0.0	0.497965838569	1.2203217593	1.11532555341	0.575239927501	1.14875301112	1.09847133881	0.891282232963	0.886617936201	0.77226062349	0.760775335911	1.0532219913	0.935631333978	0.662919734171	0.698287235379	0.797317747704	0.67072477042	0.570569231513	0.872290038666	0.554030009667	0.814853552441	0.70883817303	0.87795879652
AE6	0.58957702755	0.415821145481	2.41882878202	1.06764289512	0.735224258096	0.456498791687	0.999445959401	0.546259328178	0.644294596423	0.667634538424	0.676337617206	0.551757486709	0.474382919285	2.06260669406	0.599794707588	0.516951532141	0.665983639439	0.642159130014	1.67933996617	1.24473633156	0.968865925568	0.679795490575	0.850165674239	0.792404200097	1.63671052682	0.783161957467	0.661605389077	0.621780120831	0.741556041566	0.81936680522	0.815423011116	0.683940140164	0.665196926051	0.540396114065	0.85753439826	0.648048274529	0.597255166747	0.635872373127	0.361826379894	0.497965838569	0.0	1.38494058966	1.27269807153	0.606437849203	0.789664253262	0.738457138714	0.841016394393	0.660469545674	0.708770231996	0.618951672305	0.800079429676	0.759479753504	0.41238040116	0.416747477042	0.522627095215	0.426637133881	0.427440260996	0.749648192363	0.434552464959	0.560974364427	0.45142099565	0.66412759304
AF5	1.31566054616	1.23110128081	1.28539016433	0.653738786854	1.19117073465	1.36754324795	0.816660720155	1.26051399227	1.36126235863	1.01944712421	1.54324033349	1.24891246979	1.31568842919	0.954304934751	1.09605786854	1.25562278395	1.47343532624	1.50252092798	0.991765360077	0.722244925085	1.14001967134	1.25772746738	1.45560956017	1.41471935718	1.4649817013	1.18836551474	1.38581508458	1.32576830836	0.986356292895	0.932712247463	1.50541270662	1.44754072015	1.25377146448	1.36348926051	1.5892178202	1.48364909618	1.63033638473	0.858139884002	1.5284578927	1.2203217593	1.38494058966	0.0	0.173277530208	0.971295258579	1.76419014016	1.66925062349	1.72417049783	1.69893596423	1.54516495408	1.61242025616	1.81008743354	1.78040643306	1.54006714838	1.58818591107	1.65745446109	1.5845779942	1.25588396327	1.71846539874	1.27516515708	1.64059820203	1.38200137264	1.69100426776
AF6	1.21917407443	1.11836112131	1.37947426776	0.562626718221	1.0899517738	1.26265958917	0.761905906235	1.15382514258	1.28642066216	0.911572967617	1.45002680522	1.14958615273	1.21272974867	1.03588832286	0.990737921701	1.14638735138	1.37391945868	1.40016073949	0.958378772354	0.659725074915	1.08956830836	1.14660752054	1.34830990333	1.30687563074	1.41482870469	1.09345289512	1.27822933784	1.21637390043	0.869981865636	0.837692696955	1.41847412276	1.34265770904	1.16742452876	1.25507847753	1.48357706138	1.37997551957	1.5128319623	0.74689542291	1.41955470759	1.11532555341	1.27269807153	0.173277530208	0.0	0.860899739004	1.65382807637	1.56350895602	1.62500349444	1.60540875785	1.43883851136	1.50558521025	1.70408044949	1.67321228613	1.43366500725	1.4793098115	1.54917789754	1.47599894635	1.14410588207	1.61011308845	1.16467727405	1.53899263896	1.27474588207	1.59244661189
AG5	0.709898356694	0.501360811986	2.06281208313	0.755169308845	0.631645683905	0.606766239729	0.715170236829	0.606362522958	0.78868897535	0.429435983567	0.889395853069	0.522141889802	0.603668318028	1.71121591107	0.467404514258	0.569072464959	0.84977817303	0.796791855969	1.46451768004	0.98481842436	0.706516911551	0.673282329628	0.943280468826	0.880022967617	1.39884510875	0.660960492992	0.793504243596	0.728760618656	0.516673088449	0.511927119381	0.965014538424	0.83548481392	0.662692861286	0.688648472692	0.965609734171	0.75856839536	0.817178042533	0.308925708072	0.775522953117	0.575239927501	0.606437849203	0.971295258579	0.860899739004	0.0	1.02475407927	0.953884683422	1.06601648623	1.0189577477	0.837643025616	0.89456022233	1.1673937506	1.07247034316	0.746484069599	0.815538956017	0.916824403093	0.789699826003	0.604769729338	1.01994670855	0.582105016916	0.907535848236	0.653181773804	1.01368470759
