	AA3	AA4	AB3	AB4	AC3	AC4	AD3	AD4	AE3	AE4	AF3	AF4	AG3	AG4	AH3	AH4	AA7	AA8	AB7	AB8	AC7	AC8	AD7	AD8	AE7	AE8	AF7	AF8	AG7	AG8	AH7	AH8	AA5	AA6	AB5	AB6	AC5	AC6	AD6	AE5	AE6	AF5	AF6	AG5	AH5	AH6	AA1	AA2	AB1	AB2	AC1	AC2	AD1	AD2	AE1	AE2	AF1	AF2	AG1	AG2	AH1	AH2
AA3	0.0	0.49119922668	2.26160699372	0.945103325278	0.859646152731	0.751090270662	0.945900188497	0.711358719188	0.873665239246	0.682444127598	0.922648830353	0.731859217013	0.684245176414	1.93551856936	0.717079038183	0.240154461092	0.753187834703	0.74296098115	1.4356321653	1.07548031416	0.864346655389	0.665819888835	0.86376959884	0.881606462059	1.38243463509	0.555137182214	0.751636070565	0.597854320928	0.676744069599	0.674163035283	0.759499279845	0.627733528275	0.842424238763	0.770111135814	1.09488071049	0.86179340261	0.894926321895	0.779221889802	0.73074219913	0.561013499275	0.545698032866	1.27121347994	1.16439859352	0.701273557274	1.06642119865	1.06076192847	1.00159180764	0.899719608507	0.924930976317	0.850886230063	1.03948590623	0.95239717738	0.640423847269	0.715485703238	0.753497293378	0.679457341711	0.504538211696	0.884188927018	0.496081817303	0.872237341711	0.615679927501	0.942856510391
AA4	0.49119922668	0.0	2.27929403093	0.943264533591	0.640765398743	0.566909381344	0.932311469309	0.486097501208	0.678224282262	0.649137892702	0.789952010633	0.477466921218	0.431399927501	1.95086419526	0.334208028033	0.32448481392	0.671430289995	0.655657085549	1.51731177864	1.11878495408	0.926448511358	0.672004731754	0.832068448526	0.800514668922	1.49848942484	0.58247320928	0.647618883519	0.616321628806	0.682566022233	0.726476616723	0.834988685355	0.68151320928	0.617581532141	0.56927861769	0.928330473659	0.621507129048	0.712485258579	0.531847583374	0.537754707588	0.526799502175	0.327827689705	1.2221397245	1.11950357177	0.457898864186	0.909309521508	0.86204059449	0.938611720638	0.729047535041	0.761922933784	0.690024258096	0.904026118898	0.823268767521	0.530654248429	0.58642539391	0.610540183664	0.585534267762	0.367909869502	0.804706839053	0.386938801353	0.720785606573	0.464170908652	0.773082194297
AB3	2.26160699372	2.27929403093	0.0	1.48494747704	2.19584306428	2.40257407443	1.89558147898	2.28828117931	2.36224377477	2.0853321943	2.52085739971	2.2848318463	2.32343449976	0.364658197197	2.14774960851	2.27873944418	2.49341570807	2.49720042533	1.20858337361	1.46713553407	1.94693429676	2.18286878685	2.43171162397	2.42129662639	1.90870854036	2.20548748188	2.37980488159	2.27260624456	1.91415291928	1.82881464959	2.44805711938	2.42924861286	2.28409435476	2.36966028516	2.57386006767	2.45829810536	2.61078065249	2.00107354277	2.52314839053	2.28291723538	2.37581352344	1.31357247946	1.39953110681	2.0886541131	2.72419025133	2.66160061866	2.66686201063	2.66034529725	2.50565858869	2.61387458676	2.78888942968	2.70485263896	2.54584145481	2.62134142581	2.61006407443	2.59569215563	2.28902046883	2.68195312711	2.31412676172	2.64797262929	2.40492952151	2.69845922185
AB4	0.945103325278	0.943264533591	1.48494747704	0.0	0.924925659739	1.05923657322	0.769600971484	0.987015190913	1.17627967134	0.803275350411	1.23435075399	0.95776722088	0.885836718221	1.14224703722	0.825838438859	0.92683098115	1.19871148864	1.18917893185	1.00190315611	0.550538071532	0.87491882552	0.929595364911	1.16734334461	1.16834521508	1.25907732238	0.919405253746	1.13481338328	0.988191053649	0.655951319478	0.584458646689	1.24911869019	1.15667218463	1.10064678105	1.09071521508	1.38819646689	1.20722674239	1.34174007733	0.765184596423	1.16733010633	0.948979357177	1.01504398743	0.619879328178	0.545002102465	0.798515442243	1.45556046399	1.39113847753	1.45396016916	1.35339752054	1.26361676655	1.3416957999	1.5355019623	1.45085919768	1.20422561624	1.29937912035	1.30386243596	1.27823721605	0.986740734654	1.42127952151	1.00659536008	1.36669718705	1.04916362977	1.41659495408
AC3	0.859646152731	0.640765398743	2.19584306428	0.924925659739	0.0	0.750442957951	0.883078714355	0.824447945868	1.00430092315	0.689225688739	1.07455860802	0.349453798937	0.780578327695	1.87476637506	0.625788245529	0.740705862736	1.02079592073	0.993953272112	1.44700867086	1.06014057032	1.06142314161	1.0342700435	1.23012550507	1.19499855969	1.30893339294	0.856704388594	1.03384058966	0.997360647656	0.930086249396	0.896460391493	1.18330274529	1.03700344128	0.962448719188	0.951018303528	0.840133272112	0.692070381827	0.980549594007	0.709952914451	0.859595708072	0.659680908652	0.677885461576	1.16012515225	1.09026297728	0.591571261479	1.1658162929	1.12380940551	0.900855012083	0.903384630256	0.708974325761	0.807561430643	1.07506920735	0.9603739826	0.733278835186	0.843420652489	0.860317791203	0.795695451909	0.799853837603	0.889497080715	0.804648076365	0.884892493958	0.824353127115	0.936248385694
AC4	0.751090270662	0.566909381344	2.40257407443	1.05923657322	0.750442957951	0.0	1.15960552924	0.392505935234	0.509138158531	0.843431208313	0.393458318028	0.488002788787	0.441354857419	2.07887768487	0.710537187047	0.636684557757	0.593592063799	0.540413117448	1.80367499275	1.32404136298	0.967042387627	0.648553716771	0.666824306428	0.654013204447	1.70579996617	0.687875031416	0.546106921218	0.533454277429	0.680745775737	0.774316679555	0.818668854519	0.653408119865	0.507178337361	0.413244374094	0.971121401643	0.684290468826	0.547573489609	0.632996839053	0.408428786854	0.772520318995	0.49850022233	1.3680481392	1.27369822136	0.604172576124	0.675733537941	0.615756684389	1.060060232	0.803759168681	0.801562416626	0.775891889802	0.885750405993	0.919839695505	0.547977240213	0.638172348961	0.634041793137	0.632451005317	0.615498951184	0.929895737071	0.611617017883	0.783821996133	0.432930188497	0.799675258579
AD3	0.945900188497	0.932311469309	1.89558147898	0.769600971484	0.883078714355	1.15960552924	0.0	1.01558191397	1.32243047366	0.397776882552	1.37258108265	0.99625179797	1.08909654906	1.56662731271	0.844195389077	0.926400101498	1.27478151764	1.24339472209	1.28808831319	0.847392914451	0.863514345094	0.970556423393	1.32588026583	1.31643699372	1.22153249396	0.911128922185	1.21197637506	1.05850112131	0.930556244563	0.803257916868	1.20083297245	1.12589621073	1.22491738038	1.1494221508	1.22329372644	1.05531833736	1.27525509425	0.760367375544	1.1784082552	0.797145471242	0.950637061382	0.858221933301	0.7521720058	0.787292682455	1.42462276945	1.38305443209	1.38428120831	1.35206124698	1.14416886419	1.21751400677	1.52275201063	1.42906739004	1.16901163364	1.25347188497	1.27065205897	1.1974818028	0.976059676172	1.36660437893	0.988862479459	1.27510394877	1.13178091832	1.37962181247
AD4	0.711358719188	0.486097501208	2.28828117931	0.987015190913	0.824447945868	0.392505935234	1.01558191397	0.0	0.343437365877	0.677011981634	0.510767085549	0.601623339778	0.483981266312	1.95964851136	0.603940328661	0.599107216046	0.594136317061	0.557909144514	1.76203927501	1.28780271629	0.918442503625	0.580961720638	0.573362508458	0.527225645239	1.72711045433	0.683544059932	0.482376094732	0.473863673272	0.53815138231	0.698511391977	0.824205964234	0.669453107782	0.316090710488	0.320519666506	1.07950820686	0.758608255196	0.577471150314	0.506243354277	0.45937421943	0.737707201547	0.494477515708	1.22517756404	1.12993672305	0.504423054616	0.6920439971	0.643359371677	1.14766983084	0.885345819236	0.929572682455	0.910646118898	0.957229052682	1.00307690188	0.667271894635	0.687737298212	0.683601532141	0.732886085065	0.532686355727	1.02594197197	0.569868308362	0.912802121798	0.480300850652	0.884977162881
AE3	0.873665239246	0.678224282262	2.36224377477	1.17627967134	1.00430092315	0.509138158531	1.32243047366	0.343437365877	0.0	0.976272953117	0.371161126148	0.772418347028	0.588757742871	2.04243121315	0.769742489125	0.795708458192	0.527723049782	0.531403165781	1.93729208797	1.48058965201	1.07441408893	0.723686636056	0.443786022233	0.431189062349	1.93035645239	0.877532068632	0.437775935234	0.565154717255	0.685346167231	0.883431232479	0.91025979217	0.781325911068	0.23949638956	0.337839661672	1.20306051716	0.91552117448	0.551987510875	0.719606955051	0.574946239729	0.98713937651	0.692720430159	1.33877837119	1.25898357177	0.728914098598	0.747386186564	0.660207573707	1.28705725955	1.01887293862	1.09860129048	1.05434345578	1.08176331561	1.13852783954	0.807283924601	0.826469038183	0.811675070082	0.875057003383	0.704289946834	1.16907173997	0.735147182214	1.04859264379	0.62335580957	1.02253667472
AE4	0.682444127598	0.649137892702	2.0853321943	0.803275350411	0.689225688739	0.843431208313	0.397776882552	0.677011981634	0.976272953117	0.0	1.04980621073	0.709120009666	0.796949748671	1.75645969067	0.604447119381	0.63643479942	0.943743030449	0.912749014016	1.41450129048	0.952203813436	0.71067077332	0.684515113581	0.998062068632	0.986692136298	1.30243135814	0.613507564041	0.886926858386	0.732170753987	0.640796094732	0.594374538424	0.917985679072	0.811306491058	0.899095548574	0.830907423876	1.0112018898	0.823951169647	0.963820164331	0.548322759787	0.859823117448	0.542041899468	0.656701261479	0.983330840986	0.878348820686	0.522650821653	1.13444691155	1.08389188497	1.15434837603	1.11739212663	0.921396457226	0.989763649106	1.29590251329	1.19307475109	0.901995360077	0.97448622523	0.998121063316	0.93052298695	0.699931870469	1.13139794587	0.713187365877	1.04237454809	0.822851362977	1.15399537941
AF3	0.922648830353	0.789952010633	2.52085739971	1.23435075399	1.07455860802	0.393458318028	1.37258108265	0.510767085549	0.371161126148	1.04980621073	0.0	0.823613392943	0.652790043499	2.19723154664	0.919585239246	0.853154794587	0.485962696955	0.471887452876	1.98874437893	1.50875440309	1.11895799903	0.798105548574	0.400628907685	0.395955872402	1.95341434993	0.905288322861	0.478434200097	0.624663605607	0.782219995167	0.946159115515	0.823537999033	0.717048641856	0.441086080232	0.456103185114	1.16755472209	0.935763905268	0.467987680039	0.816701749638	0.516622812953	0.995684736588	0.711395137748	1.50659267279	1.41928021266	0.810359545674	0.670027612373	0.578078956017	1.24365546641	0.975077912035	1.10882792653	1.01607895602	1.03750110681	1.07650349444	0.775086578057	0.777041309812	0.77554181247	0.786737298212	0.822419502175	1.09649296278	0.831030338328	0.985831884969	0.590677119381	0.968730164331
AF4	0.731859217013	0.477466921218	2.2848318463	0.95776722088	0.349453798937	0.488002788787	0.99625179797	0.601623339778	0.772418347028	0.709120009666	0.823613392943	0.0	0.548782063799	1.95957248913	0.520940575157	0.5823039826	0.816159830836	0.784433383277	1.58276268246	1.12241303528	0.995057162881	0.818914407927	1.00429439343	0.974720517158	1.47476486225	0.666750811986	0.820537037216	0.792976747221	0.784307675205	0.765302832286	1.01350132914	0.864929594007	0.732436824553	0.71842542291	0.812380681489	0.532554262929	0.777168477525	0.590024238763	0.66891298695	0.619605224746	0.523960932818	1.2195381102	1.14735311261	0.472705969067	0.91326641856	0.856025050749	0.87492640406	0.721866433059	0.619803175447	0.648539695505	0.912253368777	0.812571889802	0.53682497825	0.651971522475	0.691374403093	0.610236752054	0.616078047366	0.756414678589	0.633262532624	0.714221343644	0.635519308845	0.761028680522
AG3	0.684245176414	0.431399927501	2.32343449976	0.885836718221	0.780578327695	0.441354857419	1.08909654906	0.483981266312	0.588757742871	0.796949748671	0.652790043499	0.548782063799	0.0	1.98175087965	0.507624581924	0.558438709522	0.576141208313	0.548538743354	1.70209339778	1.2319360174	0.963810072499	0.642613881102	0.696984934751	0.70132118898	1.61255853552	0.649951889802	0.555809125181	0.569116007733	0.656667409377	0.757783620106	0.823568912518	0.676988158531	0.591399748671	0.510914330594	1.00031855969	0.730826737554	0.698475471242	0.594324649589	0.501367752537	0.709827269212	0.440237148381	1.29705109715	1.2037959884	0.539053697438	0.855002363461	0.798010952151	1.02705527308	0.751856781054	0.822872247463	0.791337950701	0.93441622523	0.877296863219	0.555371169647	0.617093885935	0.654354871919	0.626276515225	0.472252426293	0.919257245046	0.48877561624	0.791616215563	0.388072092798	0.805679453842
AG4	1.93551856936	1.95086419526	0.364658197197	1.14224703722	1.87476637506	2.07887768487	1.56662731271	1.95964851136	2.04243121315	1.75645969067	2.19723154664	1.95957248913	1.98175087965	0.0	1.82606897535	1.94932471725	2.17483837119	2.17547778154	0.965540265829	1.15263879652	1.6238839971	1.85776426776	2.11095667472	2.1003998985	1.65886672789	1.88235214596	2.05640528275	1.94864256646	1.59307443209	1.50151316578	2.14683267762	2.10824395843	1.96392695505	2.04291738038	2.27130865636	2.14779470759	2.30205960367	1.69080246979	2.19451251329	1.95425024166	2.04684162881	1.01346479942	1.09738534074	1.76447827453	2.3977818463	2.33503115031	2.34121471725	2.33467282262	2.17620031416	2.28202022716	2.46571219913	2.3849120058	2.21862547124	2.29282939584	2.28812403093	2.27160118898	1.96904544224	2.35815589657	1.99503755437	2.3180738521	2.07931288062	2.37925430643
AH3	0.717079038183	0.334208028033	2.14774960851	0.825838438859	0.625788245529	0.710537187047	0.844195389077	0.603940328661	0.769742489125	0.604447119381	0.919585239246	0.520940575157	0.507624581924	1.82606897535	0.0	0.541319105848	0.79403980667	0.781551638473	1.50232695022	1.05142853552	0.896745142581	0.775549038183	0.910172397293	0.912739874335	1.4499921653	0.694920947318	0.765776655389	0.746100840986	0.692149845336	0.693454968584	1.00945630739	0.875542832286	0.712477341711	0.697266549058	0.996093272112	0.751521546641	0.885430869985	0.509095949734	0.722765181247	0.609869482842	0.539337090382	1.05671971	0.973023856936	0.446223460609	1.07954968101	1.02867309812	1.05020627356	0.887057080715	0.834916336394	0.874341643306	1.07350135814	0.997229565007	0.751891971967	0.821042073465	0.816648550024	0.81278739971	0.547132271629	0.962491087482	0.562608327695	0.904020652489	0.624731329145	0.937323591107
AH4	0.240154461092	0.32448481392	2.27873944418	0.92683098115	0.740705862736	0.636684557757	0.926400101498	0.599107216046	0.795708458192	0.63643479942	0.853154794587	0.5823039826	0.558438709522	1.94932471725	0.541319105848	0.0	0.675552774287	0.652169961334	1.46563527791	1.08748403577	0.891822131464	0.650870889319	0.796430072499	0.791553460609	1.41121701305	0.533833431609	0.661825389077	0.575072735621	0.670700067666	0.690438753021	0.788277849203	0.621389507008	0.75280537941	0.674407588207	1.0074042871	0.737133160947	0.796871851136	0.668680362494	0.620950029	0.459540101498	0.414430106332	1.24576625906	1.14040499275	0.585019647173	0.983442049299	0.975126123731	0.954652619623	0.802377617206	0.815553914935	0.731458506525	0.974907820203	0.87486921218	0.555445635573	0.634962455292	0.686534635089	0.613961855969	0.38051659739	0.83252280812	0.369112286129	0.778867839536	0.511479811503	0.836506814886
AA7	0.753187834703	0.671430289995	2.49341570807	1.19871148864	1.02079592073	0.593592063799	1.27478151764	0.594136317061	0.527723049782	0.943743030449	0.485962696955	0.816159830836	0.576141208313	2.17483837119	0.79403980667	0.675552774287	0.0	0.135266814886	1.78912959884	1.37237067182	1.06579431609	0.681817109715	0.425627767037	0.462233349444	1.75536851136	0.744961778637	0.350968303528	0.468492692122	0.751429429676	0.872738226196	0.629932344128	0.442116848719	0.533596297728	0.524490628323	1.21653761237	0.979169801837	0.526716312228	0.854546118898	0.496179246013	0.8803140261	0.663940473659	1.47813817303	1.39227397777	0.826714354761	0.792457810536	0.6819919768	1.17027952634	0.91754982117	1.11800070565	0.991360086999	0.949783040116	1.00519939584	0.720998999517	0.680975896568	0.688794050266	0.729574862252	0.552840575157	1.01659435476	0.557734755921	0.974841280812	0.488561159981	0.907739318511
AA8	0.74296098115	0.655657085549	2.49720042533	1.18917893185	0.993953272112	0.540413117448	1.24339472209	0.557909144514	0.531403165781	0.912749014016	0.471887452876	0.784433383277	0.548538743354	2.17547778154	0.781551638473	0.652169961334	0.135266814886	0.0	1.79522016433	1.34784074432	1.0181961914	0.632399961334	0.433189342678	0.459869134848	1.72582170614	0.705400492992	0.339999014016	0.42428118898	0.730967158047	0.851394552924	0.607804059932	0.418631522475	0.530858337361	0.483052203963	1.17202271629	0.942755427743	0.495109110681	0.83069040116	0.46649817303	0.852745519575	0.636108496858	1.48552068632	1.39450951184	0.797686128565	0.727960729821	0.650839110681	1.15274144031	0.885173504108	1.07310666989	0.957741082649	0.925252116965	0.980198902852	0.688286346061	0.644906529725	0.658862460126	0.696768289029	0.559112542291	0.995516781054	0.560687747704	0.939597897535	0.448062281295	0.876793441276
AB7	1.4356321653	1.51731177864	1.20858337361	1.00190315611	1.44700867086	1.80367499275	1.28808831319	1.76203927501	1.93729208797	1.41450129048	1.98874437893	1.58276268246	1.70209339778	0.965540265829	1.50232695022	1.46563527791	1.78912959884	1.79522016433	0.0	0.533076964717	1.46744317061	1.59495148381	1.8941157709	1.89418486225	1.06755741421	1.45954782987	1.78202953117	1.63047756404	1.36888064282	1.20837096665	1.70142535524	1.64963866602	1.84174321895	1.83557545191	1.88224648623	1.77048391493	1.92691347028	1.46809715805	1.82143554374	1.46328968584	1.60878180764	0.97696279362	0.997372266796	1.46871440309	2.11911737554	2.08158572257	1.88724912518	1.90554949251	1.78315011116	1.81552791687	2.03670264379	1.93913678589	1.76488374577	1.83168883035	1.83634706138	1.80128456742	1.56271743354	1.89622322861	1.57664515708	1.87103583857	1.71972449493	1.93877278395
AB8	1.07548031416	1.11878495408	1.46713553407	0.550538071532	1.06014057032	1.32404136298	0.847392914451	1.28780271629	1.48058965201	0.952203813436	1.50875440309	1.12241303528	1.2319360174	1.15263879652	1.05142853552	1.08748403577	1.37237067182	1.34784074432	0.533076964717	0.0	1.02479327211	1.12287477042	1.4185677187	1.4218719188	1.10897314161	1.00446447559	1.3101577767	1.14689923635	0.881251633639	0.733631005317	1.30667659739	1.26036263896	1.38051782504	1.35531495892	1.45335323345	1.32145659739	1.47599490092	1.00480809087	1.38834894152	1.06256316095	1.19267304012	0.706094567424	0.704193088449	0.998056964717	1.66619573224	1.61401983567	1.57553224746	1.52794033833	1.37074462059	1.42410677622	1.68471057032	1.5941539826	1.38833920251	1.4565398405	1.46063458192	1.43376337844	1.16902011116	1.55144167231	1.18795717255	1.48250698405	1.27036117931	1.57072534074
AC7	0.864346655389	0.926448511358	1.94693429676	0.87491882552	1.06142314161	0.967042387627	0.863514345094	0.918442503625	1.07441408893	0.71067077332	1.11895799903	0.995057162881	0.963810072499	1.6238839971	0.896745142581	0.891822131464	1.06579431609	1.0181961914	1.46744317061	1.02479327211	0.0	0.490134557757	1.04525117931	1.03195101015	1.37786466409	0.746334441759	0.988601256646	0.804582445626	0.593006636056	0.567729246013	0.922067916868	0.861002580957	0.972951406477	0.918018332528	1.27056964717	1.15612501692	1.17916630739	0.819671551474	1.07344086032	0.936705703238	0.971360686322	1.17218558724	1.07381005317	0.781296926051	1.14584367811	1.10810751087	1.51013623973	1.41227635573	1.22975527308	1.31651438376	1.57773360561	1.50888641373	1.15748690672	1.23853122765	1.26544885935	1.20701102465	0.936471788304	1.44954045433	0.934267051716	1.32401670855	0.961160705655	1.45281343161
AC8	0.665819888835	0.672004731754	2.18286878685	0.929595364911	1.0342700435	0.648553716771	0.970556423393	0.580961720638	0.723686636056	0.684515113581	0.798105548574	0.818914407927	0.642613881102	1.85776426776	0.775549038183	0.650870889319	0.681817109715	0.632399961334	1.59495148381	1.12287477042	0.490134557757	0.0	0.670857868536	0.688679719671	1.51899518125	0.548044871919	0.53696901885	0.377292634123	0.456251865636	0.553481899468	0.613797496375	0.501193629773	0.62320879652	0.593703745771	1.14163650072	0.875621034316	0.813042943451	0.685616964717	0.714213620106	0.797481121315	0.696496655389	1.20670129531	1.10673298212	0.690210246496	0.891207254712	0.838151087482	1.34131022716	1.07906201063	1.05516543258	1.05093735138	1.22113443693	1.19174185114	0.832979531174	0.877570889319	0.908902527791	0.888760836153	0.581167080715	1.203040029	0.598784760754	1.02656736104	0.608291126148	1.0994482117
AD7	0.86376959884	0.832068448526	2.43171162397	1.16734334461	1.23012550507	0.666824306428	1.32588026583	0.573362508458	0.443786022233	0.998062068632	0.400628907685	1.00429439343	0.696984934751	2.11095667472	0.910172397293	0.796430072499	0.425627767037	0.433189342678	1.8941157709	1.4185677187	1.04525117931	0.670857868536	0.0	0.155663165781	1.87704281295	0.785775403577	0.389991730304	0.499455645239	0.656424021266	0.840539439343	0.729224925085	0.622938651522	0.480628124698	0.507117100048	1.32572002417	1.08222657806	0.595386379894	0.860163078782	0.643836940551	1.00292735138	0.82200277912	1.4314140116	1.33456029483	0.893370647656	0.789275862736	0.711194562591	1.37334462542	1.09794640406	1.25805063799	1.16961290962	1.14912462059	1.21595364911	0.927745384244	0.871534432093	0.871517129048	0.941012402127	0.729597670372	1.23938356211	0.742845674239	1.14416920251	0.628998815853	1.09575496375
AD8	0.881606462059	0.800514668922	2.42129662639	1.16834521508	1.19499855969	0.654013204447	1.31643699372	0.527225645239	0.431189062349	0.986692136298	0.395955872402	0.974720517158	0.70132118898	2.1003998985	0.912739874335	0.791553460609	0.462233349444	0.459869134848	1.89418486225	1.4218719188	1.03195101015	0.688679719671	0.155663165781	0.0	1.85082398743	0.760272846786	0.393292247463	0.500995060416	0.65558181247	0.841740662156	0.733812924118	0.618929879169	0.465020840986	0.485719830836	1.30915453842	1.05947143548	0.583410183664	0.823090633156	0.644324330594	0.977432044466	0.79933717738	1.41818388594	1.32264472692	0.851356752054	0.757567022716	0.681087327211	1.35749456742	1.08530927018	1.24234814886	1.14791843403	1.13549692122	1.20408969067	0.901209565007	0.858069710005	0.85356621073	0.92010759304	0.748499076849	1.2269098405	0.766597839536	1.11880185114	0.610697573707	1.08312082649
AE7	1.38243463509	1.49848942484	1.90870854036	1.25907732238	1.30893339294	1.70579996617	1.22153249396	1.72711045433	1.93035645239	1.30243135814	1.95341434993	1.47476486225	1.61255853552	1.65886672789	1.4499921653	1.41121701305	1.75536851136	1.72582170614	1.06755741421	1.10897314161	1.37786466409	1.51899518125	1.87704281295	1.85082398743	0.0	1.11187656356	1.78127436926	1.58660304012	1.39560044466	1.30176707588	1.56666116481	1.54956582407	1.8460282117	1.80136374094	1.73789236829	1.68352623006	1.87965032383	1.51740889802	1.77951584824	1.33249019333	1.55834931368	1.46461486225	1.46398369744	1.43816179314	1.99712336394	1.97772947801	1.71119636056	1.78814039149	1.59238179314	1.6499720493	1.95631935234	1.81683543741	1.65190867086	1.71793170614	1.7367099275	1.65346671822	1.55323676172	1.74632536008	1.54345728371	1.71253906235	1.66447744321	1.83009504108
AE8	0.555137182214	0.58247320928	2.20548748188	0.919405253746	0.856704388594	0.687875031416	0.911128922185	0.683544059932	0.877532068632	0.613507564041	0.905288322861	0.666750811986	0.649951889802	1.88235214596	0.694920947318	0.533833431609	0.744961778637	0.705400492992	1.45954782987	1.00446447559	0.746334441759	0.548044871919	0.785775403577	0.760272846786	1.11187656356	0.0	0.722532498792	0.549191677139	0.595018351861	0.56421138231	0.67600282262	0.595854248429	0.815264156597	0.747627892702	1.09245316578	0.841549463509	0.854818119865	0.685407781537	0.765522677622	0.615901652972	0.602877612373	1.22537948768	1.12230086999	0.617112324795	1.03600526341	0.975679835669	1.18924842919	1.018860232	0.933501237313	0.921389511841	1.17657237796	1.12074281779	0.795253267279	0.868785688739	0.885329323345	0.832695364911	0.623804528758	1.07546769454	0.627452252296	0.942110850652	0.661922126631	1.06342951667
AF7	0.751636070565	0.647618883519	2.37980488159	1.13481338328	1.03384058966	0.546106921218	1.21197637506	0.482376094732	0.437775935234	0.886926858386	0.478434200097	0.820537037216	0.555809125181	2.05640528275	0.765776655389	0.661825389077	0.350968303528	0.339999014016	1.78202953117	1.3101577767	0.988601256646	0.53696901885	0.389991730304	0.393292247463	1.78127436926	0.722532498792	0.0	0.267206099565	0.646212358627	0.779108695022	0.669880299662	0.562036085065	0.413010778154	0.421736863219	1.12894670855	0.870457776704	0.498289652006	0.724318047366	0.510706640889	0.850791367811	0.634090285162	1.38576533591	1.29566068632	0.732981701305	0.766595326245	0.677507829869	1.20052757854	0.939420029	1.05308325761	0.986073726438	0.993575596907	1.04671762687	0.735833547608	0.738867071049	0.736732996617	0.796148182697	0.555578090865	1.06142646689	0.575733779604	0.970049313678	0.466729888835	0.942471952634
AF8	0.597854320928	0.616321628806	2.27260624456	0.988191053649	0.997360647656	0.533454277429	1.05850112131	0.473863673272	0.565154717255	0.732170753987	0.624663605607	0.792976747221	0.569116007733	1.94864256646	0.746100840986	0.575072735621	0.468492692122	0.42428118898	1.63047756404	1.14689923635	0.804582445626	0.377292634123	0.499455645239	0.500995060416	1.58660304012	0.549191677139	0.267206099565	0.0	0.504567148381	0.628594736588	0.578306060899	0.447046602223	0.52757861769	0.481474997583	1.13748402127	0.864718540358	0.628808685355	0.707746186564	0.51875020783	0.75414057999	0.607450323828	1.26679320445	1.17558829386	0.707518724021	0.848372416626	0.790265954567	1.2323302465	0.970206950217	1.02142944418	0.973410729821	1.03384156114	1.0834957129	0.733873392943	0.763955896568	0.767867728371	0.805505128081	0.525828366361	1.09860192363	0.543977626873	0.971942953117	0.46882121798	0.97448521508
AG7	0.676744069599	0.682566022233	1.91415291928	0.655951319478	0.930086249396	0.680745775737	0.930556244563	0.53815138231	0.685346167231	0.640796094732	0.782219995167	0.784307675205	0.656667409377	1.59307443209	0.692149845336	0.670700067666	0.751429429676	0.730967158047	1.36888064282	0.881251633639	0.593006636056	0.456251865636	0.656424021266	0.65558181247	1.39560044466	0.595018351861	0.646212358627	0.504567148381	0.0	0.244037100048	0.789331594973	0.6809939826	0.598675790237	0.647989270179	1.26858508942	0.976377249879	0.894922754954	0.533421580474	0.783544625423	0.831849149348	0.723102092798	0.975440140164	0.876668898018	0.54157840986	1.02090281295	0.962382141131	1.39015106332	1.11218188014	1.1793962349	1.147669884	1.27125042049	1.23854983084	0.910091126148	0.962657912035	0.965574973417	0.967456655389	0.654193243113	1.26107970517	0.685390140164	1.13763621073	0.687659038183	1.15893631706
AG8	0.674163035283	0.726476616723	1.82881464959	0.584458646689	0.896460391493	0.774316679555	0.803257916868	0.698511391977	0.883431232479	0.594374538424	0.946159115515	0.765302832286	0.757783620106	1.50151316578	0.693454968584	0.690438753021	0.872738226196	0.851394552924	1.20837096665	0.733631005317	0.567729246013	0.553481899468	0.840539439343	0.841740662156	1.30176707588	0.56421138231	0.779108695022	0.628594736588	0.244037100048	0.0	0.872970125665	0.789130029	0.793034630256	0.784864833253	1.23829806187	0.997711981634	1.01636158531	0.515765418076	0.889203852102	0.787300362494	0.76130438376	0.924798931851	0.817508801353	0.528762460126	1.15578077332	1.08173627356	1.36038953601	1.19238930401	1.13684213146	1.16160092315	1.35554283229	1.30269837603	0.981003518608	1.04648331561	1.05591953601	1.03227790237	0.743113320445	1.25257456259	0.763856346061	1.17845583374	0.791823136781	1.23801230546
AH7	0.759499279845	0.834988685355	2.44805711938	1.24911869019	1.18330274529	0.818668854519	1.20083297245	0.824205964234	0.91025979217	0.917985679072	0.823537999033	1.01350132914	0.823568912518	2.14683267762	1.00945630739	0.788277849203	0.629932344128	0.607804059932	1.70142535524	1.30667659739	0.922067916868	0.613797496375	0.729224925085	0.733812924118	1.56666116481	0.67600282262	0.669880299662	0.578306060899	0.789331594973	0.872970125665	0.0	0.27028882552	0.903072431126	0.858073847269	1.16545278879	0.997899603673	0.796111507975	0.976323489609	0.757669898502	0.93652462059	0.825382977284	1.49568700822	1.39680878685	0.953461314645	0.959968627356	0.916046312228	1.30312214596	1.06822669889	1.16223365877	1.06586156597	1.150210029	1.15493200097	0.873931894635	0.834004074432	0.83350662639	0.855036089899	0.766584809087	1.17410229096	0.77425857419	1.01191575157	0.697044697922	1.06230147414
AH8	0.627733528275	0.68151320928	2.42924861286	1.15667218463	1.03700344128	0.653408119865	1.12589621073	0.669453107782	0.781325911068	0.811306491058	0.717048641856	0.864929594007	0.676988158531	2.10824395843	0.875542832286	0.621389507008	0.442116848719	0.418631522475	1.64963866602	1.26036263896	0.861002580957	0.501193629773	0.622938651522	0.618929879169	1.54956582407	0.595854248429	0.562036085065	0.447046602223	0.6809939826	0.789130029	0.27028882552	0.0	0.756717602707	0.690834050266	1.11930601257	0.896992740454	0.68888242146	0.860477796037	0.582252286129	0.796858086032	0.669786747221	1.42912949251	1.33290656356	0.822946428226	0.846030038666	0.801875737071	1.15698274529	0.927652991783	1.04339580474	0.923570149831	0.990936824553	1.01652776704	0.697219917835	0.678676650556	0.693234649589	0.698188047366	0.604895848236	1.02059098115	0.605286491058	0.880573286612	0.533091242146	0.919199492508
AA5	0.842424238763	0.617581532141	2.28409435476	1.10064678105	0.962448719188	0.507178337361	1.22491738038	0.316090710488	0.23949638956	0.899095548574	0.441086080232	0.732436824553	0.591399748671	1.96392695505	0.712477341711	0.75280537941	0.533596297728	0.530858337361	1.84174321895	1.38051782504	0.972951406477	0.62320879652	0.480628124698	0.465020840986	1.8460282117	0.815264156597	0.413010778154	0.52757861769	0.598675790237	0.793034630256	0.903072431126	0.756717602707	0.0	0.257229149348	1.19926700822	0.882966930884	0.569029052682	0.596615959401	0.594882812953	0.8856040116	0.652479932334	1.22812800387	1.14022708555	0.619621237313	0.742357481875	0.65017477042	1.30821527308	1.04444346061	1.08852318995	1.07069217013	1.1103241421	1.16665152731	0.813259434509	0.839713566941	0.820787486709	0.886611391977	0.636242257129	1.18555536008	0.670805147414	1.06122763171	0.590727820203	1.04349449493
AA6	0.770111135814	0.56927861769	2.36966028516	1.09071521508	0.951018303528	0.413244374094	1.1494221508	0.320519666506	0.337839661672	0.830907423876	0.456103185114	0.71842542291	0.510914330594	2.04291738038	0.697266549058	0.674407588207	0.524490628323	0.483052203963	1.83557545191	1.35531495892	0.918018332528	0.593703745771	0.507117100048	0.485719830836	1.80136374094	0.747627892702	0.421736863219	0.481474997583	0.647989270179	0.784864833253	0.858073847269	0.690834050266	0.257229149348	0.0	1.06998057516	0.787957849203	0.517287829869	0.590773450942	0.473091884969	0.816570338328	0.538160836153	1.31451698888	1.21666959401	0.604559328178	0.563178859352	0.499402527791	1.1986960319	0.935776476559	0.962639463509	0.92628637506	1.0091317158	1.05122250362	0.685962474625	0.728572353794	0.723302165297	0.759016355727	0.575577506042	1.06546659739	0.603928535524	0.92512378927	0.480881445143	0.935260628323
AB5	1.09488071049	0.928330473659	2.57386006767	1.38819646689	0.840133272112	0.971121401643	1.22329372644	1.07950820686	1.20306051716	1.0112018898	1.16755472209	0.812380681489	1.00031855969	2.27130865636	0.996093272112	1.0074042871	1.21653761237	1.17202271629	1.88224648623	1.45335323345	1.27056964717	1.14163650072	1.32572002417	1.30915453842	1.73789236829	1.09245316578	1.12894670855	1.13748402127	1.26858508942	1.23829806187	1.16545278879	1.11930601257	1.19926700822	1.06998057516	0.0	0.375941053649	0.946115480909	1.01866397293	0.963048487192	0.886850188497	0.869776230063	1.57689527308	1.50211319478	0.96708141131	0.95669777187	0.922884030933	0.843866756887	0.880381981634	0.68300340261	0.758946940551	1.0478522813	0.919708724021	0.796968250362	0.899410985984	0.91522662639	0.842291295312	1.02597239729	0.843766650556	1.01693662156	0.786538738521	1.00799361044	0.90864698405
AB6	0.86179340261	0.621507129048	2.45829810536	1.20722674239	0.692070381827	0.684290468826	1.05531833736	0.758608255196	0.91552117448	0.823951169647	0.935763905268	0.532554262929	0.730826737554	2.14779470759	0.751521546641	0.737133160947	0.979169801837	0.942755427743	1.77048391493	1.32145659739	1.15612501692	0.875621034316	1.08222657806	1.05947143548	1.68352623006	0.841549463509	0.870457776704	0.864718540358	0.976377249879	0.997711981634	0.997899603673	0.896992740454	0.882966930884	0.787957849203	0.375941053649	0.0	0.74210181247	0.725134644756	0.722382126631	0.710562416626	0.588052334461	1.40532599323	1.32364297728	0.670332440793	0.782924780087	0.740046070565	0.817387636539	0.670883885935	0.553924852586	0.54802542291	0.842980536491	0.748601454809	0.539749139681	0.677467061382	0.689944528758	0.627969884002	0.708508501692	0.714524098598	0.706868260029	0.57865921218	0.753588042533	0.696873827936
AC5	0.894926321895	0.712485258579	2.61078065249	1.34174007733	0.980549594007	0.547573489609	1.27525509425	0.577471150314	0.551987510875	0.963820164331	0.467987680039	0.777168477525	0.698475471242	2.30205960367	0.885430869985	0.796871851136	0.526716312228	0.495109110681	1.92691347028	1.47599490092	1.17916630739	0.813042943451	0.595386379894	0.583410183664	1.87965032383	0.854818119865	0.498289652006	0.628808685355	0.894922754954	1.01636158531	0.796111507975	0.68888242146	0.569029052682	0.517287829869	0.946115480909	0.74210181247	0.0	0.767719898502	0.447903852102	0.892882991783	0.644814272595	1.59082208313	1.48896849203	0.78737879652	0.519900492992	0.456691150314	1.05272608507	0.782411865636	0.936010947318	0.841681261479	0.832371512808	0.872517332044	0.613988371194	0.568967965201	0.586050797487	0.600897950701	0.735711967134	0.906997269212	0.742040541324	0.81364282262	0.569346742388	0.759013726438
AC6	0.779221889802	0.531847583374	2.00107354277	0.765184596423	0.709952914451	0.632996839053	0.760367375544	0.506243354277	0.719606955051	0.548322759787	0.816701749638	0.590024238763	0.594324649589	1.69080246979	0.509095949734	0.668680362494	0.854546118898	0.83069040116	1.46809715805	1.00480809087	0.819671551474	0.685616964717	0.860163078782	0.823090633156	1.51740889802	0.685407781537	0.724318047366	0.707746186564	0.533421580474	0.515765418076	0.976323489609	0.860477796037	0.596615959401	0.590773450942	1.01866397293	0.725134644756	0.767719898502	0.0	0.719683141614	0.682847713871	0.552852498792	0.856125471242	0.757507230546	0.284120173997	0.96129019333	0.895747066216	1.16233972934	0.989255785404	0.930627974867	0.93941178347	1.14544510875	1.07808058482	0.78760181247	0.867197481875	0.883847264379	0.849174137264	0.612954543258	1.05608132431	0.64605918318	0.96655318028	0.644084649589	1.02702946834
AD6	0.73074219913	0.537754707588	2.52314839053	1.16733010633	0.859595708072	0.408428786854	1.1784082552	0.45937421943	0.574946239729	0.859823117448	0.516622812953	0.66891298695	0.501367752537	2.19451251329	0.722765181247	0.620950029	0.496179246013	0.46649817303	1.82143554374	1.38834894152	1.07344086032	0.714213620106	0.643836940551	0.644324330594	1.77951584824	0.765522677622	0.510706640889	0.51875020783	0.783544625423	0.889203852102	0.757669898502	0.582252286129	0.594882812953	0.473091884969	0.963048487192	0.722382126631	0.447903852102	0.719683141614	0.0	0.73480780087	0.399400589657	1.49564494925	1.39803450942	0.71099219913	0.657298728855	0.591682000967	0.916953339778	0.657802841953	0.856360241663	0.718198134364	0.74434341711	0.776798197197	0.472075326245	0.468783523441	0.465646220396	0.504703436443	0.537671324311	0.794119884002	0.541387448043	0.68766778637	0.346947346544	0.669586384727
AE5	0.561013499275	0.526799502175	2.28291723538	0.948979357177	0.659680908652	0.772520318995	0.797145471242	0.737707201547	0.98713937651	0.542041899468	0.995684736588	0.619605224746	0.709827269212	1.95425024166	0.609869482842	0.459540101498	0.8803140261	0.852745519575	1.46328968584	1.06256316095	0.936705703238	0.797481121315	1.00292735138	0.977432044466	1.33249019333	0.615901652972	0.850791367811	0.75414057999	0.831849149348	0.787300362494	0.93652462059	0.796858086032	0.8856040116	0.816570338328	0.886850188497	0.710562416626	0.892882991783	0.682847713871	0.73480780087	0.0	0.393221556307	1.1955978057	1.09048968584	0.606648226196	1.09850322378	1.06905711938	0.94275020783	0.883891957467	0.78754622523	0.7633100145	1.06446491542	0.96739898985	0.64597777187	0.747740294828	0.804367467376	0.687158612856	0.523534349927	0.905420715321	0.528615480909	0.812100749154	0.670784146931	0.925223504108
AE6	0.545698032866	0.327827689705	2.37581352344	1.01504398743	0.677885461576	0.49850022233	0.950637061382	0.494477515708	0.692720430159	0.656701261479	0.711395137748	0.523960932818	0.440237148381	2.04684162881	0.539337090382	0.414430106332	0.663940473659	0.636108496858	1.60878180764	1.19267304012	0.971360686322	0.696496655389	0.82200277912	0.79933717738	1.55834931368	0.602877612373	0.634090285162	0.607450323828	0.723102092798	0.76130438376	0.825382977284	0.669786747221	0.652479932334	0.538160836153	0.869776230063	0.588052334461	0.644814272595	0.552852498792	0.399400589657	0.393221556307	0.0	1.30787717738	1.20495735138	0.494691580474	0.838431585307	0.796466022233	0.885045287579	0.672496220396	0.724459284679	0.628134035766	0.85231558724	0.772581029483	0.439140507492	0.517416321895	0.546111778637	0.498729661672	0.397936321895	0.761335775737	0.410862991783	0.645768666022	0.411816056066	0.723957278879
AF5	1.27121347994	1.2221397245	1.31357247946	0.619879328178	1.16012515225	1.3680481392	0.858221933301	1.22517756404	1.33877837119	0.983330840986	1.50659267279	1.2195381102	1.29705109715	1.01346479942	1.05671971	1.24576625906	1.47813817303	1.48552068632	0.97696279362	0.706094567424	1.17218558724	1.20670129531	1.4314140116	1.41818388594	1.46461486225	1.22537948768	1.38576533591	1.26679320445	0.975440140164	0.924798931851	1.49568700822	1.42912949251	1.22812800387	1.31451698888	1.57689527308	1.40532599323	1.59082208313	0.856125471242	1.49564494925	1.1955978057	1.30787717738	0.0	0.160431512808	0.978461324311	1.70934816336	1.63980956017	1.7019717158	1.64168416626	1.52430682455	1.59753841469	1.7910157129	1.72722254712	1.5077738956	1.60296189947	1.60472410343	1.57534322378	1.22849928951	1.69282521991	1.26035905752	1.62591058966	1.38649974867	1.68349182697
AF6	1.16439859352	1.11950357177	1.39953110681	0.545002102465	1.09026297728	1.27369822136	0.7521720058	1.12993672305	1.25898357177	0.878348820686	1.41928021266	1.14735311261	1.2037959884	1.09738534074	0.973023856936	1.14040499275	1.39227397777	1.39450951184	0.997372266796	0.704193088449	1.07381005317	1.10673298212	1.33456029483	1.32264472692	1.46398369744	1.12230086999	1.29566068632	1.17558829386	0.876668898018	0.817508801353	1.39680878685	1.33290656356	1.14022708555	1.21666959401	1.50211319478	1.32364297728	1.48896849203	0.757507230546	1.39803450942	1.09048968584	1.20495735138	0.160431512808	0.0	0.871387810536	1.61020284679	1.53978411793	1.63741877235	1.57613975834	1.46145567907	1.53250826486	1.72153758821	1.66349081199	1.41158922668	1.50377866119	1.50920371677	1.47451161431	1.13001141131	1.62880305462	1.15992854036	1.56165327695	1.29120058966	1.61444466409
AG5	0.701273557274	0.457898864186	2.0886541131	0.798515442243	0.591571261479	0.604172576124	0.787292682455	0.504423054616	0.728914098598	0.522650821653	0.810359545674	0.472705969067	0.539053697438	1.76447827453	0.446223460609	0.585019647173	0.826714354761	0.797686128565	1.46871440309	0.998056964717	0.781296926051	0.690210246496	0.893370647656	0.851356752054	1.43816179314	0.617112324795	0.732981701305	0.707518724021	0.54157840986	0.528762460126	0.953461314645	0.822946428226	0.619621237313	0.604559328178	0.96708141131	0.670332440793	0.78737879652	0.284120173997	0.71099219913	0.606648226196	0.494691580474	0.978461324311	0.871387810536	0.0	0.959237916868	0.900217989367	1.07531785404	0.925103905268	0.85013219913	0.856763769937	1.09565486225	1.01169498792	0.708680932818	0.802809062349	0.835273653939	0.765448985017	0.574159202513	0.966326457226	0.600913102948	0.884245253746	0.634578869019	0.965355877235
