	AA3	AA4	AB3	AB4	AC3	AC4	AD3	AD4	AE3	AE4	AF3	AF4	AG3	AG4	AH3	AH4	AA7	AA8	AB7	AB8	AC7	AC8	AD7	AD8	AE7	AE8	AF7	AF8	AG7	AG8	AH7	AH8	AA5	AA6	AB5	AB6	AC5	AC6	AD6	AE5	AE6	AF5	AF6	AG5	AH5	AH6	AA1	AA2	AB1	AB2	AC1	AC2	AD1	AD2	AE1	AE2	AF1	AF2	AG1	AG2	AH1	AH2
AA3	0.0	0.529775263412	2.25726009183	1.00768189947	0.826224378927	0.681524794587	0.936031633639	0.729316906718	0.865737709038	0.673730894152	0.905160362494	0.774642561624	0.697699347511	1.90642927501	0.758124146931	0.250467694538	0.759176046399	0.735508477525	1.46081208797	1.07253888835	0.795680710488	0.62609340261	0.872349105848	0.83964580957	1.3870879797	0.588560256162	0.722417317545	0.652081793137	0.696147970034	0.639083189947	0.733891082649	0.688671271145	0.82591260029	0.817682431126	1.07259416626	0.868112735621	0.933966413726	0.749163431609	0.722743131948	0.587418956017	0.542291744804	1.25269944418	1.16947357661	0.697913175447	1.07021687772	1.0594738811	0.984806839053	0.934058970517	0.922621928468	0.84498858869	1.05253928951	0.959292078299	0.652530057999	0.715729932334	0.737134755921	0.647119623006	0.523114272595	0.872642281295	0.502637636539	0.838522295795	0.650926529725	0.925587588207
AA4	0.529775263412	0.0	2.22976511841	0.947378632189	0.571688090865	0.532800492992	0.892966868052	0.487598076365	0.684416201063	0.559815302078	0.782350444659	0.469511851136	0.443614311261	1.87733337361	0.280882870952	0.32472262929	0.669091000483	0.689593262446	1.52559956017	1.07645921701	0.857446413726	0.680876911551	0.839167356211	0.829139246013	1.47972861769	0.61076457709	0.703718535524	0.635908869019	0.659312938618	0.643769869502	0.855792928951	0.727356384727	0.633932493958	0.658925650072	0.931577452876	0.666244857419	0.7823940116	0.505071454809	0.601563093282	0.517079217013	0.407607066216	1.17028715805	1.07883452392	0.457890004833	0.944275756404	0.89331739971	0.927902924118	0.80645719188	0.75088482842	0.752877240213	0.939502827453	0.854761222813	0.598009439343	0.643838670855	0.646857114548	0.592285480909	0.442765437409	0.791373233446	0.42184222813	0.725253827936	0.484997017883	0.782783257612
AB3	2.25726009183	2.22976511841	0.0	1.4156840406	2.19474485742	2.3779478347	1.86119602707	2.27646461576	2.3477721073	2.09473968584	2.50808333494	2.27360630739	2.31020457226	0.392849279845	2.15795807153	2.26141413726	2.47099587724	2.49729462059	1.17226918318	1.45472256646	1.95839230546	2.21439078782	2.42116762204	2.39498841469	1.89520456259	2.14431940068	2.37714402127	2.28530886419	1.90554385694	1.86062724505	2.44227355244	2.45290240213	2.30702754954	2.393520145	2.5236519478	2.45340861286	2.64110290962	1.96983133398	2.52693772354	2.32579478492	2.38112172547	1.315539739	1.3871240696	2.04814840503	2.73059146931	2.65655630256	2.66580500725	2.66946326728	2.52165570807	2.61072223296	2.76687065249	2.70460183664	2.55185515708	2.61408657322	2.6011897825	2.56567919285	2.31812609957	2.63144565007	2.30214807153	2.61277299178	2.38248993717	2.67972047849
AB4	1.00768189947	0.947378632189	1.4156840406	0.0	0.95989257129	1.07554117448	0.750822783954	1.04982322378	1.18836798937	0.863134968584	1.25772349928	1.0085340116	0.923409038183	1.04775510875	0.902338641856	0.974458303528	1.22198971	1.23816188014	0.961314045433	0.499981657806	0.890707423876	1.01388737554	1.20398963267	1.18390591107	1.27372205897	0.919162029966	1.17960233929	1.07442374094	0.703505142581	0.668723301112	1.29202302562	1.23128235379	1.14547260512	1.17924854519	1.40438823586	1.27568636056	1.4446662639	0.786539830836	1.23732972934	1.0540021218	1.08567290962	0.556435205413	0.489995234413	0.802344335428	1.51623318995	1.45589507492	1.49153738038	1.43498491058	1.31895103915	1.39544508458	1.56413629773	1.49883503142	1.27827560174	1.35330820686	1.37605404543	1.29517265829	1.06753971967	1.42128665539	1.04702304495	1.36517761237	1.11967280812	1.44027197197
AC3	0.826224378927	0.571688090865	2.19474485742	0.95989257129	0.0	0.69035460609	0.921475142581	0.766863073949	0.920285335911	0.62184260029	1.01726594973	0.295455862736	0.741282914451	1.84713618656	0.600009763171	0.691724272595	0.932127936201	0.947237738038	1.450110232	1.05380901885	1.01273211696	0.999233305945	1.17568882552	1.17323642339	1.32359	0.790955103915	1.04514515708	0.979585930401	0.878915954567	0.846675621073	1.13512918801	1.00591089415	0.938243494442	0.932625099082	0.799146964717	0.701410357661	0.974770589657	0.689449038183	0.807903663606	0.611789444176	0.678747530208	1.1689881827	1.08945601257	0.600786901885	1.13413533108	1.09810698888	0.859537887869	0.898657520541	0.71556537941	0.805907757371	1.02391524891	0.915402150797	0.703489207347	0.7985020058	0.807301483809	0.737908371194	0.788527776704	0.816302310295	0.749808724021	0.816277897535	0.800455065249	0.871559922668
AC4	0.681524794587	0.532800492992	2.3779478347	1.07554117448	0.69035460609	0.0	1.10732597873	0.37388918318	0.487539023683	0.762184688255	0.405244490092	0.509829995167	0.431598931851	2.02468502175	0.659850913485	0.58401242146	0.541915331078	0.525611657806	1.75719767521	1.26434157564	0.897330202997	0.583977665539	0.66756857419	0.670233562107	1.65630482842	0.717635490575	0.565279637506	0.540260749154	0.659537317545	0.739390352827	0.768614678589	0.611377448043	0.491170454326	0.43150922668	0.972424983084	0.720213779604	0.630292223296	0.622035089415	0.428266495892	0.698089038183	0.492417747704	1.334709797	1.25290733204	0.575565142581	0.745632450459	0.687856674722	1.02894202513	0.82104778637	0.783483958434	0.783169961334	0.904812232963	0.905485070082	0.60021218463	0.656643823103	0.635698322861	0.611414122765	0.550223755437	0.899542812953	0.581780333494	0.716561938134	0.407041725471	0.814075128081
AD3	0.936031633639	0.892966868052	1.86119602707	0.750822783954	0.921475142581	1.10732597873	0.0	1.01935900918	1.3069321363	0.453805147414	1.3561359014	0.974842044466	1.08323631706	1.50974587724	0.854272851619	0.925461251812	1.25720100048	1.26343371194	1.2768880522	0.81541622523	0.891629937168	1.02305484775	1.32049138231	1.29603331561	1.21313769937	0.884910140164	1.2001579217	1.13841665539	0.928360676655	0.810552126631	1.21371305945	1.18068834703	1.25136096665	1.21192818753	1.23274730788	1.10295308845	1.38038841953	0.754745688739	1.19600509908	0.894213808603	0.985258641856	0.80388019333	0.726749995167	0.776972155631	1.46025476559	1.4148760319	1.39277178347	1.41168324795	1.17081690672	1.25472560657	1.52477816336	1.41840195263	1.22036694055	1.28120080232	1.28565677139	1.20249573224	1.02069335911	1.32764898502	0.992896491058	1.24191037216	1.15389454809	1.37766542774
AD4	0.729316906718	0.487598076365	2.27646461576	1.04982322378	0.766863073949	0.37388918318	1.01935900918	0.0	0.327825799903	0.641917999033	0.488824422426	0.61438962784	0.540151546641	1.9265942436	0.602198762687	0.595586814886	0.563611077815	0.55285078782	1.76872932334	1.26324331561	0.855666355727	0.550850019333	0.567436529725	0.552314151764	1.72564289512	0.75106560174	0.532270434993	0.469482218463	0.547160961817	0.696992924118	0.816114417593	0.628024301595	0.321288859352	0.378693218946	1.06728409377	0.793994388594	0.608086520058	0.516964185597	0.477130111165	0.723595263412	0.54469319478	1.22220158047	1.13029413726	0.520252083132	0.722711648139	0.664075321411	1.11482747704	0.901121445143	0.920778777187	0.909131295312	0.956764151764	0.998221899468	0.702121280812	0.699503948768	0.654886945384	0.687431445143	0.549623378444	0.988655456742	0.587430144998	0.830195403577	0.474306810053	0.898203247946
AE3	0.865737709038	0.684416201063	2.3477721073	1.18836798937	0.920285335911	0.487539023683	1.3069321363	0.327825799903	0.0	0.934800029	0.38836737071	0.774289096182	0.622309333011	2.00388630739	0.756984050266	0.764912730788	0.531368670855	0.529187423876	1.93102453842	1.44464430159	1.00316424843	0.677126065732	0.470474480425	0.457895582407	1.91242031416	0.939869023683	0.502495258579	0.479172319961	0.66902017883	0.85937679072	0.900200671822	0.696483276945	0.237078545191	0.332593721605	1.18764047849	0.932437916868	0.543631846303	0.714750430159	0.580041401643	0.945005519575	0.721148786854	1.33027133398	1.25143135331	0.738563702272	0.755420976317	0.64617338811	1.22502482842	0.991979531174	1.04963831319	1.03463742388	1.03671053166	1.10516386177	0.796530048333	0.814371034316	0.746391266312	0.804203528275	0.683048347028	1.10490493958	0.743680681489	0.939981822136	0.568253576607	0.992849250846
AE4	0.673730894152	0.559815302078	2.09473968584	0.863134968584	0.62184260029	0.762184688255	0.453805147414	0.641917999033	0.934800029	0.0	1.01981000967	0.642049782504	0.757611894635	1.74250998067	0.577318965684	0.594888738521	0.892611764137	0.894753784437	1.4497019188	0.965205770904	0.758270618656	0.740990821653	0.974640125665	0.950438028033	1.3356602175	0.599191072982	0.842286500725	0.780466684389	0.664813170614	0.626186099565	0.954458506525	0.841420753987	0.886545940068	0.868498709522	0.92417539391	0.785691314645	0.993854900918	0.487615002417	0.824854731754	0.567032566457	0.624793591107	0.981191420976	0.89146277912	0.463125703238	1.13137181247	1.09186938618	1.06711253262	1.08505304495	0.88764939101	0.958764886419	1.20822093282	1.10563721121	0.877700952151	0.9303200145	0.91785558724	0.840085055582	0.667365746738	1.01482602223	0.643237839536	0.936440323828	0.791752957951	1.05017362977
AF3	0.905160362494	0.782350444659	2.50808333494	1.25772349928	1.01726594973	0.405244490092	1.3561359014	0.488824422426	0.38836737071	1.01981000967	0.0	0.834633499275	0.666978695022	2.15691676172	0.885774891252	0.830413992267	0.463826993717	0.453277172547	1.97038208797	1.47612891735	1.04768657322	0.745659681005	0.389577781537	0.401518545191	1.94089839536	0.979496752054	0.460905132914	0.566999052682	0.759553320445	0.931843368777	0.798042919285	0.612774794587	0.422199043016	0.43640237796	1.16813093282	0.959824320928	0.460885635573	0.811909091348	0.502999299178	0.958362875785	0.72621257129	1.48987855969	1.41354179797	0.801243243113	0.693493325278	0.60289722088	1.18363530208	0.95898879652	1.07290301595	0.996290256162	1.00394938618	1.04466544224	0.781550729821	0.758977032383	0.737212711455	0.742158158531	0.773832933784	1.05043727888	0.821952344128	0.911536307395	0.547182919285	0.954327564041
AF4	0.774642561624	0.469511851136	2.27360630739	1.0085340116	0.295455862736	0.509829995167	0.974842044466	0.61438962784	0.774289096182	0.642049782504	0.834633499275	0.0	0.593238951184	1.92425367327	0.537055766071	0.617279333011	0.845853484775	0.85085242146	1.59727103432	1.10981225713	0.960267109715	0.857703919768	1.0300119478	1.02527689705	1.47223089899	0.69093497825	0.909298322861	0.8485459884	0.799858873852	0.766950323828	1.04501255196	0.921495862736	0.788376051232	0.772084963751	0.765934523925	0.523484441759	0.798069381344	0.595827182214	0.710216114065	0.609926679555	0.601990410826	1.21283015466	1.13034496375	0.521384117931	0.929703895602	0.878916616723	0.818167119381	0.781046230063	0.592997781537	0.673652493958	0.907433779604	0.819944016433	0.601499221846	0.675159347511	0.701032223296	0.678919845336	0.693946558724	0.733398530691	0.665498525858	0.678928144031	0.689055906235	0.751048699855
AG3	0.697699347511	0.443614311261	2.31020457226	0.923409038183	0.741282914451	0.431598931851	1.08323631706	0.540151546641	0.622309333011	0.757611894635	0.666978695022	0.593238951184	0.0	1.94062436926	0.509906075399	0.53538637506	0.559169246013	0.566366703722	1.68999978734	1.20400182214	0.910597612373	0.648182445626	0.709943185114	0.736892957951	1.58388800387	0.671336897052	0.613042097632	0.580012179797	0.655092701788	0.721215935234	0.842442329628	0.678865398743	0.587011445143	0.561688670855	1.01501541808	0.774589424843	0.780473600773	0.596857510875	0.569488530691	0.686041744804	0.479062073465	1.27895642339	1.18886397293	0.571960062832	0.881308047366	0.842193615273	1.00337547608	0.816142455292	0.813337989367	0.812197119381	0.957035195747	0.887763547608	0.584845567907	0.667159719671	0.695352344128	0.617444180764	0.476314258096	0.886007032383	0.489383866602	0.755798685355	0.408072518125	0.819972542291
AG4	1.90642927501	1.87733337361	0.392849279845	1.04775510875	1.84713618656	2.02468502175	1.50974587724	1.9265942436	2.00388630739	1.74250998067	2.15691676172	1.92425367327	1.94062436926	0.0	1.81103695988	1.90837399227	2.12375339294	2.14804360077	0.912708786854	1.11623492025	1.61140864186	1.86366525858	2.0731718463	2.04455423393	1.62789965201	1.79601138714	2.02679443209	1.93404448526	1.56365875302	1.51318230546	2.10638227163	2.10302120348	1.96249324311	2.04143490575	2.17948420493	2.10854341228	2.2994898115	1.62540532141	2.174910087	1.97598656839	2.02920931368	0.975788332528	1.05358598357	1.70083910585	2.38245270662	2.30548187047	2.31322254229	2.31544281295	2.16977927501	2.25565489609	2.41885532141	2.3527782407	2.19939403577	2.25923998067	2.25732466892	2.21165257129	1.96801058482	2.27832654906	1.95348442726	2.25824391493	2.03224280329	2.33105621556
AH3	0.758124146931	0.280882870952	2.15795807153	0.902338641856	0.600009763171	0.659850913485	0.854272851619	0.602198762687	0.756984050266	0.577318965684	0.885774891252	0.537055766071	0.509906075399	1.81103695988	0.0	0.55102221363	0.769129801837	0.789063064282	1.52713541324	1.05428695988	0.894805998067	0.795173905268	0.927922967617	0.941870449493	1.47202728371	0.720382276462	0.812373914935	0.747042324795	0.704220739488	0.679183025616	1.02389073465	0.880575553407	0.714110908652	0.736162305462	0.980281454809	0.752872735621	0.909572252296	0.523747433543	0.734124639923	0.615876665056	0.563194354761	1.09111777187	1.00896851136	0.472261430643	1.05890572257	1.00633315611	0.996625012083	0.897196708555	0.7934139826	0.860563465442	1.03102975834	0.962792358627	0.753393160947	0.805719502175	0.799693083615	0.754875273079	0.579097907202	0.87972522958	0.554646384727	0.829405012083	0.620366365394	0.880674954084
AH4	0.250467694538	0.32472262929	2.26141413726	0.974458303528	0.691724272595	0.58401242146	0.925461251812	0.595586814886	0.764912730788	0.594888738521	0.830413992267	0.617279333011	0.53538637506	1.90837399227	0.55102221363	0.0	0.636986302562	0.640909840503	1.47766113581	1.07447091348	0.823158545191	0.609667109715	0.788536539391	0.779994229096	1.42196741904	0.568813740938	0.653426413726	0.599505514741	0.66304358144	0.639322861286	0.759592445626	0.626319304012	0.716218177864	0.708140855486	0.989916785887	0.753682924118	0.842976515225	0.617699855002	0.62450719188	0.498180724988	0.416842010633	1.22931422426	1.13855947318	0.565960753987	0.971836036733	0.955031126148	0.924866201063	0.841304673755	0.818852329628	0.760029961334	0.966457481875	0.871172058966	0.576819560174	0.630392271629	0.652843620106	0.573699072015	0.368871043983	0.800458830353	0.352869246013	0.743691005317	0.52004842436	0.827868274529
AA7	0.759176046399	0.669091000483	2.47099587724	1.22198971	0.932127936201	0.541915331078	1.25720100048	0.563611077815	0.531368670855	0.892611764137	0.463826993717	0.845853484775	0.559169246013	2.12375339294	0.769129801837	0.636986302562	0.0	0.13957101015	1.79566512808	1.35012266796	0.981914117931	0.630677694538	0.434153117448	0.464659294345	1.76719525858	0.839991759304	0.352775036249	0.416668985017	0.720516331561	0.838836162397	0.645569130014	0.358029347511	0.475776708555	0.486315925568	1.19549545191	0.982866307395	0.562251063316	0.805810729821	0.515184736588	0.877295060416	0.658194151764	1.4518058434	1.37194043983	0.804780434993	0.777428632189	0.691639758337	1.09735831319	0.891472774287	1.06500702272	0.977092029966	0.916146085065	0.976006462059	0.673676457226	0.688954233929	0.6545020058	0.667975901402	0.521418293862	0.959288690188	0.569973673272	0.909797781537	0.421964615756	0.872373291445
AA8	0.735508477525	0.689593262446	2.49729462059	1.23816188014	0.947237738038	0.525611657806	1.26343371194	0.55285078782	0.529187423876	0.894753784437	0.453277172547	0.85085242146	0.566366703722	2.14804360077	0.789063064282	0.640909840503	0.13957101015	0.0	1.80651258096	1.34420304495	0.972151092315	0.61139121798	0.419081865636	0.447944021266	1.74609297728	0.81387257129	0.348453383277	0.397163252779	0.717312580957	0.832430710488	0.60590521508	0.314374238763	0.48373561624	0.503409342678	1.19622217013	0.990627892702	0.541896901885	0.82763919768	0.499840202997	0.874504117931	0.663817061382	1.48631306428	1.40316901402	0.817983441276	0.745265500242	0.680343267279	1.12220820203	0.897065582407	1.07226242146	0.973716312228	0.918715645239	0.982809681005	0.696171749638	0.677291836636	0.653415026583	0.670064359594	0.539950618656	0.983262455292	0.585651884969	0.901175055582	0.439605369744	0.879251831803
AB7	1.46081208797	1.52559956017	1.17226918318	0.961314045433	1.450110232	1.75719767521	1.2768880522	1.76872932334	1.93102453842	1.4497019188	1.97038208797	1.59727103432	1.68999978734	0.912708786854	1.52713541324	1.47766113581	1.79566512808	1.80651258096	0.0	0.549877143548	1.48001698405	1.62015549541	1.92065909618	1.882010029	1.09029959401	1.41079359111	1.78537404543	1.69061189947	1.38243035283	1.21667390527	1.71348897052	1.72406435476	1.85764601257	1.89364999517	1.86346321895	1.79654855486	1.9908579217	1.44393351861	1.83295697922	1.52022051716	1.62324292412	0.964819043016	0.996570507492	1.47747227163	2.1455038231	2.10645402127	1.9114518318	1.9617762204	1.83178969551	1.84891227646	2.06934390527	1.9742300145	1.79575322378	1.84979685839	1.8572660029	1.8067340116	1.62066803287	1.87796755437	1.59571865636	1.8791099565	1.73686887385	1.95580517641
AB8	1.07253888835	1.07645921701	1.45472256646	0.499981657806	1.05380901885	1.26434157564	0.81541622523	1.26324331561	1.44464430159	0.965205770904	1.47612891735	1.10981225713	1.20400182214	1.11623492025	1.05428695988	1.07447091348	1.35012266796	1.34420304495	0.549877143548	0.0	1.02031698888	1.14373528758	1.41949304978	1.38237977767	1.12279191397	0.939128134364	1.29417318995	1.20013016433	0.871195683905	0.728919110681	1.29051393427	1.28299528275	1.36631976317	1.39721514258	1.42514031416	1.32515982117	1.52513363461	0.958301227646	1.39412662156	1.10006376027	1.19843683905	0.703480333494	0.672566085065	0.979180734654	1.6751478782	1.62509104882	1.56599086032	1.55542294345	1.39343261962	1.43187755921	1.6720341276	1.58541499758	1.40916290478	1.44438468342	1.44945497825	1.40216045433	1.18907738521	1.50452952151	1.17335598357	1.46057323828	1.25666086515	1.55376573224
AC7	0.795680710488	0.857446413726	1.95839230546	0.890707423876	1.01273211696	0.897330202997	0.891629937168	0.855666355727	1.00316424843	0.758270618656	1.04768657322	0.960267109715	0.910597612373	1.61140864186	0.894805998067	0.823158545191	0.981914117931	0.972151092315	1.48001698405	1.02031698888	0.0	0.481397931368	0.982470840986	0.94630217013	1.39852044466	0.692208371194	0.904719632673	0.815232750121	0.557405664572	0.547449023683	0.859115418076	0.826344693088	0.930929163847	0.916477187047	1.24536388594	1.11595963267	1.20153149348	0.758909903335	1.04474893668	0.983019927501	0.949848356694	1.1376181827	1.05848840019	0.710714349927	1.09801824553	1.09159490092	1.4504542291	1.41327198647	1.21238827453	1.28263768004	1.53026335428	1.45369458676	1.11129475109	1.18665855969	1.21035218946	1.13258141614	0.913391126148	1.36718609473	0.89040641856	1.2495539391	0.92745878202	1.4004458724
AC8	0.62609340261	0.680876911551	2.21439078782	1.01388737554	0.999233305945	0.583977665539	1.02305484775	0.550850019333	0.677126065732	0.740990821653	0.745659681005	0.857703919768	0.648182445626	1.86366525858	0.795173905268	0.609667109715	0.630677694538	0.61139121798	1.62015549541	1.14373528758	0.481397931368	0.0	0.641055026583	0.616020497825	1.54990684389	0.634513330111	0.475873272112	0.384389801837	0.465887201547	0.564738767521	0.600498559691	0.494657153214	0.59327980667	0.606936665056	1.1282961624	0.899709995167	0.856620347994	0.693859241179	0.70389160464	0.843029255679	0.707474195263	1.22364964717	1.13778610923	0.69470582407	0.848975993233	0.852138661189	1.29622094732	1.09119681005	1.05060174964	1.04780324795	1.1939221073	1.17273955534	0.827447617206	0.856739507008	0.867067597873	0.843771440309	0.566540318995	1.16393460126	0.615126205897	0.96916218463	0.571168255196	1.08199478492
AD7	0.872349105848	0.839167356211	2.42116762204	1.20398963267	1.17568882552	0.66756857419	1.32049138231	0.567436529725	0.470474480425	0.974640125665	0.389577781537	1.0300119478	0.709943185114	2.0731718463	0.927922967617	0.788536539391	0.434153117448	0.419081865636	1.92065909618	1.41949304978	0.982470840986	0.641055026583	0.0	0.13593477042	1.88780990333	0.877846471725	0.358285872402	0.434835219913	0.656209371677	0.836992653456	0.737457423876	0.522987462542	0.440208898018	0.49356698405	1.33420882069	1.11978263412	0.594319115515	0.840485828903	0.659205326245	1.02931738038	0.822639913001	1.41406943934	1.32981513291	0.876494528758	0.78558539391	0.698755253746	1.32979670855	1.0946661044	1.22621576124	1.1699719913	1.1235557709	1.19170510875	0.919754146931	0.883761512808	0.831472977284	0.887017912035	0.698865659739	1.20667719671	0.761046036733	1.07960810536	0.582952029966	1.09310682455
AD8	0.83964580957	0.829139246013	2.39498841469	1.18390591107	1.17323642339	0.670233562107	1.29603331561	0.552314151764	0.457895582407	0.950438028033	0.401518545191	1.02527689705	0.736892957951	2.04455423393	0.941870449493	0.779994229096	0.464659294345	0.447944021266	1.882010029	1.38237977767	0.94630217013	0.616020497825	0.13593477042	0.0	1.83930369744	0.825883929435	0.359358303528	0.415992358627	0.634324567424	0.798712692122	0.698765708072	0.507329308845	0.460619221846	0.507276563557	1.34437269696	1.12127658289	0.596064809087	0.829072450459	0.677185016916	1.03298465926	0.828421014983	1.38694998067	1.30297437893	0.86389441276	0.796876829386	0.708584842919	1.33539121798	1.10475136298	1.23905515225	1.16546823103	1.13901028033	1.20255445626	0.924396921218	0.895772087965	0.842596660222	0.89518038666	0.716699850169	1.21088513291	0.781509362011	1.07603133398	0.599904035766	1.09951528275
AE7	1.3870879797	1.47972861769	1.89520456259	1.27372205897	1.32359	1.65630482842	1.21313769937	1.72564289512	1.91242031416	1.3356602175	1.94089839536	1.47223089899	1.58388800387	1.62789965201	1.47202728371	1.42196741904	1.76719525858	1.74609297728	1.09029959401	1.12279191397	1.39852044466	1.54990684389	1.88780990333	1.83930369744	0.0	1.03248226196	1.76224003867	1.67728347994	1.40475006283	1.29428706138	1.57223530208	1.62988195747	1.84910879652	1.84595080715	1.69190651522	1.68393474142	1.95073923635	1.4958259594	1.78974646206	1.38960839536	1.54690035283	1.45821961334	1.44876564524	1.43559233929	2.01660500242	1.99613297728	1.71510032866	1.84041486709	1.63320701788	1.67332742388	1.97063128081	1.81427546641	1.66650004833	1.72356578057	1.74181286612	1.64627703722	1.59154425326	1.71574530208	1.54308539391	1.73252434026	1.69590179797	1.80190983567
AE8	0.588560256162	0.61076457709	2.14431940068	0.919162029966	0.790955103915	0.717635490575	0.884910140164	0.75106560174	0.939869023683	0.599191072982	0.979496752054	0.69093497825	0.671336897052	1.79601138714	0.720382276462	0.568813740938	0.839991759304	0.81387257129	1.41079359111	0.939128134364	0.692208371194	0.634513330111	0.877846471725	0.825883929435	1.03248226196	0.0	0.790758434026	0.700075882069	0.629166273562	0.554921667472	0.774138878685	0.736434069599	0.878088690188	0.873140096665	1.10326942484	0.914586669889	0.997248738521	0.688373905268	0.863397810536	0.694784461092	0.685011894635	1.1790357564	1.09179279845	0.648046307395	1.12002431609	1.08837880619	1.1487722958	1.09995811503	0.960305432576	1.00114230063	1.22810932818	1.15392840986	0.893478994683	0.928809125181	0.933196993717	0.871756312228	0.702640425326	1.0792979362	0.681295041083	0.975498327695	0.744195369744	1.0906660754
AF7	0.722417317545	0.703718535524	2.37714402127	1.17960233929	1.04514515708	0.565279637506	1.2001579217	0.532270434993	0.502495258579	0.842286500725	0.460905132914	0.909298322861	0.613042097632	2.02679443209	0.812373914935	0.653426413726	0.352775036249	0.348453383277	1.78537404543	1.29417318995	0.904719632673	0.475873272112	0.358285872402	0.359358303528	1.76224003867	0.790758434026	0.0	0.193756365394	0.61559720638	0.736221918801	0.633193214113	0.443117965201	0.429429134848	0.462562967617	1.18345262446	0.957058434026	0.569801111648	0.765126317061	0.573644519091	0.890006810053	0.685216495892	1.3767159594	1.29319146448	0.78231038666	0.794809710005	0.721927148381	1.21060869019	1.00262491058	1.07943650072	1.02687456742	1.02932573224	1.0851118608	0.780867085549	0.795075089415	0.768467356211	0.784971130981	0.55053377477	1.07328166747	0.592021420976	0.936447240213	0.468971599807	0.995262112131
AF8	0.652081793137	0.635908869019	2.28530886419	1.07442374094	0.979585930401	0.540260749154	1.13841665539	0.469482218463	0.479172319961	0.780466684389	0.566999052682	0.8485459884	0.580012179797	1.93404448526	0.747042324795	0.599505514741	0.416668985017	0.397163252779	1.69061189947	1.20013016433	0.815232750121	0.384389801837	0.434835219913	0.415992358627	1.67728347994	0.700075882069	0.193756365394	0.0	0.507520289995	0.624771836636	0.670227046883	0.453271836636	0.414758907685	0.470623605607	1.17576621556	0.947179623006	0.650057506042	0.696965804737	0.582311208313	0.841816621556	0.654805621073	1.28585564041	1.19996943451	0.725170734654	0.820746288062	0.781781831803	1.21424043499	0.99374182697	1.05820417593	1.03625392943	1.02799978734	1.08984726921	0.793518366361	0.804649144514	0.767614625423	0.803013740938	0.523766843886	1.0818978782	0.57835159014	0.947836355727	0.457119884002	0.987719482842
AG7	0.696147970034	0.659312938618	1.90554385694	0.703505142581	0.878915954567	0.659537317545	0.928360676655	0.547160961817	0.66902017883	0.664813170614	0.759553320445	0.799858873852	0.655092701788	1.56365875302	0.704220739488	0.66304358144	0.720516331561	0.717312580957	1.38243035283	0.871195683905	0.557405664572	0.465887201547	0.656209371677	0.634324567424	1.40475006283	0.629166273562	0.61559720638	0.507520289995	0.0	0.249576727888	0.770671474142	0.685160188497	0.613251145481	0.697679845336	1.26892833253	1.01015491542	0.911207365877	0.49999318028	0.788515065249	0.884238719188	0.743445534074	0.978172537458	0.881717245046	0.527059589174	1.04776856936	0.994953895602	1.34074463026	1.12284437893	1.15693378444	1.14042138231	1.23664446593	1.21461225713	0.92973919768	0.947060144998	0.946396897052	0.918930918318	0.656728245529	1.21236529241	0.688913958434	1.05677481875	0.674063557274	1.11235550024
AG8	0.639083189947	0.643769869502	1.86062724505	0.668723301112	0.846675621073	0.739390352827	0.810552126631	0.696992924118	0.85937679072	0.626186099565	0.931843368777	0.766950323828	0.721215935234	1.51318230546	0.679183025616	0.639322861286	0.838836162397	0.832430710488	1.21667390527	0.728919110681	0.547449023683	0.564738767521	0.836992653456	0.798712692122	1.29428706138	0.554921667472	0.736221918801	0.624771836636	0.249576727888	0.0	0.838790570324	0.783269086515	0.796415181247	0.821379057516	1.22843010633	0.983337423876	1.02910313678	0.479640483325	0.871079845336	0.834256462059	0.754454316095	0.948441367811	0.854491391977	0.499979207347	1.15343351377	1.09824422426	1.30451010633	1.20013013533	1.11375140164	1.14897762687	1.31645139198	1.26031858386	0.982654891252	1.01535521991	1.01110331078	0.975451232479	0.729465920735	1.18381969067	0.721276244563	1.11211301595	0.751365804737	1.18185681005
AH7	0.733891082649	0.855792928951	2.44227355244	1.29202302562	1.13512918801	0.768614678589	1.21371305945	0.816114417593	0.900200671822	0.954458506525	0.798042919285	1.04501255196	0.842442329628	2.10638227163	1.02389073465	0.759592445626	0.645569130014	0.60590521508	1.71348897052	1.29051393427	0.859115418076	0.600498559691	0.737457423876	0.698765708072	1.57223530208	0.774138878685	0.633193214113	0.670227046883	0.770671474142	0.838790570324	0.0	0.329879115515	0.881690720155	0.881893958434	1.18332553891	1.01803710005	0.82896077332	0.960504741421	0.780380768487	0.963468946351	0.821816379894	1.47950953117	1.39725845336	0.960009565007	0.961273702272	0.945551430643	1.26843491542	1.06788384727	1.17025533108	1.06882405993	1.14493920735	1.14205559207	0.856685741904	0.830016085065	0.817025258579	0.812108762687	0.752568400193	1.14300492508	0.795803247946	0.991250565491	0.699227249879	1.05149781054
AH8	0.688671271145	0.727356384727	2.45290240213	1.23128235379	1.00591089415	0.611377448043	1.18068834703	0.628024301595	0.696483276945	0.841420753987	0.612774794587	0.921495862736	0.678865398743	2.10302120348	0.880575553407	0.626319304012	0.358029347511	0.314374238763	1.72406435476	1.28299528275	0.826344693088	0.494657153214	0.522987462542	0.507329308845	1.62988195747	0.736434069599	0.443117965201	0.453271836636	0.685160188497	0.783269086515	0.329879115515	0.0	0.659711710971	0.644539801837	1.15947290962	0.951233634606	0.667385717738	0.859076143064	0.588908351861	0.868601923635	0.700255833736	1.45380225713	1.36682678105	0.846956307395	0.768103924601	0.756875621073	1.16118512808	0.950710782987	1.06568367811	0.974433334944	0.973326278395	1.03509334461	0.721239028516	0.709867738038	0.686842450459	0.699103412276	0.605956341228	1.03014729821	0.644627119381	0.905388743354	0.509961251812	0.936643692605
AA5	0.82591260029	0.633932493958	2.30702754954	1.14547260512	0.938243494442	0.491170454326	1.25136096665	0.321288859352	0.237078545191	0.886545940068	0.422199043016	0.788376051232	0.587011445143	1.96249324311	0.714110908652	0.716218177864	0.475776708555	0.48373561624	1.85764601257	1.36631976317	0.930929163847	0.59327980667	0.440208898018	0.460619221846	1.84910879652	0.878088690188	0.429429134848	0.414758907685	0.613251145481	0.796415181247	0.881690720155	0.659711710971	0.0	0.252147124215	1.18500373127	0.921524823586	0.603496317061	0.639700343161	0.596970570324	0.861122460126	0.667111053649	1.26787913968	1.18665805703	0.661028646689	0.764648898018	0.644523330111	1.25735765104	1.03320726921	1.0548819333	1.05442898018	1.08046082165	1.13781352344	0.813277689705	0.835478260029	0.769425558241	0.824265128081	0.613936007733	1.13054189947	0.665142474625	0.968941913968	0.52429159014	1.03614541808
AA6	0.817682431126	0.658925650072	2.393520145	1.17924854519	0.932625099082	0.43150922668	1.21192818753	0.378693218946	0.332593721605	0.868498709522	0.43640237796	0.772084963751	0.561688670855	2.04143490575	0.736162305462	0.708140855486	0.486315925568	0.503409342678	1.89364999517	1.39721514258	0.916477187047	0.606936665056	0.49356698405	0.507276563557	1.84595080715	0.873140096665	0.462562967617	0.470623605607	0.697679845336	0.821379057516	0.881893958434	0.644539801837	0.252147124215	0.0	1.08450904785	0.840679381344	0.552586138231	0.660365737071	0.504013566941	0.835738970517	0.620378680522	1.34412656356	1.2561862349	0.6731940116	0.573296254229	0.455841406477	1.16715235379	0.952501304978	0.955952721121	0.929047984534	0.998956297728	1.0423621653	0.702781150314	0.748008554857	0.700570410826	0.729142363461	0.607831232479	1.03629504592	0.662628612856	0.851234847753	0.483192914451	0.954762895118
AB5	1.07259416626	0.931577452876	2.5236519478	1.40438823586	0.799146964717	0.972424983084	1.23274730788	1.06728409377	1.18764047849	0.92417539391	1.16813093282	0.765934523925	1.01501541808	2.17948420493	0.980281454809	0.989916785887	1.19549545191	1.19622217013	1.86346321895	1.42514031416	1.24536388594	1.1282961624	1.33420882069	1.34437269696	1.69190651522	1.10326942484	1.18345262446	1.17576621556	1.26892833253	1.22843010633	1.18332553891	1.15947290962	1.18500373127	1.08450904785	0.0	0.363096384727	0.975192788787	1.03657584824	0.963978690188	0.811035867569	0.882523765104	1.54744434993	1.46658608023	0.967786877719	0.986370512325	0.986109275012	0.85764378927	0.962715263412	0.734009154181	0.793911048816	1.07606432093	0.942714635089	0.82160578057	0.889974325761	0.944894151764	0.895697336878	1.01546932818	0.853914069599	1.00054839053	0.803011880135	1.01457519575	0.938447293378
AB6	0.868112735621	0.666244857419	2.45340861286	1.27568636056	0.701410357661	0.720213779604	1.10295308845	0.793994388594	0.932437916868	0.785691314645	0.959824320928	0.523484441759	0.774589424843	2.10854341228	0.752872735621	0.753682924118	0.982866307395	0.990627892702	1.79654855486	1.32515982117	1.11595963267	0.899709995167	1.11978263412	1.12127658289	1.68393474142	0.914586669889	0.957058434026	0.947179623006	1.01015491542	0.983337423876	1.01803710005	0.951233634606	0.921524823586	0.840679381344	0.363096384727	0.0	0.784046592557	0.770666085065	0.768006114065	0.691805563074	0.653646394393	1.4115139391	1.32468499758	0.71075478492	0.817718844853	0.797298912518	0.774094954084	0.744081594973	0.547499932334	0.577483170614	0.862495766071	0.756496916385	0.609948042533	0.688378849686	0.740245084582	0.702955490575	0.767249637506	0.690570212663	0.746774934751	0.571101256646	0.801572962784	0.719574630256
AC5	0.933966413726	0.7823940116	2.64110290962	1.4446662639	0.974770589657	0.630292223296	1.38038841953	0.608086520058	0.543631846303	0.993854900918	0.460885635573	0.798069381344	0.780473600773	2.2994898115	0.909572252296	0.842976515225	0.562251063316	0.541896901885	1.9908579217	1.52513363461	1.20153149348	0.856620347994	0.594319115515	0.596064809087	1.95073923635	0.997248738521	0.569801111648	0.650057506042	0.911207365877	1.02910313678	0.82896077332	0.667385717738	0.603496317061	0.552586138231	0.975192788787	0.784046592557	0.0	0.841760758821	0.473106123731	0.928891691638	0.715254117931	1.62873692605	1.53663246013	0.877408163364	0.551678332528	0.497040120831	0.978496539391	0.737593533108	0.92648738521	0.824532605123	0.756284668922	0.809047510875	0.634539091348	0.569961884969	0.516440695988	0.634082063799	0.745626070565	0.861413953601	0.800411058482	0.728250159497	0.593986051232	0.727677501208
AC6	0.749163431609	0.505071454809	1.96983133398	0.786539830836	0.689449038183	0.622035089415	0.754745688739	0.516964185597	0.714750430159	0.487615002417	0.811909091348	0.595827182214	0.596857510875	1.62540532141	0.523747433543	0.617699855002	0.805810729821	0.82763919768	1.44393351861	0.958301227646	0.758909903335	0.693859241179	0.840485828903	0.829072450459	1.4958259594	0.688373905268	0.765126317061	0.696965804737	0.49999318028	0.479640483325	0.960504741421	0.859076143064	0.639700343161	0.660365737071	1.03657584824	0.770666085065	0.841760758821	0.0	0.748508912518	0.687077312711	0.603375592073	0.828591565974	0.73604120348	0.268201034316	1.02319518608	0.953095485742	1.13829584824	1.04269165297	0.935576814886	0.980300004833	1.1569999275	1.08539287095	0.831060932818	0.899358883519	0.896746259062	0.844147897535	0.632092503625	1.02442927985	0.627031817303	0.941439898502	0.64821121798	1.04067776704
AD6	0.722743131948	0.601563093282	2.52693772354	1.23732972934	0.807903663606	0.428266495892	1.19600509908	0.477130111165	0.580041401643	0.824854731754	0.502999299178	0.710216114065	0.569488530691	2.174910087	0.734124639923	0.62450719188	0.515184736588	0.499840202997	1.83295697922	1.39412662156	1.04474893668	0.70389160464	0.659205326245	0.677185016916	1.78974646206	0.863397810536	0.573644519091	0.582311208313	0.788515065249	0.871079845336	0.780380768487	0.588908351861	0.596970570324	0.504013566941	0.963978690188	0.768006114065	0.473106123731	0.748508912518	0.0	0.708931271145	0.422484446593	1.49293106332	1.40632389077	0.75257861769	0.672085326245	0.624915340744	0.867267216046	0.643581947801	0.840825427743	0.712431846303	0.705167651039	0.746396089899	0.493748095698	0.471791923635	0.460157965201	0.44711759304	0.52583340261	0.747830932818	0.574484973417	0.625890241663	0.373572145964	0.654631474142
AE5	0.587418956017	0.517079217013	2.32579478492	1.0540021218	0.611789444176	0.698089038183	0.894213808603	0.723595263412	0.945005519575	0.567032566457	0.958362875785	0.609926679555	0.686041744804	1.97598656839	0.615876665056	0.498180724988	0.877295060416	0.874504117931	1.52022051716	1.10006376027	0.983019927501	0.843029255679	1.02931738038	1.03298465926	1.38960839536	0.694784461092	0.890006810053	0.841816621556	0.884238719188	0.834256462059	0.963468946351	0.868601923635	0.861122460126	0.835738970517	0.811035867569	0.691805563074	0.928891691638	0.687077312711	0.708931271145	0.0	0.349383885935	1.24659391493	1.16193482359	0.59175419043	1.08404165297	1.06179634606	0.843891585307	0.848059260512	0.790469043016	0.725645611406	0.987491836636	0.873628598357	0.60971641856	0.688887438376	0.718922402127	0.609902716288	0.576025553407	0.786424668922	0.523093827936	0.7403060174	0.679720343161	0.831108284195
AE6	0.542291744804	0.407607066216	2.38112172547	1.08567290962	0.678747530208	0.492417747704	0.985258641856	0.54469319478	0.721148786854	0.624793591107	0.72621257129	0.601990410826	0.479062073465	2.02920931368	0.563194354761	0.416842010633	0.658194151764	0.663817061382	1.62324292412	1.19843683905	0.949848356694	0.707474195263	0.822639913001	0.828421014983	1.54690035283	0.685011894635	0.685216495892	0.654805621073	0.743445534074	0.754454316095	0.821816379894	0.700255833736	0.667111053649	0.620378680522	0.882523765104	0.653646394393	0.715254117931	0.603375592073	0.422484446593	0.349383885935	0.0	1.31329542291	1.22434142581	0.555229888835	0.87225159014	0.839963267279	0.829216215563	0.703761918801	0.731000024166	0.626322711455	0.836828733688	0.757798342194	0.469270086999	0.516151343644	0.541796689222	0.454847820203	0.429814108265	0.71866918318	0.402452000967	0.585291179314	0.456322943451	0.705951561141
AF5	1.25269944418	1.17028715805	1.315539739	0.556435205413	1.1689881827	1.334709797	0.80388019333	1.22220158047	1.33027133398	0.981191420976	1.48987855969	1.21283015466	1.27895642339	0.975788332528	1.09111777187	1.22931422426	1.4518058434	1.48631306428	0.964819043016	0.703480333494	1.1376181827	1.22364964717	1.41406943934	1.38694998067	1.45821961334	1.1790357564	1.3767159594	1.28585564041	0.978172537458	0.948441367811	1.47950953117	1.45380225713	1.26787913968	1.34412656356	1.54744434993	1.4115139391	1.62873692605	0.828591565974	1.49293106332	1.24659391493	1.31329542291	0.0	0.151863363944	0.935597849203	1.71440566941	1.63798679072	1.70617785404	1.66351885935	1.5538159014	1.60962555824	1.76904517158	1.73011372644	1.50674048333	1.59086653456	1.5934099565	1.53683050266	1.2610118318	1.66243146931	1.25171738038	1.57474463992	1.3645857129	1.67261285162
AF6	1.16947357661	1.07883452392	1.3871240696	0.489995234413	1.08945601257	1.25290733204	0.726749995167	1.13029413726	1.25143135331	0.89146277912	1.41354179797	1.13034496375	1.18886397293	1.05358598357	1.00896851136	1.13855947318	1.37194043983	1.40316901402	0.996570507492	0.672566085065	1.05848840019	1.13778610923	1.32981513291	1.30297437893	1.44876564524	1.09179279845	1.29319146448	1.19996943451	0.881717245046	0.854491391977	1.39725845336	1.36682678105	1.18665805703	1.2561862349	1.46658608023	1.32468499758	1.53663246013	0.73604120348	1.40632389077	1.16193482359	1.22434142581	0.151863363944	0.0	0.844204093765	1.62965328661	1.55285656356	1.62932143064	1.58542637989	1.47845925568	1.53214901885	1.68812064766	1.65272664089	1.42203295312	1.50435950701	1.50503195747	1.45166635573	1.17423056549	1.58119732721	1.16214801353	1.498460232	1.28082306428	1.58509899952
AG5	0.697913175447	0.457890004833	2.04814840503	0.802344335428	0.600786901885	0.575565142581	0.776972155631	0.520252083132	0.738563702272	0.463125703238	0.801243243113	0.521384117931	0.571960062832	1.70083910585	0.472261430643	0.565960753987	0.804780434993	0.817983441276	1.47747227163	0.979180734654	0.710714349927	0.69470582407	0.876494528758	0.86389441276	1.43559233929	0.648046307395	0.78231038666	0.725170734654	0.527059589174	0.499979207347	0.960009565007	0.846956307395	0.661028646689	0.6731940116	0.967786877719	0.71075478492	0.877408163364	0.268201034316	0.75257861769	0.59175419043	0.555229888835	0.935597849203	0.844204093765	0.0	0.980104233929	0.931728361527	1.06884805703	1.00562476075	0.861026529725	0.911488917351	1.13008843403	1.04082656839	0.765125543741	0.84517821653	0.848988830353	0.75767521508	0.615656795553	0.966703305945	0.594544335428	0.870464722088	0.652339453842	0.992438018366
