	AA3	AA4	AB3	AB4	AC3	AC4	AD3	AD4	AE3	AE4	AF3	AF4	AG3	AG4	AH3	AH4	AA7	AA8	AB7	AB8	AC7	AC8	AD7	AD8	AE7	AE8	AF7	AF8	AG7	AG8	AH7	AH8	AA5	AA6	AB5	AB6	AC5	AC6	AD6	AE5	AE6	AF5	AF6	AG5	AH5	AH6	AA1	AA2	AB1	AB2	AC1	AC2	AD1	AD2	AE1	AE2	AF1	AF2	AG1	AG2	AH1	AH2
AA3	0.0	0.560277172547	2.25311473175	0.998030662156	0.867571048816	0.776017588207	0.892827496375	0.80566081682	0.885284340261	0.703944751087	0.979594325761	0.750644915418	0.747436834219	1.88151272112	0.783268115031	0.289424069599	0.816898318028	0.800699279845	1.43520044949	1.0031022378	0.797381358144	0.681456587724	0.884276191397	0.873030439826	1.38050347994	0.605852276462	0.771661648139	0.696764103432	0.740823731271	0.674225712905	0.750162856452	0.692944432093	0.883971314645	0.819324504592	1.0842777767	0.901839898502	0.942622431126	0.782493905268	0.796231116481	0.576513760271	0.583239521508	1.2446139971	1.16925638473	0.765939864669	1.11530592557	1.051499884	1.0037600725	0.939694040599	0.942028129531	0.849201440309	1.0360317593	1.00113521991	0.603849652006	0.695184494925	0.768780628323	0.633070328661	0.552440903818	0.908111271145	0.522312837119	0.914318018366	0.64954722088	0.912036645723
AA4	0.560277172547	0.0	2.23348325278	0.907348231029	0.612938274529	0.557005712905	0.852558047366	0.5078839826	0.680790676655	0.521331909135	0.82710637506	0.424173620106	0.452266882552	1.86209538424	0.287626486225	0.338869400677	0.673182131464	0.674747752537	1.52848738521	0.986265500242	0.829167704205	0.686507409377	0.843568704688	0.817399666506	1.45036342678	0.58688219913	0.68714221363	0.658026853552	0.688338458192	0.664171130981	0.867678057032	0.753552102465	0.635732943451	0.630088057032	0.929912087965	0.679755205413	0.769476027066	0.528905558241	0.616103871435	0.539127887869	0.393628815853	1.15337111165	1.01686238279	0.443531053649	0.957395770904	0.879491730304	0.953209879169	0.817844485259	0.747252783954	0.745088917351	0.946308284195	0.908755476075	0.572861227646	0.645514746254	0.686004470759	0.597413861769	0.463797892702	0.838269159014	0.457062121798	0.799973528275	0.476990831319	0.781355442243
AB3	2.25311473175	2.23348325278	0.0	1.45127449009	2.16861395843	2.39422674239	1.90789727888	2.27716947801	2.3363280232	2.12590025616	2.5240079362	2.28374663606	2.32049393427	0.409371793137	2.14540915901	2.27347228613	2.48439327211	2.49737973417	1.1987880377	1.52565351861	1.9773777332	2.17456306428	2.39139429676	2.39174087965	1.91536243596	2.14386555824	2.35937042533	2.31351284195	1.87009272112	1.81471381344	2.44341656356	2.43795886419	2.28436241179	2.38443088449	2.55427798937	2.44765041566	2.60485185597	1.95204349444	2.52537072982	2.29291239729	2.3776517883	1.33153934268	1.4554462059	2.08424756887	2.73227972934	2.67775239246	2.66159637023	2.67392826003	2.539999913	2.58627307878	2.78034958434	2.73349037699	2.51805399227	2.60188690188	2.6093918028	2.56720082649	2.32594033349	2.67690695022	2.2878182697	2.65578936684	2.3947157274	2.64566870952
AB4	0.998030662156	0.907348231029	1.45127449009	0.0	0.928505819236	1.0586737216	0.76723279362	1.02079171097	1.15647512808	0.863510183664	1.28370725955	0.980084557757	0.898517124215	1.0640579217	0.864245940068	0.954092334461	1.21428147898	1.21940043016	0.97623959884	0.457591565974	0.923736051232	0.951191967134	1.17471076849	1.15391890768	1.24732169164	0.889267394877	1.1482858434	1.08017965684	0.661696065732	0.600691068149	1.26760763171	1.20004551474	1.1234018608	1.14649514741	1.40320927985	1.2395162929	1.38182537941	0.745126877719	1.22718444659	1.00680011116	1.05761138231	0.566143566941	0.49685219913	0.837886070565	1.50085811503	1.42466470759	1.4676477477	1.40700154181	1.31887634606	1.34138956984	1.54390156114	1.50662823103	1.22097284195	1.31855971967	1.36203287579	1.26985191397	1.0632581972	1.43345403577	1.01697547608	1.40569123248	1.0788460029	1.3804078202
AC3	0.867571048816	0.612938274529	2.16861395843	0.928505819236	0.0	0.734553547608	0.838995848236	0.810614610923	0.9550180087	0.649749507008	1.0814459159	0.344583011116	0.799730889319	1.79949447076	0.64248460609	0.752753185114	0.969564108265	0.967421271145	1.41220772837	0.950531459642	1.03679087965	1.01354484292	1.21616567424	1.19232598357	1.27532512325	0.797646863219	1.06483743354	1.02383987917	0.928106843886	0.839895302078	1.16734998067	1.06286237313	0.960114649589	0.968368148864	0.840754857419	0.71438258579	0.975987631706	0.731217114548	0.873338946351	0.651006510391	0.67202557274	1.1207837796	0.984420985984	0.571017660706	1.18452696955	1.12629301112	0.884838496858	0.9510679797	0.762136964717	0.80244658289	1.06724283712	0.98449282262	0.706606529725	0.835321053649	0.868335437409	0.762568144031	0.805141512808	0.900445664572	0.790097274045	0.902876191397	0.82274099565	0.913637245046
AC4	0.776017588207	0.557005712905	2.39422674239	1.0586737216	0.734553547608	0.0	1.14368357661	0.395374248429	0.4582600145	0.768391048816	0.413075761237	0.471926969551	0.420230990817	2.02215540358	0.661697805703	0.627318777187	0.561830164331	0.538754258096	1.8033282842	1.24101688739	0.911471532141	0.615836959884	0.664618052199	0.639777153214	1.6835761769	0.765738264862	0.60786658289	0.56637277912	0.714592590623	0.787931884969	0.807415128081	0.659543025616	0.502760637989	0.425087554374	0.994439328178	0.74338558724	0.554878521025	0.674932750121	0.442788772354	0.780820647656	0.506939168681	1.33520594973	1.19504710971	0.580964470759	0.69662521508	0.620444006767	1.03421304978	0.823529009183	0.807763339778	0.814986152731	0.867821759304	0.940935360077	0.555687104882	0.62175279362	0.665203059449	0.553183518608	0.577472044466	0.910392368294	0.64868460609	0.783183958434	0.413998709522	0.78916040116
AD3	0.892827496375	0.852558047366	1.90789727888	0.76723279362	0.838995848236	1.14368357661	0.0	1.0447961334	1.284529768	0.451824775254	1.38241967617	0.944961788304	1.07870493958	1.53425628323	0.838154132431	0.872473044949	1.22203102465	1.22694657322	1.28670376994	0.786875998067	0.886668951184	0.978687467376	1.28880036249	1.26499297728	1.20618564041	0.847269333011	1.18435304012	1.10446439826	0.895249246013	0.759504016433	1.18277848236	1.14166446593	1.2089759304	1.1602477767	1.18518897535	1.05311702272	1.26251556307	0.717319429676	1.15642083615	0.79846141131	0.941473146448	0.800849555341	0.751488598357	0.773672348961	1.43874286612	1.376949797	1.339699768	1.35782022233	1.15446089415	1.17146169647	1.46384348961	1.40616596423	1.10907999033	1.19031515225	1.24674057516	1.14456079265	0.979900135331	1.32643697922	0.93853497825	1.26852248913	1.10853901885	1.31263102465
AD4	0.80566081682	0.5078839826	2.27716947801	1.02079171097	0.810614610923	0.395374248429	1.0447961334	0.0	0.274474030933	0.657079352344	0.498828337361	0.580726138231	0.486804233929	1.90743117931	0.584602455292	0.63283580957	0.543283900435	0.519416259062	1.78134125665	1.22583819236	0.864807955534	0.544455364911	0.563048472692	0.533137298212	1.73745871919	0.781509159014	0.513302899952	0.48726918318	0.584272493958	0.74315918318	0.814474306428	0.626128371194	0.305804050266	0.355645843403	1.07315480425	0.800099652006	0.554555901402	0.565260666989	0.423573412276	0.777665142581	0.534290604157	1.20057444659	1.06699493958	0.526775703238	0.698960217496	0.615848917351	1.1310321798	0.900288525858	0.94158377477	0.924673334944	0.908581768971	1.03975901402	0.662925094248	0.683196573224	0.70635179797	0.643050923151	0.551850120831	1.00236234413	0.618096534558	0.894156573224	0.507710889319	0.874887883035
AE3	0.885284340261	0.680790676655	2.3363280232	1.15647512808	0.9550180087	0.4582600145	1.284529768	0.274474030933	0.0	0.891637588207	0.364648090865	0.731644741421	0.571138912518	1.97686335428	0.720267515708	0.76674279362	0.50585878202	0.496056669889	1.9203460464	1.37979393427	0.952437182214	0.636974287095	0.45630741421	0.459456771387	1.88718374094	0.937105480909	0.466754108265	0.4895580232	0.683285848236	0.885279516675	0.890702353794	0.692196167231	0.246479395843	0.341148960851	1.18065746738	0.931361938134	0.526490251329	0.7403840261	0.507666747221	0.965640111165	0.682240169164	1.30073478009	1.17266160464	0.701241179314	0.699948873852	0.603651551474	1.22487330594	0.993850260996	1.04609246979	1.02539371677	0.996273344611	1.13271783954	0.763190067666	0.783991358144	0.792864378927	0.734849719671	0.669199637506	1.09741841469	0.753559526341	0.987833301112	0.582599371677	0.971332875785
AE4	0.703944751087	0.521331909135	2.12590025616	0.863510183664	0.649749507008	0.768391048816	0.451824775254	0.657079352344	0.891637588207	0.0	1.00914620106	0.621806737554	0.726222464959	1.75054033349	0.540929453842	0.571323881102	0.875466317061	0.872884688255	1.49535033349	0.962855514741	0.74851762204	0.701455828903	0.930827834703	0.905455683905	1.36421957951	0.573565456742	0.822637689705	0.751583499275	0.677494581924	0.609729101015	0.952606447559	0.855067365877	0.822963257612	0.787215181247	0.954025050749	0.783285016916	0.917335437409	0.478047501208	0.820081377477	0.544657825036	0.616085239246	0.997011691638	0.859477066216	0.513283513775	1.09571434026	1.02310873369	1.07617916868	1.08338674722	0.901266655389	0.92915962784	1.18851767037	1.14054965684	0.81627518608	0.881498902852	0.940872252296	0.847605635573	0.667664059932	1.05923000967	0.633437742871	1.01761123731	0.756115036249	1.03838671339
AF3	0.979594325761	0.82710637506	2.5240079362	1.28370725955	1.0814459159	0.413075761237	1.38241967617	0.498828337361	0.364648090865	1.00914620106	0.0	0.82097658289	0.683052522958	2.1555701595	0.916622547124	0.86962417593	0.505362899952	0.477585137748	2.02666842436	1.47266138714	1.04714951667	0.760438840019	0.431009076849	0.41548420493	1.97644531658	1.03321859836	0.539966297728	0.592766491058	0.827304137264	1.00452521991	0.832235374577	0.666815326245	0.453430628323	0.450481962301	1.18155529241	0.988442653456	0.458451836636	0.877862885452	0.465846573224	1.03755390527	0.749202663122	1.49483017883	1.36032100532	0.841544494925	0.638658182697	0.546996974384	1.23874326245	0.996464006767	1.09021278879	1.03187407443	0.993056234896	1.10646068149	0.786135132914	0.755408864186	0.804438453359	0.710005495408	0.803501764137	1.08826102465	0.885999942001	0.967525065249	0.603603644273	0.976134422426
AF4	0.750644915418	0.424173620106	2.28374663606	0.980084557757	0.344583011116	0.471926969551	0.944961788304	0.580726138231	0.731644741421	0.621806737554	0.82097658289	0.0	0.561851242146	1.91086478975	0.518048264862	0.587297955534	0.778682576124	0.759708313195	1.59371321411	1.03500879652	0.926166553891	0.807877791203	0.994307322378	0.965768279362	1.45370998067	0.654285273079	0.860645838569	0.822923508942	0.812087283712	0.749322141131	0.988008090865	0.885135582407	0.738390681489	0.739379096182	0.808872706622	0.550417196713	0.734592721121	0.629292798453	0.664119666506	0.590624862252	0.504872991783	1.19264879169	1.05309863219	0.460350792653	0.926170657322	0.853908260029	0.847567694538	0.770179951667	0.6290260174	0.655246974384	0.891310459159	0.836814364427	0.528152373127	0.642420845819	0.689367119381	0.592141449976	0.630069521508	0.773286742388	0.622336360561	0.728807080715	0.621905495408	0.717811333978
AG3	0.747436834219	0.452266882552	2.32049393427	0.898517124215	0.799730889319	0.420230990817	1.07870493958	0.486804233929	0.571138912518	0.726222464959	0.683052522958	0.561851242146	0.0	1.93500093282	0.490361614306	0.561797037216	0.566024780087	0.545433629773	1.73574192363	1.16902514258	0.894874287095	0.647604364427	0.713919337844	0.709881416143	1.61009500725	0.706682701788	0.609397912035	0.573156172064	0.69537782987	0.749685456742	0.844509134848	0.715481372644	0.569959574674	0.505574243596	1.01478913001	0.782988351861	0.708881430643	0.650890140164	0.561390125665	0.74065560174	0.481070082165	1.26676689705	1.1305821218	0.550666810053	0.84603699855	0.769904055099	1.00831647173	0.793465461576	0.824984180764	0.813597849203	0.925127346544	0.921696800387	0.560086031899	0.642057327211	0.706205959401	0.579259961334	0.482511445143	0.897397230546	0.522223842436	0.795362750121	0.423717404543	0.763825340744
AG4	1.88151272112	1.86209538424	0.409371793137	1.0640579217	1.79949447076	2.02215540358	1.53425628323	1.90743117931	1.97686335428	1.75054033349	2.1555701595	1.91086478975	1.93500093282	0.0	1.78181674722	1.89989708072	2.12085205413	2.1287477187	0.910995993233	1.16225067666	1.61398247946	1.80491347511	2.02696479459	2.02670116965	1.61621705172	1.77689766071	1.99748470275	1.94433618656	1.50945057516	1.4515077332	2.09538596907	2.07344736104	1.92501310295	2.01205605607	2.18615169647	2.07136833736	2.23728503142	1.58754493475	2.15283532141	1.91904217013	2.00256954567	0.972521913968	1.0936458289	1.71307278879	2.36036296762	2.30488071532	2.28734838569	2.2995818898	2.16658429193	2.21228366361	2.40868079749	2.36060144514	2.14413641856	2.22895029483	2.24849267279	2.19340249879	1.95559525858	2.30297336878	1.91680419526	2.28159466409	2.0234102465	2.27457466409
AH3	0.783268115031	0.287626486225	2.14540915901	0.864245940068	0.64248460609	0.661697805703	0.838154132431	0.584602455292	0.720267515708	0.540929453842	0.916622547124	0.518048264862	0.490361614306	1.78181674722	0.0	0.568384722088	0.757363272112	0.767982696955	1.54331478975	1.01485087482	0.85431457709	0.758329168681	0.905070009666	0.900607554374	1.47780757371	0.719070096665	0.775892073465	0.746910797487	0.695908511358	0.676670299662	1.01302183664	0.901114654422	0.674012102465	0.692661667472	1.00457895118	0.75417142581	0.870248728855	0.508723847269	0.74272621073	0.652246573224	0.547297419043	1.04134471242	0.915980062832	0.424390029	1.06201902852	0.979106926051	1.04226767521	0.901564349927	0.843636669889	0.85056521508	1.04079275012	1.01308668922	0.724127433543	0.803540439826	0.826402440793	0.751966283229	0.583786099565	0.943082044466	0.564340865152	0.906256553891	0.642955471242	0.863724586757
AH4	0.289424069599	0.338869400677	2.27347228613	0.954092334461	0.752753185114	0.627318777187	0.872473044949	0.63283580957	0.76674279362	0.571323881102	0.86962417593	0.587297955534	0.561797037216	1.89989708072	0.568384722088	0.0	0.681917834703	0.664289284679	1.48453180764	1.00278470275	0.819089652006	0.631766679555	0.785038675689	0.756696123731	1.41622211696	0.551392682455	0.651230492992	0.599702701788	0.693374915418	0.662468632189	0.739733885935	0.632842237796	0.743134156597	0.682862764621	0.985506051232	0.769246036733	0.811917781537	0.642779009183	0.648101807637	0.500489381344	0.411169768004	1.21661443209	1.09581295312	0.600217747704	0.993930584824	0.924800705655	0.969127409377	0.83853658289	0.811383924601	0.741256094732	0.957743107782	0.914028820686	0.542389439343	0.613467752537	0.688090671822	0.55756142581	0.390853499275	0.841031677139	0.369524929918	0.786927259546	0.505086853552	0.803972160464
AA7	0.816898318028	0.673182131464	2.48439327211	1.21428147898	0.969564108265	0.561830164331	1.22203102465	0.543283900435	0.50585878202	0.875466317061	0.505362899952	0.778682576124	0.566024780087	2.12085205413	0.757363272112	0.681917834703	0.0	0.126073141614	1.82470079749	1.3039561479	0.974841358144	0.636307878202	0.475448429193	0.491656558724	1.75946683422	0.848708032866	0.380337269212	0.389986916385	0.792181923635	0.898469347511	0.643847467376	0.414385833736	0.479470038666	0.463666234896	1.16778608023	0.981645340744	0.52718742871	0.812009845336	0.443813832769	0.898027119381	0.681115761237	1.45031911068	1.31581257612	0.816292489125	0.738722522958	0.65923922668	1.12448846303	0.89722377477	1.03397020783	0.964028680522	0.879743562107	1.00063827453	0.678433479942	0.675119545674	0.703041275979	0.625322092798	0.519256186564	0.964283344611	0.595661362977	0.91434658289	0.458689231513	0.871407327211
AA8	0.800699279845	0.674747752537	2.49737973417	1.21940043016	0.967421271145	0.538754258096	1.22694657322	0.519416259062	0.496056669889	0.872884688255	0.477585137748	0.759708313195	0.545433629773	2.1287477187	0.767982696955	0.664289284679	0.126073141614	0.0	1.81990632189	1.28244274529	0.957618859352	0.615822750121	0.461191459642	0.4609819768	1.73772045916	0.81425982117	0.363643779604	0.369213301112	0.762143687772	0.870678177864	0.601453378444	0.365533049782	0.46800439826	0.454210521991	1.15670361044	0.975677138714	0.498960792653	0.825028119865	0.431220990817	0.872909888835	0.665406292895	1.46219952151	1.32831786854	0.803503272112	0.709253257612	0.627495287579	1.13546144031	0.891923006283	1.03396039149	0.954854514258	0.884029105848	1.00386291928	0.685906698888	0.644498516191	0.692106800387	0.612110130498	0.53188282262	0.979609555341	0.618390705655	0.899833914935	0.437791343644	0.872044944418
AB7	1.43520044949	1.52848738521	1.1987880377	0.97623959884	1.41220772837	1.8033282842	1.28670376994	1.78134125665	1.9203460464	1.49535033349	2.02666842436	1.59371321411	1.73574192363	0.910995993233	1.54331478975	1.48453180764	1.82470079749	1.81990632189	0.0	0.617818559691	1.49026860319	1.60868707105	1.8921382842	1.89002225713	1.08883371194	1.40843136298	1.76859621073	1.71156276462	1.36257068632	1.19327478492	1.7060742871	1.70877072015	1.84143670372	1.86145792653	1.85840562107	1.75943751571	1.95396129531	1.44337448043	1.87055742388	1.46729488642	1.62039079749	0.989877723538	1.05686009183	1.48510552441	2.14870984534	2.10093917351	1.90223278879	1.93360690188	1.82320144514	1.80874841469	2.04742068632	1.98434234896	1.73743239246	1.82394249879	1.84097578057	1.77149201547	1.61896646689	1.90834709038	1.56418879169	1.88294481875	1.72336202513	1.90317892218
AB8	1.0031022378	0.986265500242	1.52565351861	0.457591565974	0.950531459642	1.24101688739	0.786875998067	1.22583819236	1.37979393427	0.962855514741	1.47266138714	1.03500879652	1.16902514258	1.16225067666	1.01485087482	1.00278470275	1.3039561479	1.28244274529	0.617818559691	0.0	0.989315659739	1.07891760754	1.35427328661	1.33355056066	1.08714751571	0.874597124215	1.22778971484	1.16751458676	0.801540430159	0.63321320928	1.23394889319	1.20926695022	1.31178795553	1.32215367327	1.39115697922	1.25786963751	1.42902099565	0.90606561624	1.32425584824	0.987690865152	1.10828027066	0.702284016433	0.693858264862	0.948882160464	1.62411260029	1.55101278395	1.5055940551	1.4631817013	1.35754639439	1.3455521653	1.58644655389	1.54237109715	1.2881437796	1.3576739826	1.37636003383	1.3161898985	1.12393344611	1.48301231029	1.07896441276	1.4139581682	1.17180456742	1.42939071532
AC7	0.797381358144	0.829167704205	1.9773777332	0.923736051232	1.03679087965	0.911471532141	0.886668951184	0.864807955534	0.952437182214	0.74851762204	1.04714951667	0.926166553891	0.894874287095	1.61398247946	0.85431457709	0.819089652006	0.974841358144	0.957618859352	1.49026860319	0.989315659739	0.0	0.450589333011	0.925626027066	0.918049217013	1.40349125665	0.694994388594	0.899358859352	0.781608313195	0.54453301595	0.538613305945	0.848235398743	0.805484301595	0.874087230546	0.862645553407	1.26648545674	1.07503014983	1.11073347511	0.720887936201	1.0134482117	0.956336529725	0.955219787337	1.13089402127	1.07618717738	0.765197365877	1.09542460609	1.07000569841	1.47644641856	1.3927161044	1.21824757371	1.24954804737	1.48850322861	1.47109609473	1.06830875785	1.12821425326	1.22146244079	1.09438724988	0.88695222813	1.39917492992	0.863131304978	1.28874068149	0.888268453359	1.35318881102
AC8	0.681456587724	0.686507409377	2.17456306428	0.951191967134	1.01354484292	0.615836959884	0.978687467376	0.544455364911	0.636974287095	0.701455828903	0.760438840019	0.807877791203	0.647604364427	1.80491347511	0.758329168681	0.631766679555	0.636307878202	0.615822750121	1.60868707105	1.07891760754	0.450589333011	0.0	0.585674354761	0.60017977767	1.52906525858	0.628493542774	0.497059279845	0.383066036733	0.477734064766	0.586573378444	0.605047003383	0.495557839536	0.560495770904	0.553956645723	1.14914001933	0.901022131464	0.775630347994	0.641154456259	0.677764533591	0.81941838086	0.726506916385	1.17036738521	1.07601130981	0.696953726438	0.84819040116	0.794502464959	1.32821686322	1.10483135331	1.06579360077	1.062160145	1.15860472209	1.22238810536	0.825690937651	0.8414099855	0.902028448526	0.798074726921	0.565004905752	1.18346069599	0.606808786854	1.02532312228	0.559284243596	1.08103246979
AD7	0.884276191397	0.843568704688	2.39139429676	1.17471076849	1.21616567424	0.664618052199	1.28880036249	0.563048472692	0.45630741421	0.930827834703	0.431009076849	0.994307322378	0.713919337844	2.02696479459	0.905070009666	0.785038675689	0.475448429193	0.461191459642	1.8921382842	1.35427328661	0.925626027066	0.585674354761	0.0	0.140513919768	1.86001142581	0.870798250362	0.352161058482	0.40572537941	0.678317071049	0.862400463992	0.703017510875	0.521553798937	0.472474436926	0.490551068149	1.33363680039	1.12641115031	0.597990715321	0.82204737071	0.619968767521	1.03462770904	0.853284973417	1.36916670855	1.23983877235	0.889947501208	0.775269009183	0.681005886902	1.35323847753	1.11930884969	1.24147765104	1.18219306912	1.10067500725	1.24554793137	0.921066075399	0.882606370227	0.90520901885	0.846776118898	0.704958313195	1.21028685355	0.763154161431	1.12593419043	0.615687868536	1.09549945868
AD8	0.873030439826	0.817399666506	2.39174087965	1.15391890768	1.19232598357	0.639777153214	1.26499297728	0.533137298212	0.459456771387	0.905455683905	0.41548420493	0.965768279362	0.709881416143	2.02670116965	0.900607554374	0.756696123731	0.491656558724	0.4609819768	1.89002225713	1.33355056066	0.918049217013	0.60017977767	0.140513919768	0.0	1.80138115031	0.812696249396	0.384076466892	0.440709565007	0.646362435959	0.834153310778	0.703545930401	0.525733450942	0.495068076365	0.499157718705	1.33272010633	1.1248058724	0.587596921218	0.813259589174	0.612239932334	1.00232701305	0.825003069116	1.36806434026	1.24347754471	0.87367078782	0.757034780087	0.66577521508	1.34488096182	1.10594238279	1.22149351377	1.16791353311	1.09454167714	1.23421035766	0.9125760029	0.870274693088	0.89158702755	0.830795838569	0.727815442243	1.20102496858	0.789972092798	1.1122680232	0.60465380377	1.08385808603
AE7	1.38050347994	1.45036342678	1.91536243596	1.24732169164	1.27532512325	1.6835761769	1.20618564041	1.73745871919	1.88718374094	1.36421957951	1.97644531658	1.45370998067	1.61009500725	1.61621705172	1.47780757371	1.41622211696	1.75946683422	1.73772045916	1.08883371194	1.08714751571	1.40349125665	1.52906525858	1.86001142581	1.80138115031	0.0	1.00931478975	1.75376972934	1.67124868536	1.38882371194	1.26593260512	1.56819036733	1.60582019816	1.82273350894	1.80119193813	1.69885599807	1.65723821653	1.88385714355	1.48138242146	1.81779336878	1.34564838569	1.54709156597	1.45828555824	1.45258534558	1.44577028516	2.01180487192	1.97856119865	1.70755665056	1.80950243113	1.62446318028	1.61642203963	1.95379345094	1.81559140164	1.62324671339	1.68542857419	1.72864133398	1.64825197197	1.58078885935	1.75463476075	1.52210548091	1.74073817303	1.65381832769	1.76532212663
AE8	0.605852276462	0.58688219913	2.14386555824	0.889267394877	0.797646863219	0.765738264862	0.847269333011	0.781509159014	0.937105480909	0.573565456742	1.03321859836	0.654285273079	0.706682701788	1.77689766071	0.719070096665	0.551392682455	0.848708032866	0.81425982117	1.40843136298	0.874597124215	0.694994388594	0.628493542774	0.870798250362	0.812696249396	1.00931478975	0.0	0.799558274529	0.721065959401	0.651627278879	0.54652318028	0.759583697438	0.725619540841	0.874220942484	0.852941159981	1.08780866119	0.899535297245	0.956669130014	0.696008269696	0.888567916868	0.628543349444	0.678698535524	1.14740036733	1.03721477042	0.667119855002	1.12160157564	1.06361546641	1.1606998115	1.10185049299	0.971758115031	0.966923228613	1.20141476559	1.18915315128	0.829947941034	0.888527046883	0.954515389077	0.855909864669	0.704528656356	1.12686448526	0.674416974384	1.02400987917	0.729839623006	1.07043762204
AF7	0.771661648139	0.68714221363	2.35937042533	1.1482858434	1.06483743354	0.60786658289	1.18435304012	0.513302899952	0.466754108265	0.822637689705	0.539966297728	0.860645838569	0.609397912035	1.99748470275	0.775892073465	0.651230492992	0.380337269212	0.363643779604	1.76859621073	1.22778971484	0.899358859352	0.497059279845	0.352161058482	0.384076466892	1.75376972934	0.799558274529	0.0	0.175034702755	0.65714939101	0.779014900918	0.656795031416	0.487658356694	0.436488931851	0.448597230546	1.18670645239	0.983333465442	0.544955147414	0.760011503142	0.5190160029	0.891604098598	0.699783286612	1.34856646206	1.2186059594	0.807540439826	0.79373857419	0.698086413726	1.22606399227	0.996985799903	1.08258276945	1.04871926051	0.9785219913	1.12107573707	0.777658308362	0.776630831319	0.803947467376	0.734483276945	0.541343518608	1.07880246013	0.602850521991	1.00376716771	0.491425418076	0.974968907685
AF8	0.696764103432	0.658026853552	2.31351284195	1.08017965684	1.02383987917	0.56637277912	1.10446439826	0.48726918318	0.4895580232	0.751583499275	0.592766491058	0.822923508942	0.573156172064	1.94433618656	0.746910797487	0.599702701788	0.389986916385	0.369213301112	1.71156276462	1.16751458676	0.781608313195	0.383066036733	0.40572537941	0.440709565007	1.67124868536	0.721065959401	0.175034702755	0.0	0.598050357661	0.703418815853	0.628860763654	0.421266843886	0.440576123731	0.421383397777	1.15404496375	0.944511097148	0.569370932818	0.70321081682	0.496157046883	0.840066031899	0.668114683422	1.2931418898	1.15496165781	0.752916370227	0.775004963751	0.704184035766	1.20906602223	0.989755756404	1.0375181102	1.01452943934	0.976451609473	1.10567160947	0.742344137264	0.75899879652	0.803349758337	0.711729366844	0.503590758821	1.06689449493	0.561315152247	0.970705157081	0.471116988884	0.964501512808
AG7	0.740823731271	0.688338458192	1.87009272112	0.661696065732	0.928106843886	0.714592590623	0.895249246013	0.584272493958	0.683285848236	0.677494581924	0.827304137264	0.812087283712	0.69537782987	1.50945057516	0.695908511358	0.693374915418	0.792181923635	0.762143687772	1.36257068632	0.801540430159	0.54453301595	0.477734064766	0.678317071049	0.646362435959	1.38882371194	0.651627278879	0.65714939101	0.598050357661	0.0	0.267426534558	0.787933499275	0.714785234413	0.631917104882	0.714398511358	1.29320267762	1.03530894635	0.917693663606	0.510107767037	0.80314699855	0.879808695022	0.769511884969	0.925113426776	0.847779275012	0.572459323345	1.06693116481	0.997599149348	1.38943983084	1.17394300145	1.19890702755	1.18837941034	1.26620720638	1.29430343644	0.930513083615	0.964262464959	1.01374128565	0.93514560174	0.728427245046	1.25608347994	0.722849511841	1.15610653456	0.708063421943	1.13898104398
AG8	0.674225712905	0.664171130981	1.81471381344	0.600691068149	0.839895302078	0.787931884969	0.759504016433	0.74315918318	0.885279516675	0.609729101015	1.00452521991	0.749322141131	0.749685456742	1.4515077332	0.676670299662	0.662468632189	0.898469347511	0.870678177864	1.19327478492	0.63321320928	0.538613305945	0.586573378444	0.862400463992	0.834153310778	1.26593260512	0.54652318028	0.779014900918	0.703418815853	0.267426534558	0.0	0.863552174964	0.811710666989	0.833349903335	0.842586147898	1.22298618656	0.998570850652	1.02074916868	0.505857588207	0.913671416143	0.785437240213	0.768246848719	0.891542319961	0.828879690672	0.549740956984	1.18155739971	1.10181002417	1.31896218946	1.23059722088	1.13961114548	1.14571879169	1.32968678105	1.3227922813	0.956859569841	1.0068962204	1.06243431609	0.980902740454	0.773496157564	1.25186933784	0.745625993233	1.19022399227	0.772883131948	1.19231033349
AH7	0.750162856452	0.867678057032	2.44341656356	1.26760763171	1.16734998067	0.807415128081	1.18277848236	0.814474306428	0.890702353794	0.952606447559	0.832235374577	0.988008090865	0.844509134848	2.09538596907	1.01302183664	0.739733885935	0.643847467376	0.601453378444	1.7060742871	1.23394889319	0.848235398743	0.605047003383	0.703017510875	0.703545930401	1.56819036733	0.759583697438	0.656795031416	0.628860763654	0.787933499275	0.863552174964	0.0	0.285775389077	0.875223992267	0.833304548091	1.16036819236	1.02704399227	0.799390932818	0.954029782504	0.74122358144	0.944783102948	0.851275524408	1.46000649106	1.38286855002	0.976025012083	0.97191478492	0.947032387627	1.29433312711	1.07630429193	1.14677613823	1.05064468342	1.11428542291	1.17945109715	0.861309009183	0.809539366844	0.841172455292	0.797870913485	0.739297544708	1.15090657806	0.78537459159	1.0164560899	0.681097723538	1.0541119333
AH8	0.692944432093	0.753552102465	2.43795886419	1.20004551474	1.06286237313	0.659543025616	1.14166446593	0.626128371194	0.692196167231	0.855067365877	0.666815326245	0.885135582407	0.715481372644	2.07344736104	0.901114654422	0.632842237796	0.414385833736	0.365533049782	1.70877072015	1.20926695022	0.805484301595	0.495557839536	0.521553798937	0.525733450942	1.60582019816	0.725619540841	0.487658356694	0.421266843886	0.714785234413	0.811710666989	0.285775389077	0.0	0.670964417593	0.618858119865	1.15808284679	0.975941865636	0.639960512325	0.865483363944	0.543587564041	0.867460038666	0.749412295795	1.41555964717	1.30251149831	0.888171536974	0.793466529725	0.749497907202	1.21677679072	0.991120125665	1.07356648139	0.984581483809	0.964853320445	1.10024168197	0.755466283229	0.713358632189	0.760674504592	0.679162397293	0.609739913001	1.06803021266	0.657170927985	0.934104886419	0.536972551957	0.967666955051
AA5	0.883971314645	0.635732943451	2.28436241179	1.1234018608	0.960114649589	0.502760637989	1.2089759304	0.305804050266	0.246479395843	0.822963257612	0.453430628323	0.738390681489	0.569959574674	1.92501310295	0.674012102465	0.743134156597	0.479470038666	0.46800439826	1.84143670372	1.31178795553	0.874087230546	0.560495770904	0.472474436926	0.495068076365	1.82273350894	0.874220942484	0.436488931851	0.440576123731	0.631917104882	0.833349903335	0.875223992267	0.670964417593	0.0	0.259830328661	1.19529260996	0.92477742871	0.57985037216	0.649396887385	0.556041512808	0.880870526825	0.658973910101	1.21686889802	1.08804083615	0.623301889802	0.726406607057	0.637559028516	1.28715124215	1.06201612373	1.08070493475	1.07631697922	1.06011235379	1.19005797003	0.79823961334	0.829186085065	0.846385862736	0.771758231029	0.597604929918	1.15294984534	0.677044635089	1.0249962929	0.576040024166	1.0370518753
AA6	0.819324504592	0.630088057032	2.38443088449	1.14649514741	0.968368148864	0.425087554374	1.1602477767	0.355645843403	0.341148960851	0.787215181247	0.450481962301	0.739379096182	0.505574243596	2.01205605607	0.692661667472	0.682862764621	0.463666234896	0.454210521991	1.86145792653	1.32215367327	0.862645553407	0.553956645723	0.490551068149	0.499157718705	1.80119193813	0.852941159981	0.448597230546	0.421383397777	0.714398511358	0.842586147898	0.833304548091	0.618858119865	0.259830328661	0.0	1.08258177864	0.848691498308	0.509644644756	0.646604509425	0.469870381827	0.838205398743	0.596637742871	1.31179357177	1.17605478009	0.628566428226	0.538764030933	0.457890265829	1.18632874335	0.965835964234	0.960231957467	0.941185113581	0.965941454809	1.08406362977	0.682296853552	0.722831503142	0.760297670372	0.664586752054	0.559045340744	1.05303466409	0.649785045916	0.896439874335	0.481809105848	0.940241140648
AB5	1.0842777767	0.929912087965	2.55427798937	1.40320927985	0.840754857419	0.994439328178	1.18518897535	1.07315480425	1.18065746738	0.954025050749	1.18155529241	0.808872706622	1.01478913001	2.18615169647	1.00457895118	0.985506051232	1.16778608023	1.15670361044	1.85840562107	1.39115697922	1.26648545674	1.14914001933	1.33363680039	1.33272010633	1.69885599807	1.08780866119	1.18670645239	1.15404496375	1.29320267762	1.22298618656	1.16036819236	1.15808284679	1.19529260996	1.08258177864	0.0	0.350725447076	0.957782576124	1.07380656839	0.944126698888	0.853213711938	0.863273315611	1.54339447076	1.42709211213	0.963582928951	0.991046022233	0.967107114548	0.822016109232	0.907242537458	0.721549173514	0.715792102465	1.02141658289	0.923956640889	0.816368540358	0.902138076365	0.921713726438	0.871157085549	0.999816167231	0.854633571774	0.99508080232	0.808173861769	1.01119325278	0.886030120831
AB6	0.901839898502	0.679755205413	2.44765041566	1.2395162929	0.71438258579	0.74338558724	1.05311702272	0.800099652006	0.931361938134	0.783285016916	0.988442653456	0.550417196713	0.782988351861	2.07136833736	0.75417142581	0.769246036733	0.981645340744	0.975677138714	1.75943751571	1.25786963751	1.07503014983	0.901022131464	1.12641115031	1.1248058724	1.65723821653	0.899535297245	0.983333465442	0.944511097148	1.03530894635	0.998570850652	1.02704399227	0.975941865636	0.92477742871	0.848691498308	0.350725447076	0.0	0.787551193813	0.803653339778	0.779040700822	0.722146930884	0.64795482842	1.38468765104	1.2575877187	0.677018003867	0.822883958434	0.784360971484	0.773076781054	0.741577747704	0.533792532624	0.534535403577	0.861802522958	0.789143073949	0.631796655389	0.750539154181	0.769975819236	0.705951744804	0.764420850652	0.716349690672	0.759455374577	0.629615664572	0.814831836636	0.714833276945
AC5	0.942622431126	0.769476027066	2.60485185597	1.38182537941	0.975987631706	0.554878521025	1.26251556307	0.554555901402	0.526490251329	0.917335437409	0.458451836636	0.734592721121	0.708881430643	2.23728503142	0.870248728855	0.811917781537	0.52718742871	0.498960792653	1.95396129531	1.42902099565	1.11073347511	0.775630347994	0.597990715321	0.587596921218	1.88385714355	0.956669130014	0.544955147414	0.569370932818	0.917693663606	1.02074916868	0.799390932818	0.639960512325	0.57985037216	0.509644644756	0.957782576124	0.787551193813	0.0	0.813186640889	0.411336592557	0.92537897535	0.689410256162	1.55954987434	1.42376389077	0.76891077332	0.535795355244	0.452983658772	1.03062102465	0.801687075882	0.905770396327	0.845186162397	0.774506060899	0.885597941034	0.635987684872	0.590560749154	0.604288250362	0.555831106815	0.724284543258	0.890997501208	0.809170318995	0.784322788787	0.597239801837	0.778857365877
AC6	0.782493905268	0.528905558241	1.95204349444	0.745126877719	0.731217114548	0.674932750121	0.717319429676	0.565260666989	0.7403840261	0.478047501208	0.877862885452	0.629292798453	0.650890140164	1.58754493475	0.508723847269	0.642779009183	0.812009845336	0.825028119865	1.44337448043	0.90606561624	0.720887936201	0.641154456259	0.82204737071	0.813259589174	1.48138242146	0.696008269696	0.760011503142	0.70321081682	0.510107767037	0.505857588207	0.954029782504	0.865483363944	0.649396887385	0.646604509425	1.07380656839	0.803653339778	0.813186640889	0.0	0.799071469309	0.689539043016	0.625998144031	0.780762721121	0.645150512325	0.319789768004	1.01395663122	0.946019395843	1.18699358144	1.0774698695	0.989962237796	0.998436157564	1.17385755437	1.15648933784	0.816478907685	0.911602160464	0.949086056066	0.873048177864	0.623785103915	1.09801274529	0.633339898502	1.04379566457	0.681692696955	1.04951445626
AD6	0.796231116481	0.616103871435	2.52537072982	1.22718444659	0.873338946351	0.442788772354	1.15642083615	0.423573412276	0.507666747221	0.820081377477	0.465846573224	0.664119666506	0.561390125665	2.15283532141	0.74272621073	0.648101807637	0.443813832769	0.431220990817	1.87055742388	1.32425584824	1.0134482117	0.677764533591	0.619968767521	0.612239932334	1.81779336878	0.888567916868	0.5190160029	0.496157046883	0.80314699855	0.913671416143	0.74122358144	0.543587564041	0.556041512808	0.469870381827	0.944126698888	0.779040700822	0.411336592557	0.799071469309	0.0	0.776198854519	0.468181242146	1.47821967134	1.34631040116	0.741616810053	0.618343093282	0.538167356211	0.930465070082	0.702500024166	0.835559110681	0.741684369261	0.712716012566	0.830829178347	0.494464113098	0.476998221363	0.525188680522	0.442430164331	0.56221517158	0.797271522475	0.619426679555	0.700275998067	0.386453243113	0.684724146931
AE5	0.576513760271	0.539127887869	2.29291239729	1.00680011116	0.651006510391	0.780820647656	0.79846141131	0.777665142581	0.965640111165	0.544657825036	1.03755390527	0.590624862252	0.74065560174	1.91904217013	0.652246573224	0.500489381344	0.898027119381	0.872909888835	1.46729488642	0.987690865152	0.956336529725	0.81941838086	1.03462770904	1.00232701305	1.34564838569	0.628543349444	0.891604098598	0.840066031899	0.879808695022	0.785437240213	0.944783102948	0.867460038666	0.880870526825	0.838205398743	0.853213711938	0.722146930884	0.92537897535	0.689539043016	0.776198854519	0.0	0.385246592557	1.17695637023	1.04932969067	0.637480410826	1.12723151764	1.07661532624	0.90960221363	0.888698540358	0.821583929435	0.725628907685	1.00701340744	0.95259817303	0.597342242629	0.691315964234	0.764371836636	0.654366060899	0.573160299662	0.882189294345	0.531026587724	0.806622924118	0.689826945384	0.857455712905
AE6	0.583239521508	0.393628815853	2.3776517883	1.05761138231	0.67202557274	0.506939168681	0.941473146448	0.534290604157	0.682240169164	0.616085239246	0.749202663122	0.504872991783	0.481070082165	2.00256954567	0.547297419043	0.411169768004	0.681115761237	0.665406292895	1.62039079749	1.10828027066	0.955219787337	0.726506916385	0.853284973417	0.825003069116	1.54709156597	0.678698535524	0.699783286612	0.668114683422	0.769511884969	0.768246848719	0.851275524408	0.749412295795	0.658973910101	0.596637742871	0.863273315611	0.64795482842	0.689410256162	0.625998144031	0.468181242146	0.385246592557	0.0	1.28050475109	1.14675045433	0.511451846303	0.877549120348	0.819738061866	0.86200340261	0.697748622523	0.728126761721	0.632549342678	0.818012692122	0.786544233929	0.402998540358	0.491304886419	0.551631275979	0.458384195263	0.421978327695	0.728431304978	0.421233895602	0.65318698405	0.455893218946	0.671381242146
AF5	1.2446139971	1.15337111165	1.33153934268	0.566143566941	1.1207837796	1.33520594973	0.800849555341	1.20057444659	1.30073478009	0.997011691638	1.49483017883	1.19264879169	1.26676689705	0.972521913968	1.04134471242	1.21661443209	1.45031911068	1.46219952151	0.989877723538	0.702284016433	1.13089402127	1.17036738521	1.36916670855	1.36806434026	1.45828555824	1.14740036733	1.34856646206	1.2931418898	0.925113426776	0.891542319961	1.46000649106	1.41555964717	1.21686889802	1.31179357177	1.54339447076	1.38468765104	1.55954987434	0.780762721121	1.47821967134	1.17695637023	1.28050475109	0.0	0.187454122765	0.934892440793	1.68992806187	1.63242542291	1.66908342678	1.63754258579	1.54334309328	1.55633980667	1.74888547608	1.74021676655	1.45220536008	1.55981149348	1.58554061866	1.51723596423	1.24895924118	1.67162627356	1.21494952151	1.61779692605	1.34776963751	1.61232070565
AF6	1.16925638473	1.01686238279	1.4554462059	0.49685219913	0.984420985984	1.19504710971	0.751488598357	1.06699493958	1.17266160464	0.859477066216	1.36032100532	1.05309863219	1.1305821218	1.0936458289	0.915980062832	1.09581295312	1.31581257612	1.32831786854	1.05686009183	0.693858264862	1.07618717738	1.07601130981	1.23983877235	1.24347754471	1.45258534558	1.03721477042	1.2186059594	1.15496165781	0.847779275012	0.828879690672	1.38286855002	1.30251149831	1.08804083615	1.17605478009	1.42709211213	1.2575877187	1.42376389077	0.645150512325	1.34631040116	1.04932969067	1.14675045433	0.187454122765	0.0	0.792969328178	1.55855641373	1.50019512808	1.54565901885	1.50096143548	1.41168298695	1.42570152731	1.61346880135	1.6034557709	1.31223172064	1.42409816336	1.45082875785	1.37734153214	1.10577826486	1.53376325761	1.07265139681	1.47895389077	1.21769659739	1.47426593523
AG5	0.765939864669	0.443531053649	2.08424756887	0.837886070565	0.571017660706	0.580964470759	0.773672348961	0.526775703238	0.701241179314	0.513283513775	0.841544494925	0.460350792653	0.550666810053	1.71307278879	0.424390029	0.600217747704	0.816292489125	0.803503272112	1.48510552441	0.948882160464	0.765197365877	0.696953726438	0.889947501208	0.87367078782	1.44577028516	0.667119855002	0.807540439826	0.752916370227	0.572459323345	0.549740956984	0.976025012083	0.888171536974	0.623301889802	0.628566428226	0.963582928951	0.677018003867	0.76891077332	0.319789768004	0.741616810053	0.637480410826	0.511451846303	0.934892440793	0.792969328178	0.0	0.971008632189	0.90218157564	1.06675637023	0.961266268729	0.856494122765	0.846854354761	1.05926927501	1.03611579024	0.687335132914	0.792637506042	0.827853020783	0.732407419043	0.613727883035	0.976123228613	0.626293533108	0.88984901885	0.669000057999	0.931082890285
