	AA3	AA4	AB3	AB4	AC3	AC4	AD3	AD4	AE3	AE4	AF3	AF4	AG3	AG4	AH3	AH4	AA7	AA8	AB7	AB8	AC7	AC8	AD7	AD8	AE7	AE8	AF7	AF8	AG7	AG8	AH7	AH8	AA5	AA6	AB5	AB6	AC5	AC6	AD6	AE5	AE6	AF5	AF6	AG5	AH5	AH6	AA1	AA2	AB1	AB2	AC1	AC2	AD1	AD2	AE1	AE2	AF1	AF2	AG1	AG2	AH1	AH2
AA3	0.0	0.544761324311	2.26164158047	0.980947926535	0.833871841469	0.745933644273	0.886137675205	0.760612189464	0.880647844369	0.681482764621	0.998155345578	0.768252508458	0.731307216046	1.88184833736	0.808139526341	0.305835398743	0.809375669406	0.770928492025	1.43138853069	1.04430674722	0.788372353794	0.682749526341	0.897571362977	0.865750845819	1.35319964234	0.614369772837	0.820214731754	0.685193634606	0.745718467859	0.712516278395	0.760260918318	0.684108670855	0.903579110681	0.866396592557	1.06284463509	0.927653349444	0.969536578057	0.826499942001	0.793759217013	0.581351609473	0.622068332528	1.25320720155	1.17642412276	0.718686964717	1.15231775737	1.0669337361	0.98416260029	0.988729956501	0.901218018366	0.864020343161	1.09857257129	0.981679826003	0.624356104398	0.712871435476	0.780413571774	0.714142344128	0.552387970034	0.919328274529	0.535205485742	0.892891140648	0.655570115998	0.962722682455
AA4	0.544761324311	0.0	2.28422218946	0.929325268246	0.572788535524	0.573662247463	0.881008134364	0.521901208313	0.684934775254	0.547822938618	0.872295964234	0.452772334461	0.446634746254	1.90210071049	0.357312595457	0.307984958917	0.66860921218	0.687487341711	1.54887248429	1.08807944901	0.870385819236	0.672102160464	0.892319618173	0.858151155147	1.44978713388	0.58481300145	0.701623131948	0.69048582407	0.647497878202	0.68931659739	0.889120077332	0.741334567424	0.671677390043	0.669656689222	0.907350154664	0.688192682455	0.799265635573	0.574739091348	0.596240541324	0.485325993233	0.395018153697	1.20618616723	1.09063304495	0.47216540841	1.00389349444	0.910662339294	0.893864088932	0.80925280812	0.713300879652	0.701616814886	0.941968888352	0.838422068632	0.559007365877	0.587419980667	0.643291193813	0.613909758337	0.421109275012	0.784526640889	0.42215121798	0.763357491542	0.506183281779	0.775476669889
AB3	2.26164158047	2.28422218946	0.0	1.47391755921	2.18373724988	2.39970584824	1.91836901885	2.28530963267	2.34159133881	2.12607723055	2.54924718221	2.34441795553	2.34849869502	0.418010246496	2.13149616723	2.28735260996	2.47072580474	2.49116106332	1.20937787337	1.45766189947	2.00564960367	2.15293465442	2.42045061382	2.39796710971	1.91166718705	2.20467668922	2.36814054616	2.27046807153	1.94388123731	1.87416246979	2.45553914451	2.43211042533	2.3067437361	2.39968211696	2.52886667956	2.47704710971	2.64397439826	1.99729890285	2.54143483325	2.28051567424	2.39311364427	1.33235115998	1.42531310778	2.10096960851	2.76258246013	2.65365331561	2.66392825036	2.70600924601	2.53997263896	2.61585041083	2.78959630739	2.72858109715	2.53845059932	2.59953862252	2.62378974867	2.61731290478	2.29847158047	2.69705361527	2.28333659739	2.66051664572	2.37897580474	2.70946868052
AB4	0.980947926535	0.929325268246	1.47391755921	0.0	0.891065867569	1.03984882069	0.780857298212	1.01204860319	1.14018121315	0.850178057032	1.30276008217	1.00958672789	0.900673054616	1.0785560029	0.826427307878	0.942528313195	1.16073124215	1.17116470275	0.982113276945	0.480578066699	0.931759555341	0.905263823103	1.19395373127	1.14728734654	1.24045538908	0.927516471725	1.11521464476	1.00333499758	0.67442858869	0.630346824553	1.26468197197	1.16498346061	1.13521351377	1.16454249879	1.34231029966	1.25131262446	1.39885672305	0.789887665539	1.21223345578	0.953211822136	1.04509008217	0.606130033833	0.520284103432	0.819475761237	1.54112047366	1.42837935234	1.43915492508	1.43602579024	1.28929291445	1.33118975834	1.5424060174	1.45741400677	1.20671020783	1.27444865152	1.33326653456	1.29733064766	0.996253499275	1.40458777187	0.980675944901	1.3640221798	1.0438638521	1.41909791687
AC3	0.833871841469	0.572788535524	2.18373724988	0.891065867569	0.0	0.752255480909	0.87410300145	0.807024224263	0.936445727405	0.617268612856	1.04730849203	0.338211599807	0.737317878202	1.80557669889	0.606782899952	0.721243305945	0.924137834703	0.938963832769	1.44940703238	1.02471204447	0.988445103915	0.921508878685	1.20119763654	1.1516179217	1.310060203	0.771875244079	0.990435621073	0.987746587724	0.806936602223	0.818627346544	1.14212753987	1.01044718221	0.93062860319	0.918410521991	0.803515152247	0.734544494925	0.980766698888	0.70283242146	0.81299441276	0.606751609473	0.649789801837	1.13717980667	1.04717619623	0.594993363944	1.17035404543	1.08106082165	0.862249308845	0.959097709038	0.712745625906	0.810635451909	1.07250042049	0.953542010633	0.688099458676	0.771452576124	0.842064775254	0.781034272595	0.776796234896	0.901734702755	0.75499979217	0.883675268246	0.799997955534	0.937320285162
AC4	0.745933644273	0.573662247463	2.39970584824	1.03984882069	0.752255480909	0.0	1.13758303528	0.390526230063	0.448464920251	0.777873905268	0.418099178347	0.533304586757	0.410264127598	2.01813346544	0.673968066699	0.638285244079	0.544152754954	0.546174238763	1.82724559691	1.31290849203	0.868112677622	0.616311947801	0.654913890768	0.616907303045	1.70188242146	0.739488405027	0.537336969551	0.547968168197	0.646374490092	0.718726094732	0.792357887869	0.610293586274	0.470316689222	0.394199023683	1.00461391977	0.75188618173	0.621087912035	0.624777046883	0.434087680039	0.751226191397	0.457176157564	1.34146534074	1.22608158531	0.570319516675	0.735811449976	0.600667419043	1.07240902368	0.863421522475	0.8425079797	0.82892102465	0.931180473659	0.950988859352	0.569988269696	0.652456408893	0.675614127598	0.642690391493	0.567348835186	0.910302576124	0.62175159014	0.803623518608	0.400975785404	0.840178028033
AD3	0.886137675205	0.881008134364	1.91836901885	0.780857298212	0.87410300145	1.13758303528	0.0	1.0084517883	1.28039023683	0.454957849203	1.4152420783	0.989447419043	1.08461507008	1.53633198647	0.816114446593	0.903342547124	1.22973750121	1.20915011116	1.29085635573	0.814091459642	0.885196022233	0.943086679555	1.30791753504	1.27364899468	1.19889983084	0.904160478492	1.21415528758	1.08888250362	0.921474934751	0.83861722088	1.17924440309	1.10720757371	1.24458565974	1.20216744321	1.15600875785	1.08210236346	1.31582368777	0.774133663606	1.1771318463	0.778434668922	0.970887718705	0.847289255679	0.769099574674	0.776600821653	1.45698971967	1.37525958917	1.34822573707	1.37411737554	1.139929826	1.19192496858	1.50219886902	1.39967478492	1.1635620928	1.19736110681	1.25217259062	1.20611442243	0.963099062349	1.34453862252	0.94326818753	1.25825487675	1.10022109232	1.35932916385
AD4	0.760612189464	0.521901208313	2.28530963267	1.01204860319	0.807024224263	0.390526230063	1.0084517883	0.0	0.30914358144	0.6127840116	0.560835867569	0.63440462059	0.515758864186	1.90298477042	0.597515930401	0.57335618173	0.510029463509	0.5341839971	1.77775265829	1.26351892702	0.833161034316	0.544112464959	0.549202643789	0.515656945384	1.69637505075	0.719571715805	0.442082068632	0.430157974867	0.530398177864	0.644946080232	0.790838714355	0.586153987434	0.318050584824	0.387571817303	1.10565485259	0.826245345578	0.617142957951	0.511785239246	0.497653320445	0.712620512325	0.519924320928	1.21154402127	1.09415950217	0.503949855002	0.792982648623	0.66097618173	1.15908205897	0.93445499275	0.964114200097	0.955174030933	0.98156659739	1.029200261	0.685738434026	0.715791860802	0.720718656356	0.736352097632	0.513490067666	0.988975263412	0.584191459642	0.930880729821	0.457163117448	0.907300169164
AE3	0.880647844369	0.684934775254	2.34159133881	1.14018121315	0.936445727405	0.448464920251	1.28039023683	0.30914358144	0.0	0.883152687289	0.394644514258	0.756530444659	0.579219855002	1.96562357661	0.752678013533	0.736360942484	0.483966964717	0.543003054616	1.91196705655	1.40145321895	0.951881077815	0.692087878202	0.437100647656	0.43291937651	1.85981445626	0.872021058482	0.404733286612	0.475509221846	0.664169386177	0.782914146931	0.85132479942	0.667221087482	0.253358748188	0.337581527308	1.19114664089	0.934794562591	0.554254233929	0.698330879652	0.558981570807	0.92268499275	0.626527912035	1.30854312711	1.19509553407	0.691249666506	0.802337559207	0.63618280812	1.24936729338	1.01754642339	1.06753062832	1.04268542291	1.0448582697	1.12094913968	0.755527332044	0.807231788304	0.799383919768	0.827760869985	0.677447336878	1.08242767037	0.744305915901	1.00747087482	0.566784707588	0.993525915901
AE4	0.681482764621	0.547822938618	2.12607723055	0.850178057032	0.617268612856	0.777873905268	0.454957849203	0.6127840116	0.883152687289	0.0	1.05310830836	0.646833185114	0.741008753021	1.74319096665	0.558021304978	0.579390449493	0.860497718705	0.846433808603	1.47512257612	0.98667421943	0.741405703238	0.658498467859	0.944323562107	0.900668728855	1.34080686322	0.580064939584	0.830925732238	0.739048579024	0.591279656839	0.589380744321	0.926363354277	0.809413049782	0.849337921701	0.831207515708	0.946978873852	0.819133165781	0.94526121798	0.501690478492	0.797283682939	0.497242261962	0.604678637023	1.00524630256	0.892988405027	0.467445717738	1.12853154181	1.03911837603	1.04377467376	1.0730378927	0.878749028516	0.924994069599	1.1996158869	1.10570231029	0.828467926535	0.86439062349	0.905736249396	0.881289874335	0.615062469792	1.04420556791	0.608337539874	0.99018659739	0.723460314161	1.04349659256
AF3	0.998155345578	0.872295964234	2.54924718221	1.30276008217	1.04730849203	0.418099178347	1.4152420783	0.560835867569	0.394644514258	1.05310830836	0.0	0.835854282262	0.695468139198	2.17284664089	0.951879250846	0.900959086515	0.518129690672	0.52927521508	2.05000851619	1.53548218946	1.06478935234	0.823981343644	0.411849038183	0.399880604157	1.99898511841	1.01691867086	0.499032319961	0.632195524408	0.836038985017	0.934471710971	0.844719463509	0.675643533108	0.463750289995	0.450614461092	1.18540172064	0.986693035283	0.486218342194	0.855744673755	0.527605514741	1.033490058	0.72440300145	1.52236965201	1.41558705655	0.853389811503	0.702477665539	0.541402837119	1.23459461092	0.980099337844	1.09956415176	1.02527794103	1.00997329145	1.06627739488	0.766707158047	0.766596089898	0.771634688255	0.76471078782	0.843150961817	1.03813122765	0.895778134364	0.977241846303	0.623904610923	0.951886602223
AF4	0.768252508458	0.452772334461	2.34441795553	1.00958672789	0.338211599807	0.533304586757	0.989447419043	0.63440462059	0.756530444659	0.646833185114	0.835854282262	0.0	0.54661760754	1.96450526341	0.57949319478	0.592348342194	0.783156829386	0.801558032866	1.66034683905	1.16116055099	0.966350507492	0.794173489609	1.03125666022	0.983616007733	1.49678403093	0.662951822136	0.832419265346	0.829658100532	0.760735132914	0.769115447076	0.996900183664	0.871739594007	0.752296771387	0.731119579507	0.757219917835	0.527552315128	0.742031251812	0.651344214596	0.659896732721	0.592324794587	0.513090488159	1.26322831319	1.15621599323	0.537323929435	0.931383943934	0.831038820686	0.821227104882	0.771219826003	0.601311097148	0.638467361044	0.88951641856	0.807403866602	0.538179835669	0.594297380377	0.662201449976	0.611048163364	0.636034881585	0.756713890768	0.632020768487	0.701405688739	0.631345147414	0.747858728855
AG3	0.731307216046	0.446634746254	2.34849869502	0.900673054616	0.737317878202	0.410264127598	1.08461507008	0.515758864186	0.579219855002	0.741008753021	0.695468139198	0.54661760754	0.0	1.95246607057	0.522358284195	0.53739821653	0.543736843886	0.568615872402	1.73735362977	1.21942152247	0.911153228613	0.621559748671	0.754390565491	0.728202875785	1.60880648139	0.677298670855	0.565134233929	0.601545558241	0.622146022233	0.730594456259	0.829892648623	0.682571314645	0.59027179797	0.531796442726	0.979628931851	0.750910318995	0.722221657806	0.632531121315	0.520232687289	0.686256814886	0.428617539874	1.29569189464	1.18347673272	0.560323934268	0.8975539826	0.77927699855	0.980829932334	0.803646249396	0.793963504108	0.770916703722	0.919863160947	0.851577153214	0.530208608023	0.592129033349	0.662088414693	0.610451300145	0.478594528758	0.827760410826	0.513234354761	0.747808071532	0.390352663122	0.789803528275
AG4	1.88184833736	1.90210071049	0.418010246496	1.0785560029	1.80557669889	2.01813346544	1.53633198647	1.90298477042	1.96562357661	1.74319096665	2.17284664089	1.96450526341	1.95246607057	0.0	1.75327114065	1.90453156597	2.09662120348	2.11437739971	0.932212653456	1.09306989367	1.63198826003	1.77476414693	2.04455083615	2.02178436443	1.62361891252	1.82803379894	1.99018260512	1.89136263896	1.57277105848	1.49767461092	2.09384463509	2.05591411793	1.93063829386	2.01931213146	2.15914621556	2.10300680039	2.27467410826	1.62157074432	2.15879964717	1.89986695505	2.01013324795	0.962192522958	1.05445039149	1.72301987434	2.38542735138	2.27373480425	2.2814002755	2.32326144514	2.15612210246	2.22989544708	2.41273397777	2.34819618656	2.15739287095	2.21572213146	2.24406517641	2.23495618173	1.9163840696	2.31635344128	1.90119348478	2.27458342194	1.99884467859	2.32843999033
AH3	0.808139526341	0.357312595457	2.13149616723	0.826427307878	0.606782899952	0.673968066699	0.816114446593	0.597515930401	0.752678013533	0.558021304978	0.951879250846	0.57949319478	0.522358284195	1.75327114065	0.0	0.582740792653	0.778537022716	0.817412764621	1.53815423393	1.03894281295	0.863140135331	0.734926645723	0.964969951667	0.940784871919	1.45559375544	0.723122725955	0.786215292412	0.784249835669	0.63038078782	0.655658927018	1.04415448043	0.906948651522	0.701759787337	0.728244548091	0.996394862252	0.784968806187	0.931867559207	0.485968738521	0.764759294345	0.62770818753	0.580627288545	1.03405278879	0.921863629773	0.428487999033	1.11100110198	1.00571553407	1.05102	0.968958153697	0.853717225713	0.878914079265	1.08906216046	1.00779160947	0.775891957467	0.814176500725	0.849995949734	0.844935287579	0.587370289995	0.971097776704	0.585229333011	0.899112049299	0.660793827936	0.962274514258
AH4	0.305835398743	0.307984958917	2.28735260996	0.942528313195	0.721243305945	0.638285244079	0.903342547124	0.57335618173	0.736360942484	0.579390449493	0.900959086515	0.592348342194	0.53739821653	1.90453156597	0.582740792653	0.0	0.644385790237	0.632208289029	1.49001430159	1.0695500145	0.826546515225	0.601115664572	0.78978319478	0.762696587724	1.41764227163	0.547676684389	0.649316317061	0.595226230063	0.617504673755	0.644088786854	0.774177525375	0.624488922185	0.735724146931	0.709522750121	0.982425969067	0.777120260996	0.830241372644	0.667826428226	0.635872150797	0.496523460609	0.455852150797	1.2356698115	1.12806431609	0.563387747704	1.02566106332	0.935709502175	0.939332363461	0.859826766554	0.805944910585	0.742012890285	0.982505041083	0.878598463026	0.553856636056	0.60037277912	0.663363383277	0.620456785887	0.363523214113	0.816542252296	0.362307341711	0.788888985017	0.501161686805	0.831513518608
AA7	0.809375669406	0.66860921218	2.47072580474	1.16073124215	0.924137834703	0.544152754954	1.22973750121	0.510029463509	0.483966964717	0.860497718705	0.518129690672	0.783156829386	0.543736843886	2.09662120348	0.778537022716	0.644385790237	0.0	0.144152812953	1.8170419188	1.32451737071	0.975202774287	0.638554146931	0.478944035766	0.465244659256	1.75248789754	0.797731754471	0.340235389077	0.444726781054	0.704594900918	0.81189062349	0.651980821653	0.404239545674	0.475207965201	0.489484741421	1.17929705655	0.991647655872	0.562823837603	0.796568757854	0.480800521991	0.864185161914	0.638462745288	1.4343841276	1.32696768004	0.76905522958	0.815080850652	0.673707375544	1.11843103915	0.901302619623	1.04367252779	0.971978777187	0.927753905268	0.977175060416	0.670500560657	0.668505857902	0.687539835669	0.697556157564	0.528862682455	0.926178569357	0.566863910101	0.938525814403	0.45274319478	0.877244006767
AA8	0.770928492025	0.687487341711	2.49116106332	1.17116470275	0.938963832769	0.546174238763	1.20915011116	0.5341839971	0.543003054616	0.846433808603	0.52927521508	0.801558032866	0.568615872402	2.11437739971	0.817412764621	0.632208289029	0.144152812953	0.0	1.80663759304	1.31398844369	0.932336457226	0.599955843403	0.479497854036	0.463327148381	1.72067994683	0.770670763654	0.363336495892	0.419566060899	0.695397525375	0.797528018366	0.579103861769	0.327354021266	0.532715828903	0.522781778637	1.16899295312	0.99333558724	0.563395838569	0.824781889802	0.482855732238	0.859690966651	0.651503156114	1.46357218463	1.35389449009	0.780446969551	0.79048037216	0.663054156597	1.11790284679	0.891800033833	1.03281671822	0.962858376027	0.918085925568	0.96159661189	0.661196254229	0.659012493958	0.679926114065	0.670739246013	0.529733397777	0.927431092315	0.564625432576	0.928372102465	0.450390555824	0.867947298212
AB7	1.43138853069	1.54887248429	1.20937787337	0.982113276945	1.44940703238	1.82724559691	1.29085635573	1.77775265829	1.91196705655	1.47512257612	2.05000851619	1.66034683905	1.73735362977	0.932212653456	1.53815423393	1.49001430159	1.8170419188	1.80663759304	0.0	0.586121329145	1.5129837651	1.54061763171	1.92349148381	1.89122602707	1.0777521943	1.45644121315	1.80671814886	1.67720573224	1.38692487192	1.27262245046	1.72184936201	1.70057867086	1.88345092798	1.90623480909	1.83196791687	1.8183961479	1.99934807637	1.48436102948	1.86437045433	1.46877858386	1.64537385694	1.01527999517	1.04839951667	1.52057638473	2.18429927018	2.10504139681	1.89739307395	1.97927118898	1.81546354277	1.82768332528	2.07641151281	1.97993877719	1.75023550024	1.82341366361	1.86051885452	1.84560451426	1.61158907685	1.93748723538	1.57642815853	1.8974838086	1.74415338811	1.97882345094
AB8	1.04430674722	1.08807944901	1.45766189947	0.480578066699	1.02471204447	1.31290849203	0.814091459642	1.26351892702	1.40145321895	0.98667421943	1.53548218946	1.16116055099	1.21942152247	1.09306989367	1.03894281295	1.0695500145	1.32451737071	1.31398844369	0.586121329145	0.0	1.01724004833	1.02862507975	1.40319262929	1.36141327211	1.12684977284	0.982509888835	1.28410274529	1.15424696472	0.838603281779	0.738090072499	1.2729221363	1.23143068149	1.36670116965	1.39204681005	1.41028116481	1.35024160464	1.51357748671	0.976535273079	1.38551307878	1.04544848719	1.19120747221	0.690744997583	0.685551005317	1.01140946834	1.70975737071	1.6096840696	1.5498538231	1.55562581924	1.40696420493	1.42674156114	1.6552641711	1.59098455292	1.35611827936	1.4037498115	1.43637804737	1.43084105848	1.14110394877	1.54096659256	1.1222317303	1.48317345094	1.2252977042	1.55491429193
AC7	0.788372353794	0.870385819236	2.00564960367	0.931759555341	0.988445103915	0.868112677622	0.885196022233	0.833161034316	0.951881077815	0.741405703238	1.06478935234	0.966350507492	0.911153228613	1.63198826003	0.863140135331	0.826546515225	0.975202774287	0.932336457226	1.5129837651	1.01724004833	0.0	0.463528627356	0.949728269696	0.909323131948	1.40845244079	0.71401297245	0.907957651039	0.737870734654	0.586994320928	0.557227617206	0.845345577574	0.794695060416	0.91098282262	0.900073586274	1.23267510391	1.11932220396	1.16475951667	0.758521836636	1.00992018366	0.926442948284	0.94025637506	1.15431711938	1.08580603673	0.713163368777	1.12049137748	1.02308673755	1.45191667472	1.40534162397	1.21008587724	1.24577221363	1.51226416143	1.44084362494	1.08383208313	1.15244302562	1.20362947318	1.15211936684	0.865585756404	1.38502528758	0.852956147898	1.2472962639	0.86746737071	1.38924129048
AC8	0.682749526341	0.672102160464	2.15293465442	0.905263823103	0.921508878685	0.616311947801	0.943086679555	0.544112464959	0.692087878202	0.658498467859	0.823981343644	0.794173489609	0.621559748671	1.77476414693	0.734926645723	0.601115664572	0.638554146931	0.599955843403	1.54061763171	1.02862507975	0.463528627356	0.0	0.656506051232	0.628973160947	1.46916305945	0.59648739971	0.500640758821	0.341348206863	0.41889277912	0.490632754954	0.624942895118	0.512064393427	0.628779937168	0.641824233929	1.14509716771	0.897587728371	0.844015993233	0.627427409377	0.714599753504	0.776439067182	0.673510347994	1.15007893185	1.05852643789	0.60262262929	0.964729149348	0.850327554374	1.2838938956	1.08877215563	1.04886170614	1.03101589174	1.18660923151	1.15427837119	0.811660903818	0.831721377477	0.885219888835	0.834834915418	0.524188951184	1.10977862252	0.558619478009	0.994830729821	0.55921460609	1.0724099565
AD7	0.897571362977	0.892319618173	2.42045061382	1.19395373127	1.20119763654	0.654913890768	1.30791753504	0.549202643789	0.437100647656	0.944323562107	0.411849038183	1.03125666022	0.754390565491	2.04455083615	0.964969951667	0.78978319478	0.478944035766	0.479497854036	1.92349148381	1.40319262929	0.949728269696	0.656506051232	0.0	0.14694681972	1.87693973417	0.874134736588	0.384105079749	0.431245210246	0.700090439826	0.786377510875	0.703674195263	0.529179589174	0.504189903335	0.531044369261	1.34692330594	1.13509352827	0.638497791203	0.852337539874	0.665574929918	1.04574877235	0.846345079749	1.39382282745	1.29073672305	0.867170807153	0.855701068149	0.703795790237	1.36768309812	1.12477387627	1.25341076365	1.19016541324	1.14443514741	1.22110470275	0.89891160464	0.897591304978	0.894992996617	0.916171087482	0.721693861769	1.17982608507	0.771738472692	1.14786976317	0.626781198647	1.10212305462
AD8	0.865750845819	0.858151155147	2.39796710971	1.14728734654	1.1516179217	0.616907303045	1.27364899468	0.515656945384	0.43291937651	0.900668728855	0.399880604157	0.983616007733	0.728202875785	2.02178436443	0.940784871919	0.762696587724	0.465244659256	0.463327148381	1.89122602707	1.36141327211	0.909323131948	0.628973160947	0.14694681972	0.0	1.80536329628	0.802186495892	0.360018675689	0.399684664089	0.645642904785	0.737178240696	0.692081527308	0.513972015466	0.490187965201	0.510422895118	1.32438472209	1.10730220396	0.622331145481	0.818787936201	0.639867433543	0.996545132914	0.800964630256	1.37571176414	1.26513260029	0.828224857419	0.839832769454	0.689901623973	1.34410692122	1.10276338328	1.21472850652	1.15380134848	1.13010573707	1.19976126631	0.869196529724	0.8786779797	0.873208970517	0.894336689222	0.713816727888	1.15841400677	0.762294939584	1.11812338811	0.588308434026	1.07986369744
AE7	1.35319964234	1.44978713388	1.91166718705	1.24045538908	1.310060203	1.70188242146	1.19889983084	1.69637505075	1.85981445626	1.34080686322	1.99898511841	1.49678403093	1.60880648139	1.62361891252	1.45559375544	1.41764227163	1.75248789754	1.72067994683	1.0777521943	1.12684977284	1.40845244079	1.46916305945	1.87693973417	1.80536329628	0.0	1.04979846303	1.76567282745	1.61799745288	1.37465299662	1.31119748671	1.56839696472	1.57976124698	1.84649923635	1.8508437361	1.65917038666	1.69903680039	1.93071942968	1.50567165781	1.80341655872	1.34289381344	1.58254848719	1.46913246013	1.46111797487	1.45275101498	2.0277062349	1.96743189947	1.69646548091	1.85550478492	1.61655571774	1.64335927985	1.97189110198	1.82145990333	1.64838789754	1.68105030449	1.72776952151	1.68051432093	1.56172946834	1.79494946351	1.52062210246	1.73907353794	1.66267945384	1.8440857274
AE8	0.614369772837	0.58481300145	2.20467668922	0.927516471725	0.771875244079	0.739488405027	0.904160478492	0.719571715805	0.872021058482	0.580064939584	1.01691867086	0.662951822136	0.677298670855	1.82803379894	0.723122725955	0.547676684389	0.797731754471	0.770670763654	1.45644121315	0.982509888835	0.71401297245	0.59648739971	0.874134736588	0.802186495892	1.04979846303	0.0	0.774074789754	0.674505456742	0.616589400677	0.596398115031	0.755789395843	0.687948361527	0.859320763654	0.856266423393	1.04673366361	0.899800280329	0.952057718705	0.700449057516	0.839564417593	0.604438762687	0.654201710971	1.20640553891	1.10164940068	0.628590831319	1.09946490092	1.03157843403	1.12885918801	1.08775637506	0.914912141131	0.926283185114	1.1913460464	1.13610711455	0.824930352827	0.86418298695	0.903892547124	0.878804248429	0.640487747704	1.0800818753	0.652786046399	0.968881561141	0.68117260029	1.06832588207
AF7	0.820214731754	0.701623131948	2.36814054616	1.11521464476	0.990435621073	0.537336969551	1.21415528758	0.442082068632	0.404733286612	0.830925732238	0.499032319961	0.832419265346	0.565134233929	1.99018260512	0.786215292412	0.649316317061	0.340235389077	0.363336495892	1.80671814886	1.28410274529	0.907957651039	0.500640758821	0.384105079749	0.360018675689	1.76567282745	0.774074789754	0.0	0.253125311745	0.601993431609	0.717124871919	0.66314019333	0.508537003383	0.409183905268	0.418247090382	1.15142341711	0.932853668439	0.560505819236	0.713374345094	0.550903885935	0.869124185597	0.645076326728	1.34933051716	1.23668706138	0.703068704688	0.806698414693	0.661353523441	1.20181092315	0.976393755437	1.04799949734	1.01263022233	0.99865921218	1.06734929918	0.746059700338	0.760639661672	0.772733320445	0.791095828903	0.56417760754	1.02259808603	0.615340845819	0.976654804253	0.475268047366	0.953452290962
AF8	0.685193634606	0.69048582407	2.27046807153	1.00333499758	0.987746587724	0.547968168197	1.08888250362	0.430157974867	0.475509221846	0.739048579024	0.632195524408	0.829658100532	0.601545558241	1.89136263896	0.784249835669	0.595226230063	0.444726781054	0.419566060899	1.67720573224	1.15424696472	0.737870734654	0.341348206863	0.431245210246	0.399684664089	1.61799745288	0.674505456742	0.253125311745	0.0	0.518581710971	0.601288704688	0.611075026583	0.436134301595	0.478526761721	0.495427520541	1.17146690188	0.953063301112	0.654150695988	0.707549690672	0.572694494925	0.830038313195	0.651303736104	1.24955576124	1.13401096182	0.693099690672	0.875204306428	0.754753238279	1.24164579507	1.02031146931	1.06790691638	1.04163016916	1.04527606573	1.11177065732	0.753531246979	0.798960971484	0.816239096182	0.817713030449	0.531708709522	1.06820139681	0.581186544224	1.00957507975	0.476729656839	0.997419739004
AG7	0.745718467859	0.647497878202	1.94388123731	0.67442858869	0.806936602223	0.646374490092	0.921474934751	0.530398177864	0.664169386177	0.591279656839	0.836038985017	0.760735132914	0.622146022233	1.57277105848	0.63038078782	0.617504673755	0.704594900918	0.695397525375	1.38692487192	0.838603281779	0.586994320928	0.41889277912	0.700090439826	0.645642904785	1.37465299662	0.616589400677	0.601993431609	0.518581710971	0.0	0.199652329628	0.804622460126	0.678649043016	0.648794862252	0.690764475592	1.19170183664	0.937653363944	0.895185524408	0.467954050266	0.761581435476	0.759661058482	0.654726529725	0.997810125665	0.882357486709	0.466578327695	1.06217677622	0.946605128081	1.28297066699	1.10506778637	1.0976661914	1.07544189464	1.20509189947	1.15616646206	0.819780430159	0.884975036249	0.927122933784	0.909905084582	0.589992682455	1.11037251329	0.604099545674	1.050940145	0.611568342194	1.08530876752
AG8	0.712516278395	0.68931659739	1.87416246979	0.630346824553	0.818627346544	0.718726094732	0.83861722088	0.644946080232	0.782914146931	0.589380744321	0.934471710971	0.769115447076	0.730594456259	1.49767461092	0.655658927018	0.644088786854	0.81189062349	0.797528018366	1.27262245046	0.738090072499	0.557227617206	0.490632754954	0.786377510875	0.737178240696	1.31119748671	0.596398115031	0.717124871919	0.601288704688	0.199652329628	0.0	0.848965036249	0.733579043016	0.753133823103	0.77339240696	1.20169625423	0.973804021266	1.0055737941	0.466820947318	0.859702387627	0.7687100145	0.73910160464	0.938422445626	0.837304084099	0.471348656356	1.12701089415	1.01716562591	1.32064457226	1.21181553407	1.11287150314	1.11494922668	1.31781211696	1.25829952634	0.922904910585	0.972293262446	1.01492550024	0.995979840503	0.688838815853	1.20065019816	0.679693798937	1.13305517158	0.711838371194	1.19186992267
AH7	0.760260918318	0.889120077332	2.45553914451	1.26468197197	1.14212753987	0.792357887869	1.17924440309	0.790838714355	0.85132479942	0.926363354277	0.844719463509	0.996900183664	0.829892648623	2.09384463509	1.04415448043	0.774177525375	0.651980821653	0.579103861769	1.72184936201	1.2729221363	0.845345577574	0.624942895118	0.703674195263	0.692081527308	1.56839696472	0.755789395843	0.66314019333	0.611075026583	0.804622460126	0.848965036249	0.0	0.292762735621	0.891825935234	0.87826477042	1.17140110681	1.03870451426	0.819397506042	0.952155050749	0.778112866119	0.960170053166	0.833331561141	1.47158362494	1.38982464476	0.926065166747	0.969403557274	0.911604601257	1.28712549058	1.07711652006	1.15539423876	1.07174069116	1.14941562591	1.14742480425	0.870376413726	0.837146824553	0.835634876752	0.837324548091	0.754767970034	1.11706531658	0.772369449009	1.00120510875	0.699939424843	1.05453328661
AH8	0.684108670855	0.741334567424	2.43211042533	1.16498346061	1.01044718221	0.610293586274	1.10720757371	0.586153987434	0.667221087482	0.809413049782	0.675643533108	0.871739594007	0.682571314645	2.05591411793	0.906948651522	0.624488922185	0.404239545674	0.327354021266	1.70057867086	1.23143068149	0.794695060416	0.512064393427	0.529179589174	0.513972015466	1.57976124698	0.687948361527	0.508537003383	0.436134301595	0.678649043016	0.733579043016	0.292762735621	0.0	0.697711580474	0.667248134364	1.16573118898	0.980141681972	0.665551522475	0.854835340744	0.573485770904	0.857062648623	0.701811097148	1.41785332044	1.32093487192	0.811457520541	0.848875959401	0.748497100048	1.18352656356	0.973340705655	1.05374385694	0.979883939101	1.00005128565	1.04714728855	0.730936549058	0.720316143064	0.735395002417	0.725181058482	0.610083494442	1.00754064766	0.636425940068	0.923060807153	0.528955925568	0.946289023683
AA5	0.903579110681	0.671677390043	2.3067437361	1.13521351377	0.93062860319	0.470316689222	1.24458565974	0.318050584824	0.253358748188	0.849337921701	0.463750289995	0.752296771387	0.59027179797	1.93063829386	0.701759787337	0.735724146931	0.475207965201	0.532715828903	1.88345092798	1.36670116965	0.91098282262	0.628779937168	0.504189903335	0.490187965201	1.84649923635	0.859320763654	0.409183905268	0.478526761721	0.648794862252	0.753133823103	0.891825935234	0.697711580474	0.0	0.265548298695	1.19193869986	0.912109144514	0.61039059449	0.622034934751	0.594217873369	0.880344900918	0.641486466892	1.23482475592	1.13314511841	0.629449913001	0.807076162397	0.63766481392	1.28883446109	1.0642060899	1.08450674722	1.07871041566	1.09555499758	1.15923090382	0.778748148864	0.838562261962	0.824113349444	0.850283233446	0.616296901885	1.1161958724	0.674809661672	1.03729433059	0.577606964717	1.0417179652
AA6	0.866396592557	0.669656689222	2.39968211696	1.16454249879	0.918410521991	0.394199023683	1.20216744321	0.387571817303	0.337581527308	0.831207515708	0.450614461092	0.731119579507	0.531796442726	2.01931213146	0.728244548091	0.709522750121	0.489484741421	0.522781778637	1.90623480909	1.39204681005	0.900073586274	0.641824233929	0.531044369261	0.510422895118	1.8508437361	0.856266423393	0.418247090382	0.495427520541	0.690764475592	0.77339240696	0.87826477042	0.667248134364	0.265548298695	0.0	1.06794842919	0.817051092315	0.511577462542	0.632529342678	0.457583397777	0.86232759304	0.559605940068	1.33120762204	1.21266837119	0.642939603673	0.600893479942	0.431308492025	1.16059267762	0.941522373127	0.955290550991	0.930275485742	0.97263479942	1.03001362494	0.668784509425	0.728764818753	0.724834765587	0.725491155147	0.608701014983	0.983729903335	0.665885181247	0.895838801353	0.516749173514	0.917681063316
AB5	1.06284463509	0.907350154664	2.52886667956	1.34231029966	0.803515152247	1.00461391977	1.15600875785	1.10565485259	1.19114664089	0.946978873852	1.18540172064	0.757219917835	0.979628931851	2.15914621556	0.996394862252	0.982425969067	1.17929705655	1.16899295312	1.83196791687	1.41028116481	1.23267510391	1.14509716771	1.34692330594	1.32438472209	1.65917038666	1.04673366361	1.15142341711	1.17146690188	1.19170183664	1.20169625423	1.17140110681	1.16573118898	1.19193869986	1.06794842919	0.0	0.424806346061	0.943972474625	1.03663154664	0.941517095215	0.828341889802	0.842950531658	1.52750615273	1.4249161044	0.98079239246	1.00167195263	0.967452851619	0.845943881102	0.98323882552	0.744235935234	0.771325519575	1.08848096665	0.967024915418	0.836667805703	0.857289217013	0.907662402127	0.856613272112	1.01746634123	0.912203040116	1.01381266312	0.819082803287	1.00425043983	0.956335128081
AB6	0.927653349444	0.688192682455	2.47704710971	1.25131262446	0.734544494925	0.75188618173	1.08210236346	0.826245345578	0.934794562591	0.819133165781	0.986693035283	0.527552315128	0.750910318995	2.10300680039	0.784968806187	0.777120260996	0.991647655872	0.99333558724	1.8183961479	1.35024160464	1.11932220396	0.897587728371	1.13509352827	1.10730220396	1.69903680039	0.899800280329	0.932853668439	0.953063301112	0.937653363944	0.973804021266	1.03870451426	0.980141681972	0.912109144514	0.817051092315	0.424806346061	0.0	0.745533736104	0.766665297245	0.764086747221	0.759173832769	0.632635099082	1.41684500725	1.30533552924	0.708576660222	0.791188139198	0.783307723538	0.790213861769	0.739622232963	0.554055447076	0.552973905268	0.854614079265	0.76214838086	0.654963431609	0.690702165297	0.739426988884	0.686555461576	0.779183639439	0.706560947318	0.771481155147	0.575469207347	0.819139038183	0.714280662156
AC5	0.969536578057	0.799265635573	2.64397439826	1.39885672305	0.980766698888	0.621087912035	1.31582368777	0.617142957951	0.554254233929	0.94526121798	0.486218342194	0.742031251812	0.722221657806	2.27467410826	0.931867559207	0.830241372644	0.562823837603	0.563395838569	1.99934807637	1.51357748671	1.16475951667	0.844015993233	0.638497791203	0.622331145481	1.93071942968	0.952057718705	0.560505819236	0.654150695988	0.895185524408	1.0055737941	0.819397506042	0.665551522475	0.61039059449	0.511577462542	0.943972474625	0.745533736104	0.0	0.818488400193	0.440218443693	0.929124282262	0.650526051232	1.61950493958	1.48956949734	0.804927728371	0.549209270179	0.431201585307	0.994848912518	0.740283267279	0.88519579507	0.806941764137	0.766546761721	0.818949366844	0.608191860802	0.554432837119	0.531855756404	0.545278313195	0.750215838569	0.803836249396	0.814539386177	0.752862914451	0.617798912518	0.714206578057
AC6	0.826499942001	0.574739091348	1.99729890285	0.789887665539	0.70283242146	0.624777046883	0.774133663606	0.511785239246	0.698330879652	0.501690478492	0.855744673755	0.651344214596	0.632531121315	1.62157074432	0.485968738521	0.667826428226	0.796568757854	0.824781889802	1.48436102948	0.976535273079	0.758521836636	0.627427409377	0.852337539874	0.818787936201	1.50567165781	0.700449057516	0.713374345094	0.707549690672	0.467954050266	0.466820947318	0.952155050749	0.854835340744	0.622034934751	0.632529342678	1.03663154664	0.766665297245	0.818488400193	0.0	0.749873542774	0.643837854036	0.588279632673	0.837264533591	0.715441242146	0.293209072015	1.01923855969	0.908274432093	1.16333418076	1.07220765587	0.953005306912	0.96564277912	1.1622519043	1.11409558241	0.808745471242	0.886812508458	0.911157747704	0.894486326728	0.624674475592	1.05571067182	0.632865321411	0.981271807637	0.639024809087	1.06018737071
AD6	0.793759217013	0.596240541324	2.54143483325	1.21223345578	0.81299441276	0.434087680039	1.1771318463	0.497653320445	0.558981570807	0.797283682939	0.527605514741	0.659896732721	0.520232687289	2.15879964717	0.764759294345	0.635872150797	0.480800521991	0.482855732238	1.86437045433	1.38551307878	1.00992018366	0.714599753504	0.665574929918	0.639867433543	1.80341655872	0.839564417593	0.550903885935	0.572694494925	0.761581435476	0.859702387627	0.778112866119	0.573485770904	0.594217873369	0.457583397777	0.941517095215	0.764086747221	0.440218443693	0.749873542774	0.0	0.73685222813	0.393815253746	1.49432231996	1.37673068632	0.723556070565	0.669557892702	0.543613272112	0.892050468826	0.66974539391	0.810507588207	0.715268414693	0.713230695988	0.764596510391	0.452799845336	0.45857839536	0.478826979217	0.467402083132	0.551696950217	0.716726718221	0.606328927018	0.673809284679	0.398685070082	0.648019579507
AE5	0.581351609473	0.485325993233	2.28051567424	0.953211822136	0.606751609473	0.751226191397	0.778434668922	0.712620512325	0.92268499275	0.497242261962	1.033490058	0.592324794587	0.686256814886	1.89986695505	0.62770818753	0.496523460609	0.864185161914	0.859690966651	1.46877858386	1.04544848719	0.926442948284	0.776439067182	1.04574877235	0.996545132914	1.34289381344	0.604438762687	0.869124185597	0.830038313195	0.759661058482	0.7687100145	0.960170053166	0.857062648623	0.880344900918	0.86232759304	0.828341889802	0.759173832769	0.929124282262	0.643837854036	0.73685222813	0.0	0.406763934268	1.17036076365	1.05197018366	0.560475132914	1.1292459449	1.05337227646	0.903577757371	0.918756723055	0.789713011116	0.752103252779	1.03785128565	0.941536007733	0.650297438376	0.68820757854	0.765855002417	0.699990927985	0.563484161431	0.884412711455	0.546453634606	0.789629893668	0.665909101015	0.887728820686
AE6	0.622068332528	0.395018153697	2.39311364427	1.04509008217	0.649789801837	0.457176157564	0.970887718705	0.519924320928	0.626527912035	0.604678637023	0.72440300145	0.513090488159	0.428617539874	2.01013324795	0.580627288545	0.455852150797	0.638462745288	0.651503156114	1.64537385694	1.19120747221	0.94025637506	0.673510347994	0.846345079749	0.800964630256	1.58254848719	0.654201710971	0.645076326728	0.651303736104	0.654726529725	0.73910160464	0.833331561141	0.701811097148	0.641486466892	0.559605940068	0.842950531658	0.632635099082	0.650526051232	0.588279632673	0.393815253746	0.406763934268	0.0	1.30682699855	1.18759983084	0.527305814403	0.856654045433	0.76887499275	0.864227646206	0.720541749638	0.690123702272	0.635849043016	0.833333566941	0.756958047366	0.423486727888	0.475919168681	0.524657931368	0.503761367811	0.417032783954	0.706305113581	0.450962102465	0.622309961334	0.440840420493	0.699743059449
AF5	1.25320720155	1.20618616723	1.33235115998	0.606130033833	1.13717980667	1.34146534074	0.847289255679	1.21154402127	1.30854312711	1.00524630256	1.52236965201	1.26322831319	1.29569189464	0.962192522958	1.03405278879	1.2356698115	1.4343841276	1.46357218463	1.01527999517	0.690744997583	1.15431711938	1.15007893185	1.39382282745	1.37571176414	1.46913246013	1.20640553891	1.34933051716	1.24955576124	0.997810125665	0.938422445626	1.47158362494	1.41785332044	1.23482475592	1.33120762204	1.52750615273	1.41684500725	1.61950493958	0.837264533591	1.49432231996	1.17036076365	1.30682699855	0.0	0.176114185597	0.964979995167	1.73240059932	1.61410410826	1.68174990817	1.69277758337	1.55423705172	1.59492759304	1.78879882552	1.74584402127	1.48213319478	1.55846548091	1.59542609957	1.57359337361	1.22416327211	1.68461125181	1.20929051232	1.62526760271	1.34484922668	1.68473661189
AF6	1.17642412276	1.09063304495	1.42531310778	0.520284103432	1.04717619623	1.22608158531	0.769099574674	1.09415950217	1.19509553407	0.892988405027	1.41558705655	1.15621599323	1.18347673272	1.05445039149	0.921863629773	1.12806431609	1.32696768004	1.35389449009	1.04839951667	0.685551005317	1.08580603673	1.05852643789	1.29073672305	1.26513260029	1.46111797487	1.10164940068	1.23668706138	1.13401096182	0.882357486709	0.837304084099	1.38982464476	1.32093487192	1.13314511841	1.21266837119	1.4249161044	1.30533552924	1.48956949734	0.715441242146	1.37673068632	1.05197018366	1.18759983084	0.176114185597	0.0	0.849025732238	1.61070905268	1.49410953601	1.5797818608	1.57326343644	1.45000889802	1.49410033833	1.66541124215	1.63830808603	1.36433783954	1.44308964234	1.48143046399	1.45708800387	1.10764124698	1.57864035283	1.09334565491	1.5228257419	1.22778958917	1.56939339778
AG5	0.718686964717	0.47216540841	2.10096960851	0.819475761237	0.594993363944	0.570319516675	0.776600821653	0.503949855002	0.691249666506	0.467445717738	0.853389811503	0.537323929435	0.560323934268	1.72301987434	0.428487999033	0.563387747704	0.76905522958	0.780446969551	1.52057638473	1.01140946834	0.713163368777	0.60262262929	0.867170807153	0.828224857419	1.45275101498	0.628590831319	0.703068704688	0.693099690672	0.466578327695	0.471348656356	0.926065166747	0.811457520541	0.629449913001	0.642939603673	0.98079239246	0.708576660222	0.804927728371	0.293209072015	0.723556070565	0.560475132914	0.527305814403	0.964979995167	0.849025732238	0.0	0.978509497342	0.880405427743	1.08366502175	1.00313658289	0.86902101015	0.882571155147	1.11682426293	1.02859115031	0.71117578057	0.790678641856	0.835582344128	0.781098743354	0.561764804253	0.986005621073	0.567547133881	0.898325036249	0.593266921218	0.991616036733
