	AA3	AA4	AB3	AB4	AC3	AC4	AD3	AD4	AE3	AE4	AF3	AF4	AG3	AG4	AH3	AH4	AA7	AA8	AB7	AB8	AC7	AC8	AD7	AD8	AE7	AE8	AF7	AF8	AG7	AG8	AH7	AH8	AA5	AA6	AB5	AB6	AC5	AC6	AD6	AE5	AE6	AF5	AF6	AG5	AH5	AH6	AA1	AA2	AB1	AB2	AC1	AC2	AD1	AD2	AE1	AE2	AF1	AF2	AG1	AG2	AH1	AH2
AA3	0.0	0.529165205413	2.26135007733	0.965865239246	0.882932203963	0.712128985017	0.919779221846	0.741268844853	0.866636075399	0.67427522958	0.955180256162	0.749027322378	0.709122638956	1.9356422958	0.729244349927	0.266928366361	0.765677201547	0.761652982117	1.46629834219	1.06005505558	0.814820231996	0.651829284679	0.854894939584	0.82964821653	1.37475946351	0.570887259546	0.721026341228	0.605731048816	0.716642063799	0.685890898985	0.725295190913	0.630541159981	0.84473237796	0.791985326245	1.07477569357	0.879038985017	0.888498980184	0.764117974867	0.756507931368	0.575615944901	0.567471469309	1.29607394877	1.2007841421	0.704891039149	1.08903501208	1.03994935234	0.958760521991	0.896850420493	0.912641266312	0.836516157564	1.0323259884	0.924538274529	0.608975567907	0.673530662156	0.734968066699	0.63335139681	0.515180048333	0.879154417593	0.497741179314	0.847313523441	0.641170188497	0.919820792653
AA4	0.529165205413	0.0	2.26245020783	0.884914572257	0.664811454809	0.529615611406	0.904774480425	0.493419192847	0.65805080232	0.571990275495	0.812551213146	0.490894519091	0.442604422426	1.93349159981	0.309430541324	0.310587791203	0.694925558241	0.694008830353	1.59460881585	1.08869505075	0.851388482359	0.641625896568	0.831423286612	0.800441841469	1.49178811986	0.63261901885	0.670905147414	0.640800826486	0.694338443693	0.69387482842	0.867344456259	0.7055719913	0.637371802803	0.59190737071	0.932549888835	0.658237955534	0.735804523925	0.56365817303	0.614608699855	0.486298231029	0.413896645723	1.24904273079	1.12123551474	0.493529932334	0.923692948284	0.839924910585	0.939220381827	0.806624422426	0.752227863702	0.752338414693	0.95370838086	0.865148168197	0.588318762687	0.632523349444	0.69517297245	0.586998728855	0.451657336878	0.8292879942	0.454448047366	0.729885843403	0.47921099565	0.807204731754
AB3	2.26135007733	2.26245020783	0.0	1.48676907202	2.17916057999	2.37017830836	1.89727459642	2.29446059449	2.30691454326	2.1149361624	2.50944022233	2.28489882069	2.31767895118	0.362266979217	2.13760913968	2.26161635573	2.47294619623	2.48876827936	1.17187236346	1.44989666506	1.96756923635	2.19044996617	2.41437744804	2.3792460464	1.89445437409	2.17030310778	2.35244135814	2.29343677622	1.89360969551	1.80635264379	2.43509960367	2.42141752054	2.2719581247	2.35882272112	2.56005049783	2.44476866602	2.6047742871	1.98449570807	2.52159763171	2.2650040116	2.38602709522	1.27876836636	1.37854469792	2.06561590623	2.71844085549	2.62840259062	2.65388944901	2.668409913	2.50823902852	2.61020973417	2.7740517158	2.70739504108	2.53517104882	2.60547534558	2.62912007733	2.55589307395	2.29354053649	2.65446836153	2.29639948284	2.61068184147	2.40590140648	2.68639539391
AB4	0.965865239246	0.884914572257	1.48676907202	0.0	0.910711846303	1.01087001933	0.791929429676	0.988136191397	1.09811062349	0.82744217013	1.2292381102	0.952449255679	0.861364330594	1.14561489125	0.799464678589	0.896122576124	1.16302555341	1.17425947801	1.03494902368	0.498342112131	0.896839855002	0.925274137264	1.12852588207	1.10925832769	1.26778291445	0.897405480909	1.06483843403	0.998697196713	0.660304364427	0.590139105848	1.24746684872	1.12627848236	1.0694798985	1.09135585307	1.35800218946	1.18883322378	1.33967218463	0.749783156114	1.18503153697	0.922820459159	1.02528640406	0.659221739971	0.556760952151	0.777070565491	1.44350102465	1.36402747704	1.40683275012	1.36516924118	1.25699324311	1.30874656839	1.50079370227	1.42069608023	1.18489638956	1.26337722571	1.31627874819	1.20618521025	0.972874364427	1.37569403093	0.977232054132	1.30166052199	1.05597244079	1.38251956501
AC3	0.882932203963	0.664811454809	2.17916057999	0.910711846303	0.0	0.757224765587	0.883356297728	0.814330367327	0.967065717738	0.6639239826	1.07260095698	0.304822542291	0.804112116965	1.85592666989	0.650889362011	0.748135920735	1.01924914451	0.998979888835	1.48166244563	1.03558239729	1.03350664572	0.998370807153	1.2244080522	1.17508322378	1.32753056549	0.843685582407	1.05729745288	1.01439382794	0.91224260029	0.846581517641	1.18080575157	1.03388290478	0.98090741421	0.944145843403	0.801228061866	0.6799159739	0.935300637989	0.703893359111	0.897085045916	0.64421280812	0.710586515225	1.17954304012	1.08162434993	0.597380720155	1.13123851619	1.05927141614	0.851119850169	0.933211884969	0.685931768971	0.798357573707	1.05910349928	0.928931184147	0.734185625906	0.809156863219	0.865017158047	0.740759995167	0.845514243596	0.866590256162	0.823065176414	0.835999057516	0.846579096182	0.912255123248
AC4	0.712128985017	0.529615611406	2.37017830836	1.01087001933	0.757224765587	0.0	1.09767834703	0.356270618656	0.478151430643	0.734415263412	0.42417778637	0.506518898018	0.403491788304	2.04394300628	0.675290038666	0.59481737071	0.620626882552	0.582007438376	1.81263365877	1.26366007733	0.876220149831	0.625456491058	0.649347936201	0.604497452876	1.6730037506	0.73854858869	0.552243639439	0.559614581924	0.653313794103	0.779514838086	0.799005384244	0.631782208797	0.503055930401	0.42434139681	1.00094179797	0.724279163847	0.601914296762	0.612730188497	0.456475920735	0.711087162881	0.48687679072	1.36369083132	1.24757043983	0.550691836636	0.750591092315	0.663389076849	1.0458417448	0.839280961817	0.841802315128	0.820330807153	0.926949202513	0.923205548574	0.59498860319	0.655630057999	0.680238182697	0.631696186564	0.598465369744	0.951401179314	0.623075935234	0.769307999033	0.398772078299	0.826703320445
AD3	0.919779221846	0.904774480425	1.89727459642	0.791929429676	0.883356297728	1.09767834703	0.0	1.02581038666	1.26323013533	0.452862745288	1.39104576124	0.958461884969	1.08126904302	1.57071852102	0.808748182697	0.89403637506	1.24320526825	1.23279417593	1.29765854036	0.799542358627	0.879374929918	0.964287704205	1.30179923635	1.26197275495	1.20506048333	0.862247699372	1.17967459159	1.07114791203	0.913737631706	0.777866070565	1.18760223296	1.12001355727	1.20971445143	1.15907069599	1.22982846786	1.04800234413	1.27515890768	0.7377179797	1.19892928951	0.821051367811	0.95274157564	0.845701503142	0.775777032383	0.767949207347	1.44755926051	1.37075318511	1.3497060464	1.36852712905	1.13717425326	1.21091811503	1.49856438859	1.38759710005	1.15552624456	1.22526297245	1.28596206863	1.16566294345	0.987504403093	1.31645231513	0.967207167714	1.22515815853	1.13844647173	1.3363197535
AD4	0.741268844853	0.493419192847	2.29446059449	0.988136191397	0.814330367327	0.356270618656	1.02581038666	0.0	0.281661333978	0.627626278395	0.522631063316	0.610561251812	0.48088121798	1.96635800387	0.602577042049	0.588167235379	0.580001319478	0.553180106332	1.81036935234	1.25808669406	0.864733465442	0.578796534558	0.574899028516	0.536555012083	1.72925875785	0.767763876269	0.475125799903	0.491239362011	0.555962131464	0.731358738521	0.811563852102	0.646261710971	0.331996167231	0.33301441276	1.07640763171	0.767391464476	0.556513286612	0.565503668439	0.441705534074	0.687455732238	0.514719086515	1.27528726921	1.15035644756	0.520597061382	0.717177854036	0.625075239246	1.09822905752	0.870730033833	0.934414586757	0.916195132914	0.918337955534	0.985610666989	0.661478090865	0.665887133881	0.670607950701	0.667998878685	0.559191097148	1.00434863702	0.604422706622	0.840604968584	0.466959671339	0.871092305462
AE3	0.866636075399	0.65805080232	2.30691454326	1.09811062349	0.967065717738	0.478151430643	1.26323013533	0.281661333978	0.0	0.863596205897	0.400613044949	0.76289898985	0.578386640889	1.98622816336	0.760156916385	0.744078477525	0.532076167231	0.525632160464	1.93538026583	1.38817256162	0.934685490575	0.672404644756	0.478385650072	0.443686756887	1.883850203	0.925343479942	0.433985103915	0.547732943451	0.645237704205	0.855389719671	0.892301657806	0.734701372644	0.218512909618	0.334094229096	1.19957547124	0.904299188014	0.576327003383	0.718963697438	0.538755712905	0.881673131948	0.683769594007	1.32730115998	1.21343351861	0.684696674722	0.739746698888	0.614538564524	1.24009879169	1.00412769454	1.09361928468	1.06394833736	1.04142635573	1.12194832769	0.792338719188	0.805977602707	0.79651921218	0.804378076365	0.673341614306	1.15028594973	0.728415534074	0.983576694055	0.55901419043	1.01502640889
AE4	0.67427522958	0.571990275495	2.1149361624	0.82744217013	0.6639239826	0.734415263412	0.452862745288	0.627626278395	0.863596205897	0.0	1.02402115998	0.634197641373	0.746075181247	1.78661014983	0.522081135814	0.563303731271	0.872337738038	0.864510686322	1.50327975834	0.980512837119	0.745671372644	0.674598801353	0.926021701305	0.888330850652	1.37597592073	0.604882489125	0.785751101982	0.714951594973	0.627385635573	0.584619371677	0.924784069599	0.796814649589	0.814724494925	0.78756261479	0.96933217013	0.771922788787	0.901153368777	0.470017631706	0.811919033349	0.525732556791	0.610061623973	1.04634159981	0.923998569357	0.475875838569	1.10722935234	1.02155731271	1.05013529725	1.06154501208	0.883348830353	0.956264533591	1.19416050266	1.09537134848	0.843475350411	0.893415645239	0.937481285645	0.838728347028	0.655909739004	1.03294374094	0.63250537941	0.952417539874	0.77296419043	1.03534301112
AF3	0.955180256162	0.812551213146	2.50944022233	1.2292381102	1.07260095698	0.42417778637	1.39104576124	0.522631063316	0.400613044949	1.02402115998	0.0	0.825563412276	0.661787573707	2.18358146931	0.952000043499	0.870334635089	0.540186843886	0.49517179797	2.04967708072	1.50054589657	1.05409388594	0.827858240696	0.416302107298	0.379736930884	1.97853104882	1.02517089899	0.491845244079	0.66244842436	0.811532121798	0.995197651039	0.85637297245	0.736411140648	0.454826399227	0.495972464959	1.18145877235	0.959682257129	0.500807839536	0.866491870469	0.467822049299	0.992422832286	0.735978086032	1.53955449493	1.42888833253	0.840855799903	0.67208178347	0.563661111648	1.20355744321	0.964541541808	1.12608090382	1.02086128565	1.00331546641	1.05827859836	0.772148052199	0.75691359594	0.766291802803	0.767596834219	0.838521300145	1.08928156597	0.881551662639	0.968601329145	0.571103359111	0.956730589657
AF4	0.749027322378	0.490894519091	2.28489882069	0.952449255679	0.304822542291	0.506518898018	0.958461884969	0.610561251812	0.76289898985	0.634197641373	0.825563412276	0.0	0.593441290478	1.95973539874	0.558605756404	0.575425103915	0.861877757371	0.825616969551	1.6351819913	1.10629029483	0.934789371677	0.805113165781	1.02026098598	0.966986191397	1.46497913968	0.699536563557	0.861529352344	0.832442479459	0.808435582407	0.769842097632	1.03240721121	0.883871894635	0.771380599323	0.731509033349	0.792074519091	0.533791527308	0.760282474625	0.616368400193	0.719390275495	0.571240019333	0.560755843403	1.25391682455	1.15126475592	0.513274485259	0.9347240261	0.86426340261	0.837855645239	0.810064586757	0.631348472692	0.689182696955	0.941370391493	0.826439275012	0.587448197197	0.667087767037	0.741348477525	0.603429700338	0.67636159014	0.777554306428	0.667812435959	0.711899956501	0.659629932334	0.784205563074
AG3	0.709122638956	0.442604422426	2.31767895118	0.861364330594	0.804112116965	0.403491788304	1.08126904302	0.48088121798	0.578386640889	0.746075181247	0.661787573707	0.593441290478	0.0	1.9734977332	0.535509946834	0.557159908168	0.575715896568	0.561840560657	1.75484813436	1.2091978782	0.902458028033	0.60824720638	0.682109101015	0.680998182697	1.62761304495	0.729370410826	0.571031773804	0.57125621073	0.68131179797	0.737110570324	0.814655828903	0.655608342194	0.575336979217	0.500499739004	1.00602049783	0.756877747704	0.7073620058	0.644473779604	0.555447322378	0.671596360561	0.474643320445	1.3310281392	1.20643015466	0.580906698888	0.831819255679	0.740351169647	0.984181594973	0.774317264379	0.83403421943	0.806094707588	0.919654253262	0.87654101015	0.567626423393	0.623552237796	0.673014282262	0.575248487192	0.490693910101	0.897048211696	0.523233407443	0.752870845819	0.388938356694	0.78453081682
AG4	1.9356422958	1.93349159981	0.362266979217	1.14561489125	1.85592666989	2.04394300628	1.57071852102	1.96635800387	1.98622816336	1.78661014983	2.18358146931	1.95973539874	1.9734977332	0.0	1.81401947318	1.93195283712	2.1510157274	2.16366983567	0.933265239246	1.13314849686	1.64808305945	1.86693199613	2.09491819236	2.05806082649	1.63930498792	1.84843119865	2.02846565007	1.96810646206	1.57756154664	1.49271912035	2.12806158531	2.09661100532	1.95089080715	2.03151850652	2.24450602223	2.11952041083	2.28247160947	1.66310443693	2.1941937941	1.93901565974	2.05674714355	0.960908898018	1.06699667472	1.74037899952	2.39372044949	2.30263832769	2.32559299662	2.34063032866	2.17968888835	2.27952851619	2.44914880619	2.3773337361	2.20692810053	2.2754759159	2.30847728371	2.22674052682	1.96613306428	2.32531155147	1.9701759739	2.27815144031	2.08290247946	2.35886489609
AH3	0.729244349927	0.309430541324	2.13760913968	0.799464678589	0.650889362011	0.675290038666	0.808748182697	0.602577042049	0.760156916385	0.522081135814	0.952000043499	0.558605756404	0.535509946834	1.81401947318	0.0	0.506300546158	0.780795896568	0.783798250362	1.54907032866	1.02468095215	0.845301179314	0.730767805703	0.903325940068	0.892334016433	1.44312434509	0.709897187047	0.777247365877	0.738376665056	0.699709574674	0.657616031899	1.00219676655	0.845078501692	0.707870821653	0.717025461576	1.00430993233	0.759158443693	0.899142527791	0.527077375544	0.782831401643	0.523228163364	0.589597356211	1.09802471725	0.967143900435	0.469035543741	1.08832844853	0.996792484292	1.01356235863	0.924405828903	0.84363621073	0.881717278879	1.07755524891	0.998105350411	0.772498545191	0.819088680522	0.86793982117	0.765373726438	0.561992672789	0.944455954567	0.561679961334	0.866026708555	0.64348340261	0.927918385694
AH4	0.266928366361	0.310587791203	2.26161635573	0.896122576124	0.748135920735	0.59481737071	0.89403637506	0.588167235379	0.744078477525	0.563303731271	0.870334635089	0.575425103915	0.557159908168	1.93195283712	0.506300546158	0.0	0.672132750121	0.666613557274	1.4813941421	1.04750062832	0.818632165297	0.606653726438	0.803873011116	0.750076621556	1.40635173514	0.537504760754	0.651140449493	0.588665514741	0.672168699855	0.651038985017	0.767878569357	0.610071266312	0.720099826003	0.676457820203	0.999677834703	0.749461870469	0.793013330111	0.612737486709	0.670359787337	0.4563699855	0.44101377477	1.26065361527	1.14224309328	0.543867602707	0.982497066216	0.934578279362	0.939935413243	0.835127080715	0.816908530691	0.767566350894	0.97880658289	0.880599371677	0.576690198163	0.62336219913	0.694418646689	0.588266510391	0.393925862736	0.839259294345	0.380946607057	0.757420797487	0.543061967134	0.84310178347
AA7	0.765677201547	0.694925558241	2.47294619623	1.16302555341	1.01924914451	0.620626882552	1.24320526825	0.580001319478	0.532076167231	0.872337738038	0.540186843886	0.861877757371	0.575715896568	2.1510157274	0.780795896568	0.672132750121	0.0	0.143489101015	1.84010580957	1.34803855002	0.987549294345	0.659561720638	0.434284195263	0.465379579507	1.76998514258	0.847359753504	0.366263494442	0.440923436443	0.759779023683	0.868451648139	0.637322300628	0.425394900918	0.496897051716	0.524747825036	1.20855260512	1.0055841131	0.540772740454	0.830446254229	0.513798608023	0.857664881585	0.705362464959	1.49316513775	1.37909330111	0.833074543258	0.777659115515	0.651955350411	1.12693863219	0.901864760754	1.11890130981	1.00033852102	0.92804022233	0.987076220396	0.704430149831	0.689042189464	0.687219371677	0.680693499275	0.526914262929	1.01020712421	0.560601909135	0.945967544708	0.482348347028	0.906780729821
AA8	0.761652982117	0.694008830353	2.48876827936	1.17425947801	0.998979888835	0.582007438376	1.23279417593	0.553180106332	0.525632160464	0.864510686322	0.49517179797	0.825616969551	0.561840560657	2.16366983567	0.783798250362	0.666613557274	0.143489101015	0.0	1.85710431609	1.34674304012	0.958766157564	0.637025949734	0.416109913001	0.431825915901	1.75549400193	0.819048583857	0.337761875302	0.422048951184	0.743073354277	0.861065002417	0.592646829386	0.393478385694	0.493781793137	0.498678608023	1.18183492992	0.985831696472	0.509927834703	0.820101242146	0.491819192847	0.847960952151	0.686491304978	1.51424407927	1.39862897535	0.796076065732	0.72567762204	0.619352348961	1.11753656839	0.891343431609	1.09501801837	0.983243794103	0.914171063316	0.974000420493	0.682587225713	0.661446689222	0.667992223296	0.662450130498	0.565442967617	1.00658202513	0.59671518608	0.929355785404	0.45113338811	0.891569879169
AB7	1.46629834219	1.59460881585	1.17187236346	1.03494902368	1.48166244563	1.81263365877	1.29765854036	1.81036935234	1.93538026583	1.50327975834	2.04967708072	1.6351819913	1.75484813436	0.933265239246	1.54907032866	1.4813941421	1.84010580957	1.85710431609	0.0	0.599386157564	1.50997362494	1.6186142001	1.93795214113	1.91202259546	1.08908841953	1.45151433059	1.82245283229	1.71140187047	1.40185231513	1.20731559207	1.73798636056	1.70800727405	1.87545625906	1.89363666989	1.89443947801	1.81664745771	1.95984930884	1.49051319478	1.89794045433	1.47963954567	1.65692760754	0.992783407443	1.0282840116	1.52467737554	2.17859485259	2.11664016433	1.91732847269	1.96743220396	1.8155160029	1.85951682939	2.0868378927	1.98276705655	1.80280920251	1.85463780087	1.8937081972	1.79701344128	1.62074947801	1.905739797	1.60887381827	1.88171443693	1.78916877235	1.97524884002
AB8	1.06005505558	1.08869505075	1.44989666506	0.498342112131	1.03558239729	1.26366007733	0.799542358627	1.25808669406	1.38817256162	0.980512837119	1.50054589657	1.10629029483	1.2091978782	1.13314849686	1.02468095215	1.04750062832	1.34803855002	1.34674304012	0.599386157564	0.0	0.986352648623	1.0777222233	1.39036726921	1.35724475109	1.12505374577	0.954046481392	1.27197330594	1.16073696955	0.846897796037	0.663749299178	1.28012174964	1.24327229096	1.33223333978	1.34161503625	1.45175472209	1.32159939584	1.45442753987	0.94590821653	1.38772289029	1.03344144998	1.18598430159	0.692859163847	0.656956346061	0.986707970034	1.6515538376	1.57531869502	1.55652117448	1.52958741904	1.38501503625	1.42249360077	1.66065736104	1.5737842146	1.37648950217	1.41758703238	1.46752809087	1.37369447559	1.14932070082	1.51761050749	1.15518951667	1.4353257564	1.2565677767	1.53601650556
AC7	0.814820231996	0.851388482359	1.96756923635	0.896839855002	1.03350664572	0.876220149831	0.879374929918	0.864733465442	0.934685490575	0.745671372644	1.05409388594	0.934789371677	0.902458028033	1.64808305945	0.845301179314	0.818632165297	0.987549294345	0.958766157564	1.50997362494	0.986352648623	0.0	0.44539282262	0.950099927501	0.897683528275	1.39914712905	0.678509270179	0.868786930884	0.744026505558	0.552675316578	0.538133740938	0.853680024166	0.785785065249	0.881216041566	0.875513040116	1.27919867086	1.08823536974	1.13408762204	0.735737955534	1.03584397777	0.916878129531	0.943468472692	1.14714287095	1.09970722571	0.716380096665	1.10601731271	1.03611769454	1.46535525375	1.39724983084	1.2334901305	1.23830037216	1.52671192363	1.4451557709	1.08128767037	1.16097048816	1.21996963267	1.13272991783	0.892432740454	1.39371310295	0.883473533108	1.23971782504	0.899982890285	1.39985356211
AC8	0.651829284679	0.641625896568	2.19044996617	0.925274137264	0.998370807153	0.625456491058	0.964287704205	0.578796534558	0.672404644756	0.674598801353	0.827858240696	0.805113165781	0.60824720638	1.86693199613	0.730767805703	0.606653726438	0.659561720638	0.637025949734	1.6186142001	1.0777222233	0.44539282262	0.0	0.653991909135	0.64888139681	1.51048092798	0.590838042533	0.486507583374	0.358374852586	0.464165442243	0.565685925568	0.623010700822	0.49370537941	0.600570217496	0.591401164814	1.12771130981	0.863094639923	0.808945761237	0.649356539391	0.727229608507	0.774014654422	0.676885799903	1.23662647173	1.12801741904	0.66823777187	0.878527699372	0.809862484292	1.27582896568	1.06807238763	1.052910029	1.01665302078	1.19429899468	1.1487157564	0.794048351861	0.833386887385	0.890773233446	0.819102875785	0.53783757854	1.16972468826	0.56974742871	0.95970540841	0.573058545191	1.06937066699
AD7	0.854894939584	0.831423286612	2.41437744804	1.12852588207	1.2244080522	0.649347936201	1.30179923635	0.574899028516	0.478385650072	0.926021701305	0.416302107298	1.02026098598	0.682109101015	2.09491819236	0.903325940068	0.803873011116	0.434284195263	0.416109913001	1.93795214113	1.39036726921	0.950099927501	0.653991909135	0.0	0.171415490575	1.88114886419	0.890596022233	0.347075413243	0.471538052199	0.665485036249	0.855911996133	0.720279159014	0.588038390527	0.463273842436	0.534223542774	1.32195798937	1.1070041711	0.631467085549	0.842516607057	0.611426959884	0.997099159014	0.846424862252	1.4475938086	1.32739579507	0.8742660174	0.774220729821	0.662014403093	1.32587147898	1.08398615273	1.2673821218	1.17461133881	1.10257956501	1.19247088449	0.906888661189	0.873037849203	0.86187020783	0.888519047849	0.699771710971	1.22703875302	0.748640604157	1.11707638956	0.6071880087	1.0850282117
AD8	0.82964821653	0.800441841469	2.3792460464	1.10925832769	1.17508322378	0.604497452876	1.26197275495	0.536555012083	0.443686756887	0.888330850652	0.379736930884	0.966986191397	0.680998182697	2.05806082649	0.892334016433	0.750076621556	0.465379579507	0.431825915901	1.91202259546	1.35724475109	0.897683528275	0.64888139681	0.171415490575	0.0	1.81538772837	0.823709076849	0.340609096182	0.472239826003	0.636762663122	0.819027274045	0.724227312711	0.585285596907	0.439714707588	0.501427588207	1.29942717738	1.07015688739	0.624481764137	0.798978719188	0.590933634606	0.944321474142	0.798832977284	1.40920964717	1.29400880135	0.817579014016	0.760662281295	0.654882537458	1.31253290478	1.07683739971	1.2247060899	1.13854929435	1.1084022668	1.18515713388	0.874807709038	0.856577138714	0.860181348478	0.861353339778	0.7157380087	1.21275347028	0.761801169647	1.07842322861	0.587484755921	1.07795477042
AE7	1.37475946351	1.49178811986	1.89445437409	1.26778291445	1.32753056549	1.6730037506	1.20506048333	1.72925875785	1.883850203	1.37597592073	1.97853104882	1.46497913968	1.62761304495	1.63930498792	1.44312434509	1.40635173514	1.76998514258	1.75549400193	1.08908841953	1.12505374577	1.39914712905	1.51048092798	1.88114886419	1.81538772837	0.0	1.01097943451	1.76152801837	1.62789094732	1.40157435476	1.2696720928	1.57009130981	1.5669442291	1.8294540551	1.80497083132	1.71844840019	1.69612487675	1.88881676172	1.48244967617	1.82856149831	1.38141364911	1.57020964717	1.45214712905	1.44277108748	1.44291667956	2.02696303045	1.96679154181	1.70597313195	1.83012778637	1.60658467376	1.65153507975	1.97405910101	1.81103924601	1.65773921701	1.70201159497	1.7701419333	1.64960905268	1.57267682455	1.73667339778	1.53512868536	1.72188138714	1.69512012083	1.82969541324
AE8	0.570887259546	0.63261901885	2.17030310778	0.897405480909	0.843685582407	0.73854858869	0.862247699372	0.767763876269	0.925343479942	0.604882489125	1.02517089899	0.699536563557	0.729370410826	1.84843119865	0.709897187047	0.537504760754	0.847359753504	0.819048583857	1.45151433059	0.954046481392	0.678509270179	0.590838042533	0.890596022233	0.823709076849	1.01097943451	0.0	0.799233784437	0.673600231996	0.653497887869	0.580465012083	0.738285669406	0.664426312228	0.870667332044	0.844794335428	1.10670371677	0.929749357177	0.951423475109	0.721581638473	0.897855374577	0.645729681005	0.693403958434	1.23309192847	1.12964075882	0.671593755437	1.12275650072	1.06952907202	1.14873645239	1.09890962784	0.96001939101	0.98036142581	1.2359222088	1.14983696955	0.842713827936	0.890122136298	0.956581870469	0.865154857419	0.699358482359	1.10424605607	0.679799690672	0.978019362011	0.751198791687	1.10454697922
AF7	0.721026341228	0.670905147414	2.35244135814	1.06483843403	1.05729745288	0.552243639439	1.17967459159	0.475125799903	0.433985103915	0.785751101982	0.491845244079	0.861529352344	0.571031773804	2.02846565007	0.777247365877	0.651140449493	0.366263494442	0.337761875302	1.82245283229	1.27197330594	0.868786930884	0.486507583374	0.347075413243	0.340609096182	1.76152801837	0.799233784437	0.0	0.24140956984	0.60903439826	0.753512145964	0.657186123731	0.528581981634	0.399753054616	0.444259922668	1.15004424843	0.927136220396	0.543912281295	0.720746307395	0.515847061382	0.835072165297	0.672104780087	1.39477477042	1.27536946834	0.737020251329	0.743591029483	0.647078245529	1.19843880135	0.978763653939	1.09167420976	1.0350882117	1.00173095698	1.06995066699	0.759092145964	0.763902078299	0.767192658289	0.764327443209	0.552501478975	1.09678830836	0.602900618656	0.953231464476	0.458545964234	0.975036239729
AF8	0.605731048816	0.640800826486	2.29343677622	0.998697196713	1.01439382794	0.559614581924	1.07114791203	0.491239362011	0.547732943451	0.714951594973	0.66244842436	0.832442479459	0.57125621073	1.96810646206	0.738376665056	0.588665514741	0.440923436443	0.422048951184	1.71140187047	1.16073696955	0.744026505558	0.358374852586	0.471538052199	0.472239826003	1.62789094732	0.673600231996	0.24140956984	0.0	0.540156292895	0.668139782504	0.60194178347	0.44159958434	0.487227602707	0.483060019333	1.14445256162	0.921129801837	0.63652560174	0.715048443693	0.525699260512	0.785119695505	0.646220111165	1.32685681972	1.20812550507	0.721923131948	0.834815427743	0.752865775737	1.18107276945	0.97029537941	1.04667349444	1.00569660222	0.996755268246	1.05950158047	0.733953441276	0.752796964717	0.766935123248	0.750626060899	0.49530561624	1.08332210246	0.534018646689	0.929320831319	0.445490836153	0.963629908168
AG7	0.716642063799	0.694338443693	1.89360969551	0.660304364427	0.91224260029	0.653313794103	0.913737631706	0.555962131464	0.645237704205	0.627385635573	0.811532121798	0.808435582407	0.68131179797	1.57756154664	0.699709574674	0.672168699855	0.759779023683	0.743073354277	1.40185231513	0.846897796037	0.552675316578	0.464165442243	0.665485036249	0.636762663122	1.40157435476	0.653497887869	0.60903439826	0.540156292895	0.0	0.260403257612	0.788878318028	0.678293508942	0.602761720638	0.67981760754	1.26516468826	0.974826317061	0.878157477042	0.506518037699	0.788781488642	0.812689579507	0.759364678589	1.01019376027	0.890930903818	0.504114446593	1.04284460609	0.966821072982	1.34332317545	1.13225331561	1.18918915901	1.15752365394	1.25623875302	1.22206652489	0.910548264862	0.944842721121	0.987444765587	0.925512851619	0.666474407927	1.24375140648	0.693131150314	1.07754151281	0.71906781537	1.14726175447
AG8	0.685890898985	0.69387482842	1.80635264379	0.590139105848	0.846581517641	0.779514838086	0.777866070565	0.731358738521	0.855389719671	0.584619371677	0.995197651039	0.769842097632	0.737110570324	1.49271912035	0.657616031899	0.651038985017	0.868451648139	0.861065002417	1.20731559207	0.663749299178	0.538133740938	0.565685925568	0.855911996133	0.819027274045	1.2696720928	0.580465012083	0.753512145964	0.668139782504	0.260403257612	0.0	0.858518385694	0.784714185597	0.809215708072	0.822491749638	1.21582745288	0.978441744804	1.00788746254	0.494622928951	0.916867974867	0.743588545191	0.771023779604	0.936464780087	0.839519149348	0.536779424843	1.17376135814	1.08159424843	1.28409747221	1.18980187047	1.11769402127	1.13950592557	1.31401153214	1.25924341228	0.974221643306	1.01328546641	1.04542794587	0.981161793137	0.743862402127	1.21149639439	0.740710947318	1.1221719913	0.801161967134	1.19992495408
AH7	0.725295190913	0.867344456259	2.43509960367	1.24746684872	1.18080575157	0.799005384244	1.18760223296	0.811563852102	0.892301657806	0.924784069599	0.85637297245	1.03240721121	0.814655828903	2.12806158531	1.00219676655	0.767878569357	0.637322300628	0.592646829386	1.73798636056	1.28012174964	0.853680024166	0.623010700822	0.720279159014	0.724227312711	1.57009130981	0.738285669406	0.657186123731	0.60194178347	0.788878318028	0.858518385694	0.0	0.284053769937	0.872513919768	0.858610628323	1.16411974867	1.02949710488	0.802851474142	0.940166689222	0.790269540841	0.946410942484	0.839965210246	1.50859264862	1.41068902852	0.963428704688	0.96469320928	0.910400444659	1.27256804737	1.05590462542	1.19696336878	1.02504932818	1.14477091348	1.14296127598	0.849612025133	0.825629797003	0.838063296278	0.838087854036	0.749350483325	1.1834077912	0.773710966651	1.00248797003	0.701857762204	1.06284699372
AH8	0.630541159981	0.7055719913	2.42141752054	1.12627848236	1.03388290478	0.631782208797	1.12001355727	0.646261710971	0.734701372644	0.796814649589	0.736411140648	0.883871894635	0.655608342194	2.09661100532	0.845078501692	0.610071266312	0.425394900918	0.393478385694	1.70800727405	1.24327229096	0.785785065249	0.49370537941	0.588038390527	0.585285596907	1.5669442291	0.664426312228	0.528581981634	0.44159958434	0.678293508942	0.784714185597	0.284053769937	0.0	0.708605224746	0.673718443693	1.13087555824	0.937660734654	0.684400043499	0.831205543741	0.615051884969	0.81301860319	0.688334340261	1.45755375544	1.3471379072	0.827951319478	0.83712898985	0.77248277912	1.13456715321	0.922876868052	1.069220145	0.910901957467	0.996452107298	1.01066936201	0.681303059449	0.675107491542	0.691051295312	0.684829163847	0.58196038666	1.03826310778	0.60240077332	0.879945132914	0.513782503625	0.927329908168
AA5	0.84473237796	0.637371802803	2.2719581247	1.0694798985	0.98090741421	0.503055930401	1.20971445143	0.331996167231	0.218512909618	0.814724494925	0.454826399227	0.771380599323	0.575336979217	1.95089080715	0.707870821653	0.720099826003	0.496897051716	0.493781793137	1.87545625906	1.33223333978	0.881216041566	0.600570217496	0.463273842436	0.439714707588	1.8294540551	0.870667332044	0.399753054616	0.487227602707	0.602761720638	0.809215708072	0.872513919768	0.708605224746	0.0	0.267578139198	1.21791834703	0.906673721605	0.60014019333	0.633772257129	0.572951677139	0.811769028516	0.675042783954	1.25956657806	1.15044034799	0.61541298695	0.753655451909	0.625748612856	1.28379926051	1.05752896568	1.11396634606	1.09805567907	1.09178100532	1.16544471725	0.820179758337	0.836736640889	0.82895457709	0.833405060416	0.613895751571	1.18519440309	0.665786674722	1.01599361527	0.538198535524	1.06175163364
AA6	0.791985326245	0.59190737071	2.35882272112	1.09135585307	0.944145843403	0.42434139681	1.15907069599	0.33301441276	0.334094229096	0.78756261479	0.495972464959	0.731509033349	0.500499739004	2.03151850652	0.717025461576	0.676457820203	0.524747825036	0.498678608023	1.89363666989	1.34161503625	0.875513040116	0.591401164814	0.534223542774	0.501427588207	1.80497083132	0.844794335428	0.444259922668	0.483060019333	0.67981760754	0.822491749638	0.858610628323	0.673718443693	0.267578139198	0.0	1.07162515708	0.802768554857	0.526094958917	0.623772928951	0.488873083615	0.788792812953	0.55823641856	1.34889955534	1.22850190913	0.606343924601	0.565251367811	0.453195993233	1.15885005317	0.942514180764	0.978141005317	0.948003852102	0.975548917351	1.03400911068	0.690864519091	0.720231048816	0.720080053166	0.706981875302	0.577373687772	1.05188364911	0.635820647656	0.872511474142	0.441441459642	0.935885751571
AB5	1.07477569357	0.932549888835	2.56005049783	1.35800218946	0.801228061866	1.00094179797	1.22982846786	1.07640763171	1.19957547124	0.96933217013	1.18145877235	0.792074519091	1.00602049783	2.24450602223	1.00430993233	0.999677834703	1.20855260512	1.18183492992	1.89443947801	1.45175472209	1.27919867086	1.12771130981	1.32195798937	1.29942717738	1.71844840019	1.10670371677	1.15004424843	1.14445256162	1.26516468826	1.21582745288	1.16411974867	1.13087555824	1.21791834703	1.07162515708	0.0	0.397335877235	0.918839139681	1.04724621556	0.980054615756	0.87230680522	0.848187510875	1.60751282262	1.50277641373	0.996822885452	0.97747157564	0.973285490575	0.845250531658	0.937106713388	0.739503852102	0.742244688255	1.05866988884	0.917268293862	0.818613455776	0.876988637023	0.916372189464	0.842433199613	1.03947340261	0.855500260996	1.02082351377	0.793232948284	0.991913450942	0.913734862252
AB6	0.879038985017	0.658237955534	2.44476866602	1.18883322378	0.6799159739	0.724279163847	1.04800234413	0.767391464476	0.904299188014	0.771922788787	0.959682257129	0.533791527308	0.756877747704	2.11952041083	0.759158443693	0.749461870469	1.0055841131	0.985831696472	1.81664745771	1.32159939584	1.08823536974	0.863094639923	1.1070041711	1.07015688739	1.69612487675	0.929749357177	0.927136220396	0.921129801837	0.974826317061	0.978441744804	1.02949710488	0.937660734654	0.906673721605	0.802768554857	0.397335877235	0.0	0.747390463992	0.75985459159	0.793040671822	0.720380169164	0.618158690188	1.43646697922	1.3109040841	0.695969917835	0.7810479942	0.770194330594	0.788967317545	0.732540454326	0.588726176897	0.557475413243	0.857453605607	0.75334421943	0.611162856452	0.702050188497	0.747867699372	0.663011271145	0.773434006767	0.726329545674	0.754797738038	0.5810840116	0.783429995167	0.71244860319
AC5	0.888498980184	0.735804523925	2.6047742871	1.33967218463	0.935300637989	0.601914296762	1.27515890768	0.556513286612	0.576327003383	0.901153368777	0.500807839536	0.760282474625	0.7073620058	2.28247160947	0.899142527791	0.793013330111	0.540772740454	0.509927834703	1.95984930884	1.45442753987	1.13408762204	0.808945761237	0.631467085549	0.624481764137	1.88881676172	0.951423475109	0.543912281295	0.63652560174	0.878157477042	1.00788746254	0.802851474142	0.684400043499	0.60014019333	0.526094958917	0.918839139681	0.747390463992	0.0	0.785830642823	0.396530932818	0.846804929918	0.616477196713	1.62918553407	1.4992018463	0.797342276462	0.517510570324	0.445901304978	0.97311940551	0.728480642823	0.914191256646	0.795910410826	0.736295872402	0.80894702755	0.575783093282	0.530473547608	0.521632556791	0.553098516191	0.739011498308	0.863620705655	0.755889188014	0.73579118898	0.538459038183	0.716688888352
AC6	0.764117974867	0.56365817303	1.98449570807	0.749783156114	0.703893359111	0.612730188497	0.7377179797	0.565503668439	0.718963697438	0.470017631706	0.866491870469	0.616368400193	0.644473779604	1.66310443693	0.527077375544	0.612737486709	0.830446254229	0.820101242146	1.49051319478	0.94590821653	0.735737955534	0.649356539391	0.842516607057	0.798978719188	1.48244967617	0.721581638473	0.720746307395	0.715048443693	0.506518037699	0.494622928951	0.940166689222	0.831205543741	0.633772257129	0.623772928951	1.04724621556	0.75985459159	0.785830642823	0.0	0.770625925568	0.607998598357	0.605453214113	0.879648569357	0.751738163364	0.287970183664	1.00948128081	0.911729927501	1.15788518608	1.06376066216	0.95740980667	0.968915505075	1.17955557274	1.11108945384	0.818633156114	0.89941956984	0.942046176897	0.85440142581	0.639981870469	1.0692261769	0.636250077332	0.95736897535	0.681859705172	1.06499688255
AD6	0.756507931368	0.614608699855	2.52159763171	1.18503153697	0.897085045916	0.456475920735	1.19892928951	0.441705534074	0.538755712905	0.811919033349	0.467822049299	0.719390275495	0.555447322378	2.1941937941	0.782831401643	0.670359787337	0.513798608023	0.491819192847	1.89794045433	1.38772289029	1.03584397777	0.727229608507	0.611426959884	0.590933634606	1.82856149831	0.897855374577	0.515847061382	0.525699260512	0.788781488642	0.916867974867	0.790269540841	0.615051884969	0.572951677139	0.488873083615	0.980054615756	0.793040671822	0.396530932818	0.770625925568	0.0	0.733938598357	0.453428748188	1.53437572257	1.41114021266	0.757544354761	0.650863890768	0.575122474625	0.903377858869	0.674035471242	0.883624055099	0.755233359111	0.731104610923	0.780530430159	0.501899294345	0.490638835186	0.508005838569	0.500239975834	0.59325138231	0.810185316578	0.632570647656	0.707431730304	0.373849797003	0.680088550024
AE5	0.575615944901	0.486298231029	2.2650040116	0.922820459159	0.64421280812	0.711087162881	0.821051367811	0.687455732238	0.881673131948	0.525732556791	0.992422832286	0.571240019333	0.671596360561	1.93901565974	0.523228163364	0.4563699855	0.857664881585	0.847960952151	1.47963954567	1.03344144998	0.916878129531	0.774014654422	0.997099159014	0.944321474142	1.38141364911	0.645729681005	0.835072165297	0.785119695505	0.812689579507	0.743588545191	0.946410942484	0.81301860319	0.811769028516	0.788792812953	0.87230680522	0.720380169164	0.846804929918	0.607998598357	0.733938598357	0.0	0.345990613823	1.20676628806	1.09216143064	0.537562382794	1.08065110198	1.02791682939	0.896058554857	0.865296244563	0.789622112131	0.751027501208	1.00992333494	0.907779255679	0.628824291928	0.68591301595	0.762461730304	0.628419695505	0.547177742871	0.861126399227	0.51574681972	0.756011372644	0.668524557757	0.869347303045
AE6	0.567471469309	0.413896645723	2.38602709522	1.02528640406	0.710586515225	0.48687679072	0.95274157564	0.514719086515	0.683769594007	0.610061623973	0.735978086032	0.560755843403	0.474643320445	2.05674714355	0.589597356211	0.44101377477	0.705362464959	0.686491304978	1.65692760754	1.18598430159	0.943468472692	0.676885799903	0.846424862252	0.798832977284	1.57020964717	0.693403958434	0.672104780087	0.646220111165	0.759364678589	0.771023779604	0.839965210246	0.688334340261	0.675042783954	0.55823641856	0.848187510875	0.618158690188	0.616477196713	0.605453214113	0.453428748188	0.345990613823	0.0	1.35454104882	1.23043055582	0.551860575157	0.831874243596	0.774773707105	0.844340961817	0.693749971	0.706352696955	0.625496123731	0.832377525375	0.741990961817	0.443015340744	0.494385785404	0.556780280329	0.451104142098	0.454998815853	0.750041198647	0.44007121798	0.575583571774	0.461752455292	0.702690096665
AF5	1.29607394877	1.24904273079	1.27876836636	0.659221739971	1.17954304012	1.36369083132	0.845701503142	1.27528726921	1.32730115998	1.04634159981	1.53955449493	1.25391682455	1.3310281392	0.960908898018	1.09802471725	1.26065361527	1.49316513775	1.51424407927	0.992783407443	0.692859163847	1.14714287095	1.23662647173	1.4475938086	1.40920964717	1.45214712905	1.23309192847	1.39477477042	1.32685681972	1.01019376027	0.936464780087	1.50859264862	1.45755375544	1.25956657806	1.34889955534	1.60751282262	1.43646697922	1.62918553407	0.879648569357	1.53437572257	1.20676628806	1.35454104882	0.0	0.199099859836	0.987365625906	1.74284502658	1.65176615273	1.73197243113	1.70142562591	1.58462450459	1.64013900918	1.82288357177	1.75872647173	1.5339878637	1.61690346061	1.66433673755	1.56625759304	1.27999070082	1.71203157564	1.28020566457	1.62406811986	1.42678742388	1.71470123731
AF6	1.2007841421	1.12123551474	1.37854469792	0.556760952151	1.08162434993	1.24757043983	0.775777032383	1.15035644756	1.21343351861	0.923998569357	1.42888833253	1.15126475592	1.20643015466	1.06699667472	0.967143900435	1.14224309328	1.37909330111	1.39862897535	1.0282840116	0.656956346061	1.09970722571	1.12801741904	1.32739579507	1.29400880135	1.44277108748	1.12964075882	1.27536946834	1.20812550507	0.890930903818	0.839519149348	1.41068902852	1.3471379072	1.15044034799	1.22850190913	1.50277641373	1.3109040841	1.4992018463	0.751738163364	1.41114021266	1.09216143064	1.23043055582	0.199099859836	0.0	0.863617501208	1.62265854519	1.52931432576	1.61622751571	1.56918158047	1.46543267762	1.52122161431	1.68455115515	1.64083046883	1.41550952151	1.49457218463	1.53974605123	1.44530790237	1.15308255679	1.59336416626	1.15646735138	1.504570029	1.30876983567	1.58834403577
AG5	0.704891039149	0.493529932334	2.06561590623	0.777070565491	0.597380720155	0.550691836636	0.767949207347	0.520597061382	0.684696674722	0.475875838569	0.840855799903	0.513274485259	0.580906698888	1.74037899952	0.469035543741	0.543867602707	0.833074543258	0.796076065732	1.52467737554	0.986707970034	0.716380096665	0.66823777187	0.8742660174	0.817579014016	1.44291667956	0.671593755437	0.737020251329	0.721923131948	0.504114446593	0.536779424843	0.963428704688	0.827951319478	0.61541298695	0.606343924601	0.996822885452	0.695969917835	0.797342276462	0.287970183664	0.757544354761	0.537562382794	0.551860575157	0.987365625906	0.863617501208	0.0	0.962468980184	0.905520565491	1.07604263896	0.99489120348	0.883052208797	0.901557868536	1.1198280667	1.02647851619	0.728789516675	0.812955495408	0.887160517158	0.769113446109	0.614993156114	0.993810821653	0.609904929918	0.882471503142	0.655872073465	0.992687182214
