	AA3	AA4	AB3	AB4	AC3	AC4	AD3	AD4	AE3	AE4	AF3	AF4	AG3	AG4	AH3	AH4	AA7	AA8	AB7	AB8	AC7	AC8	AD7	AD8	AE7	AE8	AF7	AF8	AG7	AG8	AH7	AH8	AA5	AA6	AB5	AB6	AC5	AC6	AD6	AE5	AE6	AF5	AF6	AG5	AH5	AH6	AA1	AA2	AB1	AB2	AC1	AC2	AD1	AD2	AE1	AE2	AF1	AF2	AG1	AG2	AH1	AH2
AA3	0.0	0.545051933301	2.2614340986	0.983482242629	0.815713557274	0.747090570324	0.90513882552	0.75511681972	0.883580391493	0.671420512325	0.98832161914	0.724535775737	0.695179395843	1.89896178347	0.740751145481	0.253129014016	0.824954461092	0.723073267279	1.43724299662	1.06884733204	0.832113441276	0.684627718705	0.931572344128	0.900903513775	1.35626899952	0.572270671822	0.756215514741	0.654214374094	0.727797167714	0.686429811503	0.752009009183	0.689617129048	0.855718376027	0.830468003867	1.05375732238	0.877216887385	0.964166993717	0.765871449976	0.767311778637	0.584485964234	0.598232696955	1.25151266312	1.17556662639	0.697875998067	1.1447558434	1.04768712905	0.984576694055	0.941432870952	0.909219661672	0.860270357661	1.06319695022	0.929989362011	0.651700860319	0.707292899952	0.77054362494	0.634732179797	0.539532851619	0.863413866602	0.499789366844	0.881974668922	0.699262382794	0.871637293378
AA4	0.545051933301	0.0	2.23129797003	0.901200140164	0.587985335911	0.553393272112	0.887440521991	0.480968134364	0.643309009183	0.584194475592	0.814600048333	0.442680700822	0.38829280812	1.86929282745	0.267870260996	0.353389260512	0.651324693088	0.607722242629	1.56746883035	1.08421389077	0.85510741421	0.64721518608	0.839240275495	0.805274963751	1.49744272112	0.620503871435	0.626002411793	0.608111246979	0.638863136781	0.674589980667	0.865823861769	0.758936041566	0.613513044949	0.603298235863	0.922240285162	0.66577362494	0.78078777187	0.511907791203	0.614834374094	0.527020952151	0.396598095698	1.16742762204	1.08813172547	0.430288946351	0.964148318028	0.843371522475	0.972492435959	0.833752566457	0.743204519091	0.758286921218	0.972289531174	0.864774944418	0.614710077332	0.637302271629	0.692308791687	0.611728501692	0.451023605607	0.828135630739	0.439317327211	0.761500898985	0.462051435476	0.766257733204
AB3	2.2614340986	2.23129797003	0.0	1.44590712905	2.21674506525	2.40943462542	1.91111536008	2.30868652972	2.34836112131	2.12111453359	2.53014159497	2.28245361527	2.32204674722	0.398065103915	2.14660325278	2.29390004833	2.50057804253	2.46565094248	1.21988726438	1.44821886902	1.96589536008	2.16042071532	2.40495901885	2.42964000967	1.91061185597	2.19176811503	2.36267252296	2.29595911551	1.89192189947	1.82233177864	2.45393083132	2.45435469792	2.32814713871	2.38388623006	2.54752044949	2.45094463509	2.64618633156	1.97675858869	2.56369807637	2.30389061866	2.3940860319	1.32514851136	1.39012129531	2.07715722088	2.73846254712	2.66070108265	2.7038780812	2.69854554857	2.53842513775	2.6239457999	2.79899346544	2.71318888352	2.57077488159	2.61224320928	2.63279951184	2.58399180764	2.33444749154	2.67721658772	2.31345120831	2.6377281392	2.42527008217	2.65544299178
AB4	0.983482242629	0.901200140164	1.44590712905	0.0	0.943192242629	1.07283109232	0.811543494442	1.03676934751	1.14147891252	0.861485703238	1.27417081199	0.973272856452	0.900053073949	1.07505783954	0.851645490575	0.969625099082	1.20195851136	1.14432217013	1.00159240213	0.522980604157	0.930587767037	0.947994185597	1.18402198163	1.17797637989	1.28080434993	0.948692382794	1.11843260512	1.0239761914	0.649706892218	0.613318820686	1.27714891252	1.21174958917	1.12463404543	1.14369703238	1.38457747704	1.22342351861	1.40282153214	0.760148598357	1.24852526341	0.995913475109	1.07664765104	0.583755621073	0.536376756887	0.813021749638	1.51311683905	1.41005605123	1.50177768004	1.43183702755	1.30819083615	1.35730696472	1.55862626873	1.46134647173	1.26671914935	1.31084626873	1.35031840503	1.2753281972	1.04646889802	1.42818023683	1.01645514741	1.37424179314	1.11332691638	1.38219182214
AC3	0.815713557274	0.587985335911	2.21674506525	0.943192242629	0.0	0.713901053649	0.892929009183	0.82722341711	0.941620666989	0.640983571774	1.04732046399	0.292160381827	0.729572547124	1.86144288062	0.634159057516	0.733386795553	0.949185060416	0.904559545674	1.49506927501	1.06632369261	1.03395785404	0.975347675205	1.22130802803	1.17367276945	1.33357865152	0.802648376027	1.00790623973	0.98054919768	0.902249652006	0.853552319961	1.14221211696	1.05808211213	0.953792329628	0.942153837603	0.780991962301	0.6648940116	0.985203576607	0.710772663122	0.844247375544	0.594056147898	0.679962851619	1.18002558241	1.11844053166	0.593572058966	1.14820233446	1.05630722088	0.912288105365	0.928967404543	0.714563098115	0.800264146931	1.06224262929	0.90212921218	0.710302547124	0.808605625906	0.859854224263	0.747285930401	0.819079362011	0.857886234896	0.775420024166	0.857477438376	0.780935205413	0.850387438376
AC4	0.747090570324	0.553393272112	2.40943462542	1.07283109232	0.713901053649	0.0	1.12939156114	0.404610850652	0.495008999517	0.820311971967	0.424699284679	0.499039202513	0.435004098598	2.04924638956	0.659830956984	0.625775611406	0.578479550507	0.518578946351	1.82734301112	1.32229102948	0.933745403577	0.678824920251	0.689417539874	0.650197776704	1.68487289029	0.737333876269	0.556667912035	0.538888453359	0.706535374577	0.770178786854	0.794512803287	0.644084731754	0.504200913485	0.444273827936	0.964377278879	0.736308318028	0.596784581924	0.648918637023	0.449967249879	0.728069062349	0.457924079265	1.36784739971	1.28007491542	0.602849043016	0.748762025133	0.641059951667	1.05606359111	0.82717521508	0.81246900435	0.790368400193	0.901735427743	0.911428496858	0.570035316578	0.635206515225	0.678531904302	0.626372310295	0.581327646206	0.907652353794	0.62120919768	0.7824839826	0.412051377477	0.78822338811
AD3	0.90513882552	0.887440521991	1.91111536008	0.811543494442	0.892929009183	1.12939156114	0.0	1.03664507008	1.28779280812	0.411339115515	1.40210036733	0.932573866602	1.07561394877	1.54987744804	0.857158032866	0.914470691155	1.27427584824	1.21149990333	1.30206351377	0.820847636539	0.874679700338	0.944849318511	1.34311695022	1.30518336394	1.20671084099	0.878620043499	1.18812913001	1.07948166747	0.901336379894	0.782659714838	1.18385641856	1.15384195747	1.24972665539	1.17511969551	1.18921071532	1.03637100532	1.3177078202	0.727323102948	1.20188137264	0.829598525858	0.969249540841	0.861273847269	0.768573059449	0.763429864669	1.4290961769	1.34926658289	1.42786292412	1.39462553891	1.15288346544	1.22167429676	1.53755391977	1.40451419043	1.19672153214	1.22676500725	1.29826354277	1.1693402755	1.01565796037	1.3292761044	0.979696109232	1.26146432093	1.16825833736	1.29427719188
AD4	0.75511681972	0.480968134364	2.30868652972	1.03676934751	0.82722341711	0.404610850652	1.03664507008	0.0	0.292223523441	0.705968535524	0.512593441276	0.636002261962	0.50223757854	1.94715737554	0.582102203963	0.610972203963	0.532060666989	0.484293238279	1.81945828903	1.29892851136	0.878017394877	0.609964702755	0.554212295795	0.522556138231	1.75215907202	0.769440231996	0.434342348961	0.417794287095	0.580286447559	0.744624185597	0.79837637506	0.598161198647	0.31320141131	0.342641256646	1.07050915418	0.817483682939	0.576701309811	0.544493344611	0.46734037216	0.748834345094	0.465408298695	1.24920538424	1.16675800387	0.565466834219	0.748666602223	0.625566394393	1.16236727888	0.920985331078	0.949620173997	0.944650927985	0.951696012566	1.02770906235	0.686958298695	0.688812928951	0.716369743838	0.721371367811	0.533857829869	1.01964238279	0.592774528758	0.91705561624	0.46351661189	0.890633030449
AE3	0.883580391493	0.643309009183	2.34836112131	1.14147891252	0.941620666989	0.495008999517	1.28779280812	0.292223523441	0.0	0.954158322861	0.376803682939	0.761659560174	0.585507327211	1.99860901885	0.709356553891	0.765542619623	0.501985485742	0.555591841469	1.9434222378	1.44424657322	0.999666882552	0.745371116481	0.446548105365	0.464859159014	1.89700867569	0.91755041566	0.440990647656	0.52288438376	0.696137133881	0.888039163847	0.885672068632	0.68697722088	0.217515248913	0.337672078299	1.17329849686	0.9410400145	0.541538521025	0.717518434026	0.563974277429	0.931720091832	0.609360173997	1.31995384727	1.25431995167	0.724277462542	0.788540362494	0.664589840503	1.26159487192	1.02104564524	1.0629358579	1.05493489609	1.0312941711	1.12809511841	0.783938854519	0.792235447076	0.806444567424	0.826206365394	0.659896365394	1.13224384727	0.735687941034	1.01776322861	0.554261159981	1.00025259062
AE4	0.671420512325	0.584194475592	2.12111453359	0.861485703238	0.640983571774	0.820311971967	0.411339115515	0.705968535524	0.954158322861	0.0	1.08896672305	0.656172450459	0.787645930401	1.76056860802	0.595663383277	0.612473392943	0.9307519768	0.863857211213	1.4452439826	0.956997984534	0.775738322861	0.71452739971	1.02577807637	0.98541459159	1.30701040116	0.599806640889	0.863232102465	0.762330971484	0.670745886902	0.626827530208	0.931467617206	0.861977061382	0.925562803287	0.869681478975	0.957551145481	0.797628719188	0.996955364911	0.541193634606	0.853952145964	0.548152711455	0.643214949251	1.01867240213	0.927322576124	0.544657390043	1.16112863219	1.07013344128	1.13853661672	1.10824857902	0.898031135814	0.959511527308	1.2555420058	1.12229845819	0.916084958917	0.926659782504	0.985080135331	0.892524630256	0.714654301595	1.04900416143	0.684760019333	0.995923030449	0.833758525858	1.01291538908
AF3	0.98832161914	0.814600048333	2.53014159497	1.27417081199	1.04732046399	0.424699284679	1.40210036733	0.512593441276	0.376803682939	1.08896672305	0.0	0.831027825036	0.692780676655	2.17621232479	0.906931449976	0.883092885452	0.49141141131	0.538095949734	2.06505921218	1.56146570324	1.09199632673	0.87798860319	0.414321406477	0.384754335428	1.99771987917	1.0206677477	0.512738777187	0.643534117931	0.842711952634	0.984805640406	0.852117559207	0.682743571774	0.42568659739	0.465141155147	1.18742692605	1.016670174	0.475769859836	0.868126979217	0.510195862736	1.01651060899	0.704079400677	1.51731710488	1.43385617206	0.872166771387	0.713247921701	0.602241401643	1.24289048333	0.99434221363	1.11581833253	1.03917911068	1.00752686322	1.07309515708	0.780763078782	0.762291899468	0.795371014983	0.782960536491	0.824080628323	1.07564136298	0.870630492992	1.00879314645	0.58165679072	0.961476505558
AF4	0.724535775737	0.442680700822	2.28245361527	0.973272856452	0.292160381827	0.499039202513	0.932573866602	0.636002261962	0.761659560174	0.656172450459	0.831027825036	0.0	0.551331246979	1.923950203	0.519113813436	0.608709497342	0.818103779604	0.76902441276	1.62720089899	1.13162359111	0.938093673272	0.80728222813	1.03748097632	0.985406481392	1.46597940068	0.678572556791	0.837109125181	0.807973658772	0.779943441276	0.746149550507	1.01540223296	0.92652982117	0.767848738521	0.742316897052	0.779635456742	0.538289714838	0.790363513775	0.588276128565	0.702288124698	0.548849763171	0.547620845819	1.20410837119	1.13725107298	0.485640183664	0.948922948284	0.848287322378	0.866812750121	0.808835867569	0.625994151764	0.688452851619	0.957991788304	0.819687631706	0.582380270662	0.667433286612	0.749592112131	0.624265625906	0.682639753504	0.776890289995	0.647792479459	0.733973199613	0.634688859352	0.725695427743
AG3	0.695179395843	0.38829280812	2.32204674722	0.900053073949	0.729572547124	0.435004098598	1.07561394877	0.50223757854	0.585507327211	0.787645930401	0.692780676655	0.551331246979	0.0	1.95010153697	0.457584983084	0.549353755437	0.574973431609	0.537044330594	1.72959277429	1.2350337941	0.929352895118	0.662786863219	0.74561641856	0.724199555341	1.61427862252	0.702626384727	0.584142092798	0.556529352344	0.663892580957	0.760878873852	0.840290164331	0.718862044466	0.591830695988	0.544102295795	0.96426377477	0.753314320928	0.731266302562	0.627481788304	0.56923618173	0.674630724988	0.41475977767	1.27984926535	1.20196266796	0.564780546158	0.896249574674	0.774795940068	1.00223408893	0.791417631706	0.795820246496	0.784733069116	0.934749444176	0.858864108265	0.571877762204	0.622541971967	0.688810280329	0.594494697922	0.497461817303	0.874317071049	0.507221155147	0.764565683905	0.393565210246	0.733244683422
AG4	1.89896178347	1.86929282745	0.398065103915	1.07505783954	1.86144288062	2.04924638956	1.54987744804	1.94715737554	1.99860901885	1.76056860802	2.17621232479	1.923950203	1.95010153697	0.0	1.79538505075	1.93006191397	2.15252035283	2.11071912035	0.949470850652	1.09889722571	1.61358060899	1.80447869502	2.05436494442	2.07614390527	1.62979691155	1.84214298212	2.00528544708	1.93667625423	1.54452968101	1.46622438376	2.11441215563	2.09779329628	1.97437192363	2.02384252779	2.19778889802	2.09499565491	2.29080413726	1.61825662639	2.20322892218	1.94423883519	2.03204817786	0.973631005317	1.04189444176	1.72094076849	2.38012505075	2.3016719768	2.34430762204	2.33898040599	2.17849763654	2.25935828903	2.43945434509	2.35348810053	2.21285644756	2.25175488642	2.27783479459	2.22441700822	1.9753899855	2.31844530691	1.95555548091	2.27344244563	2.06844460126	2.29483501692
AH3	0.740751145481	0.267870260996	2.14660325278	0.851645490575	0.634159057516	0.659830956984	0.857158032866	0.582102203963	0.709356553891	0.595663383277	0.906931449976	0.519113813436	0.457584983084	1.79538505075	0.0	0.577007051716	0.74584661189	0.730700285162	1.56700644756	1.08364315611	0.883403910101	0.727543339778	0.897987336878	0.892465302078	1.49506025133	0.746641014983	0.737288419526	0.701528284195	0.656721662639	0.683760463992	1.00550584824	0.892059246013	0.677111580474	0.684373233446	1.00356887385	0.745112489125	0.893636505558	0.488286703722	0.748312368294	0.61565540841	0.544612445626	1.07211911068	0.989044180764	0.4378340261	1.07374029966	0.953596515225	1.06030833253	0.924924432093	0.835423189947	0.86470159014	1.04983420493	0.969636892218	0.756066070565	0.784255181247	0.815667162881	0.760832798453	0.576995944901	0.941555181247	0.557336094732	0.861352271629	0.596389971	0.85250738521
AH4	0.253129014016	0.353389260512	2.29390004833	0.969625099082	0.733386795553	0.625775611406	0.914470691155	0.610972203963	0.765542619623	0.612473392943	0.883092885452	0.608709497342	0.549353755437	1.93006191397	0.577007051716	0.0	0.704937336878	0.607295862736	1.4944138376	1.09379321411	0.856721034316	0.635875418076	0.814314349927	0.774273320445	1.42750564041	0.552560362494	0.627862363461	0.568411111648	0.679202402127	0.685268627356	0.768704103432	0.653890676655	0.738027573707	0.699339337844	0.982754804253	0.767788134364	0.838051058482	0.647368525858	0.648167365877	0.513198371194	0.454341710971	1.25035655389	1.17261540841	0.585700381827	1.0178762639	0.919363943934	0.964218119865	0.865165335911	0.821456824553	0.765275389077	0.992720454326	0.871312730788	0.585004548091	0.632271822136	0.697316534558	0.588831933301	0.393691503142	0.820092344128	0.37173940551	0.793715514741	0.558653687772	0.790207718705
AA7	0.824954461092	0.651324693088	2.50057804253	1.20195851136	0.949185060416	0.578479550507	1.27427584824	0.532060666989	0.501985485742	0.9307519768	0.49141141131	0.818103779604	0.574973431609	2.15252035283	0.74584661189	0.704937336878	0.0	0.198480584824	1.8535157564	1.3780140406	1.05173716288	0.75156961334	0.47831762204	0.453534891252	1.78605496375	0.854368052199	0.374195311745	0.463353649106	0.775431996133	0.918236616723	0.667397419043	0.449396065732	0.468593088449	0.494574132431	1.17074883519	1.00119182214	0.537123919768	0.821069130014	0.488559830836	0.906208332528	0.614963513775	1.48353971	1.40349612856	0.816732498792	0.81576702755	0.676037095215	1.12535091348	0.888772165297	1.05621461576	0.976915664572	0.895951633639	0.969828250362	0.690905741904	0.677606056066	0.675600183664	0.702405210246	0.54571901885	0.966287825036	0.613913968101	0.955908569357	0.46431439826	0.852073842436
AA8	0.723073267279	0.607722242629	2.46565094248	1.14432217013	0.904559545674	0.518578946351	1.21149990333	0.484293238279	0.555591841469	0.863857211213	0.538095949734	0.76902441276	0.537044330594	2.11071912035	0.730700285162	0.607295862736	0.198480584824	0.0	1.78217106332	1.31494507492	0.955639400677	0.661021594973	0.50121840986	0.455886292895	1.6951617738	0.749890792653	0.373483687772	0.382779898502	0.694759589174	0.838199898502	0.576296679555	0.327434127598	0.515022914451	0.515048501692	1.15327483325	0.983016737554	0.587032141131	0.787241517641	0.435430381827	0.837644712421	0.568162261962	1.44802072015	1.36605344611	0.788383745771	0.817467699372	0.69450738521	1.08453517158	0.856096742388	1.02570214113	0.933999729338	0.876491599807	0.944372208797	0.625155181247	0.624457167714	0.656166239729	0.653635461576	0.503541198647	0.933215891735	0.559503716771	0.915624929918	0.402134683422	0.817402982117
AB7	1.43724299662	1.56746883035	1.21988726438	1.00159240213	1.49506927501	1.82734301112	1.30206351377	1.81945828903	1.9434222378	1.4452439826	2.06505921218	1.62720089899	1.72959277429	0.949470850652	1.56700644756	1.4944138376	1.8535157564	1.78217106332	0.0	0.574508550024	1.50775861286	1.60022762204	1.96074152731	1.94356045916	1.07620439826	1.46338140164	1.80513992267	1.71039801837	1.36326722088	1.20764218463	1.73503000483	1.75360933784	1.90526153697	1.9092137941	1.87289634606	1.78026735621	2.01395933784	1.47643807153	1.89479895118	1.48419362977	1.67647239729	1.01598795553	1.01920141614	1.50662056066	2.18005656839	2.0981480667	1.94397553407	1.96349104398	1.83750234896	1.8514937216	2.08548852102	1.95749018366	1.80230875785	1.84545922185	1.86854077332	1.80704674722	1.65704913968	1.90145901885	1.60848127598	1.88002722571	1.79120905268	1.90184295795
AB8	1.06884733204	1.08421389077	1.44821886902	0.522980604157	1.06632369261	1.32229102948	0.820847636539	1.29892851136	1.44424657322	0.956997984534	1.56146570324	1.13162359111	1.2350337941	1.09889722571	1.08364315611	1.09379321411	1.3780140406	1.31494507492	0.574508550024	0.0	1.01075811503	1.08115896568	1.45259114065	1.4293419623	1.13033027066	0.99287979217	1.28887573224	1.18979501692	0.841930956984	0.698927912035	1.29002011116	1.27573939584	1.39661542291	1.38949007733	1.43346409377	1.30409468826	1.51472144031	0.964286215563	1.42264970517	1.08319304495	1.21136533591	0.697518728855	0.670219159014	0.994247419043	1.69492920735	1.59672042533	1.60418562107	1.56451431609	1.40336443209	1.43300512325	1.68833070082	1.5741059449	1.4070178492	1.43076039633	1.47012730304	1.40404189947	1.20462221363	1.53229274045	1.16864719671	1.46025577574	1.29197872402	1.4998777912
AC7	0.832113441276	0.85510741421	1.96589536008	0.930587767037	1.03395785404	0.933745403577	0.874679700338	0.878017394877	0.999666882552	0.775738322861	1.09199632673	0.938093673272	0.929352895118	1.61358060899	0.883403910101	0.856721034316	1.05173716288	0.955639400677	1.50775861286	1.01075811503	0.0	0.436899661672	0.99619702755	0.964093707105	1.403150029	0.716081512808	0.922903513775	0.784314224263	0.565792136298	0.550189352344	0.874039801837	0.827696408893	0.943807873369	0.897005244079	1.25684278879	1.11585664089	1.17484463026	0.74767239246	1.05617284679	0.968645524408	0.945164388594	1.1727199565	1.08549705172	0.749406771387	1.15873010633	1.05559187047	1.50975405993	1.43703297245	1.22652920735	1.27780292895	1.55220279362	1.46012301595	1.12812659739	1.19697446109	1.26345378927	1.15363610923	0.938948719188	1.40342054132	0.895311208313	1.27699904302	0.976061884969	1.36114037216
AC8	0.684627718705	0.64721518608	2.16042071532	0.947994185597	0.975347675205	0.678824920251	0.944849318511	0.609964702755	0.745371116481	0.71452739971	0.87798860319	0.80728222813	0.662786863219	1.80447869502	0.727543339778	0.635875418076	0.75156961334	0.661021594973	1.60022762204	1.08115896568	0.436899661672	0.0	0.724844296762	0.716947336878	1.50625795553	0.626642991783	0.561443600773	0.420854678589	0.460720952151	0.561257201547	0.662982817786	0.551827602707	0.671360236829	0.632918245529	1.13033394393	0.898578786854	0.882891551474	0.643371909135	0.762397660706	0.829098390527	0.654382957951	1.18181275495	1.09454041566	0.670543871435	0.955760691155	0.850430758821	1.33967376994	1.14044114065	1.05317843886	1.06100985984	1.25153088449	1.19294127598	0.829331875302	0.894223905268	0.963962498792	0.862471778637	0.598282967617	1.17058894152	0.591393441276	1.01034458192	0.670765983567	1.06778029483
AD7	0.931572344128	0.839240275495	2.40495901885	1.18402198163	1.22130802803	0.689417539874	1.34311695022	0.554212295795	0.446548105365	1.02577807637	0.414321406477	1.03748097632	0.74561641856	2.05436494442	0.897987336878	0.814314349927	0.47831762204	0.50121840986	1.96074152731	1.45259114065	0.99619702755	0.724844296762	0.0	0.152653421943	1.91452612856	0.897791319478	0.3807620203	0.46294459159	0.711657699372	0.902104030933	0.761037999033	0.574583615273	0.43052838086	0.502629888835	1.35159103915	1.16300523925	0.625450164331	0.845182508458	0.675695983567	1.0770059739	0.806280971484	1.39641612373	1.31693393427	0.919852324795	0.863414731754	0.744149429676	1.3895977477	1.14765270662	1.2719519478	1.20846594973	1.14021357661	1.2453261044	0.927145451909	0.908093895602	0.921545287579	0.949371454809	0.710153334944	1.24676836636	0.774957167714	1.17932739971	0.646114407927	1.11600257129
AD8	0.900903513775	0.805274963751	2.42964000967	1.17797637989	1.17367276945	0.650197776704	1.30518336394	0.522556138231	0.464859159014	0.98541459159	0.384754335428	0.985406481392	0.724199555341	2.07614390527	0.892465302078	0.774273320445	0.453534891252	0.455886292895	1.94356045916	1.4293419623	0.964093707105	0.716947336878	0.152653421943	0.0	1.84272159014	0.821738419526	0.367244093765	0.456919927501	0.698856360561	0.865606897052	0.72520681972	0.542657829869	0.458215248913	0.489769188014	1.31583531658	1.13313991783	0.588342532624	0.82448118898	0.628013378444	1.02097937651	0.760238627356	1.41911300628	1.33919933301	0.887658931851	0.817637858869	0.700584852586	1.35196594007	1.11077701305	1.22620907202	1.16152191397	1.10825589174	1.20153064282	0.881987477042	0.856920657322	0.884571101982	0.895613325278	0.707314325761	1.19857543741	0.767134388594	1.12850568391	0.605931764137	1.07485521025
AE7	1.35626899952	1.49744272112	1.91061185597	1.28080434993	1.33357865152	1.68487289029	1.20671084099	1.75215907202	1.89700867569	1.30701040116	1.99771987917	1.46597940068	1.61427862252	1.62979691155	1.49506025133	1.42750564041	1.78605496375	1.6951617738	1.07620439826	1.13033027066	1.403150029	1.50625795553	1.91452612856	1.84272159014	0.0	1.04482967617	1.7576780957	1.64791669406	1.37479742871	1.28264325761	1.57205308845	1.62761361044	1.85907674239	1.82844947318	1.69866374094	1.65640301595	1.95619218463	1.48977707588	1.82152383277	1.35996547124	1.61993928951	1.4670898405	1.44821523925	1.44057185114	2.02154769454	1.95011069599	1.75751698405	1.84838083615	1.64469708072	1.67067628323	1.99809251329	1.80190188014	1.6763937071	1.72122951667	1.77231998067	1.65744883519	1.59921118898	1.75187730788	1.54439017883	1.72196120348	1.7140817448	1.75442256162
AE8	0.572270671822	0.620503871435	2.19176811503	0.948692382794	0.802648376027	0.737333876269	0.878620043499	0.769440231996	0.91755041566	0.599806640889	1.0206677477	0.678572556791	0.702626384727	1.84214298212	0.746641014983	0.552560362494	0.854368052199	0.749890792653	1.46338140164	0.99287979217	0.716081512808	0.626642991783	0.897791319478	0.821738419526	1.04482967617	0.0	0.768719033349	0.658740618656	0.638136065732	0.57808160464	0.745756442726	0.718061459642	0.876373049782	0.847136877719	1.08120029	0.899769492508	0.984494243596	0.694118293862	0.86900980667	0.656148719188	0.685775258579	1.21369993233	1.13563271629	0.661866118898	1.11074337361	1.0357020348	1.17153739004	1.10307456259	0.94476982117	0.970071440309	1.23194844369	1.1237122523	0.861935688739	0.886393528275	0.965534567424	0.862524340261	0.687615548574	1.07826386177	0.665763798937	0.981993653939	0.748072522958	1.02624703722
AF7	0.756215514741	0.626002411793	2.36267252296	1.11843260512	1.00790623973	0.556667912035	1.18812913001	0.434342348961	0.440990647656	0.863232102465	0.512738777187	0.837109125181	0.584142092798	2.00528544708	0.737288419526	0.627862363461	0.374195311745	0.373483687772	1.80513992267	1.28887573224	0.922903513775	0.561443600773	0.3807620203	0.367244093765	1.7576780957	0.768719033349	0.0	0.232366089898	0.635131870469	0.78832318028	0.670354267762	0.501679429676	0.409839545674	0.434721092315	1.14424507492	0.945468448526	0.541514630256	0.714462402127	0.520798661189	0.871071106815	0.587483146448	1.36093089415	1.28417503625	0.748835930401	0.824922290962	0.704709748671	1.20853115515	0.977181251812	1.05037083615	1.02211689222	0.979028211696	1.06363379894	0.743038956017	0.750955567907	0.776816462059	0.785009753504	0.528070338328	1.05586092315	0.590656423393	0.985652203963	0.482389188014	0.932699690672
AF8	0.654214374094	0.608111246979	2.29595911551	1.0239761914	0.98054919768	0.538888453359	1.07948166747	0.417794287095	0.52288438376	0.762330971484	0.643534117931	0.807973658772	0.556529352344	1.93667625423	0.701528284195	0.568411111648	0.463353649106	0.382779898502	1.71039801837	1.18979501692	0.784314224263	0.420854678589	0.46294459159	0.456919927501	1.64791669406	0.658740618656	0.232366089898	0.0	0.548466312228	0.687816462059	0.649462097632	0.425794461092	0.460617341711	0.456043160947	1.13505068149	0.935402957951	0.638064731754	0.692285969067	0.530534359594	0.82074240696	0.556695103915	1.28366675689	1.20190658772	0.715949096182	0.865419594007	0.746509043016	1.2217461769	0.990987757371	1.02111688739	1.00948218946	0.996848540358	1.07582938134	0.736080541324	0.760328965684	0.792242503625	0.783924320928	0.480868115031	1.06370588207	0.534326157564	0.977275132914	0.47894161914	0.942463160947
AG7	0.727797167714	0.638863136781	1.89192189947	0.649706892218	0.902249652006	0.706535374577	0.901336379894	0.580286447559	0.696137133881	0.670745886902	0.842711952634	0.779943441276	0.663892580957	1.54452968101	0.656721662639	0.679202402127	0.775431996133	0.694759589174	1.36326722088	0.841930956984	0.565792136298	0.460720952151	0.711657699372	0.698856360561	1.37479742871	0.638136065732	0.635131870469	0.548466312228	0.0	0.244709395843	0.774345074915	0.704640483325	0.668047085549	0.712555447076	1.24925314645	0.999095456742	0.924987535041	0.493410144998	0.836548366361	0.851467810536	0.696226858386	0.961773948768	0.877512387627	0.535042687289	1.09058654422	0.98875378927	1.36164356694	1.16478340744	1.1549097825	1.14361188497	1.27547413726	1.22076893668	0.92888279362	0.950249729338	1.00300739488	0.948120589657	0.686550918318	1.22523898018	0.679295263412	1.11692993233	0.736715906235	1.09808834219
AG8	0.686429811503	0.674589980667	1.82233177864	0.613318820686	0.853552319961	0.770178786854	0.782659714838	0.744624185597	0.888039163847	0.626827530208	0.984805640406	0.746149550507	0.760878873852	1.46622438376	0.683760463992	0.685268627356	0.918236616723	0.838199898502	1.20764218463	0.698927912035	0.550189352344	0.561257201547	0.902104030933	0.865606897052	1.28264325761	0.57808160464	0.78832318028	0.687816462059	0.244709395843	0.0	0.887440589657	0.826336491058	0.837147211213	0.826143054616	1.20113797003	0.996272962784	1.05572672305	0.475997066216	0.939569768004	0.791818656356	0.773904016433	0.908659139681	0.82524518608	0.522401208313	1.1829382117	1.07738974867	1.33979884002	1.25933940551	1.12781199613	1.16877405993	1.37261100532	1.28956069116	1.01650970517	1.03498224746	1.09536	1.02165701305	0.792159202513	1.24368938134	0.762825654906	1.16938916868	0.822256795553	1.18775723538
AH7	0.752009009183	0.865823861769	2.45393083132	1.27714891252	1.14221211696	0.794512803287	1.18385641856	0.79837637506	0.885672068632	0.931467617206	0.852117559207	1.01540223296	0.840290164331	2.11441215563	1.00550584824	0.768704103432	0.667397419043	0.576296679555	1.73503000483	1.29002011116	0.874039801837	0.662982817786	0.761037999033	0.72520681972	1.57205308845	0.745756442726	0.670354267762	0.649462097632	0.774345074915	0.887440589657	0.0	0.313868912518	0.88217739971	0.856182464959	1.16006411793	1.05137110681	0.839639221846	0.952285534074	0.768239772837	0.971991599807	0.783582518125	1.48968297728	1.41180539874	0.957096007733	0.982756781054	0.897196843886	1.2878780087	1.07926866602	1.15633487675	1.06002914935	1.15501089899	1.15262833736	0.838637873369	0.817042672789	0.855176684389	0.821156065732	0.744291517641	1.14046302078	0.786078211696	0.993634514258	0.72530239246	1.03603978734
AH8	0.689617129048	0.758936041566	2.45435469792	1.21174958917	1.05808211213	0.644084731754	1.15384195747	0.598161198647	0.68697722088	0.861977061382	0.682743571774	0.92652982117	0.718862044466	2.09779329628	0.892059246013	0.653890676655	0.449396065732	0.327434127598	1.75360933784	1.27573939584	0.827696408893	0.551827602707	0.574583615273	0.542657829869	1.62761361044	0.718061459642	0.501679429676	0.425794461092	0.704640483325	0.826336491058	0.313868912518	0.0	0.660183876269	0.635687713871	1.16640929918	1.0063619043	0.686596901885	0.887167187047	0.563983929435	0.915983721605	0.693503281779	1.45028088932	1.37087637023	0.883468226196	0.845069927501	0.744091517641	1.228940116	1.00254846303	1.09054744321	1.00551687289	1.00615343161	1.08543419526	0.73806257129	0.730432967617	0.764478733688	0.744163866602	0.607723156114	1.07217809087	0.64637319478	0.952677559207	0.570879318511	0.960208564524
AA5	0.855718376027	0.613513044949	2.32814713871	1.12463404543	0.953792329628	0.504200913485	1.24972665539	0.31320141131	0.217515248913	0.925562803287	0.42568659739	0.767848738521	0.591830695988	1.97437192363	0.677111580474	0.738027573707	0.468593088449	0.515022914451	1.90526153697	1.39661542291	0.943807873369	0.671360236829	0.43052838086	0.458215248913	1.85907674239	0.876373049782	0.409839545674	0.460617341711	0.668047085549	0.837147211213	0.88217739971	0.660183876269	0.0	0.235264610923	1.17810036733	0.930751338811	0.58130640406	0.657311546641	0.578794320928	0.875307945868	0.586060855486	1.27387825036	1.19918650072	0.672263914935	0.796555002417	0.661351981634	1.28874347028	1.05399134364	1.06627272112	1.06451045433	1.07056841469	1.15539270662	0.787587907202	0.803239134848	0.82487300145	0.834660144998	0.596733721605	1.14618468342	0.658321391977	1.03000725471	0.542533750604	1.02646587724
AA6	0.830468003867	0.603298235863	2.38388623006	1.14369703238	0.942153837603	0.444273827936	1.17511969551	0.342641256646	0.337672078299	0.869681478975	0.465141155147	0.742316897052	0.544102295795	2.02384252779	0.684373233446	0.699339337844	0.494574132431	0.515048501692	1.9092137941	1.38949007733	0.897005244079	0.632918245529	0.502629888835	0.489769188014	1.82844947318	0.847136877719	0.434721092315	0.456043160947	0.712555447076	0.826143054616	0.856182464959	0.635687713871	0.235264610923	0.0	1.07827746738	0.84764757854	0.548422672789	0.637302411793	0.495164673755	0.830426051232	0.513356756887	1.32196537458	1.23999810053	0.662668719188	0.61464381827	0.477897433543	1.21842782987	0.987805456742	0.970444736588	0.951748086032	1.00441451426	1.07818996133	0.704951512808	0.74047522958	0.771582551957	0.748535331078	0.588137539874	1.05614136781	0.652783518608	0.927044064766	0.473010376994	0.953841314645
AB5	1.05375732238	0.922240285162	2.54752044949	1.38457747704	0.780991962301	0.964377278879	1.18921071532	1.07050915418	1.17329849686	0.957551145481	1.18742692605	0.779635456742	0.96426377477	2.19778889802	1.00356887385	0.982754804253	1.17074883519	1.15327483325	1.87289634606	1.43346409377	1.25684278879	1.13033394393	1.35159103915	1.31583531658	1.69866374094	1.08120029	1.14424507492	1.13505068149	1.24925314645	1.20113797003	1.16006411793	1.16640929918	1.17810036733	1.07827746738	0.0	0.367459255679	0.94662341711	1.03218158047	0.947994156597	0.813048931851	0.846584915418	1.54525467376	1.48764257612	0.959669550507	0.97281178347	0.936548414693	0.88354722088	0.939563204447	0.71954041566	0.751995026583	1.07445643789	0.912103919768	0.79457482842	0.858182353794	0.913766814886	0.844523847269	1.01683865152	0.824788714355	1.00708321895	0.769374543258	0.980155132914	0.865552962784
AB6	0.877216887385	0.66577362494	2.45094463509	1.22342351861	0.6648940116	0.736308318028	1.03637100532	0.817483682939	0.9410400145	0.797628719188	1.016670174	0.538289714838	0.753314320928	2.09499565491	0.745112489125	0.767788134364	1.00119182214	0.983016737554	1.78026735621	1.30409468826	1.11585664089	0.898578786854	1.16300523925	1.13313991783	1.65640301595	0.899769492508	0.945468448526	0.935402957951	0.999095456742	0.996272962784	1.05137110681	1.0063619043	0.930751338811	0.84764757854	0.367459255679	0.0	0.780884867086	0.775665553407	0.790241541808	0.671334422426	0.630766887385	1.39291968101	1.33233780087	0.69613939101	0.809083702272	0.7894760029	0.780991329145	0.73818358144	0.502472634123	0.543367941034	0.881794272595	0.73016759304	0.62053861769	0.700234775254	0.752632073465	0.690612837119	0.78940817303	0.661912861286	0.769846408893	0.562924045433	0.79347318028	0.664535079749
AC5	0.964166993717	0.78078777187	2.64618633156	1.40282153214	0.985203576607	0.596784581924	1.3177078202	0.576701309811	0.541538521025	0.996955364911	0.475769859836	0.790363513775	0.731266302562	2.29080413726	0.893636505558	0.838051058482	0.537123919768	0.587032141131	2.01395933784	1.51472144031	1.17484463026	0.882891551474	0.625450164331	0.588342532624	1.95619218463	0.984494243596	0.541514630256	0.638064731754	0.924987535041	1.05572672305	0.839639221846	0.686596901885	0.58130640406	0.548422672789	0.94662341711	0.780884867086	0.0	0.838024137264	0.426606302562	0.921225418076	0.630712440793	1.62692579507	1.53570491058	0.839194040599	0.543305360077	0.460938753021	1.0210457274	0.776561246979	0.904182875785	0.842400396327	0.761021585307	0.848021643306	0.588697327211	0.553192489125	0.562279589174	0.625300265829	0.745585790237	0.855873948768	0.806004461092	0.818317554374	0.567773127115	0.748281677139
AC6	0.765871449976	0.511907791203	1.97675858869	0.760148598357	0.710772663122	0.648918637023	0.727323102948	0.544493344611	0.717518434026	0.541193634606	0.868126979217	0.588276128565	0.627481788304	1.61825662639	0.488286703722	0.647368525858	0.821069130014	0.787241517641	1.47643807153	0.964286215563	0.74767239246	0.643371909135	0.845182508458	0.82448118898	1.48977707588	0.694118293862	0.714462402127	0.692285969067	0.493410144998	0.475997066216	0.952285534074	0.887167187047	0.657311546641	0.637302411793	1.03218158047	0.775665553407	0.838024137264	0.0	0.79789460609	0.656460671822	0.592944765587	0.822964451426	0.733277999033	0.288562624456	1.01770533108	0.918217670372	1.18028463509	1.07939071049	0.950818361527	0.993367143548	1.193759913	1.11176616723	0.853043127115	0.898018105365	0.956945766071	0.862381686805	0.653500898985	1.05857480909	0.642946694055	0.997748999517	0.69686459159	1.0207559449
AD6	0.767311778637	0.614834374094	2.56369807637	1.24852526341	0.844247375544	0.449967249879	1.20188137264	0.46734037216	0.563974277429	0.853952145964	0.510195862736	0.702288124698	0.56923618173	2.20322892218	0.748312368294	0.648167365877	0.488559830836	0.435430381827	1.89479895118	1.42264970517	1.05617284679	0.762397660706	0.675695983567	0.628013378444	1.82152383277	0.86900980667	0.520798661189	0.530534359594	0.836548366361	0.939569768004	0.768239772837	0.563983929435	0.578794320928	0.495164673755	0.947994156597	0.790241541808	0.426606302562	0.79789460609	0.0	0.752269719671	0.38853358144	1.53166391977	1.44770071532	0.77690701305	0.65448582407	0.540911899468	0.91742319478	0.679998501692	0.83950817303	0.727329038183	0.698813649106	0.767690710488	0.469552339294	0.450074751087	0.49183558724	0.46561080232	0.548881884969	0.756205374577	0.595286964717	0.699799139681	0.379142977284	0.649521029483
AE5	0.584485964234	0.527020952151	2.30389061866	0.995913475109	0.594056147898	0.728069062349	0.829598525858	0.748834345094	0.931720091832	0.548152711455	1.01651060899	0.548849763171	0.674630724988	1.94423883519	0.61565540841	0.513198371194	0.906208332528	0.837644712421	1.48419362977	1.08319304495	0.968645524408	0.829098390527	1.0770059739	1.02097937651	1.35996547124	0.656148719188	0.871071106815	0.82074240696	0.851467810536	0.791818656356	0.971991599807	0.915983721605	0.875307945868	0.830426051232	0.813048931851	0.671334422426	0.921225418076	0.656460671822	0.752269719671	0.0	0.420317626873	1.203120058	1.13788928468	0.560391242146	1.10862895118	1.02628305945	0.938721623973	0.899564461092	0.767932866119	0.735877317545	1.04275638956	0.901388753021	0.660938869019	0.71964178347	0.800787365877	0.642793871435	0.609206887385	0.845639521508	0.554714287095	0.776051633639	0.711438641856	0.822695205413
AE6	0.598232696955	0.396598095698	2.3940860319	1.07664765104	0.679962851619	0.457924079265	0.969249540841	0.465408298695	0.609360173997	0.643214949251	0.704079400677	0.547620845819	0.41475977767	2.03204817786	0.544612445626	0.454341710971	0.614963513775	0.568162261962	1.67647239729	1.21136533591	0.945164388594	0.654382957951	0.806280971484	0.760238627356	1.61993928951	0.685775258579	0.587483146448	0.556695103915	0.696226858386	0.773904016433	0.783582518125	0.693503281779	0.586060855486	0.513356756887	0.846584915418	0.630766887385	0.630712440793	0.592944765587	0.38853358144	0.420317626873	0.0	1.31130354277	1.23097159014	0.539173740938	0.816787699372	0.712718308362	0.924062179797	0.722349647173	0.715726529725	0.673215717738	0.845828458192	0.786383363944	0.448387138714	0.491666959884	0.557150628323	0.461987728371	0.398557883035	0.766154490092	0.424807699372	0.660552556791	0.380482000967	0.664530338328
AF5	1.25151266312	1.16742762204	1.32514851136	0.583755621073	1.18002558241	1.36784739971	0.861273847269	1.24920538424	1.31995384727	1.01867240213	1.51731710488	1.20410837119	1.27984926535	0.973631005317	1.07211911068	1.25035655389	1.48353971	1.44802072015	1.01598795553	0.697518728855	1.1727199565	1.18181275495	1.39641612373	1.41911300628	1.4670898405	1.21369993233	1.36093089415	1.28366675689	0.961773948768	0.908659139681	1.48968297728	1.45028088932	1.27387825036	1.32196537458	1.54525467376	1.39291968101	1.62692579507	0.822964451426	1.53166391977	1.203120058	1.31130354277	0.0	0.149796089899	0.949924224263	1.71998872885	1.63544233446	1.73442840986	1.67888424843	1.55330653456	1.61133695988	1.79894986467	1.72994219913	1.52664094732	1.58035467859	1.62303457709	1.54864504592	1.2746737216	1.67769936684	1.25027491542	1.62416920735	1.40251171097	1.63788609957
AF6	1.17556662639	1.08813172547	1.39012129531	0.536376756887	1.11844053166	1.28007491542	0.768573059449	1.16675800387	1.25431995167	0.927322576124	1.43385617206	1.13725107298	1.20196266796	1.04189444176	0.989044180764	1.17261540841	1.40349612856	1.36605344611	1.01920141614	0.670219159014	1.08549705172	1.09454041566	1.31693393427	1.33919933301	1.44821523925	1.13563271629	1.28417503625	1.20190658772	0.877512387627	0.82524518608	1.41180539874	1.37087637023	1.19918650072	1.23999810053	1.48764257612	1.33233780087	1.53570491058	0.733277999033	1.44770071532	1.13788928468	1.23097159014	0.149796089899	0.0	0.865477172547	1.63505493958	1.5515182987	1.67069608023	1.60786791687	1.48068112615	1.53501311745	1.71185432576	1.65392081199	1.44246923635	1.50058364427	1.54190374577	1.46390632673	1.19362201063	1.61323881102	1.16643103432	1.54602061866	1.31939662639	1.55786135814
AG5	0.697875998067	0.430288946351	2.07715722088	0.813021749638	0.593572058966	0.602849043016	0.763429864669	0.565466834219	0.724277462542	0.544657390043	0.872166771387	0.485640183664	0.564780546158	1.72094076849	0.4378340261	0.585700381827	0.816732498792	0.788383745771	1.50662056066	0.994247419043	0.749406771387	0.670543871435	0.919852324795	0.887658931851	1.44057185114	0.661866118898	0.748835930401	0.715949096182	0.535042687289	0.522401208313	0.957096007733	0.883468226196	0.672263914935	0.662668719188	0.959669550507	0.69613939101	0.839194040599	0.288562624456	0.77690701305	0.560391242146	0.539173740938	0.949924224263	0.865477172547	0.0	1.00634766554	0.911640217496	1.08779941034	1.0002742436	0.856304688255	0.90061558724	1.12441539391	1.02654358144	0.751058076365	0.814718487192	0.889146592557	0.770096307395	0.617888666022	0.975697936201	0.601334963751	0.89928421943	0.664163320445	0.946361681972
