	AA3	AA4	AB3	AB4	AC3	AC4	AD3	AD4	AE3	AE4	AF3	AF4	AG3	AG4	AH3	AH4	AA7	AA8	AB7	AB8	AC7	AC8	AD7	AD8	AE7	AE8	AF7	AF8	AG7	AG8	AH7	AH8	AA5	AA6	AB5	AB6	AC5	AC6	AD6	AE5	AE6	AF5	AF6	AG5	AH5	AH6	AA1	AA2	AB1	AB2	AC1	AC2	AD1	AD2	AE1	AE2	AF1	AF2	AG1	AG2	AH1	AH2
AA3	0.0	0.513328753021	2.24258054132	0.989853484775	0.888709937168	0.729897539874	0.909063692605	0.738957153214	0.865541546641	0.693713078782	0.928211014983	0.753352643789	0.687978767521	1.91700596907	0.751453247946	0.236748429193	0.721693644273	0.693859801837	1.43712687772	1.07166879652	0.779030541324	0.625861430643	0.855405065249	0.824793852102	1.39628183664	0.614400618656	0.746369463509	0.650910019333	0.669917245046	0.640353736104	0.743848458192	0.642803083615	0.861767336878	0.821641266312	1.12732725955	0.904267984534	0.948986360561	0.786721314645	0.792410115998	0.583727119381	0.610147699372	1.24188126631	1.17528341711	0.724144804253	1.09765172547	1.046030203	0.972749961334	0.937657075882	0.931679149348	0.860665669406	1.03771962301	0.971902116965	0.673747162881	0.674776863219	0.754458332528	0.649054006767	0.525821256646	0.90430520058	0.518028622523	0.935049014016	0.605981855969	0.95341578057
AA4	0.513328753021	0.0	2.22197021266	0.89881918318	0.650808327695	0.535685722571	0.866832812953	0.493890691155	0.689133576607	0.597699995167	0.778303499275	0.450307051716	0.427708226196	1.89815324311	0.297509473175	0.34032239246	0.623682242629	0.649872885452	1.55292840986	1.06308082649	0.821696945384	0.644852271629	0.847290686322	0.733683968101	1.4901379362	0.626729449009	0.673931720638	0.58571217013	0.652345679072	0.636657955534	0.859535558241	0.714611343644	0.639534388594	0.624939859836	0.949860188497	0.677187467376	0.789152687289	0.503180555824	0.619934132431	0.43167098115	0.405671367811	1.14095133398	1.07196993717	0.442667728371	0.953984480425	0.879923644273	0.933542706622	0.822197196713	0.742505360077	0.755022029966	0.951837733204	0.894346162397	0.620217762204	0.619500299662	0.67360857419	0.603296834219	0.429588569357	0.83772482842	0.437043832769	0.798748516191	0.441090048333	0.835713881102
AB3	2.24258054132	2.22197021266	0.0	1.44918794587	2.16321178347	2.37312297245	1.92352962784	2.30682920735	2.3505258869	2.07627954567	2.49448463509	2.27144093765	2.31708711938	0.364580613823	2.16007726921	2.25315361044	2.45983482359	2.48488518608	1.20206480909	1.44147147414	1.97086669406	2.17177141614	2.42590941518	2.40625553407	1.89711816336	2.13814227163	2.36810681489	2.28131061866	1.8827481102	1.84904651522	2.44161296278	2.41410348961	2.30654660222	2.37093754471	2.55616130498	2.46136861286	2.62157672305	1.96801274045	2.55100286612	2.27883368294	2.40779488159	1.33150879652	1.38997081199	2.05637077815	2.71868934751	2.66115929918	2.66382757371	2.67688872402	2.53989827936	2.61146198647	2.76758429193	2.70844953117	2.56996192363	2.59007316095	2.61351971484	2.57557508942	2.33526138231	2.65646669889	2.30503403577	2.65194509908	2.37644090865	2.69206845336
AB4	0.989853484775	0.89881918318	1.44918794587	0.0	0.931170778154	1.03895634123	0.78756359594	1.02905198163	1.16181940068	0.81199217013	1.23101532624	0.987662329628	0.895345311745	1.11092423876	0.886270019333	0.953426486225	1.17872618173	1.19427209763	1.0233618028	0.533218037699	0.909321116481	0.93874118898	1.18876630256	1.14878970517	1.27542821653	0.885358076365	1.14409785404	1.03461267762	0.648387559207	0.633773755437	1.2748297245	1.17733142581	1.13476619623	1.14699588207	1.41316013533	1.24289986467	1.39605427743	0.738838569357	1.2292538376	0.963349139681	1.09741256162	0.56035518608	0.523936399227	0.790808496858	1.49385434509	1.42285522958	1.45916884969	1.41846989367	1.32333398743	1.35920675205	1.54325856936	1.4805502465	1.26454938618	1.28789631223	1.34517129531	1.2805320638	1.0556299275	1.43172786854	1.0235559014	1.40353902852	1.07303989367	1.43423993717
AC3	0.888709937168	0.650808327695	2.16321178347	0.931170778154	0.0	0.774429217013	0.823518907685	0.856507090382	1.03046750121	0.704044533591	1.0861221798	0.35542857419	0.812609536008	1.83893826486	0.669470850652	0.778816355727	0.984180188497	1.00723892218	1.434109942	1.01463156114	1.06951452392	1.04348871919	1.28227908168	1.16443913968	1.27773081682	0.851567646206	1.10988723055	1.00876700338	0.955560299662	0.90473521508	1.1943857999	1.07020781054	1.00959301112	0.971144543258	0.858650990817	0.749404601257	1.06943199613	0.751880831319	0.90349921218	0.62757439826	0.714719753504	1.11848651522	1.06219255196	0.610612411793	1.24134359594	1.16920346544	0.901404480425	0.983686529725	0.767641459642	0.840249719671	1.10302709522	0.985770913485	0.793986234896	0.846803494442	0.915393847269	0.807234142098	0.84434157564	0.913453726438	0.829579478009	0.933396109232	0.851668303528	0.984005717738
AC4	0.729897539874	0.535685722571	2.37312297245	1.03895634123	0.774429217013	0.0	1.10486351377	0.350375998067	0.47714258579	0.802461773804	0.398077109715	0.513766742388	0.407647394877	2.04648286129	0.64140757854	0.640605650072	0.551352837119	0.554925548574	1.80519254712	1.30367308362	0.895404562591	0.611270869985	0.688879695505	0.593992938618	1.70065514258	0.752208047366	0.578237820203	0.50791739971	0.684481706138	0.732006442726	0.802211014983	0.643607989367	0.473270492992	0.400735384244	1.00803859352	0.731222218463	0.614032774287	0.628597694538	0.459261275979	0.677643798937	0.427155118415	1.31056747704	1.24516713388	0.609706152731	0.715218032866	0.646597651039	1.02829739004	0.815689734171	0.817517704205	0.79435078782	0.892130202997	0.948129101015	0.634305321411	0.616474857419	0.63486118898	0.609498931851	0.56339661189	0.939508530691	0.589126732721	0.791927742871	0.423749594007	0.823817883035
AD3	0.909063692605	0.866832812953	1.92352962784	0.78756359594	0.823518907685	1.10486351377	0.0	1.03085352827	1.30376324795	0.37799159014	1.36018737071	0.929713455776	1.06884409377	1.6000562059	0.854314717255	0.896239400677	1.21138207347	1.19496511841	1.34158123248	0.888166785887	0.867790067666	0.939490691155	1.31731491542	1.25928487192	1.22630202997	0.844793832769	1.20502234896	1.09955520058	0.885889540841	0.80443181247	1.16039568874	1.0894378057	1.2418817883	1.17625078782	1.19124455292	1.03826195263	1.29437698405	0.748465654906	1.22396576607	0.81977882552	0.983183523441	0.85974080232	0.774489410343	0.721084262929	1.41541971	1.36156255679	1.34106681005	1.36435567424	1.16505563074	1.19132677139	1.48403640406	1.3983720348	1.15064852586	1.18906609473	1.27544149348	1.1780722958	1.0022821653	1.31072483325	0.956784958917	1.24690514741	1.11125796037	1.34721715321
AD4	0.738957153214	0.493890691155	2.30682920735	1.02905198163	0.856507090382	0.350375998067	1.03085352827	0.0	0.306656592557	0.712274040599	0.446619139681	0.612658168197	0.476779497342	1.98065313678	0.590452208797	0.622242025133	0.496394683422	0.52435579507	1.81158474625	1.29836339778	0.865885471242	0.571943832769	0.56468900435	0.474792300628	1.74650808603	0.779951691638	0.464306007733	0.393896964717	0.585758670855	0.690576515225	0.79224358144	0.629358129531	0.304843310778	0.321342962784	1.07972298212	0.785062431126	0.550650367327	0.540167863702	0.457446930884	0.683213146448	0.47444921218	1.23194603673	1.16476925085	0.572169980667	0.680802788787	0.617252904785	1.09508960851	0.868375108748	0.922284499758	0.891699893668	0.919871691638	1.00997529725	0.730036302562	0.65907277912	0.648775360077	0.654281677139	0.549172174964	1.00775335428	0.59667622523	0.880593088449	0.481474929918	0.888194432093
AE3	0.865541546641	0.689133576607	2.3505258869	1.16181940068	1.03046750121	0.47714258579	1.30376324795	0.306656592557	0.0	0.979234896085	0.339574717255	0.783529927501	0.571247419043	2.03386787337	0.721471759304	0.790163508942	0.512741232479	0.576981416143	1.96850631706	1.45977657806	1.00466933301	0.713228748188	0.45619181247	0.437198405027	1.92119933301	0.959664533591	0.419395534074	0.478218835186	0.721775157081	0.864795882069	0.89368057999	0.743277003383	0.220870565491	0.32531737071	1.21895506042	0.947286660222	0.55875300145	0.72589540841	0.567520420493	0.901460536491	0.633913934268	1.31369355244	1.28483810053	0.772458453359	0.740209192847	0.672824258096	1.22245990817	0.982149961334	1.0709437506	1.03145394393	1.0244382117	1.13480941518	0.860028999517	0.804590289995	0.779454050266	0.785511029483	0.681249666506	1.14963351377	0.738867752537	1.01439353794	0.597698356694	1.01130246979
AE4	0.693713078782	0.597699995167	2.07627954567	0.81199217013	0.704044533591	0.802461773804	0.37799159014	0.712274040599	0.979234896085	0.0	1.04861031899	0.687198733688	0.803792339294	1.75043685355	0.603430405993	0.624177515708	0.912007515708	0.89588217013	1.45098507008	0.963419449009	0.734760265829	0.694603682939	1.00101585307	0.938307375544	1.30745873369	0.579737216046	0.902870613823	0.796102373127	0.644135282745	0.593568893185	0.930822803287	0.821198656356	0.925769453842	0.868114316095	1.01985661672	0.857658269696	0.993235920735	0.538758414693	0.911386046399	0.56631320928	0.696900478492	0.954287549541	0.881276457226	0.51562439826	1.13913481875	1.08091962784	1.12129724021	1.12838745771	0.952588322861	0.986289990333	1.25911289512	1.16698857419	0.927119826003	0.925013963267	0.99801898985	0.932504108265	0.740245442243	1.0871237506	0.700134267762	1.03905789754	0.806083731271	1.11687060899
AF3	0.928211014983	0.778303499275	2.49448463509	1.23101532624	1.0861221798	0.398077109715	1.36018737071	0.446619139681	0.339574717255	1.04861031899	0.0	0.818898777187	0.635055466409	2.17046246496	0.865457573707	0.870395915901	0.482721807637	0.514438888352	2.02237742871	1.52077640889	1.04872913485	0.795728298695	0.417219482842	0.387681097148	1.95929266796	1.00065991783	0.45927898985	0.582356056066	0.801419057516	0.926140149831	0.823597945868	0.700802527791	0.400688898018	0.442600391493	1.19809490092	0.972691884969	0.477690483325	0.816119772837	0.505039903335	0.931751667472	0.672970362494	1.46257616723	1.40355489609	0.853120497825	0.665184635089	0.601725045916	1.17456200097	0.945224079265	1.08618674239	0.996098994683	0.991088946351	1.07931504592	0.799673499275	0.727500135331	0.742392344128	0.736295152247	0.779774707588	1.08007624456	0.825627167714	0.970773668439	0.58327118898	0.95294118898
AF4	0.753352643789	0.450307051716	2.27144093765	0.987662329628	0.35542857419	0.513766742388	0.929713455776	0.612658168197	0.783529927501	0.687198733688	0.818898777187	0.0	0.578481222813	1.94619085065	0.533688472692	0.615094548091	0.790858496858	0.82190762204	1.61547282262	1.12275162881	0.936377240213	0.813046737554	1.03775433543	0.920182029966	1.46790152731	0.688224233929	0.884849192847	0.790141029483	0.805258550024	0.759066534558	1.00457196713	0.883077187047	0.759955089415	0.719980811986	0.800362899952	0.527679352344	0.788559342678	0.618476703722	0.670933025616	0.540670212663	0.532367341711	1.18513131948	1.12907783954	0.496812489125	0.950018927018	0.874376669889	0.812492870952	0.788929826003	0.617191947801	0.664672155631	0.927127423876	0.837056239729	0.600477796037	0.648728714355	0.704505679072	0.626121913968	0.6602299855	0.768080328661	0.652822194297	0.752099308845	0.653007878202	0.792603504108
AG3	0.687978767521	0.427708226196	2.31708711938	0.895345311745	0.812609536008	0.407647394877	1.06884409377	0.476779497342	0.571247419043	0.803792339294	0.635055466409	0.578481222813	0.0	1.97722	0.4802540261	0.574480845819	0.551708264862	0.582523673272	1.74523557274	1.23905205897	0.912985925568	0.636876853552	0.730178013533	0.639253112615	1.60931837119	0.709134601257	0.596760575157	0.533881942968	0.677395210246	0.734977066216	0.841465012083	0.687004209763	0.580662769454	0.545312648623	1.0151121363	0.759278980184	0.740394378927	0.62816942001	0.563171628806	0.631625152247	0.444536065732	1.26125489125	1.1983462059	0.582051333978	0.870562479459	0.79436757854	0.971455224746	0.782530043499	0.809859463509	0.777149231513	0.914991894635	0.88192441276	0.60938482842	0.60609540841	0.671352073465	0.574848598357	0.467450792653	0.898662672789	0.499941309811	0.790055959401	0.393755693572	0.799717380377
AG4	1.91700596907	1.89815324311	0.364580613823	1.11092423876	1.83893826486	2.04648286129	1.6000562059	1.98065313678	2.03386787337	1.75043685355	2.17046246496	1.94619085065	1.97722	0.0	1.84091430643	1.92620132914	2.13939088449	2.16283025616	0.957351193813	1.13287263896	1.65009330111	1.85063856452	2.10382115515	2.08676140648	1.64044525375	1.8214762639	2.05061044466	1.96108444659	1.56800237313	1.52946710971	2.14200210246	2.09312993233	1.99324196713	2.04415200097	2.24288333978	2.14054941034	2.30374020783	1.649789971	2.22697755437	1.95289053649	2.08129367811	1.01421394393	1.07559196713	1.73351769454	2.39585270662	2.33870104398	2.33531429676	2.35132376994	2.21423754954	2.28517454809	2.44359191397	2.38181868052	2.24285236829	2.26214504592	2.29520962784	2.24852140648	2.0096002755	2.33000881102	1.98149471725	2.32398197197	2.05217155631	2.37068165297
AH3	0.751453247946	0.297509473175	2.16007726921	0.886270019333	0.669470850652	0.64140757854	0.854314717255	0.590452208797	0.721471759304	0.603430405993	0.865457573707	0.533688472692	0.4802540261	1.84091430643	0.0	0.573162469792	0.738116094732	0.782820144998	1.58177440309	1.08393540358	0.888556394393	0.744027844369	0.919765505075	0.839246346061	1.49109088932	0.722200333494	0.77799661189	0.694372305462	0.693331904302	0.68255680522	0.999732194297	0.870477037216	0.676682411793	0.702696959884	1.01823605123	0.75700878202	0.894921580474	0.514835471242	0.766518240696	0.558030169164	0.553952788787	1.07213468826	1.01668267762	0.475233760271	1.05721987917	0.98912940551	1.01336976317	0.885014809087	0.841092716288	0.850167162881	1.04011878685	0.974385253746	0.773327554374	0.775779188014	0.803669047849	0.751848047366	0.568672899952	0.928904818753	0.568599308845	0.884612247463	0.606143929435	0.907920115998
AH4	0.236748429193	0.34032239246	2.25315361044	0.953426486225	0.778816355727	0.640605650072	0.896239400677	0.622242025133	0.790163508942	0.624177515708	0.870395915901	0.615094548091	0.574480845819	1.92620132914	0.573162469792	0.0	0.650684161431	0.640344084099	1.46283188497	1.06018128565	0.8284219768	0.631632334461	0.823035070082	0.744766360561	1.40787509908	0.596861140648	0.687793678105	0.591007071049	0.673569424843	0.650569917835	0.763392315128	0.631463170614	0.767182068632	0.72595582407	1.02716537458	0.779955485742	0.865741933301	0.66368901885	0.700308327695	0.472615886902	0.493011904302	1.20922853552	1.14451310295	0.58650481392	1.01906140164	0.959102643789	0.90110939101	0.837699589174	0.823962870952	0.748713170614	0.958356636056	0.881461140648	0.610514760754	0.592650106332	0.66144737071	0.581976442726	0.39498940551	0.824113378444	0.395880744321	0.824255103915	0.52245980667	0.846439898502
AA7	0.721693644273	0.623682242629	2.45983482359	1.17872618173	0.984180188497	0.551352837119	1.21138207347	0.496394683422	0.512741232479	0.912007515708	0.482721807637	0.790858496858	0.551708264862	2.13939088449	0.738116094732	0.650684161431	0.0	0.142325384244	1.80033319478	1.32358848236	0.97469258579	0.646124751087	0.462446771387	0.411935190913	1.74389152731	0.833128240696	0.366905969067	0.385166254229	0.757758274529	0.84474537941	0.625515509908	0.417086123731	0.513720304495	0.516127535041	1.18828688739	0.96565221363	0.581897665539	0.792313296278	0.471559159014	0.795636549058	0.601760029	1.4193537506	1.36275550507	0.812236080232	0.773065814403	0.691976587724	1.06342951184	0.860240589657	1.0208577622	0.925540106332	0.882962025133	0.970535867569	0.688816263896	0.638788922185	0.645736993717	0.622092455292	0.511966355727	0.960832145964	0.570654030933	0.93011557274	0.43540698405	0.867057477042
AA8	0.693859801837	0.649872885452	2.48488518608	1.19427209763	1.00723892218	0.554925548574	1.19496511841	0.52435579507	0.576981416143	0.89588217013	0.514438888352	0.82190762204	0.582523673272	2.16283025616	0.782820144998	0.640344084099	0.142325384244	0.0	1.79432118898	1.32404089415	0.93443219913	0.608207274045	0.473502547124	0.443119192847	1.71216255679	0.812413566941	0.399257665539	0.382977564041	0.747026636056	0.832768086032	0.571839057516	0.357879695505	0.571541155147	0.558442605123	1.19195811986	0.979318342194	0.592681880135	0.835744161431	0.476585838569	0.799176839053	0.621237090382	1.45117840019	1.39038912518	0.84104078782	0.759347138714	0.687690062832	1.07797737071	0.871483827936	1.03351279362	0.928677689705	0.888901454809	0.977315635573	0.694494968584	0.631829337844	0.651512286129	0.609740488159	0.523549284679	0.9768359739	0.544917491542	0.929978066699	0.443985369744	0.873146254229
AB7	1.43712687772	1.55292840986	1.20206480909	1.0233618028	1.434109942	1.80519254712	1.34158123248	1.81158474625	1.96850631706	1.45098507008	2.02237742871	1.61547282262	1.74523557274	0.957351193813	1.58177440309	1.46283188497	1.80033319478	1.79432118898	0.0	0.555395867569	1.52299705172	1.60980890768	1.95138872402	1.89074278879	1.06593313195	1.44286086515	1.8328322813	1.71281153214	1.37519157564	1.23840129048	1.72415297728	1.69331131464	1.90214692605	1.91447650556	1.88811343161	1.80858184147	2.00699964717	1.49517067666	1.91618996617	1.47481922668	1.69661317545	1.01980280812	1.01035311745	1.49173337361	2.1779360319	2.11795739004	1.89931128081	1.95415654906	1.82990819236	1.83872869019	2.05348551474	1.96291509425	1.78498943934	1.80137345578	1.85103129048	1.78601149831	1.63767852586	1.88753884485	1.61975280329	1.91569623973	1.75015288062	1.96380951184
AB8	1.07166879652	1.06308082649	1.44147147414	0.533218037699	1.01463156114	1.30367308362	0.888166785887	1.29836339778	1.45977657806	0.963419449009	1.52077640889	1.12275162881	1.23905205897	1.13287263896	1.08393540358	1.06018128565	1.32358848236	1.32404089415	0.555395867569	0.0	1.0687839681	1.12678766554	1.44245745771	1.37786961817	1.11573536008	0.971589763171	1.32388126631	1.20531651522	0.858480270662	0.741572025133	1.29361400677	1.23880497825	1.39840636056	1.41443303045	1.4568098985	1.34313456742	1.51964266796	0.991209859836	1.42732334944	1.06142252779	1.2285798985	0.700629154181	0.667585920735	0.993555311745	1.69925409377	1.6317461044	1.54371384727	1.53398727405	1.4035417593	1.43625502658	1.64248018366	1.56718532624	1.4072619043	1.40373298695	1.44094371677	1.39940751087	1.19363501208	1.51433302078	1.17455386177	1.49915304495	1.25226550991	1.55240525375
AC7	0.779030541324	0.821696945384	1.97086669406	0.909321116481	1.06951452392	0.895404562591	0.867790067666	0.865885471242	1.00466933301	0.734760265829	1.04872913485	0.936377240213	0.912985925568	1.65009330111	0.888556394393	0.8284219768	0.97469258579	0.93443219913	1.52299705172	1.0687839681	0.0	0.44449882552	0.987237887869	0.950358129531	1.41786192847	0.685216321895	0.934175645239	0.783957496375	0.554157568874	0.55811882552	0.865664548091	0.806611730304	0.945843214113	0.918956785887	1.2775440841	1.11923664089	1.1529317883	0.757898960851	1.08687799903	0.916288235863	0.959924137264	1.15338196713	1.09215440309	0.730522595457	1.10509506525	1.05478003867	1.4282177187	1.39799633639	1.26335376027	1.25223202513	1.50580868536	1.46166323345	1.11606132914	1.14804342194	1.21766050266	1.12986314645	0.935486877719	1.38525863219	0.870997713871	1.28573804737	0.900939946834	1.39473743838
AC8	0.625861430643	0.644852271629	2.17177141614	0.93874118898	1.04348871919	0.611270869985	0.939490691155	0.571943832769	0.713228748188	0.694603682939	0.795728298695	0.813046737554	0.636876853552	1.85063856452	0.744027844369	0.631632334461	0.646124751087	0.608207274045	1.60980890768	1.12678766554	0.44449882552	0.0	0.67592879652	0.630418269696	1.51648895118	0.604914171097	0.53918962784	0.39278419043	0.465108245529	0.540827162881	0.63157460609	0.50807781537	0.647777390043	0.63122478492	1.16426284195	0.904196046399	0.853859990333	0.667910072499	0.770319560174	0.782826433059	0.668963136781	1.16829647173	1.10775722088	0.691187182214	0.893476433059	0.84985439826	1.27138703238	1.08337704688	1.07834480425	1.02944853069	1.19296573224	1.20086252296	0.857703199613	0.832878554857	0.906346684389	0.820416945384	0.593217312711	1.18419623006	0.575372266796	1.00160221846	0.575735466409	1.08328433543
AD7	0.855405065249	0.847290686322	2.42590941518	1.18876630256	1.28227908168	0.688879695505	1.31731491542	0.56468900435	0.45619181247	1.00101585307	0.417219482842	1.03775433543	0.730178013533	2.10382115515	0.919765505075	0.823035070082	0.462446771387	0.473502547124	1.95138872402	1.44245745771	0.987237887869	0.67592879652	0.0	0.1961520058	1.89981748671	0.903925712905	0.345709357177	0.457368627356	0.717636307395	0.84351781537	0.729848612856	0.597386215563	0.487207858869	0.552225074915	1.36975647173	1.13953477042	0.621148941518	0.85064420493	0.672999840503	1.0119060464	0.82339898985	1.399380116	1.3426159449	0.944190275495	0.796282725955	0.74044701305	1.33508728371	1.09832517641	1.26242410826	1.17363022233	1.11536227163	1.23496968584	0.975810865152	0.881302827453	0.871560352827	0.889428999517	0.733231058482	1.25022201063	0.757367462542	1.14668250846	0.649460164331	1.11059039633
AD8	0.824793852102	0.733683968101	2.40625553407	1.14878970517	1.16443913968	0.593992938618	1.25928487192	0.474792300628	0.437198405027	0.938307375544	0.387681097148	0.920182029966	0.639253112615	2.08676140648	0.839246346061	0.744766360561	0.411935190913	0.443119192847	1.89074278879	1.37786961817	0.950358129531	0.630418269696	0.1961520058	0.0	1.80406548091	0.811278685355	0.300833320445	0.40315821653	0.676304224263	0.773493745771	0.694257525375	0.548900502658	0.469218511358	0.488760338328	1.27303159014	1.0301079652	0.562503499275	0.757852247463	0.593105205413	0.890680362494	0.708356292895	1.38204393427	1.31749108265	0.830220734654	0.751617380377	0.679493025616	1.24504511841	1.01882356211	1.15354433059	1.06274005317	1.04833035283	1.15590297728	0.880391667472	0.79391638956	0.787981561141	0.792772450459	0.662440231996	1.15958904785	0.715504659256	1.03871788787	0.543412895118	1.02989510391
AE7	1.39628183664	1.4901379362	1.89711816336	1.27542821653	1.27773081682	1.70065514258	1.22630202997	1.74650808603	1.92119933301	1.30745873369	1.95929266796	1.46790152731	1.60931837119	1.64044525375	1.49109088932	1.40787509908	1.74389152731	1.71216255679	1.06593313195	1.11573536008	1.41786192847	1.51648895118	1.89981748671	1.80406548091	0.0	1.0201700145	1.80083491542	1.65494635573	1.37342960851	1.28995416143	1.57438265829	1.57129580474	1.86660407927	1.84006840019	1.72604547124	1.69107665539	1.93214870952	1.50782038666	1.84676237313	1.37965	1.636950058	1.45900563557	1.42911135331	1.41106576124	2.0166717448	1.97507167231	1.71096846303	1.84395888352	1.64575567907	1.65067840019	1.95768871919	1.80923534074	1.64401085549	1.68421584824	1.75263149831	1.65714333494	1.58555412276	1.73102850652	1.54812077332	1.77080570807	1.66528754954	1.83724352344
AE8	0.614400618656	0.626729449009	2.13814227163	0.885358076365	0.851567646206	0.752208047366	0.844793832769	0.779951691638	0.959664533591	0.579737216046	1.00065991783	0.688224233929	0.709134601257	1.8214762639	0.722200333494	0.596861140648	0.833128240696	0.812413566941	1.44286086515	0.971589763171	0.685216321895	0.604914171097	0.903925712905	0.811278685355	1.0201700145	0.0	0.834496094732	0.689542112131	0.618490004833	0.550630217496	0.775052489125	0.699769270179	0.906647307878	0.874943470275	1.1236558434	0.923407472209	0.985998830353	0.709751725471	0.920842837119	0.632391362977	0.745798361527	1.15555522475	1.09109108265	0.633162068632	1.11313487675	1.07273142098	1.13822570807	1.10831252296	0.980970468826	0.98793077332	1.2351939971	1.17724977284	0.905607404543	0.909004847753	0.962621918801	0.899530285162	0.751290700822	1.11873908168	0.708887588207	1.04419006767	0.746482368294	1.10474874335
AF7	0.746369463509	0.673931720638	2.36810681489	1.14409785404	1.10988723055	0.578237820203	1.20502234896	0.464306007733	0.419395534074	0.902870613823	0.45927898985	0.884849192847	0.596760575157	2.05061044466	0.77799661189	0.687793678105	0.366905969067	0.399257665539	1.8328322813	1.32388126631	0.934175645239	0.53918962784	0.345709357177	0.300833320445	1.80083491542	0.834496094732	0.0	0.219431169647	0.667689386177	0.760950942484	0.672838501692	0.546025103915	0.432385954567	0.480944900918	1.20835462542	0.967989666506	0.532294760754	0.745934461092	0.568074446593	0.85847257129	0.657998496858	1.35147310778	1.29065167231	0.79906680522	0.782990333494	0.726986191397	1.18686951667	0.963384345094	1.08791458676	1.02433180764	0.990878579024	1.10157635573	0.833926631223	0.768184538424	0.76418759304	0.765892556791	0.575091580474	1.1021857129	0.616432730788	1.00275068632	0.498408129531	0.967204422426
AF8	0.650910019333	0.58571217013	2.28131061866	1.03461267762	1.00876700338	0.50791739971	1.09955520058	0.393896964717	0.478218835186	0.796102373127	0.582356056066	0.790141029483	0.533881942968	1.96108444659	0.694372305462	0.591007071049	0.385166254229	0.382977564041	1.71281153214	1.20531651522	0.783957496375	0.39278419043	0.457368627356	0.40315821653	1.65494635573	0.689542112131	0.219431169647	0.0	0.566298090865	0.649259366844	0.657284780087	0.485893286612	0.450673557274	0.4451939826	1.15984269212	0.912308733688	0.640162827453	0.664938525858	0.543955920735	0.757253861769	0.588105741904	1.2606158289	1.19711363944	0.70849500725	0.791647950701	0.736562319961	1.16203278879	0.938154316095	1.02357006767	0.982833252779	0.972921193813	1.07832204447	0.798219134848	0.736032663122	0.74025477042	0.736625940068	0.50172078782	1.07498636539	0.536544093765	0.969402445626	0.454385737071	0.946065519575
AG7	0.669917245046	0.652345679072	1.8827481102	0.648387559207	0.955560299662	0.684481706138	0.885889540841	0.585758670855	0.721775157081	0.644135282745	0.801419057516	0.805258550024	0.677395210246	1.56800237313	0.693331904302	0.673569424843	0.757758274529	0.747026636056	1.37519157564	0.858480270662	0.554157568874	0.465108245529	0.717636307395	0.676304224263	1.37342960851	0.618490004833	0.667689386177	0.566298090865	0.0	0.202557525375	0.790213407443	0.692734635089	0.674355437409	0.728875814403	1.29753940068	1.01662850652	0.953219942001	0.504284407927	0.850401077815	0.805604867086	0.753631662639	0.938489666506	0.87884261479	0.568797071049	1.0594380087	1.00865264862	1.3433482987	1.15872647173	1.17424529725	1.14788383277	1.27343448043	1.25713852102	0.979264040599	0.952004132431	0.994164267762	0.954365161914	0.732386350894	1.26102268729	0.700004494925	1.14194928468	0.710014248429	1.17938816336
AG8	0.640353736104	0.636657955534	1.84904651522	0.633773755437	0.90473521508	0.732006442726	0.80443181247	0.690576515225	0.864795882069	0.593568893185	0.926140149831	0.759066534558	0.734977066216	1.52946710971	0.68255680522	0.650569917835	0.84474537941	0.832768086032	1.23840129048	0.741572025133	0.55811882552	0.540827162881	0.84351781537	0.773493745771	1.28995416143	0.550630217496	0.760950942484	0.649259366844	0.202557525375	0.0	0.85293557274	0.762516529725	0.810423305945	0.813231870469	1.24566255196	0.986562097632	1.02079256646	0.492748525858	0.906902982117	0.749697974867	0.79245741421	0.92674658289	0.861719782504	0.516527897535	1.13566883519	1.07278248913	1.29945595457	1.20341403093	1.12543305945	1.14001390527	1.31958863219	1.28490326728	1.01288251329	0.988618148864	1.03694096182	0.991321952634	0.775987327211	1.22582911551	0.742308883519	1.17214691638	0.765195070082	1.21878658772
AH7	0.743848458192	0.859535558241	2.44161296278	1.2748297245	1.1943857999	0.802211014983	1.16039568874	0.79224358144	0.89368057999	0.930822803287	0.823597945868	1.00457196713	0.841465012083	2.14200210246	0.999732194297	0.763392315128	0.625515509908	0.571839057516	1.72415297728	1.29361400677	0.865664548091	0.63157460609	0.729848612856	0.694257525375	1.57438265829	0.775052489125	0.672838501692	0.657284780087	0.790213407443	0.85293557274	0.0	0.264238714355	0.913229260512	0.885458501692	1.1852841856	1.02370757854	0.832270671822	0.958466882552	0.819503252779	0.917576737554	0.809304818753	1.46284685355	1.40922284679	0.98346979217	0.945729270179	0.903200381827	1.24517939584	1.05919524891	1.16895369744	1.0191177332	1.12330842919	1.16491746738	0.84818340261	0.81591118898	0.83160421943	0.806452721121	0.758050990817	1.16513097148	0.770441227646	1.0075460754	0.693081643306	1.05850653939
AH8	0.642803083615	0.714611343644	2.41410348961	1.17733142581	1.07020781054	0.643607989367	1.0894378057	0.629358129531	0.743277003383	0.821198656356	0.700802527791	0.883077187047	0.687004209763	2.09312993233	0.870477037216	0.631463170614	0.417086123731	0.357879695505	1.69331131464	1.23880497825	0.806611730304	0.50807781537	0.597386215563	0.548900502658	1.57129580474	0.699769270179	0.546025103915	0.485893286612	0.692734635089	0.762516529725	0.264238714355	0.0	0.743792402127	0.705883934268	1.16086872885	0.942408719188	0.739470826486	0.856180531658	0.656241947801	0.805455741904	0.679486510391	1.39682041566	1.33914737071	0.870623286612	0.837627713871	0.783631072982	1.1468441421	0.954356843886	1.0596958434	0.921438912518	0.997444900918	1.06939909135	0.738508680522	0.700496060899	0.712202334461	0.678083644273	0.612634229096	1.06353837603	0.628142107298	0.912758168197	0.534670294828	0.958164277429
AA5	0.861767336878	0.639534388594	2.30654660222	1.13476619623	1.00959301112	0.473270492992	1.2418817883	0.304843310778	0.220870565491	0.925769453842	0.400688898018	0.759955089415	0.580662769454	1.99324196713	0.676682411793	0.767182068632	0.513720304495	0.571541155147	1.90214692605	1.39840636056	0.945843214113	0.647777390043	0.487207858869	0.469218511358	1.86660407927	0.906647307878	0.432385954567	0.450673557274	0.674355437409	0.810423305945	0.913229260512	0.743792402127	0.0	0.240386070565	1.20499132914	0.910890874819	0.592152440793	0.639178608023	0.585888453359	0.832230811986	0.609176505558	1.24688071532	1.1985482697	0.709187336878	0.728226795553	0.657371449976	1.23921248429	1.00956571774	1.06908397293	1.04127760754	1.0525558144	1.15893743838	0.865928622523	0.813675645239	0.785668917351	0.803469705172	0.631616578057	1.16255143548	0.680587133881	1.02109786854	0.585297999033	1.02730963267
AA6	0.821641266312	0.624939859836	2.37093754471	1.14699588207	0.971144543258	0.400735384244	1.17625078782	0.321342962784	0.32531737071	0.868114316095	0.442600391493	0.719980811986	0.545312648623	2.04415200097	0.702696959884	0.72595582407	0.516127535041	0.558442605123	1.91447650556	1.41443303045	0.918956785887	0.63122478492	0.552225074915	0.488760338328	1.84006840019	0.874943470275	0.480944900918	0.4451939826	0.728875814403	0.813231870469	0.885458501692	0.705883934268	0.240386070565	0.0	1.08008103432	0.807888013533	0.530361546641	0.621728313195	0.487671314645	0.792218806187	0.521830463992	1.29797026583	1.22930108748	0.680534867086	0.541570024166	0.477902353794	1.13202591107	0.920642885452	0.946653726438	0.911891159981	0.959086486225	1.05713576607	0.738737003383	0.707352957951	0.70026017883	0.695285219913	0.609509502175	1.04290647656	0.665273436443	0.894137849203	0.511296075399	0.924216631223
AB5	1.12732725955	0.949860188497	2.55616130498	1.41316013533	0.858650990817	1.00803859352	1.19124455292	1.07972298212	1.21895506042	1.01985661672	1.19809490092	0.800362899952	1.0151121363	2.24288333978	1.01823605123	1.02716537458	1.18828688739	1.19195811986	1.88811343161	1.4568098985	1.2775440841	1.16426284195	1.36975647173	1.27303159014	1.72604547124	1.1236558434	1.20835462542	1.15984269212	1.29753940068	1.24566255196	1.1852841856	1.16086872885	1.20499132914	1.08008103432	0.0	0.344604717255	0.955012837119	1.08201564041	0.951952290962	0.85680900435	0.849249304012	1.55799884969	1.50290477042	0.98026857419	0.992037419043	0.952712223296	0.794150067666	0.906111904302	0.731057235379	0.718263678105	1.02171074915	0.909239033349	0.787371135814	0.905339772837	0.923018274529	0.88415717738	1.00834973417	0.810662087965	1.01470006767	0.783214862252	1.01867646206	0.891341918801
AB6	0.904267984534	0.677187467376	2.46136861286	1.24289986467	0.749404601257	0.731222218463	1.03826195263	0.785062431126	0.947286660222	0.857658269696	0.972691884969	0.527679352344	0.759278980184	2.14054941034	0.75700878202	0.779955485742	0.96565221363	0.979318342194	1.80858184147	1.34313456742	1.11923664089	0.904196046399	1.13953477042	1.0301079652	1.69107665539	0.923407472209	0.967989666506	0.912308733688	1.01662850652	0.986562097632	1.02370757854	0.942408719188	0.910890874819	0.807888013533	0.344604717255	0.0	0.749870159497	0.795960744321	0.742334755921	0.694858110198	0.608153296278	1.40256935718	1.34767951184	0.719757892702	0.812651338811	0.768911527308	0.745744857419	0.73979442726	0.561081034316	0.533899028516	0.862546708555	0.768043702272	0.588738530691	0.708308801353	0.730013808603	0.682772643789	0.750541420976	0.693567568874	0.748822667956	0.600257288545	0.78698757854	0.729108337361
AC5	0.948986360561	0.789152687289	2.62157672305	1.39605427743	1.06943199613	0.614032774287	1.29437698405	0.550650367327	0.55875300145	0.993235920735	0.477690483325	0.788559342678	0.740394378927	2.30374020783	0.894921580474	0.865741933301	0.581897665539	0.592681880135	2.00699964717	1.51964266796	1.1529317883	0.853859990333	0.621148941518	0.562503499275	1.93214870952	0.985998830353	0.532294760754	0.640162827453	0.953219942001	1.02079256646	0.832270671822	0.739470826486	0.592152440793	0.530361546641	0.955012837119	0.749870159497	0.0	0.819086766554	0.435957162881	0.882077965201	0.62470980667	1.58597558241	1.51284648139	0.836826341228	0.505234702755	0.463248840019	0.979253963267	0.746091498308	0.900826457226	0.801359231513	0.773378666022	0.87098182697	0.648647240213	0.576134117931	0.548416950217	0.595369608507	0.751052653456	0.881378608023	0.802909869502	0.766965611406	0.640055514741	0.746788540358
AC6	0.786721314645	0.503180555824	1.96801274045	0.738838569357	0.751880831319	0.628597694538	0.748465654906	0.540167863702	0.72589540841	0.538758414693	0.816119772837	0.618476703722	0.62816942001	1.649789971	0.514835471242	0.66368901885	0.792313296278	0.835744161431	1.49517067666	0.991209859836	0.757898960851	0.667910072499	0.85064420493	0.757852247463	1.50782038666	0.709751725471	0.745934461092	0.664938525858	0.504284407927	0.492748525858	0.958466882552	0.856180531658	0.639178608023	0.621728313195	1.08201564041	0.795960744321	0.819086766554	0.0	0.797886500725	0.615995964234	0.617927293378	0.804131474142	0.725907486709	0.313022725955	0.978831986467	0.912057878202	1.14516329145	1.04964832769	0.973107375544	0.980055993233	1.15562503625	1.1172137651	0.855649888835	0.867074040599	0.921243156114	0.863890082165	0.648710420493	1.06694477525	0.657136056066	1.00995503625	0.665857931368	1.05600502175
AD6	0.792410115998	0.619934132431	2.55100286612	1.2292538376	0.90349921218	0.459261275979	1.22396576607	0.457446930884	0.567520420493	0.911386046399	0.505039903335	0.670933025616	0.563171628806	2.22697755437	0.766518240696	0.700308327695	0.471559159014	0.476585838569	1.91618996617	1.42732334944	1.08687799903	0.770319560174	0.672999840503	0.593105205413	1.84676237313	0.920842837119	0.568074446593	0.543955920735	0.850401077815	0.906902982117	0.819503252779	0.656241947801	0.585888453359	0.487671314645	0.951952290962	0.742334755921	0.435957162881	0.797886500725	0.0	0.73454921218	0.401628371194	1.49815720155	1.43745645239	0.808598332528	0.58843838086	0.525358743354	0.848269415176	0.629863267279	0.800539241179	0.681247307878	0.67887260029	0.767602556791	0.51622582407	0.427820628323	0.441695224746	0.455967264379	0.579412368294	0.765953615273	0.64299821653	0.670248564524	0.426636476559	0.631366360561
AE5	0.583727119381	0.43167098115	2.27883368294	0.963349139681	0.62757439826	0.677643798937	0.81977882552	0.683213146448	0.901460536491	0.56631320928	0.931751667472	0.540670212663	0.631625152247	1.95289053649	0.558030169164	0.472615886902	0.795636549058	0.799176839053	1.47481922668	1.06142252779	0.916288235863	0.782826433059	1.0119060464	0.890680362494	1.37965	0.632391362977	0.85847257129	0.757253861769	0.805604867086	0.749697974867	0.917576737554	0.805455741904	0.832230811986	0.792218806187	0.85680900435	0.694858110198	0.882077965201	0.615995964234	0.73454921218	0.0	0.394314364427	1.16742977767	1.10384502658	0.523709729338	1.06143714355	1.00297249879	0.872318917351	0.860834867086	0.774050811986	0.718134751087	0.993928743354	0.91929420493	0.619655384244	0.645700589657	0.726648313195	0.62463818753	0.512093334944	0.845310908652	0.514250976317	0.793105277912	0.598984461092	0.859841150314
AE6	0.610147699372	0.405671367811	2.40779488159	1.09741256162	0.714719753504	0.427155118415	0.983183523441	0.47444921218	0.633913934268	0.696900478492	0.672970362494	0.532367341711	0.444536065732	2.08129367811	0.553952788787	0.493011904302	0.601760029	0.621237090382	1.69661317545	1.2285798985	0.959924137264	0.668963136781	0.82339898985	0.708356292895	1.636950058	0.745798361527	0.657998496858	0.588105741904	0.753631662639	0.79245741421	0.809304818753	0.679486510391	0.609176505558	0.521830463992	0.849249304012	0.608153296278	0.62470980667	0.617927293378	0.401628371194	0.394314364427	0.0	1.32051713388	1.25290324795	0.580619656839	0.787481638473	0.721188061866	0.838395012083	0.675726031899	0.679199850169	0.619730072499	0.800300198163	0.773817143548	0.466036457226	0.440199565007	0.516638994683	0.430407641373	0.391875664572	0.759267631706	0.436779724505	0.624160067666	0.404685814403	0.684968361527
AF5	1.24188126631	1.14095133398	1.33150879652	0.56035518608	1.11848651522	1.31056747704	0.85974080232	1.23194603673	1.31369355244	0.954287549541	1.46257616723	1.18513131948	1.26125489125	1.01421394393	1.07213468826	1.20922853552	1.4193537506	1.45117840019	1.01980280812	0.700629154181	1.15338196713	1.16829647173	1.399380116	1.38204393427	1.45900563557	1.15555522475	1.35147310778	1.2606158289	0.938489666506	0.92674658289	1.46284685355	1.39682041566	1.24688071532	1.29797026583	1.55799884969	1.40256935718	1.58597558241	0.804131474142	1.49815720155	1.16742977767	1.32051713388	0.0	0.142063059449	0.922105838569	1.68414849686	1.62304260512	1.67979205897	1.64769434026	1.5552039246	1.58877124698	1.75530320928	1.72808065732	1.51561513775	1.54569141131	1.58730639439	1.52922643789	1.26518130498	1.67367261479	1.23495962301	1.62620232479	1.33802227163	1.66370280812
AF6	1.17528341711	1.07196993717	1.38997081199	0.523936399227	1.06219255196	1.24516713388	0.774489410343	1.16476925085	1.28483810053	0.881276457226	1.40355489609	1.12907783954	1.1983462059	1.07559196713	1.01668267762	1.14451310295	1.36275550507	1.39038912518	1.01035311745	0.667585920735	1.09215440309	1.10775722088	1.3426159449	1.31749108265	1.42911135331	1.09109108265	1.29065167231	1.19711363944	0.87884261479	0.861719782504	1.40922284679	1.33914737071	1.1985482697	1.22930108748	1.50290477042	1.34767951184	1.51284648139	0.725907486709	1.43745645239	1.10384502658	1.25290324795	0.142063059449	0.0	0.850012561624	1.61970879169	1.55608742388	1.61536792653	1.58870959884	1.48586817303	1.51775689705	1.68065436926	1.66073830353	1.44687448526	1.4790641276	1.52295096182	1.46183857419	1.19582802803	1.60126645239	1.16462057516	1.55295847269	1.27462282745	1.60274483325
AG5	0.724144804253	0.442667728371	2.05637077815	0.790808496858	0.610612411793	0.609706152731	0.721084262929	0.572169980667	0.772458453359	0.51562439826	0.853120497825	0.496812489125	0.582051333978	1.73351769454	0.475233760271	0.58650481392	0.812236080232	0.84104078782	1.49173337361	0.993555311745	0.730522595457	0.691187182214	0.944190275495	0.830220734654	1.41106576124	0.633162068632	0.79906680522	0.70849500725	0.568797071049	0.516527897535	0.98346979217	0.870623286612	0.709187336878	0.680534867086	0.98026857419	0.719757892702	0.836826341228	0.313022725955	0.808598332528	0.523709729338	0.580619656839	0.922105838569	0.850012561624	0.0	1.00731355244	0.943320236829	1.0265078637	0.997691865636	0.869769589174	0.886900855486	1.11300849686	1.0586902465	0.77943759304	0.811088714355	0.874054088932	0.781826099565	0.632429772837	0.984499739004	0.621662783954	0.928485505075	0.649474151764	1.00137624456
