	AA3	AA4	AB3	AB4	AC3	AC4	AD3	AD4	AE3	AE4	AF3	AF4	AG3	AG4	AH3	AH4	AA7	AA8	AB7	AB8	AC7	AC8	AD7	AD8	AE7	AE8	AF7	AF8	AG7	AG8	AH7	AH8	AA5	AA6	AB5	AB6	AC5	AC6	AD6	AE5	AE6	AF5	AF6	AG5	AH5	AH6	AA1	AA2	AB1	AB2	AC1	AC2	AD1	AD2	AE1	AE2	AF1	AF2	AG1	AG2	AH1	AH2
AA3	0.0	0.544113131948	2.24889985984	0.963189811503	0.855300715321	0.802074064766	0.872188917351	0.799374045433	0.910992353794	0.692250425326	0.984101561141	0.739155103915	0.747129632673	1.92397705655	0.776995959401	0.282788545191	0.795800865152	0.804981019816	1.41185811986	1.03910105365	0.804321082649	0.69523858869	0.928664137264	0.833466428226	1.34975355244	0.593042769454	0.793375621073	0.650835427743	0.730741836636	0.687588569357	0.762517602707	0.708117129048	0.900372701788	0.863900473659	1.03245802803	0.924771068149	0.912164731754	0.76028120348	0.750979859836	0.584445553407	0.580470758821	1.26480143548	1.16972065732	0.74555319478	1.14718975834	1.05458166747	0.960700212663	0.93294438376	0.919997747704	0.861227776704	1.09909807637	0.967260555824	0.649879154181	0.682759811503	0.778466331561	0.69186922668	0.565624504592	0.881979086515	0.510916433059	0.948291681972	0.637686660222	0.966817520541
AA4	0.544113131948	0.0	2.21796829386	0.890650628323	0.65685738521	0.59154878202	0.846437022716	0.478718313195	0.669362953117	0.546339081682	0.816732131464	0.436308525858	0.44355919768	1.90037144514	0.299794697922	0.3225080087	0.660041227646	0.657679207347	1.55817566941	1.09024960367	0.824776621556	0.652615964234	0.835590357661	0.758527235379	1.48755947318	0.592398443693	0.670488569357	0.576786539391	0.615884857419	0.678468535524	0.865369768004	0.658013489609	0.624001319478	0.625306945384	0.916856988884	0.72773218463	0.748210778154	0.469136384727	0.604833252779	0.532136114065	0.416572812953	1.17835124215	1.04180005317	0.439899337844	0.962582735621	0.871061227646	0.949338554857	0.824515563074	0.785110695988	0.756834016433	1.00089893185	0.888439748671	0.62044	0.631541807637	0.707110048333	0.650974654422	0.430974920251	0.827040734654	0.438395316578	0.847892846786	0.477278013533	0.845613890768
AB3	2.24889985984	2.21796829386	0.0	1.45789310295	2.1879599855	2.40479897052	1.92876347994	2.29046165781	2.32261206863	2.09545544708	2.51894368294	2.25555293378	2.33836889319	0.362747897535	2.1328537796	2.25588467376	2.46601582407	2.51574681489	1.2076958434	1.45373081199	1.97607663122	2.16454930401	2.43488014016	2.3763342146	1.90652367811	2.15914744321	2.38439513291	2.27979474625	1.87657121798	1.79029542774	2.44067631223	2.43374060416	2.29821734654	2.36920322378	2.53879402127	2.46980228613	2.6065180087	2.01725669406	2.52667254712	2.24928260996	2.37254339778	1.29269285645	1.41348531174	2.08942798937	2.73331098115	2.64448136298	2.65251479459	2.65455449976	2.54074086515	2.61157126148	2.7905119623	2.70557599807	2.5450757564	2.56669143548	2.62630870469	2.60096039633	2.3045380522	2.64943881102	2.29995117931	2.67608758821	2.37701150797	2.68926261962
AB4	0.963189811503	0.890650628323	1.45789310295	0.0	0.946899439343	1.08156750121	0.779325882069	1.03655255679	1.18174671822	0.802042711455	1.27647342194	0.958081909135	0.909149449009	1.12182745771	0.845995311745	0.917040734654	1.17934790237	1.22611387627	0.988230057999	0.52390080232	0.906632141131	0.938219990333	1.24139060416	1.11398325761	1.25189620106	0.890789758337	1.14920772354	1.01250130498	0.647536587724	0.587758806187	1.26041130981	1.16178142098	1.15508063799	1.15968018366	1.36415081682	1.23768884485	1.34880066216	0.792116814886	1.19345250362	0.923305775737	1.04823448043	0.639466839053	0.538987491542	0.82861579507	1.51885144031	1.41026636539	1.42124985017	1.38391482359	1.30294305462	1.31569131464	1.55511897535	1.4449121363	1.22317284195	1.26636917835	1.34968955051	1.29006009183	1.02753591107	1.37767556791	1.00258121798	1.40488838569	1.05610809087	1.40914102948
AC3	0.855300715321	0.65685738521	2.1879599855	0.946899439343	0.0	0.78946780087	0.842191527308	0.825891493475	1.00490276462	0.664985563074	1.10341824553	0.353415848236	0.824661483809	1.86864288545	0.674344533591	0.742851967134	1.0002658724	0.989787776704	1.44915672789	1.04291308845	1.05397691638	1.05022729821	1.27241671339	1.18809480909	1.31017977767	0.832340942484	1.09209768971	0.997582764621	0.907575311745	0.893901628806	1.18915826003	1.02057008217	1.01254612856	0.953796742388	0.809558134364	0.776950236829	0.99304540841	0.718072938618	0.890487660706	0.629397162881	0.719770072499	1.1880277187	1.05948162397	0.615573339778	1.22130884969	1.12681909618	0.878599081682	0.941072551957	0.787694335428	0.821679357177	1.1128920058	0.962452754954	0.758474987917	0.80678322378	0.887493842436	0.810866723055	0.843733832769	0.888818264862	0.824701904302	0.937657356211	0.893232904785	0.943276553891
AC4	0.802074064766	0.59154878202	2.40479897052	1.08156750121	0.78946780087	0.0	1.14079115998	0.385819845336	0.52829078782	0.828519231513	0.406735886902	0.496871691638	0.426130280329	2.08318728371	0.701835456742	0.680973987434	0.61624778637	0.590569845336	1.85821887385	1.37374237796	0.936863025616	0.667824272595	0.702091348478	0.632945461576	1.73387495408	0.778188733688	0.600263035283	0.571809250846	0.721940067666	0.844719772837	0.849110333494	0.612002194297	0.53430500725	0.417144407927	0.939171986467	0.7393699855	0.529504364427	0.641324296762	0.405145118415	0.811378999517	0.528515070082	1.38919233929	1.25488465926	0.588292885452	0.677526674722	0.563538806187	0.998272692122	0.814951865636	0.810568332528	0.756557104882	0.890263644273	0.896660932818	0.542090657322	0.589767631706	0.665888844853	0.624323252779	0.604544736588	0.862367776704	0.686957080715	0.810306152731	0.441886109232	0.806311527308
AD3	0.872188917351	0.846437022716	1.92876347994	0.779325882069	0.842191527308	1.14079115998	0.0	1.00252947801	1.26372347511	0.397541788304	1.36295480909	0.907812402127	1.06509324311	1.60194955051	0.82407959884	0.865802817786	1.20438941518	1.23342757854	1.32793334944	0.891291836636	0.863447225713	0.958447390043	1.31063823586	1.19447464959	1.23532221846	0.833697999033	1.17510442243	1.05680720638	0.86632679072	0.73888622523	1.16309970517	1.09916545674	1.21832698405	1.16339125665	1.16439403093	1.07440984534	1.23088518125	0.71520318028	1.13022511358	0.749739023683	0.917112532624	0.883069173514	0.801878371194	0.764011546641	1.43737036249	1.34523265346	1.33310561141	1.32845397777	1.17245244563	1.18661273079	1.50899340261	1.38269242146	1.15013384244	1.17094027066	1.25814291445	1.17300666989	0.965898506525	1.27686329628	0.92880438376	1.28593406477	1.0746438521	1.34466558724
AD4	0.799374045433	0.478718313195	2.29046165781	1.03655255679	0.825891493475	0.385819845336	1.00252947801	0.0	0.309168632189	0.666844499758	0.505503881102	0.581903107782	0.486846877719	1.96605324795	0.584400744321	0.628456645723	0.580436660222	0.553127535041	1.80807157564	1.31259623973	0.876287936201	0.574730497825	0.606454258096	0.535437283712	1.74239323345	0.756354543258	0.511701536974	0.453133291445	0.588200821653	0.775258699855	0.825026457226	0.600684562591	0.330157892702	0.349177892702	1.03561096182	0.815196336394	0.546368830353	0.51913542291	0.44712142581	0.776368376027	0.509325857902	1.25396773804	1.11362369261	0.506618298695	0.697562943451	0.586075355244	1.09053633639	0.897338419526	0.943573117448	0.88799260029	0.944453455776	0.992429642339	0.662386433059	0.660000149831	0.70173662639	0.700534059932	0.529615311745	0.970545128081	0.639132856452	0.916017907202	0.514665181247	0.888790154664
AE3	0.910992353794	0.669362953117	2.32261206863	1.18174671822	1.00490276462	0.52829078782	1.26372347511	0.309168632189	0.0	0.926885930401	0.390221058482	0.765318912518	0.600062092798	2.00757750121	0.736959768004	0.792206921218	0.569399289512	0.55620017883	1.95681248429	1.46590041566	0.987099091348	0.686731947801	0.478091222813	0.48448738521	1.90777567907	0.927941271145	0.485619507008	0.498548206863	0.719014248429	0.927661358144	0.913995766071	0.707227733204	0.22310699855	0.353820898985	1.18779657806	0.987007162881	0.572525263412	0.719745862736	0.583912609956	0.994742160464	0.694869357177	1.33651287095	1.21100360561	0.691585993233	0.74450441276	0.635319560174	1.24768070565	1.05000702272	1.11764024166	1.05589513291	1.08457253746	1.14764286612	0.817396118898	0.824742556791	0.85420320928	0.863545775737	0.677364214596	1.13237905752	0.797178859352	1.07319345094	0.610478337361	1.03766081682
AE4	0.692250425326	0.546339081682	2.09545544708	0.802042711455	0.664985563074	0.828519231513	0.397541788304	0.666844499758	0.926885930401	0.0	1.04397745771	0.625556568391	0.765242725955	1.77034873852	0.54896419043	0.576889072015	0.88020260029	0.912055398743	1.46718499758	0.99151738521	0.763680691155	0.739394088932	0.994194717255	0.887120507492	1.33865280329	0.578504823586	0.855976099565	0.735857694538	0.621439424843	0.60910879652	0.962827254712	0.802585485742	0.888121599807	0.851549429676	0.968252513291	0.851108018366	0.930236288062	0.479602445626	0.818777873369	0.514447008217	0.602506162397	1.0240879072	0.870447670372	0.504067728371	1.15492462059	1.05989577574	1.06567716288	1.05367137748	0.934403165781	0.953965519575	1.23346368777	1.10429358144	0.892298124698	0.878874905752	0.970259366844	0.909019371677	0.673940314161	1.01267029483	0.6436740116	1.04817810536	0.761447003383	1.06785330111
AF3	0.984101561141	0.816732131464	2.51894368294	1.27647342194	1.10341824553	0.406735886902	1.36295480909	0.505503881102	0.390221058482	1.04397745771	0.0	0.817089975834	0.656729270179	2.2019581247	0.930965804737	0.899693653939	0.535089840503	0.502733987434	2.04891600773	1.559630116	1.07934921701	0.807237868536	0.407977984534	0.42869337361	1.98243431126	1.00504368294	0.512090260996	0.622834630256	0.847894552924	1.02450478492	0.863640343161	0.698784055099	0.442411256646	0.452060140164	1.15102224746	0.995593702272	0.453841285645	0.840114934751	0.491262484292	1.04034974384	0.745316795553	1.52872907685	1.39854295312	0.815544238763	0.651274451426	0.537626814886	1.19391231996	0.989116520058	1.11130300145	0.990363054616	1.02446055582	1.06673653939	0.76212638956	0.741409753504	0.807014282262	0.78700118898	0.81425301595	1.04760518125	0.914631739971	1.0132018173	0.609938293862	0.974076771387
AF4	0.739155103915	0.436308525858	2.25555293378	0.958081909135	0.353415848236	0.496871691638	0.907812402127	0.581903107782	0.765318912518	0.625556568391	0.817089975834	0.0	0.569771435476	1.93408572257	0.513446046399	0.569157965201	0.8135939971	0.797813794103	1.60371419043	1.12507513291	0.906113025616	0.811604325761	1.03156064282	0.948306220396	1.46472054616	0.667042368294	0.853969381344	0.765626288062	0.740290821653	0.757565103915	1.01316012083	0.826177559207	0.7691079797	0.704155026583	0.773242083132	0.597265418076	0.77497762204	0.555168100532	0.678558018366	0.585422783954	0.55354120348	1.21272391493	1.07535053166	0.455381503142	0.952960734654	0.851738559691	0.826082904785	0.761371406477	0.64565979217	0.666612663122	0.941535577574	0.821599168681	0.585763943934	0.627397631706	0.725752203963	0.643429482842	0.654188646689	0.740524949251	0.654798419526	0.779879855002	0.660490038666	0.777168806187
AG3	0.747129632673	0.44355919768	2.33836889319	0.909149449009	0.824661483809	0.426130280329	1.06509324311	0.486846877719	0.600062092798	0.765242725955	0.656729270179	0.569771435476	0.0	2.00208027066	0.505024548091	0.573807689705	0.560751996133	0.557326563557	1.76214186564	1.27516802803	0.922626491058	0.65042142581	0.738179869502	0.677776292895	1.64075296762	0.706954142098	0.589331846303	0.555425959401	0.68966017883	0.796158540358	0.828454262929	0.629081261479	0.576861116481	0.528809574674	0.96317680522	0.776742025133	0.684571464476	0.618581159981	0.520003122281	0.734541759304	0.483251159981	1.3271818463	1.19377488159	0.570285978734	0.861858144031	0.761407974867	0.956210676655	0.759941894635	0.815429362011	0.762876800387	0.928421474142	0.856068970517	0.541860657322	0.577011155147	0.663812890285	0.603946901885	0.475116109232	0.844507124215	0.538385514741	0.811700251329	0.412126616723	0.779405055582
AG4	1.92397705655	1.90037144514	0.362747897535	1.12182745771	1.86864288545	2.08318728371	1.60194955051	1.96605324795	2.00757750121	1.77034873852	2.2019581247	1.93408572257	2.00208027066	0.0	1.82258906235	1.93319201063	2.15397301112	2.19884288062	0.97097421943	1.14154252779	1.66040526341	1.84746133881	2.12200801837	2.05987912518	1.66348550507	1.84413970034	2.06577726921	1.95955671822	1.56270905268	1.47027401643	2.14045467859	2.11677202997	1.9836842291	2.04501407927	2.22458953601	2.15049766554	2.28581445143	1.69434728855	2.20405511841	1.92406727888	2.04740478975	0.971495244079	1.09728450942	1.76987654422	2.4092298985	2.32034022233	2.33001573224	2.33378300628	2.21720525375	2.28539956501	2.47096343644	2.38435528275	2.2200621943	2.24309214113	2.30817867086	2.27815500242	1.98434179314	2.327860116	1.97908545674	2.35071861769	2.05629897052	2.36962465926
AH3	0.776995959401	0.299794697922	2.1328537796	0.845995311745	0.674344533591	0.701835456742	0.82407959884	0.584400744321	0.736959768004	0.54896419043	0.930965804737	0.513446046399	0.505024548091	1.82258906235	0.0	0.562296413726	0.785931614306	0.804997143548	1.56048145481	1.09544146931	0.875036993717	0.767628371194	0.944051261479	0.879889724505	1.47253739971	0.699181048816	0.796798211696	0.73284522958	0.663374925085	0.709099231513	1.01546153697	0.82142561624	0.69154099565	0.721800425326	0.980501836636	0.788256587724	0.873522295795	0.483043368777	0.749280584824	0.629490454326	0.578529946834	1.09632680039	0.941770024166	0.4535619913	1.09125220396	0.997173383277	1.01199647173	0.888115277912	0.854063885935	0.854686104398	1.07063135814	0.97675041566	0.76832219913	0.786496708555	0.83628719188	0.809346220396	0.585349637506	0.917788540358	0.587695234413	0.939708898018	0.64967560174	0.917322266796
AH4	0.282788545191	0.3225080087	2.25588467376	0.917040734654	0.742851967134	0.680973987434	0.865802817786	0.628456645723	0.792206921218	0.576889072015	0.899693653939	0.569157965201	0.573807689705	1.93319201063	0.562296413726	0.0	0.689927757371	0.702461822136	1.4772738376	1.06517866602	0.843683914935	0.680726834219	0.849948081199	0.757200067666	1.40348637023	0.552885911068	0.693274973417	0.589092083132	0.668360260996	0.695808762687	0.79881338811	0.618209086515	0.772821401643	0.740486640889	0.948067955534	0.800810256162	0.816785118415	0.613501261479	0.654392348961	0.486526094732	0.444629569841	1.24267874819	1.10952159497	0.605729888835	1.04347677622	0.960499492508	0.887019874335	0.814591962301	0.816925741904	0.747306500725	0.98936699855	0.862020130498	0.587167042049	0.606975132914	0.692153291445	0.612645495408	0.409794325761	0.786578999517	0.375964117931	0.84142662639	0.530869038183	0.831936476559
AA7	0.795800865152	0.660041227646	2.46601582407	1.17934790237	1.0002658724	0.61624778637	1.20438941518	0.580436660222	0.569399289512	0.88020260029	0.535089840503	0.8135939971	0.560751996133	2.15397301112	0.785931614306	0.689927757371	0.0	0.144384707588	1.80966988884	1.33379951184	0.980468298695	0.649198438859	0.463759975834	0.430371633639	1.74233727888	0.81712780087	0.357729642339	0.423773151281	0.769755306912	0.905987443209	0.616281889802	0.396068801353	0.528021773804	0.55578881102	1.16463099565	1.0346802755	0.52989142581	0.818423257612	0.512834886419	0.90009261479	0.663887322378	1.47702426293	1.34748302078	0.82931918318	0.783441778637	0.675844939584	1.10820794103	0.914167452876	1.07443536491	0.948000270662	0.939548666022	0.97424240696	0.682733339778	0.671538666022	0.708665901402	0.694315959401	0.534152029966	0.970881459642	0.595743929435	0.980115041083	0.477536428226	0.892599188014
AA8	0.804981019816	0.657679207347	2.51574681489	1.22611387627	0.989787776704	0.590569845336	1.23342757854	0.553127535041	0.55620017883	0.912055398743	0.502733987434	0.797813794103	0.557326563557	2.19884288062	0.804997143548	0.702461822136	0.144384707588	0.0	1.84241235379	1.35299038666	0.975112155631	0.645254601257	0.473495867569	0.446039859836	1.756889913	0.826167472209	0.364708753021	0.42975080232	0.777786346061	0.919339932334	0.610097655872	0.37329522958	0.514151913968	0.531122508458	1.13500650072	1.01276875302	0.473373736104	0.81614359594	0.485136964717	0.891152063799	0.642654320928	1.53301695505	1.39525357661	0.82004117448	0.714522687289	0.609964156597	1.09860674239	0.898445906235	1.0588177912	0.932736452392	0.911767274045	0.960139294345	0.652759787337	0.643868767521	0.675402817786	0.656325442243	0.564669313678	0.963220057999	0.640501348478	0.958776848719	0.454039434509	0.873536549058
AB7	1.41185811986	1.55817566941	1.2076958434	0.988230057999	1.44915672789	1.85821887385	1.32793334944	1.80807157564	1.95681248429	1.46718499758	2.04891600773	1.60371419043	1.76214186564	0.97097421943	1.56048145481	1.4772738376	1.80966988884	1.84241235379	0.0	0.54732878202	1.50821598357	1.60927458192	1.97633477525	1.86907839053	1.06866114548	1.45225834703	1.83677083132	1.69205356694	1.34996157081	1.17151933301	1.72770485742	1.73166718705	1.90826466409	1.90674742871	1.85775810053	1.82542073949	1.96643834703	1.50282994683	1.8745482842	1.43199810536	1.64266820203	1.00823948768	1.040490087	1.5366818608	2.18658938618	2.10536961817	1.88967807153	1.92880465926	1.83903807153	1.85086567424	2.07458646206	1.95489551474	1.78232521025	1.79430087965	1.84743966651	1.8188339391	1.6480342146	1.89235359111	1.58338928468	1.91958293862	1.75262666506	1.9515262929
AB8	1.03910105365	1.09024960367	1.45373081199	0.52390080232	1.04291308845	1.37374237796	0.891291836636	1.31259623973	1.46590041566	0.99151738521	1.559630116	1.12507513291	1.27516802803	1.14154252779	1.09544146931	1.06517866602	1.33379951184	1.35299038666	0.54732878202	0.0	1.04437632673	1.12634751087	1.47141471242	1.36685684872	1.0864379507	0.98812438376	1.33552104398	1.19455676172	0.846069415176	0.706650811986	1.2739357854	1.24536223296	1.41954485259	1.41100732721	1.43840589657	1.37277663606	1.49501373127	1.01651350894	1.38543688255	1.03008075882	1.19580016433	0.726654775254	0.697388632189	1.0527158724	1.70636056549	1.60970921701	1.53907884002	1.5313797245	1.40469904302	1.42029915418	1.67717699372	1.56422459642	1.37275044466	1.38170751571	1.44996522958	1.41623751087	1.17561516675	1.4925481537	1.15608932818	1.50573892218	1.26015878202	1.55413786854
AC7	0.804321082649	0.824776621556	1.97607663122	0.906632141131	1.05397691638	0.936863025616	0.863447225713	0.876287936201	0.987099091348	0.763680691155	1.07934921701	0.906113025616	0.922626491058	1.66040526341	0.875036993717	0.843683914935	0.980468298695	0.975112155631	1.50821598357	1.04437632673	0.0	0.442987549541	0.988481266312	0.88654240696	1.39914806187	0.689469275012	0.925136036733	0.773195940068	0.572412634123	0.546152957951	0.872502290962	0.800460744321	0.940528119865	0.93266041566	1.22789136781	1.12931158047	1.11387903818	0.759223020783	0.994730241663	0.929200720155	0.918856510391	1.163150058	1.09606382794	0.749760560657	1.11022250846	1.03939035766	1.43398630256	1.39093072499	1.22449327211	1.23426794103	1.55195836636	1.45348720638	1.08143899952	1.14879795553	1.24812474625	1.15675903818	0.902721005317	1.36853339294	0.894113214113	1.33038993233	0.856765538908	1.41186668439
AC8	0.69523858869	0.652615964234	2.16454930401	0.938219990333	1.05022729821	0.667824272595	0.958447390043	0.574730497825	0.686731947801	0.739394088932	0.807237868536	0.811604325761	0.65042142581	1.84746133881	0.767628371194	0.680726834219	0.649198438859	0.645254601257	1.60927458192	1.12634751087	0.442987549541	0.0	0.661964746254	0.572194113098	1.52357738038	0.623982875785	0.519341111648	0.391430381827	0.468875505075	0.588694156597	0.632099913001	0.507581391977	0.617368844853	0.64154497825	1.14231819236	0.943884156597	0.815299753504	0.662305756404	0.706449023683	0.839859221846	0.695136993717	1.20386828903	1.09810751087	0.684622716288	0.90346419043	0.813939163847	1.31548653456	1.13284947801	1.08906343161	1.02729094732	1.26113778637	1.21221548091	0.818259743838	0.863410299662	0.954466370227	0.879040468826	0.572115611406	1.17127714355	0.636944282262	1.07052876269	0.565983557274	1.12752434509
AD7	0.928664137264	0.835590357661	2.43488014016	1.24139060416	1.27241671339	0.702091348478	1.31063823586	0.606454258096	0.478091222813	0.994194717255	0.407977984534	1.03156064282	0.738179869502	2.12200801837	0.944051261479	0.849948081199	0.463759975834	0.473495867569	1.97633477525	1.47141471242	0.988481266312	0.661964746254	0.0	0.208624794587	1.917080116	0.895681822136	0.375611329145	0.487771338811	0.756452266796	0.942167100048	0.744407849203	0.589571648139	0.46899338811	0.544715292412	1.31812927985	1.15693512808	0.611634610923	0.855081570807	0.662426143064	1.07000299178	0.838555195747	1.46044202513	1.32201386177	0.907868148864	0.761176022233	0.663590850652	1.34626651522	1.14605161431	1.2766037506	1.16799123731	1.16116723055	1.22917330594	0.914652735621	0.880472155631	0.91718500725	0.918139908168	0.708562948284	1.21565283229	0.803442503625	1.18610348478	0.62184337361	1.12885823586
AD8	0.833466428226	0.758527235379	2.3763342146	1.11398325761	1.18809480909	0.632945461576	1.19447464959	0.535437283712	0.48448738521	0.887120507492	0.42869337361	0.948306220396	0.677776292895	2.05987912518	0.879889724505	0.757200067666	0.430371633639	0.446039859836	1.86907839053	1.36685684872	0.88654240696	0.572194113098	0.208624794587	0.0	1.77322149831	0.761663475109	0.340657264379	0.407782716288	0.633602783954	0.810621145481	0.670135746738	0.514776346061	0.482329531174	0.526025751571	1.28044791687	1.1040882552	0.58410640406	0.790726752054	0.61176479942	0.98979057999	0.76841380377	1.39595046399	1.26559162881	0.836959255679	0.753196176897	0.646652977284	1.28637644273	1.08847607057	1.21249446109	1.10184755437	1.11639733204	1.17518912035	0.855444016433	0.838546829386	0.876458675689	0.872575538908	0.667246863219	1.15624855002	0.73472160464	1.12445803287	0.567274084099	1.0732659884
AE7	1.34975355244	1.48755947318	1.90652367811	1.25189620106	1.31017977767	1.73387495408	1.23532221846	1.74239323345	1.90777567907	1.33865280329	1.98243431126	1.46472054616	1.64075296762	1.66348550507	1.47253739971	1.40348637023	1.74233727888	1.756889913	1.06866114548	1.0864379507	1.39914806187	1.52357738038	1.917080116	1.77322149831	0.0	1.0421080377	1.78640255196	1.63188504592	1.35271611406	1.28220661672	1.57040859352	1.5868757564	1.87075851136	1.8383260029	1.68689944901	1.69744758821	1.87446476075	1.49585864186	1.79034828903	1.31541514258	1.57458376994	1.46725428226	1.44762504592	1.46259703238	2.04298992267	1.95730143548	1.71135474142	1.79440147414	1.6447218173	1.6692241131	1.98171154181	1.80382597873	1.65776266312	1.67655824553	1.75002173997	1.66875410826	1.60202082165	1.73840546641	1.51647240213	1.76973360561	1.66103644273	1.82640962301
AE8	0.593042769454	0.592398443693	2.15914744321	0.890789758337	0.832340942484	0.778188733688	0.833697999033	0.756354543258	0.927941271145	0.578504823586	1.00504368294	0.667042368294	0.706954142098	1.84413970034	0.699181048816	0.552885911068	0.81712780087	0.826167472209	1.45225834703	0.98812438376	0.689469275012	0.623982875785	0.895681822136	0.761663475109	1.0421080377	0.0	0.80301	0.657258429193	0.603685427743	0.577832701788	0.761651691638	0.67592117448	0.885803765104	0.851833682939	1.03326917835	0.909106993717	0.910787211213	0.668045190913	0.845320705655	0.628790720155	0.652559753504	1.19969288545	1.07840490575	0.643569516675	1.10831311745	1.0214298695	1.11332222813	1.06082514258	0.945213093282	0.934002010633	1.23477650556	1.12759682939	0.848876500725	0.848779661672	0.938285621073	0.889947936201	0.694771652972	1.05572326728	0.659826868052	1.03067390043	0.702550637989	1.08519403577
AF7	0.793375621073	0.670488569357	2.38439513291	1.14920772354	1.09209768971	0.600263035283	1.17510442243	0.511701536974	0.485619507008	0.855976099565	0.512090260996	0.853969381344	0.589331846303	2.06577726921	0.796798211696	0.693274973417	0.357729642339	0.364708753021	1.83677083132	1.33552104398	0.925136036733	0.519341111648	0.375611329145	0.340657264379	1.78640255196	0.80301	0.0	0.265055621073	0.680471251812	0.82141982117	0.664917747704	0.495601507975	0.441749260512	0.489079101015	1.13251430643	0.975012953117	0.519054688255	0.739704538424	0.551197143548	0.910192368294	0.650423634606	1.41502958434	1.27101115515	0.782476201063	0.748292735621	0.648018322861	1.19166850652	1.00123891252	1.08501975834	1.00127768487	1.0267182117	1.081410029	0.751053131948	0.750773953601	0.806527617206	0.792179966167	0.530823344611	1.05203456259	0.635727472209	1.02901180764	0.466412276462	0.98932358144
AF8	0.650835427743	0.576786539391	2.27979474625	1.01250130498	0.997582764621	0.571809250846	1.05680720638	0.453133291445	0.498548206863	0.735857694538	0.622834630256	0.765626288062	0.555425959401	1.95955671822	0.73284522958	0.589092083132	0.423773151281	0.42975080232	1.69205356694	1.19455676172	0.773195940068	0.391430381827	0.487771338811	0.407782716288	1.63188504592	0.657258429193	0.265055621073	0.0	0.56466160464	0.698783832769	0.640889192847	0.445923160947	0.464511909135	0.497912025133	1.10294455292	0.932951851136	0.598527506042	0.661638090865	0.532539937168	0.813442556791	0.600508864186	1.30283721121	1.16330982117	0.697576578057	0.826268356694	0.722892368294	1.15451375544	0.964847003383	1.0314722088	0.965216138231	1.00120690188	1.051810232	0.721401522475	0.740926568391	0.799657912035	0.767614958917	0.476630671822	1.02383365394	0.553933117448	1.00291266796	0.435572933784	0.950491440309
AG7	0.730741836636	0.615884857419	1.87657121798	0.647536587724	0.907575311745	0.721940067666	0.86632679072	0.588200821653	0.719014248429	0.621439424843	0.847894552924	0.740290821653	0.68966017883	1.56270905268	0.663374925085	0.668360260996	0.769755306912	0.777786346061	1.34996157081	0.846069415176	0.572412634123	0.468875505075	0.756452266796	0.633602783954	1.35271611406	0.603685427743	0.680471251812	0.56466160464	0.0	0.256725205413	0.802338675689	0.690304117931	0.680797738038	0.735768042533	1.21270080232	1.00006976317	0.904018931851	0.477047612373	0.810551884969	0.802005650072	0.701025790237	0.975644161431	0.839173968101	0.505797409377	1.06698919768	0.956785060416	1.3048861189	1.13183168197	1.15951605607	1.09905289029	1.29092864186	1.2096859884	0.919892348961	0.91066739971	0.999576413726	0.973551266312	0.678419835669	1.18128358144	0.692710391493	1.15754179314	0.695533687772	1.15413033833
AG8	0.687588569357	0.678468535524	1.79029542774	0.587758806187	0.893901628806	0.844719772837	0.73888622523	0.775258699855	0.927661358144	0.60910879652	1.02450478492	0.757565103915	0.796158540358	1.47027401643	0.709099231513	0.695808762687	0.905987443209	0.919339932334	1.17151933301	0.706650811986	0.546152957951	0.588694156597	0.942167100048	0.810621145481	1.28220661672	0.577832701788	0.82141982117	0.698783832769	0.256725205413	0.0	0.892946607057	0.828124983084	0.884473325278	0.882469961334	1.18899489125	1.05194462542	1.04223551474	0.526018501692	0.934079874335	0.766415418076	0.78572897535	0.91563980667	0.822730599323	0.577771101982	1.20199995167	1.10507219913	1.29869739488	1.23981358144	1.16181485259	1.16865957467	1.40101451426	1.31138850652	1.01422686322	1.00285453842	1.10191904785	1.06410509425	0.780355886902	1.23599250846	0.779079105848	1.25725769937	0.79341237796	1.25914778154
AH7	0.762517602707	0.865369768004	2.44067631223	1.26041130981	1.18915826003	0.849110333494	1.16309970517	0.825026457226	0.913995766071	0.962827254712	0.863640343161	1.01316012083	0.828454262929	2.14045467859	1.01546153697	0.79881338811	0.616281889802	0.610097655872	1.72770485742	1.2739357854	0.872502290962	0.632099913001	0.744407849203	0.670135746738	1.57040859352	0.761651691638	0.664917747704	0.640889192847	0.802338675689	0.892946607057	0.0	0.325600173997	0.906139816336	0.890372846786	1.14198552924	1.04498166264	0.77623937651	0.94657282262	0.762601329145	0.97631578057	0.81295139681	1.50081897052	1.39296182697	0.964134528758	0.965106027066	0.90047320928	1.26044277429	1.08466050749	1.15893033349	1.00712045916	1.17167858869	1.15080712905	0.835229681005	0.813499386177	0.855016645723	0.836984229096	0.757096732721	1.13495878685	0.783404523925	1.03976075882	0.689542938618	1.07582677139
AH8	0.708117129048	0.658013489609	2.43374060416	1.16178142098	1.02057008217	0.612002194297	1.09916545674	0.600684562591	0.707227733204	0.802585485742	0.698784055099	0.826177559207	0.629081261479	2.11677202997	0.82142561624	0.618209086515	0.396068801353	0.37329522958	1.73166718705	1.24536223296	0.800460744321	0.507581391977	0.589571648139	0.514776346061	1.5868757564	0.67592117448	0.495601507975	0.445923160947	0.690304117931	0.828124983084	0.325600173997	0.0	0.691616230063	0.651711870469	1.05818838086	0.921487104882	0.618318719188	0.788311788304	0.543941570807	0.827974929918	0.642664021266	1.45318889802	1.31814332528	0.795774470759	0.793862663122	0.715624209763	1.12309911068	0.942026094732	1.00511542774	0.859681551474	0.998138366361	1.01177935718	0.656555674239	0.671304296762	0.715794809087	0.678926007733	0.565823421943	0.987654088932	0.611177042049	0.901813006283	0.483383721605	0.921794417593
AA5	0.900372701788	0.624001319478	2.29821734654	1.15508063799	1.01254612856	0.53430500725	1.21832698405	0.330157892702	0.22310699855	0.888121599807	0.442411256646	0.7691079797	0.576861116481	1.9836842291	0.69154099565	0.772821401643	0.528021773804	0.514151913968	1.90826466409	1.41954485259	0.940528119865	0.617368844853	0.46899338811	0.482329531174	1.87075851136	0.885803765104	0.441749260512	0.464511909135	0.680797738038	0.884473325278	0.906139816336	0.691616230063	0.0	0.270499188014	1.18566115031	0.961488564524	0.587938535524	0.640184335428	0.598155645239	0.931341116481	0.650719410343	1.27226413243	1.15032892218	0.639632508458	0.745932735621	0.62438178347	1.26213085549	1.0742398695	1.11017558241	1.06276355244	1.10572303528	1.16529411793	0.816026839053	0.832984161431	0.860126930884	0.869611043983	0.597320840986	1.14436730304	0.72361421943	1.08822025616	0.587318685355	1.05798544708
AA6	0.863900473659	0.625306945384	2.36920322378	1.15968018366	0.953796742388	0.417144407927	1.16339125665	0.349177892702	0.353820898985	0.851549429676	0.452060140164	0.704155026583	0.528809574674	2.04501407927	0.721800425326	0.740486640889	0.55578881102	0.531122508458	1.90674742871	1.41100732721	0.93266041566	0.64154497825	0.544715292412	0.526025751571	1.8383260029	0.851833682939	0.489079101015	0.497912025133	0.735768042533	0.882469961334	0.890372846786	0.651711870469	0.270499188014	0.0	1.0331422813	0.821562455292	0.497313102948	0.623465118415	0.473888656356	0.888743262446	0.57644838086	1.33851408893	1.20763315611	0.614046466892	0.558859057516	0.449530618656	1.12796057032	0.952569352344	0.956040550991	0.892174378927	0.98479482842	1.02781012566	0.668373334944	0.700261029483	0.735667916868	0.718027738038	0.595301014983	0.99194922668	0.718028632189	0.923529217013	0.520977747704	0.935975596907
AB5	1.03245802803	0.916856988884	2.53879402127	1.36415081682	0.809558134364	0.939171986467	1.16439403093	1.03561096182	1.18779657806	0.968252513291	1.15102224746	0.773242083132	0.96317680522	2.22458953601	0.980501836636	0.948067955534	1.16463099565	1.13500650072	1.85775810053	1.43840589657	1.22789136781	1.14231819236	1.31812927985	1.28044791687	1.68689944901	1.03326917835	1.13251430643	1.10294455292	1.21270080232	1.18899489125	1.14198552924	1.05818838086	1.18566115031	1.0331422813	0.0	0.385762619623	0.937666355727	1.0043241711	0.922853711938	0.865170463992	0.825711435476	1.57964300145	1.45238736588	0.944262464959	0.961600101498	0.929572735621	0.805353359111	0.879831208313	0.703192402127	0.693353972934	1.04226131464	0.891309932334	0.777495964234	0.855144335428	0.889830874819	0.841051614306	0.991763615273	0.802517491542	0.988642658289	0.79748239246	0.9752520058	0.887418313195
AB6	0.924771068149	0.72773218463	2.46980228613	1.23768884485	0.776950236829	0.7393699855	1.07440984534	0.815196336394	0.987007162881	0.851108018366	0.995593702272	0.597265418076	0.776742025133	2.15049766554	0.788256587724	0.800810256162	1.0346802755	1.01276875302	1.82542073949	1.37277663606	1.12931158047	0.943884156597	1.15693512808	1.1040882552	1.69744758821	0.909106993717	0.975012953117	0.932951851136	1.00006976317	1.05194462542	1.04498166264	0.921487104882	0.961488564524	0.821562455292	0.385762619623	0.0	0.804355103915	0.781730966651	0.786761657806	0.789775558241	0.676190420493	1.47701332528	1.32618500725	0.70701618173	0.797953160947	0.785566636056	0.745740570324	0.68527619623	0.540104417593	0.488488608023	0.858697641373	0.7171639971	0.638562015466	0.744196689222	0.772855959401	0.727783446109	0.809699381344	0.633471981634	0.811478927018	0.589577694538	0.832219304012	0.700409893668
AC5	0.912164731754	0.748210778154	2.6065180087	1.34880066216	0.99304540841	0.529504364427	1.23088518125	0.546368830353	0.572525263412	0.930236288062	0.453841285645	0.77497762204	0.684571464476	2.28581445143	0.873522295795	0.816785118415	0.52989142581	0.473373736104	1.96643834703	1.49501373127	1.11387903818	0.815299753504	0.611634610923	0.58410640406	1.87446476075	0.910787211213	0.519054688255	0.598527506042	0.904018931851	1.04223551474	0.77623937651	0.618318719188	0.587938535524	0.497313102948	0.937666355727	0.804355103915	0.0	0.752888013533	0.404918598357	0.912819671339	0.625577288545	1.61062583857	1.466209884	0.759764499758	0.519334654422	0.429176471725	1.00243618656	0.799368303528	0.929781464476	0.790887008217	0.81062698405	0.853720241663	0.580667868536	0.570929028516	0.598217704205	0.573640454326	0.706837694538	0.867402387627	0.790276921218	0.800127539874	0.571351208313	0.77915980667
AC6	0.76028120348	0.469136384727	2.01725669406	0.792116814886	0.718072938618	0.641324296762	0.71520318028	0.51913542291	0.719745862736	0.479602445626	0.840114934751	0.555168100532	0.618581159981	1.69434728855	0.483043368777	0.613501261479	0.818423257612	0.81614359594	1.50282994683	1.01651350894	0.759223020783	0.662305756404	0.855081570807	0.790726752054	1.49585864186	0.668045190913	0.739704538424	0.661638090865	0.477047612373	0.526018501692	0.94657282262	0.788311788304	0.640184335428	0.623465118415	1.0043241711	0.781730966651	0.752888013533	0.0	0.717740096665	0.617150091832	0.528581184147	0.899607887869	0.753095045916	0.264309574674	0.977956868052	0.878284514258	1.09722329145	1.0100180667	0.932385427743	0.926319362011	1.15605750121	1.07400321895	0.792680357661	0.814537699372	0.916730154664	0.855292489125	0.605457849203	0.99812179797	0.639527718705	1.00503294345	0.624586674722	1.03542965684
AD6	0.750979859836	0.604833252779	2.52667254712	1.19345250362	0.890487660706	0.405145118415	1.13022511358	0.44712142581	0.583912609956	0.818777873369	0.491262484292	0.678558018366	0.520003122281	2.20405511841	0.749280584824	0.654392348961	0.512834886419	0.485136964717	1.8745482842	1.38543688255	0.994730241663	0.706449023683	0.662426143064	0.61176479942	1.79034828903	0.845320705655	0.551197143548	0.532539937168	0.810551884969	0.934079874335	0.762601329145	0.543941570807	0.598155645239	0.473888656356	0.922853711938	0.786761657806	0.404918598357	0.717740096665	0.0	0.766743392943	0.409057945868	1.51733288545	1.37786257612	0.707844374094	0.652319971	0.535858791687	0.895439714838	0.710140753987	0.843058777187	0.703291667472	0.761001097148	0.791403470275	0.46595300145	0.466183479942	0.540233305945	0.50280218463	0.534838264862	0.757751696472	0.627488714355	0.723409463509	0.382359308845	0.701846573224
AE5	0.584445553407	0.532136114065	2.24928260996	0.923305775737	0.629397162881	0.811378999517	0.749739023683	0.776368376027	0.994742160464	0.514447008217	1.04034974384	0.585422783954	0.734541759304	1.92406727888	0.629490454326	0.486526094732	0.90009261479	0.891152063799	1.43199810536	1.03008075882	0.929200720155	0.839859221846	1.07000299178	0.98979057999	1.31541514258	0.628790720155	0.910192368294	0.813442556791	0.802005650072	0.766415418076	0.97631578057	0.827974929918	0.931341116481	0.888743262446	0.865170463992	0.789775558241	0.912819671339	0.617150091832	0.766743392943	0.0	0.421250019333	1.1714080522	1.04059881585	0.604086114065	1.17276747221	1.0922217303	0.927225563074	0.921954905752	0.844936321895	0.789348255196	1.10144947801	0.958929782504	0.680969521508	0.711522870952	0.833151759304	0.713534345094	0.597735993233	0.877951860802	0.567074987917	0.873770497825	0.702529043016	0.935676578057
AE6	0.580470758821	0.416572812953	2.37254339778	1.04823448043	0.719770072499	0.528515070082	0.917112532624	0.509325857902	0.694869357177	0.602506162397	0.745316795553	0.55354120348	0.483251159981	2.04740478975	0.578529946834	0.444629569841	0.663887322378	0.642654320928	1.64266820203	1.19580016433	0.918856510391	0.695136993717	0.838555195747	0.76841380377	1.57458376994	0.652559753504	0.650423634606	0.600508864186	0.701025790237	0.78572897535	0.81295139681	0.642664021266	0.650719410343	0.57644838086	0.825711435476	0.676190420493	0.625577288545	0.528581184147	0.409057945868	0.421250019333	0.0	1.32326255679	1.1853297535	0.502016897052	0.861049323345	0.777266288062	0.851133049783	0.717587332044	0.730317757371	0.635633615273	0.877430227163	0.778016495892	0.469838042533	0.474004142098	0.592134161431	0.515242566457	0.420790555824	0.725870473659	0.437906766554	0.694830647656	0.442549734171	0.746428414693
AF5	1.26480143548	1.17835124215	1.29269285645	0.639466839053	1.1880277187	1.38919233929	0.883069173514	1.25396773804	1.33651287095	1.0240879072	1.52872907685	1.21272391493	1.3271818463	0.971495244079	1.09632680039	1.24267874819	1.47702426293	1.53301695505	1.00823948768	0.726654775254	1.163150058	1.20386828903	1.46044202513	1.39595046399	1.46725428226	1.19969288545	1.41502958434	1.30283721121	0.975644161431	0.91563980667	1.50081897052	1.45318889802	1.27226413243	1.33851408893	1.57964300145	1.47701332528	1.61062583857	0.899607887869	1.51733288545	1.1714080522	1.32326255679	0.0	0.219083948768	0.999617984534	1.74533325278	1.65197736104	1.71086277912	1.68528089899	1.59704164814	1.63287184147	1.83407198163	1.76743188014	1.53449322378	1.57523941034	1.6475999855	1.60520731754	1.27714308845	1.69354371194	1.27682564041	1.70759128081	1.38238839536	1.70923431609
AF6	1.16972065732	1.04180005317	1.41348531174	0.538987491542	1.05948162397	1.25488465926	0.801878371194	1.11362369261	1.21100360561	0.870447670372	1.39854295312	1.07535053166	1.19377488159	1.09728450942	0.941770024166	1.10952159497	1.34748302078	1.39525357661	1.040490087	0.697388632189	1.09606382794	1.09810751087	1.32201386177	1.26559162881	1.44762504592	1.07840490575	1.27101115515	1.16330982117	0.839173968101	0.822730599323	1.39296182697	1.31814332528	1.15032892218	1.20763315611	1.45238736588	1.32618500725	1.466209884	0.753095045916	1.37786257612	1.04059881585	1.1853297535	0.219083948768	0.0	0.85951460609	1.60265055099	1.51065684389	1.57855779604	1.53252963267	1.45377922668	1.48625927018	1.67854660222	1.62074234413	1.39889668922	1.43339106332	1.50739068149	1.46835371194	1.13678748188	1.54743289029	1.13551915901	1.56219549058	1.24351339778	1.57163450459
AG5	0.74555319478	0.439899337844	2.08942798937	0.82861579507	0.615573339778	0.588292885452	0.764011546641	0.506618298695	0.691585993233	0.504067728371	0.815544238763	0.455381503142	0.570285978734	1.76987654422	0.4535619913	0.605729888835	0.82931918318	0.82004117448	1.5366818608	1.0527158724	0.749760560657	0.684622716288	0.907868148864	0.836959255679	1.46259703238	0.643569516675	0.782476201063	0.697576578057	0.505797409377	0.577771101982	0.964134528758	0.795774470759	0.639632508458	0.614046466892	0.944262464959	0.70701618173	0.759764499758	0.264309574674	0.707844374094	0.604086114065	0.502016897052	0.999617984534	0.85951460609	0.0	0.960394069599	0.868251788304	1.02915232479	0.951874939584	0.860840889319	0.841934494925	1.11851275012	0.99950922668	0.72070161914	0.764704780087	0.864260937651	0.786015258579	0.625939429676	0.940816698888	0.644883508942	0.927431933301	0.649811039149	0.977968086032
