	AA3	AA4	AB3	AB4	AC3	AC4	AD3	AD4	AE3	AE4	AF3	AF4	AG3	AG4	AH3	AH4	AA7	AA8	AB7	AB8	AC7	AC8	AD7	AD8	AE7	AE8	AF7	AF8	AG7	AG8	AH7	AH8	AA5	AA6	AB5	AB6	AC5	AC6	AD6	AE5	AE6	AF5	AF6	AG5	AH5	AH6	AA1	AA2	AB1	AB2	AC1	AC2	AD1	AD2	AE1	AE2	AF1	AF2	AG1	AG2	AH1	AH2
AA3	0.0	0.532474654422	2.25894827453	1.00605095215	0.867288158531	0.767624842919	0.866466534558	0.796753272112	0.902964693088	0.692686128565	0.969646060899	0.743244093765	0.729115944901	1.93392969067	0.769180869985	0.311598158531	0.783738303528	0.753309458676	1.42098116965	1.04476786854	0.826205853069	0.669080072499	0.899049642339	0.892825978734	1.36643302562	0.618353963267	0.806541802803	0.700683885935	0.747557626873	0.708666036733	0.750981986467	0.696400807153	0.903607235379	0.823017046883	1.10076673755	0.917660628323	0.933369550507	0.808871348478	0.792700971484	0.598045316578	0.645597684872	1.3237658724	1.22178222813	0.740338144031	1.12451769454	1.04735294345	0.972144842919	0.959639217013	0.92159720638	0.840775292412	1.04911217496	0.966041478975	0.67179658289	0.712202257129	0.764965669406	0.627310029	0.546374562591	0.895911599807	0.539473281779	0.90576341711	0.65578762204	0.952178946351
AA4	0.532474654422	0.0	2.22142079265	0.860771677139	0.623422300628	0.593306882552	0.834898830353	0.537530758821	0.696364248429	0.583475437409	0.840955128081	0.488975519575	0.455816457226	1.89023205897	0.336142358627	0.290303958434	0.654313740938	0.642772368294	1.50421354277	1.0311579797	0.836586607057	0.626376186564	0.846871391977	0.790593354277	1.46730653939	0.585623707105	0.705282595457	0.626333958434	0.648225369744	0.720982431126	0.848657288545	0.694414021266	0.666745360077	0.604910405993	0.972474644756	0.741648158531	0.796477506042	0.51446298695	0.599900836153	0.48016121798	0.462556157564	1.22062671339	1.09987997583	0.457830217496	0.988758052199	0.895374751087	0.954555553407	0.835471329145	0.778534838086	0.762880599323	0.957547380377	0.908027588207	0.609730202997	0.65986297245	0.715659772837	0.625213276945	0.41582621073	0.850651851136	0.415856800387	0.779899028516	0.44267962784	0.818808496858
AB3	2.25894827453	2.22142079265	0.0	1.46602234896	2.16290531658	2.38396485259	1.91730754954	2.29892405027	2.32368164814	2.05286985984	2.50081383277	2.25425916385	2.30878782504	0.371418835186	2.09505775737	2.28728130981	2.44299895118	2.48778072015	1.21680062832	1.46514850652	1.95088488642	2.17704242146	2.41486170614	2.38645397293	1.89479096665	2.15778999033	2.37425072499	2.27459745771	1.86452706138	1.77937644756	2.43448636539	2.44004518608	2.28770263412	2.34359950217	2.52989077815	2.47944890285	2.59240636056	2.02616544224	2.51900854036	2.28206668922	2.42965123731	1.26575315128	1.36896507008	2.0770297245	2.72650355244	2.64878164331	2.63907927501	2.66859644273	2.51042789754	2.60929268246	2.75466394877	2.7079658579	2.55117042533	2.60392427743	2.62238272112	2.56063318028	2.30494238279	2.65841665539	2.31127323345	2.62911551957	2.37863535524	2.6682918898
AB4	1.00605095215	0.860771677139	1.46602234896	0.0	0.855158482359	1.02003904302	0.759783073949	0.986748844853	1.1109642871	0.760188980184	1.23538558724	0.90870739971	0.867724905752	1.12186497342	0.80419861769	0.929839328178	1.13569387627	1.15968589174	0.997604572257	0.505736848719	0.926490231996	0.963302943451	1.18246825036	1.13611667956	1.28534544708	0.882637162881	1.12590773804	0.994048738521	0.625170338328	0.6355879797	1.26801117931	1.17681261962	1.11256594007	1.08969030933	1.3430422813	1.22209332044	1.33144218463	0.779350062832	1.17184251812	0.934338820686	1.08045289029	0.648508327695	0.558528163364	0.777006843886	1.46990086515	1.38253239246	1.39758946351	1.36507980667	1.25713860802	1.3096982697	1.47814008217	1.42818604157	1.21689153697	1.28430718705	1.32858804737	1.23734660706	0.98664537941	1.38767898502	0.997411744804	1.34046588207	1.04517360561	1.37383168681
AC3	0.867288158531	0.623422300628	2.16290531658	0.855158482359	0.0	0.744419884002	0.814767965201	0.842864021266	0.944940159497	0.659058637023	1.03775119381	0.27067497825	0.800824335428	1.83858510875	0.660648168197	0.71422662639	0.965209497342	0.947095799903	1.42517874335	0.992058743354	1.04214167714	0.989868598357	1.22981959884	1.16581256162	1.30679109232	0.778509632673	1.08825384727	1.00169550507	0.870241048816	0.895149729338	1.15708565007	1.02586337844	0.988516679555	0.925737713871	0.842745277912	0.778694258096	0.987884001933	0.694341904302	0.842935306912	0.622188284195	0.707129835669	1.18750596907	1.08604279845	0.594394490092	1.20118136781	1.1225102465	0.886256268729	0.961784446593	0.756188583857	0.837406950217	1.08041663122	0.985591715805	0.766129323345	0.85050139681	0.896116167231	0.802199521508	0.829504712421	0.907188081199	0.803685094248	0.909389700338	0.774193885935	0.948889676172
AC4	0.767624842919	0.593306882552	2.38396485259	1.02003904302	0.744419884002	0.0	1.07929346544	0.36100982117	0.434534349927	0.806113668439	0.369790294828	0.541325031416	0.426045234413	2.05420426776	0.750062116965	0.597781309812	0.530774369261	0.502120285162	1.78941700338	1.29701885935	0.919798168197	0.606730715321	0.64260897535	0.603369275012	1.71415709522	0.749084267762	0.5639620058	0.507327336878	0.685673856936	0.803172561624	0.779091304978	0.587505456742	0.493869855002	0.404870202997	1.0133841856	0.752555582407	0.53785117448	0.571873552441	0.39354537941	0.757840918318	0.490187631706	1.40448779604	1.28944904302	0.558047617206	0.702392996617	0.595378453359	1.04310857419	0.802827510875	0.849830517158	0.806594596423	0.869160845819	0.915828835186	0.569155074915	0.642864818753	0.664827061382	0.596660903818	0.611592812953	0.926935418076	0.636305790237	0.733448124698	0.405567332044	0.790401198647
AD3	0.866466534558	0.834898830353	1.91730754954	0.759783073949	0.814767965201	1.07929346544	0.0	1.00400727888	1.23389483325	0.367214847753	1.33703380377	0.860060884485	1.03098667472	1.58705058966	0.730783537941	0.902678593523	1.17488151281	1.1719920783	1.29500399227	0.811678704688	0.860287332044	0.914233064282	1.26405699855	1.22975724021	1.20825486225	0.819385350411	1.17875099565	1.070999826	0.831493914935	0.71653777187	1.1506161189	1.1143319913	1.20503665056	1.09597322861	1.17510795553	1.06145328178	1.24096969551	0.757471967134	1.13754830836	0.782518540358	0.973481406477	0.870905340744	0.776038448526	0.737635756404	1.39806946834	1.31097491542	1.30781939101	1.35154463992	1.10499141614	1.17333075882	1.46276726438	1.3807838666	1.14952502175	1.20599280329	1.25828349444	1.1186819188	0.952560082165	1.30547031416	0.944490062832	1.20637832286	1.07419037699	1.28816898018
AD4	0.796753272112	0.537530758821	2.29892405027	0.986748844853	0.842864021266	0.36100982117	1.00400727888	0.0	0.268867361044	0.695548873852	0.494433397777	0.668020497825	0.471356698888	1.97060901402	0.641734335428	0.600866500725	0.516295693572	0.510112435959	1.80691785404	1.27826768487	0.878065360077	0.571439115515	0.544311565974	0.50493738521	1.75734855969	0.773191372644	0.485326075399	0.399119971	0.605277762204	0.774112580957	0.823002286129	0.604065244079	0.314457114548	0.294715867569	1.10732115998	0.840844156597	0.558790256162	0.493216462059	0.43060720638	0.76778539391	0.542078883519	1.30090364911	1.17620471242	0.526641952634	0.716946800387	0.606574171097	1.14033654906	0.874681546641	0.965800309328	0.933984040599	0.922032358627	1.00727462542	0.668440188497	0.694636795553	0.712165176414	0.690367960367	0.569124200097	1.03716284195	0.611494393427	0.857320265829	0.454383523441	0.882597506042
AE3	0.902964693088	0.696364248429	2.32368164814	1.1109642871	0.944940159497	0.434534349927	1.23389483325	0.268867361044	0.0	0.922120352827	0.338079279845	0.776063421943	0.575702445626	2.00584351861	0.794960459159	0.72784578057	0.510667085549	0.533658192363	1.925849739	1.41060366844	0.980619072015	0.702550053166	0.453567491542	0.453582677622	1.90656414693	0.923661565974	0.431640280329	0.446558535524	0.731443025616	0.910243470275	0.877119410343	0.690490130498	0.232734122765	0.334634519091	1.1968002465	0.939917897535	0.519986810053	0.651639415176	0.516107162881	0.948624287095	0.662211609473	1.36333135814	1.25304354761	0.672661338811	0.740198898018	0.618288898018	1.22184554374	0.950982063799	1.07104878202	1.02972249879	0.994067675205	1.08548205413	0.751967481875	0.785756365394	0.794112334461	0.786022271629	0.709073639439	1.12305217496	0.754094910585	0.947347327211	0.560084021266	0.969565640406
AE4	0.692686128565	0.583475437409	2.05286985984	0.760188980184	0.659058637023	0.806113668439	0.367214847753	0.695548873852	0.922120352827	0.0	1.05012185597	0.617545157081	0.765551643306	1.72204210246	0.529818240696	0.658027583374	0.902611643306	0.908095819236	1.42418393427	0.926022619623	0.738743455776	0.705769951667	0.984971817303	0.947477878202	1.3292800725	0.593015761237	0.891196660222	0.78362359594	0.584971778637	0.615668385694	0.954596708555	0.859216379894	0.89516457709	0.801405775737	1.00164891252	0.867111300145	0.961360570324	0.507698318028	0.860427854036	0.575253339778	0.720403262446	0.997463291445	0.880155123248	0.483235978734	1.13829950217	1.05051368777	1.10377458676	1.12573326245	0.938268844853	0.990754896085	1.2481780232	1.17622529725	0.916530405993	0.956692938618	1.00769587724	0.877672049299	0.703503040116	1.10264275495	0.697884871919	1.01771127598	0.79852219913	1.08580086032
AF3	0.969646060899	0.840955128081	2.50081383277	1.23538558724	1.03775119381	0.369790294828	1.33703380377	0.494433397777	0.338079279845	1.05012185597	0.0	0.827264673755	0.656319299178	2.17654387144	0.978732827453	0.835754562591	0.527555983567	0.502600304495	2.00847076849	1.51547058482	1.07645270662	0.813586442726	0.412360691155	0.436214378927	1.9865341566	1.0050882117	0.484793576607	0.580514896085	0.877651913968	1.01122822136	0.847170057999	0.683893267279	0.430995094248	0.474817307878	1.17947507008	0.966637670372	0.443981981634	0.782712914451	0.459834688255	1.00967568874	0.700110038666	1.54679746254	1.43564179314	0.80063618173	0.673314572257	0.555074664089	1.19974746254	0.943458917351	1.10646482359	1.00104364427	0.983345263412	1.05519763171	0.743854059932	0.752521754471	0.773221358144	0.726100072499	0.839739946834	1.07255081682	0.869175746738	0.915575268246	0.596239076849	0.931772643789
AF4	0.743244093765	0.488975519575	2.25425916385	0.90870739971	0.27067497825	0.541325031416	0.860060884485	0.668020497825	0.776063421943	0.617545157081	0.827264673755	0.0	0.637559342678	1.92531617206	0.568359608507	0.583800212663	0.81936982117	0.791401662639	1.5575719043	1.06532531174	0.92641078782	0.815610120831	1.0591682842	0.998168951184	1.43484237796	0.645336172064	0.919879217013	0.843892580957	0.78128738521	0.799568922185	1.01339387144	0.885531580474	0.819726147898	0.739336974384	0.806829874335	0.62395138231	0.80124679072	0.594581532141	0.676898240696	0.543792899952	0.569055118415	1.24279654906	1.14054083132	0.48479381827	0.996327626873	0.913542566457	0.84397318028	0.829453856936	0.638102295795	0.702518390527	0.960015360077	0.870729333011	0.616429434509	0.716010613823	0.76904517158	0.660840908652	0.674592102465	0.80225979217	0.663563658772	0.757741720638	0.628250633156	0.808613460609
AG3	0.729115944901	0.455816457226	2.30878782504	0.867724905752	0.800824335428	0.426045234413	1.03098667472	0.471356698888	0.575702445626	0.765551643306	0.656319299178	0.637559342678	0.0	1.96354947318	0.569849980667	0.514992344128	0.525519710005	0.524808902852	1.7193319333	1.21194632673	0.907562242629	0.582057767037	0.68744677622	0.653638695022	1.6316102175	0.692935524408	0.583240898985	0.534634639923	0.672051909135	0.779587984534	0.806773929435	0.655735041083	0.578337883035	0.508458762687	1.05362002417	0.81227138231	0.714341358144	0.549480642823	0.533843827936	0.70771979217	0.496320057999	1.3317141711	1.21626049299	0.538045418076	0.86762520058	0.780181039149	1.0276360609	0.810319279845	0.87504858869	0.830824451426	0.930159362011	0.900997501208	0.581729492508	0.65452818753	0.707865219913	0.607043827936	0.489414374094	0.931726413726	0.516797288545	0.769250101498	0.374393426776	0.810203204447
AG4	1.93392969067	1.89023205897	0.371418835186	1.12186497342	1.83858510875	2.05420426776	1.58705058966	1.97060901402	2.00584351861	1.72204210246	2.17654387144	1.92531617206	1.96354947318	0.0	1.76582884969	1.95670501692	2.12278681489	2.16526171097	0.970017365877	1.15148670372	1.63125148381	1.85542753021	2.09598943451	2.06648262929	1.64300084099	1.83574837119	2.05447735138	1.9540222088	1.54779327211	1.45749313678	2.1300780957	2.11662452392	1.97039742871	2.01717165781	2.20994153214	2.15197677622	2.26997884485	1.70065888352	2.1885919478	1.95415072499	2.10014580957	0.951245132914	1.05496124698	1.7495739246	2.40062598357	2.32133491058	2.31179246496	2.33965379894	2.18307354761	2.27697449493	2.42882919285	2.38046525375	2.22466260996	2.27747491542	2.30188397293	2.23377413243	1.9786460899	2.33133083132	1.98694285645	2.29834960851	2.05414723055	2.33910706138
AH3	0.769180869985	0.336142358627	2.09505775737	0.80419861769	0.660648168197	0.750062116965	0.730783537941	0.641734335428	0.794960459159	0.529818240696	0.978732827453	0.568359608507	0.569849980667	1.76582884969	0.0	0.537418390527	0.78711318028	0.808091788304	1.4947977187	0.988523006283	0.860423736104	0.752814523925	0.945726974384	0.905300227163	1.43244887869	0.698439850169	0.846600749154	0.77392221363	0.670090367327	0.719574253262	1.0181942726	0.884752851619	0.764479685839	0.731470705655	1.03170081199	0.850333745771	0.934042484292	0.517349270179	0.787770096665	0.603933107782	0.667626133398	1.06686848236	0.95363041566	0.46912962784	1.12106775737	1.03919938134	1.04885967134	0.962782774287	0.871936858386	0.913816713388	1.08899558724	1.02676072499	0.809599009183	0.844611623973	0.889611807637	0.818194349927	0.600889623006	0.985814886419	0.599245906235	0.913354369261	0.660903455776	0.937945838569
AH4	0.311598158531	0.290303958434	2.28728130981	0.929839328178	0.71422662639	0.597781309812	0.902678593523	0.600866500725	0.72784578057	0.658027583374	0.835754562591	0.583800212663	0.514992344128	1.95670501692	0.537418390527	0.0	0.629496442726	0.59992901885	1.48520158047	1.06477553891	0.874654722088	0.622574538424	0.801856462059	0.746586012566	1.44436436926	0.587944871919	0.678244804253	0.5931239971	0.671469859836	0.744849154181	0.775105857902	0.610454035766	0.730719971	0.653645374577	1.01474943934	0.790394736588	0.797643784437	0.630020807153	0.617713059449	0.518630734654	0.484019207347	1.31672959884	1.19733662639	0.588376234896	0.976524388594	0.898953547608	0.922908946351	0.813765244079	0.817942682455	0.736943968101	0.9324939971	0.861007486709	0.551334403093	0.614179323345	0.678567288545	0.568050884485	0.375996839053	0.815455838569	0.38218759304	0.766716355727	0.464735311745	0.798520903818
AA7	0.783738303528	0.654313740938	2.44299895118	1.13569387627	0.965209497342	0.530774369261	1.17488151281	0.516295693572	0.510667085549	0.902611643306	0.527555983567	0.81936982117	0.525519710005	2.12278681489	0.78711318028	0.629496442726	0.0	0.156708197197	1.78111754954	1.30152377477	0.98049098115	0.613090923151	0.449445026583	0.447129250846	1.75304089899	0.802983238279	0.368879178347	0.398606027066	0.763724533591	0.916772431126	0.624995553407	0.382526660222	0.501655930401	0.501506128565	1.22134951667	1.00355666989	0.558275693572	0.785402083132	0.474534905752	0.88184277912	0.678062145964	1.48248698888	1.37593164814	0.796951710971	0.79974782987	0.689738670855	1.13275378927	0.884226703722	1.08728726438	0.975200101498	0.911693426776	0.991882672789	0.671585625906	0.682444504592	0.709323334944	0.669938298695	0.535842861286	1.00441318995	0.553918873852	0.901900328661	0.499346969551	0.898895664572
AA8	0.753309458676	0.642772368294	2.48778072015	1.15968589174	0.947095799903	0.502120285162	1.1719920783	0.510112435959	0.533658192363	0.908095819236	0.502600304495	0.791401662639	0.524808902852	2.16526171097	0.808091788304	0.59992901885	0.156708197197	0.0	1.77773197197	1.30879340261	0.984611947801	0.613018550024	0.454410923151	0.45115618173	1.72936057999	0.781565761237	0.384229144514	0.41067320928	0.778438501692	0.905380492992	0.586908110198	0.33813482842	0.531099719671	0.496920850652	1.19061699855	0.988933093282	0.518090502658	0.785776882552	0.430443876269	0.839131933301	0.64938478492	1.52977326245	1.41607072982	0.794485679072	0.756520067666	0.643558284195	1.10873803287	0.854478293862	1.06377730788	0.937355074915	0.876904987917	0.952480932818	0.641997883035	0.637247916868	0.669664833253	0.631364494925	0.565239855002	0.979839366844	0.574376534558	0.866240202997	0.472020251329	0.863134610923
AB7	1.42098116965	1.50421354277	1.21680062832	0.997604572257	1.42517874335	1.78941700338	1.29500399227	1.80691785404	1.925849739	1.42418393427	2.00847076849	1.5575719043	1.7193319333	0.970017365877	1.4947977187	1.48520158047	1.78111754954	1.77773197197	0.0	0.568380309328	1.4789121653	1.56153376027	1.91738502175	1.87096749638	1.05109891252	1.41357350894	1.82411527791	1.70447655872	1.31112762204	1.18509934751	1.69755616723	1.6867857564	1.88046571774	1.84438529241	1.85439113581	1.82048924118	1.96066445626	1.52627594973	1.85790258579	1.44694480425	1.66608652972	1.01411907685	1.00158478975	1.50192104398	2.13245616723	2.06716783954	1.88896615756	1.96332849686	1.78535372644	1.82704241663	2.0462861624	1.97227843403	1.77634887869	1.81065952151	1.8541281537	1.75883115031	1.59697288062	1.88673688739	1.57443119381	1.88693946351	1.71782469309	1.94275898502
AB8	1.04476786854	1.0311579797	1.46514850652	0.505736848719	0.992058743354	1.29701885935	0.811678704688	1.27826768487	1.41060366844	0.926022619623	1.51547058482	1.06532531174	1.21194632673	1.15148670372	0.988523006283	1.06477553891	1.30152377477	1.30879340261	0.568380309328	0.0	1.00103271629	1.0606719623	1.40203191397	1.34514662639	1.12175758821	0.948985775737	1.29968228613	1.17612423393	0.779169052682	0.67514739971	1.25523983084	1.24196165781	1.36656115515	1.33479356694	1.40879167714	1.33184241663	1.45359877235	1.00774137264	1.36727882552	1.03239952634	1.22399244563	0.715562837119	0.656156592557	0.988763431609	1.64158826003	1.56284357661	1.51201410343	1.52522109232	1.36832417593	1.4070618753	1.62077634123	1.54999403577	1.37058016916	1.39843150797	1.43811127598	1.35372679072	1.14214564041	1.49893647173	1.15403950701	1.44691557757	1.2251460464	1.5054961044
AC7	0.826205853069	0.836586607057	1.95088488642	0.926490231996	1.04214167714	0.919798168197	0.860287332044	0.878065360077	0.980619072015	0.738743455776	1.07645270662	0.92641078782	0.907562242629	1.63125148381	0.860423736104	0.874654722088	0.98049098115	0.984611947801	1.4789121653	1.00103271629	0.0	0.481804407927	0.979649763171	0.957923344611	1.40366760754	0.711074045433	0.948306399227	0.804079753504	0.576525538908	0.510311242146	0.879633658772	0.842951870469	0.936524533591	0.883710526825	1.2805940696	1.12075463992	1.1642658724	0.770727670372	1.04709458676	0.957086326728	1.00347136781	1.18413330111	1.10348562591	0.748552165297	1.14366645723	1.07161264862	1.4736420348	1.42781334461	1.22468830836	1.29385918318	1.51922319961	1.48354172547	1.11730720155	1.1975018753	1.24947089415	1.11201052682	0.912661623973	1.42259530691	0.913333479942	1.27204973417	0.913947201547	1.39822661672
AC8	0.669080072499	0.626376186564	2.17704242146	0.963302943451	0.989868598357	0.606730715321	0.914233064282	0.571439115515	0.702550053166	0.705769951667	0.813586442726	0.815610120831	0.582057767037	1.85542753021	0.752814523925	0.622574538424	0.613090923151	0.613018550024	1.56153376027	1.0606719623	0.481804407927	0.0	0.656666814886	0.628188641856	1.50626924118	0.590703479942	0.517198859352	0.395533779604	0.50838381827	0.582950971484	0.608715195747	0.508506814886	0.629830488159	0.590477332044	1.15620234413	0.903724857419	0.830616321895	0.653777926535	0.697984659256	0.794625089415	0.696818105365	1.24894109232	1.14032648623	0.683317481875	0.91299319478	0.825289526341	1.29521211696	1.07625956017	1.05007140164	1.0368521943	1.16717537941	1.16773326728	0.788542242629	0.849235553407	0.902873049783	0.788902667956	0.560147878202	1.17666770904	0.587509768004	0.945639371677	0.55661537941	1.05147757854
AD7	0.899049642339	0.846871391977	2.41486170614	1.18246825036	1.22981959884	0.64260897535	1.26405699855	0.544311565974	0.453567491542	0.984971817303	0.412360691155	1.0591682842	0.68744677622	2.09598943451	0.945726974384	0.801856462059	0.449445026583	0.454410923151	1.91738502175	1.40203191397	0.979649763171	0.656666814886	0.0	0.172287066216	1.89909908168	0.879552856452	0.327535495408	0.427046442726	0.754091967134	0.903168235863	0.723139159014	0.557100396327	0.457738753021	0.535829830836	1.37330104882	1.14746499275	0.606251788304	0.827897936201	0.638807665539	1.05876442243	0.861763992267	1.47274142098	1.35571960367	0.892958390527	0.818107240213	0.702312890285	1.36878281779	1.10634612373	1.29170916868	1.1861400145	1.12716080232	1.21715091832	0.901712208797	0.889376143064	0.905729134848	0.892113378444	0.731540811986	1.25748080715	0.785450241663	1.10132811986	0.675893842436	1.1016281827
AD8	0.892825978734	0.790593354277	2.38645397293	1.13611667956	1.16581256162	0.603369275012	1.22975724021	0.50493738521	0.453582677622	0.947477878202	0.436214378927	0.998168951184	0.653638695022	2.06648262929	0.905300227163	0.746586012566	0.447129250846	0.45115618173	1.87096749638	1.34514662639	0.957923344611	0.628188641856	0.172287066216	0.0	1.82329504108	0.808809028516	0.307140270662	0.420310695988	0.708010961817	0.85699239246	0.702563547608	0.536857225713	0.46877419043	0.504244195263	1.32672865636	1.09479568391	0.579723204447	0.769415210246	0.607121633639	0.999633769937	0.803544755921	1.44339444176	1.320159913	0.831993856936	0.790130710488	0.672274514258	1.33452300145	1.07655716288	1.24106132914	1.13886216046	1.10174580957	1.19011144998	0.863259458676	0.862676877719	0.873471628806	0.858955002417	0.723074325761	1.22421434026	0.775207158047	1.05181510875	0.621523963267	1.06991107298
AE7	1.36643302562	1.46730653939	1.89479096665	1.28534544708	1.30679109232	1.71415709522	1.20825486225	1.75734855969	1.90656414693	1.3292800725	1.9865341566	1.43484237796	1.6316102175	1.64300084099	1.43244887869	1.44436436926	1.75304089899	1.72936057999	1.05109891252	1.12175758821	1.40366760754	1.50626924118	1.89909908168	1.82329504108	0.0	1.04423297245	1.81618382794	1.67714686805	1.37258541324	1.29140396327	1.57762431126	1.62357486709	1.87555436443	1.80438044466	1.71329300628	1.71551616723	1.90994398743	1.53718005317	1.8190361914	1.34658842436	1.63671947801	1.48366156597	1.44437101015	1.47474511841	2.03141599807	1.97423633156	1.70417067666	1.8633640551	1.62071299662	1.66666955534	1.96715491542	1.83754022716	1.68593304978	1.72637233446	1.77358212663	1.64595163847	1.57963697438	1.75018041083	1.54976589174	1.77631631706	1.6720218173	1.83003053166
AE8	0.618353963267	0.585623707105	2.15778999033	0.882637162881	0.778509632673	0.749084267762	0.819385350411	0.773191372644	0.923661565974	0.593015761237	1.0050882117	0.645336172064	0.692935524408	1.83574837119	0.698439850169	0.587944871919	0.802983238279	0.781565761237	1.41357350894	0.948985775737	0.711074045433	0.590703479942	0.879552856452	0.808809028516	1.04423297245	0.0	0.828453301112	0.695505157081	0.621576616723	0.609459236346	0.7531320058	0.7016960174	0.888765654906	0.815713987434	1.08837815853	0.91804457709	0.948180275495	0.696963861769	0.861464929918	0.610832348961	0.737908448526	1.22551142581	1.11294169164	0.65378560174	1.10689294345	1.03079209763	1.13491036733	1.08903652489	0.935710038666	0.95943982117	1.19658331561	1.15539220396	0.864984659256	0.91191062349	0.955209424843	0.840364639923	0.690470990817	1.10580101015	0.6882720203	0.981291019816	0.722841759304	1.07322240213
AF7	0.806541802803	0.705282595457	2.37425072499	1.12590773804	1.08825384727	0.5639620058	1.17875099565	0.485326075399	0.431640280329	0.891196660222	0.484793576607	0.919879217013	0.583240898985	2.05447735138	0.846600749154	0.678244804253	0.368879178347	0.384229144514	1.82411527791	1.29968228613	0.948306399227	0.517198859352	0.327535495408	0.307140270662	1.81618382794	0.828453301112	0.0	0.230436892218	0.685132141131	0.835327530208	0.663824726921	0.494880840986	0.431221275979	0.491602203963	1.22842066216	0.985934001933	0.517837626873	0.736193711938	0.558398366361	0.931418641856	0.720707259546	1.43525678105	1.31136823586	0.78034161914	0.802159748671	0.676147757371	1.23767871919	0.986313566941	1.14116646206	1.04955710488	0.999889589174	1.09406093282	0.767281904302	0.793847762204	0.811814818753	0.776103296278	0.597502232963	1.1220060174	0.638535519575	0.963159826003	0.519306012566	0.974696486225
AF8	0.700683885935	0.626333958434	2.27459745771	0.994048738521	1.00169550507	0.507327336878	1.070999826	0.399119971	0.446558535524	0.78362359594	0.580514896085	0.843892580957	0.534634639923	1.9540222088	0.77392221363	0.5931239971	0.398606027066	0.41067320928	1.70447655872	1.17612423393	0.804079753504	0.395533779604	0.427046442726	0.420310695988	1.67714686805	0.695505157081	0.230436892218	0.0	0.556602537458	0.705214079265	0.66440479942	0.468419386177	0.437200227163	0.445104006767	1.19260480425	0.948900560657	0.605451899468	0.654942174964	0.541833508942	0.846540251329	0.67050637506	1.33410479942	1.20975241663	0.694278849686	0.820396979217	0.715925306912	1.21469721605	0.96552680522	1.07593710971	1.02452241663	0.991994775254	1.08575469309	0.749145437409	0.786034195263	0.815130144998	0.768325031416	0.55114762204	1.11066205897	0.58924661189	0.947116118898	0.500324567424	0.955618791687
AG7	0.747557626873	0.648225369744	1.86452706138	0.625170338328	0.870241048816	0.685673856936	0.831493914935	0.605277762204	0.731443025616	0.584971778637	0.877651913968	0.78128738521	0.672051909135	1.54779327211	0.670090367327	0.671469859836	0.763724533591	0.778438501692	1.31112762204	0.779169052682	0.576525538908	0.50838381827	0.754091967134	0.708010961817	1.37258541324	0.621576616723	0.685132141131	0.556602537458	0.0	0.252607017883	0.838256578057	0.727853736104	0.705242812953	0.707759091348	1.23392036249	0.978524838086	0.914488376027	0.430071498308	0.824666089899	0.822994272595	0.792690584824	0.990547762204	0.872959265346	0.484518206863	1.0751642436	0.97955658289	1.30824757371	1.14401544224	1.1455462204	1.11175564524	1.23798165297	1.21980384244	0.929529521508	0.979925567907	1.01207499275	0.923864407927	0.695790526825	1.20545461092	0.715515751571	1.08915569841	0.712523895602	1.12928592073
AG8	0.708666036733	0.720982431126	1.77937644756	0.6355879797	0.895149729338	0.803172561624	0.71653777187	0.774112580957	0.910243470275	0.615668385694	1.01122822136	0.799568922185	0.779587984534	1.45749313678	0.719574253262	0.744849154181	0.916772431126	0.905380492992	1.18509934751	0.67514739971	0.510311242146	0.582950971484	0.903168235863	0.85699239246	1.29140396327	0.609459236346	0.835327530208	0.705214079265	0.252607017883	0.0	0.919234103432	0.860084243596	0.877448593523	0.846336220396	1.27408394877	1.08177884485	1.05768341711	0.565226723055	0.938564630256	0.832397133881	0.896415495408	0.95556522958	0.866518675689	0.578116892218	1.20953617206	1.10893043499	1.35894962301	1.28812145481	1.17985191397	1.22082415176	1.38479064282	1.35327195263	1.05387064282	1.09930358627	1.13540050266	1.04118604157	0.817257564041	1.3032139826	0.832522537458	1.21267337844	0.828037332044	1.26797102465
AH7	0.750981986467	0.848657288545	2.43448636539	1.26801117931	1.15708565007	0.779091304978	1.1506161189	0.823002286129	0.877119410343	0.954596708555	0.847170057999	1.01339387144	0.806773929435	2.1300780957	1.0181942726	0.775105857902	0.624995553407	0.586908110198	1.69755616723	1.25523983084	0.879633658772	0.608715195747	0.723139159014	0.702563547608	1.57762431126	0.7531320058	0.663824726921	0.66440479942	0.838256578057	0.919234103432	0.0	0.30518522958	0.892649869502	0.84692757854	1.19438816336	1.01333264862	0.79322701305	0.937897559207	0.763113716771	0.939182102465	0.834014528758	1.52014735621	1.42066370227	0.949064171097	0.970204968584	0.898619685839	1.27422364911	1.06178965201	1.16521065732	1.05836466409	1.12650976317	1.14520103915	0.854613687772	0.822366041566	0.848221836636	0.784881333978	0.757562049299	1.17536065249	0.77478739971	0.981372025133	0.721254287095	1.05718247946
AH8	0.696400807153	0.694414021266	2.44004518608	1.17681261962	1.02586337844	0.587505456742	1.1143319913	0.604065244079	0.690490130498	0.859216379894	0.683893267279	0.885531580474	0.655735041083	2.11662452392	0.884752851619	0.610454035766	0.382526660222	0.33813482842	1.6867857564	1.24196165781	0.842951870469	0.508506814886	0.557100396327	0.536857225713	1.62357486709	0.7016960174	0.494880840986	0.468419386177	0.727853736104	0.860084243596	0.30518522958	0.0	0.689383769937	0.621523769937	1.15126107782	0.939069545674	0.654857907202	0.804242286129	0.54636481392	0.826235799903	0.690332914451	1.49078448526	1.37689184147	0.831401551474	0.798280927985	0.717209845336	1.15893962784	0.932580778154	1.06776435476	0.953743107782	0.948807037216	1.02680615273	0.685232073465	0.682895340744	0.707855891735	0.652226283229	0.597020454326	1.04639778154	0.607132764621	0.864639545674	0.54308982117	0.929459115515
AA5	0.903607235379	0.666745360077	2.28770263412	1.11256594007	0.988516679555	0.493869855002	1.20503665056	0.314457114548	0.232734122765	0.89516457709	0.430995094248	0.819726147898	0.578337883035	1.97039742871	0.764479685839	0.730719971	0.501655930401	0.531099719671	1.88046571774	1.36656115515	0.936524533591	0.629830488159	0.457738753021	0.46877419043	1.87555436443	0.888765654906	0.431221275979	0.437200227163	0.705242812953	0.877448593523	0.892649869502	0.689383769937	0.0	0.255774122765	1.22429355727	0.9563339826	0.592027709038	0.590220546158	0.589587452876	0.905881242146	0.692384794587	1.29858445626	1.20192705655	0.627572116965	0.778004920251	0.658064934751	1.29276849203	1.03965730788	1.11961948284	1.09024058482	1.07315112615	1.16043299662	0.7948299855	0.849121701305	0.848200541324	0.833073069116	0.646419110681	1.18207875785	0.686299047849	0.992989163847	0.572755611406	1.04076537941
AA6	0.823017046883	0.604910405993	2.34359950217	1.08969030933	0.925737713871	0.404870202997	1.09597322861	0.294715867569	0.334634519091	0.801405775737	0.474817307878	0.739336974384	0.508458762687	2.01717165781	0.731470705655	0.653645374577	0.501506128565	0.496920850652	1.84438529241	1.33479356694	0.883710526825	0.590477332044	0.535829830836	0.504244195263	1.80438044466	0.815713987434	0.491602203963	0.445104006767	0.707759091348	0.846336220396	0.84692757854	0.621523769937	0.255774122765	0.0	1.09005890285	0.830084103432	0.541167941034	0.536478912518	0.464331938134	0.810007554374	0.545948284195	1.34168343161	1.22468736588	0.566250531658	0.58274282262	0.48240518608	1.17740683905	0.930532107298	0.973504867086	0.931010637989	0.96937817303	1.04699148864	0.673263914935	0.728050517158	0.73906860319	0.697792102465	0.601844523925	1.05000874335	0.635248656356	0.846143141614	0.477913958434	0.924535297245
AB5	1.10076673755	0.972474644756	2.52989077815	1.3430422813	0.842745277912	1.0133841856	1.17510795553	1.10732115998	1.1968002465	1.00164891252	1.17947507008	0.806829874335	1.05362002417	2.20994153214	1.03170081199	1.01474943934	1.22134951667	1.19061699855	1.85439113581	1.40879167714	1.2805940696	1.15620234413	1.37330104882	1.32672865636	1.71329300628	1.08837815853	1.22842066216	1.19260480425	1.23392036249	1.27408394877	1.19438816336	1.15126107782	1.22429355727	1.09005890285	0.0	0.370246843886	0.963680686322	1.04466428226	0.96533041566	0.826852701788	0.841714330594	1.59380549541	1.48371258096	0.983276413726	0.997739705172	0.984278327695	0.828411648139	0.963394084099	0.722458753021	0.768424224263	1.06441705655	0.969504243596	0.833512677622	0.896976312228	0.918689980667	0.901776215563	1.02788503142	0.877437109715	1.00790182697	0.823034659256	1.00075403093	0.929667684872
AB6	0.917660628323	0.741648158531	2.47944890285	1.22209332044	0.778694258096	0.752555582407	1.06145328178	0.840844156597	0.939917897535	0.867111300145	0.966637670372	0.62395138231	0.81227138231	2.15197677622	0.850333745771	0.790394736588	1.00355666989	0.988933093282	1.82048924118	1.33184241663	1.12075463992	0.903724857419	1.14746499275	1.09479568391	1.71551616723	0.91804457709	0.985934001933	0.948900560657	0.978524838086	1.08177884485	1.01333264862	0.939069545674	0.9563339826	0.830084103432	0.370246843886	0.0	0.771587452876	0.776577225713	0.767269294345	0.728309473175	0.616667225713	1.48778446109	1.37668659739	0.713998511358	0.759327651039	0.762956703722	0.769128960851	0.726598463026	0.551789521508	0.546375244079	0.835435915901	0.756424572257	0.621394910585	0.699742991783	0.720082721121	0.714427796037	0.785393634606	0.692053716771	0.766025606573	0.578239173514	0.773350425326	0.694669424843
AC5	0.933369550507	0.796477506042	2.59240636056	1.33144218463	0.987884001933	0.53785117448	1.24096969551	0.558790256162	0.519986810053	0.961360570324	0.443981981634	0.80124679072	0.714341358144	2.26997884485	0.934042484292	0.797643784437	0.558275693572	0.518090502658	1.96066445626	1.45359877235	1.1642658724	0.830616321895	0.606251788304	0.579723204447	1.90994398743	0.948180275495	0.517837626873	0.605451899468	0.914488376027	1.05768341711	0.79322701305	0.654857907202	0.592027709038	0.541167941034	0.963680686322	0.771587452876	0.0	0.723460879652	0.401060749154	0.900152730788	0.606484567424	1.63391957951	1.50832265346	0.76380262929	0.537171623973	0.425703247946	1.00993044949	0.747060840986	0.940472904785	0.820681691638	0.766556534558	0.844098211696	0.58295882552	0.574761928468	0.587050937651	0.593728820686	0.757435500242	0.887410642823	0.781778318028	0.739757230546	0.577449951667	0.743445132914
AC6	0.808871348478	0.51446298695	2.02616544224	0.779350062832	0.694341904302	0.571873552441	0.757471967134	0.493216462059	0.651639415176	0.507698318028	0.782712914451	0.594581532141	0.549480642823	1.70065888352	0.517349270179	0.630020807153	0.785402083132	0.785776882552	1.52627594973	1.00774137264	0.770727670372	0.653777926535	0.827897936201	0.769415210246	1.53718005317	0.696963861769	0.736193711938	0.654942174964	0.430071498308	0.565226723055	0.937897559207	0.804242286129	0.590220546158	0.536478912518	1.04466428226	0.776577225713	0.723460879652	0.0	0.703159888835	0.672678337361	0.615147332044	0.946643736104	0.822812745288	0.266398279362	0.924216176897	0.838500260996	1.1453317158	1.01089900435	0.953627568874	0.939330304495	1.10300155147	1.07362470759	0.77451080232	0.855380507492	0.889637675205	0.781888540358	0.628740468826	1.0466282262	0.626420183664	0.92360217013	0.595752977284	0.993602503625
AD6	0.792700971484	0.599900836153	2.51900854036	1.17184251812	0.842935306912	0.39354537941	1.13754830836	0.43060720638	0.516107162881	0.860427854036	0.459834688255	0.676898240696	0.533843827936	2.1885919478	0.787770096665	0.617713059449	0.474534905752	0.430443876269	1.85790258579	1.36727882552	1.04709458676	0.697984659256	0.638807665539	0.607121633639	1.8190361914	0.861464929918	0.558398366361	0.541833508942	0.824666089899	0.938564630256	0.763113716771	0.54636481392	0.589587452876	0.464331938134	0.96533041566	0.767269294345	0.401060749154	0.703159888835	0.0	0.766634881585	0.376329260512	1.54898036733	1.4278742291	0.701687863702	0.620698492025	0.514982576124	0.913384180764	0.660117211213	0.851982382794	0.71649077332	0.715029666506	0.785177153214	0.473383083615	0.484436413726	0.505300347994	0.467015737071	0.579191058482	0.806943900435	0.608837104882	0.650395418076	0.369347365877	0.657356437893
AE5	0.598045316578	0.48016121798	2.28206668922	0.934338820686	0.622188284195	0.757840918318	0.782518540358	0.76778539391	0.948624287095	0.575253339778	1.00967568874	0.543792899952	0.70771979217	1.95415072499	0.603933107782	0.518630734654	0.88184277912	0.839131933301	1.44694480425	1.03239952634	0.957086326728	0.794625089415	1.05876442243	0.999633769937	1.34658842436	0.610832348961	0.931418641856	0.846540251329	0.822994272595	0.832397133881	0.939182102465	0.826235799903	0.905881242146	0.810007554374	0.826852701788	0.728309473175	0.900152730788	0.672678337361	0.766634881585	0.0	0.4593619768	1.24858722571	1.12669031899	0.609646650556	1.09820168681	1.03258534558	0.905597119381	0.916399207347	0.771472344128	0.728199091348	1.02762344611	0.954244465926	0.676807293378	0.743658612856	0.804502750121	0.650772967617	0.576703455776	0.889219574674	0.552886466892	0.795496041566	0.670860826486	0.882552295795
AE6	0.645597684872	0.462556157564	2.42965123731	1.08045289029	0.707129835669	0.490187631706	0.973481406477	0.542078883519	0.662211609473	0.720403262446	0.700110038666	0.569055118415	0.496320057999	2.10014580957	0.667626133398	0.484019207347	0.678062145964	0.64938478492	1.66608652972	1.22399244563	1.00347136781	0.696818105365	0.861763992267	0.803544755921	1.63671947801	0.737908448526	0.720707259546	0.67050637506	0.792690584824	0.896415495408	0.834014528758	0.690332914451	0.692384794587	0.545948284195	0.841714330594	0.616667225713	0.606484567424	0.615147332044	0.376329260512	0.4593619768	0.0	1.42370351861	1.30216	0.579712609956	0.781705190913	0.710306094732	0.835549304012	0.667468772354	0.710301242146	0.596582885452	0.766573320445	0.725770657322	0.411868854519	0.459189995167	0.50811120348	0.390929531174	0.45191258579	0.726082112131	0.4711939826	0.555968612856	0.419003885935	0.646953112615
AF5	1.3237658724	1.22062671339	1.26575315128	0.648508327695	1.18750596907	1.40448779604	0.870905340744	1.30090364911	1.36333135814	0.997463291445	1.54679746254	1.24279654906	1.3317141711	0.951245132914	1.06686848236	1.31672959884	1.48248698888	1.52977326245	1.01411907685	0.715562837119	1.18413330111	1.24894109232	1.47274142098	1.44339444176	1.48366156597	1.22551142581	1.43525678105	1.33410479942	0.990547762204	0.95556522958	1.52014735621	1.49078448526	1.29858445626	1.34168343161	1.59380549541	1.48778446109	1.63391957951	0.946643736104	1.54898036733	1.24858722571	1.42370351861	0.0	0.166759922668	1.01767538424	1.76847863702	1.68667557757	1.72022645239	1.7144578202	1.58965452392	1.64157463026	1.80378058966	1.78134755437	1.57095788304	1.64601490575	1.67188453359	1.59500355727	1.31297390043	1.73610956501	1.32079895118	1.66117855002	1.41706426293	1.71122307878
AF6	1.22178222813	1.09987997583	1.36896507008	0.558528163364	1.08604279845	1.28944904302	0.776038448526	1.17620471242	1.25304354761	0.880155123248	1.43564179314	1.14054083132	1.21626049299	1.05496124698	0.95363041566	1.19733662639	1.37593164814	1.41607072982	1.00158478975	0.656156592557	1.10348562591	1.14032648623	1.35571960367	1.320159913	1.44437101015	1.11294169164	1.31136823586	1.20975241663	0.872959265346	0.866518675689	1.42066370227	1.37689184147	1.20192705655	1.22468736588	1.48371258096	1.37668659739	1.50832265346	0.822812745288	1.4278742291	1.12669031899	1.30216	0.166759922668	0.0	0.897228936684	1.64892135331	1.56163832286	1.61149405993	1.60390334944	1.48203957951	1.53286894635	1.68695719671	1.66922942001	1.45248079265	1.52326869986	1.55090651522	1.47309124215	1.19386053166	1.62661564524	1.20131860319	1.54066785887	1.29676675689	1.59385303528
AG5	0.740338144031	0.457830217496	2.0770297245	0.777006843886	0.594394490092	0.558047617206	0.737635756404	0.526641952634	0.672661338811	0.483235978734	0.80063618173	0.48479381827	0.538045418076	1.7495739246	0.46912962784	0.588376234896	0.796951710971	0.794485679072	1.50192104398	0.988763431609	0.748552165297	0.683317481875	0.892958390527	0.831993856936	1.47474511841	0.65378560174	0.78034161914	0.694278849686	0.484518206863	0.578116892218	0.949064171097	0.831401551474	0.627572116965	0.566250531658	0.983276413726	0.713998511358	0.76380262929	0.266398279362	0.701687863702	0.609646650556	0.579712609956	1.01767538424	0.897228936684	0.0	0.938757626873	0.851470323828	1.06664248429	0.960236520058	0.873512498792	0.861530149831	1.0703462204	1.02042336394	0.721372174964	0.79329979217	0.839994137264	0.719144296762	0.624869942001	0.963110488159	0.619059304012	0.860295625906	0.598383069116	0.953063566941
