	AA3	AA4	AB3	AB4	AC3	AC4	AD3	AD4	AE3	AE4	AF3	AF4	AG3	AG4	AH3	AH4	AA7	AA8	AB7	AB8	AC7	AC8	AD7	AD8	AE7	AE8	AF7	AF8	AG7	AG8	AH7	AH8	AA5	AA6	AB5	AB6	AC5	AC6	AD6	AE5	AE6	AF5	AF6	AG5	AH5	AH6	AA1	AA2	AB1	AB2	AC1	AC2	AD1	AD2	AE1	AE2	AF1	AF2	AG1	AG2	AH1	AH2
AA3	0.0	0.532565471242	2.27927613823	1.00918477525	0.881598308362	0.725156645723	0.926213305945	0.752755142581	0.858628830353	0.664023707105	0.962492039633	0.774117457709	0.683001449976	1.91514327211	0.763815137748	0.265392334461	0.730984306428	0.717726761721	1.46248650556	1.04511193813	0.822362783954	0.645107709038	0.829211899468	0.889410115998	1.3924617593	0.599936785887	0.763984838086	0.608728724021	0.701243296278	0.703724393427	0.732047472209	0.614449279845	0.822357172547	0.802562638956	1.10019361044	0.875644939584	0.94524017883	0.768707936201	0.734830067666	0.601531923635	0.5690240261	1.31223897535	1.16509383277	0.695349951667	1.11029859836	1.01620108748	0.969570086999	0.934745862736	0.909766288062	0.826950860319	1.01554892702	0.939859101015	0.598775345578	0.703320459159	0.761488569357	0.670145084582	0.506787501208	0.879229362011	0.476076713388	0.862946360561	0.655228820686	0.937289540841
AA4	0.532565471242	0.0	2.23781298695	0.896076259062	0.598680763654	0.577244378927	0.878838061866	0.543793760271	0.710322276462	0.567019927501	0.880358748188	0.476099352344	0.440770275495	1.87183596423	0.294377361044	0.331683006283	0.679271894635	0.678148472692	1.50532570324	1.04286610923	0.851531271145	0.664288240696	0.897741140648	0.869950328661	1.43653717738	0.559785476075	0.747906781054	0.638298545191	0.645831831803	0.699417646206	0.883049511841	0.699736916385	0.642416457226	0.649790352827	0.951030642823	0.702428941518	0.821781899468	0.535709318511	0.634902460126	0.479285940068	0.400547235379	1.21898764621	1.06849377477	0.451916476559	1.00887365877	0.879795751571	0.893634871919	0.820848820686	0.730260285162	0.751463968101	0.930637694538	0.871273900435	0.560019724505	0.649348095698	0.686767738038	0.642917970034	0.469207104882	0.835626858386	0.447107298212	0.777049202513	0.495289323345	0.800663924601
AB3	2.27927613823	2.23781298695	0.0	1.45266544708	2.1627438521	2.39302745771	1.89905351377	2.29500429193	2.35582703722	2.09285111648	2.53343978734	2.26166178347	2.32735551957	0.412321034316	2.14114768004	2.25174659739	2.46648514258	2.49442064766	1.19020066216	1.47943823586	1.96668135814	2.20768319961	2.38719653456	2.43855751571	1.90098404543	2.1615237216	2.39484871919	2.25501652006	1.94054129048	1.80455124215	2.44759423393	2.41878150314	2.27553052682	2.38610802803	2.53966400677	2.47095898018	2.62093130981	1.970890203	2.53313344611	2.29171497342	2.38159482842	1.28276397777	1.40752133881	2.08521237313	2.76350911068	2.64402434026	2.6696580957	2.68314487192	2.52534086032	2.61200073465	2.76316557757	2.71795171097	2.52875559207	2.58945468342	2.61910871919	2.58875365394	2.31226901402	2.68439225713	2.30129944418	2.64956278879	2.40780961817	2.68876910101
AB4	1.00918477525	0.896076259062	1.45266544708	0.0	0.899946080232	1.04026742388	0.823853073949	1.01367040599	1.13095012566	0.81865420493	1.24932281779	0.957161807637	0.898699700338	1.07577453359	0.849580057999	0.918143257612	1.16603075399	1.19637899952	1.00218211696	0.554825790237	0.898991454809	0.958873547608	1.14008983084	1.18075235863	1.28099344611	0.872284876752	1.15354620106	0.991346172064	0.67489939101	0.584841561141	1.27409280812	1.15391631706	1.0547941856	1.1291501305	1.37234235863	1.22723362977	1.36934830836	0.73550481392	1.21812162881	0.986910067666	1.04560022716	0.617322174964	0.51464982117	0.802828192363	1.50057968101	1.36614371677	1.45249125665	1.41843475592	1.29605908652	1.35767684389	1.52530739971	1.47206379894	1.21515968584	1.29447521025	1.35209982117	1.28922502658	1.03518473659	1.43739188497	1.01244873852	1.36984656356	1.08985887385	1.41088550991
AC3	0.881598308362	0.598680763654	2.1627438521	0.899946080232	0.0	0.717022319961	0.84434139681	0.802128637023	0.937818583857	0.652858777187	1.05947142098	0.290123914935	0.760651319478	1.80433759787	0.636971918801	0.731256491058	0.966666133398	0.984620478492	1.44198866119	1.02367876269	1.0051179217	0.977397984534	1.24152962784	1.21976870469	1.28907149348	0.780695306912	1.07382472209	0.96869320928	0.838575969067	0.836721532141	1.1654119478	1.00351037216	0.959700584824	0.937747887869	0.833088506525	0.734680792653	1.00420478009	0.693748496858	0.875552271629	0.61868640406	0.686268501692	1.16930514258	1.05634131464	0.581906462059	1.20997964234	1.09090913968	0.917539647173	0.990186114065	0.731229835669	0.867671449976	1.09340796037	0.984557341711	0.736462663122	0.847555123248	0.916047419043	0.810578356694	0.847139555341	0.928033895602	0.799614316095	0.914897051716	0.831100923151	0.970688738521
AC4	0.725156645723	0.577244378927	2.39302745771	1.04026742388	0.717022319961	0.0	1.14231519091	0.394939328178	0.486555306912	0.796516563557	0.430758554857	0.542579207347	0.38366979217	2.03045908652	0.680549908168	0.654278511358	0.563706307395	0.580392899952	1.79866596423	1.33174693088	0.904110990817	0.624645775737	0.714036394393	0.696710425326	1.68078263896	0.742025843403	0.591036031899	0.5604340116	0.643524823586	0.796284364427	0.808670072499	0.616641256646	0.514192532624	0.428317805703	1.00436706622	0.732377061382	0.592312774287	0.657400599323	0.441523030449	0.755964229096	0.477371942968	1.39891255679	1.255499971	0.588594330594	0.739920618656	0.62339558724	1.00561942484	0.84114698405	0.793928463026	0.798690628323	0.875566268729	0.918041691638	0.564588376027	0.635124548091	0.673416959884	0.661774113098	0.617905055582	0.902391237313	0.617449009183	0.747487230546	0.397475548574	0.771730932818
AD3	0.926213305945	0.878838061866	1.89905351377	0.823853073949	0.84434139681	1.14231519091	0.0	1.03139329145	1.29998876752	0.428935128081	1.39799372644	0.918203339778	1.07863283229	1.53209067182	0.844090338328	0.868003794103	1.20294537458	1.20900756887	1.28462297245	0.826319115515	0.867753093282	0.978113968101	1.30853506525	1.35332999517	1.19894850169	0.864625509908	1.23416071532	1.06486041566	0.929261947801	0.784550507492	1.18262782504	1.10253480425	1.20541912035	1.17702287579	1.20317932818	1.07615185597	1.30068321895	0.72716919768	1.1580518898	0.811848980184	0.936123247946	0.868162431126	0.730672861286	0.754497564041	1.46796641373	1.34464240696	1.35758096665	1.3808877912	1.13017573707	1.19613832769	1.47108314161	1.40336981634	1.12177956501	1.19730369261	1.27976737554	1.17451282262	0.992724393427	1.31072490092	0.956141696472	1.2547619768	1.14221332044	1.35384433543
AD4	0.752755142581	0.543793760271	2.29500429193	1.01367040599	0.802128637023	0.394939328178	1.03139329145	0.0	0.297819874335	0.66741521508	0.502549975834	0.658714388594	0.473081541808	1.93235657806	0.621863552441	0.651703881102	0.549790865152	0.561492489125	1.79133634123	1.30032612373	0.849340952151	0.569827936201	0.580620188497	0.552776684389	1.74715810053	0.765180570324	0.497546834219	0.433385906235	0.544865176414	0.753586118898	0.834714030933	0.636257704205	0.296011280812	0.316407100048	1.09409328661	0.804789139681	0.570021933301	0.542865108748	0.475043798937	0.736849685839	0.506176452392	1.27419474625	1.12029549058	0.556611967134	0.722105582407	0.598379159014	1.11681112615	0.94257878202	0.928072547124	0.919311793137	0.960461469309	1.02678633639	0.6798760174	0.703426872885	0.713952653456	0.749593499275	0.585577394877	1.03160924118	0.617803446109	0.872727718705	0.469510391493	0.867207573707
AE3	0.858628830353	0.710322276462	2.35582703722	1.13095012566	0.937818583857	0.486555306912	1.29998876752	0.297819874335	0.0	0.928331232479	0.388194074432	0.802048869019	0.561918931851	2.00521020783	0.761404103432	0.815373479942	0.555924291928	0.572292817786	1.93697292895	1.45734911068	0.993457269212	0.681443083615	0.475185389077	0.452841478975	1.90267230063	0.925607752537	0.443029444176	0.509817564041	0.680197404543	0.903165741904	0.89689362494	0.723255210246	0.277556926051	0.31395979217	1.18810023683	0.906261416143	0.51195101015	0.726749333011	0.570388419526	0.951824088932	0.658375505075	1.37332645239	1.24728878202	0.730351725471	0.713504731754	0.613825045916	1.19477092315	1.00275898502	1.03469090382	1.00790931851	1.02110226196	1.10703251329	0.767046263896	0.778726756887	0.772920734654	0.82899661189	0.701733528275	1.12752484292	0.755635954567	0.94567262929	0.542358076365	0.936058941518
AE4	0.664023707105	0.567019927501	2.09285111648	0.81865420493	0.652858777187	0.796516563557	0.428935128081	0.66741521508	0.928331232479	0.0	1.06440958917	0.628452638956	0.761684934751	1.72776976317	0.569504122765	0.568837675205	0.857645625906	0.867398376027	1.43486255679	0.965117172547	0.699668318028	0.655781121315	0.952447341711	0.984807510875	1.31703722088	0.575015302078	0.864119168681	0.695291416143	0.599579830836	0.563272044466	0.900798361527	0.781812136298	0.848689734171	0.846099975834	1.01324079749	0.842951652972	0.969035998067	0.50498537941	0.832316810053	0.547413600773	0.622913252779	1.02891313195	0.879521764137	0.495218820686	1.16463287095	1.0433361044	1.10016127598	1.12218608023	0.913944639923	0.984106824553	1.21364283229	1.14114830836	0.853116926051	0.901407452876	0.980907955534	0.901621319478	0.691377684872	1.06926539391	0.66437658289	1.02459325761	0.807360840986	1.07226577574
AF3	0.962492039633	0.880358748188	2.53343978734	1.24932281779	1.05947142098	0.430758554857	1.39799372644	0.502549975834	0.388194074432	1.06440958917	0.0	0.881435335911	0.683313711938	2.17594257129	0.965738361527	0.935749178347	0.545335833736	0.551953948768	2.03264219913	1.56504814403	1.07992275979	0.826040067666	0.420788869019	0.405789366844	1.99201140164	1.01794202997	0.495353107782	0.681239768004	0.8244560029	1.02129960367	0.856785969067	0.731334069599	0.480230517158	0.46188438376	1.20351954084	0.974643291445	0.449551387144	0.873977423876	0.532557892702	1.03310859352	0.739917496375	1.56272507008	1.4237960609	0.856781865636	0.682173721605	0.574737032383	1.18800867086	1.00634682455	1.1029662639	1.02436326728	1.0188238956	1.07908864669	0.799756713388	0.775680937651	0.802717747704	0.81430701305	0.875238786854	1.06980306428	0.89472222813	0.957265282745	0.592089927501	0.931366085065
AF4	0.774117457709	0.476099352344	2.26166178347	0.957161807637	0.290123914935	0.542579207347	0.918203339778	0.658714388594	0.802048869019	0.628452638956	0.881435335911	0.0	0.620409685839	1.89943024166	0.549899681005	0.624977080715	0.840921802803	0.861178003867	1.56353661672	1.09805410343	0.921576085065	0.837550241663	1.10467285645	1.07975756887	1.42090317061	0.667512764621	0.938748086032	0.840527834703	0.778602899952	0.782840043499	1.05082052199	0.890466118898	0.815201338811	0.780333098115	0.783798453359	0.565056365394	0.811493837603	0.627712218463	0.744629217013	0.56294297245	0.562825978734	1.23096856452	1.11520586757	0.519147477042	1.01179445143	0.876082692122	0.799510792653	0.813908743354	0.594604084099	0.693839463509	0.928032522958	0.839675717738	0.575064132431	0.676750927985	0.749334262929	0.652853832769	0.72317958434	0.774935915901	0.68379457709	0.737644224263	0.702240091832	0.797979236346
AG3	0.683001449976	0.440770275495	2.32735551957	0.898699700338	0.760651319478	0.38366979217	1.07863283229	0.473081541808	0.561918931851	0.761684934751	0.683313711938	0.620409685839	0.0	1.94923683422	0.507453736104	0.573702870952	0.558895045916	0.576440894152	1.72137848236	1.25012064766	0.905602039633	0.596887003383	0.73078840986	0.728810792653	1.61839802803	0.692068086032	0.597918893185	0.54161677622	0.614101681972	0.768918255196	0.840275031416	0.656026399227	0.545961899468	0.505874258096	1.01283499275	0.740822503625	0.699261493475	0.626168632189	0.550652484292	0.697975683905	0.428977984534	1.32576489125	1.18495623006	0.560814388594	0.869334809087	0.740053305945	0.973716118898	0.800507380377	0.802824683422	0.794538264862	0.903436950217	0.891561952634	0.543186684389	0.618757501208	0.675163484775	0.631922696955	0.483325471242	0.906029913001	0.498617554374	0.750493320445	0.379665727405	0.781246669889
AG4	1.91514327211	1.87183596423	0.412321034316	1.07577453359	1.80433759787	2.03045908652	1.53209067182	1.93235657806	2.00521020783	1.72776976317	2.17594257129	1.89943024166	1.94923683422	0.0	1.78779311261	1.88262742871	2.11371165781	2.13911646206	0.911263165781	1.12698565007	1.60920445143	1.84604283229	2.03324813436	2.08263907202	1.62370571774	1.80730985017	2.03615057516	1.8948718898	1.58950389077	1.44355498308	2.1126182552	2.06199755921	1.92789871435	2.02348447076	2.18422986467	2.11136518608	2.26212122765	1.61091100532	2.16991023683	1.92617354277	2.01683444176	0.932516650556	1.05739295795	1.72349888835	2.40068525375	2.27932580957	2.30660390527	2.32104622523	2.16142102465	2.24507384244	2.40099768004	2.35550969067	2.16198300628	2.22862883519	2.2686077622	2.22450483809	1.95538635573	2.32009491542	1.94127778154	2.28152481875	2.04752258096	2.32589849686
AH3	0.763815137748	0.294377361044	2.14114768004	0.849580057999	0.636971918801	0.680549908168	0.844090338328	0.621863552441	0.761404103432	0.569504122765	0.965738361527	0.549899681005	0.507453736104	1.78779311261	0.0	0.559002078299	0.755160169164	0.78152142581	1.53249466409	1.06782866119	0.851771686805	0.73527578057	0.943694528758	0.92905282262	1.4583281682	0.670503929435	0.799274185597	0.709265060416	0.641904417593	0.681732097632	1.00639163847	0.838353397777	0.691135152247	0.730936191397	1.04058921218	0.791772730788	0.917364818753	0.50576141131	0.786981338811	0.59512717738	0.559284644756	1.09254844853	0.972725335911	0.445057568874	1.11161733204	0.982294900918	1.02929583857	0.943832967617	0.836196785887	0.89178839536	1.05063248429	1.00878701788	0.740775529241	0.826531710971	0.85099959884	0.821342996617	0.587768293862	0.9864660174	0.569461043983	0.899480019333	0.619224142098	0.930629966167
AH4	0.265392334461	0.331683006283	2.25174659739	0.918143257612	0.731256491058	0.654278511358	0.868003794103	0.651703881102	0.815373479942	0.568837675205	0.935749178347	0.624977080715	0.573702870952	1.88262742871	0.559002078299	0.0	0.666187283712	0.65860540841	1.43798599323	1.00865136781	0.796339797003	0.60897102465	0.841920396327	0.866751072982	1.37429265346	0.503404673755	0.736596447559	0.592716486225	0.630744465926	0.656791517641	0.779156355727	0.591525065249	0.7466379942	0.742876568391	1.03345438376	0.796681875302	0.882682363461	0.634225268246	0.688595045916	0.498067032383	0.483137665539	1.25064245529	1.10229550507	0.544840942484	1.061980203	0.953425002417	0.92495362494	0.887380584824	0.823922788787	0.792975558241	0.976134262929	0.913280541324	0.579494253262	0.664969874335	0.720375152247	0.658188525858	0.417784340261	0.8605319913	0.375777042049	0.822220144998	0.596872474625	0.87661479942
AA7	0.730984306428	0.679271894635	2.46648514258	1.16603075399	0.966666133398	0.563706307395	1.20294537458	0.549790865152	0.555924291928	0.857645625906	0.545335833736	0.840921802803	0.558895045916	2.11371165781	0.755160169164	0.666187283712	0.0	0.15275117448	1.79438591107	1.32143130498	0.950959956501	0.615255360077	0.477552261962	0.501290575157	1.73057733688	0.793097071049	0.380441933301	0.430988719188	0.705947921701	0.881295176414	0.625027805703	0.421374282262	0.490178037699	0.516398351861	1.20751973417	0.982851449976	0.565693069116	0.817351063316	0.507220647656	0.886137825036	0.643566273562	1.48808270179	1.3499938956	0.793020057999	0.789456650556	0.65419521508	1.08722314161	0.918035611406	1.04734791687	0.972108632189	0.926713146448	0.978082943451	0.672661817303	0.685661681972	0.697457515708	0.717046916385	0.514706703722	0.973358840019	0.538599850169	0.915690029	0.426779139681	0.855102276462
AA8	0.717726761721	0.678148472692	2.49442064766	1.19637899952	0.984620478492	0.580392899952	1.20900756887	0.561492489125	0.572292817786	0.867398376027	0.551953948768	0.861178003867	0.576440894152	2.13911646206	0.78152142581	0.65860540841	0.15275117448	0.0	1.7799540986	1.30532043983	0.946193914935	0.596231541808	0.511677017883	0.523232769454	1.68841523925	0.758128496858	0.398418714355	0.443153629773	0.716720739488	0.895157264379	0.553494949251	0.338446868052	0.521217738038	0.541316109232	1.19508576607	0.980641126148	0.573533948768	0.834519076849	0.489455553407	0.862780212663	0.626000560657	1.5235677477	1.38412653939	0.784498472692	0.773913905268	0.64377681972	1.07865564041	0.908614867086	1.05252553891	0.940236694055	0.911567230546	0.969020758821	0.667117071049	0.664185161914	0.667595331078	0.686264064766	0.538589603673	0.969636278395	0.563701077815	0.876635384244	0.444808081199	0.846575683905
AB7	1.46248650556	1.50532570324	1.19020066216	1.00218211696	1.44198866119	1.79866596423	1.28462297245	1.79133634123	1.93697292895	1.43486255679	2.03264219913	1.56353661672	1.72137848236	0.911263165781	1.53249466409	1.43798599323	1.79438591107	1.7799540986	0.0	0.537907114548	1.48206850652	1.60072840503	1.89673656839	1.94816782504	1.08579992267	1.41996805703	1.83522498308	1.64740567907	1.3729041276	1.16431268729	1.72301523441	1.67119055582	1.83579444659	1.88838554857	1.86492501692	1.8039458869	2.00001898985	1.45361365877	1.85012503142	1.47723255196	1.64572202513	0.972725239246	0.998967201547	1.48318052682	2.17936771387	2.07054506042	1.92228880135	1.96821891252	1.80374788304	1.8499938086	2.05533929918	1.9741960174	1.76355198163	1.83903559691	1.86729149831	1.81686344128	1.61149508942	1.91611492025	1.58460753021	1.90256547124	1.76497718221	1.97809026583
AB8	1.04511193813	1.04286610923	1.47943823586	0.554825790237	1.02367876269	1.33174693088	0.826319115515	1.30032612373	1.45734911068	0.965117172547	1.56504814403	1.09805410343	1.25012064766	1.12698565007	1.06782866119	1.00865136781	1.32143130498	1.30532043983	0.537907114548	0.0	1.0207278202	1.11749983084	1.40926333494	1.4544057274	1.10619910101	0.970949980667	1.35199637023	1.16367743354	0.86545897535	0.671645775737	1.27768785887	1.21154077332	1.36069666989	1.40989967134	1.45430003867	1.3459902465	1.52896030449	0.97622539391	1.38911713388	1.04473567424	1.18408050749	0.726669917835	0.680917544708	1.00557839053	1.72303253746	1.60145508458	1.52869195263	1.52367015466	1.40048739004	1.41585092798	1.61390605607	1.55546077332	1.32602790237	1.39065994683	1.4239382842	1.37804726921	1.15173709038	1.51136307878	1.13439509908	1.46356206863	1.2892440841	1.53113259546
AC7	0.822362783954	0.851531271145	1.96668135814	0.898991454809	1.0051179217	0.904110990817	0.867753093282	0.849340952151	0.993457269212	0.699668318028	1.07992275979	0.921576085065	0.905602039633	1.60920445143	0.851771686805	0.796339797003	0.950959956501	0.946193914935	1.48206850652	1.0207278202	0.0	0.474329052682	0.942982658289	1.00124871435	1.38233333978	0.677737945868	0.925201000483	0.735124258096	0.581031068149	0.557097762204	0.865927936201	0.79398478492	0.882318081199	0.91140478492	1.27660086032	1.10324952151	1.14275365394	0.733132257129	1.02092292412	0.949445679072	0.910527283712	1.19033846303	1.05508658289	0.714281735138	1.14857953601	1.0302539826	1.4376239971	1.41590318511	1.22428068149	1.27296820203	1.50122250846	1.45515557274	1.08278748671	1.16768728371	1.23667387627	1.16799922668	0.92140702755	1.38935769454	0.882977496375	1.2771579507	0.9226339826	1.3881861769
AC8	0.645107709038	0.664288240696	2.20768319961	0.958873547608	0.977397984534	0.624645775737	0.978113968101	0.569827936201	0.681443083615	0.655781121315	0.826040067666	0.837550241663	0.596887003383	1.84604283229	0.73527578057	0.60897102465	0.615255360077	0.596231541808	1.60072840503	1.11749983084	0.474329052682	0.0	0.649018429193	0.68218417593	1.51626304012	0.598981855969	0.501594403093	0.321299961334	0.45838120348	0.598054074432	0.611405901402	0.472621222813	0.582757805703	0.604239308845	1.12450675205	0.860716080232	0.808589163847	0.656066655389	0.683053156114	0.807000947318	0.636681846303	1.25476545674	1.10657318028	0.639758066699	0.886767448043	0.786740492992	1.24982529725	1.07967380377	1.0363322958	1.02130817786	1.1490520348	1.16756036249	0.790858666022	0.820419942001	0.881404659256	0.860666558724	0.551558815853	1.14670921218	0.570234446593	0.963804267762	0.556852895118	1.03632296278
AD7	0.829211899468	0.897741140648	2.38719653456	1.14008983084	1.24152962784	0.714036394393	1.30853506525	0.580620188497	0.475185389077	0.952447341711	0.420788869019	1.10467285645	0.73078840986	2.03324813436	0.943694528758	0.841920396327	0.477552261962	0.511677017883	1.89673656839	1.40926333494	0.942982658289	0.649018429193	0.0	0.151154166264	1.86519808603	0.874091343644	0.357887187047	0.470943349444	0.687704543258	0.860333586274	0.713050265829	0.60267980667	0.470099879169	0.536930807153	1.39396407927	1.14573126148	0.639449681005	0.873019178347	0.715234765587	1.07276416143	0.851670879652	1.42469084582	1.28103841469	0.916692561624	0.825397448043	0.733450077332	1.35344743838	1.18183744321	1.27620320445	1.21091735621	1.17828340744	1.26420659256	0.954538197197	0.924890570324	0.931556553891	0.9846820203	0.747952924118	1.26969261962	0.788370004833	1.14326221363	0.619759511841	1.10187851136
AD8	0.889410115998	0.869950328661	2.43855751571	1.18075235863	1.21976870469	0.696710425326	1.35332999517	0.552776684389	0.452841478975	0.984807510875	0.405789366844	1.07975756887	0.728810792653	2.08263907202	0.92905282262	0.866751072982	0.501290575157	0.523232769454	1.94816782504	1.4544057274	1.00124871435	0.68218417593	0.151154166264	0.0	1.89246837603	0.881680792653	0.370526602223	0.513904407927	0.692452290962	0.905599458676	0.750082943451	0.619926288062	0.4725920058	0.52405182697	1.36533100532	1.1179840841	0.598279555341	0.84211962784	0.69312340261	1.05398351861	0.830859149348	1.47073511358	1.3276577912	0.8916179797	0.787550357661	0.707740029	1.32456898018	1.13833909135	1.25721449009	1.17969440309	1.13606253262	1.23191956017	0.932082890285	0.894663673272	0.887589937168	0.951189294345	0.773472049299	1.24335737071	0.813210792653	1.11249645723	0.614935418076	1.05792181247
AE7	1.3924617593	1.43653717738	1.90098404543	1.28099344611	1.28907149348	1.68078263896	1.19894850169	1.74715810053	1.90267230063	1.31703722088	1.99201140164	1.42090317061	1.61839802803	1.62370571774	1.4583281682	1.37429265346	1.73057733688	1.68841523925	1.08579992267	1.10619910101	1.38233333978	1.51626304012	1.86519808603	1.89246837603	0.0	1.04401910585	1.81028315611	1.60251261962	1.38407130981	1.27830602707	1.56878292895	1.56121141614	1.81075778154	1.8364180957	1.68187503142	1.67850869019	1.92862583374	1.47727802803	1.79361736588	1.35805568391	1.57801045433	1.45562604157	1.43376218463	1.42692888835	2.04284282262	1.93625397293	1.71906002417	1.84071393427	1.62450941034	1.67411090865	1.93842826003	1.80889189947	1.62797712421	1.70551901885	1.76110343644	1.65689903335	1.57347810536	1.74448843403	1.52703778637	1.75422492025	1.70443925085	1.85947945868
AE8	0.599936785887	0.559785476075	2.1615237216	0.872284876752	0.780695306912	0.742025843403	0.864625509908	0.765180570324	0.925607752537	0.575015302078	1.01794202997	0.667512764621	0.692068086032	1.80730985017	0.670503929435	0.503404673755	0.793097071049	0.758128496858	1.41996805703	0.970949980667	0.677737945868	0.598981855969	0.874091343644	0.881680792653	1.04401910585	0.0	0.827059439343	0.648906505558	0.599134881585	0.570916935718	0.749941377477	0.658806723055	0.834184311261	0.851341155147	1.08282566941	0.888307109715	0.967956897052	0.668275925568	0.861063006283	0.612413929435	0.647402464959	1.21934788304	1.07503463026	0.599039990333	1.10611350894	1.00239647173	1.11756028033	1.09630051232	0.931116771387	0.960271280812	1.18418970517	1.13774121315	0.804435137748	0.861574886419	0.93146979217	0.869368405027	0.678173934268	1.08145696472	0.645933479942	0.97390081682	0.741909560174	1.07491492992
AF7	0.763984838086	0.747906781054	2.39484871919	1.15354620106	1.07382472209	0.591036031899	1.23416071532	0.497546834219	0.443029444176	0.864119168681	0.495353107782	0.938748086032	0.597918893185	2.03615057516	0.799274185597	0.736596447559	0.380441933301	0.398418714355	1.83522498308	1.35199637023	0.925201000483	0.501594403093	0.357887187047	0.370526602223	1.81028315611	0.827059439343	0.0	0.282933871435	0.636717046883	0.820384117931	0.673719927501	0.540430763654	0.409767162881	0.455415345578	1.21188951667	0.96225060899	0.531800976317	0.757874456259	0.590195949734	0.931399652006	0.690878318028	1.43435861286	1.28943224263	0.762732382794	0.770381261479	0.694620135331	1.21187050749	1.04121755437	1.09911109715	1.04532494925	1.0415901305	1.11788772837	0.79541579507	0.792960947318	0.813645181247	0.853456524891	0.601019656839	1.11729591107	0.634884867086	0.980180082165	0.468949540841	0.955808260029
AF8	0.608728724021	0.638298545191	2.25501652006	0.991346172064	0.96869320928	0.5604340116	1.06486041566	0.433385906235	0.509817564041	0.695291416143	0.681239768004	0.840527834703	0.54161677622	1.8948718898	0.709265060416	0.592716486225	0.430988719188	0.443153629773	1.64740567907	1.16367743354	0.735124258096	0.321299961334	0.470943349444	0.513904407927	1.60251261962	0.648906505558	0.282933871435	0.0	0.495982895118	0.662981507975	0.630168134364	0.462470947318	0.441864185597	0.482027138714	1.1612558289	0.906602730788	0.668268748188	0.68270258579	0.573915679072	0.802122068632	0.617424659256	1.28789955051	1.14409885452	0.671459159014	0.855772890285	0.750153165781	1.17680553891	1.01075735138	1.02669142581	0.998795456742	1.01824233929	1.09165068632	0.748113939101	0.774740212663	0.797692353794	0.820539308845	0.495148820686	1.08445828903	0.530967129048	0.946151498308	0.436172672789	0.932413692605
AG7	0.701243296278	0.645831831803	1.94054129048	0.67489939101	0.838575969067	0.643524823586	0.929261947801	0.544865176414	0.680197404543	0.599579830836	0.8244560029	0.778602899952	0.614101681972	1.58950389077	0.641904417593	0.630744465926	0.705947921701	0.716720739488	1.3729041276	0.86545897535	0.581031068149	0.45838120348	0.687704543258	0.692452290962	1.38407130981	0.599134881585	0.636717046883	0.495982895118	0.0	0.275261503142	0.79410840986	0.64631640406	0.59849439826	0.683159072015	1.22809469309	0.953611880135	0.872295123248	0.472989937168	0.772879946834	0.796012416626	0.671779357177	1.04211064282	0.900090449493	0.48877520058	1.04589814403	0.928621300145	1.27936057516	1.10845115998	1.10808321411	1.09604090382	1.197229768	1.19449328178	0.865435877235	0.894790889319	0.943361918801	0.923947936201	0.641563073949	1.20322842436	0.647271048816	1.05081369744	0.670301377477	1.08470618656
AG8	0.703724393427	0.699417646206	1.80455124215	0.584841561141	0.836721532141	0.796284364427	0.784550507492	0.753586118898	0.903165741904	0.563272044466	1.02129960367	0.782840043499	0.768918255196	1.44355498308	0.681732097632	0.656791517641	0.881295176414	0.895157264379	1.16431268729	0.671645775737	0.557097762204	0.598054074432	0.860333586274	0.905599458676	1.27830602707	0.570916935718	0.820384117931	0.662981507975	0.275261503142	0.0	0.898317017883	0.819078728855	0.80350760754	0.860997133881	1.23463769454	1.01435058966	1.05322821653	0.484607419043	0.94896760754	0.791061565974	0.775940405993	0.934488907685	0.7871480087	0.53497659739	1.20776219913	1.08224310295	1.2986317738	1.2502517158	1.12752556791	1.18097398743	1.33883634606	1.31088529241	0.984841730304	1.02116394393	1.0805160174	1.05071487192	0.788343707105	1.26621896568	0.773306732721	1.17805785887	0.819712237796	1.22405300628
AH7	0.732047472209	0.883049511841	2.44759423393	1.27409280812	1.1654119478	0.808670072499	1.18262782504	0.834714030933	0.89689362494	0.900798361527	0.856785969067	1.05082052199	0.840275031416	2.1126182552	1.00639163847	0.779156355727	0.625027805703	0.553494949251	1.72301523441	1.27768785887	0.865927936201	0.611405901402	0.713050265829	0.750082943451	1.56878292895	0.749941377477	0.673719927501	0.630168134364	0.79410840986	0.898317017883	0.0	0.292716839053	0.864590869986	0.872529724505	1.19442857419	1.02177522475	0.831688724021	0.965243064282	0.761133914935	0.967426578057	0.821512754954	1.52377026583	1.38679500242	0.93117179797	0.976726544224	0.896692609956	1.24442458676	1.09378263412	1.1700661914	1.05578825036	1.11718029483	1.15774923151	0.847471420976	0.828099569841	0.844763600773	0.849873378444	0.751091677139	1.15589217496	0.779998695022	1.01396912518	0.725144093765	1.047559971
AH8	0.614449279845	0.699736916385	2.41878150314	1.15391631706	1.00351037216	0.616641256646	1.10253480425	0.636257704205	0.723255210246	0.781812136298	0.731334069599	0.890466118898	0.656026399227	2.06199755921	0.838353397777	0.591525065249	0.421374282262	0.338446868052	1.67119055582	1.21154077332	0.79398478492	0.472621222813	0.60267980667	0.619926288062	1.56121141614	0.658806723055	0.540430763654	0.462470947318	0.64631640406	0.819078728855	0.292716839053	0.0	0.686071053649	0.667575476075	1.1370099855	0.915656916385	0.722070541324	0.821003586274	0.57231622523	0.819835065249	0.646047796037	1.45471641373	1.31626179797	0.77257218463	0.839968999517	0.748236573224	1.0917142726	0.942926317061	1.02570491542	0.913620082165	0.956812319961	1.00562116965	0.664581696472	0.676011169647	0.685268733688	0.692381072982	0.562582812953	0.992776408893	0.582259971	0.852158347028	0.518158670855	0.881286524891
AA5	0.822357172547	0.642416457226	2.27553052682	1.0547941856	0.959700584824	0.514192532624	1.20541912035	0.296011280812	0.277556926051	0.848689734171	0.480230517158	0.815201338811	0.545961899468	1.92789871435	0.691135152247	0.7466379942	0.490178037699	0.521217738038	1.83579444659	1.36069666989	0.882318081199	0.582757805703	0.470099879169	0.4725920058	1.81075778154	0.834184311261	0.409767162881	0.441864185597	0.59849439826	0.80350760754	0.864590869986	0.686071053649	0.0	0.258922817786	1.2264758579	0.922166036733	0.620635872402	0.620033460609	0.622227858869	0.838204794587	0.624813146448	1.27658017883	1.13695940551	0.636892798453	0.776543910101	0.646739178347	1.26817875302	1.08737948768	1.06888565491	1.07006310295	1.10469336878	1.18291960851	0.816538859352	0.836769811503	0.844793629773	0.892039221846	0.61763497825	1.17883805703	0.657911082649	1.01362091348	0.498695901402	1.01415630256
AA6	0.802562638956	0.649790352827	2.38610802803	1.1291501305	0.937747887869	0.428317805703	1.17702287579	0.316407100048	0.31395979217	0.846099975834	0.46188438376	0.780333098115	0.505874258096	2.02348447076	0.730936191397	0.742876568391	0.516398351861	0.541316109232	1.88838554857	1.40989967134	0.91140478492	0.604239308845	0.536930807153	0.52405182697	1.8364180957	0.851341155147	0.455415345578	0.482027138714	0.683159072015	0.860997133881	0.872529724505	0.667575476075	0.258922817786	0.0	1.09699242146	0.816779835669	0.503198641856	0.645062967617	0.495947167714	0.842935500242	0.541656031899	1.38201894635	1.2259417883	0.652602827453	0.571284949251	0.441944374094	1.14432740938	0.96680457709	0.948871971967	0.922963436443	0.985492464959	1.05483199613	0.682088521025	0.722349787337	0.741000768487	0.761558501692	0.632489531174	1.03405930884	0.665044156597	0.876483808603	0.457380681489	0.894700599323
AB5	1.10019361044	0.951030642823	2.53966400677	1.37234235863	0.833088506525	1.00436706622	1.20317932818	1.09409328661	1.18810023683	1.01324079749	1.20351954084	0.783798453359	1.01283499275	2.18422986467	1.04058921218	1.03345438376	1.20751973417	1.19508576607	1.86492501692	1.45430003867	1.27660086032	1.12450675205	1.39396407927	1.36533100532	1.68187503142	1.08282566941	1.21188951667	1.1612558289	1.22809469309	1.23463769454	1.19442857419	1.1370099855	1.2264758579	1.09699242146	0.0	0.39321081682	0.99171580957	1.06278720155	0.980875548574	0.849841300145	0.874979685839	1.58407100048	1.47665164814	0.984722498792	1.0391122668	0.966617288545	0.880801155147	0.991989942001	0.777751778637	0.818647602707	1.08710333978	0.977524514258	0.832262663122	0.905448743354	0.964057143548	0.878288777187	1.06830552924	0.892637269212	1.03215993233	0.893771986467	1.02917783954	0.982203112615
AB6	0.875644939584	0.702428941518	2.47095898018	1.22723362977	0.734680792653	0.732377061382	1.07615185597	0.804789139681	0.906261416143	0.842951652972	0.974643291445	0.565056365394	0.740822503625	2.11136518608	0.791772730788	0.796681875302	0.982851449976	0.980641126148	1.8039458869	1.3459902465	1.10324952151	0.860716080232	1.14573126148	1.1179840841	1.67850869019	0.888307109715	0.96225060899	0.906602730788	0.953611880135	1.01435058966	1.02177522475	0.915656916385	0.922166036733	0.816779835669	0.39321081682	0.0	0.774783475109	0.80399839536	0.764990067666	0.693318293862	0.619951246979	1.46429805703	1.34282134364	0.706960468826	0.816033204447	0.752188066699	0.761962798453	0.748254552924	0.551500323828	0.570049149348	0.845074378927	0.761055389077	0.596110937651	0.684495857902	0.745366462059	0.670177631706	0.801662281295	0.687551633639	0.763536259062	0.620891677139	0.79147959884	0.733037187047
AC5	0.94524017883	0.821781899468	2.62093130981	1.36934830836	1.00420478009	0.592312774287	1.30068321895	0.570021933301	0.51195101015	0.969035998067	0.449551387144	0.811493837603	0.699261493475	2.26212122765	0.917364818753	0.882682363461	0.565693069116	0.573533948768	2.00001898985	1.52896030449	1.14275365394	0.808589163847	0.639449681005	0.598279555341	1.92862583374	0.967956897052	0.531800976317	0.668268748188	0.872295123248	1.05322821653	0.831688724021	0.722070541324	0.620635872402	0.503198641856	0.99171580957	0.774783475109	0.0	0.809081522475	0.476715311745	0.93105897535	0.667136394393	1.64466828903	1.49152909135	0.809126979217	0.52148842436	0.453163634606	0.987671367811	0.804067713871	0.921685248913	0.831280135331	0.790532701788	0.870127767037	0.623461014983	0.588570642823	0.584297457709	0.619249855002	0.79443301595	0.885571532141	0.814482701788	0.779177907202	0.588393823103	0.723605630739
AC6	0.768707936201	0.535709318511	1.970890203	0.73550481392	0.693748496858	0.657400599323	0.72716919768	0.542865108748	0.726749333011	0.50498537941	0.873977423876	0.627712218463	0.626168632189	1.61091100532	0.50576141131	0.634225268246	0.817351063316	0.834519076849	1.45361365877	0.97622539391	0.733132257129	0.656066655389	0.873019178347	0.84211962784	1.47727802803	0.668275925568	0.757874456259	0.68270258579	0.472989937168	0.484607419043	0.965243064282	0.821003586274	0.620033460609	0.645062967617	1.06278720155	0.80399839536	0.809081522475	0.0	0.772129980667	0.644919946834	0.602851681972	0.871084639923	0.714520425326	0.304186162397	1.03815218946	0.917216428226	1.14183644756	1.08315091832	0.95307542291	0.98567138231	1.17075794587	1.13432769454	0.816893615273	0.888413924601	0.948666471725	0.896780676655	0.658087259546	1.08968394877	0.645860831319	1.00890858386	0.68280017883	1.06767625906
AD6	0.734830067666	0.634902460126	2.53313344611	1.21812162881	0.875552271629	0.441523030449	1.1580518898	0.475043798937	0.570388419526	0.832316810053	0.532557892702	0.744629217013	0.550652484292	2.16991023683	0.786981338811	0.688595045916	0.507220647656	0.489455553407	1.85012503142	1.38911713388	1.02092292412	0.683053156114	0.715234765587	0.69312340261	1.79361736588	0.861063006283	0.590195949734	0.573915679072	0.772879946834	0.94896760754	0.761133914935	0.57231622523	0.622227858869	0.495947167714	0.980875548574	0.764990067666	0.476715311745	0.772129980667	0.0	0.725691773804	0.415056945384	1.54006611406	1.39519709522	0.735192566457	0.677570048333	0.572018289029	0.851822435959	0.677928951184	0.835733165781	0.706550662156	0.709369975834	0.762830144998	0.479976133398	0.468929859836	0.502785625906	0.519415190913	0.580839202513	0.761986341228	0.59047057999	0.656341638473	0.378602136298	0.621783784437
AE5	0.601531923635	0.479285940068	2.29171497342	0.986910067666	0.61868640406	0.755964229096	0.811848980184	0.736849685839	0.951824088932	0.547413600773	1.03310859352	0.56294297245	0.697975683905	1.92617354277	0.59512717738	0.498067032383	0.886137825036	0.862780212663	1.47723255196	1.04473567424	0.949445679072	0.807000947318	1.07276416143	1.05398351861	1.35805568391	0.612413929435	0.931399652006	0.802122068632	0.796012416626	0.791061565974	0.967426578057	0.819835065249	0.838204794587	0.842935500242	0.849841300145	0.693318293862	0.93105897535	0.644919946834	0.725691773804	0.0	0.395114780087	1.23692763171	1.10060625906	0.558801275979	1.13419714355	1.02712482359	0.879410149831	0.884911802803	0.755207056549	0.709093745771	0.988260628323	0.917657617206	0.59766641856	0.69708522958	0.789049473175	0.65219699855	0.595873276945	0.844726660222	0.550012716288	0.767979028516	0.707520135331	0.870973924601
AE6	0.5690240261	0.400547235379	2.38159482842	1.04560022716	0.686268501692	0.477371942968	0.936123247946	0.506176452392	0.658375505075	0.622913252779	0.739917496375	0.562825978734	0.428977984534	2.01683444176	0.559284644756	0.483137665539	0.643566273562	0.626000560657	1.64572202513	1.18408050749	0.910527283712	0.636681846303	0.851670879652	0.830859149348	1.57801045433	0.647402464959	0.690878318028	0.617424659256	0.671779357177	0.775940405993	0.821512754954	0.646047796037	0.624813146448	0.541656031899	0.874979685839	0.619951246979	0.667136394393	0.602851681972	0.415056945384	0.395114780087	0.0	1.35016969067	1.19975689222	0.523112595457	0.846936099565	0.736378327695	0.873594035766	0.752882126631	0.689626737554	0.646384195263	0.84626818753	0.799978593523	0.42208937651	0.512430478492	0.582564185597	0.512727535041	0.45095077332	0.775706476559	0.427420526825	0.638295132914	0.438338898018	0.734259724505
AF5	1.31223897535	1.21898764621	1.28276397777	0.617322174964	1.16930514258	1.39891255679	0.868162431126	1.27419474625	1.37332645239	1.02891313195	1.56272507008	1.23096856452	1.32576489125	0.932516650556	1.09254844853	1.25064245529	1.48808270179	1.5235677477	0.972725239246	0.726669917835	1.19033846303	1.25476545674	1.42469084582	1.47073511358	1.45562604157	1.21934788304	1.43435861286	1.28789955051	1.04211064282	0.934488907685	1.52377026583	1.45471641373	1.27658017883	1.38201894635	1.58407100048	1.46429805703	1.64466828903	0.871084639923	1.54006611406	1.23692763171	1.35016969067	0.0	0.210476549058	1.01392958434	1.78725839536	1.66112689705	1.73226304012	1.70409299662	1.57066663606	1.62043815853	1.79381432093	1.76262616723	1.5212937796	1.60309666989	1.65431598357	1.60152650556	1.29836021266	1.72720955534	1.28756344128	1.653180174	1.42909301595	1.7092921508
AF6	1.16509383277	1.06849377477	1.40752133881	0.51464982117	1.05634131464	1.255499971	0.730672861286	1.12029549058	1.24728878202	0.879521764137	1.4237960609	1.11520586757	1.18495623006	1.05739295795	0.972725335911	1.10229550507	1.3499938956	1.38412653939	0.998967201547	0.680917544708	1.05508658289	1.10657318028	1.28103841469	1.3276577912	1.43376218463	1.07503463026	1.28943224263	1.14409885452	0.900090449493	0.7871480087	1.38679500242	1.31626179797	1.13695940551	1.2259417883	1.47665164814	1.34282134364	1.49152909135	0.714520425326	1.39519709522	1.10060625906	1.19975689222	0.210476549058	0.0	0.863208801353	1.64276133398	1.51190079749	1.61805205897	1.58330360077	1.45911938618	1.50290745771	1.66836569841	1.65492526825	1.37629579024	1.45960695505	1.51354820203	1.45530288062	1.15454233929	1.61477088932	1.14349698405	1.53245367811	1.28044981634	1.57812349928
AG5	0.695349951667	0.451916476559	2.08521237313	0.802828192363	0.581906462059	0.588594330594	0.754497564041	0.556611967134	0.730351725471	0.495218820686	0.856781865636	0.519147477042	0.560814388594	1.72349888835	0.445057568874	0.544840942484	0.793020057999	0.784498472692	1.48318052682	1.00557839053	0.714281735138	0.639758066699	0.916692561624	0.8916179797	1.42692888835	0.599039990333	0.762732382794	0.671459159014	0.48877520058	0.53497659739	0.93117179797	0.77257218463	0.636892798453	0.652602827453	0.984722498792	0.706960468826	0.809126979217	0.304186162397	0.735192566457	0.558801275979	0.523112595457	1.01392958434	0.863208801353	0.0	1.00658187047	0.888470497825	1.05244842919	1.00390534558	0.841795611406	0.875598791687	1.09867108748	1.04039074432	0.697504697922	0.803883286612	0.880057689705	0.776372223296	0.620842034799	0.987134867086	0.588721290478	0.880851585307	0.639352508458	0.984334697922
