	AA3	AA4	AB3	AB4	AC3	AC4	AD3	AD4	AE3	AE4	AF3	AF4	AG3	AG4	AH3	AH4	AA7	AA8	AB7	AB8	AC7	AC8	AD7	AD8	AE7	AE8	AF7	AF8	AG7	AG8	AH7	AH8	AA5	AA6	AB5	AB6	AC5	AC6	AD6	AE5	AE6	AF5	AF6	AG5	AH5	AH6	AA1	AA2	AB1	AB2	AC1	AC2	AD1	AD2	AE1	AE2	AF1	AF2	AG1	AG2	AH1	AH2
AA3	0.0	0.563957970034	2.24284996617	0.936629202513	0.872884601257	0.748317457709	0.896589995167	0.835880053166	0.95248481392	0.66279460609	0.967050662156	0.732508530691	0.743551319478	1.88258925085	0.745086669889	0.305875079749	0.835499081682	0.784329768004	1.43600029	1.05188558241	0.826429163847	0.684391372644	0.922389023683	0.945234161431	1.32560149348	0.601722363461	0.832155882069	0.728068927018	0.72935681972	0.684139192847	0.769874963751	0.697379009183	0.89848980667	0.849294422426	1.06692501692	0.928531730304	1.01090568874	0.785688361527	0.851559685839	0.561352677622	0.617452155631	1.25974131948	1.15769287579	0.717470502658	1.1367257999	1.09350283229	0.991983881102	0.974342160464	0.892148525858	0.878452203963	1.06724211696	1.00168412276	0.656776109232	0.757388139198	0.812143692605	0.645043262446	0.557948313195	0.924838003867	0.546856979217	0.921546863219	0.709944876752	0.972812203963
AA4	0.563957970034	0.0	2.22195833736	0.869323615273	0.612760077332	0.578884601257	0.872277351377	0.555494446593	0.720060724988	0.554170565491	0.831697167714	0.475223204447	0.452628941518	1.86268028033	0.295323663606	0.334204137264	0.664621266312	0.708812097632	1.51822094732	1.06035220396	0.873825693572	0.679263571774	0.886536437893	0.830309531174	1.45366532141	0.620523513775	0.711506795553	0.635333760271	0.677811880135	0.703648086032	0.900597293378	0.741658844853	0.649485350411	0.638262174964	0.921540289995	0.716050560657	0.841156853552	0.547873011116	0.67613840986	0.47015497825	0.435575886902	1.18391718221	1.03605159981	0.456657075882	0.965900173997	0.895729328178	0.920521677139	0.809884789753	0.678024533591	0.732062518125	0.932816384727	0.879727573707	0.648631256646	0.680360889319	0.68644157564	0.588561039149	0.457549743838	0.821772387627	0.466672870952	0.782683431609	0.504683794103	0.79322142581
AB3	2.24284996617	2.22195833736	0.0	1.46317672305	2.19525522475	2.38668636056	1.90071255679	2.29563251329	2.34932310295	2.07776182697	2.51264076365	2.25611077332	2.31049992267	0.399399323345	2.11487012083	2.28645926535	2.47883283712	2.50253197197	1.15777853069	1.44675110198	1.94498163364	2.19703044466	2.39607246496	2.42699686805	1.90479192363	2.13899381827	2.38296387627	2.28614261479	1.88683649106	1.81641786854	2.44196667956	2.43945205897	2.27836930401	2.36579541808	2.5369159884	2.48042695505	2.63698621073	1.97745596907	2.5546758289	2.28749803287	2.39766295312	1.29084284679	1.41716071532	2.07166705172	2.72728105365	2.64842268729	2.67549616723	2.67818620106	2.47937300145	2.60252165781	2.76324714355	2.73088763171	2.55782333011	2.62279300145	2.62467641373	2.54658718705	2.30495420976	2.66582494442	2.29543720155	2.64700908652	2.41360479942	2.69003010633
AB4	0.936629202513	0.869323615273	1.46317672305	0.0	0.918027278879	1.02780905752	0.803372837119	1.01568434509	1.13372791687	0.789603276945	1.20226048333	0.92895777187	0.883821179314	1.08615098115	0.79778979217	0.923601933301	1.16326895118	1.16769064766	1.01206839053	0.513940265829	0.856778182697	0.925549661672	1.13634053649	1.13684636056	1.2908939536	0.868948898018	1.12804566457	1.00383365394	0.609948806187	0.599612194297	1.24081626873	1.15750008217	1.05985423393	1.08664755921	1.36336311261	1.22881901885	1.38849001933	0.734262174964	1.23036533108	0.962574079265	1.04378068149	0.620391478975	0.512717660706	0.773966568391	1.4507038956	1.37100262929	1.44812697438	1.39981628323	1.2329537071	1.33449258096	1.50360963751	1.46627957951	1.22391344128	1.30201594007	1.32973387144	1.20937545191	0.994579043016	1.40403495892	0.979272619623	1.35994157564	1.08102119381	1.38478947801
AC3	0.872884601257	0.612760077332	2.19525522475	0.918027278879	0.0	0.772397225713	0.883271474142	0.875755355244	0.967797912035	0.688167626873	1.05671775737	0.283048849686	0.792235282745	1.83975826003	0.665153726438	0.771160831319	0.962484572257	0.996675113581	1.48889031416	1.07304139681	1.05420730788	1.00361736588	1.2461342436	1.19070912518	1.34251405993	0.826525118415	1.06003594973	0.991243600773	0.90212699855	0.905851391977	1.18735922668	1.04719639923	0.967617810536	0.947536742388	0.775374635089	0.737833963267	0.990945234413	0.751645084582	0.873082344128	0.659188637023	0.729156437893	1.19946531174	1.06507542774	0.605052687289	1.15062948284	1.09227475109	0.895733044949	0.945163852102	0.678039874335	0.813405650072	1.07643912035	0.969822266796	0.772043726438	0.844995737071	0.890218820686	0.806871440309	0.842774325761	0.894676099565	0.818575867569	0.903534229096	0.841395074915	0.938165534074
AC4	0.748317457709	0.578884601257	2.38668636056	1.02780905752	0.772397225713	0.0	1.13233764137	0.408294833253	0.500395079749	0.780958936684	0.371287394877	0.54338117448	0.412368361527	2.02628248429	0.692186495892	0.597485712905	0.540403663606	0.53499019333	1.80948511358	1.28922089415	0.910400560657	0.575028849686	0.664490637989	0.644001130981	1.69298856936	0.730602402127	0.569210903818	0.533286442726	0.672133726438	0.787376215563	0.795536578057	0.626364277429	0.492581193813	0.396845896568	1.01893487675	0.755389429676	0.633112880619	0.628572363461	0.499477733204	0.699212745288	0.516330338328	1.37014490575	1.21943111648	0.598061348478	0.725222909618	0.639908148864	1.06585250362	0.841522885452	0.799886631223	0.812889217013	0.90430179797	0.932433905268	0.619353160947	0.666947568874	0.661893977767	0.626139270179	0.603157651039	0.928021841469	0.621240391493	0.781955978734	0.378669478009	0.793304548091
AD3	0.896589995167	0.872277351377	1.90071255679	0.803372837119	0.883271474142	1.13233764137	0.0	1.08698865636	1.32353437409	0.427692953117	1.38439790237	0.908725311745	1.09841632673	1.54364630256	0.793366660222	0.913016297728	1.25168	1.23633608023	1.29062853552	0.819024151764	0.890899468342	0.988678844853	1.31629947318	1.31420866119	1.20208825036	0.879679888835	1.22070434993	1.11490415176	0.899988651522	0.792898690188	1.18086066699	1.12412559207	1.21516372644	1.16998486225	1.1944039826	1.0822877767	1.31248066216	0.739718598357	1.21407318995	0.831256950217	0.98502557274	0.811083977767	0.744984108265	0.760656921218	1.42736769454	1.38114231029	1.35352356211	1.35640639439	1.09971012083	1.20008126148	1.49583705172	1.40273369261	1.17401646689	1.23093301112	1.28280310295	1.13393791687	0.97159457709	1.31666853069	0.959254523925	1.25375348478	1.1521242871	1.35684264379
AD4	0.835880053166	0.555494446593	2.29563251329	1.01568434509	0.875755355244	0.408294833253	1.08698865636	0.0	0.277860246496	0.710005002417	0.466177887869	0.703146872885	0.50433661189	1.94061636056	0.650161309811	0.639580343161	0.495507718705	0.522611348478	1.82382989367	1.31820194297	0.90306582407	0.550986834219	0.519146737554	0.490381899468	1.7812178927	0.793834016433	0.469351565974	0.420286631223	0.590729739004	0.762314818753	0.836010666989	0.66490359594	0.278977767037	0.302598864186	1.13068568874	0.840717496375	0.606377641373	0.571749990333	0.495470352827	0.746115882069	0.587436549058	1.27904328661	1.12365416626	0.613924417593	0.68810980667	0.591159424843	1.16300543258	0.923142310295	0.910129690672	0.967202745288	0.952868124698	1.03829727405	0.748519700338	0.744388849686	0.696632387627	0.724662996617	0.588856737554	1.03001211213	0.641526959884	0.931238767521	0.486312344128	0.876511464476
AE3	0.95248481392	0.720060724988	2.34932310295	1.13372791687	0.967797912035	0.500395079749	1.32353437409	0.277860246496	0.0	0.936149946834	0.372922919285	0.799826278395	0.595674944418	2.00327969067	0.790128622523	0.781896133398	0.506087085549	0.557642073465	1.95281261479	1.45169396327	1.01966645723	0.668226655389	0.457523446109	0.468997283712	1.92044387144	0.933317675205	0.480302677622	0.503609729338	0.720722542291	0.90505221363	0.920538801353	0.769206781054	0.278129661672	0.355542039633	1.20392289029	0.928767245046	0.580047109715	0.739609202513	0.560713363944	0.929615828903	0.72153362494	1.37772796037	1.2244737071	0.76138280812	0.741027916868	0.631348680522	1.24489071532	0.994947148381	1.01400121798	1.04425783954	1.01290596423	1.11153759787	0.820966684389	0.824404243596	0.761897187047	0.811796863219	0.728457496375	1.11188122281	0.774271643306	0.996994509425	0.589861126148	0.952663620106
AE4	0.66279460609	0.554170565491	2.07776182697	0.789603276945	0.688167626873	0.780958936684	0.427692953117	0.710005002417	0.936149946834	0.0	1.02304022233	0.610272358627	0.764315708072	1.7192658289	0.516569502175	0.592140289995	0.893406756887	0.8845800145	1.43477937168	0.941819086515	0.718603750604	0.672786578057	0.947415316578	0.939324291928	1.32350130981	0.575643620106	0.853976616723	0.747836031899	0.5907559884	0.59018062349	0.908414857419	0.798111681972	0.838477162881	0.808522667956	1.0008561334	0.844018342194	0.95704319478	0.462696259062	0.841295442243	0.547099260512	0.65486319478	0.993798835186	0.843602919285	0.471409255679	1.09864280329	1.0471621073	1.0999721943	1.08944876269	0.862906167231	0.960809516675	1.2190782407	1.13108287579	0.893463968101	0.910309434509	0.940809540841	0.841611043983	0.659363228613	1.05230883035	0.651742962784	1.0048259159	0.791916447559	1.06490782504
AF3	0.967050662156	0.831697167714	2.51264076365	1.20226048333	1.05671775737	0.371287394877	1.38439790237	0.466177887869	0.372922919285	1.02304022233	0.0	0.82121182697	0.644397602707	2.1565461189	0.924825964234	0.829685857902	0.459606341228	0.472080256162	2.02396832286	1.50306059449	1.06982957951	0.75178017883	0.441073170614	0.441998965684	1.95468462542	0.981845234413	0.49070157564	0.600273131948	0.819573987434	0.98046120348	0.830917496375	0.712758168197	0.457273392943	0.445773040116	1.181740261	0.955906104398	0.49751738521	0.843224804253	0.481398371194	0.950616099565	0.736473141614	1.52483637023	1.38104707588	0.844751875302	0.671709579507	0.561803470275	1.1900201885	0.963363755437	1.04941148381	1.00170265346	0.981698946351	1.05094456742	0.767403078782	0.760597109715	0.747145857902	0.741785253746	0.831091754471	1.05568995167	0.861887602707	0.945174615756	0.53236858869	0.913437887869
AF4	0.732508530691	0.475223204447	2.25611077332	0.92895777187	0.283048849686	0.54338117448	0.908725311745	0.703146872885	0.799826278395	0.610272358627	0.82121182697	0.0	0.623044470759	1.89828106815	0.561508289029	0.608061242146	0.805258274529	0.807003083615	1.55928400677	1.08464388594	0.924115210246	0.817311735138	1.07406920251	1.02207408893	1.40512832286	0.659083460609	0.890685176414	0.829653233446	0.799403649106	0.7995840116	1.01146576607	0.874278463026	0.79289861769	0.755109342678	0.80934679072	0.619115118415	0.82927679072	0.639892638956	0.721757767037	0.527711135814	0.589284678589	1.21352871919	1.0794842001	0.485443866602	0.983120304495	0.915519705172	0.855222745288	0.840262068632	0.588674949251	0.705400898985	0.977750029	0.879699478009	0.630807704205	0.720516486225	0.777961889802	0.658308245529	0.687814475592	0.812959429676	0.674026283229	0.771268869019	0.677575524408	0.830168313195
AG3	0.743551319478	0.452628941518	2.31049992267	0.883821179314	0.792235282745	0.412368361527	1.09841632673	0.50433661189	0.595674944418	0.764315708072	0.644397602707	0.623044470759	0.0	1.93166801353	0.527606321895	0.536791000483	0.512114490092	0.562370821653	1.73141671339	1.22181803287	0.928121488642	0.597886974384	0.725473189947	0.683242774287	1.6235960609	0.704538902852	0.586561643306	0.53011921218	0.665051135814	0.774280343161	0.831374654422	0.678105079749	0.550426520058	0.498751029483	1.02657849203	0.766964354761	0.759499695505	0.623235920735	0.593633682939	0.659956863219	0.483523175447	1.29997826486	1.15261217013	0.563214688255	0.854529270179	0.776922397293	1.01148047849	0.804947689705	0.789696307395	0.812284818753	0.914394316095	0.889676254229	0.623258177864	0.65820940551	0.682839574674	0.599316292895	0.4800019913	0.896165195747	0.501951778637	0.785634557757	0.402183320445	0.789529217013
AG4	1.88258925085	1.86268028033	0.399399323345	1.08615098115	1.83975826003	2.02628248429	1.54364630256	1.94061636056	2.00327969067	1.7192658289	2.1565461189	1.89828106815	1.93166801353	0.0	1.7657178927	1.92547198647	2.12983834703	2.15087962784	0.888157196713	1.10429983084	1.58881687772	1.84121031899	2.04773151764	2.07516762687	1.62364594973	1.78861772354	2.03018932818	1.92881058966	1.54283650072	1.46471357661	2.10755696472	2.08862735138	1.93186605607	2.00776701788	2.18903862736	2.1256462784	2.29470904302	1.63621112615	2.19733803287	1.93025672789	2.03923973417	0.957596051232	1.07961314645	1.72370255679	2.37122877719	2.29378115998	2.31586669406	2.3198519333	2.11856084099	2.23951300628	2.40939159014	2.37505318028	2.2029802465	2.26214082165	2.27620233929	2.18991551957	1.95180166264	2.30792532141	1.94591419526	2.28458262929	2.05716481875	2.33579925085
AH3	0.745086669889	0.295323663606	2.11487012083	0.79778979217	0.665153726438	0.692186495892	0.793366660222	0.650161309811	0.790128622523	0.516569502175	0.924825964234	0.561508289029	0.527606321895	1.7657178927	0.0	0.531501875302	0.73630077332	0.786521551474	1.50642712421	1.01819547124	0.831921430643	0.727494127598	0.916151324311	0.869105074915	1.42938381344	0.67691478492	0.7830039826	0.700724635089	0.645336781054	0.656000246496	0.994725606573	0.850557723538	0.695438371194	0.729067269212	1.03702558724	0.828805563074	0.966628047366	0.494435505075	0.83550977767	0.579231788304	0.616787641373	1.05583967617	0.903606660222	0.407789758337	1.0852579507	1.00989962301	1.0606022668	0.961510038666	0.80578420493	0.897582798453	1.08921509908	1.04454449009	0.825894340261	0.869472508458	0.862951251812	0.771191565974	0.578278153697	0.990706665056	0.57168062349	0.928920029	0.666732126631	0.959020343161
AH4	0.305875079749	0.334204137264	2.28645926535	0.923601933301	0.771160831319	0.597485712905	0.913016297728	0.639580343161	0.781896133398	0.592140289995	0.829685857902	0.608061242146	0.536791000483	1.92547198647	0.531501875302	0.0	0.649307259546	0.632405389077	1.49194709522	1.09104213146	0.855235514741	0.602042440793	0.804649014016	0.762247008217	1.41817433059	0.576625360077	0.664404552924	0.580098593523	0.659431319478	0.695041928468	0.754476094732	0.590534349927	0.720489681005	0.653671019816	0.993131715805	0.770012880619	0.836647612373	0.600851019816	0.679969101015	0.480343378444	0.428016592557	1.27139900918	1.12852269696	0.555702324795	0.953414267762	0.905782165297	0.947824084099	0.84187237796	0.771313678105	0.737680546158	0.958000637989	0.88528717738	0.591515519575	0.64167961334	0.6708340261	0.545906810053	0.368673620106	0.824400952151	0.37640662639	0.777743102948	0.527484480425	0.819788724021
AA7	0.835499081682	0.664621266312	2.47883283712	1.16326895118	0.962484572257	0.540403663606	1.25168	0.495507718705	0.506087085549	0.893406756887	0.459606341228	0.805258274529	0.512114490092	2.12983834703	0.73630077332	0.649307259546	0.0	0.17877381827	1.82200879652	1.36897074432	1.02991646206	0.622454639923	0.468293895602	0.44172237796	1.77626072982	0.852147863702	0.344571899468	0.403466288062	0.769672411793	0.899349371677	0.647989840503	0.454786481392	0.454685698405	0.480947549541	1.17559017883	0.971290077332	0.550223726438	0.775120454326	0.453983098115	0.850201802803	0.666869033349	1.48664702272	1.34464322861	0.789537752537	0.759023644273	0.639847249879	1.08926952634	0.864579560174	1.0129957274	0.952619724505	0.869622174964	0.965650183664	0.687110376994	0.672780512325	0.639836520058	0.640589458676	0.576306756887	0.949310405993	0.598239724505	0.920209492508	0.433202063799	0.826363504108
AA8	0.784329768004	0.708812097632	2.50253197197	1.16769064766	0.996675113581	0.53499019333	1.23633608023	0.522611348478	0.557642073465	0.8845800145	0.472080256162	0.807003083615	0.562370821653	2.15087962784	0.786521551474	0.632405389077	0.17877381827	0.0	1.83003022233	1.35311699372	0.961468994683	0.570172189464	0.471820879652	0.441459192847	1.72766436926	0.796056462059	0.365124451426	0.387476249396	0.75005462059	0.872540260996	0.597529439343	0.386865403577	0.498804378927	0.502032977284	1.18026478975	0.985039884002	0.54875178347	0.792518902852	0.468674345094	0.849872788787	0.697663692605	1.52504144998	1.37889579024	0.807665181247	0.729467419043	0.621796186564	1.11899331078	0.899464610923	1.01928349444	0.961377167714	0.886655210246	0.970133620106	0.691595137748	0.676699772837	0.64696338811	0.65696439826	0.589497201547	0.982315263412	0.602486727888	0.925443455776	0.434743083615	0.844722687289
AB7	1.43600029	1.51822094732	1.15777853069	1.01206839053	1.48889031416	1.80948511358	1.29062853552	1.82382989367	1.95281261479	1.43477937168	2.02396832286	1.55928400677	1.73141671339	0.888157196713	1.50642712421	1.49194709522	1.82200879652	1.83003022233	0.0	0.581834871919	1.49311921701	1.61202038183	1.93314430643	1.92041333011	1.08760529241	1.43476369744	1.82317913968	1.70093441759	1.3556120348	1.19837980184	1.72446224263	1.70423362494	1.85424900435	1.87907769937	1.83641140648	1.82291553891	2.00599524891	1.46750608023	1.90759094732	1.49483397293	1.6493680667	0.963968066699	1.03134215563	1.47900636539	2.15084584824	2.08345441276	1.93139158531	1.96464681005	1.78342262929	1.83909633156	2.06336353794	2.00860946834	1.81829239729	1.85631509908	1.88238060899	1.78074242146	1.60943497342	1.92675996617	1.59775905752	1.90163685839	1.77858825036	1.97635751087
AB8	1.05188558241	1.06035220396	1.44675110198	0.513940265829	1.07304139681	1.28922089415	0.819024151764	1.31820194297	1.45169396327	0.941819086515	1.50306059449	1.08464388594	1.22181803287	1.10429983084	1.01819547124	1.09104213146	1.36897074432	1.35311699372	0.581834871919	0.0	0.996009710005	1.08867702272	1.42091650072	1.40817171097	1.10819050749	0.937233784437	1.3168938086	1.19482686322	0.822444354761	0.677220850652	1.29094736104	1.27049236346	1.34764664089	1.36040296278	1.43478201547	1.34476884485	1.53085354277	0.969548318028	1.44151681972	1.0624542581	1.21840897052	0.690240009667	0.681193315611	0.975266863219	1.65806730304	1.57806407443	1.59376730788	1.56439366844	1.33400846303	1.43314257129	1.68013656356	1.62378301595	1.41873053649	1.45648231513	1.46986504108	1.38570717255	1.18952732238	1.55932724021	1.18082729821	1.48314935234	1.28002636056	1.57220430159
AC7	0.826429163847	0.873825693572	1.94498163364	0.856778182697	1.05420730788	0.910400560657	0.890899468342	0.90306582407	1.01966645723	0.718603750604	1.06982957951	0.924115210246	0.928121488642	1.58881687772	0.831921430643	0.855235514741	1.02991646206	0.961468994683	1.49311921701	0.996009710005	0.0	0.515282924118	0.979511362977	0.988742484292	1.3897777912	0.694213064282	0.960921652972	0.822972087965	0.552447858869	0.529109932334	0.897361788304	0.850054775254	0.908779038183	0.898206186564	1.29795099082	1.13330159014	1.20522642339	0.740891532141	1.1024422088	0.941663349444	0.994791324311	1.12456444176	1.06778952151	0.749430512325	1.14172683422	1.02850714355	1.47703094732	1.4382618898	1.19935835669	1.27071267762	1.53521589174	1.49200394877	1.13830623973	1.22344128565	1.24354251329	1.11274741904	0.919241527308	1.42006342678	0.900908511358	1.29661846303	0.934214446593	1.40733999517
AC8	0.684391372644	0.679263571774	2.19703044466	0.925549661672	1.00361736588	0.575028849686	0.988678844853	0.550986834219	0.668226655389	0.672786578057	0.75178017883	0.817311735138	0.597886974384	1.84121031899	0.727494127598	0.602042440793	0.622454639923	0.570172189464	1.61202038183	1.08867702272	0.515282924118	0.0	0.616775978734	0.618438438859	1.52453758337	0.599398414693	0.482714833253	0.343341836636	0.461173073949	0.577510884485	0.588161706138	0.467303093282	0.566925287579	0.569085108748	1.14410726438	0.877589347511	0.817571029483	0.625877288545	0.704413755437	0.78321742871	0.708390923151	1.23512563557	1.0970857564	0.675414499758	0.867186964717	0.773845611406	1.28077250846	1.06211794103	0.986708985017	1.00278558724	1.14415114065	1.15109652972	0.816222890285	0.840099782504	0.855722634123	0.79798102465	0.556567747704	1.13468581924	0.576519275012	0.964159511841	0.542811928468	1.01837530208
AD7	0.922389023683	0.886536437893	2.39607246496	1.13634053649	1.2461342436	0.664490637989	1.31629947318	0.519146737554	0.457523446109	0.947415316578	0.441073170614	1.07406920251	0.725473189947	2.04773151764	0.916151324311	0.804649014016	0.468293895602	0.471820879652	1.93314430643	1.42091650072	0.979511362977	0.616775978734	0.0	0.159819386177	1.89270130498	0.872526312228	0.372875152247	0.45216141131	0.686779850169	0.866613339778	0.720911846303	0.587345799903	0.466632160464	0.535730454326	1.38163533591	1.13610332528	0.665397883035	0.820232764621	0.661974944418	1.02873980667	0.883753214113	1.42790307395	1.28219662156	0.920530072499	0.813040720155	0.702983823103	1.35472309328	1.11914900918	1.23508605607	1.20131249879	1.12053160464	1.21136346061	0.94176179797	0.91145578057	0.856966036733	0.904658047366	0.746187999033	1.21552055099	0.770571909135	1.14345466892	0.633297361044	1.06394705655
AD8	0.945234161431	0.830309531174	2.42699686805	1.13684636056	1.19070912518	0.644001130981	1.31420866119	0.490381899468	0.468997283712	0.939324291928	0.441998965684	1.02207408893	0.683242774287	2.07516762687	0.869105074915	0.762247008217	0.44172237796	0.441459192847	1.92041333011	1.40817171097	0.988742484292	0.618438438859	0.159819386177	0.0	1.84828330111	0.826804789753	0.347449937168	0.438460430159	0.684178086032	0.858015074915	0.721505103915	0.584651227646	0.47969956984	0.497071087482	1.33646215563	1.09397759787	0.612665882069	0.771966302562	0.621214127598	0.979864006767	0.830967941034	1.44923114065	1.29848462059	0.868318980184	0.768257738038	0.659052827453	1.30969783954	1.07372600773	1.18685664572	1.1456857854	1.07847245046	1.1689261044	0.907200729821	0.869350333494	0.819599381344	0.859484760754	0.728582928951	1.17680869502	0.769003600773	1.09083687772	0.594351401643	1.01433949251
AE7	1.32560149348	1.45366532141	1.90479192363	1.2908939536	1.34251405993	1.69298856936	1.20208825036	1.7812178927	1.92044387144	1.32350130981	1.95468462542	1.40512832286	1.6235960609	1.62364594973	1.42938381344	1.41817433059	1.77626072982	1.72766436926	1.08760529241	1.10819050749	1.3897777912	1.52453758337	1.89270130498	1.84828330111	0.0	1.04685558241	1.79818922668	1.65691734171	1.36854523441	1.30315384244	1.56825336394	1.56188256162	1.82383201547	1.80519209763	1.66718131948	1.69742764621	1.92002292895	1.48672685839	1.83970419526	1.38110432093	1.57303483809	1.45420053166	1.43734290478	1.41482726921	2.00553009667	1.95727028033	1.71930062832	1.826780087	1.60435564524	1.65488117931	1.96271352827	1.83206949251	1.65325217013	1.72226153214	1.76453176897	1.60859461576	1.56221914451	1.75267565974	1.53100441759	1.75122187047	1.70363268246	1.84515040116
AE8	0.601722363461	0.620523513775	2.13899381827	0.868948898018	0.826525118415	0.730602402127	0.879679888835	0.793834016433	0.933317675205	0.575643620106	0.981845234413	0.659083460609	0.704538902852	1.78861772354	0.67691478492	0.576625360077	0.852147863702	0.796056462059	1.43476369744	0.937233784437	0.694213064282	0.599398414693	0.872526312228	0.826804789753	1.04685558241	0.0	0.812236080232	0.66577942001	0.590907351377	0.564106147898	0.780323523441	0.69117942001	0.838599091348	0.819758139198	1.11587145964	0.932900734654	0.966055640406	0.650443629773	0.902504098598	0.63510481392	0.730575369744	1.18054267762	1.04660541808	0.62550699855	1.09917209763	1.03716717738	1.17125664572	1.12163152247	0.911329652006	0.996664195263	1.24171966651	1.19657372644	0.895736520058	0.952941860802	0.968768472692	0.867557834703	0.698408105365	1.14018117931	0.680110024166	1.02627988884	0.745282194297	1.10881130014
AF7	0.832155882069	0.711506795553	2.38296387627	1.12804566457	1.06003594973	0.569210903818	1.22070434993	0.469351565974	0.480302677622	0.853976616723	0.49070157564	0.890685176414	0.586561643306	2.03018932818	0.7830039826	0.664404552924	0.344571899468	0.365124451426	1.82317913968	1.3168938086	0.960921652972	0.482714833253	0.372875152247	0.347449937168	1.79818922668	0.812236080232	0.0	0.218651208313	0.668498753021	0.807671720638	0.66707499275	0.540194668922	0.446274746254	0.478675437409	1.18609930401	0.944382508458	0.546728211696	0.710307259546	0.537534910585	0.866600990817	0.697149091348	1.4160879507	1.26990051232	0.772936689222	0.768670913485	0.675988999517	1.18777405993	0.960196273562	1.04088778154	1.02223881585	0.959868873852	1.04796989367	0.776105340744	0.772657148381	0.733691232479	0.755235403577	0.57639441276	1.04331757854	0.622772841953	0.972698308362	0.465198458192	0.905056766554
AF8	0.728068927018	0.635333760271	2.28614261479	1.00383365394	0.991243600773	0.533286442726	1.11490415176	0.420286631223	0.503609729338	0.747836031899	0.600273131948	0.829653233446	0.53011921218	1.92881058966	0.700724635089	0.580098593523	0.403466288062	0.387476249396	1.70093441759	1.19482686322	0.822972087965	0.343341836636	0.45216141131	0.438460430159	1.65691734171	0.66577942001	0.218651208313	0.0	0.552285688739	0.693870942484	0.644238361527	0.485921063316	0.438794277429	0.441582624456	1.16045452392	0.916647878202	0.642372324795	0.633491710971	0.541368032866	0.782564833253	0.650124823586	1.31120205897	1.16170938134	0.703930923151	0.806151701305	0.717165756404	1.18083651039	0.957180637989	0.978270744321	1.00067533108	0.967120913485	1.04873421943	0.772491938134	0.774645263412	0.745853199613	0.755748168197	0.496520749154	1.03963508942	0.535941768971	0.957559115515	0.44878160464	0.898787008217
AG7	0.72935681972	0.677811880135	1.88683649106	0.609948806187	0.90212699855	0.672133726438	0.899988651522	0.590729739004	0.720722542291	0.5907559884	0.819573987434	0.799403649106	0.665051135814	1.54283650072	0.645336781054	0.659431319478	0.769672411793	0.75005462059	1.3556120348	0.822444354761	0.552447858869	0.461173073949	0.686779850169	0.684178086032	1.36854523441	0.590907351377	0.668498753021	0.552285688739	0.0	0.244396495892	0.79863280812	0.704940043499	0.626030637989	0.692494838086	1.26632928951	0.98847722088	0.954249052682	0.450452431126	0.836861116481	0.801471420976	0.752714030933	0.971516138231	0.83943659739	0.532098052199	1.04765525375	0.955713146448	1.32994294345	1.14796374577	1.08846641856	1.12934542774	1.2450658289	1.21867233929	0.908155751571	0.965604195263	0.97925438376	0.902230937651	0.669796423393	1.1980678057	0.672722556791	1.09832070565	0.708050512325	1.12743860319
AG8	0.684139192847	0.703648086032	1.81641786854	0.599612194297	0.905851391977	0.787376215563	0.792898690188	0.762314818753	0.90505221363	0.59018062349	0.98046120348	0.7995840116	0.774280343161	1.46471357661	0.656000246496	0.695041928468	0.899349371677	0.872540260996	1.19837980184	0.677220850652	0.529109932334	0.577510884485	0.866613339778	0.858015074915	1.30315384244	0.564106147898	0.807671720638	0.693870942484	0.244396495892	0.0	0.876185853069	0.817216510391	0.802531532141	0.829495219913	1.26370699372	1.04460922185	1.08378287095	0.479813228613	0.96584462059	0.794925045916	0.820466534558	0.921047617206	0.841063668439	0.558147704205	1.16760699372	1.07340143548	1.35247755437	1.27038687289	1.10405044466	1.18949102948	1.3696517883	1.33662946351	1.02706963751	1.07420665539	1.08230125181	1.00090659256	0.780753866602	1.27514209763	0.775342484292	1.20286225713	0.817760657322	1.24523592073
AH7	0.769874963751	0.900597293378	2.44196667956	1.24081626873	1.18735922668	0.795536578057	1.18086066699	0.836010666989	0.920538801353	0.908414857419	0.830917496375	1.01146576607	0.831374654422	2.10755696472	0.994725606573	0.754476094732	0.647989840503	0.597529439343	1.72446224263	1.29094736104	0.897361788304	0.588161706138	0.720911846303	0.721505103915	1.56825336394	0.780323523441	0.66707499275	0.644238361527	0.79863280812	0.876185853069	0.0	0.276000652489	0.882431314645	0.853348786854	1.17413400677	1.02196694538	0.83249497825	0.925778859352	0.770964644756	0.949649874335	0.86410958434	1.49828101982	1.38810009667	0.950554601257	0.95608359594	0.870672353794	1.27994100048	1.08189820686	1.16470774287	1.05041121798	1.13371528275	1.14492935234	0.859728037699	0.848135070082	0.838167298212	0.814254185597	0.769091164814	1.14589046399	0.780709110681	1.01499630739	0.702362034799	1.03142969067
AH8	0.697379009183	0.741658844853	2.43945205897	1.15750008217	1.04719639923	0.626364277429	1.12412559207	0.66490359594	0.769206781054	0.798111681972	0.712758168197	0.874278463026	0.678105079749	2.08862735138	0.850557723538	0.590534349927	0.454786481392	0.386865403577	1.70423362494	1.27049236346	0.850054775254	0.467303093282	0.587345799903	0.584651227646	1.56188256162	0.69117942001	0.540194668922	0.485921063316	0.704940043499	0.817216510391	0.276000652489	0.0	0.710073301112	0.664061290478	1.151870232	0.951933494442	0.726946254229	0.802263977767	0.599469009183	0.816814751087	0.713481314645	1.46339623006	1.32270076849	0.829085606573	0.832319250846	0.74003622523	1.14442850652	0.943390884485	1.03929716288	0.93884218463	0.972621522475	1.02144634123	0.713780521991	0.700102160464	0.682867641373	0.666084185597	0.604935287579	1.01264360561	0.619270652489	0.895358980184	0.512123876269	0.887937602707
AA5	0.89848980667	0.649485350411	2.27836930401	1.05985423393	0.967617810536	0.492581193813	1.21516372644	0.278977767037	0.278129661672	0.838477162881	0.457273392943	0.79289861769	0.550426520058	1.93186605607	0.695438371194	0.720489681005	0.454685698405	0.498804378927	1.85424900435	1.34764664089	0.908779038183	0.566925287579	0.466632160464	0.47969956984	1.82383201547	0.838599091348	0.446274746254	0.438794277429	0.626030637989	0.802531532141	0.882431314645	0.710073301112	0.0	0.266314079265	1.23068139681	0.937990062832	0.665250101498	0.614276379894	0.608435505075	0.80967020783	0.698418714355	1.25706233929	1.11339549058	0.653210449493	0.773264925085	0.651471343644	1.29885720638	1.06980879652	1.03352706138	1.08779029483	1.08359419526	1.17369238279	0.862204456259	0.868087303045	0.807990840986	0.840979864669	0.635055335911	1.16372642823	0.674829270179	1.03824068149	0.550534209763	1.02044052199
AA6	0.849294422426	0.638262174964	2.36579541808	1.08664755921	0.947536742388	0.396845896568	1.16998486225	0.302598864186	0.355542039633	0.808522667956	0.445773040116	0.755109342678	0.498751029483	2.00776701788	0.729067269212	0.653671019816	0.480947549541	0.502032977284	1.87907769937	1.36040296278	0.898206186564	0.569085108748	0.535730454326	0.497071087482	1.80519209763	0.819758139198	0.478675437409	0.441582624456	0.692494838086	0.829495219913	0.853348786854	0.664061290478	0.266314079265	0.0	1.08657316578	0.813909188014	0.568529072015	0.635012740454	0.498434562591	0.785538148864	0.586527660706	1.34017806187	1.19018566457	0.646214862252	0.56590121798	0.456280019333	1.1697737506	0.946660275495	0.91426	0.923923436443	0.964718801353	1.03892154181	0.720129835669	0.738937651039	0.70061762204	0.701693914935	0.612920541324	1.02805485259	0.659382624456	0.878755640406	0.45314900435	0.892499386177
AB5	1.06692501692	0.921540289995	2.5369159884	1.36336311261	0.775374635089	1.01893487675	1.1944039826	1.13068568874	1.20392289029	1.0008561334	1.181740261	0.80934679072	1.02657849203	2.18903862736	1.03702558724	0.993131715805	1.17559017883	1.18026478975	1.83641140648	1.43478201547	1.29795099082	1.14410726438	1.38163533591	1.33646215563	1.66718131948	1.11587145964	1.18609930401	1.16045452392	1.26632928951	1.26370699372	1.17413400677	1.151870232	1.23068139681	1.08657316578	0.0	0.410712522958	0.947539850169	1.10247557274	0.934601329145	0.832698284195	0.854550019333	1.58219448526	1.44902201063	0.978940700822	1.00716157564	1.0034817013	0.851105292412	0.949410376994	0.739611754471	0.747798245529	1.0710881972	0.948803591107	0.820382624456	0.859293745771	0.914069850169	0.884043030449	1.01219631706	0.865157375544	1.01590651039	0.818821894635	0.998310144998	0.928419898502
AB6	0.928531730304	0.716050560657	2.48042695505	1.22881901885	0.737833963267	0.755389429676	1.0822877767	0.840717496375	0.928767245046	0.844018342194	0.955906104398	0.619115118415	0.766964354761	2.1256462784	0.828805563074	0.770012880619	0.971290077332	0.985039884002	1.82291553891	1.34476884485	1.13330159014	0.877589347511	1.13610332528	1.09397759787	1.69742764621	0.932900734654	0.944382508458	0.916647878202	0.98847722088	1.04460922185	1.02196694538	0.951933494442	0.937990062832	0.813909188014	0.410712522958	0.0	0.739126157564	0.823822363461	0.739809879169	0.711985577574	0.638798608023	1.46193440309	1.32574211213	0.722465567907	0.752127380377	0.781871295312	0.765751996133	0.709406515225	0.521758313195	0.518286795553	0.844384345094	0.74970782987	0.628755147414	0.662896186564	0.729935490575	0.70492221363	0.77436679072	0.668893281779	0.777395485742	0.575841580474	0.787383566941	0.689064562591
AC5	1.01090568874	0.841156853552	2.63698621073	1.38849001933	0.990945234413	0.633112880619	1.31248066216	0.606377641373	0.580047109715	0.95704319478	0.49751738521	0.82927679072	0.759499695505	2.29470904302	0.966628047366	0.836647612373	0.550223726438	0.54875178347	2.00599524891	1.53085354277	1.20522642339	0.817571029483	0.665397883035	0.612665882069	1.92002292895	0.966055640406	0.546728211696	0.642372324795	0.954249052682	1.08378287095	0.83249497825	0.726946254229	0.665250101498	0.568529072015	0.947539850169	0.739126157564	0.0	0.819330434993	0.40670417593	0.897956317061	0.722774180764	1.64952359594	1.49222547608	0.83118677622	0.492648743354	0.444697858869	0.970078260029	0.741876578057	0.860562982117	0.800669685839	0.731316234896	0.799196684389	0.621875679072	0.554613305945	0.53010280812	0.667396945384	0.794639434509	0.836897167714	0.810892895118	0.747513325278	0.5876579797	0.677802348961
AC6	0.785688361527	0.547873011116	1.97745596907	0.734262174964	0.751645084582	0.628572363461	0.739718598357	0.571749990333	0.739609202513	0.462696259062	0.843224804253	0.639892638956	0.623235920735	1.63621112615	0.494435505075	0.600851019816	0.775120454326	0.792518902852	1.46750608023	0.969548318028	0.740891532141	0.625877288545	0.820232764621	0.771966302562	1.48672685839	0.650443629773	0.710307259546	0.633491710971	0.450452431126	0.479813228613	0.925778859352	0.802263977767	0.614276379894	0.635012740454	1.10247557274	0.823822363461	0.819330434993	0.0	0.794243117448	0.640615732238	0.638140671822	0.861283107782	0.707532856452	0.322607225713	1.00757642339	0.927494006767	1.18337254229	1.07034521508	0.918714973417	0.993620952151	1.17096541324	1.13329738521	0.845152561624	0.915817409377	0.934225074915	0.835121377477	0.597174200097	1.06708521508	0.618782566457	1.01394107298	0.691355442243	1.05873862252
AD6	0.851559685839	0.67613840986	2.5546758289	1.23036533108	0.873082344128	0.499477733204	1.21407318995	0.495470352827	0.560713363944	0.841295442243	0.481398371194	0.721757767037	0.593633682939	2.19733803287	0.83550977767	0.679969101015	0.453983098115	0.468674345094	1.90759094732	1.44151681972	1.1024422088	0.704413755437	0.661974944418	0.621214127598	1.83970419526	0.902504098598	0.537534910585	0.541368032866	0.836861116481	0.96584462059	0.770964644756	0.599469009183	0.608435505075	0.498434562591	0.934601329145	0.739809879169	0.40670417593	0.794243117448	0.0	0.742622300628	0.470492682455	1.5589281682	1.40828577574	0.780656761721	0.586985195747	0.502791546641	0.879763740938	0.655560840986	0.803482266796	0.703713349444	0.673670299662	0.743570507492	0.482110990817	0.462491256646	0.439170628323	0.501458356694	0.615667457709	0.745968052199	0.653452015466	0.654832948284	0.411451657806	0.601581343644
AE5	0.561352677622	0.47015497825	2.28749803287	0.962574079265	0.659188637023	0.699212745288	0.831256950217	0.746115882069	0.929615828903	0.547099260512	0.950616099565	0.527711135814	0.659956863219	1.93025672789	0.579231788304	0.480343378444	0.850201802803	0.849872788787	1.49483397293	1.0624542581	0.941663349444	0.78321742871	1.02873980667	0.979864006767	1.38110432093	0.63510481392	0.866600990817	0.782564833253	0.801471420976	0.794925045916	0.949649874335	0.816814751087	0.80967020783	0.785538148864	0.832698284195	0.711985577574	0.897956317061	0.640615732238	0.742622300628	0.0	0.342115137748	1.21957827936	1.07338404543	0.532544939584	1.06410143548	1.01018663606	0.89813020783	0.865491251812	0.725404180764	0.73750561624	0.995782817786	0.932129473175	0.620759729338	0.691549980667	0.761128791687	0.596223325278	0.528103204447	0.864744098598	0.546417496375	0.786212580957	0.663169444176	0.850945896568
AE6	0.617452155631	0.435575886902	2.39766295312	1.04378068149	0.729156437893	0.516330338328	0.98502557274	0.587436549058	0.72153362494	0.65486319478	0.736473141614	0.589284678589	0.483523175447	2.03923973417	0.616787641373	0.428016592557	0.666869033349	0.697663692605	1.6493680667	1.21840897052	0.994791324311	0.708390923151	0.883753214113	0.830967941034	1.57303483809	0.730575369744	0.697149091348	0.650124823586	0.752714030933	0.820466534558	0.86410958434	0.713481314645	0.698418714355	0.586527660706	0.854550019333	0.638798608023	0.722774180764	0.638140671822	0.470492682455	0.342115137748	0.0	1.35385676172	1.205290116	0.572874325761	0.863832348961	0.804303368777	0.836243827936	0.705800850652	0.685935045916	0.630792102465	0.81324380377	0.764854006767	0.472998153697	0.521834137264	0.549176640889	0.43233942001	0.427415248913	0.710498463026	0.461829743838	0.640023146448	0.473258240696	0.681108709522
AF5	1.25974131948	1.18391718221	1.29084284679	0.620391478975	1.19946531174	1.37014490575	0.811083977767	1.27904328661	1.37772796037	0.993798835186	1.52483637023	1.21352871919	1.29997826486	0.957596051232	1.05583967617	1.27139900918	1.48664702272	1.52504144998	0.963968066699	0.690240009667	1.12456444176	1.23512563557	1.42790307395	1.44923114065	1.45420053166	1.18054267762	1.4160879507	1.31120205897	0.971516138231	0.921047617206	1.49828101982	1.46339623006	1.25706233929	1.34017806187	1.58219448526	1.46193440309	1.64952359594	0.861283107782	1.5589281682	1.21957827936	1.35385676172	0.0	0.214453615273	0.979197709038	1.74105695988	1.65786380377	1.73959264379	1.69842833253	1.50916426776	1.63507775737	1.80435727888	1.77628169164	1.54609574674	1.62984922668	1.65081423393	1.54483120348	1.27175339294	1.71136618656	1.27241692605	1.65175492025	1.42698050266	1.70334990817
AF6	1.15769287579	1.03605159981	1.41716071532	0.512717660706	1.06507542774	1.21943111648	0.744984108265	1.12365416626	1.2244737071	0.843602919285	1.38104707588	1.0794842001	1.15261217013	1.07961314645	0.903606660222	1.12852269696	1.34464322861	1.37889579024	1.03134215563	0.681193315611	1.06778952151	1.0970857564	1.28219662156	1.29848462059	1.43734290478	1.04660541808	1.26990051232	1.16170938134	0.83943659739	0.841063668439	1.38810009667	1.32270076849	1.11339549058	1.19018566457	1.44902201063	1.32574211213	1.49222547608	0.707532856452	1.40828577574	1.07338404543	1.205290116	0.214453615273	0.0	0.833258042533	1.58964974384	1.50356673755	1.60545767521	1.54912346544	1.37127750604	1.49660179314	1.65217358144	1.63981697922	1.39691115031	1.47648316095	1.49751728371	1.39417090865	1.1236179217	1.57149279362	1.12401953117	1.51572840019	1.27354009183	1.56295993717
AG5	0.717470502658	0.456657075882	2.07166705172	0.773966568391	0.605052687289	0.598061348478	0.760656921218	0.613924417593	0.76138280812	0.471409255679	0.844751875302	0.485443866602	0.563214688255	1.72370255679	0.407789758337	0.555702324795	0.789537752537	0.807665181247	1.47900636539	0.975266863219	0.749430512325	0.675414499758	0.920530072499	0.868318980184	1.41482726921	0.62550699855	0.772936689222	0.703930923151	0.532098052199	0.558147704205	0.950554601257	0.829085606573	0.653210449493	0.646214862252	0.978940700822	0.722465567907	0.83118677622	0.322607225713	0.780656761721	0.532544939584	0.572874325761	0.979197709038	0.833258042533	0.0	0.985696959884	0.924620662156	1.05988229096	0.982055949734	0.788504393427	0.87524780087	1.09758333978	1.03293032383	0.748111580474	0.829003842436	0.867266297728	0.724457448043	0.604012029966	0.979133523441	0.602899826003	0.901492329628	0.655533968101	0.963779091348
