	AA3	AA4	AB3	AB4	AC3	AC4	AD3	AD4	AE3	AE4	AF3	AF4	AG3	AG4	AH3	AH4	AA7	AA8	AB7	AB8	AC7	AC8	AD7	AD8	AE7	AE8	AF7	AF8	AG7	AG8	AH7	AH8	AA5	AA6	AB5	AB6	AC5	AC6	AD6	AE5	AE6	AF5	AF6	AG5	AH5	AH6	AA1	AA2	AB1	AB2	AC1	AC2	AD1	AD2	AE1	AE2	AF1	AF2	AG1	AG2	AH1	AH2
AA3	0.0	0.555291894635	2.24596385694	1.00935204447	0.830834881585	0.768318569357	0.919309763171	0.767629105848	0.869641802803	0.67737698405	0.952875751571	0.752920420493	0.743063518608	1.90072878202	0.775791913968	0.265953238279	0.829166263896	0.819890778154	1.44225485742	1.04933901885	0.810380004833	0.644813958434	0.865686336394	0.907892716288	1.37229434026	0.593329062349	0.787742692122	0.7069219768	0.689335466409	0.635898061866	0.758936534558	0.693564470759	0.855789826003	0.876816312228	1.10775232479	0.932555500242	0.935909801837	0.802574195263	0.77661919768	0.574523431609	0.601859980667	1.22505649589	1.17089154181	0.699566553891	1.12876549058	1.11039024166	0.951546239729	0.931163330111	0.896082866119	0.825337375544	1.01692871919	0.979075505075	0.634827984534	0.720345756404	0.791604538424	0.653132334461	0.572305195747	0.900160294828	0.47533762204	0.944253740938	0.659376621556	0.944976810053
AA4	0.555291894635	0.0	2.18810566941	0.851340865152	0.615426041566	0.583007757371	0.85975221363	0.47089022233	0.664708999517	0.507233711938	0.799745384244	0.440644282262	0.458936505558	1.84338133398	0.281117042049	0.361281875302	0.675455219913	0.654572252296	1.52108683905	1.00886107298	0.799696665056	0.620835442243	0.813338066699	0.779121788304	1.46221275012	0.589244746254	0.689488003867	0.61685261479	0.608817520541	0.564266640889	0.879199333011	0.717016800387	0.624464369261	0.667037129048	0.964212397293	0.72109322378	0.788878071532	0.497758463026	0.654412957951	0.5028060174	0.429872300628	1.09868260996	1.02257408893	0.371553450942	0.954494833253	0.901677341711	0.947717158047	0.860794432093	0.735690845819	0.765572750121	0.973981464476	0.932185804737	0.630126607057	0.684711561141	0.715951106815	0.627880613823	0.442021082649	0.886630120831	0.436274311261	0.835476114065	0.472349946834	0.873082527791
AB3	2.24596385694	2.18810566941	0.0	1.44710126631	2.21232932334	2.38290806187	1.91159000483	2.28458616723	2.32509171097	2.10916539391	2.51352956501	2.30341305462	2.31536508458	0.385923426776	2.14417565491	2.29809293862	2.47536931851	2.48423172547	1.18642073465	1.47454811503	1.97452596907	2.19796163364	2.39634742871	2.41516274045	1.89346342678	2.16310208313	2.3940837941	2.31694839536	1.88343768971	1.88636820203	2.43943718221	2.42422496375	2.28417725955	2.39918952634	2.53345603673	2.48687252296	2.61485454809	1.94862119381	2.535819826	2.29183432576	2.38517351377	1.334650116	1.39641340744	2.09474521991	2.73333582407	2.6602402755	2.6330779362	2.67733662156	2.49206756404	2.58934316578	2.74677129048	2.71611336878	2.54420888352	2.60038493475	2.61428356211	2.54888138231	2.29026355244	2.67408880135	2.26240083132	2.64130479942	2.38798023683	2.69111023683
AB4	1.00935204447	0.851340865152	1.44710126631	0.0	0.959104122765	1.04960546158	0.835117612373	0.996181140648	1.11598497342	0.826098753021	1.22141601257	0.994418313195	0.895904987917	1.09072586274	0.843389816336	0.962711643306	1.17757692605	1.18235999033	0.994758627356	0.488626162397	0.928954929918	0.967487684872	1.13837050266	1.15868329145	1.28816807637	0.925595084582	1.14554142581	1.05091850652	0.667467288545	0.673173827936	1.28911527791	1.16826336878	1.08910100048	1.16549396327	1.34754374094	1.24863602223	1.3604160174	0.72761517158	1.2118100145	0.969558801353	1.03495651039	0.593224548091	0.513152875785	0.804812672789	1.4710317158	1.41297782987	1.39269627356	1.3879199855	1.22949169164	1.30340108748	1.47791331078	1.447940087	1.22486654422	1.31102820203	1.33368692605	1.23214914451	1.00105328661	1.4170677767	0.961555147414	1.35639856452	1.06314502175	1.40149120348
AC3	0.830834881585	0.615426041566	2.21232932334	0.959104122765	0.0	0.802213054616	0.909800256162	0.813078458192	0.949530923151	0.680375925568	1.05063658772	0.337753475109	0.819839057516	1.87025475109	0.692706901885	0.723433204447	0.992365669406	0.966261271145	1.44699695988	1.05755505075	1.03874630256	0.986182846786	1.2001322378	1.17374716288	1.32364929918	0.812313252779	1.07867635573	1.00682066699	0.891941648139	0.844293040116	1.15292192363	1.01228599323	0.993042029966	0.992887568874	0.800423426776	0.754374238763	0.961147148381	0.747039072015	0.825501300145	0.62704081682	0.672961039149	1.15270317061	1.09164750604	0.584845234413	1.1572160319	1.12870476559	0.823852054132	0.948046147898	0.700448235863	0.77189518608	1.02066636539	0.947576524891	0.694844238763	0.8087079942	0.864345964234	0.730442875785	0.80354517158	0.88367261479	0.738098429193	0.882999594007	0.831474345094	0.92073522958
AC4	0.768318569357	0.583007757371	2.38290806187	1.04960546158	0.802213054616	0.0	1.17507181247	0.368435804737	0.42884078782	0.780615476075	0.347353914935	0.559799956501	0.429103257612	2.04119108265	0.690410444659	0.631553286612	0.548920647656	0.525962870952	1.83573251812	1.30445137264	0.905579937168	0.63408282262	0.587909178347	0.567596234896	1.72411260029	0.753954262929	0.584409903335	0.519713470275	0.723053871435	0.760451353311	0.82898460609	0.627581416143	0.463236176897	0.38975517158	1.06291375544	0.748780952151	0.579873939101	0.661664229096	0.457890758821	0.763047530208	0.518502928951	1.3279037651	1.24677681972	0.586951184147	0.710801884969	0.658138690188	1.05124852102	0.887030463992	0.858983562107	0.852566201063	0.904144301595	0.972538086032	0.624693088449	0.672985543741	0.711176766554	0.677786128565	0.597609516675	0.984193895602	0.685693252779	0.834165514741	0.437009120348	0.86502580957
AD3	0.919309763171	0.85975221363	1.91159000483	0.835117612373	0.909800256162	1.17507181247	0.0	1.02388674722	1.27914881102	0.456770062832	1.38857089899	0.966406201063	1.11434232963	1.56540406477	0.869715065249	0.926224867086	1.26613023683	1.23836509425	1.31701670372	0.848761764137	0.838847071049	0.956807481875	1.28739206863	1.32729141131	1.22276885935	0.8860519913	1.20628669406	1.12109951184	0.870930304495	0.808293257612	1.16907768487	1.11655518125	1.2232317883	1.21029535524	1.18743775737	1.11749003867	1.28252580957	0.753634291928	1.20092724021	0.852182078299	0.976427936201	0.861822711455	0.800959217013	0.777289502175	1.42462587724	1.39612066216	1.33742855002	1.38182903335	1.12724750604	1.19551445626	1.48438013533	1.43662211696	1.14734081199	1.24593916385	1.2840979362	1.1669442726	0.981090753987	1.33562165781	0.925516607057	1.27984168681	1.14285539391	1.37153895602
AD4	0.767629105848	0.47089022233	2.28458616723	0.996181140648	0.813078458192	0.368435804737	1.02388674722	0.0	0.293941358144	0.613268419526	0.523528869019	0.604630666989	0.428420715321	1.94194952634	0.548469246013	0.602675964234	0.505612769454	0.493245219913	1.76921675205	1.24471443693	0.868112880619	0.545492556791	0.560802344128	0.506124374094	1.71955876752	0.726438883519	0.495925118415	0.423058303528	0.603289163847	0.670396959884	0.782414688255	0.575876370227	0.343781483809	0.383587158047	1.09180076365	0.767652300628	0.581274277429	0.541112097632	0.481370497825	0.694027530208	0.521693919768	1.19993169164	1.12433058482	0.500355901402	0.731776539391	0.66717337361	1.08583960851	0.886914949251	0.900880420493	0.897320797487	0.916590381827	1.00139131948	0.681845152247	0.633987109715	0.670198912518	0.705179893668	0.481902363461	1.02628871435	0.612942967617	0.870516573224	0.426634059932	0.882958057032
AE3	0.869641802803	0.664708999517	2.32509171097	1.11598497342	0.949530923151	0.42884078782	1.27914881102	0.293941358144	0.0	0.866688521025	0.378988371194	0.753026012566	0.564998313195	1.99212912518	0.724097225713	0.767361208313	0.493769333011	0.514131478975	1.91077497825	1.38956529725	0.977547104882	0.683525244079	0.471779342678	0.412087762204	1.88054345094	0.894755224746	0.47290221363	0.475679294345	0.738831121315	0.831787858869	0.887451860802	0.704002416626	0.235423431609	0.329109357177	1.21800554374	0.902656462059	0.565128405027	0.7078620203	0.589077336878	0.906475596907	0.675428356694	1.27983555341	1.21545750121	0.699200111165	0.740848956017	0.631685219913	1.21326852586	1.00358135331	1.04697561141	1.03037362977	1.03120537941	1.12759292895	0.813222837119	0.760112073465	0.78934298695	0.832006761721	0.664019246013	1.15893120348	0.800238806187	1.00419035283	0.57266818753	1.00660400677
AE4	0.67737698405	0.507233711938	2.10916539391	0.826098753021	0.680375925568	0.780615476075	0.456770062832	0.613268419526	0.866688521025	0.0	0.993539927501	0.627271343644	0.749194064766	1.76280332044	0.56459218463	0.589350521991	0.882868680522	0.857942339294	1.47584016433	0.975465611406	0.701104325761	0.644044755921	0.898852145964	0.924165437409	1.36012594973	0.571670947318	0.815567235379	0.727674562591	0.59563637506	0.544573663606	0.915375935234	0.783630299662	0.821652058966	0.82916081682	1.00570688255	0.832840227163	0.910824243596	0.4932219768	0.822762165297	0.55113358144	0.630355679072	0.981146230063	0.902332044466	0.442376636056	1.08269677139	1.04212244079	1.0435357999	1.07426719671	0.869394214596	0.936864035766	1.19215630739	1.14311740938	0.846311696472	0.90492222813	0.952887863702	0.843770111165	0.636655277912	1.04558719671	0.588669347511	1.01894017883	0.766490444659	1.0687639826
AF3	0.952875751571	0.799745384244	2.51352956501	1.22141601257	1.05063658772	0.347353914935	1.38857089899	0.523528869019	0.378988371194	0.993539927501	0.0	0.810432634123	0.628409294345	2.17683542774	0.897481401643	0.837605770904	0.463808540358	0.473404490092	2.00275051232	1.46406747221	1.06804936684	0.800447245046	0.396611213146	0.36756962784	1.95612129531	0.972034664089	0.491042503625	0.57373861769	0.86288258579	0.925945596907	0.834418753021	0.690515563074	0.444564359594	0.43139861769	1.20180476075	0.931649492508	0.467413673272	0.845758675689	0.535412735621	0.974558999517	0.72367121798	1.4867140551	1.40513592557	0.810940671822	0.668103185114	0.579084920251	1.18171796037	0.963481952634	1.08428739488	1.01212248429	0.986231643306	1.05709895118	0.781719318511	0.733885219913	0.77211977767	0.768955277912	0.789015640406	1.08488706622	0.906307254712	0.967841275979	0.588582107298	0.94934640406
AF4	0.752920420493	0.440644282262	2.30341305462	0.994418313195	0.337753475109	0.559799956501	0.966406201063	0.604630666989	0.753026012566	0.627271343644	0.810432634123	0.0	0.600972387627	1.96168041566	0.556534084099	0.60129739971	0.806479685839	0.774491275979	1.63255254229	1.11790260029	0.947872382794	0.782256892218	1.00334330594	0.977378753021	1.49796540358	0.674436365394	0.88187421943	0.807226872885	0.776662489125	0.727055331078	1.0110939101	0.862244668922	0.791096636056	0.772310246496	0.772317056549	0.530302522958	0.732320836153	0.627802097632	0.643436747221	0.573481464476	0.522813963267	1.20997267279	1.13767176897	0.463094552924	0.89473677622	0.856096761721	0.777530159497	0.764387742871	0.557399458676	0.599383025616	0.85665517158	0.799361029483	0.535532078299	0.674674296762	0.699253330111	0.608736602223	0.631683315611	0.744316993717	0.597932039633	0.695006534558	0.642013040116	0.731546848719
AG3	0.743063518608	0.458936505558	2.31536508458	0.895904987917	0.819839057516	0.429103257612	1.11434232963	0.428420715321	0.564998313195	0.749194064766	0.628409294345	0.600972387627	0.0	1.95915883519	0.501814610923	0.572523629773	0.52722041566	0.511937892702	1.7446079072	1.21612041083	0.918216872885	0.60385942001	0.659842131464	0.653323330111	1.6349340406	0.704322875785	0.594924180764	0.531531807637	0.69361421943	0.703153943934	0.825966887385	0.654231111648	0.562987564041	0.536687825036	1.04072476559	0.746140700822	0.713185326245	0.647210202997	0.560763615273	0.705014954084	0.475600057999	1.26718683905	1.1851821653	0.555852663122	0.843578907685	0.769137723538	0.984208057032	0.804724064766	0.834481483809	0.817585253746	0.894849695505	0.899585799903	0.59801858869	0.629805766071	0.678511836636	0.622532121798	0.464837452876	0.95283918318	0.565786534558	0.795358148864	0.375504200097	0.811366843886
AG4	1.90072878202	1.84338133398	0.385923426776	1.09072586274	1.87025475109	2.04119108265	1.56540406477	1.94194952634	1.99212912518	1.76280332044	2.17683542774	1.96168041566	1.95915883519	0.0	1.80676678589	1.95218688255	2.14182419043	2.14644694538	0.917133421943	1.13421208313	1.63766661189	1.85834900435	2.05701853069	2.07792121798	1.62174697922	1.82597723538	2.05643407443	1.97857374577	1.54820864669	1.54291351377	2.11309817303	2.08342965684	1.95354444659	2.05814863219	2.19830573707	2.14623926535	2.27589402127	1.61158927985	2.19279838086	1.94767833253	2.03863912518	0.998388506525	1.06004248913	1.75539183664	2.39402661672	2.31810273562	2.29254385694	2.33471518608	2.14984757854	2.24319884969	2.40802352344	2.3745160319	2.20346431609	2.26100862252	2.28026540358	2.20802099082	1.95147114548	2.33586839053	1.92263854519	2.29807357177	2.04776185597	2.34884841469
AH3	0.775791913968	0.281117042049	2.14417565491	0.843389816336	0.692706901885	0.690410444659	0.869715065249	0.548469246013	0.724097225713	0.56459218463	0.897481401643	0.556534084099	0.501814610923	1.80676678589	0.0	0.582570275495	0.754888869019	0.74041378927	1.54657234896	1.04845313678	0.883583151281	0.735078719188	0.887071648139	0.871412054132	1.48278390527	0.719608864186	0.800950758821	0.722690468826	0.664108327695	0.649227916868	1.01191589174	0.853754528758	0.694949685839	0.747026254229	1.04028112615	0.816373958434	0.907689932334	0.544831309811	0.76824178347	0.611409217013	0.560222527791	1.05702397293	0.968961657806	0.441437849203	1.06353565491	1.00302217496	1.03013958434	0.920419313678	0.826905364911	0.87031662639	1.0357861624	1.00970120348	0.78225121798	0.817047588207	0.829065152247	0.768278390527	0.559155746738	0.978573397777	0.55530858869	0.909379719671	0.601128902852	0.94275442726
AH4	0.265953238279	0.361281875302	2.29809293862	0.962711643306	0.723433204447	0.631553286612	0.926224867086	0.602675964234	0.767361208313	0.589350521991	0.837605770904	0.60129739971	0.572523629773	1.95218688255	0.582570275495	0.0	0.686216215563	0.674212329628	1.50951121798	1.08638086032	0.855939971	0.616746742388	0.795720405993	0.788932672789	1.41755729338	0.578453958434	0.681739710005	0.613544059932	0.674019279845	0.641892237796	0.764913494442	0.613210691155	0.744776065732	0.732514983084	0.996487506042	0.781711493475	0.793411517641	0.675566476559	0.631045891735	0.4748799855	0.426312532624	1.24042152731	1.16539627356	0.556446839053	0.978448608023	0.960109328178	0.874433175447	0.800345944901	0.778393320445	0.693449415176	0.908045534074	0.857209265346	0.525211082649	0.594242426293	0.662693755437	0.536779859836	0.421027462542	0.808444871919	0.357841599807	0.79170340261	0.512026147898	0.809021329145
AA7	0.829166263896	0.675455219913	2.47536931851	1.17757692605	0.992365669406	0.548920647656	1.26613023683	0.505612769454	0.493769333011	0.882868680522	0.463808540358	0.806479685839	0.52722041566	2.14182419043	0.754888869019	0.686216215563	0.0	0.12420478492	1.84338139198	1.33875783954	1.02284120348	0.66306481392	0.41096737071	0.423600256162	1.78646179314	0.832281793137	0.334818651522	0.393785640406	0.798241817303	0.825797617206	0.671827680039	0.448581435476	0.448168695022	0.489057472209	1.21220229096	0.960261077815	0.518626747221	0.822238690188	0.545078269696	0.887388516191	0.695842938618	1.44428768004	1.36151147414	0.785851870469	0.757080057999	0.650231353311	1.10828836636	0.893558052199	1.06506579507	0.985185659739	0.903564697922	0.992935756404	0.718394876752	0.640353083615	0.684584316095	0.694050478492	0.532753972934	1.01625333494	0.663691387144	0.958523494442	0.448853334944	0.891140135331
AA8	0.819890778154	0.654572252296	2.48423172547	1.18235999033	0.966261271145	0.525962870952	1.23836509425	0.493245219913	0.514131478975	0.857942339294	0.473404490092	0.774491275979	0.511937892702	2.14644694538	0.74041378927	0.674212329628	0.12420478492	0.0	1.83413935234	1.31526022716	0.994870879652	0.63791662639	0.43524242146	0.437650454326	1.74992077815	0.797452551957	0.361271952634	0.382851836636	0.790044833253	0.803873363944	0.626172880619	0.400634436926	0.457869023683	0.478986906718	1.18128695022	0.927386510391	0.523302387627	0.80884181247	0.531279062349	0.861259255679	0.672060976317	1.4553201885	1.37097470275	0.749168641856	0.718673910101	0.633511817303	1.09059758821	0.879898448526	1.03902971967	0.956098661189	0.886978608023	0.974548912518	0.702245142581	0.623164325761	0.662846500725	0.673203769937	0.544109700338	0.997864963751	0.659665142581	0.931456795553	0.432461706138	0.869158965684
AB7	1.44225485742	1.52108683905	1.18642073465	0.994758627356	1.44699695988	1.83573251812	1.31701670372	1.76921675205	1.91077497825	1.47584016433	2.00275051232	1.63255254229	1.7446079072	0.917133421943	1.54657234896	1.50951121798	1.84338139198	1.83413935234	0.0	0.588816592557	1.49733690188	1.59030887385	1.89147953117	1.9243620928	1.07224395843	1.43837536491	1.81754813436	1.73285750121	1.30814851619	1.22911211696	1.70794585307	1.68684790237	1.85281576124	1.91192270179	1.83840010633	1.83191551957	1.95104025133	1.46193875785	1.8647621943	1.49443734171	1.627639855	0.986863078782	1.01963507975	1.49231762204	2.13751356211	2.11046935234	1.88900908168	1.97413410826	1.7799558579	1.82210044949	2.03641241179	1.98576201063	1.78575574674	1.83350076849	1.87194748671	1.77805475109	1.62886942001	1.91720466409	1.54702297728	1.90152122281	1.73753956984	1.96316218463
AB8	1.04933901885	1.00886107298	1.47454811503	0.488626162397	1.05755505075	1.30445137264	0.848761764137	1.24471443693	1.38956529725	0.975465611406	1.46406747221	1.11790260029	1.21612041083	1.13421208313	1.04845313678	1.08638086032	1.33875783954	1.31526022716	0.588816592557	0.0	0.99644221363	1.07536300145	1.35630475592	1.38932470759	1.1257759014	0.949993107782	1.29078499758	1.20119150314	0.760259656839	0.6887479942	1.27247846303	1.2245162784	1.32351103915	1.38237712905	1.40946282745	1.35098602223	1.46946106815	0.948831029483	1.3899438521	1.05813506525	1.18765405993	0.699406109232	0.675765079749	0.972751788304	1.64769092798	1.59411594007	1.52432215563	1.54800584824	1.33570416626	1.39580879652	1.62488126148	1.58527490092	1.37217666022	1.41662396327	1.44619072982	1.35961217496	1.13997019816	1.52639606573	1.10583155631	1.46908341228	1.22744745288	1.54192472209
AC7	0.810380004833	0.799696665056	1.97452596907	0.928954929918	1.03874630256	0.905579937168	0.838847071049	0.868112880619	0.977547104882	0.701104325761	1.06804936684	0.947872382794	0.918216872885	1.63766661189	0.883583151281	0.855939971	1.02284120348	0.994870879652	1.49733690188	0.99644221363	0.0	0.493165949734	0.945290555824	0.985848545191	1.40213008217	0.680464900918	0.950405268246	0.824939246013	0.582067341711	0.555845074915	0.866048931851	0.819982058966	0.910648148864	0.923546138231	1.26374811503	1.1247959594	1.15897206863	0.749689608507	1.05917041566	0.927264229096	0.959714910585	1.1294659449	1.0725861914	0.7201539826	1.12368841469	1.06557274045	1.41688095698	1.39996505558	1.17816160464	1.22753066216	1.48155022233	1.46323809087	1.07229903818	1.16169725471	1.22387100048	1.13040265346	0.884171503142	1.39230783954	0.828666636056	1.27509066216	0.918455766071	1.39685476559
AC8	0.644813958434	0.620835442243	2.19796163364	0.967487684872	0.986182846786	0.63408282262	0.956807481875	0.545492556791	0.683525244079	0.644044755921	0.800447245046	0.782256892218	0.60385942001	1.85834900435	0.735078719188	0.616746742388	0.66306481392	0.63791662639	1.59030887385	1.07536300145	0.493165949734	0.0	0.62274518608	0.670460381827	1.5162578782	0.576822962784	0.505538419526	0.38389442726	0.522246109232	0.527311101982	0.620675016916	0.493965360077	0.597255403577	0.626982112131	1.13154993717	0.844839724505	0.815703547608	0.676256302562	0.710680666989	0.770946930884	0.696121130981	1.19413873852	1.10816633156	0.646411841469	0.887563953601	0.832837211213	1.23313529725	1.05797144031	1.00634340744	0.998937897535	1.13564303528	1.15498840986	0.777564630256	0.827999279845	0.880231923635	0.84034777187	0.516508405027	1.152490058	0.586269318511	0.97371340261	0.553327351377	1.05422015466
AD7	0.865686336394	0.813338066699	2.39634742871	1.13837050266	1.2001322378	0.587909178347	1.28739206863	0.560802344128	0.471779342678	0.898852145964	0.396611213146	1.00334330594	0.659842131464	2.05701853069	0.887071648139	0.795720405993	0.41096737071	0.43524242146	1.89147953117	1.35630475592	0.945290555824	0.62274518608	0.0	0.15512982117	1.84873361044	0.828239178347	0.331538095698	0.405748864186	0.729343330111	0.79531842436	0.701880889319	0.533415785404	0.425255418076	0.494838269696	1.35564236346	1.06836075399	0.614820188497	0.8322	0.681758506525	1.00610762204	0.850796756887	1.37075182214	1.29205497825	0.853067100048	0.781917588207	0.688861720638	1.30891319478	1.10317807637	1.22744641856	1.16053761237	1.11196502175	1.21147432093	0.924745099082	0.83481421943	0.877794151764	0.911534659256	0.676605355244	1.23895669406	0.776007863702	1.12242374094	0.596033310778	1.09666940068
AD8	0.907892716288	0.779121788304	2.41516274045	1.15868329145	1.17374716288	0.567596234896	1.32729141131	0.506124374094	0.412087762204	0.924165437409	0.36756962784	0.977378753021	0.653323330111	2.07792121798	0.871412054132	0.788932672789	0.423600256162	0.437650454326	1.9243620928	1.38932470759	0.985848545191	0.670460381827	0.15512982117	0.0	1.86494888352	0.845444388594	0.352994200097	0.435475128081	0.742549922668	0.824583682939	0.750732682455	0.5799480232	0.399524001933	0.467096993717	1.34135288062	1.05078729821	0.594575055582	0.797849318511	0.654087844369	0.974686239729	0.816313257612	1.39076907685	1.31819188497	0.825382547124	0.754207477042	0.659083798937	1.2904897825	1.07575491542	1.2085178057	1.13342618656	1.09176320445	1.19101326728	0.904607071049	0.802529927501	0.839059091348	0.889279260512	0.706323876269	1.22079511841	0.836356544224	1.09569804737	0.574966679555	1.06992677139
AE7	1.37229434026	1.46221275012	1.89346342678	1.28816807637	1.32364929918	1.72411260029	1.22276885935	1.71955876752	1.88054345094	1.36012594973	1.95612129531	1.49796540358	1.6349340406	1.62174697922	1.48278390527	1.41755729338	1.78646179314	1.74992077815	1.07224395843	1.1257759014	1.40213008217	1.5162578782	1.84873361044	1.86494888352	0.0	1.04538161431	1.7891117738	1.69177440309	1.32028652972	1.26322072499	1.5682258579	1.58306731754	1.83615255679	1.85617782504	1.67459666022	1.72572305462	1.89735820686	1.4962562494	1.8173339536	1.37584768004	1.56557999517	1.45745287579	1.45011803287	1.43601335428	2.02010092315	1.99552432093	1.68664054132	1.83732457226	1.5943839826	1.62928075399	1.92658793137	1.8272321943	1.63234825036	1.71362288062	1.75963227646	1.62869489125	1.59479342678	1.74285322378	1.45783092798	1.76438305462	1.67848547124	1.81746424843
AE8	0.593329062349	0.589244746254	2.16310208313	0.925595084582	0.812313252779	0.753954262929	0.8860519913	0.726438883519	0.894755224746	0.571670947318	0.972034664089	0.674436365394	0.704322875785	1.82597723538	0.719608864186	0.578453958434	0.832281793137	0.797452551957	1.43837536491	0.949993107782	0.680464900918	0.576822962784	0.828239178347	0.845444388594	1.04538161431	0.0	0.795645500242	0.69633759304	0.559635645239	0.509237138714	0.73963701305	0.673038192363	0.845705277912	0.866566167231	1.10678130981	0.915401788304	0.93313702755	0.69843919768	0.86651260029	0.645628086032	0.682908820686	1.1687339391	1.09328599807	0.607659705172	1.09777390527	1.06120462059	1.12348797487	1.10032165297	0.907290082165	0.94565557274	1.17423830353	1.15912833736	0.823981802803	0.894084678589	0.957721643306	0.853327728371	0.667878859352	1.09986944418	0.610823881102	1.00639043983	0.719623924601	1.09107140164
AF7	0.787742692122	0.689488003867	2.3940837941	1.14554142581	1.07867635573	0.584409903335	1.20628669406	0.495925118415	0.47290221363	0.815567235379	0.491042503625	0.88187421943	0.594924180764	2.05643407443	0.800950758821	0.681739710005	0.334818651522	0.361271952634	1.81754813436	1.29078499758	0.950405268246	0.505538419526	0.331538095698	0.352994200097	1.7891117738	0.795645500242	0.0	0.179978830353	0.718479618173	0.747005316578	0.651291000483	0.485573059449	0.416155688739	0.474532131464	1.19839987917	0.932020599323	0.515798525858	0.785977728371	0.577714891252	0.879474543258	0.715643397777	1.37897600773	1.297249913	0.761244238763	0.770245292412	0.688593552441	1.1693718608	0.973206959884	1.08454359594	1.02830944418	0.977337655872	1.07784901402	0.779420758821	0.729313900435	0.763811464476	0.794653450942	0.534373861769	1.09652980184	0.653493808603	0.992343344611	0.471133900435	0.969212087965
AF8	0.7069219768	0.61685261479	2.31694839536	1.05091850652	1.00682066699	0.519713470275	1.12109951184	0.423058303528	0.475679294345	0.727674562591	0.57373861769	0.807226872885	0.531531807637	1.97857374577	0.722690468826	0.613544059932	0.393785640406	0.382851836636	1.73285750121	1.20119150314	0.824939246013	0.38389442726	0.405748864186	0.435475128081	1.69177440309	0.69633759304	0.179978830353	0.0	0.629214301595	0.653933968101	0.670596703722	0.466312518125	0.396969192847	0.450672034799	1.15577919285	0.877588255196	0.586544722088	0.708775940068	0.563057095215	0.806567138714	0.657673238279	1.29445025616	1.21247307395	0.676310753987	0.784900333494	0.725518144031	1.15228782987	0.971510932818	1.01571999033	0.989141846303	0.978271527308	1.07527840986	0.75435661189	0.732024456259	0.767206321895	0.780103504108	0.475529434509	1.08338858386	0.590482083132	0.961313359111	0.45112099565	0.964095219913
AG7	0.689335466409	0.608817520541	1.88343768971	0.667467288545	0.891941648139	0.723053871435	0.870930304495	0.603289163847	0.738831121315	0.59563637506	0.86288258579	0.776662489125	0.69361421943	1.54820864669	0.664108327695	0.674019279845	0.798241817303	0.790044833253	1.30814851619	0.760259656839	0.582067341711	0.522246109232	0.729343330111	0.742549922668	1.32028652972	0.559635645239	0.718479618173	0.629214301595	0.0	0.162675355244	0.823383919768	0.726940024166	0.699167738038	0.786035732238	1.26026578057	0.972948124698	0.937648786854	0.489762943451	0.856947172547	0.7992259739	0.75116240696	0.938481126148	0.85862481392	0.511371358144	1.1055982407	1.06495115031	1.29583	1.16695765587	1.11450823103	1.11418344611	1.24917106815	1.24814306428	0.940749463509	0.974013866602	1.02473310295	0.956727317545	0.694150231996	1.24018931368	0.697720792653	1.13529596423	0.728679511841	1.17519253746
AG8	0.635898061866	0.564266640889	1.88636820203	0.673173827936	0.844293040116	0.760451353311	0.808293257612	0.670396959884	0.831787858869	0.544573663606	0.925945596907	0.727055331078	0.703153943934	1.54291351377	0.649227916868	0.641892237796	0.825797617206	0.803873363944	1.22911211696	0.6887479942	0.555845074915	0.527311101982	0.79531842436	0.824583682939	1.26322072499	0.509237138714	0.747005316578	0.653933968101	0.162675355244	0.0	0.815650884485	0.73800298695	0.774300947318	0.83825958434	1.21083270662	0.964753736104	0.972685447076	0.492058086032	0.87384040116	0.739025137748	0.735916292895	0.938750691155	0.860542102465	0.481834456259	1.13907120831	1.08406235863	1.24547992267	1.16644682455	1.05150168197	1.07176767521	1.25452390043	1.24389236829	0.926517965201	0.962161266312	1.01733433543	0.932217887869	0.679235147414	1.20077804737	0.665835799903	1.12529148381	0.733311918801	1.17330000483
AH7	0.758936534558	0.879199333011	2.43943718221	1.28911527791	1.15292192363	0.82898460609	1.16907768487	0.782414688255	0.887451860802	0.915375935234	0.834418753021	1.0110939101	0.825966887385	2.11309817303	1.01191589174	0.764913494442	0.671827680039	0.626172880619	1.70794585307	1.27247846303	0.866048931851	0.620675016916	0.701880889319	0.750732682455	1.5682258579	0.73963701305	0.651291000483	0.670596703722	0.823383919768	0.815650884485	0.0	0.297855611406	0.865623006283	0.873319980667	1.18866496375	1.01271178347	0.813639811503	0.97161640406	0.802034456259	0.954345621073	0.862258651522	1.46174640889	1.39452990333	0.933544064766	0.985008753021	0.93524522958	1.25818324795	1.07093436443	1.15523437409	1.03658081199	1.10764855969	1.16270502175	0.840287380377	0.803746524891	0.854399671339	0.846910231996	0.75053261479	1.16917449009	0.792567728371	1.01322467859	0.703609743838	1.05523085065
AH8	0.693564470759	0.717016800387	2.42422496375	1.16826336878	1.01228599323	0.627581416143	1.11655518125	0.575876370227	0.704002416626	0.783630299662	0.690515563074	0.862244668922	0.654231111648	2.08342965684	0.853754528758	0.613210691155	0.448581435476	0.400634436926	1.68684790237	1.2245162784	0.819982058966	0.493965360077	0.533415785404	0.5799480232	1.58306731754	0.673038192363	0.485573059449	0.466312518125	0.726940024166	0.73800298695	0.297855611406	0.0	0.669922841953	0.651048535524	1.13826671339	0.904151290478	0.685338448526	0.843809357177	0.609381329145	0.820594552924	0.714639038183	1.40049122281	1.32016088449	0.797136969551	0.825835761237	0.761758511358	1.13331395843	0.955497738038	1.02973188014	0.919964572257	0.955554968584	1.04824591107	0.69352242146	0.658671329145	0.713578414693	0.721811034316	0.573176259062	1.04282687289	0.628888917351	0.894883779604	0.507375746738	0.937377336878
AA5	0.855789826003	0.624464369261	2.28417725955	1.08910100048	0.993042029966	0.463236176897	1.2232317883	0.343781483809	0.235423431609	0.821652058966	0.444564359594	0.791096636056	0.562987564041	1.95354444659	0.694949685839	0.744776065732	0.448168695022	0.457869023683	1.85281576124	1.32351103915	0.910648148864	0.597255403577	0.425255418076	0.399524001933	1.83615255679	0.845705277912	0.416155688739	0.396969192847	0.699167738038	0.774300947318	0.865623006283	0.669922841953	0.0	0.256985016916	1.24111717255	0.911023305945	0.609431875302	0.629256307395	0.639426703722	0.83803962784	0.701474195263	1.21547222813	1.14409247463	0.631642208797	0.765472957951	0.646347810536	1.26714920251	1.07860215563	1.08016057032	1.08363276945	1.09775851619	1.18826088449	0.848893383277	0.81042298695	0.839490662156	0.874323243113	0.575884649589	1.20448489125	0.716719656839	1.05278550991	0.541900676655	1.07020983567
AA6	0.876816312228	0.667037129048	2.39918952634	1.16549396327	0.992887568874	0.38975517158	1.21029535524	0.383587158047	0.329109357177	0.82916081682	0.43139861769	0.772310246496	0.536687825036	2.05814863219	0.747026254229	0.732514983084	0.489057472209	0.478986906718	1.91192270179	1.38237712905	0.923546138231	0.626982112131	0.494838269696	0.467096993717	1.85617782504	0.866566167231	0.474532131464	0.450672034799	0.786035732238	0.83825958434	0.873319980667	0.651048535524	0.256985016916	0.0	1.1213177912	0.809082706622	0.512330144998	0.673528970517	0.524252165297	0.851332445626	0.619206442726	1.33240451426	1.25798304012	0.679016505558	0.559760198163	0.442774760754	1.15619738038	0.978696075399	0.982410381827	0.946680502658	0.997660874819	1.08002126148	0.719004683422	0.721484794587	0.746577061382	0.773665911068	0.607858656356	1.07212067666	0.74460217013	0.920817438376	0.511736752054	0.963717733204
AB5	1.10775232479	0.964212397293	2.53345603673	1.34754374094	0.800423426776	1.06291375544	1.18743775737	1.09180076365	1.21800554374	1.00570688255	1.20180476075	0.772317056549	1.04072476559	2.19830573707	1.04028112615	0.996487506042	1.21220229096	1.18128695022	1.83840010633	1.40946282745	1.26374811503	1.13154993717	1.35564236346	1.34135288062	1.67459666022	1.10678130981	1.19839987917	1.15577919285	1.26026578057	1.21083270662	1.18866496375	1.13826671339	1.24111717255	1.1213177912	0.0	0.451176099565	0.96299139681	1.09346642339	0.950034644756	0.867488854519	0.854472208797	1.53493085065	1.46378521991	0.982952189464	1.02519352344	1.00922839536	0.821503784437	0.955269333011	0.712194301595	0.729277897535	1.0401042436	0.964689270179	0.799725490575	0.95749378927	0.948855896568	0.889952295795	1.02970660706	0.860690550991	1.00794180764	0.828341145481	1.02152542774	0.936152682455
AB6	0.932555500242	0.72109322378	2.48687252296	1.24863602223	0.754374238763	0.748780952151	1.11749003867	0.767652300628	0.902656462059	0.832840227163	0.931649492508	0.530302522958	0.746140700822	2.14623926535	0.816373958434	0.781711493475	0.960261077815	0.927386510391	1.83191551957	1.35098602223	1.1247959594	0.844839724505	1.06836075399	1.05078729821	1.72572305462	0.915401788304	0.932020599323	0.877588255196	0.972948124698	0.964753736104	1.01271178347	0.904151290478	0.911023305945	0.809082706622	0.451176099565	0.0	0.740653566941	0.819485413243	0.715880449493	0.77121702755	0.620759328178	1.4178900435	1.34475609957	0.707283842436	0.725457375544	0.746405355244	0.727980289995	0.683777245046	0.532370294828	0.513136771387	0.770674910585	0.732242556791	0.568949787337	0.740301894635	0.736716075399	0.680647438376	0.74787322378	0.693067762204	0.779388405027	0.546204900918	0.773335128081	0.663312145964
AC5	0.935909801837	0.788878071532	2.61485454809	1.3604160174	0.961147148381	0.579873939101	1.28252580957	0.581274277429	0.565128405027	0.910824243596	0.467413673272	0.732320836153	0.713185326245	2.27589402127	0.907689932334	0.793411517641	0.518626747221	0.523302387627	1.95104025133	1.46946106815	1.15897206863	0.815703547608	0.614820188497	0.594575055582	1.89735820686	0.93313702755	0.515798525858	0.586544722088	0.937648786854	0.972685447076	0.813639811503	0.685338448526	0.609431875302	0.512330144998	0.96299139681	0.740653566941	0.0	0.831620739488	0.416693552441	0.868133765104	0.645780560657	1.58049457226	1.4926537651	0.79190777187	0.513969154181	0.481571836636	0.951455268246	0.737692590623	0.889756466892	0.810772339294	0.738351493475	0.817737090382	0.600812083132	0.529734378927	0.553647950701	0.624192924118	0.719319637506	0.854410676655	0.829231377477	0.770264238763	0.582625862736	0.711830642823
AC6	0.802574195263	0.497758463026	1.94862119381	0.72761517158	0.747039072015	0.661664229096	0.753634291928	0.541112097632	0.7078620203	0.4932219768	0.845758675689	0.627802097632	0.647210202997	1.61158927985	0.544831309811	0.675566476559	0.822238690188	0.80884181247	1.46193875785	0.948831029483	0.749689608507	0.676256302562	0.8322	0.797849318511	1.4962562494	0.69843919768	0.785977728371	0.708775940068	0.489762943451	0.492058086032	0.97161640406	0.843809357177	0.629256307395	0.673528970517	1.09346642339	0.819485413243	0.831620739488	0.0	0.797903600773	0.668710463992	0.637073112615	0.782540560657	0.697382788787	0.331066307395	1.01230940068	0.941234480425	1.1399258579	1.08607586274	0.950173146448	0.972802909618	1.16255956017	1.15351115031	0.847218129531	0.921180454326	0.965961768971	0.869543088449	0.633757767037	1.09725439343	0.653850947318	1.03355474142	0.686820212663	1.08878728371
AD6	0.77661919768	0.654412957951	2.535819826	1.2118100145	0.825501300145	0.457890758821	1.20092724021	0.481370497825	0.589077336878	0.822762165297	0.535412735621	0.643436747221	0.560763615273	2.19279838086	0.76824178347	0.631045891735	0.545078269696	0.531279062349	1.8647621943	1.3899438521	1.05917041566	0.710680666989	0.681758506525	0.654087844369	1.8173339536	0.86651260029	0.577714891252	0.563057095215	0.856947172547	0.87384040116	0.802034456259	0.609381329145	0.639426703722	0.524252165297	0.950034644756	0.715880449493	0.416693552441	0.797903600773	0.0	0.723184079265	0.430055814403	1.48685009667	1.40941465442	0.739830033833	0.628770565491	0.582881329145	0.831252426293	0.635950976317	0.803803281779	0.686057104882	0.673096839053	0.746067317545	0.462376046399	0.436027651039	0.459060575157	0.464587365877	0.566905766071	0.754253808603	0.669307085549	0.659739975834	0.396508376027	0.642341082649
AE5	0.574523431609	0.5028060174	2.29183432576	0.969558801353	0.62704081682	0.763047530208	0.852182078299	0.694027530208	0.906475596907	0.55113358144	0.974558999517	0.573481464476	0.705014954084	1.94767833253	0.611409217013	0.4748799855	0.887388516191	0.861259255679	1.49443734171	1.05813506525	0.927264229096	0.770946930884	1.00610762204	0.974686239729	1.37584768004	0.645628086032	0.879474543258	0.806567138714	0.7992259739	0.739025137748	0.954345621073	0.820594552924	0.83803962784	0.851332445626	0.867488854519	0.77121702755	0.868133765104	0.668710463992	0.723184079265	0.0	0.374996964717	1.17622996133	1.10231328178	0.534400009667	1.07807887869	1.0579562059	0.862793518608	0.862431894635	0.749291536974	0.701358100532	0.973241111648	0.925910961817	0.602865964234	0.693673479942	0.768481232479	0.614649337844	0.565534127598	0.848889845336	0.485598743354	0.826262672789	0.662084055099	0.87250959884
AE6	0.601859980667	0.429872300628	2.38517351377	1.03495651039	0.672961039149	0.518502928951	0.976427936201	0.521693919768	0.675428356694	0.630355679072	0.72367121798	0.522813963267	0.475600057999	2.03863912518	0.560222527791	0.426312532624	0.695842938618	0.672060976317	1.627639855	1.18765405993	0.959714910585	0.696121130981	0.850796756887	0.816313257612	1.56557999517	0.682908820686	0.715643397777	0.657673238279	0.75116240696	0.735916292895	0.862258651522	0.714639038183	0.701474195263	0.619206442726	0.854472208797	0.620759328178	0.645780560657	0.637073112615	0.430055814403	0.374996964717	0.0	1.29593126631	1.21719127115	0.531735853069	0.839334973417	0.810911005317	0.801002363461	0.690391817303	0.65697937651	0.606465969067	0.793088322861	0.766140947318	0.45023919768	0.508681638473	0.552000304495	0.449197573707	0.472158844853	0.739378081199	0.466313600773	0.648937133881	0.453213315611	0.704383141614
AF5	1.22505649589	1.09868260996	1.334650116	0.593224548091	1.15270317061	1.3279037651	0.861822711455	1.19993169164	1.27983555341	0.981146230063	1.4867140551	1.20997267279	1.26718683905	0.998388506525	1.05702397293	1.24042152731	1.44428768004	1.4553201885	0.986863078782	0.699406109232	1.1294659449	1.19413873852	1.37075182214	1.39076907685	1.45745287579	1.1687339391	1.37897600773	1.29445025616	0.938481126148	0.938750691155	1.46174640889	1.40049122281	1.21547222813	1.33240451426	1.53493085065	1.4178900435	1.58049457226	0.782540560657	1.48685009667	1.17622996133	1.29593126631	0.0	0.152395277912	0.964219666506	1.70272986467	1.62548507492	1.64296875785	1.64762690188	1.49848927985	1.54762298695	1.74006705172	1.72852132914	1.4855760029	1.55789035283	1.59022277429	1.50072202513	1.21431723538	1.67912313195	1.19031900918	1.61492200097	1.34640116965	1.67088791203
AF6	1.17089154181	1.02257408893	1.39641340744	0.513152875785	1.09164750604	1.24677681972	0.800959217013	1.12433058482	1.21545750121	0.902332044466	1.40513592557	1.13767176897	1.1851821653	1.06004248913	0.968961657806	1.16539627356	1.36151147414	1.37097470275	1.01963507975	0.675765079749	1.0725861914	1.10816633156	1.29205497825	1.31819188497	1.45011803287	1.09328599807	1.297249913	1.21247307395	0.85862481392	0.860542102465	1.39452990333	1.32016088449	1.14409247463	1.25798304012	1.46378521991	1.34475609957	1.4926537651	0.697382788787	1.40941465442	1.10231328178	1.21719127115	0.152395277912	0.0	0.883374519091	1.61697778637	1.54267764621	1.56778432576	1.55889665056	1.4196059014	1.47798839536	1.64277362011	1.64773261479	1.40538565491	1.48092513775	1.51190652972	1.42062683422	1.13210343644	1.60290032383	1.10533189947	1.54159152731	1.27133268729	1.58176864186
AG5	0.699566553891	0.371553450942	2.09474521991	0.804812672789	0.584845234413	0.586951184147	0.777289502175	0.500355901402	0.699200111165	0.442376636056	0.810940671822	0.463094552924	0.555852663122	1.75539183664	0.441437849203	0.556446839053	0.785851870469	0.749168641856	1.49231762204	0.972751788304	0.7201539826	0.646411841469	0.853067100048	0.825382547124	1.43601335428	0.607659705172	0.761244238763	0.676310753987	0.511371358144	0.481834456259	0.933544064766	0.797136969551	0.631642208797	0.679016505558	0.982952189464	0.707283842436	0.79190777187	0.331066307395	0.739830033833	0.534400009667	0.531735853069	0.964219666506	0.883374519091	0.0	0.961114084099	0.929125369744	1.01378222813	0.965153576607	0.813033460609	0.837567941034	1.05764568391	1.01570112131	0.696794644756	0.793469980667	0.848292764621	0.723277341711	0.555486529724	0.963257539874	0.549012373127	0.894362044466	0.611840652489	0.95561159014
