	AA3	AA4	AB3	AB4	AC3	AC4	AD3	AD4	AE3	AE4	AF3	AF4	AG3	AG4	AH3	AH4	AA7	AA8	AB7	AB8	AC7	AC8	AD7	AD8	AE7	AE8	AF7	AF8	AG7	AG8	AH7	AH8	AA5	AA6	AB5	AB6	AC5	AC6	AD6	AE5	AE6	AF5	AF6	AG5	AH5	AH6	AA1	AA2	AB1	AB2	AC1	AC2	AD1	AD2	AE1	AE2	AF1	AF2	AG1	AG2	AH1	AH2
AA3	0.0	0.503611063316	2.2640881972	0.971606732721	0.8091980087	0.704629502175	0.886851039149	0.726764659256	0.841710768487	0.661682933784	0.916620657322	0.706476268729	0.659107182214	1.92370194297	0.723410294828	0.231811469309	0.788183247946	0.73880157564	1.45701165297	1.06751071532	0.825480763654	0.663468293862	0.840752160464	0.826024229096	1.40074767037	0.593982402127	0.738825074915	0.594341353311	0.681205534074	0.700538448526	0.761163798937	0.637846312228	0.820584644756	0.755450483325	1.04321128081	0.884091759304	0.893086408893	0.740959241179	0.734510260996	0.562974596423	0.571852397293	1.27549318028	1.16464961817	0.684761909135	1.09008758337	1.0313662929	0.995957100048	0.890226863219	0.895777902368	0.820481585307	1.00981696472	0.939509342678	0.595390425326	0.678695514741	0.740841126148	0.618236950217	0.501304731754	0.889545650072	0.47542540841	0.875265978734	0.61996381827	0.933297042049
AA4	0.503611063316	0.0	2.25211235863	0.914082948284	0.631172136298	0.514580140164	0.871111179314	0.468182518125	0.628280845819	0.579875089415	0.749613450942	0.45389578057	0.393312416626	1.90936801837	0.345823185114	0.331386834219	0.659260874819	0.615217114548	1.55502139198	1.09054767521	0.851054446593	0.639671034316	0.814422721121	0.76670561624	1.52125456742	0.618489956501	0.640033199613	0.602339279845	0.609253252779	0.707516935718	0.851385485742	0.669937878202	0.609698936684	0.540564871919	0.924452242629	0.698027530208	0.714955896568	0.512099797003	0.557018608023	0.53733840986	0.363127288545	1.22274197197	1.10884962301	0.441710942484	0.886076191397	0.809751208313	0.980304867086	0.770740285162	0.746544016433	0.740345224746	0.918316505558	0.846318569357	0.545411889802	0.588549748671	0.656773649106	0.553875311745	0.447577090382	0.841076230063	0.396815611406	0.753335592073	0.440327641373	0.801164306428
AB3	2.2640881972	2.25211235863	0.0	1.44011074432	2.1930538521	2.39958291928	1.91897255679	2.28804324795	2.32921338811	2.09985643789	2.52133926535	2.27118430159	2.31904500725	0.389202252296	2.11810976317	2.23122879169	2.48753965201	2.4866537071	1.19119817786	1.45867863219	1.99634880619	2.15618650556	2.41848357661	2.3944778202	1.88721153697	2.15403029966	2.39767491542	2.27599251812	1.92996176414	1.78894878202	2.43355757371	2.43588416626	2.28040049783	2.35709381827	2.53529114548	2.4935140696	2.60269618173	2.00520317545	2.53522954567	2.28762949251	2.38629275495	1.28009089899	1.38220678589	2.08183217496	2.72942011116	2.62680275495	2.69512860319	2.65513313678	2.49886497825	2.59168130498	2.76047139681	2.70004489609	2.53254746738	2.6047038376	2.62352554374	2.55231952151	2.32293064766	2.66453478492	2.28014947801	2.64782326245	2.36381266312	2.6820762784
AB4	0.971606732721	0.914082948284	1.44011074432	0.0	0.94522701305	1.05517723055	0.785829458676	0.988953914935	1.11157125665	0.819418791687	1.22728998067	0.964364751087	0.902615132914	1.08261642823	0.827296457226	0.902093185114	1.19909477525	1.18039576124	0.991984291928	0.534227810536	0.93004560174	0.941394349928	1.15034955534	1.11276730788	1.29937787337	0.906584359594	1.14315877719	1.00023315128	0.680727597873	0.572166234896	1.26922537941	1.16532844369	1.07331846303	1.07859470275	1.37526582407	1.27177640406	1.35052765104	0.765125828903	1.2011379797	0.979140826486	1.05624572257	0.609356993717	0.524619743838	0.821057834703	1.46198587724	1.35710559207	1.49284273079	1.3875122813	1.27044245046	1.3465782552	1.52636927501	1.46223033349	1.22256838086	1.29673768487	1.33785116481	1.24454519091	1.03249940068	1.42826547124	0.985668516191	1.38652169164	1.03590911068	1.40958214113
AC3	0.8091980087	0.631172136298	2.1930538521	0.94522701305	0.0	0.751434683422	0.852529231513	0.846546302562	0.973211802803	0.685243552441	1.0515978347	0.31194757854	0.756239458676	1.85471089415	0.658424446593	0.704203678105	0.972549521508	0.934570913485	1.44124172547	1.06752252779	1.04472268729	0.992918047366	1.22489674239	1.1729938376	1.3283980232	0.818513740938	1.05642169164	0.997760512325	0.898440091832	0.886302382794	1.15169342678	0.979459352344	0.990038158531	0.935883794103	0.811762348961	0.757518951184	0.958767249879	0.702318873852	0.855480546158	0.610144765587	0.671119395843	1.19076121315	1.10008668922	0.570099879169	1.13237445626	1.06745632673	0.87066901885	0.893699826003	0.7339120058	0.773064243596	1.0296941131	0.924484896085	0.685691063316	0.78635540841	0.830221715805	0.729981406477	0.808048453359	0.85735378927	0.748101454809	0.865164586757	0.829845132914	0.900330652489
AC4	0.704629502175	0.514580140164	2.39958291928	1.05517723055	0.751434683422	0.0	1.12332382794	0.38764221363	0.480938559691	0.790980343161	0.366434586757	0.516549231513	0.421877467376	2.05664615756	0.703240473659	0.634254088932	0.570933861769	0.519529966167	1.80936924601	1.32482006283	0.911723943934	0.653982097632	0.644090700822	0.611613847269	1.71977038666	0.747125592073	0.571090671822	0.522938308362	0.674164393427	0.810650918318	0.812897796037	0.587343769937	0.5174280087	0.416774330594	0.99305059449	0.755865592073	0.565550488159	0.626494523925	0.418875152247	0.757237109715	0.468345949734	1.39254504108	1.27923706138	0.582797095215	0.716817085549	0.612808448526	1.06205716771	0.82315457709	0.800789337844	0.796266437893	0.883502358627	0.924146065732	0.557592725955	0.640806505558	0.653816679555	0.592613634606	0.572297878202	0.932769371677	0.630011208313	0.781771594973	0.388448042533	0.794899139681
AD3	0.886851039149	0.871111179314	1.91897255679	0.785829458676	0.852529231513	1.12332382794	0.0	1.0213981247	1.26835694538	0.426615693572	1.35338973417	0.906735592073	1.03367391977	1.5772902465	0.789601179314	0.85513060899	1.23328663122	1.20054397293	1.30323536491	0.829905553407	0.89171258579	0.908007066216	1.28888231996	1.24078325278	1.1974121073	0.839830908652	1.18193641373	1.04136242629	0.876769275012	0.751269642339	1.14333964234	1.08903281779	1.19591183664	1.1211360319	1.17222113098	1.07515191397	1.26184615756	0.740589884002	1.14277738521	0.795839333011	0.929678419526	0.839899724505	0.749103131948	0.764550173997	1.39111363461	1.32605271145	1.34549945868	1.30906869985	1.11676931851	1.17590724988	1.46291881102	1.36248681972	1.11799852586	1.19373557274	1.2409358869	1.10647408893	0.968322160464	1.31543129531	0.907229990333	1.22543528758	1.08264704688	1.34114310295
AD4	0.726764659256	0.468182518125	2.28804324795	0.988953914935	0.846546302562	0.38764221363	1.0213981247	0.0	0.283831503142	0.663530744321	0.471293668439	0.650094789754	0.484272769454	1.94612015466	0.622422609956	0.613390821653	0.503511135814	0.469447694538	1.79109871919	1.30199788787	0.850787259546	0.580536568391	0.513723218946	0.468817056549	1.75652090382	0.760944886419	0.457658327695	0.433219903335	0.516159328178	0.736772339294	0.808909347511	0.587704030933	0.297332619623	0.297645582407	1.10391885935	0.855273605607	0.559890352827	0.530292319961	0.453379125181	0.759952208797	0.499554301595	1.26527613823	1.14553881102	0.547203262446	0.732699666506	0.602757390043	1.18928885452	0.929473697438	0.949574905752	0.953681498308	0.983277119381	1.04034503142	0.701376621556	0.720357767037	0.731596321895	0.718423687772	0.5625739826	1.05296037216	0.606890570324	0.922061860802	0.439918279362	0.913865471242
AE3	0.841710768487	0.628280845819	2.32921338811	1.11157125665	0.973211802803	0.480938559691	1.26835694538	0.283831503142	0.0	0.902552000967	0.373430333494	0.783296230063	0.585647936201	1.99540350894	0.751693098115	0.774469410343	0.483639072015	0.501986176897	1.92607361527	1.45858030449	0.973122097632	0.702275766071	0.440348274529	0.444582131464	1.90973363461	0.920373557274	0.427281643306	0.518062310295	0.665370889319	0.897333914935	0.885925190913	0.703240918318	0.233261986467	0.339404171097	1.21069553407	0.974462257129	0.545678743354	0.699701155147	0.575158371194	0.963096713388	0.654629265346	1.34834543741	1.23562846786	0.70658958434	0.815915944901	0.643870381827	1.29058371194	1.02405739004	1.08460163364	1.06674521025	1.07050598357	1.1402202755	0.809871778637	0.834039120348	0.838437075882	0.830134059932	0.681118922185	1.16500588207	0.743187119381	1.03092605607	0.575389956501	1.0101738231
AE4	0.661682933784	0.579875089415	2.09985643789	0.819418791687	0.685243552441	0.790980343161	0.426615693572	0.663530744321	0.902552000967	0.0	1.02532591107	0.645120691155	0.743769159014	1.75837477525	0.538145340744	0.577864755921	0.920621696472	0.890647283712	1.47100737554	0.99465881102	0.743883484775	0.674658264862	0.952591459642	0.905427327211	1.37723568874	0.601345935234	0.847406317061	0.720394311261	0.606935833736	0.600026534558	0.928907796037	0.806557530208	0.832098521025	0.776917825036	0.978929990333	0.857738598357	0.933389487675	0.483551338811	0.82651919768	0.57241439826	0.629050758821	1.02660643789	0.911594987917	0.49387482842	1.07631500242	1.00750868536	1.11812365877	1.07381862252	0.903423310778	0.967984364427	1.22892075882	1.12497574674	0.861424388594	0.910114378927	0.93759020783	0.831548071532	0.688584697922	1.08967144514	0.63287900435	1.00798179797	0.765933711938	1.09017340261
AF3	0.916620657322	0.749613450942	2.52133926535	1.22728998067	1.0515978347	0.366434586757	1.35338973417	0.471293668439	0.373430333494	1.02532591107	0.0	0.820286534558	0.663009956501	2.18568873852	0.930136355727	0.869633431609	0.484262010633	0.475459043016	2.00909075399	1.52650406477	1.06100569357	0.814950246496	0.407886814886	0.394633238279	1.98332893668	0.994168521025	0.481811048816	0.628628873852	0.798092870952	1.00079248429	0.843231899468	0.678007327211	0.456657530208	0.472102286129	1.1839500725	0.981123504108	0.448889550507	0.823971855969	0.474248356694	1.01418946351	0.697059086515	1.54786686805	1.43588182697	0.823141290478	0.707260256162	0.553585045916	1.21755432576	0.970414731754	1.07436982117	1.01510840986	1.01289294345	1.06289647656	0.758801193813	0.754402928951	0.766378922185	0.731694842919	0.797809574674	1.07922632673	0.866663823103	0.958013247946	0.580763296278	0.939649811503
AF4	0.706476268729	0.45389578057	2.27118430159	0.964364751087	0.31194757854	0.516549231513	0.906735592073	0.650094789754	0.783296230063	0.645120691155	0.820286534558	0.0	0.555883035283	1.93098560657	0.544159729338	0.580131759304	0.832390169164	0.781130082165	1.58458904302	1.10266955534	0.918331271145	0.808317689705	1.02846679555	0.968406462059	1.4705000145	0.662680478492	0.87554160464	0.817809734171	0.769701193813	0.778957868536	1.01425063316	0.84475820203	0.799285611406	0.733632532624	0.797092286129	0.611616457226	0.743283122281	0.585856853552	0.692746065732	0.57834340261	0.548753711938	1.23142159981	1.13084396327	0.449460932818	0.931421135814	0.852398511358	0.863778376027	0.749386950217	0.605801449976	0.653688931851	0.911691329145	0.820098612856	0.56656319478	0.662054548091	0.710158110198	0.62675619623	0.673754485259	0.765448608023	0.620187380377	0.729316350894	0.640893871435	0.767844794587
AG3	0.659107182214	0.393312416626	2.31904500725	0.902615132914	0.756239458676	0.421877467376	1.03367391977	0.484272769454	0.585647936201	0.743769159014	0.663009956501	0.555883035283	0.0	1.9607937941	0.520360405993	0.542272397293	0.589972324795	0.549068390527	1.70679525858	1.2231039391	0.882399990333	0.633752440793	0.728727965201	0.693896118898	1.60752953601	0.688488956017	0.602527143548	0.568522145964	0.644830077332	0.782124644756	0.847170671822	0.650615978734	0.618749758337	0.505288231029	0.981700463992	0.755877936201	0.707046486225	0.599282305462	0.552897443209	0.685838182697	0.422764345094	1.31386662639	1.20477652972	0.542277133881	0.864638496858	0.765429260512	1.008279884	0.767967752537	0.77390901885	0.786388477525	0.909373765104	0.864579260512	0.539360768487	0.628884137264	0.701781029483	0.576583697438	0.468557298212	0.887152687289	0.496631739971	0.780199705172	0.377580125665	0.782968651522
AG4	1.92370194297	1.90936801837	0.389202252296	1.08261642823	1.85471089415	2.05664615756	1.5772902465	1.94612015466	1.99540350894	1.75837477525	2.18568873852	1.93098560657	1.9607937941	0.0	1.78288119865	1.88858708072	2.15464231029	2.15035731271	0.942987090382	1.13311982117	1.66242322861	1.81730914451	2.08011949734	2.05514740938	1.62441354761	1.81419753021	2.05881785404	1.93453549541	1.59928530208	1.45186805703	2.11480771387	2.09876024166	1.94309873852	2.01380043983	2.20700075399	2.16093430159	2.27034473659	1.67501969551	2.19008068149	1.94399022716	2.04097365394	0.956834601257	1.05607738038	1.74739433059	2.38760869502	2.28346055099	2.34966964717	2.31010385694	2.15192689222	2.24437043016	2.42423423876	2.36010364911	2.1905342436	2.25797725471	2.28353604157	2.20792732238	1.98390083615	2.32204445143	1.93872939101	2.30165906718	2.02246501692	2.34018526825
AH3	0.723410294828	0.345823185114	2.11810976317	0.827296457226	0.658424446593	0.703240473659	0.789601179314	0.622422609956	0.751693098115	0.538145340744	0.930136355727	0.544159729338	0.520360405993	1.78288119865	0.0	0.546664132431	0.786767259546	0.773344717255	1.52075956984	1.05558409377	0.866486457226	0.76407222813	0.923343412276	0.893439463509	1.45943363461	0.715687718705	0.798329666506	0.746920734654	0.670177936201	0.685192706622	1.01846961817	0.848126534558	0.703950637989	0.698122015466	1.02050858386	0.839800671822	0.908218511358	0.515630347994	0.77966939101	0.603771764137	0.574492745288	1.08363720155	0.965828670855	0.460709265346	1.07143649589	0.993728061866	1.08266131464	0.918333069116	0.834928042533	0.883166292895	1.05917543741	1.00284822136	0.788188956017	0.821692112131	0.868610270662	0.782773199613	0.609357984534	0.972248927018	0.559870637989	0.917673876269	0.628749975834	0.953568477525
AH4	0.231811469309	0.331386834219	2.23122879169	0.902093185114	0.704203678105	0.634254088932	0.85513060899	0.613390821653	0.774469410343	0.577864755921	0.869633431609	0.580131759304	0.542272397293	1.88858708072	0.546664132431	0.0	0.689406220396	0.656674968584	1.45300687289	1.05174270662	0.808001735138	0.621494040599	0.807624818753	0.763282445626	1.40061914935	0.532213832769	0.672731150314	0.585372426293	0.625920918318	0.67249958434	0.758620227163	0.600520101498	0.731289453842	0.684707462542	0.992253450942	0.79727579507	0.827711488642	0.607953658772	0.659013929435	0.502910115998	0.4619419913	1.22467037216	1.11351851619	0.560164253262	1.00360455292	0.947040536491	0.957899328178	0.813370821653	0.806909826003	0.749485959401	0.947973218946	0.87390378927	0.562256085065	0.624768356694	0.688712450459	0.563561295312	0.398195630739	0.836428467859	0.373865896568	0.797238231029	0.530067921701	0.840829642339
AA7	0.788183247946	0.659260874819	2.48753965201	1.19909477525	0.972549521508	0.570933861769	1.23328663122	0.503511135814	0.483639072015	0.920621696472	0.484262010633	0.832390169164	0.589972324795	2.15464231029	0.786767259546	0.689406220396	0.0	0.127876336394	1.83070487675	1.39321697922	1.00798313195	0.703192315128	0.455795041083	0.450955857902	1.79127880619	0.836634040599	0.335849502175	0.488968516191	0.732436950217	0.92545362494	0.66469059449	0.444055872402	0.462026897052	0.503512358627	1.18901785404	1.0021740696	0.509423431609	0.804604277429	0.496778516191	0.897363160947	0.648634862252	1.50622746738	1.39909813436	0.817330831319	0.784573006283	0.635538646689	1.13200208797	0.901402609956	1.07885653939	0.996557303045	0.914380927985	0.984619057516	0.707983697438	0.665277322378	0.691223687772	0.675141135814	0.538391275979	0.990336766554	0.616888163364	0.940692513291	0.484518907685	0.877024668922
AA8	0.73880157564	0.615217114548	2.4866537071	1.18039576124	0.934570913485	0.519529966167	1.20054397293	0.469447694538	0.501986176897	0.890647283712	0.475459043016	0.781130082165	0.549068390527	2.15035731271	0.773344717255	0.656674968584	0.127876336394	0.0	1.79883218463	1.35160860802	0.965754886419	0.659284765587	0.464352817786	0.44359118898	1.74484706138	0.78374521508	0.349119487675	0.442303508942	0.700927148381	0.892164702755	0.614907269212	0.372240318995	0.475005775737	0.471714746254	1.15716346061	0.971784432093	0.508437438376	0.785510744321	0.441622595457	0.857410923151	0.617902073465	1.50918157081	1.39827526341	0.784870512325	0.749495500242	0.626523856936	1.09897731271	0.873781739971	1.03851299178	0.955203431609	0.89259217013	0.957470067666	0.668171005317	0.628127201547	0.659563262446	0.644854833253	0.530912754954	0.961769246013	0.595414349927	0.9021680087	0.439563441276	0.847523847269
AB7	1.45701165297	1.55502139198	1.19119817786	0.991984291928	1.44124172547	1.80936924601	1.30323536491	1.79109871919	1.92607361527	1.47100737554	2.00909075399	1.58458904302	1.70679525858	0.942987090382	1.52075956984	1.45300687289	1.83070487675	1.79883218463	0.0	0.545969676172	1.51450753504	1.58302507008	1.91628169647	1.86807561141	1.07433602707	1.41666133398	1.80820481875	1.66293236829	1.38536059932	1.16261395843	1.70737637023	1.69099847753	1.84981791203	1.85081769937	1.84926496375	1.83104214596	1.96660589174	1.49010801353	1.8691779797	1.47646310778	1.64126040599	0.987690652489	0.988086655389	1.49202363461	2.12613026583	2.07477048333	1.95591937651	1.94773641856	1.79103615756	1.84043107298	2.06281347994	1.98093905268	1.78196991783	1.83669238763	1.87514865152	1.79781299178	1.63069928468	1.91732040599	1.57931384244	1.90535632673	1.72903012566	1.97545232963
AB8	1.06751071532	1.09054767521	1.45867863219	0.534227810536	1.06752252779	1.32482006283	0.829905553407	1.30199788787	1.45858030449	0.99465881102	1.52650406477	1.10266955534	1.2231039391	1.13311982117	1.05558409377	1.05174270662	1.39321697922	1.35160860802	0.545969676172	0.0	1.04841830353	1.09368074915	1.43916741904	1.37419228613	1.0986699565	0.95957438376	1.3294637361	1.17164054616	0.881925132914	0.67410680522	1.28945898985	1.26741860319	1.38551804737	1.3696900435	1.42678046883	1.37072692122	1.493470116	1.01077350411	1.41600663122	1.05713612856	1.2100681392	0.723449415176	0.678406694055	1.00833284679	1.67100879652	1.59226172547	1.61113696955	1.53364110681	1.38087335428	1.42799284195	1.6644558579	1.59273700338	1.38975534074	1.43065696955	1.46854676655	1.3936957274	1.19990076365	1.53942311261	1.15587349444	1.48770148864	1.2554060754	1.56056351377
AC7	0.825480763654	0.851054446593	1.99634880619	0.93004560174	1.04472268729	0.911723943934	0.89171258579	0.850787259546	0.973122097632	0.743883484775	1.06100569357	0.918331271145	0.882399990333	1.66242322861	0.866486457226	0.808001735138	1.00798313195	0.965754886419	1.51450753504	1.04841830353	0.0	0.400880019333	0.956745848236	0.926603552441	1.43276849203	0.672085331078	0.914255485742	0.723574625423	0.572037868536	0.581524983084	0.844723334944	0.803430826486	0.90443578057	0.866671933301	1.2651340551	1.14701025133	1.13195230546	0.739720256162	1.0143620638	0.965787704205	0.938706752054	1.19284278879	1.10547155147	0.759691034316	1.10942409377	1.03464289029	1.48305456742	1.38752824553	1.21302774287	1.25394012566	1.51120276462	1.45631012566	1.07937725955	1.15886578057	1.22143189464	1.09466031416	0.885110396327	1.40118100048	0.851394775254	1.25477102465	0.888969772837	1.39291852102
AC8	0.663468293862	0.639671034316	2.15618650556	0.941394349928	0.992918047366	0.653982097632	0.908007066216	0.580536568391	0.702275766071	0.674658264862	0.814950246496	0.808317689705	0.633752440793	1.81730914451	0.76407222813	0.621494040599	0.703192315128	0.659284765587	1.58302507008	1.09368074915	0.400880019333	0.0	0.685384272595	0.65259962784	1.50718247946	0.5875320203	0.57027482842	0.390793726438	0.41823462059	0.58027099565	0.623248090865	0.51846478492	0.62807918318	0.604401638473	1.15782853552	0.929784103432	0.842788052199	0.652295413243	0.724374282262	0.836803044949	0.688332155631	1.21209253262	1.1097618753	0.682769758337	0.92159860319	0.830969695505	1.33312538424	1.10278875785	1.06347009183	1.05776514258	1.21717959401	1.19768333978	0.826240990817	0.872123653939	0.932747825036	0.838425659739	0.584533286612	1.20428471242	0.611516640889	0.996233064282	0.605299758337	1.10454185597
AD7	0.840752160464	0.814422721121	2.41848357661	1.15034955534	1.22489674239	0.644090700822	1.28888231996	0.513723218946	0.440348274529	0.952591459642	0.407886814886	1.02846679555	0.728727965201	2.08011949734	0.923343412276	0.807624818753	0.455795041083	0.464352817786	1.91628169647	1.43916741904	0.956745848236	0.685384272595	0.0	0.169854436926	1.89448464476	0.866739173514	0.352494596423	0.467646534558	0.66221857419	0.891074320928	0.739960280329	0.570781730304	0.450140720155	0.52801658289	1.34749534074	1.13853881585	0.603906940551	0.836549545674	0.648891459642	1.05960042533	0.815943755437	1.44624521508	1.33205154181	0.904556727888	0.83829337361	0.688873088449	1.36491558241	1.11500887385	1.25069779604	1.19665772837	1.14167549541	1.21938493475	0.931427805703	0.890239400677	0.90468078782	0.913373566941	0.716396089898	1.24260953601	0.785998709522	1.13256677139	0.624744311261	1.09209134848
AD8	0.826024229096	0.76670561624	2.3944778202	1.11276730788	1.1729938376	0.611613847269	1.24078325278	0.468817056549	0.444582131464	0.905427327211	0.394633238279	0.968406462059	0.693896118898	2.05514740938	0.893439463509	0.763282445626	0.450955857902	0.44359118898	1.86807561141	1.37419228613	0.926603552441	0.65259962784	0.169854436926	0.0	1.80439972934	0.783834809087	0.335001648139	0.465049623006	0.627881623973	0.827786215563	0.707684693088	0.536262034799	0.444634490092	0.498299217013	1.31016306912	1.10396360561	0.58259298695	0.797761237313	0.613966099565	0.996212010633	0.76762882552	1.42972220396	1.31143277429	0.859588148864	0.809979362011	0.662154514258	1.34433341228	1.09272070082	1.19797027066	1.14712551474	1.12937130498	1.19672932818	0.890322435959	0.849764142098	0.865741082649	0.869263334944	0.70230041566	1.2166477622	0.777852411793	1.08167527308	0.582282450459	1.0679017158
AE7	1.40074767037	1.52125456742	1.88721153697	1.29937787337	1.3283980232	1.71977038666	1.1974121073	1.75652090382	1.90973363461	1.37723568874	1.98332893668	1.4705000145	1.60752953601	1.62441354761	1.45943363461	1.40061914935	1.79127880619	1.74484706138	1.07433602707	1.0986699565	1.43276849203	1.50718247946	1.89448464476	1.80439972934	0.0	1.04903695505	1.79263988884	1.62655738521	1.40425453842	1.28502946351	1.57198755437	1.5925839101	1.84712519091	1.80802709522	1.70772308845	1.73744895118	1.92155736588	1.50662426293	1.81375092315	1.34572606573	1.61080993717	1.45258306428	1.43295165297	1.4546560174	2.01132176897	1.97341472692	1.7322379072	1.81623937651	1.62252014983	1.6454419768	1.95358401643	1.81783092315	1.64262945384	1.70738617206	1.75742498792	1.63745283712	1.59389493475	1.76340891252	1.52902968584	1.75676444659	1.68720164814	1.85231742388
AE8	0.593982402127	0.618489956501	2.15403029966	0.906584359594	0.818513740938	0.747125592073	0.839830908652	0.760944886419	0.920373557274	0.601345935234	0.994168521025	0.662680478492	0.688488956017	1.81419753021	0.715687718705	0.532213832769	0.836634040599	0.78374521508	1.41666133398	0.95957438376	0.672085331078	0.5875320203	0.866739173514	0.783834809087	1.04903695505	0.0	0.800187148381	0.649992464959	0.615234683422	0.565912576124	0.739469594007	0.662744055099	0.854018637023	0.814721981634	1.09915220396	0.962775176414	0.950902701788	0.669167907202	0.850749463509	0.649892841953	0.697764929918	1.20351479942	1.08454912035	0.647800927985	1.11013320445	1.03366260512	1.17645417593	1.08192081682	0.944085099082	0.975436263896	1.22121339294	1.16479689705	0.851443866602	0.907597858869	0.956353339778	0.852336500725	0.692030101498	1.11533536008	0.653139681005	1.01100861286	0.710039444176	1.10761109232
AF7	0.738825074915	0.640033199613	2.39767491542	1.14315877719	1.05642169164	0.571090671822	1.18193641373	0.457658327695	0.427281643306	0.847406317061	0.481811048816	0.87554160464	0.602527143548	2.05881785404	0.798329666506	0.672731150314	0.335849502175	0.349119487675	1.80820481875	1.3294637361	0.914255485742	0.57027482842	0.352494596423	0.335001648139	1.79263988884	0.800187148381	0.0	0.27583861769	0.619161947801	0.838134862252	0.663064359594	0.489674180764	0.407227689705	0.473545060416	1.18836369261	0.973032010633	0.502100966651	0.764827805703	0.526295297245	0.910278308362	0.659234311261	1.43455869986	1.32306311261	0.79332521508	0.81534358144	0.66848860319	1.21435864669	0.96042240696	1.0919222233	1.03020478492	0.989264185597	1.05572906235	0.764160236829	0.744192431126	0.768759076849	0.768190019333	0.564146655389	1.08078565974	0.624678951184	0.982808511358	0.449036094732	0.937440115998
AF8	0.594341353311	0.602339279845	2.27599251812	1.00023315128	0.997760512325	0.522938308362	1.04136242629	0.433219903335	0.518062310295	0.720394311261	0.628628873852	0.817809734171	0.568522145964	1.93453549541	0.746920734654	0.585372426293	0.488968516191	0.442303508942	1.66293236829	1.17164054616	0.723574625423	0.390793726438	0.467646534558	0.465049623006	1.62655738521	0.649992464959	0.27583861769	0.0	0.487798351861	0.686952774287	0.625490430159	0.436226283229	0.48491041566	0.467174340261	1.15721644273	0.937888066699	0.652711454809	0.696442721121	0.532325505075	0.827939304012	0.611013460609	1.30604480909	1.19066527791	0.719416544224	0.862541483809	0.747401072982	1.23010125665	0.988911773804	1.03323478009	1.01008661189	1.03231909135	1.09210932334	0.7478639971	0.767922010633	0.800245534074	0.768581251812	0.509857085549	1.10135599323	0.566520952151	0.974778854519	0.458869221846	0.965127704205
AG7	0.681205534074	0.609253252779	1.92996176414	0.680727597873	0.898440091832	0.674164393427	0.876769275012	0.516159328178	0.665370889319	0.606935833736	0.798092870952	0.769701193813	0.644830077332	1.59928530208	0.670177936201	0.625920918318	0.732436950217	0.700927148381	1.38536059932	0.881925132914	0.572037868536	0.41823462059	0.66221857419	0.627881623973	1.40425453842	0.615234683422	0.619161947801	0.487798351861	0.0	0.290493098115	0.739680942484	0.648998593523	0.612019120348	0.653594084099	1.24037057999	1.00120157564	0.856539221846	0.504152063799	0.771807278879	0.842668337361	0.694337631706	1.02227948768	0.903255181247	0.538214480425	1.04462144031	0.928578767521	1.35863889319	1.09578062349	1.13825720155	1.13673774287	1.21170582407	1.20617531174	0.886328177864	0.913180227163	0.953349047849	0.892699304012	0.64790417593	1.22811971	0.666768110198	1.09779082649	0.639363494442	1.11220733204
AG8	0.700538448526	0.707516935718	1.78894878202	0.572166234896	0.886302382794	0.810650918318	0.751269642339	0.736772339294	0.897333914935	0.600026534558	1.00079248429	0.778957868536	0.782124644756	1.45186805703	0.685192706622	0.67249958434	0.92545362494	0.892164702755	1.16261395843	0.67410680522	0.581524983084	0.58027099565	0.891074320928	0.827786215563	1.28502946351	0.565912576124	0.838134862252	0.686952774287	0.290493098115	0.0	0.900751324311	0.828197124215	0.835642029966	0.824157322378	1.23295657322	1.07877144514	1.04823892218	0.520616249396	0.950407984534	0.815729816336	0.812674934751	0.915719023683	0.797481967134	0.567236172064	1.19836763654	1.09028971967	1.36066847269	1.23402894635	1.12967531658	1.19175167231	1.36120380377	1.32066879652	1.01739837603	1.0527519623	1.08831702272	1.01454029	0.807201014983	1.27938759787	0.77586378927	1.20840270662	0.793878206863	1.25684178347
AH7	0.761163798937	0.851385485742	2.43355757371	1.26922537941	1.15169342678	0.812897796037	1.14333964234	0.808909347511	0.885925190913	0.928907796037	0.843231899468	1.01425063316	0.847170671822	2.11480771387	1.01846961817	0.758620227163	0.66469059449	0.614907269212	1.70737637023	1.28945898985	0.844723334944	0.623248090865	0.739960280329	0.707684693088	1.57198755437	0.739469594007	0.663064359594	0.625490430159	0.739680942484	0.900751324311	0.0	0.318687742871	0.870796031899	0.860910425326	1.16966827453	1.02977860319	0.818084552924	0.945728095698	0.759568492025	0.960995592073	0.820700797487	1.50345151764	1.39434209763	0.954217211213	0.964112948284	0.916078820686	1.28440425326	1.08320115031	1.18838942484	1.05688868052	1.13587423876	1.15677024166	0.848701967134	0.829843924601	0.844282692122	0.806574436926	0.742118564524	1.17176217013	0.796017046883	0.982043156114	0.714236742388	1.06437957467
AH8	0.637846312228	0.669937878202	2.43588416626	1.16532844369	0.979459352344	0.587343769937	1.08903281779	0.587704030933	0.703240918318	0.806557530208	0.678007327211	0.84475820203	0.650615978734	2.09876024166	0.848126534558	0.600520101498	0.444055872402	0.372240318995	1.69099847753	1.26741860319	0.803430826486	0.51846478492	0.570781730304	0.536262034799	1.5925839101	0.662744055099	0.489674180764	0.436226283229	0.648998593523	0.828197124215	0.318687742871	0.0	0.669518931851	0.622188240696	1.11961504108	0.931031672305	0.673986341228	0.812202054132	0.526962769454	0.822051280812	0.648883678105	1.46522594973	1.35268634123	0.812813054616	0.813356099565	0.735986553891	1.1474738231	0.93908738521	1.04571504108	0.924208680522	0.95975778637	1.02208914935	0.674025563074	0.66954240696	0.698194166264	0.662023726438	0.544700246496	1.02618948768	0.600265456742	0.858033228613	0.505634035766	0.914303827936
AA5	0.820584644756	0.609698936684	2.28040049783	1.07331846303	0.990038158531	0.5174280087	1.19591183664	0.297332619623	0.233261986467	0.832098521025	0.456657530208	0.799285611406	0.618749758337	1.94309873852	0.703950637989	0.731289453842	0.462026897052	0.475005775737	1.84981791203	1.38551804737	0.90443578057	0.62807918318	0.450140720155	0.444634490092	1.84712519091	0.854018637023	0.407227689705	0.48491041566	0.612019120348	0.835642029966	0.870796031899	0.669518931851	0.0	0.27986481392	1.24006066216	0.990097158047	0.597332261962	0.615807211213	0.616755621073	0.87622438376	0.660357061382	1.27258697922	1.15597774287	0.667003682939	0.837160347994	0.658354291928	1.3411461044	1.08141021266	1.11175276462	1.11359205897	1.13319743354	1.19573512808	0.847812692122	0.869792319961	0.87269839536	0.86420262929	0.615784407927	1.20872166264	0.666288864186	1.06342812953	0.554307351377	1.06625033833
AA6	0.755450483325	0.540564871919	2.35709381827	1.07859470275	0.935883794103	0.416774330594	1.1211360319	0.297645582407	0.339404171097	0.776917825036	0.472102286129	0.733632532624	0.505288231029	2.01380043983	0.698122015466	0.684707462542	0.503512358627	0.471714746254	1.85081769937	1.3696900435	0.866671933301	0.604401638473	0.52801658289	0.498299217013	1.80802709522	0.814721981634	0.473545060416	0.467174340261	0.653594084099	0.824157322378	0.860910425326	0.622188240696	0.27986481392	0.0	1.08015435959	0.848399574674	0.526549913001	0.576916810053	0.482093030449	0.813730405993	0.515554586757	1.33982309328	1.22085208797	0.61271059449	0.610024765587	0.459561232479	1.19481795553	0.95056098115	0.950624499758	0.944031343644	1.00312922668	1.05880840986	0.688481469309	0.735322324795	0.745507868536	0.719648042533	0.573995746738	1.06591653939	0.629703576607	0.908237999033	0.473388047366	0.927164847753
AB5	1.04321128081	0.924452242629	2.53529114548	1.37526582407	0.811762348961	0.99305059449	1.17222113098	1.10391885935	1.21069553407	0.978929990333	1.1839500725	0.797092286129	0.981700463992	2.20700075399	1.02050858386	0.992253450942	1.18901785404	1.15716346061	1.84926496375	1.42678046883	1.2651340551	1.15782853552	1.34749534074	1.31016306912	1.70772308845	1.09915220396	1.18836369261	1.15721644273	1.24037057999	1.23295657322	1.16966827453	1.11961504108	1.24006066216	1.08015435959	0.0	0.385670521991	0.949526234896	1.03177191397	0.955578902852	0.840180125665	0.834423813436	1.58213003867	1.48720033833	0.956210318995	0.972118487192	0.950244224263	0.828649859836	0.89959482842	0.726568719188	0.732634451426	1.0423922088	0.925689516675	0.799691585307	0.892744436926	0.904933586274	0.853575258579	1.00907237796	0.862305282745	0.991164074432	0.772998090865	1.00651736104	0.914680376994
AB6	0.884091759304	0.698027530208	2.4935140696	1.27177640406	0.757518951184	0.755865592073	1.07515191397	0.855273605607	0.974462257129	0.857738598357	0.981123504108	0.611616457226	0.755877936201	2.16093430159	0.839800671822	0.79727579507	1.0021740696	0.971784432093	1.83104214596	1.37072692122	1.14701025133	0.929784103432	1.13853881585	1.10396360561	1.73744895118	0.962775176414	0.973032010633	0.937888066699	1.00120157564	1.07877144514	1.02977860319	0.931031672305	0.990097158047	0.848399574674	0.385670521991	0.0	0.758084006767	0.809725548574	0.774311300145	0.770925176414	0.629108786854	1.49331233446	1.39169833253	0.736620792653	0.750486466892	0.750236312228	0.742501561141	0.641431759304	0.543649748671	0.502403117448	0.785055345578	0.685019748671	0.609333513775	0.714340304495	0.732335244079	0.682989511841	0.785749221846	0.659991145481	0.765077883035	0.511763363944	0.80343340261	0.651701503142
AC5	0.893086408893	0.714955896568	2.60269618173	1.35052765104	0.958767249879	0.565550488159	1.26184615756	0.559890352827	0.545678743354	0.933389487675	0.448889550507	0.743283122281	0.707046486225	2.27034473659	0.908218511358	0.827711488642	0.509423431609	0.508437438376	1.96660589174	1.493470116	1.13195230546	0.842788052199	0.603906940551	0.58259298695	1.92155736588	0.950902701788	0.502100966651	0.652711454809	0.856539221846	1.04823892218	0.818084552924	0.673986341228	0.597332261962	0.526549913001	0.949526234896	0.758084006767	0.0	0.750028888352	0.424209603673	0.910745413243	0.624563397777	1.61474932334	1.49220217496	0.764845031416	0.557652716288	0.450304649589	1.00675181247	0.774212334461	0.897928293862	0.830328351861	0.800815843403	0.850343861769	0.60104217013	0.566704214596	0.563288608023	0.606883088449	0.728463668439	0.891189168681	0.79404222813	0.765624548091	0.591972112131	0.734223305945
AC6	0.740959241179	0.512099797003	2.00520317545	0.765125828903	0.702318873852	0.626494523925	0.740589884002	0.530292319961	0.699701155147	0.483551338811	0.823971855969	0.585856853552	0.599282305462	1.67501969551	0.515630347994	0.607953658772	0.804604277429	0.785510744321	1.49010801353	1.01077350411	0.739720256162	0.652295413243	0.836549545674	0.797761237313	1.50662426293	0.669167907202	0.764827805703	0.696442721121	0.504152063799	0.520616249396	0.945728095698	0.812202054132	0.615807211213	0.576916810053	1.03177191397	0.809725548574	0.750028888352	0.0	0.752550961817	0.646137829869	0.584639333011	0.898555630739	0.781442547124	0.283881923635	0.966995070082	0.85488178347	1.18139951184	1.03127847753	0.933743030449	0.954650869985	1.15485823586	1.09633729338	0.784693533108	0.884019830836	0.921937805703	0.811078579024	0.647386727888	1.06611710971	0.613119961334	0.976393813436	0.627623697438	1.04759842919
AD6	0.734510260996	0.557018608023	2.53522954567	1.2011379797	0.855480546158	0.418875152247	1.14277738521	0.453379125181	0.575158371194	0.82651919768	0.474248356694	0.692746065732	0.552897443209	2.19008068149	0.77966939101	0.659013929435	0.496778516191	0.441622595457	1.8691779797	1.41600663122	1.0143620638	0.724374282262	0.648891459642	0.613966099565	1.81375092315	0.850749463509	0.526295297245	0.532325505075	0.771807278879	0.950407984534	0.759568492025	0.526962769454	0.616755621073	0.482093030449	0.955578902852	0.774311300145	0.424209603673	0.752550961817	0.0	0.762396080232	0.410060570324	1.53750686322	1.42479685355	0.726840840986	0.650610410826	0.543317617206	0.910344596423	0.673068714355	0.847624142098	0.734670357661	0.732050541324	0.776911715805	0.480610546158	0.476716109232	0.492614896085	0.472219265346	0.550598124698	0.794626147898	0.608746544224	0.684043489609	0.395957626873	0.655422634123
AE5	0.562974596423	0.53733840986	2.28762949251	0.979140826486	0.610144765587	0.757237109715	0.795839333011	0.759952208797	0.963096713388	0.57241439826	1.01418946351	0.57834340261	0.685838182697	1.94399022716	0.603771764137	0.502910115998	0.897363160947	0.857410923151	1.47646310778	1.05713612856	0.965787704205	0.836803044949	1.05960042533	0.996212010633	1.34572606573	0.649892841953	0.910278308362	0.827939304012	0.842668337361	0.815729816336	0.960995592073	0.822051280812	0.87622438376	0.813730405993	0.840180125665	0.770925176414	0.910745413243	0.646137829869	0.762396080232	0.0	0.424692348961	1.22354704205	1.1171142291	0.583016428226	1.10336962301	1.04305767037	0.91144179797	0.841940782987	0.786207066216	0.731266466892	0.994926437893	0.902661725471	0.607561261479	0.704748941518	0.761868695022	0.619953856936	0.597879550507	0.855167583374	0.533006249396	0.792706500725	0.69462857419	0.881492131464
AE6	0.571852397293	0.363127288545	2.38629275495	1.05624572257	0.671119395843	0.468345949734	0.929678419526	0.499554301595	0.654629265346	0.629050758821	0.697059086515	0.548753711938	0.422764345094	2.04097365394	0.574492745288	0.4619419913	0.648634862252	0.617902073465	1.64126040599	1.2100681392	0.938706752054	0.688332155631	0.815943755437	0.76762882552	1.61080993717	0.697764929918	0.659234311261	0.611013460609	0.694337631706	0.812674934751	0.820700797487	0.648883678105	0.660357061382	0.515554586757	0.834423813436	0.629108786854	0.624563397777	0.584639333011	0.410060570324	0.424692348961	0.0	1.34608089899	1.22994113581	0.51676561624	0.79283178347	0.71870441276	0.894260478492	0.676562817786	0.705703900435	0.657297278879	0.817585147414	0.76218221363	0.442254693088	0.495382788787	0.546869028516	0.434726631223	0.440035041083	0.772333310778	0.453122561624	0.637437380377	0.433911304978	0.696433731271
AF5	1.27549318028	1.22274197197	1.28009089899	0.609356993717	1.19076121315	1.39254504108	0.839899724505	1.26527613823	1.34834543741	1.02660643789	1.54786686805	1.23142159981	1.31386662639	0.956834601257	1.08363720155	1.22467037216	1.50622746738	1.50918157081	0.987690652489	0.723449415176	1.19284278879	1.21209253262	1.44624521508	1.42972220396	1.45258306428	1.20351479942	1.43455869986	1.30604480909	1.02227948768	0.915719023683	1.50345151764	1.46522594973	1.27258697922	1.33982309328	1.58213003867	1.49331233446	1.61474932334	0.898555630739	1.53750686322	1.22354704205	1.34608089899	0.0	0.190350502658	1.00161794103	1.74517869502	1.62914250846	1.76270204447	1.67923515225	1.56099579024	1.61998476075	1.81274114548	1.76039565974	1.52165913001	1.61484744804	1.64861070082	1.55534950217	1.30107868536	1.71457833736	1.25371061382	1.66385645239	1.3738861044	1.70709583857
AF6	1.16464961817	1.10884962301	1.38220678589	0.524619743838	1.10008668922	1.27923706138	0.749103131948	1.14553881102	1.23562846786	0.911594987917	1.43588182697	1.13084396327	1.20477652972	1.05607738038	0.965828670855	1.11351851619	1.39909813436	1.39827526341	0.988086655389	0.678406694055	1.10547155147	1.1097618753	1.33205154181	1.31143277429	1.43295165297	1.08454912035	1.32306311261	1.19066527791	0.903255181247	0.797481967134	1.39434209763	1.35268634123	1.15597774287	1.22085208797	1.48720033833	1.39169833253	1.49220217496	0.781442547124	1.42479685355	1.1171142291	1.22994113581	0.190350502658	0.0	0.883813305945	1.63053649589	1.51705040116	1.6672120928	1.56675944901	1.45878241663	1.5158298695	1.68952918318	1.65596608507	1.41131760754	1.50139172547	1.53091042533	1.44229350894	1.19313151764	1.61314501208	1.14599573224	1.55523968584	1.26089093282	1.60967552441
AG5	0.684761909135	0.441710942484	2.08183217496	0.821057834703	0.570099879169	0.582797095215	0.764550173997	0.547203262446	0.70658958434	0.49387482842	0.823141290478	0.449460932818	0.542277133881	1.74739433059	0.460709265346	0.560164253262	0.817330831319	0.784870512325	1.49202363461	1.00833284679	0.759691034316	0.682769758337	0.904556727888	0.859588148864	1.4546560174	0.647800927985	0.79332521508	0.719416544224	0.538214480425	0.567236172064	0.954217211213	0.812813054616	0.667003682939	0.61271059449	0.956210318995	0.736620792653	0.764845031416	0.283881923635	0.726840840986	0.583016428226	0.51676561624	1.00161794103	0.883813305945	0.0	0.955909105848	0.881011652972	1.07518716771	0.940806829386	0.834193837603	0.846011246979	1.08028262446	1.00581498308	0.693103334944	0.801701367811	0.844544494925	0.714076230063	0.62034558724	0.968816191397	0.58484962784	0.878086447559	0.625559714838	0.957254369261
