	AA3	AA4	AB3	AB4	AC3	AC4	AD3	AD4	AE3	AE4	AF3	AF4	AG3	AG4	AH3	AH4	AA7	AA8	AB7	AB8	AC7	AC8	AD7	AD8	AE7	AE8	AF7	AF8	AG7	AG8	AH7	AH8	AA5	AA6	AB5	AB6	AC5	AC6	AD6	AE5	AE6	AF5	AF6	AG5	AH5	AH6	AA1	AA2	AB1	AB2	AC1	AC2	AD1	AD2	AE1	AE2	AF1	AF2	AG1	AG2	AH1	AH2
AA3	0.0	0.528313745771	2.27451434509	0.99088217013	0.873976022233	0.724225534074	0.911280526825	0.717730589657	0.907494446593	0.653014417593	0.916119250846	0.733166075399	0.713294823586	1.93607863702	0.75345621073	0.26588258579	0.770874340261	0.769398148864	1.45568646206	1.10643213146	0.814211744804	0.624580961817	0.873701725471	0.837098670855	1.36927997583	0.562403547608	0.811935147414	0.700944055099	0.712890019333	0.685388675689	0.740861280812	0.669484528758	0.84144017883	0.81520019333	1.07207553891	0.931779154181	0.917794915418	0.774871309811	0.785181246979	0.607366587724	0.60288279362	1.32440157081	1.19939454809	0.693793552441	1.10374648623	1.07245481875	0.973954968584	0.966702595457	0.926282150797	0.854817167714	1.08819044466	0.9764680087	0.653086118898	0.726540328661	0.755118743354	0.649152551957	0.516401706138	0.924452455292	0.487565176414	0.826751077815	0.636571565974	0.935068235863
AA4	0.528313745771	0.0	2.2645500145	0.940997404543	0.638973566941	0.545616302562	0.906025263412	0.461603252779	0.702338438859	0.609819444176	0.76885821653	0.435843552441	0.421936727888	1.92835505075	0.28954777187	0.316076360561	0.684545708072	0.640111324311	1.55615569357	1.1217879942	0.867846660222	0.609444683422	0.839206230063	0.803315741904	1.50244142581	0.609119565007	0.683762851619	0.645281667472	0.62762117448	0.697207303045	0.871317124215	0.723555258579	0.635327119381	0.595920715321	0.923501048816	0.704920275495	0.735792411793	0.546494654422	0.610311967134	0.547254059932	0.422188284195	1.26146677139	1.1080359884	0.4867539971	0.933426408893	0.865569134848	0.94202280812	0.831149110681	0.738364635089	0.739524639923	0.986327999033	0.888662962784	0.59155457709	0.640105500242	0.676712537458	0.573125234413	0.437418293862	0.84516737071	0.434498119865	0.701679178347	0.44923539391	0.780062010633
AB3	2.27451434509	2.2645500145	0.0	1.43392980667	2.16259475592	2.41064960367	1.92050270179	2.27149167231	2.39627742388	2.09127999517	2.52310971967	2.27542849203	2.32849093765	0.372324388594	2.17328315128	2.27013068632	2.48684802803	2.49155032866	1.18850494442	1.43467278879	2.00259374577	2.18291638956	2.40054671339	2.3821237651	1.9096261334	2.15413640406	2.41256376994	2.30000320445	1.90860998067	1.82406874335	2.45279468826	2.44777236829	2.29874708072	2.38992803287	2.56360539874	2.49607474625	2.61557039149	1.99467710005	2.54476528758	2.28441464959	2.42523038183	1.26296349444	1.39346570324	2.06770334461	2.7365120638	2.6606782987	2.67350731271	2.7018581682	2.52001778154	2.61640697922	2.79742362011	2.73879892218	2.57763653939	2.61170097632	2.62126552924	2.56474834703	2.30688492508	2.67289955051	2.28826107782	2.5971240406	2.40178041083	2.67056416626
AB4	0.99088217013	0.940997404543	1.43392980667	0.0	0.91703839536	1.09498410826	0.808958095698	1.00666728855	1.1979638376	0.828087394877	1.25463728371	0.970865635573	0.919960724988	1.08653282262	0.886981532141	0.958665152247	1.22551654906	1.2098360754	0.98089361044	0.534522247463	0.965898883519	0.936877129048	1.17916596423	1.13837679072	1.28036657322	0.905625978734	1.19129732721	1.06792743354	0.67351582407	0.623570246496	1.28358700822	1.20769218946	1.11589654906	1.15979355727	1.41554724988	1.28269045916	1.382070087	0.77668762204	1.23927974384	0.97926558724	1.11435710488	0.614004707588	0.51809077332	0.801390309328	1.50851021266	1.45638518608	1.48135371677	1.44750097632	1.30788755921	1.36555320928	1.58974122765	1.50910189464	1.27482172547	1.32415090865	1.36244178347	1.28192387627	1.03810090865	1.45573085549	1.023520261	1.34586032383	1.1033017303	1.40600986467
AC3	0.873976022233	0.638973566941	2.16259475592	0.91703839536	0.0	0.771330913485	0.861960357661	0.823527907202	1.00523433543	0.651008912518	1.09769626873	0.326148322861	0.777871918801	1.83109509425	0.657418206863	0.755564707588	1.02812253262	0.983481353311	1.42315272112	1.0603259594	1.06831108265	0.979386834219	1.253320145	1.20771801837	1.28506664089	0.825706056066	1.07478894635	1.04472942484	0.859797467376	0.871987636539	1.19149580474	1.07423945868	1.02617942001	0.964832174964	0.85391618173	0.782077902368	0.989745785404	0.700670492992	0.859049961334	0.643384543258	0.710389014016	1.19033022716	1.07202536974	0.602625456742	1.18022856936	1.14476147414	0.901104668922	0.981331029483	0.765011261479	0.832908347028	1.12158533591	1.00238345094	0.770043252779	0.842313199613	0.885200130498	0.795333504108	0.823421536974	0.935112044466	0.818488477525	0.850813131948	0.830449879169	0.942753160947
AC4	0.724225534074	0.545616302562	2.41064960367	1.09498410826	0.771330913485	0.0	1.15107703238	0.36866722088	0.48358362494	0.850037196713	0.385140338328	0.521876752054	0.453170033833	2.07643493958	0.668982334461	0.635361140648	0.582436085065	0.508639661672	1.80094028033	1.3420679217	0.925618777187	0.598357322378	0.653595331078	0.614903344611	1.71078766554	0.751668907685	0.528536969551	0.520669656839	0.66753438376	0.79024821653	0.779297496375	0.60849980667	0.501500734654	0.399018003867	0.997288158531	0.731743315611	0.550127438376	0.626152870952	0.450717201547	0.781190604157	0.48005038666	1.42824388594	1.28133722088	0.607954707588	0.699773914935	0.652255326245	1.03522060899	0.852214267762	0.798794867086	0.797192735621	0.923578724021	0.948104243596	0.608007042049	0.673933634606	0.701237907202	0.649367327211	0.632614780087	0.948948003867	0.6500279942	0.734971565974	0.403492237796	0.784980294828
AD3	0.911280526825	0.906025263412	1.92050270179	0.808958095698	0.861960357661	1.15107703238	0.0	0.980093687772	1.35961433543	0.394692750121	1.3916980957	0.941938675689	1.09771651039	1.58718761237	0.879645476075	0.906284862252	1.25195868536	1.22300029966	1.2963100145	0.848234659256	0.902730937651	0.960500512325	1.31645523441	1.28066387627	1.19261246979	0.829925727405	1.25643891252	1.14332212663	0.922104253262	0.796870169164	1.18116076365	1.12644464959	1.25623387144	1.20077644756	1.20678912518	1.11436741421	1.28908298212	0.767858139198	1.19596707105	0.798730942484	0.999974166264	0.908629801837	0.80743962784	0.753886742388	1.45025358627	1.40396640406	1.35582938618	1.36871424843	1.16927492508	1.20795304495	1.50625555341	1.40695185114	1.1848981972	1.22656364911	1.2469517303	1.14534940551	0.96571681972	1.32462888352	0.944444707588	1.18852553407	1.1350217883	1.32164444176
AD4	0.717730589657	0.461603252779	2.27149167231	1.00666728855	0.823527907202	0.36866722088	0.980093687772	0.0	0.413975273079	0.660602087965	0.543504649589	0.606695901402	0.498624050266	1.93973278395	0.561397655872	0.560976152731	0.558015157081	0.502278095698	1.7283238666	1.27296454809	0.820434340261	0.487975476075	0.574781643306	0.545581710971	1.68725709038	0.702816476559	0.456183494442	0.432634586757	0.542102107298	0.692809714838	0.773706060899	0.595758994683	0.356520898985	0.364475016916	1.07415897535	0.792213852102	0.596230966651	0.474260130498	0.50494098115	0.717292643789	0.51853857419	1.26916523925	1.11630670372	0.511566897052	0.736961232479	0.669036118898	1.12012033833	0.921579449009	0.910480908652	0.934136592557	0.993895070082	1.01889877235	0.691355287579	0.711318709522	0.730365920735	0.714773600773	0.510271309811	1.02324131464	0.540718182697	0.853877008217	0.41289361044	0.868149033349
AE3	0.907494446593	0.702338438859	2.39627742388	1.1979638376	1.00523433543	0.48358362494	1.35961433543	0.413975273079	0.0	1.02988481392	0.359180821653	0.780399826003	0.597016539391	2.07103009667	0.739019250846	0.8136780087	0.538172547124	0.515170768487	1.97528136298	1.52535345094	1.04990308845	0.72422160464	0.444766950217	0.433307133881	1.94943696472	0.969380652489	0.421784538424	0.479901111648	0.74605322378	0.927541546641	0.903523953601	0.720948255196	0.264259294345	0.327948385694	1.18563311745	0.923867056549	0.514921019816	0.766637008217	0.566064683422	1.0282257999	0.660866152731	1.44315537941	1.30018980667	0.798529932334	0.71196842436	0.594353634606	1.21766332528	1.00003169647	1.03939063316	1.03225374094	1.05570711455	1.10672127598	0.785122353794	0.802733885935	0.808605456742	0.821920666989	0.746446408893	1.12259275979	0.776486708555	0.948946771387	0.572465016916	0.951541880135
AE4	0.653014417593	0.609819444176	2.09127999517	0.828087394877	0.651008912518	0.850037196713	0.394692750121	0.660602087965	1.02988481392	0.0	1.08395115515	0.662625123248	0.809934451426	1.75678163847	0.640572551957	0.609599478009	0.935295679072	0.917252440793	1.40358701788	0.980112861286	0.779229536008	0.692899246013	1.01293547608	0.973823557274	1.29991286612	0.59783661189	0.938034852586	0.823808902852	0.650415253746	0.63546417593	0.940422039633	0.841710352827	0.930916887385	0.882732706622	0.987286901885	0.88219839536	0.969123455776	0.544460652489	0.874775355244	0.534796317061	0.687626027066	1.03522240696	0.882267274045	0.482730821653	1.1672338086	1.12398562107	1.1018620493	1.10561711938	0.955482706622	0.981692000967	1.26448634123	1.15072124698	0.889454195263	0.920346239729	0.952282295795	0.853169357177	0.658206679555	1.07743000483	0.637673987434	0.947856292895	0.81538481392	1.06766315611
AF3	0.916119250846	0.76885821653	2.52310971967	1.25463728371	1.09769626873	0.385140338328	1.3916980957	0.543504649589	0.359180821653	1.08395115515	0.0	0.842017651039	0.659768941518	2.18791695022	0.877616186564	0.849050884485	0.507529763171	0.465944282262	1.99846772354	1.54400199613	1.08279370227	0.791390729821	0.389839043016	0.378683131948	1.9722979217	0.993148289029	0.436319801837	0.566584523925	0.827647288545	0.979579690672	0.82826497825	0.680964456259	0.425019739004	0.426178487192	1.19845322378	0.985220483325	0.464343272112	0.819773663606	0.544589439343	1.0294377477	0.693792609956	1.56312455292	1.41706948768	0.848187361044	0.670619125181	0.579295635573	1.20800237796	0.996693939101	1.0909037216	1.03185055099	1.05022061866	1.07924812953	0.777500700822	0.786195316578	0.808115103915	0.794480811986	0.829193165781	1.09889523441	0.858402861286	0.97288502175	0.562317883035	0.941554407927
AF4	0.733166075399	0.435843552441	2.27542849203	0.970865635573	0.326148322861	0.521876752054	0.941938675689	0.606695901402	0.780399826003	0.662625123248	0.842017651039	0.0	0.560992527791	1.93902239246	0.502859463509	0.589833040116	0.852080318995	0.783727965201	1.58221910101	1.1280361189	0.938163600773	0.772907336878	1.04075152247	0.993663325278	1.4572760464	0.658103455776	0.865196795553	0.846125664572	0.737989357177	0.756997158047	1.01429412276	0.902858888352	0.804157757371	0.739130444659	0.79788918318	0.603533977767	0.758401058482	0.577646027066	0.662997104882	0.586743847269	0.533873247946	1.26298352827	1.12300142581	0.482398013533	0.944928559691	0.897721126148	0.845837419043	0.815856752054	0.627592643789	0.680262402127	0.96567242146	0.870200318995	0.600821126148	0.667838970517	0.720175016916	0.649801005317	0.658004369261	0.7966059739	0.65881977767	0.67473956984	0.65539441276	0.764170976317
AG3	0.713294823586	0.421936727888	2.32849093765	0.919960724988	0.777871918801	0.453170033833	1.09771651039	0.498624050266	0.597016539391	0.809934451426	0.659768941518	0.560992527791	0.0	1.97720184147	0.482138777187	0.561612054132	0.616226882552	0.555780289995	1.73005110681	1.27039411793	0.933759144514	0.603874751087	0.747126940551	0.712421488642	1.61300048333	0.709534088932	0.588756495892	0.59022118898	0.657893252779	0.776180550991	0.848996085065	0.698899642339	0.605504514258	0.536794021266	0.993108980184	0.753358144031	0.708537423876	0.631153257612	0.563711527308	0.725301585307	0.433664615756	1.35355505075	1.20834541808	0.591201068149	0.855671643306	0.787088037699	0.985237225713	0.795016365394	0.776303238279	0.780740004833	0.940627346544	0.879534306428	0.572160111165	0.632463513775	0.679387486709	0.583990923151	0.513901952634	0.893429656839	0.548523102948	0.729711159981	0.419393339778	0.74715359594
AG4	1.93607863702	1.92835505075	0.372324388594	1.08653282262	1.83109509425	2.07643493958	1.58718761237	1.93973278395	2.07103009667	1.75678163847	2.18791695022	1.93902239246	1.97720184147	0.0	1.84283199613	1.92964332044	2.15993687289	2.16200383277	0.945816157564	1.10984482359	1.67033825036	1.84922121315	2.07211151764	2.05264755437	1.65137449493	1.8258640116	2.08563309812	1.97033201063	1.58075361527	1.49540288545	2.14054688739	2.11769306428	1.97135131464	2.05321259546	2.24217785887	2.16489682455	2.28291827936	1.66296093765	2.21028136298	1.94825426293	2.0889	0.947196273562	1.07549855002	1.73411668439	2.40197165781	2.32468631223	2.33767951184	2.37086100048	2.18682731271	2.28111106815	2.46801639923	2.40324776704	2.24248524891	2.27769779604	2.29346287095	2.23041931851	1.97357873852	2.33719698888	1.95861575157	2.26186044466	2.068250029	2.33773749638
AH3	0.75345621073	0.28954777187	2.17328315128	0.886981532141	0.657418206863	0.668982334461	0.879645476075	0.561397655872	0.739019250846	0.640572551957	0.877616186564	0.502859463509	0.482138777187	1.84283199613	0.0	0.541734195263	0.786726858386	0.754112319961	1.56247	1.12684277429	0.913847636539	0.722578090865	0.926544287095	0.897913392943	1.50546594007	0.728692469792	0.791194006767	0.754020304495	0.66337337361	0.715317520541	1.01580497342	0.871574146931	0.689580633156	0.684722812953	0.978297153214	0.763833315611	0.839897999033	0.513217709038	0.726277564041	0.623574156597	0.556991261479	1.14851926051	1.01815768971	0.46798619623	1.0353578927	0.956135079749	1.00866452876	0.892500720155	0.793375287579	0.819332479459	1.04246478009	0.965724567424	0.741100038666	0.765863354277	0.789988815853	0.707197037216	0.549384731754	0.916724103432	0.555187022716	0.780547481875	0.613182682455	0.848780357661
AH4	0.26588258579	0.316076360561	2.27013068632	0.958665152247	0.755564707588	0.635361140648	0.906284862252	0.560976152731	0.8136780087	0.609599478009	0.849050884485	0.589833040116	0.561612054132	1.92964332044	0.541734195263	0.0	0.663281256646	0.642368999517	1.46746025133	1.1004137506	0.828005012083	0.575926824553	0.812933977767	0.769887694538	1.41924003867	0.559867022716	0.707817945868	0.629085722571	0.635404233929	0.683824021266	0.766365993233	0.631913243113	0.719768303528	0.694176099565	0.989879091348	0.794777293378	0.808993267279	0.643940033833	0.66557702755	0.52622959884	0.45931722088	1.28691431609	1.14398764137	0.567816640889	0.999929487675	0.960561773804	0.939766370227	0.867331947801	0.828806737554	0.7677000145	0.997176239729	0.899155205413	0.582470715321	0.651057423876	0.691411884969	0.574200463992	0.359851638473	0.860572025133	0.351652547124	0.725621715805	0.52089239246	0.81856277912
AA7	0.770874340261	0.684545708072	2.48684802803	1.22551654906	1.02812253262	0.582436085065	1.25195868536	0.558015157081	0.538172547124	0.935295679072	0.507529763171	0.852080318995	0.616226882552	2.15993687289	0.786726858386	0.663281256646	0.0	0.151707336878	1.79645166747	1.40615649589	1.00881492025	0.637985935234	0.467014122765	0.460058298695	1.76647686805	0.83101478492	0.372388869019	0.416006766554	0.761548651522	0.896608670855	0.631621507975	0.389238917351	0.487483682939	0.525132445626	1.2007140551	1.0257898695	0.533413518608	0.827505901402	0.532801947801	0.926589531174	0.671594050266	1.53223120348	1.38418462542	0.841678090865	0.746550831319	0.674280198163	1.10778625423	0.907729714838	1.10534823586	0.992866897052	0.944407375544	0.976805500242	0.686435693572	0.690912725955	0.695556360561	0.700997709038	0.546148206863	0.997774074432	0.597825896568	0.9325240261	0.467005896568	0.866493054616
AA8	0.769398148864	0.640111324311	2.49155032866	1.2098360754	0.983481353311	0.508639661672	1.22300029966	0.502278095698	0.515170768487	0.917252440793	0.465944282262	0.783727965201	0.555780289995	2.16200383277	0.754112319961	0.642368999517	0.151707336878	0.0	1.81093394877	1.37083551957	0.969378902852	0.606994277429	0.46344818753	0.451592034799	1.74248432093	0.787784838086	0.34752361044	0.392699710005	0.735039091348	0.865194490092	0.599695099082	0.355987868536	0.47002959884	0.481841599807	1.15874895118	0.977369434509	0.488421870469	0.788649275012	0.506816466892	0.89595380377	0.647283861769	1.53785905268	1.3869341566	0.786469052682	0.702794581924	0.635927061382	1.09722429193	0.879879081682	1.04433106815	0.947684654422	0.93200522958	0.961747936201	0.668705195747	0.661080807153	0.684957153214	0.679838250362	0.5762040116	0.995737544708	0.619955698405	0.898262411793	0.423650932818	0.838487390043
AB7	1.45568646206	1.55615569357	1.18850494442	0.98089361044	1.42315272112	1.80094028033	1.2963100145	1.7283238666	1.97528136298	1.40358701788	1.99846772354	1.58221910101	1.73005110681	0.945816157564	1.56247	1.46746025133	1.79645166747	1.81093394877	0.0	0.532937288545	1.51810899468	1.55736589657	1.9104462349	1.87656125665	1.08620586757	1.41563879652	1.84183134364	1.71383292412	1.34042996617	1.20784247463	1.71341178347	1.69777621073	1.86368844853	1.87683343161	1.86541056549	1.84046352827	1.95024505075	1.45895344128	1.8607478057	1.46121471242	1.66003938618	0.971474180764	1.00069414693	1.45906375544	2.12649522958	2.10711282262	1.89628742388	1.96858782987	1.82876161431	1.83156686805	2.07696335428	1.98093995167	1.78661910585	1.82403223296	1.84092966167	1.77721511841	1.57632866119	1.90433112615	1.56078684389	1.82521163364	1.74137343644	1.93123934751
AB8	1.10643213146	1.1217879942	1.43467278879	0.534522247463	1.0603259594	1.3420679217	0.848234659256	1.27296454809	1.52535345094	0.980112861286	1.54400199613	1.1280361189	1.27039411793	1.10984482359	1.12684277429	1.1004137506	1.40615649589	1.37083551957	0.532937288545	0.0	1.06268630256	1.10069492025	1.45321724021	1.40587905752	1.12106952634	0.975113726438	1.39587889802	1.26925318995	0.866423678105	0.727433141614	1.31991722088	1.29540072982	1.41818118415	1.42567645239	1.48883345094	1.41215262929	1.51211723538	1.01473352344	1.45720488159	1.08389113098	1.27300624456	0.707605737071	0.716072121798	1.00519371677	1.69753159981	1.65748356694	1.59732697438	1.60252950701	1.43980909135	1.46278792653	1.72913848719	1.64781359594	1.44208145964	1.46339341711	1.49661514741	1.42849952151	1.20821056066	1.58071562591	1.19268934268	1.45509550507	1.30883110198	1.5630982697
AC7	0.814211744804	0.867846660222	2.00259374577	0.965898883519	1.06831108265	0.925618777187	0.902730937651	0.820434340261	1.04990308845	0.779229536008	1.08279370227	0.938163600773	0.933759144514	1.67033825036	0.913847636539	0.828005012083	1.00881492025	0.969378902852	1.51810899468	1.06268630256	0.0	0.473343436443	0.972214891252	0.936003233446	1.42860432576	0.669348332528	0.955277767037	0.802099714838	0.621571788304	0.591882469792	0.859440633156	0.82969221363	0.937557259546	0.91635059449	1.25700654906	1.12862175447	1.15304881585	0.777165161914	1.08721888835	0.993619482842	0.996516848719	1.22973512325	1.12792869986	0.749097554374	1.1063379507	1.07388501692	1.4448758869	1.42723873852	1.22667281295	1.26025456742	1.55332458676	1.46759001933	1.13381061382	1.19261826003	1.22829517641	1.11481144031	0.897851295312	1.41772998067	0.87287539391	1.21489841469	0.923986191397	1.36719310778
AC8	0.624580961817	0.609444683422	2.18291638956	0.936877129048	0.979386834219	0.598357322378	0.960500512325	0.487975476075	0.72422160464	0.692899246013	0.791390729821	0.772907336878	0.603874751087	1.84922121315	0.722578090865	0.575926824553	0.637985935234	0.606994277429	1.55736589657	1.10069492025	0.473343436443	0.0	0.650076307395	0.614209231513	1.49392958917	0.549628733688	0.527782179797	0.379582435959	0.471288873852	0.552611947801	0.635795582407	0.502118163364	0.609425567907	0.597421580474	1.13268062832	0.875179487675	0.81357459159	0.648854804253	0.722358728855	0.813892112131	0.670556486225	1.25077628806	1.10866348478	0.64769940551	0.880335925568	0.835269961334	1.24900144031	1.06701569841	1.00191456742	1.00644635573	1.19262757854	1.14522041566	0.804870019333	0.840214881585	0.869207776704	0.817247984534	0.535758840019	1.15777047849	0.55472641856	0.930838564524	0.5496219913	1.01063993717
AD7	0.873701725471	0.839206230063	2.40054671339	1.17916596423	1.253320145	0.653595331078	1.31645523441	0.574781643306	0.444766950217	1.01293547608	0.389839043016	1.04075152247	0.747126940551	2.07211151764	0.926544287095	0.812933977767	0.467014122765	0.46344818753	1.9104462349	1.45321724021	0.972214891252	0.650076307395	0.0	0.121394480425	1.88245412276	0.865366964717	0.375791169647	0.418491996133	0.707905625906	0.860718869019	0.725830507492	0.55577037216	0.431988506525	0.508418264862	1.3650322378	1.13654460126	0.616472310295	0.851104954084	0.698025553407	1.09715651039	0.849397762204	1.45535747704	1.30921604157	0.92980621073	0.803258680522	0.690447680039	1.35304094732	1.14286046399	1.25033312711	1.19825803287	1.18278287095	1.23412148864	0.931673702272	0.926263571774	0.930312223296	0.95144077332	0.764096732721	1.25298633156	0.771163557274	1.13843980184	0.620296094732	1.09099306428
AD8	0.837098670855	0.803315741904	2.3821237651	1.13837679072	1.20771801837	0.614903344611	1.28066387627	0.545581710971	0.433307133881	0.973823557274	0.378683131948	0.993663325278	0.712421488642	2.05264755437	0.897913392943	0.769887694538	0.460058298695	0.451592034799	1.87656125665	1.40587905752	0.936003233446	0.614209231513	0.121394480425	0.0	1.81475996133	0.797900449493	0.351443562107	0.391087597873	0.661303876269	0.804082358627	0.71495280812	0.548069830836	0.4305500145	0.489355413243	1.34643608507	1.1076080232	0.610001387144	0.821965108748	0.685425621073	1.05414371194	0.809539347511	1.43785841469	1.28961498792	0.892935432576	0.794716022233	0.690383059449	1.33746373127	1.12542287095	1.21511438376	1.16427926051	1.17501751571	1.22251506042	0.908519173514	0.909571546641	0.919439656839	0.929553687772	0.746329482842	1.23744284195	0.749646882552	1.1063979362	0.594067955534	1.07287956984
AE7	1.36927997583	1.50244142581	1.9096261334	1.28036657322	1.28506664089	1.71078766554	1.19261246979	1.68725709038	1.94943696472	1.29991286612	1.9722979217	1.4572760464	1.61300048333	1.65137449493	1.50546594007	1.41924003867	1.76647686805	1.74248432093	1.08620586757	1.12106952634	1.42860432576	1.49392958917	1.88245412276	1.81475996133	0.0	1.03936152247	1.82124561141	1.69132463026	1.37123992267	1.28178535524	1.57199089415	1.59995955534	1.85357014983	1.83135599323	1.71805063316	1.72573335911	1.91214669406	1.49257800387	1.82487339294	1.3232461189	1.62031898018	1.45644347028	1.4571640841	1.41130270179	2.01722794103	1.9932179072	1.70928071532	1.84854485259	1.65461477042	1.64748692605	1.98563557274	1.83896655389	1.67014834703	1.70350876269	1.74215120831	1.62632371194	1.54884284195	1.76639244079	1.51863502175	1.68064723538	1.68996946351	1.82349602223
AE8	0.562403547608	0.609119565007	2.15413640406	0.905625978734	0.825706056066	0.751668907685	0.829925727405	0.702816476559	0.969380652489	0.59783661189	0.993148289029	0.658103455776	0.709534088932	1.8258640116	0.728692469792	0.559867022716	0.83101478492	0.787784838086	1.41563879652	0.975113726438	0.669348332528	0.549628733688	0.865366964717	0.797900449493	1.03936152247	0.0	0.838897100048	0.70761320928	0.594261899468	0.538318477525	0.734390096665	0.686054195263	0.868725959401	0.846192141131	1.0911780812	0.941381580474	0.943572092798	0.68564962784	0.884989540841	0.653047680039	0.722802058966	1.23573366361	1.09645448043	0.620134461092	1.09392889319	1.05974326728	1.13187279362	1.10695010633	0.958784316095	0.967573378444	1.25103435959	1.16631968584	0.883518134364	0.89834921218	0.953150642823	0.857234775254	0.675961831803	1.11163298695	0.662649043016	0.925348119865	0.741579028516	1.05696419526
AF7	0.811935147414	0.683762851619	2.41256376994	1.19129732721	1.07478894635	0.528536969551	1.25643891252	0.456183494442	0.421784538424	0.938034852586	0.436319801837	0.865196795553	0.588756495892	2.08563309812	0.791194006767	0.707817945868	0.372388869019	0.34752361044	1.84183134364	1.39587889802	0.955277767037	0.527782179797	0.375791169647	0.351443562107	1.82124561141	0.838897100048	0.0	0.228287796037	0.68116518608	0.81740679072	0.686062576124	0.527750067666	0.385975480909	0.438057612373	1.16704105848	0.937516689222	0.486587733204	0.739284939584	0.567979932334	0.95046762204	0.667371947801	1.47302947801	1.32233945868	0.770386524891	0.717853136781	0.643793359111	1.18498106815	0.984008956017	1.05747714355	1.0308381537	1.0255140116	1.06674690672	0.765106631223	0.778709163847	0.79476218463	0.793330202997	0.626415248913	1.08746567907	0.656168666022	0.956899507008	0.45682117448	0.935025451909
AF8	0.700944055099	0.645281667472	2.30000320445	1.06792743354	1.04472942484	0.520669656839	1.14332212663	0.432634586757	0.479901111648	0.823808902852	0.566584523925	0.846125664572	0.59022118898	1.97033201063	0.754020304495	0.629085722571	0.416006766554	0.392699710005	1.71383292412	1.26925318995	0.802099714838	0.379582435959	0.418491996133	0.391087597873	1.69132463026	0.70761320928	0.228287796037	0.0	0.560682851619	0.693171126148	0.661011570807	0.474245123248	0.415756172064	0.436499811503	1.16303967134	0.930687278879	0.58655558724	0.689188240696	0.596612677622	0.893034277429	0.660101532141	1.35450135331	1.19839359594	0.723396988884	0.772417887869	0.723679869502	1.21348523925	1.02163313678	1.04709606573	1.049409884	1.06948327695	1.10218363461	0.788412609956	0.818318342194	0.834678119865	0.816715224746	0.569319487675	1.11936405993	0.583410111165	0.970870086999	0.479075717738	0.960979521508
AG7	0.712890019333	0.62762117448	1.90860998067	0.67351582407	0.859797467376	0.66753438376	0.922104253262	0.542102107298	0.74605322378	0.650415253746	0.827647288545	0.737989357177	0.657893252779	1.58075361527	0.66337337361	0.635404233929	0.761548651522	0.735039091348	1.34042996617	0.866423678105	0.621571788304	0.471288873852	0.707905625906	0.661303876269	1.37123992267	0.594261899468	0.68116518608	0.560682851619	0.0	0.243580531658	0.818895698405	0.71659380377	0.658968999517	0.700976640889	1.22019291445	0.957198704688	0.891285969067	0.483729284679	0.820039502175	0.826553552441	0.718693044949	1.03373052682	0.883721860802	0.509577346544	1.03864054616	1.00500852102	1.29369514741	1.13181755437	1.09773693572	1.10884157081	1.25004692122	1.19485327211	0.909446172064	0.935757907202	0.974283368777	0.91842282262	0.657496674722	1.19647503142	0.642695543741	1.03339188497	0.680113736104	1.08137226196
AG8	0.685388675689	0.697207303045	1.82406874335	0.623570246496	0.871987636539	0.79024821653	0.796870169164	0.692809714838	0.927541546641	0.63546417593	0.979579690672	0.756997158047	0.776180550991	1.49540288545	0.715317520541	0.683824021266	0.896608670855	0.865194490092	1.20784247463	0.727433141614	0.591882469792	0.552611947801	0.860718869019	0.804082358627	1.28178535524	0.538318477525	0.81740679072	0.693171126148	0.243580531658	0.0	0.879767936201	0.810065838569	0.825274229096	0.835793885935	1.24165547608	1.04675476075	1.01946173514	0.509696660222	0.941526587724	0.836864630256	0.831884789754	0.974701565974	0.858314862252	0.528447196713	1.16039244563	1.1278840841	1.32745937168	1.25133993233	1.12768185597	1.16965055099	1.37704076365	1.31617692605	1.03787794587	1.05207743354	1.09432846303	1.03820746254	0.77872580957	1.25933648139	0.760103769937	1.12812758337	0.805601043983	1.19838676172
AH7	0.740861280812	0.871317124215	2.45279468826	1.28358700822	1.19149580474	0.779297496375	1.18116076365	0.773706060899	0.903523953601	0.940422039633	0.82826497825	1.01429412276	0.848996085065	2.14054688739	1.01580497342	0.766365993233	0.631621507975	0.599695099082	1.71341178347	1.31991722088	0.859440633156	0.635795582407	0.725830507492	0.71495280812	1.57199089415	0.734390096665	0.686062576124	0.661011570807	0.818895698405	0.879767936201	0.0	0.291687143548	0.870279275012	0.863128917351	1.16052049299	1.0392498695	0.797985727405	0.942801019816	0.804208598357	0.990876172064	0.843902817786	1.54833862736	1.41055346061	0.941225872402	0.93263937651	0.935489429676	1.25120950217	1.07536060899	1.17847886902	1.04263182697	1.15672104398	1.14297257612	0.86268319478	0.839613914935	0.851247854036	0.841162281295	0.757557515708	1.17271391977	0.788148003867	0.991213750604	0.709041121315	1.04588888835
AH8	0.669484528758	0.723555258579	2.44777236829	1.20769218946	1.07423945868	0.60849980667	1.12644464959	0.595758994683	0.720948255196	0.841710352827	0.680964456259	0.902858888352	0.698899642339	2.11769306428	0.871574146931	0.631913243113	0.389238917351	0.355987868536	1.69777621073	1.29540072982	0.82969221363	0.502118163364	0.55577037216	0.548069830836	1.59995955534	0.686054195263	0.527750067666	0.474245123248	0.71659380377	0.810065838569	0.291687143548	0.0	0.678059304012	0.655922962784	1.15843681005	0.97914959884	0.662581822136	0.859403030449	0.623069313678	0.905583634606	0.719215770904	1.50080155631	1.35930308845	0.845845911068	0.80597262929	0.777111681972	1.15424753021	0.971884842919	1.0852059159	0.957393518608	1.0143578347	1.04204660222	0.726602846786	0.729316534558	0.745293421943	0.730522561624	0.602331773804	1.07263311745	0.631004330594	0.898935509908	0.53967659739	0.92985459159
AA5	0.84144017883	0.635327119381	2.29874708072	1.11589654906	1.02617942001	0.501500734654	1.25623387144	0.356520898985	0.264259294345	0.930916887385	0.425019739004	0.804157757371	0.605504514258	1.97135131464	0.689580633156	0.719768303528	0.487483682939	0.47002959884	1.86368844853	1.41818118415	0.937557259546	0.609425567907	0.431988506525	0.4305500145	1.85357014983	0.868725959401	0.385975480909	0.415756172064	0.658968999517	0.825274229096	0.870279275012	0.678059304012	0.0	0.272789623006	1.2209641856	0.939368206863	0.585725640406	0.634508492025	0.632606607057	0.914394093765	0.675486220396	1.31330303528	1.16140043016	0.691942962784	0.765033576607	0.631149681005	1.28777565974	1.08116735621	1.08489678105	1.10547836153	1.13613858869	1.18070686322	0.840767225713	0.86569677622	0.868857056549	0.879938772354	0.628770304495	1.18458102465	0.664099932334	1.01627855486	0.531013465442	1.02419116965
AA6	0.81520019333	0.595920715321	2.38992803287	1.15979355727	0.964832174964	0.399018003867	1.20077644756	0.364475016916	0.327948385694	0.882732706622	0.426178487192	0.739130444659	0.536794021266	2.05321259546	0.684722812953	0.694176099565	0.525132445626	0.481841599807	1.87683343161	1.42567645239	0.91635059449	0.597421580474	0.508418264862	0.489355413243	1.83135599323	0.846192141131	0.438057612373	0.436499811503	0.700976640889	0.835793885935	0.863128917351	0.655922962784	0.272789623006	0.0	1.0800340986	0.80751442726	0.491705519575	0.629085693572	0.493131522475	0.878868704688	0.552768332528	1.39931217496	1.24346251329	0.676324378927	0.552593272112	0.443644253262	1.14618192847	0.951543919768	0.94203879652	0.937767269212	1.01251241663	1.03905231996	0.690130613823	0.741730662156	0.746470681489	0.728356950217	0.631723726438	1.04709081199	0.68176897535	0.852234809087	0.462259270179	0.885416249396
AB5	1.07207553891	0.923501048816	2.56360539874	1.41554724988	0.85391618173	0.997288158531	1.20678912518	1.07415897535	1.18563311745	0.987286901885	1.19845322378	0.79788918318	0.993108980184	2.24217785887	0.978297153214	0.989879091348	1.2007140551	1.15874895118	1.86541056549	1.48883345094	1.25700654906	1.13268062832	1.3650322378	1.34643608507	1.71805063316	1.0911780812	1.16704105848	1.16303967134	1.22019291445	1.24165547608	1.16052049299	1.15843681005	1.2209641856	1.0800340986	0.0	0.377607472209	0.952557781537	1.02418651039	0.917834707588	0.875325461576	0.841362189464	1.62636084099	1.49240202513	0.950679463509	0.949334649589	0.973954456259	0.777038917351	0.888854248429	0.716926428226	0.690939115515	1.02240871919	0.890439014016	0.79936820203	0.853455761237	0.907745418076	0.854060628323	1.00058559691	0.814817409377	1.00384534558	0.696792136298	0.992032121798	0.849496553891
AB6	0.931779154181	0.704920275495	2.49607474625	1.28269045916	0.782077902368	0.731743315611	1.11436741421	0.792213852102	0.923867056549	0.88219839536	0.985220483325	0.603533977767	0.753358144031	2.16489682455	0.763833315611	0.794777293378	1.0257898695	0.977369434509	1.84046352827	1.41215262929	1.12862175447	0.875179487675	1.13654460126	1.1076080232	1.72573335911	0.941381580474	0.937516689222	0.930687278879	0.957198704688	1.04675476075	1.0392498695	0.97914959884	0.939368206863	0.80751442726	0.377607472209	0.0	0.760951691638	0.787279975834	0.747027515708	0.798552015466	0.641383040116	1.50330841953	1.37194208313	0.724756863219	0.738344287095	0.758456486225	0.767772411793	0.706484243596	0.533299690672	0.530804789754	0.84528337361	0.740720125665	0.635769149348	0.697737008217	0.757604045433	0.701447694538	0.769214712421	0.698515901402	0.7786840116	0.489493943934	0.798955495408	0.663546346061
AC5	0.917794915418	0.735792411793	2.61557039149	1.382070087	0.989745785404	0.550127438376	1.28908298212	0.596230966651	0.514921019816	0.969123455776	0.464343272112	0.758401058482	0.708537423876	2.28291827936	0.839897999033	0.808993267279	0.533413518608	0.488421870469	1.95024505075	1.51211723538	1.15304881585	0.81357459159	0.616472310295	0.610001387144	1.91214669406	0.943572092798	0.486587733204	0.58655558724	0.891285969067	1.01946173514	0.797985727405	0.662581822136	0.585725640406	0.491705519575	0.952557781537	0.760951691638	0.0	0.777912933784	0.404913687772	0.928222692122	0.609960666989	1.65706213146	1.49826180764	0.815823711938	0.493088738521	0.451576839053	0.985723823103	0.762737230546	0.914457365877	0.823044485259	0.809893054616	0.834231324311	0.58689518608	0.575403711938	0.580468661189	0.634490666989	0.75912737071	0.884486964717	0.792706558724	0.751874780087	0.56086419043	0.721630198163
AC6	0.774871309811	0.546494654422	1.99467710005	0.77668762204	0.700670492992	0.626152870952	0.767858139198	0.474260130498	0.766637008217	0.544460652489	0.819773663606	0.577646027066	0.631153257612	1.66296093765	0.513217709038	0.643940033833	0.827505901402	0.788649275012	1.45895344128	1.01473352344	0.777165161914	0.648854804253	0.851104954084	0.821965108748	1.49257800387	0.68564962784	0.739284939584	0.689188240696	0.483729284679	0.509696660222	0.942801019816	0.859403030449	0.634508492025	0.629085693572	1.02418651039	0.787279975834	0.777912933784	0.0	0.766251909135	0.663298235863	0.644955949734	0.914940043499	0.75956102465	0.30344857419	0.976253687772	0.926801942968	1.13254264379	1.06554956501	0.921245128081	0.958331464476	1.18261962784	1.1199438231	0.858650507492	0.893908738521	0.926315108748	0.846292058966	0.630232107298	1.05451801353	0.651326317061	0.906003885935	0.665196022233	1.02658717255
AD6	0.785181246979	0.610311967134	2.54476528758	1.23927974384	0.859049961334	0.450717201547	1.19596707105	0.50494098115	0.566064683422	0.874775355244	0.544589439343	0.662997104882	0.563711527308	2.21028136298	0.726277564041	0.66557702755	0.532801947801	0.506816466892	1.8607478057	1.45720488159	1.08721888835	0.722358728855	0.698025553407	0.685425621073	1.82487339294	0.884989540841	0.567979932334	0.596612677622	0.820039502175	0.941526587724	0.804208598357	0.623069313678	0.632606607057	0.493131522475	0.917834707588	0.747027515708	0.404913687772	0.766251909135	0.0	0.790402324795	0.391741691638	1.57732137748	1.42464127598	0.776047636539	0.605846785887	0.573301507975	0.823193421943	0.623024451426	0.814472010633	0.672255543741	0.693068917351	0.722107554374	0.434154654422	0.446307153214	0.478918028033	0.486426964717	0.605000584824	0.736767728371	0.640404287095	0.628612063799	0.38688219913	0.57926821653
AE5	0.607366587724	0.547254059932	2.28441464959	0.97926558724	0.643384543258	0.781190604157	0.798730942484	0.717292643789	1.0282257999	0.534796317061	1.0294377477	0.586743847269	0.725301585307	1.94825426293	0.623574156597	0.52622959884	0.926589531174	0.89595380377	1.46121471242	1.08389113098	0.993619482842	0.813892112131	1.09715651039	1.05414371194	1.3232461189	0.653047680039	0.95046762204	0.893034277429	0.826553552441	0.836864630256	0.990876172064	0.905583634606	0.914394093765	0.878868704688	0.875325461576	0.798552015466	0.928222692122	0.663298235863	0.790402324795	0.0	0.466166162397	1.24728528758	1.10836491542	0.576952223296	1.14263568391	1.12242150314	0.870007955534	0.880993069116	0.864834480425	0.762843146448	1.03676291928	0.919426988884	0.664634900918	0.71688341711	0.76184217013	0.630403344611	0.581999091348	0.857622890285	0.573213446109	0.755224451426	0.728026089899	0.86809301595
AE6	0.60288279362	0.422188284195	2.42523038183	1.11435710488	0.710389014016	0.48005038666	0.999974166264	0.51853857419	0.660866152731	0.687626027066	0.693792609956	0.533873247946	0.433664615756	2.0889	0.556991261479	0.45931722088	0.671594050266	0.647283861769	1.66003938618	1.27300624456	0.996516848719	0.670556486225	0.849397762204	0.809539347511	1.62031898018	0.722802058966	0.667371947801	0.660101532141	0.718693044949	0.831884789754	0.843902817786	0.719215770904	0.675486220396	0.552768332528	0.841362189464	0.641383040116	0.609960666989	0.644955949734	0.391741691638	0.466166162397	0.0	1.41532681005	1.26321969067	0.593020792653	0.79586282262	0.774415108748	0.827275683905	0.674627187047	0.715791275979	0.623292247463	0.812400604157	0.73014037216	0.421729337844	0.463496510391	0.507235843403	0.423756157564	0.426912049299	0.733443204447	0.458770502658	0.557182619623	0.428735993233	0.625222638956
AF5	1.32440157081	1.26146677139	1.26296349444	0.614004707588	1.19033022716	1.42824388594	0.908629801837	1.26916523925	1.44315537941	1.03522240696	1.56312455292	1.26298352827	1.35355505075	0.947196273562	1.14851926051	1.28691431609	1.53223120348	1.53785905268	0.971474180764	0.707605737071	1.22973512325	1.25077628806	1.45535747704	1.43785841469	1.45644347028	1.23573366361	1.47302947801	1.35450135331	1.03373052682	0.974701565974	1.54833862736	1.50080155631	1.31330303528	1.39931217496	1.62636084099	1.50330841953	1.65706213146	0.914940043499	1.57732137748	1.24728528758	1.41532681005	0.0	0.200156041566	1.00750222813	1.78692721605	1.70364900435	1.74739611406	1.74171796037	1.58159383277	1.64331982117	1.85266257129	1.79997669406	1.600149768	1.64898530208	1.67683057032	1.5944557564	1.30545549541	1.72384801353	1.29161765104	1.61881705655	1.44349852102	1.70902267279
AF6	1.19939454809	1.1080359884	1.39346570324	0.51809077332	1.07202536974	1.28133722088	0.80743962784	1.11630670372	1.30018980667	0.882267274045	1.41706948768	1.12300142581	1.20834541808	1.07549855002	1.01815768971	1.14398764137	1.38418462542	1.3869341566	1.00069414693	0.716072121798	1.12792869986	1.10866348478	1.30921604157	1.28961498792	1.4571640841	1.09645448043	1.32233945868	1.19839359594	0.883721860802	0.858314862252	1.41055346061	1.35930308845	1.16140043016	1.24346251329	1.49240202513	1.37194208313	1.49826180764	0.75956102465	1.42464127598	1.10836491542	1.26321969067	0.200156041566	0.0	0.85308041566	1.6263941421	1.54616868052	1.62527947318	1.60942817303	1.46698713871	1.52882959884	1.71284366844	1.68072300145	1.4579320058	1.49799513775	1.52331127115	1.44195354761	1.15793420493	1.6095658144	1.1444779072	1.4861177767	1.28960855969	1.5717559884
AG5	0.693793552441	0.4867539971	2.06770334461	0.801390309328	0.602625456742	0.607954707588	0.753886742388	0.511566897052	0.798529932334	0.482730821653	0.848187361044	0.482398013533	0.591201068149	1.73411668439	0.46798619623	0.567816640889	0.841678090865	0.786469052682	1.45906375544	1.00519371677	0.749097554374	0.64769940551	0.92980621073	0.892935432576	1.41130270179	0.620134461092	0.770386524891	0.723396988884	0.509577346544	0.528447196713	0.941225872402	0.845845911068	0.691942962784	0.676324378927	0.950679463509	0.724756863219	0.815823711938	0.30344857419	0.776047636539	0.576952223296	0.593020792653	1.00750222813	0.85308041566	0.0	0.987362194297	0.944670459159	1.04598367811	1.00467673755	0.831426085065	0.875026476559	1.14338266312	1.051090145	0.776222919285	0.832070952151	0.866948158531	0.757505099082	0.605742276462	0.992162566457	0.614964519091	0.817609270179	0.650726346061	0.968563876269
