	AA3	AA4	AB3	AB4	AC3	AC4	AD3	AD4	AE3	AE4	AF3	AF4	AG3	AG4	AH3	AH4	AA7	AA8	AB7	AB8	AC7	AC8	AD7	AD8	AE7	AE8	AF7	AF8	AG7	AG8	AH7	AH8	AA5	AA6	AB5	AB6	AC5	AC6	AD6	AE5	AE6	AF5	AF6	AG5	AH5	AH6	AA1	AA2	AB1	AB2	AC1	AC2	AD1	AD2	AE1	AE2	AF1	AF2	AG1	AG2	AH1	AH2
AA3	0.0	0.573057341711	2.25606761237	0.961379236346	0.886466399227	0.755865867569	0.863251710971	0.809018970517	0.939507530208	0.705328738521	0.954785137748	0.754627457709	0.742616795553	1.88287659256	0.802144852586	0.252466607057	0.815775877235	0.776520647656	1.41663305462	1.06202834219	0.806840695988	0.688181208313	0.921966694055	0.890319826003	1.36458997583	0.614805403577	0.829134755921	0.683750710488	0.742217066216	0.708317878202	0.778603678105	0.711457738038	0.885419869502	0.854238883519	1.08397196713	0.968057438376	0.95107359594	0.802668414693	0.772538922185	0.617162368294	0.598144311261	1.23349365877	1.18584636539	0.73610359594	1.16191670855	1.06508084582	0.995616355727	0.918250289995	0.971448144031	0.859975761237	1.07120961817	1.0052717013	0.611254519091	0.724157873369	0.812989202513	0.70893818753	0.55890579507	0.902196481392	0.504085239246	0.924503726438	0.687623943934	0.995385132914
AA4	0.573057341711	0.0	2.25840077815	0.914305606573	0.640172933784	0.533011387144	0.836497317545	0.473461242146	0.698965993233	0.613557303045	0.783967892702	0.481774224263	0.445286065732	1.88624798937	0.32047679072	0.377044519091	0.657131053649	0.661986534558	1.54142855002	1.09165658772	0.84154722088	0.642092044466	0.839797462542	0.802920115998	1.48659615273	0.588848322861	0.667670879652	0.636811706138	0.655007689705	0.667426839053	0.831003078782	0.650973407443	0.599884064766	0.586083233446	0.922721459642	0.702975717738	0.72831478492	0.553136708555	0.584335277912	0.540131764137	0.353407984534	1.14010754954	1.0646977042	0.467467056549	0.93202858869	0.828688037699	0.954931155147	0.784430367327	0.764590106332	0.726921019816	0.957906457226	0.88773760754	0.548085055582	0.624697583374	0.68614	0.634539743838	0.395556911551	0.815378985017	0.409252537458	0.763867216046	0.45522840986	0.851636423393
AB3	2.25606761237	2.25840077815	0.0	1.49138540841	2.15323680522	2.39785783954	1.92907350411	2.30125052682	2.3766818608	2.07435554857	2.52016450459	2.25926369261	2.31673020783	0.413324775254	2.13708652972	2.26496672789	2.49324257129	2.50623286129	1.2322501885	1.44068048816	1.99921157564	2.17656825036	2.42930109232	2.4089980232	1.90578256646	2.14858318511	2.40585245046	2.28972282745	1.90479830836	1.83796497825	2.45498420493	2.43004224746	2.29275881102	2.38521989367	2.53754980667	2.49278937168	2.62383222813	1.95572097632	2.53019114548	2.2921341566	2.37975546158	1.35544199613	1.42524446593	2.07140820203	2.74253364911	2.64281571774	2.67529140164	2.67729387144	2.52321339778	2.59174761721	2.79301625423	2.74069768004	2.5198922813	2.61488109715	2.64471304495	2.61289922668	2.28615631706	2.64978666506	2.28098665539	2.66342721121	2.40082527308	2.70518992267
AB4	0.961379236346	0.914305606573	1.49138540841	0.0	0.881948651522	1.02603855969	0.762382150797	1.01006041083	1.17578269696	0.783668980184	1.2270139826	0.921283542774	0.850818158531	1.10342858869	0.819529511841	0.928525485742	1.18236691638	1.18651049783	1.00348285645	0.53008921218	0.903867423876	0.932356858386	1.17674277912	1.12469409377	1.24264742388	0.858666060899	1.15644957467	1.02315949734	0.652731053649	0.585505253746	1.24352681005	1.14400494925	1.09160736104	1.1210880667	1.35091727405	1.25919938134	1.35719891252	0.722880826486	1.18791443693	0.968008032866	1.01334000967	0.57308622523	0.539018786854	0.790147259546	1.48041439826	1.36517293862	1.43564226196	1.37562255679	1.27406739971	1.3040959739	1.52934900918	1.47245118898	1.18175042049	1.28662257129	1.3479380377	1.28184732238	0.976991401643	1.38644758821	0.959530778154	1.37673254229	1.05981718705	1.42718091832
AC3	0.886466399227	0.640172933784	2.15323680522	0.881948651522	0.0	0.759409521508	0.790880691155	0.804456843886	0.9682640116	0.64068138231	1.07750839536	0.285442334461	0.790879927501	1.78758713871	0.637968371194	0.756140923151	0.991620198163	0.993554171097	1.41736495408	1.01555332044	1.02910004833	1.00143746738	1.23679706622	1.19010538424	1.29846459159	0.802758018366	1.05020107782	1.03452111165	0.860045389077	0.824765833736	1.16367879652	0.984521043983	0.950176486225	0.94727481392	0.817727298212	0.791990942484	1.00311520058	0.708762431126	0.878379328178	0.626753716771	0.706101150314	1.05982922185	1.0006401305	0.57943560174	1.19466338811	1.0976240551	0.90334780087	0.950612242629	0.764936157564	0.826757172547	1.10558313195	1.02023317061	0.718043769937	0.851775969067	0.926041014983	0.833860294828	0.807905321411	0.913412324795	0.757066041566	0.9377800145	0.834612508458	0.987553629773
AC4	0.755865867569	0.533011387144	2.39785783954	1.02603855969	0.759409521508	0.0	1.08031667956	0.385936863219	0.516348506525	0.85028558724	0.387798506525	0.542357423876	0.42855561624	2.02616768971	0.674500328661	0.649009942001	0.580910860319	0.547296955051	1.78454847269	1.30615312711	0.884474209763	0.619589908168	0.664418226196	0.635974751087	1.68170931851	0.718972595457	0.533285253746	0.553747346544	0.660820894152	0.738967225713	0.779181822136	0.545240029	0.489100236829	0.414237240213	1.00039605607	0.729144378927	0.589339250846	0.660441512808	0.415882247463	0.755284050266	0.489016887385	1.30128053166	1.22922271145	0.591214345094	0.738062208797	0.628617955534	1.04836848719	0.834985920735	0.820157240213	0.806136486225	0.917217670372	0.943941358144	0.564615911068	0.637112856452	0.694007182214	0.645231179314	0.583642788787	0.929754113098	0.648258695022	0.83200980667	0.38166240696	0.881250613823
AD3	0.863251710971	0.836497317545	1.92907350411	0.762382150797	0.790880691155	1.08031667956	0.0	0.976541536974	1.28749687289	0.339446848719	1.33329880135	0.860256510391	1.04568417593	1.55807697438	0.787731285645	0.843314499758	1.19713115515	1.15737761721	1.29155473175	0.846497124215	0.859152058966	0.923995268246	1.27801890768	1.22791160464	1.21569275495	0.804910318995	1.19958630256	1.06127324795	0.870227075882	0.770659371677	1.139299797	1.07431029	1.15528550991	1.12393539874	1.15589864186	1.06457895118	1.24344053166	0.683182474625	1.12111345578	0.769731324311	0.898187351377	0.836083291445	0.778265471242	0.69513901885	1.41709734171	1.32427458676	1.29870378444	1.28218092798	1.1017817883	1.1279099275	1.45993938618	1.39028068632	1.06660528275	1.17942868536	1.24466757371	1.15101038183	0.898578047366	1.25061556791	0.883875026583	1.2291482552	1.08899589657	1.32931376027
AD4	0.809018970517	0.473461242146	2.30125052682	1.01006041083	0.804456843886	0.385936863219	0.976541536974	0.0	0.342768182697	0.716559531174	0.511956027066	0.620868139198	0.481499304012	1.932840116	0.582402730788	0.642681208313	0.549112663122	0.557575403577	1.78921970034	1.29925767521	0.857813257612	0.57057520058	0.587945886902	0.54647539391	1.7370042001	0.746372783954	0.479100260996	0.481178264862	0.572758269696	0.710323431609	0.805528351861	0.559386075399	0.307780212663	0.35371222813	1.0744318173	0.786360391493	0.564827365877	0.552195843403	0.448931300145	0.748735877235	0.518621242146	1.18166299178	1.11433960367	0.562660526825	0.734326901885	0.622202107298	1.11870377477	0.891905413243	0.914952653456	0.916483634606	0.9602260174	1.00772027066	0.651542895118	0.673786452392	0.710039946834	0.711615659739	0.533979178347	0.994448753021	0.616682663122	0.919767046883	0.46052900435	0.943808453359
AE3	0.939507530208	0.698965993233	2.3766818608	1.17578269696	0.9682640116	0.516348506525	1.28749687289	0.342768182697	0.0	1.02068898985	0.372150347994	0.784250676655	0.606974417593	2.01247875785	0.784429241179	0.841432754954	0.554143436443	0.595486379894	1.95988153214	1.47661971967	1.0085099565	0.729227462542	0.478434349927	0.478947462542	1.93173864669	0.944779971	0.428038332528	0.51416580957	0.715683262446	0.882439956501	0.910841551474	0.683120328661	0.295595113581	0.357724248429	1.18090753021	0.904617264379	0.520122440793	0.776962092798	0.54012521508	1.00649808603	0.718673687772	1.30602563557	1.26219041566	0.791105374577	0.737468018366	0.629828936684	1.22904988884	0.992710521991	1.05526819236	1.03316044949	1.04226791687	1.11189685355	0.76581540841	0.776031338811	0.804538733688	0.818103687772	0.73029777187	1.11252758821	0.813375234413	1.02040495408	0.59410080232	1.03559153214
AE4	0.705328738521	0.613557303045	2.07435554857	0.783668980184	0.64068138231	0.85028558724	0.339446848719	0.716559531174	1.02068898985	0.0	1.0976057564	0.646308859352	0.830313576607	1.70194546641	0.600189144514	0.626418815853	0.958414804253	0.937384533591	1.38806907202	0.939802648623	0.759757158047	0.729509637506	1.02320438376	0.969975814403	1.2884840696	0.595725384244	0.943905553407	0.807111657806	0.645405128081	0.588890560657	0.952743310778	0.85540658289	0.898056505558	0.887175906235	0.999389511841	0.910151667472	0.999371488642	0.534459782504	0.881739656839	0.572665258579	0.677562938618	0.912806466892	0.854556321895	0.524915089415	1.20588612373	1.10019495892	1.13234599323	1.10499235863	0.949521802803	0.978238999517	1.29113424843	1.21486934268	0.878061904302	0.975440357661	1.03041192847	0.965626423393	0.685748037699	1.08202962784	0.67842340261	1.08042501208	0.840789096182	1.16017998067
AF3	0.954785137748	0.783967892702	2.52016450459	1.2270139826	1.07750839536	0.387798506525	1.33329880135	0.511956027066	0.372150347994	1.0976057564	0.0	0.85780442726	0.659696539391	2.15060476559	0.922203890768	0.891036143064	0.531599758337	0.508468231029	1.99669103915	1.52128090382	1.04562097148	0.799502566457	0.427369076849	0.431750686322	1.96546284679	0.979552938618	0.441339062349	0.610541986467	0.808038221363	0.943962194297	0.827268487192	0.635100884485	0.453564707588	0.448049105848	1.20293151764	0.968131324311	0.475443905268	0.853181198647	0.495005577574	1.02203183664	0.730848946351	1.44915853552	1.38701835669	0.84677182697	0.700357718705	0.595597322378	1.21906586274	0.990017757371	1.11377410343	1.03927842436	1.04945304495	1.09809569841	0.792882083132	0.765047921701	0.813190918318	0.785272750121	0.818945026583	1.10141126631	0.901282653456	1.0192839246	0.567970879652	1.03632490575
AF4	0.754627457709	0.481774224263	2.25926369261	0.921283542774	0.285442334461	0.542357423876	0.860256510391	0.620868139198	0.784250676655	0.646308859352	0.85780442726	0.0	0.596798327695	1.88794143064	0.52443702755	0.614535050749	0.847013069116	0.846662759787	1.5565140551	1.08590570807	0.917044847753	0.835378177864	1.06472238763	1.02009812953	1.418649826	0.630945263412	0.881953059449	0.871892590623	0.781060338328	0.742981952634	1.01812958917	0.834661367811	0.77770157564	0.763101053649	0.78639658289	0.639805843403	0.798669115515	0.626954180764	0.698227916868	0.543618477525	0.543503281779	1.12733197197	1.06813592073	0.491720314161	1.00415095215	0.900612759787	0.84536961334	0.801588090865	0.644834248429	0.691440135331	0.976550715321	0.901175930401	0.57411141131	0.694392996617	0.795029014016	0.686961556307	0.649171967134	0.794076244563	0.624881686805	0.787874354761	0.654450541324	0.840808192363
AG3	0.742616795553	0.445286065732	2.31673020783	0.850818158531	0.790879927501	0.42855561624	1.04568417593	0.481499304012	0.606974417593	0.830313576607	0.659696539391	0.596798327695	0.0	1.92688356694	0.50281182697	0.617820231996	0.588320077332	0.608905959401	1.72205668439	1.24142415176	0.913752861286	0.647667960367	0.727470961817	0.698588569357	1.61462963267	0.693442025133	0.590000628323	0.597514311261	0.656641807637	0.743203238279	0.843951764137	0.644293615273	0.571198414693	0.51642821653	1.00781039633	0.762875374577	0.722300260996	0.655410130498	0.552722696955	0.721093644273	0.4619720203	1.22465367327	1.15710186564	0.586279589174	0.872252276462	0.763362464959	1.00857627356	0.7879060029	0.842693929435	0.817800202997	0.957468695022	0.908675814403	0.564765862736	0.629749816336	0.731886433059	0.636912914451	0.477800183664	0.901921416143	0.534929072015	0.827133794103	0.396012513291	0.841371082649
AG4	1.88287659256	1.88624798937	0.413324775254	1.10342858869	1.78758713871	2.02616768971	1.55807697438	1.932840116	2.01247875785	1.70194546641	2.15060476559	1.88794143064	1.92688356694	0.0	1.7741759739	1.89264469792	2.13161129048	2.14049570324	0.950114905752	1.08666668439	1.63325636056	1.80440156114	2.06085181247	2.03948057516	1.62138930401	1.78929085065	2.0394182697	1.91704122281	1.54078737554	1.47110445626	2.10538759787	2.06583706622	1.92588728855	2.011480203	2.17990700338	2.13016583374	2.26197134848	1.58730830353	2.15811130981	1.92005282262	2.0061580522	1.00681426293	1.07345066216	1.70394157081	2.37265790237	2.273320174	2.29875426293	2.30755562107	2.14943478009	2.21623668439	2.42042282745	2.36775896568	2.14397645723	2.24080413243	2.27461710488	2.23848659256	1.91420084099	2.27627942484	1.90855029966	2.28776640889	2.02853324795	2.33696082649
AH3	0.802144852586	0.32047679072	2.13708652972	0.819529511841	0.637968371194	0.674500328661	0.787731285645	0.582402730788	0.784429241179	0.600189144514	0.922203890768	0.52443702755	0.50281182697	1.7741759739	0.0	0.602830125665	0.801248298695	0.8323060029	1.53427632189	1.07407293378	0.865807230546	0.765554625423	0.939194726921	0.906801594973	1.45546262929	0.691785993233	0.803980362494	0.758534403093	0.681369381344	0.665806094732	1.02375120831	0.848032044466	0.679817530208	0.704466520058	1.01170074432	0.806464804253	0.896520004833	0.52201722088	0.769612271629	0.618258153697	0.549320473659	1.00737831803	0.918997327211	0.45098580957	1.08868099082	0.98513857419	1.04233060416	0.910423262446	0.835842798453	0.862558844853	1.08278690188	1.02348253746	0.739735466409	0.81588022233	0.870762783954	0.823332058966	0.568231884969	0.932935969067	0.552851996133	0.924676321895	0.63724080232	0.959717254712
AH4	0.252466607057	0.377044519091	2.26496672789	0.928525485742	0.756140923151	0.649009942001	0.843314499758	0.642681208313	0.841432754954	0.626418815853	0.891036143064	0.614535050749	0.617820231996	1.89264469792	0.602830125665	0.0	0.693971841469	0.671801271145	1.43253283712	1.06571630256	0.82145722088	0.647916495892	0.841002735621	0.793946520058	1.38982114548	0.55402017883	0.730904146931	0.641686075399	0.675833349444	0.653324088932	0.767366379894	0.609061406477	0.763870033833	0.738469714838	0.997504693088	0.828990860319	0.837533494442	0.666249869502	0.669891454809	0.528305901402	0.463346442726	1.18158347511	1.10737050749	0.590960691155	1.05350472692	0.964140705655	0.932302266796	0.820985113581	0.857704668922	0.753374258096	0.991880053166	0.91329621073	0.534596341228	0.627791681972	0.72376219913	0.626737554374	0.408949086515	0.809874388594	0.354474987917	0.820572730788	0.572108472692	0.891531652972
AA7	0.815775877235	0.657131053649	2.49324257129	1.18236691638	0.991620198163	0.580910860319	1.19713115515	0.549112663122	0.554143436443	0.958414804253	0.531599758337	0.847013069116	0.588320077332	2.13161129048	0.801248298695	0.693971841469	0.0	0.168408579024	1.79508846786	1.36678179314	0.993589439343	0.676136602223	0.471850043499	0.467426085065	1.74297104398	0.81849420493	0.397187723538	0.460900903818	0.744605055582	0.870222010633	0.641678753021	0.389811691638	0.510887172547	0.504680676655	1.2103217158	1.0065400725	0.532824987917	0.835455737071	0.498013301112	0.924679134848	0.683566326728	1.42221520058	1.3567781537	0.835625292412	0.787497390043	0.677534422426	1.11112874335	0.886110536491	1.12470775254	0.999954809087	0.922052609956	0.978514171097	0.700313547608	0.668060517158	0.701396650556	0.702199362011	0.535668622523	1.00073631223	0.596972996617	0.975263054616	0.469464499758	0.936480265829
AA8	0.776520647656	0.661986534558	2.50623286129	1.18651049783	0.993554171097	0.547296955051	1.15737761721	0.557575403577	0.595486379894	0.937384533591	0.508468231029	0.846662759787	0.608905959401	2.14049570324	0.8323060029	0.671801271145	0.168408579024	0.0	1.78773858386	1.35083276945	0.928987307878	0.614800173997	0.460363291445	0.455589917835	1.72260105365	0.785710739488	0.39232159014	0.43166580957	0.734308028033	0.856982595457	0.555803330111	0.318296974384	0.540310347994	0.522657694538	1.18248281295	0.983435273079	0.52312839536	0.845552513291	0.480136553891	0.914251106815	0.684981913968	1.43381877235	1.36642717738	0.82634622523	0.755272648623	0.645736785887	1.12771927501	0.897278042533	1.09919558724	0.984490125665	0.940215205413	0.991052203963	0.690428322861	0.662648835186	0.70606619623	0.681158477525	0.556562218463	1.01429879169	0.611273107782	0.959746974384	0.462977216046	0.951639072015
AB7	1.41663305462	1.54142855002	1.2322501885	1.00348285645	1.41736495408	1.78454847269	1.29155473175	1.78921970034	1.95988153214	1.38806907202	1.99669103915	1.5565140551	1.72205668439	0.950114905752	1.53427632189	1.43253283712	1.79508846786	1.78773858386	0.0	0.540432861286	1.4948762349	1.5796458144	1.92127100048	1.87674185114	1.05275500725	1.4038378782	1.83852478492	1.6973037651	1.36018236829	1.20423357177	1.68859712905	1.68980073949	1.84149904302	1.86247524408	1.8172458144	1.82143843886	1.95136528758	1.45012728855	1.84113539874	1.45250430643	1.6022002755	1.01903693088	1.01357716771	1.46214142581	2.14581640406	2.04982576124	1.89358161914	1.93045898502	1.80725239246	1.78656650556	2.05585966651	1.98817611406	1.71854839536	1.8185257564	1.85447410826	1.8073778927	1.58382532624	1.86758239246	1.5299601305	1.86047344611	1.74512245046	1.94933767521
AB8	1.06202834219	1.09165658772	1.44068048816	0.53008921218	1.01555332044	1.30615312711	0.846497124215	1.29925767521	1.47661971967	0.939802648623	1.52128090382	1.08590570807	1.24142415176	1.08666668439	1.07407293378	1.06571630256	1.36678179314	1.35083276945	0.540432861286	0.0	1.03529688739	1.0999841276	1.43585299662	1.38747148381	1.12014765587	0.963233910101	1.35902849203	1.21305072982	0.862085157081	0.722423165781	1.28890608507	1.25318224263	1.36349155631	1.38386095215	1.42476482359	1.38314236829	1.4907998985	0.970089516675	1.40166451909	1.07382949251	1.19480797487	0.692770758821	0.665159753504	0.990165142581	1.68968055582	1.58339042533	1.57255928468	1.54405253262	1.42033759787	1.40553391493	1.68259227646	1.62540553407	1.35730994683	1.43624200097	1.48051469309	1.4362477767	1.15216336878	1.51426479459	1.14120276462	1.48234102948	1.2703740261	1.56227319478
AC7	0.806840695988	0.84154722088	1.99921157564	0.903867423876	1.02910004833	0.884474209763	0.859152058966	0.857813257612	1.0085099565	0.759757158047	1.04562097148	0.917044847753	0.913752861286	1.63325636056	0.865807230546	0.82145722088	0.993589439343	0.928987307878	1.4948762349	1.03529688739	0.0	0.439918530691	0.970175722571	0.927010526825	1.41658435959	0.639983276945	0.938819879169	0.783937805703	0.570754137264	0.550824470759	0.848310318995	0.804950449493	0.889624035766	0.893867709038	1.2535322378	1.14037257612	1.12943379894	0.73934878202	1.01447918318	0.981594499758	0.94160719188	1.13446289995	1.09789888352	0.716128158531	1.09746479942	1.00230706138	1.46032308362	1.36733855486	1.19372400677	1.20210692605	1.52593179314	1.46832076849	1.06844300628	1.15932378927	1.24324550991	1.14771539391	0.864595152247	1.37342662156	0.860234963751	1.28874166747	0.916946157564	1.43199473175
AC8	0.688181208313	0.642092044466	2.17656825036	0.932356858386	1.00143746738	0.619589908168	0.923995268246	0.57057520058	0.729227462542	0.729509637506	0.799502566457	0.835378177864	0.647667960367	1.80440156114	0.765554625423	0.647916495892	0.676136602223	0.614800173997	1.5796458144	1.0999841276	0.439918530691	0.0	0.668891527308	0.640161140648	1.52552484292	0.582936007733	0.546900642823	0.384536471725	0.471734987917	0.562423977767	0.610187680039	0.511896829386	0.604134030933	0.635692165297	1.14168039633	0.888628148864	0.814289661672	0.675341116481	0.70035102465	0.860042619623	0.707136810053	1.15443159981	1.10960359111	0.664474654422	0.916300633156	0.821909081682	1.30104775254	1.07989416626	1.04673772354	1.02852349444	1.21043986467	1.18466726438	0.814791957467	0.847077187047	0.9305040116	0.851003272112	0.550846839053	1.16729869502	0.627240860319	1.03837188497	0.585713494442	1.13100493958
AD7	0.921966694055	0.839797462542	2.42930109232	1.17674277912	1.23679706622	0.664418226196	1.27801890768	0.587945886902	0.478434349927	1.02320438376	0.427369076849	1.06472238763	0.727470961817	2.06085181247	0.939194726921	0.841002735621	0.471850043499	0.460363291445	1.92127100048	1.43585299662	0.970175722571	0.668891527308	0.0	0.160112696955	1.89889057032	0.872684393427	0.353500686322	0.450513702272	0.697659864669	0.837161333978	0.724469830836	0.569918496858	0.474355814403	0.526439845336	1.35827647656	1.12559837119	0.613084678589	0.854355340744	0.649187916868	1.09138768971	0.862861068149	1.37267373127	1.30851793137	0.925850502658	0.814453310778	0.716253127115	1.35746062349	1.12278294828	1.27356863219	1.21632145964	1.16173151764	1.2285022813	0.944410831319	0.882565872402	0.91482499275	0.931017419043	0.711019381344	1.25174586274	0.797826433059	1.18418750121	0.625198400193	1.17562910101
AD8	0.890319826003	0.802920115998	2.4089980232	1.12469409377	1.19010538424	0.635974751087	1.22791160464	0.54647539391	0.478947462542	0.969975814403	0.431750686322	1.02009812953	0.698588569357	2.03948057516	0.906801594973	0.793946520058	0.467426085065	0.455589917835	1.87674185114	1.38747148381	0.927010526825	0.640161140648	0.160112696955	0.0	1.80550785887	0.784497506042	0.348830686322	0.446041140648	0.652031710971	0.787128743354	0.69730637506	0.534491126148	0.490455886902	0.511592870952	1.34357195747	1.10440625423	0.599538071532	0.823604809087	0.633571179314	1.0433922958	0.819310120831	1.35299118415	1.28514934268	0.892220280329	0.805981222813	0.711653508942	1.34010461092	1.1026797535	1.24110272112	1.17554067182	1.14914519091	1.20896427743	0.915693861769	0.858690575157	0.895299023683	0.904163098115	0.701222788787	1.22709184147	0.783528090865	1.14687824553	0.603476539391	1.15223984534
AE7	1.36458997583	1.48659615273	1.90578256646	1.24264742388	1.29846459159	1.68170931851	1.21569275495	1.7370042001	1.93173864669	1.2884840696	1.96546284679	1.418649826	1.61462963267	1.62138930401	1.45546262929	1.38982114548	1.74297104398	1.72260105365	1.05275500725	1.12014765587	1.41658435959	1.52552484292	1.89889057032	1.80550785887	0.0	1.05287367811	1.81870757371	1.67049207347	1.37868182214	1.30251410826	1.57289775254	1.60273481875	1.82687750121	1.81922372644	1.67687342678	1.74015899468	1.90860202513	1.49108605607	1.79865615756	1.34187804737	1.56111845336	1.4620482842	1.43281435959	1.42707773804	2.04147845819	1.95934386177	1.69890667956	1.79365305462	1.63497496858	1.62933849686	1.96368319961	1.84098828903	1.62258066699	1.71109759304	1.76416166264	1.67748154181	1.55513861286	1.73451225713	1.48207468342	1.72432639439	1.68627430643	1.81982323828
AE8	0.614805403577	0.588848322861	2.14858318511	0.858666060899	0.802758018366	0.718972595457	0.804910318995	0.746372783954	0.944779971	0.595725384244	0.979552938618	0.630945263412	0.693442025133	1.78929085065	0.691785993233	0.55402017883	0.81849420493	0.785710739488	1.4038378782	0.963233910101	0.639983276945	0.582936007733	0.872684393427	0.784497506042	1.05287367811	0.0	0.826345650072	0.704432305462	0.583997684872	0.532413924601	0.75394297245	0.661260966651	0.838780971484	0.823217472209	1.06441213146	0.918932431126	0.938802247463	0.655541184147	0.854276466892	0.645734683422	0.675949521508	1.12530918318	1.0593377622	0.593567646206	1.09340087482	1.00180321411	1.14993107782	1.06762494442	0.930831353311	0.932064722088	1.22461292412	1.18093907685	0.811507965201	0.892601585307	0.965489743838	0.882486645723	0.646445350411	1.0821322668	0.637023847269	0.986728791687	0.730421662639	1.12225285645
AF7	0.829134755921	0.667670879652	2.40585245046	1.15644957467	1.05020107782	0.533285253746	1.19958630256	0.479100260996	0.428038332528	0.943905553407	0.441339062349	0.881953059449	0.590000628323	2.0394182697	0.803980362494	0.730904146931	0.397187723538	0.39232159014	1.83852478492	1.35902849203	0.938819879169	0.546900642823	0.353500686322	0.348830686322	1.81870757371	0.826345650072	0.0	0.254934610923	0.665621072982	0.795298772354	0.690234335428	0.495008743354	0.409018695022	0.451865857902	1.17133429193	0.930035374577	0.496471967134	0.765858965684	0.516189801837	0.93824062349	0.6845060174	1.35141188497	1.28684345094	0.774721996133	0.776127017883	0.68900860319	1.19970313678	0.972218240696	1.08448569357	1.03770118898	1.01349605123	1.07383315611	0.751887535041	0.743404760754	0.793141580474	0.785845094248	0.583573842436	1.07473650556	0.668491701305	1.01576016433	0.457365205413	1.02327763654
AF8	0.683750710488	0.636811706138	2.28972282745	1.02315949734	1.03452111165	0.553747346544	1.06127324795	0.481178264862	0.51416580957	0.807111657806	0.610541986467	0.871892590623	0.597514311261	1.91704122281	0.758534403093	0.641686075399	0.460900903818	0.43166580957	1.6973037651	1.21305072982	0.783937805703	0.384536471725	0.450513702272	0.446041140648	1.67049207347	0.704432305462	0.254934610923	0.0	0.541011865636	0.657822933784	0.642183426776	0.459992740454	0.449924432093	0.4885339826	1.17368271629	0.930587510875	0.624496505558	0.724506500725	0.553556234896	0.887672750121	0.673942851619	1.22450169164	1.16294775737	0.736214035766	0.853332803287	0.758639734171	1.22850333494	1.00854306912	1.07136493475	1.05217263896	1.05458530691	1.11059513291	0.767390555824	0.786708467859	0.837582319961	0.821299173514	0.521634349927	1.09799731271	0.600561101982	1.04177446593	0.489676955051	1.05971300145
AG7	0.742217066216	0.655007689705	1.90479830836	0.652731053649	0.860045389077	0.660820894152	0.870227075882	0.572758269696	0.715683262446	0.645405128081	0.808038221363	0.781060338328	0.656641807637	1.54078737554	0.681369381344	0.675833349444	0.744605055582	0.734308028033	1.36018236829	0.862085157081	0.570754137264	0.471734987917	0.697659864669	0.652031710971	1.37868182214	0.583997684872	0.665621072982	0.541011865636	0.0	0.227107259546	0.796580676655	0.660242402127	0.625472286129	0.706158550024	1.24937985984	0.979921068149	0.900906244563	0.482185113581	0.782950198163	0.856325611406	0.73989237796	0.913250879652	0.851095350411	0.530431904302	1.07768988884	0.957333629773	1.33786130981	1.11471671339	1.14257766071	1.13290555824	1.26258481875	1.22896247463	0.881022469792	0.947699154181	1.00702802803	0.960865364911	0.63643858869	1.21530713871	0.69182040116	1.13136856452	0.684172474625	1.18332501208
AG8	0.708317878202	0.667426839053	1.83796497825	0.585505253746	0.824765833736	0.738967225713	0.770659371677	0.710323431609	0.882439956501	0.588890560657	0.943962194297	0.742981952634	0.743203238279	1.47110445626	0.665806094732	0.653324088932	0.870222010633	0.856982595457	1.20423357177	0.722423165781	0.550824470759	0.562423977767	0.837161333978	0.787128743354	1.30251410826	0.532413924601	0.795298772354	0.657822933784	0.227107259546	0.0	0.86659300145	0.765084306428	0.772193977767	0.789597496375	1.20222487675	1.01411075399	1.00435883035	0.452473542774	0.885787230546	0.813080642823	0.76201420493	0.867953054616	0.805677554374	0.489043919768	1.15030241663	1.0222380377	1.30533214596	1.1830938811	1.1043839536	1.10864910585	1.33648978734	1.29345138714	0.930598168197	1.00754883035	1.06962461576	1.01477511841	0.702436945384	1.20329269696	0.712374823586	1.17090951184	0.775070057999	1.24965169164
AH7	0.778603678105	0.831003078782	2.45498420493	1.24352681005	1.16367879652	0.779181822136	1.139299797	0.805528351861	0.910841551474	0.952743310778	0.827268487192	1.01812958917	0.843951764137	2.10538759787	1.02375120831	0.767366379894	0.641678753021	0.555803330111	1.68859712905	1.28890608507	0.848310318995	0.610187680039	0.724469830836	0.69730637506	1.57289775254	0.75394297245	0.690234335428	0.642183426776	0.796580676655	0.86659300145	0.0	0.329207796037	0.873291628806	0.854853049783	1.16859344128	1.02466251812	0.79210542291	0.953297167714	0.751952218463	0.988596959884	0.837828743354	1.44455357661	1.39614965684	0.947878941518	0.980412904785	0.885054557757	1.27140153214	1.0520700725	1.19043375544	1.04067713871	1.14167745288	1.14861943934	0.861052851619	0.821655074915	0.852299434509	0.833974673755	0.750783160947	1.16341126631	0.814868849686	1.01987427743	0.70267182697	1.10202655872
AH8	0.711457738038	0.650973407443	2.43004224746	1.14400494925	0.984521043983	0.545240029	1.07431029	0.559386075399	0.683120328661	0.85540658289	0.635100884485	0.834661367811	0.644293615273	2.06583706622	0.848032044466	0.609061406477	0.389811691638	0.318296974384	1.68980073949	1.25318224263	0.804950449493	0.511896829386	0.569918496858	0.534491126148	1.60273481875	0.661260966651	0.495008743354	0.459992740454	0.660242402127	0.765084306428	0.329207796037	0.0	0.632422102465	0.599830164331	1.11135517641	0.901418405027	0.615006752054	0.789559453842	0.521183020783	0.850654615756	0.662583663606	1.36567182214	1.29714716771	0.778148883519	0.790846268729	0.691859511841	1.14342302562	0.923344905752	1.03786990333	0.923033431609	0.97449637506	1.02435364427	0.685740550991	0.668487675205	0.713907568874	0.691406974384	0.569699047849	1.02701518608	0.622522561624	0.894014340261	0.480970874819	0.974130874819
AA5	0.885419869502	0.599884064766	2.29275881102	1.09160736104	0.950176486225	0.489100236829	1.15528550991	0.307780212663	0.295595113581	0.898056505558	0.453564707588	0.77770157564	0.571198414693	1.92588728855	0.679817530208	0.763870033833	0.510887172547	0.540310347994	1.84149904302	1.36349155631	0.889624035766	0.604134030933	0.474355814403	0.490455886902	1.82687750121	0.838780971484	0.409018695022	0.449924432093	0.625472286129	0.772193977767	0.873291628806	0.632422102465	0.0	0.259615437409	1.20201088932	0.913644267762	0.600840251329	0.624669608507	0.568766466892	0.865844934751	0.650372677622	1.18340462542	1.12626765587	0.647158361527	0.767083876269	0.659192788787	1.28471954084	1.05768663122	1.06857003383	1.07153623973	1.10536457709	1.17249751571	0.79089182697	0.823472348961	0.850110270662	0.858871996133	0.605699516675	1.15822784437	0.688949352344	1.06305029483	0.530628405027	1.10751557757
AA6	0.854238883519	0.586083233446	2.38521989367	1.1210880667	0.94727481392	0.414237240213	1.12393539874	0.35371222813	0.357724248429	0.887175906235	0.448049105848	0.763101053649	0.51642821653	2.011480203	0.704466520058	0.738469714838	0.504680676655	0.522657694538	1.86247524408	1.38386095215	0.893867709038	0.635692165297	0.526439845336	0.511592870952	1.81922372644	0.823217472209	0.451865857902	0.4885339826	0.706158550024	0.789597496375	0.854853049783	0.599830164331	0.259615437409	0.0	1.08554497342	0.805248124698	0.517684968584	0.650101014983	0.489335157081	0.85939760754	0.575541725471	1.27726790237	1.20851864669	0.651940865152	0.580326457226	0.458213784437	1.16877381827	0.951791242146	0.952391454809	0.923953349444	1.00612735138	1.05638756887	0.678975355244	0.720345524408	0.752735219913	0.738597931368	0.599013175447	1.03353453359	0.688657742871	0.925519188014	0.488245737071	0.998561106815
AB5	1.08397196713	0.922721459642	2.53754980667	1.35091727405	0.817727298212	1.00039605607	1.15589864186	1.0744318173	1.18090753021	0.999389511841	1.20293151764	0.78639658289	1.00781039633	2.17990700338	1.01170074432	0.997504693088	1.2103217158	1.18248281295	1.8172458144	1.42476482359	1.2535322378	1.14168039633	1.35827647656	1.34357195747	1.67687342678	1.06441213146	1.17133429193	1.17368271629	1.24937985984	1.20222487675	1.16859344128	1.11135517641	1.20201088932	1.08554497342	0.0	0.437583441276	0.963614349928	1.08558980667	0.965584673755	0.832968951184	0.854550343161	1.4932042146	1.42810064282	0.958838501692	0.991721164814	0.95065381827	0.823651222813	0.902298293862	0.733899927501	0.692645331078	1.05473367811	0.959723678105	0.820041246979	0.88882141131	0.898655369744	0.852113421943	1.00741875785	0.833525442243	0.999508390527	0.81401818753	1.00441537941	0.935528632189
AB6	0.968057438376	0.702975717738	2.49278937168	1.25919938134	0.791990942484	0.729144378927	1.06457895118	0.786360391493	0.904617264379	0.910151667472	0.968131324311	0.639805843403	0.762875374577	2.13016583374	0.806464804253	0.828990860319	1.0065400725	0.983435273079	1.82143843886	1.38314236829	1.14037257612	0.888628148864	1.12559837119	1.10440625423	1.74015899468	0.918932431126	0.930035374577	0.930587510875	0.979921068149	1.01411075399	1.02466251812	0.901418405027	0.913644267762	0.805248124698	0.437583441276	0.0	0.764318651522	0.857810135331	0.763821754471	0.783247617206	0.643837564041	1.40505782504	1.31869690188	0.734155263412	0.754581068149	0.735163697438	0.761088284195	0.632191565974	0.529323629773	0.499935084582	0.780660560657	0.722466201063	0.61072279362	0.705249115515	0.712623953601	0.678651836636	0.760184296762	0.653366031899	0.788564842919	0.547302266796	0.797241092315	0.676550555824
AC5	0.95107359594	0.72831478492	2.62383222813	1.35719891252	1.00311520058	0.589339250846	1.24344053166	0.564827365877	0.520122440793	0.999371488642	0.475443905268	0.798669115515	0.722300260996	2.26197134848	0.896520004833	0.837533494442	0.532824987917	0.52312839536	1.95136528758	1.4907998985	1.12943379894	0.814289661672	0.613084678589	0.599538071532	1.90860202513	0.938802247463	0.496471967134	0.624496505558	0.900906244563	1.00435883035	0.79210542291	0.615006752054	0.600840251329	0.517684968584	0.963614349928	0.764318651522	0.0	0.847018327695	0.439815688739	0.924590811986	0.668081532141	1.55150436443	1.47455450942	0.815687148381	0.540689618173	0.475876355727	1.01356878202	0.778305210246	0.938265190913	0.855296887385	0.808663716771	0.858478511358	0.617367960367	0.554390367327	0.575487950701	0.578469386177	0.739115157081	0.897623494442	0.821533228613	0.817545732238	0.575264364427	0.811565157081
AC6	0.802668414693	0.553136708555	1.95572097632	0.722880826486	0.708762431126	0.660441512808	0.683182474625	0.552195843403	0.776962092798	0.534459782504	0.853181198647	0.626954180764	0.655410130498	1.58730830353	0.52201722088	0.666249869502	0.835455737071	0.845552513291	1.45012728855	0.970089516675	0.73934878202	0.675341116481	0.854355340744	0.823604809087	1.49108605607	0.655541184147	0.765858965684	0.724506500725	0.482185113581	0.452473542774	0.953297167714	0.789559453842	0.624669608507	0.650101014983	1.08558980667	0.857810135331	0.847018327695	0.0	0.790217283712	0.685780884485	0.647817501208	0.742272435959	0.667345432576	0.309812890285	1.04877141614	0.936696665056	1.18851141131	1.07765855002	0.978957467376	0.985687269212	1.21680975834	1.17487691638	0.818429507008	0.938386906718	0.988889681005	0.933959468342	0.609887269212	1.06094507008	0.632839540841	1.05570678589	0.698465437409	1.13275586757
AD6	0.772538922185	0.584335277912	2.53019114548	1.18791443693	0.878379328178	0.415882247463	1.12111345578	0.448931300145	0.54012521508	0.881739656839	0.495005577574	0.698227916868	0.552722696955	2.15811130981	0.769612271629	0.669891454809	0.498013301112	0.480136553891	1.84113539874	1.40166451909	1.01447918318	0.70035102465	0.649187916868	0.633571179314	1.79865615756	0.854276466892	0.516189801837	0.553556234896	0.782950198163	0.885787230546	0.751952218463	0.521183020783	0.568766466892	0.489335157081	0.965584673755	0.763821754471	0.439815688739	0.790217283712	0.0	0.746575925568	0.42938477042	1.44019961817	1.36820360561	0.759409661672	0.688197196713	0.572399768004	0.912337240213	0.691030439826	0.884949386177	0.749974963751	0.76256659739	0.8071419913	0.488181686805	0.476477365877	0.528522353794	0.498711889802	0.557827269212	0.796184741421	0.635256930884	0.730458327695	0.363906162397	0.741806955051
AE5	0.617162368294	0.540131764137	2.2921341566	0.968008032866	0.626753716771	0.755284050266	0.769731324311	0.748735877235	1.00649808603	0.572665258579	1.02203183664	0.543618477525	0.721093644273	1.92005282262	0.618258153697	0.528305901402	0.924679134848	0.914251106815	1.45250430643	1.07382949251	0.981594499758	0.860042619623	1.09138768971	1.0433922958	1.34187804737	0.645734683422	0.93824062349	0.887672750121	0.856325611406	0.813080642823	0.988596959884	0.850654615756	0.865844934751	0.85939760754	0.832968951184	0.783247617206	0.924590811986	0.685780884485	0.746575925568	0.0	0.404789328178	1.13757392943	1.06665935718	0.565465152247	1.14801138231	1.06677501692	0.885855485742	0.847462469792	0.826282063799	0.721656872885	1.02123264379	0.957524045433	0.602178859352	0.721490169164	0.813602368294	0.68660081682	0.596140662156	0.836077825036	0.541396848719	0.813889101015	0.715586766554	0.890675166747
AE6	0.598144311261	0.353407984534	2.37975546158	1.01334000967	0.706101150314	0.489016887385	0.898187351377	0.518621242146	0.718673687772	0.677562938618	0.730848946351	0.543503281779	0.4619720203	2.0061580522	0.549320473659	0.463346442726	0.683566326728	0.684981913968	1.6022002755	1.19480797487	0.94160719188	0.707136810053	0.862861068149	0.819310120831	1.56111845336	0.675949521508	0.6845060174	0.673942851619	0.73989237796	0.76201420493	0.837828743354	0.662583663606	0.650372677622	0.575541725471	0.854550343161	0.643837564041	0.668081532141	0.647817501208	0.42938477042	0.404789328178	0.0	1.25631484775	1.18203807153	0.543418820686	0.871497356211	0.782725766071	0.868847510875	0.699562721121	0.721989449009	0.632489352344	0.873954780087	0.807147283712	0.423183460609	0.517194006767	0.595125084582	0.515728559691	0.420724470759	0.741458028033	0.444270710488	0.669226829386	0.44525059449	0.764211213146
AF5	1.23349365877	1.14010754954	1.35544199613	0.57308622523	1.05982922185	1.30128053166	0.836083291445	1.18166299178	1.30602563557	0.912806466892	1.44915853552	1.12733197197	1.22465367327	1.00681426293	1.00737831803	1.18158347511	1.42221520058	1.43381877235	1.01903693088	0.692770758821	1.13446289995	1.15443159981	1.37267373127	1.35299118415	1.4620482842	1.12530918318	1.35141188497	1.22450169164	0.913250879652	0.867953054616	1.44455357661	1.36567182214	1.18340462542	1.27726790237	1.4932042146	1.40505782504	1.55150436443	0.742272435959	1.44019961817	1.13757392943	1.25631484775	0.0	0.14705157564	0.894422145964	1.66599212663	1.56650710005	1.65571009183	1.61803241663	1.50365570324	1.5257142146	1.74804371194	1.7221661044	1.41462720155	1.53444532624	1.5821340551	1.53225650556	1.16675417593	1.61024361527	1.16392057032	1.60578175447	1.3250058579	1.64991635573
AF6	1.18584636539	1.0646977042	1.42524446593	0.539018786854	1.0006401305	1.22922271145	0.778265471242	1.11433960367	1.26219041566	0.854556321895	1.38701835669	1.06813592073	1.15710186564	1.07345066216	0.918997327211	1.10737050749	1.3567781537	1.36642717738	1.01357716771	0.665159753504	1.09789888352	1.10960359111	1.30851793137	1.28514934268	1.43281435959	1.0593377622	1.28684345094	1.16294775737	0.851095350411	0.805677554374	1.39614965684	1.29714716771	1.12626765587	1.20851864669	1.42810064282	1.31869690188	1.47455450942	0.667345432576	1.36820360561	1.06665935718	1.18203807153	0.14705157564	0.0	0.820495113581	1.5942557274	1.49461895602	1.58555384727	1.53346684389	1.42046593523	1.44064643789	1.65949497825	1.63841998067	1.34485767521	1.46434938134	1.51024602707	1.46214870952	1.09860497825	1.52940968101	1.09542054616	1.52089906235	1.2519079217	1.57750120348
AG5	0.73610359594	0.467467056549	2.07140820203	0.790147259546	0.57943560174	0.591214345094	0.69513901885	0.562660526825	0.791105374577	0.524915089415	0.84677182697	0.491720314161	0.586279589174	1.70394157081	0.45098580957	0.590960691155	0.835625292412	0.82634622523	1.46214142581	0.990165142581	0.716128158531	0.664474654422	0.925850502658	0.892220280329	1.42707773804	0.593567646206	0.774721996133	0.736214035766	0.530431904302	0.489043919768	0.947878941518	0.778148883519	0.647158361527	0.651940865152	0.958838501692	0.734155263412	0.815687148381	0.309812890285	0.759409661672	0.565465152247	0.543418820686	0.894422145964	0.820495113581	0.0	0.99547520058	0.890611730304	1.07260432093	0.972872812953	0.838946935718	0.8616159739	1.13280205897	1.07508677139	0.687177438376	0.832660454326	0.909362580957	0.807539927501	0.584111623973	0.971975089415	0.595178356694	0.935225949734	0.654969801837	1.03567811503
