	AA3	AA4	AB3	AB4	AC3	AC4	AD3	AD4	AE3	AE4	AF3	AF4	AG3	AG4	AH3	AH4	AA7	AA8	AB7	AB8	AC7	AC8	AD7	AD8	AE7	AE8	AF7	AF8	AG7	AG8	AH7	AH8	AA5	AA6	AB5	AB6	AC5	AC6	AD6	AE5	AE6	AF5	AF6	AG5	AH5	AH6	AA1	AA2	AB1	AB2	AC1	AC2	AD1	AD2	AE1	AE2	AF1	AF2	AG1	AG2	AH1	AH2
AA3	0.0	0.555771899468	2.24336278395	0.980588912518	0.824794876752	0.708309168681	0.90123479942	0.74799098115	0.875506911551	0.647274016433	0.965408124698	0.774421082649	0.71386038666	1.89017892218	0.754861251812	0.220825998067	0.821533378444	0.729464238763	1.39375330594	0.988516747221	0.813779434509	0.667803233446	0.888297883035	0.884637970034	1.33874085065	0.584082348961	0.776200550991	0.709777124215	0.707760029	0.647469932334	0.763590096665	0.705735157081	0.859258057032	0.849669192847	1.07233637506	0.924441130981	0.934611855969	0.803613924601	0.757799661672	0.547387955534	0.575951034316	1.21736066699	1.12873420493	0.707318250362	1.11879466409	1.0899637651	0.97668882552	0.919460744321	0.881382203963	0.790858535524	1.06117676172	0.962293499275	0.660012696955	0.703216355727	0.776158081199	0.658944262929	0.546787187047	0.893901875302	0.521289188014	0.888137119381	0.666048100532	0.970794929918
AA4	0.555771899468	0.0	2.23252980184	0.92561040116	0.590762300628	0.521567486709	0.875165944901	0.502909067182	0.647824668922	0.541916413726	0.802779192847	0.445009560174	0.446237341711	1.87467876752	0.277602730788	0.388102334461	0.700946727888	0.689461870469	1.51608093282	1.02764434509	0.862076254229	0.679839260512	0.882805703238	0.860428129531	1.47372798453	0.644215002417	0.695629386177	0.686158951184	0.693218231029	0.643569855002	0.890011053649	0.767229105848	0.65982619623	0.631350681489	0.903806669889	0.690455128081	0.76531121798	0.529116167231	0.592730246496	0.530052034799	0.384024200097	1.13000714355	1.02343189464	0.444970691155	0.948015592073	0.87828679072	0.933114644756	0.800759845336	0.72295479942	0.686569449009	0.963966930884	0.885517182214	0.585323649106	0.651546109232	0.696941802803	0.613175012083	0.485118313195	0.830774035766	0.450941851136	0.774947481875	0.5263759884	0.824781512808
AB3	2.24336278395	2.23252980184	0.0	1.42591970034	2.19284090865	2.38886875302	1.90646660222	2.3111637506	2.31791289512	2.10512846786	2.53132710005	2.2960037796	2.33126501692	0.400871817303	2.1691580812	2.28305211696	2.47753861769	2.47782840503	1.22810942001	1.51783697922	1.97824169647	2.1622017738	2.40105325278	2.41101632673	1.90240022233	2.15209140648	2.3664458869	2.28263362494	1.91578573224	1.83769061866	2.44931535524	2.45613861769	2.27015653939	2.38955585307	2.52851711938	2.50117231513	2.63871309328	1.95903391493	2.51858037699	2.30792806187	2.39180518608	1.35316111165	1.44180649106	2.04464507492	2.733840087	2.65849019333	2.69824869019	2.66387012083	2.50620941518	2.56930814403	2.79068330594	2.72496881102	2.55025861286	2.61032399227	2.63334135814	2.5922260899	2.3245059304	2.69606110198	2.27938353311	2.65588229096	2.40512429193	2.69600958434
AB4	0.980588912518	0.92561040116	1.42591970034	0.0	0.951714364427	1.05608690672	0.819253088449	1.05133782504	1.1186680522	0.859202358627	1.25798077815	1.00864699855	0.931462832286	1.06313578057	0.896709139681	0.975114949251	1.20907456742	1.19612019816	0.964106964717	0.503261435476	0.948084180764	0.95390460609	1.1845260319	1.17515614306	1.27124112131	0.919279565007	1.14396920251	1.04259782987	0.685137902368	0.611179647173	1.28754046883	1.20485726438	1.09874299662	1.17228083132	1.37782665056	1.3055862059	1.42210204447	0.768551623973	1.20226399227	1.01600489125	1.07677920251	0.554207617206	0.475564103432	0.79249701305	1.50104347994	1.43647910585	1.50626945384	1.4110540551	1.31173846303	1.31672628806	1.56984726921	1.5053661044	1.26089775254	1.33581192847	1.37976299178	1.30919986467	1.06069661189	1.46016508458	1.00389959884	1.41949072982	1.10279113581	1.44996710971
AC3	0.824794876752	0.590762300628	2.19284090865	0.951714364427	0.0	0.769530086999	0.879130062832	0.846162648623	0.947514867086	0.667320947318	1.08020765104	0.368011541808	0.786805799903	1.84294967134	0.653826104398	0.749456283229	0.995652266796	0.967485534074	1.41550100048	1.00599506525	1.07524069116	1.00836931368	1.25078087965	1.22303310778	1.29850712421	0.846699487675	1.06388670855	1.04324181247	0.942310826486	0.863651875302	1.17628044949	1.06300985017	1.01653651039	0.979185838569	0.803995688739	0.794324746254	1.01455351861	0.746367032383	0.831809154181	0.664429676172	0.660569826003	1.12941968101	1.03905313195	0.621935418076	1.18844936684	1.1436482697	0.89969662639	0.934201565974	0.7265340261	0.751964654422	1.06921509908	0.956563320445	0.735020807153	0.831933726438	0.874685070082	0.793756288062	0.827732097632	0.925183450942	0.77462621073	0.917547298212	0.874709637506	0.971829014016
AC4	0.708309168681	0.521567486709	2.38886875302	1.05608690672	0.769530086999	0.0	1.11271034799	0.36441282262	0.451370927985	0.761066945384	0.397666756887	0.559986839053	0.406967564041	2.03547288545	0.630256916385	0.625095862736	0.563784693088	0.538379768004	1.76643703238	1.27090669889	0.902453823103	0.606842687289	0.670927486709	0.641322489125	1.67821408893	0.749025360077	0.552602953117	0.521435727405	0.673270618656	0.739276858386	0.790010169164	0.619797278879	0.525342933784	0.405902653456	1.00844484775	0.7385060174	0.59507419043	0.643709511841	0.415242953117	0.723399415176	0.490832315128	1.3078400145	1.20436657322	0.596415538908	0.7026640261	0.644462232963	1.04176033349	0.807193421943	0.821956950217	0.765831831803	0.909725282745	0.945887443209	0.561269869502	0.638121068149	0.662845219913	0.601779473175	0.540031870469	0.910492745288	0.598362841953	0.794059057516	0.386294949251	0.796247694538
AD3	0.90123479942	0.875165944901	1.90646660222	0.819253088449	0.879130062832	1.11271034799	0.0	1.02499799903	1.26298455292	0.4459619913	1.3847321653	0.993876568391	1.07276642823	1.5502800435	0.845514842919	0.904223397777	1.25993969067	1.21696244079	1.290649971	0.832372126631	0.909661193813	0.959464983084	1.29898988884	1.31062780087	1.21083274045	0.864859255679	1.21154442726	1.13306284679	0.919693542774	0.805420952151	1.19773979217	1.14252082165	1.20237791203	1.17773127115	1.1898079942	1.10673964234	1.2964039971	0.764267061382	1.17267633639	0.845874374094	0.955367341711	0.832338907685	0.743734804253	0.745244852586	1.44320922185	1.41389956984	1.37145466409	1.3596139391	1.13018806187	1.17499973417	1.50945867569	1.42014287579	1.16501234896	1.23555303045	1.29887798453	1.19018635089	1.00108643306	1.35862680522	0.966375954567	1.26462950217	1.1519240116	1.39241031899
AD4	0.74799098115	0.502909067182	2.3111637506	1.05133782504	0.846162648623	0.36441282262	1.02499799903	0.0	0.272869105848	0.65140060899	0.493641300145	0.669816433059	0.483553475109	1.95589304495	0.572783059449	0.652814823586	0.529021401643	0.534159086515	1.77861938618	1.2767402465	0.876310299662	0.58368662639	0.554116442726	0.525968313195	1.74108335428	0.795232431126	0.452352498792	0.415979521508	0.575553407443	0.70011138231	0.806304296762	0.629716191397	0.34592638956	0.351333117448	1.07665079749	0.796841449976	0.54982037216	0.542864161431	0.468236433059	0.73767922668	0.547819328178	1.21833897535	1.11042621073	0.57117482842	0.702486167231	0.617344683422	1.11385869502	0.85047518608	0.919057457709	0.884242025133	0.932037989367	1.01627350894	0.639869507008	0.675430188497	0.690047747704	0.657403141614	0.515167235379	0.986841150314	0.592919917835	0.880872479459	0.461134258096	0.85879099565
AE3	0.875506911551	0.647824668922	2.31791289512	1.1186680522	0.947514867086	0.451370927985	1.26298455292	0.272869105848	0.0	0.884794064766	0.387896128565	0.77244279362	0.568260154664	1.9727577332	0.6864780232	0.800301213146	0.489311967134	0.56686117448	1.88429246496	1.38793836153	0.957322382794	0.683162943451	0.498222561624	0.46666442726	1.87208578057	0.926402252296	0.438419362011	0.455972658289	0.641875882069	0.817643726438	0.889229855002	0.721495611406	0.25352282262	0.341821179314	1.18726644756	0.915721836636	0.555645244079	0.675942701788	0.572756471725	0.915465538908	0.694132387627	1.25851841469	1.16888181247	0.705224349927	0.744103189947	0.590751942968	1.23236056066	0.961628525858	1.0534537071	0.998203948768	1.02687105848	1.12406563074	0.757522769454	0.79294500725	0.793046694055	0.770732363461	0.64995500725	1.10828413726	0.718355645239	0.992961836636	0.56498838086	0.962504345094
AE4	0.647274016433	0.541916413726	2.10512846786	0.859202358627	0.667320947318	0.761066945384	0.4459619913	0.65140060899	0.884794064766	0.0	1.02844566941	0.667395244079	0.739947491542	1.74718751571	0.559788115031	0.59420881102	0.895488545191	0.857295142581	1.42119294828	0.945152803287	0.751905901402	0.685733876269	0.946508767521	0.945134925085	1.32669199613	0.578738888352	0.846123305945	0.769096350894	0.634998849686	0.570081793137	0.940179966167	0.821960376994	0.83668240696	0.826027549541	0.987010517158	0.844055766071	0.940169381344	0.527015142581	0.807341092315	0.544881082649	0.628036379894	0.963222754954	0.853510811986	0.504405558241	1.10283970034	1.06889135331	1.09791748671	1.07439082649	0.885826041566	0.913988250362	1.23473434509	1.14818724505	0.865969091348	0.912332160464	0.966741851136	0.872925567907	0.676892667956	1.08914912518	0.648307409377	0.998081362977	0.787140956984	1.09295683422
AF3	0.965408124698	0.802779192847	2.53132710005	1.25798077815	1.08020765104	0.397666756887	1.3847321653	0.493641300145	0.387896128565	1.02844566941	0.0	0.873267651039	0.655777878202	2.18138078299	0.880390633156	0.89734439826	0.460651672305	0.509013368777	2.0031679942	1.50555211213	1.06274001933	0.80985618173	0.439517307878	0.423643494442	1.96275745288	1.02197519091	0.503606152731	0.575223808603	0.807505389077	0.96051919768	0.825221836636	0.689539840503	0.485207322378	0.468827873369	1.2054978492	0.968170463992	0.484169618173	0.854646263896	0.525585630739	1.00314466409	0.75183540841	1.48381656356	1.38757051716	0.856506065732	0.647064325761	0.525356027066	1.19333716288	0.942111701305	1.10282582407	0.994956877719	1.00451931851	1.08098836153	0.757630488159	0.75265641856	0.774029492508	0.735802141131	0.798025722571	1.05259368294	0.863536433059	0.956902208797	0.568530637989	0.929510140164
AF4	0.774421082649	0.445009560174	2.2960037796	1.00864699855	0.368011541808	0.559986839053	0.993876568391	0.669816433059	0.77244279362	0.667395244079	0.873267651039	0.0	0.595071986467	1.94237324795	0.547349864669	0.66195898985	0.853309685839	0.843399163847	1.60353049299	1.10804185114	0.996375287579	0.845849507008	1.08332801353	1.05198464959	1.47999398743	0.736352885452	0.897221266312	0.875227148381	0.848218260029	0.774131208313	1.06316527308	0.94433737071	0.839343354277	0.795443692605	0.752221565974	0.565455166747	0.796616070565	0.64662939101	0.689993455776	0.62664099565	0.552816882552	1.19964651522	1.10821964717	0.54124542291	0.911697757371	0.857673673272	0.783707762204	0.73340777187	0.567188786854	0.554046346061	0.883699149348	0.794275239246	0.589074997583	0.68255502175	0.709931517641	0.670472895118	0.701425582407	0.748922957951	0.666080942484	0.705542165297	0.714912953117	0.755747129048
AG3	0.71386038666	0.446237341711	2.33126501692	0.931462832286	0.786805799903	0.406967564041	1.07276642823	0.483553475109	0.568260154664	0.739947491542	0.655777878202	0.595071986467	0.0	1.96574369744	0.479727293378	0.58889	0.560676239729	0.5680320203	1.703810232	1.19945931851	0.934462266796	0.627161271145	0.736480976317	0.707918492025	1.61522172064	0.713995843403	0.584551435476	0.568585398743	0.687816520058	0.734916515225	0.826867535041	0.677557235379	0.626563383277	0.521573262446	0.998861391977	0.754451184147	0.704811681972	0.628648530691	0.500037361044	0.70619338811	0.484379772837	1.26162725955	1.15420155147	0.60218956984	0.861890004833	0.755279917835	0.98600182697	0.7414980087	0.817199072015	0.746673431609	0.912399497342	0.878880990817	0.525767312711	0.617234654422	0.676632281295	0.581160753987	0.479976022233	0.863598917351	0.506420700822	0.773279304012	0.410777854036	0.772243958434
AG4	1.89017892218	1.87467876752	0.400871817303	1.06313578057	1.84294967134	2.03547288545	1.5502800435	1.95589304495	1.9727577332	1.74718751571	2.18138078299	1.94237324795	1.96574369744	0.0	1.81690287095	1.92324056066	2.13362331078	2.13078785887	0.953065045916	1.1690420493	1.63206554857	1.81309558241	2.05359738521	2.06419047366	1.62706776704	1.80684410343	2.01848135814	1.93121551474	1.56333630256	1.48207286612	2.11824875785	2.1068138086	1.92571783954	2.03562409377	2.1837180232	2.15033148864	2.28307516675	1.60503192847	2.1609017448	1.9526418898	2.03265476075	1.00723977284	1.08911471242	1.68990742871	2.38164185114	2.30553156114	2.34554109715	2.30872705172	2.15314943934	2.21384564524	2.44071194297	2.37071640406	2.1972540261	2.2574681537	2.28651547608	2.23881710488	1.97133749638	2.34447752054	1.92833471242	2.3009178492	2.0548158869	2.34299950701
AH3	0.754861251812	0.277602730788	2.1691580812	0.896709139681	0.653826104398	0.630256916385	0.845514842919	0.572783059449	0.6864780232	0.559788115031	0.880390633156	0.547349864669	0.479727293378	1.81690287095	0.0	0.596877080715	0.751162266796	0.777191077815	1.54263674239	1.0725222233	0.886348632189	0.721406051232	0.899137085549	0.883890976317	1.4909277477	0.737240246496	0.753252194297	0.721782145964	0.684527264379	0.658746515225	0.999975630739	0.854336940551	0.671477626873	0.678594707588	1.01351080232	0.78434322378	0.86709701305	0.499280115998	0.722048666022	0.63879038666	0.525013639439	1.03903919285	0.936319893668	0.44312338811	1.03858055582	0.944672411793	1.0458122233	0.884956370227	0.841082856452	0.806522474625	1.04503899952	0.987410323828	0.725082861286	0.799422953117	0.825830952151	0.764369835669	0.565453678105	0.948581039149	0.535867617206	0.890412426293	0.650380323828	0.919936636056
AH4	0.220825998067	0.388102334461	2.28305211696	0.975114949251	0.749456283229	0.625095862736	0.904223397777	0.652814823586	0.800301213146	0.59420881102	0.89734439826	0.66195898985	0.58889	1.92324056066	0.596877080715	0.0	0.717830811986	0.641006940551	1.43992474625	1.0186721218	0.850911715805	0.653817032383	0.84315221363	0.820832155631	1.3852601885	0.58966662639	0.699817066216	0.66060959884	0.723187544708	0.646028042533	0.767204543258	0.641066655389	0.786083117448	0.744923165781	0.990648985017	0.805535577574	0.847822329628	0.701018608023	0.65042081682	0.458944470759	0.447918066699	1.21592701305	1.1148680812	0.607409797003	1.02957695988	0.983635969067	0.921264432093	0.834786781054	0.802155857902	0.691440096665	0.982306114065	0.895183344611	0.551987182214	0.640962237796	0.719949076849	0.588137858869	0.427041527308	0.827934514258	0.395822281295	0.804158748188	0.573792242629	0.878448081199
AA7	0.821533378444	0.700946727888	2.47753861769	1.20907456742	0.995652266796	0.563784693088	1.25993969067	0.529021401643	0.489311967134	0.895488545191	0.460651672305	0.853309685839	0.560676239729	2.13362331078	0.751162266796	0.717830811986	0.0	0.196514823586	1.80767013533	1.33213749154	1.02267120831	0.678956901885	0.438661691638	0.438799294345	1.78872043499	0.890530227163	0.334596916385	0.4172160029	0.778330865152	0.872285717738	0.654370985984	0.451037051716	0.46228500725	0.505309057516	1.20458910585	0.992168912518	0.54016759304	0.827582750121	0.515316056066	0.899391725471	0.723918709522	1.42459182214	1.32842000483	0.831713533108	0.775008458192	0.619077617206	1.11713230546	0.860448400193	1.07832089899	0.967031121315	0.915265113581	0.997502827453	0.677558593523	0.681313436443	0.676315954567	0.677761933301	0.543996892218	0.97719322378	0.593282044466	0.95032959884	0.43896179797	0.874913866602
AA8	0.729464238763	0.689461870469	2.47782840503	1.19612019816	0.967485534074	0.538379768004	1.21696244079	0.534159086515	0.56686117448	0.857295142581	0.509013368777	0.843399163847	0.5680320203	2.13078785887	0.777191077815	0.641006940551	0.196514823586	0.0	1.75590949251	1.27704411793	0.948055911068	0.608426930884	0.472945253746	0.471562547124	1.69294496375	0.799931130981	0.363399347511	0.386371696472	0.733791362977	0.824711541808	0.567358095698	0.338647689705	0.530745756404	0.532326520058	1.19008022716	0.985843156114	0.571262435959	0.847161807637	0.487774533591	0.843937162881	0.701832576124	1.43269524891	1.33159949734	0.824880555824	0.772726839053	0.658029811503	1.0969682697	0.850772812953	1.05621205897	0.933070236829	0.903915055582	0.980130768487	0.643996027066	0.65678078782	0.668383460609	0.638773102948	0.524220647656	0.95830020783	0.566619545674	0.916110744321	0.408393334944	0.853719922668
AB7	1.39375330594	1.51608093282	1.22810942001	0.964106964717	1.41550100048	1.76643703238	1.290649971	1.77861938618	1.88429246496	1.42119294828	2.0031679942	1.60353049299	1.703810232	0.953065045916	1.54263674239	1.43992474625	1.80767013533	1.75590949251	0.0	0.557831706138	1.48859964234	1.56258274529	1.89369131464	1.88836660706	1.05947001933	1.40504333011	1.77730361044	1.69910524891	1.36370707105	1.19259413243	1.6951901015	1.70580509908	1.82040887869	1.8670982262	1.79316189947	1.81659689222	1.95255840503	1.44068180764	1.80804221846	1.46124674239	1.58940700822	0.997373470275	1.02556755921	1.44847180764	2.10854254712	2.07686673755	1.91409234896	1.91890351377	1.74680204447	1.75307419043	2.05050166747	1.95042675689	1.76437684872	1.81493758821	1.83942423393	1.79066071049	1.60078838086	1.90223554857	1.54371843403	1.88063251329	1.74145604157	1.96078460126
AB8	0.988516747221	1.02764434509	1.51783697922	0.503261435476	1.00599506525	1.27090669889	0.832372126631	1.2767402465	1.38793836153	0.945152803287	1.50555211213	1.10804185114	1.19945931851	1.1690420493	1.0725222233	1.0186721218	1.33213749154	1.27704411793	0.557831706138	0.0	1.02048117931	1.07467865636	1.40175472692	1.38654665539	1.09830337844	0.928230347994	1.28484050749	1.20314100532	0.849591304978	0.689068883519	1.25250993717	1.23940651039	1.33338332044	1.37567526825	1.37711562591	1.35610673272	1.47650052199	0.951330391493	1.345630145	1.02806196713	1.15290289029	0.709545137748	0.700897631706	0.960234862252	1.63807492992	1.58930003867	1.54132403577	1.48987267762	1.34988350411	1.33653758337	1.62906072015	1.56118135331	1.34830492992	1.3957157419	1.42408550024	1.36810912035	1.14652533591	1.5067061624	1.10256886419	1.45762297245	1.24494657806	1.52931381344
AC7	0.813779434509	0.862076254229	1.97824169647	0.948084180764	1.07524069116	0.902453823103	0.909661193813	0.876310299662	0.957322382794	0.751905901402	1.06274001933	0.996375287579	0.934462266796	1.63206554857	0.886348632189	0.850911715805	1.02267120831	0.948055911068	1.48859964234	1.02048117931	0.0	0.442180782987	0.952899163847	0.957302953117	1.41635863219	0.707677075882	0.927012967617	0.797010459159	0.57499221363	0.585379478009	0.876939971	0.828991333978	0.902178912518	0.915349207347	1.2855280667	1.13493677622	1.1525918608	0.789867298212	1.04126093282	0.967066143064	0.983161420976	1.16139004833	1.07759778637	0.74681956984	1.11889760754	1.07064985017	1.48914550507	1.40384407443	1.22865656356	1.23118579024	1.545029797	1.49093069116	1.12032718221	1.19700464476	1.25714593523	1.16221134364	0.934146814886	1.42746559207	0.889237747704	1.30288300145	0.92506621073	1.41500717255
AC8	0.667803233446	0.679839260512	2.1622017738	0.95390460609	1.00836931368	0.606842687289	0.959464983084	0.58368662639	0.683162943451	0.685733876269	0.80985618173	0.845849507008	0.627161271145	1.81309558241	0.721406051232	0.653817032383	0.678956901885	0.608426930884	1.56258274529	1.07467865636	0.442180782987	0.0	0.661214514258	0.669959879169	1.49154030449	0.598256080232	0.541944673755	0.415900570324	0.459087950701	0.553220309328	0.646155775737	0.527032358627	0.602363765104	0.630063339778	1.17553637989	0.922144074432	0.853141169647	0.688895166747	0.728632503625	0.810843281779	0.751474886419	1.16849460126	1.07460958917	0.68121359594	0.919717462542	0.839682580957	1.30287343161	1.07135478492	1.06697755921	1.02514714355	1.21504168681	1.20328528758	0.811443943934	0.870507235379	0.930209879169	0.835763465442	0.568625964234	1.16222239246	0.585451135814	1.0060382552	0.598936447559	1.08469831803
AD7	0.888297883035	0.882805703238	2.40105325278	1.1845260319	1.25078087965	0.670927486709	1.29898988884	0.554116442726	0.498222561624	0.946508767521	0.439517307878	1.08332801353	0.736480976317	2.05359738521	0.899137085549	0.84315221363	0.438661691638	0.472945253746	1.89369131464	1.40175472692	0.952899163847	0.661214514258	0.0	0.156865268246	1.87594562591	0.893600173997	0.380874345094	0.406454581924	0.680498366361	0.836398177864	0.709130753987	0.560749038183	0.443766138231	0.516724127598	1.37583453842	1.13054353794	0.642124267762	0.857716012566	0.701218472692	1.04114118898	0.915127283712	1.35788267762	1.25738925568	0.905008554857	0.804591947801	0.636717365877	1.34398221363	1.08759765104	1.27103566941	1.18404019816	1.13355130014	1.24186805703	0.897312319961	0.896819342678	0.900671662639	0.883325287579	0.696328463026	1.21940661189	0.756466481392	1.13582003867	0.59508060899	1.07891098598
AD8	0.884637970034	0.860428129531	2.41101632673	1.17515614306	1.22303310778	0.641322489125	1.31062780087	0.525968313195	0.46666442726	0.945134925085	0.423643494442	1.05198464959	0.707918492025	2.06419047366	0.883890976317	0.820832155631	0.438799294345	0.471562547124	1.88836660706	1.38654665539	0.957302953117	0.669959879169	0.156865268246	0.0	1.84140996617	0.859161556307	0.363365751571	0.408272319961	0.656963412276	0.819626259062	0.732882344128	0.581792556791	0.443323122281	0.521511019816	1.36709790237	1.1202519768	0.636477452876	0.831856853552	0.688897448043	1.00751459642	0.886501068149	1.37230140164	1.27130913001	0.882847307878	0.810582716288	0.645520710488	1.34604033833	1.07559148381	1.25537515708	1.15688538908	1.12879524408	1.23483328661	0.894125234413	0.896682435959	0.900612000967	0.87983159014	0.704985708072	1.22275670372	0.782373257612	1.11849002417	0.579927530208	1.06774926535
AE7	1.33874085065	1.47372798453	1.90240022233	1.27124112131	1.29850712421	1.67821408893	1.21083274045	1.74108335428	1.87208578057	1.32669199613	1.96275745288	1.47999398743	1.61522172064	1.62706776704	1.4909277477	1.3852601885	1.78872043499	1.69294496375	1.05947001933	1.09830337844	1.41635863219	1.49154030449	1.87594562591	1.84140996617	0.0	1.00791094248	1.76767164814	1.67253033833	1.39007271145	1.30043718221	1.57212811503	1.60932114065	1.82404474625	1.81584960851	1.65018492025	1.72117515708	1.91389539391	1.50773723055	1.77002749154	1.35601143548	1.54405303528	1.45687461576	1.44737087965	1.42226641856	2.00990439826	1.98502355244	1.72542814886	1.82458245529	1.58837551474	1.5936518173	1.97259455776	1.80702321411	1.66645094732	1.71127502175	1.75709447559	1.6717437796	1.58801255196	1.78857759304	1.51837673755	1.7448579217	1.68977871435	1.8621858144
AE8	0.584082348961	0.644215002417	2.15209140648	0.919279565007	0.846699487675	0.749025360077	0.864859255679	0.795232431126	0.926402252296	0.578738888352	1.02197519091	0.736352885452	0.713995843403	1.80684410343	0.737240246496	0.58966662639	0.890530227163	0.799931130981	1.40504333011	0.928230347994	0.707677075882	0.598256080232	0.893600173997	0.859161556307	1.00791094248	0.0	0.82230102465	0.722821764137	0.658230865152	0.581786993717	0.767521358144	0.732931841469	0.883317293378	0.867260251329	1.10020271629	0.9564639826	0.986844934751	0.735772203963	0.872823392943	0.64317618173	0.710402875785	1.15361099082	1.05584187047	0.680766563557	1.11427566941	1.08225775254	1.18258786854	1.10040229096	0.945080096665	0.92920300145	1.25926610923	1.20382974867	0.881589816336	0.931769038183	0.978036457226	0.900656916385	0.733579328178	1.15057989367	0.704393122281	1.02771086515	0.771711251812	1.1129418898
AF7	0.776200550991	0.695629386177	2.3664458869	1.14396920251	1.06388670855	0.552602953117	1.21154442726	0.452352498792	0.438419362011	0.846123305945	0.503606152731	0.897221266312	0.584551435476	2.01848135814	0.753252194297	0.699817066216	0.334596916385	0.363399347511	1.77730361044	1.28484050749	0.927012967617	0.541944673755	0.380874345094	0.363365751571	1.76767164814	0.82230102465	0.0	0.187628917351	0.648355495408	0.754392455292	0.666627129048	0.517449753504	0.393195901402	0.470385355244	1.19300789754	0.95125239246	0.557081029483	0.753004499758	0.573403644273	0.876347974867	0.732923136781	1.34119765104	1.23188267279	0.787260908652	0.796117525375	0.659232706622	1.20106772354	0.936255688739	1.07913066216	1.01269546158	0.99032378927	1.09801751087	0.740460536491	0.779949047849	0.784884760754	0.758549772837	0.528716215563	1.06848039633	0.594610396327	0.983332740454	0.440573881102	0.935109710005
AF8	0.709777124215	0.686158951184	2.28263362494	1.04259782987	1.04324181247	0.521435727405	1.13306284679	0.415979521508	0.455972658289	0.769096350894	0.575223808603	0.875227148381	0.568585398743	1.93121551474	0.721782145964	0.66060959884	0.4172160029	0.386371696472	1.69910524891	1.20314100532	0.797010459159	0.415900570324	0.406454581924	0.408272319961	1.67253033833	0.722821764137	0.187628917351	0.0	0.53991060899	0.647105403577	0.66761621073	0.483020642823	0.391858815853	0.440986723055	1.19476883035	0.950756689222	0.615439043016	0.70306520058	0.586705495408	0.84207118898	0.725039681005	1.24792654906	1.13876171097	0.729667080715	0.796504712421	0.693948786854	1.23226857902	0.970147854036	1.07393057999	1.02820220396	1.02494761237	1.12667419043	0.761011744804	0.809095103915	0.825732962784	0.784741551474	0.517296877719	1.10094929435	0.57185419043	1.00838648139	0.461131739971	0.961380956984
AG7	0.707760029	0.693218231029	1.91578573224	0.685137902368	0.942310826486	0.673270618656	0.919693542774	0.575553407443	0.641875882069	0.634998849686	0.807505389077	0.848218260029	0.687816520058	1.56333630256	0.684527264379	0.723187544708	0.778330865152	0.733791362977	1.36370707105	0.849591304978	0.57499221363	0.459087950701	0.680498366361	0.656963412276	1.39007271145	0.658230865152	0.648355495408	0.53991060899	0.0	0.249678641856	0.81123818753	0.713299980667	0.599878347028	0.720206708555	1.28853594973	1.02283676172	0.917237549541	0.511293344611	0.800500918318	0.857254074432	0.806522730788	0.946865625906	0.846869255679	0.549888255196	1.04499066216	0.986287080715	1.36761325278	1.1276497825	1.18418304495	1.13845542291	1.26522169164	1.26144059449	0.927387950701	0.970879207347	1.00364481875	0.945744910585	0.696398719188	1.23839074915	0.699004625423	1.12644414693	0.706867017883	1.15445491058
AG8	0.647469932334	0.643569855002	1.83769061866	0.611179647173	0.863651875302	0.739276858386	0.805420952151	0.70011138231	0.817643726438	0.570081793137	0.96051919768	0.774131208313	0.734916515225	1.48207286612	0.658746515225	0.646028042533	0.872285717738	0.824711541808	1.19259413243	0.689068883519	0.585379478009	0.553220309328	0.836398177864	0.819626259062	1.30043718221	0.581786993717	0.754392455292	0.647105403577	0.249678641856	0.0	0.89071222813	0.80447702755	0.768553953601	0.813261213146	1.21254076849	1.01640992267	1.01849040116	0.473636433059	0.866784461092	0.77137677622	0.770619623006	0.89044319478	0.792552953117	0.479323649106	1.12688831803	1.07380312228	1.29563642823	1.18091646689	1.10735370227	1.08448369261	1.31759133398	1.27930297728	0.96211737071	1.0025640551	1.03585656839	0.975747419043	0.731292498792	1.22913363461	0.702296355727	1.15412258579	0.762310521991	1.20625241179
AH7	0.763590096665	0.890011053649	2.44931535524	1.28754046883	1.17628044949	0.790010169164	1.19773979217	0.806304296762	0.889229855002	0.940179966167	0.825221836636	1.06316527308	0.826867535041	2.11824875785	0.999975630739	0.767204543258	0.654370985984	0.567358095698	1.6951901015	1.25250993717	0.876939971	0.646155775737	0.709130753987	0.732882344128	1.57212811503	0.767521358144	0.666627129048	0.66761621073	0.81123818753	0.89071222813	0.0	0.28220159014	0.867180952151	0.867583523441	1.17952847269	1.00681892218	0.831446602223	0.98447579507	0.762132522958	0.957776872885	0.8745700145	1.4653680957	1.37466554857	0.989916524891	0.964560565491	0.923573707105	1.26507937651	1.03854852102	1.16631368294	1.03335857902	1.1359862494	1.16747532141	0.844333939101	0.829122730788	0.836230536491	0.8081660174	0.750005432576	1.14330935234	0.794434654422	1.00665863219	0.6944659884	1.04819917835
AH8	0.705735157081	0.767229105848	2.45613861769	1.20485726438	1.06300985017	0.619797278879	1.14252082165	0.629716191397	0.721495611406	0.821960376994	0.689539840503	0.94433737071	0.677557235379	2.1068138086	0.854336940551	0.641066655389	0.451037051716	0.338647689705	1.70580509908	1.23940651039	0.828991333978	0.527032358627	0.560749038183	0.581792556791	1.60932114065	0.732931841469	0.517449753504	0.483020642823	0.713299980667	0.80447702755	0.28220159014	0.0	0.692311087482	0.662390807153	1.15125996133	0.938371918801	0.687949748671	0.888608279362	0.587482928951	0.860353591107	0.758886065732	1.41513081682	1.31374850169	0.875257902368	0.829883054616	0.763423339778	1.17007723538	0.93250138231	1.06811489609	0.949269043016	1.00650227163	1.07018167714	0.713489188014	0.719588970517	0.737208250362	0.689384436926	0.589567390043	1.04285443209	0.633753769937	0.915403499275	0.511360541324	0.934167767037
AA5	0.859258057032	0.65982619623	2.27015653939	1.09874299662	1.01653651039	0.525342933784	1.20237791203	0.34592638956	0.25352282262	0.83668240696	0.485207322378	0.839343354277	0.626563383277	1.92571783954	0.671477626873	0.786083117448	0.46228500725	0.530745756404	1.82040887869	1.33338332044	0.902178912518	0.602363765104	0.443766138231	0.443323122281	1.82404474625	0.883317293378	0.393195901402	0.391858815853	0.599878347028	0.768553953601	0.867180952151	0.692311087482	0.0	0.306089908168	1.2517559014	0.976063566941	0.626818854519	0.603386529725	0.668075137748	0.847968245529	0.747108134364	1.18669367811	1.08137696955	0.654620154664	0.803873707105	0.656585437409	1.32000257129	1.06386604157	1.12603740938	1.09555163364	1.12341152247	1.22289622523	0.840902846786	0.884802861286	0.882487341711	0.864574016433	0.59046380377	1.18735902368	0.643744316095	1.08698348961	0.556770410826	1.06295038666
AA6	0.849669192847	0.631350681489	2.38955585307	1.17228083132	0.979185838569	0.405902653456	1.17773127115	0.351333117448	0.341821179314	0.826027549541	0.468827873369	0.795443692605	0.521573262446	2.03562409377	0.678594707588	0.744923165781	0.505309057516	0.532326520058	1.8670982262	1.37567526825	0.915349207347	0.630063339778	0.516724127598	0.521511019816	1.81584960851	0.867260251329	0.470385355244	0.440986723055	0.720206708555	0.813261213146	0.867583523441	0.662390807153	0.306089908168	0.0	1.10100846786	0.819873049783	0.528111256646	0.653511005317	0.531290807153	0.84758578057	0.617120053166	1.30296679555	1.19394251812	0.678778182697	0.559106515225	0.44097282262	1.16964900918	0.923711329145	0.961973185114	0.904428221363	0.987125915901	1.07304522475	0.67461381827	0.734628709522	0.747425195747	0.701217796037	0.581530927985	1.02292236829	0.651498226196	0.896571503142	0.50716279362	0.912725804737
AB5	1.07233637506	0.903806669889	2.52851711938	1.37782665056	0.803995688739	1.00844484775	1.1898079942	1.07665079749	1.18726644756	0.987010517158	1.2054978492	0.752221565974	0.998861391977	2.1837180232	1.01351080232	0.990648985017	1.20458910585	1.19008022716	1.79316189947	1.37711562591	1.2855280667	1.17553637989	1.37583453842	1.36709790237	1.65018492025	1.10020271629	1.19300789754	1.19476883035	1.28853594973	1.21254076849	1.17952847269	1.15125996133	1.2517559014	1.10100846786	0.0	0.394900599323	0.970823813436	1.08772193813	0.947723450942	0.831556771387	0.811844528758	1.50109435476	1.42519791687	0.995910526825	1.01424954084	1.0224381102	0.845587984534	0.935576326728	0.710626534558	0.718285959401	1.06316016433	0.947079038183	0.808767680039	0.896342532624	0.938416118898	0.874439893668	1.00668606573	0.894058240696	1.00384571774	0.817876297728	1.03518486225	0.953738564524
AB6	0.924441130981	0.690455128081	2.50117231513	1.3055862059	0.794324746254	0.7385060174	1.10673964234	0.796841449976	0.915721836636	0.844055766071	0.968170463992	0.565455166747	0.754451184147	2.15033148864	0.78434322378	0.805535577574	0.992168912518	0.985843156114	1.81659689222	1.35610673272	1.13493677622	0.922144074432	1.13054353794	1.1202519768	1.72117515708	0.9564639826	0.95125239246	0.950756689222	1.02283676172	1.01640992267	1.00681892218	0.938371918801	0.976063566941	0.819873049783	0.394900599323	0.0	0.749888965684	0.838937897535	0.747175727405	0.762224833253	0.612464432093	1.41500296762	1.31525030933	0.76481037216	0.760014132431	0.787812319961	0.767424456259	0.691751580474	0.570444823586	0.524236089899	0.820375476075	0.749965582407	0.615733093282	0.713935340744	0.750117365877	0.695165635573	0.771912832286	0.69454937651	0.772666781054	0.579824958917	0.83317881102	0.706639038183
AC5	0.934611855969	0.76531121798	2.63871309328	1.42210204447	1.01455351861	0.59507419043	1.2964039971	0.54982037216	0.555645244079	0.940169381344	0.484169618173	0.796616070565	0.704811681972	2.28307516675	0.86709701305	0.847822329628	0.54016759304	0.571262435959	1.95255840503	1.47650052199	1.1525918608	0.853141169647	0.642124267762	0.636477452876	1.91389539391	0.986844934751	0.557081029483	0.615439043016	0.917237549541	1.01849040116	0.831446602223	0.687949748671	0.626818854519	0.528111256646	0.970823813436	0.749888965684	0.0	0.843704871919	0.482459395843	0.89208701305	0.682647713871	1.57797217496	1.4686779507	0.864091121315	0.490727554374	0.406577728371	0.97296582407	0.736203562107	0.901216486225	0.807979507008	0.753464654422	0.845794180764	0.567819468342	0.547207380377	0.551151058482	0.548969352344	0.721209995167	0.836809449009	0.805737728371	0.760822721121	0.581972474625	0.704967240213
AC6	0.803613924601	0.529116167231	1.95903391493	0.768551623973	0.746367032383	0.643709511841	0.764267061382	0.542864161431	0.675942701788	0.527015142581	0.854646263896	0.64662939101	0.628648530691	1.60503192847	0.499280115998	0.701018608023	0.827582750121	0.847161807637	1.44068180764	0.951330391493	0.789867298212	0.688895166747	0.857716012566	0.831856853552	1.50773723055	0.735772203963	0.753004499758	0.70306520058	0.511293344611	0.473636433059	0.98447579507	0.888608279362	0.603386529725	0.653511005317	1.08772193813	0.838937897535	0.843704871919	0.0	0.762260352827	0.687255567907	0.64055922668	0.769768656356	0.659721730304	0.297505437409	1.01576697438	0.936774451426	1.17954878202	1.04287899952	0.974917153214	0.948398849686	1.18117841953	1.14872696955	0.846992914451	0.897183958434	0.948387530208	0.874981097148	0.661745442243	1.09910260512	0.644033591107	1.01775344128	0.690149304012	1.06469484775
AD6	0.757799661672	0.592730246496	2.51858037699	1.20226399227	0.831809154181	0.415242953117	1.17267633639	0.468236433059	0.572756471725	0.807341092315	0.525585630739	0.689993455776	0.500037361044	2.1609017448	0.722048666022	0.65042081682	0.515316056066	0.487774533591	1.80804221846	1.345630145	1.04126093282	0.728632503625	0.701218472692	0.688897448043	1.77002749154	0.872823392943	0.573403644273	0.586705495408	0.800500918318	0.866784461092	0.762132522958	0.587482928951	0.668075137748	0.531290807153	0.947723450942	0.747175727405	0.482459395843	0.762260352827	0.0	0.709075437409	0.410740749154	1.44336660222	1.33761144998	0.755995582407	0.679076510391	0.610547564041	0.849281440309	0.605584939584	0.812720898985	0.699302498792	0.70700378927	0.762597974867	0.423104229096	0.463789724505	0.493492300628	0.433748332528	0.51557940551	0.715224456259	0.575045427743	0.66196558724	0.359979874335	0.606458139198
AE5	0.547387955534	0.530052034799	2.30792806187	1.01600489125	0.664429676172	0.723399415176	0.845874374094	0.73767922668	0.915465538908	0.544881082649	1.00314466409	0.62664099565	0.70619338811	1.9526418898	0.63879038666	0.458944470759	0.899391725471	0.843937162881	1.46124674239	1.02806196713	0.967066143064	0.810843281779	1.04114118898	1.00751459642	1.35601143548	0.64317618173	0.876347974867	0.84207118898	0.857254074432	0.77137677622	0.957776872885	0.860353591107	0.847968245529	0.84758578057	0.831556771387	0.762224833253	0.89208701305	0.687255567907	0.709075437409	0.0	0.368365998067	1.17770031899	1.07878729338	0.589621324311	1.09437467376	1.07197670855	0.924633272112	0.885666621556	0.755784088932	0.708110347994	1.03474827453	0.944905060416	0.647511372644	0.708043876269	0.792331498308	0.655354683422	0.575941967134	0.878280405993	0.535277762204	0.798289444176	0.696602329628	0.907088927018
AE6	0.575951034316	0.384024200097	2.39180518608	1.07677920251	0.660569826003	0.490832315128	0.955367341711	0.547819328178	0.694132387627	0.628036379894	0.75183540841	0.552816882552	0.484379772837	2.03265476075	0.525013639439	0.447918066699	0.723918709522	0.701832576124	1.58940700822	1.15290289029	0.983161420976	0.751474886419	0.915127283712	0.886501068149	1.54405303528	0.710402875785	0.732923136781	0.725039681005	0.806522730788	0.770619623006	0.8745700145	0.758886065732	0.747108134364	0.617120053166	0.811844528758	0.612464432093	0.682647713871	0.64055922668	0.410740749154	0.368365998067	0.0	1.27466272112	1.17121342678	0.566672551957	0.867267293378	0.82968578057	0.815951034316	0.68670358144	0.651705437409	0.555634296762	0.841244016433	0.772190468826	0.445053987434	0.504948279362	0.568197796037	0.466493905268	0.465767626873	0.701761725471	0.45710722088	0.615870260996	0.531226993717	0.708834751087
AF5	1.21736066699	1.13000714355	1.35316111165	0.554207617206	1.12941968101	1.3078400145	0.832338907685	1.21833897535	1.25851841469	0.963222754954	1.48381656356	1.19964651522	1.26162725955	1.00723977284	1.03903919285	1.21592701305	1.42459182214	1.43269524891	0.997373470275	0.709545137748	1.16139004833	1.16849460126	1.35788267762	1.37230140164	1.45687461576	1.15361099082	1.34119765104	1.24792654906	0.946865625906	0.89044319478	1.4653680957	1.41513081682	1.18669367811	1.30296679555	1.50109435476	1.41500296762	1.57797217496	0.769768656356	1.44336660222	1.17770031899	1.27466272112	0.0	0.156301541808	0.88331922668	1.68248724988	1.60466836636	1.68621723538	1.60435666506	1.48742913485	1.51049720155	1.74698899952	1.72136884969	1.47135256162	1.54856534558	1.58805596423	1.52355309812	1.23023289995	1.6765238086	1.18524931368	1.59085661672	1.34550677622	1.64244620106
AF6	1.12873420493	1.02343189464	1.44180649106	0.475564103432	1.03905313195	1.20436657322	0.743734804253	1.11042621073	1.16888181247	0.853510811986	1.38757051716	1.10821964717	1.15420155147	1.08911471242	0.936319893668	1.1148680812	1.32842000483	1.33159949734	1.02556755921	0.700897631706	1.07759778637	1.07460958917	1.25738925568	1.27130913001	1.44737087965	1.05584187047	1.23188267279	1.13876171097	0.846869255679	0.792552953117	1.37466554857	1.31374850169	1.08137696955	1.19394251812	1.42519791687	1.31525030933	1.4686779507	0.659721730304	1.33761144998	1.07878729338	1.17121342678	0.156301541808	0.0	0.776624983084	1.57533360561	1.49663427743	1.60689760754	1.50935053166	1.39941698888	1.42013346544	1.64731550024	1.62800884485	1.36786308362	1.44420539874	1.48420666989	1.42022470275	1.12375076849	1.58086944901	1.07647684872	1.49735347028	1.24521880619	1.54672561624
AG5	0.707318250362	0.444970691155	2.04464507492	0.79249701305	0.621935418076	0.596415538908	0.745244852586	0.57117482842	0.705224349927	0.504405558241	0.856506065732	0.54124542291	0.60218956984	1.68990742871	0.44312338811	0.607409797003	0.831713533108	0.824880555824	1.44847180764	0.960234862252	0.74681956984	0.68121359594	0.905008554857	0.882847307878	1.42226641856	0.680766563557	0.787260908652	0.729667080715	0.549888255196	0.479323649106	0.989916524891	0.875257902368	0.654620154664	0.678778182697	0.995910526825	0.76481037216	0.864091121315	0.297505437409	0.755995582407	0.589621324311	0.566672551957	0.88331922668	0.776624983084	0.0	0.990812837119	0.946415065249	1.07343962301	0.990522339294	0.868275998067	0.857601309811	1.12887878202	1.06411778154	0.745787042049	0.836140299662	0.908321242146	0.785980531658	0.622087322378	1.01814252296	0.600865331078	0.939397496375	0.685387849203	1.0085000725
