	AA3	AA4	AB3	AB4	AC3	AC4	AD3	AD4	AE3	AE4	AF3	AF4	AG3	AG4	AH3	AH4	AA7	AA8	AB7	AB8	AC7	AC8	AD7	AD8	AE7	AE8	AF7	AF8	AG7	AG8	AH7	AH8	AA5	AA6	AB5	AB6	AC5	AC6	AD6	AE5	AE6	AF5	AF6	AG5	AH5	AH6	AA1	AA2	AB1	AB2	AC1	AC2	AD1	AD2	AE1	AE2	AF1	AF2	AG1	AG2	AH1	AH2
AA3	0.0	0.518460270662	2.24590857902	0.955629284679	0.864503069116	0.733296481392	0.83847738521	0.738686360561	0.875692537458	0.680046911551	0.948029241179	0.748127283712	0.676352107298	1.91692712421	0.738650376994	0.290231097148	0.756198342194	0.745147394877	1.44667480425	1.05660045916	0.807976868052	0.655025113581	0.888867211213	0.862867699372	1.36758788787	0.582062112131	0.734286916385	0.676072735621	0.673921256646	0.64628060899	0.738114958917	0.689857699372	0.824479487675	0.796055447076	1.06496774287	0.879580497825	0.896203939101	0.756474132431	0.788882334461	0.561284668922	0.547660265829	1.28927352344	1.19131908652	0.699125403577	1.11878097148	1.00258270662	0.994353600773	0.964111981634	0.873349845336	0.817966259062	1.06471059932	0.988448115031	0.648377970034	0.682148675689	0.770386607057	0.675754891252	0.522701358144	0.927705558241	0.503614659256	0.876579236346	0.61971359594	0.916242266796
AA4	0.518460270662	0.0	2.23604866602	0.869297404543	0.631809439343	0.5819819913	0.781811913968	0.524117602707	0.73527861769	0.595472237796	0.848602725955	0.474937549541	0.470467032383	1.90709304012	0.278226578057	0.299471947801	0.710209178347	0.695139661672	1.5629597245	1.07986318511	0.842111377477	0.626989830836	0.891947452876	0.848373769937	1.46556492025	0.612343765104	0.715560033833	0.644165360077	0.674200019333	0.689010971484	0.876049632673	0.725289492508	0.653194876752	0.607563779604	0.891308245529	0.661219415176	0.777770173997	0.551218076365	0.651899366844	0.526102010633	0.423868695022	1.22424948284	1.1302400435	0.470357825036	0.984550550991	0.841724707588	0.928165712905	0.859050821653	0.701748240696	0.708018467859	0.985947689705	0.900684635089	0.609151996133	0.635978477525	0.703545398743	0.613383291445	0.450296708555	0.838393900435	0.434344712421	0.767166911551	0.511592068632	0.783220942484
AB3	2.24590857902	2.23604866602	0.0	1.49099536008	2.16011854036	2.37869410826	1.93684786854	2.27769752054	2.35143856452	2.06709798453	2.51457640889	2.25573463509	2.30658528758	0.369950135331	2.14079030449	2.26121269696	2.47158379894	2.49894478975	1.17904871919	1.43570541324	1.9646222378	2.16698400677	2.41215596423	2.38764636056	1.89255286129	2.16720751087	2.34726479459	2.2873438086	1.88366626873	1.83290524408	2.43720777187	2.46208201547	2.2750179652	2.35729602223	2.53443045433	2.46609486709	2.60518211696	1.98693304495	2.52451494442	2.26029458192	2.35493884002	1.27111147898	1.34894532624	2.05878008217	2.75229750604	2.62116529241	2.65281369261	2.69195482842	2.51712403093	2.58288220396	2.76970067666	2.72672027066	2.55185446593	2.56309426776	2.62451681005	2.56863735138	2.28941070082	2.66751144998	2.30569981634	2.64553640889	2.4065677332	2.66922022233
AB4	0.955629284679	0.869297404543	1.49099536008	0.0	0.853669308845	1.00353224263	0.742936558724	0.96089481392	1.13403958917	0.767977520541	1.21203610923	0.908465268246	0.850901169647	1.1501538376	0.809328883519	0.887197008217	1.15052064766	1.16211695022	1.03731938134	0.532326495892	0.901065708072	0.887788608023	1.15075247463	1.10343458676	1.27274432576	0.872491474142	1.07540521025	0.999553600773	0.622273924601	0.625163542774	1.25307606573	1.14541573224	1.05870097148	1.06010391977	1.31811258096	1.18559172547	1.31483887869	0.711453141614	1.16715998067	0.889265263412	0.979771831803	0.658331788304	0.59316818753	0.738967409377	1.45684016433	1.31494484775	1.3996259884	1.38678479459	1.23166717255	1.26759082649	1.50260095698	1.44007166747	1.20286937168	1.22258809087	1.30748231029	1.22395279845	0.960652054132	1.37974168681	0.972081469309	1.33201448526	1.05258061866	1.35458144031
AC3	0.864503069116	0.631809439343	2.16011854036	0.853669308845	0.0	0.770063349444	0.784867626873	0.789775703238	1.00143680522	0.673011082649	1.08412211213	0.31492157564	0.809624291928	1.83136507008	0.645251464476	0.725414688255	1.02632755921	1.00935433059	1.4502098115	1.02558666989	1.06091336394	0.986851208313	1.26249558724	1.20280179797	1.29505621556	0.845640618656	1.08213338811	1.02924461092	0.867993798937	0.863673508942	1.201419855	1.05512822136	0.993864122765	0.968068801353	0.80876017883	0.7154260029	0.991442368294	0.723143165781	0.862369540841	0.673493663606	0.719158675689	1.17118507975	1.10727535041	0.631138632189	1.20089603673	1.08763370227	0.878673006283	0.962401053649	0.709428883519	0.793139623006	1.07448928951	0.953745277912	0.754009980667	0.802110449493	0.891299990333	0.793611483809	0.835734016433	0.884732174964	0.800568661189	0.889655016916	0.837993929435	0.92304539391
AC4	0.733296481392	0.5819819913	2.37869410826	1.00353224263	0.770063349444	0.0	1.07309788787	0.326272982117	0.441350884485	0.860706988884	0.365709521508	0.556496254229	0.443971372644	2.04726936684	0.673493721605	0.59913742871	0.56625818753	0.540484185597	1.83580112615	1.32107550024	0.916163518608	0.583379294345	0.643677448043	0.597253412276	1.73794979217	0.775403900435	0.549376167231	0.513801029483	0.670469076849	0.779918608023	0.818484248429	0.604804378927	0.452190700822	0.378544755921	0.980567684872	0.741755606573	0.530789671339	0.607691880135	0.394116708555	0.785831048816	0.495147709038	1.38143384244	1.29529251329	0.580451754471	0.697353296278	0.535647404543	1.04613834703	0.843447351377	0.808403359111	0.808428115031	0.870659753504	0.950999415176	0.588723528275	0.623117926535	0.6327340116	0.619987718705	0.588715741904	0.952130526825	0.620362817786	0.783067752537	0.418063156114	0.781765418076
AD3	0.83847738521	0.781811913968	1.93684786854	0.742936558724	0.784867626873	1.07309788787	0.0	0.902881251812	1.23077279362	0.310550318995	1.31199558724	0.863266795553	0.997499381344	1.60691883519	0.761070517158	0.829365940068	1.16449151281	1.17119675689	1.33313629773	0.863392556791	0.824634900918	0.896485717738	1.26793843886	1.21875551474	1.2273381102	0.818101749638	1.10848465926	1.03100407927	0.796993615273	0.704134117931	1.12684809087	1.09257318995	1.12901056066	1.07875514258	1.14449292895	1.01082838086	1.20502609957	0.696164441759	1.12740550991	0.734424238763	0.882166476559	0.868274417593	0.764978115031	0.709729159014	1.37937082649	1.27612527308	1.29968927501	1.34421941034	1.11238425326	1.14416572257	1.47077474142	1.35430273562	1.10761741421	1.13310468826	1.22130818753	1.10130459159	0.891188893185	1.27862418076	0.892812247463	1.18881348961	1.07820249396	1.25858271629
AD4	0.738686360561	0.524117602707	2.27769752054	0.96089481392	0.789775703238	0.326272982117	0.902881251812	0.0	0.366818018366	0.66760619623	0.539133030449	0.596335490575	0.496801657806	1.94543160947	0.565927332044	0.567012518125	0.577204171097	0.571907336878	1.77972813436	1.25390980667	0.876962126631	0.537546331561	0.624646244563	0.567679473175	1.70783466409	0.741043281779	0.531319511841	0.490747100048	0.567923905268	0.704821266312	0.80088720638	0.612354403093	0.364977264379	0.352211570807	1.04450551957	0.785514301595	0.571682933784	0.490627481875	0.463575558241	0.732595273079	0.487647187047	1.26039594007	1.16631148864	0.496075669406	0.75345481392	0.586758182697	1.10763442243	0.894010251329	0.896011710971	0.888187999033	0.942042962784	1.01184885935	0.666837293378	0.663355674239	0.656756350894	0.675051691638	0.569873653939	1.0163960754	0.602169719671	0.856161681972	0.474578361527	0.837692561624
AE3	0.875692537458	0.73527861769	2.35143856452	1.13403958917	1.00143680522	0.441350884485	1.23077279362	0.366818018366	0.0	0.997017419043	0.374270381827	0.800992484292	0.610684934751	2.02475257612	0.759935693572	0.750644678589	0.532390202997	0.550977747704	1.96178299178	1.4571437651	1.01100780087	0.683891512808	0.454891909135	0.435717781537	1.9188937941	0.944712561624	0.490509052682	0.520237162881	0.747327820203	0.908163305945	0.895970241663	0.721046756887	0.277225326245	0.348035079749	1.18358676655	0.942200420493	0.533112174964	0.708277709038	0.538543852102	0.994983934268	0.696093837603	1.38028077332	1.30086681972	0.715112479459	0.795005418076	0.561088583857	1.24137689705	1.01410798937	1.06873331561	1.02924281779	1.03830947801	1.15011737554	0.798548893185	0.805292609956	0.781697820203	0.820003020783	0.729757733204	1.16281986467	0.769740130498	0.994288487192	0.567864683422	0.964616244563
AE4	0.680046911551	0.595472237796	2.06709798453	0.767977520541	0.673011082649	0.860706988884	0.310550318995	0.66760619623	0.997017419043	0.0	1.09446660222	0.666275142581	0.81012919768	1.73522431126	0.601376176897	0.625073069116	0.938176341228	0.943777051716	1.43747491058	0.947140275495	0.759137747704	0.692485268246	1.0516159884	1.0008080377	1.30903550507	0.638816080232	0.887550338328	0.80764582407	0.61435942001	0.596862194297	0.955968946351	0.874111764137	0.901674596423	0.857635128081	1.00058718221	0.870188356694	0.990709893668	0.544365152247	0.880298342194	0.542499864669	0.647408521025	1.00361715805	0.90749257129	0.533664881585	1.1889478637	1.08216550024	1.11881537941	1.16621564524	0.958618719188	0.978938438859	1.29162597873	1.17966377477	0.913565287579	0.922955016916	1.00359166264	0.90502900435	0.696249574674	1.10369104882	0.686214311261	1.02159683905	0.847693450942	1.08085610923
AF3	0.948029241179	0.848602725955	2.51457640889	1.21203610923	1.08412211213	0.365709521508	1.31199558724	0.539133030449	0.374270381827	1.09446660222	0.0	0.865734871919	0.676104490092	2.18662231996	0.920947022716	0.853219768004	0.510043745771	0.49379961334	2.05185466892	1.53853083132	1.09120832286	0.782111599807	0.415594625423	0.392358071532	1.99139762204	1.01786924601	0.525973160947	0.627216486225	0.857482774287	1.00264059932	0.846347419043	0.662900106332	0.461096230063	0.481904475592	1.16572758821	0.970301000483	0.447168347028	0.830777341711	0.466336263896	1.04017769937	0.73971956984	1.54867874335	1.46515345094	0.824173455776	0.708839386177	0.500573910101	1.21174612856	0.980713112615	1.07354158047	1.01191361527	1.00701900918	1.0899861044	0.773118859352	0.748177549541	0.755040739488	0.752500188497	0.836981145481	1.09398635089	0.864178438859	0.94114141131	0.568495896568	0.919216563557
AF4	0.748127283712	0.474937549541	2.25573463509	0.908465268246	0.31492157564	0.556496254229	0.863266795553	0.596335490575	0.800992484292	0.666275142581	0.865734871919	0.0	0.62249037216	1.92508106815	0.522010130498	0.575152619623	0.86053139681	0.84939381827	1.59565073949	1.09443663606	0.93929337361	0.800585505075	1.07158028516	1.0123739391	1.45812668439	0.704575099082	0.902831329145	0.850463363944	0.750813905268	0.744405031416	1.04241351377	0.895154881585	0.798700826486	0.766167341711	0.767797423876	0.555750362494	0.789192295795	0.600379482842	0.689183267279	0.619280236829	0.57995078782	1.2252280957	1.15822475592	0.50562261479	0.967474664089	0.837659453842	0.820403011116	0.800167887869	0.593620357661	0.644412431126	0.92033280812	0.829463924601	0.588426191397	0.64544462059	0.707788419526	0.661100164331	0.675433320445	0.768462837119	0.658666244563	0.7184199855	0.67997139681	0.753788806187
AG3	0.676352107298	0.470467032383	2.30658528758	0.850901169647	0.809624291928	0.443971372644	0.997499381344	0.496801657806	0.610684934751	0.81012919768	0.676104490092	0.62249037216	0.0	1.96529765587	0.498525181247	0.502637501208	0.570132344128	0.559104499758	1.73614163364	1.22714675689	0.895195297245	0.573299473175	0.699745911068	0.68245518608	1.60742932334	0.688137554374	0.588712730788	0.557665606573	0.641068927018	0.737285292412	0.82811421943	0.643497916868	0.581344035766	0.507217636539	1.00453815853	0.788311754471	0.708912237796	0.5931219768	0.562556906718	0.711357240213	0.471919333011	1.32025325761	1.22878859352	0.556270821653	0.885639139681	0.717665331078	1.01063824553	0.827114519091	0.816257138714	0.793528535524	0.940816172064	0.924419342678	0.571168637023	0.620867868536	0.704561981634	0.607719188014	0.485145761237	0.936330425326	0.494625055582	0.791395944901	0.401118269696	0.778808032866
AG4	1.91692712421	1.90709304012	0.369950135331	1.1501538376	1.83136507008	2.04726936684	1.60691883519	1.94543160947	2.02475257612	1.73522431126	2.18662231996	1.92508106815	1.96529765587	0.0	1.8149840261	1.9304759594	2.14788292412	2.17336756887	0.936469681005	1.11915693088	1.64510954084	1.84651714838	2.08918302562	2.06478618173	1.64196292895	1.84433576124	2.02432352344	1.96645969551	1.56261160947	1.50337119381	2.12950691638	2.14044144998	1.94712698888	2.02436407927	2.21114388594	2.13557057999	2.27858432576	1.66136172064	2.19231711455	1.92598098598	2.01950928468	0.949567684872	1.02613289995	1.72879737071	2.42733917351	2.29021698405	2.31767320445	2.36094341711	2.18622925568	2.25047543258	2.44557774287	2.39509847753	2.21959117448	2.23174117448	2.30021106332	2.2372640841	1.95899892218	2.33627538908	1.97548199613	2.31258188497	2.07677260996	2.34077347994
AH3	0.738650376994	0.278226578057	2.14079030449	0.809328883519	0.645251464476	0.673493721605	0.761070517158	0.565927332044	0.759935693572	0.601376176897	0.920947022716	0.522010130498	0.498525181247	1.8149840261	0.0	0.507861551474	0.780416607057	0.791092261962	1.56478926051	1.07141378444	0.853592638956	0.696660633156	0.901579415176	0.883249424843	1.47734799903	0.717817873369	0.78145897535	0.718835949734	0.643494224263	0.666709874335	1.01189586274	0.860507051716	0.683808849686	0.661743948768	1.00940713871	0.776329772837	0.895426988884	0.491908453359	0.773966940551	0.628981512808	0.572548438859	1.10084839536	1.01690257129	0.43623580957	1.08785659739	0.929764238763	1.04401295795	0.95747582407	0.844581623973	0.849268206863	1.07810074432	1.02338906718	0.776090067666	0.790863692605	0.847252237796	0.78246240696	0.563381150314	0.969000865152	0.549260270662	0.901298922185	0.646823421943	0.900547655872
AH4	0.290231097148	0.299471947801	2.26121269696	0.887197008217	0.725414688255	0.59913742871	0.829365940068	0.567012518125	0.750644678589	0.625073069116	0.853219768004	0.575152619623	0.502637501208	1.9304759594	0.507861551474	0.0	0.651267776704	0.634196452392	1.51289960851	1.07126950701	0.850315176414	0.592780067666	0.809649231513	0.759723281779	1.44185706138	0.567193721605	0.651327515708	0.58589340261	0.629809163847	0.660485935234	0.778054446593	0.621620434993	0.693777419043	0.647807878202	0.961222464959	0.737320758821	0.786280903818	0.600791155147	0.662727863702	0.482717061382	0.4100000145	1.27691966167	1.1830801595	0.549364910585	1.00346863702	0.870422416626	0.938052315128	0.863024722088	0.76042679072	0.722029594007	0.975904896085	0.887573083615	0.574729888835	0.607881348478	0.682590782987	0.585161261479	0.382208704688	0.851134905752	0.355813634606	0.77289059449	0.501267970034	0.792225698405
AA7	0.756198342194	0.710209178347	2.47158379894	1.15052064766	1.02632755921	0.56625818753	1.16449151281	0.577204171097	0.532390202997	0.938176341228	0.510043745771	0.86053139681	0.570132344128	2.14788292412	0.780416607057	0.651267776704	0.0	0.135580971484	1.83396449493	1.35269942968	0.994118351861	0.623274746254	0.426129864669	0.429851135814	1.76325990817	0.82683839536	0.34535419043	0.3976520058	0.740057694538	0.869367805703	0.639166215563	0.378679115515	0.493439801837	0.491618786854	1.20383071532	1.02098904785	0.519058250362	0.810423890768	0.491912247463	0.892626249396	0.67042237796	1.50400524408	1.41740169164	0.81307542291	0.814513214113	0.596109864669	1.15028162881	0.927090855486	1.07329511841	0.996961488642	0.930419371677	1.03089142581	0.70462242146	0.692955901402	0.689357709038	0.698722513291	0.543671967134	1.0271917303	0.573782203963	0.944992928951	0.471186215563	0.884321623973
AA8	0.745147394877	0.695139661672	2.49894478975	1.16211695022	1.00935433059	0.540484185597	1.17119675689	0.571907336878	0.550977747704	0.943777051716	0.49379961334	0.84939381827	0.559104499758	2.17336756887	0.791092261962	0.634196452392	0.135580971484	0.0	1.82594897535	1.34898659739	0.985603354277	0.608374461092	0.442625877235	0.43904720638	1.7463182117	0.811529458676	0.351310299662	0.394586046399	0.751400618656	0.868815882069	0.590548675689	0.333676781054	0.494967143548	0.49071338811	1.16954110198	0.997374726921	0.49297882552	0.812572257129	0.454502237796	0.86025977767	0.64356460609	1.53348723055	1.44447123731	0.79864442726	0.770949555341	0.569761391977	1.13121076849	0.894055722571	1.03842710971	0.954641387144	0.897775306912	0.995343639439	0.681554016433	0.656884963751	0.648058119865	0.664523668439	0.568963378444	1.00141092315	0.58929320928	0.902914248429	0.447216959884	0.845001793137
AB7	1.44667480425	1.5629597245	1.17904871919	1.03731938134	1.4502098115	1.83580112615	1.33313629773	1.77972813436	1.96178299178	1.43747491058	2.05185466892	1.59565073949	1.73614163364	0.936469681005	1.56478926051	1.51289960851	1.83396449493	1.82594897535	0.0	0.572432508458	1.50263801353	1.60267852586	1.95099454326	1.91766624456	1.07454680039	1.45289642339	1.80499245046	1.72539668439	1.35728324311	1.20664901402	1.73337952634	1.75674324311	1.86368713871	1.87975740454	1.86808266312	1.81733885935	1.98643308845	1.50629898985	1.92476080232	1.4616601885	1.63534562591	0.979559656839	1.0162519188	1.52539956017	2.18594889319	2.07983529725	1.92444072982	1.98294526825	1.81745156114	1.8201157854	2.07612086999	1.99823675205	1.80735285162	1.80594453359	1.87744029	1.82347730304	1.64118260996	1.92262187047	1.61693127115	1.91232978734	1.7779960754	1.95493466409
AB8	1.05660045916	1.07986318511	1.43570541324	0.532326495892	1.02558666989	1.32107550024	0.863392556791	1.25390980667	1.4571437651	0.947140275495	1.53853083132	1.09443663606	1.22714675689	1.11915693088	1.07141378444	1.07126950701	1.35269942968	1.34898659739	0.572432508458	0.0	1.03705260029	1.09281693088	1.438070145	1.40135266312	1.13034136781	0.986004929918	1.28306990817	1.20859892702	0.812366288062	0.691085930401	1.29895263412	1.29239764621	1.3559519913	1.36586187047	1.43273141131	1.33393826003	1.48975349444	0.995671942968	1.41747636539	1.04516594973	1.1877742001	0.701887158047	0.68100459159	1.01138535041	1.70201455776	1.56174611406	1.56916315611	1.56786018366	1.39828504592	1.40900616723	1.67086644756	1.60920715321	1.41178438376	1.39905652972	1.470100174	1.41486821653	1.166099797	1.55129942484	1.17597543741	1.49082750604	1.28065554374	1.53620202997
AC7	0.807976868052	0.842111377477	1.9646222378	0.901065708072	1.06091336394	0.916163518608	0.824634900918	0.876962126631	1.01100780087	0.759137747704	1.09120832286	0.93929337361	0.895195297245	1.64510954084	0.853592638956	0.850315176414	0.994118351861	0.985603354277	1.50263801353	1.03705260029	0.0	0.479215630739	1.00237934268	0.95800637506	1.40120643789	0.711907506042	0.903878786854	0.790976515225	0.564773291445	0.5404900145	0.866505775737	0.833170468826	0.892803769937	0.888687182214	1.25481787337	1.10604896568	1.12840336878	0.765767462542	1.06590753504	0.937583992267	0.929505630739	1.1733737361	1.08216246979	0.732098753021	1.14830330111	1.03983302078	1.45832523925	1.43850242146	1.23829546158	1.25422238279	1.5337797825	1.48520297245	1.12036431126	1.14954908168	1.23146708072	1.13811096665	0.887022063799	1.41027387144	0.903298622523	1.28044471725	0.933185350411	1.37254374577
AC8	0.655025113581	0.626989830836	2.16698400677	0.887788608023	0.986851208313	0.583379294345	0.896485717738	0.537546331561	0.683891512808	0.692485268246	0.782111599807	0.800585505075	0.573299473175	1.84651714838	0.696660633156	0.592780067666	0.623274746254	0.608374461092	1.60267852586	1.09281693088	0.479215630739	0.0	0.665653658772	0.633299879169	1.50592584824	0.588573518608	0.476070057999	0.358578922185	0.432983160947	0.532101488642	0.641713035283	0.524689492508	0.552631541808	0.553265152247	1.13248882552	0.898324644756	0.794757684872	0.62074141131	0.697724258096	0.770676810053	0.639857723538	1.22752476559	1.14276065249	0.633321565974	0.906438071532	0.757798646689	1.27641952634	1.07615342194	1.0343682407	1.00693518125	1.17474192847	1.18236445143	0.802941788304	0.805058458192	0.867418535524	0.809432774287	0.521175596907	1.17484861286	0.5832720203	0.964806457226	0.566559473175	1.01122592073
AD7	0.888867211213	0.891947452876	2.41215596423	1.15075247463	1.26249558724	0.643677448043	1.26793843886	0.624646244563	0.454891909135	1.0516159884	0.415594625423	1.07158028516	0.699745911068	2.08918302562	0.901579415176	0.809649231513	0.426129864669	0.442625877235	1.95099454326	1.438070145	1.00237934268	0.665653658772	0.0	0.147741677139	1.90691810536	0.894902576124	0.384220323828	0.476190869985	0.741040183664	0.889675157081	0.747873392943	0.582046747221	0.469502329628	0.520505374577	1.36307664572	1.15968009183	0.619168182697	0.842909318511	0.657100923151	1.04400318995	0.833372513291	1.45293267279	1.3697942146	0.895762735621	0.864478864186	0.632004562591	1.36949630739	1.13150232479	1.25930544708	1.20216357177	1.1384120493	1.25471705655	0.941795253746	0.904656437893	0.882762982117	0.92583057999	0.745576215563	1.26793503142	0.796923591107	1.13790486225	0.619266587724	1.07683870952
AD8	0.862867699372	0.848373769937	2.38764636056	1.10343458676	1.20280179797	0.597253412276	1.21875551474	0.567679473175	0.435717781537	1.0008080377	0.392358071532	1.0123739391	0.68245518608	2.06478618173	0.883249424843	0.759723281779	0.429851135814	0.43904720638	1.91766624456	1.40135266312	0.95800637506	0.633299879169	0.147741677139	0.0	1.83547846786	0.824161507975	0.369674886419	0.459699468342	0.698086065732	0.846905099082	0.725461150314	0.554738980184	0.463738419526	0.504067293378	1.32326063316	1.11345190913	0.593466689222	0.786587950701	0.623822890285	0.990693131948	0.784353069116	1.42938072015	1.34219217013	0.834800565491	0.833772015466	0.619071865636	1.33540352344	1.10638336394	1.21794169164	1.15065864669	1.11906567424	1.22516669889	0.904471246979	0.87155861769	0.85761900435	0.893657844369	0.739082300628	1.24006218946	0.786484156597	1.09012501208	0.584958579024	1.04750912518
AE7	1.36758788787	1.46556492025	1.89255286129	1.27274432576	1.29505621556	1.73794979217	1.2273381102	1.70783466409	1.9188937941	1.30903550507	1.99139762204	1.45812668439	1.60742932334	1.64196292895	1.47734799903	1.44185706138	1.76325990817	1.7463182117	1.07454680039	1.13034136781	1.40120643789	1.50592584824	1.90691810536	1.83547846786	0.0	1.03353538424	1.75988346544	1.67275144998	1.34555720638	1.27361401643	1.57304553407	1.61382774287	1.82283788304	1.81096869019	1.69484663122	1.6898118753	1.9083539246	1.51381104882	1.84474336878	1.33539825036	1.56938849203	1.44486930884	1.4482881247	1.4660822523	2.02967564524	1.94079549541	1.70652452392	1.84694737071	1.62384910101	1.62831107298	1.96455081199	1.80571932818	1.66339059449	1.6666239681	1.75971258096	1.64463483325	1.56818603673	1.73899086515	1.53872703238	1.7469159884	1.69835801353	1.82585960851
AE8	0.582062112131	0.612343765104	2.16720751087	0.872491474142	0.845640618656	0.775403900435	0.818101749638	0.741043281779	0.944712561624	0.638816080232	1.01786924601	0.704575099082	0.688137554374	1.84433576124	0.717817873369	0.567193721605	0.82683839536	0.811529458676	1.45289642339	0.986004929918	0.711907506042	0.588573518608	0.894902576124	0.824161507975	1.03353538424	0.0	0.781905355244	0.694288661189	0.606277520541	0.562085843403	0.743548342194	0.696887496375	0.847698226196	0.831100362494	1.07775328661	0.914932953117	0.950643122281	0.707749478009	0.882434509425	0.61556277912	0.654042271629	1.22954621073	1.1402382117	0.674811652972	1.1174522958	1.00860611406	1.15777724021	1.11497165781	0.942836529725	0.941554354761	1.22260551957	1.1821020203	0.866805998067	0.862201082649	0.942683847269	0.863763760271	0.67030622523	1.11996741904	0.667476104398	0.998329787337	0.747393349444	1.05794385694
AF7	0.734286916385	0.715560033833	2.34726479459	1.07540521025	1.08213338811	0.549376167231	1.10848465926	0.531319511841	0.490509052682	0.887550338328	0.525973160947	0.902831329145	0.588712730788	2.02432352344	0.78145897535	0.651327515708	0.34535419043	0.351310299662	1.80499245046	1.28306990817	0.903878786854	0.476070057999	0.384220323828	0.369674886419	1.75988346544	0.781905355244	0.0	0.187984417593	0.631611440309	0.745795693572	0.646662774287	0.502926442726	0.427975712905	0.454289565007	1.1796581102	0.971851851136	0.541938550024	0.736435529241	0.527362658289	0.879117791203	0.649143866602	1.39851197197	1.30574298695	0.772124151764	0.836099961334	0.633091459642	1.21851349928	1.01491859836	1.07998340261	1.03372450459	1.02382757854	1.12324471725	0.789033064282	0.782198656356	0.782058337361	0.804018994683	0.552746621556	1.11636738038	0.613625432576	0.982727080715	0.487039362011	0.947684659256
AF8	0.676072735621	0.644165360077	2.2873438086	0.999553600773	1.02924461092	0.513801029483	1.03100407927	0.490747100048	0.520237162881	0.80764582407	0.627216486225	0.850463363944	0.557665606573	1.96645969551	0.718835949734	0.58589340261	0.3976520058	0.394586046399	1.72539668439	1.20859892702	0.790976515225	0.358578922185	0.476190869985	0.459699468342	1.67275144998	0.694288661189	0.187984417593	0.0	0.572074514258	0.679698864186	0.643776771387	0.472085640406	0.440154436926	0.430044954084	1.1366360029	0.930206737554	0.59558940551	0.673483436443	0.524868264862	0.823653305945	0.618074886419	1.3265121943	1.23626667956	0.70241157564	0.833560405993	0.676825427743	1.20345757854	0.999759739004	1.03796785887	1.00956596423	1.01461561141	1.1080897535	0.757382189464	0.769965239246	0.772993958434	0.781068274529	0.496142928951	1.1008457564	0.558669424843	0.966184731754	0.475367046883	0.931376848719
AG7	0.673921256646	0.674200019333	1.88366626873	0.622273924601	0.867993798937	0.670469076849	0.796993615273	0.567923905268	0.747327820203	0.61435942001	0.857482774287	0.750813905268	0.641068927018	1.56261160947	0.643494224263	0.629809163847	0.740057694538	0.751400618656	1.35728324311	0.812366288062	0.564773291445	0.432983160947	0.741040183664	0.698086065732	1.34555720638	0.606277520541	0.631611440309	0.572074514258	0.0	0.228017699372	0.797686877719	0.712895128081	0.657543895602	0.697450749154	1.22069412276	0.977926326728	0.89819481392	0.461940889319	0.808261957467	0.777282513291	0.672221116481	0.995090575157	0.911828704688	0.472088303528	1.10010932334	0.940149125181	1.30823397777	1.15652681005	1.11155791687	1.08700341711	1.2463478347	1.21997301595	0.909483895602	0.906118960851	0.976332474625	0.923970541324	0.659297201547	1.2119138811	0.68597921218	1.07704627356	0.712998593523	1.10220099082
AG8	0.64628060899	0.689010971484	1.83290524408	0.625163542774	0.863673508942	0.779918608023	0.704134117931	0.704821266312	0.908163305945	0.596862194297	1.00264059932	0.744405031416	0.737285292412	1.50337119381	0.666709874335	0.660485935234	0.869367805703	0.868815882069	1.20664901402	0.691085930401	0.5404900145	0.532101488642	0.889675157081	0.846905099082	1.27361401643	0.562085843403	0.745795693572	0.679698864186	0.228017699372	0.0	0.855855519575	0.809140686322	0.803533011116	0.808345683905	1.20374866119	0.997295558241	1.00077289029	0.506749840503	0.91888662639	0.755640251329	0.73985838086	0.961461759304	0.871352126631	0.514457235379	1.18302555341	1.03164910585	1.30734541324	1.24429902852	1.10820947801	1.13182221846	1.34246440309	1.30652666506	0.982185925568	0.968819260512	1.04553804253	0.991181068149	0.732342576124	1.24008534558	0.753771246979	1.16122501692	0.794713354277	1.18722657806
AH7	0.738114958917	0.876049632673	2.43720777187	1.25307606573	1.201419855	0.818484248429	1.12684809087	0.80088720638	0.895970241663	0.955968946351	0.846347419043	1.04241351377	0.82811421943	2.12950691638	1.01189586274	0.778054446593	0.639166215563	0.590548675689	1.73337952634	1.29895263412	0.866505775737	0.641713035283	0.747873392943	0.725461150314	1.57304553407	0.743548342194	0.646662774287	0.643776771387	0.797686877719	0.855855519575	0.0	0.317337172547	0.859189410343	0.855920246496	1.16505143064	1.01675764137	0.795461739971	0.949414697922	0.782559874335	0.94069218463	0.820708864186	1.5178777042	1.42689565007	0.959419753504	0.970540657322	0.900352803287	1.27748296278	1.0800321798	1.15138583857	1.05519472209	1.14511386177	1.17646733688	0.865423832769	0.810222281295	0.843236636056	0.819834142098	0.749478037699	1.18811147898	0.772998463026	0.998114195263	0.718085954567	1.02976602223
AH8	0.689857699372	0.725289492508	2.46208201547	1.14541573224	1.05512822136	0.604804378927	1.09257318995	0.612354403093	0.721046756887	0.874111764137	0.662900106332	0.895154881585	0.643497916868	2.14044144998	0.860507051716	0.621620434993	0.378679115515	0.333676781054	1.75674324311	1.29239764621	0.833170468826	0.524689492508	0.582046747221	0.554738980184	1.61382774287	0.696887496375	0.502926442726	0.472085640406	0.712895128081	0.809140686322	0.317337172547	0.0	0.67609358144	0.651219516675	1.1132518318	0.938123030449	0.643467138714	0.831438066699	0.576180410826	0.828143779604	0.677147477042	1.5042959014	1.41726032383	0.833687539874	0.818720845819	0.700471648139	1.1755858289	0.955783310778	1.02529527791	0.948694253262	0.978004490092	1.05600173514	0.724898666022	0.688405621073	0.691440845819	0.696886346061	0.596347931368	1.06473768004	0.629848511358	0.882985239246	0.517293750604	0.903679221846
AA5	0.824479487675	0.653194876752	2.2750179652	1.05870097148	0.993864122765	0.452190700822	1.12901056066	0.364977264379	0.277225326245	0.901674596423	0.461096230063	0.798700826486	0.581344035766	1.94712698888	0.683808849686	0.693777419043	0.493439801837	0.494967143548	1.86368713871	1.3559519913	0.892803769937	0.552631541808	0.469502329628	0.463738419526	1.82283788304	0.847698226196	0.427975712905	0.440154436926	0.657543895602	0.803533011116	0.859189410343	0.67609358144	0.0	0.254315389077	1.2003298115	0.931403678105	0.589289342678	0.58439701305	0.580291130981	0.874592991783	0.638377597873	1.27120235863	1.18690876269	0.60275040116	0.816081889802	0.594029328178	1.2981700725	1.08813625423	1.08108409377	1.07220118415	1.10956299178	1.20452739971	0.831233059449	0.836247390043	0.824282508458	0.857669980667	0.628271807637	1.2062898695	0.660404441759	1.02778566457	0.534296234896	1.02730919768
AA6	0.796055447076	0.607563779604	2.35729602223	1.06010391977	0.968068801353	0.378544755921	1.07875514258	0.352211570807	0.348035079749	0.857635128081	0.481904475592	0.766167341711	0.507217636539	2.02436407927	0.661743948768	0.647807878202	0.491618786854	0.49071338811	1.87975740454	1.36586187047	0.888687182214	0.553265152247	0.520505374577	0.504067293378	1.81096869019	0.831100362494	0.454289565007	0.430044954084	0.697450749154	0.808345683905	0.855920246496	0.651219516675	0.254315389077	0.0	1.08490602223	0.829818177864	0.536643987434	0.587267298212	0.476647902368	0.844216007733	0.555021841469	1.34969287579	1.25546096182	0.603097718705	0.629518206863	0.42901040116	1.18138144998	0.973644876752	0.963294562591	0.935656447559	1.00025397293	1.08065702755	0.711094461092	0.733660188497	0.719650338328	0.739393905268	0.578175036249	1.08515566941	0.61063218463	0.898627539874	0.466773064282	0.908470512325
AB5	1.06496774287	0.891308245529	2.53443045433	1.31811258096	0.80876017883	0.980567684872	1.14449292895	1.04450551957	1.18358676655	1.00058718221	1.16572758821	0.767797423876	1.00453815853	2.21114388594	1.00940713871	0.961222464959	1.20383071532	1.16954110198	1.86808266312	1.43273141131	1.25481787337	1.13248882552	1.36307664572	1.32326063316	1.69484663122	1.07775328661	1.1796581102	1.1366360029	1.22069412276	1.20374866119	1.16505143064	1.1132518318	1.2003298115	1.08490602223	0.0	0.324707680039	0.955709101015	1.06443545674	0.925279308845	0.880167752537	0.873920275495	1.5920101015	1.52497328661	0.996559884002	0.976670792653	0.99289540841	0.822228709522	0.950812503625	0.732429120348	0.739010657322	1.06356755437	0.922555471242	0.798030613823	0.879987583374	0.903262663122	0.872084818753	1.00100978734	0.836549492508	0.965916621556	0.790483054616	1.00461791687	0.897165427743
AB6	0.879580497825	0.661219415176	2.46609486709	1.18559172547	0.7154260029	0.741755606573	1.01082838086	0.785514301595	0.942200420493	0.870188356694	0.970301000483	0.555750362494	0.788311754471	2.13557057999	0.776329772837	0.737320758821	1.02098904785	0.997374726921	1.81733885935	1.33393826003	1.10604896568	0.898324644756	1.15968009183	1.11345190913	1.6898118753	0.914932953117	0.971851851136	0.930206737554	0.977926326728	0.997295558241	1.01675764137	0.938123030449	0.931403678105	0.829818177864	0.324707680039	0.0	0.783275891735	0.798275500242	0.757023054616	0.763465234413	0.673530865152	1.46373407927	1.38960167231	0.722521909135	0.817448632189	0.815249043016	0.799159134848	0.794627974867	0.583159110681	0.571518144031	0.911621623973	0.796170352827	0.629337095215	0.716999574674	0.741256636056	0.709210681489	0.771544562591	0.737674823586	0.740741237313	0.618230164331	0.814125316578	0.735392025133
AC5	0.896203939101	0.777770173997	2.60518211696	1.31483887869	0.991442368294	0.530789671339	1.20502609957	0.571682933784	0.533112174964	0.990709893668	0.447168347028	0.789192295795	0.708912237796	2.27858432576	0.895426988884	0.786280903818	0.519058250362	0.49297882552	1.98643308845	1.48975349444	1.12840336878	0.794757684872	0.619168182697	0.593466689222	1.9083539246	0.950643122281	0.541938550024	0.59558940551	0.89819481392	1.00077289029	0.795461739971	0.643467138714	0.589289342678	0.536643987434	0.955709101015	0.783275891735	0.0	0.780619647173	0.383414499758	0.928194262929	0.671912527791	1.63754965201	1.54287337844	0.806796089898	0.554314364427	0.405439299178	1.02215080232	0.785662764621	0.919737757371	0.839030265829	0.794712189464	0.869673059449	0.6024359739	0.589840840986	0.555174741421	0.583560889319	0.739704224263	0.903905311745	0.763362078299	0.765718835186	0.553020541324	0.72061679072
AC6	0.756474132431	0.551218076365	1.98693304495	0.711453141614	0.723143165781	0.607691880135	0.696164441759	0.490627481875	0.708277709038	0.544365152247	0.830777341711	0.600379482842	0.5931219768	1.66136172064	0.491908453359	0.600791155147	0.810423890768	0.812572257129	1.50629898985	0.995671942968	0.765767462542	0.62074141131	0.842909318511	0.786587950701	1.51381104882	0.707749478009	0.736435529241	0.673483436443	0.461940889319	0.506749840503	0.949414697922	0.831438066699	0.58439701305	0.587267298212	1.06443545674	0.798275500242	0.780619647173	0.0	0.757329149348	0.677299381344	0.564863175447	0.889604688255	0.796915045916	0.26223380377	1.01196704205	0.87146121798	1.16628496858	1.0676942146	0.957228888352	0.95786540841	1.16789885452	1.12233973417	0.823355630739	0.851080352827	0.924996399227	0.842979705172	0.623630289995	1.08850681489	0.614603881102	0.98539737071	0.671722431126	1.01073980184
AD6	0.788882334461	0.651899366844	2.52451494442	1.16715998067	0.862369540841	0.394116708555	1.12740550991	0.463575558241	0.538543852102	0.880298342194	0.466336263896	0.689183267279	0.562556906718	2.19231711455	0.773966940551	0.662727863702	0.491912247463	0.454502237796	1.92476080232	1.41747636539	1.06590753504	0.697724258096	0.657100923151	0.623822890285	1.84474336878	0.882434509425	0.527362658289	0.524868264862	0.808261957467	0.91888662639	0.782559874335	0.576180410826	0.580291130981	0.476647902368	0.925279308845	0.757023054616	0.383414499758	0.757329149348	0.0	0.800179917835	0.464098018366	1.53865517158	1.44518555824	0.755920990817	0.630118907685	0.469454050266	0.898407380377	0.687374055099	0.787287810536	0.725438762687	0.72717861769	0.811558946351	0.471017704205	0.461058559691	0.472316046399	0.483253716771	0.60237579507	0.803169748671	0.625488970517	0.67696159014	0.366338559691	0.628979536008
AE5	0.561284668922	0.526102010633	2.26029458192	0.889265263412	0.673493663606	0.785831048816	0.734424238763	0.732595273079	0.994983934268	0.542499864669	1.04017769937	0.619280236829	0.711357240213	1.92598098598	0.628981512808	0.482717061382	0.892626249396	0.86025977767	1.4616601885	1.04516594973	0.937583992267	0.770676810053	1.04400318995	0.990693131948	1.33539825036	0.61556277912	0.879117791203	0.823653305945	0.777282513291	0.755640251329	0.94069218463	0.828143779604	0.874592991783	0.844216007733	0.880167752537	0.763465234413	0.928194262929	0.677299381344	0.800179917835	0.0	0.391026481392	1.21624309328	1.12660984534	0.616764456259	1.15810101015	1.05766628323	0.927237080715	0.937618612856	0.813356476559	0.755605853069	1.05677827453	0.974413702272	0.684580135331	0.7005159739	0.80519138231	0.668973112615	0.567175567907	0.909168970517	0.525706056066	0.822898685355	0.709451440309	0.877118100532
AE6	0.547660265829	0.423868695022	2.35493884002	0.979771831803	0.719158675689	0.495147709038	0.882166476559	0.487647187047	0.696093837603	0.647408521025	0.73971956984	0.57995078782	0.471919333011	2.01950928468	0.572548438859	0.4100000145	0.67042237796	0.64356460609	1.63534562591	1.1877742001	0.929505630739	0.639857723538	0.833372513291	0.784353069116	1.56938849203	0.654042271629	0.649143866602	0.618074886419	0.672221116481	0.73985838086	0.820708864186	0.677147477042	0.638377597873	0.555021841469	0.873920275495	0.673530865152	0.671912527791	0.564863175447	0.464098018366	0.391026481392	0.0	1.33133643789	1.23535005317	0.538157559207	0.888416413726	0.769233798937	0.885050705655	0.765165848236	0.706209463509	0.655605181247	0.872425316578	0.821579439343	0.501096408893	0.490320560657	0.574194838086	0.490895814403	0.441960657322	0.80188441276	0.410081720638	0.661936689222	0.421237390043	0.706044262929
AF5	1.28927352344	1.22424948284	1.27111147898	0.658331788304	1.17118507975	1.38143384244	0.868274417593	1.26039594007	1.38028077332	1.00361715805	1.54867874335	1.2252280957	1.32025325761	0.949567684872	1.10084839536	1.27691966167	1.50400524408	1.53348723055	0.979559656839	0.701887158047	1.1733737361	1.22752476559	1.45293267279	1.42938072015	1.44486930884	1.22954621073	1.39851197197	1.3265121943	0.995090575157	0.961461759304	1.5178777042	1.5042959014	1.27120235863	1.34969287579	1.5920101015	1.46373407927	1.63754965201	0.889604688255	1.53865517158	1.21624309328	1.33133643789	0.0	0.161958197197	0.98889338811	1.78510932334	1.64693642339	1.72742836153	1.72001630256	1.58530925568	1.6165061334	1.81922536974	1.79934884002	1.56362124698	1.5862080957	1.66433049299	1.58644087482	1.2805842581	1.73177320445	1.29762155147	1.66188771387	1.43345313195	1.69712881102
AF6	1.19131908652	1.1302400435	1.34894532624	0.59316818753	1.10727535041	1.29529251329	0.764978115031	1.16631148864	1.30086681972	0.90749257129	1.46515345094	1.15822475592	1.22878859352	1.02613289995	1.01690257129	1.1830801595	1.41740169164	1.44447123731	1.0162519188	0.68100459159	1.08216246979	1.14276065249	1.3697942146	1.34219217013	1.4482881247	1.1402382117	1.30574298695	1.23626667956	0.911828704688	0.871352126631	1.42689565007	1.41726032383	1.18690876269	1.25546096182	1.52497328661	1.38960167231	1.54287337844	0.796915045916	1.44518555824	1.12660984534	1.23535005317	0.161958197197	0.0	0.896550782987	1.68951344611	1.55453453359	1.65569096665	1.65344078299	1.50789752537	1.5423558434	1.73538315128	1.7213918608	1.46846366844	1.49344043499	1.57507980667	1.49147519575	1.18502410826	1.65530246979	1.20362183664	1.58141517158	1.34181690672	1.6068041856
AG5	0.699125403577	0.470357825036	2.05878008217	0.738967409377	0.631138632189	0.580451754471	0.709729159014	0.496075669406	0.715112479459	0.533664881585	0.824173455776	0.50562261479	0.556270821653	1.72879737071	0.43623580957	0.549364910585	0.81307542291	0.79864442726	1.52539956017	1.01138535041	0.732098753021	0.633321565974	0.895762735621	0.834800565491	1.4660822523	0.674811652972	0.772124151764	0.70241157564	0.472088303528	0.514457235379	0.959419753504	0.833687539874	0.60275040116	0.603097718705	0.996559884002	0.722521909135	0.806796089898	0.26223380377	0.755920990817	0.616764456259	0.538157559207	0.98889338811	0.896550782987	0.0	0.992821367811	0.873430159497	1.09319951667	1.02482403577	0.88117738521	0.877457810536	1.13271268729	1.0678841711	0.75135479942	0.801958284195	0.880942295795	0.776397481875	0.606801851136	1.01198104398	0.591506114065	0.913445471242	0.658672542291	0.967584432093
