	AA3	AA4	AB3	AB4	AC3	AC4	AD3	AD4	AE3	AE4	AF3	AF4	AG3	AG4	AH3	AH4	AA7	AA8	AB7	AB8	AC7	AC8	AD7	AD8	AE7	AE8	AF7	AF8	AG7	AG8	AH7	AH8	AA5	AA6	AB5	AB6	AC5	AC6	AD6	AE5	AE6	AF5	AF6	AG5	AH5	AH6	AA1	AA2	AB1	AB2	AC1	AC2	AD1	AD2	AE1	AE2	AF1	AF2	AG1	AG2	AH1	AH2
AA3	0.0	0.512554552924	2.28142822136	1.00609108265	0.860018061866	0.749891474142	0.923812102465	0.76229219913	0.84427179797	0.710697970034	0.935947936201	0.72818181247	0.714075219913	1.98007330111	0.722944697922	0.247569719671	0.78706720638	0.756098337361	1.45446755921	1.04120529725	0.830996254229	0.647607046883	0.869833702272	0.808096882552	1.38426688255	0.608132315128	0.794455669406	0.657522953117	0.683101677139	0.710040831319	0.752380062832	0.653329202513	0.844766824553	0.814074267762	1.07804138231	0.840870990817	0.918721696472	0.77370922668	0.765028342194	0.608770463992	0.541004030933	1.24913820686	1.17517099082	0.691289995167	1.08321134364	1.06186390043	0.96926702755	0.904164238763	0.889036481392	0.796823784437	1.06883943451	0.953308182697	0.569653310778	0.717532083132	0.728656824553	0.642653247946	0.473683020783	0.897556205897	0.516108260029	0.866707825036	0.659266853552	0.889420062832
AA4	0.512554552924	0.0	2.25399014983	0.912432015466	0.636882619623	0.550701793137	0.897436602223	0.4917379942	0.663996346061	0.654777153214	0.793822885452	0.455371445143	0.431517834703	1.94916558241	0.309008018366	0.314561884969	0.650240502658	0.62656098115	1.53534328178	1.05915260996	0.836369589174	0.628750057999	0.829684514258	0.783299574674	1.48666014016	0.628434146931	0.657917858869	0.614858260029	0.636232063799	0.709125940068	0.860679990333	0.699950502658	0.619645128081	0.587817945868	0.937265640406	0.638864499758	0.76783842436	0.514189424843	0.595509555341	0.527372266796	0.410677684872	1.17192752054	1.08142445143	0.466097916868	0.926626882552	0.875930652489	0.94709542291	0.806174818753	0.750221280812	0.750378076365	0.991417022716	0.888535282745	0.536873557274	0.662652397293	0.677371706138	0.625408129531	0.429862948284	0.85202500725	0.39865659739	0.758984533591	0.476482663122	0.793543344611
AB3	2.28142822136	2.25399014983	0.0	1.47625642339	2.15900186564	2.37553255196	1.91698732238	2.29702513775	2.33625900435	2.0436919913	2.53158611406	2.26060980184	2.32214668922	0.342493673272	2.1405639391	2.27505798937	2.46779516675	2.50912550507	1.18723487192	1.50608858869	1.9884081102	2.19402110681	2.43009834703	2.40652321895	1.90501469792	2.1631821508	2.39927152731	2.27771063316	1.91675633639	1.79526540841	2.44607649106	2.44631362494	2.29757732721	2.36351442726	2.54394284679	2.47552504108	2.63367683905	1.97841126148	2.53751532624	2.3052917448	2.36701753987	1.32807281779	1.41409684389	2.06289116965	2.72196903818	2.65808624456	2.6785218608	2.67349579507	2.53731371194	2.59668215563	2.78779932334	2.72195784437	2.53037508458	2.63286107782	2.61439230546	2.58675874335	2.28938878685	2.67514717255	2.31221029483	2.63708979217	2.41510272112	2.67850678589
AB4	1.00609108265	0.912432015466	1.47625642339	0.0	0.874387907202	1.01955958917	0.811747535041	1.01071288062	1.11983126148	0.787610541324	1.23083069599	0.93221817303	0.872565896568	1.15920381344	0.820046307395	0.948314644756	1.16896468826	1.20355180764	1.02013076365	0.539474668922	0.963576674722	0.978728791687	1.19032712421	1.13979664572	1.27926451909	0.900706993717	1.14453221363	1.00871079749	0.680150913485	0.600373122281	1.29386139198	1.18556527308	1.10908362011	1.11964682939	1.35350768004	1.21333898018	1.37106979217	0.7206960174	1.18420538908	0.965035659739	1.03236476075	0.596947211213	0.525630686322	0.781251681972	1.46051155147	1.40517574674	1.42314199613	1.36114064766	1.27327499758	1.30736135331	1.51318876752	1.44171072982	1.20169752054	1.33598047849	1.32326474625	1.26702229096	1.00785648139	1.41119039149	1.01277763171	1.33524722088	1.07939522958	1.36947524408
AC3	0.860018061866	0.636882619623	2.15900186564	0.874387907202	0.0	0.767705940068	0.850668685355	0.792374291928	0.997668419526	0.650669362011	1.07160398743	0.328452305462	0.789126795553	1.86342494442	0.630227602707	0.757357283712	0.99731621073	0.977683504108	1.41937633156	0.988079395843	1.05811668439	1.00788303045	1.24321017883	1.18379070082	1.287810058	0.832857752537	1.05186684872	1.01611358144	0.860482223296	0.85239221363	1.178220116	1.02290256646	1.00090143548	0.975356979217	0.832509091348	0.741468569357	1.0114838376	0.677167278879	0.879773866602	0.648853407443	0.733061077815	1.10643119381	1.02844307878	0.612417752537	1.18555760271	1.15348898018	0.908262914451	0.959719516675	0.780702953117	0.820888516191	1.12438037699	0.993192112131	0.736763571774	0.894759743838	0.888556742388	0.799308110198	0.835016191397	0.924671744804	0.785365848236	0.910139603673	0.860064934751	0.919097235379
AC4	0.749891474142	0.550701793137	2.37553255196	1.01955958917	0.767705940068	0.0	1.14369942968	0.337829076849	0.476961338811	0.856118182697	0.36451618173	0.50686679072	0.429360101498	2.07611052682	0.700482832286	0.627041348478	0.59981520058	0.520024504592	1.79436726921	1.3078417303	0.8886920203	0.643723769937	0.668404422426	0.611707467376	1.7105300145	0.766174296762	0.555885306912	0.533747216046	0.65937882552	0.788634654422	0.821838622523	0.626729782504	0.48177922668	0.406833262446	1.0181738811	0.707567249879	0.577346848719	0.604152957951	0.437866283229	0.746621483809	0.516393987434	1.30912111648	1.22259834703	0.60937640406	0.686267496375	0.620761145481	1.05217199613	0.836646694055	0.833106853552	0.839403571774	0.938145766071	0.949223890768	0.559659130014	0.674682677622	0.670659743838	0.677933721605	0.633242527791	0.968524635089	0.596896515225	0.790535123248	0.436729453842	0.827249874335
AD3	0.923812102465	0.897436602223	1.91698732238	0.811747535041	0.850668685355	1.14369942968	0.0	1.00361972934	1.28407898018	0.360493165781	1.37769057516	0.915946858386	1.08828338811	1.6139422813	0.814853272112	0.913342112131	1.25575801353	1.23959870469	1.29737761237	0.851023412276	0.896958593523	0.942179043016	1.32910668439	1.23799191397	1.20688252296	0.855960396327	1.2203959594	1.09198690672	0.889047970034	0.767764359594	1.16824364911	1.11979971	1.23559440309	1.15672142098	1.18871909135	1.05866460126	1.2882318463	0.748597849203	1.20528543258	0.834968569357	0.940542087965	0.819718748188	0.773918086032	0.739149647173	1.39408406477	1.37274887869	1.36262858386	1.35221113098	1.1543462639	1.18447481392	1.53687360561	1.4174061624	1.14052285162	1.2626962784	1.27139160464	1.15462470275	0.947903716771	1.34358122281	0.990298052199	1.22810475109	1.16373612373	1.32954851136
AD4	0.76229219913	0.4917379942	2.29702513775	1.01071288062	0.792374291928	0.337829076849	1.00361972934	0.0	0.342503107782	0.709099623006	0.519177061382	0.577395848236	0.483935074915	1.99492319961	0.59784257129	0.6162200145	0.59852679072	0.55052378927	1.77705483809	1.27985911068	0.856278545191	0.604121556307	0.60924120348	0.568887264379	1.73751241179	0.777584581924	0.517790642823	0.471925785404	0.585149536008	0.742736355727	0.837494755921	0.644413842436	0.359027762204	0.352542107298	1.07963643306	0.76079242146	0.601774823586	0.510264499758	0.471474374094	0.728970676655	0.511427336878	1.21644640406	1.12134529725	0.540224088932	0.702754030933	0.628428511358	1.11483150314	0.878909961334	0.934357312711	0.915332078299	0.97082698405	1.01145961817	0.642013320445	0.680365838569	0.668194572257	0.742393257612	0.592832870952	1.02194195747	0.57381337361	0.863839540841	0.474343769937	0.876279695505
AE3	0.84427179797	0.663996346061	2.33625900435	1.11983126148	0.997668419526	0.476961338811	1.28407898018	0.342503107782	0.0	0.982462276462	0.379121087482	0.793400937651	0.557737709038	2.0421542146	0.768635906235	0.753138153697	0.484092247463	0.497307109715	1.93122744804	1.43821127598	0.970471744804	0.716689574674	0.408195398743	0.444591126148	1.90222118415	0.939726703722	0.401683059449	0.453905480909	0.701038801353	0.895849661672	0.87596279362	0.712006355727	0.235524335428	0.327331855969	1.23251034799	0.925256824553	0.575139603673	0.699628622523	0.571682218463	0.95209560174	0.678486423393	1.31599863702	1.23085316095	0.742917143548	0.764583895602	0.658656655389	1.25298521508	1.00701282745	1.08966475109	1.06462851619	1.07554653456	1.14377694538	0.77900557274	0.812399009183	0.793232730788	0.880794490092	0.730995882069	1.16418667956	0.699263798937	1.0080717158	0.549722431126	1.00914278395
AE4	0.710697970034	0.654777153214	2.0436919913	0.787610541324	0.650669362011	0.856118182697	0.360493165781	0.709099623006	0.982462276462	0.0	1.102740087	0.661584393427	0.828211536974	1.74051634606	0.599269608507	0.673204896085	0.981185843403	0.969867733204	1.39048690188	0.920275263412	0.76699522958	0.710146118898	1.0414020928	0.955036708555	1.29005544708	0.631945113581	0.92928699855	0.805216350894	0.617483910101	0.589821469309	0.976583813436	0.885739990333	0.938121478975	0.883083856936	1.02737293378	0.862755940068	1.01082099082	0.53226759304	0.92487679072	0.614855258579	0.670876471725	0.907983687772	0.816175592073	0.490769753504	1.15613061866	1.12378235379	1.14567816336	1.13752458676	0.983941459642	1.01594558241	1.32191669889	1.20948629773	0.905029937168	1.02249357177	1.0248039971	0.936384325761	0.699640961817	1.14382063316	0.740385195747	1.05342615273	0.88562677622	1.09878620106
AF3	0.935947936201	0.793822885452	2.53158611406	1.23083069599	1.07160398743	0.36451618173	1.37769057516	0.519177061382	0.379121087482	1.102740087	0.0	0.810063697438	0.650231836636	2.23497717738	0.932264920251	0.860490309328	0.487012435959	0.457593794103	2.00322783954	1.5167282842	1.04830271145	0.828505645239	0.413683243113	0.420436457226	1.95761828903	1.00113156114	0.466253620106	0.596298951184	0.828370956984	0.993873658772	0.835904441759	0.68387358144	0.463800173997	0.476286157564	1.19095693572	0.922092653456	0.46057940551	0.828963600773	0.497952073465	0.991945514741	0.751942880619	1.50015941518	1.4139019623	0.850846718221	0.652193653939	0.558381164814	1.18108068632	0.941855490575	1.08085654906	1.02466691638	1.0112577912	1.0527961189	0.732138888352	0.759598366361	0.754090367327	0.782254581924	0.862644238763	1.09419094732	0.826687351377	0.947168192363	0.557799381344	0.931689594007
AF4	0.72818181247	0.455371445143	2.26060980184	0.93221817303	0.328452305462	0.50686679072	0.915946858386	0.577395848236	0.793400937651	0.661584393427	0.810063697438	0.0	0.590858153697	1.96140571774	0.523763823103	0.609531744804	0.857501672305	0.7915199855	1.57543673755	1.09534403577	0.903777718705	0.803941744804	1.03077569841	0.963064320928	1.45423366361	0.689181609473	0.853763919768	0.82776318028	0.743081710971	0.769407651039	1.02589312711	0.879897849203	0.789194543258	0.742409081682	0.819093083615	0.566715181247	0.769378608023	0.566782097632	0.693405350411	0.587461420976	0.600434069599	1.16516097632	1.08762648139	0.480727525375	0.931995882069	0.89524638956	0.845831701305	0.813205606573	0.652537897535	0.676425442243	0.995538849686	0.873540299662	0.581056051232	0.726488250362	0.751967269212	0.656627278879	0.676259429676	0.820569125181	0.625984997583	0.739252566457	0.685602914451	0.770813745771
AG3	0.714075219913	0.431517834703	2.32214668922	0.872565896568	0.789126795553	0.429360101498	1.08828338811	0.483935074915	0.557737709038	0.828211536974	0.650231836636	0.590858153697	0.0	2.00257468826	0.516985920735	0.559173542774	0.572196394393	0.557455915901	1.73244782504	1.22937422426	0.932442861286	0.646280459159	0.748030082165	0.718118714355	1.640390174	0.749363929435	0.581916505558	0.587728071532	0.665822774287	0.796421019816	0.850147742871	0.700503620106	0.579187090382	0.513185205413	1.01029754954	0.709475355244	0.724813523441	0.603801614306	0.51827542291	0.70759020783	0.490930009667	1.26396173997	1.17972947801	0.608489313678	0.854509028516	0.790979497342	0.996528666022	0.7723500145	0.819960314161	0.809148738521	0.945706592557	0.884637090382	0.54950457709	0.657663987434	0.673491377477	0.653203895602	0.526189144514	0.919168535524	0.471417138714	0.769073040116	0.424226268729	0.767840570324
AG4	1.98007330111	1.94916558241	0.342493673272	1.15920381344	1.86342494442	2.07611052682	1.6139422813	1.99492319961	2.0421542146	1.74051634606	2.23497717738	1.96140571774	2.00257468826	0.0	1.84404873852	1.96878567907	2.17439320928	2.21403092315	0.961106669889	1.20872188497	1.69063632189	1.88974451426	2.13107512325	2.10770860802	1.67238092798	1.86805645239	2.09743062349	1.97324029483	1.61826297245	1.49162927018	2.16651834219	2.14853267279	2.00411907202	2.061239739	2.25390296762	2.17813060416	2.33739693088	1.68062732238	2.23332967617	2.00235815853	2.06191970034	1.04014094248	1.12352492992	1.76525968101	2.41850680039	2.35416301112	2.37724160464	2.3721577332	2.23216282262	2.29090205413	2.48830813436	2.42057721121	2.2267100435	2.33043659739	2.31576486709	2.28155391493	1.99211532624	2.37379145964	2.01276188014	2.33135376994	2.11610230063	2.37904656839
AH3	0.722944697922	0.309008018366	2.1405639391	0.820046307395	0.630227602707	0.700482832286	0.814853272112	0.59784257129	0.768635906235	0.599269608507	0.932264920251	0.523763823103	0.516985920735	1.84404873852	0.0	0.531193847269	0.758261193813	0.754459207347	1.50123970034	1.01899934268	0.860634523925	0.747822242629	0.935668743354	0.894311130981	1.44780268729	0.714354238763	0.776264543258	0.741365534074	0.652669246013	0.664991677139	0.992076602223	0.85576956984	0.716004900918	0.718618018366	1.00647571774	0.76777242146	0.908142740454	0.48803738521	0.745591909135	0.590791527308	0.554753359111	1.04418539874	0.944976346061	0.450797660706	1.09239540358	1.03197355727	1.03823222813	0.9199179942	0.857254074432	0.871238564524	1.09647490092	1.01862132914	0.738061710971	0.84546019333	0.826782576124	0.801838235863	0.568095065249	0.987697182214	0.543183233446	0.879458980184	0.644224475592	0.922883513775
AH4	0.247569719671	0.314561884969	2.27505798937	0.948314644756	0.757357283712	0.627041348478	0.913342112131	0.6162200145	0.753138153697	0.673204896085	0.860490309328	0.609531744804	0.559173542774	1.96878567907	0.531193847269	0.0	0.669263914935	0.655542073465	1.47139521991	1.04021405993	0.830394248429	0.589749313678	0.79762661189	0.734821324311	1.4314438811	0.596696515225	0.675831788304	0.580126167231	0.634276829386	0.706809652006	0.753281652972	0.590265872402	0.737216060899	0.685841957467	0.999901193813	0.721392145964	0.821975108748	0.650666727888	0.640346384727	0.527299855002	0.414407738038	1.22216142098	1.13361127598	0.574137491542	0.977959942001	0.943438869019	0.939847747704	0.826486128565	0.813876930884	0.750227182214	1.00356368294	0.890453446109	0.516796882552	0.660265766071	0.67718840986	0.611274132431	0.358961179314	0.860127617206	0.363382619623	0.775154287095	0.539570744321	0.812342841953
AA7	0.78706720638	0.650240502658	2.46779516675	1.16896468826	0.99731621073	0.59981520058	1.25575801353	0.59852679072	0.484092247463	0.981185843403	0.487012435959	0.857501672305	0.572196394393	2.17439320928	0.758261193813	0.669263914935	0.0	0.194403929435	1.81277151764	1.32720929435	1.01295372644	0.709985466409	0.449710720155	0.43489479942	1.77171068632	0.865454504592	0.35548219913	0.457249482842	0.74552221363	0.908255635573	0.642965152247	0.43644059449	0.485597346544	0.520089971	1.22115994683	0.958034514258	0.549922126631	0.821226795553	0.506220845819	0.908888119865	0.655191672305	1.43483628806	1.35722992267	0.836775925568	0.787761817303	0.693558066699	1.12454136781	0.877664369261	1.07825486225	0.999354867086	0.93679380377	0.99058940551	0.684638922185	0.688333073949	0.661373929435	0.726250410826	0.588083934268	1.0150557274	0.559978385694	0.949173900435	0.477640797487	0.871832643789
AA8	0.756098337361	0.62656098115	2.50912550507	1.20355180764	0.977683504108	0.520024504592	1.23959870469	0.55052378927	0.497307109715	0.969867733204	0.457593794103	0.7915199855	0.557455915901	2.21403092315	0.754459207347	0.655542073465	0.194403929435	0.0	1.83089836636	1.34988253262	0.955541754471	0.667608554857	0.486289487675	0.444932435959	1.75562478492	0.825674209763	0.366959700338	0.439994968584	0.743543127115	0.904926921218	0.643344857419	0.396117680039	0.483732518125	0.464850565491	1.1711179507	0.90282022233	0.509676882552	0.805958284195	0.449528429193	0.871543678105	0.633984755921	1.47850867569	1.39963769937	0.784402735621	0.7039940116	0.634241822136	1.09164144031	0.860335964234	1.02801535041	0.954079540841	0.916292764621	0.961789922668	0.61753939101	0.651781372644	0.645818235863	0.679829217013	0.597116312228	0.993053808603	0.556712174964	0.905586239729	0.431891938134	0.846557655872
AB7	1.45446755921	1.53534328178	1.18723487192	1.02013076365	1.41937633156	1.79436726921	1.29737761237	1.77705483809	1.93122744804	1.39048690188	2.00322783954	1.57543673755	1.73244782504	0.961106669889	1.50123970034	1.47139521991	1.81277151764	1.83089836636	0.0	0.553281565974	1.49617980184	1.56250955051	1.936789942	1.8533917883	1.0741898405	1.41767609473	1.82817342678	1.68943889319	1.34258841469	1.16917148381	1.70367132431	1.68149955534	1.87901248913	1.86439695505	1.83548475592	1.7697139101	1.96591279362	1.46575070565	1.8675702755	1.48751925085	1.59353734171	0.986850811986	1.01850101498	1.46752786854	2.1171719333	2.08531647656	1.93172543258	1.94895949251	1.78940931851	1.8063939826	2.08937365394	1.9888380812	1.74347130014	1.86591634606	1.85226880135	1.78656225713	1.56389397293	1.92156804737	1.59522765104	1.87218684872	1.76457543741	1.94394949734
AB8	1.04120529725	1.05915260996	1.50608858869	0.539474668922	0.988079395843	1.3078417303	0.851023412276	1.27985911068	1.43821127598	0.920275263412	1.5167282842	1.09534403577	1.22937422426	1.20872188497	1.01899934268	1.04021405993	1.32720929435	1.34988253262	0.553281565974	0.0	1.04821709522	1.09941280812	1.44348698405	1.35559454326	1.06874134364	0.944491029483	1.33950968584	1.20293478492	0.826780758821	0.675482919285	1.26549150797	1.2346938231	1.38952901885	1.38708832286	1.4314179797	1.32179096182	1.50460883035	0.979191652972	1.3865058579	1.04407331561	1.1470180377	0.712842440793	0.699332382794	0.995868081199	1.65905205897	1.60847604157	1.53696578057	1.49863495892	1.38218268729	1.38524773804	1.64218054616	1.55442837603	1.32512639923	1.4310519478	1.41698673272	1.36882658772	1.12055058966	1.51038987434	1.14763268729	1.44384884969	1.27308740454	1.49276919768
AC7	0.830996254229	0.836369589174	1.9884081102	0.963576674722	1.05811668439	0.8886920203	0.896958593523	0.856278545191	0.970471744804	0.76699522958	1.04830271145	0.903777718705	0.932442861286	1.69063632189	0.860634523925	0.830394248429	1.01295372644	0.955541754471	1.49617980184	1.04821709522	0.0	0.427506549058	0.968896616723	0.898827810536	1.41914948768	0.676631942968	0.947762353794	0.76178638956	0.566926263896	0.564893557274	0.854651802803	0.81749520058	0.916895770904	0.88822242146	1.29037472692	1.11344904302	1.15694743354	0.790634287095	1.02994699372	0.957143325278	0.920311362977	1.13686365394	1.10840638473	0.737471121315	1.11672277429	1.05596186564	1.46150986467	1.4026342001	1.22657679555	1.2585539101	1.55600108265	1.47124566457	1.05827027066	1.20269393427	1.22638642823	1.14675837603	0.876626041566	1.43122402127	0.898720405993	1.25980994683	0.93252219913	1.37954901885
AC8	0.647607046883	0.628750057999	2.19402110681	0.978728791687	1.00788303045	0.643723769937	0.942179043016	0.604121556307	0.716689574674	0.710146118898	0.828505645239	0.803941744804	0.646280459159	1.88974451426	0.747822242629	0.589749313678	0.709985466409	0.667608554857	1.56250955051	1.09941280812	0.427506549058	0.0	0.713503252779	0.624408521025	1.49678930884	0.576989492508	0.566693040116	0.394193895602	0.45959318028	0.593655476075	0.615923078782	0.507896491058	0.666705896568	0.622848622523	1.12436331561	0.83997358144	0.857076437893	0.681992039633	0.711392508458	0.787236553891	0.63682439826	1.18970122281	1.1175779217	0.669434809087	0.899008888352	0.835616099565	1.27710339294	1.08023848719	1.03056068632	1.03457006767	1.23542112615	1.17396913968	0.767071609473	0.872402774287	0.901866713388	0.853462991783	0.54644020783	1.18284384244	0.588192329628	0.964025756404	0.615772759787	1.06085764621
AD7	0.869833702272	0.829684514258	2.43009834703	1.19032712421	1.24321017883	0.668404422426	1.32910668439	0.60924120348	0.408195398743	1.0414020928	0.413683243113	1.03077569841	0.748030082165	2.13107512325	0.935668743354	0.79762661189	0.449710720155	0.486289487675	1.936789942	1.44348698405	0.968896616723	0.713503252779	0.0	0.194921478975	1.9057339826	0.909026462059	0.385955867569	0.46634182697	0.717528506525	0.901879772837	0.748630826486	0.594051130981	0.45553757854	0.521600681489	1.37722084582	1.09739046399	0.635198704688	0.858014818753	0.652363629773	1.06800355727	0.817208511358	1.41010355727	1.32221826486	0.899943156114	0.800610227163	0.711518018366	1.34410611406	1.11176703722	1.26211556791	1.208059884	1.16391867569	1.23236310295	0.895950618656	0.894815364911	0.877486553891	0.960917254712	0.765268815853	1.26273823103	0.778977138714	1.1372941131	0.625863639439	1.09751929435
AD8	0.808096882552	0.783299574674	2.40652321895	1.13979664572	1.18379070082	0.611707467376	1.23799191397	0.568887264379	0.444591126148	0.955036708555	0.420436457226	0.963064320928	0.718118714355	2.10770860802	0.894311130981	0.734821324311	0.43489479942	0.444932435959	1.8533917883	1.35559454326	0.898827810536	0.624408521025	0.194921478975	0.0	1.77416122281	0.779070164331	0.347166694055	0.399984253262	0.638028197197	0.809174224263	0.668357322378	0.516603378444	0.495564683422	0.515429381344	1.32879502658	1.04325941518	0.599396104398	0.822305509908	0.621107148381	0.985816974384	0.753756785887	1.3864921218	1.30014978734	0.835220488159	0.770150768487	0.691317254712	1.30365931851	1.07512704688	1.19972046883	1.14658269696	1.13614099565	1.19151280812	0.837209255679	0.840815529241	0.838252431126	0.905259052682	0.710670932818	1.21791044949	0.744341092315	1.07684500725	0.58875301595	1.06362472692
AE7	1.38426688255	1.48666014016	1.90501469792	1.27926451909	1.287810058	1.7105300145	1.20688252296	1.73751241179	1.90222118415	1.29005544708	1.95761828903	1.45423366361	1.640390174	1.67238092798	1.44780268729	1.4314438811	1.77171068632	1.75562478492	1.0741898405	1.06874134364	1.41914948768	1.49678930884	1.9057339826	1.77416122281	0.0	1.02363963267	1.80120757854	1.6565678927	1.36347580957	1.28749935234	1.57126363944	1.5799899565	1.86115547608	1.82191490575	1.68532731754	1.68006713388	1.91246118415	1.51010125181	1.82588137264	1.35410330111	1.56505236346	1.45639030933	1.44953314645	1.43256312228	1.99316770904	1.99955616723	1.71429969067	1.81902860802	1.62319128081	1.61664544708	1.99303422426	1.8260657564	1.62317711938	1.74739500242	1.75270059449	1.62641731754	1.53763974384	1.75778282745	1.55838499275	1.73008630739	1.72210695022	1.79056768971
AE8	0.608132315128	0.628434146931	2.1631821508	0.900706993717	0.832857752537	0.766174296762	0.855960396327	0.777584581924	0.939726703722	0.631945113581	1.00113156114	0.689181609473	0.749363929435	1.86805645239	0.714354238763	0.596696515225	0.865454504592	0.825674209763	1.41767609473	0.944491029483	0.676631942968	0.576989492508	0.909026462059	0.779070164331	1.02363963267	0.0	0.837227965201	0.690346471725	0.597615239246	0.573405625906	0.743135654906	0.687061923635	0.903327675205	0.859211135814	1.10269418076	0.892921855969	0.975370396327	0.728064664089	0.899146640889	0.650921967134	0.692404407927	1.16805925085	1.09372862252	0.650897216046	1.08493724021	1.08243616723	1.1614741711	1.10391747221	0.967796172064	0.975100884485	1.28029952151	1.18214307878	0.840165287579	0.955380744321	0.976050434993	0.886258342194	0.674127187047	1.14812198647	0.716672735621	0.992788511358	0.794209105848	1.0877877477
AF7	0.794455669406	0.657917858869	2.39927152731	1.14453221363	1.05186684872	0.555885306912	1.2203959594	0.517790642823	0.401683059449	0.92928699855	0.466253620106	0.853763919768	0.581916505558	2.09743062349	0.776264543258	0.675831788304	0.35548219913	0.366959700338	1.82817342678	1.33950968584	0.947762353794	0.566693040116	0.385955867569	0.347166694055	1.80120757854	0.837227965201	0.0	0.255889826003	0.647726346061	0.833450923151	0.669042382794	0.528963711938	0.419858714355	0.443664900918	1.1708879652	0.876233465442	0.502810367327	0.722139308845	0.518109163847	0.895999869502	0.633084755921	1.38722858869	1.30255602707	0.738790671822	0.745716331561	0.65858977767	1.17384085065	0.943046993717	1.05632924118	1.01644666506	1.00512329145	1.06524727405	0.718996897052	0.740984910585	0.737936785887	0.800320439826	0.619919444176	1.08042189947	0.58491022233	0.94492842436	0.465336781054	0.931211633639
AF8	0.657522953117	0.614858260029	2.27771063316	1.00871079749	1.01611358144	0.533747216046	1.09198690672	0.471925785404	0.453905480909	0.805216350894	0.596298951184	0.82776318028	0.587728071532	1.97324029483	0.741365534074	0.580126167231	0.457249482842	0.439994968584	1.68943889319	1.20293478492	0.76178638956	0.394193895602	0.46634182697	0.399984253262	1.6565678927	0.690346471725	0.255889826003	0.0	0.515998704688	0.698732754954	0.649837148381	0.466856466892	0.455459366844	0.45334297245	1.17277287095	0.878161889802	0.633187733204	0.681717767037	0.53782059449	0.839206534558	0.599777462542	1.26192935718	1.17652011116	0.693931469309	0.811204088932	0.743179980667	1.20513645723	0.986124610923	1.05474885935	1.03476826486	1.04478564524	1.09964723055	0.740396486225	0.783051227646	0.78281338811	0.841849966167	0.553564794587	1.11319259546	0.575947104882	0.975754209763	0.469243668439	0.975146012566
AG7	0.683101677139	0.636232063799	1.91675633639	0.680150913485	0.860482223296	0.65937882552	0.889047970034	0.585149536008	0.701038801353	0.617483910101	0.828370956984	0.743081710971	0.665822774287	1.61826297245	0.652669246013	0.634276829386	0.74552221363	0.743543127115	1.34258841469	0.826780758821	0.566926263896	0.45959318028	0.717528506525	0.638028197197	1.36347580957	0.597615239246	0.647726346061	0.515998704688	0.0	0.248851942968	0.764622522958	0.675379869502	0.660823755437	0.707511391977	1.24197671822	0.932796370227	0.896806273562	0.483613813436	0.813942150797	0.825353272112	0.669808646689	0.965040937651	0.871573334944	0.503633682939	1.03875799903	0.983127665539	1.29666758337	1.1098078492	1.13234642339	1.11282916385	1.25877119381	1.19864612856	0.847151614306	0.959434562591	0.9579820203	0.929800357661	0.633292634123	1.20810877719	0.668733900435	1.056299797	0.707154214596	1.09211634606
AG8	0.710040831319	0.709125940068	1.79526540841	0.600373122281	0.85239221363	0.788634654422	0.767764359594	0.742736355727	0.895849661672	0.589821469309	0.993873658772	0.769407651039	0.796421019816	1.49162927018	0.664991677139	0.706809652006	0.908255635573	0.904926921218	1.16917148381	0.675482919285	0.564893557274	0.593655476075	0.901879772837	0.809174224263	1.28749935234	0.573405625906	0.833450923151	0.698732754954	0.248851942968	0.0	0.897550173997	0.841009888835	0.85193482842	0.851593639439	1.23652407927	1.01384325761	1.0607402465	0.499076843886	0.950376491058	0.817335181247	0.770249395843	0.864687970034	0.801569221846	0.52442099565	1.16416831803	1.10783028033	1.31151853069	1.23826937168	1.15871828903	1.17384655872	1.39189774287	1.32314073949	0.980672160464	1.09111061382	1.08801664089	1.04664995167	0.764349690672	1.28496192847	0.802262460126	1.18159912518	0.850216249396	1.21588048816
AH7	0.752380062832	0.860679990333	2.44607649106	1.29386139198	1.178220116	0.821838622523	1.16824364911	0.837494755921	0.87596279362	0.976583813436	0.835904441759	1.02589312711	0.850147742871	2.16651834219	0.992076602223	0.753281652972	0.642965152247	0.643344857419	1.70367132431	1.26549150797	0.854651802803	0.615923078782	0.748630826486	0.668357322378	1.57126363944	0.743135654906	0.669042382794	0.649837148381	0.764622522958	0.897550173997	0.0	0.30520681972	0.90004322378	0.871624229096	1.18784599807	0.971931353311	0.822982841953	0.967363122281	0.797288144031	0.939468719188	0.793660778154	1.46494097632	1.40616670372	0.945560758821	0.955504765587	0.915002358627	1.26303689222	1.0608559014	1.13997451426	1.0626019043	1.16987843403	1.15615663606	0.836593547608	0.820636602223	0.838396152731	0.835462754954	0.730820067666	1.18368299662	0.779789492508	0.992387346544	0.72236540841	1.04030943451
AH8	0.653329202513	0.699950502658	2.44631362494	1.18556527308	1.02290256646	0.626729782504	1.11979971	0.644413842436	0.712006355727	0.885739990333	0.68387358144	0.879897849203	0.700503620106	2.14853267279	0.85576956984	0.590265872402	0.43644059449	0.396117680039	1.68149955534	1.2346938231	0.81749520058	0.507896491058	0.594051130981	0.516603378444	1.5799899565	0.687061923635	0.528963711938	0.466856466892	0.675379869502	0.841009888835	0.30520681972	0.0	0.708538598357	0.664771909135	1.14599128081	0.883134625423	0.677083301112	0.85112300145	0.5815379797	0.811594678589	0.64415878202	1.41894269212	1.33863564041	0.81594362494	0.806995219913	0.76212159014	1.13882587724	0.922896534558	1.02546033833	0.942013035283	0.991223591107	1.03137165297	0.652076268729	0.6811960174	0.684498477525	0.694148985017	0.578082837119	1.04355631223	0.612604229096	0.871163407443	0.527690381827	0.9089480087
AA5	0.844766824553	0.619645128081	2.29757732721	1.10908362011	1.00090143548	0.48177922668	1.23559440309	0.359027762204	0.235524335428	0.938121478975	0.463800173997	0.789194543258	0.579187090382	2.00411907202	0.716004900918	0.737216060899	0.485597346544	0.483732518125	1.87901248913	1.38952901885	0.916895770904	0.666705896568	0.45553757854	0.495564683422	1.86115547608	0.903327675205	0.419858714355	0.455459366844	0.660823755437	0.85193482842	0.90004322378	0.708538598357	0.0	0.240379304012	1.23479465442	0.91326719188	0.625702208797	0.632733122281	0.59786982117	0.888954185597	0.64633120348	1.25102196713	1.16396200097	0.68509017883	0.777198806187	0.665257646206	1.28963061382	1.05715890285	1.10557290478	1.09802357177	1.12965720155	1.18556483809	0.796163499275	0.847478907685	0.826393876269	0.910377510875	0.668904345094	1.20085309328	0.642286752054	1.03283570324	0.549293465442	1.04928098115
AA6	0.814074267762	0.587817945868	2.36351442726	1.11964682939	0.975356979217	0.406833262446	1.15672142098	0.352542107298	0.327331855969	0.883083856936	0.476286157564	0.742409081682	0.513185205413	2.061239739	0.718618018366	0.685841957467	0.520089971	0.464850565491	1.86439695505	1.38708832286	0.88822242146	0.622848622523	0.521600681489	0.515429381344	1.82191490575	0.859211135814	0.443664900918	0.45334297245	0.707511391977	0.851593639439	0.871624229096	0.664771909135	0.240379304012	0.0	1.11611615273	0.804399052682	0.560467554374	0.615084567424	0.502508864186	0.825415345578	0.572646718221	1.29963231029	1.20248368294	0.654232121798	0.585659067182	0.491466326728	1.19606295795	0.967505775737	0.979998501692	0.968953421943	1.03837035766	1.08379803287	0.682559729338	0.752400241663	0.747858777187	0.794725766071	0.63186460609	1.0953577042	0.610419888835	0.907180381827	0.495717090382	0.956357095215
AB5	1.07804138231	0.937265640406	2.54394284679	1.35350768004	0.832509091348	1.0181738811	1.18871909135	1.07963643306	1.23251034799	1.02737293378	1.19095693572	0.819093083615	1.01029754954	2.25390296762	1.00647571774	0.999901193813	1.22115994683	1.1711179507	1.83548475592	1.4314179797	1.29037472692	1.12436331561	1.37722084582	1.32879502658	1.68532731754	1.10269418076	1.1708879652	1.17277287095	1.24197671822	1.23652407927	1.18784599807	1.14599128081	1.23479465442	1.11611615273	0.0	0.374265877235	0.955226974384	1.06151048333	0.959792344128	0.816486868052	0.878320009667	1.546690087	1.46614980184	1.00337091348	0.971678052199	0.968328878685	0.807754316095	0.902252503625	0.693766524891	0.720197559207	1.06467547124	0.921562759787	0.84552857419	0.899389047849	0.936393856936	0.853632339294	1.04001036733	0.848280420493	0.982950425326	0.761798612856	1.01286343161	0.864932880619
AB6	0.840870990817	0.638864499758	2.47552504108	1.21333898018	0.741468569357	0.707567249879	1.05866460126	0.76079242146	0.925256824553	0.862755940068	0.922092653456	0.566715181247	0.709475355244	2.17813060416	0.76777242146	0.721392145964	0.958034514258	0.90282022233	1.7697139101	1.32179096182	1.11344904302	0.83997358144	1.09739046399	1.04325941518	1.68006713388	0.892921855969	0.876233465442	0.878161889802	0.932796370227	1.01384325761	0.971931353311	0.883134625423	0.91326719188	0.804399052682	0.374265877235	0.0	0.700167003383	0.764278902852	0.708013832769	0.675745108748	0.602251445143	1.41037428226	1.3173479362	0.726065712905	0.752359772837	0.74085459159	0.760147868536	0.683089797003	0.556097941034	0.537839337844	0.847253953601	0.737022315128	0.582133069116	0.647379603673	0.686551072982	0.615796437893	0.73472781537	0.693437433543	0.683315654906	0.536291788304	0.74554838086	0.63661301595
AC5	0.918721696472	0.76783842436	2.63367683905	1.37106979217	1.0114838376	0.577346848719	1.2882318463	0.601774823586	0.575139603673	1.01082099082	0.46057940551	0.769378608023	0.724813523441	2.33739693088	0.908142740454	0.821975108748	0.549922126631	0.509676882552	1.96591279362	1.50460883035	1.15694743354	0.857076437893	0.635198704688	0.599396104398	1.91246118415	0.975370396327	0.502810367327	0.633187733204	0.896806273562	1.0607402465	0.822982841953	0.677083301112	0.625702208797	0.560467554374	0.955226974384	0.700167003383	0.0	0.820090565491	0.452659028516	0.913437515708	0.693180729821	1.60217466409	1.49874768004	0.826558390527	0.497160860319	0.444331483809	0.975232155631	0.749813629773	0.882737066216	0.836710526825	0.790536752054	0.828616046399	0.614019028516	0.554593093282	0.547775302078	0.617763276945	0.789090497825	0.883496143064	0.766856655389	0.750668032866	0.581620314161	0.709445828903
AC6	0.77370922668	0.514189424843	1.97841126148	0.7206960174	0.677167278879	0.604152957951	0.748597849203	0.510264499758	0.699628622523	0.53226759304	0.828963600773	0.566782097632	0.603801614306	1.68062732238	0.48803738521	0.650666727888	0.821226795553	0.805958284195	1.46575070565	0.979191652972	0.790634287095	0.681992039633	0.858014818753	0.822305509908	1.51010125181	0.728064664089	0.722139308845	0.681717767037	0.483613813436	0.499076843886	0.967363122281	0.85112300145	0.632733122281	0.615084567424	1.06151048333	0.764278902852	0.820090565491	0.0	0.762812861286	0.67808918318	0.572192232963	0.823925094248	0.724865176414	0.281899105848	0.97612019333	0.914006292895	1.13856031416	1.01352689222	0.951321135814	0.960142242629	1.15680584824	1.09207546641	0.78917857419	0.898708105365	0.900068245529	0.856268864186	0.649606128565	1.05406650556	0.622379903335	0.967473107782	0.676084780087	0.993899787337
AD6	0.765028342194	0.595509555341	2.53751532624	1.18420538908	0.879773866602	0.437866283229	1.20528543258	0.471474374094	0.571682218463	0.92487679072	0.497952073465	0.693405350411	0.51827542291	2.23332967617	0.745591909135	0.640346384727	0.506220845819	0.449528429193	1.8675702755	1.3865058579	1.02994699372	0.711392508458	0.652363629773	0.621107148381	1.82588137264	0.899146640889	0.518109163847	0.53782059449	0.813942150797	0.950376491058	0.797288144031	0.5815379797	0.59786982117	0.502508864186	0.959792344128	0.708013832769	0.452659028516	0.762812861286	0.0	0.774929304012	0.450981498308	1.50003499758	1.40676991783	0.790969134848	0.623357356211	0.551997443209	0.880118269696	0.651756959884	0.82355380377	0.753113286612	0.742255886902	0.774552455292	0.453570091832	0.46944741421	0.468312812953	0.52697979217	0.621497897535	0.808075074915	0.574975306912	0.686070019333	0.335138830353	0.648231440309
AE5	0.608770463992	0.527372266796	2.3052917448	0.965035659739	0.648853407443	0.746621483809	0.834968569357	0.728970676655	0.95209560174	0.614855258579	0.991945514741	0.587461420976	0.70759020783	2.00235815853	0.590791527308	0.527299855002	0.908888119865	0.871543678105	1.48751925085	1.04407331561	0.957143325278	0.787236553891	1.06800355727	0.985816974384	1.35410330111	0.650921967134	0.895999869502	0.839206534558	0.825353272112	0.817335181247	0.939468719188	0.811594678589	0.888954185597	0.825415345578	0.816486868052	0.675745108748	0.913437515708	0.67808918318	0.774929304012	0.0	0.387700304495	1.19422514258	1.10654582407	0.578483078782	1.06641441276	1.04570584824	0.929651111648	0.897080647656	0.76746537941	0.70235117448	1.07325909135	0.948031522475	0.618375471242	0.770470618656	0.80329017883	0.657947887869	0.596326215563	0.910406505558	0.556004833253	0.756407046883	0.713524654422	0.87065377477
AE6	0.541004030933	0.410677684872	2.36701753987	1.03236476075	0.733061077815	0.516393987434	0.940542087965	0.511427336878	0.678486423393	0.670876471725	0.751942880619	0.600434069599	0.490930009667	2.06191970034	0.554753359111	0.414407738038	0.655191672305	0.633984755921	1.59353734171	1.1470180377	0.920311362977	0.63682439826	0.817208511358	0.753756785887	1.56505236346	0.692404407927	0.633084755921	0.599777462542	0.669808646689	0.770249395843	0.793660778154	0.64415878202	0.64633120348	0.572646718221	0.878320009667	0.602251445143	0.693180729821	0.572192232963	0.450981498308	0.387700304495	0.0	1.27556845336	1.18360659256	0.558389076849	0.842942943451	0.803722054132	0.886099236346	0.72658659739	0.739468313195	0.672563852102	0.892237752537	0.802034059932	0.443683344611	0.567441150314	0.567280826486	0.517017530208	0.432333644273	0.79949420493	0.397755094248	0.642249381344	0.443560898985	0.717730753987
AF5	1.24913820686	1.17192752054	1.32807281779	0.596947211213	1.10643119381	1.30912111648	0.819718748188	1.21644640406	1.31599863702	0.907983687772	1.50015941518	1.16516097632	1.26396173997	1.04014094248	1.04418539874	1.22216142098	1.43483628806	1.47850867569	0.986850811986	0.712842440793	1.13686365394	1.18970122281	1.41010355727	1.3864921218	1.45639030933	1.16805925085	1.38722858869	1.26192935718	0.965040937651	0.864687970034	1.46494097632	1.41894269212	1.25102196713	1.29963231029	1.546690087	1.41037428226	1.60217466409	0.823925094248	1.50003499758	1.19422514258	1.27556845336	0.0	0.159669507008	0.918787863702	1.68709642339	1.62601845336	1.69382840503	1.63769129048	1.54570464476	1.57266348961	1.78128059932	1.72409732238	1.4677578782	1.59910130014	1.59981911068	1.53855887869	1.21411249879	1.6816157854	1.24139457709	1.59610091832	1.38940972934	1.64177184147
AF6	1.17517099082	1.08142445143	1.41409684389	0.525630686322	1.02844307878	1.22259834703	0.773918086032	1.12134529725	1.23085316095	0.816175592073	1.4139019623	1.08762648139	1.17972947801	1.12352492992	0.944976346061	1.13361127598	1.35722992267	1.39963769937	1.01850101498	0.699332382794	1.10840638473	1.1175779217	1.32221826486	1.30014978734	1.44953314645	1.09372862252	1.30255602707	1.17652011116	0.871573334944	0.801569221846	1.40616670372	1.33863564041	1.16396200097	1.20248368294	1.46614980184	1.3173479362	1.49874768004	0.724865176414	1.40676991783	1.10654582407	1.18360659256	0.159669507008	0.0	0.827153881102	1.59989403093	1.53274868536	1.61559363944	1.54507767521	1.45875313678	1.48320248913	1.67874436443	1.6320281827	1.38585710971	1.51115681972	1.50511260996	1.45325337361	1.12264038183	1.59008486709	1.15246163847	1.50560069116	1.29706071532	1.55424919768
AG5	0.691289995167	0.466097916868	2.06289116965	0.781251681972	0.612417752537	0.60937640406	0.739149647173	0.540224088932	0.742917143548	0.490769753504	0.850846718221	0.480727525375	0.608489313678	1.76525968101	0.450797660706	0.574137491542	0.836775925568	0.784402735621	1.46752786854	0.995868081199	0.737471121315	0.669434809087	0.899943156114	0.835220488159	1.43256312228	0.650897216046	0.738790671822	0.693931469309	0.503633682939	0.52442099565	0.945560758821	0.81594362494	0.68509017883	0.654232121798	1.00337091348	0.726065712905	0.826558390527	0.281899105848	0.790969134848	0.578483078782	0.558389076849	0.918787863702	0.827153881102	0.0	0.965328492025	0.92175580957	1.0843218463	0.99633578057	0.883544862252	0.89392579507	1.16900649106	1.06474765104	0.727253745771	0.851017573707	0.884728985017	0.780544064766	0.607494214596	1.03338345578	0.585100836153	0.896684045433	0.685804253262	0.986614465926
