	AA3	AA4	AB3	AB4	AC3	AC4	AD3	AD4	AE3	AE4	AF3	AF4	AG3	AG4	AH3	AH4	AA7	AA8	AB7	AB8	AC7	AC8	AD7	AD8	AE7	AE8	AF7	AF8	AG7	AG8	AH7	AH8	AA5	AA6	AB5	AB6	AC5	AC6	AD6	AE5	AE6	AF5	AF6	AG5	AH5	AH6	AA1	AA2	AB1	AB2	AC1	AC2	AD1	AD2	AE1	AE2	AF1	AF2	AG1	AG2	AH1	AH2
AA3	0.0	0.525307361044	2.26474361527	1.00266062349	0.880499879169	0.790881962301	0.896018414693	0.756012977284	0.881808791687	0.648693663606	0.965430686322	0.776330652489	0.70353719188	1.94083952634	0.752367825036	0.29496737071	0.796643687772	0.729275012083	1.47274706138	1.04219701788	0.801450531658	0.662252116965	0.867018158531	0.825982416626	1.38390586274	0.612337849203	0.751356437893	0.640258327695	0.698838898018	0.682830662156	0.727718951184	0.61315118898	0.865545838569	0.810938144031	1.07884437893	0.844982866119	0.887250154664	0.767366843886	0.771668844853	0.603465036249	0.553984567424	1.29660354761	1.21905961817	0.720181541808	1.11078540841	1.05842079749	0.998896568391	0.927968371194	0.903018467859	0.796814702755	1.03805841469	0.946781884969	0.618217288545	0.698730517158	0.733435679072	0.665816959884	0.547390836153	0.922688279362	0.522770212663	0.852097143548	0.690625239246	0.929992145964
AA4	0.525307361044	0.0	2.24074257612	0.869625461576	0.612283064282	0.607825031416	0.846499782504	0.492602310295	0.683973707105	0.511697738038	0.837728612856	0.453168057032	0.4420119768	1.91589757854	0.323888719188	0.296448177864	0.687359294345	0.682346520058	1.56901634606	1.04539635573	0.818539101015	0.640502667956	0.854936694055	0.803478709522	1.49188431126	0.616431019816	0.676281005317	0.614637733204	0.65304739971	0.688194765587	0.848553533108	0.709649067182	0.629169903335	0.61164178347	0.939231556307	0.638420782987	0.734187704205	0.538393682939	0.613592725955	0.492805543741	0.396946834219	1.21339447559	1.11682130498	0.460094374094	0.952788448526	0.884647307878	0.9517059884	0.815564905752	0.733672817786	0.695173943934	0.95813262929	0.855033325278	0.54978520058	0.638689487675	0.665853711938	0.596889772837	0.424709835669	0.857147733204	0.45509679072	0.74799062349	0.499161918801	0.806386689222
AB3	2.26474361527	2.24074257612	0.0	1.49350106815	2.19256400677	2.42364289995	1.91218774287	2.26343523925	2.34346141614	2.11513734654	2.54890073949	2.26115244079	2.31840524408	0.367796752054	2.13650044949	2.2588177332	2.49330930401	2.48498924118	1.15865229096	1.47987880619	1.98956057516	2.17656100048	2.43607668922	2.40272342194	1.89850340744	2.17917559691	2.36311314161	2.28144119865	1.87818710488	1.80186120831	2.44334423876	2.41654324311	2.2907519768	2.37912885452	2.55175791203	2.44173693088	2.60155982117	1.97871891735	2.54369315611	2.28666068632	2.36959358627	1.29067518608	1.37996185114	2.04975492992	2.73920895602	2.66892302078	2.66431250846	2.67985167714	2.52610532141	2.57552125665	2.76413856936	2.70260061866	2.52114355244	2.60894009667	2.6090621363	2.59082295312	2.28563559207	2.69821503625	2.32020626873	2.63806851136	2.42532844853	2.67349803287
AB4	1.00266062349	0.869625461576	1.49350106815	0.0	0.880037873369	1.03329586757	0.806372812953	0.937846060899	1.08880817786	0.801132595457	1.22296979217	0.904227051716	0.851185944901	1.15787948284	0.788454432093	0.900946959884	1.16221603673	1.14734875302	1.07722687289	0.51364318028	0.926665268246	0.928245094248	1.14498717255	1.09273680522	1.31576934751	0.89047717738	1.06912977284	0.983981822136	0.643096969551	0.59543962784	1.27267049783	1.1525639536	1.04928836636	1.08439288062	1.33920432576	1.14591550507	1.30214711455	0.697924712421	1.17486731271	0.920849371677	0.992218965684	0.650300333494	0.572970033833	0.720933658772	1.44686040599	1.3667620203	1.40181278395	1.33164656839	1.26143870469	1.25290080715	1.47224949734	1.39566114548	1.15689307878	1.26045470759	1.27350495408	1.23960325761	0.9518320203	1.40542826486	0.978703508942	1.31240512325	1.06576758337	1.35043837603
AC3	0.880499879169	0.612283064282	2.19256400677	0.880037873369	0.0	0.776333750604	0.851162798453	0.828941691638	0.970723102948	0.662739304012	1.06868048333	0.296525959401	0.778361053649	1.87487472692	0.636912063799	0.734657921701	0.992172740454	0.983809835669	1.49287926535	1.03866738521	1.03117533108	0.972238095698	1.23523525375	1.17921062832	1.33663555341	0.81020019333	1.04624772354	0.994756486225	0.906686384727	0.876224567424	1.16837033349	1.02537214113	0.963986036733	0.932601300145	0.786099347511	0.676653204447	0.952587742871	0.706863678105	0.855808598357	0.616598980184	0.721484369261	1.19021646689	1.1010379797	0.591102310295	1.15648928951	1.09521484775	0.868644973417	0.931915210246	0.723416529725	0.770802518125	1.04916566941	0.922154069599	0.724290062832	0.827263881102	0.841414340261	0.784045161914	0.796281570807	0.905773552441	0.806614731754	0.863564601257	0.824512223296	0.922271271145
AC4	0.790881962301	0.607825031416	2.42364289995	1.03329586757	0.776333750604	0.0	1.16513531174	0.391184722088	0.429200043499	0.794291478975	0.339694446593	0.562179400677	0.471884064766	2.09797935234	0.739154968584	0.689873779604	0.55931901885	0.537453513775	1.89150647173	1.3006681537	0.907828685355	0.643944325761	0.614357626873	0.559964224263	1.79656706138	0.870252116965	0.534895635573	0.53186041566	0.726406118898	0.8268959884	0.831369304012	0.663148878685	0.439780869985	0.357199884002	1.0384461769	0.707387680039	0.487084538424	0.694723943934	0.357641208313	0.789711290478	0.550009284679	1.41544742388	1.31964733204	0.665396901885	0.659426887385	0.579038651522	1.06539005317	0.804530227163	0.864060729821	0.752957902368	0.910404900918	0.928084929918	0.541992928951	0.645234345094	0.643822522958	0.615465611406	0.640544475592	0.952741329145	0.650984693088	0.774295509908	0.427928728855	0.80078142581
AD3	0.896018414693	0.846499782504	1.91218774287	0.806372812953	0.851162798453	1.16513531174	0.0	0.974975461576	1.27665827453	0.443721087482	1.38181381827	0.91008500725	1.06100793137	1.58769514741	0.794918081199	0.858052087965	1.24561836153	1.21179628806	1.31950387144	0.807599763171	0.855705340744	0.927907274045	1.30985794587	1.25466206863	1.217390203	0.840597520541	1.17096813436	1.06908356694	0.862668970517	0.75934240696	1.15455156597	1.06237160464	1.20084271629	1.14002538424	1.18913509908	1.00024749638	1.24136755437	0.682890952151	1.16537594007	0.791089879169	0.920956476559	0.868183218946	0.80492098115	0.707978052199	1.41256362011	1.35344398743	1.33566342194	1.36248369261	1.16716913968	1.16175766071	1.47335283712	1.3637077622	1.14365093765	1.2122422523	1.24439450942	1.17151242629	0.94976702755	1.35401874819	0.96352120348	1.22069422426	1.14158320928	1.33921209763
AD4	0.756012977284	0.492602310295	2.26343523925	0.937846060899	0.828941691638	0.391184722088	0.974975461576	0.0	0.340365500242	0.581995679072	0.565819217013	0.625698612856	0.487763363944	1.93918263412	0.580719903335	0.59786542291	0.554928873852	0.546224084099	1.79400523925	1.20747074915	0.821032034799	0.534121546641	0.587123325278	0.53606961334	1.7294362204	0.789757883035	0.485047675205	0.447368250362	0.553128878685	0.70535860319	0.793974983084	0.637067365877	0.324502914451	0.369981503142	1.13809924118	0.781448893185	0.582399352344	0.549048540358	0.484360923151	0.694446868052	0.518764311261	1.23339070565	1.14092171097	0.52856959884	0.769097032383	0.696381614306	1.16851750121	0.887284896085	0.964126872885	0.883492909618	0.997648018366	1.03972248913	0.644420956984	0.700770483325	0.717517249879	0.709286263896	0.529800613823	1.06504941518	0.597127791203	0.898587665539	0.479677162881	0.897234209763
AE3	0.881808791687	0.683973707105	2.34346141614	1.08880817786	0.970723102948	0.429200043499	1.27665827453	0.340365500242	0.0	0.879278840019	0.396963673272	0.769050318995	0.583291464476	2.02842703238	0.755446176897	0.768330526825	0.519097796037	0.550924248429	1.96643458676	1.38766131464	0.974391503142	0.681247559207	0.465899313678	0.452148965684	1.92538649589	0.989936191397	0.451738888352	0.512729671339	0.718093093282	0.888530067666	0.901458946351	0.749030903818	0.242900681489	0.332858467859	1.22476401643	0.888450430159	0.538053339778	0.767567776704	0.531690367327	0.932679502175	0.689409995167	1.34860710971	1.28136897052	0.747750768487	0.775593301112	0.699585065249	1.25749159497	0.969169951667	1.06918096665	0.98393580957	1.07175983084	1.12995115031	0.719616114065	0.79658961334	0.799857162881	0.789960705655	0.683024751087	1.16064927985	0.731252073465	0.999092498792	0.558403078782	0.98980121798
AE4	0.648693663606	0.511697738038	2.11513734654	0.801132595457	0.662739304012	0.794291478975	0.443721087482	0.581995679072	0.879278840019	0.0	1.00815129048	0.589215316578	0.723656752054	1.78946801837	0.512116268729	0.539240473659	0.868976848719	0.844801561141	1.5005899565	0.935416027066	0.712570140164	0.637584823586	0.939211580474	0.881137530208	1.38524650556	0.591204069599	0.79372940551	0.701475548574	0.602269768004	0.570081754471	0.907281672305	0.774053040116	0.806567167714	0.767925640406	1.01010653939	0.759782909618	0.877678685355	0.441698516191	0.798410077332	0.524672252296	0.574840251329	1.03997111165	0.939942126631	0.436557129048	1.08363234413	1.02460850652	1.06313881585	1.06213602223	0.905894847753	0.905605128081	1.19436342678	1.07903703722	0.818950923151	0.886362595457	0.893438351861	0.844404543258	0.612701764137	1.06919087482	0.624860096665	0.959273823103	0.769919096182	1.04789250846
AF3	0.965430686322	0.837728612856	2.54890073949	1.22296979217	1.06868048333	0.339694446593	1.38181381827	0.565819217013	0.396963673272	1.00815129048	0.0	0.852900671822	0.689360318995	2.22848517641	0.964881894635	0.909332740454	0.533362078299	0.541213702272	2.07162947318	1.48270127598	1.06722455292	0.809985055582	0.408355108748	0.388513992267	2.0176462929	1.07567301112	0.535458385694	0.662119685839	0.86663962784	0.997092832286	0.859965297245	0.745778579024	0.480095790237	0.485442672789	1.20983161431	0.928205374577	0.443001594973	0.896320169164	0.474789507008	1.00980145481	0.756996993717	1.56417032866	1.48399507008	0.894247288545	0.683936288062	0.608308467859	1.2303198115	0.945360033833	1.11577700338	0.974640952151	1.02941911551	1.05901445626	0.740945606573	0.759259444176	0.750485485742	0.756347259546	0.854799163847	1.10072928951	0.875149328178	0.955508042533	0.569385321411	0.940834818753
AF4	0.776330652489	0.453168057032	2.26115244079	0.904227051716	0.296525959401	0.562179400677	0.91008500725	0.625698612856	0.769050318995	0.589215316578	0.852900671822	0.0	0.585403446109	1.94094945384	0.520715123248	0.592095384244	0.846118245529	0.850153562107	1.63136075882	1.07135853552	0.907372687289	0.797156099565	1.03774173514	0.97890738521	1.48719778154	0.735076602223	0.86296159014	0.814259236346	0.778119110681	0.77009781537	1.04066716771	0.907426239729	0.759459652006	0.730154296762	0.824845297245	0.523484741421	0.778542866119	0.601316152731	0.706762474625	0.568621846303	0.580495258579	1.22349727405	1.12707857419	0.491478032866	0.944299250846	0.873545872402	0.853519642339	0.769688806187	0.630488385694	0.640127965201	0.907466505558	0.801897834703	0.591924461092	0.67570102465	0.697228641856	0.660451266312	0.636571725471	0.802407515708	0.664475954567	0.718092638956	0.670562455292	0.765450831319
AG3	0.70353719188	0.4420119768	2.31840524408	0.851185944901	0.778361053649	0.471884064766	1.06100793137	0.487763363944	0.583291464476	0.723656752054	0.689360318995	0.585403446109	0.0	1.98138443209	0.518891019816	0.549341952634	0.577760947318	0.578596273562	1.75174817786	1.17135244079	0.882162203963	0.608574113098	0.714033765104	0.680691923635	1.6338677622	0.729766012566	0.563382928951	0.55320020783	0.66098618173	0.754517269212	0.830338559691	0.670385567907	0.56121558724	0.52568261479	1.0340917303	0.726553320445	0.70393900435	0.656295239246	0.557239898502	0.673705582407	0.474693146448	1.30891869019	1.21774677622	0.583457583374	0.870033378444	0.79677482842	1.02308718705	0.787778313195	0.840234654422	0.742949758337	0.92318181247	0.892899888835	0.509011706138	0.637029603673	0.670078168197	0.595975621073	0.468950976317	0.932405451909	0.488864069599	0.763565074915	0.414233528275	0.770142319961
AG4	1.94083952634	1.91589757854	0.367796752054	1.15787948284	1.87487472692	2.09797935234	1.58769514741	1.93918263412	2.02842703238	1.78946801837	2.22848517641	1.94094945384	1.98138443209	0.0	1.81743772354	1.93130658772	2.1783622378	2.16704798453	0.912778738521	1.16654534074	1.67458216046	1.85554310778	2.11790497342	2.08315211213	1.64782253746	1.85987884485	2.04177915418	1.95833559207	1.56590066699	1.4825720058	2.13715254229	2.09661194297	1.97512982117	2.05626069599	2.23400021266	2.12098047849	2.285610058	1.66450547124	2.21810481392	1.96167875302	2.04310916868	0.983409424843	1.075790174	1.73039878685	2.41972817303	2.34747922185	2.33926040599	2.35531698405	2.20155935718	2.2501079072	2.44365268246	2.37868274529	2.19473741421	2.28249208313	2.2895222233	2.26520202513	1.96381674239	2.37497089899	1.99910576607	2.31076089415	2.10275343644	2.35049887385
AH3	0.752367825036	0.323888719188	2.13650044949	0.788454432093	0.636912063799	0.739154968584	0.794918081199	0.580719903335	0.755446176897	0.512116268729	0.964881894635	0.520715123248	0.518891019816	1.81743772354	0.0	0.514412373127	0.77307159014	0.785699511841	1.5432938811	0.994927433543	0.845378192363	0.719985857902	0.915029038183	0.891341126148	1.46404013533	0.716569734171	0.762522677622	0.721628724021	0.660110135331	0.676463204447	0.995129096182	0.855940937651	0.699631401643	0.719582846786	1.02973253262	0.750233881102	0.884172556791	0.509135983567	0.77535022233	0.577562179797	0.565883305945	1.09290173514	0.982867568874	0.434426157564	1.09208094732	1.02930248429	1.04729489125	0.924379966167	0.861885906235	0.834932223296	1.05383021266	0.991988269696	0.729633475109	0.824145427743	0.841199047849	0.798485896568	0.537883968101	1.0054219333	0.576708255196	0.878676510391	0.655457317545	0.919707549541
AH4	0.29496737071	0.296448177864	2.2588177332	0.900946959884	0.734657921701	0.689873779604	0.858052087965	0.59786542291	0.768330526825	0.539240473659	0.909332740454	0.592095384244	0.549341952634	1.93130658772	0.514412373127	0.0	0.684587936201	0.632891227646	1.50362508458	1.03205912035	0.784986370227	0.591741643306	0.806208332528	0.749846723055	1.42630087965	0.561298627356	0.65122138231	0.575099705172	0.653423098115	0.669271942968	0.774244543258	0.60734301595	0.72230720638	0.68724120348	0.998831865636	0.718489270179	0.792962474625	0.617493383277	0.674497646206	0.505106249396	0.443930526825	1.25291987917	1.15834361527	0.55822619623	1.00867163847	0.955681488642	0.969081435476	0.858478815853	0.802402116965	0.713173025616	0.995196109232	0.882617820203	0.558284968584	0.651064074432	0.70234419043	0.607455302078	0.383439618173	0.882761353311	0.390710826486	0.776357863702	0.566623069116	0.845916317061
AA7	0.796643687772	0.687359294345	2.49330930401	1.16221603673	0.992172740454	0.55931901885	1.24561836153	0.554928873852	0.519097796037	0.868976848719	0.533362078299	0.846118245529	0.577760947318	2.1783622378	0.77307159014	0.684587936201	0.0	0.144882324795	1.8370300435	1.34545249879	0.993326882552	0.674659130014	0.464958308362	0.464578525858	1.79125580474	0.891620260996	0.357837071049	0.456205630739	0.792221358144	0.924335239246	0.653361130981	0.438237216046	0.490775964234	0.542517037216	1.21417416626	0.975333987434	0.511506660222	0.834854069599	0.473170570324	0.8811879797	0.665511551474	1.50556694538	1.42449944901	0.82597537941	0.787964378927	0.726232237796	1.12335931851	0.852184615756	1.08770038666	0.923252087965	0.929697713871	0.983238748188	0.624947356211	0.663801870469	0.662431546641	0.647584137264	0.550472097632	0.986934035766	0.56519502175	0.910100444659	0.464636737554	0.869891068149
AA8	0.729275012083	0.682346520058	2.48498924118	1.14734875302	0.983809835669	0.537453513775	1.21179628806	0.546224084099	0.550924248429	0.844801561141	0.541213702272	0.850153562107	0.578596273562	2.16704798453	0.785699511841	0.632891227646	0.144882324795	0.0	1.79892361044	1.30590090382	0.936003040116	0.618201909135	0.454922740454	0.453333175447	1.73907625423	0.842322179797	0.360840884485	0.415489250846	0.751413552441	0.872021063316	0.608166423393	0.375473392943	0.515835350411	0.534883470275	1.21214373127	0.973480633156	0.533142663122	0.827259632673	0.448815099082	0.849087046883	0.633348898018	1.50106670855	1.41812492508	0.830685108748	0.781855944901	0.708407022716	1.12644786854	0.862751570807	1.08688179314	0.922719719671	0.937076471725	0.987616075399	0.612498013533	0.645457834703	0.65334417593	0.640438815853	0.532574751087	0.994186365394	0.55625077332	0.908688550024	0.442359603673	0.872927196713
AB7	1.47274706138	1.56901634606	1.15865229096	1.07722687289	1.49287926535	1.89150647173	1.31950387144	1.79400523925	1.96643458676	1.5005899565	2.07162947318	1.63136075882	1.75174817786	0.912778738521	1.5432938811	1.50362508458	1.8370300435	1.79892361044	0.0	0.645538965684	1.51949179314	1.61069790237	1.96395133881	1.91423135331	1.09184355727	1.45487831803	1.81927160947	1.70411368294	1.36947224263	1.22594566941	1.74232151764	1.68131591107	1.88651071532	1.90628429676	1.87869229096	1.81352313195	1.97445628806	1.47487085065	1.91590487675	1.50830682939	1.65406281295	0.997171981634	0.996346727888	1.49112939584	2.17714247463	2.12533932334	1.93116300145	1.9861982262	1.84215779604	1.83724497342	2.06496647173	1.98132069116	1.78325682939	1.85868546641	1.86901471725	1.84384312228	1.62593900918	1.95429713871	1.63822922185	1.90208351861	1.81028677139	1.97337969067
AB8	1.04219701788	1.04539635573	1.47987880619	0.51364318028	1.03866738521	1.3006681537	0.807599763171	1.20747074915	1.38766131464	0.935416027066	1.48270127598	1.07135853552	1.17135244079	1.16654534074	0.994927433543	1.03205912035	1.34545249879	1.30590090382	0.645538965684	0.0	0.981377457709	1.0304299855	1.37715886902	1.32127064766	1.15822049299	0.934211242146	1.24106724988	1.12396324311	0.770137394877	0.643356283229	1.26164506525	1.20930632189	1.30801135331	1.3169660174	1.4175258434	1.26947214113	1.43064824553	0.891383784437	1.37672295312	1.03515128565	1.15107275012	0.724593122281	0.636141527308	0.910305635573	1.61632817786	1.54708598357	1.55586431609	1.53319622523	1.38622299662	1.37463923151	1.63109684389	1.55969352827	1.34861917835	1.40801183664	1.42484035283	1.39581874335	1.13097012566	1.55492144031	1.16134946351	1.43555362977	1.25988796037	1.51247696472
AC7	0.801450531658	0.818539101015	1.98956057516	0.926665268246	1.03117533108	0.907828685355	0.855705340744	0.821032034799	0.974391503142	0.712570140164	1.06722455292	0.907372687289	0.882162203963	1.67458216046	0.845378192363	0.784986370227	0.993326882552	0.936003040116	1.51949179314	0.981377457709	0.0	0.433752160464	0.956261362977	0.899875239246	1.42528121798	0.72364738521	0.883023160947	0.752918757854	0.554695964234	0.536068994683	0.833285500242	0.768387559207	0.893355239246	0.88224319478	1.27789777187	1.04016429193	1.10063442243	0.71556942001	1.0011658724	0.923317733204	0.888364823586	1.18007130498	1.12804778154	0.717912537458	1.11172955051	1.02929823103	1.46331927018	1.36840891735	1.23067390043	1.20346327211	1.49986753504	1.41775432093	1.06001750604	1.15606807637	1.17405628323	1.11171509908	0.873696689222	1.41419060416	0.86981479942	1.24010520058	0.920060691155	1.36189009183
AC8	0.662252116965	0.640502667956	2.17656100048	0.928245094248	0.972238095698	0.643944325761	0.927907274045	0.534121546641	0.681247559207	0.637584823586	0.809985055582	0.797156099565	0.608574113098	1.85554310778	0.719985857902	0.591741643306	0.674659130014	0.618201909135	1.61069790237	1.0304299855	0.433752160464	0.0	0.665160202997	0.622377926535	1.50689333011	0.620386466892	0.511415930401	0.38544781537	0.441915770904	0.544265050749	0.629119313678	0.478244224263	0.597457452876	0.594640778154	1.17461124698	0.84473120348	0.79631537941	0.626239434509	0.702630908652	0.78897757854	0.646519545674	1.21656358144	1.12401431609	0.654420908652	0.90359338811	0.837626022233	1.30670928468	1.06825252296	1.06048410826	0.972143678105	1.19511531658	1.1708557709	0.769120782987	0.852329845336	0.876462962784	0.816690836153	0.561776766554	1.19301528275	0.585939971	0.975492257129	0.615004499758	1.06234659256
AD7	0.867018158531	0.854936694055	2.43607668922	1.14498717255	1.23523525375	0.614357626873	1.30985794587	0.587123325278	0.465899313678	0.939211580474	0.408355108748	1.03774173514	0.714033765104	2.11790497342	0.915029038183	0.806208332528	0.464958308362	0.454922740454	1.96395133881	1.37715886902	0.956261362977	0.665160202997	0.0	0.139416872885	1.91005703238	0.932550749154	0.374405219913	0.482283658772	0.725040285162	0.870869835669	0.74436542291	0.615186563557	0.473777636539	0.555458912518	1.38810339778	1.09655331078	0.60863900435	0.874587216046	0.631567776704	1.0362177912	0.82082497825	1.45726954567	1.37292657322	0.927952750121	0.837140260996	0.76018658289	1.37441794587	1.08792980667	1.27302661189	1.14637105365	1.1671181972	1.22885666989	0.870729096182	0.887467921701	0.886529594007	0.881304301595	0.733616669889	1.26058201063	0.755167916868	1.12575295312	0.62946842436	1.09490724021
AD8	0.825982416626	0.803478709522	2.40272342194	1.09273680522	1.17921062832	0.559964224263	1.25466206863	0.53606961334	0.452148965684	0.881137530208	0.388513992267	0.97890738521	0.680691923635	2.08315211213	0.891341126148	0.749846723055	0.464578525858	0.453333175447	1.91423135331	1.32127064766	0.899875239246	0.622377926535	0.139416872885	0.0	1.83234114548	0.850974262929	0.359765447076	0.45633560174	0.671825355244	0.807549395843	0.705889429676	0.565721242146	0.467882880619	0.519662677622	1.35531512808	1.05764292412	0.589693557274	0.825095060416	0.594461527308	0.979479120348	0.766744142098	1.42338655389	1.33611037699	0.871658661189	0.814610212663	0.735470831319	1.33065250846	1.05474077332	1.224590174	1.09287490575	1.1392759304	1.19306539391	0.823914088932	0.854446988884	0.856540502658	0.842461928468	0.718581672305	1.21834808603	0.738394253262	1.07546784437	0.589513571774	1.05645930884
AE7	1.38390586274	1.49188431126	1.89850340744	1.31576934751	1.33663555341	1.79656706138	1.217390203	1.7294362204	1.92538649589	1.38524650556	2.0176462929	1.48719778154	1.6338677622	1.64782253746	1.46404013533	1.42630087965	1.79125580474	1.73907625423	1.09184355727	1.15822049299	1.42528121798	1.50689333011	1.91005703238	1.83234114548	0.0	1.00536217496	1.77562788787	1.64998262446	1.38553745288	1.30158438376	1.58350443693	1.56217515708	1.85280438376	1.83881303528	1.69627906718	1.68249043983	1.90527892702	1.47312257612	1.84424831803	1.38635291928	1.5889320348	1.48654942001	1.4322557564	1.4223721508	2.03530563557	1.99382589657	1.7092659594	1.85457299662	1.65642561624	1.66613410826	1.93940926535	1.79258127115	1.67827294345	1.72014421943	1.74910637506	1.67652068632	1.58757361527	1.78098462059	1.57452610923	1.74336374094	1.73937759787	1.83782605123
AE8	0.612337849203	0.616431019816	2.17917559691	0.89047717738	0.81020019333	0.870252116965	0.840597520541	0.789757883035	0.989936191397	0.591204069599	1.07567301112	0.735076602223	0.729766012566	1.85987884485	0.716569734171	0.561298627356	0.891620260996	0.842322179797	1.45487831803	0.934211242146	0.72364738521	0.620386466892	0.932550749154	0.850974262929	1.00536217496	0.0	0.828003731271	0.715115461576	0.691678854519	0.63270482842	0.776807375544	0.694901092315	0.915100323828	0.89266217013	1.08936265346	0.890886312228	0.977743663606	0.700298419526	0.915289052682	0.611538487192	0.673817274045	1.22936033349	1.1355518028	0.65209117448	1.14057751571	1.08819667472	1.15871990817	1.10718705172	0.980700908652	0.93438098115	1.22151827453	1.15544566941	0.858183228613	0.916545505075	0.925882740454	0.899331532141	0.70374242146	1.15328224263	0.702826573224	0.987786592557	0.808581512808	1.09210227163
AF7	0.751356437893	0.676281005317	2.36311314161	1.06912977284	1.04624772354	0.534895635573	1.17096813436	0.485047675205	0.451738888352	0.79372940551	0.535458385694	0.86296159014	0.563382928951	2.04177915418	0.762522677622	0.65122138231	0.357837071049	0.360840884485	1.81927160947	1.24106724988	0.883023160947	0.511415930401	0.374405219913	0.359765447076	1.77562788787	0.828003731271	0.0	0.217397336878	0.644070947318	0.78245257129	0.664136877719	0.523708767521	0.413142643789	0.475909062349	1.20906996133	0.919436152731	0.514999429676	0.748802431126	0.527793460609	0.870441300145	0.644543151281	1.39686162881	1.30984281295	0.780039574674	0.806790691155	0.750556529724	1.22040327211	0.936105534074	1.08610566457	0.975774079265	1.02338292412	1.08158911068	0.705317854036	0.765021967134	0.769591266312	0.760925509908	0.558241493475	1.10746496858	0.582848197197	0.97182318028	0.482453682939	0.943757612373
AF8	0.640258327695	0.614637733204	2.28144119865	0.983981822136	0.994756486225	0.53186041566	1.06908356694	0.447368250362	0.512729671339	0.701475548574	0.662119685839	0.814259236346	0.55320020783	1.95833559207	0.721628724021	0.575099705172	0.456205630739	0.415489250846	1.70411368294	1.12396324311	0.752918757854	0.38544781537	0.482283658772	0.45633560174	1.64998262446	0.715115461576	0.217397336878	0.0	0.549813523441	0.673415311745	0.633003919768	0.46602900435	0.462254441759	0.489590720155	1.17896521025	0.89009381827	0.61661619623	0.694046283229	0.533215630739	0.795869289512	0.601032010633	1.31129338811	1.21844227646	0.72079658289	0.863050927985	0.802901116481	1.21724506525	0.947682580957	1.03605253262	0.954348255196	1.0365898405	1.08364362494	0.694000120831	0.765727491542	0.773920918318	0.75224858869	0.508559932334	1.10491259062	0.53253777187	0.956668685355	0.471120898985	0.95076117448
AG7	0.698838898018	0.65304739971	1.87818710488	0.643096969551	0.906686384727	0.726406118898	0.862668970517	0.553128878685	0.718093093282	0.602269768004	0.86663962784	0.778119110681	0.66098618173	1.56590066699	0.660110135331	0.653423098115	0.792221358144	0.751413552441	1.36947224263	0.770137394877	0.554695964234	0.441915770904	0.725040285162	0.671825355244	1.38553745288	0.691678854519	0.644070947318	0.549813523441	0.0	0.220437825036	0.794677626873	0.681965224746	0.659284746254	0.731375495408	1.28574378927	0.948841657806	0.90129860319	0.492485896568	0.821191735138	0.822760666989	0.695968115031	0.978307704205	0.88310297245	0.52289022233	1.07824389077	1.01298401643	1.36192324795	1.13731865636	1.16325104398	1.08324365394	1.26413688739	1.22356337361	0.884944557757	0.964702696955	0.967264514258	0.953826703722	0.667497573707	1.24942744804	0.692115645239	1.10379943451	0.742615998067	1.14145047366
AG8	0.682830662156	0.688194765587	1.80186120831	0.59543962784	0.876224567424	0.8268959884	0.75934240696	0.70535860319	0.888530067666	0.570081754471	0.997092832286	0.77009781537	0.754517269212	1.4825720058	0.676463204447	0.669271942968	0.924335239246	0.872021063316	1.22594566941	0.643356283229	0.536068994683	0.544265050749	0.870869835669	0.807549395843	1.30158438376	0.63270482842	0.78245257129	0.673415311745	0.220437825036	0.0	0.889258264862	0.792578042533	0.817685645239	0.822468883519	1.25483453842	0.967121145481	1.02271329628	0.4618359884	0.927019371677	0.791084050266	0.751664528758	0.918382136298	0.833516292895	0.491509526341	1.15952518608	1.09292432576	1.3424240406	1.23337621073	1.15013025133	1.12673217013	1.36093662639	1.29327677139	0.972606655389	1.04084545191	1.04200810053	1.02340536008	0.755722136298	1.29093098598	0.780276012566	1.1724599565	0.831415804737	1.2303602175
AH7	0.727718951184	0.848553533108	2.44334423876	1.27267049783	1.16837033349	0.831369304012	1.15455156597	0.793974983084	0.901458946351	0.907281672305	0.859965297245	1.04066716771	0.830338559691	2.13715254229	0.995129096182	0.774244543258	0.653361130981	0.608166423393	1.74232151764	1.26164506525	0.833285500242	0.629119313678	0.74436542291	0.705889429676	1.58350443693	0.776807375544	0.664136877719	0.633003919768	0.794677626873	0.889258264862	0.0	0.287019294345	0.88306062349	0.864809671339	1.18363664089	1.01239801837	0.787452924118	0.933005234413	0.780572677622	0.971220439826	0.8167680232	1.50786548574	1.43061470275	0.955038260029	0.961968719188	0.916071271145	1.27961013533	1.04683524891	1.18776791687	1.02599916385	1.13536167714	1.15341695988	0.836564340261	0.822199473175	0.828631498308	0.811747307878	0.772496505558	1.17436249396	0.771480541324	1.00303620106	0.718789284679	1.05360926051
AH8	0.61315118898	0.709649067182	2.41654324311	1.1525639536	1.02537214113	0.663148878685	1.06237160464	0.637067365877	0.749030903818	0.774053040116	0.745778579024	0.907426239729	0.670385567907	2.09661194297	0.855940937651	0.60734301595	0.438237216046	0.375473392943	1.68131591107	1.20930632189	0.768387559207	0.478244224263	0.615186563557	0.565721242146	1.56217515708	0.694901092315	0.523708767521	0.46602900435	0.681965224746	0.792578042533	0.287019294345	0.0	0.718355190913	0.68396159014	1.16095632189	0.917910961817	0.669237999033	0.821114475592	0.610157878202	0.82650681972	0.664641817303	1.44082698405	1.34837949734	0.827891764137	0.855962687289	0.802400115998	1.14978341711	0.91477077332	1.06066689222	0.892074340261	0.988578158531	1.0338059014	0.644895263412	0.688794900918	0.699421677139	0.662634393427	0.612244780087	1.03715217013	0.603168554857	0.878137873369	0.541757539874	0.923193204447
AA5	0.865545838569	0.629169903335	2.2907519768	1.04928836636	0.963986036733	0.439780869985	1.20084271629	0.324502914451	0.242900681489	0.806567167714	0.480095790237	0.759459652006	0.56121558724	1.97512982117	0.699631401643	0.72230720638	0.490775964234	0.515835350411	1.88651071532	1.30801135331	0.893355239246	0.597457452876	0.473777636539	0.467882880619	1.85280438376	0.915100323828	0.413142643789	0.462254441759	0.659284746254	0.817685645239	0.88306062349	0.718355190913	0.0	0.273575853069	1.23112895118	0.879369043016	0.568868066699	0.672714712421	0.553522010633	0.84731919768	0.636704335428	1.27645375544	1.20337724021	0.673617443209	0.785452348961	0.698708936684	1.29540991783	1.02199418076	1.08071598357	1.00633409377	1.11729156114	1.16301617206	0.740905949734	0.825646022233	0.816904485259	0.814654804253	0.614362155631	1.17941244563	0.664134726921	1.01893337361	0.545268390527	1.03014649106
AA6	0.810938144031	0.61164178347	2.37912885452	1.08439288062	0.932601300145	0.357199884002	1.14002538424	0.369981503142	0.332858467859	0.767925640406	0.485442672789	0.730154296762	0.52568261479	2.05626069599	0.719582846786	0.68724120348	0.542517037216	0.534883470275	1.90628429676	1.3169660174	0.88224319478	0.594640778154	0.555458912518	0.519662677622	1.83881303528	0.89266217013	0.475909062349	0.489590720155	0.731375495408	0.822468883519	0.864809671339	0.68396159014	0.273575853069	0.0	1.09394637023	0.761411391977	0.503597694538	0.656497167714	0.449153842436	0.811732150797	0.56192759304	1.35832139198	1.2642040841	0.656030425326	0.577264490092	0.495529101015	1.16553372644	0.907389221846	0.954103330111	0.85647159014	1.0033821073	1.0298538231	0.623186462059	0.712454229096	0.71707701305	0.684540294828	0.592077718705	1.0528001595	0.63481298695	0.875850705655	0.460528110198	0.908399463509
AB5	1.07884437893	0.939231556307	2.55175791203	1.33920432576	0.786099347511	1.0384461769	1.18913509908	1.13809924118	1.22476401643	1.01010653939	1.20983161431	0.824845297245	1.0340917303	2.23400021266	1.02973253262	0.998831865636	1.21417416626	1.21214373127	1.87869229096	1.4175258434	1.27789777187	1.17461124698	1.38810339778	1.35531512808	1.69627906718	1.08936265346	1.20906996133	1.17896521025	1.28574378927	1.25483453842	1.18363664089	1.16095632189	1.23112895118	1.09394637023	0.0	0.407658728855	0.983564528758	1.07494938618	0.971441043983	0.824951657806	0.879740265829	1.60017569841	1.50019367327	1.01215390527	1.00599753987	0.961218612856	0.809269734171	0.925429859836	0.745572899952	0.727884262929	1.02214964717	0.880201652972	0.867962508458	0.878636036733	0.920883305945	0.883746230063	1.01925894635	0.853081532141	1.00545530691	0.780583204447	0.994622841953	0.895885959401
AB6	0.844982866119	0.638420782987	2.44173693088	1.14591550507	0.676653204447	0.707387680039	1.00024749638	0.781448893185	0.888450430159	0.759782909618	0.928205374577	0.523484741421	0.726553320445	2.12098047849	0.750233881102	0.718489270179	0.975333987434	0.973480633156	1.81352313195	1.26947214113	1.04016429193	0.84473120348	1.09655331078	1.05764292412	1.68249043983	0.890886312228	0.919436152731	0.89009381827	0.948841657806	0.967121145481	1.01239801837	0.917910961817	0.879369043016	0.761411391977	0.407658728855	0.0	0.740268342194	0.756143446109	0.729396747221	0.668505978734	0.622143354277	1.42257615756	1.32458879652	0.695239439343	0.777118153697	0.725630758821	0.802362044466	0.742681184147	0.596483354277	0.547853257612	0.854737114548	0.748999956501	0.637774509425	0.669911227646	0.711406452392	0.682146331561	0.731044229096	0.735853146448	0.733690642823	0.602291145481	0.748451623973	0.72090677622
AC5	0.887250154664	0.734187704205	2.60155982117	1.30214711455	0.952587742871	0.487084538424	1.24136755437	0.582399352344	0.538053339778	0.877678685355	0.443001594973	0.778542866119	0.70393900435	2.285610058	0.884172556791	0.792962474625	0.511506660222	0.533142663122	1.97445628806	1.43064824553	1.10063442243	0.79631537941	0.60863900435	0.589693557274	1.90527892702	0.977743663606	0.514999429676	0.61661619623	0.90129860319	1.02271329628	0.787452924118	0.669237999033	0.568868066699	0.503597694538	0.983564528758	0.740268342194	0.0	0.788339009183	0.366988559691	0.853843716771	0.638153078782	1.61330159014	1.50548255196	0.810196230063	0.559576394393	0.528344649589	1.01062960367	0.741901358144	0.921027617206	0.775223852102	0.809740942484	0.844302344128	0.557736723055	0.558077723538	0.549872078299	0.552895978734	0.718366916385	0.894252373127	0.732115350411	0.755770430159	0.51334159014	0.725559217013
AC6	0.767366843886	0.538393682939	1.97871891735	0.697924712421	0.706863678105	0.694723943934	0.682890952151	0.549048540358	0.767567776704	0.441698516191	0.896320169164	0.601316152731	0.656295239246	1.66450547124	0.509135983567	0.617493383277	0.834854069599	0.827259632673	1.47487085065	0.891383784437	0.71556942001	0.626239434509	0.874587216046	0.825095060416	1.47312257612	0.700298419526	0.748802431126	0.694046283229	0.492485896568	0.4618359884	0.933005234413	0.821114475592	0.672714712421	0.656497167714	1.07494938618	0.756143446109	0.788339009183	0.0	0.786788786854	0.613427075882	0.594904548091	0.863842590623	0.757234949251	0.278534543258	1.02776630739	0.96534958434	1.16455304012	1.08622332528	0.960008666022	0.932817080715	1.18660197197	1.11688936684	0.817164548091	0.920113842436	0.926807375544	0.892075529241	0.613348448526	1.10956132914	0.647464838086	0.995441164814	0.725109724505	1.06186185114
AD6	0.771668844853	0.613592725955	2.54369315611	1.17486731271	0.855808598357	0.357641208313	1.16537594007	0.484360923151	0.531690367327	0.798410077332	0.474789507008	0.706762474625	0.557239898502	2.21810481392	0.77535022233	0.674497646206	0.473170570324	0.448815099082	1.91590487675	1.37672295312	1.0011658724	0.702630908652	0.631567776704	0.594461527308	1.84424831803	0.915289052682	0.527793460609	0.533215630739	0.821191735138	0.927019371677	0.780572677622	0.610157878202	0.553522010633	0.449153842436	0.971441043983	0.729396747221	0.366988559691	0.786788786854	0.0	0.742012547124	0.448708153697	1.542659884	1.44872348478	0.771399134848	0.629532890285	0.553019202513	0.921563441276	0.666986631223	0.839374939584	0.687794200097	0.762455582407	0.791556230063	0.444548791687	0.479999932334	0.482315891735	0.469005524408	0.583662174964	0.820177124215	0.603400062832	0.675909139681	0.335121633639	0.66672460609
AE5	0.603465036249	0.492805543741	2.28666068632	0.920849371677	0.616598980184	0.789711290478	0.791089879169	0.694446868052	0.932679502175	0.524672252296	1.00980145481	0.568621846303	0.673705582407	1.96167875302	0.577562179797	0.505106249396	0.8811879797	0.849087046883	1.50830682939	1.03515128565	0.923317733204	0.78897757854	1.0362177912	0.979479120348	1.38635291928	0.611538487192	0.870441300145	0.795869289512	0.822760666989	0.791084050266	0.971220439826	0.82650681972	0.84731919768	0.811732150797	0.824951657806	0.668505978734	0.853843716771	0.613427075882	0.742012547124	0.0	0.345610976317	1.2215477042	1.11864502175	0.549290251329	1.09358700338	1.04448225713	0.888156133398	0.8760859739	0.772139540841	0.687276781054	0.994707452876	0.901786650556	0.636607448043	0.716761875302	0.747974200097	0.658954900918	0.545486872885	0.888594871919	0.541304635089	0.753058622523	0.691727269212	0.858017936201
AE6	0.553984567424	0.396946834219	2.36959358627	0.992218965684	0.721484369261	0.550009284679	0.920956476559	0.518764311261	0.689409995167	0.574840251329	0.756996993717	0.580495258579	0.474693146448	2.04310916868	0.565883305945	0.443930526825	0.665511551474	0.633348898018	1.65406281295	1.15107275012	0.888364823586	0.646519545674	0.82082497825	0.766744142098	1.5889320348	0.673817274045	0.644543151281	0.601032010633	0.695968115031	0.751664528758	0.8167680232	0.664641817303	0.636704335428	0.56192759304	0.879740265829	0.622143354277	0.638153078782	0.594904548091	0.448708153697	0.345610976317	0.0	1.32829285162	1.22598052199	0.546164098598	0.852674615756	0.794898211696	0.904885147414	0.736471130981	0.724075688739	0.602721367811	0.867432087965	0.795265514741	0.459175321411	0.538184316095	0.556249884002	0.509140550991	0.407402817786	0.811356162397	0.404894084099	0.645362532624	0.436101541808	0.732094499758
AF5	1.29660354761	1.21339447559	1.29067518608	0.650300333494	1.19021646689	1.41544742388	0.868183218946	1.23339070565	1.34860710971	1.03997111165	1.56417032866	1.22349727405	1.30891869019	0.983409424843	1.09290173514	1.25291987917	1.50556694538	1.50106670855	0.997171981634	0.724593122281	1.18007130498	1.21656358144	1.45726954567	1.42338655389	1.48654942001	1.22936033349	1.39686162881	1.31129338811	0.978307704205	0.918382136298	1.50786548574	1.44082698405	1.27645375544	1.35832139198	1.60017569841	1.42257615756	1.61330159014	0.863842590623	1.542659884	1.2215477042	1.32829285162	0.0	0.174655819236	0.961841609473	1.75610517641	1.67877399227	1.74001288545	1.69347332044	1.59431277429	1.59719392943	1.81361363944	1.76284946351	1.50807362494	1.61604595457	1.63122480425	1.59319027066	1.25422464959	1.75276782504	1.2984058434	1.65850866602	1.44120382794	1.70366458676
AF6	1.21905961817	1.11682130498	1.37996185114	0.572970033833	1.1010379797	1.31964733204	0.80492098115	1.14092171097	1.28136897052	0.939942126631	1.48399507008	1.12707857419	1.21774677622	1.075790174	0.982867568874	1.15834361527	1.42449944901	1.41812492508	0.996346727888	0.636141527308	1.12804778154	1.12401431609	1.37292657322	1.33611037699	1.4322557564	1.1355518028	1.30984281295	1.21844227646	0.88310297245	0.833516292895	1.43061470275	1.34837949734	1.20337724021	1.2642040841	1.50019367327	1.32458879652	1.50548255196	0.757234949251	1.44872348478	1.11864502175	1.22598052199	0.174655819236	0.0	0.857369096182	1.65944945384	1.58332338328	1.62930074915	1.5980759159	1.47818177864	1.47995681489	1.69435529725	1.65021608023	1.41275070082	1.5206838811	1.53783282262	1.49362551957	1.16185871919	1.6478342001	1.20334993717	1.53988780087	1.35020586274	1.58912834219
AG5	0.720181541808	0.460094374094	2.04975492992	0.720933658772	0.591102310295	0.665396901885	0.707978052199	0.52856959884	0.747750768487	0.436557129048	0.894247288545	0.491478032866	0.583457583374	1.73039878685	0.434426157564	0.55822619623	0.82597537941	0.830685108748	1.49112939584	0.910305635573	0.717912537458	0.654420908652	0.927952750121	0.871658661189	1.4223721508	0.65209117448	0.780039574674	0.72079658289	0.52289022233	0.491509526341	0.955038260029	0.827891764137	0.673617443209	0.656030425326	1.01215390527	0.695239439343	0.810196230063	0.278534543258	0.771399134848	0.549290251329	0.546164098598	0.961841609473	0.857369096182	0.0	1.00558807153	0.94927842436	1.07334221846	0.992277230546	0.872897602707	0.849927718705	1.12064941034	1.02639048333	0.727841005317	0.842819250846	0.854138632189	0.79632921218	0.591794446593	1.032900116	0.617236993717	0.90297261479	0.693179705172	0.988313301112
