	AA3	AA4	AB3	AB4	AC3	AC4	AD3	AD4	AE3	AE4	AF3	AF4	AG3	AG4	AH3	AH4	AA7	AA8	AB7	AB8	AC7	AC8	AD7	AD8	AE7	AE8	AF7	AF8	AG7	AG8	AH7	AH8	AA5	AA6	AB5	AB6	AC5	AC6	AD6	AE5	AE6	AF5	AF6	AG5	AH5	AH6	AA1	AA2	AB1	AB2	AC1	AC2	AD1	AD2	AE1	AE2	AF1	AF2	AG1	AG2	AH1	AH2
AA3	0.0	0.520157602707	2.23291667956	0.968142619623	0.851743489609	0.776327921701	0.881221759304	0.718538632189	0.899306162397	0.675421285645	0.960714838086	0.765187153214	0.70175037216	1.8791721363	0.764509236346	0.266281836636	0.805939081682	0.781614673755	1.40593739004	1.01069740454	0.777401280812	0.621607805703	0.85686159014	0.841752866119	1.36080211213	0.584225577574	0.732243083615	0.690020657322	0.69483497825	0.6731979797	0.753509052682	0.68545161914	0.867855848236	0.823401507975	1.11481305462	0.943805514741	0.959569366844	0.742859318511	0.789710130498	0.5777760029	0.5584059884	1.24423059932	1.11890753021	0.722617356211	1.09568378927	1.05287687772	1.01979979217	0.98079520058	0.907523349444	0.885660879652	1.07357461576	0.991872605123	0.658572174964	0.742545476075	0.776006433059	0.653925031416	0.518991459642	0.913305451909	0.476345534074	0.886704137264	0.657772102465	0.960404625423
AA4	0.520157602707	0.0	2.23269483325	0.878654857419	0.629681768971	0.620602469792	0.837582899952	0.51468502175	0.72603500725	0.589061594973	0.847993552441	0.469100328661	0.458926273562	1.87826081682	0.302618854519	0.336218434026	0.671382909618	0.668008757854	1.53307071049	1.02196565974	0.845791585307	0.616601938134	0.863229661672	0.803712015466	1.4711422958	0.590997660706	0.657798192363	0.635569453842	0.66604659739	0.685835244079	0.86422717738	0.723266698888	0.65104358144	0.630494103432	0.956547844369	0.731633131948	0.794113678105	0.533476650556	0.652849966167	0.468181841469	0.390950918318	1.17636029483	1.03939429676	0.448126955051	0.978970584824	0.90773242146	0.942732300628	0.847348888352	0.742009275012	0.746882039633	0.980498482359	0.879597718705	0.62963777187	0.692864973417	0.703899260512	0.598625137748	0.402841280812	0.837905857902	0.420942460126	0.78216722088	0.469574277429	0.799957965201
AB3	2.23291667956	2.23269483325	0.0	1.49403336394	2.17493291928	2.42620105365	1.92406049783	2.3027878202	2.37042762687	2.10487968584	2.52155203963	2.27129483325	2.32405885452	0.393918414693	2.15331637506	2.2960057854	2.50042477042	2.50401044466	1.19212851136	1.48922736588	1.98749749638	2.17682203963	2.3947097245	2.39760901402	1.9062699565	2.17518674239	2.38290722571	2.2887280957	1.89969769937	1.82534099082	2.45188110198	2.46188585307	2.28531479942	2.38415670855	2.54068496858	2.51321123248	2.62463628323	1.98219510875	2.54438668439	2.30168556791	2.3779037216	1.31123305945	1.42623783954	2.09330038666	2.74002130015	2.67187379894	2.68898334461	2.71079058482	2.53627759304	2.6150522233	2.77550837603	2.71895276462	2.57119254712	2.63453132914	2.62809465442	2.55860708555	2.29690760754	2.68637244563	2.30665951667	2.66139966651	2.38860913001	2.6957221943
AB4	0.968142619623	0.878654857419	1.49403336394	0.0	0.883090169164	1.05320389077	0.78948680522	1.00285936684	1.16770340744	0.8399880232	1.2313322088	0.93720722088	0.862334741421	1.12616908168	0.844547747704	0.947939323345	1.18548284195	1.18587430643	1.00907322378	0.489932745288	0.934928840019	0.928764586757	1.15196737071	1.11556493958	1.26242532141	0.878711889802	1.10945387144	1.02287391977	0.648396176897	0.630886515225	1.26475564524	1.16523835669	1.10001182697	1.12031878202	1.3427439971	1.26607070565	1.34816863219	0.740291749638	1.19789668439	0.957867515708	1.01091708555	0.640210115998	0.541307259546	0.795306365394	1.45584866119	1.40601264379	1.43900869502	1.40887879652	1.26280902368	1.30740695988	1.52455703238	1.43409406477	1.22121818753	1.31344334944	1.32281141131	1.21071951184	0.994315683905	1.39759663606	0.978048163364	1.3564519188	1.03623834703	1.37772359111
AC3	0.851743489609	0.629681768971	2.17493291928	0.883090169164	0.0	0.739465891735	0.82712038666	0.829064886419	0.961501860802	0.680971029483	1.05691579507	0.38630320928	0.789370217496	1.82684053649	0.653347235379	0.761827327211	0.991213629773	0.982550082165	1.4337562494	0.988347361044	1.05193702755	0.982721097148	1.24578497342	1.17785333011	1.28290146448	0.825900318995	1.04575367811	1.02228126631	0.887046288062	0.901243943934	1.17507393427	1.04370041566	0.981397230546	0.940024253262	0.857325050749	0.794554987917	1.01146150797	0.728462750121	0.869939545674	0.626332145964	0.664194688255	1.14662778637	1.04142258096	0.607260062832	1.18771057516	1.15261967134	0.931181377477	0.999348936684	0.747468279362	0.8302240116	1.11790108265	0.999408632189	0.775581029483	0.888742508458	0.896750444659	0.759391478975	0.807548888352	0.909451019816	0.792817820203	0.911740299662	0.823370120831	0.971159908168
AC4	0.776327921701	0.620602469792	2.42620105365	1.05320389077	0.739465891735	0.0	1.12341432093	0.383186466892	0.46456439826	0.854062257129	0.379467129048	0.465365843403	0.438331846303	2.07170240696	0.702305219913	0.659865321411	0.576216292895	0.543369990333	1.82904507008	1.29154646689	0.926045790237	0.651764746254	0.681666447559	0.6239639971	1.731240203	0.77102222813	0.575306713388	0.558706201063	0.701015882069	0.801900691155	0.807869589174	0.643363059449	0.525235321411	0.423698235863	0.976764949251	0.707318840019	0.529015297245	0.670303827936	0.396581841469	0.728639168681	0.519916510391	1.39371876269	1.25312125181	0.592880376994	0.674271111648	0.576659424843	1.03169864669	0.819783576607	0.804575331078	0.765962218463	0.869677887869	0.904783301112	0.545537970034	0.616649637506	0.643423663606	0.580593591107	0.6395440116	0.898300265829	0.662646911551	0.755137791203	0.438498980184	0.760017158047
AD3	0.881221759304	0.837582899952	1.92406049783	0.78948680522	0.82712038666	1.12341432093	0.0	0.987377916868	1.29337105365	0.377661788304	1.34321585307	0.947787704205	1.04756806187	1.56923929918	0.833690898985	0.900457651039	1.24094868052	1.211699797	1.31715096182	0.837182179797	0.883475500242	0.933875442243	1.27541393427	1.23265314645	1.2170839101	0.845792208797	1.15451255679	1.0962220203	0.875398226196	0.764339874335	1.1740920493	1.13103513775	1.2040922813	1.14807814403	1.17539283229	1.10959419526	1.27757056549	0.703932725955	1.18334630256	0.811912561624	0.92164239246	0.844339366844	0.737531106815	0.76396502175	1.41975287579	1.37819002417	1.3505119623	1.36860490575	1.13182641373	1.18382676655	1.50049870469	1.39867292412	1.16457447559	1.24346466409	1.25877698888	1.10311324795	0.958562315128	1.29363424843	0.945287129048	1.2447022813	1.10964323828	1.34063630256
AD4	0.718538632189	0.51468502175	2.3027878202	1.00285936684	0.829064886419	0.383186466892	0.987377916868	0.0	0.34668719188	0.693371449976	0.503403330111	0.582868598357	0.467649101015	1.94648279362	0.589548003867	0.616233586274	0.542968240696	0.519768240696	1.78001042533	1.23893690672	0.846156945384	0.561248738521	0.581249618173	0.514658690188	1.73376917351	0.73951677622	0.497409294345	0.437601754471	0.580726679555	0.697933914935	0.79497742871	0.637027564041	0.319327887869	0.345217723538	1.09627891735	0.823308003867	0.565302295795	0.528043721605	0.466907341711	0.706665577574	0.522344195263	1.25055903335	1.11886124215	0.502929241179	0.730926336394	0.62177381827	1.14859757371	0.926358356694	0.952436346061	0.922476205897	0.969560275495	1.02541127598	0.693673861769	0.674438182697	0.703271290478	0.708746544224	0.536191667472	1.03913434026	0.611659188014	0.896894127598	0.45738861769	0.874416964717
AE3	0.899306162397	0.72603500725	2.37042762687	1.16770340744	0.961501860802	0.46456439826	1.29337105365	0.34668719188	0.0	0.991070444659	0.399108453359	0.700118100532	0.591452658289	2.02428863219	0.745031638473	0.806926288062	0.537099221846	0.550128240696	1.95946108748	1.41941805703	0.98705499275	0.717893127115	0.504896713388	0.488927312711	1.92941887869	0.941053228613	0.530002914451	0.51549780087	0.727605790237	0.878802518125	0.930325993233	0.763974736588	0.281084688255	0.342897762204	1.18139294345	0.908933658772	0.528232832286	0.75545322378	0.520916437893	0.943707443209	0.713430807153	1.36037883035	1.244190058	0.719359468342	0.762389816336	0.564542866119	1.22700959884	0.993244610923	1.05561712905	1.0195417738	1.01670530208	1.09308342678	0.769264040599	0.748670865152	0.767837293378	0.801424649589	0.713137196713	1.12745632189	0.791508264862	0.98315882552	0.589307235379	0.947997515708
AE4	0.675421285645	0.589061594973	2.10487968584	0.8399880232	0.680971029483	0.854062257129	0.377661788304	0.693371449976	0.991070444659	0.0	1.07097745771	0.708922136298	0.806335872402	1.74809867086	0.629846549058	0.657854055099	0.956071309812	0.926657834703	1.45032708555	0.946201377477	0.741771952634	0.657289304012	1.000450232	0.954211348478	1.29924283712	0.583499574674	0.866120231996	0.808831116481	0.656534243596	0.63740982117	0.910873499275	0.838225645239	0.912967941034	0.859537332044	0.982182624456	0.903685592073	0.985571416143	0.544637278879	0.893224987917	0.570699695505	0.663988540358	1.01297325761	0.879436268729	0.56684521508	1.15860373127	1.09472622523	1.13265211696	1.13975429193	0.930076176897	0.973001614306	1.28129755437	1.17457120348	0.92643722088	0.984345698405	1.00784490575	0.863501754471	0.708604809087	1.07773996133	0.697771140648	1.02168081199	0.823216655389	1.10466924601
AF3	0.960714838086	0.847993552441	2.52155203963	1.2313322088	1.05691579507	0.379467129048	1.34321585307	0.503403330111	0.399108453359	1.07097745771	0.0	0.792329173514	0.653521478975	2.17379202997	0.911765070082	0.877892634123	0.477779565007	0.474304369261	2.013039739	1.47519410826	1.03710889802	0.803178448526	0.429579289512	0.416221449976	1.96868996133	0.990095853069	0.518016027066	0.601112692122	0.823018757854	0.958631551474	0.820941551474	0.703498637023	0.463835828903	0.461112885452	1.17508250846	0.954340749154	0.459673107782	0.846016176897	0.487484852586	0.960735596907	0.737641406477	1.51656364911	1.37978215563	0.80170640406	0.691572875785	0.521514132431	1.20342264379	0.976455152247	1.09317560657	1.00654657322	1.0069817013	1.06251023683	0.746334272595	0.743296834219	0.778747264379	0.742768134364	0.839862527791	1.07061078782	0.882425263412	0.951833426776	0.584320985984	0.917500430159
AF4	0.765187153214	0.469100328661	2.27129483325	0.93720722088	0.38630320928	0.465365843403	0.947787704205	0.582868598357	0.700118100532	0.708922136298	0.792329173514	0.0	0.548384465926	1.92100802803	0.508406346061	0.618447791203	0.8203059739	0.803501440309	1.62948578057	1.0952057854	0.932404702755	0.773625079749	1.00636267279	0.938094528758	1.50365736588	0.698663470275	0.841325935234	0.804571967134	0.718377887869	0.753031232479	1.02552463509	0.897280908652	0.729992774287	0.692646331561	0.846295548574	0.609587071049	0.730225355244	0.596429110681	0.669005219913	0.588089265346	0.520788298695	1.21126056549	1.09678789754	0.478925998067	0.89739338811	0.844560086999	0.888741957467	0.803628134364	0.653340091832	0.66346860319	0.942464804253	0.841215466409	0.584524789753	0.687212580957	0.704267090382	0.636716457226	0.64577921218	0.790222735621	0.654089632673	0.717417235379	0.632499081682	0.766699531174
AG3	0.70175037216	0.458926273562	2.32405885452	0.862334741421	0.789370217496	0.438331846303	1.04756806187	0.467649101015	0.591452658289	0.806335872402	0.653521478975	0.548384465926	0.0	1.95208936201	0.515073267279	0.556148313195	0.573953591107	0.556408854519	1.73629600773	1.19842626873	0.894519898502	0.593205514741	0.716714117931	0.675149560174	1.62348632673	0.680911416143	0.584251464476	0.551315224746	0.649488134364	0.744986814886	0.833534697922	0.67157341711	0.579296640889	0.505012634123	1.02746505075	0.772614775254	0.71037161914	0.63517738521	0.560582107298	0.676723165781	0.459032078299	1.2962078057	1.1625579797	0.535510473659	0.847914838086	0.779740483325	1.01645346061	0.834461503142	0.839665292412	0.802097361044	0.945809096182	0.894647781537	0.580240884485	0.665525930401	0.699715867569	0.597671469309	0.48159738521	0.929729521508	0.524046568391	0.796908873852	0.370861710971	0.798686858386
AG4	1.8791721363	1.87826081682	0.393918414693	1.12616908168	1.82684053649	2.07170240696	1.56923929918	1.94648279362	2.02428863219	1.74809867086	2.17379202997	1.92100802803	1.95208936201	0.0	1.80321859836	1.93668536974	2.15605072499	2.15609242629	0.926623687772	1.1467741131	1.63960505558	1.82375044949	2.04288260996	2.04637684389	1.62924320928	1.82355651522	2.02904290478	1.93482898502	1.55524716288	1.47644065249	2.11719953601	2.1126141566	1.93668384727	2.02666067182	2.19826495892	2.16643785404	2.27733159497	1.63756396327	2.18716144514	1.94501870469	2.02030379894	0.978596268729	1.08613994683	1.74384055099	2.38570424843	2.31573501692	2.33313483809	2.35737341711	2.17829148381	2.25401108265	2.42607275495	2.36721885452	2.21714385694	2.28012928951	2.27786849686	2.20032925085	1.9452298695	2.3348260464	1.95433033349	2.30001952151	2.03842178347	2.34281023683
AH3	0.764509236346	0.302618854519	2.15331637506	0.844547747704	0.653347235379	0.702305219913	0.833690898985	0.589548003867	0.745031638473	0.629846549058	0.911765070082	0.508406346061	0.515073267279	1.80321859836	0.0	0.579159714838	0.780625476075	0.788604113098	1.55733619623	1.03908659256	0.888259400677	0.731548902852	0.946174963751	0.897534543258	1.4913441566	0.71927077332	0.787526500725	0.754082875785	0.681518182697	0.694891865636	1.02182258096	0.884628124698	0.68162141131	0.677298951184	1.02739111648	0.817575060416	0.887144171097	0.527467926535	0.768429062349	0.619051696472	0.550548912518	1.08579820203	0.976257394877	0.438267829869	1.06363214596	0.989439250846	1.05297602707	0.93542517158	0.844661256646	0.850237762204	1.06093763654	0.979939695505	0.785765722571	0.836225558241	0.833164929918	0.755214103432	0.557712537458	0.955733692605	0.577857873369	0.882036756887	0.630945505075	0.903226070565
AH4	0.266281836636	0.336218434026	2.2960057854	0.947939323345	0.761827327211	0.659865321411	0.900457651039	0.616233586274	0.806926288062	0.657854055099	0.877892634123	0.618447791203	0.556148313195	1.93668536974	0.579159714838	0.0	0.689168922185	0.675859748671	1.4743777477	1.04288907202	0.860804345094	0.61669722088	0.809943368777	0.76135737071	1.41461884485	0.572401768971	0.654157409377	0.633344987917	0.684098110198	0.710885084582	0.76446717738	0.638910265829	0.769504374094	0.701529115515	1.03494068149	0.818214021266	0.849852498792	0.648016476559	0.690480889319	0.486508733688	0.4197439971	1.26545341228	1.13721570807	0.615631759304	1.00829511841	0.954470961817	0.947157327211	0.859039434509	0.80445840986	0.755311416143	0.985890720155	0.891042203963	0.583385669406	0.646578438859	0.681182479459	0.566463668439	0.385940662156	0.835118298695	0.363346558724	0.770022745288	0.532107104882	0.829093779604
AA7	0.805939081682	0.671382909618	2.50042477042	1.18548284195	0.991213629773	0.576216292895	1.24094868052	0.542968240696	0.537099221846	0.956071309812	0.477779565007	0.8203059739	0.573953591107	2.15605072499	0.780625476075	0.689168922185	0.0	0.12390240696	1.83183847269	1.31271237796	1.01850666506	0.678010666989	0.472340652489	0.447498762687	1.79055529725	0.856778965684	0.369326070565	0.439384214596	0.782278719188	0.873420106332	0.65205279362	0.454915031416	0.47779840986	0.500165471242	1.21471812953	0.991424499758	0.529407075882	0.817475065249	0.497244862252	0.865905360077	0.673954001933	1.49569211696	1.36349576607	0.798031875302	0.800636191397	0.640183644273	1.12751198163	0.902463823103	1.07689714355	0.990758772354	0.911045848236	0.978315534074	0.687428250362	0.661864702755	0.679681725471	0.689861667472	0.579052290962	0.991064726921	0.623006781054	0.935097525375	0.456492576124	0.858017201547
AA8	0.781614673755	0.668008757854	2.50401044466	1.18587430643	0.982550082165	0.543369990333	1.211699797	0.519768240696	0.550128240696	0.926657834703	0.474304369261	0.803501440309	0.556408854519	2.15609242629	0.788604113098	0.675859748671	0.12390240696	0.0	1.83883224746	1.31018446109	0.969616524891	0.628122025133	0.486485128081	0.453753716771	1.76197556791	0.823566031899	0.343798211696	0.410759313678	0.762695886902	0.863371735138	0.593669961334	0.379961304978	0.486996292895	0.483621546641	1.17761785887	0.957997327211	0.526344755921	0.807813953601	0.466960154664	0.837325592073	0.668279250846	1.49817315128	1.36892774287	0.77940977767	0.750200396327	0.618280589657	1.11874912035	0.89822958434	1.05325077332	0.958535398743	0.909598695022	0.970848293862	0.651596283229	0.638778477525	0.676179714838	0.657884954084	0.584327361044	0.981834335428	0.620674987917	0.905356674722	0.438185799903	0.849077984534
AB7	1.40593739004	1.53307071049	1.19212851136	1.00907322378	1.4337562494	1.82904507008	1.31715096182	1.78001042533	1.95946108748	1.45032708555	2.013039739	1.62948578057	1.73629600773	0.926623687772	1.55733619623	1.4743777477	1.83183847269	1.83883224746	0.0	0.580898371194	1.51577	1.56997112131	1.90457119865	1.87396090865	1.07042961334	1.44786289995	1.78662076365	1.70519097148	1.35294666506	1.22802748188	1.7240319043	1.73797252779	1.87008131948	1.88198880619	1.87006413243	1.8616519623	1.98493855002	1.47160307878	1.88943959401	1.47793497825	1.60686579507	1.00819782987	1.03001234413	1.52004227646	2.1410619043	2.1121060029	1.92816335911	1.98545785887	1.79140518608	1.84375773804	2.05552852586	1.9698218173	1.78808687772	1.86111697922	1.85895385694	1.78077280329	1.59131558724	1.91786928951	1.57359496858	1.88282039633	1.73945532141	1.96650845336
AB8	1.01069740454	1.02196565974	1.48922736588	0.489932745288	0.988347361044	1.29154646689	0.837182179797	1.23893690672	1.41941805703	0.946201377477	1.47519410826	1.0952057854	1.19842626873	1.1467741131	1.03908659256	1.04288907202	1.31271237796	1.31018446109	0.580898371194	0.0	1.02222390527	1.05415342678	1.36030911551	1.32812906235	1.13147114548	0.946563745771	1.24836510875	1.16678798937	0.800661633639	0.715389313678	1.25347016916	1.24105924118	1.33523846303	1.34367636056	1.40975541808	1.35938040599	1.46297684389	0.93837242146	1.37537956984	1.03561424843	1.14561670372	0.712805732238	0.664937037216	0.990456694055	1.63028769937	1.58222999033	1.54338068632	1.53390241663	1.36090284195	1.40593613823	1.61672710005	1.54202725471	1.36663321411	1.42494188497	1.42414446593	1.34460748188	1.11637288545	1.5139221508	1.11670982117	1.44563422426	1.20878775737	1.5123297245
AC7	0.777401280812	0.845791585307	1.98749749638	0.934928840019	1.05193702755	0.926045790237	0.883475500242	0.846156945384	0.98705499275	0.741771952634	1.03710889802	0.932404702755	0.894519898502	1.63960505558	0.888259400677	0.860804345094	1.01850666506	0.969616524891	1.51577	1.02222390527	0.0	0.463133243113	0.923773117448	0.907901918801	1.41785031416	0.714154311261	0.896388066699	0.777822924118	0.560754238763	0.535369333011	0.865026524891	0.793168743354	0.895980927985	0.90474980667	1.29449861769	1.15737714838	1.15470157081	0.738299188014	1.04312633639	0.946233852102	0.944396732721	1.16461290478	1.05636259546	0.746064146931	1.13455062832	1.04769648623	1.48722247463	1.43257449976	1.23798804253	1.27339122765	1.54272113581	1.46725024166	1.12642521025	1.19626089899	1.24492736588	1.09499477042	0.91069319478	1.40533925085	0.883152885452	1.26165075399	0.907564731754	1.38466927985
AC8	0.621607805703	0.616601938134	2.17682203963	0.928764586757	0.982721097148	0.651764746254	0.933875442243	0.561248738521	0.717893127115	0.657289304012	0.803178448526	0.773625079749	0.593205514741	1.82375044949	0.731548902852	0.61669722088	0.678010666989	0.628122025133	1.56997112131	1.05415342678	0.463133243113	0.0	0.649379961334	0.617486133398	1.49611407443	0.587405108748	0.488881309811	0.379719105848	0.46261781537	0.538411285645	0.624047240213	0.516069139681	0.619074905752	0.615287883035	1.13566517158	0.883928777187	0.839233035283	0.632107104882	0.706702450459	0.755160860319	0.670436297728	1.20283770904	1.06394114548	0.65076320928	0.901090425326	0.813200294828	1.29330886419	1.09121511841	1.04585068149	1.01973346061	1.19676333011	1.16344277912	0.802503682939	0.854964688255	0.897558492025	0.806193281779	0.552770633156	1.16309036733	0.5921840116	0.972311517641	0.555902257129	1.04419866602
AD7	0.85686159014	0.863229661672	2.3947097245	1.15196737071	1.24578497342	0.681666447559	1.27541393427	0.581249618173	0.504896713388	1.000450232	0.429579289512	1.00636267279	0.716714117931	2.04288260996	0.946174963751	0.809943368777	0.472340652489	0.486485128081	1.90457119865	1.36030911551	0.923773117448	0.649379961334	0.0	0.16053738521	1.86327656839	0.842402324795	0.392961261479	0.443005485742	0.692515195747	0.817032145964	0.71337040116	0.601543175447	0.470070459159	0.536871053649	1.38370315128	1.14510848719	0.656102885452	0.838004968584	0.664510280329	1.03842781054	0.874594248429	1.39532003867	1.26738834703	0.897505045916	0.873639221846	0.692669739004	1.38667801837	1.15753919768	1.2894477622	1.21448327211	1.1815421508	1.25166016916	0.934958192363	0.897986824553	0.928363934268	0.938619961334	0.760862899952	1.27109832286	0.79075582407	1.15972041083	0.63323442726	1.10166307395
AD8	0.841752866119	0.803712015466	2.39760901402	1.11556493958	1.17785333011	0.6239639971	1.23265314645	0.514658690188	0.488927312711	0.954211348478	0.416221449976	0.938094528758	0.675149560174	2.04637684389	0.897534543258	0.76135737071	0.447498762687	0.453753716771	1.87396090865	1.32812906235	0.907901918801	0.617486133398	0.16053738521	0.0	1.80030091348	0.783778182697	0.34251881102	0.413308090865	0.665098883519	0.785646930884	0.683262827453	0.568623721605	0.467631140648	0.507065287579	1.31984639439	1.07631648623	0.600693397777	0.772979279845	0.617026544224	0.965209903335	0.807728762687	1.40069500725	1.26870209763	0.830133131948	0.809566573224	0.637425954567	1.32989760754	1.0998199565	1.22067167231	1.1421341421	1.12518055099	1.19316919285	0.870249362011	0.833460227163	0.866479966167	0.876333238279	0.718613489609	1.2173680522	0.756602518125	1.08693962301	0.581000821653	1.0416201305
AE7	1.36080211213	1.4711422958	1.9062699565	1.26242532141	1.28290146448	1.731240203	1.2170839101	1.73376917351	1.92941887869	1.29924283712	1.96868996133	1.50365736588	1.62348632673	1.62924320928	1.4913441566	1.41461884485	1.79055529725	1.76197556791	1.07042961334	1.13147114548	1.41785031416	1.49611407443	1.86327656839	1.80030091348	0.0	1.04809983084	1.74651507492	1.68202102948	1.37165515708	1.31715194297	1.57879091348	1.61091876752	1.85236354761	1.82970541808	1.70328416626	1.74575293378	1.93230766071	1.49246159497	1.84301551957	1.37950137264	1.55865222813	1.47287886902	1.44427115998	1.4651920058	2.00898122281	1.99014751571	1.74235338811	1.86152745288	1.60608251329	1.67666022716	1.98438299178	1.82695358627	1.68311360077	1.75399605607	1.76074604157	1.60836120831	1.57331647173	1.74851140164	1.5218139101	1.7199280087	1.68377394393	1.85386025133
AE8	0.584225577574	0.590997660706	2.17518674239	0.878711889802	0.825900318995	0.77102222813	0.845792208797	0.73951677622	0.941053228613	0.583499574674	0.990095853069	0.698663470275	0.680911416143	1.82355651522	0.71927077332	0.572401768971	0.856778965684	0.823566031899	1.44786289995	0.946563745771	0.714154311261	0.587405108748	0.842402324795	0.783778182697	1.04809983084	0.0	0.756245857902	0.688413436443	0.610025205413	0.591921749638	0.761049526341	0.729315534074	0.864444499758	0.832213368777	1.12018240213	0.959595036249	0.959010903818	0.673251237313	0.885909801837	0.636121155147	0.658501928468	1.20123792653	1.07196476559	0.655528405027	1.10577443209	1.05353148381	1.16428497342	1.1138878347	0.955384654422	0.981108931851	1.24641705172	1.15813573707	0.873773025616	0.922675210246	0.953528308362	0.826928192363	0.690472397293	1.10947190913	0.668715857902	0.993499768004	0.723318260029	1.07539827453
AF7	0.732243083615	0.657798192363	2.38290722571	1.10945387144	1.04575367811	0.575306713388	1.15451255679	0.497409294345	0.530002914451	0.866120231996	0.518016027066	0.841325935234	0.584251464476	2.02904290478	0.787526500725	0.654157409377	0.369326070565	0.343798211696	1.78662076365	1.24836510875	0.896388066699	0.488881309811	0.392961261479	0.34251881102	1.74651507492	0.756245857902	0.0	0.200292411793	0.661897617206	0.769739748671	0.615623117448	0.500361420976	0.450804751087	0.473601865636	1.17626415176	0.926619395843	0.556905248913	0.722050048333	0.518556239729	0.836000333494	0.674870077332	1.39383901885	1.25696133398	0.744175268246	0.802389038183	0.664250236829	1.20684407443	0.985505456742	1.06881141131	1.00474388594	1.00387087482	1.06806446593	0.738968840019	0.741834862252	0.771840749154	0.754336051232	0.555222489125	1.06429070082	0.591194968584	0.958259565007	0.457562590623	0.92232479942
AF8	0.690020657322	0.635569453842	2.2887280957	1.02287391977	1.02228126631	0.558706201063	1.0962220203	0.437601754471	0.51549780087	0.808831116481	0.601112692122	0.804571967134	0.551315224746	1.93482898502	0.754082875785	0.633344987917	0.439384214596	0.410759313678	1.70519097148	1.16678798937	0.777822924118	0.379719105848	0.443005485742	0.413308090865	1.68202102948	0.688413436443	0.200292411793	0.0	0.564558090865	0.670445703238	0.646547332044	0.494902068632	0.441424693088	0.455672353794	1.16917729821	0.92610338811	0.612389888835	0.661866800387	0.540920734654	0.818232116965	0.654827970034	1.29676498308	1.16015871435	0.697037037216	0.811850884485	0.706046379894	1.22777599323	1.00833783954	1.07189294828	1.02710667956	1.03397084582	1.09616667956	0.762494340261	0.769377704205	0.803293189947	0.78357381827	0.525928472692	1.10681362011	0.574466926051	0.987983412276	0.473942435959	0.946893334944
AG7	0.69483497825	0.66604659739	1.89969769937	0.648396176897	0.887046288062	0.701015882069	0.875398226196	0.580726679555	0.727605790237	0.656534243596	0.823018757854	0.718377887869	0.649488134364	1.55524716288	0.681518182697	0.684098110198	0.782278719188	0.762695886902	1.35294666506	0.800661633639	0.560754238763	0.46261781537	0.692515195747	0.665098883519	1.37165515708	0.610025205413	0.661897617206	0.564558090865	0.0	0.214244896085	0.798134809087	0.710817520541	0.66079479942	0.724261474142	1.26237413243	0.998339294345	0.924279743838	0.460603421943	0.826953518608	0.810476481392	0.723797660706	0.975591145481	0.840659202513	0.516504804253	1.06627926051	0.980937549541	1.33807946834	1.16267017883	1.16163585307	1.13326573707	1.2596658144	1.21542690672	0.921765306912	0.965260647656	1.00298086999	0.905104659256	0.666929279845	1.23374017883	0.685549337844	1.10220187047	0.681070821653	1.13065401643
AG8	0.6731979797	0.685835244079	1.82534099082	0.630886515225	0.901243943934	0.801900691155	0.764339874335	0.697933914935	0.878802518125	0.63740982117	0.958631551474	0.753031232479	0.744986814886	1.47644065249	0.694891865636	0.710885084582	0.873420106332	0.863371735138	1.22802748188	0.715389313678	0.535369333011	0.538411285645	0.817032145964	0.785646930884	1.31715194297	0.591921749638	0.769739748671	0.670445703238	0.214244896085	0.0	0.854154929918	0.810785712905	0.799906549058	0.826015079749	1.267390203	1.06140913968	1.02054701788	0.46317821653	0.922276027066	0.825473682939	0.770041416143	0.927859366844	0.808465480909	0.536030666989	1.16943438376	1.08080514258	1.35382913001	1.24792106815	1.17511167231	1.17666252296	1.34857168681	1.29905460609	1.01045604157	1.05795423393	1.08425546158	0.987825611406	0.758672735621	1.26399559207	0.761801290478	1.18939447076	0.782514954084	1.21301310295
AH7	0.753509052682	0.86422717738	2.45188110198	1.26475564524	1.17507393427	0.807869589174	1.1740920493	0.79497742871	0.930325993233	0.910873499275	0.820941551474	1.02552463509	0.833534697922	2.11719953601	1.02182258096	0.76446717738	0.65205279362	0.593669961334	1.7240319043	1.25347016916	0.865026524891	0.624047240213	0.71337040116	0.683262827453	1.57879091348	0.761049526341	0.615623117448	0.646547332044	0.798134809087	0.854154929918	0.0	0.271726713388	0.875899313678	0.872377936201	1.19497337844	1.0206658579	0.835234311261	0.928041372644	0.784348530691	0.924925867569	0.844498878685	1.49246186564	1.36727661189	0.927643769937	0.955140130498	0.895712928951	1.28163325278	1.0750458869	1.15774778154	1.06674418076	1.15005349928	1.154809768	0.840732411793	0.816113977767	0.839963876269	0.809140666989	0.774092257129	1.15843691155	0.790434345094	0.989212348961	0.692111807637	1.03471597873
AH8	0.68545161914	0.723266698888	2.46188585307	1.16523835669	1.04370041566	0.643363059449	1.13103513775	0.637027564041	0.763974736588	0.838225645239	0.703498637023	0.897280908652	0.67157341711	2.1126141566	0.884628124698	0.638910265829	0.454915031416	0.379961304978	1.73797252779	1.24105924118	0.793168743354	0.516069139681	0.601543175447	0.568623721605	1.61091876752	0.729315534074	0.500361420976	0.494902068632	0.710817520541	0.810785712905	0.271726713388	0.0	0.726150396327	0.696185181247	1.14546659739	0.943718980184	0.714096616723	0.834682846786	0.624821749638	0.819991362977	0.725344490092	1.46260668439	1.33209057516	0.829648327695	0.831097506042	0.762529270179	1.16851856452	0.960171643306	1.05533024166	0.966558037699	1.00172783954	1.03622139198	0.694828801353	0.683277907202	0.72450017883	0.691389255679	0.622807728371	1.04074104398	0.619816350894	0.888219768004	0.530805161914	0.910527844369
AA5	0.867855848236	0.65104358144	2.28531479942	1.10001182697	0.981397230546	0.525235321411	1.2040922813	0.319327887869	0.281084688255	0.912967941034	0.463835828903	0.729992774287	0.579296640889	1.93668384727	0.68162141131	0.769504374094	0.47779840986	0.486996292895	1.87008131948	1.33523846303	0.895980927985	0.619074905752	0.470070459159	0.467631140648	1.85236354761	0.864444499758	0.450804751087	0.441424693088	0.66079479942	0.799906549058	0.875899313678	0.726150396327	0.0	0.28252759304	1.22128800387	0.942546360561	0.590770405993	0.630117728371	0.59300322378	0.850753687772	0.675284050266	1.23794153697	1.11349248429	0.615803731271	0.815894920251	0.624943465442	1.30100873852	1.07759725471	1.109659884	1.09743000967	1.10151018366	1.17599684389	0.833106747221	0.830915321411	0.840334142098	0.860737660706	0.618114055099	1.18768958434	0.697428148864	1.05042987434	0.557839879169	1.02538266796
AA6	0.823401507975	0.630494103432	2.38415670855	1.12031878202	0.940024253262	0.423698235863	1.14807814403	0.345217723538	0.342897762204	0.859537332044	0.461112885452	0.692646331561	0.505012634123	2.02666067182	0.677298951184	0.701529115515	0.500165471242	0.483621546641	1.88198880619	1.34367636056	0.90474980667	0.615287883035	0.536871053649	0.507065287579	1.82970541808	0.832213368777	0.473601865636	0.455672353794	0.724261474142	0.826015079749	0.872377936201	0.696185181247	0.28252759304	0.0	1.08320646206	0.818286500725	0.531001517641	0.655400004833	0.48592497825	0.805494233929	0.574250318995	1.33338252779	1.19533278879	0.614164354761	0.600187733204	0.461477332044	1.16591257129	0.953023243113	0.963857124215	0.926078753021	0.984271851136	1.03676132431	0.692452165297	0.708955045916	0.730941851136	0.729739898502	0.58636762204	1.03922457226	0.66025719188	0.891826901885	0.489156810053	0.892865804737
AB5	1.11481305462	0.956547844369	2.54068496858	1.3427439971	0.857325050749	0.976764949251	1.17539283229	1.09627891735	1.18139294345	0.982182624456	1.17508250846	0.846295548574	1.02746505075	2.19826495892	1.02739111648	1.03494068149	1.21471812953	1.17761785887	1.87006413243	1.40975541808	1.29449861769	1.13566517158	1.38370315128	1.31984639439	1.70328416626	1.12018240213	1.17626415176	1.16917729821	1.26237413243	1.267390203	1.19497337844	1.14546659739	1.22128800387	1.08320646206	0.0	0.432115369744	0.954263465442	1.1058139971	0.962570405993	0.838423963267	0.878220212663	1.56378809087	1.46024872402	1.00495736104	1.0067758869	1.0153379652	0.898576056066	0.99481217013	0.755753175447	0.793859105848	1.12048026583	0.99277240696	0.834506128565	0.944583228613	0.940322687289	0.889291870469	1.05668777187	0.871473885935	1.04182735621	0.849150976317	1.03900746738	0.969649618173
AB6	0.943805514741	0.731633131948	2.51321123248	1.26607070565	0.794554987917	0.707318840019	1.10959419526	0.823308003867	0.908933658772	0.903685592073	0.954340749154	0.609587071049	0.772614775254	2.16643785404	0.817575060416	0.818214021266	0.991424499758	0.957997327211	1.8616519623	1.35938040599	1.15737714838	0.883928777187	1.14510848719	1.07631648623	1.74575293378	0.959595036249	0.926619395843	0.92610338811	0.998339294345	1.06140913968	1.0206658579	0.943718980184	0.942546360561	0.818286500725	0.432115369744	0.0	0.739875703238	0.857698153697	0.737281541808	0.731650836153	0.641784069599	1.47662249396	1.36406517641	0.749236317061	0.752005244079	0.793299366844	0.773667510875	0.699425944901	0.552362658289	0.527885785404	0.832573122281	0.72752919768	0.602848081199	0.720081034316	0.721562387627	0.681401556307	0.78574539391	0.66574640406	0.777211242146	0.552748405027	0.796266481392	0.666743354277
AC5	0.959569366844	0.794113678105	2.62463628323	1.34816863219	1.01146150797	0.529015297245	1.27757056549	0.565302295795	0.528232832286	0.985571416143	0.459673107782	0.730225355244	0.71037161914	2.27733159497	0.887144171097	0.849852498792	0.529407075882	0.526344755921	1.98493855002	1.46297684389	1.15470157081	0.839233035283	0.656102885452	0.600693397777	1.93230766071	0.959010903818	0.556905248913	0.612389888835	0.924279743838	1.02054701788	0.835234311261	0.714096616723	0.590770405993	0.531001517641	0.954263465442	0.739875703238	0.0	0.805765398743	0.404658704688	0.895573392943	0.681252126631	1.61261529725	1.46880508458	0.793258641856	0.554671986467	0.382923895602	0.970910821653	0.739890347994	0.898108366361	0.808111242146	0.773926263896	0.820411503142	0.558688521025	0.517599908168	0.535123639439	0.634187564041	0.765443832769	0.854436520058	0.814287902368	0.755175282745	0.598892208797	0.675899473175
AC6	0.742859318511	0.533476650556	1.98219510875	0.740291749638	0.728462750121	0.670303827936	0.703932725955	0.528043721605	0.75545322378	0.544637278879	0.846016176897	0.596429110681	0.63517738521	1.63756396327	0.527467926535	0.648016476559	0.817475065249	0.807813953601	1.47160307878	0.93837242146	0.738299188014	0.632107104882	0.838004968584	0.772979279845	1.49246159497	0.673251237313	0.722050048333	0.661866800387	0.460603421943	0.46317821653	0.928041372644	0.834682846786	0.630117728371	0.655400004833	1.1058139971	0.857698153697	0.805765398743	0.0	0.805011507975	0.669343131948	0.614933330111	0.838172489125	0.699314697922	0.31198777187	1.04023215563	0.935074436926	1.19219003383	1.107819884	1.00121037216	0.999144954084	1.19769726921	1.14851080232	0.86441319478	0.938184069599	0.959315263412	0.850205722571	0.593379507008	1.09214116481	0.635583354277	1.01753070565	0.679330744321	1.06732517158
AD6	0.789710130498	0.652849966167	2.54438668439	1.19789668439	0.869939545674	0.396581841469	1.18334630256	0.466907341711	0.520916437893	0.893224987917	0.487484852586	0.669005219913	0.560582107298	2.18716144514	0.768429062349	0.690480889319	0.497244862252	0.466960154664	1.88943959401	1.37537956984	1.04312633639	0.706702450459	0.664510280329	0.617026544224	1.84301551957	0.885909801837	0.518556239729	0.540920734654	0.826953518608	0.922276027066	0.784348530691	0.624821749638	0.59300322378	0.48592497825	0.962570405993	0.737281541808	0.404658704688	0.805011507975	0.0	0.749068356694	0.468695065249	1.52222309812	1.38680985984	0.74723497825	0.612200473659	0.525748206863	0.899707921701	0.68727821653	0.802465079749	0.707371822136	0.724200647656	0.777650439826	0.453402788787	0.45874300145	0.4944200145	0.48544098115	0.601441793137	0.772500889319	0.643365157081	0.684241527308	0.40006240696	0.626991971967
AE5	0.5777760029	0.468181841469	2.30168556791	0.957867515708	0.626332145964	0.728639168681	0.811912561624	0.706665577574	0.943707443209	0.570699695505	0.960735596907	0.588089265346	0.676723165781	1.94501870469	0.619051696472	0.486508733688	0.865905360077	0.837325592073	1.47793497825	1.03561424843	0.946233852102	0.755160860319	1.03842781054	0.965209903335	1.37950137264	0.636121155147	0.836000333494	0.818232116965	0.810476481392	0.825473682939	0.924925867569	0.819991362977	0.850753687772	0.805494233929	0.838423963267	0.731650836153	0.895573392943	0.669343131948	0.749068356694	0.0	0.33402381827	1.22050695022	1.09814221846	0.608586785887	1.06839932818	1.03686942001	0.925884514258	0.899065906235	0.719030923151	0.725948530691	1.04547618656	0.932127225713	0.643298115031	0.756932034799	0.776095166747	0.600479159014	0.524837506042	0.860598467859	0.517088071532	0.743091681972	0.656454804253	0.866436732721
AE6	0.5584059884	0.390950918318	2.3779037216	1.01091708555	0.664194688255	0.519916510391	0.92164239246	0.522344195263	0.713430807153	0.663988540358	0.737641406477	0.520788298695	0.459032078299	2.02030379894	0.550548912518	0.4197439971	0.673954001933	0.668279250846	1.60686579507	1.14561670372	0.944396732721	0.670436297728	0.874594248429	0.807728762687	1.55865222813	0.658501928468	0.674870077332	0.654827970034	0.723797660706	0.770041416143	0.844498878685	0.725344490092	0.675284050266	0.574250318995	0.878220212663	0.641784069599	0.681252126631	0.614933330111	0.468695065249	0.33402381827	0.0	1.31024438859	1.17404369744	0.505212672789	0.856738477525	0.822350599323	0.861632672789	0.744358878685	0.672331290478	0.624149893668	0.857909845336	0.782517346544	0.480010468826	0.547125297245	0.571432334461	0.440871251812	0.417165654906	0.747082218463	0.429574045433	0.640354910585	0.444808550024	0.707986650556
AF5	1.24423059932	1.17636029483	1.31123305945	0.640210115998	1.14662778637	1.39371876269	0.844339366844	1.25055903335	1.36037883035	1.01297325761	1.51656364911	1.21126056549	1.2962078057	0.978596268729	1.08579820203	1.26545341228	1.49569211696	1.49817315128	1.00819782987	0.712805732238	1.16461290478	1.20283770904	1.39532003867	1.40069500725	1.47287886902	1.20123792653	1.39383901885	1.29676498308	0.975591145481	0.927859366844	1.49246186564	1.46260668439	1.23794153697	1.33338252779	1.56378809087	1.47662249396	1.61261529725	0.838172489125	1.52222309812	1.22050695022	1.31024438859	0.0	0.203241889802	0.978861295312	1.73500760271	1.66451022233	1.7203342001	1.6981257709	1.56377729338	1.60468448043	1.78442843403	1.74673733688	1.54250379894	1.62404520058	1.62835938134	1.53741242146	1.24216481392	1.70415942484	1.26049661672	1.63921939584	1.37314726438	1.68568403093
AF6	1.11890753021	1.03939429676	1.42623783954	0.541307259546	1.04142258096	1.25312125181	0.737531106815	1.11886124215	1.244190058	0.879436268729	1.37978215563	1.09678789754	1.1625579797	1.08613994683	0.976257394877	1.13721570807	1.36349576607	1.36892774287	1.03001234413	0.664937037216	1.05636259546	1.06394114548	1.26738834703	1.26870209763	1.44427115998	1.07196476559	1.25696133398	1.16015871435	0.840659202513	0.808465480909	1.36727661189	1.33209057516	1.11349248429	1.19533278879	1.46024872402	1.36406517641	1.46880508458	0.699314697922	1.38680985984	1.09814221846	1.17404369744	0.203241889802	0.0	0.839652290962	1.59719922668	1.52244586757	1.61860922668	1.59090650072	1.45261894152	1.49452630256	1.65815038183	1.6409142291	1.40695125665	1.49162436443	1.48726953601	1.40096834703	1.1041439391	1.59213977767	1.12194025616	1.51873539874	1.24361112615	1.57266374577
AG5	0.722617356211	0.448126955051	2.09330038666	0.795306365394	0.607260062832	0.592880376994	0.76396502175	0.502929241179	0.719359468342	0.56684521508	0.80170640406	0.478925998067	0.535510473659	1.74384055099	0.438267829869	0.615631759304	0.798031875302	0.77940977767	1.52004227646	0.990456694055	0.746064146931	0.65076320928	0.897505045916	0.830133131948	1.4651920058	0.655528405027	0.744175268246	0.697037037216	0.516504804253	0.536030666989	0.927643769937	0.829648327695	0.615803731271	0.614164354761	1.00495736104	0.749236317061	0.793258641856	0.31198777187	0.74723497825	0.608586785887	0.505212672789	0.978861295312	0.839652290962	0.0	0.956134301595	0.888895384244	1.08917156114	1.00136879652	0.882418124698	0.872042073465	1.11580093282	1.03530045916	0.742052025133	0.834839081682	0.846902435959	0.716161082649	0.595986167231	0.979019260512	0.621654277429	0.881781532141	0.621644209763	0.959527626873
