	AA3	AA4	AB3	AB4	AC3	AC4	AD3	AD4	AE3	AE4	AF3	AF4	AG3	AG4	AH3	AH4	AA7	AA8	AB7	AB8	AC7	AC8	AD7	AD8	AE7	AE8	AF7	AF8	AG7	AG8	AH7	AH8	AA5	AA6	AB5	AB6	AC5	AC6	AD6	AE5	AE6	AF5	AF6	AG5	AH5	AH6	AA1	AA2	AB1	AB2	AC1	AC2	AD1	AD2	AE1	AE2	AF1	AF2	AG1	AG2	AH1	AH2
AA3	0.0	0.528972561624	2.26779139681	0.987206094732	0.870274287095	0.776619362011	0.882877240213	0.781581164814	0.906697341711	0.697140555824	0.947696940551	0.751228724021	0.763339632673	1.90591491542	0.754142982117	0.289660584824	0.806837873369	0.78827961334	1.42822702272	1.0531039681	0.802603513775	0.667272339294	0.919286297728	0.912655244079	1.37769843403	0.614921894635	0.80235857419	0.667016317061	0.72434937651	0.672611652972	0.755810217496	0.703280425326	0.859685674239	0.834751227646	1.10783807637	0.916082996617	0.977584079265	0.772690604157	0.786022402127	0.601776288062	0.575299386177	1.34321402127	1.18189637989	0.669606529725	1.11217926051	1.08724230546	0.990473330111	0.95544419043	0.927261986467	0.885007100048	1.05574696955	0.956540434993	0.694548695022	0.702934006767	0.769835118415	0.694734200097	0.554389188014	0.889317332044	0.554275857902	0.908745804737	0.678327129048	0.950843011116
AA4	0.528972561624	0.0	2.23764852102	0.865333900435	0.621905543741	0.595566761721	0.798818298695	0.505658627356	0.742387776704	0.495748516191	0.830659246013	0.434117728371	0.505180323828	1.87597030933	0.291957999033	0.321212943451	0.696074030933	0.713366336394	1.51244569357	1.03701274045	0.805501962301	0.677543547608	0.867743663606	0.832523890768	1.43829654422	0.55508217013	0.709115534074	0.644573131948	0.623750057999	0.648891657806	0.858072870952	0.712101938134	0.648506056066	0.680708999517	0.952188724021	0.71950017883	0.830033441276	0.523489545674	0.624441295312	0.443865882069	0.411965693572	1.2309902175	1.0514439246	0.444198124698	0.996112962784	0.924841324311	0.950175828903	0.86642279362	0.723741933301	0.781135891735	0.988251730304	0.90729157564	0.646398994683	0.645409826003	0.726210338328	0.654852522958	0.447948351861	0.843948772354	0.446012904785	0.798722928951	0.519237699372	0.833238656356
AB3	2.26779139681	2.23764852102	0.0	1.48244905268	2.2134057709	2.39313580474	1.93591051232	2.26194072015	2.36190197197	2.11462121315	2.5317418898	2.27052292412	2.33313628806	0.399396288062	2.16854088449	2.30644542774	2.51523487675	2.50839832769	1.20944234413	1.47118939101	1.99932479942	2.20256865636	2.44545514258	2.41565683905	1.91407650072	2.15020500725	2.41758646206	2.27993420976	1.94620245529	1.86522281779	2.46309312711	2.4383539971	2.28364993717	2.40523540358	2.57009662639	2.4883781247	2.65178497825	1.99662695022	2.54842445143	2.28839442243	2.39647046399	1.25888862736	1.4170577042	2.07715405027	2.74188675205	2.67493655389	2.66497992267	2.71457760754	2.55197244563	2.61954409377	2.79571754471	2.73303733204	2.58290437409	2.61789114548	2.65414062832	2.62142315128	2.31591827453	2.67456755921	2.29683896085	2.65208268246	2.43038506042	2.69345509425
AB4	0.987206094732	0.865333900435	1.48244905268	0.0	0.915032938618	1.0134939826	0.767725190913	0.952444610923	1.14551589657	0.812639845336	1.22682060899	0.9203259739	0.878950647656	1.10869144031	0.840936123731	0.948855640406	1.19639618656	1.16524237313	1.00998349928	0.508447153214	0.911939400677	0.943044958917	1.16348974384	1.13340676172	1.26704354277	0.850365534074	1.1409702175	0.972556824553	0.649010299662	0.618031696472	1.2511918463	1.12759160464	1.05528856936	1.12557887869	1.37051875785	1.22499751087	1.36802878202	0.715847651039	1.1795838666	0.926295819236	1.02860846786	0.667233310778	0.514714644756	0.755971938134	1.457480087	1.38637488642	1.41652700338	1.40341635573	1.27934742388	1.34381891735	1.51023291928	1.45787954084	1.22954354761	1.26727673755	1.33909097632	1.2783377042	0.991235949734	1.40148538908	0.966765635573	1.34320898985	1.07437147414	1.38136564524
AC3	0.870274287095	0.621905543741	2.2134057709	0.915032938618	0.0	0.794635553407	0.851702276462	0.812964335428	1.01399009183	0.683381454809	1.08343651522	0.291919560174	0.820543856936	1.85336695988	0.690362025133	0.744601261479	0.979592324795	1.01895115515	1.44299075399	1.04955826486	1.04399078299	1.0209920203	1.24368125181	1.20529083615	1.31877993233	0.841991870469	1.06972242146	1.00416879652	0.885335205413	0.899756988884	1.172440087	1.03605137748	0.974562832286	0.966949294345	0.827360067666	0.727909511841	1.01338009667	0.754062551957	0.846177907202	0.640571503142	0.712964122765	1.24076184147	1.09197034799	0.673076466892	1.16597778154	1.10389947318	0.831699207347	0.950320903818	0.735345031416	0.784513383277	1.06304292895	0.931800029	0.717595026583	0.790993813436	0.86764022233	0.789532605123	0.792836872885	0.835204030933	0.803012948284	0.863199144514	0.823245882069	0.911036273562
AC4	0.776619362011	0.595566761721	2.39313580474	1.0134939826	0.794635553407	0.0	1.10691117931	0.377548579024	0.451100289995	0.761469884002	0.361375355244	0.576136138231	0.417820347994	2.02829199613	0.67404457709	0.641814485259	0.580105355244	0.541343508942	1.82374919768	1.31607331561	0.86747879652	0.583294417593	0.634464528758	0.611118646689	1.73306252296	0.74786619623	0.555508163364	0.501878714355	0.650215640406	0.738308240696	0.811169927501	0.596326031899	0.456129289512	0.35958759304	1.04195412276	0.769917612373	0.609814741421	0.627852866119	0.421724451426	0.754606205897	0.514691140648	1.40666478975	1.22918952634	0.609699337844	0.665261251812	0.623827303045	1.10238552924	0.86962258579	0.835399917835	0.884399608507	0.917687539874	0.971307549541	0.604937568874	0.652127781537	0.690979990333	0.636539864669	0.609082063799	0.968718685355	0.620895442243	0.792791952634	0.405593682939	0.841666926051
AD3	0.882877240213	0.798818298695	1.93591051232	0.767725190913	0.851702276462	1.10691117931	0.0	0.962161527308	1.28303400193	0.422300144998	1.33429657806	0.886768448526	1.06594008217	1.57445429193	0.812814422426	0.897349144514	1.22501760754	1.18164975834	1.30841148381	0.8544179797	0.861346592557	0.93860118898	1.30527540841	1.26592231513	1.20901942484	0.835834775254	1.20543943934	1.06043422426	0.883147119381	0.793815137748	1.16093763654	1.07303161431	1.17282039149	1.14716276462	1.18767748188	1.05324237313	1.2976620928	0.720849893668	1.14466709522	0.78666698405	0.915917776704	0.912920724988	0.772422716288	0.715020898985	1.42076520058	1.3600738231	1.31296011116	1.36817721605	1.12496661189	1.18433852102	1.47381887385	1.37313550024	1.15719432576	1.18699346061	1.25705853552	1.17403545191	0.945115659739	1.27792715805	0.921323972934	1.23484243596	1.1177982407	1.31738090865
AD4	0.781581164814	0.505658627356	2.26194072015	0.952444610923	0.812964335428	0.377548579024	0.962161527308	0.0	0.356529284679	0.596523518608	0.53586719188	0.605067878202	0.467227970034	1.89903491058	0.544213175447	0.595533475109	0.539054833253	0.544682991783	1.74725120348	1.22913642339	0.798198337361	0.507459835669	0.562220038666	0.527395403577	1.69561839053	0.690090531658	0.489366428226	0.427664538424	0.501109052682	0.63838	0.806408733688	0.596520304495	0.299586056066	0.367114809087	1.13844606573	0.850608472692	0.637769313678	0.48803741421	0.508953523441	0.698290135331	0.544368999517	1.25370758821	1.07642570324	0.50643659739	0.745641855969	0.6741079942	1.18264957467	0.941411068149	0.951195369744	1.00401731271	0.981626278395	1.06261777187	0.729745625906	0.715521367811	0.738735384244	0.723077201547	0.545067655872	1.06816839536	0.572024775254	0.911756104398	0.474211483809	0.917749531174
AE3	0.906697341711	0.742387776704	2.36190197197	1.14551589657	1.01399009183	0.451100289995	1.28303400193	0.356529284679	0.0	0.909953334944	0.351618197197	0.81436540841	0.57035681972	2.00931505075	0.748316321895	0.776638806187	0.498021855969	0.531778492025	1.96161712421	1.45144315611	0.999352928951	0.66368939101	0.435221580474	0.431677757371	1.93121107782	0.922844185597	0.426078632189	0.484077264379	0.696801681972	0.85331138231	0.904162339294	0.72497040116	0.249722493958	0.341145369744	1.25129942968	0.98126840986	0.566995659739	0.737335679072	0.600903011116	0.953503054616	0.704375355244	1.40157800387	1.23616014983	0.752156157564	0.745818303528	0.671098322861	1.28034232963	1.0296422088	1.07281930884	1.12690759304	1.05849228613	1.16116534558	0.826301609473	0.82106381827	0.829954122765	0.825471503142	0.706672155631	1.17642195263	0.738113025616	1.02213609957	0.569125398743	1.00295752054
AE4	0.697140555824	0.495748516191	2.11462121315	0.812639845336	0.683381454809	0.761469884002	0.422300144998	0.596523518608	0.909953334944	0.0	0.988197970034	0.592419333011	0.739787438376	1.75185319961	0.570337544708	0.619700357661	0.893742102465	0.856972223296	1.48197775737	1.00549547608	0.724540463992	0.684943247946	0.955424330594	0.917297095215	1.3617397245	0.568123204447	0.849986853552	0.718744132431	0.582732803287	0.59750838086	0.937223397777	0.789101184147	0.807995287579	0.798307336878	1.00054801837	0.814386239729	0.95651282262	0.451862247463	0.822583054616	0.548379908168	0.617883441276	1.06299943934	0.882842145964	0.418463218946	1.08606724021	1.0396259159	1.08370653939	1.11187242146	0.899268564524	0.959986911551	1.23072333978	1.13514697438	0.876248351861	0.895656679555	0.969232010633	0.891049536008	0.656558250362	1.04311309328	0.630075659739	0.99986918318	0.796605045916	1.06291124215
AF3	0.947696940551	0.830659246013	2.5317418898	1.22682060899	1.08343651522	0.361375355244	1.33429657806	0.53586719188	0.351618197197	0.988197970034	0.0	0.865241266312	0.632398931851	2.17206787337	0.900502580957	0.845255737071	0.485205920735	0.475742460126	2.01218000967	1.50866694055	1.0291042146	0.732206466892	0.403570217496	0.404554021266	1.96768820203	0.967284538424	0.439153088449	0.583174562591	0.795924925085	0.924154789754	0.808647651039	0.644294040599	0.457608144031	0.432348564524	1.20582028516	0.976265882069	0.475851556307	0.826555712905	0.51483762204	0.99100737071	0.728111251812	1.57576687289	1.40815208313	0.822309956501	0.642169115515	0.588975340744	1.24747720155	0.989479855002	1.08824615756	1.07841146448	1.02713547124	1.08435211696	0.773915118415	0.759208869019	0.785394282262	0.743320275495	0.823542232963	1.1124798405	0.836314451426	0.96149101015	0.552670468826	0.968558859352
AF4	0.751228724021	0.434117728371	2.27052292412	0.9203259739	0.291919560174	0.576136138231	0.886768448526	0.605067878202	0.81436540841	0.592419333011	0.865241266312	0.0	0.622247689705	1.90725296762	0.533348496858	0.592540811986	0.821936292895	0.830410096665	1.55684211696	1.06658162397	0.897424407927	0.834076520058	1.04693441276	1.00419399227	1.42499480425	0.646316718221	0.879320869985	0.8172580232	0.745763349444	0.760406727888	1.00573666022	0.861299734171	0.777623049783	0.767630072499	0.827220990817	0.610027042049	0.813931179314	0.620927873369	0.684665152247	0.553008018366	0.572897225713	1.25991699372	1.09179339778	0.53637977767	0.961602223296	0.895883721605	0.834349951667	0.798877361044	0.619213368777	0.671118898018	0.927654117931	0.831596167231	0.579261314645	0.64189760754	0.728268018366	0.643165108748	0.631847926535	0.753638641856	0.642791029483	0.713920879652	0.644125558241	0.767529299178
AG3	0.763339632673	0.505180323828	2.33313628806	0.878950647656	0.820543856936	0.417820347994	1.06594008217	0.467227970034	0.57035681972	0.739787438376	0.632398931851	0.622247689705	0.0	1.9571942001	0.511485621073	0.584047854036	0.562671725471	0.566800096665	1.7483721363	1.23807533591	0.886697984534	0.603715219913	0.703615471242	0.677674306428	1.63732275495	0.69793717738	0.588339975834	0.549619671339	0.621565558241	0.744470512325	0.827384291928	0.654593185114	0.549956143064	0.502921657806	1.04982824553	0.795122310295	0.748491280812	0.626390584824	0.554822730788	0.708499855002	0.503878612856	1.36003612856	1.18000049783	0.601708627356	0.85465561624	0.755537936201	1.04599498308	0.833353518608	0.832319482842	0.872412812953	0.952252025133	0.925271570807	0.595646152731	0.632708690188	0.721453107782	0.637690749154	0.497545775737	0.946513069116	0.518275345578	0.79048457709	0.393975297245	0.813216785887
AG4	1.90591491542	1.87597030933	0.399396288062	1.10869144031	1.85336695988	2.02829199613	1.57445429193	1.89903491058	2.00931505075	1.75185319961	2.17206787337	1.90725296762	1.9571942001	0.0	1.81359376994	1.94255856452	2.16244263896	2.15197232479	0.935606491058	1.12146632673	1.64240822136	1.84382639439	2.09179767521	2.06097926535	1.6311919188	1.79492895118	2.06105134364	1.91861000483	1.59460148864	1.50652431609	2.12213108748	2.07848019333	1.92586172064	2.04197927985	2.22281900435	2.13534135331	2.29792267762	1.64152317061	2.18661295795	1.92523810536	2.03329923151	0.916383591107	1.07882939101	1.71699605123	2.38052659739	2.31298115515	2.30276931851	2.35236591107	2.18967766554	2.25431438859	2.4386978927	2.37211257612	2.22063748188	2.25403810536	2.29538258096	2.25846645723	1.95478825036	2.31469204447	1.93730909135	2.28586514741	2.06946461576	2.33515076365
AH3	0.754142982117	0.291957999033	2.16854088449	0.840936123731	0.690362025133	0.67404457709	0.812814422426	0.544213175447	0.748316321895	0.570337544708	0.900502580957	0.533348496858	0.511485621073	1.81359376994	0.0	0.526554161431	0.741518970517	0.756479154181	1.54781489609	1.05702466892	0.836979313678	0.731455833736	0.896217303045	0.86890518608	1.47315521991	0.672999231513	0.773385297245	0.707641213146	0.645579782504	0.677386592557	0.979944403093	0.8238180232	0.653932252296	0.716385925568	1.05051570324	0.806435123248	0.924210270662	0.518390898985	0.758724079265	0.578384741421	0.554677834703	1.14378660222	0.967906495892	0.469385857902	1.08739534074	0.985623392943	1.08022798937	0.956485500242	0.844937486709	0.902345451909	1.07113875785	1.01588586274	0.790289676172	0.807787032383	0.865130309328	0.809658438859	0.527108632189	0.96049558724	0.528442609956	0.897649318511	0.627891358144	0.935831599807
AH4	0.289660584824	0.321212943451	2.30644542774	0.948855640406	0.744601261479	0.641814485259	0.897349144514	0.595533475109	0.776638806187	0.619700357661	0.845255737071	0.592540811986	0.584047854036	1.94255856452	0.526554161431	0.0	0.669375645239	0.662871507975	1.47866313195	1.07671441276	0.841411764137	0.638787249879	0.812895737071	0.773374088932	1.41976244079	0.589232223296	0.673446447559	0.596168453359	0.65934120348	0.677617216046	0.766939192847	0.619431662639	0.706650686322	0.695058791687	1.01777719188	0.778979937168	0.855711739971	0.638163852102	0.651868129531	0.487583542774	0.423919323345	1.33111727405	1.15245383277	0.541262116965	1.00626344128	0.956738579024	0.940327921701	0.846948506525	0.795451909135	0.767567336878	0.946467051716	0.8633720203	0.57940080232	0.600644886419	0.681054852586	0.592120749154	0.392250459159	0.821951256646	0.408249830836	0.775116036733	0.543225084582	0.819592769454
AA7	0.806837873369	0.696074030933	2.51523487675	1.19639618656	0.979592324795	0.580105355244	1.22501760754	0.539054833253	0.498021855969	0.893742102465	0.485205920735	0.821936292895	0.562671725471	2.16244263896	0.741518970517	0.669375645239	0.0	0.183105287579	1.82216791203	1.35135119865	0.990325949734	0.634031933301	0.457034117931	0.450964581924	1.77668836153	0.828870227163	0.354129855002	0.462985751571	0.729502203963	0.877833605607	0.64917701305	0.442255157081	0.468577757371	0.494478757854	1.21157061382	1.00240586757	0.555507713871	0.809883866602	0.488263910101	0.880367617206	0.665982653456	1.55570971967	1.38347539391	0.794512522958	0.751928956017	0.658214456259	1.13225045916	0.889312880619	1.05581137264	1.03511086999	0.913693842436	0.982213098115	0.686916892218	0.65235380377	0.685176007733	0.66005139681	0.547615538908	1.00991119381	0.578712126631	0.926137694538	0.48805580957	0.871453470275
AA8	0.78827961334	0.713366336394	2.50839832769	1.16524237313	1.01895115515	0.541343508942	1.18164975834	0.544682991783	0.531778492025	0.856972223296	0.475742460126	0.830410096665	0.566800096665	2.15197232479	0.756479154181	0.662871507975	0.183105287579	0.0	1.84089963751	1.3421338666	0.909251449976	0.558317153214	0.442694156597	0.43723277912	1.73225820203	0.769679884002	0.349636437893	0.404893088449	0.692391435476	0.833280072499	0.579631802803	0.353939594007	0.492957670372	0.49776537941	1.20722560657	0.997486099565	0.56347817303	0.813283160947	0.495005263412	0.885279690672	0.676187283712	1.55270625906	1.37625909618	0.763167138714	0.72179182697	0.65377459159	1.17915912035	0.911714630256	1.04530444176	1.03167131464	0.939426060899	1.00974151764	0.705052445626	0.67998661189	0.709668902852	0.65786702755	0.576283320445	1.04697090382	0.58565057999	0.924791101982	0.470740652489	0.897133073949
AB7	1.42822702272	1.51244569357	1.20944234413	1.00998349928	1.44299075399	1.82374919768	1.30841148381	1.74725120348	1.96161712421	1.48197775737	2.01218000967	1.55684211696	1.7483721363	0.935606491058	1.54781489609	1.47866313195	1.82216791203	1.84089963751	0.0	0.565442339294	1.49224255196	1.60801529241	1.94519684872	1.91563688255	1.06233037699	1.42268503142	1.83081993233	1.68689962784	1.38345671822	1.22641072015	1.70782003383	1.70785147898	1.84351139198	1.88400308362	1.85386941034	1.80214302078	2.0053518173	1.47430047849	1.84536904785	1.45900963267	1.60491330111	0.966650768487	1.01712411793	1.47983359111	2.14725631706	2.09717911068	1.89192801837	1.97717386177	1.81300244563	1.81155298212	2.07557840986	1.96126145481	1.79125184147	1.81496276945	1.86802400677	1.82398418076	1.59344478492	1.89571534558	1.58757704205	1.87146330594	1.77320942484	1.9553560754
AB8	1.0531039681	1.03701274045	1.47118939101	0.508447153214	1.04955826486	1.31607331561	0.8544179797	1.22913642339	1.45144315611	1.00549547608	1.50866694055	1.06658162397	1.23807533591	1.12146632673	1.05702466892	1.07671441276	1.35135119865	1.3421338666	0.565442339294	0.0	1.02545383277	1.11842952151	1.43429966167	1.39950243113	1.12202640406	0.94480242146	1.32036709522	1.17832834703	0.851438090865	0.722166911551	1.27215259062	1.2386258144	1.33564318511	1.38383871435	1.45237777187	1.35090187047	1.52690875302	0.974310947318	1.36881665539	1.04157326728	1.17851446109	0.724595669406	0.664932856452	0.986971135814	1.67048218463	1.60442302562	1.53798296278	1.55177685839	1.39605134848	1.42257167714	1.65875106332	1.578169855	1.3914622233	1.4117197825	1.46055000967	1.41917049299	1.14149854036	1.52250972934	1.12924800387	1.45814676655	1.26888090865	1.53127233446
AC7	0.802603513775	0.805501962301	1.99932479942	0.911939400677	1.04399078299	0.86747879652	0.861346592557	0.798198337361	0.999352928951	0.724540463992	1.0291042146	0.897424407927	0.886697984534	1.64240822136	0.836979313678	0.841411764137	0.990325949734	0.909251449976	1.49224255196	1.02545383277	0.0	0.473438250362	0.977394867086	0.935930318995	1.40010181247	0.639518583857	0.925302097632	0.732839337844	0.567082914451	0.540933784437	0.855703620106	0.762547235379	0.880313769937	0.884320154664	1.28617231996	1.10640059449	1.15238707105	0.734458226196	1.01789858869	0.925337839536	0.913206737554	1.22518885452	1.09809240213	0.675774857419	1.10273269212	1.05273116481	1.47496267279	1.40771038183	1.18855932334	1.26838502658	1.51385268729	1.44000109715	1.11463415176	1.15609244563	1.22482324311	1.1384537796	0.89234962784	1.36445250362	0.845748197197	1.25244693088	0.914400879652	1.38287498308
AC8	0.667272339294	0.677543547608	2.20256865636	0.943044958917	1.0209920203	0.583294417593	0.93860118898	0.507459835669	0.66368939101	0.684943247946	0.732206466892	0.834076520058	0.603715219913	1.84382639439	0.731455833736	0.638787249879	0.634031933301	0.558317153214	1.60801529241	1.11842952151	0.473438250362	0.0	0.635156423393	0.603475461576	1.54123528758	0.578073934268	0.491875253746	0.308306307395	0.455111720638	0.540785152247	0.616215761237	0.482786964717	0.54593	0.575602638956	1.192430116	0.917555877235	0.813918371194	0.659029168681	0.68313499275	0.813246993717	0.678996964717	1.26372164331	1.11374295795	0.628378327695	0.868099188014	0.81898298695	1.31902666506	1.07816610923	1.03818948284	1.09957773804	1.1721039681	1.18418964234	0.824583576607	0.833370289995	0.892252938618	0.824216041566	0.591713784437	1.18664955534	0.572367394877	0.997386679555	0.558449492508	1.05525431609
AD7	0.919286297728	0.867743663606	2.44545514258	1.16348974384	1.24368125181	0.634464528758	1.30527540841	0.562220038666	0.435221580474	0.955424330594	0.403570217496	1.04693441276	0.703615471242	2.09179767521	0.896217303045	0.812895737071	0.457034117931	0.442694156597	1.94519684872	1.43429966167	0.977394867086	0.635156423393	0.0	0.131468115031	1.90907883519	0.863793518608	0.354979603673	0.468917066216	0.690851169647	0.830931512808	0.747415384244	0.590004954084	0.45994762204	0.531889869502	1.37453572257	1.14142056549	0.610366829386	0.827325137748	0.669248883519	1.02974391977	0.854203247946	1.49949933301	1.32090852586	0.852328071532	0.766454712421	0.706727559207	1.37052427743	1.10456608023	1.24606982117	1.25319304978	1.11963320928	1.22683540358	0.929023576607	0.875774069599	0.893987718705	0.889315219913	0.756278994683	1.2672880957	0.776008390527	1.1363682262	0.643942551957	1.08312810053
AD8	0.912655244079	0.832523890768	2.41565683905	1.13340676172	1.20529083615	0.611118646689	1.26592231513	0.527395403577	0.431677757371	0.917297095215	0.404554021266	1.00419399227	0.677674306428	2.06097926535	0.86890518608	0.773374088932	0.450964581924	0.43723277912	1.91563688255	1.39950243113	0.935930318995	0.603475461576	0.131468115031	0.0	1.84822514258	0.801086853552	0.330597694538	0.451455853069	0.663338211696	0.801432300628	0.736102493958	0.554126350894	0.452758231029	0.494904364427	1.35201051716	1.11104573224	0.603172460126	0.794208844853	0.650675548574	0.993597960367	0.818614475592	1.46869889319	1.29001084099	0.814724132431	0.763081097148	0.694264896085	1.3455780957	1.09543608023	1.20913453359	1.2159340116	1.11715355244	1.21678291928	0.901250338328	0.861528941518	0.889077970034	0.873621101982	0.736874224263	1.24310745288	0.752846752054	1.10405108265	0.622003823103	1.07010461576
AE7	1.37769843403	1.43829654422	1.91407650072	1.26704354277	1.31877993233	1.73306252296	1.20901942484	1.69561839053	1.93121107782	1.3617397245	1.96768820203	1.42499480425	1.63732275495	1.6311919188	1.47315521991	1.41976244079	1.77668836153	1.73225820203	1.06233037699	1.12202640406	1.40010181247	1.54123528758	1.90907883519	1.84822514258	0.0	1.06750490092	1.80452493475	1.64395049783	1.38293492508	1.31325868052	1.57036368294	1.58811507975	1.81683274045	1.82566525375	1.70428551957	1.70406052199	1.95636363461	1.49417513775	1.78966278879	1.3606777477	1.55043673755	1.44537131464	1.44569440793	1.43945795553	2.02556661672	1.97644344611	1.68691377477	1.84866511841	1.63769242629	1.6102799275	1.96573323345	1.8014139391	1.67506006283	1.69387114548	1.75193790237	1.6809081972	1.56547848719	1.71680081199	1.54323062832	1.74835476559	1.70394109715	1.83024504108
AE8	0.614921894635	0.55508217013	2.15020500725	0.850365534074	0.841991870469	0.74786619623	0.835834775254	0.690090531658	0.922844185597	0.568123204447	0.967284538424	0.646316718221	0.69793717738	1.79492895118	0.672999231513	0.589232223296	0.828870227163	0.769679884002	1.42268503142	0.94480242146	0.639518583857	0.578073934268	0.863793518608	0.801086853552	1.06750490092	0.0	0.795647080715	0.640854973417	0.545424736588	0.52737680522	0.746334789754	0.649823189947	0.805092160464	0.814216621556	1.14215678105	0.923422803287	0.966416520058	0.639806824553	0.82835080232	0.645293465442	0.671774166264	1.23918419043	1.06659920251	0.611520913485	1.07746639439	1.03665605123	1.19922552924	1.11629703722	0.957506578057	0.993663755437	1.23351832769	1.1699637796	0.882167796037	0.895061836636	0.957369618173	0.897798859352	0.687929623006	1.10462731754	0.65060502175	1.00467273562	0.744064470759	1.09574974867
AF7	0.80235857419	0.709115534074	2.41758646206	1.1409702175	1.06972242146	0.555508163364	1.20543943934	0.489366428226	0.426078632189	0.849986853552	0.439153088449	0.879320869985	0.588339975834	2.06105134364	0.773385297245	0.673446447559	0.354129855002	0.349636437893	1.83081993233	1.32036709522	0.925302097632	0.491875253746	0.354979603673	0.330597694538	1.80452493475	0.795647080715	0.0	0.260657655872	0.63092338811	0.766025828903	0.66869160464	0.50900540841	0.408220391493	0.464322484292	1.19704034316	0.945965157081	0.527882324795	0.746990898985	0.547869366844	0.885567138714	0.682020212663	1.4770721508	1.30245136781	0.731268864186	0.736786476559	0.694275737071	1.21961766554	0.974613494442	1.06210621556	1.08430141131	0.993098293862	1.08267720155	0.765472025133	0.746532078299	0.782284432093	0.758751614306	0.598567617206	1.10147817786	0.631580985984	0.967135998067	0.482698704688	0.950444794587
AF8	0.667016317061	0.644573131948	2.27993420976	0.972556824553	1.00416879652	0.501878714355	1.06043422426	0.427664538424	0.484077264379	0.718744132431	0.583174562591	0.8172580232	0.549619671339	1.91861000483	0.707641213146	0.596168453359	0.462985751571	0.404893088449	1.68689962784	1.17832834703	0.732839337844	0.308306307395	0.468917066216	0.451455853069	1.64395049783	0.640854973417	0.260657655872	0.0	0.474093658772	0.605375461576	0.652649618173	0.449448032866	0.408029879169	0.470761735138	1.18748671822	0.928088951184	0.664957187047	0.659999120348	0.562738844853	0.804390130498	0.636318902852	1.33062993233	1.15462752537	0.636861851136	0.813100381827	0.754554833253	1.23886491058	1.00000319478	1.02838816336	1.08263475592	1.02760022233	1.10774057032	0.770685833736	0.769684920251	0.816502087965	0.7795239826	0.537388095698	1.11823641373	0.53936098115	0.977439038183	0.486128501692	0.977261928468
AG7	0.72434937651	0.623750057999	1.94620245529	0.649010299662	0.885335205413	0.650215640406	0.883147119381	0.501109052682	0.696801681972	0.582732803287	0.795924925085	0.745763349444	0.621565558241	1.59460148864	0.645579782504	0.65934120348	0.729502203963	0.692391435476	1.38345671822	0.851438090865	0.567082914451	0.455111720638	0.690851169647	0.663338211696	1.38293492508	0.545424736588	0.63092338811	0.474093658772	0.0	0.227240778154	0.767808303528	0.621954944418	0.591161101982	0.691278680522	1.25116595457	0.966151367811	0.884168158531	0.470967597873	0.772792310295	0.784060057999	0.70141439826	1.06061147898	0.881643291445	0.465837636539	1.0182181392	0.972179937168	1.31808485259	1.10530810536	1.10487018366	1.15523482359	1.20498583857	1.18958001933	0.883362692122	0.899803634606	0.96302459159	0.913438366361	0.640601097148	1.20612862252	0.620199763171	1.05120386177	0.694374755921	1.08304713871
AG8	0.672611652972	0.648891657806	1.86522281779	0.618031696472	0.899756988884	0.738308240696	0.793815137748	0.63838	0.85331138231	0.59750838086	0.924154789754	0.760406727888	0.744470512325	1.50652431609	0.677386592557	0.677617216046	0.877833605607	0.833280072499	1.22641072015	0.722166911551	0.540933784437	0.540785152247	0.830931512808	0.801432300628	1.31325868052	0.52737680522	0.766025828903	0.605375461576	0.227240778154	0.0	0.843714185597	0.74708759304	0.743850376994	0.788141343644	1.25952899468	0.990908057032	1.01881746254	0.465619279845	0.880272663122	0.781835925568	0.758006457226	1.00244558724	0.838552730788	0.46678279362	1.10540647656	1.06918952151	1.35184648139	1.23161877235	1.11743620106	1.17609238279	1.33848430643	1.28267289029	0.992637235379	1.00419259062	1.07007515225	1.01800445143	0.740969888835	1.23461376027	0.712943866602	1.15026274529	0.796533794103	1.20922367327
AH7	0.755810217496	0.858072870952	2.46309312711	1.2511918463	1.172440087	0.811169927501	1.16093763654	0.806408733688	0.904162339294	0.937223397777	0.808647651039	1.00573666022	0.827384291928	2.12213108748	0.979944403093	0.766939192847	0.64917701305	0.579631802803	1.70782003383	1.27215259062	0.855703620106	0.616215761237	0.747415384244	0.736102493958	1.57036368294	0.746334789754	0.66869160464	0.652649618173	0.767808303528	0.843714185597	0.0	0.296478434026	0.861268680522	0.85589318028	1.18760882552	1.02642553891	0.857296172064	0.947024156597	0.755712329628	0.952399294345	0.804993160947	1.550769826	1.39349482359	0.927053499275	0.960514610923	0.927228211696	1.2983638376	1.06604047849	1.13735695988	1.10681063799	1.14514883519	1.15218141131	0.856522073465	0.825527008217	0.843294847753	0.807788728855	0.767889236346	1.17858378927	0.758657269212	1.00032196713	0.732261077815	1.05299756887
AH8	0.703280425326	0.712101938134	2.4383539971	1.12759160464	1.03605137748	0.596326031899	1.07303161431	0.596520304495	0.72497040116	0.789101184147	0.644294040599	0.861299734171	0.654593185114	2.07848019333	0.8238180232	0.619431662639	0.442255157081	0.353939594007	1.70785147898	1.2386258144	0.762547235379	0.482786964717	0.590004954084	0.554126350894	1.58811507975	0.649823189947	0.50900540841	0.449448032866	0.621954944418	0.74708759304	0.296478434026	0.0	0.666366031899	0.635438013533	1.1384861189	0.924257457709	0.700528206863	0.804933040116	0.574183011116	0.838302310295	0.664989990333	1.49115841953	1.31703705655	0.764494688255	0.805675490575	0.762542682455	1.19494525858	0.9549180232	1.00871661189	1.0096961769	1.00389928468	1.05082807153	0.716930289995	0.705504659256	0.731500947318	0.688760840986	0.631160913485	1.06849820203	0.609144103432	0.894525234413	0.550707158047	0.937089236346
AA5	0.859685674239	0.648506056066	2.28364993717	1.05528856936	0.974562832286	0.456129289512	1.17282039149	0.299586056066	0.249722493958	0.807995287579	0.457608144031	0.777623049783	0.549956143064	1.92586172064	0.653932252296	0.706650686322	0.468577757371	0.492957670372	1.84351139198	1.33564318511	0.880313769937	0.54593	0.45994762204	0.452758231029	1.81683274045	0.805092160464	0.408220391493	0.408029879169	0.591161101982	0.743850376994	0.861268680522	0.666366031899	0.0	0.273674736588	1.24194955051	0.943161846303	0.629300657322	0.594890430159	0.6218540116	0.838129144514	0.664200236829	1.28775089899	1.11536479942	0.617145321411	0.752799463509	0.663972223296	1.29869275012	1.05895901885	1.07796921701	1.13987545191	1.08979960367	1.17680534558	0.831560517158	0.835636703722	0.837568438859	0.836445413243	0.604322537458	1.18779242146	0.631841822136	1.02626285645	0.55059580957	1.02839711455
AA6	0.834751227646	0.680708999517	2.40523540358	1.12557887869	0.966949294345	0.35958759304	1.14716276462	0.367114809087	0.341145369744	0.798307336878	0.432348564524	0.767630072499	0.502921657806	2.04197927985	0.716385925568	0.695058791687	0.494478757854	0.49776537941	1.88400308362	1.38383871435	0.884320154664	0.575602638956	0.531889869502	0.494904364427	1.82566525375	0.814216621556	0.464322484292	0.470761735138	0.691278680522	0.788141343644	0.85589318028	0.635438013533	0.273674736588	0.0	1.09498278879	0.828951739971	0.528447767037	0.634167390043	0.497008487192	0.842069439343	0.577564726921	1.41505133881	1.2341702755	0.662074441759	0.540964127598	0.447066399227	1.1937801885	0.960770855486	0.943607443209	0.980092924118	0.988959482842	1.0539460464	0.696324282262	0.723608376027	0.731755538908	0.704012716288	0.619041565974	1.05058210246	0.640451744804	0.879313852102	0.477875282745	0.930087684872
AB5	1.10783807637	0.952188724021	2.57009662639	1.37051875785	0.827360067666	1.04195412276	1.18767748188	1.13844606573	1.25129942968	1.00054801837	1.20582028516	0.827220990817	1.04982824553	2.22281900435	1.05051570324	1.01777719188	1.21157061382	1.20722560657	1.85386941034	1.45237777187	1.28617231996	1.192430116	1.37453572257	1.35201051716	1.70428551957	1.14215678105	1.19704034316	1.18748671822	1.25116595457	1.25952899468	1.18760882552	1.1384861189	1.24194955051	1.09498278879	0.0	0.374965654906	0.966385480909	1.09843049783	0.964006413726	0.865406872885	0.870443069116	1.63262966167	1.48573679555	1.04911758821	1.0002400145	0.986220739488	0.806609560174	0.955222933784	0.728336360561	0.73422742871	1.06083349444	0.917150681489	0.803796089899	0.885329560174	0.917068390527	0.888067336878	1.02592446109	0.817622358627	1.03880416143	0.79319857419	1.01383601257	0.914731101982
AB6	0.916082996617	0.71950017883	2.4883781247	1.22499751087	0.727909511841	0.769917612373	1.05324237313	0.850608472692	0.98126840986	0.814386239729	0.976265882069	0.610027042049	0.795122310295	2.13534135331	0.806435123248	0.778979937168	1.00240586757	0.997486099565	1.80214302078	1.35090187047	1.10640059449	0.917555877235	1.14142056549	1.11104573224	1.70406052199	0.923422803287	0.945965157081	0.928088951184	0.966151367811	0.990908057032	1.02642553891	0.924257457709	0.943161846303	0.828951739971	0.374965654906	0.0	0.754144968584	0.822181343644	0.76549580957	0.740606950217	0.641012484292	1.50820637506	1.33403553891	0.768453856936	0.800955132914	0.787962489125	0.791751232479	0.750573286612	0.553639917835	0.583618844853	0.862217651039	0.755021720638	0.591175596907	0.688264949251	0.72402918318	0.699836897052	0.768238351861	0.68878658289	0.781367525375	0.576842315128	0.794123156114	0.709163910101
AC5	0.977584079265	0.830033441276	2.65178497825	1.36802878202	1.01338009667	0.609814741421	1.2976620928	0.637769313678	0.566995659739	0.95651282262	0.475851556307	0.813931179314	0.748491280812	2.29792267762	0.924210270662	0.855711739971	0.555507713871	0.56347817303	2.0053518173	1.52690875302	1.15238707105	0.813918371194	0.610366829386	0.603172460126	1.95636363461	0.966416520058	0.527882324795	0.664957187047	0.884168158531	1.01881746254	0.857296172064	0.700528206863	0.629300657322	0.528447767037	0.966385480909	0.754144968584	0.0	0.821290391493	0.47470098115	0.939264572257	0.711539453842	1.69986746738	1.50282310778	0.84316479942	0.466516486225	0.453386239729	1.02393717738	0.760073566941	0.887048482359	0.885184103432	0.765201971967	0.840425751571	0.586954581924	0.5545440116	0.543083856936	0.572792179797	0.809581851136	0.886000628323	0.829714262929	0.770156408893	0.614493383277	0.729887032383
AC6	0.772690604157	0.523489545674	1.99662695022	0.715847651039	0.754062551957	0.627852866119	0.720849893668	0.48803741421	0.737335679072	0.451862247463	0.826555712905	0.620927873369	0.626390584824	1.64152317061	0.518390898985	0.638163852102	0.809883866602	0.813283160947	1.47430047849	0.974310947318	0.734458226196	0.659029168681	0.827325137748	0.794208844853	1.49417513775	0.639806824553	0.746990898985	0.659999120348	0.470967597873	0.465619279845	0.947024156597	0.804933040116	0.594890430159	0.634167390043	1.09843049783	0.822181343644	0.821290391493	0.0	0.766690347994	0.634674045433	0.603643784437	0.91154062349	0.720723407443	0.278612010633	0.989118293862	0.937098129531	1.19940182697	1.09756823103	0.963732909618	1.03182626873	1.1933921508	1.12604717255	0.849608608023	0.894329676172	0.952590449493	0.889193494442	0.609329149348	1.07531289512	0.614036882552	1.0066242291	0.700020536491	1.07028046883
AD6	0.786022402127	0.624441295312	2.54842445143	1.1795838666	0.846177907202	0.421724451426	1.14466709522	0.508953523441	0.600903011116	0.822583054616	0.51483762204	0.684665152247	0.554822730788	2.18661295795	0.758724079265	0.651868129531	0.488263910101	0.495005263412	1.84536904785	1.36881665539	1.01789858869	0.68313499275	0.669248883519	0.650675548574	1.78966278879	0.82835080232	0.547869366844	0.562738844853	0.772792310295	0.880272663122	0.755712329628	0.574183011116	0.6218540116	0.497008487192	0.964006413726	0.76549580957	0.47470098115	0.766690347994	0.0	0.715687583374	0.437626234896	1.57566586757	1.39626728855	0.76087980667	0.63033540841	0.587124717255	0.911762025133	0.667346795553	0.808829328178	0.768000744321	0.708105650072	0.771038931851	0.46400661189	0.451837452876	0.488258806187	0.446219067182	0.573087124215	0.78590621073	0.601456201063	0.65519159014	0.383174354761	0.643212450459
AE5	0.601776288062	0.443865882069	2.28839442243	0.926295819236	0.640571503142	0.754606205897	0.78666698405	0.698290135331	0.953503054616	0.548379908168	0.99100737071	0.553008018366	0.708499855002	1.92523810536	0.578384741421	0.487583542774	0.880367617206	0.885279690672	1.45900963267	1.04157326728	0.925337839536	0.813246993717	1.02974391977	0.993597960367	1.3606777477	0.645293465442	0.885567138714	0.804390130498	0.784060057999	0.781835925568	0.952399294345	0.838302310295	0.838129144514	0.842069439343	0.865406872885	0.740606950217	0.939264572257	0.634674045433	0.715687583374	0.0	0.351191913968	1.25581938618	1.08187110198	0.570900488159	1.10428885935	1.05813566457	0.893724146931	0.9085180232	0.790172938618	0.755002141131	1.02121999033	0.921786573224	0.673457791203	0.712912663122	0.778427684872	0.688454180764	0.533959463509	0.848937931368	0.556833122281	0.787714514258	0.700625263412	0.870529130014
AE6	0.575299386177	0.411965693572	2.39647046399	1.02860846786	0.712964122765	0.514691140648	0.915917776704	0.544368999517	0.704375355244	0.617883441276	0.728111251812	0.572897225713	0.503878612856	2.03329923151	0.554677834703	0.423919323345	0.665982653456	0.676187283712	1.60491330111	1.17851446109	0.913206737554	0.678996964717	0.854203247946	0.818614475592	1.55043673755	0.671774166264	0.682020212663	0.636318902852	0.70141439826	0.758006457226	0.804993160947	0.664989990333	0.664200236829	0.577564726921	0.870443069116	0.641012484292	0.711539453842	0.603643784437	0.437626234896	0.351191913968	0.0	1.38771152247	1.20176746254	0.552014306428	0.851136800387	0.797193649106	0.900489942001	0.75635300145	0.695009328178	0.684206544224	0.867577211213	0.785847187047	0.488576249396	0.521811130981	0.571694127598	0.509318651522	0.423964185597	0.768722856452	0.44937441276	0.625169888835	0.456648516191	0.730299033349
AF5	1.34321402127	1.2309902175	1.25888862736	0.667233310778	1.24076184147	1.40666478975	0.912920724988	1.25370758821	1.40157800387	1.06299943934	1.57576687289	1.25991699372	1.36003612856	0.916383591107	1.14378660222	1.33111727405	1.55570971967	1.55270625906	0.966650768487	0.724595669406	1.22518885452	1.26372164331	1.49949933301	1.46869889319	1.44537131464	1.23918419043	1.4770721508	1.33062993233	1.06061147898	1.00244558724	1.550769826	1.49115841953	1.28775089899	1.41505133881	1.63262966167	1.50820637506	1.69986746738	0.91154062349	1.57566586757	1.25581938618	1.38771152247	0.0	0.237951222813	1.02094674722	1.78894622523	1.71517372644	1.7380021218	1.76249808603	1.60181324311	1.66377565007	1.85375180764	1.79542894635	1.60672328661	1.65350832769	1.70180722571	1.65432276945	1.31759907202	1.72302162881	1.30205536008	1.6808422813	1.46731833736	1.74020504592
AF6	1.18189637989	1.0514439246	1.4170577042	0.514714644756	1.09197034799	1.22918952634	0.772422716288	1.07642570324	1.23616014983	0.882842145964	1.40815208313	1.09179339778	1.18000049783	1.07882939101	0.967906495892	1.15245383277	1.38347539391	1.37625909618	1.01712411793	0.664932856452	1.09809240213	1.11374295795	1.32090852586	1.29001084099	1.44569440793	1.06659920251	1.30245136781	1.15462752537	0.881643291445	0.838552730788	1.39349482359	1.31703705655	1.11536479942	1.2341702755	1.48573679555	1.33403553891	1.50282310778	0.720723407443	1.39626728855	1.08187110198	1.20176746254	0.237951222813	0.0	0.835265848236	1.60618506525	1.53650176897	1.58984148381	1.59343280812	1.45821538908	1.52015804737	1.67327081199	1.64643250362	1.42352400193	1.47153224263	1.52230073949	1.47248797003	1.13611912035	1.57422904302	1.11878492992	1.51707705172	1.29233461576	1.57259125181
AG5	0.669606529725	0.444198124698	2.07715405027	0.755971938134	0.673076466892	0.609699337844	0.715020898985	0.50643659739	0.752156157564	0.418463218946	0.822309956501	0.53637977767	0.601708627356	1.71699605123	0.469385857902	0.541262116965	0.794512522958	0.763167138714	1.47983359111	0.986971135814	0.675774857419	0.628378327695	0.852328071532	0.814724132431	1.43945795553	0.611520913485	0.731268864186	0.636861851136	0.465837636539	0.46678279362	0.927053499275	0.764494688255	0.617145321411	0.662074441759	1.04911758821	0.768453856936	0.84316479942	0.278612010633	0.76087980667	0.570900488159	0.552014306428	1.02094674722	0.835265848236	0.0	0.986454528758	0.947678144031	1.13180401643	1.0521778347	0.890628728855	0.954060405993	1.15888080715	1.07593999517	0.779285529241	0.830414088932	0.894859463509	0.813006520058	0.565631193813	1.00750573707	0.55459861769	0.941074886419	0.657645896568	1.02227851136
