	AA3	AA4	AB3	AB4	AC3	AC4	AD3	AD4	AE3	AE4	AF3	AF4	AG3	AG4	AH3	AH4	AA7	AA8	AB7	AB8	AC7	AC8	AD7	AD8	AE7	AE8	AF7	AF8	AG7	AG8	AH7	AH8	AA5	AA6	AB5	AB6	AC5	AC6	AD6	AE5	AE6	AF5	AF6	AG5	AH5	AH6	AA1	AA2	AB1	AB2	AC1	AC2	AD1	AD2	AE1	AE2	AF1	AF2	AG1	AG2	AH1	AH2
AA3	0.0	0.537824538424	2.25283061866	0.988651329145	0.879156901885	0.776175882069	0.930212315128	0.795108356694	0.867126563557	0.696339014016	0.968303910101	0.746032358627	0.745259284679	1.92083495408	0.77043882552	0.319835770904	0.819373363944	0.780079927501	1.45331919285	1.04159077332	0.822278235863	0.672576510391	0.896116133398	0.871944050266	1.3781579507	0.59824239246	0.764469565007	0.679276694055	0.691464093765	0.669034683422	0.76198961334	0.673376288062	0.895989801837	0.835342402127	1.09887786854	0.914852716288	0.934025693572	0.779213900435	0.746808704688	0.603420831319	0.605244021266	1.25299357661	1.18876581924	0.730042300628	1.17405070565	1.10296658772	0.970552696955	0.908962518125	0.945691701305	0.87261117448	1.03722860319	0.983464900918	0.662972237796	0.697167984534	0.764421638473	0.656999690672	0.548873247946	0.888190352827	0.509870483325	0.923409255679	0.693089434509	0.925503160947
AA4	0.537824538424	0.0	2.22527477042	0.842386703722	0.657786321895	0.573602276462	0.856697327211	0.509967694538	0.681366955051	0.541197472209	0.838708651522	0.477368690188	0.452802566457	1.89120488642	0.285380173997	0.281720521991	0.668727201547	0.634292527791	1.55081232479	1.03113923635	0.823451648139	0.62600781537	0.806320488159	0.758594291928	1.45708400677	0.564771773804	0.64021878202	0.645112290962	0.61460022233	0.641877259546	0.839391387144	0.709698651522	0.631944557757	0.627119632673	0.960804475592	0.702388090865	0.781545398743	0.499691043983	0.611459381344	0.501676263896	0.40059522958	1.14753573707	1.08350518608	0.438432416626	0.99917161914	0.919942397293	0.953042010633	0.812394876752	0.781671493475	0.794691720638	0.967499917835	0.930669023683	0.640522218463	0.666023020783	0.694944755921	0.613963049782	0.445762706622	0.863815761237	0.441892479459	0.799958714355	0.496044016433	0.809296138231
AB3	2.25283061866	2.22527477042	0.0	1.50079519091	2.15291443209	2.38540907202	1.91158942001	2.27914861286	2.3278861334	2.07390357177	2.53070627356	2.28785165781	2.32435858386	0.375615867569	2.15173840503	2.23967054616	2.49811468342	2.49348689222	1.1999460319	1.47360443693	1.966680203	2.15937763654	2.41122732238	2.38831874819	1.89802084582	2.1614279072	2.36993482842	2.29524981634	1.87668101498	1.82620102948	2.43945034316	2.40880457709	2.27047539391	2.36851199613	2.5223357564	2.46543693572	2.59364117448	1.97947331561	2.52657875302	2.29209328661	2.36363203963	1.32288714355	1.37076559207	2.05966848236	2.75832929918	2.65277348478	2.6481860609	2.6683079652	2.51471827936	2.60157753987	2.76458507008	2.72501188497	2.55911138231	2.59557179797	2.59764231996	2.56281183664	2.31529832769	2.6600239681	2.32540218463	2.64851906235	2.40925905752	2.63760596907
AB4	0.988651329145	0.842386703722	1.50079519091	0.0	0.842859154181	0.988106341228	0.833858327695	0.950655045916	1.07421802803	0.770412160464	1.19780868536	0.912108936684	0.865658791687	1.1546542291	0.817035983567	0.854590666989	1.14299505558	1.12757866119	1.07184669406	0.548064122765	0.912843784437	0.937440135331	1.12092239729	1.08571747704	1.30208771387	0.876983484775	1.07875522958	1.01840333494	0.641715645239	0.629439101015	1.26625082165	1.13531833736	1.02200766554	1.06624515708	1.27035314161	1.16884859836	1.29138280329	0.697839236346	1.14301478492	0.907415089415	0.963753136781	0.643049516675	0.589849850169	0.727738791687	1.43689791687	1.35098449976	1.35656588207	1.30843311261	1.22464400677	1.27623678105	1.45478349928	1.4116242436	1.1819737071	1.23144472692	1.26139238763	1.18805690672	0.965914842919	1.34485550507	0.965655161914	1.30388890768	1.03016226196	1.31047927501
AC3	0.879156901885	0.657786321895	2.15291443209	0.842859154181	0.0	0.813103475109	0.861238332528	0.854642000967	0.99797558724	0.655838458192	1.10037926535	0.32074099565	0.796938351861	1.8296120493	0.640913233446	0.732860029	1.01065297245	0.969924320928	1.43856730788	0.991002087965	1.03759020783	1.00089953117	1.23387658289	1.1857777912	1.30000435476	0.819521295312	1.04350143064	1.04967694055	0.854967762204	0.855921387144	1.18104163364	1.04606680039	0.952817182214	0.959188390527	0.806103992267	0.73213540841	0.955788144031	0.6857380232	0.848186708555	0.650433557274	0.702590463992	1.11408335428	1.07009233929	0.601080710488	1.20348798453	1.13857448043	0.841365664572	0.917381237313	0.748414944418	0.798022605123	1.06561748188	0.975716138231	0.727332542291	0.814989652006	0.843338337361	0.768000449493	0.85125120348	0.880647902368	0.808956935718	0.88850840986	0.86058961334	0.887408927018
AC4	0.776175882069	0.573602276462	2.38540907202	0.988106341228	0.813103475109	0.0	1.15003383277	0.376611043983	0.47885040116	0.808024050266	0.388608414693	0.563445147414	0.429719507008	2.0542740261	0.676529681005	0.632316080232	0.543243649106	0.521529072015	1.83504297245	1.30563717255	0.896408675689	0.640991754471	0.631449241179	0.590239081682	1.71078212663	0.75921121798	0.541491749638	0.534727095215	0.671557443209	0.749172489125	0.788372716288	0.601457564041	0.462958086032	0.398544963751	1.00448023683	0.72508120348	0.545300473659	0.63205502175	0.429227138714	0.749432073465	0.476989386177	1.33654249879	1.26499767037	0.606110778154	0.726059937168	0.609843533108	1.03812312711	0.800623591107	0.86510942001	0.845478956017	0.887296848719	0.967415244079	0.622130952151	0.642961585307	0.671391266312	0.606211503142	0.587660565491	0.950325161914	0.613972261962	0.799532764621	0.385068864186	0.808901962301
AD3	0.930212315128	0.856697327211	1.91158942001	0.833858327695	0.861238332528	1.15003383277	0.0	1.02664703238	1.27477050749	0.41292937651	1.40170030449	0.930911788304	1.09231450942	1.58416414693	0.819047747704	0.882038835186	1.26041625423	1.25318143548	1.3157740116	0.831746365394	0.888791768971	0.95141178347	1.32049443209	1.27668154664	1.2272858289	0.856387757371	1.18969096665	1.10916236829	0.876868559691	0.805352025133	1.18064733204	1.11883639439	1.21723698405	1.15588078782	1.14200920735	1.0605860754	1.24104001933	0.727692295795	1.16512868536	0.807018521025	0.949930526825	0.84190717738	0.770622967617	0.740455553407	1.47004127115	1.40181298695	1.30376011116	1.34293092798	1.12888594973	1.19888052199	1.46007305945	1.42179205413	1.15072435959	1.20297275012	1.24440987434	1.1460339681	0.982863484775	1.27882086032	0.966685911068	1.24213728855	1.13893254712	1.30161330111
AD4	0.795108356694	0.509967694538	2.27914861286	0.950655045916	0.854642000967	0.376611043983	1.02664703238	0.0	0.28501702755	0.674724248429	0.508527568874	0.665203557274	0.5168359739	1.95201791687	0.585649734171	0.616246205897	0.539120879652	0.519221904302	1.82747491542	1.27387153214	0.868372914451	0.610389671339	0.543295074915	0.492274282262	1.74602762204	0.764054364427	0.465320560657	0.467884722088	0.592682464959	0.699341242146	0.813550159497	0.64378858869	0.27920101015	0.338681169647	1.09662915418	0.797549550507	0.561203629773	0.536032397293	0.530062513291	0.755459386177	0.526227941034	1.208359797	1.14663551957	0.557139434509	0.770515514741	0.639216027066	1.12205596907	0.867075205413	0.965284117931	0.983778883519	0.950689690672	1.04436444176	0.748307303045	0.719708830353	0.704726524891	0.695885563074	0.560585103915	1.04016002417	0.630486727888	0.91186282262	0.467549130014	0.888628994683
AE3	0.867126563557	0.681366955051	2.3278861334	1.07421802803	0.99797558724	0.47885040116	1.27477050749	0.28501702755	0.0	0.917166602223	0.389760024166	0.814659956501	0.582169830836	2.00865059449	0.73134477042	0.765611101982	0.51384582407	0.523780314161	1.9584560029	1.41240656839	0.973104180764	0.717039014016	0.458964581924	0.436393668439	1.89865119381	0.917965340744	0.445288521025	0.507426399227	0.721923136781	0.832038753021	0.889711275979	0.729175901402	0.219717477042	0.348598361527	1.20897341228	0.926838390527	0.58658882552	0.711851551474	0.638027100048	0.944174200097	0.66910439826	1.29091634123	1.23538613823	0.726074393427	0.793509168681	0.62613882552	1.2517640841	0.991300807153	1.10588305945	1.10938016433	1.0639320638	1.16208344128	0.866921875302	0.852766505558	0.826925041083	0.826887530208	0.678465360077	1.17432634123	0.752515693572	1.03423253262	0.568176442726	1.01229975834
AE4	0.696339014016	0.541197472209	2.07390357177	0.770412160464	0.655838458192	0.808024050266	0.41292937651	0.674724248429	0.917166602223	0.0	1.05444031416	0.640349661672	0.774318559691	1.74308271629	0.553052281295	0.578777066216	0.925066993717	0.913474920251	1.45356471242	0.931793238279	0.728367158047	0.681715543741	0.967041469309	0.9239499855	1.3166139971	0.57165522958	0.849185485742	0.772189366844	0.595023301112	0.592279690672	0.924937481875	0.806360976317	0.869152295795	0.829055084582	0.958197182214	0.82257699855	0.91951377477	0.48416041566	0.827083243113	0.548643634606	0.628775079749	0.952602769454	0.884895679072	0.474290120831	1.15843785887	1.08881615756	1.06824743838	1.06664751571	0.900669739004	0.962917419043	1.21119762204	1.16970667956	0.872299951667	0.898389241179	0.937071952634	0.864038704688	0.675773721605	1.0462719768	0.673285041083	1.00388499275	0.799190140164	1.05263720638
AF3	0.968303910101	0.838708651522	2.53070627356	1.19780868536	1.10037926535	0.388608414693	1.40170030449	0.508527568874	0.389760024166	1.05444031416	0.0	0.855379110681	0.685802179797	2.20388781537	0.927639729338	0.899414451426	0.478932595457	0.501880347994	2.06452556791	1.5327920638	1.07502138231	0.852335925568	0.405403562107	0.390922624456	1.99529100532	1.01758046399	0.521450565491	0.616429932334	0.857900086999	0.96064900435	0.84791518608	0.686642798453	0.461552058966	0.491652653456	1.18517465442	0.957936172064	0.474014746254	0.867792948284	0.553619139681	1.01576335911	0.745105099082	1.51010234896	1.44856716771	0.861918487192	0.67270921218	0.531815205413	1.20524337361	0.935057187047	1.13066572257	1.05763568391	1.00333337361	1.08595691155	0.819536853552	0.749054349928	0.776178134364	0.749629729338	0.827228429193	1.09273300628	0.876482687289	0.990565248913	0.571398197197	0.95797118898
AF4	0.746032358627	0.477368690188	2.28785165781	0.912108936684	0.32074099565	0.563445147414	0.930911788304	0.665203557274	0.814659956501	0.640349661672	0.855379110681	0.0	0.602190009667	1.95887502658	0.539610990817	0.554145123248	0.844583383277	0.819240019333	1.60857257612	1.09054719188	0.940988110198	0.820585785404	1.05429851619	1.00156517641	1.44292181247	0.652568361527	0.872559661672	0.874036766554	0.793161652972	0.787941164814	1.01712542291	0.887446732721	0.769634881585	0.744753571774	0.755091106815	0.550217448043	0.742163591107	0.612771343644	0.659936974384	0.549060430159	0.54026482842	1.21075746738	1.16532854036	0.518878003867	0.972273842436	0.907121304978	0.793296462059	0.765348815853	0.607853600773	0.631454340261	0.930612058966	0.869652938618	0.566682121798	0.652498680522	0.707431474142	0.608171788304	0.686462687289	0.753625418076	0.652161749638	0.706284311261	0.64878817303	0.739717868536
AG3	0.745259284679	0.452802566457	2.32435858386	0.865658791687	0.796938351861	0.429719507008	1.09231450942	0.5168359739	0.582169830836	0.774318559691	0.685802179797	0.602190009667	0.0	1.97813072982	0.500415993233	0.554954736588	0.576181387144	0.545451449976	1.75428883035	1.22531116965	0.936868530691	0.644667423876	0.718619922668	0.679766892218	1.61243656839	0.709371159981	0.591594282262	0.589627723538	0.690657810536	0.765651831803	0.827137626873	0.695874045433	0.573265132914	0.54627901885	1.0049662494	0.738719714838	0.710179961334	0.647085181247	0.533142556791	0.702825712905	0.443811416143	1.28754014983	1.21748045433	0.588318463026	0.893995645239	0.806671546641	0.977854330594	0.728590570324	0.840866394393	0.827978743354	0.89966619623	0.886384446593	0.603640396327	0.624836491058	0.662537066216	0.581309656839	0.498456689222	0.905837854036	0.530931246979	0.777344780087	0.396586631223	0.73595618173
AG4	1.92083495408	1.89120488642	0.375615867569	1.1546542291	1.8296120493	2.0542740261	1.58416414693	1.95201791687	2.00865059449	1.74308271629	2.20388781537	1.95887502658	1.97813072982	0.0	1.82664281779	1.9042401885	2.17492352344	2.16631519091	0.939618748188	1.1563177912	1.64222705172	1.83127169647	2.08529844369	2.06273168681	1.63362652489	1.83531185597	2.04637552924	1.9696838956	1.55357885452	1.49848642823	2.12846225713	2.08291035283	1.94813884002	2.03864243113	2.20115860319	2.13946918801	2.27528242629	1.66163074915	2.19381622523	1.96216500725	2.03184402127	1.01920361044	1.06576884485	1.73636394393	2.42904043016	2.324209739	2.31456983567	2.33487051232	2.18376465442	2.26807244079	2.43801746738	2.39496692122	2.22626882552	2.26358763654	2.27417695988	2.23164286129	1.9884677187	2.32715628806	1.99831013533	2.31623749154	2.08145133881	2.30784930884
AH3	0.77043882552	0.285380173997	2.15173840503	0.817035983567	0.640913233446	0.676529681005	0.819047747704	0.585649734171	0.73134477042	0.553052281295	0.927639729338	0.539610990817	0.500415993233	1.82664281779	0.0	0.501579062349	0.796765123248	0.779544185597	1.56517807637	1.04498834219	0.874752363461	0.737540845819	0.909624741421	0.875151768971	1.47426094248	0.707948902852	0.78195557274	0.767380101498	0.664139091348	0.690047390043	1.01488980184	0.89422717738	0.664347757371	0.684622667956	0.969147907202	0.742845625906	0.868007796037	0.507583900435	0.734956665056	0.614995239246	0.532395036249	1.07681148381	0.996004374094	0.445757684872	1.0856778347	1.00143299178	0.988816065732	0.871038608023	0.808288303528	0.840586249396	1.00521432093	0.980211043983	0.757536350894	0.794833798937	0.796505461576	0.739319695505	0.590211609473	0.918297510875	0.58393421943	0.858104127598	0.630523040116	0.847539134848
AH4	0.319835770904	0.281720521991	2.23967054616	0.854590666989	0.732860029	0.632316080232	0.882038835186	0.616246205897	0.765611101982	0.578777066216	0.899414451426	0.554145123248	0.554954736588	1.9042401885	0.501579062349	0.0	0.70028080232	0.661752750121	1.48289387144	1.01694764621	0.815110826486	0.623379850169	0.810406452392	0.758028298695	1.39801368294	0.528608864186	0.653523247946	0.631312426293	0.642918047366	0.639899772837	0.785244282262	0.646713779604	0.741724441759	0.703043798937	0.987470913485	0.758595891735	0.830907467376	0.617442962784	0.626926408893	0.472727525375	0.43666662639	1.1869260029	1.11988550507	0.562273808603	1.05416295795	0.972102029966	0.925892634123	0.824471416143	0.809437051716	0.768743339778	0.97277459159	0.931089400677	0.622257066216	0.664315335911	0.71230282262	0.604489545674	0.388700009667	0.841804345094	0.379075012083	0.806427472209	0.553361483809	0.8170240261
AA7	0.819373363944	0.668727201547	2.49811468342	1.14299505558	1.01065297245	0.543243649106	1.26041625423	0.539120879652	0.51384582407	0.925066993717	0.478932595457	0.844583383277	0.576181387144	2.17492352344	0.796765123248	0.70028080232	0.0	0.114407665539	1.87187022716	1.34846295795	1.01124491058	0.695637056549	0.437084876752	0.421760275495	1.79228114548	0.841565722571	0.327698985017	0.439622160464	0.790185625906	0.885448550024	0.657877090382	0.453066916385	0.496551643306	0.524093156114	1.18831187047	0.969126737554	0.512832861286	0.831998844853	0.549583895602	0.894854485259	0.671951343644	1.47144330594	1.41114758337	0.823362663122	0.751378076365	0.635227945868	1.11701002417	0.855252904785	1.09375897535	1.02015479459	0.913107467376	0.994978013533	0.735961561141	0.664293721605	0.680548129531	0.670658651522	0.551724166264	0.999951169647	0.595205664572	0.961954316095	0.457550057999	0.882720459159
AA8	0.780079927501	0.634292527791	2.49348689222	1.12757866119	0.969924320928	0.521529072015	1.25318143548	0.519221904302	0.523780314161	0.913474920251	0.501880347994	0.819240019333	0.545451449976	2.16631519091	0.779544185597	0.661752750121	0.114407665539	0.0	1.83467389077	1.32611718705	0.99077062349	0.674390541324	0.465508095698	0.441613189947	1.74264482842	0.805219400677	0.354251058482	0.420807100048	0.76585120348	0.853529536008	0.614864610923	0.393200140164	0.507840507492	0.52096500725	1.17669028516	0.954976336394	0.51871542291	0.821760488159	0.515270149831	0.853044335428	0.631828134364	1.468040029	1.40487880619	0.808082566457	0.776166882552	0.657110768487	1.08086032866	0.819828564524	1.07078504592	0.981052957951	0.887592397293	0.959328434026	0.706276669889	0.636165447076	0.653241362977	0.638613634606	0.533649028516	0.971580072499	0.578179555341	0.924800425326	0.437823465442	0.849090550991
AB7	1.45331919285	1.55081232479	1.1999460319	1.07184669406	1.43856730788	1.83504297245	1.3157740116	1.82747491542	1.9584560029	1.45356471242	2.06452556791	1.60857257612	1.75428883035	0.939618748188	1.56517807637	1.48289387144	1.87187022716	1.83467389077	0.0	0.602551599807	1.50939880135	1.58894035283	1.9515860174	1.91463167231	1.06870858869	1.4462760464	1.81644857419	1.73930391977	1.36025412276	1.24276791203	1.73626637989	1.70010658772	1.88335866119	1.90882862252	1.85163014016	1.81681557274	1.97780958434	1.49555469792	1.86534356694	1.47626778637	1.63158802803	1.03576507492	1.03932050749	1.50766945868	2.20903903335	2.15259637506	1.89802471725	1.95230248429	1.82051242146	1.82396939101	2.07035814886	1.98953756887	1.79497334461	1.82798383277	1.8530218463	1.79927755921	1.65051959401	1.90100912035	1.61592226196	1.89649934268	1.79825458192	1.91384181247
AB8	1.04159077332	1.03113923635	1.47360443693	0.548064122765	0.991002087965	1.30563717255	0.831746365394	1.27387153214	1.41240656839	0.931793238279	1.5327920638	1.09054719188	1.22531116965	1.1563177912	1.04498834219	1.01694764621	1.34846295795	1.32611718705	0.602551599807	0.0	1.01451002417	1.06599308362	1.39789009667	1.35879027066	1.1239717883	0.950220347994	1.25972132431	1.18820085549	0.794584320928	0.703926887385	1.25402142098	1.20329297728	1.33923273562	1.36493199613	1.39122231029	1.31140405993	1.45601973417	0.950474320928	1.37197104882	1.0450321653	1.15146083615	0.713086022233	0.671815461576	0.963536031899	1.68239121315	1.61161233446	1.51385073949	1.490259942	1.37300308362	1.39631862252	1.6120217448	1.57575654422	1.35325733688	1.38288047849	1.40303971	1.35199872885	1.15026520058	1.49086594007	1.15060888352	1.44963165781	1.26257288062	1.45722721605
AC7	0.822278235863	0.823451648139	1.966680203	0.912843784437	1.03759020783	0.896408675689	0.888791768971	0.868372914451	0.973104180764	0.728367158047	1.07502138231	0.940988110198	0.936868530691	1.64222705172	0.874752363461	0.815110826486	1.01124491058	0.99077062349	1.50939880135	1.01451002417	0.0	0.426017530208	0.976046104398	0.93473838086	1.40616956501	0.686796239729	0.919466321895	0.777145949734	0.546540241663	0.538903639439	0.863234519091	0.809533885935	0.902808608023	0.896872218463	1.25759233446	1.12486267762	1.11763359594	0.759152397293	1.04535328178	0.9533059884	0.940751430643	1.15290148864	1.09243457226	0.739874581924	1.17062067666	1.06208529725	1.43766250362	1.37115319478	1.20296295795	1.23023106332	1.51336571774	1.48437396327	1.12371789754	1.15186506042	1.22603739971	1.10575105365	0.910538956017	1.38412019816	0.901149734171	1.26996033833	0.918479695505	1.36553633156
AC8	0.672576510391	0.62600781537	2.15937763654	0.937440135331	1.00089953117	0.640991754471	0.95141178347	0.610389671339	0.717039014016	0.681715543741	0.852335925568	0.820585785404	0.644667423876	1.83127169647	0.737540845819	0.623379850169	0.695637056549	0.674390541324	1.58894035283	1.06599308362	0.426017530208	0.0	0.690945867569	0.654661401643	1.50119096182	0.587583243113	0.549583069116	0.405427588207	0.464737791203	0.51915482842	0.634767467376	0.530076839053	0.634917515708	0.62598020783	1.12780470275	0.865098042533	0.839508052199	0.671009125181	0.74638980667	0.808268922185	0.688988931851	1.16518454809	1.10557553407	0.66165341711	0.9690059884	0.864568347028	1.27814673272	1.07588952634	1.04446476075	1.04946524891	1.20509839536	1.19819500242	0.85266381827	0.851957844369	0.925980265829	0.804245239246	0.55883141131	1.17034968584	0.598875964234	0.992777375544	0.619761034316	1.06696501692
AD7	0.896116133398	0.806320488159	2.41122732238	1.12092239729	1.23387658289	0.631449241179	1.32049443209	0.543295074915	0.458964581924	0.967041469309	0.405403562107	1.05429851619	0.718619922668	2.08529844369	0.909624741421	0.810406452392	0.437084876752	0.465508095698	1.9515860174	1.39789009667	0.976046104398	0.690945867569	0.0	0.122719130015	1.88348172064	0.869054330594	0.396634166264	0.436935118415	0.721025505075	0.833738115031	0.732928356694	0.575363122281	0.49126520058	0.555216930884	1.34524951667	1.09886072982	0.633012943451	0.850637061382	0.718615848236	1.05048781054	0.834487346544	1.40116246013	1.33186258096	0.897518830353	0.818436969551	0.682200758821	1.33884160947	1.0712282697	1.27270008217	1.22077238279	1.12768672789	1.23623839536	0.972692160464	0.906786727888	0.895199724505	0.898504311261	0.705461300145	1.24750405993	0.776198728855	1.14443682455	0.626267897535	1.09563888835
AD8	0.871944050266	0.758594291928	2.38831874819	1.08571747704	1.1857777912	0.590239081682	1.27668154664	0.492274282262	0.436393668439	0.9239499855	0.390922624456	1.00156517641	0.679766892218	2.06273168681	0.875151768971	0.758028298695	0.421760275495	0.441613189947	1.91463167231	1.35879027066	0.93473838086	0.654661401643	0.122719130015	0.0	1.81618678589	0.803904403093	0.3562859884	0.42082218463	0.680084142098	0.785565480909	0.715443504108	0.541703934268	0.456748883519	0.507050347994	1.31144324311	1.06146394877	0.597020338328	0.803142010633	0.678632116965	0.99369977767	0.784355505075	1.37602798937	1.30552345094	0.847906901885	0.787712532624	0.645251391977	1.2987079507	1.03285749154	1.2251538376	1.16742658289	1.1016742291	1.20018539391	0.925435621073	0.869212537458	0.858679753504	0.852114364427	0.682459115515	1.21058476559	0.748175674239	1.09336772837	0.582176268729	1.05657813436
AE7	1.3781579507	1.45708400677	1.89802084582	1.30208771387	1.30000435476	1.71078212663	1.2272858289	1.74602762204	1.89865119381	1.3166139971	1.99529100532	1.44292181247	1.61243656839	1.63362652489	1.47426094248	1.39801368294	1.79228114548	1.74264482842	1.06870858869	1.1239717883	1.40616956501	1.50119096182	1.88348172064	1.81618678589	0.0	1.04155308362	1.76332960367	1.66423805703	1.35137120831	1.30834672789	1.57117877719	1.56671449009	1.83415911068	1.81898042049	1.68074248913	1.70543302562	1.890379884	1.48976610923	1.77869268729	1.3432981827	1.55663089415	1.47478333978	1.44259511841	1.44198911551	2.05249628323	2.00915847753	1.6918938376	1.82273515225	1.62377814886	1.60932880619	1.94564741421	1.84582119865	1.64075345578	1.69237914935	1.74230487675	1.64573756404	1.59188263412	1.73668453359	1.53013742388	1.73864409377	1.70179488642	1.78488908652
AE8	0.59824239246	0.564771773804	2.1614279072	0.876983484775	0.819521295312	0.75921121798	0.856387757371	0.764054364427	0.917965340744	0.57165522958	1.01758046399	0.652568361527	0.709371159981	1.83531185597	0.707948902852	0.528608864186	0.841565722571	0.805219400677	1.4462760464	0.950220347994	0.686796239729	0.587583243113	0.869054330594	0.803904403093	1.04155308362	0.0	0.785787984534	0.704773895602	0.607919758337	0.587824035766	0.732333910101	0.657739047849	0.852571691638	0.832827201547	1.06461059449	0.888500135331	0.927203127115	0.671480343161	0.842326263896	0.613187660706	0.651956321895	1.18040308362	1.10226654906	0.65115641856	1.12670745288	1.07079832769	1.11504956017	1.05009273079	0.934435514741	0.944656138231	1.19105564524	1.16813303528	0.850522150797	0.867691130981	0.9202379797	0.828274166264	0.695756297728	1.08096588207	0.679342861286	0.974130517158	0.732248646689	1.03834614306
AF7	0.764469565007	0.64021878202	2.36993482842	1.07875522958	1.04350143064	0.541491749638	1.18969096665	0.465320560657	0.445288521025	0.849185485742	0.521450565491	0.872559661672	0.591594282262	2.04637552924	0.78195557274	0.653523247946	0.327698985017	0.354251058482	1.81644857419	1.25972132431	0.919466321895	0.549583069116	0.396634166264	0.3562859884	1.76332960367	0.785787984534	0.0	0.233329758337	0.67580359594	0.761530144998	0.652836800387	0.503216843886	0.426582721121	0.477245664572	1.15192982117	0.89837958434	0.518654533591	0.754067293378	0.582420444659	0.862799473175	0.646346104398	1.36223832769	1.29870954567	0.749194949251	0.79891242146	0.67380417593	1.16268474625	0.918880705655	1.06612985017	1.04275553891	0.973439299178	1.07201128565	0.787762875785	0.752067844369	0.754317071049	0.732647216046	0.528543702272	1.06283242629	0.590104842919	0.960480077332	0.463444306428	0.937399531174
AF8	0.679276694055	0.645112290962	2.29524981634	1.01840333494	1.04967694055	0.534727095215	1.10916236829	0.467884722088	0.507426399227	0.772189366844	0.616429932334	0.874036766554	0.589627723538	1.9696838956	0.767380101498	0.631312426293	0.439622160464	0.420807100048	1.73930391977	1.18820085549	0.777145949734	0.405427588207	0.436935118415	0.42082218463	1.66423805703	0.704773895602	0.233329758337	0.0	0.581014475592	0.658627404543	0.632558351861	0.466032305462	0.47607540841	0.478127167714	1.17835316095	0.921146191397	0.626151802803	0.734493078782	0.613906278395	0.853470459159	0.66919582407	1.28416655872	1.2138158144	0.726333861769	0.860912435959	0.741057568874	1.21757693088	0.976018612856	1.06669223296	1.07093580474	1.04264113098	1.13472894152	0.819652846786	0.800049202513	0.821045563074	0.774199951667	0.520445862736	1.11172702755	0.582934291928	0.992534736588	0.492621266312	0.98914558724
AG7	0.691464093765	0.61460022233	1.87668101498	0.641715645239	0.854967762204	0.671557443209	0.876868559691	0.592682464959	0.721923136781	0.595023301112	0.857900086999	0.793161652972	0.690657810536	1.55357885452	0.664139091348	0.642918047366	0.790185625906	0.76585120348	1.36025412276	0.794584320928	0.546540241663	0.464737791203	0.721025505075	0.680084142098	1.35137120831	0.607919758337	0.67580359594	0.581014475592	0.0	0.174938168197	0.800487288545	0.678915799903	0.65805337361	0.729157670372	1.22729714838	0.94534057999	0.909071720638	0.48751838086	0.829850604157	0.820554987917	0.69322341711	0.95059482842	0.869811807637	0.501167583374	1.11434669889	0.999852344128	1.30272965684	1.10399327211	1.14462908652	1.15255782987	1.24503003867	1.23668700338	0.933554562591	0.948378661189	0.97698898985	0.921316814886	0.691827394877	1.21425217496	0.70530539391	1.10853339778	0.711809797003	1.1070417448
AG8	0.669034683422	0.641877259546	1.82620102948	0.629439101015	0.855921387144	0.749172489125	0.805352025133	0.699341242146	0.832038753021	0.592279690672	0.96064900435	0.787941164814	0.765651831803	1.49848642823	0.690047390043	0.639899772837	0.885448550024	0.853529536008	1.24276791203	0.703926887385	0.538903639439	0.51915482842	0.833738115031	0.785565480909	1.30834672789	0.587824035766	0.761530144998	0.658627404543	0.174938168197	0.0	0.858299434509	0.746878791687	0.781742232963	0.79809500725	1.22563400193	0.99110878202	0.989541237313	0.480055147414	0.890301184147	0.817782300628	0.752756491058	0.914536157564	0.843355292412	0.4866060029	1.17757681489	1.06774476075	1.30635806187	1.17919829386	1.14414316578	1.15672496858	1.32561875302	1.30726565491	0.998311193813	1.00806524891	1.0410180812	0.983630507492	0.749214997583	1.2324617883	0.764137636539	1.16952182214	0.781364765587	1.17919275979
AH7	0.76198961334	0.839391387144	2.43945034316	1.26625082165	1.18104163364	0.788372716288	1.18064733204	0.813550159497	0.889711275979	0.924937481875	0.84791518608	1.01712542291	0.827137626873	2.12846225713	1.01488980184	0.785244282262	0.657877090382	0.614864610923	1.73626637989	1.25402142098	0.863234519091	0.634767467376	0.732928356694	0.715443504108	1.57117877719	0.732333910101	0.652836800387	0.632558351861	0.800487288545	0.858299434509	0.0	0.264887583374	0.888888453359	0.8748640116	1.1760641856	1.01043077815	0.807654253262	0.959767090382	0.782493262446	0.937816515225	0.829609652006	1.46302009667	1.40384608507	0.951354504592	1.01008928951	0.934612054132	1.25066214596	1.03605062349	1.15199102948	1.03491285162	1.12386819236	1.16272790237	0.861290550991	0.811154610923	0.837771744804	0.793724103432	0.740043576607	1.16088423876	0.778518598357	1.00634560657	0.713739879169	1.05222461576
AH8	0.673376288062	0.709698651522	2.40880457709	1.13531833736	1.04606680039	0.601457564041	1.11883639439	0.64378858869	0.729175901402	0.806360976317	0.686642798453	0.887446732721	0.695874045433	2.08291035283	0.89422717738	0.646713779604	0.453066916385	0.393200140164	1.70010658772	1.20329297728	0.809533885935	0.530076839053	0.575363122281	0.541703934268	1.56671449009	0.657739047849	0.503216843886	0.466032305462	0.678915799903	0.746878791687	0.264887583374	0.0	0.720197138714	0.697940468826	1.1429017738	0.925511179314	0.660653078782	0.845578163364	0.603557346544	0.824914519091	0.698767781537	1.39654626873	1.33103767037	0.835338820686	0.876023687772	0.791956766554	1.15448710005	0.926028878685	1.05465071532	0.964474354761	0.99464699855	1.06542235863	0.751371126148	0.705900183664	0.735809052682	0.682698221363	0.612410299662	1.05606968584	0.651990724988	0.917679734171	0.542530449493	0.942583257612
AA5	0.895989801837	0.631944557757	2.27047539391	1.02200766554	0.952817182214	0.462958086032	1.21723698405	0.27920101015	0.219717477042	0.869152295795	0.461552058966	0.769634881585	0.573265132914	1.94813884002	0.664347757371	0.741724441759	0.496551643306	0.507840507492	1.88335866119	1.33923273562	0.902808608023	0.634917515708	0.49126520058	0.456748883519	1.83415911068	0.852571691638	0.426582721121	0.47607540841	0.65805337361	0.781742232963	0.888888453359	0.720197138714	0.0	0.258228443693	1.18688123248	0.889834543258	0.582497071049	0.626903547608	0.636818226196	0.875175476075	0.631284678589	1.20717538424	1.14873736104	0.644862300628	0.77453522958	0.618701135814	1.25073130498	0.991303146448	1.08728236346	1.10322648623	1.07010690188	1.1660782987	0.846581710971	0.842623605607	0.817291101982	0.808670797487	0.635894030933	1.16843255679	0.701326732721	1.01936398743	0.55355479942	1.01285549541
AA6	0.835342402127	0.627119632673	2.36851199613	1.06624515708	0.959188390527	0.398544963751	1.15588078782	0.338681169647	0.348598361527	0.829055084582	0.491652653456	0.744753571774	0.54627901885	2.03864243113	0.684622667956	0.703043798937	0.524093156114	0.52096500725	1.90882862252	1.36493199613	0.896872218463	0.62598020783	0.555216930884	0.507050347994	1.81898042049	0.832827201547	0.477245664572	0.478127167714	0.729157670372	0.79809500725	0.8748640116	0.697940468826	0.258228443693	0.0	1.06463538908	0.790517274045	0.521621677139	0.623398535524	0.532511474142	0.830604238763	0.578247158047	1.3076662059	1.23763993717	0.641694320928	0.606499690672	0.46614221363	1.15067602707	0.909252092798	0.968629946834	0.972585505075	0.987677646206	1.07144870469	0.735012058966	0.746042663122	0.745754731754	0.697285843403	0.587789937168	1.04509237796	0.653053871435	0.897861043983	0.47407719188	0.923578661189
AB5	1.09887786854	0.960804475592	2.5223357564	1.27035314161	0.806103992267	1.00448023683	1.14200920735	1.09662915418	1.20897341228	0.958197182214	1.18517465442	0.755091106815	1.0049662494	2.20115860319	0.969147907202	0.987470913485	1.18831187047	1.17669028516	1.85163014016	1.39122231029	1.25759233446	1.12780470275	1.34524951667	1.31144324311	1.68074248913	1.06461059449	1.15192982117	1.17835316095	1.22729714838	1.22563400193	1.1760641856	1.1429017738	1.18688123248	1.06463538908	0.0	0.420325190913	0.931621648139	1.03626269212	0.915941739971	0.803873963267	0.862517462542	1.52335022716	1.47059777187	0.972078013533	1.04018851619	0.989023972934	0.820568680522	0.937606534558	0.718913475109	0.706219502175	1.06556591107	0.975973296278	0.786037897535	0.896102653456	0.918345896568	0.852955964234	1.01806869019	0.842016370227	0.985406872885	0.815857747704	0.987618264862	0.898787641373
AB6	0.914852716288	0.702388090865	2.46543693572	1.16884859836	0.73213540841	0.72508120348	1.0605860754	0.797549550507	0.926838390527	0.82257699855	0.957936172064	0.550217448043	0.738719714838	2.13946918801	0.742845625906	0.758595891735	0.969126737554	0.954976336394	1.81681557274	1.31140405993	1.12486267762	0.865098042533	1.09886072982	1.06146394877	1.70543302562	0.888500135331	0.89837958434	0.921146191397	0.94534057999	0.99110878202	1.01043077815	0.925511179314	0.889834543258	0.790517274045	0.420325190913	0.0	0.722933006283	0.775159482842	0.70949222813	0.714808753021	0.618496176897	1.40304025133	1.34609164331	0.708505582407	0.784117554374	0.758563721605	0.729257022716	0.66447701305	0.536829579507	0.529953702272	0.79982742871	0.75400222813	0.556277162881	0.698555190913	0.710080918318	0.645705321411	0.749060985984	0.665520797487	0.729117941034	0.541946863219	0.754972580957	0.627311672305
AC5	0.934025693572	0.781545398743	2.59364117448	1.29138280329	0.955788144031	0.545300473659	1.24104001933	0.561203629773	0.58658882552	0.91951377477	0.474014746254	0.742163591107	0.710179961334	2.27528242629	0.868007796037	0.830907467376	0.512832861286	0.51871542291	1.97780958434	1.45601973417	1.11763359594	0.839508052199	0.633012943451	0.597020338328	1.890379884	0.927203127115	0.518654533591	0.626151802803	0.909071720638	0.989541237313	0.807654253262	0.660653078782	0.582497071049	0.521621677139	0.931621648139	0.722933006283	0.0	0.775957863702	0.44624759304	0.875935302078	0.65515117448	1.56820843403	1.48780521025	0.785973117448	0.551704180764	0.456005360077	0.965737733204	0.708242363461	0.895176457226	0.832983470275	0.765987336878	0.858392498792	0.614141701305	0.560148361527	0.572745128081	0.561246756887	0.727999966167	0.85758157564	0.764893885935	0.758736640889	0.538759565007	0.727172189464
AC6	0.779213900435	0.499691043983	1.97947331561	0.697839236346	0.6857380232	0.63205502175	0.727692295795	0.536032397293	0.711851551474	0.48416041566	0.867792948284	0.612771343644	0.647085181247	1.66163074915	0.507583900435	0.617442962784	0.831998844853	0.821760488159	1.49555469792	0.950474320928	0.759152397293	0.671009125181	0.850637061382	0.803142010633	1.48976610923	0.671480343161	0.754067293378	0.734493078782	0.48751838086	0.480055147414	0.959767090382	0.845578163364	0.626903547608	0.623398535524	1.03626269212	0.775159482842	0.775957863702	0.0	0.764613837603	0.654982290962	0.575354364427	0.826730125665	0.75017842436	0.272486147898	1.02437541324	0.924270831319	1.1148459014	1.02824028516	0.944657085549	0.970507394877	1.16002692122	1.13875315611	0.830408767521	0.868701517641	0.91034557274	0.83450857419	0.653311362977	1.04566034799	0.662824702755	0.993576118898	0.668960212663	1.00388262929
AD6	0.746808704688	0.611459381344	2.52657875302	1.14301478492	0.848186708555	0.429227138714	1.16512868536	0.530062513291	0.638027100048	0.827083243113	0.553619139681	0.659936974384	0.533142556791	2.19381622523	0.734956665056	0.626926408893	0.549583895602	0.515270149831	1.86534356694	1.37197104882	1.04535328178	0.74638980667	0.718615848236	0.678632116965	1.77869268729	0.842326263896	0.582420444659	0.613906278395	0.829850604157	0.890301184147	0.782493262446	0.603557346544	0.636818226196	0.532511474142	0.915941739971	0.70949222813	0.44624759304	0.764613837603	0.0	0.717576254229	0.414053760271	1.48711926535	1.41764931368	0.745678168197	0.692336974384	0.603419652006	0.834135746738	0.573386215563	0.824378308362	0.722083049782	0.681540546158	0.744780700822	0.478105621073	0.445896399227	0.451000212663	0.433670927985	0.529698801353	0.739939086515	0.576450391493	0.654078492025	0.348114649589	0.603188956017
AE5	0.603420831319	0.501676263896	2.29209328661	0.907415089415	0.650433557274	0.749432073465	0.807018521025	0.755459386177	0.944174200097	0.548643634606	1.01576335911	0.549060430159	0.702825712905	1.96216500725	0.614995239246	0.472727525375	0.894854485259	0.853044335428	1.47626778637	1.0450321653	0.9533059884	0.808268922185	1.05048781054	0.99369977767	1.3432981827	0.613187660706	0.862799473175	0.853470459159	0.820554987917	0.817782300628	0.937816515225	0.824914519091	0.875175476075	0.830604238763	0.803873963267	0.714808753021	0.875935302078	0.654982290962	0.717576254229	0.0	0.393954751087	1.19466547608	1.13923238279	0.588717051716	1.13512245046	1.0792461334	0.876628762687	0.861395055582	0.771090270662	0.713259690672	1.01340109232	0.958622078299	0.624978762687	0.702703905268	0.777709826003	0.634559739004	0.589376176897	0.851551164814	0.52450739971	0.783178835186	0.705862029966	0.848077109715
AE6	0.605244021266	0.40059522958	2.36363203963	0.963753136781	0.702590463992	0.476989386177	0.949930526825	0.526227941034	0.66910439826	0.628775079749	0.745105099082	0.54026482842	0.443811416143	2.03184402127	0.532395036249	0.43666662639	0.671951343644	0.631828134364	1.63158802803	1.15146083615	0.940751430643	0.688988931851	0.834487346544	0.784355505075	1.55663089415	0.651956321895	0.646346104398	0.66919582407	0.69322341711	0.752756491058	0.829609652006	0.698767781537	0.631284678589	0.578247158047	0.862517462542	0.618496176897	0.65515117448	0.575354364427	0.414053760271	0.393954751087	0.0	1.28870472209	1.21478652489	0.539194519091	0.893012861286	0.827924809087	0.850372116965	0.682456892218	0.734218680522	0.689397438376	0.832281904302	0.800340019333	0.481695476075	0.521216829386	0.557943649106	0.483742977284	0.441317443209	0.764414238763	0.421712194297	0.656597549541	0.442428902852	0.684429734171
AF5	1.25299357661	1.14753573707	1.32288714355	0.643049516675	1.11408335428	1.33654249879	0.84190717738	1.208359797	1.29091634123	0.952602769454	1.51010234896	1.21075746738	1.28754014983	1.01920361044	1.07681148381	1.1869260029	1.47144330594	1.468040029	1.03576507492	0.713086022233	1.15290148864	1.16518454809	1.40116246013	1.37602798937	1.47478333978	1.18040308362	1.36223832769	1.28416655872	0.95059482842	0.914536157564	1.46302009667	1.39654626873	1.20717538424	1.3076662059	1.52335022716	1.40304025133	1.56820843403	0.826730125665	1.48711926535	1.19466547608	1.28870472209	0.0	0.144801677139	0.92993940551	1.73573864669	1.62277661672	1.67300748188	1.64426515225	1.54239725471	1.58941092798	1.77781140164	1.75177343161	1.51013731754	1.56479557757	1.58055500242	1.52405669889	1.25548442726	1.67491131464	1.26472301595	1.6271337941	1.38213763654	1.62455150797
AF6	1.18876581924	1.08350518608	1.37076559207	0.589849850169	1.07009233929	1.26499767037	0.770622967617	1.14663551957	1.23538613823	0.884895679072	1.44856716771	1.16532854036	1.21748045433	1.06576884485	0.996004374094	1.11988550507	1.41114758337	1.40487880619	1.03932050749	0.671815461576	1.09243457226	1.10557553407	1.33186258096	1.30552345094	1.44259511841	1.10226654906	1.29870954567	1.2138158144	0.869811807637	0.843355292412	1.40384608507	1.33103767037	1.14873736104	1.23763993717	1.47059777187	1.34609164331	1.48780521025	0.75017842436	1.41764931368	1.13923238279	1.21478652489	0.144801677139	0.0	0.858452817786	1.66012003383	1.55043943451	1.6140797245	1.58231768487	1.47475089899	1.52523359111	1.69103198647	1.68913828903	1.43898792653	1.49362108265	1.51216804737	1.45096523925	1.18466384244	1.61004320928	1.19522055582	1.56036064282	1.31135681972	1.55363665539
AG5	0.730042300628	0.438432416626	2.05966848236	0.727738791687	0.601080710488	0.606110778154	0.740455553407	0.557139434509	0.726074393427	0.474290120831	0.861918487192	0.518878003867	0.588318463026	1.73636394393	0.445757684872	0.562273808603	0.823362663122	0.808082566457	1.50766945868	0.963536031899	0.739874581924	0.66165341711	0.897518830353	0.847906901885	1.44198911551	0.65115641856	0.749194949251	0.726333861769	0.501167583374	0.4866060029	0.951354504592	0.835338820686	0.644862300628	0.641694320928	0.972078013533	0.708505582407	0.785973117448	0.272486147898	0.745678168197	0.588717051716	0.539194519091	0.92993940551	0.858452817786	0.0	1.01888339778	0.943540004833	1.04989200097	0.954663813436	0.872882982117	0.894687646206	1.10223324311	1.06514119865	0.74254520058	0.799853107782	0.855928801353	0.749033658772	0.627743233446	0.979545277912	0.611543794103	0.911331759304	0.645780637989	0.955598637023
