	AA3	AA4	AB3	AB4	AC3	AC4	AD3	AD4	AE3	AE4	AF3	AF4	AG3	AG4	AH3	AH4	AA7	AA8	AB7	AB8	AC7	AC8	AD7	AD8	AE7	AE8	AF7	AF8	AG7	AG8	AH7	AH8	AA5	AA6	AB5	AB6	AC5	AC6	AD6	AE5	AE6	AF5	AF6	AG5	AH5	AH6	AA1	AA2	AB1	AB2	AC1	AC2	AD1	AD2	AE1	AE2	AF1	AF2	AG1	AG2	AH1	AH2
AA3	0.0	0.48917839536	2.22191877235	0.956064678589	0.779576201063	0.748911759304	0.879452015466	0.789185403577	0.891152015466	0.651587269212	0.9602179797	0.738278284195	0.714152073465	1.87747542774	0.718514340261	0.251482058966	0.770626742388	0.71691020783	1.41829364427	1.03816394393	0.776631164814	0.658807767037	0.889665514741	0.825270251329	1.34763309812	0.551578385694	0.795319110681	0.652827738038	0.666959879169	0.647371986467	0.781357477042	0.718100666989	0.847802126631	0.833797617206	1.09369384727	0.923087085549	0.98262362494	0.789827733204	0.822985128081	0.540788168197	0.615083615273	1.27067468826	1.14189303045	0.720938931851	1.12555545191	1.05518299178	0.96970117448	0.926458699855	0.940543649106	0.872231159981	1.04264838569	0.97434517158	0.69967081682	0.696448917351	0.786185480909	0.659558221363	0.542205297245	0.925875746738	0.517071043983	0.878380952151	0.67750979217	0.950945978734
AA4	0.48917839536	0.0	2.21651945868	0.889402725955	0.580968786854	0.55697699855	0.827584456259	0.562241730304	0.713083905268	0.518234857419	0.811147704205	0.434827525375	0.469592489125	1.87235337844	0.299910889319	0.322619719671	0.697782025133	0.684888419526	1.52394069116	1.05456693088	0.807964871919	0.669031971967	0.839043571774	0.811299482842	1.46241477042	0.570730749154	0.689626457226	0.620368211696	0.660102315128	0.651176355727	0.87641242146	0.758793562107	0.644843006283	0.643633576607	0.923660778154	0.713234354761	0.822377583374	0.498736520058	0.641619337844	0.499179932334	0.430293088449	1.19849092798	1.07123111648	0.421432783954	0.949298680522	0.868075142581	0.948825350411	0.828872609956	0.757485940068	0.756494088932	0.978248569357	0.913194751087	0.675380057999	0.652453344611	0.723570004833	0.639833987434	0.473984378927	0.879815505075	0.433186307395	0.763622953117	0.490699816336	0.813829632673
AB3	2.22191877235	2.21651945868	0.0	1.4319881972	2.18187854036	2.37177060899	1.92877715805	2.32091181247	2.38121682939	2.13155092315	2.50511272112	2.27138906235	2.33315211213	0.383927240213	2.13379168197	2.2811862059	2.48366890768	2.48096308362	1.17984773804	1.42652471725	1.96554122765	2.1962980812	2.42799455292	2.37525094732	1.90866898985	2.18241120348	2.37455415176	2.27501347994	1.89631317061	1.81341261479	2.45264762687	2.4619020493	2.2872701885	2.38511413726	2.57138742871	2.50122135331	2.65117662639	1.98428384727	2.54236512808	2.30828480425	2.39825741904	1.27644862736	1.38196058966	2.11313201063	2.73275875785	2.63005185597	2.67749328661	2.67000256646	2.51345079265	2.60800769937	2.7734979072	2.7208362204	2.5991360174	2.60498310778	2.63440838086	2.5893359014	2.32764701788	2.68522581924	2.28338217013	2.64502489609	2.41440939584	2.68370752537
AB4	0.956064678589	0.889402725955	1.4319881972	0.0	0.914434509425	1.0417021798	0.787631996133	1.06943087482	1.16774082165	0.866211039149	1.23250567424	0.957019308845	0.925691435476	1.07578838086	0.856023784437	0.961991532141	1.19844851136	1.17868460126	0.965786491058	0.484989289512	0.884519178347	0.962814717255	1.17884357177	1.12156454809	1.282079797	0.925234229096	1.15105441276	1.02251922185	0.702150019333	0.61869618173	1.27394539391	1.21139185114	1.10963565007	1.14317477525	1.4067320493	1.26944980184	1.42142767521	0.764306147898	1.23358149348	1.00643614306	1.08764128565	0.603904509425	0.52213020783	0.845484441759	1.48050745771	1.378789768	1.46414092315	1.40269471725	1.28909065732	1.33564499275	1.54673203963	1.48909309812	1.29470510391	1.30776420976	1.37165033349	1.29135608507	1.05077874335	1.4613737071	1.00281683422	1.34758732238	1.10807857902	1.40550576607
AC3	0.779576201063	0.580968786854	2.18187854036	0.914434509425	0.0	0.709865969067	0.854319236346	0.824232624456	0.919551483809	0.661589676172	1.01079052682	0.32892419043	0.759569270179	1.84546127598	0.639756051232	0.702169995167	0.933149159014	0.936395340744	1.43115334461	1.05700745288	0.995817970034	0.995284103432	1.17615880619	1.15239909618	1.31314657322	0.77820760754	1.03059949734	0.958049081682	0.879523407443	0.847656848719	1.15123875302	1.032059942	0.951960328661	0.952910318995	0.889752706622	0.767713571774	1.01494788787	0.668696133398	0.854139096182	0.620754287095	0.649830091832	1.19177394393	1.08932040599	0.559860526825	1.14790216046	1.08758508942	0.907306220396	0.944566114065	0.742016186564	0.822577675205	1.05470910101	0.957670285162	0.756838095698	0.804076476559	0.892023093282	0.777342745288	0.78606022233	0.932491406477	0.743618525858	0.881191768971	0.769511358144	0.938732938618
AC4	0.748911759304	0.55697699855	2.37177060899	1.0417021798	0.709865969067	0.0	1.09982244079	0.380135558241	0.445239685839	0.778431517641	0.388376718221	0.530196307395	0.39786117448	2.03232294345	0.687546486225	0.638464461092	0.571704069599	0.542823185114	1.8058821943	1.3190799855	0.865503330111	0.593362754954	0.628998898018	0.608760106332	1.70143176897	0.71830742871	0.562053189947	0.517126785887	0.673511077815	0.758509352344	0.807075345578	0.644753634606	0.481460333494	0.424034857419	0.98684860319	0.762032851619	0.63266742871	0.607794697922	0.459355553407	0.731543639439	0.470223243113	1.37923915901	1.25290625906	0.557733910101	0.725707491542	0.604417293378	1.06052575157	0.858445432576	0.849677216046	0.832049289512	0.903828158531	0.959992590623	0.647512087965	0.642963682939	0.672492242629	0.61218502175	0.55830720638	0.971095181247	0.602128458192	0.774804021266	0.390054185597	0.786575476075
AD3	0.879452015466	0.827584456259	1.92877715805	0.787631996133	0.854319236346	1.09982244079	0.0	1.06193823103	1.28806669889	0.427575495408	1.35582737554	0.924254900918	1.07552294828	1.58453508942	0.79465481392	0.914906031899	1.22845558724	1.1791842726	1.32071097632	0.87712	0.851965142581	0.95380277912	1.29102967134	1.23525884485	1.23001540841	0.859527878202	1.18450209763	1.06736617206	0.864009014016	0.779453175447	1.17437272112	1.13796322861	1.20494924118	1.14294367811	1.18870340744	1.07431133881	1.30463859836	0.747396703722	1.19480825036	0.820745132914	0.961598076365	0.891770560657	0.781274325761	0.765096341228	1.38707114065	1.33774634606	1.35217791687	1.34450514741	1.12528312711	1.17720065249	1.46634844369	1.38496141131	1.17096046399	1.20383024166	1.25039269212	1.18777805703	0.990411802803	1.32863389077	0.934157752537	1.2191198695	1.13262863219	1.33229542291
AD4	0.789185403577	0.562241730304	2.32091181247	1.06943087482	0.824232624456	0.380135558241	1.06193823103	0.0	0.267738182697	0.710480463992	0.452410236829	0.653743020783	0.497120811986	1.98028564524	0.643044528758	0.652598666022	0.535020836153	0.544512469792	1.84280433543	1.33698232963	0.884954538424	0.588095935234	0.527578583857	0.49938881102	1.79255101982	0.783077796037	0.482300956984	0.469609739004	0.618061860802	0.753861807637	0.844925538908	0.656507182214	0.296908622523	0.308225350411	1.07229179797	0.844666263896	0.567584746254	0.547876317061	0.414241841469	0.77381518608	0.517144707588	1.30431206863	1.17674866119	0.570703494442	0.688984905752	0.546872126631	1.14583369261	0.918743484775	0.975246152731	0.940562827453	0.961648028033	1.03770089899	0.745746727888	0.659351788304	0.692496027066	0.674998994683	0.552900106332	1.05219491542	0.607787438376	0.870916283229	0.485218878685	0.84882861769
AE3	0.891152015466	0.713083905268	2.38121682939	1.16774082165	0.919551483809	0.445239685839	1.28806669889	0.267738182697	0.0	0.939904678589	0.344733426776	0.754287854036	0.559740231996	2.05141407443	0.78029160464	0.765703537941	0.535929333011	0.578210778154	1.95333128565	1.46230353794	0.991725480909	0.69290242146	0.474468356694	0.459446829386	1.92286810053	0.919864504592	0.472654325761	0.531473083615	0.734461087482	0.88386738521	0.903201759304	0.71217020783	0.270789937168	0.350087196713	1.14608523441	0.935957689705	0.534707588207	0.717552788787	0.463684809087	0.946860744321	0.63867579507	1.40701313195	1.28496039633	0.720362895118	0.753473160947	0.560512290962	1.20813671822	0.980491565974	1.05387644756	1.0043859594	1.01942971967	1.10555020783	0.810225490575	0.729107535041	0.754055659739	0.738709318511	0.672995930401	1.12718302562	0.729218061866	0.930840913485	0.566077467376	0.916446104398
AE4	0.651587269212	0.518234857419	2.13155092315	0.866211039149	0.661589676172	0.778431517641	0.427575495408	0.710480463992	0.939904678589	0.0	1.02640478492	0.634756660222	0.763718994683	1.78862070565	0.547781155147	0.609378057032	0.883875152247	0.842918472692	1.4689798115	1.01593840503	0.727779091348	0.67722499275	0.951589690672	0.89759237796	1.35053855969	0.54869300145	0.834937873369	0.735507825036	0.670488869019	0.628437216046	0.911118385694	0.825573078782	0.869626041566	0.807277907202	0.948679318511	0.820610768487	0.949668042533	0.54200240696	0.83850219913	0.532047162881	0.621702136298	1.07219584824	0.944577564041	0.501638815853	1.05952974867	1.01845592557	1.07339809087	1.05313691155	0.874948985017	0.919890173997	1.18948362977	1.10821349444	0.879145712905	0.866831807637	0.913385123248	0.869890053166	0.657645103915	1.05287546641	0.614296563557	0.942757249879	0.787899748671	1.02110057516
AF3	0.9602179797	0.811147704205	2.50511272112	1.23250567424	1.01079052682	0.388376718221	1.35582737554	0.452410236829	0.344733426776	1.02640478492	0.0	0.828971005317	0.621048003867	2.16719914935	0.926389652006	0.867822561624	0.523129961334	0.522030188497	2.00827530691	1.51649225713	1.0451961914	0.780214494925	0.417034833253	0.418529033349	1.97575426776	0.981725877235	0.486029608507	0.645887931368	0.831650338328	0.957432943451	0.836860937651	0.6980080232	0.426655930401	0.466104867086	1.14772115515	0.971208748188	0.492729917835	0.812009898502	0.44285318028	0.982209656839	0.685566979217	1.53722118415	1.42074056066	0.804948859352	0.706241309811	0.522533702272	1.20049718221	0.98291099565	1.11515129531	1.01789460126	1.02564122281	1.09113468342	0.796511000483	0.738418902852	0.760499178347	0.726298936684	0.780371841469	1.09361692605	0.834173547608	0.928730850652	0.561897332044	0.91741818753
AF4	0.738278284195	0.434827525375	2.27138906235	0.957019308845	0.32892419043	0.530196307395	0.924254900918	0.653743020783	0.754287854036	0.634756660222	0.828971005317	0.0	0.598243426776	1.93123744321	0.527877312711	0.619448898018	0.842895340744	0.844203320445	1.60311861769	1.12909532624	0.929365195747	0.849399980667	1.01812046399	0.993301720638	1.47256290478	0.67492861769	0.886090869985	0.819083992267	0.797925886902	0.768612590623	1.04226699372	0.938102353794	0.787924596423	0.780763769937	0.783803006283	0.582233141614	0.788060507492	0.583209980667	0.712855688739	0.595552638956	0.53989141131	1.25091509908	1.14097092798	0.461755611406	0.904863914935	0.835595698405	0.836990449493	0.766300744321	0.620797631706	0.650000434993	0.893262803287	0.814442315128	0.624988927018	0.685912933784	0.71306098115	0.657135142581	0.685759801837	0.80367262929	0.646593649106	0.694026089898	0.644448492025	0.752415911068
AG3	0.714152073465	0.469592489125	2.33315211213	0.925691435476	0.759569270179	0.39786117448	1.07552294828	0.497120811986	0.559740231996	0.763718994683	0.621048003867	0.598243426776	0.0	1.9769121798	0.55402659739	0.55011479942	0.569710898985	0.568718144031	1.74892046883	1.24779120348	0.885481401643	0.62366419043	0.674079502175	0.671449565007	1.63890718221	0.690347733204	0.583780666989	0.549041947801	0.662366326728	0.750611087482	0.836116993717	0.679528680522	0.565171957467	0.506728414693	1.00103353794	0.783359275012	0.742425625906	0.593408303528	0.545144122765	0.701350836153	0.47030298695	1.3451662494	1.21903500242	0.553201841469	0.836315065249	0.734778226196	1.01801423393	0.792520681489	0.854802460126	0.81913719188	0.93718017883	0.91680481392	0.623291319478	0.598377549541	0.706434954084	0.5931620203	0.476376848719	0.942116355727	0.499297327211	0.757740265829	0.377416065732	0.784790309328
AG4	1.87747542774	1.87235337844	0.383927240213	1.07578838086	1.84546127598	2.03232294345	1.58453508942	1.98028564524	2.05141407443	1.78862070565	2.16719914935	1.93123744321	1.9769121798	0.0	1.79948820203	1.93482317061	2.15017094732	2.14291863702	0.926802479459	1.09886969551	1.63061441276	1.85897669889	2.0963339246	2.04173268729	1.64725312711	1.84778864186	2.03873047849	1.93779871919	1.56694696472	1.47568660222	2.13307131948	2.1286282262	1.95665913001	2.04507109232	2.23439537458	2.15887567907	2.31579026583	1.64589917835	2.20179957951	1.96612027066	2.05561384244	0.944330937651	1.04820463026	1.77243903818	2.39541772354	2.28844636539	2.33757860319	2.33027925085	2.16819129531	2.26118031416	2.43717489125	2.38059084582	2.25675365877	2.26123539391	2.2997698115	2.24935087482	1.98824500725	2.3440417883	1.94558573707	2.29821048333	2.07553649106	2.34580104882
AH3	0.718514340261	0.299910889319	2.13379168197	0.856023784437	0.639756051232	0.687546486225	0.79465481392	0.643044528758	0.78029160464	0.547781155147	0.926389652006	0.527877312711	0.55402659739	1.79948820203	0.0	0.548074369261	0.776747443209	0.809508066699	1.535900232	1.06170016916	0.841709352344	0.754230352827	0.903054499758	0.895389666506	1.47188187047	0.704616631223	0.792149371677	0.711556104398	0.683421198647	0.677019279845	1.01880967134	0.881245302078	0.697473692605	0.713058907685	1.00761448043	0.831006307395	0.954915741904	0.500337781537	0.795990053166	0.624256853552	0.600937046883	1.08764071532	0.975643784437	0.458128564524	1.06663400677	0.983330323828	1.06017653939	0.919154538424	0.86825621073	0.882628129531	1.07657335911	1.02614055582	0.846345012083	0.814575360077	0.870148086032	0.803309845336	0.580627080715	0.997488849686	0.533483035283	0.893018144031	0.652880739488	0.91875380377
AH4	0.251482058966	0.322619719671	2.2811862059	0.961991532141	0.702169995167	0.638464461092	0.914906031899	0.652598666022	0.765703537941	0.609378057032	0.867822561624	0.619448898018	0.55011479942	1.93482317061	0.548074369261	0.0	0.645002015466	0.611840251329	1.48091651522	1.08220496858	0.846606080232	0.649727892702	0.785652948284	0.754531227646	1.41824033833	0.544834354761	0.678170024166	0.593593992267	0.686564886419	0.689791918801	0.772351657806	0.63751239246	0.736775814403	0.706600488159	1.0110058144	0.796305500242	0.871494161431	0.669161594973	0.697939705172	0.47886381827	0.47641297245	1.28668083615	1.15760443693	0.596319434509	1.0058801595	0.928882460126	0.935264238763	0.822735838569	0.846354436926	0.753029468342	0.951469304012	0.888941952634	0.619040570324	0.598678583857	0.697173156114	0.586728960851	0.396407114548	0.858819052682	0.382919173514	0.7606880087	0.53660381827	0.823691643306
AA7	0.770626742388	0.697782025133	2.48366890768	1.19844851136	0.933149159014	0.571704069599	1.22845558724	0.535020836153	0.535929333011	0.883875152247	0.523129961334	0.842895340744	0.569710898985	2.15017094732	0.776747443209	0.645002015466	0.0	0.153751739971	1.79859448043	1.35819132431	0.978229400677	0.651991367811	0.433140589657	0.470743721605	1.75853810053	0.799946839053	0.364279028516	0.434031947801	0.763104388594	0.86870499275	0.630884277429	0.379512938618	0.497423185114	0.514696433059	1.19193636539	0.996821329145	0.587400671822	0.857271778637	0.434935012083	0.855671691638	0.667415132914	1.51352697922	1.39096230546	0.830163992267	0.799645142581	0.656062252296	1.1070642146	0.910671290478	1.09616622523	0.979440860319	0.922891048816	0.997698699855	0.70598621073	0.633459700338	0.691892977284	0.634601164814	0.489666162397	1.00774860802	0.542641942968	0.904433426776	0.472070599323	0.851788458192
AA8	0.71691020783	0.684888419526	2.48096308362	1.17868460126	0.936395340744	0.542823185114	1.1791842726	0.544512469792	0.578210778154	0.842918472692	0.522030188497	0.844203320445	0.568718144031	2.14291863702	0.809508066699	0.611840251329	0.153751739971	0.0	1.76122892702	1.32417736104	0.911860396327	0.586766897052	0.430583987434	0.454553044949	1.69753807637	0.744587182214	0.38038318028	0.410741058482	0.728106732721	0.828672518125	0.547418240696	0.299337109715	0.549759072015	0.534208124698	1.17930811503	0.987650130498	0.592919304012	0.85770077332	0.440946442726	0.818267549541	0.651809753504	1.51242911068	1.38734516191	0.817516515225	0.781368898018	0.656040304495	1.10565539391	0.91573558724	1.08119220396	0.969205340744	0.930410589657	0.996674422426	0.70195438376	0.634935819236	0.678020898985	0.614472508458	0.518500183664	1.00339596907	0.564118332528	0.888717781537	0.466105490575	0.857662721121
AB7	1.41829364427	1.52394069116	1.17984773804	0.965786491058	1.43115334461	1.8058821943	1.32071097632	1.84280433543	1.95333128565	1.4689798115	2.00827530691	1.60311861769	1.74892046883	0.926802479459	1.535900232	1.48091651522	1.79859448043	1.76122892702	0.0	0.55773578057	1.46928368777	1.60400158531	1.92075673272	1.86368879652	1.08839340261	1.4393062494	1.81151559691	1.67449196713	1.36625884002	1.19673162397	1.71855298695	1.72385102465	1.87299900918	1.88308859352	1.90062528758	1.82210239246	2.00301258096	1.49714770904	1.90579154181	1.51030563074	1.64946156114	0.967895079749	1.00471919285	1.51933424843	2.11395485742	2.07219779604	1.9205298405	1.95810739488	1.80466096665	1.84891949734	2.06732047366	1.98530752537	1.83396131948	1.84215512808	1.88646330111	1.81652387144	1.63391058966	1.94097605123	1.59098731754	1.89256990817	1.75726101015	1.98261733204
AB8	1.03816394393	1.05456693088	1.42652471725	0.484989289512	1.05700745288	1.3190799855	0.87712	1.33698232963	1.46230353794	1.01593840503	1.51649225713	1.12909532624	1.24779120348	1.09886969551	1.06170016916	1.08220496858	1.35819132431	1.32417736104	0.55773578057	0.0	1.00869493475	1.12841090865	1.42975499758	1.36576902368	1.1266358144	0.995336945384	1.32500754954	1.18270805703	0.843169333011	0.701449840503	1.31040803287	1.29774091832	1.38376610923	1.39796615273	1.5007482407	1.39264867086	1.54912807153	1.00960956017	1.42325716288	1.10050385694	1.22497126148	0.682053489609	0.671469763171	1.04705074432	1.67125857419	1.59933009667	1.58693510391	1.53718343644	1.41593034799	1.45442873369	1.66629044466	1.60976736588	1.45574862252	1.44043384727	1.48099037216	1.42749116481	1.19342934751	1.58702955051	1.1528140986	1.49105132431	1.27131234413	1.56266894635
AC7	0.776631164814	0.807964871919	1.96554122765	0.884519178347	0.995817970034	0.865503330111	0.851965142581	0.884954538424	0.991725480909	0.727779091348	1.0451961914	0.929365195747	0.885481401643	1.63061441276	0.841709352344	0.846606080232	0.978229400677	0.911860396327	1.46928368777	1.00869493475	0.0	0.456717278879	0.959457878202	0.888947612373	1.38586264862	0.690859980667	0.908561923635	0.743850869985	0.50128977767	0.508298327695	0.857413861769	0.823677554374	0.905653127115	0.881849207347	1.24873851619	1.12511360077	1.15523429676	0.76056840986	1.02775098598	0.940426534558	0.940901256646	1.17753732721	1.06623252779	0.726348656356	1.14625587724	1.03035239729	1.44042430643	1.3783001015	1.21315085065	1.23058483809	1.50246083615	1.45556670855	1.12866851619	1.14060958434	1.20967676172	1.12221793137	0.903359855002	1.41502568391	0.869954765587	1.23031203963	0.923750961817	1.35996999033
AC8	0.658807767037	0.669031971967	2.1962980812	0.962814717255	0.995284103432	0.593362754954	0.95380277912	0.588095935234	0.69290242146	0.67722499275	0.780214494925	0.849399980667	0.62366419043	1.85897669889	0.754230352827	0.649727892702	0.651991367811	0.586766897052	1.60400158531	1.12841090865	0.456717278879	0.0	0.636315418076	0.580731580474	1.5332217448	0.606075480909	0.495947950701	0.354982783954	0.472126988884	0.566685978734	0.617771314645	0.509783426776	0.616215345578	0.580830004833	1.13185448043	0.912900565491	0.829603368777	0.703352290962	0.700961246979	0.807861464476	0.685248115031	1.24936097632	1.12971455292	0.692561440309	0.886508032866	0.788136278395	1.28932036733	1.09729467376	1.07399126148	1.0400842436	1.17433758337	1.19695826486	0.848270231996	0.821818163364	0.8930340116	0.804750057999	0.550542402127	1.18602888835	0.586016684389	0.966449859836	0.593172909618	1.03711014016
AD7	0.889665514741	0.839043571774	2.42799455292	1.17884357177	1.17615880619	0.628998898018	1.29102967134	0.527578583857	0.474468356694	0.951589690672	0.417034833253	1.01812046399	0.674079502175	2.0963339246	0.903054499758	0.785652948284	0.433140589657	0.430583987434	1.92075673272	1.42975499758	0.959457878202	0.636315418076	0.0	0.154505413243	1.88501044466	0.845740101498	0.346553083615	0.479877767037	0.701715505075	0.830325002417	0.70969240696	0.536751372644	0.465797549541	0.504565915901	1.31048329628	1.11934697438	0.613311053649	0.850684451426	0.580935340744	1.00430972934	0.821309623006	1.46807072015	1.34284009183	0.89023239246	0.819060396327	0.651056665056	1.32737390043	1.10656673755	1.26036260029	1.16676167231	1.12435872402	1.21679247463	0.929947264379	0.826369328178	0.848396447559	0.837168066699	0.678187515708	1.23836397777	0.731118675689	1.07828150797	0.62889741421	1.03945044949
AD8	0.825270251329	0.811299482842	2.37525094732	1.12156454809	1.15239909618	0.608760106332	1.23525884485	0.49938881102	0.459446829386	0.89759237796	0.418529033349	0.993301720638	0.671449565007	2.04173268729	0.895389666506	0.754531227646	0.470743721605	0.454553044949	1.86368879652	1.36576902368	0.888947612373	0.580731580474	0.154505413243	0.0	1.79364195747	0.753257143548	0.332382624456	0.44272940551	0.647390217496	0.771359366844	0.69332977767	0.540544780087	0.462732551957	0.488260705655	1.30344724988	1.10271936684	0.632054707588	0.816900004833	0.586524127598	0.978613315611	0.79860618173	1.41612691155	1.2888980232	0.862186157564	0.831600947318	0.656856143064	1.33162087965	1.11819715805	1.23842279362	1.15117688739	1.14542236829	1.22812489609	0.927426433059	0.839318820686	0.872451169647	0.850499666506	0.679221406477	1.24360307878	0.731609705172	1.06763474142	0.623010956984	1.04876192363
AE7	1.34763309812	1.46241477042	1.90866898985	1.282079797	1.31314657322	1.70143176897	1.23001540841	1.79255101982	1.92286810053	1.35053855969	1.97575426776	1.47256290478	1.63890718221	1.64725312711	1.47188187047	1.41824033833	1.75853810053	1.69753807637	1.08839340261	1.1266358144	1.38586264862	1.5332217448	1.88501044466	1.79364195747	0.0	1.05874918318	1.78272814886	1.63673338328	1.38035102465	1.30606463026	1.57460788787	1.61620999517	1.85865298212	1.83162895602	1.74269087965	1.70836541324	1.95397012083	1.52321833736	1.86371156597	1.37608641856	1.60305705172	1.46096012083	1.46437020783	1.4721339536	1.98311128565	1.96649785887	1.71903094732	1.82843311261	1.59722764137	1.64515022233	1.94755217496	1.81180197197	1.67219407443	1.70886126148	1.7499342001	1.69366289995	1.61034601257	1.77788548091	1.5529580522	1.73216204447	1.69928660222	1.86241854519
AE8	0.551578385694	0.570730749154	2.18241120348	0.925234229096	0.77820760754	0.71830742871	0.859527878202	0.783077796037	0.919864504592	0.54869300145	0.981725877235	0.67492861769	0.690347733204	1.84778864186	0.704616631223	0.544834354761	0.799946839053	0.744587182214	1.4393062494	0.995336945384	0.690859980667	0.606075480909	0.845740101498	0.753257143548	1.05874918318	0.0	0.77795939101	0.643629139681	0.626020294828	0.572678501692	0.739580782987	0.690140599323	0.855937631706	0.827273044949	1.07958635573	0.909780106332	0.965685364911	0.70755098115	0.874856399227	0.621551667472	0.668134045433	1.2467441131	1.11798795553	0.637026926051	1.06168530208	1.0180397535	1.12937891252	1.06562544708	0.933296930884	0.939353586274	1.18700834703	1.13373101015	0.860162223296	0.857861986467	0.914167143548	0.852969676172	0.681830584824	1.11038687289	0.640615306912	0.944334407927	0.718879217013	1.04753097632
AF7	0.795319110681	0.689626457226	2.37455415176	1.15105441276	1.03059949734	0.562053189947	1.18450209763	0.482300956984	0.472654325761	0.834937873369	0.486029608507	0.886090869985	0.583780666989	2.03873047849	0.792149371677	0.678170024166	0.364279028516	0.38038318028	1.81151559691	1.32500754954	0.908561923635	0.495947950701	0.346553083615	0.332382624456	1.78272814886	0.77795939101	0.0	0.269952551957	0.663930473659	0.769169163847	0.653277641373	0.503123779604	0.433340676655	0.458092880619	1.15445289029	0.948729347511	0.570495505075	0.769045799903	0.508697472209	0.871950555824	0.671167346544	1.42186704205	1.29933094248	0.777059743838	0.79931979217	0.649025524408	1.20547078299	1.01029152731	1.10077243596	1.03085705655	1.01837271629	1.10330132431	0.812311551474	0.738730318995	0.784012363461	0.740410352827	0.540116317061	1.10389560174	0.59411301595	0.949412687289	0.505018917351	0.929205311745
AF8	0.652827738038	0.620368211696	2.27501347994	1.02251922185	0.958049081682	0.517126785887	1.06736617206	0.469609739004	0.531473083615	0.735507825036	0.645887931368	0.819083992267	0.549041947801	1.93779871919	0.711556104398	0.593593992267	0.434031947801	0.410741058482	1.67449196713	1.18270805703	0.743850869985	0.354982783954	0.479877767037	0.44272940551	1.63673338328	0.643629139681	0.269952551957	0.0	0.530194644756	0.640688762687	0.646058245529	0.444815867569	0.474636524891	0.462901652972	1.14546007733	0.927443852102	0.6895199855	0.716189671339	0.535630236829	0.797113972934	0.623193711938	1.31640745288	1.19316762204	0.715978250362	0.857450546158	0.733995611406	1.19836046399	0.999076829386	1.05849895602	1.01570309328	1.02063221846	1.09993851619	0.811400604157	0.740815292412	0.790814156597	0.738206433059	0.466913682939	1.10494827936	0.51821817303	0.942119091348	0.48638020783	0.924246959884
AG7	0.666959879169	0.660102315128	1.89631317061	0.702150019333	0.879523407443	0.673511077815	0.864009014016	0.618061860802	0.734461087482	0.670488869019	0.831650338328	0.797925886902	0.662366326728	1.56694696472	0.683421198647	0.686564886419	0.763104388594	0.728106732721	1.36625884002	0.843169333011	0.50128977767	0.472126988884	0.701715505075	0.647390217496	1.38035102465	0.626020294828	0.663930473659	0.530194644756	0.0	0.226275432576	0.785854494925	0.715461329145	0.665491768971	0.740651058482	1.27065682939	1.04349731754	0.946671469309	0.549530405993	0.821507356211	0.856919782504	0.738487138714	1.01149739971	0.896156911551	0.582577283712	1.08896781054	0.978232895118	1.35893652006	1.14252878685	1.18788155631	1.16109576607	1.26756917351	1.25502028516	0.975651498308	0.932006099565	1.00986500242	0.936455751571	0.690915219913	1.27273757854	0.668692943451	1.09384554857	0.724553953601	1.13520853552
AG8	0.647371986467	0.651176355727	1.81341261479	0.61869618173	0.847656848719	0.758509352344	0.779453175447	0.753861807637	0.88386738521	0.628437216046	0.957432943451	0.768612590623	0.750611087482	1.47568660222	0.677019279845	0.689791918801	0.86870499275	0.828672518125	1.19673162397	0.701449840503	0.508298327695	0.566685978734	0.830325002417	0.771359366844	1.30606463026	0.572678501692	0.769169163847	0.640688762687	0.226275432576	0.0	0.861278095698	0.807076278395	0.809116046399	0.822600932818	1.2369178782	1.04953915901	1.05660108265	0.519721971967	0.91957041566	0.818531551474	0.797044030933	0.948444103432	0.828833823103	0.566313334944	1.14936807637	1.04650305945	1.33382242146	1.21913530691	1.15713532624	1.16346585307	1.35063205897	1.31692711455	1.04557609473	1.01032636539	1.07661560174	1.01112681489	0.767619555341	1.28726872885	0.732271952634	1.15561126631	0.799504166264	1.20970289512
AH7	0.781357477042	0.87641242146	2.45264762687	1.27394539391	1.15123875302	0.807075345578	1.17437272112	0.844925538908	0.903201759304	0.911118385694	0.836860937651	1.04226699372	0.836116993717	2.13307131948	1.01880967134	0.772351657806	0.630884277429	0.547418240696	1.71855298695	1.31040803287	0.857413861769	0.617771314645	0.70969240696	0.69332977767	1.57460788787	0.739580782987	0.653277641373	0.646058245529	0.785854494925	0.861278095698	0.0	0.309121517641	0.886631000483	0.858601145481	1.175529768	1.02132072499	0.843138840019	0.99786337361	0.783087254712	0.937483122281	0.819098134364	1.53252442243	1.41212653456	0.958097327211	0.943694533591	0.90012521508	1.27049360561	1.08818884969	1.17876739004	1.05191244563	1.12902516675	1.17138104398	0.837698878685	0.818084006767	0.831668487192	0.814319439343	0.740165664572	1.17661591107	0.779091256646	0.984555210246	0.713334528758	1.04002569841
AH8	0.718100666989	0.758793562107	2.4619020493	1.21139185114	1.032059942	0.644753634606	1.13796322861	0.656507182214	0.71217020783	0.825573078782	0.6980080232	0.938102353794	0.679528680522	2.1286282262	0.881245302078	0.63751239246	0.379512938618	0.299337109715	1.72385102465	1.29774091832	0.823677554374	0.509783426776	0.536751372644	0.540544780087	1.61620999517	0.690140599323	0.503123779604	0.444815867569	0.715461329145	0.807076278395	0.309121517641	0.0	0.687069028516	0.644038477525	1.16757735621	0.976704446593	0.700720096665	0.913462890285	0.581689864669	0.863982735621	0.71232478492	1.50299185597	1.38254116965	0.865703852102	0.81894701305	0.737848037699	1.17895147898	0.988464006767	1.10131290962	0.978111517641	0.993516718221	1.07523052682	0.73997222813	0.694658767521	0.717987752537	0.684623895602	0.581302087965	1.08341673272	0.625292870952	0.896698158531	0.561902542291	0.92943959884
AA5	0.847802126631	0.644843006283	2.2872701885	1.10963565007	0.951960328661	0.481460333494	1.20494924118	0.296908622523	0.270789937168	0.869626041566	0.426655930401	0.787924596423	0.565171957467	1.95665913001	0.697473692605	0.736775814403	0.497423185114	0.549759072015	1.87299900918	1.38376610923	0.905653127115	0.616215345578	0.465797549541	0.462732551957	1.85865298212	0.855937631706	0.433340676655	0.474636524891	0.665491768971	0.809116046399	0.886631000483	0.687069028516	0.0	0.275858893185	1.20955859352	0.980013339778	0.635360492992	0.618318366361	0.548383707105	0.868115901402	0.656407926535	1.28101868052	1.1616122958	0.653744915418	0.82130341711	0.623203890768	1.29903192363	1.08053195263	1.12355670855	1.09874246013	1.11497311261	1.19831275012	0.891492750121	0.817903310778	0.846805935234	0.821379565007	0.593557264379	1.20828313195	0.64504217013	1.01956805703	0.57334677622	1.01349464959
AA6	0.833797617206	0.643633576607	2.38511413726	1.14317477525	0.952910318995	0.424034857419	1.14294367811	0.308225350411	0.350087196713	0.807277907202	0.466104867086	0.780763769937	0.506728414693	2.04507109232	0.713058907685	0.706600488159	0.514696433059	0.534208124698	1.88308859352	1.39796615273	0.881849207347	0.580830004833	0.504565915901	0.488260705655	1.83162895602	0.827273044949	0.458092880619	0.462901652972	0.740651058482	0.822600932818	0.858601145481	0.644038477525	0.275858893185	0.0	1.06908433059	0.861474417593	0.552809942001	0.606780633156	0.470157767037	0.815628443693	0.568832319961	1.38039736104	1.251310087	0.617797080715	0.606374161431	0.441583286612	1.1932237216	0.990163576607	1.00811387144	0.96061662639	1.02593525375	1.09096334944	0.760255954567	0.731885896568	0.750169642339	0.712930077332	0.558662962784	1.09091775254	0.619519623006	0.886424436926	0.489144316095	0.918022909618
AB5	1.09369384727	0.923660778154	2.57138742871	1.4067320493	0.889752706622	0.98684860319	1.18870340744	1.07229179797	1.14608523441	0.948679318511	1.14772115515	0.783803006283	1.00103353794	2.23439537458	1.00761448043	1.0110058144	1.19193636539	1.17930811503	1.90062528758	1.5007482407	1.24873851619	1.13185448043	1.31048329628	1.30344724988	1.74269087965	1.07958635573	1.15445289029	1.14546007733	1.27065682939	1.2369178782	1.175529768	1.16757735621	1.20955859352	1.06908433059	0.0	0.308633431609	0.929361957467	1.03627311261	0.956044417593	0.86180438376	0.821445331078	1.61165277912	1.51949208797	0.923898192363	0.90514282262	0.94769178347	0.815073852102	0.890636558724	0.672195437409	0.690584301595	0.996004224263	0.89136037216	0.78453542291	0.931913407443	0.89755641856	0.875494272595	1.01507604157	0.828880681489	1.00904096665	0.759611773804	0.977715277912	0.882084243596
AB6	0.923087085549	0.713234354761	2.50122135331	1.26944980184	0.767713571774	0.762032851619	1.07431133881	0.844666263896	0.935957689705	0.820610768487	0.971208748188	0.582233141614	0.783359275012	2.15887567907	0.831006307395	0.796305500242	0.996821329145	0.987650130498	1.82210239246	1.39264867086	1.12511360077	0.912900565491	1.11934697438	1.10271936684	1.70836541324	0.909780106332	0.948729347511	0.927443852102	1.04349731754	1.04953915901	1.02132072499	0.976704446593	0.980013339778	0.861474417593	0.308633431609	0.0	0.769652653456	0.811202609956	0.786484151764	0.743960792653	0.619005413243	1.5030057564	1.39794835186	0.708517646206	0.754304035766	0.783624200097	0.769406897052	0.703553827936	0.557507187047	0.51030817303	0.8177800145	0.732372257129	0.598264407927	0.761188753021	0.728333910101	0.699168177864	0.783709047849	0.684956085065	0.776671923635	0.563668289029	0.782662580957	0.695552310295
AC5	0.98262362494	0.822377583374	2.65117662639	1.42142767521	1.01494788787	0.63266742871	1.30463859836	0.567584746254	0.534707588207	0.949668042533	0.492729917835	0.788060507492	0.742425625906	2.31579026583	0.954915741904	0.871494161431	0.587400671822	0.592919304012	2.00301258096	1.54912807153	1.15523429676	0.829603368777	0.613311053649	0.632054707588	1.95397012083	0.965685364911	0.570495505075	0.6895199855	0.946671469309	1.05660108265	0.843138840019	0.700720096665	0.635360492992	0.552809942001	0.929361957467	0.769652653456	0.0	0.827502909618	0.408841696472	0.919679130014	0.655143267279	1.6874042291	1.55571216046	0.813536176897	0.509476495892	0.416912155631	1.00287040599	0.788305389077	0.932104693088	0.823876872885	0.77626679072	0.852139497342	0.610493165781	0.588594262929	0.532614461092	0.575602261962	0.740792102465	0.895914441759	0.803157201547	0.737947477042	0.602005635573	0.718562537458
AC6	0.789827733204	0.498736520058	1.98428384727	0.764306147898	0.668696133398	0.607794697922	0.747396703722	0.547876317061	0.717552788787	0.54200240696	0.812009898502	0.583209980667	0.593408303528	1.64589917835	0.500337781537	0.669161594973	0.857271778637	0.85770077332	1.49714770904	1.00960956017	0.76056840986	0.703352290962	0.850684451426	0.816900004833	1.52321833736	0.70755098115	0.769045799903	0.716189671339	0.549530405993	0.519721971967	0.99786337361	0.913462890285	0.618318366361	0.606780633156	1.03627311261	0.811202609956	0.827502909618	0.0	0.773295683905	0.663323740938	0.60111062349	0.893121773804	0.759307182214	0.292923436443	0.971674494925	0.8741859884	1.15918883035	1.02236835669	0.972977307878	0.958207274045	1.13813723055	1.09329538908	0.85081421943	0.860923020783	0.925562271629	0.851031532141	0.652814180764	1.0703257999	0.631178554857	0.960432145964	0.670424465926	1.01518825036
AD6	0.822985128081	0.641619337844	2.54236512808	1.23358149348	0.854139096182	0.459355553407	1.19480825036	0.414241841469	0.463684809087	0.83850219913	0.44285318028	0.712855688739	0.545144122765	2.20179957951	0.795990053166	0.697939705172	0.434935012083	0.440946442726	1.90579154181	1.42325716288	1.02775098598	0.700961246979	0.580935340744	0.586524127598	1.86371156597	0.874856399227	0.508697472209	0.535630236829	0.821507356211	0.91957041566	0.783087254712	0.581689864669	0.548383707105	0.470157767037	0.956044417593	0.786484151764	0.408841696472	0.773295683905	0.0	0.772755964234	0.438451092315	1.55981158047	1.43124043016	0.745022609956	0.605194306428	0.48226138231	0.927037612373	0.716942503625	0.875552595457	0.759375582407	0.765787597873	0.827945814403	0.545107612373	0.469283354277	0.517916215563	0.469620739488	0.567617723538	0.832969903335	0.630190990817	0.690951957467	0.381695016916	0.653375872402
AE5	0.540788168197	0.499179932334	2.30828480425	1.00643614306	0.620754287095	0.731543639439	0.820745132914	0.77381518608	0.946860744321	0.532047162881	0.982209656839	0.595552638956	0.701350836153	1.96612027066	0.624256853552	0.47886381827	0.855671691638	0.818267549541	1.51030563074	1.10050385694	0.940426534558	0.807861464476	1.00430972934	0.978613315611	1.37608641856	0.621551667472	0.871950555824	0.797113972934	0.856919782504	0.818531551474	0.937483122281	0.863982735621	0.868115901402	0.815628443693	0.86180438376	0.743960792653	0.919679130014	0.663323740938	0.772755964234	0.0	0.397021478975	1.26582149348	1.1352357564	0.567787486709	1.05478275979	1.02075105365	0.858023977767	0.826667834703	0.773339695505	0.698497172547	0.967105543741	0.896569299178	0.630945703238	0.666558255196	0.746249395843	0.645335128081	0.570791677139	0.854046457226	0.533600536491	0.731473112615	0.683290188497	0.849084683422
AE6	0.615083615273	0.430293088449	2.39825741904	1.08764128565	0.649830091832	0.470223243113	0.961598076365	0.517144707588	0.63867579507	0.621702136298	0.685566979217	0.53989141131	0.47030298695	2.05561384244	0.600937046883	0.47641297245	0.667415132914	0.651809753504	1.64946156114	1.22497126148	0.940901256646	0.685248115031	0.821309623006	0.79860618173	1.60305705172	0.668134045433	0.671167346544	0.623193711938	0.738487138714	0.797044030933	0.819098134364	0.71232478492	0.656407926535	0.568832319961	0.821445331078	0.619005413243	0.655143267279	0.60111062349	0.438451092315	0.397021478975	0.0	1.37397572257	1.24387112615	0.520102962784	0.77994781537	0.728779202513	0.849524461092	0.670870086999	0.709988772354	0.616194214596	0.810639589174	0.768729144514	0.465364088932	0.459856679555	0.521324630256	0.448834528758	0.421792924118	0.762316829386	0.424247467376	0.564134311261	0.425234180764	0.668017182214
AF5	1.27067468826	1.19849092798	1.27644862736	0.603904509425	1.19177394393	1.37923915901	0.891770560657	1.30431206863	1.40701313195	1.07219584824	1.53722118415	1.25091509908	1.3451662494	0.944330937651	1.08764071532	1.28668083615	1.51352697922	1.51242911068	0.967895079749	0.682053489609	1.17753732721	1.24936097632	1.46807072015	1.41612691155	1.46096012083	1.2467441131	1.42186704205	1.31640745288	1.01149739971	0.948444103432	1.53252442243	1.50299185597	1.28101868052	1.38039736104	1.61165277912	1.5030057564	1.6874042291	0.893121773804	1.55981158047	1.26582149348	1.37397572257	0.0	0.169234659256	1.04818807153	1.76316682455	1.65115141614	1.74769907202	1.6985937651	1.57379397777	1.62377023683	1.8205059159	1.77902849203	1.61427646689	1.62894438859	1.67256452876	1.61146449976	1.32592069116	1.74212011116	1.27891238279	1.65607452876	1.44553364427	1.71568200097
AF6	1.14189303045	1.07123111648	1.38196058966	0.52213020783	1.08932040599	1.25290625906	0.781274325761	1.17674866119	1.28496039633	0.944577564041	1.42074056066	1.14097092798	1.21903500242	1.04820463026	0.975643784437	1.15760443693	1.39096230546	1.38734516191	1.00471919285	0.671469763171	1.06623252779	1.12971455292	1.34284009183	1.2888980232	1.46437020783	1.11798795553	1.29933094248	1.19316762204	0.896156911551	0.828833823103	1.41212653456	1.38254116965	1.1616122958	1.251310087	1.51949208797	1.39794835186	1.55571216046	0.759307182214	1.43124043016	1.1352357564	1.24387112615	0.169234659256	0.0	0.917361677139	1.6364077477	1.52708362977	1.65581636056	1.5919878637	1.4834781682	1.53012486709	1.70997086999	1.68861963267	1.48477060416	1.49890296278	1.54637850169	1.48287860802	1.19515160947	1.65382134364	1.1495021218	1.54882014983	1.31565472209	1.60000958434
AG5	0.720938931851	0.421432783954	2.11313201063	0.845484441759	0.559860526825	0.557733910101	0.765096341228	0.570703494442	0.720362895118	0.501638815853	0.804948859352	0.461755611406	0.553201841469	1.77243903818	0.458128564524	0.596319434509	0.830163992267	0.817516515225	1.51933424843	1.04705074432	0.726348656356	0.692561440309	0.89023239246	0.862186157564	1.4721339536	0.637026926051	0.777059743838	0.715978250362	0.582577283712	0.566313334944	0.958097327211	0.865703852102	0.653744915418	0.617797080715	0.923898192363	0.708517646206	0.813536176897	0.292923436443	0.745022609956	0.567787486709	0.520102962784	1.04818807153	0.917361677139	0.0	0.923369415176	0.859694142098	1.05088361527	0.958707075882	0.852886457226	0.836343924601	1.07661155147	1.01587491058	0.746360352827	0.785535640406	0.841353576607	0.756210029	0.617459560174	0.980687361044	0.591524001933	0.836078965684	0.630195055582	0.946099313678
