	AA3	AA4	AB3	AB4	AC3	AC4	AD3	AD4	AE3	AE4	AF3	AF4	AG3	AG4	AH3	AH4	AA7	AA8	AB7	AB8	AC7	AC8	AD7	AD8	AE7	AE8	AF7	AF8	AG7	AG8	AH7	AH8	AA5	AA6	AB5	AB6	AC5	AC6	AD6	AE5	AE6	AF5	AF6	AG5	AH5	AH6	AA1	AA2	AB1	AB2	AC1	AC2	AD1	AD2	AE1	AE2	AF1	AF2	AG1	AG2	AH1	AH2
AA3	0.0	0.577248332528	2.25303188497	1.00636912518	0.828378559691	0.812977699372	0.85037257129	0.810995224746	0.955205345578	0.674726085065	0.989358182697	0.763316587724	0.731617042049	1.90782742871	0.769586283229	0.30139421943	0.801766205897	0.786391111648	1.39585639439	1.03329761237	0.796450874819	0.688438361527	0.930927448043	0.936610604157	1.34425162397	0.61995462059	0.834872658289	0.690428632189	0.751647887869	0.666239130014	0.785547419043	0.704117467376	0.88973102465	0.893640850652	1.06227329145	0.874809381344	0.953923784437	0.819497008217	0.795417588207	0.592279043016	0.607639139681	1.27189506042	1.1541719768	0.722071614306	1.14587679072	1.1059038521	0.953619468342	0.936030908652	0.93454759304	0.885773083615	1.05618069599	0.98850558724	0.644112977284	0.741769381344	0.769840840986	0.648573006283	0.569349787337	0.886361101982	0.533968685355	0.913587742871	0.688777970034	0.946804538424
AA4	0.577248332528	0.0	2.25856204447	0.974830642823	0.609035437409	0.539824746254	0.849334195263	0.479514625423	0.654734093765	0.571664490092	0.749868893185	0.427966244563	0.429084987917	1.91095795553	0.30252019333	0.32553698405	0.667559903335	0.647984045433	1.56543733204	1.08431086515	0.84624298695	0.649720932818	0.853710541324	0.850228342194	1.51746791203	0.613833064282	0.655060043499	0.638580985984	0.632814789753	0.680824630256	0.866922846786	0.73063101015	0.622104171097	0.597887288545	0.89492080232	0.617913334944	0.699571063316	0.496906442726	0.55269520058	0.572834422426	0.365488090865	1.21876762687	1.07963099082	0.433170096665	0.913073987434	0.829182682455	0.931522861286	0.793792223296	0.734404693088	0.735123513775	0.929203315611	0.871871474142	0.550741764137	0.621485321411	0.653906447559	0.565429642339	0.453202257129	0.80911499275	0.469787409377	0.721431290478	0.47967762204	0.791977114548
AB3	2.25303188497	2.25856204447	0.0	1.39752554374	2.19375150797	2.40420304978	1.92184024166	2.26173515225	2.35319685355	2.11409176414	2.50647139198	2.26529869019	2.3249399565	0.386214296762	2.16666150314	2.25261731754	2.46179227163	2.47798411793	1.22331461092	1.47628283712	1.99546545674	2.20830497825	2.40796136298	2.3859758869	1.90312680522	2.16965222813	2.38056324795	2.28074464476	1.92066119381	1.8349859884	2.44931265346	2.43041474625	2.29247541808	2.39124123248	2.54916713871	2.47295121315	2.61025138714	1.98593646206	2.52306870952	2.27785983084	2.38755472692	1.30069841953	1.41934501208	2.11353839536	2.72528112615	2.64551623973	2.66572938134	2.68982658289	2.54631363944	2.6235817013	2.75995346061	2.72201604157	2.52527187047	2.61415457709	2.60177976317	2.56902391493	2.3022302465	2.66104279845	2.31578206863	2.6279258144	2.40278292412	2.68527030449
AB4	1.00636912518	0.974830642823	1.39752554374	0.0	0.971527694538	1.10504091832	0.769077269212	1.04658492025	1.20582399227	0.865068211696	1.26390882552	1.0004419333	0.968696452392	1.03829836153	0.916618646689	0.963804340261	1.21465219913	1.21429097632	0.93696860319	0.477139555341	0.912248371194	0.990972155631	1.20480312711	1.19607631706	1.2801019188	0.936542943451	1.18326507008	1.05494539391	0.71795980667	0.659347481875	1.29310938134	1.21346168197	1.13329576124	1.18432754954	1.41095008217	1.27952611406	1.40758586274	0.791076109232	1.24408130981	1.00512840019	1.10600126631	0.576959913001	0.483330633156	0.888246752054	1.52073565974	1.42560287579	1.49100334461	1.45094056549	1.33308398743	1.39430603673	1.56228881585	1.52116496858	1.25343030933	1.35609645723	1.37016318028	1.30479504592	1.06203439826	1.450619739	1.07686628806	1.40304482359	1.1308722378	1.46892965201
AC3	0.828378559691	0.609035437409	2.19375150797	0.971527694538	0.0	0.779526553891	0.827986384727	0.825461633639	0.96637537941	0.629421909135	1.08108798453	0.321601034316	0.78471139681	1.85703889319	0.647206012566	0.696604340261	0.965517283712	0.938282160464	1.42042530691	1.01549734171	1.0111979507	0.994249304012	1.23737402127	1.2252297245	1.29310222813	0.809151894635	1.03816959401	1.01883359111	0.879500086999	0.848436123731	1.15688949734	1.01363070082	0.977671420976	0.935547462542	0.837640289995	0.708522141131	0.974966007733	0.706368289029	0.830267351377	0.598136810053	0.687801865636	1.19748920251	1.07129916868	0.598578429193	1.19959404543	1.12903833253	0.890613533108	0.937745282745	0.756924896085	0.83095857419	1.07541460609	0.986523450942	0.715939589174	0.847562943451	0.865785896568	0.760549110681	0.812681319478	0.893364862252	0.774451546641	0.884789289512	0.828749318511	0.945017984534
AC4	0.812977699372	0.539824746254	2.40420304978	1.10504091832	0.779526553891	0.0	1.12027842919	0.416587307878	0.471163876269	0.820259028516	0.369076568391	0.55772060899	0.461000657322	2.06240933301	0.683471087482	0.653848583857	0.576724320928	0.540381522475	1.81316967617	1.32712339294	0.890299864669	0.604932097632	0.6542580232	0.652216964717	1.72406344611	0.742317568874	0.552817829869	0.5508679942	0.682622861286	0.831798182697	0.825931720638	0.641511522475	0.478700884485	0.413642648623	1.00320935718	0.742192513291	0.575340855486	0.633249110681	0.418497810536	0.809983905268	0.535251541808	1.38826914451	1.24659356211	0.612561754471	0.690538124698	0.617395432576	1.06479695505	0.853333586274	0.831655326245	0.836851614306	0.907388999517	0.963585645239	0.598330318995	0.679519221846	0.66375958434	0.627332725955	0.609909159014	0.948671483809	0.660068550024	0.773886408893	0.421360637989	0.836235722571
AD3	0.85037257129	0.849334195263	1.92184024166	0.769077269212	0.827986384727	1.12027842919	0.0	0.973435635573	1.25714269212	0.380822783954	1.32034436443	0.891478506525	1.02956023683	1.57502248429	0.795795442243	0.837640932818	1.18931083132	1.18538925085	1.28605297728	0.828660294828	0.854248695022	0.951998521025	1.2742518318	1.26506258579	1.21766993717	0.83344442726	1.17690758821	1.03907831319	0.862154166264	0.713561967134	1.14782302562	1.08897887385	1.17561876269	1.15761074432	1.17617151764	1.01654659256	1.23455860802	0.706223663606	1.12684854519	0.763962846786	0.924813267279	0.824453441276	0.729532319961	0.728641672305	1.40152303045	1.33056524891	1.33084730304	1.32591014016	1.11090070565	1.18418997583	1.45163450459	1.39109474625	1.10727053649	1.2006357274	1.2065440841	1.10383055582	0.932816829386	1.27472075882	0.931646486225	1.19330661672	1.10380397777	1.31867246979
AD4	0.810995224746	0.479514625423	2.26173515225	1.04658492025	0.825461633639	0.416587307878	0.973435635573	0.0	0.324823856936	0.663348801353	0.522321546641	0.627038965684	0.513605828903	1.91945240696	0.547482580957	0.619565132914	0.556361536974	0.529405012083	1.76366260996	1.26652942484	0.840145867569	0.55092322378	0.576792484292	0.553391019816	1.72940819236	0.743513866602	0.468184103432	0.467605181247	0.530799710005	0.733496317061	0.818784248429	0.636246853552	0.30969141131	0.38931178347	1.11429582407	0.837856399227	0.60530377477	0.521111130981	0.489342382794	0.770842696955	0.54039977767	1.22714580957	1.08555463509	0.545239482842	0.739870381827	0.650912861286	1.16553723538	0.930110889319	0.987450956984	0.983143339778	0.992077699372	1.05591565974	0.733846384727	0.734173286612	0.705365896568	0.727418003867	0.553541493475	1.05047690672	0.620050096665	0.893818704688	0.48972121798	0.916800362494
AE3	0.955205345578	0.654734093765	2.35319685355	1.20582399227	0.96637537941	0.471163876269	1.25714269212	0.324823856936	0.0	0.945377172547	0.378623296278	0.754994490092	0.629602948284	2.02090368777	0.748250778154	0.792875495408	0.566089937168	0.557614282262	1.94203917835	1.45245794103	1.00108922185	0.678081522475	0.462665282745	0.441154838086	1.92818668439	0.932790918318	0.437630589657	0.524764108265	0.707383518608	0.92536838086	0.911862479459	0.744586060899	0.261639676172	0.324188332528	1.16638015466	0.907475142581	0.536765611406	0.72291879652	0.545551140648	1.00500763654	0.695746592557	1.36913213146	1.23489776704	0.751913383277	0.697389125181	0.591088656356	1.22634690188	0.986064142098	1.06087166264	1.05435191397	1.03849547608	1.11160622523	0.789071981634	0.80335182697	0.76719242146	0.797091469309	0.709547254712	1.11336278395	0.781958970517	0.957319739004	0.591423731271	0.97871838086
AE4	0.674726085065	0.571664490092	2.11409176414	0.865068211696	0.629421909135	0.820259028516	0.380822783954	0.663348801353	0.945377172547	0.0	1.02794031416	0.609197588207	0.742459743838	1.76758148864	0.547523465442	0.571955461576	0.877964789754	0.87182462059	1.42914302078	0.955542363461	0.742874359594	0.718841585307	0.985617080715	0.970233006283	1.31551832769	0.573764098598	0.871973542774	0.748480845819	0.622023020783	0.598008956017	0.950405993233	0.826512078299	0.869922435959	0.870096950217	0.951405060416	0.795895698405	0.941973146448	0.536973697438	0.82400940551	0.528559154181	0.633978284195	1.0316439391	0.890629816336	0.502743547608	1.14367047366	1.06937138714	1.08476882069	1.06295810536	0.888295746738	0.956003963267	1.20903223296	1.14106413243	0.859351551474	0.927400038666	0.915458235863	0.835344726921	0.661064775254	1.03520375544	0.667635321411	0.968003059449	0.798553170614	1.06740509425
AF3	0.989358182697	0.749868893185	2.50647139198	1.26390882552	1.08108798453	0.369076568391	1.32034436443	0.522321546641	0.378623296278	1.02794031416	0.0	0.853008313195	0.669659758337	2.16686125181	0.879627781537	0.855968206863	0.514141111648	0.488967573707	1.98795362011	1.50308633156	1.04091086515	0.749635935234	0.401502624456	0.405781208313	1.95685358627	0.95876062349	0.450572764621	0.597113030449	0.810493707105	0.999963914935	0.820492319961	0.696088264862	0.42949221363	0.45091419043	1.18612523925	0.975171846303	0.487189429676	0.81249378927	0.512235190913	1.02774467859	0.725500947318	1.51521794103	1.38563541808	0.824120584824	0.654625480909	0.568678293862	1.23693439343	0.997635210246	1.10065769454	1.039049971	1.04374331561	1.10604240696	0.801413025616	0.797396360561	0.777325683905	0.763801242146	0.802067293378	1.10024297728	0.860763861769	0.970321430643	0.551581440309	0.985566964717
AF4	0.763316587724	0.427966244563	2.26529869019	1.0004419333	0.321601034316	0.55772060899	0.891478506525	0.627038965684	0.754994490092	0.609197588207	0.853008313195	0.0	0.579803315611	1.923389826	0.506759275012	0.574026640889	0.807816829386	0.782370927985	1.577100116	1.09329204447	0.907180038666	0.816182692122	1.03576653939	1.02393514741	1.45858862736	0.662518255196	0.843884983084	0.833263315611	0.752623218946	0.74541618173	1.0245182552	0.90004497825	0.776114156597	0.73729637506	0.783066534558	0.53479959884	0.764168463026	0.575040410826	0.6730060174	0.591991222813	0.547392247463	1.22250688255	1.09507940068	0.475290869985	0.965621546641	0.883805089415	0.830854093765	0.773150724988	0.626665369744	0.686369729338	0.920037486709	0.85961717738	0.566179888835	0.682654388594	0.711760541324	0.64845898985	0.659808927018	0.766076423393	0.649680797487	0.717819632673	0.649151677139	0.785264983084
AG3	0.731617042049	0.429084987917	2.3249399565	0.968696452392	0.78471139681	0.461000657322	1.02956023683	0.513605828903	0.629602948284	0.742459743838	0.669659758337	0.579803315611	0.0	1.96762258579	0.478653852102	0.534863605607	0.538077699372	0.503389188014	1.70378852586	1.20757444176	0.884941333978	0.601805389077	0.733402817786	0.739350720155	1.60187037699	0.655052126631	0.567551150314	0.571579371677	0.637093301112	0.75743980667	0.825518168197	0.667389850169	0.577803697438	0.565248448526	1.00923594973	0.75791237796	0.714956447559	0.59992537941	0.547890473659	0.711654712421	0.458250159497	1.31832869019	1.18505772837	0.559405137748	0.897607520541	0.786775287579	1.00828495892	0.795803446109	0.830114910585	0.827215983567	0.92273681972	0.895887907202	0.577040874819	0.660537897535	0.690332721121	0.60532101015	0.452726201063	0.911091706138	0.50615818753	0.762472682455	0.39455701305	0.796290241663
AG4	1.90782742871	1.91095795553	0.386214296762	1.03829836153	1.85703889319	2.06240933301	1.57502248429	1.91945240696	2.02090368777	1.76758148864	2.16686125181	1.923389826	1.96762258579	0.0	1.82959687289	1.90336342678	2.12890826003	2.14239135814	0.959016756887	1.14044144514	1.66010606573	1.86701889802	2.07353128081	2.05060962301	1.63779729338	1.83283312711	2.04088355727	1.93986006283	1.58242808603	1.49384365877	2.12986407927	2.0940162639	1.96024082165	2.0473839681	2.21575997583	2.13021423876	2.27102295795	1.65077909135	2.18022304495	1.93206335911	2.04101100532	0.974101967134	1.08785791687	1.77415325278	2.38532577574	2.30304347994	2.32170240213	2.34546093765	2.20146619623	2.27617254712	2.41732340744	2.37836193813	2.18211258579	2.27021162881	2.26522187047	2.22515429676	1.96113337844	2.31888309812	1.97589272112	2.28139491058	2.0617798115	2.34477768971
AH3	0.769586283229	0.30252019333	2.16666150314	0.916618646689	0.647206012566	0.683471087482	0.795795442243	0.547482580957	0.748250778154	0.547523465442	0.879627781537	0.506759275012	0.478653852102	1.82959687289	0.0	0.531338366361	0.742563934268	0.738135239246	1.5492218753	1.07216047366	0.852331870469	0.728514533591	0.916266906718	0.925283170614	1.4965540406	0.695704006767	0.757816747221	0.734808690188	0.647370236829	0.681987046883	1.01108766071	0.875217660706	0.668505041083	0.697766234896	1.0005862639	0.758614639923	0.863432445626	0.492503716771	0.720307709038	0.630024746254	0.540653948768	1.11043271145	0.972464311261	0.432695567907	1.06562644756	0.955471285645	1.03319433543	0.908816167231	0.847402344128	0.867389468342	1.03369392943	0.992046138231	0.72115780087	0.79880621073	0.797406505558	0.754392996617	0.551283446109	0.93190722088	0.554517636539	0.860340270662	0.625115804737	0.906352464959
AH4	0.30139421943	0.32553698405	2.25261731754	0.963804340261	0.696604340261	0.653848583857	0.837640932818	0.619565132914	0.792875495408	0.571955461576	0.855968206863	0.574026640889	0.534863605607	1.90336342678	0.531338366361	0.0	0.648352479459	0.63191821653	1.43513144514	1.02441762204	0.801843093282	0.605210212663	0.822695828903	0.819223885935	1.39726523441	0.531787158047	0.683118622523	0.603445152247	0.647113861769	0.652883257612	0.762494282262	0.618770942484	0.716785998067	0.720607249879	0.978138037699	0.71803481392	0.795529014016	0.615718284195	0.628318390527	0.526050739488	0.421883392943	1.23801717738	1.09991706138	0.543092687289	1.01384426293	0.944966877719	0.928090613823	0.832033663606	0.810044374094	0.750411527308	0.964652943451	0.900168815853	0.559476408893	0.643795548574	0.678586321895	0.570438197197	0.385375451909	0.824254934751	0.376231527308	0.75717358144	0.549687365877	0.831277307878
AA7	0.801766205897	0.667559903335	2.46179227163	1.21465219913	0.965517283712	0.576724320928	1.18931083132	0.556361536974	0.566089937168	0.877964789754	0.514141111648	0.807816829386	0.538077699372	2.12890826003	0.742563934268	0.648352479459	0.0	0.124003562107	1.77573816336	1.30643876269	0.963086157564	0.604634736588	0.468459086515	0.495062194297	1.73329950217	0.789969652006	0.395447805703	0.43539280812	0.725546157564	0.853901517641	0.639163533108	0.426836935718	0.507639656839	0.533755205413	1.19383348478	0.962781561141	0.550083948768	0.804291440309	0.485240942484	0.911161150314	0.665960444659	1.47225431609	1.34472800387	0.818129526341	0.792462223296	0.668783958434	1.11226915418	0.88411760754	1.06359363461	0.986319531174	0.923038791687	0.987674615756	0.708807573707	0.700409787337	0.677398656356	0.671744422426	0.514418999517	0.977114238763	0.571377085549	0.92901820203	0.481491725471	0.863345882069
AA8	0.786391111648	0.647984045433	2.47798411793	1.21429097632	0.938282160464	0.540381522475	1.18538925085	0.529405012083	0.557614282262	0.87182462059	0.488967573707	0.782370927985	0.503389188014	2.14239135814	0.738135239246	0.63191821653	0.124003562107	0.0	1.78069566457	1.30026185114	0.947085543741	0.585704185597	0.476256442726	0.505124200097	1.71162968584	0.764748593523	0.36915861769	0.410873615273	0.714370289995	0.840697066216	0.596839371677	0.384753528275	0.498897303045	0.524162682455	1.15637454326	0.930131348478	0.51760182697	0.790752402127	0.445741295312	0.88236361044	0.643185940068	1.49685619623	1.3620418608	0.78187300145	0.758398419526	0.64298879652	1.08964000483	0.853699468342	1.02337372644	0.945111986467	0.899356921218	0.962161561141	0.676013020783	0.660393233446	0.640906935718	0.638268332528	0.534506408893	0.959405418076	0.583038105365	0.892697375544	0.443287554374	0.835633600773
AB7	1.39585639439	1.56543733204	1.22331461092	0.93696860319	1.42042530691	1.81316967617	1.28605297728	1.76366260996	1.94203917835	1.42914302078	1.98795362011	1.577100116	1.70378852586	0.959016756887	1.5492218753	1.43513144514	1.77573816336	1.78069566457	0.0	0.54853679072	1.48155318511	1.59131094732	1.90996836636	1.91382295795	1.06197651522	1.43180955534	1.80984498308	1.67214057032	1.3569040986	1.17134235863	1.6985778202	1.6692357854	1.84072430643	1.88109070082	1.83982289029	1.76798567907	1.93081028033	1.46610070082	1.82849973417	1.42933452876	1.60534260996	0.99786298695	1.00409076849	1.47890834703	2.14122536491	2.07515360561	1.87822185597	1.94292652006	1.812210029	1.81336395843	2.02497431609	1.96689634606	1.73038500242	1.82258303045	1.82473133881	1.76175646689	1.5968738956	1.86753045916	1.56612319478	1.85357813436	1.74009877235	1.92888341711
AB8	1.03329761237	1.08431086515	1.47628283712	0.477139555341	1.01549734171	1.32712339294	0.828660294828	1.26652942484	1.45245794103	0.955542363461	1.50308633156	1.09329204447	1.20757444176	1.14044144514	1.07216047366	1.02441762204	1.30643876269	1.30026185114	0.54853679072	0.0	1.01909127115	1.11004569841	1.41798620106	1.4127898695	1.08949903818	0.959914900918	1.31793155631	1.18128671822	0.843537757371	0.679081150314	1.26867676655	1.23493583374	1.36504398743	1.40265665539	1.4352081682	1.32613463026	1.46266683905	0.979045350411	1.36694766071	1.02585101982	1.17245740938	0.721232672789	0.686215031416	1.002529797	1.67904098598	1.59281048333	1.54064220396	1.53435656356	1.37363748188	1.41772022716	1.62618191397	1.57032847753	1.35015080232	1.42244014016	1.42560759787	1.3805477767	1.14988931368	1.49348277429	1.15175736588	1.45130296762	1.25204076365	1.52067687289
AC7	0.796450874819	0.84624298695	1.99546545674	0.912248371194	1.0111979507	0.890299864669	0.854248695022	0.840145867569	1.00108922185	0.742874359594	1.04091086515	0.907180038666	0.884941333978	1.66010606573	0.852331870469	0.801843093282	0.963086157564	0.947085543741	1.48155318511	1.01909127115	0.0	0.483441309811	0.96093821653	0.951090430159	1.39647308362	0.653516263896	0.916924896085	0.734061101982	0.575662232963	0.532156732721	0.845472348961	0.774281788304	0.905106974384	0.918425645239	1.22710897052	1.08385898018	1.13332452876	0.752642015466	1.01513537458	0.948424572257	0.929229067182	1.16056874819	1.07177198647	0.72622858869	1.09497546641	1.01670832769	1.43402647656	1.38209054132	1.20367173997	1.24477753021	1.49188095698	1.45710690188	1.05756304978	1.18200066216	1.1822759594	1.08673440793	0.870382344128	1.36550385694	0.873517085549	1.23017035283	0.899948448526	1.36956353311
AC8	0.688438361527	0.649720932818	2.20830497825	0.990972155631	0.994249304012	0.604932097632	0.951998521025	0.55092322378	0.678081522475	0.718841585307	0.749635935234	0.816182692122	0.601805389077	1.86701889802	0.728514533591	0.605210212663	0.604634736588	0.585704185597	1.59131094732	1.11004569841	0.483441309811	0.0	0.624607317545	0.634253760271	1.54090274529	0.586141672305	0.488232344128	0.310022150797	0.481764809087	0.584150038666	0.611050072499	0.476067148381	0.567121362977	0.597503330111	1.12258108748	0.878225751571	0.79888680522	0.669201807637	0.664356829386	0.839755519575	0.674300053166	1.24029373127	1.11124563074	0.663228583857	0.858530937651	0.780894422426	1.27983308362	1.05971878202	1.04993740938	1.03636521025	1.14319492025	1.16907029	0.799859217013	0.844724282262	0.834703794103	0.803981256646	0.532258144031	1.1544777042	0.599137332044	0.948323175447	0.540634001933	1.03859259546
AD7	0.930927448043	0.853710541324	2.40796136298	1.20480312711	1.23737402127	0.6542580232	1.2742518318	0.576792484292	0.462665282745	0.985617080715	0.401502624456	1.03576653939	0.733402817786	2.07353128081	0.916266906718	0.822695828903	0.468459086515	0.476256442726	1.90996836636	1.41798620106	0.96093821653	0.624607317545	0.0	0.132441097148	1.89062144031	0.858197341711	0.380681459642	0.454251130981	0.702243040116	0.896347332044	0.72819839536	0.590049690672	0.4567460029	0.543439927501	1.35209726921	1.13092650556	0.620841053649	0.84931421943	0.662451367811	1.09211516191	0.858802344128	1.43547655389	1.29223471725	0.923409753504	0.779258525858	0.675143073949	1.36794968101	1.11999423876	1.25872499758	1.20458326728	1.15713028033	1.23821451426	0.954850652489	0.912496926051	0.881081570807	0.913883692605	0.721978472692	1.23998836636	0.804881633639	1.13166996133	0.628998554857	1.10786737554
AD8	0.936610604157	0.850228342194	2.3859758869	1.19607631706	1.2252297245	0.652216964717	1.26506258579	0.553391019816	0.441154838086	0.970233006283	0.405781208313	1.02393514741	0.739350720155	2.05060962301	0.925283170614	0.819223885935	0.495062194297	0.505124200097	1.91382295795	1.4127898695	0.951090430159	0.634253760271	0.132441097148	0.0	1.86562318511	0.833221261479	0.396858206863	0.460180560657	0.675134905752	0.88536298695	0.748862469792	0.59031040116	0.458181087482	0.537155853069	1.36188239729	1.13406334944	0.636057559207	0.833514543258	0.675146394393	1.08139345578	0.84764982117	1.4125478782	1.26535851136	0.912128598357	0.793080289995	0.682228337361	1.36969753504	1.12044907202	1.25994225713	1.20510535041	1.16583705172	1.24433303045	0.954970164331	0.924389971	0.893001353311	0.918675606573	0.740457162881	1.24607494442	0.82126737071	1.12875646206	0.638113156114	1.10862609473
AE7	1.34425162397	1.51746791203	1.90312680522	1.2801019188	1.29310222813	1.72406344611	1.21766993717	1.72940819236	1.92818668439	1.31551832769	1.95685358627	1.45858862736	1.60187037699	1.63779729338	1.4965540406	1.39726523441	1.73329950217	1.71162968584	1.06197651522	1.08949903818	1.39647308362	1.54090274529	1.89062144031	1.86562318511	0.0	1.06019263412	1.79704416626	1.63523868052	1.37980156114	1.27024925568	1.57464507492	1.58053041566	1.8400317738	1.85376959401	1.69557320928	1.6665161044	1.8919119768	1.50317886902	1.79250859352	1.33606685839	1.57666225713	1.4713179072	1.43828029483	1.44783917835	2.03323875785	1.97075245046	1.7049661624	1.80987868536	1.63079665539	1.65343254712	1.94071538424	1.82594244079	1.62783629773	1.72496898018	1.73314036249	1.6306359304	1.58225947801	1.73501284195	1.52675669406	1.73713625423	1.7000797245	1.81736935718
AE8	0.61995462059	0.613833064282	2.16965222813	0.936542943451	0.809151894635	0.742317568874	0.83344442726	0.743513866602	0.932790918318	0.573764098598	0.95876062349	0.662518255196	0.655052126631	1.83283312711	0.695704006767	0.531787158047	0.789969652006	0.764748593523	1.43180955534	0.959914900918	0.653516263896	0.586141672305	0.858197341711	0.833221261479	1.06019263412	0.0	0.798564630256	0.654493615273	0.601014388594	0.553104944418	0.74144760754	0.671110125665	0.845286892218	0.853104673755	1.05626987434	0.852286408893	0.922979410343	0.678784939584	0.829710488159	0.654532648623	0.660325118415	1.20759658289	1.06879394393	0.616515456742	1.07510674239	1.00595295312	1.14568075882	1.07856303528	0.925474644756	0.953526534558	1.19336521508	1.16070314645	0.826951290478	0.908197728371	0.911549768004	0.833681150314	0.665364349927	1.08251411793	0.670703866602	0.943339202513	0.733677046883	1.0714480232
AF7	0.834872658289	0.655060043499	2.38056324795	1.18326507008	1.03816959401	0.552817829869	1.17690758821	0.468184103432	0.437630589657	0.871973542774	0.450572764621	0.843884983084	0.567551150314	2.04088355727	0.757816747221	0.683118622523	0.395447805703	0.36915861769	1.80984498308	1.31793155631	0.916924896085	0.488232344128	0.380681459642	0.396858206863	1.79704416626	0.798564630256	0.0	0.256252561624	0.637747467376	0.788641242146	0.685148632189	0.536059879169	0.397935920735	0.439216621556	1.13974210246	0.90983098115	0.492751116481	0.716392962784	0.517558086032	0.918962460126	0.654917704205	1.40710861769	1.26706596907	0.730843914935	0.728866365394	0.630925432576	1.18751950217	0.96014462059	1.05490572257	1.02890839053	0.993663813436	1.07044282745	0.760310053166	0.766137583374	0.738174920251	0.752673272112	0.570577544708	1.06175416626	0.644369337844	0.936615045916	0.477472416626	0.937453214113
AF8	0.690428632189	0.638580985984	2.28074464476	1.05494539391	1.01883359111	0.5508679942	1.03907831319	0.467605181247	0.524764108265	0.748480845819	0.597113030449	0.833263315611	0.571579371677	1.93986006283	0.734808690188	0.603445152247	0.43539280812	0.410873615273	1.67214057032	1.18128671822	0.734061101982	0.310022150797	0.454251130981	0.460180560657	1.63523868052	0.654493615273	0.256252561624	0.0	0.522510662156	0.651752721121	0.618781889802	0.450982977284	0.459788385694	0.494452295795	1.14841350411	0.913734630256	0.630446694055	0.690874030933	0.544144277429	0.854845413243	0.645517100048	1.30304273562	1.16564458192	0.700972832286	0.817842996617	0.730749574674	1.22266143064	1.00314287579	1.05422794103	1.0382019478	1.04475557274	1.11615132914	0.773888743354	0.803081454809	0.779770778154	0.774400314161	0.513035925568	1.10400590623	0.584723368777	0.949836452392	0.48656420493	0.976237491542
AG7	0.751647887869	0.632814789753	1.92066119381	0.71795980667	0.879500086999	0.682622861286	0.862154166264	0.530799710005	0.707383518608	0.622023020783	0.810493707105	0.752623218946	0.637093301112	1.58242808603	0.647370236829	0.647113861769	0.725546157564	0.714370289995	1.3569040986	0.843537757371	0.575662232963	0.481764809087	0.702243040116	0.675134905752	1.37980156114	0.601014388594	0.637747467376	0.522510662156	0.0	0.283424146931	0.79316081682	0.671722658289	0.642536292895	0.723603450942	1.21894086999	0.959750492992	0.874232426293	0.482866887385	0.77509956984	0.830283731271	0.69810138231	1.0144980667	0.878375079749	0.528927119381	1.04450556791	0.95453141131	1.3124638086	1.10738420976	1.13559777187	1.12690052682	1.2165457419	1.19885357177	0.891668656356	0.942288405027	0.940222416626	0.896450454326	0.638216911551	1.19239083615	0.69122521508	1.05272974384	0.695914857419	1.1091939246
AG8	0.666239130014	0.680824630256	1.8349859884	0.659347481875	0.848436123731	0.831798182697	0.713561967134	0.733496317061	0.92536838086	0.598008956017	0.999963914935	0.74541618173	0.75743980667	1.49384365877	0.681987046883	0.652883257612	0.853901517641	0.840697066216	1.17134235863	0.679081150314	0.532156732721	0.584150038666	0.896347332044	0.88536298695	1.27024925568	0.553104944418	0.788641242146	0.651752721121	0.283424146931	0.0	0.853968414693	0.787214954084	0.842892435959	0.876853533108	1.19888440793	0.983418332528	1.01479355727	0.535788627356	0.902778835186	0.796849850169	0.780395263412	0.949387636539	0.832000173997	0.551907274045	1.18081112615	1.09040005317	1.29679050749	1.21882221846	1.12684430643	1.16515798453	1.33190161431	1.30439151281	0.976352861286	1.03528827936	1.03271802803	0.981976379894	0.74294679072	1.2288221363	0.769366742388	1.14608880619	0.801819362011	1.21710947801
AH7	0.785547419043	0.866922846786	2.44931265346	1.29310938134	1.15688949734	0.825931720638	1.14782302562	0.818784248429	0.911862479459	0.950405993233	0.820492319961	1.0245182552	0.825518168197	2.12986407927	1.01108766071	0.762494282262	0.639163533108	0.596839371677	1.6985778202	1.26867676655	0.845472348961	0.611050072499	0.72819839536	0.748862469792	1.57464507492	0.74144760754	0.685148632189	0.618781889802	0.79316081682	0.853968414693	0.0	0.290239289512	0.881335118415	0.887015461576	1.16099145964	1.00017383277	0.782043247946	0.960759062349	0.748600251329	0.990430657322	0.847100430159	1.50141743354	1.37817144031	0.928846331561	0.967076428226	0.917064340261	1.28179592557	1.05927651039	1.16631711938	1.04217192847	1.12472310778	1.15884054616	0.851736172064	0.852482484292	0.812571420976	0.795527481875	0.749259690672	1.16027461092	0.793197486709	0.984887332044	0.721216283229	1.03961333011
AH8	0.704117467376	0.73063101015	2.43041474625	1.21346168197	1.01363070082	0.641511522475	1.08897887385	0.636246853552	0.744586060899	0.826512078299	0.696088264862	0.90004497825	0.667389850169	2.0940162639	0.875217660706	0.618770942484	0.426836935718	0.384753528275	1.6692357854	1.23493583374	0.774281788304	0.476067148381	0.590049690672	0.59031040116	1.58053041566	0.671110125665	0.536059879169	0.450982977284	0.671722658289	0.787214954084	0.290239289512	0.0	0.6946460174	0.693079110681	1.12221909135	0.907784741421	0.680418651522	0.834551788304	0.564836408893	0.878217380377	0.70915242146	1.45245421943	1.31874835186	0.803588743354	0.840246360561	0.772888666022	1.16539579507	0.952873711938	1.05247564524	0.936773750604	0.989624340261	1.05571070082	0.702478342194	0.742139898502	0.707945094248	0.679672474625	0.586951739971	1.04237938134	0.628444702755	0.874735862736	0.541540202997	0.931515335911
AA5	0.88973102465	0.622104171097	2.29247541808	1.13329576124	0.977671420976	0.478700884485	1.17561876269	0.30969141131	0.261639676172	0.869922435959	0.42949221363	0.776114156597	0.577803697438	1.96024082165	0.668505041083	0.716785998067	0.507639656839	0.498897303045	1.84072430643	1.36504398743	0.905106974384	0.567121362977	0.4567460029	0.458181087482	1.8400317738	0.845286892218	0.397935920735	0.459788385694	0.642536292895	0.842892435959	0.881335118415	0.6946460174	0.0	0.268500468826	1.20195894152	0.930090091832	0.606357380377	0.611580154664	0.592874374094	0.893731536974	0.658307631706	1.2723839681	1.13826634606	0.654687433543	0.748141580474	0.62641698405	1.28439129531	1.06440289995	1.10131006283	1.09969133881	1.10782101982	1.18162693572	0.828100927985	0.844680985984	0.817942305462	0.835704746254	0.602368206863	1.16757637023	0.663364581924	1.00809640889	0.543689545674	1.04553828903
AA6	0.893640850652	0.597887288545	2.39124123248	1.18432754954	0.935547462542	0.413642648623	1.15761074432	0.38931178347	0.324188332528	0.870096950217	0.45091419043	0.73729637506	0.565248448526	2.0473839681	0.697766234896	0.720607249879	0.533755205413	0.524162682455	1.88109070082	1.40265665539	0.918425645239	0.597503330111	0.543439927501	0.537155853069	1.85376959401	0.853104673755	0.439216621556	0.494452295795	0.723603450942	0.876853533108	0.887015461576	0.693079110681	0.268500468826	0.0	1.06747733204	0.805590463992	0.501564055099	0.647399656839	0.478699531174	0.908146660222	0.598131280812	1.3691280232	1.22756176897	0.666254562591	0.552735447076	0.414306916385	1.1525242726	0.939166268729	0.954478467859	0.944844045433	0.977312856452	1.04452080232	0.696334659256	0.731427235379	0.703835949734	0.703513189947	0.618547274045	1.02112693088	0.678874330594	0.855566350894	0.528468670855	0.917451169647
AB5	1.06227329145	0.89492080232	2.54916713871	1.41095008217	0.837640289995	1.00320935718	1.17617151764	1.11429582407	1.16638015466	0.951405060416	1.18612523925	0.783066534558	1.00923594973	2.21575997583	1.0005862639	0.978138037699	1.19383348478	1.15637454326	1.83982289029	1.4352081682	1.22710897052	1.12258108748	1.35209726921	1.36188239729	1.69557320928	1.05626987434	1.13974210246	1.14841350411	1.21894086999	1.19888440793	1.16099145964	1.12221909135	1.20195894152	1.06747733204	0.0	0.35594919768	0.95630759304	1.05518354277	0.939140874819	0.852392624456	0.858023963267	1.58314151764	1.46280040599	0.937377394877	0.979287675205	0.962494929918	0.833048351861	0.904844538424	0.708865969067	0.733577201547	1.02378938618	0.940695166747	0.786925727405	0.874946230063	0.915323798937	0.868236399227	1.005109942	0.829537158047	0.9953819768	0.785171280812	0.992912895118	0.914180729821
AB6	0.874809381344	0.617913334944	2.47295121315	1.27952611406	0.708522141131	0.742192513291	1.01654659256	0.837856399227	0.907475142581	0.795895698405	0.975171846303	0.53479959884	0.75791237796	2.13021423876	0.758614639923	0.71803481392	0.962781561141	0.930131348478	1.76798567907	1.32613463026	1.08385898018	0.878225751571	1.13092650556	1.13406334944	1.6665161044	0.852286408893	0.90983098115	0.913734630256	0.959750492992	0.983418332528	1.00017383277	0.907784741421	0.930090091832	0.805590463992	0.35594919768	0.0	0.741978656356	0.768664243596	0.716874722088	0.702648153697	0.614738748188	1.44459341228	1.32061434993	0.660078849686	0.807345949734	0.776412991783	0.761170879652	0.700921420976	0.530809424843	0.53942622523	0.830868134364	0.766268724021	0.549381314645	0.665702087965	0.720160033833	0.653119594007	0.727853136781	0.663443562107	0.712513272112	0.564880642823	0.768908231029	0.710759429676
AC5	0.953923784437	0.699571063316	2.61025138714	1.40758586274	0.974966007733	0.575340855486	1.23455860802	0.60530377477	0.536765611406	0.941973146448	0.487189429676	0.764168463026	0.714956447559	2.27102295795	0.863432445626	0.795529014016	0.550083948768	0.51760182697	1.93081028033	1.46266683905	1.13332452876	0.79888680522	0.620841053649	0.636057559207	1.8919119768	0.922979410343	0.492751116481	0.630446694055	0.874232426293	1.01479355727	0.782043247946	0.680418651522	0.606357380377	0.501564055099	0.95630759304	0.741978656356	0.0	0.793898569357	0.411426959884	0.918449284679	0.644625137748	1.61359499758	1.46693920251	0.767704388594	0.526512290962	0.476475060416	1.01201481392	0.745572701788	0.898822590623	0.826869927501	0.789614253262	0.849874253262	0.614855070082	0.570536355727	0.536812000967	0.593440869985	0.719326263896	0.865795152247	0.773598192363	0.74919539391	0.578918545191	0.7347679942
AC6	0.819497008217	0.496906442726	1.98593646206	0.791076109232	0.706368289029	0.633249110681	0.706223663606	0.521111130981	0.72291879652	0.536973697438	0.81249378927	0.575040410826	0.59992537941	1.65077909135	0.492503716771	0.615718284195	0.804291440309	0.790752402127	1.46610070082	0.979045350411	0.752642015466	0.669201807637	0.84931421943	0.833514543258	1.50317886902	0.678784939584	0.716392962784	0.690874030933	0.482866887385	0.535788627356	0.960759062349	0.834551788304	0.611580154664	0.647399656839	1.05518354277	0.768664243596	0.793898569357	0.0	0.736287259546	0.668519888835	0.589229265346	0.865868163364	0.723637791203	0.306267539874	0.993245882069	0.922036220396	1.15374851136	1.04766399227	0.96199361044	0.975041720638	1.13793058966	1.11578444176	0.790096887385	0.883007404543	0.893565766071	0.821856036733	0.614929782504	1.02689578057	0.632110478492	0.943075113581	0.661313547608	1.03240679555
AD6	0.795417588207	0.55269520058	2.52306870952	1.24408130981	0.830267351377	0.418497810536	1.12684854519	0.489342382794	0.545551140648	0.82400940551	0.512235190913	0.6730060174	0.547890473659	2.18022304495	0.720307709038	0.628318390527	0.485240942484	0.445741295312	1.82849973417	1.36694766071	1.01513537458	0.664356829386	0.662451367811	0.675146394393	1.79250859352	0.829710488159	0.517558086032	0.544144277429	0.77509956984	0.902778835186	0.748600251329	0.564836408893	0.592874374094	0.478699531174	0.939140874819	0.716874722088	0.411426959884	0.736287259546	0.0	0.75545757854	0.413593808603	1.51582116481	1.37425826486	0.713928728855	0.646647651039	0.568868361527	0.885472725955	0.660536684389	0.812609917835	0.712913629773	0.716148144031	0.777317936201	0.477525297245	0.462337738038	0.456107071049	0.449455534074	0.527651164814	0.77173320928	0.593035978734	0.648812619623	0.38181561624	0.657303760271
AE5	0.592279043016	0.572834422426	2.27785983084	1.00512840019	0.598136810053	0.809983905268	0.763962846786	0.770842696955	1.00500763654	0.528559154181	1.02774467859	0.591991222813	0.711654712421	1.93206335911	0.630024746254	0.526050739488	0.911161150314	0.88236361044	1.42933452876	1.02585101982	0.948424572257	0.839755519575	1.09211516191	1.08139345578	1.33606685839	0.654532648623	0.918962460126	0.854845413243	0.830283731271	0.796849850169	0.990430657322	0.878217380377	0.893731536974	0.908146660222	0.852392624456	0.702648153697	0.918449284679	0.668519888835	0.75545757854	0.0	0.425389743838	1.20486875785	1.07937080715	0.580334108265	1.16861673272	1.10366841469	0.907578762687	0.886311391977	0.82817318028	0.785925234413	1.02282211696	0.949842803287	0.638087921701	0.751446162397	0.789060309328	0.656369690672	0.61875442726	0.864325693572	0.560221261479	0.81403679072	0.741644388594	0.907991246979
AE6	0.607639139681	0.365488090865	2.38755472692	1.10600126631	0.687801865636	0.535251541808	0.924813267279	0.54039977767	0.695746592557	0.633978284195	0.725500947318	0.547392247463	0.458250159497	2.04101100532	0.540653948768	0.421883392943	0.665960444659	0.643185940068	1.60534260996	1.17245740938	0.929229067182	0.674300053166	0.858802344128	0.84764982117	1.57666225713	0.660325118415	0.654917704205	0.645517100048	0.69810138231	0.780395263412	0.847100430159	0.70915242146	0.658307631706	0.598131280812	0.858023963267	0.614738748188	0.644625137748	0.589229265346	0.413593808603	0.425389743838	0.0	1.33885998067	1.19845184147	0.540684345094	0.859698791687	0.788139550507	0.860100231996	0.708980449493	0.718873199613	0.672380739488	0.825176249396	0.785110343161	0.438922953117	0.509760903818	0.545235543741	0.446731788304	0.421241628806	0.741168767521	0.434914050266	0.620134983084	0.450049163847	0.709801551474
AF5	1.27189506042	1.21876762687	1.30069841953	0.576959913001	1.19748920251	1.38826914451	0.824453441276	1.22714580957	1.36913213146	1.0316439391	1.51521794103	1.22250688255	1.31832869019	0.974101967134	1.11043271145	1.23801717738	1.47225431609	1.49685619623	0.99786298695	0.721232672789	1.16056874819	1.24029373127	1.43547655389	1.4125478782	1.4713179072	1.20759658289	1.40710861769	1.30304273562	1.0144980667	0.949387636539	1.50141743354	1.45245421943	1.2723839681	1.3691280232	1.58314151764	1.44459341228	1.61359499758	0.865868163364	1.51582116481	1.20486875785	1.33885998067	0.0	0.189257022716	1.01886934268	1.73955763171	1.65259705655	1.71928061866	1.70346684872	1.58838618173	1.64169057999	1.78340317061	1.77088466892	1.50756378444	1.61897564524	1.62298328661	1.56383160464	1.26991340261	1.69020778154	1.2863219188	1.61926546158	1.41145439343	1.69296008217
AF6	1.1541719768	1.07963099082	1.41934501208	0.483330633156	1.07129916868	1.24659356211	0.729532319961	1.08555463509	1.23489776704	0.890629816336	1.38563541808	1.09507940068	1.18505772837	1.08785791687	0.972464311261	1.09991706138	1.34472800387	1.3620418608	1.00409076849	0.686215031416	1.07177198647	1.11124563074	1.29223471725	1.26535851136	1.43828029483	1.06879394393	1.26706596907	1.16564458192	0.878375079749	0.832000173997	1.37817144031	1.31874835186	1.13826634606	1.22756176897	1.46280040599	1.32061434993	1.46693920251	0.723637791203	1.37425826486	1.07937080715	1.19845184147	0.189257022716	0.0	0.878089468342	1.59270631223	1.50865305462	1.59901566941	1.57877220396	1.47039338328	1.51772788304	1.66153867569	1.65595434509	1.37347045433	1.47531144031	1.47783003383	1.420789797	1.13195499758	1.57423937168	1.14590100048	1.49463268246	1.2689160754	1.55641494925
AG5	0.722071614306	0.433170096665	2.11353839536	0.888246752054	0.598578429193	0.612561754471	0.728641672305	0.545239482842	0.751913383277	0.502743547608	0.824120584824	0.475290869985	0.559405137748	1.77415325278	0.432695567907	0.543092687289	0.818129526341	0.78187300145	1.47890834703	1.002529797	0.72622858869	0.663228583857	0.923409753504	0.912128598357	1.44783917835	0.616515456742	0.730843914935	0.700972832286	0.528927119381	0.551907274045	0.928846331561	0.803588743354	0.654687433543	0.666254562591	0.937377394877	0.660078849686	0.767704388594	0.306267539874	0.713928728855	0.580334108265	0.540684345094	1.01886934268	0.878089468342	0.0	0.972953170614	0.903244504592	1.06833360561	0.984826650556	0.857280251329	0.874928728855	1.10050019816	1.0543779652	0.690186747221	0.823611232479	0.843678496858	0.726948564524	0.596657187047	0.971210183664	0.596970710488	0.842170454326	0.633538303528	0.980326244563
