	AA3	AA4	AB3	AB4	AC3	AC4	AD3	AD4	AE3	AE4	AF3	AF4	AG3	AG4	AH3	AH4	AA7	AA8	AB7	AB8	AC7	AC8	AD7	AD8	AE7	AE8	AF7	AF8	AG7	AG8	AH7	AH8	AA5	AA6	AB5	AB6	AC5	AC6	AD6	AE5	AE6	AF5	AF6	AG5	AH5	AH6	AA1	AA2	AB1	AB2	AC1	AC2	AD1	AD2	AE1	AE2	AF1	AF2	AG1	AG2	AH1	AH2
AA3	0.0	0.571957515708	2.23790260996	0.992381039149	0.84454157564	0.752988351861	0.868385490575	0.772557892702	0.888228086032	0.699154997583	0.972050763654	0.765666317061	0.746364644756	1.91210190913	0.762917051716	0.296048405027	0.815613107782	0.772709980667	1.47761357177	1.00582058482	0.833175176414	0.687430575157	0.894848144031	0.879816360561	1.35547626873	0.597271348478	0.78400118898	0.678790671822	0.713831000483	0.690771285645	0.769403257612	0.678635737071	0.847325205413	0.831986457226	1.06396928951	0.877905060416	0.917099284679	0.787531773804	0.781176732721	0.563924325761	0.532679893668	1.24240468342	1.16480072015	0.675331735138	1.11538909618	1.09777576124	0.961990758821	0.91741881102	0.899578873852	0.85577518608	1.09589359111	0.944471565974	0.615309589174	0.683483494442	0.746234388594	0.6063579942	0.557517211213	0.868368965684	0.500866326728	0.903092348961	0.686062634123	0.94342720638
AA4	0.571957515708	0.0	2.23724648623	0.915217143548	0.610918492025	0.512986679555	0.871298066699	0.469442532624	0.621855181247	0.6089740116	0.774637849203	0.449809188014	0.431762034799	1.91070419043	0.298853494442	0.346416795553	0.667126234896	0.625195239246	1.59966573224	1.04211491058	0.870426205897	0.620573668439	0.830436070565	0.768375248913	1.52613732238	0.633670246496	0.685273678105	0.624195563074	0.621031947801	0.688527999033	0.875077167714	0.730150923151	0.588911962301	0.576848883519	0.94830439826	0.644166491058	0.721070053166	0.557087868536	0.577555514741	0.520031430643	0.386161981634	1.1823842871	1.07336678105	0.467270391493	0.911323547608	0.838670850652	0.966341121315	0.796201865636	0.733895403577	0.736868709522	0.980648564524	0.863037762204	0.581888786854	0.625795857902	0.686298458192	0.548614040599	0.425826027066	0.838594108265	0.468536853552	0.769264480425	0.463811652972	0.812633247946
AB3	2.23790260996	2.23724648623	0.0	1.41944875302	2.16574081199	2.38750699855	1.90995077815	2.29663768971	2.31835144031	2.07041246496	2.49428650072	2.27626531174	2.32199463992	0.374038641856	2.12822619623	2.23325482359	2.4599361914	2.45135168197	1.11194045433	1.47088914935	1.94084260996	2.11027131948	2.36876384244	2.37872656839	1.88904832286	2.15833515708	2.33894515225	2.27499964234	1.87257630739	1.80709059932	2.42601136781	2.40052467859	2.25057576124	2.36194479459	2.56062551957	2.45600836636	2.58976783954	1.93842722088	2.5258302175	2.2547397535	2.3565098405	1.30540899468	1.40120085549	2.04755345578	2.7193317158	2.61730031416	2.64702759787	2.66267964234	2.53225015466	2.59496260029	2.77955481875	2.69659298695	2.54275913001	2.57470530208	2.61485616723	2.52121308362	2.28156589174	2.62437338328	2.28185434026	2.63009490092	2.40252155147	2.67474043016
AB4	0.992381039149	0.915217143548	1.41944875302	0.0	0.914143359111	1.05892237313	0.793539734171	1.02434058482	1.09932965684	0.791234664089	1.23460399227	0.976430720155	0.934503682939	1.08062208797	0.837658535524	0.915568255196	1.18729465926	1.17631300145	1.02863690188	0.502463779604	0.934719647173	0.922917211213	1.13962293862	1.12731165781	1.32690156114	0.936390299662	1.11288971	1.03616463509	0.638571971967	0.65588298695	1.29011927985	1.18085797487	1.04070200097	1.10664657806	1.41253426293	1.2233421943	1.35973899952	0.72107298695	1.21335255196	0.941227298212	1.0346957129	0.575030710488	0.488524649589	0.782424151764	1.4834957999	1.38709432576	1.44694275979	1.39423077332	1.3020262059	1.33835555824	1.55335330594	1.45391696472	1.23942680039	1.28942711455	1.35061096182	1.23416413726	1.0030439826	1.39517618173	1.01190410826	1.37633746738	1.09635576607	1.40808901885
AC3	0.84454157564	0.610918492025	2.16574081199	0.914143359111	0.0	0.717393504108	0.825615418076	0.806054499758	0.977829690672	0.633743832769	1.07951921218	0.348585031416	0.775452503625	1.84419049299	0.635835785404	0.711064528758	0.962543924601	0.938081532141	1.49382403093	1.00759315128	1.05476108265	0.958515650072	1.21913197197	1.15763557757	1.32071306912	0.805449260512	1.05844759787	1.0076098985	0.882295679072	0.883427341711	1.16646549058	1.04747063316	0.946664876752	0.941691106815	0.839195814403	0.745457211213	0.968965316578	0.704813117448	0.855636394393	0.619120478492	0.691381585307	1.14433967617	1.06940709038	0.616307974867	1.1657837796	1.12848540841	0.899114325761	0.9575740261	0.753514291928	0.842370671822	1.12757912035	0.965492841953	0.756809685839	0.835893228613	0.89667699855	0.765903127115	0.793922015466	0.868095451909	0.806844751087	0.925260478492	0.80640421943	0.94658139681
AC4	0.752988351861	0.512986679555	2.38750699855	1.05892237313	0.717393504108	0.0	1.06919068149	0.393852672789	0.51951022233	0.803646800387	0.433897530208	0.485760101498	0.402164171097	2.06037681489	0.637806669889	0.623096350894	0.599575456742	0.550500671822	1.82964503625	1.26740427743	0.935882551957	0.658481565974	0.698077375544	0.660907728371	1.68282847753	0.733444572257	0.591067307878	0.587005877235	0.688318163364	0.782044983084	0.813972875785	0.680812692122	0.521118525858	0.424095630739	0.982181343644	0.670860381827	0.558653958434	0.666552634123	0.455730062832	0.731227216046	0.502760106332	1.35395780087	1.24630574674	0.617136471725	0.708564804253	0.640970241663	1.02250814886	0.769470845819	0.780954717255	0.763424262929	0.928009221846	0.89002419043	0.572209202513	0.612321077815	0.657943281779	0.586735645239	0.575700391493	0.901886104398	0.645192136298	0.752431324311	0.392161377477	0.785876950217
AD3	0.868385490575	0.871298066699	1.90995077815	0.793539734171	0.825615418076	1.06919068149	0.0	0.982000521991	1.22846084582	0.368624944418	1.329089826	0.918151788304	1.03532938134	1.58311077332	0.780084021266	0.835908318028	1.2001077042	1.1735060464	1.353520116	0.834601126148	0.849081817303	0.875586824553	1.25068362011	1.21426501208	1.24299776704	0.842255340744	1.17600653456	1.05823149348	0.850386892218	0.746192667956	1.16723525375	1.10091392943	1.12529104398	1.12274809087	1.22132695022	1.04463057999	1.23589141614	0.688893127115	1.15840094732	0.770736070565	0.902145606573	0.84330377477	0.794080188497	0.681298530691	1.37931114548	1.34664884002	1.32336344128	1.32753863702	1.13541639923	1.19067769937	1.50692037699	1.36272574674	1.11757768971	1.1777117883	1.24654597873	1.08035148864	0.933614127598	1.26482325278	0.92144977767	1.25160067182	1.11377131464	1.31799520058
AD4	0.772557892702	0.469442532624	2.29663768971	1.02434058482	0.806054499758	0.393852672789	0.982000521991	0.0	0.295863059449	0.679921822136	0.499073083615	0.619448144031	0.479618090865	1.97027494925	0.580724456259	0.620469729338	0.535772083132	0.49117956984	1.8172378637	1.25777257129	0.87017582407	0.585507356211	0.563365853069	0.506720497825	1.7489220493	0.760732634123	0.455338849686	0.45437377477	0.585896462059	0.718088211696	0.802874084099	0.642336133398	0.316071846303	0.3329820203	1.08992729821	0.746477945868	0.524300144998	0.582798946351	0.455449695505	0.729841580474	0.517460425326	1.24496014983	1.14327238763	0.581411667472	0.701479101015	0.597530492992	1.1124661769	0.837870671822	0.905285128081	0.879624098598	0.939293919768	0.988277945868	0.692445210246	0.670733721605	0.710331527308	0.660941841469	0.536496476559	1.00895116965	0.633597617206	0.858359753504	0.443894523925	0.874319067182
AE3	0.888228086032	0.621855181247	2.31835144031	1.09932965684	0.977829690672	0.51951022233	1.22846084582	0.295863059449	0.0	0.92407842436	0.370349038183	0.782596288062	0.565848767521	2.00272057032	0.714613025616	0.76502439826	0.489854610923	0.487911000483	1.94054124215	1.39698765587	0.978590695988	0.715496698888	0.438281362977	0.431874654422	1.90209920251	0.920752522958	0.390131894635	0.500100642823	0.690194407927	0.852639748671	0.888811720638	0.709789855002	0.258032624456	0.320777346544	1.23648680039	0.911417564041	0.551970367327	0.744358767521	0.574816447559	0.931342107298	0.690136921218	1.30094719188	1.21827182214	0.750389188014	0.814365079749	0.600993146448	1.26168995167	0.980360227163	1.06254668922	1.04016526341	1.06802124215	1.13049039149	0.841350154664	0.824863392943	0.848874006767	0.809679458676	0.668279690672	1.16099843403	0.766475099082	1.01488693088	0.541740125665	1.02065322378
AE4	0.699154997583	0.6089740116	2.07041246496	0.791234664089	0.633743832769	0.803646800387	0.368624944418	0.679921822136	0.92407842436	0.0	1.05839520541	0.663933910101	0.779209772837	1.74272595457	0.549262653456	0.585504639923	0.909050869985	0.882032914451	1.46341065732	0.932055128081	0.765914668922	0.67969320928	0.991087530208	0.938041362977	1.31176930401	0.611439115515	0.879136070565	0.767637046883	0.630659917835	0.622099342678	0.957316814886	0.8524400145	0.834039342678	0.844417365877	1.01372374577	0.816822271629	0.947939067182	0.484738554857	0.881166152731	0.528361672305	0.630978351861	0.967213455776	0.86217817303	0.450032145964	1.11067366361	1.07496724988	1.10095903818	1.09271264862	0.923738376027	0.970564132431	1.28509729821	1.14088680522	0.888859753504	0.903097873369	0.978795292412	0.835675273079	0.6799520058	1.05139855969	0.663001884969	1.02268167231	0.83274882552	1.09075478009
AF3	0.972050763654	0.774637849203	2.49428650072	1.23460399227	1.07951921218	0.433897530208	1.329089826	0.499073083615	0.370349038183	1.05839520541	0.0	0.843420260996	0.667977003383	2.16838042533	0.899543455776	0.882534258096	0.515001725471	0.50249258579	2.04625168197	1.4846542581	1.07166156114	0.837975857902	0.391856703722	0.407698482359	1.99425126631	1.01608045916	0.462804064766	0.621023987434	0.821106230063	0.974351077815	0.846490521991	0.724743968101	0.453745016916	0.438620275495	1.20379367327	0.933484050266	0.472319299178	0.864611295312	0.513950135331	0.998950188497	0.751752078299	1.48892451426	1.39127544708	0.872119531174	0.727646346061	0.539042252296	1.23370691638	0.955883562107	1.0890858869	1.01541312228	1.04082023683	1.07787182214	0.801136602223	0.76539579507	0.812973629773	0.766940811986	0.818463035283	1.11427877235	0.890584195263	0.976416655389	0.551955311745	0.979664987917
AF4	0.765666317061	0.449809188014	2.27626531174	0.976430720155	0.348585031416	0.485760101498	0.918151788304	0.619448144031	0.782596288062	0.663933910101	0.843420260996	0.0	0.584086041566	1.9494262059	0.523993218946	0.581423557274	0.811174639923	0.78196157564	1.65132554374	1.08911343644	0.970691256646	0.785919009183	1.02027471242	0.967388786854	1.4950800725	0.689908695022	0.884092010633	0.837835045916	0.778940681489	0.784394422426	1.02495526825	0.916320845819	0.744378511358	0.737944722088	0.802752165297	0.522022455292	0.759194726921	0.617383629773	0.677007361044	0.579460531658	0.546478535524	1.21292958917	1.13246563557	0.531899850169	0.908926104398	0.851251686805	0.831207660706	0.749469874335	0.590595050749	0.653952136298	0.936281222813	0.794864610923	0.57693777187	0.638045877235	0.704174780087	0.635869840503	0.642313765104	0.728855089415	0.673111947801	0.710909937168	0.651656481392	0.744816065732
AG3	0.746364644756	0.431762034799	2.32199463992	0.934503682939	0.775452503625	0.402164171097	1.03532938134	0.479618090865	0.565848767521	0.779209772837	0.667977003383	0.584086041566	0.0	1.98003920735	0.490605679072	0.557110294828	0.544234185597	0.518031851136	1.773610145	1.20663431609	0.943717269212	0.637367631706	0.706739275012	0.668302435959	1.64349194297	0.719509159014	0.601588231029	0.57790781537	0.679582025133	0.785023131948	0.834998042533	0.685733131948	0.575292653456	0.516562431126	1.02139919285	0.722964291928	0.697133663606	0.66197298695	0.548850715321	0.685642445626	0.483431865636	1.29457530208	1.19535134848	0.600610869985	0.854859840503	0.770810700822	1.00984176414	0.76752618173	0.811663286612	0.771341464476	0.951815732238	0.876631483809	0.594615732238	0.626952595457	0.686474451426	0.578265345578	0.463872953117	0.901835650072	0.547553591107	0.765881130981	0.39659557274	0.792141304978
AG4	1.91210190913	1.91070419043	0.374038641856	1.08062208797	1.84419049299	2.06037681489	1.58311077332	1.97027494925	2.00272057032	1.74272595457	2.16838042533	1.9494262059	1.98003920735	0.0	1.80915664089	1.90403193813	2.14210649106	2.13364165297	0.878469371677	1.1600879362	1.62521098598	1.79062087482	2.05046489125	2.06055064282	1.64654169647	1.83976534074	2.02100152247	1.95594880135	1.56189475592	1.48608782987	2.12728035283	2.08648276945	1.93100993717	2.0403862784	2.24975365394	2.13694138231	2.27458941034	1.61971417593	2.19870524408	1.92987528275	2.03133244563	1.00148578057	1.10289955534	1.7247942436	2.40409077332	2.29297570807	2.32315059932	2.33890655872	2.20650590623	2.2649681537	2.46070554374	2.37438862252	2.21703126631	2.24670797487	2.29355412276	2.1954379507	1.95601526341	2.30262544224	1.95772205897	2.29984309328	2.08091860802	2.35166251329
AH3	0.762917051716	0.298853494442	2.12822619623	0.837658535524	0.635835785404	0.637806669889	0.780084021266	0.580724456259	0.714613025616	0.549262653456	0.899543455776	0.523993218946	0.490605679072	1.80915664089	0.0	0.526406568391	0.738988032866	0.727541193813	1.56123556307	1.01710747704	0.865585712905	0.713832324795	0.895118496858	0.845760758821	1.48340462059	0.724827675205	0.778727375544	0.718802745288	0.649478820686	0.674123426776	1.00632003867	0.873968922185	0.654868047366	0.684604949251	1.03339397777	0.75466621073	0.864609859836	0.490521072982	0.752813214113	0.585528598357	0.549998521025	1.06596158047	0.952801416143	0.440432295795	1.05348209763	0.972550115998	1.04487326245	0.911087501208	0.831641445143	0.850068680522	1.07649397777	0.975023117448	0.755787394877	0.793668095698	0.830886423393	0.7101760029	0.53047857419	0.917273702272	0.577500314161	0.884203156114	0.635311053649	0.924060159497
AH4	0.296048405027	0.346416795553	2.23325482359	0.915568255196	0.711064528758	0.623096350894	0.835908318028	0.620469729338	0.76502439826	0.585504639923	0.882534258096	0.581423557274	0.557110294828	1.90403193813	0.526406568391	0.0	0.665685360077	0.637893823103	1.50300676172	1.00174508458	0.820080826486	0.597386703722	0.809484108265	0.747871570807	1.40356341711	0.537132590623	0.696474243596	0.590228849686	0.644306452392	0.665993765104	0.768516379894	0.624346752054	0.710241111648	0.696765311745	0.995331865636	0.738312141131	0.813908898018	0.635222460126	0.663665340744	0.474054983084	0.406528627356	1.20750554857	1.10743762204	0.531345804737	0.992552358627	0.947195505075	0.946600159497	0.84573882552	0.777322803287	0.751324731754	1.02491625423	0.888308110198	0.593928762687	0.645416143064	0.702239893668	0.545070546158	0.384395582407	0.837782261962	0.381624040599	0.792690691155	0.564413262446	0.856382677622
AA7	0.815613107782	0.667126234896	2.4599361914	1.18729465926	0.962543924601	0.599575456742	1.2001077042	0.535772083132	0.489854610923	0.909050869985	0.515001725471	0.811174639923	0.544234185597	2.14210649106	0.738988032866	0.665685360077	0.0	0.136267535041	1.82428579024	1.2999782552	1.02045813436	0.697830971484	0.45753738521	0.441477965201	1.76485046883	0.831101836636	0.390012846786	0.429625538908	0.762902029966	0.883616814886	0.639086737554	0.433247781537	0.491553267279	0.51095040116	1.18654442726	0.935463697438	0.513389917835	0.820540347994	0.494157332044	0.873126955051	0.648707481875	1.45221331561	1.3595962929	0.806821923635	0.819594857419	0.64339138231	1.10522226196	0.845124456259	1.02003438859	0.937243876269	0.919534567424	0.957170086999	0.70790041566	0.661982904785	0.689946539391	0.638573934268	0.527654504592	0.992050347994	0.609834349927	0.909359366844	0.465808453359	0.871387680039
AA8	0.772709980667	0.625195239246	2.45135168197	1.17631300145	0.938081532141	0.550500671822	1.1735060464	0.49117956984	0.487911000483	0.882032914451	0.50249258579	0.78196157564	0.518031851136	2.13364165297	0.727541193813	0.637893823103	0.136267535041	0.0	1.82299713388	1.28461709038	0.968883436443	0.642370869985	0.455684842919	0.44145059449	1.73781463992	0.792221870469	0.383865901402	0.379459221846	0.718231353311	0.828825384244	0.604058303528	0.382860236829	0.462299797003	0.473443069116	1.15499958917	0.904189695505	0.506372590623	0.792942266796	0.448115190913	0.846068342194	0.615349110681	1.4448359304	1.34886873852	0.754565099082	0.757890144998	0.626935853069	1.08727388594	0.832348153697	0.997166534558	0.913421822136	0.91344942001	0.946544340261	0.671061435476	0.634985142581	0.669748806187	0.614042339294	0.53109178347	0.97861839536	0.603068651522	0.887389560174	0.413425142581	0.857236123731
AB7	1.47761357177	1.59966573224	1.11194045433	1.02863690188	1.49382403093	1.82964503625	1.353520116	1.8172378637	1.94054124215	1.46341065732	2.04625168197	1.65132554374	1.773610145	0.878469371677	1.56123556307	1.50300676172	1.82428579024	1.82299713388	0.0	0.625339125181	1.49952185597	1.55257227646	1.92675961817	1.89873323828	1.12446384727	1.4676161334	1.84022512325	1.71745312711	1.37797354277	1.22487298695	1.7361821653	1.6987281972	1.84134740938	1.8977858869	1.89765256646	1.82351281295	1.97034255196	1.46168007733	1.89055733204	1.50896907202	1.64026098598	0.983968859352	1.03625686322	1.48106508458	2.15412713388	2.11378494442	1.94442565491	1.99789755437	1.85012374577	1.8816020783	2.13398283229	2.0121777042	1.82175436443	1.84733461092	1.89906736104	1.79341360561	1.6321017448	1.91500998067	1.61164880135	1.92309248429	1.79005507492	1.99450046883
AB8	1.00582058482	1.04211491058	1.47088914935	0.502463779604	1.00759315128	1.26740427743	0.834601126148	1.25777257129	1.39698765587	0.932055128081	1.4846542581	1.08911343644	1.20663431609	1.1600879362	1.01710747704	1.00174508458	1.2999782552	1.28461709038	0.625339125181	0.0	0.994920642823	1.0215338956	1.36722320928	1.33532484292	1.09955100532	0.928403552441	1.28658321411	1.16879777187	0.790043639439	0.671531522475	1.24308354277	1.19580128081	1.29969494442	1.35224369744	1.44826365877	1.31302636056	1.45469514258	0.920524364427	1.36591302562	0.998064349927	1.12416139681	0.690701372644	0.666764765587	0.934531237313	1.63893717255	1.57969594973	1.5296160899	1.50541604157	1.38586938618	1.40712009183	1.64069740454	1.55255918801	1.34654863702	1.36053282745	1.41314643789	1.31570546158	1.11533990333	1.484240116	1.11626336394	1.4309077332	1.24070292895	1.50850004833
AC7	0.833175176414	0.870426205897	1.94084260996	0.934719647173	1.05476108265	0.935882551957	0.849081817303	0.87017582407	0.978590695988	0.765914668922	1.07166156114	0.970691256646	0.943717269212	1.62521098598	0.865585712905	0.820080826486	1.02045813436	0.968883436443	1.49952185597	0.994920642823	0.0	0.420191503142	0.948846578057	0.937915741904	1.40852280329	0.716824108265	0.902993765104	0.793729125181	0.552980135331	0.527305592073	0.87127881102	0.80713961334	0.867245563074	0.907690072499	1.29393395843	1.11888381344	1.12964400193	0.741758115031	1.06083837603	0.958548540358	0.937300144998	1.12450654906	1.08897053166	0.705451290478	1.12358276462	1.05022751571	1.48790525858	1.40020518125	1.26251402127	1.28535361044	1.56750144998	1.4653082987	1.12695410343	1.17717220396	1.24168752537	1.09538438376	0.912600894152	1.39947677622	0.893304035766	1.30887679555	0.953328250362	1.40887642823
AC8	0.687430575157	0.620573668439	2.11027131948	0.922917211213	0.958515650072	0.658481565974	0.875586824553	0.585507356211	0.715496698888	0.67969320928	0.837975857902	0.785919009183	0.637367631706	1.79062087482	0.713832324795	0.597386703722	0.697830971484	0.642370869985	1.55257227646	1.0215338956	0.420191503142	0.0	0.671115287579	0.64728222813	1.47615652006	0.596310149831	0.544126495892	0.424337883035	0.425927810536	0.494449139681	0.641483160947	0.518034441759	0.599708569357	0.644123305945	1.16652680522	0.853718284195	0.833023499275	0.635734818753	0.751582155631	0.785886346061	0.674462029966	1.13350585307	1.06576222813	0.602932498792	0.919712431126	0.840107796037	1.30042040599	1.08210090865	1.04597147898	1.0254298695	1.2472458289	1.16820944901	0.840490768487	0.860429603673	0.929147380377	0.821701561141	0.56879658289	1.18255200097	0.596462305462	0.998837095215	0.641775152247	1.093050116
AD7	0.894848144031	0.830436070565	2.36876384244	1.13962293862	1.21913197197	0.698077375544	1.25068362011	0.563365853069	0.438281362977	0.991087530208	0.391856703722	1.02027471242	0.706739275012	2.05046489125	0.895118496858	0.809484108265	0.45753738521	0.455684842919	1.92675961817	1.36722320928	0.948846578057	0.671115287579	0.0	0.157858115031	1.88389338328	0.867868540358	0.314229110681	0.440027148381	0.673965108748	0.825643663606	0.719629980667	0.558822508458	0.463760531658	0.515427641373	1.35989484292	1.07415316578	0.628988153697	0.872678052199	0.662033257612	1.04063911068	0.838433895602	1.3651741711	1.27929902368	0.898694224263	0.856469729338	0.672486128565	1.36202760271	1.08702493475	1.2320617013	1.17150833736	1.15467036733	1.22174944418	0.959276824553	0.912941333978	0.934774325761	0.909779439343	0.718042687289	1.26527113581	0.78222262929	1.13884755921	0.628556133398	1.11246152731
AD8	0.879816360561	0.768375248913	2.37872656839	1.12731165781	1.15763557757	0.660907728371	1.21426501208	0.506720497825	0.431874654422	0.938041362977	0.407698482359	0.967388786854	0.668302435959	2.06055064282	0.845760758821	0.747871570807	0.441477965201	0.44145059449	1.89873323828	1.33532484292	0.937915741904	0.64728222813	0.157858115031	0.0	1.82238652972	0.805412252296	0.315744229096	0.432511430643	0.651293837603	0.796775592073	0.708797356211	0.547521145481	0.464439961334	0.47930637506	1.31667692122	1.02625356211	0.584652319961	0.824553943934	0.624611536974	0.978706747221	0.781621222813	1.3756300435	1.28021308845	0.838212078299	0.805011633639	0.633027365877	1.31022827936	1.03152754471	1.1743681392	1.10481239729	1.11184456742	1.1714839246	0.904085108748	0.856723122281	0.880448690188	0.851060811986	0.674116355727	1.20941518608	0.759293687772	1.07413126148	0.598997477042	1.05539286612
AE7	1.35547626873	1.52613732238	1.88904832286	1.32690156114	1.32071306912	1.68282847753	1.24299776704	1.7489220493	1.90209920251	1.31176930401	1.99425126631	1.4950800725	1.64349194297	1.64654169647	1.48340462059	1.40356341711	1.76485046883	1.73781463992	1.12446384727	1.09955100532	1.40852280329	1.47615652006	1.88389338328	1.82238652972	0.0	1.04059316578	1.80739740938	1.66045752537	1.38330938618	1.31555285162	1.57354176897	1.57725510875	1.80557833253	1.83272042533	1.71072869986	1.71117702755	1.90610707588	1.47720857419	1.81989331078	1.35259958917	1.54689201547	1.47180135814	1.4678482117	1.41680741421	1.99015464476	1.9956318753	1.70737210246	1.84368518125	1.65468648139	1.69452174964	2.00751104882	1.81318530208	1.64995508942	1.67969182697	1.73385093765	1.59170585307	1.58869296762	1.70674100048	1.52366663606	1.76079618656	1.71174204447	1.82418583374
AE8	0.597271348478	0.633670246496	2.15833515708	0.936390299662	0.805449260512	0.733444572257	0.842255340744	0.760732634123	0.920752522958	0.611439115515	1.01608045916	0.689908695022	0.719509159014	1.83976534074	0.724827675205	0.537132590623	0.831101836636	0.792221870469	1.4676161334	0.928403552441	0.716824108265	0.596310149831	0.867868540358	0.805412252296	1.04059316578	0.0	0.818899507008	0.683399536008	0.624352373127	0.588669690672	0.757932440793	0.69519419043	0.82356820203	0.845123924601	1.10554653456	0.895807825036	0.933276829386	0.67963222813	0.862627549541	0.628003929435	0.64018381827	1.18100105848	1.099889739	0.624249289512	1.09860260996	1.07233905752	1.14002360561	1.07543765104	0.947203823103	0.971937931368	1.25802301595	1.14694737071	0.856177689705	0.87212222813	0.945005311745	0.814177114548	0.686969352344	1.07540005317	0.672803948768	0.999490434993	0.758960932818	1.08538652006
AF7	0.78400118898	0.685273678105	2.33894515225	1.11288971	1.05844759787	0.591067307878	1.17600653456	0.455338849686	0.390131894635	0.879136070565	0.462804064766	0.884092010633	0.601588231029	2.02100152247	0.778727375544	0.696474243596	0.390012846786	0.383865901402	1.84022512325	1.28658321411	0.902993765104	0.544126495892	0.314229110681	0.315744229096	1.80739740938	0.818899507008	0.0	0.239196539391	0.621419942001	0.757868637023	0.687958840019	0.534264794587	0.387133769937	0.442421672305	1.21434931851	0.931170251329	0.546289250846	0.75228179797	0.574660289995	0.906574185597	0.689985355244	1.34453511358	1.24627318028	0.748350797487	0.822262087965	0.647103310778	1.25179287579	0.985574760754	1.07640854036	1.04147851136	1.05758001933	1.11553694055	0.834555263412	0.815913160947	0.848335567907	0.807396853552	0.583015442243	1.14348877235	0.653272783954	1.00852016916	0.518170106332	1.00653818753
AF8	0.678790671822	0.624195563074	2.27499964234	1.03616463509	1.0076098985	0.587005877235	1.05823149348	0.45437377477	0.500100642823	0.767637046883	0.621023987434	0.837835045916	0.57790781537	1.95594880135	0.718802745288	0.590228849686	0.429625538908	0.379459221846	1.71745312711	1.16879777187	0.793729125181	0.424337883035	0.440027148381	0.432511430643	1.66045752537	0.683399536008	0.239196539391	0.0	0.548544523925	0.677882624456	0.630549966167	0.452803827936	0.439028579024	0.460875959401	1.15257731271	0.86773420493	0.593412150797	0.717969763171	0.544265790237	0.813397617206	0.624183537941	1.28200731271	1.17818673272	0.690170739488	0.834094751087	0.73251337361	1.20839429676	0.961832063799	1.01349144998	0.989823769937	1.02585344611	1.07481941518	0.782000618656	0.775999830836	0.820295065249	0.761756515225	0.498840855486	1.09400879169	0.548563426776	0.961978786854	0.483372416626	0.978373441276
AG7	0.713831000483	0.621031947801	1.87257630739	0.638571971967	0.882295679072	0.688318163364	0.850386892218	0.585896462059	0.690194407927	0.630659917835	0.821106230063	0.778940681489	0.679582025133	1.56189475592	0.649478820686	0.644306452392	0.762902029966	0.718231353311	1.37797354277	0.790043639439	0.552980135331	0.425927810536	0.673965108748	0.651293837603	1.38330938618	0.624352373127	0.621419942001	0.548544523925	0.0	0.230714717255	0.804341111648	0.686187684872	0.599762827453	0.697280966651	1.25824991783	0.933528985017	0.896917380377	0.498565055582	0.811054287095	0.802195519575	0.693816964717	0.955618545191	0.85151520058	0.500851222813	1.05183181247	0.955666162397	1.33115725471	1.12208064766	1.12217007733	1.10310867086	1.28193725471	1.19973075399	0.910754509425	0.92394739971	0.981715181247	0.892997907202	0.652252696955	1.22059156597	0.678546742388	1.10049913485	0.705597114548	1.14622397777
AG8	0.690771285645	0.688527999033	1.80709059932	0.65588298695	0.883427341711	0.782044983084	0.746192667956	0.718088211696	0.852639748671	0.622099342678	0.974351077815	0.784394422426	0.785023131948	1.48608782987	0.674123426776	0.665993765104	0.883616814886	0.828825384244	1.22487298695	0.671531522475	0.527305592073	0.494449139681	0.825643663606	0.796775592073	1.31555285162	0.588669690672	0.757868637023	0.677882624456	0.230714717255	0.0	0.862678893185	0.774359144514	0.752927201547	0.809131527308	1.25390139681	0.990787307878	0.994176824553	0.478230763654	0.920754040599	0.804771793137	0.764414378927	0.903627249879	0.833213861769	0.499314958917	1.14577232963	1.06219275012	1.34150189947	1.21097111165	1.14001205413	1.15972683905	1.38327960851	1.29023546641	0.997101367811	1.00866376027	1.07114982117	0.972464939584	0.746516307395	1.23568845819	0.7498660029	1.18078312228	0.828349357177	1.23152495892
AH7	0.769403257612	0.875077167714	2.42601136781	1.29011927985	1.16646549058	0.813972875785	1.16723525375	0.802874084099	0.888811720638	0.957316814886	0.846490521991	1.02495526825	0.834998042533	2.12728035283	1.00632003867	0.768516379894	0.639086737554	0.604058303528	1.7361821653	1.24308354277	0.87127881102	0.641483160947	0.719629980667	0.708797356211	1.57354176897	0.757932440793	0.687958840019	0.630549966167	0.804341111648	0.862678893185	0.0	0.272298376027	0.862471556307	0.873025413243	1.17053935234	0.996448269695	0.803557970034	0.969156713388	0.779429608507	0.958330850652	0.80252282262	1.46073708555	1.39136053649	0.928483547608	0.940299333011	0.907562160464	1.28298508458	1.04290240696	1.15362891735	1.05910578057	1.17476086032	1.14264070082	0.861760898985	0.819746027066	0.837233064282	0.806381193813	0.76419780087	1.18693690188	0.770999772837	1.01148511841	0.716564064766	1.05454259546
AH8	0.678635737071	0.730150923151	2.40052467859	1.18085797487	1.04747063316	0.680812692122	1.10091392943	0.642336133398	0.709789855002	0.8524400145	0.724743968101	0.916320845819	0.685733131948	2.08648276945	0.873968922185	0.624346752054	0.433247781537	0.382860236829	1.6987281972	1.19580128081	0.80713961334	0.518034441759	0.558822508458	0.547521145481	1.57725510875	0.69519419043	0.534264794587	0.452803827936	0.686187684872	0.774359144514	0.272298376027	0.0	0.682669052682	0.678872054132	1.15510668922	0.924448753021	0.692151561141	0.874301324311	0.616264137264	0.852687544708	0.679598569357	1.40068841469	1.3243079507	0.816833465442	0.850320309328	0.781379154181	1.18593403577	0.942794006767	1.0487201885	0.95932102465	1.05329161914	1.05722782504	0.738983073949	0.714082740454	0.744605456742	0.695706742388	0.612557636539	1.0876621508	0.630577172547	0.916231246979	0.545235355244	0.962442595457
AA5	0.847325205413	0.588911962301	2.25057576124	1.04070200097	0.946664876752	0.521118525858	1.12529104398	0.316071846303	0.258032624456	0.834039342678	0.453745016916	0.744378511358	0.575292653456	1.93100993717	0.654868047366	0.710241111648	0.491553267279	0.462299797003	1.84134740938	1.29969494442	0.867245563074	0.599708569357	0.463760531658	0.464439961334	1.80557833253	0.82356820203	0.387133769937	0.439028579024	0.599762827453	0.752927201547	0.862471556307	0.682669052682	0.0	0.248273479942	1.224350116	0.876645925568	0.601331275979	0.619675297245	0.598491498308	0.821953658772	0.6476319913	1.20518860319	1.11543536974	0.630457733204	0.804181609473	0.620423779604	1.28949791687	1.02464287579	1.07083532141	1.05165368294	1.10864928468	1.16004817786	0.844067225713	0.840818849686	0.860310024166	0.822067839536	0.582095698405	1.17903111648	0.664559178347	1.0199418753	0.548739816336	1.05209737071
AA6	0.831986457226	0.576848883519	2.36194479459	1.10664657806	0.941691106815	0.424095630739	1.12274809087	0.3329820203	0.320777346544	0.844417365877	0.438620275495	0.737944722088	0.516562431126	2.0403862784	0.684604949251	0.696765311745	0.51095040116	0.473443069116	1.8977858869	1.35224369744	0.907690072499	0.644123305945	0.515427641373	0.47930637506	1.83272042533	0.845123924601	0.442421672305	0.460875959401	0.697280966651	0.809131527308	0.873025413243	0.678872054132	0.248273479942	0.0	1.09390742388	0.775287283712	0.509979671339	0.664291667472	0.481176056066	0.829366481392	0.585914789754	1.32144727405	1.21734794103	0.66791098115	0.614571986467	0.457599656839	1.17708405027	0.911916587724	0.942224229096	0.912111657806	1.00216509425	1.04404394877	0.717938240696	0.734147776704	0.764500952151	0.710699279845	0.590658429193	1.05604066216	0.672043040116	0.889789323345	0.46932958434	0.936481251812
AB5	1.06396928951	0.94830439826	2.56062551957	1.41253426293	0.839195814403	0.982181343644	1.22132695022	1.08992729821	1.23648680039	1.01372374577	1.20379367327	0.802752165297	1.02139919285	2.24975365394	1.03339397777	0.995331865636	1.18654442726	1.15499958917	1.89765256646	1.44826365877	1.29393395843	1.16652680522	1.35989484292	1.31667692122	1.71072869986	1.10554653456	1.21434931851	1.15257731271	1.25824991783	1.25390139681	1.17053935234	1.15510668922	1.224350116	1.09390742388	0.0	0.410298429193	0.959938337361	1.06278179797	0.947234519091	0.856995161914	0.870702725955	1.5908340696	1.49999232963	0.997570932818	0.924502252296	0.9734040261	0.796750053166	0.89013261479	0.728251778637	0.742743837603	1.05806344128	0.886778980184	0.79810060899	0.872097375544	0.939466549058	0.884858264862	1.03322952634	0.784747109715	1.01775120831	0.7904320203	0.993169594007	0.871808724021
AB6	0.877905060416	0.644166491058	2.45600836636	1.2233421943	0.745457211213	0.670860381827	1.04463057999	0.746477945868	0.911417564041	0.816822271629	0.933484050266	0.522022455292	0.722964291928	2.13694138231	0.75466621073	0.738312141131	0.935463697438	0.904189695505	1.82351281295	1.31302636056	1.11888381344	0.853718284195	1.07415316578	1.02625356211	1.71117702755	0.895807825036	0.931170251329	0.86773420493	0.933528985017	0.990787307878	0.996448269695	0.924448753021	0.876645925568	0.775287283712	0.410298429193	0.0	0.714012261962	0.789426365394	0.701184789754	0.706586437893	0.60324977767	1.41730869986	1.31598115998	0.71352258579	0.723975848236	0.731589038183	0.770100778154	0.660508704688	0.546662329628	0.521334388594	0.833660072499	0.7055880232	0.559419047849	0.648801169647	0.724016742388	0.662155853069	0.720077515708	0.672470584824	0.713280444659	0.554917515708	0.734098356694	0.651744214596
AC5	0.917099284679	0.721070053166	2.58976783954	1.35973899952	0.968965316578	0.558653958434	1.23589141614	0.524300144998	0.551970367327	0.947939067182	0.472319299178	0.759194726921	0.697133663606	2.27458941034	0.864609859836	0.813908898018	0.513389917835	0.506372590623	1.97034255196	1.45469514258	1.12964400193	0.833023499275	0.628988153697	0.584652319961	1.90610707588	0.933276829386	0.546289250846	0.593412150797	0.896917380377	0.994176824553	0.803557970034	0.692151561141	0.601331275979	0.509979671339	0.959938337361	0.714012261962	0.0	0.816881923635	0.407804610923	0.878738777187	0.668235389077	1.57846872402	1.46267147898	0.792852856452	0.551672286129	0.444817984534	1.00651831803	0.720299768004	0.878838177864	0.801146138231	0.797714876752	0.838495190913	0.609961440309	0.557676592557	0.578978757854	0.627757829869	0.715283716771	0.890895906235	0.79410419043	0.763451498308	0.529506220396	0.736493499275
AC6	0.787531773804	0.557087868536	1.93842722088	0.72107298695	0.704813117448	0.666552634123	0.688893127115	0.582798946351	0.744358767521	0.484738554857	0.864611295312	0.617383629773	0.66197298695	1.61971417593	0.490521072982	0.635222460126	0.820540347994	0.792942266796	1.46168007733	0.920524364427	0.741758115031	0.635734818753	0.872678052199	0.824553943934	1.47720857419	0.67963222813	0.75228179797	0.717969763171	0.498565055582	0.478230763654	0.969156713388	0.874301324311	0.619675297245	0.664291667472	1.06278179797	0.789426365394	0.816881923635	0.0	0.796573407443	0.638342537458	0.601342474625	0.803195674239	0.693163165781	0.304689250846	1.0314959594	0.941007332044	1.14993871435	1.07266788787	0.955901483809	0.972945403577	1.22006066699	1.12790087482	0.857433755437	0.881027950701	0.95409138231	0.834730260996	0.63012579507	1.04922236346	0.657500391493	1.00026652972	0.710437926535	1.08448690672
AD6	0.781176732721	0.577555514741	2.5258302175	1.21335255196	0.855636394393	0.455730062832	1.15840094732	0.455449695505	0.574816447559	0.881166152731	0.513950135331	0.677007361044	0.548850715321	2.19870524408	0.752813214113	0.663665340744	0.494157332044	0.448115190913	1.89055733204	1.36591302562	1.06083837603	0.751582155631	0.662033257612	0.624611536974	1.81989331078	0.862627549541	0.574660289995	0.544265790237	0.811054287095	0.920754040599	0.779429608507	0.616264137264	0.598491498308	0.481176056066	0.947234519091	0.701184789754	0.407804610923	0.796573407443	0.0	0.749085930401	0.451736143064	1.50309596423	1.40087177864	0.773516839053	0.622829763171	0.534778313195	0.898276365394	0.62967277912	0.800782895118	0.691935070082	0.72691020783	0.757808927018	0.496009908168	0.461142769454	0.499696205897	0.503097520541	0.569286955051	0.791502344128	0.63897921218	0.67536219913	0.358635181247	0.654692658289
AE5	0.563924325761	0.520031430643	2.2547397535	0.941227298212	0.619120478492	0.731227216046	0.770736070565	0.729841580474	0.931342107298	0.528361672305	0.998950188497	0.579460531658	0.685642445626	1.92987528275	0.585528598357	0.474054983084	0.873126955051	0.846068342194	1.50896907202	0.998064349927	0.958548540358	0.785886346061	1.04063911068	0.978706747221	1.35259958917	0.628003929435	0.906574185597	0.813397617206	0.802195519575	0.804771793137	0.958330850652	0.852687544708	0.821953658772	0.829366481392	0.856995161914	0.706586437893	0.878738777187	0.638342537458	0.749085930401	0.0	0.34196319478	1.16725897535	1.08061102948	0.547925234413	1.07270440309	1.06722569357	0.910721126148	0.874473943934	0.775434615756	0.739627583374	1.07935500725	0.926869366844	0.646681087482	0.702332450459	0.784014093765	0.626404446593	0.56380641856	0.858907462542	0.542898144031	0.802126959884	0.702160251329	0.87976661189
AE6	0.532679893668	0.386161981634	2.3565098405	1.0346957129	0.691381585307	0.502760106332	0.902145606573	0.517460425326	0.690136921218	0.630978351861	0.751752078299	0.546478535524	0.483431865636	2.03133244563	0.549998521025	0.406528627356	0.648707481875	0.615349110681	1.64026098598	1.12416139681	0.937300144998	0.674462029966	0.838433895602	0.781621222813	1.54689201547	0.64018381827	0.689985355244	0.624183537941	0.693816964717	0.764414378927	0.80252282262	0.679598569357	0.6476319913	0.585914789754	0.870702725955	0.60324977767	0.668235389077	0.601342474625	0.451736143064	0.34196319478	0.0	1.29370308845	1.18619485259	0.542883547608	0.85544901885	0.821018235863	0.879943305945	0.719276887385	0.682287564041	0.623137583374	0.903345799903	0.787796031899	0.464974103432	0.506457443209	0.583886278395	0.450765756404	0.412218226196	0.77239	0.412450077332	0.671559850169	0.436727090382	0.738088627356
AF5	1.24240468342	1.1823842871	1.30540899468	0.575030710488	1.14433967617	1.35395780087	0.84330377477	1.24496014983	1.30094719188	0.967213455776	1.48892451426	1.21292958917	1.29457530208	1.00148578057	1.06596158047	1.20750554857	1.45221331561	1.4448359304	0.983968859352	0.690701372644	1.12450654906	1.13350585307	1.3651741711	1.3756300435	1.47180135814	1.18100105848	1.34453511358	1.28200731271	0.955618545191	0.903627249879	1.46073708555	1.40068841469	1.20518860319	1.32144727405	1.5908340696	1.41730869986	1.57846872402	0.803195674239	1.50309596423	1.16725897535	1.29370308845	0.0	0.179115650072	0.941069700338	1.71390638473	1.60920596423	1.69199360561	1.65175553891	1.56898938618	1.60027407927	1.80136124215	1.72917265346	1.5090477477	1.55850281295	1.60987623006	1.49998145964	1.2275120638	1.66271972934	1.23657886902	1.61969628806	1.38785521508	1.66969526341
AF6	1.16480072015	1.07336678105	1.40120085549	0.488524649589	1.06940709038	1.24630574674	0.794080188497	1.14327238763	1.21827182214	0.86217817303	1.39127544708	1.13246563557	1.19535134848	1.10289955534	0.952801416143	1.10743762204	1.3595962929	1.34886873852	1.03625686322	0.666764765587	1.08897053166	1.06576222813	1.27929902368	1.28021308845	1.4678482117	1.099889739	1.24627318028	1.17818673272	0.85151520058	0.833213861769	1.39136053649	1.3243079507	1.11543536974	1.21734794103	1.49999232963	1.31598115998	1.46267147898	0.693163165781	1.40087177864	1.08061102948	1.18619485259	0.179115650072	0.0	0.832186520058	1.60592902368	1.50000598357	1.59991797487	1.56434063316	1.47939449009	1.50951158531	1.7038818608	1.63657380377	1.41026524408	1.45596608023	1.51320337361	1.40034300628	1.12455831803	1.568039768	1.13265148381	1.52333034316	1.28712858386	1.57803868536
AG5	0.675331735138	0.467270391493	2.04755345578	0.782424151764	0.616307974867	0.617136471725	0.681298530691	0.581411667472	0.750389188014	0.450032145964	0.872119531174	0.531899850169	0.600610869985	1.7247942436	0.440432295795	0.531345804737	0.806821923635	0.754565099082	1.48106508458	0.934531237313	0.705451290478	0.602932498792	0.898694224263	0.838212078299	1.41680741421	0.624249289512	0.748350797487	0.690170739488	0.500851222813	0.499314958917	0.928483547608	0.816833465442	0.630457733204	0.66791098115	0.997570932818	0.71352258579	0.792852856452	0.304689250846	0.773516839053	0.547925234413	0.542883547608	0.941069700338	0.832186520058	0.0	0.98361242146	0.930171498308	1.089379826	0.997529685839	0.874006713388	0.898234229096	1.16674357661	1.05225407927	0.738918704688	0.812181019816	0.885204712421	0.734046549058	0.567627863702	0.984810019333	0.578350057999	0.914023426776	0.672123455776	1.01426446109
