	AA3	AA4	AB3	AB4	AC3	AC4	AD3	AD4	AE3	AE4	AF3	AF4	AG3	AG4	AH3	AH4	AA7	AA8	AB7	AB8	AC7	AC8	AD7	AD8	AE7	AE8	AF7	AF8	AG7	AG8	AH7	AH8	AA5	AA6	AB5	AB6	AC5	AC6	AD6	AE5	AE6	AF5	AF6	AG5	AH5	AH6	AA1	AA2	AB1	AB2	AC1	AC2	AD1	AD2	AE1	AE2	AF1	AF2	AG1	AG2	AH1	AH2
AA3	0.0	0.502339971	2.21564637506	0.963890976317	0.820550082165	0.750317655872	0.894121512808	0.758579130014	0.895952870952	0.712730869986	0.965880091832	0.728524717255	0.735524722088	1.867150029	0.73052702755	0.27477460609	0.786164765587	0.75912842436	1.43303042049	1.03705095698	0.796749951667	0.640479913001	0.87781358144	0.838617129048	1.37501028033	0.598820724988	0.803007380377	0.653681348478	0.720685843403	0.678150212663	0.752535451909	0.663683136781	0.827996558724	0.8275080232	1.06466857902	0.875502097632	0.917221121315	0.707812938618	0.76862897535	0.562660961817	0.591300202997	1.2585160319	1.16156838569	0.702478902852	1.14598841953	1.07563500725	1.02010899952	0.934831904302	0.868375016916	0.833095060416	1.06396935718	0.968654113098	0.694522300628	0.73022677622	0.764863238279	0.662008583857	0.534790826486	0.914204548091	0.527237317545	0.87061279362	0.636278685355	0.945318680522
AA4	0.502339971	0.0	2.24693157564	0.921704954084	0.642265558241	0.541017143548	0.933614543258	0.464057535041	0.673038342194	0.669906249396	0.776880526825	0.45882500725	0.433033528275	1.89632196713	0.331561072982	0.311458724021	0.632764417593	0.644741793137	1.57332173997	1.10117158531	0.835765505075	0.623819719671	0.817259893668	0.791472953117	1.50629563557	0.624945248913	0.643860024166	0.60002338811	0.656507332044	0.690969410343	0.837855664572	0.702689139681	0.598154151764	0.580549308845	0.922740275495	0.666922029966	0.731981913968	0.52302261479	0.555102962784	0.484646587724	0.350495940068	1.23051869985	1.14370645239	0.471450231996	0.949055669406	0.845496756887	0.951059400677	0.788736853552	0.715486336394	0.733204920251	0.927983653939	0.839854161431	0.581585915901	0.624502000967	0.653219052682	0.559443363944	0.417266795553	0.822018487192	0.383031266312	0.735270889319	0.442955717738	0.782028366361
AB3	2.21564637506	2.24693157564	0.0	1.42877025616	2.15573798453	2.40187016916	1.90054804253	2.31477237796	2.35129589174	2.05242667956	2.51332952151	2.26962583374	2.3080082262	0.387741072982	2.14219278395	2.28074459642	2.45929336394	2.47335580474	1.16230788304	1.43112871919	1.94323748671	2.18147836153	2.39512869502	2.36924755437	1.89358587724	2.12579215563	2.36181263412	2.26722339294	1.84798530691	1.79515869502	2.43056572257	2.42928067666	2.26350763171	2.37790130981	2.53578021266	2.4561740116	2.61697304495	1.96972976317	2.52340131464	2.28377667472	2.37202315611	1.28539334944	1.35673489609	2.04154838086	2.74168623973	2.64892400193	2.65155560657	2.66132163364	2.49969594973	2.60007696955	2.75331407927	2.69126296278	2.55653920251	2.59667111165	2.59615260029	2.54915951184	2.3137418028	2.6510877622	2.29986870952	2.63050285162	2.37568052682	2.66604685355
AB4	0.963890976317	0.921704954084	1.42877025616	0.0	0.901126674722	1.06414300628	0.803167037216	1.04214458676	1.17394689222	0.80042658289	1.25389076849	0.948122324795	0.903976887385	1.06468630256	0.827721532141	0.951532339294	1.16979446593	1.18841636539	0.991828511358	0.500012721121	0.894811164814	0.943662904785	1.16145281295	1.13540913001	1.2693277332	0.892782711455	1.13140428226	1.01567202513	0.632949241179	0.572736510391	1.26504133398	1.18450988884	1.0822260754	1.13998132914	1.3718679072	1.22708064282	1.37386966167	0.733332798453	1.21336433059	0.962316945384	1.05076947801	0.591161082649	0.534060889319	0.782220444659	1.52023295795	1.42605694538	1.44775619623	1.38530712421	1.25980545191	1.34835410826	1.515869739	1.44250277912	1.25586251812	1.31516912035	1.32323976317	1.24443767521	1.03339331561	1.4041457709	1.01598690188	1.36126482359	1.06749892218	1.38744929918
AC3	0.820550082165	0.642265558241	2.15573798453	0.901126674722	0.0	0.755203040116	0.868840024166	0.808001150314	0.992973634606	0.671514668922	1.05235301595	0.353805374577	0.802809168681	1.81028237313	0.635829830836	0.756529492508	0.966423499275	0.980076341228	1.42377915901	1.03495296762	1.01242825036	0.993370971484	1.22175707105	1.20030084099	1.28132945868	0.801358144031	1.05546776704	1.01105729821	0.89418037216	0.868860778154	1.16415759787	1.0508042581	0.961975640406	0.956800947318	0.847618235863	0.74669460609	0.996442165297	0.714122788787	0.841912049299	0.597203127115	0.65441222813	1.1442760029	1.08315114065	0.631806945384	1.21400071532	1.1366658144	0.886034702755	0.900678429193	0.718177085549	0.818893098115	1.06297269212	0.924328013533	0.736310111165	0.830704320928	0.829429366844	0.736567046883	0.816691889802	0.864870657322	0.767002266796	0.86551638956	0.833086457226	0.91051462059
AC4	0.750317655872	0.541017143548	2.40187016916	1.06414300628	0.755203040116	0.0	1.15949079749	0.348481947801	0.492104804253	0.887222136298	0.371962899952	0.492186423393	0.461019072015	2.0524320928	0.696881039149	0.609101880135	0.518752667956	0.522584050266	1.82972464476	1.31821969067	0.917394693088	0.602932155631	0.641427061382	0.624462257129	1.71156706622	0.797703939101	0.530829647173	0.520729879169	0.722581362977	0.788145954567	0.785692460126	0.61603242146	0.508620555824	0.411768240696	0.978789241179	0.732865804737	0.552541570807	0.664232933784	0.395802542291	0.719073620106	0.477718438859	1.40244481392	1.32243665539	0.601005055582	0.736960033833	0.627423634606	1.0414437941	0.824319400677	0.800213881102	0.803208521025	0.857036495892	0.887977269212	0.588270589657	0.611134862252	0.642434040599	0.605912890285	0.567274707588	0.906991039149	0.595900106332	0.755335012083	0.429049101015	0.7685340261
AD3	0.894121512808	0.933614543258	1.90054804253	0.803167037216	0.868840024166	1.15949079749	0.0	1.04128213146	1.34443817303	0.379956964717	1.39172696955	0.965594910585	1.10372128565	1.5502417883	0.836342846786	0.969118351861	1.25187615756	1.22206294828	1.31882594973	0.830372991783	0.872316172064	0.987769536008	1.33207914451	1.27892546641	1.19392568391	0.86255760754	1.23695121315	1.11136474625	0.91079380377	0.807610913485	1.18882593523	1.14014162397	1.21486980667	1.19689000967	1.19262236829	1.06615172064	1.31751393427	0.748439265346	1.19362148864	0.836277902368	0.966811401643	0.871451638473	0.761286060899	0.800493359111	1.48193636056	1.40992012566	1.37611786854	1.34774055099	1.13092085065	1.20874537941	1.50406059449	1.38321668922	1.18575042533	1.251610058	1.25936295312	1.13047710488	1.01305432093	1.33086174964	1.00275632673	1.25336918318	1.14097303528	1.36839548574
AD4	0.758579130014	0.464057535041	2.31477237796	1.04214458676	0.808001150314	0.348481947801	1.04128213146	0.0	0.340623813436	0.734576843886	0.494058013533	0.578873040116	0.497415519575	1.96416511841	0.598135263412	0.59200118898	0.537123721605	0.545720903818	1.82071337844	1.30618198647	0.877933847269	0.548742561624	0.587203025616	0.557799545674	1.7418240261	0.803039149348	0.473338873852	0.442892165297	0.629378100532	0.736583397777	0.825019879169	0.647917307878	0.338961942968	0.321737341711	1.02915731754	0.764039603673	0.548069221846	0.562477501208	0.407275326245	0.694258313195	0.452343363944	1.28674067182	1.20331073465	0.527797752537	0.726212431126	0.602083707105	1.09690217496	0.877229980667	0.864958970517	0.880702416626	0.892021227646	0.95655178347	0.662780550991	0.616033823103	0.677927926535	0.667234142098	0.508864804253	0.971895935234	0.53553141131	0.821747341711	0.475824852586	0.814054224263
AE3	0.895952870952	0.673038342194	2.35129589174	1.17394689222	0.992973634606	0.492104804253	1.34443817303	0.340623813436	0.0	1.02804950217	0.372077834703	0.769094562591	0.614402542291	2.01262270662	0.784300913485	0.760373276945	0.506639927501	0.55065958434	1.98371902852	1.47971692605	1.02487292412	0.687586607057	0.437604838086	0.449245311745	1.93286911551	0.988677597873	0.418746988884	0.482784775254	0.748280541324	0.908564494925	0.910975321411	0.736866834219	0.288149178347	0.337076718221	1.20104734654	0.94649099565	0.551108753021	0.771623141614	0.547259101015	0.942565239246	0.655798226196	1.37199506042	1.32485352344	0.721100338328	0.799077423876	0.639890555824	1.25371106332	1.02645544708	1.05715868536	1.05572106815	1.01717520058	1.10909365394	0.821533325278	0.780465253746	0.835420246496	0.841005427743	0.676372445626	1.14167945868	0.717200908652	0.9944579797	0.605898100532	0.962931889802
AE4	0.712730869986	0.669906249396	2.05242667956	0.80042658289	0.671514668922	0.887222136298	0.379956964717	0.734576843886	1.02804950217	0.0	1.11669148381	0.712641338811	0.849809550507	1.70143686805	0.589883059449	0.715921464476	0.966005476075	0.940892634123	1.43542358144	0.943164185597	0.743129724505	0.718972348961	1.0389320493	0.996005727405	1.27083797003	0.623870405993	0.941793465442	0.810348206863	0.659869154181	0.622845480909	0.96117540841	0.86944901885	0.908242276462	0.896644441759	0.997582455292	0.862139415176	1.01457854519	0.501953407443	0.921393823103	0.61262080232	0.706840758821	0.969141459642	0.884352595457	0.516521333978	1.19844090382	1.12264345094	1.14787892218	1.11996662156	0.922554809087	1.00632491542	1.2689921653	1.15498141614	0.955346481392	0.983879221846	0.992914272595	0.901546191397	0.739948086032	1.11033556307	0.738167839536	1.02588643789	0.85810139681	1.1131299565
AF3	0.965880091832	0.776880526825	2.51332952151	1.25389076849	1.05235301595	0.371962899952	1.39172696955	0.494058013533	0.372077834703	1.11669148381	0.0	0.78821337361	0.678018028033	2.16937553407	0.9311940116	0.832215403577	0.48932521508	0.484048516191	2.04392037216	1.52975320445	1.06796593523	0.768235606573	0.438170666989	0.431770869985	1.96722964717	1.03282474142	0.467237844369	0.606112266796	0.85934921218	0.970354200097	0.830948690188	0.702909144514	0.485782711455	0.447321503142	1.15529352344	0.956212745288	0.45304881102	0.875659449009	0.468299265346	0.970769637506	0.712254649589	1.53420797487	1.47135881102	0.817312692122	0.694688366361	0.546500299662	1.21076692605	0.979500077332	1.05206575157	0.985816012566	0.979554697922	1.03347562591	0.760746887385	0.718509642339	0.757979937168	0.738501947801	0.783430057999	1.06739261479	0.825615244079	0.934283460609	0.602433673272	0.92086542291
AF4	0.728524717255	0.45882500725	2.26962583374	0.948122324795	0.353805374577	0.492186423393	0.965594910585	0.578873040116	0.769094562591	0.712641338811	0.78821337361	0.0	0.573804857419	1.92040605607	0.530690323828	0.615188844853	0.795649540841	0.816333199613	1.63283680039	1.13161439826	0.918918061866	0.7859720058	1.00418640889	0.977858753021	1.46255348961	0.670321101982	0.846628772354	0.803391913968	0.775420894152	0.762295306912	1.01816312711	0.908315606573	0.739956520058	0.718153842436	0.79918217013	0.565106969551	0.759073745771	0.60801818753	0.674051430643	0.542442460126	0.515066234896	1.24477116965	1.1691720783	0.52243702755	0.949358115031	0.858773083615	0.866525548574	0.759360652489	0.591627747704	0.6789160174	0.927453639439	0.8034739971	0.593068661189	0.668263615273	0.686599207347	0.617839913001	0.660959265346	0.7630519913	0.627053847269	0.711449304012	0.659294006767	0.757107312711
AG3	0.735524722088	0.433033528275	2.3080082262	0.903976887385	0.802809168681	0.461019072015	1.10372128565	0.497415519575	0.614402542291	0.849809550507	0.678018028033	0.573804857419	0.0	1.94266775254	0.504287709038	0.529385041083	0.546805592073	0.578686515225	1.76101581924	1.25248945384	0.913117718705	0.636217820203	0.711013286612	0.712866452392	1.61170285162	0.73224142581	0.580421672305	0.586003963267	0.702711609473	0.758402464959	0.852585954567	0.708232363461	0.580070599323	0.526558245529	1.0200818173	0.789985717738	0.737161474142	0.626333049783	0.572783711938	0.665333117448	0.460948308362	1.30697304012	1.22929559207	0.578873726438	0.906314823586	0.799301246979	1.01913166264	0.804533436443	0.809949966167	0.823277762204	0.93186720638	0.87668698405	0.597454562591	0.672277907202	0.700047883035	0.623976959884	0.488610376994	0.910478849686	0.477585287579	0.77324041566	0.425739531174	0.795934509425
AG4	1.867150029	1.89632196713	0.387741072982	1.06468630256	1.81028237313	2.0524320928	1.5502417883	1.96416511841	2.01262270662	1.70143686805	2.16937553407	1.92040605607	1.94266775254	0.0	1.79546897535	1.93038063316	2.12056009183	2.13328823586	0.912868269696	1.09809252779	1.60303714838	1.83780430643	2.05540871435	2.02748131948	1.63044724988	1.78429834219	2.02119050749	1.92508725955	1.50939274045	1.45191321411	2.11330923151	2.08722462059	1.91981432093	2.02705073465	2.20317395843	2.11832841469	2.27327460126	1.62567237313	2.17129745771	1.9319677332	2.01838461576	0.952922203963	1.01792535524	1.69241870469	2.39633290962	2.30223070082	2.29959414693	2.31095929435	2.14868760754	2.2475721073	2.40648642339	2.34175521025	2.20889061866	2.24591313195	2.25051645723	2.19768342678	1.96383774287	2.30230893185	1.95226368294	2.27757799903	2.02881079265	2.31797199613
AH3	0.73052702755	0.331561072982	2.14219278395	0.827721532141	0.635829830836	0.696881039149	0.836342846786	0.598135263412	0.784300913485	0.589883059449	0.9311940116	0.530690323828	0.504287709038	1.79546897535	0.0	0.546660753987	0.739629531174	0.778357133881	1.55150153697	1.06074684872	0.836316785887	0.73596318028	0.916209192847	0.910252131464	1.45836068149	0.70416979217	0.768840140164	0.728416486225	0.68094922668	0.668961048816	0.998410550991	0.866906036733	0.668597535041	0.703818733688	0.991132706622	0.771294867086	0.894220676655	0.502330270662	0.761893518608	0.57493038666	0.538586882552	1.0953201015	1.00803665056	0.46989340261	1.10047276945	0.999623736104	1.03337872402	0.903624151764	0.814781019816	0.876519574674	1.05160195263	0.974281855969	0.789997631706	0.834857583374	0.831455147414	0.758881420976	0.565887501208	0.943886365394	0.531608057032	0.883787960367	0.620943953601	0.90357102465
AH4	0.27477460609	0.311458724021	2.28074459642	0.951532339294	0.756529492508	0.609101880135	0.969118351861	0.59200118898	0.760373276945	0.715921464476	0.832215403577	0.615188844853	0.529385041083	1.93038063316	0.546660753987	0.0	0.616307829869	0.615897820203	1.5178338811	1.11002631706	0.854149893668	0.606386466892	0.759151232479	0.73040658289	1.44493690188	0.613765355244	0.639568153697	0.566121329145	0.680934823586	0.709335055582	0.749975519575	0.605521773804	0.698412953117	0.670365287579	1.01318678105	0.795478907685	0.791406737554	0.606369980667	0.613118371194	0.512201377477	0.415715234413	1.28912285645	1.20154400677	0.603749507008	1.0127322668	0.929266326728	0.950293359111	0.800497742871	0.794971788304	0.747069917835	0.929758753021	0.843135756404	0.589818037699	0.61212141131	0.655221053649	0.559623073949	0.38429098115	0.830820043499	0.366035790237	0.761678941518	0.459304214596	0.80097879652
AA7	0.786164765587	0.632764417593	2.45929336394	1.16979446593	0.966423499275	0.518752667956	1.25187615756	0.537123721605	0.506639927501	0.966005476075	0.48932521508	0.795649540841	0.546805592073	2.12056009183	0.739629531174	0.616307829869	0.0	0.146549130015	1.83584159497	1.35574030449	0.972677317545	0.636835118415	0.437761778637	0.450121527308	1.75397212663	0.836077747704	0.349168472692	0.423736244563	0.782538922185	0.878877974867	0.658400642823	0.443811401643	0.469116665056	0.471403837603	1.18529567424	0.990977061382	0.516563779604	0.776677820203	0.478190676655	0.84053318028	0.641124765587	1.47948259546	1.4100960899	0.764295558241	0.810948342194	0.663994630256	1.13048783954	0.891193914935	1.03479205897	0.967018115031	0.894641121315	0.960658627356	0.691373968101	0.659198714355	0.705070836153	0.689771773804	0.501184224263	0.984588936684	0.543052203963	0.929649835669	0.438425161914	0.844653450942
AA8	0.75912842436	0.644741793137	2.47335580474	1.18841636539	0.980076341228	0.522584050266	1.22206294828	0.545720903818	0.55065958434	0.940892634123	0.484048516191	0.816333199613	0.578686515225	2.13328823586	0.778357133881	0.615897820203	0.146549130015	0.0	1.8189220348	1.33559175447	0.941478221363	0.594616524891	0.439887264379	0.446512078299	1.72796250362	0.811650367327	0.356845181247	0.401764214596	0.783597525375	0.865977361044	0.574072798453	0.366986360561	0.496969855002	0.487512445626	1.16236512325	0.976298893185	0.524314552924	0.786668013533	0.475646060899	0.825899149348	0.644371082649	1.49154150797	1.42107544708	0.783693098115	0.789226616723	0.665752518125	1.14279227163	0.911413310778	1.02596782987	0.958249168681	0.908388366361	0.974500555824	0.67651099565	0.647561106815	0.692673856936	0.682881445143	0.509576331561	0.998207249879	0.556176278395	0.915738047366	0.437961609473	0.865457003383
AB7	1.43303042049	1.57332173997	1.16230788304	0.991828511358	1.42377915901	1.82972464476	1.31882594973	1.82071337844	1.98371902852	1.43542358144	2.04392037216	1.63283680039	1.76101581924	0.912868269696	1.55150153697	1.5178338811	1.83584159497	1.8189220348	0.0	0.570151952634	1.48930760271	1.61527782504	1.93392631223	1.89467728371	1.09431884485	1.41796217496	1.84187188497	1.7127059304	1.35568392943	1.21037208797	1.73066111648	1.72089926051	1.85472905752	1.9098881392	1.88192480909	1.82361310778	1.98880450459	1.46482912035	1.8725581102	1.50831119865	1.65460172064	1.00155697922	0.973652725955	1.51381329628	2.195419768	2.11871455292	1.923760116	1.95626838569	1.80107592557	1.84493328178	2.08011273079	1.98191727405	1.81969344611	1.86544258096	1.86198538424	1.81168660222	1.6650922958	1.9236602465	1.63357306428	1.90657731754	1.74172677622	1.97659746254
AB8	1.03705095698	1.10117158531	1.43112871919	0.500012721121	1.03495296762	1.31821969067	0.830372991783	1.30618198647	1.47971692605	0.943164185597	1.52975320445	1.13161439826	1.25248945384	1.09809252779	1.06074684872	1.11002631706	1.35574030449	1.33559175447	0.570151952634	0.0	0.987735534074	1.09824542774	1.42393269696	1.37847042533	1.12134940551	0.938676959884	1.33080544224	1.19558542291	0.829192508458	0.688947974867	1.28977874335	1.26923968101	1.3449918753	1.39508079749	1.45371126148	1.35088536008	1.4960259594	0.960383547608	1.39638791687	1.07849605607	1.20646635573	0.701653823103	0.629758550024	1.00404850652	1.70993827453	1.61428898985	1.57438403577	1.54344695988	1.36503210246	1.42668089415	1.67076251812	1.57994739004	1.41559239729	1.45255179797	1.44883390527	1.40026910101	1.19638875302	1.53781923635	1.18767059449	1.48592854519	1.25560896568	1.55385713871
AC7	0.796749951667	0.835765505075	1.94323748671	0.894811164814	1.01242825036	0.917394693088	0.872316172064	0.877933847269	1.02487292412	0.743129724505	1.06796593523	0.918918061866	0.913117718705	1.60303714838	0.836316785887	0.854149893668	0.972677317545	0.941478221363	1.48930760271	0.987735534074	0.0	0.466826152731	0.971235983567	0.915535896568	1.37801522475	0.66634701305	0.932968071532	0.777229105848	0.576932624456	0.533972798453	0.86281900435	0.798355224746	0.894354494925	0.899717626873	1.25265140648	1.13382841469	1.15725243596	0.708956520058	1.04038658289	0.931238260029	0.935149826003	1.15247449976	1.06318503625	0.714666070565	1.17127701788	1.07410443693	1.45921783954	1.39256343161	1.20687745771	1.24663664089	1.51257583857	1.42937042533	1.10835840019	1.18090243113	1.20066296278	1.09346690672	0.89119982117	1.38609066216	0.889958965684	1.26314686322	0.89126120348	1.38601262446
AC8	0.640479913001	0.623819719671	2.18147836153	0.943662904785	0.993370971484	0.602932155631	0.987769536008	0.548742561624	0.687586607057	0.718972348961	0.768235606573	0.7859720058	0.636217820203	1.83780430643	0.73596318028	0.606386466892	0.636835118415	0.594616524891	1.61527782504	1.09824542774	0.466826152731	0.0	0.624440792653	0.588676056066	1.51577256162	0.609801343644	0.524501329145	0.355238738521	0.518260884485	0.574375036249	0.612283291445	0.470055471242	0.566770362494	0.604236916385	1.13775092798	0.896640618656	0.804757612373	0.61792737071	0.692223310778	0.802270077332	0.663948284195	1.22504116481	1.14640067182	0.642084693088	0.935818453359	0.838664325761	1.29772641856	1.08909780087	1.04033993717	1.03025563074	1.164800145	1.14277813436	0.811397651039	0.837671193813	0.874018337361	0.823264639923	0.537582687289	1.16481719188	0.582342576124	0.975923281779	0.55652099565	1.04484546641
AD7	0.87781358144	0.817259893668	2.39512869502	1.16145281295	1.22175707105	0.641427061382	1.33207914451	0.587203025616	0.437604838086	1.0389320493	0.438170666989	1.00418640889	0.711013286612	2.05540871435	0.916209192847	0.759151232479	0.437761778637	0.439887264379	1.93392631223	1.42393269696	0.971235983567	0.624440792653	0.0	0.130853881102	1.87275689222	0.899281140648	0.347060807153	0.418523281779	0.718656747221	0.855987670372	0.722725785404	0.562884567424	0.463389801837	0.522058569357	1.34268967134	1.12633329145	0.617131928468	0.807873083615	0.640246655389	1.02484295312	0.828829734171	1.4257479507	1.34906615273	0.84458560174	0.857145461576	0.709357965201	1.36164552924	1.13400297245	1.22948254712	1.18323444176	1.11074878685	1.20420309328	0.928760270662	0.861221043983	0.92356901885	0.928928090865	0.690261894635	1.23545909618	0.7564319913	1.12571537458	0.6140379797	1.07374467376
AD8	0.838617129048	0.791472953117	2.36924755437	1.13540913001	1.20030084099	0.624462257129	1.27892546641	0.557799545674	0.449245311745	0.996005727405	0.431770869985	0.977858753021	0.712866452392	2.02748131948	0.910252131464	0.73040658289	0.450121527308	0.446512078299	1.89467728371	1.37847042533	0.915535896568	0.588676056066	0.130853881102	0.0	1.80251481392	0.827075137748	0.349745292412	0.408589439343	0.68745680522	0.804999647173	0.693557539874	0.545529565007	0.476479478009	0.506709888835	1.33035244563	1.11146760754	0.614819661672	0.792004905752	0.622806549058	0.995984876752	0.804356162397	1.40051220396	1.31795666989	0.814614775254	0.84329958434	0.698656950217	1.34595421943	1.12465906718	1.20262121315	1.15527471242	1.10925570807	1.19562139198	0.90986940551	0.847496694055	0.907893475109	0.910826756887	0.685422271629	1.21944565007	0.753180062832	1.09989823586	0.599643934268	1.06515085065
AE7	1.37501028033	1.50629563557	1.89358587724	1.2693277332	1.28132945868	1.71156706622	1.19392568391	1.7418240261	1.93286911551	1.27083797003	1.96722964717	1.46255348961	1.61170285162	1.63044724988	1.45836068149	1.44493690188	1.75397212663	1.72796250362	1.09431884485	1.12134940551	1.37801522475	1.51577256162	1.87275689222	1.80251481392	0.0	1.00345183664	1.79596636056	1.65079873369	1.37616220396	1.27213074915	1.56978521991	1.5948018753	1.80586678105	1.8241960609	1.68817090382	1.68636646206	1.91392389077	1.46299913968	1.80839496375	1.35939160947	1.59054609473	1.4681837506	1.40497740938	1.45867524408	2.03464767037	1.9821838086	1.70955537458	1.78557652972	1.60457733204	1.63992240213	1.95917449493	1.79398552441	1.66240478009	1.72900390043	1.70773836153	1.6129777622	1.60219449493	1.74614521991	1.56714361527	1.73378950217	1.66374116481	1.8318559594
AE8	0.598820724988	0.624945248913	2.12579215563	0.892782711455	0.801358144031	0.797703939101	0.86255760754	0.803039149348	0.988677597873	0.623870405993	1.03282474142	0.670321101982	0.73224142581	1.78429834219	0.70416979217	0.613765355244	0.836077747704	0.811650367327	1.41796217496	0.938676959884	0.66634701305	0.609801343644	0.899281140648	0.827075137748	1.00345183664	0.0	0.854454127598	0.705694668922	0.645972996617	0.563894852586	0.749696118898	0.715665360077	0.862722522958	0.877688893185	1.0885522233	0.929820753987	0.989867684872	0.660888685355	0.893446085065	0.640127776704	0.713479304012	1.18543296762	1.09729968584	0.664574717255	1.16941748671	1.08804884969	1.16436789754	1.10138341711	0.929872126631	0.983817264379	1.22686716288	1.15344356694	0.894236771387	0.943601546641	0.933191097148	0.872373426776	0.71504741421	1.11921684389	0.712170521991	0.995371208313	0.745601391977	1.10387140164
AF7	0.803007380377	0.643860024166	2.36181263412	1.13140428226	1.05546776704	0.530829647173	1.23695121315	0.473338873852	0.418746988884	0.941793465442	0.467237844369	0.846628772354	0.580421672305	2.02119050749	0.768840140164	0.639568153697	0.349168472692	0.356845181247	1.84187188497	1.33080544224	0.932968071532	0.524501329145	0.347060807153	0.349745292412	1.79596636056	0.854454127598	0.0	0.245927887869	0.692993784437	0.801805055582	0.692603489609	0.540698772354	0.406821348478	0.44010540841	1.18270314161	0.960827274045	0.521364722088	0.707613446109	0.526029734171	0.871886747221	0.663559956501	1.4024681972	1.32611957467	0.735568690188	0.827003378444	0.675676616723	1.22007937651	0.993045306912	1.06057946834	1.03896657806	0.980001957467	1.05646507975	0.79174842436	0.750029961334	0.805946326728	0.806617491542	0.552151208313	1.08806561624	0.599526099565	0.977285442243	0.465871672305	0.942614567424
AF8	0.653681348478	0.60002338811	2.26722339294	1.01567202513	1.01105729821	0.520729879169	1.11136474625	0.442892165297	0.482784775254	0.810348206863	0.606112266796	0.803391913968	0.586003963267	1.92508725955	0.728416486225	0.566121329145	0.423736244563	0.401764214596	1.7127059304	1.19558542291	0.777229105848	0.355238738521	0.418523281779	0.408589439343	1.65079873369	0.705694668922	0.245927887869	0.0	0.58119181247	0.673104968584	0.641960280329	0.460601720638	0.420006761721	0.456224838086	1.15310076365	0.921481773804	0.624067119381	0.635766930884	0.534601701305	0.798544021266	0.623902924118	1.29793908168	1.2161839536	0.669009618173	0.877503600773	0.7572780087	1.22984304978	1.01533556307	1.02780840019	1.02349936684	1.01037615756	1.0780641421	0.783066481392	0.765135480909	0.826808724021	0.798551846303	0.484581087482	1.09619993233	0.541026921218	0.960404291928	0.470452435959	0.961689221846
AG7	0.720685843403	0.656507332044	1.84798530691	0.632949241179	0.89418037216	0.722581362977	0.91079380377	0.629378100532	0.748280541324	0.659869154181	0.85934921218	0.775420894152	0.702711609473	1.50939274045	0.68094922668	0.680934823586	0.782538922185	0.783597525375	1.35568392943	0.829192508458	0.576932624456	0.518260884485	0.718656747221	0.68745680522	1.37616220396	0.645972996617	0.692993784437	0.58119181247	0.0	0.233589038183	0.848364610923	0.745867037216	0.644224209763	0.737602469792	1.25487857902	0.997861677139	0.949155838569	0.440567491542	0.831140628323	0.833159081682	0.742194494925	0.96584022233	0.880614519091	0.460638501692	1.13176945868	1.02154195263	1.3511158869	1.14960701788	1.12993987434	1.14292202513	1.25904478009	1.21375618656	0.97174181247	0.980439221846	0.996694514258	0.954527660706	0.70853318028	1.22803444176	0.716102010633	1.11250781054	0.725111391977	1.14706865152
AG8	0.678150212663	0.690969410343	1.79515869502	0.572736510391	0.868860778154	0.788145954567	0.807610913485	0.736583397777	0.908564494925	0.622845480909	0.970354200097	0.762295306912	0.758402464959	1.45191321411	0.668961048816	0.709335055582	0.878877974867	0.865977361044	1.21037208797	0.688947974867	0.533972798453	0.574375036249	0.855987670372	0.804999647173	1.27213074915	0.563894852586	0.801805055582	0.673104968584	0.233589038183	0.0	0.870508245529	0.813482358627	0.781973798937	0.831293325278	1.23644341228	1.03427065732	1.04206481875	0.456653668439	0.914056616723	0.792836239729	0.792031130981	0.927575369744	0.832793794103	0.502791599807	1.21817553891	1.10724108265	1.34279144031	1.23756321895	1.11375318511	1.17099045433	1.35439634123	1.29217561624	1.03287543258	1.04358228613	1.06156687772	1.01124514741	0.782842904785	1.25602376027	0.784311106815	1.17248430159	0.79682078782	1.22999332044
AH7	0.752535451909	0.837855664572	2.43056572257	1.26504133398	1.16415759787	0.785692460126	1.18882593523	0.825019879169	0.910975321411	0.96117540841	0.830948690188	1.01816312711	0.852585954567	2.11330923151	0.998410550991	0.749975519575	0.658400642823	0.574072798453	1.73066111648	1.28977874335	0.86281900435	0.612283291445	0.722725785404	0.693557539874	1.56978521991	0.749696118898	0.692603489609	0.641960280329	0.848364610923	0.870508245529	0.0	0.285621159981	0.874260990817	0.866055480909	1.16686694055	1.03868788304	0.808561503142	0.915307887869	0.772804823586	0.954590758821	0.832890985984	1.50152137264	1.42452607057	0.93449961334	1.00168543741	0.927979816336	1.29089235863	1.08598260029	1.15496400193	1.03258430643	1.13511297728	1.13577960851	0.828648482359	0.810857781537	0.838248956017	0.821092387627	0.724666027066	1.17041938134	0.770939942001	1.0144658579	0.690539850169	1.04500086999
AH8	0.663683136781	0.702689139681	2.42928067666	1.18450988884	1.0508042581	0.61603242146	1.14014162397	0.647917307878	0.736866834219	0.86944901885	0.702909144514	0.908315606573	0.708232363461	2.08722462059	0.866906036733	0.605521773804	0.443811401643	0.366986360561	1.72089926051	1.26923968101	0.798355224746	0.470055471242	0.562884567424	0.545529565007	1.5948018753	0.715665360077	0.540698772354	0.460601720638	0.745867037216	0.813482358627	0.285621159981	0.0	0.679700352827	0.659043794103	1.15431217013	0.975632870952	0.697452484292	0.827640589657	0.595757844369	0.856943692605	0.715659637506	1.45895315611	1.38491642339	0.8339139971	0.885693953601	0.799132353794	1.20224857902	0.988668593523	1.05880686322	0.953309217013	1.00367453359	1.05054957467	0.717023871435	0.698164934751	0.748926771387	0.721253808603	0.568072242629	1.07419658772	0.627644881585	0.9194339971	0.519729536008	0.941466756887
AA5	0.827996558724	0.598154151764	2.26350763171	1.0822260754	0.961975640406	0.508620555824	1.21486980667	0.338961942968	0.288149178347	0.908242276462	0.485782711455	0.739956520058	0.580070599323	1.91981432093	0.668597535041	0.698412953117	0.469116665056	0.496969855002	1.85472905752	1.3449918753	0.894354494925	0.566770362494	0.463389801837	0.476479478009	1.80586678105	0.862722522958	0.406821348478	0.420006761721	0.644224209763	0.781973798937	0.874260990817	0.679700352827	0.0	0.261852160464	1.21754217013	0.94432921218	0.630940241663	0.631110492992	0.587526268729	0.807321715805	0.635064543258	1.24773457226	1.19256160947	0.587130686322	0.826706669889	0.675020903818	1.30805656839	1.08704705172	1.07280623006	1.09239674239	1.08944166264	1.16612307395	0.851470285162	0.824047491542	0.871038279362	0.873888274529	0.574970053166	1.18484434509	0.604106394393	1.02581021266	0.550105326245	1.0288199275
AA6	0.8275080232	0.580549308845	2.37790130981	1.13998132914	0.956800947318	0.411768240696	1.19689000967	0.321737341711	0.337076718221	0.896644441759	0.447321503142	0.718153842436	0.526558245529	2.02705073465	0.703818733688	0.670365287579	0.471403837603	0.487512445626	1.9098881392	1.39508079749	0.899717626873	0.604236916385	0.522058569357	0.506709888835	1.8241960609	0.877688893185	0.44010540841	0.456224838086	0.737602469792	0.831293325278	0.866055480909	0.659043794103	0.261852160464	0.0	1.07730680039	0.833313890768	0.529763489609	0.667299560174	0.480612445626	0.808063852102	0.541451706138	1.35689657322	1.27544938134	0.62433497825	0.614459188014	0.47125738521	1.17884332528	0.970229758337	0.935655867569	0.936209946834	0.972441324311	1.02598923151	0.70839839536	0.709307307878	0.752273233446	0.729732605123	0.553810710488	1.04633428226	0.597771517641	0.872412107298	0.503978095698	0.909406365394
AB5	1.06466857902	0.922740275495	2.53578021266	1.3718679072	0.847618235863	0.978789241179	1.19262236829	1.02915731754	1.20104734654	0.997582455292	1.15529352344	0.79918217013	1.0200818173	2.20317395843	0.991132706622	1.01318678105	1.18529567424	1.16236512325	1.88192480909	1.45371126148	1.25265140648	1.13775092798	1.34268967134	1.33035244563	1.68817090382	1.0885522233	1.18270314161	1.15310076365	1.25487857902	1.23644341228	1.16686694055	1.15431217013	1.21754217013	1.07730680039	0.0	0.384913479942	0.940558699855	1.06625596907	0.954584668922	0.821883450942	0.83827118898	1.57156046399	1.50515247946	1.0344877912	0.989690840986	0.954055630739	0.839427409377	0.903556520058	0.714133678105	0.738637452876	1.0541081247	0.896795567907	0.791806723055	0.893871111648	0.883431314645	0.837888511358	1.01375049299	0.842041304978	0.980678608023	0.786620135331	1.01685012566	0.910181053649
AB6	0.875502097632	0.666922029966	2.4561740116	1.22708064282	0.74669460609	0.732865804737	1.06615172064	0.764039603673	0.94649099565	0.862139415176	0.956212745288	0.565106969551	0.789985717738	2.11832841469	0.771294867086	0.795478907685	0.990977061382	0.976298893185	1.82361310778	1.35088536008	1.13382841469	0.896640618656	1.12633329145	1.11146760754	1.68636646206	0.929820753987	0.960827274045	0.921481773804	0.997861677139	1.03427065732	1.03868788304	0.975632870952	0.94432921218	0.833313890768	0.384913479942	0.0	0.757426273562	0.795169951667	0.764583929435	0.690372522958	0.610065403577	1.44526340744	1.35833211696	0.755049758337	0.808259971	0.764664567424	0.769780647656	0.668022324795	0.519950299662	0.524970768487	0.822339632673	0.698502455292	0.588071899468	0.707663537941	0.708854180764	0.66209502175	0.762674422426	0.668609507008	0.724077143548	0.555707003383	0.808686447559	0.674233054616
AC5	0.917221121315	0.731981913968	2.61697304495	1.37386966167	0.996442165297	0.552541570807	1.31751393427	0.548069221846	0.551108753021	1.01457854519	0.45304881102	0.759073745771	0.737161474142	2.27327460126	0.894220676655	0.791406737554	0.516563779604	0.524314552924	1.98880450459	1.4960259594	1.15725243596	0.804757612373	0.617131928468	0.614819661672	1.91392389077	0.989867684872	0.521364722088	0.624067119381	0.949155838569	1.04206481875	0.808561503142	0.697452484292	0.630940241663	0.529763489609	0.940558699855	0.757426273562	0.0	0.800086752054	0.411315577574	0.877673547608	0.621838144031	1.63320014016	1.53779328661	0.828493315611	0.559740705655	0.449877510875	1.00457489609	0.787418158531	0.876602402127	0.815843750604	0.754725413243	0.815956085065	0.592809105848	0.509110024166	0.560875708072	0.621069453842	0.697379468342	0.869857897535	0.731822218463	0.757870676655	0.601203518608	0.721905911068
AC6	0.707812938618	0.52302261479	1.96972976317	0.733332798453	0.714122788787	0.664232933784	0.748439265346	0.562477501208	0.771623141614	0.501953407443	0.875659449009	0.60801818753	0.626333049783	1.62567237313	0.502330270662	0.606369980667	0.776677820203	0.786668013533	1.46482912035	0.960383547608	0.708956520058	0.61792737071	0.807873083615	0.792004905752	1.46299913968	0.660888685355	0.707613446109	0.635766930884	0.440567491542	0.456653668439	0.915307887869	0.827640589657	0.631110492992	0.667299560174	1.06625596907	0.795169951667	0.800086752054	0.0	0.773246988884	0.630918057032	0.590022740454	0.863401092315	0.768528342194	0.24534821653	1.04691035766	0.942593127115	1.17446051716	1.0584042146	0.944517245046	0.995547167714	1.16562971967	1.09158310778	0.848273238279	0.882451623973	0.910416592557	0.84015262929	0.593622025133	1.05805684872	0.580948506525	0.996137544708	0.664901735138	1.04311705172
AD6	0.76862897535	0.555102962784	2.52340131464	1.21336433059	0.841912049299	0.395802542291	1.19362148864	0.407275326245	0.547259101015	0.921393823103	0.468299265346	0.674051430643	0.572783711938	2.17129745771	0.761893518608	0.613118371194	0.478190676655	0.475646060899	1.8725581102	1.39638791687	1.04038658289	0.692223310778	0.640246655389	0.622806549058	1.80839496375	0.893446085065	0.526029734171	0.534601701305	0.831140628323	0.914056616723	0.772804823586	0.595757844369	0.587526268729	0.480612445626	0.954584668922	0.764583929435	0.411315577574	0.773246988884	0.0	0.715645529241	0.401403078782	1.52601589174	1.44065977767	0.754433726438	0.686390038666	0.583471918801	0.906344857419	0.691021904302	0.806866892218	0.73776341711	0.697613508942	0.753533054616	0.49765420493	0.439189468342	0.5084539826	0.479023107782	0.534594949251	0.778338356694	0.562616230063	0.682167742871	0.396236640889	0.630739255679
AE5	0.562660961817	0.484646587724	2.28377667472	0.962316945384	0.597203127115	0.719073620106	0.836277902368	0.694258313195	0.942565239246	0.61262080232	0.970769637506	0.542442460126	0.665333117448	1.9319677332	0.57493038666	0.512201377477	0.84053318028	0.825899149348	1.50831119865	1.07849605607	0.931238260029	0.802270077332	1.02484295312	0.995984876752	1.35939160947	0.640127776704	0.871886747221	0.798544021266	0.833159081682	0.792836239729	0.954590758821	0.856943692605	0.807321715805	0.808063852102	0.821883450942	0.690372522958	0.877673547608	0.630918057032	0.715645529241	0.0	0.381814630256	1.23118276462	1.14282607057	0.59448060899	1.11317909618	1.04107799903	0.866326578057	0.82758442726	0.718513890768	0.704795732238	0.98837962784	0.861299956501	0.612051488642	0.684848753021	0.717767544708	0.582679260512	0.569665311745	0.820932092798	0.511609908168	0.75674578057	0.638572609956	0.834698888352
AE6	0.591300202997	0.350495940068	2.37202315611	1.05076947801	0.65441222813	0.477718438859	0.966811401643	0.452343363944	0.655798226196	0.706840758821	0.712254649589	0.515066234896	0.460948308362	2.01838461576	0.538586882552	0.415715234413	0.641124765587	0.644371082649	1.65460172064	1.20646635573	0.935149826003	0.663948284195	0.828829734171	0.804356162397	1.59054609473	0.713479304012	0.663559956501	0.623902924118	0.742194494925	0.792031130981	0.832890985984	0.715659637506	0.635064543258	0.541451706138	0.83827118898	0.610065403577	0.621838144031	0.590022740454	0.401403078782	0.381814630256	0.0	1.3302079507	1.24077278395	0.548409661672	0.858049250846	0.774224973417	0.874631474142	0.69245160464	0.660976718221	0.648980029	0.82277319478	0.740493494442	0.457750913485	0.50826677622	0.541169250846	0.459132566457	0.413693678105	0.75490380377	0.394144238763	0.619171333978	0.44757258579	0.686095374577
AF5	1.2585160319	1.23051869985	1.28539334944	0.591161082649	1.1442760029	1.40244481392	0.871451638473	1.28674067182	1.37199506042	0.969141459642	1.53420797487	1.24477116965	1.30697304012	0.952922203963	1.0953201015	1.28912285645	1.47948259546	1.49154150797	1.00155697922	0.701653823103	1.15247449976	1.22504116481	1.4257479507	1.40051220396	1.4681837506	1.18543296762	1.4024681972	1.29793908168	0.96584022233	0.927575369744	1.50152137264	1.45895315611	1.24773457226	1.35689657322	1.57156046399	1.44526340744	1.63320014016	0.863401092315	1.52601589174	1.23118276462	1.3302079507	0.0	0.17058260029	0.954418221363	1.76037516191	1.66556867086	1.71676354277	1.68674240696	1.5488579507	1.62636671339	1.80118278879	1.74015677622	1.55408842436	1.61078778637	1.62575902852	1.55506709038	1.29263537458	1.69673965201	1.28228030933	1.63205534074	1.39404830836	1.67948177864
AF6	1.16156838569	1.14370645239	1.35673489609	0.534060889319	1.08315114065	1.32243665539	0.761286060899	1.20331073465	1.32485352344	0.884352595457	1.47135881102	1.1691720783	1.22929559207	1.01792535524	1.00803665056	1.20154400677	1.4100960899	1.42107544708	0.973652725955	0.629758550024	1.06318503625	1.14640067182	1.34906615273	1.31795666989	1.40497740938	1.09729968584	1.32611957467	1.2161839536	0.880614519091	0.832793794103	1.42452607057	1.38491642339	1.19256160947	1.27544938134	1.50515247946	1.35833211696	1.53779328661	0.768528342194	1.44065977767	1.14282607057	1.24077278395	0.17058260029	0.0	0.864429386177	1.67314280812	1.5765158144	1.63936759304	1.59844441759	1.4636257129	1.54416629773	1.71313598357	1.65953795553	1.46711853552	1.52402041083	1.53540294345	1.46774670372	1.21085879652	1.61658549058	1.20039111648	1.55084547124	1.30706286612	1.60161172547
AG5	0.702478902852	0.471450231996	2.04154838086	0.782220444659	0.631806945384	0.601005055582	0.800493359111	0.527797752537	0.721100338328	0.516521333978	0.817312692122	0.52243702755	0.578873726438	1.69241870469	0.46989340261	0.603749507008	0.764295558241	0.783693098115	1.51381329628	1.00404850652	0.714666070565	0.642084693088	0.84458560174	0.814614775254	1.45867524408	0.664574717255	0.735568690188	0.669009618173	0.460638501692	0.502791599807	0.93449961334	0.8339139971	0.587130686322	0.62433497825	1.0344877912	0.755049758337	0.828493315611	0.24534821653	0.754433726438	0.59448060899	0.548409661672	0.954418221363	0.864429386177	0.0	1.00153656356	0.908522165297	1.13053765587	1.00601184147	0.893865935234	0.914314069599	1.12630070082	1.04647088932	0.796733692605	0.827299676172	0.858294117931	0.776153798937	0.60223901885	1.00966321895	0.578064166264	0.914099458676	0.631675664572	0.998624610923
