	AA3	AA4	AB3	AB4	AC3	AC4	AD3	AD4	AE3	AE4	AF3	AF4	AG3	AG4	AH3	AH4	AA7	AA8	AB7	AB8	AC7	AC8	AD7	AD8	AE7	AE8	AF7	AF8	AG7	AG8	AH7	AH8	AA5	AA6	AB5	AB6	AC5	AC6	AD6	AE5	AE6	AF5	AF6	AG5	AH5	AH6	AA1	AA2	AB1	AB2	AC1	AC2	AD1	AD2	AE1	AE2	AF1	AF2	AG1	AG2	AH1	AH2
AA3	0.0	0.55893502175	2.26375570807	0.970158704688	0.841028888352	0.74873881102	0.911066945384	0.755697148381	0.874493905268	0.686652252296	0.967255920735	0.729530884485	0.696424683422	1.92201518608	0.716256950217	0.255934272595	0.734277409377	0.7577340116	1.44508955534	1.07267328178	0.816756578057	0.651761333978	0.89328637506	0.866530541324	1.37707565974	0.62572121798	0.779356872885	0.627493919768	0.700977728371	0.67679641856	0.762322537458	0.650302890285	0.847812049299	0.806870575157	1.06445827936	0.870229284679	0.970711082649	0.767498632189	0.805989299178	0.582362619623	0.532669250846	1.23949363461	1.14342547124	0.706263098115	1.06156708072	1.0967280522	0.968589062349	0.952413199613	0.871221271145	0.849693397777	1.07129522475	0.991999855002	0.615199289512	0.73104820203	0.761736868052	0.644799246013	0.511458003867	0.893679415176	0.496157481875	0.862997153214	0.644868100532	0.95131918318
AA4	0.55893502175	0.0	2.24032097632	0.891880811986	0.619241880135	0.526628458192	0.891383378444	0.458602503625	0.631333615273	0.590812049299	0.798102957951	0.439368177864	0.401146713388	1.90108335428	0.270912919285	0.361828260029	0.670570468826	0.665819589174	1.56153206863	1.09639734171	0.856095843403	0.656955640406	0.832605311745	0.811854833253	1.51105875302	0.651609173514	0.650406355727	0.644819980667	0.632249753504	0.687689072015	0.885033450942	0.734661807637	0.613823562107	0.584510488159	0.932809666506	0.661592068632	0.782831179314	0.48750537941	0.607847346544	0.581401749638	0.376586476559	1.16155884485	1.02402494925	0.451210521991	0.878510599323	0.876604040599	0.946938728855	0.827783736104	0.729043426776	0.775209115515	0.948445983567	0.893360850652	0.584604403093	0.656001000483	0.66370359594	0.606362590623	0.471217597873	0.812770628323	0.4430320203	0.716144113098	0.483551735138	0.813826636056
AB3	2.26375570807	2.24032097632	0.0	1.47418728855	2.15033595457	2.38781602707	1.88283550024	2.28264293862	2.33879006767	2.0835220928	2.53158781054	2.29130112131	2.30386514741	0.387236307395	2.16819500725	2.28342078782	2.46750663122	2.49959315128	1.20113719188	1.45440718221	2.00407169647	2.19590540358	2.43220617206	2.39775495892	1.90214057032	2.18127591107	2.38681461092	2.26694426293	1.88313192847	1.83251496858	2.45087115031	2.4166821653	2.28469019333	2.36717504108	2.54024033833	2.47898279845	2.65067420493	1.99335953117	2.55614885452	2.28080205897	2.38869912035	1.33032764137	1.44048831319	2.08673936684	2.71159955051	2.67834329628	2.65556995167	2.70075791687	2.51460585307	2.63790159497	2.77992277429	2.73586528758	2.55199394393	2.62178478009	2.61925250846	2.58276322861	2.31053747221	2.67289566457	2.32239534558	2.62325069599	2.39846743354	2.69707051232
AB4	0.970158704688	0.891880811986	1.47418728855	0.0	0.860380053166	1.01859710971	0.746966549058	1.01101453842	1.15162251812	0.788454137264	1.25736021266	0.954149850169	0.856968047366	1.11771974867	0.849335925568	0.937571942968	1.15425008217	1.18256316578	0.989879647173	0.520626592557	0.926567810536	0.96054937651	1.17977031899	1.15445388594	1.25656703722	0.895568912518	1.13672451909	1.01480522958	0.627633842436	0.632716795553	1.27129746254	1.13675099082	1.09978080715	1.12907926535	1.35159403577	1.23636814403	1.38278184147	0.735126046399	1.21266886419	0.949871725471	1.0441638376	0.597953605607	0.494391213146	0.79985	1.44929528758	1.43158443693	1.41268328178	1.40978793137	1.2557677187	1.3542859159	1.51270831319	1.46962839053	1.21982728371	1.31081916385	1.32698569357	1.25591491542	1.00720261479	1.38408157081	1.00819279362	1.30770884002	1.07415305945	1.40514889802
AC3	0.841028888352	0.619241880135	2.15033595457	0.860380053166	0.0	0.795389207347	0.819045877235	0.821686027066	1.00349332044	0.645083392943	1.08415534558	0.364901213146	0.801162358627	1.81288239246	0.664454847753	0.734090053166	0.997959482842	0.977839826003	1.39892841953	1.00931101498	1.0330422668	1.01910048816	1.24329401643	1.21840634123	1.26212645239	0.813673170614	1.05106899952	1.03185253262	0.871734108265	0.844325751571	1.17664321895	1.04140086515	1.0006220783	0.984209980667	0.830922150797	0.768814122765	1.06416318995	0.704563054616	0.894545447076	0.629725949734	0.698606065732	1.10830121798	0.988912416626	0.604768129531	1.16766367327	1.19268383277	0.917531715805	1.01039983567	0.7454339971	0.854562827453	1.12407519091	1.01933347994	0.786589463509	0.883376539391	0.896012252296	0.807944683422	0.847229656839	0.953259864669	0.780377003383	0.892374432093	0.842817037216	0.997747646206
AC4	0.74873881102	0.526628458192	2.38781602707	1.01859710971	0.795389207347	0.0	1.11651555824	0.35474260029	0.480709429676	0.799753102948	0.38909778637	0.557827162881	0.408933914935	2.0451960464	0.668947225713	0.624065437409	0.526533513775	0.49976621073	1.79947645723	1.31878246496	0.878937167714	0.583780318995	0.634583088449	0.615336147898	1.70851856936	0.766171793137	0.52882762204	0.534500029	0.66170738521	0.777770067666	0.78269838086	0.58889922668	0.494895577574	0.40693817303	1.01703551474	0.754004113098	0.597458477525	0.612680304495	0.426602803287	0.773874944418	0.524880135331	1.32797325761	1.19373454809	0.56594679072	0.676875326245	0.655942551957	1.06046495408	0.889998941518	0.839538284195	0.856936616723	0.917049908168	0.969633349444	0.595926684389	0.680829681005	0.702532025133	0.654743808603	0.597347264379	0.935245737071	0.604825785404	0.751808704688	0.380568419526	0.841083861769
AD3	0.911066945384	0.891383378444	1.88283550024	0.746966549058	0.819045877235	1.11651555824	0.0	1.0000160899	1.27654124698	0.401580057999	1.3719638521	0.951982856452	1.05434174964	1.54046862736	0.834803054616	0.917267733204	1.21818371677	1.21007262446	1.29090771387	0.840150019333	0.86769638956	0.952696495892	1.32046233929	1.29612138231	1.22274184147	0.876032203963	1.19080922185	1.04340050749	0.86418181247	0.753104456259	1.18114221363	1.09445655389	1.19993570807	1.14046898502	1.18851885452	1.06420578057	1.29472545191	0.73741261479	1.18875974384	0.798188366361	0.947389284679	0.786984601257	0.726427341711	0.789893233446	1.37276446593	1.39530076849	1.34380724988	1.39333315611	1.14110548091	1.22860115515	1.51151463026	1.43268686805	1.1720721218	1.24815798937	1.26012939101	1.15461536491	0.968892866119	1.33639098115	0.96800442726	1.2196777187	1.14563243596	1.34969452876
AD4	0.755697148381	0.458602503625	2.28264293862	1.01101453842	0.821686027066	0.35474260029	1.0000160899	0.0	0.325416428226	0.665291159981	0.524321739971	0.599397264379	0.494312319961	1.94367500242	0.573698081199	0.604949371677	0.572401894635	0.563176650556	1.78006839536	1.29363513775	0.868321565974	0.556573185114	0.582504277429	0.5518479797	1.74515044949	0.793276423393	0.50373478492	0.497043721605	0.587996365394	0.742642962784	0.828409284679	0.652537931368	0.33084280812	0.33834057999	1.07547337844	0.787678815853	0.600353131948	0.507357694538	0.473252904785	0.752953214113	0.527808699855	1.20447072499	1.07116615756	0.494034059932	0.670629188014	0.638439381344	1.11077635089	0.919399995167	0.91555218463	0.947136413726	0.947228806187	1.0223739681	0.653284335428	0.698497346544	0.709147655872	0.723098540358	0.563615480909	0.990059811503	0.584362440793	0.835888269696	0.460613320445	0.895615770904
AE3	0.874493905268	0.631333615273	2.33879006767	1.15162251812	1.00349332044	0.480709429676	1.27654124698	0.325416428226	0.0	0.937271570807	0.403126220396	0.781605959401	0.583128719188	2.01327482359	0.729972663122	0.764145857902	0.536562015466	0.54973297245	1.92902917351	1.4542561189	0.994523977767	0.65659901885	0.469432721121	0.429369956501	1.90972323345	0.955616979217	0.440754596423	0.551286172064	0.722000652489	0.902090652489	0.898759903335	0.729826471725	0.235581623973	0.335065727405	1.22096276945	0.940316645723	0.590511841469	0.700353059449	0.591433634606	0.982759608507	0.713394717255	1.30394711455	1.176089797	0.685488052199	0.749809811503	0.666393663606	1.2573021943	1.055499739	1.08187299178	1.09215680522	1.07387837119	1.15897195263	0.802039236346	0.843631184147	0.844213112615	0.869367312711	0.700448438859	1.13923184147	0.725989347511	0.976971947801	0.55588441276	1.04002584824
AE4	0.686652252296	0.590812049299	2.0835220928	0.788454137264	0.645083392943	0.799753102948	0.401580057999	0.665291159981	0.937271570807	0.0	1.05245869019	0.669977133881	0.746859787337	1.73973129531	0.562370768487	0.624061507975	0.89540380377	0.892028206863	1.42863244079	0.968055374577	0.754804693088	0.717016283229	0.992031947801	0.965856897052	1.320810145	0.607017675205	0.860624910585	0.764425901402	0.612626355727	0.586596384727	0.952514528758	0.823526297728	0.869481904302	0.82581060899	0.974267071049	0.830168226196	0.980950149831	0.497222464959	0.858140546158	0.543237085549	0.644229536008	0.956793407443	0.820764838086	0.513741043983	1.07432240696	1.10051268729	1.08086135331	1.12628492992	0.895050913485	0.98322101015	1.24673782987	1.16790127115	0.89250337361	0.940309395843	0.954846906718	0.878521213146	0.666109337844	1.07452085065	0.686570797487	0.973312576124	0.808469826003	1.08678720155
AF3	0.967255920735	0.798102957951	2.53158781054	1.25736021266	1.08415534558	0.38909778637	1.3719638521	0.524321739971	0.403126220396	1.05245869019	0.0	0.84943618173	0.685411343644	2.19354271629	0.932051130981	0.876879105848	0.521308690188	0.510546916385	2.01913467859	1.5418859159	1.08532848719	0.788474519091	0.420492126631	0.408148443693	1.97847266312	1.02688315128	0.516562286129	0.679364659256	0.856281788304	1.01161154664	0.85053077332	0.715033890768	0.486423291445	0.487611319478	1.19306619623	0.95680101015	0.494218612856	0.841292097632	0.507935592073	1.03950091832	0.786008090865	1.50222394877	1.37074648623	0.815401145481	0.663254253262	0.589679333011	1.21952816336	1.01081567424	1.09660005317	1.03589403577	1.0253418753	1.09062384727	0.771900459159	0.788311208313	0.809260676655	0.783945983567	0.853254823586	1.07035550024	0.867429400677	0.933585331078	0.584585026583	0.967779492508
AF4	0.729530884485	0.439368177864	2.29130112131	0.954149850169	0.364901213146	0.557827162881	0.951982856452	0.599397264379	0.781605959401	0.669977133881	0.84943618173	0.0	0.57730640406	1.9492837216	0.531285872402	0.592144905752	0.822259980667	0.801080449493	1.6098678927	1.14034260029	0.93400542291	0.821307085549	1.02751876752	1.00448362011	1.48318405993	0.699863189947	0.845644567424	0.841169434509	0.772588912518	0.771243127115	1.0166138086	0.880080067666	0.780796234896	0.764016046399	0.782586031899	0.547643098115	0.777327448043	0.620419753504	0.637201981634	0.607298946351	0.561403093282	1.21246729338	1.08786905752	0.509424557757	0.878057472209	0.89064702755	0.81970820203	0.80057561624	0.592248685355	0.670984465926	0.911908100532	0.841131155147	0.587039134848	0.668345737071	0.690240057999	0.66298182697	0.684050589657	0.758733363944	0.63007320928	0.682145717738	0.658675611406	0.771150164331
AG3	0.696424683422	0.401146713388	2.30386514741	0.856968047366	0.801162358627	0.408933914935	1.05434174964	0.494312319961	0.583128719188	0.746859787337	0.685411343644	0.57730640406	0.0	1.94338825036	0.486632798453	0.532569328178	0.583094804253	0.571813678105	1.70568891252	1.22636963267	0.871997481875	0.609924171097	0.715448525858	0.694071184147	1.60572739971	0.70328322378	0.570682880619	0.57926441276	0.633856070565	0.727219487675	0.838481913968	0.677419415176	0.588178192363	0.525699434509	1.01493485259	0.755372305462	0.763234519091	0.553911193813	0.57678421943	0.718515190913	0.461259270179	1.25187124215	1.11617106332	0.537257032383	0.824969444176	0.815403475109	1.01037261479	0.855517022716	0.814816433059	0.853002286129	0.962730299662	0.925901474142	0.571448322861	0.66918260029	0.699999869502	0.642092387627	0.498404920251	0.89328038666	0.494570430159	0.755165055582	0.404841232479	0.825190198163
AG4	1.92201518608	1.90108335428	0.387236307395	1.11771974867	1.81288239246	2.0451960464	1.54046862736	1.94367500242	2.01327482359	1.73973129531	2.19354271629	1.9492837216	1.94338825036	0.0	1.8325558869	1.93962617206	2.13463653939	2.16226937168	0.945786085065	1.12496289029	1.66789095215	1.85676718221	2.0967060754	2.06016089415	1.63507091348	1.8454560174	2.05003860319	1.92636136298	1.55412453359	1.49470256646	2.13178660706	2.07831929435	1.95472975834	2.02465136781	2.2091038376	2.13832669406	2.31090482842	1.652949971	2.2107340551	1.9369897535	2.04399635573	0.999160749154	1.10538484292	1.74450589174	2.36703976317	2.3369242436	2.31001274529	2.35841823586	2.16861359594	2.28959305945	2.4384522668	2.39187431609	2.20603701788	2.27893641856	2.28282285162	2.23980610923	1.96741675689	2.32853974384	1.97998525375	2.27507993717	2.05822935718	2.35354287579
AH3	0.716256950217	0.270912919285	2.16819500725	0.849335925568	0.664454847753	0.668947225713	0.834803054616	0.573698081199	0.729972663122	0.562370768487	0.932051130981	0.531285872402	0.486632798453	1.8325558869	0.0	0.523754451426	0.753054601257	0.766372189464	1.55892572257	1.09095749154	0.871042460126	0.750491701305	0.907506921218	0.889326273562	1.49428736104	0.718669362011	0.73737762204	0.725974195263	0.675473383277	0.701834751087	0.997729125181	0.853136302562	0.666614074432	0.681753992267	1.00800003383	0.75463159014	0.891214045433	0.498659719671	0.746072126631	0.616563736104	0.517618274529	1.07701892702	0.935069014016	0.458006041566	0.999039661672	1.00672666506	1.00531949734	0.900506128565	0.809237699372	0.877298467859	1.03565584824	0.991439463509	0.73205361044	0.801179429676	0.791095210246	0.754168530691	0.558195089415	0.900554944418	0.522942261962	0.819469434509	0.608719318511	0.893794934751
AH4	0.255934272595	0.361828260029	2.28342078782	0.937571942968	0.734090053166	0.624065437409	0.917267733204	0.604949371677	0.764145857902	0.624061507975	0.876879105848	0.592144905752	0.532569328178	1.93962617206	0.523754451426	0.0	0.63824698405	0.654799719671	1.4807698695	1.09202427743	0.834997704205	0.6277040261	0.806965654906	0.781941633639	1.42285262929	0.591543233446	0.657528100532	0.601220130498	0.650751739971	0.679700618656	0.773251638473	0.619580111165	0.724451638473	0.679165041083	0.987319134848	0.747750749154	0.841928960851	0.609303325278	0.689024006767	0.505322914451	0.385629555341	1.23138053166	1.09805704688	0.553449366844	0.929490865152	0.969210338328	0.918956732721	0.838036104398	0.786791609473	0.757816737554	0.962635848236	0.890702247463	0.552612653456	0.647694644756	0.67544120348	0.575367293378	0.395992566457	0.811994818753	0.356838646689	0.74069762204	0.521694842919	0.82705582407
AA7	0.734277409377	0.670570468826	2.46750663122	1.15425008217	0.997959482842	0.526533513775	1.21818371677	0.572401894635	0.536562015466	0.89540380377	0.521308690188	0.822259980667	0.583094804253	2.13463653939	0.753054601257	0.63824698405	0.0	0.150948095698	1.78583757854	1.33931025616	0.956401063316	0.603763663606	0.440847544708	0.451664248429	1.73867724505	0.824551928468	0.339486027066	0.425567356211	0.724139110681	0.84654117448	0.605422382794	0.393668400193	0.489201300145	0.491003837603	1.1969518608	0.97325417593	0.601790956984	0.804359637506	0.489804523925	0.89150080232	0.661223421943	1.43485711455	1.30566082165	0.806715384244	0.737642373127	0.710101923635	1.13010352344	0.927660130498	1.05509070565	0.987172904785	0.951035882069	1.02132945384	0.655075306912	0.692281580474	0.720563547608	0.692607945868	0.533993644273	0.985340952151	0.546120807153	0.914414968584	0.433498443693	0.912808269696
AA8	0.7577340116	0.665819589174	2.49959315128	1.18256316578	0.977839826003	0.49976621073	1.21007262446	0.563176650556	0.54973297245	0.892028206863	0.510546916385	0.801080449493	0.571813678105	2.16226937168	0.766372189464	0.654799719671	0.150948095698	0.0	1.81038155631	1.35681267762	0.947446839053	0.603282431126	0.475014644756	0.489762513291	1.73739666022	0.826335374577	0.352218704688	0.449992919285	0.754298071532	0.861025055582	0.588738907685	0.373186104398	0.51134077332	0.482586036733	1.13881258096	0.926504233929	0.550112508458	0.788817274045	0.466308289029	0.880712542291	0.640541387144	1.47290511358	1.34376718705	0.789198105365	0.666863653939	0.643817849203	1.08154073465	0.881674016433	1.00632163364	0.938169719671	0.890721445143	0.959962643789	0.615517873369	0.633151512808	0.669570753987	0.630047612373	0.573509279845	0.938653929435	0.567985635573	0.865253755437	0.418456872885	0.858275891735
AB7	1.44508955534	1.56153206863	1.20113719188	0.989879647173	1.39892841953	1.79947645723	1.29090771387	1.78006839536	1.92902917351	1.42863244079	2.01913467859	1.6098678927	1.70568891252	0.945786085065	1.55892572257	1.4807698695	1.78583757854	1.81038155631	0.0	0.533517791203	1.50174921701	1.60427912518	1.92414359594	1.90807874335	1.0704919623	1.43589866119	1.80753524408	1.66067696955	1.32640983567	1.18983518608	1.71572794587	1.67636879169	1.85102234896	1.86923052199	1.8423721363	1.79977548574	1.99578487192	1.47867565974	1.90184565007	1.45820146448	1.61346481875	0.989860115998	1.04346409377	1.50514289029	2.10279858869	2.11781933784	1.90379569841	1.973660203	1.77762943451	1.86332937168	2.08263327695	2.00038102948	1.79025172547	1.85765332044	1.86318947801	1.79599297728	1.61334425326	1.9230420493	1.60675820203	1.87374333494	1.74379814886	1.97176853552
AB8	1.07267328178	1.09639734171	1.45440718221	0.520626592557	1.00931101498	1.31878246496	0.840150019333	1.29363513775	1.4542561189	0.968055374577	1.5418859159	1.14034260029	1.22636963267	1.12496289029	1.09095749154	1.09202427743	1.33931025616	1.35681267762	0.533517791203	0.0	1.04396113098	1.13011819236	1.43989678589	1.41294384244	1.11030956017	0.993922851619	1.32729767521	1.18032688255	0.824165635573	0.703409439343	1.30189256162	1.23897471242	1.37286972934	1.39580914451	1.44180667956	1.35228260512	1.54207347028	1.00065935718	1.43607053649	1.05513655872	1.20441886902	0.67598701305	0.695460473659	1.03296058482	1.65187893185	1.64894088932	1.55746352344	1.56662523441	1.39174081682	1.4716178637	1.67420482359	1.61733040116	1.39546702272	1.4580422088	1.46246572257	1.40744368294	1.19161374094	1.53889657322	1.18877586757	1.47678214113	1.27848717255	1.56279953117
AC7	0.816756578057	0.856095843403	2.00407169647	0.926567810536	1.0330422668	0.878937167714	0.86769638956	0.868321565974	0.994523977767	0.754804693088	1.08532848719	0.93400542291	0.871997481875	1.66789095215	0.871042460126	0.834997704205	0.956401063316	0.947446839053	1.50174921701	1.04396113098	0.0	0.471731116481	0.989637317545	0.960559424843	1.40738764621	0.713502522958	0.92944479942	0.739409028516	0.56969300145	0.541121068149	0.848682895118	0.761696027066	0.918876553891	0.883970285162	1.24823940068	1.11980371677	1.15507053166	0.768784267762	1.05210705655	0.938634954084	0.929187984534	1.14765666989	1.08847965201	0.746500604157	1.08016531174	1.073080058	1.44373655389	1.42096159981	1.19267738521	1.26765680039	1.51856622523	1.48166708555	1.08324638473	1.17466814403	1.22038949251	1.10897725471	0.882833489609	1.38639075399	0.8955940116	1.2265441131	0.920070459159	1.39271778154
AC8	0.651761333978	0.656955640406	2.19590540358	0.96054937651	1.01910048816	0.583780318995	0.952696495892	0.556573185114	0.65659901885	0.717016283229	0.788474519091	0.821307085549	0.609924171097	1.85676718221	0.750491701305	0.6277040261	0.603763663606	0.603282431126	1.60427912518	1.13011819236	0.471731116481	0.0	0.646229139681	0.628909574674	1.5265520928	0.640997283712	0.508773247946	0.316114838086	0.463156133398	0.555732426293	0.595991643306	0.447952489125	0.583360488159	0.572269067182	1.14637093282	0.889525427743	0.813275741904	0.669963233446	0.717556094732	0.8317959884	0.693362107298	1.18921501692	1.10743299178	0.669504422426	0.846464635089	0.834369337844	1.29827152731	1.11063368294	1.04230847269	1.05957267279	1.19232782987	1.19807680039	0.815018564524	0.858304867086	0.900127916868	0.858070971484	0.555026955051	1.16578380377	0.617398487192	0.956268134364	0.568883344611	1.07002918801
AD7	0.89328637506	0.832605311745	2.43220617206	1.17977031899	1.24329401643	0.634583088449	1.32046233929	0.582504277429	0.469432721121	0.992031947801	0.420492126631	1.02751876752	0.715448525858	2.0967060754	0.907506921218	0.806965654906	0.440847544708	0.475014644756	1.92414359594	1.43989678589	0.989637317545	0.646229139681	0.0	0.127354702755	1.89770923635	0.905546471725	0.391115969067	0.496358235863	0.717207457709	0.885502696955	0.730328583857	0.585918371194	0.471933571774	0.518302440793	1.35557869019	1.114600058	0.648734345094	0.838640367327	0.658842315128	1.0526818318	0.854318351861	1.40886331561	1.2770522523	0.865909231513	0.777617680039	0.712601570807	1.35257449009	1.13215075882	1.25792848719	1.20678496375	1.1358142726	1.22970099082	0.904492856452	0.898483808603	0.913329594007	0.934338100532	0.733526495892	1.21522640889	0.78044860319	1.10731085549	0.592903127115	1.10490405993
AD8	0.866530541324	0.811854833253	2.39775495892	1.15445388594	1.21840634123	0.615336147898	1.29612138231	0.5518479797	0.429369956501	0.965856897052	0.408148443693	1.00448362011	0.694071184147	2.06016089415	0.889326273562	0.781941633639	0.451664248429	0.489762513291	1.90807874335	1.41294384244	0.960559424843	0.628909574674	0.127354702755	0.0	1.84918518608	0.860860546158	0.379637796037	0.475438361527	0.692214717255	0.861922619623	0.744993426776	0.574872890285	0.43261762204	0.481966027066	1.36251120831	1.10944465926	0.663006988884	0.813362319961	0.659734630256	1.03287147898	0.835578361527	1.37315921701	1.2437458144	0.841245277912	0.79136741421	0.722415848236	1.35021984534	1.13462012566	1.2456461769	1.19526164814	1.14880915901	1.23836192847	0.891876703722	0.90720057999	0.9213859884	0.938356979217	0.718384543258	1.21894506525	0.767060937651	1.09740932818	0.580520836153	1.10883131948
AE7	1.37707565974	1.51105875302	1.90214057032	1.25656703722	1.26212645239	1.70851856936	1.22274184147	1.74515044949	1.90972323345	1.320810145	1.97847266312	1.48318405993	1.60572739971	1.63507091348	1.49428736104	1.42285262929	1.73867724505	1.73739666022	1.0704919623	1.11030956017	1.40738764621	1.5265520928	1.89770923635	1.84918518608	0.0	1.01354534558	1.78034065249	1.62565882069	1.35488703722	1.28028005317	1.57381214596	1.57160538424	1.83601735621	1.81789549541	1.67765560174	1.6977079217	1.92593682455	1.51155112131	1.84045732238	1.33645179314	1.55127887869	1.44847724988	1.44914293862	1.46405862252	1.97436693572	2.01801000483	1.69562501208	1.83702304012	1.59361702755	1.64910239729	1.97149274045	1.83448642823	1.65561076365	1.71846808603	1.72820121798	1.623659826	1.57271718221	1.7548400435	1.5447742726	1.73836656839	1.69693635573	1.83435562591
AE8	0.62572121798	0.651609173514	2.18127591107	0.895568912518	0.813673170614	0.766171793137	0.876032203963	0.793276423393	0.955616979217	0.607017675205	1.02688315128	0.699863189947	0.70328322378	1.8454560174	0.718669362011	0.591543233446	0.824551928468	0.826335374577	1.43589866119	0.993922851619	0.713502522958	0.640997283712	0.905546471725	0.860860546158	1.01354534558	0.0	0.820940710488	0.696747974867	0.653255398743	0.597797472209	0.778703059449	0.706825277912	0.880511527308	0.857268651522	1.08048638956	0.913309429676	0.989104528758	0.7204360029	0.900832460126	0.6331040116	0.681880367327	1.17541115031	1.06612052199	0.681621967134	1.07749107298	1.11054950217	1.13055735621	1.11920359111	0.922082914451	0.997609067182	1.2304558144	1.18048487192	0.86035262929	0.92707857419	0.950126901885	0.867493571774	0.696146897052	1.10310538908	0.701775935234	0.960170676655	0.76474462059	1.09692168681
AF7	0.779356872885	0.650406355727	2.38681461092	1.13672451909	1.05106899952	0.52882762204	1.19080922185	0.50373478492	0.440754596423	0.860624910585	0.516562286129	0.845644567424	0.570682880619	2.05003860319	0.73737762204	0.657528100532	0.339486027066	0.352218704688	1.80753524408	1.32729767521	0.92944479942	0.508773247946	0.391115969067	0.379637796037	1.78034065249	0.820940710488	0.0	0.277793083615	0.652260420493	0.78291239246	0.668768622523	0.524162527791	0.394427742871	0.420640120831	1.15331381827	0.911805374577	0.558860338328	0.715173233446	0.543923465442	0.892291778637	0.65123879652	1.36595757371	1.23356748671	0.739650604157	0.726272605123	0.686603088449	1.18238378927	0.98303219913	1.04804431126	1.02620902368	0.986002276462	1.07640637506	0.727981072982	0.751749840503	0.779931043983	0.780909072015	0.549671764137	1.04861793137	0.574305683905	0.920121246979	0.435707651039	0.95037817303
AF8	0.627493919768	0.644819980667	2.26694426293	1.01480522958	1.03185253262	0.534500029	1.04340050749	0.497043721605	0.551286172064	0.764425901402	0.679364659256	0.841169434509	0.57926441276	1.92636136298	0.725974195263	0.601220130498	0.425567356211	0.449992919285	1.66067696955	1.18032688255	0.739409028516	0.316114838086	0.496358235863	0.475438361527	1.62565882069	0.696747974867	0.277793083615	0.0	0.531971184147	0.625833093282	0.610240468826	0.4272280232	0.485543745771	0.483361324311	1.18261098115	0.939225012083	0.695546085065	0.700942237796	0.573284475592	0.844868506525	0.651659072015	1.24347928951	1.14859217013	0.712347999033	0.82638662639	0.81882619623	1.22897734654	1.0332321363	1.04948725471	1.0632960174	1.04643867569	1.13007034316	0.75855257129	0.806014311261	0.842544059932	0.830493600773	0.501707554374	1.09656309812	0.563829951667	0.95377381827	0.451077718705	0.99562421943
AG7	0.700977728371	0.632249753504	1.88313192847	0.627633842436	0.871734108265	0.66170738521	0.86418181247	0.587996365394	0.722000652489	0.612626355727	0.856281788304	0.772588912518	0.633856070565	1.55412453359	0.675473383277	0.650751739971	0.724139110681	0.754298071532	1.32640983567	0.824165635573	0.56969300145	0.463156133398	0.717207457709	0.692214717255	1.35488703722	0.653255398743	0.652260420493	0.531971184147	0.0	0.229598757854	0.789948443693	0.661036800387	0.645225949734	0.70389659739	1.24582082165	0.975405911068	0.936820894152	0.451862102465	0.839439884002	0.816551764137	0.720322619623	0.932354475592	0.81450622523	0.489511759304	1.03043297728	1.01007304012	1.32071714355	1.17755296762	1.12863492992	1.14426764621	1.26935859836	1.2486518608	0.892043484775	0.956140758821	0.989432141131	0.924301565974	0.665801967134	1.18964810536	0.690866926051	1.06107566457	0.699027095215	1.1624882697
AG8	0.67679641856	0.687689072015	1.83251496858	0.632716795553	0.844325751571	0.777770067666	0.753104456259	0.742642962784	0.902090652489	0.586596384727	1.01161154664	0.771243127115	0.727219487675	1.49470256646	0.701834751087	0.679700618656	0.84654117448	0.861025055582	1.18983518608	0.703409439343	0.541121068149	0.555732426293	0.885502696955	0.861922619623	1.28028005317	0.597797472209	0.78291239246	0.625833093282	0.229598757854	0.0	0.857930797487	0.753382759787	0.819011706138	0.827392455292	1.21608918801	1.00570448526	1.03855403577	0.49734517158	0.925576176897	0.778323098115	0.773177230546	0.896496645723	0.825233856936	0.531867162881	1.11617134848	1.11724432576	1.30186150797	1.25006226196	1.10058755921	1.17362085549	1.34728751571	1.31712633639	0.959384678589	1.02510568391	1.06349058966	0.983203813436	0.736220086999	1.22984724988	0.764540463992	1.12675216046	0.786737066216	1.23192379894
AH7	0.762322537458	0.885033450942	2.45087115031	1.27129746254	1.17664321895	0.78269838086	1.18114221363	0.828409284679	0.898759903335	0.952514528758	0.85053077332	1.0166138086	0.838481913968	2.13178660706	0.997729125181	0.773251638473	0.605422382794	0.588738907685	1.71572794587	1.30189256162	0.848682895118	0.595991643306	0.730328583857	0.744993426776	1.57381214596	0.778703059449	0.668768622523	0.610240468826	0.789948443693	0.857930797487	0.0	0.282070695988	0.880688081199	0.84425741421	1.17004715805	1.02348823586	0.848474683422	0.94789637506	0.812304896085	0.964136563557	0.82259262929	1.462439797	1.37628710971	0.95837017883	0.92838420493	0.930074572257	1.27437157081	1.07858912518	1.1558041566	1.04282118415	1.1453937216	1.16554025616	0.828186785887	0.828006341228	0.845525901402	0.832317124215	0.740018182697	1.14793432576	0.781891048816	0.990560444659	0.706245611406	1.06474314161
AH8	0.650302890285	0.734661807637	2.4166821653	1.13675099082	1.04140086515	0.58889922668	1.09445655389	0.652537931368	0.729826471725	0.823526297728	0.715033890768	0.880080067666	0.677419415176	2.07831929435	0.853136302562	0.619580111165	0.393668400193	0.373186104398	1.67636879169	1.23897471242	0.761696027066	0.447952489125	0.585918371194	0.574872890285	1.57160538424	0.706825277912	0.524162527791	0.4272280232	0.661036800387	0.753382759787	0.282070695988	0.0	0.693836515225	0.646864456259	1.14130034799	0.934195838569	0.7169120203	0.832106500725	0.627342948284	0.859222803287	0.68855358144	1.39587881585	1.28481311745	0.820194968584	0.805728047366	0.801278714355	1.17951167231	0.985406452392	1.03861431126	0.939693020783	1.02069697438	1.07272643789	0.698681483809	0.730040256162	0.758258453359	0.726971193813	0.585032010633	1.05149317061	0.629631324311	0.8839579942	0.506520048333	0.961713682939
AA5	0.847812049299	0.613823562107	2.28469019333	1.09978080715	1.0006220783	0.494895577574	1.19993570807	0.33084280812	0.235581623973	0.869481904302	0.486423291445	0.780796234896	0.588178192363	1.95472975834	0.666614074432	0.724451638473	0.489201300145	0.51134077332	1.85102234896	1.37286972934	0.918876553891	0.583360488159	0.471933571774	0.43261762204	1.83601735621	0.880511527308	0.394427742871	0.485543745771	0.645225949734	0.819011706138	0.880688081199	0.693836515225	0.0	0.245904702755	1.24050961334	0.940167762204	0.639166621556	0.603181150314	0.622604122765	0.884694630256	0.68159038666	1.21935910101	1.09482612373	0.597568941518	0.768227462542	0.675477046883	1.29821801837	1.103960203	1.10069775737	1.12788483809	1.12089903818	1.20349500725	0.82502057999	0.877179652006	0.879686935718	0.891110628323	0.619240270662	1.17579990333	0.637504968584	1.00569697438	0.529567264379	1.08169129048
AA6	0.806870575157	0.584510488159	2.36717504108	1.12907926535	0.984209980667	0.40693817303	1.14046898502	0.33834057999	0.335065727405	0.82581060899	0.487611319478	0.764016046399	0.525699434509	2.02465136781	0.681753992267	0.679165041083	0.491003837603	0.482586036733	1.86923052199	1.39580914451	0.883970285162	0.572269067182	0.518302440793	0.481966027066	1.81789549541	0.857268651522	0.420640120831	0.483361324311	0.70389659739	0.827392455292	0.84425741421	0.646864456259	0.245904702755	0.0	1.10315805703	0.825622237796	0.553265340744	0.608219782504	0.507263315611	0.851042774287	0.585656191397	1.29964410343	1.16608201063	0.610502991783	0.569949497342	0.499645877235	1.1900121943	1.0086858724	0.97695160464	0.987016384727	1.02501672305	1.09335281779	0.71159497825	0.77881260029	0.785351996133	0.772708313195	0.592815326245	1.06608345578	0.618958931851	0.871975683905	0.479078269696	0.972837655872
AB5	1.06445827936	0.932809666506	2.54024033833	1.35159403577	0.830922150797	1.01703551474	1.18851885452	1.07547337844	1.22096276945	0.974267071049	1.19306619623	0.782586031899	1.01493485259	2.2091038376	1.00800003383	0.987319134848	1.1969518608	1.13881258096	1.8423721363	1.44180667956	1.24823940068	1.14637093282	1.35557869019	1.36251120831	1.67765560174	1.08048638956	1.15331381827	1.18261098115	1.24582082165	1.21608918801	1.17004715805	1.14130034799	1.24050961334	1.10315805703	0.0	0.416413760271	0.945632435959	1.06540556307	0.915770004833	0.840913910101	0.859445625906	1.5279461624	1.41821510875	1.0036917883	0.980777820203	1.02826999517	0.860378564524	1.00012939101	0.752625244079	0.77253361044	1.10633615273	0.99436539391	0.840870628323	0.900695577574	0.908962397293	0.888897167714	1.02507275495	0.917662363461	0.974932638956	0.835490637989	1.01661190913	0.972576834219
AB6	0.870229284679	0.661592068632	2.47898279845	1.23636814403	0.768814122765	0.754004113098	1.06420578057	0.787678815853	0.940316645723	0.830168226196	0.95680101015	0.547643098115	0.755372305462	2.13832669406	0.75463159014	0.747750749154	0.97325417593	0.926504233929	1.79977548574	1.35228260512	1.11980371677	0.889525427743	1.114600058	1.10944465926	1.6977079217	0.913309429676	0.911805374577	0.939225012083	0.975405911068	1.00570448526	1.02348823586	0.934195838569	0.940167762204	0.825622237796	0.416413760271	0.0	0.714912904785	0.784797950701	0.694010444659	0.732881039149	0.617218709522	1.40896833253	1.28583671822	0.719382358627	0.756100057999	0.756816244563	0.75172057999	0.724018260029	0.54757698405	0.521286104398	0.832270560657	0.755632977284	0.619188893185	0.693474229096	0.698825002417	0.69179318028	0.760770652489	0.678388429193	0.711280241663	0.541432701788	0.787868762687	0.693733407443
AC5	0.970711082649	0.782831179314	2.65067420493	1.38278184147	1.06416318995	0.597458477525	1.29472545191	0.600353131948	0.590511841469	0.980950149831	0.494218612856	0.777327448043	0.763234519091	2.31090482842	0.891214045433	0.841928960851	0.601790956984	0.550112508458	1.99578487192	1.54207347028	1.15507053166	0.813275741904	0.648734345094	0.663006988884	1.92593682455	0.989104528758	0.558860338328	0.695546085065	0.936820894152	1.03855403577	0.848474683422	0.7169120203	0.639166621556	0.553265340744	0.945632435959	0.714912904785	0.0	0.821525210246	0.407965224746	0.962369333011	0.737991285645	1.61754827453	1.47690072982	0.807983760271	0.42489159014	0.418693189947	1.00099113581	0.777931445143	0.879192247463	0.8154039971	0.780683948768	0.851109149348	0.634466428226	0.587198347028	0.569067274045	0.675478419526	0.800507114548	0.853418743354	0.799761807637	0.715171435476	0.619629449009	0.74297640406
AC6	0.767498632189	0.48750537941	1.99335953117	0.735126046399	0.704563054616	0.612680304495	0.73741261479	0.507357694538	0.700353059449	0.497222464959	0.841292097632	0.620419753504	0.553911193813	1.652949971	0.498659719671	0.609303325278	0.804359637506	0.788817274045	1.47867565974	1.00065935718	0.768784267762	0.669963233446	0.838640367327	0.813362319961	1.51155112131	0.7204360029	0.715173233446	0.700942237796	0.451862102465	0.49734517158	0.94789637506	0.832106500725	0.603181150314	0.608219782504	1.06540556307	0.784797950701	0.821525210246	0.0	0.761896408893	0.657043562107	0.583936708555	0.833957583374	0.696362914451	0.277679594007	0.946556452392	0.926220140164	1.14732734654	1.05316695988	0.950376742388	0.990634446593	1.15817361527	1.11063393427	0.806177003383	0.878322977284	0.90137539391	0.825773682939	0.615832402127	1.0298357854	0.617121855969	0.932239739004	0.645007187047	1.04511614306
AD6	0.805989299178	0.607847346544	2.55614885452	1.21266886419	0.894545447076	0.426602803287	1.18875974384	0.473252904785	0.591433634606	0.858140546158	0.507935592073	0.637201981634	0.57678421943	2.2107340551	0.746072126631	0.689024006767	0.489804523925	0.466308289029	1.90184565007	1.43607053649	1.05210705655	0.717556094732	0.658842315128	0.659734630256	1.84045732238	0.900832460126	0.543923465442	0.573284475592	0.839439884002	0.925576176897	0.812304896085	0.627342948284	0.622604122765	0.507263315611	0.915770004833	0.694010444659	0.407965224746	0.761896408893	0.0	0.812172576124	0.49629037216	1.50462486709	1.37065967134	0.741278757854	0.541408414693	0.533736036733	0.875875925568	0.679730860319	0.77956881102	0.731369463509	0.707041643306	0.781076462059	0.445896060899	0.475644886419	0.491066621556	0.538009028516	0.621192174964	0.74647741421	0.631438390527	0.630396892218	0.387408168197	0.645453779604
AE5	0.582362619623	0.581401749638	2.28080205897	0.949871725471	0.629725949734	0.773874944418	0.798188366361	0.752953214113	0.982759608507	0.543237085549	1.03950091832	0.607298946351	0.718515190913	1.9369897535	0.616563736104	0.505322914451	0.89150080232	0.880712542291	1.45820146448	1.05513655872	0.938634954084	0.8317959884	1.0526818318	1.03287147898	1.33645179314	0.6331040116	0.892291778637	0.844868506525	0.816551764137	0.778323098115	0.964136563557	0.859222803287	0.884694630256	0.851042774287	0.840913910101	0.732881039149	0.962369333011	0.657043562107	0.812172576124	0.0	0.387402348961	1.16057518125	1.03713025616	0.608046761721	1.07540978734	1.11409507975	0.899701019816	0.926709845336	0.772527051716	0.769822638956	1.05518227163	0.973808342194	0.667623881102	0.749671913968	0.785550275495	0.660032643789	0.601225070082	0.889992087965	0.56105937651	0.800350106332	0.724140183664	0.908912165297
AE6	0.532669250846	0.376586476559	2.38869912035	1.0441638376	0.698606065732	0.524880135331	0.947389284679	0.527808699855	0.713394717255	0.644229536008	0.786008090865	0.561403093282	0.461259270179	2.04399635573	0.517618274529	0.385629555341	0.661223421943	0.640541387144	1.61346481875	1.20441886902	0.929187984534	0.693362107298	0.854318351861	0.835578361527	1.55127887869	0.681880367327	0.65123879652	0.651659072015	0.720322619623	0.773177230546	0.82259262929	0.68855358144	0.68159038666	0.585656191397	0.859445625906	0.617218709522	0.737991285645	0.583936708555	0.49629037216	0.387402348961	0.0	1.29815089899	1.16384532624	0.528500903818	0.825516408893	0.850265316578	0.843137075882	0.737008405027	0.692983078782	0.648065509908	0.851072798453	0.801628119865	0.43373580957	0.513761754471	0.544000241663	0.455645509908	0.411632532624	0.726339337844	0.389467496375	0.597627361044	0.467402107298	0.721023040116
AF5	1.23949363461	1.16155884485	1.33032764137	0.597953605607	1.10830121798	1.32797325761	0.786984601257	1.20447072499	1.30394711455	0.956793407443	1.50222394877	1.21246729338	1.25187124215	0.999160749154	1.07701892702	1.23138053166	1.43485711455	1.47290511358	0.989860115998	0.67598701305	1.14765666989	1.18921501692	1.40886331561	1.37315921701	1.44847724988	1.17541115031	1.36595757371	1.24347928951	0.932354475592	0.896496645723	1.462439797	1.39587881585	1.21935910101	1.29964410343	1.5279461624	1.40896833253	1.61754827453	0.833957583374	1.50462486709	1.16057518125	1.29815089899	0.0	0.187657008217	0.95392542291	1.67788971484	1.64455766554	1.66688596423	1.67088423393	1.52075098115	1.61054310778	1.76646409377	1.74662340744	1.50006727888	1.58502432093	1.5896162929	1.53471769454	1.23991744804	1.66944069599	1.25881061382	1.57321275012	1.36027511358	1.67210757854
AF6	1.14342547124	1.02402494925	1.44048831319	0.494391213146	0.988912416626	1.19373454809	0.726427341711	1.07116615756	1.176089797	0.820764838086	1.37074648623	1.08786905752	1.11617106332	1.10538484292	0.935069014016	1.09805704688	1.30566082165	1.34376718705	1.04346409377	0.695460473659	1.08847965201	1.10743299178	1.2770522523	1.2437458144	1.44914293862	1.06612052199	1.23356748671	1.14859217013	0.81450622523	0.825233856936	1.37628710971	1.28481311745	1.09482612373	1.16608201063	1.41821510875	1.28583671822	1.47690072982	0.696362914451	1.37065967134	1.03713025616	1.16384532624	0.187657008217	0.0	0.819051962301	1.54346828903	1.50750706622	1.54573814886	1.5427937796	1.39775121798	1.48937866602	1.6272458579	1.61895169647	1.37034544708	1.45821129531	1.45883805703	1.40584658289	1.10583738521	1.54211517158	1.12416851136	1.44996114548	1.22993930401	1.54338525375
AG5	0.706263098115	0.451210521991	2.08673936684	0.79985	0.604768129531	0.56594679072	0.789893233446	0.494034059932	0.685488052199	0.513741043983	0.815401145481	0.509424557757	0.537257032383	1.74450589174	0.458006041566	0.553449366844	0.806715384244	0.789198105365	1.50514289029	1.03296058482	0.746500604157	0.669504422426	0.865909231513	0.841245277912	1.46405862252	0.681621967134	0.739650604157	0.712347999033	0.489511759304	0.531867162881	0.95837017883	0.820194968584	0.597568941518	0.610502991783	1.0036917883	0.719382358627	0.807983760271	0.277679594007	0.741278757854	0.608046761721	0.528500903818	0.95392542291	0.819051962301	0.0	0.911944243596	0.926537172547	1.07269746738	1.00055732238	0.868742368294	0.898760739488	1.11279471725	1.04850331078	0.721541420976	0.82870022233	0.84996540841	0.750870985984	0.605461498308	0.970530062832	0.577704320928	0.850697515708	0.629726549058	0.990575205413
