	AA3	AA4	AB3	AB4	AC3	AC4	AD3	AD4	AE3	AE4	AF3	AF4	AG3	AG4	AH3	AH4	AA7	AA8	AB7	AB8	AC7	AC8	AD7	AD8	AE7	AE8	AF7	AF8	AG7	AG8	AH7	AH8	AA5	AA6	AB5	AB6	AC5	AC6	AD6	AE5	AE6	AF5	AF6	AG5	AH5	AH6	AA1	AA2	AB1	AB2	AC1	AC2	AD1	AD2	AE1	AE2	AF1	AF2	AG1	AG2	AH1	AH2
AA3	0.0	0.589990492992	2.26778856936	0.982551884969	0.86728222813	0.819593170614	0.919678231029	0.863077680039	0.957110043499	0.655674533591	1.01034335428	0.808639130014	0.751459685839	1.93994577574	0.78983702755	0.312589091348	0.80779298695	0.799240497825	1.46885885935	1.04419608023	0.815518003867	0.721064949251	0.92170040116	0.915421077815	1.35622467859	0.64685980667	0.816199623006	0.701560212663	0.749599313678	0.711003156114	0.782943847269	0.725654736588	0.9350479942	0.872451097148	1.09611691155	0.947522450459	0.998279826003	0.826358255196	0.84644939101	0.599251899468	0.611108931851	1.25791197197	1.2095320203	0.787482909618	1.11722695505	1.08983858386	0.966495065249	0.945091449976	0.966983919768	0.931047056549	1.09101251812	0.977654499758	0.706797887869	0.743745355244	0.7591860174	0.670171329145	0.565647713871	0.89705942001	0.55831940551	0.969182319961	0.678574726921	0.930448279362
AA4	0.589990492992	0.0	2.21719568874	0.822651348478	0.605994161431	0.620104707588	0.878719434509	0.560126462059	0.687341135814	0.528790091832	0.834786607057	0.472108356694	0.463935389077	1.88849293378	0.263972527791	0.336070865152	0.683063054616	0.69735842436	1.56008895602	1.02906817786	0.85352677622	0.708534649589	0.852038347028	0.871300956984	1.4704918753	0.570605302078	0.698233131948	0.690629130014	0.64469282262	0.631580038666	0.891126191397	0.742108835186	0.658291266312	0.667482266796	0.950305915901	0.720880357661	0.817040884485	0.540257738038	0.64936118898	0.483662315128	0.405036273562	1.12799891735	1.06877759304	0.459797240213	0.945267839536	0.883680541324	0.935710778154	0.790231996133	0.717595563074	0.794476747221	0.963032368294	0.892685398743	0.629241391977	0.662218632189	0.66892638956	0.622376534558	0.479961725471	0.831013286612	0.464877409377	0.790801387144	0.489083431609	0.761151541808
AB3	2.26778856936	2.21719568874	0.0	1.5085320928	2.19042667956	2.39654215563	1.89638677139	2.33286100048	2.34353156597	2.13724927985	2.51720541808	2.26951546158	2.32339968101	0.371315495408	2.13887150314	2.2686421943	2.48240896085	2.5010222523	1.16046760271	1.50485019816	1.97859304978	2.1785341856	2.39624653456	2.40198307395	1.89680478975	2.17773980184	2.37700641373	2.28947501692	1.90318202513	1.85084453359	2.44943080232	2.42351919768	2.29170469309	2.40651751087	2.5938419913	2.48798872885	2.63607049299	1.97336086032	2.55463867569	2.31666711938	2.38692482842	1.35228860319	1.38556339294	2.08136239246	2.72395881102	2.65127847269	2.67770320928	2.68385557274	2.5336162204	2.65160127115	2.78392144514	2.7323797245	2.57926367327	2.61989646689	2.60367331078	2.58575731754	2.29022216046	2.68999076365	2.30353649106	2.65830406477	2.3987162204	2.65136932818
AB4	0.982551884969	0.822651348478	1.5085320928	0.0	0.863614113098	0.999645799903	0.79707080232	1.00144056549	1.10983284195	0.814209521508	1.17812109715	0.893527138714	0.842227472209	1.16822203963	0.783170439826	0.868204436926	1.13170212663	1.14493041083	1.06970892702	0.527421546641	0.909291512808	0.934223455776	1.11360951184	1.12673506042	1.2784398695	0.86916557274	1.07116951667	1.00332148381	0.627176022233	0.575473842436	1.25262233446	1.11626058966	1.06011847753	1.10680380377	1.35878944418	1.19282543258	1.33034043016	0.689639236346	1.17169574674	0.933166810053	0.993202672789	0.612746099565	0.579085790237	0.753189410343	1.41055146448	1.35024045433	1.39556083132	1.34679965201	1.22440475592	1.32243868052	1.48459477525	1.41933695022	1.20283279845	1.25898297245	1.26311036249	1.21350254712	0.94829879652	1.35243485259	0.948716916385	1.31719680522	1.01751068149	1.31839133881
AC3	0.86728222813	0.605994161431	2.19042667956	0.863614113098	0.0	0.816549231513	0.889107573707	0.813849062349	0.973459434509	0.698281237313	1.07059839053	0.312958786854	0.819158637023	1.86482307395	0.634113755437	0.710768274529	0.962235659739	0.97128442726	1.47604409377	1.01339859836	1.02684237796	1.02491243596	1.20295175447	1.20828249396	1.31055724021	0.814827187047	1.02814793137	1.03419840019	0.860976892218	0.830973929435	1.17426083615	1.03332015466	0.977550009667	0.958314833253	0.870151416143	0.744319826003	0.998603591107	0.729821710971	0.838313678105	0.611792967617	0.699063117448	1.12301117448	1.09617893668	0.612099386177	1.13587869502	1.08953286612	0.878633349444	0.936165277912	0.759628129531	0.873146326728	1.07885847753	0.961167564041	0.734300144998	0.823676892218	0.837299545674	0.7714260174	0.829243069116	0.892304741421	0.787343257612	0.904327738038	0.829425210246	0.910145113581
AC4	0.819593170614	0.620104707588	2.39654215563	0.999645799903	0.816549231513	0.0	1.16516268246	0.363304045433	0.462630570324	0.767376423393	0.332740043499	0.603617356211	0.468424823586	2.07055076849	0.718501324311	0.664064668922	0.545490043499	0.525705480909	1.87492565007	1.31821099082	0.894169550507	0.635772203963	0.589844098598	0.607155263412	1.74469486225	0.714500459159	0.493901474142	0.551702440793	0.69782839536	0.770013059449	0.801963533108	0.593150613823	0.461872387627	0.382147080715	1.05318246496	0.77266378927	0.592523301112	0.66639942001	0.457648902852	0.752308076365	0.537791768971	1.32482358627	1.27562257129	0.590963620106	0.689999864669	0.611332740454	1.10484241663	0.866649859836	0.846925306912	0.870026346061	0.935025292412	0.999003668439	0.624847240213	0.707217037216	0.688950855486	0.665792435959	0.648756118898	0.954275799903	0.670027114548	0.817043716771	0.434587278879	0.843763537941
AD3	0.919678231029	0.878719434509	1.89638677139	0.79707080232	0.889107573707	1.16516268246	0.0	1.07980544224	1.29947683905	0.482577704205	1.37692525858	0.95927521508	1.09327619623	1.56771982117	0.840312358627	0.911289768004	1.26109693088	1.26265900918	1.30223844369	0.828386326728	0.86998521508	0.988936877719	1.32285035766	1.29526692605	1.21985710005	0.914321169647	1.22437969067	1.11464464959	0.894312469792	0.807943823103	1.20692560657	1.13925529725	1.23858303528	1.18083967134	1.25102290478	1.09502515708	1.30909452876	0.731801445143	1.21273605123	0.851652344128	0.959714006767	0.814004287095	0.775198313195	0.7974739971	1.41765956984	1.37677053166	1.3753020928	1.37114746738	1.18075281295	1.28739464476	1.53418477525	1.42185149348	1.19205548091	1.25405236346	1.2848259014	1.19216300628	0.971871802803	1.33379649106	0.971352493958	1.29542430159	1.14531583857	1.35067241663
AD4	0.863077680039	0.560126462059	2.33286100048	1.00144056549	0.813849062349	0.363304045433	1.07980544224	0.0	0.290737022716	0.655876244563	0.468736423393	0.652087520541	0.523828801353	2.00831952151	0.647028869019	0.660039028516	0.531998564524	0.540200478492	1.86631775737	1.30638987434	0.920586529725	0.605161034316	0.559181126148	0.561315306912	1.78561486709	0.715573571774	0.454109134848	0.493331561141	0.620438791687	0.737627583374	0.832270865152	0.636861870469	0.34020279362	0.325047365877	1.07497435959	0.775945157081	0.519010652489	0.605407757371	0.433510676655	0.737646060899	0.533564214596	1.25497469792	1.19465160464	0.562531329145	0.630309864669	0.559258467859	1.10583476559	0.842535384244	0.867610570324	0.904387839536	0.913141333978	1.00388848719	0.654605727405	0.658263160947	0.628321348478	0.659281333978	0.601196027066	0.953409647173	0.652503977767	0.840578182697	0.509557646206	0.824535751571
AE3	0.957110043499	0.687341135814	2.34353156597	1.10983284195	0.973459434509	0.462630570324	1.29947683905	0.290737022716	0.0	0.863152426293	0.386983566941	0.811458608023	0.600465041083	2.02230317545	0.739624673755	0.775623620106	0.517628240696	0.524471459642	1.98151395843	1.42656365877	1.00179458192	0.681149724505	0.43392881102	0.478621106815	1.90991445143	0.843640183664	0.397819710005	0.503270256162	0.725769724505	0.862274881585	0.885219304012	0.689174581924	0.236702948284	0.352144301595	1.22632151281	0.938428646689	0.542369424843	0.738698912518	0.601097201547	0.911407095215	0.692991077815	1.30309	1.235830232	0.680049743838	0.751763658772	0.630716263896	1.26524722571	0.994285050749	1.05012977767	1.07023252779	1.05458059932	1.1625857709	0.812158767521	0.825487984534	0.78404222813	0.818457660706	0.70515739971	1.12774306428	0.753905756404	1.00360378927	0.571934910585	0.981515964234
AE4	0.655674533591	0.528790091832	2.13724927985	0.814209521508	0.698281237313	0.767376423393	0.482577704205	0.655876244563	0.863152426293	0.0	0.968101358144	0.625925959401	0.707268980184	1.80913953601	0.544202455292	0.549200976317	0.858940695988	0.858563334944	1.52310020783	0.992993929435	0.686328071532	0.636075838569	0.910193204447	0.886703914935	1.37008082649	0.544527138714	0.817633073949	0.72264540841	0.586142953117	0.546651686805	0.869068579024	0.748512875785	0.820925002417	0.772874929918	1.00713560174	0.807547694538	0.908459231513	0.484852895118	0.82224542291	0.550182817786	0.600950531658	1.01127406477	0.954021556307	0.513857452876	1.03048619623	0.976487046883	1.0876659449	1.07213331078	0.880761913968	0.991910096665	1.23651530691	1.12790375544	0.861151938134	0.892366607057	0.910963305945	0.854252522958	0.615028453359	1.04406637506	0.631960502658	0.993403687772	0.753755108748	1.04344554857
AF3	1.01034335428	0.834786607057	2.51720541808	1.17812109715	1.07059839053	0.332740043499	1.37692525858	0.468736423393	0.386983566941	0.968101358144	0.0	0.868233697438	0.66323320928	2.19359475592	0.920816689222	0.863939241179	0.508918206863	0.488638709522	2.0479741131	1.49290652006	1.06066764137	0.790772624456	0.393392097632	0.411069159014	1.96876765587	0.916293600773	0.448946109232	0.612447443209	0.839549444176	0.934450231996	0.821875321411	0.650772619623	0.444699014016	0.444970633156	1.18248652972	0.952647216046	0.47247419043	0.848765050749	0.517674185597	0.963499458676	0.734531899468	1.47059826486	1.42339432093	0.796223760271	0.657707912035	0.549946433059	1.21805676655	0.956123243113	1.07635016433	1.01473406477	1.0120382987	1.09250202997	0.771949690672	0.781115031416	0.759861126148	0.758252295795	0.840849386177	1.05125437409	0.87567542291	0.964845248913	0.578449449009	0.936786394393
AF4	0.808639130014	0.472108356694	2.26951546158	0.893527138714	0.312958786854	0.603617356211	0.95927521508	0.652087520541	0.811458608023	0.625925959401	0.868233697438	0.0	0.648740410826	1.94213094732	0.532031681972	0.602974485259	0.845582402127	0.848590831319	1.61308754954	1.07173279362	0.935991459642	0.874500869985	1.04284858869	1.04946126148	1.4508342001	0.668039971	0.878985509908	0.893204320928	0.780479458676	0.742715877235	1.04653756404	0.904249816336	0.816754074432	0.789091493475	0.811964016433	0.585372948284	0.780607626873	0.640057539874	0.69434261479	0.575865210246	0.597439178347	1.16634072015	1.13910908168	0.522674693088	0.921091701305	0.86477699855	0.834925224746	0.783411362977	0.616205205413	0.722231831803	0.944935389077	0.843942716288	0.594685553407	0.677649096182	0.708267467376	0.672599729338	0.72029720638	0.774329395843	0.683447554374	0.743502416626	0.6904220058	0.754322924118
AG3	0.751459685839	0.463935389077	2.32339968101	0.842227472209	0.819158637023	0.468424823586	1.09327619623	0.523828801353	0.600465041083	0.707268980184	0.66323320928	0.648740410826	0.0	1.98108124698	0.530396201063	0.546391822136	0.537623557274	0.542920454326	1.77150333011	1.21264064766	0.909756587724	0.625231778637	0.671322783954	0.714041034316	1.6316537796	0.634110550991	0.548498748188	0.591415374577	0.65037680522	0.705353078782	0.811424934751	0.641915099082	0.581027486709	0.535437655872	1.04137516675	0.781371831803	0.733663658772	0.638418105365	0.58976462059	0.6807079797	0.482199966167	1.26157830836	1.20588723055	0.542655181247	0.834804243596	0.774390758821	1.03239685839	0.790740106332	0.832226447559	0.837115857902	0.949785891735	0.937704287095	0.599594596423	0.659665099082	0.65914340261	0.606656911551	0.500087457709	0.903725447076	0.520954760754	0.795109091348	0.377288119865	0.761793890768
AG4	1.93994577574	1.88849293378	0.371315495408	1.16822203963	1.86482307395	2.07055076849	1.56771982117	2.00831952151	2.02230317545	1.80913953601	2.19359475592	1.94213094732	1.98108124698	0.0	1.81833074915	1.93863675205	2.16624744321	2.18274665056	0.909581503142	1.1897520638	1.66208650556	1.85862056549	2.08028694055	2.08611435476	1.64605234896	1.85854236346	2.06139311261	1.97002337844	1.58533033833	1.52860382794	2.1479520493	2.1026161914	1.97677605123	2.08096663606	2.27794580957	2.16105246979	2.30767240696	1.64588931851	2.22822894152	1.98702823103	2.05578051716	1.0287678202	1.06168088932	1.75459538424	2.40068710488	2.32462937651	2.34867834703	2.35521175447	2.20548957951	2.32205185597	2.46007060899	2.40581351861	2.25367253746	2.29552967134	2.28486753987	2.26039237796	1.96341940551	2.36514467376	1.97740936684	2.33008276945	2.07523454809	2.32509523441
AH3	0.78983702755	0.263972527791	2.13887150314	0.783170439826	0.634113755437	0.718501324311	0.840312358627	0.647028869019	0.739624673755	0.544202455292	0.920816689222	0.532031681972	0.530396201063	1.81833074915	0.0	0.543926089898	0.789175282745	0.807757902368	1.56416673272	1.02250991783	0.870292498792	0.775035693572	0.918822474625	0.957317670372	1.46065256162	0.670143252779	0.776580952151	0.778519250846	0.656439637506	0.633304552924	1.02247827453	0.869039942001	0.700792687289	0.727142576124	1.03302104398	0.811465055582	0.91758277912	0.52038262929	0.796785277912	0.584039995167	0.570204954084	1.0266959014	0.971566186564	0.459617897535	1.03987946834	0.981653407443	1.05022909618	0.926219884002	0.819884262929	0.919488985017	1.08742886902	1.02615379894	0.799933436443	0.82443138231	0.817859893668	0.785998844853	0.608796940551	0.96190377477	0.594845500242	0.913456766554	0.646940029	0.899306176897
AH4	0.312589091348	0.336070865152	2.2686421943	0.868204436926	0.710768274529	0.664064668922	0.911289768004	0.660039028516	0.775623620106	0.549200976317	0.863939241179	0.602974485259	0.546391822136	1.93863675205	0.543926089898	0.0	0.645420647656	0.650333146448	1.49789884485	1.02895240213	0.821919990333	0.648299589174	0.787981672305	0.796071358144	1.40678874335	0.509345321411	0.677583861769	0.612898342194	0.636703871435	0.629278124698	0.767221628806	0.608044088932	0.749149845336	0.713701029483	1.01964103432	0.781696906718	0.859824200097	0.645959768004	0.699044417593	0.500269980667	0.443830811986	1.20084200097	1.14569646206	0.569461039149	0.972936887385	0.929848390527	0.965416297728	0.846643508942	0.818709647173	0.814569874335	1.00893077332	0.919609342678	0.607345606573	0.662486926051	0.686058028033	0.607360836153	0.395871246979	0.84674242146	0.37986641856	0.819119521508	0.530644108265	0.816863412276
AA7	0.80779298695	0.683063054616	2.48240896085	1.13170212663	0.962235659739	0.545490043499	1.26109693088	0.531998564524	0.517628240696	0.858940695988	0.508918206863	0.845582402127	0.537623557274	2.16624744321	0.789175282745	0.645420647656	0.0	0.136070613823	1.83957666022	1.32303987434	0.998088226196	0.661235355244	0.457116868052	0.496498695022	1.76297941518	0.760030425326	0.374739357177	0.447359714838	0.754993286612	0.854964330594	0.654071401643	0.400427974867	0.486562576124	0.508294146931	1.19545482842	0.97419742871	0.568932416626	0.821162580957	0.497793697438	0.86940139681	0.660528675689	1.4324559304	1.38822230063	0.78913478492	0.742956326728	0.653420879652	1.11251432576	0.866568438859	1.05538679555	0.971676428226	0.90849956984	0.997971730304	0.661834963751	0.67012219913	0.641695659739	0.644939743838	0.546984963751	0.939978728855	0.570683798937	0.935476466892	0.448579439343	0.85309457709
AA8	0.799240497825	0.69735842436	2.5010222523	1.14493041083	0.97128442726	0.525705480909	1.26265900918	0.540200478492	0.524471459642	0.858563334944	0.488638709522	0.848590831319	0.542920454326	2.18274665056	0.807757902368	0.650333146448	0.136070613823	0.0	1.85500691638	1.32257445143	0.972510391493	0.640100053166	0.446270865152	0.481148767521	1.7438060174	0.739418003867	0.357811768971	0.417313876269	0.74826222813	0.850158260029	0.592034272595	0.340873794103	0.501661551474	0.514156863219	1.18586552924	0.974587230546	0.547146955051	0.834429163847	0.48982882552	0.861430270662	0.669160604157	1.45995518608	1.41067569841	0.792980304495	0.724431106815	0.646831899468	1.11834466892	0.861192547124	1.05008460126	0.961024393427	0.906434649589	0.990003620106	0.667264301595	0.670639434509	0.640056781054	0.643707535041	0.579022054132	0.947528540358	0.601284349927	0.929111333978	0.436200135331	0.853464272595
AB7	1.46885885935	1.56008895602	1.16046760271	1.06970892702	1.47604409377	1.87492565007	1.30223844369	1.86631775737	1.98151395843	1.52310020783	2.0479741131	1.61308754954	1.77150333011	0.909581503142	1.56416673272	1.49789884485	1.83957666022	1.85500691638	0.0	0.617850869986	1.50429212663	1.63362702755	1.94669317061	1.93712298212	1.1028017303	1.50082109232	1.86436624456	1.73120403093	1.37641123248	1.25996754471	1.76221181247	1.74066496375	1.90621299178	1.93063040116	1.92181804253	1.85863260029	2.03357863702	1.50633235863	1.9303841131	1.53769354277	1.65747538908	1.02742591107	1.0540120493	1.53968510391	2.14894739004	2.11673139198	1.95416101015	1.99291914451	1.85893613823	1.91246378927	2.11067951667	2.01866720155	1.84438274045	1.88504646689	1.88123378927	1.84086946351	1.63399894635	1.95818616723	1.62739638956	1.94626081199	1.78550036249	1.96093869986
AB8	1.04419608023	1.02906817786	1.50485019816	0.527421546641	1.01339859836	1.31821099082	0.828386326728	1.30638987434	1.42656365877	0.992993929435	1.49290652006	1.07173279362	1.21264064766	1.1897520638	1.02250991783	1.02895240213	1.32303987434	1.32257445143	0.617850869986	0.0	1.01512019333	1.10017231029	1.38691693572	1.3734221073	1.09912142581	0.958233479942	1.30579442726	1.17131906718	0.795900285162	0.688712440793	1.26082694538	1.21125307878	1.36109030933	1.37861871919	1.45172189464	1.34690329628	1.49943325761	0.9541079942	1.3978082262	1.06617803287	1.16275318995	0.710570903818	0.697346176897	0.993026916385	1.62133211213	1.57056551957	1.54619877235	1.51331112615	1.38222580957	1.44317301595	1.64143990817	1.57463678589	1.39178186564	1.42097114065	1.41810490092	1.38908472209	1.1298439971	1.51334289512	1.13840761721	1.46637028033	1.23872702755	1.48358169164
AC7	0.815518003867	0.85352677622	1.97859304978	0.909291512808	1.02684237796	0.894169550507	0.86998521508	0.920586529725	1.00179458192	0.686328071532	1.06066764137	0.935991459642	0.909756587724	1.66208650556	0.870292498792	0.821919990333	0.998088226196	0.972510391493	1.50429212663	1.01512019333	0.0	0.462323494442	0.968138540358	0.947727530208	1.39103123731	0.698467167714	0.917400903818	0.794478371194	0.584899560174	0.561608351861	0.868452116965	0.808929995167	0.922605998067	0.89059738521	1.28007456742	1.12948129531	1.16341824553	0.726972827453	1.07634384727	0.951348260029	0.934748888352	1.1434818173	1.10575866602	0.741472039633	1.12092710488	1.04881892702	1.45811580474	1.39178637989	1.22501591107	1.32228770904	1.52774282745	1.47072022716	1.12707389077	1.19300345578	1.19185710971	1.12563731754	0.878563165781	1.39862807637	0.884242648623	1.28973694055	0.907181527308	1.36372243596
AC8	0.721064949251	0.708534649589	2.1785341856	0.934223455776	1.02491243596	0.635772203963	0.988936877719	0.605161034316	0.681149724505	0.636075838569	0.790772624456	0.874500869985	0.625231778637	1.85862056549	0.775035693572	0.648299589174	0.661235355244	0.640100053166	1.63362702755	1.10017231029	0.462323494442	0.0	0.641163504108	0.64393240696	1.53052310295	0.574942725955	0.511412827453	0.389139120348	0.48117319478	0.563271140648	0.628452943451	0.509651005317	0.60090118898	0.606710072499	1.17388951667	0.906974862252	0.843817641373	0.657255828903	0.756910454326	0.830397477042	0.711767829869	1.17563761721	1.126210174	0.670290497825	0.871775026583	0.816583059449	1.32828234413	1.08430699372	1.05271921218	1.08827329145	1.21744505558	1.22637316578	0.852383455776	0.883869888835	0.884460662156	0.842053175447	0.552055611406	1.17686965684	0.6150179942	1.01113348478	0.584338844853	1.0577919623
AD7	0.92170040116	0.852038347028	2.39624653456	1.11360951184	1.20295175447	0.589844098598	1.32285035766	0.559181126148	0.43392881102	0.910193204447	0.393392097632	1.04284858869	0.671322783954	2.08028694055	0.918822474625	0.787981672305	0.457116868052	0.446270865152	1.94669317061	1.38691693572	0.968138540358	0.641163504108	0.0	0.128973127115	1.87356993233	0.769194601257	0.34672217013	0.445019144514	0.702973218946	0.817112624456	0.719491546641	0.522863576607	0.436994920251	0.515974146931	1.3414158144	1.09962289029	0.619437288545	0.820192305462	0.66769958434	1.02742531174	0.829730879652	1.37118865152	1.31049628806	0.840768540358	0.784228090865	0.66412677622	1.34741126148	1.08884874819	1.2146918318	1.16891396327	1.12639810053	1.23576108748	0.907864533591	0.889932426293	0.853278849686	0.885040111165	0.721179685839	1.19429468826	0.775920869985	1.12143461092	0.591699342678	1.06846060899
AD8	0.915421077815	0.871300956984	2.40198307395	1.12673506042	1.20828249396	0.607155263412	1.29526692605	0.561315306912	0.478621106815	0.886703914935	0.411069159014	1.04946126148	0.714041034316	2.08611435476	0.957317670372	0.796071358144	0.496498695022	0.481148767521	1.93712298212	1.3734221073	0.947727530208	0.64393240696	0.128973127115	0.0	1.83579341228	0.741701899468	0.376382759787	0.457056882552	0.703856331561	0.810873107782	0.696622469792	0.521233890768	0.483623639439	0.53498977767	1.34584736588	1.10230133398	0.611426858386	0.817719091348	0.674154238763	1.02761921218	0.833540729821	1.37384864186	1.31765082649	0.836792329628	0.77619817303	0.663847249879	1.35918882552	1.09682566457	1.21716884485	1.16778840503	1.13751144998	1.24458560174	0.909594876752	0.888843765104	0.859411377477	0.884166549058	0.747098738521	1.20215576124	0.800257245046	1.11519792653	0.618103682939	1.07997455776
AE7	1.35622467859	1.4704918753	1.89680478975	1.2784398695	1.31055724021	1.74469486225	1.21985710005	1.78561486709	1.90991445143	1.37008082649	1.96876765587	1.4508342001	1.6316537796	1.64605234896	1.46065256162	1.40678874335	1.76297941518	1.7438060174	1.1028017303	1.09912142581	1.39103123731	1.53052310295	1.87356993233	1.83579341228	0.0	1.12739855002	1.79409820203	1.66284695022	1.3537719768	1.272570087	1.57467346544	1.57959531658	1.8533819043	1.8265342291	1.73435351861	1.71859497825	1.93981597873	1.48287928951	1.83722971967	1.38394656356	1.56643520541	1.45511641856	1.45906690672	1.46540933784	1.98708849203	1.96567767521	1.71269150797	1.83716586274	1.66684669406	1.71599890768	1.98592310295	1.82173381344	1.68447849686	1.72912502658	1.7472219768	1.66394927018	1.5698682842	1.76618925085	1.53497528758	1.79013761237	1.69109849686	1.82064005317
AE8	0.64685980667	0.570605302078	2.17773980184	0.86916557274	0.814827187047	0.714500459159	0.914321169647	0.715573571774	0.843640183664	0.544527138714	0.916293600773	0.668039971	0.634110550991	1.85854236346	0.670143252779	0.509345321411	0.760030425326	0.739418003867	1.50082109232	0.958233479942	0.698467167714	0.574942725955	0.769194601257	0.741701899468	1.12739855002	0.0	0.727520280329	0.637018840019	0.553355930401	0.51444358144	0.735202851619	0.634237655872	0.787553910101	0.770338656356	1.11006407443	0.866298661189	0.897195070082	0.605217723538	0.817872174964	0.642869743838	0.614628632189	1.17277841953	1.11280030449	0.584044765587	1.00697576124	0.96075179797	1.15650583374	1.0277259884	0.910908598357	0.979864050266	1.18657471242	1.1290958144	0.831015490575	0.865120869985	0.868966046399	0.827043218946	0.636441536974	1.06042452392	0.631613847269	0.966673426776	0.672408530691	1.00703463026
AF7	0.816199623006	0.698233131948	2.37700641373	1.07116951667	1.02814793137	0.493901474142	1.22437969067	0.454109134848	0.397819710005	0.817633073949	0.448946109232	0.878985509908	0.548498748188	2.06139311261	0.776580952151	0.677583861769	0.374739357177	0.357811768971	1.86436624456	1.30579442726	0.917400903818	0.511412827453	0.34672217013	0.376382759787	1.79409820203	0.727520280329	0.0	0.246239690672	0.654150961817	0.755586752054	0.685369888835	0.502280961817	0.367652402127	0.425931667472	1.16381932818	0.92313719188	0.529708003867	0.725997733204	0.538863948768	0.863951657806	0.65922060899	1.36330785404	1.30300651039	0.717898840019	0.727776486225	0.629261793137	1.20840298212	0.954224548091	1.03303493958	1.01938050266	0.994693958434	1.09792509425	0.760054639923	0.76582439826	0.735587148381	0.755318028033	0.597387124215	1.04841900435	0.635066568391	0.958226785887	0.453043175447	0.934488250362
AF8	0.701560212663	0.690629130014	2.28947501692	1.00332148381	1.03419840019	0.551702440793	1.11464464959	0.493331561141	0.503270256162	0.72264540841	0.612447443209	0.893204320928	0.591415374577	1.97002337844	0.778519250846	0.612898342194	0.447359714838	0.417313876269	1.73120403093	1.17131906718	0.794478371194	0.389139120348	0.445019144514	0.457056882552	1.66284695022	0.637018840019	0.246239690672	0.0	0.556454615756	0.659043059449	0.618916394393	0.430476795553	0.476701836636	0.50760182697	1.19096769937	0.945168076365	0.658725732238	0.725395335911	0.593983426776	0.85010578057	0.674563702272	1.26780852102	1.20774514741	0.732522938618	0.827436901885	0.758422595457	1.24395987917	0.997696205897	1.03954349444	1.05253017883	1.038259739	1.13845069116	0.793163958434	0.812878946351	0.789969922668	0.79713842436	0.523055688739	1.08739530208	0.586534156597	0.994148922185	0.484187631706	0.97595121798
AG7	0.749599313678	0.64469282262	1.90318202513	0.627176022233	0.860976892218	0.69782839536	0.894312469792	0.620438791687	0.725769724505	0.586142953117	0.839549444176	0.780479458676	0.65037680522	1.58533033833	0.656439637506	0.636703871435	0.754993286612	0.74826222813	1.37641123248	0.795900285162	0.584899560174	0.48117319478	0.702973218946	0.703856331561	1.3537719768	0.553355930401	0.654150961817	0.556454615756	0.0	0.195075490575	0.804175195747	0.675659908168	0.678942000967	0.746899188014	1.25561431126	0.964524016433	0.917826553891	0.491104451426	0.835480381827	0.816652643789	0.71550658289	0.950767109715	0.885409710005	0.475307075882	1.05116952634	0.988468366361	1.3265560029	1.11665712421	1.0996517593	1.12759969067	1.25192851619	1.22860082165	0.933310483325	0.961002938618	0.950472097632	0.937881565974	0.644773658772	1.17540286129	0.671397307878	1.10711361044	0.707252803287	1.0924639971
AG8	0.711003156114	0.631580038666	1.85084453359	0.575473842436	0.830973929435	0.770013059449	0.807943823103	0.737627583374	0.862274881585	0.546651686805	0.934450231996	0.742715877235	0.705353078782	1.52860382794	0.633304552924	0.629278124698	0.854964330594	0.850158260029	1.25996754471	0.688712440793	0.561608351861	0.563271140648	0.817112624456	0.810873107782	1.272570087	0.51444358144	0.755586752054	0.659043059449	0.195075490575	0.0	0.86380338811	0.764021401643	0.791172899952	0.818418912518	1.21795278879	0.975940985984	1.01662930401	0.459724446593	0.906230140164	0.775855142581	0.725084161431	0.910649009183	0.852091928468	0.480490976317	1.10045346544	1.04811955534	1.29032439826	1.16704476559	1.06667416143	1.15895901885	1.3046839681	1.26620217013	0.984283199613	0.997837501208	0.991648931851	0.973188231029	0.700405495408	1.19422085549	0.72087540841	1.13882630739	0.76552702755	1.14195960367
AH7	0.782943847269	0.891126191397	2.44943080232	1.25262233446	1.17426083615	0.801963533108	1.20692560657	0.832270865152	0.885219304012	0.869068579024	0.821875321411	1.04653756404	0.811424934751	2.1479520493	1.02247827453	0.767221628806	0.654071401643	0.592034272595	1.76221181247	1.26082694538	0.868452116965	0.628452943451	0.719491546641	0.696622469792	1.57467346544	0.735202851619	0.685369888835	0.618916394393	0.804175195747	0.86380338811	0.0	0.29790582407	0.878062368294	0.848669637506	1.16904660706	1.02223082165	0.833608690188	0.948800120831	0.79061522958	0.961779014016	0.834639555341	1.46072328178	1.41206567907	0.932946785887	0.945321435476	0.903341213146	1.28264416143	1.04148753504	1.15902654906	1.07224839053	1.14772244563	1.17171998067	0.845266336394	0.840019516675	0.81056358144	0.816348477525	0.753891899468	1.13340056066	0.795458061866	1.01984560657	0.705005041083	1.03985437893
AH8	0.725654736588	0.742108835186	2.42351919768	1.11626058966	1.03332015466	0.593150613823	1.13925529725	0.636861870469	0.689174581924	0.748512875785	0.650772619623	0.904249816336	0.641915099082	2.1026161914	0.869039942001	0.608044088932	0.400427974867	0.340873794103	1.74066496375	1.21125307878	0.808929995167	0.509651005317	0.522863576607	0.521233890768	1.57959531658	0.634237655872	0.502280961817	0.430476795553	0.675659908168	0.764021401643	0.29790582407	0.0	0.673078931851	0.626831246979	1.16301140648	0.945011164814	0.680039666506	0.832877747704	0.598425248913	0.851477501208	0.692436843886	1.38898430159	1.34432778154	0.811233199613	0.799668303528	0.745107626873	1.18838134364	0.936313281779	1.04796522958	0.969353131948	0.991539279845	1.07467010633	0.720114209763	0.731081841469	0.705998472692	0.702733760271	0.595846162397	1.0322262204	0.636347742871	0.925004905752	0.525075717738	0.926996945384
AA5	0.9350479942	0.658291266312	2.29170469309	1.06011847753	0.977550009667	0.461872387627	1.23858303528	0.34020279362	0.236702948284	0.820925002417	0.444699014016	0.816754074432	0.581027486709	1.97677605123	0.700792687289	0.749149845336	0.486562576124	0.501661551474	1.90621299178	1.36109030933	0.922605998067	0.60090118898	0.436994920251	0.483623639439	1.8533819043	0.787553910101	0.367652402127	0.476701836636	0.678942000967	0.791172899952	0.878062368294	0.673078931851	0.0	0.296666437893	1.23498652972	0.929525060416	0.592064562591	0.651531662639	0.630872455292	0.842311648139	0.667966737554	1.22139741421	1.16057545191	0.611232044466	0.756935277912	0.631560710488	1.30527492992	1.0488918753	1.06352119381	1.10680934751	1.10182798453	1.19910547124	0.835876930884	0.854299381344	0.81467359594	0.845138308362	0.640325403577	1.15567568874	0.685213740938	1.0297360754	0.554701764137	1.03075275495
AA6	0.872451097148	0.667482266796	2.40651751087	1.10680380377	0.958314833253	0.382147080715	1.18083967134	0.325047365877	0.352144301595	0.772874929918	0.444970633156	0.789091493475	0.535437655872	2.08096663606	0.727142576124	0.713701029483	0.508294146931	0.514156863219	1.93063040116	1.37861871919	0.89059738521	0.606710072499	0.515974146931	0.53498977767	1.8265342291	0.770338656356	0.425931667472	0.50760182697	0.746899188014	0.818418912518	0.848669637506	0.626831246979	0.296666437893	0.0	1.07819393427	0.804143649106	0.514461159981	0.66726922668	0.511343127115	0.811046892218	0.586890323828	1.33453200097	1.27174640406	0.634703228613	0.521606713388	0.428599482842	1.17781934751	0.923997327211	0.928722324795	0.930976703722	0.98780702755	1.06169522475	0.682301909135	0.734074557757	0.70035301595	0.704121159981	0.636350507492	1.02118750121	0.683792319961	0.862348061866	0.492007322378	0.907454185597
AB5	1.09611691155	0.950305915901	2.5938419913	1.35878944418	0.870151416143	1.05318246496	1.25102290478	1.07497435959	1.22632151281	1.00713560174	1.18248652972	0.811964016433	1.04137516675	2.27794580957	1.03302104398	1.01964103432	1.19545482842	1.18586552924	1.92181804253	1.45172189464	1.28007456742	1.17388951667	1.3414158144	1.34584736588	1.73435351861	1.11006407443	1.16381932818	1.19096769937	1.25561431126	1.21795278879	1.16904660706	1.16301140648	1.23498652972	1.07819393427	0.0	0.387570449493	0.939752542291	1.08546734654	0.935467066216	0.844839105848	0.86732159014	1.57187454809	1.54114896085	1.02509678589	0.93719681972	0.945922455292	0.793930024166	0.884796007733	0.733821556307	0.782152107298	1.0257022668	0.887832706622	0.793376152731	0.855764983084	0.927867327211	0.869452880619	1.06506333978	0.827043813436	1.0276459739	0.796910357661	1.01555142581	0.861762348961
AB6	0.947522450459	0.720880357661	2.48798872885	1.19282543258	0.744319826003	0.77266378927	1.09502515708	0.775945157081	0.938428646689	0.807547694538	0.952647216046	0.585372948284	0.781371831803	2.16105246979	0.811465055582	0.781696906718	0.97419742871	0.974587230546	1.85863260029	1.34690329628	1.12948129531	0.906974862252	1.09962289029	1.10230133398	1.71859497825	0.866298661189	0.92313719188	0.945168076365	0.964524016433	0.975940985984	1.02223082165	0.945011164814	0.929525060416	0.804143649106	0.387570449493	0.0	0.726243852102	0.823791184147	0.730595321411	0.714312977284	0.636524973417	1.40882558724	1.3777301015	0.714810521991	0.736388525858	0.7400819913	0.768974441759	0.679530884485	0.544536694055	0.5864220058	0.834428695022	0.728756911551	0.574620299662	0.669855606573	0.743728951184	0.6856339826	0.787774369261	0.660340961817	0.760661643306	0.572251159981	0.790886283229	0.657358946351
AC5	0.998279826003	0.817040884485	2.63607049299	1.33034043016	0.998603591107	0.592523301112	1.30909452876	0.519010652489	0.542369424843	0.908459231513	0.47247419043	0.780607626873	0.733663658772	2.30767240696	0.91758277912	0.859824200097	0.568932416626	0.547146955051	2.03357863702	1.49943325761	1.16341824553	0.843817641373	0.619437288545	0.611426858386	1.93981597873	0.897195070082	0.529708003867	0.658725732238	0.917826553891	1.01662930401	0.833608690188	0.680039666506	0.592064562591	0.514461159981	0.939752542291	0.726243852102	0.0	0.829814388594	0.422620497825	0.893172469792	0.704569927501	1.5844042291	1.5195258144	0.804695524408	0.468463552441	0.394025969067	0.991073740938	0.727534050266	0.879823339778	0.811560367327	0.780126215563	0.843480164331	0.571387834703	0.561335650072	0.556009468342	0.608138385694	0.800637854036	0.834611464476	0.825382160464	0.759506273562	0.61721982117	0.70883157564
AC6	0.826358255196	0.540257738038	1.97336086032	0.689639236346	0.729821710971	0.66639942001	0.731801445143	0.605407757371	0.738698912518	0.484852895118	0.848765050749	0.640057539874	0.638418105365	1.64588931851	0.52038262929	0.645959768004	0.821162580957	0.834429163847	1.50633235863	0.9541079942	0.726972827453	0.657255828903	0.820192305462	0.817719091348	1.48287928951	0.605217723538	0.725997733204	0.725395335911	0.491104451426	0.459724446593	0.948800120831	0.832877747704	0.651531662639	0.66726922668	1.08546734654	0.823791184147	0.829814388594	0.0	0.804883847269	0.669965476075	0.617786094732	0.801858260029	0.739348400193	0.313009217013	0.994007588207	0.911834229096	1.18121566941	1.07381231513	0.945368390527	1.04952043983	1.19906436443	1.14957029	0.877338269696	0.935676669889	0.928568458192	0.893721077815	0.646950908652	1.09436649106	0.65983239246	1.02641993717	0.692536481392	1.0424059739
AD6	0.84644939101	0.64936118898	2.55463867569	1.17169574674	0.838313678105	0.457648902852	1.21273605123	0.433510676655	0.601097201547	0.82224542291	0.517674185597	0.69434261479	0.58976462059	2.22822894152	0.796785277912	0.699044417593	0.497793697438	0.48982882552	1.9303841131	1.3978082262	1.07634384727	0.756910454326	0.66769958434	0.674154238763	1.83722971967	0.817872174964	0.538863948768	0.593983426776	0.835480381827	0.906230140164	0.79061522958	0.598425248913	0.630872455292	0.511343127115	0.935467066216	0.730595321411	0.422620497825	0.804883847269	0.0	0.734921831803	0.472521793137	1.50238492992	1.4436177767	0.767859840503	0.587151938134	0.52485421943	0.866732711455	0.629202832286	0.79454057999	0.689864838086	0.688686326728	0.770173856936	0.461707230546	0.455207419043	0.444172150797	0.455551527308	0.621284093765	0.718520507492	0.649695650072	0.660141435476	0.430265036249	0.609011000483
AE5	0.599251899468	0.483662315128	2.31666711938	0.933166810053	0.611792967617	0.752308076365	0.851652344128	0.737646060899	0.911407095215	0.550182817786	0.963499458676	0.575865210246	0.6807079797	1.98702823103	0.584039995167	0.500269980667	0.86940139681	0.861430270662	1.53769354277	1.06617803287	0.951348260029	0.830397477042	1.02742531174	1.02761921218	1.38394656356	0.642869743838	0.863951657806	0.85010578057	0.816652643789	0.775855142581	0.961779014016	0.851477501208	0.842311648139	0.811046892218	0.844839105848	0.714312977284	0.893172469792	0.669965476075	0.734921831803	0.0	0.350979990333	1.19539801353	1.15814888835	0.582739574674	1.02979749154	1.0084119043	0.883262112131	0.849057849203	0.77193741421	0.754692450459	1.02933419043	0.912096703722	0.64151080232	0.698364649589	0.729166278395	0.638284920251	0.582782271629	0.836642928951	0.539256176897	0.780599922668	0.670884142098	0.829066220396
AE6	0.611108931851	0.405036273562	2.38692482842	0.993202672789	0.699063117448	0.537791768971	0.959714006767	0.533564214596	0.692991077815	0.600950531658	0.734531899468	0.597439178347	0.482199966167	2.05578051716	0.570204954084	0.443830811986	0.660528675689	0.669160604157	1.65747538908	1.16275318995	0.934748888352	0.711767829869	0.829730879652	0.833540729821	1.56643520541	0.614628632189	0.65922060899	0.674563702272	0.71550658289	0.725084161431	0.834639555341	0.692436843886	0.667966737554	0.586890323828	0.86732159014	0.636524973417	0.704569927501	0.617786094732	0.472521793137	0.350979990333	0.0	1.28422838569	1.22651264862	0.523132479459	0.820613924601	0.785935770904	0.869202914451	0.703409652006	0.701275548574	0.667941198647	0.854583305945	0.790382319961	0.496150434993	0.526674983084	0.528590396327	0.486495360077	0.442474093765	0.725315137748	0.441777365877	0.648145345578	0.459706703722	0.681130367327
AF5	1.25791197197	1.12799891735	1.35228860319	0.612746099565	1.12301117448	1.32482358627	0.814004287095	1.25497469792	1.30309	1.01127406477	1.47059826486	1.16634072015	1.26157830836	1.0287678202	1.0266959014	1.20084200097	1.4324559304	1.45995518608	1.02742591107	0.710570903818	1.1434818173	1.17563761721	1.37118865152	1.37384864186	1.45511641856	1.17277841953	1.36330785404	1.26780852102	0.950767109715	0.910649009183	1.46072328178	1.38898430159	1.22139741421	1.33453200097	1.57187454809	1.40882558724	1.5844042291	0.801858260029	1.50238492992	1.19539801353	1.28422838569	0.0	0.123099990333	0.92970438376	1.68211889802	1.60209756404	1.67467971967	1.63984524891	1.52230186564	1.61653749154	1.75520557274	1.72334959401	1.5137159884	1.57323318028	1.5718501015	1.52929840986	1.20193560657	1.65838998067	1.21779677139	1.59866563074	1.35687239246	1.60816463992
AF6	1.2095320203	1.06877759304	1.38556339294	0.579085790237	1.09617893668	1.27562257129	0.775198313195	1.19465160464	1.235830232	0.954021556307	1.42339432093	1.13910908168	1.20588723055	1.06168088932	0.971566186564	1.14569646206	1.38822230063	1.41067569841	1.0540120493	0.697346176897	1.10575866602	1.126210174	1.31049628806	1.31765082649	1.45906690672	1.11280030449	1.30300651039	1.20774514741	0.885409710005	0.852091928468	1.41206567907	1.34432778154	1.16057545191	1.27174640406	1.54114896085	1.3777301015	1.5195258144	0.739348400193	1.4436177767	1.15814888835	1.22651264862	0.123099990333	0.0	0.875626926051	1.62155178347	1.54165853069	1.64059532141	1.59176211696	1.48070712421	1.57582900435	1.69802964234	1.68258534074	1.45940150797	1.51586296278	1.50858328661	1.47629655389	1.1438522233	1.62193434026	1.16262569357	1.56501203963	1.29939576607	1.56213728371
AG5	0.787482909618	0.459797240213	2.08136239246	0.753189410343	0.612099386177	0.590963620106	0.7974739971	0.562531329145	0.680049743838	0.513857452876	0.796223760271	0.522674693088	0.542655181247	1.75459538424	0.459617897535	0.569461039149	0.78913478492	0.792980304495	1.53968510391	0.993026916385	0.741472039633	0.670290497825	0.840768540358	0.836792329628	1.46540933784	0.584044765587	0.717898840019	0.732522938618	0.475307075882	0.480490976317	0.932946785887	0.811233199613	0.611232044466	0.634703228613	1.02509678589	0.714810521991	0.804695524408	0.313009217013	0.767859840503	0.582739574674	0.523132479459	0.92970438376	0.875626926051	0.0	0.923311739971	0.874380053166	1.10356127115	0.956945698405	0.861901735138	0.938780231996	1.11868261962	1.04442077332	0.752781764137	0.82241297245	0.827456563557	0.767682223296	0.608452933784	0.984327472209	0.608468289029	0.913729946834	0.632482266796	0.942029449009
