	AA3	AA4	AB3	AB4	AC3	AC4	AD3	AD4	AE3	AE4	AF3	AF4	AG3	AG4	AH3	AH4	AA7	AA8	AB7	AB8	AC7	AC8	AD7	AD8	AE7	AE8	AF7	AF8	AG7	AG8	AH7	AH8	AA5	AA6	AB5	AB6	AC5	AC6	AD6	AE5	AE6	AF5	AF6	AG5	AH5	AH6	AA1	AA2	AB1	AB2	AC1	AC2	AD1	AD2	AE1	AE2	AF1	AF2	AG1	AG2	AH1	AH2
AA3	0.0	0.564029458676	2.26191171097	1.00990424843	0.888796051232	0.812954867086	0.859886650556	0.824601841469	0.912615113581	0.705505147414	1.00486600773	0.774153934268	0.764986906718	1.8984801885	0.790411696472	0.326628849686	0.861150874819	0.791170657322	1.44575549058	1.03862582407	0.777364354761	0.685397303045	0.951299473175	0.910799038183	1.35492126148	0.580832261962	0.847289400677	0.736312029966	0.751366172064	0.713920652489	0.778374340261	0.745584050266	0.930368646689	0.894822126631	1.09013207347	0.954756534558	0.990112324795	0.824738753021	0.794130618656	0.605837254712	0.6174439826	1.27668863219	1.21557930884	0.763760604157	1.150109768	1.11366847753	1.01146638473	1.01853967617	0.979900956984	0.866438371194	1.11541130981	1.03352565007	0.692508559691	0.764166476559	0.836679782504	0.710891517641	0.578245398743	0.963648583857	0.563390304495	0.947288714355	0.67276441276	0.998583011116
AA4	0.564029458676	0.0	2.27426493958	0.934015853069	0.708005181247	0.552362846786	0.865964925085	0.47666838086	0.640091754471	0.593977641373	0.777474905752	0.493739884002	0.42957078782	1.91140556791	0.339586868052	0.310845906235	0.64703777187	0.571516394393	1.59153519575	1.02660882552	0.829427501208	0.571575529241	0.807462861286	0.757805519575	1.50904224263	0.635061527308	0.645605944901	0.608436230063	0.610542948284	0.65926500725	0.810643112615	0.650868917351	0.626406466892	0.594435712905	0.943968956017	0.695888429193	0.738088269696	0.553215258579	0.592336317061	0.514999995167	0.420920613823	1.21700383277	1.10779548574	0.477668419526	0.92934777187	0.852442759787	1.0051379797	0.874372701788	0.800188724021	0.776844775254	0.997273721605	0.925507936201	0.614271986467	0.665197520541	0.693060241663	0.629111706138	0.407076906718	0.877463320445	0.395879888835	0.800284533591	0.428727211213	0.840780724988
AB3	2.26191171097	2.27426493958	0.0	1.45265652006	2.21400985017	2.4219780232	1.95039916385	2.26783470275	2.36019043983	2.11659802803	2.53880265829	2.27915517641	2.35513725471	0.40132417593	2.1661818608	2.29746505558	2.50283437893	2.5018658869	1.1593580667	1.52384172064	2.00287851136	2.1881040841	2.43935464476	2.41766468826	1.92371673272	2.17953738038	2.38547729338	2.31472226196	1.93417923635	1.84600140164	2.46337883035	2.47826098115	2.33161804737	2.39456536008	2.56544036249	2.4918518898	2.62526340744	1.9690400725	2.56761947801	2.30598500242	2.44332836636	1.31282565007	1.4096538231	2.10103196713	2.7525042726	2.68417538424	2.69932109232	2.71737185114	2.5782078057	2.63233541808	2.79572687772	2.74939438376	2.57517155147	2.62905533591	2.64259692605	2.5925137941	2.33412414693	2.70619851619	2.32798557274	2.68368888352	2.40113880135	2.70250096665
AB4	1.00990424843	0.934015853069	1.45265652006	0.0	0.949397042049	1.0807338956	0.797366085065	0.989537631706	1.11840744321	0.832273136781	1.25251808603	0.957114857419	0.929052856452	1.07509950701	0.871174871919	0.964117390043	1.21961306428	1.1822880812	1.01194343161	0.499849202513	0.923288448526	0.939835490575	1.19692098598	1.1466740841	1.28452833253	0.922388612856	1.15160791687	1.06010151764	0.668326012566	0.644329386177	1.28130520058	1.22269414693	1.13121484775	1.14845347028	1.40292111648	1.25442171097	1.36187612856	0.723488472692	1.23060301595	0.975345012083	1.10980835669	0.603075645239	0.509784862252	0.824838337361	1.48999879169	1.41825687289	1.48152948284	1.43834260029	1.34984864669	1.35862052199	1.55984691638	1.49854172064	1.25594103432	1.32700084582	1.35574055099	1.28299919768	1.0377320058	1.46017602223	1.03218869502	1.39204956017	1.07713333978	1.41128956984
AC3	0.888796051232	0.708005181247	2.21400985017	0.949397042049	0.0	0.75794878202	0.84767777187	0.811897863702	0.959755553407	0.70462459159	1.08146012566	0.306984069599	0.839500966651	1.85519932334	0.689308269696	0.767218105365	1.05872266312	0.960526118898	1.4803380377	1.01155583374	1.08382006767	1.00417217496	1.27917904302	1.20810250362	1.30718985017	0.814898318028	1.10026607057	1.08258495892	0.911706863219	0.921597448043	1.19512864186	1.04833325761	1.01044071532	0.982083020783	0.82319420493	0.74688	0.990081773804	0.76337619623	0.87536282262	0.64473019333	0.714703697438	1.19206827936	1.08916655389	0.618906022233	1.18985715805	1.13299572257	0.884335244079	0.964927675205	0.797078148864	0.814742725955	1.09289379894	0.974354538424	0.747689850169	0.835140285162	0.885021034316	0.790804572257	0.844391667472	0.9202960029	0.823431836636	0.913782832286	0.85103219913	0.950708651522
AC4	0.812954867086	0.552362846786	2.4219780232	1.0807338956	0.75794878202	0.0	1.12598609957	0.407137926535	0.444311846303	0.807428124698	0.393055432576	0.500457839536	0.435100140164	2.05865230063	0.714420898985	0.623885456742	0.628580734654	0.538696747221	1.84837348961	1.27634603673	0.9215719913	0.645061275979	0.692900778154	0.644450212663	1.72775922185	0.823520343161	0.596674949251	0.575581068149	0.692931633639	0.794975258579	0.831041329145	0.650148699855	0.49484537941	0.420368815853	0.955513890768	0.696829052682	0.553145683905	0.676641730304	0.424930115998	0.759301594973	0.51175139681	1.38231763171	1.28066589174	0.57567838086	0.672737646206	0.617041633639	1.02679060899	0.818718970517	0.808796162397	0.782383939101	0.879970120831	0.922056041566	0.585024741421	0.642746708555	0.639782025133	0.61627641856	0.622777211213	0.911662049299	0.618386718221	0.757888521025	0.439864934751	0.778979685839
AD3	0.859886650556	0.865964925085	1.95039916385	0.797366085065	0.84767777187	1.12598609957	0.0	0.948456969551	1.24807885452	0.401761367811	1.35793509425	0.902720942484	1.07746228613	1.58619262929	0.811290884485	0.893713431609	1.24051111648	1.1872457274	1.32496160947	0.825951585307	0.885496312228	0.935831106815	1.31479840986	1.26161731754	1.21032715805	0.813052928951	1.19616617206	1.08564820203	0.867928018366	0.781629739004	1.16286289512	1.13347011116	1.23118913001	1.16628757854	1.17336028033	1.07533604157	1.24807474142	0.688131406477	1.13521637023	0.781539603673	0.947944939584	0.856342165297	0.795805698405	0.753895838569	1.4340622378	1.36274365394	1.32913727888	1.38742990333	1.18344452392	1.19496181247	1.49780312228	1.41126889802	1.14678947801	1.18296906718	1.24725229096	1.13328374577	0.945226645723	1.34387338811	0.942784891252	1.27636852102	1.09486563074	1.33855369261
AD4	0.824601841469	0.47666838086	2.26783470275	0.989537631706	0.811897863702	0.407137926535	0.948456969551	0.0	0.338942503625	0.626731464476	0.547983131948	0.586895514741	0.469207723538	1.90519970034	0.564098767521	0.588945828903	0.607058284195	0.551297912035	1.77913334944	1.20160080232	0.818481333978	0.535901773804	0.623812798453	0.558464079265	1.69906000967	0.797406573224	0.521251541808	0.509804775254	0.541531464476	0.660477477042	0.796126930884	0.61902139681	0.363568854519	0.375575161914	1.05509651522	0.781528506525	0.598370840986	0.514791730304	0.521466254229	0.711454137264	0.564255055582	1.20842823103	1.09681420976	0.469143953601	0.733515041083	0.678381889802	1.13768518125	0.924859159014	0.961658902852	0.926717873369	0.971521474142	1.03326067666	0.700609453842	0.717836022233	0.676888670855	0.71303358144	0.564443634606	1.02684467376	0.568318274529	0.904073687772	0.48505537941	0.871417235379
AE3	0.912615113581	0.640091754471	2.36019043983	1.11840744321	0.959755553407	0.444311846303	1.24807885452	0.338942503625	0.0	0.915114074432	0.346830004833	0.730206766554	0.544958298695	2.00806352827	0.728625843403	0.692169270179	0.48271282262	0.525322977284	1.93345705172	1.36601112615	0.959445799903	0.676882431126	0.464405461576	0.416525316578	1.86544505558	0.947657312711	0.39303499275	0.493397129048	0.690455630739	0.821658985017	0.847102532624	0.680793547608	0.218243934268	0.313909565007	1.14132245046	0.886315147414	0.49260101015	0.738594842919	0.580451290478	0.925176795553	0.679392909618	1.34663859352	1.24926514258	0.681552624456	0.688781913968	0.642763378444	1.21713409377	0.975295466409	1.04436639439	0.996284852586	1.01701288062	1.10128990817	0.775776278395	0.791574543258	0.738777448043	0.792763450942	0.695476220396	1.10834650072	0.70250537941	0.968233629773	0.548613765104	0.93644702755
AE4	0.705505147414	0.593977641373	2.11659802803	0.832273136781	0.70462459159	0.807428124698	0.401761367811	0.626731464476	0.915114074432	0.0	1.04001094248	0.63683217013	0.77554520058	1.7514762494	0.568627022716	0.629866921218	0.939376747221	0.884684514258	1.49393516675	0.934548545191	0.722814142098	0.662120439826	0.993914229096	0.936815814403	1.32873569841	0.586398279362	0.872137689705	0.774263847269	0.597154538424	0.602835708072	0.94719881102	0.840521918801	0.900420425326	0.835248801353	0.982225862736	0.841795350411	0.945885650072	0.467304876752	0.84642138231	0.557933605607	0.689922537458	1.01168857902	0.901009937168	0.497893049783	1.11530895118	1.05350912035	1.12687274045	1.15718305462	0.97449722088	0.982821140648	1.27432279845	1.18800136298	0.90054500725	0.941211372644	0.991441314645	0.882085944901	0.691905509908	1.12369155631	0.683610637989	1.05429635573	0.794570729821	1.10276191397
AF3	1.00486600773	0.777474905752	2.53880265829	1.25251808603	1.08146012566	0.393055432576	1.35793509425	0.547983131948	0.346830004833	1.04001094248	0.0	0.823105210246	0.63297297245	2.17678151764	0.919011527308	0.827764842919	0.496645002417	0.511836887385	2.04400118898	1.46810441759	1.05994208797	0.804097626873	0.404897380377	0.386533919768	1.98079618173	1.06335539874	0.471585674239	0.613905558241	0.823914084099	0.954160328661	0.834325374577	0.686561251812	0.422482503625	0.447703359111	1.14479675689	0.942042725955	0.452885630739	0.867379125181	0.526442648623	1.00559115998	0.72603157564	1.52862025616	1.43279424843	0.809846379894	0.642897950701	0.591509139681	1.19575782504	0.971271300145	1.08663333494	0.990095031416	1.00999051232	1.06875178347	0.765318260029	0.758137327211	0.750728516191	0.750407104882	0.826367984534	1.06900683905	0.827991778637	0.945857854036	0.59073037216	0.924449076849
AF4	0.774153934268	0.493739884002	2.27915517641	0.957114857419	0.306984069599	0.500457839536	0.902720942484	0.586895514741	0.730206766554	0.63683217013	0.823105210246	0.0	0.604414557757	1.91660916385	0.521889632673	0.589453484775	0.8607040261	0.770640695988	1.60453995167	1.04947481875	0.921469163847	0.78110820203	1.0503058289	0.979834683422	1.44353161914	0.684983083615	0.881096268729	0.866383141614	0.752639207347	0.759348815853	0.998582329628	0.875031817303	0.780589434509	0.752866655389	0.79165561624	0.595750497825	0.771195268246	0.618069101015	0.684283064282	0.566331933301	0.545713914935	1.21772958434	1.10910569357	0.466570826486	0.969220241663	0.905427825036	0.852517312711	0.819568061866	0.677069951667	0.694823634606	0.957028240696	0.866731696472	0.601491483809	0.685151150314	0.734776955051	0.635708535524	0.666354142098	0.825932542291	0.656825447076	0.778602194297	0.638727481875	0.795444910585
AG3	0.764986906718	0.42957078782	2.35513725471	0.929052856452	0.839500966651	0.435100140164	1.07746228613	0.469207723538	0.544958298695	0.77554520058	0.63297297245	0.604414557757	0.0	1.97300993717	0.540925321411	0.548912875785	0.587250937651	0.50382522958	1.77435820203	1.20776526825	0.908157854036	0.578782402127	0.70563919768	0.666000782987	1.64241151281	0.760318569357	0.582953204447	0.570380966651	0.664777506042	0.751903035283	0.807898646689	0.648114804253	0.556740405993	0.512442266796	0.996103900435	0.76728677622	0.678966220396	0.667247119381	0.537377090382	0.707404277429	0.500813837603	1.3225022668	1.22389381344	0.55742121798	0.823753533108	0.76270178347	1.02302176897	0.824621169647	0.852236979217	0.809337660706	0.942561319478	0.915374596423	0.587941391977	0.646591101982	0.670103160947	0.612605451909	0.497464388594	0.924701416143	0.504753653939	0.788076162397	0.364465335911	0.786244649589
AG4	1.8984801885	1.91140556791	0.40132417593	1.07509950701	1.85519932334	2.05865230063	1.58619262929	1.90519970034	2.00806352827	1.7514762494	2.17678151764	1.91660916385	1.97300993717	0.0	1.81014450942	1.93101230546	2.14744756404	2.14415291445	0.896909115515	1.16871449009	1.64365739004	1.82736310778	2.08195859836	2.06039672305	1.64879543741	1.82317621073	2.02596144998	1.95223971	1.58043711938	1.48955855969	2.12073703238	2.11842317545	1.979819797	2.03306623006	2.21473174964	2.13529502175	2.26863036733	1.61244746738	2.20281502175	1.94170513775	2.07735616723	0.961529719671	1.0575758434	1.74006259062	2.38913406477	2.32141689222	2.33232259062	2.35500172064	2.21219373127	2.26287470275	2.43526519575	2.38564521991	2.21129343644	2.26672676172	2.28573892702	2.23022034799	1.97034868052	2.34283956984	1.9677779942	2.31644895118	2.03915072982	2.34063333011
AH3	0.790411696472	0.339586868052	2.1661818608	0.871174871919	0.689308269696	0.714420898985	0.811290884485	0.564098767521	0.728625843403	0.568627022716	0.919011527308	0.521889632673	0.540925321411	1.81014450942	0.0	0.552429536008	0.795757776704	0.755456640889	1.56944501208	1.01926736104	0.868465669406	0.716096394393	0.949617095215	0.900874533591	1.47035300628	0.760833537941	0.788005350411	0.751586027066	0.657798477525	0.67624518608	1.00024313678	0.850117196713	0.702737559207	0.722887733204	1.00757236346	0.794711817303	0.8783959884	0.512428477525	0.777521483809	0.618890923151	0.619418820686	1.08680724988	0.97337937651	0.445693238279	1.07823273562	1.00548636056	1.06693988884	0.950439782504	0.883266950217	0.877828579024	1.0809159304	1.02225246496	0.780320033833	0.82961222813	0.82810062349	0.791765070082	0.582856244563	0.983785548574	0.573304050266	0.913372890285	0.636519763171	0.930744393427
AH4	0.326628849686	0.310845906235	2.29746505558	0.964117390043	0.767218105365	0.623885456742	0.893713431609	0.588945828903	0.692169270179	0.629866921218	0.827764842919	0.589453484775	0.548912875785	1.93101230546	0.552429536008	0.0	0.699366964717	0.629889105848	1.5160678782	1.03011843403	0.848672740454	0.613457201547	0.800614151764	0.730969724505	1.45519725471	0.602464833253	0.657856326728	0.610093649106	0.629566022233	0.674840241663	0.775228719188	0.636637887869	0.709493900435	0.692076921218	0.976071440309	0.756601904302	0.775536321895	0.641360691155	0.618125886902	0.517442556791	0.430544886419	1.26169179797	1.15504696955	0.581869357177	0.976725548574	0.936511043983	0.953735427743	0.850702551957	0.839636911551	0.744072721121	0.967618438859	0.884355930401	0.586776964717	0.639037520541	0.679961362977	0.602414538424	0.393270768487	0.84857459159	0.383607651039	0.798696152731	0.485276201063	0.813980541324
AA7	0.861150874819	0.64703777187	2.50283437893	1.21961306428	1.05872266312	0.628580734654	1.24051111648	0.607058284195	0.48271282262	0.939376747221	0.496645002417	0.8607040261	0.587250937651	2.14744756404	0.795757776704	0.699366964717	0.0	0.185662527791	1.87040557274	1.31879145964	1.02279238763	0.657854741421	0.440557936201	0.429775084582	1.79792434509	0.891324296762	0.351866665056	0.4390280087	0.779794552924	0.86992277912	0.64851857419	0.402595698405	0.487175210246	0.534740744321	1.22044158531	1.02423130498	0.528921478975	0.85579017883	0.565028724021	0.926805016916	0.742701285645	1.49545513775	1.40419024166	0.875348115031	0.772297153214	0.71109817303	1.16633029	0.943437249879	1.12356105365	1.017569826	0.958893030449	1.03213677622	0.745817346544	0.72980901885	0.694354301595	0.734788801353	0.555009864669	1.03821744804	0.572907056549	0.987880807153	0.51418518608	0.895312687289
AA8	0.791170657322	0.571516394393	2.5018658869	1.1822880812	0.960526118898	0.538696747221	1.1872457274	0.551297912035	0.525322977284	0.884684514258	0.511836887385	0.770640695988	0.50382522958	2.14415291445	0.755456640889	0.629889105848	0.185662527791	0.0	1.81397536008	1.26372397293	0.953453165781	0.609524838086	0.494764649589	0.477601768971	1.70385108748	0.801774132431	0.418135485742	0.412178888352	0.744328786854	0.836602938618	0.580224514258	0.320602740454	0.531871822136	0.522507631706	1.14549276462	0.950607075882	0.53667362494	0.816555925568	0.474887916868	0.82902341711	0.646697733204	1.49624960367	1.39756466892	0.793956278395	0.739196075399	0.674990985984	1.07646432093	0.863180096665	1.02366954567	0.913470362494	0.887313963267	0.951818675689	0.649298675689	0.648470628323	0.624779632673	0.637712440793	0.548109231513	0.959030715321	0.547972503625	0.883932730788	0.437574393427	0.819752943451
AB7	1.44575549058	1.59153519575	1.1593580667	1.01194343161	1.4803380377	1.84837348961	1.32496160947	1.77913334944	1.93345705172	1.49393516675	2.04400118898	1.60453995167	1.77435820203	0.896909115515	1.56944501208	1.5160678782	1.87040557274	1.81397536008	0.0	0.634278240696	1.51984180764	1.60195223296	1.97392639923	1.92172485259	1.11134536491	1.42656815853	1.85146922185	1.74557130981	1.39069497342	1.23705618173	1.75122285162	1.75156112615	1.92122077332	1.91989121798	1.91236837603	1.85349465442	1.98887031899	1.47675926051	1.87694851619	1.50490125181	1.66771766554	0.971805195747	1.02345948768	1.54110511358	2.18079890768	2.12757488159	1.93837249879	2.00704553891	1.88180740938	1.85825082649	2.08288935234	2.01182685355	1.81779641373	1.85366855002	1.89912665056	1.83692262929	1.63655875302	1.95743613823	1.62496246979	1.92655081682	1.76794422426	1.99345404543
AB8	1.03862582407	1.02660882552	1.52384172064	0.499849202513	1.01155583374	1.27634603673	0.825951585307	1.20160080232	1.36601112615	0.934548545191	1.46810441759	1.04947481875	1.20776526825	1.16871449009	1.01926736104	1.03011843403	1.31879145964	1.26372397293	0.634278240696	0.0	1.00405706138	1.04497753987	1.39453945868	1.33957172547	1.1125620203	0.890812663122	1.28263412276	1.16838641856	0.800537999033	0.684685915901	1.23783579507	1.22145205897	1.34813588207	1.33629117931	1.41456336878	1.31151740938	1.43146098115	0.906088791687	1.34783362011	1.00913934751	1.16793924118	0.721410550991	0.655251029483	0.969305567907	1.61828119865	1.55653598357	1.52685738038	1.52744844853	1.3837578492	1.37277932334	1.61029354761	1.55736932818	1.34082999517	1.37028243113	1.40772455292	1.3501082262	1.11689484775	1.50631183664	1.11789506525	1.42763773804	1.19997549541	1.50930735621
AC7	0.777364354761	0.829427501208	2.00287851136	0.923288448526	1.08382006767	0.9215719913	0.885496312228	0.818481333978	0.959445799903	0.722814142098	1.05994208797	0.921469163847	0.908157854036	1.64365739004	0.868465669406	0.848672740454	1.02279238763	0.953453165781	1.51984180764	1.00405706138	0.0	0.453747187047	0.970746756887	0.929198037699	1.41374093765	0.735693185114	0.929232788787	0.778975263412	0.543884417593	0.542609096182	0.850498279362	0.836658680522	0.933628284195	0.91807099565	1.24512573707	1.121940261	1.15185899952	0.727693489609	1.03742472692	0.949495074915	0.981163687772	1.16907959884	1.11500852586	0.741709434509	1.09586244563	1.05664246979	1.47375508942	1.44069662639	1.2401157419	1.25990959884	1.54054770904	1.48462821653	1.12915554374	1.1870959739	1.23064259062	1.12874111165	0.899450613823	1.41332481875	0.882221609473	1.28934555824	0.895890604157	1.39525246979
AC8	0.685397303045	0.571575529241	2.1881040841	0.939835490575	1.00417217496	0.645061275979	0.935831106815	0.535901773804	0.676882431126	0.662120439826	0.804097626873	0.78110820203	0.578782402127	1.82736310778	0.716096394393	0.613457201547	0.657854741421	0.609524838086	1.60195223296	1.04497753987	0.453747187047	0.0	0.677763397777	0.648178235863	1.50837988884	0.64355658289	0.531057037216	0.377122382794	0.455132493958	0.529022015466	0.636403059449	0.531037544708	0.633599540841	0.619615582407	1.11574455292	0.86936142581	0.830376694055	0.653766544224	0.710233914935	0.779745161914	0.709550517158	1.20528778154	1.11587138231	0.662697211213	0.881537665539	0.839219323345	1.29389745288	1.1054198695	1.05217814403	1.0190661914	1.20337079749	1.18297215563	0.820003948768	0.854711454809	0.894604896085	0.832293721605	0.538740913485	1.15679311745	0.543333262446	0.984510782987	0.56227077332	1.05952723538
AD7	0.951299473175	0.807462861286	2.43935464476	1.19692098598	1.27917904302	0.692900778154	1.31479840986	0.623812798453	0.464405461576	0.993914229096	0.404897380377	1.0503058289	0.70563919768	2.08195859836	0.949617095215	0.800614151764	0.440557936201	0.494764649589	1.97392639923	1.39453945868	0.970746756887	0.677763397777	0.0	0.159255524408	1.90357005317	0.944074074432	0.365403837603	0.457252663122	0.72823640406	0.856430729821	0.744818762687	0.582817955534	0.458360173997	0.529089893668	1.35441730788	1.13489946834	0.638413044949	0.87714897535	0.724660125665	1.06319648623	0.891275297245	1.44152389077	1.33886050266	0.929923682939	0.793855911068	0.754848086032	1.38393919768	1.15451722571	1.27650722571	1.20362056066	1.17204447076	1.25906910585	0.961754296762	0.938867564041	0.899021585307	0.951271696472	0.754176781054	1.26733533591	0.768919560174	1.15424037699	0.639203615273	1.10209652006
AD8	0.910799038183	0.757805519575	2.41766468826	1.1466740841	1.20810250362	0.644450212663	1.26161731754	0.558464079265	0.416525316578	0.936815814403	0.386533919768	0.979834683422	0.666000782987	2.06039672305	0.900874533591	0.730969724505	0.429775084582	0.477601768971	1.92172485259	1.33957172547	0.929198037699	0.648178235863	0.159255524408	0.0	1.82723266312	0.871983093282	0.317942010633	0.428680647656	0.662309076849	0.792105625906	0.714516471725	0.556533566941	0.451353175447	0.51004839536	1.30696238279	1.08166672789	0.600873102948	0.814443136781	0.681996384727	0.998524364427	0.830544393427	1.42044327211	1.30974701788	0.866395872402	0.76000019333	0.721701029483	1.33061264379	1.10155694538	1.21669733688	1.14029207347	1.12632338811	1.21064238763	0.908281778637	0.886582798453	0.844574045433	0.899566834219	0.72737640406	1.21359547124	0.741266114065	1.0969737941	0.583859797003	1.05063184147
AE7	1.35492126148	1.50904224263	1.92371673272	1.28452833253	1.30718985017	1.72775922185	1.21032715805	1.69906000967	1.86544505558	1.32873569841	1.98079618173	1.44353161914	1.64241151281	1.64879543741	1.47035300628	1.45519725471	1.79792434509	1.70385108748	1.11134536491	1.1125620203	1.41374093765	1.50837988884	1.90357005317	1.82723266312	0.0	0.985098733688	1.80285582407	1.66638428226	1.36318562591	1.31166910585	1.57093151281	1.60722538908	1.86773051716	1.84396294345	1.72101681489	1.72153918801	1.91662210246	1.47732139681	1.78290434993	1.36161904785	1.58201827453	1.45229891252	1.44019120348	1.45495315611	2.02442894152	1.97651306428	1.71351111648	1.85220294828	1.64912923635	1.64275336878	1.97074727405	1.82173542774	1.66153585307	1.69011137264	1.76347190913	1.63760484292	1.57508096665	1.77356159981	1.55600067182	1.76199221846	1.67664430159	1.8539262639
AE8	0.580832261962	0.635061527308	2.17953738038	0.922388612856	0.814898318028	0.823520343161	0.813052928951	0.797406573224	0.947657312711	0.586398279362	1.06335539874	0.684983083615	0.760318569357	1.82317621073	0.760833537941	0.602464833253	0.891324296762	0.801774132431	1.42656815853	0.890812663122	0.735693185114	0.64355658289	0.944074074432	0.871983093282	0.985098733688	0.0	0.876196684389	0.739677003383	0.648072286129	0.627852034799	0.745803866602	0.735044490092	0.949136433059	0.919093093282	1.07820293378	0.956306921218	1.00341141131	0.741218912518	0.892909647173	0.635933334944	0.732505302078	1.20506487675	1.10496898985	0.714258559691	1.16104440793	1.11276859836	1.1377357854	1.12782449493	0.994662286129	0.958945335911	1.24396084582	1.17642283229	0.872985654906	0.897458661189	0.953612025133	0.849513620106	0.708836549058	1.12829087965	0.697999540841	1.01909421943	0.763189424843	1.09256159497
AF7	0.847289400677	0.645605944901	2.38547729338	1.15160791687	1.10026607057	0.596674949251	1.19616617206	0.521251541808	0.39303499275	0.872137689705	0.471585674239	0.881096268729	0.582953204447	2.02596144998	0.788005350411	0.657856326728	0.351866665056	0.418135485742	1.85146922185	1.28263412276	0.929232788787	0.531057037216	0.365403837603	0.317942010633	1.80285582407	0.876196684389	0.0	0.239527510875	0.679592953117	0.772591048816	0.688737216046	0.520565282745	0.409356955051	0.470475461576	1.17725482359	0.948031715805	0.528799096182	0.769231005317	0.62566301595	0.907270029	0.727281532141	1.39559525858	1.29147443209	0.787084059932	0.778546602223	0.740005205413	1.23128345094	0.993207810536	1.10291253262	1.05163188014	1.02327148864	1.10826158531	0.809333030449	0.820434649589	0.780429366844	0.822584562591	0.60266539391	1.1081641421	0.598378516191	1.01314123731	0.508243489609	0.947356510391
AF8	0.736312029966	0.608436230063	2.31472226196	1.06010151764	1.08258495892	0.575581068149	1.08564820203	0.509804775254	0.493397129048	0.774263847269	0.613905558241	0.866383141614	0.570380966651	1.95223971	0.751586027066	0.610093649106	0.4390280087	0.412178888352	1.74557130981	1.16838641856	0.778975263412	0.377122382794	0.457252663122	0.428680647656	1.66638428226	0.739677003383	0.239527510875	0.0	0.575840618656	0.667313272112	0.627224910585	0.466431865636	0.470202281295	0.475834098598	1.16576302078	0.938965297245	0.620202904785	0.73404958434	0.629655534074	0.865741599807	0.704972232963	1.31370090382	1.20712226196	0.745746080232	0.803085828903	0.765314707588	1.24704041566	1.02852070565	1.08609293862	1.04094548091	1.05907013533	1.13373187047	0.803361275979	0.83067481392	0.802148496858	0.823130265829	0.542560212663	1.12028608507	0.55441641856	1.00465658772	0.505001208313	0.978492991783
AG7	0.751366172064	0.610542948284	1.93417923635	0.668326012566	0.911706863219	0.692931633639	0.867928018366	0.541531464476	0.690455630739	0.597154538424	0.823914084099	0.752639207347	0.664777506042	1.58043711938	0.657798477525	0.629566022233	0.779794552924	0.744328786854	1.39069497342	0.800537999033	0.543884417593	0.455132493958	0.72823640406	0.662309076849	1.36318562591	0.648072286129	0.679592953117	0.575840618656	0.0	0.198746273562	0.811208496858	0.737494233929	0.679427182214	0.714808211696	1.20387674722	0.950739642339	0.891265756404	0.478732783954	0.820665799903	0.808672764621	0.744978844853	0.999264896085	0.892327443209	0.515621778637	1.03391552441	0.987822518125	1.33510131464	1.17160581924	1.15524658772	1.11558894152	1.27050733204	1.23838472692	0.929934702755	0.955374552924	0.995138733688	0.926341063316	0.686429086515	1.21732785404	0.67128942001	1.10743714838	0.691262049299	1.13396463026
AG8	0.713920652489	0.65926500725	1.84600140164	0.644329386177	0.921597448043	0.794975258579	0.781629739004	0.660477477042	0.821658985017	0.602835708072	0.954160328661	0.759348815853	0.751903035283	1.48955855969	0.67624518608	0.674840241663	0.86992277912	0.836602938618	1.23705618173	0.684685915901	0.542609096182	0.529022015466	0.856430729821	0.792105625906	1.31166910585	0.627852034799	0.772591048816	0.667313272112	0.198746273562	0.0	0.850559864669	0.814944847753	0.813219072015	0.828061348478	1.21753601257	1.00749992267	0.98909857419	0.471141744804	0.908098714355	0.81674521508	0.815884200097	0.941721870469	0.860688622523	0.528735930401	1.1460057419	1.0928681537	1.34555255679	1.24925763171	1.16948447076	1.15781842436	1.35204544708	1.31267184147	1.00694643789	1.03193698888	1.06327281779	1.00142559691	0.757331000483	1.26648292412	0.75242479942	1.18397562107	0.781070430159	1.20920110198
AH7	0.778374340261	0.810643112615	2.46337883035	1.28130520058	1.19512864186	0.831041329145	1.16286289512	0.796126930884	0.847102532624	0.94719881102	0.834325374577	0.998582329628	0.807898646689	2.12073703238	1.00024313678	0.775228719188	0.64851857419	0.580224514258	1.75122285162	1.23783579507	0.850498279362	0.636403059449	0.744818762687	0.714516471725	1.57093151281	0.745803866602	0.688737216046	0.627224910585	0.811208496858	0.850559864669	0.0	0.308860362494	0.888789424843	0.869728646689	1.16894487675	1.01902932818	0.815355374577	0.959592687289	0.753309734171	0.948787477042	0.842371875302	1.50152353311	1.41706346061	0.977923934268	0.952384949251	0.915377423876	1.27715474142	1.08052435959	1.14350240213	1.03807673272	1.1480622958	1.16202367327	0.841204649589	0.83586261479	0.852785055582	0.816285248913	0.746930681489	1.16104398743	0.748664751087	1.01312231029	0.705547559207	1.03945657806
AH8	0.745584050266	0.650868917351	2.47826098115	1.22269414693	1.04833325761	0.650148699855	1.13347011116	0.61902139681	0.680793547608	0.840521918801	0.686561251812	0.875031817303	0.648114804253	2.11842317545	0.850117196713	0.636637887869	0.402595698405	0.320602740454	1.75156112615	1.22145205897	0.836658680522	0.531037544708	0.582817955534	0.556533566941	1.60722538908	0.735044490092	0.520565282745	0.466431865636	0.737494233929	0.814944847753	0.308860362494	0.0	0.691480430159	0.656300686322	1.11626240696	0.925231082649	0.660008081199	0.842906476559	0.564515519575	0.838913175447	0.703594064766	1.47723683905	1.38031548091	0.849208927018	0.786631585307	0.749436230063	1.147289971	0.950784867086	1.0479118318	0.924431498308	0.96280057999	1.03765765587	0.702243871435	0.707408458192	0.692284838086	0.693636379894	0.582747322378	1.02592277429	0.58641958434	0.893651304978	0.548335577574	0.903511565974
AA5	0.930368646689	0.626406466892	2.33161804737	1.13121484775	1.01044071532	0.49484537941	1.23118913001	0.363568854519	0.218243934268	0.900420425326	0.422482503625	0.780589434509	0.556740405993	1.979819797	0.702737559207	0.709493900435	0.487175210246	0.531871822136	1.92122077332	1.34813588207	0.933628284195	0.633599540841	0.458360173997	0.451353175447	1.86773051716	0.949136433059	0.409356955051	0.470202281295	0.679427182214	0.813219072015	0.888789424843	0.691480430159	0.0	0.243596863219	1.17135133398	0.90732160464	0.568695181247	0.688658129531	0.648929724505	0.894005882069	0.693276979217	1.29345171097	1.19193700338	0.66692038666	0.725867530208	0.675390048333	1.28415661672	1.04910644756	1.10348189947	1.06659781537	1.08754439343	1.16768037699	0.82823698405	0.853589874335	0.801653658772	0.859012295795	0.647821478975	1.16902327211	0.657613267279	1.03311085549	0.559699652006	1.00462637023
AA6	0.894822126631	0.594435712905	2.39456536008	1.14845347028	0.982083020783	0.420368815853	1.16628757854	0.375575161914	0.313909565007	0.835248801353	0.447703359111	0.752866655389	0.512442266796	2.03306623006	0.722887733204	0.692076921218	0.534740744321	0.522507631706	1.91989121798	1.33629117931	0.91807099565	0.619615582407	0.529089893668	0.51004839536	1.84396294345	0.919093093282	0.470475461576	0.475834098598	0.714808211696	0.828061348478	0.869728646689	0.656300686322	0.243596863219	0.0	1.05614416626	0.812325659739	0.505063963267	0.670379236346	0.52840222813	0.853453107782	0.584244552924	1.3455141131	1.24097669889	0.639243262446	0.549552319961	0.487159313678	1.172689971	0.954366278395	0.976556839053	0.936694485259	0.992441459642	1.058250232	0.711331913968	0.755722387627	0.708994823586	0.742777539874	0.622476853552	1.03598991783	0.639628090865	0.908615674239	0.51951157564	0.907613876269
AB5	1.09013207347	0.943968956017	2.56544036249	1.40292111648	0.82319420493	0.955513890768	1.17336028033	1.05509651522	1.14132245046	0.982225862736	1.14479675689	0.79165561624	0.996103900435	2.21473174964	1.00757236346	0.976071440309	1.22044158531	1.14549276462	1.91236837603	1.41456336878	1.24512573707	1.11574455292	1.35441730788	1.30696238279	1.72101681489	1.07820293378	1.17725482359	1.16576302078	1.20387674722	1.21753601257	1.16894487675	1.11626240696	1.17135133398	1.05614416626	0.0	0.339080584824	0.909659052682	1.06171319478	0.917446007733	0.837418356694	0.825754151764	1.58096256162	1.48140495408	0.929771391977	0.95319520058	0.929054132431	0.797378699855	0.913825079749	0.687065326245	0.718314330594	1.02833955534	0.905543069116	0.765371014983	0.857932489125	0.902345717738	0.85993580957	1.00136325278	0.836764311261	0.983647723538	0.792333992267	0.998620420493	0.890843726438
AB6	0.954756534558	0.695888429193	2.4918518898	1.25442171097	0.74688	0.696829052682	1.07533604157	0.781528506525	0.886315147414	0.841795350411	0.942042725955	0.595750497825	0.76728677622	2.13529502175	0.794711817303	0.756601904302	1.02423130498	0.950607075882	1.85349465442	1.31151740938	1.121940261	0.86936142581	1.13489946834	1.08166672789	1.72153918801	0.956306921218	0.948031715805	0.938965297245	0.950739642339	1.00749992267	1.01902932818	0.925231082649	0.90732160464	0.812325659739	0.339080584824	0.0	0.738676911551	0.832038467859	0.739350294828	0.731715896568	0.608977936201	1.44646328178	1.33589334944	0.697982010633	0.775201324311	0.748261802803	0.790086853552	0.724604475592	0.558579154181	0.548716326728	0.850709342678	0.755955041083	0.573113794103	0.686185998067	0.71662337361	0.691131126148	0.761020550991	0.69133901885	0.743051391977	0.59925942001	0.783281034316	0.700911967134
AC5	0.990112324795	0.738088269696	2.62526340744	1.36187612856	0.990081773804	0.553145683905	1.24807474142	0.598370840986	0.49260101015	0.945885650072	0.452885630739	0.771195268246	0.678966220396	2.26863036733	0.8783959884	0.775536321895	0.528921478975	0.53667362494	1.98887031899	1.43146098115	1.15185899952	0.830376694055	0.638413044949	0.600873102948	1.91662210246	1.00341141131	0.528799096182	0.620202904785	0.891265756404	0.98909857419	0.815355374577	0.660008081199	0.568695181247	0.505063963267	0.909659052682	0.738676911551	0.0	0.831894441759	0.447783107782	0.898883257612	0.636928719188	1.60812360561	1.49426279845	0.780734001933	0.496342179797	0.461955099082	0.95708017883	0.719693363944	0.888584301595	0.788957056549	0.749108873852	0.808508443693	0.566813296278	0.536760212663	0.515092116965	0.582688830353	0.743113199613	0.826980686322	0.743779246013	0.754516747221	0.593423185114	0.669132068632
AC6	0.824738753021	0.553215258579	1.9690400725	0.723488472692	0.76337619623	0.676641730304	0.688131406477	0.514791730304	0.738594842919	0.467304876752	0.867379125181	0.618069101015	0.667247119381	1.61244746738	0.512428477525	0.641360691155	0.85579017883	0.816555925568	1.47675926051	0.906088791687	0.727693489609	0.653766544224	0.87714897535	0.814443136781	1.47732139681	0.741218912518	0.769231005317	0.73404958434	0.478732783954	0.471141744804	0.959592687289	0.842906476559	0.688658129531	0.670379236346	1.06171319478	0.832038467859	0.831894441759	0.0	0.812543571774	0.664790236829	0.68388962784	0.822204668922	0.707701609473	0.317478061866	1.02937475592	0.962449279845	1.18481785887	1.11745869986	1.00751461576	1.00957069599	1.20790168197	1.1618219768	0.880544432093	0.938096674722	0.967200807153	0.876679850169	0.646813876269	1.09841334944	0.638894151764	1.04897223296	0.708889632673	1.0757601015
AD6	0.794130618656	0.592336317061	2.56761947801	1.23060301595	0.87536282262	0.424930115998	1.13521637023	0.521466254229	0.580451290478	0.84642138231	0.526442648623	0.684283064282	0.537377090382	2.20281502175	0.777521483809	0.618125886902	0.565028724021	0.474887916868	1.87694851619	1.34783362011	1.03742472692	0.710233914935	0.724660125665	0.681996384727	1.78290434993	0.892909647173	0.62566301595	0.629655534074	0.820665799903	0.908098714355	0.753309734171	0.564515519575	0.648929724505	0.52840222813	0.917446007733	0.739350294828	0.447783107782	0.812543571774	0.0	0.704124296762	0.388911759304	1.54048954567	1.43386627356	0.739212527791	0.641465712905	0.58175138231	0.864092537458	0.653038946351	0.821370734654	0.680839758337	0.699214436926	0.749861169647	0.455693687772	0.468698931851	0.438304253262	0.430130826486	0.561393745771	0.745963678105	0.569535461576	0.647502426293	0.417351097148	0.611284378927
AE5	0.605837254712	0.514999995167	2.30598500242	0.975345012083	0.64473019333	0.759301594973	0.781539603673	0.711454137264	0.925176795553	0.557933605607	1.00559115998	0.566331933301	0.707404277429	1.94170513775	0.618890923151	0.517442556791	0.926805016916	0.82902341711	1.50490125181	1.00913934751	0.949495074915	0.779745161914	1.06319648623	0.998524364427	1.36161904785	0.635933334944	0.907270029	0.865741599807	0.808672764621	0.81674521508	0.948787477042	0.838913175447	0.894005882069	0.853453107782	0.837418356694	0.731715896568	0.898883257612	0.664790236829	0.704124296762	0.0	0.373490004833	1.2123	1.10367750121	0.594896244563	1.1011837071	1.05179851136	0.921763513775	0.929233160947	0.826662242629	0.724240120831	1.05348341228	0.953632484292	0.653113305945	0.719137158047	0.80512258579	0.659418883519	0.567599473175	0.892146341228	0.555671609473	0.796776157564	0.674110657322	0.887269864669
AE6	0.6174439826	0.420920613823	2.44332836636	1.10980835669	0.714703697438	0.51175139681	0.947944939584	0.564255055582	0.679392909618	0.689922537458	0.72603157564	0.545713914935	0.500813837603	2.07735616723	0.619418820686	0.430544886419	0.742701285645	0.646697733204	1.66771766554	1.16793924118	0.981163687772	0.709550517158	0.891275297245	0.830544393427	1.58201827453	0.732505302078	0.727281532141	0.704972232963	0.744978844853	0.815884200097	0.842371875302	0.703594064766	0.693276979217	0.584244552924	0.825754151764	0.608977936201	0.636928719188	0.68388962784	0.388911759304	0.373490004833	0.0	1.37650830353	1.26656449976	0.565761435476	0.840412764621	0.784439342678	0.826554804253	0.703824084099	0.711462174964	0.585871121315	0.811784968584	0.753732619623	0.417131063316	0.475928371194	0.536062025133	0.416612310295	0.436775877235	0.706191609473	0.434495563074	0.59865956984	0.468755326245	0.669770473659
AF5	1.27668863219	1.21700383277	1.31282565007	0.603075645239	1.19206827936	1.38231763171	0.856342165297	1.20842823103	1.34663859352	1.01168857902	1.52862025616	1.21772958434	1.3225022668	0.961529719671	1.08680724988	1.26169179797	1.49545513775	1.49624960367	0.971805195747	0.721410550991	1.16907959884	1.20528778154	1.44152389077	1.42044327211	1.45229891252	1.20506487675	1.39559525858	1.31370090382	0.999264896085	0.941721870469	1.50152353311	1.47723683905	1.29345171097	1.3455141131	1.58096256162	1.44646328178	1.60812360561	0.822204668922	1.54048954567	1.2123	1.37650830353	0.0	0.162711266312	0.987913073949	1.73731564524	1.66592738521	1.73255697922	1.70579029966	1.60374438859	1.62518282745	1.80469429676	1.77928754471	1.5408917303	1.61219651039	1.63663453359	1.57100945868	1.28135527791	1.72563234413	1.28363903335	1.66343640889	1.38917957951	1.68956458676
AF6	1.21557930884	1.10779548574	1.4096538231	0.509784862252	1.08916655389	1.28066589174	0.795805698405	1.09681420976	1.24926514258	0.901009937168	1.43279424843	1.10910569357	1.22389381344	1.0575758434	0.97337937651	1.15504696955	1.40419024166	1.39756466892	1.02345948768	0.655251029483	1.11500852586	1.11587138231	1.33886050266	1.30974701788	1.44019120348	1.10496898985	1.29147443209	1.20712226196	0.892327443209	0.860688622523	1.41706346061	1.38031548091	1.19193700338	1.24097669889	1.48140495408	1.33589334944	1.49426279845	0.707701609473	1.43386627356	1.10367750121	1.26656449976	0.162711266312	0.0	0.880371116481	1.63312155631	1.55968237313	1.63224408893	1.59971535041	1.49664042049	1.51688159497	1.69575047366	1.67350841953	1.43823110681	1.50317738521	1.52783513775	1.46166686322	1.17425529241	1.61570551474	1.17776464476	1.55736659256	1.27886990817	1.58533448043
AG5	0.763760604157	0.477668419526	2.10103196713	0.824838337361	0.618906022233	0.57567838086	0.753895838569	0.469143953601	0.681552624456	0.497893049783	0.809846379894	0.466570826486	0.55742121798	1.74006259062	0.445693238279	0.581869357177	0.875348115031	0.793956278395	1.54110511358	0.969305567907	0.741709434509	0.662697211213	0.929923682939	0.866395872402	1.45495315611	0.714258559691	0.787084059932	0.745746080232	0.515621778637	0.528735930401	0.977923934268	0.849208927018	0.66692038666	0.639243262446	0.929771391977	0.697982010633	0.780734001933	0.317478061866	0.739212527791	0.594896244563	0.565761435476	0.987913073949	0.880371116481	0.0	0.958070874819	0.909435442243	1.05083334944	0.990484523925	0.867397104882	0.857427095215	1.11343712421	1.03876687289	0.720792595457	0.812935316578	0.868901739971	0.738072479459	0.622275640406	0.976652503625	0.602381735138	0.90716022233	0.635894200097	0.968309753504
