	AA3	AA4	AB3	AB4	AC3	AC4	AD3	AD4	AE3	AE4	AF3	AF4	AG3	AG4	AH3	AH4	AA7	AA8	AB7	AB8	AC7	AC8	AD7	AD8	AE7	AE8	AF7	AF8	AG7	AG8	AH7	AH8	AA5	AA6	AB5	AB6	AC5	AC6	AD6	AE5	AE6	AF5	AF6	AG5	AH5	AH6	AA1	AA2	AB1	AB2	AC1	AC2	AD1	AD2	AE1	AE2	AF1	AF2	AG1	AG2	AH1	AH2
AA3	0.0	0.476233852102	2.23514576607	0.951996491058	0.799011739971	0.748182943451	0.880185157081	0.711204760754	0.87927821653	0.635889492508	0.906291348478	0.734543141614	0.697709555341	1.8939277912	0.709932440793	0.290175621073	0.80056921218	0.759414751087	1.45337223296	1.04225000967	0.793739826003	0.637876897052	0.86419078782	0.827637095215	1.34886694538	0.558666655389	0.753059772837	0.669195447076	0.689908066699	0.674090536491	0.762948709522	0.668379526341	0.853917960367	0.834260521991	1.06075035766	0.904055920735	0.931000183664	0.773496713388	0.776162257129	0.560090135331	0.535805756404	1.23003287579	1.13003317061	0.659295524408	1.1530658869	1.04644492025	0.953829951667	0.91473482842	0.89057457709	0.831722919285	1.042599971	0.954175592073	0.653155297245	0.697142880619	0.774689410343	0.656334886419	0.541204050266	0.882814562591	0.511425538908	0.90429017883	0.620649415176	0.935102160464
AA4	0.476233852102	0.0	2.24789946351	0.928535157081	0.657616689222	0.556566462059	0.874156718221	0.502434958917	0.701747525375	0.568898724021	0.765684717255	0.515084842919	0.444209536008	1.9078662059	0.324580270662	0.25219477042	0.675080473659	0.66126218463	1.54914143548	1.07043077332	0.841942764621	0.625523499275	0.823839729338	0.770378303528	1.46790966167	0.584771855969	0.665842305462	0.63075762204	0.618636505558	0.682339507008	0.85150580957	0.662487868536	0.6465679942	0.647170352827	0.949975848236	0.721862339294	0.761683315611	0.63279181247	0.63684219913	0.510807496375	0.373822769454	1.1919522088	1.08383520058	0.470085703238	0.995313668439	0.864525335911	0.968982353794	0.805770845819	0.747817689705	0.754744282262	0.947858685355	0.893807307878	0.633804277429	0.629876027066	0.699780913485	0.615006176897	0.432489676172	0.83427417593	0.411653939101	0.801993330111	0.458295737071	0.823150831319
AB3	2.23514576607	2.24789946351	0.0	1.42484434509	2.18936182697	2.41042583857	1.8802141131	2.30299927501	2.34949394877	2.10715093765	2.48489909618	2.25366165781	2.31133478975	0.378791343644	2.11475075399	2.26288122281	2.48030119381	2.51446788304	1.15754144998	1.45166691155	1.99177151764	2.19271902852	2.42146465442	2.39086931851	1.90061435476	2.16410118898	2.38716053166	2.29797463992	1.94745056549	1.81130473175	2.44888462542	2.4096162639	2.29068650072	2.37517669889	2.57147704205	2.48787414693	2.61651905752	1.89275091832	2.53224924118	2.29076137264	2.39392453359	1.31286652972	1.40806283229	2.07720307878	2.73304747704	2.63406681972	2.64259936201	2.6696380232	2.52787296762	2.59729725955	2.76860673272	2.71846893668	2.56454624456	2.58273461092	2.63032743354	2.57405539391	2.33367231996	2.67146080232	2.30525260996	2.65483830353	2.39885748188	2.69983345578
AB4	0.951996491058	0.928535157081	1.42484434509	0.0	0.963255712905	1.09985165297	0.730039705172	1.05039762687	1.17746019816	0.853938530691	1.21166342194	0.967441372644	0.923626674722	1.07542064766	0.844534335428	0.941332092798	1.21817430643	1.23323467376	0.96929080232	0.464518506525	0.919199681005	0.955880637989	1.19542090865	1.14479969551	1.28008888835	0.931207216046	1.15827334461	1.06399493475	0.713636602223	0.611709937168	1.27513906235	1.16025482842	1.13219260512	1.16028605123	1.41819910585	1.28574522958	1.40492814886	0.69454641856	1.24062502175	0.99979	1.08133689222	0.553507153214	0.480170231996	0.834204407927	1.516200261	1.41125046883	1.46205019333	1.43387241179	1.30443025616	1.35850402127	1.54884311261	1.49433880135	1.27302688739	1.30870376027	1.37672672305	1.29510247463	1.07186714355	1.43701851619	1.03568941518	1.40712760754	1.10321552441	1.44375240696
AC3	0.799011739971	0.657616689222	2.18936182697	0.963255712905	0.0	0.715290710488	0.851847762204	0.826701904302	1.00175998067	0.646296070565	1.07402255679	0.307277858869	0.822815321411	1.85518941034	0.659510927985	0.711130560657	0.994703948768	0.969723697438	1.4550421073	1.04686043499	1.01591652489	0.972927225713	1.2190181392	1.16451023683	1.30436838086	0.81162121798	1.03982538424	1.00846618173	0.875277080715	0.864886529725	1.15368785404	0.988739956501	0.999791923635	0.950724664089	0.837200599323	0.757628347028	0.966166046399	0.721807080715	0.844410410826	0.62685737071	0.69544481392	1.15014072982	1.06375739971	0.631550628323	1.17972811503	1.08809559691	0.855386437893	0.928792909618	0.743813199613	0.789473518608	1.07293838086	0.941596099565	0.731108806187	0.806053431609	0.874592634123	0.754822373127	0.790740033833	0.868766283229	0.76496961334	0.87371760754	0.82545580957	0.932083141614
AC4	0.748182943451	0.556566462059	2.41042583857	1.09985165297	0.715290710488	0.0	1.10253656839	0.377216945384	0.508430430159	0.774417791203	0.415392967617	0.516628115031	0.46547300145	2.07313568391	0.7055479797	0.5929820058	0.597095161914	0.560843533108	1.80582452392	1.27495883035	0.935691072982	0.62447699855	0.688368443693	0.623457989367	1.69836351861	0.754046399227	0.55698542291	0.540597327211	0.651986747221	0.791640352827	0.812067274045	0.608170898985	0.538527090382	0.430799328178	0.957061923635	0.724833711938	0.564095219913	0.742264325761	0.420092856452	0.734074480425	0.514861227646	1.3593580522	1.25693626873	0.58924020783	0.726151556307	0.61212521508	1.01264919285	0.796966510391	0.779219811503	0.776849787337	0.847968492025	0.89702900435	0.575300318995	0.595770173997	0.632127916868	0.60660839536	0.563231546641	0.866525345578	0.577050202997	0.778959801837	0.426833992267	0.80158638956
AD3	0.880185157081	0.874156718221	1.8802141131	0.730039705172	0.851847762204	1.10253656839	0.0	0.967018627356	1.2785557564	0.436765611406	1.29836817303	0.910878922185	1.03850030933	1.54085809087	0.773002518125	0.895960797487	1.25069768487	1.22645410826	1.28412492992	0.801076674722	0.870767796037	0.941132812953	1.27499455292	1.22115761237	1.20417606573	0.857882107298	1.1706960464	1.10427481392	0.885637419043	0.742543987434	1.17625477525	1.07864804737	1.21517116965	1.16243800387	1.22276115031	1.09685713388	1.28045419526	0.640184896085	1.18083365877	0.81806359594	0.948621227646	0.77774457709	0.704795698405	0.725656689222	1.42389561624	1.34110058482	1.32379276945	1.35624111648	1.13761782987	1.19368083615	1.48604089415	1.412750203	1.17688927018	1.23192798937	1.27950927018	1.16973882552	1.00563040599	1.32633779604	0.970276756887	1.2559601595	1.11826150314	1.36095678105
AD4	0.711204760754	0.502434958917	2.30299927501	1.05039762687	0.826701904302	0.377216945384	0.967018627356	0.0	0.345730546158	0.61752742871	0.477749014016	0.651620033833	0.509176616723	1.96614858869	0.61002040116	0.552247138714	0.538202179797	0.534379830836	1.78315909135	1.24789274045	0.873688414693	0.530210376994	0.559083533108	0.504153726438	1.72230042533	0.756583740938	0.44854417593	0.428459192847	0.518839246013	0.705390637989	0.780851527308	0.580856408893	0.347845108748	0.359574040599	1.06123711938	0.794507187047	0.555530821653	0.625220613823	0.464855766071	0.708578095698	0.502664417593	1.24361268729	1.13761736104	0.51788739971	0.741608279362	0.613075712905	1.12856331561	0.899721899468	0.911078767521	0.909621271145	0.913150096665	1.01030104882	0.703011309812	0.642467283712	0.67193518608	0.709066587724	0.513662556791	0.981677834703	0.536386945384	0.896842701788	0.446162634123	0.913529057516
AE3	0.87927821653	0.701747525375	2.34949394877	1.17746019816	1.00175998067	0.508430430159	1.2785557564	0.345730546158	0.0	0.922807322378	0.379326143064	0.830266587724	0.614824272595	2.01994401643	0.783688820686	0.740101851136	0.498223784437	0.560789787337	1.95407963267	1.43297130014	1.01641130498	0.675218342194	0.445879714838	0.441324146931	1.92399128081	0.95795020783	0.436502232963	0.455586616723	0.66974937651	0.884376350894	0.906000652489	0.730487544708	0.21726460609	0.316223040116	1.20011674239	0.950952957951	0.568091681972	0.828473856936	0.590642832286	0.951071532141	0.69760179797	1.33220113581	1.23322942484	0.745480323828	0.779535161914	0.620816544224	1.2712917738	1.02383425326	1.07469812953	1.06518851136	1.02851602223	1.14582047849	0.832937129048	0.781213325278	0.801488506525	0.843902759787	0.667436640889	1.124899739	0.707482344128	1.0510081537	0.581156437893	1.04823442243
AE4	0.635889492508	0.568898724021	2.10715093765	0.853938530691	0.646296070565	0.774417791203	0.436765611406	0.61752742871	0.922807322378	0.0	0.972393339778	0.611879913001	0.738871942968	1.76642575157	0.51786240696	0.580630865152	0.896424311261	0.88673621073	1.46969079265	0.963180314161	0.727298675689	0.66906417593	0.945673504108	0.895677008217	1.35203760754	0.598254108265	0.824634968584	0.766375292412	0.598467022716	0.582794876752	0.921858492025	0.755622928951	0.870083093282	0.834806128565	0.974756863219	0.837104871919	0.930668448526	0.469413484775	0.824882083132	0.548187303045	0.636784006767	0.993850836153	0.890094668922	0.440118453359	1.11983362977	1.03172628323	1.05308938134	1.071420058	0.899382300628	0.937104997583	1.20041556307	1.12259511841	0.870556795553	0.893727133881	0.952124306428	0.860149656839	0.684340115998	1.04410204447	0.63928641856	0.98918661189	0.773232914451	1.07372144514
AF3	0.906291348478	0.765684717255	2.48489909618	1.21166342194	1.07402255679	0.415392967617	1.29836817303	0.477749014016	0.379326143064	0.972393339778	0.0	0.879809898502	0.631831643306	2.1521100725	0.894017467376	0.780840038666	0.438780067666	0.476487433543	1.99113538424	1.46313388594	1.04306481392	0.751307037216	0.368540144998	0.335114543258	1.93386545674	0.971456921218	0.438025447076	0.542853697438	0.739423165781	0.946547704205	0.800750275495	0.668368477525	0.4263359884	0.435186544224	1.18813906718	0.99185319478	0.518775292412	0.890648264862	0.511806955051	0.940376921218	0.710779492508	1.46064201063	1.35993045433	0.786742696955	0.711790323828	0.584876703722	1.23353891252	0.996894325761	1.10580098598	1.03931875302	1.00205845336	1.09593250846	0.797415935234	0.760322435959	0.797619434509	0.790547907202	0.745967162881	1.07826109715	0.770497071049	1.01389199613	0.543517216046	1.01041537458
AF4	0.734543141614	0.515084842919	2.25366165781	0.967441372644	0.307277858869	0.516628115031	0.910878922185	0.651620033833	0.830266587724	0.611879913001	0.879809898502	0.0	0.626440217496	1.91581389077	0.537309705172	0.604885625906	0.877764436926	0.865477738038	1.60025815853	1.08564173514	0.940018095698	0.826798492025	1.0507018463	0.989205698405	1.44703830353	0.696343446109	0.882248685355	0.854043518608	0.77587578057	0.769231126148	1.05472695988	0.886721227646	0.825295466409	0.778952846786	0.767979618173	0.585070256162	0.788926012566	0.6504379797	0.710080091832	0.594444470759	0.591924432093	1.17937614306	1.09082354277	0.536636162397	0.969879739004	0.872163199613	0.813232194297	0.783056114065	0.595781894635	0.66206359594	0.938471909135	0.836537805703	0.605645920735	0.681794441759	0.754520265829	0.66651438376	0.691868264862	0.758619927501	0.663022851619	0.739498666022	0.672868361527	0.780516321895
AG3	0.697709555341	0.444209536008	2.31133478975	0.923626674722	0.822815321411	0.46547300145	1.03850030933	0.509176616723	0.614824272595	0.738871942968	0.631831643306	0.626440217496	0.0	1.96378107782	0.521452368294	0.505823368777	0.580479308845	0.576653431609	1.73410036733	1.20866255196	0.905528066699	0.613554243596	0.728451962301	0.686925384244	1.61246332528	0.705415630739	0.578372160464	0.561432754954	0.62453820203	0.764457626873	0.831461648139	0.647143098115	0.604172774287	0.560753934268	1.00646694055	0.786987515708	0.739327167714	0.702142208797	0.58453861769	0.701755775737	0.45464517158	1.27837306428	1.17303006283	0.584253160947	0.916817182214	0.775006423393	1.02725294345	0.812850444659	0.832779328178	0.819534765587	0.933882943451	0.910241242146	0.622911802803	0.644835152247	0.725128535524	0.643016689222	0.47914037216	0.908531251812	0.476158245529	0.821119840503	0.406822953117	0.830181362977
AG4	1.8939277912	1.9078662059	0.378791343644	1.07542064766	1.85518941034	2.07313568391	1.54085809087	1.96614858869	2.01994401643	1.76642575157	2.1521100725	1.91581389077	1.96378107782	0.0	1.78190419526	1.92126422426	2.15198963751	2.18287547608	0.900378670855	1.11468648139	1.6616262349	1.85681940068	2.08533612373	2.05681999517	1.64177441759	1.83480442243	2.05244502175	1.96120403093	1.61312444176	1.47425471242	2.12745404543	2.07655561141	1.95682390527	2.03844041566	2.24105271629	2.15063906235	2.27862396327	1.56009999033	2.19640416143	1.95050239246	2.05359480425	0.997343489609	1.0848421218	1.73968765587	2.39506305462	2.2977318028	2.30227062832	2.33252863219	2.18865705172	2.259100261	2.43052273562	2.37962279362	2.22755576124	2.24520269696	2.29378091348	2.23801003383	2.00151612373	2.33558097148	1.97168027066	2.31822774287	2.06338370227	2.36082943934
AH3	0.709932440793	0.324580270662	2.11475075399	0.844534335428	0.659510927985	0.7055479797	0.773002518125	0.61002040116	0.783688820686	0.51786240696	0.894017467376	0.537309705172	0.521452368294	1.78190419526	0.0	0.507318550024	0.804786254229	0.820884630256	1.51796231513	1.01967009667	0.858246012566	0.747519304012	0.93452038666	0.901887651039	1.44454854036	0.728430744321	0.787615142581	0.755239439343	0.657542837119	0.650067017883	1.02845303045	0.846787916868	0.715069608507	0.75368019333	1.01892750604	0.846037892702	0.920529811503	0.525317699372	0.797838777187	0.590011730304	0.566200439826	1.04092065732	0.92625138231	0.463152798453	1.13490459159	0.991743914935	1.04628917835	0.935124233929	0.838918269695	0.895820589657	1.07821942968	1.03059278879	0.827440865152	0.817868390527	0.861972716288	0.820249299178	0.598751686805	0.978426607057	0.576412179797	0.938882899952	0.647893494442	0.948407970034
AH4	0.290175621073	0.25219477042	2.26288122281	0.941332092798	0.711130560657	0.5929820058	0.895960797487	0.552247138714	0.740101851136	0.580630865152	0.780840038666	0.604885625906	0.505823368777	1.92126422426	0.507318550024	0.0	0.650942580957	0.625207491542	1.51201	1.06094354277	0.833976607057	0.588308583857	0.773650768487	0.710198641856	1.45004811503	0.56667741421	0.6224920203	0.582660676655	0.612309207347	0.679305519575	0.777840144998	0.589767752537	0.713371290478	0.677941208313	0.970050289995	0.752696365394	0.775826118898	0.657630072499	0.628473102948	0.491086491058	0.364938496858	1.22659871435	1.11422652972	0.520301739971	1.0049881392	0.885075476075	0.947357887869	0.813260782987	0.776218733688	0.737774490092	0.938792730788	0.874448032866	0.591729555341	0.610555621073	0.688990753987	0.585982783954	0.367349966167	0.816515442243	0.343409666506	0.784904117931	0.464549714838	0.832900845819
AA7	0.80056921218	0.675080473659	2.48030119381	1.21817430643	0.994703948768	0.597095161914	1.25069768487	0.538202179797	0.498223784437	0.896424311261	0.438780067666	0.877764436926	0.580479308845	2.15198963751	0.804786254229	0.650942580957	0.0	0.167712034799	1.83353894152	1.35373836153	1.02981362977	0.65148022233	0.421025248913	0.429652435959	1.79116536008	0.850161773804	0.313047486709	0.420950091832	0.713537433543	0.894184059932	0.633247066216	0.450796955051	0.489675485742	0.507869772837	1.18689359594	1.00116898018	0.522079951667	0.884429666506	0.515135345578	0.893297626873	0.664629661672	1.45297317545	1.35677941518	0.797669647173	0.790322716288	0.645627462542	1.13791605123	0.89257277912	1.07607667472	0.99682	0.897046592557	0.988028293862	0.729901493475	0.641597892702	0.667880343161	0.705127085549	0.540556462059	0.974761029483	0.560249579507	0.983634548091	0.477275224746	0.9110380232
AA8	0.759414751087	0.66126218463	2.51446788304	1.23323467376	0.969723697438	0.560843533108	1.22645410826	0.534379830836	0.560789787337	0.88673621073	0.476487433543	0.865477738038	0.576653431609	2.18287547608	0.820884630256	0.625207491542	0.167712034799	0.0	1.824870261	1.35132101982	0.976591280812	0.621642010633	0.472823663606	0.472837501208	1.73956688739	0.807095306912	0.357817336878	0.415075253746	0.701149487675	0.880962532624	0.598523392943	0.393571338811	0.545804233929	0.518709898502	1.16466895602	0.985827259546	0.526390217496	0.902812411793	0.472565679072	0.845928453359	0.637531063316	1.49613745771	1.39854335911	0.76907537941	0.768853426776	0.627403431609	1.10829830353	0.882794673755	1.04459925568	0.964840821653	0.871488680522	0.963249357177	0.677699463509	0.640985219913	0.647154243596	0.67002221363	0.525662000967	0.960717955534	0.54462497825	0.949109946834	0.447407568874	0.883904557757
AB7	1.45337223296	1.54914143548	1.15754144998	0.96929080232	1.4550421073	1.80582452392	1.28412492992	1.78315909135	1.95407963267	1.46969079265	1.99113538424	1.60025815853	1.73410036733	0.900378670855	1.51796231513	1.51201	1.83353894152	1.824870261	0.0	0.582429096182	1.4935819188	1.60225719188	1.92715037699	1.88438432093	1.09992082165	1.43026348961	1.82103264379	1.72090990333	1.40582926051	1.19992970034	1.72545894152	1.68999550991	1.88188525375	1.89688701305	1.8967099275	1.83983551957	1.97682494442	1.38702099082	1.87642303528	1.50910657322	1.64743233446	0.961553924601	1.02169172547	1.49648167714	2.16188118415	2.07916847269	1.90406239729	1.96454881102	1.81888016916	1.84684045916	2.08110109715	2.00012057516	1.82968038666	1.83618274045	1.89107043983	1.82790055582	1.65550751571	1.94337154181	1.62067934751	1.92018466409	1.74637786854	1.98815964234
AB8	1.04225000967	1.07043077332	1.45166691155	0.464518506525	1.04686043499	1.27495883035	0.801076674722	1.24789274045	1.43297130014	0.963180314161	1.46313388594	1.08564173514	1.20866255196	1.11468648139	1.01967009667	1.06094354277	1.35373836153	1.35132101982	0.582429096182	0.0	1.0138861914	1.08253188497	1.39959653456	1.34588308362	1.14789275012	0.96379681972	1.29017440309	1.18770266312	0.852554316095	0.670334755921	1.28939563557	1.2215942726	1.36501767521	1.37032046883	1.45451562107	1.36046989367	1.4847582262	0.863858042533	1.39468030933	1.06824930884	1.19692131464	0.681628801353	0.65042918318	0.976546935718	1.66181627356	1.56670932334	1.53029274045	1.52939820686	1.38614717738	1.41681405027	1.63969505558	1.58983362494	1.40344327695	1.40425882552	1.46290304495	1.40217239729	1.18975138231	1.53117515708	1.15675314161	1.48707330594	1.24081054132	1.55022296762
AC7	0.793739826003	0.841942764621	1.99177151764	0.919199681005	1.01591652489	0.935691072982	0.870767796037	0.873688414693	1.01641130498	0.727298675689	1.04306481392	0.940018095698	0.905528066699	1.6616262349	0.858246012566	0.833976607057	1.02981362977	0.976591280812	1.4935819188	1.0138861914	0.0	0.491963064282	0.979136442726	0.943845514741	1.40158754471	0.679589681005	0.927378245529	0.816497892702	0.594236447559	0.57673322378	0.870272895118	0.796182919285	0.961770285162	0.914707530208	1.22307929918	1.11230072499	1.17372413726	0.755851068149	1.04842332044	0.902063146448	0.933387931368	1.15801380377	1.08979879652	0.715105326245	1.15353133881	1.03443178347	1.43502063316	1.38942637989	1.20063332044	1.23585730304	1.49951111648	1.45678912518	1.10609857419	1.16185761237	1.224870116	1.11728510391	0.928120985984	1.38741922185	0.88106641856	1.27363003383	0.913806940551	1.4088920493
AC8	0.637876897052	0.625523499275	2.19271902852	0.955880637989	0.972927225713	0.62447699855	0.941132812953	0.530210376994	0.675218342194	0.66906417593	0.751307037216	0.826798492025	0.613554243596	1.85681940068	0.747519304012	0.588308583857	0.65148022233	0.621642010633	1.60225719188	1.08253188497	0.491963064282	0.0	0.633398985017	0.606320285162	1.51190585307	0.589533276945	0.489412928951	0.380441546641	0.418095857902	0.559291793137	0.62195482842	0.468873707105	0.624128922185	0.607385480909	1.11998761237	0.874645451909	0.825404842919	0.700151106815	0.696787554374	0.761437974867	0.663262875785	1.19158491058	1.09195610923	0.60053117448	0.913122348961	0.788336046399	1.26777314161	1.06089443209	1.01444907685	1.01017585307	1.15114422426	1.15653465442	0.809534987917	0.818074896085	0.881238255196	0.821143102948	0.548883731271	1.12490365877	0.555072353794	0.989503199613	0.557633600773	1.07521854519
AD7	0.86419078782	0.823839729338	2.42146465442	1.19542090865	1.2190181392	0.688368443693	1.27499455292	0.559083533108	0.445879714838	0.945673504108	0.368540144998	1.0507018463	0.728451962301	2.08533612373	0.93452038666	0.773650768487	0.421025248913	0.472823663606	1.92715037699	1.39959653456	0.979136442726	0.633398985017	0.0	0.156703185114	1.8793378782	0.873690067666	0.360166945384	0.427298192363	0.650613663606	0.860132653456	0.706009811503	0.574263750604	0.4771779797	0.513389772837	1.32606839536	1.11947084582	0.634157245046	0.901208429193	0.655726249396	1.01905945384	0.83154980667	1.40885705172	1.30668850169	0.847307965201	0.807634722088	0.662520231996	1.35517800387	1.12128275495	1.2373857129	1.18449459642	1.10146970517	1.22259493475	0.935328066699	0.852179652006	0.867155297245	0.917349434509	0.728621043983	1.2109519623	0.740760744321	1.1507140841	0.620678231029	1.13199489125
AD8	0.827637095215	0.770378303528	2.39086931851	1.14479969551	1.16451023683	0.623457989367	1.22115761237	0.504153726438	0.441324146931	0.895677008217	0.335114543258	0.989205698405	0.686925384244	2.05681999517	0.901887651039	0.710198641856	0.429652435959	0.472837501208	1.88438432093	1.34588308362	0.943845514741	0.606320285162	0.156703185114	0.0	1.78896924118	0.786385152247	0.329523750604	0.418566636056	0.596280715321	0.805893228613	0.696041213146	0.547813122281	0.477165176414	0.4894939826	1.28842484292	1.07125955051	0.605999202513	0.840139647173	0.625030797487	0.955849279845	0.773861623973	1.37978898502	1.27625743838	0.785613895602	0.793786433059	0.652912484292	1.32540451426	1.09367549058	1.18517126631	1.13624904302	1.08634723538	1.19885003867	0.898622996617	0.829321184147	0.854022658289	0.888817723538	0.710441754471	1.18081631706	0.722245060416	1.10755039633	0.579474378927	1.10527714838
AE7	1.34886694538	1.46790966167	1.90061435476	1.28008888835	1.30436838086	1.69836351861	1.20417606573	1.72230042533	1.92399128081	1.35203760754	1.93386545674	1.44703830353	1.61246332528	1.64177441759	1.44454854036	1.45004811503	1.79116536008	1.73956688739	1.09992082165	1.14789275012	1.40158754471	1.51190585307	1.8793378782	1.78896924118	0.0	1.03106743354	1.7872218463	1.68137833253	1.40156000967	1.29491188497	1.57654700338	1.56346383277	1.86259812953	1.84687794587	1.7337959304	1.72180855002	1.90954061382	1.4474377042	1.81350936684	1.38064269696	1.56913047849	1.44370605607	1.45914637023	1.43324323345	2.03557539391	1.96626539874	1.67347822136	1.81255499758	1.63495376994	1.63586002417	1.96263630256	1.81537900918	1.65475856936	1.70009094732	1.76218374094	1.64293475592	1.61097592557	1.75185418076	1.56435988884	1.746470029	1.67704660706	1.82005184147
AE8	0.558666655389	0.584771855969	2.16410118898	0.931207216046	0.81162121798	0.754046399227	0.857882107298	0.756583740938	0.95795020783	0.598254108265	0.971456921218	0.696343446109	0.705415630739	1.83480442243	0.728430744321	0.56667741421	0.850161773804	0.807095306912	1.43026348961	0.96379681972	0.679589681005	0.589533276945	0.873690067666	0.786385152247	1.03106743354	0.0	0.817181894635	0.707889565007	0.615156007733	0.576102914451	0.726542914451	0.641579086515	0.896477433543	0.875338129531	1.08522153697	0.934831971967	0.962791121315	0.702193441276	0.873940405993	0.64774818753	0.681152721121	1.18336597873	1.08950083132	0.624689313678	1.11667434993	1.03950515708	1.14218362494	1.07439043499	0.940738390527	0.960388385694	1.19104269212	1.15346452876	0.866385577574	0.884587264379	0.964149705172	0.864222663122	0.716498071532	1.09286359594	0.666365108748	1.01616339778	0.731818226196	1.09737768004
AF7	0.753059772837	0.665842305462	2.38716053166	1.15827334461	1.03982538424	0.55698542291	1.1706960464	0.44854417593	0.436502232963	0.824634968584	0.438025447076	0.882248685355	0.578372160464	2.05244502175	0.787615142581	0.6224920203	0.313047486709	0.357817336878	1.82103264379	1.29017440309	0.927378245529	0.489412928951	0.360166945384	0.329523750604	1.7872218463	0.817181894635	0.0	0.214555480909	0.5841699855	0.776270985984	0.661167844369	0.502652909618	0.43324020783	0.438399946834	1.1354359304	0.926261377477	0.512324006767	0.801419656839	0.526629521508	0.85418857419	0.644168487192	1.37912286612	1.27230557757	0.69057077332	0.771736872885	0.628204248429	1.1845161624	0.967014678589	1.05115727888	1.006469913	0.954319047849	1.06336458676	0.763455108748	0.731245137748	0.747349966167	0.771784693088	0.539795877235	1.03628118898	0.552715838569	0.980529797003	0.455857066216	0.978073890768
AF8	0.669195447076	0.63075762204	2.29797463992	1.06399493475	1.00846618173	0.540597327211	1.10427481392	0.428459192847	0.455586616723	0.766375292412	0.542853697438	0.854043518608	0.561432754954	1.96120403093	0.755239439343	0.582660676655	0.420950091832	0.415075253746	1.72090990333	1.18770266312	0.816497892702	0.380441546641	0.427298192363	0.418566636056	1.68137833253	0.707889565007	0.214555480909	0.0	0.499685891735	0.68662821653	0.684114635089	0.481822107298	0.431537457709	0.436298521025	1.14229647656	0.925485558241	0.621327559207	0.743028293862	0.567156360561	0.822493528275	0.631588820686	1.28287486709	1.18173561624	0.649529357177	0.824484871919	0.68115958434	1.21227637989	0.990822909618	1.04017150314	1.0241840696	0.989557554374	1.09512962784	0.788441184147	0.759017467376	0.787194794587	0.807281314645	0.525003073949	1.06845857419	0.535081962301	1.0056341421	0.468161710971	1.00422257612
AG7	0.689908066699	0.618636505558	1.94745056549	0.713636602223	0.875277080715	0.651986747221	0.885637419043	0.518839246013	0.66974937651	0.598467022716	0.739423165781	0.77587578057	0.62453820203	1.61312444176	0.657542837119	0.612309207347	0.713537433543	0.701149487675	1.40582926051	0.852554316095	0.594236447559	0.418095857902	0.650613663606	0.596280715321	1.40156000967	0.615156007733	0.5841699855	0.499685891735	0.0	0.272884702755	0.75356059449	0.610846268729	0.610717472209	0.666072068632	1.2188340551	0.967466558724	0.853454968584	0.535124142098	0.759315930401	0.794152402127	0.709149560174	0.997139840503	0.889477970034	0.4672580232	1.03057935718	0.910060188497	1.31154831319	1.07700303045	1.11257500725	1.10139257129	1.18281078299	1.19033954084	0.887229289512	0.867718284195	0.950406089899	0.894921957467	0.64906717738	1.17035999033	0.624732194297	1.09130830836	0.646319879169	1.09313538908
AG8	0.674090536491	0.682339507008	1.81130473175	0.611709937168	0.864886529725	0.791640352827	0.742543987434	0.705390637989	0.884376350894	0.582794876752	0.946547704205	0.769231126148	0.764457626873	1.47425471242	0.650067017883	0.679305519575	0.894184059932	0.880962532624	1.19992970034	0.670334755921	0.57673322378	0.559291793137	0.860132653456	0.805893228613	1.29491188497	0.576102914451	0.776270985984	0.68662821653	0.272884702755	0.0	0.866313745771	0.766927249879	0.829271213146	0.837177293378	1.21045066699	1.02241565007	1.0307060609	0.478885664572	0.916554987917	0.787581744804	0.800053218946	0.899791377477	0.804387738038	0.495604572257	1.17914579024	1.06605467376	1.31992675205	1.21809550507	1.12306459159	1.14830044466	1.32354123731	1.29988935718	1.01574123248	1.00716934751	1.08290768971	1.01296428226	0.795102464959	1.237229826	0.760682783954	1.18951907202	0.807890613823	1.23136246013
AH7	0.762948709522	0.85150580957	2.44888462542	1.27513906235	1.15368785404	0.812067274045	1.17625477525	0.780851527308	0.906000652489	0.921858492025	0.800750275495	1.05472695988	0.831461648139	2.12745404543	1.02845303045	0.777840144998	0.633247066216	0.598523392943	1.72545894152	1.28939563557	0.870272895118	0.62195482842	0.706009811503	0.696041213146	1.57654700338	0.726542914451	0.661167844369	0.684114635089	0.75356059449	0.866313745771	0.0	0.284927095215	0.909906660222	0.876608332528	1.15017343161	1.01178745288	0.819016636056	1.00179762204	0.767121696472	0.939341367811	0.836547138714	1.47361279845	1.3848397245	0.904112653456	0.98399759304	0.900050420493	1.26769917351	1.06609563074	1.14821904302	1.04428347994	1.12300840019	1.14868125665	0.860209671339	0.80270298695	0.849252474625	0.823199429676	0.755144475592	1.13782866602	0.771136655389	1.01904338328	0.708490584824	1.08708764137
AH8	0.668379526341	0.662487868536	2.4096162639	1.16025482842	0.988739956501	0.608170898985	1.07864804737	0.580856408893	0.730487544708	0.755622928951	0.668368477525	0.886721227646	0.647143098115	2.07655561141	0.846787916868	0.589767752537	0.450796955051	0.393571338811	1.68999550991	1.2215942726	0.796182919285	0.468873707105	0.574263750604	0.547813122281	1.56346383277	0.641579086515	0.502652909618	0.481822107298	0.610846268729	0.766927249879	0.284927095215	0.0	0.715149086515	0.655754132431	1.08602817303	0.890607481875	0.691706863219	0.856607307878	0.591463349444	0.783493615273	0.646541454809	1.39121115515	1.29530709038	0.737274905752	0.848183876269	0.735932962784	1.13614176414	0.928063914935	0.995069695505	0.90689502175	0.97369479942	1.0232301595	0.703534649589	0.66420838086	0.694700459159	0.684433977767	0.572357902368	1.00081985017	0.589096916385	0.884770362494	0.505605471242	0.941917017883
AA5	0.853917960367	0.6465679942	2.29068650072	1.13219260512	0.999791923635	0.538527090382	1.21517116965	0.347845108748	0.21726460609	0.870083093282	0.4263359884	0.825295466409	0.604172774287	1.95682390527	0.715069608507	0.713371290478	0.489675485742	0.545804233929	1.88188525375	1.36501767521	0.961770285162	0.624128922185	0.4771779797	0.477165176414	1.86259812953	0.896477433543	0.43324020783	0.431537457709	0.610717472209	0.829271213146	0.909906660222	0.715149086515	0.0	0.275267752537	1.23177628323	0.961751648139	0.619103953601	0.738758965684	0.632501387144	0.874975326245	0.674507351377	1.24459252779	1.1406180812	0.656498240696	0.814257728371	0.649881459642	1.31640725471	1.07043256646	1.10580605123	1.10263639439	1.07971506042	1.19311413243	0.883235384244	0.827630024166	0.845893499275	0.892923276945	0.604637332044	1.16916427743	0.637840280329	1.0877481102	0.580216075399	1.09087914451
AA6	0.834260521991	0.647170352827	2.37517669889	1.16028605123	0.950724664089	0.430799328178	1.16243800387	0.359574040599	0.316223040116	0.834806128565	0.435186544224	0.778952846786	0.560753934268	2.03844041566	0.75368019333	0.677941208313	0.507869772837	0.518709898502	1.89688701305	1.37032046883	0.914707530208	0.607385480909	0.513389772837	0.4894939826	1.84687794587	0.875338129531	0.438399946834	0.436298521025	0.666072068632	0.837177293378	0.876608332528	0.655754132431	0.275267752537	0.0	1.0722960609	0.824877264379	0.5198880232	0.738026486225	0.489272000967	0.834817810536	0.58329099565	1.32744705655	1.21697565491	0.654547356211	0.592612711455	0.428214161431	1.17708503142	0.955502029966	0.959215157081	0.936796529725	0.957188999517	1.0588459159	0.727624673755	0.715563257612	0.725387100048	0.742305654906	0.579509308845	1.02703490092	0.628407269212	0.923133436443	0.502322783954	0.976276457226
AB5	1.06075035766	0.949975848236	2.57147704205	1.41819910585	0.837200599323	0.957061923635	1.22276115031	1.06123711938	1.20011674239	0.974756863219	1.18813906718	0.767979618173	1.00646694055	2.24105271629	1.01892750604	0.970050289995	1.18689359594	1.16466895602	1.8967099275	1.45451562107	1.22307929918	1.11998761237	1.32606839536	1.28842484292	1.7337959304	1.08522153697	1.1354359304	1.14229647656	1.2188340551	1.21045066699	1.15017343161	1.08602817303	1.23177628323	1.0722960609	0.0	0.368521145481	0.926881251812	1.06363909618	0.914058318028	0.835904610923	0.858837158047	1.57219526825	1.48655685839	1.00090791203	0.957258815853	0.949728124698	0.792353968101	0.90282961334	0.726135732238	0.707856940551	1.03391180764	0.903572928951	0.773812547124	0.887444847753	0.894172121798	0.835771952634	0.991283233446	0.828594277429	0.977120497825	0.775444664089	0.993239724505	0.913546254229
AB6	0.904055920735	0.721862339294	2.48787414693	1.28574522958	0.757628347028	0.724833711938	1.09685713388	0.794507187047	0.950952957951	0.837104871919	0.99185319478	0.585070256162	0.786987515708	2.15063906235	0.846037892702	0.752696365394	1.00116898018	0.985827259546	1.83983551957	1.36046989367	1.11230072499	0.874645451909	1.11947084582	1.07125955051	1.72180855002	0.934831971967	0.926261377477	0.925485558241	0.967466558724	1.02241565007	1.01178745288	0.890607481875	0.961751648139	0.824877264379	0.368521145481	0.0	0.752093204447	0.884150517158	0.741555345578	0.724232706622	0.649396689222	1.44705014016	1.34815232963	0.749738569357	0.747849550507	0.767543528275	0.76278338811	0.693872953117	0.550897680039	0.517097158047	0.835449144514	0.725273436443	0.591887602707	0.724877457709	0.730348559691	0.668611222813	0.749179014016	0.649766771387	0.741704233929	0.556308458192	0.798464659256	0.707081512808
AC5	0.931000183664	0.761683315611	2.61651905752	1.40492814886	0.966166046399	0.564095219913	1.28045419526	0.555530821653	0.568091681972	0.930668448526	0.518775292412	0.788926012566	0.739327167714	2.27862396327	0.920529811503	0.775826118898	0.522079951667	0.526390217496	1.97682494442	1.4847582262	1.17372413726	0.825404842919	0.634157245046	0.605999202513	1.90954061382	0.962791121315	0.512324006767	0.621327559207	0.853454968584	1.0307060609	0.819016636056	0.691706863219	0.619103953601	0.5198880232	0.926881251812	0.752093204447	0.0	0.898106457226	0.400864876752	0.882071343644	0.659248057032	1.6030757564	1.48611034799	0.790264668922	0.535755234413	0.445034818753	0.979313605607	0.747120763654	0.896266592557	0.808801962301	0.733300125665	0.81093139681	0.577114291928	0.518735698405	0.542154059932	0.578023750604	0.706132382794	0.832788047366	0.722311155147	0.776595321411	0.581092663122	0.747008965684
AC6	0.773496713388	0.63279181247	1.89275091832	0.69454641856	0.721807080715	0.742264325761	0.640184896085	0.625220613823	0.828473856936	0.469413484775	0.890648264862	0.6504379797	0.702142208797	1.56009999033	0.525317699372	0.657630072499	0.884429666506	0.902812411793	1.38702099082	0.863858042533	0.755851068149	0.700151106815	0.901208429193	0.840139647173	1.4474377042	0.702193441276	0.801419656839	0.743028293862	0.535124142098	0.478885664572	1.00179762204	0.856607307878	0.738758965684	0.738026486225	1.06363909618	0.884150517158	0.898106457226	0.0	0.861719134848	0.674073054616	0.708215577574	0.738071947801	0.62627019333	0.331578511358	1.08255639439	0.991658511358	1.18309993717	1.1249481972	0.989308042533	1.03722657322	1.22742277429	1.19162592557	0.929528685355	0.951173871435	1.01640852102	0.937460231996	0.683445790237	1.1264438521	0.671940531658	1.08300996617	0.753526176897	1.15638536974
AD6	0.776162257129	0.63684219913	2.53224924118	1.24062502175	0.844410410826	0.420092856452	1.18083365877	0.464855766071	0.590642832286	0.824882083132	0.511806955051	0.710080091832	0.58453861769	2.19640416143	0.797838777187	0.628473102948	0.515135345578	0.472565679072	1.87642303528	1.39468030933	1.04842332044	0.696787554374	0.655726249396	0.625030797487	1.81350936684	0.873940405993	0.526629521508	0.567156360561	0.759315930401	0.916554987917	0.767121696472	0.591463349444	0.632501387144	0.489272000967	0.914058318028	0.741555345578	0.400864876752	0.861719134848	0.0	0.720905451909	0.462013368777	1.50458321411	1.40025110681	0.736022875785	0.639200584824	0.527969990333	0.887408419526	0.666695703238	0.817089893668	0.716727486709	0.669953431609	0.766172242629	0.478000831319	0.439473412276	0.484662310295	0.480939308845	0.552451623973	0.762045036249	0.567568105365	0.69625262929	0.392656563557	0.677016926051
AE5	0.560090135331	0.510807496375	2.29076137264	0.99979	0.62685737071	0.734074480425	0.81806359594	0.708578095698	0.951071532141	0.548187303045	0.940376921218	0.594444470759	0.701755775737	1.95050239246	0.590011730304	0.491086491058	0.893297626873	0.845928453359	1.50910657322	1.06824930884	0.902063146448	0.761437974867	1.01905945384	0.955849279845	1.38064269696	0.64774818753	0.85418857419	0.822493528275	0.794152402127	0.787581744804	0.939341367811	0.783493615273	0.874975326245	0.834817810536	0.835904610923	0.724232706622	0.882071343644	0.674073054616	0.720905451909	0.0	0.354242145964	1.19397861286	1.09187366844	0.567823078782	1.09468124215	1.01070715805	0.893345683905	0.889210744321	0.783971072982	0.714816940551	1.02836621073	0.936488801353	0.634075466409	0.714209130014	0.814239536008	0.639985756404	0.552470405993	0.868497515708	0.529405118415	0.786637443209	0.663992261962	0.900311522475
AE6	0.535805756404	0.373822769454	2.39392453359	1.08133689222	0.69544481392	0.514861227646	0.948621227646	0.502664417593	0.69760179797	0.636784006767	0.710779492508	0.591924432093	0.45464517158	2.05359480425	0.566200439826	0.364938496858	0.664629661672	0.637531063316	1.64743233446	1.19692131464	0.933387931368	0.663262875785	0.83154980667	0.773861623973	1.56913047849	0.681152721121	0.644168487192	0.631588820686	0.709149560174	0.800053218946	0.836547138714	0.646541454809	0.674507351377	0.58329099565	0.858837158047	0.649396689222	0.659248057032	0.708215577574	0.462013368777	0.354242145964	0.0	1.32260963267	1.21293712905	0.543339086515	0.888227651039	0.778545340744	0.859686157564	0.705160865152	0.715753499275	0.625187689705	0.822210898985	0.771698245529	0.463655389077	0.487951362977	0.573844958917	0.462438274529	0.390071063316	0.717703170614	0.372598864186	0.650879424843	0.421788221363	0.723554780087
AF5	1.23003287579	1.1919522088	1.31286652972	0.553507153214	1.15014072982	1.3593580522	0.77774457709	1.24361268729	1.33220113581	0.993850836153	1.46064201063	1.17937614306	1.27837306428	0.997343489609	1.04092065732	1.22659871435	1.45297317545	1.49613745771	0.961553924601	0.681628801353	1.15801380377	1.19158491058	1.40885705172	1.37978898502	1.44370605607	1.18336597873	1.37912286612	1.28287486709	0.997139840503	0.899791377477	1.47361279845	1.39121115515	1.24459252779	1.32744705655	1.57219526825	1.44705014016	1.6030757564	0.738071947801	1.50458321411	1.19397861286	1.32260963267	0.0	0.168546133398	0.955455456742	1.71158453359	1.60982661189	1.67904950701	1.6580477912	1.54291178347	1.57247184147	1.78198867086	1.73846511358	1.52717497825	1.55777539874	1.61512905268	1.54497307878	1.27362524891	1.67179893185	1.2520737071	1.63197770904	1.37524759787	1.6855817448
AF6	1.13003317061	1.08383520058	1.40806283229	0.480170231996	1.06375739971	1.25693626873	0.704795698405	1.13761736104	1.23322942484	0.890094668922	1.35993045433	1.09082354277	1.17303006283	1.0848421218	0.92625138231	1.11422652972	1.35677941518	1.39854335911	1.02169172547	0.65042918318	1.08979879652	1.09195610923	1.30668850169	1.27625743838	1.45914637023	1.08950083132	1.27230557757	1.18173561624	0.889477970034	0.804387738038	1.3848397245	1.29530709038	1.1406180812	1.21697565491	1.48655685839	1.34815232963	1.48611034799	0.62627019333	1.40025110681	1.09187366844	1.21293712905	0.168546133398	0.0	0.847454407927	1.60404322378	1.50108549541	1.58688168197	1.55219873852	1.44468990333	1.48320121315	1.66566978734	1.6373040261	1.42124794587	1.45104864669	1.51048602223	1.43821572257	1.17002785404	1.57242271629	1.14646828903	1.53728464476	1.2693980522	1.58837487675
AG5	0.659295524408	0.470085703238	2.07720307878	0.834204407927	0.631550628323	0.58924020783	0.725656689222	0.51788739971	0.745480323828	0.440118453359	0.786742696955	0.536636162397	0.584253160947	1.73968765587	0.463152798453	0.520301739971	0.797669647173	0.76907537941	1.49648167714	0.976546935718	0.715105326245	0.60053117448	0.847307965201	0.785613895602	1.43324323345	0.624689313678	0.69057077332	0.649529357177	0.4672580232	0.495604572257	0.904112653456	0.737274905752	0.656498240696	0.654547356211	1.00090791203	0.749738569357	0.790264668922	0.331578511358	0.736022875785	0.567823078782	0.543339086515	0.955455456742	0.847454407927	0.0	0.978792991783	0.88165297245	1.10276645239	0.988248757854	0.876236684389	0.884251773804	1.10664317061	1.04711651039	0.745081329145	0.811904108265	0.882185340744	0.760955389077	0.558082590623	0.989819289512	0.536278530691	0.922867878202	0.62558818753	1.01521076365
