	AA3	AA4	AB3	AB4	AC3	AC4	AD3	AD4	AE3	AE4	AF3	AF4	AG3	AG4	AH3	AH4	AA7	AA8	AB7	AB8	AC7	AC8	AD7	AD8	AE7	AE8	AF7	AF8	AG7	AG8	AH7	AH8	AA5	AA6	AB5	AB6	AC5	AC6	AD6	AE5	AE6	AF5	AF6	AG5	AH5	AH6	AA1	AA2	AB1	AB2	AC1	AC2	AD1	AD2	AE1	AE2	AF1	AF2	AG1	AG2	AH1	AH2
AA3	0.0	0.554525316578	2.24881005317	0.955616930884	0.821506234896	0.809008453359	0.851376321895	0.801470294828	0.944962962784	0.684514775254	0.979783508942	0.750954891252	0.732807143548	1.89831077332	0.754273291445	0.306633238279	0.824293562107	0.799778907685	1.42526417593	1.03565092798	0.828758960851	0.696305118415	0.930996756887	0.925934775254	1.31789078299	0.591737883035	0.835375364911	0.682904461092	0.732043513775	0.680463760271	0.795459637506	0.734182464959	0.883603552441	0.872230724988	1.09686807637	0.92538280812	0.964637274045	0.792529685839	0.790501401643	0.575092527791	0.61101979217	1.28317497825	1.10951797003	0.738340260996	1.1387799565	1.09102270662	0.948714001933	0.968613494442	0.937245360077	0.840535331078	1.05386579024	0.963555118415	0.696262025133	0.68564219913	0.786020550991	0.665351005317	0.588855306912	0.897771739971	0.571739323345	0.909862000967	0.699704731754	0.919891155147
AA4	0.554525316578	0.0	2.24694895118	0.902439647173	0.627302087965	0.617290367327	0.845453383277	0.496427317545	0.694901377477	0.579780758821	0.797668139198	0.445939666506	0.409863064282	1.89295163364	0.278746756887	0.309676244563	0.647415679072	0.669153697438	1.5102582697	1.05332797003	0.879510173997	0.679143475109	0.840487641373	0.780155509908	1.46935231996	0.589711222813	0.683315519575	0.613690029	0.671965592073	0.700443267279	0.858535480909	0.691860144998	0.627687245046	0.624635413243	0.969172039633	0.679966800387	0.776634644756	0.55646580957	0.632225326245	0.539790236829	0.412687515708	1.22702652972	1.03800699855	0.463603151281	0.92682739971	0.863569608507	0.948371836636	0.837451319478	0.726568801353	0.744562503625	0.927076268729	0.869574751087	0.632609014016	0.610300700822	0.680440821653	0.57306242146	0.430929294345	0.815586143064	0.423184079265	0.75498578057	0.47054942001	0.760849463509
AB3	2.24881005317	2.24694895118	0.0	1.46172465442	2.16805748671	2.4101519333	1.9310138666	2.2878879652	2.3600320493	2.07928134848	2.48965447076	2.3031121363	2.30548496858	0.39733060899	2.12811907202	2.28394054616	2.4670657709	2.50470753021	1.17982637989	1.45590917835	1.98098003383	2.16599461092	2.42709126631	2.40567115998	1.90802926535	2.16288652489	2.39345749154	2.30519328661	1.88721203963	1.82636864186	2.44855550991	2.4446740841	2.30128566941	2.37143890285	2.5655081827	2.4555198985	2.61407765104	1.96809666506	2.53010719188	2.29368272595	2.39195836153	1.27077878685	1.43904530691	2.09304645723	2.72656363944	2.63860940551	2.66676847269	2.70630853552	2.54237490092	2.6002162204	2.76445330111	2.72551331078	2.56452484775	2.58394026583	2.62091384244	2.55251751087	2.3098479217	2.67505029	2.29778636056	2.64393744804	2.39694570807	2.66187730304
AB4	0.955616930884	0.902439647173	1.46172465442	0.0	0.905379482842	1.07473375544	0.771802725955	1.01312333978	1.17437102948	0.801161488642	1.2363982552	0.987990517158	0.881350106332	1.0969660899	0.822940797487	0.966270565491	1.17365643789	1.21382902368	0.958718873852	0.486004533591	0.928518849686	0.960213842436	1.18989006283	1.16391794103	1.26075858869	0.894347119381	1.16193734171	1.02860683422	0.650284059932	0.6286020058	1.27606601257	1.18441893185	1.10577452876	1.13769630739	1.40343518608	1.21908108265	1.36891906718	0.734460517158	1.21531411793	0.970562150797	1.05711133881	0.630402899952	0.500234166264	0.812291594973	1.45679240213	1.38710970034	1.42963502175	1.41621531658	1.28119902368	1.33420159014	1.5025537796	1.45727135331	1.24898337361	1.2703921508	1.33939908652	1.23246935718	1.02311293378	1.40219292412	1.00539171097	1.35180860802	1.07364444659	1.35918867569
AC3	0.821506234896	0.627302087965	2.16805748671	0.905379482842	0.0	0.800682450459	0.813116959884	0.818695108748	0.98022698405	0.642194581924	1.08802224263	0.379481058482	0.786262203963	1.81991674722	0.647742667956	0.725996621556	0.962027124215	0.977392121798	1.39865090382	1.01027673755	1.04921868052	1.02910953601	1.22877397293	1.1513638231	1.28291947318	0.786664407927	1.06393362494	0.985321986467	0.878549787337	0.866682203963	1.17484968101	1.01629230546	0.977773083615	0.956182508458	0.873887022716	0.760924306428	0.995728941518	0.72746818753	0.87509300145	0.656889173514	0.719774233929	1.16566880135	1.00511932334	0.600608757854	1.14911270662	1.1088500145	0.883354601257	0.971099884002	0.783076669889	0.816597254712	1.07051645239	0.975675543741	0.766834572257	0.809963513775	0.865220956984	0.760601725471	0.8177739826	0.904659231513	0.786963112615	0.897817245046	0.839319531174	0.929191628806
AC4	0.809008453359	0.617290367327	2.4101519333	1.07473375544	0.800682450459	0.0	1.12835499275	0.357315606573	0.435835698405	0.85085679072	0.361546636056	0.531622899952	0.50162380377	2.05960551957	0.717567699372	0.672449337844	0.549471227646	0.54831622523	1.82165745288	1.33714341228	0.922469869502	0.687888081199	0.633644765587	0.566753571774	1.74594777187	0.787559308845	0.577533823103	0.490124233929	0.710836307395	0.818274736588	0.827836674722	0.619446539391	0.458148487192	0.398703460609	1.04025146448	0.700984301595	0.533083049782	0.681583861769	0.41299459159	0.831560188497	0.526574838086	1.41422340261	1.22817150797	0.584744625423	0.647093968101	0.561744393427	1.07607802803	0.861849033349	0.829261730304	0.846225273079	0.876914001933	0.931637095215	0.606775862736	0.63006879652	0.693771285645	0.653989579507	0.623343431609	0.94276337361	0.68125298695	0.777039163847	0.437448709522	0.801914485259
AD3	0.851376321895	0.845453383277	1.9310138666	0.771802725955	0.813116959884	1.12835499275	0.0	0.973461135814	1.26059173514	0.3723679942	1.32744787337	0.935636520058	1.01818931368	1.57935179314	0.777582102465	0.870706263896	1.19212011116	1.17753916385	1.31089847753	0.827343460609	0.87214160464	0.901384320928	1.27317447076	1.25796232963	1.22652489125	0.824276853552	1.17635981634	1.04862545191	0.847221362977	0.739560536491	1.15611225713	1.10292218946	1.17301248913	1.12870595457	1.19491257612	1.03025264379	1.25841123731	0.685347129048	1.13474149348	0.805484277429	0.922809850169	0.864623827936	0.730319386177	0.748050048333	1.36349643306	1.31533471725	1.30878226196	1.3677959159	1.14596875785	1.16362116481	1.45037462059	1.36784862736	1.14960867086	1.15633898502	1.21915116965	1.11871250846	0.92950921218	1.2935260319	0.917954572257	1.21037220396	1.0982959014	1.28955565491
AD4	0.801470294828	0.496427317545	2.2878879652	1.01312333978	0.818695108748	0.357315606573	0.973461135814	0.0	0.324255828903	0.662285031416	0.512370082165	0.57450178347	0.496006157564	1.93884455776	0.55734520058	0.599445195747	0.562733407443	0.576354712421	1.74713119381	1.24012726438	0.863316660222	0.598778757854	0.583958177864	0.504162469792	1.73231242629	0.755306109232	0.50934361044	0.444872706622	0.58014377477	0.721775311745	0.823022402127	0.611948931851	0.317322653456	0.33660518608	1.10860765104	0.738316911551	0.582263798937	0.549097303045	0.47380702755	0.759724291928	0.519165930401	1.27067977284	1.08058763654	0.485704804253	0.718631063316	0.608488332528	1.15082286612	0.911322783954	0.923944316095	0.935110536491	0.928230004833	1.01125478975	0.689349487675	0.672898429193	0.720772953117	0.706725940068	0.539296379894	1.00860754471	0.601844804253	0.875379410343	0.447327699372	0.857780811986
AE3	0.944962962784	0.694901377477	2.3600320493	1.17437102948	0.98022698405	0.435835698405	1.26059173514	0.324255828903	0.0	0.945719207347	0.335408733688	0.732471193813	0.589625746738	2.01765450942	0.731203871435	0.772015582407	0.517021261479	0.555043301112	1.92223414693	1.42956525858	1.01442259062	0.754289724505	0.443142764621	0.392971541808	1.92071170614	0.945926230063	0.440360570324	0.5201219913	0.737077254712	0.907179125181	0.893711097148	0.69860942001	0.243272479459	0.319199797003	1.22119120348	0.876390865152	0.516342479459	0.754306413726	0.566270077332	0.992273489609	0.692973745771	1.37802645723	1.20682332044	0.693891981634	0.751611841469	0.618434243596	1.2582920638	1.00603598357	1.04869014983	1.04976906235	1.01782412276	1.11630711938	0.795269453842	0.786375727405	0.82480261479	0.823605432576	0.693716230063	1.12345230546	0.764784122765	0.98155982117	0.561072547124	0.956538883519
AE4	0.684514775254	0.579780758821	2.07928134848	0.801161488642	0.642194581924	0.85085679072	0.3723679942	0.662285031416	0.945719207347	0.0	1.0391320203	0.687585741904	0.745131391977	1.7272337361	0.540519231513	0.620505954567	0.911238313195	0.909153083615	1.41767609957	0.931935302078	0.782416326728	0.73863778637	0.98908260029	0.953138801353	1.33252633156	0.60412239246	0.869966244563	0.75176838086	0.62264080232	0.603576814886	0.974089444176	0.83899077332	0.865504340261	0.839711029483	1.01839455776	0.834413262446	0.970987380377	0.471554330594	0.840502817786	0.593080120831	0.646019700338	1.0043178057	0.810587090382	0.47876098115	1.10758536491	1.05347163364	1.08307319478	1.12172895602	0.944976307395	0.968990270662	1.21531159497	1.14053758821	0.914264272595	0.887836239729	0.944245157081	0.867555176414	0.65959020783	1.06566598357	0.659106384727	1.00797069599	0.80219258579	1.05043732721
AF3	0.979783508942	0.797668139198	2.48965447076	1.2363982552	1.08802224263	0.361546636056	1.32744787337	0.512370082165	0.335408733688	1.0391320203	0.0	0.82527478492	0.667702281295	2.14118550507	0.885660966651	0.85136040116	0.492897235379	0.516990468826	1.98666675689	1.49902344611	1.06621698888	0.844837762204	0.399155074915	0.345297259546	1.96923043499	0.999861623973	0.485445669406	0.604459869502	0.839752957951	0.973716123731	0.834085505075	0.671108864186	0.410665195747	0.451461309811	1.23811554857	0.941206694055	0.480851193813	0.850994374094	0.527116239729	1.03104442726	0.706758622523	1.51731277429	1.3379119188	0.77789441276	0.707316157564	0.591613310778	1.23585759787	1.00796885452	1.09987859352	1.0714781247	1.01849372644	1.0812339681	0.785845688739	0.751344741421	0.818090091832	0.793483948768	0.795979550507	1.09402158047	0.856689801837	0.983167501208	0.552437965201	0.948104378927
AF4	0.750954891252	0.445939666506	2.3031121363	0.987990517158	0.379481058482	0.531622899952	0.935636520058	0.57450178347	0.732471193813	0.687585741904	0.82527478492	0.0	0.550910695988	1.95337271145	0.536208366361	0.577384630256	0.777400188497	0.798655548574	1.61143869985	1.124179942	0.978122435959	0.819608148864	0.996082310295	0.919315553407	1.50652449493	0.681221967134	0.836699275012	0.763835862736	0.750518569357	0.789942112131	1.0091242436	0.84703439826	0.734112556791	0.715790613823	0.823231029483	0.515377283712	0.72874521508	0.635284470759	0.691342266796	0.642530811986	0.55512141131	1.27652429193	1.10490682939	0.492148946351	0.873029453842	0.814581126148	0.853760376994	0.775141831803	0.620384359594	0.650868308362	0.87101359594	0.800028511358	0.56953701305	0.632893040116	0.683042440793	0.618981855969	0.635517322378	0.744478801353	0.624517017883	0.69562479942	0.626670652489	0.715258516191
AG3	0.732807143548	0.409863064282	2.30548496858	0.881350106332	0.786262203963	0.50162380377	1.01818931368	0.496006157564	0.589625746738	0.745131391977	0.667702281295	0.550910695988	0.0	1.94069875785	0.460725413243	0.537003136781	0.546365384244	0.585468303528	1.68111482842	1.18925924118	0.933766104398	0.644513682939	0.724449516675	0.694999386177	1.60644142581	0.694057061382	0.579843639439	0.533742092798	0.680864673755	0.767324388594	0.839723958434	0.668792218463	0.565748366361	0.545918970517	1.02794328178	0.715776476559	0.732421362977	0.617776877719	0.579864668922	0.697228110198	0.439483736104	1.30836589174	1.12197062349	0.533253262446	0.856964229096	0.779685219913	1.01675010633	0.8272719768	0.805184538424	0.826680241663	0.909127887869	0.887520782987	0.603003823103	0.61238681972	0.706033407443	0.606592223296	0.460960101498	0.900459105848	0.481530149831	0.774600985984	0.402892706622	0.753787056549
AG4	1.89831077332	1.89295163364	0.39733060899	1.0969660899	1.81991674722	2.05960551957	1.57935179314	1.93884455776	2.01765450942	1.7272337361	2.14118550507	1.95337271145	1.94069875785	0.0	1.77949104398	1.93024493958	2.12247435959	2.15743907685	0.91389019333	1.11726806187	1.63398613823	1.8153559014	2.07989391977	2.05848292895	1.64411198647	1.81486658772	2.0465578637	1.95439152247	1.54383808603	1.47360661672	2.11337003383	2.09560885935	1.95705392943	2.02198024166	2.22469084582	2.10686880619	2.26595898985	1.61887029966	2.17772715805	1.94547522958	2.04195652972	0.933419091348	1.09929140164	1.74348164814	2.37834642823	2.28911227163	2.31440824553	2.35338325278	2.18966391493	2.24670999033	2.41705357661	2.37596754471	2.21285175447	2.23179462542	2.27159274529	2.20023903335	1.95908542291	2.32583344611	1.94806710971	2.28972615273	2.0504237216	2.31026720638
AH3	0.754273291445	0.278746756887	2.12811907202	0.822940797487	0.647742667956	0.717567699372	0.777582102465	0.55734520058	0.731203871435	0.540519231513	0.885660966651	0.536208366361	0.460725413243	1.77949104398	0.0	0.52818720638	0.749576964717	0.791478066699	1.51709208313	1.03770335911	0.873162508458	0.735681667472	0.886341996133	0.852646230063	1.47224045916	0.681344581924	0.765806926051	0.717413044949	0.639028791687	0.668030459159	0.997627138714	0.839184794587	0.660623127115	0.692473450942	1.05323539391	0.765834349927	0.885064601257	0.485828235863	0.771033852102	0.621323634606	0.573222150797	1.08097108265	0.908548922185	0.430905287579	1.02910158047	0.965434316095	1.05975335428	0.950467307878	0.849519260512	0.880464108265	1.0411082842	1.01549472209	0.782483165781	0.770450850652	0.829516462059	0.740261474142	0.565089023683	0.959696147898	0.550503315611	0.882532054132	0.615913663606	0.875063450942
AH4	0.306633238279	0.309676244563	2.28394054616	0.966270565491	0.725996621556	0.672449337844	0.870706263896	0.599445195747	0.772015582407	0.620505954567	0.85136040116	0.577384630256	0.537003136781	1.93024493958	0.52818720638	0.0	0.644895867569	0.646229932334	1.4708737216	1.06744494925	0.864427201547	0.651450275495	0.810659507008	0.75669017883	1.42250242629	0.580443591107	0.668945741904	0.575006988884	0.674971319478	0.702171546641	0.759377554374	0.603712580957	0.706033252779	0.680016094732	1.00451424843	0.73381717738	0.798897230546	0.620395074915	0.638614359594	0.51847821653	0.408645799903	1.29411255679	1.10364672305	0.554655664572	0.946081285645	0.891944422426	0.922877970034	0.830838235863	0.78904699855	0.717123910101	0.911674968584	0.838767641373	0.573176056066	0.562477467376	0.653872648623	0.530305596907	0.395038550024	0.796008535524	0.382883262446	0.742274765587	0.530743247946	0.767614001933
AA7	0.824293562107	0.647415679072	2.4670657709	1.17365643789	0.962027124215	0.549471227646	1.19212011116	0.562733407443	0.517021261479	0.911238313195	0.492897235379	0.777400188497	0.546365384244	2.12247435959	0.749576964717	0.644895867569	0.0	0.158549386177	1.77678138231	1.31678597873	0.999688917351	0.707161464476	0.452441947801	0.464244016433	1.74406195747	0.821388458192	0.334792841953	0.431940546158	0.76738537941	0.878473919768	0.63250878202	0.407558066699	0.472002914451	0.528290135331	1.22258030449	0.963430454326	0.554531048816	0.792884504592	0.51515742871	0.895385799903	0.62237282262	1.48769116965	1.31252316095	0.779439159014	0.750305659739	0.657436742388	1.11981492025	0.888294780087	1.04402105848	0.992845132914	0.898744262929	0.96954940551	0.703741367811	0.662163600773	0.698078105365	0.679832300628	0.538727670372	0.970773760271	0.57293062349	0.932920454326	0.452809400677	0.845715031416
AA8	0.799778907685	0.669153697438	2.50470753021	1.21382902368	0.977392121798	0.54831622523	1.17753916385	0.576354712421	0.555043301112	0.909153083615	0.516990468826	0.798655548574	0.585468303528	2.15743907685	0.791478066699	0.646229932334	0.158549386177	0.0	1.79264510391	1.33716651039	0.950248066699	0.665783185114	0.482947941034	0.492467351377	1.71861709522	0.80334699855	0.374794117931	0.418280439826	0.77712939101	0.888884881585	0.567764325761	0.324545055582	0.515417327211	0.53472020783	1.1843920493	0.937492754954	0.547131909135	0.823386147898	0.485859719671	0.898281594973	0.626239241179	1.53179240696	1.35535874335	0.784123238279	0.712745843403	0.62426760754	1.10684669406	0.87083499275	1.02967924118	0.952536268729	0.885159410343	0.949543508942	0.657084403093	0.621427970034	0.678193987434	0.661079637506	0.550877665539	0.967867080715	0.595074973417	0.886710149831	0.45318300145	0.838889067182
AB7	1.42526417593	1.5102582697	1.17982637989	0.958718873852	1.39865090382	1.82165745288	1.31089847753	1.74713119381	1.92223414693	1.41767609957	1.98666675689	1.61143869985	1.68111482842	0.91389019333	1.51709208313	1.4708737216	1.77678138231	1.79264510391	0.0	0.567333518608	1.49556316578	1.58160457709	1.8880781972	1.87837958917	1.08793542291	1.41538973417	1.78226844369	1.65553882552	1.31111679555	1.17101175447	1.70855948284	1.69493887869	1.82488086515	1.85637869986	1.87180236346	1.80000242146	1.94879580474	1.44010546158	1.82843953601	1.47748673755	1.60621567424	0.966880807153	1.01713447076	1.50516669889	2.10524525375	2.04552059932	1.90116513775	1.97480879652	1.81010526341	1.81162500725	2.04174797487	1.97205304978	1.79881234896	1.79815966651	1.84651210246	1.76369710488	1.59718998067	1.91049693088	1.5686277332	1.87989437409	1.72682304012	1.92865447076
AB8	1.03565092798	1.05332797003	1.45590917835	0.486004533591	1.01027673755	1.33714341228	0.827343460609	1.24012726438	1.42956525858	0.931935302078	1.49902344611	1.124179942	1.18925924118	1.11726806187	1.03770335911	1.06744494925	1.31678597873	1.33716651039	0.567333518608	0.0	1.02012052199	1.08439807637	1.38953306912	1.3735179797	1.14105122281	0.96414701305	1.2782698405	1.1544318318	0.789120734654	0.659797143548	1.27267400677	1.25038653939	1.3459940841	1.371579768	1.44789102948	1.32754518125	1.46542372644	0.944270589657	1.38608954567	1.061610203	1.18113757371	0.701294461092	0.647101106815	1.0124039101	1.63473372644	1.57250992267	1.5459620493	1.54822484775	1.39790661189	1.4057340406	1.62208895602	1.57925374094	1.39023247946	1.37949009183	1.43809403093	1.35310568391	1.15464875785	1.52855544708	1.14018499275	1.46543516191	1.24363682939	1.4969659304
AC7	0.828758960851	0.879510173997	1.98098003383	0.928518849686	1.04921868052	0.922469869502	0.87214160464	0.863316660222	1.01442259062	0.782416326728	1.06621698888	0.978122435959	0.933766104398	1.63398613823	0.873162508458	0.864427201547	0.999688917351	0.950248066699	1.49556316578	1.02012052199	0.0	0.417843711938	0.986990130498	0.961611609473	1.40471675205	0.704516979217	0.965309917835	0.770478724021	0.573393107782	0.54738341711	0.867102319961	0.827656331561	0.923257506042	0.921183006283	1.29718253262	1.1036518028	1.17157979217	0.752748569357	1.03614281779	0.995430927985	0.941404504592	1.19134772354	1.06155256162	0.74799301595	1.12000192363	1.03059142098	1.47200734654	1.43564739971	1.24245611406	1.25926942968	1.51971555824	1.46857133398	1.12371035283	1.14396499758	1.25186710971	1.13289639439	0.907442232963	1.3996762204	0.909449362011	1.27641835186	0.92456821653	1.37028641373
AC8	0.696305118415	0.679143475109	2.16599461092	0.960213842436	1.02910953601	0.687888081199	0.901384320928	0.598778757854	0.754289724505	0.73863778637	0.844837762204	0.819608148864	0.644513682939	1.8153559014	0.735681667472	0.651450275495	0.707161464476	0.665783185114	1.58160457709	1.08439807637	0.417843711938	0.0	0.692948003867	0.721633397777	1.50851107782	0.617210676655	0.592763866602	0.41629297245	0.497729637506	0.564246007733	0.668404581924	0.566934659256	0.650310111165	0.656954625423	1.1953781537	0.869593262446	0.883604296762	0.663001416143	0.747196940551	0.862969574674	0.691831561141	1.21830826486	1.07706338811	0.670674262929	0.917695804737	0.839145437409	1.32621708072	1.14213271629	1.06538025133	1.07077192363	1.22493049299	1.18692577574	0.844630053166	0.850911657806	0.964986152731	0.875854209763	0.578563025616	1.18629701305	0.611333160947	1.0132820928	0.634072953117	1.07792658772
AD7	0.930996756887	0.840487641373	2.42709126631	1.18989006283	1.22877397293	0.633644765587	1.27317447076	0.583958177864	0.443142764621	0.98908260029	0.399155074915	0.996082310295	0.724449516675	2.07989391977	0.886341996133	0.810659507008	0.452441947801	0.482947941034	1.8880781972	1.38953306912	0.986990130498	0.692948003867	0.0	0.176413272112	1.87655722571	0.878323552441	0.359539710005	0.476000057999	0.721889028516	0.869337965201	0.713014567424	0.556212300628	0.448779458676	0.541788090865	1.37499724505	1.07004037699	0.578619144514	0.835547167714	0.673588608023	1.07032105848	0.814604040599	1.45996476559	1.27593665056	0.861334717255	0.809594983084	0.698243687772	1.36606108265	1.1156438811	1.23846132431	1.20329281295	1.12152375544	1.21320541808	0.919449337844	0.866718376027	0.916067322378	0.91555919768	0.701956056066	1.22888888352	0.766041232479	1.12072558241	0.61394777187	1.07461724988
AD8	0.925934775254	0.780155509908	2.40567115998	1.16391794103	1.1513638231	0.566753571774	1.25796232963	0.504162469792	0.392971541808	0.953138801353	0.345297259546	0.919315553407	0.694999386177	2.05848292895	0.852646230063	0.75669017883	0.464244016433	0.492467351377	1.87837958917	1.3735179797	0.961611609473	0.721633397777	0.176413272112	0.0	1.8415697825	0.843525804737	0.362549337844	0.466666766554	0.697816346061	0.852754504592	0.739275118415	0.560168956017	0.417298501692	0.488249395843	1.32829384244	1.00995432576	0.538481986467	0.776543040116	0.62916181247	0.998943262446	0.740630923151	1.4413580957	1.25232335911	0.788210512325	0.762884195263	0.645773421943	1.32013077815	1.06272897535	1.16748492992	1.13938350411	1.07517353794	1.16387716288	0.862555708072	0.819379971	0.868351933301	0.865533736104	0.713028980184	1.18135872402	0.78515022233	1.06095277429	0.559397902368	1.02269627356
AE7	1.31789078299	1.46935231996	1.90802926535	1.26075858869	1.28291947318	1.74594777187	1.22652489125	1.73231242629	1.92071170614	1.33252633156	1.96923043499	1.50652449493	1.60644142581	1.64411198647	1.47224045916	1.42250242629	1.74406195747	1.71861709522	1.08793542291	1.14105122281	1.40471675205	1.50851107782	1.87655722571	1.8415697825	0.0	1.02782500242	1.78981515708	1.6271698405	1.36045489609	1.28894156114	1.56980111165	1.59814437409	1.83281748671	1.82839131948	1.7116560174	1.70019944901	1.91773870952	1.48916663606	1.79671962784	1.3459978782	1.56146058966	1.47035346544	1.44628522475	1.48300681005	1.97825488642	1.94567070565	1.69130942484	1.8491441421	1.65123263412	1.62284443209	1.94276931368	1.82073347028	1.67106759787	1.66538115031	1.72804345578	1.61551704205	1.59146646689	1.75083083615	1.536610232	1.73752251812	1.69575983567	1.80751502658
AE8	0.591737883035	0.589711222813	2.16288652489	0.894347119381	0.786664407927	0.787559308845	0.824276853552	0.755306109232	0.945926230063	0.60412239246	0.999861623973	0.681221967134	0.694057061382	1.81486658772	0.681344581924	0.580443591107	0.821388458192	0.80334699855	1.41538973417	0.96414701305	0.704516979217	0.617210676655	0.878323552441	0.843525804737	1.02782500242	0.0	0.817920797487	0.66001757854	0.629788666022	0.586761469309	0.768527138714	0.700282368294	0.857764780087	0.850027032383	1.09062946834	0.870451565974	0.958765935234	0.669532924118	0.872984378927	0.64941101015	0.654326413726	1.21443127598	1.03554666022	0.649445055582	1.06206505075	1.02688230063	1.13278768004	1.10923243113	0.935705321411	0.952841130981	1.19131646206	1.15143249879	0.881165157081	0.863261638473	0.931703914935	0.839941232479	0.688574581924	1.09091327695	0.673564504592	0.972225606573	0.750065901402	1.04374841953
AF7	0.835375364911	0.683315519575	2.39345749154	1.16193734171	1.06393362494	0.577533823103	1.17635981634	0.50934361044	0.440360570324	0.869966244563	0.485445669406	0.836699275012	0.579843639439	2.0465578637	0.765806926051	0.668945741904	0.334792841953	0.374794117931	1.78226844369	1.2782698405	0.965309917835	0.592763866602	0.359539710005	0.362549337844	1.78981515708	0.817920797487	0.0	0.270554441759	0.687767249879	0.815511111648	0.662136616723	0.492033682939	0.418384137264	0.484842049299	1.20418538424	0.925078917351	0.495536176897	0.74000297245	0.551345205413	0.915985273079	0.646339487675	1.43209542774	1.2488042581	0.767121251812	0.781064910585	0.670053392943	1.2076220493	0.963149033349	1.06848649589	1.04547186564	0.967718313195	1.05385413726	0.769801082649	0.735848786854	0.795470347994	0.785583160947	0.549994596423	1.06146769454	0.619399453842	0.966756979217	0.456366544224	0.911712745288
AF8	0.682904461092	0.613690029	2.30519328661	1.02860683422	0.985321986467	0.490124233929	1.04862545191	0.444872706622	0.5201219913	0.75176838086	0.604459869502	0.763835862736	0.533742092798	1.95439152247	0.717413044949	0.575006988884	0.431940546158	0.418280439826	1.65553882552	1.1544318318	0.770478724021	0.41629297245	0.476000057999	0.466666766554	1.6271698405	0.66001757854	0.270554441759	0.0	0.571046853552	0.670691237313	0.638019719671	0.427805321411	0.463049772837	0.4808380087	1.16147494442	0.862606147898	0.632854185597	0.658529710005	0.514749149348	0.816634736588	0.575883267279	1.33772885452	1.1503078347	0.669074804253	0.7987420203	0.708483214113	1.18497804737	0.960333431609	0.985238182697	0.990738912518	0.975164200097	1.04791294828	0.724409995167	0.715930072499	0.795169855002	0.753710043499	0.483880705655	1.05056593523	0.545542450459	0.927379395843	0.417880618656	0.908147042049
AG7	0.732043513775	0.671965592073	1.88721203963	0.650284059932	0.878549787337	0.710836307395	0.847221362977	0.58014377477	0.737077254712	0.62264080232	0.839752957951	0.750518569357	0.680864673755	1.54383808603	0.639028791687	0.674971319478	0.76738537941	0.77712939101	1.31111679555	0.789120734654	0.573393107782	0.497729637506	0.721889028516	0.697816346061	1.36045489609	0.629788666022	0.687767249879	0.571046853552	0.0	0.231878873852	0.807694374094	0.7156839971	0.66086260029	0.732919255679	1.27719941034	0.922288496858	0.915150918318	0.467587457709	0.820950299662	0.866630898985	0.714141372644	0.999851609473	0.820202914451	0.492144151764	1.06062330594	0.982259415176	1.35018529725	1.16901376994	1.13427145481	1.14541497825	1.24638494442	1.23544897535	0.943948042533	0.923549453842	0.998410289995	0.932503721605	0.687276123731	1.21208587724	0.697095055582	1.09657000967	0.719085306912	1.11225208797
AG8	0.680463760271	0.700443267279	1.82636864186	0.6286020058	0.866682203963	0.818274736588	0.739560536491	0.721775311745	0.907179125181	0.603576814886	0.973716123731	0.789942112131	0.767324388594	1.47360661672	0.668030459159	0.702171546641	0.878473919768	0.888884881585	1.17101175447	0.659797143548	0.54738341711	0.564246007733	0.869337965201	0.852754504592	1.28894156114	0.586761469309	0.815511111648	0.670691237313	0.231878873852	0.0	0.871439299178	0.810783682939	0.820022730788	0.848807796037	1.25475932818	0.985298458192	1.03264646689	0.492209260512	0.927763064282	0.837785886902	0.77682977767	0.955069574674	0.797121913968	0.546628612856	1.14907902852	1.0686957564	1.33697865152	1.25864471725	1.14127768487	1.1713498695	1.34301368777	1.31272046399	1.0260680667	0.999847602707	1.08170537458	1.00334121315	0.763282653456	1.25102036249	0.766311464476	1.17809283712	0.810608492025	1.20331523441
AH7	0.795459637506	0.858535480909	2.44855550991	1.27606601257	1.17484968101	0.827836674722	1.15611225713	0.823022402127	0.893711097148	0.974089444176	0.834085505075	1.0091242436	0.839723958434	2.11337003383	0.997627138714	0.759377554374	0.63250878202	0.567764325761	1.70855948284	1.27267400677	0.867102319961	0.668404581924	0.713014567424	0.739275118415	1.56980111165	0.768527138714	0.662136616723	0.638019719671	0.807694374094	0.871439299178	0.0	0.296186297728	0.863913011116	0.875985558241	1.19785540841	1.01834350894	0.81270742871	0.94682078782	0.756019289512	0.985835635573	0.790952711455	1.51444066699	1.34903495892	0.940016921218	0.930873127115	0.88558059449	1.27299118415	1.05688785404	1.17010308362	1.05817781054	1.12496984534	1.13803442726	0.846448342194	0.814045674239	0.852092145964	0.833764958917	0.750420057999	1.15402806187	0.779669217013	1.01030257612	0.71938558724	1.03259037699
AH8	0.734182464959	0.691860144998	2.4446740841	1.18441893185	1.01629230546	0.619446539391	1.10292218946	0.611948931851	0.69860942001	0.83899077332	0.671108864186	0.84703439826	0.668792218463	2.09560885935	0.839184794587	0.603712580957	0.407558066699	0.324545055582	1.69493887869	1.25038653939	0.827656331561	0.566934659256	0.556212300628	0.560168956017	1.59814437409	0.700282368294	0.492033682939	0.427805321411	0.7156839971	0.810783682939	0.296186297728	0.0	0.655168356694	0.658885679072	1.14386649106	0.902814900918	0.673191483809	0.816467017883	0.556257216046	0.865719758337	0.641298313195	1.47960265346	1.29519193813	0.796767539874	0.781844528758	0.712480850652	1.14453673755	0.92781421943	1.02678889802	0.936889192847	0.94756481392	1.00941956501	0.686975442243	0.662405978734	0.722803934268	0.699619502175	0.575782653456	1.01938608507	0.617733446109	0.885535640406	0.513550560657	0.894049105848
AA5	0.883603552441	0.627687245046	2.30128566941	1.10577452876	0.977773083615	0.458148487192	1.17301248913	0.317322653456	0.243272479459	0.865504340261	0.410665195747	0.734112556791	0.565748366361	1.95705392943	0.660623127115	0.706033252779	0.472002914451	0.515417327211	1.82488086515	1.3459940841	0.923257506042	0.650310111165	0.448779458676	0.417298501692	1.83281748671	0.857764780087	0.418384137264	0.463049772837	0.66086260029	0.820022730788	0.863913011116	0.655168356694	0.0	0.253668158531	1.23555712905	0.868694403093	0.59090222813	0.64020159014	0.604888579024	0.887177269212	0.639900676655	1.28612338328	1.10662356211	0.593450502658	0.774748767521	0.634697394877	1.29266	1.06041410826	1.06787700338	1.08234038183	1.0716420348	1.15126713871	0.818722271629	0.815145654906	0.853713644273	0.848198037699	0.590869154181	1.15327551474	0.658879511841	1.00727299662	0.512657167714	1.00665538424
AA6	0.872230724988	0.624635413243	2.37143890285	1.13769630739	0.956182508458	0.398703460609	1.12870595457	0.33660518608	0.319199797003	0.839711029483	0.451461309811	0.715790613823	0.545918970517	2.02198024166	0.692473450942	0.680016094732	0.528290135331	0.53472020783	1.85637869986	1.371579768	0.921183006283	0.656954625423	0.541788090865	0.488249395843	1.82839131948	0.850027032383	0.484842049299	0.4808380087	0.732919255679	0.848807796037	0.875985558241	0.658885679072	0.253668158531	0.0	1.10765695505	0.760493040116	0.536935306912	0.652034340261	0.520873392943	0.871314127598	0.571605152247	1.36064850652	1.17038728371	0.592251623973	0.577410768487	0.439659830836	1.18226051232	0.96208142581	0.942433272112	0.951429526341	0.976033972934	1.04110597873	0.701031145481	0.717708071532	0.765617626873	0.739614867086	0.591632837119	1.04150191397	0.663458467859	0.886820565491	0.483480328661	0.902895954567
AB5	1.09686807637	0.969172039633	2.5655081827	1.40343518608	0.873887022716	1.04025146448	1.19491257612	1.10860765104	1.22119120348	1.01839455776	1.23811554857	0.823231029483	1.02794328178	2.22469084582	1.05323539391	1.00451424843	1.22258030449	1.1843920493	1.87180236346	1.44789102948	1.29718253262	1.1953781537	1.37499724505	1.32829384244	1.7116560174	1.09062946834	1.20418538424	1.16147494442	1.27719941034	1.25475932818	1.19785540841	1.14386649106	1.23555712905	1.10765695505	0.0	0.429546457226	1.0021542726	1.10502005317	0.994593479942	0.905192455292	0.898823711938	1.61298098598	1.46195997583	1.0085598985	0.940540299662	0.99496720638	0.790765509908	0.924732677622	0.737291155147	0.7129139826	1.02250361044	0.91393359594	0.815833455776	0.939720086999	0.941618293862	0.908746718221	1.03785556307	0.835897564041	1.03802311745	0.779589942001	1.03147449976	0.882961889802
AB6	0.92538280812	0.679966800387	2.4555198985	1.21908108265	0.760924306428	0.700984301595	1.03025264379	0.738316911551	0.876390865152	0.834413262446	0.941206694055	0.515377283712	0.715776476559	2.10686880619	0.765834349927	0.73381717738	0.963430454326	0.937492754954	1.80000242146	1.32754518125	1.1036518028	0.869593262446	1.07004037699	1.00995432576	1.70019944901	0.870451565974	0.925078917351	0.862606147898	0.922288496858	0.985298458192	1.01834350894	0.902814900918	0.868694403093	0.760493040116	0.429546457226	0.0	0.756547477042	0.778817153214	0.754962827453	0.777525737071	0.617802310295	1.44551724505	1.26902877235	0.656278390527	0.695414161431	0.733303649106	0.7996760174	0.728542431126	0.567228467859	0.567362518125	0.821894088932	0.752638815853	0.573842899952	0.714978985017	0.720947071049	0.681770120831	0.738448071532	0.705166505558	0.736630444659	0.569151720638	0.7633079942	0.671792000967
AC5	0.964637274045	0.776634644756	2.61407765104	1.36891906718	0.995728941518	0.533083049782	1.25841123731	0.582263798937	0.516342479459	0.970987380377	0.480851193813	0.72874521508	0.732421362977	2.26595898985	0.885064601257	0.798897230546	0.554531048816	0.547131909135	1.94879580474	1.46542372644	1.17157979217	0.883604296762	0.578619144514	0.538481986467	1.91773870952	0.958765935234	0.495536176897	0.632854185597	0.915150918318	1.03264646689	0.81270742871	0.673191483809	0.59090222813	0.536935306912	1.0021542726	0.756547477042	0.0	0.814693794103	0.463618849686	0.941879168681	0.65782377477	1.64541156597	1.44196899952	0.791021778637	0.53197022233	0.468274780087	1.01080814403	0.761680357661	0.908544296762	0.863354712421	0.764111358144	0.830162880619	0.60259561624	0.570733093282	0.569800106332	0.640200913485	0.729673392943	0.871719492508	0.800271474142	0.779358704688	0.574169884002	0.717572237796
AC6	0.792529685839	0.55646580957	1.96809666506	0.734460517158	0.72746818753	0.681583861769	0.685347129048	0.549097303045	0.754306413726	0.471554330594	0.850994374094	0.635284470759	0.617776877719	1.61887029966	0.485828235863	0.620395074915	0.792884504592	0.823386147898	1.44010546158	0.944270589657	0.752748569357	0.663001416143	0.835547167714	0.776543040116	1.48916663606	0.669532924118	0.74000297245	0.658529710005	0.467587457709	0.492209260512	0.94682078782	0.816467017883	0.64020159014	0.652034340261	1.10502005317	0.778817153214	0.814693794103	0.0	0.779433939101	0.695838656356	0.618656437893	0.86750242146	0.669009637506	0.302003296278	1.00059764621	0.925138859352	1.18769962784	1.08785560174	0.968090483325	0.99147438376	1.1536242726	1.13331559207	0.865678506525	0.883004093765	0.950993794103	0.853894146931	0.603985108748	1.0659202755	0.613700666989	1.00462750121	0.689839115515	1.02515484775
AD6	0.790501401643	0.632225326245	2.53010719188	1.21531411793	0.87509300145	0.41299459159	1.13474149348	0.47380702755	0.566270077332	0.840502817786	0.527116239729	0.691342266796	0.579864668922	2.17772715805	0.771033852102	0.638614359594	0.51515742871	0.485859719671	1.82843953601	1.38608954567	1.03614281779	0.747196940551	0.673588608023	0.62916181247	1.79671962784	0.872984378927	0.551345205413	0.514749149348	0.820950299662	0.927763064282	0.756019289512	0.556257216046	0.604888579024	0.520873392943	0.994593479942	0.754962827453	0.463618849686	0.779433939101	0.0	0.755195872402	0.432322624456	1.54235599323	1.34968702755	0.718422957951	0.664044345094	0.584519932334	0.885519299178	0.67541380377	0.841808366361	0.750873697438	0.69326257129	0.755454451426	0.474436679555	0.437698806187	0.519044050266	0.490942266796	0.551686945384	0.770461802803	0.612043798937	0.670682812953	0.383199608507	0.622931889802
AE5	0.575092527791	0.539790236829	2.29368272595	0.970562150797	0.656889173514	0.831560188497	0.805484277429	0.759724291928	0.992273489609	0.593080120831	1.03104442726	0.642530811986	0.697228110198	1.94547522958	0.621323634606	0.51847821653	0.895385799903	0.898281594973	1.47748673755	1.061610203	0.995430927985	0.862969574674	1.07032105848	0.998943262446	1.3459978782	0.64941101015	0.915985273079	0.816634736588	0.866630898985	0.837785886902	0.985835635573	0.865719758337	0.887177269212	0.871314127598	0.905192455292	0.777525737071	0.941879168681	0.695838656356	0.755195872402	0.0	0.392880169164	1.24640968101	1.0656237506	0.625853697438	1.09573517158	1.06563548574	0.85951481392	0.875746689222	0.842155181247	0.725647501208	0.975242677622	0.897017264379	0.686685456742	0.66440477042	0.75190677622	0.615274552924	0.605897887869	0.828355712905	0.576336027066	0.805249424843	0.713827825036	0.829689685839
AE6	0.61101979217	0.412687515708	2.39195836153	1.05711133881	0.719774233929	0.526574838086	0.922809850169	0.519165930401	0.692973745771	0.646019700338	0.706758622523	0.55512141131	0.439483736104	2.04195652972	0.573222150797	0.408645799903	0.62237282262	0.626239241179	1.60621567424	1.18113757371	0.941404504592	0.691831561141	0.814604040599	0.740630923151	1.56146058966	0.654326413726	0.646339487675	0.575883267279	0.714141372644	0.77682977767	0.790952711455	0.641298313195	0.639900676655	0.571605152247	0.898823711938	0.617802310295	0.65782377477	0.618656437893	0.432322624456	0.392880169164	0.0	1.37345179314	1.1781001595	0.512901126148	0.796818318028	0.757873537941	0.89246301595	0.75110897535	0.717841459642	0.664841242146	0.835373876269	0.78768258579	0.484391280812	0.471184475592	0.563970599323	0.444279787337	0.410935205413	0.766069231513	0.423812029966	0.628917694538	0.416215302078	0.689416727888
AF5	1.28317497825	1.22702652972	1.27077878685	0.630402899952	1.16566880135	1.41422340261	0.864623827936	1.27067977284	1.37802645723	1.0043178057	1.51731277429	1.27652429193	1.30836589174	0.933419091348	1.08097108265	1.29411255679	1.48769116965	1.53179240696	0.966880807153	0.701294461092	1.19134772354	1.21830826486	1.45996476559	1.4413580957	1.47035346544	1.21443127598	1.43209542774	1.33772885452	0.999851609473	0.955069574674	1.51444066699	1.47960265346	1.28612338328	1.36064850652	1.61298098598	1.44551724505	1.64541156597	0.86750242146	1.54235599323	1.24640968101	1.37345179314	0.0	0.237273257612	1.01987450459	1.75382441759	1.66267173997	1.73105248913	1.73413428226	1.60183925568	1.62399550024	1.81027457226	1.78527189464	1.57266913485	1.60339484775	1.64951952151	1.56400470759	1.29424746254	1.71699923635	1.28733275495	1.65866819236	1.42237451909	1.68507256162
AF6	1.10951797003	1.03800699855	1.43904530691	0.500234166264	1.00511932334	1.22817150797	0.730319386177	1.08058763654	1.20682332044	0.810587090382	1.3379119188	1.10490682939	1.12197062349	1.09929140164	0.908548922185	1.10364672305	1.31252316095	1.35535874335	1.01713447076	0.647101106815	1.06155256162	1.07706338811	1.27593665056	1.25232335911	1.44628522475	1.03554666022	1.2488042581	1.1503078347	0.820202914451	0.797121913968	1.34903495892	1.29519193813	1.10662356211	1.17038728371	1.46195997583	1.26902877235	1.44196899952	0.669009637506	1.34968702755	1.0656237506	1.1781001595	0.237273257612	0.0	0.826443431609	1.56141949251	1.46980258096	1.57676739971	1.56700947318	1.44540911068	1.46873121315	1.6362239246	1.63222480425	1.38566591107	1.41500084582	1.46174541324	1.37268710971	1.10538671339	1.56345379894	1.09779490575	1.49849725471	1.22954285645	1.51469698405
AG5	0.738340260996	0.463603151281	2.09304645723	0.812291594973	0.600608757854	0.584744625423	0.748050048333	0.485704804253	0.693891981634	0.47876098115	0.77789441276	0.492148946351	0.533253262446	1.74348164814	0.430905287579	0.554655664572	0.779439159014	0.784123238279	1.50516669889	1.0124039101	0.74799301595	0.670674262929	0.861334717255	0.788210512325	1.48300681005	0.649445055582	0.767121251812	0.669074804253	0.492144151764	0.546628612856	0.940016921218	0.796767539874	0.593450502658	0.592251623973	1.0085598985	0.656278390527	0.791021778637	0.302003296278	0.718422957951	0.625853697438	0.512901126148	1.01987450459	0.826443431609	0.0	0.910734417593	0.849222658289	1.0736622378	0.979290642823	0.839927825036	0.859082522958	1.06414445626	1.0184721508	0.728025727405	0.752591710971	0.83115540841	0.716453992267	0.575128376027	0.957407409377	0.581944881585	0.860995582407	0.613405485742	0.919406843886
