	AA3	AA4	AB3	AB4	AC3	AC4	AD3	AD4	AE3	AE4	AF3	AF4	AG3	AG4	AH3	AH4	AA7	AA8	AB7	AB8	AC7	AC8	AD7	AD8	AE7	AE8	AF7	AF8	AG7	AG8	AH7	AH8	AA5	AA6	AB5	AB6	AC5	AC6	AD6	AE5	AE6	AF5	AF6	AG5	AH5	AH6	AA1	AA2	AB1	AB2	AC1	AC2	AD1	AD2	AE1	AE2	AF1	AF2	AG1	AG2	AH1	AH2
AA3	0.0	0.518048100532	2.25432949734	0.932789734171	0.828157303045	0.771357742871	0.922698743354	0.744768699855	0.857597892702	0.674211565974	0.952997066216	0.747663378444	0.681769845336	1.93352968584	0.73311842436	0.27268961334	0.8205420203	0.796553344611	1.43167535524	1.07339827453	0.837186288062	0.633688637023	0.848746143064	0.819221372644	1.37549331078	0.602890478492	0.801309221846	0.636044615756	0.706832832286	0.641699618173	0.77272522958	0.658604818753	0.83536300145	0.824147046883	1.05895631223	0.908420874819	0.918353861769	0.797548351861	0.744055920735	0.533293040116	0.547246089898	1.30804354277	1.11870493475	0.679691532141	1.12852047366	1.02924886419	0.927487506042	0.901813344611	0.896785505075	0.82586120348	0.998044842919	0.945798361527	0.627704823586	0.686335925568	0.714458443693	0.611672344128	0.513822798453	0.884359067182	0.492281580474	0.908991469309	0.611147858869	0.921840734654
AA4	0.518048100532	0.0	2.24484061382	0.888394296762	0.63079881102	0.566378980184	0.910369879169	0.487379033349	0.64915081682	0.632007283712	0.784375258579	0.453764267762	0.430181019816	1.92140695988	0.356914180764	0.324188347028	0.662613407443	0.66359520058	1.53971596423	1.11174043983	0.863930821653	0.609311952634	0.825826500725	0.766826476559	1.5200498985	0.677389888835	0.683811097148	0.619160101498	0.654908994683	0.65421677622	0.85615540841	0.710102266796	0.608562856452	0.599759816336	0.922339531174	0.689200140164	0.747484949251	0.463367868536	0.566771638473	0.535026089898	0.366878830353	1.24554307878	1.02514430643	0.460069666506	0.949746118898	0.839896413726	0.933372281295	0.787291681972	0.734688994683	0.719713895602	0.916988999517	0.879447438376	0.565639816336	0.619273479942	0.639255785404	0.577481865636	0.422064480425	0.840637288545	0.413509748671	0.791066713388	0.478035012083	0.821464214596
AB3	2.25432949734	2.24484061382	0.0	1.47853731754	2.20117512325	2.38774810053	1.8991677767	2.31381610923	2.34964754471	2.06101741904	2.52073576607	2.28782944418	2.31540173997	0.363597897535	2.09897900918	2.27202453359	2.49431319961	2.50141479942	1.18141341711	1.42297508942	1.96962157564	2.1646280522	2.40770682455	2.38142543741	1.8944618608	2.14163705655	2.39257555824	2.27020689222	1.88480788787	1.86288924118	2.44282047849	2.40296444659	2.28243529241	2.38898847269	2.53398800387	2.48524246496	2.6196059304	2.07361894152	2.52181273562	2.2707999275	2.37998868536	1.2626617013	1.45408419526	2.07413247463	2.75563071532	2.64495166264	2.64866238763	2.66057927501	2.49866942484	2.59590036733	2.75331949251	2.7240022233	2.56036341711	2.61362463026	2.603250058	2.56827551957	2.28678322861	2.6745818173	2.29052839053	2.65947005317	2.38962966167	2.68825637023
AB4	0.932789734171	0.888394296762	1.47853731754	0.0	0.922199023683	1.01372741904	0.778328902852	1.01143654906	1.11072741421	0.790952290962	1.21695349928	0.953099666506	0.862192909618	1.1420138811	0.791095089415	0.915147834703	1.1658980377	1.17205446593	0.995817095215	0.548630879652	0.900658951184	0.891042817786	1.12510163847	1.08284484292	1.28812340261	0.900566147898	1.12829420976	0.96978939101	0.616653141614	0.616235509908	1.23595460609	1.11156294345	1.05864514741	1.10848520058	1.34457911551	1.23373751087	1.35149846303	0.817439468342	1.15830855486	0.930067733204	1.01009054616	0.66015497825	0.476289371677	0.775842435959	1.46961950701	1.35225133881	1.39935558724	1.3518479507	1.23810840503	1.30049429193	1.47326148864	1.45190052682	1.20608772354	1.26388556307	1.29025696472	1.21438849686	0.95955539391	1.39738688739	0.965455268246	1.36945430159	1.02903696472	1.39233819236
AC3	0.828157303045	0.63079881102	2.20117512325	0.922199023683	0.0	0.8025999855	0.891227085549	0.865161246979	0.98819457709	0.715875277912	1.10018586274	0.332832126631	0.789356341228	1.88244482359	0.673259207347	0.756627699372	0.991072102465	1.00930637506	1.43240121315	1.08845840019	1.0743942726	0.986222498792	1.24432798937	1.16668164331	1.31475971	0.857944214596	1.10298794587	1.03181901885	0.935553257612	0.890955132914	1.18575201547	1.05836537941	1.00095743354	0.975888206863	0.795136863219	0.72453561624	0.979278028033	0.699105877235	0.86661482842	0.643905142581	0.673068564524	1.2255242581	1.01870942968	0.636326167231	1.17576475592	1.09247133881	0.806485978734	0.888743745771	0.704119270179	0.762220294828	1.01017233446	0.923543465442	0.739117254712	0.806773673272	0.819981643306	0.75782641856	0.816716476559	0.867035355244	0.791012078299	0.87614380377	0.877515814403	0.88671942001
AC4	0.771357742871	0.566378980184	2.38774810053	1.01372741904	0.8025999855	0.0	1.13823146931	0.349843919768	0.447516631223	0.819686128565	0.370742832286	0.543721275979	0.479616752054	2.06449804253	0.730215277912	0.617050826486	0.543517046883	0.533583692605	1.80736274529	1.34171999033	0.894535611406	0.620680695988	0.640174519091	0.576577791203	1.72635727888	0.803915316578	0.580135964234	0.524872991783	0.662557776704	0.761498753021	0.78994277912	0.592085954567	0.492009173514	0.403854852586	0.994258414693	0.762032605123	0.55774502175	0.548326085065	0.410098931851	0.780601657806	0.535314775254	1.40841778637	1.19438898985	0.641780227163	0.721725050749	0.580590135331	1.04366422426	0.81585737071	0.83715739971	0.7935380087	0.885362933784	0.956769656839	0.583350666989	0.652779439343	0.660317887869	0.634248579024	0.619140686322	0.949433301112	0.640713127115	0.804995311745	0.443429275012	0.832637085549
AD3	0.922698743354	0.910369879169	1.8991677767	0.778328902852	0.891227085549	1.13823146931	0.0	1.02844878685	1.2886081972	0.392977095215	1.38211969551	0.959209874335	1.05765094732	1.57561977767	0.796035118415	0.958975964234	1.28492880619	1.22968159014	1.29130269212	0.816135886902	0.913201522475	0.933523011116	1.30744741904	1.2594761624	1.20896029966	0.858613291445	1.22911086515	1.07627531658	0.89008742871	0.798478670855	1.19391533108	1.11140340744	1.21330767037	1.17346396327	1.18679254229	1.09295247463	1.29651193813	0.820067317545	1.17292575157	0.836632025133	0.945469415176	0.833420691155	0.711175606573	0.728493987434	1.44330215563	1.36168748188	1.33920678105	1.35338515708	1.12763840986	1.19509297728	1.47344836153	1.41197098598	1.17216195263	1.23262299178	1.2610380087	1.16913272112	0.965539956501	1.34256690672	0.954595287579	1.27734281779	1.12573528275	1.35685667472
AD4	0.744768699855	0.487379033349	2.31381610923	1.01143654906	0.865161246979	0.349843919768	1.02844878685	0.0	0.294642532624	0.693242991783	0.484967196713	0.63510062349	0.533545456742	1.99062579024	0.646380106332	0.570355877235	0.51700282262	0.511925727405	1.78759834219	1.3260879507	0.869942624456	0.580160990817	0.55281979217	0.482802580957	1.76215432576	0.821987810536	0.490909386177	0.430332764621	0.5974859884	0.724890512325	0.799120570324	0.602337327211	0.328524809087	0.306731909135	1.05864537941	0.820736901885	0.554494683422	0.483609540841	0.436427249879	0.78358840986	0.551640792653	1.3264218318	1.11003706622	0.609072837119	0.722149202513	0.569598086032	1.09978348478	0.866991063316	0.910914920251	0.89741580957	0.935463518608	1.0194178202	0.647286399227	0.682356766554	0.679242339294	0.690483798937	0.559982479459	1.01129088932	0.594448163364	0.89796380377	0.498218231029	0.89807659739
AE3	0.857597892702	0.64915081682	2.34964754471	1.11072741421	0.98819457709	0.447516631223	1.2886081972	0.294642532624	0.0	0.944922131464	0.346946694055	0.762167873369	0.617277762204	2.03432197197	0.771792769454	0.70296980667	0.462790604157	0.504499879169	1.91747364427	1.46389931851	0.998134214596	0.716026452392	0.437147225713	0.406140173997	1.90854849686	0.968841005317	0.433952402127	0.495035132914	0.694078361527	0.853921909135	0.886874625423	0.702011633639	0.249243736104	0.332870149831	1.19664329145	0.962202643789	0.545569028516	0.642178637023	0.539483470275	0.960174287095	0.697332556791	1.39782957467	1.19960151281	0.772309647173	0.815909811503	0.61763878202	1.2214720493	0.981512397293	1.05463704688	1.02630247946	1.03671614306	1.14567359594	0.773036317061	0.807181164814	0.790294654422	0.809608264862	0.701844035766	1.14427713388	0.741428569357	1.02242553407	0.592284717255	1.01336407927
AE4	0.674211565974	0.632007283712	2.06101741904	0.790952290962	0.715875277912	0.819686128565	0.392977095215	0.693242991783	0.944922131464	0.0	1.06091955534	0.686125306912	0.781401140648	1.73656828903	0.564492281295	0.674524707588	0.968993093282	0.921557042049	1.42750831319	0.973340328661	0.726756578057	0.646463267279	0.97691881102	0.92839838086	1.3315538666	0.607463204447	0.905713305945	0.748911870469	0.605205026583	0.563836462059	0.940952116965	0.81144901885	0.876586128565	0.849694378927	1.00176842919	0.887479739004	0.989386771387	0.531694678589	0.847306201063	0.604456621556	0.675298255196	1.0102439536	0.812716133398	0.477470492992	1.17402672305	1.06256160947	1.10502627356	1.11363715805	0.928366534558	1.00115101015	1.24602464476	1.19061509908	0.925345447076	0.968826476559	0.984155828903	0.911638013533	0.685503441276	1.12308877719	0.676342899952	1.07529869502	0.810989594007	1.11596294345
AF3	0.952997066216	0.784375258579	2.52073576607	1.21695349928	1.10018586274	0.370742832286	1.38211969551	0.484967196713	0.346946694055	1.06091955534	0.0	0.845672411793	0.694941933301	2.20160583374	0.9423120203	0.830035050749	0.455745998067	0.450212933784	2.01100595457	1.54643141614	1.06107347511	0.812225480909	0.413142619623	0.393852919285	1.99459922185	1.05559917351	0.487499415176	0.6112140261	0.822251126148	0.968672044466	0.836502044466	0.68964262929	0.446512034799	0.446197462542	1.18807126148	0.990996094732	0.472859608507	0.766773334944	0.488184886419	1.03371250362	0.755762015466	1.56722769454	1.35887649106	0.88354081682	0.721641406477	0.534694533591	1.20366113098	0.962489386177	1.10430235863	1.00836905752	1.009069739	1.08451805703	0.731889130014	0.751839275012	0.757349874335	0.748872909618	0.822553214113	1.0837737941	0.847426747221	0.978154267762	0.582349594007	0.972097810536
AF4	0.747663378444	0.453764267762	2.28782944418	0.953099666506	0.332832126631	0.543721275979	0.959209874335	0.63510062349	0.762167873369	0.686125306912	0.845672411793	0.0	0.573404349927	1.96475618656	0.571046007733	0.624330584824	0.816196872885	0.821746689222	1.61724301595	1.16310963751	0.96718019333	0.77898702755	1.01764875785	0.943428066699	1.50088623973	0.749834717255	0.898302460126	0.8230499855	0.786919951667	0.749369656839	1.02795566457	0.896323731271	0.776251338811	0.742978090865	0.772998037699	0.554450497825	0.786642895118	0.559080652489	0.697352938618	0.616012155631	0.542148627356	1.27313387144	1.06135477042	0.521829159014	0.928949217013	0.827302257129	0.809870894152	0.75501897535	0.597747501208	0.634176259062	0.89290421943	0.829924436926	0.606009932334	0.649105181247	0.687703078782	0.645970338328	0.665158907685	0.779563566941	0.653042058966	0.739932846786	0.686736476559	0.756873760271
AG3	0.681769845336	0.430181019816	2.31540173997	0.862192909618	0.789356341228	0.479616752054	1.05765094732	0.533545456742	0.617277762204	0.781401140648	0.694941933301	0.573404349927	0.0	1.97771583857	0.515133847269	0.497568245529	0.565022837119	0.577992189464	1.70416344128	1.24389238279	0.920242049299	0.628819700338	0.75032257129	0.705166636056	1.59832467376	0.751159270179	0.640117955534	0.606875447076	0.689572063799	0.744016500725	0.846775094248	0.683427530208	0.615646573224	0.563019125181	0.98857421943	0.774410333494	0.745094407927	0.554516176897	0.561358873852	0.699658419526	0.474664316095	1.34297674239	1.1227300725	0.580130724988	0.907382092798	0.793796901885	0.961034789753	0.782890343161	0.817002503625	0.77482719188	0.912542257129	0.899140850652	0.569181880135	0.649568255196	0.674672706622	0.596953354277	0.502794364427	0.884067143548	0.512828999517	0.802196114065	0.440493963267	0.810664325761
AG4	1.93352968584	1.92140695988	0.363597897535	1.1420138811	1.88244482359	2.06449804253	1.57561977767	1.99062579024	2.03432197197	1.73656828903	2.20160583374	1.96475618656	1.97771583857	0.0	1.78280987917	1.9484281537	2.17780103432	2.17999593523	0.945332638956	1.1158560899	1.65276889802	1.84549013533	2.09232305945	2.0637339971	1.64839729338	1.82430089899	2.0763041856	1.95173155631	1.57436689705	1.54450125181	2.1419299275	2.08269277429	1.9634321653	2.06580208797	2.22639440793	2.16989875785	2.30956969551	1.7593458289	2.19619253746	1.94647784437	2.05410693088	0.962007892702	1.14533081199	1.75705708072	2.43903732238	2.32493159981	2.32233303528	2.33674632673	2.17325074432	2.26800076849	2.43408963751	2.40024958434	2.23478295795	2.2872279217	2.28405732238	2.24223816336	1.96447993717	2.35094486709	1.96789239729	2.33279727888	2.06641434509	2.36680590623
AH3	0.73311842436	0.356914180764	2.09897900918	0.791095089415	0.673259207347	0.730215277912	0.796035118415	0.646380106332	0.771792769454	0.564492281295	0.9423120203	0.571046007733	0.515133847269	1.78280987917	0.0	0.564932735621	0.772869260512	0.796994436926	1.50500902368	1.07104618173	0.863178429193	0.728381822136	0.927203040116	0.871800763654	1.45582662156	0.7721179797	0.81278699855	0.756997307878	0.668702943451	0.635610782987	1.02271772837	0.871705901402	0.700631913968	0.73316262929	1.04903290962	0.854814359594	0.960122087965	0.500883460609	0.792507568874	0.648125848236	0.604518898018	1.09258866602	0.880437356211	0.425741169647	1.12805364911	1.02114681489	1.06205394393	0.944590106332	0.86144701305	0.904034581924	1.07934943451	1.06200306912	0.818155534074	0.862588994683	0.858122532624	0.804902764621	0.591131034316	1.01163135331	0.581946365394	0.969742576124	0.67713457709	0.979253281779
AH4	0.27268961334	0.324188347028	2.27202453359	0.915147834703	0.756627699372	0.617050826486	0.958975964234	0.570355877235	0.70296980667	0.674524707588	0.830035050749	0.624330584824	0.497568245529	1.9484281537	0.564932735621	0.0	0.640947042049	0.628424997583	1.4840161044	1.09718229096	0.852073446109	0.56102901885	0.734942745288	0.687055374577	1.47128907202	0.629825418076	0.639536070565	0.551372527791	0.634015930401	0.643501459642	0.738358303528	0.58026522958	0.684426824553	0.658686578057	1.02090127598	0.804181807637	0.791503243113	0.632239927501	0.596839560174	0.53920579507	0.410289942001	1.29983866602	1.08831253746	0.581467090382	0.996410231996	0.889803291445	0.945726031899	0.812410140164	0.842131551474	0.749534847753	0.928612899952	0.893647491542	0.556726587724	0.614641971967	0.643867631706	0.559075442243	0.350488738521	0.862887936201	0.332183808603	0.813085094248	0.466281377477	0.836511121315
AA7	0.8205420203	0.662613407443	2.49431319961	1.1658980377	0.991072102465	0.543517046883	1.28492880619	0.51700282262	0.462790604157	0.968993093282	0.455745998067	0.816196872885	0.565022837119	2.17780103432	0.772869260512	0.640947042049	0.0	0.1473460174	1.83585162397	1.3953002175	1.03686853069	0.70417879652	0.468005630739	0.450679632673	1.81322443693	0.903082841953	0.368375592073	0.48557580957	0.780377665539	0.882028772354	0.686671029483	0.452950463992	0.455722218463	0.491302387627	1.18761855486	0.99684181247	0.506624388594	0.782316558724	0.484877254712	0.911916877719	0.712392788787	1.53764034316	1.32647593523	0.819654693088	0.804686660222	0.637416433059	1.09840574674	0.863070367327	1.07436703238	0.973000517158	0.89633438376	0.987460430159	0.649524678589	0.668876737554	0.669120357661	0.679448110198	0.56846219913	0.985334678589	0.609750666989	0.967324625423	0.477328680522	0.86948019333
AA8	0.796553344611	0.66359520058	2.50141479942	1.17205446593	1.00930637506	0.533583692605	1.22968159014	0.511925727405	0.504499879169	0.921557042049	0.450212933784	0.821746689222	0.577992189464	2.17999593523	0.796994436926	0.628424997583	0.1473460174	0.0	1.82081184147	1.36650774287	0.979415050749	0.651904997583	0.45400680522	0.435043542774	1.77316356211	0.859781744804	0.360286220396	0.450719139681	0.767913707105	0.860640850652	0.589777742871	0.381654248429	0.483406505558	0.485163533108	1.1578522378	0.970326176897	0.488475509908	0.78370640406	0.485777723538	0.889059038183	0.693772677622	1.54360756887	1.33520030933	0.79386698405	0.76052322378	0.602662527791	1.10673529241	0.877657080715	1.05594388594	0.948114596423	0.895977965201	0.98370378927	0.636758351861	0.659602049299	0.660141793137	0.672489671339	0.579246959884	0.988340183664	0.602532460126	0.935296201063	0.457038371194	0.875821899468
AB7	1.43167535524	1.53971596423	1.18141341711	0.995817095215	1.43240121315	1.80736274529	1.29130269212	1.78759834219	1.91747364427	1.42750831319	2.01100595457	1.61724301595	1.70416344128	0.945332638956	1.50500902368	1.4840161044	1.83585162397	1.82081184147	0.0	0.546647462542	1.49221369744	1.54949480909	1.89233116481	1.85829666989	1.076549826	1.39216328178	1.83035452392	1.66970174964	1.35237712905	1.20609255679	1.70560043983	1.66537686805	1.84130498792	1.87202666506	1.84498350894	1.80464826486	1.94960158047	1.52611279362	1.83333736588	1.45409616723	1.59953911551	0.97824838086	1.0212337361	1.45407322861	2.14538749638	2.06248167714	1.88976112131	1.94558039633	1.78215166747	1.81258657322	2.03366586274	1.9786041566	1.77683045433	1.83502690188	1.83772545674	1.77277451426	1.58609768971	1.91891503142	1.56873639439	1.88392300628	1.72665801353	1.94971954084
AB8	1.07339827453	1.11174043983	1.42297508942	0.548630879652	1.08845840019	1.34171999033	0.816135886902	1.3260879507	1.46389931851	0.973340328661	1.54643141614	1.16310963751	1.24389238279	1.1158560899	1.07104618173	1.09718229096	1.3953002175	1.36650774287	0.546647462542	0.0	1.01768646689	1.07556740454	1.43203170614	1.39597045433	1.12102068149	0.959738709522	1.37098600773	1.20397649106	0.870791039149	0.733025036249	1.29671024166	1.23599649106	1.38596905752	1.40948476075	1.45550202997	1.36905504108	1.51392837603	1.07279144031	1.40095152731	1.0748560319	1.20277763654	0.695472750121	0.679993446109	1.00162204447	1.70922734171	1.60106678105	1.58353925568	1.56423971	1.399419884	1.43818224263	1.66295285162	1.6306837796	1.41359420493	1.4480081102	1.4531318753	1.3969340116	1.17400105365	1.57736933784	1.16581190913	1.50706502658	1.26853283229	1.56941393427
AC7	0.837186288062	0.863930821653	1.96962157564	0.900658951184	1.0743942726	0.894535611406	0.913201522475	0.869942624456	0.998134214596	0.726756578057	1.06107347511	0.96718019333	0.920242049299	1.65276889802	0.863178429193	0.852073446109	1.03686853069	0.979415050749	1.49221369744	1.01768646689	0.0	0.464267762204	0.979767858869	0.93780361044	1.40831343161	0.670214920251	0.976489052682	0.763597960367	0.569727665539	0.575595205413	0.862589748671	0.770298714355	0.920641971967	0.928904287095	1.26493960367	1.16077675205	1.15777217496	0.816069313678	1.0436642291	0.975213866602	0.971978893185	1.18935845336	1.07657637506	0.741890937651	1.17157015466	1.07395057032	1.44450560657	1.39092345094	1.19205759304	1.25473444176	1.50663059932	1.4733339971	1.10208511841	1.18092217496	1.21083719188	1.12652645239	0.892757409377	1.41467491542	0.874923673272	1.31768061866	0.899856399227	1.4167198985
AC8	0.633688637023	0.609311952634	2.1646280522	0.891042817786	0.986222498792	0.620680695988	0.933523011116	0.580160990817	0.716026452392	0.646463267279	0.812225480909	0.77898702755	0.628819700338	1.84549013533	0.728381822136	0.56102901885	0.70417879652	0.651904997583	1.54949480909	1.07556740454	0.464267762204	0.0	0.670961420976	0.632777017883	1.47878032383	0.56675661189	0.56952277912	0.357957564041	0.455731242146	0.520691242146	0.635288559691	0.48155062349	0.627275176414	0.628641097148	1.12037234413	0.899599932334	0.820027506042	0.628066143064	0.707645785404	0.789017684872	0.681028337361	1.23218661189	1.0512779797	0.639072271629	0.938314552924	0.831030676655	1.24378441759	1.03526173997	1.00477080715	0.99531977767	1.15303317061	1.15010114065	0.764131536974	0.83165980667	0.857512464959	0.811345563074	0.525240512325	1.1405301015	0.544498289029	0.990092576124	0.547037723538	1.06112545674
AD7	0.848746143064	0.825826500725	2.40770682455	1.12510163847	1.24432798937	0.640174519091	1.30744741904	0.55281979217	0.437147225713	0.97691881102	0.413142619623	1.01764875785	0.75032257129	2.09232305945	0.927203040116	0.734942745288	0.468005630739	0.45400680522	1.89233116481	1.43203170614	0.979767858869	0.670961420976	0.0	0.162052145964	1.88924940068	0.914471043983	0.326288550024	0.447979739004	0.678857312711	0.82908838086	0.720721957467	0.565599661672	0.466094693088	0.538600874819	1.34221825036	1.13701512808	0.625120314161	0.827965891735	0.643930270662	1.03380188014	0.878479898502	1.46808666989	1.25324072499	0.908880642823	0.865610019333	0.691708965684	1.3286919768	1.09103929435	1.2598622813	1.17715261479	1.13152666506	1.23169670372	0.882104238763	0.896003963267	0.878209043016	0.903461000483	0.714220918318	1.22975433543	0.761444543258	1.15266120831	0.605405911068	1.11501845819
AD8	0.819221372644	0.766826476559	2.38142543741	1.08284484292	1.16668164331	0.576577791203	1.2594761624	0.482802580957	0.406140173997	0.92839838086	0.393852919285	0.943428066699	0.705166636056	2.0637339971	0.871800763654	0.687055374577	0.450679632673	0.435043542774	1.85829666989	1.39597045433	0.93780361044	0.632777017883	0.162052145964	0.0	1.81913741904	0.844777796037	0.295398724021	0.412527892702	0.640698090865	0.784576689222	0.713478656356	0.558643040116	0.42577478492	0.478444021266	1.29326863702	1.0737438521	0.584243518608	0.754035331078	0.601435340744	0.969317602707	0.81168558724	1.43319311261	1.21553099565	0.828387636539	0.818097051716	0.651566041566	1.27930651039	1.03864182214	1.19977510391	1.11415749154	1.08682399227	1.18684452876	0.828087307878	0.846195896568	0.834069801837	0.855402087965	0.694425969067	1.18711791687	0.741544364427	1.08619318028	0.55900337361	1.06550753987
AE7	1.37549331078	1.5200498985	1.8944618608	1.28812340261	1.31475971	1.72635727888	1.20896029966	1.76215432576	1.90854849686	1.3315538666	1.99459922185	1.50088623973	1.59832467376	1.64839729338	1.45582662156	1.47128907202	1.81322443693	1.77316356211	1.076549826	1.12102068149	1.40831343161	1.47878032383	1.88924940068	1.81913741904	0.0	1.0000080812	1.83309969067	1.64416939101	1.38380848236	1.28300904302	1.57293823103	1.58676628806	1.84794847269	1.84454902852	1.69580046883	1.70786739971	1.91664371194	1.55775761237	1.8057382407	1.35107914935	1.56005201547	1.47127506525	1.43569299662	1.42326891252	2.02788861286	1.98101356211	1.70524504108	1.83681485259	1.61511662156	1.65126261479	1.93887167714	1.82625135331	1.68122089899	1.72364826003	1.73502947318	1.63843067182	1.57367536491	1.76628302078	1.54091533591	1.75959090865	1.67499907202	1.82921041083
AE8	0.602890478492	0.677389888835	2.14163705655	0.900566147898	0.857944214596	0.803915316578	0.858613291445	0.821987810536	0.968841005317	0.607463204447	1.05559917351	0.749834717255	0.751159270179	1.82430089899	0.7721179797	0.629825418076	0.903082841953	0.859781744804	1.39216328178	0.959738709522	0.670214920251	0.56675661189	0.914471043983	0.844777796037	1.0000080812	0.0	0.892912257129	0.701375606573	0.656085911068	0.566678322861	0.737372663122	0.685369323345	0.907643156114	0.897421314645	1.0985579072	0.968525804737	0.992959159014	0.761781768971	0.893555969067	0.654933861769	0.732442861286	1.22129556791	1.05066910101	0.674848139198	1.15277412276	1.07122075399	1.16299852586	1.13172350411	0.963328501692	0.991181599807	1.248819855	1.22966859836	0.898465886902	0.948765466409	0.965677042049	0.899149560174	0.706953508942	1.17318070082	0.700932348961	1.06967761721	0.759267713871	1.14283934268
AF7	0.801309221846	0.683811097148	2.39257555824	1.12829420976	1.10298794587	0.580135964234	1.22911086515	0.490909386177	0.433952402127	0.905713305945	0.487499415176	0.898302460126	0.640117955534	2.0763041856	0.81278699855	0.639536070565	0.368375592073	0.360286220396	1.83035452392	1.37098600773	0.976489052682	0.56952277912	0.326288550024	0.295398724021	1.83309969067	0.892912257129	0.0	0.295409565007	0.696172967617	0.80130358144	0.681609850169	0.532414233929	0.435945447076	0.481903566941	1.18925371194	0.978424751087	0.517043392943	0.735590410826	0.55436417593	0.928594818753	0.739948390527	1.45627754954	1.23839471725	0.792696800387	0.830919884002	0.677787829869	1.18698019816	0.944998699855	1.11470895602	1.04346509908	0.991301121315	1.08616458676	0.753601449976	0.780495248913	0.76547518608	0.794840135331	0.593790328661	1.08790828903	0.628312348961	1.01717909618	0.497264030933	0.978567037216
AF8	0.636044615756	0.619160101498	2.27020689222	0.96978939101	1.03181901885	0.524872991783	1.07627531658	0.430332764621	0.495035132914	0.748911870469	0.6112140261	0.8230499855	0.606875447076	1.95173155631	0.756997307878	0.551372527791	0.48557580957	0.450719139681	1.66970174964	1.20397649106	0.763597960367	0.357957564041	0.447979739004	0.412527892702	1.64416939101	0.701375606573	0.295409565007	0.0	0.537417187047	0.629143460609	0.633744480425	0.441331628806	0.449770584824	0.478171014983	1.15182891252	0.935740029	0.638184006767	0.66404939101	0.543908550024	0.815178032866	0.677799279845	1.32457706138	1.10790509425	0.699448898018	0.861564509425	0.738458419526	1.20243520541	0.969729685839	1.03739111648	1.01079965201	1.02166148381	1.10681532141	0.739665843403	0.787774277429	0.791839888835	0.787431875302	0.513027675205	1.09879098115	0.553466650556	0.998799555341	0.460647283712	0.998159231513
AG7	0.706832832286	0.654908994683	1.88480788787	0.616653141614	0.935553257612	0.662557776704	0.89008742871	0.5974859884	0.694078361527	0.605205026583	0.822251126148	0.786919951667	0.689572063799	1.57436689705	0.668702943451	0.634015930401	0.780377665539	0.767913707105	1.35237712905	0.870791039149	0.569727665539	0.455731242146	0.678857312711	0.640698090865	1.38380848236	0.656085911068	0.696172967617	0.537417187047	0.0	0.219358289029	0.80328477042	0.670381343644	0.634772160464	0.723011894635	1.2590542871	1.03010489125	0.91078159014	0.504205302078	0.802263987434	0.842380130498	0.77084101015	1.00962607057	0.821586602223	0.548906916385	1.10257610923	0.962749439343	1.32774308362	1.13349202513	1.14249237313	1.13129700338	1.2418002175	1.24007735138	0.929104451426	0.968884137264	0.975482315128	0.929346346061	0.663496964717	1.23257765104	0.677140811986	1.14095249879	0.69539060899	1.1628580812
AG8	0.641699618173	0.65421677622	1.86288924118	0.616235509908	0.890955132914	0.761498753021	0.798478670855	0.724890512325	0.853921909135	0.563836462059	0.968672044466	0.749369656839	0.744016500725	1.54450125181	0.635610782987	0.643501459642	0.882028772354	0.860640850652	1.20609255679	0.733025036249	0.575595205413	0.520691242146	0.82908838086	0.784576689222	1.28300904302	0.566678322861	0.80130358144	0.629143460609	0.219358289029	0.0	0.849536698888	0.741557680039	0.788643441276	0.814208849686	1.20856529725	1.02311873369	1.00341071532	0.552387970034	0.872442846786	0.778084277429	0.772195258579	0.994439062349	0.824294519091	0.503121551474	1.17669852586	1.04885105365	1.29398947318	1.19276476559	1.10258635089	1.12474150797	1.30532529241	1.28888305462	0.985476457226	1.01126000967	1.0166737216	0.963896698888	0.714244688255	1.23613739971	0.717040956984	1.17884727888	0.754753702272	1.21981454326
AH7	0.77272522958	0.85615540841	2.44282047849	1.23595460609	1.18575201547	0.78994277912	1.19391533108	0.799120570324	0.886874625423	0.940952116965	0.836502044466	1.02795566457	0.846775094248	2.1419299275	1.02271772837	0.738358303528	0.686671029483	0.589777742871	1.70560043983	1.29671024166	0.862589748671	0.635288559691	0.720721957467	0.713478656356	1.57293823103	0.737372663122	0.681609850169	0.633744480425	0.80328477042	0.849536698888	0.0	0.302677549541	0.885435799903	0.872612353794	1.16845991783	1.03583332528	0.796318985017	0.940523083615	0.777274847753	0.974967153214	0.863323905268	1.52975535524	1.36869478492	0.936251851136	0.975246215563	0.922377061382	1.2596859594	1.05332516675	1.16383292895	1.04145150797	1.11398636056	1.16237146931	0.814238762687	0.839314320928	0.824721962301	0.841470681489	0.737048298695	1.16494292412	0.767437868536	1.03661438859	0.679836587724	1.05580261962
AH8	0.658604818753	0.710102266796	2.40296444659	1.11156294345	1.05836537941	0.592085954567	1.11140340744	0.602337327211	0.702011633639	0.81144901885	0.68964262929	0.896323731271	0.683427530208	2.08269277429	0.871705901402	0.58026522958	0.452950463992	0.381654248429	1.66537686805	1.23599649106	0.770298714355	0.48155062349	0.565599661672	0.558643040116	1.58676628806	0.685369323345	0.532414233929	0.441331628806	0.670381343644	0.741557680039	0.302677549541	0.0	0.687886186564	0.656770260996	1.14685813436	0.959503721605	0.692475857902	0.828633837603	0.593239695505	0.86700239246	0.733544751087	1.4512457419	1.26450323828	0.82757138231	0.863429178347	0.770848376027	1.16088979217	0.952461884969	1.05432720155	0.94289322378	0.984375287579	1.06630604157	0.673225553407	0.725413262446	0.726152136298	0.716265282745	0.576606505558	1.06120552924	0.607923702272	0.945140628323	0.502420961817	0.954506694055
AA5	0.83536300145	0.608562856452	2.28243529241	1.05864514741	1.00095743354	0.492009173514	1.21330767037	0.328524809087	0.249243736104	0.876586128565	0.446512034799	0.776251338811	0.615646573224	1.9634321653	0.700631913968	0.684426824553	0.455722218463	0.483406505558	1.84130498792	1.38596905752	0.920641971967	0.627275176414	0.466094693088	0.42577478492	1.84794847269	0.907643156114	0.435945447076	0.449770584824	0.634772160464	0.788643441276	0.885435799903	0.687886186564	0.0	0.271987167714	1.21095071049	0.961670111165	0.612081609473	0.576846152731	0.598231672305	0.884139231513	0.699830454326	1.29734724988	1.10328018366	0.680459444176	0.842681367811	0.660019163847	1.27940156597	1.04049833736	1.08444152731	1.08112118898	1.10200773804	1.19456956984	0.807387989367	0.855502126631	0.837939144514	0.853348298695	0.617869521508	1.19151112615	0.647417902368	1.06866695022	0.567852696955	1.07222540841
AA6	0.824147046883	0.599759816336	2.38898847269	1.10848520058	0.975888206863	0.403854852586	1.17346396327	0.306731909135	0.332870149831	0.849694378927	0.446197462542	0.742978090865	0.563019125181	2.06580208797	0.73316262929	0.658686578057	0.491302387627	0.485163533108	1.87202666506	1.40948476075	0.928904287095	0.628641097148	0.538600874819	0.478444021266	1.84454902852	0.897421314645	0.481903566941	0.478171014983	0.723011894635	0.814208849686	0.872612353794	0.656770260996	0.271987167714	0.0	1.07686354277	0.847115577574	0.517214857419	0.548607317545	0.478719342678	0.867636761721	0.591990691155	1.397690116	1.17818259546	0.685486563557	0.619456645723	0.452645026583	1.15258942001	0.917972126631	0.967241677139	0.927414475592	0.979584533591	1.05633093765	0.663885712905	0.726499357177	0.720762928951	0.723677390043	0.609035877235	1.05120712905	0.642720459159	0.914096602223	0.515126060899	0.942451068149
AB5	1.05895631223	0.922339531174	2.53398800387	1.34457911551	0.795136863219	0.994258414693	1.18679254229	1.05864537941	1.19664329145	1.00176842919	1.18807126148	0.772998037699	0.98857421943	2.22639440793	1.04903290962	1.02090127598	1.18761855486	1.1578522378	1.84498350894	1.45550202997	1.26493960367	1.12037234413	1.34221825036	1.29326863702	1.69580046883	1.0985579072	1.18925371194	1.15182891252	1.2590542871	1.20856529725	1.16845991783	1.14685813436	1.21095071049	1.07686354277	0.0	0.354942261962	0.963000333494	0.990967486709	0.965863272112	0.887475819236	0.838261686805	1.60461893668	1.40455041083	0.968294572257	0.967424683422	0.962690570324	0.814931841469	0.913861643306	0.695793359111	0.728404262929	1.03349482359	0.926103750604	0.82365722088	0.871586041566	0.925163745771	0.888321561141	1.02500977284	0.861818260029	1.00088760754	0.821955911068	1.01546716771	0.918077510875
AB6	0.908420874819	0.689200140164	2.48524246496	1.23373751087	0.72453561624	0.762032605123	1.09295247463	0.820736901885	0.962202643789	0.887479739004	0.990996094732	0.554450497825	0.774410333494	2.16989875785	0.854814359594	0.804181807637	0.99684181247	0.970326176897	1.80464826486	1.36905504108	1.16077675205	0.899599932334	1.13701512808	1.0737438521	1.70786739971	0.968525804737	0.978424751087	0.935740029	1.03010489125	1.02311873369	1.03583332528	0.959503721605	0.961670111165	0.847115577574	0.354942261962	0.0	0.780830637989	0.736872126631	0.773257317545	0.779728366361	0.626110202997	1.49531842436	1.29073245046	0.756164838086	0.763816747221	0.777039299178	0.720743421943	0.67156719188	0.525336114065	0.486927172547	0.798360294828	0.723485132914	0.626283968101	0.683345364911	0.74212679072	0.706682991783	0.783517950701	0.668894809087	0.761697080715	0.581136771387	0.81518261479	0.677913489609
AC5	0.918353861769	0.747484949251	2.6196059304	1.35149846303	0.979278028033	0.55774502175	1.29651193813	0.554494683422	0.545569028516	0.989386771387	0.472859608507	0.786642895118	0.745094407927	2.30956969551	0.960122087965	0.791503243113	0.506624388594	0.488475509908	1.94960158047	1.51392837603	1.15777217496	0.820027506042	0.625120314161	0.584243518608	1.91664371194	0.992959159014	0.517043392943	0.638184006767	0.91078159014	1.00341071532	0.796318985017	0.692475857902	0.612081609473	0.517214857419	0.963000333494	0.780830637989	0.0	0.699008728855	0.424403634606	0.920380860319	0.672205529241	1.66790482842	1.4417519333	0.819063769937	0.559003479942	0.44167582407	0.996245630739	0.758177462542	0.92742239246	0.818316031899	0.768515582407	0.853847776704	0.574154973417	0.566479221846	0.549014374094	0.608146756887	0.759539395843	0.877923339778	0.773174001933	0.775656350894	0.592757554374	0.755279951667
AC6	0.797548351861	0.463367868536	2.07361894152	0.817439468342	0.699105877235	0.548326085065	0.820067317545	0.483609540841	0.642178637023	0.531694678589	0.766773334944	0.559080652489	0.554516176897	1.7593458289	0.500883460609	0.632239927501	0.782316558724	0.78370640406	1.52611279362	1.07279144031	0.816069313678	0.628066143064	0.827965891735	0.754035331078	1.55775761237	0.761781768971	0.735590410826	0.66404939101	0.504205302078	0.552387970034	0.940523083615	0.828633837603	0.576846152731	0.548607317545	0.990967486709	0.736872126631	0.699008728855	0.0	0.648746466892	0.674928922185	0.534355157081	1.00524143548	0.778431362977	0.34162260029	0.924683296278	0.809738521025	1.08352857902	0.935502150797	0.877606442726	0.886179946834	1.05048112131	1.02805890285	0.733834441759	0.796472010633	0.804213687772	0.75054362494	0.610746355727	1.00362520541	0.610280874819	0.922515268246	0.633965741904	0.956608545191
AD6	0.744055920735	0.566771638473	2.52181273562	1.15830855486	0.86661482842	0.410098931851	1.17292575157	0.436427249879	0.539483470275	0.847306201063	0.488184886419	0.697352938618	0.561358873852	2.19619253746	0.792507568874	0.596839560174	0.484877254712	0.485777723538	1.83333736588	1.40095152731	1.0436642291	0.707645785404	0.643930270662	0.601435340744	1.8057382407	0.893555969067	0.55436417593	0.543908550024	0.802263987434	0.872442846786	0.777274847753	0.593239695505	0.598231672305	0.478719342678	0.965863272112	0.773257317545	0.424403634606	0.648746466892	0.0	0.739304369261	0.435780686322	1.5493638231	1.32825046399	0.753399787337	0.674100251329	0.548404804253	0.8816819768	0.651094601257	0.862234746254	0.732043107782	0.719011686805	0.793778622523	0.463850604157	0.471862895118	0.472638028033	0.466488226196	0.567071101982	0.780030299662	0.600028965684	0.713309284679	0.389575563074	0.677863673272
AE5	0.533293040116	0.535026089898	2.2707999275	0.930067733204	0.643905142581	0.780601657806	0.836632025133	0.78358840986	0.960174287095	0.604456621556	1.03371250362	0.616012155631	0.699658419526	1.94647784437	0.648125848236	0.53920579507	0.911916877719	0.889059038183	1.45409616723	1.0748560319	0.975213866602	0.789017684872	1.03380188014	0.969317602707	1.35107914935	0.654933861769	0.928594818753	0.815178032866	0.842380130498	0.778084277429	0.974967153214	0.86700239246	0.884139231513	0.867636761721	0.887475819236	0.779728366361	0.920380860319	0.674928922185	0.739304369261	0.0	0.393005993233	1.23739625423	1.01874362011	0.572152682455	1.14408096665	1.07273380377	0.874358168197	0.86839860319	0.814433692605	0.75704258579	0.992109453842	0.950872706622	0.661978153697	0.708601367811	0.742453204447	0.623896568391	0.583491053649	0.88232159014	0.547040439826	0.846554030933	0.680828496858	0.896438791687
AE6	0.547246089898	0.366878830353	2.37998868536	1.01009054616	0.673068564524	0.535314775254	0.945469415176	0.551640792653	0.697332556791	0.675298255196	0.755762015466	0.542148627356	0.474664316095	2.05410693088	0.604518898018	0.410289942001	0.712392788787	0.693772677622	1.59953911551	1.20277763654	0.971978893185	0.681028337361	0.878479898502	0.81168558724	1.56005201547	0.732442861286	0.739948390527	0.677799279845	0.77084101015	0.772195258579	0.863323905268	0.733544751087	0.699830454326	0.591990691155	0.838261686805	0.626110202997	0.672205529241	0.534355157081	0.435780686322	0.393005993233	0.0	1.36814400677	1.14642684872	0.562346814886	0.870188071532	0.790190555824	0.82813699855	0.691677278879	0.685650347994	0.592117095215	0.816733552441	0.779565920735	0.462871193813	0.504783397777	0.525639903335	0.456040338328	0.460942962784	0.735057491542	0.438916950217	0.648577752537	0.488013262446	0.721528487192
AF5	1.30804354277	1.24554307878	1.2626617013	0.66015497825	1.2255242581	1.40841778637	0.833420691155	1.3264218318	1.39782957467	1.0102439536	1.56722769454	1.27313387144	1.34297674239	0.962007892702	1.09258866602	1.29983866602	1.53764034316	1.54360756887	0.97824838086	0.695472750121	1.18935845336	1.23218661189	1.46808666989	1.43319311261	1.47127506525	1.22129556791	1.45627754954	1.32457706138	1.00962607057	0.994439062349	1.52975535524	1.4512457419	1.29734724988	1.397690116	1.60461893668	1.49531842436	1.66790482842	1.00524143548	1.5493638231	1.23739625423	1.36814400677	0.0	0.265100550991	1.01084857902	1.80080416143	1.69056577574	1.73598712421	1.71233111648	1.57231734171	1.64135167714	1.83422092315	1.81526115031	1.5805958289	1.64828077332	1.65821716288	1.59959366361	1.2844959594	1.75974905752	1.29006618656	1.71310858386	1.43351173997	1.73841362494
AF6	1.11870493475	1.02514430643	1.45408419526	0.476289371677	1.01870942968	1.19438898985	0.711175606573	1.11003706622	1.19960151281	0.812716133398	1.35887649106	1.06135477042	1.1227300725	1.14533081199	0.880437356211	1.08831253746	1.32647593523	1.33520030933	1.0212337361	0.679993446109	1.07657637506	1.0512779797	1.25324072499	1.21553099565	1.43569299662	1.05066910101	1.23839471725	1.10790509425	0.821586602223	0.824294519091	1.36869478492	1.26450323828	1.10328018366	1.17818259546	1.40455041083	1.29073245046	1.4417519333	0.778431362977	1.32825046399	1.01874362011	1.14642684872	0.265100550991	0.0	0.789727322378	1.58115492025	1.47052660706	1.53179703238	1.49289647173	1.36107046883	1.42841466409	1.61321756887	1.60776039633	1.3628417738	1.42524625423	1.43159580957	1.37631812953	1.06711035283	1.55390758821	1.07150550991	1.50231118415	1.21414720638	1.51710620106
AG5	0.679691532141	0.460069666506	2.07413247463	0.775842435959	0.636326167231	0.641780227163	0.728493987434	0.609072837119	0.772309647173	0.477470492992	0.88354081682	0.521829159014	0.580130724988	1.75705708072	0.425741169647	0.581467090382	0.819654693088	0.79386698405	1.45407322861	1.00162204447	0.741890937651	0.639072271629	0.908880642823	0.828387636539	1.42326891252	0.674848139198	0.792696800387	0.699448898018	0.548906916385	0.503121551474	0.936251851136	0.82757138231	0.680459444176	0.685486563557	0.968294572257	0.756164838086	0.819063769937	0.34162260029	0.753399787337	0.572152682455	0.562346814886	1.01084857902	0.789727322378	0.0	1.0212517448	0.929818366361	1.05600078782	0.979741735138	0.83951962784	0.884337936201	1.10387842436	1.06542768004	0.760887868536	0.836797288545	0.850802957951	0.775074644756	0.59343102465	1.0194482697	0.578666462059	0.939642382794	0.649778907685	1.01179056549
