	AA3	AA4	AB3	AB4	AC3	AC4	AD3	AD4	AE3	AE4	AF3	AF4	AG3	AG4	AH3	AH4	AA7	AA8	AB7	AB8	AC7	AC8	AD7	AD8	AE7	AE8	AF7	AF8	AG7	AG8	AH7	AH8	AA5	AA6	AB5	AB6	AC5	AC6	AD6	AE5	AE6	AF5	AF6	AG5	AH5	AH6	AA1	AA2	AB1	AB2	AC1	AC2	AD1	AD2	AE1	AE2	AF1	AF2	AG1	AG2	AH1	AH2
AA3	0.0	0.542062928951	2.28218943451	1.01890033349	0.904780367327	0.705653827936	0.920553972934	0.822021280812	0.880849729338	0.701532300628	0.931609236346	0.737114649589	0.710385302078	1.92374794587	0.735001851136	0.297822435959	0.774599719671	0.746566162397	1.4956421073	1.05140335428	0.844914233929	0.643316075399	0.878078332528	0.799225814403	1.38254637989	0.62439778637	0.715420807153	0.655827216046	0.746575930401	0.667386988884	0.742058477525	0.623795398743	0.867971459642	0.814445828903	1.07758113581	0.925121701305	0.916552561624	0.764776524891	0.761383639439	0.53475561624	0.564845843403	1.28782266312	1.20459124215	0.730464891252	1.09672232479	1.04241124698	0.965469652006	0.93713459159	0.894365360077	0.826561918801	1.03895445143	0.964943165781	0.605978878685	0.66947159014	0.753430236829	0.653521333978	0.564809453842	0.895506578057	0.526530164331	0.821044456259	0.598392344128	0.916626766554
AA4	0.542062928951	0.0	2.22421275979	0.928134388594	0.639562319961	0.539372561624	0.870346307395	0.483435297245	0.647198206863	0.600202692122	0.789163368777	0.466585679072	0.430403426776	1.86530236829	0.35615979217	0.312120956984	0.656977718705	0.668133499275	1.54644742388	1.01591035283	0.865825311745	0.594464156597	0.882090628323	0.826879995167	1.48772123731	0.577811503142	0.652471082649	0.640917143548	0.657073784437	0.625691696472	0.853244451426	0.690614084099	0.611431072982	0.595011928468	0.944724345094	0.718806950217	0.767760024166	0.493498100532	0.616042025133	0.488160053166	0.397769768004	1.17720678105	1.07876561624	0.467816481392	0.952522179797	0.852171894635	0.935114987917	0.825479163847	0.755533112615	0.748916292895	0.942621585307	0.89118377477	0.562593107782	0.607786950217	0.676151251812	0.599128467859	0.417493765104	0.850330173997	0.450953518608	0.737679091348	0.456402300628	0.779220715321
AB3	2.28218943451	2.22421275979	0.0	1.41590278879	2.16344769454	2.38043658289	1.85933517158	2.25590739971	2.30649189464	2.06374884002	2.49036444176	2.31331739488	2.30412840503	0.391836858386	2.0761962929	2.26623634606	2.45677842436	2.49843987917	1.13749913968	1.46502481392	1.92788895602	2.1480880812	2.39140889802	2.35640690672	1.88253752537	2.13491048816	2.35146568874	2.26359313195	1.88593014983	1.8482259159	2.42544252779	2.40974803287	2.26574148381	2.35237242146	2.51599838086	2.48051931368	2.60197152731	1.98988094248	2.53040440309	2.28842249879	2.39103233929	1.29893162397	1.38339451909	2.04123237313	2.71352817303	2.6333237071	2.66657289029	2.66927438859	2.48961255196	2.57726145481	2.7561678492	2.70746221846	2.52419562107	2.58348264862	2.61676774287	2.56217669406	2.28741113581	2.65641284195	2.28829655389	2.60184864186	2.37492055099	2.65565419043
AB4	1.01890033349	0.928134388594	1.41590278879	0.0	0.934789555341	1.06165703238	0.767688061866	1.0069678782	1.12095632673	0.807704659256	1.24502729821	1.02149767037	0.915088264862	1.04636703238	0.80684057999	0.962727090382	1.19442547608	1.23453546641	1.00369724988	0.485753808603	0.914821633639	0.928566945384	1.18934154664	1.12553081682	1.2784461914	0.907434485259	1.13174279362	1.02139300145	0.669863755437	0.657385611406	1.28487238279	1.17725052199	1.09548872885	1.12599515225	1.37369726438	1.28081070565	1.38537951667	0.776552566457	1.23735202513	0.986986795553	1.09641361044	0.56800956984	0.499932812953	0.788380430159	1.48635025616	1.40826268729	1.47170590623	1.42651433543	1.29097932334	1.35977681972	1.53417365394	1.48995667472	1.23976364911	1.30546325278	1.37306129048	1.28398705172	1.02981311261	1.43152956017	1.03484246496	1.35530095215	1.08982768004	1.4017878057
AC3	0.904780367327	0.639562319961	2.16344769454	0.934789555341	0.0	0.761071807637	0.870009439343	0.819871111648	1.02500369744	0.681658651522	1.13382696472	0.35874521508	0.80311578057	1.81129050749	0.680448366361	0.754949879169	0.996490971484	1.02244697438	1.46070696955	1.0042298405	1.07112450942	0.964568951184	1.2920739536	1.23679926051	1.31471565974	0.840229511841	1.06349509425	1.05106681972	0.91619781537	0.882722310295	1.19388588207	1.03661945868	1.00533860319	0.96547217013	0.805593769937	0.783239855002	1.00666562107	0.726132899952	0.882829826003	0.68518659739	0.702779076849	1.14832984534	1.07295384244	0.627071213146	1.18541595457	1.11204235379	0.876332648623	0.960896602223	0.722279840503	0.826996041566	1.07976280329	0.98783157564	0.767208728855	0.82446937651	0.902109647173	0.790480115998	0.834482445626	0.905925630739	0.840771488642	0.876680918318	0.852917709038	0.934599400677
AC4	0.705653827936	0.539372561624	2.38043658289	1.06165703238	0.761071807637	0.0	1.07742861286	0.413702397293	0.524175321411	0.789669579507	0.459872817786	0.484568448526	0.432059671339	2.02412683905	0.732130797487	0.593393779604	0.577237974867	0.559782638956	1.8100958289	1.26697731754	0.909301043983	0.558089458676	0.728238627356	0.670435321411	1.69003955051	0.701684635089	0.562688786854	0.542816761721	0.659739705172	0.712864354761	0.791668129531	0.629946007733	0.524501933301	0.40144922668	0.97597441276	0.702957124215	0.580382861286	0.612286853552	0.428574731754	0.65670262929	0.426896239729	1.34763165781	1.25005071532	0.626721686805	0.709281836636	0.63002619623	1.0240861189	0.836946505558	0.799645113581	0.800374731754	0.895826278395	0.944043605607	0.566770309328	0.62948441276	0.661560507492	0.629428666022	0.582583658772	0.943821362977	0.602058646689	0.760391169647	0.40862059449	0.779752049299
AD3	0.920553972934	0.870346307395	1.85933517158	0.767688061866	0.870009439343	1.07742861286	0.0	0.970926979217	1.21655134848	0.390161536974	1.34660425326	0.973328158531	1.0438677912	1.50151258096	0.741494615756	0.883095103915	1.22417142098	1.21572474625	1.29566545674	0.814032899952	0.849416529725	0.9269200145	1.28115996133	1.19612443693	1.23027630256	0.856171913968	1.13608437893	1.05216950217	0.870518206863	0.76881459159	1.17740063799	1.11323351861	1.1639942871	1.12919918318	1.19441134848	1.12011112131	1.27948508458	0.6818840116	1.18379926535	0.841669386177	0.96130719188	0.809059110681	0.731411652972	0.686283900435	1.41860341228	1.33683726438	1.36536085065	1.37717696472	1.14761770904	1.22832076365	1.49499050266	1.42339271145	1.1702001885	1.19118925568	1.28641704688	1.18165057999	0.965965050749	1.33248328661	0.975040009667	1.25657155631	1.09133728855	1.3157278927
AD4	0.822021280812	0.483435297245	2.25590739971	1.0069678782	0.819871111648	0.413702397293	0.970926979217	0.0	0.309439942001	0.679660937651	0.504633726438	0.604131628806	0.492096587724	1.89920274045	0.648242706622	0.611288840019	0.535302653456	0.551022097632	1.79579172064	1.24405841953	0.868104746254	0.524887960367	0.610780396327	0.567311087482	1.73614445143	0.71043722088	0.49769300145	0.458839787337	0.554606858386	0.671244963751	0.808699632673	0.66535057999	0.308246321895	0.326285389077	1.09724701788	0.811937153214	0.586784746254	0.527166959884	0.503115447076	0.696464639923	0.507239275012	1.20769814403	1.10622717738	0.590172551957	0.733141691638	0.616278540358	1.13224145964	0.921929395843	0.955317322378	0.946858163364	0.966392706622	1.04393469309	0.667492861286	0.69355840986	0.703892097632	0.707362411793	0.538682479459	1.05281710005	0.597858801353	0.905498844853	0.523377684872	0.871359038183
AE3	0.880849729338	0.647198206863	2.30649189464	1.12095632673	1.02500369744	0.524175321411	1.21655134848	0.309439942001	0.0	0.915167742871	0.368858772354	0.800101420976	0.590563035283	1.95650767037	0.80696218463	0.726797907202	0.501679076849	0.533144166264	1.92473681489	1.38232975834	0.968086901885	0.629389671339	0.430904195263	0.442859188014	1.8859798405	0.858324538424	0.463405993233	0.452597438376	0.649202982117	0.795214475592	0.875202126631	0.74659240696	0.215070159497	0.329942663122	1.24212268729	0.971617559207	0.566530662156	0.696428100532	0.618050836153	0.873244088932	0.672270546158	1.30195703238	1.20067581924	0.755444122765	0.785832489125	0.668498656356	1.27688306428	1.06538759787	1.12297059449	1.09857304012	1.10092820203	1.19140542291	0.807069478009	0.843600043499	0.838445727405	0.860302208797	0.663836263896	1.20971921701	0.702379545674	1.05405895118	0.587012329628	1.01331266796
AE4	0.701532300628	0.600202692122	2.06374884002	0.807704659256	0.681658651522	0.789669579507	0.390161536974	0.679660937651	0.915167742871	0.0	1.0697841276	0.692227394877	0.785559371677	1.70544518608	0.522069492508	0.610587448043	0.92600421943	0.911542687289	1.44424606573	0.924023262446	0.743237544708	0.65679282262	1.01235063316	0.945245983567	1.29652371677	0.579438032866	0.83915441276	0.776569144514	0.63297741421	0.60878499275	0.941100164331	0.82163622523	0.875494886419	0.853993615273	0.979977390043	0.88457038666	0.976393881102	0.468266911551	0.88431537941	0.575041981634	0.670956191397	0.967162058966	0.867370985984	0.471566897052	1.14139350411	1.0632142291	1.12582848719	1.12161656839	0.911958366361	0.973979207347	1.25277829386	1.17590531658	0.890980942484	0.911380855486	1.00306090382	0.899886491058	0.688752068632	1.08289656839	0.695579671339	1.00367329628	0.801161725471	1.063730029
AF3	0.931609236346	0.789163368777	2.49036444176	1.24502729821	1.13382696472	0.459872817786	1.34660425326	0.504633726438	0.368858772354	1.0697841276	0.0	0.863128980184	0.667805538908	2.13878885935	0.972114403093	0.830753160947	0.488941416143	0.497401710971	2.03023685355	1.48548235379	1.05862176897	0.75478062349	0.377057989367	0.382630391493	1.99261538424	0.969061764137	0.496771889802	0.567551416143	0.792065031416	0.907561947801	0.840154731754	0.741056940551	0.426413146448	0.44821641856	1.24952700822	1.0205461044	0.485425442243	0.837478356694	0.541498743354	0.950548748188	0.719979323345	1.49616249396	1.39401980184	0.898912919285	0.706629975834	0.5955979797	1.23802834219	1.03286459159	1.16761120348	1.09814899952	1.06296658772	1.13713131948	0.796918081199	0.783613634606	0.808854910585	0.819440990817	0.816065012083	1.15510523925	0.839349434509	1.03472986467	0.584394001933	0.978076988884
AF4	0.737114649589	0.466585679072	2.31331739488	1.02149767037	0.35874521508	0.484568448526	0.973328158531	0.604131628806	0.800101420976	0.692227394877	0.863128980184	0.0	0.578391029483	1.95865997583	0.630673504108	0.558350695988	0.813164064766	0.823047008217	1.64958477042	1.11905403093	0.98490578057	0.754798168197	1.066139739	1.00524529725	1.48880915901	0.658516205897	0.84868738521	0.836712895118	0.814389980667	0.77633118898	1.00425360077	0.852873112615	0.77386741421	0.717413112615	0.770594615756	0.5696920203	0.763126051232	0.630119120348	0.66073460609	0.562644446593	0.501329115515	1.2654578637	1.17966111648	0.558309893668	0.909901005317	0.83575037216	0.799442832286	0.768963885935	0.601529850169	0.640926147898	0.889810376994	0.823074229096	0.571198467859	0.641694939584	0.703070096665	0.610167921701	0.634548762687	0.758140347994	0.655013214113	0.665927583374	0.640256138231	0.73078817303
AG3	0.710385302078	0.430403426776	2.30412840503	0.915088264862	0.80311578057	0.432059671339	1.0438677912	0.492096587724	0.590563035283	0.785559371677	0.667805538908	0.578391029483	0.0	1.93273913485	0.577328235863	0.540499318511	0.57303237796	0.603640009667	1.74251910585	1.19676585307	0.942264301595	0.590663571774	0.779238511358	0.745440840986	1.61116141614	0.69450297245	0.603723479942	0.585978463026	0.674323127115	0.714839125181	0.843699816336	0.673579772837	0.591874722088	0.525658245529	1.01733312711	0.758942556791	0.729739014016	0.596017119381	0.585921739971	0.647170304495	0.454338192363	1.27823245046	1.18036668439	0.603526916385	0.890440270662	0.79195739971	1.00157556307	0.826634093765	0.819304465926	0.816908158531	0.93981038666	0.914416549058	0.556537907202	0.623800555824	0.710235538908	0.610830618656	0.484549642339	0.934890710488	0.523590236829	0.779477143548	0.424124354761	0.785373537941
AG4	1.92374794587	1.86530236829	0.391836858386	1.04636703238	1.81129050749	2.02412683905	1.50151258096	1.89920274045	1.95650767037	1.70544518608	2.13878885935	1.95865997583	1.93273913485	0.0	1.72295497825	1.90702661189	2.10670264862	2.14578933301	0.875692527791	1.12258382794	1.58025510391	1.79629282745	2.0405678927	2.00392475109	1.61056640889	1.7847940841	1.99788927501	1.90712741904	1.53854971484	1.49955507975	2.09203012566	2.0591641566	1.91637254229	1.99590666022	2.17023583857	2.13060703722	2.25541289995	1.63737766554	2.17176672305	1.92862929435	2.03023974384	0.958348849686	1.04631377477	1.68846647656	2.36016218946	2.27858440309	2.30645056066	2.3141519623	2.1310201305	2.21714663606	2.40080171097	2.34923151764	2.16382656356	2.22519730304	2.26475263412	2.2047617593	1.93172144031	2.2969799565	1.93491115998	2.24277349444	2.02053253746	2.30051719671
AH3	0.735001851136	0.35615979217	2.0761962929	0.80684057999	0.680448366361	0.732130797487	0.741494615756	0.648242706622	0.80696218463	0.522069492508	0.972114403093	0.630673504108	0.577328235863	1.72295497825	0.0	0.522418293862	0.764475877235	0.799809202513	1.48135058966	0.937619540841	0.841819081682	0.712118264862	0.961320541324	0.92574898985	1.40184998067	0.661742411793	0.783827104882	0.75217579507	0.674987573707	0.644773257612	0.991514403093	0.836832861286	0.754291628806	0.781736495892	1.033080261	0.887940488159	0.959886573224	0.49360622523	0.837405413243	0.569223953601	0.633796665056	1.0105679942	0.905836814886	0.465506752054	1.16844231996	1.06931198647	1.07528974384	1.00380195263	0.88032301595	0.928365297245	1.1159757999	1.07386745288	0.80149699855	0.853474030933	0.92132759304	0.837807728371	0.547690483325	1.01739343644	0.570812933784	0.9205660174	0.668079395843	0.963068463026
AH4	0.297822435959	0.312120956984	2.26623634606	0.962727090382	0.754949879169	0.593393779604	0.883095103915	0.611288840019	0.726797907202	0.610587448043	0.830753160947	0.558350695988	0.540499318511	1.90702661189	0.522418293862	0.0	0.652215089415	0.644509149348	1.50375329145	1.03113758337	0.857124248429	0.57937059449	0.848394475592	0.781950376994	1.42544160464	0.559129279845	0.628658148864	0.603408685355	0.673543325278	0.630255727405	0.764651662639	0.585754006767	0.712028849686	0.666438153697	0.986383987434	0.780981720638	0.804100613823	0.605688231029	0.661008037699	0.447562334461	0.416562605123	1.23998407443	1.14359947801	0.566103460609	0.992614359594	0.914128115031	0.925842102465	0.850247535041	0.792094659256	0.745697742871	0.969201691638	0.894018786854	0.547851319478	0.599960715321	0.691870642823	0.583733861769	0.389329463509	0.84590139681	0.399912281295	0.755748931851	0.493826428226	0.80746542291
AA7	0.774599719671	0.656977718705	2.45677842436	1.19442547608	0.996490971484	0.577237974867	1.22417142098	0.535302653456	0.501679076849	0.92600421943	0.488941416143	0.813164064766	0.57303237796	2.10670264862	0.764475877235	0.652215089415	0.0	0.155068443693	1.81264238763	1.28979864669	1.00227027066	0.606949540841	0.489669922668	0.497884084099	1.76019227646	0.790900705655	0.346447950701	0.436201193813	0.757875166747	0.818914151764	0.646172812953	0.459867742871	0.489480507492	0.515702919285	1.21372044949	0.997427085549	0.542514456259	0.797527457709	0.51549318028	0.825205128081	0.658308859352	1.45517298695	1.35727366844	0.831058124698	0.788944074432	0.663714108265	1.10631433059	0.911157733204	1.08923715321	0.99679237796	0.936602232963	1.01556623006	0.659172856452	0.660465770904	0.687479217013	0.684586041566	0.518851135814	1.02265362494	0.556258980184	0.945360985984	0.479794316095	0.861255698405
AA8	0.746566162397	0.668133499275	2.49843987917	1.23453546641	1.02244697438	0.559782638956	1.21572474625	0.551022097632	0.533144166264	0.911542687289	0.497401710971	0.823047008217	0.603640009667	2.14578933301	0.799809202513	0.644509149348	0.155068443693	0.0	1.83685284195	1.31822785404	0.96701781537	0.581027825036	0.510672991783	0.519078260029	1.7560457274	0.785344954084	0.348311503142	0.437867240213	0.773499260512	0.83372698405	0.588999468342	0.415892522958	0.519545480909	0.498260024166	1.17255051716	0.96347580957	0.514008564524	0.801050903818	0.492359120348	0.812602851619	0.646309859836	1.49331420976	1.39739803287	0.835327090382	0.728569444176	0.619409492508	1.10753890768	0.909788235863	1.06852872885	0.973891232479	0.922765321411	1.0071257129	0.644511469309	0.631267999033	0.667108888352	0.671504789753	0.563052445626	1.01529672305	0.584034847753	0.91578717738	0.465064712421	0.859237945868
AB7	1.4956421073	1.54644742388	1.13749913968	1.00369724988	1.46070696955	1.8100958289	1.29566545674	1.79579172064	1.92473681489	1.44424606573	2.03023685355	1.64958477042	1.74251910585	0.875692527791	1.48135058966	1.50375329145	1.81264238763	1.83685284195	0.0	0.604434509425	1.47613431126	1.56082098598	1.93916723538	1.87547612856	1.10102101498	1.45563321411	1.78102956501	1.70460705172	1.39966342194	1.25770135331	1.71613872885	1.67429966167	1.86400039149	1.88731354277	1.85698398743	1.84305290478	1.98379831319	1.47920452876	1.88948995167	1.52335927018	1.65495902852	0.970639521508	1.02524888352	1.45387214113	2.15948975834	2.10190534074	1.95471035766	1.99447318028	1.80185000967	1.84878360077	2.07978810053	2.00734241179	1.8030817013	1.84311566941	1.89740254229	1.82663838569	1.62130608023	1.92778313678	1.61650726438	1.87745193813	1.74386257129	1.98265023683
AB8	1.05140335428	1.01591035283	1.46502481392	0.485753808603	1.0042298405	1.26697731754	0.814032899952	1.24405841953	1.38232975834	0.924023262446	1.48548235379	1.11905403093	1.19676585307	1.12258382794	0.937619540841	1.03113758337	1.28979864669	1.31822785404	0.604434509425	0.0	0.996238052199	1.02840740454	1.39454772837	1.31366067182	1.11765596907	0.934703605607	1.23258322378	1.1549880957	0.823915833736	0.707573165781	1.25500568874	1.19341666506	1.32319458192	1.34198163364	1.40098524408	1.34364696955	1.46136602707	0.940374465926	1.3651002175	1.04210714838	1.16734573707	0.714163446109	0.67034962784	0.91938702755	1.64190532141	1.57643859352	1.54116869502	1.51588903335	1.34574147414	1.38959789754	1.60510385694	1.5563059884	1.34095130014	1.38176488159	1.43016963751	1.36466723055	1.11992752054	1.49171906718	1.12503417593	1.40701190913	1.20794183664	1.50202635089
AC7	0.844914233929	0.865825311745	1.92788895602	0.914821633639	1.07112450942	0.909301043983	0.849416529725	0.868104746254	0.968086901885	0.743237544708	1.05862176897	0.98490578057	0.942264301595	1.58025510391	0.841819081682	0.857124248429	1.00227027066	0.96701781537	1.47613431126	0.996238052199	0.0	0.496384673755	0.969964272595	0.898624117931	1.3977719913	0.670931933301	0.891893784437	0.771833407443	0.559332948284	0.521598545191	0.869465432576	0.80676460609	0.916959439343	0.907693305945	1.28139528275	1.16900144514	1.14630756887	0.744642155631	1.055220261	0.928207723538	0.966690652489	1.13024625423	1.06492909135	0.745313421943	1.15034288062	1.07488042533	1.478639739	1.43155967134	1.24081394877	1.28391097148	1.53006434509	1.49199835669	1.11755830353	1.15837809087	1.25013956984	1.15839780087	0.937841116481	1.42199359111	0.914065548574	1.275189942	0.900352774287	1.38343258096
AC8	0.643316075399	0.594464156597	2.1480880812	0.928566945384	0.964568951184	0.558089458676	0.9269200145	0.524887960367	0.629389671339	0.65679282262	0.75478062349	0.754798168197	0.590663571774	1.79629282745	0.712118264862	0.57937059449	0.606949540841	0.581027825036	1.56082098598	1.02840740454	0.496384673755	0.0	0.653592658289	0.598968743354	1.49975822136	0.529520599323	0.442030154664	0.337577298212	0.43792077332	0.477234586757	0.633616370227	0.491604891252	0.574522759787	0.572443721605	1.13906981634	0.881701846303	0.797247022716	0.604787805703	0.681280768487	0.722139714838	0.638354050266	1.17287262929	1.07210686322	0.64723419043	0.906628956017	0.812611884969	1.24402844369	1.05169911551	1.03167927985	1.01826100048	1.13979214113	1.15867299662	0.76068561624	0.78238282262	0.865995756404	0.802322281295	0.527679913001	1.15999194297	0.534028434026	0.970693687772	0.500828748188	1.00387000483
AD7	0.878078332528	0.882090628323	2.39140889802	1.18934154664	1.2920739536	0.728238627356	1.28115996133	0.610780396327	0.430904195263	1.01235063316	0.377057989367	1.066139739	0.779238511358	2.0405678927	0.961320541324	0.848394475592	0.489669922668	0.510672991783	1.93916723538	1.39454772837	0.969964272595	0.653592658289	0.0	0.195216858386	1.90011149831	0.869803426776	0.412011280812	0.437462658289	0.692545679072	0.807709052682	0.72895479942	0.647257617206	0.475666176897	0.555021947801	1.40626745288	1.16874429676	0.629113127115	0.889228873852	0.717753243113	1.03741346544	0.882978037699	1.40139292412	1.3004218318	0.972586829386	0.837908583857	0.72715759304	1.38460732721	1.17773369744	1.32431143548	1.25269644273	1.19568463509	1.29368874819	0.945423987434	0.923423301112	0.925212000967	0.964225862736	0.773902025133	1.31305271145	0.786565403577	1.19613288062	0.678643890768	1.12501147898
AD8	0.799225814403	0.826879995167	2.35640690672	1.12553081682	1.23679926051	0.670435321411	1.19612443693	0.567311087482	0.442859188014	0.945245983567	0.382630391493	1.00524529725	0.745440840986	2.00392475109	0.92574898985	0.781950376994	0.497884084099	0.519078260029	1.87547612856	1.31366067182	0.898624117931	0.598968743354	0.195216858386	0.0	1.78196653939	0.765647158047	0.372544088932	0.391319951667	0.63406482842	0.718118854519	0.692082542291	0.596679705172	0.477357747704	0.52995060899	1.37098094732	1.12619263896	0.618008564524	0.840037187047	0.679814867086	0.966523963267	0.82252638956	1.36481592073	1.27128452876	0.920577713871	0.826048342194	0.71487878202	1.35898884485	1.15726722088	1.26482102465	1.20196001933	1.18320213146	1.27067621073	0.904598361527	0.899076979217	0.918054533591	0.931409188014	0.760187535041	1.28472628323	0.76672539391	1.14957572257	0.633530966651	1.10044475109
AE7	1.38254637989	1.48772123731	1.88253752537	1.2784461914	1.31471565974	1.69003955051	1.23027630256	1.73614445143	1.8859798405	1.29652371677	1.99261538424	1.48880915901	1.61116141614	1.61056640889	1.40184998067	1.42544160464	1.76019227646	1.7560457274	1.10102101498	1.11765596907	1.3977719913	1.49975822136	1.90011149831	1.78196653939	0.0	1.08535854036	1.74109657322	1.65519116965	1.40466042533	1.29679278879	1.56611288062	1.54653784437	1.84060609473	1.82720215563	1.68267344128	1.74692800387	1.92134383277	1.48446564041	1.82234295312	1.38531658289	1.58803570324	1.44322538908	1.44528741421	1.39609076849	2.03357711455	1.96866736104	1.73285142098	1.84030239246	1.59881866119	1.63765376994	1.95696936684	1.82277517158	1.68036829386	1.68550317061	1.77763151281	1.66969418076	1.57647752537	1.74346152247	1.55178546641	1.70051064282	1.66778745288	1.83241265346
AE8	0.62439778637	0.577811503142	2.13491048816	0.907434485259	0.840229511841	0.701684635089	0.856171913968	0.71043722088	0.858324538424	0.579438032866	0.969061764137	0.658516205897	0.69450297245	1.7847940841	0.661742411793	0.559129279845	0.790900705655	0.785344954084	1.45563321411	0.934703605607	0.670931933301	0.529520599323	0.869803426776	0.765647158047	1.08535854036	0.0	0.731084741421	0.661838313195	0.587758405027	0.523511000483	0.732379647173	0.637439748671	0.816274369261	0.797322783954	1.08726284679	0.918036065732	0.927715654906	0.610146452392	0.844070434993	0.617098322861	0.667444470759	1.17221814886	1.07382221363	0.590105577574	1.07003551957	0.987857945868	1.16273318995	1.10568101982	0.944034504592	0.951071933301	1.21531706138	1.16991907685	0.854019449009	0.879692102465	0.947104098598	0.879642368294	0.67742240696	1.10026977767	0.685725157081	0.948304649589	0.700789067182	1.06545952634
AF7	0.715420807153	0.652471082649	2.35146568874	1.13174279362	1.06349509425	0.562688786854	1.13608437893	0.49769300145	0.463405993233	0.83915441276	0.496771889802	0.84868738521	0.603723479942	1.99788927501	0.783827104882	0.628658148864	0.346447950701	0.348311503142	1.78102956501	1.23258322378	0.891893784437	0.442030154664	0.412011280812	0.372544088932	1.74109657322	0.731084741421	0.0	0.215102107298	0.620022982117	0.700931314645	0.622203895602	0.506416138231	0.450012083132	0.471046945384	1.18498028033	0.941545630739	0.534534248429	0.727490836153	0.541535688739	0.808496848719	0.640377332044	1.36252762687	1.26449874819	0.781358081199	0.787763035283	0.689741343644	1.17729819236	0.982877506042	1.07649990333	1.01646479459	1.00519485259	1.09677638473	0.712612435959	0.742628985017	0.763788946351	0.766925553407	0.549851546641	1.0989559594	0.558794016433	0.970061309811	0.463203687772	0.922616795553
AF8	0.655827216046	0.640917143548	2.26359313195	1.02139300145	1.05106681972	0.542816761721	1.05216950217	0.458839787337	0.452597438376	0.776569144514	0.567551416143	0.836712895118	0.585978463026	1.90712741904	0.75217579507	0.603408685355	0.436201193813	0.437867240213	1.70460705172	1.1549880957	0.771833407443	0.337577298212	0.437462658289	0.391319951667	1.65519116965	0.661838313195	0.215102107298	0.0	0.517423562107	0.593317974867	0.644321527308	0.520588559691	0.430664920251	0.451577907202	1.19467167714	0.946142895118	0.625839565007	0.678133823103	0.580272054132	0.785695466409	0.640009618173	1.26822536491	1.16470455776	0.740004229096	0.846596230063	0.751029975834	1.22615041083	1.03231947801	1.08466416626	1.06200373127	1.05740046883	1.14416761721	0.767668733688	0.801780836153	0.823048898018	0.821320459159	0.55333921218	1.14465855002	0.561088670855	1.01707772354	0.497999888835	0.973597742871
AG7	0.746575930401	0.657073784437	1.88593014983	0.669863755437	0.91619781537	0.659739705172	0.870518206863	0.554606858386	0.649202982117	0.63297741421	0.792065031416	0.814389980667	0.674323127115	1.53854971484	0.674987573707	0.673543325278	0.757875166747	0.773499260512	1.39966342194	0.823915833736	0.559332948284	0.43792077332	0.692545679072	0.63406482842	1.40466042533	0.587758405027	0.620022982117	0.517423562107	0.0	0.221624504592	0.810450492992	0.681639652006	0.610260004833	0.666000927985	1.25640057516	0.987558086032	0.899552368294	0.503070782987	0.803819086515	0.803301831803	0.726002769454	0.974266858386	0.864086756887	0.546026650556	1.03715789754	0.961563881102	1.33063609957	1.14883724988	1.16775728855	1.15382063316	1.23881112615	1.24637801353	0.893457138714	0.942407298212	0.980200570324	0.94650157564	0.670779700338	1.25975129531	0.669619830836	1.10342890285	0.671085345578	1.10836827453
AG8	0.667386988884	0.625691696472	1.8482259159	0.657385611406	0.882722310295	0.712864354761	0.76881459159	0.671244963751	0.795214475592	0.60878499275	0.907561947801	0.77633118898	0.714839125181	1.49955507975	0.644773257612	0.630255727405	0.818914151764	0.83372698405	1.25770135331	0.707573165781	0.521598545191	0.477234586757	0.807709052682	0.718118854519	1.29679278879	0.523511000483	0.700931314645	0.593317974867	0.221624504592	0.0	0.818225940068	0.727094103432	0.746802363461	0.751496732721	1.22906128081	1.01136148864	0.982409023683	0.481571401643	0.870922295795	0.759162991783	0.732770831319	0.944341474142	0.847988806187	0.512893861769	1.11061941518	1.03351745288	1.30959898018	1.20996190913	1.13018574674	1.12251709522	1.30567698405	1.27433889319	0.926035273079	0.977412489125	1.02787880135	0.979032653456	0.710939294345	1.23644705172	0.706932339294	1.1078238086	0.725522832286	1.16622509425
AH7	0.742058477525	0.853244451426	2.42544252779	1.28487238279	1.19388588207	0.791668129531	1.17740063799	0.808699632673	0.875202126631	0.941100164331	0.840154731754	1.00425360077	0.843699816336	2.09203012566	0.991514403093	0.764651662639	0.646172812953	0.588999468342	1.71613872885	1.25500568874	0.869465432576	0.633616370227	0.72895479942	0.692082542291	1.56611288062	0.732379647173	0.622203895602	0.644321527308	0.810450492992	0.818225940068	0.0	0.278834272595	0.879513639439	0.869604132431	1.19211234413	1.04383971484	0.808443354277	0.933606138231	0.780445442243	0.910364523925	0.814550236829	1.47870396327	1.38412548574	0.950649855002	0.983778066699	0.903673658772	1.2626022233	1.08426488159	1.17811490575	1.06683285645	1.13822255679	1.18125823103	0.839749323345	0.810585853069	0.846628018366	0.832674272595	0.771303301112	1.19641770904	0.768118279362	1.02185957951	0.688578564524	1.04707430159
AH8	0.623795398743	0.690614084099	2.40974803287	1.17725052199	1.03661945868	0.629946007733	1.11323351861	0.66535057999	0.74659240696	0.82163622523	0.741056940551	0.852873112615	0.673579772837	2.0591641566	0.836832861286	0.585754006767	0.459867742871	0.415892522958	1.67429966167	1.19341666506	0.80676460609	0.491604891252	0.647257617206	0.596679705172	1.54653784437	0.637439748671	0.506416138231	0.520588559691	0.681639652006	0.727094103432	0.278834272595	0.0	0.741668472692	0.694680367327	1.13813314161	0.938840144998	0.755808656356	0.813258400193	0.615397075882	0.751072638956	0.648906868052	1.42039096665	1.32208906718	0.831489859836	0.886903397777	0.799313740938	1.12344909135	0.953468791687	1.05216706138	0.935910183664	1.01158154664	1.05362752537	0.65671499275	0.658508081199	0.717855031416	0.687378994683	0.591972218463	1.04726552441	0.588509951667	0.887624562591	0.506736674722	0.908323160947
AA5	0.867971459642	0.611431072982	2.26574148381	1.09548872885	1.00533860319	0.524501933301	1.1639942871	0.308246321895	0.215070159497	0.875494886419	0.426413146448	0.77386741421	0.591874722088	1.91637254229	0.754291628806	0.712028849686	0.489480507492	0.519545480909	1.86400039149	1.32319458192	0.916959439343	0.574522759787	0.475666176897	0.477357747704	1.84060609473	0.816274369261	0.450012083132	0.430664920251	0.610260004833	0.746802363461	0.879513639439	0.741668472692	0.0	0.255097046883	1.21832483325	0.932280439826	0.592578115031	0.612688970517	0.627156742388	0.813115485742	0.660050633156	1.23436835186	1.13353761721	0.686739898502	0.77608918318	0.6615540261	1.28403688739	1.08507261479	1.11040117931	1.10265759304	1.11400115515	1.20318329628	0.804010241663	0.848161677139	0.842424789754	0.863323668439	0.604194900918	1.20972006767	0.641869685839	1.05305462059	0.57664120348	1.0279802465
AA6	0.814445828903	0.595011928468	2.35237242146	1.12599515225	0.96547217013	0.40144922668	1.12919918318	0.326285389077	0.329942663122	0.853993615273	0.44821641856	0.717413112615	0.525658245529	1.99590666022	0.781736495892	0.666438153697	0.515702919285	0.498260024166	1.88731354277	1.34198163364	0.907693305945	0.572443721605	0.555021947801	0.52995060899	1.82720215563	0.797322783954	0.471046945384	0.451577907202	0.666000927985	0.751496732721	0.869604132431	0.694680367327	0.255097046883	0.0	1.08679459159	0.814981527308	0.528640517158	0.62252839536	0.493178110198	0.783931449976	0.536014871919	1.31349340261	1.21142454326	0.689391338811	0.587443861769	0.483863146448	1.16820341711	0.967899347511	0.97156222813	0.950851701305	0.99744237796	1.07803217496	0.674853107782	0.722869289512	0.733170236829	0.729995727405	0.60316497825	1.07765116965	0.635085321411	0.907664842919	0.510656723055	0.909991058482
AB5	1.07758113581	0.944724345094	2.51599838086	1.37369726438	0.805593769937	0.97597441276	1.19441134848	1.09724701788	1.24212268729	0.979977390043	1.24952700822	0.770594615756	1.01733312711	2.17023583857	1.033080261	0.986383987434	1.21372044949	1.17255051716	1.85698398743	1.40098524408	1.28139528275	1.13906981634	1.40626745288	1.37098094732	1.68267344128	1.08726284679	1.18498028033	1.19467167714	1.25640057516	1.22906128081	1.19211234413	1.13813314161	1.21832483325	1.08679459159	0.0	0.460000323828	0.997715592073	1.03299697438	0.955338598357	0.864083547608	0.858548293862	1.55423876269	1.46573877719	0.981123214113	0.993229579507	0.962407878202	0.860029937168	0.954979690672	0.712102329628	0.756596249396	1.06737437893	0.968090420493	0.868650231996	0.922955326245	0.944546462059	0.885006558724	1.04240150314	0.861764233929	1.04826613823	0.802703011116	1.01860869502	0.930203426776
AB6	0.925121701305	0.718806950217	2.48051931368	1.28081070565	0.783239855002	0.702957124215	1.12011112131	0.811937153214	0.971617559207	0.88457038666	1.0205461044	0.5696920203	0.758942556791	2.13060703722	0.887940488159	0.780981720638	0.997427085549	0.96347580957	1.84305290478	1.34364696955	1.16900144514	0.881701846303	1.16874429676	1.12619263896	1.74692800387	0.918036065732	0.941545630739	0.946142895118	0.987558086032	1.01136148864	1.04383971484	0.938840144998	0.932280439826	0.814981527308	0.460000323828	0.0	0.78985741421	0.793073518608	0.742710628323	0.751241445143	0.613784915418	1.4540982842	1.36822183664	0.767396259062	0.737300865152	0.744602672789	0.728131585307	0.651521435476	0.519306742388	0.506728327695	0.76905579507	0.6985759739	0.650021362977	0.725882957951	0.74457081682	0.680000570324	0.771257738038	0.678551884969	0.783544925085	0.50058500725	0.790627626873	0.623558675689
AC5	0.916552561624	0.767760024166	2.60197152731	1.38537951667	1.00666562107	0.580382861286	1.27948508458	0.586784746254	0.566530662156	0.976393881102	0.485425442243	0.763126051232	0.729739014016	2.25541289995	0.959886573224	0.804100613823	0.542514456259	0.514008564524	1.98379831319	1.46136602707	1.14630756887	0.797247022716	0.629113127115	0.618008564524	1.92134383277	0.927715654906	0.534534248429	0.625839565007	0.899552368294	0.982409023683	0.808443354277	0.755808656356	0.592578115031	0.528640517158	0.997715592073	0.78985741421	0.0	0.783135253746	0.41876702755	0.863396297728	0.620509763171	1.60581837603	1.49537903818	0.850495674239	0.535241768971	0.450342977284	1.01790881585	0.796217438376	0.952746118898	0.866818907685	0.811069352344	0.888216974384	0.609178873852	0.579519927501	0.57407901885	0.607483562107	0.746216254229	0.926644659256	0.775660599323	0.810813421943	0.608904876752	0.751514030933
AC6	0.764776524891	0.493498100532	1.98988094248	0.776552566457	0.726132899952	0.612286853552	0.6818840116	0.527166959884	0.696428100532	0.468266911551	0.837478356694	0.630119120348	0.596017119381	1.63737766554	0.49360622523	0.605688231029	0.797527457709	0.801050903818	1.47920452876	0.940374465926	0.744642155631	0.604787805703	0.889228873852	0.840037187047	1.48446564041	0.610146452392	0.727490836153	0.678133823103	0.503070782987	0.481571401643	0.933606138231	0.813258400193	0.612688970517	0.62252839536	1.03299697438	0.793073518608	0.783135253746	0.0	0.755089038183	0.610697129048	0.598554557757	0.860880202997	0.753908598357	0.301041677139	0.997123905268	0.910377515708	1.12955222813	1.04838236829	0.934293156114	0.94615720638	1.14648208313	1.10954724021	0.790071672305	0.862622518125	0.908283861769	0.834099096182	0.601256959884	1.04441273079	0.635763025616	0.938532561624	0.629553992267	1.00935042533
AD6	0.761383639439	0.616042025133	2.53040440309	1.23735202513	0.882829826003	0.428574731754	1.18379926535	0.503115447076	0.618050836153	0.88431537941	0.541498743354	0.66073460609	0.585921739971	2.17176672305	0.837405413243	0.661008037699	0.51549318028	0.492359120348	1.88948995167	1.3651002175	1.055220261	0.681280768487	0.717753243113	0.679814867086	1.82234295312	0.844070434993	0.541535688739	0.580272054132	0.803819086515	0.870922295795	0.780445442243	0.615397075882	0.627156742388	0.493178110198	0.955338598357	0.742710628323	0.41876702755	0.755089038183	0.0	0.700685625906	0.415188931851	1.51786340261	1.41516352344	0.807592677622	0.619534760754	0.542365664572	0.882078869019	0.686422068632	0.834731300145	0.726479439343	0.72619898985	0.800155079749	0.458549052682	0.465253885935	0.479454726921	0.479008086032	0.600647631706	0.801886979217	0.62920262929	0.670878931851	0.405199869502	0.627937520541
AE5	0.53475561624	0.488160053166	2.28842249879	0.986986795553	0.68518659739	0.65670262929	0.841669386177	0.696464639923	0.873244088932	0.575041981634	0.950548748188	0.562644446593	0.647170304495	1.92862929435	0.569223953601	0.447562334461	0.825205128081	0.812602851619	1.52335927018	1.04210714838	0.928207723538	0.722139714838	1.03741346544	0.966523963267	1.38531658289	0.617098322861	0.808496848719	0.785695466409	0.803301831803	0.759162991783	0.910364523925	0.751072638956	0.813115485742	0.783931449976	0.864083547608	0.751241445143	0.863396297728	0.610697129048	0.700685625906	0.0	0.355005045916	1.21317334944	1.1159620928	0.548196563557	1.05953116481	1.00591901402	0.915490149831	0.887634944418	0.755620357661	0.714401324311	0.994035345578	0.94078337361	0.601476988884	0.663349913001	0.766767187047	0.630241551474	0.516892561624	0.856239014016	0.51756118898	0.712747641373	0.601893305945	0.854025592073
AE6	0.564845843403	0.397769768004	2.39103233929	1.09641361044	0.702779076849	0.426896239729	0.96130719188	0.507239275012	0.672270546158	0.670956191397	0.719979323345	0.501329115515	0.454338192363	2.03023974384	0.633796665056	0.416562605123	0.658308859352	0.646309859836	1.65495902852	1.16734573707	0.966690652489	0.638354050266	0.882978037699	0.82252638956	1.58803570324	0.667444470759	0.640377332044	0.640009618173	0.726002769454	0.732770831319	0.814550236829	0.648906868052	0.660050633156	0.536014871919	0.858548293862	0.613784915418	0.620509763171	0.598554557757	0.415188931851	0.355005045916	0.0	1.33238092798	1.23507817786	0.574313566941	0.807924765587	0.754584282262	0.84481081682	0.70333817303	0.694745210246	0.622601092315	0.816308211696	0.773692576124	0.385930811986	0.449592764621	0.536179453842	0.430610927985	0.412433325278	0.755536307395	0.439333948768	0.580850338328	0.429890927985	0.662189990333
AF5	1.28782266312	1.17720678105	1.29893162397	0.56800956984	1.14832984534	1.34763165781	0.809059110681	1.20769814403	1.30195703238	0.967162058966	1.49616249396	1.2654578637	1.27823245046	0.958348849686	1.0105679942	1.23998407443	1.45517298695	1.49331420976	0.970639521508	0.714163446109	1.13024625423	1.17287262929	1.40139292412	1.36481592073	1.44322538908	1.17221814886	1.36252762687	1.26822536491	0.974266858386	0.944341474142	1.47870396327	1.42039096665	1.23436835186	1.31349340261	1.55423876269	1.4540982842	1.60581837603	0.860880202997	1.51786340261	1.21317334944	1.33238092798	0.0	0.179176466892	0.931055364911	1.71290584824	1.62988569357	1.71225394877	1.6746439536	1.53083904302	1.58668212663	1.78538728371	1.75404335428	1.4962058144	1.57458560174	1.62788702272	1.54154532141	1.23810743838	1.68821245046	1.24617227646	1.59648214113	1.36467318995	1.65201057999
AF6	1.20459124215	1.07876561624	1.38339451909	0.499932812953	1.07295384244	1.25005071532	0.731411652972	1.10622717738	1.20067581924	0.867370985984	1.39401980184	1.17966111648	1.18036668439	1.04631377477	0.905836814886	1.14359947801	1.35727366844	1.39739803287	1.02524888352	0.67034962784	1.06492909135	1.07210686322	1.3004218318	1.27128452876	1.44528741421	1.07382221363	1.26449874819	1.16470455776	0.864086756887	0.847988806187	1.38412548574	1.32208906718	1.13353761721	1.21142454326	1.46573877719	1.36822183664	1.49537903818	0.753908598357	1.41516352344	1.1159620928	1.23507817786	0.179176466892	0.0	0.827304949251	1.60977176897	1.52570274045	1.62516718705	1.59008556307	1.44460849203	1.5029877187	1.68799667472	1.66928407443	1.40342527791	1.47648361527	1.5221042436	1.44513296278	1.14366369261	1.60445899952	1.1499762349	1.51323359111	1.26953625906	1.55490677622
AG5	0.730464891252	0.467816481392	2.04123237313	0.788380430159	0.627071213146	0.626721686805	0.686283900435	0.590172551957	0.755444122765	0.471566897052	0.898912919285	0.558309893668	0.603526916385	1.68846647656	0.465506752054	0.566103460609	0.831058124698	0.835327090382	1.45387214113	0.91938702755	0.745313421943	0.64723419043	0.972586829386	0.920577713871	1.39609076849	0.590105577574	0.781358081199	0.740004229096	0.546026650556	0.512893861769	0.950649855002	0.831489859836	0.686739898502	0.689391338811	0.981123214113	0.767396259062	0.850495674239	0.301041677139	0.807592677622	0.548196563557	0.574313566941	0.931055364911	0.827304949251	0.0	1.03423954084	0.960235480909	1.06145719188	1.01947430159	0.865495016916	0.891338902852	1.12415198647	1.07568739004	0.753711019816	0.831052305462	0.895716520058	0.796968912518	0.611246283229	1.01252303045	0.637876785887	0.8884340261	0.657103479942	0.988147549541
