	AA3	AA4	AB3	AB4	AC3	AC4	AD3	AD4	AE3	AE4	AF3	AF4	AG3	AG4	AH3	AH4	AA7	AA8	AB7	AB8	AC7	AC8	AD7	AD8	AE7	AE8	AF7	AF8	AG7	AG8	AH7	AH8	AA5	AA6	AB5	AB6	AC5	AC6	AD6	AE5	AE6	AF5	AF6	AG5	AH5	AH6	AA1	AA2	AB1	AB2	AC1	AC2	AD1	AD2	AE1	AE2	AF1	AF2	AG1	AG2	AH1	AH2
AA3	0.0	0.53546838086	2.26944498792	0.989032634123	0.843095244079	0.742709966167	0.931384393427	0.689861527308	0.870206114065	0.679670976317	0.949651029483	0.75279182697	0.643770410826	1.91673958917	0.726732025133	0.239104664089	0.734208327695	0.720445886902	1.46917012566	1.07094074432	0.838204678589	0.640606143064	0.819951730304	0.818492281295	1.40183884969	0.584525693572	0.664231097148	0.580746732721	0.675565123248	0.670905915901	0.727608840019	0.593149560174	0.821573740938	0.788554523925	1.08571311745	0.89963817303	0.889783827936	0.769184635089	0.744093494442	0.582693136781	0.531264751087	1.26487330594	1.17540072499	0.725625292412	1.08284898985	1.0437460029	0.961165606573	0.898756162397	0.887713339778	0.836101092315	1.02980673755	0.943997327211	0.612700169164	0.686813175447	0.727317704205	0.648659275012	0.519146810053	0.886347960367	0.462780048333	0.867589739004	0.615921343644	0.887381541808
AA4	0.53546838086	0.0	2.27040522958	0.96012719188	0.594410575157	0.502549579507	0.918951923635	0.485317544708	0.663950647656	0.618858148864	0.773276027066	0.428550792653	0.442531947801	1.91286784437	0.32433419043	0.352034291928	0.705511933301	0.676828719188	1.60109965684	1.08907278879	0.896009840503	0.660044780087	0.858424934751	0.793120797487	1.53013211213	0.607607878202	0.672530265829	0.644466027066	0.672288506525	0.697088322861	0.869940942484	0.735311947801	0.637030869985	0.598506065732	0.903797158047	0.664848883519	0.693360396327	0.555482788787	0.534083267279	0.560993649106	0.387118013533	1.20918660706	1.11048437893	0.474892049299	0.895547075882	0.850237167714	0.905760347994	0.756546553891	0.706527162881	0.719622658289	0.896801507975	0.836062208797	0.522030705655	0.583263644273	0.618540053166	0.547047839536	0.432198583857	0.80335500725	0.409160666989	0.708462827453	0.481112798453	0.743702015466
AB3	2.26944498792	2.27040522958	0.0	1.43278728855	2.18462058966	2.38103648139	1.89439829386	2.27645874335	2.34034747704	2.05749687289	2.51749860802	2.27246845336	2.30779855002	0.400853035283	2.16881448043	2.26439015466	2.46337663122	2.49169340744	1.18822992267	1.45450059932	1.96599820203	2.17853826486	2.39326159014	2.34554150314	1.89990123731	2.16349605607	2.33023934268	2.26356734171	1.88905661672	1.8369781537	2.42992028516	2.4051440116	2.29168483809	2.35828352344	2.52907662639	2.48315251812	2.61208660222	1.97927214596	2.50419480909	2.30232519091	2.37036019816	1.31512445143	1.40415138714	2.06673721121	2.7196142291	2.66317653939	2.6719258869	2.67367647173	2.49368297728	2.60056608023	2.74522735621	2.71323407927	2.54466928468	2.58297451909	2.59960939101	2.57580653456	2.28202167714	2.67502940068	2.25832669889	2.6285281537	2.40188528758	2.66699061866
AB4	0.989032634123	0.96012719188	1.43278728855	0.0	0.940461962301	1.06586035766	0.755065311745	1.01617644273	1.19426676172	0.802700565491	1.29811482842	0.987896186564	0.900603383277	1.06560247946	0.877069502175	0.945180507492	1.19717244563	1.21925502175	0.979247264379	0.466584707588	0.955971106815	0.954433305945	1.19595956017	1.14548535041	1.25386425326	0.92011258579	1.10751717738	1.02164228613	0.66148041566	0.62826901885	1.26216299178	1.1669737651	1.14286443209	1.15624941034	1.38198970517	1.27441929435	1.37718073465	0.771102150797	1.19618264862	0.993953107782	1.05831066699	0.575667051716	0.514826921218	0.819102479459	1.51780135331	1.46174302562	1.45760656356	1.39456370227	1.26527507008	1.35379680039	1.52408851619	1.47224981634	1.2431201015	1.30408041566	1.33447341228	1.27591975834	1.00641018366	1.44175183664	0.977505084582	1.37505122765	1.10449457709	1.39629898018
AC3	0.843095244079	0.594410575157	2.18462058966	0.940461962301	0.0	0.74493300145	0.887788472692	0.826812034799	0.972122092798	0.657622353794	1.06109331078	0.323203591107	0.775921681972	1.83767055099	0.655139874335	0.732007032383	1.00782034316	0.972162561624	1.46335679555	1.03058262929	1.06644345094	0.99362900435	1.22175905752	1.14034683905	1.32365565974	0.814080270662	1.05061957467	1.00310856936	0.894399371677	0.873222832286	1.16073241663	1.02197470275	0.979408820686	0.961236950217	0.817187443209	0.750831735138	0.975427655872	0.710669458676	0.84292838086	0.65597582407	0.701865853069	1.15493397293	1.06809092315	0.593818013533	1.17764435959	1.13706255196	0.884432527791	0.936213523441	0.683490488159	0.789959565007	1.06182529725	0.96648659739	0.73139760754	0.812646360561	0.852943252779	0.758557187047	0.807020082165	0.924542324795	0.752004900918	0.881349797003	0.839301875302	0.939891942968
AC4	0.742709966167	0.502549579507	2.38103648139	1.06586035766	0.74493300145	0.0	1.14785220396	0.341556645723	0.453865108748	0.832313354277	0.375495949734	0.521238081199	0.448239487675	2.02798835669	0.655930768487	0.623404161431	0.57820181247	0.525190420493	1.84111405993	1.28496352827	0.933730729821	0.634155036249	0.635392870952	0.566522295795	1.74543034316	0.734020357661	0.533028554857	0.515426645723	0.680331638473	0.749203228613	0.821251372644	0.664023682939	0.453285070082	0.393199067182	1.01220096665	0.755024842919	0.525936471725	0.636714765587	0.384328371194	0.772140115998	0.520408994683	1.3357117883	1.23175333011	0.618066123731	0.682363644273	0.610551000483	1.03445798937	0.793688835186	0.818230024166	0.840342310295	0.886862358627	0.925154030933	0.565866172064	0.607874480425	0.644346935718	0.631271232479	0.571716795553	0.944548327695	0.651642455292	0.771902769454	0.40966940551	0.806683668439
AD3	0.931384393427	0.918951923635	1.89439829386	0.755065311745	0.887788472692	1.14785220396	0.0	0.987419531174	1.29214862252	0.414434683422	1.37312736104	0.967588303528	1.06331532624	1.53834753021	0.843685466409	0.901640067666	1.23802877719	1.22997916385	1.31454733688	0.832122218463	0.895766365394	0.945770884485	1.29935666506	1.26652293862	1.22893568391	0.889441967134	1.14586647173	1.06321106815	0.881655606573	0.784275326245	1.17133190913	1.10238456742	1.21498112131	1.15031916868	1.19111126631	1.07855327695	1.27257648623	0.719199294345	1.16790526341	0.821466800387	0.951043199613	0.815885152247	0.748046839053	0.744818637023	1.42520433543	1.39465714355	1.37047974384	1.36347013533	1.12202671339	1.19195067666	1.48853194297	1.4108122958	1.16882898985	1.20839745288	1.26432935718	1.18504523441	0.975515369744	1.33824820686	0.92674621073	1.23529959401	1.14045564524	1.33059890768
AD4	0.689861527308	0.485317544708	2.27645874335	1.01617644273	0.826812034799	0.341556645723	0.987419531174	0.0	0.349510734654	0.649149719671	0.53630337361	0.642776718221	0.474053939101	1.91856893668	0.575668622523	0.555804055099	0.54892059449	0.502760695988	1.78248253746	1.21687175447	0.860104804253	0.521583272112	0.536214233929	0.474793460609	1.7212981247	0.6935619913	0.42748	0.410816814886	0.562139304012	0.679454306428	0.770243881102	0.613104117931	0.315464248429	0.383938767521	1.09326059932	0.82022921218	0.551496926051	0.530240720155	0.43380182697	0.722712682455	0.505223649106	1.21826700338	1.11811034316	0.53630537941	0.730580666989	0.67289961334	1.11365356211	0.868049444176	0.923548835186	0.942718511358	0.956483064282	1.01034221846	0.665861164814	0.668784736588	0.684217375544	0.70947098115	0.491841851136	1.02724876269	0.568897612373	0.858555026583	0.422906244563	0.876007448043
AE3	0.870206114065	0.663950647656	2.34034747704	1.19426676172	0.972122092798	0.453865108748	1.29214862252	0.349510734654	0.0	0.947800483325	0.38318537941	0.783150662156	0.612071875302	1.9993777767	0.744915509908	0.773197467376	0.564496317061	0.555550038666	1.95948718221	1.40657448526	0.996192039633	0.691447298212	0.444635466409	0.41730262929	1.92435478492	0.896585292412	0.471881300145	0.52798138231	0.729028269696	0.860157452876	0.906492131464	0.743712967617	0.251280637989	0.366953020783	1.21784157081	0.952148704688	0.540648936684	0.749821314645	0.55706881102	0.983810821653	0.711186360561	1.32013476075	1.24418611406	0.742879855002	0.723436843886	0.619540720155	1.25020054616	0.990166413726	1.08527639923	1.08468612373	1.0713479507	1.14198745288	0.795960657322	0.808414494925	0.806782948284	0.850588637023	0.682651793137	1.17225169647	0.779003707105	0.988555582407	0.575334485259	1.00586311261
AE4	0.679670976317	0.618858148864	2.05749687289	0.802700565491	0.657622353794	0.832313354277	0.414434683422	0.649149719671	0.947800483325	0.0	1.07987452392	0.675294316095	0.76496482842	1.6976359884	0.610506491058	0.605092827453	0.910446060899	0.913113547608	1.4238137651	0.89304878202	0.766361793137	0.689112904785	0.97256857419	0.935552576124	1.30133347028	0.580861019816	0.813711884969	0.744381440309	0.594762701788	0.575274291928	0.926523499275	0.815830695988	0.885672518125	0.860988873852	1.00668739971	0.891631063316	0.953728356694	0.478658830353	0.832605321411	0.583255084582	0.645331599807	0.936745277912	0.840162063799	0.47383737071	1.15339506525	1.12111288062	1.11576289512	1.10762993233	0.927746346061	0.984040913485	1.24116883035	1.1674541131	0.895288013533	0.912816515225	0.969801933301	0.913452010633	0.677245480909	1.10311943934	0.638654871919	1.01960243596	0.813765398743	1.07858119865
AF3	0.949651029483	0.773276027066	2.51749860802	1.29811482842	1.06109331078	0.375495949734	1.37312736104	0.53630337361	0.38318537941	1.07987452392	0.0	0.83902441276	0.69482722088	2.16687634123	0.915702812953	0.877970154664	0.524265041083	0.508560686322	2.05510701305	1.49801338811	1.07366921218	0.805575355244	0.432982991783	0.422253750604	1.9932339391	0.965664697922	0.541060695988	0.636781435476	0.858001440309	0.955011290478	0.842153673272	0.72315679072	0.448812996617	0.4794440261	1.19050878685	0.955286350894	0.449465877235	0.870612609956	0.475937660706	1.0246640406	0.763204374094	1.50359868052	1.41332180764	0.854348550024	0.637892605123	0.540962203963	1.1951081102	0.940710352827	1.09409469309	1.0334937651	1.02415195747	1.07381621556	0.754492464959	0.72817217013	0.770169149348	0.769130478492	0.823381280812	1.08299317061	0.914820077332	0.940072261962	0.573339236346	0.949322305462
AF4	0.75279182697	0.428550792653	2.27246845336	0.987896186564	0.323203591107	0.521238081199	0.967588303528	0.642776718221	0.783150662156	0.675294316095	0.83902441276	0.0	0.572938641856	1.92044849686	0.515543707105	0.604565055582	0.853316848719	0.817413102948	1.62563833736	1.08398403577	0.975227080715	0.818841034316	1.03267406477	0.954879188014	1.48437706622	0.668119163847	0.865456022233	0.825776897052	0.791992242629	0.768388086032	1.02026938618	0.9089920203	0.787452605123	0.761196094732	0.791151894635	0.568728182697	0.770133315611	0.60616221363	0.677586713388	0.633276950217	0.569176471725	1.20521787337	1.11431305462	0.506904639923	0.928035896568	0.874575074915	0.812514668922	0.745539270179	0.573515703238	0.637684306428	0.879880758821	0.807768313195	0.570613745771	0.645126887385	0.67802741421	0.603155529241	0.657279700338	0.772313958434	0.624779705172	0.688659913001	0.655011894635	0.742468806187
AG3	0.643770410826	0.442531947801	2.30779855002	0.900603383277	0.775921681972	0.448239487675	1.06331532624	0.474053939101	0.612071875302	0.76496482842	0.69482722088	0.572938641856	0.0	1.93700238279	0.482654335428	0.508736621556	0.579820439826	0.545062870952	1.73457394393	1.17531977767	0.919978704688	0.610077249879	0.716541164814	0.66285257129	1.60781426776	0.660298530691	0.579459942001	0.558552745288	0.652781343644	0.732037254712	0.823103359111	0.678914171097	0.573645108748	0.528038264862	1.02427046883	0.773191367811	0.706044833253	0.624025746738	0.540011860802	0.691117158047	0.459340246496	1.26907879652	1.17581685839	0.561726143064	0.874347278879	0.808913658772	0.999306051232	0.789370865152	0.809342687289	0.831000637989	0.919966553891	0.880822295795	0.547130792653	0.627220628323	0.661364035766	0.59476138231	0.444840024166	0.921981551474	0.505577341711	0.767453441276	0.386060811986	0.775016437893
AG4	1.91673958917	1.91286784437	0.400853035283	1.06560247946	1.83767055099	2.02798835669	1.53834753021	1.91856893668	1.9993777767	1.6976359884	2.16687634123	1.92044849686	1.93700238279	0.0	1.81502947801	1.90621705172	2.11676853552	2.14420039149	0.923934838086	1.11285673755	1.62021150797	1.8283942871	2.0453679942	1.99632357661	1.6226042001	1.81511535524	1.98342500242	1.91134684389	1.54345224263	1.48246628806	2.10214147898	2.05890842436	1.94826873852	2.00261216046	2.18748340744	2.13872560174	2.26168629773	1.63298164331	2.14687130498	1.94546903335	2.01380887385	0.982600889319	1.07056727405	1.71633153214	2.36837671822	2.31142910101	2.31394680039	2.31583262929	2.1380761479	2.24114927501	2.3969880957	2.35889733204	2.1887919768	2.22752403577	2.25210807153	2.21762564041	1.9323420783	2.31932489125	1.9063420058	2.27035524408	2.05059889319	2.30951081682
AH3	0.726732025133	0.32433419043	2.16881448043	0.877069502175	0.655139874335	0.655930768487	0.843685466409	0.575668622523	0.744915509908	0.610506491058	0.915702812953	0.515543707105	0.482654335428	1.81502947801	0.0	0.538699647173	0.784932803287	0.775095640406	1.56293963751	1.02782898018	0.903422097632	0.744779047849	0.921173189947	0.860461715805	1.48784778154	0.704315843403	0.78032262929	0.740512890285	0.684896781054	0.693181246979	1.00573926051	0.875953890768	0.693725630739	0.680543968101	1.00780481392	0.782358501692	0.859703992267	0.517321338811	0.723953368777	0.642848767521	0.541906636056	1.09553836153	1.00457614306	0.460969497342	1.04666492025	0.987958956017	1.02235243113	0.879085268246	0.794159642339	0.847842841953	1.01551727405	0.964094552924	0.74535777187	0.783831928468	0.799327167714	0.75987679072	0.544065920735	0.937634001933	0.526555012083	0.852510840986	0.617198898018	0.87409099565
AH4	0.239104664089	0.352034291928	2.26439015466	0.945180507492	0.732007032383	0.623404161431	0.901640067666	0.555804055099	0.773197467376	0.605092827453	0.877970154664	0.604565055582	0.508736621556	1.90621705172	0.538699647173	0.0	0.662259304012	0.64934239246	1.48981788304	1.05133201063	0.854926916385	0.60523062349	0.780324214596	0.728946041566	1.42445263896	0.531007496375	0.618905978734	0.571008313195	0.644008047366	0.657851749638	0.765881285645	0.612138264862	0.72042500725	0.691771503142	1.01393673755	0.793383359111	0.804214465926	0.637741517641	0.635394765587	0.505912223296	0.409028902852	1.22327853069	1.12172868536	0.593911938134	0.998723069116	0.9587039971	0.930174842919	0.812749275012	0.803290502658	0.769084915418	0.955488182697	0.882160821653	0.568610140164	0.631303127115	0.664583537941	0.601329294345	0.378294238763	0.847915766071	0.339884538424	0.779174847753	0.534710454326	0.802662977284
AA7	0.734208327695	0.705511933301	2.46337663122	1.19717244563	1.00782034316	0.57820181247	1.23802877719	0.54892059449	0.564496317061	0.910446060899	0.524265041083	0.853316848719	0.579820439826	2.11676853552	0.784932803287	0.662259304012	0.0	0.159090840986	1.82713527308	1.31230039149	0.993559937168	0.637989705172	0.446975041083	0.439228332528	1.75794681972	0.761838999517	0.375431072982	0.436353165781	0.752702373127	0.83835680522	0.62676118898	0.436196302562	0.505303112615	0.555281807637	1.24587250362	1.03795749154	0.538957433543	0.864844842919	0.501133131948	0.914278032866	0.709038356694	1.44568146931	1.36088710005	0.861799787337	0.78623699855	0.693965582407	1.15348922668	0.896030628323	1.0975758869	1.03838353311	0.971477269212	1.01917912035	0.710864900918	0.692563571774	0.717432054132	0.727811585307	0.539980908652	1.04284716288	0.597518158531	0.964249125181	0.489823059449	0.918237245046
AA8	0.720445886902	0.676828719188	2.49169340744	1.21925502175	0.972162561624	0.525190420493	1.22997916385	0.502760695988	0.555550038666	0.913113547608	0.508560686322	0.817413102948	0.545062870952	2.14420039149	0.775095640406	0.64934239246	0.159090840986	0.0	1.83436686805	1.32437221846	0.964185364911	0.602042943451	0.47866258579	0.454659763171	1.74030071532	0.745888110198	0.381314248429	0.425387109715	0.749275340744	0.841379835669	0.597812977284	0.381090130498	0.486773431609	0.497450850652	1.18351529241	0.975827394877	0.504468999517	0.832006442726	0.456318965684	0.867523286612	0.662149207347	1.4765858724	1.38889473175	0.813322991783	0.731184707588	0.644531628806	1.10029190913	0.846793059449	1.03633539874	0.97353139681	0.917273794103	0.963708124698	0.651373644273	0.621161043983	0.665410270662	0.660036655389	0.545329951667	0.992802189464	0.609077109715	0.902170502658	0.433032479459	0.864871517641
AB7	1.46917012566	1.60109965684	1.18822992267	0.979247264379	1.46335679555	1.84111405993	1.31454733688	1.78248253746	1.95948718221	1.4238137651	2.05510701305	1.62563833736	1.73457394393	0.923934838086	1.56293963751	1.48981788304	1.82713527308	1.83436686805	0.0	0.609800874819	1.53365027066	1.6047721218	1.93038835186	1.8838418753	1.08194459642	1.45262462542	1.7870661334	1.7000100145	1.35765945384	1.25292735138	1.72479915901	1.67804111648	1.87625442243	1.90502146931	1.87587605123	1.86864280812	2.00199878685	1.4934477912	1.87674105848	1.50377073465	1.6296238956	0.994995930401	1.01941922185	1.51655063316	2.17779525858	2.13634340744	1.92474099082	1.94885322861	1.79073381827	1.8406442871	2.04551955051	1.9767301015	1.79541520541	1.82679934751	1.85649415176	1.81753911551	1.6379699855	1.92944129531	1.55939564524	1.90271519575	1.79290090382	1.93824815853
AB8	1.07094074432	1.08907278879	1.45450059932	0.466584707588	1.03058262929	1.28496352827	0.832122218463	1.21687175447	1.40657448526	0.89304878202	1.49801338811	1.08398403577	1.17531977767	1.11285673755	1.02782898018	1.05133201063	1.31230039149	1.32437221846	0.609800874819	0.0	1.05039700338	1.08626665539	1.36659749154	1.32813896085	1.14905232479	0.937813813436	1.23049346544	1.1525417158	0.797845915901	0.718434983084	1.27400674239	1.22294508458	1.32114305945	1.34521326728	1.40722891252	1.35217495408	1.46229213146	0.938864132431	1.36102455292	1.06011807637	1.16680855969	0.690932426293	0.647563122281	0.961260352827	1.6408480232	1.58411946834	1.55658382794	1.51835265346	1.33583444176	1.40748488159	1.625120203	1.56979586757	1.37770897535	1.39829700338	1.4274058144	1.39379615273	1.1420598695	1.53327345094	1.10683753504	1.45051428226	1.24984853552	1.50166605607
AC7	0.838204678589	0.896009840503	1.96599820203	0.955971106815	1.06644345094	0.933730729821	0.895766365394	0.860104804253	0.996192039633	0.766361793137	1.07366921218	0.975227080715	0.919978704688	1.62021150797	0.903422097632	0.854926916385	0.993559937168	0.964185364911	1.53365027066	1.05039700338	0.0	0.494850173997	0.96266858869	0.932577617206	1.43978071532	0.705260792653	0.867887037216	0.75394618173	0.57197460609	0.540310217496	0.864967216046	0.800648226196	0.910743446109	0.897696689222	1.29579560174	1.14670539391	1.13881874335	0.757662846786	1.04826613823	0.99623222813	0.957621657806	1.15730942001	1.10860957951	0.754838361527	1.13542528758	1.08704179797	1.47365213146	1.41051282745	1.22537345578	1.29602801353	1.54553723538	1.4831238811	1.12694144514	1.17138438859	1.23699425326	1.15334906718	0.908276070565	1.43112255679	0.881712595457	1.28841477525	0.932869956501	1.39397599323
AC8	0.640606143064	0.660044780087	2.17853826486	0.954433305945	0.99362900435	0.634155036249	0.945770884485	0.521583272112	0.691447298212	0.689112904785	0.805575355244	0.818841034316	0.610077249879	1.8283942871	0.744779047849	0.60523062349	0.637989705172	0.602042943451	1.6047721218	1.08626665539	0.494850173997	0.0	0.635218878685	0.6226099855	1.51972600773	0.548544780087	0.436979830836	0.327240599323	0.462161184147	0.553346384727	0.616362803287	0.483533286612	0.598756500725	0.6084120058	1.14400371677	0.907850057999	0.775995848236	0.669687056549	0.691894465926	0.81393702755	0.676793600773	1.1804301595	1.10408064282	0.679435582407	0.892547989367	0.836110918318	1.26782092315	1.03916701305	1.0379019478	1.06303133398	1.16463037699	1.15969964234	0.797440173997	0.808800468826	0.868525654906	0.839809323345	0.539594499758	1.1736637216	0.59425378927	0.970319555341	0.578399444176	1.02485433543
AD7	0.819951730304	0.858424934751	2.39326159014	1.19595956017	1.22175905752	0.635392870952	1.29935666506	0.536214233929	0.444635466409	0.97256857419	0.432982991783	1.03267406477	0.716541164814	2.0453679942	0.921173189947	0.780324214596	0.446975041083	0.47866258579	1.93038835186	1.36659749154	0.96266858869	0.635218878685	0.0	0.179799207347	1.88798237313	0.826184983084	0.36670621073	0.454672518125	0.699554871919	0.82570219913	0.719612257129	0.578515722571	0.444134151764	0.538316529724	1.37110656839	1.13328009183	0.601977375544	0.855270294828	0.642467322378	1.05522756404	0.849012141131	1.38630841953	1.30510659739	0.919381498308	0.771783349444	0.671340652489	1.33859273562	1.08354395843	1.25836941034	1.20904746738	1.15276785404	1.21924059932	0.905537187047	0.872416428226	0.879567269212	0.92238817303	0.704889743838	1.24782812953	0.784501300145	1.11583523441	0.601034475592	1.09209136781
AD8	0.818492281295	0.793120797487	2.34554150314	1.14548535041	1.14034683905	0.566522295795	1.26652293862	0.474793460609	0.41730262929	0.935552576124	0.422253750604	0.954879188014	0.66285257129	1.99632357661	0.860461715805	0.728946041566	0.439228332528	0.454659763171	1.8838418753	1.32813896085	0.932577617206	0.6226099855	0.179799207347	0.0	1.8228259014	0.763338612856	0.354096940551	0.445284765587	0.648825949734	0.786827119381	0.725984804253	0.580931237313	0.428322348961	0.487258936684	1.32529140164	1.07534193813	0.583399096182	0.786480338328	0.598426094732	0.986978284195	0.773128506525	1.33623003383	1.25175752054	0.848584001933	0.742421213146	0.639498477525	1.30177861286	1.03323752054	1.19698267279	1.14453607057	1.11543407927	1.18474057999	0.857117090382	0.839880865152	0.849254499758	0.889049700338	0.673056481392	1.21574265829	0.763910473659	1.05375056549	0.566023233446	1.0438417883
AE7	1.40183884969	1.53013211213	1.89990123731	1.25386425326	1.32365565974	1.74543034316	1.22893568391	1.7212981247	1.92435478492	1.30133347028	1.9932339391	1.48437706622	1.60781426776	1.6226042001	1.48784778154	1.42445263896	1.75794681972	1.74030071532	1.08194459642	1.14905232479	1.43978071532	1.51972600773	1.88798237313	1.8228259014	0.0	1.08568101498	1.7468899565	1.64594846303	1.36774908652	1.29611565974	1.57747333494	1.57242640889	1.84523260029	1.8216799855	1.70445365877	1.7283278492	1.90673321411	1.49088570807	1.80633114548	1.35697446109	1.56359607057	1.46194286612	1.44057879169	1.44216234413	2.03966962784	2.0123459159	1.7238962784	1.82577854036	1.58150498792	1.63923554374	1.95220051232	1.82489898018	1.67374971	1.69664610923	1.75009133398	1.66220681489	1.60169205897	1.76582225713	1.50613686805	1.7521858144	1.71353474142	1.81971624456
AE8	0.584525693572	0.607607878202	2.16349605607	0.92011258579	0.814080270662	0.734020357661	0.889441967134	0.6935619913	0.896585292412	0.580861019816	0.965664697922	0.668119163847	0.660298530691	1.81511535524	0.704315843403	0.531007496375	0.761838999517	0.745888110198	1.45262462542	0.937813813436	0.705260792653	0.548544780087	0.826184983084	0.763338612856	1.08568101498	0.0	0.710038666022	0.630728830353	0.577495302078	0.53193842436	0.696166539391	0.634242319961	0.816612890285	0.805352957951	1.10067914935	0.909670604157	0.897921198647	0.650433856936	0.80017181247	0.654211106815	0.64421860319	1.18314475109	1.09463978734	0.617604277429	1.08079710971	1.03260289029	1.12893934268	1.05747233446	0.908607675205	0.944592943451	1.17749509908	1.12871466892	0.81875580957	0.846084552924	0.910795558241	0.843566553891	0.654775896568	1.09126796037	0.619850903818	0.961601406477	0.715408429193	1.03927729821
AF7	0.664231097148	0.672530265829	2.33023934268	1.10751717738	1.05061957467	0.533028554857	1.14586647173	0.42748	0.471881300145	0.813711884969	0.541060695988	0.865456022233	0.579459942001	1.98342500242	0.78032262929	0.618905978734	0.375431072982	0.381314248429	1.7870661334	1.23049346544	0.867887037216	0.436979830836	0.36670621073	0.354096940551	1.7468899565	0.710038666022	0.0	0.190446887385	0.605683963267	0.721652643789	0.640063919768	0.492586747221	0.415968501692	0.469303919768	1.18573327211	0.952233823103	0.545109608507	0.7513659884	0.528151454809	0.867084146931	0.66116059449	1.32746302078	1.24302742388	0.763722682455	0.780152788787	0.705785210246	1.19776245529	0.955899758337	1.07418271629	1.04478131464	1.02716288062	1.09159872885	0.750385534074	0.751236713388	0.772747274045	0.791885345578	0.537183069116	1.09619394393	0.601260173997	0.947140961817	0.460038946351	0.960446201063
AF8	0.580746732721	0.644466027066	2.26356734171	1.02164228613	1.00310856936	0.515426645723	1.06321106815	0.410816814886	0.52798138231	0.744381440309	0.636781435476	0.825776897052	0.558552745288	1.91134684389	0.740512890285	0.571008313195	0.436353165781	0.425387109715	1.7000100145	1.1525417158	0.75394618173	0.327240599323	0.454672518125	0.445284765587	1.64594846303	0.630728830353	0.190446887385	0.0	0.527956660222	0.628750869985	0.626150720155	0.439041551474	0.458460009667	0.491452179797	1.18654454809	0.945457394877	0.635915374577	0.716327240213	0.528295287579	0.83246820203	0.638015650072	1.25197813436	1.16424555341	0.726190526825	0.854366423393	0.772862634123	1.20274435476	0.963417965201	1.04340006283	1.04079559691	1.03599256162	1.09098064766	0.749228477525	0.757575181247	0.787033475109	0.79505160464	0.502701092315	1.09860996617	0.570857259546	0.950697254712	0.44797279362	0.963920425326
AG7	0.675565123248	0.672288506525	1.88905661672	0.66148041566	0.894399371677	0.680331638473	0.881655606573	0.562139304012	0.729028269696	0.594762701788	0.858001440309	0.791992242629	0.652781343644	1.54345224263	0.684896781054	0.644008047366	0.752702373127	0.749275340744	1.35765945384	0.797845915901	0.57197460609	0.462161184147	0.699554871919	0.648825949734	1.36774908652	0.577495302078	0.605683963267	0.527956660222	0.0	0.205506408893	0.770910396327	0.663725838569	0.66266858869	0.727947554374	1.26426089899	1.02043340744	0.909006930884	0.516838342194	0.781648680522	0.854923711938	0.723635055582	0.967278757854	0.877288090865	0.559839743838	1.07013967134	0.999028931851	1.32886836153	1.12866046399	1.14429854036	1.15606311261	1.25615732238	1.22216810536	0.91151520058	0.933899652006	0.964410077332	0.944469028516	0.653159850169	1.24251598357	0.667040144998	1.09533860319	0.708680898985	1.11814534074
AG8	0.670905915901	0.697088322861	1.8369781537	0.62826901885	0.873222832286	0.749203228613	0.784275326245	0.679454306428	0.860157452876	0.575274291928	0.955011290478	0.768388086032	0.732037254712	1.48246628806	0.693181246979	0.657851749638	0.83835680522	0.841379835669	1.25292735138	0.718434983084	0.540310217496	0.553346384727	0.82570219913	0.786827119381	1.29611565974	0.53193842436	0.721652643789	0.628750869985	0.205506408893	0.0	0.838255741904	0.751044137264	0.779891517641	0.79962618173	1.25192639923	1.03630291928	1.00649881102	0.49451940551	0.874483731271	0.83423482842	0.761561309812	0.928886462059	0.851328206863	0.526102141131	1.13621724505	1.0663019333	1.33050738521	1.21754157564	1.12886095698	1.15812824553	1.35120492025	1.30091138231	0.979170918318	0.991451387144	1.04432897535	1.0028701015	0.735320584824	1.25873564524	0.726114074432	1.15253547124	0.784905316578	1.20386144514
AH7	0.727608840019	0.869940942484	2.42992028516	1.26216299178	1.16073241663	0.821251372644	1.17133190913	0.770243881102	0.906492131464	0.926523499275	0.842153673272	1.02026938618	0.823103359111	2.10214147898	1.00573926051	0.765881285645	0.62676118898	0.597812977284	1.72479915901	1.27400674239	0.864967216046	0.616362803287	0.719612257129	0.725984804253	1.57747333494	0.696166539391	0.640063919768	0.626150720155	0.770910396327	0.838255741904	0.0	0.27323962784	0.867843305945	0.871156906718	1.18948243113	1.01279340261	0.792194079265	0.958098124698	0.763520169164	0.951193218946	0.822134229096	1.46677461576	1.38734259546	0.947921894635	0.970978535524	0.940070289995	1.25759271629	1.03900931368	1.14508665539	1.07749875785	1.14382449976	1.15176798453	0.837503276945	0.788746172064	0.831334055099	0.843231614306	0.766834838086	1.17248349928	0.800207312711	1.00825231513	0.719015848236	1.04383023683
AH8	0.593149560174	0.735311947801	2.4051440116	1.1669737651	1.02197470275	0.664023682939	1.10238456742	0.613104117931	0.743712967617	0.815830695988	0.72315679072	0.9089920203	0.678914171097	2.05890842436	0.875953890768	0.612138264862	0.436196302562	0.381090130498	1.67804111648	1.22294508458	0.800648226196	0.483533286612	0.578515722571	0.580931237313	1.57242640889	0.634242319961	0.492586747221	0.439041551474	0.663725838569	0.751044137264	0.27323962784	0.0	0.693327448043	0.68328637506	1.17773828903	0.962433552441	0.689465045916	0.86153022233	0.600897738038	0.847871851136	0.696127709038	1.39798400677	1.31781948768	0.845606114065	0.86588060899	0.811389714838	1.15219845336	0.92888622523	1.05021980667	0.979473504108	1.01347030449	1.05149116965	0.699098110198	0.687997844369	0.729803407443	0.728223054616	0.61174258579	1.06619201063	0.646333813436	0.90586242146	0.536695727405	0.940567525375
AA5	0.821573740938	0.637030869985	2.29168483809	1.14286443209	0.979408820686	0.453285070082	1.21498112131	0.315464248429	0.251280637989	0.885672518125	0.448812996617	0.787452605123	0.573645108748	1.94826873852	0.693725630739	0.72042500725	0.505303112615	0.486773431609	1.87625442243	1.32114305945	0.910743446109	0.598756500725	0.444134151764	0.428322348961	1.84523260029	0.816612890285	0.415968501692	0.458460009667	0.66266858869	0.779891517641	0.867843305945	0.693327448043	0.0	0.259889250846	1.21889265829	0.948706529725	0.583070463992	0.654070526825	0.581321599807	0.884542479459	0.664702580957	1.24780985984	1.16160378444	0.673767037216	0.74140142581	0.637278622523	1.28339897052	1.03931486225	1.08950947801	1.10364103915	1.12060464476	1.17880977284	0.8086960174	0.827451768971	0.831091628806	0.869144538424	0.58950182697	1.19428360561	0.682938670855	1.00571514741	0.527917037216	1.04415927501
AA6	0.788554523925	0.598506065732	2.35828352344	1.15624941034	0.961236950217	0.393199067182	1.15031916868	0.383938767521	0.366953020783	0.860988873852	0.4794440261	0.761196094732	0.528038264862	2.00261216046	0.680543968101	0.691771503142	0.555281807637	0.497450850652	1.90502146931	1.34521326728	0.897696689222	0.6084120058	0.538316529724	0.487258936684	1.8216799855	0.805352957951	0.469303919768	0.491452179797	0.727947554374	0.79962618173	0.871156906718	0.68328637506	0.259889250846	0.0	1.10506536974	0.849646520058	0.549746384727	0.658117341711	0.510335838569	0.842394543258	0.581339478009	1.30965455776	1.20934412276	0.658917680039	0.570733170614	0.481940004833	1.1878378492	0.950511314645	0.967257230546	0.97465638956	1.03180675205	1.07980875785	0.701679487675	0.737788704688	0.756239342678	0.763457182214	0.595509289512	1.08779974867	0.684794939584	0.880857071049	0.467189275012	0.9506839826
AB5	1.08571311745	0.903797158047	2.52907662639	1.38198970517	0.817187443209	1.01220096665	1.19111126631	1.09326059932	1.21784157081	1.00668739971	1.19050878685	0.791151894635	1.02427046883	2.18748340744	1.00780481392	1.01393673755	1.24587250362	1.18351529241	1.87587605123	1.40722891252	1.29579560174	1.14400371677	1.37110656839	1.32529140164	1.70445365877	1.10067914935	1.18573327211	1.18654454809	1.26426089899	1.25192639923	1.18948243113	1.17773828903	1.21889265829	1.10506536974	0.0	0.350453252779	0.99968340261	1.04984026583	0.983139178347	0.837894093765	0.88181381827	1.54442546641	1.45122852586	0.974055461576	1.01369335911	1.01321291445	0.843683847269	0.954049328178	0.719035862736	0.75475040116	1.06087661672	0.960349188014	0.830451285645	0.914060309328	0.953587090382	0.866727288545	1.04196120348	0.886757655872	1.01758707588	0.824187254712	1.02125782504	0.928919038183
AB6	0.89963817303	0.664848883519	2.48315251812	1.27441929435	0.750831735138	0.755024842919	1.07855327695	0.82022921218	0.952148704688	0.891631063316	0.955286350894	0.568728182697	0.773191367811	2.13872560174	0.782358501692	0.793383359111	1.03795749154	0.975827394877	1.86864280812	1.35217495408	1.14670539391	0.907850057999	1.13328009183	1.07534193813	1.7283278492	0.909670604157	0.952233823103	0.945457394877	1.02043340744	1.03630291928	1.01279340261	0.962433552441	0.948706529725	0.849646520058	0.350453252779	0.0	0.773532305462	0.803298303528	0.771333571774	0.756651938134	0.667305495408	1.4378757709	1.34075992267	0.729148907685	0.80182677622	0.799274064766	0.779080029	0.732697245046	0.586434876752	0.567299545674	0.852513088449	0.770442141131	0.620251005317	0.714994055099	0.758859685839	0.667186215563	0.80502919768	0.727419154181	0.780835833736	0.592987747704	0.810393765104	0.711883968101
AC5	0.889783827936	0.693360396327	2.61208660222	1.37718073465	0.975427655872	0.525936471725	1.27257648623	0.551496926051	0.540648936684	0.953728356694	0.449465877235	0.770133315611	0.706044833253	2.26168629773	0.859703992267	0.804214465926	0.538957433543	0.504468999517	2.00199878685	1.46229213146	1.13881874335	0.775995848236	0.601977375544	0.583399096182	1.90673321411	0.897921198647	0.545109608507	0.635915374577	0.909006930884	1.00649881102	0.792194079265	0.689465045916	0.583070463992	0.549746384727	0.99968340261	0.773532305462	0.0	0.795256679555	0.422366553891	0.909793562107	0.687147912035	1.59413032866	1.48084472692	0.800216437893	0.498141285645	0.450877109715	1.00384062832	0.748505983567	0.935402919285	0.87150262929	0.815631000483	0.859202324795	0.584018854519	0.544366940551	0.565578332528	0.589877235379	0.735849565007	0.903795490575	0.798454403093	0.759565853069	0.556826080232	0.747324838086
AC6	0.769184635089	0.555482788787	1.97927214596	0.771102150797	0.710669458676	0.636714765587	0.719199294345	0.530240720155	0.749821314645	0.478658830353	0.870612609956	0.60616221363	0.624025746738	1.63298164331	0.517321338811	0.637741517641	0.864844842919	0.832006442726	1.4934477912	0.938864132431	0.757662846786	0.669687056549	0.855270294828	0.786480338328	1.49088570807	0.650433856936	0.7513659884	0.716327240213	0.516838342194	0.49451940551	0.958098124698	0.86153022233	0.654070526825	0.658117341711	1.04984026583	0.803298303528	0.795256679555	0.0	0.759424490092	0.661898052199	0.594393562107	0.840071454809	0.725831169647	0.277705335911	0.995783281779	0.938625157081	1.13709651522	1.06261322861	0.940906036733	0.988918719188	1.16529364427	1.11531881102	0.827889782504	0.883050241663	0.927026031899	0.881116457226	0.634815108748	1.07862854519	0.629538226196	0.975382551957	0.701403136781	1.03146284195
AD6	0.744093494442	0.534083267279	2.50419480909	1.19618264862	0.84292838086	0.384328371194	1.16790526341	0.43380182697	0.55706881102	0.832605321411	0.475937660706	0.677586713388	0.540011860802	2.14687130498	0.723953368777	0.635394765587	0.501133131948	0.456318965684	1.87674105848	1.36102455292	1.04826613823	0.691894465926	0.642467322378	0.598426094732	1.80633114548	0.80017181247	0.528151454809	0.528295287579	0.781648680522	0.874483731271	0.763520169164	0.600897738038	0.581321599807	0.510335838569	0.983139178347	0.771333571774	0.422366553891	0.759424490092	0.0	0.751814625423	0.435644973417	1.47331650556	1.37359846303	0.729444876752	0.655820570324	0.590004340261	0.888966476559	0.65106260029	0.852960908652	0.769316848719	0.743101701305	0.785458951184	0.476055258579	0.462643383277	0.489392967617	0.498086940551	0.545386829386	0.791011430643	0.639402725955	0.690314736588	0.36094738521	0.656024741421
AE5	0.582693136781	0.560993649106	2.30232519091	0.993953107782	0.65597582407	0.772140115998	0.821466800387	0.722712682455	0.983810821653	0.583255084582	1.0246640406	0.633276950217	0.691117158047	1.94546903335	0.642848767521	0.505912223296	0.914278032866	0.867523286612	1.50377073465	1.06011807637	0.99623222813	0.81393702755	1.05522756404	0.986978284195	1.35697446109	0.654211106815	0.867084146931	0.83246820203	0.854923711938	0.83423482842	0.951193218946	0.847871851136	0.884542479459	0.842394543258	0.837894093765	0.756651938134	0.909793562107	0.661898052199	0.751814625423	0.0	0.384099724505	1.21595209763	1.11220666989	0.603207216046	1.12176101498	1.08887739971	0.877735630739	0.864734132431	0.752326698888	0.734377573707	1.00297779604	0.912995983567	0.632837858869	0.69658741421	0.753644557757	0.642355031416	0.584352493958	0.853555181247	0.527154122765	0.783739337844	0.716629096182	0.84094219913
AE6	0.531264751087	0.387118013533	2.37036019816	1.05831066699	0.701865853069	0.520408994683	0.951043199613	0.505223649106	0.711186360561	0.645331599807	0.763204374094	0.569176471725	0.459340246496	2.01380887385	0.541906636056	0.409028902852	0.709038356694	0.662149207347	1.6296238956	1.16680855969	0.957621657806	0.676793600773	0.849012141131	0.773128506525	1.56359607057	0.64421860319	0.66116059449	0.638015650072	0.723635055582	0.761561309812	0.822134229096	0.696127709038	0.664702580957	0.581339478009	0.88181381827	0.667305495408	0.687147912035	0.594393562107	0.435644973417	0.384099724505	0.0	1.30042662156	1.19610943934	0.545097167714	0.868551333978	0.825864596423	0.842930057999	0.699520575157	0.720394523925	0.652016128565	0.840030831319	0.784351213146	0.459504030933	0.498358506525	0.537786843886	0.487227322378	0.441857254712	0.755988738521	0.435547583374	0.625136578057	0.455033711938	0.685820077332
AF5	1.26487330594	1.20918660706	1.31512445143	0.575667051716	1.15493397293	1.3357117883	0.815885152247	1.21826700338	1.32013476075	0.936745277912	1.50359868052	1.20521787337	1.26907879652	0.982600889319	1.09553836153	1.22327853069	1.44568146931	1.4765858724	0.994995930401	0.690932426293	1.15730942001	1.1804301595	1.38630841953	1.33623003383	1.46194286612	1.18314475109	1.32746302078	1.25197813436	0.967278757854	0.928886462059	1.46677461576	1.39798400677	1.24780985984	1.30965455776	1.54442546641	1.4378757709	1.59413032866	0.840071454809	1.47331650556	1.21595209763	1.30042662156	0.0	0.165878641856	0.948879797003	1.70233687289	1.64418555341	1.70340139681	1.6640798985	1.51706768004	1.60125893185	1.76250485742	1.74611958434	1.50310952151	1.55928906235	1.589419855	1.54633491058	1.22698891252	1.70489553407	1.20245400193	1.60876116965	1.38245151764	1.65173817303
AF6	1.17540072499	1.11048437893	1.40415138714	0.514826921218	1.06809092315	1.23175333011	0.748046839053	1.11811034316	1.24418611406	0.840162063799	1.41332180764	1.11431305462	1.17581685839	1.07056727405	1.00457614306	1.12172868536	1.36088710005	1.38889473175	1.01941922185	0.647563122281	1.10860957951	1.10408064282	1.30510659739	1.25175752054	1.44057879169	1.09463978734	1.24302742388	1.16424555341	0.877288090865	0.851328206863	1.38734259546	1.31781948768	1.16160378444	1.20934412276	1.45122852586	1.34075992267	1.48084472692	0.725831169647	1.37359846303	1.11220666989	1.19610943934	0.165878641856	0.0	0.839323842436	1.60031724505	1.53814664089	1.61371933301	1.56997107782	1.42940550024	1.51418493958	1.66518628323	1.65311718221	1.40048099082	1.46225851136	1.49311877719	1.44700260996	1.1171077187	1.6120020928	1.09375603673	1.52146421943	1.28338976317	1.55680513775
AG5	0.725625292412	0.474892049299	2.06673721121	0.819102479459	0.593818013533	0.618066123731	0.744818637023	0.53630537941	0.742879855002	0.47383737071	0.854348550024	0.506904639923	0.561726143064	1.71633153214	0.460969497342	0.593911938134	0.861799787337	0.813322991783	1.51655063316	0.961260352827	0.754838361527	0.679435582407	0.919381498308	0.848584001933	1.44216234413	0.617604277429	0.763722682455	0.726190526825	0.559839743838	0.526102141131	0.947921894635	0.845606114065	0.673767037216	0.658917680039	0.974055461576	0.729148907685	0.800216437893	0.277705335911	0.729444876752	0.603207216046	0.545097167714	0.948879797003	0.839323842436	0.0	0.986661735138	0.940182479459	1.05468511841	0.995801077815	0.840057626873	0.893712039633	1.11688781537	1.05748413726	0.74021242146	0.802262063799	0.868268970517	0.79104142581	0.617404949251	1.01148276462	0.609062576124	0.875919719671	0.656610715321	0.97268857419
