	AA3	AA4	AB3	AB4	AC3	AC4	AD3	AD4	AE3	AE4	AF3	AF4	AG3	AG4	AH3	AH4	AA7	AA8	AB7	AB8	AC7	AC8	AD7	AD8	AE7	AE8	AF7	AF8	AG7	AG8	AH7	AH8	AA5	AA6	AB5	AB6	AC5	AC6	AD6	AE5	AE6	AF5	AF6	AG5	AH5	AH6	AA1	AA2	AB1	AB2	AC1	AC2	AD1	AD2	AE1	AE2	AF1	AF2	AG1	AG2	AH1	AH2
AA3	0.0	0.515852344128	2.2537117738	0.944536877719	0.847490570324	0.768964441759	0.872969250846	0.754116070565	0.901531097148	0.670338182697	0.945113953601	0.737488685355	0.712948738521	1.93471914451	0.723711097148	0.266194944418	0.801317742871	0.766951488642	1.45149664572	1.05230735138	0.805146684389	0.660098240696	0.883792721121	0.851399971	1.3538161769	0.594001638473	0.809580768487	0.654579009183	0.708498724021	0.67490897535	0.765393218946	0.673459681005	0.846816138231	0.814609342678	1.06066686322	0.891702832286	0.976364180764	0.775080333494	0.777107675205	0.550877858869	0.564471730304	1.19910211213	1.14225957951	0.692250836153	1.11072351377	1.03992791687	0.956891865636	0.942072484292	0.887953049783	0.81388881102	1.03947781054	0.955565833736	0.637206868052	0.717852165297	0.776658211696	0.715516689222	0.563385471242	0.8522639971	0.516849956501	0.899634562591	0.675418893185	0.943525625906
AA4	0.515852344128	0.0	2.24068078299	0.832554461092	0.639391942968	0.571091121315	0.846706901885	0.499872542291	0.687891947801	0.551407665539	0.780834349927	0.476804142098	0.429341101982	1.91791769454	0.296760115998	0.30889659739	0.646899279845	0.655727912035	1.52165394877	1.0512819478	0.820333750604	0.61440118898	0.804972286129	0.794209772837	1.48221625423	0.579379840503	0.685431952634	0.605401358144	0.630346176897	0.655343011116	0.84557520058	0.723901498308	0.60822720638	0.599574717255	0.931755118415	0.698292353794	0.821738835186	0.503010425326	0.605577699372	0.461821996133	0.39691702755	1.12679423393	1.06186012083	0.435781101982	0.946627071049	0.842015543741	0.956255857902	0.864755838569	0.746559864669	0.739001213146	0.974807496375	0.902359589174	0.599927912035	0.66115362494	0.730634451426	0.668535316578	0.418930913485	0.837708453359	0.423378482359	0.781712725955	0.475295335911	0.840345190913
AB3	2.2537117738	2.24068078299	0.0	1.50365266312	2.21096929435	2.3979960609	1.91345933301	2.32611356694	2.35002950217	2.09958590623	2.51424875302	2.26060869502	2.34757747704	0.373153692605	2.12308693088	2.2863061769	2.48759259062	2.49501527791	1.16594837119	1.44382163847	1.98536526341	2.19926264862	2.41490001933	2.38734654422	1.91819364427	2.19798082649	2.42781596423	2.29034262446	1.8939480232	1.81768750604	2.45248431609	2.45612344128	2.29017542291	2.37631066699	2.54977954567	2.49019062349	2.65505439826	1.9983258144	2.54021136781	2.32031079265	2.39134251812	1.3596078927	1.41748700338	2.09316974384	2.74133200097	2.63967185114	2.64362649106	2.70217034799	2.53797273079	2.60734101015	2.76819381827	2.73921524891	2.55204723538	2.60871775254	2.65238128565	2.61998068149	2.3489080812	2.66109322861	2.3214422523	2.64867803287	2.40405940551	2.70348245529
AB4	0.944536877719	0.832554461092	1.50365266312	0.0	0.911960410826	1.00279647656	0.741699874335	0.987586858386	1.10756782987	0.773031947801	1.17373954084	0.905497588207	0.874301556307	1.16508965201	0.758631184147	0.896180792653	1.1358938666	1.13441463026	1.01881485742	0.528501377477	0.892245031416	0.899778221363	1.10564051232	1.0734499855	1.30412350411	0.902154804253	1.11800947801	0.971073189947	0.626722870952	0.578379192847	1.24232805703	1.16021857902	1.0325441421	1.05848729338	1.33129477042	1.20113235379	1.36944790237	0.721150318995	1.15555224746	0.953000884485	0.997680604157	0.594951778637	0.548057124215	0.774773919768	1.41367015466	1.32282411793	1.36448058482	1.36527323828	1.23332094732	1.26412305945	1.45398362977	1.40646533108	1.16582088449	1.24575891252	1.31255763171	1.2432178782	0.990088467859	1.33778034316	0.963303218946	1.29756570807	1.01825162397	1.35375064282
AC3	0.847490570324	0.639391942968	2.21096929435	0.911960410826	0.0	0.811590526825	0.872261909135	0.838524871919	0.973744180764	0.662164103432	1.07281934268	0.292639217013	0.788655451909	1.89164619623	0.639653450942	0.73688737071	0.981526109232	1.0003219333	1.46575324795	1.07641739004	1.03404943451	0.988589526341	1.21498533108	1.20450533108	1.3459417013	0.81033258579	1.07548267762	1.01152232963	0.878701338811	0.889595940068	1.17683746738	1.07072640406	0.951397390043	0.95910879652	0.790032397293	0.70520139681	0.984159980667	0.679954374094	0.8499279797	0.649699719671	0.687430410826	1.11510159497	1.07988385694	0.628789690672	1.13095843403	1.06247912518	0.833088158531	0.933203847269	0.691029478009	0.775113455776	1.04993697438	0.968516839053	0.761591657806	0.806047887869	0.866965650072	0.789686727888	0.814394523925	0.877819265346	0.798243146448	0.880767404543	0.803871097148	0.927835065249
AC4	0.768964441759	0.571091121315	2.3979960609	1.00279647656	0.811590526825	0.0	1.1100257854	0.317408303528	0.442836892218	0.79431439826	0.344769453842	0.580892489125	0.440511324311	2.07397086515	0.719906848719	0.657202508458	0.489477158047	0.503122348961	1.81437448526	1.31417241179	0.892275804737	0.585447486709	0.574717472209	0.572166491058	1.74292807153	0.763974886419	0.506668931851	0.500293040116	0.670365524408	0.767437100048	0.795358743354	0.638088646689	0.430413368777	0.374913852102	1.04063286129	0.776605176414	0.579393504108	0.627747481875	0.434494262929	0.72934102465	0.506955321411	1.29875748671	1.24077691638	0.56650300145	0.700917950701	0.579141367811	1.06189659739	0.886170913485	0.860515896568	0.826081981634	0.916442609957	0.949160231996	0.619674354761	0.684240144998	0.704533441276	0.705182068632	0.561760758821	0.940472460126	0.640798438859	0.796302165297	0.36869098115	0.835767022716
AD3	0.872969250846	0.846706901885	1.91345933301	0.741699874335	0.872261909135	1.1100257854	0.0	0.987945079749	1.24886503625	0.411553475109	1.32889695022	0.894467254712	1.03314334461	1.59306864669	0.742768400193	0.869222580957	1.21642934268	1.2046218318	1.30021947801	0.816362131464	0.857443823103	0.936259903335	1.25734289995	1.2183140841	1.23229226196	0.866677104882	1.2017839971	1.04242532141	0.835198472692	0.747043359111	1.15864794103	1.09304463026	1.15729985984	1.10823167231	1.20357876269	1.07211126148	1.29431226196	0.717540256162	1.15084538424	0.832546578057	0.93631680522	0.782785717738	0.703036660222	0.740838376027	1.3813557419	1.30093728371	1.30486721605	1.35760123248	1.12881972934	1.17815217496	1.45718539874	1.39141413726	1.13533949251	1.21745400193	1.25946234896	1.19986130981	0.976055969067	1.27354458676	0.945760831319	1.23058420976	1.10246712905	1.33368265829
AD4	0.754116070565	0.499872542291	2.32611356694	0.987586858386	0.838524871919	0.317408303528	0.987945079749	0.0	0.294487448043	0.652401242146	0.46202257129	0.662026544224	0.47916300145	2.00371456742	0.607826529725	0.635864731754	0.489483963267	0.505704958917	1.79459649589	1.29185885935	0.869134789753	0.532801329145	0.526245766071	0.519837510875	1.76762244563	0.769298898018	0.451962542291	0.425376906718	0.612174475592	0.730272866119	0.814844465926	0.654577675205	0.287983247946	0.289939023683	1.07259678589	0.804099492508	0.590122368294	0.562538849686	0.463215509908	0.704501536974	0.520052344128	1.2131459449	1.14730058966	0.505345766071	0.710975244079	0.56127237796	1.11291101982	0.928617467376	0.923309294345	0.900777061382	0.958042455292	0.993208506525	0.679700067666	0.686903392943	0.723683262446	0.734727133881	0.493604818753	1.00163793137	0.600863107782	0.856241807637	0.424272411793	0.887079357177
AE3	0.901531097148	0.687891947801	2.35002950217	1.10756782987	0.973744180764	0.442836892218	1.24886503625	0.294487448043	0.0	0.912013146448	0.354063755437	0.794477278879	0.59851101015	2.03627484292	0.763908042533	0.812657061382	0.496277791203	0.53384037216	1.94060811986	1.45003141131	1.01037840019	0.68140080232	0.474885848236	0.467584562591	1.92696768004	0.938221068149	0.436622875785	0.538941880135	0.729628245529	0.878160700822	0.9144640261	0.774982339294	0.260516495892	0.356550657322	1.1952619333	0.937654325761	0.572543716771	0.73254537941	0.58355742871	0.911215567907	0.707801290478	1.28090098115	1.22702068149	0.684619739004	0.790347361044	0.606243151281	1.23664866602	1.03235330594	1.06380926051	1.03495057032	1.05670798937	1.1093838231	0.80487918318	0.813742450459	0.835341140648	0.865336679555	0.657369250846	1.13073296762	0.765633562107	0.982732919285	0.56418020783	1.00363416143
AE4	0.670338182697	0.551407665539	2.09958590623	0.773031947801	0.662164103432	0.79431439826	0.411553475109	0.652401242146	0.912013146448	0.0	1.00207405993	0.599674233929	0.7457020203	1.77666855002	0.49600160464	0.601734905752	0.897023368777	0.882247032383	1.43903501208	0.959522131464	0.73051738521	0.671420009667	0.936610961817	0.912611367811	1.34791003867	0.586473914935	0.872676041566	0.738328956017	0.594097119381	0.590272667956	0.939195287579	0.850085828903	0.826410512325	0.795283233446	0.971873832769	0.830548313195	0.970880459159	0.478449468342	0.823470507492	0.559964151764	0.619271072982	0.937606839053	0.871458748188	0.463729637506	1.09349530691	1.00878462059	1.05187446593	1.10348445143	0.899920686322	0.947813557274	1.21799824553	1.15471130498	0.886370135331	0.918479927501	0.968732953117	0.927337713871	0.68689258579	1.04032152247	0.660249279845	0.998354040599	0.787313827936	1.07454197197
AF3	0.945113953601	0.780834349927	2.51424875302	1.17373954084	1.07281934268	0.344769453842	1.32889695022	0.46202257129	0.354063755437	1.00207405993	0.0	0.849110952151	0.638504683422	2.19307791203	0.912465205413	0.859473006283	0.456811048816	0.456299536008	1.9964399565	1.49486350894	1.06607011116	0.768292058966	0.370411923635	0.386152542291	1.97127542774	0.982013977767	0.420124775254	0.619402783954	0.816069768004	0.929343383277	0.827663431609	0.714094523925	0.448231928468	0.472534731754	1.19916859836	0.986973798937	0.50394420493	0.821046853552	0.531191623973	0.93796038666	0.710086379894	1.44615702272	1.38811969067	0.771743552441	0.723126486225	0.567770637989	1.21873330111	1.00633802803	1.10536873369	1.02559623973	1.03084590623	1.06088911551	0.787231551474	0.780825577574	0.795535152247	0.818848090865	0.75285517158	1.06693508942	0.849217433543	0.9560160174	0.528620521991	0.953558786854
AF4	0.737488685355	0.476804142098	2.26060869502	0.905497588207	0.292639217013	0.580892489125	0.894467254712	0.662026544224	0.794477278879	0.599674233929	0.849110952151	0.0	0.600588057032	1.93907833736	0.531499656839	0.59595462059	0.839101923635	0.854490381827	1.56242123248	1.07913249879	0.91357557274	0.812422576124	1.03054259546	1.02047679555	1.43579093282	0.649978221363	0.909712257129	0.848069956501	0.773678738521	0.76971239246	1.03643591107	0.940727602707	0.779194393427	0.773550807153	0.806136128565	0.598086355727	0.833323847269	0.577301507975	0.707301493475	0.554463963267	0.556601739971	1.12325831803	1.09054569357	0.523696331561	0.965231996133	0.886697723538	0.839684465926	0.839556510391	0.636913895602	0.687263102948	0.963784552924	0.897657438376	0.643433204447	0.713795978734	0.773336399227	0.702300473659	0.685175055582	0.808688922185	0.686708279362	0.776142841953	0.635338994683	0.822336031899
AG3	0.712948738521	0.429341101982	2.34757747704	0.874301556307	0.788655451909	0.440511324311	1.03314334461	0.47916300145	0.59851101015	0.7457020203	0.638504683422	0.600588057032	0.0	2.00751947318	0.530929047849	0.560202493958	0.532669149348	0.560219163847	1.72819674239	1.22474638473	0.911097849203	0.609549231513	0.707520744321	0.705344765587	1.62452012083	0.695281348478	0.581175384244	0.551805949734	0.670739439343	0.767542943451	0.82712142581	0.694359719671	0.561168666022	0.512333953601	0.995539739004	0.749072566457	0.744343707105	0.618338661189	0.535473504108	0.647460091832	0.47259459159	1.25336865636	1.19716842436	0.552356239729	0.850919608507	0.745972179797	0.977069980667	0.803401097148	0.802035630739	0.775944364427	0.910689710005	0.86414897535	0.550464780087	0.61783320928	0.702659642339	0.630805727405	0.44561239246	0.878161126148	0.510335244079	0.751338709522	0.367528318028	0.788761101982
AG4	1.93471914451	1.91791769454	0.373153692605	1.16508965201	1.89164619623	2.07397086515	1.59306864669	2.00371456742	2.03627484292	1.77666855002	2.19307791203	1.93907833736	2.00751947318	0.0	1.80902465442	1.9644601305	2.17278240696	2.17797833736	0.915355915901	1.131939884	1.66940893185	1.87998577574	2.09834439343	2.06990338811	1.66447602707	1.88096133398	2.11141928468	1.97085993233	1.58580716771	1.5008499275	2.15289475109	2.13935069599	1.97657966167	2.05326419526	2.24211323828	2.17364121315	2.3467239826	1.68699453842	2.21852713871	2.0014040116	2.07221419043	1.06259006283	1.12168167231	1.77841627356	2.42388815853	2.31945901885	2.32115969067	2.37784527791	2.21626690672	2.2813877912	2.45266016433	2.42031067182	2.23154727888	2.28611925568	2.33615015466	2.29762856452	2.02920427743	2.34185515708	2.00365653456	2.323820116	2.08351364911	2.38160833736
AH3	0.723711097148	0.296760115998	2.12308693088	0.758631184147	0.639653450942	0.719906848719	0.742768400193	0.607826529725	0.763908042533	0.49600160464	0.912465205413	0.531499656839	0.530929047849	1.80902465442	0.0	0.526136133398	0.756123668439	0.788599424843	1.48933932334	1.01384923635	0.845510628323	0.729201884969	0.91780041566	0.899137680039	1.44820841469	0.686728414693	0.791466761721	0.716685041083	0.640738714355	0.651186703722	0.994422518125	0.88855020783	0.691899318511	0.708284625423	1.00063131948	0.801467588207	0.950082566457	0.459991343644	0.764662290962	0.571795384244	0.572622373127	0.988314572257	0.908370860319	0.443141295312	1.07268732238	0.968035292412	1.01898249879	0.955290231996	0.845488061866	0.862077278879	1.05709058966	1.00730922668	0.765761851136	0.812701677139	0.865695389077	0.805992687289	0.568760956984	0.942857056549	0.572201488642	0.887940478492	0.628058670855	0.929870410826
AH4	0.266194944418	0.30889659739	2.2863061769	0.896180792653	0.73688737071	0.657202508458	0.869222580957	0.635864731754	0.812657061382	0.601734905752	0.859473006283	0.59595462059	0.560202493958	1.9644601305	0.526136133398	0.0	0.695267757371	0.68937102465	1.49525236346	1.06928483809	0.833966974384	0.634778414693	0.825704195263	0.814645857902	1.40432291445	0.535040884485	0.725554987917	0.623377733204	0.694299487675	0.689256089898	0.772344403093	0.661534045433	0.7465159739	0.68796322378	0.952967452876	0.747151087482	0.874213518608	0.653153392943	0.654474644756	0.447934166264	0.420128037699	1.19154238279	1.13300023683	0.569946737554	0.969816428226	0.895432363461	0.912349603673	0.854117878202	0.760266128565	0.70275362494	0.965047641373	0.888160681489	0.573775799903	0.644964847753	0.70254500725	0.627197423876	0.427666911551	0.796912696955	0.406773310778	0.766736350894	0.565506810053	0.837490459159
AA7	0.801317742871	0.646899279845	2.48759259062	1.1358938666	0.981526109232	0.489477158047	1.21642934268	0.489483963267	0.496277791203	0.897023368777	0.456811048816	0.839101923635	0.532669149348	2.17278240696	0.756123668439	0.695267757371	0.0	0.142903924601	1.83087287095	1.36687299178	0.994098753021	0.65267641856	0.437842672789	0.445265089415	1.7913260029	0.833429308845	0.339675911068	0.419442948284	0.743288859352	0.881540521991	0.664667694538	0.447899134848	0.436784871919	0.47199499275	1.18777030933	0.961387892702	0.563063876269	0.81218962784	0.491781048816	0.862554287095	0.67904060899	1.41543942001	1.35739857902	0.751699424843	0.79079499275	0.623757346544	1.12007849203	0.915352943451	1.04181262929	0.959581836636	0.929545722571	0.968184088932	0.683749192847	0.683221130981	0.719171140648	0.711087820203	0.498957878202	0.973095466409	0.582958284195	0.921182416626	0.480627704205	0.881362982117
AA8	0.766951488642	0.655727912035	2.49501527791	1.13441463026	1.0003219333	0.503122348961	1.2046218318	0.505704958917	0.53384037216	0.882247032383	0.456299536008	0.854490381827	0.560219163847	2.17797833736	0.788599424843	0.68937102465	0.142903924601	0.0	1.81537291928	1.35292254229	0.966246892218	0.624027921701	0.403608279362	0.413123204447	1.75889823103	0.801644050266	0.328268661189	0.391696674722	0.733518680522	0.861789250846	0.595932924118	0.388628695022	0.479079139681	0.501491996133	1.19518141614	0.98689459159	0.548868226196	0.839058356694	0.507710318995	0.855530768487	0.680960589657	1.42483904302	1.36726440793	0.764492319961	0.782113600773	0.623725205413	1.13442448526	0.921803325278	1.0554199565	0.973006766554	0.926759816336	0.961287481875	0.69348381827	0.688823315611	0.712600246496	0.715867104882	0.529548753021	0.984691213146	0.607681242146	0.934406602223	0.488059768004	0.887896283229
AB7	1.45149664572	1.52165394877	1.16594837119	1.01881485742	1.46575324795	1.81437448526	1.30021947801	1.79459649589	1.94060811986	1.43903501208	1.9964399565	1.56242123248	1.72819674239	0.915355915901	1.48933932334	1.49525236346	1.83087287095	1.81537291928	0.0	0.57543019333	1.47725973417	1.59411008217	1.90149617206	1.87082382794	1.11048149348	1.45070214113	1.84808804737	1.66779666989	1.34315179314	1.21745376994	1.71900734171	1.69999872402	1.83714184147	1.85688495408	1.84704609957	1.79731708072	1.9929257854	1.45979927018	1.84914312228	1.52386884969	1.63301318028	0.978057752537	1.02257834219	1.51536726921	2.12341783954	2.05922318995	1.90416338811	1.98765068632	1.79085658772	1.83792228613	2.07197514258	2.00352678105	1.81682966167	1.86019491058	1.90688118898	1.8524359449	1.6525881682	1.92404531174	1.60958946351	1.91037138231	1.75801057032	1.98201089415
AB8	1.05230735138	1.0512819478	1.44382163847	0.528501377477	1.07641739004	1.31417241179	0.816362131464	1.29185885935	1.45003141131	0.959522131464	1.49486350894	1.07913249879	1.22474638473	1.131939884	1.01384923635	1.06928483809	1.36687299178	1.35292254229	0.57543019333	0.0	0.99497277912	1.10133843886	1.39861604157	1.36860124215	1.13618934751	0.983242252296	1.35093702272	1.16981088449	0.820596814886	0.705353291445	1.29807623973	1.27692530208	1.35054451426	1.35929739004	1.44044766071	1.3371560319	1.52226223296	0.974307559207	1.397249797	1.08706854519	1.18409304978	0.670465055582	0.677121121315	1.02151148864	1.65512846786	1.57786130981	1.5485381537	1.57169330111	1.39440359111	1.42383449009	1.66331665539	1.61547294345	1.39441840503	1.43650300628	1.48475867086	1.43883928468	1.20703612856	1.53743752537	1.18239830353	1.47865317545	1.26414873852	1.55631845819
AC7	0.805146684389	0.820333750604	1.98536526341	0.892245031416	1.03404943451	0.892275804737	0.857443823103	0.869134789753	1.01037840019	0.73051738521	1.06607011116	0.91357557274	0.911097849203	1.66940893185	0.845510628323	0.833966974384	0.994098753021	0.966246892218	1.47725973417	0.99497277912	0.0	0.464397307878	0.955248956017	0.921554601257	1.40140247463	0.711083682939	0.961474596423	0.771704775254	0.574468666022	0.535886631223	0.864561169647	0.812871343644	0.906321691638	0.87843361044	1.25088454809	1.14324005317	1.17496173997	0.77014860319	1.0283418318	0.927383383277	0.941358405027	1.11926777187	1.0643338231	0.724969961334	1.13026865152	1.01671711455	1.43568534558	1.42171023683	1.22643361527	1.22916237796	1.51546313195	1.4591098985	1.08025039149	1.18064759787	1.2337622958	1.18528316095	0.924329091348	1.35783521508	0.889676892218	1.26511857902	0.934929734171	1.39414928468
AC8	0.660098240696	0.61440118898	2.19926264862	0.899778221363	0.988589526341	0.585447486709	0.936259903335	0.532801329145	0.68140080232	0.671420009667	0.768292058966	0.812422576124	0.609549231513	1.87998577574	0.729201884969	0.634778414693	0.65267641856	0.624027921701	1.59411008217	1.10133843886	0.464397307878	0.0	0.635540396327	0.615896935718	1.53157321895	0.626859705172	0.5482379942	0.364165224746	0.463836133398	0.554107583374	0.634465137748	0.51992882552	0.583759975834	0.563797336878	1.11561371677	0.879243711938	0.82465362494	0.634224722088	0.695280173997	0.772508250362	0.685123871435	1.15554161914	1.09803934751	0.581419449009	0.887900111165	0.758560628323	1.26430404543	1.08595760754	1.04218578057	1.00749503625	1.16705397293	1.14257953117	0.787034291928	0.844674233929	0.895770971484	0.857108675689	0.54924860319	1.11877522958	0.582646930884	0.951600362494	0.589389468342	1.05520469792
AD7	0.883792721121	0.804972286129	2.41490001933	1.10564051232	1.21498533108	0.574717472209	1.25734289995	0.526245766071	0.474885848236	0.936610961817	0.370411923635	1.03054259546	0.707520744321	2.09834439343	0.91780041566	0.825704195263	0.437842672789	0.403608279362	1.90149617206	1.39861604157	0.955248956017	0.635540396327	0.0	0.133946988884	1.8741598695	0.849322382794	0.330804915418	0.45212242146	0.683550130498	0.81544178347	0.716614987917	0.574813204447	0.47182297245	0.516733325278	1.33387067182	1.11628397293	0.634808318028	0.864314707588	0.664257612373	0.993792870952	0.842031807637	1.35039384727	1.2930219768	0.829587452876	0.818977017883	0.653430536491	1.34237006767	1.13176738038	1.22546898018	1.17333895118	1.13187783954	1.18866510875	0.911404422426	0.879022943451	0.901246988884	0.93202178347	0.71011839536	1.21295368294	0.784766573224	1.10163792653	0.625637733204	1.08461716771
AD8	0.851399971	0.794209772837	2.38734654422	1.0734499855	1.20450533108	0.572166491058	1.2183140841	0.519837510875	0.467584562591	0.912611367811	0.386152542291	1.02047679555	0.705344765587	2.06990338811	0.899137680039	0.814645857902	0.445265089415	0.413123204447	1.87082382794	1.36860124215	0.921554601257	0.615896935718	0.133946988884	0.0	1.81352064282	0.814653740938	0.326509159014	0.427480778154	0.640737699372	0.780846829386	0.699333383277	0.56702879652	0.475262885452	0.516855954567	1.34664329628	1.12214852586	0.652455722571	0.85795542291	0.668617235379	0.989111111648	0.833686500725	1.32768176414	1.26662609473	0.818119690672	0.839538612856	0.670793620106	1.34115655389	1.13015502658	1.22490441759	1.1671958289	1.13921367327	1.19499624456	0.915386317061	0.886504625423	0.912541314645	0.93926338811	0.711150865152	1.21814472209	0.786382590623	1.0990042291	0.62514037216	1.08271859836
AE7	1.3538161769	1.48221625423	1.91819364427	1.30412350411	1.3459417013	1.74292807153	1.23229226196	1.76762244563	1.92696768004	1.34791003867	1.97127542774	1.43579093282	1.62452012083	1.66447602707	1.44820841469	1.40432291445	1.7913260029	1.75889823103	1.11048149348	1.13618934751	1.40140247463	1.53157321895	1.8741598695	1.81352064282	0.0	1.05981292412	1.83605942001	1.63966831319	1.37528608507	1.3183542581	1.57448590623	1.59317879652	1.83516275495	1.81048836153	1.69659292895	1.69514320445	1.95083357177	1.50853500242	1.80349162397	1.39595505075	1.56006512325	1.4675700145	1.47199409377	1.48520247946	1.99858142098	1.9553282987	1.67336540358	1.8255700435	1.61769304495	1.64029742871	1.94207380377	1.84070144998	1.6533877042	1.70628237796	1.75522851136	1.6898777477	1.61290154181	1.7309137941	1.54076685839	1.76109544708	1.71267648139	1.83547394393
AE8	0.594001638473	0.579379840503	2.19798082649	0.902154804253	0.81033258579	0.763974886419	0.866677104882	0.769298898018	0.938221068149	0.586473914935	0.982013977767	0.649978221363	0.695281348478	1.88096133398	0.686728414693	0.535040884485	0.833429308845	0.801644050266	1.45070214113	0.983242252296	0.711083682939	0.626859705172	0.849322382794	0.814653740938	1.05981292412	0.0	0.838322281295	0.679981913968	0.640786645723	0.614177805703	0.756137283712	0.716241628806	0.84393319478	0.814817080715	1.03964005317	0.869043832769	0.974879323345	0.688566080232	0.848725630739	0.606339284679	0.634109908168	1.15581722571	1.10530407927	0.651977356211	1.0552440696	1.00245996617	1.10072638956	1.08024966651	0.889005920735	0.908374838086	1.17827383277	1.14058678589	0.838019168681	0.873842735621	0.93205520058	0.90120757854	0.69097558724	1.04835712905	0.666238322861	0.962501208313	0.741859072015	1.06118436443
AF7	0.809580768487	0.685431952634	2.42781596423	1.11800947801	1.07548267762	0.506668931851	1.2017839971	0.451962542291	0.436622875785	0.872676041566	0.420124775254	0.909712257129	0.581175384244	2.11141928468	0.791466761721	0.725554987917	0.339675911068	0.328268661189	1.84808804737	1.35093702272	0.961474596423	0.5482379942	0.330804915418	0.326509159014	1.83605942001	0.838322281295	0.0	0.27523078782	0.674414369261	0.814358086032	0.6934260029	0.56876521508	0.41423557274	0.461837892702	1.18603679555	0.951370077332	0.536611290478	0.764782735621	0.559853605607	0.880983334944	0.702245519575	1.37669416143	1.31327246013	0.724887187047	0.800171522475	0.638644074432	1.19551009183	1.00513752537	1.08013928951	1.02858736588	1.00841984534	1.06015931368	0.76426882552	0.767372991783	0.791571469309	0.8110819913	0.564835335911	1.07011347511	0.660995065249	0.96072821653	0.487768893185	0.955189139681
AF8	0.654579009183	0.605401358144	2.29034262446	0.971073189947	1.01152232963	0.500293040116	1.04242532141	0.425376906718	0.538941880135	0.738328956017	0.619402783954	0.848069956501	0.551805949734	1.97085993233	0.716685041083	0.623377733204	0.419442948284	0.391696674722	1.66779666989	1.16981088449	0.771704775254	0.364165224746	0.45212242146	0.427480778154	1.63966831319	0.679981913968	0.27523078782	0.0	0.525536408893	0.658235244079	0.625464079265	0.464941222813	0.45122520058	0.451978105365	1.16520285645	0.925187535041	0.676172624456	0.70823737071	0.574320430159	0.790693484775	0.656283421943	1.22760612856	1.16831811503	0.662387573707	0.854143392943	0.71842117448	1.19478595457	1.00917065249	1.03416055582	1.00408649589	1.02320328661	1.06862735621	0.757563093282	0.776660347994	0.811637201547	0.813755282745	0.495965804737	1.07674201063	0.565779221846	0.95180777187	0.48850658289	0.957764171097
AG7	0.708498724021	0.630346176897	1.8939480232	0.626722870952	0.878701338811	0.670365524408	0.835198472692	0.612174475592	0.729628245529	0.594097119381	0.816069768004	0.773678738521	0.670739439343	1.58580716771	0.640738714355	0.694299487675	0.743288859352	0.733518680522	1.34315179314	0.820596814886	0.574468666022	0.463836133398	0.683550130498	0.640737699372	1.37528608507	0.640786645723	0.674414369261	0.525536408893	0.0	0.219189139681	0.796769023683	0.703861362977	0.633074871919	0.705975906235	1.23076804253	0.975133107782	0.942345901402	0.487103165781	0.811019342678	0.803062382794	0.719912957951	0.912203929435	0.854184393427	0.473846283229	1.07368051716	0.955341343644	1.30674685839	1.15480726438	1.12027113581	1.09875367327	1.23740204447	1.20835677622	0.896793537941	0.932667767037	1.00093893668	0.98563182697	0.694739487675	1.19093726921	0.690344301595	1.0790662784	0.706001628806	1.13265928468
AG8	0.67490897535	0.655343011116	1.81768750604	0.578379192847	0.889595940068	0.767437100048	0.747043359111	0.730272866119	0.878160700822	0.590272667956	0.929343383277	0.76971239246	0.767542943451	1.5008499275	0.651186703722	0.689256089898	0.881540521991	0.861789250846	1.21745376994	0.705353291445	0.535886631223	0.554107583374	0.81544178347	0.780846829386	1.3183542581	0.614177805703	0.814358086032	0.658235244079	0.219189139681	0.0	0.872439526341	0.804895297245	0.774948893185	0.784290990817	1.23230453842	1.02517720155	1.07642616723	0.490260057999	0.914166781054	0.802605732238	0.763741730304	0.850791406477	0.794571541808	0.523559937168	1.12730206863	1.03353323828	1.32402148864	1.26365172547	1.12245633156	1.13594661189	1.35056718221	1.29951006283	0.978258965684	1.02130073465	1.07937203963	1.06111359111	0.780829265346	1.21863147414	0.761368559691	1.16180283229	0.795916046399	1.23611246496
AH7	0.765393218946	0.84557520058	2.45248431609	1.24232805703	1.17683746738	0.795358743354	1.15864794103	0.814844465926	0.9144640261	0.939195287579	0.827663431609	1.03643591107	0.82712142581	2.15289475109	0.994422518125	0.772344403093	0.664667694538	0.595932924118	1.71900734171	1.29807623973	0.864561169647	0.634465137748	0.716614987917	0.699333383277	1.57448590623	0.756137283712	0.6934260029	0.625464079265	0.796769023683	0.872439526341	0.0	0.272133151281	0.876407162881	0.847062580957	1.1653820638	1.02528105848	0.848878559691	0.968217651039	0.763549323345	0.937436317061	0.821773233446	1.44002278395	1.36742941518	0.92100942001	0.956518472692	0.874848704688	1.26999952634	1.08387061382	1.15438033349	1.03202128565	1.1316782697	1.13254353794	0.847560850652	0.838370613823	0.843602112131	0.858085712905	0.737018148864	1.13175042049	0.774285640406	0.985856539391	0.742670826486	1.05555051232
AH8	0.673459681005	0.723901498308	2.45612344128	1.16021857902	1.07072640406	0.638088646689	1.09304463026	0.654577675205	0.774982339294	0.850085828903	0.714094523925	0.940727602707	0.694359719671	2.13935069599	0.88855020783	0.661534045433	0.447899134848	0.388628695022	1.69999872402	1.27692530208	0.812871343644	0.51992882552	0.574813204447	0.56702879652	1.59317879652	0.716241628806	0.56876521508	0.464941222813	0.703861362977	0.804895297245	0.272133151281	0.0	0.720440188497	0.673952832286	1.15040472692	0.965861478975	0.737512368294	0.894349816336	0.596648970517	0.839237433543	0.717600613823	1.39734357177	1.33331871919	0.820355901402	0.847399492508	0.738800328661	1.18060911068	0.991124654422	1.06118335428	0.949332977284	0.993404045433	1.02958243113	0.712614166264	0.733252919285	0.749866563557	0.747061271145	0.599500434993	1.02773159497	0.639569473175	0.902507950701	0.604063272112	0.953033813436
AA5	0.846816138231	0.60822720638	2.29017542291	1.0325441421	0.951397390043	0.430413368777	1.15729985984	0.287983247946	0.260516495892	0.826410512325	0.448231928468	0.779194393427	0.561168666022	1.97657966167	0.691899318511	0.7465159739	0.436784871919	0.479079139681	1.83714184147	1.35054451426	0.906321691638	0.583759975834	0.47182297245	0.475262885452	1.83516275495	0.84393319478	0.41423557274	0.45122520058	0.633074871919	0.774948893185	0.876407162881	0.720440188497	0.0	0.25014558724	1.20219806187	0.928568907685	0.641584968584	0.608848835186	0.609184635089	0.803160077332	0.659230652489	1.19196865152	1.1260638086	0.576329275012	0.793154509425	0.609127651039	1.26686070565	1.08219337844	1.08092703238	1.05414029966	1.10366892218	1.14514877719	0.81979537941	0.84237242146	0.856458371194	0.882834644756	0.569756254229	1.15484952151	0.654717288545	0.999709221846	0.544372112131	1.0379442001
AA6	0.814609342678	0.599574717255	2.37631066699	1.05848729338	0.95910879652	0.374913852102	1.10823167231	0.289939023683	0.356550657322	0.795283233446	0.472534731754	0.773550807153	0.512333953601	2.05326419526	0.708284625423	0.68796322378	0.47199499275	0.501491996133	1.85688495408	1.35929739004	0.87843361044	0.563797336878	0.516733325278	0.516855954567	1.81048836153	0.814817080715	0.461837892702	0.451978105365	0.705975906235	0.784290990817	0.847062580957	0.673952832286	0.25014558724	0.0	1.08951648623	0.833805311745	0.575667443209	0.614014654422	0.510164983084	0.766506379894	0.574910768487	1.26947421943	1.20055745771	0.579640497825	0.593950478492	0.445497781537	1.173519739	0.994706573224	0.966450202997	0.932102029966	1.01998735621	1.05231913968	0.701889308845	0.761540483325	0.763744461092	0.774609328178	0.539304664089	1.03508587724	0.637082895118	0.881577825036	0.462075070082	0.946621773804
AB5	1.06066686322	0.931755118415	2.54977954567	1.33129477042	0.790032397293	1.04063286129	1.20357876269	1.07259678589	1.1952619333	0.971873832769	1.19916859836	0.806136128565	0.995539739004	2.24211323828	1.00063131948	0.952967452876	1.18777030933	1.19518141614	1.84704609957	1.44044766071	1.25088454809	1.11561371677	1.33387067182	1.34664329628	1.69659292895	1.03964005317	1.18603679555	1.16520285645	1.23076804253	1.23230453842	1.1653820638	1.15040472692	1.20219806187	1.08951648623	0.0	0.400642155631	0.947718332528	1.01791126631	0.92312959884	0.811109439343	0.833118912518	1.50731800387	1.48036634606	1.00926864186	0.961947805703	0.956043750604	0.791671855969	0.912914823586	0.73082882552	0.727889700338	1.01901684389	0.929283339778	0.82181818753	0.879574987917	0.886778086032	0.819444693088	0.983884842919	0.802137984534	0.977922909618	0.774096988884	0.964017298212	0.89855261479
AB6	0.891702832286	0.698292353794	2.49019062349	1.20113235379	0.70520139681	0.776605176414	1.07211126148	0.804099492508	0.937654325761	0.830548313195	0.986973798937	0.598086355727	0.749072566457	2.17364121315	0.801467588207	0.747151087482	0.961387892702	0.98689459159	1.79731708072	1.3371560319	1.14324005317	0.879243711938	1.11628397293	1.12214852586	1.69514320445	0.869043832769	0.951370077332	0.925187535041	0.975133107782	1.02517720155	1.02528105848	0.965861478975	0.928568907685	0.833805311745	0.400642155631	0.0	0.755947303045	0.787649284679	0.735739526341	0.691105882069	0.608195664572	1.39087329628	1.34865417593	0.738994422426	0.753431420976	0.773479632673	0.707260430159	0.657921309812	0.507020454326	0.469378158531	0.769213276945	0.711167409377	0.623543687772	0.696349091348	0.707609850169	0.629205833736	0.730935273079	0.616918690188	0.731042232963	0.499447680039	0.73050942001	0.642410091832
AC5	0.976364180764	0.821738835186	2.65505439826	1.36944790237	0.984159980667	0.579393504108	1.29431226196	0.590122368294	0.572543716771	0.970880459159	0.50394420493	0.833323847269	0.744343707105	2.3467239826	0.950082566457	0.874213518608	0.563063876269	0.548868226196	1.9929257854	1.52226223296	1.17496173997	0.82465362494	0.634808318028	0.652455722571	1.95083357177	0.974879323345	0.536611290478	0.676172624456	0.942345901402	1.07642616723	0.848878559691	0.737512368294	0.641584968584	0.575667443209	0.947718332528	0.755947303045	0.0	0.826766534558	0.476458197197	0.882904185597	0.707485268246	1.5849242146	1.52228890285	0.807276080232	0.544142068632	0.43256961334	1.02130010633	0.790887858869	0.910665176414	0.828550536491	0.797047153214	0.842101807637	0.664237148381	0.594026476559	0.574216370227	0.620164949251	0.741449700338	0.855915495408	0.833525901402	0.749906515225	0.586249270179	0.746416698888
AC6	0.775080333494	0.503010425326	1.9983258144	0.721150318995	0.679954374094	0.627747481875	0.717540256162	0.562538849686	0.73254537941	0.478449468342	0.821046853552	0.577301507975	0.618338661189	1.68699453842	0.459991343644	0.653153392943	0.81218962784	0.839058356694	1.45979927018	0.974307559207	0.77014860319	0.634224722088	0.864314707588	0.85795542291	1.50853500242	0.688566080232	0.764782735621	0.70823737071	0.487103165781	0.490260057999	0.968217651039	0.894349816336	0.608848835186	0.614014654422	1.01791126631	0.787649284679	0.826766534558	0.0	0.745854214596	0.636367655872	0.572426901885	0.803373523441	0.74270257129	0.273799975834	1.00692818753	0.896043513775	1.11968917351	1.06041163847	0.928997665539	0.92888282262	1.14451765104	1.11055772837	0.809624417593	0.879303924601	0.939427341711	0.899749975834	0.639800613823	1.02021058482	0.645180227163	0.969185857902	0.656562445626	1.04343293862
AD6	0.777107675205	0.605577699372	2.54021136781	1.15555224746	0.8499279797	0.434494262929	1.15084538424	0.463215509908	0.58355742871	0.823470507492	0.531191623973	0.707301493475	0.535473504108	2.21852713871	0.764662290962	0.654474644756	0.491781048816	0.507710318995	1.84914312228	1.397249797	1.0283418318	0.695280173997	0.664257612373	0.668617235379	1.80349162397	0.848725630739	0.559853605607	0.574320430159	0.811019342678	0.914166781054	0.763549323345	0.596648970517	0.609184635089	0.510164983084	0.92312959884	0.735739526341	0.476458197197	0.745854214596	0.0	0.696525534074	0.426605157081	1.45115140164	1.38875722088	0.707251909135	0.648855500242	0.531731967134	0.863883436443	0.678545418076	0.796775563074	0.696608453359	0.704610454326	0.736293093282	0.442078293862	0.463056486225	0.493702455292	0.48697959884	0.516362880619	0.719474562591	0.596383769937	0.635225940068	0.367355577574	0.63328359594
AE5	0.550877858869	0.461821996133	2.32031079265	0.953000884485	0.649699719671	0.72934102465	0.832546578057	0.704501536974	0.911215567907	0.559964151764	0.93796038666	0.554463963267	0.647460091832	2.0014040116	0.571795384244	0.447934166264	0.862554287095	0.855530768487	1.52386884969	1.08706854519	0.927383383277	0.772508250362	0.993792870952	0.989111111648	1.39595505075	0.606339284679	0.880983334944	0.790693484775	0.803062382794	0.802605732238	0.937436317061	0.839237433543	0.803160077332	0.766506379894	0.811109439343	0.691105882069	0.882904185597	0.636367655872	0.696525534074	0.0	0.318641652972	1.17166711455	1.12204987917	0.562900082165	1.03807942001	0.983590792653	0.855300135331	0.87244821653	0.743531749638	0.679335756404	0.99004522958	0.923640173997	0.596645181247	0.68987839536	0.758271401643	0.661375331078	0.55912942001	0.811885877235	0.515253412276	0.751953117448	0.661590555824	0.856192928951
AE6	0.564471730304	0.39691702755	2.39134251812	0.997680604157	0.687430410826	0.506955321411	0.93631680522	0.520052344128	0.707801290478	0.619271072982	0.710086379894	0.556601739971	0.47259459159	2.07221419043	0.572622373127	0.420128037699	0.67904060899	0.680960589657	1.63301318028	1.18409304978	0.941358405027	0.685123871435	0.842031807637	0.833686500725	1.56006512325	0.634109908168	0.702245519575	0.656283421943	0.719912957951	0.763741730304	0.821773233446	0.717600613823	0.659230652489	0.574910768487	0.833118912518	0.608195664572	0.707485268246	0.572426901885	0.426605157081	0.318641652972	0.0	1.25928411793	1.19945252779	0.497912300628	0.837985867569	0.776870347994	0.837021295312	0.736848274529	0.677657066216	0.593882232963	0.84140838086	0.777973069116	0.443633098115	0.507794635089	0.572647138714	0.514807849203	0.431536814886	0.712269086515	0.423949932334	0.616455592073	0.429708670855	0.716048753021
AF5	1.19910211213	1.12679423393	1.3596078927	0.594951778637	1.11510159497	1.29875748671	0.782785717738	1.2131459449	1.28090098115	0.937606839053	1.44615702272	1.12325831803	1.25336865636	1.06259006283	0.988314572257	1.19154238279	1.41543942001	1.42483904302	0.978057752537	0.670465055582	1.11926777187	1.15554161914	1.35039384727	1.32768176414	1.4675700145	1.15581722571	1.37669416143	1.22760612856	0.912203929435	0.850791406477	1.44002278395	1.39734357177	1.19196865152	1.26947421943	1.50731800387	1.39087329628	1.5849242146	0.803373523441	1.45115140164	1.17166711455	1.25928411793	0.0	0.146103953601	0.920388028033	1.66813856936	1.56325160464	1.62159961334	1.63571743838	1.50931293862	1.53465998067	1.72891097148	1.71169519575	1.44976084099	1.52572701788	1.59213108265	1.52931301112	1.23080726438	1.62737857902	1.20695598357	1.56952686322	1.32484561624	1.63375457226
AF6	1.14225957951	1.06186012083	1.41748700338	0.548057124215	1.07988385694	1.24077691638	0.703036660222	1.14730058966	1.22702068149	0.871458748188	1.38811969067	1.09054569357	1.19716842436	1.12168167231	0.908370860319	1.13300023683	1.35739857902	1.36726440793	1.02257834219	0.677121121315	1.0643338231	1.09803934751	1.2930219768	1.26662609473	1.47199409377	1.10530407927	1.31327246013	1.16831811503	0.854184393427	0.794571541808	1.36742941518	1.33331871919	1.1260638086	1.20055745771	1.48036634606	1.34865417593	1.52228890285	0.74270257129	1.38875722088	1.12204987917	1.19945252779	0.146103953601	0.0	0.858989217013	1.60578474625	1.49693169164	1.58251710971	1.58316643789	1.45985495892	1.48195472209	1.66519340744	1.6534499855	1.39636330594	1.46965466409	1.52638675205	1.47317440309	1.16951557757	1.56942670855	1.14620266312	1.51201496375	1.26882785887	1.58274355244
AG5	0.692250836153	0.435781101982	2.09316974384	0.774773919768	0.628789690672	0.56650300145	0.740838376027	0.505345766071	0.684619739004	0.463729637506	0.771743552441	0.523696331561	0.552356239729	1.77841627356	0.443141295312	0.569946737554	0.751699424843	0.764492319961	1.51536726921	1.02151148864	0.724969961334	0.581419449009	0.829587452876	0.818119690672	1.48520247946	0.651977356211	0.724887187047	0.662387573707	0.473846283229	0.523559937168	0.92100942001	0.820355901402	0.576329275012	0.579640497825	1.00926864186	0.738994422426	0.807276080232	0.273799975834	0.707251909135	0.562900082165	0.497912300628	0.920388028033	0.858989217013	0.0	0.954872890285	0.851801169647	1.09049891252	0.996971401643	0.893491126148	0.861002537458	1.09963123731	1.04447474625	0.714446887385	0.806199202513	0.871928786854	0.819144722088	0.551750468826	0.964050367327	0.56282057999	0.878563755437	0.596300488159	0.984149221846
