	AA3	AA4	AB3	AB4	AC3	AC4	AD3	AD4	AE3	AE4	AF3	AF4	AG3	AG4	AH3	AH4	AA7	AA8	AB7	AB8	AC7	AC8	AD7	AD8	AE7	AE8	AF7	AF8	AG7	AG8	AH7	AH8	AA5	AA6	AB5	AB6	AC5	AC6	AD6	AE5	AE6	AF5	AF6	AG5	AH5	AH6	AA1	AA2	AB1	AB2	AC1	AC2	AD1	AD2	AE1	AE2	AF1	AF2	AG1	AG2	AH1	AH2
AA3	0.0	0.524836737554	2.27095955051	0.977212160464	0.822017457709	0.754921807637	0.865426563557	0.747299903335	0.881854122765	0.693779710005	0.962955708072	0.683105360077	0.724606872885	1.88529957951	0.750077332044	0.27284640406	0.855730029	0.767237520541	1.42101395843	1.02006724505	0.81361539391	0.652498956017	0.888724644756	0.846544291928	1.36022589174	0.566626022233	0.782799168681	0.685454736588	0.746027675205	0.66668297245	0.769536447559	0.647457989367	0.871441179314	0.838042537458	1.10188091348	0.856686104398	0.957812924118	0.794845345578	0.7711760029	0.550595345578	0.610816162397	1.24274890768	1.12615015466	0.703348646689	1.15475545191	1.09001820203	0.989648018366	0.919418197197	0.897310183664	0.873094963751	1.0776920783	0.964254301595	0.632399101015	0.730894639923	0.794497351377	0.664455625906	0.535097713871	0.907507950701	0.521528037699	0.923982334461	0.622962121798	0.893559951667
AA4	0.524836737554	0.0	2.30411241179	0.97792017883	0.618691594973	0.536429797003	0.885692667956	0.490831420976	0.652462643789	0.673533866602	0.767994195263	0.426045790237	0.426125862736	1.91621628806	0.364428830353	0.323504349927	0.674316249396	0.658762764621	1.59618036249	1.07428668922	0.890659990333	0.66264277912	0.847257960367	0.831064093765	1.51796236829	0.664795722571	0.656116795553	0.650538627356	0.718537462542	0.707387288545	0.858327259546	0.721810647656	0.646838854519	0.582588545191	0.958214432093	0.63028638956	0.766007245046	0.522671730304	0.575979961334	0.517484001933	0.356124731754	1.23212243596	1.09550772354	0.502264804253	0.937564494925	0.837803098115	0.914412759787	0.735812933784	0.695882426293	0.713626906718	0.9013060029	0.813383315611	0.532052165297	0.582748728855	0.619608627356	0.54323239246	0.418628264862	0.777784253262	0.440564340261	0.731479739004	0.469069289512	0.700753035283
AB3	2.27095955051	2.30411241179	0.0	1.45177543258	2.22582713871	2.43252472209	1.93488202513	2.31004906235	2.37969368294	2.10777999517	2.54188971967	2.29630852586	2.38278437409	0.424136326728	2.14385068632	2.31447292412	2.51704769454	2.51047820203	1.20233354761	1.51034732721	2.00525992267	2.19096571774	2.42856704688	2.4214120203	1.9266980087	2.18389706622	2.4193398985	2.34023696472	1.87719254229	1.84591527308	2.46915070082	2.45159247463	2.34088332044	2.39473151281	2.5695481102	2.49897576607	2.67334184147	2.04348187047	2.58292675689	2.36434854519	2.4164158869	1.32989580474	1.43724782987	2.09049245046	2.78836691155	2.67864347511	2.70940482359	2.68782863219	2.55962472692	2.63652256646	2.81286391493	2.75105257612	2.56575604157	2.62655512808	2.65480257612	2.59680598357	2.33794261962	2.69274012566	2.34054079265	2.6835940841	2.40609670372	2.69284199613
AB4	0.977212160464	0.97792017883	1.45177543258	0.0	0.974943064282	1.08234042533	0.776658685355	1.0292638376	1.16695357177	0.823887597873	1.23545163847	0.976972174964	0.957606138231	1.05607162397	0.843273088449	0.983189739004	1.21886304978	1.20357560657	1.01375657806	0.484548095698	0.92243282262	0.951970188497	1.16849768487	1.14714732721	1.29468208313	0.928223537941	1.17857463509	1.07632343644	0.658067085549	0.629803494442	1.28970759304	1.1823062059	1.1432662639	1.14438599807	1.40427331561	1.23793596423	1.43299928468	0.815320434993	1.25478648139	1.03742652006	1.0977701595	0.581208501692	0.484628550024	0.811285031416	1.5356978492	1.43840887385	1.49192474142	1.41879348961	1.31632851136	1.35510024166	1.57424935234	1.48988083615	1.25641023683	1.3270037651	1.37881524408	1.28533157564	1.04567650556	1.44306125181	1.04974141614	1.397570232	1.0980997535	1.40938637023
AC3	0.822017457709	0.618691594973	2.22582713871	0.974943064282	0.0	0.724401082649	0.850099816336	0.83567117448	1.0009237216	0.660814296762	1.01447886902	0.303226317061	0.787164572257	1.84573595457	0.670236645723	0.741874601257	1.00463312228	0.967622044466	1.492859942	1.05049775254	1.03358237313	0.977942513291	1.22725871919	1.20152431126	1.33864258579	0.829707617206	1.03160273562	1.02474257612	0.928686312228	0.889161493475	1.16312755437	1.03186033833	1.00094234896	0.938284422426	0.792077075882	0.686364122765	0.983773620106	0.730387269212	0.871967022716	0.655793750604	0.702356858386	1.18265668922	1.07693881585	0.614001232479	1.1834861334	1.10223949734	0.87749019333	0.916783755437	0.743928598357	0.792636529724	1.07163644756	0.951051043983	0.710052769454	0.796029400677	0.863343479942	0.754196379894	0.821114446593	0.866520246496	0.802425302078	0.877608327695	0.838591759304	0.876402967617
AC4	0.754921807637	0.536429797003	2.43252472209	1.08234042533	0.724401082649	0.0	1.09490287095	0.381610091832	0.484174403093	0.844915302078	0.365342252296	0.478858941518	0.40118057999	2.04743314161	0.709321169647	0.629471111648	0.571845920735	0.520977568874	1.83996069599	1.27806672305	0.918972426293	0.623231213146	0.667005456742	0.643542532624	1.7197517303	0.825672846786	0.54510898985	0.528752116965	0.728206283229	0.764883484775	0.808212049299	0.658577718705	0.511752112131	0.401714794587	1.00154652006	0.664456089898	0.567004968584	0.612621130981	0.417125814403	0.711959859836	0.465375224746	1.37271337361	1.24041357661	0.593891353311	0.721388888352	0.621113910101	1.02305479459	0.809826123731	0.763643910101	0.785394200097	0.881096128565	0.901317646206	0.548723885935	0.593379850169	0.620790459159	0.605995152247	0.607150618656	0.885716244563	0.612745224746	0.745973576607	0.465957723538	0.740081527308
AD3	0.865426563557	0.885692667956	1.93488202513	0.776658685355	0.850099816336	1.09490287095	0.0	0.974936162397	1.26884299662	0.323814857419	1.33173961334	0.870578709522	1.06887164814	1.55071463026	0.765050739488	0.859899763171	1.23795860319	1.1805379942	1.30181874335	0.806594494925	0.880839743838	0.919586602223	1.25287251329	1.21018707588	1.21342337844	0.828153059449	1.17316726921	1.08424560174	0.854964465926	0.76980720638	1.16142394877	1.08396927018	1.20953649106	1.14410975834	1.17813510391	1.03651497825	1.28160970517	0.741143354277	1.15794651039	0.832732648623	0.922412334461	0.821727757371	0.722539076849	0.727211623973	1.44450219913	1.35479473175	1.33650685839	1.30789332528	1.12698996133	1.16779842436	1.47096199613	1.37723662156	1.11404532624	1.17395900918	1.23015033349	1.12352555341	0.939805466409	1.27502608507	0.945247554374	1.24140666506	1.06528290478	1.27401504108
AD4	0.747299903335	0.490831420976	2.31004906235	1.0292638376	0.83567117448	0.381610091832	0.974936162397	0.0	0.340873513775	0.727937486709	0.505564900918	0.625706104398	0.479689908168	1.92559503625	0.605877254712	0.630901367811	0.559972416626	0.534526868052	1.81642515225	1.24248743838	0.873635403577	0.581598965684	0.572088704688	0.541321121315	1.73313459159	0.808876761721	0.477456974384	0.455488666022	0.58903662639	0.677724258096	0.823888134364	0.684955920735	0.346600918318	0.343311285645	1.12055015466	0.777721271145	0.603745529241	0.478812769454	0.473160700822	0.705239086515	0.479103228613	1.22591438859	1.09050868536	0.553380971484	0.757003813436	0.655975495408	1.14107837119	0.893975886902	0.906893963267	0.93789062349	0.979333247946	1.01670437409	0.685924214596	0.694124586757	0.691389154181	0.716008250362	0.575967341711	1.01562272112	0.610786694055	0.888435693572	0.523199173514	0.846945210246
AE3	0.881854122765	0.652462643789	2.37969368294	1.16695357177	1.0009237216	0.484174403093	1.26884299662	0.340873513775	0.0	1.02069887869	0.366436993717	0.795316176897	0.533550033833	2.00536680039	0.783162116965	0.789947496375	0.469425118415	0.504577588207	1.98916696955	1.42842487675	1.00102105848	0.714022938618	0.464081754471	0.463182416626	1.93701244563	1.01004698888	0.43057139681	0.473034833253	0.726170082165	0.849209081682	0.900474137264	0.761680763654	0.225650932818	0.301423919768	1.24570276945	0.913319714838	0.581538356694	0.696883431609	0.553810434993	0.944226123731	0.649572856452	1.35250747704	1.21727627356	0.751818893185	0.78125719188	0.643719091348	1.25047662156	1.00536451909	1.04070264379	1.06044310295	1.08201094732	1.11974274045	0.785791222813	0.802570029	0.782267423876	0.826362498792	0.700513383277	1.1272937216	0.735265679072	1.00697304495	0.629305737071	0.956865074915
AE4	0.693779710005	0.673533866602	2.10777999517	0.823887597873	0.660814296762	0.844915302078	0.323814857419	0.727937486709	1.02069887869	0.0	1.08740880619	0.648440236829	0.845369540841	1.7227621508	0.594664842919	0.637561387144	0.986279009183	0.934079386177	1.4628542581	0.923193122281	0.763769710005	0.71324359594	1.02283073465	0.986468864186	1.29959741421	0.638084137264	0.92610442726	0.840718177864	0.685738492025	0.655225978734	0.968857781537	0.856214702755	0.970318279362	0.89990479942	0.990229120348	0.823856969551	1.03836584824	0.567218453359	0.912975219913	0.623998641856	0.689273127115	0.970468569357	0.837073315611	0.526585099082	1.19655379894	1.10329333978	1.13147867086	1.11054253746	0.93200280812	0.971847356211	1.27445903818	1.17927979217	0.890322667956	0.939829516675	1.00270450459	0.902158516191	0.715240159497	1.07540826003	0.716450918318	1.03675249396	0.832475906235	1.06069509908
AF3	0.962955708072	0.767994195263	2.54188971967	1.23545163847	1.01447886902	0.365342252296	1.33173961334	0.505564900918	0.366436993717	1.08740880619	0.0	0.774281638473	0.601372237796	2.16111030933	0.921284823586	0.859865669406	0.441848086032	0.462919231513	2.05133255679	1.49073464959	1.06583641856	0.808189695505	0.444928791687	0.422856491058	1.98129965684	1.05795885935	0.486135050749	0.572620091832	0.833129434509	0.930228492025	0.844934678589	0.728483363944	0.431284523925	0.431557781537	1.16636525375	0.877609304012	0.443064098598	0.794679719671	0.436594494925	0.961641193813	0.696425722571	1.51147622523	1.37970529241	0.82020679072	0.663764538424	0.537893571774	1.14514485742	0.91939497825	1.00315031899	0.962778521025	0.98352720638	1.00774639439	0.709543547608	0.68284742871	0.710206234896	0.713170918318	0.820042895118	1.00344993233	0.834705302078	0.895633808603	0.617205282745	0.855782735621
AF4	0.683105360077	0.426045790237	2.29630852586	0.976972174964	0.303226317061	0.478858941518	0.870578709522	0.625706104398	0.795316176897	0.648440236829	0.774281638473	0.0	0.568242962784	1.910639884	0.522277269212	0.566785751571	0.812103006283	0.778575282745	1.60557718221	1.06065758337	0.913192982117	0.78836319478	1.02509888835	0.996449922668	1.4462282842	0.702165273079	0.836880024166	0.834665490575	0.806840739488	0.76124898985	0.995471735138	0.887968579024	0.794032735621	0.727388477525	0.828845983567	0.549780734654	0.788064122765	0.595082566457	0.685884717255	0.535703682939	0.518902740454	1.21129231513	1.09352141131	0.48862558724	0.983181459642	0.893106297728	0.840756752054	0.778003441276	0.623318269696	0.678565476075	0.93428237796	0.84673961334	0.580407283712	0.655291135814	0.721259260512	0.615614557757	0.653882919285	0.773054741421	0.643044108265	0.733933716771	0.648747259546	0.721599579507
AG3	0.724606872885	0.426125862736	2.38278437409	0.957606138231	0.787164572257	0.40118057999	1.06887164814	0.479689908168	0.533550033833	0.845369540841	0.601372237796	0.568242962784	0.0	1.98651492992	0.557664494925	0.569654040599	0.544755935234	0.54151057999	1.79695478009	1.22616768004	0.941826317061	0.624353784437	0.694293257612	0.704869647173	1.67426679072	0.78790777187	0.552605490575	0.540341909135	0.737905577574	0.76555237796	0.819635761237	0.678515205413	0.580342484292	0.484752687289	1.02827197197	0.692998477525	0.69130060899	0.613551667472	0.505112841953	0.697292619623	0.443558124698	1.33434628806	1.19722222813	0.602675374577	0.823750763654	0.730329927501	0.977722363461	0.741269449009	0.777888366361	0.774572305462	0.885197259546	0.850910164331	0.542686273562	0.572346355727	0.6263500145	0.572021570807	0.486864557757	0.856851275979	0.522394987917	0.734955519575	0.390552764621	0.681610633156
AG4	1.88529957951	1.91621628806	0.424136326728	1.05607162397	1.84573595457	2.04743314161	1.55071463026	1.92559503625	2.00536680039	1.7227621508	2.16111030933	1.910639884	1.98651492992	0.0	1.76311097632	1.92739486709	2.14219268246	2.13235888835	0.916619647173	1.13398778154	1.62907534074	1.80931655389	2.05073693572	2.04422688739	1.62915300145	1.80659962784	2.04143710488	1.95809452876	1.50313523925	1.46507334944	2.10754450459	2.07434426776	1.96806784437	2.01127103915	2.19028696955	2.11195211213	2.29390534074	1.66218764137	2.19845926535	1.98057263412	2.03084632673	0.959302551957	1.06828481392	1.70750360561	2.40602900918	2.29576873369	2.32457873369	2.30366254229	2.17522766554	2.2492482987	2.43236993717	2.36825423876	2.18366404543	2.24370039633	2.27495323828	2.21295876269	1.95498907685	2.30948758821	1.95933916868	2.29804127598	2.02546484292	2.30789168197
AH3	0.750077332044	0.364428830353	2.14385068632	0.843273088449	0.670236645723	0.709321169647	0.765050739488	0.605877254712	0.783162116965	0.594664842919	0.921284823586	0.522277269212	0.557664494925	1.76311097632	0.0	0.571314301595	0.810738506525	0.822751507975	1.5515620493	1.0018217158	0.864893276945	0.768210836153	0.92301279362	0.935024581924	1.4606281247	0.782197757371	0.796521140648	0.758458448526	0.712018153697	0.670967825036	1.04721223296	0.92048658289	0.74158757854	0.72636759304	1.05090416143	0.783634697922	0.960976771387	0.48781737071	0.806366974384	0.622165311745	0.589759149348	1.04989330594	0.922034697922	0.446037133881	1.10858060416	1.0114957274	1.0445321363	0.919614610923	0.843013383277	0.878743963267	1.08385505558	1.00934519575	0.790330739488	0.838896737554	0.858299623006	0.791075432576	0.609408414693	0.963600565491	0.624476921218	0.903056515225	0.67829702755	0.918216916385
AH4	0.27284640406	0.323504349927	2.31447292412	0.983189739004	0.741874601257	0.629471111648	0.859899763171	0.630901367811	0.789947496375	0.637561387144	0.859865669406	0.566785751571	0.569654040599	1.92739486709	0.571314301595	0.0	0.713694451426	0.640883760271	1.52772943934	1.06304913485	0.825195089415	0.607513383277	0.816362339294	0.787106143064	1.43930976317	0.59308621073	0.656554939584	0.621399236346	0.725260903818	0.669411918801	0.769361034316	0.618762218463	0.758987351377	0.685272479459	1.00991397777	0.71476160464	0.844576341228	0.65543340261	0.650056336394	0.47320860319	0.453885698405	1.25831523441	1.1257222523	0.574944697922	1.00210584824	0.926583049783	0.9502879942	0.833303692605	0.761913330111	0.741091942968	0.994003847269	0.88984481392	0.548153247946	0.62420757854	0.685321164814	0.576502445626	0.375863431609	0.836026437893	0.379680976317	0.786846283229	0.484286553891	0.798851585307
AA7	0.855730029	0.674316249396	2.51704769454	1.21886304978	1.00463312228	0.571845920735	1.23795860319	0.559972416626	0.469425118415	0.986279009183	0.441848086032	0.812103006283	0.544755935234	2.14219268246	0.810738506525	0.713694451426	0.0	0.179854171097	1.89772881102	1.35677597873	1.02741457709	0.690704306428	0.399218724021	0.442429284679	1.8188742001	0.922509381344	0.316697404543	0.410971106815	0.797436118898	0.873310923151	0.663896906718	0.504865360077	0.463833634606	0.496049105848	1.23440113098	0.942107974867	0.539601213146	0.798109072015	0.494582948284	0.892996858386	0.656832426293	1.48724531658	1.35669153214	0.819068235863	0.781817071049	0.665643649106	1.13237551474	0.895330652489	1.04480681489	1.00127762687	0.955326379894	0.977250546158	0.718566278395	0.671796442726	0.668338371194	0.705036520058	0.574174480425	0.99289781537	0.603850652489	0.944786573224	0.508158347028	0.841930686322
AA8	0.767237520541	0.658762764621	2.51047820203	1.20357560657	0.967622044466	0.520977568874	1.1805379942	0.534526868052	0.504577588207	0.934079386177	0.462919231513	0.778575282745	0.54151057999	2.13235888835	0.822751507975	0.640883760271	0.179854171097	0.0	1.85471859352	1.31586335428	0.938003073949	0.605170212663	0.428665123248	0.441083910101	1.74702789754	0.846947912035	0.315310483325	0.360691677139	0.757979569841	0.827143847269	0.604364185597	0.400040768487	0.498975026583	0.481731831803	1.1990819043	0.912800666989	0.529959714838	0.797076360561	0.449722551957	0.83336141131	0.639167283712	1.48245794103	1.35111768004	0.785747936201	0.751246360561	0.645397066216	1.11622434993	0.890815224746	1.01154737554	0.966476640889	0.946994519091	0.961925306912	0.660469062349	0.636754074432	0.654164006767	0.662579555341	0.574526843886	0.977764340261	0.581703392943	0.902235920735	0.44635961334	0.827526742388
AB7	1.42101395843	1.59618036249	1.20233354761	1.01375657806	1.492859942	1.83996069599	1.30181874335	1.81642515225	1.98916696955	1.4628542581	2.05133255679	1.60557718221	1.79695478009	0.916619647173	1.5515620493	1.52772943934	1.89772881102	1.85471859352	0.0	0.629743939101	1.5132402175	1.59660088932	1.93724514741	1.91365555341	1.07026175447	1.42549474142	1.84949091348	1.76627803287	1.37870929918	1.26736252779	1.74338432576	1.69406130498	1.9215862929	1.9120117593	1.89028908168	1.83515463026	2.03178612856	1.54949673272	1.90767307395	1.53182424843	1.67080443693	1.0182018608	1.0716457274	1.51898816336	2.1968019478	2.13608621556	1.92950040116	1.93781648623	1.84839812953	1.86544891252	2.07965048333	1.987550029	1.7711899565	1.83510130981	1.86765367811	1.78650075882	1.64024244079	1.91212050749	1.6328780232	1.92840961334	1.75484485742	1.94085600773
AB8	1.02006724505	1.07428668922	1.51034732721	0.484548095698	1.05049775254	1.27806672305	0.806594494925	1.24248743838	1.42842487675	0.923193122281	1.49073464959	1.06065758337	1.22616768004	1.13398778154	1.0018217158	1.06304913485	1.35677597873	1.31586335428	0.629743939101	0.0	1.01787387144	1.07669132431	1.36953848236	1.34380299178	1.14303140648	0.928125505075	1.29094489609	1.20143285645	0.794544567424	0.718689125181	1.28263202513	1.22851403093	1.36870005317	1.3507438086	1.41897596907	1.30622890285	1.48820081682	0.989792977284	1.38761353311	1.0849119768	1.16810130981	0.714481140648	0.693964475592	0.956622116965	1.66294162397	1.58451183664	1.56369536974	1.50020901885	1.37348044466	1.4105717883	1.64691903335	1.57828941518	1.36593260029	1.40635893668	1.44314246979	1.36667105848	1.1533161044	1.51430861286	1.1604942871	1.45906704688	1.21395014016	1.49354609473
AC7	0.81361539391	0.890659990333	2.00525992267	0.92243282262	1.03358237313	0.918972426293	0.880839743838	0.873635403577	1.00102105848	0.763769710005	1.06583641856	0.913192982117	0.941826317061	1.62907534074	0.864893276945	0.825195089415	1.02741457709	0.938003073949	1.5132402175	1.01787387144	0.0	0.435404325761	0.951022754954	0.908312928951	1.40706115031	0.696508579024	0.929905128081	0.810576355727	0.579060720155	0.543929386177	0.86447557274	0.799270396327	0.936563078782	0.892909705172	1.29375850169	1.09419131948	1.16944934268	0.783238351861	1.04862000967	0.961582397293	0.955719521508	1.1407878492	1.06095199613	0.719427539874	1.13579165781	1.04760257612	1.46104642823	1.39357765104	1.22049816336	1.22928249879	1.53870173997	1.45343095215	1.07376886902	1.1478742291	1.21382759304	1.12586818753	0.897178240696	1.39326488159	0.879836384727	1.27134230063	0.894411145481	1.34568031416
AC8	0.652498956017	0.66264277912	2.19096571774	0.951970188497	0.977942513291	0.623231213146	0.919586602223	0.581598965684	0.714022938618	0.71324359594	0.808189695505	0.78836319478	0.624353784437	1.80931655389	0.768210836153	0.607513383277	0.690704306428	0.605170212663	1.59660088932	1.07669132431	0.435404325761	0.0	0.638427921701	0.626813359111	1.50802628806	0.602012895118	0.539676259062	0.42590300145	0.47224580957	0.510002653456	0.626766172064	0.507048999517	0.647989134848	0.618216563557	1.17411815853	0.846880855486	0.847215611406	0.654802368294	0.72464380377	0.800594794587	0.671640628323	1.18585943451	1.0693440841	0.650006752054	0.926696660222	0.840103798937	1.28819061866	1.07019451426	1.00621894152	1.01089357177	1.21031827453	1.15651306428	0.782112595457	0.82097080232	0.892974229096	0.838576283229	0.563767573707	1.14281507492	0.568954485259	0.971172803287	0.56926017883	1.02246071532
AD7	0.888724644756	0.847257960367	2.42856704688	1.16849768487	1.22725871919	0.667005456742	1.25287251329	0.572088704688	0.464081754471	1.02283073465	0.444928791687	1.02509888835	0.694293257612	2.05073693572	0.92301279362	0.816362339294	0.399218724021	0.428665123248	1.93724514741	1.36953848236	0.951022754954	0.638427921701	0.0	0.148864925085	1.87580738521	0.909617394877	0.371825166747	0.393164388594	0.683084064766	0.785321353311	0.706953020783	0.581444364427	0.460688898018	0.51884121798	1.37877568874	1.07609166747	0.645781454809	0.830103562107	0.633182928951	1.03368189464	0.809607216046	1.40680943451	1.27973149348	0.898982445626	0.822394625423	0.714201106815	1.33887051716	1.10454487192	1.21180637023	1.18027982117	1.15606340261	1.20072160464	0.906655596907	0.871846563557	0.853308656356	0.907603441276	0.703536491058	1.21098636056	0.726274983084	1.11540286129	0.631933881102	1.04325186564
AD8	0.846544291928	0.831064093765	2.4214120203	1.14714732721	1.20152431126	0.643542532624	1.21018707588	0.541321121315	0.463182416626	0.986468864186	0.422856491058	0.996449922668	0.704869647173	2.04422688739	0.935024581924	0.787106143064	0.442429284679	0.441083910101	1.91365555341	1.34380299178	0.908312928951	0.626813359111	0.148864925085	0.0	1.81032993233	0.84201239246	0.386062010633	0.40627517158	0.66863839536	0.758794185597	0.692665727405	0.566755195747	0.475894161431	0.506246452392	1.36877049299	1.06427130498	0.629282899952	0.81014937651	0.613665978734	0.999253305945	0.785770517158	1.39900986467	1.27026533108	0.872978554857	0.80580017883	0.694845867569	1.33230447076	1.09989605123	1.18559169164	1.15671410343	1.16094580474	1.19898558241	0.8861480232	0.858422798453	0.850299236346	0.893221967134	0.724892687289	1.20438761237	0.748430367327	1.09395675689	0.613958709522	1.03665669406
AE7	1.36022589174	1.51796236829	1.9266980087	1.29468208313	1.33864258579	1.7197517303	1.21342337844	1.73313459159	1.93701244563	1.29959741421	1.98129965684	1.4462282842	1.67426679072	1.62915300145	1.4606281247	1.43930976317	1.8188742001	1.74702789754	1.07026175447	1.14303140648	1.40706115031	1.50802628806	1.87580738521	1.81032993233	0.0	1.00223507492	1.79628345578	1.70527999033	1.39699061866	1.33957181247	1.57874473659	1.5757338086	1.88518207347	1.8429822523	1.7073182987	1.70027244079	1.93028566941	1.54463122765	1.82319873369	1.37940510391	1.59875049299	1.47490976317	1.46514471725	1.44497358144	2.05094832286	1.98256909135	1.72256547124	1.80972470759	1.65306350894	1.66282692605	1.96687738038	1.83100541324	1.65250632673	1.71317293378	1.76348947801	1.63044363461	1.58560476559	1.7428257129	1.56784570324	1.77648316095	1.66584316095	1.81014911068
AE8	0.566626022233	0.664795722571	2.18389706622	0.928223537941	0.829707617206	0.825672846786	0.828153059449	0.808876761721	1.01004698888	0.638084137264	1.05795885935	0.702165273079	0.78790777187	1.80659962784	0.782197757371	0.59308621073	0.922509381344	0.846947912035	1.42549474142	0.928125505075	0.696508579024	0.602012895118	0.909617394877	0.84201239246	1.00223507492	0.0	0.860539719671	0.768711488642	0.674421343644	0.629566133398	0.747242827453	0.684239091348	0.954848525858	0.908899676172	1.13470574674	0.927590618656	1.01889615273	0.774996297728	0.905172194297	0.64256698405	0.719206437893	1.19013958917	1.06752303045	0.695516882552	1.16719842919	1.10358918318	1.17473765587	1.10407670855	0.975691913968	0.984886312228	1.25900827936	1.19160515708	0.865775882069	0.897171324311	0.964131483809	0.877112619623	0.705885543741	1.13402185114	0.70995160464	1.01602847269	0.739655335911	1.06668759787
AF7	0.782799168681	0.656116795553	2.4193398985	1.17857463509	1.03160273562	0.54510898985	1.17316726921	0.477456974384	0.43057139681	0.92610442726	0.486135050749	0.836880024166	0.552605490575	2.04143710488	0.796521140648	0.656554939584	0.316697404543	0.315310483325	1.84949091348	1.29094489609	0.929905128081	0.539676259062	0.371825166747	0.386062010633	1.79628345578	0.860539719671	0.0	0.19668261479	0.678217312711	0.761910502658	0.669498071532	0.55694	0.412024639923	0.439121155147	1.18799777187	0.873523707105	0.528520328661	0.713861846303	0.493399366844	0.85077019333	0.617504697922	1.40461855486	1.26842286612	0.755822508458	0.766677278879	0.657314451426	1.16627276462	0.935297733204	1.00987565491	1.00118259062	0.990163639439	1.03010467376	0.711671580474	0.71892078782	0.71991178347	0.756653586274	0.550229961334	1.02836017883	0.585879830836	0.944211324311	0.460429951667	0.877607858869
AF8	0.685454736588	0.650538627356	2.34023696472	1.07632343644	1.02474257612	0.528752116965	1.08424560174	0.455488666022	0.473034833253	0.840718177864	0.572620091832	0.834665490575	0.540341909135	1.95809452876	0.758458448526	0.621399236346	0.410971106815	0.360691677139	1.76627803287	1.20143285645	0.810576355727	0.42590300145	0.393164388594	0.40627517158	1.70527999033	0.768711488642	0.19668261479	0.0	0.588400149831	0.661364533591	0.65499942001	0.503014842919	0.437337626873	0.445989888835	1.20779692605	0.889756616723	0.632801155147	0.69816878202	0.523604456259	0.8345060029	0.624323881102	1.31684405027	1.18287364911	0.734591918801	0.832869531174	0.735389874335	1.20600456259	0.976947636539	1.00797489609	1.02054204447	1.04064781054	1.07584540358	0.742885331078	0.763751300145	0.769581000483	0.796356230063	0.504392489125	1.06752732721	0.530641130981	0.969258492025	0.486459874335	0.918242112131
AG7	0.746027675205	0.718537462542	1.87719254229	0.658067085549	0.928686312228	0.728206283229	0.854964465926	0.58903662639	0.726170082165	0.685738492025	0.833129434509	0.806840739488	0.737905577574	1.50313523925	0.712018153697	0.725260903818	0.797436118898	0.757979569841	1.37870929918	0.794544567424	0.579060720155	0.47224580957	0.683084064766	0.66863839536	1.39699061866	0.674421343644	0.678217312711	0.588400149831	0.0	0.210436814886	0.8042540116	0.703194538424	0.675083276945	0.71017818753	1.2986800725	0.968672397293	0.950098521025	0.481924697922	0.858921019816	0.906650821653	0.744329250846	0.944743861769	0.805715664572	0.531402092798	1.09614813436	1.0081380957	1.35507561624	1.13895362494	1.13518049783	1.16657814403	1.28927134364	1.24140539874	0.919494451426	0.957803542774	1.00774180764	0.951654755921	0.704032145964	1.22562438376	0.706760169164	1.1214277477	0.721495190913	1.10836060899
AG8	0.66668297245	0.707387288545	1.84591527308	0.629803494442	0.889161493475	0.764883484775	0.76980720638	0.677724258096	0.849209081682	0.655225978734	0.930228492025	0.76124898985	0.76555237796	1.46507334944	0.670967825036	0.669411918801	0.873310923151	0.827143847269	1.26736252779	0.718689125181	0.543929386177	0.510002653456	0.785321353311	0.758794185597	1.33957181247	0.629566133398	0.761910502658	0.661364533591	0.210436814886	0.0	0.853965432576	0.760076921218	0.790912590623	0.778090043499	1.27283525375	0.971447240213	1.0497979942	0.506410125665	0.897401333978	0.84578860319	0.756682962784	0.916170449493	0.793092025133	0.503168351861	1.14941669406	1.06121875785	1.32910285162	1.1989819333	1.10499254712	1.1432801595	1.35014537458	1.28008239729	0.953080845819	0.9860160174	1.04012319478	0.979932092798	0.729097167714	1.22598505558	0.735100666989	1.16681611406	0.747289830836	1.16417048333
AH7	0.769536447559	0.858327259546	2.46915070082	1.28970759304	1.16312755437	0.808212049299	1.16142394877	0.823888134364	0.900474137264	0.968857781537	0.844934678589	0.995471735138	0.819635761237	2.10754450459	1.04721223296	0.769361034316	0.663896906718	0.604364185597	1.74338432576	1.28263202513	0.86447557274	0.626766172064	0.706953020783	0.692665727405	1.57874473659	0.747242827453	0.669498071532	0.65499942001	0.8042540116	0.853965432576	0.0	0.269923165781	0.886813847269	0.864469028516	1.20529730304	0.991203489609	0.820329990333	0.95342842436	0.778157225713	0.929946263896	0.809619714838	1.48830744321	1.36935025616	0.940662068632	0.966696307395	0.9153720203	1.26911566941	1.05909958434	1.14108254229	1.03478448043	1.15679917835	1.13557656839	0.842991565974	0.798234548091	0.834941764137	0.830876510391	0.756932353794	1.14684095698	0.772165480909	1.00663816336	0.693213156114	1.00983512325
AH8	0.647457989367	0.721810647656	2.45159247463	1.1823062059	1.03186033833	0.658577718705	1.08396927018	0.684955920735	0.761680763654	0.856214702755	0.728483363944	0.887968579024	0.678515205413	2.07434426776	0.92048658289	0.618762218463	0.504865360077	0.400040768487	1.69406130498	1.22851403093	0.799270396327	0.507048999517	0.581444364427	0.566755195747	1.5757338086	0.684239091348	0.55694	0.503014842919	0.703194538424	0.760076921218	0.269923165781	0.0	0.744893214113	0.703110502658	1.19358857902	0.918861135814	0.738424755921	0.859540966651	0.609659540841	0.825901213146	0.682801507975	1.4311420058	1.31071493958	0.842809323345	0.880312329628	0.816302039633	1.15637671822	0.948138235863	1.03499837119	0.943401672305	1.03317966651	1.02693164331	0.695210420493	0.684914233929	0.701181614306	0.705441928468	0.608531855969	1.03161448526	0.61960720638	0.899724654422	0.537946723055	0.894608680522
AA5	0.871441179314	0.646838854519	2.34088332044	1.1432662639	1.00094234896	0.511752112131	1.20953649106	0.346600918318	0.225650932818	0.970318279362	0.431284523925	0.794032735621	0.580342484292	1.96806784437	0.74158757854	0.758987351377	0.463833634606	0.498975026583	1.9215862929	1.36870005317	0.936563078782	0.647989134848	0.460688898018	0.475894161431	1.88518207347	0.954848525858	0.412024639923	0.437337626873	0.675083276945	0.790912590623	0.886813847269	0.744893214113	0.0	0.246091072982	1.2482057854	0.904538303528	0.608417689705	0.617718772354	0.599419879169	0.863222373127	0.642822957951	1.28111598357	1.14813303528	0.67481658289	0.790461851136	0.657605094248	1.30215964717	1.06790813436	1.0638922523	1.09894714355	1.13613393427	1.16751590623	0.813122029966	0.839913392943	0.813860144998	0.863304519091	0.648017984534	1.16970869502	0.676474108265	1.04228033349	0.619828598357	1.01330368294
AA6	0.838042537458	0.582588545191	2.39473151281	1.14438599807	0.938284422426	0.401714794587	1.14410975834	0.343311285645	0.301423919768	0.89990479942	0.431557781537	0.727388477525	0.484752687289	2.01127103915	0.72636759304	0.685272479459	0.496049105848	0.481731831803	1.9120117593	1.3507438086	0.892909705172	0.618216563557	0.51884121798	0.506246452392	1.8429822523	0.908899676172	0.439121155147	0.445989888835	0.71017818753	0.778090043499	0.864469028516	0.703110502658	0.246091072982	0.0	1.12181871435	0.793220628323	0.552789632673	0.589450492992	0.479424494925	0.804794035766	0.525877230546	1.32627676172	1.18495441276	0.646653330111	0.598599188014	0.474092165297	1.17238740454	0.941066785887	0.924522397293	0.946598883519	1.01453763171	1.03530363461	0.682298342194	0.714681507975	0.697510831319	0.728999449009	0.614839342678	1.02777687772	0.645246824553	0.892463334944	0.535748371194	0.886176631223
AB5	1.10188091348	0.958214432093	2.5695481102	1.40427331561	0.792077075882	1.00154652006	1.17813510391	1.12055015466	1.24570276945	0.990229120348	1.16636525375	0.828845983567	1.02827197197	2.19028696955	1.05090416143	1.00991397777	1.23440113098	1.1990819043	1.89028908168	1.41897596907	1.29375850169	1.17411815853	1.37877568874	1.36877049299	1.7073182987	1.13470574674	1.18799777187	1.20779692605	1.2986800725	1.27283525375	1.20529730304	1.19358857902	1.2482057854	1.12181871435	0.0	0.425122416626	0.973835374577	1.06123966651	1.00236051232	0.844677941034	0.88000759304	1.57187312711	1.46127155147	1.01710154664	1.0245020493	1.00962159981	0.873376694055	0.950243847269	0.78883878202	0.746433508942	1.08677721605	0.960005925568	0.858205640406	0.928109579507	0.960628115031	0.908466457226	1.05164288062	0.869574905752	1.04541676172	0.846990352827	1.04963162881	0.916762875785
AB6	0.856686104398	0.63028638956	2.49897576607	1.23793596423	0.686364122765	0.664456089898	1.03651497825	0.777721271145	0.913319714838	0.823856969551	0.877609304012	0.549780734654	0.692998477525	2.11195211213	0.783634697922	0.71476160464	0.942107974867	0.912800666989	1.83515463026	1.30622890285	1.09419131948	0.846880855486	1.07609166747	1.06427130498	1.70027244079	0.927590618656	0.873523707105	0.889756616723	0.968672397293	0.971447240213	0.991203489609	0.918861135814	0.904538303528	0.793220628323	0.425122416626	0.0	0.723396341228	0.735220758821	0.740137854036	0.672398443693	0.581317452876	1.43010076365	1.32105300145	0.707522764621	0.766984881585	0.751056437893	0.759797167714	0.665583721605	0.523609869502	0.507951836636	0.821200299662	0.725367530208	0.57428637506	0.668721140648	0.701551623973	0.653976297728	0.732257506042	0.640412643789	0.729967433543	0.564472982117	0.754169009183	0.627164625423
AC5	0.957812924118	0.766007245046	2.67334184147	1.43299928468	0.983773620106	0.567004968584	1.28160970517	0.603745529241	0.581538356694	1.03836584824	0.443064098598	0.788064122765	0.69130060899	2.29390534074	0.960976771387	0.844576341228	0.539601213146	0.529959714838	2.03178612856	1.48820081682	1.16944934268	0.847215611406	0.645781454809	0.629282899952	1.93028566941	1.01889615273	0.528520328661	0.632801155147	0.950098521025	1.0497979942	0.820329990333	0.738424755921	0.608417689705	0.552789632673	0.973835374577	0.723396341228	0.0	0.793169347511	0.434670637989	0.890865137748	0.659978849686	1.64395381827	1.50061173997	0.847506520058	0.53082037216	0.452079410343	0.99338280812	0.766770744321	0.868595132914	0.818427588207	0.795914775254	0.822511759304	0.621532131464	0.554716399227	0.534686321895	0.626887158047	0.784902286129	0.849482353794	0.792547680039	0.753809990333	0.647200430159	0.692463644273
AC6	0.794845345578	0.522671730304	2.04348187047	0.815320434993	0.730387269212	0.612621130981	0.741143354277	0.478812769454	0.696883431609	0.567218453359	0.794679719671	0.595082566457	0.613551667472	1.66218764137	0.48781737071	0.65543340261	0.798109072015	0.797076360561	1.54949673272	0.989792977284	0.783238351861	0.654802368294	0.830103562107	0.81014937651	1.54463122765	0.774996297728	0.713861846303	0.69816878202	0.481924697922	0.506410125665	0.95342842436	0.859540966651	0.617718772354	0.589450492992	1.06123966651	0.735220758821	0.793169347511	0.0	0.74702178347	0.682144673755	0.552877796037	0.882601841469	0.744175915901	0.300404809087	0.982249526341	0.884372112131	1.14163645723	0.986715944901	0.899586471725	0.943976742388	1.12485882552	1.06048956501	0.778131764137	0.827956476559	0.875092266796	0.816143233446	0.624424954084	1.01580606573	0.641885369744	0.95419578057	0.637901599807	0.948728129531
AD6	0.7711760029	0.575979961334	2.58292675689	1.25478648139	0.871967022716	0.417125814403	1.15794651039	0.473160700822	0.553810434993	0.912975219913	0.436594494925	0.685884717255	0.505112841953	2.19845926535	0.806366974384	0.650056336394	0.494582948284	0.449722551957	1.90767307395	1.38761353311	1.04862000967	0.72464380377	0.633182928951	0.613665978734	1.82319873369	0.905172194297	0.493399366844	0.523604456259	0.858921019816	0.897401333978	0.778157225713	0.609659540841	0.599419879169	0.479424494925	1.00236051232	0.740137854036	0.434670637989	0.74702178347	0.0	0.72950182697	0.42130477042	1.53756366361	1.40210538424	0.786114103432	0.65238362494	0.564245563074	0.898435717738	0.678965886902	0.817771889802	0.729078419526	0.745016491058	0.767396578057	0.491949188014	0.441044378927	0.453403069116	0.475875427743	0.584051851136	0.766875930401	0.602317042049	0.668789192847	0.427419487675	0.614722711455
AE5	0.550595345578	0.517484001933	2.36434854519	1.03742652006	0.655793750604	0.711959859836	0.832732648623	0.705239086515	0.944226123731	0.623998641856	0.961641193813	0.535703682939	0.697292619623	1.98057263412	0.622165311745	0.47320860319	0.892996858386	0.83336141131	1.53182424843	1.0849119768	0.961582397293	0.800594794587	1.03368189464	0.999253305945	1.37940510391	0.64256698405	0.85077019333	0.8345060029	0.906650821653	0.84578860319	0.929946263896	0.825901213146	0.863222373127	0.804794035766	0.844677941034	0.672398443693	0.890865137748	0.682144673755	0.72950182697	0.0	0.389375364911	1.26156152731	1.14783955534	0.596468525858	1.0797041276	1.01181602223	0.87510417593	0.826769531174	0.751201594973	0.703359743838	0.988667124215	0.879056684389	0.583978651522	0.65496378927	0.734738815853	0.587243682939	0.560538018366	0.817384465926	0.558593658772	0.777834886419	0.634159565007	0.798495732238
AE6	0.610816162397	0.356124731754	2.4164158869	1.0977701595	0.702356858386	0.465375224746	0.922412334461	0.479103228613	0.649572856452	0.689273127115	0.696425722571	0.518902740454	0.443558124698	2.03084632673	0.589759149348	0.453885698405	0.656832426293	0.639167283712	1.67080443693	1.16810130981	0.955719521508	0.671640628323	0.809607216046	0.785770517158	1.59875049299	0.719206437893	0.617504697922	0.624323881102	0.744329250846	0.756682962784	0.809619714838	0.682801507975	0.642822957951	0.525877230546	0.88000759304	0.581317452876	0.659978849686	0.552877796037	0.42130477042	0.389375364911	0.0	1.32560117448	1.19157677622	0.567034736588	0.826985253746	0.752825403577	0.867355799903	0.678481029483	0.673393441276	0.652107269212	0.83386441276	0.755248298695	0.435089685839	0.465115712905	0.512476085065	0.454451623973	0.413848840019	0.738524277429	0.440441851136	0.623191488642	0.437709178347	0.64379261479
AF5	1.24274890768	1.23212243596	1.32989580474	0.581208501692	1.18265668922	1.37271337361	0.821727757371	1.22591438859	1.35250747704	0.970468569357	1.51147622523	1.21129231513	1.33434628806	0.959302551957	1.04989330594	1.25831523441	1.48724531658	1.48245794103	1.0182018608	0.714481140648	1.1407878492	1.18585943451	1.40680943451	1.39900986467	1.47490976317	1.19013958917	1.40461855486	1.31684405027	0.944743861769	0.916170449493	1.48830744321	1.4311420058	1.28111598357	1.32627676172	1.57187312711	1.43010076365	1.64395381827	0.882601841469	1.53756366361	1.26156152731	1.32560117448	0.0	0.205937583374	0.949983798937	1.75846425326	1.64046092315	1.732759913	1.66453348478	1.56893326245	1.61158839536	1.81603773804	1.75960672789	1.50886889802	1.58450853552	1.6313961769	1.55012289995	1.26712246496	1.70665046883	1.26915364911	1.65502065732	1.37254227163	1.65604629773
AF6	1.12615015466	1.09550772354	1.43724782987	0.484628550024	1.07693881585	1.24041357661	0.722539076849	1.09050868536	1.21727627356	0.837073315611	1.37970529241	1.09352141131	1.19722222813	1.06828481392	0.922034697922	1.1257222523	1.35669153214	1.35111768004	1.0716457274	0.693964475592	1.06095199613	1.0693440841	1.27973149348	1.27026533108	1.46514471725	1.06752303045	1.26842286612	1.18287364911	0.805715664572	0.793092025133	1.36935025616	1.31071493958	1.14813303528	1.18495441276	1.46127155147	1.32105300145	1.50061173997	0.744175915901	1.40210538424	1.14783955534	1.19157677622	0.205937583374	0.0	0.814951300145	1.62279029483	1.50528583374	1.61621931368	1.53676144998	1.4513478782	1.49471252296	1.67861639439	1.63550461092	1.37445601257	1.45231111648	1.48876108748	1.41754849686	1.1310900145	1.58490665056	1.13508327695	1.53443016916	1.23843243113	1.53466182214
AG5	0.703348646689	0.502264804253	2.09049245046	0.811285031416	0.614001232479	0.593891353311	0.727211623973	0.553380971484	0.751818893185	0.526585099082	0.82020679072	0.48862558724	0.602675374577	1.70750360561	0.446037133881	0.574944697922	0.819068235863	0.785747936201	1.51898816336	0.956622116965	0.719427539874	0.650006752054	0.898982445626	0.872978554857	1.44497358144	0.695516882552	0.755822508458	0.734591918801	0.531402092798	0.503168351861	0.940662068632	0.842809323345	0.67481658289	0.646653330111	1.01710154664	0.707522764621	0.847506520058	0.300404809087	0.786114103432	0.596468525858	0.567034736588	0.949983798937	0.814951300145	0.0	1.00361768971	0.921059734171	1.09194728855	0.991021430643	0.848436935718	0.888109826003	1.14631930401	1.05360145964	0.729254755921	0.806506437893	0.887260903818	0.759721759304	0.619838753021	1.00600567424	0.618134229096	0.913085896568	0.656004456259	0.961406133398
