	AA3	AA4	AB3	AB4	AC3	AC4	AD3	AD4	AE3	AE4	AF3	AF4	AG3	AG4	AH3	AH4	AA7	AA8	AB7	AB8	AC7	AC8	AD7	AD8	AE7	AE8	AF7	AF8	AG7	AG8	AH7	AH8	AA5	AA6	AB5	AB6	AC5	AC6	AD6	AE5	AE6	AF5	AF6	AG5	AH5	AH6	AA1	AA2	AB1	AB2	AC1	AC2	AD1	AD2	AE1	AE2	AF1	AF2	AG1	AG2	AH1	AH2
AA3	0.0	0.552438298695	2.2373338086	0.942606220396	0.865240584824	0.803287974867	0.89098578057	0.744397317545	0.893995248913	0.691498269696	0.988714702755	0.759324446593	0.721944548091	1.91162644273	0.79895277912	0.325674973417	0.830404456259	0.783776230063	1.41859151281	1.07548753987	0.816764548091	0.657431029483	0.92293320928	0.878077878202	1.34724138231	0.579346713388	0.792980550991	0.702317844369	0.769973547608	0.718245002417	0.769302484292	0.698969753504	0.907980009667	0.884437404543	1.07914767521	0.912751556307	0.947627201547	0.794225514741	0.777605524408	0.58022641856	0.638613484775	1.30826034799	1.15417718705	0.702726099565	1.16231278395	1.10537664572	1.00646684389	0.95311301595	0.926368869019	0.847041996133	1.05304254229	0.989768260029	0.704261672305	0.737257419043	0.752735413243	0.703873296278	0.569236660222	0.895755862736	0.512466080232	0.965661362977	0.680365654906	0.935631686805
AA4	0.552438298695	0.0	2.22080507008	0.870758284195	0.597496099565	0.651620985984	0.853973968101	0.533194214596	0.697303185114	0.598171145481	0.88431482842	0.446365925568	0.478161561141	1.89488924601	0.296698772354	0.318646979217	0.708322899952	0.725756926051	1.49758309328	1.06210479459	0.868852667956	0.706497071049	0.88605702755	0.846215036249	1.44228326728	0.609687129048	0.723407597873	0.707791880135	0.693136882552	0.690331256646	0.897266331561	0.718001807637	0.677354016433	0.704316302562	0.922808042533	0.714683716771	0.822262948284	0.530677704205	0.652281338811	0.442030294828	0.434029299178	1.22857246979	1.00751583374	0.484710236829	1.01737288062	0.934307781537	0.95299078782	0.830108936684	0.73366261479	0.738830850652	0.939068622523	0.914408907685	0.669963131948	0.682060560657	0.675424925085	0.659479569841	0.457055065249	0.845015717738	0.445080763654	0.821539971	0.52919781537	0.79839341711
AB3	2.2373338086	2.22080507008	0.0	1.45727478009	2.14835513775	2.4150917883	1.88150420976	2.29831859836	2.3154222523	2.05981077332	2.50359862252	2.27101511358	2.32241714838	0.366035717738	2.1373241711	2.26165856452	2.4788261624	2.48637601257	1.1958999565	1.42265066699	1.9648501885	2.20475735621	2.40891848236	2.37449671339	1.89617700822	2.1615518898	2.37161086032	2.31456193813	1.9291278782	1.81175888835	2.43775746254	2.43081480425	2.28011487192	2.38558547124	2.5377759739	2.4734082262	2.61705133398	2.0230098115	2.53321768004	2.28660959401	2.39957485259	1.25544146448	1.43546036249	2.05310594973	2.74458942484	2.64787736588	2.67588620106	2.68117045916	2.52423253746	2.58943816336	2.76944929435	2.73594116965	2.58169881585	2.60954483809	2.59405154181	2.60084076365	2.32513059449	2.68299346061	2.28350596907	2.66816661672	2.39803061866	2.66669936684
AB4	0.942606220396	0.870758284195	1.45727478009	0.0	0.87425280812	1.0622741276	0.763863765104	0.99274318028	1.08771611406	0.754749449009	1.22222894635	0.942633392943	0.893168264862	1.11862898018	0.842434233929	0.911669961334	1.167229768	1.16732958434	1.00387347028	0.523762044466	0.888860154664	0.934395065249	1.14789455776	1.09580100532	1.2987341566	0.895617090382	1.1192718753	1.03427318995	0.686496539391	0.558716810053	1.2342961479	1.14801413726	1.07611997583	1.13190829386	1.3556262204	1.21965911068	1.34595059932	0.761303537941	1.18632671822	0.939755384244	1.04890741904	0.665367670372	0.511347747704	0.748328956017	1.46449665539	1.37793942484	1.46218359111	1.39455074915	1.27943337844	1.32198711455	1.49645982117	1.48466322861	1.24639853552	1.29254892702	1.29621333978	1.27967735138	1.00764844853	1.41453285162	0.961008675689	1.3997541276	1.06545729821	1.37841949251
AC3	0.865240584824	0.597496099565	2.14835513775	0.87425280812	0.0	0.746428646689	0.820386471725	0.799872566457	0.916942097632	0.634954572257	1.07112913001	0.337498129531	0.771210990817	1.82901905268	0.628338032866	0.73261982117	0.969305273079	0.986397704205	1.44460805703	1.0341037941	1.02485765104	0.991741899468	1.2003021943	1.15712065732	1.31266602707	0.798331725471	1.01683753987	1.00239232963	0.842645993233	0.837379294345	1.15803716288	1.01622144514	0.95954239246	0.970893301112	0.827641406477	0.752304127598	0.998903948768	0.661796104398	0.858811793137	0.612330029	0.734760033833	1.17418068149	0.988783165781	0.582989671339	1.20416927018	1.13022741904	0.967124751087	0.979954064766	0.757319671339	0.854512286129	1.12612957467	1.04738160464	0.81130980667	0.889453750604	0.893237254712	0.859729956501	0.800822967617	0.966527776704	0.783721155147	0.987222305462	0.82040817303	0.963991169647
AC4	0.803287974867	0.651620985984	2.4150917883	1.0622741276	0.746428646689	0.0	1.18107849203	0.398539569841	0.447534939584	0.869636964717	0.405492653456	0.510608651522	0.486630173997	2.09151735621	0.675028757854	0.635424746254	0.55064260029	0.547346872885	1.83141407443	1.35503765104	0.972387129048	0.671969366844	0.645773750604	0.620000033833	1.75845834703	0.786020691155	0.559532692122	0.545736355727	0.652218709522	0.813056573224	0.843400241663	0.657415514741	0.514396423393	0.440175867569	0.978215514741	0.730428279362	0.530181720638	0.625410309328	0.400432310295	0.756042967617	0.521011648139	1.45512230063	1.240900029	0.669504688255	0.660921667472	0.582067375544	1.05015234413	0.828570502658	0.793887573707	0.798750425326	0.846408690188	0.938910850652	0.606146012566	0.640440009667	0.604756921218	0.627959637506	0.605707873369	0.909816278395	0.676637119381	0.787550391493	0.445123006283	0.773841730304
AD3	0.89098578057	0.853973968101	1.88150420976	0.763863765104	0.820386471725	1.18107849203	0.0	0.995154968584	1.26513242629	0.387683798937	1.36768751087	0.939933794103	1.07152268246	1.55457245529	0.857327974867	0.899610198163	1.23964292895	1.21712634123	1.27662857419	0.832572518125	0.894063600773	0.98310218463	1.32468308845	1.24947245529	1.2178917158	0.8724839971	1.1970038666	1.11380615756	0.940713934268	0.792351304978	1.19558647656	1.13651255679	1.22230298695	1.1891998695	1.20993070082	1.08062474142	1.29246235863	0.774281967134	1.17972804737	0.812765828903	0.975634876752	0.858593030449	0.734490710488	0.738354963751	1.46148704205	1.38472949251	1.3856062639	1.38646348478	1.16493048333	1.21920109715	1.49362678589	1.45983087965	1.20130562591	1.25887149348	1.25196172547	1.22032447076	1.0043877767	1.34524736588	0.939103934268	1.33129755437	1.12919103915	1.3472461479
AD4	0.744397317545	0.533194214596	2.29831859836	0.99274318028	0.799872566457	0.398539569841	0.995154968584	0.0	0.304667278879	0.669497868536	0.528999105848	0.626486694055	0.483507839536	1.97202705655	0.554475944901	0.530500265829	0.492462624456	0.491617259546	1.76662537941	1.2717261914	0.860094229096	0.532762856452	0.537833958434	0.502472576124	1.71725422426	0.723475708072	0.430852977284	0.414721957467	0.510419739004	0.721351164814	0.763094456259	0.569411295312	0.329793711938	0.394546959884	1.07736120348	0.806132653456	0.573121483809	0.475608235863	0.449690778154	0.670148376027	0.488315055582	1.3111857854	1.09832486709	0.53120878202	0.7620740261	0.660132058966	1.16599030933	0.945288941518	0.910064166264	0.91607219913	0.949183204447	1.06534064766	0.736127728371	0.703067080715	0.666146051232	0.706972460126	0.494276800387	1.02288392943	0.575328492025	0.894305476075	0.438042286129	0.890509545674
AE3	0.893995248913	0.697303185114	2.3154222523	1.08771611406	0.916942097632	0.447534939584	1.26513242629	0.304667278879	0.0	0.928588695022	0.3800580232	0.729281938134	0.591669782504	2.00003006283	0.670563687772	0.705363272112	0.504981464476	0.532099231513	1.90406887869	1.4233678637	0.966190584824	0.683551855969	0.460721121315	0.46446622523	1.87130128081	0.882759449009	0.452048163364	0.497509275012	0.602526669889	0.845891580474	0.883267477042	0.708644180764	0.229742498792	0.34485217013	1.1898920203	0.931147501208	0.554713131948	0.653178221363	0.559304794587	0.88390637506	0.637007757371	1.37059038666	1.17362041083	0.722675258579	0.743047965201	0.644916428226	1.27330548574	1.03296317061	1.03381501208	1.03360891252	1.03712090382	1.16357932334	0.847806665056	0.813220091832	0.761635514741	0.817950169164	0.663293088449	1.14091855486	0.759671227646	1.00669892218	0.57864858869	0.979362237796
AE4	0.691498269696	0.598171145481	2.05981077332	0.754749449009	0.634954572257	0.869636964717	0.387683798937	0.669497868536	0.928588695022	0.0	1.07201403577	0.683666621556	0.799722643789	1.73245326728	0.613777216046	0.633369550507	0.93259217013	0.913677863702	1.43131387144	0.966280115998	0.745922324795	0.713850188497	1.00986143548	0.938615712905	1.31732933784	0.621387303045	0.889594693088	0.798298608023	0.650768153697	0.588892155631	0.945346621556	0.847390430159	0.893067520541	0.884592696955	0.999380734654	0.863249526341	0.990785451909	0.521325563074	0.890169130014	0.586741681972	0.704960473659	1.02775043016	0.824808931851	0.469575205413	1.17590647173	1.09450786854	1.14616844853	1.14235131464	0.943348414693	0.994723204447	1.24865510875	1.20692249879	0.950084088932	0.994383170614	0.967209449009	0.955458999517	0.740287303045	1.10649849203	0.671991928468	1.10624659256	0.832021227646	1.09628839053
AF3	0.988714702755	0.88431482842	2.50359862252	1.22222894635	1.07112913001	0.405492653456	1.36768751087	0.528999105848	0.3800580232	1.07201403577	0.0	0.864350884485	0.688814330594	2.18255521991	0.888801788304	0.852632315128	0.524984301595	0.508983054616	2.0106939971	1.53217841469	1.0839017448	0.818690952151	0.395754040599	0.410196099565	1.98635278879	1.00121340261	0.509722938618	0.595979081682	0.765305785404	0.985617810536	0.852145036249	0.717894432093	0.457459980667	0.459241541808	1.20623711938	0.991444074432	0.501622368294	0.79962662639	0.531089768004	0.970521333978	0.721299719671	1.56222444659	1.35505695505	0.869582706622	0.691658477525	0.615132701788	1.2558902755	1.03346832769	1.10607431126	1.05269470759	1.03594247463	1.13490521508	0.830809579507	0.817353600773	0.782341561141	0.80371578057	0.815317423876	1.09712706622	0.898264388594	0.995579835669	0.600445471242	0.973941730304
AF4	0.759324446593	0.446365925568	2.27101511358	0.942633392943	0.337498129531	0.510608651522	0.939933794103	0.626486694055	0.729281938134	0.683666621556	0.864350884485	0.0	0.588957085549	1.94886877235	0.517605703238	0.588945326245	0.801418994683	0.821677090382	1.59529260512	1.12742863219	0.974447332044	0.833784958917	1.01490820203	0.978835799903	1.48056985984	0.676111565974	0.858759207347	0.850493823103	0.753401454809	0.772758951184	1.01355599807	0.869413900435	0.767670855486	0.789994862252	0.789131996133	0.561930241663	0.757662909618	0.572029333011	0.678358777187	0.549807520541	0.58759961334	1.27407227646	1.06899065249	0.517766022233	0.950195751571	0.873226167231	0.861015418076	0.7600000145	0.603797017883	0.660617394877	0.889574944418	0.846824954084	0.592670845819	0.656899826003	0.673415103915	0.690234929918	0.640488627356	0.776190691155	0.644140347994	0.775480744321	0.667024610923	0.732671135814
AG3	0.721944548091	0.478161561141	2.32241714838	0.893168264862	0.771210990817	0.486630173997	1.07152268246	0.483507839536	0.591669782504	0.799722643789	0.688814330594	0.588957085549	0.0	1.98086031899	0.486931565974	0.523160826486	0.538753856936	0.57046842436	1.71930710005	1.24310949734	0.935908351861	0.632901445143	0.712654780087	0.697737651039	1.62119117931	0.691836085065	0.577317085549	0.563713247946	0.655373977767	0.774505848236	0.823125340744	0.648351846303	0.604635625906	0.565106379894	1.01386710005	0.780527452876	0.737772783954	0.590162252296	0.550295398743	0.644598177864	0.457993798937	1.36546922668	1.15275988884	0.600088327695	0.891800821653	0.807517037216	1.04068691638	0.81175280812	0.813453117448	0.813337709038	0.929953644273	0.933499603673	0.629114949251	0.659808801353	0.672265442243	0.623806505558	0.444352711455	0.914818168197	0.518910183664	0.81632020783	0.383314929918	0.790039318511
AG4	1.91162644273	1.89488924601	0.366035717738	1.11862898018	1.82901905268	2.09151735621	1.55457245529	1.97202705655	2.00003006283	1.73245326728	2.18255521991	1.94886877235	1.98086031899	0.0	1.81870905268	1.93181295795	2.16633357661	2.17028465442	0.945663629773	1.10978738038	1.6458778637	1.8812837071	2.09205267279	2.0545780667	1.64177502658	1.84533153214	2.05087325761	1.99227054132	1.61324534558	1.49036106332	2.13330662639	2.11293169164	1.96022437409	2.05947337844	2.22416968101	2.14973482842	2.2982241421	1.70025453842	2.20970584824	1.96010467376	2.06994964234	0.946371179314	1.12451078299	1.72774301112	2.42023913968	2.32109873852	2.35204292412	2.3578098115	2.19754845819	2.25828233929	2.44564112615	2.41252476559	2.25463904785	2.28396064282	2.27406363461	2.27699295312	2.00343140648	2.36167680522	1.9622680957	2.33757756887	2.07707951184	2.34490536974
AH3	0.79895277912	0.296698772354	2.1373241711	0.842434233929	0.628338032866	0.675028757854	0.857327974867	0.554475944901	0.670563687772	0.613777216046	0.888801788304	0.517605703238	0.486931565974	1.81870905268	0.0	0.542489115515	0.75778138231	0.794787781537	1.58189804737	1.10160102465	0.889719937168	0.743655882069	0.882580265829	0.858536969551	1.52020145964	0.754923658772	0.768035717738	0.734474586757	0.657253460609	0.684538274529	1.00984376027	0.842575959401	0.644016201063	0.680759357177	1.01785785404	0.76458120348	0.870703682939	0.462152783954	0.742050744321	0.603183170614	0.562284688255	1.13550356694	0.92019842436	0.465248999517	1.04219524891	0.952230720155	1.08350514258	0.913508182697	0.822762914451	0.846554649589	1.0225679652	1.0072737796	0.786714625423	0.798904465926	0.786144055099	0.778596466892	0.566504925085	0.955093784437	0.557774403093	0.913754142098	0.636218066699	0.882472663122
AH4	0.325674973417	0.318646979217	2.26165856452	0.911669961334	0.73261982117	0.635424746254	0.899610198163	0.530500265829	0.705363272112	0.633369550507	0.852632315128	0.588945326245	0.523160826486	1.93181295795	0.542489115515	0.0	0.650984050266	0.619245558241	1.48314194297	1.07902164331	0.819130657322	0.569186959884	0.770764867086	0.72029157564	1.45448760754	0.54781378927	0.621897602707	0.579695949734	0.636562701788	0.681613518608	0.752810642823	0.571291106815	0.702180009667	0.673748598357	0.998296355727	0.756736234896	0.789776288062	0.592043407443	0.623864528758	0.491145654906	0.430333214113	1.29386183664	1.08261298212	0.534067520541	0.978366133398	0.913057390043	1.01418863219	0.873318351861	0.80251298695	0.763282692122	0.970476007733	0.939517211213	0.635021256646	0.666699971	0.674708965684	0.624334340261	0.361141512808	0.868093678105	0.32936298695	0.83189139681	0.497289666506	0.842424021266
AA7	0.830404456259	0.708322899952	2.4788261624	1.167229768	0.969305273079	0.55064260029	1.23964292895	0.492462624456	0.504981464476	0.93259217013	0.524984301595	0.801418994683	0.538753856936	2.16633357661	0.75778138231	0.650984050266	0.0	0.156350140164	1.82638449493	1.3662818463	1.01958791203	0.669221933301	0.461104180764	0.457653895602	1.77201682939	0.822731005317	0.347252595457	0.410329714838	0.719263475109	0.909418467859	0.648420918318	0.426376810053	0.49415479942	0.480653073949	1.17007176414	0.966010937651	0.537782783954	0.770281570807	0.512575326245	0.867787433543	0.631874915418	1.5370382987	1.33042262929	0.792641082649	0.763350038666	0.664773736104	1.13734533591	0.911812116965	1.03633318995	0.975404258096	0.912356085065	1.0120938376	0.715172537458	0.690027965201	0.655097974867	0.676545369744	0.517325746738	0.975013436443	0.60914857419	0.946827298212	0.460946254229	0.867329299178
AA8	0.783776230063	0.725756926051	2.48637601257	1.16732958434	0.986397704205	0.547346872885	1.21712634123	0.491617259546	0.532099231513	0.913677863702	0.508983054616	0.821677090382	0.57046842436	2.17028465442	0.794787781537	0.619245558241	0.156350140164	0.0	1.81458420493	1.34695243113	0.970265128081	0.621921652972	0.423387825036	0.417650067666	1.73571560174	0.780080236829	0.330911309812	0.369585471242	0.683253576607	0.884540072499	0.583740115998	0.373927037216	0.520715331078	0.507338390527	1.18073366844	0.981116447559	0.524741913968	0.796684712421	0.514774349927	0.850643537941	0.635415911068	1.54906439826	1.34175023683	0.804815563074	0.748823939101	0.666605123248	1.16306768487	0.931807651039	1.05029845819	0.989773354277	0.926488728855	1.02749159497	0.72386417593	0.699604630256	0.664002798453	0.667602634123	0.54548037216	1.00742306428	0.602592044466	0.954553948768	0.458515253746	0.894511870469
AB7	1.41859151281	1.49758309328	1.1958999565	1.00387347028	1.44460805703	1.83141407443	1.27662857419	1.76662537941	1.90406887869	1.43131387144	2.0106939971	1.59529260512	1.71930710005	0.945663629773	1.58189804737	1.48314194297	1.82638449493	1.81458420493	0.0	0.544169347511	1.48794968101	1.59278013533	1.92719311261	1.87861350894	1.05920524891	1.4088997825	1.80702072499	1.72045804737	1.41110557274	1.19900539874	1.7080780957	1.67749252779	1.86609681005	1.90102750604	1.85205085549	1.80505729821	1.95634000967	1.50644970034	1.8492758289	1.46739366844	1.64851011116	0.974044630256	1.03684479459	1.45950658289	2.15812848236	2.09035038183	1.93507672305	1.96714340744	1.80262437409	1.82281385694	2.06637022716	1.99768253746	1.82095473175	1.84568750121	1.84298040116	1.83499467859	1.62622424843	1.931319971	1.56958880619	1.9134781827	1.74565954567	1.95420441759
AB8	1.07548753987	1.06210479459	1.42265066699	0.523762044466	1.0341037941	1.35503765104	0.832572518125	1.2717261914	1.4233678637	0.966280115998	1.53217841469	1.12742863219	1.24310949734	1.10978738038	1.10160102465	1.07902164331	1.3662818463	1.34695243113	0.544169347511	0.0	1.04644310778	1.1265039246	1.43599388594	1.3810461334	1.13017437409	0.982062208797	1.30941368777	1.22466766554	0.899889429676	0.706416621556	1.2905161914	1.2649757564	1.38152670855	1.41689448526	1.44127672305	1.35533515225	1.49229605607	1.01039394393	1.41170933301	1.07746678589	1.22638680522	0.709003557274	0.660089009183	0.980028013533	1.6962341856	1.61579436443	1.60084488159	1.56395694055	1.40980125181	1.42727438859	1.6688458289	1.63333312228	1.43894527791	1.45653768004	1.44968678105	1.44673493958	1.19641309328	1.56707814403	1.15463922668	1.51201667472	1.27230483325	1.54147752537
AC7	0.816764548091	0.868852667956	1.9648501885	0.888860154664	1.02485765104	0.972387129048	0.894063600773	0.860094229096	0.966190584824	0.745922324795	1.0839017448	0.974447332044	0.935908351861	1.6458778637	0.889719937168	0.819130657322	1.01958791203	0.970265128081	1.48794968101	1.04644310778	0.0	0.443162885452	0.994770478492	0.943635911068	1.40884057516	0.718034093765	0.959761870469	0.803846926051	0.613710971484	0.598839304012	0.884506259062	0.856446288062	0.928606220396	0.931703218946	1.27555312228	1.15410279362	1.18816965201	0.782636858386	1.05854055099	0.942687660706	0.952393760271	1.21183510391	1.08415991783	0.729355442243	1.14677468342	1.07192450942	1.50112088449	1.44080608023	1.2565697245	1.25677724505	1.53240907202	1.51050238763	1.16488244079	1.22892753504	1.21836322861	1.16284540358	0.941000144998	1.42385516191	0.880805862736	1.33394082649	0.932402904785	1.40803115031
AC8	0.657431029483	0.706497071049	2.20475735621	0.934395065249	0.991741899468	0.671969366844	0.98310218463	0.532762856452	0.683551855969	0.713850188497	0.818690952151	0.833784958917	0.632901445143	1.8812837071	0.743655882069	0.569186959884	0.669221933301	0.621921652972	1.59278013533	1.1265039246	0.443162885452	0.0	0.67868098115	0.643598371194	1.52961155147	0.610080323828	0.549126814886	0.401319159014	0.49039937651	0.622761251812	0.621432150797	0.52904237796	0.636306205897	0.630332435959	1.13055227646	0.904590550991	0.854429076849	0.663176022233	0.722570212663	0.799281304978	0.646476433059	1.28800209763	1.11146043499	0.677282706622	0.901397491542	0.830708893185	1.32724074432	1.11256154181	1.04150459642	1.0215599275	1.19033843403	1.22064688739	0.855131677139	0.89374481392	0.882636950217	0.839090918318	0.574895384244	1.17027311745	0.591454316095	1.00128457226	0.583667404543	1.06800947318
AD7	0.92293320928	0.88605702755	2.40891848236	1.14789455776	1.2003021943	0.645773750604	1.32468308845	0.537833958434	0.460721121315	1.00986143548	0.395754040599	1.01490820203	0.712654780087	2.09205267279	0.882580265829	0.770764867086	0.461104180764	0.423387825036	1.92719311261	1.43599388594	0.994770478492	0.67868098115	0.0	0.170135911068	1.90015183664	0.87762680522	0.384050560657	0.440061599807	0.644629134848	0.864056974384	0.740437443209	0.596419337844	0.464065447076	0.511082426293	1.34745244563	1.11861020783	0.620180333494	0.81124962784	0.663886070565	1.01297363461	0.793588182697	1.47877889319	1.27406231513	0.883250019333	0.794420270662	0.70942897535	1.37453260996	1.13222526825	1.2293122088	1.18875929435	1.11564690672	1.25307316578	0.957964741421	0.900719028516	0.849671222813	0.897055195747	0.729468516191	1.22757234896	0.799219637506	1.13392877235	0.610703059449	1.07839072499
AD8	0.878077878202	0.846215036249	2.37449671339	1.09580100532	1.15712065732	0.620000033833	1.24947245529	0.502472576124	0.46446622523	0.938615712905	0.410196099565	0.978835799903	0.697737651039	2.0545780667	0.858536969551	0.72029157564	0.457653895602	0.417650067666	1.87861350894	1.3810461334	0.943635911068	0.643598371194	0.170135911068	0.0	1.81474498308	0.789297332044	0.367740410826	0.428117887869	0.609034934751	0.804295128081	0.70913722088	0.559394736588	0.484965688739	0.484454751087	1.33195584824	1.0955440406	0.614660169164	0.775028902852	0.64749280812	0.968436099565	0.760429729338	1.44323031899	1.23850487675	0.830148859352	0.779107046883	0.692842798453	1.35256827936	1.11429288545	1.19402388594	1.15047047849	1.10961877719	1.23472508458	0.929843465442	0.885067863702	0.839899893668	0.878545712905	0.70882179797	1.20761268729	0.760805041083	1.10172520541	0.589847235379	1.057050261
AE7	1.34724138231	1.44228326728	1.89617700822	1.2987341566	1.31266602707	1.75845834703	1.2178917158	1.71725422426	1.87130128081	1.31732933784	1.98635278879	1.48056985984	1.62119117931	1.64177502658	1.52020145964	1.45448760754	1.77201682939	1.73571560174	1.05920524891	1.13017437409	1.40884057516	1.52961155147	1.90015183664	1.81474498308	0.0	1.04988568874	1.78870106332	1.68018285162	1.42956715805	1.30916704205	1.56962098598	1.57322183664	1.85841352344	1.85801645723	1.69603659739	1.69949226196	1.91278125665	1.52060326245	1.79916826003	1.37832556791	1.61360021266	1.45609704205	1.44782322861	1.41709266312	2.04322676172	1.98542993717	1.72403890768	1.82101350894	1.64920433543	1.63694755437	1.95544041566	1.83402122281	1.67259900435	1.72740311261	1.73358631706	1.68147311261	1.59280213146	1.76699082649	1.50828682455	1.79094068632	1.69217101982	1.81768682455
AE8	0.579346713388	0.609687129048	2.1615518898	0.895617090382	0.798331725471	0.786020691155	0.8724839971	0.723475708072	0.882759449009	0.621387303045	1.00121340261	0.676111565974	0.691836085065	1.84533153214	0.754923658772	0.54781378927	0.822731005317	0.780080236829	1.4088997825	0.982062208797	0.718034093765	0.610080323828	0.87762680522	0.789297332044	1.04988568874	0.0	0.797927042049	0.689706800387	0.639414122765	0.575091029483	0.747381706138	0.666859589174	0.870728144031	0.867029560174	1.09102668439	0.909254055099	0.94379522958	0.696961788304	0.845345074915	0.612349410343	0.70902081682	1.25598510875	1.06201745288	0.613205833736	1.11800705655	1.06286108748	1.1658241421	1.08929962301	0.940954867086	0.950968931851	1.20051024166	1.18023114548	0.888101870469	0.921698651522	0.9180360174	0.880013968101	0.693533407443	1.09705275495	0.635637269212	1.03252541808	0.722455316578	1.06130540841
AF7	0.792980550991	0.723407597873	2.37161086032	1.1192718753	1.01683753987	0.559532692122	1.1970038666	0.430852977284	0.452048163364	0.889594693088	0.509722938618	0.858759207347	0.577317085549	2.05087325761	0.768035717738	0.621897602707	0.347252595457	0.330911309812	1.80702072499	1.30941368777	0.959761870469	0.549126814886	0.384050560657	0.367740410826	1.78870106332	0.797927042049	0.0	0.228433359111	0.617273740938	0.81534040116	0.662960753987	0.531070053166	0.437169763171	0.438385060416	1.14531971	0.918950154664	0.517514480425	0.704106007733	0.55522261479	0.847126495892	0.615223702272	1.44731773804	1.23673294345	0.746226766554	0.762136138231	0.692051522475	1.21224706622	0.993109072015	1.04020559207	1.00471261962	0.978876220396	1.10239448526	0.786070246496	0.772833165781	0.731027583374	0.758898013533	0.5283539826	1.05081565007	0.608618579024	0.965908361527	0.464116868052	0.940708438859
AF8	0.702317844369	0.707791880135	2.31456193813	1.03427318995	1.00239232963	0.545736355727	1.11380615756	0.414721957467	0.497509275012	0.798298608023	0.595979081682	0.850493823103	0.563713247946	1.99227054132	0.734474586757	0.579695949734	0.410329714838	0.369585471242	1.72045804737	1.22466766554	0.803846926051	0.401319159014	0.440061599807	0.428117887869	1.68018285162	0.689706800387	0.228433359111	0.0	0.543654639923	0.725588704688	0.645944262929	0.485724195263	0.453792373127	0.44801757854	1.1585721798	0.929005157081	0.610080241663	0.688812609956	0.569478148864	0.81502060899	0.60961258579	1.38622226196	1.16681149348	0.708428951184	0.803669874335	0.728280879652	1.24582722088	1.02983064766	1.02919517158	1.01705535524	1.02401134848	1.14389416626	0.808638559691	0.813643363944	0.77587019333	0.782554166264	0.534573344611	1.09615848236	0.572955563074	0.983914451426	0.480222416626	0.974369859836
AG7	0.769973547608	0.693136882552	1.9291278782	0.686496539391	0.842645993233	0.652218709522	0.940713934268	0.510419739004	0.602526669889	0.650768153697	0.765305785404	0.753401454809	0.655373977767	1.61324534558	0.657253460609	0.636562701788	0.719263475109	0.683253576607	1.41110557274	0.899889429676	0.613710971484	0.49039937651	0.644629134848	0.609034934751	1.42956715805	0.639414122765	0.617273740938	0.543654639923	0.0	0.310082977284	0.799525514741	0.663101145481	0.576785476075	0.683088419526	1.2256199565	0.970659323345	0.860049304012	0.453843508942	0.763161884969	0.803799966167	0.711538477525	1.07178383277	0.855006926051	0.496521184147	1.02747881102	0.935562063799	1.3432622958	1.10146250362	1.10378472692	1.11108689222	1.19118980667	1.24301288545	0.938019811503	0.928327090382	0.909362435959	0.915580405993	0.653404697922	1.2057259884	0.683331565974	1.08263534558	0.659621706138	1.0728879797
AG8	0.718245002417	0.690331256646	1.81175888835	0.558716810053	0.837379294345	0.813056573224	0.792351304978	0.721351164814	0.845891580474	0.588892155631	0.985617810536	0.772758951184	0.774505848236	1.49036106332	0.684538274529	0.681613518608	0.909418467859	0.884540072499	1.19900539874	0.706416621556	0.598839304012	0.622761251812	0.864056974384	0.804295128081	1.30916704205	0.575091029483	0.81534040116	0.725588704688	0.310082977284	0.0	0.906888076365	0.824116447559	0.819016022233	0.85198522958	1.22057738521	1.015519739	1.04407022233	0.495236065732	0.927185345578	0.769128946351	0.805285640406	0.97592778637	0.775810956984	0.497305137748	1.16606858386	1.08385658289	1.35457660222	1.24024865152	1.12663708072	1.16255151281	1.33733713388	1.33284953117	1.05102544708	1.06067543258	1.04555907202	1.04088176897	0.787821111648	1.26207272595	0.755833460609	1.22581760754	0.804138419526	1.21317360561
AH7	0.769302484292	0.897266331561	2.43775746254	1.2342961479	1.15803716288	0.843400241663	1.19558647656	0.763094456259	0.883267477042	0.945346621556	0.852145036249	1.01355599807	0.823125340744	2.13330662639	1.00984376027	0.752810642823	0.648420918318	0.583740115998	1.7080780957	1.2905161914	0.884506259062	0.621432150797	0.740437443209	0.70913722088	1.56962098598	0.747381706138	0.662960753987	0.645944262929	0.799525514741	0.906888076365	0.0	0.289525239246	0.89722340261	0.87625719188	1.1675518898	1.02162333978	0.810912556791	0.921866694055	0.791525427743	0.937440009667	0.792954548091	1.5417041566	1.37743025616	0.938721623973	0.97786242146	0.908585993233	1.29581295312	1.09670620106	1.18094036249	1.04641137264	1.12148792653	1.1927238521	0.87360638956	0.847494171097	0.809949188014	0.826711333978	0.76292178347	1.15097520541	0.773705529241	1.01332400193	0.698245403577	1.04449808603
AH8	0.698969753504	0.718001807637	2.43081480425	1.14801413726	1.01622144514	0.657415514741	1.13651255679	0.569411295312	0.708644180764	0.847390430159	0.717894432093	0.869413900435	0.648351846303	2.11293169164	0.842575959401	0.571291106815	0.426376810053	0.373927037216	1.67749252779	1.2649757564	0.856446288062	0.52904237796	0.596419337844	0.559394736588	1.57322183664	0.666859589174	0.531070053166	0.485724195263	0.663101145481	0.824116447559	0.289525239246	0.0	0.715761372644	0.671122769454	1.13379447076	0.92822361044	0.695062174964	0.789703726438	0.595008289029	0.798833272112	0.619951483809	1.49930214596	1.29970083132	0.799372150797	0.844465582407	0.756299410343	1.15723094248	0.957225147414	1.03927741421	0.92808839536	0.960949502175	1.05183941518	0.717137477042	0.697591860802	0.661279221846	0.672454185597	0.586250821653	1.01003961334	0.60488240696	0.882240328661	0.50351742871	0.907368419526
AA5	0.907980009667	0.677354016433	2.28011487192	1.07611997583	0.95954239246	0.514396423393	1.22230298695	0.329793711938	0.229742498792	0.893067520541	0.457459980667	0.767670855486	0.604635625906	1.96022437409	0.644016201063	0.702180009667	0.49415479942	0.520715331078	1.86609681005	1.38152670855	0.928606220396	0.636306205897	0.464065447076	0.484965688739	1.85841352344	0.870728144031	0.437169763171	0.453792373127	0.576785476075	0.819016022233	0.89722340261	0.715761372644	0.0	0.265360478492	1.22380270662	0.949588579024	0.621049975834	0.578119550507	0.635754146931	0.83781222813	0.649205693572	1.29548100532	1.10135028516	0.665276587724	0.785179859836	0.678522155631	1.33718000967	1.10510070082	1.08134430643	1.09623425326	1.10571225713	1.22649843886	0.900141807637	0.876590033833	0.825885311745	0.875299076849	0.612291150314	1.19645246013	0.697607404543	1.06385909135	0.583619835669	1.04845146448
AA6	0.884437404543	0.704316302562	2.38558547124	1.13190829386	0.970893301112	0.440175867569	1.1891998695	0.394546959884	0.34485217013	0.884592696955	0.459241541808	0.789994862252	0.565106379894	2.05947337844	0.680759357177	0.673748598357	0.480653073949	0.507338390527	1.90102750604	1.41689448526	0.931703218946	0.630332435959	0.511082426293	0.484454751087	1.85801645723	0.867029560174	0.438385060416	0.44801757854	0.683088419526	0.85198522958	0.87625719188	0.671122769454	0.265360478492	0.0	1.10035873852	0.850808003867	0.529380043499	0.614089656839	0.530821962301	0.82369517158	0.547435094248	1.40888666506	1.19700833736	0.690831817303	0.568752769454	0.469706307395	1.22419834219	1.01330000967	0.961502938618	0.956143470275	1.00902958434	1.11748932818	0.766613441276	0.788412522958	0.738389937168	0.763545036249	0.587288960851	1.0744279217	0.683586220396	0.933864084099	0.508006616723	0.949446558724
AB5	1.07914767521	0.922808042533	2.5377759739	1.3556262204	0.827641406477	0.978215514741	1.20993070082	1.07736120348	1.1898920203	0.999380734654	1.20623711938	0.789131996133	1.01386710005	2.22416968101	1.01785785404	0.998296355727	1.17007176414	1.18073366844	1.85205085549	1.44127672305	1.27555312228	1.13055227646	1.34745244563	1.33195584824	1.69603659739	1.09102668439	1.14531971	1.1585721798	1.2256199565	1.22057738521	1.1675518898	1.13379447076	1.22380270662	1.10035873852	0.0	0.376688608023	0.952380589657	1.03585070565	0.965387129048	0.830169424843	0.8654240116	1.60808335428	1.42408941518	1.0023920058	1.00044733204	0.950780850652	0.838109279845	0.922947699372	0.742418429193	0.722712242629	1.03957360077	0.949093576607	0.778544852586	0.885410478492	0.932085012083	0.914093392943	0.990402518125	0.841178221363	0.998405828903	0.836515833736	1.00338143064	0.899019536008
AB6	0.912751556307	0.714683716771	2.4734082262	1.21965911068	0.752304127598	0.730428279362	1.08062474142	0.806132653456	0.931147501208	0.863249526341	0.991444074432	0.561930241663	0.780527452876	2.14973482842	0.76458120348	0.756736234896	0.966010937651	0.981116447559	1.80505729821	1.35533515225	1.15410279362	0.904590550991	1.11861020783	1.0955440406	1.69949226196	0.909254055099	0.918950154664	0.929005157081	0.970659323345	1.015519739	1.02162333978	0.92822361044	0.949588579024	0.850808003867	0.376688608023	0.0	0.749009275012	0.762654142098	0.754533175447	0.696348463026	0.633352145964	1.49901682455	1.28979553891	0.757130019333	0.782023943934	0.748519550507	0.768180198163	0.684672846786	0.539860405993	0.496654519091	0.798403639439	0.753509395843	0.568830106332	0.682765553407	0.725669328178	0.718576413726	0.73236160464	0.657364296762	0.738347245046	0.592937153214	0.795567109715	0.650535519575
AC5	0.947627201547	0.822262948284	2.61705133398	1.34595059932	0.998903948768	0.530181720638	1.29246235863	0.573121483809	0.554713131948	0.990785451909	0.501622368294	0.757662909618	0.737772783954	2.2982241421	0.870703682939	0.789776288062	0.537782783954	0.524741913968	1.95634000967	1.49229605607	1.18816965201	0.854429076849	0.620180333494	0.614660169164	1.91278125665	0.94379522958	0.517514480425	0.610080241663	0.860049304012	1.04407022233	0.810912556791	0.695062174964	0.621049975834	0.529380043499	0.952380589657	0.749009275012	0.0	0.749873189947	0.447011469309	0.857178037699	0.638860299662	1.67328057999	1.45015748671	0.836604833253	0.519247100048	0.486889975834	1.02184504592	0.807686220396	0.887223291445	0.831648308362	0.77801261479	0.8867780232	0.627569956501	0.589430294828	0.547379453842	0.60458222813	0.729206336394	0.86354738521	0.810573707105	0.776317293378	0.586283711938	0.730811822136
AC6	0.794225514741	0.530677704205	2.0230098115	0.761303537941	0.661796104398	0.625410309328	0.774281967134	0.475608235863	0.653178221363	0.521325563074	0.79962662639	0.572029333011	0.590162252296	1.70025453842	0.462152783954	0.592043407443	0.770281570807	0.796684712421	1.50644970034	1.01039394393	0.782636858386	0.663176022233	0.81124962784	0.775028902852	1.52060326245	0.696961788304	0.704106007733	0.688812609956	0.453843508942	0.495236065732	0.921866694055	0.789703726438	0.578119550507	0.614089656839	1.03585070565	0.762654142098	0.749873189947	0.0	0.719126341228	0.625850666989	0.576930115998	0.963091372644	0.743496157564	0.282764122765	0.973206060899	0.873182324795	1.16486996133	1.02740509425	0.912592411793	0.930964494925	1.11388634606	1.09740931851	0.83406460609	0.86209182697	0.854508690188	0.844078965684	0.597973687772	1.03244243113	0.613817849203	0.980617791203	0.626759734171	0.982515248913
AD6	0.777605524408	0.652281338811	2.53321768004	1.18632671822	0.858811793137	0.400432310295	1.17972804737	0.449690778154	0.559304794587	0.890169130014	0.531089768004	0.678358777187	0.550295398743	2.20970584824	0.742050744321	0.623864528758	0.512575326245	0.514774349927	1.8492758289	1.41170933301	1.05854055099	0.722570212663	0.663886070565	0.64749280812	1.79916826003	0.845345074915	0.55522261479	0.569478148864	0.763161884969	0.927185345578	0.791525427743	0.595008289029	0.635754146931	0.530821962301	0.965387129048	0.754533175447	0.447011469309	0.719126341228	0.0	0.700480072499	0.393116959884	1.57863762687	1.3626940696	0.784487544708	0.665491638473	0.581196824553	0.904938738521	0.68373858869	0.813976665056	0.731654055099	0.699152242629	0.806123064282	0.515433760271	0.488168260029	0.455275292412	0.480650381827	0.533670217496	0.758824045433	0.632469797003	0.690250811986	0.374427767037	0.633773963267
AE5	0.58022641856	0.442030294828	2.28660959401	0.939755384244	0.612330029	0.756042967617	0.812765828903	0.670148376027	0.88390637506	0.586741681972	0.970521333978	0.549807520541	0.644598177864	1.96010467376	0.603183170614	0.491145654906	0.867787433543	0.850643537941	1.46739366844	1.07746678589	0.942687660706	0.799281304978	1.01297363461	0.968436099565	1.37832556791	0.612349410343	0.847126495892	0.81502060899	0.803799966167	0.769128946351	0.937440009667	0.798833272112	0.83781222813	0.82369517158	0.830169424843	0.696348463026	0.857178037699	0.625850666989	0.700480072499	0.0	0.395643750604	1.26748433059	1.05184801353	0.540943644273	1.08488189947	1.02855193813	0.929579246013	0.888509497342	0.751494668922	0.706308472692	1.00213761237	0.967754253262	0.665609173514	0.725460251329	0.747379386177	0.692505311745	0.531947709038	0.861555099082	0.509179942001	0.80594359594	0.635500879652	0.849509076849
AE6	0.638613484775	0.434029299178	2.39957485259	1.04890741904	0.734760033833	0.521011648139	0.975634876752	0.488315055582	0.637007757371	0.704960473659	0.721299719671	0.58759961334	0.457993798937	2.06994964234	0.562284688255	0.430333214113	0.631874915418	0.635415911068	1.64851011116	1.22638680522	0.952393760271	0.646476433059	0.793588182697	0.760429729338	1.61360021266	0.70902081682	0.615223702272	0.60961258579	0.711538477525	0.805285640406	0.792954548091	0.619951483809	0.649205693572	0.547435094248	0.8654240116	0.633352145964	0.638860299662	0.576930115998	0.393116959884	0.395643750604	0.0	1.40420550991	1.18604966651	0.588551802803	0.826876234896	0.756924108265	0.916124456259	0.721595161914	0.703447950701	0.639857491542	0.823051851136	0.823156553891	0.486591416143	0.518064146931	0.507200468826	0.473118332528	0.370160430159	0.769937303045	0.434982948284	0.647022967617	0.419576703722	0.690220531658
AF5	1.30826034799	1.22857246979	1.25544146448	0.665367670372	1.17418068149	1.45512230063	0.858593030449	1.3111857854	1.37059038666	1.02775043016	1.56222444659	1.27407227646	1.36546922668	0.946371179314	1.13550356694	1.29386183664	1.5370382987	1.54906439826	0.974044630256	0.709003557274	1.21183510391	1.28800209763	1.47877889319	1.44323031899	1.45609704205	1.25598510875	1.44731773804	1.38622226196	1.07178383277	0.97592778637	1.5417041566	1.49930214596	1.29548100532	1.40888666506	1.60808335428	1.49901682455	1.67328057999	0.963091372644	1.57863762687	1.26748433059	1.40420550991	0.0	0.269441768971	1.01128224263	1.80263489125	1.69809290478	1.77715924601	1.7392217448	1.5981197535	1.63393312228	1.84089876269	1.82689053166	1.61861098115	1.65704847753	1.65652788304	1.65101576124	1.34303758821	1.75408901885	1.30533936201	1.71773023683	1.45665030449	1.72315840503
AF6	1.15417718705	1.00751583374	1.43546036249	0.511347747704	0.988783165781	1.240900029	0.734490710488	1.09832486709	1.17362041083	0.824808931851	1.35505695505	1.06899065249	1.15275988884	1.12451078299	0.92019842436	1.08261298212	1.33042262929	1.34175023683	1.03684479459	0.660089009183	1.08415991783	1.11146043499	1.27406231513	1.23850487675	1.44782322861	1.06201745288	1.23673294345	1.16681149348	0.855006926051	0.775810956984	1.37743025616	1.29970083132	1.10135028516	1.19700833736	1.42408941518	1.28979553891	1.45015748671	0.743496157564	1.3626940696	1.05184801353	1.18604966651	0.269441768971	0.0	0.790676558724	1.58938241179	1.48845130981	1.5891821943	1.54412524408	1.41278085549	1.44085060899	1.63230483325	1.63733362494	1.40622786854	1.4426462349	1.44176182214	1.43623702755	1.12702273079	1.56587159981	1.08822113098	1.50653816336	1.23600109232	1.51794311261
AG5	0.702726099565	0.484710236829	2.05310594973	0.748328956017	0.582989671339	0.669504688255	0.738354963751	0.53120878202	0.722675258579	0.469575205413	0.869582706622	0.517766022233	0.600088327695	1.72774301112	0.465248999517	0.534067520541	0.792641082649	0.804815563074	1.45950658289	0.980028013533	0.729355442243	0.677282706622	0.883250019333	0.830148859352	1.41709266312	0.613205833736	0.746226766554	0.708428951184	0.496521184147	0.497305137748	0.938721623973	0.799372150797	0.665276587724	0.690831817303	1.0023920058	0.757130019333	0.836604833253	0.282764122765	0.784487544708	0.540943644273	0.588551802803	1.01128224263	0.790676558724	0.0	1.01333112131	0.939783054616	1.12101865636	1.03317125665	0.866607332044	0.894502402127	1.13224583857	1.10496708072	0.813271242146	0.868955640406	0.873265766071	0.824725717738	0.58611561624	1.01826737554	0.588600637989	0.972430140164	0.664002851619	0.998924717255
