	AA3	AA4	AB3	AB4	AC3	AC4	AD3	AD4	AE3	AE4	AF3	AF4	AG3	AG4	AH3	AH4	AA7	AA8	AB7	AB8	AC7	AC8	AD7	AD8	AE7	AE8	AF7	AF8	AG7	AG8	AH7	AH8	AA5	AA6	AB5	AB6	AC5	AC6	AD6	AE5	AE6	AF5	AF6	AG5	AH5	AH6	AA1	AA2	AB1	AB2	AC1	AC2	AD1	AD2	AE1	AE2	AF1	AF2	AG1	AG2	AH1	AH2
AA3	0.0	0.532600512325	2.26595887869	0.943893489609	0.873487916868	0.758031672305	0.89912482842	0.736401996133	0.895710164331	0.633464258096	0.942948704688	0.68756680522	0.692951338811	1.8864257709	0.718193397777	0.237021227646	0.788255490575	0.724286384727	1.46062756404	1.07179108748	0.793988052199	0.64806300145	0.845973953601	0.860339516675	1.38028198647	0.586480637989	0.741017022716	0.621703107782	0.697550874819	0.671243808603	0.743452895118	0.661895712905	0.820861894635	0.813329333011	1.08299981634	0.900060502658	0.92443622523	0.751751362977	0.730510270662	0.543395949734	0.54835861769	1.26421573707	1.16846725471	0.679293678105	1.08613049299	1.03087485259	0.97602298695	0.897896041566	0.92496942001	0.833782063799	1.02757295795	0.932372827453	0.686887564041	0.698999371677	0.738947481875	0.656045451909	0.531327249879	0.887617733204	0.494642532624	0.891985505075	0.614654127598	0.919903238279
AA4	0.532600512325	0.0	2.25935533108	0.89057782987	0.622618066699	0.593225524408	0.870566665056	0.520802798453	0.713391923635	0.61615459159	0.814633151281	0.407856636056	0.462957419043	1.87955548574	0.272060763654	0.348448313195	0.661573131948	0.644422914451	1.54194085549	1.08882407927	0.838693542774	0.692250618656	0.854434185597	0.856132721121	1.47713127598	0.61437698405	0.684065625906	0.648441570807	0.643248235863	0.730553040116	0.874088525858	0.721811179314	0.628199023683	0.637010541324	0.924415698405	0.696384678589	0.791272513291	0.556132928951	0.586767303045	0.534053262446	0.380137883035	1.20745110681	1.07126061382	0.471825442243	0.948898767521	0.886195799903	0.9184300145	0.772994156597	0.739178632189	0.716375944901	0.913274059932	0.847578569357	0.587264838086	0.649464117931	0.668392208797	0.60767477042	0.414270285162	0.816194369261	0.432434635089	0.734575026583	0.514272967617	0.78538260029
AB3	2.26595887869	2.25935533108	0.0	1.48700353311	2.19119678105	2.39720103915	1.92068315611	2.29009107298	2.3665422088	2.10737492025	2.51510623973	2.27288046399	2.30732221363	0.429888641856	2.15898266796	2.26786750121	2.4949881827	2.49724059449	1.1894039391	1.45757415176	1.994859884	2.1896462784	2.39762513775	2.39814839053	1.89863454326	2.14719940068	2.37205703238	2.29241243596	1.92563033349	1.80992692122	2.44622471725	2.43668710005	2.26170922185	2.39152671339	2.56313681005	2.49453331078	2.62290562107	1.96958364911	2.52382512808	2.30095066216	2.37712248429	1.30641162881	1.42491286129	2.08434529725	2.72487791687	2.64878761237	2.69220505558	2.67009897052	2.534969826	2.57278070082	2.7683241131	2.71720453359	2.56138666506	2.6231040696	2.61558010633	2.57592674722	2.30080318995	2.67774169647	2.29818466892	2.61760573707	2.39472684872	2.6749900435
AB4	0.943893489609	0.89057782987	1.48700353311	0.0	0.905569178347	1.02795853069	0.768850874819	0.977780956984	1.15203662639	0.828307684872	1.21947176414	0.928520043499	0.857220807153	1.09414707105	0.816240082165	0.898228733688	1.1745440116	1.16016322861	1.00725494442	0.510551324311	0.910592145964	0.920439536008	1.12770479459	1.13564840503	1.27222173997	0.878443784437	1.0981317303	1.00221208313	0.643633702272	0.588282141131	1.23561124698	1.14799424843	1.04290957467	1.11937066216	1.37541289995	1.24734079749	1.3577680232	0.717792856452	1.16411098115	0.970683736104	1.01234152247	0.6306919913	0.525354847753	0.79264441276	1.45238243596	1.39109564041	1.44114929435	1.36983158047	1.26841702272	1.27440437893	1.49025297245	1.4309357999	1.20423884969	1.28623105365	1.30564340744	1.23725397293	0.974526713388	1.39346851619	0.960317356211	1.30197694538	1.04363992267	1.38862459642
AC3	0.873487916868	0.622618066699	2.19119678105	0.905569178347	0.0	0.827333054616	0.843417936201	0.805268724021	1.02807013533	0.726367883035	1.12140309812	0.302290758821	0.835186408893	1.8202319188	0.672663779604	0.780764388594	1.00209771387	0.983237926535	1.45274449009	1.06377495408	1.09041102948	1.04340959401	1.24840227646	1.25296022233	1.30377817786	0.819098066699	1.0794377477	1.03686920735	0.892713281779	0.92689139681	1.18996906718	1.05840813436	0.998023141614	0.999568695022	0.83218959884	0.758706080232	0.997567535041	0.732085273079	0.873965398743	0.68044359594	0.716577912035	1.18114336394	1.0483822958	0.643154615756	1.17072847269	1.12147064766	0.882839352344	0.912855297245	0.731956863219	0.762960304495	1.05116217013	0.940509076849	0.75662621073	0.848701643306	0.864572489125	0.770685026583	0.818321884969	0.902174697922	0.800061246979	0.846004074432	0.877833798937	0.914188081199
AC4	0.758031672305	0.593225524408	2.39720103915	1.02795853069	0.827333054616	0.0	1.14077204447	0.321414954084	0.442256848719	0.83175457709	0.366379246013	0.576478873852	0.457589023683	2.02047318028	0.678611285645	0.679080874819	0.560625741904	0.501168844853	1.84496358627	1.33238070082	0.873622576124	0.59539338811	0.603480029	0.61433022233	1.75161095215	0.792860449493	0.532606201063	0.525400299662	0.651276544224	0.782934697922	0.817308762687	0.626552315128	0.454762073465	0.386391947801	1.03481330594	0.768133228613	0.566723992267	0.671065297245	0.409948680522	0.788584238763	0.532566172064	1.36644621073	1.23447657806	0.601184760754	0.684555611406	0.600115582407	1.07923575157	0.823771696472	0.865341768971	0.83404080232	0.875557100048	0.954057172547	0.606491232479	0.643835790237	0.7028440261	0.651961039149	0.59446858869	0.979837641373	0.668565340744	0.781457293378	0.429556056066	0.849976814886
AD3	0.89912482842	0.870566665056	1.92068315611	0.768850874819	0.843417936201	1.14077204447	0.0	1.00512126631	1.30191528275	0.393488757854	1.34917404543	0.916026868052	1.05662343644	1.5415237651	0.804197491542	0.872239366844	1.23396663122	1.18995064282	1.30252082165	0.830596563557	0.896598255196	0.965351435476	1.27186827453	1.27393917351	1.20365430643	0.805020681489	1.16486048816	1.05120541324	0.902210396327	0.770481454809	1.14571691155	1.08215636539	1.16786114548	1.16906285162	1.20064563074	1.07890503142	1.26533242146	0.690002677622	1.13409216046	0.803127467376	0.916559289512	0.840756834219	0.790979565007	0.745243542774	1.40978694055	1.36258764621	1.34716688739	1.33029696472	1.13215713871	1.1567121218	1.45437714838	1.36001334461	1.14935085549	1.21695930884	1.23048147414	1.13849759787	0.937709671339	1.31182312228	0.917026674722	1.22642298695	1.10633437409	1.33318773804
AD4	0.736401996133	0.520802798453	2.29009107298	0.977780956984	0.805268724021	0.321414954084	1.00512126631	0.0	0.339404881585	0.677444030933	0.514297873369	0.581156727888	0.514501338811	1.91287048333	0.575449719671	0.637392068632	0.58365062349	0.537970120831	1.79134499758	1.27546489609	0.832760778154	0.556831116481	0.588010188497	0.587348569357	1.74263371677	0.771143030449	0.50556499275	0.497776007733	0.544544983084	0.714575442243	0.815839231513	0.641584997583	0.335006868052	0.360109434509	1.05103263896	0.769741802803	0.548655978734	0.56134378927	0.428906302562	0.734532455292	0.511379047849	1.24478970034	1.11319555341	0.523318632189	0.687149869502	0.599963102948	1.09546354277	0.838459516675	0.913237003383	0.901710768487	0.885775582407	0.982408453359	0.652297941034	0.632325495408	0.674304364427	0.674737278879	0.535348327695	0.992035176414	0.633614736588	0.834474596423	0.497996462059	0.860612580957
AE3	0.895710164331	0.713391923635	2.3665422088	1.15203662639	1.02807013533	0.442256848719	1.30191528275	0.339404881585	0.0	0.96262138231	0.395985944901	0.805969043016	0.582926278395	2.00190987434	0.737655548574	0.814604238763	0.51384320928	0.531445287579	1.9736758434	1.4732917303	0.973275374577	0.684969656839	0.441461672305	0.444842015466	1.94094156597	0.974397646206	0.452158235863	0.535467452876	0.703093499275	0.90202242146	0.902856737554	0.734218115031	0.296685050749	0.329182899952	1.21321831319	0.952170521991	0.555878115031	0.790207665539	0.567944707588	0.974691072982	0.692162266796	1.37150282745	1.24859357177	0.750961493475	0.745082532624	0.608680724988	1.24383584824	0.970168767521	1.08525664572	1.06385588207	1.01175910101	1.13285358627	0.780667133881	0.784787767037	0.814062102465	0.829916283229	0.682934920251	1.14901227646	0.782024209763	0.988818646689	0.596186843886	0.995512310295
AE4	0.633464258096	0.61615459159	2.10737492025	0.828307684872	0.726367883035	0.83175457709	0.393488757854	0.677444030933	0.96262138231	0.0	1.04037570807	0.660843272112	0.768493963267	1.72749540358	0.564862914451	0.596758738521	0.94836478492	0.882779381344	1.47018009667	0.969214997583	0.721856834219	0.681490033833	0.956089125181	0.952671420976	1.33680221363	0.557958922185	0.851226897052	0.735661304978	0.637137510875	0.606574069599	0.900662595457	0.79250240696	0.834068385694	0.851397051716	1.01229405993	0.869818351861	0.950138830353	0.526150884485	0.829047472209	0.563467950701	0.649087332044	1.01579162397	0.913736085065	0.499910086999	1.11706905752	1.06858070565	1.11665291928	1.0913721508	0.937508893185	0.965773136781	1.2247679072	1.13767057999	0.897276268729	0.932519966167	0.964232928951	0.874947989367	0.656543919768	1.09388983084	0.648327834703	1.01820653456	0.800084746254	1.09184060416
AF3	0.942948704688	0.814633151281	2.51510623973	1.21947176414	1.12140309812	0.366379246013	1.34917404543	0.514297873369	0.395985944901	1.04037570807	0.0	0.880194349928	0.658301435476	2.14352241179	0.881490009667	0.875731817303	0.464763682939	0.461967510875	2.01573970034	1.50713284195	1.00793945384	0.764404688255	0.38551020783	0.3856019768	1.97046722088	1.00067957951	0.481802721121	0.608261246979	0.796699579507	0.952841725471	0.814037240213	0.692013243113	0.479017539874	0.454452769454	1.21405547124	0.999500749154	0.503028429193	0.873941324311	0.548811570807	0.991867660706	0.730399869502	1.5113279507	1.38536325761	0.811799221846	0.682765113581	0.565317950701	1.22464518608	0.967924156597	1.1317017013	1.06210336394	0.995225103915	1.07938111648	0.794993484775	0.754826288062	0.814569594007	0.780026133398	0.794417887869	1.11142631223	0.874605485742	0.97815460609	0.564391048816	0.988535770904
AF4	0.68756680522	0.407856636056	2.27288046399	0.928520043499	0.302290758821	0.576478873852	0.916026868052	0.581156727888	0.805969043016	0.660843272112	0.880194349928	0.0	0.596109115515	1.89642938618	0.526891348478	0.573807733204	0.78417780087	0.768262237796	1.54547209763	1.11042501692	0.950846660222	0.839167844369	1.02391059932	1.02575156114	1.41590364911	0.635961353311	0.864490314161	0.826247283712	0.764692025133	0.802228110198	0.986631938134	0.85575378927	0.781028960851	0.785947999033	0.823161275979	0.63838702755	0.815201106815	0.612693276945	0.652444857419	0.548151541808	0.518296945384	1.21461634606	1.08008838569	0.529241275979	0.994178593523	0.942872638956	0.812576887385	0.751791633639	0.640103745771	0.654290715321	0.89304618173	0.808997148381	0.592651817303	0.683663508942	0.696104504592	0.607443605607	0.602460744321	0.781181068149	0.597253523441	0.708186906718	0.646912764621	0.755635708072
AG3	0.692951338811	0.462957419043	2.30732221363	0.857220807153	0.835186408893	0.457589023683	1.05662343644	0.514501338811	0.582926278395	0.768493963267	0.658301435476	0.596109115515	0.0	1.91317167714	0.474186447559	0.575075089415	0.541117278879	0.549995915901	1.72738845336	1.22909316578	0.87739479942	0.605387709038	0.689822527791	0.700705152247	1.62961834219	0.706722996617	0.555628177864	0.564810589657	0.602566747221	0.772391686805	0.811711938134	0.658199608507	0.564276713388	0.535070096665	1.02849893668	0.786755398743	0.733947573707	0.623914098598	0.535663513775	0.725850198163	0.462461285645	1.28717305945	1.15079559691	0.560958559691	0.860177104882	0.797637433543	1.01474227163	0.771698719188	0.850739975834	0.822769507008	0.912701512808	0.90133861769	0.576243562107	0.651267781537	0.685739661672	0.62540182697	0.4575379797	0.928527912035	0.526482735621	0.758235790237	0.41009	0.798829502175
AG4	1.8864257709	1.87955548574	0.429888641856	1.09414707105	1.8202319188	2.02047318028	1.5415237651	1.91287048333	2.00190987434	1.72749540358	2.14352241179	1.89642938618	1.91317167714	0.0	1.78747841469	1.88500924118	2.12895753987	2.12630179314	0.89266958434	1.09000919285	1.6270240116	1.8189279217	2.03008833736	2.03162064766	1.6018039971	1.7805578927	2.00587210246	1.92248887869	1.55800450459	1.43222547124	2.0967481972	2.06529447559	1.89950913485	2.01484138714	2.19658823586	2.12924241663	2.24785569357	1.5994859014	2.14713955051	1.91911480909	1.99447012083	0.947923276945	1.06754820203	1.70931528275	2.3500981392	2.27179033833	2.31410949251	2.29269747221	2.15683417593	2.19053688255	2.39515445626	2.34112165297	2.18469885452	2.24563017883	2.24536515225	2.19735456742	1.92940460126	2.30267782987	1.92723541808	2.23870623006	2.02155627356	2.30198565491
AH3	0.718193397777	0.272060763654	2.15898266796	0.816240082165	0.672663779604	0.678611285645	0.804197491542	0.575449719671	0.737655548574	0.564862914451	0.881490009667	0.526891348478	0.474186447559	1.78747841469	0.0	0.536221391977	0.745185785404	0.759145495408	1.57437150797	1.08813110681	0.82528901885	0.717784838086	0.878734320928	0.878884243596	1.49893876752	0.699055698405	0.738139555341	0.711690396327	0.5950619913	0.695837225713	0.991085451909	0.836788028033	0.634158714355	0.687626007733	1.01699193813	0.792373262446	0.873136476559	0.481614117931	0.709968521025	0.613116887385	0.518121459642	1.08207359111	0.944879879169	0.432960318995	1.03190464476	0.967006172064	1.0423542291	0.894256128565	0.851738893185	0.850008105365	1.03526594007	0.989725654906	0.743954059932	0.799396268729	0.799005364911	0.758050381827	0.520514944418	0.953100845819	0.526989424843	0.859106056066	0.628818970517	0.911993755437
AH4	0.237021227646	0.348448313195	2.26786750121	0.898228733688	0.780764388594	0.679080874819	0.872239366844	0.637392068632	0.814604238763	0.596758738521	0.875731817303	0.573807733204	0.575075089415	1.88500924118	0.536221391977	0.0	0.707665630739	0.653094523925	1.48114448043	1.0773421653	0.802373620106	0.628513615273	0.789674688255	0.792896307395	1.40999801353	0.572462687289	0.661002716288	0.581372058966	0.637210149831	0.678332672789	0.768693175447	0.620866684389	0.73421560174	0.738652387627	1.01720870952	0.807077196713	0.849672677622	0.67089182697	0.623367390043	0.480901594973	0.438396529724	1.24319248913	1.11445261962	0.580125132914	1.01359877719	0.957906781054	0.931754596423	0.818551488642	0.827286897052	0.741110637989	0.950786520058	0.869079516675	0.596775906235	0.644262126631	0.688248651522	0.605930333494	0.390444688255	0.840496573224	0.357839603673	0.7797279797	0.53277240696	0.833083847269
AA7	0.788255490575	0.661573131948	2.4949881827	1.1745440116	1.00209771387	0.560625741904	1.23396663122	0.58365062349	0.51384320928	0.94836478492	0.464763682939	0.78417780087	0.541117278879	2.12895753987	0.745185785404	0.707665630739	0.0	0.174715070082	1.82966994683	1.37215451426	0.98840120348	0.669793455776	0.461435582407	0.468931469309	1.78468683422	0.875161068149	0.355767486709	0.451870140164	0.748144422426	0.929912068632	0.656609255679	0.464455737071	0.4908960029	0.504719468342	1.18228190913	0.983733557274	0.538526650556	0.840388893185	0.48916378927	0.890295316578	0.63266078782	1.49098880135	1.36298661189	0.80787359594	0.760015292412	0.655517303045	1.0981319913	0.837932305462	1.05626927985	0.998324775254	0.861798994683	0.958619444176	0.675154441759	0.653963939101	0.672745978734	0.679201029483	0.547745930401	0.980817641373	0.629589536008	0.911782397293	0.472169241179	0.869141406477
AA8	0.724286384727	0.644422914451	2.49724059449	1.16016322861	0.983237926535	0.501168844853	1.18995064282	0.537970120831	0.531445287579	0.882779381344	0.461967510875	0.768262237796	0.549995915901	2.12630179314	0.759145495408	0.653094523925	0.174715070082	0.0	1.82239301112	1.34804264379	0.912051101982	0.608240183664	0.453108332528	0.457208965684	1.73747065249	0.810719801837	0.354375645239	0.390657167714	0.714866916385	0.873054833253	0.57773362494	0.362207462542	0.482327796037	0.512528893185	1.16240354277	0.963581996133	0.531835514741	0.825299149348	0.461011068149	0.841030763654	0.619721039149	1.49055758821	1.36128810053	0.76332922668	0.741234548091	0.651720589657	1.08269814886	0.824733494442	1.03683700338	0.972248351861	0.862790807153	0.950304519091	0.637908477525	0.620653064282	0.677354330594	0.645994543258	0.555820381827	0.979914122765	0.614898458192	0.891555833736	0.410754876752	0.859016737554
AB7	1.46062756404	1.54194085549	1.1894039391	1.00725494442	1.45274449009	1.84496358627	1.30252082165	1.79134499758	1.9736758434	1.47018009667	2.01573970034	1.54547209763	1.72738845336	0.89266958434	1.57437150797	1.48114448043	1.82966994683	1.82239301112	0.0	0.582001841469	1.53048518608	1.62097467376	1.91021101982	1.9205798985	1.08010086032	1.42020355244	1.81424477042	1.69055676172	1.3958521653	1.20746065249	1.73347990817	1.7269937071	1.84574852102	1.91076123731	1.88148552441	1.84300594973	1.98965787337	1.46071645239	1.84823710971	1.48450933301	1.6254637651	0.975985360077	1.03632564524	1.51672615273	2.15841352344	2.11665363944	1.95895044466	1.96589801837	1.82443483809	1.81309128081	2.07632854519	1.98177078299	1.83153853069	1.87471618656	1.87223096665	1.82410310778	1.63072902368	1.935920087	1.59126849203	1.87877192847	1.74833025616	1.9681338376
AB8	1.07179108748	1.08882407927	1.45757415176	0.510551324311	1.06377495408	1.33238070082	0.830596563557	1.27546489609	1.4732917303	0.969214997583	1.50713284195	1.11042501692	1.22909316578	1.09000919285	1.08813110681	1.0773421653	1.37215451426	1.34804264379	0.582001841469	0.0	1.03488064766	1.1014459304	1.39309036733	1.39838032866	1.12553946351	0.939718115031	1.29429353311	1.16381006767	0.859874364427	0.686500251329	1.29135073949	1.26495555824	1.33313199613	1.38895350894	1.46204195263	1.36192590623	1.49408450942	0.950388308362	1.38825517158	1.05529496375	1.18177291445	0.703296974384	0.675037878202	1.01045855002	1.65672142581	1.60268862736	1.60585359111	1.55236779604	1.39964660706	1.39871744321	1.66533823586	1.58546960851	1.40305273562	1.44151503142	1.45931852102	1.4049018463	1.17064286129	1.56241100532	1.15920112131	1.4443081827	1.25971613823	1.55215033349
AC7	0.793988052199	0.838693542774	1.994859884	0.910592145964	1.09041102948	0.873622576124	0.896598255196	0.832760778154	0.973275374577	0.721856834219	1.00793945384	0.950846660222	0.87739479942	1.6270240116	0.82528901885	0.802373620106	0.98840120348	0.912051101982	1.53048518608	1.03488064766	0.0	0.42899818753	0.907744509425	0.899335998067	1.4424962929	0.691682087965	0.872088013533	0.731092696955	0.579091899468	0.545061807637	0.846880251329	0.765740961817	0.830726128565	0.884996321895	1.28853495408	1.1229679652	1.12840318511	0.74871417593	1.00730801837	0.946355524408	0.903167114548	1.16868054132	1.12455476559	0.71504378927	1.09820039149	1.03118129048	1.46880912518	1.36598530208	1.22760448043	1.21286104882	1.48269487192	1.43264707588	1.08920949734	1.14525274045	1.20605568874	1.1235498405	0.867215785404	1.39424687772	0.849177728371	1.23212072982	0.879199811503	1.37924749154
AC8	0.64806300145	0.692250618656	2.1896462784	0.920439536008	1.04340959401	0.59539338811	0.965351435476	0.556831116481	0.684969656839	0.681490033833	0.764404688255	0.839167844369	0.605387709038	1.8189279217	0.717784838086	0.628513615273	0.669793455776	0.608240183664	1.62097467376	1.1014459304	0.42899818753	0.0	0.605830362494	0.616298622523	1.54258711455	0.616689352344	0.494276708555	0.357019410343	0.476135529241	0.568902034799	0.627017095215	0.480740560657	0.555294514258	0.589595785404	1.16008775737	0.899278342194	0.831685094248	0.693895543741	0.694039748671	0.801994108265	0.665159028516	1.20479750121	1.12671184147	0.655060671822	0.868226379894	0.800592663122	1.30447651522	1.05526932818	1.06429491542	1.04920558724	1.16351554374	1.18139886419	0.794049685839	0.836111923635	0.89664280812	0.853311362977	0.553235084582	1.19866846786	0.61028078782	0.979224668922	0.55827662639	1.07369003867
AD7	0.845973953601	0.854434185597	2.39762513775	1.12770479459	1.24840227646	0.603480029	1.27186827453	0.588010188497	0.441461672305	0.956089125181	0.38551020783	1.02391059932	0.689822527791	2.03008833736	0.878734320928	0.789674688255	0.461435582407	0.453108332528	1.91021101982	1.39309036733	0.907744509425	0.605830362494	0.0	0.107855123248	1.87149147414	0.870893963267	0.352144693088	0.445998115031	0.662313315611	0.825970850652	0.705395732238	0.563155253746	0.46105138231	0.515574635089	1.34215405027	1.10965337361	0.634471435476	0.875490120831	0.653810033833	1.010450145	0.815879811503	1.4030458724	1.28442088932	0.859076892218	0.796587037216	0.684018366361	1.33868028516	1.07521272112	1.24382357661	1.2035017593	1.0984662059	1.2159562349	0.89413842436	0.856789903335	0.890545244079	0.910406230063	0.709198148864	1.23427318511	0.782837075882	1.11644455292	0.591870681489	1.09217954084
AD8	0.860339516675	0.856132721121	2.39814839053	1.13564840503	1.25296022233	0.61433022233	1.27393917351	0.587348569357	0.444842015466	0.952671420976	0.3856019768	1.02575156114	0.700705152247	2.03162064766	0.878884243596	0.792896307395	0.468931469309	0.457208965684	1.9205798985	1.39838032866	0.899335998067	0.616298622523	0.107855123248	0.0	1.85133061866	0.854979284679	0.367129047849	0.461638535524	0.660418675689	0.834487336878	0.713004900918	0.566786510391	0.472996201063	0.51522781537	1.35986846786	1.12466725955	0.641147941034	0.883883629773	0.663212764621	1.01868632189	0.822131657806	1.40821724505	1.28342460609	0.865472402127	0.798875490575	0.683820652489	1.35404338328	1.08370813436	1.26079133398	1.21255578057	1.11208505075	1.23102464959	0.908586858386	0.862604891252	0.900825413243	0.920728728855	0.729918492025	1.25209792653	0.804988226196	1.1244159739	0.607472803287	1.10470923151
AE7	1.38028198647	1.47713127598	1.89863454326	1.27222173997	1.30377817786	1.75161095215	1.20365430643	1.74263371677	1.94094156597	1.33680221363	1.97046722088	1.41590364911	1.62961834219	1.6018039971	1.49893876752	1.40999801353	1.78468683422	1.73747065249	1.08010086032	1.12553946351	1.4424962929	1.54258711455	1.87149147414	1.85133061866	0.0	1.0266538086	1.77788106815	1.63411264379	1.39753920251	1.31287474625	1.58345954084	1.59860857419	1.816310203	1.84562553891	1.72606830836	1.7267800725	1.9285338811	1.48220051232	1.79239163847	1.38013891252	1.56703366361	1.45444625906	1.4571917448	1.45002984534	2.02078684389	1.9931739391	1.74094449976	1.82876753987	1.63767639439	1.61987159014	1.95596912518	1.81079771387	1.69196498792	1.72552727405	1.73666184147	1.65431730788	1.58820163847	1.77150483325	1.51310395843	1.74769424843	1.68894820686	1.82419945384
AE8	0.586480637989	0.61437698405	2.14719940068	0.878443784437	0.819098066699	0.792860449493	0.805020681489	0.771143030449	0.974397646206	0.557958922185	1.00067957951	0.635961353311	0.706722996617	1.7805578927	0.699055698405	0.572462687289	0.875161068149	0.810719801837	1.42020355244	0.939718115031	0.691682087965	0.616689352344	0.870893963267	0.854979284679	1.0266538086	0.0	0.806226321895	0.67631080232	0.605690333494	0.593600763654	0.758107462542	0.692101831803	0.843660831319	0.869517636539	1.08042900918	0.915638946351	0.978644973417	0.683704325761	0.865799086515	0.632206476559	0.674859816336	1.18408729821	1.06692810536	0.61602019333	1.10186404543	1.06500269212	1.16267863702	1.07395066699	0.951050173997	0.936030821653	1.20305053166	1.15777003383	0.86459118898	0.896242648623	0.954778211696	0.865486099565	0.68096940551	1.13327233929	0.66325621073	0.966648269696	0.746537646206	1.09103123248
AF7	0.741017022716	0.684065625906	2.37205703238	1.0981317303	1.0794377477	0.532606201063	1.16486048816	0.50556499275	0.452158235863	0.851226897052	0.481802721121	0.864490314161	0.555628177864	2.00587210246	0.738139555341	0.661002716288	0.355767486709	0.354375645239	1.81424477042	1.29429353311	0.872088013533	0.494276708555	0.352144693088	0.367129047849	1.77788106815	0.806226321895	0.0	0.217737868536	0.612887307878	0.778994789754	0.654368429193	0.515969323345	0.413901855969	0.441530966651	1.17057135814	0.9332979797	0.549054891252	0.758520903818	0.532092919285	0.862281208313	0.636659729338	1.37999068149	1.25775024166	0.736509531174	0.761465756404	0.657020662156	1.19476477525	0.939979134848	1.06576544708	1.03875036733	0.963016756887	1.06714519091	0.738335828903	0.74099698405	0.790568806187	0.790940106332	0.536927008217	1.09019523925	0.626141343644	0.954117172547	0.463679801837	0.962372102465
AF8	0.621703107782	0.648441570807	2.29241243596	1.00221208313	1.03686920735	0.525400299662	1.05120541324	0.497776007733	0.535467452876	0.735661304978	0.608261246979	0.826247283712	0.564810589657	1.92248887869	0.711690396327	0.581372058966	0.451870140164	0.390657167714	1.69055676172	1.16381006767	0.731092696955	0.357019410343	0.445998115031	0.461638535524	1.63411264379	0.67631080232	0.217737868536	0.0	0.52739038666	0.674801822136	0.595680700822	0.42892840986	0.451802102465	0.485586215563	1.15539086032	0.913087283712	0.634370536491	0.727858907685	0.540318434026	0.787008443693	0.602762208797	1.2935939826	1.17349124215	0.699399463509	0.832042590623	0.749129415176	1.2080340986	0.953635746738	1.03170111165	1.01574862252	0.984522493958	1.07873668922	0.725951097148	0.742022102465	0.801877858869	0.781285495408	0.509980082165	1.10340309328	0.567375944901	0.934101623973	0.454191058482	0.977329091348
AG7	0.697550874819	0.643248235863	1.92563033349	0.643633702272	0.892713281779	0.651276544224	0.902210396327	0.544544983084	0.703093499275	0.637137510875	0.796699579507	0.764692025133	0.602566747221	1.55800450459	0.5950619913	0.637210149831	0.748144422426	0.714866916385	1.3958521653	0.859874364427	0.579091899468	0.476135529241	0.662313315611	0.660418675689	1.39753920251	0.605690333494	0.612887307878	0.52739038666	0.0	0.272120463992	0.791808545191	0.690931768971	0.591278936684	0.702926539391	1.23335231513	0.967352363461	0.895221909135	0.500684644756	0.752094117931	0.795390758821	0.669201014983	0.999667723538	0.865474301595	0.490348970517	1.02894005317	0.953884354761	1.29666318995	1.05923542291	1.1214341276	1.10720628806	1.1883760609	1.18206369261	0.880430057999	0.890169366844	0.917676056066	0.8885440116	0.621388806187	1.19496710005	0.66572	1.03740956501	0.655049304012	1.08726651522
AG8	0.671243808603	0.730553040116	1.80992692122	0.588282141131	0.92689139681	0.782934697922	0.770481454809	0.714575442243	0.90202242146	0.606574069599	0.952841725471	0.802228110198	0.772391686805	1.43222547124	0.695837225713	0.678332672789	0.929912068632	0.873054833253	1.20746065249	0.686500251329	0.545061807637	0.568902034799	0.825970850652	0.834487336878	1.31287474625	0.593600763654	0.778994789754	0.674801822136	0.272120463992	0.0	0.883301971967	0.820872561624	0.775654625423	0.840322440793	1.26632924118	1.05957040116	1.0447577042	0.498166684389	0.910537520541	0.810108980184	0.796272112131	0.906987723538	0.835092725955	0.541476104398	1.16572011116	1.08451303528	1.34615344611	1.2279801305	1.16340524408	1.1517577622	1.3553401015	1.31273841469	1.02888110681	1.04369506042	1.08882072499	1.03108755921	0.763340521991	1.27783335428	0.768906244563	1.17181384727	0.793525205413	1.25209098115
AH7	0.743452895118	0.874088525858	2.44622471725	1.23561124698	1.18996906718	0.817308762687	1.14571691155	0.815839231513	0.902856737554	0.900662595457	0.814037240213	0.986631938134	0.811711938134	2.0967481972	0.991085451909	0.768693175447	0.656609255679	0.57773362494	1.73347990817	1.29135073949	0.846880251329	0.627017095215	0.705395732238	0.713004900918	1.58345954084	0.758107462542	0.654368429193	0.595680700822	0.791808545191	0.883301971967	0.0	0.301734117931	0.86107300145	0.868805978734	1.1808220493	1.02540694055	0.834890792653	0.982849101015	0.756294958917	0.941441710971	0.818329772837	1.48982477525	1.40419514258	0.931483441276	0.956928289029	0.919751266312	1.2673840696	1.03194463509	1.16720648139	1.08627438859	1.11753293862	1.1456719188	0.827520710488	0.803768980184	0.840134644756	0.83123759304	0.756990710488	1.18162588207	0.793323547608	1.02215198163	0.688728095698	1.05411747704
AH8	0.661895712905	0.721811179314	2.43668710005	1.14799424843	1.05840813436	0.626552315128	1.08215636539	0.641584997583	0.734218115031	0.79250240696	0.692013243113	0.85575378927	0.658199608507	2.06529447559	0.836788028033	0.620866684389	0.464455737071	0.362207462542	1.7269937071	1.26495555824	0.765740961817	0.480740560657	0.563155253746	0.566786510391	1.59860857419	0.692101831803	0.515969323345	0.42892840986	0.690931768971	0.820872561624	0.301734117931	0.0	0.680713566941	0.660757457709	1.14239125665	0.943172609956	0.709679748671	0.87298520058	0.587301971967	0.832675886902	0.683398690188	1.44152870469	1.32091585307	0.802430753987	0.827663489609	0.769970845819	1.1634741566	0.917512518125	1.06240612856	0.982362136298	0.978352634123	1.0368820928	0.679148583857	0.684312319961	0.740389855002	0.713304151764	0.589798767521	1.06730824553	0.624330144998	0.906534393427	0.517414596423	0.945348559691
AA5	0.820861894635	0.628199023683	2.26170922185	1.04290957467	0.998023141614	0.454762073465	1.16786114548	0.335006868052	0.296685050749	0.834068385694	0.479017539874	0.781028960851	0.564276713388	1.89950913485	0.634158714355	0.73421560174	0.4908960029	0.482327796037	1.84574852102	1.33313199613	0.830726128565	0.555294514258	0.46105138231	0.472996201063	1.816310203	0.843660831319	0.413901855969	0.451802102465	0.591278936684	0.775654625423	0.86107300145	0.680713566941	0.0	0.284401019816	1.22743145481	0.944007452876	0.636095461576	0.635613508942	0.609338941518	0.826430778154	0.642619130014	1.22773093282	1.11354986467	0.606225848236	0.776564374094	0.653706955051	1.29638310295	1.03656050749	1.10165815853	1.09598670372	1.07321745288	1.1801501595	0.810213460609	0.823335514741	0.859363286612	0.867783557274	0.571679826003	1.19397934751	0.663756481392	1.01778092315	0.545043919768	1.0589357274
AA6	0.813329333011	0.637010541324	2.39152671339	1.11937066216	0.999568695022	0.386391947801	1.16906285162	0.360109434509	0.329182899952	0.851397051716	0.454452769454	0.785947999033	0.535070096665	2.01484138714	0.687626007733	0.738652387627	0.504719468342	0.512528893185	1.91076123731	1.38895350894	0.884996321895	0.589595785404	0.515574635089	0.51522781537	1.84562553891	0.869517636539	0.441530966651	0.485586215563	0.702926539391	0.840322440793	0.868805978734	0.660757457709	0.284401019816	0.0	1.09360710971	0.824397288545	0.531965906235	0.687741285645	0.5066739971	0.841986616723	0.578673663606	1.35414287579	1.22667025616	0.640310483325	0.555764088932	0.436508342194	1.17885007733	0.925525123248	0.972367172547	0.950016694055	0.963565664572	1.05626479942	0.674613716771	0.708101087482	0.758595239246	0.744092435959	0.589148559691	1.07019596907	0.681700043499	0.874904552924	0.521181372644	0.949536022233
AB5	1.08299981634	0.924415698405	2.56313681005	1.37541289995	0.83218959884	1.03481330594	1.20064563074	1.05103263896	1.21321831319	1.01229405993	1.21405547124	0.823161275979	1.02849893668	2.19658823586	1.01699193813	1.01720870952	1.18228190913	1.16240354277	1.88148552441	1.46204195263	1.28853495408	1.16008775737	1.34215405027	1.35986846786	1.72606830836	1.08042900918	1.17057135814	1.15539086032	1.23335231513	1.26632924118	1.1808220493	1.14239125665	1.22743145481	1.09360710971	0.0	0.359851116481	0.932376669889	1.03446516675	0.957369236346	0.863201981634	0.86986381827	1.58687808603	1.46712392943	0.988910275495	0.962336505558	0.961682131464	0.806590246496	0.892698719188	0.695817375544	0.698627931368	1.01254776704	0.892753533108	0.792805959401	0.896114673755	0.928017167714	0.866812837119	1.01642359594	0.83607459159	1.00331742871	0.7757939826	1.02257589657	0.873454876752
AB6	0.900060502658	0.696384678589	2.49453331078	1.24734079749	0.758706080232	0.768133228613	1.07890503142	0.769741802803	0.952170521991	0.869818351861	0.999500749154	0.63838702755	0.786755398743	2.12924241663	0.792373262446	0.807077196713	0.983733557274	0.963581996133	1.84300594973	1.36192590623	1.1229679652	0.899278342194	1.10965337361	1.12466725955	1.7267800725	0.915638946351	0.9332979797	0.913087283712	0.967352363461	1.05957040116	1.02540694055	0.943172609956	0.944007452876	0.824397288545	0.359851116481	0.0	0.719580584824	0.80174737071	0.765003020783	0.75675479942	0.657877071049	1.4619442726	1.32151860319	0.728406360561	0.757035413243	0.750879521508	0.762364987917	0.691422382794	0.553118815853	0.554840062832	0.819105505075	0.728341440309	0.582156495892	0.714566669889	0.746547704205	0.68988381827	0.755264021266	0.719702885452	0.757463866602	0.565176882552	0.81575160464	0.671312827453
AC5	0.92443622523	0.791272513291	2.62290562107	1.3577680232	0.997567535041	0.566723992267	1.26533242146	0.548655978734	0.555878115031	0.950138830353	0.503028429193	0.815201106815	0.733947573707	2.24785569357	0.873136476559	0.849672677622	0.538526650556	0.531835514741	1.98965787337	1.49408450942	1.12840318511	0.831685094248	0.634471435476	0.641147941034	1.9285338811	0.978644973417	0.549054891252	0.634370536491	0.895221909135	1.0447577042	0.834890792653	0.709679748671	0.636095461576	0.531965906235	0.932376669889	0.719580584824	0.0	0.824598221363	0.47794359594	0.907055123248	0.695966713388	1.61687635089	1.47023927501	0.794016215563	0.495303663606	0.40193618173	0.960373305945	0.715357564041	0.89059380377	0.835369434509	0.736043499275	0.824002324795	0.582382745288	0.529143948768	0.558943156114	0.593227902368	0.740283030449	0.864908690188	0.8261540116	0.753044668922	0.603115891735	0.71987857419
AC6	0.751751362977	0.556132928951	1.96958364911	0.717792856452	0.732085273079	0.671065297245	0.690002677622	0.56134378927	0.790207665539	0.526150884485	0.873941324311	0.612693276945	0.623914098598	1.5994859014	0.481614117931	0.67089182697	0.840388893185	0.825299149348	1.46071645239	0.950388308362	0.74871417593	0.693895543741	0.875490120831	0.883883629773	1.48220051232	0.683704325761	0.758520903818	0.727858907685	0.500684644756	0.498166684389	0.982849101015	0.87298520058	0.635613508942	0.687741285645	1.03446516675	0.80174737071	0.824598221363	0.0	0.768059159014	0.647389284679	0.595898071532	0.82613337361	0.688016887385	0.291341126148	1.01203157081	0.94119460609	1.12637970517	1.03695047849	0.939722513291	0.949468641856	1.15440750121	1.11335242629	0.850983885935	0.919867486709	0.938192870952	0.867778264862	0.633555500242	1.07940928951	0.670977172547	0.971145596907	0.689790072499	1.04630941034
AD6	0.730510270662	0.586767303045	2.52382512808	1.16411098115	0.873965398743	0.409948680522	1.13409216046	0.428906302562	0.567944707588	0.829047472209	0.548811570807	0.652444857419	0.535663513775	2.14713955051	0.709968521025	0.623367390043	0.48916378927	0.461011068149	1.84823710971	1.38825517158	1.00730801837	0.694039748671	0.653810033833	0.663212764621	1.79239163847	0.865799086515	0.532092919285	0.540318434026	0.752094117931	0.910537520541	0.756294958917	0.587301971967	0.609338941518	0.5066739971	0.957369236346	0.765003020783	0.47794359594	0.768059159014	0.0	0.713646307395	0.385734475592	1.49762455776	1.36603591107	0.725384983084	0.65600838086	0.590347501208	0.867958738521	0.62340282262	0.831746089899	0.727761865636	0.678141362977	0.754455084582	0.449921614306	0.433003832769	0.481915828903	0.457784944418	0.516575480909	0.770963798937	0.591016428226	0.656678182697	0.375730691155	0.650436215563
AE5	0.543395949734	0.534053262446	2.30095066216	0.970683736104	0.68044359594	0.788584238763	0.803127467376	0.734532455292	0.974691072982	0.563467950701	0.991867660706	0.548151541808	0.725850198163	1.91911480909	0.613116887385	0.480901594973	0.890295316578	0.841030763654	1.48450933301	1.05529496375	0.946355524408	0.801994108265	1.010450145	1.01868632189	1.38013891252	0.632206476559	0.862281208313	0.787008443693	0.795390758821	0.810108980184	0.941441710971	0.832675886902	0.826430778154	0.841986616723	0.863201981634	0.75675479942	0.907055123248	0.647389284679	0.713646307395	0.0	0.39901181247	1.21233611406	1.07635869019	0.570849850169	1.09364139681	1.05873662156	0.92150318028	0.874857404543	0.797645398743	0.714628791687	1.00877491058	0.921287288545	0.650709951667	0.719163305945	0.768726756887	0.644050072499	0.553179787337	0.885538361527	0.513707346544	0.788682344128	0.678578013533	0.869172692122
AE6	0.54835861769	0.380137883035	2.37712248429	1.01234152247	0.716577912035	0.532566172064	0.916559289512	0.511379047849	0.692162266796	0.649087332044	0.730399869502	0.518296945384	0.462461285645	1.99447012083	0.518121459642	0.438396529724	0.63266078782	0.619721039149	1.6254637651	1.18177291445	0.903167114548	0.665159028516	0.815879811503	0.822131657806	1.56703366361	0.674859816336	0.636659729338	0.602762208797	0.669201014983	0.796272112131	0.818329772837	0.683398690188	0.642619130014	0.578673663606	0.86986381827	0.657877071049	0.695966713388	0.595898071532	0.385734475592	0.39901181247	0.0	1.30560079265	1.17013729821	0.54228702755	0.845085698405	0.80030222813	0.868222890285	0.689918728855	0.713881242146	0.643098100532	0.82155760754	0.769206254229	0.462179492508	0.519643798937	0.555323141614	0.476947491542	0.40373457709	0.76581901885	0.42152320928	0.600544335428	0.440052928951	0.711575582407
AF5	1.26421573707	1.20745110681	1.30641162881	0.6306919913	1.18114336394	1.36644621073	0.840756834219	1.24478970034	1.37150282745	1.01579162397	1.5113279507	1.21461634606	1.28717305945	0.947923276945	1.08207359111	1.24319248913	1.49098880135	1.49055758821	0.975985360077	0.703296974384	1.16868054132	1.20479750121	1.4030458724	1.40821724505	1.45444625906	1.18408729821	1.37999068149	1.2935939826	0.999667723538	0.906987723538	1.48982477525	1.44152870469	1.22773093282	1.35414287579	1.58687808603	1.4619442726	1.61687635089	0.82613337361	1.49762455776	1.21233611406	1.30560079265	0.0	0.211012078299	0.97476478492	1.71795276462	1.63338036249	1.7389879652	1.66552874335	1.5736277767	1.58975088932	1.78599746254	1.75713126148	1.53031604157	1.61150567424	1.62415715805	1.55973690672	1.25007227646	1.71232535041	1.25305485742	1.61566972934	1.38640362977	1.68080101498
AF6	1.16846725471	1.07126061382	1.42491286129	0.525354847753	1.0483822958	1.23447657806	0.790979565007	1.11319555341	1.24859357177	0.913736085065	1.38536325761	1.08008838569	1.15079559691	1.06754820203	0.944879879169	1.11445261962	1.36298661189	1.36128810053	1.03632564524	0.675037878202	1.12455476559	1.12671184147	1.28442088932	1.28342460609	1.4571917448	1.06692810536	1.25775024166	1.17349124215	0.865474301595	0.835092725955	1.40419514258	1.32091585307	1.11354986467	1.22667025616	1.46712392943	1.32151860319	1.47023927501	0.688016887385	1.36603591107	1.07635869019	1.17013729821	0.211012078299	0.0	0.840484731754	1.58142889319	1.50420647656	1.6060382842	1.52123832769	1.42497938134	1.44563431609	1.63970596423	1.61314625906	1.40001217013	1.47697127598	1.48485685355	1.42431944418	1.11738942001	1.56826827453	1.11955329628	1.46778028033	1.26265830836	1.53341185597
AG5	0.679293678105	0.471825442243	2.08434529725	0.79264441276	0.643154615756	0.601184760754	0.745243542774	0.523318632189	0.750961493475	0.499910086999	0.811799221846	0.529241275979	0.560958559691	1.70931528275	0.432960318995	0.580125132914	0.80787359594	0.76332922668	1.51672615273	1.01045855002	0.71504378927	0.655060671822	0.859076892218	0.865472402127	1.45002984534	0.61602019333	0.736509531174	0.699399463509	0.490348970517	0.541476104398	0.931483441276	0.802430753987	0.606225848236	0.640310483325	0.988910275495	0.728406360561	0.794016215563	0.291341126148	0.725384983084	0.570849850169	0.54228702755	0.97476478492	0.840484731754	0.0	0.942857327211	0.874955790237	1.07470355727	0.96100737071	0.86760897535	0.869263040116	1.09239135331	1.02131684872	0.741829719671	0.818244359594	0.864469869502	0.761026263896	0.568140299662	1.0078418028	0.594668699855	0.884720729821	0.64747517158	0.977112605123
