	AA3	AA4	AB3	AB4	AC3	AC4	AD3	AD4	AE3	AE4	AF3	AF4	AG3	AG4	AH3	AH4	AA7	AA8	AB7	AB8	AC7	AC8	AD7	AD8	AE7	AE8	AF7	AF8	AG7	AG8	AH7	AH8	AA5	AA6	AB5	AB6	AC5	AC6	AD6	AE5	AE6	AF5	AF6	AG5	AH5	AH6	AA1	AA2	AB1	AB2	AC1	AC2	AD1	AD2	AE1	AE2	AF1	AF2	AG1	AG2	AH1	AH2
AA3	0.0	0.549760502658	2.24890183664	1.03257473175	0.851828540358	0.7687459739	0.886970212663	0.790641092315	0.925358361527	0.69632982117	1.00254698405	0.749429076849	0.70660080232	1.90557642823	0.764757394877	0.295413006283	0.840253905268	0.809036814886	1.43663394393	0.956150739488	0.808731565974	0.695967583374	0.938760753987	0.900458970517	1.35087851619	0.612447467376	0.832819265346	0.719872619623	0.754445432576	0.673226466892	0.779704451426	0.693269589174	0.906545219913	0.866074079265	1.09204893668	0.933974717255	0.957020521991	0.828787781537	0.828254572257	0.538881280812	0.613465891735	1.25486730304	1.13453402127	0.73413637506	1.1266200725	1.09928144031	1.01739413243	0.936816935718	0.951766679555	0.87842300145	1.05081283229	0.994963779604	0.665012832286	0.710212962784	0.809740275495	0.675141106815	0.564237245046	0.941162455292	0.548446882552	0.895605911068	0.682367873369	1.01052898018
AA4	0.549760502658	0.0	2.25501580474	0.990972827453	0.615372252296	0.535886814886	0.87613262929	0.49681759304	0.687873605607	0.590066872885	0.818312977284	0.438690343161	0.432783615273	1.91135249396	0.320589980667	0.310509275012	0.682412049299	0.684440140164	1.5547518173	1.01558113098	0.865691121315	0.721335239246	0.869294074432	0.78590521508	1.49399107298	0.582461000483	0.670021962301	0.688354958917	0.674819565007	0.710394084099	0.858359531174	0.718465287579	0.646107346544	0.615488405027	0.913937095215	0.677280314161	0.751640502658	0.527978637023	0.609222798453	0.507105485742	0.383075954567	1.18718548574	1.08039096665	0.473399062349	0.910997075882	0.864820029	0.936388748188	0.757852276462	0.755416133398	0.741068724021	0.890067022716	0.848092450459	0.568926500725	0.60291219913	0.658105862736	0.563416292895	0.434366012566	0.805683963267	0.408865838569	0.721316109232	0.472171227646	0.796866553891
AB3	2.24890183664	2.25501580474	0.0	1.38972318028	2.17964865636	2.39217244079	1.8800399275	2.27351337844	2.35256244079	2.11431319478	2.53059289995	2.28614954084	2.31108061866	0.385511691638	2.12676960367	2.28234978734	2.49214956501	2.50888727405	1.17154989367	1.56499559207	1.95659369261	2.20687804253	2.43174550024	2.40614594973	1.89515762687	2.19620270179	2.40460291928	2.296190116	1.86774855486	1.84216694055	2.44685852586	2.41279721605	2.28768099565	2.37913903818	2.53066025616	2.46256969067	2.60573634606	2.00346309328	2.53954508942	2.29114395843	2.40952323345	1.31605146931	1.41433488159	2.04012906718	2.72073358627	2.64455331078	2.67781002417	2.66928639923	2.55509837603	2.61743252296	2.74804019816	2.71330768487	2.55518826003	2.59454706622	2.6306778782	2.5871640551	2.30529772837	2.68272478492	2.28667321411	2.6291239101	2.39702065249	2.702919768
AB4	1.03257473175	0.990972827453	1.38972318028	0.0	0.991291710971	1.09811561141	0.777790434993	1.06739079749	1.23602097148	0.916151532141	1.33273232963	1.05343655872	0.95576439826	1.0349462204	0.883278148864	1.02547490092	1.27747422426	1.28240996133	0.938103272112	0.514310942484	0.938002489125	1.05965233929	1.27042792653	1.20459040599	1.26450140648	0.993282991783	1.24033248913	1.11906858869	0.693022522958	0.684526360561	1.32909901885	1.23514920251	1.18221111648	1.20891618656	1.4263278927	1.318709768	1.43150840986	0.841160908652	1.28604331078	1.05836561141	1.15257980184	0.524386520058	0.479293876269	0.84154500725	1.54063954084	1.47605144514	1.52324650556	1.43315078782	1.3737701885	1.41787177864	1.57102170614	1.51789629773	1.30913730788	1.36852846786	1.43469898985	1.35327903818	1.08855346544	1.48357586274	1.06121341711	1.41890946834	1.1470542726	1.48924786854
AC3	0.851828540358	0.615372252296	2.17964865636	0.991291710971	0.0	0.742291546641	0.852068806187	0.847495915901	0.989154538424	0.701716495892	1.07365989367	0.347549893668	0.820289797003	1.84162487192	0.664119835669	0.749435485742	1.00275960367	0.993986737554	1.44820903818	0.955444973417	1.04375554374	1.07220970517	1.25811345094	1.16700301595	1.31133808603	0.817187617206	1.04461549058	1.07132359594	0.900696950217	0.87340380377	1.18275242146	1.04727195263	1.01716740938	0.973144659256	0.799489966167	0.750736993717	0.992745505075	0.705426075399	0.839792827453	0.655589937168	0.695248728855	1.13391709038	1.0510357564	0.612784625423	1.15585687772	1.11842084582	0.897409526341	0.92982477042	0.764140333494	0.818821362977	1.06739444176	0.972008704688	0.739852653456	0.820175132914	0.890847481875	0.811909308845	0.820761029483	0.912876370227	0.792666887385	0.891332208797	0.852467433543	0.951100246496
AC4	0.7687459739	0.535886814886	2.39217244079	1.09811561141	0.742291546641	0.0	1.12929462059	0.404419429676	0.488417965201	0.780833059449	0.420186413726	0.485867046883	0.435151580474	2.05206837603	0.674102672789	0.616783165781	0.565174939584	0.538409816336	1.8130602755	1.24845178347	0.907116824553	0.639789555341	0.683645693572	0.59356380377	1.71229288062	0.714445350411	0.547016094732	0.56669578057	0.685195166747	0.752894673755	0.807094166264	0.65054279362	0.528269366844	0.42045022233	0.987700990817	0.744665273079	0.55342702755	0.608471309811	0.408818274529	0.754998168197	0.462624180764	1.33925589657	1.2376479507	0.597201778637	0.698239608507	0.60580680522	1.03828497825	0.783404552924	0.81873737071	0.825077897535	0.838836486225	0.922538666022	0.556649333011	0.595406128565	0.654716669889	0.626224557757	0.588779855002	0.905958240696	0.601302909618	0.754987641373	0.409654127598	0.806045548574
AD3	0.886970212663	0.87613262929	1.8800399275	0.777790434993	0.852068806187	1.12929462059	0.0	1.01412921701	1.3028620203	0.433861000483	1.40206691155	0.928360604157	1.05673668922	1.53623913001	0.805003489609	0.897890681489	1.25240871919	1.23318086999	1.27151557274	0.754260478492	0.894806254229	0.999996935718	1.33935270662	1.2818497825	1.20227082649	0.8884060029	1.21457797487	1.1207821073	0.874547225713	0.76779060899	1.18746221363	1.11502632673	1.2389162639	1.17481813436	1.19303853069	1.07263842436	1.28183234896	0.770039173514	1.17331903335	0.809740260996	0.962988003867	0.807409357177	0.682490942484	0.742653450942	1.42605548574	1.38874410343	1.36190067182	1.33350309812	1.19264827936	1.1997939391	1.44771679072	1.39794864669	1.15701820203	1.19154317545	1.25220070565	1.17221596907	0.957382102465	1.33147281295	0.937596930884	1.23888517158	1.1380900435	1.33203333494
AD4	0.790641092315	0.49681759304	2.27351337844	1.06739079749	0.847495915901	0.404419429676	1.01412921701	0.0	0.333624731754	0.64497637506	0.523127332044	0.622554886419	0.496124127598	1.93047505558	0.582780304495	0.616478641856	0.52486759304	0.516114456259	1.7892778782	1.2302277622	0.825197539874	0.544988182697	0.546144340261	0.476902402127	1.75028012083	0.735416979217	0.457242281295	0.451815770904	0.577842000967	0.71964041566	0.821139115515	0.637696868052	0.30239017883	0.35159260029	1.11649058966	0.855972300628	0.592612788787	0.481941633639	0.489662073465	0.726369333011	0.553721725471	1.20259615756	1.1061020348	0.527796732721	0.750477791203	0.652962638956	1.20189677139	0.932386921218	1.0089900145	1.00127541324	0.98338078782	1.07340612856	0.7115319913	0.702277950701	0.741997588207	0.736667612373	0.560244562591	1.0663681972	0.566630575157	0.917241135814	0.470934359594	0.960303615273
AE3	0.925358361527	0.687873605607	2.35256244079	1.23602097148	0.989154538424	0.488417965201	1.3028620203	0.333624731754	0.0	0.930765630739	0.387848129531	0.759743794103	0.617056505558	2.0221477912	0.763784572257	0.784336800387	0.515880618656	0.550411570807	1.94996463992	1.41613649589	0.998251193813	0.679067085549	0.448677965201	0.431130410826	1.93675073949	0.916261527308	0.44727818753	0.496814905752	0.737657926535	0.905932658289	0.908707617206	0.742760555824	0.25350341711	0.344942271629	1.18682482359	0.94524102465	0.52741542291	0.690947680039	0.573360038666	0.952026882552	0.685322561624	1.32860256162	1.25503517641	0.729888936684	0.752014731754	0.605703571774	1.26829416626	0.996018999517	1.10581720155	1.08064642823	1.03309413243	1.13585276462	0.781461179314	0.783147651039	0.80865441276	0.81762918318	0.708432232963	1.1435717013	0.738474523925	0.982389772837	0.598594548091	1.02726794103
AE4	0.69632982117	0.590066872885	2.11431319478	0.916151532141	0.701716495892	0.780833059449	0.433861000483	0.64497637506	0.930765630739	0.0	1.04719833253	0.638339884002	0.740197486709	1.77141536491	0.528313702272	0.620689052682	0.918133025616	0.897917762204	1.49106776704	0.935387501208	0.728996099565	0.726066703722	0.987840599323	0.920456466892	1.34865519091	0.569505389077	0.850329395843	0.7871739826	0.630516897052	0.604770575157	0.9155219768	0.803061179314	0.875226292895	0.818270570324	0.981921242146	0.821983368777	0.941800077332	0.529076578057	0.839056747221	0.562110454326	0.666733189947	1.00657414693	0.907846433059	0.521520009667	1.08371528758	1.03384763654	1.0998462639	1.06991571774	0.939494287095	0.952758322861	1.18843498792	1.14136285162	0.886131005317	0.894824243596	0.957686800387	0.886903910101	0.677671909135	1.07582821653	0.656289096182	0.981641319478	0.809412677622	1.06765681005
AF3	1.00254698405	0.818312977284	2.53059289995	1.33273232963	1.07365989367	0.420186413726	1.40206691155	0.523127332044	0.387848129531	1.04719833253	0.0	0.802122450459	0.704993479942	2.1929898405	0.94067020783	0.875610507492	0.48347477042	0.486515418076	2.04073239246	1.4752642291	1.07202651522	0.80155698405	0.408307728371	0.371261778637	2.00826898985	0.992669231513	0.481601367811	0.596897351377	0.853008153697	0.976058467859	0.845825442243	0.720939743838	0.462306152731	0.478648419526	1.18160201063	0.981262609957	0.428092261962	0.823393383277	0.496173861769	1.03126635089	0.725590710488	1.50571951667	1.42156687289	0.86775882552	0.667631744804	0.523008927018	1.21721286129	0.952964432093	1.09940195747	1.04527043016	0.981820869985	1.07476675205	0.747722551957	0.7061839971	0.764607936201	0.739949879169	0.845329787337	1.07680137748	0.868871140648	0.960972837119	0.603121208313	0.968894127598
AF4	0.749429076849	0.438690343161	2.28614954084	1.05343655872	0.347549893668	0.485867046883	0.928360604157	0.622554886419	0.759743794103	0.638339884002	0.802122450459	0.0	0.599187520541	1.94878375544	0.540865621073	0.592118293862	0.829083262446	0.813286471725	1.63225728855	1.0730100435	0.933103165781	0.847783310778	1.03029859836	0.934397791203	1.48362825036	0.639870280329	0.828239603673	0.859911739971	0.766729801837	0.756782919285	0.999989487675	0.885000164331	0.78844160464	0.732334871919	0.789534243596	0.553796234896	0.754810169164	0.576719449009	0.647459241179	0.603325949734	0.527035645239	1.21024983567	1.1071957709	0.501997602707	0.897232107298	0.851248245529	0.88510619623	0.773544311261	0.651029850169	0.673192590623	0.894568279362	0.84782699855	0.58733337361	0.651521527308	0.715300971484	0.671026703722	0.653224050266	0.796397090382	0.631379826003	0.707459560174	0.661104780087	0.783923798937
AG3	0.70660080232	0.432783615273	2.31108061866	0.95576439826	0.820289797003	0.435151580474	1.05673668922	0.496124127598	0.617056505558	0.740197486709	0.704993479942	0.599187520541	0.0	1.95529332528	0.509303620106	0.51124120348	0.562093972934	0.554767225713	1.70938819236	1.15889489609	0.88384701305	0.639823165781	0.721363885935	0.651556553891	1.61542192847	0.654279444176	0.544357245046	0.568069294345	0.646730468826	0.75065139681	0.820199221846	0.67552838086	0.596106921218	0.545861280812	1.0289182262	0.806583658772	0.715914548091	0.581851300145	0.574112764621	0.691038506525	0.444241599807	1.26797371194	1.17305705655	0.558358240696	0.865231565974	0.807100850652	1.0448300435	0.804720347994	0.862717931368	0.859304306428	0.934674340261	0.926704485259	0.579775306912	0.640545857902	0.71984020783	0.619107090382	0.470968255196	0.928852663122	0.480234180764	0.787757201547	0.371881947801	0.84464157564
AG4	1.90557642823	1.91135249396	0.385511691638	1.0349462204	1.84162487192	2.05206837603	1.53623913001	1.93047505558	2.0221477912	1.77141536491	2.1929898405	1.94878375544	1.95529332528	0.0	1.78574643789	1.9359420203	2.15658180764	2.16988147898	0.915763615273	1.23211267762	1.61648194297	1.86494446593	2.09058682939	2.06536343161	1.63416390527	1.86096497825	2.06380591107	1.95422324795	1.52936538908	1.5000339826	2.12498929918	2.0720539246	1.95408041083	2.03601855002	2.19976249396	2.1256358724	2.26646387144	1.66159472692	2.19695147414	1.9488098695	2.06726956017	0.985393455776	1.08224764621	1.69955691155	2.38081118415	2.30468477042	2.3345361479	2.32665868052	2.21272345578	2.27148360561	2.40753056549	2.36948260512	2.21195487675	2.24898081682	2.29261629773	2.24260736588	1.96508254712	2.33948797003	1.94609514258	2.28523009183	2.05671420976	2.35938129048
AH3	0.764757394877	0.320589980667	2.12676960367	0.883278148864	0.664119835669	0.674102672789	0.805003489609	0.582780304495	0.763784572257	0.528313702272	0.94067020783	0.540865621073	0.509303620106	1.78574643789	0.0	0.541140038666	0.796811928468	0.812089038183	1.53085995167	1.00900530208	0.846342397293	0.786838994683	0.923818032866	0.869613088449	1.46640820686	0.6776820203	0.775580749154	0.768333204447	0.656649168681	0.680311005317	1.01279905268	0.882111623973	0.714699328178	0.726135253746	1.01251201547	0.795376239729	0.909982595457	0.506288279362	0.781055563074	0.606855698405	0.590222223296	1.0366261189	0.947390217496	0.429430695988	1.05681924601	1.00484597873	1.06479296762	0.908039888835	0.88372919768	0.907282010633	1.03951009183	1.01042163847	0.788790855486	0.817974523925	0.862235679072	0.789296346061	0.593771681972	0.977639589174	0.569209797003	0.885902348961	0.639221865636	0.94562842436
AH4	0.295413006283	0.310509275012	2.28234978734	1.02547490092	0.749435485742	0.616783165781	0.897890681489	0.616478641856	0.784336800387	0.620689052682	0.875610507492	0.592118293862	0.51124120348	1.9359420203	0.541140038666	0.0	0.667624282262	0.659712624456	1.49937560174	0.98597959884	0.842891793137	0.66261977767	0.816351846303	0.743822716288	1.4438841566	0.553663837603	0.660686848719	0.631272054132	0.675273876269	0.691502353794	0.759175398743	0.615645224746	0.745351546641	0.687445326245	0.987922155631	0.771718724021	0.813567834703	0.666385466409	0.679348487192	0.477172112131	0.425778743354	1.23959173514	1.13058165297	0.59344942001	0.963205132914	0.930045920735	0.964730154664	0.800566027066	0.832104200097	0.767411184147	0.926445790237	0.883268743354	0.563374480425	0.604982556791	0.688926089898	0.568925384244	0.370403813436	0.84464142581	0.369368308362	0.751720589657	0.518564543258	0.846263175447
AA7	0.840253905268	0.682412049299	2.49214956501	1.27747422426	1.00275960367	0.565174939584	1.25240871919	0.52486759304	0.515880618656	0.918133025616	0.48347477042	0.829083262446	0.562093972934	2.15658180764	0.796811928468	0.667624282262	0.0	0.155118540358	1.8478662349	1.30320885935	1.00184721121	0.658433987434	0.438008405027	0.411014364427	1.80418203963	0.822468448526	0.313718071532	0.423138559691	0.799313151281	0.892638980184	0.656361092315	0.450986133398	0.456656350894	0.502091715805	1.19716156597	1.01837662639	0.485727970034	0.817890618656	0.512516578057	0.86807338811	0.652327423876	1.46767124215	1.37725254712	0.828063513775	0.760460135331	0.624805872402	1.15162632673	0.887807003383	1.08619596423	1.01620355727	0.913766138231	0.996833064282	0.676109115515	0.641916118898	0.693654403093	0.672201701305	0.560991507975	1.00692287579	0.591400546158	0.948619980667	0.46537341711	0.91589478492
AA8	0.809036814886	0.684440140164	2.50888727405	1.28240996133	0.993986737554	0.538409816336	1.23318086999	0.516114456259	0.550411570807	0.897917762204	0.486515418076	0.813286471725	0.554767225713	2.16988147898	0.812089038183	0.659712624456	0.155118540358	0.0	1.84909507975	1.2888118173	0.950405732238	0.610753533108	0.470961213146	0.428816520058	1.77031181247	0.796549753504	0.330767409377	0.402382493958	0.787258032866	0.870055432576	0.592243711938	0.39351060899	0.505165543741	0.503357921701	1.17667042049	0.997778772354	0.495639656839	0.824559453842	0.489177216046	0.855944485259	0.639097467376	1.48989557274	1.39127969067	0.822645640406	0.720914915418	0.632264615756	1.14295270662	0.884759076849	1.05938646206	0.994296433059	0.899680057999	0.989328308362	0.653229888835	0.632441851136	0.681405993233	0.647768284195	0.592729710005	1.00223030933	0.60687141131	0.929520502658	0.428396887385	0.895180613823
AB7	1.43663394393	1.5547518173	1.17154989367	0.938103272112	1.44820903818	1.8130602755	1.27151557274	1.7892778782	1.94996463992	1.49106776704	2.04073239246	1.63225728855	1.70938819236	0.915763615273	1.53085995167	1.49937560174	1.8478662349	1.84909507975	0.0	0.636635964234	1.4952122668	1.65139473175	1.95551659256	1.89489099082	1.08386514258	1.48064291928	1.83868495408	1.72718485259	1.35127923151	1.21229736588	1.73510441759	1.68952214113	1.88456315611	1.89518287095	1.87253743838	1.82094019333	1.9747878927	1.51537431126	1.90002124698	1.49360564524	1.65325833736	0.977918878685	1.00564973417	1.47983700822	2.13208344128	2.09679578057	1.92926302078	1.94517211696	1.84630424843	1.85922419526	2.03881841469	1.97979775254	1.79821507975	1.82956971967	1.88985650072	1.8241637506	1.62203047366	1.92720720638	1.60072602707	1.88725451909	1.75672391493	1.97574533108
AB8	0.956150739488	1.01558113098	1.56499559207	0.514310942484	0.955444973417	1.24845178347	0.754260478492	1.2302277622	1.41613649589	0.935387501208	1.4752642291	1.0730100435	1.15889489609	1.23211267762	1.00900530208	0.98597959884	1.30320885935	1.2888118173	0.636635964234	0.0	0.972424103432	1.1000241131	1.40957733204	1.34280713871	1.07746128081	0.926859850169	1.28046137264	1.17767840019	0.78275338811	0.661595969067	1.21488161914	1.13982000967	1.34304928951	1.33126301112	1.3792540116	1.28994502175	1.42785344611	0.963269299178	1.3314138376	0.984705282745	1.13176970034	0.754747544708	0.6920139826	0.926437486709	1.58776684872	1.53970521025	1.50785409377	1.44962144998	1.34370882552	1.35730842436	1.54897584824	1.50370486225	1.2952520203	1.31735758337	1.38460612373	1.30877538424	1.08113392943	1.4651761044	1.0691518318	1.36890502175	1.19507366361	1.47908875785
AC7	0.808731565974	0.865691121315	1.95659369261	0.938002489125	1.04375554374	0.907116824553	0.894806254229	0.825197539874	0.998251193813	0.728996099565	1.07202651522	0.933103165781	0.88384701305	1.61648194297	0.846342397293	0.842891793137	1.00184721121	0.950405732238	1.4952122668	0.972424103432	0.0	0.480083992267	0.981313508942	0.929033890768	1.40274509425	0.724040454326	0.941879869502	0.800883518608	0.548990599323	0.50652341711	0.867670797487	0.820072174964	0.92134881102	0.892801536974	1.27942734654	1.12706050266	1.14000545674	0.75060781537	1.04954526825	0.946351996133	0.955346727888	1.14465706138	1.02011114548	0.728676505558	1.13302736588	1.06495464959	1.4890658144	1.38576718705	1.25083055099	1.27267592073	1.50006513291	1.4777280087	1.10435348478	1.1499960319	1.24124719188	1.12256419526	0.903176959884	1.42388362977	0.869508434026	1.27592683422	0.915229705172	1.41663811986
AC8	0.695967583374	0.721335239246	2.20687804253	1.05965233929	1.07220970517	0.639789555341	0.999996935718	0.544988182697	0.679067085549	0.726066703722	0.80155698405	0.847783310778	0.639823165781	1.86494446593	0.786838994683	0.66261977767	0.658433987434	0.610753533108	1.65139473175	1.1000241131	0.480083992267	0.0	0.655426761721	0.627218511358	1.56565734171	0.653799845336	0.525605311745	0.382526959884	0.552454456259	0.5847160029	0.606689221846	0.503842566457	0.601268221363	0.612986766554	1.18039438376	0.946657612373	0.80368277912	0.714525853069	0.742566089898	0.841043885935	0.725240521991	1.22936534558	1.11101605607	0.737223571774	0.890756413726	0.826577056549	1.36026796037	1.10675065732	1.11819166264	1.1117717448	1.18848439826	1.24289579024	0.843126147898	0.853379473175	0.925760898985	0.857468032866	0.592878390527	1.22009842919	0.609074369261	1.02259906235	0.5885699855	1.11761307395
AD7	0.938760753987	0.869294074432	2.43174550024	1.27042792653	1.25811345094	0.683645693572	1.33935270662	0.546144340261	0.448677965201	0.987840599323	0.408307728371	1.03029859836	0.721363885935	2.09058682939	0.923818032866	0.816351846303	0.438008405027	0.470961213146	1.95551659256	1.40957733204	0.981313508942	0.655426761721	0.0	0.189833615273	1.92644397777	0.881155886902	0.391687510875	0.423701841469	0.740020212663	0.89524381827	0.747610125665	0.612153069116	0.444676442726	0.529609294345	1.36723138231	1.17075886419	0.594558743354	0.855667810536	0.680276727888	1.04510041083	0.847478061866	1.41695909618	1.3230938376	0.919657796037	0.819462846786	0.679865384244	1.38377668439	1.11542226196	1.2892520638	1.23284580474	1.13863844853	1.25086086032	0.917499608507	0.870258579024	0.90699580957	0.912927873369	0.731639333011	1.2484500145	0.764861585307	1.15298312711	0.623435819236	1.13908127598
AD8	0.900458970517	0.78590521508	2.40614594973	1.20459040599	1.16700301595	0.59356380377	1.2818497825	0.476902402127	0.431130410826	0.920456466892	0.371261778637	0.934397791203	0.651556553891	2.06536343161	0.869613088449	0.743822716288	0.411014364427	0.428816520058	1.89489099082	1.34280713871	0.929033890768	0.627218511358	0.189833615273	0.0	1.82743989367	0.77339742871	0.331625389077	0.397181208313	0.674488579024	0.823391314645	0.713334809087	0.56928518608	0.431744064766	0.496623586274	1.30492690188	1.09607140648	0.546708182697	0.776396824553	0.61663117448	0.955919526341	0.757550004833	1.39114234896	1.29359439343	0.826522150797	0.769572518125	0.634378226196	1.32290916868	1.05168064282	1.21133727888	1.15152968584	1.08530801353	1.18875077332	0.855210198163	0.811039666506	0.853746254229	0.852853320445	0.720806471725	1.19186889802	0.749776138231	1.07442524891	0.561929888835	1.07136064282
AE7	1.35087851619	1.49399107298	1.89515762687	1.26450140648	1.31133808603	1.71229288062	1.20227082649	1.75028012083	1.93675073949	1.34865519091	2.00826898985	1.48362825036	1.61542192847	1.63416390527	1.46640820686	1.4438841566	1.80418203963	1.77031181247	1.08386514258	1.07746128081	1.40274509425	1.56565734171	1.92644397777	1.82743989367	0.0	1.0778298695	1.80275905752	1.69623143548	1.37633080232	1.281690087	1.58408781054	1.57950454809	1.87129968584	1.83645869502	1.69452303528	1.69945112615	1.93074383277	1.52490642339	1.83817752537	1.37990743354	1.59565357177	1.45706111165	1.4349062929	1.45129373127	2.00513055582	1.99119649589	1.72459348961	1.81362603673	1.63914065249	1.64536486225	1.93960886419	1.82831633156	1.67933929435	1.70178927501	1.7726220783	1.67302477525	1.58746859836	1.77496761237	1.5558858434	1.74409638473	1.69589322378	1.83965613823
AE8	0.612447467376	0.582461000483	2.19620270179	0.993282991783	0.817187617206	0.714445350411	0.8884060029	0.735416979217	0.916261527308	0.569505389077	0.992669231513	0.639870280329	0.654279444176	1.86096497825	0.6776820203	0.553663837603	0.822468448526	0.796549753504	1.48064291928	0.926859850169	0.724040454326	0.653799845336	0.881155886902	0.77339742871	1.0778298695	0.0	0.779690531658	0.72719280812	0.622302498792	0.571930657322	0.768772788787	0.696449294345	0.846662469792	0.817327046883	1.06855459642	0.893538772354	0.92722479942	0.673839502175	0.839420077332	0.630447617206	0.662006602223	1.21035109715	1.09785179314	0.631618554857	1.04816663122	1.01864811503	1.14667933784	1.04602724505	0.936912832286	0.948027868536	1.16457649106	1.13295719188	0.834338685355	0.83999381827	0.922853813436	0.843077738038	0.680886781054	1.088309884	0.664788946351	0.94491181247	0.711659961334	1.06643289029
AF7	0.832819265346	0.670021962301	2.40460291928	1.24033248913	1.04461549058	0.547016094732	1.21457797487	0.457242281295	0.44727818753	0.850329395843	0.481601367811	0.828239603673	0.544357245046	2.06380591107	0.775580749154	0.660686848719	0.313718071532	0.330767409377	1.83868495408	1.28046137264	0.941879869502	0.525605311745	0.391687510875	0.331625389077	1.80275905752	0.779690531658	0.0	0.226853653939	0.69758218463	0.805554403093	0.659813605607	0.518530236829	0.414540396327	0.46137840986	1.15391334461	0.94663879652	0.473588757854	0.736958066699	0.528598032866	0.858169990333	0.629329207347	1.39346245046	1.29783177864	0.740898569357	0.754348182697	0.623412324795	1.19614494925	0.937286515225	1.06746214596	1.01997693088	0.960255732238	1.06142381827	0.715214378927	0.697868448526	0.742597143548	0.725856679555	0.577415766071	1.05273426776	0.607760048333	0.9359399855	0.44422977767	0.955327704205
AF8	0.719872619623	0.688354958917	2.296190116	1.11906858869	1.07132359594	0.56669578057	1.1207821073	0.451815770904	0.496814905752	0.7871739826	0.596897351377	0.859911739971	0.568069294345	1.95422324795	0.768333204447	0.631272054132	0.423138559691	0.402382493958	1.72718485259	1.17767840019	0.800883518608	0.382526959884	0.423701841469	0.397181208313	1.69623143548	0.72719280812	0.226853653939	0.0	0.595897017883	0.686081822136	0.629460289995	0.481054939584	0.445273228613	0.474983489609	1.21483062349	1.00504960851	0.598353798937	0.7426980232	0.597153436443	0.860642126631	0.676006505558	1.28011108748	1.18693632673	0.755630289995	0.827782503625	0.739692551957	1.27185126631	1.00867191397	1.1189720493	1.09603611406	1.04560854519	1.14325408893	0.791191251812	0.784493228613	0.832067568874	0.816935466409	0.554934156597	1.12850859836	0.580779105848	1.00990616723	0.495577003383	1.0350460754
AG7	0.754445432576	0.674819565007	1.86774855486	0.693022522958	0.900696950217	0.685195166747	0.874547225713	0.577842000967	0.737657926535	0.630516897052	0.853008153697	0.766729801837	0.646730468826	1.52936538908	0.656649168681	0.675273876269	0.799313151281	0.787258032866	1.35127923151	0.78275338811	0.548990599323	0.552454456259	0.740020212663	0.674488579024	1.37633080232	0.622302498792	0.69758218463	0.595897017883	0.0	0.227827162881	0.83614679072	0.725977767037	0.673182435959	0.716200275495	1.25132353311	1.00582218946	0.918548738521	0.466905732238	0.824655287579	0.814915625906	0.737220236829	0.931174146931	0.822666007733	0.487117583374	1.04279519091	0.958988641856	1.35618671822	1.12751683905	1.17764898018	1.16704275012	1.23524754471	1.23597668439	0.917934494925	0.929359400677	1.00155887385	0.944053035283	0.684065016916	1.2238897245	0.667461527308	1.09206935234	0.710896408893	1.16896772354
AG8	0.673226466892	0.710394084099	1.84216694055	0.684526360561	0.87340380377	0.752894673755	0.76779060899	0.71964041566	0.905932658289	0.604770575157	0.976058467859	0.756782919285	0.75065139681	1.5000339826	0.680311005317	0.691502353794	0.892638980184	0.870055432576	1.21229736588	0.661595969067	0.50652341711	0.5847160029	0.89524381827	0.823391314645	1.281690087	0.571930657322	0.805554403093	0.686081822136	0.227827162881	0.0	0.846353605607	0.772691522475	0.832509057516	0.82961378927	1.21971426293	1.01961856452	1.01868930884	0.528744514258	0.920243813436	0.781974088932	0.800716167231	0.922325234413	0.794860410826	0.502456665056	1.136190174	1.05432362494	1.35015172547	1.21873473175	1.15454268729	1.16905823586	1.33253390527	1.31597421943	0.987008801353	0.998047336878	1.0857678637	1.00516170614	0.763271512808	1.26848232963	0.743106892218	1.14828602707	0.808556631223	1.25162482359
AH7	0.779704451426	0.858359531174	2.44685852586	1.32909901885	1.18275242146	0.807094166264	1.18746221363	0.821139115515	0.908707617206	0.9155219768	0.845825442243	0.999989487675	0.820199221846	2.12498929918	1.01279905268	0.759175398743	0.656361092315	0.592243711938	1.73510441759	1.21488161914	0.867670797487	0.606689221846	0.747610125665	0.713334809087	1.58408781054	0.768772788787	0.659813605607	0.629460289995	0.83614679072	0.846353605607	0.0	0.258277839536	0.879697317545	0.860428100532	1.17608301595	1.04109605607	0.806109400677	0.957073682939	0.79444160464	0.926996926051	0.809347820203	1.48191606573	1.3679777767	0.981156234896	0.93943062349	0.912006413726	1.30098266312	1.05976909135	1.16302661672	1.07918717255	1.11600117931	1.17167870952	0.837013842436	0.793633508942	0.847796713388	0.807191754471	0.755818690188	1.17450243113	0.78524858869	1.00755650072	0.711314470759	1.07869537458
AH8	0.693269589174	0.718465287579	2.41279721605	1.23514920251	1.04727195263	0.65054279362	1.11502632673	0.637696868052	0.742760555824	0.803061179314	0.720939743838	0.885000164331	0.67552838086	2.0720539246	0.882111623973	0.615645224746	0.450986133398	0.39351060899	1.68952214113	1.13982000967	0.820072174964	0.503842566457	0.612153069116	0.56928518608	1.57950454809	0.696449294345	0.518530236829	0.481054939584	0.725977767037	0.772691522475	0.258277839536	0.0	0.710541778637	0.674549130014	1.16305834219	0.976905041083	0.691489995167	0.849038414693	0.628543455776	0.818246075399	0.679225389077	1.40488791203	1.30012741904	0.864138936684	0.824138593523	0.782413339778	1.18987290478	0.949712653456	1.07115017883	0.983371913968	0.977669052682	1.06361612373	0.700862083132	0.67394362494	0.731944780087	0.685755819236	0.616627723538	1.05931504108	0.645093765104	0.902819144514	0.549104847753	0.96994818753
AA5	0.906545219913	0.646107346544	2.28768099565	1.18221111648	1.01716740938	0.528269366844	1.2389162639	0.30239017883	0.25350341711	0.875226292895	0.462306152731	0.78844160464	0.596106921218	1.95408041083	0.714699328178	0.745351546641	0.456656350894	0.505165543741	1.88456315611	1.34304928951	0.92134881102	0.601268221363	0.444676442726	0.431744064766	1.87129968584	0.846662469792	0.414540396327	0.445273228613	0.673182435959	0.832509057516	0.879697317545	0.710541778637	0.0	0.281695703238	1.23036102948	0.972316466892	0.585952653456	0.610580183664	0.62930759304	0.883200033833	0.681687825036	1.24173752054	1.16740436443	0.661083827936	0.802378806187	0.650503518608	1.33153612373	1.06620253262	1.1435020783	1.13549428226	1.10885607057	1.20703345578	0.831633615273	0.835419033349	0.862660420493	0.863552561624	0.633875746738	1.20148410826	0.653820715321	1.03819893185	0.562736486225	1.09530979217
AA6	0.866074079265	0.615488405027	2.37913903818	1.20891618656	0.973144659256	0.42045022233	1.17481813436	0.35159260029	0.344942271629	0.818270570324	0.478648419526	0.732334871919	0.545861280812	2.03601855002	0.726135253746	0.687445326245	0.502091715805	0.503357921701	1.89518287095	1.33126301112	0.892801536974	0.612986766554	0.529609294345	0.496623586274	1.83645869502	0.817327046883	0.46137840986	0.474983489609	0.716200275495	0.82961378927	0.860428100532	0.674549130014	0.281695703238	0.0	1.08802782987	0.838164282262	0.535057984534	0.591631662639	0.499335630739	0.83328780087	0.554147849203	1.32051898502	1.21853722571	0.66719522958	0.573600009667	0.458615210246	1.20993751087	0.955330038666	0.98479760754	0.966710884485	0.999760280329	1.09124897535	0.69218982117	0.715814030933	0.758684340261	0.723001082649	0.614775944901	1.07083188497	0.644318351861	0.886374209763	0.51186661189	0.974978786854
AB5	1.09204893668	0.913937095215	2.53066025616	1.4263278927	0.799489966167	0.987700990817	1.19303853069	1.11649058966	1.18682482359	0.981921242146	1.18160201063	0.789534243596	1.0289182262	2.19976249396	1.01251201547	0.987922155631	1.19716156597	1.17667042049	1.87253743838	1.3792540116	1.27942734654	1.18039438376	1.36723138231	1.30492690188	1.69452303528	1.06855459642	1.15391334461	1.21483062349	1.25132353311	1.21971426293	1.17608301595	1.16305834219	1.23036102948	1.08802782987	0.0	0.41596558724	0.972262643789	1.04581330594	0.91845377477	0.869467588207	0.851339400677	1.52266874819	1.44572680522	0.988737472209	0.996847056549	0.994381561141	0.877423504108	0.950215103915	0.770675703238	0.769107394877	1.07300522958	0.976223426776	0.820759284679	0.919861116481	0.910858859352	0.906158182697	1.00453549058	0.901529168681	1.00486246013	0.842316529725	1.02680735621	0.951270879652
AB6	0.933974717255	0.677280314161	2.46256969067	1.318709768	0.750736993717	0.744665273079	1.07263842436	0.855972300628	0.94524102465	0.821983368777	0.981262609957	0.553796234896	0.806583658772	2.1256358724	0.795376239729	0.771718724021	1.01837662639	0.997778772354	1.82094019333	1.28994502175	1.12706050266	0.946657612373	1.17075886419	1.09607140648	1.69945112615	0.893538772354	0.94663879652	1.00504960851	1.00582218946	1.01961856452	1.04109605607	0.976905041083	0.972316466892	0.838164282262	0.41596558724	0.0	0.794835954567	0.782512416626	0.74207817303	0.767087056549	0.641373707105	1.40855248913	1.32097852102	0.744715248913	0.771357196713	0.780153218946	0.780244171097	0.695540584824	0.548816331561	0.533705896568	0.822419903335	0.758041986467	0.644286921218	0.754335751571	0.733535321411	0.744949618173	0.777010473659	0.694629168681	0.772864615756	0.569455737071	0.8416440116	0.695982315128
AC5	0.957020521991	0.751640502658	2.60573634606	1.43150840986	0.992745505075	0.55342702755	1.28183234896	0.592612788787	0.52741542291	0.941800077332	0.428092261962	0.754810169164	0.715914548091	2.26646387144	0.909982595457	0.813567834703	0.485727970034	0.495639656839	1.9747878927	1.42785344611	1.14000545674	0.80368277912	0.594558743354	0.546708182697	1.93074383277	0.92722479942	0.473588757854	0.598353798937	0.918548738521	1.01868930884	0.806109400677	0.691489995167	0.585952653456	0.535057984534	0.972262643789	0.794835954567	0.0	0.774101275979	0.368328221363	0.902745108748	0.630416921218	1.58405235863	1.46503266796	0.819344736588	0.540082788787	0.434717564041	1.02788467859	0.776681942968	0.93548121798	0.866466916385	0.785035790237	0.873826399227	0.58619517158	0.539074557757	0.573912000967	0.612109990333	0.742353484775	0.894282909618	0.769048226196	0.794372000967	0.582834717255	0.769818221363
AC6	0.828787781537	0.527978637023	2.00346309328	0.841160908652	0.705426075399	0.608471309811	0.770039173514	0.481941633639	0.690947680039	0.529076578057	0.823393383277	0.576719449009	0.581851300145	1.66159472692	0.506288279362	0.666385466409	0.817890618656	0.824559453842	1.51537431126	0.963269299178	0.75060781537	0.714525853069	0.855667810536	0.776396824553	1.52490642339	0.673839502175	0.736958066699	0.7426980232	0.466905732238	0.528744514258	0.957073682939	0.849038414693	0.610580183664	0.591631662639	1.04581330594	0.782512416626	0.774101275979	0.0	0.740834253262	0.669706056066	0.608827535041	0.849932764621	0.742136273562	0.262730555824	0.954144200097	0.869285712905	1.18215458676	1.02480355727	0.975418627356	0.97262101015	1.13251093765	1.10472463992	0.805973508942	0.843391841469	0.921350473659	0.83774980667	0.65925319478	1.06066691155	0.642178472692	0.945260797487	0.667267796037	1.05381923635
AD6	0.828254572257	0.609222798453	2.53954508942	1.28604331078	0.839792827453	0.408818274529	1.17331903335	0.489662073465	0.573360038666	0.839056747221	0.496173861769	0.647459241179	0.574112764621	2.19695147414	0.781055563074	0.679348487192	0.512516578057	0.489177216046	1.90002124698	1.3314138376	1.04954526825	0.742566089898	0.680276727888	0.61663117448	1.83817752537	0.839420077332	0.528598032866	0.597153436443	0.824655287579	0.920243813436	0.79444160464	0.628543455776	0.62930759304	0.499335630739	0.91845377477	0.74207817303	0.368328221363	0.740834253262	0.0	0.756119265346	0.431926350894	1.50037383277	1.39781447076	0.76168560174	0.587260144998	0.513996892218	0.88681459159	0.630607950701	0.804369081682	0.728061101982	0.681678965684	0.772407931368	0.44776542291	0.425435712905	0.480354867086	0.482420821653	0.593006810053	0.758981677139	0.618855094248	0.659959188014	0.41229020783	0.65790737071
AE5	0.538881280812	0.507105485742	2.29114395843	1.05836561141	0.655589937168	0.754998168197	0.809740260996	0.726369333011	0.952026882552	0.562110454326	1.03126635089	0.603325949734	0.691038506525	1.9488098695	0.606855698405	0.477172112131	0.86807338811	0.855944485259	1.49360564524	0.984705282745	0.946351996133	0.841043885935	1.04510041083	0.955919526341	1.37990743354	0.630447617206	0.858169990333	0.860642126631	0.814915625906	0.781974088932	0.926996926051	0.818246075399	0.883200033833	0.83328780087	0.869467588207	0.767087056549	0.902745108748	0.669706056066	0.756119265346	0.0	0.400426205897	1.1887262059	1.07798139198	0.589574639923	1.07703082649	1.04878870469	0.902290299662	0.833119888835	0.849724238763	0.752909434509	0.963755911068	0.909153711938	0.631153301112	0.639707477042	0.745067143548	0.61696420493	0.545597510875	0.859659608507	0.515883204447	0.794639294345	0.697154180764	0.90698441276
AE6	0.613465891735	0.383075954567	2.40952323345	1.15257980184	0.695248728855	0.462624180764	0.962988003867	0.553721725471	0.685322561624	0.666733189947	0.725590710488	0.527035645239	0.444241599807	2.06726956017	0.590222223296	0.425778743354	0.652327423876	0.639097467376	1.65325833736	1.13176970034	0.955346727888	0.725240521991	0.847478061866	0.757550004833	1.59565357177	0.662006602223	0.629329207347	0.676006505558	0.737220236829	0.800716167231	0.809347820203	0.679225389077	0.681687825036	0.554147849203	0.851339400677	0.641373707105	0.630416921218	0.608827535041	0.431926350894	0.400426205897	0.0	1.33743507008	1.2243821073	0.573567332044	0.790268641856	0.759004857419	0.878226810053	0.664660304495	0.711990299662	0.646980299662	0.785761536974	0.766242788787	0.412993204447	0.45216297245	0.53790860319	0.428224862252	0.410070096665	0.745174688255	0.413538139198	0.591209337844	0.436472025133	0.705218893185
AF5	1.25486730304	1.18718548574	1.31605146931	0.524386520058	1.13391709038	1.33925589657	0.807409357177	1.20259615756	1.32860256162	1.00657414693	1.50571951667	1.21024983567	1.26797371194	0.985393455776	1.0366261189	1.23959173514	1.46767124215	1.48989557274	0.977918878685	0.754747544708	1.14465706138	1.22936534558	1.41695909618	1.39114234896	1.45706111165	1.21035109715	1.39346245046	1.28011108748	0.931174146931	0.922325234413	1.48191606573	1.40488791203	1.24173752054	1.32051898502	1.52266874819	1.40855248913	1.58405235863	0.849932764621	1.50037383277	1.1887262059	1.33743507008	0.0	0.190231909135	0.909220990817	1.69811042049	1.61533241663	1.692909797	1.64176053649	1.5677720493	1.5946422233	1.75143327211	1.71817439826	1.50573781537	1.55939132431	1.61793304978	1.55126336394	1.23664407443	1.68281669889	1.22106055582	1.58974366361	1.37082738521	1.67999883519
AF6	1.13453402127	1.08039096665	1.41433488159	0.479293876269	1.0510357564	1.2376479507	0.682490942484	1.1061020348	1.25503517641	0.907846433059	1.42156687289	1.1071957709	1.17305705655	1.08224764621	0.947390217496	1.13058165297	1.37725254712	1.39127969067	1.00564973417	0.6920139826	1.02011114548	1.11101605607	1.3230938376	1.29359439343	1.4349062929	1.09785179314	1.29783177864	1.18693632673	0.822666007733	0.794860410826	1.3679777767	1.30012741904	1.16740436443	1.21853722571	1.44572680522	1.32097852102	1.46503266796	0.742136273562	1.39781447076	1.07798139198	1.2243821073	0.190231909135	0.0	0.793126500725	1.59154912518	1.50830320445	1.63498297245	1.56407795553	1.49514063316	1.52045482842	1.66653632673	1.64844150314	1.40634381827	1.45323561624	1.51396693088	1.4445679652	1.13504374577	1.61125065732	1.11831542291	1.50503858869	1.27452947318	1.59478978734
AG5	0.73413637506	0.473399062349	2.04012906718	0.84154500725	0.612784625423	0.597201778637	0.742653450942	0.527796732721	0.729888936684	0.521520009667	0.86775882552	0.501997602707	0.558358240696	1.69955691155	0.429430695988	0.59344942001	0.828063513775	0.822645640406	1.47983700822	0.926437486709	0.728676505558	0.737223571774	0.919657796037	0.826522150797	1.45129373127	0.631618554857	0.740898569357	0.755630289995	0.487117583374	0.502456665056	0.981156234896	0.864138936684	0.661083827936	0.66719522958	0.988737472209	0.744715248913	0.819344736588	0.262730555824	0.76168560174	0.589574639923	0.573567332044	0.909220990817	0.793126500725	0.0	0.977669913001	0.922358211696	1.10369281779	0.978409357177	0.913633339778	0.923400836153	1.09559854519	1.06345321411	0.755621667472	0.81784738521	0.897947863702	0.801410744321	0.617437390043	1.02728859352	0.59529441276	0.907890173997	0.661509826003	1.00777856936
