	AA3	AA4	AB3	AB4	AC3	AC4	AD3	AD4	AE3	AE4	AF3	AF4	AG3	AG4	AH3	AH4	AA7	AA8	AB7	AB8	AC7	AC8	AD7	AD8	AE7	AE8	AF7	AF8	AG7	AG8	AH7	AH8	AA5	AA6	AB5	AB6	AC5	AC6	AD6	AE5	AE6	AF5	AF6	AG5	AH5	AH6	AA1	AA2	AB1	AB2	AC1	AC2	AD1	AD2	AE1	AE2	AF1	AF2	AG1	AG2	AH1	AH2
AA3	0.0	0.523442518125	2.23830909618	0.967241918801	0.848802460126	0.74460062349	0.909434712421	0.755652054132	0.848827738038	0.662320850652	0.945018540358	0.723834069599	0.658750241663	1.91987652006	0.764477109715	0.25190120348	0.782581440309	0.70724340261	1.44700459159	1.03096925568	0.794629497342	0.627403489609	0.857940618656	0.864409134848	1.37487319961	0.551371377477	0.71684959884	0.597955176414	0.653939511841	0.666838090865	0.733413900435	0.6677779797	0.840731870469	0.803686399227	1.11944779604	0.90311341711	0.91416638956	0.758251469309	0.748604456259	0.591085500242	0.518800715321	1.27006440793	1.14014080715	0.690625592073	1.06754400193	1.0295222668	1.00062029	0.919851251812	0.917578956017	0.845910285162	1.07839529241	0.991305543741	0.686679207347	0.72828142581	0.786866679555	0.637845166747	0.510117520541	0.880056114065	0.498282329628	0.895392281295	0.618593605607	0.929834214596
AA4	0.523442518125	0.0	2.29302830836	0.949577612373	0.649292953117	0.542295998067	0.924908521025	0.541681213146	0.65813380377	0.602623629773	0.795996205897	0.45259479942	0.414919545674	1.97211153697	0.334174243596	0.353612846786	0.68183738521	0.650094407927	1.56899634123	1.10309790237	0.896045094248	0.646185853069	0.822958177864	0.843347032383	1.5147320058	0.620013508942	0.671904093765	0.631261561141	0.680566679555	0.732633813436	0.864516089898	0.701997646206	0.620525688739	0.583631150314	0.943863847269	0.647313557274	0.72616961334	0.581878656356	0.57557417593	0.555745041083	0.370137201547	1.27177935718	1.07956842919	0.488399342678	0.893123687772	0.825688467859	0.936048801353	0.773665785404	0.714271498308	0.721236795553	0.955337723538	0.869630352827	0.584375877235	0.629933948768	0.681592097632	0.533534364427	0.428409308845	0.790595558241	0.426178748188	0.741181227646	0.468770410826	0.77779720638
AB3	2.23830909618	2.29302830836	0.0	1.45669227163	2.18686560174	2.40161095698	1.90076355727	2.25175851136	2.33987132431	2.10081545674	2.53332422426	2.28854188014	2.317830087	0.362800550991	2.13628266796	2.31818652006	2.47891696472	2.49090798453	1.16313633639	1.46480828903	1.97096690672	2.19391173514	2.4276481972	2.40171918801	1.91275723055	2.15294590623	2.36118572257	2.26513164814	1.94350450942	1.81393651522	2.44603877235	2.44383344611	2.31537137748	2.37868242629	2.57633761721	2.46844659256	2.62041116481	1.97836741904	2.54238413726	2.29191341711	2.37768604157	1.29182438859	1.45471102465	2.08658533108	2.71991993233	2.65184109715	2.67399276945	2.67283219913	2.53051000483	2.61068214596	2.78084183664	2.71998845336	2.5679877912	2.620830174	2.63109232479	2.5532580232	2.31772503142	2.64224251329	2.29112907685	2.65942779604	2.4106518753	2.6798418318
AB4	0.967241918801	0.949577612373	1.45669227163	0.0	0.922113707105	1.05939571774	0.808328994683	0.980851459642	1.13084076365	0.807295848236	1.25439115998	0.974543576607	0.888703895602	1.12523022233	0.839999656839	0.97334641856	1.17985255196	1.18459795553	0.974068318028	0.491417631706	0.93088578057	0.949070647656	1.16516118415	1.15425906718	1.27959077815	0.906875268246	1.10047901885	0.998455635573	0.697489357177	0.590429937168	1.27570043983	1.17295550024	1.11767255196	1.12347593523	1.40494873852	1.22577570324	1.36391058966	0.743851329145	1.20783729821	0.966049043016	1.02805564524	0.631094543258	0.512235630739	0.790783489609	1.45999443693	1.38987914935	1.46033901885	1.38433738521	1.28178455776	1.34243273562	1.54399856452	1.47134376027	1.25994580474	1.31657700338	1.34793328661	1.23316027066	1.01222743354	1.38350905268	0.997810753987	1.38575284679	1.09102833253	1.40635899468
AC3	0.848802460126	0.649292953117	2.18686560174	0.922113707105	0.0	0.778804949251	0.852453972934	0.854568869019	0.993613842436	0.647938467859	1.08881285162	0.35789618173	0.800615659739	1.86678213146	0.647086694055	0.769428738521	1.01538025616	0.946750038666	1.43280762204	1.03661916868	1.05507682939	1.00226504108	1.21978237313	1.23191255196	1.30289827936	0.818459444176	1.07004957467	1.01949939584	0.925225509908	0.901109134848	1.17717958917	1.03699836153	0.982663426776	0.958701735138	0.852061275979	0.740567525375	0.994425911068	0.704298327695	0.848164248429	0.649128018366	0.701137810536	1.1706379072	1.01339101015	0.605746118898	1.16111046399	1.10836880619	0.877558448526	0.914742431126	0.774216254229	0.804601048816	1.07181276462	0.950319304012	0.734877588207	0.854066254229	0.895648463026	0.779595321411	0.827338240696	0.845165495408	0.801248608023	0.912693301112	0.851013629773	0.916858405027
AC4	0.74460062349	0.542295998067	2.40161095698	1.05939571774	0.778804949251	0.0	1.16932863702	0.393302827453	0.442766621556	0.803894436926	0.358746549058	0.526244117931	0.471891116481	2.08080642339	0.685711749638	0.636951667472	0.54817677622	0.514814407927	1.81282343644	1.31792361527	0.93741518608	0.63952139681	0.607916041566	0.629334301595	1.74732755921	0.782784006767	0.536753160947	0.531143948768	0.653360628323	0.778490778154	0.81245157564	0.577472938618	0.440430792653	0.394909304012	1.03156750121	0.732570328661	0.527594765587	0.648788699855	0.374634514258	0.801419125181	0.503332735621	1.3896822088	1.21212407927	0.609694886419	0.656736273562	0.592453736104	1.03756438376	0.79205918318	0.79885558724	0.82624540841	0.898584702755	0.941826698888	0.595258612856	0.630937612373	0.671448260029	0.620306834219	0.613315998067	0.893560024166	0.650854494925	0.778980029	0.418290778154	0.770738231029
AD3	0.909434712421	0.924908521025	1.90076355727	0.808328994683	0.852453972934	1.16932863702	0.0	1.02483776704	1.29622758337	0.425696162397	1.40309759304	0.956443678105	1.05358219913	1.57993639439	0.841056926051	0.933519879169	1.27062085065	1.21617555341	1.29359346544	0.823337820203	0.887074929918	0.975058907685	1.33664485259	1.30019942001	1.21085112131	0.864904485259	1.170800058	1.06835950701	0.930409304012	0.821602730788	1.18719545674	1.13431802803	1.24801467376	1.17808363461	1.23605656356	1.08296681489	1.28171623973	0.742192503625	1.17889790237	0.836899690672	0.962621478975	0.830002107298	0.758691314645	0.766573508942	1.41860477525	1.36718117448	1.36051608507	1.35250251329	1.16469207347	1.19596786854	1.50676277429	1.41192832769	1.18794512325	1.24496292412	1.29169059449	1.14579734654	0.981263716771	1.28669589174	0.961475485742	1.27896960367	1.13522909135	1.34657188497
AD4	0.755652054132	0.541681213146	2.25175851136	0.980851459642	0.854568869019	0.393302827453	1.02483776704	0.0	0.307213885935	0.657904446593	0.552004253262	0.641161986467	0.527714233929	1.93016954084	0.583559130014	0.632546268729	0.533156761721	0.508086698888	1.75965663606	1.24629901885	0.860207332044	0.560413504108	0.515848438859	0.533889685839	1.73579332528	0.759079555341	0.469777844369	0.441364755921	0.493462286129	0.700688066699	0.796837863702	0.573531677139	0.317550990817	0.36917037216	1.16471034799	0.825877477042	0.592184871919	0.511918709522	0.49232378927	0.758248361527	0.550732866119	1.22950106332	1.0344399275	0.522802063799	0.730299729338	0.65725262929	1.18314768487	0.918489086515	0.965603025616	0.983816858386	1.01567963267	1.08196868536	0.747275785404	0.744689188014	0.75010099565	0.752136901885	0.584876901885	1.04772445626	0.59936038666	0.926671449976	0.48785661189	0.896059666506
AE3	0.848827738038	0.65813380377	2.33987132431	1.13084076365	0.993613842436	0.442766621556	1.29622758337	0.307213885935	0.0	0.922752445626	0.375422885452	0.774456384727	0.628337235379	2.02542523441	0.735949284679	0.75850138231	0.494452561624	0.558381928468	1.91280369744	1.41023035283	0.994264987917	0.701157124215	0.416618854519	0.462945959401	1.89922916385	0.916855944901	0.480298458192	0.52111860319	0.641752218463	0.857019816336	0.868833528275	0.662246723055	0.238628163364	0.351529265346	1.24138009667	0.926234755921	0.548216302562	0.717190227163	0.559275645239	0.962936486225	0.677366220396	1.36297086032	1.18760001933	0.714906544224	0.731581870469	0.640605935234	1.25365950217	0.986227119381	1.04987154664	1.05404835669	1.07196487675	1.15070545191	0.811354949251	0.811915630739	0.803076428226	0.819938269696	0.713893871435	1.12213453359	0.749899009183	0.998356065732	0.573008110198	0.963462310295
AE4	0.662320850652	0.602623629773	2.10081545674	0.807295848236	0.647938467859	0.803894436926	0.425696162397	0.657904446593	0.922752445626	0.0	1.04546959884	0.642657066216	0.717072522958	1.77822334461	0.56234777187	0.6168559739	0.905652286129	0.856694905752	1.4417419333	0.953890144998	0.736935113581	0.681954461092	0.974570652489	0.957728371194	1.31883681489	0.579245693572	0.817583460609	0.740626128565	0.641476244563	0.624665253746	0.934915205413	0.802844668922	0.881011512808	0.823926147898	1.00303470759	0.837621971967	0.934510391493	0.503658235863	0.818413069116	0.552257196713	0.624677100048	1.02152541324	0.837939724505	0.480424934751	1.08606099565	1.03669050266	1.07474361527	1.04683692605	0.896057844369	0.932183383277	1.22854546158	1.12322210246	0.887189743838	0.919034340261	0.958711996133	0.842605553407	0.663653441276	1.00655407443	0.641152933784	1.00093428226	0.782784084099	1.04967269696
AF3	0.945018540358	0.795996205897	2.53332422426	1.25439115998	1.08881285162	0.358746549058	1.40309759304	0.552004253262	0.375422885452	1.04546959884	0.0	0.832607738038	0.714434755921	2.21509165781	0.933005915901	0.872142315128	0.511897892702	0.567226863219	2.01550633156	1.52059804253	1.10231671822	0.830272682455	0.408657641373	0.447109647173	1.99541968584	1.02507873369	0.546394171097	0.658544842919	0.814090947318	0.973966249396	0.861373165781	0.67099858869	0.445745548574	0.484336201063	1.20578511841	0.958601169647	0.452944243596	0.863025282745	0.493601014983	1.04784142098	0.75509280812	1.55318538424	1.37683789754	0.853192136298	0.64564057999	0.567349884002	1.21289487675	0.944265413243	1.06980171097	1.03337944901	1.03427608507	1.08771413726	0.800423566941	0.747244857419	0.789578772354	0.76432120348	0.862202131464	1.06693502175	0.89568138231	0.961363881102	0.600552580957	0.915647670372
AF4	0.723834069599	0.45259479942	2.28854188014	0.974543576607	0.35789618173	0.526244117931	0.956443678105	0.641161986467	0.774456384727	0.642657066216	0.832607738038	0.0	0.578780956984	1.96749050266	0.532953160947	0.618238463026	0.842063649106	0.804138641856	1.58864098115	1.0972460029	0.961823905268	0.797362102465	1.00635750121	1.01839956017	1.48477201547	0.665210840986	0.868211246979	0.819434755921	0.792304746254	0.779180202997	1.01846606573	0.875334475592	0.761742711455	0.736428385694	0.81604818753	0.53615340261	0.765541928468	0.590446244563	0.661102788787	0.602231962301	0.524488501692	1.24469481392	1.08045080715	0.486518337361	0.899443813436	0.838576500725	0.832610086999	0.736388907685	0.589763871435	0.640482025133	0.910870753987	0.820142165297	0.563157211213	0.674550285162	0.724306868052	0.664257419043	0.661723992267	0.72229359594	0.657482866119	0.724364301595	0.654235118415	0.7381939971
AG3	0.658750241663	0.414919545674	2.317830087	0.888703895602	0.800615659739	0.471891116481	1.05358219913	0.527714233929	0.628337235379	0.717072522958	0.714434755921	0.578780956984	0.0	1.9834422668	0.506529507008	0.506040570324	0.554846085065	0.536487709038	1.68394281779	1.18038432093	0.917122561624	0.617266491058	0.694019047849	0.726858264862	1.5927898695	0.680481319478	0.570463639439	0.562211904302	0.645689289512	0.749167472209	0.80969741421	0.645714794587	0.598639521508	0.552477839536	1.03228411793	0.753824055099	0.722399482842	0.608315485742	0.555674900918	0.677236553891	0.411923146448	1.31009829386	1.12978087965	0.541084891252	0.863305650072	0.785572943451	0.996411111648	0.762126384727	0.783347883035	0.802710067666	0.947284625423	0.896359381344	0.589933421943	0.647769917835	0.707649033349	0.573852566457	0.45532041566	0.868793470275	0.490409748671	0.778159439343	0.382829579507	0.778291764137
AG4	1.91987652006	1.97211153697	0.362800550991	1.12523022233	1.86678213146	2.08080642339	1.57993639439	1.93016954084	2.02542523441	1.77822334461	2.21509165781	1.96749050266	1.9834422668	0.0	1.81660209763	1.99694448043	2.1645501015	2.17488840019	0.919547452876	1.15705630256	1.65721703722	1.8785180377	2.11333591107	2.08715312711	1.65785369261	1.83536288062	2.04829971	1.94974233929	1.63330875302	1.4948179652	2.14608244563	2.1276261769	2.0009298405	2.05749496375	2.26704266312	2.1502719768	2.30624027066	1.66521518125	2.21982298695	1.96949692605	2.05523234413	0.994261266312	1.14922443209	1.76757087965	2.40190033833	2.33195497825	2.34984570324	2.35021337844	2.20873608507	2.28652699855	2.46158649589	2.39604054616	2.24894294828	2.30148423876	2.31528316095	2.23105925085	1.99798920735	2.32278208797	1.97277714838	2.33670779604	2.09425810053	2.3591802465
AH3	0.764477109715	0.334174243596	2.13628266796	0.839999656839	0.647086694055	0.685711749638	0.841056926051	0.583559130014	0.735949284679	0.56234777187	0.933005915901	0.532953160947	0.506529507008	1.81660209763	0.0	0.599614639923	0.786926370227	0.799293861769	1.52631230546	1.03386318511	0.889310444659	0.746648516191	0.902075195747	0.933595360077	1.4796461914	0.736593987434	0.792221962301	0.761560705655	0.66690900435	0.68727741421	1.03017879169	0.873291754471	0.697356278395	0.689058579024	1.05329644756	0.771335882069	0.902074441759	0.488240265829	0.763259864669	0.66370918318	0.575194644756	1.08347280812	0.910855799903	0.440035113581	1.03762359594	0.961938177864	1.05124070565	0.902476317061	0.825949154181	0.869401372644	1.06917117448	1.00222835669	0.791705790237	0.835545669406	0.845955669406	0.746576534558	0.591759714838	0.914502155631	0.590704475592	0.899133189947	0.651251256646	0.921909188014
AH4	0.25190120348	0.353612846786	2.31818652006	0.97334641856	0.769428738521	0.636951667472	0.933519879169	0.632546268729	0.75850138231	0.6168559739	0.872142315128	0.618238463026	0.506040570324	1.99694448043	0.599614639923	0.0	0.66844261479	0.592426529725	1.53858808603	1.10251455776	0.864980956984	0.611861232479	0.777156070565	0.791457046883	1.45597244079	0.585089787337	0.642041706138	0.581856563557	0.678793765104	0.732998453359	0.754633576607	0.58656037216	0.730631237313	0.671526239729	1.01416889319	0.771251121315	0.788863098115	0.66661637506	0.628102286129	0.506367699372	0.392838042533	1.31545254229	1.12955287579	0.575844291928	0.951479047849	0.90417919768	0.920302692122	0.791422257129	0.809663948768	0.718944374094	0.962744258096	0.881392334461	0.55962322378	0.619835418076	0.687828791687	0.521139536008	0.382749888835	0.785030956984	0.375241986467	0.763154596423	0.509904910585	0.801554664089
AA7	0.782581440309	0.68183738521	2.47891696472	1.17985255196	1.01538025616	0.54817677622	1.27062085065	0.533156761721	0.494452561624	0.905652286129	0.511897892702	0.842063649106	0.554846085065	2.1645501015	0.786926370227	0.66844261479	0.0	0.1903739971	1.81877932334	1.34997621556	1.03498963267	0.679485326245	0.430847114548	0.460891068149	1.78183370227	0.846195128081	0.364509047849	0.464984601257	0.709446056066	0.882526616723	0.663045355244	0.406606747221	0.474163528275	0.516642513291	1.2380261624	1.01519843403	0.536352112131	0.822694214596	0.499652266796	0.911682764621	0.665839323345	1.49489662639	1.31987715321	0.826427283712	0.753309260512	0.653871594973	1.1486342871	0.887367162881	1.08796834219	1.0119381537	0.957198762687	1.01879242629	0.746733533108	0.683261464476	0.699289917835	0.688252445626	0.557521667472	1.00011444176	0.601463895602	0.956575722571	0.476427158047	0.85668242146
AA8	0.70724340261	0.650094407927	2.49090798453	1.18459795553	0.946750038666	0.514814407927	1.21617555341	0.508086698888	0.558381928468	0.856694905752	0.567226863219	0.804138641856	0.536487709038	2.17488840019	0.799293861769	0.592426529725	0.1903739971	0.0	1.76782039633	1.32977542291	0.964248385694	0.620117544708	0.481245896568	0.507952527791	1.70241827453	0.77429222813	0.384534403093	0.427928071532	0.688163571774	0.868366694055	0.578914403093	0.319500512325	0.518010961817	0.528017235379	1.20020011116	0.977635050749	0.551412469792	0.813632223296	0.442272083132	0.843619874335	0.605025181247	1.50230604157	1.32307889319	0.781587225713	0.751163972934	0.671873895602	1.07537113581	0.83267142581	1.04298072499	0.9339879942	0.905834944418	0.966720932818	0.658169685839	0.622700894152	0.660032740454	0.614299695505	0.541446549058	0.923084282262	0.563197506042	0.880069855002	0.442682508458	0.804994166264
AB7	1.44700459159	1.56899634123	1.16313633639	0.974068318028	1.43280762204	1.81282343644	1.29359346544	1.75965663606	1.91280369744	1.4417419333	2.01550633156	1.58864098115	1.68394281779	0.919547452876	1.52631230546	1.53858808603	1.81877932334	1.76782039633	0.0	0.552859192847	1.49190634606	1.5790261769	1.91092142098	1.88936171097	1.08977728855	1.39842291928	1.76452728855	1.64565296278	1.38918341711	1.18923834219	1.70452271629	1.70730274529	1.86463649106	1.86250087965	1.88339657322	1.81470068632	1.96100265829	1.45490165781	1.863000261	1.49192264862	1.61360090865	0.959167810536	1.03585326728	1.48544012083	2.12383368777	2.06431800387	1.9507257419	1.96095620106	1.82072267762	1.84880676655	2.09155731271	2.00152594973	1.83306093765	1.87533442726	1.90280291928	1.79355870952	1.61541366361	1.915699855	1.59201232479	1.92478037216	1.74444398743	1.97694362011
AB8	1.03096925568	1.10309790237	1.46480828903	0.491417631706	1.03661916868	1.31792361527	0.823337820203	1.24629901885	1.41023035283	0.953890144998	1.52059804253	1.0972460029	1.18038432093	1.15705630256	1.03386318511	1.10251455776	1.34997621556	1.32977542291	0.552859192847	0.0	1.02825418076	1.09012755437	1.40599560657	1.38170932334	1.13385933301	0.932106094732	1.26472509908	1.14601463992	0.861291677139	0.691069260512	1.2749822088	1.26164304978	1.3681077477	1.36426107782	1.45926189464	1.33501127598	1.4746457564	0.957387298212	1.39159811986	1.04852413243	1.16367610923	0.716074823586	0.684289801837	0.983554635089	1.64332423876	1.57165796037	1.5723780522	1.50752407443	1.39125047366	1.41493110198	1.65473777187	1.58521075882	1.40547599323	1.44426393427	1.46362072015	1.36565166747	1.16238596423	1.50827849686	1.14797068632	1.4814780667	1.26018296762	1.52477314645
AC7	0.794629497342	0.896045094248	1.97096690672	0.93088578057	1.05507682939	0.93741518608	0.887074929918	0.860207332044	0.994264987917	0.736935113581	1.10231671822	0.961823905268	0.917122561624	1.65721703722	0.889310444659	0.864980956984	1.03498963267	0.964248385694	1.49190634606	1.02825418076	0.0	0.463649275012	0.993864519091	0.956789255679	1.41057455776	0.695617713871	0.904146085065	0.762212503625	0.572779207347	0.571382513291	0.870320140164	0.824332397293	0.933617665539	0.913203504108	1.30015681972	1.12059453359	1.15774029483	0.768242870952	1.05117104398	0.984965476075	0.954820749154	1.14766515708	1.0803517738	0.726207839536	1.13245088932	1.07887061382	1.46894538908	1.39419833253	1.22511423393	1.27003767521	1.55739330594	1.49263814403	1.14705151764	1.18697449976	1.27696208313	1.109380232	0.930108960851	1.37391596423	0.894829342678	1.32532954084	0.937009927501	1.39523605607
AC8	0.627403489609	0.646185853069	2.19391173514	0.949070647656	1.00226504108	0.63952139681	0.975058907685	0.560413504108	0.701157124215	0.681954461092	0.830272682455	0.797362102465	0.617266491058	1.8785180377	0.746648516191	0.611861232479	0.679485326245	0.620117544708	1.5790261769	1.09012755437	0.463649275012	0.0	0.678163924601	0.663800125665	1.51615139198	0.600768487192	0.489179352344	0.355647849203	0.410511594973	0.582562498792	0.624297583374	0.50239659739	0.620335563074	0.610608883519	1.15876872402	0.859197467376	0.816616259062	0.672491884969	0.700699642339	0.816490488159	0.674526215563	1.23275996133	1.08614438376	0.642144258096	0.873843267279	0.820267844369	1.26693998067	1.04046132431	1.00965796037	1.02560082165	1.20081603673	1.18687759787	0.812136636056	0.830907950701	0.92135659739	0.808129671339	0.561471836636	1.12520702755	0.559803151281	0.985336428226	0.576937791203	1.0415421508
AD7	0.857940618656	0.822958177864	2.4276481972	1.16516118415	1.21978237313	0.607916041566	1.33664485259	0.515848438859	0.416618854519	0.974570652489	0.408657641373	1.00635750121	0.694019047849	2.11333591107	0.902075195747	0.777156070565	0.430847114548	0.481245896568	1.91092142098	1.40599560657	0.993864519091	0.678163924601	0.0	0.155440463992	1.89243645723	0.874936839053	0.38629242146	0.473378521025	0.650753508942	0.854714804253	0.740359023683	0.537640724988	0.45525737071	0.521856201063	1.3629360029	1.09451921701	0.597892460126	0.846745563074	0.624446872885	1.02383804737	0.802218743354	1.45352936684	1.27079316095	0.869478554857	0.769769859836	0.679192339294	1.337079739	1.0723500145	1.20991117448	1.17038993717	1.145559942	1.22449753021	0.923167675205	0.861801435476	0.878509221846	0.888293131948	0.734059473175	1.20289095215	0.772895640406	1.10035797487	0.598533605607	1.03598060416
AD8	0.864409134848	0.843347032383	2.40171918801	1.15425906718	1.23191255196	0.629334301595	1.30019942001	0.533889685839	0.462945959401	0.957728371194	0.447109647173	1.01839956017	0.726858264862	2.08715312711	0.933595360077	0.791457046883	0.460891068149	0.507952527791	1.88936171097	1.38170932334	0.956789255679	0.663800125665	0.155440463992	0.0	1.83342273079	0.817410700822	0.39405781537	0.489425625906	0.640244673755	0.824000923151	0.720826534558	0.533765374577	0.487378917351	0.539853900435	1.3873779362	1.11736007733	0.622083779604	0.862607022716	0.653451841469	1.03960461092	0.818573890768	1.43277017883	1.26308623006	0.881868443693	0.788999729338	0.696741309812	1.36294718221	1.10068477525	1.22843707105	1.19298933784	1.17891890768	1.25525352827	0.945658714355	0.882998477525	0.903952537458	0.909146027066	0.75617420493	1.22763289512	0.790988264862	1.12696234413	0.622001077815	1.06439147898
AE7	1.37487319961	1.5147320058	1.91275723055	1.27959077815	1.30289827936	1.74732755921	1.21085112131	1.73579332528	1.89922916385	1.31883681489	1.99541968584	1.48477201547	1.5927898695	1.65785369261	1.4796461914	1.45597244079	1.78183370227	1.70241827453	1.08977728855	1.13385933301	1.41057455776	1.51615139198	1.89243645723	1.83342273079	0.0	1.04726611406	1.75207688255	1.6192321653	1.4218878492	1.29632298695	1.57263060899	1.61622190913	1.85839659256	1.82726232479	1.71857827936	1.71204151281	1.91053797487	1.49585535041	1.81939131464	1.35661849686	1.56024305945	1.46028040116	1.46046760754	1.43843921701	1.99715878685	1.97119037216	1.71122920735	1.8157882407	1.64319638956	1.63653755921	1.96744778637	1.81279437409	1.67557239729	1.72150843886	1.77879436926	1.60906561624	1.57561199613	1.70949511358	1.5386442581	1.78181936201	1.70113257612	1.83485315611
AE8	0.551371377477	0.620013508942	2.15294590623	0.906875268246	0.818459444176	0.782784006767	0.864904485259	0.759079555341	0.916855944901	0.579245693572	1.02507873369	0.665210840986	0.680481319478	1.83536288062	0.736593987434	0.585089787337	0.846195128081	0.77429222813	1.39842291928	0.932106094732	0.695617713871	0.600768487192	0.874936839053	0.817410700822	1.04726611406	0.0	0.765870691155	0.654011841469	0.636685456742	0.577228598357	0.761923866602	0.699968728855	0.878688342194	0.845399449009	1.12349856452	0.90931441276	0.945976191397	0.69338681972	0.864099526341	0.65644	0.659418240696	1.20061336878	1.0480262784	0.622976118898	1.07576180764	1.05153449493	1.13271119381	1.06419454809	0.930189647173	0.954286930884	1.22850362494	1.16783147898	0.87273438376	0.911739105848	0.972878057032	0.829118757854	0.674874330594	1.06693054616	0.656031261479	1.02931727888	0.735505920735	1.0572520493
AF7	0.71684959884	0.671904093765	2.36118572257	1.10047901885	1.07004957467	0.536753160947	1.170800058	0.469777844369	0.480298458192	0.817583460609	0.546394171097	0.868211246979	0.570463639439	2.04829971	0.792221962301	0.642041706138	0.364509047849	0.384534403093	1.76452728855	1.26472509908	0.904146085065	0.489179352344	0.38629242146	0.39405781537	1.75207688255	0.765870691155	0.0	0.22163958434	0.563291565974	0.763286578057	0.647594142098	0.453326350894	0.43516118898	0.46883582407	1.20650017883	0.943188506525	0.549327288545	0.768632977284	0.532860599323	0.886741681972	0.661857312711	1.39839301112	1.20869042533	0.766117965201	0.771750575157	0.690414088932	1.20193144514	0.970674316095	1.05721160947	1.03786120831	1.04277315611	1.11179281295	0.78777739971	0.76769362494	0.801418376027	0.784112754954	0.556499608507	1.05054139198	0.587666534558	0.975363861769	0.475960410826	0.940260391493
AF8	0.597955176414	0.631261561141	2.26513164814	0.998455635573	1.01949939584	0.531143948768	1.06835950701	0.441364755921	0.52111860319	0.740626128565	0.658544842919	0.819434755921	0.562211904302	1.94974233929	0.761560705655	0.581856563557	0.464984601257	0.427928071532	1.64565296278	1.14601463992	0.762212503625	0.355647849203	0.473378521025	0.489425625906	1.6192321653	0.654011841469	0.22163958434	0.0	0.450985920735	0.652143359111	0.620775978734	0.417540628323	0.468728757854	0.502375495408	1.19848156114	0.929451967134	0.66421621073	0.723275519575	0.546271358144	0.822427046883	0.631926544224	1.29328024166	1.12269561624	0.711881367811	0.845876723055	0.768758719188	1.21862601257	0.983381092315	1.02225273079	1.03560400193	1.06156291928	1.13219811986	0.786327945868	0.774148037699	0.815849047849	0.785887825036	0.526349545674	1.06982362494	0.554022745288	0.978879830836	0.473851913968	0.955261889802
AG7	0.653939511841	0.680566679555	1.94350450942	0.697489357177	0.925225509908	0.653360628323	0.930409304012	0.493462286129	0.641752218463	0.641476244563	0.814090947318	0.792304746254	0.645689289512	1.63330875302	0.66690900435	0.678793765104	0.709446056066	0.688163571774	1.38918341711	0.861291677139	0.572779207347	0.410511594973	0.650753508942	0.640244673755	1.4218878492	0.636685456742	0.563291565974	0.450985920735	0.0	0.281388777187	0.739450918318	0.636819618173	0.613670086999	0.679648240696	1.28388137264	0.971042402127	0.849951942968	0.54076542291	0.754019724505	0.851063426776	0.7007199855	1.04322810536	0.879604891252	0.543591068149	0.999708308362	0.941454267762	1.33468291445	1.06841689222	1.13083642823	1.14540802803	1.22420372644	1.22837505075	0.903890753987	0.914203856936	0.944948695022	0.904908293862	0.651612450459	1.20026702272	0.652919202513	1.08567104882	0.659170275495	1.07284347028
AG8	0.666838090865	0.732633813436	1.81393651522	0.590429937168	0.901109134848	0.778490778154	0.821602730788	0.700688066699	0.857019816336	0.624665253746	0.973966249396	0.779180202997	0.749167472209	1.4948179652	0.68727741421	0.732998453359	0.882526616723	0.868366694055	1.18923834219	0.691069260512	0.571382513291	0.582562498792	0.854714804253	0.824000923151	1.29632298695	0.577228598357	0.763286578057	0.652143359111	0.281388777187	0.0	0.876581445143	0.817981744804	0.812966897052	0.83434637506	1.28564836153	1.01528381344	1.03084740938	0.488796220396	0.91697442726	0.819021416143	0.768608598357	0.9346860174	0.800977080715	0.529557061382	1.14773157564	1.08166369261	1.34348727405	1.20847695988	1.12508413243	1.17131226196	1.3791642871	1.32283699372	1.04615710488	1.06051492508	1.10388902368	1.00026910585	0.781536491058	1.22732195747	0.769618941518	1.19895937168	0.815608255196	1.22021469309
AH7	0.733413900435	0.864516089898	2.44603877235	1.27570043983	1.17717958917	0.81245157564	1.18719545674	0.796837863702	0.868833528275	0.934915205413	0.861373165781	1.01846606573	0.80969741421	2.14608244563	1.03017879169	0.754633576607	0.663045355244	0.578914403093	1.70452271629	1.2749822088	0.870320140164	0.624297583374	0.740359023683	0.720826534558	1.57263060899	0.761923866602	0.647594142098	0.620775978734	0.739450918318	0.876581445143	0.0	0.323249811503	0.872795959401	0.871575495408	1.19806311745	1.03255245046	0.804398753021	0.973576331561	0.764167752537	0.96322558724	0.82107557274	1.50448030933	1.37616736104	0.947387757371	0.950242590623	0.915067119381	1.26647977767	1.04540480425	1.16499317545	1.0424577187	1.15982792653	1.18214065249	0.869450671822	0.798531333978	0.869964862252	0.812278854519	0.763304615756	1.13829248913	0.774712663122	1.01947359594	0.717792426293	1.02759553891
AH8	0.6677779797	0.701997646206	2.44383344611	1.17295550024	1.03699836153	0.577472938618	1.13431802803	0.573531677139	0.662246723055	0.802844668922	0.67099858869	0.875334475592	0.645714794587	2.1276261769	0.873291754471	0.58656037216	0.406606747221	0.319500512325	1.70730274529	1.26164304978	0.824332397293	0.50239659739	0.537640724988	0.533765374577	1.61622190913	0.699968728855	0.453326350894	0.417540628323	0.636819618173	0.817981744804	0.323249811503	0.0	0.643526399227	0.628253948768	1.1663322233	0.94333037216	0.631312508458	0.837593044949	0.538752634123	0.8530420203	0.679880869985	1.46567363944	1.28663098598	0.807073895602	0.77630580957	0.728704789753	1.15749820203	0.927480029	1.04168062832	0.945671996133	0.996438724021	1.06762787337	0.722473948768	0.682727738038	0.735213919768	0.687115277912	0.598398757854	1.02256949251	0.610663808603	0.912266877719	0.507144093765	0.894525862736
AA5	0.840731870469	0.620525688739	2.31537137748	1.11767255196	0.982663426776	0.440430792653	1.24801467376	0.317550990817	0.238628163364	0.881011512808	0.445745548574	0.761742711455	0.598639521508	2.0009298405	0.697356278395	0.730631237313	0.474163528275	0.518010961817	1.86463649106	1.3681077477	0.933617665539	0.620335563074	0.45525737071	0.487378917351	1.85839659256	0.878688342194	0.43516118898	0.468728757854	0.613670086999	0.812966897052	0.872795959401	0.643526399227	0.0	0.241547568874	1.21621428226	0.889148786854	0.564993813436	0.652151652972	0.566547327211	0.904361285645	0.633138221363	1.31687211213	1.12364767037	0.647518873852	0.71047560174	0.611087303045	1.26418215563	1.00983083615	1.0398342291	1.05649842436	1.10067134848	1.16798913001	0.803294557757	0.811107477042	0.818479990333	0.820158013533	0.644524625423	1.12094095698	0.670412924118	0.989662305462	0.537698941518	0.982987651039
AA6	0.803686399227	0.583631150314	2.37868242629	1.12347593523	0.958701735138	0.394909304012	1.17808363461	0.36917037216	0.351529265346	0.823926147898	0.484336201063	0.736428385694	0.552477839536	2.05749496375	0.689058579024	0.671526239729	0.516642513291	0.528017235379	1.86250087965	1.36426107782	0.913203504108	0.610608883519	0.521856201063	0.539853900435	1.82726232479	0.845399449009	0.46883582407	0.502375495408	0.679648240696	0.83434637506	0.871575495408	0.628253948768	0.241547568874	0.0	1.11370739004	0.807325954567	0.540089366844	0.639172687289	0.494393542774	0.863267675205	0.584470768487	1.36503025616	1.17347558724	0.632671169647	0.547887336878	0.460189323345	1.16923009183	0.925601459642	0.939203392943	0.938928864186	1.02029662639	1.0821062494	0.708980473659	0.726566007733	0.746623073949	0.729727796037	0.618336660222	1.02927406477	0.650033233446	0.887142576124	0.48431962784	0.896943127115
AB5	1.11944779604	0.943863847269	2.57633761721	1.40494873852	0.852061275979	1.03156750121	1.23605656356	1.16471034799	1.24138009667	1.00303470759	1.20578511841	0.81604818753	1.03228411793	2.26704266312	1.05329644756	1.01416889319	1.2380261624	1.20020011116	1.88339657322	1.45926189464	1.30015681972	1.15876872402	1.3629360029	1.3873779362	1.71857827936	1.12349856452	1.20650017883	1.19848156114	1.28388137264	1.28564836153	1.19806311745	1.1663322233	1.21621428226	1.11370739004	0.0	0.408167022716	0.990646897052	1.08656512325	0.960788318028	0.898236263896	0.891103919768	1.61137124698	1.44712453359	1.01994183664	0.972687931368	0.974269134848	0.820217839536	0.90408460609	0.763926723055	0.737612880619	1.05460847269	0.937533069116	0.80292717738	0.914855369744	0.931553740938	0.924362909618	1.04819533108	0.812540584824	1.04977666022	0.838312315128	1.02692811986	0.904983054616
AB6	0.90311341711	0.647313557274	2.46844659256	1.22577570324	0.740567525375	0.732570328661	1.08296681489	0.825877477042	0.926234755921	0.837621971967	0.958601169647	0.53615340261	0.753824055099	2.1502719768	0.771335882069	0.771251121315	1.01519843403	0.977635050749	1.81470068632	1.33501127598	1.12059453359	0.859197467376	1.09451921701	1.11736007733	1.71204151281	0.90931441276	0.943188506525	0.929451967134	0.971042402127	1.01528381344	1.03255245046	0.94333037216	0.889148786854	0.807325954567	0.408167022716	0.0	0.775904456259	0.785408376027	0.747184146931	0.775439323345	0.646999352344	1.44984965684	1.27699681489	0.702680691155	0.744309966167	0.740487042049	0.776775930401	0.689029511841	0.554088245529	0.548606979217	0.850451599807	0.767520700822	0.575777080715	0.720810463992	0.728898859352	0.738934349928	0.779847767037	0.672368061866	0.767687520541	0.61648457709	0.789001271145	0.692582740454
AC5	0.91416638956	0.72616961334	2.62041116481	1.36391058966	0.994425911068	0.527594765587	1.28171623973	0.592184871919	0.548216302562	0.934510391493	0.452944243596	0.765541928468	0.722399482842	2.30624027066	0.902074441759	0.788863098115	0.536352112131	0.551412469792	1.96100265829	1.4746457564	1.15774029483	0.816616259062	0.597892460126	0.622083779604	1.91053797487	0.945976191397	0.549327288545	0.66421621073	0.849951942968	1.03084740938	0.804398753021	0.631312508458	0.564993813436	0.540089366844	0.990646897052	0.775904456259	0.0	0.812304963751	0.410423769937	0.923050111165	0.664202677622	1.63867700338	1.44583960851	0.794390492992	0.486883779604	0.449027167714	1.0174958724	0.759362319961	0.91672680522	0.847964233929	0.824700396327	0.887878641856	0.623025142581	0.565859734171	0.590655340744	0.645876911551	0.755514359594	0.883328516191	0.785532788787	0.78298618173	0.568590067666	0.713241097148
AC6	0.758251469309	0.581878656356	1.97836741904	0.743851329145	0.704298327695	0.648788699855	0.742192503625	0.511918709522	0.717190227163	0.503658235863	0.863025282745	0.590446244563	0.608315485742	1.66521518125	0.488240265829	0.66661637506	0.822694214596	0.813632223296	1.45490165781	0.957387298212	0.768242870952	0.672491884969	0.846745563074	0.862607022716	1.49585535041	0.69338681972	0.768632977284	0.723275519575	0.54076542291	0.488796220396	0.973576331561	0.837593044949	0.652151652972	0.639172687289	1.08656512325	0.785408376027	0.812304963751	0.0	0.776158525858	0.675971788304	0.60076637506	0.863558748188	0.672062493958	0.298519072015	0.987695277912	0.925426283229	1.14732615273	1.03958747704	0.938579299178	0.969270260996	1.19096859836	1.14434834219	0.861786848719	0.912365345578	0.960557897535	0.84613861769	0.670940096665	1.04618336878	0.656028704688	1.01087629773	0.688981875302	1.03878700822
AD6	0.748604456259	0.57557417593	2.54238413726	1.20783729821	0.848164248429	0.374634514258	1.17889790237	0.49232378927	0.559275645239	0.818413069116	0.493601014983	0.661102788787	0.555674900918	2.21982298695	0.763259864669	0.628102286129	0.499652266796	0.442272083132	1.863000261	1.39159811986	1.05117104398	0.700699642339	0.624446872885	0.653451841469	1.81939131464	0.864099526341	0.532860599323	0.546271358144	0.754019724505	0.91697442726	0.764167752537	0.538752634123	0.566547327211	0.494393542774	0.960788318028	0.747184146931	0.410423769937	0.776158525858	0.0	0.767593890768	0.455258298695	1.5419319478	1.35275453359	0.744660101498	0.595869550507	0.535714001933	0.886160280329	0.642149038183	0.818435843403	0.721144311261	0.744057061382	0.799111942968	0.487766882552	0.448969101015	0.490322754954	0.489333344611	0.575124741421	0.752081817303	0.625690758821	0.66417060899	0.371768308362	0.615867921701
AE5	0.591085500242	0.555745041083	2.29191341711	0.966049043016	0.649128018366	0.801419125181	0.836899690672	0.758248361527	0.962936486225	0.552257196713	1.04784142098	0.602231962301	0.677236553891	1.96949692605	0.66370918318	0.506367699372	0.911682764621	0.843619874335	1.49192264862	1.04852413243	0.984965476075	0.816490488159	1.02383804737	1.03960461092	1.35661849686	0.65644	0.886741681972	0.822427046883	0.851063426776	0.819021416143	0.96322558724	0.8530420203	0.904361285645	0.863267675205	0.898236263896	0.775439323345	0.923050111165	0.675971788304	0.767593890768	0.0	0.383516027066	1.22825612373	1.05224279845	0.588412426293	1.10996831319	1.06284073949	0.876150845819	0.825150024166	0.846612634123	0.734182281295	1.01488508458	0.922790241663	0.662196491058	0.706148182697	0.792629995167	0.605762682455	0.578504122765	0.81521540841	0.558276674722	0.818136205897	0.714186114065	0.884841164814
AE6	0.518800715321	0.370137201547	2.37768604157	1.02805564524	0.701137810536	0.503332735621	0.962621478975	0.550732866119	0.677366220396	0.624677100048	0.75509280812	0.524488501692	0.411923146448	2.05523234413	0.575194644756	0.392838042533	0.665839323345	0.605025181247	1.61360090865	1.16367610923	0.954820749154	0.674526215563	0.802218743354	0.818573890768	1.56024305945	0.659418240696	0.661857312711	0.631926544224	0.7007199855	0.768608598357	0.82107557274	0.679880869985	0.633138221363	0.584470768487	0.891103919768	0.646999352344	0.664202677622	0.60076637506	0.455258298695	0.383516027066	0.0	1.339299768	1.1502117593	0.522366085065	0.839905297245	0.786481058482	0.863133030449	0.679271715805	0.716167346544	0.649093504108	0.855344108265	0.789086172064	0.481831889802	0.514706365394	0.573329076849	0.441452725955	0.404768037699	0.731054122765	0.430941788304	0.657485650072	0.429177907202	0.693691285645
AF5	1.27006440793	1.27177935718	1.29182438859	0.631094543258	1.1706379072	1.3896822088	0.830002107298	1.22950106332	1.36297086032	1.02152541324	1.55318538424	1.24469481392	1.31009829386	0.994261266312	1.08347280812	1.31545254229	1.49489662639	1.50230604157	0.959167810536	0.716074823586	1.14766515708	1.23275996133	1.45352936684	1.43277017883	1.46028040116	1.20061336878	1.39839301112	1.29328024166	1.04322810536	0.9346860174	1.50448030933	1.46567363944	1.31687211213	1.36503025616	1.61137124698	1.44984965684	1.63867700338	0.863558748188	1.5419319478	1.22825612373	1.339299768	0.0	0.249990241663	0.998049072015	1.74198335428	1.67043719188	1.72246907685	1.68162598357	1.57651681972	1.61986550024	1.81589450942	1.77502117448	1.55155753504	1.63367711455	1.66378291928	1.55250340744	1.29387680522	1.6836337941	1.2623318028	1.66399607057	1.42378275979	1.6933042871
AF6	1.14014080715	1.07956842919	1.45471102465	0.512235630739	1.01339101015	1.21212407927	0.758691314645	1.0344399275	1.18760001933	0.837939724505	1.37683789754	1.08045080715	1.12978087965	1.14922443209	0.910855799903	1.12955287579	1.31987715321	1.32307889319	1.03585326728	0.684289801837	1.0803517738	1.08614438376	1.27079316095	1.26308623006	1.46046760754	1.0480262784	1.20869042533	1.12269561624	0.879604891252	0.800977080715	1.37616736104	1.28663098598	1.12364767037	1.17347558724	1.44712453359	1.27699681489	1.44583960851	0.672062493958	1.35275453359	1.05224279845	1.1502117593	0.249990241663	0.0	0.810505384244	1.55372064282	1.48167564041	1.56471522958	1.51467029966	1.42007655389	1.46162741904	1.65643976317	1.62290879652	1.37512009183	1.44563539874	1.47652615273	1.37412769454	1.10864568391	1.52874253746	1.08357955051	1.49821036249	1.23322820686	1.51716682455
AG5	0.690625592073	0.488399342678	2.08658533108	0.790783489609	0.605746118898	0.609694886419	0.766573508942	0.522802063799	0.714906544224	0.480424934751	0.853192136298	0.486518337361	0.541084891252	1.76757087965	0.440035113581	0.575844291928	0.826427283712	0.781587225713	1.48544012083	0.983554635089	0.726207839536	0.642144258096	0.869478554857	0.881868443693	1.43843921701	0.622976118898	0.766117965201	0.711881367811	0.543591068149	0.529557061382	0.947387757371	0.807073895602	0.647518873852	0.632671169647	1.01994183664	0.702680691155	0.794390492992	0.298519072015	0.744660101498	0.588412426293	0.522366085065	0.998049072015	0.810505384244	0.0	0.937689333011	0.883767153214	1.06504681005	0.95137459159	0.836544905752	0.867286326728	1.13103561624	1.05559518608	0.744959637506	0.823388487192	0.894888820686	0.729647143548	0.611101807637	0.949253450942	0.600192155631	0.901762319961	0.641998907685	0.964060724988
