	AA3	AA4	AB3	AB4	AC3	AC4	AD3	AD4	AE3	AE4	AF3	AF4	AG3	AG4	AH3	AH4	AA7	AA8	AB7	AB8	AC7	AC8	AD7	AD8	AE7	AE8	AF7	AF8	AG7	AG8	AH7	AH8	AA5	AA6	AB5	AB6	AC5	AC6	AD6	AE5	AE6	AF5	AF6	AG5	AH5	AH6	AA1	AA2	AB1	AB2	AC1	AC2	AD1	AD2	AE1	AE2	AF1	AF2	AG1	AG2	AH1	AH2
AA3	0.0	0.517867564041	2.23691346061	0.971383842436	0.838072542291	0.736023421943	0.880781329145	0.716282696955	0.855939565007	0.663429130014	0.930360396327	0.715093958434	0.713004601257	1.89002492508	0.746224364427	0.259078211696	0.81186182697	0.784447955534	1.40752570807	1.0387962204	0.786721101982	0.638277298212	0.884826355727	0.897643914935	1.34460451909	0.569422474625	0.806625896568	0.675911048816	0.704797346544	0.653238545191	0.769267820203	0.689992701788	0.865198738521	0.836824209763	1.10723157564	0.878999149348	0.894268878685	0.744599096182	0.774836926051	0.549468695022	0.610837303045	1.23338129531	1.14391766554	0.698961029483	1.12199671339	1.02237753021	0.997486307395	0.946365862736	0.905250932818	0.85391921218	1.08191957467	0.983416930884	0.655174359594	0.726206795553	0.78484901885	0.670555224746	0.499409028516	0.91042020783	0.511014369261	0.899589134848	0.630939729338	0.940216278395
AA4	0.517867564041	0.0	2.23376680522	0.913921594973	0.621859246013	0.566643310778	0.874329492508	0.463486887385	0.64281160464	0.573711116481	0.785169797003	0.44289879652	0.443121058482	1.88679044949	0.31314558724	0.313369855002	0.678461889802	0.680499047849	1.51785383277	1.04190354277	0.810960333494	0.653318724021	0.847319565007	0.768623339778	1.47237275979	0.555803639439	0.677182208797	0.650464867086	0.637577003383	0.662213185114	0.857409536008	0.718879705172	0.628239932334	0.617406283229	0.971732624456	0.670723977767	0.749302010633	0.495425567907	0.614771778637	0.512891155147	0.411004557757	1.17839727888	1.06397435476	0.443287066216	0.957491759304	0.831731570807	0.943279526341	0.798719255679	0.735793557274	0.739494277429	0.966692464959	0.875227520541	0.592942551957	0.634855577574	0.659634388594	0.59797257129	0.443535345578	0.823393620106	0.433067549541	0.753849333011	0.46418502175	0.791696447559
AB3	2.23691346061	2.23376680522	0.0	1.45619674239	2.18947270179	2.40782784437	1.90203617206	2.27955693088	2.34899349928	2.08917289512	2.51814896568	2.28776336878	2.33957217496	0.389022619623	2.15457674239	2.27540205413	2.5265059884	2.51514565007	1.18906351861	1.46410065249	1.99933918318	2.22537390043	2.43593952634	2.47269729821	1.92321176414	2.22716669406	2.39874853069	2.34465522958	1.9014741421	1.83218687289	2.45698430643	2.44830878202	2.28982867086	2.40330733688	2.5680120348	2.47940574674	2.60850238763	2.01356348961	2.55746738038	2.34217634606	2.4159638811	1.30663939584	1.40257338811	2.07904860319	2.76069818753	2.64475221846	2.69970147898	2.68947111648	2.53040026583	2.62837846303	2.79665973417	2.73709931368	2.56253050749	2.61633239729	2.61767666022	2.5794578492	2.33540542774	2.68210970517	2.3082702465	2.64674202513	2.37712699372	2.707050232
AB4	0.971383842436	0.913921594973	1.45619674239	0.0	0.938213204447	1.06368283712	0.789179265346	0.997753750604	1.12956303045	0.816787984534	1.24450196713	0.970281087482	0.908997075882	1.10050631223	0.849054635089	0.95291622523	1.23086238279	1.22445012566	0.987153813436	0.494110860319	0.949257452876	1.006820203	1.19509467376	1.19637382794	1.28065954567	0.966926162397	1.17130398743	1.07728698405	0.669993571774	0.634957322378	1.30134942968	1.20618146448	1.10481775737	1.14647287579	1.40512628323	1.2474941856	1.36896752054	0.78957319478	1.23766395843	1.04267463509	1.09982556307	0.624583156114	0.525411058482	0.812608110198	1.50594362011	1.37991523441	1.47923173514	1.40384233929	1.29864594973	1.36089123248	1.56018253746	1.47865360077	1.25568982117	1.32480057516	1.34703867086	1.27333156597	1.05224165781	1.43379810536	1.02810340261	1.37467849686	1.06441946351	1.42087245529
AC3	0.838072542291	0.621859246013	2.18947270179	0.938213204447	0.0	0.784468124698	0.864208670855	0.843282440793	0.965032339294	0.644336916385	1.08145895118	0.327019966167	0.789883165781	1.84667886902	0.657798115031	0.742582904785	1.01425154664	1.01966121315	1.43769860802	1.04156551474	1.06156009183	1.01964771387	1.24689207347	1.16408514741	1.30950525858	0.829270705655	1.0750277767	1.04480689705	0.88320699855	0.883979342678	1.18940271145	1.05748922668	0.988714209763	0.972556162397	0.830180067666	0.714838864186	0.976500396327	0.716992431126	0.840085582407	0.65779040116	0.707324625423	1.1688938666	1.07009999033	0.626092044466	1.17584412276	1.06764056066	0.89539502175	0.955481304978	0.735435374577	0.838252740454	1.07441128565	0.975605683905	0.734440357661	0.840028704688	0.867527718705	0.804683842436	0.819950715321	0.900448506525	0.806358994683	0.885709729338	0.846855074915	0.951545969067
AC4	0.736023421943	0.566643310778	2.40782784437	1.06368283712	0.784468124698	0.0	1.12071311261	0.404850700822	0.453370604157	0.818275886902	0.378841333978	0.503755659739	0.414692431126	2.06024342678	0.665171836636	0.635992943451	0.559337283712	0.556526302562	1.78764847269	1.29806492992	0.901129608507	0.625714775254	0.659792513291	0.589080947318	1.69680412276	0.704859642339	0.572798772354	0.528608922185	0.688732387627	0.766094852586	0.807535079749	0.645439922668	0.510887283712	0.407905041083	1.03940054616	0.74699159014	0.546230154664	0.632635065249	0.435416075399	0.72475860319	0.502926292895	1.38214168197	1.26798126148	0.595432716288	0.730963847269	0.578261058482	1.04098332044	0.807549671339	0.841133591107	0.82217780087	0.914046080232	0.93373641856	0.564401831803	0.599638327695	0.658183547608	0.643863673272	0.639959971	0.932014485259	0.662726935718	0.773735891735	0.428484920251	0.804350710488
AD3	0.880781329145	0.874329492508	1.90203617206	0.789179265346	0.864208670855	1.12071311261	0.0	0.974204374094	1.26959364427	0.416011851136	1.34069293862	0.934437597873	1.07490355244	1.55454537458	0.873218530691	0.895173905268	1.28400140648	1.24650880135	1.28732218463	0.844801512808	0.866400971484	0.97774077332	1.31848924118	1.30587128565	1.20425121315	0.916630463992	1.23841689222	1.12948441276	0.897510169164	0.794015234413	1.20040494442	1.13441120831	1.22376578057	1.17967643306	1.23346649589	1.07807297728	1.27388156597	0.748612479459	1.19378450942	0.879899845336	0.972008627356	0.841155703238	0.775395012083	0.763656674722	1.44469205897	1.33363267279	1.38943646206	1.39729491542	1.1613682987	1.25045847269	1.52891688255	1.44622683422	1.18274536491	1.24085088932	1.27432044949	1.19735152731	0.991922692122	1.34277864669	0.992711541808	1.26831754954	1.11949501692	1.3919459304
AD4	0.716282696955	0.463486887385	2.27955693088	0.997753750604	0.843282440793	0.404850700822	0.974204374094	0.0	0.327986795553	0.641313576607	0.524894896085	0.605397090382	0.476129869502	1.93492109715	0.561706384727	0.560123354277	0.519532721121	0.509228922185	1.72351106332	1.20970569357	0.802598753021	0.536402102465	0.559526355727	0.477960637989	1.68174450942	0.661559410343	0.46491479942	0.44920279362	0.529403301112	0.647980033833	0.771356317061	0.599881498308	0.331476147898	0.38907898985	1.1540041421	0.842142368294	0.587805998067	0.492234891252	0.512801082649	0.658982373127	0.532427404543	1.22466379894	1.11258037216	0.499414881585	0.807705906235	0.638465311745	1.1617078057	0.90053318028	0.954839371677	0.952775664572	1.0101682552	1.04445719188	0.701980778154	0.682574644756	0.697811000483	0.729193484775	0.574981440309	1.05242653939	0.562203281779	0.903477883035	0.447363702272	0.897644456259
AE3	0.855939565007	0.64281160464	2.34899349928	1.12956303045	0.965032339294	0.453370604157	1.26959364427	0.327986795553	0.0	0.929857462542	0.358846089898	0.727923025616	0.537212634123	2.01244233446	0.691131623973	0.742863528275	0.481589299178	0.493589724505	1.90228394877	1.39772881585	0.935352479459	0.668296254229	0.478165089415	0.436020202997	1.87162680039	0.839395949734	0.429461507975	0.46018520058	0.687915954567	0.827716872885	0.875746157564	0.706760763654	0.238504944418	0.324968753021	1.22513062832	0.928951522475	0.520526297728	0.691636882552	0.566207955534	0.880354910585	0.659306254229	1.32902592557	1.22950644273	0.682934881585	0.795748564524	0.610766230063	1.23017433059	0.959043204447	1.04682180764	1.03101491058	1.05787975834	1.10722129048	0.763662034799	0.748536955051	0.765929647173	0.799578878685	0.724990285162	1.12819435959	0.714795712905	0.975742039633	0.560857854036	0.969122174964
AE4	0.663429130014	0.573711116481	2.08917289512	0.816787984534	0.644336916385	0.818275886902	0.416011851136	0.641313576607	0.929857462542	0.0	1.04082248913	0.654541145481	0.79533378927	1.74027967134	0.615365016916	0.610453315611	0.958121532141	0.912389594007	1.40102564524	0.930078419526	0.757459308845	0.717929221846	0.995588709522	0.980827535041	1.28438114065	0.633456950217	0.895727854036	0.796299511841	0.625970130498	0.617297718705	0.940865350411	0.82872518608	0.896814586757	0.86585839536	1.00931421943	0.828119086515	0.944418762687	0.505654654422	0.861856553891	0.589991822136	0.667799357177	0.987305727405	0.872148235863	0.508351657806	1.16061028033	1.04232709522	1.10681740938	1.10019491542	0.913338371194	0.990414722088	1.2477760609	1.15718844853	0.893209144514	0.935276437893	0.960862131464	0.891898864186	0.687033131948	1.05848766554	0.683690778154	1.00254059449	0.792058951184	1.08794293378
AF3	0.930360396327	0.785169797003	2.51814896568	1.24450196713	1.08145895118	0.378841333978	1.34069293862	0.524894896085	0.358846089898	1.04082248913	0.0	0.814443431609	0.638933591107	2.17551492025	0.869187003383	0.851936858386	0.46246497825	0.445502474625	1.97749888352	1.47696654422	1.02265246013	0.768471169647	0.433145708072	0.373552247463	1.95166941034	0.927806631223	0.475930488159	0.536011793137	0.822481493475	0.919357568874	0.803245355244	0.680142174964	0.443528260029	0.425636109232	1.21323463026	0.97153582407	0.46019102465	0.819025534074	0.524104059932	0.955983697438	0.721768197197	1.51684968584	1.41383886419	0.808595529241	0.716800396327	0.540233644273	1.20858923635	0.957396853552	1.09747867569	1.01019388594	1.05627106815	1.08215006767	0.773883842436	0.720084349927	0.768080492992	0.777632083132	0.852613639439	1.07970413243	0.853084287095	0.945469463509	0.596223441276	0.94839579507
AF4	0.715093958434	0.44289879652	2.28776336878	0.970281087482	0.327019966167	0.503755659739	0.934437597873	0.605397090382	0.727923025616	0.654541145481	0.814443431609	0.0	0.543877341711	1.94439355727	0.509649275012	0.579071213146	0.820137854036	0.82177560174	1.59961964717	1.11409913968	0.920063325278	0.804174707588	1.01220140648	0.926419797003	1.46114132914	0.63871280812	0.859233359111	0.825718936684	0.750937974867	0.752580497825	1.01617644273	0.891307365877	0.749167757371	0.724884441759	0.857490628323	0.564502039633	0.766776679555	0.583098777187	0.636250333494	0.565951759304	0.540944842919	1.22896252296	1.12266165781	0.497035848236	0.948551715805	0.826462914451	0.861259482842	0.801323745771	0.630143489609	0.70440280812	0.946705925568	0.866044567424	0.574938003867	0.666971116481	0.722754722088	0.653130304495	0.657129618173	0.795260227163	0.640657124215	0.73098099565	0.643077554374	0.804792382794
AG3	0.713004601257	0.443121058482	2.33957217496	0.908997075882	0.789883165781	0.414692431126	1.07490355244	0.476129869502	0.537212634123	0.79533378927	0.638933591107	0.543877341711	0.0	1.97804112615	0.470034958917	0.561645297245	0.56756318028	0.585992701788	1.72892709038	1.21523304012	0.902554654422	0.615549971	0.730652861286	0.660822551957	1.62237653456	0.666751329145	0.579878018366	0.57084542291	0.663296437893	0.751900033833	0.843844156597	0.694847356211	0.568971353311	0.496099753504	1.03778730304	0.75323640406	0.694433151281	0.615531527308	0.547581034316	0.68756977767	0.477570932818	1.31012241663	1.19918409377	0.573797288545	0.865850604157	0.741749236346	1.00099478492	0.760646781054	0.812035128081	0.803491478975	0.936088564524	0.879007090382	0.555291488642	0.618691580474	0.663192208797	0.588713726438	0.51585222813	0.902597723538	0.515189371677	0.759404214596	0.398758859352	0.770131773804
AG4	1.89002492508	1.88679044949	0.389022619623	1.10050631223	1.84667886902	2.06024342678	1.55454537458	1.93492109715	2.01244233446	1.74027967134	2.17551492025	1.94439355727	1.97804112615	0.0	1.81303686805	1.92640333011	2.18763994683	2.17473947318	0.923036887385	1.13036098115	1.65956447076	1.88313576607	2.10082702755	2.13666502175	1.65028417593	1.88757689222	2.06231985017	2.00363744321	1.56298997583	1.48976656356	2.13371502658	2.10786371677	1.95527846303	2.05506370227	2.22917981634	2.13319983084	2.26491002417	1.66946730788	2.2100157419	1.99332326728	2.06606952634	0.966881938134	1.05860114065	1.73072497825	2.4135078057	2.29833880135	2.3518240696	2.34211300145	2.18391305462	2.27973958434	2.45516095215	2.39191454809	2.21707040116	2.27273895118	2.2810522523	2.23065111165	1.99122708072	2.33471115515	1.96501747704	2.29686038183	2.0328821508	2.36205234896
AH3	0.746224364427	0.31314558724	2.15457674239	0.849054635089	0.657798115031	0.665171836636	0.873218530691	0.561706384727	0.691131623973	0.615365016916	0.869187003383	0.509649275012	0.470034958917	1.81303686805	0.0	0.553317075882	0.794066172064	0.81378681972	1.54011537941	1.04061844853	0.855276573224	0.761917216046	0.922387240213	0.865226085065	1.47551474142	0.696713044949	0.781781300145	0.771455132914	0.646142368294	0.671651068149	1.02579882552	0.881088550024	0.682853929435	0.689879632673	1.06147669406	0.778665901402	0.88943961334	0.50347482842	0.75901481392	0.634532759787	0.56498557274	1.09300915901	0.966351851136	0.464681140648	1.08504106815	0.956798753021	1.05548791687	0.90621441276	0.847749574674	0.882091116481	1.07613717255	1.00675461576	0.769604533591	0.824576785887	0.820689507008	0.773164238763	0.60339979217	0.961940241663	0.585071744804	0.883956940551	0.624674862252	0.926801300145
AH4	0.259078211696	0.313369855002	2.27540205413	0.95291622523	0.742582904785	0.635992943451	0.895173905268	0.560123354277	0.742863528275	0.610453315611	0.851936858386	0.579071213146	0.561645297245	1.92640333011	0.553317075882	0.0	0.686837844369	0.659937892702	1.45736823103	1.06137863702	0.801872750121	0.596525466409	0.80760939101	0.786505906235	1.40624464476	0.504376201063	0.678842223296	0.613804504592	0.657243165781	0.658855490575	0.771005625906	0.620472489125	0.740218999517	0.699662953117	1.02592008217	0.737400879652	0.796519337844	0.616922092798	0.655281014983	0.479820565491	0.462367317545	1.24601133881	1.13294118415	0.566434185597	1.00563275979	0.894790734654	0.934043929435	0.835172290962	0.799726234896	0.748226007733	0.978212315128	0.884165418076	0.557497713871	0.624927646206	0.678879545674	0.57203242146	0.339520666989	0.818610985984	0.352900584824	0.778908951184	0.501333291445	0.826132257129
AA7	0.81186182697	0.678461889802	2.5265059884	1.23086238279	1.01425154664	0.559337283712	1.28400140648	0.519532721121	0.481589299178	0.958121532141	0.46246497825	0.820137854036	0.56756318028	2.18763994683	0.794066172064	0.686837844369	0.0	0.140139758337	1.83565032866	1.37029128081	0.987832218463	0.648220410826	0.471733837603	0.414502967617	1.79998820203	0.797301865636	0.355450923151	0.421367752537	0.773527950701	0.88844017883	0.70118522958	0.463047955534	0.46225619623	0.484708492025	1.23475314161	1.00385269212	0.494762402127	0.821085099082	0.522351851136	0.88672659739	0.70376320928	1.52040493958	1.41905765587	0.833109787337	0.799551106815	0.633393035283	1.13033836153	0.869031246979	1.08639940068	0.997255074915	0.952421420976	0.982782711455	0.700701435476	0.648144852586	0.663877109715	0.688090517158	0.602512247463	1.00119866119	0.609998071532	0.950032237796	0.44834121798	0.862662232963
AA8	0.784447955534	0.680499047849	2.51514565007	1.22445012566	1.01966121315	0.556526302562	1.24650880135	0.509228922185	0.493589724505	0.912389594007	0.445502474625	0.82177560174	0.585992701788	2.17473947318	0.81378681972	0.659937892702	0.140139758337	0.0	1.82098743838	1.34874271629	0.93271679072	0.592173963267	0.421831053649	0.375385123248	1.76149517158	0.758496732721	0.321086621556	0.369673832769	0.750242576124	0.855747515708	0.607307462542	0.39471361044	0.48694062349	0.482625756404	1.22658729338	0.990192315128	0.473014639923	0.82180961334	0.522658936684	0.870810666989	0.702546283229	1.50936633156	1.40541080232	0.829410231996	0.784532063799	0.615896099565	1.13738154181	0.879412919285	1.08722598357	0.989978013533	0.956636848719	0.990314330594	0.6996860174	0.633292750121	0.668237506042	0.684619149348	0.611310410826	1.01054949734	0.614640913485	0.940857515708	0.448651754471	0.872281343644
AB7	1.40752570807	1.51785383277	1.18906351861	0.987153813436	1.43769860802	1.78764847269	1.28732218463	1.72351106332	1.90228394877	1.40102564524	1.97749888352	1.59961964717	1.72892709038	0.923036887385	1.54011537941	1.45736823103	1.83565032866	1.82098743838	0.0	0.567328047366	1.49438514741	1.58613152247	1.91125934268	1.93030751571	1.08073139681	1.45556827936	1.81168387144	1.72301443693	1.33453390043	1.20781719671	1.70074248913	1.66815889319	1.85178229096	1.87286482359	1.85096735621	1.76079924118	1.92308733688	1.47114004833	1.85108761237	1.51460525858	1.625689855	0.989922431126	0.984102774287	1.47013640406	2.1352858144	2.04011181247	1.92914537458	1.96065082649	1.79008345578	1.83060522958	2.06945830353	1.98444457226	1.78181254712	1.84242981634	1.84789737554	1.77624372644	1.5855679217	1.9043142871	1.57580143064	1.86237716288	1.70775202997	1.95402362011
AB8	1.0387962204	1.04190354277	1.46410065249	0.494110860319	1.04156551474	1.29806492992	0.844801512808	1.20970569357	1.39772881585	0.930078419526	1.47696654422	1.11409913968	1.21523304012	1.13036098115	1.04061844853	1.06137863702	1.37029128081	1.34874271629	0.567328047366	0.0	1.03994439826	1.10656190913	1.40344259546	1.41078305462	1.13554316578	0.997296781054	1.30067872402	1.21048152731	0.802815403577	0.712184934751	1.28099208313	1.24395878202	1.35076652972	1.37176426776	1.43109514258	1.30780249396	1.44998277912	0.964176882552	1.39171301112	1.10444268246	1.20076517158	0.709072866119	0.653536399227	0.97753558724	1.66958948284	1.56196213146	1.57840288545	1.54000646206	1.37303612373	1.42305766554	1.6690561334	1.59242582407	1.39440271145	1.43311881102	1.44846182697	1.39352924118	1.17453346544	1.53341548091	1.15050319478	1.44506368294	1.2163862059	1.53715822136
AC7	0.786721101982	0.810960333494	1.99933918318	0.949257452876	1.06156009183	0.901129608507	0.866400971484	0.802598753021	0.935352479459	0.757459308845	1.02265246013	0.920063325278	0.902554654422	1.65956447076	0.855276573224	0.801872750121	0.987832218463	0.93271679072	1.49438514741	1.03994439826	0.0	0.451859299178	0.934901416143	0.948842590623	1.42711371194	0.739717158047	0.90194320928	0.770818994683	0.567479830836	0.532938313195	0.849024514258	0.789415002417	0.868569642339	0.872083755437	1.3162581392	1.10016715321	1.10083134364	0.737032368294	1.04855931368	0.98398762204	0.958810236829	1.15982182697	1.10776198647	0.728959782504	1.13762544224	1.01586927501	1.47206648139	1.37731153697	1.2095637216	1.23610345578	1.52474200097	1.44493147898	1.09561518125	1.14072959884	1.19932956984	1.12063605607	0.891955804737	1.38406643306	0.866127100048	1.23633127115	0.872495234413	1.36663474142
AC8	0.638277298212	0.653318724021	2.22537390043	1.006820203	1.01964771387	0.625714775254	0.97774077332	0.536402102465	0.668296254229	0.717929221846	0.768471169647	0.804174707588	0.615549971	1.88313576607	0.761917216046	0.596525466409	0.648220410826	0.592173963267	1.58613152247	1.10656190913	0.451859299178	0.0	0.647684910585	0.651803378444	1.52241531174	0.589303078782	0.498897501208	0.380090115998	0.506691087482	0.571507539874	0.604195084582	0.487821667472	0.610566341228	0.603188670855	1.17843807637	0.892168550024	0.782717564041	0.681762058966	0.713820507492	0.813475137748	0.698271179314	1.24661749154	1.13825683905	0.706130101498	0.920745041083	0.788203247946	1.28212546158	1.03980862252	1.0353842581	1.02025881102	1.18869189464	1.16678052199	0.801639468342	0.800786413726	0.864982160464	0.831380343161	0.60869362494	1.15978180764	0.598489308845	0.963268898018	0.526536505558	1.03099498792
AD7	0.884826355727	0.847319565007	2.43593952634	1.19509467376	1.24689207347	0.659792513291	1.31848924118	0.559526355727	0.478165089415	0.995588709522	0.433145708072	1.01220140648	0.730652861286	2.10082702755	0.922387240213	0.80760939101	0.471733837603	0.421831053649	1.91125934268	1.40344259546	0.934901416143	0.647684910585	0.0	0.166547999033	1.88065462542	0.839819347511	0.390380952151	0.403887863702	0.713861962301	0.831868728855	0.720325147414	0.569931111648	0.487523953601	0.522205925568	1.39543507975	1.13838866602	0.606557960367	0.85895698405	0.695365147414	1.04205461576	0.87017539391	1.43894349444	1.33801712905	0.902578269696	0.853885012083	0.680611667472	1.35691449009	1.09069908168	1.27203907685	1.19602916385	1.17316679072	1.22533544708	0.922529666506	0.843746191397	0.871556128565	0.910498951184	0.784354030933	1.24322481392	0.788361710971	1.12578087482	0.629674069599	1.08390643306
AD8	0.897643914935	0.768623339778	2.47269729821	1.19637382794	1.16408514741	0.589080947318	1.30587128565	0.477960637989	0.436020202997	0.980827535041	0.373552247463	0.926419797003	0.660822551957	2.13666502175	0.865226085065	0.786505906235	0.414502967617	0.375385123248	1.93030751571	1.41078305462	0.948842590623	0.651803378444	0.166547999033	0.0	1.855170116	0.788594006767	0.354226437893	0.398313504108	0.71200059449	0.822333064282	0.745541208313	0.589146128565	0.447016379894	0.462410173997	1.32927599323	1.06995870469	0.535356660222	0.793040565491	0.616864407927	0.960841406477	0.782062996617	1.47591224746	1.36404410343	0.826965543741	0.785471860802	0.619497936201	1.28418659739	1.01533112131	1.18727727405	1.11579747221	1.09995449009	1.1508442001	0.843847641373	0.760003296278	0.793170536491	0.827510497825	0.761305838569	1.16779257129	0.760450985984	1.04683416143	0.551734374094	1.00782562591
AE7	1.34460451909	1.47237275979	1.92321176414	1.28065954567	1.30950525858	1.69680412276	1.20425121315	1.68174450942	1.87162680039	1.28438114065	1.95166941034	1.46114132914	1.62237653456	1.65028417593	1.47551474142	1.40624464476	1.79998820203	1.76149517158	1.08073139681	1.13554316578	1.42711371194	1.52241531174	1.88065462542	1.855170116	0.0	1.08508618173	1.79357656356	1.68927516191	1.3567180957	1.31104463992	1.5690480957	1.57424716771	1.84426672789	1.82464993717	1.69040503625	1.65542400677	1.87800573224	1.48556566457	1.81168532141	1.38351350411	1.58498014983	1.47972564041	1.43774710488	1.45013335911	2.01796450942	1.92993866602	1.71308547124	1.83928508458	1.61397116965	1.64461108748	1.94800673272	1.82731016916	1.67118279362	1.71358472209	1.7332199565	1.64442135814	1.53261734654	1.74146059932	1.52406717255	1.72335118898	1.66109838086	1.82855646689
AE8	0.569422474625	0.555803639439	2.22716669406	0.966926162397	0.829270705655	0.704859642339	0.916630463992	0.661559410343	0.839395949734	0.633456950217	0.927806631223	0.63871280812	0.666751329145	1.88757689222	0.696713044949	0.504376201063	0.797301865636	0.758496732721	1.45556827936	0.997296781054	0.739717158047	0.589303078782	0.839819347511	0.788594006767	1.08508618173	0.0	0.762438211696	0.688970265829	0.615104480425	0.608011430643	0.72861820203	0.65499701305	0.821937839536	0.787618806187	1.1020399565	0.836042174964	0.868091333978	0.63382521508	0.800470942484	0.62846958434	0.636357245046	1.2464680522	1.14011753987	0.638504596423	1.06426754954	0.9543759739	1.12190076849	1.01558716771	0.899404987917	0.907810328661	1.16779695505	1.10264668439	0.812000449493	0.835228506525	0.876602339294	0.810786524891	0.628725558241	1.04512692605	0.632990048333	0.908277506042	0.641481237313	1.01564663122
AF7	0.806625896568	0.677182208797	2.39874853069	1.17130398743	1.0750277767	0.572798772354	1.23841689222	0.46491479942	0.429461507975	0.895727854036	0.475930488159	0.859233359111	0.579878018366	2.06231985017	0.781781300145	0.678842223296	0.355450923151	0.321086621556	1.81168387144	1.30067872402	0.90194320928	0.498897501208	0.390380952151	0.354226437893	1.79357656356	0.762438211696	0.0	0.223962348961	0.665825099082	0.792333238279	0.681857950701	0.544113107782	0.406688521025	0.449490860319	1.21619541324	0.952735833736	0.518824238763	0.741891962301	0.584295157081	0.885662112131	0.698507588207	1.41327103915	1.2989639971	0.77087481392	0.823171445143	0.667365891735	1.21524615273	0.949736399227	1.09080904785	1.0438819188	1.03662141131	1.08248938134	0.76511979217	0.725568361527	0.758880637989	0.779579710005	0.62763958434	1.09950968101	0.61486922668	0.98247457709	0.462733678105	0.941569840503
AF8	0.675911048816	0.650464867086	2.34465522958	1.07728698405	1.04480689705	0.528608922185	1.12948441276	0.44920279362	0.46018520058	0.796299511841	0.536011793137	0.825718936684	0.57084542291	2.00363744321	0.771455132914	0.613804504592	0.421367752537	0.369673832769	1.72301443693	1.21048152731	0.770818994683	0.380090115998	0.403887863702	0.398313504108	1.68927516191	0.688970265829	0.223962348961	0.0	0.580907931368	0.687669178347	0.643735737071	0.460009395843	0.451444306428	0.43946759304	1.2123997535	0.945799497342	0.55925462059	0.712075461576	0.571996723055	0.834324306428	0.671802145964	1.34768990817	1.23292658772	0.733433218946	0.818059468342	0.670127583374	1.21154945868	0.955642576124	1.06191251812	1.02292067182	1.04884944418	1.08893804253	0.746248608023	0.724483334944	0.768596307395	0.773134615756	0.594869047849	1.09069579024	0.585920236829	0.964551599807	0.453046824553	0.94115460609
AG7	0.704797346544	0.637577003383	1.9014741421	0.669993571774	0.88320699855	0.688732387627	0.897510169164	0.529403301112	0.687915954567	0.625970130498	0.822481493475	0.750937974867	0.663296437893	1.56298997583	0.646142368294	0.657243165781	0.773527950701	0.750242576124	1.33453390043	0.802815403577	0.567479830836	0.506691087482	0.713861962301	0.71200059449	1.3567180957	0.615104480425	0.665825099082	0.580907931368	0.0	0.218918385694	0.80851481392	0.708172252296	0.660481401643	0.729746988884	1.28931484775	0.988499057516	0.887811928468	0.475565596907	0.832514224263	0.820778318028	0.7479479797	0.984376515225	0.870291232479	0.494876974384	1.09306688739	0.943533871435	1.33310621556	1.11554227163	1.13786464476	1.1275737941	1.26771933784	1.21369890768	0.910415969067	0.942517781537	0.982522411793	0.932671933301	0.706663446109	1.2248938811	0.681615234413	1.08503553891	0.665632561624	1.12199867086
AG8	0.653238545191	0.662213185114	1.83218687289	0.634957322378	0.883979342678	0.766094852586	0.794015234413	0.647980033833	0.827716872885	0.617297718705	0.919357568874	0.752580497825	0.751900033833	1.48976656356	0.671651068149	0.658855490575	0.88844017883	0.855747515708	1.20781719671	0.712184934751	0.532938313195	0.571507539874	0.831868728855	0.822333064282	1.31104463992	0.608011430643	0.792333238279	0.687669178347	0.218918385694	0.0	0.853569246013	0.794414030933	0.782257554374	0.805585538908	1.28039190913	1.00911160464	1.00751837603	0.49443040116	0.910884731754	0.82594262929	0.797833228613	0.926740449493	0.834747017883	0.507178163364	1.1661139246	1.01898716288	1.33591707105	1.21814268729	1.12355335428	1.15492086999	1.37008240213	1.30092898985	0.98295662639	1.00883498792	1.04871518125	0.995872774287	0.773413392943	1.24927342678	0.748228651522	1.15173942484	0.750707312711	1.21630030449
AH7	0.769267820203	0.857409536008	2.45698430643	1.30134942968	1.18940271145	0.807535079749	1.20040494442	0.771356317061	0.875746157564	0.940865350411	0.803245355244	1.01617644273	0.843844156597	2.13371502658	1.02579882552	0.771005625906	0.70118522958	0.607307462542	1.70074248913	1.28099208313	0.849024514258	0.604195084582	0.720325147414	0.745541208313	1.5690480957	0.72861820203	0.681857950701	0.643735737071	0.80851481392	0.853569246013	0.0	0.273793890768	0.894100120831	0.864599424843	1.19036700338	1.01894788787	0.786255954567	0.950178709522	0.804585345578	0.963064876752	0.843492798453	1.49552111165	1.41156913001	0.973078593523	0.975001778637	0.892326761721	1.274990232	1.04880547608	1.17271449976	1.03906914935	1.15483730304	1.14979893185	0.875789826003	0.804885712905	0.831659014016	0.833296877719	0.785635698405	1.16684542774	0.798225389077	0.993785944901	0.694065239246	1.03283639439
AH8	0.689992701788	0.718879705172	2.44830878202	1.20618146448	1.05748922668	0.645439922668	1.13441120831	0.599881498308	0.706760763654	0.82872518608	0.680142174964	0.891307365877	0.694847356211	2.10786371677	0.881088550024	0.620472489125	0.463047955534	0.39471361044	1.66815889319	1.24395878202	0.789415002417	0.487821667472	0.569931111648	0.589146128565	1.57424716771	0.65499701305	0.544113107782	0.460009395843	0.708172252296	0.794414030933	0.273793890768	0.0	0.716481725471	0.668590831319	1.17978670372	0.940037602707	0.662514688255	0.845106926051	0.638424707588	0.850139250846	0.71542539391	1.44671638473	1.35789120831	0.855912522958	0.861038608023	0.751269526341	1.16481686322	0.931571101982	1.06327321411	0.943247670372	1.01452103432	1.04536231513	0.738173170614	0.675724108265	0.705144823586	0.705713436443	0.630798076365	1.05267872885	0.644479772837	0.889290072499	0.53403300145	0.920044021266
AA5	0.865198738521	0.628239932334	2.28982867086	1.10481775737	0.988714209763	0.510887283712	1.22376578057	0.331476147898	0.238504944418	0.896814586757	0.443528260029	0.749167757371	0.568971353311	1.95527846303	0.682853929435	0.740218999517	0.46225619623	0.48694062349	1.85178229096	1.35076652972	0.868569642339	0.610566341228	0.487523953601	0.447016379894	1.84426672789	0.821937839536	0.406688521025	0.451444306428	0.660481401643	0.782257554374	0.894100120831	0.716481725471	0.0	0.27197560174	1.25824559691	0.948034291928	0.575992218463	0.623310855486	0.629400536491	0.841130478492	0.680373934268	1.24475091832	1.15548078299	0.629499797003	0.827226056066	0.635632179797	1.29715334944	1.03803549541	1.0872540116	1.09321037216	1.13411305462	1.17799233446	0.812550227163	0.806925389077	0.81838181247	0.858626249396	0.6843120203	1.18016910585	0.660274722088	1.03681253262	0.565758854519	1.03516028516
AA6	0.836824209763	0.617406283229	2.40330733688	1.14647287579	0.972556162397	0.407905041083	1.17967643306	0.38907898985	0.324968753021	0.86585839536	0.425636109232	0.724884441759	0.496099753504	2.05506370227	0.689879632673	0.699662953117	0.484708492025	0.482625756404	1.87286482359	1.37176426776	0.872083755437	0.603188670855	0.522205925568	0.462410173997	1.82464993717	0.787618806187	0.449490860319	0.43946759304	0.729746988884	0.805585538908	0.864599424843	0.668590831319	0.27197560174	0.0	1.12692872885	0.837200091832	0.505531918801	0.634798231029	0.493649671339	0.812118714355	0.565522102465	1.3587638521	1.24371345578	0.645421952634	0.615681232479	0.432592150797	1.16971808603	0.922521295312	0.961396254229	0.930040425326	1.02050511841	1.05526648623	0.68359161914	0.686925592073	0.715559869502	0.729051633639	0.661240294828	1.04285909135	0.6492219913	0.879039705172	0.513915896568	0.910403755437
AB5	1.10723157564	0.971732624456	2.5680120348	1.40512628323	0.830180067666	1.03940054616	1.23346649589	1.1540041421	1.22513062832	1.00931421943	1.21323463026	0.857490628323	1.03778730304	2.22917981634	1.06147669406	1.02592008217	1.23475314161	1.22658729338	1.85096735621	1.43109514258	1.3162581392	1.17843807637	1.39543507975	1.32927599323	1.69040503625	1.1020399565	1.21619541324	1.2123997535	1.28931484775	1.28039190913	1.19036700338	1.17978670372	1.25824559691	1.12692872885	0.0	0.421732658289	0.992394490092	1.08701334944	0.943904084099	0.870562851619	0.850320439826	1.6042617448	1.48547066216	1.04497640406	1.01488261479	0.988627501208	0.888292730788	0.986900860319	0.773219192847	0.789666785887	1.09256559207	0.987922464959	0.834629811503	0.900073199613	0.952806897052	0.918674050266	1.03251912518	0.884207936201	1.05108786854	0.833884354761	1.06433919285	0.975674997583
AB6	0.878999149348	0.670723977767	2.47940574674	1.2474941856	0.714838864186	0.74699159014	1.07807297728	0.842142368294	0.928951522475	0.828119086515	0.97153582407	0.564502039633	0.75323640406	2.13319983084	0.778665901402	0.737400879652	1.00385269212	0.990192315128	1.76079924118	1.30780249396	1.10016715321	0.892168550024	1.13838866602	1.06995870469	1.65542400677	0.836042174964	0.952735833736	0.945799497342	0.988499057516	1.00911160464	1.01894788787	0.940037602707	0.948034291928	0.837200091832	0.421732658289	0.0	0.774315558241	0.788794436926	0.703932402127	0.67997542291	0.579371512808	1.45621071049	1.34019695022	0.738248598357	0.777831648139	0.745553093282	0.735787390043	0.705478071532	0.527033252779	0.509435558241	0.822013088449	0.738899047849	0.577223958434	0.67106522958	0.726346350894	0.698622290962	0.743343972934	0.656643687772	0.759554146931	0.543290236829	0.805177602707	0.695467481875
AC5	0.894268878685	0.749302010633	2.60850238763	1.36896752054	0.976500396327	0.546230154664	1.27388156597	0.587805998067	0.520526297728	0.944418762687	0.46019102465	0.766776679555	0.694433151281	2.26491002417	0.88943961334	0.796519337844	0.494762402127	0.473014639923	1.92308733688	1.44998277912	1.10083134364	0.782717564041	0.606557960367	0.535356660222	1.87800573224	0.868091333978	0.518824238763	0.55925462059	0.887811928468	1.00751837603	0.786255954567	0.662514688255	0.575992218463	0.505531918801	0.992394490092	0.774315558241	0.0	0.75063078782	0.406355567907	0.835208090865	0.612949149348	1.60352152247	1.47760082165	0.781550439826	0.58356178347	0.451349424843	1.0101437506	0.765515727405	0.939131246979	0.836179439343	0.819138545191	0.863033697438	0.598677303045	0.530618670855	0.575792194297	0.601429632673	0.751215113581	0.87920462059	0.77067778637	0.780840555824	0.596915886902	0.743202237796
AC6	0.744599096182	0.495425567907	2.01356348961	0.78957319478	0.716992431126	0.632635065249	0.748612479459	0.492234891252	0.691636882552	0.505654654422	0.819025534074	0.583098777187	0.615531527308	1.66946730788	0.50347482842	0.616922092798	0.821085099082	0.82180961334	1.47114004833	0.964176882552	0.737032368294	0.681762058966	0.85895698405	0.793040565491	1.48556566457	0.63382521508	0.741891962301	0.712075461576	0.475565596907	0.49443040116	0.950178709522	0.845106926051	0.623310855486	0.634798231029	1.08701334944	0.788794436926	0.75063078782	0.0	0.767005833736	0.651780695988	0.624846481392	0.890039250846	0.760969318511	0.27434857419	1.0111157419	0.882354354761	1.15734931851	1.0470420783	0.941826065732	0.964469676172	1.18203332528	1.11731266312	0.816762832286	0.887356718221	0.930723455776	0.849481445143	0.645309033349	1.0545557564	0.620995843403	0.975762527791	0.636246858386	1.04101457226
AD6	0.774836926051	0.614771778637	2.55746738038	1.23766395843	0.840085582407	0.435416075399	1.19378450942	0.512801082649	0.566207955534	0.861856553891	0.524104059932	0.636250333494	0.547581034316	2.2100157419	0.75901481392	0.655281014983	0.522351851136	0.522658936684	1.85108761237	1.39171301112	1.04855931368	0.713820507492	0.695365147414	0.616864407927	1.81168532141	0.800470942484	0.584295157081	0.571996723055	0.832514224263	0.910884731754	0.804585345578	0.638424707588	0.629400536491	0.493649671339	0.943904084099	0.703932402127	0.406355567907	0.767005833736	0.0	0.709432725955	0.426870971484	1.53598235863	1.41858090382	0.763537133881	0.633986254229	0.496825205413	0.839931266312	0.599736341228	0.798618463026	0.675207071049	0.705026756887	0.730774823586	0.429407641373	0.395569782504	0.438369869502	0.462414316095	0.6109379797	0.727135258579	0.615638516191	0.62912940551	0.426725036249	0.595061353311
AE5	0.549468695022	0.512891155147	2.34217634606	1.04267463509	0.65779040116	0.72475860319	0.879899845336	0.658982373127	0.880354910585	0.589991822136	0.955983697438	0.565951759304	0.68756977767	1.99332326728	0.634532759787	0.479820565491	0.88672659739	0.870810666989	1.51460525858	1.10444268246	0.98398762204	0.813475137748	1.04205461576	0.960841406477	1.38351350411	0.62846958434	0.885662112131	0.834324306428	0.820778318028	0.82594262929	0.963064876752	0.850139250846	0.841130478492	0.812118714355	0.870562851619	0.67997542291	0.835208090865	0.651780695988	0.709432725955	0.0	0.384980971484	1.26497721121	1.15652260996	0.585657921701	1.08234579507	0.989010768487	0.857644678589	0.849812150797	0.76694159014	0.692010285162	0.979649120348	0.882004697922	0.609548322861	0.65735702755	0.740046278395	0.58878739971	0.514476495892	0.812284311261	0.509016829386	0.760775751571	0.652725282745	0.824140952151
AE6	0.610837303045	0.411004557757	2.4159638811	1.09982556307	0.707324625423	0.502926292895	0.972008627356	0.532427404543	0.659306254229	0.667799357177	0.721768197197	0.540944842919	0.477570932818	2.06606952634	0.56498557274	0.462367317545	0.70376320928	0.702546283229	1.625689855	1.20076517158	0.958810236829	0.698271179314	0.87017539391	0.782062996617	1.58498014983	0.636357245046	0.698507588207	0.671802145964	0.7479479797	0.797833228613	0.843492798453	0.71542539391	0.680373934268	0.565522102465	0.850320439826	0.579371512808	0.612949149348	0.624846481392	0.426870971484	0.384980971484	0.0	1.35833207347	1.24083927985	0.575171343644	0.83373939101	0.73610280812	0.845561232479	0.686930057999	0.686065190913	0.615399763171	0.838390130498	0.752486955051	0.441846365394	0.496921807637	0.520698115031	0.445968670855	0.432877989367	0.732405621073	0.447772290962	0.584393977767	0.48634019333	0.680024369261
AF5	1.23338129531	1.17839727888	1.30663939584	0.624583156114	1.1688938666	1.38214168197	0.841155703238	1.22466379894	1.32902592557	0.987305727405	1.51684968584	1.22896252296	1.31012241663	0.966881938134	1.09300915901	1.24601133881	1.52040493958	1.50936633156	0.989922431126	0.709072866119	1.15982182697	1.24661749154	1.43894349444	1.47591224746	1.47972564041	1.2464680522	1.41327103915	1.34768990817	0.984376515225	0.926740449493	1.49552111165	1.44671638473	1.24475091832	1.3587638521	1.6042617448	1.45621071049	1.60352152247	0.890039250846	1.53598235863	1.26497721121	1.35833207347	0.0	0.186290019333	0.966513218946	1.75396321895	1.63231774287	1.75572064282	1.69714421943	1.57273922668	1.64000781537	1.82587713871	1.77753487192	1.53284828903	1.60388872885	1.62514030933	1.56280272595	1.29077269212	1.72192981634	1.26345878685	1.64475258579	1.36820531658	1.70153915901
AF6	1.14391766554	1.06397435476	1.40257338811	0.525411058482	1.07009999033	1.26798126148	0.775395012083	1.11258037216	1.22950644273	0.872148235863	1.41383886419	1.12266165781	1.19918409377	1.05860114065	0.966351851136	1.13294118415	1.41905765587	1.40541080232	0.984102774287	0.653536399227	1.10776198647	1.13825683905	1.33801712905	1.36404410343	1.43774710488	1.14011753987	1.2989639971	1.23292658772	0.870291232479	0.834747017883	1.41156913001	1.35789120831	1.15548078299	1.24371345578	1.48547066216	1.34019695022	1.47760082165	0.760969318511	1.41858090382	1.15652260996	1.24083927985	0.186290019333	0.0	0.847869473175	1.63687634123	1.51768397293	1.63737848236	1.56948895118	1.454829739	1.51860067666	1.70445465926	1.66059839536	1.41625110681	1.48899106332	1.50892110681	1.44522971	1.17166926535	1.60534058966	1.14672557757	1.52393050266	1.25334190913	1.59400415176
AG5	0.698961029483	0.443287066216	2.07904860319	0.812608110198	0.626092044466	0.595432716288	0.763656674722	0.499414881585	0.682934881585	0.508351657806	0.808595529241	0.497035848236	0.573797288545	1.73072497825	0.464681140648	0.566434185597	0.833109787337	0.829410231996	1.47013640406	0.97753558724	0.728959782504	0.706130101498	0.902578269696	0.826965543741	1.45013335911	0.638504596423	0.77087481392	0.733433218946	0.494876974384	0.507178163364	0.973078593523	0.855912522958	0.629499797003	0.645421952634	1.04497640406	0.738248598357	0.781550439826	0.27434857419	0.763537133881	0.585657921701	0.575171343644	0.966513218946	0.847869473175	0.0	0.983773885935	0.868897989367	1.09753130014	0.988818656356	0.882087506042	0.89668378927	1.13718496375	1.05238592557	0.740080009667	0.811718226196	0.875646713388	0.772961280812	0.626833218946	0.994417274045	0.604834200097	0.899042962784	0.655421280812	0.981256988884
