	AA3	AA4	AB3	AB4	AC3	AC4	AD3	AD4	AE3	AE4	AF3	AF4	AG3	AG4	AH3	AH4	AA7	AA8	AB7	AB8	AC7	AC8	AD7	AD8	AE7	AE8	AF7	AF8	AG7	AG8	AH7	AH8	AA5	AA6	AB5	AB6	AC5	AC6	AD6	AE5	AE6	AF5	AF6	AG5	AH5	AH6	AA1	AA2	AB1	AB2	AC1	AC2	AD1	AD2	AE1	AE2	AF1	AF2	AG1	AG2	AH1	AH2
AA3	0.0	0.563464364427	2.27242947801	0.993723639439	0.804859125181	0.716564944418	0.935437201547	0.797565882069	0.891802039633	0.657616471725	0.951847394877	0.739163088449	0.706309536008	1.9208858724	0.751851348478	0.228054983084	0.791318980184	0.773974997583	1.45257983084	1.03635704688	0.805628129531	0.667774499758	0.848873489609	0.8603919913	1.35410534074	0.566621836636	0.774286752054	0.660953218946	0.750116234896	0.674406481392	0.770975717738	0.717330029	0.889441130981	0.820366070565	1.09907709038	0.917662977284	0.929208748188	0.78799022233	0.80346277912	0.567920889319	0.558895790237	1.27362680522	1.18196762687	0.700028864186	1.08625270662	1.04055902852	0.956801483809	0.884404006767	0.925922353794	0.838809289512	1.04432419043	0.961376877719	0.635672300628	0.683335287579	0.769067409377	0.707406109232	0.536884818753	0.913550642823	0.510957665539	0.897897791203	0.630939763171	0.890354301595
AA4	0.563464364427	0.0	2.22716976317	0.906849444176	0.623145664572	0.53113020783	0.901986650556	0.497407346544	0.661310898985	0.547378854519	0.80880557274	0.46258420493	0.40599980667	1.87569362977	0.325032648623	0.408052532624	0.666991918801	0.633280106332	1.56795571774	1.02650532624	0.8249040261	0.618958902852	0.823739932334	0.74926022233	1.49223763171	0.622803146448	0.652645770904	0.563870952151	0.602136520058	0.659272576124	0.857168492025	0.697862397293	0.611001551474	0.575493025616	0.982561319478	0.740286036733	0.770235161914	0.499469241179	0.634666099565	0.508626152731	0.381598743354	1.18029150797	1.06339046399	0.447847438376	0.927206969551	0.836685239246	0.968122416626	0.784974596423	0.78480497825	0.783959028516	0.972188873852	0.916718535524	0.588317245046	0.644425161914	0.707656085065	0.663874465926	0.418517293378	0.888183330111	0.392522232963	0.782572044466	0.460244050266	0.791404920251
AB3	2.27242947801	2.22716976317	0.0	1.42739147414	2.1902479072	2.3781820783	1.89429552441	2.26357967134	2.35880336878	2.14051831319	2.51472510875	2.26542795553	2.31075836636	0.398087559207	2.1168262784	2.29985331561	2.4791638376	2.51124913485	1.17104407927	1.47351748671	1.99197050266	2.16919561624	2.37672873852	2.37529211213	1.90012098598	2.14773001933	2.37586868052	2.27672055099	1.93485652972	1.80319709038	2.43763807153	2.44957344611	2.28161861286	2.34732366844	2.52552196713	2.48075956984	2.61391090865	1.99056529725	2.54787522475	2.28092599807	2.3763738811	1.30374861769	1.40029463992	2.09544561141	2.71920519091	2.62344892218	2.65020268729	2.63923304012	2.54483723538	2.61807983084	2.76133028516	2.71937608023	2.53257184147	2.58115559207	2.61577437409	2.58734505075	2.27362792653	2.68086850169	2.25655770904	2.6396378927	2.3690082262	2.65199942001
AB4	0.993723639439	0.906849444176	1.42739147414	0.0	0.924477351377	1.05039467376	0.786430517158	0.996556945384	1.14961211696	0.853377037216	1.25100884002	0.969984891252	0.907359932334	1.05919241179	0.835604867086	0.966528260029	1.20128561624	1.22661014983	0.990231541808	0.47350641856	0.943621077815	0.951305389077	1.14946643789	1.11489361044	1.28924289995	0.915224876752	1.150600261	1.02359397777	0.69743521508	0.624940241663	1.28673439826	1.19843614306	1.09136031416	1.11136950701	1.36154657806	1.25235530691	1.36521140164	0.762335089415	1.25251922668	0.98271442726	1.05521817303	0.597720884485	0.513553953601	0.81922980667	1.479060261	1.37906551957	1.4338757854	1.37423149348	1.31914090865	1.3397999275	1.53908561624	1.47910912035	1.2295940551	1.30004203963	1.35807202513	1.29466884002	1.00155877235	1.44387481392	0.97185377477	1.35282326728	1.07792355727	1.36912247463
AC3	0.804859125181	0.623145664572	2.1902479072	0.924477351377	0.0	0.751188506525	0.858366679555	0.808005316578	0.970106027066	0.646883881102	1.05042680039	0.32018141131	0.778058153697	1.84054676655	0.664234243596	0.722916988884	0.995457438376	0.919997709038	1.44344295795	1.01154205897	1.0296680377	0.968134146931	1.23091675205	1.14815427743	1.29436534558	0.779353286612	1.03442572257	0.955569173514	0.879669879169	0.851149260512	1.14816791203	1.01633534074	0.98129102465	0.956081735138	0.824373769937	0.738978709522	0.985257201547	0.717341817303	0.85385540841	0.586053412276	0.622861391977	1.17181875785	1.06753115031	0.585160091832	1.15203469309	1.08791623973	0.854174944418	0.900913127115	0.776561449976	0.817521744804	1.07193080715	0.943295248913	0.712865161914	0.795993794103	0.85334940551	0.789492339294	0.807582957951	0.890094282262	0.749421817303	0.865727269212	0.830569260512	0.886370952151
AC4	0.716564944418	0.53113020783	2.3781820783	1.05039467376	0.751188506525	0.0	1.11987907202	0.364562242629	0.443118052199	0.753752039633	0.39436817303	0.534486524891	0.403998260029	2.02468968584	0.712311546641	0.64372441276	0.573947346544	0.50208500725	1.81928837119	1.27361899468	0.868789313678	0.597822624456	0.645516152731	0.574320347994	1.70315939101	0.776277085549	0.548404050266	0.502962638956	0.611192044466	0.795729946834	0.789108260029	0.596156288062	0.47180720638	0.39976537941	1.02997055099	0.786102721121	0.573530376994	0.597936317061	0.471675514741	0.713200420493	0.487323537941	1.34300159981	1.23976328178	0.552496341228	0.700669492508	0.586577129048	1.05107233446	0.78974442726	0.844950198163	0.821992165297	0.909688235863	0.951048269696	0.592064958917	0.648841082649	0.667566138231	0.672362324795	0.602295804737	0.97416139681	0.622072257129	0.764079081682	0.400219014016	0.780539961334
AD3	0.935437201547	0.901986650556	1.89429552441	0.786430517158	0.858366679555	1.11987907202	0.0	1.00797817303	1.2989337796	0.467834929918	1.38677557757	0.922431271145	1.06763060416	1.54135946834	0.788778980184	0.907695248913	1.25126163364	1.25641692605	1.30039150314	0.828204504592	0.902742373127	0.950297684872	1.27728267762	1.25216309328	1.21536649589	0.847716466892	1.20399560174	1.08551596907	0.934014664089	0.746044021266	1.19242130981	1.16631870469	1.22643293862	1.15833499758	1.19202106815	1.08110095215	1.28899338328	0.750415978734	1.22389944901	0.827547776704	0.952502358627	0.802826935718	0.751185282745	0.770399782504	1.4101160754	1.34117491542	1.34359916868	1.35091322378	1.18564025133	1.2347217738	1.49818638956	1.40290145481	1.17053216046	1.22150125665	1.27685886902	1.20530851136	0.975675737071	1.35171608023	0.939391019816	1.27053482842	1.12938851619	1.34363314645
AD4	0.797565882069	0.497407346544	2.26357967134	0.996556945384	0.808005316578	0.364562242629	1.00797817303	0.0	0.321902566457	0.613496795553	0.503811565974	0.621517158047	0.499183528275	1.91233579507	0.640764122765	0.69892120348	0.58728179797	0.513518646689	1.79377032383	1.23323085549	0.851964693088	0.562306781054	0.561343499275	0.495437235379	1.72804309328	0.776711643306	0.494447356211	0.41869161914	0.493974809087	0.733710990817	0.816849478009	0.603341652972	0.304776437893	0.328963629773	1.11103659256	0.856007970034	0.572191875302	0.48775441276	0.493015708072	0.698100362494	0.540184929918	1.20807362494	1.09242900435	0.515544683422	0.72021037216	0.600540811986	1.14602301595	0.868535592073	0.968428960851	0.94551757854	0.964726408893	1.04923618656	0.709424330594	0.711925355244	0.725595253746	0.743428260029	0.565063131948	1.0807482697	0.601080937651	0.884008902852	0.487304504592	0.873348680522
AE3	0.891802039633	0.661310898985	2.35880336878	1.14961211696	0.970106027066	0.443118052199	1.2989337796	0.321902566457	0.0	0.901969647173	0.358181140648	0.781713644273	0.567398728855	2.02062663606	0.799462638956	0.827371184147	0.543309449009	0.490314166264	1.95835073465	1.4121759739	0.980392034799	0.71352542291	0.448400159497	0.427532300628	1.90276221846	0.95479518608	0.474803011116	0.506501261479	0.655150173997	0.918872261962	0.88911922668	0.679124654422	0.250136346061	0.336076201063	1.21179334944	0.964191609473	0.545679023683	0.711438912518	0.553297916868	0.922101449976	0.673300217496	1.35520707588	1.25701491542	0.71517781537	0.757597752537	0.58941279362	1.22212054616	0.933854833253	1.05816778637	1.02529419043	1.02404813436	1.12589515708	0.778141435476	0.794102102465	0.795100739488	0.832026979217	0.703888405027	1.16785957467	0.75133282262	0.960673876269	0.575877897535	0.946096863219
AE4	0.657616471725	0.547378854519	2.14051831319	0.853377037216	0.646883881102	0.753752039633	0.467834929918	0.613496795553	0.901969647173	0.0	1.01524539391	0.601356679555	0.726262131464	1.78853075399	0.518569656839	0.576576645723	0.861650531658	0.867423107782	1.50251707588	0.982711681972	0.741436674722	0.654187936201	0.933164132431	0.880498554857	1.36281436926	0.546417834703	0.816394475592	0.689561039149	0.623925041083	0.587236176897	0.909098472692	0.796958071532	0.838065335911	0.778504581924	0.964912730788	0.80434638956	0.889582551957	0.524239299178	0.809809942001	0.504161275979	0.578000439826	1.05147645239	0.942449038183	0.49785900435	1.06832439343	0.991957298212	1.0279178202	1.00048623006	0.915766036733	0.945987433543	1.18651426293	1.08964115031	0.832724335428	0.852966413726	0.896550831319	0.856586979217	0.61037561624	1.04538127598	0.574761503142	0.966038535524	0.735195277912	0.999237965201
AF3	0.951847394877	0.80880557274	2.51472510875	1.25100884002	1.05042680039	0.39436817303	1.38677557757	0.503811565974	0.358181140648	1.01524539391	0.0	0.835839337844	0.674216447559	2.16670386177	0.97751720638	0.909063199613	0.507728076365	0.471668366361	2.04307218463	1.49866822136	1.06636640889	0.827464079265	0.415684673755	0.393369758337	1.98890647173	1.04381702272	0.51955542291	0.645955442243	0.7725200145	1.01758493475	0.851071889802	0.679937046883	0.452068719188	0.477380183664	1.20846153697	1.00021145481	0.489121227646	0.827579937168	0.524534021266	0.986465538908	0.757625060416	1.51710496858	1.41354098598	0.830403644273	0.703124644756	0.540285476075	1.20121924118	0.929926829386	1.09944309812	1.00368733688	1.00835292895	1.08148923151	0.787513963267	0.75676557274	0.773158071532	0.801882242629	0.849210956984	1.10941863702	0.883224287095	0.94112219913	0.604436979217	0.924043156114
AF4	0.739163088449	0.46258420493	2.26542795553	0.969984891252	0.32018141131	0.534486524891	0.922431271145	0.621517158047	0.781713644273	0.601356679555	0.835839337844	0.0	0.585007781537	1.91406285162	0.550157298212	0.635830106332	0.863284746254	0.809323934268	1.61275020783	1.07692094732	0.918196089898	0.80935420493	1.04699509908	0.962626747221	1.45937588207	0.692067303045	0.869352131464	0.802644388594	0.754890198163	0.747877032383	1.03580245046	0.902844117931	0.792692155631	0.768474920251	0.805370599323	0.585720236829	0.770644886419	0.596970691155	0.70977338811	0.545684519091	0.515399014016	1.20079953117	1.09724151281	0.470580468826	0.937594045433	0.855064833253	0.829601923635	0.762964543258	0.660777167714	0.706247448043	0.950903518608	0.860603436443	0.595118869019	0.683122503625	0.724848168197	0.674387863702	0.682638511358	0.820673489609	0.637170758821	0.734906573224	0.670164359594	0.756752276462
AG3	0.706309536008	0.40599980667	2.31075836636	0.907359932334	0.778058153697	0.403998260029	1.06763060416	0.499183528275	0.567398728855	0.726262131464	0.674216447559	0.585007781537	0.0	1.94431144514	0.547710811986	0.591426394393	0.599654963751	0.554217477042	1.74472638956	1.19398363461	0.887849661672	0.61325702755	0.722158965684	0.664104601257	1.62069937168	0.745753576607	0.586427008217	0.5505900145	0.607962426293	0.751437303045	0.843015094248	0.677212460126	0.556743939101	0.505491594973	1.02122495408	0.783951159981	0.714686500725	0.588377100048	0.583174393427	0.670850570324	0.46135037216	1.28011493958	1.17899898985	0.553496457226	0.831423992267	0.740511512808	0.992655031416	0.736629676172	0.829445316578	0.800554601257	0.926759826003	0.904886771387	0.560356452392	0.619275321411	0.700420918318	0.634574311261	0.484561092315	0.943492319961	0.513650903818	0.749978927018	0.40161878202	0.747052257129
AG4	1.9208858724	1.87569362977	0.398087559207	1.05919241179	1.84054676655	2.02468968584	1.54135946834	1.91233579507	2.02062663606	1.78853075399	2.16670386177	1.91406285162	1.94431144514	0.0	1.76982811503	1.9443721363	2.13564148864	2.16504325761	0.904711802803	1.13803078782	1.64689144031	1.82119265829	2.03510314161	2.02875431609	1.62805478975	1.79970304012	2.03829894635	1.92804516191	1.59124724988	1.4545420203	2.11192648139	2.10251465442	1.94225781054	2.0008042291	2.18539310295	2.13406301112	2.26585797487	1.64341040116	2.20003104882	1.92772091348	2.02260067666	0.963753547608	1.05499266796	1.74457182697	2.37016411793	2.27221600773	2.29801948768	2.28959872402	2.19290304495	2.26356519575	2.41237522475	2.36869950217	2.18106255196	2.22975438376	2.27423243113	2.23652836636	1.9237179507	2.33088663606	1.90473700338	2.28419211213	2.02196671822	2.30244592557
AH3	0.751851348478	0.325032648623	2.1168262784	0.835604867086	0.664234243596	0.712311546641	0.788778980184	0.640764122765	0.799462638956	0.518569656839	0.97751720638	0.550157298212	0.547710811986	1.76982811503	0.0	0.583146234896	0.796185147414	0.805746433059	1.53487522958	1.01252130014	0.860213794103	0.74178262929	0.933976727888	0.869746935718	1.43372808603	0.711577264379	0.794760845819	0.723560681489	0.657856708555	0.659458748188	1.01975190913	0.874367834703	0.714416355727	0.726636549058	1.04900459159	0.840116268729	0.93183842436	0.514013325278	0.831146114065	0.581930990817	0.576732619623	1.04882341228	0.944376230063	0.456251706138	1.08748333978	0.998665756404	1.04483592557	0.912461309812	0.894197394877	0.91958118898	1.09204674239	1.04676937651	0.795734514258	0.838186848719	0.886249323345	0.842523731271	0.569490618656	1.01205063316	0.53997661189	0.925763929435	0.65327060899	0.903680420493
AH4	0.228054983084	0.408052532624	2.29985331561	0.966528260029	0.722916988884	0.64372441276	0.907695248913	0.69892120348	0.827371184147	0.576576645723	0.909063199613	0.635830106332	0.591426394393	1.9443721363	0.583146234896	0.0	0.721248704688	0.705243890768	1.49956517641	1.05998059449	0.85190719188	0.657226437893	0.859337153214	0.783642141131	1.37671625423	0.573030768487	0.709972368294	0.603598042533	0.711534465926	0.70622781537	0.788136239729	0.655178264862	0.802730111165	0.71833142581	0.998598598357	0.798311938134	0.830080734654	0.686569400677	0.697660430159	0.460353697438	0.429943465442	1.27434842919	1.16398736588	0.594567849203	0.998331855969	0.949865978734	0.878135983567	0.782143436443	0.818526394393	0.726176481392	0.954909661672	0.87182221363	0.532877655872	0.591361657806	0.676368337361	0.600447278879	0.439315248913	0.824887153214	0.410789652006	0.785468134364	0.554497240213	0.777482373127
AA7	0.791318980184	0.666991918801	2.4791638376	1.20128561624	0.995457438376	0.573947346544	1.25126163364	0.58728179797	0.543309449009	0.861650531658	0.507728076365	0.863284746254	0.599654963751	2.13564148864	0.796185147414	0.721248704688	0.0	0.177416636056	1.83672580957	1.31757886902	0.992999966167	0.654685041083	0.462181324311	0.426473687772	1.76060105365	0.83736778637	0.32455618173	0.447495427743	0.703386824553	0.896635437409	0.608903156114	0.3823419913	0.500212716288	0.503140836153	1.2349219188	1.04202707105	0.545010908652	0.829106505558	0.516772701788	0.889006413726	0.709578405027	1.47850224746	1.38118907202	0.824829748671	0.78253020783	0.637994915418	1.13937866602	0.872525886902	1.07444511358	0.970561387144	0.930256800387	1.01061322861	0.709811880135	0.689135524408	0.706920164331	0.734951449976	0.573301933301	1.04656075882	0.60177361044	0.922380976317	0.484399603673	0.859661343644
AA8	0.773974997583	0.633280106332	2.51124913485	1.22661014983	0.919997709038	0.50208500725	1.25641692605	0.513518646689	0.490314166264	0.867423107782	0.471668366361	0.809323934268	0.554217477042	2.16504325761	0.805746433059	0.705243890768	0.177416636056	0.0	1.83608468826	1.32460337361	0.980161561141	0.647042498792	0.491515273079	0.447834470759	1.76384118898	0.83753038666	0.350857747704	0.443356065732	0.705848177864	0.902545964234	0.609358158531	0.353261324311	0.482054514258	0.46289619623	1.16986254712	0.975304615756	0.466811942968	0.791279188014	0.448966447559	0.835342672789	0.639645103915	1.50831001933	1.40879160464	0.766975471242	0.696552295795	0.561741846303	1.06652929918	0.810197245046	1.01304943451	0.89438120348	0.855387172547	0.931736051232	0.630997825036	0.609442609956	0.636513446109	0.65814438376	0.604655998067	0.97607262929	0.62890558724	0.848863054616	0.425433272112	0.794820154664
AB7	1.45257983084	1.56795571774	1.17104407927	0.990231541808	1.44344295795	1.81928837119	1.30039150314	1.79377032383	1.95835073465	1.50251707588	2.04307218463	1.61275020783	1.74472638956	0.904711802803	1.53487522958	1.49956517641	1.83672580957	1.83608468826	0.0	0.605893968101	1.52716608507	1.58629112131	1.90387876269	1.88954030933	1.07905137748	1.40947356694	1.81438371194	1.68408063799	1.43270396327	1.1819940261	1.72785080232	1.75623832769	1.8803238231	1.88126113581	1.86037565491	1.83001322861	1.97475870952	1.5056902465	1.89386116965	1.48449952151	1.62105801837	0.994783968101	1.01482911068	1.5273318753	2.13793162881	2.08429014016	1.90799306912	1.94730652489	1.84400926051	1.8566600145	2.06923916868	1.98601896085	1.78074734654	1.83490233929	1.87063591107	1.83344567907	1.6073738521	1.92635281295	1.57536313195	1.91368164331	1.7481619623	1.93312326728
AB8	1.03635704688	1.02650532624	1.47351748671	0.47350641856	1.01154205897	1.27361899468	0.828204504592	1.23323085549	1.4121759739	0.982711681972	1.49866822136	1.07692094732	1.19398363461	1.13803078782	1.01252130014	1.05998059449	1.31757886902	1.32460337361	0.605893968101	0.0	1.03739328661	1.06269255196	1.35134114065	1.33090703722	1.0981179217	0.899473160947	1.26254764621	1.13372724021	0.862583586274	0.63928381827	1.26060400677	1.25287844369	1.3357219188	1.3327678927	1.41205659256	1.33306851136	1.44910626873	0.963176897052	1.38923037216	1.02012092315	1.13842268729	0.702162769454	0.65630161914	0.98897760754	1.62723871435	1.54828658289	1.52719486709	1.49041904302	1.40213275979	1.41115688255	1.62204090865	1.5728357419	1.34130827453	1.38318997583	1.40961153214	1.38555454326	1.10870596423	1.53350175447	1.08705309812	1.44568555824	1.19775551474	1.47967801837
AC7	0.805628129531	0.8249040261	1.99197050266	0.943621077815	1.0296680377	0.868789313678	0.902742373127	0.851964693088	0.980392034799	0.741436674722	1.06636640889	0.918196089898	0.887849661672	1.64689144031	0.860213794103	0.85190719188	0.992999966167	0.980161561141	1.52716608507	1.03739328661	0.0	0.463060473659	0.924343291445	0.910986607057	1.42519653456	0.684066254229	0.929569922668	0.780995529241	0.615828308362	0.573299879169	0.869805036249	0.835032252296	0.906354973417	0.88190060899	1.27823937168	1.12259961334	1.16270961817	0.760889130014	1.07656051716	0.933977109715	0.936373702272	1.15531972934	1.10193372644	0.734420695988	1.11284741904	1.02538103915	1.44520070082	1.3544940986	1.24393936684	1.26769093282	1.51994648139	1.46647089415	1.0808799275	1.14246256646	1.22221508458	1.1684101885	0.874006510391	1.41856514258	0.838686897052	1.25933741421	0.88909381827	1.35228135814
AC8	0.667774499758	0.618958902852	2.16919561624	0.951305389077	0.968134146931	0.597822624456	0.950297684872	0.562306781054	0.71352542291	0.654187936201	0.827464079265	0.80935420493	0.61325702755	1.82119265829	0.74178262929	0.657226437893	0.654685041083	0.647042498792	1.58629112131	1.06269255196	0.463060473659	0.0	0.636685659739	0.616119666506	1.4968061334	0.580889202513	0.52191121798	0.392911005317	0.455626665056	0.568079685839	0.615139961334	0.516677394877	0.637061275979	0.60181977767	1.14041700338	0.909319139681	0.813478260029	0.634703832769	0.74131879652	0.777823827936	0.689742537458	1.19955689705	1.09413896568	0.649443112615	0.87085038666	0.787669884002	1.26614133881	1.01179296762	1.03555360561	1.01636462059	1.17789215563	1.16321446109	0.787589265346	0.815188927018	0.893021135814	0.848866302562	0.534644345094	1.18615532141	0.559782904785	0.944009497342	0.565899347511	1.0184818028
AD7	0.848873489609	0.823739932334	2.37672873852	1.14946643789	1.23091675205	0.645516152731	1.27728267762	0.561343499275	0.448400159497	0.933164132431	0.415684673755	1.04699509908	0.722158965684	2.03510314161	0.933976727888	0.859337153214	0.462181324311	0.491515273079	1.90387876269	1.35134114065	0.924343291445	0.636685659739	0.0	0.184878666022	1.84615521508	0.861619540841	0.38774857419	0.493178994683	0.63791919768	0.852045567907	0.701087235379	0.55934262929	0.476973663606	0.517891884969	1.3887439971	1.16574841469	0.660891788304	0.835728003867	0.690466534558	1.03481525858	0.875382165297	1.39318442243	1.28377676655	0.897218371194	0.846847201547	0.694010642823	1.35748752054	1.08024500725	1.25848450459	1.18283625423	1.14787042049	1.24627916385	0.933716085065	0.906768931851	0.917591802803	0.950978709522	0.715904581924	1.28576124215	0.769863576607	1.12151218946	0.618849676172	1.08275031416
AD8	0.8603919913	0.74926022233	2.37529211213	1.11489361044	1.14815427743	0.574320347994	1.25216309328	0.495437235379	0.427532300628	0.880498554857	0.393369758337	0.962626747221	0.664104601257	2.02875431609	0.869746935718	0.783642141131	0.426473687772	0.447834470759	1.88954030933	1.33090703722	0.910986607057	0.616119666506	0.184878666022	0.0	1.78995692605	0.807326558724	0.339775340744	0.447131493475	0.588048738521	0.827824523925	0.71545279362	0.52186060899	0.432889023683	0.453207274045	1.31900096182	1.09398596907	0.603323813436	0.761866747221	0.625782696955	0.955969217013	0.792743441276	1.38390263412	1.26970695505	0.814236785887	0.78933477042	0.630837109715	1.29760160464	1.02305626873	1.17969163847	1.10690980667	1.09237745771	1.19327706622	0.864405306912	0.843389734171	0.861180454326	0.882449516675	0.687868264862	1.22347860319	0.733138453359	1.04493311745	0.551460057999	1.02338927018
AE7	1.35410534074	1.49223763171	1.90012098598	1.28924289995	1.29436534558	1.70315939101	1.21536649589	1.72804309328	1.90276221846	1.36281436926	1.98890647173	1.45937588207	1.62069937168	1.62805478975	1.43372808603	1.37671625423	1.76060105365	1.76384118898	1.07905137748	1.0981179217	1.42519653456	1.4968061334	1.84615521508	1.78995692605	0.0	1.01119325761	1.76356766554	1.62656860319	1.4161080812	1.26836555824	1.57043006767	1.6151778637	1.84237337361	1.81085575157	1.68166858869	1.69348860802	1.90736383277	1.50266891252	1.8224937361	1.3708402755	1.55326709522	1.45463289029	1.42780187047	1.450610232	1.99290146931	1.94674356694	1.69255645239	1.80343583374	1.65395360077	1.6656760609	1.95585368777	1.8136340986	1.64608274529	1.68042004833	1.7336741131	1.67957035766	1.5610100145	1.74315861286	1.51434824553	1.76432842919	1.67256136298	1.79210548091
AE8	0.566621836636	0.622803146448	2.14773001933	0.915224876752	0.779353286612	0.776277085549	0.847716466892	0.776711643306	0.95479518608	0.546417834703	1.04381702272	0.692067303045	0.745753576607	1.79970304012	0.711577264379	0.573030768487	0.83736778637	0.83753038666	1.40947356694	0.899473160947	0.684066254229	0.580889202513	0.861619540841	0.807326558724	1.01119325761	0.0	0.811846288062	0.674660488159	0.642570405993	0.556300149831	0.732609299178	0.704931962301	0.894995969067	0.857883006283	1.08885300145	0.928959545674	0.972225751571	0.702273856936	0.89871956984	0.594692595457	0.677894272595	1.1738702175	1.07389564041	0.661554074432	1.09997536491	1.02594674239	1.11975200097	1.04319055099	0.973452948284	0.967645712905	1.21053644756	1.17223457709	0.857899134848	0.885071459642	0.920330483325	0.909204098598	0.679852194297	1.12391485742	0.651777162881	0.972099869502	0.735998274529	1.06351868052
AF7	0.774286752054	0.652645770904	2.37586868052	1.150600261	1.03442572257	0.548404050266	1.20399560174	0.494447356211	0.474803011116	0.816394475592	0.51955542291	0.869352131464	0.586427008217	2.03829894635	0.794760845819	0.709972368294	0.32455618173	0.350857747704	1.81438371194	1.26254764621	0.929569922668	0.52191121798	0.38774857419	0.339775340744	1.76356766554	0.811846288062	0.0	0.238311048816	0.609134248429	0.802046205897	0.642117694538	0.461419507008	0.437259975834	0.445932561624	1.19099414693	0.969215509908	0.542464055099	0.746458443693	0.548105906235	0.854455886902	0.676551996133	1.40706919768	1.29753460126	0.766826839053	0.791209144514	0.652975273079	1.17398936684	0.916492344128	1.04612494925	0.990454349927	0.983155205413	1.07055465926	0.737959826003	0.744029337844	0.773051551474	0.786860536491	0.554356220396	1.09536532141	0.596528661189	0.928893359111	0.452963547608	0.920914045433
AF8	0.660953218946	0.563870952151	2.27672055099	1.02359397777	0.955569173514	0.502962638956	1.08551596907	0.41869161914	0.506501261479	0.689561039149	0.645955442243	0.802644388594	0.5505900145	1.92804516191	0.723560681489	0.603598042533	0.447495427743	0.443356065732	1.68408063799	1.13372724021	0.780995529241	0.392911005317	0.493178994683	0.447131493475	1.62656860319	0.674660488159	0.238311048816	0.0	0.494477602707	0.681821169647	0.6484180232	0.42122558724	0.4699219768	0.466834900918	1.13052331078	0.913336128565	0.606973421943	0.649471938134	0.531405877235	0.754896689222	0.597046756887	1.28888915901	1.17804301112	0.679095277912	0.822040927985	0.713427530208	1.13256018366	0.875382078299	0.990313658772	0.958438042533	0.947499371677	1.03278420976	0.705673620106	0.716344804253	0.75120580957	0.753381667472	0.484419333011	1.06405927018	0.527232237796	0.895893658772	0.409279748671	0.876600260996
AG7	0.750116234896	0.602136520058	1.93485652972	0.69743521508	0.879669879169	0.611192044466	0.934014664089	0.493974809087	0.655150173997	0.623925041083	0.7725200145	0.754890198163	0.607962426293	1.59124724988	0.657856708555	0.711534465926	0.703386824553	0.705848177864	1.43270396327	0.862583586274	0.615828308362	0.455626665056	0.63791919768	0.588048738521	1.4161080812	0.642570405993	0.609134248429	0.494477602707	0.0	0.325576974384	0.778893064282	0.65567939101	0.582104702755	0.631243668439	1.24230325278	1.00024294345	0.844259105848	0.470328332528	0.788103122281	0.789373634606	0.711870546158	1.0218857854	0.904552493958	0.507307245046	0.998207530208	0.885184291928	1.2970640116	1.03731721605	1.13018877719	1.1009622378	1.19541260512	1.19392570807	0.877162880619	0.875963035283	0.928225838569	0.915596853552	0.596163489609	1.23035497825	0.623950439826	1.03830521991	0.629696520058	1.0388338811
AG8	0.674406481392	0.659272576124	1.80319709038	0.624940241663	0.851149260512	0.795729946834	0.746044021266	0.733710990817	0.918872261962	0.587236176897	1.01758493475	0.747877032383	0.751437303045	1.4545420203	0.659458748188	0.70622781537	0.896635437409	0.902545964234	1.1819940261	0.63928381827	0.573299879169	0.568079685839	0.852045567907	0.827824523925	1.26836555824	0.556300149831	0.802046205897	0.681821169647	0.325576974384	0.0	0.878993460609	0.840790420493	0.848880990817	0.833512435959	1.21716671339	1.02177717255	1.03480353311	0.519051532141	0.957103035283	0.753786471725	0.770864997583	0.910239115515	0.815405350411	0.536003156114	1.16373181247	1.0781681682	1.28250288062	1.17474656356	1.14431930401	1.16028357177	1.33678333494	1.3021779072	0.9822499855	1.00128879652	1.04915109715	1.03445727888	0.728615089415	1.26425750121	0.705792740454	1.15229565007	0.771342049299	1.17713147414
AH7	0.770975717738	0.857168492025	2.43763807153	1.28673439826	1.14816791203	0.789108260029	1.19242130981	0.816849478009	0.88911922668	0.909098472692	0.851071889802	1.03580245046	0.843015094248	2.11192648139	1.01975190913	0.788136239729	0.608903156114	0.609358158531	1.72785080232	1.26060400677	0.869805036249	0.615139961334	0.701087235379	0.71545279362	1.57043006767	0.732609299178	0.642117694538	0.6484180232	0.778893064282	0.878993460609	0.0	0.309710405993	0.888618994683	0.852444639923	1.19602761721	1.03810472692	0.819673542774	0.953710483325	0.786889623006	0.947092363461	0.85306537941	1.48648349928	1.3958958724	0.955112663122	0.939603687772	0.887097201547	1.26483708555	1.02228996133	1.1481378202	1.03016448526	1.13565660222	1.15274717255	0.856575838569	0.82042637506	0.832816824553	0.853154354761	0.756139908168	1.19746667956	0.787668753021	0.981060642823	0.696808327695	1.03035969551
AH8	0.717330029	0.697862397293	2.44957344611	1.19843614306	1.01633534074	0.596156288062	1.16631870469	0.603341652972	0.679124654422	0.796958071532	0.679937046883	0.902844117931	0.677212460126	2.10251465442	0.874367834703	0.655178264862	0.3823419913	0.353261324311	1.75623832769	1.25287844369	0.835032252296	0.516677394877	0.55934262929	0.52186060899	1.6151778637	0.704931962301	0.461419507008	0.42122558724	0.65567939101	0.840790420493	0.309710405993	0.0	0.666419801837	0.62034098115	1.16110632673	0.966236447559	0.652205108748	0.827498318028	0.580378685355	0.84002919768	0.720262735621	1.45795607057	1.35102536008	0.823887970034	0.778205384244	0.700772179797	1.15375714838	0.903132837119	1.03684161431	0.928391140648	0.964461710971	1.04279565491	0.704813146448	0.692887549541	0.719759681005	0.736359714838	0.599498028033	1.08026519575	0.627402455292	0.870935853069	0.517023634606	0.903231048816
AA5	0.889441130981	0.611001551474	2.28161861286	1.09136031416	0.98129102465	0.47180720638	1.22643293862	0.304776437893	0.250136346061	0.838065335911	0.452068719188	0.792692155631	0.556743939101	1.94225781054	0.714416355727	0.802730111165	0.500212716288	0.482054514258	1.8803238231	1.3357219188	0.906354973417	0.637061275979	0.476973663606	0.432889023683	1.84237337361	0.894995969067	0.437259975834	0.4699219768	0.582104702755	0.848880990817	0.888618994683	0.666419801837	0.0	0.230246505558	1.23163523441	0.970541681972	0.593098878685	0.612743078782	0.614089681005	0.847603499275	0.669840236829	1.25774112131	1.14676314161	0.637920889319	0.795808076365	0.611471536974	1.27656237313	0.996993160947	1.09980132914	1.08199507008	1.08543405993	1.18097734171	0.817413760271	0.846183832769	0.844403958434	0.879342107298	0.607512745288	1.21283305945	0.655920169164	1.01310586274	0.563047448043	0.999612416626
AA6	0.820366070565	0.575493025616	2.34732366844	1.11136950701	0.956081735138	0.39976537941	1.15833499758	0.328963629773	0.336076201063	0.778504581924	0.477380183664	0.768474920251	0.505491594973	2.0008042291	0.726636549058	0.71833142581	0.503140836153	0.46289619623	1.88126113581	1.3327678927	0.88190060899	0.60181977767	0.517891884969	0.453207274045	1.81085575157	0.857883006283	0.445932561624	0.466834900918	0.631243668439	0.833512435959	0.852444639923	0.62034098115	0.230246505558	0.0	1.1325478782	0.880565906235	0.540717757371	0.588811739971	0.510219415176	0.797891802803	0.584316737554	1.31891676172	1.20173921701	0.609702165297	0.628954475592	0.457774639923	1.18645903818	0.91825019333	0.984540894152	0.965485848236	1.00591651522	1.08110651522	0.713414852586	0.758899009183	0.757783987434	0.775513504108	0.583562286129	1.10075742871	0.633164364427	0.899482295795	0.499914195263	0.922083871435
AB5	1.09907709038	0.982561319478	2.52552196713	1.36154657806	0.824373769937	1.02997055099	1.19202106815	1.11103659256	1.21179334944	0.964912730788	1.20846153697	0.805370599323	1.02122495408	2.18539310295	1.04900459159	0.998598598357	1.2349219188	1.16986254712	1.86037565491	1.41205659256	1.27823937168	1.14041700338	1.3887439971	1.31900096182	1.68166858869	1.08885300145	1.19099414693	1.13052331078	1.24230325278	1.21716671339	1.19602761721	1.16110632673	1.23163523441	1.1325478782	0.0	0.335956510391	0.96007618173	1.07682251812	0.990651594973	0.860970662156	0.858058477525	1.56207108748	1.46777012083	0.986822310295	0.970738922185	0.992158651522	0.822076312228	0.931810831319	0.763263127115	0.792565364911	1.08400362977	0.94824782987	0.834017095215	0.937720091832	0.946610328661	0.87143778637	1.06572362011	0.881080463992	1.0411638521	0.822614301595	1.04314347511	0.920575741904
AB6	0.917662977284	0.740286036733	2.48075956984	1.25235530691	0.738978709522	0.786102721121	1.08110095215	0.856007970034	0.964191609473	0.80434638956	1.00021145481	0.585720236829	0.783951159981	2.13406301112	0.840116268729	0.798311938134	1.04202707105	0.975304615756	1.83001322861	1.33306851136	1.12259961334	0.909319139681	1.16574841469	1.09398596907	1.69348860802	0.928959545674	0.969215509908	0.913336128565	1.00024294345	1.02177717255	1.03810472692	0.966236447559	0.970541681972	0.880565906235	0.335956510391	0.0	0.7668759884	0.819478129531	0.789505302078	0.713344910585	0.634457452876	1.46111902368	1.35760983084	0.722369241179	0.76520560174	0.783767361044	0.751440256162	0.711013199613	0.568514842919	0.591531416143	0.882674117931	0.767999342678	0.635220633156	0.75369517158	0.753960971484	0.684731986467	0.826984422426	0.723850149831	0.802896447559	0.609165534074	0.838795161914	0.70969719188
AC5	0.929208748188	0.770235161914	2.61391090865	1.36521140164	0.985257201547	0.573530376994	1.28899338328	0.572191875302	0.545679023683	0.889582551957	0.489121227646	0.770644886419	0.714686500725	2.26585797487	0.93183842436	0.830080734654	0.545010908652	0.466811942968	1.97475870952	1.44910626873	1.16270961817	0.813478260029	0.660891788304	0.603323813436	1.90736383277	0.972225751571	0.542464055099	0.606973421943	0.844259105848	1.03480353311	0.819673542774	0.652205108748	0.593098878685	0.540717757371	0.96007618173	0.7668759884	0.0	0.787817568874	0.387572880619	0.86431961334	0.649708675689	1.60426030933	1.49064698888	0.788588854519	0.516923465442	0.416226085065	0.964007709038	0.69272159014	0.883099492508	0.783543566941	0.745944016433	0.811802029966	0.600931710971	0.559098980184	0.520929739004	0.563722948284	0.762309980667	0.873825248913	0.789159714838	0.727777907202	0.601107825036	0.68449882552
AC6	0.78799022233	0.499469241179	1.99056529725	0.762335089415	0.717341817303	0.597936317061	0.750415978734	0.48775441276	0.711438912518	0.524239299178	0.827579937168	0.596970691155	0.588377100048	1.64341040116	0.514013325278	0.686569400677	0.829106505558	0.791279188014	1.5056902465	0.963176897052	0.760889130014	0.634703832769	0.835728003867	0.761866747221	1.50266891252	0.702273856936	0.746458443693	0.649471938134	0.470328332528	0.519051532141	0.953710483325	0.827498318028	0.612743078782	0.588811739971	1.07682251812	0.819478129531	0.787817568874	0.0	0.767605732238	0.62512120348	0.59110638956	0.852697588207	0.743511333978	0.293893963267	0.973642899952	0.873494093765	1.15188381827	0.998294422426	0.96431659739	0.978187409377	1.15696189464	1.10873261962	0.809733890768	0.861002532624	0.912627820203	0.877926858386	0.623503963267	1.08935137264	0.60469881102	0.968952634123	0.63397457709	1.01887651039
AD6	0.80346277912	0.634666099565	2.54787522475	1.25251922668	0.85385540841	0.471675514741	1.22389944901	0.493015708072	0.553297916868	0.809809942001	0.524534021266	0.70977338811	0.583174393427	2.20003104882	0.831146114065	0.697660430159	0.516772701788	0.448966447559	1.89386116965	1.38923037216	1.07656051716	0.74131879652	0.690466534558	0.625782696955	1.8224937361	0.89871956984	0.548105906235	0.531405877235	0.788103122281	0.957103035283	0.786889623006	0.580378685355	0.614089681005	0.510219415176	0.990651594973	0.789505302078	0.387572880619	0.767605732238	0.0	0.741786481392	0.463691744804	1.53673053166	1.42111622523	0.751761319478	0.604671599807	0.511472624456	0.863439661672	0.592280811986	0.841606022233	0.69452861769	0.683127288545	0.750919521508	0.481323460609	0.44462141131	0.465832875785	0.485691478975	0.596120183664	0.78458922668	0.634952015466	0.640423247946	0.439148902852	0.607812112131
AE5	0.567920889319	0.508626152731	2.28092599807	0.98271442726	0.586053412276	0.713200420493	0.827547776704	0.698100362494	0.922101449976	0.504161275979	0.986465538908	0.545684519091	0.670850570324	1.92772091348	0.581930990817	0.460353697438	0.889006413726	0.835342672789	1.48449952151	1.02012092315	0.933977109715	0.777823827936	1.03481525858	0.955969217013	1.3708402755	0.594692595457	0.854455886902	0.754896689222	0.789373634606	0.753786471725	0.947092363461	0.84002919768	0.847603499275	0.797891802803	0.860970662156	0.713344910585	0.86431961334	0.62512120348	0.741786481392	0.0	0.339774059932	1.19711716771	1.09097369744	0.528278492025	1.05964647173	1.00688320445	0.872419898502	0.822920952151	0.797047767037	0.718660454326	1.00357517158	0.921146157564	0.612026036733	0.683073025616	0.743023571774	0.678362058966	0.565093663606	0.875697486709	0.520775219913	0.763103948768	0.656871739971	0.832876457226
AE6	0.558895790237	0.381598743354	2.3763738811	1.05521817303	0.622861391977	0.487323537941	0.952502358627	0.540184929918	0.673300217496	0.578000439826	0.757625060416	0.515399014016	0.46135037216	2.02260067666	0.576732619623	0.429943465442	0.709578405027	0.639645103915	1.62105801837	1.13842268729	0.936373702272	0.689742537458	0.875382165297	0.792743441276	1.55326709522	0.677894272595	0.676551996133	0.597046756887	0.711870546158	0.770864997583	0.85306537941	0.720262735621	0.669840236829	0.584316737554	0.858058477525	0.634457452876	0.649708675689	0.59110638956	0.463691744804	0.339774059932	0.0	1.31325643789	1.19970714838	0.510785495408	0.831610855486	0.777294789754	0.834576752054	0.661174103432	0.689288013533	0.618103620106	0.84075217013	0.774992783954	0.429915862736	0.494943325278	0.561472247463	0.489084654422	0.427334596423	0.763386152731	0.413587810536	0.620294422426	0.462690256162	0.668334403093
AF5	1.27362680522	1.18029150797	1.30374861769	0.597720884485	1.17181875785	1.34300159981	0.802826935718	1.20807362494	1.35520707588	1.05147645239	1.51710496858	1.20079953117	1.28011493958	0.963753547608	1.04882341228	1.27434842919	1.47850224746	1.50831001933	0.994783968101	0.702162769454	1.15531972934	1.19955689705	1.39318442243	1.38390263412	1.45463289029	1.1738702175	1.40706919768	1.28888915901	1.0218857854	0.910239115515	1.48648349928	1.45795607057	1.25774112131	1.31891676172	1.56207108748	1.46111902368	1.60426030933	0.852697588207	1.53673053166	1.19711716771	1.31325643789	0.0	0.179734596423	0.988963257612	1.7190040551	1.61883655389	1.69487153697	1.63246948768	1.59291734654	1.62926644756	1.77875726921	1.75574263896	1.49592704205	1.56934351377	1.61933863219	1.56667031416	1.22705269696	1.72929899468	1.2062757419	1.62144961334	1.36411089899	1.64438932334
AF6	1.18196762687	1.06339046399	1.40029463992	0.513553953601	1.06753115031	1.23976328178	0.751185282745	1.09242900435	1.25701491542	0.942449038183	1.41354098598	1.09724151281	1.17899898985	1.05499266796	0.944376230063	1.16398736588	1.38118907202	1.40879160464	1.01482911068	0.65630161914	1.10193372644	1.09413896568	1.28377676655	1.26970695505	1.42780187047	1.07389564041	1.29753460126	1.17804301112	0.904552493958	0.815405350411	1.3958958724	1.35102536008	1.14676314161	1.20173921701	1.46777012083	1.35760983084	1.49064698888	0.743511333978	1.42111622523	1.09097369744	1.19970714838	0.179734596423	0.0	0.87944381827	1.60317743354	1.50234605607	1.5966338086	1.54067912518	1.48972104882	1.52120682455	1.67737350894	1.65209259546	1.39656913968	1.46274793137	1.5116459884	1.46176641856	1.11767405027	1.62507176414	1.10229901885	1.51588568874	1.25435434993	1.55115982117
AG5	0.700028864186	0.447847438376	2.09544561141	0.81922980667	0.585160091832	0.552496341228	0.770399782504	0.515544683422	0.71517781537	0.49785900435	0.830403644273	0.470580468826	0.553496457226	1.74457182697	0.456251706138	0.594567849203	0.824829748671	0.766975471242	1.5273318753	0.98897760754	0.734420695988	0.649443112615	0.897218371194	0.814236785887	1.450610232	0.661554074432	0.766826839053	0.679095277912	0.507307245046	0.536003156114	0.955112663122	0.823887970034	0.637920889319	0.609702165297	0.986822310295	0.722369241179	0.788588854519	0.293893963267	0.751761319478	0.528278492025	0.510785495408	0.988963257612	0.87944381827	0.0	0.939084403093	0.869816370227	1.04827815853	0.927367380377	0.861388347028	0.880574113098	1.10822640406	1.03078763654	0.718048743354	0.784435384244	0.835901696472	0.794676278395	0.607955519575	0.993856732721	0.576440053166	0.880428211696	0.62761060899	0.942580555824
