	AA3	AA4	AB3	AB4	AC3	AC4	AD3	AD4	AE3	AE4	AF3	AF4	AG3	AG4	AH3	AH4	AA7	AA8	AB7	AB8	AC7	AC8	AD7	AD8	AE7	AE8	AF7	AF8	AG7	AG8	AH7	AH8	AA5	AA6	AB5	AB6	AC5	AC6	AD6	AE5	AE6	AF5	AF6	AG5	AH5	AH6	AA1	AA2	AB1	AB2	AC1	AC2	AD1	AD2	AE1	AE2	AF1	AF2	AG1	AG2	AH1	AH2
AA3	0.0	0.547905983567	2.24507027066	0.989974403093	0.879548105365	0.771379801837	0.863756897052	0.724993779604	0.866519202513	0.682813784437	0.996035882069	0.791682450459	0.714166916385	1.90247677139	0.763957921701	0.297425538908	0.78082060899	0.749816868052	1.48067262929	1.01528662156	0.794561454809	0.637357781537	0.857888197197	0.881099545674	1.37528900918	0.628639497342	0.765766491058	0.650269942001	0.729831851136	0.651047530208	0.753047491542	0.659130879652	0.883198405027	0.820132305462	1.09168755437	0.910171222813	0.935393412276	0.784485437409	0.736650976317	0.584047728371	0.595697530208	1.24622877719	1.18260925085	0.718139888835	1.12340102948	1.0211960754	1.02667538908	0.960821831803	0.915515224746	0.860506848719	1.08010735138	1.00431853552	0.631205306912	0.727578390527	0.818834137264	0.660659705172	0.549244151764	0.946257298212	0.512581928468	0.940673127115	0.655174741421	1.00287793137
AA4	0.547905983567	0.0	2.23648808603	0.895321933301	0.623385930401	0.565009864669	0.848866505558	0.464942643789	0.64609237796	0.526302387627	0.826909908168	0.429086616723	0.424353112615	1.89283055582	0.308469724505	0.323684987917	0.69768777187	0.656628110198	1.5731720203	1.00191139681	0.871365534074	0.641998148864	0.86755839536	0.876390111165	1.47356868052	0.635668951184	0.689570077332	0.653606510391	0.662630961817	0.641627820203	0.883454944418	0.725355306912	0.629539458676	0.604393359111	0.936709690672	0.69384298695	0.750737307878	0.488429217013	0.543487341711	0.51534217013	0.407724876752	1.14680490092	1.0961322378	0.395269178347	0.937891372644	0.84135742871	0.949999903335	0.809418177864	0.724317283712	0.737755577574	0.945248037699	0.892494301595	0.546823586274	0.639192977284	0.696718129531	0.570891942968	0.436553885935	0.8325120203	0.481273334944	0.796057419043	0.478455360077	0.831537680039
AB3	2.24507027066	2.23648808603	0.0	1.45782850169	2.19245672305	2.39905711938	1.91774579507	2.28798267762	2.31903450942	2.08559371194	2.51060213146	2.2612780667	2.31973552441	0.392665427743	2.14767521025	2.29842984534	2.45529244563	2.45254682939	1.14650205897	1.50797612856	1.94383076849	2.14511983567	2.40189301595	2.39336860802	1.89626090382	2.14047197197	2.35932426293	2.27234173997	1.89869423393	1.88145735621	2.43783983084	2.41635187047	2.26912040116	2.36753263896	2.53538842919	2.48008632673	2.61124172064	2.01009634606	2.48824913485	2.27396873852	2.38544435959	1.34171510391	1.37836493475	2.09529521508	2.71601576607	2.61361451426	2.66071457226	2.6731640696	2.49613555824	2.60817327211	2.76008866119	2.7233317738	2.51697856452	2.60559697438	2.61224098598	2.54590338328	2.29898370227	2.67312379894	2.29986592557	2.63882839536	2.38019616723	2.69439370227
AB4	0.989974403093	0.895321933301	1.45782850169	0.0	0.936362721121	1.05527430159	0.777613127115	0.98972521508	1.10935835186	0.791004253262	1.2614822813	0.947553383277	0.88689282262	1.10130330594	0.828689366844	0.950534567424	1.14974557757	1.13401738038	1.03549826486	0.46051142581	0.889336911551	0.916385659739	1.13588923151	1.17353257612	1.27644795553	0.894072769454	1.10200056549	0.99268101015	0.643050314161	0.650518637023	1.25832146931	1.15207804253	1.08555150314	1.11214135331	1.36676302078	1.21747526341	1.35878543741	0.763831884969	1.14451501692	0.951010695988	1.04689475592	0.570729589174	0.546008148864	0.807438883519	1.45772785404	1.35725269212	1.43824444659	1.38190264379	1.26097108748	1.32694888835	1.50150334944	1.46849097632	1.19303237313	1.29962105848	1.33001133398	1.23159810053	0.994730086999	1.41394035283	0.99774319478	1.36320936684	1.04994122765	1.42559487675
AC3	0.879548105365	0.623385930401	2.19245672305	0.936362721121	0.0	0.738714963751	0.848466365394	0.834575089415	0.982836326728	0.659512580957	1.08118998067	0.350774180764	0.787243054616	1.8551438231	0.667155857902	0.762576689222	1.03348350411	0.979334997583	1.48408176897	1.00319690188	1.0352338521	0.972795708072	1.25780721605	1.25963118898	1.32072457709	0.848010715321	1.07474301595	1.04207097148	0.92006277912	0.864168985017	1.1863059304	1.03740413726	0.9906220058	0.98287622523	0.786970952151	0.722276689222	0.969492924118	0.686951309811	0.844466660222	0.64771059449	0.689831348478	1.13747894152	1.11937632189	0.601244533591	1.15656760754	1.06917888352	0.858082740454	0.925802667956	0.683492223296	0.789368554857	1.05726217496	0.956503576607	0.707746413726	0.811701730304	0.87477942001	0.775373397777	0.811773059449	0.88073521508	0.833285654906	0.885467602707	0.853067486709	0.944815181247
AC4	0.771379801837	0.565009864669	2.39905711938	1.05527430159	0.738714963751	0.0	1.11002762204	0.367497264379	0.469598917351	0.783368269696	0.41125959884	0.492141585307	0.479236452392	2.05551283229	0.697338902852	0.604668917351	0.59978977767	0.551479163847	1.8446340841	1.23800433543	0.941674760754	0.698913330111	0.673279473175	0.683674320928	1.70802205413	0.791810898985	0.59241457709	0.551145442243	0.697495268246	0.749435819236	0.824701677139	0.632173832769	0.516746036733	0.436315529241	0.98502840986	0.706185321411	0.546138163364	0.629564388594	0.402870004833	0.773333832769	0.495266022233	1.33607092798	1.29244114548	0.562237351377	0.691225451909	0.562457916868	1.03271374094	0.790065045916	0.811622334461	0.770853919768	0.857174615756	0.918167462542	0.544134079265	0.626497892702	0.629156075399	0.603141053649	0.601745442243	0.904829057516	0.614383721605	0.761688376027	0.432058748188	0.789902595457
AD3	0.863756897052	0.848866505558	1.91774579507	0.777613127115	0.848466365394	1.11002762204	0.0	0.972506094732	1.24513818753	0.425847539874	1.37341904302	0.930802382794	1.03235704688	1.57563042049	0.803031609473	0.892373291445	1.20630524891	1.17597606573	1.31072924601	0.792332286129	0.866791295312	0.90369359594	1.27728164331	1.26449528275	1.21576226196	0.832890120831	1.1646862784	1.07089107298	0.868630323828	0.779591889802	1.15925002417	1.08963364427	1.1980719768	1.15032006767	1.19817716288	1.06400484292	1.26941462059	0.727067921701	1.09101857419	0.783641464476	0.941318902852	0.846842957951	0.767337912035	0.776126839053	1.40423256162	1.32533594007	1.34281057516	1.34363613823	1.10059617206	1.1904020058	1.46529667956	1.39371203963	1.12015569841	1.19697227163	1.26646612373	1.12723567424	0.944840449493	1.31744473175	0.941903127115	1.25549006283	1.10113667472	1.37595716771
AD4	0.724993779604	0.464942643789	2.28798267762	0.98972521508	0.834575089415	0.367497264379	0.972506094732	0.0	0.313617477042	0.60993337361	0.549364142098	0.596179719671	0.507464407927	1.9490321653	0.573343146448	0.560240720155	0.55443838086	0.506415142581	1.78803737071	1.17468643306	0.882471039149	0.616064166264	0.591552619623	0.583515210246	1.68904088449	0.753803977767	0.496176220396	0.443877564041	0.554468018366	0.663688859352	0.781239067182	0.590635998067	0.340326007733	0.351996969551	1.08921298212	0.793421126148	0.574708197197	0.51961017883	0.454862890285	0.705615012083	0.500824987917	1.21670137748	1.16653674722	0.475759072015	0.729486834219	0.606543484775	1.12645269696	0.869355128081	0.908599047849	0.882835872402	0.916865838569	1.01170649589	0.643374659256	0.681494296762	0.654512131464	0.658229231513	0.518735476075	0.999610043499	0.558211561141	0.868863136781	0.44792239246	0.876765766071
AE3	0.866519202513	0.64609237796	2.31903450942	1.10935835186	0.982836326728	0.469598917351	1.24513818753	0.313617477042	0.0	0.873121831803	0.386608115031	0.745031193813	0.623936307395	1.98984905268	0.740137491542	0.734122769454	0.532826191397	0.53365118898	1.94518090865	1.33808150314	0.997503856936	0.757995679072	0.487517201547	0.483698564524	1.8824401305	0.946342624456	0.472863025616	0.512185674239	0.685117539874	0.832084915418	0.8957619768	0.719422010633	0.240992358627	0.318195635573	1.20984881585	0.91680139681	0.545285770904	0.70390301595	0.575746273562	0.932288748188	0.654142348961	1.27950056549	1.25058611406	0.656514374094	0.754621701305	0.601807322378	1.25197812953	0.986001923635	1.06293760754	1.02628356694	1.01671913968	1.14176506525	0.763758651522	0.817085722571	0.777426109232	0.789558608023	0.672302358627	1.13568168197	0.716382126631	1.00644101015	0.576523378444	0.996479076849
AE4	0.682813784437	0.526302387627	2.08559371194	0.791004253262	0.659512580957	0.783368269696	0.425847539874	0.60993337361	0.873121831803	0.0	1.03776245529	0.620421773804	0.712324847753	1.74335770904	0.517198405027	0.600341710971	0.857086921218	0.826810236829	1.47894764137	0.897047133881	0.731768936684	0.658787119381	0.947541295312	0.941108100532	1.34744272595	0.583048081199	0.789983842436	0.735327747704	0.607985635573	0.577467162881	0.929633736104	0.795742701788	0.828923644273	0.798104726921	0.987307999033	0.822014451426	0.928035848236	0.460164954084	0.751906452392	0.53723221363	0.614170135331	0.959940686322	0.909960724988	0.463666771387	1.09154300145	1.01533886902	1.05125768971	1.0454601015	0.862605074915	0.944896882552	1.17898801837	1.10897601257	0.814145867569	0.879391768971	0.922696563557	0.810777201547	0.609603301112	1.03813082165	0.617456399227	1.00364465926	0.747491947801	1.06834345094
AF3	0.996035882069	0.826909908168	2.51060213146	1.2614822813	1.08118998067	0.41125959884	1.37341904302	0.549364142098	0.386608115031	1.03776245529	0.0	0.83791780087	0.738823136781	2.17400940551	0.95251419043	0.863438144031	0.544527945868	0.539773185114	2.06979670855	1.4563938811	1.1257079797	0.908942218463	0.42347701305	0.421432334461	2.01138349928	1.07291140648	0.543393721605	0.659929632673	0.8376660029	0.953609434509	0.873259835669	0.754828211696	0.45957781537	0.459501904302	1.20656633639	0.962555650072	0.466724200097	0.873625157081	0.571806839053	1.04721700822	0.753322073465	1.48103033349	1.44144403093	0.819182131464	0.698864335428	0.537860144998	1.230339855	0.965915113581	1.12788142098	1.00897410826	1.00050395843	1.09439864186	0.767193726438	0.773406955051	0.769772455292	0.760671971967	0.844793334944	1.08372492508	0.868502663122	0.98969540841	0.632062503625	0.963212382794
AF4	0.791682450459	0.429086616723	2.2612780667	0.947553383277	0.350774180764	0.492141585307	0.930802382794	0.596179719671	0.745031193813	0.620421773804	0.83791780087	0.0	0.555698472692	1.92091049299	0.515967254712	0.616787225713	0.866242595457	0.82175359594	1.63799890768	1.04765679555	0.956276172064	0.774321362977	1.02705521025	1.03751304495	1.4879642581	0.725315277912	0.867565432576	0.827623876269	0.765909864669	0.717486075399	1.05145065732	0.905748786854	0.758349304012	0.757249516675	0.807463653939	0.564172609956	0.785687752537	0.555053185114	0.677833320445	0.613138018366	0.558085664572	1.16896707105	1.13917930884	0.458259942001	0.921578762687	0.811562837119	0.850094920251	0.770105471242	0.614282344128	0.666551483809	0.909730314161	0.845887201547	0.586069816336	0.67295820203	0.723581362977	0.665634915418	0.665152701788	0.778237573707	0.698640831319	0.756944741421	0.659055123248	0.779160236829
AG3	0.714166916385	0.424353112615	2.31973552441	0.88689282262	0.787243054616	0.479236452392	1.03235704688	0.507464407927	0.623936307395	0.712324847753	0.738823136781	0.555698472692	0.0	1.96171258096	0.504568511358	0.501488124698	0.629265592073	0.57767019333	1.73630884485	1.13233349928	0.916972131464	0.636562580957	0.762850135331	0.788116988884	1.57891523925	0.699607332044	0.630498540358	0.604769782504	0.702663020783	0.726637530208	0.8475039971	0.68974080232	0.630332474625	0.555057124215	0.990201179314	0.726908878685	0.725893948768	0.59821219913	0.503196529725	0.69398940551	0.451286727888	1.26199151764	1.21698000483	0.50848979217	0.863232653456	0.766047312711	0.985045688739	0.797856510391	0.797713354277	0.756227211213	0.930014306428	0.886912402127	0.518024944418	0.653980869985	0.709682667956	0.579719864669	0.488873165781	0.8824520058	0.527262493958	0.782263658772	0.410960671822	0.83016817303
AG4	1.90247677139	1.89283055582	0.392665427743	1.10130330594	1.8551438231	2.05551283229	1.57563042049	1.9490321653	1.98984905268	1.74335770904	2.17400940551	1.92091049299	1.96171258096	0.0	1.80962550991	1.95259278879	2.12163611406	2.11520393427	0.8828480087	1.16858049299	1.60659729821	1.80032742871	2.06337463509	2.05580655389	1.6373817013	1.8033519188	2.01916871435	1.92828668439	1.56088127598	1.53680709522	2.11345924601	2.07931531658	1.93895855002	2.02621761237	2.1985081827	2.13698456259	2.27283382794	1.66961379894	2.14502043016	1.93141927018	2.04254666506	1.01227621073	1.04551262446	1.75570710005	2.37163163364	2.27224471725	2.31879760271	2.33355442726	2.1547340261	2.26570509908	2.42002696472	2.38362583374	2.17397433543	2.26311533591	2.27726397777	2.20295260996	1.9581182552	2.33144159014	1.96058233446	2.29647485742	2.03869016916	2.35530845819
AH3	0.763957921701	0.308469724505	2.14767521025	0.828689366844	0.667155857902	0.697338902852	0.803031609473	0.573343146448	0.740137491542	0.517198405027	0.95251419043	0.515967254712	0.504568511358	1.80962550991	0.0	0.541301846303	0.796838675689	0.760718192363	1.57315996617	0.987762745288	0.882160275495	0.740055741904	0.923867858869	0.948961614306	1.45767028516	0.721733030449	0.783159163847	0.730104973417	0.700615176414	0.669639642339	1.02405964234	0.873818313195	0.690182281295	0.704873513775	1.02197113098	0.794896703722	0.913872126631	0.49032881102	0.714288656356	0.604926587724	0.589018003867	1.04800843886	1.0031440986	0.441890985984	1.0661321073	0.976906263896	1.03904852586	0.915971430643	0.824102551957	0.870128192363	1.06169429193	1.01533521025	0.738867472209	0.830661889802	0.849746887385	0.759842740454	0.559621222813	0.9624060174	0.604727747704	0.917050323828	0.629345277912	0.950970285162
AH4	0.297425538908	0.323684987917	2.29842984534	0.950534567424	0.762576689222	0.604668917351	0.892373291445	0.560240720155	0.734122769454	0.600341710971	0.863438144031	0.616787225713	0.501488124698	1.95259278879	0.541301846303	0.0	0.648339130014	0.594167636539	1.54552957467	1.03161968101	0.869233441276	0.598691179314	0.797558192363	0.801932943451	1.44309582407	0.611582145964	0.639521000483	0.591373586274	0.686521962301	0.660815205413	0.759017544708	0.593543881102	0.729145703238	0.657279632673	0.987644780087	0.74283219913	0.779610396327	0.626760633156	0.544943098115	0.50754521508	0.410707680039	1.23777845336	1.18536925085	0.546819695505	0.96079879652	0.870301662639	0.958782754954	0.820788762687	0.785113368777	0.717424654422	0.948979463509	0.886515645239	0.514886399227	0.610950811986	0.690408608023	0.541884432093	0.35897879652	0.83608120348	0.378760913485	0.776661275979	0.478321449976	0.846210613823
AA7	0.78082060899	0.69768777187	2.45529244563	1.14974557757	1.03348350411	0.59978977767	1.20630524891	0.55443838086	0.532826191397	0.857086921218	0.544527945868	0.866242595457	0.629265592073	2.12163611406	0.796838675689	0.648339130014	0.0	0.149293726438	1.83913765587	1.2634421653	1.0104039681	0.687507080715	0.41317737071	0.459948622523	1.75989256646	0.868475553407	0.328602875785	0.417800613823	0.728946447559	0.809550140164	0.644265770904	0.445186500725	0.499634519091	0.487419400677	1.25257832286	1.02364188497	0.544937791203	0.847090096665	0.535038139198	0.913697646206	0.71038737071	1.41396709522	1.37952171097	0.825882798453	0.794479946834	0.656334345094	1.16559642339	0.908830019333	1.12141663606	0.99725080232	0.944386384727	1.04029434026	0.685075118415	0.719530976317	0.703881570807	0.696449681005	0.546812194297	1.03096483809	0.545906945384	1.00307711938	0.478780512325	0.916803460609
AA8	0.749816868052	0.656628110198	2.45254682939	1.13401738038	0.979334997583	0.551479163847	1.17597606573	0.506415142581	0.53365118898	0.826810236829	0.539773185114	0.82175359594	0.57767019333	2.11520393427	0.760718192363	0.594167636539	0.149293726438	0.0	1.81166898502	1.23097881102	0.975343330111	0.645091517641	0.446454760754	0.479078927018	1.70715451909	0.812028690188	0.347553460609	0.390708501692	0.715719081682	0.777427278879	0.580794519091	0.372704374094	0.506447549541	0.472075920735	1.19295010633	0.966627017883	0.533304896085	0.80935439826	0.476356408893	0.848775442243	0.652398999517	1.41186730788	1.37598936684	0.771187989367	0.750194900918	0.628547559207	1.12037529241	0.862153576607	1.06365669406	0.927470212663	0.904084741421	0.992479086515	0.640135901402	0.657270724988	0.661961213146	0.6344159739	0.52665417593	0.986172271629	0.554367931368	0.933954731754	0.434996607057	0.875129154181
AB7	1.48067262929	1.5731720203	1.14650205897	1.03549826486	1.48408176897	1.8446340841	1.31072924601	1.78803737071	1.94518090865	1.47894764137	2.06979670855	1.63799890768	1.73630884485	0.8828480087	1.57315996617	1.54552957467	1.83913765587	1.81166898502	0.0	0.65780441276	1.47862749154	1.55205238279	1.92783326728	1.93152090382	1.11187885452	1.43996776704	1.81785003383	1.71236988884	1.38675314161	1.25967299662	1.7386242291	1.71723383277	1.89145119865	1.90388299178	1.86975551474	1.82824844369	1.98409459642	1.50462096665	1.83281491542	1.50563248913	1.66979611406	1.00758149348	1.010790261	1.53286018366	2.16841513775	2.08451056066	1.96029153697	1.99827352344	1.80262934268	1.88178804253	2.10847088449	2.02602804253	1.81633511358	1.88376163364	1.91523362977	1.82583116481	1.64288758821	1.96984798453	1.63667022716	1.94630937168	1.76386992267	2.02135914451
AB8	1.01528662156	1.00191139681	1.50797612856	0.46051142581	1.00319690188	1.23800433543	0.792332286129	1.17468643306	1.33808150314	0.897047133881	1.4563938811	1.04765679555	1.13233349928	1.16858049299	0.987762745288	1.03161968101	1.2634421653	1.23097881102	0.65780441276	0.0	0.945723968101	0.993321628806	1.31397762204	1.31479872402	1.1491722088	0.886650836153	1.21071490092	1.1059039391	0.772739478009	0.672356249396	1.2382662349	1.17703865152	1.28065710005	1.28922908652	1.38098951667	1.27602215563	1.41014199613	0.902089246013	1.28156736104	0.984708627356	1.1341777622	0.698323354277	0.64608359594	0.929865949734	1.58384169647	1.48071491542	1.50815516675	1.47820172547	1.31781269212	1.37260110681	1.58247074432	1.54217054132	1.30104443693	1.37106868536	1.39407260996	1.31618292412	1.09179035766	1.48446897535	1.09031133398	1.4220318028	1.17545904302	1.49487161914
AC7	0.794561454809	0.871365534074	1.94383076849	0.889336911551	1.0352338521	0.941674760754	0.866791295312	0.882471039149	0.997503856936	0.731768936684	1.1257079797	0.956276172064	0.916972131464	1.60659729821	0.882160275495	0.869233441276	1.0104039681	0.975343330111	1.47862749154	0.945723968101	0.0	0.450986737554	0.986515751571	0.958388318028	1.37826165781	0.699001058482	0.94797020783	0.799710459159	0.564749130014	0.534612136298	0.902735606573	0.812415785404	0.936647699372	0.918204093765	1.28531490575	1.16506648139	1.17792426293	0.770476452392	1.0249897535	0.935436897052	0.98664677622	1.13081231029	1.07030530208	0.757486921218	1.14190661189	1.04436517641	1.48199726921	1.42289351377	1.23630953601	1.28822176897	1.54409139681	1.49707395843	1.09485422426	1.19502987917	1.25943036249	1.15434132431	0.926659632673	1.44245274045	0.892981169647	1.32539281295	0.924279569841	1.44504100048
AC8	0.637357781537	0.641998148864	2.14511983567	0.916385659739	0.972795708072	0.698913330111	0.90369359594	0.616064166264	0.757995679072	0.658787119381	0.908942218463	0.774321362977	0.636562580957	1.80032742871	0.740055741904	0.598691179314	0.687507080715	0.645091517641	1.55205238279	0.993321628806	0.450986737554	0.0	0.714039734171	0.721557597873	1.46445248429	0.594588569357	0.556420560657	0.430600831319	0.479745495408	0.493602440793	0.635783030449	0.513885142581	0.6812980232	0.6577060174	1.12663699372	0.878753267279	0.867703963267	0.648981420976	0.715369038183	0.770955659739	0.679563895602	1.14531348961	1.0925339246	0.633759671339	0.91708481392	0.853359192847	1.28796248913	1.09054368294	1.03140697438	1.00808798453	1.20774016433	1.17760262929	0.762900555824	0.858752034799	0.924901333978	0.816618559691	0.567277032383	1.15580498792	0.56095560174	0.990708308362	0.615729449009	1.11133138231
AD7	0.857888197197	0.86755839536	2.40189301595	1.13588923151	1.25780721605	0.673279473175	1.27728164331	0.591552619623	0.487517201547	0.947541295312	0.42347701305	1.02705521025	0.762850135331	2.06337463509	0.923867858869	0.797558192363	0.41317737071	0.446454760754	1.92783326728	1.31397762204	0.986515751571	0.714039734171	0.0	0.146457863702	1.86018550024	0.889023924601	0.368003649106	0.432008511358	0.67152439826	0.801408206863	0.708939217013	0.574172919285	0.486430343161	0.503293407443	1.37686840503	1.12527882069	0.625696031899	0.885052058966	0.6934680087	1.04838846303	0.86437442726	1.37808388594	1.33661392943	0.89341661189	0.832329652006	0.689576578057	1.36886316095	1.1095979362	1.28227542774	1.17615337361	1.12407030933	1.24320438376	0.907863470275	0.903032764621	0.873804973417	0.896005978734	0.734016031899	1.24647801353	0.722153199613	1.15773674239	0.631226012566	1.10780551957
AD8	0.881099545674	0.876390111165	2.39336860802	1.17353257612	1.25963118898	0.683674320928	1.26449528275	0.583515210246	0.483698564524	0.941108100532	0.421432334461	1.03751304495	0.788116988884	2.05580655389	0.948961614306	0.801932943451	0.459948622523	0.479078927018	1.93152090382	1.31479872402	0.958388318028	0.721557597873	0.146457863702	0.0	1.83285072015	0.860127085549	0.392892503625	0.468345244079	0.682041527308	0.801156703722	0.710055592073	0.571973827936	0.489833687772	0.489644311261	1.39005625423	1.13029064282	0.626435799903	0.87997962784	0.702863591107	1.04570358144	0.870471894635	1.37099038183	1.32933449009	0.878334775254	0.826408298695	0.673999516675	1.39276892218	1.13199752054	1.2893501595	1.17763547124	1.15519993717	1.26649961817	0.917186321895	0.916933615273	0.896956263896	0.909347187047	0.767855799903	1.26623066699	0.758428685355	1.16140583857	0.654263847269	1.13330132431
AE7	1.37528900918	1.47356868052	1.89626090382	1.27644795553	1.32072457709	1.70802205413	1.21576226196	1.68904088449	1.8824401305	1.34744272595	2.01138349928	1.4879642581	1.57891523925	1.6373817013	1.45767028516	1.44309582407	1.75989256646	1.70715451909	1.11187885452	1.1491722088	1.37826165781	1.46445248429	1.86018550024	1.83285072015	0.0	1.00388854519	1.75971958917	1.64690298212	1.37245517641	1.27387101015	1.56971023683	1.55928497342	1.8418520348	1.82662506525	1.69352893668	1.71210347994	1.90080754471	1.47900456742	1.73560840503	1.34866392943	1.57393506525	1.45273945868	1.44683608507	1.45820114548	2.00867988884	1.93352331561	1.70070032866	1.81971906718	1.59645145481	1.65517812953	1.95569681489	1.8159081247	1.6350057419	1.69470739004	1.76543936684	1.63699221363	1.57327866119	1.75836749638	1.54956571774	1.77702931851	1.66660003867	1.86091079749
AE8	0.628639497342	0.635668951184	2.14047197197	0.894072769454	0.848010715321	0.791810898985	0.832890120831	0.753803977767	0.946342624456	0.583048081199	1.07291140648	0.725315277912	0.699607332044	1.8033519188	0.721733030449	0.611582145964	0.868475553407	0.812028690188	1.43996776704	0.886650836153	0.699001058482	0.594588569357	0.889023924601	0.860127085549	1.00388854519	0.0	0.818952464959	0.718921387144	0.644618028033	0.558731899468	0.772402107298	0.69516540841	0.904754316095	0.885783537941	1.10074473175	0.95071897535	0.985575384244	0.695504838086	0.840765205413	0.653447776704	0.729805273079	1.16032688255	1.10101651039	0.675397704205	1.12259027066	1.03754638956	1.16897773804	1.11898664572	0.946514683422	0.985465273079	1.24046511841	1.20049497825	0.860085355244	0.924971014983	0.980352174964	0.888421773804	0.719634920251	1.14803834219	0.706408859352	1.0430500725	0.760870062832	1.13871271145
AF7	0.765766491058	0.689570077332	2.35932426293	1.10200056549	1.07474301595	0.59241457709	1.1646862784	0.496176220396	0.472863025616	0.789983842436	0.543393721605	0.867565432576	0.630498540358	2.01916871435	0.783159163847	0.639521000483	0.328602875785	0.347553460609	1.81785003383	1.21071490092	0.94797020783	0.556420560657	0.368003649106	0.392892503625	1.75971958917	0.818952464959	0.0	0.231114973417	0.642717742871	0.731480923151	0.654597887869	0.510511019816	0.427075500242	0.424071527308	1.18702450459	0.937122547124	0.520066988884	0.751875147414	0.56121900435	0.877083296278	0.675619072015	1.33843067666	1.29844536008	0.739911261479	0.781974876752	0.670625949734	1.20989246496	0.962208255196	1.08622020783	1.00899733204	0.985415814403	1.09046489125	0.733931942968	0.771352112131	0.755044446593	0.749619574674	0.5388300145	1.07803374577	0.560942938618	0.980364277429	0.477531778637	0.955640903818
AF8	0.650269942001	0.653606510391	2.27234173997	0.99268101015	1.04207097148	0.551145442243	1.07089107298	0.443877564041	0.512185674239	0.735327747704	0.659929632673	0.827623876269	0.604769782504	1.92828668439	0.730104973417	0.591373586274	0.417800613823	0.390708501692	1.71236988884	1.1059039391	0.799710459159	0.430600831319	0.432008511358	0.468345244079	1.64690298212	0.718921387144	0.231114973417	0.0	0.524823910101	0.603422208797	0.648182373127	0.467373832769	0.460093508942	0.426877617206	1.19579221846	0.93976739971	0.652930768487	0.707573127115	0.571425374577	0.825465045916	0.654207849203	1.24075961817	1.19896757371	0.700350555824	0.82341101015	0.713235761237	1.23745158531	0.993626718221	1.0643618898	1.01999674239	1.02127381344	1.12257747704	0.745865843403	0.795324881585	0.786533929435	0.777766022233	0.518581962301	1.1080662059	0.51193742871	0.999315306912	0.477551894635	0.988589574674
AG7	0.729831851136	0.662630961817	1.89869423393	0.643050314161	0.92006277912	0.697495268246	0.868630323828	0.554468018366	0.685117539874	0.607985635573	0.8376660029	0.765909864669	0.702663020783	1.56088127598	0.700615176414	0.686521962301	0.728946447559	0.715719081682	1.38675314161	0.772739478009	0.564749130014	0.479745495408	0.67152439826	0.682041527308	1.37245517641	0.644618028033	0.642717742871	0.524823910101	0.0	0.202763644273	0.79326680522	0.680582044466	0.633807694538	0.682664659256	1.25877630256	0.975812344128	0.891308037699	0.511148066699	0.791301406477	0.816449304012	0.74035838086	0.943218859352	0.888315166747	0.506567042049	1.05339341228	0.932469279845	1.34745686805	1.14018647173	1.15415693572	1.12176083615	1.25104810536	1.23691289029	0.899979816336	0.958780913485	0.988902034799	0.918909255679	0.684805012083	1.22557311261	0.662881213146	1.11707078782	0.694433146448	1.16992960851
AG8	0.651047530208	0.641627820203	1.88145735621	0.650518637023	0.864168985017	0.749435819236	0.779591889802	0.663688859352	0.832084915418	0.577467162881	0.953609434509	0.717486075399	0.726637530208	1.53680709522	0.669639642339	0.660815205413	0.809550140164	0.777427278879	1.25967299662	0.672356249396	0.534612136298	0.493602440793	0.801408206863	0.801156703722	1.27387101015	0.558731899468	0.731480923151	0.603422208797	0.202763644273	0.0	0.818395940068	0.734730405993	0.783556810053	0.782393281779	1.21909593523	0.985605596907	0.974319125181	0.503607747704	0.827588695022	0.756944944418	0.753352097632	0.942199478009	0.878010275495	0.497902015466	1.12800574674	1.00991885935	1.31327980667	1.18741006767	1.10188091832	1.11339884485	1.30614600773	1.27528178347	0.933821256646	0.990450695988	1.03370876269	0.954931043983	0.725076940551	1.22269182697	0.708702643789	1.14508696955	0.742867066216	1.21783359111
AH7	0.753047491542	0.883454944418	2.43783983084	1.25832146931	1.1863059304	0.824701677139	1.15925002417	0.781239067182	0.8957619768	0.929633736104	0.873259835669	1.05145065732	0.8475039971	2.11345924601	1.02405964234	0.759017544708	0.644265770904	0.580794519091	1.7386242291	1.2382662349	0.902735606573	0.635783030449	0.708939217013	0.710055592073	1.56971023683	0.772402107298	0.654597887869	0.648182373127	0.79326680522	0.818395940068	0.0	0.297368095698	0.883819835669	0.855466167231	1.1885738666	1.04434807153	0.798464074432	0.960890502658	0.739061938134	0.968590860319	0.834047950701	1.46401576607	1.40686863219	0.938039318511	0.944851121315	0.894143934268	1.28277536008	1.04953086999	1.18162433059	1.02914049783	1.1414622378	1.16525374094	0.828502029966	0.819383233446	0.84282421943	0.807858641856	0.753761744804	1.16806913001	0.745222092798	1.03951449009	0.709016326728	1.07143499275
AH8	0.659130879652	0.725355306912	2.41635187047	1.15207804253	1.03740413726	0.632173832769	1.08963364427	0.590635998067	0.719422010633	0.795742701788	0.754828211696	0.905748786854	0.68974080232	2.07931531658	0.873818313195	0.593543881102	0.445186500725	0.372704374094	1.71723383277	1.17703865152	0.812415785404	0.513885142581	0.574172919285	0.571973827936	1.55928497342	0.69516540841	0.510511019816	0.467373832769	0.680582044466	0.734730405993	0.297368095698	0.0	0.707535732238	0.646002750121	1.14531401643	0.936773692605	0.679053842436	0.834014635089	0.564901227646	0.835618231029	0.697722329628	1.38470084582	1.3451158869	0.801498859352	0.816894064766	0.738092039633	1.17705367327	0.935004514258	1.06356269212	0.921207491542	0.998191445143	1.05518111165	0.679376022233	0.690766660222	0.710324059932	0.689120318995	0.606423692605	1.05140154664	0.58053040116	0.927608965684	0.520015355244	0.944491372644
AA5	0.883198405027	0.629539458676	2.26912040116	1.08555150314	0.9906220058	0.516746036733	1.1980719768	0.340326007733	0.240992358627	0.828923644273	0.45957781537	0.758349304012	0.630332474625	1.93895855002	0.690182281295	0.729145703238	0.499634519091	0.506447549541	1.89145119865	1.28065710005	0.936647699372	0.6812980232	0.486430343161	0.489833687772	1.8418520348	0.904754316095	0.427075500242	0.460093508942	0.633807694538	0.783556810053	0.883819835669	0.707535732238	0.0	0.224791928468	1.21995495892	0.918047162881	0.590941541808	0.624458477525	0.623558264862	0.873126645723	0.669747090382	1.20740863219	1.16683637506	0.594682054132	0.770892261962	0.613602194297	1.29852900918	1.04078962301	1.09167255679	1.07474860802	1.07553536491	1.18568761237	0.796757583374	0.859134330594	0.821835886902	0.82892421943	0.606814639923	1.17427454326	0.652889110681	1.04442765587	0.567469067182	1.04213739971
AA6	0.820132305462	0.604393359111	2.36753263896	1.11214135331	0.98287622523	0.436315529241	1.15032006767	0.351996969551	0.318195635573	0.798104726921	0.459501904302	0.757249516675	0.555057124215	2.02621761237	0.704873513775	0.657279632673	0.487419400677	0.472075920735	1.90388299178	1.28922908652	0.918204093765	0.6577060174	0.503293407443	0.489644311261	1.82662506525	0.885783537941	0.424071527308	0.426877617206	0.682664659256	0.782393281779	0.855466167231	0.646002750121	0.224791928468	0.0	1.12202811503	0.835161981634	0.518190879652	0.629532851619	0.494498709522	0.842603958434	0.5745279797	1.30124884485	1.24569793137	0.600388221363	0.597202982117	0.448513020783	1.20194537458	0.949827216046	0.99258	0.951100923151	0.986129275012	1.0799580522	0.682636674722	0.756977549541	0.733308540358	0.724167825036	0.572335161914	1.06655361527	0.618303011116	0.92876318028	0.490043808603	0.953648786854
AB5	1.09168755437	0.936709690672	2.53538842919	1.36676302078	0.786970952151	0.98502840986	1.19817716288	1.08921298212	1.20984881585	0.987307999033	1.20656633639	0.807463653939	0.990201179314	2.1985081827	1.02197113098	0.987644780087	1.25257832286	1.19295010633	1.86975551474	1.38098951667	1.28531490575	1.12663699372	1.37686840503	1.39005625423	1.69352893668	1.10074473175	1.18702450459	1.19579221846	1.25877630256	1.21909593523	1.1885738666	1.14531401643	1.21995495892	1.12202811503	0.0	0.412408753021	0.973681469309	1.0241038086	0.950708293862	0.86374937651	0.850262348961	1.52558129048	1.50191912518	0.967203228613	1.00220012566	0.985026046399	0.832908956017	0.937017448043	0.706665447076	0.755573919768	1.06354613823	0.954782890285	0.829333914935	0.906634499758	0.939475611406	0.902489531174	1.00340900918	0.872706708555	1.02666354761	0.831685959401	1.03251546158	0.943034688255
AB6	0.910171222813	0.69384298695	2.48008632673	1.21747526341	0.722276689222	0.706185321411	1.06400484292	0.793421126148	0.91680139681	0.822014451426	0.962555650072	0.564172609956	0.726908878685	2.13698456259	0.794896703722	0.74283219913	1.02364188497	0.966627017883	1.82824844369	1.27602215563	1.16506648139	0.878753267279	1.12527882069	1.13029064282	1.71210347994	0.95071897535	0.937122547124	0.93976739971	0.975812344128	0.985605596907	1.04434807153	0.936773692605	0.918047162881	0.835161981634	0.412408753021	0.0	0.770926249396	0.773067554374	0.729756495892	0.770417559207	0.608808530691	1.41011079749	1.37930744321	0.692889139681	0.770099763171	0.742848477525	0.752639149348	0.668112590623	0.534884069599	0.492016892218	0.800263359111	0.721278554857	0.614396249396	0.712683813436	0.738146075399	0.702523156114	0.747084509425	0.653722092798	0.773934253262	0.553962290962	0.79983557274	0.687321063316
AC5	0.935393412276	0.750737307878	2.61124172064	1.35878543741	0.969492924118	0.546138163364	1.26941462059	0.574708197197	0.545285770904	0.928035848236	0.466724200097	0.785687752537	0.725893948768	2.27283382794	0.913872126631	0.779610396327	0.544937791203	0.533304896085	1.98409459642	1.41014199613	1.17792426293	0.867703963267	0.625696031899	0.626435799903	1.90080754471	0.985575384244	0.520066988884	0.652930768487	0.891308037699	0.974319125181	0.798464074432	0.679053842436	0.590941541808	0.518190879652	0.973681469309	0.770926249396	0.0	0.767304243596	0.473612624456	0.889772895118	0.630568371194	1.56891542291	1.51144350411	0.766239864669	0.551880599323	0.454460652489	1.01643774287	0.746848100532	0.926133808603	0.807030923151	0.755912295795	0.844178124698	0.585489526341	0.559388632189	0.540381855969	0.599467249879	0.722759052682	0.882875002417	0.735214393427	0.783296486225	0.582650086999	0.745769458676
AC6	0.784485437409	0.488429217013	2.01009634606	0.763831884969	0.686951309811	0.629564388594	0.727067921701	0.51961017883	0.70390301595	0.460164954084	0.873625157081	0.555053185114	0.59821219913	1.66961379894	0.49032881102	0.626760633156	0.847090096665	0.80935439826	1.50462096665	0.902089246013	0.770476452392	0.648981420976	0.885052058966	0.87997962784	1.47900456742	0.695504838086	0.751875147414	0.707573127115	0.511148066699	0.503607747704	0.960890502658	0.834014635089	0.624458477525	0.629532851619	1.0241038086	0.773067554374	0.767304243596	0.0	0.698979690672	0.624018704688	0.584404079265	0.843793064282	0.790548521025	0.27373817303	0.96767142581	0.874152474625	1.13238270179	1.01283266312	0.905657539874	0.943754045433	1.12012987917	1.09979289512	0.766120439826	0.878027365877	0.902704833253	0.803367143548	0.605162542291	1.04169859836	0.654825567907	0.973322634123	0.649444983084	1.03145015466
AD6	0.736650976317	0.543487341711	2.48824913485	1.14451501692	0.844466660222	0.402870004833	1.09101857419	0.454862890285	0.575746273562	0.751906452392	0.571806839053	0.677833320445	0.503196529725	2.14502043016	0.714288656356	0.544943098115	0.535038139198	0.476356408893	1.83281491542	1.28156736104	1.0249897535	0.715369038183	0.6934680087	0.702863591107	1.73560840503	0.840765205413	0.56121900435	0.571425374577	0.791301406477	0.827588695022	0.739061938134	0.564901227646	0.623558264862	0.494498709522	0.950708293862	0.729756495892	0.473612624456	0.698979690672	0.0	0.674412663122	0.33294182697	1.43392588207	1.38350492508	0.659651232479	0.663209308845	0.566116041566	0.894613837603	0.653214673755	0.802772087965	0.674145983567	0.715644997583	0.785650333494	0.41767702755	0.470795002417	0.454534480425	0.434930662156	0.487662290962	0.770714403093	0.535389879169	0.660466491058	0.356092368294	0.658433431609
AE5	0.584047728371	0.51534217013	2.27396873852	0.951010695988	0.64771059449	0.773333832769	0.783641464476	0.705615012083	0.932288748188	0.53723221363	1.04721700822	0.613138018366	0.69398940551	1.93141927018	0.604926587724	0.50754521508	0.913697646206	0.848775442243	1.50563248913	0.984708627356	0.935436897052	0.770955659739	1.04838846303	1.04570358144	1.34866392943	0.653447776704	0.877083296278	0.825465045916	0.816449304012	0.756944944418	0.968590860319	0.835618231029	0.873126645723	0.842603958434	0.86374937651	0.770417559207	0.889772895118	0.624018704688	0.674412663122	0.0	0.409979159014	1.15315327695	1.11573967617	0.569507249879	1.11930328661	1.02757673755	0.917987641373	0.892819091348	0.772678806187	0.74552	1.03369522475	0.946752875785	0.634550947318	0.71678580957	0.809756800387	0.64109717738	0.563075930401	0.888697148381	0.580617351377	0.833160517158	0.702674881585	0.922482711455
AE6	0.595697530208	0.407724876752	2.38544435959	1.04689475592	0.689831348478	0.495266022233	0.941318902852	0.500824987917	0.654142348961	0.614170135331	0.753322073465	0.558085664572	0.451286727888	2.04254666506	0.589018003867	0.410707680039	0.71038737071	0.652398999517	1.66979611406	1.1341777622	0.98664677622	0.679563895602	0.86437442726	0.870471894635	1.57393506525	0.729805273079	0.675619072015	0.654207849203	0.74035838086	0.753352097632	0.834047950701	0.697722329628	0.669747090382	0.5745279797	0.850262348961	0.608808530691	0.630568371194	0.584404079265	0.33294182697	0.409979159014	0.0	1.2915660464	1.2389538956	0.504124282262	0.820052324795	0.743637723538	0.851603881102	0.676716752054	0.681482692122	0.593743305945	0.793152817786	0.754207066216	0.397978757854	0.48263618173	0.524705635573	0.419991648139	0.413587491542	0.725858820686	0.454027017883	0.609746771387	0.463593740938	0.70617838086
AF5	1.24622877719	1.14680490092	1.34171510391	0.570729589174	1.13747894152	1.33607092798	0.846842957951	1.21670137748	1.27950056549	0.959940686322	1.48103033349	1.16896707105	1.26199151764	1.01227621073	1.04800843886	1.23777845336	1.41396709522	1.41186730788	1.00758149348	0.698323354277	1.13081231029	1.14531348961	1.37808388594	1.37099038183	1.45273945868	1.16032688255	1.33843067666	1.24075961817	0.943218859352	0.942199478009	1.46401576607	1.38470084582	1.20740863219	1.30124884485	1.52558129048	1.41011079749	1.56891542291	0.843793064282	1.43392588207	1.15315327695	1.2915660464	0.0	0.138658308362	0.956779511841	1.67806426776	1.57196239729	1.6718481102	1.6374139536	1.49919621073	1.57897630256	1.74613781054	1.73290253746	1.45505498308	1.56410989367	1.58758133881	1.4957957419	1.21740657806	1.67228216046	1.22131376994	1.60865324311	1.33651884002	1.64865565974
AF6	1.18260925085	1.0961322378	1.37836493475	0.546008148864	1.11937632189	1.29244114548	0.767337912035	1.16653674722	1.25058611406	0.909960724988	1.44144403093	1.13917930884	1.21698000483	1.04551262446	1.0031440986	1.18536925085	1.37952171097	1.37598936684	1.010790261	0.64608359594	1.07030530208	1.0925339246	1.33661392943	1.32933449009	1.44683608507	1.10101651039	1.29844536008	1.19896757371	0.888315166747	0.878010275495	1.40686863219	1.3451158869	1.16683637506	1.24569793137	1.50191912518	1.37930744321	1.51144350411	0.790548521025	1.38350492508	1.11573967617	1.2389538956	0.138658308362	0.0	0.902893615273	1.62524640406	1.51644292895	1.6483080812	1.59379073465	1.46461561141	1.54681508458	1.69527993717	1.70059361527	1.40864916385	1.52234057516	1.54027666989	1.44967921218	1.16888989367	1.63959642823	1.17557859352	1.57525465442	1.29662959884	1.6182258869
AG5	0.718139888835	0.395269178347	2.09529521508	0.807438883519	0.601244533591	0.562237351377	0.776126839053	0.475759072015	0.656514374094	0.463666771387	0.819182131464	0.458259942001	0.50848979217	1.75570710005	0.441890985984	0.546819695505	0.825882798453	0.771187989367	1.53286018366	0.929865949734	0.757486921218	0.633759671339	0.89341661189	0.878334775254	1.45820114548	0.675397704205	0.739911261479	0.700350555824	0.506567042049	0.497902015466	0.938039318511	0.801498859352	0.594682054132	0.600388221363	0.967203228613	0.692889139681	0.766239864669	0.27373817303	0.659651232479	0.569507249879	0.504124282262	0.956779511841	0.902893615273	0.0	0.942394693088	0.845249516675	1.06626040116	0.933685268246	0.838062759787	0.847815321411	1.06607893668	1.01104919285	0.661477046883	0.770571696472	0.839600309328	0.70290661189	0.555587936201	0.96139020783	0.593582561624	0.888566423393	0.618404277429	0.968988714355
