	AA3	AA4	AB3	AB4	AC3	AC4	AD3	AD4	AE3	AE4	AF3	AF4	AG3	AG4	AH3	AH4	AA7	AA8	AB7	AB8	AC7	AC8	AD7	AD8	AE7	AE8	AF7	AF8	AG7	AG8	AH7	AH8	AA5	AA6	AB5	AB6	AC5	AC6	AD6	AE5	AE6	AF5	AF6	AG5	AH5	AH6	AA1	AA2	AB1	AB2	AC1	AC2	AD1	AD2	AE1	AE2	AF1	AF2	AG1	AG2	AH1	AH2
AA3	0.0	0.513488695022	2.24295652489	0.95291659739	0.79406560174	0.748046810053	0.843868849686	0.742768699855	0.880519859836	0.647289076849	0.963060231996	0.744464683422	0.697838656356	1.89685512808	0.721607075882	0.224953968101	0.78388221363	0.775614775254	1.46586233929	1.04325145481	0.807028608023	0.639783948768	0.882273441276	0.892555239246	1.37858896568	0.585051227646	0.772374997583	0.607396442726	0.709931309812	0.658854925085	0.744377868536	0.675946447559	0.839787960367	0.853277143548	1.07901902852	0.875099826003	0.973426872885	0.779182208797	0.770603412276	0.581505906235	0.59511279362	1.25073168197	1.17197287095	0.683652141131	1.09147332044	1.05715447559	0.978060492992	0.91485619623	0.917022783954	0.856871164814	1.04163287579	0.960633499275	0.623881880135	0.751549743838	0.77180178347	0.657737452876	0.515270831319	0.896351478975	0.471824214596	0.890098032866	0.654648936684	0.912934847753
AA4	0.513488695022	0.0	2.21051972934	0.880289642339	0.573364059932	0.566567839536	0.82909419043	0.478453808603	0.679906640889	0.553776747221	0.838926945384	0.485953175447	0.433859966167	1.86798014016	0.252578032866	0.350421822136	0.653007738038	0.68159961334	1.5337718173	1.02419085065	0.856010749154	0.667383924601	0.875228371194	0.820841556307	1.48587116481	0.605865239246	0.677367742871	0.577362218463	0.607028878685	0.652316118898	0.866498907685	0.754324499758	0.611529724505	0.644057612373	0.953077312711	0.690541735138	0.806170057999	0.499914325761	0.613276892218	0.50791677622	0.430066447559	1.16659866602	1.06928096665	0.447577288545	0.945517820203	0.90018060899	0.937920700822	0.797397109715	0.763184200097	0.782365920735	0.947451266312	0.88787781537	0.579475514741	0.686816370227	0.683691686805	0.625085142581	0.448290700822	0.847621701305	0.434736466892	0.782321923635	0.488491164814	0.804030956984
AB3	2.24295652489	2.21051972934	0.0	1.462109797	2.18770257129	2.3928937941	1.91761394877	2.29187321895	2.3597939971	2.07610971	2.52721048333	2.31918422426	2.32072522475	0.38562222813	2.15202267279	2.27173458192	2.45902480909	2.4953761044	1.13795146931	1.49356775737	1.97128576124	2.16832490092	2.40710503625	2.39916420493	1.90077328178	2.21429522475	2.38391058482	2.2590198405	1.92075342194	1.80598518608	2.43934831319	2.44889845819	2.26426262929	2.37349927501	2.54024351861	2.47912231513	2.63356020783	1.98120266796	2.53727486225	2.27849153697	2.39213083615	1.29750554857	1.37300727888	2.08816462542	2.72574875302	2.66376394393	2.67342225713	2.65460860319	2.50346144514	2.61474960367	2.7621640841	2.71519302078	2.53970297728	2.62647655389	2.61879739004	2.5815338231	2.32538490092	2.64799287579	2.27359043499	2.63332463026	2.40106732721	2.65334823103
AB4	0.95291659739	0.880289642339	1.462109797	0.0	0.934271043983	1.05853956017	0.766578100532	0.996474896085	1.131070087	0.787529270179	1.25085246979	1.02072625906	0.889448767521	1.10356286129	0.828380405993	0.945594876752	1.14778464959	1.18860251812	1.02985640406	0.565632489125	0.893464151764	0.940995538908	1.15612201547	1.14417947318	1.28447932818	0.958308733688	1.13976942968	0.98497557274	0.68382979217	0.561967887869	1.25405777187	1.19236443693	1.03621235863	1.12942922668	1.38601706622	1.26075244079	1.40243839536	0.759493673272	1.20550638956	0.978054451426	1.06955489125	0.600903156114	0.521318419526	0.824642580957	1.47615855969	1.41759042533	1.46223935234	1.38481015466	1.29093838569	1.36982880619	1.52686818753	1.46953093765	1.22898544708	1.32277746738	1.33423863219	1.27666115515	1.04070304978	1.41556695505	0.985704610923	1.38070397777	1.077669884	1.39221256646
AC3	0.79406560174	0.573364059932	2.18770257129	0.934271043983	0.0	0.696438753021	0.818975331078	0.80045337361	0.933225993233	0.634597887869	1.063790174	0.33606882552	0.769205340744	1.84777756887	0.609391768971	0.699705621073	0.93726662639	0.95976442726	1.44689310295	1.00348513775	1.02118354761	0.976699294345	1.23369187047	1.16312943451	1.31042670855	0.791193542774	1.01649459642	0.925972281295	0.834135703238	0.821947496375	1.12585030449	1.02423435959	0.942350652489	0.926040792653	0.821493542774	0.735175480909	1.00595221363	0.677594741421	0.825419772837	0.595035065249	0.613633523441	1.16606036733	1.08739842436	0.603066365394	1.15374582407	1.11602072499	0.883296109232	0.920773871435	0.723584760754	0.818388260029	1.05217873852	0.95778481392	0.699171657806	0.840792580957	0.863971483809	0.759252092798	0.775818105365	0.855793542774	0.74835237796	0.873373968101	0.815111271145	0.906174610923
AC4	0.748046810053	0.566567839536	2.3928937941	1.05853956017	0.696438753021	0.0	1.09268118898	0.371365456742	0.462219313678	0.810503832769	0.428097288545	0.533229753504	0.441851884969	2.04974188014	0.65411378927	0.654883639439	0.547932145964	0.530376510391	1.8095458434	1.29048442243	0.935839168681	0.644324572257	0.692608883519	0.632199207347	1.70676712421	0.719040831319	0.548667878202	0.52968720638	0.658867090382	0.786186694055	0.817837738038	0.660361242146	0.516593484775	0.420646892218	0.98191261479	0.691902141131	0.584930318995	0.633029734171	0.420566230063	0.742911565974	0.500355224746	1.36445435476	1.27624543258	0.582234755921	0.678874504592	0.612905886902	1.01023937651	0.780254441759	0.827436495892	0.815633122281	0.850241242146	0.909525123248	0.544170478492	0.642866713388	0.652872498792	0.601177631706	0.573978057032	0.913046031899	0.676882875785	0.765452643789	0.410528951184	0.796222141131
AD3	0.843868849686	0.82909419043	1.91761394877	0.766578100532	0.818975331078	1.09268118898	0.0	0.997903030449	1.26900007733	0.389059105848	1.36406139681	0.919123963267	1.04147388594	1.57417757854	0.792141793137	0.858353798937	1.18645435959	1.1752782117	1.3058202465	0.832605901402	0.878975418076	0.926038878685	1.289579768	1.29338304495	1.21563565974	0.868469946834	1.1708322378	1.00001740454	0.864919608507	0.74049257129	1.15572831319	1.1199377912	1.15823761237	1.1781077042	1.17024959884	1.06581171097	1.28492621073	0.721889811503	1.1669482117	0.765658651522	0.906355012083	0.835992305462	0.784793552441	0.72819760754	1.41687895118	1.38648636056	1.31765857419	1.3080637216	1.12110080715	1.19244577574	1.44778165781	1.36397188014	1.10106145964	1.22478925568	1.24214974384	1.1309961334	0.952474403093	1.25316957951	0.882740381827	1.20858130498	1.10582054132	1.27455179797
AD4	0.742768699855	0.478453808603	2.29187321895	0.996474896085	0.80045337361	0.371365456742	0.997903030449	0.0	0.307100536491	0.666587307878	0.518689347511	0.674616089898	0.463483731271	1.94809521508	0.564393745771	0.611486476559	0.488615234413	0.494185418076	1.78834214596	1.26343583374	0.860174340261	0.550440362494	0.563997346544	0.509862866119	1.72438487675	0.718300159497	0.444958941518	0.432965896568	0.548811841469	0.720370865152	0.783605911068	0.59343521508	0.298241039149	0.354482054132	1.10159340261	0.79808138231	0.608320444659	0.529263745771	0.465910903818	0.733413726438	0.545636872885	1.25006734171	1.15448235379	0.523955360077	0.701143885935	0.639408994683	1.12634174964	0.889343832769	0.965477448043	0.942147694538	0.954980347994	1.02580149348	0.660422672789	0.720100541324	0.706196012566	0.7147559739	0.510113325278	1.03553544224	0.631215418076	0.881481029483	0.442423968101	0.905211155147
AE3	0.880519859836	0.679906640889	2.3597939971	1.131070087	0.933225993233	0.462219313678	1.26900007733	0.307100536491	0.0	0.934914852586	0.380914678589	0.804818840019	0.59653099565	2.02337286129	0.738855384244	0.80181099565	0.532063765104	0.56532019333	1.95996105848	1.44923390527	1.0201338231	0.732995224746	0.497053243113	0.443685384244	1.91913977767	0.906582232963	0.47613579507	0.580320797487	0.713502237796	0.899847496375	0.907501420976	0.729513711938	0.302489569841	0.327982203963	1.20118370227	0.907057143548	0.564708472692	0.729746669889	0.534275529241	0.959031063316	0.684911561141	1.35531748671	1.26098810053	0.729004934751	0.743041541808	0.617379139681	1.21629934751	0.96282882552	1.08055520058	1.04984555341	1.02472368777	1.12208777187	0.756367597873	0.819502759787	0.787570652489	0.816008912518	0.692291213146	1.14099221846	0.824645244079	0.988826341228	0.584211464476	0.995109333011
AE4	0.647289076849	0.553776747221	2.07610971	0.787529270179	0.634597887869	0.810503832769	0.389059105848	0.666587307878	0.934914852586	0.0	1.07141178347	0.690571053649	0.754841546641	1.73197927501	0.55208702755	0.603783750604	0.903262977284	0.897675084582	1.45119455776	0.931374857419	0.746467738038	0.709020420493	0.985726810053	0.980560894152	1.32159057999	0.631683175447	0.856292706622	0.69730840986	0.580265306912	0.554033562107	0.935831362977	0.850090497825	0.835501145481	0.870688956017	0.990446568391	0.856434084099	0.983199893668	0.519877820203	0.874541343644	0.536882706622	0.644562643789	0.978845814403	0.887611894635	0.455812962784	1.12508211696	1.09452521508	1.10141735138	1.08971127598	0.923887665539	0.991939671339	1.23532102465	1.14143445626	0.86533979217	0.95512118898	0.983124954084	0.887417211213	0.683610918318	1.04652644273	0.623723895602	1.01026032383	0.808472977284	1.06282893185
AF3	0.963060231996	0.838926945384	2.52721048333	1.25085246979	1.063790174	0.428097288545	1.36406139681	0.518689347511	0.380914678589	1.07141178347	0.0	0.908594272595	0.6961499855	2.18638425326	0.911947153214	0.90355701305	0.514227327211	0.497648298695	2.04346355727	1.52269936201	1.08660903335	0.823356988884	0.406146636056	0.353161135814	2.00489740454	0.994547032383	0.501591585307	0.70649958434	0.837518308362	0.984590256162	0.849285466409	0.69608260029	0.511631691638	0.449839357177	1.22162832769	0.970132556791	0.497897873369	0.856979028516	0.52140921218	1.02648706622	0.765764122765	1.5275459304	1.44447456259	0.844751068149	0.691290169164	0.566404548091	1.22953061382	0.979956718221	1.16264638956	1.06527244079	1.02808532624	1.09009527791	0.781700865152	0.794155959401	0.797308434026	0.764824905752	0.820949352344	1.13002961334	0.939597303045	1.00566686805	0.593944132431	0.992280473659
AF4	0.744464683422	0.485953175447	2.31918422426	1.02072625906	0.33606882552	0.533229753504	0.919123963267	0.674616089898	0.804818840019	0.690571053649	0.908594272595	0.0	0.639122102465	1.97571742388	0.556370715321	0.627921184147	0.836066278395	0.840281749638	1.62926636539	1.1234480957	1.00534935718	0.856953571774	1.11670104398	1.04419711938	1.46536851619	0.677316065732	0.901561053649	0.81473118898	0.804336176897	0.801873489609	1.03236043499	0.945705340744	0.823964166264	0.790639062349	0.750281594973	0.512198496858	0.77778161914	0.650959478009	0.713924441759	0.591019337844	0.515416027066	1.26740241663	1.18521951667	0.566264364427	0.904688801353	0.861478521025	0.761127883035	0.722020869985	0.561447718705	0.620157462542	0.865157539874	0.785876636056	0.559000405993	0.650576128565	0.68987637506	0.652649772837	0.683097680039	0.700253059449	0.668261222813	0.659014857419	0.697351184147	0.704924441759
AG3	0.697838656356	0.433859966167	2.32072522475	0.889448767521	0.769205340744	0.441851884969	1.04147388594	0.463483731271	0.59653099565	0.754841546641	0.6961499855	0.639122102465	0.0	1.96215337844	0.481721121315	0.577002812953	0.517928545191	0.534720062832	1.73306091832	1.21951374577	0.93506579507	0.615978303528	0.73089517158	0.704812909618	1.62139327695	0.69827882552	0.563956360561	0.520694335428	0.651824765587	0.750313649106	0.827727167714	0.69994879652	0.562572890285	0.537919086515	1.02888817303	0.74364918318	0.744416500725	0.617758197197	0.55110237796	0.695179642339	0.513829159014	1.30263095698	1.21065180764	0.585451087482	0.857644514258	0.812836979217	1.00086053166	0.756547989367	0.854381846303	0.834289917835	0.910056568391	0.904726752054	0.556557694538	0.667072083132	0.683833025616	0.614610869985	0.466926897052	0.92819578057	0.549871957467	0.797020758821	0.38968438376	0.772776239729
AG4	1.89685512808	1.86798014016	0.38562222813	1.10356286129	1.84777756887	2.04974188014	1.57417757854	1.94809521508	2.02337286129	1.73197927501	2.18638425326	1.97571742388	1.96215337844	0.0	1.81521939101	1.9249279942	2.12411305945	2.15868300145	0.874334519091	1.16192500725	1.63694039149	1.83203663122	2.07438496375	2.06427599323	1.62873334461	1.87808621073	2.04867706622	1.92178113098	1.58567390043	1.46519451909	2.11690413243	2.11351529241	1.92724182214	2.03135733688	2.20750946834	2.1382299275	2.29044038666	1.64255632189	2.19269111648	1.93348458192	2.04609815853	0.970793914935	1.03697916385	1.74559419043	2.38545729338	2.32395408893	2.32950516191	2.31270509908	2.15936586757	2.26613776704	2.42359039149	2.37212686805	2.19784954567	2.28290387627	2.28060862736	2.23888685839	1.98535883519	2.30625466892	1.93392144031	2.28787465926	2.0615180522	2.31235158047
AH3	0.721607075882	0.252578032866	2.15202267279	0.828380405993	0.609391768971	0.65411378927	0.792141793137	0.564393745771	0.738855384244	0.55208702755	0.911947153214	0.556370715321	0.481721121315	1.81521939101	0.0	0.560036800387	0.739608313195	0.768862711455	1.55209762204	1.04387706138	0.872061638473	0.750595326245	0.942163823103	0.911084325761	1.47600905268	0.697904857419	0.754330444659	0.679917148381	0.646500048333	0.65812019333	0.998473431609	0.885854374094	0.663328540358	0.711705543741	0.993648095698	0.767499439343	0.891672044466	0.497312638956	0.728140647656	0.58038857419	0.530569884002	1.08939268729	0.990913073949	0.460076916385	1.03383042049	0.98840858869	1.00595188014	0.877457336878	0.824519555341	0.878696578057	1.02490000967	0.984671720638	0.722882518125	0.819500396327	0.80226961334	0.773398390527	0.579172861286	0.927340159497	0.562963267279	0.86664219913	0.621619734171	0.880295563074
AH4	0.224953968101	0.350421822136	2.27173458192	0.945594876752	0.699705621073	0.654883639439	0.858353798937	0.611486476559	0.80181099565	0.603783750604	0.90355701305	0.627921184147	0.577002812953	1.9249279942	0.560036800387	0.0	0.683548999517	0.679018129531	1.4925478202	1.03678265829	0.846695577574	0.627991314645	0.836785814403	0.807252252296	1.40617702755	0.527186558724	0.670170666989	0.536618521025	0.651572324795	0.669036858386	0.760787699372	0.63718160464	0.728995471242	0.743048028033	1.00522639439	0.760000492992	0.875552189464	0.672001348478	0.688510391493	0.503734944418	0.483781609473	1.25759009667	1.16341933784	0.57847178347	0.998780705655	0.965584915418	0.929455166747	0.836025137748	0.837683798937	0.766330381827	0.972088496858	0.883720662156	0.542732938618	0.679725113581	0.695481261479	0.593801609473	0.399361106815	0.83900618173	0.378688661189	0.790609130014	0.560180642823	0.824618076365
AA7	0.78388221363	0.653007738038	2.45902480909	1.14778464959	0.93726662639	0.547932145964	1.18645435959	0.488615234413	0.532063765104	0.903262977284	0.514227327211	0.836066278395	0.517928545191	2.12411305945	0.739608313195	0.683548999517	0.0	0.144246529725	1.82355739971	1.33409374577	1.00355940551	0.65026637506	0.467378709522	0.471979473175	1.75665359594	0.774750869985	0.344986752054	0.450734064766	0.729493823103	0.870671271145	0.652942682455	0.423042967617	0.454670318995	0.494438864186	1.20684942968	0.950380831319	0.571649782504	0.834158013533	0.483787704205	0.876506534558	0.718699047849	1.45593387627	1.37324017883	0.799433107782	0.774510198163	0.690223136781	1.09921172547	0.851331701305	1.09183028516	0.994428728855	0.903319942001	0.983218400193	0.684068550024	0.688791367811	0.67672698405	0.688263842436	0.533475548574	1.00185581924	0.629112643789	0.955476602223	0.464393354277	0.877766041566
AA8	0.775614775254	0.68159961334	2.4953761044	1.18860251812	0.95976442726	0.530376510391	1.1752782117	0.494185418076	0.56532019333	0.897675084582	0.497648298695	0.840281749638	0.534720062832	2.15868300145	0.768862711455	0.679018129531	0.144246529725	0.0	1.85024483809	1.342309826	0.964958366361	0.610979478009	0.484505219913	0.483745722571	1.73917154181	0.756829966167	0.341880695988	0.43026659739	0.739497085549	0.865643204447	0.597355717738	0.367491391977	0.495249946834	0.495386834219	1.17914463026	0.926763504108	0.543259975834	0.840935563074	0.491889159014	0.867011691638	0.710971483809	1.49680839053	1.41093854036	0.774504248429	0.710724258096	0.642530236829	1.1091822668	0.865505896568	1.07575559691	0.974636737554	0.902631681972	0.975237631706	0.664598801353	0.671549990333	0.670881005317	0.647841314645	0.554573011116	1.01327505075	0.648430889319	0.935370188497	0.457077873369	0.883656940551
AB7	1.46586233929	1.5337718173	1.13795146931	1.02985640406	1.44689310295	1.8095458434	1.3058202465	1.78834214596	1.95996105848	1.45119455776	2.04346355727	1.62926636539	1.73306091832	0.874334519091	1.55209762204	1.4925478202	1.82355739971	1.85024483809	0.0	0.586071889802	1.50287607057	1.58975234896	1.94360014016	1.93832218946	1.09580246013	1.4839580232	1.83041879652	1.64599336878	1.37001547608	1.21088440793	1.732489942	1.7380917448	1.83616312711	1.91529102465	1.86334652006	1.82243768971	2.00702678589	1.47854504108	1.88665630739	1.50137076849	1.6695261044	0.961214572257	0.993096640889	1.52129646206	2.15387840503	2.11001407927	1.95390512325	1.97532901402	1.80366730788	1.86762127598	2.08138562591	2.00798518608	1.80784712905	1.89550321895	1.89373440793	1.83732787337	1.64678705172	1.92690912035	1.58041817303	1.9111480957	1.77247378927	1.95044082165
AB8	1.04325145481	1.02419085065	1.49356775737	0.565632489125	1.00348513775	1.29048442243	0.832605901402	1.26343583374	1.44923390527	0.931374857419	1.52269936201	1.1234480957	1.21951374577	1.16192500725	1.04387706138	1.03678265829	1.33409374577	1.342309826	0.586071889802	0.0	1.03668817303	1.09168772837	1.41890259546	1.41136075882	1.10660779604	0.989816273562	1.30346832769	1.11269739004	0.822983702272	0.695434896085	1.27498389077	1.26520681489	1.32341627356	1.38605969551	1.3834021508	1.31356480425	1.48132780087	0.953871159981	1.38730112131	1.02364164331	1.17808362011	0.721760420493	0.68912659739	0.98913502175	1.63819606573	1.58653964717	1.53575630739	1.50959949251	1.35191675205	1.38790860319	1.62365149348	1.55928797003	1.34872562107	1.43000347994	1.43003732721	1.37137283229	1.15864143548	1.48261165297	1.10490740454	1.43374299178	1.25055891252	1.48176237796
AC7	0.807028608023	0.856010749154	1.97128576124	0.893464151764	1.02118354761	0.935839168681	0.878975418076	0.860174340261	1.0201338231	0.746467738038	1.08660903335	1.00534935718	0.93506579507	1.63694039149	0.872061638473	0.846695577574	1.00355940551	0.964958366361	1.50287607057	1.03668817303	0.0	0.459172962784	0.983702658289	0.98886318028	1.40973639439	0.74478558724	0.9366820203	0.756002837119	0.591387960367	0.558271043983	0.863724146931	0.828441435476	0.907254954084	0.957312208797	1.27604263896	1.15536294345	1.19211691155	0.798176713388	1.07533182697	0.940192967617	0.98377341711	1.157480029	1.11301126148	0.734929159014	1.10927893185	1.08801458676	1.47255889319	1.40313549541	1.23581646689	1.27713538424	1.5333597245	1.46861596907	1.10414275495	1.23433922185	1.25070029	1.14401549541	0.935664079265	1.39798090865	0.890717336878	1.28306123731	0.934776848719	1.39278960367
AC8	0.639783948768	0.667383924601	2.16832490092	0.940995538908	0.976699294345	0.644324572257	0.926038878685	0.550440362494	0.732995224746	0.709020420493	0.823356988884	0.856953571774	0.615978303528	1.83203663122	0.750595326245	0.627991314645	0.65026637506	0.610979478009	1.58975234896	1.09168772837	0.459172962784	0.0	0.672421768971	0.702531483809	1.51157825036	0.601801971967	0.530601817303	0.346445688739	0.485574910585	0.572547390043	0.615877950701	0.518304644756	0.599537167714	0.655052556791	1.18108405027	0.892073711938	0.864095751571	0.717411416143	0.764641541808	0.814062315128	0.725827588207	1.194979884	1.13523392943	0.660448550024	0.897626520058	0.860337225713	1.29818562107	1.07094066699	1.08193699855	1.05677497825	1.20074564041	1.18472479459	0.794640444659	0.907788144031	0.925801459642	0.841303992267	0.58454699855	1.19211507975	0.627453286612	1.00818203963	0.606963054616	1.07102605607
AD7	0.882273441276	0.875228371194	2.40710503625	1.15612201547	1.23369187047	0.692608883519	1.289579768	0.563997346544	0.497053243113	0.985726810053	0.406146636056	1.11670104398	0.73089517158	2.07438496375	0.942163823103	0.836785814403	0.467378709522	0.484505219913	1.94360014016	1.41890259546	0.983702658289	0.672421768971	0.0	0.161293030449	1.9024039536	0.886553107782	0.414302203963	0.5318419768	0.712362150797	0.876740739488	0.741599884002	0.57092737071	0.480241227646	0.540110942484	1.39799880135	1.13993185597	0.66215118898	0.904814393427	0.667577037216	1.07984219913	0.934432469792	1.41699787337	1.32841158047	0.908055567907	0.837686916385	0.727134403093	1.36267340261	1.11427311745	1.32579845819	1.23489680522	1.15648305945	1.24706018366	0.934074567424	0.936989845336	0.912896993717	0.938299893668	0.741554345094	1.2774742871	0.825261387144	1.17644982117	0.65125101015	1.13539586757
AD8	0.892555239246	0.820841556307	2.39916420493	1.14417947318	1.16312943451	0.632199207347	1.29338304495	0.509862866119	0.443685384244	0.980560894152	0.353161135814	1.04419711938	0.704812909618	2.06427599323	0.911084325761	0.807252252296	0.471979473175	0.483745722571	1.93832218946	1.41136075882	0.98886318028	0.702531483809	0.161293030449	0.0	1.86708086999	0.827187713871	0.397853165781	0.553616051232	0.701444364427	0.869512194297	0.757419023683	0.609078245529	0.451106988884	0.51109817303	1.3580477042	1.09074447076	0.632819260512	0.850767017883	0.630033856936	1.01487414693	0.876083673272	1.4119561044	1.32087969067	0.846867254712	0.80979462059	0.691029163847	1.32917082165	1.08539120348	1.26878964234	1.18654386177	1.13238176414	1.21925583374	0.891898859352	0.903805099082	0.884412498792	0.906002126631	0.747890961817	1.24319851136	0.862040613823	1.12493942001	0.609552344128	1.10558055582
AE7	1.37858896568	1.48587116481	1.90077328178	1.28447932818	1.31042670855	1.70676712421	1.21563565974	1.72438487675	1.91913977767	1.32159057999	2.00489740454	1.46536851619	1.62139327695	1.62873334461	1.47600905268	1.40617702755	1.75665359594	1.73917154181	1.09580246013	1.10660779604	1.40973639439	1.51157825036	1.9024039536	1.86708086999	0.0	1.07370927018	1.79042056066	1.58959625423	1.38837096665	1.27869240696	1.57147574674	1.61804482842	1.81219433543	1.86015276945	1.69346644756	1.71337117931	1.95126508942	1.50525820203	1.83507917351	1.36108332044	1.59009743838	1.45555076849	1.43440683422	1.45153265829	2.02023103432	1.99056057032	1.73680069116	1.83302247463	1.59641440793	1.65448787337	1.96217435959	1.81608347994	1.66118835186	1.75609255196	1.76537770904	1.65452410826	1.59687542774	1.71854055099	1.49968702272	1.74040999517	1.70024839053	1.79643417593
AE8	0.585051227646	0.605865239246	2.21429522475	0.958308733688	0.791193542774	0.719040831319	0.868469946834	0.718300159497	0.906582232963	0.631683175447	0.994547032383	0.677316065732	0.69827882552	1.87808621073	0.697904857419	0.527186558724	0.774750869985	0.756829966167	1.4839580232	0.989816273562	0.74478558724	0.601801971967	0.886553107782	0.827187713871	1.07370927018	0.0	0.776353127115	0.60517038666	0.635103977767	0.620874765587	0.712626379894	0.692558873852	0.82697098115	0.841757612373	1.06809773804	0.861481754471	0.948136486225	0.710714432093	0.858652909618	0.637128927018	0.669285741904	1.24268096665	1.15423716771	0.633642547124	1.04724934268	1.01188434026	1.09661783954	1.01570646689	0.907494900918	0.91599417593	1.15561610923	1.10664640889	0.812493272112	0.883096824553	0.901626602223	0.815627868536	0.684429038183	1.03620419526	0.656841696472	0.930574103432	0.716842667956	1.0079817158
AF7	0.772374997583	0.677367742871	2.38391058482	1.13976942968	1.01649459642	0.548667878202	1.1708322378	0.444958941518	0.47613579507	0.856292706622	0.501591585307	0.901561053649	0.563956360561	2.04867706622	0.754330444659	0.670170666989	0.344986752054	0.341880695988	1.83041879652	1.30346832769	0.9366820203	0.530601817303	0.414302203963	0.397853165781	1.79042056066	0.776353127115	0.0	0.284917249879	0.653085273079	0.81166521508	0.659755505075	0.504692812953	0.418779178347	0.443271058482	1.1684657999	0.891030125665	0.538146578057	0.761515302078	0.515913363944	0.881760681489	0.70055759304	1.40524927018	1.30852607057	0.738079908168	0.746956167231	0.660766099565	1.17410939101	0.935238579024	1.10156536974	1.0201837651	0.984441609473	1.05938456259	0.712383586274	0.762569526341	0.753119139681	0.755389840503	0.547960019333	1.07293239246	0.664160797487	0.956207133881	0.453798366361	0.951631623973
AF8	0.607396442726	0.577362218463	2.2590198405	0.98497557274	0.925972281295	0.52968720638	1.00001740454	0.432965896568	0.580320797487	0.69730840986	0.70649958434	0.81473118898	0.520694335428	1.92178113098	0.679917148381	0.536618521025	0.450734064766	0.43026659739	1.64599336878	1.11269739004	0.756002837119	0.346445688739	0.5318419768	0.553616051232	1.58959625423	0.60517038666	0.284917249879	0.0	0.501719333011	0.648304108265	0.614227187047	0.434860299662	0.48728662639	0.522295461576	1.14239341228	0.85419081682	0.693127298212	0.704839666506	0.546774142098	0.76487222813	0.630612426293	1.27623872885	1.17912055582	0.67020757854	0.851140318995	0.802172310295	1.15631268246	0.917889700338	1.02280239729	0.993073649106	0.973869956501	1.04135944418	0.688933537941	0.749775727405	0.751293779604	0.742912783954	0.456947341711	1.05148840503	0.530565838569	0.93739019333	0.435363397777	0.928817960367
AG7	0.709931309812	0.607028878685	1.92075342194	0.68382979217	0.834135703238	0.658867090382	0.864919608507	0.548811841469	0.713502237796	0.580265306912	0.837518308362	0.804336176897	0.651824765587	1.58567390043	0.646500048333	0.651572324795	0.729493823103	0.739497085549	1.37001547608	0.822983702272	0.591387960367	0.485574910585	0.712362150797	0.701444364427	1.38837096665	0.635103977767	0.653085273079	0.501719333011	0.0	0.271056539391	0.806308608023	0.716007443209	0.602964364427	0.716955181247	1.21725481392	0.915444040599	0.891167955534	0.490188124698	0.795644253262	0.781997631706	0.739316466892	1.00231291928	0.901030889319	0.470649995167	1.01967819236	0.961336486225	1.27599430643	1.07474262446	1.13376814886	1.11572990817	1.20336982117	1.19050844369	0.877455442243	0.96036641856	0.971047022716	0.906225128081	0.667431478975	1.19341669889	0.670423924601	1.05875347028	0.699142073465	1.07977606573
AG8	0.658854925085	0.652316118898	1.80598518608	0.561967887869	0.821947496375	0.786186694055	0.74049257129	0.720370865152	0.899847496375	0.554033562107	0.984590256162	0.801873489609	0.750313649106	1.46519451909	0.65812019333	0.669036858386	0.870671271145	0.865643204447	1.21088440793	0.695434896085	0.558271043983	0.572547390043	0.876740739488	0.869512194297	1.27869240696	0.620874765587	0.81166521508	0.648304108265	0.271056539391	0.0	0.882640478492	0.830970874819	0.791601358144	0.844481222813	1.21916505075	1.0067682552	1.06026256162	0.502047351377	0.92438262929	0.763559903335	0.795973924601	0.905350647656	0.813527303045	0.520322542291	1.13997278879	1.09974043016	1.29144902852	1.20698937168	1.11146076365	1.16563262446	1.33531913968	1.28792525375	0.980856727888	1.04860173997	1.06906198647	0.999419096182	0.774605050749	1.22685003867	0.735744069599	1.15589878685	0.799136553891	1.20522287095
AH7	0.744377868536	0.866498907685	2.43934831319	1.25405777187	1.12585030449	0.817837738038	1.15572831319	0.783605911068	0.907501420976	0.935831362977	0.849285466409	1.03236043499	0.827727167714	2.11690413243	0.998473431609	0.760787699372	0.652942682455	0.597355717738	1.732489942	1.27498389077	0.863724146931	0.615877950701	0.741599884002	0.757419023683	1.57147574674	0.712626379894	0.659755505075	0.614227187047	0.806308608023	0.882640478492	0.0	0.29739378927	0.873158704688	0.889722232963	1.17977702272	1.00561840019	0.849618651522	0.990153020783	0.808801822136	0.959182334461	0.868275804737	1.48259983567	1.41142798453	0.92857840986	0.937867409377	0.92364138231	1.26032608507	1.0501060609	1.18832142581	1.03823729821	1.13468468342	1.14343505075	0.842691967134	0.842818148864	0.855679246013	0.81075737071	0.751804465926	1.17466384727	0.793094804253	1.01380592557	0.707663943934	1.05010481875
AH8	0.675946447559	0.754324499758	2.44889845819	1.19236443693	1.02423435959	0.660361242146	1.1199377912	0.59343521508	0.729513711938	0.850090497825	0.69608260029	0.945705340744	0.69994879652	2.11351529241	0.885854374094	0.63718160464	0.423042967617	0.367491391977	1.7380917448	1.26520681489	0.828441435476	0.518304644756	0.57092737071	0.609078245529	1.61804482842	0.692558873852	0.504692812953	0.434860299662	0.716007443209	0.830970874819	0.29739378927	0.0	0.692843214113	0.697542682455	1.17027652489	0.945586892218	0.707677138714	0.910010686322	0.610830246496	0.879111551474	0.765269081682	1.45490690672	1.3800817158	0.836990604157	0.787043170614	0.774756437893	1.16223807637	0.944976244563	1.11179529241	0.962854673755	0.97449961334	1.04938714838	0.709334891252	0.727791348478	0.728725244079	0.696974804253	0.608763562107	1.07376464476	0.661118724021	0.934266094732	0.552403330111	0.950236123731
AA5	0.839787960367	0.611529724505	2.26426262929	1.03621235863	0.942350652489	0.516593484775	1.15823761237	0.298241039149	0.302489569841	0.835501145481	0.511631691638	0.823964166264	0.562572890285	1.92724182214	0.663328540358	0.728995471242	0.454670318995	0.495249946834	1.83616312711	1.32341627356	0.907254954084	0.599537167714	0.480241227646	0.451106988884	1.81219433543	0.82697098115	0.418779178347	0.48728662639	0.602964364427	0.791601358144	0.873158704688	0.692843214113	0.0	0.269372527791	1.23695322378	0.928377723538	0.661884635089	0.600093407443	0.603279531174	0.833014166264	0.703970149831	1.2275757854	1.12777957467	0.608704248429	0.787282073465	0.678077380377	1.27929940551	1.03643797003	1.12421446593	1.12003137264	1.09521523925	1.18541124215	0.803106563557	0.879481657806	0.8470840116	0.868692460126	0.556274538424	1.19147275979	0.670981880135	1.05646926051	0.563358163364	1.05853985017
AA6	0.853277143548	0.644057612373	2.37349927501	1.12942922668	0.926040792653	0.420646892218	1.1781077042	0.354482054132	0.327982203963	0.870688956017	0.449839357177	0.790639062349	0.537919086515	2.03135733688	0.711705543741	0.743048028033	0.494438864186	0.495386834219	1.91529102465	1.38605969551	0.957312208797	0.655052556791	0.540110942484	0.51109817303	1.86015276945	0.841757612373	0.443271058482	0.522295461576	0.716955181247	0.844481222813	0.889722232963	0.697542682455	0.269372527791	0.0	1.10787911068	0.809322866119	0.548860304495	0.650155524408	0.514035113581	0.867805041083	0.599459748671	1.34468025133	1.24338693088	0.659743852102	0.591173673272	0.475308351861	1.16949131464	0.933380164331	1.00385195263	0.969302179797	0.997053837603	1.0625217013	0.678442551957	0.761679676172	0.740398279362	0.733888844853	0.597103344611	1.06428826486	0.716395964234	0.914274470759	0.517533243113	0.944905456742
AB5	1.07901902852	0.953077312711	2.54024351861	1.38601706622	0.821493542774	0.98191261479	1.17024959884	1.10159340261	1.20118370227	0.990446568391	1.22162832769	0.750281594973	1.02888817303	2.20750946834	0.993648095698	1.00522639439	1.20684942968	1.17914463026	1.86334652006	1.3834021508	1.27604263896	1.18108405027	1.39799880135	1.3580477042	1.69346644756	1.06809773804	1.1684657999	1.14239341228	1.21725481392	1.21916505075	1.17977702272	1.17027652489	1.23695322378	1.10787911068	0.0	0.435243233446	0.948017665539	1.04613410343	0.988377723538	0.860105756404	0.799229879169	1.56358250362	1.48011496375	1.00209368294	0.994055722571	0.999644523925	0.856251440309	0.937457670372	0.73808479942	0.744511478975	1.07357576124	0.947876674722	0.80775737071	0.874575364911	0.930492102465	0.877431454809	1.02534690188	0.842500338328	1.02558424843	0.807645036249	1.02687502175	0.914581899468
AB6	0.875099826003	0.690541735138	2.47912231513	1.26075244079	0.735175480909	0.691902141131	1.06581171097	0.79808138231	0.907057143548	0.856434084099	0.970132556791	0.512198496858	0.74364918318	2.1382299275	0.767499439343	0.760000492992	0.950380831319	0.926763504108	1.82243768971	1.31356480425	1.15536294345	0.892073711938	1.13993185597	1.09074447076	1.71337117931	0.861481754471	0.891030125665	0.85419081682	0.915444040599	1.0067682552	1.00561840019	0.945586892218	0.928377723538	0.809322866119	0.435243233446	0.0	0.711220985984	0.78585901885	0.750076752054	0.741250575157	0.539479308845	1.44529918318	1.35522649106	0.725337834703	0.769004649589	0.756938197197	0.729807713871	0.637827051716	0.547400985984	0.513091909135	0.781303160947	0.699850715321	0.558742866119	0.622799652006	0.699580478492	0.652614494925	0.731868956017	0.661316350894	0.749122416626	0.509435625906	0.766365920735	0.621891445143
AC5	0.973426872885	0.806170057999	2.63356020783	1.40243839536	1.00595221363	0.584930318995	1.28492621073	0.608320444659	0.564708472692	0.983199893668	0.497897873369	0.77778161914	0.744416500725	2.29044038666	0.891672044466	0.875552189464	0.571649782504	0.543259975834	2.00702678589	1.48132780087	1.19211691155	0.864095751571	0.66215118898	0.632819260512	1.95126508942	0.948136486225	0.538146578057	0.693127298212	0.891167955534	1.06026256162	0.849618651522	0.707677138714	0.661884635089	0.548860304495	0.948017665539	0.711220985984	0.0	0.817816408893	0.460628158531	0.924771493475	0.662899908168	1.63648246979	1.53362664572	0.826647017883	0.492152498792	0.398204818753	0.962585442243	0.720710231996	0.926209009183	0.82486301595	0.748612576124	0.825582324795	0.588357211213	0.551514509425	0.538416737554	0.605482460126	0.756849661672	0.869211420976	0.868370362494	0.769903349444	0.613136834219	0.723517718705
AC6	0.779182208797	0.499914325761	1.98120266796	0.759493673272	0.677594741421	0.633029734171	0.721889811503	0.529263745771	0.729746669889	0.519877820203	0.856979028516	0.650959478009	0.617758197197	1.64255632189	0.497312638956	0.672001348478	0.834158013533	0.840935563074	1.47854504108	0.953871159981	0.798176713388	0.717411416143	0.904814393427	0.850767017883	1.50525820203	0.710714432093	0.761515302078	0.704839666506	0.490188124698	0.502047351377	0.990153020783	0.910010686322	0.600093407443	0.650155524408	1.04613410343	0.78585901885	0.817816408893	0.0	0.78268820203	0.62582540841	0.606358453359	0.851290517158	0.75022821653	0.275667235379	0.980838361527	0.935219236346	1.12691831319	1.02483888835	0.953111246979	0.975329052682	1.15165394393	1.10969064282	0.805637283712	0.912419569841	0.927200705655	0.846525954567	0.643305645239	1.04252330594	0.648162566457	0.973687829869	0.670736278395	1.02104700338
AD6	0.770603412276	0.613276892218	2.53727486225	1.20550638956	0.825419772837	0.420566230063	1.1669482117	0.465910903818	0.534275529241	0.874541343644	0.52140921218	0.713924441759	0.55110237796	2.19269111648	0.728140647656	0.688510391493	0.483787704205	0.491889159014	1.88665630739	1.38730112131	1.07533182697	0.764641541808	0.667577037216	0.630033856936	1.83507917351	0.858652909618	0.515913363944	0.546774142098	0.795644253262	0.92438262929	0.808801822136	0.610830246496	0.603279531174	0.514035113581	0.988377723538	0.750076752054	0.460628158531	0.78268820203	0.0	0.769844030933	0.445867709038	1.52464039149	1.43140352344	0.771331416143	0.621403914935	0.574308675689	0.87190542291	0.619316486225	0.89090218463	0.766196442726	0.694054780087	0.759776853552	0.47507462059	0.478999681005	0.476069217013	0.475386752054	0.564592667956	0.791470338328	0.681336152731	0.704675403577	0.393170831319	0.645811184147
AE5	0.581505906235	0.50791677622	2.27849153697	0.978054451426	0.595035065249	0.742911565974	0.765658651522	0.733413726438	0.959031063316	0.536882706622	1.02648706622	0.591019337844	0.695179642339	1.93348458192	0.58038857419	0.503734944418	0.876506534558	0.867011691638	1.50137076849	1.02364164331	0.940192967617	0.814062315128	1.07984219913	1.01487414693	1.36108332044	0.637128927018	0.881760681489	0.76487222813	0.781997631706	0.763559903335	0.959182334461	0.879111551474	0.833014166264	0.867805041083	0.860105756404	0.741250575157	0.924771493475	0.62582540841	0.769844030933	0.0	0.39067362494	1.1950061914	1.10118614306	0.550557680039	1.09430000967	1.06833735621	0.91298	0.856154900918	0.792776027066	0.768775205413	1.00483202513	0.92748717738	0.652491488642	0.737768351861	0.777119859836	0.636556437893	0.571140555824	0.855144093765	0.523102725955	0.794487486709	0.698752977284	0.854392856452
AE6	0.59511279362	0.430066447559	2.39213083615	1.06955489125	0.613633523441	0.500355224746	0.906355012083	0.545636872885	0.684911561141	0.644562643789	0.765764122765	0.515416027066	0.513829159014	2.04609815853	0.530569884002	0.483781609473	0.718699047849	0.710971483809	1.6695261044	1.17808362011	0.98377341711	0.725827588207	0.934432469792	0.876083673272	1.59009743838	0.669285741904	0.70055759304	0.630612426293	0.739316466892	0.795973924601	0.868275804737	0.765269081682	0.703970149831	0.599459748671	0.799229879169	0.539479308845	0.662899908168	0.606358453359	0.445867709038	0.39067362494	0.0	1.33233440309	1.23750638956	0.560068946351	0.812432870952	0.785230749154	0.821362837119	0.660736655389	0.680976785887	0.608085891735	0.80804178347	0.73580257129	0.424621546641	0.513962073465	0.538951367811	0.441587298212	0.442492498792	0.730273397777	0.465532223296	0.573881681972	0.508382387627	0.664483281779
AF5	1.25073168197	1.16659866602	1.29750554857	0.600903156114	1.16606036733	1.36445435476	0.835992305462	1.25006734171	1.35531748671	0.978845814403	1.5275459304	1.26740241663	1.30263095698	0.970793914935	1.08939268729	1.25759009667	1.45593387627	1.49680839053	0.961214572257	0.721760420493	1.157480029	1.194979884	1.41699787337	1.4119561044	1.45555076849	1.24268096665	1.40524927018	1.27623872885	1.00231291928	0.905350647656	1.48259983567	1.45490690672	1.2275757854	1.34468025133	1.56358250362	1.44529918318	1.63648246979	0.851290517158	1.52464039149	1.1950061914	1.33233440309	0.0	0.155824156597	0.986241000483	1.72579847753	1.66776732721	1.71799010633	1.66354938618	1.55292168681	1.61349526825	1.78128762204	1.75315658772	1.51478347994	1.62137043499	1.62811840503	1.57324675689	1.2832140551	1.67740586757	1.23173704688	1.61547625906	1.40218612856	1.65683428226
AF6	1.17197287095	1.06928096665	1.37300727888	0.521318419526	1.08739842436	1.27624543258	0.784793552441	1.15448235379	1.26098810053	0.887611894635	1.44447456259	1.18521951667	1.21065180764	1.03697916385	0.990913073949	1.16341933784	1.37324017883	1.41093854036	0.993096640889	0.68912659739	1.11301126148	1.13523392943	1.32841158047	1.32087969067	1.43440683422	1.15423716771	1.30852607057	1.17912055582	0.901030889319	0.813527303045	1.41142798453	1.3800817158	1.12777957467	1.24338693088	1.48011496375	1.35522649106	1.53362664572	0.75022821653	1.43140352344	1.10118614306	1.23750638956	0.155824156597	0.0	0.887886452392	1.63002731271	1.57059944901	1.63338374577	1.56499482842	1.47178472209	1.53364705172	1.68526846303	1.67461625906	1.422920145	1.5255137506	1.52863036249	1.47949761237	1.18857292412	1.59626539391	1.13726946834	1.53273580474	1.30752930884	1.56988583374
AG5	0.683652141131	0.447577288545	2.08816462542	0.824642580957	0.603066365394	0.582234755921	0.72819760754	0.523955360077	0.729004934751	0.455812962784	0.844751068149	0.566264364427	0.585451087482	1.74559419043	0.460076916385	0.57847178347	0.799433107782	0.774504248429	1.52129646206	0.98913502175	0.734929159014	0.660448550024	0.908055567907	0.846867254712	1.45153265829	0.633642547124	0.738079908168	0.67020757854	0.470649995167	0.520322542291	0.92857840986	0.836990604157	0.608704248429	0.659743852102	1.00209368294	0.725337834703	0.826647017883	0.275667235379	0.771331416143	0.550557680039	0.560068946351	0.986241000483	0.887886452392	0.0	0.952241865636	0.907545756404	1.08247653939	0.979640749154	0.874777776704	0.89058962784	1.11585925568	1.06000561141	0.71797658289	0.865525664572	0.890541280812	0.764984905752	0.591391053649	0.995598429193	0.5894180087	0.883823716771	0.653697162881	0.978629966167
