	AA3	AA4	AB3	AB4	AC3	AC4	AD3	AD4	AE3	AE4	AF3	AF4	AG3	AG4	AH3	AH4	AA7	AA8	AB7	AB8	AC7	AC8	AD7	AD8	AE7	AE8	AF7	AF8	AG7	AG8	AH7	AH8	AA5	AA6	AB5	AB6	AC5	AC6	AD6	AE5	AE6	AF5	AF6	AG5	AH5	AH6	AA1	AA2	AB1	AB2	AC1	AC2	AD1	AD2	AE1	AE2	AF1	AF2	AG1	AG2	AH1	AH2
AA3	0.0	0.532655625906	2.2697179217	0.997060860319	0.844782527791	0.768693397777	0.900208530691	0.787804809087	0.86491557274	0.709507897535	0.960012194297	0.755573682939	0.702904668922	1.91454347028	0.754434142098	0.268165592073	0.775933856936	0.744806747221	1.43591969067	1.06063273079	0.815320425326	0.641229850169	0.855982431126	0.883759033349	1.38254663606	0.593317196713	0.796079096182	0.662059473175	0.662181101982	0.674391121315	0.762316254229	0.70147017883	0.861970140164	0.829491082649	1.10816049299	0.928929178347	0.903223760271	0.814196834219	0.795856930884	0.581272663122	0.589955737071	1.26203869986	1.15220868052	0.741412469792	1.08914339778	1.06008835669	1.0075019188	0.939177757371	0.922923576607	0.867154475592	1.05903929435	0.993320164331	0.661190024166	0.749850101498	0.768026341228	0.664709618173	0.526102648623	0.915885190913	0.55294518608	0.886853808603	0.621354780087	0.977694436926
AA4	0.532655625906	0.0	2.23572863702	0.856053943934	0.597825461576	0.578718632189	0.850829743838	0.570283305945	0.702816331561	0.603210657322	0.824190323828	0.447601005317	0.459324238763	1.88351973417	0.281143146448	0.325658637023	0.690969908168	0.693306172064	1.51788688739	1.04601010633	0.816641454809	0.672495355244	0.838593301112	0.807845070082	1.45458555824	0.55647578057	0.756201014983	0.648383963267	0.646094233929	0.639465519575	0.873568641856	0.754018864186	0.647264519091	0.633799603673	0.93588037216	0.745673755437	0.759723745771	0.547423412276	0.639321227646	0.485049690672	0.392666539391	1.17404764621	1.04903645723	0.442197317545	0.950639971	0.890772141131	0.972124088932	0.837294069599	0.711140990817	0.737923267279	0.983352696955	0.932371140648	0.620293160947	0.706684818753	0.708369149348	0.618639772837	0.470447496375	0.864110463992	0.450478501692	0.750602735621	0.487139714838	0.849544233929
AB3	2.2697179217	2.23572863702	0.0	1.47463743838	2.21714046883	2.42846619623	1.94998310778	2.33382231513	2.36592299662	2.12034320928	2.52354583374	2.31162092315	2.33961787337	0.399701585307	2.17912174964	2.28013142098	2.48143123731	2.52445133881	1.18494255196	1.46541681972	2.01760811986	2.20920078299	2.41217180764	2.43276761721	1.92271003867	2.18689882069	2.38497605123	2.30701955051	1.88778707588	1.83907953117	2.46387351861	2.46185057516	2.28488632189	2.38358776704	2.57773638473	2.53609833253	2.63369836636	1.99629567424	2.56771362494	2.30826283229	2.38071249879	1.31719649589	1.42313364911	2.09317292412	2.75210207347	2.66027727888	2.69044377477	2.70711817303	2.52002173997	2.61359428226	2.79688516191	2.75665681972	2.58541949734	2.66393028516	2.62026843886	2.58289205413	2.30900936684	2.69943238279	2.3197922523	2.64416563074	2.39177726438	2.7005859884
AB4	0.997060860319	0.856053943934	1.47463743838	0.0	0.911958206863	1.05735061382	0.833927254712	1.01084912035	1.10186946351	0.839801275979	1.21690659739	0.970275693572	0.893396152731	1.11451673272	0.826091251812	0.912894098598	1.14907252296	1.18170598357	0.99139659739	0.530344736588	0.982990323828	0.97682218463	1.1394758289	1.14112966651	1.30720107782	0.902270004833	1.10724290478	1.00608896568	0.643032015466	0.610338496858	1.2681742146	1.17682032866	1.05831054616	1.09599990817	1.37318069599	1.25745713388	1.34180101498	0.757656650556	1.22259729821	0.957776336394	1.00631116481	0.627422740454	0.532148090865	0.793537960367	1.46473814886	1.37921464959	1.44158324311	1.37962034799	1.23963034316	1.29951841953	1.50520874819	1.46413176414	1.23202246496	1.32531391977	1.30202999517	1.23767149348	0.989965335911	1.40981594007	0.998186645723	1.31787420493	1.02891652972	1.39433089899
AC3	0.844782527791	0.597825461576	2.21714046883	0.911958206863	0.0	0.720591739971	0.87517759304	0.845768738521	0.972241522475	0.687123977767	1.06587832769	0.360028013533	0.787636138231	1.87138589174	0.644389362011	0.706781043983	0.959449705172	0.964593334944	1.45158755437	1.05007848719	1.07391513291	1.01408262446	1.19239162881	1.16756970034	1.32140177864	0.794219337844	1.11333032383	1.01966320928	0.894506249396	0.877786882552	1.16004347994	1.05101700822	0.9523239971	0.944866621556	0.851182324795	0.79798439826	0.977278003867	0.736075340744	0.868973562107	0.636754833253	0.692848762687	1.19031542774	1.08920241179	0.619275016916	1.14759515708	1.10230575157	0.896442242629	0.966980159497	0.743626839053	0.821999555341	1.10178318511	0.994642460126	0.749975848236	0.873583881102	0.872766858386	0.795791295312	0.829661725471	0.908910492992	0.788178028033	0.88862561624	0.831722866119	0.978891657806
AC4	0.768693397777	0.578718632189	2.42846619623	1.05735061382	0.720591739971	0.0	1.13475362494	0.394028231029	0.493341469309	0.85923861769	0.416891053649	0.501002083132	0.43276462059	2.07998955051	0.658469753504	0.669065350411	0.559977694538	0.537704997583	1.80220262929	1.32411565007	0.923421140648	0.67418622523	0.646034214596	0.62552141131	1.70249703722	0.741444881585	0.592597288545	0.565213895602	0.710140396327	0.775833634606	0.804402904785	0.648250449493	0.522123228613	0.435497791203	0.990930923151	0.72613481392	0.540266669889	0.665785012083	0.436629487675	0.737720918318	0.500724929918	1.39312250846	1.26730245529	0.606180937651	0.704210164331	0.604761725471	1.04722442243	0.811453088449	0.816853088449	0.764067390043	0.884212479459	0.927610749154	0.568104862252	0.637919255679	0.647407887869	0.649525364911	0.636593446109	0.91580279362	0.615771565974	0.748298545191	0.452270575157	0.793386839053
AD3	0.900208530691	0.850829743838	1.94998310778	0.833927254712	0.87517759304	1.13475362494	0.0	1.04100495892	1.26688802803	0.36552560174	1.3473060029	0.979791222813	1.06131747221	1.59794576607	0.835608965684	0.869856384727	1.23043878202	1.21373569357	1.35916152247	0.892596147898	0.875222663122	0.932599221846	1.27362701788	1.28638423876	1.24849126148	0.853877346544	1.21845299178	1.0906239536	0.844875074915	0.790140918318	1.15279865636	1.11478264379	1.18542172547	1.14073961334	1.19256368777	1.08954938618	1.25589905752	0.751072498792	1.17146098598	0.815680275495	0.928674456259	0.885862609957	0.790537984534	0.739788453359	1.37073899468	1.33906330594	1.35504149831	1.37317429193	1.13597165297	1.1813897825	1.49566628806	1.42016596907	1.16641110198	1.2410158869	1.24500637506	1.16724351377	0.958574301595	1.33459661189	0.966367491542	1.23663120348	1.08966500242	1.37149135814
AD4	0.787804809087	0.570283305945	2.33382231513	1.01084912035	0.845768738521	0.394028231029	1.04100495892	0.0	0.26622161914	0.769904780087	0.446366708555	0.641433330111	0.508819666506	1.98364181247	0.606905447076	0.689384282262	0.509873968101	0.527881348478	1.81298929435	1.33133814886	0.878142798453	0.640114707588	0.520295514741	0.477162740454	1.77515822136	0.772966945384	0.485007085549	0.441530043499	0.636331111648	0.72569482842	0.810287491542	0.617960130498	0.306856147898	0.319073765104	1.09420884969	0.825286447559	0.503865862736	0.578666650556	0.442378878685	0.75935257129	0.504648298695	1.28385246013	1.15043168197	0.571517365877	0.695502271629	0.582107897535	1.16283667472	0.896747496375	0.927142643789	0.897144688255	0.936210077332	1.03116323345	0.68592098115	0.719260749154	0.706900720155	0.72574120348	0.600209033349	1.03036403577	0.614298753021	0.879980328661	0.534629768004	0.890738318028
AE3	0.86491557274	0.702816331561	2.36592299662	1.10186946351	0.972241522475	0.493341469309	1.26688802803	0.26622161914	0.0	0.993358037699	0.346440140164	0.765993247946	0.560855737071	2.03369493475	0.70680118898	0.809540642823	0.478984151764	0.539939526341	1.91623389077	1.44712121798	0.947911648139	0.709918840019	0.40968078782	0.380686814886	1.8968658144	0.902072034799	0.383297713871	0.463153547608	0.753122271629	0.844072155631	0.850752087965	0.664631899468	0.246967201547	0.328064422426	1.20403366844	0.942688221363	0.52804381827	0.723149942001	0.54085901885	0.937115350411	0.655127346544	1.36128723538	1.23621479942	0.712831445143	0.778819908168	0.592110154664	1.27046486709	1.00037300145	1.06002125665	1.0131781682	1.03587446109	1.14042274529	0.792730033833	0.823263450942	0.796423653939	0.818892837119	0.692789927501	1.14087431609	0.705363562107	0.982147931368	0.594635234413	1.00152504108
AE4	0.709507897535	0.603210657322	2.12034320928	0.839801275979	0.687123977767	0.85923861769	0.36552560174	0.769904780087	0.993358037699	0.0	1.06604987434	0.726740971484	0.825518366361	1.7670162204	0.631233368777	0.619176128565	0.945619308845	0.927870526825	1.42959736104	0.958233262446	0.779477419043	0.709672566457	0.995434311261	1.00518549058	1.29960567907	0.60471499275	0.944950937651	0.810735664572	0.649236674722	0.634678245529	0.931312687289	0.84119618173	0.911412837119	0.871992648623	0.990766321895	0.888399173514	0.973801208313	0.573746520058	0.878298806187	0.574849540841	0.65684462059	1.0081679217	0.877528342194	0.537729946834	1.12662711938	1.08447332528	1.1267582842	1.13959524408	0.903222735621	0.951664084099	1.26710403093	1.18938361527	0.918356955051	0.991904958917	0.978944891252	0.917652431126	0.710209076849	1.10327713871	0.71346701305	1.007149942	0.810961836636	1.12491354761
AF3	0.960012194297	0.824190323828	2.52354583374	1.21690659739	1.06587832769	0.416891053649	1.3473060029	0.446366708555	0.346440140164	1.06604987434	0.0	0.842295659739	0.669771923635	2.1869859014	0.885287709038	0.906815360077	0.517879120348	0.521626955051	1.99783730788	1.52235232963	1.0210201885	0.801546993717	0.376625954567	0.373860681489	1.98132455292	0.994561483809	0.423592914451	0.594307868536	0.869835335911	0.951613861769	0.817300531658	0.658997017883	0.457403436443	0.453499207347	1.18103940551	0.956920976317	0.476491072982	0.839770662156	0.500393214113	0.984303339778	0.722685862736	1.52177011116	1.39870084582	0.824942440793	0.707621981634	0.532408477525	1.23498653456	0.988203069116	1.10177504592	1.01298872885	1.02533827453	1.10474320445	0.770651836636	0.776866365394	0.783221551474	0.798940652489	0.834073315611	1.08953858386	0.840439652006	0.950775785404	0.612963794103	0.977671793137
AF4	0.755573682939	0.447601005317	2.31162092315	0.970275693572	0.360028013533	0.501002083132	0.979791222813	0.641433330111	0.765993247946	0.726740971484	0.842295659739	0.0	0.586211082649	1.96272499275	0.510154659256	0.60868818753	0.811441778637	0.813813963267	1.61032884969	1.13298448043	0.960467148381	0.83235218463	0.99752420493	0.962405050749	1.49679443209	0.678338593523	0.924194103432	0.832797602707	0.776045698405	0.778287472209	1.01142848719	0.907579357177	0.745996476559	0.738691715805	0.797548898018	0.58225621073	0.77806319478	0.625340734654	0.702288013533	0.594709516675	0.532991623973	1.24861522475	1.14235360561	0.516414862252	0.881234876752	0.815256249396	0.849285741904	0.748916118898	0.595350541324	0.619178405027	0.891519154181	0.817341967134	0.560148240696	0.658875993233	0.695915065249	0.670328327695	0.670203852102	0.756681483809	0.635100376994	0.661203682939	0.66895719188	0.752199449009
AG3	0.702904668922	0.459324238763	2.33961787337	0.893396152731	0.787636138231	0.43276462059	1.06131747221	0.508819666506	0.560855737071	0.825518366361	0.669771923635	0.586211082649	0.0	1.97803906235	0.487456713388	0.581361193813	0.542973257612	0.563216955051	1.71616032866	1.24333437409	0.907758830353	0.654031967134	0.703559782504	0.669808864186	1.61886035283	0.673458269696	0.631353905268	0.560700865152	0.688153523441	0.746254262929	0.829772058966	0.691350990817	0.575192740454	0.503279579507	1.01901423876	0.761845263412	0.690079855002	0.629138081199	0.572810512325	0.674130043499	0.443773832769	1.31260312711	1.18003367811	0.576900724988	0.851858545191	0.761496843886	1.03904861769	0.806179304012	0.820647704205	0.782606732721	0.938227230546	0.913524949251	0.578412179797	0.680561672305	0.678779652006	0.619112759787	0.49340821653	0.914029579507	0.479489284679	0.749422914451	0.389835785404	0.810455461576
AG4	1.91454347028	1.88351973417	0.399701585307	1.11451673272	1.87138589174	2.07998955051	1.59794576607	1.98364181247	2.03369493475	1.7670162204	2.1869859014	1.96272499275	1.97803906235	0.0	1.83510637989	1.92424022716	2.14193890285	2.18321120348	0.914654847753	1.11937804737	1.67860501692	1.86985404543	2.07232122281	2.09101369744	1.65063829386	1.84729392943	2.04590736104	1.96901485259	1.54100177864	1.48500626873	2.13916588207	2.11906446593	1.9524158434	2.03496880135	2.23380677622	2.181210087	2.28320317061	1.6552600725	2.21917551957	1.95094598357	2.02392301595	0.973688598357	1.08802740454	1.74249597873	2.40418037216	2.30996754471	2.33963364427	2.36047130015	2.17051536974	2.26255460126	2.45041460609	2.40441442243	2.2334097535	2.31686010633	2.28278695022	2.23398297728	1.96403611406	2.34996200097	1.97373966651	2.29562946834	2.04508618656	2.35346463509
AH3	0.754434142098	0.281143146448	2.17912174964	0.826091251812	0.644389362011	0.658469753504	0.835608965684	0.606905447076	0.70680118898	0.631233368777	0.885287709038	0.510154659256	0.487456713388	1.83510637989	0.0	0.550536128565	0.734202460126	0.781285886902	1.54488236829	1.07546590623	0.883125103915	0.764974470759	0.901245882069	0.85686121798	1.49418507008	0.69583181247	0.822692155631	0.73212698405	0.659813455776	0.667143939101	1.00759798453	0.885935650072	0.646751947801	0.65624117448	1.00867235379	0.796495026583	0.85403380377	0.523640439826	0.758085244079	0.61294301595	0.513038260029	1.0948801015	0.98768638956	0.44324099565	1.01665024166	0.947315770904	1.05357084099	0.885222068632	0.805224891252	0.819674098598	1.03965242146	0.993327240213	0.755859729338	0.828158695022	0.790012121798	0.728850797487	0.562920173997	0.938851280812	0.545649313678	0.821930135331	0.634190971484	0.896546858386
AH4	0.268165592073	0.325658637023	2.28013142098	0.912894098598	0.706781043983	0.669065350411	0.869856384727	0.689384282262	0.809540642823	0.619176128565	0.906815360077	0.60868818753	0.581361193813	1.92424022716	0.550536128565	0.0	0.692592073465	0.690023765104	1.45541866119	1.06318553407	0.84361362494	0.668304171097	0.830020260996	0.830899589174	1.37383579507	0.514581706138	0.775961449976	0.661448612856	0.687430338328	0.679143518608	0.792052150797	0.677252667956	0.77980441276	0.726523760271	1.00218011116	0.824371493475	0.835080130498	0.690205480909	0.705937167714	0.432470106332	0.448887506042	1.23686034799	1.11261604157	0.592634601257	1.01738504592	0.97981502175	0.929025219913	0.851833083615	0.790638351861	0.757217216046	0.976072445626	0.917369168681	0.587350289995	0.675305031416	0.688326539391	0.577012532624	0.415976476559	0.848173673272	0.413024852586	0.777445857902	0.537272464959	0.880878666022
AA7	0.775933856936	0.690969908168	2.48143123731	1.14907252296	0.959449705172	0.559977694538	1.23043878202	0.509873968101	0.478984151764	0.945619308845	0.517879120348	0.811441778637	0.542973257612	2.14193890285	0.734202460126	0.692592073465	0.0	0.192254639923	1.79297924118	1.35322884002	0.986738835186	0.720367535041	0.459236955051	0.435111701305	1.75737426776	0.81242438376	0.42347900435	0.427054354761	0.789215703238	0.854234731754	0.654375244079	0.411813199613	0.500719463509	0.483644552924	1.2180001015	0.994216916385	0.532580739488	0.832663972934	0.496484910585	0.849131034316	0.654300130498	1.46474019333	1.34194275012	0.824349971	0.79987742871	0.657133291445	1.1439421363	0.881597655872	1.07524165781	0.975083025616	0.9121859884	1.00618799903	0.689354059932	0.707952339294	0.689497704205	0.695740778154	0.536868463026	0.993078371194	0.535291551474	0.918565016916	0.460141696472	0.893830613823
AA8	0.744806747221	0.693306172064	2.52445133881	1.18170598357	0.964593334944	0.537704997583	1.21373569357	0.527881348478	0.539939526341	0.927870526825	0.521626955051	0.813813963267	0.563216955051	2.18321120348	0.781285886902	0.690023765104	0.192254639923	0.0	1.81270211696	1.35444479459	0.919010159497	0.640234470759	0.48066242146	0.467098772354	1.72351452392	0.774064736588	0.431471952634	0.397754253262	0.783990710488	0.859237858869	0.596382701788	0.346306350894	0.534097506042	0.506920323828	1.17715874335	0.964593035283	0.518013146448	0.855689400677	0.45035619623	0.837379710005	0.654345915901	1.5177622958	1.39010714355	0.820039632673	0.74954017883	0.63464737071	1.1270378202	0.879547597873	1.04406327695	0.947349033349	0.908665045916	0.993149241179	0.662257941034	0.660297718705	0.671321672305	0.675888496858	0.572286563557	0.981642948284	0.564531314645	0.882242798453	0.435876829386	0.892343049783
AB7	1.43591969067	1.51788688739	1.18494255196	0.99139659739	1.45158755437	1.80220262929	1.35916152247	1.81298929435	1.91623389077	1.42959736104	1.99783730788	1.61032884969	1.71616032866	0.914654847753	1.54488236829	1.45541866119	1.79297924118	1.81270211696	0.0	0.540840715321	1.53949449976	1.60136065732	1.89056943934	1.9018042146	1.08151416626	1.4254302175	1.83710152247	1.70001149831	1.29862027066	1.21586069116	1.71755209763	1.72481025616	1.83727043983	1.86467245529	1.88751286612	1.85091834219	1.96452753987	1.46394132914	1.88969122765	1.47719742871	1.61816378927	0.963164441759	1.02491637506	1.49466471725	2.12979538424	2.08955093765	1.9166198405	1.97896602223	1.79389551474	1.84674330111	2.07420795553	2.00247969067	1.79070379894	1.87748103432	1.85292801353	1.78716328661	1.59029512808	1.92860502658	1.59518446109	1.87129841953	1.71024321895	1.96476274045
AB8	1.06063273079	1.04601010633	1.46541681972	0.530344736588	1.05007848719	1.32411565007	0.892596147898	1.33133814886	1.44712121798	0.958233262446	1.52235232963	1.13298448043	1.24333437409	1.11937804737	1.07546590623	1.06318553407	1.35322884002	1.35444479459	0.540840715321	0.0	1.07409154181	1.11821921701	1.40585362494	1.41222317061	1.11239373127	0.966129289512	1.35225503625	1.20897205897	0.793161159981	0.722195906235	1.29300589174	1.28211969067	1.3699159884	1.38323130498	1.45540781054	1.39067243596	1.49665267279	0.990825563074	1.43779901885	1.07043346544	1.18724983084	0.683706868052	0.691777496375	1.01250133398	1.67129842919	1.61235729821	1.57399650556	1.56787331078	1.3922680812	1.43942685839	1.67830047366	1.62120015466	1.40528057999	1.47469927501	1.45739879169	1.39989567907	1.17201496375	1.56633165781	1.17435366361	1.47732583374	1.24886761721	1.55998841469
AC7	0.815320425326	0.816641454809	2.01760811986	0.982990323828	1.07391513291	0.923421140648	0.875222663122	0.878142798453	0.947911648139	0.779477419043	1.0210201885	0.960467148381	0.907758830353	1.67860501692	0.883125103915	0.84361362494	0.986738835186	0.919010159497	1.53949449976	1.07409154181	0.0	0.413009444176	0.902876302562	0.933020850652	1.4460938956	0.713341971967	0.889963668439	0.767679685839	0.571366901885	0.575720111165	0.840651923635	0.799094693088	0.869683441276	0.88343381827	1.28508534558	1.13014845336	1.09003704205	0.773354881585	1.02612879169	0.958769869502	0.914513939101	1.19226163847	1.09652739488	0.748748032866	1.11538482842	1.02285080232	1.49889007733	1.40653548574	1.2175877332	1.23676185114	1.52002958917	1.48326834219	1.09503614306	1.19327453842	1.19864988884	1.12740854519	0.891691696472	1.41237098115	0.88990759304	1.241450087	0.887011725471	1.4059480377
AC8	0.641229850169	0.672495355244	2.20920078299	0.97682218463	1.01408262446	0.67418622523	0.932599221846	0.640114707588	0.709918840019	0.709672566457	0.801546993717	0.83235218463	0.654031967134	1.86985404543	0.764974470759	0.668304171097	0.720367535041	0.640234470759	1.60136065732	1.11821921701	0.413009444176	0.0	0.669184954084	0.690642155631	1.51494999033	0.591620202997	0.547868801353	0.418324644756	0.494178405027	0.573929951667	0.617778951184	0.514702648623	0.638239323345	0.649431952634	1.14056260029	0.892493276945	0.81388260029	0.708245456742	0.737245118415	0.795082068632	0.675239342678	1.23173358627	1.10768566457	0.700328999517	0.90897179797	0.818655190913	1.32294094248	1.11306812953	1.04864013533	1.00814652006	1.22688513291	1.20885686805	0.816513620106	0.898013755437	0.907721865636	0.864008467859	0.578792276462	1.18086575157	0.602682141131	0.97603481392	0.582392121798	1.11729741421
AD7	0.855982431126	0.838593301112	2.41217180764	1.1394758289	1.19239162881	0.646034214596	1.27362701788	0.520295514741	0.40968078782	0.995434311261	0.376625954567	0.99752420493	0.703559782504	2.07232122281	0.901245882069	0.830020260996	0.459236955051	0.48066242146	1.89056943934	1.40585362494	0.902876302562	0.669184954084	0.0	0.116781300145	1.85716782987	0.825854485259	0.289643779604	0.430692721121	0.735331169647	0.822234151764	0.707259072015	0.52461661189	0.464669719671	0.495276665056	1.33835715321	1.09398727888	0.59778477042	0.844922841953	0.628140396327	0.98723898985	0.80720482842	1.41674030933	1.28761953117	0.881844354761	0.813498627356	0.637378037699	1.35645202513	1.1075478927	1.21605348961	1.14491116481	1.12870094248	1.22710901402	0.894167496375	0.884443542774	0.876447854036	0.907710860319	0.729890057999	1.22652461576	0.748226534558	1.09077356211	0.599074166264	1.09582951184
AD8	0.883759033349	0.807845070082	2.43276761721	1.14112966651	1.16756970034	0.62552141131	1.28638423876	0.477162740454	0.380686814886	1.00518549058	0.373860681489	0.962405050749	0.669808864186	2.09101369744	0.85686121798	0.830899589174	0.435111701305	0.467098772354	1.9018042146	1.41222317061	0.933020850652	0.690642155631	0.116781300145	0.0	1.84263929918	0.813453745771	0.286392300628	0.42769777187	0.737834702755	0.824712638956	0.72071320928	0.538915640406	0.442873175447	0.47003921218	1.31764359594	1.07307592557	0.57014301595	0.822700807153	0.607553334944	0.967534074432	0.776698820686	1.4356820348	1.30531629773	0.857747849203	0.784575500242	0.616096051232	1.33975555824	1.07294345094	1.2066978057	1.12135150797	1.09935623973	1.19979368777	0.877938356694	0.861873310778	0.84604157564	0.8805459739	0.725130381827	1.20455685839	0.739925766071	1.06320094248	0.583239526341	1.06805940551
AE7	1.38254663606	1.45458555824	1.92271003867	1.30720107782	1.32140177864	1.70249703722	1.24849126148	1.77515822136	1.8968658144	1.29960567907	1.98132455292	1.49679443209	1.61886035283	1.65063829386	1.49418507008	1.37383579507	1.75737426776	1.72351452392	1.08151416626	1.11239373127	1.4460938956	1.51494999033	1.85716782987	1.84263929918	0.0	1.06162914935	1.82634952151	1.66121536008	1.35240559207	1.30627968101	1.5730840986	1.61311080232	1.83365925085	1.81958847753	1.72321865152	1.73788307395	1.8966819478	1.51110798453	1.83961563074	1.37211037699	1.57900936201	1.46499023683	1.46449733688	1.44797635089	1.9906277912	1.98304315128	1.69372706622	1.82802969067	1.61730465442	1.68268974384	1.96990022716	1.83943551957	1.66529006767	1.74347676655	1.73301723055	1.64214000483	1.56569402127	1.75573869986	1.56235635573	1.72392786854	1.65611114065	1.8552878492
AE8	0.593317196713	0.55647578057	2.18689882069	0.902270004833	0.794219337844	0.741444881585	0.853877346544	0.772966945384	0.902072034799	0.60471499275	0.994561483809	0.678338593523	0.673458269696	1.84729392943	0.69583181247	0.514581706138	0.81242438376	0.774064736588	1.4254302175	0.966129289512	0.713341971967	0.591620202997	0.825854485259	0.813453745771	1.06162914935	0.0	0.823681802803	0.671559647173	0.609762242629	0.57786820203	0.750547612373	0.700411657806	0.838636085065	0.819964973417	1.08185695505	0.93514222813	0.913818598357	0.699354910585	0.86439141131	0.592893407443	0.636975350411	1.20788249879	1.08186432093	0.620080202997	1.06014352344	1.03152276945	1.14261714355	1.06905353311	0.902851957467	0.94202120348	1.18468221363	1.15527576607	0.828433755437	0.904861237313	0.903624030933	0.839620309328	0.656744446593	1.09128756887	0.645394262929	0.941425108748	0.684188767521	1.0713362059
AF7	0.796079096182	0.756201014983	2.38497605123	1.10724290478	1.11333032383	0.592597288545	1.21845299178	0.485007085549	0.383297713871	0.944950937651	0.423592914451	0.924194103432	0.631353905268	2.04590736104	0.822692155631	0.775961449976	0.42347900435	0.431471952634	1.83710152247	1.35225503625	0.889963668439	0.547868801353	0.289643779604	0.286392300628	1.82634952151	0.823681802803	0.0	0.249622116965	0.679437124215	0.772578743354	0.678497361044	0.507628182697	0.440890048333	0.475379874335	1.23045507492	0.994152266796	0.551176515225	0.78624138231	0.58254121798	0.918215094248	0.729034668922	1.39911971967	1.26533856452	0.799219009183	0.808558182697	0.656289859836	1.29138892218	1.03691245529	1.13619019333	1.0597438956	1.06570834703	1.16378362011	0.818460903818	0.840831691638	0.832754340261	0.850247467376	0.61410942001	1.14503533591	0.63436702755	1.01411623006	0.52131481392	1.03154809087
AF8	0.662059473175	0.648383963267	2.30701955051	1.00608896568	1.01966320928	0.565213895602	1.0906239536	0.441530043499	0.463153547608	0.810735664572	0.594307868536	0.832797602707	0.560700865152	1.96901485259	0.73212698405	0.661448612856	0.427054354761	0.397754253262	1.70001149831	1.20897205897	0.767679685839	0.418324644756	0.430692721121	0.42769777187	1.66121536008	0.671559647173	0.249622116965	0.0	0.582282440793	0.67089037216	0.638769386177	0.435642672789	0.447561938134	0.460616781054	1.17885587724	0.938867655872	0.59507699855	0.731157921701	0.544836742388	0.803729449009	0.636514456259	1.31654777187	1.18420307878	0.730152880619	0.827742890285	0.713702841953	1.23673378444	0.989472696955	1.03632487675	0.992628912518	1.01884268246	1.11218711938	0.76217279362	0.789780700822	0.788949255679	0.80384258579	0.51624078782	1.09729601257	0.550780908652	0.957780405993	0.459820729821	0.979239826003
AG7	0.662181101982	0.646094233929	1.88778707588	0.643032015466	0.894506249396	0.710140396327	0.844875074915	0.636331111648	0.753122271629	0.649236674722	0.869835335911	0.776045698405	0.688153523441	1.54100177864	0.659813455776	0.687430338328	0.789215703238	0.783990710488	1.29862027066	0.793161159981	0.571366901885	0.494178405027	0.735331169647	0.737834702755	1.35240559207	0.609762242629	0.679437124215	0.582282440793	0.0	0.153557791203	0.827774494925	0.734781449976	0.685090768487	0.737349816336	1.24673933301	0.995608250362	0.929158985017	0.487416292895	0.847840739488	0.800942522958	0.706603566941	0.95415760754	0.836553968101	0.525327075882	1.08785435959	0.992626655389	1.35222521508	1.15715874335	1.12271545674	1.10122597873	1.26773148381	1.25423463509	0.932147820203	1.00408855486	0.995483682939	0.953011870469	0.682899603673	1.21603436443	0.691000952151	1.09554132914	0.696428119865	1.17521104398
AG8	0.674391121315	0.639465519575	1.83907953117	0.610338496858	0.877786882552	0.775833634606	0.790140918318	0.72569482842	0.844072155631	0.634678245529	0.951613861769	0.778287472209	0.746254262929	1.48500626873	0.667143939101	0.679143518608	0.854234731754	0.859237858869	1.21586069116	0.722195906235	0.575720111165	0.573929951667	0.822234151764	0.824712638956	1.30627968101	0.57786820203	0.772578743354	0.67089037216	0.153557791203	0.0	0.876189366844	0.801750937651	0.774197539874	0.789964349927	1.24843738521	1.05332881585	1.01321693088	0.492746785887	0.929189125181	0.792139192847	0.753879115515	0.910295466409	0.800925630739	0.522421802803	1.14547748671	1.05330624456	1.35163908168	1.21763545191	1.11097690188	1.1473617303	1.33518441276	1.31505224263	0.997221367811	1.05978466409	1.04966634606	1.00631503625	0.742230985984	1.25885065732	0.749872537458	1.14951527308	0.765035577574	1.23260399227
AH7	0.762316254229	0.873568641856	2.46387351861	1.2681742146	1.16004347994	0.804402904785	1.15279865636	0.810287491542	0.850752087965	0.931312687289	0.817300531658	1.01142848719	0.829772058966	2.13916588207	1.00759798453	0.792052150797	0.654375244079	0.596382701788	1.71755209763	1.29300589174	0.840651923635	0.617778951184	0.707259072015	0.72071320928	1.5730840986	0.750547612373	0.678497361044	0.638769386177	0.827774494925	0.876189366844	0.0	0.287479743838	0.88389179797	0.857393687772	1.18248799903	1.01596760754	0.787395886902	0.966577573707	0.777154838086	0.940392851619	0.83523558724	1.49752935718	1.37769622523	0.949252455292	0.956626360561	0.90486622523	1.28569916868	1.06840797003	1.1796981102	1.05479368777	1.13583651522	1.17160882069	0.851004635089	0.836940720155	0.825593953601	0.830783078782	0.749439898502	1.1574562059	0.76772901885	0.985898066699	0.684186800387	1.08335351377
AH8	0.70147017883	0.754018864186	2.46185057516	1.17682032866	1.05101700822	0.648250449493	1.11478264379	0.617960130498	0.664631899468	0.84119618173	0.658997017883	0.907579357177	0.691350990817	2.11906446593	0.885935650072	0.677252667956	0.411813199613	0.346306350894	1.72481025616	1.28211969067	0.799094693088	0.514702648623	0.52461661189	0.538915640406	1.61311080232	0.700411657806	0.507628182697	0.435642672789	0.734781449976	0.801750937651	0.287479743838	0.0	0.682688612856	0.642473189947	1.17276391493	0.952499047849	0.622911338811	0.885409439343	0.573853267279	0.856650439826	0.722476868052	1.45971276462	1.33419768004	0.85525698405	0.805235828903	0.718747631706	1.20940867569	0.977495582407	1.08746348961	0.976998467859	0.99944959884	1.09049404543	0.731061507975	0.726584282262	0.736529057516	0.734363083615	0.612106824553	1.07267350411	0.638740459159	0.907558786854	0.522494760754	0.98479262929
AA5	0.861970140164	0.647264519091	2.28488632189	1.05831054616	0.9523239971	0.522123228613	1.18542172547	0.306856147898	0.246967201547	0.911412837119	0.457403436443	0.745996476559	0.575192740454	1.9524158434	0.646751947801	0.77980441276	0.500719463509	0.534097506042	1.83727043983	1.3699159884	0.869683441276	0.638239323345	0.464669719671	0.442873175447	1.83365925085	0.838636085065	0.440890048333	0.447561938134	0.685090768487	0.774197539874	0.88389179797	0.682688612856	0.0	0.267308840019	1.22157369744	0.952233769937	0.583369415176	0.611048898018	0.587828637023	0.841940019333	0.626641846303	1.24082173514	1.11814446593	0.626578211696	0.795866964717	0.616322344128	1.31642166747	1.05133064282	1.07843290478	1.04362208313	1.09017151281	1.18580938618	0.820503450942	0.867693059449	0.836011068149	0.863827810536	0.632364717255	1.17510709522	0.641452638956	1.01770484775	0.587825896568	1.04906709038
AA6	0.829491082649	0.633799603673	2.38358776704	1.09599990817	0.944866621556	0.435497791203	1.14073961334	0.319073765104	0.328064422426	0.871992648623	0.453499207347	0.738691715805	0.503279579507	2.03496880135	0.65624117448	0.726523760271	0.483644552924	0.506920323828	1.86467245529	1.38323130498	0.88343381827	0.649431952634	0.495276665056	0.47003921218	1.81958847753	0.819964973417	0.475379874335	0.460616781054	0.737349816336	0.789964349927	0.857393687772	0.642473189947	0.267308840019	0.0	1.09796688739	0.828127259546	0.522855442243	0.634020183664	0.472440338328	0.813378709522	0.542077240213	1.33592936684	1.20583612856	0.627163214113	0.604430807153	0.446744881585	1.19807975834	0.958952774287	0.953151343644	0.905540241663	0.992238535524	1.07418089415	0.693068057032	0.755722827453	0.740139299178	0.748569304012	0.604325089415	1.05452877235	0.614019255679	0.883991242146	0.512199086515	0.93898080232
AB5	1.10816049299	0.93588037216	2.57773638473	1.37318069599	0.851182324795	0.990930923151	1.19256368777	1.09420884969	1.20403366844	0.990766321895	1.18103940551	0.797548898018	1.01901423876	2.23380677622	1.00867235379	1.00218011116	1.2180001015	1.17715874335	1.88751286612	1.45540781054	1.28508534558	1.14056260029	1.33835715321	1.31764359594	1.72321865152	1.08185695505	1.23045507492	1.17885587724	1.24673933301	1.24843738521	1.18248799903	1.17276391493	1.22157369744	1.09796688739	0.0	0.395511759304	0.968219159014	1.06040521508	0.967737153214	0.870146244563	0.871576384727	1.5921579072	1.4929880812	0.987101169647	0.945124258096	0.97365318028	0.814340391493	0.929957361044	0.725295930401	0.727827805703	1.05778303528	0.941142435959	0.809327984534	0.884442232963	0.951299980667	0.917006766554	1.05711594973	0.849602397293	1.02105980184	0.790646075399	1.0328238956	0.93390261479
AB6	0.928929178347	0.745673755437	2.53609833253	1.25745713388	0.79798439826	0.72613481392	1.08954938618	0.825286447559	0.942688221363	0.888399173514	0.956920976317	0.58225621073	0.761845263412	2.181210087	0.796495026583	0.824371493475	0.994216916385	0.964593035283	1.85091834219	1.39067243596	1.13014845336	0.892493276945	1.09398727888	1.07307592557	1.73788307395	0.93514222813	0.994152266796	0.938867655872	0.995608250362	1.05332881585	1.01596760754	0.952499047849	0.952233769937	0.828127259546	0.395511759304	0.0	0.76874219913	0.841386921218	0.759128738521	0.766987825036	0.635854755921	1.49486371194	1.38825231029	0.758063726438	0.728605190913	0.752989937168	0.753227008217	0.671315065249	0.533141764137	0.458095224746	0.804141928468	0.713204335428	0.586449236346	0.681086007733	0.756764490092	0.720556640889	0.813483107782	0.651855683905	0.778241855969	0.509215650072	0.810989323345	0.673252237796
AC5	0.903223760271	0.759723745771	2.63369836636	1.34180101498	0.977278003867	0.540266669889	1.25589905752	0.503865862736	0.52804381827	0.973801208313	0.476491072982	0.77806319478	0.690079855002	2.28320317061	0.85403380377	0.835080130498	0.532580739488	0.518013146448	1.96452753987	1.49665267279	1.09003704205	0.81388260029	0.59778477042	0.57014301595	1.8966819478	0.913818598357	0.551176515225	0.59507699855	0.929158985017	1.01321693088	0.787395886902	0.622911338811	0.583369415176	0.522855442243	0.968219159014	0.76874219913	0.0	0.799978902852	0.379345311745	0.886755311745	0.643940009667	1.61686825036	1.48515560174	0.803025664572	0.511238960851	0.426979917835	1.02100219913	0.764544958917	0.914219062349	0.818023939101	0.783977419043	0.861906901885	0.583872846786	0.550084891252	0.550753968101	0.611800782987	0.750004050266	0.887046553891	0.73411420493	0.762789835669	0.591801759304	0.755574282262
AC6	0.814196834219	0.547423412276	1.99629567424	0.757656650556	0.736075340744	0.665785012083	0.751072498792	0.578666650556	0.723149942001	0.573746520058	0.839770662156	0.625340734654	0.629138081199	1.6552600725	0.523640439826	0.690205480909	0.832663972934	0.855689400677	1.46394132914	0.990825563074	0.773354881585	0.708245456742	0.844922841953	0.822700807153	1.51110798453	0.699354910585	0.78624138231	0.731157921701	0.487416292895	0.492746785887	0.966577573707	0.885409439343	0.611048898018	0.634020183664	1.06040521508	0.841386921218	0.799978902852	0.0	0.785722745288	0.666474939584	0.590180072499	0.84678439826	0.713452368294	0.297704847753	1.00215996133	0.903296549058	1.19326694055	1.09186009183	0.943988018366	0.952386669889	1.18815698888	1.15575656356	0.852428666022	0.951098719188	0.929051962301	0.868434137264	0.675184142098	1.10422207347	0.659663953601	0.986898231029	0.686796979217	1.0815638376
AD6	0.795856930884	0.639321227646	2.56771362494	1.22259729821	0.868973562107	0.436629487675	1.17146098598	0.442378878685	0.54085901885	0.878298806187	0.500393214113	0.702288013533	0.572810512325	2.21917551957	0.758085244079	0.705937167714	0.496484910585	0.45035619623	1.88969122765	1.43779901885	1.02612879169	0.737245118415	0.628140396327	0.607553334944	1.83961563074	0.86439141131	0.58254121798	0.544836742388	0.847840739488	0.929189125181	0.777154838086	0.573853267279	0.587828637023	0.472440338328	0.967737153214	0.759128738521	0.379345311745	0.785722745288	0.0	0.753451043983	0.453237752537	1.53912742388	1.40924012083	0.750570937651	0.611610430159	0.510955785404	0.922087694538	0.687620410826	0.847491053649	0.717997293378	0.723258206863	0.802202373127	0.486117404543	0.492341628806	0.494184963751	0.496766249396	0.592432087965	0.785777288545	0.599567839536	0.663167008217	0.429961996133	0.681033910101
AE5	0.581272663122	0.485049690672	2.30826283229	0.957776336394	0.636754833253	0.737720918318	0.815680275495	0.75935257129	0.937115350411	0.574849540841	0.984303339778	0.594709516675	0.674130043499	1.95094598357	0.61294301595	0.432470106332	0.849131034316	0.837379710005	1.47719742871	1.07043346544	0.958769869502	0.795082068632	0.98723898985	0.967534074432	1.37211037699	0.592893407443	0.918215094248	0.803729449009	0.800942522958	0.792139192847	0.940392851619	0.856650439826	0.841940019333	0.813378709522	0.870146244563	0.766987825036	0.886755311745	0.666474939584	0.753451043983	0.0	0.372300154664	1.21335548091	1.10607565974	0.588102841953	1.07111341228	1.03791782987	0.907440246496	0.883801111648	0.777359632673	0.742872938618	1.02003834703	0.953248970517	0.632915901402	0.740412518125	0.765139710005	0.65436680522	0.545487307878	0.874806602223	0.539844876752	0.767442063799	0.623442445626	0.904423059449
AE6	0.589955737071	0.392666539391	2.38071249879	1.00631116481	0.692848762687	0.500724929918	0.928674456259	0.504648298695	0.655127346544	0.65684462059	0.722685862736	0.532991623973	0.443773832769	2.02392301595	0.513038260029	0.448887506042	0.654300130498	0.654345915901	1.61816378927	1.18724983084	0.914513939101	0.675239342678	0.80720482842	0.776698820686	1.57900936201	0.636975350411	0.729034668922	0.636514456259	0.706603566941	0.753879115515	0.83523558724	0.722476868052	0.626641846303	0.542077240213	0.871576384727	0.635854755921	0.643940009667	0.590180072499	0.453237752537	0.372300154664	0.0	1.30344585307	1.17828768487	0.515850778154	0.831244722088	0.773421135814	0.914330831319	0.750552759787	0.712099864669	0.634378168197	0.86876979217	0.824770033833	0.494216568391	0.576446022233	0.565133939101	0.47724959884	0.424888168197	0.778282996617	0.415063359111	0.632259540841	0.435978956017	0.754404035766
AF5	1.26203869986	1.17404764621	1.31719649589	0.627422740454	1.19031542774	1.39312250846	0.885862609957	1.28385246013	1.36128723538	1.0081679217	1.52177011116	1.24861522475	1.31260312711	0.973688598357	1.0948801015	1.23686034799	1.46474019333	1.5177622958	0.963164441759	0.683706868052	1.19226163847	1.23173358627	1.41674030933	1.4356820348	1.46499023683	1.20788249879	1.39911971967	1.31654777187	0.95415760754	0.910295466409	1.49752935718	1.45971276462	1.24082173514	1.33592936684	1.5921579072	1.49486371194	1.61686825036	0.84678439826	1.53912742388	1.21335548091	1.30344585307	0.0	0.181800420493	0.972273122281	1.73998751087	1.63861974867	1.73708860319	1.69869155631	1.54765142098	1.59568334461	1.8043680377	1.78034567907	1.54405433059	1.64859668922	1.62572730304	1.55956897535	1.24958275979	1.73175768487	1.26572734654	1.6301658289	1.37968734171	1.6939940551
AF6	1.15220868052	1.04903645723	1.42313364911	0.532148090865	1.08920241179	1.26730245529	0.790537984534	1.15043168197	1.23621479942	0.877528342194	1.39870084582	1.14235360561	1.18003367811	1.08802740454	0.98768638956	1.11261604157	1.34194275012	1.39010714355	1.02491637506	0.691777496375	1.09652739488	1.10768566457	1.28761953117	1.30531629773	1.46449733688	1.08186432093	1.26533856452	1.18420307878	0.836553968101	0.800925630739	1.37769622523	1.33419768004	1.11814446593	1.20583612856	1.4929880812	1.38825231029	1.48515560174	0.713452368294	1.40924012083	1.10607565974	1.17828768487	0.181800420493	0.0	0.848663731271	1.60799648623	1.51078612373	1.64293706622	1.59015304978	1.44936848719	1.49327151764	1.68436288062	1.68055559207	1.41877236346	1.51957981634	1.49280691155	1.42972880619	1.12449413243	1.63044254229	1.13768592073	1.5245922813	1.24868868052	1.58742251812
AG5	0.741412469792	0.442197317545	2.09317292412	0.793537960367	0.619275016916	0.606180937651	0.739788453359	0.571517365877	0.712831445143	0.537729946834	0.824942440793	0.516414862252	0.576900724988	1.74249597873	0.44324099565	0.592634601257	0.824349971	0.820039632673	1.49466471725	1.01250133398	0.748748032866	0.700328999517	0.881844354761	0.857747849203	1.44797635089	0.620080202997	0.799219009183	0.730152880619	0.525327075882	0.522421802803	0.949252455292	0.85525698405	0.626578211696	0.627163214113	0.987101169647	0.758063726438	0.803025664572	0.297704847753	0.750570937651	0.588102841953	0.515850778154	0.972273122281	0.848663731271	0.0	0.9564680087	0.883565804737	1.09178179314	0.993517486709	0.839409241179	0.85524980667	1.1139062639	1.06523589174	0.750710604157	0.847501227646	0.85331842436	0.756771068149	0.634903064282	0.999968970517	0.600565940068	0.86272839536	0.658622484292	1.0059920493
