	AA3	AA4	AB3	AB4	AC3	AC4	AD3	AD4	AE3	AE4	AF3	AF4	AG3	AG4	AH3	AH4	AA7	AA8	AB7	AB8	AC7	AC8	AD7	AD8	AE7	AE8	AF7	AF8	AG7	AG8	AH7	AH8	AA5	AA6	AB5	AB6	AC5	AC6	AD6	AE5	AE6	AF5	AF6	AG5	AH5	AH6	AA1	AA2	AB1	AB2	AC1	AC2	AD1	AD2	AE1	AE2	AF1	AF2	AG1	AG2	AH1	AH2
AA3	0.0	0.491959951667	2.28159899952	1.00880045433	0.846641459642	0.739723769937	0.917097539874	0.731565306912	0.841599942001	0.701435872402	0.909731435476	0.700665335911	0.653007423876	1.94633299662	0.718034485259	0.223182527791	0.701026278395	0.742543431609	1.44616289995	1.06800656356	0.85397460609	0.687672102465	0.833550676655	0.83075502175	1.39584265829	0.618904016433	0.723408859352	0.620873702272	0.682960198163	0.704262445626	0.745153992267	0.576942261962	0.833124997583	0.812695355244	1.0742882987	0.88402482842	0.886359830836	0.782421246979	0.728157182214	0.593632179797	0.558312721121	1.23926288545	1.14643751087	0.682036321895	1.07688424843	1.06868847269	0.956199942001	0.877445437409	0.89789319478	0.81271542291	0.997078303528	0.922902145964	0.623271788304	0.679232682455	0.712962049299	0.625322034799	0.515865964234	0.859271643306	0.482481672305	0.855332073465	0.577571739971	0.872380425326
AA4	0.491959951667	0.0	2.24664520541	0.938295505075	0.610906940551	0.566417757371	0.855617404543	0.504549540841	0.658475833736	0.596008525858	0.790061014983	0.428530536491	0.418539091348	1.90656109715	0.312072774287	0.332036457226	0.664023629773	0.665832382794	1.54333698405	1.06777964234	0.857954915418	0.684442551957	0.853502382794	0.849182039633	1.48590616723	0.624965166747	0.716429942001	0.64092858869	0.603433064282	0.672590082165	0.866596911551	0.718374741421	0.643093233446	0.647210106332	0.937697568874	0.691359869502	0.761627129048	0.544597486709	0.616044519091	0.546306911551	0.392549888835	1.14033839053	1.0563462204	0.45910117448	0.949011430643	0.918454717255	0.935061469309	0.796204876752	0.72680378927	0.741242150797	0.943293354277	0.874743460609	0.599071053649	0.656574441759	0.685457254712	0.605003658772	0.44919681972	0.821991449976	0.424083808603	0.776538105365	0.488953934268	0.778360550991
AB3	2.28159899952	2.24664520541	0.0	1.42741130498	2.20944235379	2.38523724988	1.90929037216	2.28615337361	2.31756358144	2.08698576607	2.51532639439	2.29695698888	2.31355960851	0.383321034316	2.15526422426	2.28418960851	2.44782724021	2.51005311261	1.20607272595	1.45490938134	2.02366935234	2.17917941518	2.43126033833	2.41334375544	1.90504295312	2.13195552441	2.35560956017	2.30832127598	1.90918460126	1.82309333494	2.44613762204	2.42565941518	2.27802339778	2.38918801353	2.55355138714	2.48162250362	2.62858347028	1.9687878347	2.5379022233	2.30278072982	2.39850878202	1.36675966167	1.43503603673	2.07290338328	2.74337151281	2.697099971	2.68818130015	2.68558625423	2.52122352344	2.60741722571	2.77282921218	2.72254768004	2.56056400193	2.61288359111	2.62200618173	2.59010763654	2.30948924601	2.67205009183	2.2831602465	2.64939801353	2.36942105365	2.6657239681
AB4	1.00880045433	0.938295505075	1.42741130498	0.0	0.959919110681	1.06667158047	0.77775462059	1.0373559594	1.12987080715	0.829990033833	1.22281817303	1.00469099082	0.919847549541	1.07563962784	0.889242759787	0.984704702755	1.1675119623	1.22725714838	0.984153823103	0.515490314161	0.950801681972	0.946090304495	1.18606057516	1.17334884485	1.2914497825	0.913666230063	1.12322732238	1.05620672305	0.671927351377	0.593615002417	1.28141342194	1.17647410343	1.08497788304	1.15046190913	1.39856960367	1.2712018608	1.39889916385	0.775793629773	1.22708123248	1.01259362011	1.1028939391	0.531365282745	0.484954688255	0.813183455776	1.51037112131	1.4661401595	1.49369849203	1.42679521991	1.29761741904	1.36086025616	1.57036743838	1.49033499275	1.28024355244	1.34653433543	1.36564554857	1.30130902368	1.04111542774	1.43758928468	1.00740153697	1.41758297728	1.0705201305	1.41765703238
AC3	0.846641459642	0.610906940551	2.20944235379	0.959919110681	0.0	0.758846747221	0.862559975834	0.831024243596	0.987023093282	0.642093871435	1.0459281392	0.304216761721	0.774592353794	1.87338300145	0.658916882552	0.756569458676	0.971062266796	0.963277109715	1.48428940551	1.06129080715	1.04947745771	1.013759739	1.21741966651	1.21522741421	1.34932774287	0.811295074915	1.06946720638	1.01158710005	0.863942605123	0.900349424843	1.16831904785	1.02955582407	0.979598376027	0.972610724988	0.782450106332	0.727593054616	0.96641561624	0.743918598357	0.844062518125	0.658845509908	0.683740705655	1.12075152731	1.07090080715	0.639618129531	1.1650742436	1.14221480425	0.891631773804	0.930876515225	0.722114519091	0.800724809087	1.0612660464	0.941276771387	0.737716650556	0.846412063799	0.850629038183	0.796686394393	0.833660067666	0.884400072499	0.774532237796	0.900899468342	0.8386979942	0.887239449009
AC4	0.739723769937	0.566417757371	2.38523724988	1.06667158047	0.758846747221	0.0	1.10054467376	0.370464021266	0.460021121315	0.83205842436	0.349279062349	0.526103006283	0.487407491542	2.04783666989	0.695204693088	0.666636708555	0.576185901402	0.525845442243	1.81052687289	1.3409142871	0.908395447076	0.584446573224	0.631688840019	0.629062339294	1.71834348961	0.790587187047	0.538388482359	0.532095654906	0.663340439826	0.748233649106	0.794950763654	0.666313900435	0.481328071532	0.411471662639	1.01450236346	0.749624925085	0.55729381827	0.634455176414	0.425896515225	0.803343943934	0.478344523925	1.29701435959	1.21450060416	0.575357066216	0.707685244079	0.653933895602	1.06548926051	0.833417288545	0.821247114548	0.858412542291	0.905866249396	0.972116027066	0.621460072499	0.640603228613	0.685671735138	0.662480391493	0.609298521025	0.958608163364	0.651493649106	0.828161894635	0.465268627356	0.825059758337
AD3	0.917097539874	0.855617404543	1.90929037216	0.77775462059	0.862559975834	1.10054467376	0.0	0.98499279362	1.23649832286	0.368027003383	1.33671201063	0.928185321411	1.01731849686	1.56581423876	0.780331609473	0.873659739004	1.17450487192	1.19984817303	1.30351531658	0.842715741904	0.869925717738	0.947122440793	1.27459521508	1.27554707105	1.22464660706	0.820882880619	1.15827199613	1.07091700338	0.859849608507	0.790321706138	1.16292444659	1.07359501692	1.16977381827	1.16090132431	1.19204492025	1.06438651522	1.24921121315	0.733619888835	1.14517271145	0.790435896568	0.946111169647	0.82578262929	0.730462745288	0.735728090865	1.41794490092	1.39308331561	1.36546623006	1.34608650556	1.12942058482	1.18426800387	1.4654182987	1.3763841711	1.14686927018	1.22069473659	1.21354076849	1.14368271629	0.937356051232	1.28810687289	0.907325079749	1.24933047366	1.07469984534	1.29077339294
AD4	0.731565306912	0.504549540841	2.28615337361	1.0373559594	0.831024243596	0.370464021266	0.98499279362	0.0	0.296081614306	0.680502049299	0.508443731271	0.623885403577	0.493559845336	1.94743730788	0.584793267279	0.637803127115	0.534699579507	0.505102474625	1.78893424843	1.28928	0.877245480909	0.526672953117	0.5463640261	0.540126041566	1.74294514258	0.782860140164	0.452212957951	0.426176215563	0.571857278879	0.684107520541	0.783270251329	0.663135340744	0.311375099082	0.382394050266	1.10593953117	0.821332281295	0.565016843886	0.505332856452	0.493997404543	0.766374886419	0.495437187047	1.18316870469	1.0970319623	0.519613711938	0.725785099082	0.664445901402	1.13488244563	0.882413334944	0.922045103915	0.963069816336	0.945787525375	1.0362782407	0.703685814403	0.653124475592	0.709794055099	0.732666365394	0.520511512808	1.03192945868	0.58834381827	0.932134325761	0.472466810053	0.879455128081
AE3	0.841599942001	0.658475833736	2.31756358144	1.12987080715	0.987023093282	0.460021121315	1.23649832286	0.296081614306	0.0	0.93820641856	0.380454625423	0.791856993717	0.583718231029	1.98737133398	0.73150980667	0.776623513775	0.55540377477	0.515894403093	1.92609756404	1.43851611406	0.995172121798	0.638913919768	0.460949072015	0.434060057999	1.8945442726	0.94214861769	0.434790753987	0.481783591107	0.705177230546	0.81225477042	0.884163784437	0.774594055099	0.233161585307	0.331032522958	1.23695411793	0.966423687772	0.573604122765	0.670053349444	0.618374717255	0.978308786854	0.650175466409	1.26758718705	1.19148224746	0.69328499275	0.757024586757	0.654427709038	1.2660701305	0.999545369744	1.06529278879	1.10388433543	1.0518141566	1.16060821653	0.830221145481	0.789859400677	0.832341643306	0.865273856936	0.662731609473	1.16925944418	0.736613552441	1.06671470275	0.57670477042	1.00599680039
AE4	0.701435872402	0.596008525858	2.08698576607	0.829990033833	0.642093871435	0.83205842436	0.368027003383	0.680502049299	0.93820641856	0.0	1.06855416143	0.665479961334	0.763873504108	1.74271334461	0.569335509908	0.634819763171	0.887376080232	0.924117303045	1.43090071532	0.971173407443	0.780694780087	0.742557158047	1.00089046399	1.0041019333	1.318600058	0.598413528275	0.874430299662	0.785308743354	0.616652861286	0.635756645723	0.958866239729	0.840566051232	0.888817496375	0.890625814403	0.977963533108	0.846569149348	0.95940361044	0.543310294828	0.870936012566	0.564117196713	0.671459265346	0.927910425326	0.8426620058	0.485891237313	1.16780109715	1.13841694055	1.11947363944	1.08948460609	0.911536268729	0.963886230063	1.23274363944	1.13869554374	0.919346945384	0.936670826486	0.948284340261	0.885767776704	0.677373030449	1.05772797003	0.647083479942	1.02906265829	0.790256147898	1.03882880619
AF3	0.909731435476	0.790061014983	2.51532639439	1.22281817303	1.0459281392	0.349279062349	1.33671201063	0.508443731271	0.380454625423	1.06855416143	0.0	0.805503992267	0.664520367327	2.17873024166	0.904057269212	0.875188105365	0.551853653939	0.475254335428	2.01429885935	1.54189524408	1.08047344611	0.759908757854	0.423344780087	0.405763450942	1.96078411793	1.01187500725	0.481724499758	0.591857829869	0.831710086999	0.921452305462	0.831432000967	0.756026176897	0.465263122281	0.421386607057	1.18789846786	0.957780352827	0.462378593523	0.827192102465	0.495104973417	1.03153037216	0.669211135814	1.45857636056	1.38085604157	0.812370086999	0.649697733204	0.552134233929	1.18856930884	0.932672097632	1.06101779604	1.02442929435	0.998301841469	1.07895506042	0.768024838086	0.705825799903	0.755009560174	0.756181019816	0.803698453359	1.0689981972	0.864926853552	0.967640038666	0.59022261479	0.929144581924
AF4	0.700665335911	0.428530536491	2.29695698888	1.00469099082	0.304216761721	0.526103006283	0.928185321411	0.623885403577	0.791856993717	0.665479961334	0.805503992267	0.0	0.584885326245	1.95744975834	0.550659144514	0.591812938618	0.818552319961	0.785467501208	1.60194361527	1.1297581247	0.945528226196	0.823925045916	1.02282923635	1.01705006283	1.47160704688	0.671796254229	0.877037056549	0.818388550024	0.745423243113	0.782268999517	1.00736196713	0.872132846786	0.780116346061	0.759849458676	0.799462904785	0.579525534074	0.750514504592	0.624394142098	0.651368685355	0.606770826486	0.502210082165	1.1765842581	1.11626748671	0.516927138714	0.946283852102	0.916088221363	0.816305442243	0.770117056549	0.590073475109	0.643524441759	0.92073	0.823453233446	0.556613247946	0.668634470759	0.70318699855	0.646321706138	0.646496433059	0.758913073949	0.60412038666	0.727087907202	0.652064644756	0.730724330594
AG3	0.653007423876	0.418539091348	2.31355960851	0.919847549541	0.774592353794	0.487407491542	1.01731849686	0.493559845336	0.583718231029	0.763873504108	0.664520367327	0.584885326245	0.0	1.95752646206	0.481328559691	0.556225012083	0.571558313195	0.554270807153	1.72230674722	1.23099403577	0.918542513291	0.629100937651	0.724599811503	0.734449502175	1.62222522958	0.740740807153	0.585021493475	0.562595645239	0.622946955051	0.734285461576	0.844439705172	0.692285993233	0.57244677622	0.542688917351	1.01343764621	0.761143794103	0.726153064282	0.59710118898	0.565879531174	0.730603189947	0.437666370227	1.22638750604	1.14354294345	0.569240149831	0.881110038666	0.844970086999	0.998965906235	0.778306433059	0.791049270179	0.825215190913	0.932679772837	0.898091860802	0.596231469309	0.665036771387	0.699448883519	0.62762477042	0.465077796037	0.907888675689	0.484247617206	0.804140985984	0.401284103432	0.770562687289
AG4	1.94633299662	1.90656109715	0.383321034316	1.07563962784	1.87338300145	2.04783666989	1.56581423876	1.94743730788	1.98737133398	1.74271334461	2.17873024166	1.95744975834	1.95752646206	0.0	1.81813978734	1.94109913968	2.11307936201	2.17318217013	0.956903948768	1.12971082165	1.68644128081	1.83722971967	2.09468274529	2.07674290478	1.64093940551	1.79516260996	2.01765873369	1.967340145	1.57543574674	1.4842217738	2.12961116481	2.08956221846	1.949669942	2.04963386177	2.22971358144	2.14837465442	2.29185330111	1.63405800387	2.19703280812	1.96410315611	2.0584361479	1.03716101498	1.11203347511	1.73522492025	2.40392512325	2.35825349444	2.34777013533	2.34088954084	2.17784506042	2.26193764137	2.43653763171	2.38353376027	2.22350127598	2.27148126148	2.28569318028	2.24833912035	1.96846938134	2.33454910585	1.94686227646	2.30316667472	2.03317245046	2.32415180764
AH3	0.718034485259	0.312072774287	2.15526422426	0.889242759787	0.658916882552	0.695204693088	0.780331609473	0.584793267279	0.73150980667	0.569335509908	0.904057269212	0.550659144514	0.481328559691	1.81813978734	0.0	0.557746486225	0.756756143064	0.768019250846	1.55139163364	1.0773000725	0.870515625906	0.741307361044	0.909147046883	0.911196756887	1.46890033349	0.705511048816	0.784157709038	0.729443122281	0.622904098598	0.668741715805	0.994154045433	0.856681232479	0.669393992267	0.735326244563	1.03591042049	0.784050188497	0.890130333494	0.525568888352	0.785631338811	0.642466549058	0.577826945384	1.03106901885	0.952270517158	0.451684127598	1.06856556791	1.03135165781	1.05830401643	0.941088139198	0.829822895118	0.862878608023	1.05964748188	1.00320591107	0.786991793137	0.842826607057	0.852726481392	0.793700183664	0.560703852102	0.955873736104	0.535981077815	0.906793054616	0.631845964234	0.91641522958
AH4	0.223182527791	0.332036457226	2.28418960851	0.984704702755	0.756569458676	0.666636708555	0.873659739004	0.637803127115	0.776623513775	0.634819763171	0.875188105365	0.591812938618	0.556225012083	1.94109913968	0.557746486225	0.0	0.647390874819	0.673928559691	1.46606284679	1.06931257129	0.844449014016	0.65109417593	0.815461449976	0.813810947318	1.4265562059	0.622708168197	0.684641082649	0.607344862252	0.649149337844	0.705832474625	0.770511541808	0.581681232479	0.762443977767	0.729284349927	0.991711677139	0.777557834703	0.8261259739	0.693510715321	0.657489888835	0.521909139681	0.457451333978	1.20965478009	1.1188838666	0.573899942001	1.00786595457	0.989164668922	0.919022508458	0.815146215563	0.799061058482	0.747473562107	0.947344291928	0.87275038666	0.569206167231	0.634932580957	0.67360842436	0.586539942001	0.402777617206	0.813969057516	0.372735964234	0.779038632189	0.512274074432	0.80589102465
AA7	0.701026278395	0.664023629773	2.44782724021	1.1675119623	0.971062266796	0.576185901402	1.17450487192	0.534699579507	0.55540377477	0.887376080232	0.551853653939	0.818552319961	0.571558313195	2.11307936201	0.756756143064	0.647390874819	0.0	0.179588637023	1.75913320928	1.31089191397	0.977851672305	0.604784528758	0.478385142581	0.497364277429	1.71598295312	0.83264918318	0.387394055099	0.383301246979	0.728337834703	0.83770258579	0.610447965201	0.430512803287	0.538593760271	0.562274963751	1.21799569841	1.00868956984	0.608877264379	0.827438525858	0.529878250362	0.901521686805	0.647251449976	1.38546575157	1.30998173997	0.812833272112	0.828380753987	0.762280106332	1.10741537458	0.872786785887	1.06982814403	0.996728139198	0.908764146931	1.00377579024	0.710708119865	0.651798951184	0.695898777187	0.701161034316	0.49878557274	0.985101739971	0.558953296278	0.968378013533	0.450296877719	0.869258458192
AA8	0.742543431609	0.665832382794	2.51005311261	1.22725714838	0.963277109715	0.525845442243	1.19984817303	0.505102474625	0.515894403093	0.924117303045	0.475254335428	0.785467501208	0.554270807153	2.17318217013	0.768019250846	0.673928559691	0.179588637023	0.0	1.81995496375	1.36274753021	0.981568719188	0.610499168681	0.472444925085	0.493992692122	1.75676048333	0.84956958434	0.391011778637	0.415097742871	0.757464074432	0.875003731271	0.604562508458	0.427914693088	0.503281507975	0.494259502175	1.15363158531	0.953398438859	0.510886558724	0.807599362011	0.497645592073	0.881390729821	0.625280686322	1.4521239681	1.37341743354	0.768553238279	0.706943948768	0.646538912518	1.08190517158	0.833902063799	1.01936558724	0.949497704205	0.870880691155	0.963704146931	0.665198999517	0.59489742871	0.634527394877	0.637884393427	0.565558762687	0.960256051232	0.603285045916	0.914063537941	0.432562672789	0.839734915418
AB7	1.44616289995	1.54333698405	1.20607272595	0.984153823103	1.48428940551	1.81052687289	1.30351531658	1.78893424843	1.92609756404	1.43090071532	2.01429885935	1.60194361527	1.72230674722	0.956903948768	1.55139163364	1.46606284679	1.75913320928	1.81995496375	0.0	0.545636239729	1.51721062349	1.59933876269	1.92470306912	1.92608703722	1.06250441759	1.39758076849	1.80622971967	1.71470308845	1.35051260996	1.23888423393	1.71271882552	1.62807118415	1.85781391977	1.90681735621	1.86978430643	1.82438703238	1.98418884002	1.49964990817	1.85082219913	1.48258189464	1.66174075399	1.00459423393	1.04195277429	1.50273177864	2.15915093765	2.14164629773	1.92934492992	1.95963206863	1.81531476075	1.81756032383	2.05664952634	1.98349267279	1.79416665539	1.84076562591	1.85137270179	1.80108718705	1.62712970517	1.89657885452	1.57204807153	1.88135059449	1.7280778782	1.94315451909
AB8	1.06800656356	1.06777964234	1.45490938134	0.515490314161	1.06129080715	1.3409142871	0.842715741904	1.28928	1.43851611406	0.971173407443	1.54189524408	1.1297581247	1.23099403577	1.12971082165	1.0773000725	1.06931257129	1.31089191397	1.36274753021	0.545636239729	0.0	1.06626492025	1.12514242629	1.44313595457	1.43168264862	1.11511444176	0.956063649106	1.32340649106	1.21963698888	0.839385959401	0.745527162881	1.29274912035	1.24156474625	1.37797625906	1.42766536974	1.45589107298	1.37728637506	1.51849478492	1.00611009183	1.39628906235	1.08307294345	1.21845699372	0.688530463992	0.688023175447	1.02769337361	1.69664658772	1.66380510875	1.58499165781	1.53814035283	1.40792814886	1.42351522958	1.65405440793	1.58793970034	1.41341021266	1.43996414693	1.45392741421	1.41701941518	1.17644840986	1.52700496375	1.14716604157	1.49473136781	1.24022961334	1.52282416626
AC7	0.85397460609	0.857954915418	2.02366935234	0.950801681972	1.04947745771	0.908395447076	0.869925717738	0.877245480909	0.995172121798	0.780694780087	1.08047344611	0.945528226196	0.918542513291	1.68644128081	0.870515625906	0.844449014016	0.977851672305	0.981568719188	1.51721062349	1.06626492025	0.0	0.470148496858	0.984603668439	0.983329463509	1.42011517641	0.658037230546	0.899175248913	0.815216466892	0.630325650072	0.605975669406	0.841365524408	0.800799342678	0.929817283712	0.930803726438	1.25800557274	1.11463438859	1.1456880667	0.797847723538	1.0694941856	0.968118936684	0.946370807153	1.19025297728	1.09449898985	0.731946964717	1.117309826	1.09083688255	1.45483299178	1.39767126631	1.22900473659	1.24156501208	1.52077691155	1.46311252779	1.10327545191	1.17042084099	1.20602974384	1.11086548574	0.909531561141	1.38464579507	0.864128864186	1.26776454326	0.894928762687	1.37538260996
AC8	0.687672102465	0.684442551957	2.17917941518	0.946090304495	1.013759739	0.584446573224	0.947122440793	0.526672953117	0.638913919768	0.742557158047	0.759908757854	0.823925045916	0.629100937651	1.83722971967	0.741307361044	0.65109417593	0.604784528758	0.610499168681	1.59933876269	1.12514242629	0.470148496858	0.0	0.619054514258	0.63920157564	1.52927689705	0.627089362011	0.467951140648	0.392389487675	0.489388859352	0.561503238279	0.615324171097	0.47976442726	0.574138550024	0.60158781537	1.17987727888	0.916391691638	0.822389671339	0.669887472209	0.726318448526	0.853383228613	0.680459835669	1.16785666022	1.07969433059	0.646543842436	0.886023890768	0.836558844853	1.3073382697	1.06926349444	1.05315159981	1.06625496858	1.19239667956	1.20900520058	0.832195036249	0.846457196713	0.886474838086	0.863427689705	0.562445161914	1.18517358627	0.609427017883	1.02321998067	0.548877530208	1.05902080232
AD7	0.833550676655	0.853502382794	2.43126033833	1.18606057516	1.21741966651	0.631688840019	1.27459521508	0.5463640261	0.460949072015	1.00089046399	0.423344780087	1.02282923635	0.724599811503	2.09468274529	0.909147046883	0.815461449976	0.478385142581	0.472444925085	1.92470306912	1.44313595457	0.984603668439	0.619054514258	0.0	0.128770077332	1.88532090382	0.896437767037	0.359229618173	0.423648767521	0.715287588207	0.818839434509	0.714269250846	0.636202373127	0.487852938618	0.505934809087	1.3517097245	1.12250522958	0.603233794103	0.828318332528	0.687728284195	1.0732637071	0.820456379894	1.3794042726	1.29413594973	0.861891599807	0.764893291445	0.66898160464	1.32770833736	1.06871088449	1.22328315611	1.19496581924	1.11085463509	1.21833949251	0.918456075399	0.822290927985	0.869317278879	0.908660067666	0.702431101982	1.22077043983	0.770369710005	1.14141027066	0.588555118415	1.06552855002
AD8	0.83075502175	0.849182039633	2.41334375544	1.17334884485	1.21522741421	0.629062339294	1.27554707105	0.540126041566	0.434060057999	1.0041019333	0.405763450942	1.01705006283	0.734449502175	2.07674290478	0.911196756887	0.813810947318	0.497364277429	0.493992692122	1.92608703722	1.43168264862	0.983329463509	0.63920157564	0.128770077332	0.0	1.85219515708	0.866159618173	0.380915857902	0.443939482842	0.707905002417	0.808938298695	0.732677452876	0.64478279362	0.473917680039	0.505636167231	1.37815191397	1.13794061382	0.634177510875	0.838565500242	0.691907912035	1.07210341228	0.82165139681	1.36713886419	1.28214885935	0.867932464959	0.784886326728	0.687391894635	1.35790051232	1.09151335428	1.23773650072	1.20413650556	1.14262614306	1.24513127115	0.944073247946	0.851006041566	0.897676278395	0.935591111648	0.735707713871	1.24892176414	0.809770430159	1.15791588207	0.596987844369	1.09238492025
AE7	1.39584265829	1.48590616723	1.90504295312	1.2914497825	1.34932774287	1.71834348961	1.22464660706	1.74294514258	1.8945442726	1.318600058	1.96078411793	1.47160704688	1.62222522958	1.64093940551	1.46890033349	1.4265562059	1.71598295312	1.75676048333	1.06250441759	1.11511444176	1.42011517641	1.52927689705	1.88532090382	1.85219515708	0.0	1.01394313678	1.781449971	1.66493971484	1.36462140648	1.31753208313	1.57416605607	1.52962223296	1.84714982117	1.85448267279	1.70290317545	1.71157141131	1.91525687289	1.52669548574	1.79386919768	1.344799739	1.62107759304	1.44901971484	1.44190743838	1.45274282745	2.03288751571	2.03504889802	1.74498615756	1.84796646206	1.6567561334	1.62064796037	1.96553357661	1.81981922668	1.67351061866	1.74553952634	1.74117842436	1.64157631223	1.59998547124	1.75051252296	1.52055570807	1.73044276462	1.67005300628	1.8122062929
AE8	0.618904016433	0.624965166747	2.13195552441	0.913666230063	0.811295074915	0.790587187047	0.820882880619	0.782860140164	0.94214861769	0.598413528275	1.01187500725	0.671796254229	0.740740807153	1.79516260996	0.705511048816	0.622708168197	0.83264918318	0.84956958434	1.39758076849	0.956063649106	0.658037230546	0.627089362011	0.896437767037	0.866159618173	1.01394313678	0.0	0.8260060029	0.709794983084	0.584748438859	0.580364741421	0.796291986467	0.704834349927	0.887727767037	0.891371019816	1.11395331078	0.946620927985	0.979320676655	0.715394214596	0.889552624456	0.698415886902	0.744333992267	1.12552337361	1.02644742388	0.639908651522	1.13119093282	1.11710795553	1.1779337796	1.12575333011	0.962042247463	0.986272276462	1.26455374577	1.20797589657	0.909166428226	0.945735219913	0.979036379894	0.900824185597	0.73064258579	1.14323325278	0.684320285162	1.03437660222	0.744336742388	1.1014580522
AF7	0.723408859352	0.716429942001	2.35560956017	1.12322732238	1.06946720638	0.538388482359	1.15827199613	0.452212957951	0.434790753987	0.874430299662	0.481724499758	0.877037056549	0.585021493475	2.01765873369	0.784157709038	0.684641082649	0.387394055099	0.391011778637	1.80622971967	1.32340649106	0.899175248913	0.467951140648	0.359229618173	0.380915857902	1.781449971	0.8260060029	0.0	0.215250700822	0.612830111165	0.748748907685	0.671657351377	0.584056292895	0.415448521025	0.429004794587	1.21070676655	0.975506834219	0.556350855486	0.741124084099	0.6048520058	0.94149921218	0.678522363461	1.31500081199	1.23560113098	0.73805900435	0.750969463509	0.693481817303	1.23662150314	0.991716288062	1.07326410343	1.07496205897	1.03579232479	1.13577004833	0.794800357661	0.764595113581	0.813878255196	0.834024736588	0.54723182697	1.12388138231	0.604162025133	1.03303122765	0.47680882552	0.985273499275
AF8	0.620873702272	0.64092858869	2.30832127598	1.05620672305	1.01158710005	0.532095654906	1.07091700338	0.426176215563	0.481783591107	0.785308743354	0.591857829869	0.818388550024	0.562595645239	1.967340145	0.729443122281	0.607344862252	0.383301246979	0.415097742871	1.71470308845	1.21963698888	0.815216466892	0.392389487675	0.423648767521	0.443939482842	1.66493971484	0.709794983084	0.215250700822	0.0	0.552342522958	0.67221179797	0.639159168681	0.524164625423	0.463311933301	0.479303760271	1.17902422426	0.941088728855	0.603350275495	0.703840391493	0.576556877719	0.861660053166	0.617346085065	1.25926050266	1.17332564524	0.699882909618	0.811291648139	0.759638733688	1.19298962301	0.94204279362	1.01361661189	1.03301768971	0.999339719671	1.09623744321	0.763040106332	0.721735886902	0.779795335911	0.789750188497	0.496887767037	1.08419468342	0.557137549541	0.995592136298	0.432030024166	0.937612319961
AG7	0.682960198163	0.603433064282	1.90918460126	0.671927351377	0.863942605123	0.663340439826	0.859849608507	0.571857278879	0.705177230546	0.616652861286	0.831710086999	0.745423243113	0.622946955051	1.57543574674	0.622904098598	0.649149337844	0.728337834703	0.757464074432	1.35051260996	0.839385959401	0.630325650072	0.489388859352	0.715287588207	0.707905002417	1.36462140648	0.584748438859	0.612830111165	0.552342522958	0.0	0.20086701305	0.827018144031	0.709877936201	0.640021251812	0.714178985017	1.22649064282	0.954341720638	0.901852817786	0.446588801353	0.791446089898	0.822178864186	0.67422720638	0.941398859352	0.853485838569	0.458952189464	1.04447941034	1.00088387627	1.28150781537	1.09255922668	1.06830702272	1.10292214596	1.21875913968	1.1823719043	0.890949463509	0.907966529725	0.942281193813	0.897328999517	0.63936319478	1.17456839053	0.624688308362	1.07339767521	0.628491541808	1.08200394877
AG8	0.704262445626	0.672590082165	1.82309333494	0.593615002417	0.900349424843	0.748233649106	0.790321706138	0.684107520541	0.81225477042	0.635756645723	0.921452305462	0.782268999517	0.734285461576	1.4842217738	0.668741715805	0.705832474625	0.83770258579	0.875003731271	1.23888423393	0.745527162881	0.605975669406	0.561503238279	0.818839434509	0.808938298695	1.31753208313	0.580364741421	0.748748907685	0.67221179797	0.20086701305	0.0	0.884292812953	0.784187916868	0.759010304495	0.822724074432	1.26696582407	1.02331327695	1.01693509425	0.465096036733	0.899100275495	0.860465316578	0.789777602707	0.87676322378	0.778239879169	0.504422054132	1.14818755437	1.09784146448	1.32928695022	1.20836031416	1.11924907685	1.15875119865	1.33695653456	1.29534860319	1.0223779072	1.03459894635	1.06366057999	1.01709548091	0.761344765587	1.2398401305	0.740971715805	1.19277043016	0.757963165781	1.19443667472
AH7	0.745153992267	0.866596911551	2.44613762204	1.28141342194	1.16831904785	0.794950763654	1.16292444659	0.783270251329	0.884163784437	0.958866239729	0.831432000967	1.00736196713	0.844439705172	2.12961116481	0.994154045433	0.770511541808	0.610447965201	0.604562508458	1.71271882552	1.29274912035	0.841365524408	0.615324171097	0.714269250846	0.732677452876	1.57416605607	0.796291986467	0.671657351377	0.639159168681	0.827018144031	0.884292812953	0.0	0.292562469792	0.901986065732	0.887493310778	1.18123947801	1.02314809087	0.816332044466	0.973565611406	0.793762474625	0.968097336878	0.824628260029	1.45893326245	1.36295474142	0.936137912035	0.97632962784	0.960209086515	1.26571895118	1.04275766071	1.18523019333	1.04522893185	1.13597089415	1.16888913968	0.856821430643	0.798486027066	0.819908772354	0.822880425326	0.74640217013	1.16297618173	0.783800565491	1.00968193813	0.68861178347	1.03495166264
AH8	0.576942261962	0.718374741421	2.42565941518	1.17647410343	1.02955582407	0.666313900435	1.07359501692	0.663135340744	0.774594055099	0.840566051232	0.756026176897	0.872132846786	0.692285993233	2.08956221846	0.856681232479	0.581681232479	0.430512803287	0.427914693088	1.62807118415	1.24156474625	0.800799342678	0.47976442726	0.636202373127	0.64478279362	1.52962223296	0.704834349927	0.584056292895	0.524164625423	0.709877936201	0.784187916868	0.292562469792	0.0	0.764893861769	0.736028530691	1.16446413243	0.959177907202	0.756954417593	0.857042203963	0.637912464959	0.825845925568	0.663693059449	1.37967716288	1.29264934268	0.814460140164	0.900653644273	0.869390309328	1.11277899468	0.900047322378	1.07016712421	0.920397046883	1.00524401643	1.02373081682	0.672949130014	0.6612460029	0.696076800387	0.670236959884	0.570421420976	0.996287486709	0.606576046399	0.888924224263	0.529526143064	0.892117303045
AA5	0.833124997583	0.643093233446	2.27802339778	1.08497788304	0.979598376027	0.481328071532	1.16977381827	0.311375099082	0.233161585307	0.888817496375	0.465263122281	0.780116346061	0.57244677622	1.949669942	0.669393992267	0.762443977767	0.538593760271	0.503281507975	1.85781391977	1.37797625906	0.929817283712	0.574138550024	0.487852938618	0.473917680039	1.84714982117	0.887727767037	0.415448521025	0.463311933301	0.640021251812	0.759010304495	0.901986065732	0.764893861769	0.0	0.258710898985	1.24534061382	0.955047477042	0.629367467376	0.596387491542	0.64766479942	0.901215427743	0.640244417593	1.19360996133	1.10571341228	0.622780468826	0.768795548574	0.687398951184	1.29908457226	1.04214144514	1.07736081199	1.13002493475	1.09673654422	1.19857911068	0.849782073465	0.815427665539	0.862086718221	0.8897539826	0.601293707105	1.19392503142	0.670098511358	1.08624643789	0.55707500725	1.04354850652
AA6	0.812695355244	0.647210106332	2.38918801353	1.15046190913	0.972610724988	0.411471662639	1.16090132431	0.382394050266	0.331032522958	0.890625814403	0.421386607057	0.759849458676	0.542688917351	2.04963386177	0.735326244563	0.729284349927	0.562274963751	0.494259502175	1.90681735621	1.42766536974	0.930803726438	0.60158781537	0.505934809087	0.505636167231	1.85448267279	0.891371019816	0.429004794587	0.479303760271	0.714178985017	0.822724074432	0.887493310778	0.736028530691	0.258710898985	0.0	1.11108167231	0.846970768487	0.518846921218	0.652847883035	0.539660560657	0.904098400193	0.542541193813	1.29811883035	1.20604970517	0.657439565007	0.564661730304	0.496798946351	1.17937367327	0.931573784437	0.955241503142	0.978054615756	0.994523702272	1.08288485742	0.712683315611	0.699649516675	0.741030135331	0.757400260996	0.610048453359	1.05734155631	0.688344751087	0.939123504108	0.521521488642	0.934753914935
AB5	1.0742882987	0.937697568874	2.55355138714	1.39856960367	0.782450106332	1.01450236346	1.19204492025	1.10593953117	1.23695411793	0.977963533108	1.18789846786	0.799462904785	1.01343764621	2.22971358144	1.03591042049	0.991711677139	1.21799569841	1.15363158531	1.86978430643	1.45589107298	1.25800557274	1.17987727888	1.3517097245	1.37815191397	1.70290317545	1.11395331078	1.21070676655	1.17902422426	1.22649064282	1.26696582407	1.18123947801	1.16446413243	1.24534061382	1.11108167231	0.0	0.389859410343	0.967911280812	1.08684397777	0.955549946834	0.854920217496	0.85374040116	1.50334262929	1.450599739	1.01926391493	1.01879671339	1.03135746738	0.878740845819	0.959714142098	0.774600507492	0.752324494925	1.08571776704	0.967831749638	0.803524736588	0.903549207347	0.930270666989	0.891644997583	1.03546905268	0.881500657322	1.0075720203	0.818386191397	1.04564028033	0.920267090382
AB6	0.88402482842	0.691359869502	2.48162250362	1.2712018608	0.727593054616	0.749624925085	1.06438651522	0.821332281295	0.966423687772	0.846569149348	0.957780352827	0.579525534074	0.761143794103	2.14837465442	0.784050188497	0.777557834703	1.00868956984	0.953398438859	1.82438703238	1.37728637506	1.11463438859	0.916391691638	1.12250522958	1.13794061382	1.71157141131	0.946620927985	0.975506834219	0.941088728855	0.954341720638	1.02331327695	1.02314809087	0.959177907202	0.955047477042	0.846970768487	0.389859410343	0.0	0.762628738521	0.811739163847	0.760699236346	0.76372720638	0.634588637023	1.38388628323	1.31301857902	0.740031377477	0.77620378927	0.772283363944	0.771225630739	0.71487239246	0.570530850652	0.549345055582	0.847282590623	0.767692300628	0.600295456742	0.71146457709	0.739878960851	0.716901672305	0.788074079265	0.698251648139	0.762457907202	0.578301686805	0.826867365877	0.674644741421
AC5	0.886359830836	0.761627129048	2.62858347028	1.39889916385	0.96641561624	0.55729381827	1.24921121315	0.565016843886	0.573604122765	0.95940361044	0.462378593523	0.750514504592	0.726153064282	2.29185330111	0.890130333494	0.8261259739	0.608877264379	0.510886558724	1.98418884002	1.51849478492	1.1456880667	0.822389671339	0.603233794103	0.634177510875	1.91525687289	0.979320676655	0.556350855486	0.603350275495	0.901852817786	1.01693509425	0.816332044466	0.756954417593	0.629367467376	0.518846921218	0.967911280812	0.762628738521	0.0	0.820526916385	0.435355012083	0.935162798453	0.602413102948	1.55836448526	1.46424065732	0.79821020783	0.491328351861	0.450459304012	0.995659840503	0.745652962784	0.889459830836	0.853986128565	0.765154528758	0.858264615756	0.601157544708	0.523896070565	0.558858835186	0.611632247463	0.731279898502	0.880029047849	0.789266114065	0.802671459642	0.608878733688	0.73174438376
AC6	0.782421246979	0.544597486709	1.9687878347	0.775793629773	0.743918598357	0.634455176414	0.733619888835	0.505332856452	0.670053349444	0.543310294828	0.827192102465	0.624394142098	0.59710118898	1.63405800387	0.525568888352	0.693510715321	0.827438525858	0.807599362011	1.49964990817	1.00611009183	0.797847723538	0.669887472209	0.828318332528	0.838565500242	1.52669548574	0.715394214596	0.741124084099	0.703840391493	0.446588801353	0.465096036733	0.973565611406	0.857042203963	0.596387491542	0.652847883035	1.08684397777	0.811739163847	0.820526916385	0.0	0.760570444659	0.735553571774	0.618766060899	0.776602479459	0.680939782504	0.300888898018	1.01506179314	0.957183687772	1.15270117931	1.03863152731	0.93952638956	0.996423852102	1.15647568391	1.1305482842	0.847905621073	0.879061933301	0.926054925085	0.869285843403	0.638928912518	1.07953564524	0.635226292895	1.00745832769	0.637613731271	1.01552849686
AD6	0.728157182214	0.616044519091	2.5379022233	1.22708123248	0.844062518125	0.425896515225	1.14517271145	0.493997404543	0.618374717255	0.870936012566	0.495104973417	0.651368685355	0.565879531174	2.19703280812	0.785631338811	0.657489888835	0.529878250362	0.497645592073	1.85082219913	1.39628906235	1.0694941856	0.726318448526	0.687728284195	0.691907912035	1.79386919768	0.889552624456	0.6048520058	0.576556877719	0.791446089898	0.899100275495	0.793762474625	0.637912464959	0.64766479942	0.539660560657	0.955549946834	0.760699236346	0.435355012083	0.760570444659	0.0	0.758921609473	0.386363987434	1.46144452392	1.37594707588	0.753951348478	0.663966515225	0.617267559207	0.868283726438	0.621232286129	0.813751014983	0.730599961334	0.694779236346	0.769061657806	0.510146428226	0.444405717738	0.487966326728	0.501450024166	0.565817008217	0.759279545674	0.628724200097	0.692724702755	0.419801082649	0.626030531658
AE5	0.593632179797	0.546306911551	2.30278072982	1.01259362011	0.658845509908	0.803343943934	0.790435896568	0.766374886419	0.978308786854	0.564117196713	1.03153037216	0.606770826486	0.730603189947	1.96410315611	0.642466549058	0.521909139681	0.901521686805	0.881390729821	1.48258189464	1.08307294345	0.968118936684	0.853383228613	1.0732637071	1.07210341228	1.344799739	0.698415886902	0.94149921218	0.861660053166	0.822178864186	0.860465316578	0.968097336878	0.825845925568	0.901215427743	0.904098400193	0.854920217496	0.76372720638	0.935162798453	0.735553571774	0.758921609473	0.0	0.455601440309	1.15642849203	1.08565148864	0.6228979942	1.13707643789	1.12315704688	0.909390439826	0.870137955534	0.807737757371	0.700167225713	1.02189244563	0.920037612373	0.666233025616	0.7495700145	0.756160212663	0.639630831319	0.614782435959	0.846568124698	0.553073455776	0.784419922668	0.705281686805	0.861973262446
AE6	0.558312721121	0.392549888835	2.39850878202	1.1028939391	0.683740705655	0.478344523925	0.946111169647	0.495437187047	0.650175466409	0.671459265346	0.669211135814	0.502210082165	0.437666370227	2.0584361479	0.577826945384	0.457451333978	0.647251449976	0.625280686322	1.66174075399	1.21845699372	0.946370807153	0.680459835669	0.820456379894	0.82165139681	1.62107759304	0.744333992267	0.678522363461	0.617346085065	0.67422720638	0.789777602707	0.824628260029	0.663693059449	0.640244417593	0.542541193813	0.85374040116	0.634588637023	0.602413102948	0.618766060899	0.386363987434	0.455601440309	0.0	1.27527279362	1.1887480377	0.551165427743	0.798953044949	0.775468405027	0.865812121798	0.673711546641	0.682341536974	0.659086993717	0.814401135814	0.770140483325	0.441323861769	0.481889415176	0.519975070082	0.441488598357	0.401240367327	0.748648840019	0.428016558724	0.631068883519	0.449884741421	0.666181333978
AF5	1.23926288545	1.14033839053	1.36675966167	0.531365282745	1.12075152731	1.29701435959	0.82578262929	1.18316870469	1.26758718705	0.927910425326	1.45857636056	1.1765842581	1.22638750604	1.03716101498	1.03106901885	1.20965478009	1.38546575157	1.4521239681	1.00459423393	0.688530463992	1.19025297728	1.16785666022	1.3794042726	1.36713886419	1.44901971484	1.12552337361	1.31500081199	1.25926050266	0.941398859352	0.87676322378	1.45893326245	1.37967716288	1.19360996133	1.29811883035	1.50334262929	1.38388628323	1.55836448526	0.776602479459	1.46144452392	1.15642849203	1.27527279362	0.0	0.167913639439	0.904619787337	1.67927268246	1.63053204447	1.66021334461	1.61570423393	1.46928271145	1.53864834219	1.72965331078	1.6873222958	1.47107494442	1.54363815853	1.56511270662	1.5160740551	1.20138275012	1.63057661672	1.18432564041	1.58245384727	1.29936279362	1.5995458724
AF6	1.14643751087	1.0563462204	1.43503603673	0.484954688255	1.07090080715	1.21450060416	0.730462745288	1.0970319623	1.19148224746	0.8426620058	1.38085604157	1.11626748671	1.14354294345	1.11203347511	0.952270517158	1.1188838666	1.30998173997	1.37341743354	1.04195277429	0.688023175447	1.09449898985	1.07969433059	1.29413594973	1.28214885935	1.44190743838	1.02644742388	1.23560113098	1.17332564524	0.853485838569	0.778239879169	1.36295474142	1.29264934268	1.10571341228	1.20604970517	1.450599739	1.31301857902	1.46424065732	0.680939782504	1.37594707588	1.08565148864	1.1887480377	0.167913639439	0.0	0.817141440309	1.59244952151	1.54308930884	1.60786208313	1.55409708072	1.41916268246	1.48522922185	1.65516748188	1.63742936201	1.38518188497	1.4574280087	1.48198922668	1.42983012083	1.11603898985	1.58159574674	1.10225086999	1.50891746254	1.21804909618	1.5313681247
AG5	0.682036321895	0.45910117448	2.07290338328	0.813183455776	0.639618129531	0.575357066216	0.735728090865	0.519613711938	0.69328499275	0.485891237313	0.812370086999	0.516927138714	0.569240149831	1.73522492025	0.451684127598	0.573899942001	0.812833272112	0.768553238279	1.50273177864	1.02769337361	0.731946964717	0.646543842436	0.861891599807	0.867932464959	1.45274282745	0.639908651522	0.73805900435	0.699882909618	0.458952189464	0.504422054132	0.936137912035	0.814460140164	0.622780468826	0.657439565007	1.01926391493	0.740031377477	0.79821020783	0.300888898018	0.753951348478	0.6228979942	0.551165427743	0.904619787337	0.817141440309	0.0	0.969659497342	0.938685896568	1.08972765104	0.99584979217	0.849467670372	0.895547307878	1.11961942968	1.05682918801	0.744417583374	0.819170347994	0.853001909135	0.759473910101	0.584495625906	0.995631483809	0.566527351377	0.918519434509	0.622592218463	0.977330715321
