	PAM31	PAM32	PAM33	PAM35	PAM36	PAM37	PAM39	PAM40	PAM41	PAM42	PAM43	PAM44	PAM45	PBW46	PBW47	PBW49	PBW50	PBW51	PBW52	PBW53	PBW54	PBW55	PBW56	PBW58	PBW59	PBW60	PEP16	PEP18	PEP21	PEP23	PEP24	PEP26	PEP27	PEP28	PEP29	PEP30	PIS1	PIS2	PIS4	PIS5	PIS7	PIS9	PIS10	PIS11	PIS14	PIS15	PLL76	PLL77	PLL79	PLL80	PLL83	PLL88	PLL89	PLL90	PPO64	PPO66	PPO67	PPO69	PPO72	PPO75
PAM31	0.0	0.900040787879	1.57746539394	1.39912593939	0.820444363636	0.637462424242	0.797518969697	0.655429818182	0.811013090909	0.958631333333	0.721272060606	0.921824909091	1.53804345455	1.94484909091	1.2635090303	1.72519315152	0.809509575758	1.23017521212	1.32593830303	1.25730393939	1.24684418182	1.23738024242	0.923240121212	0.920478727273	1.09583290909	1.21341121212	0.845437090909	1.24816224242	1.57339175758	0.873463393939	1.54282787879	1.04732412121	1.15414836364	1.03443733333	0.959747878788	0.969940424242	0.932692545455	1.68988448485	1.25659284848	1.65816381818	1.52872333333	0.933769878788	1.35844769697	0.992161636364	1.06022787879	0.959265757576	1.11841490909	1.33824048485	1.41540987879	1.62429006061	1.72529133333	1.11399727273	1.316392	0.876191757576	1.35776630303	1.3931730303	0.964518666667	0.904205878788	1.15289484848	0.84560969697
PAM32	0.900040787879	0.0	1.48994339394	1.42993521212	1.04376030303	0.723682727273	0.797377212121	0.887968181818	0.68122369697	1.16104909091	1.06478812121	1.12980290909	1.52784206061	1.99519181818	1.30737575758	1.83936763636	1.16845012121	1.44257539394	1.54354987879	1.33494933333	1.30125018182	1.45457715152	1.21302078788	1.14542690909	1.16912593939	1.12935915152	1.16989460606	1.52157309091	1.67443921212	1.06047472727	1.62484224242	1.09502793939	1.21288393939	1.38725387879	1.126598	1.15218145455	1.27130824242	1.82703933333	1.45867218182	1.51849624242	1.54952242424	1.13384048485	1.47760436364	0.961310787879	1.13236006061	1.08318521212	1.15030612121	1.4972810303	1.63675430303	1.58116139394	1.68797406061	1.26885248485	1.39273254545	1.06568490909	1.22499339394	1.604876	1.09524733333	1.06071587879	1.39554460606	0.999614606061
PAM33	1.57746539394	1.48994339394	0.0	0.864544181818	1.66352684848	1.40417424242	1.28536218182	1.64715654545	1.41891193939	1.91252278788	1.60981878788	1.7783750303	0.989010545455	1.08987727273	1.83437345455	2.40447224242	1.72486309091	1.95370060606	2.08544769697	1.87092121212	1.70080860606	2.0506810303	1.86264515152	1.85800448485	1.52287139394	1.58033272727	1.8241730303	2.29521357576	0.983711090909	1.58200527273	0.944563818182	1.80562018182	1.38205121212	2.03552563636	1.61820890909	1.60494739394	1.98305818182	2.44069424242	2.19304393939	1.08243830303	1.83613272727	1.65997866667	2.31413490909	1.1102030303	1.32902224242	1.60786787879	1.58016806061	2.10239884848	2.14932824242	1.16223836364	1.12233212121	1.8090849697	2.02195630303	1.73618866667	0.843404909091	2.40049018182	1.54500236364	1.80475672727	2.06505345455	1.61078515152
PAM35	1.39912593939	1.42993521212	0.864544181818	0.0	1.44135563636	1.44116181818	1.29392115152	1.27866242424	1.39563078788	1.69278309091	1.35484648485	1.47674624242	0.951949878788	1.08656836364	1.47164309091	2.02136745455	1.40663418182	1.60457654545	1.71699672727	1.45195521212	1.32328054545	1.70892157576	1.56029490909	1.62287945455	1.22973981818	1.29544539394	1.48922509091	1.98614357576	0.982423636364	1.29162642424	0.702094545455	1.48400412121	1.09680351515	1.69644181818	1.25308412121	1.23616551515	1.69929206061	2.03997175758	1.90710254545	0.885870606061	1.78910854545	1.40870175758	2.05763993939	0.984795333333	1.14258084848	1.27848006061	1.23113478788	1.83469939394	1.82210490909	0.790816848485	0.810752424242	1.55767375758	1.65465309091	1.34370751515	0.848077333333	2.2663690303	1.28225054545	1.52040927273	1.74322818182	1.28620363636
PAM36	0.820444363636	1.04376030303	1.66352684848	1.44135563636	0.0	0.77176969697	0.930674848485	0.656228606061	0.975410424242	0.714106848485	0.928857272727	0.752364666667	1.73037751515	2.05412230303	1.22987751515	1.37016551515	0.878472606061	1.0226290303	1.02205878788	1.20135387879	1.24073424242	0.901893818182	0.768456969697	0.68104369697	1.27598793939	1.29507945455	0.871838787879	1.04460054545	1.72860448485	0.940160727273	1.63396969697	0.868872121212	1.17428145455	0.781192484848	1.04081163636	1.02291448485	0.817383212121	1.36108181818	0.980879757576	1.690878	1.43547533333	0.814033757576	1.13041169697	1.09461048485	1.16387321212	0.906303454545	1.08988993939	0.985456727273	1.07151848485	1.58956933333	1.706666	0.813106727273	0.986557454545	0.932177090909	1.55740157576	1.38642090909	1.04614824242	1.09663448485	0.84899230303	0.997854787879
PAM37	0.637462424242	0.723682727273	1.40417424242	1.44116181818	0.77176969697	0.0	0.50693169697	0.754402666667	0.523619636364	0.983108424242	0.861433515152	0.968607333333	1.68088951515	2.03963636364	1.27468115152	1.69912284848	0.929136121212	1.24301193939	1.36069563636	1.27286381818	1.27959909091	1.23476218182	0.943180848485	0.987188060606	1.19669145455	1.28454090909	0.919425090909	1.30752927273	1.68311442424	0.950645575758	1.63242569697	1.05628872727	1.18754739394	1.10753018182	1.09310775758	1.07460927273	1.03044345455	1.68691248485	1.27626084848	1.62873145455	1.51075824242	0.959320060606	1.31434224242	0.997842242424	1.09291575758	0.936666606061	1.11760290909	1.28865563636	1.41588381818	1.63084472727	1.75795084848	1.11725981818	1.30907078788	0.966146424242	1.35037490909	1.42850442424	1.06804945455	0.981440909091	1.19995290909	0.977208727273
PAM39	0.797518969697	0.797377212121	1.28536218182	1.29392115152	0.930674848485	0.50693169697	0.0	0.859695212121	0.54231	1.12903721212	0.783498787879	1.09519672727	1.55736375758	1.95797945455	1.34654545455	1.86629842424	1.06910890909	1.45630230303	1.5353669697	1.30441490909	1.18266606061	1.387022	1.09865812121	1.18394339394	1.07555818182	1.32229551515	1.05253969697	1.46642145455	1.5453490303	0.937505272727	1.51196806061	1.23654890909	1.05519315152	1.22826927273	0.960130242424	0.979826181818	1.2321289697	1.82513678788	1.45008212121	1.56819987879	1.63133321212	1.14553866667	1.5283790303	0.937118909091	1.01150830303	1.09644121212	1.09529460606	1.51710466667	1.59402945455	1.53953436364	1.64529684848	1.30091769697	1.48631484848	0.956190363636	1.286678	1.60897624242	0.981820181818	1.08428642424	1.36516751515	1.01119606061
PAM40	0.655429818182	0.887968181818	1.64715654545	1.27866242424	0.656228606061	0.754402666667	0.859695212121	0.0	0.833304	0.781269636364	0.727786606061	0.736013272727	1.61074042424	1.94191975758	1.10831860606	1.48173181818	0.788418181818	1.07877133333	1.16740751515	1.09797654545	1.12494818182	1.04659393939	0.780151636364	0.872080424242	1.15509460606	1.16122854545	0.757768606061	1.18014006061	1.61586981818	0.845499151515	1.54185745455	0.861811757576	1.08919624242	0.917760121212	0.885324484848	0.916667212121	0.792904909091	1.44770363636	1.07846121212	1.58954854545	1.4551290303	0.786187575758	1.24382406061	1.02928418182	1.09568981818	0.800789515152	1.01326424242	1.15929975758	1.26714854545	1.52979309091	1.61805242424	0.882522121212	1.11042957576	0.751362545455	1.43548436364	1.45887278788	0.990762424242	0.946447939394	0.964671939394	0.87094969697
PAM41	0.811013090909	0.68122369697	1.41891193939	1.39563078788	0.975410424242	0.523619636364	0.54231	0.833304	0.0	1.08418939394	0.878954727273	1.10155460606	1.60847218182	2.06588569697	1.33359545455	1.82919424242	1.07110121212	1.41881751515	1.53476545455	1.28274830303	1.28389715152	1.40847115152	1.12798121212	1.14675230303	1.15397181818	1.23102806061	1.07103224242	1.42569957576	1.7075670303	1.01170133333	1.64313987879	1.17362436364	1.2351729697	1.28857757576	1.11573309091	1.11040236364	1.17944709091	1.79862654545	1.45952278788	1.60754066667	1.52403181818	1.11144442424	1.46443666667	1.06159581818	1.11486060606	1.03323351515	1.1287710303	1.4298030303	1.5752109697	1.67259757576	1.75184757576	1.22027169697	1.45231490909	0.991681939394	1.34868690909	1.54655812121	1.08483551515	0.984837393939	1.35479024242	0.935156363636
PAM42	0.958631333333	1.16104909091	1.91252278788	1.69278309091	0.714106848485	0.983108424242	1.12903721212	0.781269636364	1.08418939394	0.0	1.125632	0.925794545455	2.00930484848	2.31783521212	1.45794751515	1.17289684848	1.18413472727	1.29636012121	1.23305084848	1.41472751515	1.45440751515	0.928687212121	1.06462030303	0.811495878788	1.54883006061	1.55168084848	1.09844842424	0.860417939394	2.02993339394	1.21713012121	1.95362321212	1.09589	1.50785109091	0.911673757576	1.26358757576	1.281596	0.742070181818	1.13601278788	0.750796666667	2.00424848485	1.61996775758	1.03973987879	0.962427878788	1.38808036364	1.52185933333	1.11696230303	1.32663654545	0.958111818182	1.00033466667	1.87546090909	2.00534024242	1.02330327273	1.06913933333	1.14081254545	1.82522806061	1.25191987879	1.35447581818	1.32476593939	0.837357333333	1.18694466667
PAM43	0.721272060606	1.06478812121	1.60981878788	1.35484648485	0.928857272727	0.861433515152	0.783498787879	0.727786606061	0.878954727273	1.125632	0.0	1.03703127273	1.54480157576	1.95359412121	1.26774545455	1.80404787879	0.867207333333	1.33171115152	1.41314006061	1.22772993939	1.24080084848	1.27171484848	0.886414606061	1.2328729697	0.980783636364	1.18534909091	0.836655939394	1.28442860606	1.44533909091	0.810342121212	1.38346406061	1.10230066667	0.979673393939	1.04945157576	0.895135212121	0.886894787879	0.964581454545	1.76354709091	1.37018793939	1.59329127273	1.50008690909	1.13142509091	1.45567987879	1.11264533333	0.947944666667	1.05709927273	1.10545593939	1.38153266667	1.44532933333	1.53495909091	1.60578715152	1.22297078788	1.40371690909	0.761945030303	1.44856309091	1.56171442424	0.964986242424	0.871955151515	1.20601115152	0.992020424242
PAM44	0.921824909091	1.12980290909	1.7783750303	1.47674624242	0.752364666667	0.968607333333	1.09519672727	0.736013272727	1.10155460606	0.925794545455	1.03703127273	0.0	1.79515939394	1.98679618182	0.892746060606	1.18147030303	0.882133393939	0.795827757576	0.91703569697	0.884654545455	0.916016969697	0.781214242424	0.783135939394	0.515012363636	1.31951139394	1.23619563636	0.816218484848	1.09385781818	1.75013630303	0.989372666667	1.59041145455	0.688641515152	1.20017024242	0.930349393939	0.871518363636	0.902691878788	0.912204606061	1.14740842424	0.882349636364	1.68960775758	1.52532048485	0.671171757576	1.26625648485	1.17734618182	1.23947460606	0.686373575758	0.897307818182	0.984546242424	0.97002230303	1.47117509091	1.62484618182	0.726904969697	0.839306969697	0.889361515152	1.55598830303	1.49874606061	1.03797363636	1.10642690909	0.755876121212	0.851352424242
PAM45	1.53804345455	1.52784206061	0.989010545455	0.951949878788	1.73037751515	1.68088951515	1.55736375758	1.61074042424	1.60847218182	2.00930484848	1.54480157576	1.79515939394	0.0	1.15332636364	1.86766048485	2.46114969697	1.58393351515	1.92536157576	2.07683618182	1.89225684848	1.73776157576	2.06621945455	1.74881654545	1.82604133333	1.38612969697	1.44192545455	1.742486	2.14245309091	0.899144666667	1.54360260606	0.924047575758	1.74343509091	1.3575650303	1.94156284848	1.5422709697	1.6201249697	1.89277066667	2.49092648485	2.16306660606	1.0515769697	1.74894933333	1.78367515152	2.18764169697	1.19903854545	1.33732418182	1.69996230303	1.6736629697	2.05021133333	2.19787527273	1.14669218182	1.09729139394	1.89332933333	2.0391989697	1.63532478788	0.838078121212	2.16540024242	1.42860539394	1.56723127273	2.01083684848	1.50562915152
PBW46	1.94484909091	1.99519181818	1.08987727273	1.08656836364	2.05412230303	2.03963636364	1.95797945455	1.94191975758	2.06588569697	2.31783521212	1.95359412121	1.98679618182	1.15332636364	0.0	1.57434345455	2.31047751515	1.76305369697	1.73522684848	1.93771006061	1.67305084848	1.58976042424	2.06974375758	1.9586150303	2.02804963636	1.66346054545	1.59648042424	1.93941551515	2.41236612121	1.07505478788	1.74714545455	1.01869333333	1.89721563636	1.52748	2.16323066667	1.71165563636	1.6788010303	2.17577836364	2.54770484848	2.35622690909	0.981532181818	2.10992272727	1.90843933333	2.49441739394	1.56699242424	1.64301551515	1.75242975758	1.61830666667	2.20276872727	2.17631218182	0.952049575758	0.919646242424	1.9376170303	2.02042860606	1.72341854545	1.24877975758	2.60121763636	1.58130387879	1.96651412121	2.16619933333	1.70679030303
PBW47	1.2635090303	1.30737575758	1.83437345455	1.47164309091	1.22987751515	1.27468115152	1.34654545455	1.10831860606	1.33359545455	1.45794751515	1.26774545455	0.892746060606	1.86766048485	1.57434345455	0.0	1.05188957576	1.09821206061	0.643525939394	0.936933878788	0.520945454545	0.563218909091	0.991662848485	1.15972878788	1.09034581818	1.45472969697	1.25367006061	1.08851048485	1.51459478788	1.84728236364	1.11685169697	1.54996660606	0.922818606061	1.28232757576	1.35132406061	0.928322363636	0.883608727273	1.35832812121	1.27571957576	1.28129036364	1.36521927273	1.80548739394	0.872827151515	1.66590933333	1.35832012121	1.29482406061	0.713084242424	0.738664909091	1.24166175758	1.07583018182	1.1908029697	1.30494884848	0.932896363636	0.824040909091	0.992211575758	1.73688684848	1.91662921212	1.07167448485	1.39823345455	1.10318290909	1.00827084848
PBW49	1.72519315152	1.83936763636	2.40447224242	2.02136745455	1.37016551515	1.69912284848	1.86629842424	1.48173181818	1.82919424242	1.17289684848	1.80404787879	1.18147030303	2.46114969697	2.31047751515	1.05188957576	0.0	1.48073315152	0.941476363636	0.931601151515	1.01616278788	1.13383745455	0.863021030303	1.48030612121	1.14741854545	2.02558933333	1.81666642424	1.52446333333	1.23948812121	2.44123084848	1.67590090909	2.16396345455	1.19248890909	1.86815278788	1.36220442424	1.51084490909	1.47145333333	1.29442218182	0.557045636364	0.908450121212	2.09291745455	1.9823110303	1.16816836364	1.37550327273	1.93214848485	1.87717460606	1.1819569697	1.29498054545	1.06187872727	0.779444242424	1.81821521212	2.01733357576	1.16398884848	0.786651818182	1.53585969697	2.30988806061	1.68850290909	1.64983666667	1.81821890909	1.00242848485	1.49785969697
PBW50	0.809509575758	1.16845012121	1.72486309091	1.40663418182	0.878472606061	0.929136121212	1.06910890909	0.788418181818	1.07110121212	1.18413472727	0.867207333333	0.882133393939	1.58393351515	1.76305369697	1.09821206061	1.48073315152	0.0	0.918865272727	1.04762181818	0.99554030303	1.04363121212	0.998047636364	0.743343030303	0.922545151515	1.05795290909	1.00717351515	0.782898545455	1.17496090909	1.56119490909	0.780668848485	1.42194206061	0.806020606061	0.979574909091	0.948197939394	0.787803151515	0.78633630303	0.989998727273	1.51312775758	1.21891466667	1.52510515152	1.39986624242	0.933817878788	1.36569242424	1.14401387879	1.00882545455	0.811422727273	0.884701454545	1.04096872727	1.16194090909	1.43015709091	1.49550042424	0.941812545455	1.04604751515	0.735790666667	1.43958	1.48557024242	0.803472606061	0.843896666667	1.00546466667	0.726943515152
PBW51	1.23017521212	1.44257539394	1.95370060606	1.60457654545	1.0226290303	1.24301193939	1.45630230303	1.07877133333	1.41881751515	1.29636012121	1.33171115152	0.795827757576	1.92536157576	1.73522684848	0.643525939394	0.941476363636	0.918865272727	0.0	0.64378030303	0.635011393939	0.747502545455	0.825375939394	0.954263939394	0.880410424242	1.43837030303	1.32214593939	1.07370466667	1.28489139394	1.93835884848	1.16251957576	1.66638127273	0.746304545455	1.35039460606	1.14682709091	1.08138406061	0.993583878788	1.16475054545	1.18500466667	1.11644951515	1.54336860606	1.64756654545	0.799747030303	1.479016	1.50438084848	1.36253618182	0.784551878788	0.833286848485	0.981110848485	0.834717818182	1.29651109091	1.49186266667	0.778638424242	0.689370969697	1.09024393939	1.82483521212	1.69962121212	1.12717957576	1.32334121212	0.905175030303	1.02085848485
PBW52	1.32593830303	1.54354987879	2.08544769697	1.71699672727	1.02205878788	1.36069563636	1.5353669697	1.16740751515	1.53476545455	1.23305084848	1.41314006061	0.91703569697	2.07683618182	1.93771006061	0.936933878788	0.931601151515	1.04762181818	0.64378030303	0.0	0.805102121212	0.874970727273	0.730225818182	1.10881818182	0.881278121212	1.6415269697	1.45310115152	1.18383333333	1.27284151515	2.07734242424	1.33155042424	1.83157054545	0.904623030303	1.50990375758	1.09902921212	1.18319236364	1.14188527273	1.16201606061	1.09488109091	1.01362545455	1.79208781818	1.70392757576	0.934322484848	1.43262709091	1.59355060606	1.47274593939	0.914170242424	0.977372969697	0.923123151515	0.807165636364	1.51873357576	1.71330163636	0.873868424242	0.674372	1.22864654545	1.92974193939	1.66329036364	1.26829006061	1.47979957576	0.863050242424	1.1402150303
PBW53	1.25730393939	1.33494933333	1.87092121212	1.45195521212	1.20135387879	1.27286381818	1.30441490909	1.09797654545	1.28274830303	1.41472751515	1.22772993939	0.884654545455	1.89225684848	1.67305084848	0.520945454545	1.01616278788	0.99554030303	0.635011393939	0.805102121212	0.0	0.545092121212	0.850682121212	1.0885650303	1.10099818182	1.44157672727	1.20598860606	1.03769109091	1.43753842424	1.83733242424	1.06926406061	1.54815157576	0.842333757576	1.25948563636	1.28469581818	0.920714727273	0.848563757576	1.36661236364	1.21030272727	1.24588987879	1.42764436364	1.78993915152	0.864819515152	1.6500910303	1.38765236364	1.3510690303	0.763510424242	0.727089393939	1.19672466667	1.00650569697	1.22969072727	1.36883381818	0.894005818182	0.790108787879	0.972396060606	1.77084648485	1.89376375758	1.05586781818	1.32647818182	1.0673529697	0.918107818182
PBW54	1.24684418182	1.30125018182	1.70080860606	1.32328054545	1.24073424242	1.27959909091	1.18266606061	1.12494818182	1.28389715152	1.45440751515	1.24080084848	0.916016969697	1.73776157576	1.58976042424	0.563218909091	1.13383745455	1.04363121212	0.747502545455	0.874970727273	0.545092121212	0.0	0.921085151515	1.14652733333	1.10761090909	1.32020315152	1.19909212121	1.09152212121	1.53062218182	1.71933775758	1.0335890303	1.42811327273	0.94622369697	1.13463751515	1.39610866667	0.855001515152	0.807966909091	1.36486387879	1.29561533333	1.28939387879	1.31715163636	1.79732375758	0.932747515152	1.69576181818	1.24919915152	1.17868806061	0.748373939394	0.670248787879	1.29724963636	1.13925187879	1.14075993939	1.30012763636	1.00786278788	0.885278242424	1.02227145455	1.59267351515	1.905964	0.953243818182	1.36084727273	1.05969357576	0.914400424242
PBW55	1.23738024242	1.45457715152	2.0506810303	1.70892157576	0.901893818182	1.23476218182	1.387022	1.04659393939	1.40847115152	0.928687212121	1.27171484848	0.781214242424	2.06621945455	2.06974375758	0.991662848485	0.863021030303	0.998047636364	0.825375939394	0.730225818182	0.850682121212	0.921085151515	0.0	0.917704363636	0.755127454545	1.54455339394	1.37961848485	0.968118787879	0.953507333333	1.97162812121	1.14517175758	1.73399054545	0.799132969697	1.37315709091	0.840946909091	1.04330278788	0.993688909091	0.860644181818	0.926008242424	0.787294787879	1.83360018182	1.51117509091	0.893116909091	1.2037290303	1.50197509091	1.43606254545	0.861280787879	1.04092993939	0.862890787879	0.668772787879	1.54612181818	1.76501606061	0.844550121212	0.562025939394	1.02287018182	1.85825793939	1.52721	1.14915466667	1.28625739394	0.563194363636	1.05070993939
PBW56	0.923240121212	1.21302078788	1.86264515152	1.56029490909	0.768456969697	0.943180848485	1.09865812121	0.780151636364	1.12798121212	1.06462030303	0.886414606061	0.783135939394	1.74881654545	1.9586150303	1.15972878788	1.48030612121	0.743343030303	0.954263939394	1.10881818182	1.0885650303	1.14652733333	0.917704363636	0.0	0.919322848485	1.1469770303	1.1461730303	0.648363878788	0.928052060606	1.61104169697	0.808309939394	1.50082933333	0.809923636364	1.06250012121	0.851352	0.896219515152	0.858397878788	0.864644181818	1.49645309091	1.13684242424	1.63829206061	1.45252442424	0.931212181818	1.30813787879	1.25234939394	1.19689624242	0.910266121212	1.03652048485	1.05546012121	1.15284406061	1.41847187879	1.58039145455	0.933250121212	1.04288048485	0.743320969697	1.54355866667	1.50268309091	0.910380484848	0.897527818182	0.892158484848	0.96522
PBW58	0.920478727273	1.14542690909	1.85800448485	1.62287945455	0.68104369697	0.987188060606	1.18394339394	0.872080424242	1.14675230303	0.811495878788	1.2328729697	0.515012363636	1.82604133333	2.02804963636	1.09034581818	1.14741854545	0.922545151515	0.880410424242	0.881278121212	1.10099818182	1.10761090909	0.755127454545	0.919322848485	0.0	1.4004889697	1.29644521212	0.989689151515	1.03506569697	1.83834260606	1.12015593939	1.74295375758	0.754902242424	1.34299387879	0.909542727273	1.05043181818	1.06433672727	0.857695515152	1.14101339394	0.835364060606	1.82208787879	1.51138157576	0.746015272727	1.17796521212	1.25504933333	1.3766709697	0.842691393939	1.00736442424	0.919586242424	0.905464121212	1.62111254545	1.81126206061	0.796220363636	0.782389878788	1.00913072727	1.64242830303	1.33485987879	1.11753448485	1.17962375758	0.696842787879	0.917946848485
PBW59	1.09583290909	1.16912593939	1.52287139394	1.22973981818	1.27598793939	1.19669145455	1.07555818182	1.15509460606	1.15397181818	1.54883006061	0.980783636364	1.31951139394	1.38612969697	1.66346054545	1.45472969697	2.02558933333	1.05795290909	1.43837030303	1.6415269697	1.44157672727	1.32020315152	1.54455339394	1.1469770303	1.4004889697	0.0	0.994512606061	1.14583254545	1.54577333333	1.27674527273	0.940601393939	1.21687278788	1.36416151515	0.914026121212	1.3580629697	0.986756181818	1.08504969697	1.23789890909	2.03507618182	1.67908030303	1.2465449697	1.45120969697	1.38299818182	1.56423248485	1.04171684848	0.716933151515	1.23913987879	1.17509363636	1.51291678788	1.67733369697	1.34103460606	1.42517612121	1.40845466667	1.60396672727	1.00561436364	1.15930624242	1.80420957576	0.945676909091	0.985515151515	1.44591951515	1.13527024242
PBW60	1.21341121212	1.12935915152	1.58033272727	1.29544539394	1.29507945455	1.28454090909	1.32229551515	1.16122854545	1.23102806061	1.55168084848	1.18534909091	1.23619563636	1.44192545455	1.59648042424	1.25367006061	1.81666642424	1.00717351515	1.32214593939	1.45310115152	1.20598860606	1.19909212121	1.37961848485	1.1461730303	1.29644521212	0.994512606061	0.0	1.16050575758	1.53735139394	1.46303036364	0.97170769697	1.26120321212	1.16840090909	1.13339024242	1.41972078788	1.04138175758	0.97341430303	1.29592581818	1.82334430303	1.63773763636	1.13249733333	1.14312109091	1.23103793939	1.48304363636	1.20312315152	1.03736818182	1.05453224242	1.0459629697	1.46296187879	1.52029806061	1.29969618182	1.36020957576	1.24705951515	1.38767957576	1.07247557576	1.2244629697	1.74490933333	0.851872424242	1.08635333333	1.38105357576	0.987407333333
PEP16	0.845437090909	1.16989460606	1.8241730303	1.48922509091	0.871838787879	0.919425090909	1.05253969697	0.757768606061	1.07103224242	1.09844842424	0.836655939394	0.816218484848	1.742486	1.93941551515	1.08851048485	1.52446333333	0.782898545455	1.07370466667	1.18383333333	1.03769109091	1.09152212121	0.968118787879	0.648363878788	0.989689151515	1.14583254545	1.16050575758	0.0	0.941263212121	1.55057830303	0.759297090909	1.47034654545	0.83627030303	1.02292193939	0.866053818182	0.782040727273	0.788465515152	0.884968666667	1.53756593939	1.19356375758	1.68625545455	1.56378624242	0.937156545455	1.34792890909	1.16125884848	1.14940763636	0.879642242424	0.996018424242	1.17386448485	1.25470721212	1.43370024242	1.53632684848	0.968910848485	1.13426230303	0.683551030303	1.55217793939	1.53980309091	0.871411757576	0.887235454545	0.973158242424	0.89053369697
PEP18	1.24816224242	1.52157309091	2.29521357576	1.98614357576	1.04460054545	1.30752927273	1.46642145455	1.18014006061	1.42569957576	0.860417939394	1.28442860606	1.09385781818	2.14245309091	2.41236612121	1.51459478788	1.23948812121	1.17496090909	1.28489139394	1.27284151515	1.43753842424	1.53062218182	0.953507333333	0.928052060606	1.03506569697	1.54577333333	1.53735139394	0.941263212121	0.0	2.00509218182	1.12801678788	1.92327727273	1.08907666667	1.46202066667	0.85381169697	1.26358672727	1.2096430303	0.815713333333	1.20104709091	0.885036545455	2.07770654545	1.65238060606	1.23397151515	1.02514618182	1.64006739394	1.59801860606	1.25601890909	1.40302321212	0.960812060606	1.08228424242	1.85930975758	1.95152824242	1.16980060606	1.11020733333	1.16315109091	1.95732890909	1.24019915152	1.28267206061	1.15940206061	0.905677818182	1.28497654545
PEP21	1.57339175758	1.67443921212	0.983711090909	0.982423636364	1.72860448485	1.68311442424	1.5453490303	1.61586981818	1.7075670303	2.02993339394	1.44533909091	1.75013630303	0.899144666667	1.07505478788	1.84728236364	2.44123084848	1.56119490909	1.93835884848	2.07734242424	1.83733242424	1.71933775758	1.97162812121	1.61104169697	1.83834260606	1.27674527273	1.46303036364	1.55057830303	2.00509218182	0.0	1.36213733333	0.694652242424	1.75826145455	1.20570618182	1.75952509091	1.38542727273	1.4335989697	1.85057836364	2.4578110303	2.12195818182	1.13199909091	1.83851339394	1.82832139394	2.22766212121	1.21230793939	1.36993781818	1.73421666667	1.65649127273	2.074712	2.11788612121	1.1046110303	1.02791363636	1.86036236364	2.04106315152	1.46096763636	0.856039272727	2.34288272727	1.38523709091	1.54562806061	1.90847666667	1.59197478788
PEP23	0.873463393939	1.06047472727	1.58200527273	1.29162642424	0.940160727273	0.950645575758	0.937505272727	0.845499151515	1.01170133333	1.21713012121	0.810342121212	0.989372666667	1.54360260606	1.74714545455	1.11685169697	1.67590090909	0.780668848485	1.16251957576	1.33155042424	1.06926406061	1.0335890303	1.14517175758	0.808309939394	1.12015593939	0.940601393939	0.97170769697	0.759297090909	1.12801678788	1.36213733333	0.0	1.2238590303	0.97222	0.750753090909	0.987857090909	0.680525212121	0.668236424242	1.03842030303	1.65841939394	1.31470290909	1.41250357576	1.41294890909	1.02653048485	1.44475945455	1.01188236364	0.963752242424	0.900241393939	0.954388242424	1.25943357576	1.38607084848	1.33485187879	1.4307450303	1.09185945455	1.25765890909	0.747869333333	1.31728169697	1.63983436364	0.734432484848	0.822695454545	1.13338066667	0.818752606061
PEP24	1.54282787879	1.62484224242	0.944563818182	0.702094545455	1.63396969697	1.63242569697	1.51196806061	1.54185745455	1.64313987879	1.95362321212	1.38346406061	1.59041145455	0.924047575758	1.01869333333	1.54996660606	2.16396345455	1.42194206061	1.66638127273	1.83157054545	1.54815157576	1.42811327273	1.73399054545	1.50082933333	1.74295375758	1.21687278788	1.26120321212	1.47034654545	1.92327727273	0.694652242424	1.2238590303	0.0	1.52823866667	1.03419187879	1.65537345455	1.22734048485	1.17997618182	1.73803836364	2.20666133333	2.03988048485	0.914255333333	1.72326418182	1.56404357576	2.14741218182	1.09596006061	1.17503139394	1.43503933333	1.38092945455	1.87791951515	1.9128269697	0.852668484848	0.807589151515	1.65533509091	1.77562775758	1.34968969697	0.891631515152	2.32526224242	1.24819454545	1.46305084848	1.76587387879	1.4645470303
PEP26	1.04732412121	1.09502793939	1.80562018182	1.48400412121	0.868872121212	1.05628872727	1.23654890909	0.861811757576	1.17362436364	1.09589	1.10230066667	0.688641515152	1.74343509091	1.89721563636	0.922818606061	1.19248890909	0.806020606061	0.746304545455	0.904623030303	0.842333757576	0.94622369697	0.799132969697	0.809923636364	0.754902242424	1.36416151515	1.16840090909	0.83627030303	1.08907666667	1.75826145455	0.97222	1.52823866667	0.0	1.11503272727	1.00323187879	0.87535369697	0.820841393939	1.01786636364	1.21657515152	0.984166060606	1.62548333333	1.53771787879	0.750642	1.34111509091	1.24206357576	1.23725721212	0.722217636364	0.785514666667	1.0045670303	0.983905030303	1.36856763636	1.55401739394	0.67715569697	0.744028363636	0.918896606061	1.64557490909	1.5306949697	0.975414181818	1.06551981818	0.84188830303	0.848978909091
PEP27	1.15414836364	1.21288393939	1.38205121212	1.09680351515	1.17428145455	1.18754739394	1.05519315152	1.08919624242	1.2351729697	1.50785109091	0.979673393939	1.20017024242	1.3575650303	1.52748	1.28232757576	1.86815278788	0.979574909091	1.35039460606	1.50990375758	1.25948563636	1.13463751515	1.37315709091	1.06250012121	1.34299387879	0.914026121212	1.13339024242	1.02292193939	1.46202066667	1.20570618182	0.750753090909	1.03419187879	1.11503272727	0.0	1.25385624242	0.861608969697	0.903493393939	1.33617133333	1.84466836364	1.55918521212	1.1998429697	1.60898684848	1.2248389697	1.70778042424	0.864058363636	0.877369090909	1.14913472727	1.06124412121	1.4656870303	1.51163521212	1.11283648485	1.22916890909	1.25736733333	1.45385115152	0.950615878788	1.17648787879	1.83129521212	0.843101939394	1.088822	1.38252418182	1.01011309091
PEP28	1.03443733333	1.38725387879	2.03552563636	1.69644181818	0.781192484848	1.10753018182	1.22826927273	0.917760121212	1.28857757576	0.911673757576	1.04945157576	0.930349393939	1.94156284848	2.16323066667	1.35132406061	1.36220442424	0.948197939394	1.14682709091	1.09902921212	1.28469581818	1.39610866667	0.840946909091	0.851352	0.909542727273	1.3580629697	1.41972078788	0.866053818182	0.85381169697	1.75952509091	0.987857090909	1.65537345455	1.00323187879	1.25385624242	0.0	1.06105078788	1.0025450303	0.757990242424	1.35676921212	1.00234412121	1.87034624242	1.45041290909	1.04694090909	1.14748042424	1.40862624242	1.35060957576	1.12361060606	1.25535187879	0.970988727273	1.06878030303	1.68670448485	1.77723981818	0.984560424242	1.011604	0.973182424242	1.78043381818	1.42551024242	1.09620448485	1.08211012121	0.828442121212	1.14913527273
PEP29	0.959747878788	1.126598	1.61820890909	1.25308412121	1.04081163636	1.09310775758	0.960130242424	0.885324484848	1.11573309091	1.26358757576	0.895135212121	0.871518363636	1.5422709697	1.71165563636	0.928322363636	1.51084490909	0.787803151515	1.08138406061	1.18319236364	0.920714727273	0.855001515152	1.04330278788	0.896219515152	1.05043181818	0.986756181818	1.04138175758	0.782040727273	1.26358672727	1.38542727273	0.680525212121	1.22734048485	0.87535369697	0.861608969697	1.06105078788	0.0	0.604115575758	1.10016478788	1.51763515152	1.236728	1.38846721212	1.57255909091	0.935849151515	1.51328963636	0.998139575758	0.913525939394	0.811894363636	0.784841333333	1.23292181818	1.3101629697	1.19430606061	1.32876745455	1.00092066667	1.13420157576	0.75861369697	1.35553806061	1.73775581818	0.772474545455	1.0463869697	1.09303060606	0.793964363636
PEP30	0.969940424242	1.15218145455	1.60494739394	1.23616551515	1.02291448485	1.07460927273	0.979826181818	0.916667212121	1.11040236364	1.281596	0.886894787879	0.902691878788	1.6201249697	1.6788010303	0.883608727273	1.47145333333	0.78633630303	0.993583878788	1.14188527273	0.848563757576	0.807966909091	0.993688909091	0.858397878788	1.06433672727	1.08504969697	0.97341430303	0.788465515152	1.2096430303	1.4335989697	0.668236424242	1.17997618182	0.820841393939	0.903493393939	1.0025450303	0.604115575758	0.0	1.11639357576	1.47031606061	1.303474	1.38602266667	1.50233272727	0.899131515152	1.51538812121	1.06408339394	0.969283575758	0.772419272727	0.739742606061	1.17639387879	1.20941054545	1.15109072727	1.33123090909	0.969523878788	1.06189387879	0.781034606061	1.42283787879	1.72302569697	0.735360666667	1.00204375758	1.06521648485	0.782469151515
PIS1	0.932692545455	1.27130824242	1.98305818182	1.69929206061	0.817383212121	1.03044345455	1.2321289697	0.792904909091	1.17944709091	0.742070181818	0.964581454545	0.912204606061	1.89277066667	2.17577836364	1.35832812121	1.29442218182	0.989998727273	1.16475054545	1.16201606061	1.36661236364	1.36486387879	0.860644181818	0.864644181818	0.857695515152	1.23789890909	1.29592581818	0.884968666667	0.815713333333	1.85057836364	1.03842030303	1.73803836364	1.01786636364	1.33617133333	0.757990242424	1.10016478788	1.11639357576	0.0	1.29676333333	0.908127454545	1.74076545455	1.28787187879	1.05192533333	0.872243515152	1.39483466667	1.18909509091	1.03698266667	1.25825909091	0.895668060606	1.026476	1.719346	1.85201963636	1.00753878788	0.974329757576	0.993921515152	1.65561775758	1.22075793939	1.15801036364	1.07198654545	0.688587272727	1.16315921212
PIS2	1.68988448485	1.82703933333	2.44069424242	2.03997175758	1.36108181818	1.68691248485	1.82513678788	1.44770363636	1.79862654545	1.13601278788	1.76354709091	1.14740842424	2.49092648485	2.54770484848	1.27571957576	0.557045636364	1.51312775758	1.18500466667	1.09488109091	1.21030272727	1.29561533333	0.926008242424	1.49645309091	1.14101339394	2.03507618182	1.82334430303	1.53756593939	1.20104709091	2.4578110303	1.65841939394	2.20666133333	1.21657515152	1.84466836364	1.35676921212	1.51763515152	1.47031606061	1.29676333333	0.0	0.859225333333	2.22261460606	1.99615945455	1.22620672727	1.25052890909	1.91177860606	1.88702266667	1.23694357576	1.39868654545	1.10269636364	0.813723333333	1.98013757576	2.14724418182	1.20901533333	0.932365212121	1.58150375758	2.29715757576	1.61754175758	1.67131418182	1.82597654545	1.03222284848	1.48562436364
PIS4	1.25659284848	1.45867218182	2.19304393939	1.90710254545	0.980879757576	1.27626084848	1.45008212121	1.07846121212	1.45952278788	0.750796666667	1.37018793939	0.882349636364	2.16306660606	2.35622690909	1.28129036364	0.908450121212	1.21891466667	1.11644951515	1.01362545455	1.24588987879	1.28939387879	0.787294787879	1.13684242424	0.835364060606	1.67908030303	1.63773763636	1.19356375758	0.885036545455	2.12195818182	1.31470290909	2.03988048485	0.984166060606	1.55918521212	1.00234412121	1.236728	1.303474	0.908127454545	0.859225333333	0.0	2.01426915152	1.70118563636	1.06771339394	0.965066242424	1.54767084848	1.59769587879	1.03015630303	1.23921745455	0.885566545455	0.859468909091	1.83572872727	2.01752393939	0.988511333333	0.87661030303	1.23122278788	1.96863442424	1.22907921212	1.36668278788	1.47016260606	0.702934242424	1.22791866667
PIS5	1.65816381818	1.51849624242	1.08243830303	0.885870606061	1.690878	1.62873145455	1.56819987879	1.58954854545	1.60754066667	2.00424848485	1.59329127273	1.68960775758	1.0515769697	0.981532181818	1.36521927273	2.09291745455	1.52510515152	1.54336860606	1.79208781818	1.42764436364	1.31715163636	1.83360018182	1.63829206061	1.82208787879	1.2465449697	1.13249733333	1.68625545455	2.07770654545	1.13199909091	1.41250357576	0.914255333333	1.62548333333	1.1998429697	1.87034624242	1.38846721212	1.38602266667	1.74076545455	2.22261460606	2.01426915152	0.0	1.47210884848	1.59996933333	1.94089575758	1.16777187879	1.15597848485	1.36150290909	1.29711351515	1.88403824242	1.96228157576	0.838477757576	0.952224363636	1.65121648485	1.73150454545	1.49798260606	0.893421151515	2.21001309091	1.32085133333	1.56786921212	1.86361963636	1.47391787879
PIS7	1.52872333333	1.54952242424	1.83613272727	1.78910854545	1.43547533333	1.51075824242	1.63133321212	1.4551290303	1.52403181818	1.61996775758	1.50008690909	1.52532048485	1.74894933333	2.10992272727	1.80548739394	1.9823110303	1.39986624242	1.64756654545	1.70392757576	1.78993915152	1.79732375758	1.51117509091	1.45252442424	1.51138157576	1.45120969697	1.14312109091	1.56378624242	1.65238060606	1.83851339394	1.41294890909	1.72326418182	1.53771787879	1.60898684848	1.45041290909	1.57255909091	1.50233272727	1.28787187879	1.99615945455	1.70118563636	1.47210884848	0.0	1.56655939394	1.43379442424	1.581224	1.40209763636	1.50245878788	1.64614975758	1.54533775758	1.71760048485	1.9188949697	1.99260606061	1.56367260606	1.55801	1.53350212121	1.58279254545	1.71754509091	1.52738381818	1.37546	1.46586012121	1.52690139394
PIS9	0.933769878788	1.13384048485	1.65997866667	1.40870175758	0.814033757576	0.959320060606	1.14553866667	0.786187575758	1.11144442424	1.03973987879	1.13142509091	0.671171757576	1.78367515152	1.90843933333	0.872827151515	1.16816836364	0.933817878788	0.799747030303	0.934322484848	0.864819515152	0.932747515152	0.893116909091	0.931212181818	0.746015272727	1.38299818182	1.23103793939	0.937156545455	1.23397151515	1.82832139394	1.02653048485	1.56404357576	0.750642	1.2248389697	1.04694090909	0.935849151515	0.899131515152	1.05192533333	1.22620672727	1.06771339394	1.59996933333	1.56655939394	0.0	1.33018848485	1.20895866667	1.15706090909	0.671312969697	0.822607212121	0.932011939394	0.973417454545	1.40079472727	1.53477830303	0.624184121212	0.827312545455	0.973384060606	1.61916139394	1.61785163636	1.06052939394	1.20046242424	0.938787393939	0.916140666667
PIS10	1.35844769697	1.47760436364	2.31413490909	2.05763993939	1.13041169697	1.31434224242	1.5283790303	1.24382406061	1.46443666667	0.962427878788	1.45567987879	1.26625648485	2.18764169697	2.49441739394	1.66590933333	1.37550327273	1.36569242424	1.479016	1.43262709091	1.6500910303	1.69576181818	1.2037290303	1.30813787879	1.17796521212	1.56423248485	1.48304363636	1.34792890909	1.02514618182	2.22766212121	1.44475945455	2.14741218182	1.34111509091	1.70778042424	1.14748042424	1.51328963636	1.51538812121	0.872243515152	1.25052890909	0.965066242424	1.94089575758	1.43379442424	1.33018848485	0.0	1.70109066667	1.52996466667	1.32318339394	1.51472163636	1.08440866667	1.27855054545	2.06538406061	2.21641745455	1.29855333333	1.22814975758	1.3867730303	1.97024636364	1.12689975758	1.51215812121	1.43252363636	1.0653449697	1.44785969697
PIS11	0.992161636364	0.961310787879	1.1102030303	0.984795333333	1.09461048485	0.997842242424	0.937118909091	1.02928418182	1.06159581818	1.38808036364	1.11264533333	1.17734618182	1.19903854545	1.56699242424	1.35832012121	1.93214848485	1.14401387879	1.50438084848	1.59355060606	1.38765236364	1.24919915152	1.50197509091	1.25234939394	1.25504933333	1.04171684848	1.20312315152	1.16125884848	1.64006739394	1.21230793939	1.01188236364	1.09596006061	1.24206357576	0.864058363636	1.40862624242	0.998139575758	1.06408339394	1.39483466667	1.91177860606	1.54767084848	1.16777187879	1.581224	1.20895866667	1.70109066667	0.0	0.918347575758	1.14076739394	1.1482669697	1.58542369697	1.70100387879	1.13355545455	1.24284036364	1.3142750303	1.55177872727	1.11519448485	0.915814969697	1.81200533333	0.998073030303	1.25903357576	1.45032472727	1.07562854545
PIS14	1.06022787879	1.13236006061	1.32902224242	1.14258084848	1.16387321212	1.09291575758	1.01150830303	1.09568981818	1.11486060606	1.52185933333	0.947944666667	1.23947460606	1.33732418182	1.64301551515	1.29482406061	1.87717460606	1.00882545455	1.36253618182	1.47274593939	1.3510690303	1.17868806061	1.43606254545	1.19689624242	1.3766709697	0.716933151515	1.03736818182	1.14940763636	1.59801860606	1.36993781818	0.963752242424	1.17503139394	1.23725721212	0.877369090909	1.35060957576	0.913525939394	0.969283575758	1.18909509091	1.88702266667	1.59769587879	1.15597848485	1.40209763636	1.15706090909	1.52996466667	0.918347575758	0.0	1.03350951515	0.999292727273	1.34252351515	1.53177909091	1.22688206061	1.32715375758	1.21740830303	1.45550666667	1.02589284848	1.1448329697	1.76770078788	0.885820727273	1.10664418182	1.40116139394	1.07303854545
PIS15	0.959265757576	1.08318521212	1.60786787879	1.27848006061	0.906303454545	0.936666606061	1.09644121212	0.800789515152	1.03323351515	1.11696230303	1.05709927273	0.686373575758	1.69996230303	1.75242975758	0.713084242424	1.1819569697	0.811422727273	0.784551878788	0.914170242424	0.763510424242	0.748373939394	0.861280787879	0.910266121212	0.842691393939	1.23913987879	1.05453224242	0.879642242424	1.25601890909	1.73421666667	0.900241393939	1.43503933333	0.722217636364	1.14913472727	1.12361060606	0.811894363636	0.772419272727	1.03698266667	1.23694357576	1.03015630303	1.36150290909	1.50245878788	0.671312969697	1.32318339394	1.14076739394	1.03350951515	0.0	0.634284787879	1.0567570303	1.03904387879	1.26917654545	1.44472921212	0.784816363636	0.757051333333	0.89460369697	1.49812806061	1.63304606061	0.917640181818	1.07482666667	0.932379272727	0.745626606061
PLL76	1.11841490909	1.15030612121	1.58016806061	1.23113478788	1.08988993939	1.11760290909	1.09529460606	1.01326424242	1.1287710303	1.32663654545	1.10545593939	0.897307818182	1.6736629697	1.61830666667	0.738664909091	1.29498054545	0.884701454545	0.833286848485	0.977372969697	0.727089393939	0.670248787879	1.04092993939	1.03652048485	1.00736442424	1.17509363636	1.0459629697	0.996018424242	1.40302321212	1.65649127273	0.954388242424	1.38092945455	0.785514666667	1.06124412121	1.25535187879	0.784841333333	0.739742606061	1.25825909091	1.39868654545	1.23921745455	1.29711351515	1.64614975758	0.822607212121	1.51472163636	1.1482669697	0.999292727273	0.634284787879	0.0	1.02266630303	1.13329690909	1.10106315152	1.27585060606	0.78660030303	0.885493939394	0.863074545455	1.455512	1.75682551515	0.821490666667	1.19071872727	1.10201278788	0.758056121212
