	PAM31	PAM32	PAM33	PAM35	PAM36	PAM37	PAM39	PAM40	PAM41	PAM42	PAM43	PAM44	PAM45	PBW46	PBW47	PBW49	PBW50	PBW51	PBW52	PBW53	PBW54	PBW55	PBW56	PBW58	PBW59	PBW60	PEP16	PEP18	PEP21	PEP23	PEP24	PEP26	PEP27	PEP28	PEP29	PEP30	PIS1	PIS2	PIS4	PIS5	PIS7	PIS9	PIS10	PIS11	PIS14	PIS15	PLL76	PLL77	PLL79	PLL80	PLL83	PLL88	PLL89	PLL90	PPO64	PPO66	PPO67	PPO69	PPO72	PPO75
PAM31	0.0	1.13525690909	1.45393412121	0.857259818182	0.798610121212	0.639743454545	0.966162363636	0.68268169697	0.903923212121	0.958543515152	0.881739090909	0.905946181818	1.42995454545	2.01687539394	1.29728630303	1.66095442424	0.849104787879	1.17700418182	1.15556478788	1.14807654545	1.23429684848	1.02896587879	0.944090606061	1.06059381818	1.12330830303	1.36344509091	1.04094539394	1.15428036364	1.78219193939	1.17163890909	1.55914393939	0.894313939394	1.2520570303	1.1765369697	1.03017606061	0.832221030303	0.985680181818	1.36492963636	1.18828139394	1.48826248485	1.34601242424	1.02964024242	1.16357418182	0.868410606061	0.985862121212	0.903582242424	0.967213212121	1.454616	1.09642460606	1.65758587879	1.65594363636	0.940770848485	1.07626121212	0.999048121212	1.36212575758	1.24184818182	0.860715818182	1.09312230303	0.904818242424	1.02259975758
PAM32	1.13525690909	0.0	1.30383684848	1.15204024242	1.37635575758	1.06872860606	0.747800727273	1.07043218182	1.02217684848	1.5180650303	1.12641672727	1.43788054545	1.41017012121	2.02516660606	1.47816187879	2.15624442424	1.43317393939	1.70330218182	1.68468109091	1.61329842424	1.45755872727	1.65220145455	1.5620169697	1.55429751515	1.24622872727	1.40466915152	1.25430860606	1.672422	1.79580763636	1.30147521212	1.63582339394	1.22045593939	1.33641842424	1.29093412121	1.23025090909	1.26024121212	1.63694654545	1.90312872727	1.72490060606	1.42930812121	1.56408460606	1.50052430303	1.72752842424	0.895226060606	1.09403406061	1.46350666667	1.52693933333	1.94678248485	1.60254272727	1.61850545455	1.61293824242	1.44126545455	1.30754466667	1.16788563636	1.26028787879	1.5253649697	1.29265054545	1.09788406061	1.3343649697	1.19094248485
PAM33	1.45393412121	1.30383684848	0.0	1.29111854545	1.64136072727	1.33493127273	0.979975030303	1.1836090303	1.56875139394	1.86980490909	1.26046230303	1.79251533333	0.776789878788	1.31904963636	1.78522575758	2.5209570303	1.71285466667	2.07132072727	2.04836327273	1.90212266667	1.75956381818	1.88685648485	1.85022218182	1.99413036364	1.28949260606	1.33275969697	1.47040157576	2.08569545455	0.938304727273	1.13353	0.816521454545	1.78481751515	1.11059842424	1.15162915152	1.37202836364	1.46614969697	1.94089987879	2.24174812121	2.09148387879	1.11767260606	1.57467709091	1.84048842424	2.0685130303	1.15988727273	1.27017793939	1.69562472727	1.81832284848	2.34065157576	1.9286949697	1.11592593939	1.15654042424	1.76426290909	1.71742551515	1.35911145455	0.660693090909	2.09836315152	1.56698084848	1.24072612121	1.60191175758	1.38796757576
PAM35	0.857259818182	1.15204024242	1.29111854545	0.0	0.886113333333	0.842422181818	0.890885575758	0.601238727273	1.07091406061	1.14160236364	0.923831393939	1.01743981818	1.35560806061	1.80525387879	1.05232636364	1.68015933333	0.938365454545	1.19204727273	1.20138109091	1.06472339394	1.02179448485	1.08260157576	1.10288424242	1.21461412121	1.03600593939	1.09600890909	0.928643757576	1.35557375758	1.69070763636	1.12868321212	1.43969321212	0.94104430303	1.1249630303	1.06098163636	0.922900969697	0.756792848485	1.22223939394	1.35385454545	1.32533090909	1.21334254545	1.31865369697	1.02988090909	1.28432224242	0.737615757576	0.848164484848	0.880896606061	0.958203818182	1.52430224242	1.11428975758	1.37003709091	1.37674478788	0.965128121212	0.922293636364	0.940059454545	1.20117490909	1.58166533333	0.876454181818	1.049306	0.779296484848	0.768445272727
PAM36	0.798610121212	1.37635575758	1.64136072727	0.886113333333	0.0	0.72417769697	1.18004545455	0.850755212121	0.802212121212	0.630420545455	1.11311442424	0.735178363636	1.66801678788	2.10827787879	1.33962454545	1.32537024242	0.846662181818	0.993233818182	0.933066666667	1.22858618182	1.26086248485	0.801035393939	0.810908848485	0.756868181818	1.39976533333	1.51933812121	1.08028375758	0.907929151515	1.92071672727	1.32203242424	1.73690290909	0.943214121212	1.38575139394	1.28696369697	1.12144024242	0.965108484848	0.849423272727	1.0516209697	0.886680848485	1.63477721212	1.58902606061	0.847496545455	1.02994478788	1.07405733333	1.17009842424	0.910103757576	0.863823454545	1.10290842424	0.889177757576	1.6828049697	1.65117278788	0.944632484848	1.13909727273	1.17754321212	1.57723551515	1.19880509091	1.02060072727	1.34083460606	0.985291636364	1.12730721212
PAM37	0.639743454545	1.06872860606	1.33493127273	0.842422181818	0.72417769697	0.0	0.781018181818	0.801400545455	0.559859757576	0.829785515152	1.0279209697	0.917507212121	1.56841945455	2.13436612121	1.33192539394	1.60898709091	0.887875272727	1.15791587879	1.17131878788	1.20098642424	1.2563490303	1.02774787879	0.948728969697	1.04636236364	1.23914909091	1.45328915152	1.11097612121	1.20961181818	1.84941248485	1.26963690909	1.64833236364	0.935545030303	1.33452993939	1.29271072727	1.17214339394	0.956250545455	0.991289454545	1.33570169697	1.15707842424	1.49207321212	1.41294727273	0.956287090909	1.08011993939	0.88788169697	1.02332436364	0.912496727273	0.907233878788	1.37602260606	1.03102175758	1.69637866667	1.70318927273	0.960671636364	1.140962	1.17072963636	1.34978133333	1.25301042424	0.997357454545	1.20780987879	0.995583272727	1.08788236364
PAM39	0.966162363636	0.747800727273	0.979975030303	0.890885575758	1.18004545455	0.781018181818	0.0	0.757966121212	0.901083393939	1.27734212121	0.779164606061	1.35583363636	1.23015290909	1.89692078788	1.37684854545	2.07742030303	1.30723890909	1.65242860606	1.60647563636	1.50784424242	1.35433630303	1.47004084848	1.32399539394	1.47069630303	0.983974787879	1.24334709091	1.035588	1.58561945455	1.49433551515	0.99793169697	1.36620157576	1.32757	1.08096	0.999106121212	0.970874060606	1.01715163636	1.40739818182	1.79529151515	1.6123969697	1.2470329697	1.41539721212	1.42224660606	1.56048151515	0.753906666667	0.874262424242	1.30335612121	1.38055739394	1.87543787879	1.51479387879	1.44170084848	1.47690078788	1.33703648485	1.31478006061	0.945179454545	1.0685670303	1.569624	1.15657915152	0.874134969697	1.17616036364	0.958700666667
PAM40	0.68268169697	1.07043218182	1.1836090303	0.601238727273	0.850755212121	0.801400545455	0.757966121212	0.0	1.06847072727	1.02805333333	0.679087333333	1.02925333333	1.20320666667	1.76551406061	1.01248933333	1.72853733333	0.964403454545	1.28916260606	1.28334333333	1.14649509091	1.00206909091	1.09669933333	1.08049666667	1.22250230303	0.969355090909	1.11598024242	0.817006727273	1.370796	1.51591678788	0.917489333333	1.31733848485	1.0075369697	0.981602363636	0.862630909091	0.791799333333	0.730879212121	1.19187375758	1.43117278788	1.30082151515	1.20888624242	1.35134054545	1.06333709091	1.33457139394	0.707661878788	0.790821878788	0.948691575758	1.05159006061	1.55659454545	1.15460533333	1.2873930303	1.33820266667	1.00828575758	0.969977212121	0.763841333333	1.13432757576	1.53218721212	0.864788424242	0.953042666667	0.851490484848	0.760531757576
PAM41	0.903923212121	1.02217684848	1.56875139394	1.07091406061	0.802212121212	0.559859757576	0.901083393939	1.06847072727	0.0	0.898318848485	1.16577951515	1.04734915152	1.76172272727	2.3866949697	1.59746721212	1.66059957576	1.09099018182	1.31215624242	1.23861927273	1.45512933333	1.51238030303	1.20309224242	1.08183575758	1.04688842424	1.45015915152	1.65295593939	1.4025609697	1.14568163636	2.06601442424	1.53289145455	1.88966533333	1.11962309091	1.58398145455	1.53348636364	1.45910472727	1.20104824242	1.00756109091	1.39650012121	1.18571018182	1.64025490909	1.55525733333	1.16166951515	1.082322	1.12882157576	1.248868	1.15711454545	1.14439812121	1.45458769697	1.25140830303	1.93001854545	1.95624624242	1.18570581818	1.36397509091	1.39491909091	1.54945442424	1.06132630303	1.23367551515	1.35324987879	1.25267030303	1.35281739394
PAM42	0.958543515152	1.5180650303	1.86980490909	1.14160236364	0.630420545455	0.829785515152	1.27734212121	1.02805333333	0.898318848485	0.0	1.29722321212	0.939248242424	1.84877260606	2.38837636364	1.55569733333	1.18898072727	1.10052515152	1.19067278788	1.12690284848	1.4667669697	1.4969129697	1.08959278788	1.00549412121	0.629742787879	1.62764745455	1.78119006061	1.34571084848	0.882115636364	2.16032333333	1.57642787879	1.99535824242	1.15775454545	1.64732369697	1.55831042424	1.371578	1.20289690909	0.741302363636	0.948102969697	0.738567333333	1.88898030303	1.81300721212	1.05478133333	0.947877090909	1.28334563636	1.39985739394	1.12931157576	1.09155163636	0.941719878788	1.11075248485	1.94802587879	1.93036763636	1.16382975758	1.39613575758	1.43223260606	1.81435654545	1.13044127273	1.27146636364	1.55907406061	1.24175339394	1.33711163636
PAM43	0.881739090909	1.12641672727	1.26046230303	0.923831393939	1.11311442424	1.0279209697	0.779164606061	0.679087333333	1.16577951515	1.29722321212	0.0	1.27142018182	1.25413715152	1.98730224242	1.31823	2.02331557576	1.15178424242	1.53140751515	1.51893854545	1.38540581818	1.26440975758	1.32404727273	1.1028929697	1.43669557576	1.01584412121	1.32196987879	0.928977939394	1.393662	1.46784254545	1.05805024242	1.37155939394	1.22625181818	1.13265490909	1.00182042424	0.938636484848	0.850938909091	1.24000254545	1.72120121212	1.49657745455	1.34658072727	1.30397684848	1.43013024242	1.50486866667	0.95461030303	0.865612484848	1.20250339394	1.2776869697	1.74513072727	1.39153933333	1.49759321212	1.52694115152	1.24192	1.1684749697	0.884026606061	1.3165510303	1.46562254545	0.953688121212	0.852110727273	1.03007757576	0.981872181818
PAM44	0.905946181818	1.43788054545	1.79251533333	1.01743981818	0.735178363636	0.917507212121	1.35583363636	1.02925333333	1.04734915152	0.939248242424	1.27142018182	0.0	1.73157357576	2.00820278788	1.07177612121	1.1910910303	0.777027939394	0.78610030303	0.793902363636	1.0035090303	1.00844133333	0.708899212121	0.848278848485	0.678195636364	1.37433424242	1.38640351515	1.18662381818	1.01695636364	1.90554018182	1.38945369697	1.71141763636	0.838397575758	1.37456551515	1.3424510303	1.07606381818	0.884468787879	1.01911266667	0.915087939394	0.865035090909	1.619038	1.573666	0.692118666667	1.11002581818	1.13487581818	1.23337836364	0.71500769697	0.687927393939	1.15458557576	0.683861454545	1.63493133333	1.62034642424	0.798804060606	0.905202909091	1.21338945455	1.58673327273	1.27815012121	0.948408787879	1.35439842424	0.801711333333	1.04072012121
PAM45	1.42995454545	1.41017012121	0.776789878788	1.35560806061	1.66801678788	1.56841945455	1.23015290909	1.20320666667	1.76172272727	1.84877260606	1.25413715152	1.73157357576	0.0	1.29672	1.68126848485	2.43971709091	1.63875363636	1.87654818182	1.91855872727	1.828818	1.70407733333	1.86329521212	1.76425169697	1.92907612121	1.26520345455	1.22743163636	1.35380709091	2.02104084848	0.960179212121	1.05075066667	0.797851818182	1.65978836364	1.01049727273	1.08984472727	1.33534963636	1.42355375758	1.91447533333	2.17507412121	2.06154030303	1.09526818182	1.54674260606	1.82709515152	2.03750327273	1.28891363636	1.26963327273	1.65912466667	1.75618157576	2.23259636364	1.86978569697	1.00094260606	0.999520727273	1.66555024242	1.62099090909	1.27618521212	0.782315575758	2.04173642424	1.48434030303	1.214316	1.54119618182	1.35148751515
PBW46	2.01687539394	2.02516660606	1.31904963636	1.80525387879	2.10827787879	2.13436612121	1.89692078788	1.76551406061	2.3866949697	2.38837636364	1.98730224242	2.00820278788	1.29672	0.0	1.45383151515	2.45003381818	1.90261157576	1.87794636364	2.07927848485	1.68943642424	1.58982763636	2.01914309091	2.10447460606	2.32580157576	1.64229084848	1.32917515152	1.73307048485	2.33735393939	1.02275787879	1.48350351515	1.07449472727	1.86900690909	1.39131218182	1.51385672727	1.62542769697	1.7821130303	2.35421957576	2.30735181818	2.37903969697	1.25182357576	1.93884575758	1.97239018182	2.42890860606	1.71950054545	1.74353884848	1.86971654545	1.89156690909	2.52437454545	1.91083442424	0.959925272727	1.00445466667	1.86226284848	1.60309927273	1.57743769697	1.22883351515	2.55267363636	1.80826733333	1.70572181818	1.67684127273	1.54683115152
PBW47	1.29728630303	1.47816187879	1.78522575758	1.05232636364	1.33962454545	1.33192539394	1.37684854545	1.01248933333	1.59746721212	1.55569733333	1.31823	1.07177612121	1.68126848485	1.45383151515	0.0	1.28330218182	1.19219230303	0.795954242424	1.11196430303	0.617165515152	0.484043878788	1.03445339394	1.35926842424	1.38037357576	1.33654454545	1.19686678788	1.10899860606	1.58013224242	1.84310709091	1.32024351515	1.55095230303	1.06365466667	1.29106163636	1.23940763636	1.05400078788	0.970270484848	1.59014454545	1.131686	1.38242236364	1.28707787879	1.71584212121	0.992575030303	1.60397951515	1.2019269697	1.20361751515	0.795504424242	0.918722909091	1.57891224242	0.931265454545	1.26951921212	1.17023927273	0.926053636364	0.59976630303	1.12434	1.55849836364	1.83245072727	1.08391121212	1.31081951515	0.769816787879	0.911107393939
PBW49	1.66095442424	2.15624442424	2.5209570303	1.68015933333	1.32537024242	1.60898709091	2.07742030303	1.72853733333	1.66059957576	1.18898072727	2.02331557576	1.1910910303	2.43971709091	2.45003381818	1.28330218182	0.0	1.41094781818	0.957636787879	1.10803060606	1.18525145455	1.15237054545	1.07269763636	1.54720418182	1.06876363636	2.10197024242	1.97413224242	1.83662236364	1.32944266667	2.62025169697	2.08123987879	2.33486818182	1.415388	2.0265170303	2.03072727273	1.8062850303	1.58212018182	1.30051872727	0.667213272727	0.970527333333	2.08724793939	2.28640733333	1.22152945455	1.29923260606	1.91869084848	1.92982187879	1.15070321212	1.166652	1.03028666667	1.08780630303	2.10225109091	2.07044642424	1.31261521212	1.26783127273	1.85074339394	2.32714236364	1.64995169697	1.63099884848	2.03964933333	1.32850018182	1.63484860606
PBW50	0.849104787879	1.43317393939	1.71285466667	0.938365454545	0.846662181818	0.887875272727	1.30723890909	0.964403454545	1.09099018182	1.10052515152	1.15178424242	0.777027939394	1.63875363636	1.90261157576	1.19219230303	1.41094781818	0.0	0.859774545455	0.840507030303	0.989294666667	1.06764187879	0.764022424242	0.784639757576	1.00767775758	1.15470884848	1.24082272727	1.03429284848	1.00505266667	1.79773393939	1.25755969697	1.57817224242	0.772158242424	1.19918545455	1.18650187879	1.04607951515	0.778985454545	1.04458484848	1.21675430303	1.07422981818	1.48307648485	1.39954581818	0.927522363636	1.14232624242	1.05546327273	1.13231987879	0.80148230303	0.692682606061	1.2156570303	0.853307575758	1.49983321212	1.44707727273	0.730635515152	0.948222242424	0.995049757576	1.55195078788	1.25760024242	0.798428484848	1.20280393939	0.821102666667	0.955209272727
PBW51	1.17700418182	1.70330218182	2.07132072727	1.19204727273	0.993233818182	1.15791587879	1.65242860606	1.28916260606	1.31215624242	1.19067278788	1.53140751515	0.78610030303	1.87654818182	1.87794636364	0.795954242424	0.957636787879	0.859774545455	0.0	0.666559272727	0.725647151515	0.800951333333	0.774405454545	1.01946642424	1.05948054545	1.52044230303	1.45848515152	1.32239054545	1.21598078788	2.12977587879	1.592082	1.8358190303	0.946022969697	1.55296448485	1.53234745455	1.37054084848	1.12196266667	1.25297406061	0.877395878788	1.10876230303	1.57161624242	1.77896109091	0.783810727273	1.34654042424	1.48685575758	1.43530375758	0.762000484848	0.696697636364	1.16699060606	0.668816909091	1.52335612121	1.49618115152	0.799255515152	0.746808060606	1.33722818182	1.86620375758	1.48079309091	1.14421769697	1.59678163636	0.880415636364	1.21235327273
PBW52	1.15556478788	1.68468109091	2.04836327273	1.20138109091	0.933066666667	1.17131878788	1.60647563636	1.28334333333	1.23861927273	1.12690284848	1.51893854545	0.793902363636	1.91855872727	2.07927848485	1.11196430303	1.10803060606	0.840507030303	0.666559272727	0.0	0.93307369697	0.924638606061	0.769027272727	1.0675310303	0.940833636364	1.56225042424	1.52963387879	1.35722242424	1.13405484848	2.1458270303	1.62999533333	1.88303115152	0.916042242424	1.55299369697	1.56826430303	1.3804849697	1.11126945455	1.21786933333	0.921306545455	0.985508121212	1.70587248485	1.81265612121	0.846471333333	1.30659181818	1.40907939394	1.4568169697	0.809391636364	0.727073515152	1.03828915152	0.781065151515	1.64254618182	1.66294684848	0.856968363636	0.906265151515	1.42130939394	1.84765830303	1.4196769697	1.19263757576	1.61116236364	0.863260484848	1.15906454545
PBW53	1.14807654545	1.61329842424	1.90212266667	1.06472339394	1.22858618182	1.20098642424	1.50784424242	1.14649509091	1.45512933333	1.4667669697	1.38540581818	1.0035090303	1.828818	1.68943642424	0.617165515152	1.18525145455	0.989294666667	0.725647151515	0.93307369697	0.0	0.533890606061	0.788776606061	1.19754969697	1.28633739394	1.44594448485	1.24847860606	1.25531369697	1.34569666667	1.98436860606	1.46515024242	1.68945684848	0.936399818182	1.40635939394	1.3954090303	1.15209006061	0.902204363636	1.44942	1.05186787879	1.30320121212	1.45396024242	1.6293689697	0.96078430303	1.48591363636	1.25839575758	1.31545551515	0.685014545455	0.805680424242	1.49843448485	0.818245030303	1.43589745455	1.38581957576	0.845416363636	0.617653151515	1.24171181818	1.68649539394	1.71705890909	1.01629454545	1.4048469697	0.740693333333	0.979324060606
PBW54	1.23429684848	1.45755872727	1.75956381818	1.02179448485	1.26086248485	1.2563490303	1.35433630303	1.00206909091	1.51238030303	1.4969129697	1.26440975758	1.00844133333	1.70407733333	1.58982763636	0.484043878788	1.15237054545	1.06764187879	0.800951333333	0.924638606061	0.533890606061	0.0	0.842695818182	1.24966466667	1.30732642424	1.34494684848	1.19256654545	1.09401436364	1.51800193939	1.86824830303	1.32366872727	1.55008272727	1.010396	1.26486939394	1.28814072727	1.06271909091	0.949926969697	1.50934939394	1.02939812121	1.28601363636	1.28318284848	1.66558284848	0.952259272727	1.55980375758	1.14690818182	1.18078248485	0.72173230303	0.835732484848	1.55053090909	0.849363393939	1.28497181818	1.26248921212	0.868880181818	0.549151272727	1.09369139394	1.53741315152	1.72780357576	1.00622927273	1.28409381818	0.67677	0.865980727273
PBW55	1.02896587879	1.65220145455	1.88685648485	1.08260157576	0.801035393939	1.02774787879	1.47004084848	1.09669933333	1.20309224242	1.08959278788	1.32404727273	0.708899212121	1.86329521212	2.01914309091	1.03445339394	1.07269763636	0.764022424242	0.774405454545	0.769027272727	0.788776606061	0.842695818182	0.0	0.809076606061	0.955779575758	1.44079163636	1.46537545455	1.14612290909	1.02298127273	1.92756727273	1.37244963636	1.71694884848	0.886740545455	1.35788242424	1.32788454545	1.10677939394	0.90029030303	1.02899066667	0.891059393939	0.905763393939	1.63930593939	1.59447575758	0.885047090909	1.21725230303	1.24167018182	1.28985260606	0.69076969697	0.710833878788	1.18177121212	0.718341393939	1.65892278788	1.69005206061	0.881921575758	0.879814	1.19778781818	1.69507721212	1.42879563636	1.00935345455	1.36591084848	0.795199515152	1.04238818182
PBW56	0.944090606061	1.5620169697	1.85022218182	1.10288424242	0.810908848485	0.948728969697	1.32399539394	1.08049666667	1.08183575758	1.00549412121	1.1028929697	0.848278848485	1.76425169697	2.10447460606	1.35926842424	1.54720418182	0.784639757576	1.01946642424	1.0675310303	1.19754969697	1.24966466667	0.809076606061	0.0	1.02686939394	1.37064109091	1.47882806061	0.869556242424	0.849290363636	1.80427769697	1.2209709697	1.67674460606	0.977335575758	1.30928739394	1.24431945455	1.02738460606	0.847021575758	0.948417090909	1.31614909091	1.11701818182	1.7024129697	1.48462351515	1.04887763636	1.20343763636	1.20345042424	1.20286739394	0.977143393939	0.874347212121	1.25751787879	0.934875818182	1.70592193939	1.65664769697	1.00210084848	1.12913533333	1.12039012121	1.70587139394	1.31113842424	0.925300484848	1.19269751515	0.983191272727	1.12195521212
PBW58	1.06059381818	1.55429751515	1.99413036364	1.21461412121	0.756868181818	1.04636236364	1.47069630303	1.22250230303	1.04688842424	0.629742787879	1.43669557576	0.678195636364	1.92907612121	2.32580157576	1.38037357576	1.06876363636	1.00767775758	1.05948054545	0.940833636364	1.28633739394	1.30732642424	0.955779575758	1.02686939394	0.0	1.62612066667	1.69114727273	1.36055727273	0.817260484848	2.15328781818	1.59607818182	1.97513545455	1.02532254545	1.62417121212	1.60416545455	1.32784115152	1.09312272727	0.834626606061	0.772019939394	0.625260060606	1.87640915152	1.83304321212	0.971523393939	0.949103878788	1.28885193939	1.4324890303	0.989661393939	0.942565090909	0.910452	0.979592606061	1.94777921212	1.92409090909	1.05965884848	1.15209890909	1.45013418182	1.85324430303	1.12760612121	1.23969569697	1.54571175758	1.07825145455	1.30339272727
PBW59	1.12330830303	1.24622872727	1.28949260606	1.03600593939	1.39976533333	1.23914909091	0.983974787879	0.969355090909	1.45015915152	1.62764745455	1.01584412121	1.37433424242	1.26520345455	1.64229084848	1.33654454545	2.10197024242	1.15470884848	1.52044230303	1.56225042424	1.44594448485	1.34494684848	1.44079163636	1.37064109091	1.62612066667	0.0	0.848946121212	0.983361454545	1.60491460606	1.35184715152	0.977914606061	1.18561975758	1.31864151515	0.941195757576	0.952658969697	0.866986060606	1.01772812121	1.40248545455	1.85770618182	1.75089563636	0.965529212121	1.12870436364	1.46777484848	1.50721581818	0.920083151515	0.681917939394	1.32762460606	1.33421375758	1.83521012121	1.48138624242	1.25185030303	1.27817266667	1.30245733333	1.27202139394	0.862837151515	1.14792072727	1.62176436364	1.06152121212	0.844674	1.12455806061	0.991638848485
PBW60	1.36344509091	1.40466915152	1.33275969697	1.09600890909	1.51933812121	1.45328915152	1.24334709091	1.11598024242	1.65295593939	1.78119006061	1.32196987879	1.38640351515	1.22743163636	1.32917515152	1.19686678788	1.97413224242	1.24082272727	1.45848515152	1.52963387879	1.24847860606	1.19256654545	1.46537545455	1.47882806061	1.69114727273	0.848946121212	0.0	1.11290212121	1.69773733333	1.40680793939	0.981602666667	1.07678587879	1.28941781818	0.947594121212	0.922340848485	1.02657	1.11675593939	1.60465848485	1.74232163636	1.83418284848	0.719091454545	1.21396563636	1.44394642424	1.61167660606	1.02634915152	0.971025515152	1.29831024242	1.32300181818	1.96428048485	1.41210557576	0.992600181818	0.955687757576	1.25117581818	1.15480969697	1.02871745455	1.08365242424	1.88193860606	1.15721848485	1.05551454545	1.13818757576	0.920467030303
PEP16	1.04094539394	1.25430860606	1.47040157576	0.928643757576	1.08028375758	1.11097612121	1.035588	0.817006727273	1.4025609697	1.34571084848	0.928977939394	1.18662381818	1.35380709091	1.73307048485	1.10899860606	1.83662236364	1.03429284848	1.32239054545	1.35722242424	1.25531369697	1.09401436364	1.14612290909	0.869556242424	1.36055727273	0.983361454545	1.11290212121	0.0	1.27518745455	1.46661842424	0.83940369697	1.26823515152	1.13331933333	0.928391878788	0.865697636364	0.733881939394	0.788982909091	1.29495042424	1.64335866667	1.45373915152	1.29644157576	1.40504860606	1.29188090909	1.46604963636	0.909875757576	0.853334181818	1.10456472727	1.19245266667	1.58759448485	1.28076866667	1.32014060606	1.25721375758	1.12179563636	1.01458151515	0.726515575758	1.32620872727	1.62846242424	0.89169369697	0.855530121212	0.950572363636	0.840632181818
PEP18	1.15428036364	1.672422	2.08569545455	1.35557375758	0.907929151515	1.20961181818	1.58561945455	1.370796	1.14568163636	0.882115636364	1.393662	1.01695636364	2.02104084848	2.33735393939	1.58013224242	1.32944266667	1.00505266667	1.21598078788	1.13405484848	1.34569666667	1.51800193939	1.02298127273	0.849290363636	0.817260484848	1.60491460606	1.69773733333	1.27518745455	0.0	2.12409933333	1.50128424242	1.93494539394	1.10890206061	1.56493424242	1.49680848485	1.31700345455	1.09669751515	0.739454121212	1.13273	0.911295575758	1.89943484848	1.73524781818	1.27078545455	1.01098727273	1.39141242424	1.44374648485	1.19875763636	1.13565163636	1.08668363636	1.15453672727	1.93878975758	1.86855672727	1.23135557576	1.31915260606	1.40814618182	1.89907545455	1.07668442424	1.13420563636	1.42244751515	1.26127909091	1.41687127273
PEP21	1.78219193939	1.79580763636	0.938304727273	1.69070763636	1.92071672727	1.84941248485	1.49433551515	1.51591678788	2.06601442424	2.16032333333	1.46784254545	1.90554018182	0.960179212121	1.02275787879	1.84310709091	2.62025169697	1.79773393939	2.12977587879	2.1458270303	1.98436860606	1.86824830303	1.92756727273	1.80427769697	2.15328781818	1.35184715152	1.40680793939	1.46661842424	2.12409933333	0.0	1.09198078788	0.76771369697	1.86018030303	1.09808957576	1.1666029697	1.36605721212	1.52096933333	2.08465490909	2.37593757576	2.26481575758	1.27828618182	1.63747854545	2.03095145455	2.27575909091	1.51658424242	1.39843418182	1.84043090909	1.93070175758	2.41364321212	2.00587460606	1.16964957576	1.17922357576	1.85688206061	1.77757593939	1.43426515152	0.985399636364	2.28411842424	1.61609381818	1.28123606061	1.7088950303	1.5063530303
PEP23	1.17163890909	1.30147521212	1.13353	1.12868321212	1.32203242424	1.26963690909	0.99793169697	0.917489333333	1.53289145455	1.57642787879	1.05805024242	1.38945369697	1.05075066667	1.48350351515	1.32024351515	2.08123987879	1.25755969697	1.592082	1.62999533333	1.46515024242	1.32366872727	1.37244963636	1.2209709697	1.59607818182	0.977914606061	0.981602666667	0.83940369697	1.50128424242	1.09198078788	0.0	0.948909878788	1.33284436364	0.592073030303	0.611772484848	0.825986242424	0.935640060606	1.4755410303	1.83053278788	1.6440090303	1.02700636364	1.37774866667	1.50046981818	1.66477575758	0.894102	0.893220181818	1.30557993939	1.40193563636	1.85751915152	1.50598654545	1.01586890909	1.05646363636	1.32352309091	1.27325709091	0.83297430303	0.972309878788	1.78514406061	1.09153024242	0.776474545455	1.17238333333	1.00474084848
PEP24	1.55914393939	1.63582339394	0.816521454545	1.43969321212	1.73690290909	1.64833236364	1.36620157576	1.31733848485	1.88966533333	1.99535824242	1.37155939394	1.71141763636	0.797851818182	1.07449472727	1.55095230303	2.33486818182	1.57817224242	1.8358190303	1.88303115152	1.68945684848	1.55008272727	1.71694884848	1.67674460606	1.97513545455	1.18561975758	1.07678587879	1.26823515152	1.93494539394	0.76771369697	0.948909878788	0.0	1.58389957576	0.890272484848	1.02634975758	1.19445345455	1.33664	1.87511636364	2.100636	2.06610569697	0.98804630303	1.50439454545	1.78790272727	2.05579424242	1.2984249697	1.20252109091	1.55019672727	1.64992793939	2.24736272727	1.7718709697	0.903504363636	0.909279818182	1.58119563636	1.48551484848	1.19968515152	0.751938666667	2.12736969697	1.41286969697	1.11009436364	1.40870060606	1.28931218182
PEP26	0.894313939394	1.22045593939	1.78481751515	0.94104430303	0.943214121212	0.935545030303	1.32757	1.0075369697	1.11962309091	1.15775454545	1.22625181818	0.838397575758	1.65978836364	1.86900690909	1.06365466667	1.415388	0.772158242424	0.946022969697	0.916042242424	0.936399818182	1.010396	0.886740545455	0.977335575758	1.02532254545	1.31864151515	1.28941781818	1.13331933333	1.10890206061	1.86018030303	1.33284436364	1.58389957576	0.0	1.2218749697	1.27848254545	1.08744927273	0.897411090909	1.16001242424	1.17135133333	1.15090381818	1.43560151515	1.5172309697	0.894483757576	1.2266529697	1.09263642424	1.19274187879	0.740622727273	0.733975151515	1.36563515152	0.842188969697	1.51328078788	1.48431539394	0.756404424242	0.792280848485	1.1886649697	1.54273339394	1.32998309091	0.887770848485	1.24114484848	0.789038363636	0.934093212121
PEP27	1.2520570303	1.33641842424	1.11059842424	1.1249630303	1.38575139394	1.33452993939	1.08096	0.981602363636	1.58398145455	1.64732369697	1.13265490909	1.37456551515	1.01049727273	1.39131218182	1.29106163636	2.0265170303	1.19918545455	1.55296448485	1.55299369697	1.40635939394	1.26486939394	1.35788242424	1.30928739394	1.62417121212	0.941195757576	0.947594121212	0.928391878788	1.56493424242	1.09808957576	0.592073030303	0.890272484848	1.2218749697	0.0	0.690854727273	0.899496121212	0.995682666667	1.56015248485	1.79735806061	1.68141975758	0.911160484848	1.4509310303	1.46176369697	1.72255993939	0.970684121212	0.939834787879	1.24329066667	1.289638	1.88170624242	1.41842854545	0.934516363636	0.969358363636	1.28892872727	1.19041630303	0.895925030303	0.911415393939	1.80239260606	1.07674945455	0.874645515152	1.10624290909	0.929516666667
PEP28	1.1765369697	1.29093412121	1.15162915152	1.06098163636	1.28696369697	1.29271072727	0.999106121212	0.862630909091	1.53348636364	1.55831042424	1.00182042424	1.3424510303	1.08984472727	1.51385672727	1.23940763636	2.03072727273	1.18650187879	1.53234745455	1.56826430303	1.3954090303	1.28814072727	1.32788454545	1.24431945455	1.60416545455	0.952658969697	0.922340848485	0.865697636364	1.49680848485	1.1666029697	0.611772484848	1.02634975758	1.27848254545	0.690854727273	0.0	0.832761757576	0.908487333333	1.49141448485	1.79479060606	1.65451024242	1.00555957576	1.43609981818	1.43325357576	1.68266230303	0.939255939394	0.899875454545	1.26562987879	1.33376618182	1.76458909091	1.3969470303	1.06370406061	1.00678763636	1.23353836364	1.19425660606	0.796003878788	1.04845024242	1.81501133333	0.931678121212	0.787316969697	1.10387666667	0.957164
PEP29	1.03017606061	1.23025090909	1.37202836364	0.922900969697	1.12144024242	1.17214339394	0.970874060606	0.791799333333	1.45910472727	1.371578	0.938636484848	1.07606381818	1.33534963636	1.62542769697	1.05400078788	1.8062850303	1.04607951515	1.37054084848	1.3804849697	1.15209006061	1.06271909091	1.10677939394	1.02738460606	1.32784115152	0.866986060606	1.02657	0.733881939394	1.31700345455	1.36605721212	0.825986242424	1.19445345455	1.08744927273	0.899496121212	0.832761757576	0.0	0.698064969697	1.3073809697	1.57020193939	1.40989745455	1.21889115152	1.35483078788	1.21206381818	1.44947872727	0.838298060606	0.804695151515	1.05911284848	1.17880927273	1.61369581818	1.21829206061	1.24872060606	1.22210272727	1.09852363636	1.01119024242	0.734043818182	1.22501648485	1.68036618182	0.904283030303	0.867132181818	0.934639151515	0.732755333333
PEP30	0.832221030303	1.26024121212	1.46614969697	0.756792848485	0.965108484848	0.956250545455	1.01715163636	0.730879212121	1.20104824242	1.20289690909	0.850938909091	0.884468787879	1.42355375758	1.7821130303	0.970270484848	1.58212018182	0.778985454545	1.12196266667	1.11126945455	0.902204363636	0.949926969697	0.90029030303	0.847021575758	1.09312272727	1.01772812121	1.11675593939	0.788982909091	1.09669751515	1.52096933333	0.935640060606	1.33664	0.897411090909	0.995682666667	0.908487333333	0.698064969697	0.0	1.16555587879	1.32881830303	1.18892387879	1.30965793939	1.25200375758	1.03595763636	1.25695	0.836651515152	0.907397575758	0.83670630303	0.893594727273	1.42280163636	1.02905363636	1.39590739394	1.32033169697	0.848842909091	0.815188181818	0.812127575758	1.32429636364	1.49089054545	0.71442230303	0.916783212121	0.699512848485	0.773479575758
PIS1	0.985680181818	1.63694654545	1.94089987879	1.22223939394	0.849423272727	0.991289454545	1.40739818182	1.19187375758	1.00756109091	0.741302363636	1.24000254545	1.01911266667	1.91447533333	2.35421957576	1.59014454545	1.30051872727	1.04458484848	1.25297406061	1.21786933333	1.44942	1.50934939394	1.02899066667	0.948417090909	0.834626606061	1.40248545455	1.60465848485	1.29495042424	0.739454121212	2.08465490909	1.4755410303	1.87511636364	1.16001242424	1.56015248485	1.49141448485	1.3073809697	1.16555587879	0.0	1.09924521212	0.818905818182	1.69957648485	1.52702412121	1.25150006061	0.732234	1.27257260606	1.20414315152	1.14045321212	1.11143969697	1.040266	1.19325048485	1.95536593939	1.92438684848	1.19757333333	1.37089242424	1.32853121212	1.76567442424	1.02595866667	1.19722327273	1.35640769697	1.18502266667	1.3668730303
PIS2	1.36492963636	1.90312872727	2.24174812121	1.35385454545	1.0516209697	1.33570169697	1.79529151515	1.43117278788	1.39650012121	0.948102969697	1.72120121212	0.915087939394	2.17507412121	2.30735181818	1.131686	0.667213272727	1.21675430303	0.877395878788	0.921306545455	1.05186787879	1.02939812121	0.891059393939	1.31614909091	0.772019939394	1.85770618182	1.74232163636	1.64335866667	1.13273	2.37593757576	1.83053278788	2.100636	1.17135133333	1.79735806061	1.79479060606	1.57020193939	1.32881830303	1.09924521212	0.0	0.756215515152	1.86268727273	2.05664969697	0.97643169697	1.25739460606	1.56585321212	1.68626921212	0.887379151515	0.938749636364	1.06551060606	0.906945757576	1.91105175758	1.89069218182	1.08742836364	1.09787690909	1.67209254545	2.05186363636	1.46041163636	1.42900872727	1.83295145455	1.08639709091	1.38115727273
PIS4	1.18828139394	1.72490060606	2.09148387879	1.32533090909	0.886680848485	1.15707842424	1.6123969697	1.30082151515	1.18571018182	0.738567333333	1.49657745455	0.865035090909	2.06154030303	2.37903969697	1.38242236364	0.970527333333	1.07422981818	1.10876230303	0.985508121212	1.30320121212	1.28601363636	0.905763393939	1.11701818182	0.625260060606	1.75089563636	1.83418284848	1.45373915152	0.911295575758	2.26481575758	1.6440090303	2.06610569697	1.15090381818	1.68141975758	1.65451024242	1.40989745455	1.18892387879	0.818905818182	0.756215515152	0.0	1.89302230303	1.8800390303	1.12448151515	0.956291575758	1.41499224242	1.50984218182	0.976473454545	0.966683939394	0.899037515152	1.02423860606	1.95812642424	1.98390115152	1.12402739394	1.21682345455	1.4765130303	1.97572581818	1.14192957576	1.28934254545	1.59513012121	1.09174315152	1.37071387879
PIS5	1.48826248485	1.42930812121	1.11767260606	1.21334254545	1.63477721212	1.49207321212	1.2470329697	1.20888624242	1.64025490909	1.88898030303	1.34658072727	1.619038	1.09526818182	1.25182357576	1.28707787879	2.08724793939	1.48307648485	1.57161624242	1.70587248485	1.45396024242	1.28318284848	1.63930593939	1.7024129697	1.87640915152	0.965529212121	0.719091454545	1.29644157576	1.89943484848	1.27828618182	1.02700636364	0.98804630303	1.43560151515	0.911160484848	1.00555957576	1.21889115152	1.30965793939	1.69957648485	1.86268727273	1.89302230303	0.0	1.17771018182	1.57138793939	1.65027109091	1.12410569697	0.991059878788	1.38757745455	1.42663169697	2.102226	1.50546830303	0.924466666667	0.990508545455	1.37390993939	1.24852563636	1.11977412121	0.904722787879	1.86727490909	1.34293236364	1.07727121212	1.22006763636	1.10017242424
PIS7	1.34601242424	1.56408460606	1.57467709091	1.31865369697	1.58902606061	1.41294727273	1.41539721212	1.35134054545	1.55525733333	1.81300721212	1.30397684848	1.573666	1.54674260606	1.93884575758	1.71584212121	2.28640733333	1.39954581818	1.77896109091	1.81265612121	1.6293689697	1.66558284848	1.59447575758	1.48462351515	1.83304321212	1.12870436364	1.21396563636	1.40504860606	1.73524781818	1.63747854545	1.37774866667	1.50439454545	1.5172309697	1.4509310303	1.43609981818	1.35483078788	1.25200375758	1.52702412121	2.05664969697	1.8800390303	1.17771018182	0.0	1.69881533333	1.45326393939	1.25662375758	1.18532690909	1.51009042424	1.57915533333	2.06381521212	1.69945024242	1.71297830303	1.72298733333	1.54614181818	1.52684939394	1.34422175758	1.42538787879	1.74429406061	1.31259866667	1.26946769697	1.3637369697	1.42535048485
PIS9	1.02964024242	1.50052430303	1.84048842424	1.02988090909	0.847496545455	0.956287090909	1.42224660606	1.06333709091	1.16166951515	1.05478133333	1.43013024242	0.692118666667	1.82709515152	1.97239018182	0.992575030303	1.22152945455	0.927522363636	0.783810727273	0.846471333333	0.96078430303	0.952259272727	0.885047090909	1.04887763636	0.971523393939	1.46777484848	1.44394642424	1.29188090909	1.27078545455	2.03095145455	1.50046981818	1.78790272727	0.894483757576	1.46176369697	1.43325357576	1.21206381818	1.03595763636	1.25150006061	0.97643169697	1.12448151515	1.57138793939	1.69881533333	0.0	1.25913975758	1.20791509091	1.29112224242	0.723902848485	0.696576484848	1.17821830303	0.653113090909	1.56458563636	1.52750690909	0.640442	0.910630060606	1.33447769697	1.64832478788	1.46680527273	1.13088612121	1.54714290909	0.921094727273	1.07973127273
PIS10	1.16357418182	1.72752842424	2.0685130303	1.28432224242	1.02994478788	1.08011993939	1.56048151515	1.33457139394	1.082322	0.947877090909	1.50486866667	1.11002581818	2.03750327273	2.42890860606	1.60397951515	1.29923260606	1.14232624242	1.34654042424	1.30659181818	1.48591363636	1.55980375758	1.21725230303	1.20343763636	0.949103878788	1.50721581818	1.61167660606	1.46604963636	1.01098727273	2.27575909091	1.66477575758	2.05579424242	1.2266529697	1.72255993939	1.68266230303	1.44947872727	1.25695	0.732234	1.25739460606	0.956291575758	1.65027109091	1.45326393939	1.25913975758	0.0	1.38622042424	1.34899981818	1.18832854545	1.15816133333	1.09146387879	1.26230751515	2.05033642424	2.04741975758	1.2485229697	1.43529066667	1.52648981818	1.87019618182	1.13401133333	1.33939775758	1.57639284848	1.25029157576	1.42158351515
PIS11	0.868410606061	0.895226060606	1.15988727273	0.737615757576	1.07405733333	0.88788169697	0.753906666667	0.707661878788	1.12882157576	1.28334563636	0.95461030303	1.13487581818	1.28891363636	1.71950054545	1.2019269697	1.91869084848	1.05546327273	1.48685575758	1.40907939394	1.25839575758	1.14690818182	1.24167018182	1.20345042424	1.28885193939	0.920083151515	1.02634915152	0.909875757576	1.39141242424	1.51658424242	0.894102	1.2984249697	1.09263642424	0.970684121212	0.939255939394	0.838298060606	0.836651515152	1.27257260606	1.56585321212	1.41499224242	1.12410569697	1.25662375758	1.20791509091	1.38622042424	0.0	0.750479393939	1.0429	1.17228733333	1.69577472727	1.2937650303	1.28306690909	1.29643484848	1.12470739394	1.08685060606	0.867216909091	1.00936860606	1.55837357576	0.940386181818	0.85377	0.953649818182	0.815505636364
PIS14	0.985862121212	1.09403406061	1.27017793939	0.848164484848	1.17009842424	1.02332436364	0.874262424242	0.790821878788	1.248868	1.39985739394	0.865612484848	1.23337836364	1.26963327273	1.74353884848	1.20361751515	1.92982187879	1.13231987879	1.43530375758	1.4568169697	1.31545551515	1.18078248485	1.28985260606	1.20286739394	1.4324890303	0.681917939394	0.971025515152	0.853334181818	1.44374648485	1.39843418182	0.893220181818	1.20252109091	1.19274187879	0.939834787879	0.899875454545	0.804695151515	0.907397575758	1.20414315152	1.68626921212	1.50984218182	0.991059878788	1.18532690909	1.29112224242	1.34899981818	0.750479393939	0.0	1.09401951515	1.18555412121	1.63291242424	1.31190139394	1.26588266667	1.26802842424	1.11953357576	1.11282878788	0.788698363636	1.12573769697	1.56056121212	0.956125333333	0.796862969697	0.988340484848	0.83997230303
PIS15	0.903582242424	1.46350666667	1.69562472727	0.880896606061	0.910103757576	0.912496727273	1.30335612121	0.948691575758	1.15711454545	1.12931157576	1.20250339394	0.71500769697	1.65912466667	1.86971654545	0.795504424242	1.15070321212	0.80148230303	0.762000484848	0.809391636364	0.685014545455	0.72173230303	0.69076969697	0.977143393939	0.989661393939	1.32762460606	1.29831024242	1.10456472727	1.19875763636	1.84043090909	1.30557993939	1.55019672727	0.740622727273	1.24329066667	1.26562987879	1.05911284848	0.83670630303	1.14045321212	0.887379151515	0.976473454545	1.38757745455	1.51009042424	0.723902848485	1.18832854545	1.0429	1.09401951515	0.0	0.612489030303	1.26620806061	0.712014363636	1.47778169697	1.44981109091	0.635282909091	0.657520787879	1.10588175758	1.51100012121	1.45313369697	0.877144	1.28869448485	0.588550666667	0.889026
PLL76	0.967213212121	1.52693933333	1.81832284848	0.958203818182	0.863823454545	0.907233878788	1.38055739394	1.05159006061	1.14439812121	1.09155163636	1.2776869697	0.687927393939	1.75618157576	1.89156690909	0.918722909091	1.166652	0.692682606061	0.696697636364	0.727073515152	0.805680424242	0.835732484848	0.710833878788	0.874347212121	0.942565090909	1.33421375758	1.32300181818	1.19245266667	1.13565163636	1.93070175758	1.40193563636	1.64992793939	0.733975151515	1.289638	1.33376618182	1.17880927273	0.893594727273	1.11143969697	0.938749636364	0.966683939394	1.42663169697	1.57915533333	0.696576484848	1.15816133333	1.17228733333	1.18555412121	0.612489030303	0.0	1.09877757576	0.580244242424	1.48393521212	1.50756872727	0.629418	0.725770181818	1.17340048485	1.56052393939	1.33910939394	0.947029757576	1.30457575758	0.651974484848	0.892479393939
