	PAM31	PAM32	PAM33	PAM35	PAM36	PAM37	PAM39	PAM40	PAM41	PAM42	PAM43	PAM44	PAM45	PBW46	PBW47	PBW49	PBW50	PBW51	PBW52	PBW53	PBW54	PBW55	PBW56	PBW58	PBW59	PBW60	PEP16	PEP18	PEP21	PEP23	PEP24	PEP26	PEP27	PEP28	PEP29	PEP30	PIS1	PIS2	PIS4	PIS5	PIS7	PIS9	PIS10	PIS11	PIS14	PIS15	PLL76	PLL77	PLL79	PLL80	PLL83	PLL88	PLL89	PLL90	PPO64	PPO66	PPO67	PPO69	PPO72	PPO75
PAM31	0.0	1.43870078788	1.57335484848	1.40155563636	0.633296545455	0.833382121212	0.86919769697	0.844577636364	0.868828424242	0.742565636364	0.914893454545	0.943353030303	1.73683290909	2.64971460606	1.53116624242	1.72063648485	1.0590189697	1.24183739394	1.22983587879	1.42458654545	1.41760527273	1.29240436364	1.10947430303	0.892121090909	1.53249224242	1.59001187879	1.14269436364	1.00009915152	1.6864709697	1.32589145455	1.7494589697	1.00065793939	1.79965406061	1.24454266667	1.20393169697	1.01777006061	0.839392969697	1.28297836364	1.06490393939	1.66381163636	1.5262789697	1.04822884848	1.04959981818	1.2412830303	1.38238157576	1.00024521212	1.20746454545	1.02684618182	1.10086618182	1.89863454545	1.82987927273	1.30460321212	1.33386169697	1.20124145455	1.50465909091	1.41682381818	1.31299527273	1.15174484848	1.13191581818	1.08502587879
PAM32	1.43870078788	0.0	1.06330412121	1.07703824242	1.4102230303	1.03205660606	0.984333757576	1.19568606061	1.18879248485	1.28890812121	1.32686260606	1.42066084848	1.33381078788	2.27482993939	1.60410387879	2.37119254545	1.531124	1.81177345455	1.92068442424	1.65424442424	1.52366775758	1.55210369697	1.38559012121	1.58061193939	1.29090660606	1.22168866667	1.31922509091	1.78997593939	1.50665151515	1.24712048485	1.55628206061	1.38432563636	1.55302672727	1.27425545455	1.32128533333	1.44961727273	1.53170163636	1.96286436364	1.86645527273	1.21834672727	1.51899927273	1.7650690303	1.58087175758	1.13660563636	1.06403048485	1.60758793939	1.48978133333	1.7420450303	1.84251751515	1.56882260606	1.56104757576	1.35789006061	1.52381727273	1.27565739394	1.07294460606	1.80927842424	1.30533909091	1.21179072727	1.49202666667	1.4065329697
PAM33	1.57335484848	1.06330412121	0.0	0.939094969697	1.55181345455	1.23540448485	1.18812806061	1.31609927273	1.41946412121	1.41495478788	1.34538551515	1.63506751515	0.943963636364	1.87131793939	1.75753430303	2.55515424242	1.53005721212	1.96117951515	2.12752575758	1.77124018182	1.65908484848	1.63463642424	1.46139533333	1.725586	1.27524478788	1.09057169697	1.33898387879	1.98292709091	0.979439393939	1.13517139394	1.07718145455	1.74558745455	1.08161339394	1.2265789697	1.35404618182	1.54293181818	1.61151278788	2.13092424242	2.01366509091	1.13998709091	1.39726521212	1.92724127273	1.82833587879	1.15350975758	1.04915121212	1.69030260606	1.64356424242	1.87229	1.94186321212	1.23246127273	1.19774309091	1.59925393939	1.76153921212	1.35378563636	0.640913818182	2.16662024242	1.46655290909	1.42743145455	1.61549054545	1.57952218182
PAM35	1.40155563636	1.07703824242	0.939094969697	0.0	1.26610745455	1.17057824242	1.14574327273	0.982598484848	1.42608648485	1.14205218182	1.09069224242	1.32849630303	1.11862684848	1.86758951515	1.28427969697	2.11440715152	1.2292290303	1.53962442424	1.71385127273	1.32616581818	1.21893351515	1.14503369697	1.1637409697	1.46429551515	1.22997224242	0.848491272727	1.08583654545	1.70691575758	1.12826975758	0.897628909091	1.01227254545	1.36066121212	1.01226860606	0.917611030303	1.04295387879	1.16823151515	1.35251090909	1.67725545455	1.62915327273	0.889628969697	1.45424733333	1.56358242424	1.71009630303	0.819651878788	0.93007430303	1.27051078788	1.16563424242	1.51816545455	1.52482254545	1.09286412121	1.09931672727	1.14512927273	1.29888254545	0.989950181818	0.876870969697	2.07420406061	1.04881406061	1.15846024242	1.21696721212	1.12681848485
PAM36	0.633296545455	1.4102230303	1.55181345455	1.26610745455	0.0	0.787084969697	0.901913515152	0.817912727273	0.835315030303	0.677804	1.04515218182	0.712895515152	1.75350387879	2.57561393939	1.29470509091	1.4763250303	0.950397454545	1.04554654545	1.04633436364	1.23630878788	1.19418969697	1.12104587879	1.02625860606	0.68918369697	1.55569581818	1.47401812121	1.16192593939	0.918156060606	1.70287357576	1.24111127273	1.690716	0.822084787879	1.74995569697	1.16050478788	1.07088569697	0.852431090909	0.725657393939	1.04412181818	0.889579515152	1.52275739394	1.50601127273	0.828397757576	0.944062181818	1.16461836364	1.36723278788	0.774649878788	1.02012412121	0.824531818182	0.898200787879	1.70332175758	1.64806115152	1.06837309091	1.10871727273	1.10691824242	1.50306642424	1.46236315152	1.18629012121	1.21003787879	0.945068727273	0.938212363636
PAM37	0.833382121212	1.03205660606	1.23540448485	1.17057824242	0.787084969697	0.0	0.463712787879	0.697415636364	0.716570666667	0.655910787879	0.904040545455	0.900479272727	1.64952133333	2.43805769697	1.26551890909	1.79061375758	0.970596484848	1.23825951515	1.40688842424	1.16413739394	1.15964521212	1.08581448485	0.962008666667	1.03038078788	1.41606115152	1.4725930303	1.07993951515	1.28009242424	1.61339187879	1.14264254545	1.61588266667	1.09144539394	1.58491824242	1.10510806061	1.02350727273	0.857171333333	0.993495939394	1.38820448485	1.22381115152	1.43046684848	1.42034557576	1.16748345455	1.13723963636	1.07199484848	1.24214212121	0.968869636364	1.00630339394	1.15560127273	1.2033829697	1.65497787879	1.62908781818	1.05491090909	1.10909012121	1.02185775758	1.29460666667	1.56771163636	1.1761509697	1.09147278788	0.930922424242	1.00687915152
PAM39	0.86919769697	0.984333757576	1.18812806061	1.14574327273	0.901913515152	0.463712787879	0.0	0.657257636364	0.722907090909	0.731638	0.740100606061	1.01708284848	1.51321266667	2.41801484848	1.30481133333	1.93478315152	0.983414969697	1.37012575758	1.49823575758	1.22947636364	1.20055521212	1.13100981818	0.923650909091	1.14653636364	1.38610569697	1.45689163636	1.03571981818	1.31756169697	1.53397678788	1.15305993939	1.610746	1.18720193939	1.58690278788	1.10966945455	0.997413030303	0.911569575758	1.063452	1.54567727273	1.35092890909	1.437064	1.36121787879	1.330888	1.25724309091	1.0393369697	1.22694678788	1.10224909091	1.07806466667	1.26096072727	1.35582763636	1.68090630303	1.6507769697	1.09898042424	1.17713793939	0.998024969697	1.2029829697	1.5263170303	1.18914654545	1.0252110303	1.02618139394	1.06404260606
PAM40	0.844577636364	1.19568606061	1.31609927273	0.982598484848	0.817912727273	0.697415636364	0.657257636364	0.0	1.01294969697	0.553706545455	0.599782	0.920035878788	1.43318424242	2.36276812121	1.14902933333	1.83643933333	0.830177090909	1.27923672727	1.44024260606	1.06933872727	1.02592484848	0.948363454545	0.793620060606	1.06105133333	1.26216939394	1.26482454545	0.860061212121	1.22396224242	1.45737466667	0.991263393939	1.41074060606	1.04624878788	1.41602381818	0.908347939394	0.812337939394	0.763995575758	0.989684424242	1.39458666667	1.21599612121	1.31866551515	1.33788024242	1.19277315152	1.27008315152	0.939507090909	1.04127933333	0.993627454545	0.912753454545	1.17835824242	1.24323278788	1.51886260606	1.51072139394	0.92109430303	1.05971218182	0.807794484848	1.27762036364	1.61943018182	1.03814090909	0.870454484848	0.925230424242	0.905832606061
PAM41	0.868828424242	1.18879248485	1.41946412121	1.42608648485	0.835315030303	0.716570666667	0.722907090909	1.01294969697	0.0	0.953257212121	1.11760806061	1.08679866667	1.80638424242	2.73929175758	1.58977915152	1.83399533333	1.29525721212	1.40007672727	1.42136151515	1.50338260606	1.46626545455	1.44763848485	1.32245351515	1.01461084848	1.637906	1.69243230303	1.41642909091	1.20584975758	1.87411248485	1.49660909091	1.94683781818	1.04978054545	1.93339860606	1.46331278788	1.40590375758	1.16950490909	0.924388181818	1.41748727273	1.28957442424	1.66572078788	1.49458787879	1.24205884848	1.07071478788	1.32960648485	1.45798466667	1.16542987879	1.31768909091	1.1847290303	1.30663012121	2.01976139394	1.98532127273	1.36759163636	1.3463429697	1.38398224242	1.53655284848	1.31677309091	1.48569290909	1.26785472727	1.20094375758	1.21862375758
PAM42	0.742565636364	1.28890812121	1.41495478788	1.14205218182	0.677804	0.655910787879	0.731638	0.553706545455	0.953257212121	0.0	0.775186363636	0.736632969697	1.579776	2.41752387879	1.18977018182	1.70570539394	0.852345939394	1.17542351515	1.32447642424	1.11935872727	1.06716569697	0.952643212121	0.811388424242	0.926330969697	1.34698927273	1.33216806061	0.942490545455	1.07746721212	1.51783357576	1.08008933333	1.48432072727	0.939357878788	1.53115909091	0.935147454545	0.860424	0.677920787879	0.855717515152	1.25766254545	1.11979248485	1.37377557576	1.36441975758	1.04930830303	1.0786550303	1.03991363636	1.18450539394	0.878790363636	0.917968242424	1.04331763636	1.10882393939	1.52422357576	1.54403739394	0.957027030303	1.00957084848	0.880338727273	1.35223357576	1.59307842424	1.03675521212	0.959640545455	0.816426424242	0.884674545455
PAM43	0.914893454545	1.32686260606	1.34538551515	1.09069224242	1.04515218182	0.904040545455	0.740100606061	0.599782	1.11760806061	0.775186363636	0.0	1.16244987879	1.42191436364	2.40157993939	1.32488769697	2.04295951515	0.907860181818	1.42739569697	1.60487818182	1.23594363636	1.161078	1.06015478788	0.870461575758	1.31581769697	1.27015321212	1.36467030303	0.891097757576	1.32337830303	1.4068130303	1.03638818182	1.45626442424	1.20170254545	1.41603709091	0.967897939394	0.921884787879	0.928323151515	1.09459115152	1.60080406061	1.36983618182	1.40858375758	1.30402490909	1.43362363636	1.46485145455	1.02264848485	1.06519369697	1.18057406061	1.10246636364	1.32193151515	1.38418254545	1.65718424242	1.604992	1.09598806061	1.23508775758	0.886834060606	1.37320090909	1.66463048485	1.09461442424	0.864415030303	1.04265775758	1.04239715152
PAM44	0.943353030303	1.42066084848	1.63506751515	1.32849630303	0.712895515152	0.900479272727	1.01708284848	0.920035878788	1.08679866667	0.736632969697	1.16244987879	0.0	1.72181478788	2.40537418182	0.970349454545	1.35623751515	0.879540848485	0.805714666667	0.966689636364	0.907201515152	0.857688484848	0.81435169697	0.951463818182	0.591882727273	1.50895569697	1.30879218182	1.16338387879	1.06254478788	1.66013963636	1.22871624242	1.56865381818	0.784768060606	1.65492951515	1.12137121212	0.908776848485	0.72460769697	0.820926969697	0.943907757576	0.895712969697	1.40952466667	1.43393236364	0.811775575758	1.10349975758	1.11414006061	1.33812975758	0.557534121212	0.727335272727	0.873422484848	0.809600787879	1.54217412121	1.55491993939	0.862707878788	0.788189636364	0.994164424242	1.46915030303	1.56693939394	1.025326	1.18536260606	0.65471430303	0.794243393939
PAM45	1.73683290909	1.33381078788	0.943963636364	1.11862684848	1.75350387879	1.64952133333	1.51321266667	1.43318424242	1.80638424242	1.579776	1.42191436364	1.72181478788	0.0	1.65087636364	1.78489842424	2.61665642424	1.62234387879	1.92953478788	2.11402757576	1.81981884848	1.69554230303	1.72106224242	1.550378	1.87240006061	1.36081109091	1.14856018182	1.43988557576	2.03125218182	0.762399636364	1.26680727273	0.923449818182	1.71571363636	0.977388424242	1.32791254545	1.43773006061	1.59932769697	1.75467933333	2.20950436364	2.12266460606	1.23066212121	1.54814024242	2.06118951515	2.07353006061	1.27878818182	1.230758	1.76505775758	1.71198763636	1.92702333333	2.02195509091	1.06991436364	1.08219169697	1.59720484848	1.72350975758	1.43326866667	0.845069212121	2.23662642424	1.46736636364	1.49936684848	1.7269350303	1.56941551515
PBW46	2.64971460606	2.27482993939	1.87131793939	1.86758951515	2.57561393939	2.43805769697	2.41801484848	2.36276812121	2.73929175758	2.41752387879	2.40157993939	2.40537418182	1.65087636364	0.0	1.98773066667	3.02098793939	2.34862351515	2.30120036364	2.70705012121	2.13774563636	2.1575670303	2.17184575758	2.20697266667	2.65974260606	2.20409436364	1.74037193939	2.12492981818	2.77952866667	1.53639224242	1.97605915152	1.47478290909	2.52049278788	1.57835787879	2.0159730303	2.15420339394	2.2643829697	2.46280987879	2.70922	2.85681515152	1.69026151515	2.29998084848	2.62563072727	2.80706993939	2.01508648485	2.05549181818	2.33696430303	2.23819563636	2.55648842424	2.55625315152	1.32010975758	1.4407850303	2.15016024242	2.20584745455	2.03583012121	1.63808048485	3.1115510303	1.9575949697	2.29704357576	2.28346339394	2.32533187879
PBW47	1.53116624242	1.60410387879	1.75753430303	1.28427969697	1.29470509091	1.26551890909	1.30481133333	1.14902933333	1.58977915152	1.18977018182	1.32488769697	0.970349454545	1.78489842424	1.98773066667	0.0	1.3250610303	1.0801129697	0.728058666667	1.19753654545	0.574730848485	0.590705818182	0.737339333333	0.996449636364	1.16661133333	1.5504650303	1.20213315152	1.19343551515	1.51943969697	1.66087309091	1.26816363636	1.40517321212	1.1906669697	1.5626749697	1.11215206061	0.918857939394	0.998178242424	1.23989618182	0.995191878788	1.35010412121	1.10489678788	1.66248630303	1.12368733333	1.64607175758	1.17147339394	1.32196224242	0.845114121212	0.781505818182	1.19386212121	1.0007509697	1.24466563636	1.15729678788	0.795587515152	0.660357878788	0.990378	1.56808957576	2.03571127273	0.928239212121	1.28175751515	0.869508	0.992462909091
PBW49	1.72063648485	2.37119254545	2.55515424242	2.11440715152	1.4763250303	1.79061375758	1.93478315152	1.83643933333	1.83399533333	1.70570539394	2.04295951515	1.35623751515	2.61665642424	3.02098793939	1.3250610303	0.0	1.65595084848	1.105878	0.916516363636	1.26318557576	1.29448236364	1.41623175758	1.78274157576	1.25758436364	2.38201321212	2.04983442424	1.98451569697	1.45391333333	2.50637860606	2.10488721212	2.30335509091	1.49681733333	2.36671939394	1.93813066667	1.68763181818	1.55959260606	1.49225321212	0.781580787879	1.05252890909	2.03670715152	2.23162466667	1.10371806061	1.41435848485	1.98365466667	2.15466484848	1.23360957576	1.38573460606	1.32941527273	1.10833515152	2.17358690909	2.14821951515	1.56137909091	1.27128242424	1.7807990303	2.39646175758	1.84168406061	1.74127284848	2.05176145455	1.38484527273	1.57300357576
PBW50	1.0590189697	1.531124	1.53005721212	1.2292290303	0.950397454545	0.970596484848	0.983414969697	0.830177090909	1.29525721212	0.852345939394	0.907860181818	0.879540848485	1.62234387879	2.34862351515	1.0801129697	1.65595084848	0.0	0.974475272727	1.15808818182	0.958769515152	0.939344242424	0.840923333333	0.797553393939	1.09078757576	1.2807970303	1.18217048485	0.906707393939	1.16530527273	1.40739854545	1.01620133333	1.36083842424	0.949202121212	1.38934115152	0.909810121212	0.782618545455	0.686031575758	0.928324787879	1.34787430303	1.19151284848	1.30355872727	1.23071733333	1.21912624242	1.34045054545	1.03252890909	1.111138	0.838625151515	0.783674787879	0.929681272727	1.09001981818	1.49195181818	1.40416393939	0.950655030303	0.886282606061	0.763344181818	1.40776230303	1.67997418182	0.916122121212	0.95147630303	0.778054060606	0.786858787879
PBW51	1.24183739394	1.81177345455	1.96117951515	1.53962442424	1.04554654545	1.23825951515	1.37012575758	1.27923672727	1.40007672727	1.17542351515	1.42739569697	0.805714666667	1.92953478788	2.30120036364	0.728058666667	1.105878	0.974475272727	0.0	0.814088666667	0.644554242424	0.818471515152	0.923340787879	1.16880951515	0.966737878788	1.76774406061	1.42940381818	1.38093478788	1.26360745455	1.8523769697	1.44443163636	1.70734363636	0.963884909091	1.73853884848	1.34745727273	1.14703575758	0.986039090909	1.03727630303	0.888972	1.13525842424	1.35818636364	1.63152981818	0.937189636364	1.41260072727	1.39439642424	1.57512612121	0.633749515152	0.815575757576	0.882315212121	0.727438121212	1.47289836364	1.41616151515	0.972284606061	0.656768666667	1.19448878788	1.80789672727	1.800916	1.08268345455	1.46662284848	0.840962909091	0.988038909091
PBW52	1.22983587879	1.92068442424	2.12752575758	1.71385127273	1.04633436364	1.40688842424	1.49823575758	1.44024260606	1.42136151515	1.32447642424	1.60487818182	0.966689636364	2.11402757576	2.70705012121	1.19753654545	0.916516363636	1.15808818182	0.814088666667	0.0	1.02412230303	1.03276527273	1.09531636364	1.3854830303	0.826922545455	1.91996375758	1.702884	1.59099739394	1.0077209697	2.06805424242	1.65111557576	1.95661327273	1.05469866667	2.01901078788	1.56356909091	1.35945327273	1.16042872727	1.09043321212	0.730373030303	0.799335939394	1.74901115152	1.83426466667	0.874094424242	1.17327739394	1.5376169697	1.76950751515	0.860289575758	0.977668060606	0.833671636364	0.810138545455	1.89125381818	1.81807090909	1.1789989697	1.00148606061	1.3645649697	1.91605109091	1.53931375758	1.37083139394	1.6150110303	1.00444357576	1.11439121212
PBW53	1.42458654545	1.65424442424	1.77124018182	1.32616581818	1.23630878788	1.16413739394	1.22947636364	1.06933872727	1.50338260606	1.11935872727	1.23594363636	0.907201515152	1.81981884848	2.13774563636	0.574730848485	1.26318557576	0.958769515152	0.644554242424	1.02412230303	0.0	0.549059575758	0.671101090909	1.01492593939	1.12465042424	1.61698545455	1.23410581818	1.198806	1.39596036364	1.74443509091	1.25649969697	1.49901109091	1.06004993939	1.55448884848	1.13766945455	0.945706363636	0.925469939394	1.21084715152	0.991090242424	1.27087084848	1.21766824242	1.59326636364	1.11777018182	1.61080854545	1.21391587879	1.38498545455	0.779165575758	0.652397272727	1.12564945455	0.890901090909	1.343164	1.30020339394	0.766348666667	0.582432242424	1.00366642424	1.64446054545	1.92621315152	0.935714909091	1.24430884848	0.753210121212	0.899132424242
PBW54	1.41760527273	1.52366775758	1.65908484848	1.21893351515	1.19418969697	1.15964521212	1.20055521212	1.02592484848	1.46626545455	1.06716569697	1.161078	0.857688484848	1.69554230303	2.1575670303	0.590705818182	1.29448236364	0.939344242424	0.818471515152	1.03276527273	0.549059575758	0.0	0.593685757576	0.884847212121	1.10087436364	1.47773666667	1.14361412121	1.08506315152	1.43775812121	1.61500254545	1.15931442424	1.38344206061	1.06420187879	1.46033339394	1.03872733333	0.834102545455	0.905030848485	1.18748636364	1.00819187879	1.23340945455	1.17573230303	1.58294424242	1.10390551515	1.60500036364	1.04651884848	1.23322587879	0.795334242424	0.679466545455	1.12762927273	0.947470363636	1.30282551515	1.27363775758	0.747294424242	0.623568424242	0.877703939394	1.49652945455	1.92009248485	0.846729151515	1.15047993939	0.784072727273	0.877440242424
PBW55	1.29240436364	1.55210369697	1.63463642424	1.14503369697	1.12104587879	1.08581448485	1.13100981818	0.948363454545	1.44763848485	0.952643212121	1.06015478788	0.81435169697	1.72106224242	2.17184575758	0.737339333333	1.41623175758	0.840923333333	0.923340787879	1.09531636364	0.671101090909	0.593685757576	0.0	0.715864727273	1.09208993939	1.39903078788	1.12298775758	0.922273030303	1.243748	1.52784842424	1.04565909091	1.29070163636	1.01549551515	1.31667563636	0.897358909091	0.744165757576	0.753724	1.0468590303	1.08857339394	1.1590130303	1.19916848485	1.48630442424	1.16375660606	1.52120393939	1.04720436364	1.21360981818	0.774980242424	0.656016181818	1.11435951515	0.940528727273	1.32538230303	1.33818218182	0.807646606061	0.691298909091	0.819888242424	1.46349545455	1.89921533333	0.801407393939	0.994352727273	0.623102969697	0.85774030303
PBW56	1.10947430303	1.38559012121	1.46139533333	1.1637409697	1.02625860606	0.962008666667	0.923650909091	0.793620060606	1.32245351515	0.811388424242	0.870461575758	0.951463818182	1.550378	2.20697266667	0.996449636364	1.78274157576	0.797553393939	1.16880951515	1.3854830303	1.01492593939	0.884847212121	0.715864727273	0.0	1.17420969697	1.19793818182	1.14044351515	0.565746848485	1.07025890909	1.35957909091	0.855833151515	1.30385460606	1.08240872727	1.29587078788	0.735833454545	0.625351454545	0.686996363636	0.984381090909	1.43472127273	1.27573593939	1.21674084848	1.40586442424	1.29966181818	1.42402090909	0.973331636364	1.08586024242	1.03406181818	0.909139454545	1.12789418182	1.19753030303	1.31809018182	1.30923369697	0.903582121212	1.00082048485	0.672470909091	1.32224090909	1.71885690909	0.790679030303	0.808863757576	0.786963939394	0.972398242424
PBW58	0.892121090909	1.58061193939	1.725586	1.46429551515	0.68918369697	1.03038078788	1.14653636364	1.06105133333	1.01461084848	0.926330969697	1.31581769697	0.591882727273	1.87240006061	2.65974260606	1.16661133333	1.25758436364	1.09078757576	0.966737878788	0.826922545455	1.12465042424	1.10087436364	1.09208993939	1.17420969697	0.0	1.69309369697	1.54217745455	1.34322006061	0.925076606061	1.83684163636	1.38530066667	1.74738490909	0.816247757576	1.89020860606	1.32899987879	1.14152890909	0.918322060606	0.832819515152	0.860391454545	0.796496060606	1.60626593939	1.59462406061	0.680922181818	1.03175909091	1.25095709091	1.47867224242	0.778459878788	0.916800181818	0.815314060606	0.82647430303	1.79225115152	1.76322242424	1.0344429697	0.975548606061	1.26893054545	1.58014042424	1.46944139394	1.26859757576	1.33867709091	0.889158606061	0.959328181818
PBW59	1.53249224242	1.29090660606	1.27524478788	1.22997224242	1.55569581818	1.41606115152	1.38610569697	1.26216939394	1.637906	1.34698927273	1.27015321212	1.50895569697	1.36081109091	2.20409436364	1.5504650303	2.38201321212	1.2807970303	1.76774406061	1.91996375758	1.61698545455	1.47773666667	1.39903078788	1.19793818182	1.69309369697	0.0	0.998509454545	1.11303654545	1.71315648485	1.23959060606	1.07330381818	1.31890393939	1.60354387879	1.39242460606	1.15493684848	1.10669193939	1.33064327273	1.39332193939	2.00397727273	1.89201557576	1.07096072727	1.23354054545	1.85356206061	1.59166224242	1.14032048485	0.807690666667	1.57134121212	1.43013254545	1.66322012121	1.81198315152	1.52139757576	1.46640363636	1.39102745455	1.549256	1.13175733333	1.25180090909	1.76169048485	1.21837563636	1.13398824242	1.42703884848	1.33146454545
PBW60	1.59001187879	1.22168866667	1.09057169697	0.848491272727	1.47401812121	1.4725930303	1.45689163636	1.26482454545	1.69243230303	1.33216806061	1.36467030303	1.30879218182	1.14856018182	1.74037193939	1.20213315152	2.04983442424	1.18217048485	1.42940381818	1.702884	1.23410581818	1.14361412121	1.12298775758	1.14044351515	1.54217745455	0.998509454545	0.0	1.07237921212	1.67024981818	1.07741072727	0.927028181818	0.868050363636	1.37993975758	1.02656145455	0.952890181818	1.07465969697	1.20854036364	1.3138089697	1.68210454545	1.78685412121	0.558556484848	1.23763606061	1.61413781818	1.61073254545	0.977375636364	0.800638787879	1.2851969697	1.14152781818	1.50758969697	1.53753963636	0.955396121212	0.927375272727	1.11025678788	1.20003830303	1.02319030303	0.930602606061	2.06300939394	0.916862424242	1.19436327273	1.21997412121	1.16620127273
PEP16	1.14269436364	1.31922509091	1.33898387879	1.08583654545	1.16192593939	1.07993951515	1.03571981818	0.860061212121	1.41642909091	0.942490545455	0.891097757576	1.16338387879	1.43988557576	2.12492981818	1.19343551515	1.98451569697	0.906707393939	1.38093478788	1.59099739394	1.198806	1.08506315152	0.922273030303	0.565746848485	1.34322006061	1.11303654545	1.07237921212	0.0	1.20897545455	1.2084129697	0.741146424242	1.15739975758	1.21066357576	1.20335363636	0.618977515152	0.674998787879	0.860932424242	1.10727145455	1.66246678788	1.48114145455	1.180138	1.41028581818	1.46729618182	1.52995527273	0.94443230303	0.924840424242	1.2247730303	1.12028048485	1.293958	1.40244672727	1.30962987879	1.28703436364	1.06415430303	1.21821848485	0.715878848485	1.22691139394	1.84468024242	0.830795575758	0.808438969697	1.01397684848	1.14995733333
PEP18	1.00009915152	1.78997593939	1.98292709091	1.70691575758	0.918156060606	1.28009242424	1.31756169697	1.22396224242	1.20584975758	1.07746721212	1.32337830303	1.06254478788	2.03125218182	2.77952866667	1.51943969697	1.45391333333	1.16530527273	1.26360745455	1.0077209697	1.39596036364	1.43775812121	1.243748	1.07025890909	0.925076606061	1.71315648485	1.67024981818	1.20897545455	0.0	1.88326272727	1.34503606061	1.8195869697	0.959863272727	1.85870084848	1.25740472727	1.23883727273	0.976883878788	0.871219030303	1.15050139394	0.953032424242	1.75729054545	1.68757121212	1.06503187879	1.08878563636	1.51696933333	1.60159515152	1.14708181818	1.24903012121	1.02378460606	1.07584993939	1.87449030303	1.84404557576	1.29875	1.25616727273	1.29230909091	1.86496466667	1.3734229697	1.27046048485	1.18651939394	1.13959133333	1.18742430303
PEP21	1.6864709697	1.50665151515	0.979439393939	1.12826975758	1.70287357576	1.61339187879	1.53397678788	1.45737466667	1.87411248485	1.51783357576	1.4068130303	1.66013963636	0.762399636364	1.53639224242	1.66087309091	2.50637860606	1.40739854545	1.8523769697	2.06805424242	1.74443509091	1.61500254545	1.52784842424	1.35957909091	1.83684163636	1.23959060606	1.07741072727	1.2084129697	1.88326272727	0.0	1.03321806061	0.728031636364	1.73447145455	0.841396181818	1.10157812121	1.22680484848	1.42440139394	1.6091890303	2.18568533333	2.03889648485	1.17220418182	1.46526121212	1.98966927273	1.99838048485	1.19474018182	1.14995824242	1.71155642424	1.64779733333	1.813614	1.92224806061	0.946714969697	0.970041515152	1.54578812121	1.70654042424	1.23372090909	0.802666545455	2.25246751515	1.36567727273	1.38783278788	1.57618630303	1.57781139394
PEP23	1.32589145455	1.24712048485	1.13517139394	0.897628909091	1.24111127273	1.14264254545	1.15305993939	0.991263393939	1.49660909091	1.08008933333	1.03638818182	1.22871624242	1.26680727273	1.97605915152	1.26816363636	2.10488721212	1.01620133333	1.44443163636	1.65111557576	1.25649969697	1.15931442424	1.04565909091	0.855833151515	1.38530066667	1.07330381818	0.927028181818	0.741146424242	1.34503606061	1.03321806061	0.0	1.01610412121	1.27589460606	0.999846121212	0.589822121212	0.816597939394	0.97847230303	1.17014915152	1.72067830303	1.56608060606	1.01150769697	1.36692933333	1.55501727273	1.61718690909	0.801638606061	0.864209393939	1.24447860606	1.17746351515	1.40259715152	1.44003533333	1.16992284848	1.13308236364	1.07869466667	1.30282975758	0.816562969697	1.02181587879	1.88621575758	0.856065636364	0.886486727273	1.11221721212	1.21065260606
PEP24	1.7494589697	1.55628206061	1.07718145455	1.01227254545	1.690716	1.61588266667	1.610746	1.41074060606	1.94683781818	1.48432072727	1.45626442424	1.56865381818	0.923449818182	1.47478290909	1.40517321212	2.30335509091	1.36083842424	1.70734363636	1.95661327273	1.49901109091	1.38344206061	1.29070163636	1.30385460606	1.74738490909	1.31890393939	0.868050363636	1.15739975758	1.8195869697	0.728031636364	1.01610412121	0.0	1.5904029697	0.691712787879	1.00912963636	1.17793915152	1.30479339394	1.57930151515	1.91792460606	1.95205284848	0.999831212121	1.56185406061	1.81828466667	2.03235709091	1.12049618182	1.10604333333	1.52006381818	1.3943369697	1.71867521212	1.758842	0.708305878788	0.802628666667	1.35712206061	1.48483957576	1.1403749697	0.828637939394	2.38069090909	1.11045387879	1.30243266667	1.44554	1.44801478788
PEP26	1.00065793939	1.38432563636	1.74558745455	1.36066121212	0.822084787879	1.09144539394	1.18720193939	1.04624878788	1.04978054545	0.939357878788	1.20170254545	0.784768060606	1.71571363636	2.52049278788	1.1906669697	1.49681733333	0.949202121212	0.963884909091	1.05469866667	1.06004993939	1.06420187879	1.01549551515	1.08240872727	0.816247757576	1.60354387879	1.37993975758	1.21066357576	0.959863272727	1.73447145455	1.27589460606	1.5904029697	0.0	1.62092981818	1.17415151515	1.046954	0.809362545455	0.799898424242	1.09978345455	1.02926418182	1.45727381818	1.43451327273	0.975341090909	1.17867909091	1.22664557576	1.36623127273	0.802524606061	0.868227575758	0.895935515152	0.914161454545	1.59529151515	1.61788363636	0.946462242424	0.854007272727	1.07545163636	1.58093230303	1.48082309091	1.08427090909	1.09646218182	0.830323939394	0.827307212121
PEP27	1.79965406061	1.55302672727	1.08161339394	1.01226860606	1.74995569697	1.58491824242	1.58690278788	1.41602381818	1.93339860606	1.53115909091	1.41603709091	1.65492951515	0.977388424242	1.57835787879	1.5626749697	2.36671939394	1.38934115152	1.73853884848	2.01901078788	1.55448884848	1.46033339394	1.31667563636	1.29587078788	1.89020860606	1.39242460606	1.02656145455	1.20335363636	1.85870084848	0.841396181818	0.999846121212	0.691712787879	1.62092981818	0.0	1.046444	1.21379775758	1.39750521212	1.63526763636	1.99810248485	1.95967339394	1.10017842424	1.58255339394	1.89066084848	2.08932406061	1.18068618182	1.16556606061	1.59311539394	1.49248381818	1.76087466667	1.77192715152	0.806679515152	0.873524848485	1.45407836364	1.56803115152	1.15210618182	0.891679818182	2.37015157576	1.21493187879	1.38512909091	1.45452078788	1.52979569697
PEP28	1.24454266667	1.27425545455	1.2265789697	0.917611030303	1.16050478788	1.10510806061	1.10966945455	0.908347939394	1.46331278788	0.935147454545	0.967897939394	1.12137121212	1.32791254545	2.0159730303	1.11215206061	1.93813066667	0.909810121212	1.34745727273	1.56356909091	1.13766945455	1.03872733333	0.897358909091	0.735833454545	1.32899987879	1.15493684848	0.952890181818	0.618977515152	1.25740472727	1.10157812121	0.589822121212	1.00912963636	1.17415151515	1.046444	0.0	0.657931818182	0.829209939394	1.10383951515	1.57671145455	1.44669072727	1.00735636364	1.39742757576	1.44188884848	1.54400648485	0.832891272727	0.892213939394	1.17460581818	1.07870757576	1.30349054545	1.3232470303	1.15242618182	1.13905078788	1.01525472727	1.16278957576	0.683893939394	1.10484212121	1.87482987879	0.742395393939	0.865497212121	0.972334484848	1.07415072727
PEP29	1.20393169697	1.32128533333	1.35404618182	1.04295387879	1.07088569697	1.02350727273	0.997413030303	0.812337939394	1.40590375758	0.860424	0.921884787879	0.908776848485	1.43773006061	2.15420339394	0.918857939394	1.68763181818	0.782618545455	1.14703575758	1.35945327273	0.945706363636	0.834102545455	0.744165757576	0.625351454545	1.14152890909	1.10669193939	1.07465969697	0.674998787879	1.23883727273	1.22680484848	0.816597939394	1.17793915152	1.046954	1.21379775758	0.657931818182	0.0	0.709016060606	1.02631557576	1.36584533333	1.20062981818	1.10073266667	1.36296133333	1.23046224242	1.45272812121	0.883890121212	0.937912666667	0.939165272727	0.868307393939	1.15003230303	1.14772709091	1.24536830303	1.24383169697	0.832969090909	0.939217393939	0.611454848485	1.21413648485	1.778416	0.784138969697	0.942659939394	0.796453939394	0.956475272727
PEP30	1.01777006061	1.44961727273	1.54293181818	1.16823151515	0.852431090909	0.857171333333	0.911569575758	0.763995575758	1.16950490909	0.677920787879	0.928323151515	0.72460769697	1.59932769697	2.2643829697	0.998178242424	1.55959260606	0.686031575758	0.986039090909	1.16042872727	0.925469939394	0.905030848485	0.753724	0.686996363636	0.918322060606	1.33064327273	1.20854036364	0.860932424242	0.976883878788	1.42440139394	0.97847230303	1.30479339394	0.809362545455	1.39750521212	0.829209939394	0.709016060606	0.0	0.794814909091	1.17985581818	1.0626090303	1.25872036364	1.26469751515	1.07627963636	1.23568624242	0.974216848485	1.18095054545	0.77862630303	0.749787212121	0.960139515152	1.02198630303	1.35123830303	1.3553569697	0.825610969697	0.816705818182	0.761272727273	1.33465436364	1.61169884848	0.873231515152	0.924214424242	0.631352545455	0.790022121212
PIS1	0.839392969697	1.53170163636	1.61151278788	1.35251090909	0.725657393939	0.993495939394	1.063452	0.989684424242	0.924388181818	0.855717515152	1.09459115152	0.820926969697	1.75467933333	2.46280987879	1.23989618182	1.49225321212	0.928324787879	1.03727630303	1.09043321212	1.21084715152	1.18748636364	1.0468590303	0.984381090909	0.832819515152	1.39332193939	1.3138089697	1.10727145455	0.871219030303	1.6091890303	1.17014915152	1.57930151515	0.799898424242	1.63526763636	1.10383951515	1.02631557576	0.794814909091	0.0	1.12250272727	0.986237636364	1.31583430303	1.25781848485	0.899165090909	0.834888060606	1.12384315152	1.1716609697	0.855608727273	0.981074606061	0.780416	0.939033818182	1.64512836364	1.62822533333	1.07459981818	1.0126830303	1.0112510303	1.45849533333	1.37329339394	1.11391454545	1.06197975758	0.832365515152	0.936520545455
PIS2	1.28297836364	1.96286436364	2.13092424242	1.67725545455	1.04412181818	1.38820448485	1.54567727273	1.39458666667	1.41748727273	1.25766254545	1.60080406061	0.943907757576	2.20950436364	2.70922	0.995191878788	0.781580787879	1.34787430303	0.888972	0.730373030303	0.991090242424	1.00819187879	1.08857339394	1.43472127273	0.860391454545	2.00397727273	1.68210454545	1.66246678788	1.15050139394	2.18568533333	1.72067830303	1.91792460606	1.09978345455	1.99810248485	1.57671145455	1.36584533333	1.17985581818	1.12250272727	0.0	0.813100242424	1.64819339394	1.89103684848	0.776075575758	1.330248	1.56728975758	1.78270733333	0.83734030303	1.04697915152	1.04487290909	0.810836787879	1.81872248485	1.79680515152	1.16709793939	0.94480430303	1.44884078788	1.99292230303	1.77921866667	1.41481060606	1.69134151515	1.04338860606	1.16645878788
PIS4	1.06490393939	1.86645527273	2.01366509091	1.62915327273	0.889579515152	1.22381115152	1.35092890909	1.21599612121	1.28957442424	1.11979248485	1.36983618182	0.895712969697	2.12266460606	2.85681515152	1.35010412121	1.05252890909	1.19151284848	1.13525842424	0.799335939394	1.27087084848	1.23340945455	1.1590130303	1.27573593939	0.796496060606	1.89201557576	1.78685412121	1.48114145455	0.953032424242	2.03889648485	1.56608060606	1.95205284848	1.02926418182	1.95967339394	1.44669072727	1.20062981818	1.0626090303	0.986237636364	0.813100242424	0.0	1.73050890909	1.74368024242	0.833751333333	1.02551418182	1.45664624242	1.67359606061	0.863525272727	1.05186072727	1.02691412121	0.929206484848	1.96075169697	1.93495254545	1.24967721212	1.17951569697	1.34582260606	1.87826327273	1.42253539394	1.43152430303	1.51655363636	1.00305672727	1.15092715152
PIS5	1.66381163636	1.21834672727	1.13998709091	0.889628969697	1.52275739394	1.43046684848	1.437064	1.31866551515	1.66572078788	1.37377557576	1.40858375758	1.40952466667	1.23066212121	1.69026151515	1.10489678788	2.03670715152	1.30355872727	1.35818636364	1.74901115152	1.21766824242	1.17573230303	1.19916848485	1.21674084848	1.60626593939	1.07096072727	0.558556484848	1.180138	1.75729054545	1.17220418182	1.01150769697	0.999831212121	1.45727381818	1.10017842424	1.00735636364	1.10073266667	1.25872036364	1.31583430303	1.64819339394	1.73050890909	0.0	1.18971012121	1.6041089697	1.53371315152	0.952697939394	0.784464	1.26947090909	1.13718939394	1.50766557576	1.51708557576	0.899553212121	0.919845212121	1.12107836364	1.16724654545	1.03637345455	0.978278121212	1.98633751515	1.02164363636	1.25649163636	1.21454927273	1.24388612121
PIS7	1.5262789697	1.51899927273	1.39726521212	1.45424733333	1.50601127273	1.42034557576	1.36121787879	1.33788024242	1.49458787879	1.36441975758	1.30402490909	1.43393236364	1.54814024242	2.29998084848	1.66248630303	2.23162466667	1.23071733333	1.63152981818	1.83426466667	1.59326636364	1.58294424242	1.48630442424	1.40586442424	1.59462406061	1.23354054545	1.23763606061	1.41028581818	1.68757121212	1.46526121212	1.36692933333	1.56185406061	1.43451327273	1.58255339394	1.39742757576	1.36296133333	1.26469751515	1.25781848485	1.89103684848	1.74368024242	1.18971012121	0.0	1.72437909091	1.44333478788	1.29112478788	1.07957884848	1.42533	1.36270315152	1.52888806061	1.63813157576	1.79003121212	1.71884648485	1.49527769697	1.44384624242	1.31976418182	1.43121115152	1.78564048485	1.474938	1.27215921212	1.3212249697	1.3446070303
PIS9	1.04822884848	1.7650690303	1.92724127273	1.56358242424	0.828397757576	1.16748345455	1.330888	1.19277315152	1.24205884848	1.04930830303	1.43362363636	0.811775575758	2.06118951515	2.62563072727	1.12368733333	1.10371806061	1.21912624242	0.937189636364	0.874094424242	1.11777018182	1.10390551515	1.16375660606	1.29966181818	0.680922181818	1.85356206061	1.61413781818	1.46729618182	1.06503187879	1.98966927273	1.55501727273	1.81828466667	0.975341090909	1.89066084848	1.44188884848	1.23046224242	1.07627963636	0.899165090909	0.776075575758	0.833751333333	1.6041089697	1.72437909091	0.0	1.1035389697	1.34381260606	1.51178363636	0.818828242424	0.983538	0.832812121212	0.693809212121	1.75227054545	1.73674254545	1.01861618182	1.01904218182	1.30767769697	1.78149775758	1.66318442424	1.26108824242	1.5257249697	0.997280787879	1.03658030303
PIS10	1.04959981818	1.58087175758	1.82833587879	1.71009630303	0.944062181818	1.13723963636	1.25724309091	1.27008315152	1.07071478788	1.0786550303	1.46485145455	1.10349975758	2.07353006061	2.80706993939	1.64607175758	1.41435848485	1.34045054545	1.41260072727	1.17327739394	1.61080854545	1.60500036364	1.52120393939	1.42402090909	1.03175909091	1.59166224242	1.61073254545	1.52995527273	1.08878563636	1.99838048485	1.61718690909	2.03235709091	1.17867909091	2.08932406061	1.54400648485	1.45272812121	1.23568624242	0.834888060606	1.330248	1.02551418182	1.53371315152	1.44333478788	1.1035389697	0.0	1.48595121212	1.44393909091	1.17513630303	1.33185018182	1.15075375758	1.31679109091	2.04513460606	2.04719387879	1.44901151515	1.40839315152	1.44326054545	1.78832145455	1.06105478788	1.54449812121	1.45561981818	1.24068181818	1.27818254545
PIS11	1.2412830303	1.13660563636	1.15350975758	0.819651878788	1.16461836364	1.07199484848	1.0393369697	0.939507090909	1.32960648485	1.03991363636	1.02264848485	1.11414006061	1.27878818182	2.01508648485	1.17147339394	1.98365466667	1.03252890909	1.39439642424	1.5376169697	1.21391587879	1.04651884848	1.04720436364	0.973331636364	1.25095709091	1.14032048485	0.977375636364	0.94443230303	1.51696933333	1.19474018182	0.801638606061	1.12049618182	1.22664557576	1.18068618182	0.832891272727	0.883890121212	0.974216848485	1.12384315152	1.56728975758	1.45664624242	0.952697939394	1.29112478788	1.34381260606	1.48595121212	0.0	0.843663757576	1.09763236364	1.05987921212	1.31576072727	1.4197830303	1.24417672727	1.23637951515	1.00048042424	1.16307866667	0.843716484848	0.963169757576	1.84280466667	0.905063272727	1.00150848485	1.05174781818	1.01175109091
PIS14	1.38238157576	1.06403048485	1.04915121212	0.93007430303	1.36723278788	1.24214212121	1.22694678788	1.04127933333	1.45798466667	1.18450539394	1.06519369697	1.33812975758	1.230758	2.05549181818	1.32196224242	2.15466484848	1.111138	1.57512612121	1.76950751515	1.38498545455	1.23322587879	1.21360981818	1.08586024242	1.47867224242	0.807690666667	0.800638787879	0.924840424242	1.60159515152	1.14995824242	0.864209393939	1.10604333333	1.36623127273	1.16556606061	0.892213939394	0.937912666667	1.18095054545	1.1716609697	1.78270733333	1.67359606061	0.784464	1.07957884848	1.51178363636	1.44393909091	0.843663757576	0.0	1.34841830303	1.2168549697	1.43853090909	1.54128448485	1.294596	1.260292	1.15984975758	1.32114509091	0.93280969697	1.03485048485	1.90530466667	1.02538339394	1.01223151515	1.19477654545	1.21053375758
PIS15	1.00024521212	1.60758793939	1.69030260606	1.27051078788	0.774649878788	0.968869636364	1.10224909091	0.993627454545	1.16542987879	0.878790363636	1.18057406061	0.557534121212	1.76505775758	2.33696430303	0.845114121212	1.23360957576	0.838625151515	0.633749515152	0.860289575758	0.779165575758	0.795334242424	0.774980242424	1.03406181818	0.778459878788	1.57134121212	1.2851969697	1.2247730303	1.14708181818	1.71155642424	1.24447860606	1.52006381818	0.802524606061	1.59311539394	1.17460581818	0.939165272727	0.77862630303	0.855608727273	0.83734030303	0.863525272727	1.26947090909	1.42533	0.818828242424	1.17513630303	1.09763236364	1.34841830303	0.0	0.644380424242	0.861682787879	0.702504606061	1.50521551515	1.44334945455	0.821902121212	0.698555272727	1.02961115152	1.54274515152	1.63585290909	0.99669769697	1.26486145455	0.66962830303	0.771211454545
PLL76	1.20746454545	1.48978133333	1.64356424242	1.16563424242	1.02012412121	1.00630339394	1.07806466667	0.912753454545	1.31768909091	0.917968242424	1.10246636364	0.727335272727	1.71198763636	2.23819563636	0.781505818182	1.38573460606	0.783674787879	0.815575757576	0.977668060606	0.652397272727	0.679466545455	0.656016181818	0.909139454545	0.916800181818	1.43013254545	1.14152781818	1.12028048485	1.24903012121	1.64779733333	1.17746351515	1.3943369697	0.868227575758	1.49248381818	1.07870757576	0.868307393939	0.749787212121	0.981074606061	1.04697915152	1.05186072727	1.13718939394	1.36270315152	0.983538	1.33185018182	1.05987921212	1.2168549697	0.644380424242	0.0	0.917657878788	0.818550484848	1.34367678788	1.35895569697	0.663639030303	0.585788666667	0.907665636364	1.42530969697	1.64673018182	0.858201030303	1.053386	0.563652727273	0.619118545455
