	PAM31	PAM32	PAM33	PAM35	PAM36	PAM37	PAM39	PAM40	PAM41	PAM42	PAM43	PAM44	PAM45	PBW46	PBW47	PBW49	PBW50	PBW51	PBW52	PBW53	PBW54	PBW55	PBW56	PBW58	PBW59	PBW60	PEP16	PEP18	PEP21	PEP23	PEP24	PEP26	PEP27	PEP28	PEP29	PEP30	PIS1	PIS2	PIS4	PIS5	PIS7	PIS9	PIS10	PIS11	PIS14	PIS15	PLL76	PLL77	PLL79	PLL80	PLL83	PLL88	PLL89	PLL90	PPO64	PPO66	PPO67	PPO69	PPO72	PPO75
PAM31	0.0	1.62576969697	1.93837424242	1.43263521212	0.741706121212	0.729880545455	0.882260424242	0.848650909091	1.12499927273	0.820506909091	0.771575757576	0.75748230303	1.55184290909	2.04396775758	1.46240563636	1.69160933333	0.966114666667	1.15329478788	1.22532787879	1.13891733333	1.21238842424	0.985036181818	0.806306	0.732998787879	1.1249530303	1.50618339394	0.947728787879	0.975394969697	1.76493545455	1.07640339394	1.51223387879	0.919480545455	1.17979684848	0.969218545455	0.843888121212	0.720173454545	0.781540909091	1.12150430303	1.07428593939	1.60931775758	1.39536387879	0.964750060606	1.10206169697	1.12634848485	1.00135593939	0.920132181818	1.10516	1.35679824242	1.016548	1.57615266667	1.62094915152	0.978314424242	1.0744790303	1.012924	1.70712678788	1.38845078788	0.888477212121	0.967575757576	0.940642606061	1.07526490909
PAM32	1.62576969697	0.0	1.08830648485	1.02504418182	1.48616745455	1.55105145455	1.28732418182	1.34971866667	1.13507939394	1.94795806061	1.85821430303	1.82264654545	0.935556969697	1.57677733333	1.76772539394	2.70369163636	1.65580230303	2.18144327273	2.26636060606	1.97665006061	1.98016018182	1.88648127273	1.85091751515	1.81624351515	1.54491981818	1.40116133333	1.72973909091	2.15339278788	1.31897036364	1.48810775758	1.26842975758	1.77635290909	1.42895515152	1.58648884848	1.79765466667	1.85207054545	1.86491193939	2.18297933333	2.19664206061	1.18366115152	1.61831381818	1.9260350303	1.90283442424	1.28988727273	1.56255872727	1.68500721212	1.68131260606	2.38253751515	2.0948329697	1.34603884848	1.36257642424	1.79914193939	1.78977406061	1.54538715152	1.05977078788	2.10955260606	1.75730787879	1.58876084848	1.63537775758	1.37275945455
PAM33	1.93837424242	1.08830648485	0.0	1.04168048485	1.65018824242	1.78294230303	1.58360945455	1.56367606061	1.44026018182	2.26930684848	2.06383775758	2.15366345455	1.15218539394	1.12278187879	1.87449127273	2.84343412121	1.85780236364	2.35248854545	2.45911533333	2.090898	2.09528763636	2.02388787879	2.00920557576	2.01767981818	1.66437539394	1.41427545455	1.87385866667	2.34536448485	1.07488351515	1.59571824242	1.18095842424	2.104664	1.58290539394	1.72459715152	1.95702587879	2.01518939394	2.0025009697	2.31284412121	2.423822	1.23325612121	1.72182151515	2.08531278788	2.0823530303	1.44395121212	1.62908945455	1.81680933333	1.75151448485	2.5408470303	2.21598066667	1.3600929697	1.36623272727	1.94094612121	2.00080212121	1.75937993939	0.817029151515	2.46047206061	1.86972587879	1.85326333333	1.80408412121	1.44201660606
PAM35	1.43263521212	1.02504418182	1.04168048485	0.0	1.06113636364	1.38103951515	1.19582909091	0.982834727273	1.19148842424	1.67911593939	1.52946684848	1.63884369697	0.814092424242	1.23099157576	1.28971515152	2.28162587879	1.32422260606	1.74133557576	1.84130721212	1.51560272727	1.52481624242	1.49748775758	1.49702048485	1.49628151515	1.29367745455	1.10197727273	1.40162242424	1.8919609697	1.10246145455	1.11939654545	0.752579757576	1.57237248485	1.05757630303	1.18647812121	1.46543690909	1.46809472727	1.5400190303	1.73197781818	1.86755133333	0.97131769697	1.63782393939	1.55066672727	1.76397230303	0.982323818182	1.26383054545	1.21287030303	1.26031666667	2.01452957576	1.67342612121	0.870717212121	0.893130424242	1.36267957576	1.46556515152	1.19267472727	0.94878830303	2.14003593939	1.40294381818	1.41068939394	1.25243018182	0.936796848485
PAM36	0.741706121212	1.48616745455	1.65018824242	1.06113636364	0.0	0.838955272727	0.652936606061	0.616389757576	0.836439212121	1.032638	0.971398484848	0.965031333333	1.32081981818	1.85758575758	1.18618884848	1.82297666667	0.728411333333	1.30305363636	1.39484260606	1.09589230303	1.08454169697	0.940012606061	0.816097939394	0.934056181818	0.948559757576	1.29959436364	0.672021575758	1.15237878788	1.55718254545	0.860212666667	1.315052	1.07708787879	0.926069515152	0.794942727273	0.79111	0.874748424242	0.916438060606	1.29790290909	1.23593836364	1.42339636364	1.40579448485	1.04995509091	1.18102672727	0.921849272727	0.836476363636	0.786187515152	0.802687212121	1.4656790303	1.20446793939	1.3330409697	1.38289636364	0.926285272727	1.0171549697	0.814638484848	1.52183084848	1.54882260606	0.820186969697	0.865486242424	0.749532606061	0.810944242424
PAM37	0.729880545455	1.55105145455	1.78294230303	1.38103951515	0.838955272727	0.0	0.698694181818	0.909377878788	0.865397878788	0.869478242424	0.824339333333	0.957803818182	1.58045036364	2.15483012121	1.55003018182	1.81668175758	1.06443242424	1.27822187879	1.40224430303	1.27362078788	1.34875539394	1.12746242424	0.94832969697	0.959654484848	1.1511550303	1.55213606061	1.077888	1.18922981818	1.78356484848	1.19316733333	1.62368642424	1.08374327273	1.29045957576	1.1762250303	1.02262418182	0.904719333333	0.880032121212	1.30621587879	1.23869290909	1.63497781818	1.30110927273	1.0478930303	1.01563993939	1.15417533333	0.998397939394	1.03903066667	1.15882187879	1.45985660606	1.26072357576	1.74735769697	1.76519006061	1.13565072727	1.16777012121	1.14797060606	1.61643836364	1.30961145455	1.06274733333	1.05847715152	1.09414618182	1.16689175758
PAM39	0.882260424242	1.28732418182	1.58360945455	1.19582909091	0.652936606061	0.698694181818	0.0	0.719973272727	0.569170121212	1.02929969697	0.884929030303	1.14532466667	1.34888236364	1.99398575758	1.38980448485	2.04618345455	0.937345030303	1.49143436364	1.56499521212	1.31673278788	1.32945757576	1.16164436364	0.978932121212	1.15519715152	1.01625793939	1.41936345455	0.935473090909	1.33736727273	1.64976812121	1.01194151515	1.46438048485	1.24440254545	1.03794684848	0.993445030303	1.00340260606	1.09940818182	1.08020509091	1.5249110303	1.43813606061	1.49922533333	1.43730709091	1.24404563636	1.23390345455	1.00424212121	0.96065430303	0.995087757576	0.979628545455	1.60189442424	1.43718163636	1.53527139394	1.58066387879	1.10444175758	1.18620236364	0.995616666667	1.49982163636	1.52247424242	1.04477048485	0.933731575758	0.963289939394	0.973298424242
PAM40	0.848650909091	1.34971866667	1.56367606061	0.982834727273	0.616389757576	0.909377878788	0.719973272727	0.0	0.849184484848	1.08007321212	0.987071878788	1.09370751515	1.15645963636	1.70656921212	1.10129775758	1.91510315152	0.822912848485	1.39959539394	1.49052678788	1.17339878788	1.15125581818	1.03433654545	0.96630769697	1.03999284848	0.957679333333	1.17135733333	0.879762121212	1.35732624242	1.41463593939	0.730411151515	1.16497739394	1.16927315152	0.768452969697	0.675281939394	0.915864848485	0.960957939394	1.03146975758	1.33657339394	1.31249127273	1.27673581818	1.45990339394	1.107776	1.30238775758	0.794100606061	0.889506484848	0.871346606061	0.905627515152	1.57054139394	1.30027212121	1.24204139394	1.25439909091	0.998615878788	1.10396412121	0.669262909091	1.40186036364	1.6918030303	0.902144242424	0.942793333333	0.847281878788	0.782347939394
PAM41	1.12499927273	1.13507939394	1.44026018182	1.19148842424	0.836439212121	0.865397878788	0.569170121212	0.849184484848	0.0	1.29115369697	1.17263127273	1.35250060606	1.35040909091	2.00109515152	1.43152406061	2.19799175758	1.1639329697	1.71316375758	1.80534690909	1.50800315152	1.48333109091	1.36726854545	1.25263290909	1.34626690909	1.02594624242	1.39597212121	1.14867909091	1.53241157576	1.68254757576	1.07843357576	1.51159618182	1.42485169697	1.18554824242	1.12054084848	1.23083066667	1.33537733333	1.27533872727	1.68125424242	1.65380278788	1.45927012121	1.43075709091	1.45411915152	1.33061915152	0.991532484848	1.04992187879	1.20102127273	1.15160218182	1.8526269697	1.61446254545	1.58923521212	1.61665787879	1.35591878788	1.3807809697	1.08734484848	1.46635648485	1.56677248485	1.25571006061	1.08820448485	1.17148963636	0.995713272727
PAM42	0.820506909091	1.94795806061	2.26930684848	1.67911593939	1.032638	0.869478242424	1.02929969697	1.08007321212	1.29115369697	0.0	0.835504969697	0.820038060606	1.86677236364	2.40023769697	1.73769872727	1.37801769697	1.27325042424	1.23438569697	1.19151951515	1.45688436364	1.50984212121	1.29787848485	1.12447812121	1.05501284848	1.45070636364	1.81135660606	1.2275549697	0.872894242424	2.07077593939	1.401936	1.86327812121	1.09344187879	1.41314375758	1.34771515152	1.1945769697	1.03741466667	0.885897393939	1.197178	0.767925575758	1.94790151515	1.70573018182	1.064892	0.949081212121	1.44825139394	1.30700381818	1.22619666667	1.36054848485	1.01309993939	1.27446836364	1.92146187879	1.93148248485	1.26530230303	1.38135442424	1.33293660606	2.10176618182	1.20469018182	1.20768363636	1.33006557576	1.28840818182	1.42971824242
PAM43	0.771575757576	1.85821430303	2.06383775758	1.52946684848	0.971398484848	0.824339333333	0.884929030303	0.987071878788	1.17263127273	0.835504969697	0.0	0.949234909091	1.61890727273	2.2540569697	1.673814	1.77039939394	1.10741248485	1.19444315152	1.30132569697	1.36810642424	1.43431218182	1.16512212121	0.870744666667	1.02854290909	1.15995993939	1.62901806061	1.05240927273	0.990469030303	1.7686090303	1.19776206061	1.63297109091	0.983205878788	1.22288618182	1.20160472727	1.04023769697	0.924871030303	0.718064909091	1.23960345455	1.11666424242	1.74366090909	1.40013709091	1.15235284848	1.04067818182	1.28607842424	1.08149145455	1.18160406061	1.21677624242	1.3391749697	1.23047733333	1.8063530303	1.83431351515	1.176504	1.25615672727	1.161152	1.88258654545	1.26694424242	1.11161478788	1.01415866667	1.15700139394	1.27704127273
PAM44	0.75748230303	1.82264654545	2.15366345455	1.63884369697	0.965031333333	0.957803818182	1.14532466667	1.09370751515	1.35250060606	0.820038060606	0.949234909091	0.0	1.76489018182	2.17897527273	1.34040939394	1.28365890909	0.993707151515	0.851185818182	0.912674181818	1.08068424242	1.10998212121	0.920432909091	1.05522951515	0.505348727273	1.31820672727	1.697552	1.10068830303	0.919846848485	1.95412781818	1.28349090909	1.70126418182	0.787283090909	1.32802424242	1.17741551515	0.862659272727	0.790169212121	0.772919818182	0.811530121212	0.79823369697	1.76268175758	1.60130751515	0.762017212121	1.10788787879	1.29909987879	1.20010672727	0.913277030303	1.04797915152	1.05359339394	0.841058424242	1.65163957576	1.72893278788	0.982741212121	0.96926230303	1.19792012121	1.9522289697	1.32406024242	0.999060606061	1.24264024242	0.944136909091	1.22671060606
PAM45	1.55184290909	0.935556969697	1.15218539394	0.814092424242	1.32081981818	1.58045036364	1.34888236364	1.15645963636	1.35040909091	1.86677236364	1.61890727273	1.76489018182	0.0	1.29793575758	1.53624648485	2.52881587879	1.45882921212	1.91259975758	1.99716945455	1.74142036364	1.75131472727	1.67238018182	1.60959157576	1.61951369697	1.35625872727	1.25839587879	1.50519606061	1.895626	1.03673751515	1.26973272727	0.899762848485	1.70149024242	1.15525248485	1.35330521212	1.60873575758	1.58968690909	1.65640018182	1.99158806061	2.02813393939	1.0817650303	1.60830290909	1.76246327273	1.83425442424	1.1811049697	1.38401327273	1.43084527273	1.4393969697	2.1316709697	1.88450654545	0.998676424242	1.03049545455	1.54946036364	1.62090387879	1.37074375758	0.988858181818	2.06037575758	1.50881466667	1.43182012121	1.42310321212	1.20122345455
PBW46	2.04396775758	1.57677733333	1.12278187879	1.23099157576	1.85758575758	2.15483012121	1.99398575758	1.70656921212	2.00109515152	2.40023769697	2.2540569697	2.17897527273	1.29793575758	0.0	1.40554406061	2.68292193939	1.82305454545	1.99517393939	2.19313490909	1.75260836364	1.83969290909	1.97894321212	1.96247593939	1.95725648485	1.80331484848	1.40594036364	1.8427349697	2.34416684848	1.03884830303	1.62874739394	1.14674745455	2.0820949697	1.56402157576	1.67464242424	1.97581078788	1.99578690909	2.09532745455	2.12878733333	2.44895890909	1.15160393939	2.05190412121	2.04124157576	2.39611830303	1.57251163636	1.85016284848	1.67478890909	1.70437490909	2.4928909697	2.01355612121	1.00395557576	1.03449957576	1.78507309091	1.83617636364	1.62534412121	1.13117515152	2.58978606061	1.85259733333	1.90219951515	1.64597460606	1.53140175758
PBW47	1.46240563636	1.76772539394	1.87449127273	1.28971515152	1.18618884848	1.55003018182	1.38980448485	1.10129775758	1.43152406061	1.73769872727	1.673814	1.34040939394	1.53624648485	1.40554406061	0.0	1.60912090909	1.08701412121	1.00734393939	1.27120563636	0.829910363636	0.817733818182	1.01066630303	1.4166990303	1.18404260606	1.34789151515	1.18852381818	1.25180763636	1.65799575758	1.71930872727	1.03200187879	1.31349648485	1.29449781818	1.0508789697	1.03230527273	1.09003290909	1.20608563636	1.38943660606	1.06934181818	1.53771254545	1.20357660606	1.80423654545	1.16190915152	1.76936587879	1.18547133333	1.20563163636	0.877245212121	0.881952424242	1.642012	1.10518175758	1.09746739394	1.07251866667	0.930238121212	0.830605878788	1.06800224242	1.73661060606	2.07812927273	1.15051860606	1.42533290909	0.97453030303	0.898616606061
PBW49	1.69160933333	2.70369163636	2.84343412121	2.28162587879	1.82297666667	1.81668175758	2.04618345455	1.91510315152	2.19799175758	1.37801769697	1.77039939394	1.28365890909	2.52881587879	2.68292193939	1.60912090909	0.0	1.64935078788	1.05547333333	1.07279612121	1.26143721212	1.23187933333	1.33188466667	1.8073810303	1.37005090909	2.10575339394	2.22011090909	1.86818721212	1.47753060606	2.72922357576	2.00051624242	2.31670757576	1.37865145455	2.00473830303	1.87789406061	1.53480848485	1.43757842424	1.48923557576	0.993033272727	1.11123393939	2.29686054545	2.33375090909	1.27050060606	1.58575830303	2.09355515152	1.86485678788	1.47508842424	1.55500484848	1.12408672727	1.20246727273	2.13359945455	2.215994	1.45996521212	1.29526933333	1.84373248485	2.71592133333	1.76848206061	1.59092957576	1.99998884848	1.57780248485	1.81862127273
PBW50	0.966114666667	1.65580230303	1.85780236364	1.32422260606	0.728411333333	1.06443242424	0.937345030303	0.822912848485	1.1639329697	1.27325042424	1.10741248485	0.993707151515	1.45882921212	1.82305454545	1.08701412121	1.64935078788	0.0	1.09960824242	1.2046329697	0.880051151515	0.907402969697	0.718286	0.814798727273	0.890396484848	0.934662363636	1.30253466667	0.713926848485	1.1751650303	1.53163339394	0.838334545455	1.27722539394	0.955205272727	0.887127393939	0.765436	0.642268484848	0.761458060606	0.921021151515	1.22495957576	1.18216606061	1.41907	1.40114012121	1.11476618182	1.35743939394	1.07846521212	0.862190848485	0.709670969697	0.639326060606	1.34604830303	1.07765212121	1.28214490909	1.29164769697	0.841536969697	0.820041575758	0.715529454545	1.62177090909	1.64236581818	0.677296969697	0.873143878788	0.578722363636	0.845797878788
PBW51	1.15329478788	2.18144327273	2.35248854545	1.74133557576	1.30305363636	1.27822187879	1.49143436364	1.39959539394	1.71316375758	1.23438569697	1.19444315152	0.851185818182	1.91259975758	1.99517393939	1.00734393939	1.05547333333	1.09960824242	0.0	0.631614181818	0.728629333333	0.802910727273	0.931737757576	1.20165060606	0.830599151515	1.55922127273	1.62907078788	1.32996963636	1.12839181818	2.10403618182	1.43874133333	1.75849557576	0.869506848485	1.41021793939	1.36706327273	1.03778775758	0.865158424242	0.964087939394	0.62637230303	1.07246181818	1.65057012121	1.80767878788	0.775806060606	1.41196218182	1.58301563636	1.35433351515	0.888597878788	1.00776824242	1.0164589697	0.669292363636	1.51698393939	1.56169690909	0.883251272727	0.749266545455	1.32117163636	2.15798521212	1.61899478788	1.10125357576	1.43831975758	1.01858781818	1.30727012121
PBW52	1.22532787879	2.26636060606	2.45911533333	1.84130721212	1.39484260606	1.40224430303	1.56499521212	1.49052678788	1.80534690909	1.19151951515	1.30132569697	0.912674181818	1.99716945455	2.19313490909	1.27120563636	1.07279612121	1.2046329697	0.631614181818	0.0	0.8631	0.969514363636	1.06249315152	1.33211472727	0.961485212121	1.72721654545	1.77621975758	1.48394066667	1.10359436364	2.31284030303	1.6282049697	1.92926539394	0.963310484848	1.57264351515	1.5195030303	1.18286957576	1.00237236364	1.11233775758	0.772239575758	0.995848242424	1.85307848485	1.93896509091	0.941640848485	1.42268872727	1.67220921212	1.49816660606	1.00511909091	1.13415951515	0.860605393939	0.850000848485	1.67497387879	1.7130090303	1.00113127273	0.919937333333	1.41780836364	2.27335078788	1.571652	1.21888145455	1.61064630303	1.12225484848	1.41903351515
PBW53	1.13891733333	1.97665006061	2.090898	1.51560272727	1.09589230303	1.27362078788	1.31673278788	1.17339878788	1.50800315152	1.45688436364	1.36810642424	1.08068424242	1.74142036364	1.75260836364	0.829910363636	1.26143721212	0.880051151515	0.728629333333	0.8631	0.0	0.473966484848	0.626217151515	1.08943848485	0.853448848485	1.34441484848	1.35299915152	1.14089206061	1.3112309697	1.91625193939	1.1911689697	1.47543739394	0.972502484848	1.22483684848	1.12157357576	0.792555757576	0.875646424242	1.15106309091	0.747102242424	1.26717842424	1.4557610303	1.67231793939	0.935875030303	1.55108448485	1.33642824242	1.16251	0.715000787879	0.819708363636	1.36943969697	0.797356	1.26664260606	1.32952963636	0.653206060606	0.548829333333	1.097332	1.90996157576	1.77908448485	0.871932363636	1.19413963636	0.788163939394	1.08104478788
PBW54	1.21238842424	1.98016018182	2.09528763636	1.52481624242	1.08454169697	1.34875539394	1.32945757576	1.15125581818	1.48333109091	1.50984212121	1.43431218182	1.10998212121	1.75131472727	1.83969290909	0.817733818182	1.23187933333	0.907402969697	0.802910727273	0.969514363636	0.473966484848	0.0	0.628856242424	1.21487575758	0.938906121212	1.36632387879	1.44127933333	1.13788133333	1.45418569697	1.98105575758	1.25745581818	1.56643636364	1.05594557576	1.26690066667	1.15732478788	0.86008430303	1.01425884848	1.18332266667	0.695192969697	1.30666830303	1.47034363636	1.74260030303	0.930509151515	1.61981024242	1.32312430303	1.19252193939	0.734930787879	0.812312424242	1.44028084848	0.848632909091	1.33873466667	1.39271369697	0.789095575758	0.615396545455	1.15415278788	1.96069921212	1.87454842424	0.902183575758	1.31704151515	0.826079636364	1.073228
PBW55	0.985036181818	1.88648127273	2.02388787879	1.49748775758	0.940012606061	1.12746242424	1.16164436364	1.03433654545	1.36726854545	1.29787848485	1.16512212121	0.920432909091	1.67238018182	1.97894321212	1.01066630303	1.33188466667	0.718286	0.931737757576	1.06249315152	0.626217151515	0.628856242424	0.0	0.896361818182	0.811806606061	1.14851975758	1.43715218182	0.876429454545	1.19129345455	1.72368654545	1.01415145455	1.41402351515	0.948424727273	1.0999250303	0.919493272727	0.651702969697	0.779366606061	0.94101030303	0.923302424242	1.13193666667	1.54247321212	1.49083193939	0.990376909091	1.41873351515	1.20965787879	1.00485078788	0.789655515152	0.780464060606	1.32874848485	0.829132545455	1.43010460606	1.49280218182	0.81538369697	0.665537151515	0.910367818182	1.79568078788	1.67111072727	0.729346484848	1.01732127273	0.71205369697	1.00079454545
PBW56	0.806306	1.85091751515	2.00920557576	1.49702048485	0.816097939394	0.94832969697	0.978932121212	0.96630769697	1.25263290909	1.12447812121	0.870744666667	1.05522951515	1.60959157576	1.96247593939	1.4166990303	1.8073810303	0.814798727273	1.20165060606	1.33211472727	1.08943848485	1.21487575758	0.896361818182	0.0	0.97456369697	1.07007333333	1.41773363636	0.729727757576	1.02913236364	1.63919975758	0.974756181818	1.3530550303	1.05379187879	1.0351389697	0.912615333333	0.770504666667	0.793775090909	0.894364969697	1.33702472727	1.25406733333	1.58943369697	1.36939266667	1.15058648485	1.25981545455	1.22335387879	0.966771515152	0.962577333333	0.979615818182	1.34490909091	1.1850610303	1.50703430303	1.49400206061	0.952036424242	1.05135678788	0.908650242424	1.75262878788	1.45972030303	0.801222969697	0.834164181818	0.887985212121	1.091744
PBW58	0.732998787879	1.81624351515	2.01767981818	1.49628151515	0.934056181818	0.959654484848	1.15519715152	1.03999284848	1.34626690909	1.05501284848	1.02854290909	0.505348727273	1.61951369697	1.95725648485	1.18404260606	1.37005090909	0.890396484848	0.830599151515	0.961485212121	0.853448848485	0.938906121212	0.811806606061	0.97456369697	0.0	1.21006454545	1.47465515152	1.08953448485	1.02897290909	1.83877945455	1.13104860606	1.49585145455	0.682446727273	1.22005563636	1.06673563636	0.800725212121	0.637576848485	0.829258606061	0.860693515152	0.961882060606	1.60435266667	1.54025236364	0.717960848485	1.22049442424	1.18662339394	1.07896042424	0.746851333333	0.865821454545	1.1384429697	0.748955636364	1.513174	1.56273230303	0.765707636364	0.814390909091	1.11731078788	1.79478351515	1.37745175758	0.842003151515	1.10740254545	0.797730242424	1.09530951515
PBW59	1.1249530303	1.54491981818	1.66437539394	1.29367745455	0.948559757576	1.1511550303	1.01625793939	0.957679333333	1.02594624242	1.45070636364	1.15995993939	1.31820672727	1.35625872727	1.80331484848	1.34789151515	2.10575339394	0.934662363636	1.55922127273	1.72721654545	1.34441484848	1.36632387879	1.14851975758	1.07007333333	1.21006454545	0.0	1.11288563636	0.944434909091	1.40130327273	1.42741769697	0.906966969697	1.25541612121	1.33434145455	1.01079678788	0.977454606061	1.01815290909	1.1516490303	1.07762969697	1.61534424242	1.57606781818	1.19590727273	1.19927315152	1.47358430303	1.29603678788	1.00225484848	0.702228848485	1.0707809697	0.956477757576	1.74470642424	1.44808478788	1.45551163636	1.46951321212	1.21513557576	1.26616369697	0.928800545455	1.53265242424	1.61208660606	1.03341848485	0.888657515152	0.975005090909	0.979908484848
PBW60	1.50618339394	1.40116133333	1.41427545455	1.10197727273	1.29959436364	1.55213606061	1.41936345455	1.17135733333	1.39597212121	1.81135660606	1.62901806061	1.697552	1.25839587879	1.40594036364	1.18852381818	2.22011090909	1.30253466667	1.62907078788	1.77621975758	1.35299915152	1.44127933333	1.43715218182	1.41773363636	1.47465515152	1.11288563636	0.0	1.31964212121	1.78430272727	1.36009424242	1.05531878788	1.02497436364	1.54671642424	1.02610327273	1.13557175758	1.41801587879	1.36410812121	1.45670284848	1.69614406061	1.91254957576	0.674721878788	1.12797672727	1.60365624242	1.52836193939	1.08410436364	1.11401024242	1.21637569697	1.12947090909	1.99000745455	1.54294678788	1.16152018182	1.17128260606	1.26719793939	1.34762290909	1.1906329697	1.25795563636	2.03198921212	1.25485866667	1.2517529697	1.20360612121	0.959310363636
PEP16	0.947728787879	1.72973909091	1.87385866667	1.40162242424	0.672021575758	1.077888	0.935473090909	0.879762121212	1.14867909091	1.2275549697	1.05240927273	1.10068830303	1.50519606061	1.8427349697	1.25180763636	1.86818721212	0.713926848485	1.32996963636	1.48394066667	1.14089206061	1.13788133333	0.876429454545	0.729727757576	1.08953448485	0.944434909091	1.31964212121	0.0	1.05586012121	1.50995042424	0.812447818182	1.25649260606	1.15839781818	0.891105757576	0.718288909091	0.805733878788	0.874698848485	0.933350545455	1.40324509091	1.34052842424	1.48482072727	1.41320915152	1.21462151515	1.36619739394	1.07223848485	0.890848	0.931834181818	0.865550969697	1.51796012121	1.27449630303	1.34220169697	1.33513381818	0.989809515152	1.06791193939	0.783885878788	1.68371242424	1.59891254545	0.741974848485	0.832358242424	0.748093454545	0.964749333333
PEP18	0.975394969697	2.15339278788	2.34536448485	1.8919609697	1.15237878788	1.18922981818	1.33736727273	1.35732624242	1.53241157576	0.872894242424	0.990469030303	0.919846848485	1.895626	2.34416684848	1.65799575758	1.47753060606	1.1751650303	1.12839181818	1.10359436364	1.3112309697	1.45418569697	1.19129345455	1.02913236364	1.02897290909	1.40130327273	1.78430272727	1.05586012121	0.0	1.96855321212	1.23267727273	1.765712	0.947057575758	1.34867181818	1.15292963636	1.05282745455	0.850276424242	0.825731878788	1.1919769697	0.950659454545	1.95149793939	1.67044806061	1.16972709091	1.0894970303	1.50222818182	1.28901454545	1.28081563636	1.27119690909	1.11609769697	1.1478029697	1.78837624242	1.75924521212	1.17599412121	1.28742066667	1.27537909091	2.13598927273	1.22103872727	1.05983509091	1.13158515152	1.21141563636	1.37563406061
PEP21	1.76493545455	1.31897036364	1.07488351515	1.10246145455	1.55718254545	1.78356484848	1.64976812121	1.41463593939	1.68254757576	2.07077593939	1.7686090303	1.95412781818	1.03673751515	1.03884830303	1.71930872727	2.72922357576	1.53163339394	2.10403618182	2.31284030303	1.91625193939	1.98105575758	1.72368654545	1.63919975758	1.83877945455	1.42741769697	1.36009424242	1.50995042424	1.96855321212	0.0	1.22874975758	0.83874569697	1.92176739394	1.21321921212	1.32876442424	1.65245848485	1.64951751515	1.80599575758	2.24609781818	2.20810406061	1.25406993939	1.6613109697	2.06297642424	2.10918684848	1.38232672727	1.55009454545	1.72907987879	1.66935206061	2.35694315152	2.04060478788	1.15296593939	1.17282266667	1.82484272727	1.88769715152	1.3917149697	0.891121030303	2.33401121212	1.63531	1.53920309091	1.56408557576	1.39126145455
PEP23	1.07640339394	1.48810775758	1.59571824242	1.11939654545	0.860212666667	1.19316733333	1.01194151515	0.730411151515	1.07843357576	1.401936	1.19776206061	1.28349090909	1.26973272727	1.62874739394	1.03200187879	2.00051624242	0.838334545455	1.43874133333	1.6282049697	1.1911689697	1.25745581818	1.01415145455	0.974756181818	1.13104860606	0.906966969697	1.05531878788	0.812447818182	1.23267727273	1.22874975758	0.0	0.976857757576	1.23453339394	0.675148727273	0.56313830303	0.900463030303	0.948197454545	1.03320006061	1.50728769697	1.48702690909	1.22000587879	1.42380593939	1.33596060606	1.43998763636	0.850176606061	0.856324545455	1.01013981818	0.923352121212	1.64397642424	1.31836351515	1.15931848485	1.17477472727	1.06569709091	1.18477309091	0.719036969697	1.39987733333	1.76923551515	0.881503272727	0.833810666667	0.88608769697	0.725597636364
PEP24	1.51223387879	1.26842975758	1.18095842424	0.752579757576	1.315052	1.62368642424	1.46438048485	1.16497739394	1.51159618182	1.86327812121	1.63297109091	1.70126418182	0.899762848485	1.14674745455	1.31349648485	2.31670757576	1.27722539394	1.75849557576	1.92926539394	1.47543739394	1.56643636364	1.41402351515	1.3530550303	1.49585145455	1.25541612121	1.02497436364	1.25649260606	1.765712	0.83874569697	0.976857757576	0.0	1.57630363636	0.954867333333	1.05682115152	1.35164454545	1.31709072727	1.54286654545	1.82085684848	1.91872151515	0.966412606061	1.59062757576	1.67002709091	1.89352236364	1.08112030303	1.25019115152	1.30686630303	1.2539890303	2.04463842424	1.67735581818	0.801846181818	0.793016606061	1.39982042424	1.49546527273	1.13400115152	0.991078727273	2.20814793939	1.32286321212	1.30369266667	1.21934193939	1.02354618182
PEP26	0.919480545455	1.77635290909	2.104664	1.57237248485	1.07708787879	1.08374327273	1.24440254545	1.16927315152	1.42485169697	1.09344187879	0.983205878788	0.787283090909	1.70149024242	2.0820949697	1.29449781818	1.37865145455	0.955205272727	0.869506848485	0.963310484848	0.972502484848	1.05594557576	0.948424727273	1.05379187879	0.682446727273	1.33434145455	1.54671642424	1.15839781818	0.947057575758	1.92176739394	1.23453339394	1.57630363636	0.0	1.19068236364	1.11693678788	0.931432666667	0.673272181818	0.803806181818	0.884958909091	0.982052181818	1.66674945455	1.56193	0.856331333333	1.24432248485	1.27512927273	1.14853248485	0.915764363636	0.959620787879	1.17465987879	0.85959569697	1.5318750303	1.59510436364	0.789061515152	0.801618969697	1.16268624242	1.94535060606	1.3663890303	0.897654	1.14532236364	0.880848606061	1.09842872727
PEP27	1.17979684848	1.42895515152	1.58290539394	1.05757630303	0.926069515152	1.29045957576	1.03794684848	0.768452969697	1.18554824242	1.41314375758	1.22288618182	1.32802424242	1.15525248485	1.56402157576	1.0508789697	2.00473830303	0.887127393939	1.41021793939	1.57264351515	1.22483684848	1.26690066667	1.0999250303	1.0351389697	1.22005563636	1.01079678788	1.02610327273	0.891105757576	1.34867181818	1.21321921212	0.675148727273	0.954867333333	1.19068236364	0.0	0.703117090909	1.02715187879	1.00069624242	1.17164672727	1.50514406061	1.50083466667	1.14937509091	1.48470315152	1.31322254545	1.55486606061	0.868934424242	0.974410242424	1.03003448485	0.950375878788	1.67282951515	1.37866836364	1.06090115152	1.06182515152	1.07729321212	1.17514969697	0.791413818182	1.38287563636	1.80399115152	0.938395272727	1.01766618182	0.895849272727	0.716258606061
PEP28	0.969218545455	1.58648884848	1.72459715152	1.18647812121	0.794942727273	1.1762250303	0.993445030303	0.675281939394	1.12054084848	1.34771515152	1.20160472727	1.17741551515	1.35330521212	1.67464242424	1.03230527273	1.87789406061	0.765436	1.36706327273	1.5195030303	1.12157357576	1.15732478788	0.919493272727	0.912615333333	1.06673563636	0.977454606061	1.13557175758	0.718288909091	1.15292963636	1.32876442424	0.56313830303	1.05682115152	1.11693678788	0.703117090909	0.0	0.867461333333	0.829039393939	0.993409151515	1.35106321212	1.351264	1.27358624242	1.44755745455	1.225288	1.41050327273	0.911560121212	0.906052666667	0.896415333333	0.856189939394	1.57394769697	1.19095709091	1.13087436364	1.18014466667	0.995590424242	1.08527406061	0.619046909091	1.45594460606	1.74871357576	0.781294666667	0.894919878788	0.730062848485	0.73133969697
PEP29	0.843888121212	1.79765466667	1.95702587879	1.46543690909	0.79111	1.02262418182	1.00340260606	0.915864848485	1.23083066667	1.1945769697	1.04023769697	0.862659272727	1.60873575758	1.97581078788	1.09003290909	1.53480848485	0.642268484848	1.03778775758	1.18286957576	0.792555757576	0.86008430303	0.651702969697	0.770504666667	0.800725212121	1.01815290909	1.41801587879	0.805733878788	1.05282745455	1.65245848485	0.900463030303	1.35164454545	0.931432666667	1.02715187879	0.867461333333	0.0	0.696732363636	0.890586606061	1.08726490909	1.03135745455	1.5014069697	1.37252666667	1.01449151515	1.26990084848	1.13558836364	0.879872060606	0.743289878788	0.759228121212	1.36710927273	0.993009454545	1.40429666667	1.46948030303	0.775870666667	0.765267757576	0.844579636364	1.77212593939	1.53267745455	0.712076121212	0.872758666667	0.735470363636	0.982007939394
PEP30	0.720173454545	1.85207054545	2.01518939394	1.46809472727	0.874748424242	0.904719333333	1.09940818182	0.960957939394	1.33537733333	1.03741466667	0.924871030303	0.790169212121	1.58968690909	1.99578690909	1.20608563636	1.43757842424	0.761458060606	0.865158424242	1.00237236364	0.875646424242	1.01425884848	0.779366606061	0.793775090909	0.637576848485	1.1516490303	1.36410812121	0.874698848485	0.850276424242	1.64951751515	0.948197454545	1.31709072727	0.673272181818	1.00069624242	0.829039393939	0.696732363636	0.0	0.703974848485	0.982562969697	0.955051878788	1.56040224242	1.39283951515	0.864803151515	1.19618727273	1.18768230303	0.965820060606	0.805682121212	0.870511757576	1.17701484848	0.852320969697	1.41232915152	1.47391751515	0.759780606061	0.830634787879	0.938311878788	1.76872266667	1.41038339394	0.706030787879	0.951819515152	0.75702430303	0.995216424242
PIS1	0.781540909091	1.86491193939	2.0025009697	1.5400190303	0.916438060606	0.880032121212	1.08020509091	1.03146975758	1.27533872727	0.885897393939	0.718064909091	0.772919818182	1.65640018182	2.09532745455	1.38943660606	1.48923557576	0.921021151515	0.964087939394	1.11233775758	1.15106309091	1.18332266667	0.94101030303	0.894364969697	0.829258606061	1.07762969697	1.45670284848	0.933350545455	0.825731878788	1.80599575758	1.03320006061	1.54286654545	0.803806181818	1.17164672727	0.993409151515	0.890586606061	0.703974848485	0.0	0.999113454545	0.961552666667	1.55056593939	1.30147654545	0.894215454545	0.921953878788	1.17406927273	0.869509212121	0.958700848485	0.962555212121	1.10657890909	0.946845030303	1.58193321212	1.6377289697	0.972066121212	1.03003363636	1.04462430303	1.83606345455	1.26274042424	0.878821151515	1.02075836364	0.909095878788	1.099728
PIS2	1.12150430303	2.18297933333	2.31284412121	1.73197781818	1.29790290909	1.30621587879	1.5249110303	1.33657339394	1.68125424242	1.197178	1.23960345455	0.811530121212	1.99158806061	2.12878733333	1.06934181818	0.993033272727	1.22495957576	0.62637230303	0.772239575758	0.747102242424	0.695192969697	0.923302424242	1.33702472727	0.860693515152	1.61534424242	1.69614406061	1.40324509091	1.1919769697	2.24609781818	1.50728769697	1.82085684848	0.884958909091	1.50514406061	1.35106321212	1.08726490909	0.982562969697	0.999113454545	0.0	0.921869030303	1.72598133333	1.85440260606	0.739753030303	1.45403921212	1.49361048485	1.36642339394	0.918476606061	1.09465266667	1.15679806061	0.697672060606	1.56739078788	1.6369009697	0.875497030303	0.786659454545	1.40625993939	2.13229133333	1.69334975758	1.15062624242	1.52952406061	1.09818072727	1.32906630303
PIS4	1.07428593939	2.19664206061	2.423822	1.86755133333	1.23593836364	1.23869290909	1.43813606061	1.31249127273	1.65380278788	0.767925575758	1.11666424242	0.79823369697	2.02813393939	2.44895890909	1.53771254545	1.11123393939	1.18216606061	1.07246181818	0.995848242424	1.26717842424	1.30666830303	1.13193666667	1.25406733333	0.961882060606	1.57606781818	1.91254957576	1.34052842424	0.950659454545	2.20810406061	1.48702690909	1.91872151515	0.982052181818	1.50083466667	1.351264	1.03135745455	0.955051878788	0.961552666667	0.921869030303	0.0	1.99345727273	1.82798242424	1.06516981818	1.02465369697	1.49809672727	1.40891157576	1.12214757576	1.22750521212	0.886762848485	1.07652278788	1.86172248485	1.93516345455	1.13914630303	1.17689587879	1.33604921212	2.2145950303	1.26056	1.16591054545	1.43294157576	1.15657921212	1.44540115152
PIS5	1.60931775758	1.18366115152	1.23325612121	0.97131769697	1.42339636364	1.63497781818	1.49922533333	1.27673581818	1.45927012121	1.94790151515	1.74366090909	1.76268175758	1.0817650303	1.15160393939	1.20357660606	2.29686054545	1.41907	1.65057012121	1.85307848485	1.4557610303	1.47034363636	1.54247321212	1.58943369697	1.60435266667	1.19590727273	0.674721878788	1.48482072727	1.95149793939	1.25406993939	1.22000587879	0.966412606061	1.66674945455	1.14937509091	1.27358624242	1.5014069697	1.56040224242	1.55056593939	1.72598133333	1.99345727273	0.0	1.22334333333	1.65738369697	1.53950575758	1.10564975758	1.15264666667	1.22005381818	1.17692090909	2.07621224242	1.6356549697	0.986861939394	1.00700872727	1.37855545455	1.39045836364	1.23927327273	1.10522006061	2.03963945455	1.42757957576	1.423358	1.23150424242	1.03308933333
PIS7	1.39536387879	1.61831381818	1.72182151515	1.63782393939	1.40579448485	1.30110927273	1.43730709091	1.45990339394	1.43075709091	1.70573018182	1.40013709091	1.60130751515	1.60830290909	2.05190412121	1.80423654545	2.33375090909	1.40114012121	1.80767878788	1.93896509091	1.67231793939	1.74260030303	1.49083193939	1.36939266667	1.54025236364	1.19927315152	1.12797672727	1.41320915152	1.67044806061	1.6613109697	1.42380593939	1.59062757576	1.56193	1.48470315152	1.44755745455	1.37252666667	1.39283951515	1.30147654545	1.85440260606	1.82798242424	1.22334333333	0.0	1.6814529697	1.21748993939	1.4105070303	1.13187557576	1.47520636364	1.46049684848	1.97851193939	1.74176533333	1.8376610303	1.82902042424	1.52138315152	1.55668921212	1.43701127273	1.63817393939	1.71541672727	1.40563951515	1.29057333333	1.42106709091	1.46854284848
PIS9	0.964750060606	1.9260350303	2.08531278788	1.55066672727	1.04995509091	1.0478930303	1.24404563636	1.107776	1.45411915152	1.064892	1.15235284848	0.762017212121	1.76246327273	2.04124157576	1.16190915152	1.27050060606	1.11476618182	0.775806060606	0.941640848485	0.935875030303	0.930509151515	0.990376909091	1.15058648485	0.717960848485	1.47358430303	1.60365624242	1.21462151515	1.16972709091	2.06297642424	1.33596060606	1.67002709091	0.856331333333	1.31322254545	1.225288	1.01449151515	0.864803151515	0.894215454545	0.739753030303	1.06516981818	1.65738369697	1.6814529697	0.0	1.29839757576	1.30463515152	1.15630757576	0.822238363636	0.991426787879	1.09323145455	0.735033575758	1.49399145455	1.54173230303	0.772335515152	0.871994060606	1.25051818182	1.97729127273	1.56408678788	1.01434787879	1.369596	1.01774442424	1.22600648485
PIS10	1.10206169697	1.90283442424	2.0823530303	1.76397230303	1.18102672727	1.01563993939	1.23390345455	1.30238775758	1.33061915152	0.949081212121	1.04067818182	1.10788787879	1.83425442424	2.39611830303	1.76936587879	1.58575830303	1.35743939394	1.41196218182	1.42268872727	1.55108448485	1.61981024242	1.41873351515	1.25981545455	1.22049442424	1.29603678788	1.52836193939	1.36619739394	1.0894970303	2.10918684848	1.43998763636	1.89352236364	1.24432248485	1.55486606061	1.41050327273	1.26990084848	1.19618727273	0.921953878788	1.45403921212	1.02465369697	1.53950575758	1.21748993939	1.29839757576	0.0	1.40098157576	1.12039254545	1.25530987879	1.32448363636	1.21200309091	1.43307042424	1.97938781818	2.01810866667	1.38276218182	1.40096521212	1.39239006061	2.00890775758	0.996466181818	1.31184630303	1.30479248485	1.31276769697	1.39237412121
PIS11	1.12634848485	1.28988727273	1.44395121212	0.982323818182	0.921849272727	1.15417533333	1.00424212121	0.794100606061	0.991532484848	1.44825139394	1.28607842424	1.29909987879	1.1811049697	1.57251163636	1.18547133333	2.09355515152	1.07846521212	1.58301563636	1.67220921212	1.33642824242	1.32312430303	1.20965787879	1.22335387879	1.18662339394	1.00225484848	1.08410436364	1.07223848485	1.50222818182	1.38232672727	0.850176606061	1.08112030303	1.27512927273	0.868934424242	0.911560121212	1.13558836364	1.18768230303	1.17406927273	1.49361048485	1.49809672727	1.10564975758	1.4105070303	1.30463515152	1.40098157576	0.0	0.905883333333	1.00548684848	0.984052363636	1.75397509091	1.48118666667	1.13596563636	1.181418	1.15541587879	1.22029212121	0.921740727273	1.23562509091	1.74717890909	1.04767309091	1.08907648485	0.957756909091	0.786620181818
PIS14	1.00135593939	1.56255872727	1.62908945455	1.26383054545	0.836476363636	0.998397939394	0.96065430303	0.889506484848	1.04992187879	1.30700381818	1.08149145455	1.20010672727	1.38401327273	1.85016284848	1.20563163636	1.86485678788	0.862190848485	1.35433351515	1.49816660606	1.16251	1.19252193939	1.00485078788	0.966771515152	1.07896042424	0.702228848485	1.11401024242	0.890848	1.28901454545	1.55009454545	0.856324545455	1.25019115152	1.14853248485	0.974410242424	0.906052666667	0.879872060606	0.965820060606	0.869509212121	1.36642339394	1.40891157576	1.15264666667	1.13187557576	1.15630757576	1.12039254545	0.905883333333	0.0	0.815563515152	0.815088424242	1.50450278788	1.27199557576	1.38584715152	1.40579260606	0.955479090909	1.04131363636	0.919596545455	1.50373193939	1.56682757576	0.844971090909	0.888753515152	0.860997575758	0.865523878788
PIS15	0.920132181818	1.68500721212	1.81680933333	1.21287030303	0.786187515152	1.03903066667	0.995087757576	0.871346606061	1.20102127273	1.22619666667	1.18160406061	0.913277030303	1.43084527273	1.67478890909	0.877245212121	1.47508842424	0.709670969697	0.888597878788	1.00511909091	0.715000787879	0.734930787879	0.789655515152	0.962577333333	0.746851333333	1.0707809697	1.21637569697	0.931834181818	1.28081563636	1.72907987879	1.01013981818	1.30686630303	0.915764363636	1.03003448485	0.896415333333	0.743289878788	0.805682121212	0.958700848485	0.918476606061	1.12214757576	1.22005381818	1.47520636364	0.822238363636	1.25530987879	1.00548684848	0.815563515152	0.0	0.564144666667	1.28966678788	0.844787212121	1.19629878788	1.2518710303	0.606303939394	0.655227575758	0.896663575758	1.64605606061	1.55833921212	0.694954848485	1.04939339394	0.542454666667	0.830984969697
PLL76	1.10516	1.68131260606	1.75151448485	1.26031666667	0.802687212121	1.15882187879	0.979628545455	0.905627515152	1.15160218182	1.36054848485	1.21677624242	1.04797915152	1.4393969697	1.70437490909	0.881952424242	1.55500484848	0.639326060606	1.00776824242	1.13415951515	0.819708363636	0.812312424242	0.780464060606	0.979615818182	0.865821454545	0.956477757576	1.12947090909	0.865550969697	1.27119690909	1.66935206061	0.923352121212	1.2539890303	0.959620787879	0.950375878788	0.856189939394	0.759228121212	0.870511757576	0.962555212121	1.09465266667	1.22750521212	1.17692090909	1.46049684848	0.991426787879	1.32448363636	0.984052363636	0.815088424242	0.564144666667	0.0	1.25588830303	0.903929212121	1.13902490909	1.20100624242	0.667303393939	0.728476727273	0.774145333333	1.55904	1.6138630303	0.706794909091	0.982563878788	0.532559333333	0.720119333333
