	PAM31	PAM32	PAM33	PAM35	PAM36	PAM37	PAM39	PAM40	PAM41	PAM42	PAM43	PAM44	PAM45	PBW46	PBW47	PBW49	PBW50	PBW51	PBW52	PBW53	PBW54	PBW55	PBW56	PBW58	PBW59	PBW60	PEP16	PEP18	PEP21	PEP23	PEP24	PEP26	PEP27	PEP28	PEP29	PEP30	PIS1	PIS2	PIS4	PIS5	PIS7	PIS9	PIS10	PIS11	PIS14	PIS15	PLL76	PLL77	PLL79	PLL80	PLL83	PLL88	PLL89	PLL90	PPO64	PPO66	PPO67	PPO69	PPO72	PPO75
PAM31	0.0	1.13833448485	1.52443769697	1.07552709091	0.901882727273	0.812814121212	0.918387272727	0.704469454545	1.00740581818	0.855399272727	0.850280787879	1.07785060606	1.64296842424	2.24001842424	1.22115509091	1.59984109091	0.965344909091	1.30974606061	1.24371	1.25684060606	1.14372751515	1.24274236364	1.00114781818	0.930056	1.37178630303	1.43713848485	1.03530248485	1.10819424242	1.65361709091	1.10038951515	1.64212921212	1.02284533333	1.19300363636	1.10521557576	0.857543757576	0.798258787879	1.04025151515	1.23727442424	1.21747672727	1.77571957576	1.41327412121	1.1536890303	1.17546157576	0.824863757576	0.924061878788	1.01630872727	1.11325406061	1.37242981818	1.19123157576	1.48467860606	1.65988678788	1.05559490909	1.26279545455	1.05041515152	1.37162690909	1.28510824242	0.917102	0.921782787879	0.964888909091	1.09876909091
PAM32	1.13833448485	0.0	1.33166587879	1.12184969697	1.36992630303	0.746514181818	0.862841636364	1.31410890909	1.146758	1.435538	1.21228193939	1.48471090909	1.55182751515	2.23659533333	1.47986606061	1.96661678788	1.26195915152	1.70785969697	1.66988884848	1.66207775758	1.44035739394	1.7714750303	1.54304824242	1.28720575758	1.49211278788	1.39662181818	1.37143769697	1.63085878788	1.76246818182	1.30280739394	1.77573109091	1.295214	1.3759010303	1.35853818182	1.41737836364	1.27276624242	1.49513412121	1.70040284848	1.73384612121	1.70871854545	1.31086242424	1.55125672727	1.49009327273	0.999924181818	1.09074666667	1.40492454545	1.29147290909	1.84503242424	1.61322957576	1.54518509091	1.74945169697	1.46003351515	1.58335309091	1.28903884848	1.19815109091	1.56673969697	1.27684218182	1.1780050303	1.35371806061	1.12773533333
PAM33	1.52443769697	1.33166587879	0.0	1.01555509091	1.72712321212	1.11637048485	1.02434957576	1.644544	1.67406787879	1.77960218182	1.27278406061	1.89361290909	0.857508666667	1.37239733333	1.72386478788	2.24598169697	1.56973206061	1.92985418182	1.94438139394	1.91901709091	1.71338981818	2.0823109697	1.84687169697	1.70534569697	1.23780751515	1.18385363636	1.44787278788	2.07150551515	0.956532848485	1.45070418182	0.870979636364	1.79392193939	1.19404206061	1.27952672727	1.7090550303	1.55311612121	1.87364569697	1.93013442424	2.07920254545	0.924005757576	1.44493315152	1.83494878788	1.99646921212	1.37572787879	1.4063949697	1.60628181818	1.49999830303	2.17402460606	1.81961	1.09344066667	0.994560969697	1.71183806061	1.88709436364	1.34379587879	0.774861090909	2.15085660606	1.58612636364	1.53286969697	1.60100478788	1.32792460606
PAM35	1.07552709091	1.12184969697	1.01555509091	0.0	1.12523418182	0.84257369697	0.716518727273	1.05237981818	1.34634369697	1.25281375758	0.835500969697	1.35219612121	1.28381430303	1.69846381818	1.26481963636	1.82530357576	1.03323478788	1.55300115152	1.53336606061	1.45510406061	1.22030090909	1.45665527273	1.29525381818	1.19849945455	1.00852563636	0.911066181818	0.913934666667	1.51050012121	1.28826430303	0.847883878788	1.15708587879	1.24193509091	0.771810363636	0.74562630303	1.13824563636	1.00983593939	1.28075715152	1.50735327273	1.54626066667	1.25440751515	1.24068872727	1.36301212121	1.50220757576	0.816913515152	0.888146666667	1.1317050303	1.07418587879	1.70028260606	1.4410209697	0.97428630303	1.24690890909	1.282686	1.47534339394	0.726809636364	0.882216060606	1.75294963636	1.06206775758	1.0342050303	1.088584	0.880276666667
PAM36	0.901882727273	1.36992630303	1.72712321212	1.12523418182	0.0	1.05473915152	1.18264878788	0.699798969697	0.825448424242	0.539795454545	1.16825224242	0.721919393939	2.00836715152	2.38552963636	1.28880509091	1.16669363636	1.08559442424	1.01150454545	1.04844557576	1.24196224242	1.20328515152	0.853240848485	0.690340727273	0.682983454545	1.71482878788	1.58957054545	1.29536848485	0.900552727273	1.99738951515	1.29875151515	1.88070212121	0.891114	1.42229993939	1.40195042424	1.01571606061	0.973083090909	0.767156909091	0.869889878788	0.862346	1.9732609697	1.70693151515	0.852738787879	1.02598018182	0.917772060606	1.15244412121	1.00701630303	1.12472515152	0.981583818182	0.887770060606	1.56768751515	1.82598575758	0.910748424242	0.901670545455	1.27840357576	1.57712248485	1.26001957576	1.04894739394	1.21974830303	0.934804	1.18789375758
PAM37	0.812814121212	0.746514181818	1.11637048485	0.84257369697	1.05473915152	0.0	0.602110484848	1.00147836364	0.810209878788	1.09405981818	0.861964969697	1.23704824242	1.56930181818	2.11209387879	1.19960654545	1.73504709091	0.928992363636	1.45317242424	1.44678933333	1.39355690909	1.19367218182	1.4079849697	1.19892206061	1.04086890909	1.30047981818	1.28380424242	1.0426470303	1.37467284848	1.59525921212	1.00525442424	1.55911254545	1.18741581818	1.13030490909	1.10101163636	1.05108866667	0.958676787879	1.20308757576	1.39976393939	1.46918381818	1.61481660606	1.25910872727	1.28856981818	1.27295412121	0.728791090909	0.831468606061	1.06328418182	0.991519575758	1.55490890909	1.34581612121	1.39203030303	1.61701412121	1.20467884848	1.38996145455	1.0098429697	1.12319024242	1.43845751515	0.957976363636	0.922150121212	1.05301333333	0.959689636364
PAM39	0.918387272727	0.862841636364	1.02434957576	0.716518727273	1.18264878788	0.602110484848	0.0	1.04741006061	1.05483090909	1.20358193939	0.694887212121	1.35937145455	1.34177	1.97872945455	1.40658345455	1.85928715152	1.09956054545	1.59118315152	1.56820539394	1.56972218182	1.35288981818	1.57527533333	1.33543157576	1.14942290909	1.08614630303	1.18428454545	0.91250830303	1.49647436364	1.39220775758	0.948362121212	1.42027612121	1.32739151515	0.990915151515	0.931572545455	1.21909163636	1.08923781818	1.362676	1.5865430303	1.60876848485	1.55304175758	1.3144250303	1.45061012121	1.46338690909	0.858817090909	0.919490848485	1.247496	1.18188969697	1.73807212121	1.48868854545	1.30524890909	1.53915454545	1.36900072727	1.52624927273	0.841225575758	0.977693818182	1.55795127273	1.12380078788	0.940589212121	1.21262963636	0.908812848485
PAM40	0.704469454545	1.31410890909	1.644544	1.05237981818	0.699798969697	1.00147836364	1.04741006061	0.0	0.997709818182	0.659064606061	0.900312787879	0.930941636364	1.78116551515	2.28465830303	1.25028127273	1.33944387879	0.960841757576	1.07575539394	1.09067460606	1.2042510303	1.15310751515	1.02165836364	0.791012060606	0.824706787879	1.51178606061	1.49809812121	1.13384963636	0.995712424242	1.81652484848	1.1252069697	1.71794084848	0.898465454545	1.21631527273	1.21889412121	0.896606424242	0.862472848485	0.801684363636	1.01519793939	1.00768193939	1.86047666667	1.51687012121	0.933615575758	1.12478509091	0.891567878788	0.956331454545	0.949228121212	1.12446751515	1.15160751515	0.959932787879	1.51445715152	1.71527890909	0.847604242424	1.00148563636	1.06975430303	1.49812521212	1.31478290909	0.987115454545	1.03814072727	0.906758848485	1.13889563636
PAM41	1.00740581818	1.146758	1.67406787879	1.34634369697	0.825448424242	0.810209878788	1.05483090909	0.997709818182	0.0	0.912008	1.29057618182	1.04500006061	2.07948248485	2.60552836364	1.56267448485	1.50335127273	1.37893036364	1.34652448485	1.38081606061	1.53133806061	1.47004230303	1.23057981818	1.06707618182	0.942111757576	1.78047357576	1.79597569697	1.51308309091	1.13618587879	2.13110484848	1.57288806061	2.09973854545	1.10517006061	1.66623406061	1.60286430303	1.35314448485	1.33332666667	1.01731963636	1.21794193939	1.23699866667	2.08416672727	1.77758006061	1.17287981818	1.08395927273	1.13252351515	1.32807557576	1.29840351515	1.39367854545	1.33592945455	1.24571678788	1.90797981818	2.16046193939	1.18591006061	1.24727545455	1.51687260606	1.57183369697	1.14706654545	1.28319424242	1.28556775758	1.20703630303	1.39546739394
PAM42	0.855399272727	1.435538	1.77960218182	1.25281375758	0.539795454545	1.09405981818	1.20358193939	0.659064606061	0.912008	0.0	1.13109084848	0.756844060606	2.01617327273	2.48366218182	1.37818660606	1.26772254545	1.10567472727	1.12315030303	1.13976587879	1.29965357576	1.29407406061	0.913781393939	0.742677878788	0.726993818182	1.71445890909	1.62462781818	1.28093387879	0.913199939394	1.99942290909	1.2613930303	1.90961309091	0.98655769697	1.37704315152	1.41892030303	1.02124424242	1.03190593939	0.813367636364	0.916770909091	0.886120727273	2.06235715152	1.72934927273	0.907469636364	1.06099963636	1.02377515152	1.18803133333	1.08823175758	1.23454278788	1.03539575758	0.965669030303	1.5981850303	1.87441187879	0.966641212121	0.952273393939	1.29840012121	1.68071769697	1.27259454545	1.09923218182	1.20786339394	1.03566284848	1.27609781818
PAM43	0.850280787879	1.21228193939	1.27278406061	0.835500969697	1.16825224242	0.861964969697	0.694887212121	0.900312787879	1.29057618182	1.13109084848	0.0	1.39228036364	1.4076550303	1.97997339394	1.29484024242	1.82492721212	0.993876848485	1.52005327273	1.5208070303	1.48792078788	1.29485157576	1.47972872727	1.15630545455	1.2697770303	0.995614242424	1.16783915152	0.758022424242	1.39613842424	1.34164466667	0.891243757576	1.35199363636	1.25807557576	0.940466	0.885532606061	1.08506151515	0.963825515152	1.26317133333	1.54295278788	1.50936612121	1.51953333333	1.2085950303	1.44757563636	1.45370551515	0.929427454545	0.778909212121	1.1723549697	1.1354189697	1.58767436364	1.38263284848	1.29430981818	1.47826212121	1.28898539394	1.49107030303	0.781761636364	1.14883957576	1.56904357576	1.0662430303	0.833426848485	1.1119329697	0.946949515152
PAM44	1.07785060606	1.48471090909	1.89361290909	1.35219612121	0.721919393939	1.23704824242	1.35937145455	0.930941636364	1.04500006061	0.756844060606	1.39228036364	0.0	1.99091587879	2.38729727273	1.136752	0.994604909091	1.05544363636	0.872581757576	0.942714060606	1.09711436364	1.08876224242	0.807553212121	0.818219636364	0.550242	1.74185545455	1.55418315152	1.414116	0.904285818182	1.97826975758	1.34791927273	1.84703715152	0.80803569697	1.49014224242	1.42571284848	0.919057393939	1.02712187879	0.812463212121	0.753491090909	0.82372369697	2.05659672727	1.71436981818	0.692483393939	1.11663484848	1.01497884848	1.26265115152	0.932896909091	1.05803678788	0.975095212121	0.768494060606	1.62965951515	1.85993678788	0.871048666667	0.710226424242	1.30380963636	1.70459133333	1.23359072727	0.979773939394	1.26285715152	0.902432242424	1.16987363636
PAM45	1.64296842424	1.55182751515	0.857508666667	1.28381430303	2.00836715152	1.56930181818	1.34177	1.78116551515	2.07948248485	2.01617327273	1.4076550303	1.99091587879	0.0	1.19201739394	1.86438933333	2.33934236364	1.69793272727	2.03865254545	2.07867139394	2.03875181818	1.86568090909	2.24204387879	2.01250981818	1.87536321212	1.25596212121	1.33004836364	1.59870678788	2.16945090909	0.893895090909	1.57510181818	0.921924666667	1.82436090909	1.30808539394	1.37084981818	1.83463448485	1.67085775758	2.00262975758	2.16445290909	2.24261484848	0.950467151515	1.42719660606	2.0426150303	2.19218272727	1.60875569697	1.52288278788	1.81490333333	1.7352709697	2.3255269697	1.99730157576	1.26545733333	1.0679850303	1.87898357576	2.03350654545	1.41805751515	1.09768842424	2.14674527273	1.65314206061	1.63357266667	1.78264266667	1.37692539394
PBW46	2.24001842424	2.23659533333	1.37239733333	1.69846381818	2.38552963636	2.11209387879	1.97872945455	2.28465830303	2.60552836364	2.48366218182	1.97997339394	2.38729727273	1.19201739394	0.0	1.832094	2.41176	2.01764878788	2.11477139394	2.17718054545	2.07673769697	1.94283915152	2.47806345455	2.31057872727	2.27514448485	1.67057806061	1.51120721212	1.89570357576	2.49163678788	1.26856593939	1.88381606061	1.13275527273	2.26075878788	1.65223575758	1.69350345455	2.15617309091	2.00281393939	2.32713624242	2.38329454545	2.59178060606	0.958775333333	1.82235230303	2.34366624242	2.59028436364	1.95336642424	1.9256869697	2.03305684848	1.92897781818	2.59951466667	2.20434042424	1.31860066667	1.16902787879	2.15803418182	2.27723048485	1.65442957576	1.49968218182	2.54962218182	1.97068151515	1.98159163636	2.03981727273	1.73460933333
PBW47	1.22115509091	1.47986606061	1.72386478788	1.26481963636	1.28880509091	1.19960654545	1.40658345455	1.25028127273	1.56267448485	1.37818660606	1.29484024242	1.136752	1.86438933333	1.832094	0.0	0.934297515152	0.946807393939	0.727531212121	1.00280824242	0.624461636364	0.478425878788	1.10104424242	1.31001187879	1.12349727273	1.70075618182	1.21773672727	1.30615345455	1.43581212121	1.87271363636	1.21604969697	1.52653048485	1.0707210303	1.35577181818	1.29228606061	0.901443939394	0.991746484848	1.31005460606	0.887206606061	1.28831290909	1.47383575758	1.51910460606	0.937762545455	1.61014539394	1.04484406061	1.13054242424	0.721469878788	0.648097151515	1.4078469697	0.953193454545	1.19713406061	1.35870527273	0.942484424242	0.887308969697	1.15613375758	1.6187530303	1.78972709091	0.944165939394	1.25478612121	0.838930545455	1.03719448485
PBW49	1.59984109091	1.96661678788	2.24598169697	1.82530357576	1.16669363636	1.73504709091	1.85928715152	1.33944387879	1.50335127273	1.26772254545	1.82492721212	0.994604909091	2.33934236364	2.41176	0.934297515152	0.0	1.39565666667	0.687357212121	0.990767090909	0.799568848485	0.879645818182	0.844865636364	1.1830610303	1.13229842424	2.20958715152	1.78168709091	1.82442466667	1.2519850303	2.40274557576	1.77745509091	2.09673709091	1.171712	1.85315551515	1.86210393939	1.29008339394	1.46709515152	1.16186521212	0.701179515152	1.04081781818	2.08986939394	2.07151533333	0.928712666667	1.52988448485	1.52232375758	1.66336563636	1.08153575758	1.17579345455	1.09699284848	0.882030121212	1.69595169697	1.92366884848	1.09531757576	0.750763212121	1.6590910303	2.16021975758	1.63298884848	1.37233484848	1.67846157576	1.14188054545	1.5234750303
PBW50	0.965344909091	1.26195915152	1.56973206061	1.03323478788	1.08559442424	0.928992363636	1.09956054545	0.960841757576	1.37893036364	1.10567472727	0.993876848485	1.05544363636	1.69793272727	2.01764878788	0.946807393939	1.39565666667	0.0	1.05456187879	1.06860787879	0.978673393939	0.836920666667	1.04863272727	1.02837321212	0.930093030303	1.32584830303	1.14291769697	1.01013321212	1.15770351515	1.5786850303	0.861381090909	1.46173363636	0.864429878788	1.01414333333	1.07138472727	0.688646242424	0.692505272727	1.06078769697	1.14040757576	1.2101749697	1.629008	1.234524	1.1319470303	1.35083024242	0.784304545455	0.845125333333	0.819904787879	0.744504181818	1.30564709091	1.01048412121	1.26687345455	1.47192430303	0.945369515152	0.984608484848	0.842410242424	1.36383327273	1.44817206061	0.715379272727	0.845490727273	0.755613818182	0.850994969697
PBW51	1.30974606061	1.70785969697	1.92985418182	1.55300115152	1.01150454545	1.45317242424	1.59118315152	1.07575539394	1.34652448485	1.12315030303	1.52005327273	0.872581757576	2.03865254545	2.11477139394	0.727531212121	0.687357212121	1.05456187879	0.0	0.704114	0.703409212121	0.724413818182	0.891444424242	0.98073630303	0.897772	1.88403624242	1.47648151515	1.46696587879	1.16868951515	2.06523745455	1.42777145455	1.77653078788	0.891567272727	1.54651515152	1.54524539394	1.01327878788	1.08765854545	1.06386981818	0.735363030303	1.05634981818	1.83936915152	1.78151012121	0.761023575758	1.4063310303	1.22502351515	1.36012866667	0.818757818182	0.871011636364	1.07757563636	0.612715818182	1.35322866667	1.58565321212	0.786965212121	0.609483818182	1.34190060606	1.81394981818	1.53776072727	1.0685869697	1.41035333333	0.864967333333	1.23890642424
PBW52	1.24371	1.66988884848	1.94438139394	1.53336606061	1.04844557576	1.44678933333	1.56820539394	1.09067460606	1.38081606061	1.13976587879	1.5208070303	0.942714060606	2.07867139394	2.17718054545	1.00280824242	0.990767090909	1.06860787879	0.704114	0.0	0.878714969697	0.871027818182	0.966889454545	1.05003078788	0.933580545455	1.89747521212	1.48971927273	1.4918350303	1.17543430303	2.13610175758	1.46399042424	1.8438189697	0.890255818182	1.54907606061	1.58132084848	1.01916648485	1.12584818182	1.11679363636	0.847655212121	1.03271993939	1.92174945455	1.77041963636	0.921080606061	1.45603266667	1.19422042424	1.4013430303	0.892133636364	0.93982769697	1.0765269697	0.714661333333	1.46934812121	1.68894939394	0.801905030303	0.723358787879	1.33441266667	1.77619606061	1.49605266667	1.08429575758	1.39974854545	0.848392363636	1.22809533333
PBW53	1.25684060606	1.66207775758	1.91901709091	1.45510406061	1.24196224242	1.39355690909	1.56972218182	1.2042510303	1.53133806061	1.29965357576	1.48792078788	1.09711436364	2.03875181818	2.07673769697	0.624461636364	0.799568848485	0.978673393939	0.703409212121	0.878714969697	0.0	0.501484484848	0.886188545455	1.24837339394	1.08295224242	1.86927515152	1.27193363636	1.46744987879	1.38012575758	2.00953236364	1.31156769697	1.69132290909	1.01580921212	1.4841169697	1.50339581818	0.906780121212	1.05941357576	1.30628763636	0.790579878788	1.27056945455	1.76611642424	1.68847569697	0.932612424242	1.6159630303	1.20516993939	1.34688854545	0.823496969697	0.852980121212	1.38287684848	0.878341151515	1.3310850303	1.5487190303	0.935136969697	0.763970121212	1.31835236364	1.81237745455	1.73948169697	1.01787787879	1.32016460606	0.805528909091	1.21396206061
PBW54	1.14372751515	1.44035739394	1.71338981818	1.22030090909	1.20328515152	1.19367218182	1.35288981818	1.15310751515	1.47004230303	1.29407406061	1.29485157576	1.08876224242	1.86568090909	1.94283915152	0.478425878788	0.879645818182	0.836920666667	0.724413818182	0.871027818182	0.501484484848	0.0	0.928777878788	1.21567606061	1.06540521212	1.69848121212	1.23405824242	1.29418987879	1.39154672727	1.90700339394	1.20801472727	1.54418787879	0.985610545455	1.30920133333	1.34347060606	0.828937575758	0.956289818182	1.25136193939	0.813906909091	1.21488593939	1.56994781818	1.50331012121	0.892344666667	1.54735963636	1.01537515152	1.14878587879	0.717369333333	0.655203272727	1.37950218182	0.858619939394	1.18359654545	1.43218024242	0.878927393939	0.767966606061	1.12153006061	1.59242872727	1.70515490909	0.918468666667	1.21548218182	0.761634969697	0.977738181818
PBW55	1.24274236364	1.7714750303	2.0823109697	1.45665527273	0.853240848485	1.4079849697	1.57527533333	1.02165836364	1.23057981818	0.913781393939	1.47972872727	0.807553212121	2.24204387879	2.47806345455	1.10104424242	0.844865636364	1.04863272727	0.891444424242	0.966889454545	0.886188545455	0.928777878788	0.0	0.822304363636	0.889098242424	1.83781266667	1.58622084848	1.39890945455	0.925572606061	2.05176006061	1.35060812121	1.92307751515	0.938708424242	1.53116151515	1.49785369697	0.887704666667	1.07686672727	0.812451939394	0.691550363636	0.786931454545	2.08984218182	1.72976315152	0.904433818182	1.25146878788	1.22987424242	1.36121975758	1.00402236364	1.02717981818	0.999322727273	0.892892363636	1.68832957576	1.96637812121	1.01565618182	0.724437212121	1.3179850303	1.89467375758	1.39014030303	1.08601236364	1.32959509091	0.890467393939	1.35946212121
PBW56	1.00114781818	1.54304824242	1.84687169697	1.29525381818	0.690340727273	1.19892206061	1.33543157576	0.791012060606	1.06707618182	0.742677878788	1.15630545455	0.818219636364	2.01250981818	2.31057872727	1.31001187879	1.1830610303	1.02837321212	0.98073630303	1.05003078788	1.24837339394	1.21567606061	0.822304363636	0.0	0.825454848485	1.63780272727	1.47568036364	1.01929248485	0.772570424242	1.86994951515	1.18853115152	1.73082175758	0.909990363636	1.32997678788	1.29329078788	0.955464909091	0.858110606061	0.688862606061	0.983775939394	0.898669515152	1.93337927273	1.6072609697	0.991655151515	1.08883521212	1.01258660606	1.09195818182	1.02935993939	1.16949012121	0.999186	0.928133333333	1.53481575758	1.71805642424	0.928255454545	0.905976848485	1.136382	1.62772333333	1.26307933333	0.975733575758	1.09973666667	0.918432848485	1.24811654545
PBW58	0.930056	1.28720575758	1.70534569697	1.19849945455	0.682983454545	1.04086890909	1.14942290909	0.824706787879	0.942111757576	0.726993818182	1.2697770303	0.550242	1.87536321212	2.27514448485	1.12349727273	1.13229842424	0.930093030303	0.897772	0.933580545455	1.08295224242	1.06540521212	0.889098242424	0.825454848485	0.0	1.65217260606	1.43274854545	1.30015387879	0.938822242424	1.87902981818	1.23968139394	1.77344521212	0.683643272727	1.34837078788	1.32674139394	0.88696	0.906205454545	0.845427151515	0.83252569697	0.93132169697	1.88805957576	1.56314975758	0.734365272727	1.07595406061	0.853950060606	1.11747739394	0.863532484848	1.00929818182	1.10006727273	0.818300424242	1.49668939394	1.75688909091	0.809838424242	0.801433757576	1.16374254545	1.53258545455	1.1973310303	0.879950363636	1.13529866667	0.816560787879	1.05674884848
PBW59	1.37178630303	1.49211278788	1.23780751515	1.00852563636	1.71482878788	1.30047981818	1.08614630303	1.51178606061	1.78047357576	1.71445890909	0.995614242424	1.74185545455	1.25596212121	1.67057806061	1.70075618182	2.20958715152	1.32584830303	1.88403624242	1.89747521212	1.86927515152	1.69848121212	1.83781266667	1.63780272727	1.65217260606	0.0	1.00970527273	1.12077763636	1.73897060606	1.08966424242	1.17485933333	1.16928424242	1.64168121212	1.01170242424	0.96948369697	1.4229489697	1.34262048485	1.5750289697	1.98781139394	1.96118060606	1.24319642424	1.264002	1.890718	1.74738751515	1.29393769697	1.02314030303	1.60429733333	1.4705550303	2.01768278788	1.79116745455	1.18593278788	1.31572872727	1.6760489697	1.86193	0.99904569697	1.01014860606	1.85293793939	1.33376915152	1.12793745455	1.48466115152	1.1907649697
PBW60	1.43713848485	1.39662181818	1.18385363636	0.911066181818	1.58957054545	1.28380424242	1.18428454545	1.49809812121	1.79597569697	1.62462781818	1.16783915152	1.55418315152	1.33004836364	1.51120721212	1.21773672727	1.78168709091	1.14291769697	1.47648151515	1.48971927273	1.27193363636	1.23405824242	1.58622084848	1.47568036364	1.43274854545	1.00970527273	0.0	1.0992449697	1.62519042424	1.2643770303	0.998175757576	0.998003818182	1.39067884848	1.00953521212	0.936288484848	1.2845629697	1.11494878788	1.42941133333	1.53384551515	1.74506406061	1.02341018182	1.01128206061	1.54961406061	1.64169509091	1.16621048485	1.05264593939	1.20449145455	1.12830236364	1.82429109091	1.45607418182	0.930878181818	1.03766357576	1.31504175758	1.43667127273	0.946089272727	1.04705387879	1.87563472727	1.15569515152	1.2105530303	1.16252036364	0.982902848485
PEP16	1.03530248485	1.37143769697	1.44787278788	0.913934666667	1.29536848485	1.0426470303	0.91250830303	1.13384963636	1.51308309091	1.28093387879	0.758022424242	1.414116	1.59870678788	1.89570357576	1.30615345455	1.82442466667	1.01013321212	1.46696587879	1.4918350303	1.46744987879	1.29418987879	1.39890945455	1.01929248485	1.30015387879	1.12077763636	1.0992449697	0.0	1.2432409697	1.38630139394	0.746026909091	1.26971848485	1.24993678788	0.840874363636	0.759444969697	1.04089012121	0.870854	1.26011860606	1.58900563636	1.51634975758	1.51578375758	1.28433757576	1.50424193939	1.53973812121	0.983274606061	0.890481939394	1.21701993939	1.16614575758	1.6117250303	1.41340169697	1.17813818182	1.36125060606	1.29508478788	1.44308133333	0.765855818182	1.2026909697	1.62296381818	1.01688315152	0.862034242424	1.1330030303	1.00396612121
PEP18	1.10819424242	1.63085878788	2.07150551515	1.51050012121	0.900552727273	1.37467284848	1.49647436364	0.995712424242	1.13618587879	0.913199939394	1.39613842424	0.904285818182	2.16945090909	2.49163678788	1.43581212121	1.2519850303	1.15770351515	1.16868951515	1.17543430303	1.38012575758	1.39154672727	0.925572606061	0.772570424242	0.938822242424	1.73897060606	1.62519042424	1.2432409697	0.0	2.03436127273	1.22812230303	1.96490745455	0.976369151515	1.50286612121	1.386248	1.07303375758	0.975849757576	0.701981878788	1.11932309091	0.917936909091	2.05471284848	1.75953381818	1.14277878788	1.04675678788	1.16083909091	1.29718545455	1.18046284848	1.29264478788	0.972944909091	1.09332084848	1.7206630303	1.89808709091	1.02508672727	1.0433089697	1.34306636364	1.7554109697	1.11368563636	1.05685442424	1.17110866667	1.08972933333	1.33301593939
PEP21	1.65361709091	1.76246818182	0.956532848485	1.28826430303	1.99738951515	1.59525921212	1.39220775758	1.81652484848	2.13110484848	1.99942290909	1.34164466667	1.97826975758	0.893895090909	1.26856593939	1.87271363636	2.40274557576	1.5786850303	2.06523745455	2.13610175758	2.00953236364	1.90700339394	2.05176006061	1.86994951515	1.87902981818	1.08966424242	1.2643770303	1.38630139394	2.03436127273	0.0	1.28329121212	0.775966424242	1.87924351515	1.19282254545	1.17280309091	1.6450630303	1.49156206061	1.95547357576	2.19734557576	2.21951709091	1.05124551515	1.44149169697	2.13492381818	2.20516218182	1.62175466667	1.47793157576	1.83394715152	1.76114387879	2.30976775758	2.01224442424	1.27137254545	1.08739793939	1.94151636364	2.09928284848	1.29210133333	1.08701915152	2.18866145455	1.60380563636	1.47226145455	1.77211787879	1.5023750303
PEP23	1.10038951515	1.30280739394	1.45070418182	0.847883878788	1.29875151515	1.00525442424	0.948362121212	1.1252069697	1.57288806061	1.2613930303	0.891243757576	1.34791927273	1.57510181818	1.88381606061	1.21604969697	1.77745509091	0.861381090909	1.42777145455	1.46399042424	1.31156769697	1.20801472727	1.35060812121	1.18853115152	1.23968139394	1.17485933333	0.998175757576	0.746026909091	1.22812230303	1.28329121212	0.0	1.23707448485	1.17434284848	0.848744424242	0.791001090909	0.902843575758	0.772853757576	1.24223315152	1.51465642424	1.47378842424	1.47892606061	1.20252981818	1.41533090909	1.5596989697	0.909840181818	0.878472848485	1.13105157576	1.06958115152	1.586902	1.37282012121	1.11816933333	1.34074418182	1.22627945455	1.40775975758	0.726166969697	1.18770078788	1.68423569697	0.950802545455	0.874279939394	1.08707030303	0.896084060606
PEP24	1.64212921212	1.77573109091	0.870979636364	1.15708587879	1.88070212121	1.55911254545	1.42027612121	1.71794084848	2.09973854545	1.90961309091	1.35199363636	1.84703715152	0.921924666667	1.13275527273	1.52653048485	2.09673709091	1.46173363636	1.77653078788	1.8438189697	1.69132290909	1.54418787879	1.92307751515	1.73082175758	1.77344521212	1.16928424242	0.998003818182	1.26971848485	1.96490745455	0.775966424242	1.23707448485	0.0	1.69591793939	0.994875636364	1.11445254545	1.53438727273	1.42432266667	1.80824521212	1.85294557576	2.0494569697	0.833965272727	1.36926660606	1.84856321212	2.12194848485	1.48862024242	1.40194042424	1.52240157576	1.52726218182	2.17226824242	1.79326454545	0.934785757576	0.765827151515	1.64215527273	1.77487218182	1.19025115152	1.07948193939	2.24684315152	1.52583	1.48990193939	1.59315060606	1.38935515152
PEP26	1.02284533333	1.295214	1.79392193939	1.24193509091	0.891114	1.18741581818	1.32739151515	0.898465454545	1.10517006061	0.98655769697	1.25807557576	0.80803569697	1.82436090909	2.26075878788	1.0707210303	1.171712	0.864429878788	0.891567272727	0.890255818182	1.01580921212	0.985610545455	0.938708424242	0.909990363636	0.683643272727	1.64168121212	1.39067884848	1.24993678788	0.976369151515	1.87924351515	1.17434284848	1.69591793939	0.0	1.25665830303	1.2995250303	0.867906060606	0.875384848485	0.899598666667	0.964957333333	0.995014060606	1.83434866667	1.47877642424	0.890023212121	1.22414048485	0.977041212121	1.15280151515	0.874845818182	0.935392969697	1.17330860606	0.847015939394	1.43540890909	1.69597830303	0.743203030303	0.736606727273	1.17042412121	1.60183175758	1.24226230303	0.864453151515	1.11627975758	0.732040787879	1.04330884848
PEP27	1.19300363636	1.3759010303	1.19404206061	0.771810363636	1.42229993939	1.13030490909	0.990915151515	1.21631527273	1.66623406061	1.37704315152	0.940466	1.49014224242	1.30808539394	1.65223575758	1.35577181818	1.85315551515	1.01414333333	1.54651515152	1.54907606061	1.4841169697	1.30920133333	1.53116151515	1.32997678788	1.34837078788	1.01170242424	1.00953521212	0.840874363636	1.50286612121	1.19282254545	0.848744424242	0.994875636364	1.25665830303	0.0	0.697750484848	1.13085490909	1.00790509091	1.45641927273	1.58012266667	1.62683224242	1.26621012121	1.25892066667	1.52267593939	1.71522315152	1.04823090909	1.01048575758	1.27318133333	1.21261393939	1.73240981818	1.46188806061	0.909349030303	1.10701260606	1.39406375758	1.50076951515	0.749320121212	0.976524606061	1.77126945455	1.12569084848	1.05928084848	1.24388248485	1.00164957576
PEP28	1.10521557576	1.35853818182	1.27952672727	0.74562630303	1.40195042424	1.10101163636	0.931572545455	1.21889412121	1.60286430303	1.41892030303	0.885532606061	1.42571284848	1.37084981818	1.69350345455	1.29228606061	1.86210393939	1.07138472727	1.54524539394	1.58132084848	1.50339581818	1.34347060606	1.49785369697	1.29329078788	1.32674139394	0.96948369697	0.936288484848	0.759444969697	1.386248	1.17280309091	0.791001090909	1.11445254545	1.2995250303	0.697750484848	0.0	1.11825860606	0.909182	1.33180406061	1.61938054545	1.59275072727	1.26989042424	1.23035393939	1.55021418182	1.60640127273	1.03011230303	0.963619515152	1.24547218182	1.19301218182	1.699682	1.43681963636	0.991133454545	1.17130224242	1.33007242424	1.53153163636	0.735783818182	1.01462975758	1.70745981818	0.976890666667	0.950085393939	1.15865248485	0.963842848485
PEP29	0.857543757576	1.41737836364	1.7090550303	1.13824563636	1.01571606061	1.05108866667	1.21909163636	0.896606424242	1.35314448485	1.02124424242	1.08506151515	0.919057393939	1.83463448485	2.15617309091	0.901443939394	1.29008339394	0.688646242424	1.01327878788	1.01916648485	0.906780121212	0.828937575758	0.887704666667	0.955464909091	0.88696	1.4229489697	1.2845629697	1.04089012121	1.07303375758	1.6450630303	0.902843575758	1.53438727273	0.867906060606	1.13085490909	1.11825860606	0.0	0.664238181818	1.0159289697	0.97588230303	1.05990606061	1.73859909091	1.35413072727	0.959737393939	1.31832739394	0.859618666667	0.976774606061	0.749002666667	0.789982424242	1.21782824242	0.961489393939	1.33105133333	1.57787066667	0.911027515152	0.911979818182	0.952396363636	1.48390727273	1.45015139394	0.74868030303	0.971064363636	0.738186969697	1.00516060606
PEP30	0.798258787879	1.27276624242	1.55311612121	1.00983593939	0.973083090909	0.958676787879	1.08923781818	0.862472848485	1.33332666667	1.03190593939	0.963825515152	1.02712187879	1.67085775758	2.00281393939	0.991746484848	1.46709515152	0.692505272727	1.08765854545	1.12584818182	1.05941357576	0.956289818182	1.07686672727	0.858110606061	0.906205454545	1.34262048485	1.11494878788	0.870854	0.975849757576	1.49156206061	0.772853757576	1.42432266667	0.875384848485	1.00790509091	0.909182	0.664238181818	0.0	0.968358666667	1.16839975758	1.15833672727	1.61256272727	1.24197145455	1.12247133333	1.28840060606	0.748400484848	0.842095090909	0.821931151515	0.870250545455	1.28557806061	1.06957351515	1.21812939394	1.40016654545	0.893233212121	1.08266151515	0.902568121212	1.29778957576	1.40399442424	0.660735333333	0.810685818182	0.767686727273	0.901994060606
PIS1	1.04025151515	1.49513412121	1.87364569697	1.28075715152	0.767156909091	1.20308757576	1.362676	0.801684363636	1.01731963636	0.813367636364	1.26317133333	0.812463212121	2.00262975758	2.32713624242	1.31005460606	1.16186521212	1.06078769697	1.06386981818	1.11679363636	1.30628763636	1.25136193939	0.812451939394	0.688862606061	0.845427151515	1.5750289697	1.42941133333	1.26011860606	0.701981878788	1.95547357576	1.24223315152	1.80824521212	0.899598666667	1.45641927273	1.33180406061	1.0159289697	0.968358666667	0.0	1.04115454545	0.827145939394	1.85214515152	1.48947642424	0.956736545455	0.784163151515	0.988424727273	0.994890969697	0.995107272727	1.12745018182	0.907407878788	0.996751575758	1.61389678788	1.816888	0.895720242424	0.958929515152	1.22163406061	1.64048763636	1.08761757576	0.983351212121	1.14337430303	0.910979212121	1.18195842424
PIS2	1.23727442424	1.70040284848	1.93013442424	1.50735327273	0.869889878788	1.39976393939	1.5865430303	1.01519793939	1.21794193939	0.916770909091	1.54295278788	0.753491090909	2.16445290909	2.38329454545	0.887206606061	0.701179515152	1.14040757576	0.735363030303	0.847655212121	0.790579878788	0.813906909091	0.691550363636	0.983775939394	0.83252569697	1.98781139394	1.53384551515	1.58900563636	1.11932309091	2.19734557576	1.51465642424	1.85294557576	0.964957333333	1.58012266667	1.61938054545	0.97588230303	1.16839975758	1.04115454545	0.0	0.874348606061	1.97196139394	1.79010490909	0.639103818182	1.35322121212	1.18211927273	1.41828575758	0.854438909091	0.955740848485	1.06288521212	0.707863575758	1.55433933333	1.78705660606	0.849351757576	0.572479818182	1.46778145455	1.83111684848	1.49731260606	1.17734757576	1.46734024242	0.964708545455	1.27983260606
PIS4	1.21747672727	1.73384612121	2.07920254545	1.54626066667	0.862346	1.46918381818	1.60876848485	1.00768193939	1.23699866667	0.886120727273	1.50936612121	0.82372369697	2.24261484848	2.59178060606	1.28831290909	1.04081781818	1.2101749697	1.05634981818	1.03271993939	1.27056945455	1.21488593939	0.786931454545	0.898669515152	0.93132169697	1.96118060606	1.74506406061	1.51634975758	0.917936909091	2.21951709091	1.47378842424	2.0494569697	0.995014060606	1.62683224242	1.59275072727	1.05990606061	1.15833672727	0.827145939394	0.874348606061	0.0	2.15964030303	1.86682709091	0.979773878788	1.05521151515	1.24378278788	1.38582563636	1.02543466667	1.19064436364	0.835770060606	0.950462484848	1.71165412121	1.97599466667	1.01561939394	0.913120909091	1.45673418182	1.86670739394	1.28443357576	1.18707884848	1.48031515152	0.981610242424	1.38315624242
PIS5	1.77571957576	1.70871854545	0.924005757576	1.25440751515	1.9732609697	1.61481660606	1.55304175758	1.86047666667	2.08416672727	2.06235715152	1.51953333333	2.05659672727	0.950467151515	0.958775333333	1.47383575758	2.08986939394	1.629008	1.83936915152	1.92174945455	1.76611642424	1.56994781818	2.08984218182	1.93337927273	1.88805957576	1.24319642424	1.02341018182	1.51578375758	2.05471284848	1.05124551515	1.47892606061	0.833965272727	1.83434866667	1.26621012121	1.26989042424	1.73859909091	1.61256272727	1.85214515152	1.97196139394	2.15964030303	0.0	1.26431648485	1.93274630303	1.99096345455	1.52707266667	1.40452230303	1.55886006061	1.47074236364	2.24619909091	1.82989272727	0.923437818182	0.835014121212	1.689766	1.91076533333	1.29682551515	1.05002406061	2.19372406061	1.60930678788	1.53580357576	1.58470266667	1.36780563636
PIS7	1.41327412121	1.31086242424	1.44493315152	1.24068872727	1.70693151515	1.25910872727	1.3144250303	1.51687012121	1.77758006061	1.72934927273	1.2085950303	1.71436981818	1.42719660606	1.82235230303	1.51910460606	2.07151533333	1.234524	1.78151012121	1.77041963636	1.68847569697	1.50331012121	1.72976315152	1.6072609697	1.56314975758	1.264002	1.01128206061	1.28433757576	1.75953381818	1.44149169697	1.20252981818	1.36926660606	1.47877642424	1.25892066667	1.23035393939	1.35413072727	1.24197145455	1.48947642424	1.79010490909	1.86682709091	1.26431648485	0.0	1.7209150303	1.49344478788	1.24903884848	1.07490254545	1.46806878788	1.29453509091	1.93827945455	1.72295563636	1.47448278788	1.55239775758	1.58661981818	1.69275236364	1.15317048485	1.27542248485	1.8024250303	1.30775321212	1.20783157576	1.39508230303	1.15679363636
PIS9	1.1536890303	1.55125672727	1.83494878788	1.36301212121	0.852738787879	1.28856981818	1.45061012121	0.933615575758	1.17287981818	0.907469636364	1.44757563636	0.692483393939	2.0426150303	2.34366624242	0.937762545455	0.928712666667	1.1319470303	0.761023575758	0.921080606061	0.932612424242	0.892344666667	0.904433818182	0.991655151515	0.734365272727	1.890718	1.54961406061	1.50424193939	1.14277878788	2.13492381818	1.41533090909	1.84856321212	0.890023212121	1.52267593939	1.55021418182	0.959737393939	1.12247133333	0.956736545455	0.639103818182	0.979773878788	1.93274630303	1.7209150303	0.0	1.19350793939	1.08204139394	1.25301612121	0.784347454545	0.875015818182	1.01058563636	0.689595151515	1.49600048485	1.74205848485	0.738838363636	0.671013333333	1.36989618182	1.75278624242	1.48307327273	1.07632327273	1.42003957576	0.905788242424	1.22560115152
PIS10	1.17546157576	1.49009327273	1.99646921212	1.50220757576	1.02598018182	1.27295412121	1.46338690909	1.12478509091	1.08395927273	1.06099963636	1.45370551515	1.11663484848	2.19218272727	2.59028436364	1.61014539394	1.52988448485	1.35083024242	1.4063310303	1.45603266667	1.6159630303	1.54735963636	1.25146878788	1.08883521212	1.07595406061	1.74738751515	1.64169509091	1.53973812121	1.04675678788	2.20516218182	1.5596989697	2.12194848485	1.22414048485	1.71522315152	1.60640127273	1.31832739394	1.28840060606	0.784163151515	1.35322121212	1.05521151515	1.99096345455	1.49344478788	1.19350793939	0.0	1.17384630303	1.19580418182	1.26163163636	1.36700460606	1.10151321212	1.30237751515	1.86906466667	2.11473515152	1.2163689697	1.32487606061	1.51352169697	1.81081163636	1.03177406061	1.30687206061	1.35317587879	1.22544951515	1.45701139394
PIS11	0.824863757576	0.999924181818	1.37572787879	0.816913515152	0.917772060606	0.728791090909	0.858817090909	0.891567878788	1.13252351515	1.02377515152	0.929427454545	1.01497884848	1.60875569697	1.95336642424	1.04484406061	1.52232375758	0.784304545455	1.22502351515	1.19422042424	1.20516993939	1.01537515152	1.22987424242	1.01258660606	0.853950060606	1.29393769697	1.16621048485	0.983274606061	1.16083909091	1.62175466667	0.909840181818	1.48862024242	0.977041212121	1.04823090909	1.03011230303	0.859618666667	0.748400484848	0.988424727273	1.18211927273	1.24378278788	1.52707266667	1.24903884848	1.08204139394	1.17384630303	0.0	0.727600909091	0.831960242424	0.805957575758	1.34252836364	1.11395424242	1.22079678788	1.48145660606	0.982456848485	1.17624987879	0.873711272727	1.13548884848	1.38759745455	0.740663333333	0.838262787879	0.848916181818	0.769855393939
PIS14	0.924061878788	1.09074666667	1.4063949697	0.888146666667	1.15244412121	0.831468606061	0.919490848485	0.956331454545	1.32807557576	1.18803133333	0.778909212121	1.26265115152	1.52288278788	1.9256869697	1.13054242424	1.66336563636	0.845125333333	1.36012866667	1.4013430303	1.34688854545	1.14878587879	1.36121975758	1.09195818182	1.11747739394	1.02314030303	1.05264593939	0.890481939394	1.29718545455	1.47793157576	0.878472848485	1.40194042424	1.15280151515	1.01048575758	0.963619515152	0.976774606061	0.842095090909	0.994890969697	1.41828575758	1.38582563636	1.40452230303	1.07490254545	1.25301612121	1.19580418182	0.727600909091	0.0	0.961021272727	0.895781636364	1.44239157576	1.25343090909	1.20782642424	1.43985606061	1.13554818182	1.33641890909	0.831318	1.18795460606	1.50542284848	0.905004848485	0.850831333333	0.953368606061	0.84217
PIS15	1.01630872727	1.40492454545	1.60628181818	1.1317050303	1.00701630303	1.06328418182	1.247496	0.949228121212	1.29840351515	1.08823175758	1.1723549697	0.932896909091	1.81490333333	2.03305684848	0.721469878788	1.08153575758	0.819904787879	0.818757818182	0.892133636364	0.823496969697	0.717369333333	1.00402236364	1.02935993939	0.863532484848	1.60429733333	1.20449145455	1.21701993939	1.18046284848	1.83394715152	1.13105157576	1.52240157576	0.874845818182	1.27318133333	1.24547218182	0.749002666667	0.821931151515	0.995107272727	0.854438909091	1.02543466667	1.55886006061	1.46806878788	0.784347454545	1.26163163636	0.831960242424	0.961021272727	0.0	0.620221454545	1.21168339394	0.709647090909	1.22636490909	1.48892727273	0.740464848485	0.804973515152	1.08214715152	1.49201090909	1.48889733333	0.766769878788	1.06452872727	0.622783090909	0.936873454545
PLL76	1.11325406061	1.29147290909	1.49999830303	1.07418587879	1.12472515152	0.991519575758	1.18188969697	1.12446751515	1.39367854545	1.23454278788	1.1354189697	1.05803678788	1.7352709697	1.92897781818	0.648097151515	1.17579345455	0.744504181818	0.871011636364	0.93982769697	0.852980121212	0.655203272727	1.02717981818	1.16949012121	1.00929818182	1.4705550303	1.12830236364	1.16614575758	1.29264478788	1.76114387879	1.06958115152	1.52726218182	0.935392969697	1.21261393939	1.19301218182	0.789982424242	0.870250545455	1.12745018182	0.955740848485	1.19064436364	1.47074236364	1.29453509091	0.875015818182	1.36700460606	0.805957575758	0.895781636364	0.620221454545	0.0	1.22344024242	0.836936909091	1.11063	1.42751987879	0.826151636364	0.847995575758	0.93571430303	1.4188590303	1.53871042424	0.811482848485	1.01163357576	0.642497636364	0.78621769697
