	PAM31	PAM32	PAM33	PAM35	PAM36	PAM37	PAM39	PAM40	PAM41	PAM42	PAM43	PAM44	PAM45	PBW46	PBW47	PBW49	PBW50	PBW51	PBW52	PBW53	PBW54	PBW55	PBW56	PBW58	PBW59	PBW60	PEP16	PEP18	PEP21	PEP23	PEP24	PEP26	PEP27	PEP28	PEP29	PEP30	PIS1	PIS2	PIS4	PIS5	PIS7	PIS9	PIS10	PIS11	PIS14	PIS15	PLL76	PLL77	PLL79	PLL80	PLL83	PLL88	PLL89	PLL90	PPO64	PPO66	PPO67	PPO69	PPO72	PPO75
PAM31	0.0	1.49599357576	1.75614357576	1.09922806061	0.735354484848	0.602353151515	1.09160921212	1.15813078788	0.969120242424	0.652419333333	1.06685109091	1.08926078788	1.88926478788	2.39025060606	1.4923470303	1.44567	0.841428606061	1.27180951515	1.23300630303	1.27961521212	1.19050084848	0.949296242424	0.96414569697	1.08994618182	1.53099169697	1.66884593939	1.14945084848	0.943584545455	1.83642412121	1.17336436364	1.81869133333	0.977690363636	1.14670745455	1.12811751515	1.24354212121	1.12736812121	0.715149030303	1.15072406061	1.11321745455	1.65557048485	1.47865230303	1.114384	1.09471527273	1.18448975758	1.26076533333	1.17622866667	1.07801551515	0.957891454545	1.28412024242	1.72988624242	1.98954727273	1.15158763636	1.2917470303	1.24891278788	1.64995309091	1.41254745455	1.05073090909	1.03566727273	0.902094484848	1.00117175758
PAM32	1.49599357576	0.0	1.05316612121	1.24483436364	1.43800636364	1.40358018182	1.04698993939	1.07905430303	1.16737042424	1.39563351515	1.35560915152	1.22360442424	1.19305290909	1.84620927273	1.62337381818	2.35131133333	1.72754278788	1.79708660606	2.17348933333	1.77451	1.87650424242	1.75283939394	1.72148181818	1.26493442424	1.09728987879	1.10209175758	1.44410587879	1.87238381818	1.39447478788	1.32379636364	1.41331751515	1.50407715152	1.3217250303	1.29551	1.34404381818	1.38753406061	1.60385230303	1.95517036364	2.08943078788	1.06995181818	1.3912210303	1.38237721212	1.76078509091	0.976858484848	1.23934690909	1.56682745455	1.55008024242	1.66552260606	1.62462351515	1.34440163636	1.53035878788	1.45345260606	1.65142024242	1.23344987879	1.0026489697	2.03544830303	1.52413357576	1.41070666667	1.72054939394	1.69404145455
PAM33	1.75614357576	1.05316612121	0.0	1.32133927273	1.62335284848	1.52435321212	1.26090818182	1.17549581818	1.44159072727	1.59679478788	1.48154812121	1.42485054545	0.782557939394	1.36914472727	1.74144890909	2.52034472727	1.89435412121	1.96079515152	2.36528975758	1.87986909091	2.09556236364	1.91026987879	1.82436139394	1.4498749697	1.194692	1.17033278788	1.61298266667	2.12828181818	0.925856545455	1.52053715152	0.876165454545	1.81890884848	1.52114678788	1.51384266667	1.39859818182	1.47443933333	1.75935975758	2.12237890909	2.36501654545	1.13999187879	1.44650472727	1.60485484848	2.01443606061	1.1182950303	1.34005945455	1.7065950303	1.73406490909	1.87747115152	1.79161569697	1.26046654545	1.14371290909	1.59178660606	1.86698090909	1.37492072727	0.750454363636	2.4059689697	1.75726309091	1.56884963636	1.93120339394	1.86266442424
PAM35	1.09922806061	1.24483436364	1.32133927273	0.0	0.800239878788	1.01283212121	0.915523818182	0.695078	0.95011	0.808511878788	0.802394909091	0.748015151515	1.45900533333	1.90700012121	1.06839727273	1.7509889697	1.09274515152	1.19340060606	1.55757690909	1.12166727273	1.24477618182	1.07296587879	1.03923921212	0.734670121212	1.05746	1.10360236364	0.915368969697	1.29605575758	1.43881206061	0.860912787879	1.41610339394	1.00086969697	0.844908848485	0.829843515152	0.820659636364	0.792800787879	1.0632409697	1.29241624242	1.54045339394	1.08905381818	1.11244145455	0.913975939394	1.31752430303	0.855951393939	0.847233636364	0.865115878788	0.916766969697	1.10204424242	1.01691266667	1.27052860606	1.57804309091	0.837775212121	1.06748842424	0.86437830303	1.22469666667	1.77143636364	0.973774484848	0.824034606061	1.10886448485	1.019786
PAM36	0.735354484848	1.43800636364	1.62335284848	0.800239878788	0.0	0.723280848485	1.05955872727	0.940902969697	0.930871939394	0.408186424242	0.952140606061	0.802631878788	1.74627163636	2.22811612121	1.17121375758	1.43938133333	0.765986727273	0.958044606061	1.23391957576	1.00327806061	1.01919727273	0.730658606061	0.763182242424	0.806139333333	1.41929357576	1.45848757576	0.973906666667	0.983075151515	1.69158357576	0.958494848485	1.70343212121	0.808729333333	1.00605527273	0.932954060606	0.990794666667	0.922306	0.829926666667	0.993479393939	1.15587739394	1.44752521212	1.35238133333	0.830653272727	1.12151678788	1.10014157576	1.11041884848	0.846956727273	0.741300181818	0.810120848485	0.95544430303	1.45358109091	1.77891448485	0.888418606061	1.03424345455	1.0694270303	1.52109121212	1.5320190303	0.780674484848	0.912894727273	0.817231151515	0.903128787879
PAM37	0.602353151515	1.40358018182	1.52435321212	1.01283212121	0.723280848485	0.0	0.909002121212	1.14362890909	0.727920545455	0.744063636364	1.04228981818	1.07408581818	1.81173818182	2.35279321212	1.43107715152	1.56194751515	0.930162727273	1.22731042424	1.38165460606	1.25975587879	1.16175921212	1.03563448485	1.05465230303	1.10050854545	1.44458084848	1.59350939394	1.21337769697	1.11099987879	1.8459010303	1.26912866667	1.84991309091	0.981837333333	1.25769187879	1.20803151515	1.28057636364	1.20211509091	0.772168606061	1.1999230303	1.29300806061	1.55283963636	1.40795527273	1.07673412121	1.02963872727	1.16448933333	1.16854854545	1.09158278788	0.986184424242	0.892029575758	1.26149945455	1.73440084848	2.0143749697	1.13980090909	1.28770018182	1.33153939394	1.55314575758	1.38451042424	1.11160660606	1.03585969697	0.973413575758	0.974128787879
PAM39	1.09160921212	1.04698993939	1.26090818182	0.915523818182	1.05955872727	0.909002121212	0.0	0.82515430303	0.759175030303	1.01744369697	0.869003454545	0.961422727273	1.5146090303	2.13341218182	1.3426169697	2.06995436364	1.37389478788	1.54142224242	1.83540569697	1.4753909697	1.63957006061	1.37228521212	1.21807660606	1.00427745455	1.17297812121	1.43045515152	1.09135157576	1.56340927273	1.55286206061	1.00824569697	1.53776042424	1.37253084848	1.00297678788	0.972001030303	0.981447333333	1.05965515152	1.31048006061	1.65216515152	1.76003066667	1.38227848485	1.44314115152	1.15204969697	1.539264	0.964426121212	0.973426060606	1.32790345455	1.30913987879	1.40383751515	1.40913393939	1.52122781818	1.78309575758	1.20451672727	1.44670860606	1.01467375758	1.3787230303	1.85289484848	1.32591127273	1.06567054545	1.48230987879	1.50373587879
PAM40	1.15813078788	1.07905430303	1.17549581818	0.695078	0.940902969697	1.14362890909	0.82515430303	0.0	1.10297115152	0.838052666667	0.852043939394	0.808437272727	1.28330272727	1.80403121212	1.09000993939	1.8762770303	1.17344036364	1.33794478788	1.67229672727	1.25102139394	1.38725454545	1.17540290909	1.14282836364	0.85952630303	0.903218969697	1.02444084848	0.92060830303	1.45308224242	1.2275310303	0.818156	1.25834490909	1.17482842424	0.815312424242	0.81875230303	0.69771	0.839821090909	1.17010321212	1.41572248485	1.60617672727	0.993314363636	1.22506006061	1.00738727273	1.47090848485	0.710286	0.842851515152	1.03948006061	1.08136387879	1.23234406061	1.15802557576	1.13594030303	1.39671151515	0.941591030303	1.21412993939	0.620698606061	1.15743733333	1.92784175758	1.13175684848	0.956742666667	1.24456454545	1.27666121212
PAM41	0.969120242424	1.16737042424	1.44159072727	0.95011	0.930871939394	0.727920545455	0.759175030303	1.10297115152	0.0	0.921903090909	0.899703090909	1.09325921212	1.69190806061	2.30303133333	1.48056557576	1.91514806061	1.25289066667	1.39343412121	1.74373151515	1.33603727273	1.43456824242	1.22374763636	1.17421224242	1.11220012121	1.25909872727	1.50330824242	1.18651169697	1.31365048485	1.84178290909	1.19848969697	1.8316570303	1.1347069697	1.20191654545	1.15973084848	1.278038	1.22185333333	1.10252321212	1.51159206061	1.56642945455	1.40362466667	1.28478054545	1.15240957576	1.17164387879	1.1274810303	1.01617915152	1.19628163636	1.08817151515	1.22815484848	1.37853284848	1.74514672727	2.01211078788	1.18531454545	1.35189284848	1.26981787879	1.44385575758	1.49354381818	1.15169333333	1.00158533333	1.28041060606	1.25902412121
PAM42	0.652419333333	1.39563351515	1.59679478788	0.808511878788	0.408186424242	0.744063636364	1.01744369697	0.838052666667	0.921903090909	0.0	0.930354424242	0.788068242424	1.6562230303	2.18980533333	1.15290575758	1.42806533333	0.762883212121	0.948274545455	1.21687860606	0.983942909091	1.01678054545	0.760968787879	0.732662363636	0.812511939394	1.38819818182	1.43055060606	0.977665939394	0.984065333333	1.67072163636	0.963335575758	1.68962193939	0.801591757576	0.974935757576	0.914648848485	0.930628363636	0.875904424242	0.772329333333	1.00512969697	1.14502127273	1.40225684848	1.31902169697	0.751972787879	1.13709327273	1.09003987879	1.04629557576	0.837326666667	0.729965757576	0.768728363636	0.946570606061	1.4150089697	1.72461012121	0.831842363636	0.998422121212	1.03252545455	1.4903650303	1.56689284848	0.769249636364	0.932654121212	0.834865939394	0.904326242424
PAM43	1.06685109091	1.35560915152	1.48154812121	0.802394909091	0.952140606061	1.04228981818	0.869003454545	0.852043939394	0.899703090909	0.930354424242	0.0	1.02501260606	1.55772424242	2.14684460606	1.35472890909	1.98075793939	1.19175484848	1.41691781818	1.72327921212	1.32642121212	1.46973290909	1.10489084848	0.983438727273	1.03298636364	1.07499927273	1.39468006061	0.930900969697	1.28797490909	1.51820078788	0.97388769697	1.50133490909	1.1729550303	0.964613212121	0.893703878788	0.961583151515	0.961917636364	1.0201969697	1.53601709091	1.55345848485	1.38980084848	1.21703757576	1.19141921212	1.34427	1.11504763636	0.784069151515	1.08877260606	1.1074629697	1.19759236364	1.19478066667	1.54908642424	1.84389581818	1.03138345455	1.29255521212	1.00061454545	1.39190842424	1.61182678788	1.0787429697	0.729685272727	1.25390945455	1.24719048485
PAM44	1.08926078788	1.22360442424	1.42485054545	0.748015151515	0.802631878788	1.07408581818	0.961422727273	0.808437272727	1.09325921212	0.788068242424	1.02501260606	0.0	1.50962921212	1.83280036364	0.829678	1.55982836364	0.954777636364	0.979858424242	1.40868406061	0.951076969697	1.07439630303	0.98508769697	0.964350606061	0.419170848485	1.14255915152	1.12796975758	0.794380969697	1.25519236364	1.39080381818	0.81408430303	1.39538412121	0.950866909091	0.798423515152	0.747534060606	0.679194666667	0.605550121212	1.12551333333	1.16471951515	1.44279557576	1.15461793939	1.29380921212	0.707336545455	1.36526430303	0.828372	0.976674	0.783902424242	0.833142	1.01341963636	0.81244830303	1.10191430303	1.45351339394	0.699839333333	0.920564666667	0.848841090909	1.27716842424	1.76491709091	0.767676909091	0.969000909091	0.964149212121	1.0056869697
PAM45	1.88926478788	1.19305290909	0.782557939394	1.45900533333	1.74627163636	1.81173818182	1.5146090303	1.28330272727	1.69190806061	1.6562230303	1.55772424242	1.50962921212	0.0	1.2107929697	1.76356793939	2.56586472727	1.93929739394	1.95380218182	2.3676130303	1.93342278788	2.06293739394	1.99409666667	1.96910709091	1.47461775758	1.25167478788	1.27386333333	1.66627321212	2.130308	0.897725636364	1.60148612121	0.860520969697	1.77090593939	1.56590242424	1.53488642424	1.46886109091	1.55518042424	1.84203187879	2.12596945455	2.43731315152	1.23633527273	1.58560775758	1.70572333333	2.14705	1.22713818182	1.4965989697	1.74643781818	1.77361121212	1.8837910303	1.7987010303	1.22759393939	1.07064224242	1.64529266667	1.86097048485	1.45075139394	0.862714121212	2.33115127273	1.69733266667	1.63426236364	1.90834715152	1.8427170303
PBW46	2.39025060606	1.84620927273	1.36914472727	1.90700012121	2.22811612121	2.35279321212	2.13341218182	1.80403121212	2.30303133333	2.18980533333	2.14684460606	1.83280036364	1.2107929697	0.0	1.67894442424	2.65085454545	2.25732539394	1.91501042424	2.62482745455	1.92432872727	2.1516730303	2.23352769697	2.18760466667	1.84388224242	1.67242945455	1.44194236364	1.95282121212	2.42711818182	1.20488030303	1.8938810303	1.11236933333	2.15676448485	1.8745489697	1.87637721212	1.80691672727	1.78920006061	2.27556242424	2.19505078788	2.79079909091	1.32526472727	1.95162339394	2.00536890909	2.587774	1.66766666667	1.956434	1.98921709091	2.09503339394	2.15063575758	1.84870042424	1.13511769697	0.884666848485	1.8870250303	1.88065412121	1.63157806061	1.33703824242	2.79339333333	1.99897812121	2.04614648485	2.17650557576	2.12593133333
PBW47	1.4923470303	1.62337381818	1.74144890909	1.06839727273	1.17121375758	1.43107715152	1.3426169697	1.09000993939	1.48056557576	1.15290575758	1.35472890909	0.829678	1.76356793939	1.67894442424	0.0	1.27529363636	1.18171733333	0.691469757576	1.366244	0.643532787879	0.869610181818	1.11079090909	1.2632550303	0.899028484848	1.35417133333	1.19758569697	1.10404927273	1.51456345455	1.68693224242	1.06108945455	1.57927945455	1.12913169697	1.06421327273	1.03235339394	0.913595454545	0.817941090909	1.39521630303	0.839999939394	1.53879393939	1.11353327273	1.51174406061	0.866662787879	1.65331587879	1.1503669697	1.28085333333	0.738796060606	0.952417212121	1.24070890909	0.681940606061	1.08187884848	1.29075248485	0.741709939394	0.619695878788	1.09132806061	1.52753854545	2.06703727273	1.01178812121	1.23154872727	1.03999993939	1.14835030303
PBW49	1.44567	2.35131133333	2.52034472727	1.7509889697	1.43938133333	1.56194751515	2.06995436364	1.8762770303	1.91514806061	1.42806533333	1.98075793939	1.55982836364	2.56586472727	2.65085454545	1.27529363636	0.0	1.21132963636	1.07450690909	0.732817878788	1.06665212121	0.876633878788	1.297018	1.55705	1.61231121212	2.16116666667	1.98554369697	1.8271249697	1.36010012121	2.47540066667	1.81807824242	2.37971721212	1.34630654545	1.78337042424	1.7823270303	1.66744727273	1.53983690909	1.41670339394	0.881643272727	1.01027763636	1.95100424242	2.09345381818	1.39008793939	1.43706078788	1.93823248485	2.04941375758	1.24625515152	1.26800648485	1.35458763636	1.23505715152	1.91822121212	2.24852684848	1.37116248485	1.13986442424	1.84540121212	2.32125133333	1.779128	1.431422	1.79678709091	1.06441684848	1.27720987879
PBW50	0.841428606061	1.72754278788	1.89435412121	1.09274515152	0.765986727273	0.930162727273	1.37389478788	1.17344036364	1.25289066667	0.762883212121	1.19175484848	0.954777636364	1.93929739394	2.25732539394	1.18171733333	1.21132963636	0.0	0.870522606061	1.03900933333	0.919258484848	0.766619878788	0.657526787879	0.828891757576	1.02246109091	1.409286	1.53528969697	1.07325351515	0.945238363636	1.73213139394	1.10141078788	1.77353327273	0.798717393939	1.07906781818	1.06896454545	0.982338	0.982672	0.829557515152	0.918807454545	1.05352848485	1.55546612121	1.41490430303	1.05871939394	1.20464169697	1.34799121212	1.26924884848	0.902748545455	0.791103151515	0.757971939394	0.963329939394	1.52405872727	1.86476169697	0.95184969697	0.950757333333	1.09211278788	1.79112533333	1.52016248485	0.815826666667	1.00556981818	0.616469030303	0.772900484848
PBW51	1.27180951515	1.79708660606	1.96079515152	1.19340060606	0.958044606061	1.22731042424	1.54142224242	1.33794478788	1.39343412121	0.948274545455	1.41691781818	0.979858424242	1.95380218182	1.91501042424	0.691469757576	1.07450690909	0.870522606061	0.0	1.0534349697	0.542603757576	0.622090606061	0.885230848485	0.979212181818	1.04396406061	1.57545466667	1.42971606061	1.22539939394	1.25519587879	1.85965206061	1.26003460606	1.79226230303	0.877561333333	1.22052824242	1.20400690909	1.09913369697	1.02659157576	1.18209248485	0.709492727273	1.33934890909	1.35031357576	1.55312060606	0.907153272727	1.49709751515	1.40486278788	1.45505860606	0.754471515152	0.778079454545	0.875822666667	0.633471090909	1.210932	1.58790563636	0.871009393939	0.552589757576	1.23791866667	1.76217012121	1.79732024242	0.856062	1.26305884848	0.791147515152	0.883200181818
PBW52	1.23300630303	2.17348933333	2.36528975758	1.55757690909	1.23391957576	1.38165460606	1.83540569697	1.67229672727	1.74373151515	1.21687860606	1.72327921212	1.40868406061	2.3676130303	2.62482745455	1.366244	0.732817878788	1.03900933333	1.0534349697	0.0	1.08026575758	0.945982666667	1.14972278788	1.31936460606	1.44391466667	2.0028509697	1.97782933333	1.61721630303	1.179446	2.333956	1.66320690909	2.30757375758	1.23143	1.59964333333	1.62177181818	1.51780721212	1.43946545455	1.26633945455	0.981577878788	0.846868848485	1.97539193939	1.9393269697	1.31884254545	1.26939466667	1.80194321212	1.81191648485	1.21221315152	1.11769709091	1.07106878788	1.22355975758	1.87192575758	2.23042387879	1.34756957576	1.19717066667	1.66912115152	2.14873733333	1.57781121212	1.27556193939	1.64200545455	0.889283333333	1.14016024242
PBW53	1.27961521212	1.77451	1.87986909091	1.12166727273	1.00327806061	1.25975587879	1.4753909697	1.25102139394	1.33603727273	0.983942909091	1.32642121212	0.951076969697	1.93342278788	1.92432872727	0.643532787879	1.06665212121	0.919258484848	0.542603757576	1.08026575758	0.0	0.610558242424	0.864728909091	1.07112781818	1.02171824242	1.52358424242	1.36097060606	1.18691575758	1.30346060606	1.84100090909	1.20212490909	1.71878533333	0.913715030303	1.17339139394	1.18248060606	1.03519078788	0.970954848485	1.25478072727	0.668640969697	1.38517993939	1.28925030303	1.49330981818	0.892394848485	1.5039370303	1.30184727273	1.42097993939	0.685158424242	0.743239212121	1.074436	0.636908666667	1.25227369697	1.59368127273	0.767404787879	0.495024060606	1.20738072727	1.68070987879	1.86682472727	0.835010484848	1.1377509697	0.830493818182	0.935371333333
PBW54	1.19050084848	1.87650424242	2.09556236364	1.24477618182	1.01919727273	1.16175921212	1.63957006061	1.38725454545	1.43456824242	1.01678054545	1.46973290909	1.07439630303	2.06293739394	2.1516730303	0.869610181818	0.876633878788	0.766619878788	0.622090606061	0.945982666667	0.610558242424	0.0	0.773376727273	1.11399006061	1.14543563636	1.636166	1.52814109091	1.33382587879	1.16228830303	1.98405054545	1.3498990303	1.91950393939	0.860884909091	1.30744769697	1.31597739394	1.2303989697	1.10223357576	1.10088636364	0.517911454545	1.20637078788	1.51316127273	1.62933957576	1.00162351515	1.4372849697	1.45885727273	1.56492533333	0.813959454545	0.861788363636	0.930962848485	0.769889575758	1.47219060606	1.84882739394	0.928700484848	0.691961333333	1.38118151515	1.87455345455	1.75613921212	0.952079878788	1.30154072727	0.630332666667	0.831784848485
PBW55	0.949296242424	1.75283939394	1.91026987879	1.07296587879	0.730658606061	1.03563448485	1.37228521212	1.17540290909	1.22374763636	0.760968787879	1.10489084848	0.98508769697	1.99409666667	2.23352769697	1.11079090909	1.297018	0.657526787879	0.885230848485	1.14972278788	0.864728909091	0.773376727273	0.0	0.695235515152	1.02117757576	1.41769351515	1.46076654545	0.936740909091	0.949335212121	1.70820327273	0.970985333333	1.73644624242	0.865609030303	0.989856909091	0.956362121212	0.996095939394	0.858204	0.918496060606	0.946621393939	1.0749969697	1.56323642424	1.38034406061	1.06119163636	1.30722957576	1.34227060606	1.26529284848	0.816502484848	0.770441454545	0.914314969697	0.902051636364	1.52933957576	1.86008242424	0.906061212121	0.877290181818	1.03981181818	1.72523818182	1.65953860606	0.777535515152	0.898410181818	0.697664787879	0.901191393939
PBW56	0.96414569697	1.72148181818	1.82436139394	1.03923921212	0.763182242424	1.05465230303	1.21807660606	1.14282836364	1.17421224242	0.732662363636	0.983438727273	0.964350606061	1.96910709091	2.18760466667	1.2632550303	1.55705	0.828891757576	0.979212181818	1.31936460606	1.07112781818	1.11399006061	0.695235515152	0.0	0.997667030303	1.42021472727	1.42563418182	0.772192787879	0.968497878788	1.6432510303	0.903836121212	1.66258006061	0.943638242424	0.994298	0.909466969697	0.910874848485	0.835973212121	0.916090484848	1.20061133333	1.28959806061	1.54003533333	1.34054890909	1.10171139394	1.30913769697	1.33514672727	1.11111721212	0.955398727273	0.905542545455	0.903934121212	1.05346448485	1.48867763636	1.77181272727	0.954585333333	1.04742	0.980026121212	1.73137818182	1.63994115152	0.826400727273	0.887372484848	0.954301393939	1.05931624242
PBW58	1.08994618182	1.26493442424	1.4498749697	0.734670121212	0.806139333333	1.10050854545	1.00427745455	0.85952630303	1.11220012121	0.812511939394	1.03298636364	0.419170848485	1.47461775758	1.84388224242	0.899028484848	1.61231121212	1.02246109091	1.04396406061	1.44391466667	1.02171824242	1.14543563636	1.02117757576	0.997667030303	0.0	1.11837460606	1.13326206061	0.863876424242	1.29826418182	1.44825648485	0.874819151515	1.39356406061	0.940190727273	0.822140424242	0.793150727273	0.784145272727	0.652435393939	1.19942393939	1.19037012121	1.48767745455	1.15990430303	1.3045549697	0.771600363636	1.39787842424	0.805006	1.04544860606	0.838035212121	0.861216484848	1.08168709091	0.856798787879	1.11208563636	1.484788	0.74650569697	0.955100969697	0.892057151515	1.2458969697	1.71580309091	0.799796	0.972124363636	1.00537630303	1.00112375758
PBW59	1.53099169697	1.09728987879	1.194692	1.05746	1.41929357576	1.44458084848	1.17297812121	0.903218969697	1.25909872727	1.38819818182	1.07499927273	1.14255915152	1.25167478788	1.67242945455	1.35417133333	2.16116666667	1.409286	1.57545466667	2.0028509697	1.52358424242	1.636166	1.41769351515	1.42021472727	1.11837460606	0.0	0.839598727273	1.16503709091	1.65384630303	1.19682709091	1.10852515152	1.17026290909	1.41654945455	1.0650310303	1.04948339394	0.929083030303	1.04909606061	1.32934084848	1.74906666667	2.00873060606	0.854244727273	1.04356484848	1.4097010303	1.54067460606	0.944606181818	0.895955333333	1.33481939394	1.33516490909	1.46488836364	1.40342842424	1.22480690909	1.46741860606	1.22651630303	1.48215678788	0.869132363636	1.06725909091	1.88019018182	1.25593024242	1.08016442424	1.42134412121	1.45101327273
PBW60	1.66884593939	1.10209175758	1.17033278788	1.10360236364	1.45848757576	1.59350939394	1.43045515152	1.02444084848	1.50330824242	1.43055060606	1.39468006061	1.12796975758	1.27386333333	1.44194236364	1.19758569697	1.98554369697	1.53528969697	1.42971606061	1.97782933333	1.36097060606	1.52814109091	1.46076654545	1.42563418182	1.13326206061	0.839598727273	0.0	1.22305872727	1.64529642424	1.16263951515	1.08792472727	1.08040151515	1.41829654545	1.1110410303	1.07177121212	1.02529169697	0.964892363636	1.42307206061	1.58001666667	2.0311030303	0.637569393939	1.12252793939	1.31460993939	1.66999818182	0.948427212121	1.11219830303	1.23906527273	1.33758218182	1.50594781818	1.23051151515	0.932451333333	1.12141612121	1.10437030303	1.28841381818	1.0168669697	0.959024484848	2.14475315152	1.30626436364	1.23844048485	1.46880975758	1.41217127273
PEP16	1.14945084848	1.44410587879	1.61298266667	0.915368969697	0.973906666667	1.21337769697	1.09135157576	0.92060830303	1.18651169697	0.977665939394	0.930900969697	0.794380969697	1.66627321212	1.95282121212	1.10404927273	1.8271249697	1.07325351515	1.22539939394	1.61721630303	1.18691575758	1.33382587879	0.936740909091	0.772192787879	0.863876424242	1.16503709091	1.22305872727	0.0	1.10473854545	1.39556987879	0.650878727273	1.43054860606	1.10153793939	0.672029333333	0.678389575758	0.746906181818	0.704002	1.08716109091	1.42368860606	1.54463145455	1.29994157576	1.30315551515	1.07987	1.45377036364	1.06201248485	0.910691333333	1.01188448485	1.07636963636	1.09340266667	1.05236345455	1.31507854545	1.52929242424	0.922373636364	1.13405993939	0.798794787879	1.45014090909	1.74424763636	0.92720369697	0.814189757576	1.15943624242	1.25941036364
PEP18	0.943584545455	1.87238381818	2.12828181818	1.29605575758	0.983075151515	1.11099987879	1.56340927273	1.45308224242	1.31365048485	0.984065333333	1.28797490909	1.25519236364	2.130308	2.42711818182	1.51456345455	1.36010012121	0.945238363636	1.25519587879	1.179446	1.30346060606	1.16228830303	0.949335212121	0.968497878788	1.29826418182	1.65384630303	1.64529642424	1.10473854545	0.0	1.91688684848	1.10212151515	1.97529018182	0.981717454545	1.18969357576	1.11094836364	1.2734230303	1.15727690909	0.835819393939	1.23461454545	1.091006	1.77002630303	1.59650654545	1.3143389697	1.11453181818	1.58221260606	1.4324850303	1.21439236364	1.11228963636	0.982658909091	1.29767436364	1.80938375758	2.07430139394	1.19342054545	1.2860269697	1.33699636364	1.88908115152	1.35824981818	1.02938054545	1.09732006061	0.937973939394	1.05222975758
PEP21	1.83642412121	1.39447478788	0.925856545455	1.43881206061	1.69158357576	1.8459010303	1.55286206061	1.2275310303	1.84178290909	1.67072163636	1.51820078788	1.39080381818	0.897725636364	1.20488030303	1.68693224242	2.47540066667	1.73213139394	1.85965206061	2.333956	1.84100090909	1.98405054545	1.70820327273	1.6432510303	1.44825648485	1.19682709091	1.16263951515	1.39556987879	1.91688684848	0.0	1.29497915152	0.563797757576	1.73978793939	1.27861254545	1.26578684848	1.238446	1.35332872727	1.77761266667	2.1032970303	2.32941224242	1.21874127273	1.47794127273	1.72974048485	2.13088375758	1.23623606061	1.39386836364	1.70149521212	1.74309842424	1.80497593939	1.70284569697	1.13737387879	0.930400363636	1.54970036364	1.79772339394	1.15610648485	0.929808848485	2.44606709091	1.56116593939	1.41445890909	1.8341029697	1.85765030303
PEP23	1.17336436364	1.32379636364	1.52053715152	0.860912787879	0.958494848485	1.26912866667	1.00824569697	0.818156	1.19848969697	0.963335575758	0.97388769697	0.81408430303	1.60148612121	1.8938810303	1.06108945455	1.81807824242	1.10141078788	1.26003460606	1.66320690909	1.20212490909	1.3498990303	0.970985333333	0.903836121212	0.874819151515	1.10852515152	1.08792472727	0.650878727273	1.10212151515	1.29497915152	0.0	1.32075654545	1.09634890909	0.585940060606	0.598116424242	0.66229630303	0.653233818182	1.15643133333	1.43537484848	1.55156763636	1.18370357576	1.28646648485	1.04676557576	1.48956739394	0.970215333333	0.966967515152	1.01686357576	1.08124848485	1.18892466667	1.07664957576	1.2001010303	1.47078084848	0.886143151515	1.14570509091	0.723159333333	1.35133648485	1.83468248485	0.908342666667	0.809228242424	1.21120115152	1.25108424242
PEP24	1.81869133333	1.41331751515	0.876165454545	1.41610339394	1.70343212121	1.84991309091	1.53776042424	1.25834490909	1.8316570303	1.68962193939	1.50133490909	1.39538412121	0.860520969697	1.11236933333	1.57927945455	2.37971721212	1.77353327273	1.79226230303	2.30757375758	1.71878533333	1.91950393939	1.73644624242	1.66258006061	1.39356406061	1.17026290909	1.08040151515	1.43054860606	1.97529018182	0.563797757576	1.32075654545	0.0	1.68117975758	1.31947115152	1.31050618182	1.22226266667	1.27367036364	1.77886751515	1.99854024242	2.35712090909	1.11354060606	1.45487430303	1.65563327273	2.12276624242	1.15030375758	1.4109970303	1.56368339394	1.69414151515	1.80041418182	1.63279242424	1.05998327273	0.837240787879	1.48898866667	1.71072721212	1.18222812121	0.888845636364	2.47173381818	1.60150175758	1.44122466667	1.80146424242	1.84804563636
PEP26	0.977690363636	1.50407715152	1.81890884848	1.00086969697	0.808729333333	0.981837333333	1.37253084848	1.17482842424	1.1347069697	0.801591757576	1.1729550303	0.950866909091	1.77090593939	2.15676448485	1.12913169697	1.34630654545	0.798717393939	0.877561333333	1.23143	0.913715030303	0.860884909091	0.865609030303	0.943638242424	0.940190727273	1.41654945455	1.41829654545	1.10153793939	0.981717454545	1.73978793939	1.09634890909	1.68117975758	0.0	1.00560884848	1.05028436364	1.02364327273	0.917594606061	0.934159878788	0.993973090909	1.25117436364	1.41856048485	1.348812	0.916001757576	1.23664575758	1.20699018182	1.33239072727	0.855629333333	0.735673515152	0.842418424242	0.961061878788	1.45676375758	1.78292927273	0.849819090909	0.847514	1.17906157576	1.58848163636	1.47854145455	0.801840181818	1.01022248485	0.765376484848	0.777019333333
PEP27	1.14670745455	1.3217250303	1.52114678788	0.844908848485	1.00605527273	1.25769187879	1.00297678788	0.815312424242	1.20191654545	0.974935757576	0.964613212121	0.798423515152	1.56590242424	1.8745489697	1.06421327273	1.78337042424	1.07906781818	1.22052824242	1.59964333333	1.17339139394	1.30744769697	0.989856909091	0.994298	0.822140424242	1.0650310303	1.1110410303	0.672029333333	1.18969357576	1.27861254545	0.585940060606	1.31947115152	1.00560884848	0.0	0.655923515152	0.722243272727	0.672647818182	1.14660424242	1.39323442424	1.57883812121	1.168268	1.26484	1.04343993939	1.4745749697	0.918808	0.968937393939	1.03779915152	1.03522587879	1.15109127273	1.05056357576	1.19197369697	1.42987072727	0.887268545455	1.09694272727	0.733127030303	1.3233909697	1.80510157576	0.909033151515	0.817545272727	1.16568715152	1.13822309091
PEP28	1.12811751515	1.29551	1.51384266667	0.829843515152	0.932954060606	1.20803151515	0.972001030303	0.81875230303	1.15973084848	0.914648848485	0.893703878788	0.747534060606	1.53488642424	1.87637721212	1.03235339394	1.7823270303	1.06896454545	1.20400690909	1.62177181818	1.18248060606	1.31597739394	0.956362121212	0.909466969697	0.793150727273	1.04948339394	1.07177121212	0.678389575758	1.11094836364	1.26578684848	0.598116424242	1.31050618182	1.05028436364	0.655923515152	0.0	0.683985454545	0.57522769697	1.02511333333	1.40371539394	1.53708151515	1.17474690909	1.18012109091	1.01913715152	1.39771884848	0.993668121212	0.901158606061	0.990153818182	1.02652224242	1.06511078788	0.996441515152	1.22478739394	1.48559181818	0.839044545455	1.11067715152	0.718793090909	1.34759109091	1.77132739394	0.880531575758	0.794062242424	1.11791139394	1.18358915152
PEP29	1.24354212121	1.34404381818	1.39859818182	0.820659636364	0.990794666667	1.28057636364	0.981447333333	0.69771	1.278038	0.930628363636	0.961583151515	0.679194666667	1.46886109091	1.80691672727	0.913595454545	1.66744727273	0.982338	1.09913369697	1.51780721212	1.03519078788	1.2303989697	0.996095939394	0.910874848485	0.784145272727	0.929083030303	1.02529169697	0.746906181818	1.2734230303	1.238446	0.66229630303	1.22226266667	1.02364327273	0.722243272727	0.683985454545	0.0	0.576341151515	1.15456666667	1.32955260606	1.52442915152	1.05778606061	1.22637987879	0.988326727273	1.49856490909	0.911390909091	0.926264909091	0.923516242424	0.947777757576	1.13242715152	0.979872787879	1.07682690909	1.40384321212	0.830139454545	1.04222151515	0.658600484848	1.29866612121	1.89310630303	0.914926606061	0.936082	1.07417236364	1.16138636364
PEP30	1.12736812121	1.38753406061	1.47443933333	0.792800787879	0.922306	1.20211509091	1.05965515152	0.839821090909	1.22185333333	0.875904424242	0.961917636364	0.605550121212	1.55518042424	1.78920006061	0.817941090909	1.53983690909	0.982672	1.02659157576	1.43946545455	0.970954848485	1.10223357576	0.858204	0.835973212121	0.652435393939	1.04909606061	0.964892363636	0.704002	1.15727690909	1.35332872727	0.653233818182	1.27367036364	0.917594606061	0.672647818182	0.57522769697	0.576341151515	0.0	1.07640781818	1.17779266667	1.45889612121	1.08089533333	1.21822672727	0.860032606061	1.41345672727	0.888433393939	0.984046424242	0.811723818182	0.871756727273	1.08547618182	0.832252969697	1.06462066667	1.37019345455	0.662294787879	0.888220727273	0.767242969697	1.29900581818	1.79141157576	0.770472848485	0.846276121212	0.97194769697	1.03981842424
PIS1	0.715149030303	1.60385230303	1.75935975758	1.0632409697	0.829926666667	0.772168606061	1.31048006061	1.17010321212	1.10252321212	0.772329333333	1.0201969697	1.12551333333	1.84203187879	2.27556242424	1.39521630303	1.41670339394	0.829557515152	1.18209248485	1.26633945455	1.25478072727	1.10088636364	0.918496060606	0.916090484848	1.19942393939	1.32934084848	1.42307206061	1.08716109091	0.835819393939	1.77761266667	1.15643133333	1.77886751515	0.934159878788	1.14660424242	1.02511333333	1.15456666667	1.07640781818	0.0	1.16763369697	1.13271775758	1.4485809697	1.23783721212	1.13101278788	0.833592909091	1.28801030303	1.07263787879	1.02232278788	0.974828424242	0.825919030303	1.21042284848	1.70852884848	1.95917436364	1.09982830303	1.22996151515	1.18738981818	1.62884987879	1.34206133333	1.00751424242	0.946157030303	0.816738909091	0.97016769697
PIS2	1.15072406061	1.95517036364	2.12237890909	1.29241624242	0.993479393939	1.1999230303	1.65216515152	1.41572248485	1.51159206061	1.00512969697	1.53601709091	1.16471951515	2.12596945455	2.19505078788	0.839999939394	0.881643272727	0.918807454545	0.709492727273	0.981577878788	0.668640969697	0.517911454545	0.946621393939	1.20061133333	1.19037012121	1.74906666667	1.58001666667	1.42368860606	1.23461454545	2.1032970303	1.43537484848	1.99854024242	0.993973090909	1.39323442424	1.40371539394	1.32955260606	1.17779266667	1.16763369697	0.0	1.18894018182	1.51453806061	1.71466872727	0.988001636364	1.5028250303	1.47178121212	1.60989012121	0.811933939394	0.930565757576	1.029084	0.824450484848	1.49300945455	1.78624054545	0.994166969697	0.739342969697	1.46667006061	1.90736066667	1.85685975758	1.10320769697	1.38412927273	0.755550545455	0.930895212121
PIS4	1.11321745455	2.08943078788	2.36501654545	1.54045339394	1.15587739394	1.29300806061	1.76003066667	1.60617672727	1.56642945455	1.14502127273	1.55345848485	1.44279557576	2.43731315152	2.79079909091	1.53879393939	1.01027763636	1.05352848485	1.33934890909	0.846868848485	1.38517993939	1.20637078788	1.0749969697	1.28959806061	1.48767745455	2.00873060606	2.0311030303	1.54463145455	1.091006	2.32941224242	1.55156763636	2.35712090909	1.25117436364	1.57883812121	1.53708151515	1.52442915152	1.45889612121	1.13271775758	1.18894018182	0.0	2.01360854545	1.93595606061	1.39138290909	1.07893842424	1.73816987879	1.73883636364	1.27072587879	1.17276654545	1.22767630303	1.38857127273	2.037806	2.38069345455	1.35201248485	1.35396193939	1.64144030303	2.17432109091	1.39182527273	1.284712	1.50024036364	0.969562969697	1.21927490909
PIS5	1.65557048485	1.06995181818	1.13999187879	1.08905381818	1.44752521212	1.55283963636	1.38227848485	0.993314363636	1.40362466667	1.40225684848	1.38980084848	1.15461793939	1.23633527273	1.32526472727	1.11353327273	1.95100424242	1.55546612121	1.35031357576	1.97539193939	1.28925030303	1.51316127273	1.56323642424	1.54003533333	1.15990430303	0.854244727273	0.637569393939	1.29994157576	1.77002630303	1.21874127273	1.18370357576	1.11354060606	1.41856048485	1.168268	1.17474690909	1.05778606061	1.08089533333	1.4485809697	1.51453806061	2.01360854545	0.0	1.06682521212	1.23609630303	1.54442248485	0.886420848485	1.06387884848	1.19978218182	1.28049169697	1.48217806061	1.17006442424	0.907252484848	1.07078030303	1.12373012121	1.24871787879	0.980533454545	0.891494363636	2.05248	1.36105630303	1.33301109091	1.45701818182	1.45535181818
PIS7	1.47865230303	1.3912210303	1.44650472727	1.11244145455	1.35238133333	1.40795527273	1.44314115152	1.22506006061	1.28478054545	1.31902169697	1.21703757576	1.29380921212	1.58560775758	1.95162339394	1.51174406061	2.09345381818	1.41490430303	1.55312060606	1.9393269697	1.49330981818	1.62933957576	1.38034406061	1.34054890909	1.3045549697	1.04356484848	1.12252793939	1.30315551515	1.59650654545	1.47794127273	1.28646648485	1.45487430303	1.348812	1.26484	1.18012109091	1.22637987879	1.21822672727	1.23783721212	1.71466872727	1.93595606061	1.06682521212	0.0	1.38196672727	1.30009618182	1.26381539394	1.0941770303	1.26735866667	1.28313145455	1.41058484848	1.433482	1.64071478788	1.73101581818	1.24817642424	1.41128381818	1.27454242424	1.374442	1.91224448485	1.29924139394	1.12050854545	1.44679575758	1.46046684848
PIS9	1.114384	1.38237721212	1.60485484848	0.913975939394	0.830653272727	1.07673412121	1.15204969697	1.00738727273	1.15240957576	0.751972787879	1.19141921212	0.707336545455	1.70572333333	2.00536890909	0.866662787879	1.39008793939	1.05871939394	0.907153272727	1.31884254545	0.892394848485	1.00162351515	1.06119163636	1.10171139394	0.771600363636	1.4097010303	1.31460993939	1.07987	1.3143389697	1.72974048485	1.04676557576	1.65563327273	0.916001757576	1.04343993939	1.01913715152	0.988326727273	0.860032606061	1.13101278788	0.988001636364	1.39138290909	1.23609630303	1.38196672727	0.0	1.33578472727	0.98781230303	1.1674	0.662480424242	0.752518909091	0.976819454545	0.757130909091	1.25862042424	1.56406351515	0.618942909091	0.776650545455	1.10374236364	1.41279345455	1.79426357576	0.876580242424	1.14289854545	0.990064424242	0.994052363636
PIS10	1.09471527273	1.76078509091	2.01443606061	1.31752430303	1.12151678788	1.02963872727	1.539264	1.47090848485	1.17164387879	1.13709327273	1.34427	1.36526430303	2.14705	2.587774	1.65331587879	1.43706078788	1.20464169697	1.49709751515	1.26939466667	1.5039370303	1.4372849697	1.30722957576	1.30913769697	1.39787842424	1.54067460606	1.66999818182	1.45377036364	1.11453181818	2.13088375758	1.48956739394	2.12276624242	1.23664575758	1.4745749697	1.39771884848	1.49856490909	1.41345672727	0.833592909091	1.5028250303	1.07893842424	1.54442248485	1.30009618182	1.33578472727	0.0	1.52198272727	1.32294824242	1.27871218182	1.18300521212	1.162878	1.5043070303	1.99802818182	2.28744254545	1.38137066667	1.50149139394	1.56774866667	1.8561550303	1.09920236364	1.32552193939	1.29278557576	1.17994490909	1.21611345455
PIS11	1.18448975758	0.976858484848	1.1182950303	0.855951393939	1.10014157576	1.16448933333	0.964426121212	0.710286	1.1274810303	1.09003987879	1.11504763636	0.828372	1.22713818182	1.66766666667	1.1503669697	1.93823248485	1.34799121212	1.40486278788	1.80194321212	1.30184727273	1.45885727273	1.34227060606	1.33514672727	0.805006	0.944606181818	0.948427212121	1.06201248485	1.58221260606	1.23623606061	0.970215333333	1.15030375758	1.20699018182	0.918808	0.993668121212	0.911390909091	0.888433393939	1.28801030303	1.47178121212	1.73816987879	0.886420848485	1.26381539394	0.98781230303	1.52198272727	0.0	0.973730606061	1.05711333333	1.10714818182	1.33523272727	1.18740648485	1.04189515152	1.33294721212	0.983343575758	1.26089412121	0.876000484848	0.90823569697	1.90074278788	1.15370563636	1.10251012121	1.29269260606	1.31988551515
PIS14	1.26076533333	1.23934690909	1.34005945455	0.847233636364	1.11041884848	1.16854854545	0.973426060606	0.842851515152	1.01617915152	1.04629557576	0.784069151515	0.976674	1.4965989697	1.956434	1.28085333333	2.04941375758	1.26924884848	1.45505860606	1.81191648485	1.42097993939	1.56492533333	1.26529284848	1.11111721212	1.04544860606	0.895955333333	1.11219830303	0.910691333333	1.4324850303	1.39386836364	0.966967515152	1.4109970303	1.33239072727	0.968937393939	0.901158606061	0.926264909091	0.984046424242	1.07263787879	1.60989012121	1.73883636364	1.06387884848	1.0941770303	1.1674	1.32294824242	0.973730606061	0.0	1.15612939394	1.17811539394	1.21370927273	1.2409369697	1.35568115152	1.63450327273	1.08595951515	1.37341090909	0.925164181818	1.21924181818	1.76179618182	1.18735660606	0.888731030303	1.35915727273	1.40350193939
PIS15	1.17622866667	1.56682745455	1.7065950303	0.865115878788	0.846956727273	1.09158278788	1.32790345455	1.03948006061	1.19628163636	0.837326666667	1.08877260606	0.783902424242	1.74643781818	1.98921709091	0.738796060606	1.24625515152	0.902748545455	0.754471515152	1.21221315152	0.685158424242	0.813959454545	0.816502484848	0.955398727273	0.838035212121	1.33481939394	1.23906527273	1.01188448485	1.21439236364	1.70149521212	1.01686357576	1.56368339394	0.855629333333	1.03779915152	0.990153818182	0.923516242424	0.811723818182	1.02232278788	0.811933939394	1.27072587879	1.19978218182	1.26735866667	0.662480424242	1.27871218182	1.05711333333	1.15612939394	0.0	0.647410242424	0.934883515152	0.601450727273	1.25963987879	1.62328515152	0.666697515152	0.629561757576	1.09275454545	1.48547424242	1.75481612121	0.766477878788	0.991050363636	0.758318666667	0.848585878788
PLL76	1.07801551515	1.55008024242	1.73406490909	0.916766969697	0.741300181818	0.986184424242	1.30913987879	1.08136387879	1.08817151515	0.729965757576	1.1074629697	0.833142	1.77361121212	2.09503339394	0.952417212121	1.26800648485	0.791103151515	0.778079454545	1.11769709091	0.743239212121	0.861788363636	0.770441454545	0.905542545455	0.861216484848	1.33516490909	1.33758218182	1.07636963636	1.11228963636	1.74309842424	1.08124848485	1.69414151515	0.735673515152	1.03522587879	1.02652224242	0.947777757576	0.871756727273	0.974828424242	0.930565757576	1.17276654545	1.28049169697	1.28313145455	0.752518909091	1.18300521212	1.10714818182	1.17811539394	0.647410242424	0.0	0.742510121212	0.720176606061	1.29359448485	1.70673054545	0.726180484848	0.744209090909	1.07647315152	1.49096351515	1.49423690909	0.695413939394	0.979441939394	0.66565169697	0.738140363636
