	PAM31	PAM32	PAM33	PAM35	PAM36	PAM37	PAM39	PAM40	PAM41	PAM42	PAM43	PAM44	PAM45	PBW46	PBW47	PBW49	PBW50	PBW51	PBW52	PBW53	PBW54	PBW55	PBW56	PBW58	PBW59	PBW60	PEP16	PEP18	PEP21	PEP23	PEP24	PEP26	PEP27	PEP28	PEP29	PEP30	PIS1	PIS2	PIS4	PIS5	PIS7	PIS9	PIS10	PIS11	PIS14	PIS15	PLL76	PLL77	PLL79	PLL80	PLL83	PLL88	PLL89	PLL90	PPO64	PPO66	PPO67	PPO69	PPO72	PPO75
PAM31	0.0	1.70204115152	1.68787478788	1.48490672727	0.709893878788	0.991879090909	1.06558448485	1.05183945455	1.12207448485	0.732285939394	0.794876242424	0.815520909091	2.09602024242	2.35984884848	1.42521709091	1.32464442424	1.15449412121	1.19398424242	1.08249884848	1.47761133333	1.36793690909	1.10812387879	0.937773878788	0.911805515152	1.61359145455	1.52378993939	1.21452006061	0.790844666667	1.85161278788	1.43434672727	1.9208750303	1.12521654545	1.40293012121	1.07507363636	1.18448521212	1.10272484848	0.747810242424	0.930267393939	0.71478569697	1.7698329697	1.81854115152	0.884671878788	0.860126181818	1.26118709091	1.59577030303	0.890681272727	1.00989254545	0.930292	1.16247509091	2.00592963636	1.82188339394	1.37676672727	1.23638121212	1.38057030303	1.59434860606	1.15514084848	1.18181587879	1.5302289697	1.09135339394	1.12851260606
PAM32	1.70204115152	0.0	0.936565272727	1.00817175758	1.48594375758	1.15046327273	1.05750515152	1.15329745455	1.03821078788	1.36786842424	1.58629957576	1.54327636364	1.32743678788	1.86583072727	1.65602078788	2.42987842424	1.40964218182	1.86564260606	1.92092581818	1.63434157576	1.62159563636	1.59310127273	1.6108929697	1.4342390303	1.22838133333	1.34513206061	1.49736169697	1.84751393939	1.42370557576	1.24429927273	1.50411957576	1.38533721212	1.23214945455	1.50253709091	1.34402248485	1.46687072727	1.6203369697	2.04991630303	1.89951593939	1.24761945455	1.32879442424	1.77073024242	1.61043	1.03827381818	1.06692066667	1.74656872727	1.69543309091	1.96115181818	1.78363527273	1.63134739394	1.52220333333	1.38474557576	1.57430842424	1.2380050303	0.97573169697	1.70034333333	1.55695387879	1.11345448485	1.59751939394	1.42438393939
PAM33	1.68787478788	0.936565272727	0.0	0.842635454545	1.50436745455	1.25175157576	1.17238048485	1.09797121212	1.26123812121	1.3738849697	1.54096521212	1.59664115152	1.03492133333	1.46447915152	1.67843490909	2.46464830303	1.37862818182	1.89836109091	1.99433642424	1.68538915152	1.67509436364	1.53523818182	1.56258442424	1.49825593939	1.26546478788	1.38251915152	1.43991206061	1.93864648485	0.97732769697	1.1438210303	1.00769575758	1.59208466667	1.23031327273	1.49742939394	1.27622484848	1.38127927273	1.61794260606	2.08504642424	1.93294593939	0.980298666667	1.29860806061	1.81991151515	1.6550049697	1.01531836364	0.8826	1.72989363636	1.70985242424	1.99210424242	1.81434066667	1.17116890909	1.12555478788	1.40137775758	1.65827781818	1.24294024242	0.657504242424	1.95477636364	1.59568690909	1.28455454545	1.60101957576	1.40385345455
PAM35	1.48490672727	1.00817175758	0.842635454545	0.0	1.16841369697	1.11427418182	1.09509763636	0.822979878788	1.21660630303	1.125898	1.386454	1.3405990303	1.29902915152	1.52291169697	1.29145715152	2.10934848485	1.12991660606	1.51583993939	1.59844630303	1.27425733333	1.27584993939	1.22604406061	1.28984812121	1.16261769697	1.1312769697	1.09804418182	1.161396	1.65524545455	1.18004981818	0.911041575758	1.10072357576	1.19532593939	0.909713454545	1.20737006061	0.974043454545	1.12323921212	1.32502557576	1.66416006061	1.55699569697	0.924453878788	1.21415248485	1.46821969697	1.51193981818	0.748489454545	0.810246242424	1.36085818182	1.32351115152	1.73032357576	1.43287684848	1.24913818182	1.10457593939	0.987955030303	1.27718769697	0.963302484848	0.741641878788	1.77767884848	1.23774854545	1.11293024242	1.23874315152	1.01605860606
PAM36	0.709893878788	1.48594375758	1.50436745455	1.16841369697	0.0	0.77760169697	0.853957393939	0.913184242424	0.868948969697	0.546157878788	0.697884787879	0.675246787879	1.90355036364	2.14349533333	1.21409436364	1.50370048485	0.974807636364	1.01960854545	1.01333284848	1.29338848485	1.16429781818	0.91062769697	0.752636484848	0.702060606061	1.46060763636	1.33666781818	1.0385769697	0.905615030303	1.67029418182	1.20677163636	1.72999206061	0.87502169697	1.13682751515	0.850809818182	1.03607909091	0.932690363636	0.624892363636	1.112078	0.886054484848	1.58332127273	1.61184630303	0.831138363636	0.958088424242	1.02136387879	1.38782042424	0.760384969697	0.788849575758	1.05477787879	0.939687030303	1.83239381818	1.60859606061	1.11002060606	1.01360418182	1.14771012121	1.44429448485	1.21653909091	0.919193272727	1.31847775758	0.835188484848	0.937167575758
PAM37	0.991879090909	1.15046327273	1.25175157576	1.11427418182	0.77760169697	0.0	0.561505878788	0.892966424242	0.531582181818	0.662434242424	0.965251575758	0.915920121212	1.82296078788	2.07565460606	1.24008987879	1.777148	1.04521018182	1.15396006061	1.24513381818	1.28163854545	1.25446630303	1.07494587879	0.923943151515	0.808928484848	1.35148715152	1.27935545455	1.09453042424	1.19952375758	1.65149369697	1.27505975758	1.71843763636	0.956003515152	1.19388812121	0.982103030303	1.12562490909	1.04711484848	0.911381939394	1.40878975758	1.22271666667	1.48070636364	1.48806484848	1.11726272727	1.02996587879	0.994400727273	1.29805181818	1.07798593939	1.03585115152	1.24350393939	1.16153878788	1.78551793939	1.67689642424	1.18366921212	1.06091084848	1.20545327273	1.23342878788	1.26115812121	1.00011836364	1.23755933333	1.0037510303	0.944926848485
PAM39	1.06558448485	1.05750515152	1.17238048485	1.09509763636	0.853957393939	0.561505878788	0.0	0.844333878788	0.43232769697	0.782209090909	0.9003	1.03902781818	1.70508981818	2.16087284848	1.27343321212	1.9362050303	1.03494454545	1.37674448485	1.44532612121	1.35227751515	1.25023581818	1.02617733333	1.03251824242	0.918420787879	1.35082878788	1.34423927273	1.11963121212	1.29513278788	1.61582878788	1.27898248485	1.71194060606	1.02210284848	1.15531654545	0.921684545455	1.08867090909	0.992841333333	1.03292406061	1.56163648485	1.35407806061	1.55984787879	1.44799727273	1.27723709091	1.10637151515	0.95772769697	1.30670339394	1.21178624242	1.15569654545	1.44908569697	1.32987121212	1.8492709697	1.70562315152	1.19893545455	1.10507830303	1.19125139394	1.20019757576	1.25971709091	1.05178157576	1.12764424242	1.08442236364	0.948740727273
PAM40	1.05183945455	1.15329745455	1.09797121212	0.822979878788	0.913184242424	0.892966424242	0.844333878788	0.0	1.0074209697	0.804203939394	0.953016060606	1.05643187879	1.47135448485	1.76409230303	1.10554333333	1.91556521212	0.758929575758	1.29022212121	1.42890145455	1.08019357576	1.09123660606	0.953992545455	0.96365030303	0.986399030303	1.02911042424	1.07063581818	0.824344242424	1.35071442424	1.29679806061	0.906412121212	1.321042	1.03896593939	0.840325090909	0.899384121212	0.735966242424	0.841058484848	1.01327612121	1.49922878788	1.31181678788	1.12157193939	1.21217636364	1.25224769697	1.19885	0.681662909091	1.00886284848	1.17234606061	1.15236218182	1.41849230303	1.28967284848	1.47127563636	1.31276612121	0.813964	1.10443581818	0.721039212121	1.08696757576	1.55849509091	1.00621945455	0.992994848485	1.02648145455	0.871927333333
PAM41	1.12207448485	1.03821078788	1.26123812121	1.21660630303	0.868948969697	0.531582181818	0.43232769697	1.0074209697	0.0	0.789989636364	0.959287818182	1.0186630303	1.83704563636	2.2460250303	1.3523410303	1.86143575758	1.18207672727	1.31294418182	1.40310375758	1.43918993939	1.34478630303	1.18462842424	1.06729539394	0.905830060606	1.48587345455	1.44216478788	1.30166824242	1.26877527273	1.78883018182	1.45474012121	1.86487969697	1.00811818182	1.31516484848	1.10671854545	1.27993945455	1.19361157576	1.00499939394	1.50852248485	1.29904709091	1.66430418182	1.56427587879	1.20978309091	1.06886806061	1.08851115152	1.43054054545	1.20172254545	1.124432	1.38016636364	1.27788606061	1.99767212121	1.83851484848	1.30079660606	1.13533848485	1.30665557576	1.34962745455	1.18538830303	1.13680236364	1.2181469697	1.11363381818	1.0809829697
PAM42	0.732285939394	1.36786842424	1.3738849697	1.125898	0.546157878788	0.662434242424	0.782209090909	0.804203939394	0.789989636364	0.0	0.781867272727	0.677824545455	1.83999890909	2.01125236364	1.15667393939	1.57647424242	0.967305757576	1.02508	1.10100587879	1.24948612121	1.13795109091	0.882701454545	0.738897636364	0.63292830303	1.34023206061	1.21174824242	0.989480181818	0.955998363636	1.61392636364	1.18605145455	1.65326981818	0.855461515152	1.09286624242	0.81947969697	1.01053612121	0.879068242424	0.608247090909	1.18284375758	0.976682909091	1.46613212121	1.49958648485	0.899125939394	0.870366060606	0.939457878788	1.25452824242	0.804370969697	0.794075818182	1.05803490909	0.91841169697	1.7552149697	1.60192084848	1.07367981818	0.935728606061	1.09752981818	1.34605745455	1.21439854545	0.898123151515	1.20477139394	0.816739333333	0.832514545455
PAM43	0.794876242424	1.58629957576	1.54096521212	1.386454	0.697884787879	0.965251575758	0.9003	0.953016060606	0.959287818182	0.781867272727	0.0	0.908302606061	1.75074775758	2.28133042424	1.46446351515	1.73737	1.05904624242	1.20534872727	1.21350163636	1.51012539394	1.39472963636	1.1005329697	0.885122848485	1.00681993939	1.38896224242	1.46760254545	1.16629254545	0.971060666667	1.64938054545	1.29684369697	1.74598690909	1.08903593939	1.26687521212	0.975131818182	1.19175042424	1.10965369697	0.762208424242	1.35101818182	1.09197212121	1.69086630303	1.55089266667	1.15405309091	0.90536630303	1.27286272727	1.37836557576	1.00291569697	1.02723593939	1.20390412121	1.17108006061	1.95864915152	1.79837454545	1.3467749697	1.24304218182	1.21099151515	1.51655006061	1.16573054545	1.08720133333	1.24069090909	1.06780454545	1.1393430303
PAM44	0.815520909091	1.54327636364	1.59664115152	1.3405990303	0.675246787879	0.915920121212	1.03902781818	1.05643187879	1.0186630303	0.677824545455	0.908302606061	0.0	1.91845157576	2.10637375758	1.05890866667	1.37205260606	0.992054787879	0.822165393939	0.826797212121	1.16357684848	1.04818521212	0.85522769697	0.768388969697	0.503004969697	1.43958775758	1.29364309091	1.05836278788	0.989735757576	1.6823849697	1.31022981818	1.72089351515	0.875854787879	1.20835745455	0.929590666667	1.00204066667	0.952632060606	0.78751830303	1.02906721212	0.867355939394	1.61719921212	1.6514409697	0.737118969697	1.05129933333	1.08486533333	1.47085812121	0.673750181818	0.692079636364	0.960106727273	0.790272363636	1.81294981818	1.61011193939	1.08759563636	0.866250727273	1.22456272727	1.47777121212	1.2395770303	0.907250242424	1.39453363636	0.748632969697	0.935241878788
PAM45	2.09602024242	1.32743678788	1.03492133333	1.29902915152	1.90355036364	1.82296078788	1.70508981818	1.47135448485	1.83704563636	1.83999890909	1.75074775758	1.91845157576	0.0	1.16955551515	1.93748739394	2.78640757576	1.62100345455	2.085688	2.16897060606	1.89496078788	1.9287309697	1.85706521212	1.85549036364	1.83737230303	1.457274	1.67047660606	1.78364951515	2.18582309091	1.01081630303	1.44291581818	0.954559272727	1.72989206061	1.52011448485	1.80085812121	1.54072945455	1.70610436364	2.00037763636	2.41829745455	2.26364739394	1.18694121212	1.45562939394	2.21417951515	2.00291866667	1.50429739394	1.16410678788	2.08459521212	2.05321969697	2.28021260606	2.04898454545	1.10114139394	1.29110375758	1.64108054545	1.89247866667	1.47791806061	1.06831745455	2.17166509091	1.79711430303	1.48607709091	1.87753715152	1.726984
PBW46	2.35984884848	1.86583072727	1.46447915152	1.52291169697	2.14349533333	2.07565460606	2.16087284848	1.76409230303	2.2460250303	2.01125236364	2.28133042424	2.10637375758	1.16955551515	0.0	1.65723127273	2.70745630303	1.76987739394	1.88760642424	2.13428139394	1.59013290909	1.72830393939	1.88943878788	1.94780672727	1.97467739394	1.68115339394	1.71302	1.85272345455	2.34082454545	1.17522321212	1.61836406061	1.08128109091	1.92565145455	1.62039048485	1.89844466667	1.68987321212	1.86253115152	2.08508939394	2.38237515152	2.40114	1.18835175758	1.71956478788	2.2725689697	2.36198315152	1.68822624242	1.51671830303	2.12418357576	2.03561339394	2.31230339394	2.0008450303	0.814508909091	1.02228169697	1.62910115152	1.79601090909	1.53639381818	1.34598581818	2.51279406061	1.80847163636	1.80777987879	1.87689327273	1.79942666667
PBW47	1.42521709091	1.65602078788	1.67843490909	1.29145715152	1.21409436364	1.24008987879	1.27343321212	1.10554333333	1.3523410303	1.15667393939	1.46446351515	1.05890866667	1.93748739394	1.65723127273	0.0	1.36577872727	1.02000854545	0.646673333333	1.03580115152	0.527329636364	0.498064424242	0.80966630303	1.06350442424	0.967304424242	1.51210272727	1.14763369697	1.10439630303	1.45160806061	1.71667121212	1.30862369697	1.59057381818	0.933181030303	1.17577739394	1.04120709091	0.908788242424	0.936171757576	1.23417533333	1.06185648485	1.31037139394	1.31847793939	1.54327969697	1.10238145455	1.49974654545	1.12969812121	1.48937284848	0.940524787879	0.907718848485	1.30675078788	0.879410606061	1.45715545455	1.14106581818	0.826969030303	0.626097818182	1.18655090909	1.48867090909	1.71932448485	0.957139393939	1.43290012121	0.855479333333	0.822649333333
PBW49	1.32464442424	2.42987842424	2.46464830303	2.10934848485	1.50370048485	1.777148	1.9362050303	1.91556521212	1.86143575758	1.57647424242	1.73737	1.37205260606	2.78640757576	2.70745630303	1.36577872727	0.0	1.76407709091	1.16164890909	1.12444472727	1.48568824242	1.312336	1.40627606061	1.52726533333	1.44309854545	2.31207187879	1.94558042424	1.89013309091	1.46878606061	2.53592860606	2.11757369697	2.43702018182	1.5112969697	1.95218266667	1.78153818182	1.71377666667	1.69358066667	1.43260193939	0.85044830303	1.14762260606	2.2423570303	2.35118557576	1.16484333333	1.59961121212	1.92073660606	2.30869521212	1.14440945455	1.19220945455	1.18034612121	1.27187418182	2.43521539394	2.22221993939	1.68014884848	1.29351290909	1.96992672727	2.30810115152	1.72004030303	1.58664272727	2.21046515152	1.36181406061	1.51684951515
PBW50	1.15449412121	1.40964218182	1.37862818182	1.12991660606	0.974807636364	1.04521018182	1.03494454545	0.758929575758	1.18207672727	0.967305757576	1.05904624242	0.992054787879	1.62100345455	1.76987739394	1.02000854545	1.76407709091	0.0	1.12710757576	1.19518860606	0.913831515152	0.952404727273	0.716439212121	0.783104242424	0.924731272727	1.07485575758	0.932178	0.757868606061	1.19700751515	1.27964957576	0.892953212121	1.31841230303	0.913375757576	0.824885575758	0.777535878788	0.735423939394	0.640621151515	1.01368	1.4959389697	1.2574709697	1.28533460606	1.24323236364	1.30092709091	1.18602393939	0.869000363636	1.14148781818	1.06474036364	1.03622387879	1.30063230303	1.13117672727	1.51076933333	1.27275133333	0.864329090909	0.959835818182	0.748018606061	1.26638660606	1.45433351515	0.799711090909	0.956087454545	0.872437575758	0.772673151515
PBW51	1.19398424242	1.86564260606	1.89836109091	1.51583993939	1.01960854545	1.15396006061	1.37674448485	1.29022212121	1.31294418182	1.02508	1.20534872727	0.822165393939	2.085688	1.88760642424	0.646673333333	1.16164890909	1.12710757576	0.0	0.713899333333	0.732434	0.692331333333	0.853612484848	0.860623454545	0.850343818182	1.68290212121	1.36989793939	1.21204721212	1.23389739394	1.904022	1.42535763636	1.79424860606	0.884127818182	1.34517739394	1.10905606061	1.08971442424	1.09148872727	1.04510418182	0.93664630303	1.09277393939	1.52005018182	1.76258987879	0.921047272727	1.35624569697	1.33254127273	1.68717563636	0.764909515152	0.724629151515	1.05850775758	0.654705030303	1.57523290909	1.3955950303	1.04142284848	0.632477575758	1.33906569697	1.66917054545	1.57185430303	0.943238909091	1.62173151515	0.747789151515	0.935780969697
PBW52	1.08249884848	1.92092581818	1.99433642424	1.59844630303	1.01333284848	1.24513381818	1.44532612121	1.42890145455	1.40310375758	1.10100587879	1.21350163636	0.826797212121	2.16897060606	2.13428139394	1.03580115152	1.12444472727	1.19518860606	0.713899333333	0.0	0.955526424242	0.890330787879	0.941777030303	1.05908618182	0.900840848485	1.77365321212	1.45738575758	1.39623309091	1.13473709091	2.01593551515	1.59730181818	1.94281145455	1.01199175758	1.46813321212	1.24189842424	1.24157024242	1.18331339394	0.97864169697	0.876142606061	0.985370121212	1.71084612121	1.87747442424	0.839228545455	1.32218066667	1.43740509091	1.79509278788	0.710254181818	0.729198666667	0.832892424242	0.777681090909	1.82057951515	1.68904066667	1.19185551515	0.837453757576	1.45395981818	1.77621715152	1.38563666667	1.03671824242	1.69762793939	0.853267515152	1.0057210303
PBW53	1.47761133333	1.63434157576	1.68538915152	1.27425733333	1.29338848485	1.28163854545	1.35227751515	1.08019357576	1.43918993939	1.24948612121	1.51012539394	1.16357684848	1.89496078788	1.59013290909	0.527329636364	1.48568824242	0.913831515152	0.732434	0.955526424242	0.0	0.522286060606	0.789781030303	1.09456872727	1.061184	1.48981757576	1.12603678788	1.07075393939	1.47707951515	1.67351139394	1.26542509091	1.54076793939	0.979639515152	1.10927951515	1.11296993939	0.874037272727	0.928317393939	1.33344060606	1.19343375758	1.36432115152	1.31773606061	1.52743078788	1.24921824242	1.57781072727	1.161516	1.46352951515	1.06620884848	0.947392363636	1.39744369697	0.967690787879	1.40430193939	1.15812260606	0.813755151515	0.655467090909	1.14076866667	1.46148830303	1.72147448485	0.980910969697	1.34799812121	0.842177090909	0.838662363636
PBW54	1.36793690909	1.62159563636	1.67509436364	1.27584993939	1.16429781818	1.25446630303	1.25023581818	1.09123660606	1.34478630303	1.13795109091	1.39472963636	1.04818521212	1.9287309697	1.72830393939	0.498064424242	1.312336	0.952404727273	0.692331333333	0.890330787879	0.522286060606	0.0	0.67206030303	1.0059390303	1.0004030303	1.50814921212	1.12292987879	1.04501224242	1.40390278788	1.71082387879	1.26054375758	1.59403581818	0.875843757576	1.10667236364	1.04515357576	0.878996787879	0.89471569697	1.20788593939	0.985435212121	1.26048793939	1.34425193939	1.54382618182	1.10543969697	1.48825327273	1.12130315152	1.4588610303	0.937496606061	0.905228727273	1.33641012121	0.864894424242	1.46097890909	1.26077339394	0.842808727273	0.624023212121	1.13827872727	1.46793484848	1.65646066667	0.947643939394	1.38462224242	0.789847272727	0.78848830303
PBW55	1.10812387879	1.59310127273	1.53523818182	1.22604406061	0.91062769697	1.07494587879	1.02617733333	0.953992545455	1.18462842424	0.882701454545	1.1005329697	0.85522769697	1.85706521212	1.88943878788	0.80966630303	1.40627606061	0.716439212121	0.853612484848	0.941777030303	0.789781030303	0.67206030303	0.0	0.694965393939	0.822274484848	1.34614066667	1.04661309091	0.805496181818	1.1437389697	1.49882381818	1.07588854545	1.45862448485	0.803893757576	0.969299575758	0.72777	0.741460848485	0.69634	0.910258606061	1.1042910303	1.07024666667	1.40693309091	1.35322333333	1.05182339394	1.23995406061	1.01507193939	1.33365321212	0.800031212121	0.809497636364	1.17499527273	0.870692666667	1.61469181818	1.40610824242	0.912541515152	0.640658181818	0.973586666667	1.4079870303	1.50759806061	0.801939272727	1.15173793939	0.591160424242	0.712127757576
PBW56	0.937773878788	1.6108929697	1.56258442424	1.28984812121	0.752636484848	0.923943151515	1.03251824242	0.96365030303	1.06729539394	0.738897636364	0.885122848485	0.768388969697	1.85549036364	1.94780672727	1.06350442424	1.52726533333	0.783104242424	0.860623454545	1.05908618182	1.09456872727	1.0059390303	0.694965393939	0.0	0.700419030303	1.32414630303	1.08825278788	0.753306545455	0.909960484848	1.48333660606	0.966017454545	1.49560357576	0.776787151515	0.981428848485	0.70303369697	0.859740666667	0.699342969697	0.767525212121	1.22976587879	0.990203454545	1.4648349697	1.45394521212	1.040586	1.09098006061	1.08074060606	1.34548612121	0.85460630303	0.825751515152	1.09028272727	0.903879757576	1.65644654545	1.42124660606	1.01610642424	0.820945636364	0.991293151515	1.4143010303	1.32568430303	0.703654242424	1.14401072727	0.679294424242	0.831342484848
PBW58	0.911805515152	1.4342390303	1.49825593939	1.16261769697	0.702060606061	0.808928484848	0.918420787879	0.986399030303	0.905830060606	0.63292830303	1.00681993939	0.503004969697	1.83737230303	1.97467739394	0.967304424242	1.44309854545	0.924731272727	0.850343818182	0.900840848485	1.061184	1.0004030303	0.822274484848	0.700419030303	0.0	1.44743721212	1.16099387879	1.04517684848	1.06306739394	1.63494375758	1.25604763636	1.58985	0.729265939394	1.11424218182	0.907997818182	0.957064060606	0.850600909091	0.824412727273	1.10690478788	0.975179818182	1.49332018182	1.53950569697	0.802164666667	1.10930066667	0.970643151515	1.38538224242	0.732775030303	0.699084848485	1.05278054545	0.806689454545	1.72561066667	1.53888672727	0.972130666667	0.796870242424	1.18625690909	1.35196624242	1.24272842424	0.775012666667	1.32677266667	0.73219030303	0.780030727273
PBW59	1.61359145455	1.22838133333	1.26546478788	1.1312769697	1.46060763636	1.35148715152	1.35082878788	1.02911042424	1.48587345455	1.34023206061	1.38896224242	1.43958775758	1.457274	1.68115339394	1.51210272727	2.31207187879	1.07485575758	1.68290212121	1.77365321212	1.48981757576	1.50814921212	1.34614066667	1.32414630303	1.44743721212	0.0	1.04616139394	1.16960084848	1.60773806061	1.23631018182	1.03628266667	1.34193266667	1.43103927273	1.0381710303	1.21977139394	1.04186769697	1.17159945455	1.41055636364	2.02208854545	1.79532115152	1.13817581818	1.10279854545	1.77619036364	1.40640115152	1.09837115152	0.887476424242	1.60205769697	1.59456169697	1.74036563636	1.63308824242	1.50116727273	1.3890709697	1.20470569697	1.493286	0.896346242424	1.20410818182	1.71904890909	1.30298430303	0.946355090909	1.37219381818	1.29104309091
PBW60	1.52378993939	1.34513206061	1.38251915152	1.09804418182	1.33666781818	1.27935545455	1.34423927273	1.07063581818	1.44216478788	1.21174824242	1.46760254545	1.29364309091	1.67047660606	1.71302	1.14763369697	1.94558042424	0.932178	1.36989793939	1.45738575758	1.12603678788	1.12292987879	1.04661309091	1.08825278788	1.16099387879	1.04616139394	0.0	1.06249327273	1.42921860606	1.376798	1.09318575758	1.29700472727	1.11200466667	1.04090321212	1.00156333333	0.954898181818	0.883002787879	1.226282	1.6213409697	1.56888751515	1.04087066667	0.86431169697	1.55348836364	1.31556933333	1.024354	1.07555612121	1.33395533333	1.23772781818	1.5656310303	1.36645533333	1.47532151515	1.26873866667	1.00601024242	1.12534872727	1.08498484848	1.15681260606	1.68954593939	1.03494545455	0.937238545455	1.08943436364	0.930398181818
PEP16	1.21452006061	1.49736169697	1.43991206061	1.161396	1.0385769697	1.09453042424	1.11963121212	0.824344242424	1.30166824242	0.989480181818	1.16629254545	1.05836278788	1.78364951515	1.85272345455	1.10439630303	1.89013309091	0.757868606061	1.21204721212	1.39623309091	1.07075393939	1.04501224242	0.805496181818	0.753306545455	1.04517684848	1.16960084848	1.06249327273	0.0	1.17424012121	1.29921115152	0.803103636364	1.37929024242	1.04590618182	0.803543151515	0.73926969697	0.733566484848	0.68465969697	1.07672436364	1.56345206061	1.31833848485	1.336906	1.31965260606	1.33543981818	1.30509618182	0.982899272727	1.19764806061	1.16747248485	1.14802157576	1.42735981818	1.21423636364	1.54792848485	1.34466381818	0.937893454545	1.07917278788	0.852329515152	1.33502381818	1.62006151515	0.905429878788	0.983919939394	0.966680727273	0.883475575758
PEP18	0.790844666667	1.84751393939	1.93864648485	1.65524545455	0.905615030303	1.19952375758	1.29513278788	1.35071442424	1.26877527273	0.955998363636	0.971060666667	0.989735757576	2.18582309091	2.34082454545	1.45160806061	1.46878606061	1.19700751515	1.23389739394	1.13473709091	1.47707951515	1.40390278788	1.1437389697	0.909960484848	1.06306739394	1.60773806061	1.42921860606	1.17424012121	0.0	1.7847449697	1.32597612121	1.90455412121	1.08087818182	1.27090824242	0.958977454545	1.30560090909	1.11659678788	0.781624727273	1.14357218182	0.93860769697	1.88007872727	1.80676993939	1.08457436364	0.942355575758	1.45390593939	1.66716054545	0.984602666667	1.07696593939	0.974795212121	1.18353806061	2.08428472727	1.83496539394	1.43170412121	1.24382612121	1.37209933333	1.77894927273	1.10550818182	1.08564527273	1.3672069697	1.15524169697	1.21427157576
PEP21	1.85161278788	1.42370557576	0.97732769697	1.18004981818	1.67029418182	1.65149369697	1.61582878788	1.29679806061	1.78883018182	1.61392636364	1.64938054545	1.6823849697	1.01081630303	1.17522321212	1.71667121212	2.53592860606	1.27964957576	1.904022	2.01593551515	1.67351139394	1.71082387879	1.49882381818	1.48333660606	1.63494375758	1.23631018182	1.376798	1.29921115152	1.7847449697	0.0	1.00415030303	0.637046969697	1.63563975758	1.09761684848	1.32338193939	1.23921981818	1.3242010303	1.70263515152	2.22398551515	1.97983533333	1.0551829697	1.3501649697	1.99360418182	1.79282745455	1.31147745455	0.973342969697	1.83110606061	1.81153284848	2.06327024242	1.83364884848	0.971204969697	1.08455133333	1.45392424242	1.71992806061	1.11506975758	0.941369636364	2.00975012121	1.48165763636	1.22556939394	1.57354278788	1.52274175758
PEP23	1.43434672727	1.24429927273	1.1438210303	0.911041575758	1.20677163636	1.27505975758	1.27898248485	0.906412121212	1.45474012121	1.18605145455	1.29684369697	1.31022981818	1.44291581818	1.61836406061	1.30862369697	2.11757369697	0.892953212121	1.42535763636	1.59730181818	1.26542509091	1.26054375758	1.07588854545	0.966017454545	1.25604763636	1.03628266667	1.09318575758	0.803103636364	1.32597612121	1.00415030303	0.0	1.03596418182	1.18307430303	0.659176	0.922459757576	0.794995212121	0.881044181818	1.26671648485	1.77928745455	1.57106175758	1.12634709091	1.23054812121	1.55748842424	1.47503739394	0.89496969697	0.878665272727	1.38722290909	1.40120521212	1.6607010303	1.47268424242	1.30713357576	1.12408066667	1.03323006061	1.32882781818	0.766468181818	1.06225278788	1.77553727273	1.12284442424	1.01129933333	1.19135393939	1.14066587879
PEP24	1.9208750303	1.50411957576	1.00769575758	1.10072357576	1.72999206061	1.71843763636	1.71194060606	1.321042	1.86487969697	1.65326981818	1.74598690909	1.72089351515	0.954559272727	1.08128109091	1.59057381818	2.43702018182	1.31841230303	1.79424860606	1.94281145455	1.54076793939	1.59403581818	1.45862448485	1.49560357576	1.58985	1.34193266667	1.29700472727	1.37929024242	1.90455412121	0.637046969697	1.03596418182	0.0	1.52708818182	1.14696624242	1.39729654545	1.17134872727	1.30784206061	1.72800478788	2.09052206061	1.99667175758	0.964163636364	1.30623084848	1.96611648485	1.85312630303	1.25354127273	1.01779636364	1.74401690909	1.72860175758	2.06050048485	1.80579909091	0.822926848485	0.999785575758	1.36290163636	1.61088654545	1.17532533333	0.921856484848	2.15025757576	1.50815406061	1.33666884848	1.53719921212	1.46355684848
PEP26	1.12521654545	1.38533721212	1.59208466667	1.19532593939	0.87502169697	0.956003515152	1.02210284848	1.03896593939	1.00811818182	0.855461515152	1.08903593939	0.875854787879	1.72989206061	1.92565145455	0.933181030303	1.5112969697	0.913375757576	0.884127818182	1.01199175758	0.979639515152	0.875843757576	0.803893757576	0.776787151515	0.729265939394	1.43103927273	1.11200466667	1.04590618182	1.08087818182	1.63563975758	1.18307430303	1.52708818182	0.0	0.987913939394	0.864732	0.888451212121	0.810385878788	0.93621830303	1.18205787879	1.12773133333	1.43632745455	1.46892472727	1.03889169697	1.23539	1.04827139394	1.39156527273	0.920124363636	0.828641333333	1.16859969697	0.910376363636	1.62373309091	1.44290163636	0.929720484848	0.666733636364	1.12396515152	1.34569230303	1.32987290909	0.785052909091	1.21323872727	0.712856848485	0.692086606061
PEP27	1.40293012121	1.23214945455	1.23031327273	0.909713454545	1.13682751515	1.19388812121	1.15531654545	0.840325090909	1.31516484848	1.09286624242	1.26687521212	1.20835745455	1.52011448485	1.62039048485	1.17577739394	1.95218266667	0.824885575758	1.34517739394	1.46813321212	1.10927951515	1.10667236364	0.969299575758	0.981428848485	1.11424218182	1.0381710303	1.04090321212	0.803543151515	1.27090824242	1.09761684848	0.659176	1.14696624242	0.987913939394	0.0	0.905527030303	0.756401030303	0.821924545455	1.15798557576	1.64573072727	1.41867533333	1.12108963636	1.18892787879	1.4536589697	1.40136818182	0.771570909091	0.987830363636	1.26929818182	1.19838993939	1.52685909091	1.29472351515	1.32388036364	1.17506163636	0.863830909091	1.16170236364	0.698341636364	1.06039884848	1.59004551515	0.979763454545	0.993784666667	1.05698606061	0.929342
PEP28	1.07507363636	1.50253709091	1.49742939394	1.20737006061	0.850809818182	0.982103030303	0.921684545455	0.899384121212	1.10671854545	0.81947969697	0.975131818182	0.929590666667	1.80085812121	1.89844466667	1.04120709091	1.78153818182	0.777535878788	1.10905606061	1.24189842424	1.11296993939	1.04515357576	0.72777	0.70303369697	0.907997818182	1.21977139394	1.00156333333	0.73926969697	0.958977454545	1.32338193939	0.922459757576	1.39729654545	0.864732	0.905527030303	0.0	0.832677393939	0.634505151515	0.891453818182	1.43974830303	1.22298636364	1.42940612121	1.39563321212	1.20192842424	1.11524054545	1.01344945455	1.23367545455	1.05064024242	1.0384950303	1.27534878788	1.08744109091	1.60437006061	1.38203581818	0.996472363636	0.955981393939	0.940284424242	1.36422612121	1.40779775758	0.706142727273	0.983774484848	0.835874424242	0.794535939394
PEP29	1.18448521212	1.34402248485	1.27622484848	0.974043454545	1.03607909091	1.12562490909	1.08867090909	0.735966242424	1.27993945455	1.01053612121	1.19175042424	1.00204066667	1.54072945455	1.68987321212	0.908788242424	1.71377666667	0.735423939394	1.08971442424	1.24157024242	0.874037272727	0.878996787879	0.741460848485	0.859740666667	0.957064060606	1.04186769697	0.954898181818	0.733566484848	1.30560090909	1.23921981818	0.794995212121	1.17134872727	0.888451212121	0.756401030303	0.832677393939	0.0	0.634590666667	1.091778	1.3658030303	1.241812	1.13601563636	1.15777242424	1.23376363636	1.31746448485	0.790109636364	1.02504618182	1.03498866667	1.03980151515	1.37273842424	1.15122127273	1.36270381818	1.14853236364	0.730072060606	0.921274545455	0.726243757576	1.10167587879	1.66082812121	0.894635515152	1.09122581818	0.817760666667	0.792934909091
PEP30	1.10272484848	1.46687072727	1.38127927273	1.12323921212	0.932690363636	1.04711484848	0.992841333333	0.841058484848	1.19361157576	0.879068242424	1.10965369697	0.952632060606	1.70610436364	1.86253115152	0.936171757576	1.69358066667	0.640621151515	1.09148872727	1.18331339394	0.928317393939	0.89471569697	0.69634	0.699342969697	0.850600909091	1.17159945455	0.883002787879	0.68465969697	1.11659678788	1.3242010303	0.881044181818	1.30784206061	0.810385878788	0.821924545455	0.634505151515	0.634590666667	0.0	0.987658363636	1.37187515152	1.17897224242	1.32706109091	1.28228369697	1.19820448485	1.23958472727	0.909187333333	1.16903030303	1.02754636364	0.982024787879	1.30313284848	1.08506939394	1.52861242424	1.33726290909	0.877149272727	0.881936848485	0.949677818182	1.2784769697	1.50056121212	0.78657769697	1.01490460606	0.827624787879	0.710063151515
PIS1	0.747810242424	1.6203369697	1.61794260606	1.32502557576	0.624892363636	0.911381939394	1.03292406061	1.01327612121	1.00499939394	0.608247090909	0.762208424242	0.78751830303	2.00037763636	2.08508939394	1.23417533333	1.43260193939	1.01368	1.04510418182	0.97864169697	1.33344060606	1.20788593939	0.910258606061	0.767525212121	0.824412727273	1.41055636364	1.226282	1.07672436364	0.781624727273	1.70263515152	1.26671648485	1.72800478788	0.93621830303	1.15798557576	0.891453818182	1.091778	0.987658363636	0.0	1.08177424242	0.865647333333	1.54193436364	1.51364812121	0.884956424242	0.788043818182	1.12387418182	1.37995884848	0.708627151515	0.79662569697	0.890249636364	0.984249939394	1.83082533333	1.65416248485	1.16439272727	1.00615812121	1.15740163636	1.52811206061	1.148942	0.942599333333	1.30736139394	0.874846060606	0.949347575758
PIS2	0.930267393939	2.04991630303	2.08504642424	1.66416006061	1.112078	1.40878975758	1.56163648485	1.49922878788	1.50852248485	1.18284375758	1.35101818182	1.02906721212	2.41829745455	2.38237515152	1.06185648485	0.85044830303	1.4959389697	0.93664630303	0.876142606061	1.19343375758	0.985435212121	1.1042910303	1.22976587879	1.10690478788	2.02208854545	1.6213409697	1.56345206061	1.14357218182	2.22398551515	1.77928745455	2.09052206061	1.18205787879	1.64573072727	1.43974830303	1.3658030303	1.37187515152	1.08177424242	0.0	0.800282909091	1.85349963636	2.04560951515	0.818993939394	1.27592533333	1.53528648485	1.93853551515	0.769998363636	0.915545151515	0.962223515152	0.937135939394	2.06011606061	1.86094121212	1.34104672727	0.986073939394	1.66983248485	1.91365624242	1.44069733333	1.30711454545	1.90578424242	1.06302248485	1.19505757576
PIS4	0.71478569697	1.89951593939	1.93294593939	1.55699569697	0.886054484848	1.22271666667	1.35407806061	1.31181678788	1.29904709091	0.976682909091	1.09197212121	0.867355939394	2.26364739394	2.40114	1.31037139394	1.14762260606	1.2574709697	1.09277393939	0.985370121212	1.36432115152	1.26048793939	1.07024666667	0.990203454545	0.975179818182	1.79532115152	1.56888751515	1.31833848485	0.93860769697	1.97983533333	1.57106175758	1.99667175758	1.12773133333	1.41867533333	1.22298636364	1.241812	1.17897224242	0.865647333333	0.800282909091	0.0	1.82329321212	1.88079545455	0.866629575758	1.01860266667	1.36754490909	1.77430678788	0.821409151515	0.834973515152	0.871104484848	0.988452060606	2.08852369697	1.87395660606	1.27743048485	1.15030751515	1.44675927273	1.82563418182	1.171352	1.13186	1.67822933333	0.988908060606	1.11721672727
PIS5	1.7698329697	1.24761945455	0.980298666667	0.924453878788	1.58332127273	1.48070636364	1.55984787879	1.12157193939	1.66430418182	1.46613212121	1.69086630303	1.61719921212	1.18694121212	1.18835175758	1.31847793939	2.2423570303	1.28533460606	1.52005018182	1.71084612121	1.31773606061	1.34425193939	1.40693309091	1.4648349697	1.49332018182	1.13817581818	1.04087066667	1.336906	1.88007872727	1.0551829697	1.12634709091	0.964163636364	1.43632745455	1.12108963636	1.42940612121	1.13601563636	1.32706109091	1.54193436364	1.85349963636	1.82329321212	0.0	1.0582650303	1.74043018182	1.5890230303	1.05092745455	0.834237575758	1.59034636364	1.50276963636	1.82486315152	1.54183145455	0.942469757576	0.887536606061	1.10581084848	1.34658739394	1.07158448485	0.793444363636	1.95054290909	1.37821624242	1.28393624242	1.38061860606	1.20308121212
PIS7	1.81854115152	1.32879442424	1.29860806061	1.21415248485	1.61184630303	1.48806484848	1.44799727273	1.21217636364	1.56427587879	1.49958648485	1.55089266667	1.6514409697	1.45562939394	1.71956478788	1.54327969697	2.35118557576	1.24323236364	1.76258987879	1.87747442424	1.52743078788	1.54382618182	1.35322333333	1.45394521212	1.53950569697	1.10279854545	0.86431169697	1.31965260606	1.80676993939	1.3501649697	1.23054812121	1.30623084848	1.46892472727	1.18892787879	1.39563321212	1.15777242424	1.28228369697	1.51364812121	2.04560951515	1.88079545455	1.0582650303	0.0	1.90656054545	1.40666854545	1.20442836364	1.05644030303	1.68408993939	1.59214787879	1.87980054545	1.72269624242	1.59405357576	1.51031327273	1.28931951515	1.52133351515	1.19453836364	1.18484527273	1.83981254545	1.46364357576	1.08062878788	1.44885054545	1.28572612121
PIS9	0.884671878788	1.77073024242	1.81991151515	1.46821969697	0.831138363636	1.11726272727	1.27723709091	1.25224769697	1.20978309091	0.899125939394	1.15405309091	0.737118969697	2.21417951515	2.2725689697	1.10238145455	1.16484333333	1.30092709091	0.921047272727	0.839228545455	1.24921824242	1.10543969697	1.05182339394	1.040586	0.802164666667	1.77619036364	1.55348836364	1.33543981818	1.08457436364	1.99360418182	1.55748842424	1.96611648485	1.03889169697	1.4536589697	1.20192842424	1.23376363636	1.19820448485	0.884956424242	0.818993939394	0.866629575758	1.74043018182	1.90656054545	0.0	1.09312254545	1.28480951515	1.62622072727	0.618681636364	0.757609272727	0.856955636364	0.853698727273	1.97633448485	1.79131248485	1.13032854545	1.01355406061	1.46143806061	1.7236889697	1.34683551515	1.11158678788	1.69384424242	0.961951333333	1.08362909091
PIS10	0.860126181818	1.61043	1.6550049697	1.51193981818	0.958088424242	1.02996587879	1.10637151515	1.19885	1.06886806061	0.870366060606	0.90536630303	1.05129933333	2.00291866667	2.36198315152	1.49974654545	1.59961121212	1.18602393939	1.35624569697	1.32218066667	1.57781072727	1.48825327273	1.23995406061	1.09098006061	1.10930066667	1.40640115152	1.31556933333	1.30509618182	0.942355575758	1.79282745455	1.47503739394	1.85312630303	1.23539	1.40136818182	1.11524054545	1.31746448485	1.23958472727	0.788043818182	1.27592533333	1.01860266667	1.5890230303	1.40666854545	1.09312254545	0.0	1.33247933333	1.3576809697	1.06724563636	1.12171509091	1.04092327273	1.31102127273	2.07941921212	1.88197745455	1.37384163636	1.31440351515	1.36723721212	1.60284375758	0.961518060606	1.22352193939	1.2930230303	1.16483290909	1.18950157576
PIS11	1.26118709091	1.03827381818	1.01531836364	0.748489454545	1.02136387879	0.994400727273	0.95772769697	0.681662909091	1.08851115152	0.939457878788	1.27286272727	1.08486533333	1.50429739394	1.68822624242	1.12969812121	1.92073660606	0.869000363636	1.33254127273	1.43740509091	1.161516	1.12130315152	1.01507193939	1.08074060606	0.970643151515	1.09837115152	1.024354	0.982899272727	1.45390593939	1.31147745455	0.89496969697	1.25354127273	1.04827139394	0.771570909091	1.01344945455	0.790109636364	0.909187333333	1.12387418182	1.53528648485	1.36754490909	1.05092745455	1.20442836364	1.28480951515	1.33247933333	0.0	0.967271333333	1.18241260606	1.14895915152	1.45330842424	1.25487078788	1.385872	1.23460175758	0.854920242424	1.13393157576	0.801413878788	0.918986606061	1.59757872727	1.02771157576	1.09698575758	1.02618824242	0.893567454545
PIS14	1.59577030303	1.06692066667	0.8826	0.810246242424	1.38782042424	1.29805181818	1.30670339394	1.00886284848	1.43054054545	1.25452824242	1.37836557576	1.47085812121	1.16410678788	1.51671830303	1.48937284848	2.30869521212	1.14148781818	1.68717563636	1.79509278788	1.46352951515	1.4588610303	1.33365321212	1.34548612121	1.38538224242	0.887476424242	1.07555612121	1.19764806061	1.66716054545	0.973342969697	0.878665272727	1.01779636364	1.39156527273	0.987830363636	1.23367545455	1.02504618182	1.16903030303	1.37995884848	1.93853551515	1.77430678788	0.834237575758	1.05644030303	1.62622072727	1.3576809697	0.967271333333	0.0	1.50922357576	1.54666236364	1.73200763636	1.61028733333	1.26097618182	1.11836763636	1.16383363636	1.48330169697	0.980476969697	0.802954666667	1.80056969697	1.33559248485	1.06234654545	1.36081036364	1.213428
PIS15	0.890681272727	1.74656872727	1.72989363636	1.36085818182	0.760384969697	1.07798593939	1.21178624242	1.17234606061	1.20172254545	0.804370969697	1.00291569697	0.673750181818	2.08459521212	2.12418357576	0.940524787879	1.14440945455	1.06474036364	0.764909515152	0.710254181818	1.06620884848	0.937496606061	0.800031212121	0.85460630303	0.732775030303	1.60205769697	1.33395533333	1.16747248485	0.984602666667	1.83110606061	1.38722290909	1.74401690909	0.920124363636	1.26929818182	1.05064024242	1.03498866667	1.02754636364	0.708627151515	0.769998363636	0.821409151515	1.59034636364	1.68408993939	0.618681636364	1.06724563636	1.18241260606	1.50922357576	0.0	0.587335393939	0.878855454545	0.701501212121	1.85056727273	1.65275533333	1.07805139394	0.788941393939	1.28483230303	1.61876830303	1.32388551515	0.932423818182	1.49084090909	0.693363272727	0.890582484848
PLL76	1.00989254545	1.69543309091	1.70985242424	1.32351115152	0.788849575758	1.03585115152	1.15569654545	1.15236218182	1.124432	0.794075818182	1.02723593939	0.692079636364	2.05321969697	2.03561339394	0.907718848485	1.19220945455	1.03622387879	0.724629151515	0.729198666667	0.947392363636	0.905228727273	0.809497636364	0.825751515152	0.699084848485	1.59456169697	1.23772781818	1.14802157576	1.07696593939	1.81153284848	1.40120521212	1.72860175758	0.828641333333	1.19838993939	1.0384950303	1.03980151515	0.982024787879	0.79662569697	0.915545151515	0.834973515152	1.50276963636	1.59214787879	0.757609272727	1.12171509091	1.14895915152	1.54666236364	0.587335393939	0.0	0.866853636364	0.644217454545	1.73131648485	1.57246345455	0.96113369697	0.696103212121	1.26899072727	1.54521521212	1.2807069697	0.863816545455	1.46400054545	0.664248848485	0.704556909091
