	PAM31	PAM32	PAM33	PAM35	PAM36	PAM37	PAM39	PAM40	PAM41	PAM42	PAM43	PAM44	PAM45	PBW46	PBW47	PBW49	PBW50	PBW51	PBW52	PBW53	PBW54	PBW55	PBW56	PBW58	PBW59	PBW60	PEP16	PEP18	PEP21	PEP23	PEP24	PEP26	PEP27	PEP28	PEP29	PEP30	PIS1	PIS2	PIS4	PIS5	PIS7	PIS9	PIS10	PIS11	PIS14	PIS15	PLL76	PLL77	PLL79	PLL80	PLL83	PLL88	PLL89	PLL90	PPO64	PPO66	PPO67	PPO69	PPO72	PPO75
PAM31	0.0	1.39889945455	2.09039654545	1.31618345455	1.00017224242	0.892839333333	0.787553393939	1.07184563636	0.986334060606	0.605447575758	1.02990745455	0.874572727273	1.91337709091	2.38629606061	1.65373169697	1.41085715152	0.947738484848	1.20875163636	1.34960448485	1.47850757576	1.31384581818	1.11346369697	1.09302666667	1.25943751515	1.6766569697	1.72965866667	1.22312921212	0.865128606061	1.97210012121	1.51109018182	1.95969212121	1.14869927273	1.47436460606	1.1210030303	1.26572115152	1.01671854545	0.744147212121	1.12041557576	1.0725410303	1.86395084848	1.4994049697	1.18583636364	0.807141939394	1.35326066667	1.21382969697	1.27993884848	1.1921409697	1.11268454545	1.06230581818	1.78998854545	2.20251024242	1.33675721212	1.41773418182	1.36893327273	1.61203109091	1.28552357576	1.09925660606	1.3943809697	1.43795327273	1.25004939394
PAM32	1.39889945455	0.0	1.52732812121	0.986877575758	1.0655549697	1.01500448485	1.09511939394	0.981838424242	0.930513515152	1.54082993939	1.25373672727	1.43168406061	1.31876369697	1.98973915152	1.41258012121	2.13873321212	1.5227830303	1.74583351515	1.51080709091	1.48894048485	1.63466066667	1.53897878788	1.40440587879	0.903649090909	1.26394878788	1.27872284848	1.34545339394	1.69337024242	1.65644212121	1.26689	1.62899909091	1.26373145455	1.24018866667	1.34227084848	1.18062872727	1.3994909697	1.57530484848	1.73161575758	1.90348690909	1.44329587879	1.50983836364	1.42486490909	1.53437436364	0.902908848485	1.20550042424	1.29858654545	1.50397848485	1.62419842424	1.785186	1.41074775758	1.78752327273	1.35196975758	1.46600066667	1.17812727273	1.15594448485	1.54835381818	1.45924575758	1.06782345455	1.20988945455	1.04934581818
PAM33	2.09039654545	1.52732812121	0.0	1.40689175758	1.66743278788	1.69514581818	1.7934009697	1.56375866667	1.66583424242	2.25647551515	1.80229309091	2.129494	1.10038527273	1.10279745455	1.95065187879	2.73992315152	2.11206351515	2.31793109091	2.14662139394	2.07030206061	2.229322	2.14163393939	1.94808466667	1.62046775758	1.37954939394	1.27451290909	1.86321787879	2.37645363636	1.04393812121	1.45161387879	1.034086	2.03410987879	1.50751412121	1.91979060606	1.64893660606	2.00705133333	2.14586084848	2.32007684848	2.60873757576	1.20250484848	1.97281193939	2.01352490909	2.17556793939	1.34502727273	1.75762090909	1.80167915152	2.09591763636	2.15796339394	2.34459884848	1.49571272727	1.15583927273	1.89743181818	2.05431375758	1.60050630303	1.1281649697	2.33136824242	2.09634733333	1.63196830303	1.67802472727	1.63663818182
PAM35	1.31618345455	0.986877575758	1.40689175758	0.0	0.672933030303	1.08742448485	1.04849454545	0.668135636364	1.10730757576	1.31936715152	0.988066424242	1.24782224242	1.21153448485	1.6040369697	1.03078351515	1.83186327273	1.14850557576	1.38471181818	1.20569036364	1.11337272727	1.29304684848	1.1428750303	1.06501012121	0.755080484848	1.00403448485	0.982278969697	1.00547824242	1.4615170303	1.33294236364	0.879796787879	1.24411387879	1.07033545455	0.824779090909	1.04408709091	0.746248242424	1.10713012121	1.20909381818	1.35680363636	1.66737539394	1.10482557576	1.40775460606	1.14868212121	1.33358406061	0.664936969697	0.941516424242	0.860180242424	1.21341181818	1.29138545455	1.42115557576	0.994567636364	1.48662678788	0.98800369697	1.09193012121	0.714617212121	0.884032727273	1.58548145455	1.15829181818	0.808165151515	0.671239757576	0.687515878788
PAM36	1.00017224242	1.0655549697	1.66743278788	0.672933030303	0.0	0.773637878788	0.770505757576	0.582403454545	0.845653212121	0.961552060606	0.863282727273	0.893047272727	1.45702666667	1.90101290909	1.07360587879	1.60141145455	0.901154727273	1.19494448485	1.02319515152	0.986752909091	1.08168824242	0.877337636364	0.765017090909	0.685913151515	1.27224363636	1.30672872727	0.800428484848	1.17671575758	1.54135224242	1.02058884848	1.5095729697	0.884888848485	1.01252133333	0.772297454545	0.760466363636	0.771117212121	0.973868060606	1.153526	1.33400915152	1.46456539394	1.36730557576	0.891813575758	1.06286363636	0.866912060606	0.907027030303	0.710584666667	1.07598715152	1.0554829697	1.20730763636	1.21400551515	1.727322	0.855522060606	0.90864630303	0.920844181818	1.18674175758	1.41285957576	0.876524606061	1.02458690909	0.895614121212	0.710315575758
PAM37	0.892839333333	1.01500448485	1.69514581818	1.08742448485	0.773637878788	0.0	0.502728242424	0.926490666667	0.527335212121	1.05280193939	0.951051515152	1.03179860606	1.7395490303	2.14782860606	1.36086824242	1.72099466667	1.08252848485	1.34297630303	1.12263193939	1.25178387879	1.22863690909	1.07630169697	0.955850727273	0.927224606061	1.47415327273	1.51782357576	1.09133581818	1.26765836364	1.79248515152	1.36852612121	1.77822430303	1.06236406061	1.34435945455	0.99126769697	1.13402230303	0.994060666667	1.09001842424	1.30825418182	1.47131866667	1.67587963636	1.44383509091	1.02873339394	1.11356854545	1.03684569697	1.053402	1.03169006061	1.16728151515	1.17982812121	1.33275278788	1.54635393939	2.00859042424	1.08229121212	1.15370854545	1.21167224242	1.36111490909	1.31438751515	1.02093181818	1.16812721212	1.24283721212	1.05746751515
PAM39	0.787553393939	1.09511939394	1.7934009697	1.04849454545	0.770505757576	0.502728242424	0.0	0.877656484848	0.588403575758	0.932608242424	0.825346545455	0.96499630303	1.72341581818	2.21387066667	1.46575030303	1.72578569697	0.982379636364	1.33233884848	1.19289812121	1.30553175758	1.22461363636	1.01090775758	0.976318606061	0.968016242424	1.48787545455	1.56998951515	1.06333581818	1.18554927273	1.83793109091	1.35608757576	1.80674757576	1.00450539394	1.36224660606	0.989761636364	1.13036909091	0.92736030303	0.966289333333	1.29684933333	1.41488218182	1.71536969697	1.41340793939	1.05478927273	0.988773030303	1.08362836364	1.01982648485	1.08064436364	1.15785084848	1.15438945455	1.33415133333	1.61331636364	2.07197163636	1.12615278788	1.22538090909	1.2053529697	1.41528775758	1.23356315152	0.969712909091	1.1839690303	1.28737454545	1.08918278788
PAM40	1.07184563636	0.981838424242	1.56375866667	0.668135636364	0.582403454545	0.926490666667	0.877656484848	0.0	0.963236909091	1.11010060606	0.786615757576	1.08538575758	1.34781472727	1.79661684848	1.04014824242	1.8050929697	1.09180072727	1.41192939394	1.20577048485	1.18385151515	1.25058357576	1.05943345455	0.902357030303	0.731001818182	1.13889557576	1.20546575758	0.838273757576	1.34220818182	1.39723824242	0.927824181818	1.36531618182	1.11779	0.905929878788	0.867944666667	0.648000242424	0.916258484848	1.10359612121	1.36515866667	1.49563357576	1.32747478788	1.46133678788	1.07688090909	1.15582636364	0.782961939394	0.89896030303	0.830297818182	1.27234624242	1.23300739394	1.4240250303	1.18505418182	1.61087139394	1.0019989697	1.13964151515	0.751823636364	1.11487478788	1.50345939394	1.06300939394	0.848570363636	0.884108363636	0.791936121212
PAM41	0.986334060606	0.930513515152	1.66583424242	1.10730757576	0.845653212121	0.527335212121	0.588403575758	0.963236909091	0.0	1.11429545455	0.892061636364	1.12167090909	1.64813963636	2.2374909697	1.47684260606	1.81526442424	1.15622030303	1.39489406061	1.22983612121	1.2892509697	1.30615333333	1.18955436364	1.07815915152	1.02790612121	1.50115563636	1.53150557576	1.17422266667	1.33722169697	1.87268715152	1.43990509091	1.84483054545	1.07444121212	1.37041042424	1.08168181818	1.24254236364	1.02145321212	1.15378272727	1.38869424242	1.56352406061	1.67265618182	1.43107975758	1.12485248485	1.15052739394	1.11078587879	1.08956642424	1.10640587879	1.17240351515	1.25466139394	1.42711612121	1.65639436364	2.02849157576	1.13363987879	1.25827018182	1.27599787879	1.35833327273	1.29401739394	1.12910048485	1.20132509091	1.32361436364	1.06991206061
PAM42	0.605447575758	1.54082993939	2.25647551515	1.31936715152	0.961552060606	1.05280193939	0.932608242424	1.11010060606	1.11429545455	0.0	1.18104193939	0.831327333333	2.04908745455	2.44715660606	1.55906072727	1.17819709091	0.981093454545	1.18858260606	1.34418369697	1.44880012121	1.24002878788	1.07156254545	1.11348054545	1.20416460606	1.79469715152	1.83830248485	1.25847981818	0.844637393939	2.09216115152	1.54824684848	2.07105751515	1.07482539394	1.57195533333	1.21159557576	1.277924	1.05588963636	0.669026181818	1.03470327273	0.886774787879	1.95193406061	1.58357375758	1.09697812121	0.67855169697	1.41853078788	1.2374770303	1.19453612121	1.13376054545	1.08670775758	1.01711836364	1.78166472727	2.30598618182	1.23149509091	1.37129618182	1.40831575758	1.75744678788	1.39607175758	1.02683351515	1.48399654545	1.41613454545	1.23201187879
PAM43	1.02990745455	1.25373672727	1.80229309091	0.988066424242	0.863282727273	0.951051515152	0.825346545455	0.786615757576	0.892061636364	1.18104193939	0.0	1.19809715152	1.54311072727	2.13590157576	1.45665284848	1.92598860606	1.04104121212	1.45882236364	1.28259084848	1.2622590303	1.37060066667	1.10240230303	0.869801030303	1.05625090909	1.19159012121	1.41448248485	0.932305636364	1.24861060606	1.60573812121	1.235378	1.61211533333	1.13737921212	1.1844130303	0.889168545455	1.02978812121	0.908047575758	1.06395163636	1.476604	1.51469745455	1.52597418182	1.36744369697	1.20923993939	1.14389109091	1.09311066667	0.85956369697	1.04318812121	1.26169012121	1.27812824242	1.44589315152	1.54333854545	1.89453842424	1.08546260606	1.24593181818	1.01364206061	1.33811006061	1.35534484848	1.07634660606	0.922998	1.18511636364	0.993851151515
PAM44	0.874572727273	1.43168406061	2.129494	1.24782224242	0.893047272727	1.03179860606	0.96499630303	1.08538575758	1.12167090909	0.831327333333	1.19809715152	0.0	1.92169684848	2.23405618182	1.16790878788	1.13447169697	0.773323090909	0.800009333333	0.920519030303	1.08656721212	0.827219393939	0.697370848485	0.905695757576	0.962851333333	1.64420751515	1.61190993939	1.109384	0.945730424242	1.92196642424	1.4096609697	1.86109781818	0.82915769697	1.37099090909	1.05563272727	1.13457472727	0.808683757576	0.723894242424	0.772572787879	0.936194121212	1.806906	1.43196654545	0.795933333333	0.960740969697	1.30022345455	1.1743270303	0.964722484848	0.816706181818	0.901597272727	0.835558060606	1.53087872727	2.07824260606	0.957037575758	0.969646060606	1.32041557576	1.61381521212	1.34720418182	0.867866424242	1.38996824242	1.23353060606	1.12078951515
PAM45	1.91337709091	1.31876369697	1.10038527273	1.21153448485	1.45702666667	1.7395490303	1.72341581818	1.34781472727	1.64813963636	2.04908745455	1.54311072727	1.92169684848	0.0	1.3592890303	1.75220793939	2.54590563636	1.82803812121	2.00332448485	1.86678060606	1.82740539394	2.01330739394	1.89785993939	1.70314181818	1.37088587879	1.12534642424	1.02681575758	1.60839163636	2.09164751515	1.01230630303	1.20450981818	1.04669030303	1.71629090909	1.24917236364	1.6326849697	1.42585315152	1.71621563636	1.9269549697	2.15635290909	2.35253036364	0.987629878788	1.66602460606	1.89665333333	1.98366921212	1.18834115152	1.543052	1.60580054545	1.95244909091	1.95372793939	2.11174836364	1.22915630303	1.19815375758	1.69771636364	1.79275442424	1.32309157576	0.864372666667	1.95724793939	1.80118145455	1.36210993939	1.40481290909	1.39001339394
PBW46	2.38629606061	1.98973915152	1.10279745455	1.6040369697	1.90101290909	2.14782860606	2.21387066667	1.79661684848	2.2374909697	2.44715660606	2.13590157576	2.23405618182	1.3592890303	0.0	1.56036812121	2.55564521212	2.05461551515	1.96462818182	1.86779945455	1.70272727273	1.98493315152	2.05392921212	1.94054721212	1.78070921212	1.57804987879	1.2163730303	1.85073	2.39639569697	1.04924236364	1.42522806061	0.986113393939	2.03264648485	1.49079060606	1.91512066667	1.67186036364	2.00871424242	2.26231381818	2.28251624242	2.63005769697	1.11757054545	2.10009460606	2.05353909091	2.40024769697	1.60302945455	1.924138	1.72146763636	2.10256551515	2.08577587879	2.22972684848	1.11325769697	0.746695272727	1.85109339394	1.8126189697	1.56417915152	1.28763284848	2.49688133333	2.00753836364	1.76316236364	1.4885529697	1.72556630303
PBW47	1.65373169697	1.41258012121	1.95065187879	1.03078351515	1.07360587879	1.36086824242	1.46575030303	1.04014824242	1.47684260606	1.55906072727	1.45665284848	1.16790878788	1.75220793939	1.56036812121	0.0	1.3194190303	1.30547321212	0.911994727273	0.959422242424	0.617339272727	0.810660909091	1.03275551515	1.16097036364	1.06767321212	1.50207436364	1.23905957576	1.11797012121	1.57850890909	1.64275751515	1.2289330303	1.51583666667	1.0872909697	1.14317933333	1.19989230303	0.882009454545	1.22538406061	1.3946270303	1.06959878788	1.53741175758	1.34144727273	1.77484575758	1.00464551515	1.5906549697	1.22044327273	1.30201193939	0.758835393939	1.08508854545	1.28518448485	1.23995593939	1.0036009697	1.43677393939	0.837597030303	0.686695212121	1.12961781818	1.43201866667	1.84579684848	1.21780684848	1.27829339394	0.831162545455	0.989605212121
PBW49	1.41085715152	2.13873321212	2.73992315152	1.83186327273	1.60141145455	1.72099466667	1.72578569697	1.8050929697	1.81526442424	1.17819709091	1.92598860606	1.13447169697	2.54590563636	2.55564521212	1.3194190303	0.0	1.39456084848	0.920597151515	1.20542527273	1.22415430303	0.915943939394	1.16855721212	1.56854066667	1.76418836364	2.27680854545	2.10043981818	1.76716236364	1.38683278788	2.49282163636	2.05534333333	2.36116430303	1.30203812121	1.93289606061	1.72630987879	1.67756436364	1.47738090909	1.28609806061	0.816605939394	0.904949939394	2.20088266667	2.05320212121	1.21094321212	1.35327812121	2.01703757576	1.87859993939	1.37399090909	1.1999330303	1.38049478788	1.05674539394	1.88093418182	2.42803151515	1.34561133333	1.18663448485	1.92345127273	2.23126860606	1.90932060606	1.46299945455	2.02348612121	1.65472351515	1.67685842424
PBW50	0.947738484848	1.5227830303	2.11206351515	1.14850557576	0.901154727273	1.08252848485	0.982379636364	1.09180072727	1.15622030303	0.981093454545	1.04104121212	0.773323090909	1.82803812121	2.05461551515	1.30547321212	1.39456084848	0.0	0.883182606061	0.910339575758	1.06139527273	0.942749272727	0.700201939394	0.792902606061	1.07251030303	1.38700575758	1.52469957576	1.01304939394	0.935290727273	1.78345121212	1.31330660606	1.74289545455	0.813811818182	1.21801436364	0.907411454545	1.00416763636	0.723644666667	0.740808848485	1.06450533333	1.12554824242	1.6571990303	1.23845521212	0.956480787879	0.967346	1.27983345455	1.08592090909	0.984095393939	0.82578430303	0.830791515152	0.906708666667	1.39026072727	1.96754533333	0.99202430303	0.947937515152	1.04885115152	1.462952	1.28656836364	0.657603939394	1.190046	1.028524	0.97765369697
PBW51	1.20875163636	1.74583351515	2.31793109091	1.38471181818	1.19494448485	1.34297630303	1.33233884848	1.41192939394	1.39489406061	1.18858260606	1.45882236364	0.800009333333	2.00332448485	1.96462818182	0.911994727273	0.920597151515	0.883182606061	0.0	0.751966909091	0.778294606061	0.622880484848	0.812807454545	1.09964690909	1.34229509091	1.81716545455	1.60471854545	1.28301454545	1.13005078788	1.97025636364	1.63092969697	1.92055963636	0.881575757576	1.44433781818	1.23447187879	1.28176466667	1.01835309091	1.00278636364	0.722485272727	1.1283749697	1.69469133333	1.59702412121	0.860533575758	1.23576254545	1.61201412121	1.44265151515	0.957893151515	0.805633212121	0.807866242424	0.685390424242	1.29514224242	1.8968469697	0.930168363636	0.723703272727	1.41063642424	1.69976575758	1.56415278788	0.953698181818	1.62049648485	1.15970721212	1.185294
PBW52	1.34960448485	1.51080709091	2.14662139394	1.20569036364	1.02319515152	1.12263193939	1.19289812121	1.20577048485	1.22983612121	1.34418369697	1.28259084848	0.920519030303	1.86678060606	1.86779945455	0.959422242424	1.20542527273	0.910339575758	0.751966909091	0.0	0.760829393939	0.67098569697	0.789436545455	0.996615636364	1.16824927273	1.68171090909	1.45317478788	1.157892	1.29101212121	1.8907230303	1.4427230303	1.78877309091	0.816951030303	1.30189430303	1.10836739394	1.12514260606	0.886154424242	1.16205618182	0.943650606061	1.30963836364	1.57299618182	1.6403809697	0.842844	1.31497866667	1.37076818182	1.27906909091	0.792721030303	0.825582666667	0.905016909091	0.983670181818	1.20252212121	1.80754321212	0.788808606061	0.718451030303	1.30059133333	1.52043109091	1.54816139394	0.938370666667	1.43077878788	0.991991333333	1.03054927273
PBW53	1.47850757576	1.48894048485	2.07030206061	1.11337272727	0.986752909091	1.25178387879	1.30553175758	1.18385151515	1.2892509697	1.44880012121	1.2622590303	1.08656721212	1.82740539394	1.70272727273	0.617339272727	1.22415430303	1.06139527273	0.778294606061	0.760829393939	0.0	0.682586727273	0.83299369697	1.00556042424	1.15042715152	1.58030478788	1.31548733333	1.14131315152	1.37404248485	1.76093787879	1.39163351515	1.66379642424	0.920651575758	1.25293	1.0826490303	1.06813309091	1.03961121212	1.28090775758	0.988723393939	1.410332	1.43439406061	1.64018672727	0.928410606061	1.4772029697	1.3339670303	1.27995387879	0.730077454545	0.929842242424	1.16652206061	1.09012915152	1.12081321212	1.61496012121	0.715657393939	0.535787090909	1.1896350303	1.49228024242	1.68517442424	1.06196006061	1.31929787879	0.923314666667	0.954698666667
PBW54	1.31384581818	1.63466066667	2.229322	1.29304684848	1.08168824242	1.22863690909	1.22461363636	1.25058357576	1.30615333333	1.24002878788	1.37060066667	0.827219393939	2.01330739394	1.98493315152	0.810660909091	0.915943939394	0.942749272727	0.622880484848	0.67098569697	0.682586727273	0.0	0.597784909091	1.05718072727	1.27848951515	1.80001745455	1.53266545455	1.26963260606	1.26210036364	1.96023236364	1.49902157576	1.824268	0.790167151515	1.38935018182	1.20028957576	1.15268987879	0.961998909091	1.07914030303	0.632668909091	1.18452345455	1.65161521212	1.6146169697	0.764240242424	1.28730678788	1.47928636364	1.35882278788	0.828570727273	0.857411393939	1.0107090303	0.922754060606	1.32483290909	1.90500151515	0.824981212121	0.59524630303	1.40150139394	1.7238810303	1.66766042424	0.926347636364	1.53072593939	1.10105787879	1.1262029697
PBW55	1.11346369697	1.53897878788	2.14163393939	1.1428750303	0.877337636364	1.07630169697	1.01090775758	1.05943345455	1.18955436364	1.07156254545	1.10240230303	0.697370848485	1.89785993939	2.05392921212	1.03275551515	1.16855721212	0.700201939394	0.812807454545	0.789436545455	0.83299369697	0.597784909091	0.0	0.774922121212	1.10241818182	1.52154733333	1.48271884848	0.993805151515	1.01056515152	1.76963569697	1.25547278788	1.70037642424	0.762257515152	1.18766854545	0.919846121212	0.962624727273	0.690684545455	0.832050060606	0.853604848485	1.02021587879	1.65561757576	1.38455290909	0.805620545455	1.11550127273	1.26490448485	1.15155084848	0.89767830303	0.83598030303	0.919557212121	0.895342363636	1.39632557576	1.95504836364	0.846177757576	0.75390769697	1.14026266667	1.56409733333	1.48657563636	0.708382242424	1.21517884848	1.01816848485	1.00496666667
PBW56	1.09302666667	1.40440587879	1.94808466667	1.06501012121	0.765017090909	0.955850727273	0.976318606061	0.902357030303	1.07815915152	1.11348054545	0.869801030303	0.905695757576	1.70314181818	1.94054721212	1.16097036364	1.56854066667	0.792902606061	1.09964690909	0.996615636364	1.00556042424	1.05718072727	0.774922121212	0.0	0.980186969697	1.34911672727	1.33035321212	0.607981333333	0.955829454545	1.53758909091	1.07034012121	1.52695672727	0.894976	1.03056048485	0.659223151515	0.852146727273	0.632038787879	0.877712909091	1.23812357576	1.29840987879	1.49622284848	1.38681187879	0.96303369697	1.10903915152	1.14800030303	0.905369333333	0.844937515152	1.06247490909	0.998475575758	1.20129030303	1.30805581818	1.78573521212	0.903226060606	0.927008	0.987286242424	1.41322563636	1.46384078788	0.796700727273	0.976785818182	1.01608030303	0.911839454545
PBW58	1.25943751515	0.903649090909	1.62046775758	0.755080484848	0.685913151515	0.927224606061	0.968016242424	0.731001818182	1.02790612121	1.20416460606	1.05625090909	0.962851333333	1.37088587879	1.78070921212	1.06767321212	1.76418836364	1.07251030303	1.34229509091	1.16824927273	1.15042715152	1.27848951515	1.10241818182	0.980186969697	0.0	1.13023290909	1.21599727273	0.881669515152	1.35745266667	1.45504551515	1.00623836364	1.42532357576	1.00227933333	0.977867939394	0.97968830303	0.805134060606	1.00551181818	1.15586254545	1.37884606061	1.55213721212	1.38165357576	1.40867242424	1.05322272727	1.26688442424	0.797354909091	0.926221272727	0.897608727273	1.23209593939	1.27477769697	1.34308490909	1.16013733333	1.70493745455	0.991679090909	1.04855581818	0.846325333333	1.01821733333	1.38353006061	1.01683133333	0.919567818182	0.874622424242	0.719526666667
PBW59	1.6766569697	1.26394878788	1.37954939394	1.00403448485	1.27224363636	1.47415327273	1.48787545455	1.13889557576	1.50115563636	1.79469715152	1.19159012121	1.64420751515	1.12534642424	1.57804987879	1.50207436364	2.27680854545	1.38700575758	1.81716545455	1.68171090909	1.58030478788	1.80001745455	1.52154733333	1.34911672727	1.13023290909	0.0	0.837362060606	1.24987575758	1.73504133333	1.12197321212	0.910107515152	1.15965212121	1.57344860606	0.991598060606	1.31267963636	1.06218163636	1.44113624242	1.51024866667	1.95844660606	2.05298224242	0.944869757576	1.34132448485	1.66894472727	1.58800193939	0.95309169697	0.998445454545	1.3715149697	1.57223709091	1.66593909091	1.79092775758	1.10756987879	1.45396672727	1.47989987879	1.56986751515	0.883397515152	0.816769636364	1.70528381818	1.41091890909	0.934796606061	1.10365812121	1.10397351515
PBW60	1.72965866667	1.27872284848	1.27451290909	0.982278969697	1.30672872727	1.51782357576	1.56998951515	1.20546575758	1.53150557576	1.83830248485	1.41448248485	1.61190993939	1.02681575758	1.2163730303	1.23905957576	2.10043981818	1.52469957576	1.60471854545	1.45317478788	1.31548733333	1.53266545455	1.48271884848	1.33035321212	1.21599727273	0.837362060606	0.0	1.26886024242	1.69053066667	0.995715272727	0.849080848485	0.886470787879	1.41773842424	0.931949333333	1.27072266667	1.06991666667	1.39528933333	1.54609581818	1.73765339394	2.04351278788	0.620030242424	1.38526872727	1.51796024242	1.656644	0.890217878788	1.17448848485	1.15788030303	1.45864775758	1.59227630303	1.77087224242	0.802955454545	1.02074478788	1.27088690909	1.37449890909	1.03883824242	0.685508666667	1.85868878788	1.44913563636	1.07207066667	0.984505878788	1.09206248485
PEP16	1.22312921212	1.34545339394	1.86321787879	1.00547824242	0.800428484848	1.09133581818	1.06333581818	0.838273757576	1.17422266667	1.25847981818	0.932305636364	1.109384	1.60839163636	1.85073	1.11797012121	1.76716236364	1.01304939394	1.28301454545	1.157892	1.14131315152	1.26963260606	0.993805151515	0.607981333333	0.881669515152	1.24987575758	1.26886024242	0.0	1.0602910303	1.45158242424	0.930952848485	1.44873757576	1.07859551515	0.944274424242	0.769068484848	0.751542484848	0.777280848485	1.05851957576	1.43175981818	1.5169389697	1.441786	1.49609442424	1.14950254545	1.22314993939	1.07570866667	0.875511878788	0.849419333333	1.24666775758	1.14325024242	1.37860557576	1.25040139394	1.62625690909	0.997051636364	1.11106436364	0.871291818182	1.29975472727	1.48040660606	0.946340969697	0.906802181818	0.949158727273	0.845920787879
PEP18	0.865128606061	1.69337024242	2.37645363636	1.4615170303	1.17671575758	1.26765836364	1.18554927273	1.34220818182	1.33722169697	0.844637393939	1.24861060606	0.945730424242	2.09164751515	2.39639569697	1.57850890909	1.38683278788	0.935290727273	1.13005078788	1.29101212121	1.37404248485	1.26210036364	1.01056515152	0.955829454545	1.35745266667	1.73504133333	1.69053066667	1.0602910303	0.0	1.96802593939	1.43151709091	1.98387624242	1.05284145455	1.45700472727	1.07801066667	1.23867569697	0.946252242424	0.758375575758	1.15299824242	1.12146260606	1.91620551515	1.48760533333	1.24394024242	0.915578060606	1.47917339394	1.23279854545	1.23752151515	1.12532036364	1.0859189697	1.04416690909	1.767434	2.15185727273	1.26335551515	1.29581236364	1.38736818182	1.77950733333	1.33882745455	0.957912606061	1.33041539394	1.42947133333	1.29543157576
PEP21	1.97210012121	1.65644212121	1.04393812121	1.33294236364	1.54135224242	1.79248515152	1.83793109091	1.39723824242	1.87268715152	2.09216115152	1.60573812121	1.92196642424	1.01230630303	1.04924236364	1.64275751515	2.49282163636	1.78345121212	1.97025636364	1.8907230303	1.76093787879	1.96023236364	1.76963569697	1.53758909091	1.45504551515	1.12197321212	0.995715272727	1.45158242424	1.96802593939	0.0	0.961362787879	0.578745818182	1.77311466667	1.10578957576	1.46376242424	1.25927581818	1.60875224242	1.88760345455	2.13885048485	2.30137375758	1.01719339394	1.67780533333	1.83206072727	2.06551927273	1.22305860606	1.53154654545	1.56664066667	1.9480369697	1.88680187879	2.02757054545	1.17040490909	0.903886484848	1.67771224242	1.738436	1.20440357576	0.972452545455	2.13649072727	1.69036630303	1.29367175758	1.34196430303	1.44566806061
PEP23	1.51109018182	1.26689	1.45161387879	0.879796787879	1.02058884848	1.36852612121	1.35608757576	0.927824181818	1.43990509091	1.54824684848	1.235378	1.4096609697	1.20450981818	1.42522806061	1.2289330303	2.05534333333	1.31330660606	1.63092969697	1.4427230303	1.39163351515	1.49902157576	1.25547278788	1.07034012121	1.00623836364	0.910107515152	0.849080848485	0.930952848485	1.43151709091	0.961362787879	0.0	0.969334424242	1.30060024242	0.689442181818	1.01631684848	0.732806363636	1.13471260606	1.37274139394	1.68274515152	1.76672006061	1.02397072727	1.52235563636	1.4204390303	1.57133369697	0.81970769697	1.053172	1.10873860606	1.52070072727	1.46141436364	1.68228836364	0.857199818182	1.25642539394	1.231972	1.34529551515	0.763596060606	0.863899575758	1.73889424242	1.28067672727	0.865256727273	0.947788666667	0.996315090909
PEP24	1.95969212121	1.62899909091	1.034086	1.24411387879	1.5095729697	1.77822430303	1.80674757576	1.36531618182	1.84483054545	2.07105751515	1.61211533333	1.86109781818	1.04669030303	0.986113393939	1.51583666667	2.36116430303	1.74289545455	1.92055963636	1.78877309091	1.66379642424	1.824268	1.70037642424	1.52695672727	1.42532357576	1.15965212121	0.886470787879	1.44873757576	1.98387624242	0.578745818182	0.969334424242	0.0	1.65898266667	1.0772729697	1.48628218182	1.20505472727	1.60787369697	1.83199787879	2.00550539394	2.26407836364	0.906522969697	1.69028509091	1.72648569697	2.02118642424	1.18364066667	1.52243806061	1.4504069697	1.83608254545	1.84791436364	2.02427187879	1.07644939394	0.841203090909	1.57143927273	1.64049115152	1.19755375758	0.980641393939	2.18564224242	1.71250084848	1.28897660606	1.24232090909	1.41216563636
PEP26	1.14869927273	1.26373145455	2.03410987879	1.07033545455	0.884888848485	1.06236406061	1.00450539394	1.11779	1.07444121212	1.07482539394	1.13737921212	0.82915769697	1.71629090909	2.03264648485	1.0872909697	1.30203812121	0.813811818182	0.881575757576	0.816951030303	0.920651575758	0.790167151515	0.762257515152	0.894976	1.00227933333	1.57344860606	1.41773842424	1.07859551515	1.05284145455	1.77311466667	1.30060024242	1.65898266667	0.0	1.13416242424	0.998512848485	1.00191157576	0.815117333333	0.916765636364	0.956495333333	1.23357981818	1.56387654545	1.35659636364	0.809401333333	1.1275929697	1.25910818182	1.15051793939	0.820551212121	0.746601818182	0.925183575758	1.01107672727	1.31609812121	1.89124260606	0.747771030303	0.823071636364	1.20330709091	1.4688690303	1.32682127273	0.787898545455	1.25169745455	0.983724909091	0.94618030303
PEP27	1.47436460606	1.24018866667	1.50751412121	0.824779090909	1.01252133333	1.34435945455	1.36224660606	0.905929878788	1.37041042424	1.57195533333	1.1844130303	1.37099090909	1.24917236364	1.49079060606	1.14317933333	1.93289606061	1.21801436364	1.44433781818	1.30189430303	1.25293	1.38935018182	1.18766854545	1.03056048485	0.977867939394	0.991598060606	0.931949333333	0.944274424242	1.45700472727	1.10578957576	0.689442181818	1.0772729697	1.13416242424	0.0	0.97521830303	0.760326848485	1.03561430303	1.37479181818	1.56845484848	1.73357460606	1.02894139394	1.52143587879	1.28757830303	1.55376557576	0.784903939394	1.10137709091	1.01122721212	1.35324666667	1.32447569697	1.51861575758	0.900828787879	1.29689121212	1.13853975758	1.18274848485	0.737422121212	0.899430727273	1.72332769697	1.19575975758	0.939529939394	0.832346727273	0.847678606061
PEP28	1.1210030303	1.34227084848	1.91979060606	1.04408709091	0.772297454545	0.99126769697	0.989761636364	0.867944666667	1.08168181818	1.21159557576	0.889168545455	1.05563272727	1.6326849697	1.91512066667	1.19989230303	1.72630987879	0.907411454545	1.23447187879	1.10836739394	1.0826490303	1.20028957576	0.919846121212	0.659223151515	0.97968830303	1.31267963636	1.27072266667	0.769068484848	1.07801066667	1.46376242424	1.01631684848	1.48628218182	0.998512848485	0.97521830303	0.0	0.812552060606	0.724249090909	1.01745787879	1.37025824242	1.44933751515	1.46624551515	1.35707890909	1.0853070303	1.20397345455	1.07782127273	0.947808848485	0.907834121212	1.15080460606	1.02340672727	1.19718630303	1.32546624242	1.70462806061	0.962636242424	0.996901818182	0.943939818182	1.3357810303	1.48361072727	0.838681454545	0.951902666667	1.01141472727	0.923980424242
PEP29	1.26572115152	1.18062872727	1.64893660606	0.746248242424	0.760466363636	1.13402230303	1.13036909091	0.648000242424	1.24254236364	1.277924	1.02978812121	1.13457472727	1.42585315152	1.67186036364	0.882009454545	1.67756436364	1.00416763636	1.28176466667	1.12514260606	1.06813309091	1.15268987879	0.962624727273	0.852146727273	0.805134060606	1.06218163636	1.06991666667	0.751542484848	1.23867569697	1.25927581818	0.732806363636	1.20505472727	1.00191157576	0.760326848485	0.812552060606	0.0	0.863318848485	1.07430084848	1.33584630303	1.465336	1.22434315152	1.46771606061	1.063402	1.26480539394	0.853217212121	0.949917878788	0.782574424242	1.17109678788	1.15255551515	1.33212842424	1.01084206061	1.50633793939	0.902341030303	1.00358515152	0.670887272727	1.08748848485	1.55222678788	0.950157272727	0.830873636364	0.705184848485	0.74212230303
PEP30	1.01671854545	1.3994909697	2.00705133333	1.10713012121	0.771117212121	0.994060666667	0.92736030303	0.916258484848	1.02145321212	1.05588963636	0.908047575758	0.808683757576	1.71621563636	2.00871424242	1.22538406061	1.47738090909	0.723644666667	1.01835309091	0.886154424242	1.03961121212	0.961998909091	0.690684545455	0.632038787879	1.00551181818	1.44113624242	1.39528933333	0.777280848485	0.946252242424	1.60875224242	1.13471260606	1.60787369697	0.815117333333	1.03561430303	0.724249090909	0.863318848485	0.0	0.850415454545	1.116534	1.19877606061	1.58603242424	1.32643333333	0.851107393939	1.03230036364	1.15119654545	1.02442060606	0.876322	0.954216	0.888340181818	1.07985733333	1.34484248485	1.787954	0.918947878788	0.974937454545	1.041466	1.41399048485	1.401266	0.713019757576	1.09606630303	1.05870915152	0.919813515152
PIS1	0.744147212121	1.57530484848	2.14586084848	1.20909381818	0.973868060606	1.09001842424	0.966289333333	1.10359612121	1.15378272727	0.669026181818	1.06395163636	0.723894242424	1.9269549697	2.26231381818	1.3946270303	1.28609806061	0.740808848485	1.00278636364	1.16205618182	1.28090775758	1.07914030303	0.832050060606	0.877712909091	1.15586254545	1.51024866667	1.54609581818	1.05851957576	0.758375575758	1.88760345455	1.37274139394	1.83199787879	0.916765636364	1.37479181818	1.01745787879	1.07430084848	0.850415454545	0.0	1.00297006061	1.00274	1.660664	1.24058442424	0.987550606061	0.657281515152	1.30880460606	0.999483818182	1.04029769697	0.913566363636	0.905719393939	0.886546242424	1.5807369697	2.12105975758	1.05887884848	1.19046151515	1.23300169697	1.59083551515	1.27701539394	0.836448060606	1.27278393939	1.18514193939	1.09706678788
PIS2	1.12041557576	1.73161575758	2.32007684848	1.35680363636	1.153526	1.30825418182	1.29684933333	1.36515866667	1.38869424242	1.03470327273	1.476604	0.772572787879	2.15635290909	2.28251624242	1.06959878788	0.816605939394	1.06450533333	0.722485272727	0.943650606061	0.988723393939	0.632668909091	0.853604848485	1.23812357576	1.37884606061	1.95844660606	1.73765339394	1.43175981818	1.15299824242	2.13885048485	1.68274515152	2.00550539394	0.956495333333	1.56845484848	1.37025824242	1.33584630303	1.116534	1.00297006061	0.0	1.01650727273	1.86613684848	1.70850939394	0.838352545455	1.20406818182	1.56732993939	1.50427654545	1.03267890909	0.880488060606	1.04557212121	0.784329151515	1.57978969697	2.12939757576	0.987296060606	0.88271569697	1.58759357576	1.83952327273	1.6012969697	1.12698139394	1.69588490909	1.29795066667	1.24756084848
PIS4	1.0725410303	1.90348690909	2.60873757576	1.66737539394	1.33400915152	1.47131866667	1.41488218182	1.49563357576	1.56352406061	0.886774787879	1.51469745455	0.936194121212	2.35253036364	2.63005769697	1.53741175758	0.904949939394	1.12554824242	1.1283749697	1.30963836364	1.410332	1.18452345455	1.02021587879	1.29840987879	1.55213721212	2.05298224242	2.04351278788	1.5169389697	1.12146260606	2.30137375758	1.76672006061	2.26407836364	1.23357981818	1.73357460606	1.44933751515	1.465336	1.19877606061	1.00274	1.01650727273	0.0	2.18327224242	1.83290478788	1.17935654545	1.03021921212	1.75425090909	1.60122321212	1.35152278788	1.16234757576	1.26257915152	1.00975872727	1.90755309091	2.45985551515	1.34453278788	1.30776854545	1.66678266667	2.05213575758	1.65798048485	1.17831824242	1.78006781818	1.58568812121	1.50516084848
PIS5	1.86395084848	1.44329587879	1.20250484848	1.10482557576	1.46456539394	1.67587963636	1.71536969697	1.32747478788	1.67265618182	1.95193406061	1.52597418182	1.806906	0.987629878788	1.11757054545	1.34144727273	2.20088266667	1.6571990303	1.69469133333	1.57299618182	1.43439406061	1.65161521212	1.65561757576	1.49622284848	1.38165357576	0.944869757576	0.620030242424	1.441786	1.91620551515	1.01719339394	1.02397072727	0.906522969697	1.56387654545	1.02894139394	1.46624551515	1.22434315152	1.58603242424	1.660664	1.86613684848	2.18327224242	0.0	1.38617315152	1.60854127273	1.67112963636	1.04431115152	1.21228539394	1.22198775758	1.51231981818	1.70141721212	1.86284563636	0.87448	1.02351151515	1.3691869697	1.45674866667	1.14524666667	0.801288121212	1.95316739394	1.6318570303	1.23318684848	1.09776266667	1.20518436364
PIS7	1.4994049697	1.50983836364	1.97281193939	1.40775460606	1.36730557576	1.44383509091	1.41340793939	1.46133678788	1.43107975758	1.58357375758	1.36744369697	1.43196654545	1.66602460606	2.10009460606	1.77484575758	2.05320212121	1.23845521212	1.59702412121	1.6403809697	1.64018672727	1.6146169697	1.38455290909	1.38681187879	1.40867242424	1.34132448485	1.38526872727	1.49609442424	1.48760533333	1.67780533333	1.52235563636	1.69028509091	1.35659636364	1.52143587879	1.35707890909	1.46771606061	1.32643333333	1.24058442424	1.70850939394	1.83290478788	1.38617315152	0.0	1.52550290909	1.27391781818	1.36600757576	1.15941551515	1.48067933333	1.3391849697	1.46640672727	1.61700436364	1.75481193939	1.93817848485	1.48577745455	1.55802206061	1.42523327273	1.45527872727	1.46465218182	1.28325830303	1.36118909091	1.52537872727	1.32576066667
PIS9	1.18583636364	1.42486490909	2.01352490909	1.14868212121	0.891813575758	1.02873339394	1.05478927273	1.07688090909	1.12485248485	1.09697812121	1.20923993939	0.795933333333	1.89665333333	2.05353909091	1.00464551515	1.21094321212	0.956480787879	0.860533575758	0.842844	0.928410606061	0.764240242424	0.805620545455	0.96303369697	1.05322272727	1.66894472727	1.51796024242	1.14950254545	1.24394024242	1.83206072727	1.4204390303	1.72648569697	0.809401333333	1.28757830303	1.0853070303	1.063402	0.851107393939	0.987550606061	0.838352545455	1.17935654545	1.60854127273	1.52550290909	0.0	1.09901272727	1.28319690909	1.16272327273	0.831815212121	0.781046666667	0.947192666667	0.893047393939	1.36974406061	1.86711060606	0.732322787879	0.819106545455	1.3221709697	1.52394393939	1.5769309697	0.877720121212	1.44112157576	1.07847157576	1.03513060606
PIS10	0.807141939394	1.53437436364	2.17556793939	1.33358406061	1.06286363636	1.11356854545	0.988773030303	1.15582636364	1.15052739394	0.67855169697	1.14389109091	0.960740969697	1.98366921212	2.40024769697	1.5906549697	1.35327812121	0.967346	1.23576254545	1.31497866667	1.4772029697	1.28730678788	1.11550127273	1.10903915152	1.26688442424	1.58800193939	1.656644	1.22314993939	0.915578060606	2.06551927273	1.57133369697	2.02118642424	1.1275929697	1.55376557576	1.20397345455	1.26480539394	1.03230036364	0.657281515152	1.20406818182	1.03021921212	1.67112963636	1.27391781818	1.09901272727	0.0	1.38815460606	0.960045939394	1.17535169697	1.00755163636	1.08161569697	1.08121163636	1.7484130303	2.26493848485	1.24244642424	1.38995842424	1.4197170303	1.64534260606	1.25021084848	1.04119236364	1.40106909091	1.44163218182	1.21367218182
PIS11	1.35326066667	0.902908848485	1.34502727273	0.664936969697	0.866912060606	1.03684569697	1.08362836364	0.782961939394	1.11078587879	1.41853078788	1.09311066667	1.30022345455	1.18834115152	1.60302945455	1.22044327273	2.01703757576	1.27983345455	1.61201412121	1.37076818182	1.3339670303	1.47928636364	1.26490448485	1.14800030303	0.797354909091	0.95309169697	0.890217878788	1.07570866667	1.47917339394	1.22305860606	0.81970769697	1.18364066667	1.25910818182	0.784903939394	1.07782127273	0.853217212121	1.15119654545	1.30880460606	1.56732993939	1.75425090909	1.04431115152	1.36600757576	1.28319690909	1.38815460606	0.0	0.960854242424	1.0171409697	1.33432260606	1.43663406061	1.58570733333	1.00930157576	1.43195890909	1.13944866667	1.29850624242	0.831138545455	0.767000969697	1.55935139394	1.23020587879	0.839616181818	0.912024363636	0.839491515152
PIS14	1.21382969697	1.20550042424	1.75762090909	0.941516424242	0.907027030303	1.053402	1.01982648485	0.89896030303	1.08956642424	1.2374770303	0.85956369697	1.1743270303	1.543052	1.924138	1.30201193939	1.87859993939	1.08592090909	1.44265151515	1.27906909091	1.27995387879	1.35882278788	1.15155084848	0.905369333333	0.926221272727	0.998445454545	1.17448848485	0.875511878788	1.23279854545	1.53154654545	1.053172	1.52243806061	1.15051793939	1.10137709091	0.947808848485	0.949917878788	1.02442060606	0.999483818182	1.50427654545	1.60122321212	1.21228539394	1.15941551515	1.16272327273	0.960045939394	0.960854242424	0.0	0.911406969697	1.15840024242	1.21656248485	1.42913963636	1.31463193939	1.77503327273	1.01627987879	1.22766751515	0.976660181818	1.22056333333	1.36507521212	1.07674860606	0.909167151515	1.07694612121	0.905889878788
PIS15	1.27993884848	1.29858654545	1.80167915152	0.860180242424	0.710584666667	1.03169006061	1.08064436364	0.830297818182	1.10640587879	1.19453612121	1.04318812121	0.964722484848	1.60580054545	1.72146763636	0.758835393939	1.37399090909	0.984095393939	0.957893151515	0.792721030303	0.730077454545	0.828570727273	0.89767830303	0.844937515152	0.897608727273	1.3715149697	1.15788030303	0.849419333333	1.23752151515	1.56664066667	1.10873860606	1.4504069697	0.820551212121	1.01122721212	0.907834121212	0.782574424242	0.876322	1.04029769697	1.03267890909	1.35152278788	1.22198775758	1.48067933333	0.831815212121	1.17535169697	1.0171409697	0.911406969697	0.0	0.865969515152	1.01102654545	1.11602539394	1.0307670303	1.55283769697	0.594421757576	0.668604181818	1.016312	1.25804060606	1.50420012121	0.895633393939	1.12341472727	0.74094230303	0.773618909091
PLL76	1.1921409697	1.50397848485	2.09591763636	1.21341181818	1.07598715152	1.16728151515	1.15785084848	1.27234624242	1.17240351515	1.13376054545	1.26169012121	0.816706181818	1.95244909091	2.10256551515	1.08508854545	1.1999330303	0.82578430303	0.805633212121	0.825582666667	0.929842242424	0.857411393939	0.83598030303	1.06247490909	1.23209593939	1.57223709091	1.45864775758	1.24666775758	1.12532036364	1.9480369697	1.52070072727	1.83608254545	0.746601818182	1.35324666667	1.15080460606	1.17109678788	0.954216	0.913566363636	0.880488060606	1.16234757576	1.51231981818	1.3391849697	0.781046666667	1.00755163636	1.33432260606	1.15840024242	0.865969515152	0.0	0.765431333333	0.844533939394	1.404214	1.91282830303	0.766901333333	0.823120242424	1.30476406061	1.52286636364	1.33540963636	0.855075878788	1.36171236364	1.09837181818	0.995114242424
