	PAM31	PAM32	PAM33	PAM35	PAM36	PAM37	PAM39	PAM40	PAM41	PAM42	PAM43	PAM44	PAM45	PBW46	PBW47	PBW49	PBW50	PBW51	PBW52	PBW53	PBW54	PBW55	PBW56	PBW58	PBW59	PBW60	PEP16	PEP18	PEP21	PEP23	PEP24	PEP26	PEP27	PEP28	PEP29	PEP30	PIS1	PIS2	PIS4	PIS5	PIS7	PIS9	PIS10	PIS11	PIS14	PIS15	PLL76	PLL77	PLL79	PLL80	PLL83	PLL88	PLL89	PLL90	PPO64	PPO66	PPO67	PPO69	PPO72	PPO75
PAM31	0.0	1.47339884848	1.81967024242	1.0445950303	0.726331393939	1.04750309091	0.992746363636	0.700336727273	0.955022666667	0.657321030303	0.771361757576	0.730266121212	1.74329569697	2.38599290909	1.54407169697	1.45297363636	0.895650909091	1.05988715152	1.13864751515	1.18892254545	1.36722272727	0.891372060606	0.783689636364	0.679311636364	1.66240078788	1.33845606061	1.01606133333	0.875924060606	1.53023939394	1.32126727273	1.69481236364	1.01554309091	1.46646593939	1.15903642424	0.775787515152	0.77822769697	0.612606181818	0.989160848485	0.731437636364	1.82363509091	1.53775036364	1.02420745455	1.04650048485	0.791649636364	1.39434963636	0.885543333333	0.862994909091	0.933224424242	0.980668484848	1.60224	1.9962589697	1.26009648485	1.18480345455	0.967442909091	1.62715521212	1.3701990303	1.01018957576	0.898686545455	0.876883757576	0.897621878788
PAM32	1.47339884848	0.0	1.23853054545	1.17021315152	1.39119812121	0.935385818182	1.07803636364	1.35577969697	1.0743370303	1.30675406061	1.40096921212	1.53985818182	1.29072678788	2.05894678788	1.52691830303	2.28682812121	1.50403157576	1.88882587879	1.93363375758	1.68235484848	1.58737272727	1.73883260606	1.72094921212	1.51198018182	1.27219454545	1.25738521212	1.43683618182	1.74848581818	1.32650236364	1.16433690909	1.45917412121	1.3481630303	1.25961787879	1.30432012121	1.55258054545	1.50234763636	1.56683812121	1.84421727273	1.68838472727	1.38864969697	1.49301709091	1.51723115152	1.49514612121	1.26047963636	1.09314521212	1.57711551515	1.72921072727	1.73570012121	1.75737072727	1.34980660606	1.68683454545	1.34223436364	1.53390363636	1.44763472727	1.23821939394	1.93908830303	1.46707654545	1.4456989697	1.76528478788	1.42138121212
PAM33	1.81967024242	1.23853054545	0.0	1.29187206061	1.57131727273	1.17833672727	1.34011151515	1.61827945455	1.50763230303	1.62478266667	1.69557357576	1.85781018182	0.800964727273	1.32084630303	1.76179151515	2.55388351515	1.81077484848	2.11252624242	2.25386042424	1.900826	1.81273854545	1.93336884848	2.009664	1.79045666667	1.23557915152	1.49157042424	1.68000963636	2.19555054545	1.15460539394	1.28329133333	0.989277515152	1.85676545455	1.24137630303	1.50285927273	1.79518212121	1.72520412121	1.7894069697	2.0877429697	1.94777660606	1.14398569697	1.56157478788	1.77339684848	1.77688272727	1.55600666667	1.24520436364	1.76499430303	1.98010915152	1.95971915152	1.93331618182	1.21498793939	1.04304630303	1.51529230303	1.80571018182	1.64102381818	0.734224363636	2.42226406061	1.71630539394	1.78384284848	2.01426054545	1.6392969697
PAM35	1.0445950303	1.17021315152	1.29187206061	0.0	0.820946666667	0.82724369697	0.837874606061	0.881534909091	1.01983454545	0.962542121212	1.01601824242	1.03177363636	1.27513266667	1.87834406061	1.04069218182	1.72126951515	1.00885939394	1.28600993939	1.47795187879	1.0755689697	0.955948787879	1.11205206061	1.26042927273	1.00021006061	1.18514987879	0.825763818182	0.960463515152	1.37008418182	1.21182387879	0.967253090909	1.23595054545	0.99200369697	1.01870206061	0.803055575758	0.998254060606	0.999870363636	1.05558727273	1.28443830303	1.1357789697	1.19116163636	1.27179690909	0.995842363636	1.16272581818	0.815468060606	0.861362606061	0.950039333333	1.16679624242	1.22671812121	1.14600169697	1.07181854545	1.51857412121	0.732765575758	0.983682606061	0.836249212121	1.20913848485	1.7975809697	0.911038787879	1.06502157576	1.10024569697	0.856806969697
PAM36	0.726331393939	1.39119812121	1.57131727273	0.820946666667	0.0	0.912802606061	0.835975454545	0.497568363636	0.814531878788	0.587509757576	0.802751454545	0.799745151515	1.55392369697	2.17327630303	1.29065884848	1.53515206061	0.691937454545	1.11345987879	1.25179515152	1.00317309091	1.21742854545	0.853084787879	0.896208545455	0.699076363636	1.45979327273	1.16419133333	0.813174181818	1.02203872727	1.41400690909	1.10608933333	1.50288484848	0.890922	1.29000981818	0.964384424242	0.642369939394	0.682492666667	0.766693575758	1.04786678788	0.858787212121	1.57728842424	1.37879957576	0.823607939394	1.0137910303	0.638667333333	1.18241860606	0.722736787879	0.923372606061	0.961643090909	0.946871151515	1.34887709091	1.78832636364	1.00530206061	0.927600787879	0.792086060606	1.51769642424	1.53421115152	0.799544848485	0.831745818182	1.01073127273	0.663708181818
PAM37	1.04750309091	0.935385818182	1.17833672727	0.82724369697	0.912802606061	0.0	0.489407272727	0.940286484848	0.726961636364	0.926578545455	1.05399212121	1.20257018182	1.36527442424	2.04779442424	1.29092981818	1.95497139394	1.12713921212	1.49615484848	1.61012442424	1.34453642424	1.26023030303	1.355376	1.2774369697	1.11344151515	1.34162278788	1.11892145455	1.00220806061	1.51789636364	1.27548175758	1.03907606061	1.42157993939	1.29472387879	1.14304781818	0.942916	1.13883933333	1.08276872727	1.17403630303	1.51157387879	1.3042769697	1.48098424242	1.36726266667	1.19352739394	1.26909375758	0.876281818182	0.982696363636	1.20713878788	1.41225690909	1.34027648485	1.38697545455	1.31733387879	1.70110884848	1.05053230303	1.252588	1.04656830303	1.23805781818	1.71832587879	1.12742224242	1.14978612121	1.42822624242	1.09605006061
PAM39	0.992746363636	1.07803636364	1.34011151515	0.837874606061	0.835975454545	0.489407272727	0.0	0.779998363636	0.728373151515	0.851522787879	0.919673939394	1.18025139394	1.29024666667	2.1033609697	1.31918290909	1.92072739394	1.04091824242	1.46215618182	1.58049945455	1.30303036364	1.19253309091	1.27752618182	1.17738484848	1.06137727273	1.32374642424	1.16505575758	0.917777757576	1.4251150303	1.24454854545	1.04503363636	1.41950963636	1.21903333333	1.15336818182	0.921903757576	1.02087969697	0.998402909091	1.13008430303	1.4505210303	1.24383078788	1.53600181818	1.37115854545	1.18170072727	1.21430890909	0.879642545455	0.977636484848	1.14661551515	1.36424757576	1.33381660606	1.31182527273	1.35675084848	1.72283466667	1.02106018182	1.18887284848	0.936149030303	1.26093793939	1.71012333333	1.09700939394	1.05061775758	1.42272769697	1.05659175758
PAM40	0.700336727273	1.35577969697	1.61827945455	0.881534909091	0.497568363636	0.940286484848	0.779998363636	0.0	0.832121818182	0.536213878788	0.677349757576	0.85318830303	1.48691036364	2.21894818182	1.34489824242	1.55179266667	0.741287151515	1.09215357576	1.24245551515	1.09112581818	1.26049084848	0.913789393939	0.880007333333	0.758324121212	1.49956842424	1.20414260606	0.844372848485	1.04626224242	1.41261624242	1.17057030303	1.53080727273	0.904130848485	1.30098569697	0.997278242424	0.699732242424	0.662983333333	0.721496	1.05629818182	0.848672909091	1.60277690909	1.41138078788	0.880602242424	1.00463309091	0.714926606061	1.13291254545	0.772726606061	0.96987030303	0.936789030303	0.941771636364	1.4585089697	1.80249678788	1.06294860606	1.01840006061	0.798748363636	1.55696830303	1.51649345455	0.874050909091	0.838760606061	1.01538315152	0.746030363636
PAM41	0.955022666667	1.0743370303	1.50763230303	1.01983454545	0.814531878788	0.726961636364	0.728373151515	0.832121818182	0.0	0.711400060606	0.80027230303	1.05753666667	1.56606757576	2.34700769697	1.52313290909	1.79886369697	1.06149430303	1.40970884848	1.4958049697	1.25286666667	1.42181860606	1.22047084848	1.2044309697	0.954909575758	1.52743533333	1.32199715152	1.13307551515	1.23451836364	1.59134218182	1.32900533333	1.7265089697	0.979181393939	1.50675660606	1.17197957576	1.06350593939	1.02967533333	1.06902824242	1.34878436364	1.19766915152	1.6572629697	1.38649351515	1.11106466667	1.08949381818	0.740569030303	1.23147630303	1.06717048485	1.200756	1.25871460606	1.22894557576	1.57804618182	2.00569193939	1.24161818182	1.20724527273	1.05718909091	1.51210672727	1.39480545455	1.07678133333	0.884689575758	1.23832787879	0.937960787879
PAM42	0.657321030303	1.30675406061	1.62478266667	0.962542121212	0.587509757576	0.926578545455	0.851522787879	0.536213878788	0.711400060606	0.0	0.754932727273	0.810182545455	1.60107733333	2.25832412121	1.40361636364	1.49908945455	0.861386484848	1.10510054545	1.19953145455	1.11701981818	1.29938593939	0.894056	0.914624484848	0.686166242424	1.58325842424	1.28799648485	0.979471575758	1.02212606061	1.51326709091	1.23305945455	1.60334212121	0.861890787879	1.36916684848	1.03047151515	0.826378121212	0.760189454545	0.719004787879	1.02214636364	0.864251757576	1.6614230303	1.48795042424	0.897498787879	1.02397836364	0.681950666667	1.24130145455	0.737999515152	0.893622242424	0.890134666667	0.884488181818	1.46215375758	1.86183309091	1.12090842424	1.03561212121	0.917627939394	1.57547369697	1.46994284848	0.914255212121	0.86231569697	0.951645636364	0.754300121212
PAM43	0.771361757576	1.40096921212	1.69557357576	1.01601824242	0.802751454545	1.05399212121	0.919673939394	0.677349757576	0.80027230303	0.754932727273	0.0	1.01492230303	1.49962957576	2.35658775758	1.63641515152	1.73119539394	0.987128181818	1.25138527273	1.44993933333	1.28273133333	1.48216072727	1.07308060606	0.902938181818	0.989633030303	1.45770509091	1.30271418182	0.986629636364	1.07655175758	1.44163606061	1.24523254545	1.63592236364	1.00164739394	1.44481812121	1.11559381818	0.92476769697	0.823464121212	0.836868545455	1.2636669697	1.06095442424	1.71848933333	1.34748630303	1.16115890909	0.982038121212	0.948368121212	1.18010484848	1.05138630303	1.14374527273	1.11511406061	1.11561787879	1.62369812121	1.97747284848	1.28986648485	1.25207272727	0.935902606061	1.56443418182	1.314722	1.02963763636	0.686073757576	1.07692321212	0.937023151515
PAM44	0.730266121212	1.53985818182	1.85781018182	1.03177363636	0.799745151515	1.20257018182	1.18025139394	0.85318830303	1.05753666667	0.810182545455	1.01492230303	0.0	1.73308436364	2.27897987879	1.17853793939	1.21109115152	0.896578969697	0.789924909091	0.951835090909	0.88647230303	1.0340969697	0.701243393939	1.00243890909	0.505918727273	1.62876933333	1.26638121212	1.13146987879	1.06930278788	1.58789569697	1.39886866667	1.68474854545	0.849792484848	1.47345606061	1.14646739394	0.808574606061	0.859818666667	0.815308666667	0.773813151515	0.701705090909	1.71939151515	1.55997042424	0.760307636364	1.16092042424	0.831271393939	1.40838909091	0.630614666667	0.737028424242	0.89089430303	0.747122969697	1.45016757576	1.92537575758	1.12216963636	0.786876606061	0.991903454545	1.68369236364	1.47164006061	0.85949969697	1.03662793939	0.757101393939	0.784937454545
PAM45	1.74329569697	1.29072678788	0.800964727273	1.27513266667	1.55392369697	1.36527442424	1.29024666667	1.48691036364	1.56606757576	1.60107733333	1.49962957576	1.73308436364	0.0	1.38288133333	1.69003321212	2.48310133333	1.65983072727	2.00352951515	2.1758770303	1.80940612121	1.69008763636	1.87361333333	1.89717818182	1.75151084848	1.06238242424	1.41611939394	1.57453921212	2.03958266667	0.931784424242	1.16714466667	0.801254727273	1.6674350303	1.09425278788	1.41363745455	1.67512321212	1.62132787879	1.73787860606	2.04220915152	1.89106727273	1.11616084848	1.50625006061	1.768692	1.71965812121	1.57358206061	1.13777054545	1.7588670303	1.94044321212	1.92180545455	1.91475448485	1.12568830303	0.999599393939	1.42413884848	1.70103745455	1.53562769697	0.685845333333	2.28507569697	1.6129829697	1.65479763636	1.90131036364	1.58092157576
PBW46	2.38599290909	2.05894678788	1.32084630303	1.87834406061	2.17327630303	2.04779442424	2.1033609697	2.21894818182	2.34700769697	2.25832412121	2.35658775758	2.27897987879	1.38288133333	0.0	1.52916521212	2.62944145455	2.14265145455	2.09116393939	2.45229654545	1.88794769697	1.753868	2.23104242424	2.36171163636	2.21661278788	1.72475915152	1.74335418182	2.02966563636	2.56939006061	1.51503206061	1.70590127273	1.27537060606	2.17603612121	1.47483327273	1.83606993939	2.15726066667	2.14626412121	2.26364539394	2.30185642424	2.3637590303	1.20715175758	2.06398642424	2.12777684848	2.3339189697	2.15189054545	1.74200933333	2.12849163636	2.35564563636	2.21162169697	2.17525109091	1.23546963636	0.93964630303	1.71597084848	1.93792460606	1.95110939394	1.39645321212	3.0021149697	2.0349269697	2.23351375758	2.21469509091	2.0252689697
PBW47	1.54407169697	1.52691830303	1.76179151515	1.04069218182	1.29065884848	1.29092981818	1.31918290909	1.34489824242	1.52313290909	1.40361636364	1.63641515152	1.17853793939	1.69003321212	1.52916521212	0.0	1.41116206061	1.30130260606	0.941191212121	1.31841	0.759750606061	0.590818909091	1.13805818182	1.56168121212	1.24631290909	1.53470254545	1.12539733333	1.2460269697	1.66652036364	1.50139581818	1.22967254545	1.42027533333	1.25973660606	1.16664078788	1.05318121212	1.22994939394	1.31990339394	1.40524515152	1.11096636364	1.25897575758	1.13458375758	1.70765587879	1.05047660606	1.62317315152	1.26309054545	1.21668957576	1.0231089697	1.27145606061	1.31367006061	1.05423787879	1.00201060606	1.35561260606	0.823337636364	0.776664969697	1.17516127273	1.60713733333	2.18646539394	1.11030260606	1.51096406061	1.1845669697	1.12595672727
PBW49	1.45297363636	2.28682812121	2.55388351515	1.72126951515	1.53515206061	1.95497139394	1.92072739394	1.55179266667	1.79886369697	1.49908945455	1.73119539394	1.21109115152	2.48310133333	2.62944145455	1.41116206061	0.0	1.52998915152	0.940663818182	0.829168181818	1.09692175758	1.31123636364	1.1327609697	1.47743684848	1.23896636364	2.34974193939	1.81394375758	1.72421412121	1.34930460606	2.310102	2.04135557576	2.25848381818	1.43395527273	1.96461218182	1.76018642424	1.44465327273	1.5086	1.32648078788	0.797978484848	1.14175745455	2.15013490909	2.23770836364	1.26238787879	1.67344248485	1.56993624242	2.01032545455	1.16197806061	1.08833351515	1.24431563636	1.04005133333	1.83819957576	2.33141563636	1.61909484848	1.1472910303	1.61740151515	2.43314157576	1.73838806061	1.48935436364	1.71914430303	1.04293206061	1.40015527273
PBW50	0.895650909091	1.50403157576	1.81077484848	1.00885939394	0.691937454545	1.12713921212	1.04091824242	0.741287151515	1.06149430303	0.861386484848	0.987128181818	0.896578969697	1.65983072727	2.14265145455	1.30130260606	1.52998915152	0.0	1.01514715152	1.08320739394	0.92744230303	1.12183666667	0.825203090909	0.914054242424	0.810544969697	1.51043957576	1.12519812121	0.844561090909	1.03751060606	1.38624084848	1.14396848485	1.49990981818	0.887369636364	1.22866557576	0.986672545455	0.640388727273	0.692974	0.803580606061	1.12242787879	0.916737030303	1.60915363636	1.35912672727	0.934549757576	1.13105648485	0.803116787879	1.16800490909	0.841182	0.916852484848	0.886307090909	0.970651272727	1.34382206061	1.75530648485	1.05146557576	0.911923818182	0.778319515152	1.64866321212	1.55823030303	0.843179151515	0.855308606061	0.994348	0.675038363636
PBW51	1.05988715152	1.88882587879	2.11252624242	1.28600993939	1.11345987879	1.49615484848	1.46215618182	1.09215357576	1.40970884848	1.10510054545	1.25138527273	0.789924909091	2.00352951515	2.09116393939	0.941191212121	0.940663818182	1.01514715152	0.0	0.749852848485	0.680952727273	0.849603212121	0.752169757576	1.00349751515	0.868493575758	1.86930006061	1.346402	1.25898509091	1.18818090909	1.78495939394	1.55855927273	1.80661321212	0.992030727273	1.47732642424	1.30093436364	0.994837818182	1.04004090909	0.973777939394	0.697945939394	0.86378430303	1.64171763636	1.782186	0.904541515152	1.38913054545	1.18420866667	1.53158721212	0.768428787879	0.814308727273	0.786658121212	0.613677818182	1.35736230303	1.78577666667	1.13034472727	0.755360424242	1.13371830303	1.94481727273	1.76271793939	1.02079806061	1.25601830303	0.668403878788	0.958490606061
PBW52	1.13864751515	1.93363375758	2.25386042424	1.47795187879	1.25179515152	1.61012442424	1.58049945455	1.24245551515	1.4958049697	1.19953145455	1.44993933333	0.951835090909	2.1758770303	2.45229654545	1.31841	0.829168181818	1.08320739394	0.749852848485	0.0	0.90963769697	1.10377981818	0.849642363636	1.15621860606	0.978680969697	2.093582	1.54128187879	1.46491187879	1.06119084848	2.03904109091	1.77110278788	2.00941163636	1.14341618182	1.72785890909	1.50015593939	1.18039915152	1.20992515152	1.06877430303	0.71042	0.848420060606	2.00337533333	1.98441654545	1.00589993939	1.41915636364	1.29024454545	1.71172490909	0.905000787879	0.798512727273	0.867089757576	0.814313575758	1.65827672727	2.14359193939	1.40585842424	0.964344545455	1.35206024242	2.08862478788	1.6044409697	1.21861793939	1.45962351515	0.779816363636	1.07344078788
PBW53	1.18892254545	1.68235484848	1.900826	1.0755689697	1.00317309091	1.34453642424	1.30303036364	1.09112581818	1.25286666667	1.11701981818	1.28273133333	0.88647230303	1.80940612121	1.88794769697	0.759750606061	1.09692175758	0.92744230303	0.680952727273	0.90963769697	0.0	0.547503575758	0.741648424242	1.25208842424	0.968339030303	1.6350210303	1.09220963636	1.0854449697	1.27019569697	1.61771915152	1.31421139394	1.561164	0.938838363636	1.29948024242	1.05159557576	0.925770909091	0.981717272727	1.14191454545	0.807508848485	0.99473230303	1.45002854545	1.56614333333	0.849345393939	1.42162812121	1.00564442424	1.35622030303	0.789726363636	0.995736848485	1.04867351515	0.783552484848	1.15039442424	1.58127945455	0.879285939394	0.516463333333	0.917743151515	1.70241630303	1.89383369697	0.80538630303	1.16792678788	0.859931272727	0.798770242424
PBW54	1.36722272727	1.58737272727	1.81273854545	0.955948787879	1.21742854545	1.26023030303	1.19253309091	1.26049084848	1.42181860606	1.29938593939	1.48216072727	1.0340969697	1.69008763636	1.753868	0.590818909091	1.31123636364	1.12183666667	0.849603212121	1.10377981818	0.547503575758	0.0	0.910014545455	1.46139345455	1.13171860606	1.56826872727	1.05296266667	1.16664587879	1.54615236364	1.50475436364	1.27711836364	1.48715848485	1.11173551515	1.23529557576	1.03230690909	1.15088284848	1.20704327273	1.30568248485	0.968305636364	1.17625890909	1.23908993939	1.5752449697	1.01958109091	1.55475642424	1.16688048485	1.28456824242	0.975860484848	1.15966090909	1.22881636364	0.98266830303	1.10321024242	1.46975333333	0.799249030303	0.675268363636	1.03862648485	1.62510048485	2.02908115152	0.97902830303	1.33931933333	1.03469557576	1.01291842424
PBW55	0.891372060606	1.73883260606	1.93336884848	1.11205206061	0.853084787879	1.355376	1.27752618182	0.913789393939	1.22047084848	0.894056	1.07308060606	0.701243393939	1.87361333333	2.23104242424	1.13805818182	1.1327609697	0.825203090909	0.752169757576	0.849642363636	0.741648424242	0.910014545455	0.0	0.909765212121	0.712827090909	1.68405515152	1.25242654545	1.03994381818	1.02599733333	1.57898030303	1.30608018182	1.60196175758	0.839975757576	1.37122975758	1.08357939394	0.755693393939	0.778493939394	0.819626242424	0.736443333333	0.720740727273	1.70678	1.51353830303	0.899459030303	1.229602	0.979253939394	1.39569309091	0.658597212121	0.760594	0.850157818182	0.720749151515	1.44308551515	1.9047249697	1.10282612121	0.726781454545	0.960195333333	1.76537212121	1.71144018182	0.845991090909	0.968642606061	0.747932181818	0.781472727273
PBW56	0.783689636364	1.72094921212	2.009664	1.26042927273	0.896208545455	1.2774369697	1.17738484848	0.880007333333	1.2044309697	0.914624484848	0.902938181818	1.00243890909	1.89717818182	2.36171163636	1.56168121212	1.47743684848	0.914054242424	1.00349751515	1.15621860606	1.25208842424	1.46139345455	0.909765212121	0.0	0.88199630303	1.70237345455	1.32646375758	0.82521169697	0.783286181818	1.54980878788	1.27727266667	1.68241969697	1.08285381818	1.42457121212	1.09366751515	0.800678121212	0.799909212121	0.684233636364	1.08328721212	0.904709212121	1.84214254545	1.60547381818	1.15672472727	1.10760090909	1.07466993939	1.41841490909	0.995892	0.928535575758	0.92171769697	1.00747654545	1.60767593939	1.96713163636	1.31491533333	1.18531115152	0.891849515152	1.84947272727	1.53511375758	0.957318848485	0.877714484848	0.922020666667	1.00355818182
PBW58	0.679311636364	1.51198018182	1.79045666667	1.00021006061	0.699076363636	1.11344151515	1.06137727273	0.758324121212	0.954909575758	0.686166242424	0.989633030303	0.505918727273	1.75151084848	2.21661278788	1.24631290909	1.23896636364	0.810544969697	0.868493575758	0.978680969697	0.968339030303	1.13171860606	0.712827090909	0.88199630303	0.0	1.61005630303	1.20976345455	1.02966642424	1.01345763636	1.57160739394	1.29453006061	1.57308242424	0.818973151515	1.40564290909	1.10400551515	0.725337575758	0.76847	0.699425333333	0.809803515152	0.694236424242	1.65917593939	1.54639654545	0.742663454545	1.06936278788	0.724314969697	1.34408890909	0.599650121212	0.712037212121	0.828287333333	0.783672121212	1.39347963636	1.9104629697	1.07876	0.905247090909	0.91852230303	1.68735060606	1.43369260606	0.841572	0.969158424242	0.816961939394	0.734068181818
PBW59	1.66240078788	1.27219454545	1.23557915152	1.18514987879	1.45979327273	1.34162278788	1.32374642424	1.49956842424	1.52743533333	1.58325842424	1.45770509091	1.62876933333	1.06238242424	1.72475915152	1.53470254545	2.34974193939	1.51043957576	1.86930006061	2.093582	1.6350210303	1.56826872727	1.68405515152	1.70237345455	1.61005630303	0.0	0.992942545455	1.39075375758	1.85117539394	1.00635327273	0.952938969697	1.08294721212	1.60745806061	1.0797690303	1.27257212121	1.51404757576	1.47139466667	1.54241036364	1.91942393939	1.78715587879	0.930520484848	1.12320993939	1.67347624242	1.33759993939	1.40752351515	0.843359878788	1.62457515152	1.74937715152	1.73410678788	1.80836163636	1.1628810303	1.36161454545	1.32030672727	1.59009284848	1.33716321212	1.01862206061	1.98630066667	1.40414224242	1.41909181818	1.74425290909	1.43759563636
PBW60	1.33845606061	1.25738521212	1.49157042424	0.825763818182	1.16419133333	1.11892145455	1.16505575758	1.20414260606	1.32199715152	1.28799648485	1.30271418182	1.26638121212	1.41611939394	1.74335418182	1.12539733333	1.81394375758	1.12519812121	1.346402	1.54128187879	1.09220963636	1.05296266667	1.25242654545	1.32646375758	1.20976345455	0.992942545455	0.0	1.03984781818	1.4524110303	1.19859315152	0.995266242424	1.13174163636	1.11866945455	1.00906757576	0.884838909091	1.13602660606	1.06456848485	1.19592587879	1.37844187879	1.36604642424	0.972735878788	0.996973575758	1.19450327273	1.07979715152	1.09687078788	0.836644363636	1.14531042424	1.37128430303	1.2589009697	1.2699509697	1.06413072727	1.36340339394	0.845230484848	1.06870412121	1.04132163636	1.28937587879	1.85965484848	1.01929460606	1.24497739394	1.2247890303	0.975075636364
PEP16	1.01606133333	1.43683618182	1.68000963636	0.960463515152	0.813174181818	1.00220806061	0.917777757576	0.844372848485	1.13307551515	0.979471575758	0.986629636364	1.13146987879	1.57453921212	2.02966563636	1.2460269697	1.72421412121	0.844561090909	1.25898509091	1.46491187879	1.0854449697	1.16664587879	1.03994381818	0.82521169697	1.02966642424	1.39075375758	1.03984781818	0.0	1.05009787879	1.18798812121	0.893817333333	1.33130654545	1.06665727273	1.08084060606	0.74153169697	0.750416848485	0.803396181818	0.931110545455	1.34070157576	1.13153824242	1.53419618182	1.28131315152	1.06608806061	1.25185563636	0.963830969697	1.08963327273	1.06345254545	1.21225163636	1.135914	1.14971272727	1.30641127273	1.61367521212	1.01293248485	0.980063333333	0.70734569697	1.5315709697	1.73902169697	0.764433333333	0.884828484848	1.2321	0.875602484848
PEP18	0.875924060606	1.74848581818	2.19555054545	1.37008418182	1.02203872727	1.51789636364	1.4251150303	1.04626224242	1.23451836364	1.02212606061	1.07655175758	1.06930278788	2.03958266667	2.56939006061	1.66652036364	1.34930460606	1.03751060606	1.18818090909	1.06119084848	1.27019569697	1.54615236364	1.02599733333	0.783286181818	1.01345763636	1.85117539394	1.4524110303	1.05009787879	0.0	1.69298406061	1.3677970303	1.83701351515	1.04793115152	1.58873666667	1.21791321212	0.933166606061	0.95198969697	0.825963333333	1.15748018182	0.979791757576	1.9920910303	1.66793672727	1.21559175758	1.18502030303	1.16585648485	1.60676521212	1.08817515152	0.928631333333	1.05487212121	1.0998970303	1.74808454545	2.10456436364	1.42583751515	1.26179830303	1.13163327273	1.96219515152	1.35900527273	1.03766672727	1.00242454545	0.960290484848	1.04570993939
PEP21	1.53023939394	1.32650236364	1.15460539394	1.21182387879	1.41400690909	1.27548175758	1.24454854545	1.41261624242	1.59134218182	1.51326709091	1.44163606061	1.58789569697	0.931784424242	1.51503206061	1.50139581818	2.310102	1.38624084848	1.78495939394	2.03904109091	1.61771915152	1.50475436364	1.57898030303	1.54980878788	1.57160739394	1.00635327273	1.19859315152	1.18798812121	1.69298406061	0.0	0.729794060606	0.703979151515	1.58595472727	0.781240969697	1.04874745455	1.36180666667	1.2594789697	1.52019636364	1.89653890909	1.70376369697	1.09001739394	1.38585727273	1.6258349697	1.56568715152	1.46527	1.00102551515	1.61110454545	1.75933284848	1.71816066667	1.70810278788	0.944095878788	1.12979787879	1.26493187879	1.52289278788	1.23000848485	0.834487090909	2.18951745455	1.36252787879	1.34581575758	1.7299990303	1.42178539394
PEP23	1.32126727273	1.16433690909	1.28329133333	0.967253090909	1.10608933333	1.03907606061	1.04503363636	1.17057030303	1.32900533333	1.23305945455	1.24523254545	1.39886866667	1.16714466667	1.70590127273	1.22967254545	2.04135557576	1.14396848485	1.55855927273	1.77110278788	1.31421139394	1.27711836364	1.30608018182	1.27727266667	1.29453006061	0.952938969697	0.995266242424	0.893817333333	1.3677970303	0.729794060606	0.0	0.891322424242	1.33350793939	0.762162424242	0.753678727273	1.05921539394	0.98483969697	1.24280109091	1.62883781818	1.43896175758	1.17104406061	1.26700406061	1.35239242424	1.30833793939	1.18786163636	0.817523454545	1.30564418182	1.46329975758	1.44772006061	1.44187842424	0.982653575758	1.2585250303	0.996284727273	1.26981109091	0.974392363636	1.08210490909	1.97641890909	1.05595418182	1.08273369697	1.48421260606	1.15487763636
PEP24	1.69481236364	1.45917412121	0.989277515152	1.23595054545	1.50288484848	1.42157993939	1.41950963636	1.53080727273	1.7265089697	1.60334212121	1.63592236364	1.68474854545	0.801254727273	1.27537060606	1.42027533333	2.25848381818	1.49990981818	1.80661321212	2.00941163636	1.561164	1.48715848485	1.60196175758	1.68241969697	1.57308242424	1.08294721212	1.13174163636	1.33130654545	1.83701351515	0.703979151515	0.891322424242	0.0	1.54061290909	0.826707393939	1.12391557576	1.44555224242	1.38498345455	1.58723309091	1.81712266667	1.7420410303	1.03124539394	1.48489593939	1.61220163636	1.70636193939	1.52926321212	1.06581678788	1.55639133333	1.78080933333	1.71598006061	1.69152812121	0.894540242424	0.891785515152	1.2193230303	1.49359266667	1.3598129697	0.774141272727	2.39962933333	1.42302121212	1.53754048485	1.73201369697	1.42298781818
PEP26	1.01554309091	1.3481630303	1.85676545455	0.99200369697	0.890922	1.29472387879	1.21903333333	0.904130848485	0.979181393939	0.861890787879	1.00164739394	0.849792484848	1.6674350303	2.17603612121	1.25973660606	1.43395527273	0.887369636364	0.992030727273	1.14341618182	0.938838363636	1.11173551515	0.839975757576	1.08285381818	0.818973151515	1.60745806061	1.11866945455	1.06665727273	1.04793115152	1.58595472727	1.33350793939	1.54061290909	0.0	1.25409654545	1.05365927273	0.891167818182	0.825000727273	0.909927818182	1.01653230303	0.955687393939	1.57332533333	1.47121915152	0.892731515152	1.19021739394	0.881698060606	1.28516751515	0.765254181818	0.923846727273	0.943249939394	0.901522484848	1.36956963636	1.84208751515	1.02585145455	0.846694787879	0.957820545455	1.67190884848	1.52925860606	0.856042606061	0.938566363636	0.885431454545	0.675966545455
PEP27	1.46646593939	1.25961787879	1.24137630303	1.01870206061	1.29000981818	1.14304781818	1.15336818182	1.30098569697	1.50675660606	1.36916684848	1.44481812121	1.47345606061	1.09425278788	1.47483327273	1.16664078788	1.96461218182	1.22866557576	1.47732642424	1.72785890909	1.29948024242	1.23529557576	1.37122975758	1.42457121212	1.40564290909	1.0797690303	1.00906757576	1.08084060606	1.58873666667	0.781240969697	0.762162424242	0.826707393939	1.25409654545	0.0	0.917553757576	1.2185270303	1.18625909091	1.35842545455	1.57786133333	1.47977836364	0.984537030303	1.45512648485	1.34645363636	1.48437260606	1.29668442424	0.935968181818	1.29152575758	1.51659163636	1.40967109091	1.39001733333	0.754036	1.05713	0.948489212121	1.19786054545	1.11031975758	1.01564066667	2.15575515152	1.16427187879	1.34459963636	1.48790351515	1.13660636364
PEP28	1.15903642424	1.30432012121	1.50285927273	0.803055575758	0.964384424242	0.942916	0.921903757576	0.997278242424	1.17197957576	1.03047151515	1.11559381818	1.14646739394	1.41363745455	1.83606993939	1.05318121212	1.76018642424	0.986672545455	1.30093436364	1.50015593939	1.05159557576	1.03230690909	1.08357939394	1.09366751515	1.10400551515	1.27257212121	0.884838909091	0.74153169697	1.21791321212	1.04874745455	0.753678727273	1.12391557576	1.05365927273	0.917553757576	0.0	0.877307333333	0.83312169697	1.04042418182	1.34907060606	1.18766993939	1.34363030303	1.27053284848	1.06465454545	1.25346224242	0.994959151515	0.923042909091	1.07355527273	1.25166381818	1.18308812121	1.12916830303	1.09410878788	1.419956	0.812489393939	0.989339757576	0.805364545455	1.31596848485	1.84716078788	0.769925757576	0.978015454545	1.19205666667	0.898888606061
PEP29	0.775787515152	1.55258054545	1.79518212121	0.998254060606	0.642369939394	1.13883933333	1.02087969697	0.699732242424	1.06350593939	0.826378121212	0.92476769697	0.808574606061	1.67512321212	2.15726066667	1.22994939394	1.44465327273	0.640388727273	0.994837818182	1.18039915152	0.925770909091	1.15088284848	0.755693393939	0.800678121212	0.725337575758	1.51404757576	1.13602660606	0.750416848485	0.933166606061	1.36180666667	1.05921539394	1.44555224242	0.891167818182	1.2185270303	0.877307333333	0.0	0.573522363636	0.771584242424	1.01267830303	0.798088545455	1.62401121212	1.372214	0.872466121212	1.12514484848	0.838130727273	1.20940090909	0.736469757576	0.872381212121	0.914478484848	0.889088848485	1.33210933333	1.76783775758	1.0269350303	0.874773030303	0.712051393939	1.61838575758	1.60776363636	0.739427515152	0.832889454545	0.960023515152	0.683093030303
PEP30	0.77822769697	1.50234763636	1.72520412121	0.999870363636	0.682492666667	1.08276872727	0.998402909091	0.662983333333	1.02967533333	0.760189454545	0.823464121212	0.859818666667	1.62132787879	2.14626412121	1.31990339394	1.5086	0.692974	1.04004090909	1.20992515152	0.981717272727	1.20704327273	0.778493939394	0.799909212121	0.76847	1.47139466667	1.06456848485	0.803396181818	0.95198969697	1.2594789697	0.98483969697	1.38498345455	0.825000727273	1.18625909091	0.83312169697	0.573522363636	0.0	0.767488545455	1.06836563636	0.849020242424	1.58203648485	1.34694521212	0.890057818182	1.06428309091	0.810995151515	1.15058012121	0.786194181818	0.94388430303	0.929996606061	0.940648424242	1.35697290909	1.75104375758	1.03721836364	0.990248606061	0.748108181818	1.58417636364	1.53552357576	0.807655090909	0.744948060606	0.978421515152	0.729450545455
PIS1	0.612606181818	1.56683812121	1.7894069697	1.05558727273	0.766693575758	1.17403630303	1.13008430303	0.721496	1.06902824242	0.719004787879	0.836868545455	0.815308666667	1.73787860606	2.26364539394	1.40524515152	1.32648078788	0.803580606061	0.973777939394	1.06877430303	1.14191454545	1.30568248485	0.819626242424	0.684233636364	0.699425333333	1.54241036364	1.19592587879	0.931110545455	0.825963333333	1.52019636364	1.24280109091	1.58723309091	0.909927818182	1.35842545455	1.04042418182	0.771584242424	0.767488545455	0.0	0.902908606061	0.710225636364	1.61712769697	1.37973848485	0.942298484848	0.846028484848	0.823385151515	1.23156745455	0.779074606061	0.728586909091	0.743170969697	0.873370666667	1.48356618182	1.90788709091	1.12223139394	1.05627387879	0.893452606061	1.69599460606	1.38371066667	0.878532606061	0.853148727273	0.752771393939	0.753309878788
PIS2	0.989160848485	1.84421727273	2.0877429697	1.28443830303	1.04786678788	1.51157387879	1.4505210303	1.05629818182	1.34878436364	1.02214636364	1.2636669697	0.773813151515	2.04220915152	2.30185642424	1.11096636364	0.797978484848	1.12242787879	0.697945939394	0.71042	0.807508848485	0.968305636364	0.736443333333	1.08328721212	0.809803515152	1.91942393939	1.37844187879	1.34070157576	1.15748018182	1.89653890909	1.62883781818	1.81712266667	1.01653230303	1.57786133333	1.34907060606	1.01267830303	1.06836563636	0.902908606061	0.0	0.689125515152	1.78024284848	1.79908163636	0.888428060606	1.31010169697	1.10938478788	1.60916321212	0.731561393939	0.752815030303	0.857221272727	0.683029818182	1.50235575758	1.97547763636	1.17398266667	0.823929151515	1.22108133333	1.97885242424	1.74477006061	1.1090609697	1.30060678788	0.717458666667	0.941734363636
PIS4	0.731437636364	1.68838472727	1.94777660606	1.1357789697	0.858787212121	1.3042769697	1.24383078788	0.848672909091	1.19766915152	0.864251757576	1.06095442424	0.701705090909	1.89106727273	2.3637590303	1.25897575758	1.14175745455	0.916737030303	0.86378430303	0.848420060606	0.99473230303	1.17625890909	0.720740727273	0.904709212121	0.694236424242	1.78715587879	1.36604642424	1.13153824242	0.979791757576	1.70376369697	1.43896175758	1.7420410303	0.955687393939	1.47977836364	1.18766993939	0.798088545455	0.849020242424	0.710225636364	0.689125515152	0.0	1.77663757576	1.64101321212	0.907343393939	1.10089521212	0.915373090909	1.4159809697	0.666103757576	0.596672909091	0.798712363636	0.734744181818	1.48896466667	1.97966315152	1.1681930303	0.950240848485	1.01364066667	1.86129357576	1.50451484848	0.989022363636	1.0921909697	0.71614769697	0.864501939394
PIS5	1.82363509091	1.38864969697	1.14398569697	1.19116163636	1.57728842424	1.48098424242	1.53600181818	1.60277690909	1.6572629697	1.6614230303	1.71848933333	1.71939151515	1.11616084848	1.20715175758	1.13458375758	2.15013490909	1.60915363636	1.64171763636	2.00337533333	1.45002854545	1.23908993939	1.70678	1.84214254545	1.65917593939	0.930520484848	0.972735878788	1.53419618182	1.9920910303	1.09001739394	1.17104406061	1.03124539394	1.57332533333	0.984537030303	1.34363030303	1.62401121212	1.58203648485	1.61712769697	1.78024284848	1.77663757576	0.0	1.29019490909	1.56613090909	1.44832345455	1.47714751515	1.03112533333	1.53713018182	1.73652793939	1.663316	1.63828090909	0.804308787879	0.961787878788	1.12974854545	1.40461090909	1.4316349697	1.0437110303	2.20932587879	1.49585884848	1.644622	1.60649157576	1.40941151515
PIS7	1.53775036364	1.49301709091	1.56157478788	1.27179690909	1.37879957576	1.36726266667	1.37115854545	1.41138078788	1.38649351515	1.48795042424	1.34748630303	1.55997042424	1.50625006061	2.06398642424	1.70765587879	2.23770836364	1.35912672727	1.782186	1.98441654545	1.56614333333	1.5752449697	1.51353830303	1.60547381818	1.54639654545	1.12320993939	0.996973575758	1.28131315152	1.66793672727	1.38585727273	1.26700406061	1.48489593939	1.47121915152	1.45512648485	1.27053284848	1.372214	1.34694521212	1.37973848485	1.79908163636	1.64101321212	1.29019490909	0.0	1.57848448485	0.979291818182	1.33381272727	1.17381248485	1.53753454545	1.65004030303	1.59086048485	1.69688418182	1.62097509091	1.77104315152	1.40642563636	1.47203963636	1.25762575758	1.41199151515	1.89184478788	1.30295775758	1.26056781818	1.62768587879	1.30205381818
PIS9	1.02420745455	1.51723115152	1.77339684848	0.995842363636	0.823607939394	1.19352739394	1.18170072727	0.880602242424	1.11106466667	0.897498787879	1.16115890909	0.760307636364	1.768692	2.12777684848	1.05047660606	1.26238787879	0.934549757576	0.904541515152	1.00589993939	0.849345393939	1.01958109091	0.899459030303	1.15672472727	0.742663454545	1.67347624242	1.19450327273	1.06608806061	1.21559175758	1.6258349697	1.35239242424	1.61220163636	0.892731515152	1.34645363636	1.06465454545	0.872466121212	0.890057818182	0.942298484848	0.888428060606	0.907343393939	1.56613090909	1.57848448485	0.0	1.18677884848	0.822230909091	1.26895987879	0.644533333333	0.874391939394	0.867359878788	0.746221030303	1.30836818182	1.75338848485	0.954774242424	0.751961939394	0.981123818182	1.69099212121	1.63704648485	0.823520666667	1.17590393939	0.929920424242	0.764161333333
PIS10	1.04650048485	1.49514612121	1.77688272727	1.16272581818	1.0137910303	1.26909375758	1.21430890909	1.00463309091	1.08949381818	1.02397836364	0.982038121212	1.16092042424	1.71965812121	2.3339189697	1.62317315152	1.67344248485	1.13105648485	1.38913054545	1.41915636364	1.42162812121	1.55475642424	1.229602	1.10760090909	1.06936278788	1.33759993939	1.07979715152	1.25185563636	1.18502030303	1.56568715152	1.30833793939	1.70636193939	1.19021739394	1.48437260606	1.25346224242	1.12514484848	1.06428309091	0.846028484848	1.31010169697	1.10089521212	1.44832345455	0.979291818182	1.18677884848	0.0	0.996236666667	1.13657109091	1.14295072727	1.04810630303	1.15354236364	1.26256436364	1.57282084848	1.96314745455	1.26741357576	1.35884357576	1.16648957576	1.67364127273	1.36894678788	1.22999830303	1.04174218182	1.12533090909	1.08097824242
PIS11	0.791649636364	1.26047963636	1.55600666667	0.815468060606	0.638667333333	0.876281818182	0.879642545455	0.714926606061	0.740569030303	0.681950666667	0.948368121212	0.831271393939	1.57358206061	2.15189054545	1.26309054545	1.56993624242	0.803116787879	1.18420866667	1.29024454545	1.00564442424	1.16688048485	0.979253939394	1.07466993939	0.724314969697	1.40752351515	1.09687078788	0.963830969697	1.16585648485	1.46527	1.18786163636	1.52926321212	0.881698060606	1.29668442424	0.994959151515	0.838130727273	0.810995151515	0.823385151515	1.10938478788	0.915373090909	1.47714751515	1.33381272727	0.822230909091	0.996236666667	0.0	1.13913527273	0.786501575758	0.965585151515	1.04132969697	1.04916539394	1.33759169697	1.77663939394	1.02444515152	0.963907636364	0.841664545455	1.47767878788	1.47754454545	0.85016830303	0.922243333333	1.03589630303	0.727665939394
PIS14	1.39434963636	1.09314521212	1.24520436364	0.861362606061	1.18241860606	0.982696363636	0.977636484848	1.13291254545	1.23147630303	1.24130145455	1.18010484848	1.40838909091	1.13777054545	1.74200933333	1.21668957576	2.01032545455	1.16800490909	1.53158721212	1.71172490909	1.35622030303	1.28456824242	1.39569309091	1.41841490909	1.34408890909	0.843359878788	0.836644363636	1.08963327273	1.60676521212	1.00102551515	0.817523454545	1.06581678788	1.28516751515	0.935968181818	0.923042909091	1.20940090909	1.15058012121	1.23156745455	1.60916321212	1.4159809697	1.03112533333	1.17381248485	1.26895987879	1.13657109091	1.13913527273	0.0	1.24161212121	1.45417363636	1.27182424242	1.3835450303	1.0376770303	1.33655272727	0.923147454545	1.26828824242	1.06165606061	1.09317551515	1.91933630303	1.15216442424	1.20366612121	1.43109315152	1.13691321212
PIS15	0.885543333333	1.57711551515	1.76499430303	0.950039333333	0.722736787879	1.20713878788	1.14661551515	0.772726606061	1.06717048485	0.737999515152	1.05138630303	0.630614666667	1.7588670303	2.12849163636	1.0231089697	1.16197806061	0.841182	0.768428787879	0.905000787879	0.789726363636	0.975860484848	0.658597212121	0.995892	0.599650121212	1.62457515152	1.14531042424	1.06345254545	1.08817515152	1.61110454545	1.30564418182	1.55639133333	0.765254181818	1.29152575758	1.07355527273	0.736469757576	0.786194181818	0.779074606061	0.731561393939	0.666103757576	1.53713018182	1.53753454545	0.644533333333	1.14295072727	0.786501575758	1.24161212121	0.0	0.693004666667	0.766838787879	0.624414484848	1.268418	1.74880945455	0.956092909091	0.68598230303	0.940830121212	1.65620836364	1.60515666667	0.804292181818	0.982242727273	0.714769030303	0.689816
PLL76	0.862994909091	1.72921072727	1.98010915152	1.16679624242	0.923372606061	1.41225690909	1.36424757576	0.96987030303	1.200756	0.893622242424	1.14374527273	0.737028424242	1.94044321212	2.35564563636	1.27145606061	1.08833351515	0.916852484848	0.814308727273	0.798512727273	0.995736848485	1.15966090909	0.760594	0.928535575758	0.712037212121	1.74937715152	1.37128430303	1.21225163636	0.928631333333	1.75933284848	1.46329975758	1.78080933333	0.923846727273	1.51659163636	1.25166381818	0.872381212121	0.94388430303	0.728586909091	0.752815030303	0.596672909091	1.73652793939	1.65004030303	0.874391939394	1.04810630303	0.965585151515	1.45417363636	0.693004666667	0.0	0.706803333333	0.662809939394	1.46376218182	1.95632793939	1.11254472727	0.910197515152	0.990639636364	1.87644006061	1.43043793939	0.94623830303	1.0802409697	0.619872363636	0.811460545455
