	PAM31	PAM32	PAM33	PAM35	PAM36	PAM37	PAM39	PAM40	PAM41	PAM42	PAM43	PAM44	PAM45	PBW46	PBW47	PBW49	PBW50	PBW51	PBW52	PBW53	PBW54	PBW55	PBW56	PBW58	PBW59	PBW60	PEP16	PEP18	PEP21	PEP23	PEP24	PEP26	PEP27	PEP28	PEP29	PEP30	PIS1	PIS2	PIS4	PIS5	PIS7	PIS9	PIS10	PIS11	PIS14	PIS15	PLL76	PLL77	PLL79	PLL80	PLL83	PLL88	PLL89	PLL90	PPO64	PPO66	PPO67	PPO69	PPO72	PPO75
PAM31	0.0	1.29732666667	1.64347557576	1.31109581818	0.680752727273	0.82076	0.685449151515	0.760942606061	0.879215454545	0.796980484848	0.75436969697	0.855521212121	1.69308351515	2.327268	1.42609884848	1.65250884848	0.96105830303	1.21990272727	1.26351533333	1.30743048485	1.49551412121	1.06797806061	0.977413454545	0.986456666667	1.20566957576	1.6123850303	0.801206787879	1.09637442424	1.52943169697	1.12323484848	1.67547187879	1.14294666667	1.50876939394	0.968882606061	1.07750472727	1.24754993939	0.831580606061	1.45169345455	1.18172048485	1.51496442424	1.39852418182	1.13881587879	1.157264	1.08430224242	1.15023654545	1.02381575758	1.15735327273	1.31634309091	1.06702478788	1.794292	1.92068636364	1.27310169697	1.32406575758	1.13928660606	1.49812509091	1.42517127273	0.967832545455	0.948528484848	0.960862181818	1.13713442424
PAM32	1.29732666667	0.0	1.25086915152	1.14474333333	1.27148424242	0.818903636364	0.953310484848	1.10313557576	0.836953515152	1.48487866667	1.31973939394	1.46985842424	1.20347187879	2.09993806061	1.65091509091	2.16737442424	1.49575066667	1.81403460606	1.83912006061	1.69923036364	1.49017521212	1.70820969697	1.495276	1.51513545455	1.13709890909	1.33127824242	1.47755406061	1.78976824242	1.48870054545	1.22488006061	1.63338933333	1.59831345455	1.43257351515	1.3676490303	1.34012351515	1.26640957576	1.53924121212	1.99161442424	1.77780436364	1.22647715152	1.51024260606	1.72029175758	1.62000509091	0.983845151515	1.13345024242	1.60996206061	1.44807848485	1.92551157576	1.6496410303	1.63446581818	1.66353545455	1.35504266667	1.50698515152	1.28669981818	1.21172327273	1.8115630303	1.51031618182	1.21573260606	1.56191006061	1.11604278788
PAM33	1.64347557576	1.25086915152	0.0	0.950626666667	1.58814272727	1.14912127273	1.38234266667	1.44034739394	1.35711212121	1.7884909697	1.62131751515	1.77787327273	1.10574151515	1.33313812121	1.86510012121	2.41837484848	1.7227370303	2.01961939394	2.08409187879	1.932548	1.71046327273	1.98782418182	1.74726660606	2.00448460606	1.46018624242	1.27082024242	1.80157957576	2.21432381818	1.09410315152	1.47727309091	0.947356181818	2.08153412121	1.13940848485	1.69335309091	1.551594	1.35357981818	1.8589149697	2.24020527273	2.0558109697	1.14466969697	1.61678290909	1.91953254545	2.00807521212	1.23898084848	1.36222909091	1.80681836364	1.69270084848	2.17164036364	1.90448109091	1.15394915152	1.13753090909	1.62386890909	1.76328545455	1.5600430303	0.849102363636	2.42957545455	1.77607115152	1.63947751515	1.82651339394	1.41083072727
PAM35	1.31109581818	1.14474333333	0.950626666667	0.0	1.10955072727	1.00809618182	1.14706824242	0.976858424242	1.233484	1.39345642424	1.32185327273	1.32350527273	0.964650606061	1.54049375758	1.38066266667	1.96374915152	1.28631060606	1.60380387879	1.65422521212	1.49180969697	1.22820824242	1.48774745455	1.29378175758	1.52493030303	0.952880424242	1.00993539394	1.30625266667	1.70641945455	0.912550060606	0.966252969697	0.954391090909	1.54711715152	0.82485430303	1.19187672727	1.03746915152	0.853723090909	1.35052915152	1.77215448485	1.60093242424	0.744867636364	1.40475139394	1.54357860606	1.58950793939	0.906800242424	0.900776363636	1.33381836364	1.260268	1.753116	1.43450024242	1.01742660606	1.09443224242	1.180686	1.30196836364	1.07705806061	0.817746606061	2.10956115152	1.31013345455	1.18621048485	1.32005012121	0.910953757576
PAM36	0.680752727273	1.27148424242	1.58814272727	1.10955072727	0.0	0.877411757576	0.710319818182	0.721219575758	0.857768424242	0.681389575758	0.877453090909	0.677841939394	1.61660327273	2.1521070303	1.13759509091	1.40191490909	0.783541818182	1.02139921212	1.05123448485	1.07515606061	1.22362030303	0.879161090909	0.841967393939	0.810711575758	1.16543042424	1.45492709091	0.706577818182	1.00565187879	1.48397181818	0.973601636364	1.564612	0.972396	1.40422745455	0.791688909091	0.874349818182	1.05728606061	0.767892242424	1.22072193939	0.964929454545	1.33238042424	1.31854030303	0.931186666667	1.07901575758	1.04346115152	1.09566842424	0.798808363636	0.882728787879	1.11027157576	0.84228430303	1.54757260606	1.60844866667	1.01398024242	1.06525945455	0.973068181818	1.42876351515	1.51614024242	0.735325393939	1.00776884848	0.742980242424	0.932530545455
PAM37	0.82076	0.818903636364	1.14912127273	1.00809618182	0.877411757576	0.0	0.505352545455	0.736710727273	0.539920909091	1.05032690909	1.01493575758	1.096072	1.48115539394	2.05128642424	1.28554078788	1.82402909091	1.11092618182	1.45891884848	1.4945749697	1.36869036364	1.20577872727	1.30641624242	1.06191393939	1.22597715152	0.993204363636	1.35936781818	1.05938290909	1.44113321212	1.35814212121	0.931689030303	1.51526545455	1.43932169697	1.33642709091	0.975765757576	0.925232363636	1.03225927273	1.13092351515	1.62038763636	1.41630230303	1.22846612121	1.41087836364	1.36082169697	1.30824242424	0.817518969697	0.968823454545	1.22581539394	1.11532357576	1.55855848485	1.31695339394	1.56545745455	1.63028818182	1.07937260606	1.17275727273	0.969426363636	1.22409236364	1.67994484848	1.15065315152	0.954336363636	1.20922072727	0.841743636364
PAM39	0.685449151515	0.953310484848	1.38234266667	1.14706824242	0.710319818182	0.505352545455	0.0	0.690495515152	0.54099769697	0.874701878788	0.838674242424	0.941632666667	1.53233375758	2.17316927273	1.22555151515	1.65913133333	0.967815818182	1.29929248485	1.33640206061	1.23692218182	1.32590957576	1.17785060606	0.942467090909	1.03864569697	1.12700006061	1.4670910303	0.925125030303	1.28796490909	1.47590351515	1.05275224242	1.6380229697	1.23710587879	1.42567951515	0.899676727273	0.966926484848	1.13057448485	1.00923533333	1.49196745455	1.25650842424	1.37949769697	1.36043648485	1.19844357576	1.17563048485	0.931469090909	1.10774678788	1.07983157576	1.00188290909	1.39452278788	1.17194666667	1.68623618182	1.72766969697	1.1053549697	1.15565915152	1.08129866667	1.32601121212	1.52484684848	0.984312484848	0.928045636364	1.04470333333	0.992482242424
PAM40	0.760942606061	1.10313557576	1.44034739394	0.976858424242	0.721219575758	0.736710727273	0.690495515152	0.0	0.881982060606	0.912243090909	0.722331939394	1.00979327273	1.43561387879	2.01183218182	1.15110351515	1.70123727273	0.943233151515	1.33675915152	1.37975430303	1.22595963636	1.17993393939	1.16071424242	0.826890969697	1.16525781818	0.932934	1.31608145455	0.836204060606	1.25194539394	1.25083551515	0.81076569697	1.37992466667	1.28745169697	1.22565139394	0.746159757576	0.752410606061	0.921217878788	0.960560787879	1.5226650303	1.24537	1.17340266667	1.37049806061	1.22615436364	1.22507678788	0.886168606061	0.858325454545	1.08571678788	1.01467551515	1.45230739394	1.13389442424	1.46097666667	1.56049381818	0.934587818182	1.03261587879	0.832778909091	1.30262406061	1.67290854545	0.986175151515	0.823130242424	1.01522163636	0.861177030303
PAM41	0.879215454545	0.836953515152	1.35711212121	1.233484	0.857768424242	0.539920909091	0.54099769697	0.881982060606	0.0	1.03740842424	0.956828666667	1.12101545455	1.58639448485	2.30412042424	1.41965830303	1.81301545455	1.13610139394	1.46018460606	1.50492763636	1.35032436364	1.42035333333	1.33620672727	1.16997375758	1.17622606061	1.21327254545	1.55639733333	1.08069048485	1.37300187879	1.63597890909	1.17863987879	1.77916927273	1.30724806061	1.59228739394	1.10277648485	1.21045036364	1.28533921212	1.1133330303	1.62960018182	1.41003521212	1.43804812121	1.38474993939	1.35846672727	1.24674963636	0.996571515152	1.17236109091	1.25725593939	1.08495309091	1.56920545455	1.33443915152	1.82542890909	1.87338654545	1.2180109697	1.34531478788	1.24864739394	1.44431242424	1.54680236364	1.12337757576	0.944501272727	1.21603690909	1.06937533333
PAM42	0.796980484848	1.48487866667	1.7884909697	1.39345642424	0.681389575758	1.05032690909	0.874701878788	0.912243090909	1.03740842424	0.0	1.04404084848	0.816047393939	1.80355187879	2.39971733333	1.39716793939	1.25467563636	1.0482710303	1.09249642424	1.07331375758	1.33671424242	1.4864189697	0.968125333333	1.08281369697	0.69270430303	1.36882	1.69199121212	0.971115636364	0.894184121212	1.69040018182	1.2323189697	1.83399527273	0.878463030303	1.62880357576	1.02584575758	1.13843648485	1.31941430303	0.720875030303	1.06078145455	0.787139151515	1.58559460606	1.5621269697	0.83297369697	0.97744969697	1.33620890909	1.25341254545	0.977591515152	1.16561121212	0.940756909091	1.03093909091	1.83672157576	1.88261509091	1.25496121212	1.34249412121	1.22088454545	1.68568169697	1.43016860606	1.00782272727	1.23207151515	0.89321030303	1.19573587879
PAM43	0.75436969697	1.31973939394	1.62131751515	1.32185327273	0.877453090909	1.01493575758	0.838674242424	0.722331939394	0.956828666667	1.04404084848	0.0	1.09348339394	1.50148036364	2.22853878788	1.39489363636	1.83681563636	0.946767030303	1.39387375758	1.45236030303	1.27010236364	1.49614042424	1.22584206061	0.889179151515	1.29684539394	1.09715139394	1.48578806061	0.855136606061	1.24636242424	1.39891278788	1.02424684848	1.61586678788	1.33587648485	1.42197072727	0.85920369697	0.988226181818	1.17248157576	1.00499054545	1.64876533333	1.34677745455	1.47158806061	1.35745327273	1.33934278788	1.3389070303	1.202618	1.10928769697	1.18501490909	1.15233739394	1.48218684848	1.1755770303	1.75814787879	1.80536939394	1.18849115152	1.28664418182	1.01566466667	1.45369066667	1.60154545455	1.03356963636	0.855412363636	1.08931587879	1.1382070303
PAM44	0.855521212121	1.46985842424	1.77787327273	1.32350527273	0.677841939394	1.096072	0.941632666667	1.00979327273	1.12101545455	0.816047393939	1.09348339394	0.0	1.79896375758	2.22231551515	1.07088163636	1.19576278788	0.768678787879	0.841915454545	0.888889757576	0.98430830303	1.16892175758	0.692746545455	0.991017818182	0.643196424242	1.34490218182	1.5045869697	0.906096363636	1.02614278788	1.59156357576	1.15550793939	1.69458193939	0.874901212121	1.52254672727	0.996519333333	0.917338060606	1.19205115152	0.841105454545	0.973494424242	0.82208169697	1.50137509091	1.49022115152	0.772751393939	1.15592060606	1.2250370303	1.26582345455	0.667774181818	0.950845030303	1.07835424242	0.698216787879	1.64232727273	1.72710721212	1.01611563636	1.02110987879	1.11886660606	1.57445187879	1.51841975758	0.882740545455	1.20935818182	0.619180606061	1.02969418182
PAM45	1.69308351515	1.20347187879	1.10574151515	0.964650606061	1.61660327273	1.48115539394	1.53233375758	1.43561387879	1.58639448485	1.80355187879	1.50148036364	1.79896375758	0.0	1.53746193939	1.70796842424	2.28583636364	1.63383769697	1.87302212121	1.90614745455	1.77124357576	1.56994030303	1.89485248485	1.63227490909	1.90421521212	1.33920557576	1.10884345455	1.69165563636	2.03679212121	1.0793050303	1.39497133333	1.0751870303	1.78196933333	1.01378345455	1.58153557576	1.42135648485	1.23724181818	1.79246412121	2.1756950303	1.97107369697	1.00184127273	1.52411351515	1.94660181818	1.96402218182	1.34451945455	1.27859969697	1.74078618182	1.60006309091	2.05532466667	1.76447133333	1.18410339394	1.17629266667	1.43338484848	1.5409469697	1.44559230303	0.88609430303	2.21174072727	1.65719387879	1.48267478788	1.66761939394	1.26618666667
PBW46	2.327268	2.09993806061	1.33313812121	1.54049375758	2.1521070303	2.05128642424	2.17316927273	2.01183218182	2.30412042424	2.39971733333	2.22853878788	2.22231551515	1.53746193939	0.0	1.80071351515	2.55465187879	2.06192109091	2.11442030303	2.24873290909	1.87472018182	1.68880587879	2.26842230303	2.07421006061	2.46903509091	1.90595393939	1.5479170303	2.17981478788	2.57357236364	1.4353549697	1.88181036364	1.12982133333	2.42608266667	1.44057569697	2.03812175758	1.908916	1.70258630303	2.29513115152	2.57382230303	2.43140533333	1.48496818182	2.03717290909	2.31063139394	2.57630193939	1.87863193939	1.81089751515	2.08551042424	1.96606030303	2.48207230303	2.06194224242	1.07079539394	1.05197836364	1.78621660606	1.73614321212	1.82895606061	1.37803721212	2.90746278788	2.07837387879	2.06804909091	2.09694848485	1.88302884848
PBW47	1.42609884848	1.65091509091	1.86510012121	1.38066266667	1.13759509091	1.28554078788	1.22555151515	1.15110351515	1.41965830303	1.39716793939	1.39489363636	1.07088163636	1.70796842424	1.80071351515	0.0	1.0567490303	1.03861351515	0.728552121212	1.00840593939	0.529992363636	0.532469454545	0.977596666667	1.08207145455	1.24159527273	1.38714321212	1.31691187879	1.14567278788	1.49786721212	1.62155187879	1.17043624242	1.53312357576	1.28557181818	1.42903490909	1.03541515152	0.878054606061	1.1486629697	1.29205836364	1.10846806061	1.12586260606	1.30483236364	1.59749406061	1.13073266667	1.58142369697	1.45075418182	1.34225284848	0.809736666667	0.825282666667	1.40922448485	0.912264363636	1.30688224242	1.25612787879	0.773811454545	0.519117454545	1.11811951515	1.70016393939	1.99917715152	1.02235369697	1.30706551515	0.907026484848	1.10586006061
PBW49	1.65250884848	2.16737442424	2.41837484848	1.96374915152	1.40191490909	1.82402909091	1.65913133333	1.70123727273	1.81301545455	1.25467563636	1.83681563636	1.19576278788	2.28583636364	2.55465187879	1.0567490303	0.0	1.38310630303	0.779863575758	0.905642727273	0.981627333333	1.17401957576	0.975596363636	1.58397539394	1.05256830303	1.983008	1.93688393939	1.49872145455	1.24465030303	2.22675387879	1.75823848485	2.16475333333	1.07125672727	2.0008389697	1.62569133333	1.46792339394	1.726308	1.33766872727	0.510187272727	0.867488727273	1.89858030303	2.02588393939	1.03345284848	1.40558060606	1.96674127273	1.89583787879	1.01716048485	1.22859436364	1.10902890909	1.09001339394	1.94420884848	2.02651157576	1.35073115152	1.14034660606	1.68789024242	2.28279963636	1.73364787879	1.337834	1.79547854545	1.06290581818	1.62328860606
PBW50	0.96105830303	1.49575066667	1.7227370303	1.28631060606	0.783541818182	1.11092618182	0.967815818182	0.943233151515	1.13610139394	1.0482710303	0.946767030303	0.768678787879	1.63383769697	2.06192109091	1.03861351515	1.38310630303	0.0	0.924441757576	0.994247090909	0.886786727273	1.096046	0.795416606061	0.791631272727	1.0170709697	1.12501878788	1.30085218182	0.805894424242	1.10924848485	1.44895933333	0.956333030303	1.51158557576	0.994086424242	1.26604284848	0.817708787879	0.817738424242	1.03147612121	0.947206909091	1.24716969697	1.00273115152	1.34852006061	1.26706236364	1.04075272727	1.24621272727	1.19692624242	1.07087339394	0.744935636364	0.785387090909	1.14948939394	0.799686606061	1.51227987879	1.49732806061	0.838573818182	0.892537272727	0.921066484848	1.50217963636	1.63145333333	0.784478848485	0.961491757576	0.701746060606	0.894241212121
PBW51	1.21990272727	1.81403460606	2.01961939394	1.60380387879	1.02139921212	1.45891884848	1.29929248485	1.33675915152	1.46018460606	1.09249642424	1.39387375758	0.841915454545	1.87302212121	2.11442030303	0.728552121212	0.779863575758	0.924441757576	0.0	0.59855830303	0.649374424242	0.855150545455	0.658304787879	1.12051254545	0.93642169697	1.57303630303	1.50514048485	1.06357860606	1.14807315152	1.7815409697	1.33753830303	1.76043084848	0.931760545455	1.55953515152	1.17461321212	1.09115727273	1.33151193939	1.0013930303	0.885334363636	0.835086848485	1.52475272727	1.61393321212	0.791925393939	1.37798575758	1.57839745455	1.49585127273	0.666009757576	0.855476484848	1.00837393939	0.689183272727	1.50687836364	1.56572339394	0.965702848485	0.756119151515	1.24538181818	1.83211084848	1.73535654545	0.889575878788	1.43128333333	0.688251090909	1.26414963636
PBW52	1.26351533333	1.83912006061	2.08409187879	1.65422521212	1.05123448485	1.4945749697	1.33640206061	1.37975430303	1.50492763636	1.07331375758	1.45236030303	0.888889757576	1.90614745455	2.24873290909	1.00840593939	0.905642727273	0.994247090909	0.59855830303	0.0	0.851268848485	1.03646339394	0.710289151515	1.23535206061	0.919416727273	1.66309678788	1.66250909091	1.14897884848	1.18085727273	1.93299539394	1.45372290909	1.88198866667	0.946019333333	1.69511369697	1.31521551515	1.16632769697	1.40736042424	1.07808612121	0.896458848485	0.801005515152	1.61304581818	1.69843890909	0.856643212121	1.37645387879	1.61369030303	1.57985927273	0.796353878788	0.94078230303	0.858503636364	0.808983151515	1.68857266667	1.73936593939	1.0904109697	0.938129090909	1.35029890909	1.85429509091	1.68916721212	1.03552181818	1.49752830303	0.765307575758	1.26225230303
PBW53	1.30743048485	1.69923036364	1.932548	1.49180969697	1.07515606061	1.36869036364	1.23692218182	1.22595963636	1.35032436364	1.33671424242	1.27010236364	0.98430830303	1.77124357576	1.87472018182	0.529992363636	0.981627333333	0.886786727273	0.649374424242	0.851268848485	0.0	0.578987878788	0.802248060606	1.04625218182	1.20850860606	1.45867121212	1.37790254545	1.05116090909	1.37566793939	1.70896957576	1.22290957576	1.62928212121	1.16018793939	1.46332775758	1.05974472727	0.989278242424	1.21273315152	1.25764927273	1.04028721212	1.04263181818	1.43259830303	1.56177139394	1.04686890909	1.53780090909	1.51799466667	1.35226727273	0.746470848485	0.774367151515	1.35663866667	0.814810909091	1.37915	1.42153781818	0.784855575758	0.559379030303	1.1148070303	1.73162236364	1.88183993939	0.944610424242	1.25349266667	0.782262363636	1.11250527273
PBW54	1.49551412121	1.49017521212	1.71046327273	1.22820824242	1.22362030303	1.20577872727	1.32590957576	1.17993393939	1.42035333333	1.4864189697	1.49614042424	1.16892175758	1.56994030303	1.68880587879	0.532469454545	1.17401957576	1.096046	0.855150545455	1.03646339394	0.578987878788	0.0	0.986640181818	1.16077654545	1.37747224242	1.26785715152	1.19118218182	1.21455860606	1.59182018182	1.522916	1.0789329697	1.40793509091	1.36888466667	1.2588449697	1.17753393939	0.884560181818	0.99782430303	1.38985751515	1.19635933333	1.18755581818	1.18209321212	1.64441915152	1.22796963636	1.70378781818	1.34054945455	1.18680509091	0.924711818182	0.875435878788	1.52236642424	1.02928775758	1.11729484848	1.19831151515	0.771032909091	0.548028969697	0.985208363636	1.53142430303	2.06999993939	1.10990654545	1.32727472727	0.989168666667	0.968939818182
PBW55	1.06797806061	1.70820969697	1.98782418182	1.48774745455	0.879161090909	1.30641624242	1.17785060606	1.16071424242	1.33620672727	0.968125333333	1.22584206061	0.692746545455	1.89485248485	2.26842230303	0.977596666667	0.975596363636	0.795416606061	0.658304787879	0.710289151515	0.802248060606	0.986640181818	0.0	0.991898545455	0.850879939394	1.41648387879	1.57396272727	0.915096242424	0.988667272727	1.67204187879	1.19605606061	1.71866436364	0.840823272727	1.51174187879	1.03951593939	0.950575393939	1.17275309091	0.843579878788	0.899091030303	0.721854545455	1.48833145455	1.46940539394	0.859184121212	1.25434387879	1.42471654545	1.37589981818	0.670183393939	0.93917969697	1.0485669697	0.735959454545	1.65125151515	1.72653266667	1.03293236364	0.926207212121	1.10027715152	1.74188618182	1.62002206061	0.869365515152	1.20975187879	0.571172606061	1.11716836364
PBW56	0.977413454545	1.495276	1.74726660606	1.29378175758	0.841967393939	1.06191393939	0.942467090909	0.826890969697	1.16997375758	1.08281369697	0.889179151515	0.991017818182	1.63227490909	2.07421006061	1.08207145455	1.58397539394	0.791631272727	1.12051254545	1.23535206061	1.04625218182	1.16077654545	0.991898545455	0.0	1.13718563636	1.06161151515	1.30837642424	0.589317454545	0.992198787879	1.25867812121	0.845625272727	1.43791018182	1.18733139394	1.26882187879	0.627737272727	0.747791636364	0.944877212121	0.898981090909	1.46614521212	1.19844993939	1.29874709091	1.3052149697	1.21195563636	1.33721163636	1.15430466667	1.05486272727	0.993543151515	0.938282363636	1.30614975758	1.00978563636	1.47252824242	1.51731654545	0.962640727273	0.939693757576	0.715110484848	1.46730375758	1.732944	0.812896060606	0.78435769697	0.890215151515	0.96498969697
PBW58	0.986456666667	1.51513545455	2.00448460606	1.52493030303	0.810711575758	1.22597715152	1.03864569697	1.16525781818	1.17622606061	0.69270430303	1.29684539394	0.643196424242	1.90421521212	2.46903509091	1.24159527273	1.05256830303	1.0170709697	0.93642169697	0.919416727273	1.20850860606	1.37747224242	0.850879939394	1.13718563636	0.0	1.48750818182	1.70406436364	1.00973618182	0.825702121212	1.77840678788	1.27488654545	1.87212309091	0.700128424242	1.72228921212	1.14641854545	1.12368321212	1.39631472727	0.863776909091	0.88080030303	0.722573151515	1.700912	1.68303939394	0.814185393939	1.07106224242	1.37186727273	1.41971757576	0.893979090909	1.10261575758	0.898077575758	0.936975151515	1.85524915152	1.93128824242	1.21439557576	1.21469963636	1.31750484848	1.76288406061	1.40906878788	1.01070812121	1.31953654545	0.845980787879	1.2727869697
PBW59	1.20566957576	1.13709890909	1.46018624242	0.952880424242	1.16543042424	0.993204363636	1.12700006061	0.932934	1.21327254545	1.36882	1.09715139394	1.34490218182	1.33920557576	1.90595393939	1.38714321212	1.983008	1.12501878788	1.57303630303	1.66309678788	1.45867121212	1.26785715152	1.41648387879	1.06161151515	1.48750818182	0.0	1.0684269697	1.09129115152	1.48570012121	1.10435642424	0.822041151515	1.28909054545	1.56959587879	1.13839254545	1.03126309091	0.981692848485	0.898148121212	1.17152824242	1.84277151515	1.59769551515	1.001754	1.32268357576	1.61182181818	1.47469042424	0.930577393939	0.691508909091	1.34382872727	1.19182333333	1.68436781818	1.38110951515	1.39320763636	1.45100672727	1.1111169697	1.2848930303	0.838476787879	1.24771963636	1.84828654545	1.20428163636	0.889979878788	1.27810375758	0.827348
PBW60	1.6123850303	1.33127824242	1.27082024242	1.00993539394	1.45492709091	1.35936781818	1.4670910303	1.31608145455	1.55639733333	1.69199121212	1.48578806061	1.5045869697	1.10884345455	1.5479170303	1.31691187879	1.93688393939	1.30085218182	1.50514048485	1.66250909091	1.37790254545	1.19118218182	1.57396272727	1.30837642424	1.70406436364	1.0684269697	0.0	1.41585909091	1.74703739394	1.07182036364	1.03169393939	1.01376369697	1.72388357576	1.00606048485	1.28231090909	1.12971084848	0.939035575758	1.49096236364	1.87361824242	1.73618284848	0.625348	1.13508387879	1.62622224242	1.61896721212	1.11906472727	1.06443733333	1.38489436364	1.21951854545	1.82929309091	1.48378387879	1.10739848485	1.10292945455	1.124174	1.2016409697	1.21016315152	1.10245945455	2.14749060606	1.37495236364	1.25823751515	1.42491266667	1.09335969697
PEP16	0.801206787879	1.47755406061	1.80157957576	1.30625266667	0.706577818182	1.05938290909	0.925125030303	0.836204060606	1.08069048485	0.971115636364	0.855136606061	0.906096363636	1.69165563636	2.17981478788	1.14567278788	1.49872145455	0.805894424242	1.06357860606	1.14897884848	1.05116090909	1.21455860606	0.915096242424	0.589317454545	1.00973618182	1.09129115152	1.41585909091	0.0	0.929730666667	1.34345218182	0.900511939394	1.49607357576	1.09173818182	1.31880078788	0.714998727273	0.769741818182	1.00112012121	0.787839878788	1.36114933333	1.09032060606	1.35980769697	1.30802854545	1.13966460606	1.27518109091	1.1434469697	1.05081606061	0.962129818182	0.960882606061	1.22474321212	0.949620424242	1.53893648485	1.59108321212	1.04460630303	1.06183884848	0.875361515152	1.54434775758	1.60632739394	0.727996666667	0.910267393939	0.820568727273	0.997656848485
PEP18	1.09637442424	1.78976824242	2.21432381818	1.70641945455	1.00565187879	1.44113321212	1.28796490909	1.25194539394	1.37300187879	0.894184121212	1.24636242424	1.02614278788	2.03679212121	2.57357236364	1.49786721212	1.24465030303	1.10924848485	1.14807315152	1.18085727273	1.37566793939	1.59182018182	0.988667272727	0.992198787879	0.825702121212	1.48570012121	1.74703739394	0.929730666667	0.0	1.72819145455	1.20934224242	1.89717866667	0.821551393939	1.69404587879	1.04779375758	1.2016049697	1.34091539394	0.809825454545	1.11576727273	0.915225818182	1.75202369697	1.66398115152	1.10145006061	1.07104133333	1.52629084848	1.45717290909	1.12176387879	1.27366175758	1.02475060606	1.14378575758	1.94027187879	1.96611957576	1.36701806061	1.40290272727	1.26478733333	1.91194824242	1.38938509091	0.99522369697	1.18514618182	1.02763042424	1.35558545455
PEP21	1.52943169697	1.48870054545	1.09410315152	0.912550060606	1.48397181818	1.35814212121	1.47590351515	1.25083551515	1.63597890909	1.69040018182	1.39891278788	1.59156357576	1.0793050303	1.4353549697	1.62155187879	2.22675387879	1.44895933333	1.7815409697	1.93299539394	1.70896957576	1.522916	1.67204187879	1.25867812121	1.77840678788	1.10435642424	1.07182036364	1.34345218182	1.72819145455	0.0	1.01573551515	0.718503212121	1.82825	0.750867272727	1.22072048485	1.17843812121	1.00494539394	1.54469206061	2.10998054545	1.84034684848	1.03742993939	1.52411539394	1.84128612121	1.89334624242	1.21696848485	1.04942642424	1.65761933333	1.55912	1.96554727273	1.65957248485	0.950784060606	0.981338060606	1.40205266667	1.49834448485	1.12883818182	0.843020545455	2.28428551515	1.48135915152	1.25909242424	1.57354563636	1.24233860606
PEP23	1.12323484848	1.22488006061	1.47727309091	0.966252969697	0.973601636364	0.931689030303	1.05275224242	0.81076569697	1.17863987879	1.2323189697	1.02424684848	1.15550793939	1.39497133333	1.88181036364	1.17043624242	1.75823848485	0.956333030303	1.33753830303	1.45372290909	1.22290957576	1.0789329697	1.19605606061	0.845625272727	1.27488654545	0.822041151515	1.03169393939	0.900511939394	1.20934224242	1.01573551515	0.0	1.15566406061	1.31524030303	0.927247878788	0.727342666667	0.71220430303	0.701044545455	1.06425460606	1.63580660606	1.34307642424	1.02741527273	1.3194329697	1.35828224242	1.43509545455	0.931851151515	0.757276484848	1.13467412121	1.06488363636	1.51081975758	1.218644	1.31938987879	1.35096957576	0.90221169697	1.03521563636	0.717378545455	1.26393060606	1.86053157576	1.01141490909	0.805352060606	1.06705387879	0.774622121212
PEP24	1.67547187879	1.63338933333	0.947356181818	0.954391090909	1.564612	1.51526545455	1.6380229697	1.37992466667	1.77916927273	1.83399527273	1.61586678788	1.69458193939	1.0751870303	1.12982133333	1.53312357576	2.16475333333	1.51158557576	1.76043084848	1.88198866667	1.62928212121	1.40793509091	1.71866436364	1.43791018182	1.87212309091	1.28909054545	1.01376369697	1.49607357576	1.89717866667	0.718503212121	1.15566406061	0.0	1.85287854545	0.826217030303	1.39380115152	1.19388266667	1.04267757576	1.66196678788	2.03826290909	1.89248654545	0.922334242424	1.52023993939	1.8675089697	2.03700618182	1.33201969697	1.21106418182	1.58656957576	1.50764769697	2.02434321212	1.63510066667	0.78075430303	0.828413757576	1.36002193939	1.43130745455	1.26084878788	0.917262545455	2.44610387879	1.52115824242	1.44170727273	1.561596	1.33644121212
PEP26	1.14294666667	1.59831345455	2.08153412121	1.54711715152	0.972396	1.43932169697	1.23710587879	1.28745169697	1.30724806061	0.878463030303	1.33587648485	0.874901212121	1.78196933333	2.42608266667	1.28557181818	1.07125672727	0.994086424242	0.931760545455	0.946019333333	1.16018793939	1.36888466667	0.840823272727	1.18733139394	0.700128424242	1.56959587879	1.72388357576	1.09173818182	0.821551393939	1.82825	1.31524030303	1.85287854545	0.0	1.60552006061	1.17379424242	1.08343163636	1.33094521212	0.925870181818	0.954982060606	0.715203151515	1.64692260606	1.62731218182	0.880464606061	1.13270169697	1.52944430303	1.49223787879	0.959201212121	1.02344563636	0.94395230303	0.958064181818	1.79847684848	1.88891351515	1.18679733333	1.14813872727	1.33181545455	1.82462327273	1.40476472727	0.990219818182	1.30705115152	0.828842666667	1.24318048485
PEP27	1.50876939394	1.43257351515	1.13940848485	0.82485430303	1.40422745455	1.33642709091	1.42567951515	1.22565139394	1.59228739394	1.62880357576	1.42197072727	1.52254672727	1.01378345455	1.44057569697	1.42903490909	2.0008389697	1.26604284848	1.55953515152	1.69511369697	1.46332775758	1.2588449697	1.51174187879	1.26882187879	1.72228921212	1.13839254545	1.00606048485	1.31880078788	1.69404587879	0.750867272727	0.927247878788	0.826217030303	1.60552006061	0.0	1.1838289697	1.08223727273	0.869623939394	1.51816454545	1.92117157576	1.67650369697	0.896202060606	1.4831270303	1.62786963636	1.86035339394	1.14819430303	1.02679757576	1.44380260606	1.32934981818	1.83134012121	1.48454957576	0.870307090909	0.949018424242	1.1517989697	1.26997915152	1.0470590303	0.923243575758	2.23653909091	1.32256206061	1.3158250303	1.4070669697	1.09637557576
PEP28	0.968882606061	1.3676490303	1.69335309091	1.19187672727	0.791688909091	0.975765757576	0.899676727273	0.746159757576	1.10277648485	1.02584575758	0.85920369697	0.996519333333	1.58153557576	2.03812175758	1.03541515152	1.62569133333	0.817708787879	1.17461321212	1.31521551515	1.05974472727	1.17753393939	1.03951593939	0.627737272727	1.14641854545	1.03126309091	1.28231090909	0.714998727273	1.04779375758	1.22072048485	0.727342666667	1.39380115152	1.17379424242	1.1838289697	0.0	0.720697878788	0.813136545455	0.850275333333	1.47311436364	1.17981448485	1.22087915152	1.31427624242	1.17817012121	1.26790781818	1.08570993939	0.92432569697	1.01595084848	0.931238909091	1.31887127273	0.997690424242	1.45432490909	1.46654993939	0.888722242424	0.971861818182	0.761988	1.43841254545	1.69907969697	0.765058787879	0.743408424242	0.887788060606	0.883555333333
PEP29	1.07750472727	1.34012351515	1.551594	1.03746915152	0.874349818182	0.925232363636	0.966926484848	0.752410606061	1.21045036364	1.13843648485	0.988226181818	0.917338060606	1.42135648485	1.908916	0.878054606061	1.46792339394	0.817738424242	1.09115727273	1.16632769697	0.989278242424	0.884560181818	0.950575393939	0.747791636364	1.12368321212	0.981692848485	1.12971084848	0.769741818182	1.2016049697	1.17843812121	0.71220430303	1.19388266667	1.08343163636	1.08223727273	0.720697878788	0.0	0.743646060606	1.00337321212	1.31607939394	1.10079272727	1.094794	1.32476624242	1.15010787879	1.368952	1.07310418182	0.915674606061	0.908552121212	0.854426606061	1.33434612121	0.962464545455	1.27611587879	1.33668624242	0.758268	0.735398	0.705885636364	1.28668557576	1.85636278788	0.893857030303	0.978607636364	0.836349212121	0.739955030303
PEP30	1.24754993939	1.26640957576	1.35357981818	0.853723090909	1.05728606061	1.03225927273	1.13057448485	0.921217878788	1.28533921212	1.31941430303	1.17248157576	1.19205115152	1.23724181818	1.70258630303	1.1486629697	1.726308	1.03147612121	1.33151193939	1.40736042424	1.21273315152	0.99782430303	1.17275309091	0.944877212121	1.39631472727	0.898148121212	0.939035575758	1.00112012121	1.34091539394	1.00494539394	0.701044545455	1.04267757576	1.33094521212	0.869623939394	0.813136545455	0.743646060606	0.0	1.16460024242	1.60771127273	1.37627309091	0.866196666667	1.34118078788	1.38585115152	1.52078072727	0.90663630303	0.783705878788	1.19058472727	1.06215945455	1.50002357576	1.15994078788	1.11911393939	1.17810975758	0.970206909091	1.01200090909	0.768894969697	1.09877624242	1.95813769697	0.95401630303	1.00090812121	1.04860218182	0.749653454545
PIS1	0.831580606061	1.53924121212	1.8589149697	1.35052915152	0.767892242424	1.13092351515	1.00923533333	0.960560787879	1.1133330303	0.720875030303	1.00499054545	0.841105454545	1.79246412121	2.29513115152	1.29205836364	1.33766872727	0.947206909091	1.0013930303	1.07808612121	1.25764927273	1.38985751515	0.843579878788	0.898981090909	0.863776909091	1.17152824242	1.49096236364	0.787839878788	0.809825454545	1.54469206061	1.06425460606	1.66196678788	0.925870181818	1.51816454545	0.850275333333	1.00337321212	1.16460024242	0.0	1.20341175758	0.911037454545	1.35622551515	1.25948054545	0.980310666667	0.855679515152	1.1671890303	1.11602151515	0.873947878788	1.03355521212	1.03149048485	0.989996666667	1.76167672727	1.7942789697	1.18032084848	1.26018866667	1.07657812121	1.61872606061	1.37572157576	0.845692909091	0.983251515152	0.778245939394	1.06905078788
PIS2	1.45169345455	1.99161442424	2.24020527273	1.77215448485	1.22072193939	1.62038763636	1.49196745455	1.5226650303	1.62960018182	1.06078145455	1.64876533333	0.973494424242	2.1756950303	2.57382230303	1.10846806061	0.510187272727	1.24716969697	0.885334363636	0.896458848485	1.04028721212	1.19635933333	0.899091030303	1.46614521212	0.88080030303	1.84277151515	1.87361824242	1.36114933333	1.11576727273	2.10998054545	1.63580660606	2.03826290909	0.954982060606	1.92117157576	1.47311436364	1.31607939394	1.60771127273	1.20341175758	0.0	0.71000630303	1.80035581818	1.89452515152	0.927346545455	1.28493478788	1.77234684848	1.72841909091	0.914446909091	1.20802284848	0.978557515152	1.01678018182	1.95307963636	2.00309678788	1.29924787879	1.18969169697	1.56090721212	2.09220509091	1.68498509091	1.25426842424	1.70561551515	0.955265939394	1.46204
PIS4	1.18172048485	1.77780436364	2.0558109697	1.60093242424	0.964929454545	1.41630230303	1.25650842424	1.24537	1.41003521212	0.787139151515	1.34677745455	0.82208169697	1.97107369697	2.43140533333	1.12586260606	0.867488727273	1.00273115152	0.835086848485	0.801005515152	1.04263181818	1.18755581818	0.721854545455	1.19844993939	0.722573151515	1.59769551515	1.73618284848	1.09032060606	0.915225818182	1.84034684848	1.34307642424	1.89248654545	0.715203151515	1.67650369697	1.17981448485	1.10079272727	1.37627309091	0.911037454545	0.71000630303	0.0	1.64832648485	1.63627545455	0.839500606061	1.07395321212	1.56787242424	1.48062624242	0.813822545455	1.06497618182	0.864822969697	0.908887212121	1.80344787879	1.87484842424	1.15744278788	1.07270769697	1.28088466667	1.86818533333	1.4665870303	1.02469884848	1.41825139394	0.728367757576	1.25198266667
PIS5	1.51496442424	1.22647715152	1.14466969697	0.744867636364	1.33238042424	1.22846612121	1.37949769697	1.17340266667	1.43804812121	1.58559460606	1.47158806061	1.50137509091	1.00184127273	1.48496818182	1.30483236364	1.89858030303	1.34852006061	1.52475272727	1.61304581818	1.43259830303	1.18209321212	1.48833145455	1.29874709091	1.700912	1.001754	0.625348	1.35980769697	1.75202369697	1.03742993939	1.02741527273	0.922334242424	1.64692260606	0.896202060606	1.22087915152	1.094794	0.866196666667	1.35622551515	1.80035581818	1.64832648485	0.0	1.06883672727	1.58769509091	1.47810115152	0.982734424242	0.934539515152	1.26824478788	1.13297478788	1.74972557576	1.36422618182	1.00442563636	1.06715284848	1.09647230303	1.20636254545	1.04710727273	0.96763169697	2.06464684848	1.27708266667	1.2159509697	1.27984406061	0.943985757576
PIS7	1.39852418182	1.51024260606	1.61678290909	1.40475139394	1.31854030303	1.41087836364	1.36043648485	1.37049806061	1.38474993939	1.5621269697	1.35745327273	1.49022115152	1.52411351515	2.03717290909	1.59749406061	2.02588393939	1.26706236364	1.61393321212	1.69843890909	1.56177139394	1.64441915152	1.46940539394	1.3052149697	1.68303939394	1.32268357576	1.13508387879	1.30802854545	1.66398115152	1.52411539394	1.3194329697	1.52023993939	1.62731218182	1.4831270303	1.31427624242	1.32476624242	1.34118078788	1.25948054545	1.89452515152	1.63627545455	1.06883672727	0.0	1.66162430303	1.30520963636	1.23889915152	1.33195212121	1.42462006061	1.31703745455	1.75744121212	1.48248763636	1.69944139394	1.73267018182	1.44534430303	1.52371551515	1.34551915152	1.46330745455	1.93291921212	1.28659709091	1.21246272727	1.34804830303	1.25055690909
PIS9	1.13881587879	1.72029175758	1.91953254545	1.54357860606	0.931186666667	1.36082169697	1.19844357576	1.22615436364	1.35846672727	0.83297369697	1.33934278788	0.772751393939	1.94660181818	2.31063139394	1.13073266667	1.03345284848	1.04075272727	0.791925393939	0.856643212121	1.04686890909	1.22796963636	0.859184121212	1.21195563636	0.814185393939	1.61182181818	1.62622224242	1.13966460606	1.10145006061	1.84128612121	1.35828224242	1.8675089697	0.880464606061	1.62786963636	1.17817012121	1.15010787879	1.38585115152	0.980310666667	0.927346545455	0.839500606061	1.58769509091	1.66162430303	0.0	1.19314121212	1.45326066667	1.39708927273	0.752081818182	1.00502539394	0.932846606061	0.785938363636	1.67451006061	1.76904745455	1.0583950303	1.08209666667	1.32783436364	1.78903927273	1.61619151515	1.00706272727	1.42284533333	0.862245818182	1.29797139394
PIS10	1.157264	1.62000509091	2.00807521212	1.58950793939	1.07901575758	1.30824242424	1.17563048485	1.22507678788	1.24674963636	0.97744969697	1.3389070303	1.15592060606	1.96402218182	2.57630193939	1.58142369697	1.40558060606	1.24621272727	1.37798575758	1.37645387879	1.53780090909	1.70378781818	1.25434387879	1.33721163636	1.07106224242	1.47469042424	1.61896721212	1.27518109091	1.07104133333	1.89334624242	1.43509545455	2.03700618182	1.13270169697	1.86035339394	1.26790781818	1.368952	1.52078072727	0.855679515152	1.28493478788	1.07395321212	1.47810115152	1.30520963636	1.19314121212	0.0	1.35862224242	1.38558684848	1.164396	1.27537884848	1.15040830303	1.30692345455	2.06844266667	2.12811812121	1.45431830303	1.5392570303	1.45171448485	1.83680012121	1.12677127273	1.22899521212	1.28923672727	1.18506630303	1.34828678788
PIS11	1.08430224242	0.983845151515	1.23898084848	0.906800242424	1.04346115152	0.817518969697	0.931469090909	0.886168606061	0.996571515152	1.33620890909	1.202618	1.2250370303	1.34451945455	1.87863193939	1.45075418182	1.96674127273	1.19692624242	1.57839745455	1.61369030303	1.51799466667	1.34054945455	1.42471654545	1.15430466667	1.37186727273	0.930577393939	1.11906472727	1.1434469697	1.52629084848	1.21696848485	0.931851151515	1.33201969697	1.52944430303	1.14819430303	1.08570993939	1.07310418182	0.90663630303	1.1671890303	1.77234684848	1.56787242424	0.982734424242	1.23889915152	1.45326066667	1.35862224242	0.0	0.845664606061	1.34207327273	1.20532981818	1.66209066667	1.42425478788	1.39879278788	1.4910190303	1.18838818182	1.30997260606	1.0596830303	1.04332624242	1.78231642424	1.24135248485	1.00430551515	1.27674806061	0.921079090909
PIS14	1.15023654545	1.13345024242	1.36222909091	0.900776363636	1.09566842424	0.968823454545	1.10774678788	0.858325454545	1.17236109091	1.25341254545	1.10928769697	1.26582345455	1.27859969697	1.81089751515	1.34225284848	1.89583787879	1.07087339394	1.49585127273	1.57985927273	1.35226727273	1.18680509091	1.37589981818	1.05486272727	1.41971757576	0.691508909091	1.06443733333	1.05081606061	1.45717290909	1.04942642424	0.757276484848	1.21106418182	1.49223787879	1.02679757576	0.92432569697	0.915674606061	0.783705878788	1.11602151515	1.72841909091	1.48062624242	0.934539515152	1.33195212121	1.39708927273	1.38558684848	0.845664606061	0.0	1.20857169697	1.10035224242	1.51295636364	1.26343430303	1.31295836364	1.34072230303	0.96659169697	1.20323648485	0.846021333333	1.15139969697	1.87533181818	1.14971648485	0.931812909091	1.15613206061	0.778101757576
PIS15	1.02381575758	1.60996206061	1.80681836364	1.33381836364	0.798808363636	1.22581539394	1.07983157576	1.08571678788	1.25725593939	0.977591515152	1.18501490909	0.667774181818	1.74078618182	2.08551042424	0.809736666667	1.01716048485	0.744935636364	0.666009757576	0.796353878788	0.746470848485	0.924711818182	0.670183393939	0.993543151515	0.893979090909	1.34382872727	1.38489436364	0.962129818182	1.12176387879	1.65761933333	1.13467412121	1.58656957576	0.959201212121	1.44380260606	1.01595084848	0.908552121212	1.19058472727	0.873947878788	0.914446909091	0.813822545455	1.26824478788	1.42462006061	0.752081818182	1.164396	1.34207327273	1.20857169697	0.0	0.73486769697	1.07614648485	0.579573878788	1.47477236364	1.57805351515	0.795530666667	0.779996060606	1.09895824242	1.63758787879	1.60327151515	0.838100181818	1.16192824242	0.560059757576	1.02957018182
PLL76	1.15735327273	1.44807848485	1.69270084848	1.260268	0.882728787879	1.11532357576	1.00188290909	1.01467551515	1.08495309091	1.16561121212	1.15233739394	0.950845030303	1.60006309091	1.96606030303	0.825282666667	1.22859436364	0.785387090909	0.855476484848	0.94078230303	0.774367151515	0.875435878788	0.93917969697	0.938282363636	1.10261575758	1.19182333333	1.21951854545	0.960882606061	1.27366175758	1.55912	1.06488363636	1.50764769697	1.02344563636	1.32934981818	0.931238909091	0.854426606061	1.06215945455	1.03355521212	1.20802284848	1.06497618182	1.13297478788	1.31703745455	1.00502539394	1.27537884848	1.20532981818	1.10035224242	0.73486769697	0.0	1.11946290909	0.750409454545	1.28676878788	1.38116521212	0.695242848485	0.738628848485	0.986959515152	1.50041848485	1.69627448485	0.830640484848	1.01790963636	0.773834363636	0.872440545455
