	PAM31	PAM32	PAM33	PAM35	PAM36	PAM37	PAM39	PAM40	PAM41	PAM42	PAM43	PAM44	PAM45	PBW46	PBW47	PBW49	PBW50	PBW51	PBW52	PBW53	PBW54	PBW55	PBW56	PBW58	PBW59	PBW60	PEP16	PEP18	PEP21	PEP23	PEP24	PEP26	PEP27	PEP28	PEP29	PEP30	PIS1	PIS2	PIS4	PIS5	PIS7	PIS9	PIS10	PIS11	PIS14	PIS15	PLL76	PLL77	PLL79	PLL80	PLL83	PLL88	PLL89	PLL90	PPO64	PPO66	PPO67	PPO69	PPO72	PPO75
PAM31	0.0	1.28810981818	1.47238	1.17909109091	0.618604848485	0.67819430303	0.977994363636	0.968804909091	0.827014969697	0.684605575758	0.79599969697	0.877771939394	1.83835206061	2.19373993939	1.51581527273	1.86992163636	0.833347636364	1.22195084848	1.13185048485	1.28089557576	1.38152763636	1.06289236364	0.954277090909	0.811932242424	1.352784	1.38611418182	0.994597757576	1.10624145455	1.6981890303	1.15722078788	1.71566727273	1.12232824242	1.35402230303	1.20540763636	0.857828848485	0.876648848485	0.841417212121	1.50859018182	1.10417212121	1.64827218182	1.3954989697	0.897643151515	0.926929757576	1.12676272727	1.4112669697	1.06183260606	1.10539284848	1.21452945455	1.08680012121	1.73330048485	1.84785745455	1.31477012121	1.2091649697	1.16520618182	1.49054806061	1.38503866667	1.23349618182	0.960380606061	0.958590666667	1.18520157576
PAM32	1.28810981818	0.0	1.01405490909	1.008674	1.34666315152	1.04779260606	0.807458848485	1.06829460606	1.22105872727	1.48031624242	1.30554224242	1.55779981818	1.32814018182	1.96188987879	1.57713151515	2.54666406061	1.62989333333	1.91170987879	1.81333484848	1.66293642424	1.59823587879	1.55379260606	1.47489442424	1.36001672727	1.17279636364	1.33887733333	1.29981884848	1.80925890909	1.48665969697	1.20369278788	1.55652921212	1.65016606061	1.30164448485	1.20071757576	1.58789224242	1.51074751515	1.34240109091	2.16374848485	1.84364945455	1.31564684848	1.50379509091	1.62763539394	1.52604951515	0.915513636364	1.18828260606	1.45927939394	1.71600690909	1.91160048485	1.80878715152	1.45078230303	1.57814351515	1.29828587879	1.55802278788	1.17921927273	1.09132866667	1.84316981818	1.21386006061	1.24802739394	1.63677563636	1.26414533333
PAM33	1.47238	1.01405490909	0.0	1.04534733333	1.52457478788	1.16604375758	0.854774484848	1.20433630303	1.44950842424	1.72541987879	1.46029339394	1.79105521212	1.00396454545	1.52929690909	1.6439729697	2.62681824242	1.72023030303	1.98311472727	1.89181787879	1.76302527273	1.68682618182	1.59020036364	1.65848618182	1.56391175758	1.30538521212	1.33827539394	1.50646066667	2.074148	1.18542454545	1.32444878788	1.10423018182	1.95040363636	1.14458387879	1.32495660606	1.65009418182	1.53719430303	1.43522763636	2.29934630303	1.995344	0.943996666667	1.50368684848	1.66668751515	1.64739084848	0.868279454545	1.01525218182	1.56590545455	1.80115127273	2.035856	1.84158363636	1.16179175758	1.27489987879	1.42312866667	1.71337818182	1.34330969697	0.728821636364	2.27346509091	1.35373109091	1.49386921212	1.706176	1.33468581818
PAM35	1.17909109091	1.008674	1.04534733333	0.0	0.940293878788	0.957457030303	0.755974424242	0.627664363636	1.29185987879	1.22088806061	1.07988872727	1.27419224242	1.27135818182	1.60770872727	1.09805666667	2.10707321212	1.17735727273	1.46904836364	1.35508945455	1.18636945455	1.129826	1.00789678788	1.06847872727	1.09676733333	1.0145530303	1.07543472727	0.92721030303	1.55782636364	1.29151393939	0.747097090909	1.19071993939	1.40006890909	0.772260909091	0.760936666667	1.10865133333	0.976490121212	0.924773636364	1.76300115152	1.43884975758	1.01842884848	1.39243321212	1.21396709091	1.28975818182	0.665787272727	0.925077333333	0.973789636364	1.24611193939	1.51627521212	1.34405557576	1.10368345455	1.23476430303	0.886368121212	1.1830690303	0.763320787879	1.01829260606	1.93288236364	0.782636484848	1.02513375758	1.13243884848	0.780765878788
PAM36	0.618604848485	1.34666315152	1.52457478788	0.940293878788	0.0	0.701423030303	1.12843824242	0.873781151515	0.859866969697	0.712851636364	0.888177272727	0.719320666667	1.76840333333	2.09758333333	1.29032048485	1.69053739394	0.733424484848	1.04787072727	0.927601272727	1.04950624242	1.14626	0.889684	0.82126630303	0.684487151515	1.38718230303	1.25005987879	0.958822969697	0.983696727273	1.70790418182	1.01716781818	1.70208060606	0.963178424242	1.25081830303	1.12347793939	0.726253333333	0.735272	0.763039272727	1.29297866667	0.957820242424	1.5849509697	1.44706187879	0.763210787879	0.903117151515	1.12999109091	1.39026212121	0.823358666667	0.902075393939	1.07749624242	0.888844969697	1.58181636364	1.65029793939	1.0937749697	1.01269187879	1.07454012121	1.50841206061	1.47267357576	1.01581339394	0.945696242424	0.752726181818	0.989828484848
PAM37	0.67819430303	1.04779260606	1.16604375758	0.957457030303	0.701423030303	0.0	0.816000666667	0.843353878788	0.728128181818	0.864903757576	0.86913169697	1.01534260606	1.71492151515	2.09305909091	1.30134666667	1.92332818182	1.01765769697	1.31640442424	1.19758466667	1.15163327273	1.20019551515	0.996867272727	0.877737939394	0.871739272727	1.26545636364	1.21158945455	0.968133151515	1.28438436364	1.66195460606	1.0609469697	1.71000836364	1.25846472727	1.30602206061	1.1444769697	0.940907757576	0.889931272727	0.734231757576	1.58908084848	1.25330763636	1.49942139394	1.36059109091	1.0052870303	0.996109272727	0.980171212121	1.29027606061	0.856699878788	1.1182529697	1.31451006061	1.19352860606	1.58482424242	1.72919951515	1.11806915152	1.05038678788	1.07098666667	1.38839339394	1.523632	1.10423169697	0.875659393939	1.04332193939	1.02694181818
PAM39	0.977994363636	0.807458848485	0.854774484848	0.755974424242	1.12843824242	0.816000666667	0.0	0.753839393939	1.10483406061	1.24046018182	0.963342787879	1.40359854545	1.29806509091	1.7928590303	1.37681024242	2.38049490909	1.39176078788	1.75093684848	1.6415369697	1.49874763636	1.39598842424	1.25816454545	1.19932090909	1.26583848485	1.06836090909	1.34302454545	0.995914424242	1.68354127273	1.30977939394	0.929466060606	1.32022709091	1.64328636364	1.01854127273	0.949150606061	1.24133666667	1.24122587879	1.11631181818	2.01251084848	1.63077036364	1.21376993939	1.42300375758	1.41756515152	1.38163745455	0.702329454545	0.989048121212	1.29213133333	1.56574769697	1.76804878788	1.61491848485	1.31553690909	1.48546757576	1.18659139394	1.428646	0.947736424242	1.05726860606	1.89877351515	1.04035115152	1.06396418182	1.43721363636	1.06151036364
PAM40	0.968804909091	1.06829460606	1.20433630303	0.627664363636	0.873781151515	0.843353878788	0.753839393939	0.0	1.19625684848	1.05992236364	0.794943272727	1.17026909091	1.37321042424	1.80068193939	1.082602	2.10508254545	1.09945060606	1.46752484848	1.3609430303	1.16508363636	1.14621363636	0.987923090909	0.974241151515	1.06999206061	0.936438	1.08817909091	0.793299272727	1.42749460606	1.33119963636	0.719942181818	1.33932345455	1.33877642424	0.970671575758	0.837248909091	0.941128909091	0.930680787879	0.872585272727	1.70725557576	1.34168733333	1.18337951515	1.31322351515	1.22817763636	1.17474509091	0.840027030303	0.97242230303	0.969434363636	1.25367606061	1.45142939394	1.32142890909	1.31927145455	1.39502830303	0.915213575758	1.1570869697	0.718305151515	1.16020739394	1.81945157576	0.795580242424	0.883818242424	1.12301242424	0.741469272727
PAM41	0.827014969697	1.22105872727	1.44950842424	1.29185987879	0.859866969697	0.728128181818	1.10483406061	1.19625684848	0.0	0.802031454545	1.0602249697	1.00026848485	1.93041139394	2.47490715152	1.62839666667	1.90372521212	1.15595836364	1.32725793939	1.27787927273	1.43076133333	1.53970636364	1.30238781818	1.22811606061	0.882390848485	1.53522345455	1.48604066667	1.29299612121	1.16299351515	2.00788981818	1.42008412121	2.01084406061	1.1464450303	1.657754	1.49215509091	1.17711581818	1.20085363636	1.05748527273	1.53216575758	1.23063169697	1.78744339394	1.56781393939	1.08162854545	0.888794060606	1.27695272727	1.63169381818	1.1770930303	1.10395642424	1.28363957576	1.26626006061	1.94893412121	2.08505787879	1.39497393939	1.33758672727	1.38718066667	1.65776872727	1.28693787879	1.43861357576	1.11576478788	1.18697387879	1.33680309091
PAM42	0.684605575758	1.48031624242	1.72541987879	1.22088806061	0.712851636364	0.864903757576	1.24046018182	1.05992236364	0.802031454545	0.0	1.01355230303	0.747197878788	2.00939957576	2.38033981818	1.58145175758	1.61437448485	0.971764121212	1.16112418182	1.11681957576	1.34999193939	1.47373963636	1.17173236364	1.08767127273	0.818127272727	1.57896606061	1.51063066667	1.16057618182	0.84260969697	1.94945436364	1.30022490909	1.96009975758	0.813431030303	1.49005830303	1.36796606061	1.02291515152	1.03819927273	0.975037939394	1.19943672727	0.8218	1.85576369697	1.63887969697	0.915247636364	0.828540181818	1.40673848485	1.65254575758	1.1222369697	1.081824	0.992916484848	1.06277515152	1.89245854545	1.9741369697	1.3842450303	1.31514460606	1.35164448485	1.76763533333	1.34207939394	1.34709109091	1.16815624242	1.02845490909	1.26933684848
PAM43	0.79599969697	1.30554224242	1.46029339394	1.07988872727	0.888177272727	0.86913169697	0.963342787879	0.794943272727	1.0602249697	1.01355230303	0.0	1.24123830303	1.6933209697	2.15000048485	1.49260151515	2.14887915152	1.03975012121	1.50222157576	1.42454315152	1.27318884848	1.366834	1.04389109091	0.851387818182	1.12762478788	1.21144745455	1.323766	0.901967030303	1.33472781818	1.57635418182	1.09600351515	1.57591278788	1.37310527273	1.30678575758	1.15770818182	0.899296909091	0.924314727273	0.878488181818	1.78051084848	1.37651048485	1.60075830303	1.31102557576	1.26443654545	1.19274533333	1.20498351515	1.26117006061	1.08263775758	1.35176187879	1.46478054545	1.34027036364	1.67260054545	1.80126672727	1.2659430303	1.24641945455	1.03512381818	1.49038860606	1.59703254545	1.13991442424	0.816425636364	1.14592915152	1.09858018182
PAM44	0.877771939394	1.55779981818	1.79105521212	1.27419224242	0.719320666667	1.01534260606	1.40359854545	1.17026909091	1.00026848485	0.747197878788	1.24123830303	0.0	1.96312521212	2.2753969697	1.24208793939	1.37298218182	0.759138	0.794343878788	0.820768363636	1.01429527273	1.09502115152	0.882968181818	1.03730321212	0.535809878788	1.58679654545	1.39071193939	1.22398351515	0.954421757576	1.90350521212	1.30392642424	1.88052927273	0.758100909091	1.47457642424	1.33234672727	0.869171818182	0.896101878788	1.03517545455	1.01465181818	0.749514363636	1.78853466667	1.65755793939	0.753207575758	0.911269333333	1.35127272727	1.64451078788	0.812026484848	0.724268060606	0.948304545455	0.721531454545	1.77545921212	1.82531787879	1.16179187879	0.946515939394	1.33793024242	1.74023127273	1.47440078788	1.25034751515	1.19744345455	0.763681515152	1.14293581818
PAM45	1.83835206061	1.32814018182	1.00396454545	1.27135818182	1.76840333333	1.71492151515	1.29806509091	1.37321042424	1.93041139394	2.00939957576	1.6933209697	1.96312521212	0.0	1.17689927273	1.72049630303	2.77524048485	1.84842915152	2.03195187879	2.00202387879	1.85742533333	1.76878684848	1.77232745455	1.83101315152	1.73956357576	1.487506	1.54902612121	1.67069806061	2.20977169697	0.879628484848	1.46718557576	0.885148545455	2.04070733333	1.25937569697	1.44752745455	1.86848733333	1.720694	1.6539389697	2.47690721212	2.20737254545	1.06753539394	1.68916969697	1.95927884848	1.99570872727	1.23632133333	1.21124836364	1.70462333333	1.93325775758	2.16746175758	2.00605157576	1.07487642424	1.082578	1.47527830303	1.76085545455	1.45105206061	0.832903151515	2.39620478788	1.41091054545	1.64407981818	1.85289424242	1.49566054545
PBW46	2.19373993939	1.96188987879	1.52929690909	1.60770872727	2.09758333333	2.09305909091	1.7928590303	1.80068193939	2.47490715152	2.38033981818	2.15000048485	2.2753969697	1.17689927273	0.0	1.57825133333	2.9673129697	2.05294624242	2.04796315152	2.15398242424	1.82894472727	1.69710006061	1.91431278788	1.97703715152	2.11594709091	1.79851145455	1.74731351515	1.856444	2.52645145455	1.21900448485	1.71213224242	1.07217387879	2.42147460606	1.41167387879	1.66457484848	2.0542290303	1.96485775758	1.94418127273	2.74726684848	2.45400369697	1.19292763636	1.99003890909	2.15418490909	2.33329842424	1.60377842424	1.4789969697	1.90217678788	2.19560115152	2.40029678788	2.13812454545	1.0225429697	1.01570006061	1.72030593939	1.86069290909	1.68844442424	1.33316509091	2.87164381818	1.64121830303	1.99086575758	2.03999860606	1.70315727273
PBW47	1.51581527273	1.57713151515	1.6439729697	1.09805666667	1.29032048485	1.30134666667	1.37681024242	1.082602	1.62839666667	1.58145175758	1.49260151515	1.24208793939	1.72049630303	1.57825133333	0.0	1.73053157576	1.23588060606	0.899681030303	1.08105375758	0.693577636364	0.578506545455	0.898621454545	1.20673648485	1.16944787879	1.40987369697	1.17118084848	1.13157533333	1.64461369697	1.72514127273	1.10287824242	1.54767575758	1.37553090909	1.14990630303	1.09157212121	1.17106569697	1.09449939394	1.177072	1.52141830303	1.39172533333	1.19585727273	1.68844527273	1.13566642424	1.53414284848	1.26579872727	1.44990369697	0.865555151515	1.02944387879	1.47693636364	1.07237442424	1.22030909091	1.18927151515	0.773775212121	0.678129818182	1.0969550303	1.6166029697	2.0764950303	0.962196424242	1.30397066667	0.981674181818	0.816789333333
PBW49	1.86992163636	2.54666406061	2.62681824242	2.10707321212	1.69053739394	1.92332818182	2.38049490909	2.10508254545	1.90372521212	1.61437448485	2.14887915152	1.37298218182	2.77524048485	2.9673129697	1.73053157576	0.0	1.53779642424	1.22686763636	1.32558727273	1.52951224242	1.59657860606	1.58073569697	1.86815363636	1.55181339394	2.44618430303	2.15156806061	2.10179248485	1.57212793939	2.74881418182	2.1199750303	2.64336660606	1.32912733333	2.18841921212	2.19039775758	1.67115606061	1.67968187879	1.86723533333	0.742855090909	1.22392345455	2.45460254545	2.48736351515	1.504114	1.64132109091	2.29117042424	2.47772024242	1.60116345455	1.29090927273	1.38064442424	1.35723751515	2.4653210303	2.50254648485	1.84183793939	1.54127993939	2.09487375758	2.64901381818	1.78469072727	2.01057418182	2.05450575758	1.44293036364	1.86872854545
PBW50	0.833347636364	1.62989333333	1.72023030303	1.17735727273	0.733424484848	1.01765769697	1.39176078788	1.09945060606	1.15595836364	0.971764121212	1.03975012121	0.759138	1.84842915152	2.05294624242	1.23588060606	1.53779642424	0.0	0.810282606061	0.78311	0.946402	1.02083042424	0.771860121212	0.84342	0.723832484848	1.36940763636	1.19744509091	1.02362987879	1.0568070303	1.70097618182	1.12692418182	1.65456012121	0.893387393939	1.22584727273	1.16386327273	0.685541454545	0.628764121212	0.838134787879	1.28095660606	0.909946666667	1.57700769697	1.49360733333	0.825164363636	0.96875	1.31307072727	1.40347933333	0.803326181818	0.798809454545	0.965745939394	0.813334424242	1.56859478788	1.59573745455	1.07041509091	0.904012848485	1.07770812121	1.6712829697	1.48141721212	1.03013230303	1.01004824242	0.675503878788	0.973496848485
PBW51	1.22195084848	1.91170987879	1.98311472727	1.46904836364	1.04787072727	1.31640442424	1.75093684848	1.46752484848	1.32725793939	1.16112418182	1.50222157576	0.794343878788	2.03195187879	2.04796315152	0.899681030303	1.22686763636	0.810282606061	0.0	0.640779151515	0.727271030303	0.781145393939	0.937748181818	1.17167048485	0.903918121212	1.76180757576	1.39668478788	1.41291575758	1.19618890909	2.02361866667	1.41768884848	1.86629024242	0.928291575758	1.45741957576	1.45838018182	1.01395848485	1.01831957576	1.16005690909	1.09888842424	0.986502606061	1.60591539394	1.83267563636	0.837146606061	1.21501478788	1.64624763636	1.77480630303	0.857347212121	0.648974727273	0.986023454545	0.613928787879	1.5288549697	1.62724321212	1.10705660606	0.710769151515	1.38459387879	1.93205054545	1.6737970303	1.27121163636	1.4111450303	0.801049272727	1.17992187879
PBW52	1.13185048485	1.81333484848	1.89181787879	1.35508945455	0.927601272727	1.19758466667	1.6415369697	1.3609430303	1.27787927273	1.11681957576	1.42454315152	0.820768363636	2.00202387879	2.15398242424	1.08105375758	1.32558727273	0.78311	0.640779151515	0.0	0.773178909091	0.878881030303	0.833117515152	1.16881460606	0.844593757576	1.74509109091	1.35903557576	1.36096787879	1.23380660606	2.05639915152	1.4084990303	1.90229012121	0.961047939394	1.47593775758	1.44237424242	1.0208469697	0.970779212121	1.09322563636	1.09285739394	0.990679939394	1.69702666667	1.78014581818	0.829529757576	1.23185721212	1.53449515152	1.69216254545	0.827186727273	0.651719090909	0.920213515152	0.709145030303	1.60457763636	1.72110878788	1.15138339394	0.842258121212	1.39875436364	1.87220969697	1.68594442424	1.27819490909	1.37593315152	0.720850121212	1.12343981818
PBW53	1.28089557576	1.66293642424	1.76302527273	1.18636945455	1.04950624242	1.15163327273	1.49874763636	1.16508363636	1.43076133333	1.34999193939	1.27318884848	1.01429527273	1.85742533333	1.82894472727	0.693577636364	1.52951224242	0.946402	0.727271030303	0.773178909091	0.0	0.531254363636	0.612532060606	1.01802006061	0.991256545455	1.55253218182	1.10492527273	1.21367163636	1.41035630303	1.85420836364	1.23237357576	1.61066878788	1.11228539394	1.25463327273	1.20782490909	0.953972545455	0.856580787879	1.03164454545	1.30385072727	1.16260757576	1.37249733333	1.60326981818	0.945365393939	1.36717212121	1.36938	1.58255684848	0.713149757576	0.829457393939	1.32035254545	0.854646484848	1.36422030303	1.36499993939	0.861466424242	0.540097757576	1.20121787879	1.71670424242	1.85943509091	1.0812849697	1.16493521212	0.713883939394	0.892336787879
PBW54	1.38152763636	1.59823587879	1.68682618182	1.129826	1.14626	1.20019551515	1.39598842424	1.14621363636	1.53970636364	1.47373963636	1.366834	1.09502115152	1.76878684848	1.69710006061	0.578506545455	1.59657860606	1.02083042424	0.781145393939	0.878881030303	0.531254363636	0.0	0.65108630303	1.04131454545	1.07183951515	1.44324484848	1.15248630303	1.07377133333	1.52480933333	1.72409630303	1.11759969697	1.57162145455	1.26252739394	1.17534836364	1.15226593939	1.06500375758	0.974221454545	1.08346618182	1.3788230303	1.27894424242	1.27207727273	1.63064939394	1.07859927273	1.45293860606	1.28692757576	1.51407181818	0.761708121212	0.878242666667	1.42959733333	0.932071272727	1.27611393939	1.31625939394	0.810483818182	0.563463878788	1.08780242424	1.64395787879	1.96088327273	0.949479212121	1.20391369697	0.848810424242	0.814793212121
PBW55	1.06289236364	1.55379260606	1.59020036364	1.00789678788	0.889684	0.996867272727	1.25816454545	0.987923090909	1.30238781818	1.17173236364	1.04389109091	0.882968181818	1.77232745455	1.91431278788	0.898621454545	1.58073569697	0.771860121212	0.937748181818	0.833117515152	0.612532060606	0.65108630303	0.0	0.70869430303	0.840691393939	1.30528339394	1.02498193939	0.862674	1.21785393939	1.61550490909	0.984377515152	1.46180181818	1.02917454545	1.05908921212	0.987994787879	0.731529333333	0.688229575758	0.836539636364	1.29415090909	1.03054666667	1.41587933333	1.39240890909	0.939814545455	1.18683048485	1.17748042424	1.38778563636	0.672124242424	0.787409333333	1.22654521212	0.869673818182	1.46430254545	1.46987878788	0.882430727273	0.659658909091	1.00049806061	1.55462333333	1.78276266667	0.886860909091	0.934511151515	0.645985575758	0.776378666667
PBW56	0.954277090909	1.47489442424	1.65848618182	1.06847872727	0.82126630303	0.877737939394	1.19932090909	0.974241151515	1.22811606061	1.08767127273	0.851387818182	1.03730321212	1.83101315152	1.97703715152	1.20673648485	1.86815363636	0.84342	1.17167048485	1.16881460606	1.01802006061	1.04131454545	0.70869430303	0.0	0.957071878788	1.24205030303	1.15901830303	0.633633272727	1.08912848485	1.47763872727	0.887818969697	1.51893781818	1.22342157576	1.12817709091	0.988775393939	0.67705430303	0.734355393939	0.806163636364	1.58034460606	1.19775709091	1.55081521212	1.35172575758	1.08405563636	1.19301775758	1.25345848485	1.29891121212	0.881343878788	1.10526993939	1.29589163636	1.13166109091	1.54500218182	1.58057018182	1.03949436364	0.953056121212	0.918554545455	1.58530260606	1.66259466667	0.914309878788	0.790016121212	0.905416848485	0.982913090909
PBW58	0.811932242424	1.36001672727	1.56391175758	1.09676733333	0.684487151515	0.871739272727	1.26583848485	1.06999206061	0.882390848485	0.818127272727	1.12762478788	0.535809878788	1.73956357576	2.11594709091	1.16944787879	1.55181339394	0.723832484848	0.903918121212	0.844593757576	0.991256545455	1.07183951515	0.840691393939	0.957071878788	0.0	1.44537212121	1.22466036364	1.13110284848	1.06757575758	1.80283666667	1.16548660606	1.74957260606	0.803620121212	1.33703721212	1.23272557576	0.782528363636	0.772485090909	0.841533090909	1.1816110303	0.899274666667	1.59631278788	1.53190187879	0.692458060606	0.871819212121	1.16691812121	1.49918442424	0.720240484848	0.712500969697	0.98988	0.810401939394	1.62299006061	1.74549563636	0.979730848485	0.845874787879	1.15956957576	1.57066575758	1.44070569697	1.09939775758	1.05232484848	0.750191151515	0.976342181818
PBW59	1.352784	1.17279636364	1.30538521212	1.0145530303	1.38718230303	1.26545636364	1.06836090909	0.936438	1.53522345455	1.57896606061	1.21144745455	1.58679654545	1.487506	1.79851145455	1.40987369697	2.44618430303	1.36940763636	1.76180757576	1.74509109091	1.55253218182	1.44324484848	1.30528339394	1.24205030303	1.44537212121	0.0	0.973569818182	1.02135969697	1.65544145455	1.19255266667	0.964411454545	1.3550649697	1.74363139394	1.12717866667	1.05650509091	1.24680957576	1.29181430303	1.15542351515	2.16940872727	1.81071066667	1.09382915152	1.18316309091	1.613608	1.38308175758	1.03988854545	0.817229636364	1.35804387879	1.61177915152	1.7545270303	1.6636649697	1.3467889697	1.47019321212	1.19329145455	1.49044084848	0.925233090909	1.21375448485	1.81136412121	0.998093878788	1.09731333333	1.49327030303	1.13235660606
PBW60	1.38611418182	1.33887733333	1.33827539394	1.07543472727	1.25005987879	1.21158945455	1.34302454545	1.08817909091	1.48604066667	1.51063066667	1.323766	1.39071193939	1.54902612121	1.74731351515	1.17118084848	2.15156806061	1.19744509091	1.39668478788	1.35903557576	1.10492527273	1.15248630303	1.02498193939	1.15901830303	1.22466036364	0.973569818182	0.0	1.16651678788	1.54788048485	1.51641666667	1.12263933333	1.31127769697	1.49120084848	1.13947709091	1.09178218182	1.19979345455	1.05889830303	0.990889454545	1.88784569697	1.5605990303	1.04090078788	0.951264545455	1.30281648485	1.26241278788	1.07073787879	1.11911969697	1.06022315152	1.25929030303	1.53672230303	1.3435910303	1.28147939394	1.33293030303	0.956042121212	1.08412278788	1.09707466667	1.28522381818	1.85038024242	0.983185393939	1.09494436364	1.17114727273	0.947391878788
PEP16	0.994597757576	1.29981884848	1.50646066667	0.92721030303	0.958822969697	0.968133151515	0.995914424242	0.793299272727	1.29299612121	1.16057618182	0.901967030303	1.22398351515	1.67069806061	1.856444	1.13157533333	2.10179248485	1.02362987879	1.41291575758	1.36096787879	1.21367163636	1.07377133333	0.862674	0.633633272727	1.13110284848	1.02135969697	1.16651678788	0.0	1.18666915152	1.31650654545	0.693250545455	1.31838890909	1.37099993939	0.961018484848	0.78761569697	0.861822606061	0.881362969697	0.820390727273	1.75973109091	1.37056575758	1.32528739394	1.29895478788	1.23538212121	1.2333769697	1.02751406061	1.11241006061	1.02359012121	1.33913993939	1.46447933333	1.33617290909	1.38318054545	1.47474478788	1.01829587879	1.10357036364	0.759719212121	1.39970218182	1.71115484848	0.766263636364	0.785411939394	1.10807557576	0.872017878788
PEP18	1.10624145455	1.80925890909	2.074148	1.55782636364	0.983696727273	1.28438436364	1.68354127273	1.42749460606	1.16299351515	0.84260969697	1.33472781818	0.954421757576	2.20977169697	2.52645145455	1.64461369697	1.57212793939	1.0568070303	1.19618890909	1.23380660606	1.41035630303	1.52480933333	1.21785393939	1.08912848485	1.06757575758	1.65544145455	1.54788048485	1.18666915152	0.0	1.98284369697	1.30457363636	2.00467684848	0.838600848485	1.55015878788	1.39458448485	1.04012121212	1.01936121212	1.13140812121	1.2422969697	0.86673830303	1.95818575758	1.69618745455	1.150248	0.958049636364	1.66115254545	1.78344660606	1.26640751515	1.14554654545	0.966824484848	1.14970363636	2.01936278788	1.98622218182	1.41550163636	1.36859866667	1.39553030303	1.96636793939	1.27853939394	1.37041763636	1.15431878788	1.13085115152	1.34411369697
PEP21	1.6981890303	1.48665969697	1.18542454545	1.29151393939	1.70790418182	1.66195460606	1.30977939394	1.33119963636	2.00788981818	1.94945436364	1.57635418182	1.90350521212	0.879628484848	1.21900448485	1.72514127273	2.74881418182	1.70097618182	2.02361866667	2.05639915152	1.85420836364	1.72409630303	1.61550490909	1.47763872727	1.80283666667	1.19255266667	1.51641666667	1.31650654545	1.98284369697	0.0	1.20740872727	0.667006242424	2.04835363636	1.08338527273	1.20936187879	1.54714612121	1.52713218182	1.53196684848	2.52768684848	2.12616490909	1.099396	1.54928290909	1.94204527273	1.92517030303	1.27695927273	1.03474787879	1.71954490909	1.97868284848	2.14343206061	1.96760842424	1.07348575758	1.03396672727	1.53588109091	1.80029751515	1.19856854545	0.965124727273	2.32437254545	1.29220678788	1.43791036364	1.83504139394	1.47567981818
PEP23	1.15722078788	1.20369278788	1.32444878788	0.747097090909	1.01716781818	1.0609469697	0.929466060606	0.719942181818	1.42008412121	1.30022490909	1.09600351515	1.30392642424	1.46718557576	1.71213224242	1.10287824242	2.1199750303	1.12692418182	1.41768884848	1.4084990303	1.23237357576	1.11759969697	0.984377515152	0.887818969697	1.16548660606	0.964411454545	1.12263933333	0.693250545455	1.30457363636	1.20740872727	0.0	1.20367836364	1.37719363636	0.748354242424	0.683798848485	0.981548060606	0.878810969697	0.912494121212	1.80484975758	1.42837630303	1.1579529697	1.31140981818	1.28178660606	1.30527018182	0.903158060606	1.02221575758	1.05826430303	1.31405424242	1.48293981818	1.37179921212	1.22217351515	1.31689824242	0.929513575758	1.17922078788	0.65010430303	1.18612327273	1.8321909697	0.675816606061	0.901102363636	1.18249933333	0.818452424242
PEP24	1.71566727273	1.55652921212	1.10423018182	1.19071993939	1.70208060606	1.71000836364	1.32022709091	1.33932345455	2.01084406061	1.96009975758	1.57591278788	1.88052927273	0.885148545455	1.07217387879	1.54767575758	2.64336660606	1.65456012121	1.86629024242	1.90229012121	1.61066878788	1.57162145455	1.46180181818	1.51893781818	1.74957260606	1.3550649697	1.31127769697	1.31838890909	2.00467684848	0.667006242424	1.20367836364	0.0	1.99378327273	0.95494	1.12896472727	1.51430727273	1.48221575758	1.48382084848	2.38687624242	2.03906727273	0.962936909091	1.59700757576	1.80716775758	1.90434648485	1.14661533333	1.04494987879	1.57112848485	1.83677212121	2.09476193939	1.844192	0.921127515152	0.888284121212	1.41379484848	1.64421454545	1.21463248485	0.960494363636	2.45246375758	1.23480006061	1.46278412121	1.646884	1.32422072727
PEP26	1.12232824242	1.65016606061	1.95040363636	1.40006890909	0.963178424242	1.25846472727	1.64328636364	1.33877642424	1.1464450303	0.813431030303	1.37310527273	0.758100909091	2.04070733333	2.42147460606	1.37553090909	1.32912733333	0.893387393939	0.928291575758	0.961047939394	1.11228539394	1.26252739394	1.02917454545	1.22342157576	0.803620121212	1.74363139394	1.49120084848	1.37099993939	0.838600848485	2.04835363636	1.37719363636	1.99378327273	0.0	1.489728	1.45036109091	1.03631515152	0.988611151515	1.10390181818	1.03033006061	0.684089818182	1.87023860606	1.71471169697	0.91312969697	0.946471454545	1.54686442424	1.77338212121	1.01239369697	0.855675878788	0.857584848485	0.914704727273	1.91170509091	1.93722145455	1.24178709091	1.05007939394	1.41119963636	1.90617812121	1.37754860606	1.35576951515	1.24725854545	0.847892727273	1.15511878788
PEP27	1.35402230303	1.30164448485	1.14458387879	0.772260909091	1.25081830303	1.30602206061	1.01854127273	0.970671575758	1.657754	1.49005830303	1.30678575758	1.47457642424	1.25937569697	1.41167387879	1.14990630303	2.18841921212	1.22584727273	1.45741957576	1.47593775758	1.25463327273	1.17534836364	1.05908921212	1.12817709091	1.33703721212	1.12717866667	1.13947709091	0.961018484848	1.55015878788	1.08338527273	0.748354242424	0.95494	1.489728	0.0	0.733558666667	1.17537830303	1.07172860606	1.12536715152	1.93016666667	1.57711345455	0.922761515152	1.47939109091	1.31863127273	1.51936175758	0.895215818182	0.918728909091	1.17371769697	1.42119951515	1.62809466667	1.3774489697	0.913231393939	0.965876121212	0.993394969697	1.23308024242	0.879055272727	1.03604684848	2.04082606061	0.803274242424	1.16326812121	1.22403563636	0.843688
PEP28	1.20540763636	1.20071757576	1.32495660606	0.760936666667	1.12347793939	1.1444769697	0.949150606061	0.837248909091	1.49215509091	1.36796606061	1.15770818182	1.33234672727	1.44752745455	1.66457484848	1.09157212121	2.19039775758	1.16386327273	1.45838018182	1.44237424242	1.20782490909	1.15226593939	0.987994787879	0.988775393939	1.23272557576	1.05650509091	1.09178218182	0.78761569697	1.39458448485	1.20936187879	0.683798848485	1.12896472727	1.45036109091	0.733558666667	0.0	1.02774521212	0.963128121212	0.953758666667	1.84382254545	1.48162824242	1.16798272727	1.42599024242	1.26560448485	1.32489824242	0.911178363636	1.02346587879	1.09704290909	1.41148242424	1.56560436364	1.32925551515	1.16936181818	1.26854315152	1.01509484848	1.19551551515	0.793388727273	1.20783630303	1.93253175758	0.673254969697	0.963433939394	1.170632	0.814832242424
PEP29	0.857828848485	1.58789224242	1.65009418182	1.10865133333	0.726253333333	0.940907757576	1.24133666667	0.941128909091	1.17711581818	1.02291515152	0.899296909091	0.869171818182	1.86848733333	2.0542290303	1.17106569697	1.67115606061	0.685541454545	1.01395848485	1.0208469697	0.953972545455	1.06500375758	0.731529333333	0.67705430303	0.782528363636	1.24680957576	1.19979345455	0.861822606061	1.04012121212	1.54714612121	0.981548060606	1.51430727273	1.03631515152	1.17537830303	1.02774521212	0.0	0.581037939394	0.766713575758	1.3806630303	0.991761939394	1.5189149697	1.33075012121	0.920012727273	0.990462484848	1.28246115152	1.30900818182	0.785331878788	0.929096727273	1.16152133333	0.959959393939	1.60101272727	1.58681357576	1.03580369697	0.919836606061	0.968864606061	1.64609969697	1.62008727273	1.00574866667	0.875316969697	0.788476242424	0.986358787879
PEP30	0.876648848485	1.51074751515	1.53719430303	0.976490121212	0.735272	0.889931272727	1.24122587879	0.930680787879	1.20085363636	1.03819927273	0.924314727273	0.896101878788	1.720694	1.96485775758	1.09449939394	1.67968187879	0.628764121212	1.01831957576	0.970779212121	0.856580787879	0.974221454545	0.688229575758	0.734355393939	0.772485090909	1.29181430303	1.05889830303	0.881362969697	1.01936121212	1.52713218182	0.878810969697	1.48221575758	0.988611151515	1.07172860606	0.963128121212	0.581037939394	0.0	0.703853939394	1.41264933333	1.00622266667	1.39822515152	1.30404927273	0.90661430303	1.03469545455	1.17398927273	1.31282612121	0.698148969697	0.924273454545	1.14000193939	0.944610545455	1.46601115152	1.49495478788	0.938366969697	0.826372606061	0.941947757576	1.47474042424	1.54843624242	0.913717393939	0.85838630303	0.714245454545	0.813517939394
PIS1	0.841417212121	1.34240109091	1.43522763636	0.924773636364	0.763039272727	0.734231757576	1.11631181818	0.872585272727	1.05748527273	0.975037939394	0.878488181818	1.03517545455	1.6539389697	1.94418127273	1.177072	1.86723533333	0.838134787879	1.16005690909	1.09322563636	1.03164454545	1.08346618182	0.836539636364	0.806163636364	0.841533090909	1.15542351515	0.990889454545	0.820390727273	1.13140812121	1.53196684848	0.912494121212	1.48382084848	1.10390181818	1.12536715152	0.953758666667	0.766713575758	0.703853939394	0.0	1.51783187879	1.14589684848	1.30575606061	1.15725436364	0.951186545455	0.842283090909	0.983766242424	1.12528284848	0.701350181818	0.999878787879	1.16416363636	1.07274206061	1.44581878788	1.59650909091	0.949956666667	0.899878909091	0.906324	1.38183327273	1.5331409697	0.88831630303	0.760302787879	0.891630666667	0.913036121212
PIS2	1.50859018182	2.16374848485	2.29934630303	1.76300115152	1.29297866667	1.58908084848	2.01251084848	1.70725557576	1.53216575758	1.19943672727	1.78051084848	1.01465181818	2.47690721212	2.74726684848	1.52141830303	0.742855090909	1.28095660606	1.09888842424	1.09285739394	1.30385072727	1.3788230303	1.29415090909	1.58034460606	1.1816110303	2.16940872727	1.88784569697	1.75973109091	1.2422969697	2.52768684848	1.80484975758	2.38687624242	1.03033006061	1.93016666667	1.84382254545	1.3806630303	1.41264933333	1.51783187879	0.0	0.819558181818	2.19714551515	2.19141872727	1.20240218182	1.30331678788	1.90107145455	2.17491545455	1.25236157576	1.04835030303	1.12124193939	1.10495939394	2.21286181818	2.24208084848	1.60322054545	1.32017078788	1.81231260606	2.30952406061	1.52592630303	1.72706078788	1.75215527273	1.19973333333	1.53652884848
PIS4	1.10417212121	1.84364945455	1.995344	1.43884975758	0.957820242424	1.25330763636	1.63077036364	1.34168733333	1.23063169697	0.8218	1.37651048485	0.749514363636	2.20737254545	2.45400369697	1.39172533333	1.22392345455	0.909946666667	0.986502606061	0.990679939394	1.16260757576	1.27894424242	1.03054666667	1.19775709091	0.899274666667	1.81071066667	1.5605990303	1.37056575758	0.86673830303	2.12616490909	1.42837630303	2.03906727273	0.684089818182	1.57711345455	1.48162824242	0.991761939394	1.00622266667	1.14589684848	0.819558181818	0.0	1.86561593939	1.82946212121	0.949876	0.939071454545	1.55210406061	1.8402189697	0.945057333333	0.888745454545	0.864348969697	0.91136969697	1.92653357576	1.93560569697	1.31462890909	1.1434430303	1.44061757576	1.99541824242	1.36897054545	1.40138175758	1.33236193939	0.879461818182	1.23705830303
PIS5	1.64827218182	1.31564684848	0.943996666667	1.01842884848	1.5849509697	1.49942139394	1.21376993939	1.18337951515	1.78744339394	1.85576369697	1.60075830303	1.78853466667	1.06753539394	1.19292763636	1.19585727273	2.45460254545	1.57700769697	1.60591539394	1.69702666667	1.37249733333	1.27207727273	1.41587933333	1.55081521212	1.59631278788	1.09382915152	1.04090078788	1.32528739394	1.95818575758	1.099396	1.1579529697	0.962936909091	1.87023860606	0.922761515152	1.16798272727	1.5189149697	1.39822515152	1.30575606061	2.19714551515	1.86561593939	0.0	1.33183745455	1.64064127273	1.53729878788	0.979681090909	0.860856363636	1.32449121212	1.52538878788	1.87613690909	1.63657012121	0.77705969697	0.913192060606	1.13146690909	1.31729060606	1.11675121212	0.803664363636	2.17987824242	1.12592084848	1.40301315152	1.52146563636	1.14329290909
PIS7	1.3954989697	1.50379509091	1.50368684848	1.39243321212	1.44706187879	1.36059109091	1.42300375758	1.31322351515	1.56781393939	1.63887969697	1.31102557576	1.65755793939	1.68916969697	1.99003890909	1.68844527273	2.48736351515	1.49360733333	1.83267563636	1.78014581818	1.60326981818	1.63064939394	1.39240890909	1.35172575758	1.53190187879	1.18316309091	0.951264545455	1.29895478788	1.69618745455	1.54928290909	1.31140981818	1.59700757576	1.71471169697	1.47939109091	1.42599024242	1.33075012121	1.30404927273	1.15725436364	2.19141872727	1.82946212121	1.33183745455	0.0	1.62075484848	1.34453357576	1.33627745455	1.27095987879	1.42775484848	1.65699569697	1.82129909091	1.72123436364	1.74456212121	1.83148393939	1.44030751515	1.53783145455	1.32060575758	1.37928084848	1.94182357576	1.39281381818	1.12829436364	1.52962624242	1.38187157576
PIS9	0.897643151515	1.62763539394	1.66668751515	1.21396709091	0.763210787879	1.0052870303	1.41756515152	1.22817763636	1.08162854545	0.915247636364	1.26443654545	0.753207575758	1.95927884848	2.15418490909	1.13566642424	1.504114	0.825164363636	0.837146606061	0.829529757576	0.945365393939	1.07859927273	0.939814545455	1.08405563636	0.692458060606	1.613608	1.30281648485	1.23538212121	1.150248	1.94204527273	1.28178660606	1.80716775758	0.91312969697	1.31863127273	1.26560448485	0.920012727273	0.90661430303	0.951186545455	1.20240218182	0.949876	1.64064127273	1.62075484848	0.0	1.00678539394	1.33608406061	1.58498527273	0.774957575758	0.784063878788	1.01244242424	0.672333818182	1.64884290909	1.64123018182	0.989538848485	0.927720606061	1.29389757576	1.71816684848	1.57944884848	1.17272830303	1.22317478788	0.765993454545	1.02855054545
PIS10	0.926929757576	1.52604951515	1.64739084848	1.28975818182	0.903117151515	0.996109272727	1.38163745455	1.17474509091	0.888794060606	0.828540181818	1.19274533333	0.911269333333	1.99570872727	2.33329842424	1.53414284848	1.64132109091	0.96875	1.21501478788	1.23185721212	1.36717212121	1.45293860606	1.18683048485	1.19301775758	0.871819212121	1.38308175758	1.26241278788	1.2333769697	0.958049636364	1.92517030303	1.30527018182	1.90434648485	0.946471454545	1.51936175758	1.32489824242	0.990462484848	1.03469545455	0.842283090909	1.30331678788	0.939071454545	1.53729878788	1.34453357576	1.00678539394	0.0	1.31079418182	1.45492121212	1.04876915152	0.957748545455	0.940981030303	1.09323145455	1.79561012121	1.98106636364	1.31211418182	1.23342393939	1.24243436364	1.65370969697	1.2008250303	1.31605369697	1.0754069697	1.09400757576	1.25034078788
PIS11	1.12676272727	0.915513636364	0.868279454545	0.665787272727	1.12999109091	0.980171212121	0.702329454545	0.840027030303	1.27695272727	1.40673848485	1.20498351515	1.35127272727	1.23632133333	1.60377842424	1.26579872727	2.29117042424	1.31307072727	1.64624763636	1.53449515152	1.36938	1.28692757576	1.17748042424	1.25345848485	1.16691812121	1.03988854545	1.07073787879	1.02751406061	1.66115254545	1.27695927273	0.903158060606	1.14661533333	1.54686442424	0.895215818182	0.911178363636	1.28246115152	1.17398927273	0.983766242424	1.90107145455	1.55210406061	0.979681090909	1.33627745455	1.33608406061	1.31079418182	0.0	0.846051515152	1.10717024242	1.38430987879	1.63199521212	1.51015630303	1.10848878788	1.27469036364	1.06457854545	1.31157509091	0.896768545455	0.887440121212	1.91702139394	0.919827878788	1.08264684848	1.28848127273	0.918315212121
PIS14	1.4112669697	1.18828260606	1.01525218182	0.925077333333	1.39026212121	1.29027606061	0.989048121212	0.97242230303	1.63169381818	1.65254575758	1.26117006061	1.64451078788	1.21124836364	1.4789969697	1.44990369697	2.47772024242	1.40347933333	1.77480630303	1.69216254545	1.58255684848	1.51407181818	1.38778563636	1.29891121212	1.49918442424	0.817229636364	1.11911969697	1.11241006061	1.78344660606	1.03474787879	1.02221575758	1.04494987879	1.77338212121	0.918728909091	1.02346587879	1.30900818182	1.31282612121	1.12528284848	2.17491545455	1.8402189697	0.860856363636	1.27095987879	1.58498527273	1.45492121212	0.846051515152	0.0	1.37142781818	1.61702878788	1.71264951515	1.69986018182	1.03978757576	1.17238709091	1.20214169697	1.52387763636	0.986815939394	0.925638181818	2.10038806061	1.0948190303	1.19614018182	1.53675	1.16481109091
PIS15	1.06183260606	1.45927939394	1.56590545455	0.973789636364	0.823358666667	0.856699878788	1.29213133333	0.969434363636	1.1770930303	1.1222369697	1.08263775758	0.812026484848	1.70462333333	1.90217678788	0.865555151515	1.60116345455	0.803326181818	0.857347212121	0.827186727273	0.713149757576	0.761708121212	0.672124242424	0.881343878788	0.720240484848	1.35804387879	1.06022315152	1.02359012121	1.26640751515	1.71954490909	1.05826430303	1.57112848485	1.01239369697	1.17371769697	1.09704290909	0.785331878788	0.698148969697	0.701350181818	1.25236157576	0.945057333333	1.32449121212	1.42775484848	0.774957575758	1.04876915152	1.10717024242	1.37142781818	0.0	0.746271393939	1.12981357576	0.786498060606	1.39446618182	1.48262387879	0.763356545455	0.60129830303	1.05499090909	1.49592151515	1.63648836364	0.899095939394	0.983963151515	0.687548363636	0.805974060606
PLL76	1.10539284848	1.71600690909	1.80115127273	1.24611193939	0.902075393939	1.1182529697	1.56574769697	1.25367606061	1.10395642424	1.081824	1.35176187879	0.724268060606	1.93325775758	2.19560115152	1.02944387879	1.29090927273	0.798809454545	0.648974727273	0.651719090909	0.829457393939	0.878242666667	0.787409333333	1.10526993939	0.712500969697	1.61177915152	1.25929030303	1.33913993939	1.14554654545	1.97868284848	1.31405424242	1.83677212121	0.855675878788	1.42119951515	1.41148242424	0.929096727273	0.924273454545	0.999878787879	1.04835030303	0.888745454545	1.52538878788	1.65699569697	0.784063878788	0.957748545455	1.38430987879	1.61702878788	0.746271393939	0.0	0.899020242424	0.611762787879	1.60513951515	1.71253842424	0.983611212121	0.749025818182	1.23771151515	1.72545642424	1.53350969697	1.18495666667	1.17545042424	0.640852606061	1.00857030303
