	PAM31	PAM32	PAM33	PAM35	PAM36	PAM37	PAM39	PAM40	PAM41	PAM42	PAM43	PAM44	PAM45	PBW46	PBW47	PBW49	PBW50	PBW51	PBW52	PBW53	PBW54	PBW55	PBW56	PBW58	PBW59	PBW60	PEP16	PEP18	PEP21	PEP23	PEP24	PEP26	PEP27	PEP28	PEP29	PEP30	PIS1	PIS2	PIS4	PIS5	PIS7	PIS9	PIS10	PIS11	PIS14	PIS15	PLL76	PLL77	PLL79	PLL80	PLL83	PLL88	PLL89	PLL90	PPO64	PPO66	PPO67	PPO69	PPO72	PPO75
PAM31	0.0	1.07175581818	1.49067042424	1.01432509091	0.707516969697	0.830466363636	0.808637030303	0.594659090909	0.948424969697	0.70493630303	0.845019636364	1.04163266667	1.50709927273	1.86321127273	1.18951418182	1.96000551515	1.03428072727	1.25161769697	1.37720963636	1.07136624242	1.33328975758	1.14264563636	0.947764181818	1.04379387879	1.43097872727	1.35919933333	0.798440242424	1.28133406061	1.29601551515	1.19256236364	1.52158333333	0.944435212121	0.97815969697	0.847405393939	0.953216363636	0.765450666667	0.766494787879	1.28943078788	1.22980418182	1.40418775758	1.37957781818	1.04345963636	1.18661593939	0.851062787879	1.02838951515	0.954139939394	1.09460721212	1.21441745455	1.21824927273	1.42755781818	1.70824684848	1.01607333333	1.18046078788	0.715018121212	1.46991545455	1.5765770303	0.916767272727	0.993792424242	0.961366848485	0.955177393939
PAM32	1.07175581818	0.0	1.28865642424	1.14472163636	1.23954963636	1.18882193939	0.808549818182	1.25989806061	0.99894769697	1.28668787879	1.40881775758	1.46324242424	1.40089933333	1.90317981818	1.49899218182	2.32670606061	1.55481509091	1.72668781818	1.797552	1.4666249697	1.77038206061	1.66982315152	1.54362121212	1.50471648485	1.44908242424	1.29661915152	1.37430442424	1.77009169697	1.44088515152	1.34596412121	1.66833224242	1.21123139394	1.22218181818	1.33318278788	1.31172636364	1.39292490909	1.27399945455	1.73032284848	1.69510909091	1.33433024242	1.48896927273	1.46930539394	1.54576509091	0.999800181818	1.10816048485	1.447068	1.53969018182	1.69778078788	1.67780266667	1.48238527273	1.73769224242	1.29091630303	1.56633927273	1.28996981818	1.36651454545	1.76534012121	1.26786478788	1.15189587879	1.43516872727	1.04411406061
PAM33	1.49067042424	1.28865642424	0.0	1.19314630303	1.66211212121	1.64487254545	1.17166430303	1.58231848485	1.53331139394	1.691854	1.73041915152	1.99396624242	0.922575393939	1.20222472727	1.92133806061	2.78867654545	1.91168230303	2.14073878788	2.24487569697	1.91345739394	2.18598236364	2.02504018182	1.86532115152	1.93295557576	1.11206890909	1.41431133333	1.7210649697	2.21970957576	1.08764484848	1.23267181818	0.954350242424	1.80033206061	1.54193363636	1.69727787879	1.60916618182	1.71891575758	1.60913321212	2.16785733333	2.16016284848	1.22285781818	1.637508	1.89598036364	2.01484866667	1.3736929697	1.18478478788	1.81682575758	1.92810587879	2.07776848485	2.06747230303	1.30036157576	1.14478212121	1.70369187879	2.04465909091	1.678918	0.841510484848	2.40219060606	1.672404	1.51153533333	1.83727157576	1.41699848485
PAM35	1.01432509091	1.14472163636	1.19314630303	0.0	1.04673587879	1.27971872727	0.89849569697	1.02835921212	1.29402606061	1.14016163636	1.26271648485	1.36691448485	1.27240351515	1.46232484848	1.2001849697	2.06896721212	1.23962509091	1.43934387879	1.52701	1.15956854545	1.49123569697	1.37078927273	1.26570939394	1.31087569697	1.19213775758	0.958140181818	1.16587721212	1.6498110303	1.08522557576	0.879634121212	1.15650975758	1.12258224242	0.886550727273	1.00723412121	0.937085818182	1.13926509091	1.06407624242	1.39733151515	1.51879254545	0.95300969697	1.52353454545	1.16620593939	1.56494915152	0.845595151515	0.805423454545	1.07970757576	1.19912139394	1.49768484848	1.34348454545	0.987708484848	1.22190272727	1.02253842424	1.37177521212	1.10055181818	1.0902269697	2.03714054545	1.03000909091	1.00733363636	1.15381048485	0.822241636364
PAM36	0.707516969697	1.23954963636	1.66211212121	1.04673587879	0.0	0.72105	1.04554212121	0.710698606061	0.855742060606	0.548323575758	0.864009575758	0.733119333333	1.79363151515	1.94788448485	1.13562921212	1.6015749697	0.750645212121	0.967688121212	1.05104357576	1.06082975758	0.998794242424	0.823040424242	0.783405636364	0.767145636364	1.67033109091	1.47364115152	0.875229454545	1.02955890909	1.51645018182	1.32066987879	1.68862018182	0.810616909091	0.974255575758	0.909317636364	0.976179393939	0.762296969697	0.818220363636	0.960240121212	0.908398969697	1.53576072727	1.37754751515	0.713513454545	0.975253272727	0.912517090909	1.24064272727	0.727571333333	0.812169272727	0.890780121212	0.910917515152	1.42288206061	1.71705036364	0.973132484848	0.872392787879	0.843251818182	1.63690127273	1.51162260606	0.949564121212	1.21610175758	0.701951212121	1.0217589697
PAM37	0.830466363636	1.18882193939	1.64487254545	1.27971872727	0.72105	0.0	0.930932848485	0.808680727273	0.671701030303	0.606297575758	0.842193757576	0.828204	1.87190175758	2.19595363636	1.42527872727	1.65286145455	0.958589151515	1.15036321212	1.14292812121	1.39348509091	1.22344181818	1.02359187879	1.00960860606	0.806060848485	1.79574278788	1.64923551515	1.08388393939	1.06694975758	1.66044769697	1.49087187879	1.86797963636	1.14587115152	1.31820921212	1.16895951515	1.24716042424	1.01460333333	0.998298242424	1.07355593939	0.974144	1.64149957576	1.44893315152	0.951751818182	0.900538909091	1.06179181818	1.33099745455	1.03595842424	1.15104230303	0.948450848485	1.13360315152	1.73275957576	1.99732181818	1.29777787879	1.05173175758	1.09157854545	1.71835575758	1.32085684848	1.22403278788	1.33587018182	1.0499830303	1.26244509091
PAM39	0.808637030303	0.808549818182	1.17166430303	0.89849569697	1.04554212121	0.930932848485	0.0	0.863846666667	0.858932787879	1.03599648485	1.01522575758	1.35453224242	1.365374	1.8134389697	1.40227812121	2.23769139394	1.36864054545	1.62048078788	1.69680436364	1.39749951515	1.65765236364	1.45935515152	1.23819284848	1.36406024242	1.30540690909	1.28142690909	1.0826469697	1.55130466667	1.16276830303	1.07168327273	1.44463357576	1.23579915152	0.992946424242	1.12466739394	1.01255860606	1.09062769697	1.07739412121	1.60807363636	1.53438206061	1.27539812121	1.49140575758	1.34848381818	1.41713345455	0.93291969697	0.91263030303	1.29116909091	1.40159745455	1.52760224242	1.56730884848	1.35314066667	1.60957369697	1.18713654545	1.51765175758	1.073536	1.26534533333	1.74836666667	1.11856721212	0.879861212121	1.27653878788	0.987385818182
PAM40	0.594659090909	1.25989806061	1.58231848485	1.02835921212	0.710698606061	0.808680727273	0.863846666667	0.0	0.895202363636	0.638082424242	0.675606484848	1.02524315152	1.6080589697	1.97616830303	1.24614806061	1.86773224242	0.937101151515	1.22001812121	1.31216133333	1.1500489697	1.24731066667	1.08224290909	0.842113090909	0.993757454545	1.53672121212	1.42983187879	0.81294430303	1.19419739394	1.38276575758	1.23180884848	1.58883490909	0.917380848485	1.013168	0.915609333333	0.984550484848	0.788889151515	0.736297878788	1.219098	1.14392654545	1.42552490909	1.34739	0.974891212121	1.07183757576	0.903035454545	1.10245624242	0.870843878788	1.00396169697	1.13799230303	1.15671309091	1.48550490909	1.73122618182	1.05958769697	1.12746509091	0.74295430303	1.60082678788	1.50959551515	0.960873878788	1.01532206061	0.877248363636	1.05277818182
PAM41	0.948424969697	0.99894769697	1.53331139394	1.29402606061	0.855742060606	0.671701030303	0.858932787879	0.895202363636	0.0	0.853659575758	0.85435030303	1.17963278788	1.72455454545	2.25525793939	1.52200630303	1.99689666667	1.13422472727	1.39109842424	1.47133387879	1.47615909091	1.44582393939	1.29457872727	1.12618684848	1.18274915152	1.70175460606	1.5967869697	1.19347963636	1.31571127273	1.69310484848	1.57988430303	1.96360527273	1.14960321212	1.34285339394	1.31060090909	1.40183915152	1.17285963636	1.04864884848	1.42378969697	1.34743109091	1.60701187879	1.35377248485	1.1486849697	1.15697436364	1.03858036364	1.31140660606	1.23219690909	1.29258612121	1.30826836364	1.30595072727	1.77593406061	2.05671193939	1.34195793939	1.28503775758	1.13509557576	1.68573121212	1.37818042424	1.27737539394	1.32272624242	1.18742454545	1.2842189697
PAM42	0.70493630303	1.28668787879	1.691854	1.14016163636	0.548323575758	0.606297575758	1.03599648485	0.638082424242	0.853659575758	0.0	0.784463818182	0.753393818182	1.72263933333	2.01045909091	1.27097218182	1.65332242424	0.794153272727	1.00410672727	1.10291466667	1.18946533333	1.04539830303	0.882392484848	0.860654181818	0.783005575758	1.71933745455	1.52867624242	0.894106	1.03757921212	1.5317090303	1.38867866667	1.73745369697	0.944367878788	1.099336	0.955478909091	1.10115157576	0.832598	0.785559090909	1.00097484848	0.971908606061	1.55894612121	1.39043618182	0.770257636364	0.914016727273	0.967451090909	1.24577127273	0.819957575758	0.941961818182	0.881248909091	0.958307030303	1.52651884848	1.80880654545	1.08305921212	0.930960121212	0.907106545455	1.65517248485	1.48274824242	1.05099024242	1.249544	0.865058909091	1.11046278788
PAM43	0.845019636364	1.40881775758	1.73041915152	1.26271648485	0.864009575758	0.842193757576	1.01522575758	0.675606484848	0.85435030303	0.784463818182	0.0	1.08678672727	1.69849078788	2.20866121212	1.49661612121	1.91137460606	0.931365454545	1.26173709091	1.35658248485	1.38607036364	1.35137036364	1.06272333333	0.902517515152	1.06653715152	1.56389436364	1.53655412121	0.963612727273	1.0998510303	1.4393569697	1.3828730303	1.74569121212	1.0694370303	1.24065121212	1.09653945455	1.18419987879	0.978039878788	0.911096121212	1.22135260606	1.13676406061	1.58614169697	1.27033224242	1.11462327273	1.04259509091	1.10045418182	1.21124442424	1.09579472727	1.15257509091	1.14881975758	1.168342	1.75059006061	1.97603412121	1.29227551515	1.17063	0.982172181818	1.68626648485	1.37273509091	1.20239890909	1.12844369697	1.03412866667	1.23306648485
PAM44	1.04163266667	1.46324242424	1.99396624242	1.36691448485	0.733119333333	0.828204	1.35453224242	1.02524315152	1.17963278788	0.753393818182	1.08678672727	0.0	1.98903024242	2.08674587879	1.13357993939	1.30376630303	0.821442242424	0.850548181818	0.870756727273	1.05766157576	0.905205212121	0.789967515152	1.05168933333	0.459150060606	1.85748690909	1.63256860606	1.14383472727	0.999268909091	1.72632575758	1.55672957576	1.844308	0.94865030303	1.16394981818	1.138248	1.11642721212	0.948642484848	1.06292042424	0.744763212121	0.749612	1.69793909091	1.54025290909	0.74600769697	0.994984848485	1.15505787879	1.47197490909	0.820847515152	0.879146787879	0.791317878788	0.858961939394	1.62453121212	1.89893939394	1.12897375758	0.725550787879	1.06716909091	1.88864787879	1.44743418182	1.10489521212	1.46520363636	0.772526424242	1.13987624242
PAM45	1.50709927273	1.40089933333	0.922575393939	1.27240351515	1.79363151515	1.87190175758	1.365374	1.6080589697	1.72455454545	1.72263933333	1.69849078788	1.98903024242	0.0	1.24106509091	1.8446409697	2.73322793939	1.83616533333	1.99636690909	2.13586163636	1.8288410303	2.13894709091	2.03720151515	1.85576842424	1.9148789697	0.981079818182	1.30579133333	1.67112109091	2.13457090909	0.993498545455	1.20936830303	1.02332018182	1.65547436364	1.47881412121	1.61838272727	1.56346351515	1.71928824242	1.61436981818	2.14504363636	2.17168127273	1.17998921212	1.62549127273	1.91576327273	2.023502	1.4608569697	1.13958418182	1.79247606061	1.92478890909	2.05225418182	1.96474515152	1.20103745455	1.12909872727	1.60904581818	1.99505109091	1.62895884848	0.842006121212	2.24980236364	1.57657393939	1.46451254545	1.77947072727	1.40770793939
PBW46	1.86321127273	1.90317981818	1.20222472727	1.46232484848	1.94788448485	2.19595363636	1.8134389697	1.97616830303	2.25525793939	2.01045909091	2.20866121212	2.08674587879	1.24106509091	0.0	1.52826193939	2.63666369697	1.92180921212	1.79643854545	2.07583884848	1.59246078788	1.95327254545	2.02412672727	1.97832963636	2.03739036364	1.34716381818	1.28395060606	1.82946206061	2.35868545455	1.29654715152	1.39369509091	1.03638369697	1.80556781818	1.54734018182	1.72801945455	1.67014339394	1.87978909091	1.79984327273	2.02268836364	2.30943969697	1.25639393939	2.00071284848	1.95562436364	2.27204236364	1.71292993939	1.49243666667	1.73057666667	1.83855642424	2.13024412121	1.90153569697	1.01331539394	0.768449878788	1.57758836364	1.95502466667	1.75862636364	1.15025618182	2.68443218182	1.63248012121	1.76672454545	1.74060781818	1.48252963636
PBW47	1.18951418182	1.49899218182	1.92133806061	1.2001849697	1.13562921212	1.42527872727	1.40227812121	1.24614806061	1.52200630303	1.27097218182	1.49661612121	1.13357993939	1.8446409697	1.52826193939	0.0	1.45329230303	1.12081612121	0.725379393939	0.991834484848	0.506533030303	0.788604545455	0.951845757576	1.22684781818	1.15548490909	1.70462309091	1.19143024242	1.13575442424	1.52509575758	1.61480472727	1.36247472727	1.65969848485	0.945001515152	0.975733272727	0.968681272727	0.871472727273	1.03916484848	1.04111539394	0.856764727273	1.31689715152	1.29885381818	1.703324	1.0240510303	1.49771351515	1.14542678788	1.28101751515	0.709772545455	0.839651090909	1.28853612121	0.968488787879	1.16501527273	1.33630418182	0.724412969697	0.870368181818	1.05880406061	1.67280709091	2.00468915152	0.889446787879	1.32778721212	0.839309515152	0.962219090909
PBW49	1.96000551515	2.32670606061	2.78867654545	2.06896721212	1.6015749697	1.65286145455	2.23769139394	1.86773224242	1.99689666667	1.65332242424	1.91137460606	1.30376630303	2.73322793939	2.63666369697	1.45329230303	0.0	1.45022684848	1.1145469697	1.10859490909	1.42177163636	1.04961624242	1.25039163636	1.73686424242	1.28751054545	2.60396763636	2.21558836364	1.88335254545	1.49736454545	2.4930770303	2.27273975758	2.57342654545	1.5937870303	1.84067151515	1.85162836364	1.75805860606	1.72543751515	1.80666854545	1.11165606061	1.24464836364	2.24042212121	2.29089036364	1.37214733333	1.515116	1.97368442424	2.19902727273	1.39267527273	1.35239442424	1.36592927273	1.32430606061	2.14314272727	2.42259587879	1.72406830303	1.16198169697	1.73948787879	2.59285466667	1.85123660606	1.74040248485	2.21334775758	1.37238206061	1.865028
PBW50	1.03428072727	1.55481509091	1.91168230303	1.23962509091	0.750645212121	0.958589151515	1.36864054545	0.937101151515	1.13422472727	0.794153272727	0.931365454545	0.821442242424	1.83616533333	1.92180921212	1.12081612121	1.45022684848	0.0	0.758328727273	0.855896666667	1.00018830303	0.885671939394	0.693639454545	0.772472666667	0.757330242424	1.63251436364	1.38891690909	0.915844727273	0.953361939394	1.55176133333	1.31625448485	1.66232660606	0.811461878788	0.956572424242	0.908129515152	0.935871151515	0.828909090909	0.842584484848	0.899017454545	0.931660909091	1.50974569697	1.33894606061	0.863592484848	1.05330175758	1.05306606061	1.28483024242	0.809561393939	0.799819212121	0.817961090909	0.769588181818	1.41045745455	1.65210369697	1.01544581818	0.720378484848	0.823768181818	1.73850806061	1.50291715152	0.89913430303	1.27975569697	0.670299333333	1.04580660606
PBW51	1.25161769697	1.72668781818	2.14073878788	1.43934387879	0.967688121212	1.15036321212	1.62048078788	1.22001812121	1.39109842424	1.00410672727	1.26173709091	0.850548181818	1.99636690909	1.79643854545	0.725379393939	1.1145469697	0.758328727273	0.0	0.621712545455	0.703806606061	0.552980060606	0.678278	1.05094018182	0.791092666667	1.90494818182	1.37931836364	1.18573466667	1.21368921212	1.78538715152	1.59182806061	1.91017678788	0.967662484848	1.16708030303	1.16846127273	1.09437636364	1.06537187879	1.140752	0.62123769697	1.05920660606	1.55087272727	1.59540642424	0.833277212121	1.27804236364	1.35097648485	1.52298139394	0.710995090909	0.752770848485	0.941980848485	0.629323939394	1.3575790303	1.64966660606	1.00819539394	0.566676666667	1.11594660606	1.93103957576	1.71487642424	1.04479624242	1.57438963636	0.728109272727	1.183606
PBW52	1.37720963636	1.797552	2.24487569697	1.52701	1.05104357576	1.14292812121	1.69680436364	1.31216133333	1.47133387879	1.10291466667	1.35658248485	0.870756727273	2.13586163636	2.07583884848	0.991834484848	1.10859490909	0.855896666667	0.621712545455	0.0	0.866725575758	0.647103515152	0.757112727273	1.16359769697	0.823671030303	2.04256387879	1.63662545455	1.30855775758	1.19504151515	1.9718730303	1.74827539394	2.06175612121	1.07743624242	1.30674242424	1.29986484848	1.20302721212	1.17611375758	1.27266684848	0.638845878788	0.977907757576	1.6811029697	1.76968975758	0.898225030303	1.27335939394	1.40827654545	1.65230533333	0.854437212121	0.798244848485	0.833693878788	0.813126181818	1.55380842424	1.86376557576	1.16317363636	0.648665818182	1.23945672727	2.00177175758	1.69231939394	1.20647545455	1.68815612121	0.820912121212	1.29749660606
PBW53	1.07136624242	1.4666249697	1.91345739394	1.15956854545	1.06082975758	1.39348509091	1.39749951515	1.1500489697	1.47615909091	1.18946533333	1.38607036364	1.05766157576	1.8288410303	1.59246078788	0.506533030303	1.42177163636	1.00018830303	0.703806606061	0.866725575758	0.0	0.696970545455	0.815	1.16502569697	1.07274581818	1.68704060606	1.12598933333	1.03888115152	1.41648842424	1.56486515152	1.32577490909	1.62975527273	0.85729369697	0.963779272727	0.924889333333	0.871499454545	0.899577272727	1.02477545455	0.811694969697	1.25842969697	1.34611315152	1.59766733333	0.995451333333	1.44917272727	1.13824539394	1.32858145455	0.685697939394	0.746752121212	1.26902393939	0.908270787879	1.20837909091	1.42477721212	0.76101169697	0.759771272727	0.953278181818	1.62791018182	1.88989769697	0.844174121212	1.25278787879	0.763608363636	0.921515878788
PBW54	1.33328975758	1.77038206061	2.18598236364	1.49123569697	0.998794242424	1.22344181818	1.65765236364	1.24731066667	1.44582393939	1.04539830303	1.35137036364	0.905205212121	2.13894709091	1.95327254545	0.788604545455	1.04961624242	0.885671939394	0.552980060606	0.647103515152	0.696970545455	0.0	0.659801090909	1.13520036364	0.903841575758	2.00576048485	1.51963527273	1.25001630303	1.31477327273	1.88458624242	1.62575018182	1.95117236364	1.00593939394	1.22388654545	1.20178048485	1.13651981818	1.07006260606	1.17884418182	0.566124545455	1.08891927273	1.60876236364	1.66522187879	0.912530121212	1.34651212121	1.35581169697	1.56940424242	0.723748	0.759347393939	1.10156854545	0.768007393939	1.47697775758	1.74764557576	1.04073339394	0.628743515152	1.18349793939	1.9491329697	1.834736	1.11892648485	1.59604424242	0.770228	1.2016449697
PBW55	1.14264563636	1.66982315152	2.02504018182	1.37078927273	0.823040424242	1.02359187879	1.45935515152	1.08224290909	1.29457872727	0.882392484848	1.06272333333	0.789967515152	2.03720151515	2.02412672727	0.951845757576	1.25039163636	0.693639454545	0.678278	0.757112727273	0.815	0.659801090909	0.0	0.89292969697	0.772212969697	1.75622351515	1.57146860606	0.978544666667	1.01189606061	1.67460660606	1.41598363636	1.7649270303	0.911664484848	1.08501163636	1.01583527273	0.978146848485	0.872692666667	0.968323575758	0.673856909091	0.915861575758	1.58083436364	1.46779339394	0.911279454545	1.14632969697	1.21928915152	1.41375975758	0.776868242424	0.789219151515	0.902882727273	0.757730181818	1.56657921212	1.82003624242	1.103334	0.60482230303	0.94236169697	1.85540812121	1.64322606061	1.02867630303	1.3157590303	0.669936	1.16492363636
PBW56	0.947764181818	1.54362121212	1.86532115152	1.26570939394	0.783405636364	1.00960860606	1.23819284848	0.842113090909	1.12618684848	0.860654181818	0.902517515152	1.05168933333	1.85576842424	1.97832963636	1.22684781818	1.73686424242	0.772472666667	1.05094018182	1.16359769697	1.16502569697	1.13520036364	0.89292969697	0.0	0.966321575758	1.59653757576	1.37335733333	0.653300181818	0.943301636364	1.37744478788	1.23607927273	1.6269049697	0.919019151515	0.955773090909	0.904655030303	1.00721230303	0.760758969697	0.789962242424	1.19864212121	1.15240218182	1.47492806061	1.29345339394	1.03863509091	1.10976751515	1.06544624242	1.24580375758	0.911384484848	0.962387030303	0.973187333333	1.08368448485	1.46743242424	1.68961527273	1.0996309697	1.06152666667	0.764550666667	1.75141721212	1.55153006061	0.892221878788	1.06169163636	0.80464230303	1.15197575758
PBW58	1.04379387879	1.50471648485	1.93295557576	1.31087569697	0.767145636364	0.806060848485	1.36406024242	0.993757454545	1.18274915152	0.783005575758	1.06653715152	0.459150060606	1.9148789697	2.03739036364	1.15548490909	1.28751054545	0.757330242424	0.791092666667	0.823671030303	1.07274581818	0.903841575758	0.772212969697	0.966321575758	0.0	1.84138387879	1.57516266667	1.08401072727	0.955214	1.67552648485	1.5353889697	1.81983042424	0.950710545455	1.14372957576	1.13562509091	1.06087109091	0.944903333333	1.01908393939	0.788947212121	0.745706060606	1.61904151515	1.50259933333	0.689567454545	0.948317212121	1.08640551515	1.38974763636	0.808373090909	0.875640606061	0.738773515152	0.81903030303	1.594062	1.88156824242	1.11412806061	0.690651151515	1.04325006061	1.8327009697	1.41635127273	1.05134830303	1.42354	0.757099757576	1.17880193939
PBW59	1.43097872727	1.44908242424	1.11206890909	1.19213775758	1.67033109091	1.79574278788	1.30540690909	1.53672121212	1.70175460606	1.71933745455	1.56389436364	1.85748690909	0.981079818182	1.34716381818	1.70462309091	2.60396763636	1.63251436364	1.90494818182	2.04256387879	1.68704060606	2.00576048485	1.75622351515	1.59653757576	1.84138387879	0.0	0.987449212121	1.4571549697	1.93619412121	0.837945030303	0.927216848485	0.987884848485	1.60243818182	1.31521878788	1.44082169697	1.31112406061	1.50388648485	1.39473436364	2.01108527273	2.02550618182	0.925728424242	1.3356930303	1.86777048485	1.80550763636	1.29695593939	0.904349939394	1.67421684848	1.75808012121	1.85545412121	1.80520424242	1.08957909091	1.21914618182	1.51429872727	1.85403781818	1.38171345455	0.999564848485	2.07051224242	1.42995521212	1.18140557576	1.59579987879	1.20887527273
PBW60	1.35919933333	1.29661915152	1.41431133333	0.958140181818	1.47364115152	1.64923551515	1.28142690909	1.42983187879	1.5967869697	1.52867624242	1.53655412121	1.63256860606	1.30579133333	1.28395060606	1.19143024242	2.21558836364	1.38891690909	1.37931836364	1.63662545455	1.12598933333	1.51963527273	1.57146860606	1.37335733333	1.57516266667	0.987449212121	0.0	1.31206418182	1.73357569697	1.08538951515	0.95549430303	1.18404993939	1.30518630303	1.08145333333	1.17296060606	1.1305090303	1.30774212121	1.18532030303	1.5840210303	1.79009018182	0.646138727273	1.19191193939	1.53861751515	1.538036	1.08529557576	0.831718060606	1.26458036364	1.39846375758	1.64890684848	1.48247018182	0.942063454545	1.0591129697	1.06291327273	1.47987054545	1.26205248485	1.12205672727	2.01541842424	1.07373775758	1.13696193939	1.28185951515	0.911628
PEP16	0.798440242424	1.37430442424	1.7210649697	1.16587721212	0.875229454545	1.08388393939	1.0826469697	0.81294430303	1.19347963636	0.894106	0.963612727273	1.14383472727	1.67112109091	1.82946206061	1.13575442424	1.88335254545	0.915844727273	1.18573466667	1.30855775758	1.03888115152	1.25001630303	0.978544666667	0.653300181818	1.08401072727	1.4571549697	1.31206418182	0.0	1.01891951515	1.19541333333	1.06488769697	1.44526309091	0.880382	0.839380060606	0.704085393939	0.89432	0.659803757576	0.661633090909	1.28009018182	1.22073048485	1.39338739394	1.3264	1.12222581818	1.13643424242	0.958122666667	1.05619448485	0.925955575758	1.02789666667	1.10965357576	1.20173533333	1.37187878788	1.58981993939	0.991190666667	1.15840915152	0.715418121212	1.52700563636	1.62579048485	0.775558666667	0.874860424242	0.877666969697	0.98848769697
PEP18	1.28133406061	1.77009169697	2.21970957576	1.6498110303	1.02955890909	1.06694975758	1.55130466667	1.19419739394	1.31571127273	1.03757921212	1.0998510303	0.999268909091	2.13457090909	2.35868545455	1.52509575758	1.49736454545	0.953361939394	1.21368921212	1.19504151515	1.41648842424	1.31477327273	1.01189606061	0.943301636364	0.955214	1.93619412121	1.73357569697	1.01891951515	0.0	1.76363418182	1.60219678788	1.9710290303	1.14549884848	1.29941290909	1.16272139394	1.3473310303	1.02333175758	1.13215357576	1.17725030303	0.873813878788	1.85934424242	1.602152	1.17154812121	0.867863333333	1.37074545455	1.59560466667	1.22587872727	1.27568890909	0.915355030303	1.22220975758	1.81710254545	2.03709460606	1.38645975758	1.113106	1.16037036364	1.98907678788	1.31468260606	1.19465272727	1.3519949697	1.12523690909	1.41940575758
PEP21	1.29601551515	1.44088515152	1.08764484848	1.08522557576	1.51645018182	1.66044769697	1.16276830303	1.38276575758	1.69310484848	1.5317090303	1.4393569697	1.72632575758	0.993498545455	1.29654715152	1.61480472727	2.4930770303	1.55176133333	1.78538715152	1.9718730303	1.56486515152	1.88458624242	1.67460660606	1.37744478788	1.67552648485	0.837945030303	1.08538951515	1.19541333333	1.76363418182	0.0	0.750402363636	0.784521636364	1.49291618182	1.1732349697	1.25118406061	1.191484	1.27637272727	1.27548145455	1.90784739394	1.86803084848	1.04384581818	1.44972327273	1.73011527273	1.79048987879	1.30870569697	0.927614484848	1.58274345455	1.65643387879	1.79174642424	1.76672806061	0.950957939394	1.0563330303	1.43504436364	1.78762515152	1.26436393939	0.890505151515	2.16756648485	1.27855527273	1.00782466667	1.52271993939	1.19693812121
PEP23	1.19256236364	1.34596412121	1.23267181818	0.879634121212	1.32066987879	1.49087187879	1.07168327273	1.23180884848	1.57988430303	1.38867866667	1.3828730303	1.55672957576	1.20936830303	1.39369509091	1.36247472727	2.27273975758	1.31625448485	1.59182806061	1.74827539394	1.32577490909	1.62575018182	1.41598363636	1.23607927273	1.5353889697	0.927216848485	0.95549430303	1.06488769697	1.60219678788	0.750402363636	0.0	0.868919030303	1.25996387879	0.906445575758	1.0008689697	0.92619230303	1.10414151515	1.12282975758	1.69479436364	1.6856289697	0.905993030303	1.38201072727	1.52506818182	1.64687636364	1.07095836364	0.773258060606	1.31272375758	1.35998072727	1.60116224242	1.58240593939	0.952039575758	1.1202790303	1.184302	1.56513624242	1.09234812121	1.04267915152	2.08232072727	1.08835084848	0.868314787879	1.30481284848	0.999609454545
PEP24	1.52158333333	1.66833224242	0.954350242424	1.15650975758	1.68862018182	1.86797963636	1.44463357576	1.58883490909	1.96360527273	1.73745369697	1.74569121212	1.844308	1.02332018182	1.03638369697	1.65969848485	2.57342654545	1.66232660606	1.91017678788	2.06175612121	1.62975527273	1.95117236364	1.7649270303	1.6269049697	1.81983042424	0.987884848485	1.18404993939	1.44526309091	1.9710290303	0.784521636364	0.868919030303	0.0	1.56609006061	1.27559987879	1.34688436364	1.27159872727	1.45194612121	1.434874	1.95984442424	2.03635175758	1.0742109697	1.60664042424	1.81489327273	2.03231272727	1.40166648485	1.0715550303	1.66611551515	1.74098606061	1.96333012121	1.90625684848	1.02801327273	0.829614424242	1.530358	1.87741563636	1.47954	0.890104363636	2.46066254545	1.40216333333	1.23344206061	1.59476024242	1.337124
PEP26	0.944435212121	1.21123139394	1.80033206061	1.12258224242	0.810616909091	1.14587115152	1.23579915152	0.917380848485	1.14960321212	0.944367878788	1.0694370303	0.94865030303	1.65547436364	1.80556781818	0.945001515152	1.5937870303	0.811461878788	0.967662484848	1.07743624242	0.85729369697	1.00593939394	0.911664484848	0.919019151515	0.950710545455	1.60243818182	1.30518630303	0.880382	1.14549884848	1.49291618182	1.25996387879	1.56609006061	0.0	0.816031757576	0.846896242424	0.853713393939	0.794136060606	0.774102484848	1.00511	1.07205042424	1.35569242424	1.38904806061	0.896736181818	1.19574266667	0.938769515152	1.17317757576	0.739595757576	0.751583757576	1.10773909091	0.979482060606	1.314118	1.6027470303	0.829577393939	0.83741369697	0.835815272727	1.56496860606	1.58090436364	0.795667818182	1.1039790303	0.650567878788	0.848061212121
PEP27	0.97815969697	1.22218181818	1.54193363636	0.886550727273	0.974255575758	1.31820921212	0.992946424242	1.013168	1.34285339394	1.099336	1.24065121212	1.16394981818	1.47881412121	1.54734018182	0.975733272727	1.84067151515	0.956572424242	1.16708030303	1.30674242424	0.963779272727	1.22388654545	1.08501163636	0.955773090909	1.14372957576	1.31521878788	1.08145333333	0.839380060606	1.29941290909	1.1732349697	0.906445575758	1.27559987879	0.816031757576	0.0	0.755171151515	0.675532424242	0.865086727273	0.856033393939	1.28690369697	1.30073539394	1.09346733333	1.42346345455	1.09723230303	1.37460084848	0.843283090909	0.899603636364	0.931088969697	0.994384848485	1.21897763636	1.162624	1.03050951515	1.27725648485	0.781831818182	1.11612606061	0.785526181818	1.35073066667	1.80697684848	0.695426484848	0.899578181818	0.886128727273	0.673681090909
PEP28	0.847405393939	1.33318278788	1.69727787879	1.00723412121	0.909317636364	1.16895951515	1.12466739394	0.915609333333	1.31060090909	0.955478909091	1.09653945455	1.138248	1.61838272727	1.72801945455	0.968681272727	1.85162836364	0.908129515152	1.16846127273	1.29986484848	0.924889333333	1.20178048485	1.01583527273	0.904655030303	1.13562509091	1.44082169697	1.17296060606	0.704085393939	1.16272139394	1.25118406061	1.0008689697	1.34688436364	0.846896242424	0.755171151515	0.0	0.769179939394	0.696866969697	0.740154848485	1.21955472727	1.27470193939	1.2646389697	1.34763945455	1.09759569697	1.28725018182	0.935492060606	1.04030521212	0.915553818182	1.00039151515	1.17642393939	1.115756	1.22037969697	1.45659454545	0.900884909091	1.13236024242	0.762251636364	1.44450290909	1.75933393939	0.651393757576	0.90623769697	0.843988606061	0.861581333333
PEP29	0.953216363636	1.31172636364	1.60916618182	0.937085818182	0.976179393939	1.24716042424	1.01255860606	0.984550484848	1.40183915152	1.10115157576	1.18419987879	1.11642721212	1.56346351515	1.67014339394	0.871472727273	1.75805860606	0.935871151515	1.09437636364	1.20302721212	0.871499454545	1.13651981818	0.978146848485	1.00721230303	1.06087109091	1.31112406061	1.1305090303	0.89432	1.3473310303	1.191484	0.92619230303	1.27159872727	0.853713393939	0.675532424242	0.769179939394	0.0	0.726932	0.888760484848	1.14091515152	1.18993642424	1.16367078788	1.44052654545	1.06350642424	1.34161448485	0.895976484848	0.920366606061	0.840085272727	0.893007090909	1.23297175758	1.09842781818	1.1704049697	1.41353012121	0.772704	1.07241	0.807288909091	1.42950769697	1.83448612121	0.757248484848	0.951361636364	0.827138727273	0.773386727273
PEP30	0.765450666667	1.39292490909	1.71891575758	1.13926509091	0.762296969697	1.01460333333	1.09062769697	0.788889151515	1.17285963636	0.832598	0.978039878788	0.948642484848	1.71928824242	1.87978909091	1.03916484848	1.72543751515	0.828909090909	1.06537187879	1.17611375758	0.899577272727	1.07006260606	0.872692666667	0.760758969697	0.944903333333	1.50388648485	1.30774212121	0.659803757576	1.02333175758	1.27637272727	1.10414151515	1.45194612121	0.794136060606	0.865086727273	0.696866969697	0.726932	0.0	0.749433454545	1.11980981818	1.06159509091	1.367328	1.27412751515	0.962967151515	1.11262866667	0.932805939394	1.10789593939	0.823135939394	0.894058969697	1.05201418182	1.08425569697	1.35296230303	1.61122951515	0.920611151515	1.03386684848	0.741405515152	1.57459048485	1.61553945455	0.748454545455	1.00351666667	0.760422363636	0.949215090909
PIS1	0.766494787879	1.27399945455	1.60913321212	1.06407624242	0.818220363636	0.998298242424	1.07739412121	0.736297878788	1.04864884848	0.785559090909	0.911096121212	1.06292042424	1.61436981818	1.79984327273	1.04111539394	1.80666854545	0.842584484848	1.140752	1.27266684848	1.02477545455	1.17884418182	0.968323575758	0.789962242424	1.01908393939	1.39473436364	1.18532030303	0.661633090909	1.13215357576	1.27548145455	1.12282975758	1.434874	0.774102484848	0.856033393939	0.740154848485	0.888760484848	0.749433454545	0.0	1.17735042424	1.16745290909	1.18330484848	1.16652993939	0.943500848485	0.95998430303	0.763608606061	0.907957272727	0.792639212121	0.961760060606	1.06917830303	1.11299327273	1.29019187879	1.58136490909	0.906922666667	1.02585230303	0.713146484848	1.48597193939	1.5694930303	0.777794060606	0.990617878788	0.771262363636	0.900117515152
PIS2	1.28943078788	1.73032284848	2.16785733333	1.39733151515	0.960240121212	1.07355593939	1.60807363636	1.219098	1.42378969697	1.00097484848	1.22135260606	0.744763212121	2.14504363636	2.02268836364	0.856764727273	1.11165606061	0.899017454545	0.62123769697	0.638845878788	0.811694969697	0.566124545455	0.673856909091	1.19864212121	0.788947212121	2.01108527273	1.5840210303	1.28009018182	1.17725030303	1.90784739394	1.69479436364	1.95984442424	1.00511	1.28690369697	1.21955472727	1.14091515152	1.11980981818	1.17735042424	0.0	0.891726969697	1.63485466667	1.70962981818	0.814536484848	1.21047290909	1.30769357576	1.53620830303	0.722852909091	0.785273151515	0.970488242424	0.729739212121	1.5522289697	1.79095848485	1.08831066667	0.599346848485	1.23727981818	1.91067448485	1.73159557576	1.2125230303	1.62026454545	0.794130484848	1.22290406061
PIS4	1.22980418182	1.69510909091	2.16016284848	1.51879254545	0.908398969697	0.974144	1.53438206061	1.14392654545	1.34743109091	0.971908606061	1.13676406061	0.749612	2.17168127273	2.30943969697	1.31689715152	1.24464836364	0.931660909091	1.05920660606	0.977907757576	1.25842969697	1.08891927273	0.915861575758	1.15240218182	0.745706060606	2.02550618182	1.79009018182	1.22073048485	0.873813878788	1.86803084848	1.6856289697	2.03635175758	1.07205042424	1.30073539394	1.27470193939	1.18993642424	1.06159509091	1.16745290909	0.891726969697	0.0	1.79196854545	1.66991412121	0.992755090909	0.893324	1.27189266667	1.58674666667	0.976819030303	0.980805212121	0.817196424242	1.03500666667	1.7674189697	2.06086472727	1.23667775758	0.91483769697	1.15725393939	2.03512072727	1.31651866667	1.213242	1.54944727273	0.910119393939	1.33144739394
PIS5	1.40418775758	1.33433024242	1.22285781818	0.95300969697	1.53576072727	1.64149957576	1.27539812121	1.42552490909	1.60701187879	1.55894612121	1.58614169697	1.69793909091	1.17998921212	1.25639393939	1.29885381818	2.24042212121	1.50974569697	1.55087272727	1.6811029697	1.34611315152	1.60876236364	1.58083436364	1.47492806061	1.61904151515	0.925728424242	0.646138727273	1.39338739394	1.85934424242	1.04384581818	0.905993030303	1.0742109697	1.35569242424	1.09346733333	1.2646389697	1.16367078788	1.367328	1.18330484848	1.63485466667	1.79196854545	0.0	1.16438593939	1.56198666667	1.53875606061	1.09966060606	0.807728181818	1.28853339394	1.42580757576	1.70029018182	1.56219545455	0.92015030303	1.06000551515	1.15626618182	1.54828175758	1.28069193939	0.979271333333	2.03655230303	1.20052654545	1.2045450303	1.33768866667	0.978648666667
PIS7	1.37957781818	1.48896927273	1.637508	1.52353454545	1.37754751515	1.44893315152	1.49140575758	1.34739	1.35377248485	1.39043618182	1.27033224242	1.54025290909	1.62549127273	2.00071284848	1.703324	2.29089036364	1.33894606061	1.59540642424	1.76968975758	1.59766733333	1.66522187879	1.46779339394	1.29345339394	1.50259933333	1.3356930303	1.19191193939	1.3264	1.602152	1.44972327273	1.38201072727	1.60664042424	1.38904806061	1.42346345455	1.34763945455	1.44052654545	1.27412751515	1.16652993939	1.70962981818	1.66991412121	1.16438593939	0.0	1.55553175758	1.34935133333	1.24573515152	1.249246	1.45325218182	1.470378	1.60664133333	1.59608951515	1.75844593939	1.84280430303	1.49619915152	1.55613642424	1.29293945455	1.51891739394	1.74355666667	1.39351563636	1.36006115152	1.37541848485	1.33945921212
PIS9	1.04345963636	1.46930539394	1.89598036364	1.16620593939	0.713513454545	0.951751818182	1.34848381818	0.974891212121	1.1486849697	0.770257636364	1.11462327273	0.74600769697	1.91576327273	1.95562436364	1.0240510303	1.37214733333	0.863592484848	0.833277212121	0.898225030303	0.995451333333	0.912530121212	0.911279454545	1.03863509091	0.689567454545	1.86777048485	1.53861751515	1.12222581818	1.17154812121	1.73011527273	1.52506818182	1.81489327273	0.896736181818	1.09723230303	1.09759569697	1.06350642424	0.962967151515	0.943500848485	0.814536484848	0.992755090909	1.56198666667	1.55553175758	0.0	1.00736163636	1.0458430303	1.33277593939	0.661788181818	0.767723575758	0.875152121212	0.817075333333	1.48567115152	1.76392078788	0.969619515152	0.780320424242	1.07556660606	1.76487133333	1.586538	1.02041866667	1.476158	0.758612181818	1.10135012121
PIS10	1.18661593939	1.54576509091	2.01484866667	1.56494915152	0.975253272727	0.900538909091	1.41713345455	1.07183757576	1.15697436364	0.914016727273	1.04259509091	0.994984848485	2.023502	2.27204236364	1.49771351515	1.515116	1.05330175758	1.27804236364	1.27335939394	1.44917272727	1.34651212121	1.14632969697	1.10976751515	0.948317212121	1.80550763636	1.538036	1.13643424242	0.867863333333	1.79048987879	1.64687636364	2.03231272727	1.19574266667	1.37460084848	1.28725018182	1.34161448485	1.11262866667	0.95998430303	1.21047290909	0.893324	1.53875606061	1.34935133333	1.00736163636	0.0	1.17163860606	1.37552666667	1.05596266667	1.21473951515	0.931613393939	1.23878824242	1.81381072727	2.07920824242	1.31505581818	1.15352157576	1.20409127273	1.87584412121	1.104576	1.26356915152	1.47503490909	1.10173757576	1.29000181818
PIS11	0.851062787879	0.999800181818	1.3736929697	0.845595151515	0.912517090909	1.06179181818	0.93291969697	0.903035454545	1.03858036364	0.967451090909	1.10045418182	1.15505787879	1.4608569697	1.71292993939	1.14542678788	1.97368442424	1.05306606061	1.35097648485	1.40827654545	1.13824539394	1.35581169697	1.21928915152	1.06544624242	1.08640551515	1.29695593939	1.08529557576	0.958122666667	1.37074545455	1.30870569697	1.07095836364	1.40166648485	0.938769515152	0.843283090909	0.935492060606	0.895976484848	0.932805939394	0.763608606061	1.30769357576	1.27189266667	1.09966060606	1.24573515152	1.0458430303	1.17163860606	0.0	0.806405757576	0.984233878788	1.08572151515	1.26690678788	1.29783412121	1.25189284848	1.48954309091	0.881350666667	1.20254054545	0.904075454545	1.28539424242	1.66681133333	0.883511636364	0.970421272727	0.968919575758	0.755073030303
PIS14	1.02838951515	1.10816048485	1.18478478788	0.805423454545	1.24064272727	1.33099745455	0.91263030303	1.10245624242	1.31140660606	1.24577127273	1.21124442424	1.47197490909	1.13958418182	1.49243666667	1.28101751515	2.19902727273	1.28483024242	1.52298139394	1.65230533333	1.32858145455	1.56940424242	1.41375975758	1.24580375758	1.38974763636	0.904349939394	0.831718060606	1.05619448485	1.59560466667	0.927614484848	0.773258060606	1.0715550303	1.17317757576	0.899603636364	1.04030521212	0.920366606061	1.10789593939	0.907957272727	1.53620830303	1.58674666667	0.807728181818	1.249246	1.33277593939	1.37552666667	0.806405757576	0.0	1.16299951515	1.33046933333	1.48465933333	1.48273963636	1.00475775758	1.26931478788	1.05735157576	1.44829442424	1.05675381818	1.0282350303	1.88417733333	0.981279454545	0.889015757576	1.16466630303	0.834951636364
PIS15	0.954139939394	1.447068	1.81682575758	1.07970757576	0.727571333333	1.03595842424	1.29116909091	0.870843878788	1.23219690909	0.819957575758	1.09579472727	0.820847515152	1.79247606061	1.73057666667	0.709772545455	1.39267527273	0.809561393939	0.710995090909	0.854437212121	0.685697939394	0.723748	0.776868242424	0.911384484848	0.808373090909	1.67421684848	1.26458036364	0.925955575758	1.22587872727	1.58274345455	1.31272375758	1.66611551515	0.739595757576	0.931088969697	0.915553818182	0.840085272727	0.823135939394	0.792639212121	0.722852909091	0.976819030303	1.28853339394	1.45325218182	0.661788181818	1.05596266667	0.984233878788	1.16299951515	0.0	0.539463272727	0.957224181818	0.692016484848	1.26179593939	1.54451030303	0.723142969697	0.695512363636	0.905040121212	1.55845054545	1.63339078788	0.849463454545	1.27049854545	0.55967430303	0.929675636364
PLL76	1.09460721212	1.53969018182	1.92810587879	1.19912139394	0.812169272727	1.15104230303	1.40159745455	1.00396169697	1.29258612121	0.941961818182	1.15257509091	0.879146787879	1.92478890909	1.83855642424	0.839651090909	1.35239442424	0.799819212121	0.752770848485	0.798244848485	0.746752121212	0.759347393939	0.789219151515	0.962387030303	0.875640606061	1.75808012121	1.39846375758	1.02789666667	1.27568890909	1.65643387879	1.35998072727	1.74098606061	0.751583757576	0.994384848485	1.00039151515	0.893007090909	0.894058969697	0.961760060606	0.785273151515	0.980805212121	1.42580757576	1.470378	0.767723575758	1.21473951515	1.08572151515	1.33046933333	0.539463272727	0.0	0.937135333333	0.669739878788	1.31724636364	1.62393163636	0.807023818182	0.658104	0.905284727273	1.64300254545	1.61355624242	0.941246606061	1.30756472727	0.566613818182	0.932219878788
