	PAM31	PAM32	PAM33	PAM35	PAM36	PAM37	PAM39	PAM40	PAM41	PAM42	PAM43	PAM44	PAM45	PBW46	PBW47	PBW49	PBW50	PBW51	PBW52	PBW53	PBW54	PBW55	PBW56	PBW58	PBW59	PBW60	PEP16	PEP18	PEP21	PEP23	PEP24	PEP26	PEP27	PEP28	PEP29	PEP30	PIS1	PIS2	PIS4	PIS5	PIS7	PIS9	PIS10	PIS11	PIS14	PIS15	PLL76	PLL77	PLL79	PLL80	PLL83	PLL88	PLL89	PLL90	PPO64	PPO66	PPO67	PPO69	PPO72	PPO75
PAM31	0.0	1.23579163636	1.53607581818	1.3207970303	0.614465454545	0.735137818182	0.668870787879	0.594512363636	0.893792181818	0.719237454545	1.02115327273	0.710581272727	1.6035749697	1.96466884848	1.32906393939	1.83297133333	0.817606606061	1.14037193939	1.11002266667	1.16707551515	1.23430484848	0.899229939394	0.788631333333	0.833539515152	1.49293248485	1.39301824242	0.945856484848	1.13287921212	1.60975915152	0.974227030303	1.59537351515	0.938559333333	1.15876412121	1.05799872727	0.833848606061	0.817484848485	0.760283818182	1.19616551515	1.18673363636	1.4885909697	1.32703018182	1.07854521212	1.159682	0.787738848485	0.984455393939	0.931079757576	1.08593169697	1.23414636364	1.15342024242	1.74289327273	1.70209151515	0.972444666667	1.16266048485	0.944722848485	1.38701533333	1.37586084848	1.02852987879	1.13404254545	1.01850078788	1.28776406061
PAM32	1.23579163636	0.0	1.0999450303	1.15008648485	1.27489127273	1.28785612121	1.01398157576	1.15156036364	0.841959454545	1.35590375758	1.02233630303	1.38575145455	1.18709751515	1.75309418182	1.56629812121	2.46170624242	1.48874333333	1.81328309091	1.77081854545	1.68502884848	1.51967527273	1.65629006061	1.49513181818	1.48693975758	1.23852921212	1.18045254545	1.33087260606	1.74928345455	1.53902424242	1.34939272727	1.50359084848	1.40677860606	1.12026206061	1.3043629697	1.40500824242	1.59167854545	1.43127945455	1.82603569697	1.82694115152	1.24998066667	1.5215529697	1.74308521212	1.7262410303	1.12028769697	1.15612	1.46895333333	1.37784115152	1.84461315152	1.82258145455	1.51927872727	1.52349793939	1.49480806061	1.80175030303	1.29742406061	1.04220066667	1.74707551515	1.34230345455	1.16500060606	1.29682151515	0.989529757576
PAM33	1.53607581818	1.0999450303	0.0	0.90967769697	1.51574721212	1.56537666667	1.37907690909	1.444638	1.31365175758	1.69663557576	1.21718218182	1.68033418182	0.862057818182	1.17951545455	1.79384133333	2.73391406061	1.63208957576	2.04903975758	2.0729730303	1.93963472727	1.77629969697	1.85741569697	1.7182630303	1.801362	1.07211254545	1.15480363636	1.52199533333	2.07991357576	0.936373393939	1.54194236364	0.896362424242	1.86600145455	1.35134466667	1.43791018182	1.61491145455	1.79893775758	1.60001078788	2.11225345455	2.18403393939	1.10514739394	1.45526284848	1.99219412121	1.95450836364	1.466264	1.25396381818	1.65379448485	1.5999830303	2.05129490909	2.02586163636	1.04657830303	1.15870539394	1.72238933333	2.07497230303	1.49720387879	0.713149212121	2.14109472727	1.55492775758	1.41051278788	1.49150351515	1.13277939394
PAM35	1.3207970303	1.15008648485	0.90967769697	0.0	1.18278090909	1.41481678788	1.22776624242	1.10964636364	1.29307709091	1.41948236364	0.987687878788	1.360568	1.00215284848	1.13836442424	1.29318327273	2.27111393939	1.27478787879	1.54983066667	1.56180866667	1.47779848485	1.26327545455	1.46982066667	1.34181781818	1.46719690909	1.04024806061	0.876517090909	1.17265860606	1.773904	1.04772490909	1.20874624242	0.873697333333	1.50936145455	0.985890484848	1.16197587879	1.22595872727	1.44702915152	1.312696	1.582996	1.79819127273	0.899376363636	1.49235133333	1.63462284848	1.75991381818	1.17609709091	1.0258050303	1.19569375758	1.19358024242	1.74191212121	1.59533739394	0.90559830303	0.923036181818	1.25790036364	1.5832450303	1.09863006061	0.704782181818	2.0442610303	1.20833721212	1.22259375758	1.05442509091	0.695103030303
PAM36	0.614465454545	1.27489127273	1.51574721212	1.18278090909	0.0	0.701494666667	0.742708969697	0.573102545455	0.871098121212	0.589993090909	1.07171933333	0.609507454545	1.68939448485	1.88681866667	1.18536890909	1.6886370303	0.729011333333	1.03189133333	1.01827975758	1.06367490909	1.09165345455	0.780943393939	0.666330848485	0.746697090909	1.50124593939	1.33123739394	0.919852484848	0.999315090909	1.68537175758	0.836594060606	1.66305836364	0.842662848485	1.15353684848	1.034262	0.761226424242	0.732896484848	0.703590242424	1.056478	1.07454042424	1.46095012121	1.32363357576	0.947363272727	1.03279351515	0.723091090909	1.00745248485	0.746151878788	0.887334727273	1.0925909697	1.02160472727	1.63885969697	1.611044	0.86931630303	1.05037963636	0.870433878788	1.34725460606	1.3372430303	0.890514	1.17109963636	0.926973151515	1.12224381818
PAM37	0.735137818182	1.28785612121	1.56537666667	1.41481678788	0.701494666667	0.0	0.638087393939	0.789176	0.701607212121	0.639385454545	1.2357290303	0.784887939394	1.8548930303	2.13280424242	1.39602854545	1.74982587879	1.01048575758	1.12998963636	1.11399030303	1.26798145455	1.3466230303	1.00606521212	0.944193636364	0.887144606061	1.62820290909	1.49561945455	1.16894424242	1.08084042424	1.92532036364	1.09833915152	1.88649957576	0.938049878788	1.39091139394	1.26019727273	1.06320642424	0.903330060606	0.787048060606	1.13281921212	1.14616842424	1.5821309697	1.44983648485	0.999948969697	0.934417636364	0.847803212121	1.11189975758	0.965827030303	1.07881557576	1.10849254545	1.11696860606	1.88033836364	1.90624387879	1.05571048485	1.13932630303	1.14554345455	1.49820127273	1.24864727273	1.14755969697	1.3163990303	1.14809109091	1.36200018182
PAM39	0.668870787879	1.01398157576	1.37907690909	1.22776624242	0.742708969697	0.638087393939	0.0	0.59383830303	0.517950969697	0.814515151515	0.863424181818	0.920274363636	1.5469810303	1.98302569697	1.29436175758	2.00617848485	0.932483454545	1.35377363636	1.35063951515	1.23393563636	1.22133963636	1.09029975758	0.919338	1.08157975758	1.37684242424	1.36018733333	0.922436727273	1.23595060606	1.65579515152	0.933254060606	1.62405618182	1.16013036364	1.20520654545	1.06169266667	0.91888230303	1.06641612121	0.891790606061	1.39186139394	1.41256442424	1.40759848485	1.23841066667	1.29335830303	1.19379787879	0.71998430303	0.948354181818	0.946703393939	0.988317393939	1.35038551515	1.35419781818	1.76809424242	1.75766412121	1.01904018182	1.38126666667	0.899376666667	1.27383206061	1.391256	0.986578969697	1.01635127273	0.96758430303	1.18869072727
PAM40	0.594512363636	1.15156036364	1.444638	1.10964636364	0.573102545455	0.789176	0.59383830303	0.0	0.781036787879	0.719092727273	0.904162242424	0.760566484848	1.53079072727	1.84525345455	1.16056878788	1.83797969697	0.768963818182	1.17340878788	1.17239757576	1.1236870303	1.04750618182	0.935929939394	0.766344060606	0.873860121212	1.42677163636	1.24637787879	0.781296121212	1.15389412121	1.56413430303	0.77808969697	1.56409630303	0.978758727273	1.05067224242	1.0055869697	0.695070909091	0.904212	0.801337151515	1.21698236364	1.20442090909	1.36388321212	1.27783466667	1.12451236364	1.15965763636	0.662879818182	0.915672606061	0.834141818182	0.910313636364	1.25650672727	1.16924036364	1.58591012121	1.55789381818	0.874363090909	1.17306339394	0.797482848485	1.30138733333	1.42219648485	0.86763630303	1.07452484848	0.874239090909	1.10804709091
PAM41	0.893792181818	0.841959454545	1.31365175758	1.29307709091	0.871098121212	0.701607212121	0.517950969697	0.781036787879	0.0	0.947438121212	0.954639757576	1.05078339394	1.56277127273	2.00029630303	1.32101575758	2.12317648485	1.12520436364	1.46863260606	1.44662709091	1.31761775758	1.26681848485	1.24342078788	1.12044290909	1.20003945455	1.38950975758	1.35971769697	1.07853921212	1.35325866667	1.7462189697	1.01034369697	1.70037187879	1.21278278788	1.18531218182	1.10283406061	1.08075884848	1.22625472727	0.983389212121	1.487232	1.48859115152	1.41274630303	1.26652624242	1.38954769697	1.28544327273	0.761801090909	0.991277757576	1.07217775758	1.00991478788	1.46075818182	1.483438	1.76926848485	1.77127036364	1.11383272727	1.47164672727	1.01631709091	1.28613466667	1.42195654545	1.04471284848	1.06398915152	1.03851345455	1.1943830303
PAM42	0.719237454545	1.35590375758	1.69663557576	1.41948236364	0.589993090909	0.639385454545	0.814515151515	0.719092727273	0.947438121212	0.0	1.11880248485	0.728971454545	1.83061884848	2.12645721212	1.43289084848	1.60540381818	0.978275818182	1.10848090909	1.03803890909	1.29232145455	1.33409442424	0.955596242424	0.872006727273	0.779773575758	1.70183272727	1.56351193939	1.10881224242	0.890305151515	1.88934739394	1.08065078788	1.87177969697	0.888565878788	1.33719915152	1.2308210303	1.02535660606	0.833082909091	0.846314606061	1.0029890303	0.939499333333	1.64633460606	1.52539939394	0.858941818182	0.833727333333	0.871215575758	1.15131236364	0.982639636364	1.10881581818	0.957841757576	0.901859030303	1.85669957576	1.85527527273	1.03314551515	1.00607842424	1.07841921212	1.54172260606	1.23145951515	1.07783472727	1.31121284848	1.13493569697	1.34366018182
PAM43	1.02115327273	1.02233630303	1.21718218182	0.987687878788	1.07171933333	1.2357290303	0.863424181818	0.904162242424	0.954639757576	1.11880248485	0.0	1.29784424242	1.18238206061	1.798834	1.42290157576	2.36949478788	1.20868872727	1.63293890909	1.611974	1.54185133333	1.35825581818	1.33982648485	1.08661866667	1.40609230303	1.07769266667	1.13369127273	0.849049636364	1.48456242424	1.29446769697	1.00171327273	1.31910581818	1.42565478788	0.929456909091	0.959142060606	1.09789860606	1.30475484848	1.10321030303	1.712452	1.69250666667	1.22297830303	1.30056636364	1.64275521212	1.49692812121	0.988063151515	0.847571939394	1.25238090909	1.21653490909	1.61945006061	1.63117848485	1.53627660606	1.54007436364	1.31071248485	1.686462	0.977793939394	1.15616169697	1.63973048485	1.10603939394	0.794932424242	1.07748630303	1.01175030303
PAM44	0.710581272727	1.38575145455	1.68033418182	1.360568	0.609507454545	0.784887939394	0.920274363636	0.760566484848	1.05078339394	0.728971454545	1.29784424242	0.0	1.76285248485	1.82865169697	1.07795890909	1.51819793939	0.723591636364	0.815716727273	0.834899939394	0.970462969697	0.982007818182	0.691547454545	0.810624	0.527872060606	1.61263424242	1.31722969697	1.078718	1.038964	1.75850406061	0.948996181818	1.69824024242	0.730965212121	1.20917569697	1.09444569697	0.755816545455	0.634289272727	0.762011878788	0.869585818182	0.965578666667	1.51630339394	1.45350187879	0.841580545455	1.0736470303	0.850713090909	1.09550406061	0.660047818182	0.852436727273	0.99373369697	0.873100666667	1.62886581818	1.61813545455	0.760008606061	0.819643818182	0.936144606061	1.46003309091	1.36668575758	0.900431636364	1.26813618182	0.860199636364	1.18129733333
PAM45	1.6035749697	1.18709751515	0.862057818182	1.00215284848	1.68939448485	1.8548930303	1.5469810303	1.53079072727	1.56277127273	1.83061884848	1.18238206061	1.76285248485	0.0	1.27345860606	1.79864751515	2.77978339394	1.69998642424	1.94464460606	1.99934890909	1.93526284848	1.76823775758	1.93544369697	1.76240690909	1.87083569697	1.08726357576	1.22796654545	1.5309109697	2.07700545455	0.946968545455	1.62826066667	0.978469090909	1.80803866667	1.341382	1.47746363636	1.60185339394	1.85199460606	1.69385890909	2.13903018182	2.21705612121	1.18032533333	1.55986854545	2.11452939394	2.07176290909	1.62430193939	1.34569884848	1.6945029697	1.69493115152	2.07867115152	2.07378793939	1.0992369697	1.12492757576	1.74944933333	2.07799763636	1.51447175758	0.860234181818	2.11262212121	1.57550436364	1.40176757576	1.53112436364	1.22932727273
PBW46	1.96466884848	1.75309418182	1.17951545455	1.13836442424	1.88681866667	2.13280424242	1.98302569697	1.84525345455	2.00029630303	2.12645721212	1.798834	1.82865169697	1.27345860606	0.0	1.43073715152	2.66470575758	1.71730357576	1.76830418182	1.94959418182	1.68317757576	1.48358412121	1.91330218182	1.86890793939	1.95988424242	1.47247733333	1.25360248485	1.75598060606	2.19215715152	1.01149369697	1.67022630303	0.896813878788	1.94451109091	1.46685139394	1.65461133333	1.70007587879	1.89262690909	1.85817290909	2.03727084848	2.34083678788	1.24524248485	1.89152363636	2.14247175758	2.3446389697	1.84583242424	1.58741951515	1.70959066667	1.66447739394	2.1835450303	2.01637733333	0.696158	0.844377212121	1.68121872727	1.89962048485	1.58475521212	1.16052515152	2.54871587879	1.64244381818	1.69661090909	1.51349145455	1.25007181818
PBW47	1.32906393939	1.56629812121	1.79384133333	1.29318327273	1.18536890909	1.39602854545	1.29436175758	1.16056878788	1.32101575758	1.43289084848	1.42290157576	1.07795890909	1.79864751515	1.43073715152	0.0	1.57936387879	1.05003490909	0.804857212121	1.05259424242	0.696484909091	0.504126	1.09899690909	1.23329478788	1.13036709091	1.61429812121	1.25706484848	1.16688757576	1.53326460606	1.77049254545	1.04593824242	1.56372339394	1.17670412121	1.19421678788	1.10041369697	0.918284060606	1.13691509091	1.16285515152	0.939485212121	1.44543006061	1.28969612121	1.61901836364	1.28492515152	1.61618024242	1.18415866667	1.06872175758	0.798297878788	0.80995769697	1.39046036364	1.17075775758	1.28758157576	1.20383278788	0.805501575758	0.947057878788	0.983853939394	1.48806666667	1.90814115152	0.997919393939	1.34916478788	0.816618787879	1.08240581818
PBW49	1.83297133333	2.46170624242	2.73391406061	2.27111393939	1.6886370303	1.74982587879	2.00617848485	1.83797969697	2.12317648485	1.60540381818	2.36949478788	1.51819793939	2.77978339394	2.66470575758	1.57936387879	0.0	1.62054254545	1.28034206061	1.30940672727	1.45810987879	1.54515739394	1.50721339394	1.77131357576	1.42564018182	2.63228927273	2.23554569697	2.06737921212	1.61021636364	2.72989836364	1.93924260606	2.6065870303	1.5058430303	2.13285278788	2.12112727273	1.69780939394	1.53605775758	1.74128593939	1.08670666667	1.14406193939	2.35722036364	2.39458527273	1.26289218182	1.46492812121	1.9853950303	2.05647436364	1.46500769697	1.63823175758	1.36531624242	1.31330684848	2.44332181818	2.40002333333	1.5579529697	1.06526151515	1.88526266667	2.46356121212	1.95133678788	1.84995284848	2.29093012121	1.73975321212	2.05249236364
PBW50	0.817606606061	1.48874333333	1.63208957576	1.27478787879	0.729011333333	1.01048575758	0.932483454545	0.768963818182	1.12520436364	0.978275818182	1.20868872727	0.723591636364	1.69998642424	1.71730357576	1.05003490909	1.62054254545	0.0	0.888237090909	0.920119090909	0.793453393939	0.920541636364	0.691777757576	0.698599878788	0.812723575758	1.46843812121	1.15978678788	0.876719575758	1.00790533333	1.56463642424	0.726142969697	1.51436133333	0.79201369697	0.993806484848	0.921410545455	0.605394	0.675957030303	0.729752727273	1.07827418182	1.11174412121	1.33256169697	1.28740515152	1.0609330303	1.20604909091	0.889470787879	0.950413757576	0.659399939394	0.795224242424	1.11191030303	0.969201030303	1.53825490909	1.46479387879	0.689734181818	0.911643575758	0.788957939394	1.39323854545	1.44316612121	0.726949090909	1.11784587879	0.771409454545	1.04342715152
PBW51	1.14037193939	1.81328309091	2.04903975758	1.54983066667	1.03189133333	1.12998963636	1.35377363636	1.17340878788	1.46863260606	1.10848090909	1.63293890909	0.815716727273	1.94464460606	1.76830418182	0.804857212121	1.28034206061	0.888237090909	0.0	0.628055333333	0.667973757576	0.775658	0.873332060606	1.04525890909	0.833205030303	1.88547884848	1.49045915152	1.31863666667	1.20334618182	1.93016939394	1.20387169697	1.84343624242	0.861619151515	1.39077945455	1.38788327273	1.01965121212	0.822837757576	1.03170424242	0.706236727273	1.14610072727	1.56890315152	1.6938650303	0.977777878788	1.31137357576	1.29679818182	1.35366684848	0.777786242424	0.950796121212	0.971369818182	0.762768666667	1.52579927273	1.53333327273	0.814784848485	0.633240666667	1.16846775758	1.77671321212	1.59780478788	1.09724836364	1.55769666667	1.04125854545	1.34524460606
PBW52	1.11002266667	1.77081854545	2.0729730303	1.56180866667	1.01827975758	1.11399030303	1.35063951515	1.17239757576	1.44662709091	1.03803890909	1.611974	0.834899939394	1.99934890909	1.94959418182	1.05259424242	1.30940672727	0.920119090909	0.628055333333	0.0	0.855500363636	0.888847757576	0.876783393939	1.11232418182	0.77903369697	1.96037745455	1.54624757576	1.34769733333	1.15317945455	2.05976157576	1.28395927273	1.91336648485	0.807556545455	1.42677987879	1.43499715152	1.00113975758	0.882449575758	1.06794866667	0.739638848485	1.00275533333	1.63944842424	1.72566569697	0.934707030303	1.24949181818	1.27667363636	1.39000642424	0.822309090909	0.958101272727	0.904285272727	0.772420363636	1.73055727273	1.63894060606	0.85250030303	0.639396363636	1.18626018182	1.78132151515	1.52526581818	1.16873884848	1.61941406061	1.03567678788	1.28696890909
PBW53	1.16707551515	1.68502884848	1.93963472727	1.47779848485	1.06367490909	1.26798145455	1.23393563636	1.1236870303	1.31761775758	1.29232145455	1.54185133333	0.970462969697	1.93526284848	1.68317757576	0.696484909091	1.45810987879	0.793453393939	0.667973757576	0.855500363636	0.0	0.626000848485	0.808589212121	1.11029848485	1.00162036364	1.75101345455	1.36141739394	1.29938157576	1.26899618182	1.91106909091	1.03959454545	1.71338042424	0.967110969697	1.27860509091	1.20369	0.916603515152	0.935279878788	1.04609678788	0.816358363636	1.29697957576	1.44353024242	1.57437648485	1.18400533333	1.47783545455	1.18883945455	1.24215963636	0.709292	0.815464787879	1.27923715152	1.04780266667	1.51397072727	1.47906739394	0.698116545455	0.768296727273	1.07339024242	1.63797593939	1.716492	1.02207836364	1.36861648485	0.946094848485	1.16807
PBW54	1.23430484848	1.51967527273	1.77629969697	1.26327545455	1.09165345455	1.3466230303	1.22133963636	1.04750618182	1.26681848485	1.33409442424	1.35825581818	0.982007818182	1.76823775758	1.48358412121	0.504126	1.54515739394	0.920541636364	0.775658	0.888847757576	0.626000848485	0.0	0.945698424242	1.13297351515	1.0655990303	1.64534290909	1.22842745455	1.07273248485	1.48400939394	1.75163224242	1.01111866667	1.55082066667	1.07304393939	1.16634569697	1.11508830303	0.846130666667	1.05606084848	1.09902575758	0.857035818182	1.38600733333	1.29563315152	1.57712315152	1.234864	1.55128236364	1.13172406061	1.07113284848	0.764891272727	0.780459212121	1.37280769697	1.10294242424	1.32620648485	1.25330121212	0.768038363636	0.873853939394	0.905362	1.49012381818	1.84660751515	0.914378121212	1.31044557576	0.742626484848	1.0312570303
PBW55	0.899229939394	1.65629006061	1.85741569697	1.46982066667	0.780943393939	1.00606521212	1.09029975758	0.935929939394	1.24342078788	0.955596242424	1.33982648485	0.691547454545	1.93544369697	1.91330218182	1.09899690909	1.50721339394	0.691777757576	0.873332060606	0.876783393939	0.808589212121	0.945698424242	0.0	0.819481151515	0.72935769697	1.59398484848	1.34559412121	1.06621915152	1.00602636364	1.77152909091	0.891754424242	1.71177860606	0.808490121212	1.22294363636	1.01196139394	0.782959878788	0.610032	0.836824181818	0.928124060606	1.03619363636	1.57059812121	1.45838727273	1.02314521212	1.17526854545	1.01931193939	1.15804169697	0.719419757576	0.900501393939	1.124098	0.877083272727	1.74261775758	1.72976909091	0.862594969697	0.823326181818	0.917601757576	1.62938890909	1.50154339394	0.956590727273	1.16971793939	0.898761757576	1.27274709091
PBW56	0.788631333333	1.49513181818	1.7182630303	1.34181781818	0.666330848485	0.944193636364	0.919338	0.766344060606	1.12044290909	0.872006727273	1.08661866667	0.810624	1.76240690909	1.86890793939	1.23329478788	1.77131357576	0.698599878788	1.04525890909	1.11232418182	1.11029848485	1.13297351515	0.819481151515	0.0	0.904036909091	1.47877739394	1.26598242424	0.677157878788	0.900990181818	1.53025969697	0.774110121212	1.54421333333	0.953003151515	1.08438309091	0.985334545455	0.760705515152	0.726091212121	0.709938060606	1.21240884848	1.2319769697	1.448312	1.27936066667	1.19260115152	1.13435515152	0.876159272727	0.995796787879	0.86990430303	0.978982787879	1.16592157576	1.09829375758	1.60551381818	1.56439363636	0.906708484848	1.07761884848	0.810402424242	1.4546449697	1.3898410303	0.797159757576	1.04373787879	0.922788606061	1.24553187879
PBW58	0.833539515152	1.48693975758	1.801362	1.46719690909	0.746697090909	0.887144606061	1.08157975758	0.873860121212	1.20003945455	0.779773575758	1.40609230303	0.527872060606	1.87083569697	1.95988424242	1.13036709091	1.42564018182	0.812723575758	0.833205030303	0.77903369697	1.00162036364	1.0655990303	0.72935769697	0.904036909091	0.0	1.72654193939	1.46289387879	1.17179648485	0.929787818182	1.84789963636	1.04534787879	1.83038575758	0.670676787879	1.28855951515	1.21950054545	0.835819272727	0.665699515152	0.857548181818	0.784947454545	0.841680424242	1.65416793939	1.53917018182	0.742220363636	1.04697315152	0.967436181818	1.2091809697	0.777168969697	0.965002606061	1.00822418182	0.785774787879	1.71563460606	1.69988363636	0.881269757576	0.72315830303	1.07175884848	1.53483218182	1.38528072727	1.02855884848	1.39847490909	0.991182242424	1.28810212121
PBW59	1.49293248485	1.23852921212	1.07211254545	1.04024806061	1.50124593939	1.62820290909	1.37684242424	1.42677163636	1.38950975758	1.70183272727	1.07769266667	1.61263424242	1.08726357576	1.47247733333	1.61429812121	2.63228927273	1.46843812121	1.88547884848	1.96037745455	1.75101345455	1.64534290909	1.59398484848	1.47877739394	1.72654193939	0.0	0.868726848485	1.31925587879	1.79222018182	1.06059551515	1.28208339394	1.02472672727	1.70205775758	1.15725442424	1.15798866667	1.32393272727	1.58405260606	1.40206139394	2.01111315152	2.01104648485	0.893740545455	1.211756	1.99389454545	1.76198636364	1.4235610303	1.03192642424	1.50615951515	1.448674	1.90558781818	1.94644921212	1.28597072727	1.35452230303	1.58487606061	1.91495866667	1.22554539394	0.995620060606	1.89098848485	1.31566381818	1.02321018182	1.33179133333	1.06332539394
PBW60	1.39301824242	1.18045254545	1.15480363636	0.876517090909	1.33123739394	1.49561945455	1.36018733333	1.24637787879	1.35971769697	1.56351193939	1.13369127273	1.31722969697	1.22796654545	1.25360248485	1.25706484848	2.23554569697	1.15978678788	1.49045915152	1.54624757576	1.36141739394	1.22842745455	1.34559412121	1.26598242424	1.46289387879	0.868726848485	0.0	1.16296466667	1.63851684848	1.20645206061	1.03559678788	1.04675309091	1.42902024242	0.949233636364	1.04104472727	1.10908842424	1.31025606061	1.21900690909	1.64088484848	1.81441054545	0.631455030303	1.13882721212	1.65056030303	1.59384630303	1.27446230303	0.886550969697	1.18007472727	1.12435054545	1.61932993939	1.53401993939	1.096196	1.08530551515	1.22762884848	1.55335606061	1.08201212121	0.960300969697	1.93043981818	1.11157345455	1.08101666667	1.01491139394	0.743548484848
PEP16	0.945856484848	1.33087260606	1.52199533333	1.17265860606	0.919852484848	1.16894424242	0.922436727273	0.781296121212	1.07853921212	1.10881224242	0.849049636364	1.078718	1.5309109697	1.75598060606	1.16688757576	2.06737921212	0.876719575758	1.31863666667	1.34769733333	1.29938157576	1.07273248485	1.06621915152	0.677157878788	1.17179648485	1.31925587879	1.16296466667	0.0	1.15521739394	1.29973612121	0.749233333333	1.36997593939	1.21414284848	0.901684727273	0.825778	0.813345939394	1.01433151515	0.912850242424	1.47614757576	1.50875351515	1.28715593939	1.28282290909	1.42893684848	1.39536963636	0.871488060606	0.848675636364	1.03846921212	1.04159642424	1.41494648485	1.34610787879	1.49410393939	1.46288242424	1.06488915152	1.36454581818	0.743266242424	1.33745569697	1.59592557576	0.817373030303	0.874884484848	0.859358484848	1.12452781818
PEP18	1.13287921212	1.74928345455	2.07991357576	1.773904	0.999315090909	1.08084042424	1.23595060606	1.15389412121	1.35325866667	0.890305151515	1.48456242424	1.038964	2.07700545455	2.19215715152	1.53326460606	1.61021636364	1.00790533333	1.20334618182	1.15317945455	1.26899618182	1.48400939394	1.00602636364	0.900990181818	0.929787818182	1.79222018182	1.63851684848	1.15521739394	0.0	1.90560236364	1.04930830303	1.95494036364	0.966927636364	1.38813157576	1.28460787879	1.08870842424	0.835639090909	0.985887515152	1.19442678788	1.00352836364	1.79059806061	1.6254309697	1.08202212121	0.941711393939	1.19506787879	1.34231278788	1.17233969697	1.28488909091	0.957676	1.07514187879	1.9713110303	1.93957666667	1.21774993939	1.10559084848	1.18647660606	1.81579090909	1.19873581818	1.1348550303	1.33781133333	1.2632169697	1.54347915152
PEP21	1.60975915152	1.53902424242	0.936373393939	1.04772490909	1.68537175758	1.92532036364	1.65579515152	1.56413430303	1.7462189697	1.88934739394	1.29446769697	1.75850406061	0.946968545455	1.01149369697	1.77049254545	2.72989836364	1.56463642424	1.93016939394	2.05976157576	1.91106909091	1.75163224242	1.77152909091	1.53025969697	1.84789963636	1.06059551515	1.20645206061	1.29973612121	1.90560236364	0.0	1.39334024242	0.632513272727	1.86054284848	1.14887539394	1.30652224242	1.51392763636	1.68565066667	1.60579945455	2.18017848485	2.23945981818	1.216982	1.56343842424	2.11908957576	2.1452149697	1.60216890909	1.34129018182	1.71968933333	1.71450127273	2.05800018182	2.01619624242	0.966430969697	1.07345139394	1.73014272727	2.04175066667	1.39971521212	0.905834484848	2.25749490909	1.46254709091	1.28336145455	1.53223509091	1.28537012121
PEP23	0.974227030303	1.34939272727	1.54194236364	1.20874624242	0.836594060606	1.09833915152	0.933254060606	0.77808969697	1.01034369697	1.08065078788	1.00171327273	0.948996181818	1.62826066667	1.67022630303	1.04593824242	1.93924260606	0.726142969697	1.20387169697	1.28395927273	1.03959454545	1.01111866667	0.891754424242	0.774110121212	1.04534787879	1.28208339394	1.03559678788	0.749233333333	1.04930830303	1.39334024242	0.0	1.36118066667	1.02437993939	0.856097090909	0.778355575758	0.655407393939	0.853609212121	0.846476060606	1.32919593939	1.33315763636	1.26833145455	1.21806036364	1.2621729697	1.30296369697	0.796118727273	0.830460727273	0.88028230303	0.840149636364	1.31577109091	1.22304206061	1.49333824242	1.4479969697	0.876100181818	1.24039345455	0.706369393939	1.31010951515	1.57597878788	0.689843212121	0.868493575758	0.772511939394	1.03830587879
PEP24	1.59537351515	1.50359084848	0.896362424242	0.873697333333	1.66305836364	1.88649957576	1.62405618182	1.56409630303	1.70037187879	1.87177969697	1.31910581818	1.69824024242	0.978469090909	0.896813878788	1.56372339394	2.6065870303	1.51436133333	1.84343624242	1.91336648485	1.71338042424	1.55082066667	1.71177860606	1.54421333333	1.83038575758	1.02472672727	1.04675309091	1.36997593939	1.95494036364	0.632513272727	1.36118066667	0.0	1.77365381818	1.18492163636	1.28512230303	1.40357836364	1.66613315152	1.58739781818	1.95778460606	2.17378351515	1.04711393939	1.54259981818	2.03975993939	2.09551878788	1.53573987879	1.26721945455	1.55001557576	1.53884606061	2.07080909091	1.94122684848	0.801063878788	0.921839575758	1.56638993939	1.86843254545	1.34565745455	0.838416363636	2.27693242424	1.44828363636	1.27655133333	1.36900084848	1.10881187879
PEP26	0.938559333333	1.40677860606	1.86600145455	1.50936145455	0.842662848485	0.938049878788	1.16013036364	0.978758727273	1.21278278788	0.888565878788	1.42565478788	0.730965212121	1.80803866667	1.94451109091	1.17670412121	1.5058430303	0.79201369697	0.861619151515	0.807556545455	0.967110969697	1.07304393939	0.808490121212	0.953003151515	0.670676787879	1.70205775758	1.42902024242	1.21414284848	0.966927636364	1.86054284848	1.02437993939	1.77365381818	0.0	1.22305048485	1.19804278788	0.837884545455	0.692996666667	0.861060848485	0.902522666667	0.95900630303	1.57152606061	1.50441278788	0.926776545455	1.10475915152	1.06837393939	1.18010066667	0.811254969697	0.932472121212	1.01112690909	0.866777151515	1.72880424242	1.72072321212	0.837201818182	0.777635333333	1.06337127273	1.58084860606	1.3328250303	1.01671975758	1.32767230303	0.924343515152	1.23351563636
PEP27	1.15876412121	1.12026206061	1.35134466667	0.985890484848	1.15353684848	1.39091139394	1.20520654545	1.05067224242	1.18531218182	1.33719915152	0.929456909091	1.20917569697	1.341382	1.46685139394	1.19421678788	2.13285278788	0.993806484848	1.39077945455	1.42677987879	1.27860509091	1.16634569697	1.22294363636	1.08438309091	1.28855951515	1.15725442424	0.949233636364	0.901684727273	1.38813157576	1.14887539394	0.856097090909	1.18492163636	1.22305048485	0.0	0.840332787879	0.994642909091	1.14681793939	1.07102793939	1.54579945455	1.62089848485	1.0169189697	1.41656521212	1.53230848485	1.58928466667	1.04533472727	0.88375769697	1.12632630303	1.07069484848	1.52940163636	1.44779733333	1.22009993939	1.20910860606	1.101074	1.44844775758	0.828539212121	1.0579629697	1.76463466667	0.882854	0.891663030303	0.93183169697	0.782086121212
PEP28	1.05799872727	1.3043629697	1.43791018182	1.16197587879	1.034262	1.26019727273	1.06169266667	1.0055869697	1.10283406061	1.2308210303	0.959142060606	1.09444569697	1.47746363636	1.65461133333	1.10041369697	2.12112727273	0.921410545455	1.38788327273	1.43499715152	1.20369	1.11508830303	1.01196139394	0.985334545455	1.21950054545	1.15798866667	1.04104472727	0.825778	1.28460787879	1.30652224242	0.778355575758	1.28512230303	1.19804278788	0.840332787879	0.0	0.842246484848	1.02574854545	0.976550424242	1.48506569697	1.5153190303	1.18294715152	1.31325436364	1.47387933333	1.48055551515	0.960151030303	0.758855575758	1.03939375758	1.01887272727	1.44569030303	1.29859448485	1.39005018182	1.40206248485	1.07696593939	1.39454212121	0.741557333333	1.18222981818	1.67608854545	0.76841830303	0.753061030303	0.78453430303	1.01157430303
PEP29	0.833848606061	1.40500824242	1.61491145455	1.22595872727	0.761226424242	1.06320642424	0.91888230303	0.695070909091	1.08075884848	1.02535660606	1.09789860606	0.755816545455	1.60185339394	1.70007587879	0.918284060606	1.69780939394	0.605394	1.01965121212	1.00113975758	0.916603515152	0.846130666667	0.782959878788	0.760705515152	0.835819272727	1.32393272727	1.10908842424	0.813345939394	1.08870842424	1.51392763636	0.655407393939	1.40357836364	0.837884545455	0.994642909091	0.842246484848	0.0	0.681925454545	0.789540787879	1.07280490909	1.1406149697	1.29698418182	1.29797212121	1.10762363636	1.22817242424	0.865813030303	0.838402545455	0.675604121212	0.733193515152	1.20786393939	1.04462860606	1.44958721212	1.4062649697	0.71524369697	1.01161430303	0.70067630303	1.3416130303	1.53904157576	0.743562484848	1.05770218182	0.685050484848	1.03129812121
PEP30	0.817484848485	1.59167854545	1.79893775758	1.44702915152	0.732896484848	0.903330060606	1.06641612121	0.904212	1.22625472727	0.833082909091	1.30475484848	0.634289272727	1.85199460606	1.89262690909	1.13691509091	1.53605775758	0.675957030303	0.822837757576	0.882449575758	0.935279878788	1.05606084848	0.610032	0.726091212121	0.665699515152	1.58405260606	1.31025606061	1.01433151515	0.835639090909	1.68565066667	0.853609212121	1.66613315152	0.692996666667	1.14681793939	1.02574854545	0.681925454545	0.0	0.787580666667	0.929390484848	0.975386	1.5292410303	1.41333042424	0.947449939394	1.08565593939	0.981673878788	1.06528533333	0.726823030303	0.89095969697	1.02543715152	0.870132484848	1.656458	1.66354848485	0.840093515152	0.841880969697	0.914514969697	1.5615490303	1.40450630303	0.893414	1.20662642424	0.88387630303	1.2714290303
PIS1	0.760283818182	1.43127945455	1.60001078788	1.312696	0.703590242424	0.787048060606	0.891790606061	0.801337151515	0.983389212121	0.846314606061	1.10321030303	0.762011878788	1.69385890909	1.85817290909	1.16285515152	1.74128593939	0.729752727273	1.03170424242	1.06794866667	1.04609678788	1.09902575758	0.836824181818	0.709938060606	0.857548181818	1.40206139394	1.21900690909	0.912850242424	0.985887515152	1.60579945455	0.846476060606	1.58739781818	0.861060848485	1.07102793939	0.976550424242	0.789540787879	0.787580666667	0.0	1.11178654545	1.17325684848	1.30346484848	1.17300163636	1.07026345455	0.936574666667	0.838498181818	0.836666484848	0.745255575758	0.887734666667	1.03389624242	1.07780187879	1.5533750303	1.6278970303	0.782992969697	1.05205254545	0.839756969697	1.36563987879	1.32753472727	0.827143272727	1.13184951515	0.835647272727	1.15301733333
PIS2	1.19616551515	1.82603569697	2.11225345455	1.582996	1.056478	1.13281921212	1.39186139394	1.21698236364	1.487232	1.0029890303	1.712452	0.869585818182	2.13903018182	2.03727084848	0.939485212121	1.08670666667	1.07827418182	0.706236727273	0.739638848485	0.816358363636	0.857035818182	0.928124060606	1.21240884848	0.784947454545	2.01111315152	1.64088484848	1.47614757576	1.19442678788	2.18017848485	1.32919593939	1.95778460606	0.902522666667	1.54579945455	1.48506569697	1.07280490909	0.929390484848	1.11178654545	0.0	0.993326666667	1.67212690909	1.78982236364	0.793581393939	1.249472	1.3012609697	1.45641642424	0.81353569697	1.05282024242	1.05279272727	0.770821151515	1.76909963636	1.72008806061	0.93123369697	0.499286121212	1.30259321212	1.83439284848	1.63964078788	1.28784169697	1.71092793939	1.14886860606	1.4059910303
PIS4	1.18673363636	1.82694115152	2.18403393939	1.79819127273	1.07454042424	1.14616842424	1.41256442424	1.20442090909	1.48859115152	0.939499333333	1.69250666667	0.965578666667	2.21705612121	2.34083678788	1.44543006061	1.14406193939	1.11174412121	1.14610072727	1.00275533333	1.29697957576	1.38600733333	1.03619363636	1.2319769697	0.841680424242	2.01104648485	1.81441054545	1.50875351515	1.00352836364	2.23945981818	1.33315763636	2.17378351515	0.95900630303	1.62089848485	1.5153190303	1.1406149697	0.975386	1.17325684848	0.993326666667	0.0	1.92374581818	1.86474175758	0.915120060606	0.841910545455	1.28234387879	1.51672769697	1.03053945455	1.23093418182	0.967050060606	0.979050727273	2.10914	2.05884587879	1.17337975758	0.987865272727	1.35798727273	1.92537018182	1.31580515152	1.31492787879	1.7030530303	1.31004521212	1.60979054545
PIS5	1.4885909697	1.24998066667	1.10514739394	0.899376363636	1.46095012121	1.5821309697	1.40759848485	1.36388321212	1.41274630303	1.64633460606	1.22297830303	1.51630339394	1.18032533333	1.24524248485	1.28969612121	2.35722036364	1.33256169697	1.56890315152	1.63944842424	1.44353024242	1.29563315152	1.57059812121	1.448312	1.65416793939	0.893740545455	0.631455030303	1.28715593939	1.79059806061	1.216982	1.26833145455	1.04711393939	1.57152606061	1.0169189697	1.18294715152	1.29698418182	1.5292410303	1.30346484848	1.67212690909	1.92374581818	0.0	1.03352066667	1.79759933333	1.6673049697	1.36763127273	0.989518242424	1.29106430303	1.19361939394	1.74780739394	1.68307363636	1.078264	1.10709339394	1.27442581818	1.63045642424	1.13620678788	0.951761454545	1.92565642424	1.27030012121	1.22815157576	1.10099272727	0.778093939394
PIS7	1.32703018182	1.5215529697	1.45526284848	1.49235133333	1.32363357576	1.44983648485	1.23841066667	1.27783466667	1.26652624242	1.52539939394	1.30056636364	1.45350187879	1.55986854545	1.89152363636	1.61901836364	2.39458527273	1.28740515152	1.6938650303	1.72566569697	1.57437648485	1.57712315152	1.45838727273	1.27936066667	1.53917018182	1.211756	1.13882721212	1.28282290909	1.6254309697	1.56343842424	1.21806036364	1.54259981818	1.50441278788	1.41656521212	1.31325436364	1.29797212121	1.41333042424	1.17300163636	1.78982236364	1.86474175758	1.03352066667	0.0	1.7784150303	1.46131266667	1.2540749697	1.16333212121	1.30727430303	1.34379363636	1.69973739394	1.74287672727	1.74036430303	1.76254739394	1.38009909091	1.69506763636	1.25320260606	1.46769812121	1.73464848485	1.30988866667	1.27295127273	1.29868090909	1.42480260606
PIS9	1.07854521212	1.74308521212	1.99219412121	1.63462284848	0.947363272727	0.999948969697	1.29335830303	1.12451236364	1.38954769697	0.858941818182	1.64275521212	0.841580545455	2.11452939394	2.14247175758	1.28492515152	1.26289218182	1.0609330303	0.977777878788	0.934707030303	1.18400533333	1.234864	1.02314521212	1.19260115152	0.742220363636	1.99389454545	1.65056030303	1.42893684848	1.08202212121	2.11908957576	1.2621729697	2.03975993939	0.926776545455	1.53230848485	1.47387933333	1.10762363636	0.947449939394	1.07026345455	0.793581393939	0.915120060606	1.79759933333	1.7784150303	0.0	0.986395575758	1.2175410303	1.36062775758	0.953884363636	1.09203763636	0.896256545455	0.769645454545	1.95970624242	1.89383418182	0.985908060606	0.81077430303	1.32229836364	1.77184612121	1.46940630303	1.26975909091	1.65780351515	1.24162539394	1.51083715152
PIS10	1.159682	1.7262410303	1.95450836364	1.75991381818	1.03279351515	0.934417636364	1.19379787879	1.15965763636	1.28544327273	0.833727333333	1.49692812121	1.0736470303	2.07176290909	2.3446389697	1.61618024242	1.46492812121	1.20604909091	1.31137357576	1.24949181818	1.47783545455	1.55128236364	1.17526854545	1.13435515152	1.04697315152	1.76198636364	1.59384630303	1.39536963636	0.941711393939	2.1452149697	1.30296369697	2.09551878788	1.10475915152	1.58928466667	1.48055551515	1.22817242424	1.08565593939	0.936574666667	1.249472	0.841910545455	1.6673049697	1.46131266667	0.986395575758	0.0	1.195692	1.25574963636	1.1276629697	1.26883393939	0.908052242424	1.13118442424	2.08917575758	2.14575048485	1.2635369697	1.20843872727	1.33465806061	1.83136048485	1.14168236364	1.33916133333	1.53984054545	1.33580533333	1.61345454545
PIS11	0.787738848485	1.12028769697	1.466264	1.17609709091	0.723091090909	0.847803212121	0.71998430303	0.662879818182	0.761801090909	0.871215575758	0.988063151515	0.850713090909	1.62430193939	1.84583242424	1.18415866667	1.9853950303	0.889470787879	1.29679818182	1.27667363636	1.18883945455	1.13172406061	1.01931193939	0.876159272727	0.967436181818	1.4235610303	1.27446230303	0.871488060606	1.19506787879	1.60216890909	0.796118727273	1.53573987879	1.06837393939	1.04533472727	0.960151030303	0.865813030303	0.981673878788	0.838498181818	1.3012609697	1.28234387879	1.36763127273	1.2540749697	1.2175410303	1.195692	0.0	0.936186848485	0.857735454545	0.922431878788	1.32541539394	1.26998915152	1.57624012121	1.61398054545	0.973587151515	1.27833933333	0.820892363636	1.23090545455	1.39774224242	0.859962787879	1.036218	0.902696363636	1.11159490909
PIS14	0.984455393939	1.15612	1.25396381818	1.0258050303	1.00745248485	1.11189975758	0.948354181818	0.915672606061	0.991277757576	1.15131236364	0.847571939394	1.09550406061	1.34569884848	1.58741951515	1.06872175758	2.05647436364	0.950413757576	1.35366684848	1.39000642424	1.24215963636	1.07113284848	1.15804169697	0.995796787879	1.2091809697	1.03192642424	0.886550969697	0.848675636364	1.34231278788	1.34129018182	0.830460727273	1.26721945455	1.18010066667	0.88375769697	0.758855575758	0.838402545455	1.06528533333	0.836666484848	1.45641642424	1.51672769697	0.989518242424	1.16333212121	1.36062775758	1.25574963636	0.936186848485	0.0	0.956883515152	0.888624909091	1.30988115152	1.31560145455	1.36447993939	1.33335527273	0.924682969697	1.38078593939	0.765147818182	1.10363509091	1.65807309091	0.828851575758	0.880901212121	0.750856909091	0.904087939394
PIS15	0.931079757576	1.46895333333	1.65379448485	1.19569375758	0.746151878788	0.965827030303	0.946703393939	0.834141818182	1.07217775758	0.982639636364	1.25238090909	0.660047818182	1.6945029697	1.70959066667	0.798297878788	1.46500769697	0.659399939394	0.777786242424	0.822309090909	0.709292	0.764891272727	0.719419757576	0.86990430303	0.777168969697	1.50615951515	1.18007472727	1.03846921212	1.17233969697	1.71968933333	0.88028230303	1.55001557576	0.811254969697	1.12632630303	1.03939375758	0.675604121212	0.726823030303	0.745255575758	0.81353569697	1.03053945455	1.29106430303	1.30727430303	0.953884363636	1.1276629697	0.857735454545	0.956883515152	0.0	0.626189636364	1.06518939394	0.895195272727	1.45932163636	1.49741806061	0.574511454545	0.765830787879	0.838222484848	1.38466660606	1.44359648485	0.808157878788	1.22049866667	0.708628424242	1.02247678788
PLL76	1.08593169697	1.37784115152	1.5999830303	1.19358024242	0.887334727273	1.07881557576	0.988317393939	0.910313636364	1.00991478788	1.10881581818	1.21653490909	0.852436727273	1.69493115152	1.66447739394	0.80995769697	1.63823175758	0.795224242424	0.950796121212	0.958101272727	0.815464787879	0.780459212121	0.900501393939	0.978982787879	0.965002606061	1.448674	1.12435054545	1.04159642424	1.28488909091	1.71450127273	0.840149636364	1.53884606061	0.932472121212	1.07069484848	1.01887272727	0.733193515152	0.89095969697	0.887734666667	1.05282024242	1.23093418182	1.19361939394	1.34379363636	1.09203763636	1.26883393939	0.922431878788	0.888624909091	0.626189636364	0.0	1.05303272727	0.953273515152	1.39875915152	1.37637206061	0.602586424242	0.981709393939	0.779447878788	1.34137745455	1.53807460606	0.760968363636	1.19527509091	0.66003769697	0.892527757576
