	PAM31	PAM32	PAM33	PAM35	PAM36	PAM37	PAM39	PAM40	PAM41	PAM42	PAM43	PAM44	PAM45	PBW46	PBW47	PBW49	PBW50	PBW51	PBW52	PBW53	PBW54	PBW55	PBW56	PBW58	PBW59	PBW60	PEP16	PEP18	PEP21	PEP23	PEP24	PEP26	PEP27	PEP28	PEP29	PEP30	PIS1	PIS2	PIS4	PIS5	PIS7	PIS9	PIS10	PIS11	PIS14	PIS15	PLL76	PLL77	PLL79	PLL80	PLL83	PLL88	PLL89	PLL90	PPO64	PPO66	PPO67	PPO69	PPO72	PPO75
PAM31	0.0	1.39705260606	1.92180472727	1.30323690909	0.650113454545	0.916209636364	0.933447393939	0.649903333333	0.855158484848	0.667555090909	0.735009818182	0.927287515152	1.78834569697	2.13462684848	1.53259424242	1.44127581818	1.14207642424	1.09625521212	1.09566151515	1.21522224242	1.47291781818	1.01102430303	0.736721090909	0.977997151515	1.32090509091	1.370196	1.17868793939	0.889089939394	1.70671224242	1.36882890909	1.70332854545	1.03085490909	1.28313121212	1.14876327273	1.12852842424	0.998450727273	0.710510121212	1.05926418182	0.871119878788	1.74975321212	1.50924787879	0.971733151515	0.864493090909	1.09819193939	1.39605745455	1.01967321212	0.917691575758	1.01357339394	1.18013551515	1.84548484848	1.73400272727	1.29233606061	1.1125670303	1.19963824242	1.48818606061	1.23377587879	1.02110812121	1.1413890303	1.03229278788	1.11357969697
PAM32	1.39705260606	0.0	1.28610606061	1.07739218182	1.60118557576	0.981619090909	0.812235757576	1.25239690909	1.14246454545	1.21818745455	1.48134775758	1.28088206061	1.20401490909	1.81457254545	1.54598806061	2.25361969697	1.41495933333	1.80557339394	1.70214769697	1.80466733333	1.53654581818	1.65825145455	1.61119345455	1.27548139394	1.26552024242	1.23420339394	1.36276042424	1.80206763636	1.3424689697	1.16357812121	1.40314951515	1.38390690909	1.14306781818	1.28978024242	1.31140478788	1.41181593939	1.59335642424	1.85376248485	1.78656363636	1.30915309091	1.54135927273	1.53147642424	1.60686072727	0.958821878788	1.0703169697	1.44379769697	1.76456284848	1.8605570303	1.54046678788	1.48852	1.34376927273	1.36300963636	1.66702593939	1.22492018182	1.08162812121	1.86672181818	1.35505866667	1.27563315152	1.47904115152	1.29663739394
PAM33	1.92180472727	1.28610606061	0.0	1.24741509091	2.05757539394	1.44791339394	1.35991527273	1.73055884848	1.73717836364	1.74716127273	1.80461006061	1.71285709091	1.09136363636	1.11454006061	1.84371339394	2.58097727273	1.65782563636	2.12272830303	2.04782709091	2.11920769697	1.83306921212	1.99898733333	1.9797529697	1.69707739394	1.64369309091	1.56248751515	1.67731909091	2.31461830303	1.09562581818	1.35306139394	1.04549375758	1.89908848485	1.45391230303	1.70443066667	1.69479969697	1.75597121212	2.0509989697	2.16491654545	2.20747951515	1.13128036364	1.66653357576	1.905586	2.07234133333	1.38908369697	1.3882110303	1.72085890909	2.18490660606	2.26854866667	1.83203854545	1.2205689697	1.33420890909	1.64717751515	2.06725224242	1.5765749697	0.994485090909	2.4932289697	1.72976666667	1.76412551515	1.77715606061	1.56334757576
PAM35	1.30323690909	1.07739218182	1.24741509091	0.0	1.26872236364	1.15876763636	0.935912545455	1.10466763636	1.36610848485	1.07655963636	1.29231654545	1.02398018182	1.19526442424	1.33663563636	1.02094521212	1.79745587879	1.00345006061	1.34036521212	1.31599309091	1.31351127273	1.03256612121	1.22543478788	1.31578006061	1.02582630303	1.23221254545	0.915912787879	1.00701527273	1.60100551515	1.10047521212	0.740437454545	0.931212242424	1.17398406061	0.782078060606	0.948775090909	0.938865090909	1.03418642424	1.35150193939	1.32345939394	1.4551469697	0.922351090909	1.55672260606	1.18034012121	1.50432539394	0.703505212121	0.937483212121	0.974694848485	1.50006606061	1.587404	1.09534248485	1.02274442424	0.907591636364	0.875659030303	1.27125884848	0.864790666667	0.907693636364	2.00457909091	1.00368648485	1.17229818182	1.09312363636	0.912208242424
PAM36	0.650113454545	1.60118557576	2.05757539394	1.26872236364	0.0	1.02758818182	1.16296666667	0.782855212121	0.966663575758	0.819116787879	0.979250060606	0.985729939394	1.9112689697	2.15854781818	1.44478175758	1.19163872727	1.19991448485	1.03715654545	1.04641739394	1.19616272727	1.4351990303	0.987133636364	0.820925090909	0.994001151515	1.47300339394	1.38244751515	1.18334987879	0.85822630303	1.83659721212	1.46050175758	1.81130393939	1.0043310303	1.36710684848	1.20286133333	1.16554842424	1.05742575758	0.681719575758	0.982433030303	0.663190424242	1.84056545455	1.60747830303	0.901437030303	0.925325090909	1.21260006061	1.52114206061	0.988559393939	0.869301757576	0.804901636364	1.09678848485	1.82466339394	1.72309642424	1.24476260606	1.05875854545	1.30069084848	1.660772	1.26837769697	1.04515236364	1.26540066667	1.04021193939	1.08828987879
PAM37	0.916209636364	0.981619090909	1.44791339394	1.15876763636	1.02758818182	0.0	0.645869151515	0.782243757576	0.625618424242	0.702729818182	0.942063454545	0.911261757576	1.6070669697	1.99049745455	1.35627187879	1.77593454545	1.04767624242	1.31914218182	1.23854254545	1.35070909091	1.28521642424	1.14992763636	1.06990066667	0.883456121212	1.15849084848	1.21505969697	1.01911139394	1.36979642424	1.52192236364	1.27219963636	1.57918290909	1.08625630303	1.14871006061	1.09403484848	1.06034909091	0.973946060606	1.11567381818	1.35998242424	1.26095278788	1.5725189697	1.38059315152	1.04528690909	1.14914527273	0.953919272727	1.17839012121	0.922461757576	1.28006678788	1.35551793939	1.04271606061	1.67419387879	1.58570581818	1.11431733333	1.26523181818	1.13425127273	1.35243424242	1.51034648485	0.912782484848	0.967035393939	1.03187684848	0.977199393939
PAM39	0.933447393939	0.812235757576	1.35991527273	0.935912545455	1.16296666667	0.645869151515	0.0	0.841769757576	0.81867969697	0.807244545455	0.951041575758	0.960465454545	1.37488387879	1.85617181818	1.26184781818	1.95064224242	1.04747121212	1.49009084848	1.38253775758	1.49887024242	1.21729781818	1.26263521212	1.17314763636	1.02590345455	1.08557515152	1.13308593939	0.909815939394	1.40160121212	1.33041381818	1.07992648485	1.39314175758	1.2178969697	1.00308975758	0.913659878788	0.850788424242	0.987578242424	1.24168806061	1.52581993939	1.41625963636	1.48059733333	1.41852533333	1.20615545455	1.23916375758	0.820899939394	1.07372242424	1.08958678788	1.46168781818	1.53563945455	1.22036715152	1.55206181818	1.43478660606	1.05385969697	1.40745721212	0.917170848485	1.19291987879	1.65180072727	1.00727381818	0.982515454545	1.20059484848	0.992889030303
PAM40	0.649903333333	1.25239690909	1.73055884848	1.10466763636	0.782855212121	0.782243757576	0.841769757576	0.0	0.716923878788	0.609516242424	0.629793515152	0.883384787879	1.58162709091	2.05235454545	1.3732110303	1.51048666667	1.01840630303	1.08151236364	0.996423636364	1.20103527273	1.34179072727	0.938812727273	0.813037515152	0.820520727273	1.17891775758	1.16899666667	1.06010363636	1.03652975758	1.55309739394	1.26365309091	1.57003381818	0.896088909091	1.13802993939	1.07386733333	1.01690375758	0.892505818182	0.758637090909	1.11155963636	0.954781636364	1.51525593939	1.32723133333	0.904017575758	0.844204181818	0.998065575758	1.14202139394	0.874967939394	1.01884060606	1.11204387879	1.06556939394	1.71183	1.58145466667	1.08211381818	1.01581884848	1.08813284848	1.38806442424	1.3321930303	0.925283575758	0.955572848485	0.879803878788	0.938575272727
PAM41	0.855158484848	1.14246454545	1.73717836364	1.36610848485	0.966663575758	0.625618424242	0.81867969697	0.716923878788	0.0	0.765022666667	0.770907575758	1.14400490909	1.83138345455	2.27393551515	1.60074460606	1.6906689697	1.30600218182	1.26491357576	1.22755236364	1.38008375758	1.55884636364	1.1804209697	1.03275957576	1.11542581818	1.42383375758	1.49961278788	1.31392824242	1.25057957576	1.78686793939	1.55598945455	1.87823478788	1.11319557576	1.37140521212	1.36497230303	1.28905854545	1.20541636364	1.06980048485	1.29531490909	1.17347836364	1.84402163636	1.52492648485	1.08947418182	1.06902478788	1.20636739394	1.44050515152	1.18144975758	1.20700072727	1.31003818182	1.28039133333	1.96520260606	1.84111054545	1.36419478788	1.24081448485	1.35933915152	1.63185557576	1.33072769697	1.18648636364	1.18794569697	1.14482509091	1.23371115152
PAM42	0.667555090909	1.21818745455	1.74716127273	1.07655963636	0.819116787879	0.702729818182	0.807244545455	0.609516242424	0.765022666667	0.0	0.741465878788	0.849558484848	1.62331848485	2.01007878788	1.35337127273	1.56789709091	1.04693042424	1.13132254545	1.06998133333	1.14209915152	1.2990850303	0.921039878788	0.837502727273	0.812667393939	1.23452212121	1.24953072727	1.02906678788	1.14132769697	1.52796139394	1.21542933333	1.55427733333	0.940710121212	1.11082121212	0.988976666667	1.00018775758	0.87925830303	0.900380242424	1.10461915152	1.04571327273	1.60996781818	1.3622629697	0.800405212121	1.00526381818	0.977185575758	1.18400527273	0.912487939394	1.13207963636	1.14772072727	0.992570363636	1.67182515152	1.54364642424	1.11305187879	1.06190478788	1.06220775758	1.36637763636	1.44812624242	0.899810606061	1.02523963636	0.938494424242	0.999729333333
PAM43	0.735009818182	1.48134775758	1.80461006061	1.29231654545	0.979250060606	0.942063454545	0.951041575758	0.629793515152	0.770907575758	0.741465878788	0.0	1.088836	1.62211224242	2.21093448485	1.62982151515	1.70525921212	1.11621739394	1.25217060606	1.16999533333	1.35551157576	1.5327969697	1.08230212121	0.849666545455	1.07044054545	1.23021878788	1.42501442424	1.14211387879	1.1158630303	1.59969987879	1.40318769697	1.673518	1.07571284848	1.27400345455	1.20717575758	1.1313010303	1.04997363636	0.944234969697	1.26551569697	1.07907127273	1.73984824242	1.44002266667	1.11375581818	0.962676	1.25102515152	1.30234775758	1.11587975758	1.15915606061	1.22128793939	1.25867818182	1.88926278788	1.79378927273	1.34806793939	1.22917381818	1.21319812121	1.56812048485	1.35844060606	1.10232460606	1.01429266667	1.07125218182	1.16148963636
PAM44	0.927287515152	1.28088206061	1.71285709091	1.02398018182	0.985729939394	0.911261757576	0.960465454545	0.883384787879	1.14400490909	0.849558484848	1.088836	0.0	1.53928290909	1.75491375758	0.966094606061	1.45504115152	0.806503575758	0.984082606061	0.91721230303	0.948634	0.924352121212	0.824032666667	0.975302181818	0.649673393939	1.15812581818	0.963147030303	0.924492787879	1.21690012121	1.44165224242	1.13731521212	1.37461230303	0.855863757576	1.00722842424	0.862565939394	0.806366969697	0.715837878788	1.06359824242	1.03436527273	1.00764375758	1.43553842424	1.42057612121	0.811027939394	1.21890060606	0.887930969697	1.224188	0.625912363636	1.00081424242	1.17083618182	0.744982060606	1.43200157576	1.31393024242	0.844594484848	0.919187878788	0.989575090909	1.23127721212	1.63650787879	0.75493430303	1.04344066667	0.671076909091	0.683649393939
PAM45	1.78834569697	1.20401490909	1.09136363636	1.19526442424	1.9112689697	1.6070669697	1.37488387879	1.58162709091	1.83138345455	1.62331848485	1.62211224242	1.53928290909	0.0	1.2842629697	1.74575133333	2.46157860606	1.43094090909	1.94286115152	1.86862478788	1.98311993939	1.71995951515	1.86862963636	1.8162310303	1.52133642424	1.34082581818	1.42698812121	1.47185133333	2.02134581818	0.865511878788	1.17371424242	0.96701	1.66027127273	1.31968987879	1.52210121212	1.43354284848	1.53844090909	1.86780345455	2.08907569697	2.031156	1.08184484848	1.60038024242	1.85151157576	1.93941187879	1.38344260606	1.21130048485	1.64372327273	2.07129606061	2.05226684848	1.73100981818	1.13739866667	1.1918250303	1.51294793939	1.88024145455	1.31484309091	0.852942181818	2.19320012121	1.58545139394	1.50480684848	1.71123739394	1.5038930303
PBW46	2.13462684848	1.81457254545	1.11454006061	1.33663563636	2.15854781818	1.99049745455	1.85617181818	2.05235454545	2.27393551515	2.01007878788	2.21093448485	1.75491375758	1.2842629697	0.0	1.3558590303	2.342212	1.62411575758	1.74273527273	1.86371733333	1.76714436364	1.50079678788	1.88372084848	1.9836109697	1.76509636364	1.76234454545	1.48844878788	1.6823910303	2.28667593939	1.195434	1.35788715152	1.0144329697	1.87483836364	1.50993090909	1.67656466667	1.72104157576	1.74582606061	2.11764193939	2.07203684848	2.22395193939	1.05650418182	1.96427860606	1.90067515152	2.34431678788	1.53076581818	1.65109848485	1.68086042424	2.09003430303	2.18672327273	1.64291884848	0.754954242424	1.00724327273	1.50631927273	1.84943678788	1.48497212121	1.17938115152	2.61623060606	1.63494139394	1.89410921212	1.76820654545	1.59466690909
PBW47	1.53259424242	1.54598806061	1.84371339394	1.02094521212	1.44478175758	1.35627187879	1.26184781818	1.3732110303	1.60074460606	1.35337127273	1.62982151515	0.966094606061	1.74575133333	1.3558590303	0.0	1.30788884848	1.09824181818	0.817032121212	1.03481478788	0.783807151515	0.549480787879	1.039124	1.39914721212	1.15878145455	1.48295606061	0.990640666667	1.0705329697	1.62063921212	1.57186575758	1.25211260606	1.37683975758	1.15825012121	1.14076	1.03606818182	0.932662909091	1.0911310303	1.44709393939	1.01772509091	1.42107606061	1.30051545455	1.774838	1.05105357576	1.70367448485	1.06509418182	1.36523727273	0.878854484848	1.16584424242	1.43596278788	0.802777757576	1.19506006061	1.08734763636	0.753264	0.841058121212	1.10002933333	1.43806115152	2.06429581818	1.06341339394	1.37237745455	0.934714545455	0.856630424242
PBW49	1.44127581818	2.25361969697	2.58097727273	1.79745587879	1.19163872727	1.77593454545	1.95064224242	1.51048666667	1.6906689697	1.56789709091	1.70525921212	1.45504115152	2.46157860606	2.342212	1.30788884848	0.0	1.6430889697	0.904435636364	1.07978169697	0.913216848485	1.22204587879	1.19489818182	1.39500660606	1.551112	2.1170570303	1.69916648485	1.75846121212	1.32171315152	2.32045509091	1.99812678788	2.162492	1.35988721212	1.86650606061	1.80883193939	1.6626430303	1.57031042424	1.27907490909	0.846029212121	1.01268539394	2.09929266667	2.19002151515	1.20971030303	1.47234806061	1.83068642424	2.12439218182	1.29832951515	1.02246872727	1.15672812121	1.22376624242	2.05358381818	1.93450569697	1.46199842424	0.941338848485	1.8433809697	2.21183157576	1.64593242424	1.55119024242	1.87347842424	1.28919551515	1.44651757576
PBW50	1.14207642424	1.41495933333	1.65782563636	1.00345006061	1.19991448485	1.04767624242	1.04747121212	1.01840630303	1.30600218182	1.04693042424	1.11621739394	0.806503575758	1.43094090909	1.62411575758	1.09824181818	1.6430889697	0.0	1.10025612121	1.02627042424	1.106676	1.01881957576	0.896456848485	0.973454121212	0.819139030303	0.938720424242	0.85392430303	0.776267151515	1.25366006061	1.29058575758	1.02377430303	1.23641781818	0.945230969697	0.839527636364	0.844926727273	0.829089939394	0.724059151515	1.15505248485	1.33134145455	1.26426163636	1.29761109091	1.32731872727	1.12815333333	1.33565678788	0.940172484848	1.09593521212	0.843471333333	1.21239139394	1.26913442424	0.908868787879	1.36813909091	1.20613442424	0.859202424242	1.11233266667	0.793608242424	1.25233981818	1.704762	0.718402121212	0.880710545455	0.842195515152	0.713478060606
PBW51	1.09625521212	1.80557339394	2.12272830303	1.34036521212	1.03715654545	1.31914218182	1.49009084848	1.08151236364	1.26491357576	1.13132254545	1.25217060606	0.984082606061	1.94286115152	1.74273527273	0.817032121212	0.904435636364	1.10025612121	0.0	0.560365212121	0.577499272727	0.825966121212	0.774162666667	0.970936424242	1.04376484848	1.54536381818	1.21593812121	1.23332290909	1.19101945455	1.82116866667	1.52552606061	1.68493369697	0.877489393939	1.374592	1.32622381818	1.21087006061	1.08220375758	1.05105321212	0.702367272727	1.02017387879	1.60780563636	1.69682878788	0.828647878788	1.38772030303	1.34928933333	1.65176939394	0.795959333333	0.780827151515	1.00104121212	0.690636181818	1.45805181818	1.41885830303	0.980316242424	0.525283454545	1.31651357576	1.70191715152	1.63460793939	1.01237157576	1.40138727273	0.815669454545	0.955292121212
PBW52	1.09566151515	1.70214769697	2.04782709091	1.31599309091	1.04641739394	1.23854254545	1.38253775758	0.996423636364	1.22755236364	1.06998133333	1.16999533333	0.91721230303	1.86862478788	1.86371733333	1.03481478788	1.07978169697	1.02627042424	0.560365212121	0.0	0.684538060606	0.874029636364	0.719098545455	1.05388115152	1.003332	1.50859593939	1.22487545455	1.23730751515	1.222066	1.82059472727	1.51847430303	1.7198590303	0.846629515152	1.3440110303	1.31542078788	1.18110024242	1.02327248485	1.09778739394	0.758316606061	1.03639727273	1.66651848485	1.68215933333	0.817847515152	1.39029	1.29903454545	1.62228515152	0.765160909091	0.825019515152	0.935490060606	0.692935818182	1.5048029697	1.46899769697	1.00515612121	0.585238121212	1.31567466667	1.63523193939	1.59858030303	1.02433545455	1.35819878788	0.772909333333	0.895466909091
PBW53	1.21522224242	1.80466733333	2.11920769697	1.31351127273	1.19616272727	1.35070909091	1.49887024242	1.20103527273	1.38008375758	1.14209915152	1.35551157576	0.948634	1.98311993939	1.76714436364	0.783807151515	0.913216848485	1.106676	0.577499272727	0.684538060606	0.0	0.670426	0.679625454545	1.12731581818	1.08512678788	1.5924210303	1.1905490303	1.29197866667	1.31353654545	1.84754842424	1.48366690909	1.65292290909	0.914502242424	1.36523151515	1.29652115152	1.21564690909	1.06209284848	1.21546072727	0.679119757576	1.17334236364	1.59381484848	1.68684090909	0.873419515152	1.52405981818	1.32267248485	1.67046987879	0.796405757576	0.871291878788	1.20391818182	0.741926	1.5063250303	1.38851648485	0.992006909091	0.593569030303	1.3433030303	1.71296648485	1.7922930303	1.07392709091	1.37911175758	0.785693575758	0.930167393939
PBW54	1.47291781818	1.53654581818	1.83306921212	1.03256612121	1.4351990303	1.28521642424	1.21729781818	1.34179072727	1.55884636364	1.2990850303	1.5327969697	0.924352121212	1.71995951515	1.50079678788	0.549480787879	1.22204587879	1.01881957576	0.825966121212	0.874029636364	0.670426	0.0	0.905718484848	1.33356	1.09319824242	1.42856666667	0.976596	1.01637	1.54977781818	1.56186509091	1.19538660606	1.38507109091	1.08799915152	1.07630224242	1.05263963636	0.919299575758	1.01408187879	1.39490309091	0.911927575758	1.33845066667	1.30504254545	1.74103078788	1.04678248485	1.66150872727	1.06110466667	1.36812533333	0.798781090909	1.09936672727	1.40861072727	0.756254060606	1.25846157576	1.1449829697	0.734263333333	0.798643636364	1.05593812121	1.41201818182	1.97464884848	1.02909090909	1.29708381818	0.87713169697	0.781821030303
PBW55	1.01102430303	1.65825145455	1.99898733333	1.22543478788	0.987133636364	1.14992763636	1.26263521212	0.938812727273	1.1804209697	0.921039878788	1.08230212121	0.824032666667	1.86862963636	1.88372084848	1.039124	1.19489818182	0.896456848485	0.774162666667	0.719098545455	0.679625454545	0.905718484848	0.0	0.812401878788	0.930163515152	1.4315250303	1.10906090909	0.962991393939	1.03623957576	1.54388515152	1.20128169697	1.50965393939	0.783412545455	1.09549830303	0.94508830303	0.952597939394	0.778505333333	0.929991393939	0.864585939394	0.942528181818	1.6395269697	1.49971969697	0.870129454545	1.26743290909	1.11437454545	1.45940333333	0.739686121212	0.802443393939	1.09027975758	0.796133272727	1.62162769697	1.44085309091	0.999303515152	0.703448666667	1.10497563636	1.53352818182	1.62542151515	0.857375575758	1.11389139394	0.699900121212	0.883419515152
PBW56	0.736721090909	1.61119345455	1.9797529697	1.31578006061	0.820925090909	1.06990066667	1.17314763636	0.813037515152	1.03275957576	0.837502727273	0.849666545455	0.975302181818	1.8162310303	1.9836109697	1.39914721212	1.39500660606	0.973454121212	0.970936424242	1.05388115152	1.12731581818	1.33356	0.812401878788	0.0	0.99440369697	1.26444363636	1.20436290909	0.840227454545	0.808926181818	1.51748751515	1.19881436364	1.53498636364	0.980768242424	1.14263375758	1.00807078788	1.04425060606	0.891913636364	0.738701757576	1.05087460606	0.898792363636	1.64636751515	1.41953721212	1.01177933333	1.03659321212	1.21137024242	1.38332448485	1.00885018182	0.907333878788	0.955773030303	1.07547466667	1.71816072727	1.5233429697	1.21443884848	0.949662060606	1.03941884848	1.56026363636	1.36830072727	0.882527151515	1.00613242424	0.941095939394	1.11895412121
PBW58	0.977997151515	1.27548139394	1.69707739394	1.02582630303	0.994001151515	0.883456121212	1.02590345455	0.820520727273	1.11542581818	0.812667393939	1.07044054545	0.649673393939	1.52133642424	1.76509636364	1.15878145455	1.551112	0.819139030303	1.04376484848	1.003332	1.08512678788	1.09319824242	0.930163515152	0.99440369697	0.0	1.12739387879	0.989097878788	0.973507030303	1.23899666667	1.51926018182	1.18631745455	1.4343870303	0.783365030303	1.02796618182	1.02599048485	0.949735636364	0.863342787879	1.03044387879	1.10571575758	1.12394345455	1.44846406061	1.35583145455	0.874737454545	1.18063654545	0.900296363636	1.21399606061	0.713240424242	1.16383006061	1.21464	0.853630969697	1.47842187879	1.38990193939	0.913811878788	1.01217181818	1.00405006061	1.26597315152	1.57640127273	0.706553272727	0.974131393939	0.793674787879	0.754639878788
PBW59	1.32090509091	1.26552024242	1.64369309091	1.23221254545	1.47300339394	1.15849084848	1.08557515152	1.17891775758	1.42383375758	1.23452212121	1.23021878788	1.15812581818	1.34082581818	1.76234454545	1.48295606061	2.1170570303	0.938720424242	1.54536381818	1.50859593939	1.5924210303	1.42856666667	1.4315250303	1.26444363636	1.12739387879	0.0	0.886640969697	1.079406	1.54439975758	1.35385939394	1.16534018182	1.38106551515	1.40474933333	1.15058660606	1.1475710303	0.999426727273	1.16409230303	1.31851581818	1.73535884848	1.62722569697	1.28360460606	1.12474121212	1.49816430303	1.28062763636	1.11609739394	0.826148121212	1.24124448485	1.59157072727	1.61647448485	1.29068557576	1.49544242424	1.44769860606	1.21980648485	1.56262327273	0.972482969697	1.25278254545	1.66725612121	1.03839915152	0.968986	1.2023589697	1.05701278788
PBW60	1.370196	1.23420339394	1.56248751515	0.915912787879	1.38244751515	1.21505969697	1.13308593939	1.16899666667	1.49961278788	1.24953072727	1.42501442424	0.963147030303	1.42698812121	1.48844878788	0.990640666667	1.69916648485	0.85392430303	1.21593812121	1.22487545455	1.1905490303	0.976596	1.10906090909	1.20436290909	0.989097878788	0.886640969697	0.0	0.958795818182	1.4186969697	1.26282909091	1.01251157576	1.08521557576	1.0535809697	0.954662727273	0.908044727273	0.938549030303	0.940984424242	1.21645533333	1.33989193939	1.42463733333	0.903751878788	1.17046921212	1.17629812121	1.32652993939	0.86067630303	0.906807636364	0.889699393939	1.34727242424	1.47400381818	1.0132809697	1.22008169697	1.04934587879	0.826833272727	1.17024909091	1.00235133333	1.11917078788	1.82813806061	0.927381212121	1.07794284848	0.899288787879	0.778319818182
PEP16	1.17868793939	1.36276042424	1.67731909091	1.00701527273	1.18334987879	1.01911139394	0.909815939394	1.06010363636	1.31392824242	1.02906678788	1.14211387879	0.924492787879	1.47185133333	1.6823910303	1.0705329697	1.75846121212	0.776267151515	1.23332290909	1.23730751515	1.29197866667	1.01637	0.962991393939	0.840227454545	0.973507030303	1.079406	0.958795818182	0.0	1.15650709091	1.20837545455	0.891103878788	1.26365842424	1.063982	0.796414424242	0.716610969697	0.710728484848	0.760088363636	1.1155870303	1.42161830303	1.29568575758	1.38132357576	1.40326078788	1.20405563636	1.40591278788	0.948916848485	1.07294769697	0.961686	1.31173442424	1.31029078788	1.04601315152	1.40004660606	1.21225648485	0.903134060606	1.19413363636	0.777387515152	1.28150054545	1.76302175758	0.811348424242	0.893288727273	1.00702133333	0.869914909091
PEP18	0.889089939394	1.80206763636	2.31461830303	1.60100551515	0.85822630303	1.36979642424	1.40160121212	1.03652975758	1.25057957576	1.14132769697	1.1158630303	1.21690012121	2.02134581818	2.28667593939	1.62063921212	1.32171315152	1.25366006061	1.19101945455	1.222066	1.31353654545	1.54977781818	1.03623957576	0.808926181818	1.23899666667	1.54439975758	1.4186969697	1.15650709091	0.0	1.81697648485	1.47585606061	1.84525072727	1.06867345455	1.36164757576	1.21391454545	1.25487787879	1.06075860606	0.727137636364	1.21432915152	0.842673090909	1.95306533333	1.70422242424	1.25044515152	1.00164727273	1.43293981818	1.62521345455	1.20065248485	1.01612381818	0.97958769697	1.31449187879	1.99034484848	1.72954781818	1.44876006061	1.15867648485	1.37350793939	1.78058533333	1.24028690909	1.14767066667	1.18509254545	1.17253775758	1.31913957576
PEP21	1.70671224242	1.3424689697	1.09562581818	1.10047521212	1.83659721212	1.52192236364	1.33041381818	1.55309739394	1.78686793939	1.52796139394	1.59969987879	1.44165224242	0.865511878788	1.195434	1.57186575758	2.32045509091	1.29058575758	1.82116866667	1.82059472727	1.84754842424	1.56186509091	1.54388515152	1.51748751515	1.51926018182	1.35385939394	1.26282909091	1.20837545455	1.81697648485	0.0	0.856612060606	0.654690606061	1.60100872727	0.996922363636	1.20697975758	1.23194539394	1.23424575758	1.76385266667	1.98913751515	1.88592121212	1.04789006061	1.57112739394	1.72577969697	1.87757539394	1.23689824242	1.13221406061	1.5431969697	1.86776466667	1.90364272727	1.60008327273	0.936957939394	0.955335333333	1.39350090909	1.7978489697	1.1264930303	0.819442666667	2.24906036364	1.38817987879	1.38128272727	1.56784769697	1.42642054545
PEP23	1.36882890909	1.16357812121	1.35306139394	0.740437454545	1.46050175758	1.27219963636	1.07992648485	1.26365309091	1.55598945455	1.21542933333	1.40318769697	1.13731521212	1.17371424242	1.35788715152	1.25211260606	1.99812678788	1.02377430303	1.52552606061	1.51847430303	1.48366690909	1.19538660606	1.20128169697	1.19881436364	1.18631745455	1.16534018182	1.01251157576	0.891103878788	1.47585606061	0.856612060606	0.0	0.845720969697	1.29139472727	0.690457333333	0.845729757576	0.903877090909	0.943340969697	1.37704909091	1.63453187879	1.5275410303	1.0099730303	1.46373254545	1.39914424242	1.57981193939	0.873962666667	0.969317515152	1.15955072727	1.53267806061	1.60380460606	1.2993130303	1.08367654545	0.886801212121	1.08317672727	1.45091036364	0.81311430303	0.859342242424	2.01149824242	1.03501290909	1.03819951515	1.22867927273	1.08106193939
PEP24	1.70332854545	1.40314951515	1.04549375758	0.931212242424	1.81130393939	1.57918290909	1.39314175758	1.57003381818	1.87823478788	1.55427733333	1.673518	1.37461230303	0.96701	1.0144329697	1.37683975758	2.162492	1.23641781818	1.68493369697	1.7198590303	1.65292290909	1.38507109091	1.50965393939	1.53498636364	1.4343870303	1.38106551515	1.08521557576	1.26365842424	1.84525072727	0.654690606061	0.845720969697	0.0	1.50125193939	1.02342969697	1.212974	1.23519733333	1.23893927273	1.74752581818	1.79221357576	1.859722	0.866693272727	1.56403339394	1.59123115152	1.89782369697	1.11133357576	1.15747848485	1.36351424242	1.82456690909	1.91857030303	1.47179775758	0.811904666667	0.835601939394	1.24034933333	1.62535727273	1.12548084848	0.767170121212	2.32904721212	1.28977787879	1.38325806061	1.42955636364	1.28006169697
PEP26	1.03085490909	1.38390690909	1.89908848485	1.17398406061	1.0043310303	1.08625630303	1.2178969697	0.896088909091	1.11319557576	0.940710121212	1.07571284848	0.855863757576	1.66027127273	1.87483836364	1.15825012121	1.35988721212	0.945230969697	0.877489393939	0.846629515152	0.914502242424	1.08799915152	0.783412545455	0.980768242424	0.783365030303	1.40474933333	1.0535809697	1.063982	1.06867345455	1.60100872727	1.29139472727	1.50125193939	0.0	1.04616115152	1.10676012121	1.04781436364	0.814346969697	0.997875939394	0.982311939394	1.0197030303	1.52922557576	1.49818084848	0.841552787879	1.24046630303	1.05991387879	1.44936109091	0.771110424242	0.948986606061	1.09323157576	0.886647636364	1.56694133333	1.43232842424	0.943987575758	0.783703151515	1.15789048485	1.48801260606	1.48319890909	0.880060121212	1.05114212121	0.69442830303	0.830105393939
PEP27	1.28313121212	1.14306781818	1.45391230303	0.782078060606	1.36710684848	1.14871006061	1.00308975758	1.13802993939	1.37140521212	1.11082121212	1.27400345455	1.00722842424	1.31968987879	1.50993090909	1.14076	1.86650606061	0.839527636364	1.374592	1.3440110303	1.36523151515	1.07630224242	1.09549830303	1.14263375758	1.02796618182	1.15058660606	0.954662727273	0.796414424242	1.36164757576	0.996922363636	0.690457333333	1.02342969697	1.04616115152	0.0	0.777649636364	0.823882666667	0.822733090909	1.29503951515	1.50037139394	1.37991193939	1.13995472727	1.46449169697	1.24242812121	1.497018	0.776184363636	0.950561030303	1.03559569697	1.37428557576	1.45913672727	1.13631036364	1.2054810303	1.02771721212	0.9188	1.31328818182	0.735652727273	1.02381327273	1.84158745455	0.883788181818	0.999846060606	1.08887430303	0.907162666667
PEP28	1.14876327273	1.28978024242	1.70443066667	0.948775090909	1.20286133333	1.09403484848	0.913659878788	1.07386733333	1.36497230303	0.988976666667	1.20717575758	0.862565939394	1.52210121212	1.67656466667	1.03606818182	1.80883193939	0.844926727273	1.32622381818	1.31542078788	1.29652115152	1.05263963636	0.94508830303	1.00807078788	1.02599048485	1.1475710303	0.908044727273	0.716610969697	1.21391454545	1.20697975758	0.845729757576	1.212974	1.10676012121	0.777649636364	0.0	0.732593757576	0.730130121212	1.13544551515	1.4344970303	1.33132569697	1.37347066667	1.44622315152	1.15297412121	1.359604	0.856739939394	1.06418509091	0.982203151515	1.28218381818	1.35914709091	1.0368129697	1.37244230303	1.1445850303	0.917489636364	1.23313345455	0.850356181818	1.20730412121	1.83916678788	0.751582545455	0.973340545455	1.00052236364	0.906292666667
PEP29	1.12852842424	1.31140478788	1.69479969697	0.938865090909	1.16554842424	1.06034909091	0.850788424242	1.01690375758	1.28905854545	1.00018775758	1.1313010303	0.806366969697	1.43354284848	1.72104157576	0.932662909091	1.6626430303	0.829089939394	1.21087006061	1.18110024242	1.21564690909	0.919299575758	0.952597939394	1.04425060606	0.949735636364	0.999426727273	0.938549030303	0.710728484848	1.25487787879	1.23194539394	0.903877090909	1.23519733333	1.04781436364	0.823882666667	0.732593757576	0.0	0.747620484848	1.13373151515	1.28656884848	1.19577860606	1.34073412121	1.45203460606	1.10647127273	1.30789727273	0.907010787879	0.974885393939	0.880134848485	1.24125321212	1.31227733333	0.970991939394	1.36261654545	1.19430254545	0.824549454545	1.14000672727	0.755390181818	1.25246987879	1.75126018182	0.839596545455	0.943965939394	0.937787515152	0.776359272727
PEP30	0.998450727273	1.41181593939	1.75597121212	1.03418642424	1.05742575758	0.973946060606	0.987578242424	0.892505818182	1.20541636364	0.87925830303	1.04997363636	0.715837878788	1.53844090909	1.74582606061	1.0911310303	1.57031042424	0.724059151515	1.08220375758	1.02327248485	1.06209284848	1.01408187879	0.778505333333	0.891913636364	0.863342787879	1.16409230303	0.940984424242	0.760088363636	1.06075860606	1.23424575758	0.943340969697	1.23893927273	0.814346969697	0.822733090909	0.730130121212	0.747620484848	0.0	1.00308339394	1.18229357576	1.06418430303	1.40820248485	1.36880563636	0.957692121212	1.20607618182	0.935573212121	1.18038454545	0.773223454545	1.0721990303	1.14391212121	0.897330969697	1.42351715152	1.27299842424	0.893508484848	1.02543872727	0.888104	1.3025509697	1.64441581818	0.704038969697	0.868463393939	0.809632121212	0.755239636364
PIS1	0.710510121212	1.59335642424	2.0509989697	1.35150193939	0.681719575758	1.11567381818	1.24168806061	0.758637090909	1.06980048485	0.900380242424	0.944234969697	1.06359824242	1.86780345455	2.11764193939	1.44709393939	1.27907490909	1.15505248485	1.05105321212	1.09778739394	1.21546072727	1.39490309091	0.929991393939	0.738701757576	1.03044387879	1.31851581818	1.21645533333	1.1155870303	0.727137636364	1.76385266667	1.37704909091	1.74752581818	0.997875939394	1.29503951515	1.13544551515	1.13373151515	1.00308339394	0.0	1.05408206061	0.756142121212	1.62124975758	1.39992006061	1.04505260606	0.73473969697	1.2205529697	1.30928151515	0.966324545455	0.866581333333	0.858721454545	1.16458709091	1.82638575758	1.67556751515	1.22907442424	1.04025509091	1.20481648485	1.60107606061	1.17944624242	1.01228139394	1.1537950303	0.898988	1.08087042424
PIS2	1.05926418182	1.85376248485	2.16491654545	1.32345939394	0.982433030303	1.35998242424	1.52581993939	1.11155963636	1.29531490909	1.10461915152	1.26551569697	1.03436527273	2.08907569697	2.07203684848	1.01772509091	0.846029212121	1.33134145455	0.702367272727	0.758316606061	0.679119757576	0.911927575758	0.864585939394	1.05087460606	1.10571575758	1.73535884848	1.33989193939	1.42161830303	1.21432915152	1.98913751515	1.63453187879	1.79221357576	0.982311939394	1.50037139394	1.4344970303	1.28656884848	1.18229357576	1.05408206061	0.0	0.92901969697	1.76151169697	1.82979787879	0.833636	1.38405193939	1.31233175758	1.72360406061	0.861663454545	0.780903151515	1.02330169697	0.837639575758	1.75152163636	1.60887309091	1.12570642424	0.652534969697	1.48026121212	1.77638187879	1.67615521212	1.22954636364	1.51768909091	0.927730060606	1.05994290909
PIS4	0.871119878788	1.78656363636	2.20747951515	1.4551469697	0.663190424242	1.26095278788	1.41625963636	0.954781636364	1.17347836364	1.04571327273	1.07907127273	1.00764375758	2.031156	2.22395193939	1.42107606061	1.01268539394	1.26426163636	1.02017387879	1.03639727273	1.17334236364	1.33845066667	0.942528181818	0.898792363636	1.12394345455	1.62722569697	1.42463733333	1.29568575758	0.842673090909	1.88592121212	1.5275410303	1.859722	1.0197030303	1.37991193939	1.33132569697	1.19577860606	1.06418430303	0.756142121212	0.92901969697	0.0	1.83975854545	1.74794169697	1.00306139394	0.964561818182	1.34956151515	1.63816351515	0.945131272727	0.798619939394	0.865006727273	1.13476618182	1.90858812121	1.76426054545	1.24948987879	1.01691806061	1.37903787879	1.81765757576	1.27761987879	1.15567624242	1.38331242424	0.974218242424	1.14368575758
PIS5	1.74975321212	1.30915309091	1.13128036364	0.922351090909	1.84056545455	1.5725189697	1.48059733333	1.51525593939	1.84402163636	1.60996781818	1.73984824242	1.43553842424	1.08184484848	1.05650418182	1.30051545455	2.09929266667	1.29761109091	1.60780563636	1.66651848485	1.59381484848	1.30504254545	1.6395269697	1.64636751515	1.44846406061	1.28360460606	0.903751878788	1.38132357576	1.95306533333	1.04789006061	1.0099730303	0.866693272727	1.52922557576	1.13995472727	1.37347066667	1.34073412121	1.40820248485	1.62124975758	1.76151169697	1.83975854545	0.0	1.31353636364	1.55610030303	1.61388533333	1.11316042424	0.949371636364	1.33008193939	1.75050430303	1.89731363636	1.41315030303	0.903181575758	0.863330121212	1.17482915152	1.57311006061	1.20147606061	0.847264121212	2.16760981818	1.38311745455	1.47056442424	1.31987315152	1.22613787879
PIS7	1.50924787879	1.54135927273	1.66653357576	1.55672260606	1.60747830303	1.38059315152	1.41852533333	1.32723133333	1.52492648485	1.3622629697	1.44002266667	1.42057612121	1.60038024242	1.96427860606	1.774838	2.19002151515	1.32731872727	1.69682878788	1.68215933333	1.68684090909	1.74103078788	1.49971969697	1.41953721212	1.35583145455	1.12474121212	1.17046921212	1.40326078788	1.70422242424	1.57112739394	1.46373254545	1.56403339394	1.49818084848	1.46449169697	1.44622315152	1.45203460606	1.36880563636	1.39992006061	1.82979787879	1.74794169697	1.31353636364	0.0	1.6010690303	1.33719587879	1.42492709091	1.21287175758	1.38402933333	1.67947072727	1.79493969697	1.55764715152	1.82651078788	1.75256951515	1.52356478788	1.65170981818	1.37206672727	1.44702836364	1.83555442424	1.29626145455	1.25453109091	1.32758745455	1.35681630303
PIS9	0.971733151515	1.53147642424	1.905586	1.18034012121	0.901437030303	1.04528690909	1.20615545455	0.904017575758	1.08947418182	0.800405212121	1.11375581818	0.811027939394	1.85151157576	1.90067515152	1.05105357576	1.20971030303	1.12815333333	0.828647878788	0.817847515152	0.873419515152	1.04678248485	0.870129454545	1.01177933333	0.874737454545	1.49816430303	1.17629812121	1.20405563636	1.25044515152	1.72577969697	1.39914424242	1.59123115152	0.841552787879	1.24242812121	1.15297412121	1.10647127273	0.957692121212	1.04505260606	0.833636	1.00306139394	1.55610030303	1.6010690303	0.0	1.16343690909	1.07112642424	1.39973727273	0.728289393939	0.852334424242	0.977936	0.772561272727	1.59279860606	1.42616569697	0.879237575758	0.781491575758	1.27205187879	1.47591363636	1.6188189697	0.958339333333	1.28379733333	0.776125212121	0.908635393939
PIS10	0.864493090909	1.60686072727	2.07234133333	1.50432539394	0.925325090909	1.14914527273	1.23916375758	0.844204181818	1.06902478788	1.00526381818	0.962676	1.21890060606	1.93941187879	2.34431678788	1.70367448485	1.47234806061	1.33565678788	1.38772030303	1.39029	1.52405981818	1.66150872727	1.26743290909	1.03659321212	1.18063654545	1.28062763636	1.32652993939	1.40591278788	1.00164727273	1.87757539394	1.57981193939	1.89782369697	1.24046630303	1.497018	1.359604	1.30789727273	1.20607618182	0.73473969697	1.38405193939	0.964561818182	1.61388533333	1.33719587879	1.16343690909	0.0	1.36922636364	1.2789329697	1.20308872727	1.12422478788	1.17846842424	1.3800129697	2.06942836364	1.92392927273	1.45807969697	1.36998812121	1.40439787879	1.68852824242	1.10938630303	1.26218642424	1.23968575758	1.12911133333	1.26776842424
PIS11	1.09819193939	0.958821878788	1.38908369697	0.703505212121	1.21260006061	0.953919272727	0.820899939394	0.998065575758	1.20636739394	0.977185575758	1.25102515152	0.887930969697	1.38344260606	1.53076581818	1.06509418182	1.83068642424	0.940172484848	1.34928933333	1.29903454545	1.32267248485	1.06110466667	1.11437454545	1.21137024242	0.900296363636	1.11609739394	0.86067630303	0.948916848485	1.43293981818	1.23689824242	0.873962666667	1.11133357576	1.05991387879	0.776184363636	0.856739939394	0.907010787879	0.935573212121	1.2205529697	1.31233175758	1.34956151515	1.11316042424	1.42492709091	1.07112642424	1.36922636364	0.0	0.911161272727	0.891938363636	1.34503866667	1.46829272727	1.07466527273	1.24858927273	1.10445393939	0.900651272727	1.27778333333	0.842107272727	0.947463090909	1.8155229697	0.874162848485	1.04893309091	1.00169381818	0.843892848485
PIS14	1.39605745455	1.0703169697	1.3882110303	0.937483212121	1.52114206061	1.17839012121	1.07372242424	1.14202139394	1.44050515152	1.18400527273	1.30234775758	1.224188	1.21130048485	1.65109848485	1.36523727273	2.12439218182	1.09593521212	1.65176939394	1.62228515152	1.67046987879	1.36812533333	1.45940333333	1.38332448485	1.21399606061	0.826148121212	0.906807636364	1.07294769697	1.62521345455	1.13221406061	0.969317515152	1.15747848485	1.44936109091	0.950561030303	1.06418509091	0.974885393939	1.18038454545	1.30928151515	1.72360406061	1.63816351515	0.949371636364	1.21287175758	1.39973727273	1.2789329697	0.911161272727	0.0	1.18574060606	1.59958430303	1.64000066667	1.36759769697	1.35157915152	1.24231763636	1.13076054545	1.58560533333	0.927785878788	1.01763866667	1.89091709091	1.17169418182	1.08505933333	1.26334563636	1.12825072727
PIS15	1.01967321212	1.44379769697	1.72085890909	0.974694848485	0.988559393939	0.922461757576	1.08958678788	0.874967939394	1.18144975758	0.912487939394	1.11587975758	0.625912363636	1.64372327273	1.68086042424	0.878854484848	1.29832951515	0.843471333333	0.795959333333	0.765160909091	0.796405757576	0.798781090909	0.739686121212	1.00885018182	0.713240424242	1.24124448485	0.889699393939	0.961686	1.20065248485	1.5431969697	1.15955072727	1.36351424242	0.771110424242	1.03559569697	0.982203151515	0.880134848485	0.773223454545	0.966324545455	0.861663454545	0.945131272727	1.33008193939	1.38402933333	0.728289393939	1.20308872727	0.891938363636	1.18574060606	0.0	0.889605515152	1.08189375758	0.569639151515	1.37781854545	1.25455581818	0.692973393939	0.759086787879	1.021238	1.27967139394	1.60278860606	0.718556969697	1.05347145455	0.567599939394	0.603112909091
PLL76	0.917691575758	1.76456284848	2.18490660606	1.50006606061	0.869301757576	1.28006678788	1.46168781818	1.01884060606	1.20700072727	1.13207963636	1.15915606061	1.00081424242	2.07129606061	2.09003430303	1.16584424242	1.02246872727	1.21239139394	0.780827151515	0.825019515152	0.871291878788	1.09936672727	0.802443393939	0.907333878788	1.16383006061	1.59157072727	1.34727242424	1.31173442424	1.01612381818	1.86776466667	1.53267806061	1.82456690909	0.948986606061	1.37428557576	1.28218381818	1.24125321212	1.0721990303	0.866581333333	0.780903151515	0.798619939394	1.75050430303	1.67947072727	0.852334424242	1.12422478788	1.34503866667	1.59958430303	0.889605515152	0.0	0.782083151515	0.874138	1.7683250303	1.68292339394	1.09876193939	0.760502969697	1.33581478788	1.74454078788	1.4058210303	1.07988393939	1.339344	0.834748848485	1.05192109091
