	PAM31	PAM32	PAM33	PAM35	PAM36	PAM37	PAM39	PAM40	PAM41	PAM42	PAM43	PAM44	PAM45	PBW46	PBW47	PBW49	PBW50	PBW51	PBW52	PBW53	PBW54	PBW55	PBW56	PBW58	PBW59	PBW60	PEP16	PEP18	PEP21	PEP23	PEP24	PEP26	PEP27	PEP28	PEP29	PEP30	PIS1	PIS2	PIS4	PIS5	PIS7	PIS9	PIS10	PIS11	PIS14	PIS15	PLL76	PLL77	PLL79	PLL80	PLL83	PLL88	PLL89	PLL90	PPO64	PPO66	PPO67	PPO69	PPO72	PPO75
PAM31	0.0	1.08034581818	1.68357442424	1.33225636364	0.623022606061	0.722483454545	0.808951575758	0.986343454545	0.959586606061	0.611257818182	0.825550606061	0.823608909091	1.82647242424	2.38895709091	1.39730660606	1.74656127273	0.858571272727	1.13749860606	1.18137139394	1.16597139394	1.3050189697	1.01537593939	0.941156	0.862156545455	1.50806854545	1.38344066667	0.950319515152	1.00814133333	1.80575030303	1.1140150303	1.66538539394	1.05575551515	1.26210751515	0.814992424242	1.19400569697	0.856874666667	0.762839939394	1.29764587879	1.12845975758	1.71099109091	1.37627066667	1.06094818182	1.01281193939	1.08699351515	1.23885387879	1.00918733333	1.01967024242	0.994166727273	1.11057024242	1.65800642424	1.82876121212	1.07174733333	1.11326181818	0.973615636364	1.57852648485	1.27275951515	1.24575569697	1.21572315152	1.2758150303	0.979596909091
PAM32	1.08034581818	0.0	1.47282133333	1.28938618182	1.01448430303	0.864804424242	0.799344666667	1.08205327273	0.582646	0.886997939394	1.10810284848	1.07382551515	1.66511375758	2.36399793939	1.37967860606	1.99816272727	1.24165018182	1.47004515152	1.31933781818	1.42510860606	1.36929557576	1.29873387879	1.18571224242	1.00166927273	1.45927387879	1.28865484848	1.19466363636	1.49348642424	1.86677321212	1.23158327273	1.69677824242	0.983032848485	1.30347163636	1.16713460606	1.23790412121	1.19734387879	1.16977012121	1.613794	1.50560181818	1.53704878788	1.34622109091	1.21248187879	1.24798490909	1.03795642424	1.13363618182	1.22886018182	1.19170393939	1.19363727273	1.32771921212	1.59151418182	1.76697284848	1.14637884848	1.18597818182	1.15228387879	1.46899012121	1.48567866667	1.29601048485	1.23919769697	1.27203321212	1.09684963636
PAM33	1.68357442424	1.47282133333	0.0	0.821116363636	1.55531678788	1.61233533333	1.43527739394	1.20609957576	1.46290709091	1.49625551515	1.57118078788	1.7170989697	0.886092545455	1.44115042424	1.79143678788	2.60807690909	1.71639866667	1.99839787879	1.88457939394	1.98723721212	1.8581349697	1.77402733333	1.68930521212	1.51105618182	1.24810684848	1.30722951515	1.61784848485	2.16017672727	0.960992848485	1.41654945455	0.89203169697	1.76533115152	1.34081842424	1.77070709091	1.38729684848	1.71762763636	1.74251024242	2.19773072727	2.13576909091	1.16219678788	1.69814642424	1.73922939394	1.95466866667	1.11578745455	1.34166939394	1.75481012121	1.79646272727	1.76374684848	1.87652757576	1.18936678788	1.02268145455	1.71594127273	1.82071515152	1.57922533333	0.673884181818	2.30689345455	1.52123739394	1.46109781818	1.4545750303	1.57141181818
PAM35	1.33225636364	1.28938618182	0.821116363636	0.0	1.14748769697	1.40199218182	1.26596163636	0.805632909091	1.2502930303	1.16133745455	1.287706	1.3511549697	1.05805630303	1.56504181818	1.36266987879	2.19181230303	1.34051236364	1.62824187879	1.51567442424	1.57017927273	1.43592939394	1.35045715152	1.34349684848	1.18288042424	1.04329581818	1.02105763636	1.22271563636	1.78351806061	1.11490460606	0.996242787879	0.790750606061	1.35332654545	0.975096484848	1.36720127273	0.962509333333	1.31609163636	1.36719678788	1.76752963636	1.76359078788	0.920887090909	1.52079236364	1.37175375758	1.60778163636	0.760702727273	1.00650612121	1.33318721212	1.3875250303	1.42147812121	1.46490563636	0.825504	0.980806060606	1.331894	1.43366545455	1.17098375758	0.794002363636	2.04264206061	1.11109678788	1.05089878788	1.03684375758	1.18861909091
PAM36	0.623022606061	1.01448430303	1.55531678788	1.14748769697	0.0	0.699672242424	0.734080242424	0.927022181818	0.832195030303	0.513104060606	0.768500969697	0.706228606061	1.83489272727	2.3542930303	1.21023345455	1.56009066667	0.714599575758	0.989533575758	0.956954727273	1.01881181818	1.14305090909	0.835509939394	0.834728666667	0.752227393939	1.52123006061	1.27376351515	0.92455569697	0.957017030303	1.80612563636	1.04680587879	1.60018884848	0.874205757576	1.13735666667	0.690931515152	1.03010333333	0.720288787879	0.739631272727	1.15284206061	0.980426363636	1.59841139394	1.33371387879	0.891391272727	0.990683272727	1.00552327273	1.23720836364	0.813092242424	0.834890424242	0.839205454545	0.897919030303	1.46823412121	1.65687193939	0.940017454545	0.882653030303	0.845123575758	1.55079818182	1.34087969697	1.0982110303	1.23776842424	1.06606466667	0.904546181818
PAM37	0.722483454545	0.864804424242	1.61233533333	1.40199218182	0.699672242424	0.0	0.675084	1.19274848485	0.798877818182	0.709305878788	0.983465333333	0.945501575758	2.03607127273	2.53135412121	1.41146036364	1.58780109091	1.00159351515	1.16461454545	1.20724139394	1.24400030303	1.3519489697	1.11655151515	1.08542624242	0.953626666667	1.69534933333	1.49063406061	1.16909557576	1.05763884848	2.02628660606	1.29856939394	1.83276278788	1.08980915152	1.37995763636	0.949367878788	1.32874636364	1.00811290909	0.793999878788	1.17300157576	1.01893969697	1.76199806061	1.47916272727	1.08497927273	0.983216	1.13309260606	1.39566618182	1.03546290909	1.01985769697	0.996821090909	1.09994363636	1.73364430303	1.89365157576	1.17029818182	1.12268709091	1.15386878788	1.68490787879	1.23031351515	1.36815357576	1.43212769697	1.33811424242	1.18521624242
PAM39	0.808951575758	0.799344666667	1.43527739394	1.26596163636	0.734080242424	0.675084	0.0	1.0092369697	0.600396	0.646591212121	0.661830545455	0.996729212121	1.81356278788	2.39935121212	1.41436145455	1.91840678788	1.00614066667	1.32901818182	1.18090721212	1.30498830303	1.33064860606	1.036732	0.891998727273	0.899127151515	1.49069684848	1.38962751515	1.01030393939	1.25382660606	1.84083363636	1.16823751515	1.61637793939	1.07156187879	1.24250272727	0.918959757576	1.19833921212	0.968672181818	0.968196969697	1.48506848485	1.28167872727	1.69918678788	1.37821315152	1.13888024242	1.13686715152	1.02285478788	1.25968751515	1.07781175758	1.11420630303	1.08426339394	1.19817042424	1.65320915152	1.81840224242	1.12743878788	1.16538709091	0.997645878788	1.54773539394	1.36963787879	1.27008436364	1.23458248485	1.242214	1.07659466667
PAM40	0.986343454545	1.08205327273	1.20609957576	0.805632909091	0.927022181818	1.19274848485	1.0092369697	0.0	1.01322242424	0.84443	0.942652606061	1.07741478788	1.36308690909	1.89482927273	1.12162618182	1.93886993939	1.04127448485	1.37740860606	1.25532709091	1.30644527273	1.14599527273	1.06966545455	1.06124951515	0.899291393939	1.08693030303	0.924636242424	0.933049030303	1.4718829697	1.3838669697	0.746956181818	1.17314060606	1.09057290909	0.814162242424	1.05637139394	0.784611333333	1.02601145455	1.05914242424	1.4935529697	1.48263606061	1.21043418182	1.4286250303	1.12391793939	1.30298727273	0.696081454545	0.870922787879	1.10946569697	1.15526012121	1.15777393939	1.173572	1.10937484848	1.3439370303	1.04507224242	1.20782721212	0.84713230303	1.13772606061	1.71907509091	0.864531393939	0.929861636364	0.822441878788	0.946693212121
PAM41	0.959586606061	0.582646	1.46290709091	1.2502930303	0.832195030303	0.798877818182	0.600396	1.01322242424	0.0	0.770840666667	0.837662545455	1.025172	1.71086581818	2.37174709091	1.39702206061	1.94856630303	1.09754236364	1.3833350303	1.27871157576	1.35064345455	1.34487575758	1.19020193939	1.03476466667	0.974312606061	1.42287260606	1.27249284848	1.11889715152	1.31776430303	1.87577739394	1.20627193939	1.65006848485	1.05885387879	1.25958127273	1.06528363636	1.25053933333	1.10814090909	1.03750884848	1.54272545455	1.37315484848	1.55282230303	1.2524709697	1.17879563636	1.12982727273	1.04083139394	1.13798072727	1.14766024242	1.12447078788	1.13465793939	1.26691648485	1.63151109091	1.81668987879	1.04358593939	1.19305581818	1.08374090909	1.51863430303	1.35579278788	1.26351066667	1.16074127273	1.26706818182	1.0142350303
PAM42	0.611257818182	0.886997939394	1.49625551515	1.16133745455	0.513104060606	0.709305878788	0.646591212121	0.84443	0.770840666667	0.0	0.724784545455	0.733518727273	1.74668333333	2.28322666667	1.16324127273	1.66526309091	0.812597575758	1.11075872727	1.01349248485	1.08240230303	1.12650006061	0.844838363636	0.838474787879	0.701574969697	1.40096272727	1.24899860606	0.89424630303	1.05809090909	1.74675866667	1.05087636364	1.58322260606	0.862201818182	1.10753830303	0.699591090909	1.01697187879	0.766032121212	0.691347454545	1.25070660606	1.10110545455	1.50785157576	1.30103381818	0.921190848485	0.959640909091	0.889455454545	1.13053060606	0.825874242424	0.856446484848	0.860046484848	0.911678848485	1.45164545455	1.62245381818	0.863237151515	0.906839393939	0.82034569697	1.46828054545	1.38465236364	1.035978	1.18741757576	1.02682884848	0.892030484848
PAM43	0.825550606061	1.10810284848	1.57118078788	1.287706	0.768500969697	0.983465333333	0.661830545455	0.942652606061	0.837662545455	0.724784545455	0.0	1.00459369697	1.70360230303	2.3613269697	1.40815963636	1.92611345455	0.958261636364	1.29237139394	1.15962418182	1.28619181818	1.32328933333	1.07297175758	0.810879818182	0.996320969697	1.38236715152	1.32394181818	0.933980787879	1.19802757576	1.74604309091	1.12265945455	1.56026472727	1.06513024242	1.22415424242	0.876642060606	1.14623618182	0.957181515152	0.850007393939	1.49708	1.30648030303	1.61515284848	1.25729084848	1.17023272727	1.13049272727	1.15151078788	1.15619357576	1.05172424242	1.0494289697	1.03725309091	1.16447793939	1.60666442424	1.77538309091	1.10017527273	1.11910830303	0.920840060606	1.60154836364	1.386326	1.25481866667	1.10087206061	1.21292054545	1.05063539394
PAM44	0.823608909091	1.07382551515	1.7170989697	1.3511549697	0.706228606061	0.945501575758	0.996729212121	1.07741478788	1.025172	0.733518727273	1.00459369697	0.0	1.75187648485	2.23046854545	0.993283636364	1.45693430303	0.749737030303	0.854960727273	0.878878484848	0.857065636364	0.959515030303	0.792590666667	0.960700545455	0.602749575758	1.49477745455	1.22987951515	1.04093436364	1.10527218182	1.76121206061	1.14837787879	1.631812	0.749033515152	1.16392175758	0.80766	1.01321230303	0.702164787879	0.861529939394	1.07443309091	1.02183472727	1.60034751515	1.35485484848	0.733459636364	1.02892921212	1.06566242424	1.24858048485	0.695718909091	0.701655393939	0.799566909091	0.777900363636	1.44513060606	1.66474830303	0.815055151515	0.711824909091	0.886910484848	1.58269248485	1.36414187879	1.04405563636	1.30736806061	0.986495333333	0.827955757576
PAM45	1.82647242424	1.66511375758	0.886092545455	1.05805630303	1.83489272727	2.03607127273	1.81356278788	1.36308690909	1.71086581818	1.74668333333	1.70360230303	1.75187648485	0.0	1.35626660606	1.81011854545	2.70943660606	1.81096575758	1.9725529697	1.92686090909	2.02346066667	1.90392654545	1.86937939394	1.79934854545	1.70474278788	1.28774024242	1.34637430303	1.67947375758	2.14075690909	1.04030830303	1.51858563636	0.922915030303	1.673426	1.4322949697	1.87735490909	1.48124624242	1.81633351515	1.84851963636	2.31537018182	2.29471036364	1.10041006061	1.68543812121	1.94183757576	2.06441163636	1.38863527273	1.37977587879	1.86501587879	1.89462812121	1.86747575758	1.95536254545	1.20503775758	1.01653836364	1.74593345455	1.80632151515	1.67487969697	0.920597090909	2.27486890909	1.57526121212	1.44757	1.47429351515	1.61599454545
PBW46	2.38895709091	2.36399793939	1.44115042424	1.56504181818	2.3542930303	2.53135412121	2.39935121212	1.89482927273	2.37174709091	2.28322666667	2.3613269697	2.23046854545	1.35626660606	0.0	1.87622915152	2.95430224242	2.20442521212	2.17500927273	2.22256472727	2.16780533333	2.04415690909	2.18521933333	2.19278278788	2.14888660606	1.77815848485	1.76097448485	2.05721006061	2.61691939394	1.11800351515	1.91744545455	1.26162745455	2.21345539394	1.79686363636	2.21744660606	1.90373866667	2.21313515152	2.30750248485	2.69788636364	2.73136654545	1.37931266667	2.17412654545	2.25099278788	2.55372163636	1.85812090909	1.92993957576	2.24666830303	2.21686236364	2.24052721212	2.21802090909	1.30883127273	1.19111381818	2.09222018182	2.20066666667	1.96940581818	1.2813789697	2.83595587879	1.83441460606	1.87783127273	1.79462872727	2.09059436364
PBW47	1.39730660606	1.37967860606	1.79143678788	1.36266987879	1.21023345455	1.41146036364	1.41436145455	1.12162618182	1.39702206061	1.16324127273	1.40815963636	0.993283636364	1.81011854545	1.87622915152	0.0	1.41972060606	1.10419121212	0.741755878788	0.861044666667	0.760945757576	0.548340727273	0.881495636364	1.19848721212	0.940666424242	1.53429151515	1.19855406061	1.09162187879	1.51701969697	1.85330418182	1.16025715152	1.47694266667	1.00009460606	1.09674163636	1.15630921212	1.05092115152	1.05363921212	1.22232969697	1.19913539394	1.38469472727	1.32866412121	1.66152551515	0.924475030303	1.52090266667	1.17093527273	1.24592109091	0.820468606061	0.899051030303	1.05124993939	0.81570630303	1.15948733333	1.31950563636	0.895513090909	0.772560424242	1.01396090909	1.675496	1.94118418182	0.993339636364	1.40751993939	0.797885393939	1.02275575758
PBW49	1.74656127273	1.99816272727	2.60807690909	2.19181230303	1.56009066667	1.58780109091	1.91840678788	1.93886993939	1.94856630303	1.66526309091	1.92611345455	1.45693430303	2.70943660606	2.95430224242	1.41972060606	0.0	1.50580915152	1.14430884848	1.29957509091	1.13183969697	1.30832448485	1.33733951515	1.80980927273	1.59363466667	2.39262339394	2.02057309091	1.89721290909	1.47787157576	2.66442624242	1.98641436364	2.35664036364	1.50811024242	1.92232527273	1.62794739394	1.83386018182	1.49223945455	1.53649321212	0.778546424242	1.03891424242	2.29727587879	2.21455775758	1.37841818182	1.52026775758	2.01665309091	2.09970012121	1.28669915152	1.28850678788	1.42603975758	1.21175163636	2.10774066667	2.31454878788	1.54185660606	1.19743484848	1.71965121212	2.48830290909	1.673086	1.80753078788	2.21314733333	1.6147629697	1.71854375758
PBW50	0.858571272727	1.24165018182	1.71639866667	1.34051236364	0.714599575758	1.00159351515	1.00614066667	1.04127448485	1.09754236364	0.812597575758	0.958261636364	0.749737030303	1.81096575758	2.20442521212	1.10419121212	1.50580915152	0.0	0.826436666667	0.82033769697	0.753808606061	0.982096424242	0.645770969697	0.810448606061	0.766628787879	1.44397109091	1.10196793939	0.935573575758	0.961504	1.73877078788	0.945768969697	1.49146066667	0.74766230303	0.946614181818	0.712552181818	0.995351393939	0.567666909091	0.792823575758	1.14385460606	1.07948909091	1.52292187879	1.30224993939	0.903117030303	1.10562757576	1.08249012121	1.15455060606	0.771268181818	0.70174369697	0.754880181818	0.823476181818	1.3753950303	1.54331333333	0.800049151515	0.744678787879	0.809762060606	1.6247309697	1.44623272727	0.954579939394	1.1847289697	0.96809769697	0.850835212121
PBW51	1.13749860606	1.47004515152	1.99839787879	1.62824187879	0.989533575758	1.16461454545	1.32901818182	1.37740860606	1.3833350303	1.11075872727	1.29237139394	0.854960727273	1.9725529697	2.17500927273	0.741755878788	1.14430884848	0.826436666667	0.0	0.662296909091	0.599411212121	0.698006424242	0.807122666667	1.1276450303	0.983152121212	1.76455769697	1.40430278788	1.26083448485	1.23893242424	2.05758418182	1.34841	1.69895187879	0.911973636364	1.28714187879	1.03776593939	1.30709715152	0.897000666667	1.00623236364	1.00306472727	1.13256284848	1.57520921212	1.61523472727	0.847855272727	1.31506727273	1.42275163636	1.49167381818	0.740630787879	0.746757090909	0.802417575758	0.675865090909	1.34561266667	1.60100260606	0.922614181818	0.607070969697	1.14691012121	1.92115684848	1.62120866667	1.18329660606	1.5906629697	1.01620163636	1.08040993939
PBW52	1.18137139394	1.31933781818	1.88457939394	1.51567442424	0.956954727273	1.20724139394	1.18090721212	1.25532709091	1.27871157576	1.01349248485	1.15962418182	0.878878484848	1.92686090909	2.22256472727	0.861044666667	1.29957509091	0.82033769697	0.662296909091	0.0	0.621900969697	0.671605636364	0.728085515152	1.11291878788	0.920550363636	1.72016430303	1.32237836364	1.18735321212	1.28993078788	2.02129551515	1.29255915152	1.66737387879	0.850593454545	1.23494921212	0.995866606061	1.21982169697	0.875451393939	1.10165072727	1.08106575758	1.1726089697	1.58063266667	1.60018169697	0.854538121212	1.37851981818	1.27747642424	1.40476321212	0.698080181818	0.688955939394	0.760922	0.725605272727	1.30507187879	1.57641987879	0.843484181818	0.609131878788	1.09346448485	1.79007109091	1.65314387879	1.17077254545	1.57306133333	0.910708848485	1.01829557576
PBW53	1.16597139394	1.42510860606	1.98723721212	1.57017927273	1.01881181818	1.24400030303	1.30498830303	1.30644527273	1.35064345455	1.08240230303	1.28619181818	0.857065636364	2.02346066667	2.16780533333	0.760945757576	1.13183969697	0.753808606061	0.599411212121	0.621900969697	0.0	0.573561151515	0.693915212121	1.1861550303	0.988303090909	1.73572442424	1.34078490909	1.26308230303	1.23986157576	2.01456945455	1.25253951515	1.66534345455	0.872026787879	1.22373066667	0.981482121212	1.25906909091	0.839221939394	1.08649666667	0.952165151515	1.16956993939	1.57097848485	1.58959187879	0.852565636364	1.38374575758	1.35851751515	1.44582721212	0.721851212121	0.710027818182	0.889475818182	0.683761636364	1.36637163636	1.61967818182	0.863489757576	0.573062545455	1.07659927273	1.84116539394	1.68565890909	1.12730066667	1.48576072727	0.990532121212	1.06091981818
PBW54	1.3050189697	1.36929557576	1.8581349697	1.43592939394	1.14305090909	1.3519489697	1.33064860606	1.14599527273	1.34487575758	1.12650006061	1.32328933333	0.959515030303	1.90392654545	2.04415690909	0.548340727273	1.30832448485	0.982096424242	0.698006424242	0.671605636364	0.573561151515	0.0	0.720140848485	1.13110563636	0.876110181818	1.63666133333	1.25613612121	1.104518	1.40821872727	1.90821933333	1.22113824242	1.56547709091	0.935893878788	1.17478830303	1.10592181818	1.13574587879	0.965053636364	1.17960290909	1.0394790303	1.32022248485	1.41970072727	1.6456130303	0.841090909091	1.48703115152	1.2352390303	1.3649529697	0.746797818182	0.821674666667	1.02906606061	0.743975515152	1.21049545455	1.45323169697	0.866320606061	0.698462	1.02905933333	1.73133563636	1.84179872727	1.0654729697	1.43503884848	0.845986484848	0.945495151515
PBW55	1.01537593939	1.29873387879	1.77402733333	1.35045715152	0.835509939394	1.11655151515	1.036732	1.06966545455	1.19020193939	0.844838363636	1.07297175758	0.792590666667	1.86937939394	2.18521933333	0.881495636364	1.33733951515	0.645770969697	0.807122666667	0.728085515152	0.693915212121	0.720140848485	0.0	0.883986727273	0.767056969697	1.46283006061	1.14607587879	0.947100666667	1.09067339394	1.78049981818	1.01918430303	1.47967551515	0.775316909091	1.02935921212	0.762982787879	0.983327939394	0.675483575758	0.84122230303	1.00849806061	1.09984006061	1.53021781818	1.39665290909	0.855055030303	1.22804642424	1.12239478788	1.25376945455	0.662875757576	0.677950666667	0.904081090909	0.620507272727	1.36566624242	1.58505824242	0.846459515152	0.680329515152	0.852253636364	1.66800678788	1.60628369697	0.934061090909	1.24538951515	0.772249757576	0.900164
PBW56	0.941156	1.18571224242	1.68930521212	1.34349684848	0.834728666667	1.08542624242	0.891998727273	1.06124951515	1.03476466667	0.838474787879	0.810879818182	0.960700545455	1.79934854545	2.19278278788	1.19848721212	1.80980927273	0.810448606061	1.1276450303	1.11291878788	1.1861550303	1.13110563636	0.883986727273	0.0	0.868180787879	1.34795145455	1.09875533333	0.589058060606	1.03695284848	1.61246157576	0.910497090909	1.40656624242	0.982888363636	1.03812060606	0.769811212121	0.998247757576	0.802080484848	0.880716424242	1.46101266667	1.27294690909	1.51275509091	1.2918689697	1.08431581818	1.16329957576	1.08959654545	1.15910127273	0.992388424242	1.03477315152	0.948693151515	1.08348127273	1.42882969697	1.579472	1.00150078788	1.04274339394	0.750329454545	1.56924709091	1.50575236364	1.04479339394	0.992660848485	1.05827612121	0.986477030303
PBW58	0.862156545455	1.00166927273	1.51105618182	1.18288042424	0.752227393939	0.953626666667	0.899127151515	0.899291393939	0.974312606061	0.701574969697	0.996320969697	0.602749575758	1.70474278788	2.14888660606	0.940666424242	1.59363466667	0.766628787879	0.983152121212	0.920550363636	0.988303090909	0.876110181818	0.767056969697	0.868180787879	0.0	1.39790048485	1.09529733333	0.896649151515	1.18192612121	1.66635739394	0.986618848485	1.43275890909	0.771174606061	1.02776854545	0.836808606061	0.935202848485	0.695245030303	0.924363272727	1.16712993939	1.17970624242	1.44348848485	1.35215290909	0.737873939394	1.07565478788	0.863933090909	1.10672884848	0.755630060606	0.796258787879	0.865910666667	0.842513818182	1.30283230303	1.54579278788	0.750825090909	0.852749030303	0.803492545455	1.45171987879	1.47733690909	0.866778909091	1.20234078788	0.877776424242	0.802107393939
PBW59	1.50806854545	1.45927387879	1.24810684848	1.04329581818	1.52123006061	1.69534933333	1.49069684848	1.08693030303	1.42287260606	1.40096272727	1.38236715152	1.49477745455	1.28774024242	1.77815848485	1.53429151515	2.39262339394	1.44397109091	1.76455769697	1.72016430303	1.73572442424	1.63666133333	1.46283006061	1.34795145455	1.39790048485	0.0	0.864918060606	1.27974551515	1.78690587879	1.27488454545	1.15155193939	1.10178278788	1.53381872727	1.09245630303	1.45555733333	1.03483327273	1.46023569697	1.39711163636	2.05037309091	1.95271715152	0.922817212121	1.23174333333	1.65066448485	1.47627684848	1.03705454545	0.839454060606	1.55934763636	1.49572484848	1.53791951515	1.61947539394	1.29176975758	1.30437921212	1.4485030303	1.60671666667	1.20348878788	1.17411393939	1.95540333333	1.20071769697	0.990537151515	1.18091787879	1.30912
PBW60	1.38344066667	1.28865484848	1.30722951515	1.02105763636	1.27376351515	1.49063406061	1.38962751515	0.924636242424	1.27249284848	1.24899860606	1.32394181818	1.22987951515	1.34637430303	1.76097448485	1.19855406061	2.02057309091	1.10196793939	1.40430278788	1.32237836364	1.34078490909	1.25613612121	1.14607587879	1.09875533333	1.09529733333	0.864918060606	0.0	1.03444915152	1.52683836364	1.34520078788	0.860752424242	1.00831333333	1.1647629697	0.832792424242	1.19776606061	0.901826363636	1.10462454545	1.15713951515	1.67759260606	1.68377181818	0.840007272727	1.121686	1.28217454545	1.29518315152	0.867555878788	0.693540727273	1.21872	1.19554993939	1.23851212121	1.27997684848	1.03945957576	1.15834078788	1.11515563636	1.23558369697	1.0524450303	1.19065575758	1.84951424242	0.919672969697	0.937597272727	0.872336909091	1.04738060606
PEP16	0.950319515152	1.19466363636	1.61784848485	1.22271563636	0.92455569697	1.16909557576	1.01030393939	0.933049030303	1.11889715152	0.89424630303	0.933980787879	1.04093436364	1.67947375758	2.05721006061	1.09162187879	1.89721290909	0.935573575758	1.26083448485	1.18735321212	1.26308230303	1.104518	0.947100666667	0.589058060606	0.896649151515	1.27974551515	1.03444915152	0.0	1.05524060606	1.4854	0.760627272727	1.32406248485	1.03315236364	0.89763830303	0.838843333333	0.863022424242	0.874952121212	0.962058484848	1.56667945455	1.37758630303	1.41540066667	1.34686363636	1.11133593939	1.24770321212	0.984992666667	0.991103454545	1.08809460606	1.11090539394	1.0687810303	1.12180842424	1.28607345455	1.46241260606	1.04708357576	1.12415321212	0.714770787879	1.42000042424	1.54287115152	0.908942	0.882724969697	0.91514630303	0.917196424242
PEP18	1.00814133333	1.49348642424	2.16017672727	1.78351806061	0.957017030303	1.05763884848	1.25382660606	1.4718829697	1.31776430303	1.05809090909	1.19802757576	1.10527218182	2.14075690909	2.61691939394	1.51701969697	1.47787157576	0.961504	1.23893242424	1.28993078788	1.23986157576	1.40821872727	1.09067339394	1.03695284848	1.18192612121	1.78690587879	1.52683836364	1.05524060606	0.0	2.03802024242	1.28040012121	1.88951557576	1.09350121212	1.36886993939	0.866576545455	1.34022084848	0.950937090909	0.926506484848	1.09309751515	0.963843515152	1.92672806061	1.60290654545	1.23623460606	0.965083333333	1.48443012121	1.50658842424	1.16357581818	1.1594450303	1.17397860606	1.19882260606	1.77511612121	1.94542606061	1.19737933333	1.19902387879	1.17869745455	1.97969715152	1.17732690909	1.26523557576	1.3212710303	1.38301915152	1.25797206061
PEP21	1.80575030303	1.86677321212	0.960992848485	1.11490460606	1.80612563636	2.02628660606	1.84083363636	1.3838669697	1.87577739394	1.74675866667	1.74604309091	1.76121206061	1.04030830303	1.11800351515	1.85330418182	2.66442624242	1.73877078788	2.05758418182	2.02129551515	2.01456945455	1.90821933333	1.78049981818	1.61246157576	1.66635739394	1.27488454545	1.34520078788	1.4854	2.03802024242	0.0	1.29485563636	0.835598727273	1.83263212121	1.32347648485	1.65931048485	1.2672529697	1.66129660606	1.79418478788	2.30853254545	2.21734933333	1.19399957576	1.65218593939	1.87482078788	2.03371290909	1.39010915152	1.40277121212	1.84766248485	1.92605630303	1.89892612121	1.92090321212	1.20311915152	1.05534351515	1.76112539394	1.92583054545	1.451316	0.767088666667	2.37533090909	1.47577933333	1.31399175758	1.49853078788	1.70011678788
PEP23	1.1140150303	1.23158327273	1.41654945455	0.996242787879	1.04680587879	1.29856939394	1.16823751515	0.746956181818	1.20627193939	1.05087636364	1.12265945455	1.14837787879	1.51858563636	1.91744545455	1.16025715152	1.98641436364	0.945768969697	1.34841	1.29255915152	1.25253951515	1.22113824242	1.01918430303	0.910497090909	0.986618848485	1.15155193939	0.860752424242	0.760627272727	1.28040012121	1.29485563636	0.0	1.07992672727	1.07694593939	0.692028727273	0.943224060606	0.729715151515	0.904520242424	1.08741375758	1.62050539394	1.49117406061	1.22288515152	1.34661454545	1.19576660606	1.38639254545	0.794476424242	0.906283575758	1.13153945455	1.22029181818	1.19100333333	1.24341072727	1.16512521212	1.30215090909	1.080826	1.20942872727	0.849527272727	1.24615133333	1.75535078788	0.809856787879	0.753106060606	0.835700242424	0.997102242424
PEP24	1.66538539394	1.69677824242	0.89203169697	0.790750606061	1.60018884848	1.83276278788	1.61637793939	1.17314060606	1.65006848485	1.58322260606	1.56026472727	1.631812	0.922915030303	1.26162745455	1.47694266667	2.35664036364	1.49146066667	1.69895187879	1.66737387879	1.66534345455	1.56547709091	1.47967551515	1.40656624242	1.43275890909	1.10178278788	1.00831333333	1.32406248485	1.88951557576	0.835598727273	1.07992672727	0.0	1.51077024242	1.06633993939	1.47656690909	1.10522769697	1.42796636364	1.56271915152	2.01784109091	2.02958806061	0.920119151515	1.5502090303	1.62360169697	1.85572860606	1.11653806061	1.15564145455	1.52589890909	1.56444157576	1.58176278788	1.58645721212	0.860637636364	0.774764666667	1.47673018182	1.57524527273	1.3480909697	0.762105939394	2.24381460606	1.22672242424	1.16609884848	1.13871521212	1.47490242424
PEP26	1.05575551515	0.983032848485	1.76533115152	1.35332654545	0.874205757576	1.08980915152	1.07156187879	1.09057290909	1.05885387879	0.862201818182	1.06513024242	0.749033515152	1.673426	2.21345539394	1.00009460606	1.50811024242	0.74766230303	0.911973636364	0.850593454545	0.872026787879	0.935893878788	0.775316909091	0.982888363636	0.771174606061	1.53381872727	1.1647629697	1.03315236364	1.09350121212	1.83263212121	1.07694593939	1.51077024242	0.0	1.03446266667	0.835934606061	1.02207781818	0.741900484848	0.878133272727	1.18425218182	1.16201393939	1.49067460606	1.32720581818	0.838786	1.16089048485	1.14206515152	1.21120406061	0.750130121212	0.673956060606	0.838079333333	0.80252830303	1.35094424242	1.55966339394	0.755267939394	0.631538787879	0.932818545455	1.66057133333	1.45558375758	0.957657636364	1.27145648485	0.896793818182	0.869358363636
PEP27	1.26210751515	1.30347163636	1.34081842424	0.975096484848	1.13735666667	1.37995763636	1.24250272727	0.814162242424	1.25958127273	1.10753830303	1.22415424242	1.16392175758	1.4322949697	1.79686363636	1.09674163636	1.92232527273	0.946614181818	1.28714187879	1.23494921212	1.22373066667	1.17478830303	1.02935921212	1.03812060606	1.02776854545	1.09245630303	0.832792424242	0.89763830303	1.36886993939	1.32347648485	0.692028727273	1.06633993939	1.03446266667	0.0	1.03831133333	0.754444727273	1.00166727273	1.16314769697	1.59368951515	1.53188981818	1.08542090909	1.46229490909	1.15016430303	1.44542806061	0.776022	0.977778606061	1.10364248485	1.12627545455	1.14118915152	1.16721242424	0.995983272727	1.14781915152	1.03694406061	1.11288666667	0.882520484848	1.22998369697	1.79982824242	0.761558121212	0.90312630303	0.75922	0.950275939394
PEP28	0.814992424242	1.16713460606	1.77070709091	1.36720127273	0.690931515152	0.949367878788	0.918959757576	1.05637139394	1.06528363636	0.699591090909	0.876642060606	0.80766	1.87735490909	2.21744660606	1.15630921212	1.62794739394	0.712552181818	1.03776593939	0.995866606061	0.981482121212	1.10592181818	0.762982787879	0.769811212121	0.836808606061	1.45555733333	1.19776606061	0.838843333333	0.866576545455	1.65931048485	0.943224060606	1.47656690909	0.835934606061	1.03831133333	0.0	0.976389878788	0.637737878788	0.754983757576	1.24261309091	1.11743969697	1.59609612121	1.27999024242	0.976906909091	1.05524109091	1.09792921212	1.18370351515	0.866884121212	0.882144363636	0.855648969697	0.793224848485	1.41701715152	1.58647872727	0.921687878788	0.904550969697	0.838189757576	1.60958109091	1.41636515152	0.886031393939	1.11848478788	0.98920030303	0.978063757576
PEP29	1.19400569697	1.23790412121	1.38729684848	0.962509333333	1.03010333333	1.32874636364	1.19833921212	0.784611333333	1.25053933333	1.01697187879	1.14623618182	1.01321230303	1.48124624242	1.90373866667	1.05092115152	1.83386018182	0.995351393939	1.30709715152	1.21982169697	1.25906909091	1.13574587879	0.983327939394	0.998247757576	0.935202848485	1.03483327273	0.901826363636	0.863022424242	1.34022084848	1.2672529697	0.729715151515	1.10522769697	1.02207781818	0.754444727273	0.976389878788	0.0	0.859743151515	1.11974890909	1.51781521212	1.43445854545	1.194534	1.38046193939	1.11038381818	1.36178878788	0.762132666667	0.949339818182	1.02447012121	1.07846830303	1.17825278788	1.13314781818	1.05251054545	1.24180121212	1.04204139394	1.12543066667	0.792985939394	1.216094	1.81001842424	0.81415969697	0.900735393939	0.731837575758	0.959715939394
PEP30	0.856874666667	1.19734387879	1.71762763636	1.31609163636	0.720288787879	1.00811290909	0.968672181818	1.02601145455	1.10814090909	0.766032121212	0.957181515152	0.702164787879	1.81633351515	2.21313515152	1.05363921212	1.49223945455	0.567666909091	0.897000666667	0.875451393939	0.839221939394	0.965053636364	0.675483575758	0.802080484848	0.695245030303	1.46023569697	1.10462454545	0.874952121212	0.950937090909	1.66129660606	0.904520242424	1.42796636364	0.741900484848	1.00166727273	0.637737878788	0.859743151515	0.0	0.775166363636	1.12477860606	1.05731151515	1.51172212121	1.31792545455	0.796504666667	1.05507787879	1.02583690909	1.17674454545	0.698746121212	0.737805757576	0.821782363636	0.787050727273	1.31205890909	1.585532	0.820225393939	0.778288121212	0.844268484848	1.56812927273	1.42540763636	0.891787090909	1.15039963636	0.90147369697	0.837564909091
PIS1	0.762839939394	1.16977012121	1.74251024242	1.36719678788	0.739631272727	0.793999878788	0.968196969697	1.05914242424	1.03750884848	0.691347454545	0.850007393939	0.861529939394	1.84851963636	2.30750248485	1.22232969697	1.53649321212	0.792823575758	1.00623236364	1.10165072727	1.08649666667	1.17960290909	0.84122230303	0.880716424242	0.924363272727	1.39711163636	1.15713951515	0.962058484848	0.926506484848	1.79418478788	1.08741375758	1.56271915152	0.878133272727	1.16314769697	0.754983757576	1.11974890909	0.775166363636	0.0	1.16364618182	1.04935266667	1.48133660606	1.183342	0.944678424242	0.801970909091	1.11817078788	1.08806012121	0.862034424242	0.830420363636	0.805772	0.94023430303	1.535994	1.69778478788	0.941102060606	0.957226969697	0.898419939394	1.65720109091	1.30858212121	1.1204129697	1.24559242424	1.08889	0.997518787879
PIS2	1.29764587879	1.613794	2.19773072727	1.76752963636	1.15284206061	1.17300157576	1.48506848485	1.4935529697	1.54272545455	1.25070660606	1.49708	1.07443309091	2.31537018182	2.69788636364	1.19913539394	0.778546424242	1.14385460606	1.00306472727	1.08106575758	0.952165151515	1.0394790303	1.00849806061	1.46101266667	1.16712993939	2.05037309091	1.67759260606	1.56667945455	1.09309751515	2.30853254545	1.62050539394	2.01784109091	1.18425218182	1.59368951515	1.24261309091	1.51781521212	1.12477860606	1.16364618182	0.0	0.760011090909	1.97969357576	1.86624842424	1.02501466667	1.14985030303	1.54514363636	1.72555393939	0.90755830303	0.99038569697	1.17314630303	0.911658909091	1.77732709091	2.03987690909	1.17959721212	0.988706242424	1.43475484848	2.08495551515	1.46862709091	1.47919575758	1.85891145455	1.33143812121	1.29896036364
PIS4	1.12845975758	1.50560181818	2.13576909091	1.76359078788	0.980426363636	1.01893969697	1.28167872727	1.48263606061	1.37315484848	1.10110545455	1.30648030303	1.02183472727	2.29471036364	2.73136654545	1.38469472727	1.03891424242	1.07948909091	1.13256284848	1.1726089697	1.16956993939	1.32022248485	1.09984006061	1.27294690909	1.17970624242	1.95271715152	1.68377181818	1.37758630303	0.963843515152	2.21734933333	1.49117406061	2.02958806061	1.16201393939	1.53188981818	1.11743969697	1.43445854545	1.05731151515	1.04935266667	0.760011090909	0.0	1.95997290909	1.74504460606	1.09427606061	0.981172787879	1.5011989697	1.6708770303	1.01344042424	1.00427993939	1.15463133333	1.10621206061	1.85393939394	2.06742981818	1.20987775758	1.07969066667	1.27248775758	2.06302793939	1.11813806061	1.4584709697	1.71046315152	1.33919248485	1.28661642424
PIS5	1.71099109091	1.53704878788	1.16219678788	0.920887090909	1.59841139394	1.76199806061	1.69918678788	1.21043418182	1.55282230303	1.50785157576	1.61515284848	1.60034751515	1.10041006061	1.37931266667	1.32866412121	2.29727587879	1.52292187879	1.57520921212	1.58063266667	1.57097848485	1.41970072727	1.53021781818	1.51275509091	1.44348848485	0.922817212121	0.840007272727	1.41540066667	1.92672806061	1.19399957576	1.22288515152	0.920119151515	1.49067460606	1.08542090909	1.59609612121	1.194534	1.51172212121	1.48133660606	1.97969357576	1.95997290909	0.0	1.29411036364	1.54650872727	1.58939769697	1.10286484848	0.993158424242	1.45278969697	1.41350775758	1.52400024242	1.5248910303	0.828954727273	0.943942	1.38220060606	1.48468248485	1.35407060606	1.00116436364	2.07560733333	1.25346327273	1.20934418182	1.08956866667	1.40817478788
PIS7	1.37627066667	1.34622109091	1.69814642424	1.52079236364	1.33371387879	1.47916272727	1.37821315152	1.4286250303	1.2524709697	1.30103381818	1.25729084848	1.35485484848	1.68543812121	2.17412654545	1.66152551515	2.21455775758	1.30224993939	1.61523472727	1.60018169697	1.58959187879	1.6456130303	1.39665290909	1.2918689697	1.35215290909	1.23174333333	1.121686	1.34686363636	1.60290654545	1.65218593939	1.34661454545	1.5502090303	1.32720581818	1.46229490909	1.27999024242	1.38046193939	1.31792545455	1.183342	1.86624842424	1.74504460606	1.29411036364	0.0	1.52575351515	1.18175145455	1.38675387879	1.04055509091	1.40696430303	1.37564490909	1.36581218182	1.49158321212	1.75542351515	1.77769090909	1.36708806061	1.44876072727	1.27969539394	1.58303739394	1.76000060606	1.45805412121	1.29042375758	1.46494666667	1.37378842424
PIS9	1.06094818182	1.21248187879	1.73922939394	1.37175375758	0.891391272727	1.08497927273	1.13888024242	1.12391793939	1.17879563636	0.921190848485	1.17023272727	0.733459636364	1.94183757576	2.25099278788	0.924475030303	1.37841818182	0.903117030303	0.847855272727	0.854538121212	0.852565636364	0.841090909091	0.855055030303	1.08431581818	0.737873939394	1.65066448485	1.28217454545	1.11133593939	1.23623460606	1.87482078788	1.19576660606	1.62360169697	0.838786	1.15016430303	0.976906909091	1.11038381818	0.796504666667	0.944678424242	1.02501466667	1.09427606061	1.54650872727	1.52575351515	0.0	1.1314550303	1.13165563636	1.28083151515	0.665364242424	0.744450424242	0.824925575758	0.714496848485	1.33791654545	1.62137351515	0.740739878788	0.732086606061	0.986037151515	1.61586872727	1.56452757576	1.06248315152	1.44275339394	0.990101272727	0.917138181818
PIS10	1.01281193939	1.24798490909	1.95466866667	1.60778163636	0.990683272727	0.983216	1.13686715152	1.30298727273	1.12982727273	0.959640909091	1.13049272727	1.02892921212	2.06441163636	2.55372163636	1.52090266667	1.52026775758	1.10562757576	1.31506727273	1.37851981818	1.38374575758	1.48703115152	1.22804642424	1.16329957576	1.07565478788	1.47627684848	1.29518315152	1.24770321212	0.965083333333	2.03371290909	1.38639254545	1.85572860606	1.16089048485	1.44542806061	1.05524109091	1.36178878788	1.05507787879	0.801970909091	1.14985030303	0.981172787879	1.58939769697	1.18175145455	1.1314550303	0.0	1.34781563636	1.19306048485	1.13003709091	1.07993733333	1.09292290909	1.24940957576	1.79940187879	1.98896321212	1.1826230303	1.26730066667	1.15725993939	1.82049587879	1.05654733333	1.40245975758	1.44071872727	1.40200975758	1.22436084848
PIS11	1.08699351515	1.03795642424	1.11578745455	0.760702727273	1.00552327273	1.13309260606	1.02285478788	0.696081454545	1.04083139394	0.889455454545	1.15151078788	1.06566242424	1.38863527273	1.85812090909	1.17093527273	2.01665309091	1.08249012121	1.42275163636	1.27747642424	1.35851751515	1.2352390303	1.12239478788	1.08959654545	0.863933090909	1.03705454545	0.867555878788	0.984992666667	1.48443012121	1.39010915152	0.794476424242	1.11653806061	1.14206515152	0.776022	1.09792921212	0.762132666667	1.02583690909	1.11817078788	1.54514363636	1.5011989697	1.10286484848	1.38675387879	1.13165563636	1.34781563636	0.0	0.921059636364	1.03162145455	1.16262545455	1.17592327273	1.23347248485	1.06184624242	1.24146830303	1.09212339394	1.20274490909	0.949473878788	1.07749006061	1.76847254545	0.901164363636	0.955523333333	0.821640909091	1.02782048485
PIS14	1.23885387879	1.13363618182	1.34166939394	1.00650612121	1.23720836364	1.39566618182	1.25968751515	0.870922787879	1.13798072727	1.13053060606	1.15619357576	1.24858048485	1.37977587879	1.92993957576	1.24592109091	2.09970012121	1.15455060606	1.49167381818	1.40476321212	1.44582721212	1.3649529697	1.25376945455	1.15910127273	1.10672884848	0.839454060606	0.693540727273	0.991103454545	1.50658842424	1.40277121212	0.906283575758	1.15564145455	1.21120406061	0.977778606061	1.18370351515	0.949339818182	1.17674454545	1.08806012121	1.72555393939	1.6708770303	0.993158424242	1.04055509091	1.28083151515	1.19306048485	0.921059636364	0.0	1.21507733333	1.2377889697	1.19357418182	1.35886412121	1.23167109091	1.34633678788	1.13521345455	1.26260527273	1.00687933333	1.22212593939	1.70994248485	1.01389842424	0.946877636364	0.986143212121	1.08212375758
PIS15	1.00918733333	1.22886018182	1.75481012121	1.33318721212	0.813092242424	1.03546290909	1.07781175758	1.10946569697	1.14766024242	0.825874242424	1.05172424242	0.695718909091	1.86501587879	2.24666830303	0.820468606061	1.28669915152	0.771268181818	0.740630787879	0.698080181818	0.721851212121	0.746797818182	0.662875757576	0.992388424242	0.755630060606	1.55934763636	1.21872	1.08809460606	1.16357581818	1.84766248485	1.13153945455	1.52589890909	0.750130121212	1.10364248485	0.866884121212	1.02447012121	0.698746121212	0.862034424242	0.90755830303	1.01344042424	1.45278969697	1.40696430303	0.665364242424	1.13003709091	1.03162145455	1.21507733333	0.0	0.578374424242	0.77864630303	0.598725454545	1.36904551515	1.60227363636	0.754073454545	0.579652060606	0.943253151515	1.65007478788	1.57419751515	1.03174557576	1.38717363636	0.816777030303	0.869813818182
PLL76	1.01967024242	1.19170393939	1.79646272727	1.3875250303	0.834890424242	1.01985769697	1.11420630303	1.15526012121	1.12447078788	0.856446484848	1.0494289697	0.701655393939	1.89462812121	2.21686236364	0.899051030303	1.28850678788	0.70174369697	0.746757090909	0.688955939394	0.710027818182	0.821674666667	0.677950666667	1.03477315152	0.796258787879	1.49572484848	1.19554993939	1.11090539394	1.1594450303	1.92605630303	1.22029181818	1.56444157576	0.673956060606	1.12627545455	0.882144363636	1.07846830303	0.737805757576	0.830420363636	0.99038569697	1.00427993939	1.41350775758	1.37564490909	0.744450424242	1.07993733333	1.16262545455	1.2377889697	0.578374424242	0.0	0.653114060606	0.605732848485	1.31408975758	1.60403969697	0.708152727273	0.601005272727	0.962633030303	1.66267927273	1.43864115152	1.02137672727	1.37642939394	0.800071212121	0.84674969697
