	PAM31	PAM32	PAM33	PAM35	PAM36	PAM37	PAM39	PAM40	PAM41	PAM42	PAM43	PAM44	PAM45	PBW46	PBW47	PBW49	PBW50	PBW51	PBW52	PBW53	PBW54	PBW55	PBW56	PBW58	PBW59	PBW60	PEP16	PEP18	PEP21	PEP23	PEP24	PEP26	PEP27	PEP28	PEP29	PEP30	PIS1	PIS2	PIS4	PIS5	PIS7	PIS9	PIS10	PIS11	PIS14	PIS15	PLL76	PLL77	PLL79	PLL80	PLL83	PLL88	PLL89	PLL90	PPO64	PPO66	PPO67	PPO69	PPO72	PPO75
PAM31	0.0	1.40181193939	1.69818509091	1.34185569697	0.612630666667	0.666434242424	0.799738484848	0.902125393939	0.822849151515	0.58542369697	0.926244787879	0.822670484848	1.79623090909	2.06790024242	1.40713206061	1.44919090909	1.02103272727	1.08159290909	1.15587527273	1.19481290909	1.30147151515	0.945662969697	1.13660509091	1.05710157576	1.3660949697	1.64091569697	1.0979709697	0.907014545455	1.76458672727	0.843573333333	1.81398909091	0.986391636364	1.53226090909	1.25346327273	1.02985878788	0.961426848485	0.796022787879	1.00581248485	0.848830666667	1.70346424242	1.47829212121	0.88152430303	0.807346909091	1.20220630303	1.47406733333	0.946790363636	0.941327939394	1.04330587879	1.35013757576	1.82417381818	1.96770715152	1.43667787879	1.13079418182	1.219858	1.44328854545	1.15157521212	1.24925842424	1.05576781818	0.983940727273	1.40093575758
PAM32	1.40181193939	0.0	1.23021872727	1.20643987879	1.37860806061	1.16092812121	1.10816012121	1.16386193939	1.15018193939	1.2961089697	1.21023890909	1.639308	1.44013533333	1.83995315152	1.52638872727	2.19715375758	1.45146854545	1.73264193939	1.90699557576	1.70309551515	1.57355690909	1.62848484848	1.39256515152	1.05080575758	1.17522024242	1.26405551515	1.44125890909	1.76992733333	1.58911539394	1.48777206061	1.66079230303	1.36099024242	1.3820289697	1.25812939394	1.46383145455	1.33139321212	1.35252309091	1.76494624242	1.73039606061	1.26704054545	1.3607410303	1.51445151515	1.52245860606	0.945341636364	1.1656870303	1.66671563636	1.49958060606	1.53881078788	1.44789630303	1.55638806061	1.70337739394	1.23249369697	1.53032309091	1.2240849697	1.13220278788	1.79479527273	1.27729787879	1.35939090909	1.43141545455	1.27304866667
PAM33	1.69818509091	1.23021872727	0.0	0.874261151515	1.67997345455	1.51317266667	1.43173460606	1.36816466667	1.64263424242	1.56723690909	1.38785569697	2.01964236364	0.861007030303	1.16365818182	1.83155872727	2.53335454545	1.62289806061	2.01443266667	2.22716739394	2.03458406061	1.8983929697	1.87147642424	1.53657915152	1.32784509091	1.28447545455	1.23331678788	1.65386127273	2.07185187879	0.931724787879	1.72479260606	0.942199636364	1.79653321212	1.10334793939	1.37042872727	1.61479309091	1.53808139394	1.60653648485	2.09243660606	2.03399709091	1.10693575758	1.41177866667	1.78814539394	1.84627090909	1.03967539394	0.971685030303	1.91455484848	1.78404309091	1.83253509091	1.7293790303	1.07822884848	1.12240254545	1.4369109697	1.82580218182	1.34148187879	0.752568060606	2.2804330303	1.49770472727	1.67310636364	1.68624545455	1.14664921212
PAM35	1.34185569697	1.20643987879	0.874261151515	0.0	1.23176054545	1.32138169697	1.22090848485	0.939913575758	1.56997406061	1.21035248485	1.07285915152	1.64921369697	1.03078163636	1.23261145455	1.35649612121	2.05916709091	1.16423666667	1.55760472727	1.78017278788	1.54812751515	1.39541715152	1.39199939394	1.09897036364	0.944896181818	0.972426181818	0.940872969697	1.2131150303	1.693582	1.06884327273	1.30954975758	0.944445030303	1.33569412121	0.789002787879	0.956302727273	1.16187618182	1.10380812121	1.19502781818	1.61798006061	1.58600745455	0.906833151515	1.3543770303	1.42865587879	1.51185254545	0.763834727273	0.768047515152	1.42888763636	1.37955575758	1.42818460606	1.27654527273	1.00017290909	1.14351424242	1.02255539394	1.35578418182	0.868655272727	0.757272606061	2.07723309091	1.07702878788	1.29867357576	1.20404963636	0.690891939394
PAM36	0.612630666667	1.37860806061	1.67997345455	1.23176054545	0.0	0.668774121212	0.791584545455	0.890540666667	0.810784424242	0.566046848485	0.97263230303	0.873502727273	1.79600460606	2.0144750303	1.27285157576	1.46280678788	0.95519769697	0.977402848485	1.1657249697	1.07439315152	1.16841030303	0.839996545455	1.10869418182	0.992374545455	1.37909884848	1.58495981818	0.996019939394	0.944270666667	1.79557945455	0.732807878788	1.82948484848	0.866684121212	1.52273642424	1.25386012121	0.990335030303	0.916651575758	0.832112	1.00411527273	0.873966545455	1.69779248485	1.50912872727	0.816134484848	0.849500969697	1.18234109091	1.44444963636	0.817422	0.807913151515	0.905549272727	1.18942036364	1.71404181818	1.90127018182	1.25916018182	0.961462181818	1.20946612121	1.47050636364	1.31100866667	1.16162824242	1.05024939394	0.884975878788	1.32936424242
PAM37	0.666434242424	1.16092812121	1.51317266667	1.32138169697	0.668774121212	0.0	0.632625818182	0.919737575758	0.600164727273	0.572513333333	1.04122981818	1.01045927273	1.81580672727	2.02929581818	1.33458884848	1.58354866667	1.01959969697	1.07198387879	1.29652127273	1.15033030303	1.26078781818	0.968857939394	1.13956515152	1.03869969697	1.37951018182	1.59791369697	1.07077915152	1.13137242424	1.80690921212	0.908731575758	1.81814963636	0.978440909091	1.55181478788	1.27751169697	1.05234466667	1.01421406061	0.848143818182	1.17333024242	1.04993569697	1.65279327273	1.50138163636	0.877975272727	0.914671333333	1.16854284848	1.42257515152	0.995999393939	0.892246909091	0.962619151515	1.26112515152	1.76659230303	1.91194248485	1.40384109091	1.07275206061	1.24328909091	1.42689090909	1.32008484848	1.25267072727	1.08115612121	1.03246684848	1.43750587879
PAM39	0.799738484848	1.10816012121	1.43173460606	1.22090848485	0.791584545455	0.632625818182	0.0	0.778079636364	0.775962181818	0.707015272727	0.763248969697	1.12426618182	1.63602151515	1.99747	1.31158060606	1.75672951515	0.956566727273	1.28107733333	1.46189763636	1.24732387879	1.21972951515	1.07789127273	1.02837775758	0.962855454545	1.20106363636	1.52249066667	1.03800775758	1.19756333333	1.63671490909	0.910360424242	1.68940684848	0.992696545455	1.42233745455	1.12428054545	0.94109	0.880378181818	0.789185393939	1.29155387879	1.18013278788	1.59661424242	1.32920818182	1.02387018182	1.01586333333	1.073402	1.2589150303	1.15098084848	1.06366533333	1.11713345455	1.25468612121	1.71333824242	1.88624139394	1.34796024242	1.06876163636	1.14834424242	1.26599612121	1.38207915152	1.17367278788	0.936277575758	0.939309878788	1.33669775758
PAM40	0.902125393939	1.16386193939	1.36816466667	0.939913575758	0.890540666667	0.919737575758	0.778079636364	0.0	1.16640642424	0.766736727273	0.754462424242	1.243048	1.45683	1.71541230303	1.10199563636	1.7145210303	0.832719818182	1.249588	1.47468563636	1.20089054545	1.087034	1.07884642424	0.803923090909	0.774800666667	1.01643066667	1.22922	0.862971151515	1.29462115152	1.43774678788	0.90332369697	1.42215315152	1.03220006061	1.1594950303	0.899846969697	0.802328787879	0.740675272727	0.787560787879	1.27777521212	1.16928406061	1.3464850303	1.28458612121	1.09137551515	1.09520054545	0.917316666667	1.07606557576	1.14285442424	1.04449660606	1.10094933333	1.01149339394	1.42540927273	1.58869339394	1.07459793939	1.05562660606	0.870329212121	1.16671721212	1.61558593939	0.908816545455	0.966294181818	0.902810969697	1.07909715152
PAM41	0.822849151515	1.15018193939	1.64263424242	1.56997406061	0.810784424242	0.600164727273	0.775962181818	1.16640642424	0.0	0.78344969697	1.09266315152	1.07839284848	1.94300442424	2.29930709091	1.58882993939	1.68876527273	1.28376393939	1.30403551515	1.40120527273	1.35391951515	1.47631787879	1.18260521212	1.42691763636	1.28329569697	1.56730206061	1.82199042424	1.34044206061	1.16265824242	2.02524460606	1.11793763636	2.07381193939	1.11883969697	1.74983987879	1.51483993939	1.34861290909	1.27586533333	1.10029884848	1.23859715152	1.15197666667	1.8212650303	1.603918	1.08653672727	1.00317230303	1.33032284848	1.60619660606	1.19661430303	1.06688206061	1.22122072727	1.51203072727	2.03290660606	2.19099363636	1.61858072727	1.30328781818	1.49275369697	1.58860787879	1.19604	1.48477193939	1.28489951515	1.26504466667	1.67332806061
PAM42	0.58542369697	1.2961089697	1.56723690909	1.21035248485	0.566046848485	0.572513333333	0.707015272727	0.766736727273	0.78344969697	0.0	0.918180848485	0.922927515152	1.74859545455	2.01731739394	1.30749587879	1.494342	0.967633151515	1.03141527273	1.24960890909	1.10743284848	1.20567739394	0.854048242424	1.06449787879	1.00287157576	1.31535793939	1.55036969697	1.00391466667	0.997997151515	1.70812387879	0.820905393939	1.72585484848	0.93459969697	1.45327187879	1.17524454545	0.984850363636	0.953831393939	0.745363090909	1.04439957576	0.910783575758	1.61002975758	1.44076951515	0.805164	0.814789393939	1.16100175758	1.33913806061	0.872031393939	0.850735272727	0.929540848485	1.22654454545	1.68048357576	1.83568672727	1.33251915152	1.02410975758	1.16328921212	1.45851842424	1.3046830303	1.19039278788	1.04298715152	0.942634	1.37520539394
PAM43	0.926244787879	1.21023890909	1.38785569697	1.07285915152	0.97263230303	1.04122981818	0.763248969697	0.754462424242	1.09266315152	0.918180848485	0.0	1.38370933333	1.41452284848	1.81569242424	1.32294593939	1.96127145455	0.994122727273	1.42261272727	1.64161206061	1.42052666667	1.28311909091	1.20040339394	0.90232030303	1.02124321212	0.953550909091	1.3769809697	0.953505575758	1.31689872727	1.44564957576	0.98255569697	1.53518284848	1.1595149697	1.31090254545	1.01820624242	0.937194969697	0.827856606061	0.855172909091	1.50753339394	1.30724830303	1.44472830303	1.09926212121	1.31792981818	1.12482054545	1.02355690909	1.07195006061	1.28502763636	1.19235539394	1.26679078788	1.24526527273	1.63630527273	1.79544163636	1.27875127273	1.22092078788	0.996927272727	1.18693709091	1.48292157576	0.979258	0.840786666667	0.987182606061	1.11993048485
PAM44	0.822670484848	1.639308	2.01964236364	1.64921369697	0.873502727273	1.01045927273	1.12426618182	1.243048	1.07839284848	0.922927515152	1.38370933333	0.0	2.1167509697	2.24268672727	1.27120909091	1.10659787879	1.16122369697	1.03357272727	0.86736030303	1.11085212121	1.19582406061	0.935185090909	1.38370939394	1.07181412121	1.66318521212	1.79616048485	1.27508654545	0.904633636364	2.03759527273	1.02256030303	2.05939509091	1.02889375758	1.78122993939	1.52482393939	1.1247869697	1.15872521212	1.07401993939	0.793899333333	0.732845393939	1.9171669697	1.80678127273	0.868979030303	0.86520430303	1.48407715152	1.75879987879	0.877636484848	0.910044	1.02612618182	1.2802090303	1.97973993939	2.17553860606	1.54460436364	1.02691763636	1.49644787879	1.79768048485	1.19348121212	1.45906890909	1.30516533333	1.0777349697	1.6136450303
PAM45	1.79623090909	1.44013533333	0.861007030303	1.03078163636	1.79600460606	1.81580672727	1.63602151515	1.45683	1.94300442424	1.74859545455	1.41452284848	2.1167509697	0.0	1.0673169697	1.77456418182	2.50201975758	1.62737830303	1.89262078788	2.13488824242	1.9734949697	1.82649163636	1.93843630303	1.6014169697	1.42216836364	1.40879484848	1.25426260606	1.63093509091	2.04505842424	0.836426121212	1.77883260606	0.896520848485	1.70780230303	1.12323969697	1.37587054545	1.71410836364	1.57321254545	1.65613309091	2.06372036364	2.0794230303	1.16180606061	1.55890460606	1.93584709091	1.98322145455	1.26262569697	1.17491533333	1.90443072727	1.84822830303	1.84383351515	1.707116	0.988549939394	1.00086412121	1.33854939394	1.80555272727	1.36180515152	0.967054727273	2.25924369697	1.41314630303	1.685678	1.57869066667	1.09909381818
PBW46	2.06790024242	1.83995315152	1.16365818182	1.23261145455	2.0144750303	2.02929581818	1.99747	1.71541230303	2.29930709091	2.01731739394	1.81569242424	2.24268672727	1.0673169697	0.0	1.52621812121	2.39687248485	1.72898315152	1.79041351515	2.1795089697	1.81037581818	1.63300060606	1.92592709091	1.747676	1.51823272727	1.5098069697	1.23693581818	1.82158309091	2.24628933333	0.988015939394	1.91255939394	0.864980484848	1.85071381818	1.27969412121	1.58164981818	1.80626715152	1.69735157576	1.83449212121	2.0888430303	2.24225648485	1.04492472727	1.81141806061	2.00034127273	2.171776	1.46417466667	1.41129581818	1.93773654545	1.8773749697	1.81060684848	1.49185454545	0.853515393939	0.716809333333	1.30236624242	1.73613175758	1.37767448485	1.20700139394	2.45491909091	1.4382969697	1.79801121212	1.67574836364	1.17795575758
PBW47	1.40713206061	1.52638872727	1.83155872727	1.35649612121	1.27285157576	1.33458884848	1.31158060606	1.10199563636	1.58882993939	1.30749587879	1.32294593939	1.27120909091	1.77456418182	1.52621812121	0.0	1.17783327273	0.966654121212	0.758999030303	1.16556963636	0.69254569697	0.508450606061	1.03572751515	1.15405060606	0.910063333333	1.42048036364	1.2968910303	1.08773624242	1.49641	1.73691866667	1.18926393939	1.57018478788	1.01177266667	1.50925321212	1.15798927273	0.968544787879	1.00124630303	1.12050648485	0.90516769697	1.37616369697	1.27823424242	1.61724175758	1.10610545455	1.48694466667	1.31809072727	1.48143309091	0.846644242424	0.965038909091	0.969485818182	0.56671569697	1.32513884848	1.42634757576	0.939117333333	0.719244424242	1.19783430303	1.60312387879	1.90579418182	1.04546781818	1.32007769697	0.862580666667	1.20319266667
PBW49	1.44919090909	2.19715375758	2.53335454545	2.05916709091	1.46280678788	1.58354866667	1.75672951515	1.7145210303	1.68876527273	1.494342	1.96127145455	1.10659787879	2.50201975758	2.39687248485	1.17783327273	0.0	1.44305430303	0.968218606061	0.875741212121	1.01345181818	1.11787527273	1.23990563636	1.79251442424	1.61206060606	2.12495593939	2.01845654545	1.71208854545	1.39433151515	2.46236187879	1.50928460606	2.30313090909	1.34287684848	2.18091157576	1.90583490909	1.49264290909	1.61990066667	1.58800109091	0.822110787879	1.08053745455	2.11072678788	2.21436593939	1.21966151515	1.35943951515	2.02137551515	2.18777084848	1.03068454545	1.1484949697	1.26111921212	1.31132193939	2.08346945455	2.286148	1.6947949697	1.08230909091	1.86527993939	2.31304381818	1.52327048485	1.75586715152	1.82935593939	1.35159575758	1.90267793939
PBW50	1.02103272727	1.45146854545	1.62289806061	1.16423666667	0.95519769697	1.01959969697	0.956566727273	0.832719818182	1.28376393939	0.967633151515	0.994122727273	1.16122369697	1.62737830303	1.72898315152	0.966654121212	1.44305430303	0.0	0.899598242424	1.13867357576	0.945343575758	0.818158909091	0.748410727273	0.83742969697	0.789990060606	1.11759290909	1.21277036364	0.768135575758	1.07705272727	1.53258466667	0.717629939394	1.43296327273	0.769421454545	1.19283472727	0.930143272727	0.635903393939	0.637032787879	0.741637212121	1.10031090909	1.05740484848	1.39326387879	1.24239648485	1.01427993939	1.10485757576	1.05285793939	1.22418709091	0.874610848485	0.754122969697	0.816672909091	0.88316169697	1.39546351515	1.53919672727	1.0678130303	0.694343030303	0.958762606061	1.32704212121	1.56848187879	0.859622181818	0.914088666667	0.556304727273	1.05878278788
PBW51	1.08159290909	1.73264193939	2.01443266667	1.55760472727	0.977402848485	1.07198387879	1.28107733333	1.249588	1.30403551515	1.03141527273	1.42261272727	1.03357272727	1.89262078788	1.79041351515	0.758999030303	0.968218606061	0.899598242424	0.0	0.847605030303	0.614561575758	0.696053515152	0.767661333333	1.25449048485	1.11063569697	1.55668848485	1.49010630303	1.17179684848	1.17903739394	1.91282472727	0.996486727273	1.78146854545	0.821026848485	1.68951236364	1.40132333333	0.97185969697	1.08879309091	1.06269787879	0.775601757576	1.09504490909	1.53853133333	1.69423448485	0.850707636364	1.23441387879	1.52247472727	1.63769781818	0.643063393939	0.693573939394	0.728940606061	0.749216787879	1.51638430303	1.71588563636	1.12951030303	0.638449393939	1.35890678788	1.79229575758	1.5673529697	1.19370951515	1.31974654545	0.822339090909	1.38478684848
PBW52	1.15587527273	1.90699557576	2.22716739394	1.78017278788	1.1657249697	1.29652127273	1.46189763636	1.47468563636	1.40120527273	1.24960890909	1.64161206061	0.86736030303	2.13488824242	2.1795089697	1.16556963636	0.875741212121	1.13867357576	0.847605030303	0.0	0.874755090909	1.01210933333	0.935820909091	1.51944339394	1.34788	1.80798733333	1.82467278788	1.43616090909	0.967134545455	2.18411727273	1.21211248485	2.1309470303	1.08626242424	1.93123957576	1.61648072727	1.25530460606	1.29070030303	1.28625830303	0.726135030303	0.858699151515	1.9485430303	1.93501963636	0.993873393939	1.09589236364	1.68981393939	1.88695618182	0.837535818182	0.883050969697	0.985926969697	1.18020593939	1.95540715152	2.12857927273	1.54168309091	0.925003636364	1.57172175758	1.99088878788	1.317162	1.48938036364	1.52232260606	1.09025418182	1.65758218182
PBW53	1.19481290909	1.70309551515	2.03458406061	1.54812751515	1.07439315152	1.15033030303	1.24732387879	1.20089054545	1.35391951515	1.10743284848	1.42052666667	1.11085212121	1.9734949697	1.81037581818	0.69254569697	1.01345181818	0.945343575758	0.614561575758	0.874755090909	0.0	0.485645151515	0.710861575758	1.33190587879	1.12638163636	1.60304666667	1.45069478788	1.27263587879	1.24271751515	1.9283049697	1.03088369697	1.78483812121	0.814924909091	1.63255054545	1.34430151515	1.00010951515	1.08387309091	1.08317472727	0.680986727273	1.14323266667	1.50141084848	1.72342187879	0.922309212121	1.2847589697	1.451774	1.66952193939	0.635838424242	0.782104848485	0.853019878788	0.775990363636	1.57237690909	1.73599048485	1.15758254545	0.592464424242	1.36264727273	1.75031842424	1.6954409697	1.22815327273	1.21850715152	0.846119454545	1.36835060606
PBW54	1.30147151515	1.57355690909	1.8983929697	1.39541715152	1.16841030303	1.26078781818	1.21972951515	1.087034	1.47631787879	1.20567739394	1.28311909091	1.19582406061	1.82649163636	1.63300060606	0.508450606061	1.11787527273	0.818158909091	0.696053515152	1.01210933333	0.485645151515	0.0	0.852016181818	1.15759260606	0.959105090909	1.46155763636	1.38450987879	1.08967460606	1.4034910303	1.80164515152	1.08971006061	1.6596129697	0.899902424242	1.53593824242	1.26613418182	0.920908242424	0.976249393939	1.06084812121	0.832520606061	1.25066048485	1.3298790303	1.59102557576	1.02511678788	1.38962254545	1.32363333333	1.53106757576	0.749301151515	0.799309393939	0.897338242424	0.590807636364	1.38054145455	1.56699575758	0.984038121212	0.607180727273	1.19616272727	1.63452830303	1.79064309091	1.1006569697	1.22394224242	0.755116363636	1.22106690909
PBW55	0.945662969697	1.62848484848	1.87147642424	1.39199939394	0.839996545455	0.968857939394	1.07789127273	1.07884642424	1.18260521212	0.854048242424	1.20040339394	0.935185090909	1.93843630303	1.92592709091	1.03572751515	1.23990563636	0.748410727273	0.767661333333	0.935820909091	0.710861575758	0.852016181818	0.0	1.07452357576	1.05316842424	1.39743030303	1.43456448485	1.00852933333	0.936805151515	1.72515236364	0.760013757576	1.71747436364	0.767797393939	1.42440266667	1.10725678788	0.754910969697	0.839019515152	0.861573393939	0.868728909091	0.929220424242	1.65133715152	1.49002818182	0.878863757576	1.05134830303	1.29840878788	1.49573987879	0.694717575758	0.604249212121	0.81755830303	0.992351575758	1.62373484848	1.82754830303	1.25140993939	0.687923333333	1.14963975758	1.58339309091	1.47529866667	1.06430321212	0.997574666667	0.704582848485	1.31949121212
PBW56	1.13660509091	1.39256515152	1.53657915152	1.09897036364	1.10869418182	1.13956515152	1.02837775758	0.803923090909	1.42691763636	1.06449787879	0.90232030303	1.38370939394	1.6014169697	1.747676	1.15405060606	1.79251442424	0.83742969697	1.25449048485	1.51944339394	1.33190587879	1.15759260606	1.07452357576	0.0	0.86567030303	1.04171315152	1.23920430303	0.575026	1.20689672727	1.43849230303	0.897046181818	1.44673854545	1.12892109091	1.15230260606	0.870494787879	0.787759757576	0.746519333333	0.815773575758	1.44969781818	1.31252727273	1.48300993939	1.33937660606	1.23222115152	1.25363660606	1.07955236364	1.10400478788	1.25761327273	1.14785036364	1.14587739394	1.06788909091	1.40538945455	1.54792727273	1.15897193939	1.09576290909	0.84725969697	1.29245181818	1.72609763636	0.837485454545	0.98985	0.936899636364	1.12378763636
PBW58	1.05710157576	1.05080575758	1.32784509091	0.944896181818	0.992374545455	1.03869969697	0.962855454545	0.774800666667	1.28329569697	1.00287157576	1.02124321212	1.07181412121	1.42216836364	1.51823272727	0.910063333333	1.61206060606	0.789990060606	1.11063569697	1.34788	1.12638163636	0.959105090909	1.05316842424	0.86567030303	0.0	1.05780078788	1.05461036364	0.871455575758	1.27402072727	1.39824393939	0.971130787879	1.3392529697	0.912583636364	1.11590236364	0.826653575758	0.858049333333	0.751490484848	0.905305212121	1.18630060606	1.23945624242	1.19994933333	1.39898642424	0.975329636364	1.23748412121	0.777284	1.09496587879	1.03029206061	0.961033878788	0.991704424242	0.835429333333	1.18671066667	1.38294048485	0.846222848485	0.898912727273	0.825447212121	1.09180684848	1.63665678788	0.743635515152	1.04467181818	0.790697333333	0.912021818182
PBW59	1.3660949697	1.17522024242	1.28447545455	0.972426181818	1.37909884848	1.37951018182	1.20106363636	1.01643066667	1.56730206061	1.31535793939	0.953550909091	1.66318521212	1.40879484848	1.5098069697	1.42048036364	2.12495593939	1.11759290909	1.55668848485	1.80798733333	1.60304666667	1.46155763636	1.39743030303	1.04171315152	1.05780078788	0.0	0.984952727273	1.13301745455	1.54773727273	1.2301230303	1.23037145455	1.28734357576	1.41182551515	1.06949345455	0.928324424242	1.12317351515	1.06939854545	1.10497581818	1.72467133333	1.631858	1.12878745455	1.11769181818	1.54323987879	1.35646769697	0.860469636364	0.786392484848	1.50845127273	1.37384557576	1.41510363636	1.31359012121	1.373146	1.48264539394	1.059724	1.38859666667	0.859669818182	1.01185078788	1.77843806061	0.903195090909	0.970691030303	1.18132187879	0.960661151515
PBW60	1.64091569697	1.26405551515	1.23331678788	0.940872969697	1.58495981818	1.59791369697	1.52249066667	1.22922	1.82199042424	1.55036969697	1.3769809697	1.79616048485	1.25426260606	1.23693581818	1.2968910303	2.01845654545	1.21277036364	1.49010630303	1.82467278788	1.45069478788	1.38450987879	1.43456448485	1.23920430303	1.05461036364	0.984952727273	0.0	1.32182763636	1.69984927273	1.17943587879	1.38893169697	1.05081775758	1.41321715152	1.08609066667	1.01905933333	1.25292575758	1.19409636364	1.31865448485	1.64306430303	1.77498539394	0.729906484848	1.17685715152	1.59692981818	1.51318987879	0.923121757576	0.814333818182	1.53864654545	1.42546678788	1.44093248485	1.21542842424	1.05063363636	1.11125521212	0.94255430303	1.30922806061	1.02544060606	1.02249890909	2.10064181818	1.09231945455	1.28330981818	1.28495072727	0.849570242424
PEP16	1.0979709697	1.44125890909	1.65386127273	1.2131150303	0.996019939394	1.07077915152	1.03800775758	0.862971151515	1.34044206061	1.00391466667	0.953505575758	1.27508654545	1.63093509091	1.82158309091	1.08773624242	1.71208854545	0.768135575758	1.17179684848	1.43616090909	1.27263587879	1.08967460606	1.00852933333	0.575026	0.871455575758	1.13301745455	1.32182763636	0.0	0.996906848485	1.5056110303	0.777101757576	1.527074	1.05170648485	1.15504909091	0.898144909091	0.76865569697	0.745193939394	0.762483575758	1.37606915152	1.23659751515	1.50952066667	1.3861610303	1.17955333333	1.22793909091	1.14068587879	1.22844618182	1.19398557576	1.06762812121	1.07426060606	1.02775775758	1.43374818182	1.55684975758	1.15086157576	1.02272915152	0.928539515152	1.38996969697	1.63233987879	0.869784424242	1.00961454545	0.844643454545	1.21077424242
PEP18	0.907014545455	1.76992733333	2.07185187879	1.693582	0.944270666667	1.13137242424	1.19756333333	1.29462115152	1.16265824242	0.997997151515	1.31689872727	0.904633636364	2.04505842424	2.24628933333	1.49641	1.39433151515	1.07705272727	1.17903739394	0.967134545455	1.24271751515	1.4034910303	0.936805151515	1.20689672727	1.27402072727	1.54773727273	1.69984927273	0.996906848485	0.0	1.89161048485	0.802393333333	1.97834545455	1.03971709091	1.62889957576	1.29012218182	1.08111721212	1.0246349697	0.953315151515	1.05718509091	0.863612242424	1.94199709091	1.70148012121	1.10767981818	0.856295393939	1.5069129697	1.66506890909	1.08638478788	1.06507509091	1.14339	1.41809575758	1.89648969697	2.04048266667	1.49724551515	1.15123090909	1.39619787879	1.76137593939	1.13647727273	1.24375042424	1.11419654545	1.11379260606	1.61097648485
PEP21	1.76458672727	1.58911539394	0.931724787879	1.06884327273	1.79557945455	1.80690921212	1.63671490909	1.43774678788	2.02524460606	1.70812387879	1.44564957576	2.03759527273	0.836426121212	0.988015939394	1.73691866667	2.46236187879	1.53258466667	1.91282472727	2.18411727273	1.9283049697	1.80164515152	1.72515236364	1.43849230303	1.39824393939	1.2301230303	1.17943587879	1.5056110303	1.89161048485	0.0	1.57178733333	0.690781030303	1.72392939394	0.945326181818	1.20289921212	1.50388987879	1.4324110303	1.52573254545	2.05960769697	2.02196721212	1.21387145455	1.50601581818	1.90345418182	1.90648854545	1.23479375758	1.07753187879	1.86789163636	1.7852470303	1.80957163636	1.66877266667	0.963705151515	0.948600666667	1.37254242424	1.74568345455	1.21414606061	0.897305818182	2.20114509091	1.30979860606	1.44823866667	1.53669109091	1.0548429697
PEP23	0.843573333333	1.48777206061	1.72479260606	1.30954975758	0.732807878788	0.908731575758	0.910360424242	0.90332369697	1.11793763636	0.820905393939	0.98255569697	1.02256030303	1.77883260606	1.91255939394	1.18926393939	1.50928460606	0.717629939394	0.996486727273	1.21211248485	1.03088369697	1.08971006061	0.760013757576	0.897046181818	0.971130787879	1.23037145455	1.38893169697	0.777101757576	0.802393333333	1.57178733333	0.0	1.62886509091	0.814590909091	1.30218006061	1.03488024242	0.720069575758	0.701322242424	0.710590545455	1.08941684848	0.973314181818	1.59085369697	1.3821049697	0.967434969697	0.938094666667	1.18829369697	1.33869763636	0.939444909091	0.82427969697	0.905222	1.12807163636	1.60857454545	1.75843321212	1.13955569697	0.929876848485	1.07814575758	1.4357610303	1.3964250303	1.0132769697	0.82727969697	0.824844848485	1.27698860606
PEP24	1.81398909091	1.66079230303	0.942199636364	0.944445030303	1.82948484848	1.81814963636	1.68940684848	1.42215315152	2.07381193939	1.72585484848	1.53518284848	2.05939509091	0.896520848485	0.864980484848	1.57018478788	2.30313090909	1.43296327273	1.78146854545	2.1309470303	1.78483812121	1.6596129697	1.71747436364	1.44673854545	1.3392529697	1.28734357576	1.05081775758	1.527074	1.97834545455	0.690781030303	1.62886509091	0.0	1.63286509091	0.960632787879	1.24527078788	1.47438872727	1.42425957576	1.55430606061	1.89792557576	2.02540060606	1.05486678788	1.5148070303	1.86614672727	1.96039454545	1.19624	1.10916745455	1.75458260606	1.76012030303	1.73644939394	1.51671054545	0.831467878788	0.745980606061	1.273018	1.62653854545	1.18310248485	0.984382484848	2.4060210303	1.35239709091	1.59386527273	1.53698751515	1.00557381818
PEP26	0.986391636364	1.36099024242	1.79653321212	1.33569412121	0.866684121212	0.978440909091	0.992696545455	1.03220006061	1.11883969697	0.93459969697	1.1595149697	1.02889375758	1.70780230303	1.85071381818	1.01177266667	1.34287684848	0.769421454545	0.821026848485	1.08626242424	0.814924909091	0.899902424242	0.767797393939	1.12892109091	0.912583636364	1.41182551515	1.41321715152	1.05170648485	1.03971709091	1.72392939394	0.814590909091	1.63286509091	0.0	1.4244290303	1.17820254545	0.936572121212	0.907667333333	0.864545333333	0.925169090909	1.02083915152	1.5068270303	1.50418412121	0.87704430303	1.12059587879	1.24594424242	1.46436721212	0.782536181818	0.723789636364	0.754270484848	0.955691757576	1.55482218182	1.74405842424	1.12172587879	0.709712	1.18815763636	1.56904963636	1.39825327273	1.02745745455	1.05241933333	0.715964606061	1.19612581818
PEP27	1.53226090909	1.3820289697	1.10334793939	0.789002787879	1.52273642424	1.55181478788	1.42233745455	1.1594950303	1.74983987879	1.45327187879	1.31090254545	1.78122993939	1.12323969697	1.27969412121	1.50925321212	2.18091157576	1.19283472727	1.68951236364	1.93123957576	1.63255054545	1.53593824242	1.42440266667	1.15230260606	1.11590236364	1.06949345455	1.08609066667	1.15504909091	1.62889957576	0.945326181818	1.30218006061	0.960632787879	1.4244290303	0.0	0.916214242424	1.20695012121	1.13142145455	1.27819266667	1.78585872727	1.73025824242	1.09784878788	1.48047363636	1.62054933333	1.66551884848	0.978545151515	0.962278060606	1.60784557576	1.5154129697	1.5772569697	1.36992660606	0.935377272727	1.08179945455	1.146808	1.42871860606	0.855772848485	0.826979515152	2.06719018182	1.10129484848	1.26513672727	1.28392212121	0.84860369697
PEP28	1.25346327273	1.25812939394	1.37042872727	0.956302727273	1.25386012121	1.27751169697	1.12428054545	0.899846969697	1.51483993939	1.17524454545	1.01820624242	1.52482393939	1.37587054545	1.58164981818	1.15798927273	1.90583490909	0.930143272727	1.40132333333	1.61648072727	1.34430151515	1.26613418182	1.10725678788	0.870494787879	0.826653575758	0.928324424242	1.01905933333	0.898144909091	1.29012218182	1.20289921212	1.03488024242	1.24527078788	1.17820254545	0.916214242424	0.0	0.875165090909	0.820525030303	0.93508630303	1.48676884848	1.43226133333	1.23101224242	1.32487915152	1.36786539394	1.35950121212	0.908206545455	1.00221836364	1.30153436364	1.26044478788	1.23940672727	1.07381357576	1.22945878788	1.36080460606	0.982618	1.17109648485	0.732462727273	1.047506	1.77793218182	0.757536969697	0.959487090909	0.944544121212	0.966224484848
PEP29	1.02985878788	1.46383145455	1.61479309091	1.16187618182	0.990335030303	1.05234466667	0.94109	0.802328787879	1.34861290909	0.984850363636	0.937194969697	1.1247869697	1.71410836364	1.80626715152	0.968544787879	1.49264290909	0.635903393939	0.97185969697	1.25530460606	1.00010951515	0.920908242424	0.754910969697	0.787759757576	0.858049333333	1.12317351515	1.25292575758	0.76865569697	1.08111721212	1.50388987879	0.720069575758	1.47438872727	0.936572121212	1.20695012121	0.875165090909	0.0	0.611444787879	0.772623393939	1.129628	1.07070727273	1.50784072727	1.24562533333	1.00753775758	1.13837224242	1.14299066667	1.23248054545	0.952252060606	0.853543939394	0.919874363636	0.917753212121	1.50131927273	1.62912363636	1.10999084848	0.797257212121	0.908461151515	1.34628212121	1.64888709091	0.976985575758	0.905207818182	0.691075515152	1.15789333333
PEP30	0.961426848485	1.33139321212	1.53808139394	1.10380812121	0.916651575758	1.01421406061	0.880378181818	0.740675272727	1.27586533333	0.953831393939	0.827856606061	1.15872521212	1.57321254545	1.69735157576	1.00124630303	1.61990066667	0.637032787879	1.08879309091	1.29070030303	1.08387309091	0.976249393939	0.839019515152	0.746519333333	0.751490484848	1.06939854545	1.19409636364	0.745193939394	1.0246349697	1.4324110303	0.701322242424	1.42425957576	0.907667333333	1.13142145455	0.820525030303	0.611444787879	0.0	0.716845636364	1.19623824242	1.1028210303	1.39023363636	1.20798806061	1.0704830303	1.08286939394	1.00828587879	1.15616909091	1.04125721212	0.890097575758	0.948901575758	0.940847818182	1.38334054545	1.56853278788	1.05325575758	0.921327212121	0.865700848485	1.20825575758	1.53036775758	0.793523212121	0.791073333333	0.716954363636	1.03576006061
PIS1	0.796022787879	1.35252309091	1.60653648485	1.19502781818	0.832112	0.848143818182	0.789185393939	0.787560787879	1.10029884848	0.745363090909	0.855172909091	1.07401993939	1.65613309091	1.83449212121	1.12050648485	1.58800109091	0.741637212121	1.06269787879	1.28625830303	1.08317472727	1.06084812121	0.861573393939	0.815773575758	0.905305212121	1.10497581818	1.31865448485	0.762483575758	0.953315151515	1.52573254545	0.710590545455	1.55430606061	0.864545333333	1.27819266667	0.93508630303	0.772623393939	0.716845636364	0.0	1.16475115152	1.04207672727	1.41784933333	1.17432630303	0.991829151515	0.839991393939	1.05430133333	1.12363593939	0.952558242424	0.871975454545	0.85577969697	1.07773951515	1.50105733333	1.67269466667	1.19487969697	0.885186181818	0.945404787879	1.32152357576	1.39176575758	0.915238545455	0.811434	0.689719878788	1.16748872727
PIS2	1.00581248485	1.76494624242	2.09243660606	1.61798006061	1.00411527273	1.17333024242	1.29155387879	1.27777521212	1.23859715152	1.04439957576	1.50753339394	0.793899333333	2.06372036364	2.0888430303	0.90516769697	0.822110787879	1.10031090909	0.775601757576	0.726135030303	0.680986727273	0.832520606061	0.868728909091	1.44969781818	1.18630060606	1.72467133333	1.64306430303	1.37606915152	1.05718509091	2.05960769697	1.08941684848	1.89792557576	0.925169090909	1.78585872727	1.48676884848	1.129628	1.19623824242	1.16475115152	0.0	0.851409939394	1.73992387879	1.82211636364	0.813991212121	1.10123709091	1.51146666667	1.75012490909	0.598504545455	0.817630363636	0.937415090909	1.03396909091	1.79823236364	1.96984424242	1.3314810303	0.791113212121	1.49294854545	1.85024733333	1.45201569697	1.35618218182	1.42509860606	0.980361454545	1.50553042424
PIS4	0.848830666667	1.73039606061	2.03399709091	1.58600745455	0.873966545455	1.04993569697	1.18013278788	1.16928406061	1.15197666667	0.910783575758	1.30724830303	0.732845393939	2.0794230303	2.24225648485	1.37616369697	1.08053745455	1.05740484848	1.09504490909	0.858699151515	1.14323266667	1.25066048485	0.929220424242	1.31252727273	1.23945624242	1.631858	1.77498539394	1.23659751515	0.863612242424	2.02196721212	0.973314181818	2.02540060606	1.02083915152	1.73025824242	1.43226133333	1.07070727273	1.1028210303	1.04207672727	0.851409939394	0.0	1.82747115152	1.7126670303	0.924845878788	0.771089333333	1.47319321212	1.71211533333	0.931990121212	0.901066	1.06645872727	1.31139393939	1.92550678788	2.08713733333	1.48513848485	1.094748	1.42596042424	1.79196066667	1.09821084848	1.38409054545	1.32792139394	1.0002489697	1.57636181818
PIS5	1.70346424242	1.26704054545	1.10693575758	0.906833151515	1.69779248485	1.65279327273	1.59661424242	1.3464850303	1.8212650303	1.61002975758	1.44472830303	1.9171669697	1.16180606061	1.04492472727	1.27823424242	2.11072678788	1.39326387879	1.53853133333	1.9485430303	1.50141084848	1.3298790303	1.65133715152	1.48300993939	1.19994933333	1.12878745455	0.729906484848	1.50952066667	1.94199709091	1.21387145455	1.59085369697	1.05486678788	1.5068270303	1.09784878788	1.23101224242	1.50784072727	1.39023363636	1.41784933333	1.73992387879	1.82747115152	0.0	1.16646630303	1.70779036364	1.56717612121	0.978695393939	0.842200424242	1.62840418182	1.49582406061	1.55039715152	1.1913049697	0.987187515152	1.05143624242	1.02354127273	1.45630945455	1.11346951515	0.986394727273	2.08499787879	1.25269478788	1.49789133333	1.40527018182	0.937198060606
PIS7	1.47829212121	1.3607410303	1.41177866667	1.3543770303	1.50912872727	1.50138163636	1.32920818182	1.28458612121	1.603918	1.44076951515	1.09926212121	1.80678127273	1.55890460606	1.81141806061	1.61724175758	2.21436593939	1.24239648485	1.69423448485	1.93501963636	1.72342187879	1.59102557576	1.49002818182	1.33937660606	1.39898642424	1.11769181818	1.17685715152	1.3861610303	1.70148012121	1.50601581818	1.3821049697	1.5148070303	1.50418412121	1.48047363636	1.32487915152	1.24562533333	1.20798806061	1.17432630303	1.82211636364	1.7126670303	1.16646630303	0.0	1.63462224242	1.34606024242	1.20348436364	1.10278430303	1.59044406061	1.49152806061	1.54452127273	1.58091660606	1.73786509091	1.77395018182	1.47020309091	1.50009333333	1.34134515152	1.29607121212	1.88426539394	1.36963321212	1.18759024242	1.29634460606	1.3547110303
PIS9	0.88152430303	1.51445151515	1.78814539394	1.42865587879	0.816134484848	0.877975272727	1.02387018182	1.09137551515	1.08653672727	0.805164	1.31792981818	0.868979030303	1.93584709091	2.00034127273	1.10610545455	1.21966151515	1.01427993939	0.850707636364	0.993873393939	0.922309212121	1.02511678788	0.878863757576	1.23222115152	0.975329636364	1.54323987879	1.59692981818	1.17955333333	1.10767981818	1.90345418182	0.967434969697	1.86614672727	0.87704430303	1.62054933333	1.36786539394	1.00753775758	1.0704830303	0.991829151515	0.813991212121	0.924845878788	1.70779036364	1.63462224242	0.0	0.985451333333	1.34577109091	1.51639224242	0.698618545455	0.804092969697	0.778831515152	1.04921157576	1.70136587879	1.87330236364	1.254968	0.867439454545	1.3414350303	1.67877745455	1.43730024242	1.26064878788	1.28029187879	0.946795818182	1.43886587879
PIS10	0.807346909091	1.52245860606	1.84627090909	1.51185254545	0.849500969697	0.914671333333	1.01586333333	1.09520054545	1.00317230303	0.814789393939	1.12482054545	0.86520430303	1.98322145455	2.171776	1.48694466667	1.35943951515	1.10485757576	1.23441387879	1.09589236364	1.2847589697	1.38962254545	1.05134830303	1.25363660606	1.23748412121	1.35646769697	1.51318987879	1.22793909091	0.856295393939	1.90648854545	0.938094666667	1.96039454545	1.12059587879	1.66551884848	1.35950121212	1.13837224242	1.08286939394	0.839991393939	1.10123709091	0.771089333333	1.56717612121	1.34606024242	0.985451333333	0.0	1.32626218182	1.36355206061	1.05840539394	0.967217030303	1.11487121212	1.42986993939	1.93201442424	2.06720727273	1.53351157576	1.19669042424	1.35653436364	1.60350212121	1.065458	1.35094060606	1.09899327273	1.107788	1.55083781818
PIS11	1.20220630303	0.945341636364	1.03967539394	0.763834727273	1.18234109091	1.16854284848	1.073402	0.917316666667	1.33032284848	1.16100175758	1.02355690909	1.48407715152	1.26262569697	1.46417466667	1.31809072727	2.02137551515	1.05285793939	1.52247472727	1.68981393939	1.451774	1.32363333333	1.29840878788	1.07955236364	0.777284	0.860469636364	0.923121757576	1.14068587879	1.5069129697	1.23479375758	1.18829369697	1.19624	1.24594424242	0.978545151515	0.908206545455	1.14299066667	1.00828587879	1.05430133333	1.51146666667	1.47319321212	0.978695393939	1.20348436364	1.34577109091	1.32626218182	0.0	0.836140424242	1.36411884848	1.22881278788	1.35661254545	1.2088430303	1.21365745455	1.36855248485	0.94603169697	1.29809018182	0.830686	0.803080787879	1.80587472727	0.948334060606	1.10751812121	1.12317636364	0.826682424242
PIS14	1.47406733333	1.1656870303	0.971685030303	0.768047515152	1.44444963636	1.42257515152	1.2589150303	1.07606557576	1.60619660606	1.33913806061	1.07195006061	1.75879987879	1.17491533333	1.41129581818	1.48143309091	2.18777084848	1.22418709091	1.63769781818	1.88695618182	1.66952193939	1.53106757576	1.49573987879	1.10400478788	1.09496587879	0.786392484848	0.814333818182	1.22844618182	1.66506890909	1.07753187879	1.33869763636	1.10916745455	1.46436721212	0.962278060606	1.00221836364	1.23248054545	1.15616909091	1.12363593939	1.75012490909	1.71211533333	0.842200424242	1.10278430303	1.51639224242	1.36355206061	0.836140424242	0.0	1.54577006061	1.41774145455	1.40223769697	1.37062369697	1.14693315152	1.27141678788	1.04304036364	1.46077048485	0.913115393939	0.835852606061	1.95418860606	1.11335642424	1.24376690909	1.29255739394	0.844526969697
PIS15	0.946790363636	1.66671563636	1.91455484848	1.42888763636	0.817422	0.995999393939	1.15098084848	1.14285442424	1.19661430303	0.872031393939	1.28502763636	0.877636484848	1.90443072727	1.93773654545	0.846644242424	1.03068454545	0.874610848485	0.643063393939	0.837535818182	0.635838424242	0.749301151515	0.694717575758	1.25761327273	1.03029206061	1.50845127273	1.53864654545	1.19398557576	1.08638478788	1.86789163636	0.939444909091	1.75458260606	0.782536181818	1.60784557576	1.30153436364	0.952252060606	1.04125721212	0.952558242424	0.598504545455	0.931990121212	1.62840418182	1.59044406061	0.698618545455	1.05840539394	1.36411884848	1.54577006061	0.0	0.665463030303	0.769084969697	0.906721878788	1.65678454545	1.83066260606	1.22507478788	0.64638369697	1.30763466667	1.64702060606	1.48915284848	1.17826284848	1.23504436364	0.755307939394	1.31642927273
PLL76	0.941327939394	1.49958060606	1.78404309091	1.37955575758	0.807913151515	0.892246909091	1.06366533333	1.04449660606	1.06688206061	0.850735272727	1.19235539394	0.910044	1.84822830303	1.8773749697	0.965038909091	1.1484949697	0.754122969697	0.693573939394	0.883050969697	0.782104848485	0.799309393939	0.604249212121	1.14785036364	0.961033878788	1.37384557576	1.42546678788	1.06762812121	1.06507509091	1.7852470303	0.82427969697	1.76012030303	0.723789636364	1.5154129697	1.26044478788	0.853543939394	0.890097575758	0.871975454545	0.817630363636	0.901066	1.49582406061	1.49152806061	0.804092969697	0.967217030303	1.22881278788	1.41774145455	0.665463030303	0.0	0.628907636364	0.851887090909	1.55938248485	1.7690010303	1.12797636364	0.670207454545	1.17900521212	1.53537636364	1.37512048485	1.09499339394	1.07115866667	0.671321878788	1.27506878788
