	PAM31	PAM32	PAM33	PAM35	PAM36	PAM37	PAM39	PAM40	PAM41	PAM42	PAM43	PAM44	PAM45	PBW46	PBW47	PBW49	PBW50	PBW51	PBW52	PBW53	PBW54	PBW55	PBW56	PBW58	PBW59	PBW60	PEP16	PEP18	PEP21	PEP23	PEP24	PEP26	PEP27	PEP28	PEP29	PEP30	PIS1	PIS2	PIS4	PIS5	PIS7	PIS9	PIS10	PIS11	PIS14	PIS15	PLL76	PLL77	PLL79	PLL80	PLL83	PLL88	PLL89	PLL90	PPO64	PPO66	PPO67	PPO69	PPO72	PPO75
PAM31	0.0	1.34916369697	1.91079939394	1.33839848485	0.981444909091	1.01419490909	1.15972048485	1.20938993939	0.925343636364	0.611950424242	0.854131090909	0.988569393939	2.05378078788	2.49097024242	1.72311478788	1.63244921212	1.23801709091	1.279682	1.22319969697	1.2534550303	1.40125848485	1.11135672727	1.01345006061	1.10678490909	1.4570549697	1.69125824242	1.03330315152	0.892614727273	1.9599829697	1.51744993939	1.8890389697	1.22846878788	1.632804	1.20131751515	1.2296949697	1.1531789697	0.67819969697	1.32123115152	0.881418545455	1.81099781818	1.79116460606	1.25644872727	0.985497757576	1.18526054545	1.40083187879	1.29100951515	1.04655642424	1.03132981818	1.28579169697	2.01168951515	2.097984	1.39617424242	1.29434642424	1.30960993939	1.86129248485	1.08936169697	1.16474090909	1.32837969697	1.28361684848	1.21690406061
PAM32	1.34916369697	0.0	1.34185957576	0.995955878788	1.0108870303	0.747579454545	0.777239333333	0.913613030303	0.954836060606	1.38781981818	1.36175951515	1.20437842424	1.62371612121	2.11852230303	1.38157424242	2.24850818182	1.07020406061	1.60454133333	1.34349587879	1.67717872727	1.44955987879	1.389518	1.49274175758	1.0538390303	1.13300727273	1.1814409697	1.33998648485	1.54794606061	1.61635115152	1.23841472727	1.57500254545	1.144256	1.2799730303	1.13607139394	1.16155733333	1.21950315152	1.36845478788	1.93133678788	1.47642781818	1.29742672727	1.36339363636	1.16519412121	1.52730375758	0.760908606061	1.01599557576	1.16813733333	1.50338145455	1.65138248485	1.40567030303	1.56342218182	1.63887933333	1.19382521212	1.27472563636	1.08279	1.30909024242	1.526246	1.16829466667	0.947182909091	1.09322212121	1.02387345455
PAM33	1.91079939394	1.34185957576	0.0	1.19583363636	1.5089290303	1.38627733333	1.30154642424	1.21083248485	1.74208824242	1.93464812121	1.80731169697	1.83106939394	0.886110484848	1.3411890303	1.71779212121	2.80900581818	1.55566763636	2.15432721212	1.94238418182	2.21368909091	2.00866612121	1.91130945455	2.03024872727	1.68918975758	1.33936672727	1.33821472727	1.86729260606	2.17676733333	0.938495212121	1.23357660606	0.996778	1.85608866667	1.27362145455	1.63893581818	1.68804624242	1.70423351515	1.92815206061	2.52030690909	2.10695284848	1.28197236364	1.45400133333	1.73469030303	2.13533678788	1.38241424242	1.29193866667	1.64957436364	2.06313654545	2.22421806061	1.90384563636	1.17876369697	1.21823260606	1.71072127273	1.94377466667	1.48283684848	0.747079636364	2.22756109091	1.68040066667	1.51060842424	1.59598278788	1.53108260606
PAM35	1.33839848485	0.995955878788	1.19583363636	0.0	0.759056	0.895829030303	0.873525757576	0.658910121212	1.36194624242	1.16553084848	1.29165321212	1.07200945455	1.54642193939	1.71789115152	0.931119454545	2.01946454545	0.887321757576	1.35748363636	1.14944509091	1.42062321212	1.19332933333	1.12276660606	1.29217327273	0.908098060606	0.890825333333	0.916830909091	1.12485642424	1.49857248485	1.42098218182	0.833496424242	1.1358729697	1.07981757576	0.885449878788	0.969519757576	0.944756363636	0.966279515152	1.27524872727	1.71107642424	1.34373666667	0.980931818182	1.43021012121	0.966707575758	1.53699345455	0.791824363636	0.779899333333	0.871997333333	1.34852363636	1.51156090909	1.14487575758	1.14048460606	1.22540078788	0.944099515152	1.167134	0.757334727273	1.13049412121	1.75290078788	0.941443393939	1.03357551515	0.800375939394	0.816866181818
PAM36	0.981444909091	1.0108870303	1.5089290303	0.759056	0.0	0.706456909091	0.913569393939	0.82837	1.12678115152	0.868146484848	0.990112	0.772474060606	1.72830218182	2.01058727273	1.17469424242	1.78134006061	0.800102969697	1.1191489697	0.869082909091	1.14638878788	0.987109939394	0.822570363636	0.948969151515	0.665410181818	1.12192424242	1.19612654545	0.800500424242	1.13572351515	1.59868715152	1.10843363636	1.45071066667	0.853509090909	1.16343812121	0.702625575758	0.728467272727	0.685784848485	0.995307030303	1.47864612121	1.04174745455	1.34345060606	1.44486466667	0.740418242424	1.24639090909	0.72686	1.03640951515	0.718151272727	1.06498327273	1.22412660606	0.889292606061	1.46582872727	1.51228066667	0.851416727273	0.88977	0.818909151515	1.43470612121	1.4165429697	0.691567151515	1.01259575758	0.814247212121	0.736815393939
PAM37	1.01419490909	0.747579454545	1.38627733333	0.895829030303	0.706456909091	0.0	0.575496969697	0.926234909091	0.826023272727	1.04051757576	1.11691012121	0.964331333333	1.81550163636	2.09528454545	1.27497624242	1.94200012121	0.913581090909	1.29164054545	1.05447157576	1.40530193939	1.17699618182	1.07565090909	1.11898460606	0.861242484848	1.14099072727	1.26589872727	0.995330909091	1.339434	1.67054272727	1.16406315152	1.5090989697	1.08560224242	1.23791115152	0.882296666667	0.857872060606	0.914638606061	1.12920793939	1.67091272727	1.2086729697	1.42123369697	1.50318521212	0.920679030303	1.29757593939	0.699508424242	1.07808218182	0.869512181818	1.23316551515	1.37003393939	1.11839327273	1.57430139394	1.66225915152	0.955313030303	1.15659139394	0.964897575758	1.43311127273	1.44419854545	0.932919090909	1.06138030303	0.963702787879	0.890377636364
PAM39	1.15972048485	0.777239333333	1.30154642424	0.873525757576	0.913569393939	0.575496969697	0.0	0.767047030303	0.942363515152	1.29195284848	1.07846878788	1.21317460606	1.59640806061	2.10006030303	1.32662242424	2.24916957576	0.97368969697	1.57805048485	1.33715424242	1.61081236364	1.45496793939	1.31846060606	1.34164763636	1.085758	1.07375242424	1.28880478788	1.17621260606	1.51342139394	1.48837	1.14876921212	1.48279145455	1.3314309697	1.19678339394	1.08414672727	1.03112915152	1.11871569697	1.34773460606	1.93891454545	1.45194109091	1.40704848485	1.43252909091	1.23018593939	1.49050854545	0.892241757576	1.03989115152	1.13069133333	1.5299989697	1.68128751515	1.37206090909	1.62081181818	1.66619066667	1.16237715152	1.39962969697	0.906034060606	1.35520957576	1.56282024242	1.13913278788	0.937879454545	1.0511590303	1.03284127273
PAM40	1.20938993939	0.913613030303	1.21083248485	0.658910121212	0.82837	0.926234909091	0.767047030303	0.0	1.31137309091	1.22148060606	1.06330018182	1.19973472727	1.42475618182	1.87953836364	1.11385721212	2.16337030303	0.880901090909	1.50711084848	1.31476381818	1.56144872727	1.34557448485	1.22726472727	1.34008630303	1.04091933333	0.857682121212	0.985993515152	1.17262775758	1.49915739394	1.31503169697	0.863488969697	1.1903330303	1.21444006061	0.960234787879	0.983097878788	0.932516060606	1.0400130303	1.27406854545	1.84455127273	1.42659490909	1.12050630303	1.30833975758	1.12334921212	1.51088078788	0.852807090909	0.766455636364	1.02970818182	1.455526	1.60798375758	1.30524030303	1.36033218182	1.40525260606	1.04970090909	1.30690036364	0.747364	1.1597889697	1.68636157576	1.06537509091	0.863612666667	0.981564242424	0.908619212121
PAM41	0.925343636364	0.954836060606	1.74208824242	1.36194624242	1.12678115152	0.826023272727	0.942363515152	1.31137309091	0.0	0.95671830303	1.071342	1.05655848485	2.13582090909	2.58671242424	1.74787442424	1.82804254545	1.43226787879	1.35709412121	1.31184636364	1.37763381818	1.43743387879	1.28163248485	1.22916557576	1.10160624242	1.58432187879	1.68550078788	1.20662206061	1.13361084848	2.12142684848	1.72489575758	2.06232309091	1.18808975758	1.74621418182	1.37296224242	1.37012284848	1.31159763636	0.98183569697	1.53297042424	1.07168909091	1.77234290909	1.8276009697	1.29541806061	1.09337472727	1.09443836364	1.54888569697	1.38915933333	1.15849157576	1.25675139394	1.32117181818	2.08933533333	2.15481769697	1.40081678788	1.32040072727	1.43860787879	1.82725224242	1.10606981818	1.30949533333	1.33093957576	1.4614990303	1.34654951515
PAM42	0.611950424242	1.38781981818	1.93464812121	1.16553084848	0.868146484848	1.04051757576	1.29195284848	1.22148060606	0.95671830303	0.0	1.03854236364	0.786333030303	2.16745606061	2.43625860606	1.49014290909	1.36262593939	1.22237539394	1.04897218182	1.03369872727	1.06438993939	1.16012781818	0.892206787879	0.868585575758	0.948422727273	1.47796406061	1.5959970303	0.936246060606	0.838713030303	2.02102006061	1.47352375758	1.81515569697	1.0482469697	1.54484581818	1.11199157576	1.01788757576	0.98894430303	0.643714242424	1.04900581818	0.642870666667	1.71731078788	1.88021515152	1.01143939394	0.993454242424	1.09784454545	1.38082872727	1.03808927273	0.851521151515	0.850201939394	1.04039533333	1.83077763636	1.90701309091	1.15296321212	1.14093781818	1.19240787879	1.86848315152	1.29266715152	1.04334842424	1.41536175758	1.18660278788	1.13615145455
PAM43	0.854131090909	1.36175951515	1.80731169697	1.29165321212	0.990112	1.11691012121	1.07846878788	1.06330018182	1.071342	1.03854236364	0.0	1.13588472727	1.90206630303	2.43022751515	1.72466915152	2.06044987879	1.14219957576	1.34853539394	1.31604981818	1.36820212121	1.38672848485	1.15612490909	0.985071212121	1.15652448485	1.29525866667	1.51902545455	0.998057636364	1.15051781818	1.76242133333	1.41832818182	1.78204993939	1.2164670303	1.51913242424	1.08718036364	1.12545236364	1.09828315152	0.975943393939	1.70545290909	1.24397606061	1.70298151515	1.6429010303	1.30858624242	1.13459963636	1.18600109091	1.31055412121	1.28009490909	1.28483030303	1.39755218182	1.26585030303	1.98968218182	2.01725169697	1.31900048485	1.32310842424	1.20899024242	1.69827412121	1.26053375758	1.13959175758	1.0894	1.27624636364	1.10499612121
PAM44	0.988569393939	1.20437842424	1.83106939394	1.07200945455	0.772474060606	0.964331333333	1.21317460606	1.19973472727	1.05655848485	0.786333030303	1.13588472727	0.0	2.05886327273	2.24254315152	1.21616830303	1.40539448485	1.07210006061	0.800493333333	0.717154909091	0.851268666667	0.847698545455	0.677278606061	0.872421515152	0.615434787879	1.45183781818	1.45014618182	0.834786969697	1.04812424242	1.89038436364	1.42762745455	1.69268751515	0.797848727273	1.46183157576	1.04742472727	0.866972	0.822073818182	0.94291830303	1.11860612121	0.767318	1.54166490909	1.72963945455	0.793582242424	1.21480715152	0.95979030303	1.32228854545	0.837031636364	0.75419030303	1.00547860606	0.773701454545	1.68981272727	1.76268951515	0.959215636364	0.775623212121	1.14115484848	1.71697981818	1.36703860606	0.893739757576	1.30061127273	0.956002242424	1.014972
PAM45	2.05378078788	1.62371612121	0.886110484848	1.54642193939	1.72830218182	1.81550163636	1.59640806061	1.42475618182	2.13582090909	2.16745606061	1.90206630303	2.05886327273	0.0	1.31434266667	1.89608769697	3.02693824242	1.64986321212	2.26943939394	2.07975236364	2.34126975758	2.18247078788	2.09360042424	2.14538090909	1.87295939394	1.50246775758	1.50245660606	2.02302757576	2.27814521212	0.933988969697	1.36253339394	1.09125490909	1.89870472727	1.40723715152	1.76406	1.84857551515	1.84768739394	2.13404206061	2.71016236364	2.30066151515	1.50415521212	1.58765545455	1.94783242424	2.31765284848	1.71189090909	1.48294272727	1.85984909091	2.30076654545	2.40701254545	2.11413684848	1.31415018182	1.32067690909	1.85477927273	1.9839610303	1.66330393939	1.02207666667	2.33814454545	1.84592957576	1.62416	1.69806151515	1.69347890909
PBW46	2.49097024242	2.11852230303	1.3411890303	1.71789115152	2.01058727273	2.09528454545	2.10006030303	1.87953836364	2.58671242424	2.43625860606	2.43022751515	2.24254315152	1.31434266667	0.0	1.49807436364	2.90409242424	1.88663569697	2.08564690909	2.00978860606	2.19784975758	2.00948787879	2.17821193939	2.38632806061	2.10208218182	1.76363527273	1.66267769697	2.25560684848	2.57337769697	1.27400824242	1.63211230303	1.23354884848	2.15087212121	1.57116381818	2.02077345455	2.04151854545	2.07734048485	2.41099490909	2.72468284848	2.51359424242	1.47361145455	1.90323678788	2.05802854545	2.65520181818	2.01440630303	1.81542927273	1.9336889697	2.34823151515	2.50338648485	2.07111927273	1.02033806061	1.10499787879	1.84657866667	1.99460078788	1.75157593939	1.37163557576	2.70928175758	1.96394157576	1.9888809697	1.72702539394	1.86068484848
PBW47	1.72311478788	1.38157424242	1.71779212121	0.931119454545	1.17469424242	1.27497624242	1.32662242424	1.11385721212	1.74787442424	1.49014290909	1.72466915152	1.21616830303	1.89608769697	1.49807436364	0.0	1.75639709091	1.1348729697	0.954837878788	1.03038054545	1.12745878788	0.867494727273	1.1373929697	1.46051733333	1.14448539394	1.20916733333	1.13499472727	1.33263939394	1.65940672727	1.66606648485	1.14053345455	1.32985521212	1.14496418182	1.167476	1.15069	1.0132170303	1.07522563636	1.56744393939	1.52205915152	1.46027648485	1.02665672727	1.63598048485	1.02427551515	1.80997012121	1.18515654545	1.09468339394	0.870985151515	1.22605266667	1.52392787879	0.990997878788	1.07965424242	1.08681406061	0.84619	0.889216363636	1.00092327273	1.52967406061	1.97712630303	1.06914478788	1.32277545455	0.862479393939	1.06134648485
PBW49	1.63244921212	2.24850818182	2.80900581818	2.01946454545	1.78134006061	1.94200012121	2.24916957576	2.16337030303	1.82804254545	1.36262593939	2.06044987879	1.40539448485	3.02693824242	2.90409242424	1.75639709091	0.0	1.9441470303	1.18478345455	1.38379690909	1.14211248485	1.29116987879	1.37473345455	1.63201418182	1.69555242424	2.25647763636	2.20992527273	1.70698921212	1.56668066667	2.78068042424	2.23977139394	2.46108963636	1.60956321212	2.21765527273	1.91689278788	1.70667472727	1.66693193939	1.49954818182	0.713132727273	1.33424484848	2.27221866667	2.54665454545	1.57334581818	1.59745327273	1.99411678788	2.16841163636	1.57616042424	1.24554478788	1.29935806061	1.39193545455	2.33587109091	2.39815987879	1.62857921212	1.40815393939	1.94846606061	2.62898484848	1.87089406061	1.74243581818	2.24196660606	1.73675660606	1.85661727273
PBW50	1.23801709091	1.07020406061	1.55566763636	0.887321757576	0.800102969697	0.913581090909	0.97368969697	0.880901090909	1.43226787879	1.22237539394	1.14219957576	1.07210006061	1.64986321212	1.88663569697	1.1348729697	1.9441470303	0.0	1.20398806061	1.03793642424	1.2802329697	1.11401763636	0.946542060606	1.08811418182	0.917115575758	0.86814430303	1.01600042424	0.944999151515	1.25621218182	1.42453521212	0.956650545455	1.25641824242	0.986409151515	0.988265212121	0.763886121212	0.764300909091	0.807509393939	1.12508963636	1.69281212121	1.278716	1.18444787879	1.25320448485	1.08059115152	1.373154	0.835317151515	0.872304969697	0.858767212121	1.16875472727	1.32629321212	1.08246527273	1.37023048485	1.39626739394	0.844900060606	1.03647648485	0.652906666667	1.334896	1.54039563636	0.773447212121	0.776510969697	0.710507030303	0.722857515152
PBW51	1.279682	1.60454133333	2.15432721212	1.35748363636	1.1191489697	1.29164054545	1.57805048485	1.50711084848	1.35709412121	1.04897218182	1.34853539394	0.800493333333	2.26943939394	2.08564690909	0.954837878788	1.18478345455	1.20398806061	0.0	0.658572121212	0.594463454545	0.587391151515	0.783774484848	0.917911212121	1.05826884848	1.57672072727	1.49215248485	1.02739775758	1.19078957576	2.11213939394	1.51680612121	1.75571793939	0.899843757576	1.52396369697	1.2101870303	1.05597030303	0.948026787879	1.12178145455	1.05498272727	0.983155939394	1.49880272727	1.9003290303	0.914592545455	1.431776	1.36348387879	1.4942770303	0.946511030303	0.754554060606	0.969788545455	0.693227757576	1.4890950303	1.59078648485	0.893004242424	0.659814848485	1.28918818182	1.96154842424	1.64507593939	1.07167866667	1.58621563636	1.04752648485	1.18638412121
PBW52	1.22319969697	1.34349587879	1.94238418182	1.14944509091	0.869082909091	1.05447157576	1.33715424242	1.31476381818	1.31184636364	1.03369872727	1.31604981818	0.717154909091	2.07975236364	2.00978860606	1.03038054545	1.38379690909	1.03793642424	0.658572121212	0.0	0.784951818182	0.563392	0.723678969697	1.03280575758	0.81372630303	1.45773745455	1.35516206061	0.959563939394	1.25814860606	1.94184218182	1.42565133333	1.65664593939	0.778920727273	1.42222624242	1.07851987879	0.925444969697	0.836624363636	1.18938642424	1.16287678788	0.955872545455	1.45109145455	1.75964915152	0.782775212121	1.40613490909	1.10672278788	1.35703448485	0.785976363636	0.831874060606	1.06920612121	0.634685939394	1.46044569697	1.55806127273	0.825032363636	0.585419454545	1.13092284848	1.73648236364	1.51111012121	0.887263151515	1.36574715152	0.837459212121	0.905091636364
PBW53	1.2534550303	1.67717872727	2.21368909091	1.42062321212	1.14638878788	1.40530193939	1.61081236364	1.56144872727	1.37763381818	1.06438993939	1.36820212121	0.851268666667	2.34126975758	2.19784975758	1.12745878788	1.14211248485	1.2802329697	0.594463454545	0.784951818182	0.0	0.565975090909	0.798269454545	1.08016642424	1.05898078788	1.6705810303	1.57209484848	1.11391915152	1.15520951515	2.13226890909	1.57224569697	1.81137	0.984318727273	1.60782436364	1.25867278788	1.12429036364	0.997083454545	1.1635869697	0.930867515152	0.983593090909	1.59566327273	1.93775975758	1.03014424242	1.42382733333	1.40566381818	1.60148933333	1.00898163636	0.76706830303	1.11191939394	0.755903575758	1.70484818182	1.74462133333	0.972940181818	0.715599030303	1.37767284848	2.03626375758	1.63218969697	1.11806284848	1.57018321212	1.09790521212	1.168462
PBW54	1.40125848485	1.44955987879	2.00866612121	1.19332933333	0.987109939394	1.17699618182	1.45496793939	1.34557448485	1.43743387879	1.16012781818	1.38672848485	0.847698545455	2.18247078788	2.00948787879	0.867494727273	1.29116987879	1.11401763636	0.587391151515	0.563392	0.565975090909	0.0	0.688362727273	1.09765484848	0.886890787879	1.49580690909	1.35783612121	0.956035090909	1.27428145455	1.94248133333	1.3737669697	1.59475975758	0.842122909091	1.39098612121	1.06773418182	0.879480727273	0.818873575758	1.23786581818	1.03830624242	1.07443242424	1.36720212121	1.79209969697	0.775711818182	1.45286933333	1.16405890909	1.37853218182	0.744833333333	0.841495151515	1.20400733333	0.581931757576	1.45041151515	1.50050115152	0.786027636364	0.574766121212	1.16486078788	1.80959642424	1.69315448485	0.909910787879	1.41244642424	0.913400666667	0.985374787879
PBW55	1.11135672727	1.389518	1.91130945455	1.12276660606	0.822570363636	1.07565090909	1.31846060606	1.22726472727	1.28163248485	0.892206787879	1.15612490909	0.677278606061	2.09360042424	2.17821193939	1.1373929697	1.37473345455	0.946542060606	0.783774484848	0.723678969697	0.798269454545	0.688362727273	0.0	0.777769575758	0.874754121212	1.28428878788	1.38351630303	0.688224606061	1.016682	1.79148224242	1.24146363636	1.60683266667	0.818664545455	1.25581866667	0.918165030303	0.732303818182	0.741429393939	0.911785636364	1.16673515152	0.876287272727	1.49577442424	1.64231272727	0.911415636364	1.26289872727	1.0852330303	1.2523009697	0.787349393939	0.730608545455	1.0765169697	0.701017393939	1.61134878788	1.71246048485	0.909265636364	0.705253454545	0.947592484848	1.74218375758	1.52316412121	0.816732909091	1.18841206061	0.886001454545	1.00844563636
PBW56	1.01345006061	1.49274175758	2.03024872727	1.29217327273	0.948969151515	1.11898460606	1.34164763636	1.34008630303	1.22916557576	0.868585575758	0.985071212121	0.872421515152	2.14538090909	2.38632806061	1.46051733333	1.63201418182	1.08811418182	0.917911212121	1.03280575758	1.08016642424	1.09765484848	0.777769575758	0.0	1.01402090909	1.35287593939	1.49999763636	0.654797090909	0.892316181818	1.8542669697	1.35004424242	1.70167145455	1.01865060606	1.40542618182	0.971447090909	0.948681757576	0.853378848485	0.846318121212	1.41509345455	0.978290060606	1.65975236364	1.75637066667	1.10445212121	1.17869678788	1.20647533333	1.31880060606	1.02935581818	0.966275575758	1.0172929697	1.01486236364	1.77364321212	1.81880072727	1.13802030303	1.06680642424	1.09447866667	1.86127284848	1.42625721212	0.960269757576	1.23614684848	1.07932739394	1.15156951515
PBW58	1.10678490909	1.0538390303	1.68918975758	0.908098060606	0.665410181818	0.861242484848	1.085758	1.04091933333	1.10160624242	0.948422727273	1.15652448485	0.615434787879	1.87295939394	2.10208218182	1.14448539394	1.69555242424	0.917115575758	1.05826884848	0.81372630303	1.05898078788	0.886890787879	0.874754121212	1.01402090909	0.0	1.26190569697	1.25007139394	0.857550969697	1.1649910303	1.72773854545	1.24988127273	1.50235781818	0.704659636364	1.2941829697	0.902772484848	0.842728	0.691507393939	1.09821418182	1.35502793939	1.03278648485	1.38422393939	1.56349921212	0.679515939394	1.31243272727	0.824159030303	1.16626563636	0.723836363636	1.02334848485	1.21679254545	0.865455393939	1.52638133333	1.58521339394	0.84738969697	0.773341030303	1.00750551515	1.56610793939	1.41811412121	0.730571272727	1.1032870303	0.824419818182	0.822607272727
PBW59	1.4570549697	1.13300727273	1.33936672727	0.890825333333	1.12192424242	1.14099072727	1.07375242424	0.857682121212	1.58432187879	1.47796406061	1.29525866667	1.45183781818	1.50246775758	1.76363527273	1.20916733333	2.25647763636	0.86814430303	1.57672072727	1.45773745455	1.6705810303	1.49580690909	1.28428878788	1.35287593939	1.26190569697	0.0	0.754299515152	1.18498333333	1.53408933333	1.26650048485	0.84557169697	1.15923733333	1.36248181818	0.972065636364	1.03490606061	1.00217551515	1.17465793939	1.2838449697	2.02095339394	1.61715654545	0.987646121212	1.24098842424	1.36206090909	1.48819806061	0.968590181818	0.708608424242	1.16890339394	1.51592048485	1.65151448485	1.41864872727	1.25292545455	1.32461145455	1.16905866667	1.43364018182	0.821504787879	1.15686769697	1.76057242424	1.16335418182	0.85578	1.04526006061	1.04139866667
PBW60	1.69125824242	1.1814409697	1.33821472727	0.916830909091	1.19612654545	1.26589872727	1.28880478788	0.985993515152	1.68550078788	1.5959970303	1.51902545455	1.45014618182	1.50245660606	1.66267769697	1.13499472727	2.20992527273	1.01600042424	1.49215248485	1.35516206061	1.57209484848	1.35783612121	1.38351630303	1.49999763636	1.25007139394	0.754299515152	0.0	1.36666648485	1.63041006061	1.33407078788	0.925944424242	1.00943490909	1.29363612121	0.976784909091	1.08761078788	1.19475115152	1.14494909091	1.43808363636	1.94316272727	1.68478987879	0.755449151515	1.14121424242	1.28726018182	1.54080981818	0.978775878788	0.859988545455	1.1168310303	1.54456060606	1.67649727273	1.350328	1.14947236364	1.16269739394	1.09050472727	1.33466212121	1.01207690909	1.08397909091	1.85166927273	1.19156945455	1.12223769697	1.01674624242	1.01339430303
PEP16	1.03330315152	1.33998648485	1.86729260606	1.12485642424	0.800500424242	0.995330909091	1.17621260606	1.17262775758	1.20662206061	0.936246060606	0.998057636364	0.834786969697	2.02302757576	2.25560684848	1.33263939394	1.70698921212	0.944999151515	1.02739775758	0.959563939394	1.11391915152	0.956035090909	0.688224606061	0.654797090909	0.857550969697	1.18498333333	1.36666648485	0.0	0.833089878788	1.64611884848	1.17564169697	1.52443509091	0.867005272727	1.2690990303	0.789220545455	0.765765151515	0.703322242424	0.874989030303	1.4312129697	1.00809042424	1.50938545455	1.64593090909	0.928255151515	1.12595739394	1.03854163636	1.13822121212	0.849988909091	0.997512060606	1.15127333333	0.897384424242	1.65154175758	1.66715418182	0.99699	0.929379636364	0.955886424242	1.68581357576	1.36824751515	0.821572909091	1.01988793939	0.957721575758	1.02156660606
PEP18	0.892614727273	1.54794606061	2.17676733333	1.49857248485	1.13572351515	1.339434	1.51342139394	1.49915739394	1.13361084848	0.838713030303	1.15051781818	1.04812424242	2.27814521212	2.57337769697	1.65940672727	1.56668066667	1.25621218182	1.19078957576	1.25814860606	1.15520951515	1.27428145455	1.016682	0.892316181818	1.1649910303	1.53408933333	1.63041006061	0.833089878788	0.0	1.95014060606	1.48726042424	1.88883830303	1.09058715152	1.57330587879	1.00553721212	1.10954315152	1.01449357576	0.73840630303	1.25588842424	0.934658969697	1.80176042424	1.95739860606	1.2958589697	1.00968557576	1.29232969697	1.47526151515	1.2393249697	0.988164848485	0.957896424242	1.21027721212	1.96116290909	1.95018272727	1.35792060606	1.19473509091	1.28478224242	1.94289181818	1.18685424242	1.12264763636	1.31732690909	1.30868806061	1.26610872727
PEP21	1.9599829697	1.61635115152	0.938495212121	1.42098218182	1.59868715152	1.67054272727	1.48837	1.31503169697	2.12142684848	2.02102006061	1.76242133333	1.89038436364	0.933988969697	1.27400824242	1.66606648485	2.78068042424	1.42453521212	2.11213939394	1.94184218182	2.13226890909	1.94248133333	1.79148224242	1.8542669697	1.72773854545	1.26650048485	1.33407078788	1.64611884848	1.95014060606	0.0	1.028106	0.791679393939	1.81633406061	1.12933969697	1.41604181818	1.52881212121	1.57596339394	1.8960070303	2.50487230303	2.1131789697	1.35320660606	1.50919606061	1.82966454545	2.13282787879	1.57795818182	1.30965872727	1.64404181818	2.05704012121	2.25229387879	1.92325187879	1.08838945455	1.12009727273	1.7239710303	1.86215484848	1.32282321212	0.862302969697	2.22515715152	1.57966618182	1.32964969697	1.52295872727	1.53870581818
PEP23	1.51744993939	1.23841472727	1.23357660606	0.833496424242	1.10843363636	1.16406315152	1.14876921212	0.863488969697	1.72489575758	1.47352375758	1.41832818182	1.42762745455	1.36253339394	1.63211230303	1.14053345455	2.23977139394	0.956650545455	1.51680612121	1.42565133333	1.57224569697	1.3737669697	1.24146363636	1.35004424242	1.24988127273	0.84557169697	0.925944424242	1.17564169697	1.48726042424	1.028106	0.0	0.811329151515	1.28610672727	0.593531757576	0.949547454545	1.00022587879	0.957464545455	1.41576030303	1.9358609697	1.563016	1.06059721212	1.36773927273	1.28644606061	1.6717290303	1.10363048485	0.811341939394	1.07091084848	1.547622	1.69926133333	1.35986309091	1.04786624242	1.10658933333	1.17140066667	1.37983781818	0.84039430303	1.02604133333	1.90657357576	1.08900539394	1.00254769697	1.06948218182	1.06506830303
PEP24	1.8890389697	1.57500254545	0.996778	1.1358729697	1.45071066667	1.5090989697	1.48279145455	1.1903330303	2.06232309091	1.81515569697	1.78204993939	1.69268751515	1.09125490909	1.23354884848	1.32985521212	2.46108963636	1.25641824242	1.75571793939	1.65664593939	1.81137	1.59475975758	1.60683266667	1.70167145455	1.50235781818	1.15923733333	1.00943490909	1.52443509091	1.88883830303	0.791679393939	0.811329151515	0.0	1.55375672727	0.871173878788	1.331512	1.35019466667	1.3130649697	1.77315793939	2.17806030303	1.92127521212	1.08436187879	1.51862745455	1.53446527273	2.010524	1.39582484848	1.15857581818	1.3264569697	1.8546350303	2.00636030303	1.60841212121	0.793680242424	0.824613878788	1.38995127273	1.5821810303	1.17373315152	0.828771575758	2.21733618182	1.4254449697	1.32284012121	1.28154260606	1.33837648485
PEP26	1.22846878788	1.144256	1.85608866667	1.07981757576	0.853509090909	1.08560224242	1.3314309697	1.21444006061	1.18808975758	1.0482469697	1.2164670303	0.797848727273	1.89870472727	2.15087212121	1.14496418182	1.60956321212	0.986409151515	0.899843757576	0.778920727273	0.984318727273	0.842122909091	0.818664545455	1.01865060606	0.704659636364	1.36248181818	1.29363612121	0.867005272727	1.09058715152	1.81633406061	1.28610672727	1.55375672727	0.0	1.24301957576	0.917765212121	0.871131151515	0.720724121212	1.07191042424	1.29486575758	1.02309084848	1.38616866667	1.634758	0.803213030303	1.3329790303	0.977529818182	1.201586	0.799844121212	0.947562181818	1.15639351515	0.791880727273	1.56556884848	1.59572987879	0.840713818182	0.646359939394	1.06444793939	1.63371133333	1.44291969697	0.786505454545	1.16147175758	0.818716787879	0.893323272727
PEP27	1.632804	1.2799730303	1.27362145455	0.885449878788	1.16343812121	1.23791115152	1.19678339394	0.960234787879	1.74621418182	1.54484581818	1.51913242424	1.46183157576	1.40723715152	1.57116381818	1.167476	2.21765527273	0.988265212121	1.52396369697	1.42222624242	1.60782436364	1.39098612121	1.25581866667	1.40542618182	1.2941829697	0.972065636364	0.976784909091	1.2690990303	1.57330587879	1.12933969697	0.593531757576	0.871173878788	1.24301957576	0.0	1.11294818182	1.10859472727	1.08333036364	1.50313969697	1.97186012121	1.61027793939	1.06769806061	1.49204460606	1.31330012121	1.7213610303	1.12456381818	0.903671878788	1.1105330303	1.55211690909	1.70873478788	1.33929424242	1.02642769697	1.08506327273	1.1544429697	1.38501066667	0.880370545455	1.04900133333	1.90098933333	1.11085109091	1.10013412121	1.03946145455	1.06795727273
PEP28	1.20131751515	1.13607139394	1.63893581818	0.969519757576	0.702625575758	0.882296666667	1.08414672727	0.983097878788	1.37296224242	1.11199157576	1.08718036364	1.04742472727	1.76406	2.02077345455	1.15069	1.91689278788	0.763886121212	1.2101870303	1.07851987879	1.25867278788	1.06773418182	0.918165030303	0.971447090909	0.902772484848	1.03490606061	1.08761078788	0.789220545455	1.00553721212	1.41604181818	0.949547454545	1.331512	0.917765212121	1.11294818182	0.0	0.734441454545	0.653535393939	1.04404678788	1.61025145455	1.20360309091	1.31066224242	1.43271121212	0.93546769697	1.29073963636	0.828681454545	0.969178848485	0.794245454545	1.17144581818	1.29340442424	0.984496242424	1.46578278788	1.43607230303	0.836549818182	1.02119424242	0.801584666667	1.43011909091	1.52942660606	0.695451878788	0.927546787879	0.788246	0.789389939394
PEP29	1.2296949697	1.16155733333	1.68804624242	0.944756363636	0.728467272727	0.857872060606	1.03112915152	0.932516060606	1.37012284848	1.01788757576	1.12545236364	0.866972	1.84857551515	2.04151854545	1.0132170303	1.70667472727	0.764300909091	1.05597030303	0.925444969697	1.12429036364	0.879480727273	0.732303818182	0.948681757576	0.842728	1.00217551515	1.19475115152	0.765765151515	1.10954315152	1.52881212121	1.00022587879	1.35019466667	0.871131151515	1.10859472727	0.734441454545	0.0	0.647202181818	1.04213818182	1.42363993939	1.03636284848	1.2663309697	1.462394	0.85070369697	1.27365115152	0.870939030303	1.00255351515	0.631290545455	0.987904	1.278278	0.897492242424	1.45781187879	1.49610393939	0.765674666667	0.894622121212	0.748537636364	1.51227763636	1.54915593939	0.761932484848	0.933600969697	0.761615090909	0.830751151515
PEP30	1.1531789697	1.21950315152	1.70423351515	0.966279515152	0.685784848485	0.914638606061	1.11871569697	1.0400130303	1.31159763636	0.98894430303	1.09828315152	0.822073818182	1.84768739394	2.07734048485	1.07522563636	1.66693193939	0.807509393939	0.948026787879	0.836624363636	0.997083454545	0.818873575758	0.741429393939	0.853378848485	0.691507393939	1.17465793939	1.14494909091	0.703322242424	1.01449357576	1.57596339394	0.957464545455	1.3130649697	0.720724121212	1.08333036364	0.653535393939	0.647202181818	0.0	1.03547587879	1.33016915152	1.00353193939	1.30770369697	1.46633860606	0.770673757576	1.21650436364	0.873720969697	1.05877412121	0.677024484848	0.994262787879	1.15757036364	0.810103030303	1.44779648485	1.47170624242	0.796690060606	0.810724909091	0.879241151515	1.49050272727	1.49692175758	0.656743878788	1.08520278788	0.741726363636	0.782017333333
PIS1	0.67819969697	1.36845478788	1.92815206061	1.27524872727	0.995307030303	1.12920793939	1.34773460606	1.27406854545	0.98183569697	0.643714242424	0.975943393939	0.94291830303	2.13404206061	2.41099490909	1.56744393939	1.49954818182	1.12508963636	1.12178145455	1.18938642424	1.1635869697	1.23786581818	0.911785636364	0.846318121212	1.09821418182	1.2838449697	1.43808363636	0.874989030303	0.73840630303	1.8960070303	1.41576030303	1.77315793939	1.07191042424	1.50313969697	1.04404678788	1.04213818182	1.03547587879	0.0	1.21707981818	0.821803090909	1.53394418182	1.65226830303	1.18104624242	0.805308848485	1.08576266667	1.20136575758	1.13948327273	0.870478424242	0.889807575758	1.15433418182	1.85717066667	1.95340793939	1.24922448485	1.16071860606	1.1269989697	1.76957981818	1.13993448485	1.09148412121	1.25209115152	1.18518333333	1.16208630303
PIS2	1.32123115152	1.93133678788	2.52030690909	1.71107642424	1.47864612121	1.67091272727	1.93891454545	1.84455127273	1.53297042424	1.04900581818	1.70545290909	1.11860612121	2.71016236364	2.72468284848	1.52205915152	0.713132727273	1.69281212121	1.05498272727	1.16287678788	0.930867515152	1.03830624242	1.16673515152	1.41509345455	1.35502793939	2.02095339394	1.94316272727	1.4312129697	1.25588842424	2.50487230303	1.9358609697	2.17806030303	1.29486575758	1.97186012121	1.61025145455	1.42363993939	1.33016915152	1.21707981818	0.0	0.955733212121	1.99594824242	2.31378909091	1.293308	1.30765412121	1.61443327273	1.89145187879	1.24711145455	0.998211212121	1.06682909091	1.1391770303	2.12549169697	2.15096169697	1.36523012121	1.21050412121	1.69191769697	2.30106193939	1.59977078788	1.46374672727	1.91373436364	1.47563321212	1.53084842424
PIS4	0.881418545455	1.47642781818	2.10695284848	1.34373666667	1.04174745455	1.2086729697	1.45194109091	1.42659490909	1.07168909091	0.642870666667	1.24397606061	0.767318	2.30066151515	2.51359424242	1.46027648485	1.33424484848	1.278716	0.983155939394	0.955872545455	0.983593090909	1.07443242424	0.876287272727	0.978290060606	1.03278648485	1.61715654545	1.68478987879	1.00809042424	0.934658969697	2.1131789697	1.563016	1.92127521212	1.02309084848	1.61027793939	1.20360309091	1.03636284848	1.00353193939	0.821803090909	0.955733212121	0.0	1.7423190303	1.97799187879	1.08816763636	1.08530915152	1.1704970303	1.53459309091	1.01015957576	0.778512666667	0.897456484848	0.971059575758	1.88061630303	1.95137454545	1.19426066667	1.05293333333	1.29223309091	1.98820812121	1.27389236364	1.10875630303	1.50913484848	1.20124121212	1.19985060606
PIS5	1.81099781818	1.29742672727	1.28197236364	0.980931818182	1.34345060606	1.42123369697	1.40704848485	1.12050630303	1.77234290909	1.71731078788	1.70298151515	1.54166490909	1.50415521212	1.47361145455	1.02665672727	2.27221866667	1.18444787879	1.49880272727	1.45109145455	1.59566327273	1.36720212121	1.49577442424	1.65975236364	1.38422393939	0.987646121212	0.755449151515	1.50938545455	1.80176042424	1.35320660606	1.06059721212	1.08436187879	1.38616866667	1.06769806061	1.31066224242	1.2663309697	1.30770369697	1.53394418182	1.99594824242	1.7423190303	0.0	1.08194072727	1.33483006061	1.59385266667	1.1411869697	1.02058484848	1.21371969697	1.57785412121	1.81437551515	1.40250878788	1.02321206061	1.11829660606	1.14634430303	1.32271709091	1.0693049697	1.05207175758	1.83243915152	1.2941869697	1.22481618182	1.05955927273	1.11497812121
PIS7	1.79116460606	1.36339363636	1.45400133333	1.43021012121	1.44486466667	1.50318521212	1.43252909091	1.30833975758	1.8276009697	1.88021515152	1.6429010303	1.72963945455	1.58765545455	1.90323678788	1.63598048485	2.54665454545	1.25320448485	1.9003290303	1.75964915152	1.93775975758	1.79209969697	1.64231272727	1.75637066667	1.56349921212	1.24098842424	1.14121424242	1.64593090909	1.95739860606	1.50919606061	1.36773927273	1.51862745455	1.634758	1.49204460606	1.43271121212	1.462394	1.46633860606	1.65226830303	2.31378909091	1.97799187879	1.08194072727	0.0	1.64097309091	1.65523157576	1.29416090909	1.23663757576	1.47095266667	1.81144127273	2.0041150303	1.73214127273	1.70898030303	1.76566727273	1.50609666667	1.67011515152	1.28570945455	1.33792266667	1.85365248485	1.42867533333	1.19903387879	1.31302072727	1.27144151515
PIS9	1.25644872727	1.16519412121	1.73469030303	0.966707575758	0.740418242424	0.920679030303	1.23018593939	1.12334921212	1.29541806061	1.01143939394	1.30858624242	0.793582242424	1.94783242424	2.05802854545	1.02427551515	1.57334581818	1.08059115152	0.914592545455	0.782775212121	1.03014424242	0.775711818182	0.911415636364	1.10445212121	0.679515939394	1.36206090909	1.28726018182	0.928255151515	1.2958589697	1.82966454545	1.28644606061	1.53446527273	0.803213030303	1.31330012121	0.93546769697	0.85070369697	0.770673757576	1.18104624242	1.293308	1.08816763636	1.33483006061	1.64097309091	0.0	1.35013242424	0.899213878788	1.10897163636	0.605217030303	0.972486969697	1.13604957576	0.693027212121	1.45576078788	1.47113260606	0.677330727273	0.755725090909	1.04010181818	1.60187333333	1.56216884848	0.803648909091	1.26774684848	0.863088363636	0.915455575758
PIS10	0.985497757576	1.52730375758	2.13533678788	1.53699345455	1.24639090909	1.29757593939	1.49050854545	1.51088078788	1.09337472727	0.993454242424	1.13459963636	1.21480715152	2.31765284848	2.65520181818	1.80997012121	1.59745327273	1.373154	1.431776	1.40613490909	1.42382733333	1.45286933333	1.26289872727	1.17869678788	1.31243272727	1.48819806061	1.54080981818	1.12595739394	1.00968557576	2.13282787879	1.6717290303	2.010524	1.3329790303	1.7213610303	1.29073963636	1.27365115152	1.21650436364	0.805308848485	1.30765412121	1.08530915152	1.59385266667	1.65523157576	1.35013242424	0.0	1.27091660606	1.41465933333	1.30107006061	1.1331270303	1.15294042424	1.31951987879	2.09798666667	2.18391387879	1.42798763636	1.41175775758	1.41920248485	1.96060939394	0.974178242424	1.34767709091	1.44948642424	1.41793787879	1.2903430303
PIS11	1.18526054545	0.760908606061	1.38241424242	0.791824363636	0.72686	0.699508424242	0.892241757576	0.852807090909	1.09443836364	1.09784454545	1.18600109091	0.95979030303	1.71189090909	2.01440630303	1.18515654545	1.99411678788	0.835317151515	1.36348387879	1.10672278788	1.40566381818	1.16405890909	1.0852330303	1.20647533333	0.824159030303	0.968590181818	0.978775878788	1.03854163636	1.29232969697	1.57795818182	1.10363048485	1.39582484848	0.977529818182	1.12456381818	0.828681454545	0.870939030303	0.873720969697	1.08576266667	1.61443327273	1.1704970303	1.1411869697	1.29416090909	0.899213878788	1.27091660606	0.0	0.894151212121	0.843344363636	1.21210957576	1.39740260606	1.10182084848	1.46601272727	1.4894930303	0.952208242424	1.11589484848	0.882779333333	1.23920563636	1.45629254545	0.873932727273	0.933834909091	0.885866	0.728808121212
PIS14	1.40083187879	1.01599557576	1.29193866667	0.779899333333	1.03640951515	1.07808218182	1.03989115152	0.766455636364	1.54888569697	1.38082872727	1.31055412121	1.32228854545	1.48294272727	1.81542927273	1.09468339394	2.16841163636	0.872304969697	1.4942770303	1.35703448485	1.60148933333	1.37853218182	1.2523009697	1.31880060606	1.16626563636	0.708608424242	0.859988545455	1.13822121212	1.47526151515	1.30965872727	0.811341939394	1.15857581818	1.201586	0.903671878788	0.969178848485	1.00255351515	1.05877412121	1.20136575758	1.89145187879	1.53459309091	1.02058484848	1.23663757576	1.10897163636	1.41465933333	0.894151212121	0.0	0.994246	1.4038370303	1.49113684848	1.28689945455	1.25694709091	1.25549236364	1.02349412121	1.29451224242	0.808503151515	1.1237110303	1.71257018182	1.03420115152	0.948754121212	0.953680242424	0.982041151515
PIS15	1.29100951515	1.16813733333	1.64957436364	0.871997333333	0.718151272727	0.869512181818	1.13069133333	1.02970818182	1.38915933333	1.03808927273	1.28009490909	0.837031636364	1.85984909091	1.9336889697	0.870985151515	1.57616042424	0.858767212121	0.946511030303	0.785976363636	1.00898163636	0.744833333333	0.787349393939	1.02935581818	0.723836363636	1.16890339394	1.1168310303	0.849988909091	1.2393249697	1.64404181818	1.07091084848	1.3264569697	0.799844121212	1.1105330303	0.794245454545	0.631290545455	0.677024484848	1.13948327273	1.24711145455	1.01015957576	1.21371969697	1.47095266667	0.605217030303	1.30107006061	0.843344363636	0.994246	0.0	0.961495030303	1.17273545455	0.711628969697	1.35377430303	1.36898393939	0.601937939394	0.782730242424	0.864777757576	1.45615315152	1.56993230303	0.681383151515	1.08268084848	0.671958121212	0.794800121212
PLL76	1.04655642424	1.50338145455	2.06313654545	1.34852363636	1.06498327273	1.23316551515	1.5299989697	1.455526	1.15849157576	0.851521151515	1.28483030303	0.75419030303	2.30076654545	2.34823151515	1.22605266667	1.24554478788	1.16875472727	0.754554060606	0.831874060606	0.76706830303	0.841495151515	0.730608545455	0.966275575758	1.02334848485	1.51592048485	1.54456060606	0.997512060606	0.988164848485	2.05704012121	1.547622	1.8546350303	0.947562181818	1.55211690909	1.17144581818	0.987904	0.994262787879	0.870478424242	0.998211212121	0.778512666667	1.57785412121	1.81144127273	0.972486969697	1.1331270303	1.21210957576	1.4038370303	0.961495030303	0.0	0.806658	0.789080848485	1.7469550303	1.80473715152	0.953389333333	0.811632666667	1.20984660606	1.88624430303	1.29547436364	1.0269369697	1.43254884848	1.03710709091	1.09869963636
