	PAM31	PAM32	PAM33	PAM35	PAM36	PAM37	PAM39	PAM40	PAM41	PAM42	PAM43	PAM44	PAM45	PBW46	PBW47	PBW49	PBW50	PBW51	PBW52	PBW53	PBW54	PBW55	PBW56	PBW58	PBW59	PBW60	PEP16	PEP18	PEP21	PEP23	PEP24	PEP26	PEP27	PEP28	PEP29	PEP30	PIS1	PIS2	PIS4	PIS5	PIS7	PIS9	PIS10	PIS11	PIS14	PIS15	PLL76	PLL77	PLL79	PLL80	PLL83	PLL88	PLL89	PLL90	PPO64	PPO66	PPO67	PPO69	PPO72	PPO75
PAM31	0.0	1.00214569697	1.32345284848	1.07145139394	0.684714969697	0.708199939394	0.769986606061	0.699195818182	1.10557163636	0.842106181818	0.702579454545	0.890627939394	1.60415242424	2.14187787879	1.32119345455	1.83561612121	0.867125333333	1.29577515152	1.60007515152	1.32442315152	1.1736150303	0.964793878788	0.859161333333	0.933995090909	1.28166206061	1.28084478788	0.957867454545	1.16992321212	1.48846830303	1.12953721212	1.50404030303	1.0786770303	1.188242	1.05547842424	0.831823757576	0.820287454545	0.919268242424	1.53500412121	1.245326	1.55211678788	1.37143939394	1.13846466667	1.19711527273	0.983455939394	1.19012030303	0.967258060606	1.40263363636	1.14859630303	1.32312090909	1.71711430303	1.72776181818	1.09629478788	1.06344224242	1.08988581818	1.22442145455	1.57101781818	0.941069878788	0.892894121212	1.01695224242	0.986055454545
PAM32	1.00214569697	0.0	1.05576254545	1.04489078788	1.02732733333	0.875557515152	0.719052060606	1.13075848485	0.968250181818	1.15562642424	1.14041836364	1.08774987879	1.45660757576	2.00637981818	1.29280084848	2.02798472727	1.19717648485	1.53978690909	1.81383066667	1.30734109091	1.36579636364	1.14985060606	1.32962351515	1.15657412121	1.28583575758	1.10101181818	1.38819472727	1.54751884848	1.56910393939	1.14083006061	1.54672539394	1.19960890909	1.15231521212	1.11346775758	1.17312012121	1.27678684848	1.326072	1.71830557576	1.55004018182	1.39745727273	1.42102969697	1.35732442424	1.33495309091	0.810283090909	1.16666054545	0.943065818182	1.53409266667	1.3845989697	1.51432551515	1.58825587879	1.59615042424	1.18865406061	1.19202709091	1.09298109091	1.07066593939	1.72493212121	1.15625872727	0.952439575758	1.097876	0.92159230303
PAM33	1.32345284848	1.05576254545	0.0	1.08793030303	1.42858806061	1.26785278788	1.03411981818	1.52014733333	1.51495854545	1.61960630303	1.41367315152	1.47048878788	0.984523333333	1.46989254545	1.65281951515	2.41917878788	1.51230981818	1.95721890909	2.28206254545	1.66721490909	1.73411430303	1.47022854545	1.64802569697	1.60266563636	0.998697090909	1.31258575758	1.74976757576	2.0127490303	1.07400733333	1.12933830303	0.966224666667	1.71648575758	1.25133242424	1.24599151515	1.49857006061	1.67128381818	1.63781721212	2.14125236364	2.01329218182	1.06959436364	1.525244	1.75159412121	1.75545587879	0.886960424242	0.830656424242	1.29274618182	2.03554066667	1.77916151515	1.94636054545	1.10057769697	1.18598630303	1.53095866667	1.66576345455	1.26507030303	0.698154909091	2.22698690909	1.567298	1.39275254545	1.43061478788	1.27858854545
PAM35	1.07145139394	1.04489078788	1.08793030303	0.0	0.945261393939	1.13960672727	0.927050242424	1.04356878788	1.52969854545	1.28272109091	1.12359109091	0.988890606061	1.29534381818	1.62439533333	1.10253066667	1.88461224242	0.992915151515	1.36861466667	1.73037139394	1.06984460606	1.1199649697	0.889471939394	1.1568350303	1.12505278788	1.09885284848	0.935408181818	1.24795981818	1.53870418182	1.23911969697	0.793017090909	1.085066	1.17603690909	0.706615212121	0.823651393939	1.00727393939	1.13333254545	1.27793187879	1.5656070303	1.41483581818	1.01751181818	1.50254072727	1.16966369697	1.48793745455	0.854206969697	0.964534848485	0.779903636364	1.5849989697	1.26189230303	1.42627339394	1.21876618182	1.14312727273	0.97765430303	1.12333484848	0.745468363636	1.00886460606	2.0460489697	1.08946115152	1.06370963636	0.88474230303	0.681249515152
PAM36	0.684714969697	1.02732733333	1.42858806061	0.945261393939	0.0	0.661719393939	0.808772121212	0.580775393939	1.01567521212	0.700008424242	0.839019393939	0.793376969697	1.66174751515	2.03435672727	1.21202236364	1.59480539394	0.745501878788	1.09022115152	1.38030272727	1.28356248485	1.01333448485	0.93168630303	0.854591575758	0.751907151515	1.438146	1.20575830303	0.772820848485	1.066292	1.56328642424	1.14472987879	1.5292270303	0.859059515152	1.07448860606	1.05392381818	0.718925151515	0.662367636364	0.841074121212	1.29466115152	1.05056654545	1.51377006061	1.34121763636	0.910883030303	1.094842	1.03803151515	1.31114363636	0.925385030303	1.19742787879	0.912779151515	1.10244206061	1.64096163636	1.60701945455	0.968365272727	0.897431515152	1.04958951515	1.30414963636	1.53454757576	0.865173090909	1.04100448485	0.919532060606	0.974155151515
PAM37	0.708199939394	0.875557515152	1.26785278788	1.13960672727	0.661719393939	0.0	0.655965939394	0.805597818182	0.773014848485	0.858073393939	0.95221430303	0.874029333333	1.75224727273	2.11039757576	1.29109448485	1.74841072727	0.874488181818	1.26311012121	1.55150212121	1.34724951515	1.11215484848	1.06259478788	0.940648424242	0.914154545455	1.51807218182	1.35127042424	0.947566787879	1.28213321212	1.64034484848	1.24361739394	1.63296363636	1.08959248485	1.22204363636	1.15153036364	0.865465515152	0.937037090909	1.05060987879	1.45841618182	1.25204533333	1.59712909091	1.47157193939	1.05924812121	1.21120042424	0.972205454545	1.36022836364	1.02304139394	1.37171151515	1.110312	1.28679321212	1.77679290909	1.74605048485	1.06794381818	1.06064933333	1.17895290909	1.33260030303	1.55594866667	0.957623030303	1.11473539394	1.00889133333	1.0997670303
PAM39	0.769986606061	0.719052060606	1.03411981818	0.927050242424	0.808772121212	0.655965939394	0.0	0.908293212121	0.982125757576	0.985432666667	0.869448727273	1.00622727273	1.46964824242	1.97827042424	1.25311084848	1.99840490909	1.04560963636	1.54086236364	1.82775472727	1.25537933333	1.28663909091	1.00403321212	1.05885872727	1.16266242424	1.19389230303	1.19245369697	1.16975321212	1.45157587879	1.46133575758	1.09616466667	1.45311333333	1.30943878788	1.08562024242	0.963175575758	0.976243090909	1.09459078788	1.18690745455	1.69949036364	1.47731357576	1.44605139394	1.47249642424	1.32664060606	1.30343351515	0.810470666667	1.12729539394	0.949828545455	1.62464387879	1.36135587879	1.5201150303	1.61413581818	1.6165290303	1.12178163636	1.26455781818	0.985839575758	1.09650054545	1.70670927273	1.13113333333	0.961271151515	1.02793727273	0.977993818182
PAM40	0.699195818182	1.13075848485	1.52014733333	1.04356878788	0.580775393939	0.805597818182	0.908293212121	0.0	1.00348006061	0.64537230303	0.797465818182	0.915125818182	1.7299110303	2.17443490909	1.34114915152	1.57154806061	0.880362848485	1.07613048485	1.37791739394	1.36450042424	1.17950175758	1.06027393939	0.961813636364	0.829710909091	1.51586454545	1.32594193939	0.804580727273	1.03928666667	1.62602593939	1.21619375758	1.62293830303	0.878132363636	1.19247260606	1.1420589697	0.861867333333	0.737403515152	0.775250606061	1.27074430303	1.00588909091	1.57579806061	1.33704951515	0.974222181818	1.11410563636	1.12965563636	1.38832375758	1.06546066667	1.21004945455	0.910318181818	1.10091163636	1.78534260606	1.73613557576	1.07353109091	1.0522230303	1.10870793939	1.44930442424	1.52810030303	1.02653769697	1.09990666667	0.997709878788	1.06125406061
PAM41	1.10557163636	0.968250181818	1.51495854545	1.52969854545	1.01567521212	0.773014848485	0.982125757576	1.00348006061	0.0	0.795510181818	1.11602187879	1.28464381818	2.00927460606	2.55963715152	1.67483030303	1.68404424242	1.3187350303	1.44633042424	1.49650812121	1.75435769697	1.51690763636	1.52704030303	1.41398351515	1.13765072727	1.78564593939	1.65519278788	1.22810830303	1.15104709091	2.11197060606	1.71154509091	2.10236806061	1.19796066667	1.67948030303	1.59208945455	1.33208509091	1.28380733333	0.997441575758	1.38061066667	1.20992454545	1.90994709091	1.58109260606	1.29380878788	1.08020884848	1.30978127273	1.69008260606	1.43730812121	1.21750151515	1.25943690909	1.31030539394	2.16912048485	2.20233454545	1.48696812121	1.33913787879	1.60489806061	1.63626024242	1.30498133333	1.37624236364	1.36923484848	1.42341078788	1.45574612121
PAM42	0.842106181818	1.15562642424	1.61960630303	1.28272109091	0.700008424242	0.858073393939	0.985432666667	0.64537230303	0.795510181818	0.0	1.01278321212	1.00474733333	1.93687715152	2.3228170303	1.45030315152	1.38270848485	1.01179454545	1.1670729697	1.18609587879	1.52379309091	1.28004751515	1.23108236364	1.12187454545	0.915269878788	1.6489630303	1.47248357576	0.906843333333	0.861300666667	1.85360381818	1.41700884848	1.83515375758	0.956854848485	1.36726951515	1.29630715152	1.00350133333	0.910464060606	0.635833212121	1.05069333333	0.832928181818	1.76500115152	1.49621636364	1.0298509697	0.945106666667	1.23723957576	1.5030069697	1.16160569697	0.982703575758	0.96815969697	0.945969515152	1.93029224242	1.88811975758	1.19485006061	1.15491593939	1.28809866667	1.52866678788	1.36896618182	1.09804369697	1.26897909091	1.12360109091	1.22502818182
PAM43	0.702579454545	1.14041836364	1.41367315152	1.12359109091	0.839019393939	0.95221430303	0.869448727273	0.797465818182	1.11602187879	1.01278321212	0.0	1.11669260606	1.56985175758	2.17131830303	1.44010454545	1.95014345455	0.950875333333	1.41812418182	1.71164793939	1.45407484848	1.28848151515	1.08132848485	0.905145515152	1.17284593939	1.21698369697	1.29935842424	1.02709454545	1.21901890909	1.60214145455	1.17317254545	1.55034545455	1.19965939394	1.20204048485	1.13336721212	0.964603818182	0.942924	0.970072060606	1.65129351515	1.39095018182	1.54482763636	1.2772309697	1.29950266667	1.20472854545	1.11112278788	1.2376329697	1.12806709091	1.46877563636	1.20730569697	1.43121733333	1.79784078788	1.77683557576	1.18806781818	1.14684545455	1.0797509697	1.39294006061	1.57482563636	1.05258727273	0.901313090909	1.09388648485	1.07607466667
PAM44	0.890627939394	1.08774987879	1.47048878788	0.988890606061	0.793376969697	0.874029333333	1.00622727273	0.915125818182	1.28464381818	1.00474733333	1.11669260606	0.0	1.70490593939	1.99876315152	0.830970121212	1.38632963636	0.680927818182	0.951139090909	1.24449884848	0.951917636364	0.718319090909	0.712548	0.938099454545	0.535494060606	1.50454987879	1.10133818182	0.912544	1.24058581818	1.54889757576	1.19353351515	1.49576824242	0.849099151515	1.03097248485	1.04357872727	0.624995090909	0.786628727273	1.08065278788	1.11477618182	1.04267442424	1.47427672727	1.46178078788	0.764279272727	1.31325145455	1.12610921212	1.30738024242	0.774933151515	1.11706569697	0.984325454545	0.947369939394	1.59445666667	1.47027993939	0.763253272727	0.696417454545	1.00615412121	1.31169690909	1.75036393939	0.737104	1.11942618182	0.641156060606	0.917052363636
PAM45	1.60415242424	1.45660757576	0.984523333333	1.29534381818	1.66174751515	1.75224727273	1.46964824242	1.7299110303	2.00927460606	1.93687715152	1.56985175758	1.70490593939	0.0	1.33335236364	1.80712551515	2.61549981818	1.66038321212	2.00507981818	2.37490515152	1.75944151515	1.85433533333	1.65235539394	1.76816466667	1.78287066667	1.13441581818	1.52448084848	1.90064836364	2.14869333333	0.909052727273	1.28098866667	0.896985090909	1.82830448485	1.36329709091	1.3955469697	1.65006987879	1.7836929697	1.92173824242	2.349586	2.16191406061	1.17953139394	1.70272333333	1.95581987879	2.06890733333	1.36377684848	1.09041927273	1.50818248485	2.20079066667	1.92138460606	2.07108860606	1.01608442424	1.08243109091	1.674558	1.77895175758	1.41166236364	0.955971454545	2.33767048485	1.70856606061	1.52370581818	1.62859121212	1.39400509091
PBW46	2.14187787879	2.00637981818	1.46989254545	1.62439533333	2.03435672727	2.11039757576	1.97827042424	2.17443490909	2.55963715152	2.3228170303	2.17131830303	1.99876315152	1.33335236364	0.0	1.616626	2.59758842424	1.89917157576	2.02733909091	2.58925654545	1.60194515152	1.84836527273	1.83384824242	2.08754139394	2.12780521212	1.65235690909	1.63762048485	2.14013587879	2.49182193939	1.26452969697	1.56780284848	1.11611393939	2.12545890909	1.56846872727	1.66879436364	1.93930406061	2.0795769697	2.24241872727	2.48333969697	2.47364860606	1.27246545455	2.08251848485	2.10455648485	2.41242054545	1.75996557576	1.50393466667	1.65939642424	2.45787551515	2.15160812121	2.20079163636	0.893264181818	1.07140975758	1.76794236364	1.86944581818	1.58682406061	1.46590721212	2.89880066667	1.93553430303	1.94547684848	1.76748490909	1.74207030303
PBW47	1.32119345455	1.29280084848	1.65281951515	1.10253066667	1.21202236364	1.29109448485	1.25311084848	1.34114915152	1.67483030303	1.45030315152	1.44010454545	0.830970121212	1.80712551515	1.616626	0.0	1.31615660606	0.985212727273	0.777941333333	1.38135939394	0.505360969697	0.62400969697	0.819274969697	1.25277090909	0.957433151515	1.64053490909	0.994331939394	1.25166890909	1.54544248485	1.64343254545	1.26822909091	1.51689993939	1.05760187879	1.09869884848	1.14645381818	0.942671030303	1.12383266667	1.39815284848	1.20068351515	1.38935993939	1.25577618182	1.67954012121	0.943924666667	1.61348812121	1.36899981818	1.43804987879	0.697713575758	1.27924781818	1.19259812121	0.993683212121	1.422376	1.22863890909	0.721702424242	0.71910030303	1.08708266667	1.51202606061	2.08579781818	0.922293636364	1.25970418182	0.677625575758	0.962932545455
PBW49	1.83561612121	2.02798472727	2.41917878788	1.88461224242	1.59480539394	1.74841072727	1.99840490909	1.57154806061	1.68404424242	1.38270848485	1.95014345455	1.38632963636	2.61549981818	2.59758842424	1.31615660606	0.0	1.45249551515	0.982102666667	0.801472121212	1.35182848485	1.14622	1.49456078788	1.76130557576	1.28239424242	2.41344448485	1.80267630303	1.45865084848	1.39261109091	2.45751545455	2.06204581818	2.35255012121	1.29782454545	1.85528684848	1.95753684848	1.45651648485	1.46332151515	1.40849212121	0.634649212121	1.03888018182	2.11895472727	2.12783042424	1.21320915152	1.56887454545	2.13479	2.23713775758	1.49486133333	0.934648666667	1.4010130303	0.899184060606	2.24709454545	2.12987636364	1.42967175758	1.20135812121	1.83201466667	2.2964750303	1.80158375758	1.48152490909	1.99436745455	1.35698375758	1.71611630303
PBW50	0.867125333333	1.19717648485	1.51230981818	0.992915151515	0.745501878788	0.874488181818	1.04560963636	0.880362848485	1.3187350303	1.01179454545	0.950875333333	0.680927818182	1.66038321212	1.89917157576	0.985212727273	1.45249551515	0.0	0.917119151515	1.24535975758	1.00026848485	0.793112121212	0.675969272727	0.717114060606	0.762987575758	1.37343418182	1.05189993939	0.732663818182	1.08518624242	1.49644527273	1.05898751515	1.41676369697	0.780265030303	0.885310242424	0.953727393939	0.555804242424	0.614062969697	0.924510666667	1.25611648485	1.06735921212	1.40715254545	1.30174824242	0.876968787879	1.27655636364	1.17963206061	1.25730430303	0.777577818182	1.14515872727	0.887969030303	1.00899424242	1.55800557576	1.39144860606	0.778722909091	0.712612181818	0.853544121212	1.34181587879	1.64179818182	0.596929030303	0.952487333333	0.670951030303	0.842125515152
PBW51	1.29577515152	1.53978690909	1.95721890909	1.36861466667	1.09022115152	1.26311012121	1.54086236364	1.07613048485	1.44633042424	1.1670729697	1.41812418182	0.951139090909	2.00507981818	2.02733909091	0.777941333333	0.982102666667	0.917119151515	0.0	0.989612242424	0.817891151515	0.637159030303	1.04307969697	1.20595660606	0.777951090909	1.88948436364	1.28638587879	0.942068909091	1.24302175758	1.86382272727	1.52054593939	1.79517460606	0.815458242424	1.31401618182	1.43710569697	0.988761090909	0.957275575758	1.10458169697	0.929581090909	1.09172248485	1.563302	1.60659478788	0.793256181818	1.4751270303	1.66232878788	1.75118915152	0.989432121212	0.924830727273	0.848908060606	0.629722848485	1.65368969697	1.53189333333	0.88838	0.741758242424	1.35763345455	1.76789793939	1.81424921212	0.948469393939	1.472826	0.894165333333	1.13263181818
PBW52	1.60007515152	1.81383066667	2.28206254545	1.73037139394	1.38030272727	1.55150212121	1.82775472727	1.37791739394	1.49650812121	1.18609587879	1.71164793939	1.24449884848	2.37490515152	2.58925654545	1.38135939394	0.801472121212	1.24535975758	0.989612242424	0.0	1.36483030303	1.10381381818	1.33583436364	1.55357381818	1.11272660606	2.24535975758	1.75515048485	1.24570684848	1.16817957576	2.28508284848	1.88892266667	2.2488149697	1.16312175758	1.73027327273	1.76686	1.30164618182	1.25726406061	1.22058254545	0.745221818182	0.823386484848	2.12501472727	1.92691309091	1.16590430303	1.35671842424	1.93719957576	2.07216927273	1.46928375758	0.740492666667	1.05378527273	0.911563333333	2.23226836364	2.07874412121	1.36655818182	1.22024515152	1.66684145455	2.10727139394	1.60368448485	1.31555630303	1.82543884848	1.34060012121	1.56012745455
PBW53	1.32442315152	1.30734109091	1.66721490909	1.06984460606	1.28356248485	1.34724951515	1.25537933333	1.36450042424	1.75435769697	1.52379309091	1.45407484848	0.951917636364	1.75944151515	1.60194515152	0.505360969697	1.35182848485	1.00026848485	0.817891151515	1.36483030303	0.0	0.599251878788	0.749409757576	1.30508375758	1.06675315152	1.60933333333	0.947796060606	1.31876587879	1.562258	1.60719181818	1.21993587879	1.52238963636	1.1078309697	1.05592963636	1.14062230303	1.02114012121	1.13587254545	1.45417842424	1.26805527273	1.44811036364	1.28011775758	1.75194557576	1.04394345455	1.69501781818	1.3466349697	1.45812248485	0.753212727273	1.2800029697	1.28321242424	1.03493036364	1.33342109091	1.23319612121	0.77514630303	0.811377030303	1.03334206061	1.48975539394	2.09935127273	0.989642242424	1.22897618182	0.757000848485	0.876196666667
PBW54	1.1736150303	1.36579636364	1.73411430303	1.1199649697	1.01333448485	1.11215484848	1.28663909091	1.17950175758	1.51690763636	1.28004751515	1.28848151515	0.718319090909	1.85433533333	1.84836527273	0.62400969697	1.14622	0.793112121212	0.637159030303	1.10381381818	0.599251878788	0.0	0.774921151515	1.06743018182	0.843812666667	1.71150678788	1.09091048485	1.08436490909	1.40981254545	1.76373375758	1.35263478788	1.61918781818	0.932106727273	1.14571484848	1.27621357576	0.845510424242	0.995451090909	1.24774412121	1.02034375758	1.22288260606	1.39032442424	1.63567224242	0.81534369697	1.54548678788	1.45320163636	1.53877824242	0.809696363636	1.10105145455	1.0436869697	0.822063818182	1.50388	1.37854921212	0.676360969697	0.630299333333	1.14735187879	1.59988751515	1.92363866667	0.83974369697	1.28102951515	0.70060569697	0.971538121212
PBW55	0.964793878788	1.14985060606	1.47022854545	0.889471939394	0.93168630303	1.06259478788	1.00403321212	1.06027393939	1.52704030303	1.23108236364	1.08132848485	0.712548	1.65235539394	1.83384824242	0.819274969697	1.49456078788	0.675969272727	1.04307969697	1.33583436364	0.749409757576	0.774921151515	0.0	0.916673515152	0.887459636364	1.31003933333	0.937265333333	0.908494666667	1.25379648485	1.38789660606	0.940382242424	1.35436242424	0.900566666667	0.850715393939	0.851855818182	0.682101030303	0.754406181818	1.08363775758	1.28352163636	1.16718581818	1.34281757576	1.43919133333	0.973991636364	1.38717884848	1.10192109091	1.23201806061	0.715707333333	1.21256824242	1.12947042424	1.08757890909	1.46407024242	1.36723690909	0.747170121212	0.800676363636	0.805169030303	1.31953472727	1.89923812121	0.764594909091	0.891279151515	0.579749272727	0.766099151515
PBW56	0.859161333333	1.32962351515	1.64802569697	1.1568350303	0.854591575758	0.940648424242	1.05885872727	0.961813636364	1.41398351515	1.12187454545	0.905145515152	0.938099454545	1.76816466667	2.08754139394	1.25277090909	1.76130557576	0.717114060606	1.20595660606	1.55357381818	1.30508375758	1.06743018182	0.916673515152	0.0	1.04937509091	1.40289006061	1.2538469697	0.75371	1.09741727273	1.48034042424	1.11274654545	1.49665157576	1.09489424242	1.06970818182	1.01579406061	0.736348242424	0.778104666667	1.04944460606	1.55341527273	1.29895581818	1.56612975758	1.45260521212	1.1902629697	1.36208751515	1.24622345455	1.34966454545	1.04794484848	1.43690745455	1.09361024242	1.31550793939	1.694232	1.57202327273	1.027844	1.01609218182	0.979087272727	1.49699527273	1.73195733333	0.818298727273	0.963982	0.959657939394	1.08182078788
PBW58	0.933995090909	1.15657412121	1.60266563636	1.12505278788	0.751907151515	0.914154545455	1.16266242424	0.829710909091	1.13765072727	0.915269878788	1.17284593939	0.535494060606	1.78287066667	2.12780521212	0.957433151515	1.28239424242	0.762987575758	0.777951090909	1.11272660606	1.06675315152	0.843812666667	0.887459636364	1.04937509091	0.0	1.63401278788	1.25789757576	0.808004969697	1.14953733333	1.72357369697	1.32353460606	1.63217115152	0.677036121212	1.19379054545	1.24470878788	0.774182727273	0.791590909091	0.957169151515	1.01250793939	0.906843878788	1.57059866667	1.39105278788	0.663671393939	1.22889363636	1.28071236364	1.44473854545	0.845074363636	0.927616121212	0.861673939394	0.797964848485	1.73527424242	1.64704806061	0.892843454545	0.702691030303	1.17435993939	1.43496757576	1.59651145455	0.774110909091	1.21715381818	0.816942363636	1.0231230303
PBW59	1.28166206061	1.28583575758	0.998697090909	1.09885284848	1.438146	1.51807218182	1.19389230303	1.51586454545	1.78564593939	1.6489630303	1.21698369697	1.50454987879	1.13441581818	1.65235690909	1.64053490909	2.41344448485	1.37343418182	1.88948436364	2.24535975758	1.60933333333	1.71150678788	1.31003933333	1.40289006061	1.63401278788	0.0	1.22511363636	1.52301690909	1.75615133333	1.07035545455	0.942771030303	1.04249436364	1.63566127273	1.10065678788	1.10063224242	1.35277466667	1.47570442424	1.52182012121	2.18005830303	1.91252030303	1.13080890909	1.52300921212	1.73471642424	1.69442218182	1.00444309091	0.739598	1.29570654545	1.91394672727	1.72830915152	1.87376733333	1.25046460606	1.30522036364	1.50956884848	1.61706830303	1.02192254545	0.889234666667	2.0907689697	1.41812745455	1.03335024242	1.36302969697	1.14530321212
PBW60	1.28084478788	1.10101181818	1.31258575758	0.935408181818	1.20575830303	1.35127042424	1.19245369697	1.32594193939	1.65519278788	1.47248357576	1.29935842424	1.10133818182	1.52448084848	1.63762048485	0.994331939394	1.80267630303	1.05189993939	1.28638587879	1.75515048485	0.947796060606	1.09091048485	0.937265333333	1.2538469697	1.25789757576	1.22511363636	0.0	1.32297709091	1.48180957576	1.38679781818	0.972206	1.24909272727	1.19642666667	0.959377939394	0.994597757576	1.07737618182	1.12616860606	1.28940187879	1.63416757576	1.60738436364	0.877526181818	1.20362054545	1.25881030303	1.31551448485	0.977017818182	1.11972533333	0.773649393939	1.51743818182	1.29559624242	1.38392412121	1.2674429697	1.11922066667	0.955117636364	1.02925454545	0.997954606061	1.19176757576	1.97715084848	1.05656024242	1.03225915152	0.890984787879	0.776003151515
PEP16	0.957867454545	1.38819472727	1.74976757576	1.24795981818	0.772820848485	0.947566787879	1.16975321212	0.804580727273	1.22810830303	0.906843333333	1.02709454545	0.912544	1.90064836364	2.14013587879	1.25166890909	1.45865084848	0.732663818182	0.942068909091	1.24570684848	1.31876587879	1.08436490909	0.908494666667	0.75371	0.808004969697	1.52301690909	1.32297709091	0.0	0.824789818182	1.59163454545	1.17266781818	1.62675345455	0.807781454545	1.12773733333	1.09769848485	0.753471575758	0.616376484848	0.780034242424	1.22071048485	1.01756909091	1.679928	1.34278369697	0.973838666667	1.21435254545	1.34649454545	1.45726654545	1.05906818182	1.10664618182	0.833123030303	0.984667272727	1.7716389697	1.64746357576	1.03788442424	0.923920121212	1.08364284848	1.59311060606	1.58032612121	0.83025830303	1.07079042424	0.951721757576	1.16478678788
PEP18	1.16992321212	1.54751884848	2.0127490303	1.53870418182	1.066292	1.28213321212	1.45157587879	1.03928666667	1.15104709091	0.861300666667	1.21901890909	1.24058581818	2.14869333333	2.49182193939	1.54544248485	1.39261109091	1.08518624242	1.24302175758	1.16817957576	1.562258	1.40981254545	1.25379648485	1.09741727273	1.14953733333	1.75615133333	1.48180957576	0.824789818182	0.0	1.87745248485	1.41700648485	1.94029151515	1.02839090909	1.38247781818	1.32291606061	1.08601521212	0.878704121212	0.827159818182	1.14279	0.93085430303	1.95417563636	1.60494806061	1.2295350303	1.08929787879	1.55222060606	1.71794521212	1.37509969697	1.0072729697	1.12458072727	1.08701684848	2.03002454545	1.90487266667	1.36321557576	1.20768921212	1.38055848485	1.80774987879	1.42891436364	1.11180109091	1.25456981818	1.31055266667	1.41865066667
PEP21	1.48846830303	1.56910393939	1.07400733333	1.23911969697	1.56328642424	1.64034484848	1.46133575758	1.62602593939	2.11197060606	1.85360381818	1.60214145455	1.54889757576	0.909052727273	1.26452969697	1.64343254545	2.45751545455	1.49644527273	1.86382272727	2.28508284848	1.60719181818	1.76373375758	1.38789660606	1.48034042424	1.72357369697	1.07035545455	1.38679781818	1.59163454545	1.87745248485	0.0	1.01594006061	0.631674545455	1.73489127273	1.06320157576	1.08128866667	1.42299363636	1.47401357576	1.76642672727	2.23620345455	2.00965781818	1.17024072727	1.70465387879	1.82845793939	1.99537921212	1.25317345455	1.04005393939	1.44684054545	2.13047357576	1.81205927273	1.96268509091	0.862159575758	0.917676181818	1.53362624242	1.68324715152	1.18307642424	1.00989266667	2.41027060606	1.53095975758	1.32322218182	1.48280418182	1.34462957576
PEP23	1.12953721212	1.14083006061	1.12933830303	0.793017090909	1.14472987879	1.24361739394	1.09616466667	1.21619375758	1.71154509091	1.41700884848	1.17317254545	1.19353351515	1.28098866667	1.56780284848	1.26822909091	2.06204581818	1.05898751515	1.52054593939	1.88892266667	1.21993587879	1.35263478788	0.940382242424	1.11274654545	1.32353460606	0.942771030303	0.972206	1.17266781818	1.41700648485	1.01594006061	0.0	0.940603333333	1.29489363636	0.675173030303	0.632205939394	1.02302545455	1.04311157576	1.27854157576	1.81422278788	1.59889969697	1.04070393939	1.36809345455	1.42889	1.53139709091	0.855500424242	0.825613757576	1.00196909091	1.66731084848	1.40014842424	1.58395084848	1.161412	1.13005757576	1.14610569697	1.27993351515	0.724359878788	0.926986545455	2.04170339394	1.13709909091	0.890287939394	1.09207612121	0.977202242424
PEP24	1.50404030303	1.54672539394	0.966224666667	1.085066	1.5292270303	1.63296363636	1.45311333333	1.62293830303	2.10236806061	1.83515375758	1.55034545455	1.49576824242	0.896985090909	1.11611393939	1.51689993939	2.35255012121	1.41676369697	1.79517460606	2.2488149697	1.52238963636	1.61918781818	1.35436242424	1.49665157576	1.63217115152	1.04249436364	1.24909272727	1.62675345455	1.94029151515	0.631674545455	0.940603333333	0.0	1.62402933333	1.05054109091	1.11629678788	1.38831690909	1.49741345455	1.72802018182	2.13398369697	2.00739442424	1.01405806061	1.58898975758	1.70384290909	1.9479730303	1.24723066667	0.937447878788	1.29121218182	2.09125393939	1.73621975758	1.88609078788	0.745397393939	0.854444545455	1.42604830303	1.55100375758	1.11655921212	0.962086848485	2.43372284848	1.50799636364	1.3345750303	1.35526054545	1.24738024242
PEP26	1.0786770303	1.19960890909	1.71648575758	1.17603690909	0.859059515152	1.08959248485	1.30943878788	0.878132363636	1.19796066667	0.956854848485	1.19965939394	0.849099151515	1.82830448485	2.12545890909	1.05760187879	1.29782454545	0.780265030303	0.815458242424	1.16312175758	1.1078309697	0.932106727273	0.900566666667	1.09489424242	0.677036121212	1.63566127273	1.19642666667	0.807781454545	1.02839090909	1.73489127273	1.29489363636	1.62402933333	0.0	1.08226824242	1.22004660606	0.776941636364	0.744675636364	0.947309030303	1.08987387879	0.958852727273	1.60751006061	1.39481230303	0.782075636364	1.28817387879	1.38378848485	1.53422218182	0.930918363636	1.00120654545	0.842983393939	0.865777575758	1.73894490909	1.62361884848	0.918954727273	0.699847636364	1.19115739394	1.54945121212	1.62346806061	0.81782969697	1.1802950303	0.799016545455	1.0118110303
PEP27	1.188242	1.15231521212	1.25133242424	0.706615212121	1.07448860606	1.22204363636	1.08562024242	1.19247260606	1.67948030303	1.36726951515	1.20204048485	1.03097248485	1.36329709091	1.56846872727	1.09869884848	1.85528684848	0.885310242424	1.31401618182	1.73027327273	1.05592963636	1.14571484848	0.850715393939	1.06970818182	1.19379054545	1.10065678788	0.959377939394	1.12773733333	1.38247781818	1.06320157576	0.675173030303	1.05054109091	1.08226824242	0.0	0.669992545455	0.919936545455	1.02273345455	1.27741727273	1.63381884848	1.43146436364	1.04301636364	1.46402260606	1.21969721212	1.51562612121	0.953145212121	0.985033212121	0.853833515152	1.54143878788	1.24629842424	1.37035406061	1.18664975758	1.08307012121	0.939415575758	1.10269636364	0.646522969697	1.04311751515	1.9758549697	0.995929454545	1.01917321212	0.872366363636	0.764313454545
PEP28	1.05547842424	1.11346775758	1.24599151515	0.823651393939	1.05392381818	1.15153036364	0.963175575758	1.1420589697	1.59208945455	1.29630715152	1.13336721212	1.04357872727	1.3955469697	1.66879436364	1.14645381818	1.95753684848	0.953727393939	1.43710569697	1.76686	1.14062230303	1.27621357576	0.851855818182	1.01579406061	1.24470878788	1.10063224242	0.994597757576	1.09769848485	1.32291606061	1.08128866667	0.632205939394	1.11629678788	1.22004660606	0.669992545455	0.0	0.878111272727	0.885677757576	1.2122929697	1.71989127273	1.49528866667	1.19002733333	1.389912	1.31075339394	1.41457127273	0.871564787879	0.937683939394	0.934134545455	1.62809860606	1.26388721212	1.45819472727	1.27657587879	1.20924521212	1.06205939394	1.19952842424	0.717607757576	1.04317151515	1.94142218182	0.95263230303	0.803607939394	0.958045454545	0.923942363636
PEP29	0.831823757576	1.17312012121	1.49857006061	1.00727393939	0.718925151515	0.865465515152	0.976243090909	0.861867333333	1.33208509091	1.00350133333	0.964603818182	0.624995090909	1.65006987879	1.93930406061	0.942671030303	1.45651648485	0.555804242424	0.988761090909	1.30164618182	1.02114012121	0.845510424242	0.682101030303	0.736348242424	0.774182727273	1.35277466667	1.07737618182	0.753471575758	1.08601521212	1.42299363636	1.02302545455	1.38831690909	0.776941636364	0.919936545455	0.878111272727	0.0	0.574294727273	0.902116484848	1.25492690909	1.04667763636	1.40028890909	1.30694872727	0.861084545455	1.2219150303	1.12672175758	1.20868321212	0.750216363636	1.13681024242	0.933390727273	1.03973969697	1.54126048485	1.45618860606	0.765720121212	0.719050969697	0.824236242424	1.33419842424	1.65998872727	0.681104060606	0.963730363636	0.664797212121	0.912369636364
PEP30	0.820287454545	1.27678684848	1.67128381818	1.13333254545	0.662367636364	0.937037090909	1.09459078788	0.737403515152	1.28380733333	0.910464060606	0.942924	0.786628727273	1.7836929697	2.0795769697	1.12383266667	1.46332151515	0.614062969697	0.957275575758	1.25726406061	1.13587254545	0.995451090909	0.754406181818	0.778104666667	0.791590909091	1.47570442424	1.12616860606	0.616376484848	0.878704121212	1.47401357576	1.04311157576	1.49741345455	0.744675636364	1.02273345455	0.885677757576	0.574294727273	0.0	0.828864787879	1.23414854545	0.991701333333	1.57344763636	1.29037084848	0.925784363636	1.225726	1.21565733333	1.40293624242	0.945620060606	1.14082860606	0.872089575758	1.00141781818	1.65812236364	1.49790345455	0.959316545455	0.837819757576	0.972228909091	1.47741266667	1.6549730303	0.738809818182	0.945839151515	0.844807939394	0.992415151515
PIS1	0.919268242424	1.326072	1.63781721212	1.27793187879	0.841074121212	1.05060987879	1.18690745455	0.775250606061	0.997441575758	0.635833212121	0.970072060606	1.08065278788	1.92173824242	2.24241872727	1.39815284848	1.40849212121	0.924510666667	1.10458169697	1.22058254545	1.45417842424	1.24774412121	1.08363775758	1.04944460606	0.957169151515	1.52182012121	1.28940187879	0.780034242424	0.827159818182	1.76642672727	1.27854157576	1.72802018182	0.947309030303	1.27741727273	1.2122929697	0.902116484848	0.828864787879	0.0	1.12513381818	0.898392787879	1.58778260606	1.26648715152	1.02204442424	0.842092484848	1.25095521212	1.36505012121	1.08686969697	0.950420424242	0.913328909091	0.957728424242	1.88962860606	1.83976666667	1.18374739394	1.11109048485	1.2241089697	1.54096775758	1.38863890909	1.0380309697	1.16027157576	1.06278860606	1.16928163636
PIS2	1.53500412121	1.71830557576	2.14125236364	1.5656070303	1.29466115152	1.45841618182	1.69949036364	1.27074430303	1.38061066667	1.05069333333	1.65129351515	1.11477618182	2.349586	2.48333969697	1.20068351515	0.634649212121	1.25611648485	0.929581090909	0.745221818182	1.26805527273	1.02034375758	1.28352163636	1.55341527273	1.01250793939	2.18005830303	1.63416757576	1.22071048485	1.14279	2.23620345455	1.81422278788	2.13398369697	1.08987387879	1.63381884848	1.71989127273	1.25492690909	1.23414854545	1.12513381818	0.0	0.778289636364	1.97253751515	1.89529248485	0.995952787879	1.29811393939	1.81334042424	1.97258321212	1.28050933333	0.769375939394	1.19376515152	0.742117272727	2.10649636364	1.99665890909	1.23657721212	1.09248975758	1.62138121212	2.02581527273	1.7270129697	1.27502333333	1.76626551515	1.14200836364	1.44048672727
PIS4	1.245326	1.55004018182	2.01329218182	1.41483581818	1.05056654545	1.25204533333	1.47731357576	1.00588909091	1.20992454545	0.832928181818	1.39095018182	1.04267442424	2.16191406061	2.47364860606	1.38935993939	1.03888018182	1.06735921212	1.09172248485	0.823386484848	1.44811036364	1.22288260606	1.16718581818	1.29895581818	0.906843878788	1.91252030303	1.60738436364	1.01756909091	0.93085430303	2.00965781818	1.59889969697	2.00739442424	0.958852727273	1.43146436364	1.49528866667	1.04667763636	0.991701333333	0.898392787879	0.778289636364	0.0	1.89508557576	1.66204248485	1.02940230303	1.05434369697	1.59201769697	1.78098036364	1.20288442424	0.703569454545	1.08480436364	0.912890060606	2.08353593939	1.97632490909	1.23677266667	1.09968109091	1.44225448485	1.847538	1.40713436364	1.11403260606	1.52458181818	1.09857072727	1.31651660606
PIS5	1.55211678788	1.39745727273	1.06959436364	1.01751181818	1.51377006061	1.59712909091	1.44605139394	1.57579806061	1.90994709091	1.76500115152	1.54482763636	1.47427672727	1.17953139394	1.27246545455	1.25577618182	2.11895472727	1.40715254545	1.563302	2.12501472727	1.28011775758	1.39032442424	1.34281757576	1.56612975758	1.57059866667	1.13080890909	0.877526181818	1.679928	1.95417563636	1.17024072727	1.04070393939	1.01405806061	1.60751006061	1.04301636364	1.19002733333	1.40028890909	1.57344763636	1.58778260606	1.97253751515	1.89508557576	0.0	1.25884212121	1.58151866667	1.58465375758	1.13958969697	0.905375757576	1.02457727273	1.84846036364	1.59304533333	1.70960169697	0.962203818182	1.03420272727	1.25761230303	1.37374921212	1.08054151515	0.951588909091	2.20233557576	1.43871163636	1.38323539394	1.18017133333	1.06127721212
PIS7	1.37143939394	1.42102969697	1.525244	1.50254072727	1.34121763636	1.47157193939	1.47249642424	1.33704951515	1.58109260606	1.49621636364	1.2772309697	1.46178078788	1.70272333333	2.08251848485	1.67954012121	2.12783042424	1.30174824242	1.60659478788	1.92691309091	1.75194557576	1.63567224242	1.43919133333	1.45260521212	1.39105278788	1.52300921212	1.20362054545	1.34278369697	1.60494806061	1.70465387879	1.36809345455	1.58898975758	1.39481230303	1.46402260606	1.389912	1.30694872727	1.29037084848	1.26648715152	1.89529248485	1.66204248485	1.25884212121	0.0	1.5575269697	1.03455527273	1.39154272727	1.39196321212	1.38833539394	1.6695530303	1.44157315152	1.65856963636	1.8009889697	1.8375089697	1.51662969697	1.46956333333	1.43097987879	1.43446751515	1.77903660606	1.38676418182	1.33588745455	1.42506666667	1.38870139394
PIS9	1.13846466667	1.35732442424	1.75159412121	1.16966369697	0.910883030303	1.05924812121	1.32664060606	0.974222181818	1.29380878788	1.0298509697	1.29950266667	0.764279272727	1.95581987879	2.10455648485	0.943924666667	1.21320915152	0.876968787879	0.793256181818	1.16590430303	1.04394345455	0.81534369697	0.973991636364	1.1902629697	0.663671393939	1.73471642424	1.25881030303	0.973838666667	1.2295350303	1.82845793939	1.42889	1.70384290909	0.782075636364	1.21969721212	1.31075339394	0.861084545455	0.925784363636	1.02204442424	0.995952787879	1.02940230303	1.58151866667	1.5575269697	0.0	1.30953581818	1.39877648485	1.53836993939	0.925710363636	0.995016848485	0.865568363636	0.76299030303	1.7275330303	1.61576309091	0.79178430303	0.768108242424	1.24244030303	1.62849193939	1.75475872727	0.911170545455	1.37479563636	0.85485169697	1.07955745455
PIS10	1.19711527273	1.33495309091	1.75545587879	1.48793745455	1.094842	1.21120042424	1.30343351515	1.11410563636	1.08020884848	0.945106666667	1.20472854545	1.31325145455	2.06890733333	2.41242054545	1.61348812121	1.56887454545	1.27655636364	1.4751270303	1.35671842424	1.69501781818	1.54548678788	1.38717884848	1.36208751515	1.22889363636	1.69442218182	1.31551448485	1.21435254545	1.08929787879	1.99537921212	1.53139709091	1.9479730303	1.28817387879	1.51562612121	1.41457127273	1.2219150303	1.225726	0.842092484848	1.29811393939	1.05434369697	1.58465375758	1.03455527273	1.30953581818	0.0	1.31353945455	1.50171181818	1.2384510303	1.05309460606	1.26399812121	1.31290212121	2.02902060606	2.03597684848	1.41863515152	1.38972175758	1.44986763636	1.63537212121	1.19366751515	1.29886442424	1.31397339394	1.34510412121	1.33068745455
PIS11	0.983455939394	0.810283090909	0.886960424242	0.854206969697	1.03803151515	0.972205454545	0.810470666667	1.12965563636	1.30978127273	1.23723957576	1.11112278788	1.12610921212	1.36377684848	1.75996557576	1.36899981818	2.13479	1.17963206061	1.66232878788	1.93719957576	1.3466349697	1.45320163636	1.10192109091	1.24622345455	1.28071236364	1.00444309091	0.977017818182	1.34649454545	1.55222060606	1.25317345455	0.855500424242	1.24723066667	1.38378848485	0.953145212121	0.871564787879	1.12672175758	1.21565733333	1.25095521212	1.81334042424	1.59201769697	1.13958969697	1.39154272727	1.39877648485	1.31353945455	0.0	0.876360727273	0.977198969697	1.65141551515	1.436764	1.65266666667	1.39150042424	1.36235666667	1.24209654545	1.3520550303	0.944004060606	0.864143454545	1.84701763636	1.22256957576	0.99935369697	1.11300393939	0.934613090909
PIS14	1.19012030303	1.16666054545	0.830656424242	0.964534848485	1.31114363636	1.36022836364	1.12729539394	1.38832375758	1.69008260606	1.5030069697	1.2376329697	1.30738024242	1.09041927273	1.50393466667	1.43804987879	2.23713775758	1.25730430303	1.75118915152	2.07216927273	1.45812248485	1.53877824242	1.23201806061	1.34966454545	1.44473854545	0.739598	1.11972533333	1.45726654545	1.71794521212	1.04005393939	0.825613757576	0.937447878788	1.53422218182	0.985033212121	0.937683939394	1.20868321212	1.40293624242	1.36505012121	1.97258321212	1.78098036364	0.905375757576	1.39196321212	1.53836993939	1.50171181818	0.876360727273	0.0	1.06468090909	1.79664387879	1.52017927273	1.72212872727	1.12381521212	1.12581545455	1.29207921212	1.44987830303	0.924048545455	0.746341272727	2.10352151515	1.28220593939	1.12150327273	1.23146709091	1.09998630303
PIS15	0.967258060606	0.943065818182	1.29274618182	0.779903636364	0.925385030303	1.02304139394	0.949828545455	1.06546066667	1.43730812121	1.16160569697	1.12806709091	0.774933151515	1.50818248485	1.65939642424	0.697713575758	1.49486133333	0.777577818182	0.989432121212	1.46928375758	0.753212727273	0.809696363636	0.715707333333	1.04794484848	0.845074363636	1.29570654545	0.773649393939	1.05906818182	1.37509969697	1.44684054545	1.00196909091	1.29121218182	0.930918363636	0.853833515152	0.934134545455	0.750216363636	0.945620060606	1.08686969697	1.28050933333	1.20288442424	1.02457727273	1.38833539394	0.925710363636	1.2384510303	0.977198969697	1.06468090909	0.0	1.23395363636	1.0601989697	1.02884236364	1.26492363636	1.23945842424	0.667080848485	0.738111575758	0.856369818182	1.10712266667	1.75167078788	0.765990969697	0.935728909091	0.584096727273	0.576884424242
PLL76	1.40263363636	1.53409266667	2.03554066667	1.5849989697	1.19742787879	1.37171151515	1.62464387879	1.21004945455	1.21750151515	0.982703575758	1.46877563636	1.11706569697	2.20079066667	2.45787551515	1.27924781818	0.934648666667	1.14515872727	0.924830727273	0.740492666667	1.2800029697	1.10105145455	1.21256824242	1.43690745455	0.927616121212	1.91394672727	1.51743818182	1.10664618182	1.0072729697	2.13047357576	1.66731084848	2.09125393939	1.00120654545	1.54143878788	1.62809860606	1.13681024242	1.14082860606	0.950420424242	0.769375939394	0.703569454545	1.84846036364	1.6695530303	0.995016848485	1.05309460606	1.65141551515	1.79664387879	1.23395363636	0.0	1.01907381818	0.752903878788	2.0468970303	1.99632939394	1.21725569697	1.07615248485	1.47122357576	1.80421351515	1.34742442424	1.11063115152	1.49733890909	1.12791763636	1.31558436364
