	PAM31	PAM32	PAM33	PAM35	PAM36	PAM37	PAM39	PAM40	PAM41	PAM42	PAM43	PAM44	PAM45	PBW46	PBW47	PBW49	PBW50	PBW51	PBW52	PBW53	PBW54	PBW55	PBW56	PBW58	PBW59	PBW60	PEP16	PEP18	PEP21	PEP23	PEP24	PEP26	PEP27	PEP28	PEP29	PEP30	PIS1	PIS2	PIS4	PIS5	PIS7	PIS9	PIS10	PIS11	PIS14	PIS15	PLL76	PLL77	PLL79	PLL80	PLL83	PLL88	PLL89	PLL90	PPO64	PPO66	PPO67	PPO69	PPO72	PPO75
PAM31	0.0	1.61005424242	1.941174	1.4590269697	1.32470618182	0.966794969697	1.01235254545	1.24073812121	1.25930951515	0.692974727273	1.33479672727	1.22664036364	2.26834315152	2.78778678788	1.86896539394	1.36691545455	1.51195430303	1.49220418182	1.65841169697	1.7191810303	1.96986151515	1.29925557576	1.19705951515	1.1692710303	1.81407248485	1.86526121212	1.50366284848	1.07708006061	2.20357430303	1.78834351515	2.24225230303	1.41426933333	1.85366969697	1.59267333333	1.59363581818	1.4889909697	0.960920848485	1.37564654545	1.02564181818	2.33611145455	1.82872466667	1.15807521212	1.05242260606	1.34577563636	1.54445218182	1.47961933333	1.38653012121	1.14253321212	1.67203957576	2.10697957576	2.3883290303	1.62540206061	1.7239650303	1.52903127273	1.92084048485	1.13914230303	1.65749187879	1.73663218182	1.56391666667	1.65941260606
PAM32	1.61005424242	0.0	1.13530775758	0.96294169697	0.954879212121	1.17898642424	1.05952230303	1.13340230303	0.868097454545	1.56895309091	1.12772684848	1.31121872727	1.4458909697	2.12282381818	1.44353212121	2.223744	1.28415339394	1.70898957576	1.51797357576	1.46627818182	1.45143769697	1.60074690909	1.5612749697	1.44671654545	1.17312030303	1.19207472727	1.21892969697	1.60460109091	1.5844749697	1.18653593939	1.66810545455	1.25348854545	1.25042515152	1.21647472727	1.23050121212	1.28813345455	1.50903266667	1.81709836364	1.70407606061	1.55953127273	1.45996751515	1.60731660606	1.44981127273	0.938754363636	1.12800472727	1.29365430303	1.42855018182	1.62601448485	1.32526593939	1.43724909091	1.73377466667	1.32017363636	1.31182375758	1.09261642424	1.16289387879	1.75618854545	1.1315490303	0.973900484848	1.3554689697	1.07540224242
PAM33	1.941174	1.13530775758	0.0	1.12807430303	1.11601036364	1.52184872727	1.3805409697	1.32540121212	1.38796436364	1.78897321212	1.28724842424	1.63293860606	0.972851575758	1.46935424242	1.60800509091	2.49519418182	1.45293545455	1.95879830303	1.78050957576	1.70677951515	1.45943660606	1.80204266667	1.7416829697	1.66203169697	1.14338478788	1.27923145455	1.39430278788	1.93601818182	0.862354363636	1.06453763636	0.919164606061	1.59576612121	1.07383375758	1.27340078788	1.31115866667	1.38711454545	1.70960515152	2.02936842424	2.00049254545	0.953736	1.49288218182	1.88803587879	1.66088230303	1.09299266667	1.33012581818	1.50606254545	1.674392	1.87911036364	1.56943769697	1.05882969697	1.10296993939	1.51147460606	1.56629369697	1.30373230303	0.728692666667	2.27649884848	1.21786345455	1.17877272727	1.50561842424	1.26743254545
PAM35	1.4590269697	0.96294169697	1.12807430303	0.0	0.612866727273	1.07281018182	0.893516121212	0.737772484848	1.00017781818	1.21747612121	0.788157151515	0.987746727273	1.52732660606	2.02946260606	1.04253066667	1.85668509091	0.818788909091	1.31598218182	1.1565649697	1.04468036364	1.0918310303	1.12160569697	1.06808927273	1.03421218182	1.03275836364	0.949696787879	0.834576121212	1.26607527273	1.48482163636	0.925559939394	1.40021042424	0.904225757576	1.07306442424	0.866491333333	0.789948484848	0.788432484848	1.03988575758	1.34831254545	1.30975060606	1.45100606061	1.27202024242	1.2691390303	1.10916557576	0.605543575758	0.780536363636	0.855764969697	0.976951151515	1.27961690909	0.950584969697	1.26095187879	1.58051490909	0.887011818182	0.935227636364	0.739260787879	1.05882527273	1.77334939394	0.853232060606	0.967079515152	0.830663636364	0.767858969697
PAM36	1.32470618182	0.954879212121	1.11601036364	0.612866727273	0.0	0.994729515152	0.838516424242	0.674068787879	1.00396587879	1.12020260606	0.795728	0.970456484848	1.53572424242	2.00356230303	1.02707181818	1.87040927273	0.865251030303	1.33739630303	1.16542272727	1.1180770303	1.09732866667	1.15447884848	1.08302557576	1.02804448485	1.04575769697	1.00617624242	0.761502121212	1.25487933333	1.42660133333	0.919527878788	1.40946418182	0.912309818182	1.04958884848	0.739693090909	0.778195939394	0.801443090909	1.0964649697	1.36232072727	1.32044969697	1.53030975758	1.36983133333	1.22475375758	1.11897	0.679573212121	0.869558484848	0.919304787879	1.06393278788	1.2325609697	0.913892424242	1.25113666667	1.51510018182	0.879104969697	0.926252666667	0.718029333333	1.09922509091	1.73199321212	0.817409939394	0.998947454545	0.902618121212	0.811086181818
PAM37	0.966794969697	1.17898642424	1.52184872727	1.07281018182	0.994729515152	0.0	0.558540727273	1.04055527273	0.738825090909	0.772538424242	1.11944115152	0.892531939394	2.06584818182	2.54409218182	1.44559672727	1.49921406061	1.17727242424	1.09225563636	1.29094969697	1.38246193939	1.615248	0.968681090909	0.90413969697	0.795623454545	1.53756381818	1.511482	1.18207454545	0.891495272727	1.97256733333	1.45022793939	1.98646957576	1.05704806061	1.58530248485	1.29177775758	1.29116169697	1.198284	0.801990484848	1.08936357576	0.976379454545	2.00826509091	1.56015224242	0.899140242424	0.944437575758	1.09142612121	1.21739672727	1.06152872727	0.954955515152	0.873017272727	1.30801769697	1.78768157576	2.04473539394	1.2237589697	1.35498836364	1.24839933333	1.60391763636	1.31576248485	1.3567869697	1.50307830303	1.15420969697	1.31305084848
PAM39	1.01235254545	1.05952230303	1.3805409697	0.893516121212	0.838516424242	0.558540727273	0.0	0.740585212121	0.654145090909	0.837908848485	0.845522	0.816788181818	1.78586987879	2.3120250303	1.36693987879	1.65186242424	1.00984527273	1.13371236364	1.16514484848	1.27067078788	1.47658557576	0.967526666667	0.887760909091	0.820680424242	1.35239775758	1.36663351515	1.05811236364	1.04394242424	1.78081509091	1.2694850303	1.76055381818	0.914935333333	1.37447169697	1.1722869697	1.10274581818	1.04255684848	0.827070363636	1.20752248485	1.09758975758	1.78635151515	1.33542860606	1.04275272727	0.907468	0.850323333333	1.08135369697	0.934644727273	0.881516363636	1.03831278788	1.22391587879	1.65250945455	1.94049272727	1.10506939394	1.20393684848	1.05966660606	1.36758672727	1.43626684848	1.21162648485	1.23586206061	1.02609321212	1.14045909091
PAM40	1.24073812121	1.13340230303	1.32540121212	0.737772484848	0.674068787879	1.04055527273	0.740585212121	0.0	0.947575151515	1.02133018182	0.592025151515	1.02337751515	1.60616333333	2.15265836364	1.20460266667	1.85111127273	0.84806430303	1.32639333333	1.20542472727	1.16311660606	1.31614606061	1.17342193939	1.0288970303	1.05288139394	1.11296527273	1.21070830303	0.826321454545	1.20825721212	1.50655121212	1.08549024242	1.52573018182	0.932822363636	1.18392806061	0.955405878788	0.893107515152	0.824728242424	1.03473193939	1.36280757576	1.30572721212	1.66730569697	1.3252310303	1.29176133333	1.02181636364	0.838994363636	0.838026787879	0.980616484848	1.09940933333	1.23340090909	1.07703793939	1.48053963636	1.73652775758	0.945200181818	1.03687769697	0.829209393939	1.26178090909	1.67393787879	1.01098757576	1.06957406061	0.95347830303	1.04475921212
PAM41	1.25930951515	0.868097454545	1.38796436364	1.00017781818	1.00396587879	0.738825090909	0.654145090909	0.947575151515	0.0	1.21146763636	1.00757060606	1.11135	1.83695763636	2.49513448485	1.53929272727	1.95326339394	1.23129606061	1.44158133333	1.37635406061	1.4291929697	1.63164315152	1.32215915152	1.26927206061	1.16333727273	1.50230939394	1.49542042424	1.2883110303	1.29530084848	1.9087050303	1.46171278788	1.9738390303	1.08714733333	1.56103448485	1.39961509091	1.3769289697	1.27278630303	1.15963933333	1.52407751515	1.42651557576	1.84311854545	1.3802969697	1.36638606061	1.1224169697	1.01896187879	1.19554375758	1.10704569697	1.18072072727	1.3568269697	1.38378266667	1.8448310303	2.10993357576	1.28772939394	1.37100909091	1.26092406061	1.46036660606	1.47579072727	1.38722648485	1.31265830303	1.18763757576	1.33341145455
PAM42	0.692974727273	1.56895309091	1.78897321212	1.21747612121	1.12020260606	0.772538424242	0.837908848485	1.02133018182	1.21146763636	0.0	1.17876818182	0.95436430303	2.17895254545	2.6523629697	1.53158472727	1.25196387879	1.26257206061	1.20097066667	1.39089709091	1.47600254545	1.68149490909	0.985588242424	0.959864181818	0.861339939394	1.65699969697	1.6356469697	1.29583806061	0.916268363636	2.07561957576	1.54796090909	2.07747139394	1.18168587879	1.69600054545	1.41956939394	1.29621733333	1.2401630303	0.735840545455	1.03334551515	0.716206606061	2.15651260606	1.65489781818	0.818303272727	0.821776727273	1.21636757576	1.30273406061	1.13396812121	1.05197151515	0.850254606061	1.37787793939	1.84650739394	2.19697648485	1.27241157576	1.38175587879	1.31281763636	1.78327642424	1.34072139394	1.47413048485	1.59837369697	1.24534375758	1.41872539394
PAM43	1.33479672727	1.12772684848	1.28724842424	0.788157151515	0.795728	1.11944115152	0.845522	0.592025151515	1.00757060606	1.17876818182	0.0	1.16316121212	1.56592533333	2.12960181818	1.29103387879	1.9869109697	0.824003515152	1.41036248485	1.28051945455	1.17123193939	1.35641824242	1.20472781818	1.06745490909	1.25015612121	0.954459878788	1.16964472727	0.792670606061	1.2339370303	1.413544	1.08616678788	1.48881787879	1.06060484848	1.16080884848	0.997033818182	0.927265030303	0.822323818182	1.03866351515	1.47730242424	1.37976690909	1.60813933333	1.23505206061	1.42503072727	1.09288709091	0.857036	0.802788909091	1.020498	1.17577545455	1.28358327273	1.10493048485	1.47880381818	1.71643412121	0.997782060606	1.12424357576	0.854636848485	1.2465950303	1.68818654545	1.038416	0.946954848485	0.943729636364	1.05492812121
PAM44	1.22664036364	1.31121872727	1.63293860606	0.987746727273	0.970456484848	0.892531939394	0.816788181818	1.02337751515	1.11135	0.95436430303	1.16316121212	0.0	1.84019175758	2.28350593939	1.08057254545	1.38193133333	1.00108715152	0.834452787879	0.90273969697	0.986834484848	1.2098490303	0.745915090909	0.846146424242	0.477221333333	1.47709175758	1.26516048485	1.14070442424	1.02178018182	1.77695006061	1.3082689697	1.74169121212	0.747549939394	1.37438254545	1.14114666667	0.993842363636	0.937182	0.953883636364	0.899696848485	0.938485090909	1.84511339394	1.49955460606	0.850684181818	1.08231630303	0.993084969697	1.16281715152	0.766107454545	0.668634969697	0.933262181818	0.955796181818	1.44754175758	1.80863206061	0.861742909091	0.971329636364	1.08425624242	1.47262824242	1.46805709091	1.11746339394	1.40684478788	0.867191454545	1.00059345455
PAM45	2.26834315152	1.4458909697	0.972851575758	1.52732660606	1.53572424242	2.06584818182	1.78586987879	1.60616333333	1.83695763636	2.17895254545	1.56592533333	1.84019175758	0.0	1.30674581818	1.80472939394	2.69507521212	1.69724278788	2.06335824242	1.93936878788	1.85352369697	1.60270393939	2.06836236364	2.00894848485	1.97329127273	1.38963660606	1.436148	1.68241351515	2.15035230303	0.92890230303	1.35083418182	0.888608787879	1.67577757576	1.28408836364	1.52322460606	1.55010054545	1.63371436364	1.9925849697	2.24865478788	2.24945939394	0.993525515152	1.686302	2.21564066667	1.97259460606	1.49566630303	1.65538612121	1.74004515152	1.98557606061	2.11692060606	1.73877787879	1.2250850303	1.07446212121	1.73039745455	1.71237751515	1.54794254545	0.959575272727	2.42179466667	1.42550872727	1.39801787879	1.71655424242	1.41594060606
PBW46	2.78778678788	2.12282381818	1.46935424242	2.02946260606	2.00356230303	2.54409218182	2.3120250303	2.15265836364	2.49513448485	2.6523629697	2.12960181818	2.28350593939	1.30674581818	0.0	1.80356915152	2.92518478788	2.07764024242	2.22137109091	2.15522018182	2.00133133333	1.64962151515	2.38578927273	2.36376969697	2.36864254545	1.77514206061	1.79848242424	2.02043666667	2.58762769697	1.39272436364	1.745972	1.14264987879	2.15997854545	1.61340763636	1.8765630303	1.91054151515	2.06696212121	2.46740024242	2.5502889697	2.68088060606	1.23095133333	2.19645181818	2.57299848485	2.488878	1.96195769697	2.12956442424	2.13398975758	2.30126284848	2.46320606061	1.9206189697	1.29930127273	1.04128539394	1.96085066667	1.87593557576	1.86544230303	1.49916581818	2.93594618182	1.76722266667	1.83115121212	1.96013024242	1.82077672727
PBW47	1.86896539394	1.44353212121	1.60800509091	1.04253066667	1.02707181818	1.44559672727	1.36693987879	1.20460266667	1.53929272727	1.53158472727	1.29103387879	1.08057254545	1.80472939394	1.80356915152	0.0	1.51408072727	1.10573084848	0.846766666667	0.891388606061	0.687024121212	0.576792969697	1.09535393939	1.36569	1.05938660606	1.35733278788	1.08708175758	1.11374715152	1.52792036364	1.69263654545	1.21772454545	1.4864310303	1.00325678788	1.26945412121	1.00863981818	0.863959757576	0.995352242424	1.43182490909	1.10134672727	1.37524890909	1.53084363636	1.69450024242	1.31029987879	1.53791430303	1.14473884848	1.22126472727	0.896092242424	1.01878169697	1.36715012121	0.760337333333	1.16748266667	1.32363212121	0.754388060606	0.571533333333	0.977196909091	1.42451957576	2.05075	0.986537393939	1.34284933333	0.776425939394	0.930447090909
PBW49	1.36691545455	2.223744	2.49519418182	1.85668509091	1.87040927273	1.49921406061	1.65186242424	1.85111127273	1.95326339394	1.25196387879	1.9869109697	1.38193133333	2.69507521212	2.92518478788	1.51408072727	0.0	1.72775545455	1.11143381818	1.3752310303	1.38186921212	1.69030593939	1.23339236364	1.51816915152	1.20568454545	2.23911775758	2.01569254545	1.92521818182	1.50736472727	2.58088163636	2.11386781818	2.49325406061	1.49611133333	2.15133363636	1.94999375758	1.7345990303	1.73245212121	1.4404650303	0.920021515152	1.06703921212	2.53130084848	2.24900072727	1.15371248485	1.55692084848	1.90613157576	1.98717745455	1.42414533333	1.29048957576	1.32169	1.57213757576	2.106896	2.47965806061	1.55132030303	1.51363466667	1.84350078788	2.31867412121	1.65513387879	1.87811242424	2.19735587879	1.45902690909	1.75021812121
PBW50	1.51195430303	1.28415339394	1.45293545455	0.818788909091	0.865251030303	1.17727242424	1.00984527273	0.84806430303	1.23129606061	1.26257206061	0.824003515152	1.00108715152	1.69724278788	2.07764024242	1.10573084848	1.72775545455	0.0	1.11493593939	0.973237515152	0.863715090909	1.15225957576	0.965481878788	0.876713575758	1.0541710303	1.11742945455	1.02799284848	0.781623212121	1.11167921212	1.41023660606	0.939416242424	1.47094539394	0.859329818182	1.03803345455	0.837284484848	0.799901757576	0.626623575758	1.10229939394	1.32193442424	1.24047963636	1.62114830303	1.29860878788	1.29109775758	1.18351533333	0.886448484848	0.868425515152	0.903986848485	0.975792545455	1.05629139394	0.934694363636	1.28227509091	1.54457921212	0.771207515152	0.899444060606	0.71446169697	1.32159818182	1.71351345455	0.909583272727	1.03176442424	0.769351818182	0.834163151515
PBW51	1.49220418182	1.70898957576	1.95879830303	1.31598218182	1.33739630303	1.09225563636	1.13371236364	1.32639333333	1.44158133333	1.20097066667	1.41036248485	0.834452787879	2.06335824242	2.22137109091	0.846766666667	1.11143381818	1.11493593939	0.0	0.732830181818	0.739075636364	1.04058109091	0.736235515152	0.917416909091	0.743982606061	1.64121242424	1.41764939394	1.32777018182	1.14067369697	1.93233181818	1.48565860606	1.84294012121	0.925663454545	1.52305024242	1.33458066667	1.15172618182	1.12622981818	1.10152078788	0.783629757576	1.02620466667	1.85829830303	1.69079781818	0.944205333333	1.30690460606	1.34642648485	1.43095357576	0.877579272727	0.784988484848	0.898994363636	0.87872	1.39272218182	1.74383054545	0.927135090909	0.85835830303	1.23381024242	1.70306309091	1.65710939394	1.28602066667	1.63378690909	0.86287369697	1.19189448485
PBW52	1.65841169697	1.51797357576	1.78050957576	1.1565649697	1.16542272727	1.29094969697	1.16514484848	1.20542472727	1.37635406061	1.39089709091	1.28051945455	0.90273969697	1.93936878788	2.15522018182	0.891388606061	1.3752310303	0.973237515152	0.732830181818	0.0	0.692198666667	0.916903272727	0.89779030303	1.15223412121	0.931514969697	1.55565969697	1.29996442424	1.22255769697	1.40331890909	1.84088163636	1.4359410303	1.74374484848	0.818314606061	1.42699812121	1.27428636364	1.04027587879	1.02124933333	1.31015763636	1.02595060606	1.18932260606	1.75904957576	1.6347449697	1.19781018182	1.41076193939	1.19484709091	1.31440218182	0.771199393939	0.826911515152	1.13628987879	0.843094787879	1.30659139394	1.69362727273	0.819509636364	0.806308242424	1.13935606061	1.56491921212	1.7697269697	1.14040818182	1.51425236364	0.71437030303	0.998568060606
PBW53	1.7191810303	1.46627818182	1.70677951515	1.04468036364	1.1180770303	1.38246193939	1.27067078788	1.16311660606	1.4291929697	1.47600254545	1.17123193939	0.986834484848	1.85352369697	2.00133133333	0.687024121212	1.38186921212	0.863715090909	0.739075636364	0.692198666667	0.0	0.786364848485	0.881575636364	1.17687230303	1.03335109091	1.40500878788	1.10119412121	1.08587018182	1.31447539394	1.70574078788	1.23253981818	1.5255590303	0.917086121212	1.34291206061	1.08727424242	0.942209575758	0.857240484848	1.36330163636	1.01137884848	1.31656030303	1.63353757576	1.60716315152	1.22202072727	1.46090690909	1.12298745455	1.17484545455	0.75602569697	0.916645575758	1.23539327273	0.721560727273	1.21310678788	1.51847418182	0.665543212121	0.656285939394	0.981108181818	1.48798781818	1.89012175758	1.03688478788	1.35885975758	0.662900484848	0.936805393939
PBW54	1.96986151515	1.45143769697	1.45943660606	1.0918310303	1.09732866667	1.615248	1.47658557576	1.31614606061	1.63164315152	1.68149490909	1.35641824242	1.2098490303	1.60270393939	1.64962151515	0.576792969697	1.69030593939	1.15225957576	1.04058109091	0.916903272727	0.786364848485	0.0	1.11448993939	1.42931533333	1.23699472727	1.21926624242	1.14163266667	1.18803975758	1.64020606061	1.52640115152	1.05945909091	1.30379321212	1.09758357576	1.09287339394	1.01548672727	0.937965212121	1.06214884848	1.55368260606	1.21575351515	1.52424709091	1.38936981818	1.74277345455	1.47904145455	1.65250242424	1.1847869697	1.31608060606	1.0240169697	1.14543648485	1.51357242424	0.858722909091	0.98566	1.19031684848	0.913262606061	0.65979430303	1.03307969697	1.25287727273	2.19219642424	0.911375454545	1.26707212121	0.870056727273	0.831118242424
PBW55	1.29925557576	1.60074690909	1.80204266667	1.12160569697	1.15447884848	0.968681090909	0.967526666667	1.17342193939	1.32215915152	0.985588242424	1.20472781818	0.745915090909	2.06836236364	2.38578927273	1.09535393939	1.23339236364	0.965481878788	0.736235515152	0.89779030303	0.881575636364	1.11448993939	0.0	0.753444060606	0.632008787879	1.48258939394	1.31699460606	1.14016278788	0.847789818182	1.83532684848	1.31243654545	1.78018775758	0.910926969697	1.4282389697	1.15842551515	1.06614618182	0.970711515152	0.880846848485	0.768734606061	0.842004060606	1.95461648485	1.51512266667	0.920768363636	1.10457842424	1.17570006061	1.25344206061	0.812993575758	0.689123515152	0.887170121212	1.00368957576	1.52838230303	1.86896387879	0.93027630303	0.933067272727	1.05626987879	1.67156466667	1.57015351515	1.17384951515	1.39893454545	0.818845939394	1.11770987879
PBW56	1.19705951515	1.5612749697	1.7416829697	1.06808927273	1.08302557576	0.90413969697	0.887760909091	1.0288970303	1.26927206061	0.959864181818	1.06745490909	0.846146424242	2.00894848485	2.36376969697	1.36569	1.51816915152	0.876713575758	0.917416909091	1.15223412121	1.17687230303	1.42931533333	0.753444060606	0.0	0.796523151515	1.379888	1.33905818182	0.891517878788	0.814029151515	1.67641115152	1.25323854545	1.75517509091	0.951211878788	1.30307345455	1.11131139394	1.08676963636	0.945289515152	0.801865939394	1.06483054545	0.995566545455	1.9312290303	1.42801666667	1.01466224242	1.01305278788	1.1082270303	1.14583193939	1.02462660606	0.889952424242	0.88054630303	1.1605349697	1.60687327273	1.84371012121	1.07992145455	1.18498127273	0.980335515152	1.61052848485	1.49820072727	1.16726751515	1.31189909091	1.01800806061	1.19156036364
PBW58	1.1692710303	1.44671654545	1.66203169697	1.03421218182	1.02804448485	0.795623454545	0.820680424242	1.05288139394	1.16333727273	0.861339939394	1.25015612121	0.477221333333	1.97329127273	2.36864254545	1.05938660606	1.20568454545	1.0541710303	0.743982606061	0.931514969697	1.03335109091	1.23699472727	0.632008787879	0.796523151515	0.0	1.56971757576	1.34248957576	1.18340806061	0.928006969697	1.86228266667	1.38781890909	1.83226454545	0.809504363636	1.44406630303	1.1992790303	1.06464272727	1.01977763636	0.896373090909	0.799288121212	0.842514424242	1.90859412121	1.53948248485	0.739493515152	1.05505678788	1.06213987879	1.22066018182	0.821486242424	0.665793393939	0.872331151515	0.994853757576	1.52825763636	1.88212406061	0.955044484848	0.949959939394	1.1632790303	1.55422606061	1.45945648485	1.19737442424	1.4759789697	0.854604666667	1.12800824242
PBW59	1.81407248485	1.17312030303	1.14338478788	1.03275836364	1.04575769697	1.53756381818	1.35239775758	1.11296527273	1.50230939394	1.65699969697	0.954459878788	1.47709175758	1.38963660606	1.77514206061	1.35733278788	2.23911775758	1.11742945455	1.64121242424	1.55565969697	1.40500878788	1.21926624242	1.48258939394	1.379888	1.56971757576	0.0	1.02143175758	1.01664369697	1.55187448485	1.18440072727	0.795997818182	1.20666757576	1.41746957576	0.968770181818	0.983035636364	1.02583909091	1.09632915152	1.3719609697	1.83641648485	1.76304266667	1.32668430303	1.33313315152	1.73495024242	1.40224745455	1.002368	0.937949878788	1.28213254545	1.45922393939	1.54206593939	1.25567181818	1.13711218182	1.44250030303	1.25993587879	1.32984381818	0.930260121212	1.06863733333	2.00077781818	0.990508727273	0.779150969697	1.19562284848	0.985623878788
PBW60	1.86526121212	1.19207472727	1.27923145455	0.949696787879	1.00617624242	1.511482	1.36663351515	1.21070830303	1.49542042424	1.6356469697	1.16964472727	1.26516048485	1.436148	1.79848242424	1.08708175758	2.01569254545	1.02799284848	1.41764939394	1.29996442424	1.10119412121	1.14163266667	1.31699460606	1.33905818182	1.34248957576	1.02143175758	0.0	1.07613448485	1.46875775758	1.32801842424	0.978357818182	1.22241593939	1.15507915152	1.10892387879	0.898818666667	0.926434484848	0.964633272727	1.30162690909	1.54358909091	1.66387357576	1.08249084848	1.08970551515	1.61095484848	1.22958054545	1.00369115152	0.881617636364	1.13746454545	1.27793872727	1.50257939394	1.06758927273	1.11822115152	1.29084163636	1.00296812121	1.047786	0.978061939394	0.981939393939	1.9418809697	0.870447636364	1.01898781818	0.952683939394	0.898029090909
PEP16	1.50366284848	1.21892969697	1.39430278788	0.834576121212	0.761502121212	1.18207454545	1.05811236364	0.826321454545	1.2883110303	1.29583806061	0.792670606061	1.14070442424	1.68241351515	2.02043666667	1.11374715152	1.92521818182	0.781623212121	1.32777018182	1.22255769697	1.08587018182	1.18803975758	1.14016278788	0.891517878788	1.18340806061	1.01664369697	1.07613448485	0.0	1.10612230303	1.35962175758	0.848859818182	1.40547284848	1.01402236364	0.978665878788	0.768415818182	0.813199515152	0.739495272727	1.09388127273	1.47364078788	1.38365218182	1.59322436364	1.32791454545	1.3530369697	1.22908363636	0.902283454545	0.878802060606	1.00138593939	1.12280060606	1.27116236364	0.93242	1.2767529697	1.54667842424	0.950530242424	0.950421818182	0.685831818182	1.29086345455	1.806366	0.877267575758	0.949934424242	0.931036	0.955024909091
PEP18	1.07708006061	1.60460109091	1.93601818182	1.26607527273	1.25487933333	0.891495272727	1.04394242424	1.20825721212	1.29530084848	0.916268363636	1.2339370303	1.02178018182	2.15035230303	2.58762769697	1.52792036364	1.50736472727	1.11167921212	1.14067369697	1.40331890909	1.31447539394	1.64020606061	0.847789818182	0.814029151515	0.928006969697	1.55187448485	1.46875775758	1.10612230303	0.0	1.9097309697	1.32751593939	1.96234472727	1.0813330303	1.53608272727	1.21173	1.27426169697	1.11911575758	0.722421272727	1.09782745455	1.00430684848	2.09421709091	1.56020727273	1.04880109091	0.948111030303	1.30141521212	1.25116218182	1.18367224242	1.08325587879	0.873794848485	1.38531333333	1.78932072727	2.03091054545	1.24712078788	1.34333854545	1.20956648485	1.78827521212	1.31170272727	1.29548163636	1.3616750303	1.20376787879	1.42405581818
PEP21	2.20357430303	1.5844749697	0.862354363636	1.48482163636	1.42660133333	1.97256733333	1.78081509091	1.50655121212	1.9087050303	2.07561957576	1.413544	1.77695006061	0.92890230303	1.39272436364	1.69263654545	2.58088163636	1.41023660606	1.93233181818	1.84088163636	1.70574078788	1.52640115152	1.83532684848	1.67641115152	1.86228266667	1.18440072727	1.32801842424	1.35962175758	1.9097309697	0.0	1.10362993939	0.739786969697	1.66593806061	1.0050150303	1.17354957576	1.35845812121	1.32150284848	1.88977636364	2.12340472727	2.12273284848	1.0355389697	1.59129012121	2.08365921212	1.95259181818	1.4446030303	1.49333181818	1.6788469697	1.8626970303	1.96740678788	1.58961872727	1.04793363636	0.962602969697	1.57715248485	1.60918381818	1.30554290909	0.917978060606	2.39903442424	1.24854521212	1.19315909091	1.63934006061	1.35037018182
PEP23	1.78834351515	1.18653593939	1.06453763636	0.925559939394	0.919527878788	1.45022793939	1.2694850303	1.08549024242	1.46171278788	1.54796090909	1.08616678788	1.3082689697	1.35083418182	1.745972	1.21772454545	2.11386781818	0.939416242424	1.48565860606	1.4359410303	1.23253981818	1.05945909091	1.31243654545	1.25323854545	1.38781890909	0.795997818182	0.978357818182	0.848859818182	1.32751593939	1.10362993939	0.0	1.09630939394	1.19761781818	0.678534424242	0.756147151515	0.905801151515	0.914581878788	1.34294375758	1.65073624242	1.60490654545	1.27825618182	1.34925290909	1.59352454545	1.42138357576	0.929943757576	0.991918121212	1.15248430303	1.34191690909	1.46266957576	1.17046127273	1.01267157576	1.24649933333	1.07075151515	1.15561630303	0.813248848485	0.984447393939	2.02269115152	0.806372242424	0.756788666667	1.15198054545	0.908308848485
PEP24	2.24225230303	1.66810545455	0.919164606061	1.40021042424	1.40946418182	1.98646957576	1.76055381818	1.52573018182	1.9738390303	2.07747139394	1.48881787879	1.74169121212	0.888608787879	1.14264987879	1.4864310303	2.49325406061	1.47094539394	1.84294012121	1.74374484848	1.5255590303	1.30379321212	1.78018775758	1.75517509091	1.83226454545	1.20666757576	1.22241593939	1.40547284848	1.96234472727	0.739786969697	1.09630939394	0.0	1.56398042424	1.04511509091	1.21835569697	1.27908351515	1.34270921212	1.85614309091	1.99105072727	2.08416624242	0.940973818182	1.63708193939	2.04442884848	1.9314190303	1.39024818182	1.50926109091	1.61552048485	1.79916472727	1.96310248485	1.46881175758	0.92513830303	0.751009818182	1.41651787879	1.43253272727	1.30211775758	0.949569757576	2.49861024242	1.18730660606	1.28321987879	1.44171454545	1.32945218182
PEP26	1.41426933333	1.25348854545	1.59576612121	0.904225757576	0.912309818182	1.05704806061	0.914935333333	0.932822363636	1.08714733333	1.18168587879	1.06060484848	0.747549939394	1.67577757576	2.15997854545	1.00325678788	1.49611133333	0.859329818182	0.925663454545	0.818314606061	0.917086121212	1.09758357576	0.910926969697	0.951211878788	0.809504363636	1.41746957576	1.15507915152	1.01402236364	1.0813330303	1.66593806061	1.19761781818	1.56398042424	0.0	1.19328242424	1.00817309091	0.844467818182	0.867826969697	1.06123284848	1.05913139394	1.11255478788	1.69723969697	1.41274939394	1.06315545455	1.19554963636	1.00914593939	1.0754970303	0.788412181818	0.804848545455	1.0624430303	0.889895575758	1.32117387879	1.67712430303	0.788555515152	0.796925515152	0.97113769697	1.35797054545	1.58462351515	0.961112727273	1.23635775758	0.698566848485	0.925889818182
PEP27	1.85366969697	1.25042515152	1.07383375758	1.07306442424	1.04958884848	1.58530248485	1.37447169697	1.18392806061	1.56103448485	1.69600054545	1.16080884848	1.37438254545	1.28408836364	1.61340763636	1.26945412121	2.15133363636	1.03803345455	1.52305024242	1.42699812121	1.34291206061	1.09287339394	1.4282389697	1.30307345455	1.44406630303	0.968770181818	1.10892387879	0.978665878788	1.53608272727	1.0050150303	0.678534424242	1.04511509091	1.19328242424	0.0	0.874404	0.975656060606	1.09080406061	1.50533854545	1.71333551515	1.68057624242	1.14497157576	1.51979412121	1.65845242424	1.56150090909	1.03918945455	1.14798660606	1.2699050303	1.39682248485	1.61196351515	1.20186272727	0.914179333333	1.13706393939	1.14815490909	1.19001739394	0.893299878788	0.836133212121	2.07703987879	0.801812484848	0.963109757576	1.19050393939	0.929639878788
PEP28	1.59267333333	1.21647472727	1.27340078788	0.866491333333	0.739693090909	1.29177775758	1.1722869697	0.955405878788	1.39961509091	1.41956939394	0.997033818182	1.14114666667	1.52322460606	1.8765630303	1.00863981818	1.94999375758	0.837284484848	1.33458066667	1.27428636364	1.08727424242	1.01548672727	1.15842551515	1.11131139394	1.1992790303	0.983035636364	0.898818666667	0.768415818182	1.21173	1.17354957576	0.756147151515	1.21835569697	1.00817309091	0.874404	0.0	0.762273393939	0.721842242424	1.18591066667	1.46650618182	1.49272387879	1.43364127273	1.40457981818	1.40542151515	1.31493375758	0.920934545455	0.963268060606	1.07830357576	1.20796551515	1.32350169697	0.940246	1.13409121212	1.35940806061	0.902252606061	0.978790484848	0.724168	1.12898787879	1.90721187879	0.613042909091	0.861908666667	0.935799090909	0.808266666667
PEP29	1.59363581818	1.23050121212	1.31115866667	0.789948484848	0.778195939394	1.29116169697	1.10274581818	0.893107515152	1.3769289697	1.29621733333	0.927265030303	0.993842363636	1.55010054545	1.91054151515	0.863959757576	1.7345990303	0.799901757576	1.15172618182	1.04027587879	0.942209575758	0.937965212121	1.06614618182	1.08676963636	1.06464272727	1.02583909091	0.926434484848	0.813199515152	1.27426169697	1.35845812121	0.905801151515	1.27908351515	0.844467818182	0.975656060606	0.762273393939	0.0	0.626644484848	1.16240733333	1.29546781818	1.24170866667	1.43006909091	1.37785806061	1.27997018182	1.23860654545	0.848345393939	0.925063757576	0.881966666667	0.992469090909	1.21003630303	0.847072969697	1.09531769697	1.44801515152	0.756168181818	0.803657454545	0.644830606061	1.19051157576	1.83719169697	0.803426969697	1.01695490909	0.795686181818	0.734061030303
PEP30	1.4889909697	1.28813345455	1.38711454545	0.788432484848	0.801443090909	1.198284	1.04255684848	0.824728242424	1.27278630303	1.2401630303	0.822323818182	0.937182	1.63371436364	2.06696212121	0.995352242424	1.73245212121	0.626623575758	1.12622981818	1.02124933333	0.857240484848	1.06214884848	0.970711515152	0.945289515152	1.01977763636	1.09632915152	0.964633272727	0.739495272727	1.11911575758	1.32150284848	0.914581878788	1.34270921212	0.867826969697	1.09080406061	0.721842242424	0.626644484848	0.0	1.08474806061	1.30804490909	1.2310189697	1.59214363636	1.32063890909	1.22476472727	1.19583842424	0.858835575758	0.903582060606	0.878377212121	0.989130424242	1.15321872727	0.867996969697	1.22615951515	1.57838860606	0.748947212121	0.841251878788	0.74593569697	1.30279787879	1.77031460606	0.878791454545	1.04034278788	0.792709454545	0.828153030303
PIS1	0.960920848485	1.50903266667	1.70960515152	1.03988575758	1.0964649697	0.801990484848	0.827070363636	1.03473193939	1.15963933333	0.735840545455	1.03866351515	0.953883636364	1.9925849697	2.46740024242	1.43182490909	1.4404650303	1.10229939394	1.10152078788	1.31015763636	1.36330163636	1.55368260606	0.880846848485	0.801865939394	0.896373090909	1.3719609697	1.30162690909	1.09388127273	0.722421272727	1.88977636364	1.34294375758	1.85614309091	1.06123284848	1.50533854545	1.18591066667	1.16240733333	1.08474806061	0.0	1.06448448485	0.877853212121	1.78819618182	1.27231824242	0.953794727273	0.570041878788	1.074908	1.00523036364	1.02324042424	0.983997757576	0.789177333333	1.2934250303	1.73653872727	2.02809521212	1.20428290909	1.31048818182	1.150884	1.5650750303	1.25116048485	1.27400266667	1.32998066667	1.05069775758	1.28870181818
PIS2	1.37564654545	1.81709836364	2.02936842424	1.34831254545	1.36232072727	1.08936357576	1.20752248485	1.36280757576	1.52407751515	1.03334551515	1.47730242424	0.899696848485	2.24865478788	2.5502889697	1.10134672727	0.920021515152	1.32193442424	0.783629757576	1.02595060606	1.01137884848	1.21575351515	0.768734606061	1.06483054545	0.799288121212	1.83641648485	1.54358909091	1.47364078788	1.09782745455	2.12340472727	1.65073624242	1.99105072727	1.05913139394	1.71333551515	1.46650618182	1.29546781818	1.30804490909	1.06448448485	0.0	0.864480969697	2.06908478788	1.79296733333	0.792056181818	1.24298587879	1.44987006061	1.47392648485	0.965279090909	0.869756545455	0.993642424242	1.1151709697	1.68088321212	2.00868224242	1.07834715152	1.07128927273	1.39678751515	1.82257018182	1.69190763636	1.46123284848	1.784786	1.02335363636	1.34947151515
PIS4	1.02564181818	1.70407606061	2.00049254545	1.30975060606	1.32044969697	0.976379454545	1.09758975758	1.30572721212	1.42651557576	0.716206606061	1.37976690909	0.938485090909	2.24945939394	2.68088060606	1.37524890909	1.06703921212	1.24047963636	1.02620466667	1.18932260606	1.31656030303	1.52424709091	0.842004060606	0.995566545455	0.842514424242	1.76304266667	1.66387357576	1.38365218182	1.00430684848	2.12273284848	1.60490654545	2.08416624242	1.11255478788	1.68057624242	1.49272387879	1.24170866667	1.2310189697	0.877853212121	0.864480969697	0.0	2.10391630303	1.73500284848	0.819596181818	0.997977757576	1.36810933333	1.46376951515	1.02240551515	0.866516060606	0.903876848485	1.24215351515	1.77554672727	2.15477981818	1.17178278788	1.24164636364	1.30960715152	1.86882193939	1.31683806061	1.46779345455	1.71177727273	1.10893327273	1.37946375758
PIS5	2.33611145455	1.55953127273	0.953736	1.45100606061	1.53030975758	2.00826509091	1.78635151515	1.66730569697	1.84311854545	2.15651260606	1.60813933333	1.84511339394	0.993525515152	1.23095133333	1.53084363636	2.53130084848	1.62114830303	1.85829830303	1.75904957576	1.63353757576	1.38936981818	1.95461648485	1.9312290303	1.90859412121	1.32668430303	1.08249084848	1.59322436364	2.09421709091	1.0355389697	1.27825618182	0.940973818182	1.69723969697	1.14497157576	1.43364127273	1.43006909091	1.59214363636	1.78819618182	2.06908478788	2.10391630303	0.0	1.38772787879	2.09594630303	1.69609054545	1.433922	1.41482181818	1.60629939394	1.78234787879	2.0626429697	1.50631854545	0.959704242424	1.04419090909	1.51113909091	1.493372	1.42135351515	0.826641757576	2.2731789697	1.2934810303	1.33161381818	1.45638739394	1.3289229697
PIS7	1.82872466667	1.45996751515	1.49288218182	1.27202024242	1.36983133333	1.56015224242	1.33542860606	1.3252310303	1.3802969697	1.65489781818	1.23505206061	1.49955460606	1.686302	2.19645181818	1.69450024242	2.24900072727	1.29860878788	1.69079781818	1.6347449697	1.60716315152	1.74277345455	1.51512266667	1.42801666667	1.53948248485	1.33313315152	1.08970551515	1.32791454545	1.56020727273	1.59129012121	1.34925290909	1.63708193939	1.41274939394	1.51979412121	1.40457981818	1.37785806061	1.32063890909	1.27231824242	1.79296733333	1.73500284848	1.38772787879	0.0	1.73434812121	1.14663454545	1.21594381818	1.04903721212	1.34866242424	1.43257781818	1.58739181818	1.55690133333	1.72169963636	1.85473418182	1.47183775758	1.5467990303	1.34374539394	1.41272284848	1.84452309091	1.41186127273	1.22474860606	1.360296	1.47037
PIS9	1.15807521212	1.60731660606	1.88803587879	1.2691390303	1.22475375758	0.899140242424	1.04275272727	1.29176133333	1.36638606061	0.818303272727	1.42503072727	0.850684181818	2.21564066667	2.57299848485	1.31029987879	1.15371248485	1.29109775758	0.944205333333	1.19781018182	1.22202072727	1.47904145455	0.920768363636	1.01466224242	0.739493515152	1.73495024242	1.61095484848	1.3530369697	1.04880109091	2.08365921212	1.59352454545	2.04442884848	1.06315545455	1.65845242424	1.40542151515	1.27997018182	1.22476472727	0.953794727273	0.792056181818	0.819596181818	2.09594630303	1.73434812121	0.0	1.05185078788	1.30233763636	1.37678193939	0.97114569697	0.859646787879	0.863493151515	1.13857187879	1.67297357576	2.06527575758	1.08536818182	1.24680145455	1.35257484848	1.819938	1.48489169697	1.43115193939	1.73282	1.14130145455	1.36990975758
PIS10	1.05242260606	1.44981127273	1.66088230303	1.10916557576	1.11897	0.944437575758	0.907468	1.02181636364	1.1224169697	0.821776727273	1.09288709091	1.08231630303	1.97259460606	2.488878	1.53791430303	1.55692084848	1.18351533333	1.30690460606	1.41076193939	1.46090690909	1.65250242424	1.10457842424	1.01305278788	1.05505678788	1.40224745455	1.22958054545	1.22908363636	0.948111030303	1.95259181818	1.42138357576	1.9314190303	1.19554963636	1.56150090909	1.31493375758	1.23860654545	1.19583842424	0.570041878788	1.24298587879	0.997977757576	1.69609054545	1.14663454545	1.05185078788	0.0	1.06643848485	0.976374181818	1.0776110303	1.09312363636	0.990765515152	1.37943030303	1.81599793939	2.09889187879	1.26661460606	1.38597866667	1.22904090909	1.54402575758	1.22356648485	1.35606139394	1.37360678788	1.17306969697	1.35701727273
PIS11	1.34577563636	0.938754363636	1.09299266667	0.605543575758	0.679573212121	1.09142612121	0.850323333333	0.838994363636	1.01896187879	1.21636757576	0.857036	0.993084969697	1.49566630303	1.96195769697	1.14473884848	1.90613157576	0.886448484848	1.34642648485	1.19484709091	1.12298745455	1.1847869697	1.17570006061	1.1082270303	1.06213987879	1.002368	1.00369115152	0.902283454545	1.30141521212	1.4446030303	0.929943757576	1.39024818182	1.00914593939	1.03918945455	0.920934545455	0.848345393939	0.858835575758	1.074908	1.44987006061	1.36810933333	1.433922	1.21594381818	1.30233763636	1.06643848485	0.0	0.835892181818	0.853681515152	1.07372866667	1.27220412121	1.05394915152	1.28179266667	1.61130781818	0.993040606061	1.04555448485	0.769941454545	1.08370606061	1.68297054545	0.890627757576	0.938286848485	0.942559575758	0.879839636364
PIS14	1.54445218182	1.12800472727	1.33012581818	0.780536363636	0.869558484848	1.21739672727	1.08135369697	0.838026787879	1.19554375758	1.30273406061	0.802788909091	1.16281715152	1.65538612121	2.12956442424	1.22126472727	1.98717745455	0.868425515152	1.43095357576	1.31440218182	1.17484545455	1.31608060606	1.25344206061	1.14583193939	1.22066018182	0.937949878788	0.881617636364	0.878802060606	1.25116218182	1.49333181818	0.991918121212	1.50926109091	1.0754970303	1.14798660606	0.963268060606	0.925063757576	0.903582060606	1.00523036364	1.47392648485	1.46376951515	1.41482181818	1.04903721212	1.37678193939	0.976374181818	0.835892181818	0.0	0.970081818182	1.14473733333	1.25858915152	1.07287139394	1.33848981818	1.64763466667	0.995994484848	1.09805418182	0.86773230303	1.19732951515	1.74969557576	1.00319690909	1.00271636364	0.956552606061	1.00897448485
PIS15	1.47961933333	1.29365430303	1.50606254545	0.855764969697	0.919304787879	1.06152872727	0.934644727273	0.980616484848	1.10704569697	1.13396812121	1.020498	0.766107454545	1.74004515152	2.13398975758	0.896092242424	1.42414533333	0.903986848485	0.877579272727	0.771199393939	0.75602569697	1.0240169697	0.812993575758	1.02462660606	0.821486242424	1.28213254545	1.13746454545	1.00138593939	1.18367224242	1.6788469697	1.15248430303	1.61552048485	0.788412181818	1.2699050303	1.07830357576	0.881966666667	0.878377212121	1.02324042424	0.965279090909	1.02240551515	1.60629939394	1.34866242424	0.97114569697	1.0776110303	0.853681515152	0.970081818182	0.0	0.664914545455	1.05899242424	0.719753939394	1.27909369697	1.66720218182	0.73396369697	0.774658666667	0.961454	1.31695569697	1.70614975758	1.05545618182	1.27453915152	0.672126545455	0.879315333333
PLL76	1.38653012121	1.42855018182	1.674392	0.976951151515	1.06393278788	0.954955515152	0.881516363636	1.09940933333	1.18072072727	1.05197151515	1.17577545455	0.668634969697	1.98557606061	2.30126284848	1.01878169697	1.29048957576	0.975792545455	0.784988484848	0.826911515152	0.916645575758	1.14543648485	0.689123515152	0.889952424242	0.665793393939	1.45922393939	1.27793872727	1.12280060606	1.08325587879	1.8626970303	1.34191690909	1.79916472727	0.804848545455	1.39682248485	1.20796551515	0.992469090909	0.989130424242	0.983997757576	0.869756545455	0.866516060606	1.78234787879	1.43257781818	0.859646787879	1.09312363636	1.07372866667	1.14473733333	0.664914545455	0.0	0.925131939394	0.860919878788	1.41815672727	1.83359381818	0.826062	0.908214060606	1.06052757576	1.53003933333	1.54749084848	1.11733775758	1.40586084848	0.787537575758	0.955298363636
