	PAM31	PAM32	PAM33	PAM35	PAM36	PAM37	PAM39	PAM40	PAM41	PAM42	PAM43	PAM44	PAM45	PBW46	PBW47	PBW49	PBW50	PBW51	PBW52	PBW53	PBW54	PBW55	PBW56	PBW58	PBW59	PBW60	PEP16	PEP18	PEP21	PEP23	PEP24	PEP26	PEP27	PEP28	PEP29	PEP30	PIS1	PIS2	PIS4	PIS5	PIS7	PIS9	PIS10	PIS11	PIS14	PIS15	PLL76	PLL77	PLL79	PLL80	PLL83	PLL88	PLL89	PLL90	PPO64	PPO66	PPO67	PPO69	PPO72	PPO75
PAM31	0.0	1.25598436364	1.71549284848	1.05573072727	0.694107151515	0.929374424242	0.756445575758	1.01533945455	0.935144909091	0.575454848485	0.72136569697	0.789137393939	1.81672060606	2.11379563636	1.28888612121	1.65820878788	1.04224921212	1.09924139394	1.01457830303	1.19396612121	1.50209981818	0.986353757576	0.922302484848	0.804390969697	1.59923066667	1.40713381818	1.20772557576	1.05778690909	1.65776484848	1.24557563636	1.70692115152	0.945126242424	1.42635951515	0.948138	1.24538581818	1.02858860606	0.928990606061	1.04563321212	1.12760690909	1.88886951515	1.423006	0.992626969697	1.03790430303	1.17404872727	1.0184770303	1.2671	1.22827551515	1.07707321212	1.17892957576	1.62471315152	1.87417133333	1.40206084848	1.25741084848	1.30102721212	1.60420036364	1.48007690909	0.977204727273	1.29403066667	1.35371721212	1.11451642424
PAM32	1.25598436364	0.0	1.39637793939	1.11740575758	1.16953442424	0.771605333333	0.980819151515	1.07039969697	0.873651212121	1.3810450303	1.45017442424	1.35997884848	1.56276060606	2.00772569697	1.63981375758	2.31907509091	1.41665309091	1.79756333333	1.72199175758	1.57803412121	1.53383921212	1.61546987879	1.458306	1.27130866667	1.43205284848	1.19304690909	1.36567018182	1.77067454545	1.61506836364	1.32106012121	1.6886810303	1.36959206061	1.38170872727	1.42402515152	1.32288872727	1.31071830303	1.727606	1.74641515152	1.89158945455	1.60066781818	1.39396721212	1.59563872727	1.70763933333	1.01819115152	1.10601084848	1.37815406061	1.33307139394	1.74419406061	1.87325236364	1.48276793939	1.72122915152	1.3341630303	1.26828078788	1.30666163636	1.44921806061	1.9000309697	1.44528509091	1.17259539394	1.37152484848	1.11416636364
PAM33	1.71549284848	1.39637793939	0.0	1.306314	1.6035689697	1.14467890909	1.46911866667	1.29339678788	1.500386	1.86027957576	1.73318727273	1.79983521212	0.824920484848	1.14560060606	1.964286	2.64155933333	1.62213357576	2.10206212121	2.04698521212	1.90107993939	1.68754006061	1.91845654545	1.76145860606	1.69454490909	1.31043272727	1.550144	1.54863745455	2.26367563636	0.974235030303	1.42117672727	0.891715090909	1.90948248485	1.20069757576	1.73285290909	1.35623854545	1.68430557576	2.13581921212	2.05081163636	2.28800412121	0.99442769697	1.67995012121	2.00296515152	2.16080187879	1.19706145455	1.43665230303	1.61541721212	1.66257842424	2.18489515152	2.20274412121	1.20132878788	1.19312406061	1.46777624242	1.68704393939	1.2971029697	0.786254787879	2.61120430303	1.79016557576	1.50683745455	1.45822606061	1.43009181818
PAM35	1.05573072727	1.11740575758	1.306314	0.0	0.715814242424	0.757329515152	0.870776424242	0.590283393939	1.03834557576	1.03446387879	1.11980151515	0.953160969697	1.46015048485	1.62731775758	1.12402775758	1.82083660606	0.873473272727	1.32394654545	1.23162078788	1.06861769697	0.955514909091	1.06961333333	0.999452121212	0.885363272727	1.31508381818	1.00041266667	0.90916430303	1.45004466667	1.43417315152	0.843969272727	1.28591769697	1.08379563636	0.943112787879	0.858678181818	0.843464666667	0.84505169697	1.32608024242	1.23079424242	1.46363581818	1.38775830303	1.42758715152	1.13061284848	1.4151489697	0.845206363636	0.882053818182	0.765587454545	0.889686484848	1.44353436364	1.38402248485	1.11199927273	1.34191612121	0.912337757576	0.869967030303	0.887602424242	1.14539448485	2.01714630303	1.02304551515	1.01770951515	0.786485515152	0.706081818182
PAM36	0.694107151515	1.16953442424	1.6035689697	0.715814242424	0.0	0.854935515152	0.68544630303	0.849180909091	0.813497636364	0.695325393939	0.862681212121	0.696372181818	1.64140630303	1.89673042424	1.028662	1.66354684848	0.852861333333	1.11983533333	1.07936509091	0.910673878788	1.25477945455	0.90895169697	0.723991939394	0.63926769697	1.49683236364	1.14346121212	1.02467127273	1.15804921212	1.59817442424	1.01159309091	1.55751133333	0.900093272727	1.18990739394	0.686162727273	1.05652424242	0.83634569697	1.09026624242	1.08191745455	1.19173042424	1.72830187879	1.30905181818	0.976037151515	1.15631509091	1.07360593939	0.964050848485	0.978613818182	0.949396848485	1.14074327273	1.20219187879	1.35527957576	1.5899370303	1.15014836364	0.978532787879	1.109238	1.41211163636	1.71852660606	0.825087636364	1.1622990303	1.06704751515	0.878039454545
PAM37	0.929374424242	0.771605333333	1.14467890909	0.757329515152	0.854935515152	0.0	0.607204727273	0.834896545455	0.683708060606	1.06168818182	1.02645781818	1.15709630303	1.47051406061	1.84696157576	1.42735957576	2.09014248485	1.0463609697	1.54174624242	1.46192921212	1.40452369697	1.28033787879	1.34931448485	1.06326139394	1.05937351515	1.27612969697	1.16826048485	0.996580484848	1.53448921212	1.45209418182	1.00407175758	1.46734018182	1.36518721212	1.14878509091	1.07268551515	1.01298678788	1.02309066667	1.39734636364	1.50656412121	1.62058290909	1.50545981818	1.35316527273	1.39947387879	1.43418381818	0.830079030303	0.798803212121	1.09754860606	1.13514266667	1.47064339394	1.62498133333	1.35656115152	1.55806721212	1.17503381818	1.14520163636	1.04996321212	1.25922109091	1.88097557576	1.22535345455	0.974504848485	1.06551090909	0.889458606061
PAM39	0.756445575758	0.980819151515	1.46911866667	0.870776424242	0.68544630303	0.607204727273	0.0	0.902354969697	0.569693030303	0.843846484848	0.811808363636	0.957625393939	1.71455236364	2.05382848485	1.254022	1.92060187879	0.981132363636	1.43078854545	1.30803236364	1.20913327273	1.41037872727	1.14130442424	0.944540909091	0.869196181818	1.5083329697	1.29820739394	1.04734109091	1.29506593939	1.62609878788	1.16613648485	1.57976563636	1.16590660606	1.30303587879	0.897735939394	1.12424569697	0.940928606061	1.22850151515	1.3345030303	1.39685333333	1.74627521212	1.36041945455	1.22354781818	1.26438539394	1.04364242424	0.900632181818	1.15167333333	1.11156666667	1.36512557576	1.42326763636	1.51562393939	1.76735690909	1.36187684848	1.12455109091	1.19886030303	1.44036763636	1.6956749697	1.06457018182	1.10503890909	1.21503345455	1.04819230303
PAM40	1.01533945455	1.07039969697	1.29339678788	0.590283393939	0.849180909091	0.834896545455	0.902354969697	0.0	0.983189939394	1.08590824242	1.07888115152	1.01662763636	1.34457072727	1.62396733333	1.23624315152	1.95079939394	0.913969757576	1.45359248485	1.35456539394	1.20336145455	1.02126012121	1.14743781818	1.07048218182	0.945508363636	1.22663509091	1.03425363636	0.869348424242	1.49706163636	1.33411533333	0.826714	1.23259006061	1.12235309091	0.924173393939	0.953902060606	0.780946121212	0.913732060606	1.39803224242	1.330866	1.53422090909	1.34624945455	1.34540945455	1.22605830303	1.45812509091	0.753438727273	0.839013818182	0.885289030303	0.941902969697	1.47341606061	1.48918175758	1.08899381818	1.36578993939	0.894718727273	0.926695878788	0.772677575758	1.14671909091	2.00487866667	1.09916624242	0.883318121212	0.816148545455	0.801524484848
PAM41	0.935144909091	0.873651212121	1.500386	1.03834557576	0.813497636364	0.683708060606	0.569693030303	0.983189939394	0.0	0.997223272727	0.865641636364	1.04785915152	1.77120648485	2.16704454545	1.37947054545	2.02589636364	1.15845654545	1.54101442424	1.43950975758	1.32718775758	1.51363018182	1.26943745455	1.11569333333	0.997992727273	1.57474927273	1.35058757576	1.23846006061	1.36079618182	1.74569860606	1.33697884848	1.77771430303	1.16393309091	1.45909569697	1.07216836364	1.34548357576	1.12597921212	1.30036872727	1.43669193939	1.5355589697	1.77659781818	1.32072351515	1.31441406061	1.31412181818	1.09869763636	0.978636606061	1.27209569697	1.19292442424	1.42185860606	1.56627642424	1.66414230303	1.94022690909	1.44422030303	1.16965090909	1.35695163636	1.59408721212	1.62961769697	1.13221339394	1.14554369697	1.37741593939	1.09756593939
PAM42	0.575454848485	1.3810450303	1.86027957576	1.03446387879	0.695325393939	1.06168818182	0.843846484848	1.08590824242	0.997223272727	0.0	0.860114727273	0.788445454545	1.99719969697	2.18950151515	1.19846848485	1.44250787879	1.07332115152	0.971901939394	0.882446363636	1.1371150303	1.45422884848	0.951539272727	0.980942424242	0.803470545455	1.77512406061	1.39147339394	1.25325	0.925218969697	1.88037	1.30236587879	1.82116012121	0.884072606061	1.46851690909	0.910137212121	1.23562769697	1.03543412121	0.772482666667	0.963767939394	0.954654606061	1.95303745455	1.54628812121	0.849881818182	0.864998424242	1.28585266667	1.1450470303	1.16624151515	1.12085	0.874550242424	0.945644666667	1.58638412121	1.81718909091	1.37570078788	1.14716472727	1.37396690909	1.66508563636	1.54779430303	0.969883818182	1.43543981818	1.28532951515	1.16942193939
PAM43	0.72136569697	1.45017442424	1.73318727273	1.11980151515	0.862681212121	1.02645781818	0.811808363636	1.07888115152	0.865641636364	0.860114727273	0.0	1.02820842424	1.71605890909	2.21578969697	1.43938333333	1.85475048485	1.13325042424	1.32132321212	1.23240715152	1.35115181818	1.64535036364	1.12614418182	0.997680181818	1.01243218182	1.56047575758	1.39836521212	1.20971224242	1.14666981818	1.74819357576	1.30898327273	1.74855860606	1.03678284848	1.45592569697	1.01834442424	1.32576533333	1.14485248485	1.03647266667	1.23163212121	1.31855406061	1.86573945455	1.39281909091	1.24944745455	1.1430949697	1.309416	0.957609636364	1.375876	1.29495866667	1.19458278788	1.361832	1.73539169697	1.95289739394	1.57039733333	1.34541363636	1.33193072727	1.69668545455	1.54189218182	1.05776363636	1.18295951515	1.42396860606	1.16263206061
PAM44	0.789137393939	1.35997884848	1.79983521212	0.953160969697	0.696372181818	1.15709630303	0.957625393939	1.01662763636	1.04785915152	0.788445454545	1.02820842424	0.0	1.83790866667	1.91715593939	0.927641090909	1.51395818182	0.862648545455	0.94484230303	0.903840545455	0.879254787879	1.17695333333	0.757270545455	0.888656121212	0.457137818182	1.57798139394	1.16492224242	1.18606769697	1.09384636364	1.67618454545	1.14930866667	1.60629733333	0.704170787879	1.30039969697	0.803994181818	1.1254250303	0.820386121212	1.03393381818	0.896615212121	1.11305327273	1.79040593939	1.41347309091	0.775836727273	1.13469927273	1.16718018182	1.15516921212	0.941249030303	0.879212545455	1.08313521212	1.03074309091	1.40522375758	1.65448472727	1.09679521212	0.867359878788	1.21731515152	1.56443048485	1.62044606061	0.742782363636	1.30616272727	1.06348357576	0.90459769697
PAM45	1.81672060606	1.56276060606	0.824920484848	1.46015048485	1.64140630303	1.47051406061	1.71455236364	1.34457072727	1.77120648485	1.99719969697	1.71605890909	1.83790866667	0.0	1.08469987879	1.93425206061	2.65398066667	1.65535406061	2.02362393939	2.0194070303	1.90116587879	1.67903242424	1.95042357576	1.70390369697	1.69189593939	1.26193030303	1.52121927273	1.50982787879	2.21583042424	0.915859878788	1.45345927273	0.822541757576	1.82944587879	1.22353975758	1.77668454545	1.35208545455	1.6740830303	2.21385181818	2.09494957576	2.40858921212	0.987344424242	1.63770369697	2.09417593939	2.28725181818	1.41465684848	1.49758527273	1.62251721212	1.68575466667	2.1357830303	2.24791357576	1.17651363636	1.12090890909	1.4031129697	1.63292563636	1.3021149697	0.872221333333	2.61210636364	1.78042581818	1.42306993939	1.42869187879	1.49314781818
PBW46	2.11379563636	2.00772569697	1.14560060606	1.62731775758	1.89673042424	1.84696157576	2.05382848485	1.62396733333	2.16704454545	2.18950151515	2.21578969697	1.91715593939	1.08469987879	0.0	1.71401739394	2.59471375758	1.72679721212	1.9543850303	2.01951127273	1.77093642424	1.42120212121	1.96770842424	1.88170745455	1.84236454545	1.46751115152	1.64177393939	1.68855733333	2.40544787879	1.12172339394	1.61878218182	1.02121024242	2.07564624242	1.34082121212	1.872486	1.52647309091	1.79494690909	2.31213	2.08089684848	2.50937660606	0.926075212121	1.93702890909	2.14707412121	2.42837254545	1.56549527273	1.82282745455	1.54910727273	1.62183806061	2.23654775758	2.29040921212	1.06317715152	0.947370121212	1.37307309091	1.62668672727	1.40733012121	1.00014993939	2.82425169697	1.84150290909	1.72672254545	1.33853866667	1.55599230303
PBW47	1.28888612121	1.63981375758	1.964286	1.12402775758	1.028662	1.42735957576	1.254022	1.23624315152	1.37947054545	1.19846848485	1.43938333333	0.927641090909	1.93425206061	1.71401739394	0.0	1.21019612121	0.972943333333	0.732420848485	0.908983939394	0.522421454545	0.683459636364	0.856875272727	1.08105151515	0.878353818182	1.81579412121	1.29366781818	1.33861084848	1.44729933333	1.90704406061	1.3374749697	1.70573418182	0.962802060606	1.41517545455	0.912509090909	1.25044115152	1.04538151515	1.34187527273	0.710130484848	1.23276721212	1.60957890909	1.61538739394	0.916282666667	1.48901818182	1.452322	1.36604618182	0.718408666667	0.734837515152	1.32939715152	1.02432818182	1.30701951515	1.44922448485	1.03191193939	0.725337090909	1.34039224242	1.6326450303	2.0210009697	0.949916787879	1.51649812121	0.932124666667	1.12798472727
PBW49	1.65820878788	2.31907509091	2.64155933333	1.82083660606	1.66354684848	2.09014248485	1.92060187879	1.95079939394	2.02589636364	1.44250787879	1.85475048485	1.51395818182	2.65398066667	2.59471375758	1.21019612121	0.0	1.62594890909	1.01121224242	1.08982248485	1.18414521212	1.51485248485	1.29814666667	1.74077806061	1.53382290909	2.50601072727	2.00024248485	2.04807109091	1.45698563636	2.64684648485	2.03684709091	2.44281418182	1.40243369697	2.10071436364	1.625464	1.92405969697	1.72733545455	1.31279357576	0.955279090909	0.908888545455	2.50633139394	2.33826133333	1.28303175758	1.31221890909	2.16693630303	2.07343236364	1.46833654545	1.44579751515	1.33133206061	0.868402242424	1.99119030303	2.249744	1.83899812121	1.45966048485	2.03568618182	2.35501969697	1.8139129697	1.5409010303	2.20289266667	1.66447484848	1.78731078788
PBW50	1.04224921212	1.41665309091	1.62213357576	0.873473272727	0.852861333333	1.0463609697	0.981132363636	0.913969757576	1.15845654545	1.07332115152	1.13325042424	0.862648545455	1.65535406061	1.72679721212	0.972943333333	1.62594890909	0.0	1.03957484848	0.993577818182	0.891362727273	1.03531351515	0.787686727273	0.783408666667	0.796432545455	1.36716206061	0.953604242424	0.960011636364	1.23991236364	1.53081018182	0.925455636364	1.40779812121	0.939738	1.05735660606	0.726774727273	0.899421575758	0.722150666667	1.15798115152	1.13568387879	1.33372957576	1.63796769697	1.34070393939	1.14238781818	1.33312272727	1.10569030303	0.93223169697	0.748255757576	0.682514060606	1.22693042424	1.18372412121	1.23685751515	1.41320684848	1.03423393939	0.722114121212	0.982519333333	1.40495878788	1.93965121212	0.861081090909	1.09570606061	0.859580848485	0.805032545455
PBW51	1.09924139394	1.79756333333	2.10206212121	1.32394654545	1.11983533333	1.54174624242	1.43078854545	1.45359248485	1.54101442424	0.971901939394	1.32132321212	0.94484230303	2.02362393939	1.9543850303	0.732420848485	1.01121224242	1.03957484848	0.0	0.557548060606	0.69573430303	1.06291333333	0.801251151515	1.13860836364	0.970316606061	1.88681521212	1.467002	1.51864272727	1.14542660606	2.07327812121	1.46123666667	1.90750872727	0.851829939394	1.55004030303	1.09442290909	1.40440806061	1.21724345455	1.09542024242	0.67346430303	1.01773921212	1.90679551515	1.80140981818	0.851713454545	1.251088	1.65579739394	1.518756	0.941461636364	0.904872181818	0.961010242424	0.768100424242	1.46215333333	1.65984266667	1.24242963636	0.905228242424	1.48610545455	1.77838612121	1.77925842424	0.96551	1.65361460606	1.08720212121	1.23252230303
PBW52	1.01457830303	1.72199175758	2.04698521212	1.23162078788	1.07936509091	1.46192921212	1.30803236364	1.35456539394	1.43950975758	0.882446363636	1.23240715152	0.903840545455	2.0194070303	2.01951127273	0.908983939394	1.08982248485	0.993577818182	0.557548060606	0.0	0.77326830303	1.085078	0.759194242424	1.13650551515	0.921197757576	1.91428945455	1.43167187879	1.44269478788	1.06325284848	2.06882072727	1.47091321212	1.90507472727	0.823287939394	1.54355090909	1.09165969697	1.36466254545	1.13944339394	1.05780139394	0.708040727273	0.924238545455	1.97425860606	1.75757630303	0.870188787879	1.15195533333	1.57743054545	1.43459751515	0.969739515152	0.894079878788	0.872786545455	0.813958787879	1.48988139394	1.75412490909	1.29823939394	0.967990848485	1.47479751515	1.73768315152	1.65813169697	0.960853818182	1.64279709091	1.10064048485	1.13913824242
PBW53	1.19396612121	1.57803412121	1.90107993939	1.06861769697	0.910673878788	1.40452369697	1.20913327273	1.20336145455	1.32718775758	1.1371150303	1.35115181818	0.879254787879	1.90116587879	1.77093642424	0.522421454545	1.18414521212	0.891362727273	0.69573430303	0.77326830303	0.0	0.690328848485	0.688863272727	1.03408593939	0.870753333333	1.77228406061	1.26184927273	1.35036636364	1.35239375758	1.87750818182	1.27863666667	1.72698933333	0.884211757576	1.35102175758	0.918249575758	1.19168454545	1.00185230303	1.28030921212	0.721805636364	1.17519824242	1.65554218182	1.61449612121	0.919958181818	1.43689636364	1.42836309091	1.33022375758	0.738116909091	0.721491818182	1.29417933333	0.973237515152	1.28306666667	1.48071369697	0.990865272727	0.68701369697	1.27853224242	1.60886515152	1.92493345455	0.880650727273	1.431906	0.905790121212	1.00991272727
PBW54	1.50209981818	1.53383921212	1.68754006061	0.955514909091	1.25477945455	1.28033787879	1.41037872727	1.02126012121	1.51363018182	1.45422884848	1.64535036364	1.17695333333	1.67903242424	1.42120212121	0.683459636364	1.51485248485	1.03531351515	1.06291333333	1.085078	0.690328848485	0.0	0.991846787879	1.27603442424	1.13360387879	1.53091678788	1.21366006061	1.06488018182	1.69835981818	1.6371309697	1.07248551515	1.4673529697	1.18886193939	1.13898006061	1.16304436364	0.988601636364	1.02047084848	1.58012242424	1.002142	1.51355472727	1.33759478788	1.72341539394	1.21199018182	1.73098242424	1.19072163636	1.30922642424	0.676279575758	0.798880545455	1.63897690909	1.32164006061	1.02228557576	1.18836157576	0.765601636364	0.762758060606	1.07958872727	1.3763549697	2.26550981818	1.17197775758	1.24715666667	0.659911090909	0.967891393939
PBW55	0.986353757576	1.61546987879	1.91845654545	1.06961333333	0.90895169697	1.34931448485	1.14130442424	1.14743781818	1.26943745455	0.951539272727	1.12614418182	0.757270545455	1.95042357576	1.96770842424	0.856875272727	1.29814666667	0.787686727273	0.801251151515	0.759194242424	0.688863272727	0.991846787879	0.0	0.88852630303	0.790295636364	1.64493606061	1.20267169697	1.17688648485	1.03482260606	1.73791715152	1.13785278788	1.68362606061	0.77487830303	1.279386	0.757852969697	1.13806854545	0.861822484848	0.992351272727	0.809634969697	1.04677339394	1.85683721212	1.45224218182	0.927976484848	1.22057587879	1.33195945455	1.26084581818	0.884984181818	0.902004787879	1.13263387879	0.891015212121	1.4553849697	1.6613	1.185746	0.824159030303	1.15225551515	1.66302018182	1.7784929697	0.797034242424	1.29851557576	1.01909763636	1.049236
PBW56	0.922302484848	1.458306	1.76145860606	0.999452121212	0.723991939394	1.06326139394	0.944540909091	1.07048218182	1.11569333333	0.980942424242	0.997680181818	0.888656121212	1.70390369697	1.88170745455	1.08105151515	1.74077806061	0.783408666667	1.13860836364	1.13650551515	1.03408593939	1.27603442424	0.88852630303	0.0	0.768083030303	1.46562648485	1.09515109091	0.876492060606	1.08809072727	1.56171678788	0.977332666667	1.46390266667	1.02646	1.17439181818	0.651107757576	0.960420060606	0.762799454545	1.12275769697	1.21414684848	1.34436054545	1.76293236364	1.28418848485	1.18044727273	1.29609539394	1.20985763636	0.992053454545	1.02461157576	0.986469515152	1.19061424242	1.2720210303	1.36505745455	1.54690048485	1.2295629697	1.00195721212	1.03053442424	1.48366381818	1.81854969697	0.847971212121	1.0937269697	1.07182684848	1.04207515152
PBW58	0.804390969697	1.27130866667	1.69454490909	0.885363272727	0.63926769697	1.05937351515	0.869196181818	0.945508363636	0.997992727273	0.803470545455	1.01243218182	0.457137818182	1.69189593939	1.84236454545	0.878353818182	1.53382290909	0.796432545455	0.970316606061	0.921197757576	0.870753333333	1.13360387879	0.790295636364	0.768083030303	0.0	1.50151472727	1.05640987879	1.0507509697	1.10856163636	1.58376575758	1.08351751515	1.52054448485	0.769270060606	1.23802721212	0.722944121212	1.00925436364	0.765005878788	1.03334678788	0.961490121212	1.12091618182	1.7049449697	1.33260193939	0.843721212121	1.09432630303	1.10040636364	1.05341624242	0.898920545455	0.810004181818	1.06374393939	1.10890127273	1.30739793939	1.58947563636	1.04945351515	0.843114424242	1.14188715152	1.45147254545	1.63646969697	0.712434606061	1.17878345455	1.00584842424	0.893074060606
PBW59	1.59923066667	1.43205284848	1.31043272727	1.31508381818	1.49683236364	1.27612969697	1.5083329697	1.22663509091	1.57474927273	1.77512406061	1.56047575758	1.57798139394	1.26193030303	1.46751115152	1.81579412121	2.50601072727	1.36716206061	1.88681521212	1.91428945455	1.77228406061	1.53091678788	1.64493606061	1.46562648485	1.50151472727	0.0	1.11440848485	1.2018110303	1.85653587879	1.01092969697	1.09085357576	1.11779812121	1.77412212121	1.01168751515	1.43951630303	1.06744909091	1.36599224242	1.73669351515	1.99052666667	2.12268436364	1.15369339394	1.25921981818	1.90524393939	1.871642	1.04423878788	1.06408224242	1.44425951515	1.49224763636	1.84543830303	2.07356254545	1.24362187879	1.30863618182	1.23037551515	1.52930987879	1.0109869697	1.14736581818	2.23922442424	1.554548	1.01629175758	1.25104327273	1.26760563636
PBW60	1.40713381818	1.19304690909	1.550144	1.00041266667	1.14346121212	1.16826048485	1.29820739394	1.03425363636	1.35058757576	1.39147339394	1.39836521212	1.16492224242	1.52121927273	1.64177393939	1.29366781818	2.00024248485	0.953604242424	1.467002	1.43167187879	1.26184927273	1.21366006061	1.20267169697	1.09515109091	1.05640987879	1.11440848485	0.0	1.09579830303	1.48001054545	1.4358430303	1.04343939394	1.29993763636	1.23697218182	1.07885757576	1.046174	1.01265369697	0.97322230303	1.36079109091	1.42900157576	1.71504521212	1.30035981818	0.918621393939	1.41925642424	1.46438381818	1.00955139394	1.00367048485	1.00502957576	0.969648121212	1.53943878788	1.55597587879	1.17671763636	1.33284478788	1.02894460606	0.994576060606	1.08405981818	1.2366329697	1.97178333333	1.05724133333	1.09702812121	1.01702436364	0.848518484848
PEP16	1.20772557576	1.36567018182	1.54863745455	0.90916430303	1.02467127273	0.996580484848	1.04734109091	0.869348424242	1.23846006061	1.25325	1.20971224242	1.18606769697	1.50982787879	1.68855733333	1.33861084848	2.04807109091	0.960011636364	1.51864272727	1.44269478788	1.35036636364	1.06488018182	1.17688648485	0.876492060606	1.0507509697	1.2018110303	1.09579830303	0.0	1.2623769697	1.24169745455	0.680272606061	1.19091715152	1.28301351515	0.899135878788	0.949101636364	0.770847636364	0.809853939394	1.33719739394	1.47639284848	1.61413818182	1.56856163636	1.40766442424	1.46799824242	1.48111412121	0.973686787879	0.898412060606	1.01521054545	1.10166909091	1.4827289697	1.57545757576	1.11860793939	1.28519036364	0.992649333333	1.08847993939	0.826269636364	1.28645090909	2.02748466667	1.1195969697	0.770244121212	0.853939757576	0.998138242424
PEP18	1.05778690909	1.77067454545	2.26367563636	1.45004466667	1.15804921212	1.53448921212	1.29506593939	1.49706163636	1.36079618182	0.925218969697	1.14666981818	1.09384636364	2.21583042424	2.40544787879	1.44729933333	1.45698563636	1.23991236364	1.14542660606	1.06325284848	1.35239375758	1.69835981818	1.03482260606	1.08809072727	1.10856163636	1.85653587879	1.48001054545	1.2623769697	0.0	1.96139733333	1.38148278788	1.9612930303	1.02800684848	1.58114569697	1.07109012121	1.47059078788	1.10304448485	0.705700181818	1.25252230303	1.04432775758	2.23549060606	1.67927921212	1.18614539394	0.897145030303	1.59093648485	1.33564672727	1.46096654545	1.34464969697	0.879625454545	1.01928872727	1.8162650303	1.95631957576	1.59180981818	1.31714321212	1.53727654545	1.99718678788	1.42031678788	1.09201781818	1.37543478788	1.5211529697	1.40085109091
PEP21	1.65776484848	1.61506836364	0.974235030303	1.43417315152	1.59817442424	1.45209418182	1.62609878788	1.33411533333	1.74569860606	1.88037	1.74819357576	1.67618454545	0.915859878788	1.12172339394	1.90704406061	2.64684648485	1.53081018182	2.07327812121	2.06882072727	1.87750818182	1.6371309697	1.73791715152	1.56171678788	1.58376575758	1.01092969697	1.4358430303	1.24169745455	1.96139733333	0.0	1.13763987879	0.684837878788	1.87005448485	1.02528266667	1.50974769697	1.19047684848	1.37456181818	1.93800769697	2.08502848485	2.23636581818	1.11220054545	1.54901363636	2.00403581818	2.13935036364	1.2597209697	1.40088224242	1.62449745455	1.67351260606	2.09306981818	2.19100739394	1.11823836364	1.07219363636	1.33865830303	1.62679812121	1.09478066667	0.899938545455	2.4725690303	1.71826206061	1.18867381818	1.43153357576	1.45400430303
PEP23	1.24557563636	1.32106012121	1.42117672727	0.843969272727	1.01159309091	1.00407175758	1.16613648485	0.826714	1.33697884848	1.30236587879	1.30898327273	1.14930866667	1.45345927273	1.61878218182	1.3374749697	2.03684709091	0.925455636364	1.46123666667	1.47091321212	1.27863666667	1.07248551515	1.13785278788	0.977332666667	1.08351751515	1.09085357576	1.04343939394	0.680272606061	1.38148278788	1.13763987879	0.0	1.11331909091	1.26293945455	0.732207030303	0.894673636364	0.659185575758	0.804567272727	1.40642818182	1.49669272727	1.60876012121	1.45674248485	1.35304030303	1.41729048485	1.58675290909	0.869230787879	0.958654242424	0.995392242424	1.11506509091	1.54555236364	1.59395721212	1.09864284848	1.19895593939	0.850269575758	1.05831084848	0.746267333333	1.18186230303	2.13962260606	1.15275406061	0.789727636364	0.837416848485	0.90980369697
PEP24	1.70692115152	1.6886810303	0.891715090909	1.28591769697	1.55751133333	1.46734018182	1.57976563636	1.23259006061	1.77771430303	1.82116012121	1.74855860606	1.60629733333	0.822541757576	1.02121024242	1.70573418182	2.44281418182	1.40779812121	1.90750872727	1.90507472727	1.72698933333	1.4673529697	1.68362606061	1.46390266667	1.52054448485	1.11779812121	1.29993763636	1.19091715152	1.9612930303	0.684837878788	1.11331909091	0.0	1.69003490909	0.883621151515	1.46592593939	1.05740466667	1.36952842424	1.93962981818	1.8626949697	2.15880890909	0.965234787879	1.57183127273	1.88323006061	2.10909333333	1.16256357576	1.38411636364	1.37715315152	1.49437109091	2.03024854545	2.00235642424	0.91733430303	0.857306181818	1.26496418182	1.46318218182	1.02849321212	0.693582727273	2.59169369697	1.58227993939	1.27309921212	1.22411121212	1.36920606061
PEP26	0.945126242424	1.36959206061	1.90948248485	1.08379563636	0.900093272727	1.36518721212	1.16590660606	1.12235309091	1.16393309091	0.884072606061	1.03678284848	0.704170787879	1.82944587879	2.07564624242	0.962802060606	1.40243369697	0.939738	0.851829939394	0.823287939394	0.884211757576	1.18886193939	0.77487830303	1.02646	0.769270060606	1.77412212121	1.23697218182	1.28301351515	1.02800684848	1.87005448485	1.26293945455	1.69003490909	0.0	1.30532454545	0.909265454545	1.22527606061	0.984611818182	1.03830642424	0.852198727273	1.13397181818	1.85055684848	1.51641951515	0.848631393939	1.17860084848	1.3693589697	1.27325539394	0.996757515152	0.880943333333	1.07970781818	1.00094212121	1.43542012121	1.69686387879	1.19704236364	0.794395030303	1.34526193939	1.66614987879	1.61264424242	0.800804909091	1.37134733333	1.09839812121	0.997812363636
PEP27	1.42635951515	1.38170872727	1.20069757576	0.943112787879	1.18990739394	1.14878509091	1.30303587879	0.924173393939	1.45909569697	1.46851690909	1.45592569697	1.30039969697	1.22353975758	1.34082121212	1.41517545455	2.10071436364	1.05735660606	1.55004030303	1.54355090909	1.35102175758	1.13898006061	1.279386	1.17439181818	1.23802721212	1.01168751515	1.07885757576	0.899135878788	1.58114569697	1.02528266667	0.732207030303	0.883621151515	1.30532454545	0.0	1.08973618182	0.76433369697	1.00123939394	1.58894284848	1.56710181818	1.78515515152	1.15947412121	1.42322793939	1.50856309091	1.76864212121	0.896791272727	1.09528927273	1.03683660606	1.13817151515	1.65335127273	1.66163963636	0.845281515152	0.970517151515	0.865556969697	1.09163448485	0.697506363636	0.934459636364	2.23871412121	1.23234375758	0.96481030303	0.877155636364	0.928290727273
PEP28	0.948138	1.42402515152	1.73285290909	0.858678181818	0.686162727273	1.07268551515	0.897735939394	0.953902060606	1.07216836364	0.910137212121	1.01834442424	0.803994181818	1.77668454545	1.872486	0.912509090909	1.625464	0.726774727273	1.09442290909	1.09165969697	0.918249575758	1.16304436364	0.757852969697	0.651107757576	0.722944121212	1.43951630303	1.046174	0.949101636364	1.07109012121	1.50974769697	0.894673636364	1.46592593939	0.909265454545	1.08973618182	0.0	0.935715090909	0.606503090909	1.0210889697	1.11197084848	1.25982672727	1.70022060606	1.2728049697	1.03118484848	1.25768678788	1.17185581818	1.00708593939	0.904746606061	0.838330242424	1.11724345455	1.10981351515	1.29555139394	1.49220024242	1.08011509091	0.835695515152	0.986349090909	1.49312381818	1.83100727273	0.723813151515	1.08696648485	0.922200909091	0.879651272727
PEP29	1.24538581818	1.32288872727	1.35623854545	0.843464666667	1.05652424242	1.01298678788	1.12424569697	0.780946121212	1.34548357576	1.23562769697	1.32576533333	1.1254250303	1.35208545455	1.52647309091	1.25044115152	1.92405969697	0.899421575758	1.40440806061	1.36466254545	1.19168454545	0.988601636364	1.13806854545	0.960420060606	1.00925436364	1.06744909091	1.01265369697	0.770847636364	1.47059078788	1.19047684848	0.659185575758	1.05740466667	1.22527606061	0.76433369697	0.935715090909	0.0	0.826034424242	1.40720212121	1.41764666667	1.5844569697	1.34834418182	1.39709872727	1.33486660606	1.57228333333	0.885151636364	0.912181272727	0.919673575758	0.996446060606	1.53474363636	1.47972157576	0.937579575758	1.19773315152	0.824772	0.97863	0.652213393939	1.13867781818	2.13943048485	1.15807284848	0.861113090909	0.795432484848	0.928699454545
PEP30	1.02858860606	1.31071830303	1.68430557576	0.84505169697	0.83634569697	1.02309066667	0.940928606061	0.913732060606	1.12597921212	1.03543412121	1.14485248485	0.820386121212	1.6740830303	1.79494690909	1.04538151515	1.72733545455	0.722150666667	1.21724345455	1.13944339394	1.00185230303	1.02047084848	0.861822484848	0.762799454545	0.765005878788	1.36599224242	0.97322230303	0.809853939394	1.10304448485	1.37456181818	0.804567272727	1.36952842424	0.984611818182	1.00123939394	0.606503090909	0.826034424242	0.0	1.15779448485	1.18388375758	1.30145951515	1.63157690909	1.30939933333	1.07154321212	1.31975072727	1.02516375758	0.931051090909	0.798866181818	0.780175030303	1.26894642424	1.26606145455	1.18533545455	1.39835024242	1.00246545455	0.761001636364	0.965703212121	1.41778884848	1.85989727273	0.832026181818	0.950476121212	0.883873333333	0.818380424242
PIS1	0.928990606061	1.727606	2.13581921212	1.32608024242	1.09026624242	1.39734636364	1.22850151515	1.39803224242	1.30036872727	0.772482666667	1.03647266667	1.03393381818	2.21385181818	2.31213	1.34187527273	1.31279357576	1.15798115152	1.09542024242	1.05780139394	1.28030921212	1.58012242424	0.992351272727	1.12275769697	1.03334678788	1.73669351515	1.36079109091	1.33719739394	0.705700181818	1.93800769697	1.40642818182	1.93962981818	1.03830642424	1.58894284848	1.0210889697	1.40720212121	1.15779448485	0.0	1.13914672727	0.858425515152	2.06298193939	1.49720581818	1.03844133333	0.609789090909	1.44688490909	1.19124763636	1.32367048485	1.24748818182	0.815205393939	0.917523818182	1.77566872727	1.99645333333	1.47967775758	1.24858254545	1.48448824242	1.93453109091	1.39765442424	1.04135036364	1.43883133333	1.41574321212	1.289744
PIS2	1.04563321212	1.74641515152	2.05081163636	1.23079424242	1.08191745455	1.50656412121	1.3345030303	1.330866	1.43669193939	0.963767939394	1.23163212121	0.896615212121	2.09494957576	2.08089684848	0.710130484848	0.955279090909	1.13568387879	0.67346430303	0.708040727273	0.721805636364	1.002142	0.809634969697	1.21414684848	0.961490121212	1.99052666667	1.42900157576	1.47639284848	1.25252230303	2.08502848485	1.49669272727	1.8626949697	0.852198727273	1.56710181818	1.11197084848	1.41764666667	1.18388375758	1.13914672727	0.0	0.990676606061	1.90090842424	1.74997145455	0.815273272727	1.24796709091	1.55172848485	1.48185327273	0.917125333333	0.925853454545	1.15303660606	0.76523430303	1.45250636364	1.71422260606	1.27461806061	0.952038727273	1.52456648485	1.73315042424	1.8893669697	1.03914678788	1.6822030303	1.14515321212	1.21944890909
PIS4	1.12760690909	1.89158945455	2.28800412121	1.46363581818	1.19173042424	1.62058290909	1.39685333333	1.53422090909	1.5355589697	0.954654606061	1.31855406061	1.11305327273	2.40858921212	2.50937660606	1.23276721212	0.908888545455	1.33372957576	1.01773921212	0.924238545455	1.17519824242	1.51355472727	1.04677339394	1.34436054545	1.12091618182	2.12268436364	1.71504521212	1.61413818182	1.04432775758	2.23636581818	1.60876012121	2.15880890909	1.13397181818	1.78515515152	1.25982672727	1.5844569697	1.30145951515	0.858425515152	0.990676606061	0.0	2.25988527273	1.94303569697	1.0282389697	0.819466484848	1.70828145455	1.58621909091	1.26390375758	1.30805709091	1.03178218182	0.74873430303	1.87079981818	2.11064066667	1.65658218182	1.35425424242	1.6845149697	2.08616448485	1.43935472727	1.28309381818	1.79677442424	1.51986024242	1.4622730303
PIS5	1.88886951515	1.60066781818	0.99442769697	1.38775830303	1.72830187879	1.50545981818	1.74627521212	1.34624945455	1.77659781818	1.95303745455	1.86573945455	1.79040593939	0.987344424242	0.926075212121	1.60957890909	2.50633139394	1.63796769697	1.90679551515	1.97425860606	1.65554218182	1.33759478788	1.85683721212	1.76293236364	1.7049449697	1.15369339394	1.30035981818	1.56856163636	2.23549060606	1.11220054545	1.45674248485	0.965234787879	1.85055684848	1.15947412121	1.70022060606	1.34834418182	1.63157690909	2.06298193939	1.90090842424	2.25988527273	0.0	1.43656472727	1.93889915152	2.04487018182	1.27371290909	1.44347733333	1.38132733333	1.44396078788	2.12540054545	2.13833509091	0.915645575758	0.914449454545	1.25978078788	1.46512290909	1.24164290909	0.796787939394	2.48285939394	1.67249666667	1.48599109091	1.21721363636	1.36077490909
PIS7	1.423006	1.39396721212	1.67995012121	1.42758715152	1.30905181818	1.35316527273	1.36041945455	1.34540945455	1.32072351515	1.54628812121	1.39281909091	1.41347309091	1.63770369697	1.93702890909	1.61538739394	2.33826133333	1.34070393939	1.80140981818	1.75757630303	1.61449612121	1.72341539394	1.45224218182	1.28418848485	1.33260193939	1.25921981818	0.918621393939	1.40766442424	1.67927921212	1.54901363636	1.35304030303	1.57183127273	1.51641951515	1.42322793939	1.2728049697	1.39709872727	1.30939933333	1.49720581818	1.74997145455	1.94303569697	1.43656472727	0.0	1.68551369697	1.5576969697	1.28252345455	1.16663733333	1.48487824242	1.46064648485	1.71912187879	1.86764006061	1.69297381818	1.77386048485	1.5530210303	1.44991490909	1.40864133333	1.56992163636	1.95891381818	1.36891775758	1.28926321212	1.51744078788	1.31906836364
PIS9	0.992626969697	1.59563872727	2.00296515152	1.13061284848	0.976037151515	1.39947387879	1.22354781818	1.22605830303	1.31441406061	0.849881818182	1.24944745455	0.775836727273	2.09417593939	2.14707412121	0.916282666667	1.28303175758	1.14238781818	0.851713454545	0.870188787879	0.919958181818	1.21199018182	0.927976484848	1.18044727273	0.843721212121	1.90524393939	1.41925642424	1.46799824242	1.18614539394	2.00403581818	1.41729048485	1.88323006061	0.848631393939	1.50856309091	1.03118484848	1.33486660606	1.07154321212	1.03844133333	0.815273272727	1.0282389697	1.93889915152	1.68551369697	0.0	1.10457539394	1.40397036364	1.37756436364	1.01273618182	0.946195090909	1.02058733333	0.883736060606	1.54050872727	1.74915939394	1.20010406061	0.983598666667	1.46003151515	1.77422284848	1.70652133333	0.958073151515	1.61193581818	1.24303775758	1.17655321212
PIS10	1.03790430303	1.70763933333	2.16080187879	1.4151489697	1.15631509091	1.43418381818	1.26438539394	1.45812509091	1.31412181818	0.864998424242	1.1430949697	1.13469927273	2.28725181818	2.42837254545	1.48901818182	1.31221890909	1.33312272727	1.251088	1.15195533333	1.43689636364	1.73098242424	1.22057587879	1.29609539394	1.09432630303	1.871642	1.46438381818	1.48111412121	0.897145030303	2.13935036364	1.58675290909	2.10909333333	1.17860084848	1.76864212121	1.25768678788	1.57228333333	1.31975072727	0.609789090909	1.24796709091	0.819466484848	2.04487018182	1.5576969697	1.10457539394	0.0	1.51344006061	1.26737175758	1.45215375758	1.39191230303	0.92371569697	1.04514709091	1.88148	2.15108072727	1.66488878788	1.43162654545	1.67035927273	2.00198175758	1.21321818182	1.19861884848	1.60912187879	1.60905315152	1.35476448485
PIS11	1.17404872727	1.01819115152	1.19706145455	0.845206363636	1.07360593939	0.830079030303	1.04364242424	0.753438727273	1.09869763636	1.28585266667	1.309416	1.16718018182	1.41465684848	1.56549527273	1.452322	2.16693630303	1.10569030303	1.65579739394	1.57743054545	1.42836309091	1.19072163636	1.33195945455	1.20985763636	1.10040636364	1.04423878788	1.00955139394	0.973686787879	1.59093648485	1.2597209697	0.869230787879	1.16256357576	1.3693589697	0.896791272727	1.17185581818	0.885151636364	1.02516375758	1.44688490909	1.55172848485	1.70828145455	1.27371290909	1.28252345455	1.40397036364	1.51344006061	0.0	0.89974830303	1.0881289697	1.16847357576	1.60337539394	1.6803510303	1.10020490909	1.30958345455	1.02223648485	1.15892636364	0.876206727273	1.02989745455	2.04683266667	1.22383575758	0.959152363636	1.00482084848	0.917935454545
PIS14	1.0184770303	1.10601084848	1.43665230303	0.882053818182	0.964050848485	0.798803212121	0.900632181818	0.839013818182	0.978636606061	1.1450470303	0.957609636364	1.15516921212	1.49758527273	1.82282745455	1.36604618182	2.07343236364	0.93223169697	1.518756	1.43459751515	1.33022375758	1.30922642424	1.26084581818	0.992053454545	1.05341624242	1.06408224242	1.00367048485	0.898412060606	1.33564672727	1.40088224242	0.958654242424	1.38411636364	1.27325539394	1.09528927273	1.00708593939	0.912181272727	0.931051090909	1.19124763636	1.48185327273	1.58621909091	1.44347733333	1.16663733333	1.37756436364	1.26737175758	0.89974830303	0.0	1.01608224242	1.04103084848	1.35388975758	1.56551872727	1.31124157576	1.54648484848	1.11982406061	1.07117781818	0.95807030303	1.30839957576	1.8356630303	1.09939775758	0.849715333333	1.07744369697	0.894648121212
PIS15	1.2671	1.37815406061	1.61541721212	0.765587454545	0.978613818182	1.09754860606	1.15167333333	0.885289030303	1.27209569697	1.16624151515	1.375876	0.941249030303	1.62251721212	1.54910727273	0.718408666667	1.46833654545	0.748255757576	0.941461636364	0.969739515152	0.738116909091	0.676279575758	0.884984181818	1.02461157576	0.898920545455	1.44425951515	1.00502957576	1.01521054545	1.46096654545	1.62449745455	0.995392242424	1.37715315152	0.996757515152	1.03683660606	0.904746606061	0.919673575758	0.798866181818	1.32367048485	0.917125333333	1.26390375758	1.38132733333	1.48487824242	1.01273618182	1.45215375758	1.0881289697	1.01608224242	0.0	0.568097333333	1.34883515152	1.17072969697	1.02240018182	1.22066793939	0.823460121212	0.575821030303	1.02194539394	1.24912751515	2.073326	0.95491030303	1.17270157576	0.639072	0.806551090909
PLL76	1.22827551515	1.33307139394	1.66257842424	0.889686484848	0.949396848485	1.13514266667	1.11156666667	0.941902969697	1.19292442424	1.12085	1.29495866667	0.879212545455	1.68575466667	1.62183806061	0.734837515152	1.44579751515	0.682514060606	0.904872181818	0.894079878788	0.721491818182	0.798880545455	0.902004787879	0.986469515152	0.810004181818	1.49224763636	0.969648121212	1.10166909091	1.34464969697	1.67351260606	1.11506509091	1.49437109091	0.880943333333	1.13817151515	0.838330242424	0.996446060606	0.780175030303	1.24748818182	0.925853454545	1.30805709091	1.44396078788	1.46064648485	0.946195090909	1.39191230303	1.16847357576	1.04103084848	0.568097333333	0.0	1.16200181818	1.10842109091	1.01486515152	1.27224709091	0.806614424242	0.487671818182	1.03005957576	1.33012642424	1.89669909091	0.841536363636	1.17310230303	0.707039151515	0.779069030303
