	PAM31	PAM32	PAM33	PAM35	PAM36	PAM37	PAM39	PAM40	PAM41	PAM42	PAM43	PAM44	PAM45	PBW46	PBW47	PBW49	PBW50	PBW51	PBW52	PBW53	PBW54	PBW55	PBW56	PBW58	PBW59	PBW60	PEP16	PEP18	PEP21	PEP23	PEP24	PEP26	PEP27	PEP28	PEP29	PEP30	PIS1	PIS2	PIS4	PIS5	PIS7	PIS9	PIS10	PIS11	PIS14	PIS15	PLL76	PLL77	PLL79	PLL80	PLL83	PLL88	PLL89	PLL90	PPO64	PPO66	PPO67	PPO69	PPO72	PPO75
PAM31	0.0	1.2698390303	1.74011612121	1.30419848485	0.912943878788	1.21460133333	0.963548969697	0.732123515152	1.10725090909	0.451943212121	0.962901151515	0.79302369697	1.54223	2.25476884848	1.59942175758	1.27921957576	0.900762242424	1.13717381818	1.10958787879	1.23186781818	1.73364024242	1.23647715152	1.03126224242	0.957437212121	1.53704024242	1.70836333333	1.18793121212	0.807320060606	2.0078210303	1.14775109091	1.85361024242	0.965417878788	1.61411521212	1.37361975758	1.0257549697	0.834048909091	0.662739151515	1.14778854545	0.832142969697	1.65496830303	1.61954527273	1.06241606061	0.953673515152	1.29928163636	1.27648175758	0.918310424242	1.11034854545	0.895013272727	1.33942927273	1.89698381818	1.76008339394	1.07015418182	1.01612872727	1.32822951515	1.85071563636	1.02672309091	0.89265830303	1.34864321212	0.974941939394	1.25575442424
PAM32	1.2698390303	0.0	1.20569915152	1.05309666667	0.989147272727	0.703098060606	0.72877030303	1.06227321212	0.658007030303	1.36273909091	1.10361048485	1.52907642424	1.15545109091	1.97871224242	1.37465351515	1.9621170303	1.53434781818	1.63564848485	1.71926557576	1.50895351515	1.46539684848	1.2632490303	1.41617484848	0.989695030303	1.24140606061	1.39292854545	1.1853989697	1.55759775758	1.73228927273	1.08071969697	1.57625	1.23888006061	1.3531269697	1.19014012121	1.27601060606	1.40177957576	1.44459187879	1.88709618182	1.56030866667	1.29227084848	1.4180029697	1.24603824242	1.53186163636	0.875242969697	0.983675575758	1.36520339394	1.44650018182	1.58086054545	1.36480248485	1.60309375758	1.42701878788	1.41120084848	1.399048	1.12973145455	1.394812	1.46211412121	1.47958751515	1.0975090303	1.33692921212	1.08821151515
PAM33	1.74011612121	1.20569915152	0.0	1.02156066667	1.42110230303	0.990614666667	1.20098060606	1.46642727273	1.24253721212	1.76155581818	1.44236115152	2.02386284848	1.058838	1.26346933333	1.54414454545	2.30021836364	1.8631629697	1.97936278788	2.08571018182	1.84434345455	1.34131612121	1.51171436364	1.79358381818	1.44463551515	1.24752290909	1.07371290909	1.55503109091	2.05785642424	1.06334709091	1.35200454545	0.90451169697	1.77547824242	1.00980454545	1.19069018182	1.6439829697	1.80151593939	1.83666884848	2.2305989697	2.00895230303	1.04582781818	1.45307278788	1.62400139394	1.93122369697	1.02251678788	1.19015642424	1.66586606061	1.80935072727	2.0331429697	1.67617812121	1.04950551515	1.14967406061	1.75155030303	1.7966510303	1.29472272727	0.683526909091	1.97845545455	1.93020193939	1.46255060606	1.69541042424	1.45105745455
PAM35	1.30419848485	1.05309666667	1.02156066667	0.0	0.923755575758	0.866449393939	0.968612909091	0.934282848485	1.13486745455	1.28993369697	1.00301915152	1.545232	0.918074909091	1.47360090909	1.01505248485	1.80520521212	1.35615587879	1.48558527273	1.5882890303	1.32269757576	1.00336793939	0.959170181818	1.24289781818	0.967335818182	1.08139521212	0.975209939394	1.02993733333	1.58283139394	1.34722884848	0.834242424242	1.1142209697	1.26523175758	0.873296606061	0.68552769697	1.10647175758	1.30671915152	1.35603545455	1.67814460606	1.48357139394	0.901932606061	1.48624533333	1.09891818182	1.56744169697	0.845524242424	0.900375151515	1.18567484848	1.33637733333	1.54877987879	1.16286969697	1.12507890909	1.02592842424	1.23617169697	1.26851775758	0.767664	1.15752563636	1.69468727273	1.4235050303	1.11941648485	1.17255181818	0.966859575758
PAM36	0.912943878788	0.989147272727	1.42110230303	0.923755575758	0.0	0.940468121212	0.733462666667	0.665595757576	0.841136363636	0.878709878788	0.772946606061	1.08715545455	1.2644610303	1.87651090909	1.20419581818	1.53599787879	0.976952545455	1.17171284848	1.26112812121	1.09261436364	1.36278593939	0.866088060606	0.87593630303	0.703170787879	1.2401510303	1.36597921212	0.882540666667	1.11367157576	1.72539436364	0.836010121212	1.54627666667	0.97946430303	1.29540951515	1.04682557576	0.738809878788	0.883974484848	1.00777563636	1.41765593939	1.07995448485	1.344066	1.35189181818	0.845734121212	1.19764224242	0.950293757576	1.00598466667	0.920192727273	0.998994848485	1.12687775758	0.932123333333	1.502294	1.34924751515	0.932464242424	0.955792363636	1.0029549697	1.51145709091	1.28553	0.983170909091	1.0091669697	0.852235393939	0.876663757576
PAM37	1.21460133333	0.703098060606	0.990614666667	0.866449393939	0.940468121212	0.0	0.590721575758	0.997940242424	0.778514787879	1.260694	0.999763818182	1.53120830303	0.978647818182	1.77320048485	1.18389860606	1.90677945455	1.38006769697	1.52924472727	1.62754048485	1.4771189697	1.29417381818	1.16984624242	1.25772406061	0.966128484848	1.11266751515	1.18358527273	1.07557181818	1.61037509091	1.48818078788	0.913187090909	1.32293715152	1.37948054545	1.15945824242	0.984010181818	1.17582139394	1.32183436364	1.34440109091	1.83878260606	1.50237048485	1.13888393939	1.39694684848	1.20448454545	1.55259666667	0.786087939394	0.887569757576	1.31431878788	1.37093351515	1.49874393939	1.27128490909	1.46968393939	1.26530739394	1.35790945455	1.39081987879	0.946022727273	1.21160969697	1.53072890909	1.43116193939	1.09725957576	1.30608339394	1.04934266667
PAM39	0.963548969697	0.72877030303	1.20098060606	0.968612909091	0.733462666667	0.590721575758	0.0	0.741391030303	0.633640606061	1.05310175758	0.690509878788	1.31204115152	1.16193424242	2.00149866667	1.33707630303	1.78997012121	1.28765581818	1.45991951515	1.56096981818	1.33686733333	1.49501490909	1.02136648485	1.12836624242	0.822560242424	1.18611563636	1.42776551515	0.922253393939	1.37288563636	1.64126987879	0.930928909091	1.50200975758	1.24452272727	1.31115278788	1.14598872727	0.952116666667	1.16667763636	1.21568715152	1.69835048485	1.3335189697	1.37054381818	1.32534030303	1.07703218182	1.29856733333	0.957214969697	0.970232424242	1.17878642424	1.27289206061	1.39019036364	1.18131690909	1.67022551515	1.50777284848	1.23500060606	1.26683757576	1.07723109091	1.41805915152	1.29635678788	1.30838278788	0.99994769697	1.16264860606	1.03976327273
PAM40	0.732123515152	1.06227321212	1.46642727273	0.934282848485	0.665595757576	0.997940242424	0.741391030303	0.0	0.885654545455	0.707148787879	0.683386484848	1.08679593939	1.20713678788	1.98701406061	1.33055884848	1.5162749697	0.996820787879	1.17412848485	1.27027987879	1.03617884848	1.47824593939	0.981254969697	0.836631454545	0.721588242424	1.31997854545	1.42368321212	0.957152666667	1.11076418182	1.70660163636	0.893272060606	1.54924721212	0.941263212121	1.2993109697	1.10007806061	0.768253030303	0.857330484848	0.915643272727	1.39789157576	1.01288418182	1.346454	1.35005824242	0.802994121212	1.12591109091	1.03304345455	0.970402363636	0.884034181818	0.983884787879	1.12637278788	1.07231472727	1.63405521212	1.45630739394	0.903145575758	0.954966060606	1.02943472727	1.58873915152	1.23528951515	1.01997939394	1.05787945455	0.838660606061	0.997815030303
PAM41	1.10725090909	0.658007030303	1.24253721212	1.13486745455	0.841136363636	0.778514787879	0.633640606061	0.885654545455	0.0	1.17467824242	0.930218484848	1.41137048485	1.29710587879	2.11542751515	1.48780624242	1.86415787879	1.39042454545	1.54145369697	1.638084	1.40944963636	1.60918121212	1.27996272727	1.2536189697	0.959528969697	1.22582727273	1.40960660606	1.17992054545	1.39620830303	1.84016357576	1.152798	1.71442418182	1.24642212121	1.50959618182	1.3036129697	1.17814357576	1.26968612121	1.26401236364	1.75650587879	1.4232069697	1.33780854545	1.24316115152	1.18314854545	1.20007509091	0.962260060606	0.978039212121	1.17567648485	1.32700866667	1.45028454545	1.34492818182	1.77544115152	1.63314290909	1.27521927273	1.33718448485	1.21671848485	1.5551689697	1.25928357576	1.35543660606	1.08093218182	1.24176824242	1.16519612121
PAM42	0.451943212121	1.36273909091	1.76155581818	1.28993369697	0.878709878788	1.260694	1.05310175758	0.707148787879	1.17467824242	0.0	0.97739830303	0.706813818182	1.59185866667	2.26195933333	1.54435090909	1.15314024242	0.868908727273	1.0789749697	1.03634672727	1.22340727273	1.6941930303	1.20614230303	1.00668763636	0.938352787879	1.61693909091	1.72446436364	1.22021636364	0.83044569697	2.01737369697	1.16464290909	1.87996363636	0.94014630303	1.61835442424	1.35654454545	0.995726060606	0.830377818182	0.588158727273	1.03288739394	0.695168484848	1.66418206061	1.66143830303	1.00367842424	0.969954666667	1.36467866667	1.28697769697	0.894629393939	1.08705187879	0.78635769697	1.27925539394	1.88577418182	1.72304393939	0.999697151515	0.968052424242	1.35363369697	1.91165278788	1.10252981818	0.858375575758	1.36187745455	0.946059333333	1.25780709091
PAM43	0.962901151515	1.10361048485	1.44236115152	1.00301915152	0.772946606061	0.999763818182	0.690509878788	0.683386484848	0.930218484848	0.97739830303	0.0	1.31681381818	1.16536472727	1.95029593939	1.41117539394	1.77519478788	1.190448	1.38404563636	1.53538345455	1.28298921212	1.52393993939	0.944279757576	0.940326424242	0.934897515152	1.13591024242	1.36312254545	0.767978666667	1.25668993939	1.48574327273	0.867571393939	1.37143854545	1.19374606061	1.23803187879	1.05561981818	0.876772242424	1.0474049697	1.1193069697	1.69418254545	1.30305236364	1.3444670303	1.17515212121	1.10537054545	1.26188606061	1.07654133333	0.919567393939	1.14126260606	1.25078618182	1.32741587879	1.08112060606	1.63337430303	1.49100551515	1.16405266667	1.2092469697	0.960230545455	1.50124975758	1.26090339394	1.15429751515	0.858215272727	1.07021121212	1.06058709091
PAM44	0.79302369697	1.52907642424	2.02386284848	1.545232	1.08715545455	1.53120830303	1.31204115152	1.08679593939	1.41137048485	0.706813818182	1.31681381818	0.0	1.7838030303	2.35089872727	1.49614848485	0.983822545455	0.856265090909	0.974218606061	0.896344060606	1.14536242424	1.65625545455	1.28777454545	1.17857806061	0.984115575758	1.74128769697	1.83445733333	1.38839793939	0.865831030303	2.19946848485	1.37141284848	2.05166848485	1.06368545455	1.8014150303	1.56776987879	1.04846278788	0.899948242424	0.786000909091	0.884742060606	0.674960121212	1.82050824242	1.84251915152	1.01773284848	1.05844048485	1.55470739394	1.54398739394	0.899504545455	1.02210387879	0.798494424242	1.19613745455	1.97669878788	1.76796551515	1.04452309091	0.893968545455	1.49448509091	2.08245812121	1.18247818182	0.893066242424	1.49273260606	0.909572909091	1.29640951515
PAM45	1.54223	1.15545109091	1.058838	0.918074909091	1.2644610303	0.978647818182	1.16193424242	1.20713678788	1.29710587879	1.59185866667	1.16536472727	1.7838030303	0.0	1.60315921212	1.38660351515	2.16608715152	1.58863321212	1.72321763636	1.83361157576	1.65059272727	1.23099921212	1.39360848485	1.49376921212	1.33702963636	1.03133969697	1.06644339394	1.26573539394	1.75405187879	1.29588618182	1.09184145455	1.15727757576	1.53241442424	0.958375515152	0.988605272727	1.39114472727	1.56283175758	1.58563618182	2.10342327273	1.79314460606	1.08598254545	1.445544	1.49635818182	1.81832084848	1.04395587879	1.06593321212	1.56817133333	1.6514609697	1.73796606061	1.48801830303	1.28794206061	1.10351993939	1.58179775758	1.60433121212	1.03898715152	1.10724151515	1.64294727273	1.63154806061	1.20670618182	1.55070624242	1.10225036364
PBW46	2.25476884848	1.97871224242	1.26346933333	1.47360090909	1.87651090909	1.77320048485	2.00149866667	1.98701406061	2.11542751515	2.26195933333	1.95029593939	2.35089872727	1.60315921212	0.0	1.33604272727	2.32028490909	1.99662987879	1.91361842424	2.17840133333	1.83819981818	1.16999539394	1.68278418182	1.98842345455	1.7987870303	1.71144412121	1.25636769697	1.82555727273	2.320618	1.04177	1.64414418182	1.03577993939	2.02406139394	1.23963533333	1.44522909091	1.87611533333	2.04571472727	2.19228993939	2.38144878788	2.283634	1.2670109697	1.9322469697	1.89889230303	2.39639460606	1.59211327273	1.72090709091	1.95838181818	1.97034466667	2.19999678788	1.65713533333	0.894026606061	1.11424412121	1.927376	1.97599842424	1.46506624242	1.03407212121	2.48395836364	2.09029454545	1.82649460606	1.93113321212	1.73629612121
PBW47	1.59942175758	1.37465351515	1.54414454545	1.01505248485	1.20419581818	1.18389860606	1.33707630303	1.33055884848	1.48780624242	1.54435090909	1.41117539394	1.49614848485	1.38660351515	1.33604272727	0.0	1.29579163636	1.2965430303	1.00069460606	1.30177218182	0.896709818182	0.589389151515	0.974324484848	1.38881563636	1.1142749697	1.40863024242	1.20644727273	1.24618981818	1.65765357576	1.72526109091	1.03968630303	1.48736860606	1.25161684848	1.24420206061	0.999248545455	1.09050848485	1.30747587879	1.49448539394	1.38947151515	1.45463806061	1.08889139394	1.73773975758	1.02815054545	1.77241418182	1.18561563636	1.25006509091	1.03565242424	1.05746848485	1.43752448485	0.828264363636	1.08647745455	0.952133272727	1.07889763636	1.03622442424	1.05247648485	1.61883678788	1.89006654545	1.38328284848	1.38320533333	1.03136030303	0.985303818182
PBW49	1.27921957576	1.9621170303	2.30021836364	1.80520521212	1.53599787879	1.90677945455	1.78997012121	1.5162749697	1.86415787879	1.15314024242	1.77519478788	0.983822545455	2.16608715152	2.32028490909	1.29579163636	0.0	1.10134266667	0.764581636364	0.819873515152	0.847589090909	1.50489484848	1.38857090909	1.49001757576	1.40229909091	2.19157230303	1.99134775758	1.77549466667	1.25770072727	2.52273612121	1.70013272727	2.30498824242	1.19933527273	2.01657030303	1.79874175758	1.34553575758	1.22079745455	1.15262418182	0.561863515152	0.945972727273	1.88739030303	2.19282993939	1.19595309091	1.52090048485	1.87367478788	1.914196	1.04105824242	1.05497672727	1.03951721212	1.14207357576	1.90371684848	1.75656939394	1.13961	0.964808060606	1.83339478788	2.40514248485	1.66570872727	1.20072781818	1.93202775758	1.04839	1.55045012121
PBW50	0.900762242424	1.53434781818	1.8631629697	1.35615587879	0.976952545455	1.38006769697	1.28765581818	0.996820787879	1.39042454545	0.868908727273	1.190448	0.856265090909	1.58863321212	1.99662987879	1.2965430303	1.10134266667	0.0	0.732270121212	0.778537272727	0.881723515152	1.43358309091	0.918600363636	0.936053090909	0.923436181818	1.50484478788	1.51169684848	1.17460460606	0.95107369697	1.95287963636	1.10976339394	1.71270157576	0.742648606061	1.47942993939	1.2826090303	0.825463515152	0.649333454545	0.839085878788	1.05901163636	0.803200363636	1.50694145455	1.63612012121	0.958210787879	1.23197781818	1.32681309091	1.29728169697	0.737745757576	0.785725090909	0.766693454545	0.941973818182	1.68121781818	1.45556248485	0.785483939394	0.661315090909	1.26758836364	1.84150745455	1.17932909091	0.648560424242	1.24897890909	0.709484545455	1.01514660606
PBW51	1.13717381818	1.63564848485	1.97936278788	1.48558527273	1.17171284848	1.52924472727	1.45991951515	1.17412848485	1.54145369697	1.0789749697	1.38404563636	0.974218606061	1.72321763636	1.91361842424	1.00069460606	0.764581636364	0.732270121212	0.0	0.662423272727	0.60016430303	1.21062254545	1.08909921212	1.08244878788	1.03835793939	1.79574036364	1.58106309091	1.37804478788	1.14804442424	2.12458430303	1.26807012121	1.90901145455	0.826344666667	1.65611630303	1.44678206061	0.972868424242	0.877111575758	0.995566787879	0.875129878788	0.970122242424	1.53255193939	1.84000648485	0.873429878788	1.43979460606	1.55330430303	1.54507242424	0.718074424242	0.713685151515	0.85823630303	0.776783090909	1.58638151515	1.40637757576	0.807586424242	0.637301212121	1.42131969697	2.00983333333	1.45055848485	0.832844484848	1.52152636364	0.75324969697	1.17559272727
PBW52	1.10958787879	1.71926557576	2.08571018182	1.5882890303	1.26112812121	1.62754048485	1.56096981818	1.27027987879	1.638084	1.03634672727	1.53538345455	0.896344060606	1.83361157576	2.17840133333	1.30177218182	0.819873515152	0.778537272727	0.662423272727	0.0	0.758487939394	1.40468921212	1.18770806061	1.22568890909	1.11878375758	1.91641539394	1.72512393939	1.54723169697	1.12574806061	2.31175945455	1.46695521212	2.06251193939	0.967912787879	1.80202236364	1.58607854545	1.11056806061	0.983546606061	1.00371624242	0.797577878788	0.905250848485	1.72821072727	1.96382551515	0.997821030303	1.45274369697	1.65570527273	1.65367848485	0.896417333333	0.861617636364	0.805022242424	0.999284181818	1.84724490909	1.63914048485	0.927816	0.747474787879	1.60581145455	2.11760327273	1.41382684848	0.956726666667	1.66653327273	0.838899757576	1.27558739394
PBW53	1.23186781818	1.50895351515	1.84434345455	1.32269757576	1.09261436364	1.4771189697	1.33686733333	1.03617884848	1.40944963636	1.22340727273	1.28298921212	1.14536242424	1.65059272727	1.83819981818	0.896709818182	0.847589090909	0.881723515152	0.60016430303	0.758487939394	0.0	1.04817472727	0.89205369697	1.01346436364	0.938605151515	1.71737981818	1.4955849697	1.31495612121	1.26804509091	2.02260545455	1.18319248485	1.77603757576	0.883948484848	1.49910921212	1.30262442424	0.845828484848	0.941789212121	1.16413872727	0.926315757576	1.08278763636	1.42622072727	1.71749551515	0.807492969697	1.54597927273	1.41413527273	1.41472	0.794176545455	0.730507757576	1.06001975758	0.722734909091	1.44260945455	1.28818963636	0.720490606061	0.647746242424	1.32112775758	1.91762284848	1.58377309091	1.01171678788	1.44218327273	0.654089515152	1.06807884848
PBW54	1.73364024242	1.46539684848	1.34131612121	1.00336793939	1.36278593939	1.29417381818	1.49501490909	1.47824593939	1.60918121212	1.6941930303	1.52393993939	1.65625545455	1.23099921212	1.16999539394	0.589389151515	1.50489484848	1.43358309091	1.21062254545	1.40468921212	1.04817472727	0.0	1.03242551515	1.49666454545	1.27620472727	1.44841721212	1.09355472727	1.36586915152	1.78908951515	1.53430139394	1.17849787879	1.30885145455	1.39706709091	1.04870733333	0.989835515152	1.21833048485	1.4683650303	1.66909139394	1.59003654545	1.60450721212	1.06700806061	1.79241327273	1.23918709091	1.91007642424	1.22329169697	1.32277678788	1.23828581818	1.21862842424	1.6162490303	1.00991133333	0.878835333333	0.803885212121	1.25615915152	1.2040350303	1.1023050303	1.37923078788	2.02821351515	1.56069309091	1.48221206061	1.17525345455	1.08857454545
PBW55	1.23647715152	1.2632490303	1.51171436364	0.959170181818	0.866088060606	1.16984624242	1.02136648485	0.981254969697	1.27996272727	1.20614230303	0.944279757576	1.28777454545	1.39360848485	1.68278418182	0.974324484848	1.38857090909	0.918600363636	1.08909921212	1.18770806061	0.89205369697	1.03242551515	0.0	0.931782424242	0.834394848485	1.31425981818	1.17413745455	0.850537939394	1.21442933333	1.59664739394	0.77612630303	1.3600249697	0.926235272727	1.11296327273	0.886709515152	0.741314545455	0.875288848485	1.14476927273	1.26554666667	1.15468824242	1.16443369697	1.40452969697	0.911293818182	1.39375672727	1.08669878788	1.05070921212	0.925942606061	0.911533818182	1.24148327273	0.775830666667	1.2489329697	1.14883787879	0.891566848485	0.869060424242	0.912886060606	1.53708878788	1.5291270303	1.01343545455	0.957431515152	0.812158606061	0.742354727273
PBW56	1.03126224242	1.41617484848	1.79358381818	1.24289781818	0.87593630303	1.25772406061	1.12836624242	0.836631454545	1.2536189697	1.00668763636	0.940326424242	1.17857806061	1.49376921212	1.98842345455	1.38881563636	1.49001757576	0.936053090909	1.08244878788	1.22568890909	1.01346436364	1.49666454545	0.931782424242	0.0	0.881398363636	1.44599145455	1.44543151515	0.814877212121	1.01090812121	1.69293212121	0.853308848485	1.57389260606	1.02604351515	1.35198751515	1.09285230303	0.785886787879	0.832762060606	0.982276060606	1.45609806061	1.1648209697	1.46738206061	1.42923248485	0.990547272727	1.27321757576	1.29317515152	1.20492787879	1.03659787879	1.04947806061	1.04719248485	1.06589939394	1.61427151515	1.43689860606	1.00164418182	0.947813878788	1.06147636364	1.75969169697	1.34030521212	0.93932430303	1.09404254545	0.861531939394	1.17380490909
PBW58	0.957437212121	0.989695030303	1.44463551515	0.967335818182	0.703170787879	0.966128484848	0.822560242424	0.721588242424	0.959528969697	0.938352787879	0.934897515152	0.984115575758	1.33702963636	1.7987870303	1.1142749697	1.40229909091	0.923436181818	1.03835793939	1.11878375758	0.938605151515	1.27620472727	0.834394848485	0.881398363636	0.0	1.40134933333	1.29059715152	0.996221636364	1.14967266667	1.74032987879	0.892322848485	1.49249727273	0.867260909091	1.23712563636	1.00532060606	0.775250606061	0.910072545455	1.00090193939	1.2993770303	1.0800229697	1.26801218182	1.40095618182	0.658498606061	1.27701424242	0.993702848485	1.07384515152	0.861816484848	0.928467575758	1.07607181818	0.826961272727	1.41796927273	1.24092012121	0.875802424242	0.835750181818	1.03884721212	1.504736	1.31588054545	0.977353333333	1.13262406061	0.793515636364	0.911631636364
PBW59	1.53704024242	1.24140606061	1.24752290909	1.08139521212	1.2401510303	1.11266751515	1.18611563636	1.31997854545	1.22582727273	1.61693909091	1.13591024242	1.74128769697	1.03133969697	1.71144412121	1.40863024242	2.19157230303	1.50484478788	1.79574036364	1.91641539394	1.71737981818	1.44841721212	1.31425981818	1.44599145455	1.40134933333	0.0	0.990260787879	1.11718975758	1.63296054545	1.39472575758	1.04533545455	1.25428321212	1.57747169697	1.17638769697	1.07249127273	1.24811315152	1.45027860606	1.56980339394	2.10653315152	1.81604854545	0.986640181818	1.12738212121	1.55906212121	1.55782975758	0.931394	0.841927454545	1.55310375758	1.60906381818	1.71145884848	1.50025121212	1.45229436364	1.38164654545	1.59174472727	1.61367551515	0.960949636364	1.32124957576	1.55055824242	1.53604666667	0.945758606061	1.52654412121	1.14985927273
PBW60	1.70836333333	1.39292854545	1.07371290909	0.975209939394	1.36597921212	1.18358527273	1.42776551515	1.42368321212	1.40960660606	1.72446436364	1.36312254545	1.83445733333	1.06644339394	1.25636769697	1.20644727273	1.99134775758	1.51169684848	1.58106309091	1.72512393939	1.4955849697	1.09355472727	1.17413745455	1.44543151515	1.29059715152	0.990260787879	0.0	1.25778654545	1.75889878788	1.24392654545	1.11369721212	1.0340230303	1.49395006061	0.98694	0.873181515152	1.39129054545	1.49688024242	1.604266	1.91884387879	1.7960769697	0.523731151515	1.14120351515	1.43965321212	1.59549963636	0.995609333333	0.998236727273	1.43158612121	1.50389454545	1.76077284848	1.30744824242	1.12026957576	0.969487090909	1.46863242424	1.4934370303	1.00112860606	1.09980369697	1.86109466667	1.57603363636	1.19660387879	1.43739872727	1.14449884848
PEP16	1.18793121212	1.1853989697	1.55503109091	1.02993733333	0.882540666667	1.07557181818	0.922253393939	0.957152666667	1.17992054545	1.22021636364	0.767978666667	1.38839793939	1.26573539394	1.82555727273	1.24618981818	1.77549466667	1.17460460606	1.37804478788	1.54723169697	1.31495612121	1.36586915152	0.850537939394	0.814877212121	0.996221636364	1.11718975758	1.25778654545	0.0	1.18718569697	1.42729478788	0.652462181818	1.33526315152	1.27042145455	1.11995866667	0.881996181818	0.882192121212	1.06883127273	1.22594878788	1.72656387879	1.43356642424	1.25171345455	1.28951939394	1.18197406061	1.36057878788	1.11256060606	0.910515030303	1.25021424242	1.30138278788	1.2953729697	1.09886412121	1.45168181818	1.27023436364	1.24272078788	1.20914454545	0.796205818182	1.53197363636	1.43175842424	1.21516660606	0.874142545455	1.14442151515	1.00506963636
PEP18	0.807320060606	1.55759775758	2.05785642424	1.58283139394	1.11367157576	1.61037509091	1.37288563636	1.11076418182	1.39620830303	0.83044569697	1.25668993939	0.865831030303	1.75405187879	2.320618	1.65765357576	1.25770072727	0.95107369697	1.14804442424	1.12574806061	1.26804509091	1.78908951515	1.21442933333	1.01090812121	1.14967266667	1.63296054545	1.75889878788	1.18718569697	0.0	2.04185042424	1.16429551515	1.91382084848	1.00772436364	1.65173490909	1.3172189697	1.08593006061	0.801002787879	0.786850242424	1.15109963636	0.925521939394	1.7515	1.67945248485	1.24521987879	1.03717054545	1.51811212121	1.44982484848	1.04246187879	1.14916945455	0.894348969697	1.37955236364	1.90242036364	1.70616284848	1.12694175758	1.07199327273	1.37758181818	2.04934345455	1.15873660606	0.821507818182	1.26626654545	1.06149824242	1.37361509091
PEP21	2.0078210303	1.73228927273	1.06334709091	1.34722884848	1.72539436364	1.48818078788	1.64126987879	1.70660163636	1.84016357576	2.01737369697	1.48574327273	2.19946848485	1.29588618182	1.04177	1.72526109091	2.52273612121	1.95287963636	2.12458430303	2.31175945455	2.02260545455	1.53430139394	1.59664739394	1.69293212121	1.74032987879	1.39472575758	1.24392654545	1.42729478788	2.04185042424	0.0	1.33004145455	0.732775757576	1.98056739394	0.971566424242	1.16659727273	1.63470436364	1.82272266667	2.00627521212	2.44458157576	2.16589406061	1.32419418182	1.55159927273	1.89110824242	2.21021115152	1.44518060606	1.42529030303	1.97266309091	2.06604606061	2.12547406061	1.845728	1.16933393939	1.25895133333	1.98905581818	1.97622066667	1.27251490909	0.839679818182	2.20880145455	1.98868418182	1.47602169697	1.87312927273	1.64321593939
PEP23	1.14775109091	1.08071969697	1.35200454545	0.834242424242	0.836010121212	0.913187090909	0.930928909091	0.893272060606	1.152798	1.16464290909	0.867571393939	1.37141284848	1.09184145455	1.64414418182	1.03968630303	1.70013272727	1.10976339394	1.26807012121	1.46695521212	1.18319248485	1.17849787879	0.77612630303	0.853308848485	0.892322848485	1.04533545455	1.11369721212	0.652462181818	1.16429551515	1.33004145455	0.0	1.16758606061	1.09094278788	0.898630545455	0.674934242424	0.801706787879	0.947432969697	1.14120357576	1.60506412121	1.32367721212	1.09051551515	1.27530557576	1.05473418182	1.38516375758	0.905259636364	0.818199272727	1.1322869697	1.18327515152	1.26607418182	1.03048981818	1.29199333333	1.09824309091	1.10708866667	1.12751109091	0.707837333333	1.36459957576	1.50236339394	1.12606224242	0.855051151515	1.05199387879	0.820085878788
PEP24	1.85361024242	1.57625	0.90451169697	1.1142209697	1.54627666667	1.32293715152	1.50200975758	1.54924721212	1.71442418182	1.87996363636	1.37143854545	2.05166848485	1.15727757576	1.03577993939	1.48736860606	2.30498824242	1.71270157576	1.90901145455	2.06251193939	1.77603757576	1.30885145455	1.3600249697	1.57389260606	1.49249727273	1.25428321212	1.0340230303	1.33526315152	1.91382084848	0.732775757576	1.16758606061	0.0	1.72953078788	0.795838666667	1.00470927273	1.47965236364	1.62610775758	1.79767509091	2.1930350303	1.98474739394	1.0835110303	1.49080278788	1.68103248485	2.05454181818	1.19352230303	1.21632848485	1.76035387879	1.7726209697	1.94091381818	1.63593393939	0.920907515152	1.0390629697	1.67215812121	1.74353387879	1.05186872727	0.749009636364	2.07428412121	1.76167206061	1.28355733333	1.62367569697	1.43095157576
PEP26	0.965417878788	1.23888006061	1.77547824242	1.26523175758	0.97946430303	1.37948054545	1.24452272727	0.941263212121	1.24642212121	0.94014630303	1.19374606061	1.06368545455	1.53241442424	2.02406139394	1.25161684848	1.19933527273	0.742648606061	0.826344666667	0.967912787879	0.883948484848	1.39706709091	0.926235272727	1.02604351515	0.867260909091	1.57747169697	1.49395006061	1.27042145455	1.00772436364	1.98056739394	1.09094278788	1.72953078788	0.0	1.40584763636	1.26689872727	0.896932727273	0.711282545455	0.927359090909	1.1078729697	0.948329454545	1.43839127273	1.6260830303	0.860467636364	1.24563733333	1.29657006061	1.33723078788	0.69938830303	0.729107636364	0.967683151515	1.00663563636	1.60076230303	1.47413036364	0.725194363636	0.630098606061	1.31834715152	1.82748733333	1.19164921212	0.839542727273	1.31941357576	0.718735454545	0.955045878788
PEP27	1.61411521212	1.3531269697	1.00980454545	0.873296606061	1.29540951515	1.15945824242	1.31115278788	1.2993109697	1.50959618182	1.61835442424	1.23803187879	1.8014150303	0.958375515152	1.23963533333	1.24420206061	2.01657030303	1.47942993939	1.65611630303	1.80202236364	1.49910921212	1.04870733333	1.11296327273	1.35198751515	1.23712563636	1.17638769697	0.98694	1.11995866667	1.65173490909	0.971566424242	0.898630545455	0.795838666667	1.40584763636	0.0	0.793833515152	1.22243975758	1.41113321212	1.60044769697	1.95720242424	1.7032409697	0.973202787879	1.49721248485	1.39030618182	1.79131187879	1.02776169697	1.08895866667	1.48270987879	1.54519563636	1.70213672727	1.37393963636	0.899811757576	0.753483212121	1.45773860606	1.45245921212	0.858419272727	0.953439818182	1.83843709091	1.54910248485	1.202064	1.41016309091	1.12354418182
PEP28	1.37361975758	1.19014012121	1.19069018182	0.68552769697	1.04682557576	0.984010181818	1.14598872727	1.10007806061	1.3036129697	1.35654454545	1.05561981818	1.56776987879	0.988605272727	1.44522909091	0.999248545455	1.79874175758	1.2826090303	1.44678206061	1.58607854545	1.30262442424	0.989835515152	0.886709515152	1.09285230303	1.00532060606	1.07249127273	0.873181515152	0.881996181818	1.3172189697	1.16659727273	0.674934242424	1.00470927273	1.26689872727	0.793833515152	0.0	1.03126151515	1.14745266667	1.31302242424	1.71219812121	1.51983606061	0.901550121212	1.38341569697	1.21457206061	1.56246927273	0.914568424242	0.915016181818	1.27907333333	1.34482672727	1.46012006061	1.14640151515	1.05838078788	0.889636727273	1.21519212121	1.246956	0.688701272727	1.21288412121	1.67154575758	1.20684484848	0.962186363636	1.13182848485	0.934822424242
PEP29	1.0257549697	1.27601060606	1.6439829697	1.10647175758	0.738809878788	1.17582139394	0.952116666667	0.768253030303	1.17814357576	0.995726060606	0.876772242424	1.04846278788	1.39114472727	1.87611533333	1.09050848485	1.34553575758	0.825463515152	0.972868424242	1.11056806061	0.845828484848	1.21833048485	0.741314545455	0.785886787879	0.775250606061	1.24811315152	1.39129054545	0.882192121212	1.08593006061	1.63470436364	0.801706787879	1.47965236364	0.896932727273	1.22243975758	1.03126151515	0.0	0.741155393939	1.02207715152	1.26013284848	0.971088121212	1.31930666667	1.29856412121	0.737805333333	1.22962993939	1.15308812121	1.03833393939	0.829706848485	0.876531878788	1.01087818182	0.809617818182	1.48447793939	1.31059521212	0.816849272727	0.782287090909	0.947243151515	1.64786090909	1.35264509091	0.932129878788	1.04497563636	0.730495212121	0.899817515152
PEP30	0.834048909091	1.40177957576	1.80151593939	1.30671915152	0.883974484848	1.32183436364	1.16667763636	0.857330484848	1.26968612121	0.830377818182	1.0474049697	0.899948242424	1.56283175758	2.04571472727	1.30747587879	1.22079745455	0.649333454545	0.877111575758	0.983546606061	0.941789212121	1.4683650303	0.875288848485	0.832762060606	0.910072545455	1.45027860606	1.49688024242	1.06883127273	0.801002787879	1.82272266667	0.947432969697	1.62610775758	0.711282545455	1.41113321212	1.14745266667	0.741155393939	0.0	0.808703333333	1.14867587879	0.875911878788	1.46168642424	1.49183175758	0.929175272727	1.09526012121	1.27863175758	1.2340910303	0.780396060606	0.799066060606	0.859785818182	1.0409209697	1.65587236364	1.483882	0.780182848485	0.764170727273	1.16364169697	1.76350806061	1.13893418182	0.672933636364	1.10502218182	0.739889393939	1.02458781818
PIS1	0.662739151515	1.44459187879	1.83666884848	1.35603545455	1.00777563636	1.34440109091	1.21568715152	0.915643272727	1.26401236364	0.588158727273	1.1193069697	0.786000909091	1.58563618182	2.19228993939	1.49448539394	1.15262418182	0.839085878788	0.995566787879	1.00371624242	1.16413872727	1.66909139394	1.14476927273	0.982276060606	1.00090193939	1.56980339394	1.604266	1.22594878788	0.786850242424	2.00627521212	1.14120357576	1.79767509091	0.927359090909	1.60044769697	1.31302242424	1.02207715152	0.808703333333	0.0	1.05717642424	0.769092787879	1.53051072727	1.53285921212	0.966960787879	0.877633030303	1.2956549697	1.22083618182	0.856940242424	1.01499824242	0.705414363636	1.22432806061	1.83039678788	1.66302036364	0.964848848485	0.905349454545	1.32284636364	1.87942084848	1.07451278788	0.767625090909	1.34662333333	0.887143878788	1.2193969697
PIS2	1.14778854545	1.88709618182	2.2305989697	1.67814460606	1.41765593939	1.83878260606	1.69835048485	1.39789157576	1.75650587879	1.03288739394	1.69418254545	0.884742060606	2.10342327273	2.38144878788	1.38947151515	0.561863515152	1.05901163636	0.875129878788	0.797577878788	0.926315757576	1.59003654545	1.26554666667	1.45609806061	1.2993770303	2.10653315152	1.91884387879	1.72656387879	1.15109963636	2.44458157576	1.60506412121	2.1930350303	1.1078729697	1.95720242424	1.71219812121	1.26013284848	1.14867587879	1.05717642424	0.0	0.788644363636	1.84069951515	2.11335018182	1.09374545455	1.39196836364	1.73687672727	1.79350145455	0.918608545455	0.948705575758	1.00488727273	1.21783515152	1.93061490909	1.79885533333	1.01572284848	0.922744181818	1.76352642424	2.29092212121	1.62935866667	1.09399569697	1.8149950303	0.99704369697	1.45262466667
PIS4	0.832142969697	1.56030866667	2.00895230303	1.48357139394	1.07995448485	1.50237048485	1.3335189697	1.01288418182	1.4232069697	0.695168484848	1.30305236364	0.674960121212	1.79314460606	2.283634	1.45463806061	0.945972727273	0.803200363636	0.970122242424	0.905250848485	1.08278763636	1.60450721212	1.15468824242	1.1648209697	1.0800229697	1.81604854545	1.7960769697	1.43356642424	0.925521939394	2.16589406061	1.32367721212	1.98474739394	0.948329454545	1.7032409697	1.51983606061	0.971088121212	0.875911878788	0.769092787879	0.788644363636	0.0	1.68910206061	1.83602630303	0.996601090909	1.08389054545	1.44649684848	1.49614957576	0.868590969697	0.943106666667	0.809601575758	1.21594315152	1.85760327273	1.70737084848	0.925421515152	0.880420181818	1.47776036364	2.04099412121	1.28321042424	0.877676666667	1.52924909091	0.862032666667	1.25772430303
PIS5	1.65496830303	1.29227084848	1.04582781818	0.901932606061	1.344066	1.13888393939	1.37054381818	1.346454	1.33780854545	1.66418206061	1.3444670303	1.82050824242	1.08598254545	1.2670109697	1.08889139394	1.88739030303	1.50694145455	1.53255193939	1.72821072727	1.42622072727	1.06700806061	1.16443369697	1.46738206061	1.26801218182	0.986640181818	0.523731151515	1.25171345455	1.7515	1.32419418182	1.09051551515	1.0835110303	1.43839127273	0.973202787879	0.901550121212	1.31930666667	1.46168642424	1.53051072727	1.84069951515	1.68910206061	0.0	1.1569769697	1.34218593939	1.44503757576	0.863758424242	0.930663151515	1.28306915152	1.34500969697	1.66503490909	1.18869951515	0.954715393939	0.956062727273	1.36184042424	1.43089848485	0.934503030303	1.10856830303	1.77515309091	1.5373309697	1.17924787879	1.33304381818	1.13367145455
PIS7	1.61954527273	1.4180029697	1.45307278788	1.48624533333	1.35189181818	1.39694684848	1.32534030303	1.35005824242	1.24316115152	1.66143830303	1.17515212121	1.84251915152	1.445544	1.9322469697	1.73773975758	2.19282993939	1.63612012121	1.84000648485	1.96382551515	1.71749551515	1.79241327273	1.40452969697	1.42923248485	1.40095618182	1.12738212121	1.14120351515	1.28951939394	1.67945248485	1.55159927273	1.27530557576	1.49080278788	1.6260830303	1.49721248485	1.38341569697	1.29856412121	1.49183175758	1.53285921212	2.11335018182	1.83602630303	1.1569769697	0.0	1.57948072727	1.38171757576	1.23691951515	1.11006266667	1.59214624242	1.67225260606	1.75118206061	1.58741672727	1.78249515152	1.67774551515	1.63300466667	1.64516357576	1.32658193939	1.48984212121	1.67788193939	1.61213909091	1.13466387879	1.545562	1.41264866667
PIS9	1.06241606061	1.24603824242	1.62400139394	1.09891818182	0.845734121212	1.20448454545	1.07703218182	0.802994121212	1.18314854545	1.00367842424	1.10537054545	1.01773284848	1.49635818182	1.89889230303	1.02815054545	1.19595309091	0.958210787879	0.873429878788	0.997821030303	0.807492969697	1.23918709091	0.911293818182	0.990547272727	0.658498606061	1.55906212121	1.43965321212	1.18197406061	1.24521987879	1.89110824242	1.05473418182	1.68103248485	0.860467636364	1.39030618182	1.21457206061	0.737805333333	0.929175272727	0.966960787879	1.09374545455	0.996601090909	1.34218593939	1.57948072727	0.0	1.30856230303	1.1520449697	1.22425115152	0.712829878788	0.760184969697	0.985642060606	0.788618181818	1.49676157576	1.29092636364	0.666963818182	0.712612666667	1.22341309091	1.68125157576	1.42964545455	0.988576666667	1.33627878788	0.761046121212	0.943597393939
PIS10	0.953673515152	1.53186163636	1.93122369697	1.56744169697	1.19764224242	1.55259666667	1.29856733333	1.12591109091	1.20007509091	0.969954666667	1.26188606061	1.05844048485	1.81832084848	2.39639460606	1.77241418182	1.52090048485	1.23197781818	1.43979460606	1.45274369697	1.54597927273	1.91007642424	1.39375672727	1.27321757576	1.27701424242	1.55782975758	1.59549963636	1.36057878788	1.03717054545	2.21021115152	1.38516375758	2.05454181818	1.24563733333	1.79131187879	1.56246927273	1.22962993939	1.09526012121	0.877633030303	1.39196836364	1.08389054545	1.44503757576	1.38171757576	1.30856230303	0.0	1.42908060606	1.31279527273	1.09276127273	1.26914824242	1.13626848485	1.47083660606	2.01611442424	1.89324939394	1.30383060606	1.31368975758	1.50568872727	2.04467957576	1.17898836364	1.20400430303	1.43533066667	1.26236151515	1.42776672727
PIS11	1.29928163636	0.875242969697	1.02251678788	0.845524242424	0.950293757576	0.786087939394	0.957214969697	1.03304345455	0.962260060606	1.36467866667	1.07654133333	1.55470739394	1.04395587879	1.59211327273	1.18561563636	1.87367478788	1.32681309091	1.55330430303	1.65570527273	1.41413527273	1.22329169697	1.08669878788	1.29317515152	0.993702848485	0.931394	0.995609333333	1.11256060606	1.51811212121	1.44518060606	0.905259636364	1.19352230303	1.29657006061	1.02776169697	0.914568424242	1.15308812121	1.27863175758	1.2956549697	1.73687672727	1.44649684848	0.863758424242	1.23691951515	1.1520449697	1.42908060606	0.0	0.713334424242	1.16488890909	1.28639684848	1.52723284848	1.26030884848	1.27767406061	1.19066781818	1.27880006061	1.32371739394	0.893960121212	1.12859060606	1.54045842424	1.36355060606	0.992762666667	1.22084478788	0.975847939394
PIS14	1.27648175758	0.983675575758	1.19015642424	0.900375151515	1.00598466667	0.887569757576	0.970232424242	0.970402363636	0.978039212121	1.28697769697	0.919567393939	1.54398739394	1.06593321212	1.72090709091	1.25006509091	1.914196	1.29728169697	1.54507242424	1.65367848485	1.41472	1.32277678788	1.05070921212	1.20492787879	1.07384515152	0.841927454545	0.998236727273	0.910515030303	1.44982484848	1.42529030303	0.818199272727	1.21632848485	1.33723078788	1.08895866667	0.915016181818	1.03833393939	1.2340910303	1.22083618182	1.79350145455	1.49614957576	0.930663151515	1.11006266667	1.22425115152	1.31279527273	0.713334424242	0.0	1.22079230303	1.33034206061	1.45512945455	1.22980363636	1.39933951515	1.24021290909	1.27395557576	1.34857060606	0.848303515152	1.29708127273	1.54141454545	1.34726830303	0.852533090909	1.23667448485	0.994767454545
PIS15	0.918310424242	1.36520339394	1.66586606061	1.18567484848	0.920192727273	1.31431878788	1.17878642424	0.884034181818	1.17567648485	0.894629393939	1.14126260606	0.899504545455	1.56817133333	1.95838181818	1.03565242424	1.04105824242	0.737745757576	0.718074424242	0.896417333333	0.794176545455	1.23828581818	0.925942606061	1.03659787879	0.861816484848	1.55310375758	1.43158612121	1.25021424242	1.04246187879	1.97266309091	1.1322869697	1.76035387879	0.69938830303	1.48270987879	1.27907333333	0.829706848485	0.780396060606	0.856940242424	0.918608545455	0.868590969697	1.28306915152	1.59214624242	0.712829878788	1.09276127273	1.16488890909	1.22079230303	0.0	0.597176424242	0.926367939394	0.810551939394	1.536878	1.3699169697	0.670102909091	0.618978545455	1.2790850303	1.7420710303	1.24398939394	0.834912121212	1.32744260606	0.635285090909	0.984152
PLL76	1.11034854545	1.44650018182	1.80935072727	1.33637733333	0.998994848485	1.37093351515	1.27289206061	0.983884787879	1.32700866667	1.08705187879	1.25078618182	1.02210387879	1.6514609697	1.97034466667	1.05746848485	1.05497672727	0.785725090909	0.713685151515	0.861617636364	0.730507757576	1.21862842424	0.911533818182	1.04947806061	0.928467575758	1.60906381818	1.50389454545	1.30138278788	1.14916945455	2.06604606061	1.18327515152	1.7726209697	0.729107636364	1.54519563636	1.34482672727	0.876531878788	0.799066060606	1.01499824242	0.948705575758	0.943106666667	1.34500969697	1.67225260606	0.760184969697	1.26914824242	1.28639684848	1.33034206061	0.597176424242	0.0	0.903131393939	0.80596230303	1.51833006061	1.42294866667	0.653378363636	0.591643575758	1.28755490909	1.82912127273	1.38158787879	0.889015090909	1.31690133333	0.635706848485	0.979204424242
