	CA7	CA8	CB7	CB8	CC7	CC8	CD7	CD8	CE7	CE8	CF7	CF8	CG7	CG8	CH7	CH8	CA1	CA2	CB1	CB2	CC1	CC2	CD1	CD2	CE1	CE2	CF1	CF2	CG1	CG2	CH1	CH2	CA5	CA6	CB5	CB6	CC5	CC6	CD6	CE5	CE6	CF5	CF6	CG5	CG6	CH5	CH6	CA11	CA12	CB11	CB12	CC11	CC12	CD11	CD12	CE11	CE12	CF11	CF12	CG11	CG12	CH11	CH12	CA3	CA4	CB3	CB4	CC4	CD3	CD4	CE4	CF3	CF4	CG3	CG4	CH3	CH4	CA9	CA10	CB9	CB10	CC9	CC10	CD9	CD10	CE9	CE10	CF9	CG9	CG10	CH9	CH10
CA7	0.0	0.491399182879	1.73136356031	0.982814007782	2.1355586965	1.51511575875	0.562954785992	0.306933404669	0.353418618677	0.446507062257	1.4624048249	1.75788754864	1.12919404669	1.57754463035	0.445403015564	0.22010192607	1.87976134241	1.84902634241	1.37686846304	1.46127128405	1.68591354086	1.58093	2.88158513619	2.90898546693	2.17996354086	2.58212029183	1.72200344358	1.66240865759	1.35339523346	1.35484031128	1.40355062257	1.56331155642	0.72039192607	0.684916011673	0.587813754864	0.65557192607	0.719569027237	0.705827762646	0.765141050584	0.728897490272	0.798525661479	0.74444459144	0.84673077821	0.660620933852	0.617845505837	0.662063054475	0.680280272374	1.66892700389	1.43129558366	1.17716928016	0.8961792607	1.07908385214	1.3431885214	1.18828735409	1.56658297665	1.11422599222	0.983913618677	1.0983611284	1.41187521401	0.945520019455	1.21674988327	1.53700455253	1.16003136187	1.34082336576	1.87036684825	1.73839803502	1.08902830739	1.75023939689	1.30435093385	1.12736317121	1.49587060311	1.81122659533	1.46701472763	1.37366035019	1.65414338521	1.93795900778	1.33187998054	1.22284875486	1.72855184825	1.03245793774	1.88267027237	0.908364396887	0.943828871595	0.636184124514	0.744342470817	0.668308229572	0.596856575875	2.01420173152	1.37700299611	0.743160719844	0.988170272374	1.26944163424
CA8	0.491399182879	0.0	1.59505321012	0.825094280156	1.82404359922	1.2271985214	0.316683501946	0.524653093385	0.535954338521	0.365883171206	1.17635501946	1.4732363035	0.958433968872	1.43520027237	0.257024922179	0.471746167315	1.55725406615	1.52824735409	1.35648966926	1.33213715953	1.54180805447	1.41568863813	2.58059486381	2.61971671206	1.89172070039	2.27764328794	1.41408710117	1.36078585603	1.24170959144	1.23875859922	1.1941188716	1.25739124514	0.752548268482	0.725396750973	0.764186478599	0.713247801556	0.887689494163	0.749186128405	0.796805175097	0.766025583658	0.827196361868	0.778175642023	1.01717346304	0.687942023346	0.820054338521	0.688679747082	0.710136575875	1.65558688716	1.49217219844	1.2677301751	0.985847548638	1.09357089494	1.36943883268	1.09798984436	1.43039258755	1.1226655642	0.938278210117	1.15409381323	1.38929124514	1.03558978599	1.22335501946	1.57669400778	1.24292575875	1.39832110895	1.90978972763	1.69424931907	1.1714364786	1.81255250973	1.39277941634	1.19118270428	1.4797242607	1.75173842412	1.48510682879	1.44436754864	1.59496093385	2.00341064202	1.44200457198	1.01783929961	1.76803212062	1.05304015564	1.67317287938	0.906845058366	1.00512377432	0.634559182879	0.593044143969	0.770612626459	0.689286653696	2.09240542802	1.17462494163	0.714797023346	1.04728871595	1.29919350195
CB7	1.73136356031	1.59505321012	0.0	1.0959590856	1.34331782101	1.19089605058	1.6255813035	1.82414945525	1.83958595331	1.74280953307	1.11899332685	1.14908939689	0.940607451362	0.517851459144	1.67933420233	1.72682587549	1.76312225681	1.72958461089	2.28630435798	2.12674383268	1.30280468872	1.295967607	2.07706752918	2.12838035019	1.3135779572	1.70535424125	1.60923622568	1.69791276265	1.67935498054	1.84254013619	2.03133321012	1.78011663424	1.90387093385	1.89806992218	1.70000151751	1.84418182879	1.56359815175	1.77781723735	1.8467613035	1.83185241245	1.83742089494	1.87078383268	1.42862293774	1.88020344358	1.63385607004	1.88716906615	1.93766503891	1.46078367704	1.39273385214	1.72459175097	1.75399134241	1.56724064202	1.61421585603	1.46101640078	1.37784964981	1.50263118677	1.41368219844	1.60882842412	1.53183764591	1.79667330739	1.62752636187	1.501955	1.56212690661	1.6254322179	1.32396270428	1.54565272374	1.25710272374	1.34752972763	1.63175297665	1.31701552529	1.59222151751	1.76307143969	1.69564019455	1.20456850195	1.55150005837	1.47278529183	1.61035735409	1.77279912451	1.80864603113	1.6470913035	1.63303678988	1.49819099222	1.43995807393	1.86848126459	1.8541644358	2.0482314786	1.89224963035	1.72950964981	1.61416243191	1.98115194553	1.62112153696	1.42384955253
CB8	0.982814007782	0.825094280156	1.0959590856	0.0	1.60088881323	1.05546883268	0.84856536965	1.08743250973	1.07974846304	0.944438035019	0.918781011673	1.21652875486	0.474113929961	0.901857198444	0.894670719844	0.996827023346	1.34978429961	1.31111373541	1.70312803502	1.57569326848	1.27972533074	1.13311525292	2.35051509728	2.36915118677	1.65021498054	2.03808951362	1.22949297665	1.23484126459	1.09567219844	1.23327579767	1.47749439689	1.25083307393	1.19300033074	1.17635138132	1.01282457198	1.15195916342	0.949402101167	1.09877379377	1.16719466926	1.14469453307	1.15719375486	1.15818272374	1.03408684825	1.17925552529	0.976752937743	1.16460881323	1.19726575875	1.51456805447	1.33676570039	1.13409523346	1.09825712062	1.01217735409	1.28832490272	1.03117976654	1.28912507782	1.04700455253	0.848358793774	1.04842898833	1.28793809339	1.12256678988	1.15338447471	1.43159914397	1.06758252918	1.38178589494	1.70260840467	1.49806682879	1.1139564786	1.60318142023	1.37104046693	1.09720710117	1.33869375486	1.66809605058	1.43864515564	1.2575377821	1.44156937743	1.83873550584	1.41650099222	1.03063879377	1.70164169261	1.06900392996	1.57473961089	0.932713579767	0.954637976654	1.10650583658	1.07833931907	1.2502113035	1.13112420233	2.01189391051	1.08268902724	1.19728928016	1.08486579767	1.19272961089
CC7	2.1355586965	1.82404359922	1.34331782101	1.60088881323	0.0	0.956510136187	1.83009990272	2.14212466926	2.14485128405	1.96611949416	0.955964610895	0.57779651751	1.50185581712	1.31027640078	1.84924832685	2.09698416342	1.73219136187	1.63334535019	2.55022645914	2.41807472763	1.65267729572	1.58109892996	1.18355838521	1.21961023346	0.825966128405	0.845104941634	1.58465124514	1.70715241245	2.15264486381	2.20466254864	2.10955138132	1.89215589494	2.16573607004	2.16474661479	2.22160996109	2.17979284047	2.18217682879	2.10352750973	2.14356231518	2.12841252918	2.11881299611	2.15261939689	2.1401872179	2.18146690661	2.24962311284	2.18614198444	2.18584075875	1.90717258755	1.97788688716	1.98644202335	2.03224068093	1.89883605058	1.86727729572	1.73519566148	1.59199241245	1.74534142023	1.77988033074	1.92956480545	1.88266449416	1.99102708171	1.85516414397	1.98183900778	1.99065371595	2.05778365759	2.21892379377	1.9679459144	1.85595245136	2.158547393	2.07342212062	1.82988101167	1.96394151751	1.9569136965	1.94663284047	1.91193620623	1.93545698444	2.41274315175	2.08932264591	1.79920410506	1.95622377432	2.10445048638	1.49185503891	2.02256134241	2.13188196498	2.05999725681	2.00242552529	2.21160050584	2.10772632296	2.41709708171	1.72352947471	2.03486505837	2.11064527237	2.09758200389
CC8	1.51511575875	1.2271985214	1.19089605058	1.05546883268	0.956510136187	0.0	1.27278731518	1.52868472763	1.56358145914	1.35879145914	0.429075642023	0.584747315175	0.922023307393	0.961387237354	1.26133741245	1.46390768482	1.34280110895	1.22834933852	2.04441931907	1.93565599222	1.395492607	1.2239159144	1.71523622568	1.76283429961	1.02343914397	1.43111655642	1.20263531128	1.33757963035	1.65231620623	1.7409307393	1.71918599222	1.4851333463	1.57879134241	1.56753776265	1.59851013619	1.55551710117	1.54997529183	1.49962990272	1.55081902724	1.50857826848	1.52916328794	1.54848330739	1.5205377821	1.5726207393	1.61958476654	1.56854371595	1.58964552529	1.70729910506	1.56277305447	1.58245406615	1.56283276265	1.41688136187	1.45124692607	1.26182696498	1.35619842412	1.293042607	1.32181311284	1.44451941634	1.46488190661	1.54401811284	1.41217992218	1.65635634241	1.55597155642	1.71977881323	1.93088902724	1.70775706226	1.41392118677	1.88301363813	1.72750715953	1.3912864786	1.6692638716	1.77847371595	1.65977920233	1.58880968872	1.64217003891	2.08882461089	1.74337640078	1.23784396887	1.83733379377	1.50371587549	1.26921583658	1.50045964981	1.55990607004	1.48689268482	1.40914192607	1.62838445525	1.52223136187	2.2248179572	1.10658256809	1.44685009728	1.50532284047	1.51643256809
CD7	0.562954785992	0.316683501946	1.6255813035	0.84856536965	1.83009990272	1.27278731518	0.0	0.509691342412	0.521937957198	0.381573287938	1.19812964981	1.47964540856	1.00922988327	1.44827229572	0.303670330739	0.546784105058	1.5482998249	1.5372511284	1.3803772179	1.41403346304	1.6100029572	1.45631712062	2.5875048249	2.61441698444	1.88431412451	2.29974293774	1.4237605642	1.38290826848	1.27375324903	1.27799245136	1.19535929961	1.28232237354	0.792366167315	0.771826011673	0.828441653696	0.756052898833	0.945038754864	0.795069007782	0.834121284047	0.805513210117	0.872422470817	0.81018844358	1.0670940856	0.742018132296	0.880351614786	0.732362937743	0.749537159533	1.68019583658	1.46281881323	1.22314441634	0.970873735409	1.08084124514	1.35494116732	1.05238836576	1.46973593385	1.07891280156	0.912017081712	1.13761844358	1.36664785992	0.990986245136	1.20856700389	1.54559906615	1.21364167315	1.47051951362	1.95597906615	1.78765511673	1.22106153696	1.83252464981	1.44050159533	1.23579916342	1.51198196498	1.84807414397	1.51205005837	1.49461159533	1.68151533074	2.04611963035	1.49243161479	1.05135038911	1.7811186965	1.02006486381	1.71583097276	0.891320233463	0.979463190661	0.58386766537	0.612552198444	0.745368657588	0.660053151751	2.06907865759	1.19901315175	0.74092963035	1.00721622568	1.25055774319
CD8	0.306933404669	0.524653093385	1.82414945525	1.08743250973	2.14212466926	1.52868472763	0.509691342412	0.0	0.25100848249	0.402471400778	1.47667935798	1.79915410506	1.22425507782	1.66142336576	0.469899844358	0.370408365759	1.88604392996	1.84730787938	1.39116451362	1.49621064202	1.74132052529	1.62744208171	2.90409107004	2.93132571984	2.16820040856	2.60012015564	1.72626455253	1.65405618677	1.44978303502	1.45666931907	1.42297099222	1.57229838521	0.757525680934	0.714779533074	0.678923190661	0.676334280156	0.821753949416	0.734598715953	0.79153266537	0.75055463035	0.823164824903	0.781802548638	0.939016478599	0.68327344358	0.706458638132	0.691132762646	0.727499163424	1.67295892996	1.41863132296	1.22397319066	0.948147918288	1.09542243191	1.34927496109	1.14241791829	1.55778066148	1.11150963035	0.976089863813	1.10441145914	1.40190733463	0.970019688716	1.2254186965	1.53212803502	1.18642243191	1.40642743191	1.89409881323	1.75022552529	1.16113389105	1.79122023346	1.3760498249	1.20222933852	1.5260436965	1.81647252918	1.48555657588	1.44105694553	1.66709219844	1.99105089494	1.41018474708	1.18159036965	1.76310575875	1.01710036965	1.85963873541	0.888150875486	0.9284957393	0.555068035019	0.644219922179	0.650748754864	0.543945700389	2.05451875486	1.3435761284	0.721585875486	1.0142742607	1.27486601167
CE7	0.353418618677	0.535954338521	1.83958595331	1.07974846304	2.14485128405	1.56358145914	0.521937957198	0.25100848249	0.0	0.406092451362	1.49287904669	1.80804060311	1.24153857977	1.66483060311	0.464884280156	0.410200116732	1.86616357977	1.84824780156	1.40774867704	1.52131040856	1.74193737354	1.63525247082	2.90442180934	2.92961050584	2.17539756809	2.58901159533	1.72009894942	1.63767856031	1.46246470817	1.4754331323	1.41046433852	1.56698846304	0.747635680934	0.705947743191	0.685443618677	0.665383463035	0.826782782101	0.727085836576	0.774731770428	0.738767276265	0.809050155642	0.764186750973	0.943981731518	0.665469046693	0.720621867704	0.672705953307	0.713871459144	1.69123873541	1.4365848249	1.21433731518	0.945702315175	1.12005145914	1.33399682879	1.12239188716	1.5616977821	1.10263161479	0.975734338521	1.12432507782	1.42024694553	0.982450116732	1.24807675097	1.54768134241	1.19257811284	1.41992735409	1.90491496109	1.77568805447	1.16660120623	1.78343035019	1.34686745136	1.21358521401	1.52823307393	1.8225614786	1.49229206226	1.44239367704	1.68894441634	1.96824245136	1.40346673152	1.17372597276	1.77173217899	1.035757607	1.86089254864	0.881885116732	0.91607811284	0.567968307393	0.629074319066	0.618581828794	0.523623599222	2.03867291829	1.31372161479	0.708363035019	1.00993359922	1.30749433852
CE8	0.446507062257	0.365883171206	1.74280953307	0.944438035019	1.96611949416	1.35879145914	0.381573287938	0.402471400778	0.406092451362	0.0	1.30656414397	1.59077359922	1.10574570039	1.56531036965	0.366100272374	0.414685680934	1.71613143969	1.69407079767	1.38104050584	1.39993383268	1.6636342607	1.5682994358	2.73432359922	2.74910062257	2.04082410506	2.4386988716	1.56427688716	1.50257031128	1.37150525292	1.36686149805	1.30604126459	1.40421068093	0.786439688716	0.751444124514	0.79178766537	0.723369027237	0.922010680934	0.783814863813	0.831264766537	0.800574202335	0.858472529183	0.801326361868	1.05434052529	0.714678346304	0.839218093385	0.726349727626	0.744688774319	1.70466655642	1.52379894942	1.29584638132	1.016745	1.14235854086	1.42355745136	1.12895503891	1.52487498054	1.16526857977	1.00118441634	1.19657815175	1.43840488327	1.06290548638	1.27210939689	1.60563441634	1.2793364786	1.47923058366	1.99080379377	1.792737393	1.25577338521	1.89232272374	1.47152628405	1.26415731518	1.56489821012	1.84417381323	1.56467124514	1.53924663424	1.68734535019	2.10679365759	1.50722996109	1.09818764591	1.82642856031	1.08979192607	1.75889208171	0.949871848249	1.05957542802	0.562763093385	0.586425330739	0.669021206226	0.600765272374	2.14260070039	1.23483488327	0.682602607004	1.09381714008	1.34966394942
CF7	1.4624048249	1.17635501946	1.11899332685	0.918781011673	0.955964610895	0.429075642023	1.19812964981	1.47667935798	1.49287904669	1.30656414397	0.0	0.604695719844	0.842576459144	0.874524941634	1.21346138132	1.42316052529	1.2516401751	1.14941536965	1.98110986381	1.85756015564	1.33323708171	1.14920731518	1.77560190661	1.83087262646	1.02502435798	1.43129282101	1.11565655642	1.25782682879	1.56817468872	1.64578688716	1.65251809339	1.39038038911	1.56019095331	1.5494894358	1.5720442607	1.53676803502	1.52021533074	1.48593324903	1.53495599222	1.49270819066	1.50767558366	1.51484229572	1.4923585214	1.55236077821	1.59750212062	1.54685340467	1.5537407393	1.62429653696	1.47642192607	1.47068865759	1.47058875486	1.3151533463	1.36558291829	1.1684177821	1.29065951362	1.19311470817	1.22880381323	1.38072894942	1.39993824903	1.44629900778	1.31903735409	1.57458389105	1.44835766537	1.6924764786	1.8633588716	1.6451379572	1.357055	1.80078200389	1.68004159533	1.33148363813	1.61171706226	1.73353624514	1.58096577821	1.52089879377	1.57297046693	2.0314783463	1.70801745136	1.17397319066	1.74770480545	1.41118276265	1.26006143969	1.40975929961	1.47229645914	1.39548077821	1.34022344358	1.54641671206	1.43048007782	2.16498301556	1.01060692607	1.41028745136	1.42659961089	1.44250494163
CF8	1.75788754864	1.4732363035	1.14908939689	1.21652875486	0.57779651751	0.584747315175	1.47964540856	1.79915410506	1.80804060311	1.59077359922	0.604695719844	0.0	1.13891750973	1.00403412451	1.49795585603	1.7123483463	1.47424060311	1.33639568093	2.24144733463	2.11719291829	1.53310552529	1.3234622179	1.45321953307	1.50483095331	0.885585564202	1.08063550584	1.31409293774	1.43777192607	1.85185822957	1.92054089494	1.84550217899	1.615672607	1.79170865759	1.78588807393	1.85117142023	1.79618667315	1.79733330739	1.7404020428	1.76898750973	1.74939892996	1.74025348249	1.76896571984	1.76767400778	1.80523190661	1.87597356031	1.79876464981	1.79232136187	1.78996754864	1.73195122568	1.73994947471	1.74426463035	1.6219907393	1.59113673152	1.45661953307	1.43989134241	1.46538264591	1.50781494163	1.65040210117	1.62869272374	1.72980787938	1.60507521401	1.73925914397	1.72626182879	1.87740157588	2.07521536965	1.84506776265	1.59697959144	2.00909359922	1.89025233463	1.58416219844	1.81640433852	1.86133461089	1.79038402724	1.73822731518	1.78922198444	2.24418640078	1.90402566148	1.51054245136	1.91476441634	1.76944463035	1.28607007782	1.70311980545	1.8020436965	1.71673642023	1.65730694553	1.87204363813	1.76553649805	2.3230835214	1.39517735409	1.68960414397	1.78459879377	1.79044120623
CG7	1.12919404669	0.958433968872	0.940607451362	0.474113929961	1.50185581712	0.922023307393	1.00922988327	1.22425507782	1.24153857977	1.10574570039	0.842576459144	1.13891750973	0.0	0.735776536965	1.05256616732	1.12410021401	1.35187947471	1.28543688716	1.84494359922	1.71525124514	1.23641357977	1.14420268482	2.21610019455	2.25310597276	1.53809840467	1.90450149805	1.25599608949	1.32583095331	1.17841243191	1.33947474708	1.63319824903	1.389822607	1.34137822957	1.32221488327	1.15172503891	1.29867068093	1.02086848249	1.22809009728	1.31328988327	1.27463472763	1.28409799611	1.30532552529	1.028622607	1.32541719844	1.10549340467	1.30773223735	1.34753972763	1.54107241245	1.33549449416	1.24236324903	1.25205692607	1.10609560311	1.3681951751	1.08964677043	1.35297819066	1.12240252918	0.968071595331	1.13796848249	1.30851015564	1.30453636187	1.21313614786	1.46146077821	1.16631233463	1.42633184825	1.68185805447	1.52058103113	1.11450752918	1.5871661284	1.39902957198	1.09857180934	1.40646605058	1.75481939689	1.53114585603	1.26572859922	1.47778459144	1.78221449416	1.41199978599	1.18447225681	1.77990161479	1.17881350195	1.52294782101	1.08044151751	1.05477077821	1.26967579767	1.23681367704	1.41861379377	1.30290894942	1.97844169261	1.07044003891	1.38563258755	1.17851953307	1.18842089494
CG8	1.57754463035	1.43520027237	0.517851459144	0.901857198444	1.31027640078	0.961387237354	1.44827229572	1.66142336576	1.66483060311	1.56531036965	0.874524941634	1.00403412451	0.735776536965	0.0	1.5074635214	1.57685854086	1.58606694553	1.48686583658	2.17554865759	2.0274707393	1.26269042802	1.15838836576	2.0212340856	2.06992877432	1.32235412451	1.7212279572	1.48725935798	1.58059110895	1.55150356031	1.69184883268	1.95283801556	1.70252435798	1.7629898249	1.74611966926	1.55784931907	1.70423787938	1.42563311284	1.62829904669	1.71674322957	1.68239597276	1.70165079767	1.73051151751	1.28311961089	1.74001299611	1.50551655642	1.73873581712	1.78739770428	1.47792354086	1.3489831323	1.62078021401	1.66391272374	1.48241891051	1.53224750973	1.36188688716	1.33268675097	1.4057048249	1.30910459144	1.51490225681	1.44120929961	1.70466402724	1.54360579767	1.42865972763	1.47733789883	1.54094768482	1.42946361868	1.50850453307	1.14529138132	1.37328714008	1.54940307393	1.21749254864	1.50061916342	1.74910184825	1.63387889105	1.14230373541	1.4999963035	1.57678636187	1.5266198249	1.60541416342	1.82598449416	1.49463163424	1.52921505837	1.39385762646	1.31354245136	1.71397035019	1.68700363813	1.89761177043	1.75737560311	1.81785803502	1.44275385214	1.8264357393	1.46073544747	1.38323287938
CH7	0.445403015564	0.257024922179	1.67933420233	0.894670719844	1.84924832685	1.26133741245	0.303670330739	0.469899844358	0.464884280156	0.366100272374	1.21346138132	1.49795585603	1.05256616732	1.5074635214	0.0	0.432838910506	1.60566910506	1.58304970817	1.33069735409	1.38260678988	1.61442394942	1.48523134241	2.63512188716	2.66539875486	1.94357531128	2.33766404669	1.47529859922	1.42840961089	1.28609447471	1.31133904669	1.17284484436	1.3156064786	0.709956070039	0.685772684825	0.747951245136	0.676177276265	0.876694688716	0.732968326848	0.759030992218	0.727470272374	0.790543463035	0.740365622568	1.00539099222	0.642457684825	0.795771750973	0.655900194553	0.678685311284	1.70954694553	1.49762863813	1.26481712062	0.987248346304	1.11850733463	1.38764461089	1.1416813035	1.49404871595	1.1154105642	0.970541420233	1.17654177043	1.43037822957	1.02964229572	1.23922714008	1.58670301556	1.23975429961	1.41253085603	1.92246803502	1.7658533463	1.18351365759	1.81981420233	1.38731643969	1.19859035019	1.5057088716	1.82495642023	1.48342844358	1.47136468872	1.65854247082	2.01527229572	1.44382373541	1.04342099222	1.77187035019	1.05084558366	1.68814959144	0.932351692607	1.02836161479	0.557413054475	0.574415914397	0.690586498054	0.621535505837	2.08090105058	1.18450391051	0.668018015564	1.03627811284	1.28339262646
CH8	0.22010192607	0.471746167315	1.72682587549	0.996827023346	2.09698416342	1.46390768482	0.546784105058	0.370408365759	0.410200116732	0.414685680934	1.42316052529	1.7123483463	1.12410021401	1.57685854086	0.432838910506	0.0	1.82179529183	1.78786110895	1.32858797665	1.39852095331	1.71538667315	1.59843655642	2.80893169261	2.82738373541	2.13061589494	2.51904182879	1.66143521401	1.61804972763	1.38101696498	1.35462029183	1.36898021401	1.49890663424	0.740744007782	0.709214708171	0.653633229572	0.684149533074	0.793730875486	0.73097770428	0.785101342412	0.750481828794	0.815777743191	0.767058501946	0.918276400778	0.682431848249	0.692782023346	0.691732723735	0.70834881323	1.70379682879	1.51124536965	1.25752622568	0.987868501946	1.11701375486	1.40662643969	1.19530398833	1.57052766537	1.15940811284	1.00447414397	1.1709968677	1.42997301556	1.02763494163	1.25490811284	1.58680153696	1.24719690661	1.3746036965	1.9132290856	1.76727077821	1.18024116732	1.80782501946	1.3903213035	1.20278392996	1.51577424125	1.80826163424	1.49956416342	1.46481200389	1.67847749027	2.03056743191	1.41311478599	1.23356667315	1.76823544747	1.09379363813	1.89076394942	0.935886595331	1.01681826848	0.647362431907	0.741269727626	0.707598093385	0.644051536965	2.08447046693	1.388515	0.735371011673	1.07714254864	1.33317776265
CA1	1.87976134241	1.55725406615	1.76312225681	1.34978429961	1.73219136187	1.34280110895	1.5482998249	1.88604392996	1.86616357977	1.71613143969	1.2516401751	1.47424060311	1.35187947471	1.58606694553	1.60566910506	1.82179529183	0.0	0.432530175097	1.16023941634	1.04501889105	1.85051608949	1.401127607	2.151315	2.13612509728	1.52550850195	1.88347412451	0.734347587549	0.862588093385	0.848407548638	0.866960680934	0.906918618677	0.624913560311	1.79215980545	1.80732171206	1.86902202335	1.80245626459	1.85606990272	1.74732750973	1.76209605058	1.75303035019	1.73986607004	1.79411099222	1.93896745136	1.79466628405	1.87116988327	1.82508385214	1.83530177043	2.26940371595	2.14800019455	1.92998424125	1.9714368677	1.8593494358	2.01338200389	1.7524905642	1.92155046693	1.80385363813	1.68238643969	1.90237931907	2.05764391051	1.93329035019	1.89869036965	2.21232589494	1.93037188716	1.99713817121	2.2690368677	2.10130241245	1.90079342412	2.15569132296	1.96945628405	1.83766902724	1.93518284047	2.18167108949	1.92464929961	2.00312682879	1.99020651751	2.37619062257	2.04479015564	1.58834764591	2.36816824903	1.8572383463	1.88067243191	1.79051733463	1.85308433852	1.79295694553	1.74857284047	1.94840696498	1.89047095331	2.65832459144	1.59165215953	1.77078361868	1.85363441634	1.86367970817
CA2	1.84902634241	1.52824735409	1.72958461089	1.31111373541	1.63334535019	1.22834933852	1.5372511284	1.84730787938	1.84824780156	1.69407079767	1.14941536965	1.33639568093	1.28543688716	1.48686583658	1.58304970817	1.78786110895	0.432530175097	0.0	1.20513231518	1.11399416342	1.69921420233	1.23899494163	2.08197906615	2.09218904669	1.43060645914	1.78641624514	0.598135544747	0.697011731518	0.880122120623	0.934841984436	0.899523268482	0.627298249027	1.79322200389	1.79398741245	1.84730235409	1.78435013619	1.80590836576	1.71932149805	1.75331291829	1.7350035214	1.73006180934	1.78281715953	1.86987011673	1.78120766537	1.8508431323	1.80718044747	1.82678478599	2.11461719844	1.99108153696	1.8250886965	1.87918867704	1.74494785992	1.86728089494	1.59523902724	1.75854488327	1.64399727626	1.58490210117	1.78688229572	1.8938633463	1.85319064202	1.74026050584	2.06849603113	1.82930206226	1.89791780156	2.1167148249	1.96399675097	1.81312593385	2.02430768482	1.87503680934	1.74985830739	1.79311682879	2.01299068093	1.77434503891	1.87666684825	1.85407373541	2.28015678988	1.94695044747	1.52280782101	2.22480021401	1.77051206226	1.80556178988	1.71685821012	1.76299478599	1.75798618677	1.70613068093	1.90996581712	1.81199198444	2.56064733463	1.48767828794	1.70752550584	1.80433105058	1.76316867704
CB1	1.37686846304	1.35648966926	2.28630435798	1.70312803502	2.55022645914	2.04441931907	1.3803772179	1.39116451362	1.40774867704	1.38104050584	1.98110986381	2.24144733463	1.84494359922	2.17554865759	1.33069735409	1.32858797665	1.16023941634	1.20513231518	0.0	0.303707023346	2.17132274319	1.71816410506	2.94091772374	2.97629754864	2.29622550584	2.67263373541	1.2471666537	1.23004319066	0.890522996109	0.745851420233	0.657870992218	0.857363404669	1.60604579767	1.61036256809	1.55671579767	1.56049093385	1.61903402724	1.55085782101	1.63847632296	1.61326354086	1.64549241245	1.64567928016	1.71232044747	1.55367826848	1.59544229572	1.56288603113	1.59886036965	2.29233433852	2.08936272374	1.88230105058	1.6351805642	1.83670752918	2.01018087549	1.8210520428	2.11355622568	1.8208686965	1.73757885214	1.84928126459	2.06890457198	1.67053836576	1.87405892996	2.17819001946	1.86203589494	1.79386404669	2.28025710117	2.22991645914	1.78354735409	2.17141486381	1.81491916342	1.7649055642	1.93148583658	2.23743618677	1.87968747082	2.00347336576	2.11238145914	2.41468291829	1.83572618677	1.84258266537	2.34139190661	1.75628807393	2.42843643969	1.66152507782	1.74379099222	1.4560842607	1.49723474708	1.59616533074	1.47081468872	2.66262774319	2.0034779572	1.49794249027	1.76511562257	1.9717961284
CB2	1.46127128405	1.33213715953	2.12674383268	1.57569326848	2.41807472763	1.93565599222	1.41403346304	1.49621064202	1.52131040856	1.39993383268	1.85756015564	2.11719291829	1.71525124514	2.0274707393	1.38260678988	1.39852095331	1.04501889105	1.11399416342	0.303707023346	0.0	2.08506389105	1.62080077821	2.80812435798	2.84106040856	2.16909688716	2.54474496109	1.15457110895	1.17607830739	0.735947762646	0.617577431907	0.684708015564	0.731510428016	1.67630698444	1.67856519455	1.60278682879	1.6312986965	1.67058474708	1.62038297665	1.70773459144	1.68326476654	1.71608643969	1.71728937743	1.75768249027	1.62310031128	1.64198075875	1.63293846304	1.67027649805	2.29563774319	2.14443301556	1.94052270428	1.6955766537	1.87624319066	2.07119128405	1.86272957198	2.08875029183	1.89390922179	1.76861708171	1.89898645914	2.10114649805	1.73785939689	1.92892151751	2.22349132296	1.91121583658	1.83776134241	2.33274085603	2.16288784047	1.82695359922	2.22597297665	1.87871785992	1.82126398833	1.96037114786	2.19011710117	1.92627605058	2.05969089494	2.06294957198	2.46754717899	1.89759601167	1.80586385214	2.39896418288	1.81807953307	2.36107081712	1.69398758755	1.81264914397	1.54627093385	1.52200180934	1.70938659533	1.58251116732	2.71863122568	1.93135984436	1.56774904669	1.82536054475	2.0382755642
CC1	1.68591354086	1.54180805447	1.30280468872	1.27972533074	1.65267729572	1.395492607	1.6100029572	1.74132052529	1.74193737354	1.6636342607	1.33323708171	1.53310552529	1.23641357977	1.26269042802	1.61442394942	1.71538667315	1.85051608949	1.69921420233	2.17132274319	2.08506389105	0.0	0.768809299611	2.38857856031	2.43760916342	1.53799968872	1.99280741245	1.59284640078	1.60907998054	1.69544632296	1.78588914397	1.86574949416	1.77558116732	1.82800877432	1.82194394942	1.65070562257	1.78646266537	1.57728361868	1.70251519455	1.79768575875	1.77026021401	1.78439877432	1.80101031128	1.52840708171	1.82769634241	1.66218877432	1.80702974708	1.85147178988	1.19218657588	1.3733716537	1.41101001946	1.57018957198	1.34268747082	1.20914879377	1.17331789883	0.942892626459	1.1934970428	1.25943389105	1.3510277821	1.2654985214	1.52763184825	1.29952618677	1.29294552529	1.36454136187	1.4223072179	1.47227642023	1.06670986381	1.15690060311	1.39265328794	1.39234070039	1.06856994163	1.23974367704	1.2276101751	1.20857752918	1.13132937743	1.04741898833	1.69340282101	1.45758857977	1.18384988327	1.33577445525	1.4832307393	1.09649136187	1.38451863813	1.43641540856	1.68531603113	1.59487340467	1.86537593385	1.67651377432	1.88295223735	1.09528735409	1.6230013035	1.48266416342	1.46680373541
CC2	1.58093	1.41568863813	1.295967607	1.13311525292	1.58109892996	1.2239159144	1.45631712062	1.62744208171	1.63525247082	1.5682994358	1.14920731518	1.3234622179	1.14420268482	1.15838836576	1.48523134241	1.59843655642	1.401127607	1.23899494163	1.71816410506	1.62080077821	0.768809299611	0.0	2.22618657588	2.26708418288	1.30490058366	1.79478496109	1.00794285992	1.00418009728	1.31806550584	1.39377451362	1.372902607	1.24964031128	1.73148717899	1.71627608949	1.56896235409	1.68200643969	1.5025981323	1.59399928016	1.69548677043	1.66344118677	1.68000620623	1.70163023346	1.45219824903	1.71961614786	1.58209807393	1.71139445525	1.75446723735	1.2561	1.33117173152	1.32949301556	1.46233007782	1.26404319066	1.11897782101	1.04984673152	0.942644961089	1.09179848249	1.14300178988	1.28751941634	1.21281194553	1.41632379377	1.20880365759	1.2635814786	1.29571945525	1.44069620623	1.52366836576	1.19023764591	1.19924667315	1.43170764591	1.41395719844	1.11148643969	1.27099706226	1.24724332685	1.21507254864	1.23731151751	1.14081093385	1.77138725681	1.46585340467	1.18593163424	1.3878957393	1.45673031128	1.25211066148	1.33217906615	1.42054124514	1.60682225681	1.5335198249	1.77894340467	1.59199315175	2.00451445525	1.17294817121	1.56175605058	1.47913459144	1.45510933852
CD1	2.88158513619	2.58059486381	2.07706752918	2.35051509728	1.18355838521	1.71523622568	2.5875048249	2.90409107004	2.90442180934	2.73432359922	1.77560190661	1.45321953307	2.21610019455	2.0212340856	2.63512188716	2.80893169261	2.151315	2.08197906615	2.94091772374	2.80812435798	2.38857856031	2.22618657588	0.0	0.433559124514	1.30316081712	0.770448891051	2.15345616732	2.34269885214	2.62940071984	2.65984844358	2.71764241245	2.40839645914	2.83743896887	2.84330126459	2.87423212062	2.82414484436	2.83228077821	2.75632675097	2.79841568093	2.78077807393	2.77065200389	2.82655902724	2.80347229572	2.82468863813	2.87819951362	2.8531472179	2.87705540856	2.83805042802	2.94657223735	2.96420507782	2.99842155642	2.85950214008	2.81818466926	2.68419984436	2.53095025292	2.71559809339	2.72514785992	2.90331988327	2.84979661479	2.97387861868	2.83952809339	2.92280731518	2.97232058366	2.27510725681	2.51383801556	2.39673005837	2.59716208171	2.44063052529	2.31418785992	2.56374114786	2.27626963035	2.42093227626	2.26153445525	2.59634750973	2.29761548638	2.63537301556	2.3381742607	2.67514529183	2.89970270428	2.92503167315	2.29987891051	2.82535673152	2.88534766537	2.89072365759	2.8448968677	3.040675	2.95973400778	3.10267103113	2.57107747082	2.87840336576	2.94250980545	2.91280968872
CD2	2.90898546693	2.61971671206	2.12838035019	2.36915118677	1.21961023346	1.76283429961	2.61441698444	2.93132571984	2.92961050584	2.74910062257	1.83087262646	1.50483095331	2.25310597276	2.06992877432	2.66539875486	2.82738373541	2.13612509728	2.09218904669	2.97629754864	2.84106040856	2.43760916342	2.26708418288	0.433559124514	0.0	1.34060184825	0.763755914397	2.18220361868	2.34959696498	2.6383051751	2.66379328794	2.74755068093	2.4324801751	2.83838941634	2.84543828794	2.89692898833	2.83663575875	2.8528364786	2.77095338521	2.80282737354	2.78467677043	2.7729955642	2.83170324903	2.82455963035	2.83425184825	2.90062081712	2.85973159533	2.87715468872	2.89167212062	3.00335774319	3.01625560311	3.05494694553	2.91758173152	2.86762768482	2.73600675097	2.59869894942	2.76368336576	2.78122044747	2.9561338716	2.896812393	3.02343568093	2.88676663424	2.97402344358	3.01774799611	2.36345054475	2.60186593385	2.46534307393	2.61970793774	2.54242054475	2.38865367704	2.60483696498	2.3560381323	2.50624404669	2.34656673152	2.63792099222	2.37856714008	2.72144447471	2.41560062257	2.70042145914	2.95524108949	2.95969655642	2.32899714008	2.88450714008	2.92724756809	2.92077254864	2.8638707393	3.06191163424	3.00167029183	3.12894023346	2.60089597276	2.9028729572	2.97043309339	2.94233702335
CE1	2.17996354086	1.89172070039	1.3135779572	1.65021498054	0.825966128405	1.02343914397	1.88431412451	2.16820040856	2.17539756809	2.04082410506	1.02502435798	0.885585564202	1.53809840467	1.32235412451	1.94357531128	2.13061589494	1.52550850195	1.43060645914	2.29622550584	2.16909688716	1.53799968872	1.30490058366	1.30316081712	1.34060184825	0.0	0.829531731518	1.32343332685	1.47554188716	1.90231445525	1.98925342412	1.92628377432	1.66653268482	2.20397282101	2.20336558366	2.20900071984	2.16722787938	2.16550634241	2.10514029183	2.16155750973	2.12690682879	2.1419135214	2.18667817121	2.13689669261	2.17864914397	2.21211383268	2.20220939689	2.24512198444	1.72401828794	1.87680161479	1.87715180934	2.08288715953	1.77766175097	1.74585735409	1.70954785992	1.46752608949	1.68930354086	1.78208003891	1.81429968872	1.75491988327	1.90917262646	1.77119229572	1.81297968872	1.94129688716	1.9412161284	2.08215836576	1.79145538911	1.88807655642	1.98400651751	1.95531879377	1.85545005837	1.87638044747	1.66339550584	1.80387741245	1.88853910506	1.75146151751	2.27449484436	1.98448873541	1.86740046693	1.81358107004	2.19344645914	1.65428038911	2.00337490272	2.11093649805	2.13045159533	2.10063270428	2.31084585603	2.17112922179	2.47252994163	1.77834642023	2.15563079767	2.19643085603	2.16636789883
CE2	2.58212029183	2.27764328794	1.70535424125	2.03808951362	0.845104941634	1.43111655642	2.29974293774	2.60012015564	2.58901159533	2.4386988716	1.43129282101	1.08063550584	1.90450149805	1.7212279572	2.33766404669	2.51904182879	1.88347412451	1.78641624514	2.67263373541	2.54474496109	1.99280741245	1.79478496109	0.770448891051	0.763755914397	0.829531731518	0.0	1.74635770428	1.88797607004	2.32546836576	2.35914453307	2.31413640078	2.03769025292	2.57414385214	2.57792307393	2.59866914397	2.5597633463	2.55881262646	2.49014470817	2.53543791829	2.51556276265	2.51333190661	2.56359741245	2.52921068093	2.56180484436	2.60589377432	2.58684902724	2.6121998249	2.32108169261	2.43756708171	2.4400307393	2.48780577821	2.35780920233	2.300025	2.18033492218	2.01659124514	2.19197605058	2.22787192607	2.39276764591	2.33722145914	2.46933214008	2.32571519455	2.40504075875	2.45901161479	2.14724081712	2.3034427821	2.07404793774	2.28287719844	2.21545264591	2.16086219844	2.23123638132	2.08009315175	2.04417280156	2.04051941634	2.25409733463	2.02453254864	2.47719883268	2.19579501946	2.29554262646	2.37241198444	2.58090219844	1.92894842412	2.41870200389	2.52666885214	2.55917655642	2.51289373541	2.7018822179	2.58724667315	2.8022488716	2.18379336576	2.53270785992	2.60694749027	2.57422359922
CF1	1.72200344358	1.41408710117	1.60923622568	1.22949297665	1.58465124514	1.20263531128	1.4237605642	1.72626455253	1.72009894942	1.56427688716	1.11565655642	1.31409293774	1.25599608949	1.48725935798	1.47529859922	1.66143521401	0.734347587549	0.598135544747	1.2471666537	1.15457110895	1.59284640078	1.00794285992	2.15345616732	2.18220361868	1.32343332685	1.74635770428	0.0	0.435761050584	0.946093618677	1.02712737354	0.825123249027	0.613893638132	1.70241486381	1.69316708171	1.72105019455	1.66509058366	1.67917243191	1.60499723735	1.65655819066	1.63402225681	1.63650066148	1.67811589494	1.72647398833	1.67290737354	1.73313505837	1.690067393	1.73550247082	1.82386079767	1.70554595331	1.57262322957	1.62867515564	1.49615200389	1.5497457393	1.34217414397	1.55247953307	1.37903842412	1.3738490856	1.51826974708	1.62190250973	1.58466498054	1.45632107004	1.77156597276	1.57402134241	1.79656023346	1.99679461089	1.75952521401	1.67345116732	1.87647202335	1.7920861284	1.6174318677	1.69681536965	1.77909474708	1.64729155642	1.7455957393	1.68238324903	2.20820910506	1.84311583658	1.38819118677	1.92929120623	1.67404157588	1.7906264786	1.55470640078	1.65256589494	1.64304655642	1.61036906615	1.81855614786	1.70881496109	2.43682167315	1.41036570039	1.62776828794	1.70977215953	1.67668776265
CF2	1.66240865759	1.36078585603	1.69791276265	1.23484126459	1.70715241245	1.33757963035	1.38290826848	1.65405618677	1.63767856031	1.50257031128	1.25782682879	1.43777192607	1.32583095331	1.58059110895	1.42840961089	1.61804972763	0.862588093385	0.697011731518	1.23004319066	1.17607830739	1.60907998054	1.00418009728	2.34269885214	2.34959696498	1.47554188716	1.88797607004	0.435761050584	0.0	0.99860922179	1.05813663424	0.78988344358	0.673043988327	1.61095708171	1.59044381323	1.63710929961	1.57657116732	1.603552393	1.50637070039	1.56719819066	1.53855381323	1.55279688716	1.58551488327	1.67799892996	1.5974027821	1.66243571984	1.59314319066	1.6347961284	1.79585710117	1.66463237354	1.47387770428	1.52513640078	1.38521550584	1.49694772374	1.27027671206	1.51161680934	1.32720328794	1.28586822957	1.3911498249	1.56865951362	1.49683342412	1.38933107004	1.7390220428	1.4666442607	1.79030599222	2.00677535019	1.78261910506	1.60865143969	1.90456937743	1.7793820428	1.58248140078	1.68471984436	1.73836548638	1.64371879377	1.72594819066	1.70612472763	2.21686035019	1.82437377432	1.31976741245	1.89823381323	1.59052215953	1.81236083658	1.51322850195	1.5768961284	1.59238702335	1.52971782101	1.74177478599	1.61341033074	2.42396953307	1.44525433852	1.51696723735	1.61322317121	1.64322184825
CG1	1.35339523346	1.24170959144	1.67935498054	1.09567219844	2.15264486381	1.65231620623	1.27375324903	1.44978303502	1.46246470817	1.37150525292	1.56817468872	1.85185822957	1.17841243191	1.55150356031	1.28609447471	1.38101696498	0.848407548638	0.880122120623	0.890522996109	0.735947762646	1.69544632296	1.31806550584	2.62940071984	2.6383051751	1.90231445525	2.32546836576	0.946093618677	0.99860922179	0.0	0.371481459144	0.714781070039	0.624845272374	1.53885042802	1.53650019455	1.36744848249	1.49123501946	1.33484550584	1.48775988327	1.57104375486	1.54537712062	1.57541568093	1.57668025292	1.40950955253	1.48723787938	1.32843634241	1.49798315175	1.54186772374	1.98328608949	1.81308754864	1.65799303502	1.42821986381	1.59856741245	1.80833274319	1.6285283463	1.85006003891	1.66845297665	1.50150675097	1.61374857977	1.80059546693	1.49974953307	1.66400737354	1.90980822957	1.59001317121	1.63514906615	2.0350386965	1.8382840856	1.42009171206	1.93605128405	1.59051566148	1.42878657588	1.65897077821	2.03278871595	1.77550914397	1.66322826848	1.79050519455	2.12729136187	1.66295322957	1.5468194358	2.16965770428	1.47214243191	2.06580807393	1.4184990856	1.47132659533	1.51920021401	1.47701190661	1.67517988327	1.5677438716	2.33316280156	1.61131429961	1.553457393	1.44256422179	1.67330328794
CG2	1.35484031128	1.23875859922	1.84254013619	1.23327579767	2.20466254864	1.7409307393	1.27799245136	1.45666931907	1.4754331323	1.36686149805	1.64578688716	1.92054089494	1.33947474708	1.69184883268	1.31133904669	1.35462029183	0.866960680934	0.934841984436	0.745851420233	0.617577431907	1.78588914397	1.39377451362	2.65984844358	2.66379328794	1.98925342412	2.35914453307	1.02712737354	1.05813663424	0.371481459144	0.0	0.616167821012	0.617472723735	1.57998461089	1.57649819066	1.40752772374	1.53238791829	1.42942373541	1.52115830739	1.6076281323	1.58789005837	1.61948044747	1.6155981323	1.51612494163	1.5208748249	1.40059169261	1.53546966926	1.56840291829	2.0815392607	1.90432780156	1.74565285992	1.49958961089	1.66893322957	1.86967560311	1.68565190661	1.90934457198	1.7155885214	1.57081	1.69232490272	1.8845629572	1.55391702335	1.73632140078	2.00178603113	1.67994233463	1.684555	2.12345027237	1.9091738716	1.53834293774	2.03454328794	1.68481856031	1.53299655642	1.72623227626	2.06370978599	1.80620324903	1.76306782101	1.83866719844	2.22713029183	1.72955507782	1.60892027237	2.22091247082	1.54773564202	2.15891338521	1.48167875486	1.56034276265	1.54475509728	1.49860301556	1.6970486965	1.58320498054	2.42727484436	1.72468782101	1.57271492218	1.54964159533	1.76759976654
